12.99752998,80.25688171,16297,16458,161
12.99752998,80.25688171,16458,16469,11
12.99732018,80.25717926,16469,16721,252
12.99732018,80.25717926,16721,16731,10
12.99726963,80.25702667,16731,16741,10
12.9969101,80.25717163,16741,26988,10247
12.9969101,80.25717163,26988,26998,10
12.99724007,80.25704193,26998,27008,10
12.99732971,80.25701904,27008,27018,10
12.99750996,80.25662994,27018,27028,10
12.9976902,80.25643158,27028,27038,10
12.99771976,80.25608826,27038,27048,10
12.99771976,80.25605011,27048,27058,10
12.9974699,80.25592804,27058,27067,9
12.99709988,80.25591278,27067,27109,42
12.99709988,80.25591278,27109,27119,10
12.99680996,80.25588226,27119,27129,10
12.99635983,80.255867,27129,27139,10
12.99561977,80.255867,27139,27149,10
12.99481964,80.25589752,27149,27159,10
12.99409962,80.25598907,27159,27169,10
12.99333954,80.25605774,27169,27179,10
12.99248981,80.25610352,27179,27189,10
12.99160957,80.256073,27189,27200,11
12.99073982,80.25604248,27200,27210,10
12.99007988,80.25601959,27210,27220,10
12.98935032,80.25598145,27220,27230,10
12.98849964,80.25588989,27230,27240,10
12.98791027,80.25579834,27240,27250,10
12.98766994,80.25601959,27250,27260,10
12.98760986,80.2567215,27260,27270,10
12.98754978,80.25759125,27270,27280,10
12.9874897,80.25846863,27280,27290,10
12.98736,80.25920105,27290,27300,10
12.98727036,80.25955963,27300,27310,10
12.98715019,80.25959015,27310,27321,11
12.98696041,80.25953674,27321,27331,10
12.98670959,80.25949097,27331,27341,10
12.98663998,80.25936127,27341,27351,10
12.98665047,80.25923157,27351,27361,10
12.98666,80.25917816,27361,27371,10
12.98682022,80.25907898,27371,27492,121
12.98682022,80.25907898,27492,27502,10
12.98719978,80.2591095,27502,27512,10
12.98735046,80.25907135,27512,27522,10
12.98740959,80.25881958,27522,27532,10
12.98746014,80.25834656,27532,27542,10
12.98748016,80.25803375,27542,27552,10
12.98752975,80.25747681,27552,27563,11
12.98760986,80.25657654,27563,27573,10
12.98766041,80.25589752,27573,27653,80
12.98766041,80.25589752,27653,27663,10
12.98770046,80.25569153,27663,27674,11
12.98822975,80.25576019,27674,27684,10
12.98867989,80.25583649,27684,27694,10
12.98880005,80.25588226,27694,27704,10
12.98925972,80.25592804,27704,27714,10
12.98995972,80.25598907,27714,27724,10
12.99048042,80.25595856,27724,27734,10
12.99090958,80.25596619,27734,27744,10
12.99162006,80.25601196,27744,27754,10
12.99256992,80.25598907,27754,27764,10
12.99351978,80.25592804,27764,27774,10
12.99431038,80.25592041,27774,27784,10
12.99520016,80.25585938,27784,27794,10
12.99604034,80.25585938,27794,27805,11
12.99660015,80.25583649,27805,27815,10
12.99662018,80.25585175,27815,27825,10
12.99670982,80.25588226,27825,27835,10
12.99703979,80.25585175,27835,27845,10
12.99742031,80.25585938,27845,27855,10
12.99771976,80.25588989,27855,27865,10
12.9981699,80.25592041,27865,27875,10
12.99884987,80.2559967,27875,27895,20
12.99884987,80.2559967,27895,27905,10
12.99927998,80.2561264,27905,27916,11
12.99997044,80.25626373,27916,27926,10
13.00074005,80.25637817,27926,27936,10
13.00156021,80.25652313,27936,27946,10
13.0024004,80.25665283,27946,27956,10
13.00317955,80.25681305,27956,27966,10
13.00401974,80.25698853,27966,27976,10
13.00492001,80.25714874,27976,27986,10
13.00586033,80.25730896,27986,27996,10
13.00658035,80.25736237,27996,28006,10
13.00656033,80.25672913,28006,28016,10
13.00656033,80.25579071,28016,28026,10
13.00656986,80.25483704,28026,28037,11
13.00656033,80.25373077,28037,28047,10
13.00656033,80.25318909,28047,28057,10
13.00656986,80.25308228,28057,28067,10
13.00656033,80.2525177,28067,28077,10
13.00666046,80.25192261,28077,28087,10
13.0067997,80.25115967,28087,28097,10
13.00681973,80.25041199,28097,28107,10
13.00681973,80.2496109,28107,28117,10
13.00675964,80.2488327,28117,28127,10
13.00667953,80.24846649,28127,28168,41
13.00667953,80.24846649,28168,28178,10
13.00666046,80.24825287,28178,28188,10
13.00664997,80.24783325,28188,28198,10
13.00666046,80.2472229,28198,28208,10
13.00662041,80.24671936,28208,28218,10
13.00660038,80.24659729,28218,28228,10
13.00667,80.24627686,28228,28238,10
13.00666046,80.24549866,28238,28248,10
13.00667,80.24449158,28248,28258,10
13.00664043,80.24371338,28258,28268,10
13.00658989,80.24304199,28268,28279,11
13.00656033,80.24211884,28279,28289,10
13.00660992,80.24115753,28289,28299,10
13.00673962,80.24033356,28299,28309,10
13.0068903,80.23951721,28309,28319,10
13.00708008,80.23853302,28319,28329,10
13.0072403,80.23770905,28329,28339,10
13.00739002,80.23700714,28339,28349,10
13.00741959,80.23677063,28349,28359,10
13.00757027,80.23638153,28359,28369,10
13.00774002,80.23560333,28369,28379,10
13.00794983,80.23457336,28379,28389,10
13.00821018,80.2333374,28389,28400,11
13.00846004,80.23191833,28400,28410,10
13.00872993,80.23052979,28410,28420,10
13.00899029,80.22927094,28420,28430,10
13.00926971,80.22805023,28430,28440,10
13.00979042,80.22692108,28440,28450,10
13.01031017,80.22586823,28450,28460,10
13.01082039,80.22480774,28460,28470,10
13.01117992,80.22393799,28470,28480,10
13.01158047,80.22293854,28480,28490,10
13.01194,80.22184753,28490,28500,10
13.01237011,80.22138977,28500,28510,10
13.01274014,80.22200775,28510,28521,11
13.01348972,80.22284698,28521,28531,10
13.01416016,80.22361755,28531,28541,10
13.01471996,80.22429657,28541,28551,10
13.01556969,80.22503662,28551,28561,10
13.01659966,80.22525787,28561,28571,10
13.0177803,80.22480011,28571,28581,10
13.0188303,80.22437286,28581,28591,10
13.01930046,80.22425842,28591,28601,10
13.01931953,80.22427368,28601,28611,10
13.01963997,80.22440338,28611,28620,9
13.02017975,80.22479248,28620,28632,12
13.02099037,80.22538757,28632,28642,10
13.02161026,80.2258606,28642,28652,10
13.02233982,80.2264328,28652,28662,10
13.02324009,80.22720337,28662,28672,10
13.0240202,80.22796631,28672,28682,10
13.02441025,80.2283783,28682,28692,10
13.02441978,80.22839355,28692,28702,10
13.02453041,80.22857666,28702,28712,10
13.02488041,80.22911835,28712,28722,10
13.02550983,80.23001099,28722,28732,10
13.02604008,80.23120117,28732,28763,31
13.02604008,80.23120117,28763,28773,10
13.02612972,80.23124695,28773,28783,10
13.02622986,80.23171997,28783,28793,10
13.02643967,80.23246765,28793,28803,10
13.02659988,80.23284912,28803,28833,30
13.02659988,80.23284912,28833,28843,10
13.02672005,80.23316193,28843,28853,10
13.02703953,80.23370361,28853,28863,10
13.02754974,80.23451996,28863,28874,11
13.02810955,80.23548126,28874,28884,10
13.02882004,80.23629761,28884,28894,10
13.02945042,80.23693848,28894,28904,10
13.02970982,80.23722839,28904,28914,10
13.02997017,80.23769379,28914,28924,10
13.0304203,80.23845673,28924,28934,10
13.03096008,80.23943329,28934,28944,10
13.03137016,80.24002838,28944,28954,10
13.03149986,80.24069977,28954,28964,10
13.03176975,80.24131775,28964,28974,10
13.0320797,80.24201965,28974,28984,10
13.03264046,80.24263763,28984,28995,11
13.03328991,80.2435379,28995,29005,10
13.03380966,80.24424744,29005,29015,10
13.03429985,80.24492645,29015,29025,10
13.03477955,80.24552155,29025,29035,10
13.03522015,80.24593353,29035,29045,10
13.03569031,80.24610138,29045,29055,10
13.03569984,80.24611664,29055,29065,10
13.03577995,80.24620056,29065,29075,10
13.03629971,80.24642181,29075,29085,10
13.03713036,80.24658203,29085,29095,10
13.03777981,80.24648285,29095,29105,10
13.03853035,80.24669647,29105,29116,11
13.03956032,80.2469635,29116,29126,10
13.04047966,80.24712372,29126,29136,10
13.04069996,80.24716187,29136,29146,10
13.04071999,80.24714661,29146,29156,10
13.04119968,80.24725342,29156,29166,10
13.04187012,80.24738312,29166,29176,10
13.04255009,80.24758148,29176,29186,10
13.04316044,80.24780273,29186,29196,10
13.04386044,80.24781036,29196,29206,10
13.04438972,80.24781799,29206,29216,10
13.04498005,80.24797821,29216,29226,10
13.04549026,80.24819183,29226,29237,11
13.04619026,80.24845123,29237,29247,10
13.04679966,80.24838257,29247,29257,10
13.04693031,80.24841309,29257,29267,10
13.04747963,80.24864197,29267,29277,10
13.04813957,80.24926758,29277,29287,10
13.04870987,80.24961853,29287,29297,10
13.04940987,80.24971008,29297,29307,10
13.05037975,80.24992371,29307,29317,10
13.05140972,80.25018311,29317,29327,10
13.05230045,80.25089264,29327,29337,10
13.05311966,80.25198364,29337,29347,10
13.05391026,80.25305939,29347,29358,11
13.05473042,80.2541275,29358,29368,10
13.05537987,80.25501251,29368,29378,10
13.05603027,80.25588989,29378,29388,10
13.05650043,80.2564621,29388,29398,10
13.05688,80.25682068,29398,29408,10
13.05700016,80.25692749,29408,29418,10
13.05751991,80.25743103,29418,29428,10
13.05815983,80.25811768,29428,29438,10
13.05879974,80.25885773,29438,29448,10
13.05932999,80.25974274,29448,29458,10
13.0599699,80.26038361,29458,29469,11
13.06068039,80.26110077,29469,29479,10
13.06077957,80.26129913,29479,29489,10
13.06091976,80.26154327,29489,29499,10
13.06134033,80.26203156,29499,29509,10
13.06186962,80.26268768,29509,29519,10
13.06254005,80.26348114,29519,29529,10
13.06311989,80.26415253,29529,29539,10
13.06328011,80.26429749,29539,29549,10
13.06352043,80.26467896,29549,29559,10
13.06394005,80.26542664,29559,29569,10
13.06451035,80.26618195,29569,29578,9
13.06501007,80.26677704,29578,29590,12
13.06575966,80.26741791,29590,29600,10
13.06622028,80.26802063,29600,29610,10
13.06676006,80.26843262,29610,29620,10
13.06702995,80.26850891,29620,29630,10
13.0672102,80.26863861,29630,29640,10
13.06766987,80.26898956,29640,29650,10
13.06816959,80.26931,29650,29660,10
13.0683403,80.26924133,29660,29670,10
13.06844044,80.2687912,29670,29680,10
13.0686903,80.26805878,29680,29690,10
13.0690403,80.26718903,29690,29700,10
13.06958961,80.26663208,29700,29711,11
13.07028961,80.26593781,29711,29721,10
13.07042027,80.26579285,29721,29731,10
13.07073975,80.26544952,29731,29741,10
13.07126045,80.26496124,29741,29751,10
13.07188034,80.26428223,29751,29761,10
13.07244015,80.26342773,29761,29771,10
13.07264042,80.26271057,29771,29781,10
13.07285976,80.26210785,29781,29791,10
13.07291031,80.26187897,29791,29801,10
13.07306004,80.26142883,29801,29811,10
13.07330036,80.26114655,29811,29821,10
13.07367992,80.26152802,29821,29832,11
13.07423019,80.26216888,29832,29842,10
13.07476044,80.26284027,29842,29852,10
13.07524967,80.26348114,29852,29862,10
13.0757103,80.26409912,29862,29872,10
13.07637024,80.26419067,29872,29882,10
13.07721996,80.26406097,29882,29892,10
13.0778904,80.26361084,29892,29902,10
13.07810974,80.26322174,29902,29912,10
13.0778904,80.26261902,29912,29922,10
13.07773972,80.26216888,29922,29932,10
13.07756042,80.26165771,29932,29942,10
13.07726002,80.26094818,29942,29963,21
13.07726002,80.26094818,29963,29973,10
13.07713032,80.26065826,29973,29983,10
13.07697964,80.26048279,29983,29993,10
13.07653046,80.26004028,29993,30003,10
13.07590008,80.25953674,30003,30013,10
13.07555008,80.25875092,30013,30023,10
13.07549,80.25804138,30023,30033,10
13.0759201,80.25775909,30033,30043,10
13.07641983,80.25733948,30043,30053,10
13.07689953,80.25695038,30053,30063,10
13.07758999,80.25668335,30063,30074,11
13.07853031,80.2565918,30074,30084,10
13.07907009,80.2564621,30084,30094,10
13.07907009,80.25598145,30094,30104,10
13.07894993,80.25507355,30104,30114,10
13.07923031,80.25454712,30114,30124,10
13.07958984,80.25454712,30124,30134,10
13.07973003,80.25462341,30134,30144,10
13.08020973,80.25469971,30144,30154,10
13.08080959,80.25478363,30154,30164,10
13.08143044,80.25482941,30164,30174,10
13.08176994,80.25443268,30174,30184,10
13.08185959,80.25396729,30184,30195,11
13.08191013,80.25331879,30195,30205,10
13.08174038,80.25282288,30205,30215,10
13.08141041,80.25218201,30215,30225,10
13.08137989,80.25138092,30225,30235,10
13.08137035,80.25093079,30235,30245,10
13.08137989,80.25039673,30245,30255,10
13.08133984,80.24977875,30255,30265,10
13.08170986,80.24963379,30265,30275,10
13.08238983,80.24973297,30275,30285,10
13.08318996,80.24983978,30285,30295,10
13.08378029,80.24993134,30295,30305,10
13.08423996,80.25003815,30305,30316,11
13.08452988,80.25010681,30316,30326,10
13.08479977,80.25013733,30326,30336,10
13.08535957,80.25023651,30336,30346,10
13.08568954,80.25029755,30346,30356,10
13.08594036,80.25022125,30356,30366,10
13.08588982,80.24976349,30366,30376,10
13.08584976,80.24889374,30376,30386,10
13.0858202,80.24803162,30386,30396,10
13.08574963,80.24713898,30396,30406,10
13.08572006,80.24668121,30406,30416,10
13.08572006,80.24658966,30416,30426,10
13.08568001,80.2460022,30426,30437,11
13.08561993,80.2453537,30437,30467,30
13.08561993,80.2453537,30467,30477,10
13.08565998,80.24510956,30477,30487,10
13.08609009,80.24478912,30487,30496,9
13.08672047,80.24432373,30496,30507,11
13.0875597,80.24362183,30507,30517,10
13.08790016,80.24289703,30517,30527,10
13.08815002,80.24205017,30527,30537,10
13.08893967,80.24147797,30537,30548,11
13.08981037,80.24091339,30548,30558,10
13.09082985,80.24078369,30558,30568,10
13.09195995,80.24085236,30568,30578,10
13.09272003,80.24089813,30578,30588,10
13.09346962,80.24099731,30588,30598,10
13.09424973,80.24114227,30598,30608,10
13.0943203,80.2411499,30608,30618,10
13.09477997,80.24125671,30618,30628,10
13.0952301,80.24136353,30628,30638,10
13.09560013,80.24150085,30638,30648,10
13.0962801,80.24178314,30648,30658,10
13.09712029,80.24204254,30658,30699,41
13.09712029,80.24204254,30699,30709,10
13.09745026,80.24211884,30709,30719,10
13.09805965,80.24227905,30719,30729,10
13.09860039,80.24228668,30729,30739,10
13.09869003,80.24224854,30739,30749,10
13.09873962,80.24221802,30749,30759,10
13.09881973,80.24198151,30759,30769,10
13.09862995,80.2417984,30769,30820,51
13.09862995,80.2417984,30820,30830,10
13.09848022,80.2419281,30830,30880,50
13.09848022,80.2419281,30880,30890,10
13.09848022,80.2420578,30890,31001,111
13.09848022,80.2420578,31001,31011,10
13.09848976,80.24223328,31011,31020,9
13.0983696,80.24233246,31020,31032,12
13.09772968,80.24223328,31032,31042,10
13.09737968,80.24215698,31042,31052,10
13.09714031,80.24207306,31052,31062,10
13.09663963,80.24188232,31062,31072,10
13.0961504,80.24173737,31072,31082,10
13.09564972,80.24156952,31082,31092,10
13.09549999,80.24150848,31092,31102,10
13.0953598,80.24143219,31102,31112,10
13.09514999,80.24138641,31112,31122,10
13.09482956,80.24128723,31122,31132,10
13.09444046,80.24121857,31132,31142,10
13.09385014,80.24114227,31142,31153,11
13.09356976,80.24107361,31153,31163,10
13.09350967,80.24107361,31163,31173,10
13.09302044,80.2410202,31173,31183,10
13.09241009,80.24098206,31183,31193,10
13.09183025,80.24092102,31193,31203,10
13.09088039,80.24089813,31203,31213,10
13.08994007,80.2409668,31213,31223,10
13.08977985,80.24102783,31223,31233,10
13.08932018,80.24128723,31233,31243,10
13.08866024,80.24176025,31243,31253,10
13.08802032,80.24230957,31253,31263,10
13.08786964,80.24307251,31263,31274,11
13.08775997,80.24342346,31274,31284,10
13.08734035,80.24389648,31284,31294,10
13.0868597,80.24427795,31294,31304,10
13.08640957,80.24465179,31304,31314,10
13.08603001,80.24494934,31314,31324,10
13.08586025,80.24507141,31324,31334,10
13.08570004,80.2457428,31334,31344,10
13.08576965,80.24659729,31344,31354,10
13.08578014,80.24680328,31354,31364,10
13.08578968,80.24710083,31364,31374,10
13.08582973,80.24797058,31374,31383,9
13.08588028,80.24884796,31383,31395,12
13.08596039,80.25006104,31395,31405,10
13.08586979,80.25067902,31405,31415,10
13.08576965,80.2513504,31415,31425,10
13.08568954,80.2519989,31425,31435,10
13.08561993,80.25263977,31435,31445,10
13.08555984,80.25335693,31445,31455,10
13.08557987,80.25398254,31455,31465,10
13.08561993,80.25460815,31465,31475,10
13.08545971,80.25470734,31475,31485,10
13.08500004,80.25470734,31485,31495,10
13.08395004,80.25456238,31495,31516,21
13.08395004,80.25456238,31516,31526,10
13.08345985,80.25449371,31526,31536,10
13.08263969,80.25450134,31536,31546,10
13.08209991,80.25453949,31546,31556,10
13.08135033,80.25488281,31556,31566,10
13.08053017,80.25483704,31566,31576,10
13.07968998,80.25466156,31576,31586,10
13.07896996,80.25478363,31586,31596,10
13.07901001,80.25531006,31596,31606,10
13.07903004,80.25566101,31606,31616,10
13.07911015,80.25639343,31616,31626,10
13.0788002,80.25669861,31626,31637,11
13.0782299,80.25669861,31637,31647,10
13.07771969,80.25673676,31647,31657,10
13.07719994,80.25685883,31657,31667,10
13.07664013,80.25718689,31667,31677,10
13.07602024,80.25775909,31677,31687,10
13.07551003,80.25826263,31687,31697,10
13.07559967,80.25885773,31697,31707,10
13.0759697,80.25958252,31707,31717,10
13.07676983,80.26026154,31717,31727,10
13.07717037,80.26067352,31727,31737,10
13.07746029,80.26120758,31737,31747,10
13.07773018,80.26194763,31747,31768,21
13.07773018,80.26194763,31768,31778,10
13.07777977,80.26215363,31778,31788,10
13.07785988,80.26238251,31788,31798,10
13.07791996,80.26261902,31798,31808,10
13.07804966,80.26306152,31808,31818,10
13.07808971,80.26354218,31818,31828,10
13.07746983,80.26397705,31828,31838,10
13.07686043,80.26412964,31838,31848,10
13.07658005,80.26418304,31848,31858,10
13.07598019,80.26421356,31858,31867,9
13.07557011,80.26412201,31867,31879,12
13.07505035,80.26334381,31879,31889,10
13.0745697,80.2627182,31889,31899,10
13.07404995,80.26207733,31899,31909,10
13.07367992,80.26167297,31909,31919,10
13.07367992,80.26165771,31919,31929,10
13.07336044,80.26141357,31929,31939,10
13.07310009,80.26158905,31939,31949,10
13.07287025,80.26223755,31949,31959,10
13.07264996,80.2629776,31959,31969,10
13.07236958,80.26367188,31969,31979,10
13.07186031,80.26435089,31979,31988,9
13.07155037,80.26467896,31988,32000,12
13.07153988,80.26467896,32000,32010,10
13.07131004,80.26489258,32010,32020,10
13.07085037,80.26537323,32020,32030,10
13.07032013,80.26593018,32030,32040,10
13.06970978,80.26651764,32040,32050,10
13.06914043,80.26709747,32050,32060,10
13.06882,80.26773071,32060,32070,10
13.06859016,80.2684021,32070,32080,10
13.06842995,80.26892853,32080,32090,10
13.06830978,80.26947021,32090,32100,10
13.06820011,80.2701416,32100,32110,10
13.06812,80.27091217,32110,32121,11
13.06766033,80.27084351,32121,32131,10
13.06719017,80.27041626,32131,32141,10
13.06717014,80.270401,32141,32151,10
13.06692028,80.27011871,32151,32161,10
13.06651974,80.26956177,32161,32171,10
13.06637001,80.26885223,32171,32181,10
13.06606007,80.26811981,32181,32191,10
13.06532001,80.26766968,32191,32201,10
13.06515026,80.26761627,32201,32211,10
13.06505966,80.26764679,32211,32221,10
13.06451035,80.26753235,32221,32232,11
13.06352043,80.26738739,32232,32242,10
13.06254959,80.26708984,32242,32252,10
13.0620203,80.2663269,32252,32262,10
13.06151009,80.26567078,32262,32272,10
13.06105995,80.26519775,32272,32282,10
13.06072044,80.26528931,32282,32292,10
13.06056976,80.26538849,32292,32302,10
13.06046963,80.26544952,32302,32312,10
13.05994034,80.26561737,32312,32322,10
13.05922031,80.26554871,32322,32332,10
13.05856037,80.26541901,32332,32342,10
13.05805969,80.26493835,32342,32351,9
13.05793953,80.26406097,32351,32363,12
13.05780029,80.2628479,32363,32373,10
13.05770016,80.26210022,32373,32383,10
13.05749989,80.2611618,32383,32393,10
13.05725002,80.26010895,32393,32403,10
13.05694008,80.25914764,32403,32413,10
13.05671978,80.25849152,32413,32423,10
13.05661964,80.2580719,32423,32433,10
13.05655956,80.25773621,32433,32443,10
13.05650043,80.25740051,32443,32453,10
13.05650043,80.25737762,32453,32463,10
13.05642033,80.25701904,32463,32473,10
13.05636024,80.25679779,32473,32484,11
13.05617046,80.25634003,32484,32494,10
13.05597019,80.2559967,32494,32504,10
13.05582047,80.25576019,32504,32514,10
13.05580997,80.25575256,32514,32524,10
13.05572987,80.25563812,32524,32534,10
13.0557003,80.25563049,32534,32544,10
13.0556097,80.25553894,32544,32554,10
13.05552006,80.25540924,32554,32564,10
13.05543041,80.25531006,32564,32574,10
13.05533981,80.25515747,32574,32584,10
13.05533028,80.25512695,32584,32594,10
13.05519962,80.25498199,32594,32605,11
13.05508041,80.25480652,32605,32615,10
13.0550499,80.25469208,32615,32625,10
13.0549202,80.25453949,32625,32635,10
13.05459976,80.25418091,32635,32645,10
13.05422974,80.25370026,32645,32655,10
13.05412006,80.25354767,32655,32665,10
13.05375957,80.25302887,32665,32675,10
13.05333042,80.252388,32675,32685,10
13.05276012,80.25163269,32685,32695,10
13.05220032,80.25089264,32695,32705,10
13.05138016,80.25021362,32705,32714,9
13.05031967,80.24992371,32714,32726,12
13.0489502,80.24971771,32726,32736,10
13.04806995,80.24942017,32736,32746,10
13.04738998,80.24880981,32746,32756,10
13.04714966,80.24865723,32756,32766,10
13.04693031,80.24864197,32766,32776,10
13.0461998,80.24858093,32776,32786,10
13.04547977,80.24838257,32786,32796,10
13.04473019,80.24810791,32796,32806,10
13.04382992,80.24794006,32806,32816,10
13.04290962,80.24781036,32816,32826,10
13.04207039,80.24764252,32826,32836,10
13.04106998,80.24742126,32836,32847,11
13.04016972,80.24725342,32847,32857,10
13.03969002,80.24712372,32857,32867,10
13.03931999,80.24700928,32867,32877,10
13.03864002,80.24687195,32877,32887,10
13.03816986,80.24680328,32887,32897,10
13.03763008,80.24668884,32897,32907,10
13.0370903,80.24655914,32907,32917,10
13.03651047,80.24645996,32917,32927,10
13.03604031,80.24632263,32927,32937,10
13.03540039,80.24611664,32937,32957,20
13.03540039,80.24611664,32957,32968,11
13.03512955,80.24604797,32968,32978,10
13.03487015,80.2458725,32978,32988,10
13.03439045,80.24526215,32988,32998,10
13.0337801,80.24445343,32998,33008,10
13.03304005,80.24355316,33008,33018,10
13.03238964,80.24262238,33018,33028,10
13.03180981,80.2416687,33028,33038,10
13.03120995,80.24034119,33038,33099,61
13.03120995,80.24034119,33099,33109,10
13.03118038,80.24027252,33109,33119,10
13.03106022,80.2399826,33119,33129,10
13.03075027,80.23930359,33129,33139,10
13.03020954,80.23834229,33139,33149,10
13.02966976,80.23739624,33149,33159,10
13.02890015,80.23657227,33159,33169,10
13.02863026,80.23634338,33169,33179,10
13.02818012,80.23581696,33179,33189,10
13.02762985,80.23497009,33189,33199,10
13.02700996,80.23390961,33199,33210,11
13.0265398,80.23313904,33210,33220,10
13.02626038,80.23251343,33220,33230,10
13.02610016,80.23187256,33230,33240,10
13.02591991,80.23114777,33240,33250,10
13.0255003,80.2301712,33250,33260,10
13.02462006,80.22905731,33260,33290,30
13.02462006,80.22905731,33290,33300,10
13.02455044,80.22901917,33300,33310,10
13.02427959,80.2286377,33310,33320,10
13.02398968,80.22831726,33320,33331,11
13.02396965,80.22827148,33331,33341,10
13.02369976,80.22794342,33341,33351,10
13.02361012,80.22783661,33351,33361,10
13.02348995,80.22770691,33361,33371,10
13.0230999,80.22728729,33371,33381,10
13.02250004,80.22678375,33381,33391,10
13.02180004,80.22619629,33391,33401,10
13.02093029,80.22560883,33401,33421,20
13.02093029,80.22560883,33421,33430,9
13.02071953,80.2254715,33430,33441,11
13.02013016,80.22502899,33441,33452,11
13.01941967,80.22458649,33452,33462,10
13.01856995,80.22460175,33462,33472,10
13.01776981,80.22492218,33472,33482,10
13.01708984,80.22519684,33482,33492,10
13.01675987,80.2253418,33492,33502,10
13.01657963,80.22540283,33502,33512,10
13.01646042,80.22544861,33512,33522,10
13.01613045,80.22556305,33522,33532,10
13.01568985,80.22570801,33532,33542,10
13.01498032,80.2259903,33542,33552,10
13.01445961,80.22619629,33552,33561,9
13.01443958,80.22621155,33561,33573,12
13.01432037,80.22621918,33573,33583,10
13.01375961,80.22641754,33583,33593,10
13.01301956,80.22672272,33593,33603,10
13.01204014,80.2270813,33603,33613,10
13.01101017,80.22750854,33613,33623,10
13.01004982,80.22792053,33623,33633,10
13.00930023,80.228302,33633,33643,10
13.00905991,80.22911835,33643,33653,10
13.00887012,80.23020935,33653,33663,10
13.00866032,80.23136139,33663,33673,10
13.00846004,80.23227692,33673,33683,10
13.00829029,80.23332214,33683,33694,11
13.00825977,80.23358154,33694,33704,10
13.00819016,80.23374176,33704,33714,10
13.00806999,80.23429871,33714,33724,10
13.00796032,80.23484802,33724,33734,10
13.00792027,80.23503113,33734,33744,10
13.00778961,80.235672,33744,33754,10
13.00761032,80.23661804,33754,33764,10
13.00739956,80.23773193,33764,33774,10
13.00724983,80.23857117,33774,33784,10
13.00716972,80.23896027,33784,33794,10
13.00699043,80.23980713,33794,33865,71
13.00699043,80.23980713,33865,33875,10
13.00687027,80.2406311,33875,33894,19
13.00687027,80.2406311,33894,33905,11
13.00681019,80.24085999,33905,33915,10
13.0067997,80.24137878,33915,33925,10
13.00677013,80.24212646,33925,33936,11
13.00675964,80.24298096,33936,33946,10
13.00673008,80.24375916,33946,33956,10
13.00675964,80.24458313,33956,33966,10
13.00675011,80.24546051,33966,33976,10
13.00675964,80.24584198,33976,33986,10
13.00677013,80.24613953,33986,33996,10
13.00677967,80.24656677,33996,34006,10
13.0067997,80.2472229,34006,34016,10
13.00677967,80.2480011,34016,34026,10
13.00679016,80.24897003,34026,34036,10
13.00681973,80.24996185,34036,34045,9
13.00687981,80.25092316,34045,34087,42
13.00687981,80.25092316,34087,34097,10
13.0068903,80.25124359,34097,34107,10
13.0067997,80.25164795,34107,34117,10
13.00664997,80.25238037,34117,34127,10
13.00660038,80.25318909,34127,34136,9
13.00660992,80.25401306,34136,34147,11
13.00666046,80.25482178,34147,34157,10
13.00666046,80.25485229,34157,34167,10
13.00664997,80.25518036,34167,34178,11
13.00664997,80.256073,34178,34188,10
13.00669956,80.25691223,34188,34208,20
13.00669956,80.25691223,34208,34218,10
13.00671959,80.25710297,34218,34228,10
13.00667,80.25753021,34228,34238,10
13.0060997,80.25749207,34238,34248,10
13.00526047,80.25731659,34248,34258,10
13.00442982,80.25711823,34258,34268,10
13.00362015,80.25695801,34268,34278,10
13.00290012,80.25682068,34278,34287,9
13.00232029,80.25669098,34287,34319,32
13.00232029,80.25669098,34319,34329,10
13.00216007,80.25666809,34329,34339,10
13.00172043,80.25660706,34339,34349,10
13.00102997,80.25650787,34349,34359,10
13.00020981,80.25637054,34359,34369,10
12.99958992,80.25624847,34369,34379,10
12.99860954,80.25610352,34379,34399,20
12.99860954,80.25610352,34399,34408,9
12.99847984,80.25605774,34408,34420,12
12.99818993,80.25598145,34420,34430,10
12.99773026,80.25589752,34430,34440,10
12.9971199,80.25589752,34440,34450,10
12.99668026,80.25585938,34450,34460,10
12.99613953,80.25585938,34460,34470,10
12.99559975,80.25585938,34470,34480,10
12.99508953,80.255867,34480,34490,10
12.99462032,80.25592041,34490,34500,10
12.9941597,80.2559967,34500,34510,10
12.99359989,80.2559967,34510,34520,10
12.99254036,80.25605011,34520,34530,10
12.9914999,80.25605011,34530,34541,11
12.9909296,80.25598145,34541,34551,10
12.99079037,80.2559967,34551,34561,10
12.99028015,80.25598145,34561,34571,10
12.98968983,80.25601196,34571,34581,10
12.98900986,80.25596619,34581,34591,10
12.98875046,80.25596619,34591,34601,10
12.98863029,80.25595093,34601,34611,10
12.98845005,80.25592804,34611,34692,81
12.98845005,80.25592804,34692,34702,10
12.98843002,80.25595093,34702,34712,10
12.98808956,80.25588989,34712,34722,10
12.98773003,80.25588226,34722,34732,10
12.98768997,80.25640106,34732,34742,10
12.98770046,80.25691223,34742,34752,10
12.98760033,80.25753021,34752,34762,10
12.98754978,80.25814056,34762,34771,9
12.98746014,80.25852203,34771,34783,12
12.98744965,80.25856781,34783,34793,10
12.98744011,80.25875854,34793,34803,10
12.98738003,80.25894928,34803,34813,10
12.98733997,80.25920105,34813,34862,49
12.98733997,80.25920105,34862,34873,11
12.98721027,80.25958252,34873,34883,10
12.98709965,80.259552,34883,34893,10
12.98700047,80.25937653,34893,35206,313
12.98709011,80.2590332,35206,35650,444
12.98721981,80.25907135,35650,35670,20
12.98721981,80.25907135,35670,35680,10
12.98736954,80.25894928,35680,35690,10
12.98738956,80.25863647,35690,35700,10
12.98740005,80.25853729,35700,35710,10
12.98744011,80.25829315,35710,35720,10
12.98746967,80.25810242,35720,35730,10
12.98750973,80.25752258,35730,35739,9
12.98756981,80.2564621,35739,35791,52
12.98756981,80.2564621,35791,35801,10
12.98758984,80.2559967,35801,35811,10
12.98766041,80.25570679,35811,35821,10
12.98797989,80.25576019,35821,35831,10
12.98816013,80.25582123,35831,35841,10
12.98826981,80.25583649,35841,35851,10
12.98863983,80.25589752,35851,35871,20
12.98863983,80.25589752,35871,35882,11
12.98871994,80.25592041,35882,35892,10
12.98913956,80.25595856,35892,35902,10
12.99003983,80.25602722,35902,35912,10
12.99059963,80.25598145,35912,35922,10
12.99081039,80.2559967,35922,35932,10
12.99122047,80.25602722,35932,35942,10
12.99182987,80.25605774,35942,35952,10
12.99265957,80.25604248,35952,35962,10
12.99353981,80.25598145,35962,35972,10
12.99427986,80.25595093,35972,35982,10
12.99479961,80.25588989,35982,35992,10
12.99514961,80.25588989,35992,36002,10
12.99559021,80.255867,36002,36013,11
12.99615002,80.255867,36013,36023,10
12.99676991,80.25585938,36023,36033,10
12.99713039,80.25585938,36033,36043,10
12.99744987,80.25588226,36043,36053,10
12.99779034,80.25591278,36053,36063,10
12.99808025,80.25595093,36063,36073,10
12.99868011,80.25601959,36073,36083,10
12.99878025,80.25604248,36083,36093,10
12.99888992,80.25608063,36093,36103,10
12.99894047,80.25608826,36103,36113,10
12.99919033,80.25611877,36113,36123,10
12.99971962,80.25621796,36123,36134,11
13.00035954,80.25634766,36134,36144,10
13.00098991,80.25646973,36144,36194,50
13.00098991,80.25646973,36194,36204,10
13.00127983,80.2564621,36204,36214,10
13.00166988,80.25656128,36214,36224,10
13.0023098,80.25666809,36224,36234,10
13.00304985,80.25682068,36234,36244,10
13.00393009,80.2569809,36244,36255,11
13.00477028,80.25715637,36255,36265,10
13.00559998,80.25731659,36265,36275,10
13.00605965,80.25739288,36275,36335,60
13.00605965,80.25739288,36335,36345,10
13.00636005,80.25744629,36345,36355,10
13.00658035,80.2572937,36355,36365,10
13.00658035,80.25662994,36365,36376,11
13.00654984,80.25565338,36376,36386,10
13.00658035,80.25491333,36386,36396,10
13.00652981,80.25405121,36396,36406,10
13.00654984,80.25322723,36406,36416,10
13.0065403,80.25319672,36416,36426,10
13.00650978,80.25283051,36426,36436,10
13.00664043,80.25184631,36436,36537,101
13.00664043,80.25184631,36537,36547,10
13.00673962,80.25141907,36547,36557,10
13.00669956,80.2507782,36557,36567,10
13.00677013,80.2497406,36567,36577,10
13.00675964,80.24889374,36577,36618,41
13.00671005,80.24880981,36618,36638,20
13.00671005,80.24880981,36638,36648,10
13.00671005,80.24865723,36648,36658,10
13.00671005,80.24845123,36658,36668,10
13.00669003,80.24803925,36668,36678,10
13.00664997,80.24755096,36678,36688,10
13.00666046,80.24707031,36688,36698,10
13.00658989,80.24662018,36698,36708,10
13.00658989,80.24653625,36708,36718,10
13.00664043,80.24617767,36718,36728,10
13.00660992,80.24542236,36728,36738,10
13.00660038,80.24485016,36738,36749,11
13.00658035,80.24456787,36749,36759,10
13.00658035,80.2442627,36759,36769,10
13.00656986,80.24375916,36769,36779,10
13.00656033,80.24324799,36779,36789,10
13.00656033,80.24278259,36789,36799,10
13.0065403,80.24189758,36799,36809,10
13.00658035,80.24115753,36809,36819,10
13.00660992,80.24093628,36819,36829,10
13.00662041,80.24076843,36829,36839,10
13.00660992,80.24047089,36839,36849,10
13.00671959,80.23986816,36849,36859,10
13.00691032,80.23908234,36859,36870,11
13.00714016,80.23805237,36870,36880,10
13.00730038,80.23735046,36880,36890,10
13.00737,80.23680115,36890,36900,10
13.00741959,80.23670959,36900,36910,10
13.00753975,80.23622131,36910,36920,10
13.00769997,80.2354126,36920,36930,10
13.00790977,80.23446655,36930,36940,10
13.00817013,80.23330688,36940,36950,10
13.00839043,80.2321167,36950,36960,10
13.00860023,80.23095703,36960,36970,10
13.00887012,80.229599,36970,36980,10
13.00912952,80.22834778,36980,36991,11
13.00959969,80.22712708,36991,37001,10
13.01016045,80.22606659,37001,37011,10
13.01049042,80.22540283,37011,37021,10
13.01072025,80.22489929,37021,37031,10
13.01089954,80.22434998,37031,37041,10
13.01105976,80.22396088,37041,37051,10
13.01107025,80.22393799,37051,37061,10
13.01107025,80.22368622,37061,37071,10
13.01126003,80.22315979,37071,37081,10
13.01161957,80.22241974,37081,37091,10
13.01189995,80.22155762,37091,37101,10
13.01229,80.22131348,37101,37112,11
13.01253986,80.22176361,37112,37122,10
13.01282024,80.222229,37122,37132,10
13.01325989,80.22268677,37132,37142,10
13.01371002,80.22315216,37142,37152,10
13.01397991,80.22341919,37152,37162,10
13.01399994,80.22344971,37162,37172,10
13.01418018,80.22366333,37172,37182,10
13.01432037,80.22393036,37182,37192,10
13.01504993,80.22463989,37192,37202,10
13.01548004,80.2249527,37202,37212,10
13.01548958,80.2249527,37212,37222,10
13.0156002,80.22502899,37222,37233,11
13.01607037,80.22531891,37233,37243,10
13.01723957,80.22498322,37243,37303,60
13.01723957,80.22498322,37303,37313,10
13.01739979,80.22489929,37313,37323,10
13.01791,80.22470093,37323,37333,10
13.01858997,80.22442627,37333,37343,10
13.01931,80.22425842,37343,37364,21
13.01931,80.22425842,37364,37374,10
13.0194397,80.22431946,37374,37384,10
13.01945972,80.22434235,37384,37394,10
13.0195303,80.22440338,37394,37404,10
13.01972961,80.22451782,37404,37414,10
13.02005005,80.2247467,37414,37424,10
13.02048969,80.22509003,37424,37434,10
13.02087975,80.22537994,37434,37444,10
13.02140045,80.22580719,37444,37454,10
13.02206039,80.22631836,37454,37464,10
13.02280998,80.2269516,37464,37475,11
13.02361012,80.22767639,37475,37485,10
13.02425003,80.22834015,37485,37515,30
13.02425003,80.22834015,37515,37525,10
13.02433014,80.22846985,37525,37535,10
13.02455044,80.22879028,37535,37545,10
13.02472973,80.22904968,37545,37554,9
13.02495003,80.22934723,37554,37565,11
13.02544022,80.23000336,37565,37575,10
13.0257597,80.23052216,37575,37596,21
13.0257597,80.23052216,37596,37606,10
13.02585983,80.23075104,37606,37616,10
13.02595997,80.23105621,37616,37626,10
13.02606964,80.23149109,37626,37636,10
13.02616024,80.23184204,37636,37646,10
13.02630997,80.23229218,37646,37656,10
13.02653027,80.2328186,37656,37666,10
13.02678013,80.23330688,37666,37676,10
13.02719021,80.23396301,37676,37686,10
13.02760029,80.23468018,37686,37696,10
13.02797985,80.23535156,37696,37706,10
13.02851009,80.23600006,37706,37717,11
13.02956963,80.23719025,37717,37737,20
13.02956963,80.23719025,37737,37747,10
13.02960014,80.2372818,37747,37757,10
13.02982998,80.23763275,37757,37767,10
13.03015041,80.23813629,37767,37777,10
13.03059006,80.23885345,37777,37787,10
13.03100967,80.23956299,37787,37827,40
13.03100967,80.23956299,37827,37838,11
13.03129959,80.23999023,37838,37848,10
13.03145981,80.24062347,37848,37858,10
13.03168011,80.24120331,37858,37868,10
13.03205013,80.24198151,37868,37878,10
13.03264046,80.2427063,37878,37888,10
13.03332043,80.24365997,37888,37898,10
13.03394032,80.24449921,37898,37908,10
13.03444958,80.24516296,37908,37917,9
13.0348196,80.24562073,37917,37928,11
13.03534985,80.24595642,37928,37938,10
13.03538036,80.24598694,37938,37948,10
13.03559017,80.24610138,37948,37958,10
13.0357399,80.24613953,37958,37969,11
13.03592968,80.24630737,37969,37979,10
13.03652954,80.24642944,37979,37989,10
13.03707027,80.24652863,37989,37999,10
13.03742981,80.24638367,37999,38009,10
13.03785038,80.24648285,38009,38019,10
13.03862,80.24671936,38019,38029,10
13.03938007,80.24691772,38029,38039,10
13.0396204,80.24698639,38039,38049,10
13.04018021,80.24707794,38049,38059,10
13.04076958,80.24717712,38059,38069,10
13.04082012,80.24717712,38069,38079,10
13.04096031,80.24717712,38079,38090,11
13.04139996,80.24726868,38090,38100,10
13.04201984,80.24739838,38100,38110,10
13.04273987,80.24767303,38110,38120,10
13.04339981,80.24788666,38120,38130,10
13.04405022,80.24778748,38130,38140,10
13.04456997,80.24790192,38140,38150,10
13.04512024,80.24815369,38150,38160,10
13.04570961,80.24836731,38160,38170,10
13.04638004,80.24849701,38170,38180,10
13.04685974,80.24842834,38180,38190,10
13.04697037,80.24848175,38190,38201,11
13.04732037,80.24861908,38201,38211,10
13.04769993,80.24893951,38211,38221,10
13.04796028,80.24919891,38221,38231,10
13.04833984,80.24947357,38231,38241,10
13.04883957,80.24964905,38241,38251,10
13.04922962,80.24971008,38251,38261,10
13.04969025,80.24977875,38261,38271,10
13.05049038,80.24993896,38271,38281,10
13.05126953,80.25009918,38281,38291,10
13.05198002,80.25054932,38291,38301,10
13.05257988,80.25126648,38301,38311,10
13.05321026,80.25211334,38311,38322,11
13.05373001,80.25285339,38322,38332,10
13.05416012,80.25343323,38332,38342,10
13.05447006,80.25383759,38342,38352,10
13.05459976,80.25402832,38352,38362,10
13.05473042,80.2542572,38362,38372,10
13.05492973,80.25450897,38372,38382,10
13.05519962,80.25483704,38382,38392,10
13.05545044,80.25521088,38392,38402,10
13.05566025,80.25549316,38402,38412,10
13.05583,80.25569153,38412,38422,10
13.05603027,80.25595856,38422,38431,9
13.05632019,80.25634003,38431,38442,11
13.05669022,80.25672913,38442,38463,21
13.05669022,80.25672913,38463,38473,10
13.05683041,80.25682068,38473,38483,10
13.0571003,80.25702667,38483,38493,10
13.05755997,80.25744629,38493,38503,10
13.05782032,80.25776672,38503,38513,10
13.05797005,80.25798798,38513,38523,10
13.05809021,80.25817108,38523,38533,10
13.05842018,80.25852966,38533,38543,10
13.05889034,80.25906372,38543,38553,10
13.05922985,80.25966644,38553,38563,10
13.05970955,80.26011658,38563,38574,11
13.0603199,80.26077271,38574,38584,10
13.06066036,80.26113892,38584,38594,10
13.0606699,80.26114655,38594,38604,10
13.06074047,80.26126862,38604,38614,10
13.06097031,80.2616272,38614,38624,10
13.06128025,80.26196289,38624,38634,10
13.0615797,80.26232147,38634,38644,10
13.06204033,80.26293945,38644,38654,10
13.06268024,80.26371002,38654,38664,10
13.06313038,80.26416779,38664,38674,10
13.06313992,80.26418304,38674,38684,10
13.06336021,80.26454163,38684,38695,11
13.06379032,80.26525116,38695,38705,10
13.06396008,80.26551056,38705,38715,10
13.06431961,80.26593781,38715,38725,10
13.06455994,80.26618958,38725,38735,10
13.06466961,80.26629639,38735,38745,10
13.06484032,80.26651001,38745,38755,10
13.06505013,80.2667923,38755,38765,10
13.06554031,80.2671814,38765,38775,10
13.06597042,80.2677536,38775,38785,10
13.06632996,80.26818085,38785,38795,10
13.06659985,80.26835632,38795,38805,10
13.06690979,80.26846313,38805,38816,11
13.06702042,80.26851654,38816,38826,10
13.06744957,80.26882935,38826,38836,10
13.06799984,80.26921082,38836,38846,10
13.06830978,80.26914215,38846,38856,10
13.06844044,80.2686615,38856,38866,10
13.0685997,80.26820374,38866,38876,10
13.06886005,80.26747894,38876,38886,10
13.06931973,80.26689148,38886,38896,10
13.06980038,80.2663269,38896,38906,10
13.07024956,80.26587677,38906,38916,10
13.07038975,80.26579285,38916,38925,9
13.07077026,80.26542664,38925,38937,12
13.07141972,80.26474762,38937,38947,10
13.07201004,80.26407623,38947,38957,10
13.07238007,80.26338196,38957,38967,10
13.0726099,80.26274872,38967,38977,10
13.07279968,80.26217651,38977,38987,10
13.07283974,80.26199341,38987,38997,10
13.07283974,80.26193237,38997,39007,10
13.07297993,80.26152039,39007,39017,10
13.07306957,80.26112366,39017,39027,10
13.07306004,80.26081085,39027,39037,10
13.07326031,80.26055145,39037,39046,9
13.07349968,80.2600708,39046,39058,12
13.0738802,80.25948334,39058,39068,10
13.07456017,80.25885773,39068,39078,10
13.0750103,80.25850677,39078,39088,10
13.07540035,80.2582016,39088,39098,10
13.07548046,80.25814056,39098,39108,10
13.07559967,80.2580719,39108,39118,10
13.0760498,80.25769043,39118,39128,10
13.07664013,80.25714874,39128,39138,10
13.07734013,80.25678253,39138,39148,10
13.07826996,80.25662231,39148,39158,10
13.07898045,80.25650024,39158,39168,10
13.07903004,80.2564621,39168,39179,11
13.07905006,80.25641632,39179,39189,10
13.07901955,80.25595093,39189,39199,10
13.07894039,80.25523376,39199,39209,10
13.07890987,80.25462341,39209,39219,10
13.07921028,80.25456238,39219,39229,10
13.07933998,80.25456238,39229,39239,10
13.07966995,80.2545929,39239,39249,10
13.07973957,80.25460815,39249,39259,10
13.07999992,80.25463104,39259,39269,10
13.08026981,80.25469208,39269,39279,10
13.08061028,80.25475311,39279,39288,9
13.08115005,80.25480652,39288,39300,12
13.08164978,80.25460052,39300,39310,10
13.08180046,80.25399017,39310,39320,10
13.08185005,80.2533493,39320,39330,10
13.08170986,80.25283813,39330,39340,10
13.08145046,80.25232697,39340,39350,10
13.08135986,80.25169373,39350,39360,10
13.08135033,80.251091,39360,39370,10
13.08135033,80.25067139,39370,39380,10
13.0813303,80.25010681,39380,39390,10
13.08141041,80.2496109,39390,39400,10
13.0819397,80.24964905,39400,39409,9
13.08250046,80.24976349,39409,39420,11
13.08302975,80.24986267,39420,39431,11
13.08374023,80.24999237,39431,39441,10
13.08432961,80.25009155,39441,39451,10
13.08467007,80.25013733,39451,39461,10
13.08469963,80.25012207,39461,39471,10
13.08518028,80.25022125,39471,39481,10
13.08555984,80.25028229,39481,39491,10
13.08576012,80.25028992,39491,39501,10
13.08584976,80.24993896,39501,39511,10
13.08582973,80.24916077,39511,39521,10
13.08580017,80.24846649,39521,39531,10
13.08580017,80.24772644,39531,39541,10
13.08574963,80.2469635,39541,39552,11
13.08574009,80.24664307,39552,39562,10
13.08574963,80.24659729,39562,39572,10
13.08570004,80.24617767,39572,39582,10
13.08565998,80.24594116,39582,39592,10
13.08563995,80.24539185,39592,39612,20
13.08565044,80.24521637,39612,39673,61
13.08565044,80.24521637,39673,39683,10
13.08570957,80.24497223,39683,39692,9
13.08605003,80.24479675,39692,39703,11
13.08673,80.24429321,39703,39713,10
13.08724022,80.24385071,39713,39723,10
13.08775043,80.24326324,39723,39733,10
13.08792019,80.24246979,39733,39743,10
13.0883503,80.24188995,39743,39753,10
13.08899021,80.24144745,39753,39763,10
13.0897398,80.24101257,39763,39773,10
13.0907402,80.2408371,39773,39782,9
13.09140968,80.24086761,39782,39794,12
13.09222031,80.24089813,39794,39804,10
13.09270954,80.24092102,39804,39814,10
13.09331036,80.24099731,39814,39824,10
13.09418964,80.24114227,39824,39844,20
13.09418964,80.24114227,39844,39854,10
13.09442043,80.24118805,39854,39864,10
13.09461975,80.2412262,39864,39874,10
13.09531021,80.2414093,39874,39884,10
13.09650993,80.24182892,39884,39904,20
13.09650993,80.24182892,39904,39915,11
13.09655952,80.24188232,39915,39925,10
13.09706974,80.24205017,39925,39935,10
13.09768009,80.2421875,39935,39945,10
13.09807014,80.24224091,39945,39955,10
13.09834003,80.24227142,39955,39965,10
13.09852028,80.24224854,39965,39975,10
13.09860992,80.24224091,39975,39985,10
13.09877014,80.24199677,39985,39995,10
13.09854031,80.24214172,39995,40096,101
13.09854031,80.24214172,40096,40106,10
13.09778023,80.24226379,40106,40146,40
13.09778023,80.24226379,40146,40157,11
13.0974102,80.24217224,40157,40167,10
13.0971899,80.24210358,40167,40177,10
13.09694958,80.24202728,40177,40187,10
13.09646034,80.24188232,40187,40197,10
13.09613991,80.24178314,40197,40207,10
13.09589005,80.24169159,40207,40217,10
13.09552002,80.24156952,40217,40227,10
13.09527969,80.24147034,40227,40237,10
13.09506989,80.24140167,40237,40247,10
13.0947504,80.24131775,40247,40257,10
13.09436989,80.24124908,40257,40267,10
13.09375954,80.24112701,40267,40278,11
13.09358025,80.24108887,40278,40288,10
13.09327984,80.24102783,40288,40298,10
13.09261036,80.24095154,40298,40308,10
13.09222984,80.24095154,40308,40318,10
13.0917902,80.24089813,40318,40328,10
13.0913496,80.24088287,40328,40338,10
13.09049988,80.24085236,40338,40348,10
13.08957005,80.24105835,40348,40358,10
13.08870983,80.24163818,40358,40367,9
13.08798027,80.24224091,40367,40378,11
13.08782959,80.24305725,40378,40388,10
13.08778,80.24330902,40388,40399,11
13.08740044,80.24382019,40399,40409,10
13.08677006,80.24430084,40409,40419,10
13.08596992,80.24494171,40419,40439,20
13.08596992,80.24494171,40439,40449,10
13.08572006,80.24514008,40449,40459,10
13.08563995,80.24564362,40459,40469,10
13.08572006,80.24629211,40469,40479,10
13.08576965,80.24669647,40479,40488,9
13.08576965,80.24684143,40488,40499,11
13.08582973,80.24758911,40499,40509,10
13.08592033,80.2485733,40509,40519,10
13.08592987,80.2496109,40519,40530,11
13.0859499,80.25028229,40530,40590,60
13.0859499,80.25028229,40590,40600,10
13.08588028,80.25067902,40600,40610,10
13.08578014,80.25137329,40610,40620,10
13.08568001,80.25206757,40620,40629,9
13.08559036,80.25279999,40629,40640,11
13.08555031,80.25357056,40640,40651,11
13.08559036,80.25402832,40651,40661,10
13.08561993,80.2544632,40661,40671,10
13.08563042,80.25460815,40671,40681,10
13.08541012,80.2547226,40681,40691,10
13.08493996,80.25467682,40691,40701,10
13.08440971,80.2546463,40701,40711,10
13.08393955,80.25460815,40711,40721,10
13.08390999,80.2545929,40721,40731,10
13.08378029,80.25456238,40731,40741,10
13.0832901,80.25453186,40741,40751,10
13.08257008,80.25450134,40751,40761,10
13.08201027,80.25460815,40761,40772,11
13.08154964,80.25480652,40772,40782,10
13.08143044,80.25486755,40782,40792,10
13.08137989,80.25485992,40792,40802,10
13.0812397,80.25485229,40802,40812,10
13.0809803,80.25485229,40812,40822,10
13.08071041,80.25482941,40822,40832,10
13.0803299,80.25479889,40832,40842,10
13.07995987,80.25475311,40842,40852,10
13.07950974,80.25466156,40852,40913,61
13.07950974,80.25466156,40913,40923,10
13.07931995,80.25457001,40923,40933,10
13.07898998,80.25469971,40933,40943,10
13.0790596,80.25534058,40943,40953,10
13.07913017,80.2559967,40953,40963,10
13.0791502,80.25640106,40963,40973,10
13.07878971,80.25666046,40973,40983,10
13.07812977,80.25666046,40983,40993,10
13.07746029,80.25675201,40993,41003,10
13.07688046,80.25697327,41003,41014,11
13.07625961,80.25749969,41014,41024,10
13.0757103,80.25801849,41024,41034,10
13.07553959,80.25859833,41034,41044,10
13.07581997,80.2593689,41044,41054,10
13.07653999,80.2600174,41054,41064,10
13.07709026,80.26055908,41064,41074,10
13.07748032,80.26127625,41074,41084,10
13.07781029,80.26213837,41084,41104,20
13.07781029,80.26213837,41104,41114,10
13.07785988,80.26235199,41114,41124,10
13.07791996,80.26268005,41124,41135,11
13.07816982,80.263237,41135,41145,10
13.07808018,80.26348877,41145,41155,10
13.07775021,80.26371002,41155,41165,10
13.07699966,80.26407623,41165,41175,10
13.07618046,80.26418304,41175,41185,10
13.07563972,80.2641983,41185,41195,10
13.07530022,80.26376343,41195,41205,10
13.07505035,80.26338959,41205,41215,10
13.07472992,80.26296234,41215,41225,10
13.07429028,80.26244354,41225,41235,10
13.07386017,80.26190186,41235,41245,10
13.07363987,80.26165771,41245,41256,11
13.07349014,80.2614975,41256,41266,10
13.07310009,80.26148224,41266,41276,10
13.07287979,80.26204681,41276,41286,10
13.07273006,80.26246643,41286,41296,10
13.07258034,80.26296997,41296,41306,10
13.07236958,80.26345062,41306,41316,10
13.07209969,80.26390839,41316,41326,10
13.07184029,80.26423645,41326,41336,10
13.07149982,80.26460266,41336,41346,10
13.07141972,80.26468658,41346,41356,10
13.07110023,80.26503754,41356,41365,9
13.07085037,80.26531219,41365,41377,12
13.07073021,80.26544952,41377,41387,10
13.0704298,80.26574707,41387,41397,10
13.07028961,80.26590729,41397,41407,10
13.07015991,80.26605225,41407,41417,10
13.0699501,80.26629639,41417,41427,10
13.06968975,80.26654816,41427,41437,10
13.06960011,80.26663971,41437,41447,10
13.0693903,80.26682281,41447,41457,10
13.06900978,80.26721954,41457,41467,10
13.06873035,80.26792145,41467,41477,10
13.06855011,80.26850891,41477,41487,10
13.06838989,80.26899719,41487,41498,11
13.06824017,80.26963806,41498,41508,10
13.06814957,80.27027893,41508,41518,10
13.06816006,80.27084351,41518,41528,10
13.0678196,80.27101898,41528,41538,10
13.06739998,80.27060699,41538,41548,10
13.06717968,80.27037811,41548,41558,10
13.06707954,80.27028656,41558,41568,10
13.0667696,80.26998138,41568,41578,10
13.06645012,80.26946259,41578,41588,10
13.06632996,80.2687912,41588,41598,10
13.06614017,80.2682724,41598,41608,10
13.06577969,80.26783752,41608,41617,9
13.0652504,80.26764679,41617,41629,12
13.06503963,80.26761627,41629,41639,10
13.06495953,80.26760864,41639,41649,10
13.06447029,80.26751709,41649,41659,10
13.06408024,80.26741791,41659,41669,10
13.06350994,80.26731873,41669,41679,10
13.06320953,80.26728821,41679,41689,10
13.06287956,80.26721954,41689,41699,10
13.06247997,80.26689911,41699,41709,10
13.0620203,80.26637268,41709,41719,10
13.06163025,80.26586151,41719,41729,10
13.06118011,80.26532745,41729,41740,11
13.06058979,80.26532745,41740,41750,10
13.06046963,80.26540375,41750,41760,10
13.06033993,80.26542664,41760,41770,10
13.05978012,80.26560974,41770,41780,10
13.05920029,80.26551819,41780,41790,10
13.05860043,80.26544189,41790,41810,20
13.05860043,80.26544189,41810,41820,10
13.05836964,80.26542664,41820,41830,10
13.05805969,80.2651825,41830,41840,10
13.05795002,80.2644577,41840,41850,10
13.05782986,80.26347351,41850,41859,9
13.05774021,80.26261902,41859,41871,12
13.05764008,80.2620163,41871,41881,10
13.05760002,80.2618866,41881,41891,10
13.05755043,80.2614975,41891,41901,10
13.05747986,80.26109314,41901,41911,10
13.05727005,80.26027679,41911,41921,10
13.05706978,80.25958252,41921,41931,10
13.05692959,80.25911713,41931,41941,10
13.05675983,80.25868225,41941,41951,10
13.05663013,80.25810242,41951,41961,10
13.05653954,80.25765991,41961,41971,10
13.05644035,80.25724792,41971,41981,10
13.05644035,80.2572403,41981,41992,11
13.05636978,80.25681305,41992,42002,10
13.05613995,80.25634766,42002,42012,10
13.05572987,80.25572205,42012,42022,10
13.05519962,80.25498962,42022,42032,10
13.05463028,80.2542038,42032,42042,10
13.05414963,80.25357819,42042,42052,10
13.05412006,80.25354767,42052,42062,10
13.05401039,80.25341034,42062,42072,10
13.05360031,80.25282288,42072,42082,10
13.05300045,80.25202942,42082,42092,10
13.05241966,80.25125885,42092,42102,10
13.05179977,80.2505188,42102,42113,11
13.05091,80.25007629,42113,42123,10
13.05000973,80.24987793,42123,42133,10
13.04918957,80.24980927,42133,42143,10
13.04852009,80.24967957,42143,42153,10
13.04804039,80.24938202,42153,42163,10
13.04732037,80.24880219,42163,42173,10
13.04689026,80.24864197,42173,42183,10
13.04673958,80.24858856,42183,42193,10
13.04613018,80.24848175,42193,42203,10
13.04529953,80.24820709,42203,42213,10
13.0443697,80.24806213,42213,42223,10
13.04364014,80.24794006,42223,42234,11
13.04304028,80.24794006,42234,42244,10
13.04246998,80.24791718,42244,42254,10
13.04181004,80.24774933,42254,42264,10
13.04131031,80.24755096,42264,42274,10
13.04127026,80.24752045,42274,42284,10
13.04084015,80.24739838,42284,42294,10
13.04018974,80.24727631,42294,42304,10
13.03993988,80.24720001,42304,42314,10
13.03956985,80.24710846,42314,42324,10
13.0390501,80.24697113,42324,42334,10
13.03851032,80.24677277,42334,42344,10
13.03802013,80.24674225,42344,42355,11
13.03734016,80.24662781,42355,42365,10
13.03676987,80.246521,42365,42375,10
13.03619003,80.24636841,42375,42385,10
13.03559971,80.24617004,42385,42395,10
13.03528023,80.2460022,42395,42405,10
13.03528023,80.24597931,42405,42415,10
13.03491974,80.24584961,42415,42425,10
13.03462029,80.24545288,42425,42435,10
13.03415012,80.24485779,42435,42445,10
13.03361034,80.24417877,42445,42455,10
13.03291988,80.24340057,42455,42465,10
13.03262043,80.24291992,42465,42516,51
13.03262043,80.24291992,42516,42526,10
13.03256989,80.2427063,42526,42536,10
13.03246021,80.24259949,42536,42546,10
13.03230953,80.24250031,42546,42556,10
13.03215981,80.24230957,42556,42657,101
13.03215981,80.24230957,42657,42667,10
13.03203011,80.24217987,42667,42677,10
13.03188038,80.24185944,42677,42687,10
13.03157043,80.24120331,42687,42697,10
13.03131008,80.24066925,42697,42778,81
13.03131008,80.24066925,42778,42788,10
13.03118992,80.24034882,42788,42798,10
13.03104019,80.23999786,42798,42808,10
13.03071976,80.23931885,42808,42818,10
13.03024006,80.23851776,42818,42828,10
13.02970028,80.23758698,42828,42837,9
13.0291996,80.23693848,42837,42849,12
13.02904987,80.23677826,42849,42859,10
13.02863979,80.23636627,42859,42869,10
13.02799034,80.23562622,42869,42879,10
13.02744007,80.23474884,42879,42889,10
13.02690983,80.23381042,42889,42919,30
13.02690983,80.23381042,42919,42929,10
13.02680016,80.23352814,42929,42939,10
13.02645016,80.23300171,42939,42949,10
13.02624035,80.23236847,42949,42959,10
13.0261097,80.23209381,42959,42969,10
13.02600956,80.23175812,42969,42980,11
13.02589989,80.23114777,42980,42990,10
13.02558041,80.23033142,42990,43000,10
13.02490997,80.22947693,43000,43010,10
13.02455997,80.22904205,43010,43020,10
13.02431011,80.22872162,43020,43030,10
13.02396011,80.22830963,43030,43040,10
13.02392006,80.22827911,43040,43050,10
13.02369976,80.22796631,43050,43060,10
13.0230999,80.22741699,43060,43070,10
13.02231979,80.22673035,43070,43079,9
13.02153969,80.22605896,43079,43091,12
13.02093983,80.22561646,43091,43101,10
13.02056026,80.22531128,43101,43111,10
13.02000999,80.22492981,43111,43121,10
13.01922989,80.22454071,43121,43131,10
13.01840019,80.22467804,43131,43141,10
13.01756001,80.22502136,43141,43151,10
13.01692009,80.22528076,43151,43161,10
13.01665974,80.22537994,43161,43171,10
13.01644039,80.2254715,43171,43181,10
13.01618004,80.22557068,43181,43191,10
13.01574993,80.22570038,43191,43201,10
13.01513004,80.22592926,43201,43210,9
13.01451969,80.2261734,43210,43222,12
13.0143404,80.22624207,43222,43232,10
13.01403999,80.22631836,43232,43242,10
13.0132103,80.22663116,43242,43252,10
13.01208973,80.22708893,43252,43262,10
13.01097012,80.22754669,43262,43272,10
13.00996017,80.22796631,43272,43282,10
13.00916958,80.2284317,43282,43292,10
13.00895977,80.2293396,43292,43302,10
13.00876999,80.23034668,43302,43312,10
13.00856018,80.23143005,43312,43322,10
13.00833035,80.23239899,43322,43332,10
13.00817966,80.2335968,43332,43353,21
13.00817966,80.2335968,43353,43363,10
13.00807953,80.23406219,43363,43373,10
13.00792027,80.23478699,43373,43383,10
13.00778961,80.23536682,43383,43393,10
13.00771999,80.23574829,43393,43403,10
13.00755024,80.23647308,43403,43413,10
13.00739002,80.23735809,43413,43423,10
13.00728035,80.23815155,43423,43433,10
13.00712013,80.23877716,43433,43443,10
13.00689983,80.23976898,43443,43464,21
13.00689983,80.23976898,43464,43474,10
13.00685024,80.23995972,43474,43484,10
13.00673962,80.24040222,43484,43494,10
13.00660038,80.24121094,43494,43504,10
13.00662994,80.24214172,43504,43514,10
13.00662994,80.24298859,43514,43524,10
13.00664043,80.24372101,43524,43534,10
13.00664997,80.24469757,43534,43544,10
13.00667953,80.24552155,43544,43554,10
13.00671959,80.24607849,43554,43564,10
13.00673008,80.24638367,43564,43574,10
13.00673962,80.24674988,43574,43585,11
13.00673008,80.24742126,43585,43595,10
13.00667953,80.24810028,43595,43605,10
13.00673008,80.24900818,43605,43615,10
13.00679016,80.25016022,43615,43625,10
13.00681973,80.25115204,43625,43645,20
13.00681973,80.25115204,43645,43655,10
13.00683022,80.251297,43655,43665,10
13.00673962,80.25166321,43665,43675,10
13.00656033,80.25244141,43675,43685,10
13.00652981,80.25350952,43685,43695,10
13.00656033,80.25456238,43695,43706,11
13.00660992,80.25495148,43706,43716,10
13.00660038,80.25540161,43716,43726,10
13.00658035,80.25621796,43726,43736,10
13.00660038,80.2568512,43736,43746,10
13.00660992,80.25740051,43746,43756,10
13.00629997,80.25756073,43756,43766,10
13.00607014,80.25744629,43766,43776,10
13.00559998,80.25737,43776,43806,30
13.00559998,80.25737,43806,43816,10
13.00541973,80.25720215,43816,43826,10
13.00522041,80.25713348,43826,43837,11
13.00504971,80.25717163,43837,43847,10
13.00481033,80.25717926,43847,43867,20
13.00481033,80.25717926,43867,43877,10
13.00444984,80.25717926,43877,43887,10
13.00422001,80.25714111,43887,43907,20
13.00399971,80.25708008,43907,43958,51
13.00399971,80.25708008,43958,43968,10
13.00362968,80.25711823,43968,43988,20
13.00362968,80.25711823,43988,43998,10
13.00347996,80.25695801,43998,44008,10
13.00341988,80.25691986,44008,44018,10
13.00323009,80.2568512,44018,44068,50
13.00323009,80.2568512,44068,44079,11
13.00298977,80.25682068,44079,44089,10
13.00273037,80.25676727,44089,44099,10
13.0024004,80.25669098,44099,44109,10
13.00183964,80.25663757,44109,44119,10
13.00146008,80.25659943,44119,44189,70
13.00146008,80.25659943,44189,44200,11
13.00123978,80.25663757,44200,44210,10
13.00074005,80.25655365,44210,44220,10
13.00000954,80.25637054,44220,44230,10
12.99919987,80.25617981,44230,44240,10
12.99847031,80.25608826,44240,44260,20
12.99847031,80.25608826,44260,44270,10
12.99825001,80.25604248,44270,44280,10
12.99787998,80.25598907,44280,44290,10
12.99771023,80.25618744,44290,44300,10
12.99783993,80.2567215,44300,44310,10
12.9975996,80.25688934,44310,44462,152
12.9975996,80.25688934,44462,44472,10
12.99746037,80.25663757,44472,44482,10
12.99757957,80.25617981,44482,44542,60
12.99757957,80.25617981,44542,44552,10
12.99748039,80.25596619,44552,44562,10
12.99719048,80.25595856,44562,44573,11
12.99683952,80.25592804,44573,44583,10
12.99662018,80.25588989,44583,44593,10
12.9963398,80.255867,44593,44603,10
12.99594021,80.25582886,44603,44613,10
12.99553967,80.25588989,44613,44623,10
12.99518967,80.25588989,44623,44633,10
12.9948101,80.25588989,44633,44643,10
12.99435997,80.25595093,44643,44653,10
12.99382019,80.2559967,44653,44663,10
12.99304008,80.25605774,44663,44673,10
12.99209023,80.25608826,44673,44682,9
12.99125004,80.25605774,44682,44694,12
12.99057007,80.25601959,44694,44704,10
12.98999977,80.2559967,44704,44714,10
12.98960972,80.2559967,44714,44724,10
12.98925972,80.25598145,44724,44734,10
12.98896027,80.25598145,44734,44744,10
12.9887104,80.25598145,44744,44754,10
12.98824024,80.25592041,44754,44764,10
12.98812008,80.25585175,44764,44774,10
12.98797035,80.25582123,44774,44784,10
12.98771954,80.25608063,44784,44794,10
12.98762035,80.25672913,44794,44804,10
12.98742962,80.25740051,44804,44815,11
12.98736,80.25836945,44815,44825,10
12.9872303,80.25927734,44825,44855,30
12.9872303,80.25927734,44855,44865,10
12.98715019,80.25965881,44865,44925,60
12.98686028,80.25953674,44925,45046,121
12.98686028,80.25953674,45046,45056,10
12.98663998,80.2593689,45056,45067,11
12.98672009,80.25908661,45067,45077,10
12.98684025,80.25911713,45077,45218,141
12.98721027,80.25914764,45218,45298,80
12.98721027,80.25914764,45298,45309,11
12.98731995,80.25897217,45309,45319,10
12.98738003,80.25843811,45319,45329,10
12.98742008,80.25773621,45329,45339,10
12.98748016,80.25734711,45339,45349,10
12.98746967,80.25700378,45349,45359,10
12.98746014,80.25657654,45359,45369,10
12.98750019,80.25605011,45369,45379,10
12.98771,80.25579834,45379,45389,10
12.98808002,80.25585938,45389,45399,10
12.98830032,80.25588989,45399,45409,10
12.98851967,80.25589752,45409,45419,10
12.9886198,80.25591278,45419,45429,10
12.9887104,80.25591278,45429,45440,11
12.98894024,80.2559433,45440,45450,10
12.98904037,80.25595856,45450,45460,10
12.98925972,80.25601959,45460,45470,10
12.98972034,80.256073,45470,45480,10
12.99028015,80.25608063,45480,45490,10
12.9906702,80.25604248,45490,45500,10
12.99116039,80.25605011,45500,45510,10
12.99170017,80.256073,45510,45520,10
12.99184036,80.25605011,45520,45530,10
12.99195957,80.25604248,45530,45540,10
12.99205017,80.25604248,45540,45549,9
12.99236965,80.256073,45549,45641,92
12.99236965,80.256073,45641,45651,10
12.99263954,80.25605774,45651,45661,10
12.99287033,80.25601959,45661,45670,9
12.99295998,80.25601196,45670,45682,12
12.99326038,80.2559967,45682,45692,10
12.99343967,80.2559967,45692,45722,30
12.99343967,80.2559967,45722,45732,10
12.9939003,80.25601196,45732,45742,10
12.99419975,80.2559967,45742,45803,61
12.99419975,80.2559967,45803,45813,10
12.99452972,80.25591278,45813,45823,10
12.99470997,80.25591278,45823,45833,10
12.99489021,80.25588226,45833,45843,10
12.9952898,80.255867,45843,45853,10
12.99582005,80.25588989,45853,45863,10
12.99637985,80.25588989,45863,46034,171
12.99637985,80.25588989,46034,46044,10
12.99682999,80.25583649,46044,46055,11
12.99715996,80.25585175,46055,46065,10
12.99755955,80.255867,46065,46075,10
12.99810982,80.25592041,46075,46085,10
12.99870968,80.2559967,46085,46095,10
12.99878025,80.25601196,46095,46105,10
12.99923038,80.25608826,46105,46115,10
12.99973011,80.25618744,46115,46125,10
13.00020981,80.25630188,46125,46135,10
13.00072956,80.25640106,46135,46165,30
13.00072956,80.25640106,46165,46176,11
13.00086975,80.25644684,46176,46186,10
13.0012598,80.25653076,46186,46196,10
13.00156021,80.25657654,46196,46206,10
13.00212955,80.25663757,46206,46236,30
13.00212955,80.25663757,46236,46246,10
13.00236034,80.25668335,46246,46256,10
13.00251961,80.2567215,46256,46266,10
13.00284958,80.25676727,46266,46276,10
13.0033102,80.25685883,46276,46286,10
13.00360966,80.25691986,46286,46296,10
13.00413036,80.25702667,46296,46307,11
13.00465012,80.25711823,46307,46317,10
13.00533009,80.25720978,46317,46327,10
13.00582981,80.25736237,46327,46357,30
13.00582981,80.25736237,46357,46367,10
13.00607014,80.25737762,46367,46377,10
13.00636959,80.25747681,46377,46387,10
13.00656033,80.25720215,46387,46397,10
13.00642967,80.2564621,46397,46407,10
13.00644016,80.25563812,46407,46417,10
13.00648975,80.25492859,46417,46428,11
13.00648975,80.2541275,46428,46438,10
13.0065403,80.25375366,46438,46448,10
13.00658989,80.25350952,46448,46458,10
13.00658989,80.25327301,46458,46468,10
13.00658035,80.2531662,46468,46478,10
13.00654984,80.25289917,46478,46488,10
13.00658035,80.25263214,46488,46569,81
13.00658035,80.25263214,46569,46579,10
13.00660038,80.25209808,46579,46589,10
13.00673962,80.25126648,46589,46599,10
13.00677967,80.25029755,46599,46609,10
13.00683022,80.24964142,46609,46619,10
13.00675964,80.24906921,46619,46639,20
13.00675964,80.24906921,46639,46649,10
13.00666046,80.24861145,46649,46659,10
13.00662994,80.24835968,46659,46670,11
13.00662041,80.24806213,46670,46740,70
13.00662041,80.24806213,46740,46750,10
13.00660992,80.24787903,46750,46760,10
13.00662994,80.24739838,46760,46770,10
13.00662994,80.24684906,46770,46779,9
13.00660038,80.246521,46779,46790,11
13.00664043,80.24636841,46790,46801,11
13.00660038,80.2457428,46801,46811,10
13.00656033,80.24510193,46811,46821,10
13.0065403,80.24458313,46821,46831,10
13.00652981,80.24416351,46831,46841,10
13.00652981,80.24368286,46841,46851,10
13.00652027,80.24327087,46851,46861,10
13.00650978,80.24255371,46861,46871,10
13.00652027,80.24162292,46871,46881,10
13.00656986,80.24088287,46881,46891,10
13.00658989,80.24056244,46891,46900,9
13.00667,80.24021912,46900,46911,11
13.00673962,80.23951721,46911,46922,11
13.00693035,80.2386322,46922,46932,10
13.00714016,80.2378006,46932,46942,10
13.00736046,80.23696899,46942,46972,30
13.00736046,80.23696899,46972,46982,10
13.00747013,80.23655701,46982,46992,10
13.00761032,80.23586273,46992,47002,10
13.00778008,80.23500824,47002,47012,10
13.00794029,80.23410034,47012,47022,10
13.0081501,80.233078,47022,47032,10
13.00837994,80.23193359,47032,47043,11
13.00858021,80.2306366,47043,47053,10
13.00887966,80.2293396,47053,47063,10
13.00916004,80.22823334,47063,47073,10
13.00957966,80.22720337,47073,47083,10
13.01004028,80.22621918,47083,47093,10
13.01039982,80.22559357,47093,47103,10
13.01060009,80.22514343,47103,47113,10
13.01076031,80.22460938,47113,47123,10
13.01095963,80.22396851,47123,47133,10
13.0111599,80.22328186,47133,47143,10
13.01148987,80.22250366,47143,47153,10
13.01179981,80.2216568,47153,47164,11
13.01224041,80.22135925,47164,47174,10
13.01257992,80.22186279,47174,47184,10
13.01301956,80.22241211,47184,47194,10
13.01352978,80.22296143,47194,47204,10
13.01404953,80.22354126,47204,47214,10
13.0144701,80.22406006,47214,47224,10
13.01473999,80.22434998,47224,47234,10
13.01490021,80.22451019,47234,47244,10
13.01508045,80.22473907,47244,47254,10
13.01533985,80.2248764,47254,47285,31
13.01533985,80.2248764,47285,47295,10
13.01568985,80.22515106,47295,47305,10
13.01628971,80.22530365,47305,47315,10
13.01716042,80.22502136,47315,47325,10
13.0181303,80.22463226,47325,47335,10
13.01887989,80.22434235,47335,47345,10
13.0191803,80.22427368,47345,47355,10
13.01935959,80.22432709,47355,47365,10
13.01943016,80.2243576,47365,47375,10
13.01970005,80.22450256,47375,47385,10
13.01998997,80.22471619,47385,47395,10
13.02048969,80.22509766,47395,47406,11
13.02097988,80.2254715,47406,47416,10
13.02140999,80.22580719,47416,47426,10
13.02202988,80.22627258,47426,47436,10
13.02280998,80.22692871,47436,47446,10
13.02348995,80.22756195,47446,47456,10
13.02429008,80.22839355,47456,47476,20
13.02429008,80.22839355,47476,47486,10
13.02453995,80.2287674,47486,47496,10
13.02497005,80.22936249,47496,47506,10
13.02548027,80.23007202,47506,47516,10
13.02583027,80.23071289,47516,47526,10
13.02587986,80.23085785,47526,47537,11
13.02593994,80.2309494,47537,47547,10
13.02602005,80.23130035,47547,47557,10
13.0261097,80.23165894,47557,47567,10
13.02624035,80.23219299,47567,47577,10
13.02639008,80.23261261,47577,47587,10
13.02647018,80.2328186,47587,47597,10
13.02657032,80.23297119,47597,47607,10
13.02657986,80.23297882,47607,47617,10
13.0267601,80.23332214,47617,47627,10
13.02721977,80.23403168,47627,47637,10
13.02772045,80.23490143,47637,47647,10
13.02824974,80.23571014,47647,47658,11
13.02904034,80.23658752,47658,47668,10
13.02952003,80.23710632,47668,47688,20
13.02952003,80.23710632,47688,47698,10
13.02972031,80.23741913,47698,47708,10
13.03005028,80.23799896,47708,47718,10
13.03048992,80.23872375,47718,47728,10
13.03075027,80.23912811,47728,47748,20
13.03075027,80.23912811,47748,47758,10
13.03089046,80.23937988,47758,47768,10
13.03108978,80.23964691,47768,47779,11
13.03118992,80.23980713,47779,47789,10
13.03129005,80.23995972,47789,47799,10
13.03139973,80.24049377,47799,47809,10
13.03166008,80.24121857,47809,47819,10
13.03195953,80.24185944,47819,47829,10
13.03240967,80.24243927,47829,47839,10
13.03287983,80.24308777,47839,47849,10
13.03349972,80.24391174,47849,47859,10
13.03409958,80.24474335,47859,47869,10
13.0346899,80.24545288,47869,47879,10
13.03532982,80.2460022,47879,47889,10
13.03573036,80.2461319,47889,47900,11
13.03575039,80.2461319,47900,47910,10
13.03592968,80.24622345,47910,47920,10
13.03649044,80.24636078,47920,47930,10
13.03730965,80.24640656,47930,47940,10
13.03800011,80.24648285,47940,47950,10
13.03864956,80.24674225,47950,47970,20
13.03864956,80.24674225,47970,47980,10
13.03876019,80.24674225,47980,47990,10
13.0392704,80.24687195,47990,48000,10
13.03958035,80.24693298,48000,48009,9
13.04006004,80.24703217,48009,48021,12
13.04074955,80.24713135,48021,48031,10
13.0407896,80.24713898,48031,48041,10
13.04102039,80.24717712,48041,48051,10
13.04162979,80.24729156,48051,48061,10
13.04238033,80.24748993,48061,48071,10
13.04271984,80.24768829,48071,48081,10
13.04306984,80.24786377,48081,48091,10
13.04349995,80.24786377,48091,48101,10
13.04356956,80.24787903,48101,48111,10
13.04382992,80.24784088,48111,48121,10
13.04405022,80.24777985,48121,48131,10
13.04436016,80.24784851,48131,48142,11
13.04487991,80.24793243,48142,48152,10
13.04531956,80.24813843,48152,48162,10
13.04586983,80.24842072,48162,48172,10
13.04658985,80.24838257,48172,48182,10
13.04687977,80.24833679,48182,48192,10
13.04697037,80.24838257,48192,48202,10
13.04732037,80.24855804,48202,48212,10
13.0478096,80.2490387,48212,48222,10
13.04831982,80.24951935,48222,48232,10
13.04872036,80.24961853,48232,48242,10
13.04926014,80.24967957,48242,48252,10
13.04969978,80.24976349,48252,48262,10
13.05055046,80.24992371,48262,48273,11
13.05140972,80.25018311,48273,48283,10
13.05218029,80.25077057,48283,48293,10
13.0527401,80.25151825,48293,48303,10
13.05329037,80.25225067,48303,48313,10
13.05366039,80.25273895,48313,48323,10
13.05395985,80.2531662,48323,48333,10
13.05422974,80.25350952,48333,48343,10
13.05436993,80.25372314,48343,48353,10
13.05451012,80.25389862,48353,48363,10
13.05459023,80.25404358,48363,48373,10
13.05471992,80.25424194,48373,48382,9
13.05484962,80.25437927,48382,48394,12
13.0551796,80.25479126,48394,48404,10
13.05554962,80.25528717,48404,48414,10
13.05580997,80.25562286,48414,48424,10
13.0559597,80.25582886,48424,48434,10
13.05620956,80.25617218,48434,48444,10
13.05671978,80.25670624,48444,48464,20
13.05671978,80.25670624,48464,48474,10
13.05681038,80.2568512,48474,48484,10
13.05714989,80.25713348,48484,48494,10
13.05753994,80.25749969,48494,48504,10
13.05778027,80.25775146,48504,48515,11
13.0581398,80.25817108,48515,48525,10
13.05848026,80.25861359,48525,48535,10
13.05877972,80.25897217,48535,48545,10
13.05912018,80.25939941,48545,48555,10
13.05943966,80.25991821,48555,48565,10
13.05990028,80.26033783,48565,48575,10
13.06060028,80.26112366,48575,48595,20
13.06060028,80.26112366,48595,48605,10
13.06077003,80.2613678,48605,48615,10
13.06116009,80.26184845,48615,48625,10
13.06149006,80.26216888,48625,48636,11
13.06165028,80.26242065,48636,48646,10
13.06177998,80.2625885,48646,48656,10
13.06215954,80.26306915,48656,48666,10
13.0630703,80.2640686,48666,48686,20
13.0630703,80.2640686,48686,48696,10
13.06315041,80.2641983,48696,48706,10
13.06340027,80.26460266,48706,48716,10
13.06373978,80.26515961,48716,48726,10
13.0639801,80.26553345,48726,48736,10
13.06424046,80.26583099,48736,48746,10
13.06435013,80.26593781,48746,48757,11
13.06449032,80.26602936,48757,48767,10
13.06457996,80.26618195,48767,48777,10
13.06468964,80.26634216,48777,48787,10
13.06480026,80.26650238,48787,48797,10
13.06499004,80.26677704,48797,48807,10
13.06548977,80.26717377,48807,48817,10
13.06606007,80.2678299,48817,48827,10
13.06682968,80.2684021,48827,48857,30
13.06682968,80.2684021,48857,48867,10
13.06694984,80.26849365,48867,48878,11
13.06735992,80.26876831,48878,48888,10
13.06783962,80.26909637,48888,48898,10
13.06812,80.26924133,48898,48908,10
13.0682497,80.26912689,48908,48918,10
13.06834984,80.26869202,48918,48928,10
13.06857967,80.26815796,48928,48938,10
13.06879997,80.26760101,48938,48948,10
13.06888962,80.26731873,48948,48958,10
13.06919956,80.26696014,48958,48968,10
13.06952953,80.26663971,48968,48978,10
13.06986046,80.26629639,48978,48988,10
13.06999969,80.26611328,48988,48998,10
13.07001019,80.26609802,48998,49009,11
13.07015991,80.26596069,49009,49019,10
13.07026958,80.26582336,49019,49029,10
13.07030964,80.26576996,49029,49039,10
13.07061958,80.26544189,49039,49049,10
13.07098007,80.26512146,49049,49059,10
13.07131004,80.26477814,49059,49069,10
13.07157993,80.26448059,49069,49079,10
13.07194996,80.26407623,49079,49089,10
13.07231045,80.26345825,49089,49099,10
13.07256985,80.26274109,49099,49108,9
13.07279968,80.26219177,49108,49119,11
13.07285976,80.26196289,49119,49130,11
13.07289028,80.26178741,49130,49140,10
13.07293034,80.26146698,49140,49150,10
13.07310009,80.26112366,49150,49160,10
13.07336998,80.26123047,49160,49170,10
13.07374001,80.26164246,49170,49180,10
13.07425976,80.26223755,49180,49190,10
13.07481956,80.26293182,49190,49200,10
13.07536983,80.26368713,49200,49210,10
13.07583046,80.2641983,49210,49220,10
13.07627964,80.26415253,49220,49230,10
13.07701969,80.26403046,49230,49240,10
13.07771015,80.26364136,49240,49251,11
13.07802963,80.26316833,49251,49261,10
13.07781029,80.26252747,49261,49271,10
13.07756042,80.26174927,49271,49281,10
13.07730007,80.26100159,49281,49301,20
13.07730007,80.26100159,49301,49311,10
13.07721996,80.26094055,49311,49321,10
13.07703972,80.26055908,49321,49331,10
13.07678986,80.26029968,49331,49341,10
13.07629967,80.2598877,49341,49351,10
13.07575989,80.2594223,49351,49361,10
13.07551956,80.25868988,49361,49412,51
13.07551956,80.25868988,49412,49422,10
13.07544041,80.25856018,49422,49432,10
13.07534981,80.25817871,49432,49442,10
13.07565022,80.25788116,49442,49452,10
13.07612038,80.25749207,49452,49462,10
13.07666969,80.25700378,49462,49472,10
13.07726002,80.25669861,49472,49482,10
13.07802963,80.25656128,49482,49493,11
13.07878017,80.25653076,49493,49503,10
13.07896996,80.25643921,49503,49513,10
13.07900047,80.256073,49513,49523,10
13.0789299,80.25550079,49523,49533,10
13.07886028,80.25505066,49533,49543,10
13.07886982,80.25457764,49543,49553,10
13.07942009,80.2545166,49553,49573,20
13.07942009,80.2545166,49573,49583,10
13.07966042,80.25457764,49583,49593,10
13.07979965,80.25460052,49593,49603,10
13.08001995,80.25460815,49603,49614,11
13.08063984,80.2547226,49614,49624,10
13.08094025,80.25476837,49624,49634,10
13.08094978,80.25476837,49634,49644,10
13.08125973,80.25476837,49644,49654,10
13.08156967,80.25453186,49654,49664,10
13.08178043,80.25406647,49664,49674,10
13.08189011,80.25357819,49674,49684,10
13.08189964,80.25315857,49684,49694,10
13.0816803,80.25267029,49694,49704,10
13.08139992,80.25200653,49704,49714,10
13.08135986,80.25132751,49714,49723,9
13.08133984,80.2509079,49723,49735,12
13.08131027,80.25048065,49735,49745,10
13.08127975,80.25012207,49745,49755,10
13.08127022,80.24968719,49755,49765,10
13.08160019,80.24952698,49765,49775,10
13.08199978,80.2496109,49775,49785,10
13.08205032,80.2496109,49785,49795,10
13.08230019,80.24967194,49795,49805,10
13.08248997,80.24971008,49805,49815,10
13.08269024,80.24974823,49815,49825,10
13.08296967,80.24980927,49825,49835,10
13.08360958,80.24990845,49835,49845,10
13.08444023,80.25003815,49845,49856,11
13.08469963,80.25009918,49856,49866,10
13.08497047,80.25016022,49866,49876,10
13.0855999,80.25025177,49876,49886,10
13.08584976,80.25013733,49886,49896,10
13.08586025,80.24963379,49896,49906,10
13.0858202,80.2487793,49906,49916,10
13.08576012,80.24797821,49916,49926,10
13.08567047,80.24659729,49926,49946,20
13.08567047,80.24659729,49946,49956,10
13.08570004,80.24639893,49956,49966,10
13.08561993,80.24578094,49966,49975,9
13.08563995,80.24526215,49975,49987,12
13.08584976,80.24501038,49987,49997,10
13.08635044,80.24459076,49997,50007,10
13.08697987,80.24407196,50007,50017,10
13.08751011,80.24365234,50017,50027,10
13.08773041,80.24329376,50027,50037,10
13.08782005,80.24286652,50037,50047,10
13.08798027,80.2421875,50047,50057,10
13.08848953,80.24176025,50057,50067,10
13.08911991,80.24133301,50067,50077,10
13.08975029,80.24093628,50077,50087,10
13.09053993,80.24079132,50087,50097,10
13.09129047,80.24082184,50097,50108,11
13.09220028,80.24085236,50108,50118,10
13.0929203,80.2408905,50118,50128,10
13.09395981,80.24107361,50128,50148,20
13.09395981,80.24107361,50148,50158,10
13.09418011,80.24108887,50158,50168,10
13.09440994,80.24114227,50168,50178,10
13.09471989,80.24121094,50178,50188,10
13.09527969,80.24138641,50188,50198,10
13.0958004,80.24157715,50198,50208,10
13.09669971,80.24194336,50208,50259,51
13.09669971,80.24194336,50259,50269,10
13.09696007,80.24198151,50269,50279,10
13.09722042,80.24204254,50279,50289,10
13.09770966,80.24214935,50289,50299,10
13.09813976,80.24226379,50299,50309,10
13.09840965,80.24226379,50309,50360,51
13.09840965,80.24226379,50360,50370,10
13.09871006,80.24211884,50370,50380,10
13.09875965,80.24192047,50380,50390,10
13.09875965,80.24179077,50390,50400,10
13.09881973,80.24160767,50400,50410,10
13.09877014,80.24136353,50410,50420,10
13.09856987,80.24124908,50420,50430,10
13.09864998,80.24133301,50430,51435,1005
13.09864998,80.24133301,51435,51445,10
13.09885025,80.24160004,51445,51455,10
13.09875965,80.24179077,51455,51465,10
13.09856033,80.24211121,51465,51858,393
13.09856033,80.24211121,51858,51868,10
13.09852028,80.24239349,51868,51878,10
13.0983696,80.24237823,51878,51888,10
13.09807968,80.24230957,51888,51898,10
13.09782028,80.24224854,51898,51908,10
13.0973196,80.24211884,51908,51919,11
13.09657001,80.24188232,51919,51929,10
13.09584999,80.24165344,51929,51939,10
13.0952301,80.24143219,51939,51949,10
13.09477997,80.24130249,51949,51959,10
13.09442997,80.24121857,51959,51969,10
13.09377956,80.2410965,51969,51979,10
13.09305,80.24098206,51979,51989,10
13.09253025,80.24092865,51989,51999,10
13.09193993,80.24088287,51999,52009,10
13.09105015,80.24085236,52009,52019,10
13.09010983,80.24086761,52019,52029,10
13.08940029,80.2411499,52029,52040,11
13.08848,80.24182129,52040,52050,10
13.08788013,80.24262238,52050,52060,10
13.08780003,80.24317932,52060,52070,10
13.08753014,80.24365234,52070,52080,10
13.08679008,80.24429321,52080,52090,10
13.08615017,80.24481964,52090,52100,10
13.0859499,80.24500275,52100,52109,9
13.08568954,80.24519348,52109,52120,11
13.08568001,80.24600983,52120,52130,10
13.08574009,80.24659729,52130,52140,10
13.08572006,80.24662781,52140,52150,10
13.08570004,80.24700928,52150,52161,11
13.08578014,80.24797821,52161,52171,10
13.08584023,80.24912262,52171,52181,10
13.08586979,80.25016785,52181,52201,20
13.08586979,80.25016785,52201,52211,10
13.08580971,80.25061798,52211,52221,10
13.08574009,80.25113678,52221,52231,10
13.08570004,80.25163269,52231,52241,10
13.08563995,80.25219727,52241,52251,10
13.08559036,80.25270081,52251,52261,10
13.08555984,80.25305176,52261,52271,10
13.08553028,80.253479,52271,52282,11
13.08559036,80.25404358,52282,52292,10
13.08555984,80.25457764,52292,52302,10
13.08514023,80.25466156,52302,52312,10
13.08444977,80.25463104,52312,52322,10
13.08395958,80.25456238,52322,52332,10
13.08374023,80.25454712,52332,52342,10
13.08298016,80.25450897,52342,52352,10
13.08236027,80.25444794,52352,52362,10
13.08168983,80.2547226,52362,52372,10
13.08115005,80.25479889,52372,52382,10
13.08059025,80.25473022,52382,52392,10
13.0799799,80.25466919,52392,52402,10
13.07979012,80.25462341,52402,52413,11
13.07917976,80.25463104,52413,52473,60
13.07917976,80.25463104,52473,52483,10
13.07888031,80.25466919,52483,52493,10
13.07898045,80.25527191,52493,52503,10
13.07907963,80.25639343,52503,52534,31
13.07907963,80.25639343,52534,52544,10
13.07905006,80.25662231,52544,52554,10
13.07839966,80.25666809,52554,52564,10
13.07748985,80.25672913,52564,52573,9
13.07682991,80.25701141,52573,52584,11
13.07600021,80.25773621,52584,52594,10
13.07557964,80.25816345,52594,52604,10
13.07551956,80.25821686,52604,52614,10
13.07557011,80.25869751,52614,52624,10
13.07596016,80.25952911,52624,52634,10
13.07664967,80.26013947,52634,52644,10
13.07705021,80.26055908,52644,52655,11
13.07746029,80.26119232,52655,52665,10
13.07779026,80.26210785,52665,52685,20
13.07779026,80.26210785,52685,52695,10
13.07783031,80.26229858,52695,52705,10
13.07791042,80.26270294,52705,52715,10
13.07810974,80.26319885,52715,52725,10
13.0782299,80.26334381,52725,52735,10
13.07791042,80.26360321,52735,52745,10
13.0775404,80.26392365,52745,52755,10
13.0769701,80.26409912,52755,52765,10
13.07645988,80.26418304,52765,52776,11
13.07594967,80.26425171,52776,52786,10
13.0756197,80.26409149,52786,52796,10
13.07518959,80.26347351,52796,52806,10
13.07468033,80.26280212,52806,52816,10
13.07419968,80.26222229,52816,52826,10
13.0737896,80.26171875,52826,52836,10
13.07357979,80.26148224,52836,52846,10
13.07316017,80.26138306,52846,52856,10
13.07289982,80.26194763,52856,52866,10
13.07268047,80.26265717,52866,52876,10
13.07248974,80.26325226,52876,52886,10
13.07215977,80.26390076,52886,52897,11
13.07172966,80.26441193,52897,52907,10
13.07149982,80.26464081,52907,52917,10
13.07127953,80.2648468,52917,52927,10
13.0708704,80.26525879,52927,52937,10
13.07052994,80.26563263,52937,52947,10
13.07019043,80.26600647,52947,53068,121
13.07019043,80.26600647,53068,53078,10
13.06982994,80.26635742,53078,53088,10
13.06964016,80.26656342,53088,53098,10
13.06949997,80.26669312,53098,53108,10
13.06931973,80.266922,53108,53118,10
13.06902027,80.26724243,53118,53128,10
13.06881046,80.2678833,53128,53139,11
13.06863022,80.26846313,53139,53149,10
13.06855011,80.26863098,53149,53159,10
13.06840038,80.26912689,53159,53169,10
13.06828022,80.26959991,53169,53179,10
13.06822014,80.2701416,53179,53189,10
13.06816006,80.2706604,53189,53199,10
13.06789017,80.27094269,53199,53209,10
13.0676403,80.27069092,53209,53219,10
13.0672102,80.27030945,53219,53229,10
13.0671196,80.27021027,53229,53239,10
13.06678963,80.26985168,53239,53249,10
13.06653023,80.26927948,53249,53259,10
13.06639957,80.26869202,53259,53270,11
13.06604958,80.26805115,53270,53280,10
13.06562996,80.26764679,53280,53290,10
13.06548977,80.26761627,53290,53300,10
13.06525993,80.26757813,53300,53310,10
13.06492996,80.26754761,53310,53320,10
13.06470013,80.26753235,53320,53330,10
13.06451988,80.26748657,53330,53340,10
13.06439972,80.26747131,53340,53350,10
13.06422997,80.26743317,53350,53360,10
13.06394958,80.26738739,53360,53370,10
13.06359005,80.26732635,53370,53380,10
13.06334972,80.26725769,53380,53391,11
13.06326962,80.26725769,53391,53401,10
13.06289005,80.26722717,53401,53411,10
13.06241035,80.26673889,53411,53421,10
13.06184006,80.26602936,53421,53431,10
13.06142998,80.26551819,53431,53441,10
13.06110954,80.26516724,53441,53451,10
13.06066036,80.26525879,53451,53461,10
13.0599699,80.26554108,53461,53471,10
13.05949974,80.26553345,53471,53481,10
13.05883026,80.26541901,53481,53512,31
13.05883026,80.26541901,53512,53522,10
13.05832958,80.26528168,53522,53532,10
13.05807972,80.26483917,53532,53542,10
13.05797958,80.2641983,53542,53552,10
13.05790997,80.26345825,53552,53562,10
13.05786037,80.26273346,53562,53572,10
13.05774975,80.26222992,53572,53582,10
13.05757999,80.2615509,53582,53592,10
13.05739975,80.26069641,53592,53602,10
13.05710983,80.25974274,53602,53612,10
13.05687046,80.25900269,53612,53621,9
13.05675983,80.25874329,53621,53633,12
13.0566597,80.25849915,53633,53643,10
13.05661011,80.25823975,53643,53653,10
13.05655956,80.25788879,53653,53663,10
13.05650043,80.25736237,53663,53683,20
13.05650043,80.25736237,53683,53693,10
13.05642033,80.25714874,53693,53703,10
13.05634975,80.25691986,53703,53713,10
13.05628014,80.25653839,53713,53723,10
13.05605984,80.25611115,53723,53733,10
13.05564976,80.25550842,53733,53743,10
13.05510044,80.25475311,53743,53753,10
13.05453968,80.25399017,53753,53764,11
13.05420017,80.25350952,53764,53774,10
13.05410004,80.25335693,53774,53784,10
13.05368996,80.2527771,53784,53794,10
13.05325985,80.25221252,53794,53804,10
13.0527401,80.25153351,53804,53814,10
13.05231953,80.25099182,53814,53824,10
13.05179977,80.2504425,53824,53834,10
13.05119991,80.25010681,53834,53844,10
13.05035973,80.24990845,53844,53854,10
13.04953957,80.24980164,53854,53864,10
13.0486002,80.24967194,53864,53874,10
13.04794025,80.24925232,53874,53885,11
13.04714012,80.24861908,53885,53895,10
13.04699039,80.24858093,53895,53905,10
13.04658985,80.24852753,53905,53915,10
13.04582977,80.2483902,53915,53925,10
13.04520035,80.24816895,53925,53935,10
13.0444603,80.24801636,53935,53945,10
13.04370022,80.24784088,53945,53955,10
13.04312992,80.24781799,53955,53965,10
13.04246044,80.24768829,53965,53975,10
13.04172993,80.24749756,53975,53985,10
13.04154015,80.24743652,53985,53995,10
13.04104996,80.24730682,53995,54006,11
13.04018974,80.24714661,54006,54016,10
13.03944969,80.24698639,54016,54026,10
13.0387001,80.2468338,54026,54036,10
13.03818035,80.24674225,54036,54046,10
13.03757954,80.24664307,54046,54056,10
13.03697014,80.246521,54056,54066,10
13.03645039,80.24639893,54066,54076,10
13.03612041,80.24633026,54076,54086,10
13.03573036,80.24620819,54086,54096,10
13.03536987,80.24609375,54096,54106,10
13.03534985,80.24607849,54106,54116,10
13.03507996,80.24590302,54116,54127,11
13.03483963,80.24568939,54127,54137,10
13.03474045,80.24555969,54137,54147,10
13.03452015,80.24521637,54147,54157,10
13.0340004,80.24459839,54157,54167,10
13.03332996,80.24376678,54167,54177,10
13.03256035,80.24279022,54177,54187,10
13.03209972,80.24215698,54187,54207,20
13.03209972,80.24215698,54207,54217,10
13.03197002,80.24198914,54217,54227,10
13.03174019,80.24147797,54227,54237,10
13.0313797,80.24073792,54237,54248,11
13.03108978,80.24002075,54248,54338,90
13.03108978,80.24002075,54338,54348,10
13.03098011,80.23975372,54348,54358,10
13.03059959,80.2390213,54358,54368,10
13.03005981,80.23800659,54368,54379,11
13.02933025,80.23697662,54379,54389,10
13.02900982,80.23664093,54389,54399,10
13.02851009,80.23606873,54399,54409,10
13.02783966,80.23523712,54409,54419,10
13.0272398,80.23416901,54419,54429,10
13.02655983,80.23306274,54429,54439,10
13.02616024,80.2321167,54439,54449,10
13.02595997,80.23129272,54449,54459,10
13.02562046,80.23030853,54459,54469,10
13.02499962,80.22943878,54469,54479,10
13.02396011,80.22820282,54479,54510,31
13.02396011,80.22820282,54510,54520,10
13.02383995,80.22801971,54520,54530,10
13.02346992,80.22757721,54530,54540,10
13.02268028,80.22686768,54540,54550,10
13.02173996,80.22608185,54550,54560,10
13.02089977,80.22543335,54560,54570,10
13.01990986,80.22477722,54570,54580,10
13.01885033,80.22445679,54580,54590,10
13.01778984,80.22486115,54590,54600,10
13.01686954,80.22522736,54600,54609,9
13.01646042,80.22540283,54609,54621,12
13.01597977,80.22554779,54621,54631,10
13.01537037,80.22576904,54631,54641,10
13.01455975,80.22612762,54641,54661,20
13.01455975,80.22612762,54661,54671,10
13.01428986,80.22624969,54671,54681,10
13.01397038,80.22638702,54681,54691,10
13.01317024,80.22669983,54691,54701,10
13.01220989,80.22705841,54701,54711,10
13.01111984,80.22750854,54711,54721,10
13.00994968,80.22798157,54721,54731,10
13.00911045,80.22859192,54731,54742,11
13.00883007,80.22992706,54742,54752,10
13.00856018,80.23142242,54752,54762,10
13.00819016,80.23365784,54762,54782,20
13.00819016,80.23365784,54782,54792,10
13.00804996,80.23416138,54792,54802,10
13.00788975,80.23493195,54802,54812,10
13.00771046,80.23583221,54812,54822,10
13.00747013,80.23709869,54822,54832,10
13.00724983,80.23825073,54832,54842,10
13.00702,80.23931885,54842,54851,9
13.00685024,80.24004364,54851,54903,52
13.00685024,80.24004364,54903,54913,10
13.00691986,80.24011993,54913,54923,10
13.00683975,80.2405777,54923,54933,10
13.00681973,80.2407074,54933,54943,10
13.00677013,80.24127197,54943,54953,10
13.00671005,80.24237823,54953,54963,10
13.00664043,80.24349976,54963,54973,10
13.00660992,80.24474335,54973,54984,11
13.00667,80.24606323,54984,54994,10
13.00671959,80.24677277,54994,55004,10
13.00675011,80.24710083,55004,55014,10
13.00673008,80.24764252,55014,55024,10
13.00671005,80.2484436,55024,55034,10
13.00675011,80.24945831,55034,55044,10
13.00671959,80.25035858,55044,55054,10
13.00675011,80.25119019,55054,55064,10
13.00662994,80.25196838,55064,55074,10
13.0065403,80.25289154,55074,55084,10
13.00654984,80.25383759,55084,55094,10
13.00658035,80.25466919,55094,55103,9
13.00658035,80.25482178,55103,55115,12
13.00656033,80.25488281,55115,55125,10
13.00656986,80.25550842,55125,55135,10
13.00656986,80.25643921,55135,55145,10
13.00658035,80.25704193,55145,55165,20
13.00658035,80.25704193,55165,55175,10
13.00671959,80.25727844,55175,55185,10
13.00632,80.25750732,55185,55195,10
13.00553989,80.25739288,55195,55205,10
13.00487995,80.25720215,55205,55215,10
13.00421047,80.25705719,55215,55225,10
13.00358009,80.25694275,55225,55236,11
13.00280952,80.25679016,55236,55246,10
13.00207043,80.25666046,55246,55256,10
13.00156021,80.25657654,55256,55316,60
13.00156021,80.25657654,55316,55326,10
13.00144958,80.25663757,55326,55336,10
13.00102997,80.25656128,55336,55346,10
13.00035954,80.25644684,55346,55357,11
12.99983025,80.25636292,55357,55367,10
12.99936962,80.25623322,55367,55377,10
12.99868965,80.25611115,55377,55397,20
12.99851036,80.25614166,55397,55437,40
12.99851036,80.25614166,55437,55447,10
12.99802017,80.25596619,55447,55457,10
12.99744987,80.25591278,55457,55467,10
12.99697971,80.25588989,55467,55478,11
12.99672985,80.25588226,55478,55488,10
12.99629021,80.25588989,55488,55498,10
12.99575043,80.25589752,55498,55508,10
12.9952898,80.25588989,55508,55518,10
12.99466991,80.25592041,55518,55528,10
12.9942503,80.25595856,55528,55538,10
12.99347019,80.25601959,55538,55548,10
12.99252033,80.25610352,55548,55558,10
12.99151993,80.25608063,55558,55568,10
12.99055958,80.25604248,55568,55599,31
12.99055958,80.25604248,55599,55609,10
12.99013996,80.25598145,55609,55619,10
12.98976994,80.2559967,55619,55629,10
12.98917961,80.25596619,55629,55639,10
12.98853016,80.25592804,55639,55790,151
12.98853016,80.25592804,55790,55800,10
12.98818016,80.2558136,55800,55810,10
12.98805046,80.25576782,55810,55820,10
12.98766041,80.25579071,55820,55830,10
12.98756027,80.25637054,55830,55840,10
12.98756027,80.2569809,55840,55851,11
12.98746014,80.25788879,55851,55861,10
12.98740005,80.25862885,55861,55871,10
12.98727036,80.25924683,55871,55901,30
12.98727036,80.25924683,55901,55911,10
12.98713017,80.25956726,55911,55931,20
12.98713017,80.25956726,55931,55941,10
12.98684978,80.25950623,55941,55972,31
12.98684978,80.25950623,55972,55982,10
12.98670959,80.25956726,55982,55992,10
12.98655987,80.25937653,55992,56002,10
12.98663044,80.25906372,56002,56183,181
12.98700047,80.25906372,56183,56466,283
12.98719978,80.25906372,56466,56486,20
12.98719978,80.25906372,56486,56496,10
12.98729992,80.2589035,56496,56506,10
12.98731041,80.25871277,56506,56516,10
12.98731041,80.25856018,56516,56526,10
12.98735046,80.2582016,56526,56536,10
12.98740005,80.25771332,56536,56546,10
12.98744965,80.25714111,56546,56556,10
12.98754025,80.25675201,56556,56677,121
12.98754025,80.25675201,56677,56687,10
12.98762035,80.25624084,56687,56697,10
12.98762035,80.25601196,56697,56707,10
12.98773956,80.25576782,56707,56718,11
12.98799992,80.25576019,56718,56728,10
12.98808002,80.25578308,56728,56738,10
12.98826981,80.25572968,56738,56758,20
12.98826981,80.25572968,56758,56768,10
12.98843956,80.25576782,56768,56778,10
12.98859024,80.25579071,56778,56788,10
12.98886013,80.25582886,56788,56798,10
12.98904037,80.25585175,56798,56808,10
12.98964977,80.25592041,56808,56818,10
12.99042988,80.25595093,56818,56828,10
12.99118042,80.25598145,56828,56839,11
12.99223995,80.25601959,56839,56849,10
12.99328995,80.25595856,56849,56859,10
12.99407959,80.25588989,56859,56889,30
12.99407959,80.25588989,56889,56899,10
12.99425983,80.25591278,56899,56909,10
12.9946003,80.25579834,56909,56919,10
12.99532986,80.25579834,56919,56980,61
12.99532986,80.25579834,56980,56990,10
12.99573994,80.25576782,56990,57000,10
12.99615002,80.2557373,57000,57010,10
12.9965601,80.2557373,57010,57020,10
12.99693012,80.25575256,57020,57030,10
12.99740982,80.25578308,57030,57040,10
12.99767017,80.25582886,57040,57050,10
12.99820042,80.25585938,57050,57060,10
12.99878025,80.25595856,57060,57081,21
12.99878025,80.25595856,57081,57091,10
12.99903965,80.25598145,57091,57101,10
12.99944973,80.256073,57101,57111,10
12.99991035,80.2562027,57111,57121,10
13.00039005,80.25628662,57121,57131,10
13.00090027,80.25636292,57131,57141,10
13.00127029,80.25643921,57141,57151,10
13.00156021,80.25649261,57151,57161,10
13.00195026,80.25652313,57161,57171,10
13.00257015,80.25662994,57171,57181,10
13.00316048,80.25679016,57181,57191,10
13.00374031,80.25691223,57191,57201,10
13.00434971,80.25698853,57201,57212,11
13.00522995,80.25713348,57212,57262,50
13.00522995,80.25713348,57262,57272,10
13.00551033,80.25717926,57272,57282,10
13.00592041,80.25726318,57282,57292,10
13.00636005,80.25727844,57292,57302,10
13.00642967,80.25701904,57302,57312,10
13.00644016,80.25656891,57312,57322,10
13.00648975,80.25578308,57322,57333,11
13.0065403,80.25498962,57333,57343,10
13.00652027,80.25424957,57343,57353,10
13.00656033,80.25386047,57353,57363,10
13.00660038,80.25369263,57363,57373,10
13.00658989,80.25337982,57373,57383,10
13.00658989,80.25337219,57383,57393,10
13.00656033,80.25292206,57393,57403,10
13.00664997,80.25205994,57403,57494,91
13.00664997,80.25205994,57494,57504,10
13.00671005,80.25138092,57504,57514,10
13.00673008,80.2506485,57514,57524,10
13.00673962,80.24944305,57524,57534,10
13.00666046,80.24835968,57534,57544,10
13.00660038,80.24771118,57544,57635,91
13.00660038,80.24771118,57635,57645,10
13.00662041,80.24755096,57645,57655,10
13.00666046,80.24720001,57655,57665,10
13.00656986,80.24662018,57665,57675,10
13.00656986,80.24655914,57675,57685,10
13.00662041,80.24638367,57685,57696,11
13.00662994,80.24604034,57696,57706,10
13.00660038,80.24536133,57706,57716,10
13.00660038,80.24462128,57716,57726,10
13.00662994,80.24417114,57726,57736,10
13.00658989,80.24352264,57736,57746,10
13.00658035,80.24278259,57746,57756,10
13.00656986,80.2417984,57756,57766,10
13.00660992,80.24092865,57766,57776,10
13.00662994,80.24067688,57776,57786,10
13.00666046,80.24040985,57786,57796,10
13.00675964,80.23989868,57796,57806,10
13.00695992,80.23905945,57806,57816,10
13.00708961,80.23842621,57816,57827,11
13.00720024,80.23789215,57827,57837,10
13.0073204,80.23735046,57837,57847,10
13.00737953,80.23683929,57847,57857,10
13.00739956,80.23677063,57857,57867,10
13.00753021,80.23641968,57867,57877,10
13.00769997,80.235672,57877,57887,10
13.00788975,80.23470306,57887,57897,10
13.00809956,80.23364258,57897,57907,10
13.00829983,80.23262024,57907,57917,10
13.00852013,80.23155212,57917,57927,10
13.00874043,80.2304306,57927,57937,10
13.00895977,80.22933197,57937,57948,11
13.00918961,80.22825623,57948,57958,10
13.00957966,80.22733307,57958,57968,10
13.01004982,80.22628021,57968,57978,10
13.01039982,80.22563171,57978,57988,10
13.01066017,80.22505951,57988,57998,10
13.01089954,80.22451782,57998,58008,10
13.01119995,80.22374725,58008,58038,30
13.01119995,80.22374725,58038,58048,10
13.01123047,80.22353363,58048,58058,10
13.01136017,80.22316742,58058,58069,11
13.01159,80.22264862,58069,58079,10
13.01185989,80.22189331,58079,58089,10
13.01228046,80.22151184,58089,58099,10
13.01243973,80.22174072,58099,58109,10
13.01280022,80.22218323,58109,58119,10
13.01336002,80.22279358,58119,58129,10
13.01383972,80.22328186,58129,58139,10
13.01393032,80.22335052,58139,58149,10
13.01420975,80.22355652,58149,58159,10
13.01453018,80.22389984,58159,58169,10
13.01498985,80.22450256,58169,58179,10
13.01521015,80.2247467,58179,58190,11
13.01533985,80.22483826,58190,58200,10
13.01546001,80.22489929,58200,58210,10
13.01568031,80.22509003,58210,58220,10
13.01632977,80.22525024,58220,58230,10
13.01718044,80.22499847,58230,58240,10
13.01823997,80.22457886,58240,58250,10
13.01928043,80.22425842,58250,58270,20
13.01928043,80.22425842,58270,58280,10
13.01947975,80.22437286,58280,58290,10
13.01968956,80.22447968,58290,58300,10
13.02011013,80.224823,58300,58311,11
13.02073002,80.22528076,58311,58321,10
13.02136993,80.22577667,58321,58331,10
13.02208996,80.22634125,58331,58341,10
13.02283955,80.2269516,58341,58351,10
13.02330017,80.22737122,58351,58361,10
13.02381039,80.22785187,58361,58371,10
13.02414036,80.22825623,58371,58401,30
13.02414036,80.22825623,58401,58411,10
13.0243597,80.22855377,58411,58421,10
13.02462959,80.22891998,58421,58432,11
13.02497005,80.22934723,58432,58442,10
13.02544022,80.22997284,58442,58462,20
13.02544022,80.22997284,58462,58472,10
13.02548027,80.23004913,58472,58482,10
13.02558994,80.2302475,58482,58492,10
13.02571011,80.23046875,58492,58502,10
13.0257597,80.23059845,58502,58512,10
13.02589035,80.23097992,58512,58522,10
13.02604008,80.23148346,58522,58532,10
13.02622986,80.23223877,58532,58542,10
13.02667046,80.23319244,58542,58553,11
13.02721024,80.23406219,58553,58563,10
13.02762032,80.23474884,58563,58573,10
13.02779961,80.23513031,58573,58583,10
13.02814007,80.23560333,58583,58593,10
13.02867031,80.23618317,58593,58603,10
13.02921009,80.23674774,58603,58613,10
13.02950954,80.23708344,58613,58623,10
13.02950954,80.23718262,58623,58633,10
13.02980042,80.23755646,58633,58643,10
13.03024006,80.23828125,58643,58653,10
13.03077984,80.23919678,58653,58662,9
13.03118992,80.23989868,58662,58673,11
13.03141975,80.2403183,58673,58684,11
13.03151989,80.24093628,58684,58694,10
13.03176022,80.24143219,58694,58704,10
13.03201008,80.24195099,58704,58714,10
13.03242016,80.24246216,58714,58724,10
13.03293037,80.24314117,58724,58734,10
13.03345013,80.2437973,58734,58744,10
13.03380966,80.24433899,58744,58754,10
13.03421021,80.24490356,58754,58764,10
13.03464031,80.24542236,58764,58774,10
13.0348196,80.24565887,58774,58784,10
13.03505993,80.24585724,58784,58805,21
13.03505993,80.24585724,58805,58815,10
13.03526974,80.24601746,58815,58825,10
13.0356102,80.24611664,58825,58835,10
13.03565025,80.2461319,58835,58845,10
13.03581047,80.24619293,58845,58855,10
13.03608036,80.24633026,58855,58865,10
13.03666973,80.24642181,58865,58875,10
13.03730965,80.24645996,58875,58885,10
13.03787994,80.24649048,58885,58895,10
13.03870964,80.24675751,58895,58956,61
13.03870964,80.24675751,58956,58966,10
13.03880024,80.24678802,58966,58976,10
13.03921032,80.24690247,58976,58986,10
13.03969002,80.24700165,58986,58996,10
13.04032993,80.24712372,58996,59006,10
13.04080009,80.24720001,59006,59016,10
13.04088974,80.2472229,59016,59026,10
13.04144001,80.24736023,59026,59036,10
13.04207993,80.24751282,59036,59047,11
13.04261017,80.24765778,59047,59057,10
13.04310989,80.24783325,59057,59067,10
13.04374027,80.24790192,59067,59077,10
13.04413986,80.24784851,59077,59087,10
13.04452038,80.24790192,59087,59097,10
13.04506016,80.2481308,59097,59107,10
13.04570007,80.24835205,59107,59117,10
13.04640007,80.24842834,59117,59127,10
13.04691982,80.2483902,59127,59137,10
13.04701996,80.2484436,59137,59147,10
13.04741001,80.2486496,59147,59157,10
13.04784966,80.24907684,59157,59168,11
13.04835033,80.24952698,59168,59178,10
13.04854012,80.2496109,59178,59188,10
13.04899979,80.24970245,59188,59198,10
13.04955006,80.24974823,59198,59208,10
13.05039024,80.24990845,59208,59218,10
13.05123043,80.25012207,59218,59228,10
13.05189991,80.25052643,59228,59238,10
13.05230045,80.25097656,59238,59248,10
13.05280972,80.25164032,59248,59258,10
13.05340958,80.25243378,59258,59268,10
13.05389977,80.25312805,59268,59278,10
13.05449963,80.25392151,59278,59289,11
13.05502033,80.25457764,59289,59299,10
13.05550003,80.25521088,59299,59307,8
13.05583954,80.25569916,59307,59318,11
13.05615044,80.2561264,59318,59329,11
13.05663013,80.25668335,59329,59349,20
13.05663013,80.25668335,59349,59359,10
13.05663013,80.25676727,59359,59369,10
13.05696011,80.25704193,59369,59379,10
13.05757046,80.25753784,59379,59389,10
13.05805016,80.25805664,59389,59398,9
13.05850029,80.2585907,59398,59410,12
13.05908012,80.25930023,59410,59420,10
13.05951023,80.26000977,59420,59430,10
13.06005001,80.26046753,59430,59440,10
13.06056023,80.26104736,59440,59450,10
13.06068993,80.26119995,59450,59460,10
13.06066036,80.26125336,59460,59470,10
13.06081963,80.26154327,59470,59480,10
13.06105042,80.26184082,59480,59490,10
13.0613699,80.26213837,59490,59500,10
13.0615797,80.26229095,59500,59510,10
13.06180954,80.26261902,59510,59520,10
13.06182003,80.26262665,59520,59531,11
13.06186962,80.26270294,59531,59541,10
13.06217003,80.26307678,59541,59551,10
13.06266022,80.2636795,59551,59561,10
13.06311989,80.26416779,59561,59571,10
13.06324959,80.26429749,59571,59581,10
13.06342983,80.26455688,59581,59591,10
13.0636797,80.26495361,59591,59611,20
13.0636797,80.26495361,59611,59621,10
13.06379986,80.26512909,59621,59652,31
13.06379986,80.26512909,59652,59662,10
13.06394005,80.26551056,59662,59672,10
13.06408024,80.26571655,59672,59682,10
13.06420994,80.26583862,59682,59692,10
13.06435013,80.26596832,59692,59702,10
13.06449032,80.26615906,59702,59712,10
13.06468964,80.26641846,59712,59722,10
13.06484032,80.26660156,59722,59732,10
13.0650301,80.26683044,59732,59742,10
13.06548977,80.2671814,59742,59752,10
13.06597996,80.26777649,59752,59762,10
13.06643963,80.26831818,59762,59772,10
13.06676006,80.26844788,59772,59783,11
13.06704044,80.26859283,59783,59793,10
13.06709003,80.26863861,59793,59803,10
13.06744003,80.26889801,59803,59813,10
13.06787968,80.26920319,59813,59823,10
13.06820011,80.26937866,59823,59833,10
13.06832981,80.26924133,59833,59843,10
13.06842041,80.26879883,59843,59853,10
13.06849003,80.26851654,59853,59863,10
13.06865978,80.2681427,59863,59873,10
13.06888008,80.26750183,59873,59883,10
13.06900978,80.26721191,59883,59893,10
13.06912041,80.26708221,59893,59904,11
13.0692997,80.26695251,59904,59914,10
13.06958961,80.26667786,59914,59924,10
13.0699501,80.26631165,59924,59934,10
13.07028008,80.26595306,59934,59944,10
13.07040977,80.26586151,59944,59954,10
13.07073975,80.26554108,59954,59964,10
13.07116985,80.26508331,59964,59974,10
13.07170963,80.26450348,59974,59984,10
13.07219982,80.26387787,59984,59994,10
13.07250023,80.2631073,59994,60004,10
13.07269955,80.26254272,60004,60014,10
13.07287025,80.26196289,60014,60025,11
13.07289982,80.26186371,60025,60035,10
13.07301998,80.26145935,60035,60045,10
13.07324982,80.26116943,60045,60055,10
13.07361984,80.26152802,60055,60065,10
13.07417011,80.26215363,60065,60075,10
13.07470036,80.26278687,60075,60085,10
13.07505035,80.26329803,60085,60095,10
13.07555008,80.26397705,60095,60105,10
13.07619953,80.2641983,60105,60115,10
13.07697964,80.26412964,60115,60125,10
13.07761955,80.26386261,60125,60135,10
13.07808971,80.26335907,60135,60146,11
13.07787037,80.26267242,60146,60156,10
13.07765961,80.26200104,60156,60166,10
13.07742977,80.2613678,60166,60176,10
13.07728004,80.26094818,60176,60196,20
13.07728004,80.26094818,60196,60206,10
13.07711983,80.26069641,60206,60216,10
13.07688999,80.26045227,60216,60226,10
13.07660007,80.26013947,60226,60236,10
13.07598019,80.25966644,60236,60246,10
13.07555962,80.25885773,60246,60256,10
13.07549,80.25814056,60256,60267,11
13.07600021,80.25776672,60267,60277,10
13.07654953,80.25724792,60277,60287,10
13.07711983,80.25685883,60287,60297,10
13.07783031,80.25666809,60297,60307,10
13.0787096,80.25660706,60307,60317,10
13.07907009,80.25636292,60317,60327,10
13.07900047,80.25570679,60327,60337,10
13.07890034,80.25502777,60337,60398,61
13.07890034,80.25502777,60398,60408,10
13.07888031,80.25489044,60408,60418,10
13.07888031,80.25470734,60418,60428,10
13.07890987,80.2545929,60428,60438,10
13.07921982,80.25453949,60438,60448,10
13.07944012,80.25457764,60448,60468,20
13.07944012,80.25457764,60468,60478,10
13.07962036,80.25460815,60478,60488,10
13.07973003,80.25463104,60488,60498,10
13.07993031,80.25467682,60498,60509,11
13.08014011,80.25469971,60509,60519,10
13.08034992,80.25475311,60519,60529,10
13.08080959,80.25476837,60529,60539,10
13.08117008,80.25482941,60539,60549,10
13.08150959,80.25480652,60549,60559,10
13.08174992,80.25430298,60559,60569,10
13.08185005,80.25376892,60569,60579,10
13.08183002,80.25314331,60579,60589,10
13.08152008,80.25257874,60589,60599,10
13.08137035,80.25189972,60599,60609,10
13.08137035,80.25125885,60609,60619,10
13.08135986,80.25093842,60619,60630,11
13.08133984,80.25041962,60630,60640,10
13.08129025,80.24994659,60640,60650,10
13.0815897,80.24965668,60650,60660,10
13.08201981,80.24971771,60660,60670,10
13.08255005,80.24980927,60670,60680,10
13.08285999,80.24987793,60680,60690,10
13.08345032,80.24993134,60690,60700,10
13.08407974,80.25006866,60700,60710,10
13.08460999,80.2501297,60710,60720,10
13.08471012,80.25012207,60720,60730,10
13.08510017,80.25022125,60730,60740,10
13.08541965,80.25029755,60740,60751,11
13.08568001,80.25031281,60751,60761,10
13.08580017,80.25005341,60761,60771,10
13.08580971,80.2494278,60771,60781,10
13.08580017,80.248703,60781,60791,10
13.08578014,80.24797821,60791,60801,10
13.08574963,80.24716187,60801,60811,10
13.08570004,80.2466507,60811,60821,10
13.08567047,80.24661255,60821,60831,10
13.08563042,80.24594879,60831,60851,20
13.08563042,80.24594879,60851,60861,10
13.08561039,80.2457962,60861,60872,11
13.08559036,80.24539185,60872,60882,10
13.08598042,80.24495697,60882,60892,10
13.08666992,80.24443054,60892,60902,10
13.08730984,80.24388885,60902,60912,10
13.08771038,80.24346161,60912,60922,10
13.08782005,80.24315643,60922,60932,10
13.08792019,80.24259186,60932,60942,10
13.08827019,80.24196625,60942,60951,9
13.08866978,80.24169159,60951,60962,11
13.08918953,80.24133301,60962,60972,10
13.0897398,80.24098969,60972,60982,10
13.09045982,80.24082947,60982,60993,11
13.09150028,80.24086761,60993,61003,10
13.09228992,80.24092865,61003,61013,10
13.09272003,80.24095154,61013,61023,10
13.09333992,80.24105072,61023,61033,10
13.09399986,80.24115753,61033,61043,10
13.0942297,80.24118042,61043,61053,10
13.09436989,80.24121857,61053,61063,10
13.09473991,80.24130249,61063,61073,10
13.09512043,80.24137878,61073,61083,10
13.09562016,80.241539,61083,61093,10
13.09632015,80.24178314,61093,61103,10
13.09648037,80.24183655,61103,61113,10
13.09673023,80.24192047,61113,61124,11
13.09710979,80.24204254,61124,61214,90
13.09710979,80.24204254,61214,61224,10
13.09727001,80.24208832,61224,61234,10
13.09766006,80.24220276,61234,61245,11
13.0985899,80.24230194,61245,61275,30
13.0985899,80.24230194,61275,61285,10
13.09875965,80.24214172,61285,61295,10
13.09860992,80.2417984,61295,61305,10
13.09844971,80.24217224,61305,61557,252
13.09844971,80.24217224,61557,61567,10
13.09840012,80.24237823,61567,61577,10
13.09799957,80.24230194,61577,61587,10
13.09759045,80.24221039,61587,61658,71
13.09759045,80.24221039,61658,61668,10
13.09741974,80.24215698,61668,61678,10
13.09708023,80.24204254,61678,61688,10
13.09673977,80.24194336,61688,61698,10
13.09626961,80.24176788,61698,61708,10
13.09570026,80.24156189,61708,61718,10
13.09512997,80.24136353,61718,61729,11
13.09465981,80.24127197,61729,61739,10
13.09428024,80.24121857,61739,61749,10
13.09364033,80.24111938,61749,61759,10
13.09354973,80.24111176,61759,61769,10
13.09342003,80.24108124,61769,61779,10
13.09290981,80.24101257,61779,61789,10
13.09222984,80.24093628,61789,61799,10
13.09132957,80.2408905,61799,61809,10
13.09029961,80.24086761,61809,61819,10
13.08952999,80.24111176,61819,61829,10
13.08893013,80.24152374,61829,61839,10
13.08833981,80.24195099,61839,61850,11
13.08788967,80.24276733,61850,61860,10
13.08782005,80.24321747,61860,61870,10
13.08773994,80.24347687,61870,61880,10
13.08751965,80.24376678,61880,61890,10
13.0869503,80.24423218,61890,61900,10
13.08623981,80.24479675,61900,61910,10
13.08588028,80.24510956,61910,61920,10
13.08570957,80.24533081,61920,61930,10
13.08568001,80.24584198,61930,61940,10
13.08574009,80.2467804,61940,61960,20
13.08574009,80.2467804,61960,61971,11
13.08576965,80.24726105,61971,61981,10
13.08584023,80.24806213,61981,61991,10
13.08590031,80.24910736,61991,62001,10
13.08592033,80.24973297,62001,62011,10
13.08596039,80.24997711,62011,62021,10
13.08596039,80.25029755,62021,62031,10
13.08588982,80.25067902,62031,62041,10
13.0858202,80.25105286,62041,62051,10
13.08576012,80.25145721,62051,62061,10
13.08570957,80.25189972,62061,62071,10
13.08565044,80.25224304,62071,62081,10
13.08561993,80.25257874,62081,62092,11
13.08559036,80.25292206,62092,62102,10
13.0855999,80.25309753,62102,62112,10
13.08557987,80.25338745,62112,62122,10
13.08555984,80.25382996,62122,62132,10
13.08563042,80.25441742,62132,62142,10
13.08553028,80.25473022,62142,62152,10
13.08514977,80.2547226,62152,62162,10
13.08450031,80.25463867,62162,62172,10
13.08395004,80.25457764,62172,62182,10
13.08390045,80.25457001,62182,62192,10
13.08368015,80.2545166,62192,62202,10
13.08308983,80.25447083,62202,62213,11
13.08238983,80.25443268,62213,62223,10
13.08209038,80.25449371,62223,62233,10
13.08176994,80.25469971,62233,62243,10
13.08137989,80.25482941,62243,62253,10
13.08127975,80.25482941,62253,62263,10
13.08088017,80.25480652,62263,62283,20
13.08063984,80.25480652,62283,62434,151
13.08063984,80.25480652,62434,62444,10
13.08024979,80.25473022,62444,62505,61
13.08024979,80.25473022,62505,62515,10
13.07993984,80.25467682,62515,62525,10
13.07952023,80.25460815,62525,62535,10
13.07907009,80.25469208,62535,62575,40
13.07907009,80.25469208,62575,62586,11
13.07896042,80.25482941,62586,62596,10
13.07901955,80.25520325,62596,62606,10
13.07907009,80.25592041,62606,62616,10
13.07907009,80.25662231,62616,62626,10
13.07841015,80.25669098,62626,62636,10
13.07783985,80.25672913,62636,62646,10
13.07748032,80.25676727,62646,62656,10
13.07705021,80.25691986,62656,62666,10
13.07662964,80.25718689,62666,62676,10
13.07612038,80.25766754,62676,62686,10
13.07561016,80.25813293,62686,62696,10
13.07549,80.25852203,62696,62707,11
13.07567978,80.25917816,62707,62717,10
13.07619953,80.25980377,62717,62727,10
13.07680988,80.26032257,62727,62737,10
13.07721996,80.26081848,62737,62747,10
13.07746029,80.26129913,62747,62757,10
13.07783031,80.2621994,62757,62797,40
13.07783031,80.2621994,62797,62807,10
13.07785988,80.26235962,62807,62817,10
13.07791996,80.26268768,62817,62828,11
13.07804966,80.26313782,62828,62838,10
13.07820988,80.2634964,62838,62848,10
13.07791042,80.26364136,62848,62858,10
13.07740974,80.26399994,62858,62868,10
13.0768404,80.26415253,62868,62878,10
13.07553005,80.26407623,62878,62888,10
13.07553005,80.26407623,62888,62898,10
13.07516003,80.26351166,62898,62906,8
13.07478046,80.2629776,62906,62918,12
13.07411003,80.26216125,62918,62928,10
13.07382011,80.26183319,62928,62938,10
13.07382011,80.26181793,62938,62949,11
13.07367039,80.26159668,62949,62959,10
13.07336998,80.26139832,62959,62969,10
13.07299995,80.26180267,62969,62979,10
13.07275963,80.26255798,62979,62989,10
13.07252026,80.26319122,62989,62999,10
13.07223034,80.26384735,62999,63009,10
13.07174015,80.26444244,63009,63019,10
13.0714798,80.26467896,63019,63029,10
13.07133007,80.26480865,63029,63039,10
13.07096004,80.26522064,63039,63049,10
13.07056046,80.26564789,63049,63059,10
13.07021046,80.26602173,63059,63070,11
13.06976032,80.26648712,63070,63080,10
13.06945038,80.26680756,63080,63090,10
13.06908035,80.2671814,63090,63100,10
13.06882,80.26776886,63100,63110,10
13.06861973,80.26847076,63110,63120,10
13.06847954,80.26885223,63120,63130,10
13.0683403,80.26940155,63130,63140,10
13.06826019,80.26979828,63140,63150,10
13.06822968,80.27004242,63150,63160,10
13.06818962,80.27036285,63160,63170,10
13.06816959,80.2707901,63170,63180,10
13.06793976,80.27105713,63180,63201,21
13.06793976,80.27105713,63201,63211,10
13.06779003,80.27100372,63211,63221,10
13.06741047,80.27060699,63221,63231,10
13.06717014,80.27039337,63231,63241,10
13.06696033,80.27018738,63241,63251,10
13.06653976,80.26973724,63251,63261,10
13.06637955,80.26930237,63261,63271,10
13.06637001,80.26875305,63271,63281,10
13.06614971,80.26821899,63281,63291,10
13.06567001,80.26772308,63291,63301,10
13.06536007,80.26766968,63301,63312,11
13.06523037,80.26766205,63312,63322,10
13.06503963,80.26763153,63322,63332,10
13.06449986,80.26750946,63332,63342,10
13.06402016,80.2674408,63342,63352,10
13.06361961,80.26737213,63352,63362,10
13.06326962,80.26728821,63362,63372,10
13.06301022,80.26724243,63372,63382,10
13.06266975,80.26711273,63382,63392,10
13.06237984,80.26674652,63392,63402,10
13.06202984,80.26635742,63402,63412,10
13.0618,80.26605225,63412,63422,10
13.06151009,80.26570129,63422,63433,11
13.06126976,80.26535797,63433,63443,10
13.0610199,80.26519775,63443,63453,10
13.06056976,80.26540375,63453,63473,20
13.06056976,80.26540375,63473,63483,10
13.06029034,80.26551819,63483,63493,10
13.05976963,80.26564026,63493,63503,10
13.05932045,80.26557922,63503,63513,10
13.05891037,80.26548004,63513,63523,10
13.05860996,80.26544952,63523,63533,10
13.05827999,80.26531982,63533,63542,9
13.05805016,80.26486969,63542,63554,12
13.05795956,80.26409912,63554,63564,10
13.05786037,80.26347351,63564,63574,10
13.05780029,80.26277161,63574,63584,10
13.05770016,80.2620697,63584,63594,10
13.05755043,80.26122284,63594,63604,10
13.05735016,80.26046753,63604,63614,10
13.0571003,80.25968933,63614,63624,10
13.05690002,80.25908661,63624,63634,10
13.05667973,80.25855255,63634,63644,10
13.05657959,80.25798798,63644,63654,10
13.05646038,80.25731659,63654,63675,21
13.05646038,80.25731659,63675,63685,10
13.0564003,80.25711823,63685,63695,10
13.05632973,80.25670624,63695,63705,10
13.05609989,80.25621033,63705,63715,10
13.05566025,80.25562286,63715,63725,10
13.05513,80.25485992,63725,63735,10
13.05455971,80.25405121,63735,63745,10
13.05414009,80.253479,63745,63755,10
13.0541296,80.25347137,63755,63765,10
13.05393982,80.25325775,63765,63775,10
13.05356979,80.25276184,63775,63796,21
13.05346012,80.25263977,63796,63816,20
13.05346012,80.25263977,63816,63826,10
13.05329037,80.25241852,63826,63836,10
13.05307961,80.25211334,63836,63846,10
13.05278015,80.25170135,63846,63856,10
13.05247974,80.25128937,63856,63866,10
13.05208969,80.25079346,63866,63876,10
13.0514698,80.25028229,63876,63886,10
13.05062008,80.25000763,63886,63896,10
13.04951954,80.24980927,63896,63906,10
13.04862022,80.24968719,63906,63917,11
13.04798031,80.24932861,63917,63927,10
13.04736042,80.24880219,63927,63937,10
13.04701042,80.2486496,63937,63947,10
13.04693985,80.24864197,63947,63957,10
13.04652023,80.24858856,63957,63967,10
13.04592037,80.24846649,63967,63977,10
13.04528999,80.24823761,63977,63987,10
13.04465008,80.24810028,63987,63997,10
13.04386997,80.24796295,63997,64007,10
13.04310036,80.24786377,64007,64017,10
13.04253006,80.24771881,64017,64026,9
13.04189014,80.24758148,64026,64038,12
13.04150963,80.24751282,64038,64048,10
13.04135036,80.24746704,64048,64058,10
13.0407896,80.2473526,64058,64068,10
13.04004002,80.24719238,64068,64078,10
13.03942966,80.24706268,64078,64088,10
13.03884029,80.24690247,64088,64098,10
13.03843975,80.24674988,64098,64108,10
13.03818989,80.24671936,64108,64118,10
13.03773975,80.2466507,64118,64128,10
13.03703976,80.24653625,64128,64138,10
13.03637028,80.24642181,64138,64147,9
13.03536987,80.24607849,64147,64199,52
13.03536987,80.24607849,64199,64209,10
13.03520012,80.24604797,64209,64219,10
13.0349102,80.24585724,64219,64229,10
13.03448009,80.24533844,64229,64239,10
13.03396034,80.24465179,64239,64249,10
13.0334301,80.24404144,64249,64259,10
13.03295994,80.24349213,64259,64269,10
13.03275013,80.2431488,64269,64290,21
13.03275013,80.2431488,64290,64300,10
13.03269005,80.24298859,64300,64310,10
13.03256989,80.24281311,64310,64320,10
13.03244019,80.24266052,64320,64461,141
13.03244019,80.24266052,64461,64471,10
13.03215981,80.24230194,64471,64481,10
13.03197956,80.24207306,64481,64491,10
13.03184986,80.24172974,64491,64501,10
13.03145027,80.2408905,64501,64572,71
13.03145027,80.2408905,64572,64582,10
13.03131008,80.24054718,64582,64592,10
13.0311203,80.24009705,64592,64602,10
13.03083038,80.23948669,64602,64612,10
13.03040028,80.23872375,64612,64622,10
13.02991962,80.23786163,64622,64632,10
13.02919006,80.23690033,64632,64653,21
13.02919006,80.23690033,64653,64663,10
13.02892971,80.23660278,64663,64673,10
13.02847958,80.23605347,64673,64683,10
13.02789021,80.23536682,64683,64693,10
13.02715969,80.23417664,64693,64713,20
13.02709961,80.23407745,64713,64743,30
13.02709961,80.23407745,64743,64753,10
13.02698994,80.23391724,64753,64764,11
13.02674007,80.23349762,64764,64774,10
13.02645016,80.23300934,64774,64784,10
13.0262804,80.23262024,64784,64794,10
13.02626991,80.23249817,64794,64804,10
13.02622032,80.23235321,64804,64824,20
13.02622032,80.23235321,64824,64834,10
13.02618027,80.2321701,64834,64844,10
13.02606964,80.23175049,64844,64854,10
13.02595997,80.2313385,64854,64864,10
13.02569962,80.23059082,64864,64874,10
13.0248003,80.22931671,64874,64895,21
13.0248003,80.22931671,64895,64905,10
13.02468967,80.2292099,64905,64915,10
13.02445984,80.22889709,64915,64925,10
13.02390957,80.22821808,64925,64955,30
13.02390957,80.22821808,64955,64965,10
13.02381992,80.22810364,64965,64975,10
13.02363014,80.22788239,64975,64985,10
13.02330971,80.22757721,64985,64995,10
13.0229702,80.22722626,64995,65006,11
13.02233982,80.22667694,65006,65016,10
13.02159977,80.22606659,65016,65026,10
13.02077961,80.22541046,65026,65036,10
13.0202198,80.22505188,65036,65046,10
13.01965046,80.22463989,65046,65056,10
13.01879025,80.22451019,65056,65066,10
13.01788998,80.22486877,65066,65076,10
13.01702976,80.22522736,65076,65086,10
13.01651955,80.22543335,65086,65096,10
13.01613045,80.22557831,65096,65106,10
13.01568031,80.2257309,65106,65115,9
13.01527023,80.22590637,65115,65127,12
13.01476955,80.22608948,65127,65137,10
13.01418018,80.22631836,65137,65147,10
13.01406002,80.22637939,65147,65157,10
13.01381969,80.22647095,65157,65167,10
13.01340008,80.22660828,65167,65177,10
13.01274014,80.22685242,65177,65187,10
13.01191998,80.22718048,65187,65197,10
13.01103973,80.2275238,65197,65207,10
13.01014996,80.22789001,65207,65217,10
13.00934029,80.22824097,65217,65227,10
13.00901985,80.22904205,65227,65237,10
13.00881004,80.2301712,65237,65248,11
13.00862026,80.23127747,65248,65258,10
13.00844002,80.23233795,65258,65268,10
13.0082798,80.23345947,65268,65288,20
13.0082798,80.23345947,65288,65298,10
13.00817013,80.23371887,65298,65308,10
13.00807953,80.23410034,65308,65318,10
13.00796986,80.23468781,65318,65328,10
13.0078001,80.23558807,65328,65338,10
13.00761032,80.23661041,65338,65348,10
13.00737953,80.23771667,65348,65358,10
13.00718021,80.23882294,65358,65369,11
13.00691032,80.2400589,65369,65379,10
13.00683975,80.2407608,65379,65389,10
13.00683022,80.2407608,65389,65399,10
13.00673962,80.24104309,65399,65409,10
13.00669003,80.24173737,65409,65419,10
13.00671005,80.24265289,65419,65429,10
13.00669003,80.24358368,65429,65439,10
13.00667953,80.24446106,65439,65449,10
13.00669956,80.24521637,65449,65459,10
13.00671005,80.24536133,65459,65469,10
13.00673008,80.24558258,65469,65520,51
13.00673008,80.24558258,65520,65530,10
13.00673962,80.24594879,65530,65540,10
13.00673008,80.24607849,65540,65550,10
13.00673962,80.24645996,65550,65560,10
13.00675011,80.24668884,65560,65570,10
13.00675964,80.24732208,65570,65580,10
13.00675011,80.24822235,65580,65590,10
13.0067997,80.24931335,65590,65600,10
13.00683975,80.25022888,65600,65610,10
13.00685978,80.25125885,65610,65661,51
13.00685978,80.25125885,65661,65671,10
13.00681973,80.25153351,65671,65681,10
13.00669956,80.25203705,65681,65691,10
13.00656986,80.25283813,65691,65701,10
13.00658035,80.25386047,65701,65711,10
13.00662994,80.25502777,65711,65731,20
13.00662994,80.25502777,65731,65742,11
13.00662994,80.25531769,65742,65752,10
13.00664043,80.25595093,65752,65762,10
13.00664997,80.25657654,65762,65772,10
13.00667953,80.25708008,65772,66004,232
13.00667953,80.25708008,66004,66014,10
13.00679016,80.25726318,66014,66024,10
13.00660038,80.25753784,66024,66034,10
13.00629997,80.25756073,66034,66044,10
13.00594997,80.25743866,66044,66054,10
13.00549984,80.25736237,66054,66064,10
13.00500965,80.25721741,66064,66074,10
13.00438976,80.2571106,66074,66084,10
13.00364017,80.2569809,66084,66094,10
13.00296974,80.25684357,66094,66105,11
13.00242996,80.25673676,66105,66115,10
13.00195026,80.25666046,66115,66165,50
13.00195026,80.25666046,66165,66175,10
13.00156021,80.25659943,66175,66185,10
13.00086975,80.25649261,66185,66195,10
13.00012016,80.25637817,66195,66205,10
12.99934959,80.25621796,66205,66215,10
12.99884033,80.2561264,66215,66236,21
12.99884033,80.2561264,66236,66246,10
12.99862003,80.25611115,66246,66256,10
12.99843025,80.25610352,66256,66266,10
12.99794006,80.2559967,66266,66276,10
12.99748039,80.25595093,66276,66377,101
12.99748039,80.25595093,66377,66387,10
12.99720955,80.25592804,66387,66397,10
12.99687004,80.25591278,66397,66407,10
12.99662018,80.25588989,66407,66417,10
12.99619961,80.25588989,66417,66427,10
12.99580002,80.25589752,66427,66437,10
12.99540997,80.25592804,66437,66447,10
12.99495983,80.25589752,66447,66457,10
12.99466038,80.25592804,66457,66468,11
12.99413013,80.25598907,66468,66478,10
12.99339008,80.25605011,66478,66488,10
12.99244976,80.25610352,66488,66497,9
12.99151039,80.25608063,66497,66508,11
12.99073982,80.25605011,66508,66518,10
12.99040031,80.25604248,66518,66528,10
12.98999023,80.25602722,66528,66538,10
12.98929977,80.25601196,66538,66577,39
12.98929977,80.25601196,66577,66589,12
12.98921967,80.25592041,66589,66599,10
12.98894978,80.25592804,66599,66609,10
12.98859978,80.2559433,66609,66619,10
12.98857975,80.2559433,66619,66629,10
12.98830986,80.25592804,66629,66639,10
12.98803997,80.25588989,66639,66649,10
12.98768997,80.25589752,66649,66659,10
12.9875803,80.25639343,66659,66669,10
12.98754025,80.2569809,66669,66679,10
12.9874897,80.25762939,66679,66689,10
12.98742008,80.25836945,66689,66710,21
12.98742008,80.25836945,66710,66720,10
12.98736,80.25862885,66720,66730,10
12.98733044,80.25888062,66730,66740,10
12.98729992,80.2590332,66740,66750,10
12.9872303,80.2594223,66750,66780,30
12.9872303,80.2594223,66780,66790,10
12.98719025,80.25959778,66790,66800,10
12.98703957,80.25959015,66800,66810,10
12.98700047,80.25956726,66810,66820,10
12.98670006,80.25953674,66820,66831,11
12.98659039,80.2591629,66831,66841,10
12.98674011,80.25904846,66841,66851,10
12.98701,80.25907898,66851,67294,443
12.98701,80.25907898,67294,67304,10
12.98731995,80.25906372,67304,67315,11
12.98731995,80.2587204,67315,67325,10
12.98731995,80.25836945,67325,67335,10
12.98735046,80.25800323,67335,67345,10
12.98738956,80.25769806,67345,67355,10
12.98742962,80.25743866,67355,67375,20
12.98742962,80.25743866,67375,67385,10
12.98744965,80.25720978,67385,67395,10
12.9874897,80.25688934,67395,67405,10
12.98752022,80.25653839,67405,67415,10
12.98754978,80.25611115,67415,67425,10
12.98762035,80.25576782,67425,67436,11
12.98810959,80.25582886,67436,67456,20
12.98810959,80.25582886,67456,67466,10
12.98822021,80.25588989,67466,67476,10
12.98838997,80.25592041,67476,67486,10
12.98849964,80.25592804,67486,67496,10
12.98873043,80.25595093,67496,67516,20
12.98873043,80.25595093,67516,67526,10
12.98917007,80.25596619,67526,67536,10
12.98983955,80.25601959,67536,67545,9
12.99030972,80.25605011,67545,67557,12
12.99090004,80.25605774,67557,67567,10
12.99129963,80.25604248,67567,67587,20
12.99129963,80.25604248,67587,67597,10
12.99162006,80.25605011,67597,67607,10
12.99164009,80.25605011,67607,67617,10
12.99182034,80.25604248,67617,67627,10
12.99197006,80.25604248,67627,67637,10
12.99223995,80.25605774,67637,67829,192
12.99223995,80.25605774,67829,67839,10
12.99263954,80.25611115,67839,67849,10
12.99279022,80.25608826,67849,67859,10
12.99279976,80.25608826,67859,67869,10
12.99308968,80.25604248,67869,67879,10
12.99328041,80.25601959,67879,67889,10
12.99349976,80.2559967,67889,67899,10
12.99368,80.25601196,67899,67909,10
12.99384975,80.25601959,67909,67950,41
12.99402046,80.25605774,67950,68051,101
12.99402046,80.25605774,68051,68061,10
12.99409008,80.25595093,68061,68071,10
12.99433041,80.25595093,68071,68081,10
12.99466991,80.25589752,68081,68091,10
12.9948101,80.25588989,68091,68101,10
12.99510956,80.25589752,68101,68111,10
12.99545956,80.255867,68111,68121,10
12.99584007,80.25589752,68121,68130,9
12.99612045,80.25592804,68130,68283,153
12.99612045,80.25592804,68283,68293,10
12.99631977,80.25596619,68293,68303,10
12.99672031,80.25592804,68303,68313,10
12.99701023,80.25592041,68313,68323,10
12.99744034,80.25592041,68323,68333,10
12.99798965,80.25592041,68333,68343,10
12.99866009,80.25598907,68343,68363,20
12.99866009,80.25598907,68363,68373,10
12.99897957,80.25605774,68373,68383,10
12.99944019,80.25614929,68383,68393,10
12.99985027,80.25624084,68393,68404,11
13.00030041,80.25634003,68404,68414,10
13.00070953,80.25641632,68414,68424,10
13.0011797,80.25650787,68424,68434,10
13.00146961,80.25656891,68434,68444,10
13.00179005,80.25659943,68444,68454,10
13.0021801,80.25666809,68454,68464,10
13.0025301,80.25672913,68464,68474,10
13.00286961,80.25681305,68474,68484,10
13.00325012,80.25688171,68484,68493,9
13.00364017,80.25695038,68493,68504,11
13.00417995,80.25704193,68504,68514,10
13.00457954,80.25710297,68514,68525,11
13.00506973,80.25717926,68525,68575,50
13.00506973,80.25717926,68575,68585,10
13.00549984,80.25736237,68585,68595,10
13.00576973,80.2574234,68595,68605,10
13.00625992,80.25747681,68605,68615,10
13.00650978,80.25714111,68615,68625,10
13.00644016,80.25662994,68625,68635,10
13.00642014,80.25592041,68635,68646,11
13.00642967,80.25537109,68646,68656,10
13.0064497,80.25518799,68656,68666,10
13.00646019,80.25502014,68666,68676,10
13.00646973,80.25483704,68676,68686,10
13.00644016,80.25460052,68686,68696,10
13.00642967,80.2544632,68696,68706,10
13.00642967,80.25443268,68706,68716,10
13.00642014,80.25421906,68716,68726,10
13.00642967,80.25395203,68726,68787,61
13.00642967,80.25395203,68787,68797,10
13.00644016,80.25359344,68797,68807,10
13.00642967,80.25351715,68807,68817,10
13.00646019,80.25325012,68817,68827,10
13.0064497,80.25318146,68827,68837,10
13.0064497,80.25302124,68837,68847,10
13.0064497,80.25254059,68847,68928,81
13.0064497,80.25254059,68928,68938,10
13.00652027,80.25240326,68938,68948,10
13.0065403,80.25206757,68948,68958,10
13.00664043,80.25144958,68958,68968,10
13.00667953,80.25051117,68968,68978,10
13.00667953,80.24961853,68978,68988,10
13.00664043,80.24868011,68988,69069,81
13.00664043,80.24868011,69069,69079,10
13.00664997,80.24861908,69079,69089,10
13.00662994,80.24838257,69089,69099,10
13.00660038,80.24803925,69099,69109,10
13.00658035,80.24762726,69109,69118,9
13.00652981,80.2466507,69118,69140,22
13.00652981,80.2466507,69140,69150,10
13.0065403,80.246521,69150,69160,10
13.00658989,80.24613953,69160,69170,10
13.00656033,80.24542236,69170,69180,10
13.00654984,80.24476624,69180,69190,10
13.0065403,80.24440002,69190,69200,10
13.00652981,80.24403381,69200,69210,10
13.00652027,80.24372864,69210,69220,10
13.00652027,80.24344635,69220,69230,10
13.00650024,80.24292755,69230,69240,10
13.00648975,80.24210358,69240,69251,11
13.00652027,80.24128723,69251,69261,10
13.00652981,80.24115753,69261,69271,10
13.0065403,80.24086761,69271,69281,10
13.00662041,80.24047852,69281,69291,10
13.00671005,80.2399292,69291,69301,10
13.00687981,80.23919678,69301,69311,10
13.00702,80.23838806,69311,69321,10
13.00718975,80.23763275,69321,69331,10
13.00730038,80.23681641,69331,69351,20
13.00730038,80.23681641,69351,69361,10
13.00736046,80.23665619,69361,69372,11
13.00745964,80.23631287,69372,69382,10
13.0075798,80.23571014,69382,69392,10
13.00776005,80.23484802,69392,69402,10
13.00794029,80.23387909,69402,69412,10
13.00813007,80.23291016,69412,69422,10
13.00831032,80.23195648,69422,69432,10
13.00846004,80.23108673,69432,69442,10
13.00864029,80.23018646,69442,69452,10
13.00883007,80.22924042,69452,69462,10
13.00899982,80.22840881,69462,69472,10
13.0092802,80.22769165,69472,69481,9
13.0096302,80.22692871,69481,69493,12
13.01006985,80.22608185,69493,69503,10
13.01037025,80.22545624,69503,69513,10
13.01066017,80.22489166,69513,69523,10
13.01086998,80.22425842,69523,69533,10
13.01107979,80.22364044,69533,69543,10
13.01136971,80.2229538,69543,69553,10
13.01165962,80.22218323,69553,69563,10
13.01185989,80.22167206,69563,69573,10
13.01214027,80.22141266,69573,69583,10
13.01231956,80.22154236,69583,69593,10
13.01264,80.2219696,69593,69603,10
13.01313019,80.22254181,69603,69614,11
13.01369953,80.22310638,69614,69624,10
13.01412964,80.22350311,69624,69634,10
13.01439953,80.22377777,69634,69644,10
13.01469994,80.22418213,69644,69654,10
13.01498985,80.22451782,69654,69664,10
13.01508999,80.22464752,69664,69674,10
13.01543045,80.22492218,69674,69694,20
13.01543045,80.22492218,69694,69704,10
13.01568985,80.22512054,69704,69714,10
13.01609993,80.22530365,69714,69723,9
13.01665974,80.22521973,69723,69735,12
13.01770973,80.22480011,69735,69745,10
13.01861,80.22442627,69745,69755,10
13.0191803,80.22428131,69755,69775,20
13.0191803,80.22428131,69775,69785,10
13.01941013,80.22438049,69785,69795,10
13.01970959,80.22457123,69795,69805,10
13.02011967,80.22489929,69805,69815,10
13.02064037,80.22525024,69815,69825,10
13.02106953,80.22557831,69825,69835,10
13.0216198,80.22599792,69835,69844,9
13.02194977,80.22624969,69844,69856,12
13.02237988,80.22662354,69856,69866,10
13.02245998,80.22667694,69866,69876,10
13.02260017,80.22679901,69876,69886,10
13.02280998,80.22698975,69886,69896,10
13.02303028,80.22718811,69896,69906,10
13.02320004,80.22736359,69906,69916,10
13.02328014,80.22743225,69916,69926,10
13.02332973,80.22747803,69926,69936,10
13.02334023,80.22747803,69936,69946,10
13.02340984,80.22754669,69946,69956,10
13.02359009,80.22772217,69956,69966,10
13.02387047,80.22798157,69966,69977,11
13.02414036,80.22825623,69977,69987,10
13.02427959,80.22843933,69987,69997,10
13.02437019,80.22857666,69997,70007,10
13.02453995,80.2288208,70007,70017,10
13.02472973,80.22905731,70017,70027,10
13.02493954,80.22931671,70027,70037,10
13.02515984,80.22959137,70037,70087,50
13.02515984,80.22959137,70087,70097,10
13.02525997,80.22971344,70097,70108,11
13.02544022,80.23000336,70108,70118,10
13.02558994,80.23027039,70118,70128,10
13.02571964,80.23049927,70128,70138,10
13.02579975,80.23065948,70138,70148,10
13.0258503,80.2308197,70148,70158,10
13.02593994,80.23120117,70158,70168,10
13.02608013,80.23174286,70168,70178,10
13.02645969,80.23284912,70178,70279,101
13.02645969,80.23284912,70279,70289,10
13.02674007,80.23326874,70289,70299,10
13.02717972,80.23397827,70299,70309,10
13.02770996,80.23491669,70309,70319,10
13.02844048,80.23594666,70319,70328,9
13.02917004,80.23671722,70328,70340,12
13.02960968,80.23713684,70340,70350,10
13.02972031,80.23737335,70350,70360,10
13.03005981,80.2379303,70360,70370,10
13.03046036,80.23860168,70370,70380,10
13.03079987,80.23918915,70380,70440,60
13.03079987,80.23918915,70440,70450,10
13.03094959,80.23950195,70450,70461,11
13.03106976,80.2396698,70461,70471,10
13.03118992,80.23988342,70471,70481,10
13.03143024,80.24024963,70481,70491,10
13.03145027,80.24073792,70491,70501,10
13.03162956,80.24111176,70501,70511,10
13.03186989,80.24163818,70511,70521,10
13.03209019,80.24210358,70521,70531,10
13.03250027,80.24253845,70531,70541,10
13.03299999,80.24324036,70541,70551,10
13.03361034,80.24407196,70551,70561,10
13.03421974,80.24494171,70561,70571,10
13.03474045,80.2455368,70571,70582,11
13.03536034,80.24603271,70582,70592,10
13.03575039,80.24620056,70592,70612,20
13.03575039,80.24620056,70612,70622,10
13.03598976,80.24633789,70622,70632,10
13.03635025,80.2463913,70632,70642,10
13.03691959,80.24651337,70642,70652,10
13.03742981,80.24640656,70652,70662,10
13.03798008,80.24652863,70662,70672,10
13.03859043,80.24672699,70672,70682,10
13.03905964,80.24684143,70682,70691,9
13.03944016,80.24694061,70691,70703,12
13.04016972,80.24707794,70703,70713,10
13.04074955,80.24719238,70713,70723,10
13.04078007,80.24720764,70723,70733,10
13.04109955,80.24726868,70733,70743,10
13.04166031,80.24738312,70743,70753,10
13.0420599,80.2474823,70753,70763,10
13.04249001,80.24767303,70763,70773,10
13.04302979,80.24797821,70773,70783,10
13.04362965,80.24810028,70783,70793,10
13.04413986,80.24796295,70793,70803,10
13.04469967,80.24803925,70803,70812,9
13.04508018,80.24825287,70812,70824,12
13.04570007,80.2484436,70824,70834,10
13.04634953,80.2485199,70834,70844,10
13.04685974,80.24842834,70844,70854,10
13.04687023,80.24842834,70854,70864,10
13.04714012,80.24854279,70864,70874,10
13.04749966,80.24878693,70874,70884,10
13.04782009,80.24906921,70884,70894,10
13.04786968,80.24919891,70894,70904,10
13.04811954,80.24938965,70904,70914,10
13.04856968,80.24970245,70914,70924,10
13.04915047,80.24974823,70924,70934,10
13.05002975,80.24992371,70934,70945,11
13.05105019,80.25009918,70945,70955,10
13.05185032,80.25050354,70955,70965,10
13.05247021,80.25119781,70965,70975,10
13.05307007,80.25199127,70975,70985,10
13.0536499,80.25279999,70985,70995,10
13.05424976,80.25363922,70995,71005,10
13.05484962,80.25440979,71005,71015,10
13.05541039,80.25517273,71015,71025,10
13.05591011,80.25585938,71025,71035,10
13.05618,80.2562027,71035,71045,10
13.05653954,80.25656128,71045,71054,9
13.05683994,80.25682068,71054,71066,12
13.05694008,80.25692749,71066,71076,10
13.05725956,80.25718689,71076,71086,10
13.05766964,80.25753784,71086,71096,10
13.05795956,80.25785065,71096,71106,10
13.05834961,80.25836945,71106,71116,10
13.05875015,80.25894165,71116,71126,10
13.05914021,80.25946045,71126,71136,10
13.05947018,80.25998688,71136,71146,10
13.05986023,80.26029968,71146,71156,10
13.06033039,80.26080322,71156,71166,10
13.06070995,80.26127625,71166,71176,10
13.06070995,80.26132202,71176,71187,11
13.06091022,80.26167297,71187,71197,10
13.06118965,80.26200104,71197,71207,10
13.06157017,80.26241302,71207,71217,10
13.06186008,80.26280975,71217,71227,10
13.06188965,80.26286316,71227,71237,10
13.06204033,80.26307678,71237,71247,10
13.06237984,80.26344299,71247,71257,10
13.0627203,80.26383209,71257,71267,10
13.06315041,80.26429749,71267,71287,20
13.06315041,80.26429749,71287,71298,11
13.0634203,80.26461792,71298,71308,10
13.0636797,80.26509094,71308,71318,10
13.06394958,80.26550293,71318,71328,10
13.06424999,80.26589203,71328,71338,10
13.06449986,80.26615906,71338,71348,10
13.06464005,80.26638031,71348,71358,10
13.06476974,80.26656342,71358,71368,10
13.06486988,80.26667023,71368,71378,10
13.0651598,80.26696777,71378,71388,10
13.0656004,80.26732635,71388,71398,10
13.06626987,80.26815033,71398,71418,20
13.06626987,80.26815033,71418,71429,11
13.06643963,80.26830292,71429,71439,10
13.06659985,80.26838684,71439,71449,10
13.06704998,80.26860046,71449,71469,20
13.06704998,80.26860046,71469,71479,10
13.06727028,80.26873016,71479,71488,9
13.06758022,80.26895905,71488,71499,11
13.06801033,80.26924133,71499,71509,10
13.0682497,80.26924133,71509,71519,10
13.06832981,80.26889801,71519,71529,10
13.06851006,80.26840973,71529,71539,10
13.06871033,80.26783752,71539,71550,11
13.0689497,80.26719666,71550,71560,10
13.06929016,80.26686096,71560,71570,10
13.06958008,80.26656342,71570,71580,10
13.06995964,80.26615143,71580,71590,10
13.07028008,80.26582336,71590,71610,20
13.07028008,80.26582336,71610,71620,10
13.07046986,80.26564026,71620,71630,10
13.07073975,80.26535034,71630,71640,10
13.07104015,80.2650528,71640,71650,10
13.07129002,80.26480865,71650,71661,11
13.0714798,80.2645874,71661,71671,10
13.0718298,80.26421356,71671,71681,10
13.07225037,80.26361847,71681,71691,10
13.07250023,80.2629776,71691,71701,10
13.07268047,80.2624588,71701,71711,10
13.0728302,80.26197052,71711,71721,10
13.07283974,80.26193237,71721,71731,10
13.07285976,80.26184082,71731,71741,10
13.07293987,80.26157379,71741,71751,10
13.07301998,80.26116943,71751,71761,10
13.07303047,80.26088715,71761,71771,10
13.07308006,80.26071167,71771,71782,11
13.0733099,80.26045227,71782,71792,10
13.07347012,80.2600174,71792,71802,10
13.07378006,80.25953674,71802,71812,10
13.07429981,80.2590332,71812,71822,10
13.07479954,80.2585907,71822,71832,10
13.07548046,80.25804901,71832,71862,30
13.07548046,80.25804901,71862,71872,10
13.07561016,80.25801849,71872,71882,10
13.07588005,80.2578125,71882,71891,9
13.0761404,80.25756073,71891,71903,12
13.07649994,80.25721741,71903,71913,10
13.07680035,80.25697327,71913,71923,10
13.07723045,80.25675964,71923,71933,10
13.07785988,80.25662994,71933,71943,10
13.07863045,80.25657654,71943,71953,10
13.07896996,80.25650024,71953,72003,50
13.07896996,80.25650024,72003,72013,10
13.07903004,80.25604248,72013,72024,11
13.07898045,80.25582123,72024,72034,10
13.07896042,80.25569916,72034,72104,70
13.07896996,80.25531769,72104,72134,30
13.07896996,80.25531769,72134,72145,11
13.07890987,80.25505066,72145,72155,10
13.07884979,80.25486755,72155,72296,141
13.07892036,80.25466156,72296,72376,80
13.07892036,80.25466156,72376,72387,11
13.07896042,80.25466919,72387,72397,10
13.07903957,80.25462341,72397,72407,10
13.07940006,80.25456238,72407,72497,90
13.07971954,80.25462341,72497,72568,71
13.08008957,80.25469208,72568,72598,30
13.08008957,80.25469208,72598,72608,10
13.08043957,80.25469208,72608,72618,10
13.08076,80.25473022,72618,72629,11
13.08113956,80.25479126,72629,72639,10
13.08150005,80.25476074,72639,72649,10
13.0816803,80.2544632,72649,72659,10
13.08181,80.25382233,72659,72669,10
13.08183956,80.25311279,72669,72679,10
13.08152962,80.2525177,72679,72689,10
13.08135986,80.25211334,72689,72699,10
13.08133984,80.25183105,72699,72709,10
13.0813303,80.2516098,72709,72719,10
13.08131981,80.25151062,72719,72729,10
13.08131981,80.25126648,72729,72760,31
13.08131981,80.25126648,72760,72770,10
13.08131027,80.25083923,72770,72780,10
13.08131027,80.25081635,72780,72790,10
13.08131027,80.25048828,72790,72800,10
13.0813303,80.25019073,72800,72810,10
13.08129978,80.24993896,72810,72820,10
13.08133984,80.24971771,72820,72830,10
13.0815897,80.24963379,72830,72840,10
13.08207989,80.24970245,72840,72850,10
13.08259964,80.24980164,72850,72860,10
13.08304977,80.24984741,72860,72871,11
13.08355999,80.24992371,72871,72881,10
13.08393955,80.25000763,72881,72891,10
13.08469009,80.2501297,72891,72921,30
13.08469009,80.2501297,72921,72931,10
13.08498001,80.25016022,72931,72941,10
13.0853796,80.25026703,72941,72951,10
13.08580017,80.25028992,72951,72961,10
13.08584023,80.25,72961,72971,10
13.0858202,80.24932098,72971,72981,10
13.08578014,80.24849701,72981,72992,11
13.08580971,80.24758148,72992,73002,10
13.08578014,80.24681854,73002,73012,10
13.08574009,80.24671936,73012,73022,10
13.08568001,80.24651337,73022,73032,10
13.08565998,80.24593353,73032,73072,40
13.08565998,80.24593353,73072,73082,10
13.08561039,80.2457962,73082,73092,10
13.0855999,80.2455368,73092,73102,10
13.08574009,80.24514771,73102,73113,11
13.08602047,80.24488068,73113,73123,10
13.08640003,80.24456024,73123,73133,10
13.08689976,80.24414063,73133,73143,10
13.08722973,80.2438736,73143,73153,10
13.08759022,80.24353027,73153,73163,10
13.08777046,80.24317932,73163,73173,10
13.08784962,80.24276733,73173,73183,10
13.08798027,80.24220276,73183,73193,10
13.0884304,80.24183655,73193,73203,10
13.08889961,80.24149323,73203,73213,10
13.08934975,80.24118042,73213,73223,10
13.08971024,80.24095154,73223,73234,11
13.09020042,80.24082184,73234,73244,10
13.09094048,80.24082184,73244,73254,10
13.09177971,80.24086761,73254,73264,10
13.09232044,80.24088287,73264,73274,10
13.09286976,80.24092102,73274,73284,10
13.09360027,80.24104309,73284,73294,10
13.09420013,80.24114227,73294,73314,20
13.09420013,80.24114227,73314,73324,10
13.09451962,80.24120331,73324,73334,10
13.09508991,80.24134064,73334,73344,10
13.09564972,80.24153137,73344,73355,11
13.09601021,80.24165344,73355,73365,10
13.09646034,80.2417984,73365,73375,10
13.0968399,80.24194336,73375,73405,30
13.0968399,80.24194336,73405,73415,10
13.09712982,80.24202728,73415,73425,10
13.0975399,80.24214935,73425,73435,10
13.09799004,80.24226379,73435,73445,10
13.09854984,80.24227905,73445,73476,31
13.09854984,80.24227905,73476,73486,10
13.09864998,80.24224091,73486,73496,10
13.09873962,80.2420578,73496,73506,10
13.09864044,80.24182129,73506,73516,10
13.09842014,80.24217224,73516,73909,393
13.09842014,80.24217224,73909,73919,10
13.09823036,80.24239349,73919,73929,10
13.09792042,80.24230957,73929,73939,10
13.09755993,80.24221802,73939,73970,31
13.09755993,80.24221802,73970,73980,10
13.09733009,80.24212646,73980,73990,10
13.09694004,80.24201202,73990,74000,10
13.09640026,80.24182129,74000,74010,10
13.09572029,80.24157715,74010,74020,10
13.09517956,80.24140167,74020,74030,10
13.0948,80.24125671,74030,74040,10
13.09438038,80.24121094,74040,74050,10
13.09381962,80.24112701,74050,74060,10
13.09350014,80.2410965,74060,74070,10
13.09323978,80.24104309,74070,74081,11
13.09259033,80.2409668,74081,74091,10
13.09185028,80.24092102,74091,74101,10
13.09101009,80.2408905,74101,74111,10
13.09008026,80.24091339,74111,74121,10
13.08957005,80.2410965,74121,74131,10
13.0891304,80.2414093,74131,74141,10
13.08850956,80.24181366,74141,74151,10
13.08794022,80.24239349,74151,74161,10
13.08778954,80.24317169,74161,74171,10
13.08769035,80.24346924,74171,74181,10
13.08724022,80.24394226,74181,74191,10
13.08664036,80.24446869,74191,74202,11
13.08594036,80.24501801,74202,74212,10
13.08565044,80.2454834,74212,74222,10
13.08568001,80.24610901,74222,74232,10
13.08572006,80.2466507,74232,74242,10
13.08570004,80.24671936,74242,74252,10
13.08570957,80.24713135,74252,74262,10
13.08576012,80.24783325,74262,74272,10
13.0858202,80.24871826,74272,74282,10
13.08586979,80.24973297,74282,74292,10
13.08588982,80.25022888,74292,74333,41
13.08588982,80.25022888,74333,74343,10
13.08584976,80.25045776,74343,74353,10
13.08580017,80.25079346,74353,74363,10
13.08576012,80.25125885,74363,74373,10
13.08570957,80.25154114,74373,74383,10
13.08565998,80.25189972,74383,74393,10
13.0855999,80.25241852,74393,74403,10
13.08553982,80.25302887,74403,74413,10
13.08553028,80.25341034,74413,74423,10
13.08553028,80.25373077,74423,74433,10
13.08557987,80.25411987,74433,74444,11
13.08561993,80.25454712,74444,74464,20
13.08561993,80.25454712,74464,74474,10
13.08543968,80.2547226,74474,74484,10
13.08520031,80.25467682,74484,74494,10
13.08473015,80.25463867,74494,74504,10
13.08430004,80.25457764,74504,74514,10
13.08390999,80.25453949,74514,74524,10
13.08390045,80.25453949,74524,74534,10
13.08358002,80.2545166,74534,74544,10
13.08302975,80.25447845,74544,74554,10
13.08218002,80.25447845,74554,74585,31
13.08218002,80.25447845,74585,74595,10
13.08209038,80.2545166,74595,74605,10
13.08172989,80.25473785,74605,74615,10
13.08133984,80.25483704,74615,74625,10
13.08102989,80.25482178,74625,74635,10
13.08086014,80.25482178,74635,74645,10
13.08076954,80.25479889,74645,74655,10
13.08041954,80.25476837,74655,74665,10
13.08024979,80.2547226,74665,74675,10
13.08006954,80.2546463,74675,74686,11
13.07979012,80.25457764,74686,74696,10
13.07952976,80.2545166,74696,74706,10
13.0790596,80.25466156,74706,74716,10
13.07903004,80.25523376,74716,74726,10
13.07907963,80.25610352,74726,74736,10
13.07911968,80.25656891,74736,74746,10
13.07911968,80.25657654,74746,74756,10
13.07901001,80.25670624,74756,74766,10
13.07849026,80.2567215,74766,74776,10
13.07783985,80.25672913,74776,74786,10
13.07713032,80.25688171,74786,74796,10
13.07643032,80.25737762,74796,74807,11
13.07559013,80.25811768,74807,74817,10
13.07549953,80.25863647,74817,74827,10
13.0757103,80.25930786,74827,74837,10
13.07629967,80.25987244,74837,74847,10
13.07676983,80.26026917,74847,74857,10
13.07697964,80.26046753,74857,74867,10
13.07721996,80.26078796,74867,74877,10
13.07748985,80.26139069,74877,74887,10
13.07771015,80.26196289,74887,74897,10
13.0777998,80.2621994,74897,74907,10
13.07783031,80.26229858,74907,74917,10
13.07787991,80.26255035,74917,74928,11
13.07796955,80.26293945,74928,74938,10
13.07820034,80.26332855,74938,74948,10
13.07814026,80.2634964,74948,74958,10
13.07787991,80.26364899,74958,74968,10
13.07761002,80.26386261,74968,74978,10
13.07750988,80.26387787,74978,74988,10
13.07726955,80.26403809,74988,74998,10
13.07695961,80.26412201,74998,75008,10
13.07676983,80.26416016,75008,75018,10
13.07647991,80.26421356,75018,75028,10
13.07608032,80.26425171,75028,75038,10
13.07571983,80.26426697,75038,75049,11
13.07542992,80.26387787,75049,75059,10
13.07501984,80.26328278,75059,75069,10
13.07464027,80.26277161,75069,75079,10
13.07425976,80.26235199,75079,75089,10
13.07380962,80.26183319,75089,75099,10
13.07367992,80.2616806,75099,75109,10
13.07345009,80.26145172,75109,75119,10
13.07306957,80.26157379,75119,75129,10
13.07291985,80.26209259,75129,75139,10
13.0727396,80.26261902,75139,75149,10
13.07254982,80.26316071,75149,75159,10
13.07236004,80.26363373,75159,75170,11
13.07205009,80.26412201,75170,75180,10
13.07180023,80.26437378,75180,75190,10
13.07153034,80.2646637,75190,75200,10
13.07147026,80.26473999,75200,75210,10
13.07124043,80.26496887,75210,75220,10
13.07100964,80.26522064,75220,75230,10
13.07071972,80.26551056,75230,75240,10
13.07030964,80.26592255,75240,75250,10
13.06993008,80.26631927,75250,75260,10
13.06968021,80.26657104,75260,75270,10
13.06937981,80.26686859,75270,75279,9
13.06906033,80.26721191,75279,75291,12
13.06884956,80.2677002,75291,75301,10
13.06865025,80.26824188,75301,75311,10
13.06851006,80.26863861,75311,75321,10
13.06838036,80.26914215,75321,75331,10
13.06828022,80.26963806,75331,75341,10
13.06818962,80.27014923,75341,75351,10
13.06814003,80.27065277,75351,75361,10
13.06795979,80.27101898,75361,75371,10
13.0675602,80.27075958,75371,75381,10
13.06713963,80.27039337,75381,75391,10
13.06707001,80.27033997,75391,75401,10
13.06682014,80.27004242,75401,75412,11
13.06649017,80.26953888,75412,75422,10
13.06636047,80.26908112,75422,75432,10
13.06632042,80.26841736,75432,75442,10
13.06589985,80.26789856,75442,75452,10
13.06548023,80.26767731,75452,75462,10
13.06546974,80.26767731,75462,75472,10
13.06530952,80.26763153,75472,75482,10
13.06497955,80.26753998,75482,75492,10
13.06449032,80.26744843,75492,75502,10
13.06396961,80.26734161,75502,75512,10
13.0633297,80.26721954,75512,75522,10
13.06270027,80.2670517,75522,75533,11
13.06223011,80.26651001,75533,75543,10
13.06177044,80.26598358,75543,75553,10
13.06134033,80.26544189,75553,75563,10
13.06093025,80.26519775,75563,75573,10
13.06056976,80.26537323,75573,75583,10
13.06056023,80.26538086,75583,75593,10
13.06042957,80.26544189,75593,75603,10
13.05998993,80.26558685,75603,75613,10
13.05945969,80.26558685,75613,75623,10
13.05926037,80.26550293,75623,75633,10
13.05900002,80.26540375,75633,75642,9
13.05885029,80.26541138,75642,75654,12
13.05862999,80.26540375,75654,75664,10
13.05840015,80.26532745,75664,75674,10
13.05805969,80.2648468,75674,75684,10
13.05795956,80.26416779,75684,75694,10
13.05784988,80.26334381,75694,75704,10
13.05778027,80.26258087,75704,75714,10
13.05770016,80.26194,75714,75724,10
13.05755997,80.26120758,75724,75734,10
13.0573597,80.26042175,75734,75744,10
13.05714035,80.25968933,75744,75753,9
13.05694962,80.25907135,75753,75764,11
13.05671978,80.25826263,75764,75775,11
13.05663013,80.25788116,75775,75785,10
13.05657005,80.25752258,75785,75795,10
13.05652046,80.2572403,75795,75805,10
13.05644989,80.25708771,75805,75815,10
13.05636024,80.25665283,75815,75825,10
13.05613995,80.25621033,75825,75835,10
13.05572987,80.25563812,75835,75845,10
13.05519009,80.25493622,75845,75855,10
13.05459976,80.25417328,75855,75865,10
13.05408955,80.25353241,75865,75874,9
13.05408001,80.25350952,75874,75885,11
13.05381966,80.25314331,75885,75896,11
13.05337048,80.25244141,75896,75906,10
13.05278015,80.25167084,75906,75916,10
13.05218983,80.25092316,75916,75926,10
13.0514698,80.2502594,75926,75936,10
13.05053043,80.24996185,75936,75946,10
13.04951954,80.24977112,75946,75956,10
13.04870033,80.24968719,75956,75966,10
13.04813004,80.2494278,75966,75976,10
13.0475502,80.248909,75976,75986,10
13.0469799,80.24859619,75986,75996,10
13.04691029,80.24859619,75996,76007,11
13.04640007,80.24854279,76007,76017,10
13.04561996,80.24830627,76017,76027,10
13.0447998,80.24806976,76027,76037,10
13.04403019,80.24796295,76037,76047,10
13.04345036,80.24787903,76047,76057,10
13.04286003,80.24774933,76057,76067,10
13.04240036,80.247612,76067,76077,10
13.04178047,80.24749756,76077,76087,10
13.04156017,80.24746704,76087,76097,10
13.04135036,80.24742126,76097,76107,10
13.04080009,80.24732208,76107,76117,10
13.03964043,80.24707794,76117,76168,51
13.03964043,80.24707794,76168,76178,10
13.03954983,80.24700165,76178,76188,10
13.03915024,80.2469101,76188,76198,10
13.03851032,80.2467804,76198,76208,10
13.0377903,80.2466507,76208,76218,10
13.03697968,80.24651337,76218,76228,10
13.03617954,80.24633789,76228,76238,10
13.03520966,80.24603271,76238,76259,21
13.03520966,80.24603271,76259,76269,10
13.03493977,80.24582672,76269,76279,10
13.03470039,80.24546814,76279,76289,10
13.03433037,80.24503326,76289,76299,10
13.03386974,80.24450684,76299,76309,10
13.03335953,80.2438736,76309,76319,10
13.03269958,80.24304199,76319,76329,10
13.03205967,80.24214172,76329,76339,10
13.03166962,80.24125671,76339,76349,10
13.03127003,80.24040985,76349,76390,41
13.03127003,80.24040985,76390,76400,10
13.03118992,80.24030304,76400,76410,10
13.03106976,80.24001312,76410,76420,10
13.03079987,80.23944092,76420,76430,10
13.03034973,80.23864746,76430,76440,10
13.02980995,80.23770905,76440,76450,10
13.02919006,80.23692322,76450,76460,10
13.02906036,80.23677826,76460,76470,10
13.02882957,80.23651123,76470,76479,9
13.02842045,80.23609924,76479,76491,12
13.02781963,80.23535156,76491,76501,10
13.02735043,80.23448944,76501,76511,10
13.02684021,80.23364258,76511,76521,10
13.02637005,80.23282623,76521,76531,10
13.02618027,80.23213959,76531,76541,10
13.02612019,80.23188019,76541,76551,10
13.02604961,80.23162079,76551,76561,10
13.02595043,80.23119354,76561,76571,10
13.02565002,80.23045349,76571,76581,10
13.02511978,80.22963715,76581,76591,10
13.02472019,80.2292099,76591,76601,10
13.02464008,80.22913361,76601,76612,11
13.02435017,80.22872925,76612,76622,10
13.02398968,80.22833252,76622,76632,10
13.02396011,80.22830963,76632,76642,10
13.02383041,80.22811127,76642,76652,10
13.02355957,80.22783661,76652,76662,10
13.02318954,80.22744751,76662,76672,10
13.02254963,80.22692108,76672,76702,30
13.02254963,80.22692108,76702,76712,10
13.02237034,80.22667694,76712,76721,9
13.02192974,80.22631836,76721,76733,12
13.02114964,80.22569275,76733,76743,10
13.01994991,80.22486877,76743,76763,20
13.01994991,80.22486877,76763,76773,10
13.01988983,80.22485352,76773,76783,10
13.01955986,80.22463226,76783,76793,10
13.01891994,80.22450256,76793,76803,10
13.01817989,80.22476959,76803,76813,10
13.01737022,80.22509766,76813,76823,10
13.0166502,80.22540283,76823,76833,10
13.01599026,80.22563934,76833,76843,10
13.01535988,80.22588348,76843,76854,11
13.01476002,80.22614288,76854,76864,10
13.01420975,80.22635651,76864,76874,10
13.01416016,80.22637177,76874,76884,10
13.01395988,80.22644806,76884,76894,10
13.01344013,80.22663879,76894,76904,10
13.01274967,80.22689819,76904,76914,10
13.01196003,80.22722626,76914,76924,10
13.01111031,80.22756958,76924,76934,10
13.01018047,80.22794342,76934,76944,10
13.0092802,80.22834778,76944,76954,10
13.00901031,80.22918701,76954,76964,10
13.00881958,80.23027039,76964,76975,11
13.00856972,80.23153687,76975,76985,10
13.00837994,80.23258972,76985,76995,10
13.00829029,80.23326874,76995,77005,10
13.00825977,80.2334671,77005,77015,10
13.00821972,80.2335434,77015,77025,10
13.00813007,80.2338562,77025,77035,10
13.00806999,80.23429871,77035,77045,10
13.00798035,80.23474121,77045,77055,10
13.00796986,80.23480225,77055,77065,10
13.00786018,80.23526001,77065,77075,10
13.00776005,80.23589325,77075,77085,10
13.00759029,80.23667908,77085,77096,11
13.00741959,80.23761749,77096,77106,10
13.00726986,80.23851776,77106,77116,10
13.00706005,80.23944092,77116,77126,10
13.00693035,80.24014282,77126,77217,91
13.00693035,80.24014282,77217,77227,10
13.0067997,80.24063873,77227,77237,10
13.00671959,80.24118805,77237,77247,10
13.00667953,80.24201202,77247,77257,10
13.00666046,80.24295044,77257,77267,10
13.00662994,80.2436676,77267,77277,10
13.00664043,80.24407959,77277,77287,10
13.00664043,80.24424744,77287,77297,10
13.00662041,80.24437714,77297,77307,10
13.00667,80.24481964,77307,77317,10
13.00667953,80.24539185,77317,77327,10
13.00669003,80.24595642,77327,77338,11
13.00669003,80.24638367,77338,77358,20
13.00669003,80.24638367,77358,77368,10
13.00671959,80.24664307,77368,77378,10
13.00671959,80.24694824,77378,77388,10
13.00671005,80.24739075,77388,77398,10
13.00667,80.24807739,77398,77408,10
13.00669956,80.24897766,77408,77418,10
13.00675011,80.24990845,77418,77428,10
13.00675964,80.25079346,77428,77438,10
13.0067997,80.25110626,77438,77448,10
13.0067997,80.25145721,77448,77459,11
13.00664997,80.25202179,77459,77469,10
13.00652981,80.25273132,77469,77479,10
13.00652027,80.25361633,77479,77489,10
13.00654984,80.25454712,77489,77499,10
13.00658035,80.25512695,77499,77529,30
13.00658035,80.25512695,77529,77539,10
13.00656033,80.25550842,77539,77549,10
13.00656033,80.25617981,77549,77559,10
13.00658989,80.25695801,77559,77590,31
13.00658989,80.25695801,77590,77600,10
13.00662041,80.25718689,77600,77610,10
13.00667,80.25753021,77610,77620,10
13.00640011,80.25765228,77620,77630,10
13.00601959,80.25753021,77630,77640,10
13.00576973,80.25743866,77640,77650,10
13.0053196,80.25737762,77650,77660,10
13.0046196,80.25721741,77660,77670,10
13.00409985,80.25710297,77670,77680,10
13.00389957,80.25705719,77680,77690,10
13.00349045,80.2569809,77690,77721,31
13.00349045,80.2569809,77721,77731,10
13.00317955,80.25688934,77731,77741,10
13.00302029,80.25685883,77741,77751,10
13.00259018,80.25679016,77751,77771,20
13.00259018,80.25679016,77771,77781,10
13.00224972,80.25673676,77781,77791,10
13.00177956,80.25666809,77791,77801,10
13.00113964,80.25659943,77801,77811,10
13.00061989,80.25650024,77811,77822,11
12.99981022,80.25637817,77822,77832,10
12.99913025,80.25624084,77832,77842,10
12.99876022,80.25617218,77842,77852,10
12.99853039,80.25614166,77852,77862,10
12.99843979,80.25608063,77862,77872,10
12.99818039,80.25602722,77872,77882,10
12.99792004,80.25601196,77882,77892,10
12.99767017,80.25598907,77892,77902,10
12.99736023,80.25598145,77902,77932,30
12.99736023,80.25598145,77932,77943,11
12.99713039,80.25591278,77943,77953,10
12.99683952,80.25592041,77953,77963,10
12.99641991,80.25592041,77963,77973,10
12.99584007,80.25591278,77973,77983,10
12.99545002,80.25595856,77983,77993,10
12.99489021,80.25595856,77993,78003,10
12.99423981,80.2559967,78003,78013,10
12.99353981,80.25604248,78013,78023,10
12.99275017,80.25608063,78023,78033,10
12.99188042,80.25608063,78033,78043,10
12.99116039,80.256073,78043,78054,11
12.99092007,80.25608063,78054,78064,10
12.99073029,80.25605774,78064,78074,10
12.99057007,80.25605011,78074,78084,10
12.99034023,80.25608063,78084,78094,10
12.99018955,80.256073,78094,78104,10
12.98999023,80.25605774,78104,78114,10
12.98978996,80.25605011,78114,78124,10
12.98925018,80.25604248,78124,78144,20
12.98898029,80.25601196,78144,78316,172
12.98898029,80.25601196,78316,78326,10
12.98845959,80.2559967,78326,78336,10
12.98822975,80.25595093,78336,78346,10
12.98795986,80.25588989,78346,78356,10
12.98760033,80.25595856,78356,78366,10
12.98756027,80.25656891,78366,78376,10
12.9874897,80.25734711,78376,78386,10
12.98742962,80.25824738,78386,78396,10
12.98727036,80.25933838,78396,78437,41
12.98727036,80.25933838,78437,78447,10
12.98729038,80.2594986,78447,78457,10
12.98700047,80.2596283,78457,78477,20
12.98700047,80.2596283,78477,78487,10
12.98670006,80.25955963,78487,78497,10
12.98655987,80.25945282,78497,78507,10
12.98655987,80.25924683,78507,78517,10
12.98661041,80.25904083,78517,78890,373
12.98661041,80.25904083,78890,78901,11
12.98684978,80.25910187,78901,78911,10
12.98703003,80.2591095,78911,78921,10
12.98723984,80.2591095,78921,78931,10
12.98731995,80.25891876,78931,78941,10
12.98735046,80.25861359,78941,78951,10
12.98740005,80.25823212,78951,78961,10
12.98744011,80.25775146,78961,78971,10
12.98750019,80.25720978,78971,79062,91
12.98750019,80.25720978,79062,79072,10
12.98746967,80.25708008,79072,79082,10
12.98754025,80.25691986,79082,79092,10
12.98760033,80.25660706,79092,79102,10
12.98762035,80.25624084,79102,79112,10
12.98758984,80.25605774,79112,79122,10
12.98770046,80.25578308,79122,79132,10
12.98806,80.2558136,79132,79143,11
12.9883604,80.25582886,79143,79153,10
12.98863029,80.25585938,79153,79163,10
12.98876953,80.255867,79163,79173,10
12.98923969,80.25592041,79173,79183,10
12.98970032,80.25596619,79183,79193,10
12.99026966,80.25598145,79193,79203,10
12.99067974,80.25598145,79203,79213,10
12.99129009,80.25602722,79213,79223,10
12.99209976,80.25605011,79223,79233,10
12.99312973,80.25601196,79233,79243,10
12.9939003,80.25596619,79243,79253,10
12.99411964,80.25595856,79253,79324,71
12.99411964,80.25595856,79324,79334,10
12.99435043,80.25592041,79334,79344,10
12.99466991,80.25591278,79344,79354,10
12.99516964,80.25588989,79354,79373,19
12.99516964,80.25588989,79373,79385,12
12.99534035,80.255867,79385,79425,40
12.99534035,80.255867,79425,79435,10
12.99553967,80.25585175,79435,79445,10
12.99598026,80.25585175,79445,79455,10
12.99647999,80.25585938,79455,79465,10
12.99687004,80.25582886,79465,79475,10
12.99726009,80.25585175,79475,79485,10
12.99783039,80.25588226,79485,79495,10
12.99839973,80.25595856,79495,79506,11
12.99876022,80.25601959,79506,79536,30
12.99876022,80.25601959,79536,79546,10
12.99913979,80.25608826,79546,79556,10
12.99960041,80.25617218,79556,79566,10
12.99989033,80.25624084,79566,79576,10
13.00035954,80.25634003,79576,79586,10
13.00109005,80.2564621,79586,79596,10
13.00164032,80.25655365,79596,79606,10
13.00224018,80.25663757,79606,79616,10
13.00286961,80.25675964,79616,79627,11
13.00351048,80.25689697,79627,79637,10
13.00415993,80.25704193,79637,79647,10
13.00492954,80.25717926,79647,79657,10
13.00566006,80.25730133,79657,79667,10
13.00582981,80.25734711,79667,79677,10
13.00625038,80.2574234,79677,79687,10
13.00648022,80.25720978,79687,79697,10
13.00650978,80.25656128,79697,79707,10
13.00648022,80.25559998,79707,79717,10
13.00650024,80.25478363,79717,79727,10
13.00648975,80.25408936,79727,79737,10
13.00650024,80.25353241,79737,79748,11
13.00650024,80.25306702,79748,79758,10
13.00652981,80.25245667,79758,79768,10
13.00667,80.2515564,79768,79778,10
13.00669956,80.25048828,79778,79788,10
13.00669003,80.24929047,79788,79798,10
13.00662994,80.24829102,79798,79808,10
13.00660992,80.24781036,79808,79857,49
13.00660992,80.24781036,79857,79869,12
13.00654984,80.24764252,79869,79879,10
13.00658989,80.24716187,79879,79889,10
13.0065403,80.24671173,79889,79899,10
13.00656033,80.24648285,79899,79909,10
13.00660038,80.24617004,79909,79919,10
13.00658035,80.24564362,79919,79929,10
13.00658035,80.24506378,79929,79939,10
13.00656986,80.24440765,79939,79949,10
13.00656986,80.24378967,79949,79959,10
13.00654984,80.24317169,79959,79969,10
13.00650978,80.24241638,79969,79979,10
13.00652027,80.24156189,79979,79990,11
13.00664043,80.2407608,79990,80000,10
13.00679016,80.24004364,80000,80010,10
13.00695992,80.2390976,80010,80020,10
13.00710011,80.2381897,80020,80030,10
13.00726986,80.23744965,80030,80040,10
13.00734997,80.23687744,80040,80050,10
13.00745964,80.23645782,80050,80060,10
13.00761986,80.23577118,80060,80070,10
13.0078001,80.23500061,80070,80080,10
13.00794029,80.23423767,80080,80090,10
13.00811958,80.23326111,80090,80100,10
13.00833035,80.23219299,80100,80111,11
13.00856018,80.23100281,80111,80121,10
13.00877953,80.22994232,80121,80131,10
13.00899029,80.22888947,80131,80141,10
13.0092802,80.22782898,80141,80151,10
13.0097599,80.22676849,80151,80161,10
13.01023006,80.22583771,80161,80171,10
13.01053047,80.22521973,80171,80181,10
13.01076984,80.2246933,80181,80191,10
13.01097012,80.22419739,80191,80201,10
13.01117992,80.22361755,80201,80211,10
13.0113802,80.22303009,80211,80220,9
13.01163006,80.22238159,80220,80232,12
13.01204967,80.22142792,80232,80242,10
13.01228046,80.22142029,80242,80252,10
13.01239967,80.22158813,80252,80262,10
13.01274014,80.2220993,80262,80272,10
13.01327038,80.22271729,80272,80282,10
13.0138998,80.22332764,80282,80292,10
13.01436043,80.22384644,80292,80302,10
13.01484966,80.22440338,80302,80312,10
13.01504993,80.224617,80312,80322,10
13.0153904,80.22490692,80322,80332,10
13.01572037,80.22524261,80332,80341,9
13.01626968,80.2253418,80341,80353,12
13.01721954,80.22502136,80353,80363,10
13.01817036,80.22463989,80363,80373,10
13.01904964,80.22431183,80373,80383,10
13.01935959,80.22431946,80383,80393,10
13.0194397,80.22434235,80393,80403,10
13.01976967,80.22457886,80403,80413,10
13.02025986,80.22498322,80413,80423,10
13.02083015,80.22537994,80423,80433,10
13.02141953,80.22585297,80433,80443,10
13.02215004,80.22641754,80443,80453,10
13.0229702,80.22714233,80453,80463,10
13.02381992,80.22794342,80463,80474,11
13.02439022,80.22859192,80474,80484,10
13.02464962,80.22894287,80484,80494,10
13.02497005,80.22937775,80494,80504,10
13.02544975,80.23001862,80504,80514,10
13.02593994,80.23114014,80514,80544,30
13.02593994,80.23114014,80544,80554,10
13.02597046,80.23127747,80554,80564,10
13.02604961,80.23161316,80564,80574,10
13.0261898,80.23213959,80574,80584,10
13.02637959,80.23267365,80584,80595,11
13.02637959,80.23268127,80595,80605,10
13.02647972,80.23291779,80605,80615,10
13.02674007,80.23339844,80615,80625,10
13.02713013,80.23403931,80625,80635,10
13.02762032,80.2348938,80635,80645,10
13.02822018,80.23577881,80645,80655,10
13.02892017,80.23654938,80655,80665,10
13.02949047,80.23713684,80665,80675,10
13.03001022,80.23790741,80675,80685,10
13.03055,80.2388382,80685,80695,10
13.03096962,80.23957825,80695,80705,10
13.03120041,80.23995972,80705,80716,11
13.03137016,80.2403183,80716,80726,10
13.03141022,80.24082184,80726,80736,10
13.03164005,80.24127197,80736,80746,10
13.03192043,80.24185944,80746,80756,10
13.03236008,80.24243164,80756,80766,10
13.03283024,80.24308014,80766,80776,10
13.03339005,80.24378967,80776,80786,10
13.03398037,80.24462128,80786,80796,10
13.03454018,80.24530792,80796,80806,10
13.03495026,80.2457962,80806,80816,10
13.03530025,80.24604034,80816,80826,10
13.03575039,80.24613953,80826,80837,11
13.03600025,80.24629211,80837,80847,10
13.03654003,80.2463913,80847,80857,10
13.03719044,80.24649048,80857,80867,10
13.03777027,80.24645233,80867,80877,10
13.03843021,80.2466507,80877,80887,10
13.03911018,80.24685669,80887,80897,10
13.0397501,80.24700165,80897,80907,10
13.04057026,80.24713135,80907,80917,10
13.04119968,80.24723816,80917,80927,10
13.04197025,80.24739838,80927,80937,10
13.04261971,80.24764252,80937,80947,10
13.04316998,80.24784851,80947,80958,11
13.04382992,80.24784851,80958,80968,10
13.04442024,80.24787903,80968,80978,10
13.04491997,80.24804688,80978,80988,10
13.04543972,80.24822998,80988,80998,10
13.04605007,80.24845886,80998,81008,10
13.04669952,80.24839783,81008,81018,10
13.04726028,80.24852753,81018,81028,10
13.04775047,80.24902344,81028,81038,10
13.0483799,80.24958038,81038,81048,10
13.04905987,80.24967957,81048,81057,9
13.04971981,80.24980927,81057,81068,11
13.05070019,80.24999237,81068,81079,11
13.05165005,80.25032806,81079,81089,10
13.05237007,80.2510376,81089,81099,10
13.05303955,80.25192261,81099,81109,10
13.05360985,80.25270844,81109,81119,10
13.05416012,80.25348663,81119,81129,10
13.05473042,80.25422668,81129,81139,10
13.0551796,80.25483704,81139,81149,10
13.05562019,80.25547791,81149,81159,10
13.05611992,80.25617981,81159,81169,10
13.05659008,80.25666809,81169,81179,10
13.05706024,80.25707245,81179,81189,10
13.05764008,80.25760651,81189,81200,11
13.05819988,80.25824738,81200,81210,10
13.05875015,80.25892639,81210,81220,10
13.05914021,80.2594986,81220,81230,10
13.05951023,80.2600174,81230,81240,10
13.06007957,80.26053619,81240,81250,10
13.06064034,80.26114655,81250,81260,10
13.06101036,80.2616272,81260,81270,10
13.06142998,80.26210022,81270,81280,10
13.06190968,80.26270294,81280,81300,20
13.06190968,80.26270294,81300,81310,10
13.06210041,80.26294708,81310,81321,11
13.06256962,80.26351166,81321,81331,10
13.06291962,80.2639389,81331,81341,10
13.0633297,80.26448822,81341,81351,10
13.06373024,80.26519775,81351,81361,10
13.06418991,80.26583862,81361,81371,10
13.06472969,80.26644135,81371,81381,10
13.06523037,80.26699066,81381,81391,10
13.0657196,80.26746368,81391,81401,10
13.06641006,80.26824188,81401,81432,31
13.06641006,80.26824188,81432,81442,10
13.06651974,80.26830292,81442,81452,10
13.06682014,80.26844025,81452,81462,10
13.06713963,80.26863098,81462,81472,10
13.06721973,80.26867676,81472,81482,10
13.06750965,80.2689209,81482,81492,10
13.06791973,80.26920319,81492,81502,10
13.06818008,80.26930237,81502,81512,10
13.06828976,80.26914215,81512,81521,9
13.06840038,80.26870728,81521,81532,11
13.0685997,80.26806641,81532,81542,10
13.06886005,80.26735687,81542,81553,11
13.06945038,80.26670837,81553,81563,10
13.07001972,80.26612854,81563,81573,10
13.07028961,80.26586914,81573,81583,10
13.07036018,80.26583862,81583,81593,10
13.07063961,80.26548767,81593,81603,10
13.0710001,80.26513672,81603,81613,10
13.07141972,80.26464844,81613,81623,10
13.07194042,80.26410675,81623,81633,10
13.07229996,80.26352692,81633,81643,10
13.07246971,80.26300812,81643,81653,10
13.07266045,80.26252747,81653,81662,9
13.07277966,80.2620697,81662,81674,12
13.07289982,80.2615509,81674,81684,10
13.07304955,80.26117706,81684,81694,10
13.07338047,80.26129913,81694,81704,10
13.07382011,80.26180267,81704,81714,10
13.07433987,80.26242065,81714,81724,10
13.07485008,80.26306915,81724,81734,10
13.07540989,80.26384735,81734,81744,10
13.07598972,80.26423645,81744,81754,10
13.07668018,80.26415253,81754,81764,10
13.07732964,80.26399994,81764,81774,10
13.07781982,80.26360321,81774,81783,9
13.07804012,80.26325226,81783,81795,12
13.07787037,80.26275635,81795,81805,10
13.0776701,80.26213074,81805,81815,10
13.07744026,80.26146698,81815,81825,10
13.07723999,80.26098633,81825,81835,10
13.0771904,80.260849,81835,81845,10
13.07713032,80.26065826,81845,81855,10
13.0768404,80.2603302,81855,81865,10
13.07635021,80.25994873,81865,81875,10
13.07575989,80.25949097,81875,81885,10
13.07542038,80.25849915,81885,81905,20
13.07542038,80.25849915,81905,81916,11
13.07536983,80.25816345,81916,81926,10
13.07563019,80.25797272,81926,81936,10
13.07610035,80.25758362,81936,81946,10
13.07664013,80.25708771,81946,81955,9
13.07713985,80.25679779,81955,81966,11
13.07793045,80.25662994,81966,81976,10
13.07874966,80.2565918,81976,81986,10
13.07901955,80.25630951,81986,81996,10
13.07896042,80.25562286,81996,82006,10
13.07888031,80.25499725,82006,82016,10
13.07886028,80.25489807,82016,82026,10
13.07886028,80.2547226,82026,82037,11
13.07919025,80.25454712,82037,82047,10
13.07971001,80.25457764,82047,82057,10
13.07983971,80.25460815,82057,82067,10
13.08030033,80.25473785,82067,82077,10
13.08102036,80.25485992,82077,82087,10
13.08154011,80.25476074,82087,82097,10
13.08174038,80.25415039,82097,82107,10
13.08183002,80.25354767,82107,82117,10
13.08170986,80.2529068,82117,82127,10
13.08135986,80.25229645,82127,82137,10
13.08131981,80.25154114,82137,82147,10
13.08131027,80.2509613,82147,82158,11
13.08131027,80.25035858,82158,82168,10
13.08133984,80.24970245,82168,82178,10
13.08191013,80.24970245,82178,82188,10
13.0827198,80.24983978,82188,82198,10
13.08335972,80.24993896,82198,82208,10
13.08395004,80.25006866,82208,82218,10
13.08462048,80.25013733,82218,82228,10
13.08479023,80.25019073,82228,82238,10
13.0852499,80.25026703,82238,82248,10
13.08576965,80.25032806,82248,82258,10
13.0858202,80.24990082,82258,82268,10
13.08578014,80.24910736,82268,82279,11
13.08574009,80.24803162,82279,82289,10
13.08568954,80.24716187,82289,82299,10
13.08565998,80.24667358,82299,82309,10
13.08565044,80.24636078,82309,82319,10
13.0855999,80.2454071,82319,82339,20
13.0855999,80.2454071,82339,82349,10
13.08559036,80.24517822,82349,82359,10
13.08586979,80.24491882,82359,82369,10
13.0864296,80.24446869,82369,82379,10
13.08720016,80.24385834,82379,82389,10
13.08771992,80.2432785,82389,82400,11
13.08788967,80.24249268,82400,82410,10
13.08831024,80.24188995,82410,82420,10
13.08905983,80.24136353,82420,82430,10
13.08975983,80.24093628,82430,82440,10
13.09062004,80.24079132,82440,82450,10
13.09177971,80.24085999,82450,82460,10
13.09263039,80.24092102,82460,82470,10
13.09331036,80.24099731,82470,82480,10
13.09412956,80.24112701,82480,82490,10
13.09422016,80.2411499,82490,82500,10
13.09455967,80.24121094,82500,82510,10
13.0952301,80.24138641,82510,82521,11
13.09613037,80.24172211,82521,82531,10
13.09708977,80.24201965,82531,82541,10
13.09770966,80.2421875,82541,82551,10
13.09850979,80.24230194,82551,82571,20
13.09850979,80.24230194,82571,82581,10
13.09869957,80.24221802,82581,82591,10
13.09875011,80.2419281,82591,82601,10
13.09842014,80.24176788,82601,82611,10
13.09838963,80.24210358,82611,83438,827
13.09838963,80.24240112,83438,83731,293
13.09838963,80.24240112,83731,83741,10
13.09821987,80.24243164,83741,83751,10
13.09762955,80.24228668,83751,83761,10
13.09714985,80.24212646,83761,83771,10
13.09691048,80.24202728,83771,83781,10
13.09634018,80.24183655,83781,83791,10
13.09570026,80.24162292,83791,83801,10
13.09508038,80.24138641,83801,83811,10
13.09455013,80.2412796,83811,83821,10
13.0941,80.24121857,83821,83831,10
13.0935297,80.24111176,83831,83841,10
13.09333992,80.24108124,83841,83852,11
13.09259987,80.24099731,83852,83862,10
13.09171963,80.24092865,83862,83872,10
13.09062958,80.24088287,83872,83882,10
13.08955956,80.24108887,83882,83892,10
13.08850956,80.24182892,83892,83902,10
13.08784008,80.2427063,83902,83912,10
13.08773994,80.24327087,83912,83922,10
13.08743954,80.24375153,83922,83932,10
13.08677006,80.24434662,83932,83942,10
13.08592987,80.24503326,83942,83952,10
13.08559036,80.24558258,83952,83962,10
13.08567047,80.24636078,83962,83973,11
13.08576012,80.24752808,83973,83983,10
13.08584023,80.24887085,83983,83993,10
13.08588982,80.25013733,83993,84003,10
13.08578968,80.25096893,84003,84013,10
13.08568001,80.25190735,84013,84023,10
13.08559036,80.25276947,84023,84033,10
13.08555031,80.25363922,84033,84043,10
13.08561993,80.25447845,84043,84053,10
13.08526993,80.2547226,84053,84063,10
13.08462048,80.25466156,84063,84073,10
13.08374977,80.25457764,84073,84083,10
13.08283997,80.25450897,84083,84094,11
13.08232021,80.25450897,84094,84104,10
13.08178043,80.25476074,84104,84114,10
13.08108997,80.25486755,84114,84124,10
13.08040047,80.25476074,84124,84134,10
13.07966042,80.2546463,84134,84144,10
13.07903957,80.25473785,84144,84174,30
13.07903957,80.25473785,84174,84184,10
13.07892036,80.25476074,84184,84194,10
13.07898045,80.25515747,84194,84205,11
13.07907009,80.25608063,84205,84215,10
13.07884026,80.25662231,84215,84225,10
13.07826042,80.25663757,84225,84235,10
13.07756996,80.25670624,84235,84245,10
13.0768404,80.2569809,84245,84255,10
13.07604027,80.2576828,84255,84265,10
13.07540989,80.25830078,84265,84275,10
13.07557964,80.2589798,84275,84285,10
13.07612038,80.25971985,84285,84295,10
13.07693005,80.26042175,84295,84305,10
13.07736969,80.26107025,84305,84315,10
13.07769012,80.26187897,84315,84326,11
13.07775974,80.2620697,84326,84336,10
13.07777977,80.26220703,84336,84346,10
13.0778904,80.26268005,84346,84356,10
13.07818985,80.26329803,84356,84366,10
13.07789993,80.26358795,84366,84376,10
13.07736015,80.26399994,84376,84386,10
13.07670021,80.26416016,84386,84396,10
13.07598972,80.26425934,84396,84406,10
13.07551003,80.2640686,84406,84416,10
13.07513046,80.2634964,84416,84426,10
13.0745697,80.26275635,84426,84435,9
13.07398033,80.2620163,84435,84447,12
13.07351017,80.26148224,84447,84457,10
13.07318974,80.26136017,84457,84467,10
13.07291031,80.26190186,84467,84477,10
13.07266045,80.26270294,84477,84487,10
13.07244968,80.26332092,84487,84497,10
13.07211018,80.26402283,84497,84507,10
13.07157993,80.26460266,84507,84537,30
13.06997013,80.26625824,84537,84547,10
13.06927013,80.26699066,84547,84557,10
13.06882954,80.26764679,84557,84568,11
13.06855011,80.26853943,84568,84578,10
13.06832027,80.26937866,84578,84588,10
13.06818008,80.27020264,84588,84598,10
13.06805038,80.27095795,84598,84608,10
13.06766987,80.27088165,84608,84618,10
13.06727982,80.27049255,84618,84628,10
13.06715012,80.27036285,84628,84638,10
13.06674957,80.26989746,84638,84648,10
13.06643963,80.26921844,84648,84658,10
13.06634998,80.26846313,84658,84668,10
13.06610966,80.26809692,84668,84678,10
13.06560993,80.26766968,84678,84689,11
13.06521988,80.26760864,84689,84699,10
13.06501961,80.26759338,84699,84709,10
13.06437016,80.26747894,84709,84719,10
13.06348038,80.26731873,84719,84729,10
13.06256008,80.26702881,84729,84739,10
13.06186962,80.26616669,84739,84749,10
13.06122971,80.26535797,84749,84759,10
13.0606699,80.26522827,84759,84769,10
13.06042957,80.26535797,84769,84779,10
13.06015968,80.26550293,84779,84789,10
13.05957985,80.26557922,84789,84799,10
13.0588398,80.26548004,84799,84810,11
13.05805969,80.2651062,84810,84820,10
13.05790043,80.26412201,84820,84830,10
13.05776024,80.26287842,84830,84840,10
13.05760002,80.26165771,84840,84850,10
13.05733013,80.26043701,84850,84860,10
13.05696011,80.25926971,84860,84870,10
13.05669022,80.25830078,84870,84880,10
13.05655956,80.25747681,84880,84890,10
13.05634022,80.25666809,84890,84900,10
13.05597019,80.25598145,84900,84910,10
13.05545998,80.25527191,84910,84920,10
13.05482006,80.25440979,84920,84931,11
13.05401993,80.25337219,84931,84941,10
13.05338001,80.25247192,84941,84951,10
13.05268955,80.25160217,84951,84961,10
13.05210972,80.25080872,84961,84971,10
13.05142021,80.25022888,84971,84981,10
13.05027008,80.24992371,84981,84991,10
13.04901028,80.24977112,84991,85001,10
13.04794025,80.24932098,85001,85011,10
13.04705048,80.24862671,85011,85021,10
13.04592991,80.24848175,85021,85031,10
13.0447998,80.24812317,85031,85041,10
13.04360962,80.24790955,85041,85052,11
13.04261971,80.24777222,85052,85062,10
13.04152966,80.24748993,85062,85072,10
13.04036999,80.24726105,85072,85082,10
13.03969955,80.24713898,85082,85092,10
13.03938961,80.24706268,85092,85102,10
13.03868008,80.24687195,85102,85112,10
13.03781033,80.24672699,85112,85122,10
13.03686047,80.24655151,85122,85132,10
13.03598976,80.24633026,85132,85142,10
13.03534985,80.24606323,85142,85152,10
13.03464031,80.24549866,85152,85161,9
13.03402996,80.24472809,85161,85173,12
13.03312969,80.24365234,85173,85183,10
13.03242016,80.24263763,85183,85193,10
13.03178978,80.24167633,85193,85203,10
13.03131962,80.24066925,85203,85213,10
13.03100014,80.23992157,85213,85223,10
13.03065014,80.23918915,85223,85233,10
13.03017044,80.23834991,85233,85243,10
13.0296402,80.23742676,85243,85253,10
13.02892017,80.23660278,85253,85263,10
13.02807045,80.23564911,85263,85273,10
13.02737999,80.23457336,85273,85283,10
13.02670956,80.23345184,85283,85294,11
13.0261898,80.23239136,85294,85304,10
13.0259304,80.23140717,85304,85314,10
13.02560997,80.23040771,85314,85324,10
13.02499008,80.22949982,85324,85334,10
13.02437019,80.22870636,85334,85344,10
13.02412033,80.22840118,85344,85354,10
13.02394009,80.2281189,85354,85364,10
13.02346039,80.22757721,85364,85374,10
13.02272034,80.22691345,85374,85384,10
13.0219202,80.22621155,85384,85394,10
13.02103996,80.22553253,85394,85404,10
13.02000046,80.224823,85404,85415,11
13.01881027,80.22441864,85415,85425,10
13.01772022,80.2248764,85425,85435,10
13.0167799,80.22528076,85435,85445,10
13.01650047,80.22534943,85445,85455,10
13.01622963,80.22537231,85455,85465,10
13.01587963,80.2256012,85465,85475,10
13.01529026,80.22588348,85475,85485,10
13.01453018,80.22618103,85485,85495,10
13.01424026,80.22631073,85495,85505,10
13.0141201,80.22637177,85505,85515,10
13.0135498,80.22657776,85515,85525,10
13.01264954,80.22692108,85525,85536,11
13.0113802,80.22743225,85536,85546,10
13.01016045,80.2279129,85546,85556,10
13.00922012,80.22840118,85556,85566,10
13.00895977,80.22946167,85566,85576,10
13.0087204,80.2308197,85576,85586,10
13.00846958,80.23216248,85586,85596,10
13.00823975,80.23336792,85596,85606,10
13.0080204,80.23451233,85606,85616,10
13.00780964,80.23554993,85616,85626,10
13.00761032,80.23657227,85626,85636,10
13.00737953,80.23767853,85636,85647,11
13.00718021,80.23892212,85647,85657,10
13.00695038,80.23992157,85657,85667,10
13.00689983,80.2405014,85667,85677,10
13.00677967,80.24131775,85677,85687,10
13.00673008,80.24246216,85687,85697,10
13.00669003,80.24365234,85697,85707,10
13.00671005,80.24472046,85707,85717,10
13.00673962,80.24578857,85717,85727,10
13.00675964,80.24681854,85727,85737,10
13.00673962,80.24713898,85737,85747,10
13.00675011,80.24729919,85747,85757,10
13.00675011,80.24755096,85757,85768,11
13.00673008,80.24812317,85768,85778,10
13.00675964,80.24887848,85778,85788,10
13.0067997,80.24978638,85788,85798,10
13.00683022,80.25083923,85798,85808,10
13.00671005,80.2518692,85808,85818,10
13.00654984,80.25296021,85818,85828,10
13.00654984,80.25428772,85828,85838,10
13.00658989,80.25563812,85838,85848,10
13.00660038,80.25686646,85848,85858,10
13.00669956,80.25740814,85858,85868,10
13.00658035,80.25756073,85868,85878,10
13.00613022,80.25753784,85878,85889,11
13.00527,80.25733185,85889,85899,10
13.00436974,80.25708771,85899,85909,10
13.00341988,80.25689697,85909,85919,10
13.00242043,80.2567215,85919,85929,10
13.00135994,80.25653839,85929,85939,10
13.00034046,80.25639343,85939,85949,10
12.99921036,80.2562027,85949,85959,10
12.99874973,80.25614166,85959,85969,10
12.99845028,80.25610352,85969,85979,10
12.99785995,80.25601196,85979,85989,10
12.99744034,80.25598145,85989,85999,10
12.99707985,80.25595856,85999,86010,11
12.99637032,80.25592804,86010,86020,10
12.99549007,80.25595093,86020,86030,10
12.99477959,80.25604248,86030,86040,10
12.99452019,80.25601196,86040,86050,10
12.99431992,80.25601959,86050,86060,10
12.99400043,80.25605774,86060,86070,10
12.99343967,80.25608826,86070,86080,10
12.9927702,80.25611115,86080,86090,10
12.99209023,80.25614166,86090,86100,10
12.99123001,80.25610352,86100,86110,10
12.99036026,80.25605774,86110,86120,10
12.98958969,80.25604248,86120,86131,11
12.98867989,80.2559967,86131,86141,10
12.98840046,80.25598145,86141,86151,10
12.98812008,80.25592041,86151,86161,10
12.98764038,80.25595856,86161,86171,10
12.98756027,80.25660706,86171,86181,10
12.98750019,80.25750732,86181,86191,10
12.98742008,80.25842285,86191,86201,10
12.98736,80.2590332,86201,86211,10
12.98733997,80.25910187,86211,86221,10
12.98715973,80.25914001,86221,86241,20
12.98715973,80.25914001,86241,86252,11
12.98731041,80.25878906,86252,86262,10
12.98733997,80.25852203,86262,86272,10
12.98736954,80.25807953,86272,86282,10
12.98744965,80.25733948,86282,86383,101
