13.01325989,80.22662354,14,508,494
13.01327038,80.22641754,508,922,414
13.01327991,80.22654724,922,1124,202
13.01327991,80.22654724,1124,6208,5084
13.0134697,80.22664642,6208,6218,10
13.01336002,80.22673035,6218,6229,11
13.01325989,80.22666168,6229,7318,1089
13.01325989,80.22664642,7318,7419,101
13.01325989,80.22664642,7419,7429,10
13.01329994,80.22660065,7429,7540,111
13.01329994,80.22660065,7540,7550,10
13.01325989,80.22648621,7550,7732,182
13.01325035,80.22660828,7732,8549,817
13.01331997,80.22657776,8549,17499,8950
13.01331997,80.22657776,17499,17569,70
13.01327038,80.22646332,17569,17620,51
13.01323986,80.22644043,17620,17640,20
13.01323986,80.22644043,17640,17740,100
13.01325989,80.22657776,17740,17751,11
13.01325989,80.22654724,17751,17761,10
13.01329041,80.22644043,17761,17801,40
13.01325989,80.22659302,17801,17922,121
13.01333046,80.22673035,17922,17953,31
13.01331043,80.22653198,17953,17993,40
13.01331043,80.22653198,17993,18003,10
13.01329994,80.2265625,18003,18013,10
13.01329041,80.22659302,18013,18094,81
13.01329041,80.22659302,18094,18104,10
13.01336956,80.22657776,18104,18175,71
13.01336956,80.22650909,18175,18346,171
13.01336956,80.22650909,18346,18709,363
13.01331043,80.22678375,18709,18719,10
13.01329994,80.22672272,18719,18750,31
13.01329994,80.22672272,18750,18760,10
13.01329041,80.22663879,18760,18770,10
13.01292038,80.22678375,18770,18780,10
13.01226044,80.22705078,18780,18790,10
13.01134014,80.22737885,18790,18800,10
13.01029015,80.22779846,18800,18810,10
13.00944042,80.22799683,18810,18820,10
13.00984001,80.2269516,18820,18831,11
13.01002026,80.22599792,18831,18840,9
13.01060009,80.22499847,18840,18851,11
13.01095963,80.22427368,18851,18891,40
13.01037025,80.22299957,18891,18911,20
13.00930977,80.22218323,18911,18921,10
13.00842953,80.2216568,18921,18931,10
13.00747967,80.22099304,18931,19022,91
13.00105,80.21823883,19022,19032,10
13.00014973,80.21768188,19032,19042,10
12.99913025,80.2171402,19042,19052,10
12.99849987,80.21676636,19052,19063,11
12.99773026,80.21639252,19063,19123,60
12.99448967,80.21740723,19123,19133,10
12.99415016,80.21772766,19133,19143,10
12.99351025,80.21819305,19143,19254,111
12.98764038,80.22309113,19254,19264,10
12.98735046,80.2230835,19264,19274,10
12.98682022,80.2230072,19274,19284,10
12.98595047,80.2230072,19284,19295,11
12.98511982,80.22319794,19295,19315,20
12.98390007,80.22261047,19315,19325,10
12.98324966,80.22215271,19325,19345,20
12.98324966,80.22215271,19345,19355,10
12.98316956,80.22202301,19355,19365,10
12.98289013,80.22190857,19365,19375,10
12.98250008,80.22181702,19375,19385,10
12.98182964,80.22145844,19385,19395,10
12.98101997,80.22100067,19395,19405,10
12.98003006,80.22110748,19405,19416,11
12.97889042,80.22122955,19416,19426,10
12.97789001,80.22122192,19426,19436,10
12.97692966,80.22123718,19436,19456,20
12.97593021,80.22103882,19456,19466,10
12.97574997,80.22112274,19466,19476,10
12.97577,80.22107697,19476,19496,20
12.97490025,80.22057343,19496,19506,10
12.97412014,80.22020721,19506,19516,10
12.97321987,80.21984863,19516,19527,11
12.97208023,80.21943665,19527,19537,10
12.9710598,80.21900177,19537,19617,80
12.96662045,80.21736145,19617,19628,11
12.96566963,80.21691132,19628,19688,60
12.95944023,80.21440887,19688,19698,10
12.95835018,80.21394348,19698,19707,9
12.95738029,80.21354675,19707,19718,11
12.95617962,80.21308899,19718,19728,10
12.95508957,80.21266174,19728,19738,10
12.95407963,80.21227264,19738,19749,11
12.95351028,80.21211243,19749,19759,10
12.95357037,80.21214294,19759,19779,20
12.95203972,80.21153259,19779,19789,10
12.95102024,80.21115875,19789,19799,10
12.94991016,80.2108078,19799,19809,10
12.94896984,80.21038055,19809,19819,10
12.94847965,80.21021271,19819,19829,10
12.94824028,80.21008301,19829,19839,10
12.94750977,80.20990753,19839,19849,10
12.94651985,80.20942688,19849,19859,10
12.94550037,80.2089386,19859,19870,11
12.94443035,80.20825958,19870,19880,10
12.94417,80.20836639,19880,19900,20
12.94351959,80.20807648,19900,19910,10
12.94293022,80.20757294,19910,19920,10
12.94221973,80.20674896,19920,19930,10
12.94112015,80.20607758,19930,19950,20
12.94112015,80.20607758,19950,19960,10
12.94106007,80.2060318,19960,19970,10
12.9405899,80.20583344,19970,19981,11
12.93974018,80.20558929,19981,19991,10
12.93885994,80.20532227,19991,20001,10
12.93782043,80.20503235,20001,20011,10
12.93673992,80.20471954,20011,20021,10
12.93564034,80.20439148,20021,20031,10
12.93457985,80.20401764,20031,20041,10
12.93348026,80.20393372,20041,20071,30
12.93348026,80.20393372,20071,20081,10
12.93292046,80.20372009,20081,20091,10
12.93214989,80.20343018,20091,20102,11
12.93105984,80.20307922,20102,20112,10
12.93000031,80.20278168,20112,20122,10
12.92895031,80.20252228,20122,20152,30
12.92848015,80.20226288,20152,20162,10
12.92846012,80.20140839,20162,20172,10
12.92833996,80.20057678,20172,20626,454
12.90404034,80.18534088,20626,20636,10
12.90388012,80.18462372,20636,20646,10
12.90305996,80.18438721,20646,20656,10
12.90205002,80.18408966,20656,20667,11
12.90104008,80.18389893,20667,20677,10
12.90013981,80.18376923,20677,20727,50
12.89733028,80.18200684,20727,20736,9
12.89698029,80.18186188,20736,20788,52
12.89325047,80.17970276,20788,20798,10
12.89323997,80.17983246,20798,20808,10
12.89311981,80.17961121,20808,20929,121
12.88675976,80.17279816,20929,20939,10
12.88588047,80.1723175,20939,21163,224
12.86783028,80.1759491,21163,21173,10
12.86690998,80.17595673,21173,21223,50
12.86172009,80.17389679,21223,21234,11
12.86067009,80.17340851,21234,21314,80
12.85577011,80.17192841,21314,21324,10
12.8550396,80.17169952,21324,21355,31
12.85188961,80.17108917,21355,21365,10
12.85091972,80.17092133,21365,21547,182
12.83660984,80.16876984,21547,21557,10
12.83656979,80.16874695,21557,21799,242
12.82526016,80.16383362,21799,22071,272
12.82526016,80.16383362,22071,22142,71
12.82046032,80.16149139,22142,22152,10
12.81943989,80.16104889,22152,22162,10
12.81861973,80.1606369,22162,22172,10
12.81828022,80.16027832,22172,22182,10
12.81803989,80.16017914,22182,22192,10
12.8175602,80.16023254,22192,22202,10
12.81680012,80.16001892,22202,22212,10
12.81595039,80.15969849,22212,22253,41
12.81276989,80.15940857,22253,22263,10
12.81204033,80.15930176,22263,22273,10
12.81136036,80.15946198,22273,22283,10
12.81093025,80.15966797,22283,22293,10
12.81046963,80.15971375,22293,22303,10
12.8100996,80.15969849,22303,22313,10
12.80996037,80.15968323,22313,22323,10
12.81000042,80.15962982,22323,22333,10
12.81017971,80.15963745,22333,22374,41
12.8101902,80.15966034,22374,23130,756
12.8101902,80.15966034,23130,23140,10
12.81037998,80.15972137,23140,23150,10
12.81089973,80.15962219,23150,23160,10
12.81157017,80.1594162,23160,23171,11
12.81171989,80.15939331,23171,23181,10
12.81196976,80.15934753,23181,23191,10
12.81260967,80.15939331,23191,23201,10
12.8134203,80.15953827,23201,23211,10
12.81447029,80.15965271,23211,23221,10
12.81560993,80.15988159,23221,23231,10
12.81674004,80.16010284,23231,23241,10
12.81764984,80.16033936,23241,23251,10
12.81816006,80.16043854,23251,23261,10
12.81838989,80.16053009,23261,23271,10
12.81890965,80.16078186,23271,23282,11
12.81980038,80.16117096,23282,23292,10
12.82081985,80.16162109,23292,23302,10
12.82188988,80.16207123,23302,23312,10
12.8229599,80.16249847,23312,23322,10
12.82398033,80.16304016,23322,23332,10
12.82499027,80.16365814,23332,23342,10
12.82600975,80.16420746,23342,23352,10
12.82695007,80.16477966,23352,23362,10
12.82744026,80.1651001,23362,23382,20
12.82777023,80.16516113,23382,23413,31
12.82777023,80.16516113,23413,23423,10
12.8280201,80.16519165,23423,23433,10
12.82866001,80.16526794,23433,23443,10
12.82956028,80.16539001,23443,23453,10
12.83069038,80.16558075,23453,23463,10
12.83183002,80.16584778,23463,23473,10
12.83292007,80.1663208,23473,23483,10
12.83391953,80.16692352,23483,23493,10
12.83493042,80.1674881,23493,23503,10
12.83568954,80.16777802,23503,23514,11
12.83596039,80.16819,23514,23524,10
12.83627987,80.16860199,23524,23534,10
12.83654022,80.1687088,23534,23544,10
12.83664036,80.16873932,23544,23554,10
12.83687019,80.16880798,23554,23564,10
12.83714962,80.16893768,23564,23574,10
12.83718014,80.16899872,23574,23584,10
12.83740044,80.16921997,23584,23594,10
12.83798027,80.16929626,23594,23604,10
12.83823013,80.16947174,23604,23613,9
12.8386097,80.1697464,23613,23625,12
12.83948994,80.16999054,23625,23635,10
12.84041023,80.16995239,23635,23645,10
12.8415699,80.16996002,23645,23655,10
12.84274006,80.1699295,23655,23665,10
12.84393024,80.1700592,23665,23675,10
12.84512043,80.17014313,23675,23685,10
12.84630013,80.1701889,23685,23695,10
12.84747028,80.17028046,23695,23705,10
12.84856987,80.17054749,23705,23715,10
12.84974957,80.17070007,23715,23724,9
12.85077,80.17086792,23724,23735,11
12.85202026,80.17102814,23735,23746,11
12.85326004,80.17118835,23746,23756,10
12.85435009,80.17150879,23756,23766,10
12.85542011,80.17179871,23766,23776,10
12.85641956,80.17208099,23776,23796,20
12.85641956,80.17208099,23796,23806,10
12.85634995,80.17212677,23806,23816,10
12.85638046,80.17205048,23816,23826,10
12.85636997,80.17202759,23826,23836,10
12.8566103,80.17212677,23836,23845,9
12.85708046,80.17223358,23845,23857,12
12.85774994,80.17227936,23857,23867,10
12.85811043,80.17237854,23867,23877,10
12.85886002,80.1725235,23877,23887,10
12.85966969,80.17282104,23887,23897,10
12.86023998,80.17286682,23897,23917,20
12.86077023,80.17311859,23917,23927,10
12.86166954,80.17353058,23927,23937,10
12.86196041,80.17366028,23937,23947,10
12.86215973,80.17384338,23947,23957,10
12.86264992,80.17410278,23957,23968,11
12.86320972,80.17430115,23968,23998,30
12.86526966,80.17539215,23998,24008,10
12.86553001,80.1757431,24008,24018,10
12.86579037,80.17603302,24018,24028,10
12.86645985,80.17585754,24028,24038,10
12.86723042,80.1759491,24038,24048,10
12.8677702,80.17588806,24048,24058,10
12.86835957,80.17597198,24058,24068,10
12.86900997,80.17545319,24068,24099,31
12.87217045,80.17337799,24099,24109,10
12.87314034,80.17272949,24109,24119,10
12.87407017,80.17202759,24119,24129,10
12.87504005,80.17140198,24129,24139,10
12.87584019,80.1708374,24139,24149,10
12.87596035,80.17077637,24149,24157,8
12.88049984,80.17047882,24157,24226,69
12.88049984,80.17047882,24226,24245,19
12.88175011,80.17095184,24245,24256,11
12.88239002,80.17066193,24256,24266,10
12.8826704,80.17063904,24266,24276,10
12.88278008,80.17072296,24276,24286,10
12.88325024,80.1709671,24286,24296,10
12.88395023,80.17131042,24296,24307,11
12.88490009,80.17179871,24307,24317,10
12.88589954,80.17234802,24317,24327,10
12.88691998,80.17285919,24327,24337,10
12.88794994,80.17339325,24337,24347,10
12.88893986,80.17388153,24347,24357,10
12.88945007,80.17414856,24357,24367,10
12.88965034,80.17424774,24367,24377,10
12.88986969,80.17433167,24377,24387,10
12.89015961,80.17446136,24387,24397,10
12.8905201,80.17463684,24397,24406,9
12.89078045,80.17517853,24406,24418,12
12.89113998,80.1758194,24418,24428,10
12.89148045,80.17646027,24428,24438,10
12.89161968,80.17680359,24438,24448,10
12.89157963,80.17671204,24448,24458,10
12.89171982,80.1769104,24458,24468,10
12.89183044,80.17710114,24468,24478,10
12.89206028,80.17758942,24478,24488,10
12.8923502,80.17835236,24488,24508,20
12.89344025,80.18000031,24508,24519,11
12.89387989,80.18048859,24519,24559,40
12.89605999,80.18128204,24559,24569,10
12.89706993,80.18179321,24569,24579,10
12.89766026,80.18206787,24579,24589,10
12.89760017,80.18203735,24589,24609,20
12.89760017,80.18203735,24609,24619,10
12.89805031,80.18224335,24619,24629,10
12.89861965,80.18254089,24629,24639,10
12.89937019,80.18293762,24639,24650,11
12.90032959,80.18341827,24650,24659,9
12.90118027,80.18379974,24659,24670,11
12.90235043,80.18418121,24670,24680,10
12.90344048,80.18447113,24680,24690,10
12.90417004,80.1848526,24690,24700,10
12.90408993,80.18569946,24700,24710,10
12.90406036,80.1867218,24710,24720,10
12.90423012,80.18744659,24720,24730,10
12.90472984,80.18776703,24730,24740,10
12.90534973,80.1881485,24740,24750,10
12.90598011,80.18858337,24750,24761,11
12.90662956,80.18900299,24761,24771,10
12.90672016,80.18907928,24771,24781,10
12.90684032,80.18914032,24781,24791,10
12.90723991,80.18945313,24791,24801,10
12.90781021,80.18987274,24801,24811,10
12.90843964,80.19033051,24811,24821,10
12.9091301,80.19085693,24821,24831,10
12.90985966,80.19145203,24831,24841,10
12.91092014,80.19172668,24841,24852,11
12.91217041,80.19187927,24852,24870,18
12.91259956,80.19180298,24870,24882,12
12.91320038,80.19187164,24882,24892,10
12.91386986,80.19184113,24892,24902,10
12.9147501,80.1920929,24902,24912,10
12.91567993,80.19216919,24912,24922,10
12.91668034,80.19225311,24922,24932,10
12.91716957,80.19212341,24932,24942,10
12.91720963,80.19203186,24942,24952,10
12.9171896,80.19184113,24952,24962,10
12.91726971,80.19132996,24962,24972,10
12.91736984,80.19078827,24972,24993,21
12.91759014,80.19049072,24993,25003,10
12.9174099,80.19119263,25003,25013,10
12.91730976,80.1920166,25013,25023,10
12.91716003,80.19290161,25023,25033,10
12.91709995,80.193573,25033,25063,30
12.91672039,80.19303131,25063,25073,10
12.9171896,80.19376373,25073,25083,10
12.91734028,80.19442749,25083,25093,10
12.91792011,80.19489288,25093,25104,11
12.91860008,80.19545746,25104,25114,10
12.91942978,80.19612885,25114,25124,10
12.92035007,80.19660187,25124,25134,10
12.9210701,80.19689178,25134,25144,10
12.92096996,80.19685364,25144,25154,10
12.92119026,80.19702911,25154,25194,40
12.92341995,80.19732666,25194,25204,10
12.92374039,80.19734955,25204,25295,91
12.92759037,80.19817352,25295,25305,10
12.92809963,80.1987915,25305,25315,10
12.92844009,80.19972229,25315,25325,10
12.9285202,80.20084381,25325,25336,11
12.92856026,80.20198059,25336,25346,10
12.92889023,80.20265198,25346,25356,10
12.92943954,80.20275116,25356,25366,10
12.92975998,80.20288849,25366,25376,10
12.92959023,80.20272827,25376,25386,10
12.93002987,80.20275116,25386,25396,10
12.93070984,80.20281982,25396,25416,20
12.93237972,80.20342255,25416,25426,10
12.9332304,80.20375061,25426,25436,10
12.93404007,80.20394135,25436,25447,11
12.93496037,80.2041626,25447,25477,30
12.93422985,80.20385742,25477,25487,10
12.93469048,80.20388031,25487,25497,10
12.93517017,80.20387268,25497,25628,131
12.94007969,80.20565796,25628,25638,10
12.94032001,80.20572662,25638,25719,81
12.94419956,80.20829773,25719,25729,10
12.94445992,80.20829773,25729,25739,10
12.94482994,80.20826721,25739,25941,202
12.95755959,80.21356964,25941,25951,10
12.95870972,80.21392822,25951,25961,10
12.95969963,80.21433258,25961,25971,10
12.96074009,80.21479797,25971,25981,10
12.96179008,80.21523285,25981,25991,10
12.96284008,80.21562958,25991,26000,9
12.96358967,80.21591187,26000,26012,12
12.9642601,80.21617126,26012,26022,10
12.96481991,80.21646118,26022,26042,20
12.96446037,80.21630096,26042,26052,10
12.96498966,80.21649933,26052,26062,10
12.9656496,80.21676636,26062,26072,10
12.96629047,80.21700287,26072,26082,10
12.96695995,80.21727753,26082,26092,10
12.9675703,80.21753693,26092,26102,10
12.96817017,80.2178421,26102,26526,424
12.98614025,80.22290039,26526,26536,10
12.98631954,80.22290039,26536,26546,10
12.98639011,80.22290039,26546,26556,10
12.98676014,80.22280884,26556,26567,11
12.9871397,80.22234344,26567,26627,60
12.99053001,80.22029114,26627,26637,10
12.99088001,80.22003174,26637,26647,10
12.99129009,80.2196579,26647,26657,10
12.99160004,80.2193985,26657,26667,10
12.99211979,80.21891022,26667,26678,11
12.99310017,80.21842957,26678,26688,10
12.99390984,80.21794128,26688,26748,60
12.99798965,80.21678162,26748,26758,10
12.99798965,80.21678162,26758,26768,10
12.99798012,80.21734619,26768,26777,9
12.9980402,80.21779633,26777,26809,32
13.00238037,80.21897888,26809,26819,10
13.0032196,80.2196579,26819,26829,10
13.00393963,80.22026825,26829,26839,10
13.00463963,80.22029877,26839,26849,10
13.00485992,80.22029114,26849,26858,9
13.00498009,80.22032166,26858,26869,11
13.00551987,80.22042847,26869,26879,10
13.02188969,80.22611237,26879,27192,313
13.02188969,80.22611237,27192,27202,10
13.02196026,80.22615814,27202,27555,353
13.0348196,80.22994995,27555,27565,10
13.03479004,80.22995758,27565,27626,61
13.03479004,80.22995758,27626,27636,10
13.03458977,80.22984314,27636,27697,61
13.03460979,80.2299881,27697,28151,454
13.03454018,80.22988129,28151,28564,413
13.03454018,80.22988129,28564,28574,10
13.0344696,80.2299118,28574,28584,10
13.0343399,80.2298584,28584,28594,10
13.03415012,80.22982025,28594,28604,10
13.03444004,80.22988129,28604,28614,10
13.0340004,80.22947693,28614,28625,11
13.03205967,80.2283783,28625,28635,10
13.03444004,80.22991943,28635,28655,20
13.03444004,80.22991943,28655,28665,10
13.0343504,80.22988892,28665,28746,81
13.0343504,80.22988892,28746,28756,10
13.03431988,80.2299118,28756,28766,10
13.03431034,80.2299118,28766,28776,10
13.03425026,80.22984314,28776,28786,10
13.03423023,80.22987366,28786,28796,10
13.03417969,80.22988129,28796,28846,50
13.03417969,80.22988129,28846,28857,11
13.03419018,80.23036194,28857,28877,20
13.03419018,80.23036194,28877,28887,10
13.03384972,80.23036957,28887,28897,10
13.03349018,80.23039246,28897,28907,10
13.0329504,80.23045349,28907,28917,10
13.03236961,80.23053741,28917,28927,10
13.03174019,80.23059845,28927,28937,10
13.03110981,80.2306366,28937,28947,10
13.03063965,80.23072052,28947,28957,10
13.03013039,80.23078918,28957,28967,10
13.02980042,80.2308197,28967,28978,11
13.02978992,80.23081207,28978,28988,10
13.02970028,80.23085022,28988,28998,10
13.02925968,80.23088837,28998,29008,10
13.02857018,80.2309494,29008,29018,10
13.02789021,80.23097992,29018,29028,10
13.02766991,80.23117065,29028,29038,10
13.02770996,80.23168182,29038,29048,10
13.02779961,80.23233032,29048,29058,10
13.02775002,80.23272705,29058,29068,10
13.02684021,80.23300171,29068,29139,71
13.02684021,80.23300171,29139,29149,10
13.02678013,80.2329483,29149,29159,10
13.02651024,80.23296356,29159,29169,10
13.02626991,80.23249054,29169,29179,10
13.02606964,80.23166656,29179,29189,10
13.0257597,80.23065186,29189,29199,10
13.02509975,80.22966003,29199,29210,11
13.02433968,80.2286377,29210,29220,10
13.02365017,80.22779846,29220,29230,10
13.02330017,80.22750854,29230,29240,10
13.02299023,80.22736359,29240,29270,30
13.02299023,80.22736359,29270,29280,10
13.02268982,80.22714996,29280,29290,10
13.02256966,80.22686768,29290,29300,10
13.0220499,80.22640991,29300,29310,10
13.02159023,80.22592163,29310,29321,11
13.0207901,80.22532654,29321,29331,10
13.01992989,80.22476196,29331,29341,10
13.01883984,80.22447205,29341,29351,10
13.01774979,80.2249527,29351,29361,10
13.01669979,80.22535706,29361,29371,10
13.01597977,80.22563171,29371,29381,10
13.01525021,80.22592926,29381,29391,10
13.01455021,80.2261734,29391,29401,10
13.01430988,80.22624207,29401,29411,10
13.01432037,80.22624969,29411,29421,10
13.01424026,80.2263031,29421,29431,10
13.01379967,80.22644043,29431,29442,11
13.01303959,80.22673035,29442,29452,10
13.01231003,80.22702026,29452,29462,10
13.01111984,80.22747803,29462,29472,10
13.00996017,80.22786713,29472,29482,10
13.00920963,80.22808075,29482,29522,40
13.01113987,80.22400665,29522,29532,10
13.01140976,80.22328949,29532,29543,11
13.0110302,80.22271729,29543,29553,10
13.01039982,80.22267151,29553,29563,10
13.01031017,80.22267151,29563,29573,10
13.01002026,80.22251129,29573,29583,10
13.00932026,80.22206116,29583,29592,9
13.00870037,80.22183228,29592,29603,11
13.00813961,80.22151947,29603,29613,10
13.00699043,80.22104645,29613,29623,10
13.00592041,80.22038269,29623,29734,111
12.99738026,80.21652222,29734,29754,20
12.99738026,80.21652222,29754,29764,10
12.99707031,80.21652222,29764,29775,11
12.99635983,80.21661377,29775,29785,10
12.99563026,80.21684265,29785,29805,20
12.99421978,80.21768188,29805,29815,10
12.99372005,80.21806335,29815,29825,10
12.99312019,80.21842194,29825,29956,131
12.98756027,80.22312164,29956,29966,10
12.98733044,80.22315216,29966,30279,313
12.97436047,80.22029114,30279,30289,10
12.97367001,80.2201004,30289,30329,40
12.97095013,80.21913147,30329,30339,10
12.97084999,80.21904755,30339,30350,11
12.97037983,80.21881104,30350,30360,10
12.96982956,80.21859741,30360,30370,10
12.96924019,80.21836853,30370,30380,10
12.96860027,80.21816254,30380,30430,50
12.96446037,80.21645355,30430,30440,10
12.96366978,80.2161026,30440,30451,11
12.96296024,80.21582031,30451,30471,20
12.9629097,80.21592712,30471,30491,20
12.96183968,80.21517181,30491,30501,10
12.96119976,80.21484375,30501,30511,10
12.9602499,80.21479034,30511,30521,10
12.9593401,80.21456146,30521,31005,484
12.9335804,80.20388794,31005,31016,11
12.93321991,80.20381927,31016,31136,120
12.92920971,80.20278168,31136,31147,11
12.9286499,80.20265961,31147,31157,10
12.92848015,80.20192719,31157,31167,10
12.92850018,80.2010498,31167,31177,10
12.92844009,80.19992828,31177,31187,10
12.92838001,80.19882965,31187,31217,30
12.92632008,80.19761658,31217,31227,10
12.92638969,80.19779205,31227,31237,10
12.92607975,80.19764709,31237,31248,11
12.9258604,80.19776154,31248,31469,221
12.91699982,80.19361877,31469,31480,11
12.91695976,80.19319916,31480,31651,171
12.90954971,80.19127655,31651,31661,10
12.90907955,80.19091034,31661,31671,10
12.90843964,80.19039917,31671,31681,10
12.90771008,80.189888,31681,31722,41
12.9060297,80.18869019,31722,31732,10
12.90581036,80.18849945,31732,31782,50
12.90402985,80.18393707,31782,31792,10
12.90332985,80.18427277,31792,31964,172
12.89315987,80.17974854,31964,31974,10
12.89299011,80.17936707,31974,31984,10
12.89264011,80.17874146,31984,32034,50
12.89138031,80.17640686,32034,32044,10
12.89107037,80.17588806,32044,32055,11
12.89076042,80.17527771,32055,32304,249
12.87325001,80.1725769,32304,32314,10
12.87230015,80.17321777,32314,32324,10
12.87133026,80.17385101,32324,32334,10
12.87036991,80.17447662,32334,32344,10
12.86940956,80.17514038,32344,32354,10
12.86857033,80.17572021,32354,32364,10
12.8675499,80.17595673,32364,32374,10
12.86641979,80.17588806,32374,32435,61
12.86334991,80.17446899,32435,32445,10
12.86268044,80.17398071,32445,32465,20
12.86025047,80.17318726,32465,32475,10
12.85918045,80.17269897,32475,32485,10
12.85813046,80.1724472,32485,32495,10
12.85748959,80.17234039,32495,32505,10
12.85719013,80.17224121,32505,32515,10
12.85669041,80.17217255,32515,32526,11
12.8562603,80.17208099,32526,32566,40
12.85517979,80.17159271,32566,32576,10
12.85461998,80.17153168,32576,32586,10
12.85402966,80.17140961,32586,32596,10
12.85319042,80.17125702,32596,32606,10
12.85219955,80.17114258,32606,32616,10
12.85093975,80.17092133,32616,32637,21
12.85093975,80.17092133,32637,32647,10
12.85023975,80.17079926,32647,32657,10
12.84945965,80.17066193,32657,32667,10
12.84848022,80.17053223,32667,32677,10
12.8473196,80.17030334,32677,32687,10
12.84619999,80.17021179,32687,32697,10
12.84504986,80.17015839,32697,32707,10
12.84391975,80.17021179,32707,32758,51
12.83850002,80.16972351,32758,32778,20
12.83850002,80.16972351,32778,32798,20
12.8375597,80.16929626,32798,32808,10
12.83705997,80.16924286,32808,32848,40
12.83648014,80.16864777,32848,32858,10
12.83631039,80.16860199,32858,32869,11
12.83605003,80.16851807,32869,32879,10
12.83586979,80.1680069,32879,32889,10
12.83541965,80.16773224,32889,32899,10
12.83473969,80.16744232,32899,32909,10
12.83391953,80.16699982,32909,32919,10
12.83296013,80.16644287,32919,32929,10
12.83189964,80.16596985,32929,32939,10
12.83080959,80.16562653,32939,32949,10
12.82968044,80.16542053,32949,32959,10
12.8285799,80.1652832,32959,32969,10
12.82763004,80.16519165,32969,33010,41
12.82763004,80.16519165,33010,33020,10
12.82752991,80.16513062,33020,33030,10
12.82738972,80.16506195,33030,33040,10
12.8271904,80.16493225,33040,33050,10
12.82695007,80.16471863,33050,33060,10
12.82674026,80.16461182,33060,33070,10
12.82623959,80.16426086,33070,33080,10
12.82544994,80.16385651,33080,33090,10
12.82448006,80.1633606,33090,33101,11
12.82339001,80.16266632,33101,33111,10
12.82229996,80.16221619,33111,33121,10
12.82120991,80.16178894,33121,33131,10
12.82011032,80.16133881,33131,33141,10
12.81898022,80.16082001,33141,33151,10
12.81816959,80.16049957,33151,33161,10
12.81795025,80.16040802,33161,33171,10
12.81744003,80.16027832,33171,33181,10
12.81715012,80.16020203,33181,33191,10
12.81694984,80.16014099,33191,33201,10
12.81636047,80.16001892,33201,33212,11
12.81544018,80.15982819,33212,33222,10
12.81437969,80.15962982,33222,33232,10
12.81338024,80.15953827,33232,33242,10
12.81235027,80.1593399,33242,33252,10
12.81165028,80.15943909,33252,33262,10
12.81163979,80.15943909,33262,33272,10
12.81145954,80.1594696,33272,33282,10
12.81107044,80.15960693,33282,33292,10
12.81064034,80.15969849,33292,33302,10
12.81013966,80.15973663,33302,33313,11
12.8098402,80.15956116,33313,33343,30
12.81019974,80.15969086,33343,33373,30
12.81019974,80.15969086,33373,33393,20
12.81027985,80.15976715,33393,34089,696
12.81027985,80.15976715,34089,34099,10
12.81037998,80.15972137,34099,34109,10
12.81081009,80.15966797,34109,34119,10
12.8112402,80.15952301,34119,34150,31
12.8112402,80.15952301,34150,34160,10
12.8113203,80.15953064,34160,34170,10
12.81171989,80.15943146,34170,34180,10
12.81237984,80.15937042,34180,34190,10
12.81320953,80.15953827,34190,34200,10
12.81425953,80.15962982,34200,34210,10
12.81525993,80.15982056,34210,34220,10
12.81626034,80.16002655,34220,34230,10
12.81709003,80.16021729,34230,34240,10
12.81770992,80.16036224,34240,34251,11
12.81818962,80.16046906,34251,34261,10
12.81842995,80.16056061,34261,34271,10
12.81849957,80.1605835,34271,34281,10
12.81869984,80.16065979,34281,34291,10
12.81923008,80.16094208,34291,34301,10
12.82003975,80.16130066,34301,34311,10
12.82104969,80.16172028,34311,34321,10
12.82211018,80.16217804,34321,34331,10
12.8231802,80.16259766,34331,34341,10
12.82417965,80.16316223,34341,34351,10
12.82518959,80.16377258,34351,34360,9
12.82614994,80.16426086,34360,34372,12
12.82707977,80.16484833,34372,34382,10
12.82748032,80.1651001,34382,34392,10
12.82752037,80.16513062,34392,34402,10
12.82781029,80.16519165,34402,34422,20
12.82781029,80.16519165,34422,34432,10
12.8280201,80.16519928,34432,34442,10
12.82863998,80.16526031,34442,34452,10
12.82952023,80.1653595,34452,34462,10
12.8306303,80.16555786,34462,34472,10
12.83176994,80.16584778,34472,34483,11
12.83290958,80.16635132,34483,34493,10
12.83353996,80.16673279,34493,34503,10
12.83362961,80.16674805,34503,34513,10
12.8339901,80.16703796,34513,34523,10
12.8346796,80.1673584,34523,34533,10
12.83528042,80.16771698,34533,34543,10
12.83574963,80.16782379,34543,34553,10
12.83594036,80.16815948,34553,34563,10
12.83613968,80.16855621,34563,34573,10
12.83635998,80.16864777,34573,34583,10
12.83675957,80.16877747,34583,34594,11
12.83710003,80.16889954,34594,34604,10
12.83726025,80.16912079,34604,34614,10
12.83775043,80.16931152,34614,34624,10
12.83815956,80.16941071,34624,34634,10
12.83841038,80.16963959,34634,34644,10
12.8384304,80.16964722,34644,34654,10
12.83866024,80.16976166,34654,34664,10
12.83922005,80.16990662,34664,34674,10
12.83998013,80.16995239,34674,34684,10
12.84090042,80.16996765,34684,34694,10
12.84200001,80.16996002,34694,34704,10
12.84315968,80.16996765,34704,34715,11
12.84444046,80.17012787,34715,34725,10
12.84560966,80.17018127,34725,34735,10
12.84714031,80.17028046,34735,34836,101
12.84714031,80.17028046,34836,34846,10
12.84712029,80.17028046,34846,34856,10
12.84747982,80.1703186,34856,34866,10
12.84811974,80.17044067,34866,34876,10
12.84902,80.17059326,34876,34886,10
12.85011959,80.17076111,34886,34896,10
12.85093975,80.17092896,34896,34906,10
12.85126019,80.17098236,34906,34916,10
12.85184956,80.17105103,34916,34926,10
12.85266972,80.17118073,34926,34937,11
12.85381031,80.17137909,34937,34947,10
12.85492039,80.17169952,34947,34957,10
12.85628986,80.17207336,34957,34967,10
12.85639954,80.17214203,34967,34987,20
12.85639954,80.17214203,34987,34997,10
12.85643005,80.17211914,34997,35007,10
12.85692978,80.17224884,35007,35017,10
12.85744953,80.17240906,35017,35027,10
12.85770035,80.1725769,35027,35037,10
12.8583498,80.17253876,35037,35048,11
12.8592701,80.17259979,35048,35058,10
12.86013031,80.17266083,35058,35068,10
12.86096954,80.17266846,35068,35118,50
12.86435986,80.17523956,35118,35128,10
12.86524963,80.17569733,35128,35169,41
12.8668499,80.17591095,35169,35179,10
12.8676796,80.17597961,35179,35189,10
12.86855984,80.1756897,35189,35199,10
12.86958027,80.17494202,35199,35209,10
12.87034035,80.17443848,35209,35219,10
12.87166023,80.17359161,35219,35229,10
12.87166023,80.17359161,35229,35239,10
12.88020992,80.16963196,35239,35324,85
12.88020992,80.16963196,35324,35353,29
12.88078976,80.17062378,35353,35364,11
12.88154984,80.17092133,35364,35374,10
12.88214016,80.17108154,35374,35384,10
12.88241005,80.17053986,35384,35395,11
12.88290024,80.17060089,35395,35425,30
12.8842001,80.17144012,35425,35435,10
12.88508987,80.17188263,35435,35445,10
12.88601971,80.1723938,35445,35455,10
12.8868103,80.17281342,35455,35465,10
12.88766956,80.17323303,35465,35475,10
12.88842964,80.17362976,35475,35485,10
12.88914013,80.1740036,35485,35495,10
12.88955975,80.17418671,35495,35505,10
12.88974953,80.17429352,35505,35516,11
12.88996983,80.17436981,35516,35526,10
12.89011002,80.17442322,35526,35536,10
12.8905201,80.17469025,35536,35546,10
12.89078045,80.17520905,35546,35556,10
12.89111042,80.17581177,35556,35566,10
12.89148045,80.17637634,35566,35576,10
12.89171982,80.17685699,35576,35596,20
12.89140987,80.17655945,35596,35606,10
12.89157009,80.17684937,35606,35616,10
12.89198017,80.17742157,35616,35626,10
12.89239979,80.17819214,35626,35637,11
12.89295959,80.17904663,35637,35647,10
12.89350986,80.18003082,35647,35657,10
12.89408016,80.1802597,35657,35667,10
12.8940897,80.18026733,35667,35677,10
12.89439011,80.18042755,35677,35687,10
12.8949604,80.18073273,35687,35697,10
12.89573956,80.18108368,35697,35707,10
12.89673042,80.18153381,35707,35717,10
12.89756012,80.18196106,35717,35727,10
12.89766026,80.18202209,35727,35737,10
12.89787006,80.18219757,35737,35748,11
12.89846039,80.18248749,35748,35758,10
12.89920044,80.18282318,35758,35768,10
12.90009022,80.18327332,35768,35778,10
12.90079975,80.18367004,35778,35787,9
12.90143013,80.1838913,35787,35798,11
12.90240955,80.18418121,35798,35808,10
12.90347004,80.18448639,35808,35818,10
12.90410995,80.1849823,35818,35828,10
12.90406036,80.1859436,35828,35838,10
12.90402031,80.18701935,35838,35848,10
12.9044199,80.18762207,35848,35859,11
12.90520954,80.18814087,35859,35869,10
12.90581036,80.18849945,35869,35879,10
12.90629959,80.188797,35879,35889,10
12.90666008,80.1889801,35889,35909,20
12.90666008,80.1889801,35909,35939,30
12.90779018,80.19055939,35939,35949,10
12.90886974,80.19122314,35949,35959,10
12.90958977,80.19210052,35959,35970,11
12.91081047,80.19168091,35970,35980,10
12.91154957,80.1917038,35980,35990,10
12.91213989,80.1917572,35990,36010,20
12.91236973,80.19190216,36010,36020,10
12.91267967,80.1919632,36020,36030,10
12.91349983,80.19206238,36030,36040,10
12.91427994,80.19219971,36040,36050,10
12.91534042,80.19223022,36050,36060,10
12.91619968,80.19226837,36060,36070,10
12.91679001,80.19217682,36070,36182,112
12.91746044,80.19055939,36182,36302,120
12.91843033,80.19550323,36302,36312,10
12.91880035,80.19582367,36312,36323,11
12.91913033,80.19593811,36323,36333,10
12.91938972,80.19593811,36333,36353,20
12.92010021,80.19657898,36353,36363,10
12.9209404,80.19683075,36363,36383,20
12.9209404,80.19683075,36383,36414,31
12.92335033,80.1973114,36414,36424,10
12.92395973,80.197258,36424,36544,120
12.92821026,80.19959259,36544,36555,11
12.92848015,80.20072937,36555,36565,10
12.9285202,80.2016983,36565,36575,10
12.92860031,80.20249939,36575,36585,10
12.92945004,80.20269775,36585,36605,20
12.92945004,80.20269775,36605,36615,10
12.92984009,80.20275879,36615,36625,10
12.9303503,80.20282745,36625,36635,10
12.93099976,80.20295715,36635,36645,10
12.93175983,80.20323181,36645,36655,10
12.93262005,80.20352173,36655,36666,11
12.93340015,80.20381165,36666,36676,10
12.93404007,80.20387268,36676,36706,30
12.93404007,80.20387268,36706,36716,10
12.93474007,80.20394897,36716,36726,10
12.93537045,80.20414734,36726,36736,10
12.93609047,80.20443726,36736,36746,10
12.93675041,80.20458984,36746,36756,10
12.93731976,80.20477295,36756,36765,9
12.93801022,80.20500183,36765,36777,12
12.93918991,80.20529175,36777,36787,10
12.94030952,80.20558929,36787,36807,20
12.94011021,80.20565796,36807,36817,10
12.94048023,80.2057724,36817,36827,10
12.94120026,80.20606995,36827,36837,10
12.94178963,80.20638275,36837,36847,10
12.94229984,80.20677185,36847,36857,10
12.94274998,80.20717621,36857,36867,10
12.94307995,80.20767212,36867,36877,10
12.94367981,80.20807648,36877,36887,10
12.94425011,80.20829773,36887,36898,11
12.94425964,80.20829773,36898,36908,10
12.94423008,80.20828247,36908,36918,10
12.9448204,80.20854187,36918,36928,10
12.94548988,80.20874786,36928,36938,10
12.94624043,80.20897675,36938,36948,10
12.94701004,80.20918274,36948,36958,10
12.94820976,80.20968628,36958,36968,10
12.94904041,80.20996857,36968,36988,20
12.94900036,80.21005249,36988,37009,21
12.94964027,80.21034241,37009,37019,10
12.95063019,80.21071625,37019,37029,10
12.95149994,80.21115112,37029,37039,10
12.95250988,80.21166992,37039,37049,10
12.95331955,80.2118988,37049,37059,10
12.95396996,80.21208191,37059,37069,10
12.95366001,80.21202087,37069,37079,10
12.9540596,80.21214294,37079,37089,10
12.95477962,80.21233368,37089,37099,10
12.95547009,80.21273041,37099,37109,10
12.95625019,80.21302795,37109,37120,11
12.95718956,80.21353912,37120,37130,10
12.95823956,80.21398163,37130,37140,10
12.95928955,80.21446228,37140,37150,10
12.96041965,80.21476746,37150,37160,10
12.96156979,80.21508026,37160,37170,10
12.96245956,80.21549225,37170,37180,10
12.96317959,80.21569061,37180,37190,10
12.96385956,80.21601105,37190,37200,10
12.96428013,80.21627045,37200,37221,21
12.96428013,80.21627045,37221,37230,9
12.96506023,80.21659851,37230,37241,11
12.9656496,80.21710968,37241,37251,10
12.96619034,80.2175293,37251,37261,10
12.96693993,80.21736908,37261,37271,10
12.96704006,80.21742249,37271,37281,10
12.96724033,80.21748352,37281,37301,20
12.96730995,80.21750641,37301,37321,20
12.96730995,80.21750641,37321,37331,10
12.96751976,80.2175827,37331,37341,10
12.9676199,80.21761322,37341,37352,11
12.96786976,80.21768951,37352,37362,10
12.96821976,80.2179184,37362,37372,10
12.96899033,80.2181778,37372,37382,10
12.96982956,80.21849823,37382,37392,10
12.97078037,80.21882629,37392,37402,10
12.97107983,80.21890259,37402,37412,10
12.9711504,80.21891022,37412,37422,10
12.97157955,80.21910858,37422,37432,10
12.97216988,80.21939087,37432,37442,10
12.97280979,80.21965027,37442,37452,10
12.97356033,80.21993256,37452,37462,10
12.97434044,80.22026825,37462,37473,11
12.97502995,80.22054291,37473,37543,70
12.97502995,80.22054291,37543,37553,10
12.97560024,80.22084045,37553,37563,10
12.97570038,80.22077942,37563,37574,11
12.97587967,80.22091675,37574,37584,10
12.9759798,80.22080231,37584,37594,10
12.97618008,80.22104645,37594,37604,10
12.9759798,80.22102356,37604,37614,10
12.97605991,80.22116089,37614,37624,10
12.97622967,80.22128296,37624,37634,10
12.97634029,80.22123718,37634,37654,20
12.97634029,80.22123718,37654,37664,10
12.97692966,80.22135162,37664,37674,10
12.97776031,80.22125244,37674,37684,10
12.97844982,80.22120667,37684,37693,9
12.97906017,80.22116089,37693,37705,12
12.97990036,80.22110748,37705,37715,10
12.98048973,80.22102356,37715,37725,10
12.98116016,80.22106171,37725,37735,10
12.98171043,80.2213974,37735,37745,10
12.98204994,80.22164917,37745,37755,10
12.98229027,80.22174072,37755,37765,10
12.98283005,80.22190857,37765,37805,40
12.98283005,80.22190857,37805,37816,11
12.98318005,80.22209167,37816,37826,10
12.98349953,80.22232056,37826,37836,10
12.98377037,80.22250366,37836,37846,10
12.98410988,80.22271729,37846,37856,10
12.98462009,80.2230835,37856,37876,20
12.9854002,80.2231369,37876,37886,10
12.98579025,80.22283173,37886,37896,10
12.98618031,80.22251892,37896,37957,61
12.9893198,80.22157288,37957,37967,10
12.98991966,80.22077179,37967,37987,20
12.99038982,80.22038269,37987,37997,10
12.9907198,80.22013092,37997,38007,10
12.99118996,80.21974945,38007,38017,10
12.99182987,80.21933746,38017,38027,10
12.99246979,80.21884155,38027,38037,10
12.9932003,80.21826935,38037,38048,11
12.99367046,80.21790314,38048,38058,10
12.99400043,80.21764374,38058,38179,121
12.99746037,80.21643829,38179,38189,10
12.99777031,80.21646118,38189,38199,10
12.99763966,80.21646881,38199,38209,10
12.99822044,80.21663666,38209,38219,10
12.99876976,80.21688843,38219,38229,10
12.99932957,80.21713257,38229,38260,31
13.00174046,80.21867371,38260,38270,10
13.00236034,80.21920013,38270,38300,30
13.00479031,80.22020721,38300,38310,10
13.00508976,80.22026825,38310,38350,40
13.00784016,80.22141266,38350,38360,10
13.00897026,80.2219162,38360,38370,10
13.01002979,80.22251892,38370,38380,10
13.01109028,80.22338104,38380,38391,11
13.01228046,80.22328186,38391,38431,40
13.01161003,80.22219086,38431,38441,10
13.01191044,80.22145081,38441,38451,10
13.01229954,80.22123718,38451,38461,10
13.01264954,80.22212982,38461,38471,10
13.01317024,80.22260284,38471,38482,11
13.01360035,80.22303009,38482,38491,9
13.01389027,80.22344971,38491,38512,21
13.01480007,80.2244873,38512,38522,10
13.01535988,80.22490692,38522,38532,10
13.01591015,80.22512817,38532,38552,20
13.01601028,80.22528839,38552,38562,10
13.01679039,80.22512054,38562,38572,10
13.0177803,80.22464752,38572,38582,10
13.01914978,80.22437286,38582,38683,101
13.02258015,80.22672272,38683,38693,10
13.02313995,80.22724152,38693,38703,10
13.02353954,80.22763062,38703,38714,11
13.02381992,80.22807312,38714,38734,20
13.02425957,80.22837067,38734,38744,10
13.02453995,80.22875214,38744,38754,10
13.02486992,80.22924805,38754,38814,60
13.02577019,80.23058319,38814,38824,10
13.02591991,80.2308197,38824,38834,10
13.02598953,80.23113251,38834,38843,9
13.02626991,80.23130035,38843,38855,12
13.02713966,80.23110199,38855,38865,10
13.02781963,80.23094177,38865,38875,10
13.02820015,80.23088074,38875,38935,60
13.02900982,80.23084259,38935,38946,11
13.02896023,80.23094177,38946,38996,50
13.02919006,80.23065948,38996,39006,10
13.0295496,80.23062897,39006,39016,10
13.02970982,80.23069763,39016,39026,10
13.02978039,80.23072815,39026,39036,10
13.0302,80.23068237,39036,39046,10
13.03046036,80.23068237,39046,39056,10
13.03075981,80.23058319,39056,39067,11
13.03102016,80.23059845,39067,39107,40
13.03265953,80.23046875,39107,39117,10
13.03322983,80.2303772,39117,39176,59
13.03439999,80.23030853,39176,39187,11
13.03444004,80.23033142,39187,39198,11
13.03472996,80.23027039,39198,39238,40
13.03472996,80.23027039,39238,39248,10
13.0350399,80.2299881,39248,39268,20
13.03499031,80.22982025,39268,39359,91
13.03499031,80.22982025,39359,39369,10
13.03437042,80.22975159,39369,39419,50
13.03437042,80.22975159,39419,39430,11
13.03419018,80.22966766,39430,39440,10
13.03411961,80.22988129,39440,39450,10
13.03411961,80.23014832,39450,39460,10
13.03411007,80.2302475,39460,39470,10
13.03407001,80.23032379,39470,39480,10
13.03407001,80.23033142,39480,39500,20
13.03400993,80.23016357,39500,39520,20
13.03400993,80.23036194,39520,39863,343
13.03400993,80.23036194,39863,39873,10
13.03409958,80.23049927,39873,39904,31
13.03405952,80.2303772,39904,39924,20
13.03405952,80.2303772,39924,39934,10
13.03407955,80.23049927,39934,39944,10
13.03388023,80.23052216,39944,39954,10
13.03343964,80.2305069,39954,39964,10
13.03267956,80.23058319,39964,39974,10
13.03188038,80.23066711,39974,39984,10
13.03118038,80.23069763,39984,40035,51
13.03118038,80.23069763,40035,40045,10
13.03114033,80.23068237,40045,40055,10
13.03092003,80.23069,40055,40065,10
13.0306797,80.23072052,40065,40075,10
13.03024006,80.23075867,40075,40085,10
13.02985001,80.23079681,40085,40095,10
13.02984047,80.23081207,40095,40105,10
13.02958012,80.23085785,40105,40115,10
13.02906036,80.23088837,40115,40126,11
13.02840042,80.23098755,40126,40136,10
13.0279398,80.23103333,40136,40146,10
13.02766037,80.23113251,40146,40156,10
13.0276804,80.23165131,40156,40166,10
13.02775955,80.23223877,40166,40176,10
13.02785969,80.23269653,40176,40186,10
13.02740955,80.23287201,40186,40196,10
13.02702999,80.2329483,40196,40206,10
13.0268898,80.23297882,40206,40216,10
13.0266304,80.23303986,40216,40226,10
13.02630997,80.23274231,40226,40237,11
13.02614975,80.23227692,40237,40247,10
13.02614021,80.23223114,40247,40257,10
13.02608967,80.23220062,40257,40267,10
13.02600002,80.23178864,40267,40277,10
13.02583981,80.2312088,40277,40287,10
13.02562046,80.23055267,40287,40297,10
13.02521038,80.22981262,40297,40307,10
13.02476025,80.22930145,40307,40317,10
13.02455997,80.22904205,40317,40327,10
13.02423954,80.2286377,40327,40337,10
13.02377033,80.22810364,40337,40347,10
13.02334023,80.22767639,40347,40358,11
13.02309036,80.2275238,40358,40368,10
13.02295971,80.22741699,40368,40378,10
13.02280045,80.22731781,40378,40388,10
13.02258015,80.22696686,40388,40398,10
13.02215004,80.22650909,40398,40408,10
13.02145958,80.22596741,40408,40418,10
13.02075958,80.22541809,40418,40428,10
13.02015018,80.22496796,40428,40438,10
13.02003002,80.22489929,40438,40448,10
13.01965046,80.22464752,40448,40458,10
13.01893997,80.22447968,40458,40469,11
13.0180397,80.22476196,40469,40479,10
13.01716042,80.22512817,40479,40489,10
13.01636028,80.22544861,40489,40499,10
13.01556015,80.22572327,40499,40509,10
13.01486015,80.22595978,40509,40519,10
13.01422024,80.2261734,40519,40549,30
13.01422024,80.2261734,40549,40559,10
13.01414967,80.22596741,40559,40569,10
13.01406002,80.22541809,40569,40660,91
13.01408005,80.22525787,40660,40680,20
13.01408005,80.22525787,40680,40690,10
13.01414967,80.22521973,40690,40701,11
13.0142498,80.22567749,40701,40711,10
13.01418972,80.22608185,40711,40721,10
13.01418972,80.22609711,40721,40731,10
13.01403999,80.22628021,40731,40741,10
13.01350975,80.22647858,40741,40751,10
13.01278019,80.22675323,40751,40761,10
13.01202965,80.22705078,40761,40771,10
13.01111031,80.22741699,40771,40781,10
13.01016998,80.22779846,40781,40791,10
13.0095396,80.22773743,40791,40801,10
13.00967026,80.22718048,40801,40811,10
13.01002979,80.22640991,40811,40822,11
13.01047993,80.22541809,40822,40832,10
13.01074982,80.22476196,40832,40842,10
13.01097965,80.22412109,40842,40852,10
13.01117992,80.22361755,40852,40862,10
13.01128006,80.22332764,40862,40872,10
13.01101017,80.2230835,40872,40882,10
13.01070976,80.22290802,40882,40892,10
13.01053047,80.22281647,40892,40902,10
13.01033974,80.22271729,40902,40912,10
13.00990009,80.22248077,40912,40922,10
13.00926018,80.22212219,40922,40933,11
13.00839996,80.22167206,40933,40943,10
13.00765038,80.22126007,40943,40953,10
13.00685024,80.22084808,40953,40963,10
13.00599003,80.22055817,40963,40973,10
13.00512028,80.2203598,40973,40982,9
13.00465012,80.22023773,40982,40993,11
13.00461006,80.22022247,40993,41003,10
13.00419998,80.22013092,41003,41013,10
13.00351048,80.21997833,41013,41023,10
13.00273991,80.21972656,41023,41033,10
13.00212955,80.21923065,41033,41043,10
13.00158978,80.21868134,41043,41054,11
13.00107002,80.2183075,41054,41064,10
13.00057983,80.21795654,41064,41074,10
12.99999046,80.21762848,41074,41084,10
12.99923992,80.21717072,41084,41094,10
12.99847031,80.21678925,41094,41104,10
12.99775028,80.21656036,41104,41114,10
12.9973402,80.21649933,41114,41124,10
12.99701977,80.21652222,41124,41134,10
12.99658966,80.21655273,41134,41144,10
12.99592972,80.21671295,41144,41154,10
12.99512005,80.21701813,41154,41165,11
12.99460983,80.21736908,41165,41175,10
12.99417019,80.21768188,41175,41185,10
12.99374008,80.21800995,41185,41195,10
12.99316978,80.21839905,41195,41205,10
12.99260044,80.21881866,41205,41215,10
12.99184036,80.21936035,41215,41225,10
12.99123955,80.21977997,41225,41235,10
12.99081039,80.22009277,41235,41245,10
12.99026012,80.22057343,41245,41255,10
12.98958969,80.22125244,41255,41265,10
12.98904037,80.22190857,41265,41275,10
12.98781967,80.22306061,41275,41286,11
12.98771,80.22309113,41286,41304,18
12.98771,80.22309113,41304,41316,12
12.98740005,80.22309113,41316,41326,10
12.98694992,80.22305298,41326,41336,10
12.98663044,80.22299194,41336,41346,10
12.9860096,80.22299957,41346,41356,10
12.98544025,80.2232666,41356,41366,10
12.9849596,80.22325134,41366,41376,10
12.98431969,80.2228775,41376,41386,10
12.98388004,80.22264099,41386,41397,11
12.9834404,80.22234344,41397,41407,10
12.98318005,80.22219849,41407,41417,10
12.98330975,80.22226715,41417,41427,10
12.98305988,80.22206879,41427,41447,20
12.98305988,80.22206879,41447,41457,10
12.98281956,80.22187042,41457,41467,10
12.98272038,80.2218399,41467,41477,10
12.98233986,80.22177887,41477,41487,10
12.98188972,80.22161102,41487,41497,10
12.98132992,80.22133636,41497,41508,11
12.98060989,80.22112274,41508,41518,10
12.98042965,80.22109985,41518,41528,10
12.98011017,80.22110748,41528,41538,10
12.97945023,80.22116089,41538,41548,10
12.97861004,80.22122955,41548,41558,10
12.97774982,80.22128296,41558,41568,10
12.97694016,80.22132111,41568,41578,10
12.97634029,80.22133636,41578,41588,10
12.97601032,80.22135925,41588,41598,10
12.97577,80.22122192,41598,41608,10
12.9756403,80.22109985,41608,41619,11
12.9755497,80.22103882,41619,41629,10
12.97556973,80.22103119,41629,41639,10
12.97548008,80.22093201,41639,41649,10
12.97523975,80.22071838,41649,41659,10
12.97465038,80.22054291,41659,41669,10
12.97393036,80.22028351,41669,41679,10
12.97325993,80.22000885,41679,41689,10
12.97249985,80.2197113,41689,41699,10
12.97177982,80.21942139,41699,41709,10
12.97122955,80.2192688,41709,41720,11
12.97087002,80.21914673,41720,41729,9
12.97089958,80.21911621,41729,41739,10
12.97056007,80.2188797,41739,41750,11
12.9698801,80.21858215,41750,41760,10
12.96901989,80.2183075,41760,41770,10
12.96788979,80.21827698,41770,41780,10
12.96772957,80.2177887,41780,41790,10
12.96699047,80.21750641,41790,41800,10
12.96605015,80.21711731,41800,41810,10
12.96502972,80.21669006,41810,41820,10
12.96405029,80.21627808,41820,41830,10
12.96327019,80.21594238,41830,41840,10
12.96304035,80.2158432,41840,41850,10
12.96267033,80.21569061,41850,41861,11
12.9619503,80.21542358,41861,41871,10
12.96135044,80.21504211,41871,41881,10
12.96008015,80.21463776,41881,41891,10
12.95917034,80.21427917,41891,41901,10
12.95814037,80.21385956,41901,41911,10
12.95713997,80.21347046,41911,41921,10
12.95611954,80.21305084,41921,41931,10
12.95503998,80.21263885,41931,41941,10
12.95407963,80.21228027,41941,41951,10
12.95380974,80.21219635,41951,41961,10
12.95368958,80.21217346,41961,41971,10
12.95322037,80.21195221,41971,41982,11
12.95246029,80.21170044,41982,42012,30
12.94946957,80.21047211,42012,42022,10
12.94880962,80.21031952,42022,42032,10
12.94873047,80.210289,42032,42042,10
12.94847965,80.21019745,42042,42052,10
12.94804955,80.20999908,42052,42062,10
12.94734955,80.2097168,42062,42072,10
12.94635963,80.2093277,42072,42082,10
12.94546032,80.20890808,42082,42093,11
12.94433022,80.20845795,42093,42113,20
12.94433022,80.20845795,42113,42123,10
12.94414997,80.2084198,42123,42133,10
12.9436903,80.20816803,42133,42143,10
12.94301987,80.2077713,42143,42153,10
12.94239998,80.20702362,42153,42163,10
12.94155025,80.20632935,42163,42173,10
12.94106007,80.20603943,42173,42184,11
12.94091034,80.20610809,42184,42203,19
12.94013023,80.20570374,42203,42214,11
12.93927002,80.20546722,42214,42224,10
12.93844032,80.20516968,42224,42234,10
12.93770027,80.20497131,42234,42244,10
12.93684959,80.20472717,42244,42254,10
12.93589973,80.20446014,42254,42264,10
12.93509007,80.20410919,42264,42274,10
12.93426991,80.20394897,42274,42284,10
12.93379021,80.20394135,42284,42294,10
12.93373013,80.2039566,42294,42304,10
12.93356991,80.20391846,42304,42314,10
12.93309021,80.20381927,42314,42325,11
12.93237972,80.20355225,42325,42335,10
12.93161964,80.20330048,42335,42345,10
12.93128014,80.20320129,42345,42355,10
12.93101025,80.20304871,42355,42365,10
12.93048,80.20297241,42365,42375,10
12.92998981,80.20287323,42375,42385,10
12.92973995,80.20278168,42385,42395,10
12.92959976,80.20279694,42395,42405,10
12.92947006,80.20276642,42405,42415,10
12.92908001,80.20271301,42415,42425,10
12.92850018,80.20246887,42425,42436,11
12.9284296,80.20166016,42436,42446,10
12.92840958,80.20095825,42446,42456,10
12.92835045,80.19992065,42456,42466,10
12.92794991,80.1988678,42466,42476,10
12.92730045,80.19802856,42476,42486,10
12.92642021,80.19760132,42486,42496,10
12.92626953,80.19757843,42496,42506,10
12.92613983,80.19756317,42506,42516,10
12.92568016,80.1975174,42516,42526,10
12.92541981,80.19750977,42526,42536,10
12.92494011,80.19750977,42536,42546,10
12.92418957,80.19750214,42546,42557,11
12.9233799,80.19747925,42557,42567,10
12.92259026,80.19735718,42567,42577,10
12.92205048,80.19730377,42577,42587,10
12.92199039,80.19730377,42587,42597,10
12.92166042,80.19715118,42597,42607,10
12.92113972,80.19698334,42607,42617,10
12.92070007,80.19682312,42617,42627,10
12.92000008,80.19657898,42627,42637,10
12.91930962,80.19625854,42637,42647,10
12.9186697,80.19576263,42647,42657,10
12.9180603,80.19522095,42657,42668,11
12.91730976,80.19458771,42668,42678,10
12.91707039,80.19428253,42678,42688,10
12.9170599,80.19425964,42688,42698,10
12.91720963,80.19387817,42698,42708,10
12.91703987,80.19348145,42708,42718,10
12.91709042,80.19268799,42718,42728,10
12.9170599,80.19206238,42728,42789,61
12.9161396,80.19239807,42789,42799,10
12.91553974,80.19236755,42799,42819,20
12.9134903,80.19203949,42819,42829,10
12.91252995,80.19190979,42829,42839,10
12.91154003,80.1917572,42839,42849,10
12.91044044,80.1916275,42849,42859,10
12.90977955,80.19151306,42859,42869,10
12.90974998,80.19149017,42869,42879,10
12.90948963,80.19127655,42879,42889,10
12.90894032,80.19085693,42889,42900,11
12.9080801,80.19022369,42900,42910,10
12.90719032,80.18953705,42910,42920,10
12.90614033,80.18872833,42920,42940,20
12.90614033,80.18872833,42940,42950,10
12.90600014,80.18865204,42950,42960,10
12.90538025,80.18823242,42960,42970,10
12.9045496,80.18765259,42970,42980,10
12.90375996,80.18701935,42980,42990,10
12.90402985,80.18477631,42990,43000,10
12.90402985,80.18477631,43000,43010,10
12.90347958,80.18444061,43010,43021,11
12.90272045,80.18417358,43021,43031,10
12.90137005,80.18389893,43031,43041,10
12.90034008,80.18347931,43041,43051,10
12.89945984,80.18306732,43051,43061,10
12.89912987,80.18289948,43061,43071,10
12.89857006,80.18260956,43071,43081,10
12.89783955,80.18226624,43081,43091,10
12.89735985,80.18202972,43091,43101,10
12.89735031,80.18202972,43101,43111,10
12.89719009,80.18195343,43111,43120,9
12.89676952,80.18170929,43120,43132,12
12.89593983,80.18131256,43132,43142,10
12.8950901,80.18086243,43142,43152,10
12.89412022,80.18038177,43152,43162,10
12.89336967,80.18000793,43162,43172,10
12.89334011,80.17997742,43172,43182,10
12.89313984,80.17973328,43182,43192,10
12.89282036,80.17910767,43192,43202,10
12.89239979,80.17829895,43202,43212,10
12.8920002,80.17733002,43212,43222,10
12.89146996,80.17655182,43222,43232,10
12.89144993,80.17649841,43232,43242,10
12.89134026,80.17630005,43242,43253,11
12.89097977,80.17563629,43253,43263,10
12.89052963,80.17482758,43263,43273,10
12.89004993,80.17442322,43273,43283,10
12.88980961,80.17431641,43283,43293,10
12.88953972,80.1740799,43293,43303,10
12.88932991,80.17404938,43303,43313,10
12.88858986,80.17369843,43313,43323,10
12.88784981,80.17333221,43323,43333,10
12.88669014,80.17272949,43333,43343,10
12.88461971,80.17167664,43343,43353,10
12.88461971,80.17167664,43353,43363,10
12.88358974,80.17115021,43363,43373,10
12.88269043,80.17066956,43373,43392,19
12.88185978,80.1709671,43392,43402,10
12.88146973,80.17086792,43402,43412,10
12.88115978,80.17076111,43412,43422,10
12.88053036,80.17053223,43422,43432,10
12.87991047,80.17024994,43432,43442,10
12.87979984,80.17018127,43442,43452,10
12.87930012,80.16993713,43452,43462,10
12.8784399,80.17005157,43462,43472,10
12.87611008,80.17076111,43472,43483,11
12.87611008,80.17076111,43483,43493,10
12.87510014,80.17131042,43493,43501,8
12.87434959,80.17183685,43501,43519,18
12.87259007,80.17299652,43519,43530,11
12.87148952,80.17372131,43530,43540,10
12.87053013,80.17437744,43540,43550,10
12.86954021,80.17504883,43550,43560,10
12.86857986,80.1756897,43560,43570,10
12.86771011,80.17595673,43570,43580,10
12.86664963,80.17584229,43580,43590,10
12.86583996,80.17575073,43590,43601,11
12.86507988,80.17568207,43601,43611,10
12.86491966,80.1756134,43611,43621,10
12.86439991,80.17532349,43621,43630,9
12.86375999,80.17492676,43630,43641,11
12.86277008,80.17431641,43641,43651,10
12.86172962,80.1738205,43651,43661,10
12.86067009,80.17334747,43661,43671,10
12.85962009,80.17288208,43671,43681,10
12.85853958,80.1725235,43681,43691,10
12.85756016,80.17234802,43691,43701,10
12.85733032,80.1723175,43701,43712,11
12.85667038,80.17223358,43712,43722,10
12.85632038,80.17214203,43722,43732,10
12.85634041,80.17209625,43732,43742,10
12.85610008,80.17208099,43742,43752,10
12.85552979,80.17189026,43752,43762,10
12.85470963,80.17163086,43762,43772,10
12.85369968,80.17134094,43772,43782,10
12.85305977,80.17124176,43782,43822,40
12.85305977,80.17124176,43822,43833,11
12.85311031,80.17127228,43833,43843,10
12.85284996,80.17125702,43843,44034,191
12.85284996,80.17125702,44034,44044,10
12.85256004,80.1712265,44044,44054,10
12.85194016,80.17114258,44054,44065,11
12.85095978,80.17093658,44065,44075,10
12.84986973,80.17076874,44075,44085,10
12.84879017,80.17059326,44085,44095,10
12.84770966,80.17037964,44095,44105,10
12.84655952,80.17024994,44105,44115,10
12.84541035,80.17018127,44115,44125,10
12.84426022,80.17012024,44125,44135,10
12.84313011,80.16998291,44135,44145,10
12.84195995,80.16996002,44145,44155,10
12.84080029,80.16996765,44155,44165,10
12.83967018,80.16998291,44165,44176,11
12.8385601,80.16977692,44176,44186,10
12.83806992,80.16941833,44186,44196,10
12.83786964,80.16929626,44196,44206,10
12.83730984,80.16921234,44206,44215,9
12.83705044,80.16895294,44215,44226,11
12.83681965,80.16880798,44226,44236,10
12.83640003,80.16869354,44236,44246,10
12.83607006,80.1685791,44246,44256,10
12.83588982,80.16812897,44256,44266,10
12.83553982,80.16779327,44266,44276,10
12.83498001,80.16760254,44276,44286,10
12.83419037,80.16716003,44286,44297,11
12.83310032,80.16654968,44297,44307,10
12.83205032,80.16603088,44307,44317,10
12.83096981,80.1656723,44317,44327,10
12.82981968,80.16545868,44327,44337,10
12.8288002,80.16529083,44337,44347,10
12.8280201,80.16517639,44347,44357,10
12.82761002,80.16516113,44357,44367,10
12.82756042,80.16503906,44367,44387,20
12.82756042,80.16503906,44387,44396,9
12.82748032,80.16507721,44396,44408,12
12.82701015,80.16481781,44408,44418,10
12.82678986,80.16472626,44418,44428,10
12.82643986,80.16451263,44428,44438,10
12.82581043,80.16414642,44438,44448,10
12.82499981,80.16371155,44448,44458,10
12.82402992,80.16311646,44458,44468,10
12.82299995,80.16253662,44468,44478,10
12.82188034,80.16210175,44478,44488,10
12.82075977,80.16162109,44488,44498,10
12.81962967,80.16111755,44498,44508,10
12.81853962,80.1606369,44508,44518,10
12.81809044,80.1604538,44518,44529,11
12.81766987,80.16034698,44529,44539,10
12.81711006,80.16020966,44539,44559,20
12.81711006,80.16020966,44559,44569,10
12.81690979,80.16020203,44569,44579,10
12.81634045,80.16005707,44579,44589,10
12.81546974,80.15989685,44589,44599,10
12.81441975,80.15971375,44599,44609,10
12.81324005,80.15959167,44609,44619,10
12.81219006,80.15939331,44619,44629,10
12.81165028,80.15946198,44629,44640,11
12.81165028,80.15944672,44640,44650,10
12.8113203,80.15953064,44650,44660,10
12.81079006,80.15969849,44660,44670,10
12.81004047,80.15957642,44670,44700,30
12.81004047,80.15957642,44700,44710,10
12.81017971,80.15962982,44710,46473,1763
12.81017971,80.15962982,46473,46483,10
12.81037045,80.15972137,46483,46493,10
12.81066036,80.15966797,46493,46503,10
12.81099033,80.15959167,46503,46514,11
12.81155014,80.1594162,46514,46524,10
12.81196022,80.1593399,46524,46534,10
12.81223011,80.15933228,46534,46544,10
12.81280041,80.1594162,46544,46554,10
12.81359959,80.15950775,46554,46564,10
12.81462955,80.15962982,46564,46574,10
12.81567001,80.15985107,46574,46584,10
12.81667995,80.16005707,46584,46594,10
12.81754017,80.16026306,46594,46604,10
12.81787968,80.16034698,46604,46614,10
12.81797981,80.16036224,46614,46624,10
12.81820011,80.16043091,46624,46635,11
12.8186903,80.16062927,46635,46645,10
12.81943989,80.1609726,46645,46655,10
12.82040977,80.16139221,46655,46665,10
12.8214798,80.16184998,46665,46675,10
12.82256031,80.16227722,46675,46685,10
12.82363033,80.16278839,46685,46695,10
12.82454967,80.16339874,46695,46705,10
12.82557964,80.16396332,46705,46715,10
12.82651043,80.16451263,46715,46725,10
12.82740021,80.16506958,46725,46756,31
12.82740021,80.16506958,46756,46766,10
12.82748985,80.16510773,46766,46776,10
12.82771969,80.16513824,46776,46796,20
12.82771969,80.16513824,46796,46806,10
12.82818031,80.16516113,46806,46816,10
12.82894993,80.16526031,46816,46826,10
12.82991982,80.16538239,46826,46836,10
12.83094025,80.16558838,46836,46846,10
12.83199978,80.1659317,46846,46857,11
12.83312988,80.16648102,46857,46867,10
12.83409023,80.16703033,46867,46877,10
12.8348999,80.16750336,46877,46887,10
12.83522034,80.16766357,46887,46897,10
12.83555031,80.16773224,46897,46907,10
12.83576965,80.16786194,46907,46917,10
12.83592033,80.16825104,46917,46927,10
12.83605003,80.16851044,46927,46937,10
12.83623981,80.16858673,46937,46947,10
12.83637047,80.16861725,46947,46957,10
12.83672047,80.16873169,46957,46967,10
12.83691025,80.16877747,46967,46978,11
12.83710003,80.16889191,46978,46988,10
12.83695984,80.16873932,46988,46998,10
12.83745956,80.16918945,46998,47008,10
12.83798981,80.16924286,47008,47018,10
12.83823967,80.16953278,47018,47028,10
12.8387804,80.16983795,47028,47038,10
12.83955002,80.16999054,47038,47048,10
12.84037971,80.16992188,47048,47058,10
12.84146976,80.1699295,47058,47068,10
12.84263039,80.16990662,47068,47078,10
12.84383965,80.17005157,47078,47088,10
12.84498024,80.17012024,47088,47099,11
12.84624958,80.17018127,47099,47109,10
12.8474102,80.17028809,47109,47119,10
12.84856987,80.1704483,47119,47169,50
12.8522501,80.1710968,47169,47179,10
12.8530798,80.17120361,47179,47189,10
12.85336018,80.17124939,47189,47199,10
12.85359001,80.17125702,47199,47210,11
12.8543396,80.17150116,47210,47220,10
12.85525036,80.17175293,47220,47230,10
12.85618019,80.17195892,47230,47240,10
12.85639954,80.17205048,47240,47250,10
12.85657024,80.17209625,47250,47260,10
12.85655022,80.17211151,47260,47270,10
12.85702991,80.17221832,47270,47280,10
12.85758018,80.17230988,47280,47290,10
12.85781956,80.17241669,47290,47300,10
12.85861969,80.17253113,47300,47310,10
12.8594799,80.17279053,47310,47321,11
12.85964012,80.17279816,47321,47331,10
12.85962009,80.17263794,47331,47341,10
12.86028957,80.17349243,47341,47381,40
12.8647604,80.17546844,47381,47391,10
12.86569977,80.17569733,47391,47401,10
12.86672974,80.17581177,47401,47411,10
12.86746025,80.1758728,47411,47421,10
12.86804962,80.17588043,47421,47430,9
12.86861992,80.17556763,47430,47442,12
12.86954975,80.17494965,47442,47452,10
12.87043953,80.17433929,47452,47462,10
12.87217999,80.173172,47462,47472,10
12.87217999,80.173172,47472,47482,10
12.87310028,80.17256927,47482,47490,8
12.87864971,80.16996765,47490,47561,71
12.87864971,80.16996765,47561,47590,29
12.88129997,80.17077637,47590,47601,11
12.88183975,80.17095947,47601,47611,10
12.8823204,80.17066956,47611,47621,10
12.88292027,80.17076111,47621,47631,10
12.88360023,80.17106628,47631,47641,10
12.88459969,80.17165375,47641,47651,10
12.88551998,80.17214966,47651,47661,10
12.88619995,80.17250824,47661,47672,11
12.88689041,80.17288208,47672,47682,10
12.88761997,80.17327118,47682,47692,10
12.88858032,80.17372894,47692,47702,10
12.88939953,80.17415619,47702,47712,10
12.8896904,80.17429352,47712,47722,10
12.88996029,80.1743927,47722,47732,10
12.89033985,80.17453766,47732,47742,10
12.89068985,80.17507935,47742,47752,10
12.89105034,80.17578125,47752,47762,10
12.89148045,80.1765976,47762,47781,19
12.89148045,80.1765976,47781,47793,12
12.89171982,80.17703247,47793,47803,10
12.89210033,80.17771912,47803,47813,10
12.89258003,80.17855072,47813,47823,10
12.89307022,80.17945099,47823,47833,10
12.89363003,80.18009186,47833,47843,10
12.89431953,80.18041992,47843,47853,10
12.89519978,80.18083954,47853,47863,10
12.89624023,80.18131256,47863,47873,10
12.89754963,80.18202209,47873,47893,20
12.89754963,80.18202209,47893,47904,11
12.89783955,80.18218994,47904,47914,10
12.89844036,80.18247986,47914,47924,10
12.89922047,80.18286896,47924,47934,10
12.90015984,80.18332672,47934,47944,10
12.90116024,80.18379211,47944,47954,10
12.9022398,80.18409729,47954,47964,10
12.90332985,80.18441772,47964,47974,10
12.90408039,80.18483734,47974,47984,10
12.9040699,80.1857605,47984,47994,10
12.90402031,80.1868515,47994,48004,10
12.90443993,80.18759918,48004,48014,10
12.9052496,80.18811035,48014,48025,11
12.90625,80.18874359,48025,48035,10
12.90715981,80.18939972,48035,48045,10
12.90806007,80.19010162,48045,48055,10
12.90898037,80.19081116,48055,48065,10
12.90979958,80.19142914,48065,48075,10
12.91007996,80.19156647,48075,48085,10
12.91053009,80.1916275,48085,48095,10
12.9112196,80.19171906,48095,48105,10
12.91232014,80.19180298,48105,48126,21
12.91232014,80.19180298,48126,48136,10
12.91267014,80.19180298,48136,48146,10
12.91335964,80.19200134,48146,48156,10
12.91419029,80.19207764,48156,48166,10
12.91506958,80.19213867,48166,48176,10
12.91594028,80.1922226,48176,48186,10
12.91650009,80.19225311,48186,48196,10
12.91695023,80.19226837,48196,48206,10
12.9170599,80.19194031,48206,48216,10
12.91707039,80.19194031,48216,48226,10
12.91713047,80.19193268,48226,48236,10
12.91732025,80.19152069,48236,48246,10
12.91734028,80.19088745,48246,48257,11
12.91732979,80.19039154,48257,48267,10
12.91724968,80.19020844,48267,48277,10
12.91736984,80.19069672,48277,48287,10
12.91724968,80.19136047,48287,48297,10
12.91716003,80.19223022,48297,48307,10
12.91703033,80.19281769,48307,48327,20
12.91703033,80.19281769,48327,48388,61
12.91711998,80.19400024,48388,48398,10
12.91724014,80.19438171,48398,48408,10
12.91765976,80.1947403,48408,48428,20
12.91895962,80.19603729,48428,48448,20
12.92068005,80.19676208,48448,48459,11
12.9210701,80.19686127,48459,48468,9
12.92117977,80.19689941,48468,48479,11
12.92168999,80.19708252,48479,48519,40
12.92346954,80.19740295,48519,48529,10
12.92393017,80.19741821,48529,48539,10
12.92446995,80.19754791,48539,48600,61
12.92671967,80.19764709,48600,48610,10
12.92737007,80.19808197,48610,48620,10
12.92794991,80.19859314,48620,48660,40
12.92862988,80.20250702,48660,48670,10
12.92938042,80.20272064,48670,48690,20
12.92938042,80.20272064,48690,48700,10
12.92949009,80.20271301,48700,48711,11
12.93004036,80.20278931,48711,48721,10
12.93078995,80.20291901,48721,48731,10
12.93163967,80.20319366,48731,48741,10
12.93262005,80.20349884,48741,48751,10
12.93346977,80.2037735,48751,48761,10
12.93397999,80.20379639,48761,48781,20
12.93397999,80.20379639,48781,48791,10
12.93430042,80.20384216,48791,48801,10
12.93500996,80.20397186,48801,48811,10
12.93575001,80.20430756,48811,48821,10
12.93647957,80.20453644,48821,48832,11
12.93733978,80.20478058,48832,48842,10
12.93822956,80.20503235,48842,48852,10
12.93908024,80.20532227,48852,48862,10
12.93997002,80.20552826,48862,48892,30
12.93997002,80.20552826,48892,48902,10
12.94034004,80.20567322,48902,48912,10
12.94089985,80.20587921,48912,48922,10
12.94153976,80.20619965,48922,48932,10
12.94204998,80.20657349,48932,48943,11
12.94260979,80.20706177,48943,48953,10
12.94307995,80.20770264,48953,48963,10
12.94375992,80.20810699,48963,48973,10
12.94427967,80.20831299,48973,48993,20
12.94427967,80.20831299,48993,49003,10
12.94425964,80.20831299,49003,49013,10
12.94449043,80.20834351,49013,49023,10
12.94497013,80.2085495,49023,49033,10
12.94567013,80.20879364,49033,49043,10
12.94647026,80.20905304,49043,49053,10
12.94733047,80.20938873,49053,49064,11
12.94828033,80.20983887,49064,49074,10
12.94894028,80.21034241,49074,49084,10
12.94871044,80.21000671,49084,49094,10
12.94902039,80.20999146,49094,49104,10
12.94946003,80.21018982,49104,49114,10
12.95014,80.21054077,49114,49124,10
12.95112991,80.21092224,49124,49134,10
12.95195961,80.21135712,49134,49144,10
12.95291996,80.21170044,49144,49154,10
12.95353031,80.21196747,49154,49164,10
12.95355988,80.21195984,49164,49175,11
12.95363998,80.21199036,49175,49185,10
12.95405006,80.2121582,49185,49195,10
12.95470047,80.21240997,49195,49205,10
12.95547009,80.21273804,49205,49215,10
12.95635033,80.21308136,49215,49225,10
12.95734024,80.21347809,49225,49235,10
12.95839977,80.21389771,49235,49245,10
12.95938015,80.21427917,49245,49255,10
12.96035004,80.21469116,49255,49265,10
12.96129036,80.21505737,49265,49275,10
12.96232033,80.21546936,49275,49284,9
12.96315956,80.21579742,49284,49296,12
12.96387959,80.21605682,49296,49306,10
12.96411991,80.21617889,49306,49316,10
12.96418953,80.21617126,49316,49326,10
12.96455956,80.21633911,49326,49336,10
12.96514988,80.21658325,49336,49346,10
12.96580982,80.21684265,49346,49356,10
12.9664402,80.21710205,49356,49366,10
12.96708012,80.21736908,49366,49376,10
12.96774006,80.21765137,49376,49386,10
12.96842957,80.21788788,49386,49396,10
12.96920967,80.21816254,49396,49407,11
12.9703598,80.21868134,49407,49417,10
12.97109032,80.2188797,49417,49427,10
12.97115993,80.21893311,49427,49437,10
12.97124004,80.21894073,49437,49447,10
12.97161961,80.21909332,49447,49457,10
12.97208023,80.21935272,49457,49467,10
12.97251987,80.21956635,49467,49477,10
12.97288036,80.2197113,49477,49487,10
12.97299957,80.2195816,49487,49498,11
12.9731102,80.21965027,49498,49507,9
12.97362995,80.21994781,49507,49518,11
12.97399998,80.2201767,49518,49528,10
12.97465992,80.22042084,49528,49598,70
12.97465992,80.22042084,49598,49608,10
12.97476006,80.22016144,49608,49618,10
12.97467995,80.22042847,49618,49639,21
12.97467995,80.22042847,49639,49649,10
12.97511005,80.22052002,49649,49659,10
12.97529984,80.22068024,49659,49739,80
12.97655964,80.22118378,49739,49750,11
12.97725964,80.22119141,49750,49760,10
12.97791958,80.221138,49760,49790,30
12.98073959,80.22120667,49790,49800,10
12.98143959,80.22119904,49800,49810,10
12.98200035,80.22158813,49810,49820,10
12.98254013,80.22174835,49820,49830,10
12.98285007,80.22187805,49830,49931,101
12.98560047,80.22309113,49931,49941,10
12.9861002,80.22293091,49941,49951,10
12.98645973,80.22293091,49951,49971,20
12.98645973,80.22293091,49971,49982,11
12.98653984,80.22292328,49982,49992,10
12.98684978,80.2229538,49992,50002,10
12.98725986,80.22299957,50002,50012,10
12.98787975,80.22286987,50012,50022,10
12.98847961,80.22245789,50022,50032,10
12.98911953,80.22177887,50032,50042,10
12.98962975,80.22086334,50042,50052,10
12.99044037,80.2203064,50052,50062,10
12.99048996,80.22029877,50062,50093,31
12.99118996,80.2197876,50093,50103,10
12.99153996,80.21949005,50103,50113,10
12.99180984,80.21916199,50113,50123,10
12.99291039,80.21842957,50123,50133,10
12.99357033,80.21791077,50133,50143,10
12.99409962,80.2175827,50143,50153,10
12.99446011,80.21739197,50153,50163,10
12.99472046,80.21720886,50163,50173,10
12.9948597,80.21707916,50173,50184,11
12.99520016,80.21697998,50184,50224,40
12.99709988,80.21647644,50224,50234,10
12.99744987,80.21652985,50234,50244,10
12.99779987,80.21643066,50244,50294,50
12.99948978,80.21721649,50294,50305,11
13.00010014,80.21764374,50305,50456,151
13.01074982,80.2227478,50456,50466,10
13.01148033,80.2230072,50466,50496,30
13.01148033,80.22299957,50496,50536,40
13.01249981,80.22206116,50536,50546,10
13.01294041,80.22238922,50546,50557,11
13.0135603,80.22293091,50557,50567,10
13.01416969,80.22370148,50567,50577,10
13.01473999,80.22447968,50577,50587,10
13.01515007,80.22489929,50587,50617,30
13.01554012,80.2248764,50617,50627,10
13.01597023,80.22514343,50627,50637,10
13.01663017,80.22509003,50637,50647,10
13.01753998,80.22486115,50647,50658,11
13.01856041,80.22450256,50658,50678,20
13.0200901,80.22476196,50678,50688,10
13.02073956,80.22534943,50688,50698,10
13.02134991,80.22567749,50698,50708,10
13.0219698,80.22614288,50708,50738,30
13.0219698,80.22614288,50738,50758,20
13.02227974,80.22640228,50758,50768,10
13.02276993,80.22688293,50768,50778,10
13.02338028,80.22743988,50778,50789,11
13.02412033,80.22814178,50789,50799,10
13.02457047,80.22873688,50799,50809,10
13.02486038,80.22910309,50809,50819,10
13.02534008,80.22976685,50819,50829,10
13.02577972,80.23052979,50829,50839,10
13.02597046,80.23120117,50839,50849,10
13.02598,80.23155212,50849,50859,10
13.02598953,80.23139954,50859,50889,30
13.02612019,80.23130798,50889,50900,11
13.02622986,80.23124695,50900,50910,10
13.02635956,80.23116302,50910,50980,70
13.02914047,80.23081207,50980,50990,10
13.02962017,80.23069763,50990,51021,31
13.02914047,80.23085022,51021,51031,10
13.02927017,80.23072815,51031,51041,10
13.02968025,80.23066711,51041,51051,10
13.0304203,80.23062897,51051,51061,10
13.03075981,80.23065186,51061,51071,10
13.03170967,80.23026276,51071,51081,10
13.03240967,80.23030853,51081,51132,51
13.03526974,80.23002625,51132,51142,10
13.03489971,80.23004913,51142,51162,20
13.03489017,80.2301178,51162,51182,20
13.03489017,80.2301178,51182,51192,10
13.03501987,80.23000336,51192,51202,10
13.03505039,80.2298584,51202,51212,10
13.03470039,80.22979736,51212,51222,10
13.03427982,80.22979736,51222,51303,81
13.03427982,80.22979736,51303,51313,10
13.0343504,80.2298584,51313,51323,10
13.03439045,80.22987366,51323,51394,71
13.03423023,80.23016357,51394,51868,474
13.03423023,80.23016357,51868,51878,10
13.03419018,80.23040771,51878,51888,10
13.03400993,80.23043823,51888,51898,10
13.03349972,80.23047638,51898,51908,10
13.03279018,80.23055267,51908,51918,10
13.03203964,80.23061371,51918,51928,10
13.03125954,80.23068237,51928,51938,10
13.03071976,80.23069763,51938,51949,11
13.0298996,80.23078918,51949,51969,20
13.0298996,80.23078918,51969,51979,10
13.0297699,80.23079681,51979,51989,10
13.02947998,80.23082733,51989,51999,10
13.02892017,80.23091125,51999,52009,10
13.02828979,80.23101807,52009,52019,10
13.02781963,80.23104095,52019,52029,10
13.02770996,80.23129272,52029,52039,10
13.02770996,80.23178864,52039,52049,10
13.02779007,80.23236084,52049,52060,11
13.02764034,80.23278046,52060,52070,10
13.0271101,80.23293304,52070,52080,10
13.02682972,80.23300171,52080,52090,10
13.02649021,80.23298645,52090,52100,10
13.02633953,80.23268127,52100,52128,28
13.02633953,80.23268127,52128,52138,10
13.02622986,80.23223877,52138,52148,10
13.02612972,80.23182678,52148,52158,10
13.02608013,80.23148346,52158,52168,10
13.02591038,80.2308197,52168,52179,11
13.02540016,80.23002625,52179,52209,30
13.02540016,80.23002625,52209,52219,10
13.02521038,80.22982788,52219,52229,10
13.02490044,80.22943115,52229,52239,10
13.02464008,80.22911835,52239,52249,10
13.02441025,80.22882843,52249,52259,10
13.02408028,80.22843933,52259,52269,10
13.02365017,80.22789764,52269,52279,10
13.0229702,80.22737885,52279,52350,71
13.0229702,80.22737885,52350,52360,10
13.02264023,80.22708893,52360,52370,10
13.0225296,80.22676849,52370,52380,10
13.02213001,80.22640991,52380,52390,10
13.02153969,80.22593689,52390,52400,10
13.02087975,80.22540283,52400,52411,11
13.0203104,80.22502899,52411,52421,10
13.01998997,80.22483063,52421,52431,10
13.0194397,80.22453308,52431,52441,10
13.01860046,80.22454071,52441,52451,10
13.01764965,80.22492218,52451,52461,10
13.01675987,80.22530365,52461,52471,10
13.01620007,80.22554016,52471,52481,10
13.01552963,80.22579193,52481,52491,10
13.01488972,80.22605896,52491,52501,10
13.01449013,80.22621918,52501,52521,20
13.01449013,80.22621918,52521,52532,11
13.01441002,80.22624969,52532,52542,10
13.01426983,80.22624969,52542,52552,10
13.01385021,80.22640991,52552,52562,10
13.01319981,80.22666931,52562,52572,10
13.0124197,80.22693634,52572,52582,10
13.01154041,80.22731018,52582,52592,10
13.01053047,80.22769928,52592,52602,10
13.00967979,80.22792053,52602,52612,10
13.00957012,80.22737885,52612,52622,10
13.0098896,80.22670746,52622,52632,10
13.01021957,80.22590637,52632,52643,11
13.01053047,80.22512817,52643,52653,10
13.01078987,80.22460175,52653,52663,10
13.01105022,80.22392273,52663,52673,10
13.01121044,80.22350311,52673,52683,10
13.01119041,80.22322845,52683,52693,10
13.01074982,80.22296906,52693,52703,10
13.01037025,80.22277832,52703,52713,10
13.01031017,80.22274017,52713,52723,10
13.01000977,80.22254181,52723,52733,10
13.00946999,80.22223663,52733,52743,10
13.00879955,80.22190094,52743,52754,11
13.00800037,80.22145081,52754,52764,10
13.00716972,80.22103119,52764,52774,10
13.00615025,80.22062683,52774,52784,10
13.00510025,80.22038269,52784,52794,10
13.0046196,80.2203064,52794,52804,10
13.00456047,80.22026062,52804,52814,10
13.00421047,80.22019196,52814,52824,10
13.00356007,80.22006226,52824,52834,10
13.00275993,80.21977234,52834,52844,10
13.00203991,80.21907806,52844,52854,10
13.00135994,80.21842194,52854,52864,10
13.00053978,80.21790314,52864,52875,11
12.99960041,80.21729279,52875,52895,20
12.99960041,80.21729279,52895,52905,10
12.99942017,80.21721649,52905,52915,10
12.99901009,80.21701813,52915,52935,20
12.99901009,80.21701813,52935,52945,10
12.99880981,80.21687317,52945,52965,20
12.99880981,80.21687317,52965,52975,10
12.99866009,80.21685791,52975,52986,11
12.99829006,80.21669769,52986,52996,10
12.99779987,80.21656799,52996,53026,30
12.99779987,80.21656799,53026,53036,10
12.99763966,80.21653748,53036,53085,49
12.99763966,80.21653748,53085,53096,11
12.99707985,80.21655273,53096,53107,11
12.99680042,80.21652222,53107,53117,10
12.99670029,80.21676636,53117,53127,10
12.99633026,80.21669769,53127,53137,10
12.99635983,80.21666718,53137,53147,10
12.99623013,80.21656799,53147,53157,10
12.99592018,80.21668243,53157,53167,10
12.99569988,80.21672821,53167,53177,10
12.9955101,80.21679688,53177,53187,10
12.99545002,80.21659851,53187,53228,41
12.9949398,80.21710205,53228,53238,10
12.99464989,80.21734619,53238,53258,20
12.99341965,80.21811676,53258,53268,10
12.99281979,80.21849823,53268,53278,10
12.99238014,80.21896362,53278,53288,10
12.9916296,80.2195282,53288,53298,10
12.99129009,80.21975708,53298,53309,11
12.99087048,80.22016907,53309,53318,9
12.9907999,80.22023773,53318,53329,11
12.99063969,80.2202301,53329,53339,10
12.99036026,80.22045898,53339,53349,10
12.98983002,80.22084808,53349,53359,10
12.98929977,80.22145844,53359,53369,10
12.98886013,80.2220993,53369,53379,10
12.98801041,80.22302246,53379,53389,10
12.98781967,80.2232666,53389,53399,10
12.98783016,80.22325897,53399,53409,10
12.98746014,80.22309113,53409,53419,10
12.98707008,80.2230835,53419,53429,10
12.98631954,80.2229538,53429,53439,10
12.98558044,80.22309875,53439,53450,11
12.98507023,80.22322845,53450,53460,10
12.98443985,80.22286224,53460,53470,10
12.98373032,80.22248077,53470,53480,10
12.98320961,80.2220993,53480,53510,30
12.98320961,80.2220993,53510,53520,10
12.98285961,80.22194672,53520,53530,10
12.98225975,80.22177124,53530,53540,10
12.98194981,80.22161102,53540,53550,10
12.98145008,80.22129822,53550,53561,11
12.98095036,80.22104645,53561,53571,10
12.98031998,80.22102356,53571,53581,10
12.97961044,80.22109222,53581,53591,10
12.97910976,80.22119141,53591,53601,10
12.9786396,80.22110748,53601,53611,10
12.97844028,80.22103882,53611,53621,10
12.97848988,80.22106171,53621,53641,20
12.9771204,80.22120667,53641,53651,10
12.97644997,80.22123718,53651,53662,11
12.97597027,80.22120667,53662,53682,20
12.97558975,80.22091675,53682,53692,10
12.97558022,80.22087097,53692,53732,40
12.97527027,80.2208786,53732,53742,10
12.97513008,80.22080231,53742,53762,20
12.97354031,80.2202301,53762,53773,11
12.97313976,80.21988678,53773,53782,9
12.97266006,80.21943665,53782,53793,11
12.97204018,80.21894073,53793,53803,10
12.97099972,80.21910858,53803,53813,10
12.9705801,80.21898651,53813,53863,50
12.96969986,80.21849823,53863,53873,10
12.9691,80.21829224,53873,53893,20
12.96780968,80.21781158,53893,53903,10
12.9670496,80.21749878,53903,53914,11
12.96607971,80.21701813,53914,53924,10
12.9651804,80.21653748,53924,53974,50
12.96263981,80.2157135,53974,53984,10
12.96216011,80.21547699,53984,53994,10
12.96146011,80.21518707,53994,54025,31
12.95878029,80.21466064,54025,54045,20
12.95656013,80.21320343,54045,54055,10
12.95551014,80.21282196,54055,54065,10
12.95446014,80.21244049,54065,54105,40
12.95353985,80.2120285,54105,54115,10
12.95302963,80.21186066,54115,54125,10
12.95230961,80.21160126,54125,54135,10
12.95147991,80.21131134,54135,54146,11
12.95042038,80.21099091,54146,54156,10
12.94937992,80.21058655,54156,54166,10
12.94861984,80.21027374,54166,54176,10
12.94851971,80.21022034,54176,54186,10
12.94859028,80.21022797,54186,54196,10
12.94841003,80.21013641,54196,54206,10
12.94810009,80.20996094,54206,54216,10
12.94734955,80.20976257,54216,54226,10
12.94649029,80.20937347,54226,54236,10
12.94554043,80.20896149,54236,54247,11
12.94454956,80.20851898,54247,54257,10
12.94425964,80.2084198,54257,54267,10
12.94421959,80.20851898,54267,54277,10
12.94421959,80.20850372,54277,54287,10
12.94373989,80.20825195,54287,54297,10
12.94309044,80.20783234,54297,54307,10
12.94260979,80.20722961,54307,54317,10
12.94204044,80.20667267,54317,54327,10
12.94132042,80.20607758,54327,54337,10
12.94054985,80.20555115,54337,54347,10
12.94089985,80.20580292,54347,54357,10
12.94056034,80.20584106,54357,54367,10
12.93992996,80.20568085,54367,54378,11
12.93916988,80.20549774,54378,54388,10
12.93834972,80.20517731,54388,54398,10
12.93752003,80.20481873,54398,54428,30
12.9344101,80.20294952,54428,54438,10
12.93379021,80.20388031,54438,54448,10
12.93363953,80.20394135,54448,54479,31
12.93363953,80.20394135,54479,54489,10
12.93280983,80.20337677,54489,54499,10
12.93227005,80.20340729,54499,54509,10
12.93152046,80.20316315,54509,54519,10
12.9307003,80.20291901,54519,54529,10
12.92986965,80.20281982,54529,54539,10
12.92957973,80.20297241,54539,54559,20
12.92957973,80.20297241,54559,54589,30
12.92829037,80.20175171,54589,54600,11
12.92780018,80.20037842,54600,54610,10
12.9276104,80.19986725,54610,54620,10
12.92755032,80.19864655,54620,54630,10
12.9270401,80.19785309,54630,54640,10
12.92626953,80.19754791,54640,54650,10
12.92621994,80.19759369,54650,54660,10
12.92601013,80.19757843,54660,54670,10
12.92551994,80.19754791,54670,54680,10
12.92523956,80.1975174,54680,54690,10
12.9247303,80.19750214,54690,54700,10
12.92399025,80.19748688,54700,54709,9
12.92323971,80.19743347,54709,54721,12
12.92218018,80.19730377,54721,54731,10
12.92197037,80.197258,54731,54741,10
12.92187023,80.19718933,54741,54751,10
12.92146015,80.19705963,54751,54761,10
12.92082024,80.19682312,54761,54771,10
12.9200201,80.19654083,54771,54781,10
12.91919041,80.19616699,54781,54791,10
12.91878033,80.19583893,54791,54801,10
12.91843033,80.19551849,54801,54811,10
12.91804028,80.19516754,54811,54821,10
12.91749001,80.19467926,54821,54832,11
12.91711998,80.19429016,54832,54842,10
12.91703987,80.19413757,54842,54851,9
12.91699028,80.19376373,54851,54862,11
12.91703033,80.19300079,54862,54872,10
12.91707993,80.19243622,54872,54882,10
12.91664982,80.19235992,54882,54922,40
12.91664982,80.19235992,54922,54932,10
12.91637039,80.19232178,54932,54942,10
12.91580009,80.19228363,54942,54953,11
12.91504002,80.19225311,54953,54963,10
12.91440964,80.19219208,54963,54973,10
12.91372013,80.1920929,54973,54983,10
12.91294003,80.19197845,54983,54993,10
12.91205025,80.19185638,54993,55003,10
12.91112995,80.19171906,55003,55013,10
12.91024017,80.19161224,55013,55023,10
12.90970039,80.19145203,55023,55033,10
12.9096899,80.19143677,55033,55043,10
12.90952969,80.19132233,55043,55053,10
12.9090004,80.19087219,55053,55064,11
12.90820026,80.19024658,55064,55074,10
12.90729046,80.18956757,55074,55084,10
12.9061203,80.1886673,55084,55104,20
12.9061203,80.1886673,55104,55114,10
12.90585041,80.18852997,55114,55124,10
12.90526962,80.1882019,55124,55134,10
12.90445042,80.18769073,55134,55144,10
12.9039402,80.1868515,55144,55154,10
12.90398979,80.18569183,55154,55164,10
12.90398979,80.18473053,55164,55174,10
12.90332031,80.18444061,55174,55185,11
12.90231037,80.18415833,55185,55195,10
12.90124989,80.1838913,55195,55205,10
12.90025997,80.18345642,55205,55215,10
12.89922047,80.18295288,55215,55225,10
12.89818954,80.18241882,55225,55235,10
12.89727974,80.18196106,55235,55255,20
12.89727974,80.18196106,55255,55265,10
12.89723015,80.18195343,55265,55275,10
12.89680958,80.18171692,55275,55285,10
12.89616013,80.18138123,55285,55296,11
12.89529037,80.18093109,55296,55306,10
12.89437962,80.18047333,55306,55316,10
12.89332008,80.17996216,55316,55336,20
12.89332008,80.17996216,55336,55346,10
12.89311028,80.17970276,55346,55356,10
12.89278984,80.17906189,55356,55366,10
12.8923502,80.17822266,55366,55376,10
12.89181042,80.17722321,55376,55386,10
12.89148045,80.17661285,55386,55396,10
12.89148045,80.1765976,55396,55406,10
12.89140034,80.17649078,55406,55417,11
12.8913002,80.17630768,55417,55427,10
12.89099026,80.1757431,55427,55437,10
12.89062023,80.17501831,55437,55447,10
12.89008999,80.17446136,55447,55457,10
12.88980007,80.17436981,55457,55467,10
12.88947964,80.17423248,55467,55477,10
12.88906002,80.17398834,55477,55487,10
12.88840008,80.1736908,55487,55497,10
12.88749981,80.17321014,55497,55507,10
12.88646984,80.17266846,55507,55517,10
12.88543987,80.17211914,55517,55528,11
12.88430977,80.17151642,55528,55538,10
12.8832798,80.17099762,55538,55548,10
12.88239956,80.17060852,55548,55558,10
12.88197041,80.17098999,55558,55568,10
12.88150978,80.17089081,55568,55578,10
12.88094044,80.1707077,55578,55588,10
12.88020039,80.17041779,55588,55598,10
12.87989998,80.17024994,55598,55608,10
12.87979031,80.17018127,55608,55618,10
12.87930965,80.16996002,55618,55628,10
12.87847042,80.1700592,55628,55638,10
12.87738991,80.17032623,55638,55647,9
12.87170029,80.17353821,55647,55717,70
12.86874008,80.17555237,55717,55747,30
12.86874008,80.17555237,55747,55777,30
12.8659296,80.17578125,55777,55788,11
12.8647604,80.17556,55788,55798,10
12.86375999,80.17495728,55798,55808,10
12.86277008,80.17433167,55808,55818,10
12.86176014,80.17384338,55818,55828,10
12.86073017,80.17337036,55828,55838,10
12.85972023,80.17295074,55838,55848,10
12.85890961,80.17260742,55848,55858,10
12.85803986,80.17247772,55858,55868,10
12.85748005,80.17240143,55868,55879,11
12.85706997,80.17234802,55879,55889,10
12.85645008,80.17224121,55889,55899,10
12.85639954,80.17223358,55899,55909,10
12.85636044,80.17218781,55909,55919,10
12.85618973,80.17211151,55919,55929,10
12.85575008,80.17198181,55929,55939,10
12.85501003,80.17175293,55939,55949,10
12.85402012,80.17144775,55949,55959,10
12.85287952,80.17121887,55959,55969,10
12.85173988,80.1710968,55969,55978,9
12.85087967,80.17095184,55978,55990,12
12.84955978,80.17076111,55990,56000,10
12.84840965,80.17059326,56000,56010,10
12.84704018,80.17035675,56010,56161,151
12.84704018,80.17035675,56161,56171,10
12.84702015,80.1703186,56171,56181,10
12.84659958,80.17027283,56181,56191,10
12.84584045,80.17025757,56191,56201,10
12.84484959,80.17021942,56201,56211,10
12.84370995,80.17012024,56211,56222,11
12.84245014,80.17002106,56222,56232,10
12.84129047,80.17003632,56232,56242,10
12.84016037,80.16999817,56242,56252,10
12.83905029,80.16996002,56252,56262,10
12.83837986,80.16972351,56262,56272,10
12.83827019,80.16960907,56272,56282,10
12.83798981,80.1693573,56282,56292,10
12.83759022,80.16931915,56292,56302,10
12.83710003,80.16903687,56302,56312,10
12.83689976,80.16885376,56312,56322,10
12.83660984,80.16876221,56322,56331,9
12.83621979,80.16860962,56331,56343,12
12.8359499,80.16837311,56343,56353,10
12.83578968,80.16766357,56353,56363,10
12.83512974,80.16766357,56363,56373,10
12.83440971,80.16721344,56373,56383,10
12.83358002,80.16676331,56383,56393,10
12.83339024,80.16667175,56393,56403,10
12.83296013,80.16641235,56403,56413,10
12.83222961,80.16606903,56413,56423,10
12.83125019,80.16570282,56423,56433,10
12.83014965,80.16546631,56433,56443,10
12.82903957,80.16532135,56443,56454,11
12.82756996,80.16516113,56454,56504,50
12.82756996,80.16516113,56504,56514,10
12.82730961,80.16503906,56514,56524,10
12.82724953,80.16500092,56524,56534,10
12.82689953,80.16475677,56534,56544,10
12.82627964,80.16438293,56544,56554,10
12.82546043,80.16391754,56554,56564,10
12.82444954,80.16336823,56564,56575,11
12.82336044,80.16269684,56575,56585,10
12.82227039,80.16223145,56585,56595,10
12.82116032,80.16177368,56595,56605,10
12.82001019,80.16127777,56605,56615,10
12.81888962,80.16078186,56615,56625,10
12.81812,80.1604538,56625,56635,10
12.81785011,80.1603775,56635,56645,10
12.81729031,80.16024017,56645,56655,10
12.81696987,80.16017151,56655,56665,10
12.8164196,80.16004944,56665,56675,10
12.81564999,80.15988159,56675,56686,11
12.81484032,80.159729,56686,56696,10
12.81429005,80.15962982,56696,56706,10
12.81350994,80.15959167,56706,56716,10
12.81258965,80.15943146,56716,56726,10
12.81173038,80.15943909,56726,56736,10
12.81161976,80.15946198,56736,56746,10
12.81134987,80.15950775,56746,56756,10
12.81083012,80.15968323,56756,56766,10
12.8101902,80.15976715,56766,56776,10
12.80998993,80.1595993,56776,56797,21
12.81005955,80.15960693,56797,57392,595
12.81005955,80.15960693,57392,57402,10
12.8103199,80.15972137,57402,57412,10
12.8107996,80.15963745,57412,57422,10
12.8113699,80.15946198,57422,57432,10
12.81200027,80.15930939,57432,57442,10
12.81266022,80.15937042,57442,57452,10
12.8127203,80.15937042,57452,57462,10
12.81297016,80.1594162,57462,57472,10
12.81350994,80.15950012,57472,57482,10
12.81431961,80.15957642,57482,57491,9
12.81521988,80.15975189,57491,57503,12
12.81655025,80.16002655,57503,57513,10
12.81748009,80.16024017,57513,57523,10
12.81809998,80.16040039,57523,57533,10
12.81836033,80.16049957,57533,57543,10
12.81886959,80.16072083,57543,57553,10
12.81966972,80.16107941,57553,57563,10
12.82067013,80.16150665,57563,57573,10
12.82174015,80.16197205,57573,57583,10
12.82281017,80.16240692,57583,57593,10
12.82386017,80.16291809,57593,57603,10
12.82485008,80.16356659,57603,57614,11
12.82598972,80.16414642,57614,57624,10
12.82656956,80.16452789,57624,57634,10
12.82660961,80.1645813,57634,57644,10
12.82682991,80.16468811,57644,57664,20
12.82695007,80.16477966,57664,57684,20
12.82695007,80.16477966,57684,57694,10
12.82707977,80.16487885,57694,57704,10
12.82742977,80.16506958,57704,57714,10
12.82744026,80.16506958,57714,57723,9
12.82781982,80.16513824,57723,57745,22
12.82781982,80.16513824,57745,57755,10
12.8280201,80.16516876,57755,57765,10
12.82851028,80.16522217,57765,57775,10
12.82933044,80.16531372,57775,57785,10
12.83041954,80.16546631,57785,57795,10
12.83156967,80.1657486,57795,57805,10
12.83255005,80.16616058,57805,57815,10
12.83345032,80.16667938,57815,57825,10
12.8344698,80.16723633,57825,57835,10
12.83533955,80.16770172,57835,57846,11
12.83582973,80.1678772,57846,57856,10
12.83596992,80.16825104,57856,57866,10
12.83615017,80.16858673,57866,57876,10
12.83638,80.16864777,57876,57886,10
12.83685017,80.16877747,57886,57896,10
12.83712959,80.16893005,57896,57906,10
12.8373003,80.16915894,57906,57916,10
12.83786964,80.16928864,57916,57926,10
12.83817959,80.16943359,57926,57936,10
12.83841038,80.16963959,57936,57946,10
12.83858967,80.16973877,57946,57956,10
12.8391304,80.16986847,57956,57967,11
12.84006023,80.16992188,57967,57977,10
12.84115982,80.16996002,57977,57987,10
12.84234047,80.16992188,57987,57997,10
12.84350014,80.16999817,57997,58007,10
12.84469986,80.17015076,58007,58017,10
12.84580994,80.17012024,58017,58027,10
12.84706974,80.17021942,58027,58037,10
12.84825993,80.17047119,58037,58047,10
12.84943962,80.17069244,58047,58057,10
12.85062027,80.17088318,58057,58067,10
12.8517704,80.17105865,58067,58078,11
12.85303974,80.17121887,58078,58088,10
12.85418987,80.17146301,58088,58098,10
12.85529995,80.17179108,58098,58108,10
12.85630035,80.17207336,58108,58168,60
12.85630035,80.17207336,58168,58178,10
12.85659981,80.17214966,58178,58188,10
12.85698986,80.17223358,58188,58199,11
12.85756016,80.17234039,58199,58209,10
12.85787964,80.17240906,58209,58219,10
12.85848999,80.17253876,58219,58229,10
12.85929966,80.17272186,58229,58239,10
12.86007023,80.1730423,58239,58249,10
12.86096001,80.1734314,58249,58259,10
12.86194038,80.17385864,58259,58269,10
12.86287022,80.17430115,58269,58279,10
12.86371994,80.17484283,58279,58289,10
12.86460018,80.17539215,58289,58299,10
12.86532021,80.1756897,58299,58320,21
12.86532021,80.1756897,58320,58330,10
12.86542988,80.17569733,58330,58340,10
12.86567974,80.1757431,58340,58350,10
12.86604977,80.17578125,58350,58360,10
12.86670017,80.17584991,58360,58370,10
12.86750031,80.17594147,58370,58380,10
12.86845016,80.17590332,58380,58390,10
12.86940956,80.17526245,58390,58400,10
12.8702898,80.17456818,58400,58410,10
12.87123013,80.17389679,58410,58421,11
12.87228012,80.17320251,58421,58431,10
12.87324047,80.1725769,58431,58439,8
12.87514019,80.17131805,58439,58451,12
12.87514019,80.17131805,58451,58461,10
12.87604046,80.17079163,58461,58469,8
12.88008976,80.17032623,58469,58540,71
12.88169956,80.17093658,58540,58570,30
12.88169956,80.17093658,58570,58600,30
12.88263988,80.17060089,58600,58620,20
12.88362026,80.17189026,58620,58630,10
12.88481045,80.17183685,58630,58640,10
12.88574982,80.17234802,58640,58651,11
12.88683033,80.17298126,58651,58701,50
12.89017963,80.17447662,58701,58711,10
12.89058971,80.17489624,58711,58721,10
12.89087009,80.1754303,58721,58731,10
12.89116001,80.17594147,58731,58741,10
12.89150047,80.17656708,58741,58751,10
12.89155006,80.17665863,58751,58761,10
12.89159966,80.1767807,58761,58772,11
12.89185047,80.17723083,58772,58782,10
12.89223003,80.17791748,58782,58792,10
12.89270973,80.1787796,58792,58802,10
12.89321995,80.17974854,58802,58812,10
12.89398956,80.18026733,58812,58822,10
12.89486027,80.18070984,58822,58832,10
12.89589024,80.18122864,58832,58842,10
12.8969202,80.18173981,58842,58852,10
12.89764977,80.18209839,58852,58872,20
12.89764977,80.18209839,58872,58882,10
12.89780998,80.18219757,58882,58892,10
12.89830017,80.18244934,58892,58903,11
12.89906979,80.18283844,58903,58913,10
12.89990044,80.18328857,58913,58923,10
12.90077019,80.18370056,58923,58933,10
12.9017601,80.184021,58933,58943,10
12.90260983,80.18425751,58943,58953,10
12.90349007,80.18448639,58953,58963,10
12.90410042,80.18480682,58963,58973,10
12.90412998,80.18522644,58973,58983,10
12.90408993,80.18566132,58983,58993,10
12.90404987,80.18634033,58993,59004,11
12.90402985,80.18720245,59004,59014,10
12.90468025,80.18781281,59014,59024,10
12.90557003,80.18834686,59024,59034,10
12.90664005,80.18901825,59034,59054,20
12.90664005,80.18901825,59054,59084,30
12.90688038,80.18921661,59084,59094,10
12.90730953,80.18955994,59094,59104,10
12.90789032,80.19000244,59104,59115,11
12.90857983,80.19051361,59115,59125,10
12.9092598,80.19101715,59125,59135,10
12.90999985,80.19156647,59135,59145,10
12.91088009,80.1917038,59145,59155,10
12.91166973,80.19180298,59155,59165,10
12.91236973,80.19185638,59165,59175,10
12.91240978,80.19187164,59175,59185,10
12.91261005,80.19190216,59185,59195,10
12.91310978,80.1919632,59195,59205,10
12.91382027,80.19203949,59205,59215,10
12.9146204,80.19213104,59215,59225,10
12.91555023,80.19219971,59225,59236,11
12.91658974,80.19228363,59236,59246,10
12.91720009,80.19216156,59246,59256,10
12.91724014,80.1918869,59256,59266,10
12.91722012,80.19171906,59266,59276,10
12.91720963,80.1920166,59276,59286,10
12.9172802,80.19158936,59286,59296,10
12.91736031,80.19094849,59296,59306,10
12.91732025,80.19052887,59306,59316,10
12.91749001,80.19052887,59316,59326,10
12.91742039,80.19098663,59326,59336,10
12.91732025,80.19172668,59336,59347,11
12.91718006,80.19268036,59347,59357,10
12.91714001,80.19322205,59357,59367,10
12.91701984,80.19335938,59367,59407,40
12.91709995,80.19371033,59407,59417,10
12.9172802,80.19434357,59417,59427,10
12.9178896,80.19499969,59427,59437,10
12.91860962,80.19567108,59437,59447,10
12.91938019,80.19628906,59447,59458,11
12.92026043,80.19667816,59458,59468,10
12.92088032,80.1968689,59468,59478,10
12.92136955,80.197052,59478,59488,10
12.92212009,80.19728851,59488,59498,10
12.92306042,80.19741821,59498,59508,10
12.92350006,80.19747925,59508,59518,10
12.92411041,80.19750977,59518,59528,10
12.92492962,80.19747925,59528,59538,10
12.9253397,80.19747162,59538,59548,10
12.9257803,80.19745636,59548,59558,10
12.92640972,80.19754028,59558,59568,10
12.92646027,80.19754791,59568,59579,11
12.92656994,80.1975708,59579,59589,10
12.9270401,80.19782257,59589,59599,10
12.92763996,80.19830322,59599,59609,10
12.92809963,80.19911194,59609,59619,10
12.92844963,80.20015717,59619,59629,10
12.9285202,80.20123291,59629,59639,10
12.92856026,80.20207214,59639,59649,10
12.92866039,80.20258331,59649,59659,10
12.92938995,80.20272064,59659,59679,20
12.92938995,80.20272064,59679,59690,11
12.92951965,80.20276642,59690,59700,10
12.93000984,80.20282745,59700,59710,10
12.93074989,80.20294952,59710,59720,10
12.93163013,80.20321655,59720,59730,10
12.93257999,80.20355225,59730,59740,10
12.93332958,80.2038269,59740,59750,10
12.93395042,80.20388794,59750,59770,20
12.93395042,80.20388794,59770,59780,10
12.93428993,80.20391846,59780,59790,10
12.93492031,80.20401764,59790,59801,11
12.93575954,80.20436859,59801,59811,10
12.93671989,80.20467377,59811,59821,10
12.93768024,80.2049408,59821,59831,10
12.93848991,80.20523071,59831,59841,10
12.93931961,80.20536804,59841,59851,10
12.93995953,80.20555878,59851,59861,10
12.93997955,80.20556641,59861,59871,10
12.94021034,80.20565796,59871,59881,10
12.94071007,80.20583344,59881,59891,10
12.94128036,80.20609283,59891,59901,10
12.94198036,80.20655823,59901,59911,10
12.94268036,80.20715332,59911,59922,11
12.94318008,80.20781708,59922,59932,10
12.94419956,80.20829773,59932,59952,20
12.94419956,80.20829773,59952,59962,10
12.94429016,80.20835876,59962,59972,10
12.94470978,80.20851898,59972,59982,10
12.94538975,80.20874786,59982,59992,10
12.94620991,80.20899963,59992,60002,10
12.9468298,80.20924377,60002,60012,10
12.94746971,80.2094574,60012,60022,10
12.94824982,80.20966339,60022,60033,11
12.94871998,80.20980835,60033,60043,10
12.94892025,80.20989227,60043,60053,10
12.94911957,80.21005249,60053,60063,10
12.94970989,80.21031952,60063,60073,10
12.95049,80.21069336,60073,60083,10
12.95139027,80.21111298,60083,60093,10
12.95242023,80.21150208,60093,60103,10
12.95300961,80.21173096,60103,60113,10
12.95330048,80.21186829,60113,60123,10
12.95343971,80.21195221,60123,60133,10
12.95386028,80.21211243,60133,60144,11
12.9541502,80.21218872,60144,60154,10
12.95454025,80.21233368,60154,60164,10
12.95518017,80.21257782,60164,60174,10
12.95590019,80.21289063,60174,60184,10
12.9566803,80.21320343,60184,60194,10
12.95763016,80.21360016,60194,60204,10
12.95868015,80.21404266,60204,60214,10
12.95952988,80.21437836,60214,60224,10
12.96051025,80.21479034,60224,60234,10
12.96158981,80.21520233,60234,60244,10
12.9626503,80.21562195,60244,60254,10
12.9635601,80.21595001,60254,60265,11
12.96420956,80.21618652,60265,60275,10
12.96432018,80.21618652,60275,60285,10
12.9647398,80.21643829,60285,60295,10
12.96543026,80.21669769,60295,60305,10
12.9660902,80.21695709,60305,60315,10
12.96675014,80.21723938,60315,60325,10
12.96743965,80.21753693,60325,60335,10
12.96805954,80.2179184,60335,60345,10
12.96891975,80.21813202,60345,60355,10
12.96998024,80.21852112,60355,60365,10
12.97091007,80.21891022,60365,60376,11
12.97138023,80.21907043,60376,60386,10
12.97132969,80.21907806,60386,60396,10
12.97167015,80.21911621,60396,60406,10
12.97220993,80.21941376,60406,60416,10
12.97297001,80.2197113,60416,60426,10
12.97377014,80.22000122,60426,60436,10
12.97439003,80.22020721,60436,60446,10
12.97476006,80.22029114,60446,60466,20
12.97459984,80.2203064,60466,60507,41
12.97459984,80.2203064,60507,60517,10
12.97480011,80.22032928,60517,60527,10
12.97492027,80.22041321,60527,60537,10
12.97517014,80.22049713,60537,60547,10
12.97560978,80.2206192,60547,60578,31
12.97591019,80.22103882,60578,60587,9
12.9759798,80.22106934,60587,60618,31
12.97591019,80.22135925,60618,60628,10
12.97632027,80.22129822,60628,60638,10
12.97706985,80.22133636,60638,60648,10
12.97780991,80.2212677,60648,60658,10
12.97861958,80.22128296,60658,60668,10
12.9795599,80.22122192,60668,60678,10
12.98031044,80.22161865,60678,60688,10
12.98108959,80.22206116,60688,60779,91
12.98361969,80.22247314,60779,60789,10
12.98390007,80.22279358,60789,60809,20
12.98497963,80.2232132,60809,60819,10
12.98536968,80.22332764,60819,60829,10
12.98628044,80.22290802,60829,60850,21
12.98628044,80.22290802,60850,60860,10
12.98672962,80.2228775,60860,60870,10
12.98725986,80.22305298,60870,60880,10
12.98785019,80.2230072,60880,60890,10
12.98838043,80.22257233,60890,60900,10
12.9888401,80.22213745,60900,60910,10
12.98927021,80.22164917,60910,60920,10
12.98974037,80.22104645,60920,60930,10
12.99026012,80.22042847,60930,60941,11
12.99061012,80.21999359,60941,60951,10
12.99061966,80.22026062,60951,60961,10
12.99100018,80.21996307,60961,60971,10
12.99125957,80.2197113,60971,60981,10
12.99147987,80.21959686,60981,60991,10
12.99188042,80.21936035,60991,61001,10
12.99246025,80.21893311,61001,61011,10
12.99306965,80.21846008,61011,61021,10
12.99343967,80.21822357,61021,61031,10
12.99392986,80.21788025,61031,61041,10
12.99427032,80.21766663,61041,61052,11
12.99462986,80.2175293,61052,61092,40
12.99547958,80.2167511,61092,61102,10
12.99555969,80.21671295,61102,61112,10
12.9956398,80.21655273,61112,61142,30
12.99625969,80.21646881,61142,61152,10
12.99650002,80.21645355,61152,61162,10
12.99660015,80.21633148,61162,61193,31
12.99722958,80.21659851,61193,61203,10
12.99726963,80.21652985,61203,61213,10
12.99761009,80.21652222,61213,61223,10
12.99763012,80.21652222,61223,61233,10
12.99777031,80.21652222,61233,61243,10
12.99822044,80.21658325,61243,61253,10
12.9988203,80.2168808,61253,61263,10
12.9995203,80.21729279,61263,61273,10
13.0002203,80.21768188,61273,61282,9
13.00088978,80.2181015,61282,61294,12
13.00179005,80.21882629,61294,61304,10
13.00247955,80.21949005,61304,61314,10
13.00317955,80.21988678,61314,61324,10
13.00395012,80.22006989,61324,61334,10
13.0046196,80.22019196,61334,61344,10
13.00477982,80.2202301,61344,61354,10
13.00524044,80.22036743,61354,61364,10
13.00603008,80.22055054,61364,61374,10
13.00691032,80.22081757,61374,61384,10
13.00790977,80.22132111,61384,61394,10
13.00895977,80.22184753,61394,61404,10
13.01000023,80.22241974,61404,61415,11
13.01097012,80.22290802,61415,61425,10
13.01119041,80.22297668,61425,61435,10
13.01148987,80.22302246,61435,61445,10
13.01169968,80.22260284,61445,61455,10
13.01198006,80.22174072,61455,61465,10
13.01231956,80.22149658,61465,61475,10
13.01247978,80.22181702,61475,61485,10
13.01313019,80.22248077,61485,61495,10
13.01375961,80.2231369,61495,61505,10
13.01420975,80.22373199,61505,61514,9
13.0144701,80.22418213,61514,61526,12
13.01517963,80.22480011,61526,61536,10
13.01554966,80.22499847,61536,61546,10
13.01558018,80.22499084,61546,61556,10
13.01570988,80.22499847,61556,61566,10
13.01601028,80.22528076,61566,61576,10
13.01688004,80.22516632,61576,61586,10
13.01784039,80.22479248,61586,61596,10
13.01881027,80.22440338,61596,61606,10
13.01968956,80.22444916,61606,61616,10
13.01976967,80.22451019,61616,61627,11
13.01970005,80.22434998,61627,61637,10
13.01970005,80.22451782,61637,61647,10
13.01988983,80.22470856,61647,61657,10
13.02036953,80.22503662,61657,61667,10
13.0210104,80.22554779,61667,61677,10
13.0218401,80.22618103,61677,61697,20
13.0218401,80.22618103,61697,61707,10
13.02217007,80.22633362,61707,61717,10
13.02272987,80.22679901,61717,61727,10
13.02328014,80.22727203,61727,61737,10
13.02371979,80.22767639,61737,61747,10
13.02408028,80.22808838,61747,61758,11
13.02437019,80.22843933,61758,61768,10
13.0247097,80.22894287,61768,61778,10
13.02511978,80.22946167,61778,61788,10
13.0255003,80.22995758,61788,61798,10
13.02563953,80.23018646,61798,61808,10
13.02565002,80.23021698,61808,61848,40
13.02591991,80.23078156,61848,61857,9
13.02602005,80.23107147,61857,61869,12
13.02630043,80.23132324,61869,61879,10
13.02703953,80.23113251,61879,61889,10
13.02785969,80.23097229,61889,61899,10
13.02851963,80.23090363,61899,61909,10
13.02853966,80.23091125,61909,61919,10
13.02880955,80.23085022,61919,61949,30
13.02880955,80.23085022,61949,61959,10
13.02917957,80.23075104,61959,61969,10
13.02980042,80.23075867,61969,61990,21
13.02980042,80.23075867,61990,62010,20
13.03057003,80.2307663,62010,62030,20
13.03057003,80.2307663,62030,62040,10
13.03147984,80.23062897,62040,62050,10
13.03201962,80.23052979,62050,62060,10
13.03258038,80.23040009,62060,62070,10
13.03289032,80.23026276,62070,62080,10
13.03275967,80.23049927,62080,62090,10
13.03291988,80.23049164,62090,62100,10
13.03314972,80.23049164,62100,62111,11
13.03335953,80.23043823,62111,62121,10
13.03363037,80.23043823,62121,62131,10
13.03382015,80.23045349,62131,62141,10
13.03411007,80.2304306,62141,62151,10
13.03441048,80.2303772,62151,62161,10
13.03489017,80.2301712,62161,62181,20
13.03489017,80.2301712,62181,62192,11
13.03501034,80.23001099,62192,62201,9
13.03477001,80.22992706,62201,62222,21
13.03477001,80.22992706,62222,62262,40
13.03448963,80.22994232,62262,62272,10
13.03450966,80.22998047,62272,62323,51
13.03450966,80.22989655,62323,62565,242
13.03431034,80.23007965,62565,62938,373
13.03425026,80.22981262,62938,63331,393
13.03425026,80.22981262,63331,63341,10
13.03431988,80.23005676,63341,63412,71
13.03431988,80.23005676,63412,63543,131
13.03427029,80.2298584,63543,63593,50
13.03427029,80.2298584,63593,63604,11
13.03423023,80.23001862,63604,63614,10
13.03421974,80.23016357,63614,63624,10
13.03419018,80.23033142,63624,63654,30
13.03419018,80.23033142,63654,63664,10
13.03402996,80.23052979,63664,63674,10
13.03369045,80.23049927,63674,63684,10
13.03326035,80.2305069,63684,63694,10
13.03297043,80.23049927,63694,63704,10
13.0327301,80.23052979,63704,63715,11
13.03250027,80.23055267,63715,63725,10
13.03221989,80.23059082,63725,63735,10
13.03186989,80.23062134,63735,63946,211
13.03186989,80.23062134,63946,63957,11
13.03131008,80.23062134,63957,63977,20
13.03131008,80.23062134,63977,63987,10
13.03104973,80.23069,63987,63997,10
13.03079033,80.23071289,63997,64007,10
13.03057003,80.23074341,64007,64017,10
13.03015995,80.23078918,64017,64027,10
13.03001022,80.23078918,64027,64037,10
13.02980042,80.2308197,64037,64047,10
13.02933979,80.23091888,64047,64057,10
13.02865028,80.23097229,64057,64068,11
13.02791023,80.23104858,64068,64078,10
13.02764034,80.23111725,64078,64088,10
13.02766991,80.23162842,64088,64098,10
13.02777004,80.23226929,64098,64108,10
13.02783966,80.23282623,64108,64118,10
13.02742004,80.23291779,64118,64128,10
13.02703953,80.23304749,64128,64138,10
13.02692986,80.23291016,64138,64148,10
13.02663994,80.23282623,64148,64159,11
13.02670956,80.23297882,64159,64168,9
13.02637959,80.23281097,64168,64179,11
13.02616978,80.23213959,64179,64189,10
13.02595997,80.23130798,64189,64199,10
13.02565002,80.23040771,64199,64209,10
13.02519035,80.22975159,64209,64219,10
13.02480984,80.2293396,64219,64229,10
13.02449989,80.22891998,64229,64239,10
13.02414036,80.2284317,64239,64249,10
13.02375984,80.22798157,64249,64259,10
13.02340031,80.22760773,64259,64269,10
13.02315044,80.22750092,64269,64280,11
13.02315044,80.22727966,64280,64300,20
13.02295971,80.22737885,64300,64310,10
13.02266979,80.22711945,64310,64320,10
13.02250957,80.22679138,64320,64330,10
13.02210045,80.22646332,64330,64340,10
13.02153969,80.22598267,64340,64350,10
13.02095985,80.22550201,64350,64360,10
13.02033043,80.22511292,64360,64370,10
13.02001953,80.22489929,64370,64380,10
13.01982975,80.22476196,64380,64390,10
13.01931953,80.22451782,64390,64400,10
13.01850986,80.224617,64400,64411,11
13.01747036,80.22503662,64411,64421,10
13.01653004,80.22543335,64421,64431,10
13.01587963,80.22566223,64431,64441,10
13.01541042,80.2258606,64441,64451,10
13.01502037,80.22602081,64451,64461,10
13.01439953,80.22624969,64461,64481,20
13.01439953,80.22624969,64481,64491,10
13.01403999,80.22640228,64491,64501,10
13.01344013,80.22660828,64501,64511,10
13.01270008,80.22686768,64511,64522,11
13.01173973,80.22724152,64522,64532,10
13.01076984,80.22763062,64532,64542,10
13.00981998,80.22796631,64542,64552,10
13.0095396,80.22750092,64552,64562,10
13.00981998,80.22688293,64562,64572,10
13.01016998,80.22615814,64572,64582,10
13.01051044,80.22528076,64582,64592,10
13.01080036,80.22463226,64592,64602,10
13.0110302,80.22398376,64602,64612,10
13.01126957,80.22351074,64612,64622,10
13.01128006,80.22324371,64622,64632,10
13.01091957,80.22303009,64632,64643,11
13.01043034,80.22279358,64643,64653,10
13.01037979,80.2227478,64653,64663,10
13.01002026,80.22254944,64663,64673,10
13.00949955,80.22225952,64673,64683,10
13.00883007,80.22187042,64683,64693,10
13.00807953,80.2215271,64693,64703,10
13.00722027,80.22102356,64703,64713,10
13.00629997,80.22062683,64713,64723,10
13.00518036,80.22039032,64723,64733,10
13.00450039,80.22026062,64733,64743,10
13.00432014,80.22022247,64743,64754,11
13.00372028,80.22006226,64754,64764,10
13.00296974,80.21984863,64764,64774,10
13.00224972,80.2193222,64774,64784,10
13.00164032,80.21868134,64784,64794,10
13.0010004,80.2181778,64794,64804,10
13.00028038,80.21775818,64804,64813,9
12.99930954,80.21714783,64813,64834,21
12.99930954,80.21714783,64834,64844,10
12.99897003,80.21694946,64844,64853,9
12.99847031,80.21674347,64853,64864,11
12.99777985,80.21658325,64864,64885,21
12.99775028,80.21650696,64885,64905,20
12.99775028,80.21650696,64905,64915,10
12.99750996,80.21655273,64915,64925,10
12.99730968,80.21655273,64925,64935,10
12.99699974,80.21659088,64935,64955,20
12.99699974,80.21659088,64955,64965,10
12.99670982,80.21656799,64965,64974,9
12.99637985,80.21665192,64974,64986,12
12.9958601,80.21679688,64986,65006,20
12.9958601,80.21679688,65006,65016,10
12.99553967,80.21684265,65016,65026,10
12.99534988,80.21691895,65026,65036,10
12.99516964,80.21701813,65036,65046,10
12.99499035,80.21710968,65046,65056,10
12.99479008,80.21723938,65056,65066,10
12.99437046,80.21755219,65066,65076,10
12.99378014,80.21797943,65076,65086,10
12.99312019,80.21845245,65086,65097,11
12.99252987,80.2188797,65097,65107,10
12.99193954,80.21932983,65107,65117,10
12.99178982,80.21943665,65117,65127,10
12.9917202,80.21948242,65127,65137,10
12.99145031,80.2196579,65137,65147,10
12.99085045,80.22013855,65147,65167,20
12.99085045,80.22013855,65167,65177,10
12.99055958,80.22039795,65177,65187,10
12.99003983,80.22081757,65187,65197,10
12.98958015,80.22133636,65197,65207,10
12.98931026,80.22158813,65207,65218,11
12.9888401,80.22202301,65218,65228,10
12.98847961,80.2224884,65228,65238,10
12.98808002,80.22293854,65238,65248,10
12.98773956,80.22316742,65248,65258,10
12.98766041,80.22312927,65258,65268,10
12.98768044,80.22299194,65268,65278,10
12.98740959,80.22315979,65278,65288,10
12.98694992,80.22306824,65288,65299,11
12.9867897,80.2230072,65299,65308,9
12.98630047,80.22293854,65308,65318,10
12.9856596,80.22299957,65318,65329,11
12.98542023,80.22328949,65329,65339,10
12.9851799,80.22338867,65339,65349,10
12.98455048,80.22293854,65349,65359,10
12.98427963,80.22279358,65359,65369,10
12.98408031,80.22267914,65369,65379,10
12.98410034,80.22265625,65379,65389,10
12.98390961,80.22261047,65389,65399,10
12.98336983,80.22229004,65399,65450,51
12.98336983,80.22229004,65450,65460,10
12.98314953,80.2220993,65460,65470,10
12.98289967,80.22193909,65470,65480,10
12.98266029,80.2218399,65480,65490,10
12.98262024,80.2218399,65490,65530,40
12.98104,80.22133636,65530,65540,10
12.98029995,80.22112274,65540,65550,10
12.9793396,80.22119141,65550,65561,11
12.97830963,80.22122192,65561,65571,10
12.97745037,80.2212677,65571,65581,10
12.97681046,80.22129059,65581,65591,10
12.97618008,80.22122192,65591,65601,10
12.97585964,80.22122192,65601,65611,10
12.97531986,80.22104645,65611,65702,91
12.97531986,80.22104645,65702,65712,10
12.97504044,80.22049713,65712,65722,10
12.97467995,80.22041321,65722,65732,10
12.97410011,80.22013855,65732,65742,10
12.9738903,80.22020721,65742,65752,10
12.97360992,80.2201767,65752,65823,71
12.9707098,80.21851349,65823,65833,10
12.9700098,80.21849823,65833,65843,10
12.96936989,80.21835327,65843,65853,10
12.96872044,80.21813202,65853,65863,10
12.96805,80.21793365,65863,65873,10
12.96735954,80.21768951,65873,65883,10
12.96654034,80.21739197,65883,65893,10
12.96558952,80.21697235,65893,65904,11
12.96446991,80.21668243,65904,65914,10
12.96370029,80.21643829,65914,65924,10
12.96337986,80.21620178,65924,65934,10
12.96286964,80.21595001,65934,65944,10
12.96278954,80.21594238,65944,65954,10
12.96275997,80.21601105,65954,65964,10
12.96242046,80.21573639,65964,65974,10
12.96183014,80.21547699,65974,65984,10
12.96109009,80.21517181,65984,65994,10
12.96022987,80.21485138,65994,66004,10
12.95925999,80.21434784,66004,66015,11
12.95810986,80.21382904,66015,66025,10
12.95707989,80.21344757,66025,66035,10
12.95602036,80.21302032,66035,66045,10
12.95495987,80.2126236,66045,66055,10
12.95409012,80.21227264,66055,66065,10
12.95396042,80.21224213,66065,66075,10
12.95372963,80.21209717,66075,66085,10
12.95320988,80.21186066,66085,66095,10
12.95248032,80.21160889,66095,66105,10
12.95158005,80.21130371,66105,66115,10
12.95067024,80.21102142,66115,66126,11
12.94974995,80.21066284,66126,66136,10
12.94861984,80.21025085,66136,66226,90
12.94861984,80.21025085,66226,66236,10
12.94836044,80.21012878,66236,66247,11
12.94771004,80.20986938,66247,66257,10
12.94729042,80.20968628,66257,66267,10
12.9471302,80.20960999,66267,66277,10
12.94694042,80.20953369,66277,66287,10
12.94674015,80.20944977,66287,66297,10
12.9465704,80.20935059,66297,66307,10
12.94639969,80.20928955,66307,66317,10
12.9461298,80.209198,66317,66327,10
12.94559956,80.20894623,66327,66337,10
12.94491005,80.20864105,66337,66347,10
12.94423962,80.20838165,66347,66358,11
12.94419956,80.20835876,66358,66368,10
12.94396973,80.20825195,66368,66378,10
12.94351006,80.20806885,66378,66388,10
12.94295979,80.20770264,66388,66398,10
12.94270039,80.20735931,66398,66408,10
12.9423399,80.20693207,66408,66418,10
12.9417696,80.20644379,66418,66428,10
12.9411602,80.20606995,66428,66438,10
12.94106007,80.2060318,66438,66448,10
12.94095993,80.20596313,66448,66458,10
12.94054031,80.20581818,66458,66467,9
12.93999004,80.20565796,66467,66479,12
12.93857956,80.20522308,66479,66489,10
12.93857956,80.20522308,66489,66499,10
12.93799019,80.20506287,66499,66507,8
12.9376297,80.20496368,66507,66527,20
12.93651962,80.20464325,66527,66537,10
12.93614006,80.20451355,66537,66557,20
12.93614006,80.20451355,66557,66567,10
12.93603992,80.20446777,66567,66576,9
12.93581009,80.20440674,66576,66588,12
12.93535995,80.20423889,66588,66598,10
12.93480015,80.2040329,66598,66608,10
12.93373013,80.20394135,66608,66628,20
12.93373013,80.20394135,66628,66638,10
12.9337101,80.20394135,66638,66648,10
12.9332304,80.20388031,66648,66658,10
12.93274021,80.2036438,66658,66668,10
12.93208981,80.20339966,66668,66678,10
12.93134975,80.20314789,66678,66688,10
12.93089962,80.20298767,66688,66698,10
12.93050003,80.20285797,66698,66709,11
12.92977047,80.20275879,66709,66719,10
12.92924023,80.20266724,66719,66729,10
12.92916965,80.20269012,66729,66739,10
12.92920971,80.20275879,66739,66749,10
12.92879963,80.20265198,66749,66759,10
12.92844009,80.20226288,66759,66769,10
12.92844009,80.20159912,66769,66779,10
12.9284296,80.20081329,66779,66789,10
12.92835999,80.19989014,66789,66799,10
12.92803001,80.19895935,66799,66809,10
12.92757988,80.1982193,66809,66820,11
12.92693996,80.19776154,66820,66830,10
12.92632961,80.1975708,66830,66840,10
12.92628956,80.19756317,66840,66850,10
12.92591953,80.19748688,66850,66860,10
12.92547989,80.19750214,66860,66870,10
12.92533016,80.19747925,66870,66880,10
12.92518997,80.19748688,66880,66890,10
12.92473984,80.19747925,66890,66900,10
12.92403984,80.19748688,66900,66910,10
12.92333031,80.19744873,66910,66919,9
12.92278004,80.19735718,66919,66931,12
12.92199039,80.19724274,66931,66951,20
12.92199039,80.19724274,66951,66961,10
12.92173004,80.19716644,66961,66971,10
12.92131042,80.19683075,66971,66991,20
12.92082977,80.19631958,66991,67001,10
12.91963959,80.19650269,67001,67011,10
12.91924,80.19618225,67011,67021,10
12.91895962,80.19589233,67021,67030,9
12.91868019,80.19561768,67030,67042,12
12.91825008,80.19526672,67042,67112,70
12.91740036,80.19416046,67112,67122,10
12.91724014,80.19407654,67122,67223,101
12.91658974,80.19229889,67223,67253,30
12.91658974,80.19229889,67253,67262,9
12.91644001,80.19229126,67262,67274,12
12.91594028,80.19235229,67274,67284,10
12.91524982,80.19219971,67284,67294,10
12.91460037,80.19213867,67294,67304,10
12.91378021,80.19216156,67304,67314,10
12.9131403,80.19197083,67314,67324,10
12.91246033,80.19187164,67324,67334,10
12.91178036,80.19180298,67334,67344,10
12.91112041,80.19171906,67344,67354,10
12.91040039,80.19161987,67354,67364,10
12.90981007,80.19152069,67364,67374,10
12.90979958,80.19143677,67374,67395,21
12.90979958,80.19143677,67395,67405,10
12.90966988,80.19148254,67405,67425,20
12.90966988,80.19148254,67425,67435,10
12.90966034,80.19155884,67435,67445,10
12.90976048,80.19140625,67445,67465,20
12.90976048,80.19140625,67465,67475,10
12.90952015,80.19142151,67475,67485,10
12.90931988,80.19145966,67485,67546,61
12.90905952,80.19081879,67546,67556,10
12.90888023,80.19036865,67556,67576,20
12.90674019,80.1891098,67576,67586,10
12.90616035,80.18814087,67586,67596,10
12.90647984,80.18856812,67596,67606,10
12.90602016,80.18865967,67606,67617,11
12.90559959,80.18836212,67617,67627,10
12.90491962,80.18792725,67627,67637,10
12.90406036,80.18744659,67637,67647,10
12.90392017,80.18663025,67647,67657,10
12.90398026,80.18560791,67657,67667,10
12.90396976,80.18466949,67667,67677,10
12.90334034,80.18443298,67677,67687,10
12.90250969,80.18422699,67687,67697,10
12.90159988,80.18399811,67697,67707,10
12.90062046,80.18364716,67707,67717,10
12.89962006,80.18312836,67717,67727,10
12.89861012,80.18260193,67727,67738,11
12.89770985,80.18213654,67738,67748,10
12.89737988,80.18197632,67748,67758,10
12.89725018,80.18193054,67758,67808,50
12.89686966,80.18202972,67808,67817,9
12.89663982,80.18164063,67817,67828,11
12.89597034,80.1812973,67828,67838,10
12.89529037,80.18093872,67838,67849,11
12.89445972,80.18049622,67849,67859,10
12.89367962,80.18009949,67859,67869,10
12.89328003,80.17993164,67869,67889,20
12.89328003,80.17993164,67889,67899,10
12.89315033,80.17977142,67899,67909,10
12.89291,80.17926788,67909,67919,10
12.89256001,80.1785965,67919,67929,10
12.89214993,80.17783356,67929,67939,10
12.89173031,80.17706299,67939,67949,10
12.89144039,80.17648315,67949,67970,21
12.89144039,80.17648315,67970,67980,10
12.8913002,80.17620087,67980,67990,10
12.89097977,80.17563629,67990,68000,10
12.89060974,80.17491913,68000,68010,10
12.8901701,80.17443085,68010,68020,10
12.88990021,80.17433929,68020,68030,10
12.88961029,80.17420959,68030,68040,10
12.88932991,80.17405701,68040,68050,10
12.88879967,80.17378998,68050,68060,10
12.8881197,80.17346191,68060,68071,11
12.88729954,80.17301178,68071,68081,10
12.88636017,80.17254639,68081,68091,10
12.8854599,80.17208099,68091,68101,10
12.88500977,80.17185211,68101,68111,10
12.88434029,80.17150116,68111,68121,10
12.88354969,80.1710968,68121,68131,10
12.88272953,80.17066956,68131,68141,10
12.88218021,80.17082214,68141,68151,10
12.88206959,80.17095947,68151,68161,10
12.8818903,80.17095947,68161,68171,10
12.8814497,80.17079926,68171,68181,10
12.88088989,80.17062378,68181,68192,11
12.87992954,80.17019653,68192,68212,20
12.87992954,80.17019653,68212,68222,10
12.87959957,80.17002869,68222,68230,8
12.87899017,80.16992188,68230,68260,30
12.87611961,80.17069244,68260,68270,10
12.87576962,80.17095947,68270,68280,10
12.87576962,80.17095947,68280,68290,10
12.87510967,80.17127991,68290,68299,9
12.87450027,80.17167664,68299,68318,19
12.87283039,80.1727829,68318,68328,10
12.87185955,80.17342377,68328,68338,10
12.87090015,80.17405701,68338,68348,10
12.86995029,80.17469788,68348,68358,10
12.86902046,80.17532349,68358,68368,10
12.86832047,80.17579651,68368,68378,10
12.8676796,80.17590332,68378,68388,10
12.86695004,80.1758194,68388,68398,10
12.86612034,80.1757431,68398,68408,10
12.86513996,80.17563629,68408,68429,21
12.86513996,80.17563629,68429,68439,10
12.86483955,80.17549896,68439,68449,10
12.86427021,80.17519379,68449,68459,10
12.86357021,80.17475891,68459,68469,10
12.86273003,80.17424011,68469,68479,10
12.86174011,80.17376709,68479,68489,10
12.86069965,80.17331696,68489,68499,10
12.85980988,80.17292786,68499,68509,10
12.85956001,80.17282104,68509,68519,10
12.85939026,80.17273712,68519,68529,10
12.85886955,80.17253876,68529,68540,11
12.85803032,80.1723938,68540,68550,10
12.85752964,80.17227936,68550,68560,10
12.85723019,80.17223358,68560,68570,10
12.85636997,80.17208099,68570,68610,40
12.85636997,80.17208099,68610,68620,10
12.85612965,80.17204285,68620,68631,11
12.85566044,80.17186737,68631,68640,9
12.85501003,80.17169952,68640,68651,11
12.85404015,80.17140961,68651,68661,10
12.85293961,80.1712265,68661,68671,10
12.85188007,80.17105103,68671,68681,10
12.85087967,80.1709137,68681,68691,10
12.84996033,80.17072296,68691,68711,20
12.84988022,80.17073822,68711,68721,10
12.84895039,80.17050934,68721,68731,10
12.84786987,80.17040253,68731,68741,10
12.84673977,80.17017365,68741,68750,9
12.8457098,80.17012787,68750,68761,11
12.84445,80.17008209,68761,68772,11
12.84321976,80.16989899,68772,68782,10
12.8420496,80.16986847,68782,68792,10
12.84099007,80.1699295,68792,68802,10
12.84002018,80.16983795,68802,68812,10
12.83899975,80.16985321,68812,68842,30
12.83810043,80.16940308,68842,68852,10
12.83769035,80.16924286,68852,68862,10
12.83716011,80.16902161,68862,68872,10
12.83699036,80.16879272,68872,68883,11
12.83668041,80.16873169,68883,68893,10
12.83623028,80.16857147,68893,68903,10
12.83596992,80.16842651,68903,68913,10
12.83557987,80.16796875,68913,68923,10
12.8353796,80.16761017,68923,68933,10
12.8346796,80.16732788,68933,68943,10
12.83388042,80.16696167,68943,68953,10
12.83341026,80.16674042,68953,68963,10
12.83343029,80.16671753,68963,68973,10
12.83320045,80.16651154,68973,68983,10
12.83265972,80.16628265,68983,68994,11
12.83185959,80.16583252,68994,69004,10
12.83110046,80.16555786,69004,69014,10
12.8275404,80.1651001,69014,69105,91
12.82756042,80.1651001,69105,69145,40
12.82756042,80.1651001,69145,69155,10
12.82746029,80.16506195,69155,69165,10
12.82723999,80.16497803,69165,69175,10
12.82707024,80.16483307,69175,69185,10
12.82664967,80.16455078,69185,69195,10
12.82608986,80.16414642,69195,69205,10
12.82520008,80.16372681,69205,69215,10
12.82427025,80.16322327,69215,69226,11
12.82328987,80.16261292,69226,69236,10
12.82229996,80.16217804,69236,69246,10
12.82124996,80.16177368,69246,69256,10
12.82019997,80.16133118,69256,69266,10
12.81916046,80.16087341,69266,69276,10
12.81838989,80.16052246,69276,69286,10
12.81801033,80.1603775,69286,69306,20
12.81801033,80.1603775,69306,69316,10
12.81783962,80.16031647,69316,69326,10
12.81742954,80.16020966,69326,69337,11
12.81702042,80.16008759,69337,69347,10
12.81702042,80.16008759,69347,69414,67
12.81225967,80.1594162,69414,69425,11
12.81175995,80.15956116,69425,69535,110
12.80978966,80.1601181,69535,69545,10
12.80986023,80.15975952,69545,69556,11
12.80972958,80.15949249,69556,69606,50
12.81025028,80.15953827,69606,69656,50
12.81025028,80.15953827,69656,69665,9
12.81033993,80.15962982,69665,69677,12
12.81077957,80.15975189,69677,69687,10
12.81114006,80.15998077,69687,69767,80
12.81194973,80.15924835,69767,69778,11
12.81274033,80.1590271,69778,69818,40
12.81653976,80.16001129,69818,69828,10
12.81696987,80.16010284,69828,69838,10
12.81739044,80.1601181,69838,69848,10
12.81723976,80.16027832,69848,69858,10
12.81791019,80.16046906,69858,69868,10
12.81847,80.16062164,69868,69909,41
12.82110023,80.16168976,69909,69919,10
12.82209969,80.16210938,69919,69929,10
12.8231802,80.16255951,69929,69939,10
12.82415962,80.16311646,69939,69949,10
12.82495975,80.16359711,69949,69959,10
12.82569027,80.16397858,69959,69969,10
12.82637978,80.16436005,69969,69979,10
12.82691002,80.16474152,69979,69989,10
12.82715988,80.16487885,69989,70000,11
12.82736969,80.1650238,70000,70010,10
12.82756996,80.16513062,70010,70350,340
12.84020996,80.1696701,70350,70361,11
12.84160042,80.16989899,70361,70371,10
12.8427496,80.16986084,70371,70381,10
12.8438797,80.17001343,70381,70391,10
12.84502029,80.1700592,70391,70401,10
12.84619999,80.1701889,70401,70411,10
12.8474102,80.17030334,70411,70421,10
12.8480196,80.1703186,70421,70431,10
12.84869003,80.17053986,70431,70441,10
12.85011005,80.17066956,70441,70452,11
12.85147953,80.17102051,70452,70471,19
12.85293961,80.17125702,70471,70482,11
12.85416031,80.17146301,70482,70492,10
12.85501957,80.17160034,70492,70863,371
12.88150978,80.17086792,70863,70873,10
12.88199997,80.17093658,70873,70883,10
12.88226032,80.17063904,70883,70893,10
12.88251972,80.17057037,70893,70903,10
12.88261032,80.17060852,70903,70913,10
12.88311005,80.17085266,70913,70923,10
12.8838501,80.17124176,70923,70934,11
12.88484955,80.17176056,70934,70944,10
12.88564968,80.17218781,70944,70954,10
12.88654995,80.17266083,70954,70964,10
12.88755035,80.17317963,70964,70974,10
12.8884201,80.17363739,70974,70984,10
12.88930035,80.17408752,70984,70994,10
12.88955975,80.17423248,70994,71004,10
12.88971996,80.174263,71004,71014,10
12.88992977,80.17436218,71014,71024,10
12.8901701,80.17446136,71024,71034,10
12.89048004,80.17468262,71034,71045,11
12.89081955,80.17501068,71045,71065,20
12.8916502,80.17700958,71065,71075,10
12.89194012,80.17774963,71075,71105,30
12.89256954,80.17868805,71105,71115,10
12.89305019,80.17952728,71115,71136,21
12.89402008,80.18032074,71136,71146,10
12.89406967,80.18026733,71146,71155,9
12.8945303,80.18054199,71155,71166,11
12.89533997,80.18102264,71166,71176,10
12.89624023,80.18154144,71176,71186,10
12.89760017,80.18215942,71186,71206,20
12.89760017,80.18215942,71206,71216,10
12.89772034,80.18225098,71216,71226,10
12.89822006,80.18247986,71226,71236,10
12.89894009,80.18279266,71236,71246,10
12.89972973,80.18314362,71246,71256,10
12.90056038,80.18354797,71256,71266,10
12.90147018,80.18392944,71266,71277,11
12.90252972,80.18412781,71277,71307,30
12.90406036,80.18579865,71307,71317,10
12.90402031,80.1867981,71317,71327,10
12.90425014,80.18747711,71327,71337,10
12.90491962,80.18792725,71337,71347,10
12.90548038,80.18826294,71347,71357,10
12.90577984,80.18849182,71357,71378,21
12.90678024,80.1893692,71378,71418,40
12.90764046,80.18994141,71418,71428,10
12.90824032,80.1902771,71428,71438,10
12.90884972,80.19075775,71438,71448,10
12.90942001,80.19123077,71448,71458,10
12.91009045,80.19174194,71458,71468,10
12.91077995,80.19223785,71468,71519,51
12.91543961,80.19400787,71519,71529,10
12.91362,80.19190979,71529,71539,10
12.91403008,80.19193268,71539,71549,10
12.91429043,80.19197845,71549,71559,10
12.91475964,80.1920166,71559,71569,10
12.91508007,80.19200897,71569,71579,10
12.9155798,80.19219971,71579,71599,20
12.91619968,80.19264221,71599,71680,81
12.91726971,80.19116974,71680,71690,10
12.91732979,80.19058228,71690,71932,242
12.9187603,80.19574738,71932,71942,10
12.91956043,80.19632721,71942,71952,10
12.92006016,80.19647217,71952,71963,11
12.92074966,80.1966629,71963,71973,10
12.92138958,80.19680023,71973,71983,10
12.92150974,80.19734192,71983,71993,10
12.92253971,80.19737244,71993,72003,10
12.92319012,80.19732666,72003,72013,10
12.92366028,80.1973877,72013,72023,10
12.92389965,80.1973877,72023,72033,10
12.92444038,80.19731903,72033,72043,10
12.92514992,80.19731903,72043,72053,10
12.92537022,80.19738007,72053,72064,11
12.92580032,80.1973114,72064,72618,554
12.94876957,80.20970154,72618,72628,10
12.94919968,80.20983887,72628,72638,10
12.94958019,80.21005249,72638,72649,11
12.95014954,80.21038818,72649,72659,10
12.95086956,80.2106781,72659,72669,10
12.95178032,80.21115875,72669,72679,10
12.95273018,80.21166229,72679,74697,2018
13.01047039,80.22280884,74697,74707,10
13.01142979,80.2230835,74707,74717,10
13.01173973,80.22265625,74717,74727,10
13.01194,80.22236633,74727,75433,706
13.01416969,80.22551727,75433,75443,10
13.01420021,80.22548676,75443,75504,61
13.01420021,80.22548676,75504,75605,101
13.01422977,80.22563171,75605,75645,40
13.01422977,80.22563171,75645,77733,2088
13.01399994,80.22566223,77733,77743,10
13.01420975,80.22573853,77743,77965,222
13.01420021,80.22569275,77965,77985,20
13.01420021,80.22569275,77985,78026,41
13.01408005,80.2260437,78026,78076,50
13.01401997,80.22650146,78076,78086,10
13.01309013,80.22416687,78086,78096,10
13.01410007,80.22572327,78096,78106,10
13.01375008,80.22525024,78106,78116,10
13.01375008,80.22527313,78116,78127,11
13.01471043,80.22644043,78127,78308,181
13.01412964,80.22557068,78308,78338,30
13.01426029,80.22585297,78338,78419,81
13.01426029,80.22585297,78419,78429,10
13.0143404,80.22567749,78429,78580,151
13.01387024,80.22583771,78580,78591,11
13.01449966,80.22561646,78591,78601,10
13.01418018,80.22560883,78601,78621,20
13.01438999,80.22576904,78621,78631,10
13.01447964,80.22586823,78631,78641,10
13.01438999,80.22586823,78641,78651,10
13.01430988,80.2258606,78651,78661,10
13.01426029,80.22583008,78661,78671,10
13.01430035,80.22576141,78671,78681,10
13.01420021,80.22576141,78681,78691,10
13.01420975,80.22579956,78691,78701,10
13.01406956,80.22576141,78701,78722,21
13.01406956,80.22576141,78722,78732,10
13.01410007,80.22566223,78732,78772,40
13.01410007,80.22566223,78772,78782,10
13.0139904,80.22573853,78782,78792,10
13.01410961,80.22575378,78792,78802,10
13.01414013,80.22572327,78802,78812,10
13.01408005,80.22573853,78812,78823,11
13.01401997,80.22567749,78823,78833,10
13.01389027,80.22557068,78833,78994,161
13.01406956,80.22559357,78994,79004,10
13.01426983,80.22573853,79004,79014,10
13.01426029,80.22572327,79014,79024,10
13.01408958,80.2257309,79024,79034,10
13.01416016,80.22576141,79034,79045,11
13.0141201,80.22575378,79045,79065,20
13.01418972,80.22592926,79065,79075,10
13.0143404,80.22592926,79075,79085,10
13.01426029,80.22592926,79085,79095,10
13.01430988,80.22585297,79095,79105,10
13.01426983,80.22595978,79105,79115,10
13.01393986,80.2260437,79115,79125,10
13.01383972,80.22618866,79125,79135,10
13.01397038,80.2259903,79135,79145,10
13.01403999,80.22605896,79145,79155,10
13.01401043,80.22589111,79155,79165,10
13.01395988,80.22544861,79165,79186,21
13.01416969,80.22602081,79186,79236,50
13.01404953,80.22583771,79236,79246,10
13.01397038,80.22586823,79246,79256,10
13.01441002,80.22557831,79256,79276,20
13.01408005,80.22569275,79276,79287,11
13.01434994,80.22563171,79287,79297,10
13.01420021,80.22579956,79297,79307,10
13.01410007,80.22580719,79307,79317,10
13.01410961,80.22583008,79317,79327,10
13.01420975,80.2258606,79327,79337,10
13.01428986,80.22575378,79337,79347,10
13.01406956,80.22588348,79347,79357,10
13.01420975,80.22576904,79357,79367,10
13.01418018,80.22576141,79367,79377,10
13.0142498,80.22570801,79377,79387,10
13.01403999,80.22576904,79387,79398,11
13.01420021,80.22573853,79398,79408,10
13.01416969,80.22588348,79408,79418,10
13.01401043,80.22589111,79418,79428,10
13.01397991,80.22583008,79428,79438,10
13.01393986,80.22598267,79438,79448,10
13.01379967,80.22608185,79448,79458,10
13.01395035,80.22595978,79458,79468,10
13.01399994,80.22595978,79468,79478,10
13.01397991,80.22589111,79478,79488,10
13.01395988,80.22590637,79488,79498,10
13.01383972,80.22595978,79498,79509,11
13.01379967,80.22589874,79509,79519,10
13.01375961,80.22598267,79519,79529,10
13.01369953,80.2259903,79529,79539,10
13.01356983,80.22605896,79539,81637,2098
13.01432037,80.2257309,81637,82747,1110
13.01432037,80.2257309,82747,82757,10
13.01408958,80.22592163,82757,82767,10
13.01375961,80.22612,82767,82787,20
