13.07540035,80.27516174,18,3116,3098
13.07577991,80.2751236,3116,3136,20
13.07584,80.27503967,3136,3752,616
13.07584,80.27503967,3752,3762,10
13.07588005,80.27472687,3762,5951,2189
13.07581997,80.27503967,5951,8625,2674
13.07590008,80.27510834,8625,8877,252
13.07590961,80.2751236,8877,11149,2272
13.07590961,80.2751236,11149,11159,10
13.07610989,80.27506256,11159,11169,10
13.07458973,80.27561951,11169,11179,10
13.07621956,80.27488708,11179,11189,10
13.07594013,80.27496338,11189,11199,10
13.07536983,80.27519989,11199,11209,10
13.0759201,80.27503967,11209,17708,6499
13.0759201,80.27503967,17708,17718,10
13.0759201,80.27528381,17718,17738,20
13.0759201,80.27528381,17738,17748,10
13.07594967,80.27545166,17748,17849,101
13.07594967,80.27545166,17849,17859,10
13.07596016,80.27557373,17859,17869,10
13.0759697,80.27580261,17869,17950,81
13.0759697,80.27580261,17950,17960,10
13.07600975,80.27607727,17960,18051,91
13.07600975,80.27607727,18051,18061,10
13.07618999,80.27632141,18061,18071,10
13.07653999,80.27623749,18071,18182,111
13.07653999,80.27623749,18182,18192,10
13.07668018,80.27623749,18192,18202,10
13.07701015,80.27622986,18202,18213,11
13.07771969,80.27617645,18213,18223,10
13.07824039,80.27574921,18223,18233,10
13.07868004,80.27514648,18233,18243,10
13.0795002,80.27526093,18243,18253,10
13.08026028,80.27526093,18253,18263,10
13.08059025,80.27522278,18263,18273,10
13.08078003,80.27519989,18273,18283,10
13.08108044,80.27516174,18283,18293,10
13.08152962,80.27510834,18293,18354,61
13.08152962,80.27510834,18354,18364,10
13.08160019,80.27513885,18364,18374,10
13.08187962,80.27523804,18374,18384,10
13.08199978,80.27535248,18384,18394,10
13.08205032,80.27570343,18394,18475,81
13.08205032,80.27570343,18475,18485,10
13.08195972,80.27594757,18485,18495,10
13.08189964,80.27601624,18495,18505,10
13.08185959,80.27638245,18505,18515,10
13.08189964,80.27700806,18515,18525,10
13.08197975,80.27784729,18525,18535,10
13.08207989,80.27857971,18535,18546,11
13.08216,80.27960205,18546,18556,10
13.08224964,80.28061676,18556,18566,10
13.08230019,80.28146362,18566,18575,9
13.08205986,80.2816391,18575,18586,11
13.08170986,80.28134155,18586,18596,10
13.08125973,80.28092194,18596,18606,10
13.08059025,80.28079987,18606,18616,10
13.07989025,80.28127289,18616,18626,10
13.07923031,80.28191376,18626,18636,10
13.07824993,80.28250122,18636,18646,10
13.07721043,80.28295898,18646,18657,11
13.07618046,80.28369904,18657,18667,10
13.07538986,80.28453827,18667,18677,10
13.07458973,80.28533936,18677,18686,9
13.07419968,80.28574371,18686,18697,11
13.07394028,80.28592682,18697,18707,10
13.07388973,80.28595734,18707,18717,10
13.07367992,80.28600311,18717,18727,10
13.07328033,80.28591919,18727,18737,10
13.07304001,80.28578949,18737,18747,10
13.0723896,80.28543854,18747,18757,10
13.07139015,80.28517151,18757,18768,11
13.07011986,80.28485107,18768,18778,10
13.06896019,80.28457642,18778,18788,10
13.06787014,80.2843399,18788,18798,10
13.06672001,80.28411865,18798,18808,10
13.06554985,80.28385925,18808,18818,10
13.06449032,80.28362274,18818,18828,10
13.06392002,80.28347778,18828,18838,10
13.06322002,80.28328705,18838,18848,10
13.06256962,80.28312683,18848,18858,10
13.06247997,80.28311157,18858,18868,10
13.06208992,80.28301239,18868,18879,11
13.06128025,80.28282928,18879,18889,10
13.06040001,80.28260803,18889,18899,10
13.05937004,80.28244019,18899,18909,10
13.05830002,80.28221893,18909,18919,10
13.05739975,80.28204346,18919,18929,10
13.05677032,80.28192139,18929,18939,10
13.05657959,80.28186798,18939,18949,10
13.05605984,80.28173065,18949,18959,10
13.05533028,80.28161621,18959,18969,10
13.05438042,80.28141785,18969,18979,10
13.05331039,80.28122711,18979,18990,11
13.05212975,80.28105164,18990,19000,10
13.05119991,80.28089142,19000,19010,10
13.05037975,80.2808075,19010,19020,10
13.05025005,80.28079224,19020,19030,10
13.04979992,80.28069305,19030,19040,10
13.04901981,80.2806015,19040,19050,10
13.04825974,80.28050232,19050,19060,10
13.04705048,80.28029633,19060,19070,10
13.04629993,80.28022003,19070,19080,10
13.04574013,80.28015137,19080,19090,10
13.04555988,80.28012848,19090,19101,11
13.04489994,80.28003693,19101,19111,10
13.04405975,80.27990723,19111,19121,10
13.04318047,80.27976227,19121,19131,10
13.04224014,80.27954865,19131,19141,10
13.04119968,80.27935791,19141,19151,10
13.04012966,80.27912903,19151,19161,10
13.03929996,80.27890778,19161,19171,10
13.03894997,80.27880096,19171,19181,10
13.0383997,80.27861786,19181,19191,10
13.03761005,80.27838135,19191,19201,10
13.03678036,80.27809143,19201,19212,11
13.03588009,80.27783966,19212,19222,10
13.03485966,80.2776413,19222,19232,10
13.03402042,80.27744293,19232,19241,9
13.03339958,80.27738953,19241,19252,11
13.03275013,80.27748871,19252,19262,10
13.03184032,80.27755737,19262,19272,10
13.03106022,80.27735901,19272,19282,10
13.03036022,80.27694702,19282,19292,10
13.02968025,80.27667999,19292,19302,10
13.02923012,80.27657318,19302,19311,9
13.02861023,80.27635193,19311,19323,12
13.02760029,80.27593231,19323,19333,10
13.0267601,80.27555847,19333,19343,10
13.02604008,80.27523804,19343,19353,10
13.02595043,80.27519989,19353,19363,10
13.02571964,80.27507782,19363,19373,10
13.02513027,80.27484131,19373,19383,10
13.02439976,80.2743988,19383,19393,10
13.02406025,80.27394104,19393,19403,10
13.02398968,80.2738266,19403,19413,10
13.02394962,80.27378082,19413,19423,10
13.02369976,80.27345276,19423,19434,11
13.02318001,80.27274323,19434,19444,10
13.02256966,80.27194214,19444,19454,10
13.02192974,80.27110291,19454,19464,10
13.02136993,80.27040863,19464,19474,10
13.02093029,80.26989746,19474,19484,10
13.02085972,80.26982117,19484,19500,16
13.02035046,80.26911926,19500,19512,12
13.01961994,80.26821899,19512,19522,10
13.01898003,80.2674408,19522,19532,10
13.01867008,80.26647186,19532,19542,10
13.01867008,80.26584625,19542,19553,11
13.01889038,80.26502991,19553,19563,10
13.01908016,80.26409912,19563,19573,10
13.01904011,80.2635498,19573,19582,9
13.01898003,80.26325989,19582,19593,11
13.01885033,80.26244354,19593,19603,10
13.01875973,80.26158905,19603,19613,10
13.01832008,80.26104736,19613,19623,10
13.01764011,80.2605896,19623,19633,10
13.01692009,80.26011658,19633,19643,10
13.01618958,80.25971985,19643,19654,11
13.0159502,80.25961304,19654,19664,10
13.01546001,80.25943756,19664,19674,10
13.01463032,80.25932312,19674,19684,10
13.01366997,80.2592926,19684,19694,10
13.01259041,80.25924683,19694,19704,10
13.01154041,80.25920868,19704,19714,10
13.01068974,80.25921631,19714,19724,10
13.00944042,80.25921631,19724,19734,10
13.00881958,80.25920105,19734,19744,10
13.0087204,80.25920105,19744,19754,10
13.00825977,80.25919342,19754,19765,11
13.00747967,80.25952911,19765,19775,10
13.00722027,80.26023102,19775,19785,10
13.00739956,80.26101685,19785,19795,10
13.00747013,80.26132965,19795,19800,5
13.03390026,80.27742004,19800,19805,5
13.00747967,80.26148224,19805,19815,10
13.00759029,80.26193237,19815,19825,10
13.00776005,80.26252747,19825,19835,10
13.00788021,80.26296997,19835,19845,10
13.00800991,80.26364136,19845,19855,10
13.00811005,80.26450348,19855,19865,10
13.00792027,80.26548004,19865,19874,9
13.00776005,80.2661972,19874,19886,12
13.00761032,80.26679993,19886,19896,10
13.00741005,80.26757813,19896,19906,10
13.00720024,80.26850128,19906,19916,10
13.00704956,80.26944733,19916,19926,10
13.00673962,80.27031708,19926,19936,10
13.00599957,80.27033997,19936,19946,10
13.0051403,80.26979828,19946,19956,10
13.00428963,80.26925659,19956,19966,10
13.00352001,80.26880646,19966,19976,10
13.00296974,80.26847839,19976,19987,11
13.00224018,80.26804352,19987,19996,9
13.00154018,80.26759338,19996,20007,11
13.00102997,80.26728058,20007,20017,10
13.0009203,80.26718903,20017,20027,10
13.00047016,80.26689911,20027,20037,10
12.99969006,80.26693726,20037,20047,10
12.99884033,80.2671814,20047,20057,10
12.99790001,80.26744843,20057,20067,10
12.99695015,80.26772308,20067,20077,10
12.99615002,80.26772308,20077,20087,10
12.99567032,80.26763916,20087,20098,11
12.99565983,80.26750946,20098,20108,10
12.99565983,80.26738739,20108,20118,10
12.99571991,80.26696014,20118,20128,10
12.99580002,80.26622009,20128,20138,10
12.99590969,80.26532745,20138,20148,10
12.99602985,80.26439667,20148,20158,10
12.99613953,80.26351166,20158,20168,10
12.99617958,80.26283264,20168,20178,10
12.9962101,80.26255798,20178,20188,10
12.99621964,80.26244354,20188,20198,10
12.99627972,80.26197052,20198,20208,10
12.99635029,80.26132202,20208,20219,11
12.99645996,80.26038361,20219,20229,10
12.9965601,80.2594986,20229,20239,10
12.99666023,80.25849915,20239,20249,10
12.99676037,80.25747681,20249,20259,10
12.99682999,80.25662231,20259,20269,10
12.99685955,80.25605774,20269,20289,20
12.99685955,80.25605774,20289,20299,10
12.99689007,80.25585938,20299,20309,10
12.99687958,80.25553131,20309,20320,11
12.99680996,80.25478363,20320,20330,10
12.99637032,80.25409698,20330,20340,10
12.99569988,80.25344086,20340,20350,10
12.99512005,80.2527771,20350,20360,10
12.99479961,80.25241852,20360,20370,10
12.99440956,80.25254822,20370,20380,10
12.99438,80.25256348,20380,20390,10
12.99400043,80.25263977,20390,20400,10
12.99337006,80.25282288,20400,20410,10
12.99258041,80.25292206,20410,20420,10
12.99174023,80.25305176,20420,20430,10
12.99112034,80.25356293,20430,20441,11
12.99083996,80.25447845,20441,20451,10
12.99081039,80.25541687,20451,20461,10
12.99075985,80.25592041,20461,20471,10
12.99057007,80.2559967,20471,20481,10
12.9900198,80.2559967,20481,20491,10
12.98921967,80.25595093,20491,20501,10
12.98859978,80.25592041,20501,20511,10
12.98847961,80.25588989,20511,20521,10
12.98808002,80.25579834,20521,20531,10
12.98762989,80.25595093,20531,20541,10
12.9875803,80.25663757,20541,20552,11
12.98752022,80.25759125,20552,20562,10
12.98746014,80.25845337,20562,20572,10
12.98736,80.25917816,20572,20582,10
12.98715973,80.259552,20582,20863,281
12.98705959,80.2592926,20863,20884,21
12.98705959,80.25927734,20884,21055,171
12.98709011,80.2592926,21055,21317,262
12.98703957,80.25927734,21317,21983,666
12.98703957,80.25927734,21983,21993,10
12.98736954,80.25888062,21993,22004,11
12.98738003,80.258461,22004,22014,10
12.98736954,80.25839996,22014,22024,10
12.98735046,80.25823975,22024,22034,10
12.98740959,80.25787354,22034,22044,10
12.98746967,80.25721741,22044,22054,10
12.98752975,80.25640106,22054,22064,10
12.9875803,80.25582123,22064,22074,10
12.98785019,80.25575256,22074,22084,10
12.98834991,80.25579834,22084,22094,10
12.98863029,80.25582123,22094,22104,10
12.98869991,80.25585175,22104,22115,11
12.98908043,80.25588989,22115,22125,10
12.98966026,80.25595093,22125,22135,10
12.99026966,80.25601959,22135,22145,10
12.99057961,80.25598145,22145,22155,10
12.99075985,80.25563812,22155,22165,10
12.99081039,80.25495148,22165,22175,10
12.99092007,80.25424957,22175,22185,10
12.99133015,80.25347137,22185,22195,10
12.99205971,80.25305176,22195,22205,10
12.99281025,80.25292969,22205,22215,10
12.9934597,80.25279236,22215,22226,11
12.99419975,80.25260162,22226,22236,10
12.99483013,80.25243378,22236,22246,10
12.99510002,80.25270081,22246,22256,10
12.9951601,80.25286865,22256,22266,10
12.9952898,80.25305176,22266,22276,10
12.99567986,80.25347137,22276,22286,10
12.99627018,80.25404358,22286,22296,10
12.99680042,80.25476074,22296,22306,10
12.99691963,80.25553894,22306,22316,10
12.99693966,80.25579834,22316,22326,10
12.99693966,80.2559433,22326,22337,11
12.99691963,80.25637817,22337,22347,10
12.99683952,80.25708771,22347,22357,10
12.99674034,80.25792694,22357,22367,10
12.99664974,80.25875092,22367,22377,10
12.9965601,80.25945282,22377,22387,10
12.99648952,80.26013184,22387,22397,10
12.99641037,80.26084137,22397,22407,10
12.9963398,80.26152039,22407,22417,10
12.99633026,80.26193237,22417,22427,10
12.99627972,80.26229095,22427,22437,10
12.99625969,80.2624588,22437,22448,11
12.99619007,80.26275635,22448,22458,10
12.99615002,80.26318359,22458,22468,10
12.99612045,80.2636795,22468,22478,10
12.99602032,80.26448822,22478,22488,10
12.99590969,80.26537323,22488,22498,10
12.99580002,80.26635742,22498,22508,10
12.99569988,80.26728058,22508,22518,10
12.99610043,80.2677002,22518,22538,20
12.99610043,80.2677002,22538,22548,10
12.99617958,80.26776123,22548,22559,11
12.9965601,80.26779175,22559,22569,10
12.99728966,80.26764679,22569,22579,10
12.99808979,80.26738739,22579,22589,10
12.99899006,80.26714325,22589,22599,10
12.99989986,80.26686859,22599,22609,10
13.00059032,80.26699066,22609,22618,9
13.00102997,80.26727295,22618,22629,11
13.00105,80.26728821,22629,22639,10
13.00133991,80.26750183,22639,22649,10
13.00191975,80.2678833,22649,22659,10
13.00267029,80.26833344,22659,22670,11
13.00323963,80.26864624,22670,22680,10
13.00341034,80.26876068,22680,22690,10
13.00358009,80.26888275,22690,22700,10
13.00403023,80.26915741,22700,22710,10
13.00479984,80.26966095,22710,22720,10
13.00562954,80.27017975,22720,22730,10
13.00636005,80.27050018,22730,22740,10
13.00685978,80.27005005,22740,22750,10
13.00706005,80.26924133,22750,22760,10
13.00722027,80.26834106,22760,22770,10
13.00747967,80.26724243,22770,22781,11
13.00771999,80.26635742,22781,22791,10
13.00782013,80.26593018,22791,22801,10
13.00796986,80.2651825,22801,22811,10
13.00806999,80.26429749,22811,22821,10
13.00790024,80.26348114,22821,22831,10
13.00774956,80.26280975,22831,22841,10
13.00763988,80.26232147,22841,22851,10
13.00743961,80.26154327,22851,22860,9
13.00722027,80.26074219,22860,22871,11
13.00728035,80.25978088,22871,22881,10
13.00730038,80.25894165,22881,22892,11
13.00780964,80.2587738,22892,22902,10
13.00846004,80.25895691,22902,22912,10
13.00852966,80.25900269,22912,22922,10
13.00870037,80.25904083,22922,22932,10
13.00926018,80.25907135,22932,22942,10
13.01021957,80.25908661,22942,22952,10
13.01124954,80.25906372,22952,22962,10
13.01231956,80.25907898,22962,22972,10
13.01350021,80.25911713,22972,22982,10
13.01469994,80.25917053,22982,22992,10
13.01580048,80.25933838,22992,23003,11
13.01640034,80.25968933,23003,23013,10
13.01648045,80.25977325,23013,23023,10
13.01690006,80.2600708,23023,23033,10
13.01762009,80.2605896,23033,23043,10
13.01844978,80.26113892,23043,23053,10
13.01902962,80.26161957,23053,23063,10
13.01953983,80.26210022,23063,23073,10
13.02001953,80.26264191,23073,23083,10
13.02029037,80.26302338,23083,23093,10
13.01990986,80.26303101,23093,23103,10
13.01928997,80.26300049,23103,23114,11
13.01910019,80.2633667,23114,23124,10
13.01916027,80.26412201,23124,23133,9
13.01902962,80.26489258,23133,23144,11
13.01885986,80.26550293,23144,23154,10
13.01871967,80.26616669,23154,23164,10
13.01885986,80.26714325,23164,23174,10
13.01949978,80.26808167,23174,23184,10
13.02023983,80.26898193,23184,23194,10
13.0209198,80.26981354,23194,23204,10
13.02145004,80.27043152,23204,23214,10
13.02151966,80.27052307,23214,23224,10
13.02182007,80.27089691,23224,23235,11
13.02241039,80.27168274,23235,23245,10
13.02307987,80.27255249,23245,23255,10
13.02361012,80.27326202,23255,23265,10
13.0239296,80.2736969,23265,23275,10
13.02427959,80.27417755,23275,23285,10
13.02492046,80.27474213,23285,23295,10
13.02546024,80.27496338,23295,23305,10
13.02546978,80.27496338,23305,23315,10
13.02558041,80.27500153,23315,23325,10
13.02606964,80.27523041,23325,23335,10
13.02682018,80.27555847,23335,23346,11
13.02764988,80.27593994,23346,23356,10
13.02844048,80.27628326,23356,23366,10
13.02915001,80.2765274,23366,23376,10
13.02987003,80.27671051,23376,23386,10
13.03003025,80.27677155,23386,23395,9
13.03009033,80.27681732,23395,23406,11
13.03048992,80.2769928,23406,23415,9
13.03106976,80.27734375,23415,23425,10
13.03186989,80.27757263,23425,23436,11
13.03262043,80.27747345,23436,23446,10
13.03273964,80.27748108,23446,23457,11
13.03320026,80.2773819,23457,23467,10
13.03392982,80.2773819,23467,23477,10
13.03472042,80.27763367,23477,23487,10
13.03567982,80.27783966,23487,23497,10
13.03664017,80.27806854,23497,23506,9
13.03746033,80.27835846,23506,23517,11
13.03833008,80.27855682,23517,23527,10
13.03890038,80.27870941,23527,23537,10
13.03894997,80.2787323,23537,23547,10
13.03925037,80.27881622,23547,23557,10
13.03989029,80.27902985,23557,23568,11
13.04096031,80.27931213,23568,23578,10
13.04214954,80.27950287,23578,23588,10
13.04337025,80.27964783,23588,23598,10
13.04450035,80.27992249,23598,23608,10
13.04563999,80.28006744,23608,23618,10
13.04675007,80.28024292,23618,23628,10
13.04790974,80.28038025,23628,23638,10
13.0489502,80.28051758,23638,23648,10
13.04934978,80.28056335,23648,23658,10
13.04940033,80.28057098,23658,23668,10
13.04979992,80.28063965,23668,23679,11
13.05064964,80.28076935,23679,23689,10
13.05160046,80.28092194,23689,23699,10
13.0527401,80.28109741,23699,23709,10
13.05395031,80.28128052,23709,23719,10
13.0551796,80.28153992,23719,23729,10
13.05617046,80.28173828,23729,23739,10
13.05648994,80.28177643,23739,23749,10
13.05650997,80.2817688,23749,23759,10
13.05687046,80.28183746,23759,23769,10
13.05749035,80.28198242,23769,23790,21
13.05749035,80.28198242,23790,23800,10
13.05749035,80.28199005,23800,23810,10
13.05788994,80.28206635,23810,23820,10
13.05863953,80.28222656,23820,23830,10
13.05963039,80.28244019,23830,23840,10
13.0606699,80.28266144,23840,23850,10
13.06179047,80.28289795,23850,23860,10
13.06282043,80.28311157,23860,23870,10
13.06317997,80.28318024,23870,23880,10
13.06338978,80.28323364,23880,23890,10
13.06400967,80.2833786,23890,23901,11
13.06499958,80.28360748,23901,23911,10
13.06614017,80.28385925,23911,23921,10
13.06735992,80.28412628,23921,23931,10
13.06849003,80.28434753,23931,23941,10
13.06970024,80.28463745,23941,23951,10
13.07098007,80.28495789,23951,23961,10
13.07215977,80.28524017,23961,23971,10
13.07332039,80.28529358,23971,23981,10
13.07417011,80.28582764,23981,23991,10
13.0749197,80.28642273,23991,24001,10
13.07569981,80.28687286,24001,24012,11
13.07674026,80.28720093,24012,24022,10
13.07783985,80.28749084,24022,24032,10
13.0789299,80.28780365,24032,24042,10
13.07977962,80.28804779,24042,24052,10
13.07991982,80.28806305,24052,24062,10
13.0802803,80.28816986,24062,24072,10
13.08086967,80.28829956,24072,24082,10
13.08162975,80.28858948,24082,24092,10
13.08242989,80.28885651,24092,24102,10
13.08333969,80.28917694,24102,24112,10
13.08423996,80.28916931,24112,24123,11
13.08543968,80.28919983,24123,24133,10
13.0866003,80.28949738,24133,24143,10
13.08767033,80.28986359,24143,24153,10
13.08883953,80.29016876,24153,24173,20
13.08883953,80.29016876,24173,24183,10
13.08876038,80.29039764,24183,24193,10
13.08813953,80.29012299,24193,24203,10
13.08726025,80.28981018,24203,24219,16
13.08592033,80.28946686,24219,24231,12
13.08539963,80.2888031,24231,24242,11
13.08514023,80.28785706,24242,24251,9
13.08518028,80.28688049,24251,24262,11
13.08530045,80.28552246,24262,24272,10
13.0852499,80.28427887,24272,24292,20
13.0852499,80.28427887,24292,24301,9
13.08532047,80.28399658,24301,24311,10
13.08545971,80.283638,24311,24322,11
13.08580017,80.28354645,24322,24332,10
13.08609009,80.28354645,24332,24343,11
13.08638,80.28369904,24343,24353,10
13.08664036,80.28388214,24353,24373,20
13.08664036,80.28388214,24373,24383,10
13.08697987,80.28392792,24383,24544,161
13.08689022,80.28391266,24544,24635,91
13.08689022,80.28391266,24635,24645,10
13.08708954,80.28399658,24645,24787,142
13.08708954,80.28399658,24787,24797,10
13.08708,80.28386688,24797,24948,151
13.08699036,80.28391266,24948,25331,383
13.08699036,80.28391266,25331,25341,10
13.08716011,80.28388977,25341,25352,11
13.08738995,80.2838974,25352,25362,10
13.08780956,80.2838974,25362,25412,50
13.08780956,80.2838974,25412,25422,10
13.0880003,80.28395081,25422,25432,10
13.08819962,80.28368378,25432,25452,20
13.08819962,80.28368378,25452,25463,11
13.08831978,80.28337097,25463,25473,10
13.08831978,80.28308105,25473,25483,10
13.08833981,80.28272247,25483,25493,10
13.0883503,80.28234863,25493,25503,10
13.0882597,80.28186798,25503,25513,10
13.08813953,80.28153229,25513,25523,10
13.0883503,80.28147888,25523,25533,10
13.08852959,80.28176117,25533,25543,10
13.08848,80.28218079,25543,25553,10
13.08843994,80.28250122,25553,25563,10
13.08841038,80.2829895,25563,25594,31
13.08841038,80.2829895,25594,25604,10
13.08845043,80.28327942,25604,25614,10
13.08843994,80.28353882,25614,25624,10
13.08845997,80.28401184,25624,25634,10
13.08850002,80.28462219,25634,25644,10
13.0885601,80.28508759,25644,25674,30
13.0885601,80.28508759,25674,25685,11
13.08850956,80.2853775,25685,25695,10
13.08854008,80.28578949,25695,25705,10
13.08858013,80.28636169,25705,25715,10
13.0886097,80.28668976,25715,25725,10
13.08866024,80.28730774,25725,25735,10
13.0886898,80.28759766,25735,25745,10
13.08874035,80.28810883,25745,25755,10
13.08876991,80.28856659,25755,25765,10
13.08876991,80.28885651,25765,25775,10
13.08882999,80.28939056,25775,25785,10
13.08882999,80.28938293,25785,25794,9
13.08883953,80.29023743,25794,25826,32
13.08883953,80.29023743,25826,25836,10
13.08882046,80.2903595,25836,25846,10
13.08856964,80.2904129,25846,25856,10
13.08796978,80.29009247,25856,25866,10
13.08720016,80.28972626,25866,25876,10
13.08625031,80.28942871,25876,25886,10
13.08518982,80.28926086,25886,25896,10
13.08417034,80.28920746,25896,25906,10
13.08320045,80.28920746,25906,25917,11
13.08220959,80.28884888,25917,25927,10
13.08135033,80.2885437,25927,25937,10
13.08051014,80.28830719,25937,25947,10
13.08003998,80.28819275,25947,25957,10
13.0797596,80.28813171,25957,25967,10
13.07909966,80.28791809,25967,25977,10
13.07812977,80.28759003,25977,25987,10
13.07697964,80.28729248,25987,25997,10
13.07581043,80.28697205,25997,26007,10
13.0749197,80.28649902,26007,26017,10
13.07417965,80.28614044,26017,26028,11
13.07408047,80.28611755,26028,26037,9
13.07371998,80.28604126,26037,26048,11
13.07299995,80.28574371,26048,26058,10
13.07196045,80.28527069,26058,26068,10
13.07081985,80.28497314,26068,26078,10
13.06954956,80.28469086,26078,26088,10
13.06830025,80.28440094,26088,26098,10
13.06707001,80.2841568,26098,26108,10
13.06577969,80.28386688,26108,26118,10
13.06462002,80.28359985,26118,26128,10
13.06418991,80.28350067,26128,26139,11
13.06418037,80.28350067,26139,26149,10
13.06387997,80.28341675,26149,26159,10
13.0632,80.2832489,26159,26168,9
13.06260014,80.28311157,26168,26179,11
13.06254005,80.28309631,26179,26189,10
13.06215,80.2829895,26189,26199,10
13.0613699,80.28282928,26199,26209,10
13.06033993,80.28262329,26209,26219,10
13.0591898,80.28237915,26219,26229,10
13.05817986,80.28218079,26229,26239,10
13.05760002,80.28205872,26239,26250,11
13.05720043,80.28198242,26250,26260,10
13.05688,80.28191376,26260,26270,10
13.05671978,80.28188324,26270,26280,10
13.05644035,80.2818222,26280,26290,10
13.05574036,80.28167725,26290,26300,10
13.05475998,80.28147888,26300,26310,10
13.05362034,80.28125763,26310,26320,10
13.05241013,80.28105927,26320,26330,10
13.05136967,80.28090668,26330,26340,10
13.05068016,80.28082275,26340,26350,10
13.05027962,80.28076935,26350,26361,11
13.0500803,80.28073883,26361,26371,10
13.04951954,80.28064728,26371,26381,10
13.04862976,80.28051758,26381,26391,10
13.04765987,80.28037262,26391,26401,10
13.04671001,80.28024292,26401,26411,10
13.04568958,80.28011322,26411,26431,20
13.04568958,80.28011322,26431,26441,10
13.04553032,80.2800827,26441,26451,10
13.04493999,80.27999878,26451,26461,10
13.04399967,80.27986145,26461,26472,11
13.04290009,80.2796402,26472,26482,10
13.04176998,80.27941895,26482,26492,10
13.04061985,80.27921295,26492,26502,10
13.0396204,80.27896881,26502,26512,10
13.03905964,80.27881622,26512,26522,10
13.0390501,80.27881622,26522,26532,10
13.03880024,80.27870941,26532,26542,10
13.0381403,80.27848816,26542,26552,10
13.03732014,80.27825928,26552,26562,10
13.03641033,80.27793884,26562,26572,10
13.03547001,80.27771759,26572,26583,11
13.03448963,80.27757263,26583,26593,10
13.03376007,80.27735138,26593,26613,20
13.03376007,80.27735138,26613,26623,10
13.03367996,80.27734375,26623,26633,10
13.0333004,80.27742004,26633,26643,10
13.03281021,80.27748108,26643,26653,10
13.03205013,80.27758026,26653,26663,10
13.03120995,80.27739716,26663,26673,10
13.03100014,80.27729797,26673,26683,10
13.03081989,80.27718353,26683,26694,11
13.03015995,80.27683258,26694,26704,10
13.02925968,80.27654266,26704,26714,10
13.0283699,80.27619171,26714,26724,10
13.02756977,80.27583313,26724,26734,10
13.02680969,80.2755127,26734,26744,10
13.02610016,80.27526093,26744,26754,10
13.02598,80.27519226,26754,26764,10
13.02589989,80.2751236,26764,26774,10
13.02546024,80.27494049,26774,26784,10
13.02470016,80.27462006,26784,26794,10
13.02408981,80.2740097,26794,26805,11
13.02348995,80.27319336,26805,26815,10
13.0228796,80.27236176,26815,26825,10
13.02223969,80.27150726,26825,26835,10
13.02169991,80.27082825,26835,26845,10
13.02093983,80.26992798,26845,26865,20
13.02093983,80.26992798,26865,26875,10
13.02077961,80.26963806,26875,26885,10
13.02027988,80.2690506,26885,26895,10
13.01965046,80.26824188,26895,26905,10
13.01900959,80.26750183,26905,26915,10
13.01869965,80.26660156,26915,26926,11
13.01867962,80.26587677,26926,26942,16
13.01898956,80.26470184,26942,26954,12
13.01906967,80.26383972,26954,26964,10
13.01902008,80.2635498,26964,26974,10
13.01898003,80.26322174,26974,26984,10
13.01895046,80.26300049,26984,26994,10
13.01893997,80.26274872,26994,27004,10
13.01887989,80.26210785,27004,27014,10
13.0187397,80.26136017,27014,27024,10
13.01813984,80.26087189,27024,27035,11
13.01723003,80.26029205,27035,27045,10
13.01640034,80.2598114,27045,27055,10
13.0160799,80.25966644,27055,27065,10
13.01564026,80.25949097,27065,27075,10
13.01484013,80.25932312,27075,27085,10
13.01385975,80.25926971,27085,27095,10
13.01268005,80.25923157,27095,27105,10
13.01148987,80.25919342,27105,27115,10
13.01033974,80.25921631,27115,27125,10
13.00926971,80.25920868,27125,27135,10
13.00883007,80.25919342,27135,27146,11
13.00831032,80.25920868,27146,27156,10
13.00753975,80.25946808,27156,27166,10
13.0072403,80.2599411,27166,27176,10
13.00734997,80.26052094,27176,27186,10
13.00751972,80.26122284,27186,27196,10
13.00757027,80.26159668,27196,27206,10
13.00772953,80.26233673,27206,27216,10
13.00788021,80.26287079,27216,27226,10
13.00800037,80.26338196,27226,27236,10
13.0081501,80.26406097,27236,27246,10
13.00809002,80.26490784,27246,27257,11
13.00788021,80.26587677,27257,27267,10
13.00769997,80.26663208,27267,27277,10
13.00749969,80.26743317,27277,27287,10
13.00730038,80.26850128,27287,27297,10
13.00712013,80.26963806,27297,27307,10
13.00664043,80.27047729,27307,27317,10
13.00576019,80.27017975,27317,27327,10
13.00485992,80.2696228,27327,27337,10
13.00405025,80.26908112,27337,27347,10
13.00333023,80.26870728,27347,27357,10
13.00327015,80.26866913,27357,27368,11
13.00306034,80.26853943,27368,27378,10
13.00257969,80.26822662,27378,27387,9
13.00197983,80.26785278,27387,27398,11
13.00105953,80.26730347,27398,27418,20
13.00105953,80.26730347,27418,27428,10
13.00078964,80.26712799,27428,27438,10
13.00026989,80.26689911,27438,27448,10
12.99950027,80.2670517,27448,27458,10
12.9987402,80.26721191,27458,27468,10
12.99806023,80.26746368,27468,27479,11
12.99738026,80.26767731,27479,27489,10
12.9965601,80.26776886,27489,27499,10
12.99582005,80.2677002,27499,27509,10
12.99567986,80.26743317,27509,27519,10
12.99569988,80.2673111,27519,27529,10
12.9957304,80.26721191,27529,27539,10
12.99577999,80.26682281,27539,27549,10
12.99584007,80.26608276,27549,27559,10
12.99592018,80.26521301,27559,27569,10
12.99602032,80.26448822,27569,27585,16
12.99615002,80.263237,27585,27598,13
12.99623013,80.26248169,27598,27608,10
12.99629021,80.26222229,27608,27618,10
12.9963398,80.26177979,27618,27628,10
12.99641991,80.26103973,27628,27638,10
12.99652004,80.26014709,27638,27648,10
12.99660015,80.25926971,27648,27658,10
12.99668026,80.25833893,27658,27668,10
12.9967804,80.25724792,27668,27679,11
12.99687004,80.2559967,27679,27720,41
12.99687004,80.2559967,27720,27730,10
12.99695969,80.25585938,27730,27770,40
12.99695969,80.25585938,27770,27780,10
12.99693966,80.2557373,27780,27790,10
12.9968996,80.25530243,27790,27800,10
12.99682045,80.25463867,27800,27810,10
12.99629021,80.25401306,27810,27821,11
12.99553013,80.25327301,27821,27831,10
12.99507046,80.25256348,27831,27841,10
12.99473,80.25245667,27841,27851,10
12.99446011,80.25253296,27851,27861,10
12.99409962,80.25267792,27861,27871,10
12.99363041,80.25279999,27871,27881,10
12.99300957,80.25289154,27881,27891,10
12.99223042,80.25292206,27891,27901,10
12.9914999,80.25325012,27901,27911,10
12.99104023,80.2538681,27911,27921,10
12.99090004,80.25470734,27921,27932,11
12.9907999,80.2558136,27932,27952,20
12.9907999,80.2558136,27952,27962,10
12.99065018,80.25605011,27962,27972,10
12.99034977,80.25604248,27972,27982,10
12.98974037,80.25605774,27982,27992,10
12.98896027,80.25602722,27992,28002,10
12.98859978,80.25598145,28002,28018,16
12.98816967,80.25588226,28018,28050,32
12.98816967,80.25588226,28050,28061,11
12.98766994,80.2559967,28061,28071,10
12.98758984,80.25678253,28071,28081,10
12.98752975,80.25759888,28081,28090,9
12.98746967,80.25852203,28090,28101,11
12.98740005,80.25914001,28101,28111,10
12.98731041,80.25921631,28111,28121,10
12.98723984,80.25953674,28121,28141,20
12.98723984,80.25953674,28141,28152,11
12.98709011,80.25950623,28152,28162,10
12.98711967,80.25926208,28162,28515,353
12.98709965,80.2590332,28515,29241,726
12.98719978,80.25901031,29241,29262,21
12.98719978,80.25901031,29262,29272,10
12.98738956,80.25898743,29272,29282,10
12.98740959,80.25874329,29282,29292,10
12.98740959,80.25869751,29292,29302,10
12.98742962,80.2583313,29302,29312,10
12.98746967,80.25772095,29312,29322,10
12.98752022,80.25697327,29322,29332,10
12.98756027,80.25601959,29332,29393,61
12.98756027,80.25601959,29393,29403,10
12.98756027,80.25595856,29403,29413,10
12.98764038,80.25570679,29413,29423,10
12.98799992,80.25570679,29423,29433,10
12.98836994,80.25578308,29433,29473,40
12.98836994,80.25578308,29473,29483,10
12.98875046,80.25591278,29483,29494,11
12.98923969,80.25595856,29494,29504,10
12.98991966,80.25602722,29504,29514,10
12.9904604,80.25595856,29514,29524,10
12.99073982,80.25565338,29524,29534,10
12.99077988,80.25502014,29534,29544,10
12.99079037,80.25435638,29544,29554,10
12.9909296,80.25377655,29554,29564,10
12.99123955,80.25334167,29564,29574,10
12.9917202,80.25308228,29574,29584,10
12.99230003,80.25296783,29584,29594,10
12.99287987,80.25295258,29594,29605,11
12.99355984,80.2527771,29605,29615,10
12.99425983,80.25260162,29615,29625,10
12.9948597,80.25244904,29625,29641,16
12.99518013,80.25295258,29641,29674,33
12.99518013,80.25295258,29674,29684,10
12.99526978,80.2530365,29684,29694,10
12.99553013,80.2533493,29694,29704,10
12.99590015,80.25367737,29704,29714,10
12.99637985,80.25411987,29714,29725,11
12.99680042,80.25483704,29725,29735,10
12.99695015,80.25576782,29735,29795,60
12.99695015,80.25576782,29795,29805,10
12.99691963,80.256073,29805,29815,10
12.99689007,80.25636292,29815,29825,10
12.99683952,80.25705719,29825,29846,21
12.99683952,80.25705719,29846,29856,10
12.99680042,80.2572937,29856,29866,10
12.99674034,80.25784302,29866,29876,10
12.9966898,80.25853729,29876,29886,10
12.99660015,80.25919342,29886,29896,10
12.99652958,80.25990295,29896,29906,10
12.99643993,80.26071167,29906,29916,10
12.99637032,80.26152802,29916,29926,10
12.99633026,80.2620697,29926,29936,10
12.99625969,80.26244354,29936,29947,11
12.99623966,80.26245117,29947,29957,10
12.99621964,80.26251221,29957,29967,10
12.99619007,80.26290894,29967,29977,10
12.99613953,80.26348114,29977,29987,10
12.99606037,80.26425934,29987,29997,10
12.99596977,80.26503754,29997,30007,10
12.99596024,80.26525116,30007,30017,10
12.99596024,80.26532745,30017,30027,10
12.99590015,80.26573944,30027,30037,10
12.99580956,80.26641846,30037,30047,10
12.9957304,80.26718903,30047,30058,11
12.99621964,80.26772308,30058,30098,40
12.99621964,80.26772308,30098,30108,10
12.99637985,80.2677536,30108,30118,10
12.99676991,80.26777649,30118,30128,10
12.99740028,80.26763153,30128,30138,10
12.99806023,80.26743317,30138,30148,10
12.99886036,80.26721191,30148,30158,10
12.99956989,80.26699829,30158,30169,11
13.00030041,80.26683807,30169,30179,10
13.00107956,80.2673111,30179,30219,40
13.00107956,80.2673111,30219,30229,10
13.00133991,80.26746368,30229,30239,10
13.00185013,80.26779175,30239,30249,10
13.00249958,80.26820374,30249,30259,10
13.00345993,80.26875305,30259,30280,21
13.00345993,80.26875305,30280,30290,10
13.00360966,80.26885986,30290,30300,10
13.00403023,80.26908112,30300,30310,10
13.00473976,80.26953888,30310,30320,10
13.00547981,80.26999664,30320,30330,10
13.00627995,80.27041626,30330,30340,10
13.00685978,80.26999664,30340,30350,10
13.00704002,80.26915741,30350,30360,10
13.00718021,80.26824951,30360,30370,10
13.00739956,80.26732635,30370,30380,10
13.00763035,80.2665329,30380,30390,10
13.00774002,80.26612854,30390,30407,17
13.00796986,80.26503754,30407,30419,12
13.00804996,80.26428223,30419,30429,10
13.00794983,80.26361847,30429,30439,10
13.00782013,80.26296234,30439,30448,9
13.00774002,80.26262665,30448,30458,10
13.00759983,80.26204681,30458,30469,11
13.00743961,80.26139832,30469,30479,10
13.00743961,80.26139069,30479,30489,10
13.00743008,80.26125336,30489,30499,10
13.00732994,80.26087189,30499,30510,11
13.00720024,80.26016998,30510,30520,10
13.00734043,80.25939941,30520,30530,10
13.00739956,80.2587204,30530,30540,10
13.00786972,80.25872803,30540,30550,10
13.00850964,80.25894165,30550,30560,10
13.00858021,80.25897217,30560,30570,10
13.00889969,80.25906372,30570,30580,10
13.00955009,80.25906372,30580,30591,11
13.01056004,80.25907135,30591,30601,10
13.01156998,80.25904083,30601,30611,10
13.01264,80.25908661,30611,30622,11
13.01391029,80.25914001,30622,30632,10
13.01500988,80.25917816,30632,30642,10
13.01591969,80.2593689,30642,30653,11
13.01640034,80.25965118,30653,30673,20
13.01640034,80.25965118,30673,30683,10
13.01667976,80.25990295,30683,30693,10
13.01729965,80.26032257,30693,30703,10
13.01805019,80.26081848,30703,30713,10
13.01875019,80.26132202,30713,30723,10
13.01926041,80.2617569,30723,30734,11
13.01978016,80.26229858,30734,30744,10
13.02029037,80.26281738,30744,30754,10
13.02005005,80.26300049,30754,30764,10
13.01953983,80.26296234,30764,30774,10
13.01904964,80.26303864,30774,30784,10
13.01910019,80.26352692,30784,30794,10
13.01914978,80.26402283,30794,30804,10
13.01914978,80.26416779,30804,30814,10
13.01908016,80.26461792,30814,30824,10
13.01893044,80.26522064,30824,30834,10
13.01881027,80.26564026,30834,30845,11
13.0187397,80.2664566,30845,30855,10
13.01896,80.26734161,30855,30865,10
13.01949978,80.26811981,30865,30875,10
13.02019024,80.26894379,30875,30885,10
13.02085018,80.2696991,30885,30895,10
13.02141953,80.27037048,30895,30911,16
13.02151966,80.27050018,30911,30923,12
13.02184963,80.27092743,30923,30933,10
13.02233028,80.27153778,30933,30941,8
13.02276993,80.27210999,30941,30952,11
13.02336979,80.27291107,30952,30964,12
13.02375984,80.2734375,30964,30974,10
13.02396011,80.27372742,30974,30984,10
13.02425957,80.27416229,30984,30994,10
13.02466965,80.27459717,30994,31004,10
13.02546024,80.27494049,31004,31024,20
13.02546024,80.27494049,31024,31034,10
13.02569008,80.2750473,31034,31044,10
13.02610016,80.27523804,31044,31054,10
13.02672005,80.27552032,31054,31064,10
13.02744961,80.27586365,31064,31074,10
13.02807045,80.27613831,31074,31085,11
13.02867985,80.27639771,31085,31095,10
13.02915001,80.27655792,31095,31105,10
13.02939987,80.27661896,31105,31115,10
13.02991962,80.27674103,31115,31135,20
13.02991962,80.27674103,31135,31145,10
13.03005028,80.27677155,31145,31155,10
13.03050041,80.2769928,31155,31165,10
13.03106976,80.27732849,31165,31175,10
13.03172016,80.27758026,31175,31186,11
13.03234959,80.27748108,31186,31196,10
13.03246021,80.27747345,31196,31205,9
13.03258038,80.27748108,31205,31216,11
13.03322029,80.27739716,31216,31256,40
13.03322029,80.27739716,31256,31266,10
13.03349018,80.27734375,31266,31276,10
13.03404045,80.27744293,31276,31286,10
13.03477955,80.27760315,31286,31297,11
13.03569984,80.27776337,31297,31307,10
13.03658009,80.27797699,31307,31317,10
13.03728962,80.27825928,31317,31327,10
13.03794956,80.27841949,31327,31337,10
13.03872013,80.27861786,31337,31347,10
13.03886986,80.27866364,31347,31357,10
13.03907967,80.27873993,31357,31367,10
13.03948975,80.27887726,31367,31377,10
13.0402298,80.27909088,31377,31387,10
13.04115963,80.27931213,31387,31397,10
13.04216003,80.27945709,31397,31408,11
13.04325008,80.27958679,31408,31418,10
13.04393005,80.27977753,31418,31428,10
13.04469967,80.27993011,31428,31438,10
13.04570961,80.28005981,31438,31466,28
13.04570961,80.28005981,31466,31476,10
13.04582977,80.2800827,31476,31486,10
13.04631996,80.28016663,31486,31496,10
13.04712963,80.28028107,31496,31505,9
13.04804039,80.28041077,31505,31516,11
13.04934978,80.28056335,31516,31537,21
13.04934978,80.28056335,31537,31547,10
13.04971981,80.28061676,31547,31557,10
13.05035973,80.28072357,31557,31567,10
13.05111027,80.28083801,31567,31577,10
13.05202007,80.28098297,31577,31587,10
13.05290031,80.2811203,31587,31597,10
13.05383015,80.28128815,31597,31607,10
13.0549202,80.28147888,31607,31616,9
13.05638027,80.2817688,31616,31638,22
13.05638027,80.2817688,31638,31648,10
13.05650997,80.28179169,31648,31658,10
13.05702019,80.28189087,31658,31668,10
13.05733967,80.2819519,31668,31678,10
13.05743027,80.28196716,31678,31688,10
13.05795002,80.2820816,31688,31698,10
13.05889988,80.28227997,31698,31708,10
13.05998039,80.28250122,31708,31718,10
13.06105995,80.2827301,31718,31728,10
13.06210041,80.28295135,31728,31738,10
13.06293964,80.28312683,31738,31749,11
13.06311989,80.28317261,31749,31759,10
13.06338024,80.28323364,31759,31769,10
13.06375027,80.28331757,31769,31789,20
13.06375027,80.28331757,31789,31799,10
13.0639801,80.2833786,31799,31809,10
13.06451988,80.28352356,31809,31819,10
13.06542015,80.28375244,31819,31835,16
13.06721973,80.28410339,31835,31847,12
13.06818962,80.28430176,31847,31858,11
13.0693903,80.28456879,31858,31868,10
13.0705204,80.28486633,31868,31878,10
13.07176018,80.28517914,31878,31888,10
13.07295036,80.28531647,31888,31898,10
13.07384014,80.28546143,31898,31908,10
13.07450962,80.28614807,31908,31918,10
13.07476044,80.28630066,31918,31928,10
13.07503033,80.28648376,31928,31938,10
13.07567024,80.2868576,31938,31947,9
13.07654953,80.28713226,31947,31958,11
13.07787991,80.28746796,31958,31969,11
13.07909012,80.28784943,31969,31979,10
13.07979965,80.28806305,31979,31989,10
13.08041954,80.28822327,31989,31999,10
13.08090019,80.28830719,31999,32009,10
13.08094978,80.28833008,32009,32019,10
13.08129978,80.28845215,32019,32029,10
13.08181953,80.28865814,32029,32039,10
13.08248997,80.28890991,32039,32049,10
13.08331966,80.2891922,32049,32059,10
13.0842104,80.28916931,32059,32069,10
13.08526993,80.28914642,32069,32080,11
13.08656025,80.28943634,32080,32090,10
13.08755016,80.28977203,32090,32100,10
13.08862972,80.29012299,32100,32120,20
13.08862972,80.29012299,32120,32130,10
13.08885002,80.29023743,32130,32140,10
13.08841991,80.29023743,32140,32150,10
13.0876503,80.28991699,32150,32160,10
13.08673954,80.28964996,32160,32170,10
13.08588028,80.28943634,32170,32180,10
13.08543968,80.28885651,32180,32191,11
13.08514023,80.28788757,32191,32201,10
13.08518028,80.28677368,32201,32211,10
13.08528042,80.28560638,32211,32221,10
13.08524036,80.28414917,32221,32261,40
13.08524036,80.28414917,32261,32271,10
13.08539009,80.28386688,32271,32281,10
13.08553982,80.28356171,32281,32291,10
13.08580017,80.28353882,32291,32302,11
13.0861702,80.28352356,32302,32312,10
13.08646011,80.28372192,32312,32322,10
13.08679008,80.28392029,32322,32624,302
13.08679008,80.28392029,32624,32634,10
13.08697033,80.28385162,32634,32645,11
13.0872097,80.28388214,32645,32655,10
13.08763027,80.28391266,32655,32856,201
13.0880003,80.28391266,32856,32877,21
13.0880003,80.28391266,32877,32887,10
13.08813953,80.28382111,32887,32897,10
13.08821011,80.28363037,32897,32907,10
13.08833981,80.28343201,32907,32917,10
13.08835983,80.28308868,32917,32927,10
13.08833027,80.2826767,32927,32937,10
13.08829021,80.28224182,32937,32947,10
13.08810043,80.28167725,32947,32957,10
13.08829021,80.28141785,32957,32967,10
13.0885601,80.28173065,32967,32978,11
13.08845997,80.28234863,32978,32988,10
13.08833981,80.28282928,32988,32998,10
13.08835983,80.28337097,32998,33008,10
13.08837986,80.28388977,33008,33018,10
13.08841038,80.28484344,33018,33068,50
13.08841038,80.28484344,33068,33078,10
13.08845997,80.28517914,33078,33089,11
13.08848,80.28566742,33089,33099,10
13.08848953,80.28605652,33099,33109,10
13.08852005,80.28642273,33109,33119,10
13.08850002,80.28675079,33119,33129,10
13.08854008,80.287323,33129,33139,10
13.0885601,80.28759003,33139,33149,10
13.08860016,80.28797913,33149,33159,10
13.08866024,80.28855896,33159,33169,10
13.0886898,80.28881073,33169,33179,10
13.08874035,80.28923035,33179,33189,10
13.08874035,80.28925323,33189,33200,11
13.08864975,80.28951263,33200,33210,10
13.08874035,80.29006195,33210,33220,10
13.08870029,80.29048157,33220,33230,10
13.08829975,80.29026031,33230,33240,10
13.08759022,80.28991699,33240,33250,10
13.08679008,80.28958893,33250,33260,10
13.08578014,80.28935242,33260,33270,10
13.08479023,80.28913879,33270,33280,10
13.08376026,80.28916931,33280,33290,10
13.08285999,80.28912354,33290,33300,10
13.08205986,80.28881073,33300,33310,10
13.08127022,80.28852081,33310,33321,11
13.08014965,80.28822327,33321,33341,20
13.08014965,80.28822327,33341,33351,10
13.07991982,80.28816986,33351,33361,10
13.07927036,80.28803253,33361,33371,10
13.07837963,80.28766632,33371,33381,10
13.07730961,80.28739929,33381,33391,10
13.07621956,80.28710938,33391,33401,10
13.07540989,80.28681183,33401,33411,10
13.07481956,80.28646088,33411,33421,10
13.07427025,80.28617859,33421,33432,11
13.0742197,80.28617096,33432,33442,10
13.07417011,80.28616333,33442,33452,10
13.07404995,80.28614044,33452,33462,10
13.07384014,80.28608704,33462,33472,10
13.07324982,80.28591919,33472,33482,10
13.07244015,80.28546906,33482,33492,10
13.0713501,80.28517151,33492,33502,10
13.07009029,80.2848587,33502,33512,10
13.06892014,80.28456879,33512,33522,10
13.06818008,80.28440094,33522,33532,10
13.06805992,80.28437042,33532,33543,11
13.06758022,80.28430939,33543,33553,10
13.06667995,80.28411865,33553,33563,10
13.0656004,80.28385162,33563,33573,10
13.06464958,80.28362274,33573,33583,10
13.0638504,80.28343964,33583,33593,10
13.06295013,80.28321075,33593,33603,10
13.06245995,80.28309631,33603,33613,10
13.06245995,80.28311157,33613,33623,10
13.06225967,80.28308105,33623,33633,10
13.06165981,80.28292847,33633,33643,10
13.06077957,80.28275299,33643,33654,11
13.05967999,80.28251648,33654,33664,10
13.05865002,80.28230286,33664,33674,10
13.05780029,80.28212738,33674,33684,10
13.05673981,80.28191376,33684,33704,20
13.05673981,80.28191376,33704,33714,10
13.05652046,80.28186035,33714,33724,10
13.05591965,80.28173828,33724,33734,10
13.05504036,80.28156281,33734,33744,10
13.05403996,80.28135681,33744,33754,10
13.05296993,80.28118134,33754,33765,11
13.05183983,80.28101349,33765,33775,10
13.05027962,80.28077698,33775,33795,20
13.05027962,80.28077698,33795,33805,10
13.05016041,80.28076935,33805,33815,10
13.04965973,80.28069305,33815,33825,10
13.0488596,80.28057098,33825,33835,10
13.04798985,80.28044128,33835,33845,10
13.04683018,80.28027344,33845,33855,10
13.04596996,80.280159,33855,33865,10
13.04566956,80.28012085,33865,33875,10
13.04561996,80.28011322,33875,33885,10
13.04520035,80.28005981,33885,33896,11
13.04440022,80.27993774,33896,33906,10
13.04372025,80.27984619,33906,33916,10
13.04310036,80.27971649,33916,33926,10
13.04214954,80.27953339,33926,33936,10
13.04104042,80.27931976,33936,33946,10
13.04006958,80.27906799,33946,33955,9
13.03948021,80.27887726,33955,33966,11
13.03899002,80.27880096,33966,33976,10
13.03897953,80.27880096,33976,33986,10
13.03892994,80.27880096,33986,33997,11
13.03845978,80.27861786,33997,34007,10
13.03777981,80.27841949,34007,34017,10
13.03721046,80.27822876,34017,34027,10
13.03649998,80.27796936,34027,34037,10
13.03565025,80.27776337,34037,34047,10
13.03483009,80.27761078,34047,34057,10
13.03407001,80.27742004,34057,34067,10
13.03324032,80.27741241,34067,34077,10
13.03236961,80.27747345,34077,34087,10
13.03143024,80.27754211,34087,34097,10
13.03087997,80.27723694,34097,34108,11
13.03083992,80.27722931,34108,34118,10
13.03063965,80.27709961,34118,34128,10
13.02997971,80.27680206,34128,34138,10
13.02915955,80.2765274,34138,34148,10
13.02859974,80.27629852,34148,34158,10
13.02801991,80.27607727,34158,34168,10
13.02721977,80.27571869,34168,34184,16
13.02647018,80.27539825,34184,34196,12
13.02602005,80.27522278,34196,34206,10
13.02600002,80.27520752,34206,34216,10
13.02591038,80.27519226,34216,34227,11
13.02542019,80.27496338,34227,34237,10
13.02466011,80.27459717,34237,34247,10
13.02420044,80.27410126,34247,34257,10
13.02381039,80.27359009,34257,34267,10
13.02330971,80.27295685,34267,34277,10
13.0227499,80.2722168,34277,34287,10
13.02225018,80.27156067,34287,34297,10
13.02180004,80.27097321,34297,34307,10
13.02126026,80.27031708,34307,34317,10
13.02087975,80.2698822,34317,34328,11
13.02087021,80.26985931,34328,34338,10
13.02077007,80.26972198,34338,34348,10
13.02044964,80.26931763,34348,34358,10
13.01994991,80.26864624,34358,34368,10
13.01941967,80.26799774,34368,34377,9
13.01916027,80.2677002,34377,34388,11
13.01885986,80.26731873,34388,34398,10
13.01869965,80.266922,34398,34407,9
13.01863003,80.26647949,34407,34418,11
13.01863956,80.26583862,34418,34428,10
13.01881981,80.26513672,34428,34438,10
13.01906013,80.26432037,34438,34449,11
13.01900005,80.26364136,34449,34459,10
13.01895046,80.26329803,34459,34469,10
13.01889992,80.26300049,34469,34479,10
13.01887035,80.26274109,34479,34489,10
13.01881027,80.2620697,34489,34499,10
13.01865959,80.26132202,34499,34509,10
13.01819992,80.26094055,34509,34519,10
13.01776028,80.26065063,34519,34529,10
13.01718044,80.26029205,34529,34539,10
13.01655006,80.25988007,34539,34549,10
13.01609993,80.25966644,34549,34560,11
13.01603031,80.25965118,34560,34570,10
13.01564026,80.25948334,34570,34580,10
13.01498985,80.25932312,34580,34590,10
13.01397991,80.25926208,34590,34600,10
13.01294994,80.25921631,34600,34610,10
13.01189995,80.25917053,34610,34620,10
13.01089001,80.25917053,34620,34630,10
13.00981998,80.25919342,34630,34640,10
13.0089798,80.25917053,34640,34650,10
13.00866985,80.25914764,34650,34660,10
13.00823975,80.25914001,34660,34671,11
13.00747013,80.2594986,34671,34681,10
13.00722027,80.26007843,34681,34691,10
13.00724983,80.26048279,34691,34701,10
13.00734997,80.26107025,34701,34711,10
13.00741005,80.26126862,34711,34721,10
13.00751972,80.26174927,34721,34731,10
13.00765038,80.26241302,34731,34741,10
13.00778008,80.26290131,34741,34751,10
13.00788975,80.26345825,34751,34761,10
13.00794983,80.26438141,34761,34771,10
13.00782013,80.26540375,34771,34782,11
13.00763988,80.2663269,34782,34792,10
13.00745964,80.26708984,34792,34802,10
13.00722027,80.26808929,34802,34812,10
13.00697994,80.26918793,34812,34822,10
13.00673962,80.27018738,34822,34832,10
13.00607014,80.27044678,34832,34842,10
13.00529957,80.26992798,34842,34852,10
13.00440979,80.26930237,34852,34862,10
13.00317001,80.26864624,34862,34882,20
13.00317001,80.26864624,34882,34893,11
13.00273991,80.26834869,34893,34903,10
13.00212955,80.26790619,34903,34913,10
13.00146008,80.26750183,34913,34923,10
13.00102043,80.26722717,34923,34933,10
13.0010004,80.26722717,34933,34943,10
13.00082016,80.26712799,34943,34953,10
13.00059986,80.26696777,34953,34963,10
12.99995041,80.26686859,34963,34973,10
12.99907017,80.26711273,34973,34983,10
12.99814034,80.26734924,34983,34993,10
12.99717999,80.26763916,34993,35003,10
12.99629021,80.2677002,35003,35014,11
12.99567032,80.26734161,35014,35044,30
12.99567032,80.26734161,35044,35054,10
12.9957304,80.26728058,35054,35064,10
12.99578953,80.26683807,35064,35074,10
12.99586964,80.26605988,35074,35084,10
12.99596977,80.26509857,35084,35094,10
12.99608994,80.26413727,35094,35104,10
12.99619961,80.26322174,35104,35114,10
12.99623966,80.26271057,35114,35125,11
12.99625969,80.26255798,35125,35135,10
12.99629974,80.26249695,35135,35145,10
12.99633026,80.26215363,35145,35155,10
12.9963398,80.26174927,35155,35165,10
12.99641991,80.2610321,35165,35175,10
12.99652958,80.26026154,35175,35185,10
12.99660015,80.2594986,35185,35195,10
12.99664021,80.25875854,35195,35205,10
12.99676991,80.25788879,35205,35215,10
12.9968996,80.25692749,35215,35225,10
12.99693966,80.25643158,35225,35236,11
12.99695015,80.25601959,35236,35336,100
12.99695015,80.25601959,35336,35347,11
12.99697971,80.25579071,35347,35357,10
12.99691963,80.25527954,35357,35367,10
12.99680042,80.25454712,35367,35377,10
12.99621964,80.25392151,35377,35387,10
12.99553967,80.25325775,35387,35397,10
12.9950304,80.25257874,35397,35407,10
12.99483967,80.25243378,35407,35417,10
12.99454021,80.25254059,35417,35427,10
12.99440002,80.25257111,35427,35437,10
12.99423981,80.25263214,35437,35447,10
12.99374962,80.25280762,35447,35458,11
12.99318981,80.25296021,35458,35468,10
12.99265003,80.25296021,35468,35478,10
12.99199963,80.25314331,35478,35488,10
12.99139977,80.25350189,35488,35498,10
12.99098015,80.25421906,35498,35508,10
12.99077034,80.25536346,35508,35518,10
12.99073029,80.25592041,35518,35548,30
12.99073029,80.25592041,35548,35558,10
12.99061966,80.25611115,35558,35569,11
12.9902401,80.2561264,35569,35579,10
12.98948956,80.25608063,35579,35589,10
12.98875046,80.25604248,35589,35599,10
12.98859978,80.25601196,35599,35609,10
12.98830032,80.25592804,35609,35619,10
12.98820019,80.25589752,35619,35629,10
12.98787975,80.25588989,35629,35639,10
12.98764038,80.25631714,35639,35649,10
12.98754025,80.2569809,35649,35659,10
12.98746967,80.25769806,35659,35669,10
12.98744011,80.25852966,35669,35685,16
12.9872303,80.259552,35685,35718,33
12.9872303,80.259552,35718,35727,9
12.98692036,80.25956726,35727,35738,11
12.98659992,80.25939178,35738,35748,10
12.98666,80.2591095,35748,35757,9
12.98717976,80.25908661,35757,35799,42
12.98717976,80.25908661,35799,35809,10
12.98729038,80.25913239,35809,35819,10
12.98738003,80.25881958,35819,35829,10
12.98742008,80.25830078,35829,35839,10
12.98746967,80.25772858,35839,35849,10
12.98752975,80.25691986,35849,35859,10
12.98756981,80.25621033,35859,36049,190
12.98756981,80.25621033,36049,36058,9
12.98750973,80.25598145,36058,36069,11
12.98768997,80.25575256,36069,36079,10
12.98808956,80.25579834,36079,36089,10
12.9886198,80.25585938,36089,36109,20
12.9886198,80.25585938,36109,36119,10
12.98886013,80.255867,36119,36129,10
12.9894104,80.25592041,36129,36140,11
12.98999977,80.25598145,36140,36150,10
12.9902401,80.2559967,36150,36160,10
12.99057961,80.25595093,36160,36170,10
12.9907999,80.2556076,36170,36180,10
12.99081039,80.25488281,36180,36190,10
12.99090004,80.25406647,36190,36200,10
12.99145985,80.25331879,36200,36210,10
12.99225998,80.25298309,36210,36220,10
12.99293041,80.25292969,36220,36230,10
12.99351978,80.25276947,36230,36240,10
12.99409962,80.25261688,36240,36251,11
12.99470043,80.25245667,36251,36261,10
12.99499989,80.25240326,36261,36271,10
12.99510956,80.25276184,36271,36287,16
12.99518967,80.25299072,36287,36299,12
12.99555969,80.25338745,36299,36309,10
12.99612045,80.25390625,36309,36319,10
12.99670029,80.25453949,36319,36329,10
12.99687004,80.25537109,36329,36339,10
12.9969902,80.25589752,36339,36349,10
12.99693966,80.256073,36349,36360,11
12.99680996,80.25637054,36360,36370,10
12.9967804,80.25697327,36370,36400,30
12.9967804,80.25697327,36400,36410,10
12.99670029,80.2572403,36410,36420,10
12.99664974,80.25782013,36420,36430,10
12.99658012,80.25865173,36430,36440,10
12.99650002,80.25940704,36440,36450,10
12.99645042,80.26006317,36450,36460,10
12.99639034,80.26065826,36460,36471,11
12.99633026,80.26129913,36471,36481,10
12.99627972,80.26181793,36481,36491,10
12.99627972,80.26203156,36491,36501,10
12.99623966,80.26238251,36501,36511,10
12.99623013,80.26238251,36511,36521,10
12.99617958,80.26254272,36521,36531,10
12.99612045,80.26302338,36531,36541,10
12.99606037,80.26370239,36541,36551,10
12.99596977,80.26455688,36551,36561,10
12.99592018,80.26521301,36561,36571,10
12.99590015,80.26535797,36571,36581,10
12.99582958,80.26586151,36581,36592,11
12.99571037,80.26677704,36592,36602,10
12.99565983,80.26753235,36602,36612,10
12.99621964,80.26772308,36612,36642,30
12.99621964,80.26772308,36642,36652,10
12.99645042,80.26779938,36652,36662,10
12.99697971,80.26773834,36662,36672,10
12.99767971,80.26753235,36672,36682,10
12.99824047,80.26737213,36682,36692,10
12.99903965,80.26712036,36692,36703,11
13.00002003,80.2667923,36703,36713,10
13.00102043,80.26727295,36713,36733,20
13.00102043,80.26727295,36733,36743,10
13.00117016,80.26735687,36743,36753,10
13.00160027,80.26760864,36753,36763,10
13.00226974,80.26805115,36763,36773,10
13.00300026,80.26847839,36773,36783,10
13.00337982,80.26869965,36783,36793,10
13.00345039,80.26876068,36793,36803,10
13.00384045,80.26901245,36803,36814,11
13.00461006,80.2694931,36814,36830,16
13.00588036,80.27024841,36830,36842,12
13.00673008,80.27014923,36842,36852,10
13.00699043,80.26934052,36852,36860,8
13.00708008,80.26869202,36860,36872,12
13.00726986,80.2677002,36872,36882,10
13.00755024,80.26687622,36882,36892,10
13.00763035,80.26654053,36892,36902,10
13.00769997,80.26622772,36902,36912,10
13.00776005,80.26576233,36912,36923,11
13.00796986,80.26480865,36923,36933,10
13.00798988,80.26416016,36933,36943,10
13.00788975,80.2633667,36943,36953,10
13.00782967,80.26278687,36953,36963,10
13.00767994,80.26235962,36963,36973,10
13.00747967,80.2616806,36973,36983,10
13.00734997,80.26139832,36983,36993,10
13.00734043,80.26132202,36993,37003,10
13.0072403,80.26103973,37003,37013,10
13.00718975,80.26083374,37013,37023,10
13.00704002,80.26052856,37023,37033,10
13.00714016,80.25994873,37033,37044,11
13.00728989,80.25910187,37044,37054,10
13.00745964,80.25869751,37054,37064,10
13.00747013,80.25869751,37064,37074,10
13.00796986,80.2587204,37074,37090,16
13.00856972,80.25894165,37090,37102,12
13.00876045,80.25901794,37102,37112,10
13.00922966,80.25904846,37112,37121,9
13.01012993,80.25906372,37121,37132,11
13.01126003,80.25904846,37132,37142,10
13.01231956,80.25907135,37142,37153,11
13.0135603,80.2591095,37153,37163,10
13.01463032,80.25914001,37163,37173,10
13.01558018,80.2592392,37173,37183,10
13.0164299,80.2596817,37183,37203,20
13.0164299,80.2596817,37203,37213,10
13.0166502,80.25988007,37213,37223,10
13.01716042,80.26023102,37223,37233,10
13.01776981,80.26065063,37233,37243,10
13.01826,80.26097107,37243,37253,10
13.01871967,80.26132202,37253,37264,11
13.01912022,80.2616806,37264,37274,10
13.01933956,80.26187897,37274,37284,10
13.01963997,80.26222229,37284,37294,10
13.02017021,80.26273346,37294,37304,10
13.02005005,80.26300812,37304,37314,10
13.01943016,80.26293945,37314,37324,10
13.01895046,80.26300049,37324,37334,10
13.01910973,80.26390839,37334,37354,20
13.01910973,80.26390839,37354,37364,10
13.01912022,80.26426697,37364,37375,11
13.01898003,80.2648468,37375,37385,10
13.01883984,80.26537323,37385,37395,10
13.01869965,80.26586151,37395,37405,10
13.0187397,80.26682281,37405,37415,10
13.01910019,80.26766968,37415,37425,10
13.01949978,80.2681427,37425,37435,10
13.01992035,80.26863098,37435,37445,10
13.02050018,80.26931763,37445,37455,10
13.02106953,80.26997375,37455,37465,10
13.02149963,80.27046967,37465,37475,10
13.02155972,80.27055359,37475,37486,11
13.0218401,80.2709198,37486,37496,10
13.02233982,80.27159882,37496,37506,10
13.02297974,80.27246857,37506,37516,10
13.02355003,80.27323914,37516,37526,10
13.02398014,80.27381134,37526,37536,10
13.02423954,80.27416229,37536,37546,10
13.02455997,80.27454376,37546,37556,10
13.02490044,80.27474213,37556,37566,10
13.02525997,80.27487946,37566,37576,10
13.02532959,80.2749176,37576,37586,10
13.02536011,80.27494049,37586,37596,10
13.02556992,80.27501678,37596,37607,11
13.02602959,80.27523041,37607,37617,10
13.02635956,80.27539825,37617,37627,10
13.02698994,80.27568054,37627,37637,10
13.02764034,80.27597046,37637,37647,10
13.02812958,80.27619171,37647,37657,10
13.02832031,80.27628326,37657,37667,10
13.0284996,80.27633667,37667,37677,10
13.02896023,80.27648926,37677,37687,10
13.02945042,80.27664185,37687,37697,10
13.02985954,80.27671814,37697,37707,10
13.02991962,80.27674103,37707,37718,11
13.0302,80.27687836,37718,37728,10
13.03073025,80.27716827,37728,37738,10
13.03139973,80.27755737,37738,37748,10
13.03219986,80.27754211,37748,37758,10
13.03269958,80.27747345,37758,37768,10
13.03271008,80.27747345,37768,37778,10
13.03295994,80.27744293,37778,37788,10
13.03369045,80.27732849,37788,37798,10
13.03446007,80.27754211,37798,37808,10
13.03509998,80.27765656,37808,37818,10
13.03555965,80.27774048,37818,37829,11
13.03621006,80.27786255,37829,37839,10
13.03678036,80.27806091,37839,37849,10
13.03711033,80.2782135,37849,37859,10
13.03761005,80.27835846,37859,37869,10
13.03824043,80.27852631,37869,37879,10
13.03878021,80.27867126,37879,37889,10
13.03888035,80.27870941,37889,37899,10
13.03913975,80.27880859,37899,37909,10
13.03964996,80.2789917,37909,37919,10
13.04053974,80.27922821,37919,37935,16
13.04236031,80.27951813,37935,37948,13
13.04308987,80.27957916,37948,37977,29
13.04308987,80.27957916,37977,37988,11
13.04314041,80.27957153,37988,37998,10
13.04354,80.27967072,37998,38008,10
13.04415989,80.27983856,38008,38018,10
13.04504013,80.27996826,38018,38028,10
13.04568005,80.28005219,38028,38038,10
13.0459404,80.28009033,38038,38048,10
13.0464201,80.28018188,38048,38059,11
13.04734039,80.28031921,38059,38069,10
13.0482502,80.28043365,38069,38079,10
13.04907036,80.28051758,38079,38089,10
13.04930019,80.28056335,38089,38099,10
13.04950047,80.28058624,38099,38109,10
13.05014992,80.28069305,38109,38119,10
13.05101967,80.28083038,38119,38129,10
13.05191994,80.28096008,38129,38139,10
13.05270004,80.28108215,38139,38149,10
13.05315018,80.28114319,38149,38159,10
13.05389023,80.28127289,38159,38170,11
13.05488968,80.28147888,38170,38180,10
13.05580997,80.28166199,38180,38190,10
13.05646038,80.2817688,38190,38200,10
13.05648041,80.28177643,38200,38210,10
13.05655003,80.28179932,38210,38220,10
13.05661964,80.2818222,38220,38230,10
13.05694008,80.28188324,38230,38240,10
13.05764961,80.28202057,38240,38250,10
13.05854988,80.2822113,38250,38260,10
13.05963039,80.28244019,38260,38270,10
13.06070995,80.28263855,38270,38281,11
13.06190968,80.28289795,38281,38291,10
13.06280041,80.28309631,38291,38300,9
13.06301022,80.28314209,38300,38311,11
13.06305981,80.28317261,38311,38321,10
13.06344032,80.28325653,38321,38331,10
13.06424046,80.28347015,38331,38341,10
13.06523991,80.28366852,38341,38351,10
13.06639004,80.2838974,38351,38361,10
13.06723976,80.28407288,38361,38371,10
13.06746006,80.28411102,38371,38381,10
13.06772041,80.2841568,38381,38392,11
13.06824017,80.28426361,38392,38402,10
13.06892967,80.2844162,38402,38412,10
13.06999969,80.28469086,38412,38422,10
13.07116985,80.2849884,38422,38432,10
13.07234001,80.2852478,38432,38442,10
13.0734396,80.28527069,38442,38452,10
13.07394028,80.28553009,38452,38462,10
13.07394981,80.28555298,38462,38472,10
13.0740099,80.28569031,38472,38482,10
13.07431984,80.28604126,38482,38492,10
13.07468987,80.28629303,38492,38502,10
13.07470036,80.28630066,38502,38513,11
13.07505035,80.28652954,38513,38523,10
13.07551003,80.28679657,38523,38533,10
13.07629013,80.28707123,38533,38543,10
13.07726955,80.28733826,38543,38553,10
13.0783596,80.28762054,38553,38563,10
13.0792799,80.28795624,38563,38573,10
13.07971001,80.28803253,38573,38583,10
13.07971954,80.28803253,38583,38593,10
13.08001995,80.2881012,38593,38603,10
13.08051968,80.2882309,38603,38614,11
13.08084011,80.28829193,38614,38624,10
13.08088017,80.28830719,38624,38634,10
13.08127975,80.28845978,38634,38644,10
13.08187962,80.28868866,38644,38654,10
13.08236027,80.28884125,38654,38664,10
13.0824604,80.28888702,38664,38674,10
13.08285999,80.28910065,38674,38684,10
13.08353996,80.28916931,38684,38694,10
13.08436012,80.28914642,38694,38704,10
13.08545017,80.28916931,38704,38714,10
13.08658981,80.28946686,38714,38725,11
13.0876503,80.28986359,38725,38735,10
13.0887804,80.29016113,38735,38815,80
13.0887804,80.29016113,38815,38825,10
13.08872032,80.29038239,38825,38835,10
13.08817959,80.29013062,38835,38846,11
13.08728027,80.2898407,38846,38856,10
13.08648968,80.28961945,38856,38866,10
13.08582973,80.28945923,38866,38876,10
13.08545971,80.28891754,38876,38886,10
13.08516026,80.28820801,38886,38896,10
13.08512974,80.28730011,38896,38906,10
13.08522034,80.28623199,38906,38916,10
13.08530998,80.28520203,38916,38926,10
13.08528042,80.28443146,38926,38936,10
13.0852499,80.2843399,38936,38946,10
13.08522034,80.28421783,38946,38957,11
13.08537006,80.28385162,38957,38967,10
13.08551025,80.28354645,38967,38977,10
13.08594036,80.28353119,38977,38987,10
13.08631039,80.28359985,38987,39024,37
13.08672047,80.28401184,39024,39035,11
13.08687973,80.2840271,39035,39046,11
13.08701038,80.28394318,39046,39601,555
13.08701038,80.28394318,39601,39611,10
13.08734989,80.28394318,39611,39621,10
13.08753014,80.28394318,39621,39632,11
13.08782959,80.28398132,39632,39652,20
13.08782959,80.28398132,39652,39662,10
13.08782959,80.2840271,39662,39672,10
13.08788967,80.28404236,39672,39682,10
13.08808994,80.28373718,39682,39722,40
13.08813953,80.28363037,39722,39742,20
13.08813953,80.28363037,39742,39753,11
13.08827972,80.28330231,39753,39763,10
13.0882597,80.28299713,39763,39773,10
13.08827019,80.2826004,39773,39783,10
13.08821964,80.28224182,39783,39793,10
13.08813953,80.28185272,39793,39803,10
13.08804989,80.28147125,39803,39813,10
13.08808041,80.28143311,39813,39823,10
13.08821011,80.28140259,39823,39833,10
13.08848953,80.28157806,39833,39843,10
13.08841991,80.28202057,39843,39853,10
13.08833981,80.28250122,39853,39864,11
13.08827972,80.28312683,39864,39874,10
13.08831024,80.28378296,39874,39884,10
13.08835983,80.28443909,39884,39894,10
13.08839035,80.2849884,39894,39954,60
13.08839035,80.2849884,39954,39964,10
13.08837986,80.28507233,39964,39981,17
13.08843994,80.28559113,39981,39993,12
13.08845997,80.28591919,39993,40003,10
13.08848,80.28636932,40003,40012,9
13.08852005,80.28659821,40012,40022,10
13.08854961,80.28713989,40022,40036,14
13.08858013,80.28755188,40036,40046,10
13.08862019,80.28804016,40046,40056,10
13.08866024,80.28852844,40056,40066,10
13.08870029,80.28887939,40066,40076,10
13.08874989,80.28938293,40076,40087,11
13.08874989,80.28942108,40087,40097,10
13.08876038,80.289711,40097,40107,10
13.0887804,80.29016876,40107,40152,45
13.0887804,80.29016876,40152,40161,9
13.08876038,80.29033661,40161,40172,11
13.08837032,80.2902832,40172,40183,11
13.08757973,80.28988647,40183,40193,10
13.08670044,80.28957367,40193,40204,11
13.08545971,80.28926849,40204,40214,10
13.08454037,80.28919983,40214,40224,10
13.08360004,80.28922272,40224,40234,10
13.08279037,80.28912354,40234,40244,10
13.0824604,80.28900146,40244,40254,10
13.08230019,80.28890991,40254,40264,10
13.08185959,80.28878021,40264,40274,10
13.08115959,80.2884903,40274,40284,10
13.07999992,80.28820038,40284,40304,20
13.07999992,80.28820038,40304,40315,11
13.07977009,80.28813934,40315,40325,10
13.0791502,80.28797913,40325,40335,10
13.07818985,80.28762054,40335,40345,10
13.0769701,80.28729248,40345,40355,10
13.07579994,80.28697968,40355,40365,10
13.07505989,80.28662109,40365,40375,10
13.07446003,80.28623962,40375,40385,10
13.07406044,80.28614807,40385,40395,10
13.07392979,80.28610992,40395,40405,10
13.07341957,80.2859726,40405,40415,10
13.07275963,80.28562164,40415,40426,11
13.07172012,80.28524017,40426,40436,10
13.07054043,80.28492737,40436,40446,10
13.06931019,80.28465271,40446,40456,10
13.06816959,80.28439331,40456,40466,10
13.06704044,80.28418732,40466,40476,10
13.06585026,80.2838974,40476,40486,10
13.06482029,80.28366852,40486,40496,10
13.06414032,80.28354645,40496,40516,20
13.06414032,80.28354645,40516,40526,10
13.06408978,80.28353119,40526,40537,11
13.06354046,80.28337097,40537,40547,10
13.06247997,80.28309631,40547,40567,20
13.06247997,80.28309631,40567,40577,10
13.06212044,80.28302002,40577,40587,10
13.06140995,80.2828598,40587,40597,10
13.06054974,80.28263855,40597,40607,10
13.05951977,80.28246307,40607,40617,10
13.05838013,80.28221893,40617,40627,10
13.05735016,80.28202057,40627,40637,10
13.05667973,80.28189087,40637,40648,11
13.05663967,80.28189087,40648,40658,10
13.05644035,80.28185272,40658,40668,10
13.05582047,80.28173065,40668,40678,10
13.0548296,80.28151703,40678,40688,10
13.05368042,80.28127289,40688,40698,10
13.0525198,80.28108215,40698,40708,10
13.05138969,80.28092194,40708,40718,10
13.05049992,80.2808075,40718,40728,10
13.05027008,80.28076935,40728,40738,10
13.05002975,80.2807312,40738,40748,10
13.04932022,80.28060913,40748,40758,10
13.0482502,80.28045654,40758,40775,17
13.04636002,80.2802124,40775,40787,12
13.04564953,80.28012848,40787,40797,10
13.0454998,80.28011322,40797,40807,10
13.04483986,80.28000641,40807,40817,10
13.04360008,80.2798233,40817,40857,40
13.04360008,80.2798233,40857,40867,10
13.04354,80.27979279,40867,40878,11
13.04294968,80.27964783,40878,40888,10
13.04195976,80.27947235,40888,40898,10
13.04096985,80.27928925,40898,40908,10
13.04006004,80.27909088,40908,40918,10
13.0392704,80.27886963,40918,40928,10
13.03901005,80.27880859,40928,40938,10
13.03894043,80.27877808,40938,40948,10
13.03855991,80.27864075,40948,40958,10
13.03794956,80.27842712,40958,40968,10
13.03732967,80.27825928,40968,40978,10
13.03695011,80.27815247,40978,40989,11
13.03647995,80.27796173,40989,40999,10
13.03600025,80.27781677,40999,41009,10
13.03547955,80.27773285,41009,41019,10
13.0348196,80.27760315,41019,41029,10
13.03417969,80.27745056,41029,41038,9
13.03374958,80.27735901,41038,41049,11
13.03339958,80.27736664,41049,41059,10
13.03271961,80.27745819,41059,41069,10
13.03211975,80.27749634,41069,41079,10
13.03199005,80.27754211,41079,41089,10
13.03178978,80.27754974,41089,41099,10
13.03131008,80.27749634,41099,41110,11
13.03089046,80.2772522,41110,41120,10
13.03079987,80.27719116,41120,41130,10
13.03042984,80.27697754,41130,41140,10
13.02997017,80.2767868,41140,41150,10
13.02952957,80.2766571,41150,41160,10
13.02896023,80.27648926,41160,41170,10
13.02844048,80.27628326,41170,41180,10
13.0279398,80.27609253,41180,41190,10
13.02744961,80.27594757,41190,41200,10
13.02678013,80.27558136,41200,41210,10
13.02616024,80.27528381,41210,41221,11
13.02597046,80.27519989,41221,41231,10
13.02577972,80.27510071,41231,41241,10
13.02525997,80.27490234,41241,41251,10
13.02462006,80.27464294,41251,41261,10
13.02425957,80.27430725,41261,41289,28
13.02425957,80.27430725,41289,41299,10
13.02414036,80.27420807,41299,41309,10
13.0237999,80.27371216,41309,41320,11
13.02320004,80.27288818,41320,41330,10
13.02258968,80.27207184,41330,41340,10
13.02194977,80.27121735,41340,41351,11
13.02130985,80.27041626,41351,41361,10
13.02089024,80.26997375,41361,41371,10
13.02085972,80.26992798,41371,41381,10
13.02066994,80.2696228,41381,41392,11
13.02019978,80.26904297,41392,41402,10
13.01959038,80.26828766,41402,41412,10
13.01910019,80.26770782,41412,41422,10
13.01891994,80.26751709,41422,41432,10
13.01869011,80.26696014,41432,41443,11
13.01861,80.2660675,41443,41453,10
13.0187397,80.26541901,41453,41463,10
13.01900005,80.26450348,41463,41473,10
13.01902008,80.26373291,41473,41483,10
13.01896,80.26332092,41483,41493,10
13.01889992,80.26303864,41493,41502,9
13.01889038,80.26289368,41502,41513,11
13.01885986,80.26239014,41513,41523,10
13.01881981,80.26168823,41523,41533,10
13.01875019,80.26141357,41533,41543,10
13.01858044,80.26122284,41543,41554,11
13.01813984,80.26094055,41554,41564,10
13.01784992,80.26072693,41564,41574,10
13.01733971,80.26039886,41574,41584,10
13.01661968,80.25994873,41584,41594,10
13.01605034,80.25965881,41594,41596,2
13.01605034,80.25965881,41596,41642,46
13.01270008,80.25923157,41642,41652,10
13.01158047,80.25920105,41652,41662,10
13.01051044,80.25921631,41662,41673,11
13.00955963,80.25926971,41673,41683,10
13.00893974,80.2592392,41683,41693,10
13.00870037,80.2592392,41693,41703,10
13.00829029,80.25920105,41703,41713,10
13.00809956,80.2591629,41713,41723,10
13.00761986,80.25933838,41723,41732,9
13.0072403,80.25982666,41732,41745,13
13.0072403,80.26045227,41745,41755,10
13.00734043,80.2609787,41755,41765,10
13.00743961,80.26138306,41765,41775,10
13.00751972,80.2616806,41775,41785,10
13.00767994,80.26241302,41785,41796,11
13.00782013,80.26304626,41796,41806,10
13.00796986,80.26373291,41806,41816,10
13.00802994,80.2646637,41816,41839,23
13.00763988,80.2664566,41839,41851,12
13.00741005,80.26738739,41851,41861,10
13.00720024,80.26837921,41861,41871,10
13.00697041,80.26956177,41871,41881,10
13.00650978,80.27043152,41881,41891,10
13.00570011,80.27015686,41891,41901,10
13.00475025,80.26960754,41901,41912,11
13.00389957,80.26908875,41912,41922,10
13.00329971,80.2687912,41922,41931,9
13.00323009,80.26873016,41931,41943,12
13.00302029,80.26853943,41943,41953,10
13.00263977,80.26830292,41953,41963,10
13.00191975,80.26789856,41963,41973,10
13.00142002,80.26753998,41973,41983,10
13.00117016,80.26741028,41983,41993,10
13.00098038,80.26728821,41993,42003,10
13.00055981,80.26699066,42003,42014,11
12.99983978,80.26695251,42014,42024,10
12.99901009,80.26714325,42024,42034,10
12.99818039,80.26731873,42034,42044,10
12.99742031,80.2675705,42044,42054,10
12.99674034,80.2677536,42054,42064,10
12.99610043,80.26772308,42064,42074,10
12.99567986,80.26760864,42074,42094,20
12.99567986,80.26760864,42094,42104,10
12.9956398,80.26741028,42104,42124,20
12.9956398,80.26741028,42124,42135,11
12.9957304,80.26689911,42135,42145,10
12.99580956,80.26612854,42145,42155,10
12.99590969,80.26522827,42155,42165,10
12.99600029,80.26450348,42165,42175,10
12.99606991,80.26390839,42175,42185,10
12.99615002,80.26312256,42185,42205,20
12.99615002,80.26312256,42205,42215,10
12.99617958,80.26287842,42215,42225,10
12.9962101,80.26262665,42225,42235,10
12.99627018,80.2624588,42235,42246,11
12.99631977,80.26209259,42246,42256,10
12.99631977,80.26184845,42256,42266,10
12.99633026,80.26161957,42266,42276,10
12.99639034,80.2609787,42276,42286,10
12.99645996,80.26039124,42286,42296,10
12.99648952,80.26000977,42296,42306,10
12.99648952,80.25991058,42306,42316,10
12.99650955,80.259758,42316,42326,10
12.99654961,80.25956726,42326,42336,10
12.9965601,80.25939178,42336,42346,10
12.99660015,80.25891876,42346,42357,11
12.99670029,80.25807953,42357,42367,10
12.99674034,80.25756836,42367,42397,30
12.99674034,80.25756836,42397,42407,10
12.99676991,80.25737,42407,42417,10
12.99680042,80.25711823,42417,42427,10
12.99682999,80.25694275,42427,42437,10
12.99685955,80.25617981,42437,42597,160
12.99685955,80.25617981,42597,42607,10
12.99683952,80.25585175,42607,42617,10
12.99685955,80.25582886,42617,42627,10
12.99687958,80.25556946,42627,42637,10
12.99683952,80.25495148,42637,42647,10
12.99656963,80.2542038,42647,42657,10
12.99594021,80.25376892,42657,42667,10
12.9953804,80.2532196,42667,42677,10
12.99508953,80.25269318,42677,42687,10
12.99456024,80.25251007,42687,42718,31
12.99456024,80.25251007,42718,42728,10
12.99394989,80.25270844,42728,42738,10
12.99341965,80.2527771,42738,42748,10
12.99273014,80.25286102,42748,42758,10
12.9917202,80.25328064,42758,42774,16
12.99090958,80.25479889,42774,42786,12
12.9907999,80.25592804,42786,42826,40
12.9907999,80.25592804,42826,42836,10
12.9905901,80.25608063,42836,42847,11
12.99018002,80.25608063,42847,42857,10
12.98987961,80.25605011,42857,42865,8
12.9896698,80.25604248,42865,42877,12
12.98915958,80.25601959,42877,42886,9
12.98865032,80.25595093,42886,42896,10
12.98822021,80.25589752,42896,42907,11
12.9881897,80.25588989,42907,42917,10
12.98793983,80.25583649,42917,42928,11
12.98764038,80.25610352,42928,42938,10
12.98758984,80.25675964,42938,42948,10
12.98752022,80.25762939,42948,42958,10
12.98744011,80.25862122,42958,42968,10
12.98731995,80.25923157,42968,42978,10
12.98715973,80.25965118,42978,42988,10
12.9871397,80.25968933,42988,42998,10
12.98703957,80.25978851,42998,43008,10
12.9868803,80.25974274,43008,43018,10
12.98661041,80.25965118,43018,43028,10
12.98647976,80.25936127,43028,43039,11
12.98647976,80.25935364,43039,43049,10
12.98682022,80.2591629,43049,43079,30
12.98682022,80.2591629,43079,43089,10
12.98700047,80.25914764,43089,43099,10
12.98715973,80.25913239,43099,43109,10
12.98729038,80.2590332,43109,43119,10
12.98735046,80.25875854,43119,43160,41
12.98735046,80.25875854,43160,43170,10
12.98742008,80.25839996,43170,43180,10
12.98744965,80.25794983,43180,43250,70
12.98744965,80.25794983,43250,43260,10
12.98746967,80.25771332,43260,43271,11
12.9874897,80.2572937,43271,43281,10
12.98752975,80.25688171,43281,43291,10
12.98760033,80.25605774,43291,43301,10
12.98779011,80.2557373,43301,43311,10
12.98812962,80.25579834,43311,43331,20
12.98812962,80.25579834,43331,43341,10
12.98834038,80.25585938,43341,43361,20
12.98834038,80.25585938,43361,43371,10
12.98851013,80.25588226,43371,43382,11
12.98878002,80.25591278,43382,43392,10
12.98890018,80.25592041,43392,43402,10
12.98927975,80.25595856,43402,43412,10
12.99005985,80.2559967,43412,43422,10
12.99065971,80.25585938,43422,43432,10
12.99075031,80.25541687,43432,43442,10
12.99083042,80.25479126,43442,43452,10
12.99098015,80.25405884,43452,43462,10
12.9914999,80.25328827,43462,43472,10
12.99195004,80.2530365,43472,43481,9
12.99236965,80.25296783,43481,43493,12
12.99306965,80.2529068,43493,43503,10
12.99376965,80.25272369,43503,43513,10
12.99431992,80.25257111,43513,43523,10
12.9948101,80.25245667,43523,43533,10
12.99512959,80.25273895,43533,43543,10
12.99524975,80.25302887,43543,43553,10
12.99565029,80.25343323,43553,43563,10
12.9962101,80.25396729,43563,43573,10
12.99668026,80.25447083,43573,43583,10
12.99687004,80.25524139,43583,43593,10
12.99695015,80.25567627,43593,43690,97
12.99695015,80.25567627,43690,43702,12
12.99693966,80.25585938,43702,43712,10
12.99693012,80.2562027,43712,43723,11
12.99687958,80.25656128,43723,43732,9
12.99683952,80.25666809,43732,43743,11
12.99678993,80.25705719,43743,43752,9
12.99674034,80.25752258,43752,43763,11
12.99668026,80.25804138,43763,43773,10
12.99664021,80.25852203,43773,43783,10
12.99658966,80.25906372,43783,43793,10
12.99654961,80.25939178,43793,43803,10
12.99650002,80.25981903,43803,43813,10
12.9964304,80.26055908,43813,43823,10
12.99637985,80.26117706,43823,43834,11
12.99635983,80.2614212,43834,43844,10
12.99633026,80.26157379,43844,43854,10
12.99631977,80.26161194,43854,43864,10
12.99629021,80.26186371,43864,43874,10
12.9962101,80.26222992,43874,43884,10
12.9962101,80.26236725,43884,43894,10
12.99615002,80.2625885,43894,43904,10
12.99613953,80.26293945,43904,43914,10
12.99608994,80.26348877,43914,43924,10
12.99602985,80.26428223,43924,43934,10
12.99596024,80.26493835,43934,43945,11
12.99592018,80.26532745,43945,43955,10
12.99588013,80.26560211,43955,43965,10
12.99580002,80.2663269,43965,43975,10
12.99569988,80.2671814,43975,43985,10
12.99569035,80.26760864,43985,43995,10
12.99625015,80.26776886,43995,44015,20
12.99625015,80.26776886,44015,44025,10
12.99654007,80.26777649,44025,44035,10
12.99705982,80.2677536,44035,44045,10
12.99740982,80.26759338,44045,44055,10
12.99775028,80.26746368,44055,44066,11
12.99839973,80.26727295,44066,44076,10
12.99919987,80.26702881,44076,44092,16
13.0004797,80.26699066,44092,44104,12
13.00096035,80.26725769,44104,44114,10
13.00104046,80.26731873,44114,44124,10
13.00139046,80.26756287,44124,44134,10
13.00207996,80.26796722,44134,44143,9
13.00280952,80.26840973,44143,44154,11
13.00335979,80.26873779,44154,44164,10
13.00339985,80.26876831,44164,44174,10
13.00374985,80.26902008,44174,44185,11
13.00442982,80.26943207,44185,44195,10
13.00520039,80.26992035,44195,44204,9
13.00597954,80.27036285,44204,44215,11
13.00669003,80.27017212,44215,44225,10
13.00699043,80.26920319,44225,44235,10
13.00716972,80.26821899,44235,44245,10
13.00743008,80.26714325,44245,44255,10
13.00763035,80.26641083,44255,44265,10
13.00776005,80.26600647,44265,44275,10
13.0079298,80.26534271,44275,44285,10
13.00804043,80.26450348,44285,44296,11
13.0080204,80.26378632,44296,44306,10
13.00796032,80.26347351,44306,44316,10
13.00786018,80.26309967,44316,44326,10
13.0078001,80.26280975,44326,44336,10
13.00763988,80.26222229,44336,44352,16
13.00749016,80.26146698,44352,44364,12
13.00743008,80.26117706,44364,44373,9
13.00741005,80.26078796,44373,44384,11
13.00743961,80.25997925,44384,44394,10
13.00741005,80.25914764,44394,44405,11
13.00763988,80.25868225,44405,44415,10
13.00825024,80.2589035,44415,44425,10
13.00856018,80.25900269,44425,44434,9
13.0087204,80.25906372,44434,44445,11
13.0092802,80.25907898,44445,44455,10
13.01021957,80.25907898,44455,44465,10
13.01126957,80.25908661,44465,44475,10
13.01243973,80.25908661,44475,44485,10
13.0135603,80.25913239,44485,44495,10
13.01465034,80.2591629,44495,44505,10
13.01566029,80.2592926,44505,44516,11
13.0163002,80.25958252,44516,44526,10
13.01640034,80.25965881,44526,44535,9
13.01646996,80.25971985,44535,44546,11
13.01681995,80.26000214,44546,44556,10
13.01745033,80.26043701,44556,44566,10
13.01801968,80.26083374,44566,44576,10
13.01856041,80.26119995,44576,44586,10
13.01902962,80.26161194,44586,44596,10
13.01935005,80.26186371,44596,44606,10
13.01980019,80.26232147,44606,44616,10
13.02025032,80.26280975,44616,44627,11
13.01994038,80.26294708,44627,44637,10
13.01945972,80.26293182,44637,44647,10
13.01906967,80.26309967,44647,44657,10
13.0190897,80.26367188,44657,44667,10
13.01906013,80.26457214,44667,44677,10
13.0188303,80.26531219,44677,44686,9
13.01871967,80.26569366,44686,44696,10
13.01867008,80.26647949,44696,44707,11
13.01898956,80.26747894,44707,44717,10
13.01955032,80.26821136,44717,44727,10
13.0197401,80.26843262,44727,44737,10
13.01984978,80.26859283,44737,44748,11
13.02033997,80.26924133,44748,44758,10
13.02091026,80.26992035,44758,44768,10
13.02138042,80.27046204,44768,44777,9
13.02140999,80.27050018,44777,44788,11
13.02169991,80.27086639,44788,44798,10
13.02221966,80.27155304,44798,44808,10
13.02289963,80.27243042,44808,44817,9
13.02338028,80.27308655,44817,44828,11
13.02359962,80.27336121,44828,44838,10
13.02361965,80.27339172,44838,44848,10
13.02387047,80.27374268,44848,44859,11
13.02420998,80.27423859,44859,44869,10
13.02472973,80.27469635,44869,44879,10
13.02528954,80.2749176,44879,44889,10
13.02534962,80.27494812,44889,44899,10
13.0254097,80.27497101,44899,44909,10
13.02563953,80.27506256,44909,44919,10
13.02595043,80.275177,44919,44929,10
13.02639961,80.27542114,44929,44939,10
13.02698994,80.27568054,44939,44949,10
13.02770042,80.27600098,44949,44960,11
13.02832985,80.27628326,44960,44971,11
13.02859974,80.27638245,44971,44981,10
13.02910042,80.27654266,44981,44991,10
13.02974033,80.27667999,44991,45001,10
13.02989006,80.2767334,45001,45011,10
13.03026009,80.27689362,45011,45021,10
13.03073978,80.27716064,45021,45031,10
13.03094959,80.27729797,45031,45040,9
13.03122044,80.27747345,45040,45050,10
13.03135014,80.27754211,45050,45061,11
13.03149033,80.27757263,45061,45071,10
13.03176022,80.27757263,45071,45082,11
13.03217983,80.27754211,45082,45092,10
13.03219986,80.27752686,45092,45102,10
13.03244019,80.27748108,45102,45122,20
13.03244019,80.27748108,45122,45132,10
13.03279018,80.27748108,45132,45142,10
13.03287983,80.27745819,45142,45152,10
13.03316021,80.27745056,45152,45162,10
13.03353977,80.27735138,45162,45172,10
13.03396034,80.27739716,45172,45182,10
13.03448963,80.27751923,45182,45193,11
13.03516006,80.27761841,45193,45203,10
13.03565979,80.27770996,45203,45213,10
13.03635979,80.27787018,45213,45223,10
13.03707981,80.2781601,45223,45233,10
13.03765011,80.27829742,45233,45243,10
13.0388298,80.27864838,45243,45263,20
13.0388298,80.27864838,45263,45273,10
13.03905964,80.27876282,45273,45283,10
13.03946018,80.27889252,45283,45293,10
13.0402298,80.27909851,45293,45303,10
13.04125023,80.27935028,45303,45314,11
13.0424099,80.27950287,45314,45324,10
13.04302025,80.27954865,45324,45354,30
13.04302025,80.27954865,45354,45364,10
13.04312992,80.27954865,45364,45374,10
13.04353046,80.27967072,45374,45384,10
13.04413033,80.27983856,45384,45394,10
13.04485989,80.27993774,45394,45404,10
13.04547024,80.2800293,45404,45414,10
13.0454998,80.28003693,45414,45425,11
13.04590034,80.28009796,45425,45435,10
13.04658985,80.28018188,45435,45445,10
13.04753971,80.28032684,45445,45455,10
13.04862022,80.2804718,45455,45465,10
13.04926968,80.28056335,45465,45475,10
13.0492897,80.28056335,45475,45485,10
13.04957962,80.2806015,45485,45495,10
13.05016994,80.28069305,45495,45505,10
13.05082035,80.28079987,45505,45515,10
13.05154991,80.28089905,45515,45525,10
13.05231953,80.28101349,45525,45536,11
13.05313969,80.28115845,45536,45546,10
13.05405045,80.28130341,45546,45556,10
13.05496025,80.28147888,45556,45566,10
13.05593967,80.28167725,45566,45576,10
13.05646992,80.28177643,45576,45586,10
13.05650043,80.28179169,45586,45596,10
13.05659962,80.2818222,45596,45606,10
13.0571804,80.28193665,45606,45626,20
13.0571804,80.28193665,45626,45636,10
13.05747032,80.28199768,45636,45646,10
13.05811024,80.28212738,45646,45657,11
13.05908966,80.28233337,45657,45667,10
13.06005955,80.28251648,45667,45677,10
13.06077957,80.28266144,45677,45687,10
13.06151962,80.28282166,45687,45697,10
13.06233978,80.28299713,45697,45707,10
13.0629797,80.28309631,45707,45717,10
13.06305981,80.2831192,45717,45727,10
13.0632,80.28318024,45727,45737,10
13.0635004,80.2832489,45737,45747,10
13.06369019,80.28327942,45747,45757,10
13.06422043,80.28340912,45757,45768,11
13.06507015,80.28359985,45768,45778,10
13.06602001,80.28382111,45778,45787,9
13.06698036,80.28404999,45787,45798,11
13.06809998,80.28427124,45798,45808,10
13.06908035,80.28447723,45808,45818,10
13.07001972,80.28472137,45818,45828,10
13.0711298,80.2849884,45828,45838,10
13.07227039,80.28526306,45838,45848,10
13.0733099,80.28527832,45848,45858,10
13.0739603,80.28556061,45858,45868,10
13.07441044,80.28610229,45868,45879,11
13.07472992,80.28630066,45879,45889,10
13.07474995,80.28630829,45889,45899,10
13.07511044,80.28656769,45899,45909,10
13.07581997,80.28694153,45909,45919,10
13.07678986,80.28721619,45919,45929,10
13.07791042,80.28752136,45929,45939,10
13.07892036,80.28780365,45939,45949,10
13.07958984,80.28801727,45949,45959,10
13.07979965,80.28804016,45959,45969,10
13.08026028,80.28817749,45969,45979,10
13.08076,80.28827667,45979,45990,11
13.08086967,80.28832245,45990,46000,10
13.08129025,80.28848267,46000,46010,10
13.08195972,80.28871155,46010,46020,10
13.08265972,80.28903198,46020,46030,10
13.08349037,80.2891922,46030,46040,10
13.0844202,80.28916168,46040,46050,10
13.08549976,80.28926086,46050,46060,10
13.08672047,80.28955841,46060,46070,10
13.08771992,80.28993225,46070,46080,10
13.08876038,80.29019165,46080,46151,71
13.08876038,80.29019165,46151,46161,10
13.08876991,80.2904129,46161,46171,10
13.08856964,80.29042053,46171,46181,10
13.08798027,80.29012299,46181,46191,10
13.08716011,80.28983307,46191,46201,10
13.08635998,80.28958893,46201,46211,10
13.08565998,80.28932953,46211,46222,11
13.08518982,80.28839874,46222,46232,10
13.08510971,80.28736115,46232,46242,10
13.08518028,80.28639221,46242,46251,9
13.0852499,80.28549957,46251,46262,11
13.08518982,80.28420258,46262,46292,30
13.08518982,80.28420258,46292,46302,10
13.08522987,80.28411865,46302,46312,10
13.0853796,80.28372955,46312,46322,10
13.08557034,80.28353882,46322,46333,11
13.08605003,80.28352356,46333,46343,10
13.0864296,80.28368378,46343,46353,10
13.08685017,80.28369904,46353,46363,10
13.08740044,80.28369141,46363,46413,50
13.08740044,80.28369141,46413,46423,10
13.08763027,80.28369141,46423,46433,10
13.08786964,80.28362274,46433,46484,51
13.08808041,80.28373718,46484,46504,20
13.08808041,80.28373718,46504,46514,10
13.08813,80.28375244,46514,46524,10
13.08833027,80.28372192,46524,46534,10
13.08837986,80.28354645,46534,46544,10
13.08831978,80.28324127,46544,46555,11
13.08827019,80.28282166,46555,46565,10
13.08823967,80.28256226,46565,46575,10
13.08823967,80.28235626,46575,46585,10
13.08819962,80.28193665,46585,46595,10
13.08800983,80.28154755,46595,46605,10
13.08759022,80.28141022,46605,46615,10
13.08708954,80.28121948,46615,46625,10
13.08689976,80.28118134,46625,46635,10
13.08650017,80.28106689,46635,46645,10
13.08596992,80.28092194,46645,46655,10
13.08576012,80.28073883,46655,46666,11
13.08561039,80.28014374,46666,46676,10
13.08545971,80.27967072,46676,46686,10
13.08489037,80.27931976,46686,46696,10
13.08430958,80.27924347,46696,46706,10
13.08380032,80.27916718,46706,46716,10
13.08323956,80.27893829,46716,46726,10
13.08248997,80.27861786,46726,46766,40
13.08248997,80.27861786,46766,46776,10
13.08222961,80.27851105,46776,46786,10
13.08197021,80.27828979,46786,46797,11
13.08189011,80.27765656,46797,46807,10
13.08176994,80.27680969,46807,46817,10
13.08160973,80.27591705,46817,46827,10
13.08148956,80.27529907,46827,46837,10
13.08135033,80.27516174,46837,46847,10
13.08100033,80.27519989,46847,46857,10
13.0802803,80.27529144,46857,46867,10
13.07935047,80.27528381,46867,46877,10
13.07849979,80.27523804,46877,46887,10
13.07808018,80.27606201,46887,46898,11
13.07711029,80.27626038,46898,46908,10
13.07594013,80.27629089,46908,46928,20
13.07594013,80.27629089,46928,46938,10
13.0759201,80.27601624,46938,46948,10
13.07616997,80.27596283,46948,47140,192
13.07616997,80.27596283,47140,47150,10
13.07600021,80.27574921,47150,47160,10
13.07594013,80.27587891,47160,47170,10
13.07588005,80.27599335,47170,47180,10
13.07586956,80.27617645,47180,47190,10
13.07616043,80.27625275,47190,47200,10
13.07643986,80.27623749,47200,47210,10
13.07656002,80.27625275,47210,47220,10
13.0770998,80.27619934,47220,47231,11
13.07796955,80.27610016,47231,47241,10
13.07826996,80.27542877,47241,47251,10
13.07896996,80.27513885,47251,47261,10
13.07995987,80.27526855,47261,47271,10
13.08123016,80.27514648,47271,47331,60
13.08123016,80.27514648,47331,47341,10
13.08127022,80.27516174,47341,47352,11
13.08154964,80.27516937,47352,47362,10
13.08162975,80.27539825,47362,47372,10
13.08174038,80.27613068,47372,47382,10
13.08181953,80.27684021,47382,47392,10
13.08185959,80.27757263,47392,47402,10
13.08195019,80.27810669,47402,47412,10
13.08199024,80.27863312,47412,47422,10
13.08203983,80.27928925,47422,47432,10
13.08213997,80.28018951,47432,47442,10
13.0822401,80.28114319,47442,47452,10
13.08234978,80.2817688,47452,47463,11
13.08320045,80.28233337,47463,47473,10
13.08403015,80.28283691,47473,47483,10
13.08473015,80.28338623,47483,47493,10
13.08512974,80.28382111,47493,47503,10
13.0853796,80.283638,47503,47513,10
13.08568954,80.28353882,47513,47523,10
13.0861702,80.28353882,47523,47533,10
13.08656979,80.28382111,47533,47543,10
13.0869503,80.28392029,47543,47553,10
13.08697987,80.28392792,47553,47563,10
13.08705044,80.28395844,47563,47574,11
13.08747005,80.28395081,47574,47584,10
13.08780003,80.28395844,47584,47735,151
13.08780003,80.28395844,47735,47745,10
13.08815002,80.2840271,47745,47755,10
13.08817959,80.28382874,47755,47765,10
13.08817959,80.28379822,47765,47775,10
13.08835983,80.28353119,47775,47785,10
13.08833981,80.28321838,47785,47795,10
13.08831024,80.28279877,47795,47806,11
13.08827972,80.28231812,47806,47816,10
13.08808041,80.28160095,47816,47846,30
13.08808041,80.28160095,47846,47856,10
13.08841991,80.28151703,47856,47876,20
13.08841991,80.28151703,47876,47886,10
13.08835983,80.2818985,47886,47896,10
13.08831978,80.28224182,47896,47907,11
13.08823967,80.28260803,47907,47917,10
13.08819962,80.28275299,47917,47927,10
13.08819962,80.28302002,47927,47937,10
13.08825016,80.28343964,47937,47947,10
13.08833027,80.28398132,47947,47957,10
13.08835983,80.28452301,47957,47967,10
13.08837986,80.28491974,47967,48017,50
13.0884304,80.28523254,48017,48058,41
13.0884304,80.28523254,48058,48068,10
13.08843994,80.28540039,48068,48078,10
13.08841991,80.28562164,48078,48088,10
13.08839035,80.28575134,48088,48098,10
13.08839035,80.28620911,48098,48108,10
13.08839035,80.28648376,48108,48118,10
13.08845997,80.28708649,48118,48128,10
13.08850956,80.2874527,48128,48139,11
13.08854961,80.28791809,48139,48149,10
13.08862019,80.28842163,48149,48159,10
13.08860016,80.28864288,48159,48169,10
13.08874989,80.28939819,48169,48189,20
13.08874989,80.28939819,48189,48199,10
13.08860016,80.28942108,48199,48209,10
13.08864975,80.28997803,48209,48219,10
13.08866024,80.29036713,48219,48229,10
13.08827972,80.29019928,48229,48239,10
13.08778,80.28997803,48239,48250,11
13.08703995,80.28967285,48250,48260,10
13.08617973,80.28941345,48260,48270,10
13.08532047,80.28916931,48270,48280,10
13.08430004,80.28913879,48280,48290,10
13.08337021,80.28917694,48290,48300,10
13.08259964,80.28900909,48300,48310,10
13.08185005,80.28874969,48310,48320,10
13.08131027,80.2885437,48320,48330,10
13.08086967,80.28843689,48330,48340,10
13.08028984,80.28827667,48340,48350,10
13.08020973,80.28826141,48350,48360,10
13.08014011,80.28823853,48360,48371,11
13.0795002,80.28813171,48371,48387,16
13.07828045,80.28768158,48387,48399,12
13.0770998,80.28736115,48399,48409,10
13.07612991,80.28713226,48409,48419,10
13.07549953,80.28687286,48419,48429,10
13.07499981,80.28659821,48429,48439,10
13.07396984,80.28616333,48439,48459,20
13.07396984,80.28616333,48459,48469,10
13.07392979,80.28614044,48469,48480,11
13.07332039,80.28594971,48480,48490,10
13.07246017,80.28549194,48490,48500,10
13.07129955,80.28514862,48500,48510,10
13.06987953,80.28481293,48510,48520,10
13.06836033,80.28446198,48520,48530,10
13.06707954,80.28423309,48530,48540,10
13.06577969,80.28392029,48540,48550,10
13.06468964,80.28366089,48550,48561,11
13.0639801,80.28349304,48561,48574,13
13.06297016,80.28324127,48574,48584,10
13.06260014,80.28314972,48584,48595,11
13.06258965,80.28314209,48595,48605,10
13.06245995,80.28309631,48605,48615,10
13.0620203,80.28301239,48615,48625,10
13.06142998,80.28289795,48625,48635,10
13.06068993,80.28273773,48635,48645,10
13.0598402,80.28256989,48645,48668,23
13.05795956,80.28218079,48668,48680,12
13.05731964,80.28204346,48680,48690,10
13.05685043,80.2819519,48690,48721,31
13.05685043,80.2819519,48721,48731,10
13.05652046,80.28185272,48731,48740,9
13.05587959,80.28173065,48740,48750,10
13.05496025,80.28154755,48750,48760,10
13.05379009,80.28132629,48760,48771,11
13.05241013,80.28109741,48771,48781,10
13.05117989,80.28092194,48781,48791,10
13.05053043,80.28085327,48791,48801,10
13.05031013,80.28082275,48801,48811,10
13.05027962,80.2808075,48811,48822,11
13.04990005,80.28076172,48822,48832,10
13.04934025,80.28067017,48832,48842,10
13.04862022,80.28054047,48842,48852,10
13.0476799,80.28040314,48852,48862,10
13.04669952,80.2802887,48862,48872,10
13.04561996,80.280159,48872,48892,20
13.04561996,80.280159,48892,48902,10
13.04551029,80.28014374,48902,48912,10
13.04498959,80.28005981,48912,48922,10
13.04432011,80.27996826,48922,48933,11
13.04386997,80.2798996,48933,48943,10
13.04378986,80.27987671,48943,48953,10
13.04368019,80.27986145,48953,48963,10
13.04316044,80.27974701,48963,48973,10
13.04234028,80.27957916,48973,48983,10
13.04127026,80.27940369,48983,48992,9
13.04028988,80.27916718,48992,49003,11
13.03942013,80.27893829,49003,49013,10
13.0390501,80.27883911,49013,49033,20
13.0390501,80.27883911,49033,49044,11
13.0389204,80.27877808,49044,49054,10
13.03841972,80.27861023,49054,49064,10
13.0377903,80.27841187,49064,49074,10
13.03732014,80.27825165,49074,49084,10
13.03689957,80.27812195,49084,49094,10
13.03625965,80.27794647,49094,49104,10
13.03542995,80.27774811,49104,49114,10
13.03464985,80.27760315,49114,49124,10
13.03398037,80.27739716,49124,49134,10
13.03359985,80.27731323,49134,49144,10
13.03357983,80.27732849,49144,49155,11
13.03330994,80.27739716,49155,49165,10
13.03295994,80.27744293,49165,49175,10
13.03267956,80.27745819,49175,49185,10
13.03229046,80.2775116,49185,49195,10
13.03168964,80.27758026,49195,49205,10
13.03081036,80.27719116,49205,49225,20
13.03081036,80.27719116,49225,49235,10
13.03063965,80.27710724,49235,49245,10
13.0301199,80.27687073,49245,49261,16
13.02908993,80.2765274,49261,49274,13
13.02814007,80.27613831,49274,49284,10
13.02748013,80.27586365,49284,49294,10
13.02672958,80.27552032,49294,49304,10
13.02591038,80.27516937,49304,49334,30
13.02591038,80.27516937,49334,49344,10
13.02558041,80.2750473,49344,49353,9
13.02515984,80.27487946,49353,49364,11
13.02441025,80.27443695,49364,49374,10
13.02404976,80.27401733,49374,49415,41
13.02404976,80.27401733,49415,49425,10
13.02398968,80.27388,49425,49435,10
13.02365971,80.2734375,49435,49445,10
13.02315998,80.27275848,49445,49455,10
13.02258015,80.27197266,49455,49464,9
13.02198982,80.27121735,49464,49475,11
13.02132988,80.270401,49475,49485,10
13.02087975,80.26992798,49485,49496,11
13.02085018,80.26989746,49496,49505,9
13.0207901,80.26981354,49505,49516,11
13.02042007,80.2692337,49516,49526,10
13.01974964,80.26853943,49526,49536,10
13.01920986,80.26789093,49536,49546,10
13.01887035,80.26740265,49546,49556,10
13.01867962,80.26690674,49556,49566,10
13.01858997,80.26621246,49566,49576,10
13.01863003,80.26570129,49576,49586,10
13.01887035,80.2649765,49586,49596,10
13.01906013,80.26403809,49596,49606,10
13.01898003,80.26348114,49606,49617,11
13.01893044,80.26316833,49617,49627,10
13.01889992,80.26300049,49627,49637,10
13.01887989,80.26284027,49637,49647,10
13.01881027,80.26229858,49647,49657,10
13.01871014,80.26165771,49657,49667,10
13.01854992,80.2612381,49667,49677,10
13.01815987,80.26096344,49677,49687,10
13.01766014,80.26064301,49687,49697,10
13.01721001,80.2603302,49697,49707,10
13.01659966,80.2599411,49707,49723,16
13.01603031,80.25965881,49723,49736,13
13.01583958,80.25956726,49736,49746,10
13.01521969,80.25939178,49746,49756,10
13.01438046,80.25930023,49756,49766,10
13.01334953,80.25924683,49766,49776,10
13.01237965,80.25921631,49776,49785,9
13.01148987,80.25917816,49785,49796,11
13.01064014,80.25920868,49796,49806,10
13.00979996,80.25921631,49806,49816,10
13.00905991,80.25921631,49816,49826,10
13.00870991,80.25921631,49826,49836,10
13.00835991,80.25920868,49836,49847,11
13.00761986,80.25942993,49847,49857,10
13.00726986,80.25991821,49857,49867,10
13.00722027,80.26036072,49867,49877,10
13.00737953,80.26126099,49877,49897,20
13.00737953,80.26126099,49897,49907,10
13.00743961,80.2617569,49907,49917,10
13.00759983,80.26244354,49917,49927,10
13.00771999,80.2628479,49927,49937,10
13.00782967,80.26332092,49937,49947,10
13.00794029,80.26392365,49947,49958,11
13.00788021,80.26495361,49958,49968,10
13.00771999,80.26579285,49968,49978,10
13.00761986,80.26635742,49978,49988,10
13.00747967,80.26709747,49988,49998,10
13.00730038,80.26792145,49998,50008,10
13.00708961,80.26876831,50008,50018,10
13.00687027,80.2697525,50018,50028,10
13.00623035,80.27037048,50028,50038,10
13.00547981,80.26997375,50038,50048,10
13.0047102,80.26950073,50048,50058,10
13.00395966,80.2690506,50058,50069,11
13.00323009,80.26866913,50069,50079,10
13.00312042,80.26860046,50079,50089,10
13.00277996,80.26837158,50089,50099,10
13.00216007,80.26798248,50099,50109,10
13.00162029,80.26763916,50109,50119,10
13.00096035,80.26725006,50119,50139,20
13.00096035,80.26725006,50139,50149,10
13.00059032,80.26698303,50149,50159,10
13.00016975,80.26680756,50159,50169,10
12.99979973,80.26687622,50169,50179,10
12.99913979,80.26706696,50179,50190,11
12.9985199,80.26725006,50190,50200,10
12.99802017,80.26737213,50200,50210,10
12.99724007,80.26760101,50210,50220,10
12.99639988,80.2677536,50220,50230,10
12.99582958,80.26772308,50230,50240,10
12.99565029,80.26735687,50240,50280,40
12.99565029,80.26735687,50280,50290,10
12.99569988,80.26709747,50290,50301,11
12.99577999,80.26638794,50301,50311,10
12.99584007,80.26563263,50311,50327,16
12.99598026,80.26437378,50327,50339,12
12.99606991,80.26367188,50339,50349,10
12.99610996,80.26318359,50349,50359,10
12.99612045,80.26262665,50359,50369,10
12.99613953,80.2625885,50369,50379,10
12.99621964,80.26246643,50379,50389,10
12.99625969,80.26215363,50389,50399,10
12.99629974,80.26168823,50399,50409,10
12.99637032,80.26097107,50409,50420,11
12.99645996,80.26023102,50420,50430,10
12.99645042,80.2598114,50430,50440,10
12.99647045,80.25920868,50440,50450,10
12.99656963,80.25837708,50450,50460,10
12.9966898,80.25750732,50460,50470,10
12.99680042,80.25675964,50470,50480,10
12.99685955,80.25611115,50480,50531,51
12.99685955,80.25611115,50531,50541,10
12.99699974,80.25579071,50541,50551,10
12.9968996,80.25514221,50551,50561,10
12.99670982,80.25444031,50561,50571,10
12.99617958,80.25392914,50571,50581,10
12.99588013,80.25364685,50581,50591,10
12.99542046,80.25321198,50591,50601,10
12.99501991,80.25266266,50601,50611,10
12.99479008,80.252388,50611,50621,10
12.99442005,80.25251007,50621,50631,10
12.99438,80.25253296,50631,50642,11
12.99398041,80.25263214,50642,50652,10
12.99351978,80.25276184,50652,50662,10
12.99324036,80.25283813,50662,50672,10
12.99273968,80.25286102,50672,50682,10
12.99199963,80.25292206,50682,50692,10
12.99141979,80.25328827,50692,50702,10
12.99104023,80.25398254,50702,50712,10
12.99083042,80.25511932,50712,50722,10
12.99075985,80.25576782,50722,50732,10
12.9906702,80.25596619,50732,50742,10
12.99018002,80.25598145,50742,50753,11
12.98943043,80.25595856,50753,50763,10
12.98865986,80.25592804,50763,50793,30
12.98865986,80.25592804,50793,50802,9
12.98845005,80.25589752,50802,50853,51
12.98845005,80.25589752,50853,50864,11
12.98801994,80.25582123,50864,50874,10
12.98771,80.25582123,50874,50884,10
12.98756027,80.25637054,50884,50894,10
12.98752975,80.25694275,50894,50904,10
12.98746967,80.25772095,50904,50914,10
12.98744011,80.25839233,50914,50924,10
12.98742962,80.25872803,50924,50934,10
12.98736,80.25913239,50934,50944,10
12.98721981,80.25952148,50944,51035,91
12.98721981,80.25952148,51035,51045,10
12.98698997,80.25921631,51045,51388,343
12.98698997,80.25921631,51388,51398,10
12.98731995,80.25904083,51398,51408,10
12.98735046,80.25891113,51408,51418,10
12.98738003,80.25866699,51418,51428,10
12.98738956,80.25827026,51428,51439,11
12.98740005,80.25810242,51439,51449,10
12.98740959,80.25769806,51449,51459,10
12.98744965,80.25704956,51459,51469,10
12.98748016,80.25668335,51469,51479,10
12.98748016,80.25662994,51479,51489,10
12.98750019,80.25643921,51489,51499,10
12.98752975,80.25605011,51499,51509,10
12.9875803,80.2557373,51509,51519,10
12.98777962,80.25569916,51519,51529,10
12.98863029,80.25583649,51529,51550,21
12.98863029,80.25583649,51550,51566,16
12.98892021,80.25592041,51566,51578,12
12.98945999,80.2559967,51578,51588,10
12.99015999,80.25604248,51588,51597,9
12.99061012,80.25589752,51597,51608,11
12.99071026,80.25537872,51608,51618,10
12.99073982,80.2547226,51618,51628,10
12.99088001,80.25395966,51628,51638,10
12.99116993,80.25346375,51638,51648,10
12.99170017,80.2530899,51648,51658,10
12.99230003,80.25299072,51658,51669,11
12.99306011,80.2529068,51669,51679,10
12.99357986,80.25276184,51679,51689,10
12.99423981,80.25257874,51689,51699,10
12.99479961,80.25243378,51699,51709,10
12.99501991,80.2526474,51709,51719,10
12.99534988,80.2531662,51719,51729,10
12.99577045,80.25363922,51729,51739,10
12.99639988,80.25421906,51739,51749,10
12.99672985,80.25485229,51749,51759,10
12.99685955,80.25547791,51759,51769,10
12.99689007,80.2557373,51769,51780,11
12.99687958,80.25608063,51780,51790,10
12.99685001,80.25647736,51790,51800,10
12.99682045,80.25676727,51800,51810,10
12.99680042,80.2569809,51810,51820,10
12.99674034,80.25752258,51820,51830,10
12.99666023,80.25830078,51830,51840,10
12.99658966,80.25904083,51840,51856,16
12.99650955,80.25965881,51856,51868,12
12.9964304,80.26067352,51868,51878,10
12.9963398,80.26145935,51878,51888,10
12.99629974,80.26190948,51888,51896,8
12.99623966,80.26226044,51896,51909,13
12.99617958,80.26246643,51909,51919,10
12.99612999,80.2629776,51919,51929,10
12.99608994,80.26358795,51929,51939,10
12.99600983,80.26435852,51939,51949,10
12.99594021,80.26534271,51949,51959,10
12.99582005,80.26634979,51959,51969,10
12.99571991,80.26721191,51969,51979,10
12.99569988,80.26760864,51979,52002,23
12.99615955,80.26772308,52002,52015,13
12.99664021,80.26779175,52015,52025,10
12.99728966,80.26766205,52025,52035,10
12.99779987,80.26750183,52035,52045,10
12.99845982,80.2673111,52045,52055,10
12.9991703,80.26708221,52055,52065,10
12.99981976,80.26683807,52065,52074,9
12.99991035,80.26680756,52074,52084,10
13.00030041,80.26683807,52084,52095,11
13.00067997,80.26705933,52095,52105,10
13.00090981,80.26717377,52105,52115,10
13.0010004,80.26725769,52115,52126,11
13.00139046,80.26753235,52126,52136,10
13.00214005,80.26795959,52136,52145,9
13.00282955,80.26835632,52145,52156,11
13.00323963,80.26864624,52156,52166,10
13.00331974,80.26869965,52166,52176,10
13.00364017,80.2689209,52176,52186,10
13.00424957,80.26925659,52186,52196,10
13.00500965,80.26966095,52196,52206,10
13.00580025,80.2701416,52206,52216,10
13.0065403,80.27033997,52216,52226,10
13.00691986,80.26963043,52226,52237,11
13.00708008,80.26873016,52237,52247,10
13.00726032,80.26792908,52247,52257,10
13.00747967,80.26699066,52257,52267,10
13.00763988,80.2664032,52267,52277,10
13.00776005,80.26595306,52277,52287,10
13.00790977,80.26525879,52287,52297,10
13.00800037,80.26437378,52297,52307,10
13.00788975,80.26364899,52307,52317,10
13.00772953,80.26291656,52317,52327,10
13.00761986,80.26248169,52327,52337,10
13.00741959,80.26171875,52337,52348,11
13.00736046,80.26142883,52348,52358,10
13.00732994,80.26120758,52358,52368,10
13.0072403,80.26075745,52368,52378,10
13.00716972,80.26019287,52378,52388,10
13.00728035,80.25945282,52388,52398,10
13.00726032,80.25910187,52398,52408,10
13.00741005,80.2587204,52408,52418,10
13.00786018,80.25878143,52418,52428,10
13.00837994,80.2589798,52428,52438,10
13.00841999,80.25898743,52438,52448,10
13.00874043,80.25904083,52448,52458,10
13.00926971,80.25906372,52458,52469,11
13.01025009,80.25907898,52469,52479,10
13.0112896,80.25907898,52479,52489,10
13.01231956,80.25910187,52489,52499,10
13.01342964,80.25914001,52499,52509,10
13.01455975,80.25919342,52509,52519,10
13.01550007,80.25926971,52519,52529,10
13.01626015,80.25955963,52529,52539,10
13.0164299,80.25968933,52539,52549,10
13.01650047,80.25977325,52549,52559,10
13.01696968,80.26009369,52559,52569,10
13.01760006,80.26049805,52569,52580,11
13.01821995,80.26096344,52580,52590,10
13.01881027,80.26139069,52590,52600,10
13.01926041,80.2617569,52600,52610,10
13.01957035,80.26210785,52610,52620,10
13.02017021,80.26262665,52620,52630,10
13.02009964,80.26290894,52630,52640,10
13.01949978,80.26290131,52640,52650,10
13.01900959,80.26293945,52650,52660,10
13.01906967,80.26358032,52660,52670,10
13.01912975,80.26416016,52670,52680,10
13.01900005,80.26476288,52680,52691,11
13.01885033,80.26525116,52691,52701,10
13.01867962,80.26596069,52701,52711,10
13.01877022,80.26693726,52711,52721,10
13.01922035,80.26764679,52721,52731,10
13.0197897,80.26837158,52731,52741,10
13.02031994,80.26912689,52741,52750,9
13.02075005,80.26959229,52750,52761,11
13.02128029,80.27017975,52761,52771,10
13.02140999,80.27033997,52771,52781,10
13.02149963,80.27046204,52781,52790,9
13.02180004,80.27085114,52790,52801,11
13.02229977,80.27150726,52801,52812,11
13.02268028,80.27200317,52812,52822,10
13.02313995,80.27265167,52822,52832,10
13.0235796,80.27323151,52832,52842,10
13.02377987,80.27346802,52842,52852,10
13.02379036,80.27346802,52852,52862,10
13.02390003,80.27365112,52862,52872,10
13.02416992,80.27398682,52872,52882,10
13.02451992,80.27436066,52882,52892,10
13.02499008,80.27467346,52892,52902,10
13.02532005,80.27481842,52902,52913,11
13.02532959,80.27484131,52913,52923,10
13.02573967,80.27506256,52923,52933,10
13.02633953,80.27529907,52933,52943,10
13.02698994,80.27562714,52943,52953,10
13.02762985,80.27606201,52953,52963,10
13.02832031,80.27628326,52963,52972,9
13.02869987,80.27644348,52972,52983,11
13.02935982,80.27664185,52983,52993,10
13.02982998,80.27675629,52993,53003,10
13.02984047,80.27675629,53003,53013,10
13.02999973,80.27677155,53013,53023,10
13.03052998,80.27696991,53023,53034,11
13.03125954,80.27741241,53034,53044,10
13.03209019,80.27748871,53044,53054,10
13.03265953,80.27747345,53054,53064,10
13.03267002,80.27748108,53064,53080,16
13.03310013,80.27749634,53080,53102,22
13.03310013,80.27749634,53102,53112,10
13.03334045,80.27741241,53112,53122,10
13.03380966,80.2773819,53122,53132,10
13.03446007,80.27751923,53132,53142,10
13.03509045,80.27768707,53142,53153,11
13.03590012,80.27783966,53153,53163,10
13.03666019,80.27805328,53163,53173,10
13.03728008,80.27823639,53173,53182,9
13.03773975,80.27835846,53182,53193,11
13.03866959,80.2786026,53193,53202,9
13.03886986,80.27867126,53202,53213,11
13.0389204,80.2787323,53213,53222,9
13.03921986,80.27883148,53222,53232,10
13.03979015,80.27900696,53232,53243,11
13.04084969,80.27928162,53243,53253,10
13.04201984,80.27945709,53253,53264,11
13.04316044,80.27957916,53264,53314,50
13.04316044,80.27957916,53314,53324,10
13.04321957,80.27957916,53324,53334,10
13.04362965,80.2796936,53334,53344,10
13.04424,80.27983856,53344,53354,10
13.04493046,80.27993011,53354,53364,10
13.04561043,80.28002167,53364,53375,11
13.04570007,80.28003693,53375,53385,10
13.04596043,80.2800827,53385,53395,10
13.04662991,80.28018188,53395,53405,10
13.04734993,80.28028107,53405,53415,10
13.04804993,80.28038025,53415,53425,10
13.04928017,80.2805481,53425,53445,20
13.04928017,80.2805481,53445,53455,10
13.04965019,80.28060913,53455,53465,10
13.05031967,80.28070831,53465,53475,10
13.05064011,80.28076172,53475,53486,11
13.0508604,80.2808075,53486,53496,10
13.05150986,80.28089905,53496,53506,10
13.05233955,80.28103638,53506,53516,10
13.0532999,80.28119659,53516,53526,10
13.0543499,80.2813797,53526,53536,10
13.05539036,80.28157043,53536,53546,10
13.05622005,80.28173828,53546,53556,10
13.05648041,80.28179932,53556,53566,10
13.05650997,80.2818222,53566,53576,10
13.05687046,80.28188324,53576,53586,10
13.05723,80.28195953,53586,53597,11
13.05725956,80.28195953,53597,53607,10
13.0573597,80.28199005,53607,53617,10
13.05784988,80.28209686,53617,53627,10
13.0585804,80.28224182,53627,53637,10
13.05943012,80.28240967,53637,53647,10
13.06033993,80.2826004,53647,53657,10
13.06116009,80.28276062,53657,53667,10
13.06179047,80.28288269,53667,53676,9
13.06258965,80.28304291,53676,53687,11
13.06313038,80.28315735,53687,53697,10
13.06317997,80.28318024,53697,53707,10
13.06354046,80.28325653,53707,53718,11
13.06383038,80.28333282,53718,53728,10
13.06389046,80.28336334,53728,53738,10
13.06435013,80.28347778,53738,53748,10
13.06505966,80.28365326,53748,53758,10
13.06602955,80.28385162,53758,53768,10
13.06713009,80.28408051,53768,53778,10
13.06805992,80.28424072,53778,53788,10
13.06896973,80.28444672,53788,53798,10
13.06989002,80.28468323,53798,53808,10
13.0708704,80.28491974,53808,53818,10
13.07176971,80.28517151,53818,53829,11
13.07277966,80.28526306,53829,53839,10
13.07339001,80.28520203,53839,53849,10
13.07349968,80.28523254,53849,53859,10
13.07404041,80.28569794,53859,53879,20
13.07404041,80.28569794,53879,53889,10
13.07417965,80.28588867,53889,53899,10
13.07462978,80.28623962,53899,53909,10
13.07478046,80.28633118,53909,53918,9
13.07507038,80.28650665,53918,53929,11
13.0756197,80.28682709,53929,53940,11
13.07658005,80.28713989,53940,53950,10
13.07771015,80.28742218,53950,53960,10
13.07884979,80.28774261,53960,53970,10
13.0799799,80.2881012,53970,53980,10
13.08061028,80.28820801,53980,53990,10
13.08080006,80.28826141,53990,54000,10
13.08110046,80.28839111,54000,54010,10
13.08174992,80.28862,54010,54020,10
13.08244038,80.28888702,54020,54030,10
13.08335018,80.28916931,54030,54040,10
13.08423996,80.28914642,54040,54050,10
13.08514977,80.28916168,54050,54061,11
13.08631992,80.28942108,54061,54071,10
13.0873003,80.28971863,54071,54081,10
13.08798981,80.29000092,54081,54091,10
13.08862972,80.29010773,54091,54121,30
13.08862972,80.29010773,54121,54131,10
13.08872986,80.29038239,54131,54141,10
13.08835983,80.2902298,54141,54151,10
13.08771992,80.28993988,54151,54161,10
13.08691978,80.28968048,54161,54172,11
13.08603001,80.2894516,54172,54182,10
13.08557034,80.2890625,54182,54192,10
13.08518028,80.28829956,54192,54202,10
13.0851202,80.28739929,54202,54212,10
13.08518982,80.28633881,54212,54222,10
13.08528996,80.28529358,54222,54232,10
13.08526039,80.28437042,54232,54242,10
13.08535957,80.28382874,54242,54252,10
13.08549976,80.28353119,54252,54262,10
13.08570957,80.28353882,54262,54272,10
13.08615017,80.28353119,54272,54283,11
13.08672047,80.28391266,54283,54343,60
13.08672047,80.28391266,54343,54353,10
13.08691978,80.2838974,54353,54696,343
13.08691978,80.2838974,54696,54706,10
13.08693027,80.28381348,54706,54716,10
13.08703041,80.28382111,54716,54726,10
13.0872097,80.28385162,54726,54737,11
13.08755016,80.28383636,54737,54767,30
13.08755016,80.28383636,54767,54777,10
13.08788967,80.28392792,54777,54969,192
13.08788967,80.28392792,54969,54979,10
13.08821964,80.28398132,54979,54989,10
13.08823967,80.28385162,54989,54999,10
13.0882597,80.28362274,54999,55019,20
13.0882597,80.28362274,55019,55029,10
13.08827972,80.28324127,55029,55039,10
13.08827972,80.28282928,55039,55049,10
13.08827972,80.28263092,55049,55059,10
13.08827972,80.28244781,55059,55070,11
13.08827972,80.2824173,55070,55080,10
13.08823967,80.28217316,55080,55090,10
13.08815956,80.28182983,55090,55100,10
13.08806038,80.28147888,55100,55110,10
13.08819008,80.28141022,55110,55120,10
13.0884304,80.28151703,55120,55130,10
13.08847046,80.28173828,55130,55140,10
13.08841991,80.2820816,55140,55150,10
13.08833027,80.28244019,55150,55166,16
13.08829975,80.28294373,55166,55178,12
13.08827972,80.28315735,55178,55189,11
13.08829975,80.28352356,55189,55199,10
13.08831024,80.28405762,55199,55209,10
13.08835983,80.28478241,55209,55259,50
13.08835983,80.28478241,55259,55269,10
13.08839035,80.2851181,55269,55279,10
13.0884304,80.28553009,55279,55289,10
13.08841991,80.28574371,55289,55300,11
13.08841038,80.28614044,55300,55310,10
13.0884304,80.28639221,55310,55320,10
13.08843994,80.28684235,55320,55330,10
13.08847046,80.287323,55330,55340,10
13.08850956,80.28752899,55340,55350,10
13.08858967,80.28807831,55350,55360,10
13.08862019,80.28845978,55360,55370,10
13.08866024,80.28874969,55370,55380,10
13.08874035,80.28923035,55380,55390,10
13.08876038,80.2893219,55390,55400,10
13.08876038,80.28978729,55400,55411,11
13.0886898,80.29039001,55411,55421,10
13.08829021,80.29025269,55421,55431,10
13.08771992,80.2899704,55431,55441,10
13.08703995,80.28967285,55441,55451,10
13.08623981,80.28941345,55451,55461,10
13.08530045,80.2891922,55461,55471,10
13.08436966,80.28916931,55471,55481,10
13.08339024,80.28917694,55481,55491,10
13.08255959,80.28901672,55491,55501,10
13.08240986,80.28896332,55501,55511,10
13.08195972,80.28878021,55511,55522,11
13.08108997,80.28842926,55522,55532,10
13.08016014,80.28817749,55532,55552,20
13.08016014,80.28817749,55552,55562,10
13.07995033,80.28811646,55562,55572,10
13.07981968,80.28810883,55572,55582,10
13.07948971,80.28804016,55582,55592,10
13.07894039,80.28782654,55592,55602,10
13.07808018,80.28753662,55602,55612,10
13.07705975,80.28729248,55612,55622,10
13.07602024,80.28701782,55622,55632,10
13.0752697,80.28672028,55632,55643,11
13.07396984,80.28608704,55643,55673,30
13.07396984,80.28608704,55673,55683,10
13.0737896,80.28605652,55683,55693,10
13.07320976,80.28588867,55693,55703,10
13.0727396,80.2856369,55703,55713,10
13.07268047,80.28559875,55713,55723,10
13.07215977,80.28533936,55723,55733,10
13.07114983,80.28507996,55733,55743,10
13.0698204,80.28475189,55743,55754,11
13.06840038,80.28440857,55754,55764,10
13.06717968,80.28418732,55764,55774,10
13.06589031,80.2838974,55774,55784,10
13.06472015,80.28365326,55784,55794,10
13.0638504,80.28343201,55794,55804,10
13.0625,80.28309631,55804,55834,30
13.0625,80.28309631,55834,55844,10
13.06223011,80.28304291,55844,55854,10
13.06155968,80.28288269,55854,55865,11
13.06050014,80.28263092,55865,55875,10
13.05941963,80.2824173,55875,55885,10
13.05821991,80.28218079,55885,55895,10
13.05671024,80.28188324,55895,55915,20
13.05671024,80.28188324,55915,55925,10
13.05626965,80.2817688,55925,55935,10
13.0553503,80.28157806,55935,55945,10
13.05414009,80.28134155,55945,55955,10
13.05284977,80.28112793,55955,55965,10
13.05177975,80.2809906,55965,55976,11
13.05033016,80.28076935,55976,55996,20
13.05033016,80.28076935,55996,56006,10
13.05010033,80.28072357,56006,56016,10
13.04938984,80.28061676,56016,56026,10
13.04850006,80.28048706,56026,56036,10
13.0474596,80.28032684,56036,56046,10
13.04642963,80.28019714,56046,56056,10
13.04561996,80.28009796,56056,56066,10
13.0455904,80.28009033,56066,56076,10
13.04516029,80.28003693,56076,56086,10
13.04434013,80.27992249,56086,56097,11
13.04351044,80.27980042,56097,56107,10
13.04257965,80.27957916,56107,56117,10
13.04133987,80.27937317,56117,56127,10
13.04010963,80.27909851,56127,56137,10
13.03899002,80.27880096,56137,56157,20
13.03899002,80.27880096,56157,56167,10
13.03866005,80.27866364,56167,56177,10
13.03800011,80.27844238,56177,56187,10
13.03744984,80.27828979,56187,56197,10
13.03715038,80.2782135,56197,56208,11
13.03662968,80.27802277,56208,56218,10
13.03600979,80.27783203,56218,56228,10
13.0350399,80.2776413,56228,56238,10
13.03405952,80.27744293,56238,56248,10
13.03357029,80.27732849,56248,56258,10
13.03304005,80.27742004,56258,56268,10
13.03244972,80.27742767,56268,56278,10
13.03184032,80.27749634,56278,56294,16
13.03147984,80.27751923,56294,56306,12
13.03075027,80.27715302,56306,56327,21
13.03075027,80.27715302,56327,56337,10
13.03063011,80.27707672,56337,56347,10
13.0301199,80.27684784,56347,56357,10
13.02945042,80.27664948,56357,56367,10
13.02880001,80.27644348,56367,56377,10
13.02834034,80.27626038,56377,56386,9
13.0280304,80.27610779,56386,56397,11
13.02737999,80.27584839,56397,56407,10
13.02653027,80.27546692,56407,56417,10
13.02600002,80.2752533,56417,56428,11
13.02589989,80.27519989,56428,56438,10
13.02542019,80.27497864,56438,56448,10
13.02445984,80.27451324,56448,56478,30
13.02445984,80.27451324,56478,56488,10
13.02429008,80.27430725,56488,56498,10
13.02396011,80.27391052,56498,56508,10
13.02355003,80.27335358,56508,56518,10
13.02293015,80.27252197,56518,56528,10
13.02221966,80.27160645,56528,56538,10
13.0216198,80.27082825,56538,56549,11
13.02103043,80.27010345,56549,56559,10
13.02087021,80.26991272,56559,56569,10
13.02081966,80.26985168,56569,56578,9
13.02052975,80.2694931,56578,56589,11
13.02001953,80.26882935,56589,56599,10
13.01931,80.26795959,56599,56608,9
13.01877022,80.26727295,56608,56618,10
13.01861,80.26635742,56618,56629,11
13.01863956,80.26570129,56629,56639,10
13.01885986,80.26486969,56639,56649,10
13.01902008,80.26397705,56649,56660,11
13.01898003,80.26351929,56660,56670,10
13.01889992,80.26306152,56670,56680,10
13.01887989,80.26300049,56680,56690,10
13.01887989,80.26293182,56690,56700,10
13.01885033,80.26236725,56700,56710,10
13.0187397,80.26158142,56710,56720,10
13.01844978,80.26112366,56720,56730,10
13.01790047,80.26078796,56730,56746,16
13.01690006,80.26013184,56746,56758,12
13.0162096,80.25972748,56758,56768,10
13.0160799,80.2596817,56768,56779,11
13.01583958,80.25953674,56779,56788,9
13.0151701,80.25933838,56788,56798,10
13.01426983,80.25926208,56798,56809,11
13.01307964,80.25920868,56809,56819,10
13.01210022,80.25917816,56819,56829,10
13.01124954,80.25914764,56829,56839,10
13.01031017,80.25917816,56839,56848,9
13.00942993,80.25917816,56848,56858,10
13.00883007,80.25914764,56858,56869,11
13.00846004,80.25914001,56869,56879,10
13.00774002,80.25926208,56879,56890,11
13.00718021,80.25984192,56890,56900,10
13.00726032,80.26043701,56900,56910,10
13.00751019,80.26097107,56910,56920,10
13.00747967,80.26130676,56920,56930,10
13.00759983,80.26193237,56930,56940,10
13.00778961,80.26267242,56940,56950,10
13.00796032,80.26322937,56950,56960,10
13.00809956,80.26415253,56960,56970,10
13.00794029,80.26522064,56970,56980,10
13.00771999,80.2661438,56980,56990,10
13.00759029,80.26673126,56990,57006,16
13.00716972,80.26834869,57006,57019,13
13.00683975,80.26992798,57019,57029,10
13.0060997,80.27037811,57029,57039,10
13.00516033,80.26983643,57039,57049,10
13.00415993,80.26921082,57049,57059,10
13.00341034,80.26879883,57059,57069,10
13.00312042,80.2686615,57069,57079,10
13.00304031,80.26860046,57079,57089,10
13.00255013,80.26825714,57089,57099,10
13.00181961,80.26782227,57099,57111,12
13.00107002,80.26735687,57111,57121,10
13.00098038,80.26730347,57121,57131,10
13.00084972,80.26721954,57131,57141,10
13.00030994,80.26689148,57141,57151,10
12.99954033,80.26698303,57151,57161,10
12.9986496,80.26721954,57161,57171,10
12.9980402,80.26740265,57171,57181,10
12.99730015,80.26761627,57181,57191,10
12.99645042,80.26773834,57191,57201,10
12.99571991,80.26767731,57201,57222,21
12.99571991,80.26767731,57222,57232,10
12.9956398,80.26763916,57232,57242,10
12.99563026,80.2673111,57242,57262,20
12.99563026,80.2673111,57262,57272,10
12.99569988,80.26695251,57272,57282,10
12.99578953,80.26611328,57282,57292,10
12.99594021,80.26503754,57292,57302,10
12.99606037,80.26396179,57302,57312,10
12.99615002,80.26313019,57312,57322,10
12.99619007,80.26274109,57322,57332,10
12.99619961,80.26271057,57332,57343,11
12.99625015,80.26235199,57343,57353,10
12.99631977,80.2618103,57353,57363,10
12.99639034,80.26117706,57363,57373,10
12.99645042,80.26043701,57373,57383,10
12.99652004,80.2598114,57383,57393,10
12.99656963,80.25930023,57393,57403,10
12.99664974,80.25855255,57403,57413,10
12.99672031,80.25776672,57413,57423,10
12.99682045,80.25704193,57423,57433,10
12.99683952,80.25631714,57433,57454,21
12.99683952,80.25631714,57454,57464,10
12.99682999,80.25628662,57464,57474,10
12.99685955,80.25595093,57474,57484,10
12.99685955,80.25538635,57484,57494,10
12.99680996,80.25479889,57494,57503,9
12.99650955,80.2542572,57503,57514,11
12.99586964,80.25366974,57514,57524,10
12.99522018,80.2530365,57524,57534,10
12.9948597,80.25241852,57534,57544,10
12.99444008,80.25251007,57544,57554,10
12.99442005,80.2525177,57554,57565,11
12.99413967,80.25258636,57565,57575,10
12.99367046,80.25273895,57575,57585,10
12.99308014,80.25289154,57585,57595,10
12.99236012,80.25292969,57595,57605,10
12.99158955,80.25312805,57605,57615,10
12.99100018,80.25366211,57615,57625,10
12.99077988,80.25462341,57625,57635,10
12.99073029,80.25576782,57635,57676,41
12.99073029,80.25576782,57676,57686,10
12.99018002,80.25601959,57686,57706,20
12.99018002,80.25601959,57706,57716,10
12.9900198,80.2559967,57716,57726,10
12.98970032,80.25598145,57726,57736,10
12.98945999,80.25595093,57736,57746,10
12.98888016,80.25592041,57746,57756,10
12.98869991,80.25589752,57756,57766,10
12.98814011,80.2558136,57766,57786,20
12.98814011,80.2558136,57786,57797,11
12.98789978,80.25579834,57797,57807,10
12.98781013,80.25579834,57807,57817,10
12.98762035,80.25592041,57817,57827,10
12.98754978,80.25656128,57827,57837,10
12.98750019,80.25730896,57837,57847,10
12.98740959,80.25827789,57847,57857,10
12.9872303,80.25937653,57857,57918,61
12.9872303,80.25937653,57918,57928,10
12.98672962,80.2596283,57928,58491,563
12.98672962,80.2596283,58491,58501,10
12.98641968,80.25939941,58501,58511,10
12.98653984,80.25910187,58511,58521,10
12.9867897,80.2591095,58521,58541,20
12.9867897,80.2591095,58541,58551,10
12.98696041,80.2591095,58551,58571,20
12.98696041,80.2591095,58571,58582,11
12.98707008,80.25911713,58582,58592,10
12.98725986,80.25914001,58592,58602,10
12.98735046,80.25888824,58602,58612,10
12.98740005,80.25830841,58612,58622,10
12.98744011,80.25778198,58622,58632,10
12.98748016,80.25717163,58632,58642,10
12.98754025,80.25617218,58642,58793,151
12.98754025,80.25617218,58793,58803,10
12.98754025,80.25601196,58803,58814,11
12.98766041,80.2557373,58814,58824,10
12.98814011,80.25579834,58824,58834,10
12.98869038,80.25588226,58834,58864,30
12.98869038,80.25588226,58864,58874,10
12.9890604,80.25592041,58874,58884,10
12.98958015,80.25598907,58884,58894,10
12.99022007,80.2559967,58894,58904,10
12.99063969,80.25589752,58904,58914,10
12.99073029,80.25556946,58914,58925,11
12.99077988,80.25483704,58925,58935,10
12.99081993,80.25415039,58935,58945,10
12.99112988,80.25354767,58945,58955,10
12.99158955,80.2532196,58955,58965,10
12.99223995,80.25306702,58965,58975,10
12.99281979,80.2530365,58975,58985,10
12.99345016,80.2529068,58985,58995,10
12.99396038,80.25279236,58995,59005,10
12.99470043,80.25254059,59005,59015,10
12.99505043,80.25261688,59015,59025,10
12.99514008,80.2529068,59025,59035,10
12.99514008,80.25296021,59035,59046,11
12.99553013,80.25337982,59046,59056,10
12.99606991,80.25383759,59056,59066,10
12.99650955,80.25428772,59066,59076,10
12.99682999,80.25492859,59076,59086,10
12.99695015,80.25559998,59086,59126,40
12.99695015,80.25559998,59126,59136,10
12.99691963,80.25601196,59136,59147,11
12.99687958,80.25621796,59147,59156,9
12.99685001,80.25649261,59156,59167,11
12.99680042,80.25691986,59167,59177,10
12.99678993,80.25700378,59177,59187,10
12.99676037,80.25744629,59187,59197,10
12.9966898,80.25818634,59197,59207,10
12.99662018,80.25888062,59207,59217,10
12.9965601,80.25939941,59217,59227,10
12.99650002,80.25998688,59227,59237,10
12.99641991,80.26071167,59237,59247,10
12.99635983,80.26136017,59247,59257,10
12.99633026,80.26184845,59257,59268,11
12.99625969,80.26235199,59268,59278,10
12.99619007,80.26271057,59278,59288,10
12.99619007,80.26271057,59288,59298,10
12.99613953,80.26332855,59298,59308,10
12.99606037,80.26415253,59308,59318,10
12.99594021,80.26506042,59318,59328,10
12.99582005,80.26615906,59328,59338,10
12.99571991,80.26717377,59338,59349,11
12.99573994,80.26767731,59349,59360,11
12.99627972,80.26779175,59360,59402,42
12.99627972,80.26779175,59402,59411,9
12.99647999,80.26782227,59411,59422,11
12.99695015,80.2677536,59422,59432,10
12.9975996,80.26754761,59432,59442,10
12.99827957,80.26735687,59442,59452,10
12.9989996,80.26717377,59452,59462,10
12.9997797,80.266922,59462,59472,10
13.00041962,80.26690674,59472,59483,11
13.0010004,80.26728058,59483,59503,20
13.0010004,80.26728058,59503,59513,10
13.00119972,80.26741791,59513,59523,10
13.00144958,80.2675705,59523,59533,10
13.00212002,80.26799011,59533,59543,10
13.00296974,80.26851654,59543,59553,10
13.00325966,80.26867676,59553,59563,10
13.00329971,80.26872253,59563,59573,10
13.00368023,80.26895142,59573,59583,10
13.0042696,80.26930237,59583,59593,10
13.00512028,80.26985168,59593,59604,11
13.00586033,80.27030182,59604,59614,10
13.00648975,80.27043152,59614,59624,10
13.00693989,80.26972961,59624,59634,10
13.00706959,80.26889038,59634,59644,10
13.00722027,80.26808929,59644,59654,10
13.00741005,80.26721954,59654,59664,10
13.00759983,80.26657867,59664,59674,10
13.00765991,80.26631927,59674,59684,10
13.00774002,80.26583862,59684,59694,10
13.00790977,80.26503754,59694,59704,10
13.00800037,80.26425934,59704,59715,11
13.00790024,80.26354218,59715,59725,10
13.00778961,80.26294708,59725,59735,10
13.00772953,80.26264954,59735,59745,10
13.00755024,80.26191711,59745,59754,9
13.00743008,80.26145935,59754,59765,11
13.00739002,80.26122284,59765,59775,10
13.00726032,80.26055145,59775,59785,10
13.00736046,80.259758,59785,59795,10
13.00734997,80.2589798,59795,59805,10
13.00761032,80.25875092,59805,59815,10
13.00852966,80.25904083,59815,59836,21
13.00852966,80.25904083,59836,59846,10
13.00887012,80.25913239,59846,59856,10
13.00951004,80.25914001,59856,59866,10
13.01043034,80.25914764,59866,59876,10
13.0114603,80.25913239,59876,59886,10
13.01257038,80.25914764,59886,59896,10
13.01391983,80.25920105,59896,59906,10
13.01527977,80.25926971,59906,59916,10
13.01650047,80.259758,59916,59936,20
13.01650047,80.259758,59936,59947,11
13.0167799,80.25995636,59947,59957,10
13.01731014,80.26032257,59957,59967,10
13.01786995,80.26071167,59967,59977,10
13.01844978,80.26112366,59977,59987,10
13.01898956,80.26155853,59987,59997,10
13.01935959,80.2618866,59997,60007,10
13.01970005,80.26228333,60007,60017,10
13.0202198,80.26278687,60017,60027,10
13.02017975,80.26299286,60027,60037,10
13.0197401,80.26296234,60037,60047,10
13.01908016,80.26294708,60047,60058,11
13.01906967,80.26345825,60058,60068,10
13.01914978,80.26397705,60068,60078,10
13.01914978,80.2640686,60078,60088,10
13.01906013,80.26464844,60088,60098,10
13.01885986,80.26534271,60098,60108,10
13.01871967,80.26583862,60108,60118,10
13.01873016,80.26673126,60118,60128,10
13.01904011,80.26753998,60128,60138,10
13.01941013,80.26799011,60138,60148,10
13.01992035,80.26859283,60148,60158,10
13.02054024,80.26931763,60158,60169,11
13.02112007,80.26999664,60169,60179,10
13.02145004,80.27037811,60179,60189,10
13.02145958,80.270401,60189,60199,10
13.02163982,80.2706604,60199,60209,10
13.02200031,80.27111053,60209,60219,10
13.02243042,80.27169037,60219,60229,10
13.02295971,80.27239227,60229,60239,10
13.02342987,80.27303314,60239,60249,10
13.02385998,80.27359009,60249,60268,19
13.02385998,80.27359009,60268,60280,12
13.02392006,80.27368927,60280,60290,10
13.02418995,80.27407837,60290,60300,10
13.02466965,80.27459717,60300,60310,10
13.02534008,80.27490234,60310,60320,10
13.02546024,80.27494812,60320,60330,10
13.02569962,80.27506256,60330,60340,10
13.0261097,80.27526855,60340,60350,10
13.02663994,80.27552032,60350,60360,10
13.02721977,80.27581024,60360,60370,10
13.02748013,80.27591705,60370,60380,10
13.02785969,80.27609253,60380,60390,10
13.02828979,80.27626801,60390,60401,11
13.02844048,80.27633667,60401,60411,10
13.02855968,80.27636719,60411,60421,10
13.02888966,80.27648926,60421,60431,10
13.02927017,80.2766037,60431,60441,10
13.02974033,80.27671814,60441,60479,38
13.02974033,80.27671814,60479,60489,10
13.0301199,80.27690887,60489,60510,21
13.0301199,80.27690887,60510,60520,10
13.03028965,80.27694702,60520,60530,10
13.03042984,80.27702332,60530,60540,10
13.03081036,80.27723694,60540,60580,40
13.03081036,80.27723694,60580,60590,10
13.03118038,80.27749634,60590,60610,20
13.03118038,80.27749634,60610,60620,10
13.03131008,80.27758026,60620,60631,11
13.03162003,80.27761841,60631,60641,10
13.03192043,80.27760315,60641,60650,9
13.03227043,80.27757263,60650,60711,61
13.03227043,80.27757263,60711,60721,10
13.03238964,80.27748108,60721,60732,11
13.03264046,80.27748108,60732,60742,10
13.03264999,80.27748108,60742,60752,10
13.03285027,80.27748108,60752,60762,10
13.03322029,80.27742004,60762,60822,60
13.03322029,80.27742004,60822,60832,10
13.03351974,80.27738953,60832,60842,10
13.03382015,80.27742004,60842,60853,11
13.03448963,80.27760315,60853,60863,10
13.03528023,80.27774811,60863,60873,10
13.03598022,80.27787781,60873,60883,10
13.03647995,80.27797699,60883,60893,10
13.03717041,80.27825928,60893,60903,10
13.03787994,80.27844238,60903,60913,10
13.03886032,80.27871704,60913,60943,30
13.03886032,80.27871704,60943,60953,10
13.03911972,80.27883148,60953,60964,11
13.0396204,80.27897644,60964,60974,10
13.04032993,80.27919006,60974,60984,10
13.04104996,80.27935028,60984,60994,10
13.04178047,80.27945709,60994,61004,10
13.04244995,80.27954102,61004,61014,10
13.04300976,80.27957153,61014,61030,16
13.04372025,80.27977753,61030,61042,12
13.04419041,80.2798996,61042,61052,10
13.04485989,80.27999878,61052,61062,10
13.04557991,80.2800827,61062,61072,10
13.04578018,80.28009796,61072,61083,11
13.04578972,80.28009796,61083,61093,10
13.0461998,80.28015137,61093,61103,10
13.04683971,80.28024292,61103,61113,10
13.04761982,80.28034973,61113,61123,10
13.04845047,80.2804718,61123,61133,10
13.04916954,80.28056335,61133,61143,10
13.04930973,80.28057861,61143,61153,10
13.0497303,80.28064728,61153,61163,10
13.05053997,80.28079987,61163,61173,10
13.05156994,80.28095245,61173,61184,11
13.05270004,80.2811203,61184,61194,10
13.05360031,80.28125,61194,61204,10
13.0544796,80.28141785,61204,61214,10
13.05531025,80.28157806,61214,61224,10
13.05597973,80.28173065,61224,61234,10
13.05644035,80.28182983,61234,61254,20
13.05644035,80.28182983,61254,61264,10
13.05659962,80.28188324,61264,61274,10
13.05714035,80.28199005,61274,61284,10
13.05776024,80.28211975,61284,61294,10
13.05848026,80.28227234,61294,61305,11
13.05930996,80.28244019,61305,61314,9
13.0600996,80.28262329,61314,61325,11
13.06114006,80.28282166,61325,61335,10
13.06210041,80.28304291,61335,61345,10
13.06315041,80.2832489,61345,61365,20
13.06315041,80.2832489,61365,61375,10
13.06324959,80.28328705,61375,61385,10
13.06373978,80.28337097,61385,61416,31
13.06373978,80.28337097,61416,61426,10
13.06387997,80.28343201,61426,61436,10
13.06443024,80.28354645,61436,61446,10
13.06515026,80.28372955,61446,61456,10
13.06618023,80.28398132,61456,61466,10
13.06725979,80.28421783,61466,61476,10
13.06816006,80.2843399,61476,61486,10
13.06900024,80.28453064,61486,61496,10
13.06982994,80.28473663,61496,61506,10
13.07054996,80.28491974,61506,61516,10
13.07127953,80.28507233,61516,61527,11
13.07240963,80.28530884,61527,61537,10
13.07322979,80.28523254,61537,61577,40
13.07322979,80.28523254,61577,61587,10
13.07345963,80.2852478,61587,61597,10
13.07361984,80.28530884,61597,61607,10
13.07384014,80.2854538,61607,61617,10
13.07398987,80.28565979,61617,61627,10
13.07406044,80.28575897,61627,61637,10
13.07439995,80.28611755,61637,61648,11
13.0746603,80.28627014,61648,61658,10
13.07485962,80.28639984,61658,61668,10
13.07542992,80.28678131,61668,61678,10
13.07631969,80.287117,61678,61688,10
13.07723999,80.28736115,61688,61698,10
13.07816029,80.2875824,61698,61708,10
13.07917976,80.28794098,61708,61718,10
13.07985973,80.28813171,61718,61728,10
13.07987976,80.28813171,61728,61738,10
13.08014965,80.28817749,61738,61749,11
13.08065987,80.28826141,61749,61759,10
13.08088017,80.28833008,61759,61769,10
13.08110046,80.28840637,61769,61779,10
13.08160973,80.28859711,61779,61789,10
13.08226013,80.28881836,61789,61799,10
13.08304024,80.28917694,61799,61809,10
13.08391953,80.28919983,61809,61819,10
13.08485031,80.2891922,61819,61829,10
13.0853796,80.28936005,61829,61839,10
13.08640003,80.2895813,61839,61849,10
13.08714008,80.28980255,61849,61860,11
13.08778,80.2900238,61860,61870,10
13.08821011,80.29017639,61870,61880,10
13.08876991,80.29022217,61880,61910,30
13.08876991,80.29022217,61910,61920,10
13.08880043,80.29038239,61920,61930,10
13.08841991,80.29029846,61930,61940,10
13.08778,80.29000854,61940,61950,10
13.08705997,80.28975677,61950,61960,10
13.0865202,80.28961945,61960,61970,10
13.08600044,80.28949738,61970,61981,11
13.08568001,80.28929901,61981,61991,10
13.08535957,80.28878021,61991,62000,9
13.0851202,80.28801727,62000,62011,11
13.08514023,80.2870636,62011,62021,10
13.08522987,80.28608704,62021,62031,10
13.08532047,80.28517151,62031,62041,10
13.08530045,80.28449249,62041,62051,10
13.08518982,80.28414917,62051,62061,10
13.0853796,80.28382111,62061,62071,10
13.08551979,80.28356171,62071,62081,10
13.08576012,80.28356934,62081,62092,11
13.08619976,80.28359985,62092,62102,10
13.08689976,80.28398132,62102,62172,70
13.08689976,80.28398132,62172,62182,10
13.08716011,80.28398132,62182,62192,10
13.08777046,80.28398132,62192,62485,293
13.08777046,80.28398132,62485,62495,10
13.08808994,80.28397369,62495,62505,10
13.08813953,80.28376007,62505,62515,10
13.08815002,80.28369141,62515,62525,10
13.0882597,80.28357697,62525,62536,11
13.08831978,80.28343201,62536,62546,10
13.08831978,80.2829895,62546,62556,10
13.08831978,80.28260803,62556,62566,10
13.08829021,80.28233337,62566,62576,10
13.08819962,80.2819519,62576,62586,10
13.08806038,80.28151703,62586,62595,9
13.08823013,80.28147888,62595,62606,11
13.08850956,80.28160095,62606,62616,10
13.08848953,80.2819519,62616,62626,10
13.08839989,80.28244781,62626,62636,10
13.08831978,80.28282928,62636,62646,10
13.08831024,80.28304291,62646,62657,11
13.08831978,80.2835083,62657,62667,10
13.08835983,80.28417969,62667,62677,10
13.08841991,80.28514862,62677,62747,70
13.08841991,80.28514862,62747,62757,10
13.08843994,80.28526306,62757,62768,11
13.08848,80.28568268,62768,62778,10
13.08848953,80.28588867,62778,62788,10
13.08850956,80.28639984,62788,62798,10
13.08850956,80.28665924,62798,62808,10
13.08854961,80.28721619,62808,62818,10
13.08858013,80.28755951,62818,62828,10
13.0886097,80.28788757,62828,62838,10
13.08866978,80.28852081,62838,62848,10
13.08870029,80.28875732,62848,62858,10
13.0887804,80.28925323,62858,62868,10
13.08880043,80.28941345,62868,62879,11
13.08880997,80.28946686,62879,62889,10
13.08885002,80.28988647,62889,62899,10
13.08887005,80.29016876,62899,62919,20
13.08887005,80.29016876,62919,62929,10
13.08885956,80.29033661,62929,62939,10
13.08872986,80.29051208,62939,62949,10
13.0883503,80.29029846,62949,62960,11
13.08777046,80.29000854,62960,62970,10
13.08699989,80.28968048,62970,62980,10
13.08623981,80.28942871,62980,62991,11
13.08535957,80.28922272,62991,63001,10
13.0845499,80.28916168,63001,63011,10
13.08376026,80.28919983,63011,63021,10
13.08290958,80.28920746,63021,63051,30
13.08290958,80.28920746,63051,63061,10
13.0828104,80.28913116,63061,63071,10
13.08257008,80.28897858,63071,63081,10
13.08199978,80.28878021,63081,63091,10
13.08125973,80.2884903,63091,63102,11
13.08057976,80.28833771,63102,63112,10
13.08034039,80.28826141,63112,63122,10
13.08012962,80.28820038,63122,63132,10
13.08001041,80.28817749,63132,63142,10
13.07995033,80.28816986,63142,63152,10
13.07944012,80.28807068,63152,63162,10
13.07863045,80.28772736,63162,63172,10
13.0780201,80.28753662,63172,63182,10
13.07756996,80.28746796,63182,63192,10
13.07684994,80.28726959,63192,63202,10
13.07584,80.28701782,63202,63212,10
13.07514,80.28668976,63212,63223,11
13.07415962,80.28616333,63223,63243,20
13.07415962,80.28616333,63243,63253,10
13.07386971,80.28608704,63253,63263,10
13.07324982,80.28591919,63263,63273,10
13.07262993,80.28553772,63273,63283,10
13.07172012,80.28524017,63283,63293,10
13.07069016,80.28498077,63293,63303,10
13.06958008,80.28472137,63303,63313,10
13.06853008,80.28446198,63313,63323,10
13.06754017,80.2842865,63323,63334,11
13.06632042,80.28410339,63334,63354,20
13.06632042,80.28410339,63354,63364,10
13.06608009,80.28401947,63364,63374,10
13.06536961,80.28382111,63374,63384,10
13.06457996,80.28363037,63384,63394,10
13.06404018,80.28350067,63394,63404,10
13.0635004,80.28336334,63404,63414,10
13.06276989,80.28318024,63414,63424,10
13.06247997,80.28311157,63424,63434,10
13.06241989,80.28309631,63434,63445,11
13.06200027,80.2829895,63445,63455,10
13.0616703,80.28289795,63455,63465,10
13.06136036,80.28282166,63465,63475,10
13.06105042,80.28276062,63475,63485,10
13.06048012,80.28265381,63485,63495,10
13.05963993,80.28250122,63495,63505,10
13.05881023,80.28231812,63505,63515,10
13.0578804,80.28214264,63515,63525,10
13.05667019,80.28189087,63525,63545,20
13.05667019,80.28189087,63545,63556,11
13.05665016,80.28188324,63556,63566,10
13.05622005,80.28177643,63566,63576,10
13.05550003,80.2816391,63576,63586,10
13.05451965,80.28144836,63586,63596,10
13.05358028,80.28127289,63596,63606,10
13.0527401,80.28112793,63606,63616,10
13.05179024,80.28099823,63616,63626,10
13.05119038,80.28092957,63626,63636,10
13.05109024,80.28092194,63636,63646,10
13.05091,80.28089142,63646,63656,10
13.05035973,80.2808075,63656,63667,11
13.05033016,80.28079987,63667,63677,10
13.04990959,80.28073883,63677,63687,10
13.04916954,80.28061676,63687,63697,10
13.0482502,80.28050232,63697,63707,10
13.04728985,80.28035736,63707,63717,10
13.04640961,80.28022766,63717,63727,10
13.04564953,80.28014374,63727,63747,20
13.04564953,80.28014374,63747,63757,10
13.04533958,80.28009033,63757,63767,10
13.04459,80.27999115,63767,63777,10
13.04380035,80.27986908,63777,63788,11
13.04304028,80.27970886,63788,63798,10
13.04213047,80.2795105,63798,63808,10
13.04117966,80.27935028,63808,63818,10
13.0403204,80.27913666,63818,63828,10
13.03944016,80.27890015,63828,63838,10
13.0389204,80.27880096,63838,63858,20
13.0389204,80.27880096,63858,63868,10
13.03882027,80.27874756,63868,63878,10
13.03837013,80.2786026,63878,63888,10
13.03759003,80.27837372,63888,63899,11
13.03682041,80.27812195,63899,63909,10
13.03619957,80.2779007,63909,63919,10
13.03528023,80.27770233,63919,63929,10
13.03423023,80.27749634,63929,63939,10
13.03347015,80.27735138,63939,63949,10
13.03277016,80.27745819,63949,63959,10
13.03215027,80.2775116,63959,63969,10
13.03149986,80.27757263,63969,63979,10
13.03094006,80.27729797,63979,63989,10
13.03089046,80.27725983,63989,64006,17
13.03071022,80.27715302,64006,64019,13
13.0300703,80.27684021,64019,64029,10
13.02945995,80.27664948,64029,64039,10
13.02871037,80.27644348,64039,64049,10
13.02808952,80.27616119,64049,64059,10
13.02715969,80.27574158,64059,64069,10
13.02595043,80.27519989,64069,64099,30
13.02595043,80.27519989,64099,64109,10
13.02581024,80.2751236,64109,64120,11
13.02525997,80.27487946,64120,64130,10
13.02451038,80.27449036,64130,64140,10
13.02416039,80.27416229,64140,64150,10
13.02414036,80.2741394,64150,64160,10
13.02404022,80.2740097,64160,64170,10
13.02375984,80.27362061,64170,64180,10
13.02315998,80.27281952,64180,64190,10
13.02260017,80.27207947,64190,64200,10
13.02202034,80.27131653,64200,64210,10
13.02149963,80.27066803,64210,64220,10
13.02083969,80.26992035,64220,64241,21
13.02083969,80.26992035,64241,64251,10
13.0205698,80.26954651,64251,64261,10
13.02013016,80.26902008,64261,64271,10
13.01953983,80.26828766,64271,64281,10
13.01896,80.26760101,64281,64291,10
13.01863003,80.26672363,64291,64301,10
13.01860046,80.26598358,64301,64311,10
13.01875973,80.26528168,64311,64321,10
13.01902962,80.26431274,64321,64331,10
13.01896,80.26358795,64331,64341,10
13.01889992,80.26319122,64341,64352,11
13.01887035,80.26302338,64352,64362,10
13.01883984,80.26280212,64362,64378,16
13.01871014,80.26181793,64378,64390,12
13.01840973,80.26120758,64390,64400,10
13.01788044,80.26084137,64400,64410,10
13.01723003,80.26039124,64410,64420,10
13.01657009,80.25994873,64420,64430,10
13.01599979,80.25965118,64430,64613,183
13.01599979,80.25965118,64613,64623,10
13.01574039,80.25952148,64623,64633,10
13.01504993,80.25933075,64633,64643,10
13.01412964,80.25927734,64643,64653,10
13.01296043,80.25923157,64653,64663,10
13.01173973,80.25917816,64663,64673,10
13.01064014,80.25920105,64673,64684,11
13.00959015,80.25920105,64684,64694,10
13.0088501,80.25917816,64694,64704,10
13.00862026,80.25920105,64704,64714,10
13.00806046,80.25920105,64714,64724,10
13.0075798,80.25939941,64724,64734,10
13.00722027,80.2598877,64734,64744,10
13.00718021,80.26043701,64744,64754,10
13.00741959,80.26139069,64754,64774,20
13.00741959,80.26139069,64774,64784,10
13.00745964,80.26152802,64784,64794,10
13.00755024,80.26203918,64794,64805,11
13.00774002,80.26270294,64805,64815,10
13.00782013,80.26300049,64815,64825,10
13.00790977,80.26338959,64825,64835,10
13.00800991,80.26394653,64835,64845,10
13.00800037,80.26473999,64845,64855,10
13.00782967,80.26564026,64855,64865,10
13.00767994,80.26628113,64865,64875,10
13.00753021,80.26686859,64875,64885,10
13.00734997,80.26757813,64885,64895,10
13.0071497,80.26850128,64895,64905,10
13.00699043,80.26944733,64905,64916,11
13.00666046,80.27037811,64916,64926,10
13.00603008,80.27041626,64926,64936,10
13.00537968,80.26999664,64936,64946,10
13.00473976,80.26953125,64946,64956,10
13.00407028,80.26914215,64956,64966,10
13.0036602,80.26892853,64966,64976,10
13.00319004,80.26872253,64976,64986,10
13.00310993,80.2686615,64986,64996,10
13.00271988,80.2684021,64996,65006,10
13.0020504,80.26799774,65006,65016,10
13.00090027,80.26727295,65016,65047,31
13.00090027,80.26727295,65047,65057,10
13.00055981,80.26708221,65057,65067,10
12.99983025,80.26699066,65067,65077,10
12.99884033,80.26719666,65077,65087,10
12.99806023,80.26737976,65087,65097,10
12.99717045,80.26763153,65097,65107,10
12.99596977,80.26769257,65107,65380,273
12.99596977,80.26769257,65380,65390,10
12.99575996,80.26766205,65390,65400,10
12.99561024,80.26760864,65400,65410,10
12.9956398,80.26731873,65410,65430,20
12.99565983,80.26721954,65430,65501,71
12.99565983,80.26721954,65501,65511,10
12.99567986,80.26693726,65511,65521,10
12.99575996,80.2661972,65521,65531,10
12.99586964,80.26525879,65531,65541,10
12.99594975,80.26461029,65541,65551,10
12.99602032,80.26403046,65551,65561,10
12.99610043,80.26320648,65561,65571,10
12.99615955,80.26262665,65571,65592,21
12.99615955,80.26262665,65592,65602,10
12.9962101,80.26230621,65602,65612,10
12.99627972,80.26191711,65612,65622,10
12.99631023,80.2616806,65622,65632,10
12.99637985,80.26096344,65632,65642,10
12.99645996,80.26024628,65642,65652,10
12.99652004,80.25956726,65652,65662,10
12.99656963,80.25900269,65662,65672,10
12.99662018,80.25858307,65672,65682,10
12.9966898,80.25804901,65682,65693,11
12.99676037,80.25740051,65693,65703,10
12.99678993,80.25714874,65703,65834,131
12.99678993,80.25714874,65834,65844,10
12.99683952,80.25659943,65844,65854,10
12.99687958,80.25601196,65854,66005,151
12.99687958,80.25601196,66005,66015,10
12.9968996,80.25579834,66015,66025,10
12.99685955,80.25525665,66025,66036,11
12.99666023,80.25443268,66036,66046,10
12.9960804,80.25385284,66046,66056,10
12.9956398,80.25344086,66056,66066,10
12.99514008,80.25289917,66066,66076,10
12.99483967,80.25247192,66076,66086,10
12.9948101,80.25245667,66086,66096,10
12.99446011,80.25251007,66096,66106,10
12.99442005,80.25251007,66106,66116,10
12.99413013,80.25257874,66116,66126,10
12.99365044,80.25272369,66126,66136,10
12.99314976,80.25283813,66136,66147,11
12.99228954,80.25289917,66147,66157,10
12.99170017,80.2530899,66157,66167,10
12.9910202,80.2537384,66167,66177,10
12.99081039,80.25480652,66177,66187,10
12.99077988,80.25559235,66187,66197,10
12.99075031,80.25582123,66197,66213,16
12.99057961,80.25601959,66213,66225,12
12.99024963,80.25598145,66225,66235,10
12.98943996,80.25595856,66235,66245,10
12.98832035,80.25588226,66245,66276,31
12.98832035,80.25588226,66276,66286,10
12.98820019,80.2558136,66286,66296,10
12.98789978,80.25579834,66296,66305,9
12.98764038,80.25582123,66305,66316,11
12.98752022,80.25628662,66316,66326,10
12.98744965,80.25721741,66326,66336,10
12.98738003,80.25823975,66336,66346,10
12.98731995,80.25906372,66346,66356,10
12.98719978,80.25950623,66356,66387,31
12.98719978,80.25950623,66387,66397,10
12.98709965,80.25958252,66397,66417,20
12.98709965,80.25958252,66417,66427,10
12.98668957,80.25958252,66427,66873,446
12.98668957,80.25958252,66873,66883,10
12.98659039,80.25920868,66883,67156,273
12.98659039,80.25920868,67156,67166,10
12.98698044,80.25911713,67166,67186,20
12.98698044,80.25911713,67186,67196,10
12.98723984,80.2591629,67196,67206,10
12.98736,80.25888062,67206,67216,10
12.98738003,80.25847626,67216,67226,10
12.98738956,80.25836945,67226,67236,10
12.98740005,80.25814819,67236,67246,10
12.98744965,80.25775146,67246,67256,10
12.9874897,80.25708008,67256,67266,10
12.98752975,80.25666809,67266,67357,91
12.98752975,80.25666809,67357,67367,10
12.98758984,80.25634766,67367,67377,10
12.98758984,80.25596619,67377,67388,11
12.98775005,80.25572205,67388,67398,10
12.98801994,80.25578308,67398,67408,10
12.98816967,80.25582886,67408,67418,10
12.98830986,80.255867,67418,67428,10
12.98869991,80.25592041,67428,67448,20
12.98869991,80.25592041,67448,67458,10
12.98878002,80.25592804,67458,67468,10
12.98898029,80.25595856,67468,67478,10
12.98923016,80.25598145,67478,67488,10
12.98970985,80.25601959,67488,67499,11
12.99030018,80.25604248,67499,67515,16
12.9907198,80.25582886,67515,67527,12
12.99071026,80.25537872,67527,67537,10
12.99073982,80.25476837,67537,67547,10
12.99079037,80.25427246,67547,67557,10
12.99088955,80.25389099,67557,67567,10
12.99092007,80.25383759,67567,67576,9
12.9911499,80.25350952,67576,67587,11
12.99164963,80.2531662,67587,67597,10
12.99217987,80.25299072,67597,67608,11
12.9927702,80.25296021,67608,67618,10
12.99328995,80.25285339,67618,67628,10
12.99388981,80.25267029,67628,67638,10
12.99444008,80.2525177,67638,67648,10
12.99473,80.25244904,67648,67658,10
12.9949398,80.25241852,67658,67668,10
12.99507046,80.25276184,67668,67688,20
12.99507046,80.25276184,67688,67698,10
12.99510956,80.2529068,67698,67708,10
12.99526978,80.25314331,67708,67718,10
12.9957304,80.25357056,67718,67729,11
12.99625015,80.25406647,67729,67739,10
12.99670029,80.25457764,67739,67749,10
12.99682045,80.25505829,67749,67838,89
12.99682045,80.25505829,67838,67848,10
12.99685955,80.25514221,67848,67858,10
12.99687958,80.25531006,67858,67868,10
12.9969101,80.25553131,67868,67878,10
12.99693012,80.25592041,67878,67888,10
12.99689007,80.25615692,67888,67898,10
12.99685001,80.25640106,67898,67908,10
12.99682045,80.25668335,67908,67918,10
12.99680042,80.25685883,67918,67928,10
12.99680042,80.25695801,67928,67938,10
12.99676037,80.25737762,67938,67949,11
12.99672985,80.25769043,67949,67959,10
12.99670982,80.25782013,67959,67969,10
12.99664974,80.25821686,67969,67979,10
12.99660969,80.25856781,67979,67989,10
12.99660015,80.2587204,67989,67999,10
12.99654961,80.25906372,67999,68009,10
12.99650955,80.2592926,68009,68019,10
12.99650955,80.25945282,68019,68029,10
12.99645042,80.26000977,68029,68039,10
12.99635983,80.2610321,68039,68060,21
12.99635983,80.2610321,68060,68070,10
12.9963398,80.26120758,68070,68080,10
12.99633026,80.26135254,68080,68090,10
12.99629974,80.26158142,68090,68100,10
12.99627018,80.26187897,68100,68110,10
12.99619961,80.26226807,68110,68120,10
12.99617958,80.26229858,68120,68130,10
12.99615002,80.2624588,68130,68140,10
12.99612045,80.26284027,68140,68150,10
12.9960804,80.26325989,68150,68160,10
12.99602985,80.26384735,68160,68171,11
12.99596024,80.26448822,68171,68181,10
12.99590015,80.26500702,68181,68191,10
12.99580002,80.26580048,68191,68201,10
12.99569035,80.26699066,68201,68362,161
12.99569035,80.26699066,68362,68372,10
12.99567032,80.26730347,68372,68382,10
12.99565983,80.26754761,68382,68393,11
12.9959898,80.26767731,68393,68423,30
12.9959898,80.26767731,68423,68433,10
12.99619961,80.26772308,68433,68443,10
12.99662971,80.26777649,68443,68453,10
12.99705982,80.26769257,68453,68463,10
12.99757004,80.26753998,68463,68473,10
12.99779034,80.26747894,68473,68483,10
12.99820042,80.26735687,68483,68493,10
12.99868011,80.26721954,68493,68503,10
12.99942017,80.26701355,68503,68514,11
13.00004005,80.26677704,68514,68524,10
13.00041962,80.266922,68524,68534,10
13.00063992,80.26708984,68534,68543,9
13.0008297,80.26719666,68543,68554,11
13.00086021,80.26721954,68554,68564,10
13.00098038,80.26730347,68564,68574,10
13.00131989,80.26750946,68574,68584,10
13.00152016,80.26763916,68584,68594,10
13.00166035,80.26772308,68594,68604,10
13.00214958,80.26802826,68604,68614,10
13.0033102,80.26870728,68614,68635,21
13.0033102,80.26870728,68635,68645,10
13.00341988,80.26882172,68645,68655,10
13.00368977,80.26898193,68655,68665,10
13.00415993,80.26927185,68665,68675,10
13.00489044,80.26970673,68675,68685,10
13.00566959,80.27018738,68685,68695,10
13.00638962,80.27047729,68695,68705,10
13.00691986,80.26976013,68705,68715,10
13.00704002,80.26885223,68715,68725,10
13.00716019,80.26806641,68725,68736,11
13.00743008,80.26699829,68736,68746,10
13.00759983,80.26638794,68746,68756,10
13.00769043,80.26592255,68756,68766,10
13.00784016,80.26522064,68766,68776,10
13.0079298,80.26455688,68776,68786,10
13.00794029,80.26413727,68786,68796,10
13.00784969,80.26361084,68796,68806,10
13.00771999,80.26309967,68806,68816,10
13.00765991,80.2627182,68816,68826,10
13.00751019,80.26210785,68826,68836,10
13.00732994,80.26145935,68836,68847,11
13.00728989,80.26119995,68847,68857,10
13.00720024,80.26074982,68857,68867,10
13.00712967,80.26039886,68867,68877,10
13.00718021,80.2598877,68877,68887,10
13.0072298,80.25921631,68887,68897,10
13.00734997,80.2587204,68897,68917,20
13.00734997,80.2587204,68917,68927,10
13.00776958,80.25869751,68927,68937,10
13.00837994,80.25891876,68937,68947,10
13.00848007,80.25895691,68947,68957,10
13.00854969,80.25901794,68957,68968,11
13.00876999,80.25907898,68968,68978,10
13.0089798,80.25908661,68978,68988,10
13.00961971,80.25907898,68988,68998,10
13.01037025,80.25910187,68998,69008,10
13.01117992,80.25910187,69008,69018,10
13.01210022,80.2591095,69018,69028,10
13.01301956,80.25914001,69028,69038,10
13.01395035,80.25917053,69038,69048,10
13.01486969,80.25920105,69048,69058,10
13.01568031,80.25932312,69058,69068,10
13.01626015,80.25959778,69068,69079,11
13.01644039,80.25972748,69079,69089,10
13.01653004,80.25978851,69089,69098,9
13.01692009,80.26004791,69098,69109,11
13.01745033,80.26039886,69109,69119,10
13.01788998,80.26072693,69119,69129,10
13.01848984,80.26114655,69129,69139,10
13.01896954,80.26154327,69139,69149,10
13.01937008,80.26190186,69149,69159,10
13.0197897,80.26235962,69159,69169,10
13.02025032,80.26277161,69169,69179,10
13.02025032,80.26290894,69179,69190,11
13.01998997,80.2629776,69190,69200,10
13.01963043,80.26300049,69200,69210,10
13.01916981,80.26293945,69210,69220,10
13.01898956,80.26319885,69220,69230,10
13.0190897,80.26387024,69230,69240,10
13.01910019,80.26396179,69240,69250,10
13.01906967,80.26434326,69250,69260,10
13.01889038,80.2649765,69260,69270,10
13.01875973,80.26544189,69270,69280,10
13.01863003,80.26618195,69280,69290,10
13.01873016,80.26696777,69290,69301,11
13.01912975,80.26763916,69301,69311,10
13.01963997,80.26821899,69311,69321,10
13.02025986,80.2690506,69321,69331,10
13.02075005,80.26966095,69331,69341,10
13.02108955,80.27008057,69341,69351,10
13.02140045,80.270401,69351,69371,20
13.02140045,80.270401,69371,69381,10
13.02147961,80.27050018,69381,69391,10
13.02180004,80.27092743,69391,69401,10
13.02233982,80.2716217,69401,69412,11
13.02295971,80.27246094,69412,69422,10
13.02344036,80.27310181,69422,69432,10
13.02369976,80.2734375,69432,69472,40
13.02369976,80.2734375,69472,69482,10
13.02373981,80.27349854,69482,69492,10
13.02400017,80.27387238,69492,69502,10
13.02435017,80.27430725,69502,69512,10
13.02470016,80.27464294,69512,69523,11
13.02540016,80.27494049,69523,69543,20
13.02540016,80.27494049,69543,69553,10
13.02567959,80.27510071,69553,69563,10
13.02618027,80.27533722,69563,69573,10
13.02676964,80.27562714,69573,69583,10
13.02737045,80.27590179,69583,69593,10
13.02777958,80.27609253,69593,69603,10
13.0282402,80.27626801,69603,69613,10
13.02865028,80.27644348,69613,69623,10
13.02923965,80.27661896,69623,69633,10
13.02978039,80.2767334,69633,69644,11
13.02985001,80.27675629,69644,69654,10
13.03001022,80.27684021,69654,69663,9
13.03038979,80.27700806,69663,69673,10
13.03071022,80.27718353,69673,69684,11
13.03085995,80.27728271,69684,69694,10
13.03118038,80.27748108,69694,69703,9
13.03151989,80.27761078,69703,69714,11
13.03186989,80.27758789,69714,69724,10
13.03271008,80.27749634,69724,69765,41
13.03271008,80.27749634,69765,69775,10
13.03316021,80.27745056,69775,69785,10
13.03369999,80.27739716,69785,69795,10
13.03429031,80.27754974,69795,69805,10
13.03474045,80.2776413,69805,69815,10
13.0351696,80.27770233,69815,69825,10
13.0355196,80.27777863,69825,69835,10
13.03608036,80.27789307,69835,69845,10
13.03680038,80.27812958,69845,69855,10
13.03728008,80.2783432,69855,69866,11
13.03765011,80.27841187,69866,69876,10
13.03831005,80.27858734,69876,69886,10
13.03886032,80.27873993,69886,69906,20
13.03886032,80.27873993,69906,69916,10
13.03903961,80.27879333,69916,69926,10
13.03929996,80.27886963,69926,69936,10
13.03977966,80.27900696,69936,69946,10
13.04055977,80.27922058,69946,69956,10
13.04144001,80.27938843,69956,69966,10
13.04230022,80.27950287,69966,69977,11
13.04273987,80.27954102,69977,69987,10
13.0427599,80.27954102,69987,69997,10
13.04277992,80.27954102,69997,70007,10
13.04312992,80.27957916,70007,70017,10
13.04364014,80.27973938,70017,70027,10
13.04407024,80.27983856,70027,70037,10
13.04456043,80.27993011,70037,70047,10
13.04568005,80.2800827,70047,70067,20
13.04568005,80.2800827,70067,70077,10
13.04625988,80.28015137,70077,70088,11
13.04625988,80.28015137,70088,70098,10
13.04683018,80.28024292,70098,70108,10
13.04767036,80.28038025,70108,70118,10
13.04854965,80.28047943,70118,70128,10
13.04934978,80.2806015,70128,70148,20
13.04934978,80.2806015,70148,70160,12
13.04965019,80.28066254,70160,70170,10
13.05060959,80.2808075,70170,70189,19
13.05060959,80.2808075,70189,70201,12
13.05064011,80.28082275,70201,70211,10
13.05111027,80.28088379,70211,70222,11
13.05183029,80.28099823,70222,70232,10
13.05263042,80.28109741,70232,70242,10
13.05350018,80.28121948,70242,70252,10
13.05440044,80.2813797,70252,70262,10
13.05506992,80.2815094,70262,70272,10
13.05556965,80.28160858,70272,70282,10
13.05599976,80.28170013,70282,70292,10
13.05634022,80.28177643,70292,70302,10
13.05634975,80.28177643,70302,70313,11
13.05646038,80.28180695,70313,70323,10
13.05679989,80.28188324,70323,70333,10
13.05694008,80.28191376,70333,70343,10
13.05722046,80.28195953,70343,70353,10
13.05757999,80.2820282,70353,70363,10
13.0581398,80.28217316,70363,70373,10
13.05883026,80.28231049,70373,70383,10
13.05959988,80.28246307,70383,70393,10
13.06042004,80.28263092,70393,70403,10
13.06116962,80.28278351,70403,70413,10
13.06184006,80.28294373,70413,70423,10
13.06254005,80.28308105,70423,70434,11
13.06301022,80.28318024,70434,70454,20
13.06301022,80.28318024,70454,70464,10
13.0635004,80.28333282,70464,70494,30
13.0635004,80.28333282,70494,70504,10
13.06367016,80.28343201,70504,70514,10
13.06410027,80.28349304,70514,70524,10
13.06476021,80.28362274,70524,70534,10
13.0656004,80.28379822,70534,70545,11
13.06659031,80.28404236,70545,70555,10
13.06762028,80.28423309,70555,70564,9
13.06824017,80.28433228,70564,70575,11
13.06908035,80.28452301,70575,70585,10
13.06989956,80.28473663,70585,70595,10
13.07032013,80.28485107,70595,70605,10
13.07050037,80.28488922,70605,70615,10
13.07083988,80.28492737,70615,70625,10
13.0714798,80.28510284,70625,70635,10
13.07231998,80.28526306,70635,70646,11
13.07332039,80.28518677,70646,70676,30
13.07332039,80.28518677,70676,70686,10
13.07334042,80.28520203,70686,70696,10
13.07361031,80.28527832,70696,70706,10
13.07394028,80.28559875,70706,70716,10
13.07437992,80.28610229,70716,70726,10
13.07458973,80.28623962,70726,70736,10
13.07462025,80.28626251,70736,70746,10
13.07503033,80.28653717,70746,70756,10
13.07559967,80.28684998,70756,70767,11
13.07653046,80.287117,70767,70777,10
13.07732964,80.28735352,70777,70787,10
13.07806015,80.28752136,70787,70797,10
13.07886028,80.28777313,70797,70807,10
13.07966042,80.28804779,70807,70817,10
13.0803299,80.28820038,70817,70827,10
13.08084011,80.28832245,70827,70837,10
13.08154964,80.28858185,70837,70847,10
13.08218956,80.28878021,70847,70857,10
13.08288002,80.28912354,70857,70867,10
13.08368015,80.2891922,70867,70878,11
13.08465958,80.28914642,70878,70888,10
13.08553028,80.28922272,70888,70898,10
13.08654976,80.28943634,70898,70908,10
13.08732986,80.28970337,70908,70918,10
13.08790016,80.28994751,70918,70928,10
13.08841991,80.29012299,70928,70938,10
13.08876038,80.29013824,70938,70974,36
13.08876038,80.29013824,70974,70986,12
13.08870983,80.29038239,70986,70997,11
13.08802032,80.29009247,70997,71007,10
13.08745956,80.28987122,71007,71017,10
13.08683014,80.28968048,71017,71027,10
13.0861702,80.28951263,71027,71037,10
13.08565998,80.28928375,71037,71046,9
13.0853796,80.28883362,71046,71057,11
13.08510017,80.28788757,71057,71067,10
13.08510971,80.28716278,71067,71077,10
13.08516979,80.28633881,71077,71086,9
13.08524036,80.28553772,71086,71097,11
13.08530998,80.28469849,71097,71108,11
13.08524036,80.28408051,71108,71118,10
13.0853796,80.28372192,71118,71138,20
13.0853796,80.28372192,71138,71148,10
13.08594036,80.28353882,71148,71158,10
13.08625984,80.28359985,71158,71168,10
13.08652973,80.2837677,71168,71219,51
13.08652973,80.2837677,71219,71229,10
13.08677006,80.2840271,71229,71279,50
13.08677006,80.2840271,71279,71289,10
13.08695984,80.2840271,71289,71299,10
13.08708,80.28399658,71299,71309,10
13.08730984,80.28398895,71309,71319,10
13.08778954,80.28395844,71319,71693,374
13.08778954,80.28395844,71693,71703,10
13.08813953,80.28394318,71703,71723,20
13.08813953,80.28394318,71723,71733,10
13.08823967,80.28357697,71733,71743,10
13.0882597,80.28356171,71743,71753,10
13.08829975,80.28336334,71753,71763,10
13.08829021,80.28291321,71763,71774,11
13.08829021,80.28250885,71774,71784,10
13.08829021,80.28249359,71784,71794,10
13.08825016,80.2822113,71794,71804,10
13.08813953,80.2817688,71804,71814,10
13.08804989,80.28144836,71814,71834,20
13.08804989,80.28144836,71834,71844,10
13.08835983,80.28146362,71844,71854,10
13.08850956,80.28151703,71854,71864,10
13.08852959,80.28166962,71864,71880,16
13.08843994,80.28215027,71880,71893,13
13.08837032,80.2824173,71893,71903,10
13.08831978,80.28263855,71903,71913,10
13.08829021,80.28312683,71913,71923,10
13.08831978,80.28359985,71923,71933,10
13.0883503,80.28401947,71933,71943,10
13.08837986,80.28462982,71943,71953,10
13.08839989,80.2851181,71953,71983,30
13.08839989,80.2851181,71983,71993,10
13.08841038,80.28559113,71993,72004,11
13.08843994,80.28595734,72004,72014,10
13.08845997,80.28640747,72014,72024,10
13.08847046,80.28665924,72024,72034,10
13.08850956,80.28726196,72034,72044,10
13.08854008,80.28755188,72044,72054,10
13.08858013,80.2879715,72054,72064,10
13.08864021,80.28852081,72064,72074,10
13.08866024,80.28861237,72074,72084,10
13.08870029,80.28890228,72084,72094,10
13.08874035,80.28930664,72094,72104,10
13.08872986,80.2893219,72104,72115,11
13.08874035,80.28970337,72115,72125,10
13.08878994,80.29016876,72125,72145,20
13.08878994,80.29016876,72145,72155,10
13.08874989,80.2904129,72155,72165,10
13.08848,80.29036713,72165,72175,10
13.08812046,80.29016113,72175,72185,10
13.08763981,80.28993988,72185,72195,10
13.08705044,80.28967285,72195,72205,10
13.08631992,80.28943634,72205,72215,10
13.08551025,80.28928375,72215,72226,11
13.08493996,80.28922272,72226,72236,10
13.08407974,80.28923798,72236,72246,10
13.08325958,80.28925323,72246,72256,10
13.08257008,80.28903198,72256,72266,10
13.08197975,80.28881836,72266,72275,9
13.08133984,80.28855896,72275,72285,10
13.08069992,80.28839874,72285,72296,11
13.08024979,80.28826141,72296,72306,10
13.07999039,80.28820038,72306,72316,10
13.07995987,80.28820038,72316,72326,10
13.07952976,80.28810883,72326,72337,11
13.07866955,80.28775024,72337,72347,10
13.07775974,80.28749847,72347,72357,10
13.07689953,80.28727722,72357,72367,10
13.07588005,80.28701782,72367,72377,10
13.07514954,80.28669739,72377,72387,10
13.07392025,80.28611755,72387,72407,20
13.07392025,80.28611755,72407,72417,10
13.07367039,80.28607178,72417,72427,10
13.07320023,80.28591919,72427,72437,10
13.07252026,80.2855072,72437,72448,11
13.07159042,80.28521729,72448,72458,10
13.07061958,80.28498077,72458,72468,10
13.06958008,80.284729,72468,72478,10
13.0685997,80.28450012,72478,72488,10
13.06789017,80.28434753,72488,72498,10
13.06711006,80.28423309,72498,72508,10
13.06610966,80.28399658,72508,72518,10
13.06507969,80.28376007,72518,72528,10
13.06429958,80.28357697,72528,72538,10
13.06371021,80.28341675,72538,72548,10
13.0629797,80.28323364,72548,72558,10
13.06245995,80.2831192,72558,72569,11
13.06243992,80.28311157,72569,72579,10
13.06221962,80.28305817,72579,72589,10
13.06161022,80.28292084,72589,72599,10
13.06089973,80.28273773,72599,72609,10
13.06033039,80.28263092,72609,72619,10
13.05957031,80.28247833,72619,72629,10
13.05860043,80.2822876,72629,72645,16
13.05733967,80.28204346,72645,72657,12
13.0566597,80.28191376,72657,72678,21
13.0566597,80.28191376,72678,72688,10
13.05657959,80.28189087,72688,72698,10
13.05611992,80.28179169,72698,72708,10
13.05535984,80.2816391,72708,72718,10
13.05449963,80.28147125,72718,72726,8
13.05381012,80.28134155,72726,72740,14
13.05247974,80.2811203,72740,72750,10
13.05163002,80.28099823,72750,72760,10
13.05107021,80.28092194,72760,72770,10
13.05020046,80.28079987,72770,72791,21
13.05020046,80.28079987,72791,72801,10
13.04988003,80.28076172,72801,72811,10
13.04916,80.28064728,72811,72834,23
13.04722023,80.28034973,72834,72846,12
13.04644012,80.28022766,72846,72856,10
13.0458498,80.28018951,72856,72866,10
13.04568005,80.280159,72866,72876,10
13.04553032,80.28014374,72876,72886,10
13.04487038,80.28005219,72886,72896,10
13.04405975,80.27993774,72896,72907,11
13.04331017,80.27980804,72907,72917,10
13.04251003,80.27960205,72917,72927,10
13.0417099,80.27945709,72927,72937,10
13.04098034,80.27934265,72937,72947,10
13.04022026,80.27916718,72947,72957,10
13.03960037,80.27902985,72957,72967,10
13.03901958,80.27884674,72967,72997,30
13.03901958,80.27884674,72997,73007,10
13.03878021,80.27873993,73007,73018,11
13.03810978,80.27852631,73018,73028,10
13.03756046,80.27838135,73028,73038,10
13.03705025,80.27822876,73038,73048,10
13.0367403,80.27812195,73048,73058,10
13.03641033,80.27797699,73058,73068,10
13.03606033,80.27789307,73068,73078,10
13.03575993,80.27780914,73078,73088,10
13.0357399,80.27780151,73088,73098,10
13.03565979,80.27776337,73098,73108,10
13.03559017,80.27776337,73108,73118,10
13.03524971,80.27770996,73118,73129,11
13.03442001,80.27757263,73129,73149,20
13.03442001,80.27757263,73149,73159,10
13.03394032,80.27745819,73159,73219,60
13.03394032,80.27745819,73219,73229,10
13.03374004,80.27742004,73229,73240,11
13.03332043,80.27744293,73240,73250,10
13.03287029,80.2775116,73250,73260,10
13.03246021,80.27754211,73260,73270,10
13.03201008,80.27758026,73270,73280,10
13.03141975,80.27758026,73280,73290,10
13.03092003,80.27731323,73290,73300,10
13.0309,80.27729034,73300,73310,10
13.03071976,80.27715302,73310,73320,10
13.03020954,80.27690125,73320,73330,10
13.02952003,80.27670288,73330,73340,10
13.0288496,80.27649689,73340,73351,11
13.02826023,80.27626038,73351,73361,10
13.02758026,80.27599335,73361,73371,10
13.02672005,80.27561188,73371,73381,10
13.02598953,80.27529144,73381,73401,20
13.02598953,80.27529144,73401,73411,10
13.02581978,80.275177,73411,73421,10
13.02536011,80.27497864,73421,73431,10
13.02460957,80.27464294,73431,73441,10
13.02412987,80.27420044,73441,73451,10
13.02387047,80.2738266,73451,73462,11
13.02334023,80.27307892,73462,73472,10
13.0227499,80.2722702,73472,73482,10
13.02210999,80.2714386,73482,73492,10
13.02157021,80.27072906,73492,73502,10
13.02106953,80.27012634,73502,73512,10
13.02093983,80.26998901,73512,73522,10
13.02089977,80.26995087,73522,73532,10
13.02062988,80.26950836,73532,73542,10
13.02005005,80.26882935,73542,73552,10
13.0195303,80.26818085,73552,73562,10
13.01900005,80.2675705,73562,73573,11
13.01867962,80.26683807,73573,73583,10
13.01860046,80.2661972,73583,73593,10
13.01867962,80.26561737,73593,73603,10
13.01887989,80.26473999,73603,73613,10
13.01900959,80.26407623,73613,73623,10
13.01893997,80.26347351,73623,73633,10
13.01887989,80.26304626,73633,73643,10
13.01883984,80.26278687,73643,73653,10
13.01877975,80.26226044,73653,73663,10
13.01869965,80.26157379,73663,73673,10
13.01832962,80.2611084,73673,73684,11
13.01778984,80.2607193,73684,73694,10
13.01716042,80.26030731,73694,73704,10
13.01611042,80.25969696,73704,73724,20
13.01611042,80.25969696,73724,73734,10
13.01593018,80.25962067,73734,73744,10
13.01535988,80.2594223,73744,73754,10
13.01455975,80.25932312,73754,73764,10
13.01369953,80.25926971,73764,73774,10
13.0127697,80.2592392,73774,73784,10
13.01183033,80.25921631,73784,73795,11
13.01093006,80.25920105,73795,73805,10
13.01008987,80.25921631,73805,73815,10
13.00928974,80.25921631,73815,73825,10
13.0088501,80.25920105,73825,73835,10
13.00858974,80.25920105,73835,73845,10
13.00806046,80.25923157,73845,73855,10
13.00782013,80.25930023,73855,73865,10
13.00741959,80.25953674,73865,73875,10
13.00720978,80.25991821,73875,73885,10
13.00716972,80.26029205,73885,73895,10
13.00730038,80.26085663,73895,73905,10
13.00734043,80.26110077,73905,73916,11
13.00741959,80.2614212,73916,73926,10
13.0074501,80.26158142,73926,73942,16
13.00759029,80.26222992,73942,73954,12
13.00776005,80.26290131,73954,73964,10
13.00788021,80.2634201,73964,73974,10
13.00800991,80.26396179,73974,73984,10
13.00800037,80.2647171,73984,73993,9
13.00790024,80.26531982,73993,74003,10
13.00774956,80.26595306,74003,74014,11
13.00761032,80.26651764,74014,74025,11
13.00739956,80.26731873,74025,74035,10
13.00718975,80.26808929,74035,74044,9
13.00710011,80.26876831,74044,74055,11
13.00687981,80.26983643,74055,74065,10
13.00632,80.27043915,74065,74075,10
13.00562954,80.2701416,74075,74085,10
13.00504971,80.26976013,74085,74095,10
13.00438976,80.26937866,74095,74105,10
13.00387955,80.26902008,74105,74115,10
13.00335979,80.26880646,74115,74125,10
13.00327969,80.26876068,74125,74136,11
13.00306988,80.26860046,74136,74146,10
13.00251961,80.26824951,74146,74156,10
13.00185966,80.26780701,74156,74166,10
13.00144005,80.26754761,74166,74176,10
13.00133038,80.26747894,74176,74186,10
13.00111008,80.26734924,74186,74196,10
13.00104046,80.26731873,74196,74206,10
13.00080967,80.26717377,74206,74216,10
13.00037003,80.26686859,74216,74226,10
12.99969959,80.26698303,74226,74236,10
12.99901009,80.2671814,74236,74246,10
12.99853039,80.26730347,74246,74257,11
12.99833012,80.26734161,74257,74267,10
12.99802017,80.2674408,74267,74287,20
12.99802017,80.2674408,74287,74297,10
12.99785995,80.26747894,74297,74337,40
12.99785995,80.26747894,74337,74347,10
12.99775982,80.26747894,74347,74357,10
12.99767971,80.26750183,74357,74367,10
12.99748993,80.26757813,74367,74378,11
12.99742985,80.26760101,74378,74388,10
12.99722004,80.26766205,74388,74398,10
12.99670029,80.26776123,74398,74408,10
12.99633026,80.2677536,74408,74418,10
12.99610996,80.26773071,74418,74428,10
12.99580956,80.26772308,74428,74852,424
12.99580956,80.26772308,74852,74862,10
12.99561024,80.26737213,74862,74912,50
12.99561024,80.26737213,74912,74923,11
12.99569035,80.26695251,74923,74933,10
12.99577999,80.26618958,74933,74943,10
12.9958601,80.26542664,74943,74953,10
12.99594975,80.26467896,74953,74963,10
12.99604988,80.26390839,74963,74973,10
12.99612999,80.26315308,74973,74983,10
12.99617004,80.26258087,74983,75003,20
12.99617004,80.26258087,75003,75013,10
12.99621964,80.26235962,75013,75023,10
12.99627972,80.26190948,75023,75034,11
12.9963398,80.26132202,75034,75044,10
12.99641991,80.26055908,75044,75054,10
12.99652004,80.259758,75054,75064,10
12.99658012,80.25914001,75064,75074,10
12.99666023,80.25846863,75074,75084,10
12.99672031,80.25772858,75084,75094,10
12.99680042,80.25708771,75094,75104,10
12.99682045,80.25662994,75104,75114,10
12.99683952,80.2559967,75114,75124,10
12.99683952,80.25566864,75124,75134,10
12.99683952,80.2556076,75134,75144,10
12.99682045,80.25528717,75144,75155,11
12.99676037,80.25475311,75155,75164,9
12.99652004,80.25431824,75164,75175,11
12.99604988,80.25377655,75175,75185,10
12.99543953,80.25318909,75185,75195,10
12.99505997,80.25257874,75195,75205,10
12.99481964,80.25244141,75205,75215,10
12.99440002,80.25260925,75215,75235,20
12.99440002,80.25260925,75235,75245,10
12.99419975,80.25257874,75245,75256,11
12.99378014,80.25276947,75256,75266,10
12.99332047,80.2529068,75266,75276,10
12.99273014,80.25298309,75276,75286,10
12.99209023,80.25305939,75286,75296,10
12.99145985,80.2533493,75296,75306,10
12.99100018,80.25388336,75306,75316,10
12.99085999,80.25456238,75316,75326,10
12.9907999,80.25528717,75326,75336,10
12.99077034,80.25576782,75336,75346,10
12.99063969,80.25598145,75346,75356,10
12.99038982,80.2559967,75356,75366,10
12.98980045,80.2559967,75366,75377,11
12.9891901,80.25595856,75377,75387,10
12.98857021,80.25591278,75387,75397,10
12.98845959,80.25588989,75397,75407,10
12.9883604,80.25585938,75407,75417,10
12.98791027,80.25582123,75417,75427,10
12.98760033,80.25595856,75427,75437,10
12.98756027,80.25662231,75437,75447,10
12.98750973,80.25736237,75447,75457,10
12.98744011,80.25836182,75457,75467,10
12.98736954,80.25907898,75467,75477,10
12.98717022,80.25959778,75477,75528,51
12.98717022,80.25959778,75528,75538,10
12.98701954,80.25935364,75538,75730,192
12.98709011,80.25907898,75730,75800,70
12.98709011,80.25907898,75800,75810,10
12.98738003,80.2587738,75810,75821,11
12.98742008,80.25830078,75821,75831,10
12.98744011,80.25804138,75831,75841,10
12.98746014,80.25775909,75841,75851,10
12.98746967,80.25759125,75851,75861,10
12.9874897,80.25733185,75861,75871,10
12.98752975,80.25689697,75871,75881,10
12.98756027,80.25650787,75881,75891,10
12.98758984,80.25627136,75891,76113,222
12.98758984,80.25627136,76113,76123,10
12.98764038,80.2559967,76123,76133,10
12.98771954,80.2558136,76133,76143,10
12.98810005,80.2558136,76143,76153,10
12.9885397,80.25585175,76153,76174,21
12.9885397,80.25585175,76174,76184,10
12.98882008,80.25585938,76184,76194,10
12.98919964,80.25592041,76194,76204,10
12.98974991,80.2559433,76204,76214,10
12.99028969,80.25592041,76214,76224,10
12.99063969,80.25582123,76224,76234,10
12.99073982,80.25541687,76234,76244,10
12.99077034,80.25479126,76244,76254,10
12.99085999,80.2541275,76254,76264,10
12.99118996,80.25353241,76264,76275,11
12.99176979,80.25306702,76275,76285,10
12.99238968,80.25295258,76285,76295,10
12.99281025,80.25292206,76295,76305,10
12.99330997,80.25283051,76305,76315,10
12.99392033,80.25266266,76315,76325,10
12.99460983,80.25254059,76325,76335,10
12.9948597,80.25245667,76335,76351,16
12.99510002,80.25257111,76351,76364,13
12.99549007,80.25328827,76364,76374,10
12.99612999,80.25390625,76374,76385,11
12.99674988,80.25463104,76385,76395,10
12.99693012,80.25549316,76395,76517,122
12.99693012,80.25549316,76517,76527,10
12.9968996,80.25585175,76527,76628,101
12.9968996,80.25585175,76628,76638,10
12.9968996,80.255867,76638,76648,10
12.99687958,80.25617981,76648,76658,10
12.99682999,80.25669861,76658,76668,10
12.99680996,80.25694275,76668,76678,10
12.99680042,80.25702667,76678,76688,10
12.99674988,80.25746155,76688,76698,10
12.99668026,80.25807953,76698,76708,10
12.99662018,80.25868225,76708,76718,10
12.9965601,80.2591629,76718,76729,11
12.99652004,80.25962067,76729,76749,20
12.99652004,80.25962067,76749,76759,10
12.99650002,80.2600174,76759,76769,10
12.99643993,80.26065063,76769,76779,10
12.99639034,80.26119232,76779,76789,10
12.99633026,80.2617569,76789,76799,10
12.99625969,80.26219177,76799,76809,10
12.99621964,80.26236725,76809,76825,16
12.99613953,80.26300812,76825,76838,13
12.99610043,80.26361847,76838,76848,10
12.99602985,80.26435089,76848,76858,10
12.99590969,80.2651062,76858,76868,10
12.99582005,80.26608276,76868,76878,10
12.99571037,80.26695251,76878,76888,10
12.99567986,80.2675705,76888,76898,10
12.99617958,80.26773834,76898,76918,20
12.99617958,80.26773834,76918,76927,9
12.99639988,80.26776123,76927,76938,11
12.99697971,80.26772308,76938,76949,11
12.99742031,80.26760101,76949,76959,10
12.99763012,80.26753235,76959,76969,10
12.99796009,80.26743317,76969,76979,10
12.9983902,80.26731873,76979,76989,10
12.99882984,80.2671814,76989,76999,10
12.99944973,80.26699066,76999,77009,10
13.00018024,80.2667923,77009,77019,10
13.00055027,80.26699829,77019,77029,10
13.00090981,80.26721954,77029,77049,20
13.00090981,80.26721954,77049,77060,11
13.0010004,80.26731873,77060,77070,10
13.00135994,80.26753998,77070,77080,10
13.00187016,80.26785278,77080,77090,10
13.00253963,80.26825714,77090,77100,10
13.00312042,80.26856232,77100,77110,10
13.00329971,80.2686615,77110,77120,10
13.00337982,80.26872253,77120,77130,10
13.00351048,80.26882172,77130,77140,10
13.00374985,80.26896667,77140,77150,10
13.00428963,80.26928711,77150,77160,10
13.00498962,80.26972961,77160,77171,11
13.00578022,80.2702179,77171,77181,10
13.00644016,80.27047729,77181,77191,10
13.00691986,80.26995087,77191,77201,10
13.00710011,80.26917267,77201,77211,10
13.00720978,80.26844788,77211,77221,10
13.00739002,80.26760101,77221,77231,10
13.0075798,80.26680756,77231,77241,10
13.00765991,80.2664032,77241,77251,10
13.00774002,80.26599884,77251,77261,10
13.00788021,80.26525879,77261,77271,10
13.00798988,80.2644577,77271,77281,10
13.00788975,80.26377869,77281,77292,11
13.00774002,80.26319885,77292,77302,10
13.0076704,80.26283264,77302,77312,10
13.00753021,80.26228333,77312,77322,10
13.00734997,80.26161957,77322,77332,10
13.00734043,80.26151276,77332,77342,10
13.00730038,80.2612381,77342,77352,10
13.00714016,80.26067352,77352,77362,10
13.00712013,80.26011658,77362,77372,10
13.00728989,80.25933075,77372,77382,10
13.00734043,80.25881958,77382,77392,10
13.00771999,80.25878143,77392,77403,11
13.00841999,80.25901031,77403,77413,10
13.00846958,80.25901794,77413,77423,10
13.00876045,80.25908661,77423,77433,10
13.00928974,80.25910187,77433,77443,10
13.01006031,80.25911713,77443,77453,10
13.01076984,80.25911713,77453,77463,10
13.01154041,80.25910187,77463,77473,10
13.0124197,80.25914001,77473,77483,10
13.0134201,80.25919342,77483,77493,10
13.01439953,80.25921631,77493,77503,10
13.01533985,80.25927734,77503,77514,11
13.01618004,80.25959778,77514,77524,10
13.01636982,80.25975037,77524,77534,10
13.01648045,80.25984192,77534,77544,10
13.01692963,80.26014709,77544,77554,10
13.01755047,80.2605896,77554,77564,10
13.01825047,80.26106262,77564,77574,10
13.01887989,80.26154327,77574,77584,10
13.01926041,80.26191711,77584,77594,10
13.01984024,80.26248169,77594,77604,10
13.02011967,80.26293945,77604,77614,10
13.01986027,80.2629776,77614,77625,11
13.01914024,80.26296234,77625,77635,10
13.01896954,80.26326752,77635,77645,10
13.01902962,80.26390839,77645,77655,10
13.01898003,80.26464844,77655,77665,10
13.01881027,80.26528168,77665,77675,10
13.01869011,80.26571655,77675,77685,10
13.01863003,80.26647949,77685,77695,10
13.01875019,80.26724243,77695,77705,10
13.01930046,80.26798248,77705,77715,10
13.01976013,80.26856232,77715,77725,10
13.02029991,80.2692337,77725,77736,11
13.02075958,80.26976013,77736,77746,10
13.02118015,80.27024841,77746,77756,10
13.02145958,80.27056885,77756,77766,10
13.02182961,80.27101898,77766,77775,9
13.02225018,80.27158356,77775,77786,11
13.02278042,80.27227783,77786,77796,10
13.02338028,80.27311707,77796,77806,10
13.02375984,80.27362061,77806,77836,30
13.02375984,80.27362061,77836,77847,11
13.02387047,80.27374268,77847,77857,10
13.0241003,80.27407074,77857,77867,10
13.0244503,80.27452087,77867,77877,10
13.02532005,80.27497101,77877,77897,20
13.02532005,80.27497101,77897,77907,10
13.02558041,80.27507782,77907,77923,16
13.02626038,80.27542114,77923,77935,12
13.02680969,80.27565765,77935,77945,10
13.02742958,80.27594757,77945,77955,10
13.02801991,80.27617645,77955,77966,11
13.02834988,80.27632904,77966,77976,10
13.02851963,80.27639771,77976,77986,10
13.02898979,80.27654266,77986,77996,10
13.02947998,80.27667236,77996,78005,9
13.02982998,80.27675629,78005,78015,10
13.02991962,80.27680206,78015,78026,11
13.03032017,80.27696991,78026,78036,10
13.03077984,80.27723694,78036,78046,10
13.03118992,80.27749634,78046,78056,10
13.03178978,80.27758789,78056,78066,10
13.03265953,80.27751923,78066,78087,21
13.03265953,80.27751923,78087,78097,10
13.03295994,80.27748108,78097,78107,10
13.03332996,80.27742004,78107,78117,10
13.03374004,80.27742004,78117,78127,10
13.03421974,80.27754211,78127,78137,10
13.0348196,80.27767181,78137,78147,10
13.03544044,80.27777863,78147,78157,10
13.03608036,80.2779007,78157,78166,9
13.03670025,80.27810669,78166,78176,10
13.03709984,80.27828217,78176,78188,12
13.03713989,80.27829742,78188,78198,10
13.03740025,80.27838135,78198,78208,10
13.03794956,80.27851105,78208,78218,10
13.03859043,80.27867889,78218,78228,10
13.03870964,80.27870941,78228,78238,10
13.03888988,80.27879333,78238,78248,10
13.03921032,80.27889252,78248,78258,10
13.03983974,80.27906799,78258,78268,10
13.04061985,80.27928162,78268,78278,10
13.04146957,80.27942657,78278,78288,10
13.0422802,80.27954102,78288,78298,10
13.04279995,80.27958679,78298,78309,11
13.04284954,80.27958679,78309,78319,10
13.04302979,80.27960968,78319,78329,10
13.04347992,80.27973938,78329,78339,10
13.04405022,80.2798996,78339,78349,10
13.04471016,80.27999878,78349,78359,10
13.04537964,80.28009033,78359,78369,10
13.04553986,80.28011322,78369,78379,10
13.04592037,80.280159,78379,78389,10
13.04640007,80.28022766,78389,78399,10
13.04716015,80.2803421,78399,78410,11
13.04811954,80.28047943,78410,78420,10
13.04891968,80.28057861,78420,78430,10
13.04920959,80.28061676,78430,78440,10
13.0493803,80.28064728,78440,78450,10
13.04992008,80.28072357,78450,78460,10
13.05045033,80.2808075,78460,78470,10
13.05101967,80.28089905,78470,78480,10
13.05163956,80.28099823,78480,78490,10
13.05235004,80.28111267,78490,78500,10
13.05303955,80.28121948,78500,78510,10
13.05383968,80.28135681,78510,78521,11
13.05478001,80.28153992,78521,78531,10
13.05562019,80.28170013,78531,78541,10
13.05618954,80.28180695,78541,78551,10
13.05638027,80.28183746,78551,78561,10
13.05657959,80.28188324,78561,78571,10
13.05706978,80.28199005,78571,78581,10
13.05720043,80.28202057,78581,78591,10
13.05741978,80.28205872,78591,78601,10
13.05803013,80.28218079,78601,78611,10
13.05877018,80.282341,78611,78621,10
13.05961037,80.28250885,78621,78632,11
13.0605402,80.28269958,78632,78642,10
13.06130981,80.2828598,78642,78652,10
13.06217003,80.28305817,78652,78661,9
13.06285,80.28318787,78661,78672,11
13.06317997,80.28327179,78672,78682,10
13.06392002,80.28343964,78682,78722,40
13.06392002,80.28343964,78722,78732,10
13.06396961,80.28343964,78732,78743,11
13.06457043,80.28357697,78743,78753,10
13.06540012,80.2837677,78753,78763,10
13.06634998,80.28399658,78763,78773,10
13.0673399,80.28420258,78773,78783,10
13.06828022,80.2843399,78783,78793,10
13.06917953,80.28456879,78793,78803,10
13.07009029,80.28482056,78803,78813,10
13.0710001,80.28500366,78813,78823,10
13.07194996,80.28524017,78823,78833,10
13.07339954,80.28524017,78833,78864,31
13.07339954,80.28524017,78864,78874,10
13.07363033,80.28531647,78874,78884,10
13.07388973,80.28556824,78884,78894,10
13.07394981,80.28565979,78894,78904,10
13.07404995,80.28579712,78904,78914,10
13.07443047,80.28617859,78914,78924,10
13.07464027,80.28630066,78924,78934,10
13.07476044,80.28639984,78934,78944,10
13.07528973,80.28675842,78944,78954,10
13.07596016,80.28704071,78954,78964,10
13.07680035,80.28726196,78964,78975,11
13.07773018,80.28748322,78975,78985,10
13.0785799,80.28768921,78985,78995,10
13.07936001,80.28801727,78995,79005,10
13.08018017,80.28817749,79005,79015,10
13.08076954,80.28832245,79015,79025,10
13.08148003,80.28858948,79025,79035,10
13.08216953,80.2888031,79035,79045,10
13.08232021,80.28887177,79045,79055,10
13.08261967,80.28901672,79055,79065,10
13.08325958,80.28919983,79065,79075,10
13.08401012,80.28917694,79075,79086,11
13.08493042,80.28916168,79086,79096,10
13.08576012,80.28929138,79096,79106,10
13.08668995,80.28952789,79106,79116,10
13.08747959,80.28981781,79116,79126,10
13.08815002,80.2901001,79126,79136,10
13.08876991,80.29019165,79136,79166,30
13.08876991,80.29019165,79166,79182,16
13.08866024,80.2904892,79182,79194,12
13.0882597,80.29026794,79194,79205,11
13.08751965,80.28996277,79205,79215,10
13.08685017,80.28974152,79215,79225,10
13.08621979,80.2895813,79225,79235,10
13.08568954,80.28939819,79235,79245,10
13.08539009,80.28890991,79245,79254,9
13.08510971,80.28817749,79254,79265,11
13.08510017,80.28723907,79265,79275,10
13.08518028,80.28624725,79275,79285,10
13.08528042,80.28527069,79285,79295,10
13.08518982,80.28414154,79295,79316,21
13.08518982,80.28414154,79316,79326,10
13.08526993,80.28401184,79326,79336,10
13.0853796,80.28375244,79336,79346,10
13.08543015,80.28360748,79346,79356,10
13.08568001,80.28356171,79356,79366,10
13.08605003,80.28356171,79366,79376,10
13.08633041,80.28359985,79376,79386,10
13.08654022,80.28366089,79386,79396,10
13.08672047,80.28369904,79396,79417,21
13.08672047,80.28369904,79417,79427,10
13.0868597,80.28378296,79427,79437,10
13.08705997,80.28376007,79437,79447,10
13.08718014,80.28376007,79447,79457,10
13.0875597,80.28363037,79457,79891,434
13.08778,80.28366089,79891,80496,605
13.08778,80.28366089,80496,80506,10
13.0879097,80.28372192,80506,80516,10
13.08810043,80.28369904,80516,80526,10
13.08813,80.28369141,80526,80537,11
13.08829975,80.28341675,80537,80547,10
13.08827972,80.28307343,80547,80557,10
13.0882597,80.28253937,80557,80567,10
13.08819962,80.28209686,80567,80577,10
13.0880003,80.28161621,80577,80587,10
13.08747959,80.28137207,80587,80597,10
13.08687019,80.28118896,80597,80607,10
13.08627033,80.28102112,80607,80617,10
13.08574963,80.28082275,80617,80627,10
13.0855999,80.2803421,80627,80637,10
13.08541965,80.27973938,80637,80647,10
13.08491993,80.27935028,80647,80658,11
13.08417988,80.27919769,80658,80668,10
13.08358002,80.27909088,80668,80678,10
13.08308029,80.27889252,80678,80688,10
13.08263016,80.27870941,80688,80704,16
13.08197975,80.27841187,80704,80716,12
13.08185959,80.27787781,80716,80726,10
13.08180046,80.27732086,80726,80736,10
13.08176041,80.27674103,80736,80746,10
13.0816803,80.27626801,80746,80756,10
13.08162022,80.27597046,80756,80767,11
13.08160019,80.27574921,80767,80777,10
13.08156013,80.27549744,80777,80787,10
13.08139992,80.27523041,80787,80797,10
13.08086014,80.27526093,80797,80807,10
13.08024979,80.27532959,80807,80816,9
13.07958984,80.27536011,80816,80827,11
13.07884979,80.27519989,80827,80837,10
13.07833958,80.27542114,80837,80847,10
13.07796955,80.27619171,80847,80857,10
13.07726002,80.27626801,80857,80867,10
13.07656956,80.27631378,80867,80877,10
13.07602978,80.27633667,80877,80938,61
13.07602978,80.27633667,80938,80948,10
13.07581997,80.27622223,80948,80959,11
13.07584,80.27599335,80959,80969,10
13.07590008,80.27577209,80969,80979,10
13.07588959,80.27552795,80979,81353,374
13.07588959,80.27552795,81353,81363,10
13.07592964,80.27514648,81363,81373,10
13.07573986,80.27480316,81373,81383,10
13.07551956,80.27481842,81383,81393,10
13.07522011,80.27494049,81393,81403,10
