12.99771023,80.25705719,17,3639,3622
12.99771023,80.25705719,3639,3649,10
12.99761009,80.25704956,3649,3669,20
12.99761009,80.25704956,3669,3679,10
12.9975996,80.25695801,3679,3689,10
12.99761009,80.25682068,3689,5131,1442
12.99752045,80.25688934,5131,5656,525
12.99761009,80.25686646,5656,6947,1291
12.99761009,80.25679016,6947,7048,101
12.99761963,80.25686646,7048,7724,676
12.99763012,80.25684357,7724,8087,363
12.99761963,80.25684357,8087,8410,323
12.99757957,80.25679016,8410,8682,272
12.99765015,80.25689697,8682,13141,4459
12.99775028,80.2568512,13141,13464,323
12.99765015,80.2568512,13464,15360,1896
12.99765015,80.2568512,15360,15371,11
12.99752998,80.25698853,15371,15381,10
12.99728012,80.25702667,15381,15451,70
12.99728012,80.25691986,15451,18195,2744
12.99728966,80.25697327,18195,18629,434
12.99720955,80.25692749,18629,19194,565
12.99728966,80.25691986,19194,19355,161
12.99715042,80.25694275,19355,20001,646
12.99701023,80.25700378,20001,20273,272
12.99719048,80.25694275,20273,23542,3269
12.99719048,80.25694275,23542,23552,10
12.99748039,80.25704956,23552,26155,2603
12.99748039,80.25704956,26155,26165,10
12.99781036,80.25708771,26165,26175,10
12.99802971,80.25708771,26175,26185,10
12.99825954,80.25682831,26185,26195,10
12.99814034,80.25652313,26195,26205,10
12.99773979,80.25657654,26205,26214,9
12.99748039,80.2568512,26214,26226,12
12.99765015,80.25695038,26226,26236,10
12.99769974,80.25627136,26236,26458,222
12.99769974,80.25627136,26458,26468,10
12.99798965,80.25589752,26468,26478,10
12.99847984,80.25596619,26478,26488,10
12.9990797,80.25608063,26488,26498,10
12.99975967,80.2562027,26498,26508,10
13.00055981,80.25634766,26508,26518,10
13.00127029,80.25646973,26518,26528,10
13.00193977,80.25659943,26528,26538,10
13.00263977,80.2567215,26538,26548,10
13.00333977,80.25685883,26548,26558,10
13.00399971,80.25698853,26558,26569,11
13.00477982,80.25713348,26569,26579,10
13.00551987,80.2572937,26579,26589,10
13.00615978,80.25740051,26589,26599,10
13.00646019,80.2574234,26599,26609,10
13.00654984,80.25715637,26609,26619,10
13.0065403,80.25655365,26619,26629,10
13.00652027,80.25563049,26629,26639,10
13.00656033,80.25470734,26639,26649,10
13.00656986,80.25372314,26649,26659,10
13.00658035,80.2529068,26659,26669,10
13.00671005,80.25254822,26669,26680,11
13.00667953,80.25332642,26680,26791,111
13.00667953,80.25332642,26791,26801,10
13.00664043,80.25338745,26801,26811,10
13.00664997,80.25363922,26811,26821,10
13.00664043,80.2541275,26821,26831,10
13.00662041,80.25456238,26831,26841,10
13.00662994,80.25498962,26841,26871,30
13.00662994,80.25498962,26871,26881,10
13.00660038,80.25518799,26881,26891,10
13.00662041,80.25572205,26891,26901,10
13.00662994,80.25634003,26901,26912,11
13.00664997,80.25689697,26912,26922,10
13.00664043,80.25740814,26922,26932,10
13.00629044,80.25749969,26932,26942,10
13.00586033,80.25736237,26942,26952,10
13.00537014,80.25726318,26952,26962,10
13.0047102,80.25714111,26962,26972,10
13.00393963,80.2569809,26972,26982,10
13.00319958,80.25682068,26982,26992,10
13.00244999,80.25669861,26992,27002,10
13.00162983,80.25656891,27002,27023,21
13.00162983,80.25656891,27023,27033,10
13.00152016,80.25656891,27033,27043,10
13.00105,80.25650787,27043,27053,10
13.00045967,80.25643921,27053,27063,10
12.99973965,80.25631714,27063,27073,10
12.99878025,80.25614166,27073,27103,30
12.99878025,80.25614166,27103,27113,10
12.99839973,80.256073,27113,27134,21
12.99839973,80.256073,27134,27144,10
12.99835014,80.25605774,27144,27154,10
12.9982996,80.25604248,27154,27164,10
12.99798965,80.2559967,27164,27174,10
12.99707031,80.25595856,27174,27214,40
12.99707031,80.25595856,27214,27224,10
12.99676991,80.25588989,27224,27234,10
12.99612045,80.25588226,27234,27245,11
12.99520016,80.25589752,27245,27255,10
12.99431038,80.25596619,27255,27265,10
12.99337006,80.25605774,27265,27275,10
12.99238968,80.25610352,27275,27285,10
12.99135017,80.256073,27285,27295,10
12.99032021,80.25601959,27295,27305,10
12.98939991,80.25601196,27305,27315,10
12.98863029,80.25596619,27315,27325,10
12.98857975,80.25595856,27325,27335,10
12.98820972,80.255867,27335,27345,10
12.98768044,80.25588989,27345,27355,10
12.98758984,80.25666046,27355,27366,11
12.98750019,80.25765991,27366,27376,10
12.98742962,80.25878906,27376,27386,10
12.98736,80.25939941,27386,27396,10
12.98729038,80.25964355,27396,27406,10
12.98705006,80.25980377,27406,27416,10
12.98649025,80.25978088,27416,27426,10
12.98591995,80.25968933,27426,27436,10
12.98532963,80.25965881,27436,27446,10
12.98505974,80.25965118,27446,27466,20
12.98505974,80.25965118,27466,27477,11
12.98482037,80.25959015,27477,27487,10
12.98425961,80.25953674,27487,27497,10
12.98355007,80.25949097,27497,27507,10
12.98289967,80.25942993,27507,27517,10
12.98211002,80.25937653,27517,27527,10
12.98128986,80.25935364,27527,27537,10
12.98050976,80.25933075,27537,27547,10
12.97976971,80.25920868,27547,27557,10
12.97896957,80.2591095,27557,27567,10
12.9781599,80.25911713,27567,27577,10
12.97749996,80.25914764,27577,27587,10
12.97653008,80.25907135,27587,27608,21
12.97653008,80.25907135,27608,27618,10
12.97649956,80.25907898,27618,27628,10
12.97607994,80.2589798,27628,27638,10
12.97527981,80.25875092,27638,27648,10
12.97428989,80.258461,27648,27658,10
12.97311974,80.25823212,27658,27668,10
12.97192955,80.25814056,27668,27678,10
12.97087955,80.25810242,27678,27688,10
12.97002029,80.25787354,27688,27698,10
12.96959972,80.25772858,27698,27709,11
12.96936989,80.25762939,27709,27719,10
12.96877003,80.25744629,27719,27729,10
12.96800041,80.25726318,27729,27739,10
12.96708012,80.25704193,27739,27749,10
12.9662199,80.25689697,27749,27759,10
12.96541977,80.25673676,27759,27769,10
12.96440029,80.2565918,27769,27779,10
12.96319962,80.25646973,27779,27789,10
12.96214962,80.25637817,27789,27799,10
12.96154022,80.25626373,27799,27809,10
12.96105003,80.25614929,27809,27820,11
12.96041965,80.25601959,27820,27830,10
12.95965004,80.25582886,27830,27840,10
12.95872021,80.25563812,27840,27850,10
12.95783043,80.25546265,27850,27860,10
12.95681953,80.25527954,27860,27870,10
12.95561981,80.25523376,27870,27880,10
12.95456028,80.25520325,27880,27890,10
12.9537096,80.25518799,27890,27900,10
12.95312023,80.25518036,27900,27910,10
12.95234966,80.25514984,27910,27919,9
12.95145988,80.25511169,27919,27931,12
12.95057964,80.25504303,27931,27941,10
12.95044041,80.25501251,27941,27951,10
12.94985962,80.25486755,27951,27961,10
12.9491396,80.25469971,27961,27971,10
12.94847012,80.25449371,27971,27981,10
12.94750977,80.25421906,27981,27991,10
12.94633961,80.25393677,27991,28001,10
12.94524002,80.25379181,28001,28011,10
12.94414043,80.25363922,28011,28021,10
12.94301033,80.25344086,28021,28031,10
12.9418602,80.25325012,28031,28041,10
12.94060993,80.25302124,28041,28052,11
12.93918037,80.25283813,28052,28062,10
12.93840027,80.2527771,28062,28072,10
12.9376297,80.25257874,28072,28082,10
12.93661976,80.25244904,28082,28092,10
12.93544006,80.25231934,28092,28102,10
12.93412971,80.25218201,28102,28112,10
12.93286991,80.25202942,28112,28122,10
12.93165016,80.25186157,28122,28132,10
12.93033981,80.25169373,28132,28142,10
12.92924023,80.25157928,28142,28152,10
12.9281702,80.25145721,28152,28163,11
12.92749977,80.25140381,28163,28173,10
12.92671967,80.25131989,28173,28183,10
12.92566013,80.2512207,28183,28193,10
12.92442036,80.25119781,28193,28203,10
12.92308044,80.251091,28203,28213,10
12.92169952,80.25115204,28213,28223,10
12.92041969,80.25138092,28223,28233,10
12.91928005,80.25100708,28233,28243,10
12.91874027,80.25089264,28243,28253,10
12.91868019,80.25086212,28253,28263,10
12.91819,80.25074768,28263,28274,11
12.91726017,80.25061798,28274,28284,10
12.91617012,80.25052643,28284,28294,10
12.91489983,80.25042725,28294,28304,10
12.91386032,80.25034332,28304,28314,10
12.91349983,80.25031281,28314,28324,10
12.91283035,80.25023651,28324,28334,10
12.91187,80.25016785,28334,28344,10
12.91067028,80.25009918,28344,28354,10
12.90933037,80.24996948,28354,28364,10
12.90791988,80.24977112,28364,28374,10
12.90649986,80.24947357,28374,28385,11
12.9048996,80.24910736,28385,28395,10
12.90340996,80.24893951,28395,28405,10
12.90190029,80.24875641,28405,28415,10
12.90044022,80.2483902,28415,28425,10
12.89906025,80.24786377,28425,28435,10
12.89787006,80.24752045,28435,28445,10
12.89750957,80.24743652,28445,28455,10
12.89741039,80.24739838,28455,28465,10
12.8969202,80.24729919,28465,28475,10
12.89608002,80.24713898,28475,28485,10
12.89500046,80.2469101,28485,28495,10
12.89375973,80.24655914,28495,28506,11
12.89247036,80.24616241,28506,28516,10
12.89124966,80.2458725,28516,28526,10
12.89006042,80.24558258,28526,28536,10
12.88881016,80.24536896,28536,28546,10
12.88782024,80.2454834,28546,28556,10
12.88739014,80.24559021,28556,28566,10
12.88685989,80.24571991,28566,28576,10
12.88642025,80.24577332,28576,28586,10
12.88624001,80.24575043,28586,28596,10
12.88566971,80.24565887,28596,28607,11
12.88463974,80.24545288,28607,28617,10
12.88339043,80.24521637,28617,28627,10
12.88212013,80.24495697,28627,28637,10
12.88080025,80.24474335,28637,28647,10
12.87946033,80.24436951,28647,28657,10
12.87816048,80.24388123,28657,28667,10
12.87749958,80.24375916,28667,28677,10
12.87722015,80.24371338,28677,28687,10
12.87648964,80.24359131,28687,28697,10
12.87543011,80.24343109,28697,28707,10
12.87417984,80.24330139,28707,28717,10
12.87283039,80.24317932,28717,28728,11
12.87145042,80.24321747,28728,28738,10
12.87055969,80.24329376,28738,28748,10
12.8696003,80.24347687,28748,28758,10
12.86859989,80.24350739,28758,28768,10
12.86750984,80.24320984,28768,28778,10
12.86643028,80.24279785,28778,28788,10
12.8655901,80.24256134,28788,28798,10
12.86505032,80.24240875,28798,28808,10
12.86468029,80.24234772,28808,28818,10
12.8640604,80.24226379,28818,28828,10
12.86343002,80.24217224,28828,28839,11
12.86281967,80.24210358,28839,28849,10
12.86242008,80.24204254,28849,28859,10
12.8622303,80.24204254,28859,28879,20
12.8622303,80.24204254,28879,28889,10
12.86192036,80.24202728,28889,28929,40
12.86176968,80.24199677,28929,29030,101
12.86176968,80.24199677,29030,29040,10
12.8614397,80.24201965,29040,29050,10
12.86083984,80.24196625,29050,29059,9
12.86007977,80.24195099,29059,29071,12
12.85976982,80.2419281,29071,29081,10
12.85937977,80.24186707,29081,29091,10
12.85861015,80.24183655,29091,29101,10
12.85762024,80.24178314,29101,29111,10
12.85643959,80.24167633,29111,29121,10
12.85513973,80.24159241,29121,29131,10
12.85387039,80.24149323,29131,29141,10
12.85268021,80.2414093,29141,29151,10
12.85223961,80.24136353,29151,29161,10
12.85184956,80.24131775,29161,29171,10
12.85112953,80.24121094,29171,29182,11
12.85035992,80.2411499,29182,29192,10
12.85029984,80.2411499,29192,29202,10
12.85007954,80.24111938,29202,29212,10
12.84941959,80.2410202,29212,29222,10
12.84854031,80.24091339,29222,29232,10
12.84770012,80.24082947,29232,29242,10
12.84669971,80.24078369,29242,29252,10
12.84550953,80.24073792,29252,29262,10
12.84418964,80.24069977,29262,29272,10
12.84276962,80.24064636,29272,29282,10
12.84136009,80.24059296,29282,29293,11
12.84004021,80.24051666,29293,29303,10
12.83967018,80.24053192,29303,29313,10
12.8392601,80.24047089,29313,29323,10
12.83850956,80.240448,29323,29333,10
12.83780956,80.24040222,29333,29343,10
12.83710957,80.24037933,29343,29353,10
12.83635998,80.2403717,29353,29363,10
12.83539009,80.24041748,29363,29373,10
12.83415031,80.24046326,29373,29383,10
12.83275986,80.24050903,29383,29393,10
12.8313303,80.24044037,29393,29403,10
12.83003044,80.2403717,29403,29414,11
12.82861042,80.24031067,29414,29424,10
12.82752991,80.24028778,29424,29434,10
12.82631969,80.24027252,29434,29444,10
12.82557964,80.24027252,29444,29454,10
12.82546997,80.240242,29454,29464,10
12.82485962,80.24021912,29464,29474,10
12.82392979,80.24017334,29474,29484,10
12.82271004,80.24012756,29484,29494,10
12.8213501,80.2401886,29494,29504,10
12.81993961,80.2403183,29504,29515,11
12.81867027,80.240448,29515,29525,10
12.81746006,80.24059296,29525,29535,10
12.81630039,80.24092102,29535,29545,10
12.81532955,80.24131012,29545,29555,10
12.81429005,80.24176788,29555,29565,10
12.81309986,80.24226379,29565,29575,10
12.81190968,80.2427597,29575,29585,10
12.81068039,80.24324799,29585,29595,10
12.80930996,80.24349213,29595,29605,10
12.80801964,80.24331665,29605,29615,10
12.80700016,80.24313354,29615,29626,11
12.80583,80.24288177,29626,29636,10
12.80471039,80.24269104,29636,29646,10
12.80342007,80.24246216,29646,29656,10
12.80206013,80.24220276,29656,29666,10
12.80064011,80.24195099,29666,29676,10
12.79918957,80.24167633,29676,29686,10
12.79771996,80.24141693,29686,29696,10
12.79625034,80.2411499,29696,29706,10
12.7947998,80.2412796,29706,29716,10
12.79333973,80.24169159,29716,29726,10
12.79187012,80.24210358,29726,29735,9
12.79055977,80.24246216,29735,29747,12
12.78886986,80.24304962,29747,29757,10
12.78761005,80.24362946,29757,29767,10
12.78656006,80.24414063,29767,29777,10
12.78542995,80.24468231,29777,29787,10
12.78481007,80.24510956,29787,29797,10
12.78507042,80.2452774,29797,29807,10
12.7856102,80.24550629,29807,29817,10
12.78641987,80.2458725,29817,29827,10
12.78726959,80.24635315,29827,29837,10
12.78703976,80.24739838,29837,29847,10
12.78684044,80.24842834,29847,29858,11
12.78678036,80.2492218,29858,29868,10
12.7867403,80.24967957,29868,29878,10
12.78672981,80.24977875,29878,29888,10
12.78658009,80.25007629,29888,29898,10
12.7864399,80.25006104,29898,29908,10
12.78592014,80.24997711,29908,29918,10
12.78516006,80.24989319,29918,29928,10
12.78437996,80.24980164,29928,29938,10
12.78392029,80.24974823,29938,29948,10
12.78341007,80.24967957,29948,29989,41
12.78341007,80.24967957,29989,29999,10
12.78339958,80.24968719,29999,30009,10
12.78297043,80.24960327,30009,30019,10
12.78219032,80.24938202,30019,30029,10
12.78122044,80.24900818,30029,30039,10
12.78001022,80.24874115,30039,30049,10
12.77834034,80.24842072,30049,30069,20
12.77834034,80.24842072,30069,30078,9
12.77816963,80.24849701,30078,30090,12
12.77812004,80.24854279,30090,30100,10
12.77783966,80.248703,30100,30110,10
12.77715969,80.24893951,30110,30120,10
12.77616978,80.24899292,30120,30130,10
12.77495956,80.24899292,30130,30140,10
12.77367973,80.24900055,30140,30150,10
12.77239037,80.24881744,30150,30160,10
12.77110004,80.24835968,30160,30170,10
12.76976013,80.24787903,30170,30180,10
12.7683897,80.24739075,30180,30190,10
12.76698971,80.24688721,30190,30201,11
12.76556969,80.2463913,30201,30211,10
12.76441002,80.24597931,30211,30221,10
12.76284981,80.24543762,30221,30241,20
12.76284981,80.24543762,30241,30251,10
12.76268005,80.24536133,30251,30261,10
12.76208019,80.24514008,30261,30271,10
12.76121044,80.24482727,30271,30281,10
12.76006031,80.24442291,30281,30291,10
12.75876999,80.24395752,30291,30301,10
12.75743961,80.24349213,30301,30312,11
12.75594997,80.24294281,30312,30322,10
12.75454998,80.24243164,30322,30332,10
12.75314999,80.2419281,30332,30342,10
12.75172997,80.2414093,30342,30352,10
12.75028038,80.24088287,30352,30362,10
12.74890041,80.24037933,30362,30372,10
12.74752998,80.23986053,30372,30382,10
12.74612045,80.23931885,30382,30392,10
12.74470043,80.23879242,30392,30402,10
12.74339962,80.23828125,30402,30412,10
12.74203968,80.23776245,30412,30422,10
12.74065971,80.23719788,30422,30433,11
12.73915005,80.23648834,30433,30443,10
12.73777008,80.23587036,30443,30453,10
12.73637962,80.23531342,30453,30463,10
12.7349596,80.23474884,30463,30473,10
12.73353004,80.23419952,30473,30483,10
12.73211956,80.23365021,30483,30493,10
12.73073959,80.23312378,30493,30503,10
12.72937965,80.23258209,30503,30513,10
12.72801018,80.23204803,30513,30523,10
12.72661018,80.23149872,30523,30532,9
12.72535992,80.23098755,30532,30544,12
12.72364998,80.23027039,30544,30554,10
12.72222042,80.22966766,30554,30564,10
12.72080994,80.2290802,30564,30574,10
12.71940994,80.22850037,30574,30584,10
12.71802998,80.22792816,30584,30594,10
12.71665001,80.22738647,30594,30604,10
12.71523952,80.22686768,30604,30614,10
12.71382046,80.22634125,30614,30624,10
12.71240044,80.22580719,30624,30634,10
12.71098995,80.22525787,30634,30644,10
12.70960045,80.22467041,30644,30655,11
12.70802021,80.22421265,30655,30665,10
12.70656013,80.22389221,30665,30675,10
12.70522022,80.22370911,30675,30685,10
12.70479965,80.22364044,30685,30695,10
12.70423985,80.22344971,30695,30705,10
12.7033596,80.22310638,30705,30715,10
12.70224953,80.22264099,30715,30725,10
12.70098019,80.22212982,30725,30735,10
12.69960976,80.22158813,30735,30745,10
12.69820976,80.22103119,30745,30755,10
12.69678974,80.22045898,30755,30766,11
12.69524002,80.21981049,30766,30776,10
12.69388962,80.21923828,30776,30786,10
12.6925602,80.21865845,30786,30796,10
12.69120979,80.21807861,30796,30806,10
12.68980026,80.21749115,30806,30816,10
12.68836021,80.21690369,30816,30826,10
12.68712997,80.21639252,30826,30836,10
12.68647957,80.21613312,30836,30846,10
12.68612957,80.21598053,30846,30856,10
12.68542957,80.21569061,30856,30866,10
12.6844902,80.21531677,30866,30876,10
12.68330002,80.21492767,30876,30887,11
12.68187046,80.21447754,30887,30897,10
12.68085003,80.21408081,30897,30907,10
12.67963982,80.21363831,30907,30917,10
12.67827034,80.21309662,30917,30927,10
12.67687988,80.21257782,30927,30937,10
12.67547989,80.21209717,30937,30947,10
12.6740303,80.21170044,30947,30957,10
12.67247963,80.21156311,30957,30967,10
12.67096043,80.21121216,30967,30977,10
12.66952991,80.21057129,30977,30987,10
12.66808987,80.2099762,30987,30998,11
12.6663599,80.20970154,30998,31008,10
12.66477013,80.20954132,31008,31018,10
12.66322041,80.2093811,31018,31028,10
12.66172981,80.20919037,31028,31038,10
12.6602602,80.20896912,31038,31048,10
12.65878963,80.20864868,31048,31058,10
12.65740013,80.20810699,31058,31068,10
12.6560297,80.2074585,31068,31078,10
12.6546402,80.20677948,31078,31088,10
12.65334034,80.20597839,31088,31098,10
12.65240002,80.2053833,31098,31109,11
12.65217972,80.2052536,31109,31119,10
12.65159988,80.20490265,31119,31129,10
12.65071011,80.20443726,31129,31139,10
12.64957047,80.20388031,31139,31149,10
12.64830971,80.20326233,31149,31159,10
12.64702034,80.20249939,31159,31169,10
12.64575005,80.20172119,31169,31179,10
12.64445972,80.20098114,31179,31189,10
12.64309025,80.20034027,31189,31199,10
12.64169025,80.19972229,31199,31209,10
12.64023972,80.19908905,31209,31220,11
12.63866043,80.19841003,31220,31230,10
12.63722992,80.19779968,31230,31240,10
12.63586044,80.19722748,31240,31250,10
12.63444996,80.19680786,31250,31260,10
12.63300037,80.19638062,31260,31270,10
12.63154984,80.19589996,31270,31280,10
12.63012981,80.19542694,31280,31290,10
12.62884998,80.19499969,31290,31300,10
12.62804031,80.1947403,31300,31310,10
12.62777996,80.19463348,31310,31320,10
12.62759018,80.19457245,31320,31330,10
12.62714958,80.19442749,31330,31341,11
12.62635994,80.19431305,31341,31351,10
12.62549973,80.19422913,31351,31361,10
12.62458992,80.19419098,31361,31371,10
12.62376022,80.19418335,31371,31381,10
12.62298965,80.19415283,31381,31391,10
12.62234974,80.19418335,31391,31401,10
12.62187958,80.19445801,31401,31411,10
12.6214304,80.19455719,31411,31421,10
12.62119007,80.19454956,31421,31431,10
12.62110043,80.19454956,31431,31440,9
12.62090015,80.19452667,31440,31452,12
12.6203804,80.19452667,31452,31462,10
12.6196003,80.19441223,31462,31472,10
12.61876965,80.19426727,31472,31482,10
12.61810017,80.19415283,31482,31492,10
12.61750031,80.19403076,31492,31502,10
12.61709023,80.19393921,31502,32773,1271
12.61709023,80.19393921,32773,32783,10
12.61769962,80.19403839,32783,32793,10
12.61787033,80.19406891,32793,32803,10
12.61818981,80.19412231,32803,32813,10
12.61861992,80.19419098,32813,32823,10
12.61905956,80.19426727,32823,32834,11
12.61958981,80.19436646,32834,32844,10
12.62001991,80.19444275,32844,32854,10
12.62049961,80.19451904,32854,32864,10
12.62082005,80.19447327,32864,32874,10
12.62096024,80.19450378,32874,32884,10
12.62106991,80.19451904,32884,32894,10
12.62117958,80.19454193,32894,32904,10
12.6215601,80.19455719,32904,32914,10
12.62195969,80.19436646,32914,32924,10
12.62248039,80.19412994,32924,32934,10
12.62318993,80.19413757,32934,32945,11
12.62409973,80.19416046,32945,32955,10
12.62502003,80.19419098,32955,32965,10
12.62605,80.19429016,32965,32975,10
12.62712002,80.19441223,32975,32985,10
12.62777996,80.19461823,32985,32995,10
12.62817955,80.19477844,32995,33005,10
12.62851048,80.19487,33005,33015,10
12.62919998,80.19510651,33015,33025,10
12.63008976,80.19541168,33025,33035,10
12.6311903,80.19577026,33035,33045,10
12.63243008,80.19616699,33045,33054,9
12.63362026,80.19657898,33054,33066,12
12.63529015,80.19703674,33066,33076,10
12.63667965,80.19754028,33076,33086,10
12.63805962,80.19812775,33086,33096,10
12.6394701,80.1987381,33096,33106,10
12.6408596,80.19934845,33106,33116,10
12.64221954,80.19994354,33116,33126,10
12.64356041,80.20054626,33126,33136,10
12.64490032,80.20118713,33136,33146,10
12.64618969,80.20197296,33146,33156,10
12.64750004,80.20278168,33156,33165,9
12.6486702,80.20349884,33165,33177,12
12.65011978,80.20446014,33177,33187,10
12.65058994,80.20570374,33187,33197,10
12.65135002,80.20622253,33197,33207,10
12.65165997,80.20626068,33207,33217,10
12.65237045,80.20613861,33217,33227,10
12.65330029,80.20619202,33227,33237,10
12.65408039,80.20654297,33237,33247,10
12.65439034,80.20667267,33247,33257,10
12.6549902,80.20691681,33257,33267,10
12.65511036,80.20697784,33267,33277,10
12.65552998,80.2071991,33277,33288,11
12.65631962,80.2075882,33288,33298,10
12.65723991,80.20802307,33298,33308,10
12.65837955,80.20850372,33308,33318,10
12.65972042,80.20887756,33318,33328,10
12.66117001,80.2091217,33328,33338,10
12.66263962,80.2093277,33338,33348,10
12.6641798,80.20948792,33348,33358,10
12.66569996,80.20964813,33358,33368,10
12.66714001,80.20980835,33368,33378,10
12.66854,80.21009827,33378,33388,10
12.66985989,80.2106781,33388,33398,10
12.67121983,80.21128082,33398,33409,11
12.6728096,80.21160126,33409,33419,10
12.67428017,80.21174622,33419,33429,10
12.67568016,80.2121582,33429,33439,10
12.67708015,80.21264648,33439,33449,10
12.67850018,80.21318054,33449,33459,10
12.67990017,80.21372223,33459,33469,10
12.68124962,80.21424103,33469,33479,10
12.68264961,80.21472168,33479,33489,10
12.6840601,80.21515656,33489,33499,10
12.68544006,80.21566772,33499,33509,10
12.68644047,80.21607208,33509,33520,11
12.68682003,80.21623993,33520,33530,10
12.68752956,80.21653748,33530,33540,10
12.68846035,80.21691895,33540,33550,10
12.68924046,80.21723938,33550,33560,10
12.68927002,80.21724701,33560,33570,10
12.68947029,80.21734619,33570,33580,10
12.69005966,80.21759796,33580,33590,10
12.69083977,80.21793365,33590,33600,10
12.69174957,80.21832275,33600,33610,10
12.69287014,80.21880341,33610,33620,10
12.69414043,80.21935272,33620,33629,9
12.69552994,80.21994019,33629,33641,12
12.69752026,80.2207489,33641,33651,10
12.69853973,80.22115326,33651,33661,10
12.69876003,80.22123718,33661,33671,10
12.69933987,80.22148132,33671,33681,10
12.70016956,80.22180939,33681,33691,10
12.70121956,80.222229,33691,33701,10
12.70242023,80.22271729,33701,33711,10
12.70370007,80.22325134,33711,33721,10
12.70506954,80.22367859,33721,33731,10
12.70604992,80.22382355,33731,33741,10
12.70608044,80.22382355,33741,33752,11
12.70648956,80.22387695,33752,33762,10
12.70715046,80.22399139,33762,33772,10
12.70806026,80.22421265,33772,33782,10
12.70919991,80.22451019,33782,33792,10
12.71045971,80.22499847,33792,33802,10
12.71187973,80.22559357,33802,33812,10
12.71348,80.22618866,33812,33822,10
12.71510029,80.22679901,33822,33832,10
12.71664047,80.22737885,33832,33842,10
12.71809006,80.22795105,33842,33852,10
12.71874046,80.22821045,33852,33863,11
12.71936989,80.22846222,33863,33873,10
12.72021008,80.2288208,33873,33883,10
12.72128963,80.22927856,33883,33893,10
12.72251987,80.2297821,33893,33903,10
12.72383022,80.23032379,33903,33913,10
12.72517014,80.23088837,33913,33923,10
12.72626019,80.2313385,33923,33933,10
12.72640991,80.23139954,33933,33943,10
12.72684956,80.23158264,33943,33953,10
12.72758961,80.23187256,33953,33963,10
12.72854996,80.2322464,33963,33973,10
12.72970009,80.2326889,33973,33984,11
12.73097038,80.23319244,33984,33994,10
12.73225975,80.23368835,33994,34004,10
12.73373985,80.23426056,34004,34014,10
12.7353096,80.23487091,34014,34024,10
12.7368803,80.23548889,34024,34034,10
12.73849964,80.23616791,34034,34044,10
12.74013996,80.23692322,34044,34054,10
12.74170017,80.23761749,34054,34064,10
12.74314022,80.23816681,34064,34074,10
12.74396038,80.23845673,34074,34084,10
12.74403,80.2385025,34084,34095,11
12.74454021,80.23872375,34095,34105,10
12.74534988,80.23902893,34105,34115,10
12.74639988,80.23941803,34115,34125,10
12.74759007,80.23988342,34125,34135,10
12.74886036,80.2403717,34135,34145,10
12.75026035,80.24088287,34145,34155,10
12.75170994,80.24140167,34155,34165,10
12.75310993,80.24192047,34165,34175,10
12.75450039,80.24241638,34175,34185,10
12.75588036,80.24291992,34185,34195,10
12.7568903,80.24330139,34195,34206,11
12.75813961,80.24375153,34206,34216,10
12.75942039,80.24420166,34216,34226,10
12.76076984,80.24468231,34226,34236,10
12.76212025,80.24516296,34236,34246,10
12.7631197,80.24549866,34246,34256,10
12.76319027,80.24552917,34256,34266,10
12.76334,80.24559021,34266,34276,10
12.7638998,80.24578857,34276,34286,10
12.76474953,80.24609375,34286,34296,10
12.76583004,80.24646759,34296,34306,10
12.76708031,80.24691772,34306,34315,9
12.76825047,80.24733734,34315,34327,12
12.76986027,80.24790955,34327,34337,10
12.77122974,80.24839783,34337,34347,10
12.77264977,80.24887085,34347,34357,10
12.77418041,80.24897766,34357,34367,10
12.77577019,80.2489624,34367,34377,10
12.77727985,80.24889374,34377,34387,10
12.77838993,80.24841309,34387,34397,10
12.77884007,80.24852753,34397,34407,10
12.77927971,80.24862671,34407,34417,10
12.78001976,80.24875641,34417,34426,9
12.78085995,80.24891663,34426,34438,12
12.78211021,80.2493515,34438,34448,10
12.78314018,80.24964905,34448,34458,10
12.78388977,80.24976349,34458,34468,10
12.78429985,80.24980927,34468,34478,10
12.78501987,80.24990082,34478,34488,10
12.78584957,80.25000763,34488,34498,10
12.78641987,80.25007629,34498,34508,10
12.78668022,80.25003815,34508,34518,10
12.78668022,80.24976349,34518,34528,10
12.78672028,80.24928284,34528,34538,10
12.78672028,80.24907684,34538,34547,9
12.78674984,80.248909,34547,34559,12
12.78682041,80.24810028,34559,34569,10
12.78705978,80.2470932,34569,34579,10
12.78709984,80.24617767,34579,34589,10
12.78623962,80.24578857,34589,34599,10
12.7852602,80.2453537,34599,34609,10
12.78489017,80.24517059,34609,34619,10
12.78477001,80.24497986,34619,34629,10
12.78522968,80.24472046,34629,34639,10
12.7859602,80.24436951,34639,34649,10
12.78687,80.243927,34649,34659,10
12.78791046,80.24343872,34659,34670,11
12.78913975,80.24285889,34670,34680,10
12.79037952,80.24241638,34680,34690,10
12.79170036,80.24207306,34690,34700,10
12.79308033,80.24170685,34700,34710,10
12.79440022,80.24134827,34710,34720,10
12.79545975,80.24111176,34720,34730,10
12.79656982,80.24114227,34730,34740,10
12.79784966,80.24137878,34740,34750,10
12.79924965,80.24163818,34750,34760,10
12.80068016,80.24191284,34760,34770,10
12.80216026,80.2421875,34770,34781,11
12.80375957,80.24249268,34781,34791,10
12.80523968,80.2427597,34791,34801,10
12.80667019,80.24302673,34801,34811,10
12.80751038,80.24320221,34811,34821,10
12.80828953,80.24333191,34821,34831,10
12.80922985,80.24346161,34831,34841,10
12.81037045,80.24333191,34841,34851,10
12.81159973,80.24289703,34851,34861,10
12.81291008,80.24233246,34861,34871,10
12.81429958,80.24175262,34871,34881,10
12.81544018,80.24125671,34881,34891,10
12.81655979,80.24079132,34891,34902,11
12.81789017,80.2405014,34902,34912,10
12.81902027,80.2403717,34912,34922,10
12.81949043,80.24030304,34922,34932,10
12.81958008,80.24028778,34932,34942,10
12.81991005,80.24028015,34942,34952,10
12.82063007,80.24022675,34952,34962,10
12.8215704,80.24015045,34962,34972,10
12.82271004,80.24009705,34972,34982,10
12.82402039,80.24015045,34982,34992,10
12.82524967,80.2401886,34992,35002,10
12.82641983,80.24024963,35002,35013,11
12.82754993,80.24025726,35013,35023,10
12.82771015,80.24025726,35023,35033,10
12.82802963,80.24030304,35033,35043,10
12.8282299,80.24028778,35043,35053,10
12.82882023,80.24030304,35053,35063,10
12.82970047,80.2403183,35063,35073,10
12.83067989,80.2403717,35073,35083,10
12.8308897,80.24038696,35083,35093,10
12.83115959,80.24040222,35093,35103,10
12.83172989,80.24041748,35103,35113,10
12.83189964,80.24043274,35113,35124,11
12.83246994,80.24047089,35124,35134,10
12.83325005,80.24046326,35134,35144,10
12.83423996,80.24044037,35144,35154,10
12.83543968,80.24040222,35154,35164,10
12.83673954,80.2403717,35164,35174,10
12.83815002,80.24040985,35174,35184,10
12.83922005,80.24047852,35184,35194,10
12.84006977,80.24049377,35194,35204,10
12.84111023,80.24053955,35204,35214,10
12.84232044,80.24060059,35214,35224,10
12.84368992,80.24064636,35224,35234,10
12.84510994,80.24069214,35234,35245,11
12.84669971,80.24076843,35245,35255,10
12.84755993,80.2408371,35255,35265,10
12.84774017,80.24085236,35265,35275,10
12.84829044,80.24088287,35275,35285,10
12.84910011,80.24098206,35285,35295,10
12.85009956,80.2410965,35295,35305,10
12.8510704,80.24121857,35305,35315,10
12.85198021,80.24131012,35315,35335,20
12.85198021,80.24131012,35335,35344,9
12.85217953,80.24133301,35344,35356,12
12.85284042,80.24141693,35356,35366,10
12.85361958,80.24150848,35366,35376,10
12.85451984,80.241539,35376,35386,10
12.85562992,80.24160004,35386,35396,10
12.85686016,80.24169922,35396,35406,10
12.85816956,80.24181366,35406,35416,10
12.85949993,80.24186707,35416,35426,10
12.86073971,80.24185944,35426,35436,10
12.86151981,80.24182129,35436,35446,10
12.86225033,80.24195862,35446,35456,10
12.86316967,80.24211884,35456,35466,10
12.86425972,80.24228668,35466,35477,11
12.86518002,80.2424469,35477,35487,10
12.86612034,80.24269867,35487,35497,10
12.86721039,80.24307251,35497,35507,10
12.86791992,80.24331665,35507,35517,10
12.86812019,80.24340057,35517,35527,10
12.86874962,80.24353027,35527,35537,10
12.86972046,80.24343872,35537,35547,10
12.87088966,80.24326324,35547,35567,20
12.87088966,80.24326324,35567,35577,10
12.87117958,80.24323273,35577,35588,11
12.87182045,80.24318695,35588,35598,10
12.87265968,80.24317169,35598,35608,10
12.8737402,80.24324799,35608,35618,10
12.87495995,80.24339294,35618,35628,10
12.87621021,80.24356079,35628,35638,10
12.87705994,80.24368286,35638,35648,10
12.87780952,80.24381256,35648,35658,10
12.87798977,80.24384308,35658,35668,10
12.87845993,80.24394989,35668,35678,10
12.87919044,80.24423981,35678,35687,9
12.8800602,80.24458313,35687,35699,12
12.88144016,80.24485779,35699,35709,10
12.88220024,80.24501038,35709,35719,10
12.88278961,80.24511719,35719,35729,10
12.88360023,80.24526215,35729,35739,10
12.88459969,80.24543762,35739,35749,10
12.88570023,80.24565125,35749,35759,10
12.88677025,80.24572754,35759,35769,10
12.88774967,80.24546814,35769,35789,20
12.88774967,80.24546814,35789,35799,10
12.88794994,80.24542999,35799,35809,10
12.88848019,80.24533844,35809,35820,11
12.88936996,80.24537659,35820,35830,10
12.89037991,80.2456131,35830,35840,10
12.89140034,80.24585724,35840,35850,10
12.89245987,80.24614716,35850,35860,10
12.89361954,80.24649048,35860,35870,10
12.89486027,80.24684143,35870,35880,10
12.89612007,80.24712372,35880,35890,10
12.89698029,80.24729919,35890,35900,10
12.89743996,80.24738312,35900,35910,10
12.89803982,80.24745941,35910,35931,21
12.89803982,80.24745941,35931,35941,10
12.89836979,80.24756622,35941,35951,10
12.89900017,80.24778748,35951,35961,10
12.89988995,80.2481308,35961,35971,10
12.90098,80.24854279,35971,35981,10
12.90223026,80.24877167,35981,35991,10
12.9035902,80.24891663,35991,36001,10
12.90480042,80.2490387,36001,36011,10
12.90594959,80.24928284,36011,36021,10
12.90721035,80.24958801,36021,36031,10
12.90859032,80.24983978,36031,36042,11
12.90991974,80.24996948,36042,36052,10
12.91106033,80.25007629,36052,36062,10
12.91232967,80.25016785,36062,36072,10
12.91362,80.25022888,36072,36082,10
12.91431046,80.25028229,36082,36092,10
12.91442013,80.25029755,36092,36102,10
12.91493034,80.25034332,36102,36112,10
12.91569996,80.25039673,36112,36122,10
12.91668034,80.25048065,36122,36132,10
12.91779041,80.25061798,36132,36142,10
12.91897011,80.25081635,36142,36152,10
12.91969013,80.25106812,36152,36163,11
12.92024994,80.25128174,36163,36173,10
12.92039013,80.25131989,36173,36183,10
12.92057037,80.25137329,36183,36193,10
12.92111969,80.25128937,36193,36203,10
12.92193031,80.251091,36203,36213,10
12.92298985,80.25106049,36213,36223,10
12.92413998,80.25113678,36223,36233,10
12.92535973,80.25118256,36233,36243,10
12.92667961,80.25128174,36243,36253,10
12.92803001,80.25141907,36253,36262,9
12.92908001,80.25151062,36262,36274,12
12.92949009,80.25154114,36274,36284,10
12.92980003,80.2516098,36284,36294,10
12.93041039,80.25167847,36294,36304,10
12.93126965,80.25177765,36304,36314,10
12.9323597,80.25190735,36314,36324,10
12.93350029,80.25203705,36324,36334,10
12.93476009,80.25218964,36334,36344,10
12.93610954,80.25234222,36344,36354,10
12.93737984,80.25248718,36354,36364,10
12.93834019,80.25261688,36364,36374,10
12.9385004,80.25263977,36374,36384,10
12.93879986,80.25270844,36384,36395,11
12.93953991,80.25279999,36395,36405,10
12.94044971,80.25292206,36405,36415,10
12.94149971,80.25314331,36415,36425,10
12.94258976,80.25331879,36425,36435,10
12.94346046,80.25344086,36435,36445,10
12.94433975,80.25363159,36445,36455,10
12.94532967,80.25376129,36455,36465,10
12.94641018,80.25390625,36465,36475,10
12.94736958,80.25414276,36475,36485,10
12.94808006,80.25435638,36485,36495,10
12.9488802,80.25460052,36495,36506,11
12.94979954,80.25480652,36506,36526,20
12.94979954,80.25480652,36526,36536,10
12.95018005,80.25489807,36536,36546,10
12.95088959,80.25502777,36546,36556,10
12.95180988,80.25508118,36556,36566,10
12.95287037,80.25511932,36566,36576,10
12.95407963,80.25514221,36576,36586,10
12.95516968,80.25515747,36586,36596,10
12.95611,80.25518036,36596,36606,10
12.95720005,80.25528717,36606,36617,11
12.9581604,80.25543976,36617,36627,10
12.95905018,80.25565338,36627,36637,10
12.96008968,80.25588226,36637,36647,10
12.96092033,80.25604248,36647,36657,10
12.96150017,80.2562027,36657,36677,20
12.96150017,80.2562027,36677,36687,10
12.96177006,80.25626373,36687,36697,10
12.96280956,80.25643158,36697,36717,20
12.96280956,80.25643158,36717,36727,10
12.96286964,80.25644684,36727,36738,11
12.96354961,80.25649261,36738,36778,40
12.96354961,80.25649261,36778,36788,10
12.96372032,80.25650024,36788,36798,10
12.96397018,80.25653076,36798,36808,10
12.96436024,80.25656128,36808,36818,10
12.96508026,80.25666046,36818,36828,10
12.96590042,80.25679016,36828,36838,10
12.96605968,80.25682068,36838,36849,11
12.96640968,80.25688171,36849,36859,10
12.96708965,80.25701904,36859,36869,10
12.96796036,80.25723267,36869,36879,10
12.96872044,80.25743866,36879,36889,10
12.96936035,80.25759888,36889,36899,10
12.9695797,80.25765991,36899,36909,10
12.96982002,80.25776672,36909,36919,10
12.97041035,80.25798035,36919,36929,10
12.97122002,80.25813293,36929,36939,10
12.97224045,80.25807953,36939,36949,10
12.97331047,80.25821686,36949,36960,11
12.97383976,80.25830841,36960,36970,10
12.97385025,80.25830841,36970,36980,10
12.97422028,80.25842285,36980,36990,10
12.9748497,80.25859833,36990,37000,10
12.97566986,80.2588501,37000,37010,10
12.97651958,80.25906372,37010,37020,10
12.97684002,80.25910187,37020,37030,10
12.97706985,80.25913239,37030,37040,10
12.97760963,80.25911713,37040,37050,10
12.97824955,80.25910187,37050,37060,10
12.97914982,80.25908661,37060,37070,10
12.9802103,80.25924683,37070,37081,11
12.98126984,80.25933075,37081,37091,10
12.98227978,80.25935364,37091,37101,10
12.98260975,80.25935364,37101,37111,10
12.98270988,80.25936127,37111,37121,10
12.98301029,80.25939178,37121,37131,10
12.98361015,80.25945282,37131,37141,10
12.98394012,80.25930786,37141,37151,10
12.98400021,80.25871277,37151,37161,10
12.98408985,80.25810242,37161,37171,10
12.98423004,80.25782776,37171,37181,10
12.98472977,80.25782013,37181,37192,11
12.98560047,80.25788879,37192,37202,10
12.98696995,80.25803375,37202,37222,20
12.98696995,80.25803375,37222,37232,10
12.98727036,80.25805664,37232,37242,10
12.98744011,80.25753784,37242,37252,10
12.98748016,80.25698853,37252,37262,10
12.98752022,80.25608826,37262,37333,71
12.98752022,80.25608826,37333,37343,10
12.98752022,80.25596619,37343,37353,10
12.98764038,80.25572968,37353,37363,10
12.98793983,80.2557373,37363,37373,10
12.98830032,80.25582123,37373,37383,10
12.98867989,80.255867,37383,37393,10
12.98888969,80.25588989,37393,37403,10
12.98919964,80.25592041,37403,37412,9
12.98978043,80.25598145,37412,37424,12
12.99063969,80.25598907,37424,37434,10
12.99106026,80.25601959,37434,37444,10
12.99180984,80.25604248,37444,37454,10
12.99281979,80.25601959,37454,37464,10
12.99378014,80.25595856,37464,37474,10
12.99464989,80.25588989,37474,37484,10
12.99559021,80.255867,37484,37494,10
12.99660969,80.255867,37494,37585,91
12.99660969,80.255867,37585,37595,10
12.99689007,80.25588226,37595,37605,10
12.99722958,80.25588226,37605,37615,10
12.9975996,80.25589752,37615,37625,10
12.99814034,80.25592804,37625,37635,10
12.99897957,80.25602722,37635,37656,21
12.99897957,80.25602722,37656,37666,10
12.99923038,80.25611115,37666,37676,10
12.99967003,80.25621033,37676,37686,10
13.00037956,80.25634003,37686,37696,10
13.00102043,80.2564621,37696,37736,40
13.00102043,80.2564621,37736,37746,10
13.00111961,80.2564621,37746,37756,10
13.00154018,80.25655365,37756,37767,11
13.00218964,80.25666809,37767,37777,10
13.00286007,80.25678253,37777,37787,10
13.00352001,80.25691223,37787,37797,10
13.00419998,80.25702667,37797,37807,10
13.0048399,80.25714874,37807,37817,10
13.00500011,80.25715637,37817,37827,10
13.00522041,80.25715637,37827,37837,10
13.00541973,80.25720978,37837,37847,10
13.00559998,80.25730133,37847,37857,10
13.00597954,80.25737762,37857,37867,10
13.00625992,80.25743866,37867,37898,31
13.00625992,80.25743866,37898,37908,10
13.00642967,80.25749969,37908,37918,10
13.00650024,80.25717163,37918,37928,10
13.00646973,80.25672913,37928,37938,10
13.0064497,80.2561264,37938,37948,10
13.00646973,80.25550842,37948,37958,10
13.00652027,80.25509644,37958,37968,10
13.00650024,80.25435638,37968,37978,10
13.00652027,80.25354004,37978,37988,10
13.00656033,80.25256348,37988,38009,21
13.00656033,80.25256348,38009,38019,10
13.00671005,80.25270081,38019,38029,10
13.00669956,80.25273895,38029,38039,10
13.00667,80.25299835,38039,38049,10
13.00660992,80.25341034,38049,38220,171
13.00660992,80.25341034,38220,38231,11
13.00667953,80.25354004,38231,38241,10
13.00664997,80.25388336,38241,38251,10
13.00662994,80.2543335,38251,38261,10
13.00660038,80.25480652,38261,38271,10
13.00660038,80.25488281,38271,38281,10
13.00658989,80.25508881,38281,38291,10
13.00658035,80.25576019,38291,38301,10
13.00660992,80.25686646,38301,38362,61
13.00660992,80.25686646,38362,38372,10
13.00664043,80.25700378,38372,38382,10
13.00669003,80.25730896,38382,38392,10
13.00654984,80.25752258,38392,38402,10
13.00627041,80.25753784,38402,38412,10
13.00588036,80.25744629,38412,38422,10
13.00547028,80.25733948,38422,38432,10
13.00500011,80.25723267,38432,38442,10
13.00434971,80.25708008,38442,38452,10
13.00387001,80.25700378,38452,38463,11
13.00349045,80.25691986,38463,38473,10
13.00312042,80.25682068,38473,38483,10
13.00284004,80.25676727,38483,38493,10
13.00271034,80.25675964,38493,38543,50
13.00271034,80.25675964,38543,38553,10
13.00257969,80.25675964,38553,38562,9
13.00232983,80.25669861,38562,38574,12
13.00199986,80.25662994,38574,38584,10
13.00152969,80.25656128,38584,38594,10
13.0008297,80.25649261,38594,38604,10
13.00024033,80.25637817,38604,38614,10
12.99993992,80.2563324,38614,38624,10
12.99958992,80.25627899,38624,38634,10
12.99940014,80.25623322,38634,38674,40
12.99940014,80.25623322,38674,38685,11
12.99923992,80.25621796,38685,38695,10
12.99880981,80.25611115,38695,38705,10
12.99835968,80.25605011,38705,38725,20
12.99835968,80.25605011,38725,38735,10
12.99822044,80.25602722,38735,38745,10
12.99792957,80.25596619,38745,38755,10
12.99752998,80.2559433,38755,38826,71
12.99752998,80.2559433,38826,38836,10
12.99744034,80.2559967,38836,38846,10
12.99707031,80.25595856,38846,38856,10
12.99672031,80.25592041,38856,38866,10
12.99621964,80.25591278,38866,38876,10
12.99563026,80.25592804,38876,38886,10
12.9950304,80.25592041,38886,38896,10
12.99429989,80.2559967,38896,38906,10
12.99359035,80.25608063,38906,38917,11
12.99258041,80.25614929,38917,38927,10
12.99153996,80.25610352,38927,38937,10
12.99077988,80.25608063,38937,38947,10
12.99018002,80.25605774,38947,38957,10
12.98943043,80.25604248,38957,38967,10
12.98857975,80.25598907,38967,38987,20
12.98857975,80.25598907,38987,38997,10
12.98816967,80.25588989,38997,39007,10
12.98764992,80.25592804,39007,39017,10
12.98756027,80.25662994,39017,39027,10
12.9874897,80.25749969,39027,39038,11
12.98744011,80.25837708,39038,39048,10
12.98740005,80.25897217,39048,39058,10
12.98736954,80.25927734,39058,39068,10
12.98725986,80.25966644,39068,39078,10
12.98694992,80.2598114,39078,39088,10
12.98680019,80.25980377,39088,39098,10
12.98655033,80.25978851,39098,39108,10
12.98637009,80.25978088,39108,39118,10
12.98608971,80.25972748,39118,39128,10
12.98577023,80.2596817,39128,39138,10
12.9853096,80.25964355,39138,39149,11
12.98501968,80.2596283,39149,39179,30
12.98501968,80.2596283,39179,39189,10
12.9846096,80.25955963,39189,39199,10
12.98402977,80.2594986,39199,39209,10
12.98346996,80.25948334,39209,39219,10
12.98346043,80.25948334,39219,39229,10
12.9833498,80.25949097,39229,39239,10
12.98293018,80.25945282,39239,39249,10
12.98225021,80.25939941,39249,39260,11
12.98130989,80.25936127,39260,39270,10
12.98066044,80.25936127,39270,39280,10
12.98017979,80.25930023,39280,39290,10
12.97914982,80.25914001,39290,39330,40
12.97914982,80.25914001,39330,39340,10
12.9788599,80.2591095,39340,39350,10
12.97858047,80.25910187,39350,39360,10
12.97828007,80.2591095,39360,39411,51
12.97828007,80.2591095,39411,39421,10
12.97809982,80.25914001,39421,39431,10
12.97774029,80.25914001,39431,39441,10
12.97714043,80.2591629,39441,39451,10
12.97657967,80.25910187,39451,39461,10
12.97655964,80.25908661,39461,39471,10
12.97626972,80.25904083,39471,39481,10
12.97570992,80.2589035,39481,39492,11
12.97556019,80.2588501,39492,39502,10
12.97517967,80.25875092,39502,39512,10
12.97451973,80.25856018,39512,39522,10
12.97364044,80.25834656,39522,39532,10
12.97282982,80.25818634,39532,39542,10
12.97189999,80.25813293,39542,39552,10
12.97091961,80.25813293,39552,39562,10
12.96971989,80.25782013,39562,39602,40
12.96971989,80.25782013,39602,39613,11
12.96947956,80.25772095,39613,39623,10
12.96907043,80.25759125,39623,39633,10
12.96844006,80.25740814,39633,39643,10
12.96778011,80.25723267,39643,39653,10
12.96700001,80.25704956,39653,39663,10
12.96636009,80.25694275,39663,39673,10
12.96588993,80.2568512,39673,39683,10
12.96523952,80.2567215,39683,39693,10
12.96452045,80.25660706,39693,39703,10
12.96409988,80.25656128,39703,39713,10
12.96345997,80.25650024,39713,39724,11
12.96253014,80.25643158,39724,39734,10
12.96187973,80.25631714,39734,39754,20
12.96187973,80.25631714,39754,39764,10
12.96175957,80.25628662,39764,39774,10
12.96135044,80.25621033,39774,39784,10
12.9608202,80.25611115,39784,39794,10
12.96078968,80.25610352,39794,39804,10
12.96041965,80.25601196,39804,39814,10
12.9597702,80.25585938,39814,39824,10
12.95893955,80.25567627,39824,39835,11
12.95788956,80.25546265,39835,39845,10
12.95676041,80.25527191,39845,39855,10
12.95565033,80.25523376,39855,39865,10
12.95466042,80.25518799,39865,39875,10
12.95384979,80.25520325,39875,39885,10
12.9537096,80.25520325,39885,39895,10
12.95326996,80.25517273,39895,39905,10
12.9525404,80.25514221,39905,39915,10
12.95162964,80.25511169,39915,39925,10
12.95077991,80.25505829,39925,39935,10
12.95046997,80.25502777,39935,39944,9
12.95016003,80.25496674,39944,39976,32
12.95016003,80.25496674,39976,39986,10
12.94995975,80.25491333,39986,39996,10
12.94952011,80.25479889,39996,40006,10
12.94880962,80.25462341,40006,40016,10
12.94793987,80.25437164,40016,40026,10
12.94707012,80.2541275,40026,40036,10
12.94491959,80.25376892,40036,40046,10
12.94491959,80.25376892,40046,40056,10
12.94373035,80.25359344,40056,40065,9
12.94274044,80.25341034,40065,40084,19
12.94046974,80.25301361,40084,40094,10
12.93935966,80.25283813,40094,40104,10
12.93857956,80.25280762,40104,40114,10
12.9383297,80.25276947,40114,40124,10
12.93826962,80.25273895,40124,40134,10
12.93784046,80.25263214,40134,40144,10
12.93708992,80.25251007,40144,40154,10
12.93616962,80.25241089,40154,40164,10
12.93504047,80.25228119,40164,40174,10
12.93379974,80.25213623,40174,40185,11
12.93237019,80.25196075,40185,40195,10
12.93099976,80.25180054,40195,40205,10
12.92959976,80.25164032,40205,40215,10
12.92819023,80.25150299,40215,40225,10
12.92741966,80.2514267,40225,40235,10
12.92724037,80.25141144,40235,40245,10
12.92673969,80.25132751,40245,40255,10
12.92595005,80.25124359,40255,40265,10
12.92502022,80.25119781,40265,40275,10
12.92389011,80.25115967,40275,40285,10
12.92263031,80.25105286,40285,40296,11
12.9211998,80.25125885,40296,40306,10
12.91993999,80.25125122,40306,40316,10
12.91893005,80.25093842,40316,40326,10
12.91878986,80.25092316,40326,40336,10
12.91845036,80.2508316,40336,40346,10
12.91783047,80.25071716,40346,40356,10
12.91701984,80.25061798,40356,40366,10
12.91602993,80.2505188,40366,40376,10
12.91485977,80.25042725,40376,40386,10
12.91364002,80.25029755,40386,40396,10
12.91238022,80.25021362,40396,40406,10
12.91104984,80.25012207,40406,40417,11
12.90950012,80.25,40417,40427,10
12.90808964,80.24980927,40427,40437,10
12.90666008,80.24951172,40437,40447,10
12.90524006,80.24918365,40447,40457,10
12.90377998,80.24897766,40457,40467,10
12.90231037,80.24880981,40467,40477,10
12.90085983,80.24855804,40477,40487,10
12.89945984,80.24801636,40487,40497,10
12.89826012,80.24759674,40497,40507,10
12.89750957,80.24742889,40507,40517,10
12.89745998,80.24742126,40517,40528,11
12.89723015,80.2473526,40528,40538,10
12.89667988,80.24723816,40538,40548,10
12.89597034,80.24710846,40548,40558,10
12.89511967,80.24693298,40558,40568,10
12.89410973,80.24668121,40568,40578,10
12.89313984,80.24636841,40578,40588,10
12.89208031,80.24604797,40588,40598,10
12.89091015,80.24577332,40598,40608,10
12.88973045,80.2454834,40608,40618,10
12.88871002,80.2453537,40618,40628,10
12.88809967,80.24542236,40628,40638,10
12.88764,80.24550629,40638,40649,11
12.88722038,80.24562073,40649,40659,10
12.88689041,80.24571228,40659,40669,10
12.88640022,80.24578094,40669,40679,10
12.88634014,80.24578094,40679,40689,10
12.88613987,80.2457428,40689,40699,10
12.88564968,80.24565887,40699,40709,10
12.88486004,80.24549866,40709,40719,10
12.88374043,80.24529266,40719,40729,10
12.88265991,80.24510193,40729,40739,10
12.88204956,80.24497986,40739,40749,10
12.88134956,80.24485016,40749,40760,11
12.8803997,80.24468231,40760,40770,10
12.87940025,80.24436951,40770,40780,10
12.87827015,80.243927,40780,40790,10
12.87703991,80.24365234,40790,40800,10
12.87580013,80.24347687,40800,40810,10
12.87446022,80.24331665,40810,40820,10
12.87308979,80.24318695,40820,40830,10
12.87185955,80.24320221,40830,40840,10
12.87102985,80.24323273,40840,40850,10
12.87032032,80.24331665,40850,40860,10
12.86940956,80.24349976,40860,40870,10
12.86872005,80.24358368,40870,40881,11
12.86845016,80.24349976,40881,40891,10
12.86789989,80.24334717,40891,40901,10
12.86715031,80.24305725,40901,40911,10
12.86610985,80.24269867,40911,40921,10
12.86505032,80.24243164,40921,40931,10
12.86415958,80.24227142,40931,40941,10
12.86308002,80.24212646,40941,40951,10
12.86201954,80.24205017,40951,41022,71
12.86201954,80.24205017,41022,41032,10
12.86192989,80.24205017,41032,41042,10
12.86165047,80.24202728,41042,41082,40
12.86165047,80.24202728,41082,41092,10
12.86112022,80.24199677,41092,41103,11
12.86032009,80.24196625,41103,41113,10
12.85968971,80.2419281,41113,41123,10
12.85962963,80.2419281,41123,41133,10
12.85925007,80.24189758,41133,41143,10
12.85859013,80.24186707,41143,41153,10
12.85778999,80.24182129,41153,41163,10
12.85684013,80.24173737,41163,41173,10
12.85568047,80.24165344,41173,41183,10
12.85453987,80.24156189,41183,41193,10
12.85332012,80.24150085,41193,41203,10
12.85206985,80.24134827,41203,41213,10
12.85081959,80.24121857,41213,41224,11
12.85029984,80.24118042,41224,41234,10
12.8502903,80.24117279,41234,41244,10
12.8499403,80.24112701,41244,41254,10
12.84963989,80.24107361,41254,41264,10
12.84906006,80.2410202,41264,41274,10
12.84823036,80.24092865,41274,41284,10
12.84739971,80.24086761,41284,41294,10
12.84650993,80.24079132,41294,41304,10
12.84549999,80.2407608,41304,41314,10
12.84432983,80.24072266,41314,41324,10
12.84300995,80.24066925,41324,41335,11
12.84173012,80.24063873,41335,41345,10
12.84144974,80.24060822,41345,41355,10
12.84088039,80.2405777,41355,41365,10
12.84002972,80.24053192,41365,41375,10
12.83934021,80.24046326,41375,41385,10
12.83856964,80.24046326,41385,41395,10
12.83761024,80.24040985,41395,41405,10
12.83656979,80.24038696,41405,41415,10
12.83555031,80.24041748,41415,41425,10
12.83442974,80.240448,41425,41435,10
12.83320999,80.24047852,41435,41445,10
12.83203983,80.24047089,41445,41456,11
12.83082962,80.24040222,41456,41466,10
12.82975006,80.24034882,41466,41476,10
12.82868004,80.24033356,41476,41486,10
12.8280201,80.2403183,41486,41496,10
12.8271904,80.24028778,41496,41506,10
12.82625961,80.24027252,41506,41516,10
12.82522964,80.24021912,41516,41526,10
12.82423019,80.24019623,41526,41536,10
12.82304955,80.24014282,41536,41546,10
12.82186031,80.24015045,41546,41556,10
12.82056999,80.24025726,41556,41567,11
12.81923962,80.24035645,41567,41577,10
12.81820965,80.24049377,41577,41587,10
12.81704998,80.24069977,41587,41597,10
12.81587982,80.24108887,41597,41607,10
12.81521034,80.24137878,41607,41617,10
12.81453037,80.24166107,41617,41627,10
12.81375027,80.24198914,41627,41637,10
12.81293964,80.2423172,41637,41647,10
12.81206036,80.24268341,41647,41657,10
12.81114006,80.24308014,41657,41667,10
12.81015015,80.24339294,41667,41677,10
12.80902004,80.24347687,41677,41688,11
12.80792046,80.24331665,41688,41698,10
12.80749035,80.24320984,41698,41708,10
12.80704021,80.2431488,41708,41718,10
12.80626965,80.24299622,41718,41728,10
12.80535984,80.24284363,41728,41738,10
12.80430031,80.24263763,41738,41748,10
12.80317974,80.24243927,41748,41758,10
12.80200005,80.24223328,41758,41768,10
12.80070972,80.24198914,41768,41778,10
12.79934978,80.24173737,41778,41788,10
12.79794979,80.24149323,41788,41799,11
12.79636955,80.24121094,41799,41809,10
12.79491043,80.24125671,41809,41819,10
12.79345036,80.24165344,41819,41829,10
12.79199028,80.24205017,41829,41839,10
12.7905302,80.24243927,41839,41849,10
12.78915977,80.24289703,41849,41859,10
12.78787041,80.24349976,41859,41869,10
12.78660011,80.24410248,41869,41879,10
12.78561974,80.24456787,41879,41889,10
12.78477955,80.24498749,41889,41898,9
12.78495979,80.24526215,41898,41909,11
12.78499031,80.24526978,41909,41920,11
12.78530025,80.24539948,41920,41930,10
12.78534031,80.24542236,41930,41940,10
12.7857399,80.24559784,41940,41950,10
12.78641033,80.24590302,41950,41960,10
12.78719044,80.24633026,41960,41970,10
12.78701019,80.24729919,41970,41980,10
12.78676987,80.24835968,41980,41990,10
12.78670025,80.24974823,41990,42010,20
12.78670025,80.24974823,42010,42019,9
12.78668022,80.24990845,42019,42031,12
12.78660011,80.25007629,42031,42041,10
12.78643036,80.25009155,42041,42061,20
12.78643036,80.25009155,42061,42071,10
12.78617001,80.25005341,42071,42081,10
12.7856102,80.24997711,42081,42091,10
12.78483009,80.2498703,42091,42101,10
12.78398037,80.24977112,42101,42111,10
12.78341007,80.24968719,42111,42121,10
12.78291035,80.2496109,42121,42131,10
12.78223038,80.2494278,42131,42142,11
12.78133965,80.2490921,42142,42152,10
12.78028011,80.24880981,42152,42162,10
12.77912998,80.24861908,42162,42172,10
12.77820969,80.24846649,42172,42182,10
12.7774601,80.24884796,42182,42192,10
12.77645016,80.24897766,42192,42202,10
12.77525997,80.24897766,42202,42212,10
12.77400017,80.24899292,42212,42222,10
12.77272987,80.24891663,42222,42232,10
12.77141953,80.24849701,42232,42242,10
12.77003956,80.24800873,42242,42252,10
12.76865959,80.24752045,42252,42263,11
12.76712036,80.2469635,42263,42273,10
12.76568985,80.24645996,42273,42283,10
12.76436996,80.24598694,42283,42293,10
12.76280022,80.24545288,42293,42313,20
12.76280022,80.24545288,42313,42323,10
12.76268005,80.24539948,42323,42333,10
12.76222038,80.24521637,42333,42343,10
12.76146984,80.24494934,42343,42353,10
12.76051998,80.24461365,42353,42363,10
12.75934982,80.2441864,42363,42374,11
12.75798988,80.24369812,42374,42384,10
12.75671005,80.24324036,42384,42394,10
12.75537968,80.2427597,42394,42404,10
12.7540102,80.24227142,42404,42414,10
12.75263023,80.24176025,42414,42424,10
12.75119972,80.24124908,42424,42434,10
12.74977016,80.2407074,42434,42444,10
12.74841022,80.24021149,42444,42454,10
12.74705982,80.2396698,42454,42464,10
12.74567032,80.23916626,42464,42474,10
12.74452019,80.23873138,42474,42484,10
12.74380016,80.23845673,42484,42495,11
12.74370003,80.23840332,42495,42505,10
12.74328041,80.2382431,42505,42515,10
12.74258041,80.23799896,42515,42525,10
12.74170017,80.2376709,42525,42535,10
12.74063969,80.23721313,42535,42545,10
12.73946953,80.23667145,42545,42555,10
12.73822021,80.23609924,42555,42565,10
12.73696041,80.2355423,42565,42575,10
12.73565006,80.23503876,42575,42585,10
12.73429966,80.23451996,42585,42595,10
12.73289967,80.23397827,42595,42606,11
12.73139954,80.23339844,42606,42616,10
12.73034,80.23300171,42616,42626,10
12.7302599,80.23296356,42626,42636,10
12.72992039,80.23282623,42636,42646,10
12.72929955,80.23256683,42646,42656,10
12.72848988,80.23226166,42656,42666,10
12.72751045,80.23188019,42666,42676,10
12.72636986,80.23142242,42676,42686,10
12.72523022,80.23097229,42686,42696,10
12.72500038,80.23087311,42696,42705,9
12.72469044,80.23072815,42705,42717,12
12.72387028,80.2303772,42717,42727,10
12.72296047,80.23000336,42727,42737,10
12.72185993,80.22955322,42737,42747,10
12.72066975,80.22904968,42747,42757,10
12.71942043,80.22853088,42757,42767,10
12.71835041,80.22810364,42767,42777,10
12.71728039,80.22766113,42777,42787,10
12.71607971,80.227211,42787,42797,10
12.71479988,80.22672272,42797,42807,10
12.71345997,80.22621918,42807,42817,10
12.71208,80.22570801,42817,42827,10
12.71072006,80.22516632,42827,42838,11
12.70921993,80.2245636,42838,42848,10
12.70779991,80.22418213,42848,42858,10
12.70637989,80.22387695,42858,42868,10
12.7051897,80.22371674,42868,42878,10
12.70479012,80.22364807,42878,42888,10
12.70470047,80.22361755,42888,42898,10
12.7041502,80.22344208,42898,42908,10
12.70337963,80.2231369,42908,42918,10
12.70242023,80.2227478,42918,42928,10
12.70129967,80.22229004,42928,42938,10
12.70003033,80.2217865,42938,42949,11
12.69855022,80.22119904,42949,42959,10
12.69717979,80.22064972,42959,42969,10
12.69579029,80.22006989,42969,42979,10
12.69441986,80.21949768,42979,42989,10
12.69312,80.21894073,42989,42999,10
12.69180965,80.21838379,42999,43009,10
12.69056034,80.2178421,43009,43019,10
12.68931007,80.2173233,43019,43029,10
12.68801975,80.21678925,43029,43039,10
12.68669987,80.21623993,43039,43049,10
12.68535995,80.21569061,43049,43059,10
12.68398952,80.21518707,43059,43070,11
12.68243027,80.21469879,43070,43080,10
12.68101978,80.21421814,43080,43090,10
12.67963028,80.21367645,43090,43100,10
12.67817974,80.21311951,43100,43110,10
12.67673969,80.21259308,43110,43120,10
12.67531967,80.21211243,43120,43130,10
12.67385006,80.21172333,43130,43140,10
12.67230988,80.21157074,43140,43150,10
12.67080975,80.21118164,43150,43160,10
12.66940975,80.2105484,43160,43170,10
12.6679697,80.2099762,43170,43181,11
12.66627026,80.2097168,43181,43191,10
12.66471958,80.20954895,43191,43201,10
12.66320038,80.20938873,43201,43211,10
12.66176987,80.20922852,43211,43221,10
12.66047001,80.20902252,43221,43231,10
12.65909004,80.20874786,43231,43241,10
12.65773964,80.20829773,43241,43251,10
12.65649986,80.20773315,43251,43261,10
12.65538979,80.20722198,43261,43271,10
12.65447044,80.20675659,43271,43281,10
12.65396976,80.20655823,43281,43291,10
12.65388966,80.20649719,43291,43302,11
12.65342999,80.20628357,43302,43312,10
12.65275002,80.20607758,43312,43322,10
12.65182018,80.20617676,43322,43332,10
12.65112972,80.20613861,43332,43342,10
12.65091991,80.20604706,43342,43352,10
12.65046024,80.2056427,43352,43362,10
12.65021992,80.20491028,43362,43372,10
12.64970016,80.20417786,43372,43382,10
12.64871979,80.20355988,43382,43392,10
12.64760971,80.20288086,43392,43402,10
12.64643955,80.20217896,43402,43413,11
12.64513969,80.20139313,43413,43423,10
12.64389038,80.200737,43423,43433,10
12.64256954,80.20014191,43433,43443,10
12.64120007,80.19953918,43443,43453,10
12.63978958,80.19892883,43453,43463,10
12.63838005,80.19831085,43463,43473,10
12.63698959,80.19773102,43473,43483,10
12.63564968,80.19718933,43483,43493,10
12.6342802,80.1967926,43493,43503,10
12.63292027,80.19638062,43503,43513,10
12.63152981,80.19592285,43513,43524,11
12.62998009,80.19541168,43524,43534,10
12.62876987,80.19500732,43534,43544,10
12.62804031,80.19477844,43544,43554,10
12.62753963,80.19457245,43554,43564,10
12.62703991,80.19441986,43564,43574,10
12.62629986,80.19429779,43574,43584,10
12.62590027,80.19428253,43584,43594,10
12.62534046,80.19422913,43594,43604,10
12.62452984,80.19415283,43604,43614,10
12.62355042,80.19415283,43614,43624,10
12.6224699,80.19413757,43624,43634,10
12.62172985,80.1944809,43634,43645,11
12.62112999,80.19452667,43645,43665,20
12.62112999,80.19452667,43665,43675,10
12.62077045,80.19451141,43675,43685,10
12.62024975,80.19450378,43685,43695,10
12.61979008,80.19439697,43695,43705,10
12.6196003,80.19436646,43705,43715,10
12.61917019,80.19428253,43715,43725,10
12.61872959,80.1942215,43725,43735,10
12.61812019,80.19412994,43735,43745,10
12.61738014,80.1939621,43745,44320,575
12.61738014,80.1939621,44320,44330,10
12.61781979,80.19406891,44330,44341,11
12.6184597,80.19419098,44341,44351,10
12.61902046,80.19428253,44351,44361,10
12.61952019,80.19436646,44361,44371,10
12.61999989,80.19444275,44371,44381,10
12.62040997,80.19450378,44381,44391,10
12.62061024,80.19454193,44391,44401,10
12.62090015,80.19451141,44401,44411,10
12.62112045,80.19454956,44411,44421,10
12.62117958,80.19454956,44421,44431,10
12.62160015,80.19455719,44431,44441,10
12.62205982,80.19431305,44441,44452,11
12.62279987,80.19415283,44452,44462,10
12.62364006,80.19416046,44462,44472,10
12.62438011,80.19418335,44472,44482,10
12.62535954,80.19423676,44482,44492,10
12.62650967,80.19432831,44492,44502,10
12.62753963,80.19454956,44502,44512,10
12.62784004,80.19465637,44512,44522,10
12.62819004,80.19477844,44522,44532,10
12.6286602,80.1949234,44532,44542,10
12.62940979,80.1951828,44542,44552,10
12.63033962,80.19548035,44552,44563,11
12.63156033,80.19586945,44563,44573,10
12.63276005,80.1962738,44573,44583,10
12.63395977,80.19664764,44583,44593,10
12.63519001,80.19700623,44593,44603,10
12.6365099,80.19744873,44603,44613,10
12.63788986,80.19803619,44613,44623,10
12.63930988,80.19864655,44623,44633,10
12.64070034,80.19924927,44633,44643,10
12.64206028,80.19985199,44643,44653,10
12.6433897,80.20043945,44653,44663,10
12.64472008,80.20108032,44663,44673,10
12.64599991,80.20184326,44673,44684,11
12.64741993,80.20271301,44684,44694,10
12.64855957,80.20339203,44694,44704,10
12.64949036,80.20401001,44704,44714,10
12.65030003,80.20487213,44714,44724,10
12.65075016,80.20594025,44724,44734,10
12.65132999,80.20620728,44734,44744,10
12.65139008,80.20622253,44744,44754,10
12.65184975,80.20620728,44754,44764,10
12.65266991,80.20609283,44764,44774,10
12.65359974,80.20633698,44774,44784,10
12.65410042,80.20657349,44784,44795,11
12.65456009,80.20671844,44795,44805,10
12.65505028,80.20696259,44805,44815,10
12.65526962,80.20707703,44815,44825,10
12.65583992,80.20735931,44825,44835,10
12.65662003,80.2077179,44835,44845,10
12.65754986,80.2081604,44845,44855,10
12.65869045,80.20860291,44855,44865,10
12.65985012,80.20887756,44865,44875,10
12.66088963,80.20905304,44875,44885,10
12.66166973,80.20916748,44885,44895,10
12.6617403,80.20918274,44895,44905,10
12.66217041,80.2092514,44905,44916,11
12.66306019,80.20935059,44916,44926,10
12.66415977,80.20947266,44926,44936,10
12.66541958,80.20960236,44936,44946,10
12.66676044,80.20974731,44946,44956,10
12.66810036,80.20996857,44956,44966,10
12.66938019,80.21048737,44966,44976,10
12.67066956,80.21105957,44976,44986,10
12.67205048,80.2115097,44986,44996,10
12.67348003,80.2116394,44996,45006,10
12.67488956,80.21190643,45006,45016,10
12.67625046,80.21235657,45016,45027,11
12.67778969,80.21291351,45027,45037,10
12.67920017,80.21343994,45037,45047,10
12.68056011,80.21395874,45047,45057,10
12.68190002,80.21446228,45057,45067,10
12.68330002,80.21491241,45067,45077,10
12.68469048,80.21537781,45077,45087,10
12.68601036,80.21588898,45087,45097,10
12.68644047,80.21605682,45097,45107,10
12.68673992,80.21617889,45107,45117,10
12.68729973,80.21642303,45117,45127,10
12.68807983,80.21674347,45127,45136,9
12.68889046,80.21707153,45136,45148,12
12.68924999,80.21721649,45148,45158,10
12.68959999,80.21736908,45158,45168,10
12.69023037,80.21762848,45168,45178,10
12.69099998,80.21795654,45178,45188,10
12.69186974,80.21833038,45188,45198,10
12.69293976,80.21878815,45198,45208,10
12.69414043,80.21929932,45208,45218,10
12.69548035,80.21987152,45218,45228,10
12.69688988,80.22045898,45228,45238,10
12.69830036,80.22103119,45238,45248,10
12.69970036,80.22158813,45248,45259,11
12.70123005,80.22219849,45259,45269,10
12.70259953,80.22276306,45269,45279,10
12.70398045,80.22332001,45279,45289,10
12.70538044,80.22368622,45289,45299,10
12.70610046,80.22377777,45299,45309,10
12.70619011,80.22380066,45309,45319,10
12.70660973,80.22386932,45319,45329,10
12.70730972,80.22400665,45329,45339,10
12.70820999,80.22424316,45339,45349,10
12.70932007,80.22454071,45349,45359,10
12.71051979,80.22502899,45359,45369,10
12.71177959,80.22556305,45369,45380,11
12.7132597,80.22609711,45380,45390,10
12.71463013,80.22660065,45390,45400,10
12.7159996,80.22711182,45400,45410,10
12.71737957,80.22762299,45410,45420,10
12.71850967,80.22807312,45420,45430,10
12.71858025,80.22810364,45430,45440,10
12.71868038,80.22814941,45440,45450,10
12.71918964,80.22837067,45450,45460,10
12.71998978,80.22869873,45460,45470,10
12.72099972,80.22911835,45470,45480,10
12.72218037,80.22960663,45480,45491,11
12.72356033,80.23018646,45491,45501,10
12.72486973,80.23074341,45501,45511,10
12.72618008,80.23129272,45511,45521,10
12.72752953,80.23182678,45521,45531,10
12.72891045,80.23236084,45531,45541,10
12.73023987,80.23287964,45541,45551,10
12.73071003,80.23307037,45551,45561,10
12.73104,80.23320007,45561,45571,10
12.73171043,80.23345947,45571,45581,10
12.73264027,80.23383331,45581,45590,9
12.73369026,80.23423767,45590,45602,12
12.73521042,80.2348175,45602,45612,10
12.73651981,80.2353363,45612,45622,10
12.73785973,80.23587799,45622,45632,10
12.73923016,80.2365036,45632,45642,10
12.74059963,80.23713684,45642,45652,10
12.7419796,80.23771667,45652,45662,10
12.74392986,80.23844147,45662,45712,50
12.74392986,80.23844147,45712,45723,11
12.74421978,80.23853302,45723,45733,10
12.74479961,80.23876953,45733,45743,10
12.74561024,80.23908234,45743,45753,10
12.74660015,80.23947144,45753,45763,10
12.74771976,80.23989868,45763,45773,10
12.74892044,80.24034882,45773,45783,10
12.75026035,80.24085236,45783,45793,10
12.75164032,80.24136353,45793,45803,10
12.75300026,80.24185944,45803,45813,10
12.75438976,80.24237061,45813,45823,10
12.75578022,80.24288177,45823,45834,11
12.75730038,80.24343872,45834,45844,10
12.75868988,80.24394226,45844,45854,10
12.76008987,80.24443817,45854,45864,10
12.76146984,80.24494171,45864,45874,10
12.76321983,80.24552917,45874,45894,20
12.76321983,80.24552917,45894,45904,10
12.7635498,80.2456665,45904,45914,10
12.76420021,80.24588776,45914,45924,10
12.76502037,80.24619293,45924,45934,10
12.76603985,80.24655151,45934,45945,11
12.76735973,80.24700928,45945,45955,10
12.76858997,80.24745941,45955,45965,10
12.76980972,80.24788666,45965,45975,10
12.77103996,80.24832916,45975,45985,10
12.77235031,80.2487793,45985,45995,10
12.77377987,80.24897003,45995,46005,10
12.77530003,80.2489624,46005,46015,10
12.77682018,80.24893188,46015,46025,10
12.77805996,80.2485199,46025,46035,10
12.77865028,80.2484436,46035,46055,20
12.77865028,80.2484436,46055,46066,11
12.77875042,80.24849701,46066,46076,10
12.77904034,80.24858093,46076,46086,10
12.77954006,80.24865723,46086,46096,10
12.78028011,80.24880219,46096,46106,10
12.78112984,80.24899292,46106,46116,10
12.78195,80.24929047,46116,46126,10
12.78258991,80.24949646,46126,46136,10
12.7833004,80.24963379,46136,46146,10
12.78382015,80.24971771,46146,46156,10
12.78407001,80.24976349,46156,46166,10
12.78456974,80.24980927,46166,46177,11
12.78538036,80.24992371,46177,46187,10
12.78619957,80.25002289,46187,46197,10
12.78662968,80.24993896,46197,46207,10
12.78668022,80.24945831,46207,46217,10
12.78670025,80.24907684,46217,46237,20
12.78670025,80.24907684,46237,46247,10
12.78670979,80.24890137,46247,46257,10
12.78674984,80.24833679,46257,46267,10
12.78691959,80.24742126,46267,46277,10
12.78717995,80.24642944,46277,46288,11
12.78645039,80.24590302,46288,46298,10
12.78553963,80.24549103,46298,46308,10
12.78485966,80.24516296,46308,46318,10
12.78476048,80.24504089,46318,46328,10
12.78483963,80.24491119,46328,46338,10
12.78522968,80.24472809,46338,46348,10
12.78581047,80.24445343,46348,46358,10
12.78651047,80.24411011,46358,46368,10
12.78740025,80.24369049,46368,46378,10
12.78841019,80.24320221,46378,46388,10
12.78952026,80.2427063,46388,46398,10
12.79076958,80.24234009,46398,46409,11
12.79222012,80.24195099,46409,46419,10
12.79360008,80.24157715,46419,46429,10
12.79498959,80.24120331,46429,46439,10
12.7964201,80.24114227,46439,46449,10
12.79786015,80.24140167,46449,46459,10
12.79932022,80.2416687,46459,46469,10
12.8007803,80.24194336,46469,46479,10
12.80224037,80.24221039,46479,46489,10
12.8035202,80.2424469,46489,46499,10
12.80453014,80.24263763,46499,46508,9
12.80556011,80.24282837,46508,46520,12
12.8070097,80.24310303,46520,46530,10
12.80819988,80.24330902,46530,46540,10
12.80941963,80.24343109,46540,46550,10
12.8106699,80.24321747,46550,46560,10
12.81194019,80.24272156,46560,46570,10
12.81324005,80.24217224,46570,46580,10
12.81459999,80.24160767,46580,46590,10
12.81587982,80.24107361,46590,46600,10
12.81715012,80.24062347,46600,46610,10
12.81849957,80.24043274,46610,46620,10
12.81952953,80.24030304,46620,46631,11
12.81964016,80.24028015,46631,46641,10
12.8199501,80.24028015,46641,46651,10
12.82056046,80.24022675,46651,46661,10
12.82137012,80.24015808,46661,46671,10
12.82231045,80.24008179,46671,46681,10
12.8234396,80.2401123,46681,46691,10
12.8246603,80.24018097,46691,46701,10
12.82577991,80.24019623,46701,46711,10
12.82695007,80.240242,46711,46721,10
12.82756996,80.240242,46721,46731,10
12.82769966,80.24025726,46731,46740,9
12.82800007,80.24028015,46740,46752,12
12.82855988,80.24028015,46752,46762,10
12.82931995,80.24028778,46762,46772,10
12.83024025,80.24034119,46772,46782,10
12.83088017,80.2403717,46782,46792,10
12.83143044,80.2403717,46792,46802,10
12.83178043,80.24038696,46802,46812,10
12.83187962,80.24040985,46812,46822,10
12.8322897,80.24044037,46822,46832,10
12.83298016,80.240448,46832,46842,10
12.83378983,80.24043274,46842,46852,10
12.83477974,80.24040222,46852,46863,11
12.83605003,80.24035645,46863,46873,10
12.83732033,80.2403717,46873,46883,10
12.83866024,80.24044037,46883,46893,10
12.8392601,80.24047852,46893,46903,10
12.83975029,80.24047852,46903,46913,10
12.8405304,80.24050903,46913,46923,10
12.84142017,80.24056244,46923,46933,10
12.84243965,80.24060822,46933,46943,10
12.84362984,80.24063873,46943,46953,10
12.84484959,80.24069214,46953,46964,11
12.84607983,80.24073792,46964,46974,10
12.84724045,80.24079895,46974,46984,10
12.8478899,80.24082947,46984,46994,10
12.84864998,80.24091339,46994,47004,10
12.84955025,80.2410202,47004,47014,10
12.85046005,80.24112701,47014,47024,10
12.85093975,80.24117279,47024,47034,10
12.85194016,80.2412796,47034,47054,20
12.85194016,80.2412796,47054,47064,10
12.8520298,80.24130249,47064,47074,10
12.85245991,80.24134827,47074,47085,11
12.85326958,80.24146271,47085,47095,10
12.85422039,80.24150085,47095,47105,10
12.85536003,80.24156189,47105,47115,10
12.85657978,80.24166107,47115,47125,10
12.85783005,80.24176025,47125,47135,10
12.8591404,80.24182129,47135,47145,10
12.85995007,80.24185944,47145,47155,10
12.86073017,80.24182892,47155,47165,10
12.8614397,80.24179077,47165,47175,10
12.8617897,80.24182892,47175,47185,10
12.86236954,80.24195862,47185,47195,10
12.86318016,80.24211121,47195,47206,11
12.86419964,80.24224854,47206,47216,10
12.86487007,80.24236298,47216,47226,10
12.86559963,80.24252319,47226,47236,10
12.86645985,80.24278259,47236,47246,10
12.86746025,80.2431488,47246,47256,10
12.86843014,80.24346161,47256,47266,10
12.86944962,80.24347687,47266,47276,10
12.87040043,80.2432785,47276,47286,10
12.87096024,80.24324799,47286,47296,10
12.87129021,80.24323273,47296,47306,10
12.87176991,80.24317169,47306,47317,11
12.8725996,80.24314117,47317,47327,10
12.87357998,80.24320221,47327,47337,10
12.87471962,80.24330902,47337,47347,10
12.87588978,80.24346161,47347,47357,10
12.8767004,80.24359894,47357,47367,10
12.87693024,80.24359894,47367,47377,10
12.87716007,80.24365997,47377,47387,10
12.87767982,80.24373627,47387,47397,10
12.8778801,80.24378204,47397,47407,10
12.87814045,80.24384308,47407,47417,10
12.87868977,80.24401093,47417,47428,11
12.87954998,80.24437714,47428,47438,10
12.88053989,80.24466705,47438,47448,10
12.88166046,80.24488068,47448,47458,10
12.88208008,80.24495697,47458,47468,10
12.88234043,80.24498749,47468,47478,10
12.88286972,80.24508667,47478,47488,10
12.88366032,80.24523926,47488,47498,10
12.88461018,80.2454071,47498,47508,10
12.88562965,80.24562073,47508,47518,10
12.8867197,80.24571228,47518,47528,10
12.88772011,80.24545288,47528,47549,21
12.88772011,80.24545288,47549,47559,10
12.88782024,80.24543762,47559,47569,10
12.88823986,80.24536133,47569,47579,10
12.88893986,80.24533081,47579,47589,10
12.88982964,80.24546814,47589,47599,10
12.89087963,80.2457428,47599,47609,10
12.89186954,80.24597168,47609,47619,10
12.8928299,80.24623871,47619,47629,10
12.89391041,80.24656677,47629,47639,10
12.89511013,80.24688721,47639,47649,10
12.89640045,80.24716187,47649,47660,11
12.89752007,80.24736786,47660,47670,10
12.8980999,80.24745178,47670,47680,10
12.89824963,80.24748993,47680,47690,10
12.89838028,80.24754333,47690,47700,10
12.89875031,80.24767303,47700,47710,10
12.89939022,80.24791718,47710,47720,10
12.90025043,80.24825287,47720,47730,10
12.90126991,80.24858856,47730,47740,10
12.90248966,80.24877167,47740,47750,10
12.90377998,80.24891663,47750,47760,10
12.9048996,80.2490387,47760,47771,11
12.90614986,80.24931335,47771,47781,10
12.90740013,80.2496109,47781,47791,10
12.90867996,80.24983978,47791,47801,10
12.90960026,80.24994659,47801,47811,10
12.9105196,80.25002289,47811,47821,10
12.91160011,80.25006866,47821,47831,10
12.91277027,80.2501297,47831,47841,10
12.91399002,80.25022888,47841,47851,10
12.91526985,80.25035858,47851,47861,10
12.91660976,80.25047302,47861,47871,10
12.91763973,80.2505722,47871,47881,10
12.91851997,80.25071716,47881,47892,11
12.91952038,80.25099182,47892,47902,10
12.9205904,80.251297,47902,47922,20
12.9205904,80.251297,47922,47932,10
12.92080021,80.25128937,47932,47942,10
12.92136955,80.2511673,47942,47952,10
12.92218971,80.25100708,47952,47962,10
12.92323017,80.2510376,47962,47972,10
12.92432976,80.25112152,47972,47982,10
12.92547035,80.25113678,47982,47992,10
12.92669964,80.2512207,47992,48003,11
12.92813015,80.25141144,48003,48013,10
12.92930031,80.2514801,48013,48023,10
12.92949009,80.25151062,48023,48033,10
12.92953014,80.25154114,48033,48043,10
12.92988968,80.2516098,48043,48053,10
12.93052006,80.25167847,48053,48063,10
12.93132019,80.25177765,48063,48073,10
12.93227959,80.25189209,48073,48083,10
12.93328953,80.2519989,48083,48093,10
12.93437958,80.2521286,48093,48103,10
12.93562984,80.25228119,48103,48114,11
12.93694973,80.25243378,48114,48124,10
12.93846035,80.25263214,48124,48144,20
12.93846035,80.25263214,48144,48154,10
12.93881035,80.25270844,48154,48164,10
12.93943977,80.25276947,48164,48174,10
12.94029999,80.25286102,48174,48184,10
12.94130039,80.2530899,48184,48194,10
12.94244957,80.25327301,48194,48204,10
12.94338036,80.25341797,48204,48214,10
12.94410038,80.25357819,48214,48223,9
12.94486046,80.25369263,48223,48235,12
12.94594002,80.25382996,48235,48245,10
12.94694996,80.25402069,48245,48255,10
12.94756985,80.25418854,48255,48265,10
12.94808006,80.25434113,48265,48275,10
12.94882011,80.25453949,48275,48285,10
12.94927979,80.25466156,48285,48295,10
12.9496603,80.25476074,48295,48305,10
12.94968033,80.25476074,48305,48315,10
12.9499197,80.25482178,48315,48325,10
12.95040989,80.25492859,48325,48335,10
12.95118999,80.25501251,48335,48346,11
12.95226002,80.25505829,48346,48356,10
12.95339012,80.25509644,48356,48366,10
12.95440006,80.25508118,48366,48376,10
12.95458031,80.25508881,48376,48386,10
12.95477962,80.25511169,48386,48396,10
12.95526981,80.25512695,48396,48406,10
12.95602036,80.25515747,48406,48416,10
12.95695019,80.25524139,48416,48426,10
12.9579401,80.25540161,48426,48436,10
12.95895958,80.25562286,48436,48446,10
12.96000004,80.25585175,48446,48457,11
12.9612999,80.25611115,48457,48487,30
12.9612999,80.25611115,48487,48497,10
12.96140003,80.25611877,48497,48507,10
12.9615202,80.25614166,48507,48517,10
12.96183968,80.25624084,48517,48527,10
12.96245003,80.25636292,48527,48537,10
12.96325016,80.25643158,48537,48547,10
12.96409035,80.25650787,48547,48557,10
12.96498013,80.25662231,48557,48567,10
12.96582031,80.25675964,48567,48578,11
12.96638012,80.25686646,48578,48588,10
12.96712971,80.25700378,48588,48598,10
12.96798038,80.25720978,48598,48608,10
12.96877956,80.25743103,48608,48618,10
12.96963024,80.25765228,48618,48638,20
12.96963024,80.25765228,48638,48648,10
12.96994972,80.25778198,48648,48658,10
12.97049999,80.25798798,48658,48668,10
12.97122955,80.25811768,48668,48678,10
12.97212982,80.25807953,48678,48688,10
12.97315979,80.25818634,48688,48699,11
12.97387981,80.25830841,48699,48709,10
12.97389984,80.25832367,48709,48719,10
12.97395992,80.25833893,48719,48729,10
12.97436047,80.25843811,48729,48739,10
12.97498035,80.25862122,48739,48749,10
12.97546959,80.25875854,48749,48759,10
12.97609997,80.25892639,48759,48769,10
12.97679043,80.25907135,48769,48789,20
12.97679043,80.25907135,48789,48799,10
12.97694016,80.25907135,48799,48810,11
12.97731972,80.25910187,48810,48820,10
12.97787952,80.25908661,48820,48830,10
12.97861958,80.25907135,48830,48840,10
12.97947979,80.25913239,48840,48850,10
12.98036003,80.25926208,48850,48860,10
12.98130035,80.25930023,48860,48870,10
12.98223972,80.25933075,48870,48880,10
12.98268032,80.2593689,48880,48890,10
12.98289013,80.2593689,48890,48900,10
12.98346996,80.25940704,48900,48910,10
12.98390961,80.25942993,48910,48921,11
12.98394966,80.25907135,48921,48931,10
12.98402977,80.25836182,48931,48941,10
12.98421001,80.25787354,48941,48951,10
12.98474979,80.25778961,48951,48961,10
12.98554993,80.25784302,48961,48971,10
12.98684025,80.25798798,48971,49011,40
12.98684025,80.25798798,49011,49021,10
12.98709011,80.25804138,49021,49032,11
12.98738003,80.2576828,49032,49042,10
12.98742962,80.25701141,49042,49052,10
12.98746014,80.25688934,49052,49062,10
12.98752022,80.25668335,49062,49072,10
12.98754025,80.25627899,49072,49082,10
12.98756981,80.25598145,49082,49092,10
12.98773003,80.2557373,49092,49102,10
12.98797989,80.25578308,49102,49112,10
12.98814011,80.25582123,49112,49122,10
12.98820972,80.25582123,49122,49132,10
12.98841953,80.25583649,49132,49142,10
12.98845005,80.25585175,49142,49153,11
12.98867989,80.25591278,49153,49163,10
12.98904991,80.25592041,49163,49173,10
12.98960018,80.25598145,49173,49183,10
12.9902401,80.25598145,49183,49193,10
12.99077988,80.25598145,49193,49203,10
12.99139977,80.25598145,49203,49213,10
12.99219036,80.25598145,49213,49223,10
12.99341965,80.25591278,49223,49264,41
12.99341965,80.25591278,49264,49274,10
12.99367046,80.25592804,49274,49284,10
12.99392033,80.25592041,49284,49294,10
12.99419022,80.25592041,49294,49304,10
12.99464989,80.255867,49304,49314,10
12.9950304,80.25583649,49314,49324,10
12.99540043,80.25579834,49324,49395,71
12.99540043,80.25579834,49395,49405,10
12.99577999,80.25583649,49405,49415,10
12.9960804,80.25579071,49415,49425,10
12.99645042,80.25576782,49425,49465,40
12.99645042,80.25576782,49465,49475,10
12.99664021,80.25575256,49475,49485,10
12.99701023,80.25576019,49485,49496,11
12.99761963,80.2558136,49496,49506,10
12.99853039,80.25596619,49506,49536,30
12.99853039,80.25596619,49536,49546,10
12.99866962,80.25605011,49546,49556,10
12.9988203,80.25605011,49556,49566,10
12.99884987,80.25605011,49566,49576,10
12.99917984,80.25608826,49576,49586,10
12.99960041,80.25615692,49586,49596,10
12.99993992,80.25623322,49596,49606,10
13.00030994,80.25630188,49606,49617,11
13.00037003,80.25630188,49617,49627,10
13.00065994,80.25637817,49627,49637,10
13.00104046,80.2564621,49637,49647,10
13.00133038,80.25650024,49647,49657,10
13.0017004,80.2565918,49657,49667,10
13.00214005,80.25663757,49667,49677,10
13.00242043,80.25668335,49677,49687,10
13.00298977,80.25678253,49687,49697,10
13.00345993,80.25688171,49697,49707,10
13.00360012,80.25689697,49707,49717,10
13.00376034,80.25695038,49717,49728,11
13.00430012,80.25707245,49728,49738,10
13.00506973,80.25720978,49738,49748,10
13.00572014,80.25733185,49748,49758,10
13.00636959,80.2574234,49758,49768,10
13.00646019,80.25705719,49768,49778,10
13.00642967,80.25631714,49778,49788,10
13.0064497,80.25565338,49788,49798,10
13.00648022,80.25541687,49798,49808,10
13.00648975,80.25502014,49808,49818,10
13.00648975,80.25447845,49818,49828,10
13.00648022,80.25411987,49828,49839,11
13.00648022,80.25376892,49839,49849,10
13.00648022,80.25353241,49849,49859,10
13.00648022,80.25341797,49859,49869,10
13.00650024,80.25327301,49869,49889,20
13.00650024,80.25327301,49889,49899,10
13.00648022,80.25321198,49899,49909,10
13.00648022,80.25311279,49909,49919,10
13.00648975,80.25285339,49919,49929,10
13.00650978,80.25260162,49929,49939,10
13.00666046,80.25257111,49939,49950,11
13.00667,80.25269318,49950,49960,10
13.00664997,80.25279999,49960,49970,10
13.00662994,80.25325012,49970,50040,70
13.0065403,80.25340271,50040,50898,858
13.00656033,80.25350952,50898,51745,847
13.00656033,80.25350952,51745,51755,10
13.00667,80.25370789,51755,51765,10
13.00666046,80.25395203,51765,51775,10
13.00666046,80.25424194,51775,51785,10
13.00662994,80.25453949,51785,51795,10
13.00662994,80.25489044,51795,51805,10
13.00662994,80.25508881,51805,51816,11
13.00662994,80.25576782,51816,51826,10
13.00662994,80.2564621,51826,51836,10
13.00664043,80.2569809,51836,51846,10
13.00666046,80.25740051,51846,51856,10
13.00621986,80.25749207,51856,51866,10
13.00572968,80.25731659,51866,51876,10
13.00520992,80.25721741,51876,51886,10
13.00457001,80.25708771,51886,51896,10
13.00405025,80.25700378,51896,51916,20
13.00405025,80.25700378,51916,51927,11
13.00386047,80.25700378,51927,51937,10
13.00362015,80.25694275,51937,51947,10
13.0034399,80.25686646,51947,51957,10
13.00323963,80.25682068,51957,51967,10
13.00304985,80.25676727,51967,51977,10
13.00259018,80.25668335,51977,52048,71
13.00259018,80.25668335,52048,52058,10
13.00234985,80.25662994,52058,52068,10
13.00203037,80.2565918,52068,52078,10
13.00067997,80.25643158,52078,52088,10
13.00067997,80.25643158,52088,52098,10
13.0001297,80.2563324,52098,52118,20
13.0001297,80.2563324,52118,52128,10
12.99979973,80.25624847,52128,52138,10
12.99954033,80.2562027,52138,52147,9
12.99934959,80.25617218,52147,52159,12
12.99901962,80.25611115,52159,52169,10
12.99862957,80.25605774,52169,52219,50
12.99862957,80.25605774,52219,52229,10
12.99831009,80.25598907,52229,52239,10
12.99798012,80.25595093,52239,52249,10
12.99750042,80.25592804,52249,52259,10
12.99709988,80.2559433,52259,52268,9
12.99682999,80.25595093,52268,52280,12
12.99625969,80.25592041,52280,52290,10
12.99594975,80.25588226,52290,52300,10
12.99565029,80.255867,52300,52310,10
12.99524021,80.255867,52310,52320,10
12.99473953,80.255867,52320,52330,10
12.99419022,80.2559433,52330,52340,10
12.99351978,80.25598907,52340,52350,10
12.9927702,80.25604248,52350,52360,10
12.99209023,80.25604248,52360,52370,10
12.99143982,80.25601959,52370,52380,10
12.99087048,80.25601959,52380,52391,11
12.99028969,80.2559967,52391,52401,10
12.98976994,80.25598907,52401,52411,10
12.98925972,80.25592804,52411,52421,10
12.98869038,80.25589752,52421,52522,101
12.98869038,80.25589752,52522,52532,10
12.9885397,80.25585175,52532,52542,10
12.98838043,80.25585175,52542,52552,10
12.98808002,80.25582123,52552,52562,10
12.98785973,80.2558136,52562,52572,10
12.98764038,80.25601959,52572,52582,10
12.98760033,80.25650024,52582,52592,10
12.98756981,80.25700378,52592,52602,10
12.98752975,80.25759125,52602,52612,10
12.9874897,80.25817108,52612,52623,11
12.98742962,80.25872803,52623,52633,10
12.98736,80.25920105,52633,52643,10
12.98725986,80.25962067,52643,52653,10
12.98694992,80.259758,52653,52663,10
12.9865799,80.259758,52663,52673,10
12.98616982,80.25971985,52673,52683,10
12.9857502,80.2596817,52683,52693,10
12.98521042,80.25965118,52693,52723,30
12.98521042,80.25965118,52723,52734,11
12.98507977,80.25959778,52734,52744,10
12.98476982,80.25955963,52744,52754,10
12.98425961,80.25950623,52754,52764,10
12.98367977,80.25946045,52764,52774,10
12.98305988,80.2594223,52774,52784,10
12.98254013,80.25939941,52784,52794,10
12.98182011,80.25933075,52794,52804,10
12.98103046,80.25933075,52804,52814,10
12.9804697,80.25930786,52814,52824,10
12.97999001,80.25921631,52824,52834,10
12.97931004,80.2591095,52834,52845,11
12.97854996,80.25906372,52845,52855,10
12.97797966,80.25907135,52855,52865,10
12.97776031,80.25907898,52865,52875,10
12.9772501,80.25911713,52875,52885,10
12.97659969,80.25901031,52885,52895,10
12.97649956,80.25897217,52895,52905,10
12.97614956,80.25891876,52905,52915,10
12.97552013,80.25874329,52915,52925,10
12.97486019,80.25853729,52925,52935,10
12.97430992,80.25837708,52935,52945,10
12.97379971,80.25827789,52945,52955,10
12.97315979,80.25813293,52955,52966,11
12.97227955,80.25801849,52966,52976,10
12.9714098,80.25804138,52976,52986,10
12.97054005,80.25794983,52986,52996,10
12.97002983,80.25778198,52996,53006,10
12.96973991,80.25769043,53006,53016,10
12.96945953,80.25759888,53016,53026,10
12.9691,80.25747681,53026,53036,10
12.96850014,80.25730896,53036,53046,10
12.96774006,80.2571106,53046,53056,10
12.96700001,80.25695801,53056,53066,10
12.96644974,80.25686646,53066,53087,21
12.96644974,80.25686646,53087,53097,10
12.96625042,80.25685883,53097,53107,10
12.96584988,80.25679016,53107,53117,10
12.96522045,80.25666046,53117,53127,10
12.96450996,80.25656128,53127,53137,10
12.96401978,80.25650024,53137,53147,10
12.96364021,80.2564621,53147,53157,10
12.9630003,80.25640869,53157,53167,10
12.96228981,80.2563324,53167,53177,10
12.96183968,80.25624847,53177,53188,11
12.9612999,80.2561264,53188,53198,10
12.96084023,80.25604248,53198,53208,10
12.96076965,80.25601196,53208,53218,10
12.96043015,80.2559433,53218,53228,10
12.95987988,80.2558136,53228,53238,10
12.95950031,80.25570679,53238,53248,10
12.95911026,80.25563812,53248,53258,10
12.95847988,80.25552368,53258,53268,10
12.95765972,80.25536346,53268,53278,10
12.95672035,80.25521088,53278,53288,10
12.95575047,80.25518036,53288,53298,10
12.95477962,80.25518036,53298,53309,11
12.95415974,80.25517273,53309,53319,10
12.9540596,80.25515747,53319,53329,10
12.95363998,80.25517273,53329,53339,10
12.95291996,80.25514984,53339,53349,10
12.95201969,80.25509644,53349,53359,10
12.9510603,80.25505829,53359,53369,10
12.95049,80.25501251,53369,53379,10
12.9503603,80.25498199,53379,53389,10
12.95011997,80.25492096,53389,53399,10
12.95011044,80.25492096,53399,53409,10
12.94995975,80.25489044,53409,53420,11
12.94946957,80.25475311,53420,53430,10
12.94873047,80.25456238,53430,53440,10
12.94785023,80.25430298,53440,53450,10
12.9471302,80.25409698,53450,53460,10
12.94627953,80.25389862,53460,53470,10
12.94524002,80.25376129,53470,53480,10
12.94404984,80.25359344,53480,53490,10
12.94279003,80.25335693,53490,53500,10
12.94145012,80.25314331,53500,53510,10
12.94017982,80.25286102,53510,53520,10
12.93906975,80.25276947,53520,53531,11
12.93863964,80.25273895,53531,53541,10
12.93840027,80.25272369,53541,53551,10
12.93832016,80.25269318,53551,53561,10
12.93789005,80.25257874,53561,53571,10
12.93712044,80.25244904,53571,53581,10
12.93616962,80.25234985,53581,53591,10
12.93502045,80.25222015,53591,53601,10
12.93377018,80.25209045,53601,53611,10
12.93249989,80.25193787,53611,53621,10
12.93109989,80.25177002,53621,53631,10
12.9296999,80.2516098,53631,53641,10
12.92840958,80.25148773,53641,53652,11
12.92743969,80.25138855,53652,53662,10
12.92730045,80.25137329,53662,53672,10
12.92689037,80.25131989,53672,53682,10
12.92617035,80.25122833,53682,53692,10
12.92527008,80.25115967,53692,53702,10
12.92418957,80.25115967,53702,53712,10
12.92298985,80.25106049,53712,53722,10
12.92177963,80.25110626,53722,53732,10
12.92061043,80.25138092,53732,53742,10
12.91954994,80.25108337,53742,53752,10
12.91882992,80.25087738,53752,53763,11
12.91872025,80.25084686,53763,53773,10
12.91825962,80.25074768,53773,53783,10
12.91755009,80.25064087,53783,53793,10
12.91664982,80.25054169,53793,53803,10
12.91553974,80.25045776,53803,53813,10
12.91427994,80.25032806,53813,53823,10
12.91296959,80.25021362,53823,53833,10
12.91160965,80.25012207,53833,53843,10
12.91022015,80.25003815,53843,53853,10
12.90892029,80.24992371,53853,53863,10
12.90754032,80.24967194,53863,53873,10
12.90614986,80.24933624,53873,53884,11
12.90460014,80.24903107,53884,53894,10
12.90318012,80.24887085,53894,53904,10
12.9017601,80.248703,53904,53914,10
12.90046978,80.24835968,53914,53924,10
12.89927006,80.24790192,53924,53934,10
12.8982296,80.24756622,53934,53944,10
12.89768028,80.24745178,53944,53954,10
12.89768028,80.24743652,53954,53964,10
12.89750004,80.24738312,53964,53974,10
12.89719009,80.24732208,53974,53984,10
12.89659977,80.24719238,53984,53995,11
12.89568043,80.24700165,53995,54005,10
12.89463043,80.24677277,54005,54015,10
12.8934803,80.24643707,54015,54025,10
12.89245033,80.24611664,54025,54035,10
12.89161968,80.24591827,54035,54045,10
12.89068031,80.2456665,54045,54055,10
12.88961983,80.24543762,54055,54065,10
12.88844967,80.24533844,54065,54075,10
12.88764954,80.24549103,54075,54085,10
12.88726997,80.24559021,54085,54095,10
12.88693047,80.2456665,54095,54105,10
12.88644981,80.24575043,54105,54116,11
12.88632011,80.24575043,54116,54126,10
12.88586998,80.24568176,54126,54136,10
12.8851099,80.24552917,54136,54146,10
12.88399982,80.24533081,54146,54156,10
12.88274002,80.24507904,54156,54166,10
12.88199043,80.24495697,54166,54176,10
12.88121986,80.24481201,54176,54186,10
12.88033962,80.24465179,54186,54196,10
12.87930012,80.24429321,54196,54206,10
12.87814999,80.24385834,54206,54215,9
12.87701988,80.24362946,54215,54227,12
12.87559986,80.24343109,54227,54237,10
12.8743,80.24327087,54237,54247,10
12.87296009,80.24315643,54247,54257,10
12.87182045,80.24317932,54257,54267,10
12.87127018,80.24323273,54267,54277,10
12.87069988,80.24327087,54277,54287,10
12.86989975,80.24339294,54287,54297,10
12.86894035,80.24359131,54297,54307,10
12.86868954,80.24355316,54307,54317,10
12.86826038,80.24344635,54317,54327,10
12.86760044,80.24324036,54327,54338,11
12.8666296,80.24288177,54338,54348,10
12.86569023,80.24260712,54348,54358,10
12.86505985,80.24243927,54358,54368,10
12.86474037,80.24236298,54368,54378,10
12.86404991,80.24224854,54378,54388,10
12.86316013,80.24214172,54388,54398,10
12.86182976,80.24211121,54398,54438,40
12.86163998,80.24211884,54438,54459,21
12.86163998,80.24211884,54459,54469,10
12.8614397,80.24208069,54469,54479,10
12.86087036,80.24198151,54479,54489,10
12.8600502,80.24188995,54489,54499,10
12.8590498,80.24182129,54499,54509,10
12.85785961,80.24176025,54509,54519,10
12.85659027,80.24165344,54519,54529,10
12.85525036,80.24156189,54529,54539,10
12.85396957,80.24146271,54539,54549,10
12.85289001,80.2414093,54549,54559,10
12.85177994,80.2412796,54559,54570,11
12.85060978,80.2411499,54570,54580,10
12.85044956,80.24114227,54580,54590,10
12.85011959,80.24107361,54590,54600,10
12.84943008,80.24101257,54600,54610,10
12.84848976,80.24092102,54610,54620,10
12.84757996,80.24082184,54620,54630,10
12.84667969,80.24076843,54630,54640,10
12.84564018,80.24073792,54640,54650,10
12.84445,80.24069977,54650,54660,10
12.84309959,80.24064636,54660,54670,10
12.84177017,80.24060059,54670,54679,9
12.84051991,80.24053192,54679,54691,12
12.8386898,80.24046326,54691,54701,10
12.83728981,80.24040222,54701,54711,10
12.83596992,80.24040222,54711,54721,10
12.83467007,80.24044037,54721,54731,10
12.83339977,80.24047089,54731,54741,10
12.83236027,80.24046326,54741,54751,10
12.83129978,80.24040985,54751,54761,10
12.83080006,80.24040222,54761,54771,10
12.83018017,80.2403717,54771,54781,10
12.82931042,80.24034119,54781,54791,10
12.82828999,80.24028778,54791,54802,11
12.82732964,80.24028778,54802,54812,10
12.82619953,80.24025726,54812,54822,10
12.82505989,80.24018097,54822,54832,10
12.82409954,80.24017334,54832,54842,10
12.82291031,80.24012756,54842,54852,10
12.82157993,80.24015808,54852,54862,10
12.82019997,80.24025726,54862,54872,10
12.81908035,80.2403717,54872,54882,10
12.81793022,80.24051666,54882,54892,10
12.81671047,80.24076843,54892,54901,9
12.81567955,80.24115753,54901,54913,12
12.81538963,80.2412796,54913,54923,10
12.81507015,80.24144745,54923,54933,10
12.81439972,80.24172974,54933,54943,10
12.81352997,80.24208069,54943,54953,10
12.81249046,80.24252319,54953,54963,10
12.81134033,80.24299622,54963,54973,10
12.81009007,80.2434082,54973,54983,10
12.80873013,80.24344635,54983,54993,10
12.80757046,80.24323273,54993,55003,10
12.80720043,80.24317932,55003,55013,10
12.80652046,80.24304962,55013,55022,9
12.80568981,80.2428894,55022,55034,12
12.80430031,80.24263,55034,55044,10
12.80301952,80.24239349,55044,55054,10
12.80167007,80.24214172,55054,55064,10
12.80025959,80.24186707,55064,55074,10
12.79876995,80.24160004,55074,55084,10
12.79730034,80.24133301,55084,55094,10
12.79584026,80.2410965,55094,55104,10
12.79440022,80.24136353,55104,55114,10
12.79294968,80.24176788,55114,55124,10
12.79150009,80.24217224,55124,55134,10
12.79006004,80.24256134,55134,55145,11
12.78853989,80.24317932,55145,55155,10
12.78715992,80.24384308,55155,55165,10
12.78579998,80.24449158,55165,55175,10
12.78477001,80.24501038,55175,55185,10
12.78499985,80.24526215,55185,55195,10
12.78524971,80.24536896,55195,55205,10
12.78584003,80.24564362,55205,55215,10
12.78662014,80.24597931,55215,55225,10
12.78719044,80.2466507,55225,55235,10
12.78687954,80.24771881,55235,55245,10
12.78670979,80.24971008,55245,55286,41
12.78670979,80.24971008,55286,55296,10
12.78670025,80.24986267,55296,55306,10
12.78668022,80.24997711,55306,55316,10
12.78637981,80.25002289,55316,55326,10
12.78579044,80.24996948,55326,55336,10
12.78491974,80.24984741,55336,55346,10
12.78407001,80.24977875,55346,55356,10
12.78374004,80.24971008,55356,55366,10
12.78312016,80.24960327,55366,55377,11
12.78215981,80.24935913,55377,55387,10
12.78110027,80.24897766,55387,55397,10
12.77982044,80.24871063,55397,55407,10
12.77865028,80.24848938,55407,55417,10
12.77789974,80.24858856,55417,55427,10
12.77702999,80.24891663,55427,55437,10
12.77587032,80.2489624,55437,55447,10
12.77458,80.24897003,55447,55457,10
12.77338028,80.2489624,55457,55467,10
12.77219963,80.24874115,55467,55476,9
12.77110004,80.24835968,55476,55488,12
12.76955032,80.24781036,55488,55498,10
12.76821995,80.24733734,55498,55508,10
12.76683044,80.24684143,55508,55518,10
12.76541996,80.24633789,55518,55528,10
12.76408005,80.24588013,55528,55538,10
12.76313972,80.24555206,55538,55548,10
12.76305962,80.24552155,55548,55558,10
12.76296997,80.24546051,55558,55568,10
12.76251984,80.24530792,55568,55578,10
12.76179028,80.24504852,55578,55588,10
12.7608099,80.24469757,55588,55597,9
12.75975037,80.24433136,55597,55609,12
12.75821972,80.24378204,55609,55619,10
12.75691986,80.24333191,55619,55629,10
12.75603962,80.24301147,55629,55639,10
12.75590992,80.24295807,55639,55649,10
12.75533962,80.24272919,55649,55659,10
12.75446987,80.24240875,55659,55669,10
12.75339031,80.24201202,55669,55679,10
12.75216007,80.24156189,55679,55689,10
12.75082016,80.24107361,55689,55699,10
12.74944019,80.24056244,55699,55709,10
12.74810028,80.24006653,55709,55721,12
12.74645996,80.23944092,55721,55731,10
12.7450304,80.2388916,55731,55741,10
12.74382019,80.23844147,55741,55751,10
12.74359989,80.23834991,55751,55761,10
12.74324989,80.23819733,55761,55771,10
12.74258041,80.23793793,55771,55781,10
12.74170017,80.23760223,55781,55791,10
12.74061966,80.2371521,55791,55801,10
12.73943043,80.23660278,55801,55811,10
12.73816967,80.23600769,55811,55821,10
12.73686028,80.23545837,55821,55830,9
12.73563957,80.23497772,55830,55842,12
12.73396015,80.23432922,55842,55852,10
12.73254013,80.23377991,55852,55862,10
12.7311697,80.23325348,55862,55872,10
12.7302599,80.23291016,55872,55882,10
12.73017979,80.23287201,55882,55892,10
12.72972965,80.2326889,55892,55902,10
12.72900009,80.23239899,55902,55912,10
12.72807026,80.23204041,55912,55922,10
12.72692013,80.2315979,55922,55932,10
12.72566032,80.2310791,55932,55941,9
12.72445965,80.23058319,55941,55953,12
12.72284985,80.22989655,55953,55963,10
12.72175026,80.22943878,55963,55973,10
12.7208004,80.22904205,55973,55983,10
12.71994972,80.22869873,55983,55993,10
12.71870995,80.22820282,55993,56013,20
12.71870995,80.22820282,56013,56023,10
12.71852016,80.22811127,56023,56033,10
12.71796989,80.22786713,56033,56043,10
12.71720982,80.22756958,56043,56052,9
12.71632957,80.22724152,56052,56064,12
12.71490955,80.22672272,56064,56074,10
12.71362019,80.22624207,56074,56084,10
12.71226978,80.2257309,56084,56094,10
12.71090984,80.22519684,56094,56104,10
12.70956039,80.224617,56104,56114,10
12.70814991,80.22421265,56114,56124,10
12.70672035,80.22389221,56124,56134,10
12.70524025,80.22367096,56134,56144,10
12.70372963,80.22325134,56144,56154,10
12.70228958,80.22265625,56154,56164,10
12.70084953,80.22206879,56164,56174,10
12.69939995,80.22149658,56174,56185,11
12.69779968,80.22086334,56185,56195,10
12.69637012,80.22026062,56195,56205,10
12.69493961,80.21967316,56205,56215,10
12.69365978,80.21913147,56215,56225,10
12.69322968,80.21894073,56225,56235,10
12.69262981,80.21868134,56235,56245,10
12.6918602,80.21835327,56245,56255,10
12.69095993,80.21795654,56255,56265,10
12.6898098,80.21748352,56265,56275,10
12.68883038,80.21707916,56275,56285,10
12.6887598,80.21704865,56285,56296,11
12.68838024,80.21688843,56296,56306,10
12.68768978,80.21659851,56306,56316,10
12.6868,80.21623993,56316,56326,10
12.68568039,80.21578217,56326,56336,10
12.68445015,80.21530151,56336,56346,10
12.68313026,80.21485901,56346,56356,10
12.68173981,80.2144165,56356,56366,10
12.68035984,80.21391296,56366,56376,10
12.67891979,80.21336365,56376,56386,10
12.67747021,80.21279144,56386,56396,10
12.6760397,80.2122879,56396,56406,10
12.67461014,80.21183014,56406,56417,11
12.67292976,80.21157837,56417,56427,10
12.67138958,80.21134949,56427,56437,10
12.66993046,80.21073151,56437,56447,10
12.66849041,80.21009827,56447,56457,10
12.66695976,80.20974731,56457,56467,10
12.66537952,80.20957947,56467,56477,10
12.6638298,80.20941925,56477,56487,10
12.66232014,80.20925903,56487,56497,10
12.66088009,80.20903778,56497,56507,10
12.65944004,80.20880127,56507,56517,10
12.65806007,80.20839691,56517,56528,11
12.65657043,80.20773315,56528,56538,10
12.65522957,80.20709229,56538,56548,10
12.65417957,80.20661163,56548,56558,10
12.65394974,80.20649719,56558,56568,10
12.65365982,80.20635223,56568,56578,10
12.65301991,80.20607758,56578,56588,10
12.65209007,80.20612335,56588,56598,10
12.65120029,80.20614624,56598,56608,10
12.65095043,80.2060318,56608,56618,10
12.65046024,80.20561218,56618,56628,10
12.65023041,80.20485687,56628,56638,10
12.64964962,80.20411682,56638,56649,11
12.64863014,80.20346832,56649,56659,10
12.64762974,80.20288849,56659,56679,20
12.64762974,80.20288849,56679,56689,10
12.64735985,80.20272064,56689,56699,10
12.64682961,80.20239258,56699,56709,10
12.64612961,80.20195007,56709,56719,10
12.64527988,80.20140839,56719,56729,10
12.64422035,80.20084381,56729,56739,10
12.64311028,80.20034027,56739,56749,10
12.64202023,80.19985962,56749,56760,11
12.64066982,80.19927216,56760,56770,10
12.63934994,80.19869995,56770,56780,10
12.63799953,80.19811249,56780,56790,10
12.63665962,80.19754028,56790,56800,10
12.63535023,80.19705963,56800,56810,10
12.63401031,80.19667816,56810,56820,10
12.63261986,80.19624329,56820,56830,10
12.63119984,80.19577789,56830,56840,10
12.62975979,80.1953125,56840,56850,10
12.62843037,80.19486237,56850,56859,9
12.62800026,80.19471741,56859,56871,12
12.62775993,80.19461823,56871,56881,10
12.62749004,80.19451141,56881,56891,10
12.62703037,80.19438171,56891,56901,10
12.62639999,80.19428253,56901,56911,10
12.62598038,80.19425964,56911,56921,10
12.6252203,80.19419861,56921,56931,10
12.62425041,80.19413757,56931,56941,10
12.62322998,80.19412994,56941,56951,10
12.62236977,80.19413757,56951,56961,10
12.62205982,80.19429779,56961,56971,10
12.6216898,80.19450378,56971,56982,11
12.62113953,80.19451141,56982,56992,10
12.62106037,80.19450378,56992,57002,10
12.62082005,80.1944809,57002,57012,10
12.62034035,80.19448853,57012,57022,10
12.61970997,80.1943512,57022,57032,10
12.61905956,80.19425201,57032,57042,10
12.61828995,80.19412231,57042,57052,10
12.61736965,80.19387817,57052,58061,1009
12.61736965,80.19387817,58061,58071,10
12.61758041,80.19403076,58071,58081,10
12.61806011,80.19412994,58081,58091,10
12.61867046,80.19425201,58091,58101,10
12.61923027,80.19432068,58101,58111,10
12.6198597,80.19441223,58111,58121,10
12.62030983,80.19451141,58121,58131,10
12.62071991,80.19451904,58131,58142,11
12.62104034,80.19455719,58142,58182,40
12.62104034,80.19455719,58182,58192,10
12.62119007,80.19451904,58192,58202,10
12.62150002,80.19454193,58202,58212,10
12.62193966,80.19435883,58212,58222,10
12.62250042,80.19413757,58222,58232,10
12.6232996,80.19416046,58232,58242,10
12.62415981,80.19419098,58242,58253,11
12.62522984,80.19422913,58253,58263,10
12.62623024,80.19429016,58263,58273,10
12.62703037,80.19438934,58273,58283,10
12.62769032,80.19458008,58283,58293,10
12.62825966,80.1947937,58293,58313,20
12.62825966,80.1947937,58313,58323,10
12.62858963,80.19489288,58323,58333,10
12.62913036,80.19508362,58333,58343,10
12.62985992,80.19532013,58343,58353,10
12.63068962,80.19560242,58353,58362,9
12.63154984,80.19587708,58362,58374,12
12.63286018,80.19629669,58374,58384,10
12.63399029,80.19667053,58384,58394,10
12.63510036,80.19698334,58394,58404,10
12.63626003,80.19735718,58404,58414,10
12.63743973,80.19786072,58414,58424,10
12.63864994,80.19837952,58424,58434,10
12.63984966,80.19889832,58434,58444,10
12.64103985,80.19941711,58444,58454,10
12.64221001,80.19992828,58454,58464,10
12.64340019,80.20046997,58464,58474,10
12.64461994,80.20104218,58474,58485,11
12.6459198,80.20179749,58485,58495,10
12.64715004,80.2025528,58495,58505,10
12.64832973,80.20326233,58505,58515,10
12.6493597,80.20391846,58515,58525,10
12.65023994,80.20469666,58525,58535,10
12.65056038,80.20570374,58535,58545,10
12.65135002,80.20619202,58545,58565,20
12.65135002,80.20619202,58565,58575,10
12.65161991,80.20622253,58575,58585,10
12.65219975,80.20613098,58585,58595,10
12.65299034,80.20607758,58595,58606,11
12.65388012,80.20644379,58606,58616,10
12.65419006,80.20658875,58616,58626,10
12.6546402,80.2067337,58626,58636,10
12.65497971,80.20690918,58636,58646,10
12.65507984,80.20697021,58646,58656,10
12.65550041,80.20719147,58656,58666,10
12.65614986,80.20749664,58666,58676,10
12.65692043,80.20786285,58676,58686,10
12.65781021,80.20825958,58686,58696,10
12.65890026,80.20865631,58696,58706,10
12.66014957,80.2089386,58706,58717,11
12.66147995,80.20913696,58717,58727,10
12.66184998,80.20919037,58727,58737,10
12.66191959,80.20922089,58737,58747,10
12.66236973,80.20928192,58747,58757,10
12.66312981,80.20935822,58757,58767,10
12.66411972,80.2094574,58767,58777,10
12.66530037,80.20957947,58777,58787,10
12.66656971,80.20970917,58787,58797,10
12.66786957,80.20989227,58797,58807,10
12.6691103,80.21034241,58807,58817,10
12.67035007,80.21089935,58817,58827,10
12.67166042,80.21141815,58827,58838,11
12.67317963,80.21161652,58838,58848,10
12.67455959,80.21179962,58848,58858,10
12.67588043,80.21222687,58858,58868,10
12.67724037,80.21269989,58868,58878,10
12.67858982,80.21321869,58878,58888,10
12.67994022,80.21373749,58888,58898,10
12.68122005,80.21424103,58898,58908,10
12.68181038,80.21443939,58908,58918,10
12.68194962,80.21450043,58918,58928,10
12.68247032,80.21466827,58928,58938,10
12.68321991,80.21489716,58938,58949,11
12.68420982,80.21521759,58949,58959,10
12.68525982,80.21560669,58959,58969,10
12.68624973,80.21600342,58969,58979,10
12.68644047,80.21608734,58979,58989,10
12.68659019,80.21614838,58989,58999,10
12.68706036,80.21633911,58999,59009,10
12.68776989,80.21662903,59009,59019,10
12.68918037,80.2171936,59019,59039,20
12.68918037,80.2171936,59039,59049,10
12.68943977,80.21730804,59049,59060,11
12.6900301,80.21755981,59060,59070,10
12.69073963,80.21785736,59070,59080,10
12.6915102,80.2181778,59080,59090,10
12.69242001,80.21858215,59090,59100,10
12.69349957,80.21903992,59100,59110,10
12.69468975,80.21955872,59110,59120,10
12.69602966,80.22012329,59120,59130,10
12.6973896,80.22068024,59130,59140,10
12.69876003,80.22122955,59140,59150,10
12.70011997,80.22177124,59150,59159,9
12.70133972,80.22225952,59159,59171,12
12.70296001,80.22292328,59171,59181,10
12.70433044,80.2234726,59181,59191,10
12.70565033,80.22373962,59191,59201,10
12.70606995,80.22379303,59201,59211,10
12.70641994,80.22384644,59211,59221,10
12.70701981,80.22395325,59221,59231,10
12.70779991,80.22412872,59231,59241,10
12.70878029,80.22438049,59241,59251,10
12.70991993,80.2247467,59251,59260,9
12.71100044,80.22522736,59260,59271,11
12.71242046,80.22579956,59271,59281,10
12.71374989,80.22628784,59281,59292,11
12.71522999,80.22685242,59292,59302,10
12.7165699,80.22734833,59302,59312,10
12.71788979,80.22785187,59312,59322,10
12.71860981,80.22814178,59322,59332,10
12.71862984,80.22815704,59332,59342,10
12.71875,80.22821808,59342,59352,10
12.71920967,80.22840881,59352,59362,10
12.71992016,80.22870636,59362,59372,10
12.72078991,80.22907257,59372,59382,10
12.72183037,80.22949982,59382,59392,10
12.72299004,80.2299881,59392,59403,11
12.72432995,80.23055267,59403,59413,10
12.72554016,80.23105621,59413,59423,10
12.72636032,80.23137665,59423,59433,10
12.72644043,80.23140717,59433,59443,10
12.72684002,80.23158264,59443,59453,10
12.72749043,80.23184204,59453,59463,10
12.72830009,80.23214722,59463,59473,10
12.72926998,80.23252869,59473,59483,10
12.73040009,80.23297882,59483,59493,10
12.73163033,80.23345184,59493,59503,10
12.73295021,80.23397064,59503,59513,10
12.73433018,80.23449707,59513,59524,11
12.73583031,80.23509216,59524,59534,10
12.73719025,80.23561859,59534,59544,10
12.7385397,80.23619843,59544,59554,10
12.7398901,80.23683167,59554,59564,10
12.74123955,80.23744965,59564,59574,10
12.74260044,80.23799133,59574,59584,10
12.74374008,80.23841095,59584,59594,10
12.74398994,80.23848724,59594,59604,10
12.74407959,80.23853302,59604,59614,10
12.74454021,80.23872375,59614,59624,10
12.74526024,80.23899841,59624,59635,11
12.74625015,80.23937988,59635,59645,10
12.7473402,80.2397995,59645,59655,10
12.74849987,80.240242,59655,59665,10
12.7497797,80.2407074,59665,59675,10
12.75115013,80.24121094,59675,59685,10
12.75251961,80.24169922,59685,59695,10
12.75384998,80.2421875,59695,59705,10
12.7551899,80.24268341,59705,59715,10
12.75632954,80.24308777,59715,59725,10
12.75648975,80.24314117,59725,59734,9
12.75664043,80.24320221,59734,59746,12
12.75726032,80.24343109,59746,59756,10
12.7580204,80.24371338,59756,59766,10
12.7589798,80.24404907,59766,59776,10
12.76008987,80.24445343,59776,59786,10
12.76124954,80.24485779,59786,59796,10
12.76243973,80.2452774,59796,59806,10
12.76315022,80.24552155,59806,59826,20
12.76315022,80.24552155,59826,59836,10
12.76321983,80.24555206,59836,59846,10
12.76362991,80.24571228,59846,59857,11
12.76439953,80.24598694,59857,59867,10
12.76527023,80.24629974,59867,59877,10
12.76630974,80.24667358,59877,59887,10
12.7674799,80.24707794,59887,59897,10
12.76867962,80.24751282,59897,59907,10
12.76990986,80.24794006,59907,59917,10
12.77118969,80.24839783,59917,59927,10
12.77250957,80.24884796,59927,59937,10
12.77394962,80.24900818,59937,59947,10
12.77546978,80.24899292,59947,59957,10
12.77694988,80.24897003,59957,59966,9
12.77801991,80.24862671,59966,59978,12
12.77884007,80.24855804,59978,59988,10
12.77892017,80.24858093,59988,59998,10
12.77915001,80.24862671,59998,60008,10
12.77960968,80.248703,60008,60018,10
12.7802496,80.2488327,60018,60028,10
12.78100967,80.24900055,60028,60038,10
12.78188038,80.24926758,60038,60047,9
12.78269958,80.2495575,60047,60058,11
12.78343964,80.24970245,60058,60068,10
12.78396034,80.24978638,60068,60078,10
12.78421974,80.24983978,60078,60089,11
12.7848196,80.24990082,60089,60099,10
12.78555965,80.25,60099,60109,10
12.78635025,80.25009155,60109,60119,10
12.78668976,80.25003052,60119,60129,10
12.78670979,80.24970245,60129,60139,10
12.78672981,80.24906921,60139,60159,20
12.78672981,80.24906921,60159,60169,10
12.7867403,80.24903107,60169,60179,10
12.78676033,80.24855804,60179,60189,10
12.78687,80.24774933,60189,60199,10
12.78715992,80.2467804,60199,60210,11
12.78678036,80.24607086,60210,60220,10
12.78594017,80.24568939,60220,60230,10
12.78509045,80.24530029,60230,60240,10
12.78476048,80.24504852,60240,60250,10
12.78483009,80.24491882,60250,60260,10
12.78524971,80.24475098,60260,60270,10
12.78588963,80.24443817,60270,60280,10
12.78668976,80.2440567,60280,60290,10
12.78769016,80.24359131,60290,60300,10
12.78878021,80.24307251,60300,60310,10
12.78993988,80.2425766,60310,60321,11
12.79127979,80.24223328,60321,60331,10
12.79255009,80.24188995,60331,60341,10
12.79388046,80.24153137,60341,60351,10
12.79522991,80.24117279,60351,60361,10
12.79656982,80.24118805,60361,60371,10
12.79794979,80.24144745,60371,60381,10
12.7993803,80.24172211,60381,60391,10
12.80072975,80.24198914,60391,60401,10
12.80191994,80.2421875,60401,60411,10
12.80294991,80.24239349,60411,60421,10
12.80403996,80.24259186,60421,60432,11
12.80525017,80.24281311,60432,60442,10
12.80626965,80.24298096,60442,60452,10
12.8064003,80.24301147,60452,60462,10
12.80679989,80.24308777,60462,60472,10
12.80745029,80.24324036,60472,60482,10
12.80827999,80.24337006,60482,60492,10
12.80920982,80.24349213,60492,60502,10
12.81027031,80.24339294,60502,60512,10
12.81142044,80.24298096,60512,60522,10
12.81266022,80.24246979,60522,60533,11
12.81408978,80.24185944,60533,60543,10
12.81513977,80.24143982,60543,60553,10
12.81581974,80.2411499,60553,60563,10
12.81665993,80.24080658,60563,60573,10
12.81772995,80.24057007,60573,60583,10
12.81884003,80.240448,60583,60593,10
12.81956005,80.24034882,60593,60603,10
12.81984997,80.2403183,60603,60613,10
12.82034016,80.24030304,60613,60623,10
12.82106972,80.240242,60623,60633,10
12.82192993,80.24017334,60633,60643,10
12.82297039,80.24015808,60643,60652,9
12.82402039,80.24019623,60652,60664,12
12.82514954,80.240242,60664,60674,10
12.82602978,80.24028015,60674,60684,10
12.82699966,80.24031067,60684,60694,10
12.82787037,80.24034882,60694,60704,10
12.82820034,80.24037933,60704,60714,10
12.82874966,80.24034882,60714,60724,10
12.82952976,80.2403717,60724,60734,10
12.83047962,80.24041748,60734,60744,10
12.83094025,80.24046326,60744,60754,10
12.83113956,80.24040985,60754,60764,10
12.83166981,80.24046326,60764,60775,11
12.83257961,80.24050903,60775,60785,10
12.83358955,80.2405014,60785,60795,10
12.8347702,80.24047852,60795,60805,10
12.83598042,80.24044037,60805,60815,10
12.83724022,80.24043274,60815,60825,10
12.83864021,80.24049377,60825,60835,10
12.84002018,80.24056244,60835,60845,10
12.84136009,80.2406311,60845,60855,10
12.84272957,80.24066925,60855,60865,10
12.84416962,80.24072266,60865,60875,10
12.84550953,80.24076843,60875,60886,11
12.8467598,80.24082184,60886,60896,10
12.84757996,80.2408905,60896,60906,10
12.84796047,80.2408905,60906,60916,10
12.84856987,80.24095154,60916,60926,10
12.84939957,80.24105835,60926,60936,10
12.85025978,80.2411499,60936,60946,10
12.85101032,80.24124908,60946,60956,10
12.85157967,80.24131012,60956,60966,10
12.85208035,80.24137115,60966,60976,10
12.85216999,80.24137878,60976,60986,10
12.85264015,80.24143982,60986,60996,10
12.85313034,80.24147797,60996,61007,11
12.85346031,80.241539,61007,61017,10
12.85404015,80.24154663,61017,61027,10
12.85468006,80.24157715,61027,61037,10
12.85552025,80.24163055,61037,61047,10
12.85649967,80.24170685,61047,61057,10
12.85760975,80.24181366,61057,61067,10
12.85886002,80.24188232,61067,61077,10
12.86009979,80.24195099,61077,61087,10
12.8615799,80.24185181,61087,61138,51
12.8615799,80.24185181,61138,61148,10
12.86201,80.24191284,61148,61158,10
12.86268044,80.2420578,61158,61168,10
12.86355019,80.24220276,61168,61178,10
12.86439991,80.24236298,61178,61188,10
12.86505032,80.24246216,61188,61198,10
12.86583996,80.24263763,61198,61208,10
12.86678028,80.24294281,61208,61218,10
12.8677597,80.24330902,61218,61229,11
12.86892033,80.24356842,61229,61239,10
12.86958027,80.24350739,61239,61249,10
12.87024021,80.24337006,61249,61259,10
12.87106991,80.2432785,61259,61269,10
12.87162971,80.24323273,61269,61279,10
12.87236023,80.24318695,61279,61289,10
12.8732996,80.24320984,61289,61299,10
12.87446022,80.24333191,61299,61309,10
12.87574005,80.24349213,61309,61319,10
12.87675953,80.24365234,61319,61329,10
12.87747955,80.24376678,61329,61339,10
12.87798023,80.24385071,61339,61350,11
12.87827015,80.24391937,61350,61360,10
12.87884045,80.24410248,61360,61370,10
12.87967014,80.24445343,61370,61380,10
12.88068962,80.24472809,61380,61390,10
12.88160992,80.24488831,61390,61400,10
12.88249969,80.24506378,61400,61410,10
12.88354015,80.24526215,61410,61420,10
12.88473034,80.2454834,61420,61430,10
12.88589001,80.24569702,61430,61440,10
12.88687038,80.2457428,61440,61451,11
12.88737965,80.24562073,61451,61461,10
12.88772011,80.24552917,61461,61471,10
12.88815022,80.24543762,61471,61481,10
12.88883972,80.24537659,61481,61491,10
12.88974953,80.24549103,61491,61501,10
12.89078999,80.2457428,61501,61511,10
12.89188957,80.24600983,61511,61521,10
12.89274979,80.24623871,61521,61531,10
12.89369011,80.24653625,61531,61541,10
12.8947897,80.24684143,61541,61551,10
12.8960104,80.24712372,61551,61561,10
12.89708996,80.24733734,61561,61572,11
12.89780998,80.24745941,61572,61582,10
12.89844036,80.24758148,61582,61602,20
12.89844036,80.24758148,61602,61612,10
12.89867973,80.24764252,61612,61622,10
12.89923,80.24787903,61622,61632,10
12.9000597,80.24819946,61632,61642,10
12.90106964,80.2485733,61642,61652,10
12.90227032,80.24877167,61652,61662,10
12.90347958,80.24891663,61662,61672,10
12.9044199,80.24902344,61672,61682,10
12.9051199,80.24912262,61682,61693,11
12.90604019,80.24931335,61693,61703,10
12.90705967,80.2495575,61703,61713,10
12.90824986,80.24980164,61713,61723,10
12.90933037,80.24996185,61723,61733,10
12.91032028,80.25003815,61733,61743,10
12.91152,80.2501297,61743,61753,10
12.91277027,80.25021362,61753,61763,10
12.91384983,80.25028229,61763,61773,10
12.91427994,80.25029755,61773,61783,10
12.9144001,80.25031281,61783,61793,10
12.91491032,80.25035858,61793,61804,11
12.91576004,80.25045776,61804,61814,10
12.91668987,80.25054169,61814,61824,10
12.91757965,80.25063324,61824,61834,10
12.91843987,80.25076294,61834,61844,10
12.91938972,80.25099182,61844,61854,10
12.91987038,80.25115967,61854,61864,10
12.92037964,80.25131989,61864,61874,10
12.92047024,80.25137329,61874,61884,10
12.92082024,80.25135803,61884,61894,10
12.92150974,80.25119019,61894,61904,10
12.92245007,80.2510376,61904,61915,11
12.92374992,80.25112915,61915,61925,10
12.9249897,80.25119019,61925,61935,10
12.92628956,80.25125885,61935,61945,10
12.92759991,80.25138092,61945,61955,10
12.92866993,80.25151825,61955,61965,10
12.92947006,80.25157166,61965,61975,10
12.92963982,80.25158691,61975,61984,9
12.92998981,80.25164795,61984,61995,11
12.93074989,80.25174713,61995,62005,10
12.9316597,80.25186157,62005,62015,10
12.93276978,80.25199127,62015,62025,10
12.93395996,80.25213623,62025,62036,11
12.93542004,80.25229645,62036,62046,10
12.93661976,80.25243378,62046,62056,10
12.93758965,80.25256348,62056,62066,10
12.93842983,80.25266266,62066,62076,10
12.93859005,80.25267792,62076,62096,20
12.93859005,80.25267792,62096,62106,10
12.93887997,80.25273895,62106,62116,10
12.93947983,80.25282288,62116,62126,10
12.94032001,80.2529068,62126,62136,10
12.94134998,80.25315094,62136,62147,11
12.94264984,80.2533493,62147,62157,10
12.94367027,80.25353241,62157,62167,10
12.94478989,80.25372314,62167,62177,10
12.94602966,80.25388336,62177,62187,10
12.94715023,80.25409698,62187,62197,10
12.94789028,80.25431061,62197,62207,10
12.94859982,80.2545166,62207,62217,10
12.94898033,80.25462341,62217,62227,10
12.94906998,80.2546463,62227,62237,10
12.94925976,80.25469971,62237,62247,10
12.94939995,80.25473785,62247,62258,11
12.94987011,80.25485229,62258,62268,10
12.95051956,80.25498199,62268,62278,10
12.95108032,80.25504303,62278,62288,10
12.95189953,80.25508881,62288,62298,10
12.95287991,80.25514221,62298,62308,10
12.95384026,80.25514984,62308,62318,10
12.95431042,80.25514221,62318,62328,10
12.95436001,80.25514221,62328,62338,10
12.95466042,80.25517273,62338,62348,10
12.95522022,80.25518799,62348,62358,10
12.95604992,80.25521851,62358,62368,10
12.95693016,80.25527954,62368,62379,11
12.95788956,80.25546265,62379,62389,10
12.95858002,80.25559235,62389,62399,10
12.95944023,80.25576782,62399,62409,10
12.96037006,80.25598145,62409,62419,10
12.96117973,80.25614929,62419,62429,10
12.96148014,80.25621033,62429,62439,10
12.96156025,80.25621796,62439,62449,10
12.96185017,80.25630188,62449,62459,10
12.96247005,80.25641632,62459,62469,10
12.96275043,80.25646973,62469,62479,10
12.96280956,80.25647736,62479,62490,11
12.96331978,80.25650024,62490,62520,30
12.96331978,80.25650024,62520,62530,10
12.9635601,80.25652313,62530,62540,10
12.96385956,80.25655365,62540,62550,10
12.96415997,80.2565918,62550,62560,10
12.96469975,80.25663757,62560,62570,10
12.96545982,80.25675964,62570,62580,10
12.96632957,80.25691223,62580,62590,10
12.96728039,80.25710297,62590,62601,11
12.9681797,80.25730133,62601,62611,10
12.96864033,80.2574234,62611,62621,10
12.9689703,80.25752258,62621,62631,10
12.96920013,80.25758362,62631,62641,10
12.96953964,80.25766754,62641,62651,10
12.96959972,80.25769806,62651,62661,10
12.96996021,80.25785065,62661,62671,10
12.9705801,80.25805664,62671,62680,9
12.9712801,80.25817108,62680,62691,11
12.97231007,80.25811768,62691,62701,10
12.97332954,80.25824738,62701,62711,10
12.97416019,80.25842285,62711,62722,11
12.97486973,80.25861359,62722,62732,10
12.97535992,80.25875854,62732,62742,10
12.97583961,80.25891113,62742,62752,10
12.97649956,80.25906372,62752,62762,10
12.97677994,80.25908661,62762,62772,10
12.97704983,80.25913239,62772,62782,10
12.97749996,80.25914001,62782,62811,29
12.97749996,80.25914001,62811,62822,11
12.97782993,80.2591629,62822,62833,11
12.97848988,80.25914001,62833,62843,10
12.97937965,80.25917053,62843,62853,10
12.98036003,80.25932312,62853,62863,10
12.98118019,80.25936127,62863,62873,10
12.98209953,80.2593689,62873,62933,60
12.9825201,80.25942993,62933,62974,41
12.9825201,80.25942993,62974,62984,10
12.98270988,80.25942993,62984,63004,20
12.98270988,80.25942993,63004,63014,10
12.98293972,80.25939941,63014,63024,10
12.98342037,80.25946045,63024,63034,10
12.98386002,80.25948334,63034,63044,10
12.98394966,80.2592392,63044,63053,9
12.98402977,80.25866699,63053,63065,12
12.98416042,80.25785828,63065,63075,10
12.98474979,80.25782013,63075,63085,10
12.98560047,80.25791168,63085,63095,10
12.98672009,80.25804138,63095,63135,40
12.98672009,80.25804138,63135,63145,10
12.98703003,80.25804901,63145,63155,10
12.98736954,80.25772095,63155,63166,11
12.98746967,80.25682068,63166,63176,10
12.98752975,80.25588989,63176,63387,211
12.98752975,80.25588989,63387,63397,10
12.98760986,80.25578308,63397,63408,11
12.98812962,80.25579071,63408,63418,10
12.98863983,80.255867,63418,63428,10
12.98894024,80.25589752,63428,63438,10
12.98910046,80.2559433,63438,63448,10
12.98966026,80.2559967,63448,63458,10
12.99040985,80.25598145,63458,63468,10
12.99063969,80.25598145,63468,63478,10
12.99106026,80.25602722,63478,63488,10
12.99182034,80.25602722,63488,63498,10
12.99271965,80.25601196,63498,63559,61
12.99271965,80.25601196,63559,63569,10
12.99289989,80.25605774,63569,63579,10
12.99306965,80.25602722,63579,63589,10
12.99318027,80.25601196,63589,63599,10
12.99341965,80.25598145,63599,63609,10
12.99363041,80.25595856,63609,63619,10
12.99384022,80.25596619,63619,63628,9
12.99405003,80.25595856,63628,63640,12
12.99442005,80.25592804,63640,63650,10
12.99516964,80.25585938,63650,63730,80
12.99516964,80.25585938,63730,63740,10
12.99547005,80.25588226,63740,63751,11
12.9958601,80.255867,63751,63761,10
12.99641037,80.25585938,63761,63771,10
12.9971199,80.25585175,63771,63791,20
12.9971199,80.25585175,63791,63801,10
12.99738026,80.25585938,63801,63811,10
12.99761009,80.25588989,63811,63821,10
12.99808025,80.25592804,63821,63830,9
12.99880028,80.25604248,63830,63851,21
12.9989996,80.25611115,63851,63882,31
12.9989996,80.25611115,63882,63892,10
12.99915981,80.25611115,63892,63902,10
12.99960041,80.25618744,63902,63912,10
13.00020981,80.25630951,63912,63922,10
13.00072956,80.25640106,63922,63932,10
13.00098991,80.25643921,63932,64043,111
13.00098991,80.25643921,64043,64053,10
13.00115967,80.25650024,64053,64063,10
13.00142002,80.25655365,64063,64073,10
13.00168037,80.25659943,64073,64084,11
13.00195026,80.25662994,64084,64094,10
13.00244045,80.25670624,64094,64104,10
13.00282001,80.25679016,64104,64114,10
13.00290966,80.25681305,64114,64124,10
13.00298023,80.25682831,64124,64134,10
13.00308037,80.2568512,64134,64144,10
13.00323963,80.25686646,64144,64184,40
13.00323963,80.25686646,64184,64195,11
13.00362968,80.25695038,64195,64205,10
13.00422001,80.25704956,64205,64305,100
13.00422001,80.25704956,64305,64316,11
13.00479984,80.25714874,64316,64326,10
13.00537968,80.25727844,64326,64336,10
13.00597,80.2574234,64336,64346,10
13.00644016,80.25744629,64346,64396,50
13.00644016,80.25744629,64396,64406,10
13.00652027,80.25734711,64406,64416,10
13.00652027,80.25701904,64416,64426,10
13.00652027,80.25641632,64426,64437,11
13.00650978,80.25563812,64437,64447,10
13.00652027,80.25488281,64447,64457,10
13.00648975,80.25444031,64457,64467,10
13.00648975,80.25427246,64467,64477,10
13.00650024,80.25405121,64477,64487,10
13.00652027,80.25369263,64487,64497,10
13.0065403,80.25337982,64497,64507,10
13.00652981,80.25314331,64507,64517,10
13.00650024,80.2530899,64517,64527,10
13.0065403,80.25272369,64527,64537,10
13.00658035,80.25263977,64537,64548,11
13.00673962,80.25272369,64548,64558,10
13.00675011,80.25273132,64558,64568,10
13.00669956,80.25293732,64568,64578,10
13.00664043,80.25327301,64578,64588,10
13.00662994,80.25350952,64588,64719,131
13.00662994,80.25350952,64719,64729,10
13.00662994,80.25380707,64729,64739,10
13.00664997,80.25428009,64739,64749,10
13.00660038,80.25453186,64749,64759,10
13.00658989,80.25491333,64759,64780,21
13.00658989,80.25491333,64780,64790,10
13.00658035,80.25521851,64790,64800,10
13.00660038,80.25592804,64800,64850,50
13.00660038,80.25592804,64850,64860,10
13.00660038,80.25615692,64860,64869,9
13.00658989,80.2563324,64869,64881,12
13.00658989,80.25688171,64881,64890,9
13.00654984,80.25749207,64890,64901,11
13.00586033,80.25743103,64901,64911,10
13.00510979,80.25720215,64911,64921,10
13.00438976,80.25707245,64921,64931,10
13.00419998,80.25705719,64931,64941,10
13.00409985,80.25705719,64941,64951,10
13.00403976,80.25705719,64951,64961,10
13.00380993,80.25700378,64961,64971,10
13.00354958,80.25695801,64971,64981,10
13.00335979,80.25691223,64981,64991,10
13.0031004,80.2568512,64991,65001,10
13.00284958,80.25679779,65001,65012,11
13.00226974,80.25669098,65012,65133,121
13.00226974,80.25669098,65133,65143,10
13.00209045,80.25669098,65143,65153,10
13.00179958,80.25662994,65153,65163,10
13.00129986,80.25656891,65163,65173,10
13.00072002,80.25649261,65173,65183,10
13.0002203,80.25637817,65183,65193,10
12.99991035,80.25630951,65193,65203,10
12.99954033,80.25624847,65203,65213,10
12.99911976,80.25614166,65213,65274,61
12.99911976,80.25614166,65274,65284,10
12.99882984,80.25611115,65284,65294,10
12.9986496,80.25611115,65294,65314,20
12.9986496,80.25611115,65314,65324,10
12.99845028,80.25605774,65324,65334,10
12.99812031,80.25595856,65334,65345,11
12.99765015,80.25589752,65345,65385,40
12.99765015,80.25589752,65385,65395,10
12.99715042,80.25592041,65395,65405,10
12.99687958,80.25592041,65405,65415,10
12.99648952,80.25588226,65415,65425,10
12.99606991,80.25588989,65425,65435,10
12.9956398,80.25588989,65435,65445,10
12.9952898,80.25588226,65445,65455,10
12.99487019,80.25588989,65455,65465,10
12.99431992,80.25595856,65465,65476,11
12.99363041,80.25602722,65476,65486,10
12.99287987,80.25608063,65486,65496,10
12.9919796,80.25608826,65496,65506,10
12.99122047,80.25605011,65506,65516,10
12.99069977,80.25602722,65516,65526,10
12.99013042,80.25601959,65526,65536,10
12.98948002,80.2559967,65536,65546,10
12.98875046,80.25595856,65546,65627,81
12.98875046,80.25595856,65627,65637,10
12.9883604,80.25589752,65637,65647,10
12.98810005,80.25585938,65647,65657,10
12.98777962,80.25583649,65657,65667,10
12.98758984,80.25614929,65667,65677,10
12.98754978,80.25678253,65677,65687,10
12.9874897,80.25744629,65687,65698,11
12.98744011,80.25829315,65698,65708,10
12.98738956,80.2589798,65708,65718,10
12.98735046,80.25930023,65718,65728,10
12.98723984,80.25965881,65728,65738,10
12.98698044,80.25981903,65738,65748,10
12.98659039,80.2598114,65748,65758,10
12.98622036,80.25978088,65758,65768,10
12.98583984,80.25971985,65768,65778,10
12.98532963,80.25966644,65778,65788,10
12.98493958,80.2596283,65788,65809,21
12.98493958,80.2596283,65809,65819,10
12.98488045,80.25961304,65819,65829,10
12.98472977,80.259552,65829,65839,10
12.98443031,80.25952911,65839,65849,10
12.98402977,80.25950623,65849,65859,10
12.98381996,80.2594986,65859,65869,10
12.9833498,80.25948334,65869,65879,10
12.98281956,80.25942993,65879,65889,10
12.98213959,80.25939178,65889,65899,10
12.98139,80.25936127,65899,65909,10
12.9808197,80.25936127,65909,65919,10
12.98038006,80.25932312,65919,65930,11
12.98011971,80.25930023,65930,65940,10
12.97998047,80.2592926,65940,65950,10
12.97972965,80.25923157,65950,66000,50
12.97972965,80.25923157,66000,66010,10
12.97957993,80.2592392,66010,66020,10
12.97933006,80.25919342,66020,66030,10
12.97904968,80.25914001,66030,66041,11
12.9788599,80.25913239,66041,66051,10
12.97877979,80.25910187,66051,66061,10
12.97854996,80.2591095,66061,66071,10
12.97830009,80.25913239,66071,66081,10
12.97799969,80.25914764,66081,66162,81
12.97799969,80.25914764,66162,66172,10
12.97774982,80.25917053,66172,66182,10
12.97727966,80.25917053,66182,66192,10
12.97667027,80.25913239,66192,66202,10
12.97657013,80.25910187,66202,66212,10
12.97636986,80.25906372,66212,66222,10
12.97587013,80.25894165,66222,66232,10
12.97537994,80.25878143,66232,66242,10
12.97482967,80.25861359,66242,66252,10
12.97437,80.25852203,66252,66262,10
12.97430038,80.25849915,66262,66273,11
12.97410011,80.25845337,66273,66283,10
12.97367954,80.25834656,66283,66293,10
12.97313023,80.25824738,66293,66303,10
12.97235012,80.25814056,66303,66313,10
12.9715004,80.25816345,66313,66323,10
12.97076035,80.25811768,66323,66333,10
12.9701004,80.25791931,66333,66343,10
12.96963978,80.25778198,66343,66363,20
12.96963978,80.25778198,66363,66373,10
12.96940994,80.25771332,66373,66384,11
12.96926975,80.25765991,66384,66394,10
12.96891022,80.25753784,66394,66404,10
12.96848011,80.25740051,66404,66414,10
12.96782017,80.25723267,66414,66424,10
12.96702957,80.25702667,66424,66434,10
12.96623039,80.25691223,66434,66444,10
12.9654398,80.25673676,66444,66454,10
12.96467018,80.25662231,66454,66464,10
12.96422005,80.25657654,66464,66474,10
12.9640398,80.25656128,66474,66494,20
12.9640398,80.25656128,66494,66505,11
12.96391964,80.25656891,66505,66515,10
12.96362019,80.25653076,66515,66525,10
12.96312046,80.25649261,66525,66535,10
12.96243954,80.25643921,66535,66545,10
12.96197033,80.25636292,66545,66555,10
12.96162033,80.25627899,66555,66565,10
12.96140003,80.25621796,66565,66575,10
12.96113968,80.25617981,66575,66585,10
12.96086025,80.25610352,66585,66605,20
12.96086025,80.25610352,66605,66616,11
12.96063995,80.25604248,66616,66626,10
12.96020031,80.2559433,66626,66636,10
12.95954037,80.25579834,66636,66646,10
12.95880032,80.25563812,66646,66656,10
12.95806026,80.25550079,66656,66666,10
12.95736027,80.25536346,66666,66676,10
12.95660973,80.25524902,66676,66686,10
12.95596981,80.25523376,66686,66696,10
12.95524025,80.25523376,66696,66706,10
12.95444965,80.25520325,66706,66717,11
12.95392036,80.25520325,66717,66727,10
12.95337009,80.25518036,66727,66737,10
12.95261955,80.25514221,66737,66747,10
12.9517498,80.25511169,66747,66757,10
12.95061016,80.25502777,66757,66777,20
12.95061016,80.25502777,66777,66787,10
12.95055962,80.25498962,66787,66797,10
12.95030022,80.25495911,66797,66817,20
12.95030022,80.25495911,66817,66827,10
12.95018005,80.25495911,66827,66838,11
12.94978046,80.25485992,66838,66848,10
12.9492197,80.2547226,66848,66858,10
12.94853973,80.25453186,66858,66868,10
12.9477396,80.25431061,66868,66878,10
12.94692993,80.25406647,66878,66888,10
12.94602013,80.25388336,66888,66898,10
12.94501019,80.25376129,66898,66908,10
12.94390965,80.25360107,66908,66918,10
12.94283009,80.25340271,66918,66928,10
12.94194031,80.25325012,66928,66938,10
12.94120979,80.25315094,66938,66948,10
12.94040012,80.25296021,66948,66959,11
12.93943977,80.25282288,66959,66969,10
12.93883038,80.25282288,66969,66989,20
12.93883038,80.25282288,66989,66999,10
12.93863964,80.25279236,66999,67009,10
12.93836021,80.25274658,67009,67019,10
12.93834019,80.25274658,67019,67029,10
12.93817997,80.25270081,67029,67039,10
12.93791962,80.25261688,67039,67049,10
12.93737984,80.25253296,67049,67058,9
12.93671036,80.25244904,67058,67070,12
12.9356699,80.25232697,67070,67080,10
12.93465042,80.25221252,67080,67090,10
12.93354988,80.25211334,67090,67100,10
12.93253994,80.25196838,67100,67110,10
12.93146038,80.25183105,67110,67120,10
12.93037987,80.25170135,67120,67130,10
12.92926979,80.25157928,67130,67140,10
12.92825985,80.25147247,67140,67150,10
12.92743969,80.25138092,67150,67160,10
12.92724037,80.25138092,67160,67170,10
12.9271698,80.25138092,67170,67181,11
12.92671967,80.25132751,67181,67191,10
12.9261198,80.25124359,67191,67201,10
12.92531967,80.25119019,67201,67211,10
12.92440987,80.25119019,67211,67221,10
12.92341042,80.25110626,67221,67231,10
12.9223299,80.2510376,67231,67241,10
12.92134953,80.25121307,67241,67251,10
12.92035961,80.25137329,67251,67261,10
12.91940975,80.2510376,67261,67271,10
12.91845036,80.25081635,67271,67302,31
12.91845036,80.25081635,67302,67312,10
12.91814995,80.25077057,67312,67322,10
12.91767025,80.25067902,67322,67332,10
12.91697979,80.25058746,67332,67342,10
12.91615009,80.25051117,67342,67352,10
12.91526031,80.25045013,67352,67362,10
12.91429043,80.25035858,67362,67372,10
12.91335964,80.25026703,67372,67382,10
12.91240025,80.25019073,67382,67392,10
12.91129971,80.25012207,67392,67402,10
12.91016006,80.25003815,67402,67413,11
12.90892029,80.24992371,67413,67423,10
12.90769005,80.24970245,67423,67433,10
12.90643024,80.24942017,67433,67443,10
12.90513992,80.24913025,67443,67453,10
12.90377998,80.2489624,67453,67463,10
12.90252972,80.24881744,67463,67473,10
12.90182018,80.24873352,67473,67483,10
12.90104008,80.24858093,67483,67493,10
12.9001503,80.2482605,67493,67503,10
12.8991003,80.24786377,67503,67514,11
12.89824009,80.24758911,67514,67523,9
12.89793015,80.24752045,67523,67534,11
12.8975296,80.24743652,67534,67554,20
12.8975296,80.24743652,67554,67564,10
12.8972702,80.24736023,67564,67574,10
12.89684963,80.24727631,67574,67584,10
12.89616013,80.24713898,67584,67594,10
12.89542961,80.24700165,67594,67604,10
12.89457989,80.2467804,67604,67614,10
12.89371014,80.24653625,67614,67624,10
12.89274979,80.24623871,67624,67635,11
12.89165974,80.24594879,67635,67645,10
12.89064026,80.24569702,67645,67655,10
12.88953972,80.24542999,67655,67665,10
12.88854027,80.24533844,67665,67675,10
12.8878603,80.24545288,67675,67685,10
12.88745975,80.24555969,67685,67695,10
12.88729,80.2456131,67695,67705,10
12.88700008,80.2456665,67705,67715,10
12.88656044,80.24575043,67715,67725,10
12.88584042,80.24568939,67725,67745,20
12.88584042,80.24568939,67745,67756,11
12.88578987,80.24568176,67756,67766,10
12.88545036,80.2456131,67766,67776,10
12.88479996,80.2454834,67776,67786,10
12.88391018,80.24530792,67786,67796,10
12.8829298,80.24511719,67796,67806,10
12.88187981,80.24491882,67806,67816,10
12.88078976,80.24472046,67816,67826,10
12.87971973,80.24446869,67826,67836,10
12.8787899,80.24407959,67836,67846,10
12.87802029,80.24384308,67846,67857,11
12.87701035,80.24365234,67857,67867,10
12.87615967,80.24353027,67867,67877,10
12.87604046,80.24350739,67877,67887,10
12.87578964,80.24347687,67887,67897,10
12.87530041,80.2434082,67897,67907,10
12.87460995,80.24331665,67907,67917,10
12.87380028,80.24324036,67917,67927,10
12.87285995,80.24317169,67927,67937,10
12.87180996,80.24318695,67937,67947,10
12.87080002,80.24326324,67947,67957,10
12.86985016,80.2434082,67957,67967,10
12.86870003,80.24356079,67967,67988,21
12.86870003,80.24356079,67988,67998,10
12.86863041,80.24355316,67998,68008,10
12.86832047,80.24347687,68008,68018,10
12.86781025,80.24331665,68018,68028,10
12.86711979,80.24304962,68028,68038,10
12.86625004,80.24273682,68038,68048,10
12.86534977,80.24250031,68048,68058,10
12.86423016,80.24227905,68058,68068,10
12.86312008,80.24212646,68068,68078,10
12.8621397,80.24202728,68078,68089,11
12.86161995,80.24198914,68089,68119,30
12.86161995,80.24198914,68119,68129,10
12.86137962,80.24199677,68129,68139,10
12.86085033,80.24195099,68139,68149,10
12.86009026,80.24189758,68149,68159,10
12.85918999,80.24185181,68159,68169,10
12.85828018,80.24182129,68169,68179,10
12.85733986,80.24173737,68179,68189,10
12.85626984,80.24165344,68189,68199,10
12.85517025,80.24157715,68199,68210,11
12.85387993,80.24150085,68210,68220,10
12.8529501,80.24143219,68220,68230,10
12.85235023,80.24136353,68230,68240,10
12.85188007,80.24131775,68240,68250,10
12.85142994,80.2412796,68250,68260,10
12.85093975,80.24121094,68260,68270,10
12.8501997,80.24114227,68270,68321,51
12.8501997,80.24114227,68321,68331,10
12.84998989,80.2410965,68331,68341,10
12.84953976,80.24104309,68341,68351,10
12.84891033,80.24095917,68351,68361,10
12.84807968,80.24088287,68361,68371,10
12.84710979,80.24079895,68371,68381,10
12.84601974,80.24073792,68381,68391,10
12.84486008,80.2407074,68391,68401,10
12.84360027,80.24066162,68401,68411,10
12.8422699,80.24062347,68411,68420,9
12.84107971,80.24056244,68420,68432,12
12.8394804,80.24049377,68432,68442,10
12.83815002,80.24041748,68442,68452,10
12.83681011,80.24037933,68452,68462,10
12.83553028,80.24040222,68462,68472,10
12.83425999,80.24044037,68472,68482,10
12.83312035,80.24046326,68482,68492,10
12.83213997,80.240448,68492,68502,10
12.83127975,80.24043274,68502,68512,10
12.83119011,80.24041748,68512,68522,10
12.83106041,80.24040222,68522,68531,9
12.83065987,80.2403717,68531,68542,11
12.82993031,80.24034119,68542,68553,11
12.82896996,80.24031067,68553,68563,10
12.82793999,80.24028778,68563,68573,10
12.82707977,80.24027252,68573,68583,10
12.82693958,80.24025726,68583,68593,10
12.82676029,80.24024963,68593,68603,10
12.8262701,80.24025726,68603,68613,10
12.82565022,80.24027252,68613,68623,10
12.82563019,80.24027252,68623,68633,10
12.82555962,80.24024963,68633,68643,10
12.82516003,80.24021912,68643,68653,10
12.82448006,80.2401886,68653,68663,10
12.82363033,80.24015045,68663,68674,11
12.82250977,80.2401123,68674,68684,10
12.82135963,80.24017334,68684,68694,10
12.82013035,80.24027252,68694,68704,10
12.81919956,80.24035645,68704,68714,10
12.81816959,80.24047089,68714,68724,10
12.81735992,80.24060822,68724,68734,10
12.81733036,80.24060822,68734,68744,10
12.81709957,80.24064636,68744,68754,10
12.8166399,80.24076843,68754,68764,10
12.81599998,80.2410202,68764,68775,11
12.81517029,80.24137115,68775,68785,10
12.81425953,80.24175262,68785,68795,10
12.81322956,80.24217224,68795,68805,10
12.81252956,80.24247742,68805,68815,10
12.81239033,80.24253082,68815,68825,10
12.81198025,80.24269104,68825,68835,10
12.81138039,80.24294281,68835,68845,10
12.81066036,80.24321747,68845,68855,10
12.80976963,80.2434082,68855,68865,10
12.80867958,80.24340057,68865,68875,10
12.80745029,80.24317932,68875,68885,10
12.80618954,80.24295044,68885,68896,11
12.80480957,80.24269867,68896,68906,10
12.80350018,80.24246216,68906,68916,10
12.80216026,80.24221039,68916,68926,10
12.80080032,80.24195862,68926,68936,10
12.79955006,80.24173737,68936,68946,10
12.79827976,80.24150848,68946,68956,10
12.79697037,80.2412796,68956,68966,10
12.79580975,80.2410965,68966,68976,10
12.79512024,80.24118805,68976,68996,20
12.79512024,80.24118805,68996,69007,11
12.79489994,80.24124908,69007,69017,10
12.79440022,80.24137115,69017,69027,10
12.79366016,80.24156189,69027,69037,10
12.79277992,80.2417984,69037,69047,10
12.79174995,80.24208069,69047,69057,10
12.79059029,80.24239349,69057,69067,10
12.78938007,80.2427597,69067,69077,10
12.78816032,80.24331665,69077,69087,10
12.78693962,80.24391174,69087,69097,10
12.78577995,80.24446106,69097,69107,10
12.7849102,80.24488068,69107,69118,11
12.78491974,80.24519348,69118,69128,10
12.78497028,80.24521637,69128,69138,10
12.78512955,80.24532318,69138,69148,10
12.78559017,80.24552917,69148,69158,10
12.78625965,80.24582672,69158,69168,10
12.78703022,80.24619293,69168,69178,10
12.78711033,80.24688721,69178,69188,10
12.78686047,80.24771118,69188,69198,10
12.78674984,80.2485199,69198,69208,10
12.78672028,80.24897766,69208,69217,9
12.78668022,80.24965668,69217,69249,32
12.78668022,80.24965668,69249,69259,10
12.78666019,80.24980927,69259,69269,10
12.78664017,80.25006104,69269,69279,10
12.78645039,80.25006104,69279,69289,10
12.78604984,80.25000763,69289,69299,10
12.78563976,80.24996948,69299,69309,10
12.78512955,80.24990082,69309,69319,10
12.7844696,80.24981689,69319,69329,10
12.78390026,80.24976349,69329,69340,11
12.78337002,80.24967194,69340,69349,9
12.78304958,80.2496109,69349,69360,11
12.78248978,80.2494812,69360,69370,10
12.7818203,80.2492218,69370,69380,10
12.78098965,80.24893951,69380,69390,10
12.78020954,80.24875641,69390,69400,10
12.77945995,80.24864197,69400,69410,10
12.77867985,80.24848175,69410,69420,10
12.77820015,80.2484436,69420,69430,10
12.77772045,80.24868774,69430,69440,10
12.77713966,80.248909,69440,69450,10
12.77709007,80.24891663,69450,69461,11
12.77674961,80.24894714,69461,69471,10
12.7760601,80.24894714,69471,69481,10
12.77517986,80.24894714,69481,69491,10
12.77416039,80.24894714,69491,69501,10
12.77305984,80.24893188,69501,69511,10
12.7719202,80.24864197,69511,69521,10
12.77075005,80.24822235,69521,69531,10
12.76951027,80.24777985,69531,69541,10
12.76823044,80.24732208,69541,69551,10
12.76690006,80.2468338,69551,69561,10
12.7655201,80.24633789,69561,69572,11
12.76408005,80.24584961,69572,69582,10
12.76301003,80.24549103,69582,69592,10
12.76280022,80.24542236,69592,69602,10
12.76278019,80.2454071,69602,69612,10
12.76245975,80.2452774,69612,69622,10
12.76193047,80.24508667,69622,69632,10
12.7611599,80.24481964,69632,69642,10
12.76019001,80.24446869,69642,69652,10
12.75905037,80.2440567,69652,69662,10
12.75784016,80.24362946,69662,69671,9
12.75601959,80.24297333,69671,69693,22
12.75601959,80.24297333,69693,69703,10
12.75580025,80.2428894,69703,69713,10
12.75526047,80.24269104,69713,69723,10
12.75446987,80.24240112,69723,69733,10
12.75354004,80.24205017,69733,69743,10
12.75244045,80.24166107,69743,69753,10
12.75121975,80.24121094,69753,69763,10
12.74991989,80.24073029,69763,69773,10
12.74866009,80.24027252,69773,69783,10
12.74740028,80.23979187,69783,69794,11
12.74610043,80.2392807,69794,69804,10
12.74507046,80.2388916,69804,69814,10
12.74386024,80.23844147,69814,69834,20
12.74386024,80.23844147,69834,69844,10
12.74380016,80.23841858,69844,69854,10
12.74341011,80.23825836,69854,69864,10
12.7427597,80.23802185,69864,69874,10
12.74193954,80.23770142,69874,69884,10
12.74096012,80.23731232,69884,69894,10
12.73987007,80.23680115,69894,69904,10
12.73869991,80.23626709,69904,69915,11
12.73736954,80.23567963,69915,69925,10
12.73610973,80.23518372,69925,69935,10
12.73480034,80.23465729,69935,69945,10
12.73344994,80.23413849,69945,69955,10
12.73211002,80.23361969,69955,69965,10
12.73048019,80.23300934,69965,69985,20
12.73048019,80.23300934,69985,69995,10
12.73031998,80.23293304,69995,70005,10
12.72984028,80.23274994,70005,70015,10
12.72916031,80.23248291,70015,70026,11
12.72826958,80.23213959,70026,70036,10
12.72729015,80.23175049,70036,70046,10
12.72630978,80.23136139,70046,70056,10
12.72566986,80.23110962,70056,70066,10
12.72564983,80.23110199,70066,70076,10
12.72531986,80.2309494,70076,70086,10
12.72467995,80.23068237,70086,70096,10
12.7238102,80.23030853,70096,70106,10
12.72274971,80.2298584,70106,70116,10
12.72159004,80.22937012,70116,70125,9
12.72052956,80.22894287,70125,70137,12
12.71924973,80.22841644,70137,70147,10
12.71860027,80.22814941,70147,70157,10
12.71858978,80.22814178,70157,70167,10
12.71852016,80.2281189,70167,70177,10
12.71813965,80.22795105,70177,70187,10
12.71751976,80.22769165,70187,70197,10
12.71675014,80.22738647,70197,70207,10
12.71580982,80.22704315,70207,70217,10
12.71469975,80.22663116,70217,70227,10
12.71348953,80.22618103,70227,70237,10
12.71222019,80.22570038,70237,70247,10
12.71092987,80.22518921,70247,70258,11
12.70950031,80.22458649,70258,70268,10
12.70814037,80.22418976,70268,70278,10
12.70676041,80.22387695,70278,70288,10
12.70547962,80.22370148,70288,70298,10
12.70475006,80.22360992,70298,70308,10
12.70471954,80.22360229,70308,70318,10
12.70431995,80.2234726,70318,70328,10
12.70361042,80.22319794,70328,70338,10
12.70273018,80.22283173,70338,70348,10
12.70168018,80.22239685,70348,70358,10
12.70049953,80.2219162,70358,70369,11
12.6992197,80.22141266,70369,70379,10
12.69820976,80.22102356,70379,70389,10
12.69797993,80.22093201,70389,70399,10
12.69758034,80.22075653,70399,70409,10
12.6969099,80.22048187,70409,70419,10
12.69604969,80.22012329,70419,70429,10
12.69501972,80.21968842,70429,70439,10
12.69398975,80.21926117,70439,70449,10
12.69340992,80.21903229,70449,70459,10
12.69330025,80.21897125,70459,70468,9
12.69295979,80.21882629,70468,70480,12
12.69225979,80.21852112,70480,70490,10
12.69149017,80.21820068,70490,70500,10
12.69054985,80.21779633,70500,70510,10
12.68951035,80.21736908,70510,70520,10
12.68877983,80.21707916,70520,70530,10
12.68875027,80.21707153,70530,70540,10
12.68854046,80.21695709,70540,70550,10
12.68799973,80.21674347,70550,70560,10
12.68723011,80.21642303,70560,70570,10
12.68645,80.21611786,70570,70580,10
12.68630981,80.21605682,70580,70591,11
12.68591976,80.21589661,70591,70601,10
12.68527031,80.21562958,70601,70611,10
12.68445015,80.21531677,70611,70621,10
12.68352985,80.21499634,70621,70631,10
12.68255043,80.21469879,70631,70641,10
12.68132019,80.21430206,70641,70661,20
12.68132019,80.21430206,70661,70671,10
12.68107986,80.21421051,70671,70681,10
12.68052006,80.21398926,70681,70691,10
12.67971992,80.21367645,70691,70701,10
12.6786499,80.21325684,70701,70712,11
12.67731953,80.21276093,70712,70722,10
12.67605019,80.21231842,70722,70732,10
12.67475033,80.21186829,70732,70742,10
12.67331028,80.21161652,70742,70752,10
12.67181969,80.21147156,70752,70762,10
12.67037964,80.21096039,70762,70772,10
12.66899967,80.21032715,70772,70782,10
12.66755962,80.20983887,70782,70792,10
12.66602039,80.20964813,70792,70802,10
12.66450977,80.20948792,70802,70812,10
12.66302967,80.20934296,70812,70823,11
12.66168976,80.209198,70823,70833,10
12.66135025,80.20915222,70833,70843,10
12.6609602,80.20908356,70843,70853,10
12.66020012,80.20894623,70853,70863,10
12.65923977,80.20876312,70863,70873,10
12.65812016,80.20841217,70873,70883,10
12.65692997,80.207901,70883,70893,10
12.6556797,80.20731354,70893,70903,10
12.65458965,80.20677948,70903,70913,10
12.65402985,80.20652771,70913,70923,10
12.65394974,80.20648956,70923,70934,11
12.65363026,80.20633698,70934,70944,10
12.65297985,80.20607758,70944,70954,10
12.65207958,80.20612335,70954,70964,10
12.65126991,80.2061615,70964,70974,10
12.65114021,80.20612335,70974,70984,10
12.65075016,80.20591736,70984,70994,10
12.65032005,80.20530701,70994,71004,10
12.65005016,80.20445251,71004,71014,10
12.64925957,80.20384979,71014,71024,10
12.64836025,80.20329285,71024,71033,9
12.64756966,80.20281982,71033,71045,12
12.64640999,80.20211792,71045,71055,10
12.64533997,80.20146179,71055,71065,10
12.64418983,80.20082092,71065,71075,10
12.64291954,80.20024872,71075,71085,10
12.64159012,80.19966888,71085,71095,10
12.64019966,80.19907379,71095,71105,10
12.63881016,80.19847107,71105,71115,10
12.6375103,80.19790649,71115,71125,10
12.63658047,80.19750977,71125,71135,10
12.63562965,80.19715118,71135,71145,10
12.63465023,80.1968689,71145,71155,10
12.63379002,80.19664764,71155,71166,11
12.63362026,80.19660187,71166,71176,10
12.63346958,80.19654083,71176,71186,10
12.63296986,80.19638062,71186,71196,10
12.6322403,80.19612122,71196,71206,10
12.63131046,80.19580841,71206,71216,10
12.63016033,80.19542694,71216,71226,10
12.62893963,80.19503021,71226,71236,10
12.6280899,80.19474792,71236,71246,10
12.62798977,80.19471741,71246,71256,10
12.62767029,80.19458771,71256,71266,10
12.62726021,80.19445038,71266,71277,11
12.62652016,80.19429779,71277,71287,10
12.62588024,80.19423676,71287,71297,10
12.62526989,80.19419861,71297,71307,10
12.62446022,80.19413757,71307,71317,10
12.6236496,80.19412231,71317,71327,10
12.62285995,80.19409943,71327,71337,10
12.62226009,80.19415283,71337,71347,10
12.62170982,80.19445801,71347,71357,10
12.62102032,80.19447327,71357,71398,41
12.62102032,80.19447327,71398,71408,10
12.62063026,80.19448853,71408,71418,10
12.62016964,80.19444275,71418,71428,10
12.61952972,80.19434357,71428,71438,10
12.61896038,80.19423676,71438,71448,10
12.61818027,80.19410706,71448,71458,10
12.61728001,80.1939621,71458,72114,656
12.61728001,80.1939621,72114,72124,10
12.61744022,80.19406891,72124,72134,10
12.61775017,80.19412231,72134,72144,10
12.61841011,80.19420624,72144,72154,10
12.61903954,80.19429779,72154,72164,10
12.61966991,80.19438934,72164,72174,10
12.62016964,80.19445801,72174,72185,11
12.62059021,80.19451141,72185,72195,10
12.62108994,80.19451141,72195,72265,70
12.62108994,80.19451141,72265,72275,10
12.62158012,80.19454193,72275,72285,10
12.6221199,80.19423676,72285,72295,10
12.62281036,80.19412231,72295,72306,11
12.62370014,80.19413757,72306,72316,10
12.62465,80.19416809,72316,72326,10
12.62569046,80.19425201,72326,72336,10
12.62652016,80.19432068,72336,72346,10
12.62720966,80.19445801,72346,72356,10
12.6277504,80.19461823,72356,72366,10
12.62806034,80.1947403,72366,72376,10
12.62833023,80.19481659,72376,72386,10
12.62884998,80.19499969,72386,72396,10
12.62956047,80.19522858,72396,72406,10
12.63039017,80.19550323,72406,72417,11
12.63146973,80.19584656,72417,72427,10
12.63259029,80.1962204,72427,72437,10
12.63379955,80.19660187,72437,72447,10
12.63506985,80.19696808,72447,72457,10
12.63638973,80.19740295,72457,72467,10
12.63774014,80.19798279,72467,72477,10
12.63912964,80.19857788,72477,72487,10
12.64048958,80.1991806,72487,72497,10
12.64183044,80.19975281,72497,72507,10
12.64311981,80.20033264,72507,72517,10
12.64441967,80.20092773,72517,72528,11
12.64579964,80.20171356,72528,72538,10
12.64704037,80.20246887,72538,72548,10
12.64811039,80.20310974,72548,72558,10
12.64914036,80.20378876,72558,72568,10
12.65013981,80.20452118,72568,72578,10
12.65046978,80.20558167,72578,72588,10
12.65122032,80.20614624,72588,72598,10
12.65135956,80.20619202,72598,72608,10
12.65174961,80.20619202,72608,72618,10
12.6524601,80.20607758,72618,72628,10
12.65332031,80.20619202,72628,72637,9
12.65396976,80.20648193,72637,72649,12
12.65427971,80.20664215,72649,72659,10
12.65485001,80.20684052,72659,72669,10
12.65503025,80.2069397,72669,72679,10
12.65542984,80.20715332,72679,72689,10
12.65610981,80.20748138,72689,72699,10
12.65692997,80.20786285,72699,72709,10
12.65789032,80.20829773,72709,72719,10
12.65902996,80.20868683,72719,72729,10
12.66026974,80.20894623,72729,72739,10
12.66147041,80.20913696,72739,72749,10
12.66180992,80.20919037,72749,72760,11
12.66205025,80.20922852,72760,72770,10
12.66265965,80.20929718,72770,72780,10
12.66351032,80.20938873,72780,72790,10
12.66460037,80.2095108,72790,72800,10
12.66582966,80.2096405,72800,72810,10
12.66714001,80.20977783,72810,72820,10
12.66841984,80.21006775,72820,72830,10
12.66965961,80.21060181,72830,72840,10
12.67092991,80.21116638,72840,72850,10
12.67228985,80.21154022,72850,72860,10
12.67370033,80.21166992,72860,72871,11
12.67518997,80.21201324,72871,72881,10
12.67650986,80.21247101,72881,72891,10
12.67788029,80.21295166,72891,72901,10
12.67924023,80.21349335,72901,72911,10
12.68056011,80.21399689,72911,72921,10
12.68187046,80.2144928,72921,72931,10
12.6832304,80.21492004,72931,72941,10
12.68459988,80.21537018,72941,72951,10
12.68587971,80.21588135,72951,72961,10
12.68671036,80.21620941,72961,72970,9
12.68735981,80.2164917,72970,72982,12
12.68848038,80.21692657,72982,72992,10
12.68916035,80.21720123,72992,73002,10
12.68924999,80.21723938,73002,73012,10
12.68964958,80.21742249,73012,73022,10
12.69025993,80.21766663,73022,73032,10
12.69095993,80.2179718,73032,73042,10
12.69174004,80.21829987,73042,73052,10
12.6926899,80.21869659,73052,73062,10
12.69340038,80.21898651,73062,73072,10
12.69375038,80.21914673,73072,73082,10
12.69437981,80.21942902,73082,73092,10
12.6953001,80.21981812,73092,73103,11
12.69655037,80.22033691,73103,73113,10
12.69777012,80.22084045,73113,73123,10
12.69904041,80.22135162,73123,73133,10
12.70032024,80.22187805,73133,73143,10
12.70160961,80.22241211,73143,73153,10
12.70293999,80.22293091,73153,73163,10
12.70427036,80.22345734,73163,73173,10
12.70549011,80.22373199,73173,73183,10
12.70606995,80.22380066,73183,73193,10
12.70619965,80.22382355,73193,73203,10
12.70666981,80.22389221,73203,73214,11
12.70742989,80.22403717,73214,73224,10
12.70829964,80.22425842,73224,73234,10
12.70936012,80.2245636,73234,73244,10
12.71051979,80.22502899,73244,73254,10
12.71173954,80.22554779,73254,73264,10
12.71300983,80.22602844,73264,73274,10
12.71426964,80.22650146,73274,73284,10
12.71492958,80.22673798,73284,73294,10
12.71500969,80.22676849,73294,73304,10
12.71541977,80.22692871,73304,73314,10
12.71609974,80.22718048,73314,73325,11
12.71700001,80.2275238,73325,73335,10
12.71792984,80.22788239,73335,73345,10
12.71846008,80.22810364,73345,73355,10
12.7186203,80.22815704,73355,73365,10
12.71914005,80.22837067,73365,73375,10
12.7198801,80.22868347,73375,73385,10
12.7208004,80.22907257,73385,73395,10
12.72189999,80.22952271,73395,73405,10
12.72307968,80.23001862,73405,73415,10
12.72432041,80.23053741,73415,73424,9
12.72542953,80.23100281,73424,73436,12
12.72628975,80.23135376,73436,73446,10
12.72634029,80.23137665,73446,73456,10
12.72675037,80.23155212,73456,73466,10
12.72743034,80.23181152,73466,73476,10
12.7282896,80.23213959,73476,73486,10
12.72931957,80.23255157,73486,73496,10
12.73033047,80.23294067,73496,73506,10
12.73066044,80.23306274,73506,73516,10
12.73104,80.23322296,73516,73526,10
12.73178005,80.23351288,73526,73536,10
12.73276043,80.23388672,73536,73547,11
12.73406029,80.23439789,73547,73557,10
12.73532009,80.2348938,73557,73567,10
12.73661041,80.23539734,73567,73577,10
12.73793983,80.23593903,73577,73587,10
12.73927021,80.23654175,73587,73597,10
12.74061012,80.23716736,73597,73607,10
12.74195957,80.23773956,73607,73617,10
12.74322987,80.23822021,73617,73627,10
12.7439003,80.2384491,73627,73637,10
12.74405956,80.23851776,73637,73647,10
12.74454021,80.23872375,73647,73657,10
12.74528027,80.23899841,73657,73668,11
12.74631977,80.23940277,73668,73678,10
12.74742031,80.23982239,73678,73688,10
12.74860001,80.24028015,73688,73698,10
12.74989986,80.24075317,73698,73708,10
12.75127029,80.24124908,73708,73718,10
12.75261974,80.24175262,73718,73728,10
12.75393963,80.24223328,73728,73738,10
12.75527954,80.24272156,73738,73748,10
12.75662041,80.24320984,73748,73758,10
12.75796032,80.24369812,73758,73768,10
12.7593298,80.2441864,73768,73779,11
12.76082993,80.24472046,73779,73789,10
12.76214981,80.24517822,73789,73799,10
12.76315975,80.24552917,73799,73809,10
12.76325035,80.24555969,73809,73819,10
12.76331043,80.24559021,73819,73829,10
12.76371002,80.2457428,73829,73839,10
12.76441002,80.24598694,73839,73849,10
12.76519966,80.24626923,73849,73859,10
12.76611996,80.24658966,73859,73869,10
12.76698017,80.24690247,73869,73879,10
12.76795006,80.24725342,73879,73890,11
12.76916027,80.24768066,73890,73900,10
12.77035999,80.24812317,73900,73910,10
12.77161026,80.24855804,73910,73920,10
12.77305984,80.24897766,73920,73930,10
12.77462959,80.24900818,73930,73940,10
12.77610016,80.24899292,73940,73950,10
12.77744961,80.24886322,73950,73960,10
12.77838993,80.24842834,73960,73970,10
12.77879047,80.24854279,73970,73980,10
12.77892017,80.24858093,73980,73989,9
12.77925014,80.24864197,73989,74001,12
12.78003979,80.24877167,74001,74011,10
12.78087044,80.24894714,74011,74021,10
12.7818203,80.24925995,74021,74031,10
12.78271961,80.24957275,74031,74041,10
12.78337002,80.24967957,74041,74051,10
12.78386021,80.24976349,74051,74061,10
12.78427982,80.24980927,74061,74071,10
12.78497028,80.24989319,74071,74081,10
12.78573036,80.24999237,74081,74091,10
12.78627968,80.25006104,74091,74101,10
12.78662014,80.25003815,74101,74112,11
12.78670025,80.24925995,74112,74132,20
12.78670025,80.24925995,74132,74142,10
12.78670979,80.24913788,74142,74152,10
12.78674984,80.24858856,74152,74162,10
12.78687,80.24772644,74162,74172,10
12.78715038,80.2467804,74172,74182,10
12.78682995,80.24607849,74182,74192,10
12.78594017,80.24568176,74192,74202,10
12.78514004,80.24532318,74202,74212,10
12.78479004,80.24507904,74212,74223,11
12.78501987,80.24482727,74223,74233,10
12.78561974,80.24453735,74233,74243,10
12.7863903,80.24417114,74243,74253,10
12.78738022,80.24369812,74253,74263,10
12.78849983,80.24317169,74263,74273,10
12.78967953,80.24266052,74273,74283,10
12.79098034,80.24227905,74283,74293,10
12.79234982,80.24191284,74293,74303,10
12.79362011,80.24157715,74303,74313,10
12.7947998,80.24127197,74313,74323,10
12.79580975,80.2410965,74323,74333,10
12.79679012,80.24121857,74333,74344,11
12.79796982,80.24144745,74344,74354,10
12.79905987,80.24163818,74354,74364,10
12.80018997,80.24183655,74364,74374,10
12.8013401,80.2420578,74374,74384,10
12.80247974,80.24227142,74384,74394,10
12.80350018,80.24246216,74394,74404,10
12.80457973,80.24266052,74404,74414,10
12.80564022,80.24285889,74414,74424,10
12.80669022,80.24305725,74424,74434,10
12.8078804,80.24327087,74434,74444,10
12.80912018,80.24344635,74444,74455,11
12.81052971,80.24330139,74455,74465,10
12.81182957,80.24279785,74465,74475,10
12.81315994,80.24223328,74475,74485,10
12.8145504,80.24166107,74485,74495,10
12.81591988,80.24108124,74495,74505,10
12.8173399,80.24060059,74505,74515,10
12.81879044,80.24040985,74515,74525,10
12.82009029,80.24028015,74525,74535,10
12.82143974,80.24018097,74535,74545,10
12.82281971,80.24012756,74545,74555,10
12.82425022,80.24018097,74555,74566,11
12.82577038,80.240242,74566,74576,10
12.82695007,80.24028015,74576,74586,10
12.82814026,80.2403183,74586,74596,10
12.82942963,80.24034119,74596,74606,10
12.83078003,80.24040222,74606,74616,10
12.83213043,80.24047089,74616,74626,10
12.83349037,80.24047852,74626,74636,10
12.8348999,80.24044037,74636,74646,10
12.83631992,80.24040222,74646,74656,10
12.83775997,80.24041748,74656,74666,10
12.8392601,80.24049377,74666,74677,11
12.84088993,80.24056244,74677,74687,10
12.84228992,80.2406311,74687,74697,10
12.84374046,80.24067688,74697,74707,10
12.84517002,80.24073029,74707,74717,10
12.84657955,80.24078369,74717,74727,10
12.84805012,80.24088287,74727,74737,10
12.84902,80.24098206,74737,74747,10
12.84957027,80.24102783,74747,74757,10
12.84992027,80.24108124,74757,74767,10
12.85056019,80.24115753,74767,74777,10
12.8513298,80.24125671,74777,74787,10
12.85179043,80.24131775,74787,74798,11
12.85200977,80.24133301,74798,74808,10
12.85221958,80.24134827,74808,74818,10
12.85278988,80.24141693,74818,74828,10
12.8536396,80.24149323,74828,74838,10
12.85470963,80.24156189,74838,74848,10
12.85589027,80.24163055,74848,74858,10
12.85715961,80.24172974,74858,74868,10
12.8584404,80.24182129,74868,74878,10
12.85966969,80.24186707,74878,74888,10
12.86052036,80.24188995,74888,74898,10
12.86131954,80.24192047,74898,74909,11
12.86194038,80.24196625,74909,74919,10
12.86279011,80.24208069,74919,74929,10
12.86386013,80.24223328,74929,74939,10
12.86507034,80.24243927,74939,74949,10
12.86629963,80.2427597,74949,74959,10
12.86736012,80.24314117,74959,74969,10
12.86849022,80.24349976,74969,74979,10
12.86973953,80.24346161,74979,74989,10
12.87104034,80.24327087,74989,74999,10
12.87240028,80.24317932,74999,75009,10
12.87370014,80.24326324,75009,75020,11
12.87489986,80.24337769,75020,75030,10
12.87607956,80.24353027,75030,75040,10
12.87736034,80.24372101,75040,75050,10
12.87794018,80.24382019,75050,75060,10
12.87804985,80.24384308,75060,75070,10
12.87851048,80.24397278,75070,75080,10
12.87928009,80.24427795,75080,75090,10
12.88029003,80.24465179,75090,75100,10
12.88150024,80.24487305,75100,75110,10
12.88282967,80.24511719,75110,75119,9
12.88391972,80.24532318,75119,75131,12
12.88516998,80.24555206,75131,75141,10
12.88603973,80.24571991,75141,75151,10
12.88687992,80.24571228,75151,75161,10
12.88729954,80.2456131,75161,75171,10
12.88770962,80.2454834,75171,75181,10
12.88790035,80.24543762,75181,75191,10
12.88846016,80.24536133,75191,75201,10
12.88930035,80.24539185,75201,75211,10
12.89035034,80.24562073,75211,75221,10
12.89157963,80.24591827,75221,75231,10
12.89286041,80.2462616,75231,75241,10
12.89408016,80.24664307,75241,75252,11
12.89517021,80.24691772,75252,75262,10
12.89620972,80.24713898,75262,75272,10
12.89713955,80.24732971,75272,75282,10
12.8977499,80.24742126,75282,75292,10
12.89822006,80.24749756,75292,75302,10
12.89830017,80.24751282,75302,75312,10
12.89869976,80.24764252,75312,75322,10
12.89941025,80.24791718,75322,75332,10
12.90032959,80.24829102,75332,75342,10
12.90145016,80.2486496,75342,75352,10
12.90272999,80.24881744,75352,75363,11
12.90423012,80.24897766,75363,75373,10
12.90561962,80.24919891,75373,75383,10
12.90701962,80.24952698,75383,75393,10
12.90841961,80.24978638,75393,75403,10
12.9096899,80.24996185,75403,75413,10
12.91102028,80.25009155,75413,75423,10
12.91238976,80.25018311,75423,75433,10
12.91382027,80.25028229,75433,75443,10
12.9151001,80.25039673,75443,75453,10
12.91633034,80.25050354,75453,75463,10
12.91755009,80.25061035,75463,75474,11
12.91888046,80.25081635,75474,75484,10
12.91969967,80.25108337,75484,75494,10
12.92018032,80.25126648,75494,75504,10
12.92096996,80.25131226,75504,75514,10
12.92195988,80.25108337,75514,75524,10
12.92302036,80.25105286,75524,75534,10
12.92424011,80.25113678,75534,75544,10
12.92553997,80.25118256,75544,75554,10
12.92681026,80.25126648,75554,75564,10
12.92803955,80.2514267,75564,75574,10
12.92920971,80.25154114,75574,75585,11
12.93052006,80.25170135,75585,75595,10
12.93185043,80.2518692,75595,75605,10
12.93313026,80.25200653,75605,75615,10
12.93441963,80.25215912,75615,75625,10
12.93581963,80.25232697,75625,75635,10
12.93686008,80.25244904,75635,75645,10
12.93785954,80.25258636,75645,75655,10
12.93898964,80.25274658,75655,75665,10
12.94023037,80.25286865,75665,75675,10
12.94155979,80.25315857,75675,75685,10
12.94266987,80.25334167,75685,75695,10
12.94382,80.25354767,75695,75706,11
12.94513988,80.25376129,75706,75716,10
12.94633961,80.25390625,75716,75726,10
12.94742966,80.25417328,75726,75736,10
12.9481802,80.2543869,75736,75746,10
12.94900036,80.25463104,75746,75756,10
12.94956017,80.25476837,75756,75766,10
12.9499197,80.25485229,75766,75776,10
12.95053959,80.25498199,75776,75786,10
12.95133018,80.25505066,75786,75796,10
12.95234013,80.25509644,75796,75806,10
12.95326042,80.25514221,75806,75817,11
12.95433044,80.25514984,75817,75827,10
12.9551897,80.25517273,75827,75837,10
12.95606995,80.25520325,75837,75847,10
12.95691013,80.25524902,75847,75857,10
12.95792007,80.25540924,75857,75867,10
12.95897961,80.25563812,75867,75877,10
12.96022034,80.25592041,75877,75887,10
12.96129036,80.25611115,75887,75907,20
12.96129036,80.25611115,75907,75917,10
12.9615097,80.25618744,75917,75928,11
12.96156979,80.25621796,75928,75938,10
12.96183968,80.25628662,75938,75948,10
12.96247959,80.25640106,75948,75958,10
12.96337032,80.2564621,75958,75968,10
12.96376038,80.25650024,75968,75978,10
12.96382046,80.25650024,75978,75988,10
12.96424961,80.25653839,75988,75998,10
12.96502018,80.25663757,75998,76008,10
12.96592045,80.25679016,76008,76018,10
12.96660042,80.25691986,76018,76028,10
12.96743011,80.25708771,76028,76039,11
12.9684,80.25733185,76039,76049,10
12.96895981,80.25749207,76049,76059,10
12.96949959,80.25762939,76059,76069,10
12.97019958,80.25789642,76069,76079,10
12.97105026,80.25810242,76079,76089,10
12.97204018,80.25807953,76089,76099,10
12.97319031,80.25817871,76099,76109,10
12.97399044,80.25833893,76109,76119,10
12.97414017,80.25836945,76119,76129,10
12.97465992,80.25849915,76129,76139,10
12.97537994,80.25872803,76139,76150,11
12.97622013,80.25894928,76150,76160,10
12.97696972,80.25907898,76160,76170,10
12.97710037,80.2591095,76170,76180,10
12.9774704,80.25911713,76180,76190,10
12.97784042,80.25913239,76190,76200,10
12.97834015,80.25908661,76200,76210,10
12.97908974,80.25907135,76210,76220,10
12.98005009,80.25921631,76220,76230,10
12.98104,80.25930786,76230,76240,10
12.98204994,80.25933838,76240,76250,10
12.98297024,80.25939178,76250,76261,11
12.98379993,80.25943756,76261,76271,10
12.98402023,80.25904846,76271,76281,10
12.98408985,80.25823212,76281,76291,10
12.98429966,80.2576828,76291,76301,10
12.98484993,80.25773621,76301,76311,10
12.98554993,80.25779724,76311,76321,10
12.9868803,80.25798035,76321,76422,101
12.9868803,80.25798035,76422,76432,10
12.98740959,80.25791931,76432,76442,10
12.98746014,80.25710297,76442,76513,71
12.98746014,80.25710297,76513,76523,10
12.9875803,80.25672913,76523,76533,10
12.98760033,80.25628662,76533,76543,10
12.98760033,80.255867,76543,76553,10
12.98791027,80.25578308,76553,76563,10
12.98812008,80.2558136,76563,76573,10
12.98834038,80.25585175,76573,76583,10
12.98851013,80.25588226,76583,76592,9
12.98871994,80.25591278,76592,76604,12
12.98923016,80.25595093,76604,76614,10
12.98983002,80.25596619,76614,76624,10
12.99042034,80.25598145,76624,76634,10
12.99069023,80.25598145,76634,76644,10
12.99098969,80.2559967,76644,76654,10
12.99162006,80.25601959,76654,76664,10
12.99240017,80.25604248,76664,76674,10
12.99335003,80.25601196,76674,76684,10
12.99423981,80.25598145,76684,76694,10
12.99505997,80.25588989,76694,76704,10
12.99586964,80.25585175,76704,76714,10
12.99613953,80.25583649,76714,76725,11
12.99639988,80.25583649,76725,76735,10
12.99682999,80.25582886,76735,76745,10
12.99726009,80.25585938,76745,76755,10
12.99783993,80.25589752,76755,76765,10
12.99841976,80.25595856,76765,76775,10
12.99888039,80.25601196,76775,76795,20
12.99888039,80.25601196,76795,76805,10
12.9989996,80.25602722,76805,76815,10
12.99948978,80.2561264,76815,76825,10
13.00006008,80.25624084,76825,76836,11
13.00067997,80.25637054,76836,76886,50
13.00067997,80.25637054,76886,76896,10
13.0011301,80.25647736,76896,76906,10
13.00154972,80.25653839,76906,76916,10
13.00195026,80.25659943,76916,76926,10
13.00247955,80.25669098,76926,76936,10
13.00292969,80.25676727,76936,76947,11
13.00354958,80.25688934,76947,76957,10
13.00421047,80.25701904,76957,76967,10
13.00489044,80.25713348,76967,76977,10
13.00562,80.25726318,76977,76987,10
13.00629997,80.25734711,76987,77027,40
13.00629997,80.25734711,77027,77037,10
13.00652027,80.25740051,77037,77047,10
13.00656033,80.25705719,77047,77058,11
13.00652981,80.25634003,77058,77068,10
13.00652027,80.25562286,77068,77078,10
13.0065403,80.25501251,77078,77088,10
13.00652027,80.25424194,77088,77098,10
13.00652981,80.25341797,77098,77108,10
13.00652981,80.25287628,77108,77118,10
13.00669956,80.25257111,77118,77128,10
13.00675964,80.25266266,77128,77138,10
13.00671005,80.25295258,77138,77148,10
13.00664997,80.25354004,77148,77401,253
13.00664997,80.25354004,77401,77411,10
13.00662041,80.25383759,77411,77421,10
13.00662994,80.2543335,77421,77431,10
13.00658035,80.25489807,77431,77461,30
13.00658035,80.25489807,77461,77471,10
13.00654984,80.25530243,77471,77481,10
13.00656986,80.25595856,77481,77491,10
13.00654984,80.25662231,77491,77501,10
13.00658989,80.2572937,77501,77582,81
13.00658989,80.2572937,77582,77592,10
13.00669003,80.25753784,77592,77602,10
13.00632,80.25759888,77602,77612,10
13.0057497,80.25744629,77612,77623,11
13.00506973,80.25726318,77623,77633,10
13.00434017,80.2571106,77633,77643,10
13.00395966,80.25704193,77643,77653,10
13.0036602,80.25698853,77653,77663,10
13.00306988,80.25685883,77663,77673,10
13.00234032,80.2567215,77673,77683,10
13.00164032,80.25660706,77683,77693,10
13.00139046,80.25657654,77693,77703,10
13.00129986,80.25657654,77703,77713,10
13.0008297,80.25650024,77713,77723,10
13.00008965,80.25637054,77723,77734,11
12.99921036,80.25624084,77734,77744,10
12.99862003,80.25614166,77744,77754,10
12.99841022,80.25611877,77754,77764,10
12.9983902,80.25611115,77764,77774,10
12.99831009,80.25610352,77774,77784,10
12.99798965,80.25601959,77784,77794,10
12.99752045,80.25598145,77794,77804,10
12.99748993,80.25596619,77804,77814,10
12.99726009,80.25595856,77814,77824,10
12.9968996,80.25595093,77824,77834,10
12.99645996,80.25592804,77834,77844,10
12.99596977,80.2559433,77844,77855,11
12.99545956,80.25595093,77855,77865,10
12.99499035,80.25596619,77865,77875,10
12.99431992,80.25602722,77875,77885,10
12.99359989,80.256073,77885,77895,10
12.99273014,80.25611115,77895,77905,10
12.9918499,80.25611115,77905,77915,10
12.99135017,80.25608826,77915,77925,10
12.99106979,80.25608063,77925,77935,10
12.99069023,80.25608063,77935,78006,71
12.99069023,80.25608063,78006,78016,10
12.99022007,80.25608063,78016,78026,10
12.98997021,80.25608063,78026,78046,20
12.98997021,80.25608063,78046,78056,10
12.98958015,80.25604248,78056,78066,10
12.98937988,80.25601959,78066,78077,11
12.98853016,80.25598145,78077,78258,181
12.98814011,80.25591278,78258,78298,40
12.98814011,80.25591278,78298,78309,11
12.98795986,80.25588226,78309,78319,10
12.98770046,80.255867,78319,78329,10
12.98754025,80.2562027,78329,78339,10
12.98750973,80.25678253,78339,78349,10
12.98746014,80.25746918,78349,78359,10
12.98740005,80.25827789,78359,78369,10
12.98733997,80.25911713,78369,78379,10
12.98719025,80.259758,78379,78389,10
12.98686028,80.25987244,78389,78399,10
12.98647976,80.25984955,78399,78409,10
12.98626041,80.25984192,78409,78420,11
12.98600006,80.25978088,78420,78430,10
12.98521996,80.25968933,78430,78450,20
12.98521996,80.25968933,78450,78460,10
12.98493004,80.25964355,78460,78470,10
12.98437977,80.25959015,78470,78480,10
12.98359966,80.259552,78480,78490,10
12.98281956,80.25948334,78490,78500,10
12.98196983,80.25940704,78500,78510,10
12.98097992,80.25937653,78510,78520,10
12.97999954,80.25930023,78520,78531,11
12.97889042,80.25914001,78531,78541,10
12.9779501,80.25917816,78541,78551,10
12.97717953,80.25921631,78551,78561,10
12.97653008,80.25917053,78561,78571,10
12.97638988,80.2591629,78571,78581,10
12.9759798,80.25904846,78581,78591,10
12.97535992,80.25885773,78591,78601,10
12.97465992,80.25863647,78601,78611,10
12.97387028,80.25845337,78611,78621,10
12.9730196,80.25826263,78621,78631,10
12.97204018,80.25816345,78631,78641,10
12.97095013,80.25817871,78641,78652,11
12.9699297,80.25791931,78652,78662,10
12.9695797,80.2578125,78662,78672,10
12.96955967,80.25778961,78672,78682,10
12.96924973,80.2576828,78682,78692,10
12.96866035,80.25749207,78692,78702,10
12.96788979,80.2572937,78702,78712,10
12.96710968,80.25708771,78712,78722,10
12.96623039,80.25695801,78722,78732,10
12.96537971,80.25676727,78732,78742,10
12.96452045,80.25663757,78742,78752,10
12.96424961,80.25660706,78752,78763,11
12.96374035,80.25656128,78763,78773,10
12.96319008,80.25650024,78773,78783,10
12.96247959,80.2564621,78783,78793,10
12.96189022,80.25634766,78793,78813,20
12.96189022,80.25634766,78813,78823,10
12.96168995,80.25630951,78823,78833,10
12.96115971,80.2562027,78833,78843,10
12.96078968,80.2561264,78843,78853,10
12.96067047,80.25608826,78853,78863,10
12.96018028,80.25598145,78863,78874,11
12.95932007,80.25578308,78874,78884,10
12.95837021,80.25559235,78884,78894,10
12.95734978,80.25537872,78894,78904,10
12.95621967,80.25524902,78904,78914,10
12.95501995,80.25521851,78914,78924,10
12.95409966,80.25520325,78924,78934,10
12.95392036,80.25520325,78934,78944,10
12.95368004,80.25518799,78944,78954,10
12.95312977,80.25518799,78954,78964,10
12.95232964,80.25514984,78964,78974,10
12.95135021,80.25511169,78974,78985,11
12.95044041,80.25502777,78985,78995,10
12.9502697,80.25499725,78995,79005,10
12.95003033,80.25492859,79005,79015,10
12.94968987,80.25483704,79015,79025,10
12.94921017,80.25473022,79025,79035,10
12.94843006,80.2545166,79035,79045,10
12.94773006,80.25431824,79045,79055,10
12.94727039,80.2542038,79055,79065,10
12.94659042,80.25402069,79065,79075,10
12.94567966,80.2538681,79075,79085,10
12.94458008,80.25373077,79085,79095,10
12.94347,80.25354767,79095,79106,11
12.94252014,80.25337219,79106,79116,10
12.94149017,80.25321198,79116,79126,10
12.94044971,80.25299072,79126,79136,10
12.93937969,80.25283813,79136,79146,10
12.93854046,80.2527771,79146,79156,10
12.93846035,80.25276947,79156,79166,10
12.93826008,80.25273132,79166,79176,10
12.93770027,80.25260925,79176,79186,10
12.93686962,80.25248718,79186,79196,10
12.93583965,80.25238037,79196,79206,10
12.9346199,80.25224304,79206,79217,11
12.93319988,80.25209045,79217,79227,10
12.93192005,80.25193024,79227,79237,10
12.93054962,80.25176239,79237,79247,10
12.92940044,80.25164795,79247,79257,10
12.92875957,80.25157928,79257,79267,10
12.9279604,80.25150299,79267,79277,10
12.92737961,80.25144196,79277,79287,10
12.92728043,80.25141907,79287,79297,10
12.92679024,80.25135803,79297,79307,10
12.92601967,80.25128174,79307,79316,9
12.92518044,80.25122833,79316,79328,12
12.92378998,80.25118256,79328,79338,10
12.92249966,80.25108337,79338,79348,10
12.92115974,80.251297,79348,79358,10
12.91989994,80.25125885,79358,79368,10
12.91864014,80.25087738,79368,79681,313
