13.07623959,80.27599335,1629,1659,30
13.07600975,80.27594757,1659,1688,29
13.07592964,80.27588654,1688,1720,32
13.07592964,80.27587128,1720,1750,30
13.07590961,80.27584839,1750,1944,194
13.07596016,80.27588654,1944,2005,61
13.07584,80.2747879,2005,2043,38
13.07590961,80.2747879,2043,2376,333
13.06667042,80.26686859,2376,23450,21074
13.07600975,80.27352905,23450,24650,1200
13.07831955,80.27552032,24650,25348,698
13.08061981,80.27523804,25348,25379,31
13.08176041,80.27555847,25379,25409,30
13.08203983,80.27799988,25409,25440,31
13.08203983,80.27799988,25440,25469,29
13.08234978,80.28076935,25469,25479,10
13.08240032,80.2816391,25479,25490,11
13.08306026,80.28218079,25490,25500,10
13.08390999,80.28270721,25500,25510,10
13.08471966,80.28330231,25510,25520,10
13.08526039,80.28385925,25520,25530,10
13.08563042,80.28357697,25530,25540,10
13.08602047,80.28356171,25540,25550,10
13.08640003,80.283638,25550,25560,10
13.08679008,80.28391266,25560,25570,10
13.08716965,80.28391266,25570,25580,10
13.08753014,80.28391266,25580,25589,9
13.08773994,80.28392029,25589,25601,12
13.08804989,80.28394318,25601,25651,50
13.08804989,80.28394318,25651,25661,10
13.08821011,80.28372955,25661,25701,40
13.08858967,80.28164673,25701,26123,422
13.0884304,80.28263092,26123,26212,89
13.0884304,80.28263092,26212,26234,22
13.08839989,80.2835083,26234,26244,10
13.08839989,80.28401184,26244,26254,10
13.08848,80.28466797,26254,26265,11
13.08852005,80.28529358,26265,26275,10
13.08854008,80.28559875,26275,26285,10
13.08852005,80.28598785,26285,26295,10
13.08854008,80.28637695,26295,26305,10
13.08856964,80.28682709,26305,26315,10
13.08864021,80.28736115,26315,26325,10
13.08868027,80.28765106,26325,26335,10
13.08872986,80.28829956,26335,26345,10
13.08872986,80.28858185,26345,26355,10
13.08878994,80.2890625,26355,26366,11
13.08882999,80.28935242,26366,26376,10
13.08883953,80.29000854,26376,26426,50
13.08883953,80.29000854,26426,26436,10
13.08883953,80.29017639,26436,26446,10
13.08880043,80.29042053,26446,26456,10
13.08850956,80.29032898,26456,26465,9
13.08821011,80.29016113,26465,26477,12
13.0875597,80.28986359,26477,26487,10
13.08679008,80.28958893,26487,26497,10
13.08570957,80.28930664,26497,26507,10
13.08456993,80.28914642,26507,26517,10
13.08358955,80.28920746,26517,26527,10
13.08275986,80.28910065,26527,26537,10
13.08199024,80.28881836,26537,26547,10
13.08115959,80.2884903,26547,26557,10
13.08041,80.28826141,26557,26567,10
13.07946014,80.28807068,26567,26577,10
13.07833958,80.28765106,26577,26587,10
13.07705021,80.287323,26587,26598,11
13.07573986,80.28697968,26598,26608,10
13.07511997,80.28663635,26608,26618,10
13.07435989,80.28616333,26618,26628,10
13.07326031,80.28588867,26628,26638,10
13.07211018,80.28534698,26638,26648,10
13.0707798,80.28501129,26648,26658,10
13.06951046,80.28471375,26658,26668,10
13.06853008,80.28447723,26668,26678,10
13.06774998,80.2843399,26678,26688,10
13.06669998,80.28410339,26688,26698,10
13.06548023,80.28383636,26698,26709,11
13.0642004,80.28356171,26709,26729,20
13.0642004,80.28356171,26729,26739,10
13.06404018,80.28352356,26739,26749,10
13.0635004,80.28338623,26749,26759,10
13.06268978,80.28318787,26759,26769,10
13.06245995,80.28312683,26769,26779,10
13.06212044,80.28305054,26779,26789,10
13.06142044,80.28289032,26789,26799,10
13.06048012,80.28269196,26799,26809,10
13.05932045,80.28243256,26809,26819,10
13.05825043,80.2822113,26819,26831,12
13.05722046,80.28202057,26831,26841,10
13.05675983,80.28192902,26841,26851,10
13.05663967,80.2818985,26851,26859,8
13.05624008,80.28179932,26859,26871,12
13.0552702,80.28160095,26871,26879,8
13.05443954,80.28143311,26879,26891,12
13.0529604,80.28118134,26891,26901,10
13.05167961,80.28098297,26901,26911,10
13.0506897,80.28083801,26911,26928,17
13.04868031,80.28054047,26928,26938,10
13.04736042,80.28035736,26938,26948,10
13.04627991,80.2802124,26948,26958,10
13.04508018,80.28005981,26958,26968,10
13.04395962,80.27990723,26968,26978,10
13.04347992,80.27980804,26978,26998,20
13.04347992,80.27980804,26998,27008,10
13.04339981,80.27980042,27008,27018,10
13.04292011,80.27970123,27018,27028,10
13.04207993,80.27954102,27028,27039,11
13.04086971,80.27931213,27039,27049,10
13.03973961,80.27906036,27049,27059,10
13.03915024,80.27889252,27059,27069,10
13.03894043,80.27881622,27069,27079,10
13.0383997,80.27861786,27079,27089,10
13.03773975,80.27841187,27089,27099,10
13.03695965,80.27816772,27099,27109,10
13.03602028,80.27787018,27109,27119,10
13.03499031,80.27764893,27119,27129,10
13.03407955,80.27745819,27129,27139,10
13.03351021,80.27738953,27139,27150,11
13.03264046,80.27749634,27150,27160,10
13.03174973,80.27755737,27160,27170,10
13.0311203,80.27736664,27170,27181,11
13.03069973,80.27716064,27181,27191,10
13.03017998,80.27689362,27191,27200,9
13.02950001,80.27670288,27200,27211,11
13.02871037,80.27644348,27211,27221,10
13.02789021,80.27606964,27221,27231,10
13.02705956,80.27571106,27231,27241,10
13.02639961,80.27539825,27241,27251,10
13.02608967,80.27528381,27251,27262,11
13.02591991,80.27519226,27262,27272,10
13.02540016,80.27497101,27272,27282,10
13.02429962,80.27430725,27282,27312,30
13.02429962,80.27430725,27312,27322,10
13.02416039,80.27416229,27322,27332,10
13.02390957,80.27381134,27332,27342,10
13.0236702,80.2734375,27342,27352,10
13.0232296,80.27284241,27352,27362,10
13.02262974,80.27203369,27362,27373,11
13.02180004,80.27095032,27373,27383,10
13.02112007,80.27011108,27383,27393,10
13.02071953,80.2696228,27393,27401,8
13.02031994,80.26909637,27401,27413,12
13.01949024,80.26805878,27413,27423,10
13.01877975,80.26708984,27423,27433,10
13.01863956,80.26608276,27433,27443,10
13.01875973,80.26545715,27443,27453,10
13.01900959,80.26457977,27453,27463,10
13.01904011,80.26363373,27463,27473,10
13.01896954,80.26320648,27473,27484,11
13.01885986,80.26235962,27484,27494,10
13.01869011,80.26135254,27494,27504,10
13.01790047,80.26077271,27504,27514,10
13.01688004,80.26009369,27514,27524,10
13.01611042,80.25968933,27524,27534,10
13.01603985,80.25965881,27534,27543,9
13.01566029,80.2594986,27543,27555,12
13.01476955,80.25933075,27555,27565,10
13.01385021,80.25927734,27565,27575,10
13.01268959,80.2592392,27575,27585,10
13.01148987,80.25917816,27585,27596,11
13.01014996,80.25923157,27596,27606,10
13.00901985,80.25917816,27606,27616,10
13.00866032,80.25919342,27616,27626,10
13.00813961,80.25917816,27626,27636,10
13.00743008,80.25926208,27636,27646,10
13.00722027,80.2587204,27646,27656,10
13.00716972,80.25856781,27656,27666,10
13.00689983,80.25807953,27666,27676,10
13.00623035,80.25758362,27676,27686,10
13.00529003,80.25731659,27686,27697,11
13.00454044,80.25714874,27697,27707,10
13.00364971,80.25695801,27707,27717,10
13.00279045,80.25679016,27717,27727,10
13.00185966,80.25662231,27727,27767,40
13.00185966,80.25662231,27767,27777,10
13.00152969,80.25656128,27777,27787,10
13.00086021,80.2564621,27787,27797,10
13.00008965,80.25634003,27797,27806,9
12.99946022,80.25621796,27806,27818,12
12.99866009,80.25608826,27818,27858,40
12.99866009,80.25608826,27858,27868,10
12.99845028,80.25605774,27868,27888,20
12.99845028,80.25605774,27888,27898,10
12.99827957,80.25605011,27898,27908,10
12.99789047,80.2559433,27908,27918,10
12.99713039,80.2559433,27918,27939,21
12.99713039,80.2559433,27939,27949,10
12.99683952,80.25595093,27949,27959,10
12.99629974,80.25591278,27959,27969,10
12.99551964,80.25592804,27969,27979,10
12.9946804,80.25595093,27979,27989,10
12.99365044,80.25602722,27989,27999,10
12.9924202,80.25610352,27999,28009,10
12.99129009,80.25605774,28009,28019,10
12.99036026,80.25602722,28019,28029,10
12.98945045,80.2559967,28029,28040,11
12.9886198,80.25592041,28040,28050,10
12.98838043,80.25588989,28050,28060,10
12.98818016,80.25585175,28060,28070,10
12.98771954,80.25579834,28070,28080,10
12.98733044,80.25572205,28080,28090,10
12.98670959,80.25562286,28090,28100,10
12.98618984,80.25550079,28100,28110,10
12.98573017,80.25543213,28110,28120,10
12.98501015,80.25524902,28120,28130,10
12.98408985,80.25505829,28130,28140,10
12.98326015,80.25482178,28140,28152,12
12.98243999,80.25456238,28152,28160,8
12.98206997,80.25414276,28160,28170,10
12.98182964,80.25337219,28170,28180,10
12.98130035,80.25279999,28180,28192,12
12.98013973,80.25279236,28192,28202,10
12.97920036,80.25270844,28202,28212,10
12.97875023,80.25263977,28212,28220,8
12.9786396,80.25258636,28220,28230,10
12.97819996,80.25231171,28230,28242,12
12.97737026,80.2516098,28242,28252,10
12.97628021,80.2511673,28252,28263,11
12.97488022,80.2507782,28263,28273,10
12.97350979,80.25041199,28273,28281,8
12.97237968,80.25009918,28281,28291,10
12.9709301,80.24970245,28291,28303,12
12.96922016,80.24906158,28303,28313,10
12.96790028,80.24855804,28313,28323,10
12.96677017,80.24804688,28323,28332,9
12.96580982,80.24762726,28332,28342,10
12.96504021,80.24739075,28342,28353,11
12.96494007,80.24736023,28353,28362,9
12.96459961,80.24720001,28362,28374,12
12.9637804,80.24685669,28374,28384,10
12.96288013,80.24640656,28384,28394,10
12.96185017,80.24588776,28394,28404,10
12.96068001,80.24533844,28404,28414,10
12.95975971,80.24495697,28414,28424,10
12.95956993,80.24487305,28424,28434,10
12.95919037,80.24468231,28434,28444,10
12.95849991,80.24436951,28444,28454,10
12.95771027,80.2440567,28454,28464,10
12.95648956,80.24353027,28464,28485,21
12.95648956,80.24353027,28485,28495,10
12.9559803,80.24333191,28495,28505,10
12.95526028,80.24304962,28505,28515,10
12.95436001,80.24269104,28515,28525,10
12.95328045,80.24227142,28525,28535,10
12.95213032,80.24182129,28535,28545,10
12.95098972,80.24140167,28545,28555,10
12.94985962,80.24105835,28555,28565,10
12.94937992,80.24095154,28565,28596,31
12.94937992,80.24095154,28596,28606,10
12.94925976,80.24091339,28606,28616,10
12.94876003,80.24069214,28616,28626,10
12.9479599,80.24034119,28626,28636,10
12.94721985,80.2400589,28636,28646,10
12.94698048,80.2399826,28646,28656,10
12.94696045,80.2399826,28656,28666,10
12.94657993,80.23980713,28666,28676,10
12.94587994,80.23950958,28676,28686,10
12.94511032,80.23902893,28686,28696,10
12.94447994,80.2383728,28696,28707,11
12.94386005,80.23770142,28707,28717,10
12.94344997,80.23731232,28717,28727,10
12.9433403,80.23738861,28727,28737,10
12.9433403,80.23747253,28737,28747,10
12.94316006,80.23793793,28747,28757,10
12.94287968,80.23856354,28757,28767,10
12.9426899,80.23916626,28767,28777,10
12.94262028,80.23956299,28777,28787,10
12.94246006,80.24015808,28787,28797,10
12.9423399,80.24053955,28797,28807,10
12.94182014,80.24046326,28807,28818,11
12.94089985,80.24027252,28818,28828,10
12.93968964,80.24001312,28828,28878,50
12.93968964,80.24001312,28878,28888,10
12.9395504,80.23995972,28888,28898,10
12.93894005,80.23970795,28898,30745,1847
12.94038963,80.24014282,30745,30777,32
12.94241047,80.24033356,30777,30807,30
12.94258022,80.23973083,30807,30837,30
12.94295979,80.23854065,30837,30867,30
12.94347,80.2372818,30867,30898,31
12.94122028,80.23622131,30898,30929,31
12.94122028,80.23622131,30929,30948,19
12.93912029,80.23548889,30948,30958,10
12.93805027,80.23496246,30958,30968,10
12.93712044,80.23452759,30968,30979,11
12.93642044,80.23425293,30979,30989,10
12.93585968,80.23397827,30989,30999,10
12.93575001,80.23390961,30999,31009,10
12.93593025,80.23377991,31009,31019,10
12.93642044,80.23400879,31019,31029,10
12.93719006,80.23438263,31029,31039,10
12.93817043,80.23486328,31039,31049,10
12.93916035,80.23535156,31049,31059,10
12.93959045,80.23558044,31059,31079,20
12.93959045,80.23558044,31079,31090,11
12.93972969,80.235672,31090,31100,10
12.94029045,80.23587036,31100,31110,10
12.94114971,80.23609161,31110,31120,10
12.94217968,80.23635101,31120,31130,10
12.94324017,80.23690033,31130,31140,10
12.94414997,80.23782349,31140,31148,8
12.94489002,80.23863983,31148,31160,12
12.9461298,80.23950195,31160,31170,10
12.94703007,80.23986053,31170,31190,20
12.94703007,80.23986053,31190,31201,11
12.94725037,80.23995209,31201,31211,10
12.9478302,80.24021912,31211,31221,10
12.94853973,80.24051666,31221,31231,10
12.94874001,80.24060059,31231,31241,10
12.94880009,80.24062347,31241,31251,10
12.94919968,80.24078369,31251,31261,10
12.94989967,80.24098969,31261,31271,10
12.95073032,80.2412262,31271,31281,10
12.9511404,80.24134827,31281,31291,10
12.95116043,80.24136353,31291,31301,10
12.95118999,80.24137115,31301,31310,9
12.95153046,80.24149323,31310,31322,12
12.95228004,80.24178314,31322,31332,10
12.95312977,80.24210358,31332,31342,10
12.95400047,80.24246216,31342,31352,10
12.95483017,80.24281311,31352,31362,10
12.95549965,80.24304962,31362,31372,10
12.95639038,80.24330139,31372,31402,30
12.95639038,80.24330139,31402,31412,10
12.95683002,80.24346924,31412,31422,10
12.95748043,80.24382019,31422,31433,11
12.95841026,80.24421692,31433,31443,10
12.95893002,80.24442291,31443,31453,10
12.95895004,80.24443054,31453,31464,11
12.95913982,80.24453735,31464,31473,9
12.95958996,80.24476624,31473,31483,10
12.96032047,80.24510193,31483,31493,10
12.96121025,80.24550629,31493,31503,10
12.96222973,80.2460022,31503,31514,11
12.96304035,80.2463913,31514,31524,10
12.96348953,80.2466507,31524,31533,9
12.96389961,80.24684143,31533,31545,12
12.96442986,80.24703979,31545,31553,8
12.9649601,80.2472229,31553,31564,11
12.9658699,80.24752808,31564,31575,11
12.96658039,80.24781036,31575,31594,19
12.96658039,80.24781036,31594,31605,11
12.96675968,80.24791718,31605,31614,9
12.96716976,80.24813843,31614,31625,11
12.96792984,80.24851227,31625,31634,9
12.96874046,80.2488327,31634,31643,9
12.96969032,80.24919891,31643,31656,13
12.97122002,80.24974823,31656,31666,10
12.97249985,80.25007629,31666,31676,10
12.97379971,80.25041199,31676,31686,10
12.97509956,80.2507782,31686,31696,10
12.97640038,80.25113678,31696,31706,10
12.97752953,80.25157166,31706,31716,10
12.97867966,80.252388,31716,31746,30
12.97867966,80.252388,31746,31756,10
12.97879028,80.25245667,31756,31767,11
12.97964001,80.25261688,31767,31797,30
12.97964001,80.25261688,31797,31807,10
12.97990036,80.25263977,31807,31817,10
12.98050022,80.25263977,31817,31827,10
12.98132038,80.25261688,31827,31837,10
12.98231983,80.25260162,31837,31847,10
12.98349953,80.25247955,31847,31857,10
12.98456001,80.25218964,31857,31867,10
12.98548031,80.25192261,31867,31878,11
12.98596001,80.25177765,31878,31888,10
12.98612976,80.25171661,31888,31898,10
12.98659992,80.25161743,31898,31908,10
12.98725033,80.25141907,31908,31918,10
12.98781967,80.25137329,31918,31928,10
12.98797989,80.25164032,31928,31938,10
12.98806,80.25205231,31938,31948,10
12.98806953,80.25229645,31948,31958,10
12.98806953,80.25232697,31958,31968,10
12.98799992,80.25282288,31968,31978,10
12.98791981,80.25361633,31978,31989,11
12.98783016,80.25449371,31989,31999,10
12.98775959,80.25538635,31999,32049,50
12.98775959,80.25538635,32049,32059,10
12.98771954,80.25579834,32059,32069,10
12.98816013,80.25588226,32069,32079,10
12.98851013,80.25588989,32079,32089,10
12.98859978,80.25588989,32089,32100,11
12.98892975,80.25591278,32100,32110,10
12.98950958,80.25596619,32110,32120,10
12.99005985,80.25601196,32120,32130,10
12.99030972,80.25601196,32130,32140,10
12.9905901,80.25601196,32140,32150,10
12.99116039,80.25604248,32150,32160,10
12.99193954,80.25605774,32160,32170,10
12.99283028,80.25604248,32170,32180,10
12.99382019,80.25598145,32180,32190,10
12.99473953,80.25589752,32190,32200,10
12.99520969,80.25588226,32200,32210,10
12.99569035,80.25585938,32210,32221,11
12.99639034,80.25583649,32221,32231,10
12.9967804,80.25582123,32231,32281,50
12.9967804,80.25582123,32281,32291,10
12.99683952,80.2557373,32291,32301,10
12.99719048,80.25579834,32301,32311,10
12.99773979,80.25585175,32311,32321,10
12.99878025,80.25601196,32321,32342,21
12.99878025,80.25601196,32342,32352,10
12.99892998,80.25602722,32352,32362,10
12.99927998,80.25608063,32362,32372,10
12.9998703,80.25621796,32372,32382,10
13.00065994,80.25637054,32382,32392,10
13.00146961,80.25650787,32392,32402,10
13.00224018,80.25663757,32402,32412,10
13.00284958,80.25675964,32412,32422,10
13.0034399,80.25688171,32422,32432,10
13.00407982,80.25700378,32432,32443,11
13.0048399,80.25714874,32443,32453,10
13.00545025,80.25724792,32453,32513,60
13.00545025,80.25724792,32513,32523,10
13.00574017,80.25740051,32523,32533,10
13.00627041,80.25746155,32533,32543,10
13.00683975,80.25771332,32543,32553,10
13.00726032,80.25839233,32553,32563,10
13.00796986,80.25878143,32563,32575,12
13.00854969,80.25895691,32575,32583,8
13.00860977,80.2589798,32583,32595,12
13.00876045,80.25901794,32595,32605,10
13.0089798,80.25904846,32605,32614,9
13.00942993,80.25907135,32614,32624,10
13.01023006,80.25908661,32624,32633,9
13.01115036,80.25907898,32633,32645,12
13.01255989,80.25910187,32645,32654,9
13.01373959,80.25914001,32654,32665,11
13.01521969,80.25920868,32665,32676,11
13.01651001,80.25971985,32676,32705,29
13.01651001,80.25971985,32705,32716,11
13.0167799,80.25995636,32716,32725,9
13.01733971,80.26033783,32725,32735,10
13.01811981,80.26087952,32735,32745,10
13.01885033,80.2614212,32745,32755,10
13.01937008,80.26186371,32755,32764,9
13.01972961,80.26222229,32764,32777,13
13.02035999,80.26278687,32777,32787,10
13.02013016,80.26300812,32787,32797,10
13.01955032,80.26300049,32797,32807,10
13.0190897,80.26300049,32807,32817,10
13.01910019,80.2635498,32817,32827,10
13.01914978,80.26403809,32827,32837,10
13.01912022,80.26445007,32837,32847,10
13.01895046,80.26506042,32847,32857,10
13.01881027,80.26557922,32857,32867,10
13.01871967,80.26612854,32867,32877,10
13.01873016,80.26651001,32877,32898,21
13.01875019,80.26670837,32898,32918,20
13.01877975,80.26689911,32918,32938,20
13.01877975,80.26689911,32938,32948,10
13.01883984,80.26708221,32948,32958,10
13.01889038,80.26719666,32958,32968,10
13.01900005,80.26741791,32968,32978,10
13.01920033,80.2677536,32978,32988,10
13.0196104,80.26825714,32988,32998,10
13.02023029,80.26898956,32998,33009,11
13.02089977,80.26979828,33009,33019,10
13.02145004,80.27040863,33019,33029,10
13.02151012,80.27049255,33029,33039,10
13.02173996,80.27079773,33039,33049,10
13.02217007,80.27136993,33049,33059,10
13.02272034,80.27210236,33059,33069,10
13.02338028,80.27297974,33069,33079,10
13.02404976,80.27388763,33079,33088,9
13.02455044,80.27451324,33088,33099,11
13.02532959,80.27487946,33099,33109,10
13.02546024,80.27493286,33109,33120,11
13.02565002,80.27503204,33120,33130,10
13.02618027,80.27528381,33130,33140,10
13.02684975,80.27559662,33140,33150,10
13.02762032,80.27596283,33150,33160,10
13.02845001,80.27629852,33160,33170,10
13.02921963,80.27655792,33170,33180,10
13.02991962,80.27671814,33180,33190,10
13.03048038,80.27696991,33190,33200,10
13.03098965,80.27729034,33200,33210,10
13.03159046,80.27757263,33210,33220,10
13.03219986,80.27751923,33220,33231,11
13.03275967,80.27748871,33231,33241,10
13.03289032,80.27748108,33241,33251,10
13.03341961,80.2773819,33251,33261,10
13.03405952,80.27745056,33261,33271,10
13.03489971,80.2776413,33271,33281,10
13.03575993,80.27778625,33281,33291,10
13.03658009,80.27796936,33291,33303,12
13.0373497,80.27826691,33303,33313,10
13.03738022,80.27828979,33313,33323,10
13.03748989,80.27832031,33323,33333,10
13.03800011,80.27844238,33333,33344,11
13.03878975,80.27866364,33344,33354,10
13.03896046,80.2787323,33354,33364,10
13.0392704,80.27884674,33364,33374,10
13.03989029,80.27902985,33374,33384,10
13.04078007,80.27925873,33384,33394,10
13.04187965,80.27944183,33394,33404,10
13.04314041,80.27957153,33404,33466,62
13.04314041,80.27957153,33466,33476,10
13.04349995,80.27967072,33476,33486,10
13.04421043,80.27986145,33486,33494,8
13.04496956,80.27998352,33494,33506,12
13.04578018,80.2800827,33506,33516,10
13.0458498,80.28009033,33516,33526,10
13.04633045,80.280159,33526,33535,9
13.04705048,80.28028107,33535,33546,11
13.04817009,80.28044891,33546,33555,9
13.04922009,80.2806015,33555,33565,10
13.05023003,80.28073883,33565,33575,10
13.05058956,80.28079987,33575,33585,10
13.05064011,80.2808075,33585,33597,12
13.05119991,80.28089905,33597,33607,10
13.05202961,80.28102112,33607,33615,8
13.05284023,80.28114319,33615,33625,10
13.05403996,80.28134155,33625,33635,10
13.05517006,80.28154755,33635,33645,10
13.05611992,80.28173065,33645,33657,12
13.05650043,80.28179932,33657,33665,8
13.05659962,80.2818222,33665,33678,13
13.0571804,80.28193665,33678,33698,20
13.0571804,80.28193665,33698,33708,10
13.05727959,80.28195953,33708,33718,10
13.05768967,80.28204346,33718,33728,10
13.05842018,80.28220367,33728,33735,7
13.05904961,80.28231812,33735,33748,13
13.06033993,80.2826004,33748,33758,10
13.0613203,80.2828064,33758,33768,10
13.06223965,80.28301239,33768,33775,7
13.06278038,80.2831192,33775,33788,13
13.06311989,80.28318787,33788,33799,11
13.06344986,80.28327179,33799,33809,10
13.06412983,80.28344727,33809,33819,10
13.06499958,80.28366089,33819,33829,10
13.06610012,80.28385925,33829,33839,10
13.06766987,80.28417206,33839,33859,20
13.06766987,80.28417206,33859,33869,10
13.06779957,80.28418732,33869,33879,10
13.06828022,80.2842865,33879,33889,10
13.06904984,80.2844696,33889,33899,10
13.07007027,80.284729,33899,33910,11
13.07141018,80.28507233,33910,33920,10
13.07269955,80.28529358,33920,33930,10
13.0738802,80.28552246,33930,33940,10
13.07474995,80.28633118,33940,33950,10
13.07571983,80.28688812,33950,33960,10
13.07686043,80.28723907,33960,33970,10
13.07812023,80.28755951,33970,33980,10
13.07933998,80.28797913,33980,33990,10
13.07985973,80.28807068,33990,34000,10
13.07987022,80.28807068,34000,34010,10
13.08008957,80.28813171,34010,34021,11
13.08061028,80.28826141,34021,34031,10
13.08121967,80.28848267,34031,34041,10
13.08205032,80.28872681,34041,34051,10
13.08281994,80.28910065,34051,34061,10
13.08368969,80.28919983,34061,34071,10
13.08475018,80.28916168,34071,34081,10
13.0858202,80.2893219,34081,34091,10
13.08701992,80.28964233,34091,34101,10
13.08794022,80.29000092,34101,34110,9
13.08852005,80.29016113,34110,34123,13
13.08878994,80.29019165,34123,34134,11
13.08882999,80.29029846,34134,34174,40
13.08882999,80.29029846,34174,34184,10
13.08862019,80.2905426,34184,34194,10
13.08864021,80.29055786,34194,34204,10
13.08833027,80.2903595,34204,34214,10
13.08765984,80.2900238,34214,34224,10
13.08670044,80.289711,34224,34234,10
13.08576012,80.28942871,34234,34245,11
13.08530045,80.28869629,34245,34255,10
13.08510017,80.28771973,34255,34265,10
13.08518982,80.28649902,34265,34275,10
13.08530045,80.28530884,34275,34285,10
13.08528042,80.28437805,34285,34295,10
13.08520031,80.28408051,34295,34306,11
13.08533001,80.28392792,34306,34315,9
13.08547974,80.28357697,34315,34325,10
13.08578968,80.28352356,34325,34335,10
13.08615971,80.28353882,34335,34346,11
13.08658028,80.28382111,34346,34357,11
13.08701038,80.28392792,34357,34367,10
13.08740044,80.28395081,34367,34376,9
13.08794022,80.28397369,34376,34406,30
13.08794022,80.28397369,34406,34416,10
13.08819962,80.28399658,34416,34426,10
13.08827972,80.28388977,34426,35007,581
13.08806992,80.28379059,35007,36085,1078
13.08815956,80.28353882,36085,36149,64
13.08837032,80.28298187,36149,36178,29
13.08819962,80.28173828,36178,36209,31
13.08819962,80.28173828,36209,36239,30
13.08848,80.28209686,36239,36250,11
13.08841991,80.28253937,36250,36260,10
13.08837032,80.28296661,36260,36270,10
13.08837032,80.2835083,36270,36280,10
13.08839989,80.28417969,36280,36290,10
13.08843994,80.2849884,36290,36360,70
13.08843994,80.2849884,36360,36371,11
13.08850956,80.28527832,36371,36381,10
13.08854008,80.28565216,36381,36391,10
13.0885601,80.28601074,36391,36401,10
13.08854961,80.28639984,36401,36411,10
13.08854961,80.28679657,36411,36421,10
13.08858013,80.28736115,36421,36431,10
13.0886097,80.28759766,36431,36441,10
13.08866978,80.28807068,36441,36451,10
13.08870029,80.28852081,36451,36461,10
13.0886898,80.28875732,36461,36471,10
13.08874035,80.28926849,36471,36482,11
13.08876991,80.28943634,36482,36492,10
13.08876038,80.29016113,36492,36542,50
13.08876038,80.29016113,36542,36552,10
13.08872986,80.29038239,36552,36562,10
13.08841991,80.29038239,36562,36572,10
13.08790016,80.29006195,36572,36582,10
13.08710957,80.28968048,36582,36593,11
13.0858202,80.28929901,36593,36603,10
13.08463001,80.28904724,36603,36613,10
13.08353996,80.28916168,36613,36623,10
13.08257961,80.28900146,36623,36633,10
13.08170033,80.28865814,36633,36643,10
13.08090973,80.28839874,36643,36653,10
13.08022022,80.28822327,36653,36663,10
13.07954025,80.28809357,36663,36673,10
13.07870007,80.28775024,36673,36683,10
13.07765961,80.28743744,36683,36693,10
13.07645988,80.28713226,36693,36704,11
13.07526016,80.28668976,36704,36714,10
13.07439995,80.28614044,36714,36724,10
13.07363987,80.28598785,36724,36734,10
13.07277966,80.28559113,36734,36744,10
13.07170963,80.28520966,36744,36754,10
13.07048035,80.28489685,36754,36764,10
13.06917953,80.2845993,36764,36774,10
13.06803036,80.28434753,36774,36784,10
13.06680012,80.28414154,36784,36794,10
13.06554985,80.28385162,36794,36804,10
13.06462955,80.283638,36804,36815,11
13.06385994,80.28343964,36815,36825,10
13.0632,80.28327942,36825,36835,10
13.06252956,80.28312683,36835,36845,10
13.06217957,80.28305054,36845,36855,10
13.06155968,80.28291321,36855,36865,10
13.06068039,80.2827301,36865,36875,10
13.0596199,80.28250885,36875,36885,10
13.05842972,80.28227234,36885,36895,10
13.05749035,80.2820816,36895,36905,10
13.05673981,80.28192139,36905,36915,10
13.05659962,80.2818985,36915,36925,10
13.05618,80.28179932,36925,36935,10
13.05564976,80.28167725,36935,36945,10
13.05486012,80.2815094,36945,36957,12
13.05362988,80.28127289,36957,36967,10
13.05247021,80.28108978,36967,36975,8
13.05167961,80.28096771,36975,36985,10
13.05113983,80.28089905,36985,36997,12
13.05072021,80.2808609,36997,37005,8
13.05023956,80.28077698,37005,37016,11
13.04932976,80.28064728,37016,37026,10
13.04833031,80.28050995,37026,37036,10
13.04714012,80.2803421,37036,37046,10
13.04605961,80.2802124,37046,37056,10
13.04566002,80.280159,37056,37066,10
13.04547977,80.28014374,37066,37076,10
13.04493999,80.28005981,37076,37086,10
13.04417992,80.279953,37086,37096,10
13.0437603,80.27987671,37096,37106,10
13.04327965,80.27979279,37106,37116,10
13.04255009,80.27960968,37116,37126,10
13.04158974,80.27944183,37126,37136,10
13.0404501,80.27919769,37136,37146,10
13.03956985,80.27895355,37146,37159,13
13.03901005,80.27883148,37159,37169,10
13.03896999,80.27881622,37169,37179,10
13.03862953,80.27870941,37179,37189,10
13.03800964,80.27848816,37189,37199,10
13.03726959,80.27825928,37199,37209,10
13.03647995,80.27796936,37209,37219,10
13.03555965,80.27780151,37219,37229,10
13.03462982,80.27761841,37229,37239,10
13.03380966,80.27739716,37239,37249,10
13.03345013,80.27739716,37249,37259,10
13.03289986,80.27745819,37259,37270,11
13.03199959,80.2775116,37270,37280,10
13.0309,80.27722168,37280,37300,20
13.0309,80.27722168,37300,37310,10
13.03052044,80.27700806,37310,37320,10
13.03001022,80.27681732,37320,37330,10
13.02966976,80.27677917,37330,37340,10
13.02898979,80.27658081,37340,37350,10
13.02834988,80.27633667,37350,37360,10
13.02764988,80.27599335,37360,37371,11
13.02694988,80.27565765,37371,37381,10
13.02612019,80.27528381,37381,37401,20
13.02612019,80.27528381,37401,37411,10
13.02577972,80.27510834,37411,37421,10
13.02523041,80.27487946,37421,37431,10
13.02455044,80.27452087,37431,37441,10
13.02418041,80.27416229,37441,37471,30
13.02418041,80.27416229,37471,37481,10
13.02404976,80.27391052,37481,37491,10
13.02377987,80.27355194,37491,37502,11
13.02334023,80.27295685,37502,37512,10
13.02280045,80.27223969,37512,37522,10
13.02210045,80.27136993,37522,37532,10
13.02140999,80.27050018,37532,37542,10
13.02095032,80.26998138,37542,37552,10
13.02085018,80.26988983,37552,37562,10
13.02081013,80.26981354,37562,37572,10
13.02056026,80.26950836,37572,37582,10
13.02017975,80.26901245,37582,37592,10
13.01957989,80.2682724,37592,37602,10
13.01893997,80.26750183,37602,37613,11
13.01860046,80.2664032,37613,37623,10
13.01865005,80.26571655,37623,37633,10
13.01887035,80.26493073,37633,37643,10
13.01904011,80.26397705,37643,37653,10
13.01896954,80.26344299,37653,37663,10
13.01889038,80.26302338,37663,37673,10
13.01887989,80.26294708,37673,37683,10
13.01885033,80.26258087,37683,37693,10
13.01877975,80.26190948,37693,37703,10
13.01863956,80.26133728,37703,37713,10
13.01821995,80.26104736,37713,37724,11
13.01766014,80.26064301,37724,37734,10
13.01698971,80.26016998,37734,37744,10
13.01622963,80.25974274,37744,37754,10
13.01605034,80.25965881,37754,37764,10
13.01578045,80.25953674,37764,37774,10
13.01519012,80.25937653,37774,37784,10
13.01439953,80.25930023,37784,37794,10
13.0134697,80.25926208,37794,37804,10
13.01233959,80.25920105,37804,37814,10
13.01126003,80.2591629,37814,37824,10
13.01035976,80.25920868,37824,37835,11
13.00936031,80.25919342,37835,37845,10
13.00879002,80.25917053,37845,37855,10
13.0085001,80.25914764,37855,37865,10
13.00794983,80.25920105,37865,37875,10
13.00739002,80.25913239,37875,37885,10
13.00716019,80.25863647,37885,37895,10
13.0071497,80.25852966,37895,37905,10
13.00697041,80.25823975,37905,37915,10
13.00660038,80.2578125,37915,37925,10
13.00625992,80.25759888,37925,37935,10
13.00580025,80.25743866,37935,37946,11
13.00529957,80.25730896,37946,37956,10
13.00465965,80.25717926,37956,37966,10
13.00397968,80.25702667,37966,37976,10
13.00327969,80.25688171,37976,37986,10
13.00279045,80.25679016,37986,37996,10
13.00224972,80.25669098,37996,38007,11
13.00162029,80.25659943,38007,38067,60
13.00162029,80.25659943,38067,38077,10
13.00133991,80.25656891,38077,38087,10
13.00084019,80.25649261,38087,38097,10
13.00018024,80.25641632,38097,38107,10
12.99958038,80.25628662,38107,38117,10
12.99909973,80.25618744,38117,38127,10
12.99862003,80.25611115,38127,38137,10
12.99855042,80.25610352,38137,38147,10
12.99839973,80.25610352,38147,38157,10
12.99814034,80.25601959,38157,38167,10
12.99781036,80.25595093,38167,38180,13
12.99759007,80.2559433,38180,38230,50
12.99759007,80.2559433,38230,38240,10
12.99740028,80.25604248,38240,38250,10
12.99707031,80.2559967,38250,38260,10
12.99676991,80.25595093,38260,38270,10
12.99639034,80.25589752,38270,38280,10
12.99594975,80.255867,38280,38291,11
12.9957304,80.255867,38291,38301,10
12.99559975,80.25588989,38301,38311,10
12.99518967,80.25589752,38311,38321,10
12.99464989,80.25592041,38321,38331,10
12.99413967,80.25595856,38331,38341,10
12.99339962,80.2559967,38341,38351,10
12.9924202,80.25604248,38351,38361,10
12.99133015,80.25602722,38361,38371,10
12.99077988,80.25601196,38371,38381,10
12.99028015,80.25598907,38381,38391,10
12.98952007,80.25601196,38391,38402,11
12.98867989,80.2559433,38402,38412,10
12.98791027,80.25582886,38412,38543,131
12.98791027,80.25582886,38543,38553,10
12.98760033,80.25579834,38553,38563,10
12.98711967,80.25570679,38563,38573,10
12.98653984,80.2556076,38573,38583,10
12.98626995,80.25556946,38583,38593,10
12.9861002,80.25553131,38593,38603,10
12.98589039,80.25549316,38603,38634,31
12.98589039,80.25549316,38634,38644,10
12.98554993,80.25540924,38644,38654,10
12.98488045,80.25525665,38654,38664,10
12.98406982,80.25505829,38664,38674,10
12.98318958,80.25485229,38674,38684,10
12.98235035,80.25453949,38684,38694,10
12.9818697,80.25377655,38694,38704,10
12.98159981,80.25289154,38704,38714,10
12.98073959,80.2527771,38714,38724,10
12.97998047,80.25276947,38724,38734,10
12.97918034,80.25267792,38734,38745,11
12.97840023,80.25250244,38745,38755,10
12.97821999,80.25235748,38755,38765,10
12.97776985,80.25193787,38765,38775,10
12.97700977,80.25140381,38775,38785,10
12.97591972,80.25106049,38785,38795,10
12.97469044,80.25071716,38795,38805,10
12.97338009,80.25034332,38805,38815,10
12.97200012,80.24997711,38815,38825,10
12.97056961,80.24958038,38825,38835,10
12.96918964,80.24904633,38835,38846,11
12.9677,80.24845886,38846,38855,9
12.96667004,80.24799347,38855,38867,12
12.96547031,80.24749756,38867,38877,10
12.96494007,80.24733734,38877,38887,10
12.96481037,80.24727631,38887,38898,11
12.96432018,80.24707794,38898,38908,10
12.96378994,80.24688721,38908,38918,10
12.96372986,80.24685669,38918,38927,9
12.96348953,80.2467804,38927,38938,11
12.96286964,80.24649048,38938,38948,10
12.96205044,80.24609375,38948,38960,12
12.96088028,80.24550629,38960,38970,10
12.95993996,80.24510193,38970,38980,10
12.95948029,80.24490356,38980,38990,10
12.95926952,80.24478912,38990,39000,10
12.95872021,80.24452972,39000,39010,10
12.95800018,80.24421692,39010,39020,10
12.95732975,80.24398041,39020,39030,10
12.95643044,80.24371338,39030,39050,20
12.95643044,80.24371338,39050,39060,10
12.95602036,80.24353027,39060,39071,11
12.95526028,80.24313354,39071,39081,10
12.95431995,80.24272156,39081,39091,10
12.95333004,80.24230194,39091,39101,10
12.95240974,80.24195862,39101,39111,10
12.95182991,80.24178314,39111,39121,10
12.95166969,80.2416687,39121,39131,10
12.95108032,80.24143219,39131,39141,10
12.95020008,80.24117279,39141,39151,10
12.94911957,80.24088287,39151,39161,10
12.94810963,80.24044037,39161,39171,10
12.94717979,80.24006653,39171,39182,11
12.94701004,80.24001312,39182,39192,10
12.94666958,80.23986053,39192,39202,10
12.94600964,80.23957825,39202,39212,10
12.94521046,80.2390976,39212,39222,10
12.9443903,80.23828125,39222,39232,10
12.94351006,80.23731232,39232,39242,10
12.94244957,80.2365036,39242,39252,10
12.94159985,80.23625183,39252,39262,10
12.94079018,80.2360611,39262,39272,10
12.93978024,80.23577881,39272,39282,10
12.93939972,80.23564148,39282,39290,8
12.93910027,80.23545837,39290,39303,13
12.93819046,80.23500061,39303,39313,10
12.93723965,80.23454285,39313,39323,10
12.93618965,80.23401642,39323,39333,10
12.93511963,80.2335434,39333,39343,10
12.93408966,80.23310089,39343,39353,10
12.93379021,80.23294067,39353,39363,10
12.93354988,80.2328186,39363,39373,10
12.93295002,80.23252869,39373,39383,10
12.93208027,80.2322464,39383,39393,10
12.93097973,80.23190308,39393,39403,10
12.92978954,80.23156738,39403,39414,11
12.92897034,80.23142242,39414,39424,10
12.92887974,80.23139954,39424,39434,10
12.92850018,80.23132324,39434,39444,10
12.92776966,80.2312088,39444,39454,10
12.92679024,80.2310791,39454,39464,10
12.92572021,80.23095703,39464,39474,10
12.92453957,80.2308197,39474,39484,10
12.9232502,80.2306366,39484,39494,10
12.92189026,80.23042297,39494,39504,10
12.92043972,80.23023987,39504,39514,10
12.91905022,80.23007202,39514,39524,10
12.91781044,80.22989655,39524,39535,11
12.91635036,80.22969818,39535,39545,10
12.91508007,80.22952271,39545,39555,10
12.91397953,80.22937012,39555,39565,10
12.91333008,80.22931671,39565,39575,10
12.91318035,80.22928619,39575,39585,10
12.91271019,80.22920227,39585,39595,10
12.91187954,80.2290802,39595,39605,10
12.91098022,80.22895813,39605,39615,10
12.90985966,80.22879791,39615,39625,10
12.90861034,80.22859192,39625,39636,11
12.90750027,80.2283783,39636,39646,10
12.90688992,80.228302,39646,39656,10
12.90684986,80.228302,39656,39666,10
12.90672016,80.228302,39666,39676,10
12.90620041,80.2282486,39676,39686,10
12.90534973,80.22821045,39686,39696,10
12.90425968,80.22815704,39696,39706,10
12.90312958,80.22812653,39706,39716,10
12.90200996,80.22807312,39716,39726,10
12.90098,80.22799683,39726,39817,91
12.90098,80.22799683,39817,39827,10
12.90091991,80.22801208,39827,39837,10
12.90042019,80.22796631,39837,39847,10
12.89960957,80.22792816,39847,39857,10
12.89904022,80.22792053,39857,39867,10
12.89896965,80.22792816,39867,39877,10
12.89853954,80.2279129,39877,39887,10
12.89776993,80.22782135,39887,39897,10
12.89678001,80.2277832,39897,39908,11
12.89568043,80.22772217,39908,39917,9
12.8947401,80.22766876,39917,39928,11
12.89354992,80.22757721,39928,39939,11
12.8927803,80.22750092,39939,39947,8
12.89272022,80.22749329,39947,39958,11
12.89233017,80.22744751,39958,39969,11
12.89153004,80.22740173,39969,39977,8
12.89072037,80.22738647,39977,39988,11
12.88943005,80.22737885,39988,39999,11
12.88834953,80.22737122,39999,40010,11
12.88751984,80.22730255,40010,40019,9
12.88696003,80.22720337,40019,40029,10
12.88611984,80.22701263,40029,40038,9
12.88525009,80.22680664,40038,40049,11
12.8846302,80.22676849,40049,40059,10
12.88420963,80.22676086,40059,40069,10
12.88341045,80.22675323,40069,40079,10
12.88234043,80.22676849,40079,40091,12
12.88080978,80.22676086,40091,40101,10
12.87946033,80.22676849,40101,40111,10
12.87814045,80.22683716,40111,40121,10
12.87699986,80.22695923,40121,40131,10
12.87642956,80.2269516,40131,40141,10
12.87637043,80.2265625,40141,40161,20
12.87637043,80.2265625,40161,40171,10
12.87642956,80.22633362,40171,40181,10
12.87650013,80.22570801,40181,40191,10
12.87658978,80.22479248,40191,40202,11
12.87679958,80.22358704,40202,40212,10
12.87705994,80.22236633,40212,40222,10
12.87734985,80.22116089,40222,40232,10
12.87763977,80.2199173,40232,40242,10
12.87786007,80.21891785,40242,40252,10
12.8781004,80.21779633,40252,40262,10
12.87835979,80.21652985,40262,40272,10
12.87864971,80.21524048,40272,40282,10
12.87889957,80.21395874,40282,40292,10
12.87913036,80.212677,40292,40302,10
12.87934017,80.21156311,40302,40313,11
12.8791399,80.21095276,40313,40323,10
12.87899971,80.21092987,40323,40333,10
12.87876034,80.21089172,40333,40343,10
12.87819958,80.21080017,40343,40353,10
12.87761021,80.21069336,40353,40363,10
12.8769598,80.21056366,40363,40373,10
12.87623024,80.21042633,40373,40383,10
12.87551022,80.21031189,40383,40393,10
12.87458038,80.2101593,40393,40412,19
12.87452984,80.20967865,40412,40490,78
12.87471962,80.20973206,40490,40621,131
12.87460995,80.20967865,40621,40753,132
12.87465954,80.20974731,40753,41265,512
12.87460041,80.20968628,41265,41861,596
12.8745203,80.2096405,41861,42384,523
12.87460041,80.20951843,42384,42414,30
12.87473011,80.21013641,42414,42444,30
12.87658978,80.21048737,42444,42473,29
12.87903023,80.21095276,42473,42504,31
12.87946987,80.21135712,42504,42536,32
12.87889957,80.21417999,42536,42567,31
12.87817955,80.21769714,42567,42597,30
12.87730026,80.22158051,42597,42627,30
12.87656021,80.22560883,42627,42656,29
12.87668991,80.22688293,42656,42688,32
12.87849998,80.22673035,42688,42718,30
12.88212013,80.22664642,42718,42747,29
12.88519955,80.22663116,42747,42779,32
12.88683987,80.22704315,42779,42808,29
12.89052963,80.22728729,42808,42838,30
12.89052963,80.22728729,42838,42868,30
12.89196968,80.22727203,42868,42880,12
12.89204979,80.22727966,42880,42890,10
12.89249992,80.22733307,42890,42900,10
12.89321041,80.22741699,42900,42910,10
12.89418983,80.22750854,42910,42930,20
12.89418983,80.22750854,42930,42940,10
12.89431,80.22753906,42940,42950,10
12.89484024,80.22757721,42950,42960,10
12.89568043,80.22760773,42960,42970,10
12.89673042,80.22767639,42970,42980,10
12.89795017,80.22773743,42980,42990,10
12.89922047,80.22781372,42990,43001,11
12.90017033,80.22782135,43001,43011,10
12.90036011,80.22782135,43011,43021,10
12.90048981,80.22782135,43021,43031,10
12.90065956,80.22782898,43031,43041,10
12.90067959,80.22782898,43041,43051,10
12.90075016,80.22783661,43051,43061,10
12.9010601,80.22788239,43061,43071,10
12.90165997,80.22789764,43071,43081,10
12.90219021,80.22792816,43081,43091,10
12.90229034,80.22795868,43091,43101,10
12.90235996,80.22798157,43101,43111,10
12.90285015,80.22801208,43111,43121,10
12.90365028,80.22805786,43121,43131,10
12.90452003,80.22810364,43131,43141,10
12.90517998,80.22812653,43141,43151,10
12.90532017,80.2281189,43151,43161,10
12.90542984,80.22811127,43161,43171,10
12.90559959,80.22812653,43171,43182,11
12.90585995,80.2281723,43182,43192,10
12.9061203,80.22821045,43192,43202,10
12.90639973,80.22821808,43202,43232,30
12.90639973,80.22821808,43232,43242,10
12.90643978,80.2281723,43242,43252,10
12.90680981,80.22823334,43252,43262,10
12.90752029,80.22833252,43262,43272,10
12.90847969,80.22849274,43272,43282,10
12.90966034,80.2286911,43282,43292,10
12.9108696,80.22888184,43292,43302,10
12.91219044,80.22904968,43302,43312,10
12.91345978,80.22921753,43312,43322,10
12.91396046,80.22927094,43322,43335,13
12.91407967,80.22931671,43335,43345,10
12.91460037,80.22939301,43345,43355,10
12.91539955,80.2294693,43355,43365,10
12.91643047,80.22966003,43365,43375,10
12.91765976,80.22982025,43375,43385,10
12.91895962,80.22998047,43385,43395,10
12.92033958,80.23016357,43395,43405,10
12.92175961,80.23033905,43405,43415,10
12.92319965,80.23056793,43415,43425,10
12.92467976,80.23074341,43425,43435,10
12.9260397,80.23091125,43435,43446,11
12.92652035,80.2309494,43446,43456,10
12.92687035,80.23097992,43456,43466,10
12.92755032,80.23107147,43466,43476,10
12.92844009,80.23120117,43476,43486,10
12.92951012,80.23142242,43486,43496,10
12.9307003,80.23171234,43496,43506,10
12.93196964,80.2321167,43506,43516,10
12.93307972,80.23251343,43516,43526,10
12.93352985,80.23269653,43526,43536,10
12.93367958,80.23278809,43536,43546,10
12.93402958,80.23294067,43546,43556,10
12.93472958,80.23326111,43556,43567,11
12.93556976,80.23365784,43567,43577,10
12.93626976,80.23400116,43577,43587,10
12.93715954,80.23442078,43587,43597,10
12.93822956,80.23493958,43597,43607,10
12.9392004,80.23545074,43607,43617,10
12.93997002,80.23580933,43617,43627,10
12.94097996,80.23612213,43627,43637,10
12.94215965,80.23639679,43637,43647,10
12.94322014,80.23693085,43647,43657,10
12.94398022,80.23770142,43657,43665,8
12.9446497,80.23841858,43665,43678,13
12.94592953,80.23938751,43678,43688,10
12.94688034,80.2397995,43688,43698,10
12.94721985,80.23995209,43698,43708,10
12.94752026,80.24008179,43708,43718,10
12.94814968,80.24034882,43718,43728,10
12.94861031,80.2405014,43728,43738,10
12.94869995,80.24053955,43738,43748,10
12.94904041,80.24072266,43748,43758,10
12.94937992,80.24085999,43758,43768,10
12.94997025,80.24104309,43768,43778,10
12.95069981,80.24125671,43778,43789,11
12.9509697,80.24134064,43789,43799,10
12.95110035,80.24141693,43799,43809,10
12.95160961,80.24163055,43809,43819,10
12.95236969,80.24188232,43819,43829,10
12.95326996,80.24224091,43829,43839,10
12.95401955,80.24253082,43839,43849,10
12.95483017,80.24285889,43849,43858,9
12.95547009,80.24308014,43858,43869,11
12.95631027,80.24336243,43869,43889,20
12.95631027,80.24336243,43889,43900,11
12.95672035,80.24349976,43900,43910,10
12.9573698,80.24382019,43910,43920,10
12.95808029,80.24411774,43920,43930,10
12.9588604,80.24449921,43930,43940,10
12.95973969,80.24491119,43940,43950,10
12.96074009,80.24537659,43950,43960,10
12.96177006,80.2458725,43960,43970,10
12.96308994,80.24649811,43970,43990,20
12.96308994,80.24649811,43990,44000,10
12.96329975,80.24661255,44000,44010,10
12.96366978,80.24680328,44010,44021,11
12.96444035,80.24710083,44021,44031,10
12.96531963,80.24736786,44031,44041,10
12.9662199,80.24768829,44041,44051,10
12.96658039,80.24784851,44051,44061,10
12.96664047,80.24791718,44061,44071,10
12.96697044,80.24810028,44071,44081,10
12.96747971,80.24832153,44081,44090,9
12.96813011,80.24858856,44090,44101,11
12.96914005,80.24897766,44101,44111,10
12.9702301,80.2494278,44111,44122,11
12.97161961,80.24989319,44122,44132,10
12.97290993,80.25021362,44132,44142,10
12.97416019,80.25052643,44142,44152,10
12.97544956,80.25087738,44152,44162,10
12.97663021,80.25121307,44162,44172,10
12.97764015,80.25170135,44172,44182,10
12.97832012,80.25222778,44182,44192,10
12.97840977,80.25228882,44192,44202,10
12.97865963,80.25247955,44202,44212,10
12.97931004,80.25263977,44212,44222,10
12.98013973,80.25269318,44222,44232,10
12.98099041,80.25267029,44232,44242,10
12.9818697,80.25263977,44242,44252,10
12.98285007,80.25257874,44252,44264,12
12.98402023,80.25235748,44264,44272,8
12.98480034,80.2521286,44272,44283,11
12.98581028,80.25183105,44283,44292,9
12.98651981,80.25167084,44292,44413,121
12.98651981,80.25167084,44413,44423,10
12.98670006,80.25161743,44423,44433,10
12.98715019,80.2514801,44433,44443,10
12.98758984,80.25137329,44443,44453,10
12.9878397,80.25145721,44453,44466,13
12.98795986,80.25196075,44466,44474,8
12.98799992,80.25247192,44474,44486,12
12.98787975,80.25359344,44486,44496,10
12.98781967,80.25444031,44496,44506,10
12.98775005,80.25488281,44506,44566,60
12.98762035,80.25505829,44566,44587,21
12.98762035,80.25505829,44587,44597,10
12.98766041,80.25514221,44597,44607,10
12.98764038,80.25531769,44607,44617,10
12.98762989,80.25557709,44617,44627,10
12.98762035,80.25578308,44627,44637,10
12.98787975,80.25583649,44637,44647,10
12.9879303,80.25585938,44647,44657,10
12.98803997,80.25588226,44657,44667,10
12.98822975,80.25588989,44667,44698,31
12.98822975,80.25588989,44698,44708,10
12.9887104,80.25592804,44708,44718,10
12.98933983,80.25598907,44718,44728,10
12.99009991,80.25605774,44728,44738,10
12.99083996,80.25605011,44738,44748,10
12.99162006,80.256073,44748,44758,10
12.99250984,80.25602722,44758,44768,10
12.99310017,80.2559967,44768,44829,61
12.99310017,80.2559967,44829,44839,10
12.99328041,80.2559967,44839,44849,10
12.99353981,80.25598145,44849,44859,10
12.99376011,80.2559967,44859,44869,10
12.99392033,80.25601959,44869,44879,10
12.99400043,80.25604248,44879,44941,62
12.99400043,80.25604248,44941,44951,10
12.99425983,80.2559967,44951,44961,10
12.99452019,80.25596619,44961,44971,10
12.99501038,80.25592804,44971,45011,40
12.99501038,80.25592804,45011,45021,10
12.99520016,80.2559433,45021,45042,21
12.99520016,80.2559433,45042,45052,10
12.99555969,80.25589752,45052,45062,10
12.99606037,80.25591278,45062,45072,10
12.99666977,80.25591278,45072,45082,10
12.99707985,80.25591278,45082,45092,10
12.99742985,80.25591278,45092,45102,10
12.99787998,80.25588989,45102,45112,10
12.99833965,80.25595093,45112,45122,10
12.99876976,80.25604248,45122,45153,31
12.99876976,80.25604248,45153,45163,10
12.99907017,80.25611877,45163,45173,10
12.99952984,80.25617981,45173,45183,10
12.99975014,80.25624847,45183,45203,20
12.99975014,80.25624847,45203,45214,11
12.99993992,80.25631714,45214,45224,10
13.00024033,80.25636292,45224,45233,9
13.0004797,80.25640869,45233,45253,20
13.0004797,80.25640869,45253,45263,10
13.00067043,80.25640869,45263,45274,11
13.00111008,80.25646973,45274,45354,80
13.00111008,80.25646973,45354,45364,10
13.00133991,80.25656128,45364,45376,12
13.0018301,80.25663757,45376,45384,8
13.00212002,80.25666046,45384,45396,12
13.00253963,80.25672913,45396,45416,20
13.00253963,80.25672913,45416,45426,10
13.00271034,80.25679016,45426,45436,10
13.0030098,80.25684357,45436,45446,10
13.00354004,80.25694275,45446,45456,10
13.00409985,80.25704193,45456,45466,10
13.00477028,80.25714111,45466,45476,10
13.00516987,80.25721741,45476,45507,31
13.00516987,80.25721741,45507,45517,10
13.00545979,80.25721741,45517,45527,10
13.00586033,80.25733948,45527,45537,10
13.00640011,80.25747681,45537,45547,10
13.00693035,80.25785828,45547,45557,10
13.00730991,80.25843811,45557,45567,10
13.00798988,80.25878906,45567,45577,10
13.00831032,80.25894165,45577,45587,10
13.00856018,80.25901794,45587,45597,10
13.00876999,80.25907898,45597,45608,11
13.00934982,80.25911713,45608,45618,10
13.01025963,80.2591095,45618,45628,10
13.01136971,80.2591095,45628,45638,10
13.01259041,80.25913239,45638,45648,10
13.01391983,80.25917816,45648,45658,10
13.01525021,80.2592392,45658,45668,10
13.01607037,80.25946808,45668,45678,10
13.01618958,80.25953674,45678,45688,10
13.01632023,80.2596283,45688,45698,10
13.01663017,80.25988007,45698,45708,10
13.01683998,80.26003265,45708,45719,11
13.01700974,80.26013947,45719,45729,10
13.01747036,80.2604599,45729,45739,10
13.01817989,80.26096344,45739,45749,10
13.01865959,80.26127625,45749,45759,10
13.01875973,80.26136017,45759,45769,10
13.01914978,80.26170349,45769,45779,10
13.01970005,80.26215363,45779,45789,10
13.02027988,80.26278687,45789,45799,10
13.01980972,80.26294708,45799,45809,10
13.01916027,80.26291656,45809,45819,10
13.01898956,80.26325989,45819,45830,11
13.01910019,80.2639389,45830,45840,10
13.01910973,80.26409912,45840,45850,10
13.01900005,80.26461792,45850,45860,10
13.01879025,80.26529694,45860,45870,10
13.01865959,80.26579285,45870,45880,10
13.01865959,80.26660919,45880,45890,10
13.01902008,80.26753998,45890,45900,10
13.01970959,80.26837921,45900,45910,10
13.02035999,80.26918793,45910,45920,10
13.02083969,80.26978302,45920,45930,10
13.02114964,80.27018738,45930,45941,11
13.02167034,80.27081299,45941,45951,10
13.02225971,80.27156067,45951,45961,10
13.02295971,80.27246857,45961,45971,10
13.02352047,80.27323914,45971,45981,10
13.02371979,80.27349854,45981,46031,50
13.02371979,80.27349854,46031,46041,10
13.02388,80.27371216,46041,46052,11
13.02418995,80.27413177,46052,46062,10
13.02460003,80.27454376,46062,46072,10
13.02515984,80.27481079,46072,46082,10
13.02560997,80.27501678,46082,46092,10
13.0260601,80.27523041,46092,46102,10
13.02665043,80.27549744,46102,46112,10
13.02731991,80.27584076,46112,46122,10
13.0280304,80.27610779,46122,46132,10
13.02845955,80.27626801,46132,46142,10
13.02892017,80.27645111,46142,46152,10
13.02931976,80.27658844,46152,46163,11
13.02952957,80.27667236,46163,46173,10
13.02972984,80.27671814,46173,46183,10
13.02993965,80.27677917,46183,46192,9
13.03034019,80.27694702,46192,46203,11
13.03083992,80.27719879,46203,46213,10
13.03127956,80.27749634,46213,46243,30
13.03127956,80.27749634,46243,46253,10
13.03159046,80.27761078,46253,46262,9
13.03194046,80.27758026,46262,46273,11
13.03246975,80.27752686,46273,46283,10
13.0327301,80.27748871,46283,46293,10
13.0330801,80.27744293,46293,46313,20
13.0330801,80.27744293,46313,46323,10
13.03326988,80.27742004,46323,46333,10
13.03363991,80.27735901,46333,46343,10
13.03411007,80.27748871,46343,46353,10
13.03460026,80.27760315,46353,46364,11
13.03522015,80.27768707,46364,46374,10
13.03575993,80.27780151,46374,46385,11
13.03643036,80.27794647,46385,46394,9
13.03705025,80.27819824,46394,46404,10
13.03771019,80.27838898,46404,46414,10
13.03849983,80.2786026,46414,46426,12
13.03872967,80.27866364,46426,46435,9
13.03886986,80.27870941,46435,46445,10
13.03915977,80.27881622,46445,46455,10
13.0397501,80.27902222,46455,46465,10
13.04061985,80.27924347,46465,46475,10
13.0417099,80.27944183,46475,46485,10
13.04294014,80.27957916,46485,46495,10
13.04397011,80.27986145,46495,46507,12
13.04578972,80.28009033,46507,46527,20
13.04578972,80.28009033,46527,46537,10
13.04617023,80.28014374,46537,46547,10
13.04691982,80.28025818,46547,46557,10
13.04788971,80.28040314,46557,46567,10
13.04901981,80.28056335,46567,46577,10
13.05006027,80.28070831,46577,46586,9
13.05051994,80.28076935,46586,46597,11
13.05076981,80.2808075,46597,46607,10
13.05144024,80.28090668,46607,46618,11
13.05249977,80.28108978,46618,46628,10
13.05368996,80.28128052,46628,46638,10
13.05482006,80.28148651,46638,46648,10
13.05583954,80.28167725,46648,46658,10
13.05622005,80.28175354,46658,46668,10
13.05624962,80.28176117,46668,46678,10
13.0566597,80.28183746,46678,46688,10
13.05698967,80.28191376,46688,46698,10
13.05739021,80.28199005,46698,46708,10
13.05784035,80.28208923,46708,46717,9
13.05842018,80.2822113,46717,46729,12
13.05935001,80.28237915,46729,46739,10
13.06023979,80.28256989,46739,46749,10
13.06110954,80.28276062,46749,46759,10
13.0620203,80.28294373,46759,46769,10
13.06268024,80.28308868,46769,46870,101
13.06268024,80.28308868,46870,46880,10
13.06293011,80.28318024,46880,46890,10
13.06299973,80.28321075,46890,46900,10
13.06315994,80.28321838,46900,46910,10
13.06346035,80.28330994,46910,47143,233
13.06371021,80.28343201,47143,47173,30
13.06490993,80.283638,47173,47212,39
13.06793022,80.28424835,47212,47242,30
13.07114983,80.28501129,47242,47273,31
13.07429981,80.28530121,47273,47302,29
13.0775404,80.28270721,47302,47335,33
13.07816982,80.28125,47335,47364,29
13.07816982,80.28125,47364,47397,33
13.0752697,80.27818298,47397,47406,9
13.07448006,80.27734375,47406,47417,11
13.07374954,80.27658844,47417,47437,20
13.07374954,80.27658844,47437,47447,10
13.07369995,80.2765274,47447,47457,10
13.07398987,80.27629089,47457,47467,10
13.07472992,80.27626038,47467,47477,10
13.07542038,80.27625275,47477,47487,10
13.07584953,80.27619171,47487,47497,10
13.07588959,80.27606964,47497,47507,10
13.07596016,80.27584076,47507,47517,10
13.07604027,80.27561951,47517,47528,11
13.07625008,80.27559662,47528,48282,754
13.07623005,80.27568054,48282,51968,3686
13.07631969,80.27561188,51968,52122,154
13.07575989,80.27490234,52122,52151,29
13.0759201,80.27533722,52151,52183,32
13.07600975,80.27597809,52183,52325,142
13.07600975,80.27597809,52325,52335,10
13.07608032,80.27593231,52335,52345,10
13.0761404,80.27565002,52345,52355,10
13.07592964,80.27548218,52355,52365,10
13.07588959,80.27584076,52365,52517,152
13.07588959,80.27584076,52517,52527,10
13.07596016,80.27596283,52527,52537,10
13.07596016,80.27615356,52537,52547,10
13.07608032,80.27623749,52547,52557,10
13.07653046,80.27623749,52557,52567,10
13.0770998,80.27619934,52567,52577,10
13.07777977,80.27615356,52577,52586,9
13.07818985,80.27581024,52586,52598,12
13.07861996,80.27513123,52598,52607,9
13.0792799,80.275177,52607,52618,11
13.08012009,80.27523804,52618,52628,10
13.08088017,80.27516174,52628,52638,10
13.08133984,80.27510071,52638,52768,130
13.08133984,80.27510071,52768,52779,11
13.08143044,80.27516937,52779,52790,11
13.08172989,80.27520752,52790,52799,9
13.08191013,80.27528381,52799,52809,10
13.08205032,80.27542114,52809,53315,506
13.08205032,80.27542114,53315,53325,10
13.08205032,80.27558899,53325,53335,10
13.08209991,80.27574921,53335,53345,10
13.08193016,80.27590942,53345,53355,10
13.08183956,80.27615356,53355,53365,10
13.08187962,80.2766037,53365,53375,10
13.08191013,80.2769928,53375,53385,10
13.08195972,80.27742767,53385,53396,11
13.08201027,80.27780914,53396,53406,10
13.08236027,80.27799225,53406,53416,10
13.08292007,80.27805328,53416,53426,10
13.08325958,80.2780838,53426,53436,10
13.08339024,80.27825928,53436,53446,10
13.08355045,80.27868652,53446,53456,10
13.08335018,80.27887726,53456,53466,10
13.08283043,80.27868652,53466,53476,10
13.08213997,80.27838898,53476,53486,10
13.0819397,80.27790833,53486,53496,10
13.08187008,80.27752686,53496,53507,11
13.08183956,80.27722168,53507,53517,10
13.08181953,80.2769165,53517,53527,10
13.08176041,80.27671051,53527,53537,10
13.08174992,80.27661133,53537,53547,10
13.08164024,80.27606201,53547,53567,20
13.08164024,80.27606201,53567,53577,10
13.08156013,80.27571869,53577,53628,51
13.08156013,80.27571869,53628,53638,10
13.08154964,80.27555847,53638,53648,10
13.08154011,80.27552032,53648,53658,10
13.08150005,80.27535248,53658,53668,10
13.08139038,80.27516174,53668,53678,10
13.08104038,80.275177,53678,53688,10
13.08047009,80.2752533,53688,53698,10
13.07987022,80.2753067,53698,53708,10
13.07923985,80.27523041,53708,53718,10
13.07851982,80.27523804,53718,53728,10
13.0781498,80.27599335,53728,53739,11
13.07734966,80.27622223,53739,53749,10
13.07662964,80.27626038,53749,53759,10
13.07590961,80.27629089,53759,53769,10
13.07524014,80.27632141,53769,53779,10
13.07454014,80.27635193,53779,53790,11
13.07398987,80.27644348,53790,53819,29
13.07398987,80.27644348,53819,53829,10
13.07367039,80.27648163,53829,53839,10
13.07322979,80.27610779,53839,53849,10
13.07275009,80.27557373,53849,53860,11
13.07217979,80.27497101,53860,53870,10
13.0719099,80.27469635,53870,53900,30
13.0719099,80.27469635,53900,53910,10
13.07153034,80.27446747,53910,53920,10
13.07087994,80.27435303,53920,53930,10
13.07079983,80.27429962,53930,53940,10
13.07063007,80.27411652,53940,53950,10
13.07046986,80.27377319,53950,53963,13
13.07013988,80.27326202,53963,53973,10
13.06976032,80.27282715,53973,53983,10
13.06935024,80.27237701,53983,53993,10
13.06900024,80.27201843,53993,54003,10
13.06857967,80.27189636,54003,54074,71
13.06857967,80.27189636,54074,54084,10
13.06846046,80.2718277,54084,54094,10
13.06814957,80.27143097,54094,54104,10
13.06779957,80.27084351,54104,54114,10
13.06725979,80.27031708,54114,54124,10
13.06671047,80.26976013,54124,54134,10
13.06651974,80.26925659,54134,54144,10
13.06641006,80.26856995,54144,54154,10
13.06612968,80.26805115,54154,54164,10
13.06554031,80.26763153,54164,54184,20
13.06554031,80.26763153,54184,54195,11
13.06534004,80.26763916,54195,54205,10
13.06505013,80.2675705,54205,54215,10
13.06484032,80.26753235,54215,54225,10
13.06474972,80.26751709,54225,54235,10
13.06464005,80.26753998,54235,54245,10
13.06462002,80.26753235,54245,54255,10
13.06443977,80.26746368,54255,54265,10
13.06424046,80.26740265,54265,54275,10
13.06406021,80.26737213,54275,54285,10
13.06390953,80.26734924,54285,54295,10
13.0636797,80.26731873,54295,54306,11
13.06315041,80.26721954,54306,54316,10
13.06264019,80.26696777,54316,54326,10
13.06223011,80.26651001,54326,54336,10
13.06182003,80.26598358,54336,54346,10
13.06138992,80.26542664,54346,54356,10
13.06095028,80.26512909,54356,54366,10
13.06060028,80.26532745,54366,54376,10
13.0605402,80.26537323,54376,54386,10
13.06027031,80.26550293,54386,54396,10
13.05976963,80.26557159,54396,54406,10
13.0594902,80.26553345,54406,54417,11
13.05930996,80.26547241,54417,54427,10
13.05900955,80.26542664,54427,54437,10
13.05865955,80.26535034,54437,54447,10
13.0581398,80.26519775,54447,54457,10
13.05758953,80.26493835,54457,54467,10
13.05704975,80.26467133,54467,54477,10
13.0564003,80.26450348,54477,54487,10
13.05570984,80.26444244,54487,54497,10
13.05494976,80.26435089,54497,54507,10
13.05457973,80.26428986,54507,54517,10
13.05436993,80.26421356,54517,54528,11
13.05385971,80.2640686,54528,54538,10
13.05344009,80.26392365,54538,54548,10
13.0527401,80.26386261,54548,54558,10
13.05206966,80.26383972,54558,54568,10
13.05138969,80.26399994,54568,54578,10
13.05084038,80.26409912,54578,54588,10
13.05039978,80.26409912,54588,54598,10
13.0500803,80.26406097,54598,54608,10
13.04998016,80.26402283,54608,54618,10
13.04971027,80.26396179,54618,54628,10
13.04928017,80.26415253,54628,54638,10
13.04907036,80.26464844,54638,54649,11
13.04870987,80.26529694,54649,54659,10
13.04825974,80.26576996,54659,54669,10
13.04796028,80.2660675,54669,54679,10
13.04706955,80.2662735,54679,54699,20
13.04706955,80.2662735,54699,54709,10
13.04668045,80.26631927,54709,54719,10
13.04599953,80.26648712,54719,54729,10
13.04524994,80.26663208,54729,54739,10
13.04448986,80.26682281,54739,54749,10
13.04368973,80.26727295,54749,54760,11
13.0427103,80.26789856,54760,54770,10
13.04191017,80.2681427,54770,54781,11
13.04119968,80.26815796,54781,54790,9
13.03596973,80.26779175,54790,54862,72
13.03596973,80.26779175,54862,54883,21
13.03551006,80.2678299,54883,54895,12
13.03495979,80.26789093,54895,54905,10
13.03450966,80.26798248,54905,54915,10
13.03392982,80.26789856,54915,54925,10
13.03320026,80.26776886,54925,54935,10
13.03264046,80.26759338,54935,54945,10
13.03244019,80.26743317,54945,54955,10
13.03188038,80.2671814,54955,54965,10
13.03122044,80.26695251,54965,54975,10
13.03050041,80.26679993,54975,54986,11
13.02993011,80.26667786,54986,54996,10
13.02956009,80.26663971,54996,55006,10
13.02945995,80.26660919,55006,55016,10
13.02927017,80.26651001,55016,55026,10
13.02892017,80.26641083,55026,55034,8
13.02844048,80.26631165,55034,55046,12
13.02766037,80.26615906,55046,55056,10
13.02700996,80.2660675,55056,55066,10
13.02657032,80.26598358,55066,55076,10
13.02626991,80.26590729,55076,55086,10
13.02587986,80.26567841,55086,55097,11
13.02544975,80.26541138,55097,55107,10
13.02527046,80.26528931,55107,55117,10
13.02501965,80.26512146,55117,55127,10
13.02449036,80.26474762,55127,55137,10
13.0237999,80.26429749,55137,55147,10
13.02305031,80.26390076,55147,55157,10
13.0220499,80.2633667,55157,55177,20
13.0220499,80.2633667,55177,55187,10
13.02159977,80.26316833,55187,55197,10
13.02081966,80.26303101,55197,55207,10
13.02005959,80.26299286,55207,55218,11
13.01926041,80.26290131,55218,55228,10
13.01889992,80.26249695,55228,55238,10
13.01877975,80.26170349,55238,55248,10
13.01869965,80.26139069,55248,55258,10
13.01846027,80.26113129,55258,55268,10
13.01809978,80.26087952,55268,55278,10
13.01766014,80.26059723,55278,55288,10
13.01704025,80.26019287,55288,55298,10
13.01636028,80.259758,55298,55308,10
13.0156498,80.2594223,55308,55316,8
13.01502991,80.25927734,55316,55329,13
13.01393986,80.2592392,55329,55339,10
13.01292038,80.25920868,55339,55349,10
13.01191998,80.25917053,55349,55359,10
13.01097012,80.25914764,55359,55369,10
13.01002026,80.25917816,55369,55379,10
13.0093298,80.25917053,55379,55389,10
13.00905991,80.25920105,55389,55399,10
13.00881958,80.25920105,55399,55409,10
13.00846004,80.25920105,55409,55419,10
13.00788975,80.25930023,55419,55428,9
13.00741959,80.25926971,55428,55440,12
13.00718021,80.25862885,55440,55450,10
13.00689983,80.25817108,55450,55460,10
13.00646973,80.25762177,55460,55470,10
13.00586033,80.25740814,55470,55480,10
13.00504971,80.25723267,55480,55490,10
13.00422001,80.25701904,55490,55500,10
13.00370026,80.25691986,55500,55510,10
13.00349045,80.25688934,55510,55520,10
13.00335026,80.2568512,55520,55530,10
13.00306034,80.25679016,55530,55539,9
13.00273037,80.25673676,55539,55551,12
13.00197029,80.25659943,55551,55631,80
13.00197029,80.25659943,55631,55641,10
13.00152969,80.25650787,55641,55651,10
13.00080967,80.25640869,55651,55661,10
13.00002003,80.25630188,55661,55672,11
12.99956989,80.25624084,55672,55682,10
12.99874973,80.25608063,55682,55702,20
12.99874973,80.25608063,55702,55712,10
12.99857998,80.25605774,55712,55722,10
12.99827003,80.25598907,55722,55732,10
12.99761963,80.25591278,55732,55762,30
12.99761963,80.25591278,55762,55772,10
12.99734974,80.25592041,55772,55782,10
12.99701023,80.25591278,55782,55792,10
12.99683952,80.25588989,55792,55802,10
12.99662018,80.25588226,55802,55812,10
12.99625015,80.25588989,55812,55822,10
12.99575996,80.25588989,55822,55833,11
12.99516964,80.25589752,55833,55843,10
12.99462032,80.25592041,55843,55853,10
12.99407959,80.25595856,55853,55863,10
12.99328995,80.25601196,55863,55873,10
12.99228954,80.256073,55873,55883,10
12.99120045,80.25601959,55883,55893,10
12.99046993,80.25598907,55893,55903,10
12.98983002,80.25596619,55903,55913,10
12.98927021,80.2559433,55913,55923,10
12.98867035,80.25588989,55923,55933,10
12.98836994,80.25585938,55933,55943,10
12.98801041,80.25579834,55943,55973,30
12.98801041,80.25579834,55973,55983,10
12.98762035,80.255867,55983,55993,10
12.98754978,80.25643158,55993,56006,13
12.98742008,80.25756836,56006,56016,10
12.98735046,80.25845337,56016,56026,10
12.98721981,80.2592926,56026,56046,20
12.98721981,80.2592926,56046,56056,10
12.98721981,80.25943756,56056,56066,10
12.98717976,80.25956726,56066,56086,20
12.98717976,80.25956726,56086,56096,10
12.98696995,80.25956726,56096,56106,10
12.98670959,80.259552,56106,56117,11
12.98659992,80.25914001,56117,56177,60
12.98659992,80.25914001,56177,56187,10
12.98682022,80.25901031,56187,57268,1081
12.98719025,80.25913239,57268,57288,20
12.98719025,80.25913239,57288,57298,10
12.98731041,80.25888824,57298,57308,10
12.98738956,80.2583313,57308,57338,30
12.98738956,80.2583313,57338,57348,10
12.98742008,80.25808716,57348,57367,19
12.98742008,80.25808716,57367,57379,12
12.98740959,80.25789642,57379,57389,10
12.98744965,80.25765991,57389,57399,10
12.98746967,80.25720215,57399,57409,10
12.98756027,80.25640869,57409,57478,69
12.98756027,80.25640869,57478,57490,12
12.98760986,80.25598145,57490,57500,10
12.98762989,80.25576019,57500,57510,10
12.98783016,80.25565338,57510,57520,10
12.98818016,80.25572205,57520,57530,10
12.98855019,80.25578308,57530,57540,10
12.98857021,80.25579834,57540,57550,10
12.9886198,80.25582886,57550,57560,10
12.98900032,80.255867,57560,57570,10
12.98970032,80.25589752,57570,57580,10
12.99034977,80.25592041,57580,57590,10
12.99090004,80.25595856,57590,57599,9
12.99157047,80.25598145,57599,57611,12
12.9926796,80.25598145,57611,57621,10
12.99347019,80.25588226,57621,57631,10
12.99398041,80.255867,57631,57641,10
12.99407005,80.25588226,57641,57651,10
12.99435997,80.25589752,57651,57681,30
12.99435997,80.25589752,57681,57691,10
12.9946003,80.25589752,57691,57701,10
12.9949398,80.255867,57701,57711,10
12.99528027,80.25585938,57711,57722,11
12.99580002,80.25585938,57722,57732,10
12.99615002,80.25585938,57732,57772,40
12.99615002,80.25585938,57772,57782,10
12.99629974,80.25583649,57782,57791,9
12.99662018,80.25582886,57791,57802,11
12.99703026,80.25585175,57802,57812,10
12.99740028,80.255867,57812,57822,10
12.99767971,80.255867,57822,57833,11
12.99800014,80.25585938,57833,57843,10
12.99837017,80.25589752,57843,57853,10
12.9988699,80.25601959,57853,57883,30
12.9988699,80.25601959,57883,57893,10
12.99911976,80.25608826,57893,57903,10
12.9993,80.25611877,57903,57913,10
12.99973965,80.2562027,57913,57923,10
13.00020027,80.25627899,57923,57933,10
13.0005703,80.25637817,57933,57944,11
13.00076962,80.25643921,57944,57954,10
13.00105,80.25649261,57954,57964,10
13.00133991,80.25653076,57964,57974,10
13.00164032,80.25657654,57974,57984,10
13.00181961,80.2565918,57984,57994,10
13.00232029,80.25665283,57994,58004,10
13.00302029,80.25676727,58004,58014,10
13.0037899,80.25694275,58014,58024,10
13.00426006,80.25702667,58024,58034,10
13.00446033,80.25708008,58034,58044,10
13.00473022,80.25714874,58044,58054,10
13.00504971,80.25720215,58054,58065,11
13.00520992,80.25723267,58065,58075,10
13.0053997,80.2572403,58075,58085,10
13.0058403,80.25733185,58085,58155,70
13.0058403,80.25733185,58155,58165,10
13.00632,80.25743103,58165,58177,12
13.00677967,80.25762177,58177,58187,10
13.00704002,80.25816345,58187,58195,8
13.00728035,80.25843048,58195,58207,12
13.00757027,80.25855255,58207,58215,8
13.00769043,80.25861359,58215,58227,12
13.00786018,80.2587204,58227,58237,10
13.00825024,80.25888062,58237,58245,8
13.00868034,80.25901031,58245,58257,12
13.00938988,80.2590332,58257,58267,10
13.01025009,80.25904846,58267,58275,8
13.0110302,80.25904846,58275,58288,13
13.01233006,80.25907898,58288,58298,10
13.01340961,80.25913239,58298,58308,10
13.01459026,80.25919342,58308,58318,10
13.01566982,80.25930786,58318,58328,10
13.01626968,80.25956726,58328,58338,10
13.01646996,80.25972748,58338,58348,10
13.01661968,80.25988007,58348,58358,10
13.01706982,80.26016235,58358,58368,10
13.01762009,80.26052094,58368,58378,10
13.01807976,80.260849,58378,58388,10
13.01854038,80.26117706,58388,58399,11
13.01900005,80.26152802,58399,58409,10
13.01947021,80.26193237,58409,58419,10
13.01988029,80.26239777,58419,58429,10
13.02052975,80.26274872,58429,58439,10
13.02128029,80.26300049,58439,58449,10
13.02182007,80.26322174,58449,58459,10
13.02206993,80.26332855,58459,58469,10
13.02221966,80.26341248,58469,58479,10
13.02243996,80.26348877,58479,58489,10
13.02285957,80.26376343,58489,58499,10
13.02324009,80.26399231,58499,58510,11
13.02355957,80.26415253,58510,58520,10
13.02394962,80.26438141,58520,58530,10
13.02445984,80.2647171,58530,58540,10
13.02482986,80.26500702,58540,58549,9
13.02505016,80.26515198,58549,58561,12
13.02552032,80.26544189,58561,58571,10
13.02577019,80.26564789,58571,58581,10
13.02598953,80.26574707,58581,58591,10
13.02622032,80.26576996,58591,58601,10
13.02626991,80.26548767,58601,58611,10
13.02632046,80.26516724,58611,58621,10
13.02647972,80.26418304,58621,58642,21
13.02647972,80.26418304,58642,58652,10
13.02655029,80.2638092,58652,58662,10
13.02659035,80.2634964,58662,58672,10
13.02690983,80.2634201,58672,58682,10
13.02742958,80.26351929,58682,58692,10
13.02793026,80.26365662,58692,58702,10
13.02855968,80.26380157,58702,58712,10
13.02900028,80.26393127,58712,58722,10
13.02921009,80.26416779,58722,58731,9
13.02927971,80.26444244,58731,58743,12
13.02933979,80.26496124,58743,58753,10
13.02931976,80.26545715,58753,58763,10
13.02931023,80.26584625,58763,58773,10
13.02927971,80.26602936,58773,58783,10
13.02921963,80.2663269,58783,58793,10
13.02923012,80.2664566,58793,58803,10
13.0295496,80.26654053,58803,58813,10
13.03005028,80.26654053,58813,58823,10
13.03079033,80.2666626,58823,58833,10
13.03133011,80.26682281,58833,58843,10
13.0318203,80.26712799,58843,58854,11
13.03223991,80.26734161,58854,58864,10
13.03262043,80.2675705,58864,58874,10
13.03312969,80.2677002,58874,58884,10
13.0335598,80.26782227,58884,58894,10
13.03382969,80.26786041,58894,58904,10
13.03402996,80.26792908,58904,58914,10
13.03429985,80.26798248,58914,58924,10
13.03452969,80.268013,58924,58934,10
13.03514957,80.26792908,58934,58944,10
13.03584003,80.26782227,58944,58954,10
13.0363903,80.26773834,58954,58964,10
13.03647995,80.26773071,58964,58974,10
13.03666973,80.26772308,58974,58984,10
13.03691959,80.26730347,58984,58994,10
13.03715992,80.26654816,58994,59004,10
13.03736973,80.26563263,59004,59014,10
13.03757954,80.26473999,59014,59024,10
13.03785992,80.26438904,59024,59034,10
13.03827,80.2644577,59034,59044,10
13.03857994,80.26451111,59044,59055,11
13.03915024,80.2645874,59055,59064,9
13.03979969,80.26451874,59064,59075,11
13.04047012,80.26452637,59075,59087,12
13.04092979,80.26457214,59087,59095,8
13.04139042,80.26470184,59095,59105,10
13.04131985,80.26531982,59105,59115,10
13.04127979,80.2660675,59115,59125,10
13.0411396,80.2667923,59125,59135,10
13.04109955,80.26712799,59135,59145,10
13.04102993,80.26753235,59145,59155,10
13.04098988,80.26805115,59155,59167,12
13.04146004,80.2681427,59167,59177,10
13.04564953,80.26664734,59177,59246,69
13.04564953,80.26664734,59246,59267,21
13.04716969,80.26631165,59267,59277,10
13.04726982,80.26637268,59277,59286,9
13.04757977,80.26631165,59286,59295,9
13.04784012,80.26618958,59295,59306,11
13.04829979,80.26579285,59306,59316,10
13.04876995,80.26528168,59316,59326,10
13.04899025,80.26467133,59326,59336,10
13.04944038,80.26406097,59336,59346,10
13.0499897,80.26416779,59346,59356,10
13.0507803,80.26421356,59356,59366,10
13.05175018,80.26397705,59366,59386,20
13.05175018,80.26397705,59386,59396,10
13.05200005,80.26390076,59396,59406,10
13.05237961,80.26381683,59406,59419,13
13.05259037,80.26383972,59419,59429,10
13.05270004,80.26386261,59429,59439,10
13.05305958,80.26387024,59439,59449,10
13.05350018,80.26394653,59449,59459,10
13.05436993,80.26425934,59459,59479,20
13.05436993,80.26425934,59479,59489,10
13.05477047,80.26435852,59489,59499,10
13.05531025,80.26445007,59499,59509,10
13.05607986,80.26454163,59509,59519,10
13.05677986,80.26464081,59519,59530,11
13.05751991,80.26502991,59530,59538,8
13.05797958,80.26496124,59538,59550,12
13.05793953,80.26438141,59550,59560,10
13.05786037,80.26374054,59560,59570,10
13.05782986,80.26296234,59570,59580,10
13.05772018,80.26217651,59580,59590,10
13.05757999,80.26142883,59590,59600,10
13.05774975,80.26100922,59600,59610,10
13.05827999,80.26096344,59610,59620,10
13.05885983,80.26094055,59620,59630,10
13.05935955,80.26072693,59630,59641,11
13.0598402,80.26049042,59641,59650,9
13.06023979,80.26097107,59650,59661,11
13.06081963,80.26158142,59661,59671,10
13.06128979,80.26207733,59671,59681,10
13.06165028,80.26244354,59681,59691,10
13.0619297,80.26274109,59691,59701,10
13.06194973,80.26275635,59701,59711,10
13.06206989,80.26290894,59711,59721,10
13.06239033,80.26332092,59721,59731,10
13.06285954,80.26387787,59731,59740,9
13.06295967,80.26397705,59740,59752,12
13.06313992,80.26425171,59752,59763,11
13.06352043,80.26483917,59763,59773,10
13.06367016,80.26509094,59773,59783,10
13.06371021,80.26515198,59783,59793,10
13.06381989,80.26531219,59793,59813,20
13.06381989,80.26531219,59813,59823,10
13.06400013,80.26564026,59823,59833,10
13.06416035,80.26583099,59833,59843,10
13.06425953,80.26590729,59843,59853,10
13.06427002,80.26590729,59853,59863,10
13.06449986,80.26611328,59863,59874,11
13.06462955,80.26629639,59874,59884,10
13.06474018,80.26647949,59884,59894,10
13.06484985,80.26663971,59894,59904,10
13.06503963,80.26687622,59904,59914,10
13.06548977,80.26724243,59914,59924,10
13.06583977,80.26763153,59924,59934,10
13.06620026,80.26805878,59934,59944,10
13.06630039,80.26817322,59944,59954,10
13.06643963,80.26830292,59954,59964,10
13.06655025,80.26837158,59964,59974,10
13.06690979,80.26850891,59974,59985,11
13.06696987,80.26853943,59985,59995,10
13.06717968,80.26866913,59995,60005,10
13.06762028,80.26898956,60005,60016,11
13.06807995,80.26931,60016,60027,11
13.06824017,80.26972961,60027,60036,9
13.06818962,80.27020264,60036,60047,11
13.06816959,80.27069092,60047,60057,10
13.06814003,80.27101135,60057,60068,11
13.06822968,80.27149963,60068,60078,10
13.06857967,80.27191162,60078,60087,9
13.06884956,80.27198029,60087,60099,12
13.06921005,80.27218628,60099,60109,10
13.06960011,80.27259827,60109,60119,10
13.06984997,80.27285004,60119,60129,10
13.07001972,80.27303314,60129,60139,10
13.07028008,80.27333069,60139,60149,10
13.07069969,80.27388763,60149,60159,10
13.07102013,80.27410126,60159,60169,10
13.07102966,80.27407837,60169,60179,10
13.07133961,80.27420807,60179,60220,41
13.07133961,80.27420807,60220,60230,10
13.07137966,80.2742691,60230,60240,10
13.07176971,80.27446747,60240,60250,10
13.07223034,80.27490234,60250,60260,10
13.07279968,80.27549744,60260,60270,10
13.07349014,80.27619934,60270,60280,10
13.07406044,80.27642059,60280,60290,10
13.07487011,80.27635193,60290,60300,10
13.07586002,80.27632904,60300,60310,10
13.07684994,80.27628326,60310,60321,11
13.07781982,80.27622986,60321,60331,10
13.07824993,80.27574158,60331,60341,10
13.07855988,80.27522278,60341,60351,10
13.07921028,80.27519989,60351,60361,10
13.07989979,80.27529907,60361,60472,111
13.07989979,80.27529907,60472,60482,10
13.08020973,80.27532196,60482,60492,10
13.08067036,80.2752533,60492,60502,10
13.08106995,80.27520752,60502,60613,111
13.08106995,80.27520752,60613,60623,10
13.08127975,80.275177,60623,60633,10
13.08160973,80.275177,60633,60643,10
13.08195972,80.27529907,60643,60653,10
13.0821104,80.27562714,60653,60744,91
13.0821104,80.27578735,60744,60795,51
13.0821104,80.27578735,60795,60805,10
13.08209991,80.27584076,60805,60815,10
13.08203983,80.27596283,60815,60825,10
13.08185005,80.27610779,60825,60835,10
13.08187008,80.27645874,60835,60845,10
13.08195019,80.27703094,60845,60855,10
13.0820303,80.27763367,60855,60865,10
13.0822401,80.27803802,60865,60874,9
13.08257961,80.27805328,60874,60886,12
13.08318996,80.27809143,60886,60896,10
13.08339977,80.27823639,60896,60906,10
13.08349991,80.27861023,60906,60916,10
13.08347034,80.27900696,60916,60926,10
13.08312035,80.27890015,60926,60936,10
13.08201981,80.27838898,60936,60946,10
13.08201981,80.27838898,60946,60956,10
13.08191967,80.2779007,60956,60966,10
13.08187008,80.27741241,60966,60976,10
13.08178997,80.27680206,60976,60986,10
13.08176041,80.27662659,60986,60996,10
13.08176994,80.27654266,60996,61006,10
13.08166981,80.27609253,61006,61036,30
13.08166981,80.27609253,61036,61046,10
13.08154011,80.27567291,61046,61066,20
13.08154011,80.27567291,61066,61077,11
13.08150005,80.275383,61077,61088,11
13.08139038,80.27519989,61088,61098,10
13.08104992,80.27520752,61098,61108,10
13.08057976,80.27526093,61108,61117,9
13.08018017,80.2753067,61117,61127,10
13.07973957,80.27535248,61127,61139,12
13.0791502,80.27523804,61139,61149,10
13.07851982,80.27523804,61149,61157,8
13.07820034,80.27580261,61157,61167,10
13.07771015,80.27622986,61167,61177,10
13.07695961,80.27626801,61177,61187,10
13.07621002,80.27631378,61187,61197,10
13.07530022,80.27633667,61197,61207,10
13.07443047,80.27636719,61207,61217,10
13.07386971,80.27642822,61217,61250,33
13.07386971,80.27642822,61250,61260,10
13.07382965,80.27644348,61260,61270,10
13.07343006,80.27635193,61270,61280,10
13.07295036,80.27581787,61280,61290,10
13.07234955,80.27519989,61290,61300,10
13.07192039,80.27475739,61300,61310,10
13.07184982,80.27468872,61310,61320,10
13.07141972,80.27449799,61320,61330,10
13.07075977,80.27430725,61330,61341,11
13.07059956,80.27413177,61341,61351,10
13.07054043,80.27394867,61351,61361,10
13.0703001,80.27352905,61361,61371,10
13.0699501,80.27313232,61371,61381,10
13.06945038,80.27259064,61381,61391,10
13.06879997,80.27204132,61391,61421,30
13.06879997,80.27204132,61421,61431,10
13.06861019,80.27204132,61431,61441,10
13.06838036,80.27191925,61441,61452,11
13.06812954,80.27156067,61452,61462,10
13.06791973,80.27114868,61462,61472,10
13.06750965,80.27069092,61472,61482,10
13.06686974,80.2700882,61482,61492,10
13.06649971,80.26947784,61492,61502,10
13.06639957,80.26901245,61502,61512,10
13.06639004,80.26863098,61512,61522,10
13.06620026,80.26830292,61522,61532,10
13.06577969,80.26779938,61532,61542,10
13.06529999,80.26766968,61542,61552,10
13.0652504,80.26766205,61552,61563,11
13.0650301,80.26757813,61563,61573,10
13.06451988,80.26748657,61573,61583,10
13.06425953,80.26743317,61583,61593,10
13.06424999,80.26743317,61593,61603,10
13.06402016,80.26737213,61603,61613,10
13.06381989,80.26734924,61613,61623,10
13.06346989,80.26728058,61623,61633,10
13.06313992,80.26721954,61633,61643,10
13.06291962,80.2671814,61643,61653,10
13.06250954,80.26689911,61653,61662,9
13.06217003,80.26650238,61662,61673,11
13.06165028,80.26586151,61673,61684,11
13.06118011,80.26528168,61684,61694,10
13.06048965,80.26544189,61694,61714,20
13.06048965,80.26544189,61714,61724,10
13.06025982,80.26554108,61724,61734,10
13.05976963,80.26560211,61734,61744,10
13.05912018,80.26551056,61744,61754,10
13.05850029,80.26541138,61754,61764,10
13.05792046,80.26522827,61764,61774,10
13.05725002,80.26487732,61774,61783,9
13.05657959,80.2645874,61783,61795,12
13.05574036,80.26448822,61795,61805,10
13.05492973,80.26438141,61805,61813,8
13.0544796,80.26432037,61813,61825,12
13.05447006,80.26432037,61825,61835,10
13.05416012,80.26423645,61835,61845,10
13.05370045,80.26400757,61845,61855,10
13.05323029,80.26392365,61855,61865,10
13.05274963,80.26384735,61865,61875,10
13.05237961,80.2638092,61875,61885,10
13.05218983,80.26381683,61885,61895,10
13.0518198,80.26390839,61895,61906,11
13.05158043,80.26396942,61906,61916,10
13.05107021,80.26409912,61916,61926,10
13.05039978,80.26412964,61926,61936,10
13.04969978,80.26406097,61936,61946,10
13.04913998,80.26438141,61946,61956,10
13.04889965,80.26502991,61956,61966,10
13.0485096,80.26557159,61966,61976,10
13.04808998,80.26599121,61976,61986,10
13.0478096,80.26621246,61986,61998,12
13.04691982,80.26641083,61998,62017,19
13.04691982,80.26641083,62017,62029,12
13.04662037,80.26637268,62029,62037,8
13.04617023,80.26647186,62037,62047,10
13.04549026,80.26663208,62047,62058,11
13.04471016,80.26676941,62058,62068,10
13.04399014,80.26714325,62068,62078,10
13.04312992,80.26766968,62078,62089,11
13.04242039,80.26808929,62089,62098,9
13.04170036,80.26822662,62098,62108,10
13.04104996,80.26824188,62108,62128,20
13.04104996,80.26824188,62128,62138,10
13.04082012,80.26818848,62138,62148,10
13.04034042,80.26804352,62148,62160,12
13.04008961,80.26795197,62160,62168,8
13.04002953,80.26792908,62168,62178,10
13.03981018,80.26785278,62178,62188,10
13.03958035,80.26779175,62188,62198,10
13.03929996,80.26772308,62198,62208,10
13.03894997,80.26764679,62208,62218,10
13.03849983,80.26764679,62218,62228,10
13.03810024,80.26767731,62228,62291,63
13.03810024,80.26767731,62291,62301,10
13.03775978,80.26763916,62301,62311,10
13.03752995,80.26761627,62311,62321,10
13.03726959,80.26760864,62321,62331,10
13.0367403,80.26769257,62331,62352,21
13.0367403,80.26769257,62352,62362,10
13.03643036,80.26773071,62362,62392,30
13.03643036,80.26773071,62392,62402,10
13.03610992,80.26776886,62402,62412,10
13.03592014,80.26779938,62412,62422,10
13.03569984,80.26786041,62422,62432,10
13.03559971,80.26786041,62432,62442,10
13.03528023,80.26785278,62442,62452,10
13.03483009,80.26792908,62452,62461,9
13.03437996,80.26799774,62461,62474,13
13.03423977,80.26799774,62474,62484,10
13.03411961,80.26799774,62484,62494,10
13.03367996,80.26790619,62494,62504,10
13.03324032,80.26782227,62504,62514,10
13.03269958,80.26767731,62514,62524,10
13.03246021,80.26747131,62524,62534,10
13.0321703,80.26734161,62534,62544,10
13.03164005,80.26715088,62544,62554,10
13.0310297,80.26699066,62554,62564,10
13.03038979,80.26686859,62564,62575,11
13.02995014,80.26674652,62575,62585,10
13.02950954,80.26670074,62585,62595,10
13.02939987,80.26667786,62595,62605,10
13.02914047,80.26650238,62605,62615,10
13.02865028,80.26635742,62615,62625,10
13.02807999,80.2662735,62625,62635,10
13.02772999,80.26625061,62635,62645,10
13.02735996,80.26618958,62645,62655,10
13.02674961,80.26611328,62655,62709,54
13.02674961,80.26611328,62709,62717,8
13.02639961,80.26599121,62717,62727,10
13.02604008,80.26583862,62727,62737,10
13.02528,80.26537323,62737,62759,22
13.02528,80.26537323,62759,62769,10
13.02509022,80.26522064,62769,62777,8
13.02484035,80.2649765,62777,62789,12
13.02422047,80.26457214,62789,62798,9
13.02361012,80.26425171,62798,62808,10
13.02293968,80.26390839,62808,62818,10
13.02256012,80.26371765,62818,62829,11
13.02212048,80.26351166,62829,62890,61
13.02212048,80.26351166,62890,62900,10
13.02186012,80.26329803,62900,62910,10
13.01910973,80.26293945,62910,62951,41
13.01910973,80.26293945,62951,62970,19
13.01887035,80.26217651,62970,62980,10
13.01879025,80.26155853,62980,62991,11
13.01852036,80.26123047,62991,63001,10
13.01807976,80.26094055,63001,63011,10
13.01749039,80.26056671,63011,63021,10
13.01694012,80.2602005,63021,63032,11
13.01646996,80.25991821,63032,63042,10
13.01636982,80.25985718,63042,63052,10
13.0163002,80.25980377,63052,63062,10
13.01603031,80.25961304,63062,63072,10
13.01543999,80.25943756,63072,63082,10
13.0146904,80.25933075,63082,63092,10
13.01389027,80.25930023,63092,63102,10
13.01292038,80.25926971,63102,63112,10
13.01179981,80.25921631,63112,63122,10
13.01072979,80.25921631,63122,63132,10
13.00973988,80.25923157,63132,63143,11
13.00895023,80.2592392,63143,63153,10
13.00866032,80.2592392,63153,63163,10
13.00817966,80.25923157,63163,63173,10
13.00778961,80.25936127,63173,63183,10
13.00739956,80.25920868,63183,63193,10
13.00720024,80.25871277,63193,63203,10
13.00718021,80.25868225,63203,63213,10
13.00699043,80.25842285,63213,63223,10
13.00673008,80.25792694,63223,63233,10
13.00662994,80.25782013,63233,63243,10
13.00642014,80.25765228,63243,63253,10
13.00586987,80.25746918,63253,63264,11
13.00498962,80.25724792,63264,63274,10
13.00424004,80.25708008,63274,63284,10
13.00384045,80.25700378,63284,63334,50
13.00384045,80.25700378,63334,63344,10
13.00358009,80.25694275,63344,63354,10
13.00335979,80.25688934,63354,63364,10
13.00314999,80.2568512,63364,63375,11
13.00286961,80.25679016,63375,63385,10
13.00242043,80.25669861,63385,63395,10
13.00170994,80.2565918,63395,63405,10
13.00076008,80.2564621,63405,63415,10
12.99993038,80.25634766,63415,63425,10
12.99925995,80.25623322,63425,63445,20
12.99925995,80.25623322,63445,63455,10
12.99890041,80.2561264,63455,63475,20
12.99890041,80.2561264,63475,63486,11
12.99868965,80.25608826,63486,63496,10
12.99849033,80.25605011,63496,63506,10
12.99818993,80.2559967,63506,63516,10
12.99787045,80.25598145,63516,63526,10
12.99765968,80.25595856,63526,63536,10
12.99730968,80.25595856,63536,63546,10
12.99691963,80.25592804,63546,63556,10
12.99647999,80.25592041,63556,63566,10
12.99627972,80.25592041,63566,63576,10
12.99604988,80.25592041,63576,63586,10
12.99582005,80.25592041,63586,63597,11
12.99557018,80.25592804,63597,63607,10
12.99522972,80.2559433,63607,63617,10
12.99466038,80.25598145,63617,63627,10
12.99413967,80.25605011,63627,63637,10
12.99347973,80.25608063,63637,63647,10
12.99260998,80.2561264,63647,63657,10
12.99166012,80.25611877,63657,63667,10
12.99088955,80.25610352,63667,63677,10
12.99030018,80.256073,63677,63687,10
12.98991966,80.256073,63687,63697,10
12.98952007,80.25605011,63697,63708,11
12.98941994,80.25604248,63708,63718,10
12.98906994,80.25601959,63718,63728,10
12.98841,80.25595093,63728,63971,243
12.98841,80.25595093,63971,63979,8
12.98812962,80.25592804,63979,63989,10
12.98789978,80.25588989,63989,64001,12
12.98760986,80.25618744,64001,64009,8
12.9875803,80.25669861,64009,64019,10
12.98750973,80.25749207,64019,64029,10
12.98746967,80.25807953,64029,64039,10
12.98744965,80.25824738,64039,64052,13
12.98740005,80.25872803,64052,64062,10
12.98733997,80.25919342,64062,64122,60
12.98733997,80.25919342,64122,64132,10
12.98731041,80.25933838,64132,64142,10
12.98729992,80.25948334,64142,64152,10
12.98729038,80.25959015,64152,64163,11
12.98698044,80.25965118,64163,64203,40
12.98698044,80.25965118,64203,64213,10
12.98690033,80.25952148,64213,64223,10
12.9865799,80.25930786,64223,64233,10
12.98694992,80.25908661,64233,64364,131
12.98694992,80.25908661,64364,64374,10
12.98733044,80.2591629,64374,64384,10
12.98736,80.25907135,64384,64395,11
12.98736954,80.25885773,64395,64405,10
12.98736954,80.25869751,64405,64415,10
12.98738003,80.25850677,64415,64425,10
12.98738956,80.25816345,64425,64435,10
12.98744965,80.25765228,64435,64445,10
12.98752975,80.25694275,64445,64495,50
12.98752975,80.25694275,64495,64506,11
12.98756981,80.25668335,64506,64516,10
12.98760033,80.25639343,64516,64526,10
12.98760033,80.25598145,64526,64536,10
12.98783016,80.25575256,64536,64546,10
12.98814011,80.25582123,64546,64556,10
12.98820972,80.25583649,64556,64566,10
12.98843956,80.25588989,64566,64576,10
12.98863983,80.25589752,64576,64586,10
12.98865986,80.25591278,64586,64596,10
12.98886013,80.25595093,64596,64605,9
12.98911953,80.2559967,64605,64617,12
12.98960972,80.25604248,64617,64627,10
12.99030018,80.25605774,64627,64637,10
12.99098015,80.25608063,64637,64647,10
12.99166965,80.25610352,64647,64657,10
12.99232006,80.25610352,64657,64758,101
12.99232006,80.25610352,64758,64768,10
12.99260044,80.25611115,64768,64778,10
12.9927702,80.25610352,64778,64788,10
12.99300957,80.256073,64788,64798,10
12.99345016,80.25601196,64798,64879,81
12.99345016,80.25601196,64879,64890,11
12.9938097,80.256073,64890,64919,29
12.9938097,80.256073,64919,64929,10
12.99403954,80.25605774,64929,64939,10
12.99429989,80.25605011,64939,64950,11
12.99485016,80.25598145,64950,64961,11
12.99512005,80.25595093,64961,64971,10
12.99545002,80.2559433,64971,64979,8
12.99584961,80.2559433,64979,64991,12
12.99664021,80.25592804,64991,65100,109
12.99664021,80.25592804,65100,65110,10
12.99699974,80.25598907,65110,65120,10
12.99744034,80.2559967,65120,65132,12
12.99820042,80.25605011,65132,65140,8
12.99857044,80.256073,65140,65170,30
12.99857044,80.256073,65170,65183,13
12.99888039,80.2561264,65183,65193,10
12.99894047,80.25614166,65193,65203,10
12.99905014,80.25614929,65203,65213,10
12.99950981,80.25624084,65213,65223,10
12.99989033,80.25631714,65223,65233,10
13.00030994,80.25640869,65233,65243,10
13.00090981,80.25650787,65243,65314,71
13.00090981,80.25650787,65314,65324,10
13.0011301,80.25660706,65324,65334,10
13.00154018,80.25666809,65334,65344,10
13.00214005,80.25675964,65344,65354,10
13.00279999,80.25686646,65354,65364,10
13.00339031,80.2569809,65364,65374,10
13.00384045,80.25704956,65374,65384,10
13.00419998,80.25711823,65384,65415,31
13.00419998,80.25711823,65415,65425,10
13.00461006,80.25720215,65425,65435,10
13.0050602,80.25726318,65435,65445,10
13.00535011,80.25730133,65445,65455,10
13.00555992,80.25737762,65455,65465,10
13.00590992,80.25743103,65465,65485,20
13.00590992,80.25743103,65485,65495,10
13.00609016,80.25744629,65495,65505,10
13.00617027,80.25746155,65505,65515,10
13.00634003,80.25749969,65515,65526,11
13.00650978,80.25753021,65526,65536,10
13.00681973,80.25788116,65536,65546,10
13.00722027,80.25843811,65546,65556,10
13.0076704,80.25868225,65556,65566,10
13.00771046,80.25869751,65566,65576,10
13.00784016,80.25879669,65576,65586,10
13.0082798,80.25900269,65586,65596,10
13.00876045,80.25911713,65596,65606,10
13.00879002,80.25913239,65606,65616,10
13.00897026,80.25914764,65616,65626,10
13.00936031,80.25914764,65626,65637,11
13.0101099,80.25914764,65637,65647,10
13.01097965,80.25914764,65647,65657,10
13.01196003,80.25917053,65657,65667,10
13.01305962,80.25921631,65667,65677,10
13.01426983,80.25926208,65677,65687,10
13.01546955,80.25933838,65687,65697,10
13.01651955,80.25981903,65697,65717,20
13.01651955,80.25981903,65717,65727,10
13.01659966,80.25991821,65727,65736,9
13.01692009,80.26013184,65736,65748,12
13.01764965,80.26062012,65748,65758,10
13.01821995,80.26103973,65758,65768,10
13.01879025,80.26145935,65768,65778,10
13.01931953,80.2618866,65778,65788,10
13.01972961,80.26222229,65788,65798,10
13.02033997,80.2627182,65798,65808,10
13.02106953,80.2629776,65808,65818,10
13.02153969,80.26316071,65818,65828,10
13.02198982,80.26335907,65828,65838,10
13.02229977,80.26351929,65838,65848,10
13.02250957,80.26363373,65848,65859,11
13.0229702,80.26387024,65859,65869,10
13.02326965,80.26403046,65869,65879,10
13.0235796,80.26421356,65879,65889,10
13.02406979,80.26450348,65889,65899,10
13.02455997,80.26483154,65899,65909,10
13.02503967,80.2651825,65909,65919,10
13.02560997,80.26555634,65919,65929,10
13.02616024,80.26589966,65929,65940,11
13.02635956,80.26557159,65940,65950,10
13.02639961,80.26490021,65950,65960,10
13.02653027,80.26403046,65960,65981,21
13.02653027,80.26403046,65981,65991,10
13.02655983,80.26384735,65991,66001,10
13.02659988,80.26358795,66001,66011,10
13.02686977,80.26351929,66011,66021,10
13.02737045,80.26361084,66021,66031,10
13.02795029,80.26376343,66031,66042,11
13.02845955,80.26390076,66042,66052,10
13.0289402,80.26402283,66052,66062,10
13.02929974,80.26434326,66062,66071,9
13.02931023,80.26476288,66071,66083,12
13.02929974,80.26538086,66083,66093,10
13.02927017,80.26602936,66093,66103,10
13.02923965,80.26615143,66103,66113,10
13.02917957,80.26644135,66113,66123,10
13.02917957,80.2664566,66123,66133,10
13.02937984,80.26664734,66133,66143,10
13.02982044,80.26667786,66143,66153,10
13.03030968,80.26676178,66153,66163,10
13.03085995,80.26685333,66163,66173,10
13.03157997,80.26711273,66173,66183,10
13.03225994,80.26740265,66183,66194,11
13.0328598,80.26776886,66194,66244,50
13.0328598,80.26776886,66244,66254,10
13.03332043,80.26789093,66254,66264,10
13.0340004,80.26802063,66264,66284,20
13.0340004,80.26802063,66284,66294,10
13.03415012,80.26805878,66294,66304,10
13.03450012,80.26808167,66304,66315,11
13.03489017,80.26802826,66315,66323,8
13.03530979,80.26796722,66323,66336,13
13.03592014,80.2678833,66336,66346,10
13.03645039,80.26779938,66346,66356,10
13.03687954,80.26750946,66356,66366,10
13.03703976,80.26693726,66366,66376,10
13.03709984,80.26651764,66376,66386,10
13.03715038,80.26641083,66386,66396,10
13.03724957,80.26598358,66396,66406,10
13.03740978,80.26526642,66406,66417,11
13.03759956,80.2644577,66417,66427,10
13.03798008,80.26447296,66427,66435,8
13.03835964,80.26455688,66435,66447,12
13.03872013,80.26464081,66447,66457,10
13.03929043,80.26473236,66457,66467,10
13.03985023,80.26464081,66467,66477,10
13.04041004,80.26464844,66477,66487,10
13.04069996,80.26467896,66487,66497,10
13.04111004,80.26470184,66497,66507,10
13.04144955,80.26499939,66507,66517,10
13.04133034,80.26551056,66517,66527,10
13.04125977,80.26602173,66527,66538,11
13.04115963,80.26676178,66538,66548,10
13.04111004,80.26705933,66548,66558,10
13.04106045,80.26737976,66558,66568,10
13.04094982,80.26798248,66568,66578,10
13.04115963,80.26824188,66578,66586,8
13.04360008,80.26747131,66586,66652,66
13.04360008,80.26747131,66652,66673,21
13.04424,80.26708984,66673,66682,9
13.04450035,80.26695251,66682,66693,11
13.04493999,80.26677704,66693,66703,10
13.04568958,80.26667786,66703,66712,9
13.0462904,80.26648712,66712,66723,11
13.0471096,80.26638031,66723,66742,19
13.0471096,80.26638031,66742,66751,9
13.04734039,80.2664032,66751,66764,13
13.04782963,80.26618958,66764,66774,10
13.04819965,80.26586151,66774,66784,10
13.04868984,80.26535797,66784,66794,10
13.04893017,80.26483917,66794,66804,10
13.04918003,80.26425171,66804,66814,10
13.04979992,80.26416779,66814,66824,10
13.05049038,80.26422882,66824,66834,10
13.05097961,80.26419067,66834,66844,10
13.05138969,80.26409912,66844,66854,10
13.05177975,80.26399994,66854,66864,10
13.05224991,80.26384735,66864,66905,41
13.05224991,80.26384735,66905,66915,10
13.05274963,80.2639389,66915,66925,10
13.05329037,80.26399231,66925,66935,10
13.05385971,80.26412201,66935,66945,10
13.05445957,80.26435089,66945,66965,20
13.05445957,80.26435089,66965,66975,10
13.05471992,80.26441193,66975,66986,11
13.05521965,80.26451111,66986,66996,10
13.05576038,80.26461792,66996,67006,10
13.05638027,80.2646637,67006,67016,10
13.05687046,80.26477051,67016,67026,10
13.05745983,80.26508331,67026,67036,10
13.05799007,80.26503754,67036,67046,10
13.05795956,80.26448059,67046,67053,7
13.05790043,80.26403046,67053,67066,13
13.05786037,80.26338959,67066,67076,10
13.05786991,80.26293945,67076,67085,9
13.05782032,80.26277161,67085,67097,12
13.05774975,80.26236725,67097,67107,10
13.05768013,80.26186371,67107,67117,10
13.05760002,80.26142883,67117,67127,10
13.05753994,80.2611618,67127,67137,10
13.05786037,80.26110077,67137,67147,10
13.0583601,80.26106262,67147,67157,10
13.05863953,80.2610321,67157,67167,10
13.05900955,80.26097107,67167,67177,10
13.05932999,80.26084137,67177,67187,10
13.05957985,80.26068115,67187,67197,10
13.05996037,80.26074982,67197,67208,11
13.06042957,80.26127625,67208,67218,10
13.06097031,80.26174927,67218,67228,10
13.06122017,80.26199341,67228,67238,10
13.06140041,80.26217651,67238,67248,10
13.06147957,80.26228333,67248,67258,10
13.06163979,80.26245117,67258,67268,10
13.06184959,80.26271057,67268,67278,10
13.06217003,80.26312256,67278,67288,10
13.06264973,80.26368713,67288,67298,10
13.06297016,80.26405334,67298,67308,10
13.06297016,80.26406097,67308,67319,11
13.06311035,80.26426697,67319,67329,10
13.06342983,80.26473236,67329,67339,10
13.06390953,80.26544189,67339,67359,20
13.06390953,80.26544189,67359,67369,10
13.06402016,80.26560974,67369,67379,10
13.06414986,80.26580048,67379,67389,10
13.06431961,80.26600647,67389,67399,10
13.06443024,80.26612091,67399,67409,10
13.06459045,80.2662735,67409,67420,11
13.06474018,80.26651001,67420,67428,8
13.06484032,80.26663208,67428,67440,12
13.06497955,80.26683044,67440,67450,10
13.06532001,80.26712036,67450,67460,10
13.06581974,80.26761627,67460,67470,10
13.06630993,80.26821899,67470,67480,10
13.06665993,80.26849365,67480,67490,10
13.06696987,80.26860046,67490,67510,20
13.06696987,80.26860046,67510,67520,10
13.06706047,80.26864624,67520,67529,9
13.06735039,80.26888275,67529,67539,10
13.06781006,80.26924896,67539,67551,12
13.06828976,80.2696991,67551,67561,10
13.06820965,80.27036285,67561,67571,10
13.06814957,80.27086639,67571,67581,10
13.06812,80.27118683,67581,67591,10
13.06818962,80.27149963,67591,67601,10
13.06820011,80.27152252,67601,67611,10
13.06834984,80.27174377,67611,67621,10
13.06863022,80.27198029,67621,67631,10
13.06884003,80.27204895,67631,67641,10
13.06917953,80.2722168,67641,67652,11
13.06964016,80.27266693,67652,67661,9
13.06993961,80.27297974,67661,67671,10
13.07021999,80.27329254,67671,67683,12
13.07085037,80.27407837,67683,67701,18
13.07085037,80.27407837,67701,67711,10
13.07120037,80.27423859,67711,67721,10
13.07180977,80.27448273,67721,67733,12
13.07240963,80.27513123,67733,67742,9
13.07291985,80.27568817,67742,67753,11
13.07361984,80.27635956,67753,67762,9
13.07423973,80.27644348,67762,67772,10
13.07487965,80.27642059,67772,67784,12
13.07557964,80.27639771,67784,67792,8
13.07610035,80.27638245,67792,67802,10
13.07686996,80.27635193,67802,67814,12
13.07777977,80.27628326,67814,67822,8
13.07816982,80.27597809,67822,67832,10
13.07847977,80.27532959,67832,67842,10
13.07919025,80.27528381,67842,67852,10
13.07993031,80.27536774,67852,67862,10
13.08038998,80.27532196,67862,67874,12
13.08076,80.27528381,67874,67885,11
13.08111,80.2752533,67885,68036,151
13.08111,80.2752533,68036,68046,10
13.08135986,80.27523804,68046,68056,10
13.0815897,80.2752533,68056,68066,10
13.08189011,80.27536774,68066,68076,10
13.08201027,80.27542877,68076,68086,10
13.08209991,80.27578735,68086,68147,61
13.08209991,80.27578735,68147,68157,10
13.08213997,80.27594757,68157,68167,10
13.08199978,80.27606201,68167,68177,10
13.08185959,80.27616882,68177,68187,10
13.08187008,80.27646637,68187,68197,10
13.08191967,80.27690125,68197,68207,10
13.08197975,80.27745819,68207,68218,11
13.08199978,80.2779007,68218,68226,8
13.08215046,80.27813721,68226,68238,12
13.08271027,80.27816772,68238,68248,10
13.0830698,80.27819061,68248,68258,10
13.08323002,80.27822113,68258,68268,10
13.08337975,80.27839661,68268,68278,10
13.08351994,80.27877045,68278,68288,10
13.0834198,80.27912903,68288,68298,10
13.0829401,80.27893829,68298,68308,10
13.08230972,80.27867126,68308,68318,10
13.08197021,80.27837372,68318,68328,10
13.08191967,80.27793121,68328,68341,13
13.08185959,80.27748871,68341,68351,10
13.08181953,80.27709961,68351,68361,10
13.08183002,80.27706146,68361,68371,10
13.08183956,80.27680206,68371,68381,10
13.08183002,80.2766571,68381,68391,10
13.08168983,80.27610016,68391,68413,22
13.08168983,80.27610016,68413,68423,10
13.08156013,80.27590942,68423,68452,29
13.08156013,80.27590942,68452,68463,11
13.08150959,80.27568054,68463,68473,10
13.08146954,80.27545166,68473,68483,10
13.08133984,80.27529907,68483,68494,11
13.08090019,80.27536011,68494,68503,9
13.08041954,80.27541351,68503,68514,11
13.07983971,80.27546692,68514,68524,10
13.07929993,80.27536774,68524,68534,10
13.07859039,80.2753067,68534,68545,11
13.07812977,80.27616119,68545,68555,10
13.07728958,80.27635193,68555,68565,10
13.07668972,80.27638245,68565,68575,10
13.0760603,80.27642059,68575,68585,10
13.07524014,80.27644348,68585,68595,10
13.07446003,80.27644348,68595,68605,10
13.07402039,80.27648926,68605,68615,10
13.07398987,80.27649689,68615,68625,10
13.0738802,80.27654266,68625,68635,10
13.07345963,80.27646637,68635,68645,10
13.07301998,80.27594757,68645,68655,10
13.0724802,80.27539063,68655,68663,8
13.07207966,80.27497864,68663,68676,13
13.07131004,80.27455902,68676,68686,10
13.07081032,80.27443695,68686,68716,30
13.07081032,80.27443695,68716,68726,10
13.07073021,80.27429199,68726,68736,10
13.07057953,80.27404785,68736,68746,10
13.07038021,80.27364349,68746,68756,10
13.07001019,80.27317047,68756,68766,10
13.06954002,80.27268219,68766,68776,10
13.06914997,80.27227783,68776,68787,11
13.06904984,80.27216339,68787,68797,10
13.06863976,80.27204132,68797,68807,10
13.06820965,80.27172089,68807,68817,10
13.06793976,80.27120209,68817,68827,10
13.06748009,80.27072144,68827,68837,10
13.06692028,80.27015686,68837,68847,10
13.06655979,80.26970673,68847,68856,9
13.06643009,80.26934814,68856,68867,11
13.06637955,80.26876831,68867,68877,10
13.06620026,80.26835632,68877,68888,11
13.06585979,80.26789093,68888,68898,10
13.06560993,80.26777649,68898,68948,50
13.06560993,80.26777649,68948,68958,10
13.06513977,80.26770782,68958,68968,10
13.06462002,80.26761627,68968,68978,10
13.06400967,80.26750946,68978,68987,9
13.06359959,80.26743317,68987,68998,11
13.06332016,80.26737976,68998,69009,11
13.06303978,80.2673111,69009,69019,10
13.0626297,80.26709747,69019,69029,10
13.06221962,80.2665863,69029,69039,10
13.06173038,80.26596069,69039,69049,10
13.06124973,80.26540375,69049,69059,10
13.06079006,80.26529694,69059,69069,10
13.06052017,80.26548004,69069,69079,10
13.06050968,80.26548004,69079,69089,10
13.06042957,80.26553345,69089,69099,10
13.06007004,80.26567078,69099,69109,10
13.05976009,80.26571655,69109,69120,11
13.05955982,80.26570129,69120,69130,10
13.05949974,80.26567841,69130,69140,10
13.05924988,80.26560211,69140,69150,10
13.05885983,80.26554871,69150,69160,10
13.05860996,80.26548004,69160,69170,10
13.05815983,80.26535034,69170,69180,10
13.05753994,80.26509857,69180,69190,10
13.05681038,80.26477814,69190,69200,10
13.05607986,80.26464081,69200,69210,10
13.05535984,80.26455688,69210,69221,11
13.05469036,80.2644577,69221,69251,30
13.05469036,80.2644577,69251,69261,10
13.05463982,80.26444244,69261,69271,10
13.05426979,80.26435089,69271,69281,10
13.05377007,80.26416016,69281,69291,10
13.05333996,80.26400757,69291,69321,30
13.05333996,80.26400757,69321,69331,10
13.05305958,80.26396179,69331,69342,11
13.05276012,80.2639389,69342,69372,30
13.05276012,80.2639389,69372,69384,12
13.05216026,80.26392365,69384,69402,18
13.05216026,80.26392365,69402,69414,12
13.05163956,80.26405334,69414,69422,8
13.05123997,80.26413727,69422,69434,12
13.05091953,80.26419067,69434,69444,10
13.0506897,80.26422119,69444,69454,10
13.05023956,80.2641983,69454,69464,10
13.04979038,80.26413727,69464,69475,11
13.04918003,80.26441956,69475,69485,10
13.04899025,80.2649765,69485,69495,10
13.04895973,80.26506805,69495,69505,10
13.04880047,80.26535034,69505,69514,9
13.04846954,80.26570892,69514,69524,10
13.04813957,80.26600647,69524,69533,9
13.04778957,80.26629639,69533,69545,12
13.04695034,80.26641846,69545,69566,21
13.04695034,80.26641846,69566,69576,10
13.04673004,80.26641846,69576,69586,10
13.04625034,80.26651764,69586,69596,10
13.04576969,80.26667786,69596,69606,10
13.04526997,80.26676178,69606,69616,10
13.0448103,80.26683807,69616,69626,10
13.04432964,80.26702881,69626,69636,10
13.04372025,80.26740265,69636,69646,10
13.04312038,80.26776886,69646,69656,10
13.04261017,80.26808167,69656,69667,11
13.04197979,80.26824951,69667,69677,10
13.04148006,80.26831818,69677,69687,10
13.04117966,80.26833344,69687,69697,10
13.04117012,80.26833344,69697,69707,10
13.04088974,80.26828003,69707,69717,10
13.04043961,80.26815796,69717,69727,10
13.03999996,80.26799011,69727,69737,10
13.03973007,80.26789856,69737,69747,10
13.0396204,80.26789093,69747,69757,10
13.03919983,80.26782227,69757,69767,10
13.03870964,80.26773834,69767,69777,10
13.03794003,80.26776123,69777,69808,31
13.03794003,80.26776123,69808,69818,10
13.03761005,80.26773834,69818,69828,10
13.03740025,80.26772308,69828,69838,10
13.03707981,80.2677002,69838,69848,10
13.03691959,80.26773834,69848,69969,121
13.03691959,80.26773834,69969,69979,10
13.03668022,80.26785278,69979,69989,10
13.03635979,80.26789093,69989,69999,10
13.03590965,80.26792908,69999,70009,10
13.03565025,80.26795197,70009,70020,11
13.03528976,80.26795197,70020,70030,10
13.03493023,80.26798248,70030,70040,10
13.03464031,80.26808167,70040,70050,10
13.03462982,80.26808167,70050,70060,10
13.03417969,80.26809692,70060,70090,30
13.03417969,80.26809692,70090,70100,10
13.03376961,80.26804352,70100,70109,9
13.03347015,80.26795959,70109,70123,14
13.03275967,80.26779175,70123,70143,20
13.03275967,80.26779175,70143,70153,10
13.03256989,80.26763153,70153,70163,10
13.03244972,80.26756287,70163,70173,10
13.0321703,80.2674408,70173,70183,10
13.0317297,80.26724243,70183,70193,10
13.03122044,80.26708221,70193,70204,11
12.98684025,80.25901794,70204,70205,1
12.98684025,80.25901794,70205,70213,8
13.02997971,80.26673889,70213,70224,11
13.02968979,80.26669312,70224,70234,10
13.02960014,80.26667786,70234,70243,9
13.02939034,80.26667023,70243,70283,40
13.02939034,80.26667023,70283,70295,12
13.02896976,80.26654816,70295,70304,9
13.02867031,80.26644897,70304,70314,10
13.02818966,80.26629639,70314,70323,9
13.02758026,80.26622009,70323,70334,11
13.02684021,80.2661438,70334,70344,10
12.98692989,80.25901031,70344,70345,1
12.98692989,80.25901031,70345,70354,9
13.02637005,80.26608276,70354,70364,10
13.02637005,80.26608276,70364,70374,10
13.02637005,80.26608276,70374,70384,10
13.0262804,80.2660675,70384,70394,10
13.02595997,80.26592255,70394,70404,10
13.02550983,80.26563263,70404,70414,10
13.02517986,80.26540375,70414,70426,12
13.02509975,80.26531982,70426,70434,8
13.02497005,80.26519775,70434,70446,12
13.02451038,80.26487732,70446,70454,8
13.02414036,80.26461792,70454,70467,13
13.02348995,80.26425934,70467,70477,10
13.02299976,80.26396179,70477,70487,10
13.02243042,80.26365662,70487,70497,10
13.02194977,80.26342773,70497,70507,10
13.02147961,80.26325989,70507,70517,10
13.02068043,80.26313782,70517,70527,10
13.02005959,80.26313019,70527,70537,10
13.01939964,80.26303864,70537,70547,10
13.01896,80.26290894,70547,70557,10
13.01885986,80.26229858,70557,70564,7
13.01879025,80.26187134,70564,70578,14
13.01877022,80.26174164,70578,70588,10
13.01873016,80.26152039,70588,70598,10
13.01856995,80.26135254,70598,70608,10
13.0183897,80.2612381,70608,70618,10
13.01819992,80.2611084,70618,70628,10
13.01788044,80.2609024,70628,70638,10
13.01743984,80.2605896,70638,70648,10
13.01688004,80.26022339,70648,70658,10
13.01597977,80.259758,70658,70679,21
13.01597977,80.259758,70679,70689,10
13.01566982,80.25959778,70689,70699,10
13.01513004,80.25945282,70699,70709,10
13.01445961,80.25939941,70709,70719,10
13.01368999,80.25937653,70719,70729,10
13.01278019,80.25933838,70729,70739,10
13.01181984,80.25930023,70739,70749,10
13.01093006,80.25930023,70749,70759,10
13.01004982,80.25933075,70759,70769,10
13.00922012,80.25930786,70769,70779,10
13.00874043,80.25930786,70779,70788,9
13.00837994,80.2592926,70788,70800,12
13.00767994,80.25943756,70800,70810,10
13.00734043,80.25926208,70810,70820,10
13.0071497,80.25878906,70820,70830,10
13.00706959,80.25863647,70830,70840,10
13.00702953,80.25856018,70840,70850,10
13.0068903,80.25830078,70850,70860,10
13.00646019,80.25775146,70860,70880,20
13.00646019,80.25775146,70880,70890,10
13.00607967,80.25758362,70890,70900,10
13.00561047,80.25746918,70900,70909,9
13.00522041,80.25737,70909,70921,12
13.00485039,80.25730896,70921,70931,10
13.00459957,80.2572937,70931,70941,10
13.00438023,80.25726318,70941,70961,20
13.00438023,80.25726318,70961,70971,10
13.00387955,80.25711823,70971,71011,40
13.00387955,80.25711823,71011,71020,9
13.00331974,80.25700378,71020,71112,92
13.00331974,80.25700378,71112,71122,10
13.00306034,80.25701904,71122,71132,10
13.00271988,80.25694275,71132,71143,11
13.00236988,80.2568512,71143,71153,10
13.00207996,80.25679016,71153,71163,10
13.00177956,80.25673676,71163,71173,10
13.00133991,80.25668335,71173,71264,91
13.00133991,80.25668335,71264,71274,10
13.00123024,80.25662231,71274,71284,10
13.00086021,80.25656891,71284,71295,11
13.00010967,80.2564621,71295,71305,10
12.99938011,80.2563324,71305,71315,10
12.99855042,80.2562027,71315,71345,30
12.99855042,80.2562027,71345,71354,9
12.99822044,80.25614166,71354,71366,12
12.99769974,80.25605011,71366,71376,10
12.99701023,80.25604248,71376,71384,8
12.99660969,80.25601959,71384,71395,11
12.99615002,80.25598907,71395,71414,19
12.99615002,80.25598907,71414,71425,11
12.99573994,80.2559967,71425,71435,10
12.99553013,80.25601959,71435,71446,11
12.99530029,80.25602722,71446,71455,9
12.99487019,80.25601959,71455,71467,12
12.99435043,80.25605011,71467,71477,10
12.99388027,80.25608826,71477,71485,8
12.99339008,80.25611115,71485,71495,10
12.99269009,80.25615692,71495,71507,12
12.99178028,80.25617218,71507,71515,8
12.99120998,80.25614929,71515,71527,12
12.99061966,80.25614166,71527,71535,8
12.99028015,80.2561264,71535,71598,63
12.99028015,80.2561264,71598,71608,10
12.98993969,80.25610352,71608,71618,10
12.98972988,80.25611877,71618,71628,10
12.98945045,80.25610352,71628,71638,10
12.98906994,80.25608826,71638,71648,10
12.9885397,80.25605011,71648,71658,10
12.98841,80.25604248,71658,71668,10
12.98820019,80.25598145,71668,71678,10
12.98785973,80.25595856,71678,71688,10
12.98785973,80.25595093,71688,71698,10
12.98760033,80.25610352,71698,71709,11
12.98752975,80.25682831,71709,71719,10
12.98744965,80.25765228,71719,71729,10
12.98738956,80.25856018,71729,71739,10
12.98731041,80.25913239,71739,71749,10
12.98719025,80.25958252,71749,71789,40
12.98719025,80.25958252,71789,71799,10
12.98717022,80.25968933,71799,71809,10
12.98701,80.25971222,71809,71820,11
12.98692036,80.25949097,71820,72067,247
12.98692989,80.25917053,72067,72806,739
12.98692989,80.25917053,72806,72816,10
12.98723984,80.25919342,72816,72826,10
12.98729992,80.25879669,72826,72836,10
12.98735046,80.25821686,72836,72843,7
12.98740959,80.25765228,72843,72968,125
12.98746014,80.25753784,72968,73038,70
12.98746967,80.25759125,73038,73129,91
12.98746967,80.25759125,73129,73139,10
12.98746014,80.25726318,73139,73149,10
12.98750973,80.25678253,73149,73159,10
12.98752022,80.2564621,73159,73169,10
12.98754025,80.25604248,73169,73179,10
12.98785973,80.25583649,73179,73189,10
12.98824978,80.25589752,73189,73200,11
12.98828983,80.25591278,73200,73210,10
12.98841,80.25592804,73210,73220,10
12.9887104,80.25598145,73220,73230,10
12.98910046,80.25604248,73230,73240,10
12.98978043,80.25605774,73240,73250,10
12.99046993,80.25604248,73250,73260,10
12.99081993,80.25605774,73260,73270,10
12.99143982,80.25610352,73270,73280,10
12.9923296,80.2561264,73280,73290,10
12.99318981,80.25610352,73290,73300,10
12.99357033,80.25608063,73300,73381,81
12.99357033,80.25608063,73381,73391,10
12.99376011,80.25605011,73391,73401,10
12.99400043,80.25604248,73401,73411,10
12.99423027,80.25604248,73411,73422,11
12.99456978,80.2559967,73422,73432,10
12.99481964,80.25598145,73432,73462,30
12.99503994,80.25601959,73462,73512,50
12.99503994,80.25601959,73512,73522,10
12.99520016,80.25592804,73522,73532,10
12.99553013,80.25592804,73532,73544,12
12.99645042,80.25591278,73544,73593,49
12.99645042,80.25591278,73593,73604,11
12.99656963,80.25592041,73604,73614,10
12.99697018,80.25592804,73614,73624,10
12.99755955,80.25598145,73624,73634,10
12.99847984,80.25604248,73634,73655,21
12.99847984,80.25604248,73655,73665,10
12.99866009,80.25610352,73665,73694,29
12.99886036,80.2561264,73694,73734,40
12.99886036,80.2561264,73734,73743,9
12.99897003,80.2561264,73743,73756,13
12.99940968,80.25621796,73756,73766,10
12.9998703,80.25630951,73766,73776,10
13.00039959,80.25641632,73776,73786,10
13.00094986,80.25650024,73786,73796,10
13.0014801,80.25659943,73796,73806,10
13.00209045,80.25669098,73806,73816,10
13.00230026,80.25672913,73816,73826,10
13.00263023,80.25679016,73826,73836,10
13.00308037,80.25686646,73836,73846,10
13.00366974,80.2569809,73846,73856,10
13.00434971,80.25710297,73856,73866,10
13.00498009,80.25723267,73866,73877,11
13.00564003,80.25736237,73877,73887,10
13.00607967,80.25746918,73887,73897,10
13.00652981,80.25753784,73897,73907,10
13.00691986,80.25805664,73907,73917,10
13.00743008,80.25862885,73917,73927,10
13.00776005,80.25875092,73927,73937,10
13.00782013,80.25878906,73937,73947,10
13.00823021,80.25897217,73947,73957,10
13.00889969,80.25914764,73957,73967,10
13.00971031,80.2591629,73967,73977,10
13.01053047,80.2591629,73977,73988,11
13.01134014,80.25914764,73988,73998,10
13.01216984,80.25917053,73998,74008,10
13.01319981,80.25920868,74008,74018,10
13.01436043,80.25926971,74018,74028,10
13.01541042,80.25935364,74028,74038,10
13.01628017,80.25971985,74038,74048,10
13.01651955,80.25987244,74048,74058,10
13.01688004,80.26014709,74058,74068,10
13.01749039,80.26055908,74068,74078,10
13.01821041,80.26106262,74078,74087,9
13.01881981,80.26151276,74087,74099,12
13.01957035,80.26216125,74099,74109,10
13.02011967,80.26270294,74109,74119,10
13.02071953,80.26293182,74119,74129,10
13.02138042,80.26313019,74129,74139,10
13.02188015,80.26334381,74139,74149,10
13.02217007,80.26348114,74149,74159,10
13.02262974,80.26371765,74159,74166,7
13.0228796,80.26387787,74166,74179,13
13.0232296,80.26409149,74179,74189,10
13.02365971,80.264328,74189,74198,9
13.02422047,80.2646637,74198,74210,12
13.02482986,80.26513672,74210,74220,10
13.02519035,80.26540375,74220,74230,10
13.02562046,80.26569366,74230,74240,10
13.0260601,80.26595306,74240,74250,10
13.02626038,80.26584625,74250,74260,10
13.02630043,80.26545715,74260,74270,10
13.02632999,80.26499176,74270,74280,10
13.02641964,80.26435089,74280,74290,10
13.02645969,80.26416779,74290,74300,10
13.02649975,80.26403809,74300,74310,10
13.0265398,80.26371765,74310,74321,11
13.02663994,80.26345825,74321,74331,10
13.02690029,80.26348877,74331,74341,10
13.02727985,80.26355743,74341,74351,10
13.02762032,80.26367188,74351,74361,10
13.02812958,80.26381683,74361,74371,10
13.0284996,80.26390839,74371,74381,10
13.02884007,80.26399994,74381,74391,10
13.02917957,80.26409912,74391,74401,10
13.02923965,80.26454163,74401,74411,10
13.02925968,80.26506805,74411,74421,10
13.02925014,80.26560211,74421,74431,10
13.02923965,80.26596832,74431,74442,11
13.02923012,80.26608276,74442,74452,10
13.02917004,80.2663269,74452,74462,10
13.02921963,80.26657104,74462,74472,10
13.02958012,80.26661682,74472,74482,10
13.03075027,80.26680756,74482,74492,10
13.03075027,80.26680756,74492,74502,10
13.03129959,80.26699066,74502,74511,9
13.03376007,80.26796722,74511,74596,85
13.03376007,80.26796722,74596,74607,11
13.03390026,80.26802063,74607,74617,10
13.03425026,80.26806641,74617,74627,10
13.03472042,80.26804352,74627,74637,10
13.03530979,80.26795959,74637,74647,10
13.03594017,80.26783752,74647,74655,8
13.03633022,80.26776886,74655,74668,13
13.03676033,80.26757813,74668,74678,10
13.03695011,80.26702881,74678,74688,10
13.03701973,80.26644135,74688,74698,10
13.03703022,80.2664032,74698,74708,10
13.03711033,80.2661972,74708,74718,10
13.03722,80.26574707,74718,74728,10
13.03740025,80.26502991,74728,74738,10
13.03756046,80.26444244,74738,74748,10
13.03794956,80.26448059,74748,74758,10
13.0383997,80.2645874,74758,74768,10
13.03866959,80.26463318,74768,74779,11
13.03931046,80.26473236,74779,74789,10
13.0399704,80.26463318,74789,74799,10
13.04061985,80.26467133,74799,74809,10
13.04102039,80.26470184,74809,74819,10
13.04143047,80.26495361,74819,74829,10
13.04129028,80.26548767,74829,74839,10
13.04119968,80.26618195,74839,74849,10
13.04108047,80.26687622,74849,74859,10
13.04102039,80.26721954,74859,74869,10
13.04090977,80.26776886,74869,74880,11
13.04098988,80.26817322,74880,74890,10
13.04144001,80.26817322,74890,74899,9
13.04413033,80.26709747,74899,74965,66
13.04413033,80.26709747,74965,74984,19
13.04506016,80.26673126,74984,74997,13
13.04584026,80.26660919,74997,75005,8
13.04633045,80.26644897,75005,75017,12
13.04703999,80.26634979,75017,75025,8
13.0471096,80.26634979,75025,75035,10
13.04720974,80.26634979,75035,75045,10
13.0475502,80.26628876,75045,75055,10
13.04794979,80.26605225,75055,75067,12
13.04835033,80.26569366,75067,75077,10
13.04868984,80.26531219,75077,75085,8
13.04883957,80.26500702,75085,75095,10
13.04891968,80.26476288,75095,75108,13
13.0490799,80.26434326,75108,75118,10
13.04950047,80.26407623,75118,75128,10
13.05004025,80.26413727,75128,75138,10
13.05064011,80.26415253,75138,75148,10
13.05125999,80.2640686,75148,75158,10
13.05181026,80.26393127,75158,75168,10
13.0521698,80.26381683,75168,75178,10
13.05245972,80.26383972,75178,75188,10
13.05284023,80.26387787,75188,75198,10
13.05344963,80.26396179,75198,75205,7
13.05368996,80.26399231,75205,75259,54
13.05368996,80.26399231,75259,75269,10
13.05399036,80.2641983,75269,75279,10
13.05449009,80.26432037,75279,75289,10
13.05455971,80.26434326,75289,75299,10
13.05494976,80.26441956,75299,75309,10
13.05554008,80.26451874,75309,75319,10
13.05628967,80.26460266,75319,75328,9
13.05690002,80.26473236,75328,75340,12
13.05766964,80.26512909,75340,75350,10
13.05792046,80.26473999,75350,75360,10
13.05784988,80.26422882,75360,75370,10
13.05778027,80.26371002,75370,75380,10
13.05774975,80.26306915,75380,75390,10
13.05772018,80.26261139,75390,75400,10
13.05764961,80.26199341,75400,75410,10
13.05749035,80.2612915,75410,75420,10
13.05776024,80.26106262,75420,75430,10
13.05813026,80.26100922,75430,75440,10
13.05846977,80.26096344,75440,75451,11
13.05887032,80.26094055,75451,75461,10
13.05932999,80.26081848,75461,75471,10
13.05970001,80.26052856,75471,75481,10
13.06007004,80.26080322,75481,75491,10
13.06048965,80.26132965,75491,75501,10
13.06093025,80.26174927,75501,75511,10
13.06130028,80.26213837,75511,75521,10
13.06155968,80.26238251,75521,75531,10
13.06177044,80.2627182,75531,75541,10
13.0618,80.26275635,75541,75551,10
13.0619297,80.26294708,75551,75562,11
13.06235027,80.26345825,75562,75572,10
13.06284046,80.26399994,75572,75582,10
13.06291008,80.26406097,75582,75592,10
13.06311035,80.26438904,75592,75602,10
13.06346035,80.26495361,75602,75612,10
13.0638504,80.26553345,75612,75622,10
13.06427956,80.26609039,75622,75632,10
13.06474018,80.2666626,75632,75642,10
13.06513023,80.26706696,75642,75652,10
13.06569004,80.26757813,75652,75662,10
13.06628036,80.2682724,75662,75683,21
13.06628036,80.2682724,75683,75693,10
13.06636047,80.26834106,75693,75703,10
13.0666399,80.26850128,75703,75713,10
13.06688976,80.26862335,75713,75723,10
13.06694031,80.26863861,75723,75733,10
13.06729031,80.26888275,75733,75743,10
13.06770039,80.26918793,75743,75753,10
13.06809998,80.26946259,75753,75763,10
13.06824017,80.26966095,75763,75773,10
13.06816006,80.27017975,75773,75784,11
13.06812954,80.27062225,75784,75794,10
13.06809998,80.27088165,75794,75804,10
13.06805992,80.27127075,75804,75814,10
13.06830978,80.2717514,75814,75824,10
13.06875992,80.27200317,75824,75834,10
13.0690403,80.27210236,75834,75844,10
13.0693903,80.27245331,75844,75854,10
13.06982994,80.27294922,75854,75865,11
13.07034969,80.27358246,75865,75875,10
13.0707798,80.2741394,75875,75885,10
13.07131004,80.27433014,75885,75927,42
13.07131004,80.27433014,75927,75936,9
13.07133007,80.27433014,75936,75946,10
13.07168007,80.27449036,75946,75956,10
13.0721302,80.27490234,75956,75967,11
13.07269001,80.27552032,75967,75977,10
13.07326984,80.27612305,75977,75986,9
13.0737896,80.27645874,75986,75997,11
13.07462025,80.27642059,75997,76008,11
13.07559013,80.27639008,76008,76016,8
13.07625961,80.27635193,76016,76028,12
13.07695961,80.27632141,76028,76036,8
13.0775404,80.27628326,76036,76048,12
13.07812023,80.27586365,76048,76056,8
13.07833958,80.27532959,76056,76078,22
13.07833958,80.27532959,76078,76088,10
13.07853985,80.275177,76088,76179,91
13.07853985,80.275177,76179,76189,10
13.07888031,80.275177,76189,76199,10
13.07907009,80.27523041,76199,76209,10
13.07956028,80.27532959,76209,76450,241
13.07956028,80.27532959,76450,76462,12
13.07991028,80.27536011,76462,76472,10
13.08036041,80.27532196,76472,76482,10
13.08065033,80.27529144,76482,76492,10
13.08090019,80.27526093,76492,76502,10
13.08121967,80.27523041,76502,76512,10
13.08156013,80.27523041,76512,76522,10
13.08189964,80.27536011,76522,76532,10
13.08205032,80.27581024,76532,76746,214
13.08205032,80.27581024,76746,76758,12
13.08215046,80.27593231,76758,76768,10
13.08193016,80.27606964,76768,76776,8
13.08185005,80.27613831,76776,76786,10
13.08183956,80.27639008,76786,76799,13
13.08189964,80.27687073,76799,76809,10
13.08197021,80.27749634,76809,76819,10
13.08203983,80.27796173,76819,76829,10
13.08226013,80.27815247,76829,76839,10
13.08273029,80.2781601,76839,76849,10
13.08312035,80.27816772,76849,76859,10
13.08331013,80.27819824,76859,76869,10
13.0834198,80.27851868,76869,76879,10
13.08347988,80.27903748,76879,76889,10
13.08306026,80.2789917,76889,76899,10
13.08255005,80.27877808,76899,76910,11
13.0820303,80.27861786,76910,76920,10
13.08187962,80.27848053,76920,76940,20
13.08187962,80.27848053,76940,76950,10
13.08185959,80.27818298,76950,76960,10
13.08183002,80.27781677,76960,76970,10
13.08181953,80.27760315,76970,76980,10
13.08178043,80.27722931,76980,77000,20
13.08181,80.27703094,77000,77061,61
13.08176041,80.2766571,77061,77142,81
13.08176041,80.2766571,77142,77152,10
13.0816803,80.27632141,77152,77162,10
13.08150959,80.27580261,77162,77192,30
13.08150959,80.27580261,77192,77202,10
13.08145046,80.27545166,77202,77212,10
13.08113003,80.27526093,77212,77222,10
13.08055973,80.27532196,77222,77232,10
13.07999992,80.275383,77232,77241,9
13.07944965,80.27536774,77241,77253,12
13.07855988,80.27526093,77253,77263,10
13.07808971,80.27607727,77263,77273,10
13.07723999,80.27629852,77273,77283,10
13.07653999,80.27635193,77283,77292,9
13.07590008,80.27638245,77292,77303,11
13.07499981,80.27641296,77303,77313,10
13.07376003,80.27648163,77313,77333,20
13.07376003,80.27648163,77333,77343,10
13.07359028,80.27649689,77343,77354,11
13.07310963,80.27610779,77354,77364,10
13.07256985,80.27552032,77364,77374,10
13.07198048,80.27488708,77374,77384,10
13.07137966,80.2745285,77384,77394,10
13.07073975,80.27438354,77394,77404,10
13.07056999,80.27420807,77404,77414,10
13.07044983,80.27393341,77414,77424,10
13.07019043,80.27348328,77424,77434,10
13.06970024,80.2729187,77434,77443,9
13.06919003,80.27237701,77443,77454,11
13.06861973,80.27207184,77454,77475,21
13.06861973,80.27207184,77475,77485,10
13.06847954,80.27204895,77485,77495,10
13.06818962,80.27181244,77495,77505,10
13.06797981,80.2713623,77505,77515,10
13.06754017,80.27082825,77515,77525,10
13.06692982,80.27021027,77525,77535,10
13.06647015,80.26966095,77535,77545,10
13.06639004,80.26896667,77545,77555,10
13.06624985,80.2684021,77555,77565,10
13.06587982,80.26795197,77565,77576,11
13.06511974,80.26769257,77576,77596,20
13.06511974,80.26769257,77596,77606,10
13.06478024,80.26760101,77606,77616,10
13.06418991,80.26750183,77616,77626,10
13.06357002,80.26738739,77626,77636,10
13.06295013,80.26727295,77636,77647,11
13.06237984,80.26687622,77647,77657,10
13.0620203,80.26641846,77657,77666,9
13.06171036,80.26605988,77666,77676,10
13.06134033,80.26561737,77676,77686,10
13.06103039,80.26528931,77686,77696,10
13.06056976,80.26540375,77696,77706,10
13.06050014,80.26544189,77706,77718,12
13.06000996,80.26560974,77718,77728,10
13.0594101,80.26564026,77728,77738,10
13.05920982,80.26555634,77738,77748,10
13.05902004,80.26548004,77748,77758,10
13.05867004,80.26544952,77758,77767,9
13.05836964,80.26541901,77767,77798,31
13.05836964,80.26541901,77798,77807,9
13.05809021,80.26541901,77807,77817,10
13.05755997,80.2651825,77817,77829,12
13.05669975,80.26473999,77829,77837,8
13.05607033,80.26461029,77837,77847,10
13.05521965,80.26450348,77847,77857,10
13.05461025,80.26439667,77857,77867,10
13.05440044,80.26437378,77867,77877,10
13.05432034,80.26435852,77877,77887,10
13.05393028,80.26423645,77887,77960,73
13.05393028,80.26423645,77960,77970,10
13.05375004,80.26416016,77970,77980,10
13.05348015,80.26400757,77980,77990,10
13.0529604,80.26392365,77990,78000,10
13.05245972,80.26386261,78000,78010,10
13.0518198,80.26396942,78010,78020,10
13.05126953,80.26409149,78020,78030,10
13.05101967,80.26412964,78030,78041,11
13.0504303,80.26421356,78041,78051,10
13.04967022,80.26413727,78051,78061,10
13.04913044,80.26454163,78061,78071,10
13.0487299,80.26534271,78071,78081,10
13.04817963,80.26592255,78081,78091,10
13.04763031,80.26629639,78091,78101,10
13.04701042,80.2664032,78101,78111,10
13.04693031,80.2664032,78111,78121,10
13.04673004,80.26638794,78121,78131,10
13.04621983,80.2664566,78131,78141,10
13.04551029,80.26667023,78141,78152,11
13.04471016,80.2667923,78152,78162,10
13.04399967,80.26715851,78162,78172,10
13.04321003,80.26764679,78172,78182,10
13.04255009,80.26805878,78182,78192,10
13.0418396,80.26822662,78192,78202,10
13.04111958,80.26830292,78202,78212,10
13.03713989,80.26763916,78212,78278,66
13.03713989,80.26763916,78278,78298,20
13.03666019,80.26773071,78298,78308,10
13.0363102,80.26777649,78308,78318,10
13.03584003,80.26785278,78318,78329,11
13.03534985,80.26793671,78329,78339,10
13.03479958,80.26799774,78339,78348,9
13.03431034,80.26805115,78348,78360,12
13.03423023,80.26805115,78360,78371,11
13.03413963,80.26805115,78371,78381,10
13.03392982,80.26802826,78381,78391,10
13.03345966,80.2678833,78391,78401,10
13.03279018,80.26776123,78401,78411,10
13.03234959,80.26750183,78411,78421,10
13.03170013,80.26725769,78421,78431,10
13.0311203,80.2670517,78431,78441,10
13.03040028,80.26683044,78441,78451,10
13.02974987,80.26676178,78451,78461,10
13.02927017,80.26663971,78461,78468,7
13.02902985,80.26651001,78468,78482,14
13.02818966,80.26635742,78482,78492,10
13.02752972,80.26622772,78492,78502,10
13.02715015,80.26621246,78502,78512,10
13.02682018,80.26612854,78512,78552,40
13.02682018,80.26612854,78552,78562,10
13.02632999,80.26599121,78562,78572,10
13.02600002,80.26584625,78572,78582,10
13.02563,80.26564026,78582,78592,10
13.02525043,80.26541138,78592,78603,11
13.02519035,80.26537323,78603,78613,10
13.02493954,80.26519775,78613,78623,10
13.02453041,80.26490021,78623,78633,10
13.02398014,80.26451111,78633,78643,10
13.02346992,80.26422119,78643,78653,10
13.02299976,80.26399994,78653,78663,10
13.02241993,80.26365662,78663,78673,10
13.02194023,80.2634201,78673,78683,10
13.02143955,80.26322174,78683,78693,10
13.02062988,80.26309967,78693,78703,10
13.02003002,80.26306152,78703,78714,11
13.01930046,80.26296997,78714,78724,10
13.01891994,80.26274872,78724,78734,10
13.01881981,80.26203918,78734,78744,10
13.01861,80.2613678,78744,78754,10
13.01811028,80.2610321,78754,78764,10
13.01749039,80.26061249,78764,78774,10
13.01681042,80.26016235,78774,78784,10
13.01609039,80.25975037,78784,78794,10
13.01595974,80.2596817,78794,78804,10
13.0156498,80.25953674,78804,78815,11
13.01500034,80.25937653,78815,78825,10
13.01432991,80.25933075,78825,78835,10
13.01354027,80.25930786,78835,78845,10
13.01264954,80.25926208,78845,78855,10
13.01167965,80.25921631,78855,78865,10
13.01080036,80.25923157,78865,78875,10
13.00979042,80.25926208,78875,78885,10
13.00891972,80.25927734,78885,78895,10
13.00860023,80.25924683,78895,78905,10
13.00804996,80.25926208,78905,78915,10
13.00741005,80.25933075,78915,78926,11
13.00716972,80.25884247,78926,78936,10
13.00714016,80.25878906,78936,78946,10
13.00708008,80.25858307,78946,78956,10
13.00683975,80.25814819,78956,78966,10
13.00642014,80.25765228,78966,78976,10
13.00557041,80.25740814,78976,78986,10
13.00479031,80.25721741,78986,78996,10
13.00409031,80.25704956,78996,79006,10
13.00331974,80.25689697,79006,79016,10
13.00292015,80.25681305,79016,79026,10
13.00242996,80.2567215,79026,79036,10
13.00172997,80.25662231,79036,79047,11
13.00094986,80.25650787,79047,79057,10
13.0001297,80.25636292,79057,79067,10
12.99946976,80.25624847,79067,79077,10
12.99925041,80.25621033,79077,79107,30
12.99925041,80.25621033,79107,79117,10
12.99905968,80.2562027,79117,79127,10
12.99874973,80.25614166,79127,79148,21
12.99874973,80.25614166,79148,79157,9
12.99853992,80.25611115,79157,79169,12
12.99822044,80.25604248,79169,79179,10
12.99796963,80.2559967,79179,79189,10
12.99779034,80.25596619,79189,79199,10
12.99757957,80.25595093,79199,79268,69
12.99757957,80.25595093,79268,79278,10
12.99746037,80.25596619,79278,79290,12
12.99713039,80.2559433,79290,79300,10
12.99695969,80.25592041,79300,79308,8
12.99676037,80.25589752,79308,79318,10
12.99650955,80.25589752,79318,79330,12
12.9959898,80.25591278,79330,79338,8
12.99567986,80.25592804,79338,79348,10
12.99530983,80.2559433,79348,79359,11
12.99473,80.25598907,79359,79368,9
12.99427986,80.25605011,79368,79378,10
12.99376011,80.256073,79378,79391,13
12.99281979,80.25608826,79391,79398,7
12.99228001,80.25608826,79398,79411,13
12.99147987,80.25604248,79411,79421,10
12.9910202,80.25605011,79421,79431,10
12.9904604,80.25602722,79431,79441,10
12.9898901,80.25605011,79441,79451,10
12.98933983,80.25601959,79451,79461,10
12.98882008,80.2559967,79461,79512,51
12.98882008,80.2559967,79512,79522,10
12.98820972,80.2559433,79522,79633,111
12.98820972,80.2559433,79633,79643,10
12.98806,80.25592804,79643,79653,10
12.98779964,80.25589752,79653,79663,10
12.9875803,80.25627136,79663,79673,10
12.98752975,80.25702667,79673,79683,10
12.9874897,80.25791168,79683,79693,10
12.98740005,80.25875854,79693,79703,10
12.98727036,80.25948334,79703,79724,21
12.98727036,80.25948334,79724,79734,10
12.98717976,80.25961304,79734,79744,10
12.98692989,80.25955963,79744,79754,10
12.9865799,80.25936127,79754,79764,10
12.98674011,80.25906372,79764,79774,10
12.98701954,80.25911713,79774,79804,30
12.98701954,80.25911713,79804,79815,11
12.98719025,80.25917816,79815,79825,10
12.98731995,80.25901794,79825,79835,10
12.98736954,80.25856781,79835,79845,10
12.98738956,80.25830078,79845,79855,10
12.98742962,80.25775909,79855,79865,10
12.9874897,80.25695038,79865,79875,10
12.98754978,80.25601196,79875,79956,81
12.98754978,80.25601196,79956,79966,10
12.98768044,80.25575256,79966,79976,10
12.98795033,80.25578308,79976,79986,10
12.98863983,80.255867,79986,80016,30
12.98863983,80.255867,80016,80026,10
12.98894024,80.25595093,80026,80036,10
12.98946953,80.25598907,80036,80047,11
12.99024963,80.25601959,80047,80057,10
12.99063015,80.2559967,80057,80067,10
12.99100018,80.25602722,80067,80077,10
12.99168968,80.25601196,80077,80087,10
12.99250031,80.25595856,80087,80097,10
12.9934597,80.25591278,80097,80107,10
12.99425983,80.25589752,80107,80117,10
12.99499035,80.25585175,80117,80127,10
12.99530029,80.25582886,80127,80137,10
12.99542046,80.25585175,80137,80147,10
12.99580002,80.25585938,80147,80160,13
12.99633026,80.25582886,80160,80170,10
12.99641991,80.25582123,80170,80178,8
12.9966898,80.25582886,80178,80361,183
12.9966898,80.25582886,80361,80369,8
12.99695969,80.25583649,80369,80382,13
12.99744034,80.255867,80382,80392,10
12.99775982,80.25585938,80392,80402,10
12.99824047,80.25592041,80402,80412,10
12.99845028,80.25598145,80412,80422,10
12.99882984,80.25602722,80422,80482,60
12.99882984,80.25602722,80482,80492,10
12.99934006,80.25611115,80492,80503,11
12.99985027,80.25623322,80503,80513,10
13.00035954,80.2563324,80513,80523,10
13.00104046,80.2564621,80523,80533,10
13.00179005,80.25659943,80533,80543,10
13.00249958,80.25669861,80543,80553,10
13.0030899,80.25681305,80553,80563,10
13.0037899,80.25694275,80563,80573,10
13.00463963,80.2571106,80573,80583,10
13.00559998,80.25731659,80583,80593,10
13.00632,80.25744629,80593,80654,61
13.00632,80.25744629,80654,80664,10
13.00648975,80.25753784,80664,80674,10
13.00677967,80.25769043,80674,80684,10
13.00710011,80.25827026,80684,80694,10
13.00765038,80.25865936,80694,80704,10
13.00769043,80.25868225,80704,80714,10
13.0078001,80.25875854,80714,80725,11
13.00825024,80.2589035,80725,80735,10
13.00887012,80.25906372,80735,80745,10
13.00959969,80.25907135,80745,80755,10
13.01041985,80.25907898,80755,80765,10
13.01130962,80.25904846,80765,80775,10
13.01222038,80.25908661,80775,80785,10
13.01323986,80.25914001,80785,80795,10
13.01436043,80.25917816,80795,80805,10
13.01548958,80.25927734,80805,80815,10
13.01632023,80.25966644,80815,80825,10
13.01706028,80.26014709,80825,80836,11
13.01786995,80.26071167,80836,80846,10
13.01858997,80.26122284,80846,80856,10
13.01904964,80.2616272,80856,80866,10
13.01953983,80.26204681,80866,80876,10
13.02009964,80.26261139,80876,80886,10
13.02060986,80.26280975,80886,80896,10
13.0213604,80.26303101,80896,80906,10
13.02194023,80.26329041,80906,80916,10
13.02223015,80.26344299,80916,80926,10
13.02268982,80.26368713,80926,80934,8
13.02318001,80.26392365,80934,80947,13
13.02385998,80.26435089,80947,80957,10
13.02443981,80.2647171,80957,80967,10
13.02486038,80.26506805,80967,80977,10
13.02538013,80.26541901,80977,80987,10
13.0259304,80.26576233,80987,80997,10
13.02620983,80.26586914,80997,81007,10
13.02626038,80.26567841,81007,81017,10
13.02630997,80.26522827,81017,81027,10
13.02637959,80.26464081,81027,81037,10
13.02643967,80.26402283,81037,81047,10
13.02645969,80.26393127,81047,81058,11
13.02647972,80.26377869,81058,81068,10
13.02655029,80.26345062,81068,81078,10
13.02692986,80.26347351,81078,81088,10
13.02742958,80.26355743,81088,81098,10
13.02797985,80.26371002,81098,81108,10
13.0287199,80.26386261,81108,81118,10
13.02925014,80.26412201,81118,81128,10
13.02925968,80.26464081,81128,81138,10
13.02927017,80.26538849,81138,81148,10
13.02921963,80.26609802,81148,81158,10
13.02921963,80.26650238,81158,81169,11
13.02956009,80.26657104,81169,81179,10
13.0302,80.2666626,81179,81189,10
13.03098965,80.26677704,81189,81199,10
13.03174973,80.26702881,81199,81209,10
13.03240013,80.26737976,81209,81219,10
13.03289032,80.26766968,81219,81229,10
13.0340004,80.26792145,81229,81260,31
13.0340004,80.26792145,81260,81269,9
13.03423023,80.26798248,81269,81280,11
13.03479004,80.26793671,81280,81291,11
13.03555965,80.26780701,81291,81301,10
13.03635979,80.26769257,81301,81309,8
13.03656006,80.26766205,81309,81321,12
13.03682041,80.26731873,81321,81331,10
13.03703022,80.26667023,81331,81341,10
13.03724003,80.26584625,81341,81350,9
13.0374403,80.26502991,81350,81360,10
13.03771973,80.26438141,81360,81371,11
13.03829002,80.26447296,81371,81381,10
13.0385704,80.26457214,81381,81392,11
13.03907013,80.2646637,81392,81402,10
13.03973961,80.26457214,81402,81412,10
13.04047966,80.26460266,81412,81422,10
13.04084015,80.26461792,81422,81432,10
13.04133034,80.26480865,81432,81442,10
13.04125977,80.26554871,81442,81450,8
13.04119015,80.2661972,81450,81462,12
13.04104996,80.26715088,81462,81472,10
13.04098034,80.26743317,81472,81480,8
13.04088974,80.26792145,81480,81492,12
13.04121971,80.26817322,81492,81501,9
13.04553032,80.26660156,81501,81572,71
13.04553032,80.26660156,81572,81592,20
13.04703999,80.26628113,81592,81605,13
13.04716015,80.26628113,81605,81616,11
13.04724979,80.2663269,81616,81626,10
13.04763031,80.26622772,81626,81636,10
13.0481596,80.26587677,81636,81646,10
13.04872036,80.26524353,81646,81656,10
13.04897976,80.26452637,81656,81666,10
13.04950047,80.26406097,81666,81676,10
13.05023003,80.26413727,81676,81686,10
13.05093002,80.26410675,81686,81696,10
13.05152988,80.26396942,81696,81706,10
13.05193996,80.26387024,81706,81716,10
13.05241966,80.2638092,81716,81726,10
13.05311966,80.26390839,81726,81737,11
13.05381012,80.26405334,81737,81747,10
13.05447006,80.26421356,81747,81757,10
13.05461025,80.26422119,81757,81767,10
13.05494022,80.26429749,81767,81777,10
13.05550957,80.26447296,81777,81787,10
13.05624008,80.26452637,81787,81797,10
13.05694008,80.26467896,81797,81807,10
13.0576601,80.26506042,81807,81817,10
13.05790043,80.26460266,81817,81827,10
13.05780029,80.26374054,81827,81837,10
13.05772972,80.2628479,81837,81848,11
13.05762959,80.26200867,81848,81858,10
13.05749035,80.2612381,81858,81868,10
13.05778027,80.26098633,81868,81878,10
13.05830002,80.26094055,81878,81888,10
13.05881023,80.2609024,81888,81898,10
13.05932999,80.2607193,81898,81908,10
13.0598402,80.26052856,81908,81918,10
13.06025028,80.26100922,81918,81928,10
13.06074047,80.26148224,81928,81938,10
13.06136036,80.26206207,81938,81947,9
13.06186008,80.26268768,81947,81959,12
13.06262016,80.26364136,81959,81969,10
13.06322002,80.26441956,81969,81979,10
13.0636797,80.26515961,81979,81989,10
13.06412029,80.26579285,81989,81999,10
13.06462955,80.26641083,81999,82009,10
13.06505966,80.26689911,82009,82019,10
13.06560993,80.26735687,82019,82029,10
13.06612968,80.26799774,82029,82039,10
13.06669044,80.26841736,82039,82049,10
13.06694031,80.2685318,82049,82058,9
13.06700039,80.26856232,82058,82070,12
13.06742954,80.26889038,82070,82080,10
13.06789017,80.26924133,82080,82090,10
13.06818962,80.2696228,82090,82099,9
13.06809998,80.2702713,82099,82110,11
13.06803989,80.27114868,82110,82117,7
13.06832027,80.27165985,82117,82130,13
13.06925964,80.27218628,82130,82140,10
13.06982994,80.27281189,82140,82150,10
13.07034969,80.2734375,82150,82160,10
13.07075977,80.27393341,82160,82170,10
13.07087994,80.27397919,82170,82181,11
13.07126999,80.27411652,82181,82191,10
13.07186031,80.27446747,82191,82201,10
13.07238007,80.27503967,82201,82211,10
13.0729599,80.27568054,82211,82221,10
13.07351971,80.27626038,82221,82231,10
13.07404041,80.27635956,82231,82241,10
13.0746603,80.27635193,82241,82251,10
13.07532978,80.27629089,82251,82261,10
13.07583046,80.27631378,82261,82271,10
13.07614994,80.27622223,82271,82281,10
13.0766201,80.27622986,82281,82292,11
13.07736015,80.27616882,82292,82302,10
13.07806969,80.27600861,82302,82313,11
13.07839966,80.27523804,82313,82322,9
13.0790596,80.27513885,82322,82332,10
13.07987976,80.27526093,82332,82343,11
13.08082008,80.27516174,82343,82352,9
13.08145046,80.27509308,82352,82373,21
13.08145046,80.27509308,82373,82383,10
13.08160019,80.27509308,82383,82392,9
13.08187008,80.27529144,82392,82403,11
13.08199024,80.27577972,82403,82433,30
13.08199024,80.27577972,82433,82443,10
13.08193016,80.27596283,82443,82453,10
13.08178043,80.27610779,82453,82463,10
13.08178997,80.27641296,82463,82474,11
13.08185005,80.27700043,82474,82483,9
13.08191967,80.27764893,82483,82493,10
13.08209038,80.27826691,82493,82515,22
13.08209038,80.27826691,82515,82525,10
13.08189964,80.27825165,82525,82535,10
13.08183002,80.27760315,82535,82545,10
13.08176041,80.27674103,82545,82555,10
13.08156013,80.27552032,82555,82575,20
13.08156013,80.27552032,82575,82585,10
13.08154964,80.27539063,82585,82595,10
13.08143997,80.27526093,82595,82602,7
13.08131027,80.27516937,82602,82615,13
13.08076,80.27523804,82615,82626,11
13.08012009,80.2753067,82626,82636,10
13.07944012,80.2753067,82636,82646,10
13.07863998,80.275177,82646,82656,10
13.07814026,80.27591705,82656,82666,10
13.07740974,80.27625275,82666,82676,10
13.07647991,80.27631378,82676,82686,10
13.07590008,80.27632141,82686,82747,61
13.07590008,80.27632141,82747,82757,10
13.07583046,80.27610016,82757,82767,10
13.07584953,80.27588654,82767,82777,10
13.07586956,80.2755127,82777,82817,40
13.07586956,80.2755127,82817,82827,10
13.07579994,80.27506256,82827,82837,10
