12.99800014,80.25643921,18,3490,3472
12.99783039,80.25644684,3490,8437,4947
12.99781036,80.2565918,8437,12850,4413
12.99779987,80.25657654,12850,15555,2705
12.99779987,80.25657654,15555,17717,2162
12.99775982,80.25656891,17717,18508,791
12.99785042,80.25653839,18508,19073,565
12.99779034,80.2568512,19073,19103,30
12.99779034,80.2568512,19103,19114,11
12.99771976,80.25653839,19114,19791,677
12.99771976,80.25653839,19791,19800,9
12.99771976,80.25653839,19800,20225,425
12.99771976,80.25630951,20225,20295,70
12.99771976,80.25630951,20295,20305,10
12.9975996,80.25592804,20305,20316,11
12.99730968,80.25592041,20316,20326,10
12.99697971,80.2559967,20326,20336,10
12.99693012,80.25627136,20336,20346,10
12.99685955,80.25682068,20346,20356,10
12.99680042,80.25753021,20356,20366,10
12.99672985,80.25827789,20366,20376,10
12.99664974,80.25904846,20376,20386,10
12.99658012,80.25978851,20386,20396,10
12.99650955,80.26052856,20396,20406,10
12.9964304,80.26119995,20406,20416,10
12.99635983,80.26177979,20416,20427,11
12.99631023,80.26219177,20427,20437,10
12.99625969,80.26254272,20437,20447,10
12.99623013,80.26296997,20447,20457,10
12.99617958,80.26338959,20457,20467,10
12.99612999,80.26396942,20467,20477,10
12.99606037,80.26463318,20477,20487,10
12.99598026,80.26528931,20487,20497,10
12.99590015,80.26598358,20497,20507,10
12.99582005,80.26670074,20507,20517,10
12.99575043,80.26750183,20517,20527,10
12.99606037,80.26772308,20527,20538,11
12.99676991,80.26776886,20538,20548,10
12.99746037,80.26757813,20548,20558,10
12.99816036,80.26737213,20558,20568,10
12.99890995,80.26715088,20568,20578,10
12.99960995,80.26692963,20578,20588,10
13.00010967,80.26660919,20588,20598,10
13.00030994,80.2666626,20598,21253,655
13.00030994,80.2666626,21253,21263,10
13.00026035,80.26689911,21263,21273,10
12.99991035,80.26696777,21273,21283,10
12.99940014,80.26708221,21283,21293,10
12.99880981,80.26724243,21293,21304,11
12.99814034,80.26741791,21304,21314,10
12.99755955,80.26760101,21314,21324,10
12.99693966,80.26776123,21324,21334,10
12.99629974,80.26777649,21334,21344,10
12.99573994,80.26773834,21344,21354,10
12.99565983,80.26734924,21354,21374,20
12.99565983,80.26734924,21374,21384,10
12.99569035,80.2671814,21384,21394,10
12.99573994,80.26674652,21394,21404,10
12.99580002,80.26609802,21404,21415,11
12.99588013,80.26528168,21415,21425,10
12.99598026,80.26447296,21425,21435,10
12.9960804,80.26364899,21435,21445,10
12.99613953,80.2631073,21445,21455,10
12.99619007,80.26254272,21455,21475,20
12.99619007,80.26254272,21475,21485,10
12.99623966,80.26217651,21485,21495,10
12.99629974,80.26180267,21495,21505,10
12.99635029,80.26136017,21505,21515,10
12.99639988,80.26075745,21515,21526,11
12.99645996,80.26023102,21526,21536,10
12.99652958,80.25956726,21536,21546,10
12.99660015,80.2588501,21546,21556,10
12.99668026,80.25804138,21556,21566,10
12.99676991,80.25723267,21566,21576,10
12.99683952,80.25643921,21576,21586,10
12.9968996,80.25592041,21586,21596,10
12.99703979,80.25579834,21596,21606,10
12.99744987,80.25582886,21606,21616,10
12.9980402,80.25589752,21616,21626,10
12.99864006,80.25595856,21626,21637,11
12.99892998,80.2559967,21637,21647,10
12.99905014,80.25604248,21647,21657,10
12.99925041,80.25608063,21657,21667,10
12.99950027,80.25611877,21667,21677,10
13.0,80.25621796,21677,21687,10
13.00067997,80.25634003,21687,21697,10
13.00142002,80.2564621,21697,21706,9
13.00205994,80.25656128,21706,21717,11
13.00298023,80.25673676,21717,21727,10
13.00372982,80.25688171,21727,21738,11
13.00463963,80.25704193,21738,21748,10
13.00549984,80.25721741,21748,21758,10
13.00632,80.25736237,21758,21768,10
13.00656986,80.25717926,21768,21778,10
13.00650978,80.25659943,21778,21788,10
13.00650024,80.25592041,21788,21798,10
13.00652027,80.25515747,21798,21808,10
13.00650024,80.2542572,21808,21818,10
13.00650024,80.25357056,21818,21828,10
13.00652027,80.25321198,21828,21838,10
13.0065403,80.25305176,21838,21849,11
13.0065403,80.25251007,21849,21859,10
13.00667,80.25184631,21859,21869,10
13.00675964,80.25119019,21869,21879,10
13.00675964,80.25029755,21879,21889,10
13.00673008,80.24928284,21889,21899,10
13.00667,80.24838257,21899,21909,10
13.00662994,80.24772644,21909,21919,10
13.00662041,80.24752045,21919,21929,10
13.00662041,80.24732208,21929,21939,10
13.00664997,80.24698639,21939,21949,10
13.00658035,80.24655914,21949,21960,11
13.00662041,80.24643707,21960,21976,16
13.00662041,80.24575043,21976,21988,12
13.00660992,80.24494171,21988,21998,10
13.00660992,80.24436951,21998,22008,10
13.00658989,80.24356079,22008,22017,9
13.00656033,80.24281311,22017,22028,11
13.00656033,80.24182129,22028,22038,10
13.00660992,80.2410202,22038,22047,9
13.00675011,80.24027252,22047,22058,11
13.00693035,80.23931122,22058,22069,11
13.00714016,80.2382431,22069,22079,10
13.00734043,80.23737335,22079,22089,10
13.00739956,80.23674011,22089,22099,10
13.00749016,80.2364502,22099,22109,10
13.00761986,80.23592377,22109,22119,10
13.00776005,80.2352066,22119,22129,10
13.00792027,80.23435974,22129,22139,10
13.00811958,80.23332977,22139,22149,10
13.00833988,80.23220062,22149,22159,10
13.00856972,80.23107147,22159,22169,10
13.00876999,80.23007965,22169,22180,11
13.0089798,80.22892761,22180,22190,10
13.00924969,80.22798157,22190,22200,10
13.00967026,80.22705841,22200,22210,10
13.01012993,80.22609711,22210,22220,10
13.01060009,80.22511292,22220,22230,10
13.01099014,80.22418213,22230,22240,10
13.01136971,80.22328186,22240,22250,10
13.01167011,80.22245789,22250,22260,10
13.01204014,80.22155762,22260,22270,10
13.0124197,80.22145844,22270,22280,10
13.01270008,80.22197723,22280,22291,11
13.01323986,80.22258759,22291,22301,10
13.01383018,80.2232666,22301,22311,10
13.01438999,80.22399139,22311,22321,10
13.01498032,80.22463226,22321,22331,10
13.01550961,80.22499847,22331,22341,10
13.01570034,80.22518921,22341,22351,10
13.01613045,80.2253418,22351,22361,10
13.01685047,80.22518921,22361,22371,10
13.0176897,80.22483063,22371,22381,10
13.01850033,80.2244873,22381,22391,10
13.01916981,80.22425842,22391,22402,11
13.01943016,80.22428894,22402,22412,10
13.01976013,80.22450256,22412,22422,10
13.02023983,80.22486877,22422,22432,10
13.0207901,80.22528076,22432,22442,10
13.02132034,80.22570801,22442,22452,10
13.02202034,80.22621155,22452,22462,10
13.02280045,80.22686768,22462,22472,10
13.02352047,80.22753906,22472,22482,10
13.02418041,80.22821808,22482,22492,10
13.02472973,80.22895813,22492,22502,10
13.02532005,80.22972107,22502,22513,11
13.0258503,80.23059082,22513,22523,10
13.02604961,80.23117065,22523,22533,10
13.02630043,80.23130035,22533,22543,10
13.02694988,80.23110962,22543,22553,10
13.02770996,80.2309494,22553,22563,10
13.02845001,80.23088837,22563,22573,10
13.02912045,80.23081207,22573,22582,9
13.02954006,80.23075104,22582,22593,11
13.03024006,80.23069,22593,22602,9
13.0306797,80.23062897,22602,22613,11
13.03063965,80.23029327,22613,22624,11
13.0304203,80.22962189,22624,22634,10
13.03026962,80.22907257,22634,22644,10
13.03032017,80.22849274,22644,22654,10
13.03034973,80.22824097,22654,22664,10
13.03036976,80.22805786,22664,22674,10
13.03040981,80.22766113,22674,22684,10
13.03017998,80.22744751,22684,22694,10
13.02958012,80.22734833,22694,22704,10
13.02884007,80.22721863,22704,22714,10
13.02820015,80.22711182,22714,22725,11
13.02787971,80.22696686,22725,22735,10
13.02791977,80.2265625,22735,22745,10
13.02805996,80.22595215,22745,22755,10
13.02820015,80.2253418,22755,22765,10
13.02832985,80.2246933,22765,22775,10
13.02847958,80.22405243,22775,22785,10
13.02877998,80.22399139,22785,22795,10
13.02906036,80.22418976,22795,22805,10
13.02952957,80.22425842,22805,22815,10
13.03017044,80.22428131,22815,22825,10
13.03069019,80.22429657,22825,22836,11
13.03114033,80.22413635,22836,22846,10
13.03116035,80.22392273,22846,22856,10
13.03114033,80.22351074,22856,22866,10
13.03125,80.22281647,22866,22876,10
13.03159046,80.22219849,22876,22886,10
13.03166008,80.22200012,22886,22896,10
13.03188038,80.22158813,22896,22912,16
13.03215981,80.22045898,22912,22924,12
13.03219032,80.21967316,22924,22934,10
13.03221035,80.21888733,22934,22944,10
13.03182983,80.21842957,22944,22955,11
13.0314703,80.2179184,22955,22965,10
13.03141022,80.21717072,22965,22975,10
13.03127956,80.21697235,22975,22985,10
13.03096008,80.21694946,22985,22994,9
13.03046036,80.21681213,22994,23005,11
13.03044033,80.21665192,23005,23015,10
13.03042984,80.21630859,23015,23025,10
13.03038025,80.21575165,23025,23035,10
13.03038025,80.21497345,23035,23045,10
13.03040028,80.21425629,23045,23056,11
13.03048038,80.21369934,23056,23066,10
13.03052044,80.21346283,23066,23076,10
13.03057957,80.21307373,23076,23086,10
13.0306797,80.21237946,23086,23096,10
13.03079033,80.21167755,23096,23106,10
13.03083038,80.21138763,23106,23116,10
13.03087044,80.21103668,23116,23126,10
13.03092957,80.21070862,23126,23136,10
13.03100014,80.21018982,23136,23146,10
13.0309,80.21006012,23146,23156,10
13.03059959,80.20996094,23156,23167,11
13.03005981,80.20974731,23167,23177,10
13.03013992,80.20916748,23177,23197,20
13.03013992,80.20916748,23197,23207,10
13.0303297,80.20905304,23207,23217,10
13.03073978,80.20913696,23217,23227,10
13.03145027,80.20931244,23227,23237,10
13.03195953,80.20944977,23237,23247,10
13.03265953,80.20957947,23247,23257,10
13.03353024,80.20977783,23257,23267,10
13.03454018,80.20995331,23267,23278,11
13.03514957,80.20976257,23278,23288,10
13.03524017,80.20903015,23288,23298,10
13.03528023,80.20861053,23298,23308,10
13.03532982,80.20825958,23308,23318,10
13.03542995,80.20760345,23318,23328,10
13.03555965,80.20675659,23328,23344,16
13.03571987,80.20565033,23344,23356,12
13.0357399,80.20545959,23356,23364,8
13.03577995,80.20532227,23364,23376,12
13.03586006,80.20485687,23376,23387,11
13.03588963,80.20455933,23387,23397,10
13.03594017,80.20423889,23397,23407,10
13.03604984,80.20365906,23407,23417,10
13.03614998,80.20291901,23417,23427,10
13.03625965,80.20198059,23427,23437,10
13.03631973,80.20147705,23437,23447,10
13.03633976,80.20137787,23447,23457,10
13.03641987,80.2009201,23457,23467,10
13.03651047,80.20020294,23467,23477,10
13.03664017,80.19934082,23477,23488,11
13.03676033,80.19838715,23488,23498,10
13.03680038,80.19825745,23498,23508,10
13.03687954,80.19773865,23508,23518,10
13.0369997,80.19700623,23518,23528,10
13.03707981,80.19634247,23528,23538,10
13.03709984,80.19622803,23538,23548,10
13.03717041,80.19586945,23548,23558,10
13.03722954,80.19538116,23558,23568,10
13.03734016,80.19464111,23568,23578,10
13.03746033,80.19377899,23578,23588,10
13.03759003,80.19293213,23588,23599,11
13.03822041,80.19274139,23599,23609,10
13.03882027,80.19284058,23609,23619,10
13.03892994,80.19287872,23619,23629,10
13.03938007,80.19293976,23629,23639,10
13.04001999,80.19304657,23639,23649,10
13.04080009,80.19317627,23649,23659,10
13.04162979,80.1933136,23659,23669,10
13.04181957,80.19374084,23669,23679,10
13.04181004,80.19393158,23679,23689,10
13.04174995,80.19434357,23689,23699,10
13.04164982,80.19499969,23699,23710,11
13.04150963,80.19589996,23710,23720,10
13.04143047,80.19654846,23720,23730,10
13.04139996,80.19676208,23730,23740,10
13.04137993,80.19708252,23740,23750,10
13.04129982,80.19763947,23750,23760,10
13.04117966,80.19838715,23760,23770,10
13.04109955,80.1991806,23770,23780,10
13.04108047,80.19934082,23780,23790,10
13.04104042,80.1996994,23790,23800,10
13.04094028,80.20040131,23800,23810,10
13.04082012,80.20124054,23810,23827,17
13.04063988,80.20210266,23827,23839,12
13.04051971,80.20278931,23839,23849,10
13.04043007,80.20339966,23849,23859,10
13.04030037,80.20439911,23859,23869,10
13.04026031,80.20497131,23869,23879,10
13.04065037,80.2050705,23879,23889,10
13.04121971,80.20513916,23889,23899,10
13.04164982,80.20522308,23899,23909,10
13.04230976,80.20532227,23909,23919,10
13.04273987,80.20558929,23919,23930,11
13.04314041,80.20619965,23930,23940,10
13.04362965,80.20684052,23940,23950,10
13.04405022,80.20758057,23950,23960,10
13.04417992,80.20845795,23960,23970,10
13.04419994,80.20919037,23970,23980,10
13.04421997,80.20986176,23980,23990,10
13.04424953,80.21073914,23990,24000,10
13.04428005,80.21173859,24000,24010,10
13.04450035,80.21225739,24010,24020,10
13.0451498,80.21222687,24020,24030,10
13.04594994,80.21219635,24030,24041,11
13.04673958,80.21214294,24041,24051,10
13.04677963,80.21214294,24051,24061,10
13.04703999,80.21211243,24061,24071,10
13.04710007,80.21190643,24071,24081,10
13.04710007,80.21176147,24081,24091,10
13.04708958,80.21150208,24091,24101,10
13.04705048,80.21103668,24101,24111,10
13.04720974,80.21073914,24111,24121,10
13.04765987,80.21074677,24121,24131,10
13.0482502,80.21076202,24131,24141,10
13.04887962,80.21080017,24141,24152,11
13.04959965,80.21079254,24152,24162,10
13.04959965,80.210289,24162,24172,10
13.04948997,80.20960999,24172,24182,10
13.04942036,80.20894623,24182,24192,10
13.04928017,80.20834351,24192,24202,10
13.04895973,80.20738983,24202,24222,20
13.04895973,80.20738983,24222,24232,10
13.04891968,80.20716858,24232,24242,10
13.04887962,80.20690918,24242,24252,10
13.04905987,80.20687866,24252,24263,11
13.04913044,80.20715332,24263,25353,1090
13.04913044,80.20715332,25353,25363,10
13.04924965,80.20723724,25363,25373,10
13.04920006,80.20735931,25373,25383,10
13.04924011,80.20765686,25383,25393,10
13.04934978,80.20815277,25393,25403,10
13.04948044,80.20874023,25403,25413,10
13.04959011,80.20934296,25413,25423,10
13.04965973,80.20986176,25423,25433,10
13.04967976,80.21041107,25433,25443,10
13.04977036,80.21096039,25443,25453,10
13.04988003,80.21154022,25453,25463,10
13.04992008,80.21193695,25463,25474,11
13.04985046,80.21215057,25474,25484,10
13.04946041,80.21217346,25484,25504,20
13.04946041,80.21217346,25504,25514,10
13.04909992,80.21214294,25514,25524,10
13.04860973,80.2121582,25524,25534,10
13.0480299,80.21219635,25534,25544,10
13.04736042,80.21225739,25544,25554,10
13.04658985,80.21228027,25554,25564,10
13.0457201,80.21231842,25564,25575,11
13.04477024,80.21233368,25575,25601,26
13.04473019,80.21231842,25601,25633,32
13.04473019,80.21231842,25633,25643,10
13.0444603,80.21231842,25643,25653,10
13.04426956,80.21212006,25653,25663,10
13.04421997,80.21144867,25663,25673,10
13.04419041,80.21063995,25673,25683,10
13.04415989,80.20976257,25683,25694,11
13.04411983,80.20903015,25694,25704,10
13.04407978,80.20870209,25704,25714,10
13.04409981,80.20860291,25714,25724,10
13.0441103,80.20815277,25724,25734,10
13.04395962,80.20751953,25734,25744,10
13.04366016,80.20697784,25744,25754,10
13.04329967,80.20648956,25754,25764,10
13.04281998,80.20585632,25764,25774,10
13.04220009,80.2053833,25774,25784,10
13.04160023,80.2052536,25784,25795,11
13.04100037,80.20517731,25795,25805,10
13.04082966,80.20516968,25805,25815,10
13.04051971,80.20513153,25815,25825,10
13.04002953,80.20504761,25825,25835,10
13.03938007,80.20493317,25835,25845,10
13.03874016,80.20481873,25845,25855,10
13.03818035,80.20467377,25855,25865,10
13.03822041,80.20427704,25865,25875,10
13.03829002,80.20379639,25875,25885,10
13.03837967,80.20316315,25885,25895,10
13.03849983,80.2024765,25895,25906,11
13.0385704,80.20204926,25906,25916,10
13.03859997,80.20162201,25916,25926,10
13.03866959,80.20114136,25926,25936,10
13.03880024,80.20059204,25936,25946,10
13.03884029,80.20008087,25946,25956,10
13.03894997,80.19950104,25956,25966,10
13.03896046,80.19915771,25966,25976,10
13.03897953,80.19902802,25976,25986,10
13.03905964,80.19863129,25986,25996,10
13.03913021,80.19801331,25996,26006,10
13.03919983,80.1975174,26006,26017,11
13.03927994,80.19689178,26017,26027,10
13.03927994,80.19682312,26027,26037,10
13.03929996,80.19661713,26037,26047,10
13.03934956,80.19635773,26047,26057,10
13.03942966,80.19599915,26057,26067,10
13.03950977,80.1953125,26067,26077,10
13.03960037,80.19455719,26077,26087,10
13.03971958,80.19371796,26087,26097,10
13.03979969,80.19317627,26097,26113,16
13.03979969,80.19316101,26113,26125,12
13.03948975,80.19300079,26125,26136,11
13.03892994,80.19290924,26136,26146,10
13.03861046,80.19286346,26146,26156,10
13.0385704,80.19287109,26156,26166,10
13.03826046,80.19283295,26166,26176,10
13.03773975,80.19293976,26176,26185,9
13.03761959,80.19342804,26185,26196,11
13.03748035,80.19434357,26196,26206,10
13.03736973,80.19522095,26206,26217,11
13.03726006,80.19589233,26217,26227,10
13.03726006,80.19600677,26227,26238,11
13.03726006,80.19615173,26238,26248,10
13.03719997,80.19645691,26248,26258,10
13.03711987,80.19698334,26258,26268,10
13.03701019,80.19766235,26268,26277,9
13.03687954,80.19867706,26277,26308,31
13.03687954,80.19867706,26308,26318,10
13.03678036,80.19909668,26318,26328,10
13.03678036,80.19933319,26328,26338,10
13.03672981,80.19954681,26338,26349,11
13.03668022,80.19998169,26349,26359,10
13.03658009,80.2004776,26359,26369,10
13.03649998,80.20098114,26369,26379,10
13.03649044,80.20128632,26379,26389,10
13.03639984,80.20173645,26389,26409,20
13.03639984,80.20173645,26409,26419,10
13.03637028,80.20202637,26419,26429,10
13.03627014,80.2026062,26429,26439,10
13.03616047,80.20339966,26439,26449,10
13.0360899,80.20410156,26449,26460,11
13.03600979,80.20458221,26460,26470,10
13.03592014,80.20516968,26470,26480,10
13.03579998,80.20594025,26480,26490,10
13.03565979,80.20684814,26490,26500,10
13.03553963,80.20781708,26500,26510,10
13.03547001,80.20838165,26510,26520,10
13.03544044,80.20848846,26520,26530,10
13.03542995,80.20858002,26530,26540,10
13.03536034,80.20897675,26540,26550,10
13.03524971,80.20963287,26550,26561,11
13.03514004,80.21034241,26561,26571,10
13.03497028,80.2109375,26571,26581,10
13.03483009,80.21169281,26581,26591,10
13.03454971,80.21215057,26591,26601,10
13.03392982,80.21205902,26601,26611,10
13.03314018,80.21198273,26611,26621,10
13.03252029,80.21192169,26621,26631,10
13.03248024,80.2118988,26631,26641,10
13.03213978,80.21183777,26641,26651,10
13.03192043,80.21144867,26651,26661,10
13.03201962,80.21073151,26661,26672,11
13.03211975,80.2099762,26672,26682,10
13.03195,80.20963287,26682,26692,10
13.03145981,80.20948792,26692,26702,10
13.03083992,80.20934296,26702,26712,10
13.03034973,80.20921326,26712,26722,10
13.0300703,80.2095871,26722,26742,20
13.0300703,80.2095871,26742,26752,10
13.0301199,80.20980072,26752,26762,10
13.03054047,80.2098999,26762,26772,10
13.03092003,80.21000671,26772,26783,11
13.03102016,80.21019745,26783,26793,10
13.03100014,80.21051788,26793,26803,10
13.03094006,80.21099854,26803,26813,10
13.03090954,80.21122742,26813,26823,10
13.03085041,80.21161652,26823,26833,10
13.03079033,80.21186066,26833,26843,10
13.03075981,80.21208954,26843,26853,10
13.03069019,80.21234894,26853,26863,10
13.03069019,80.21247101,26863,26873,10
13.03067017,80.2128067,26873,26883,10
13.03059959,80.21333313,26883,26894,11
13.03055954,80.21363831,26894,26904,10
13.03048992,80.21392822,26904,26914,10
13.03044033,80.21437073,26914,26924,10
13.03040028,80.21479797,26924,26934,10
13.03038979,80.21485901,26934,26944,10
13.03040028,80.21524811,26944,26954,10
13.0304203,80.21594238,26954,26964,10
13.03040028,80.21665192,26964,26974,10
13.03065014,80.21691895,26974,26984,10
13.03069973,80.21691895,26984,26994,10
13.03094006,80.21695709,26994,27005,11
13.03133965,80.21697998,27005,27015,10
13.03151989,80.21726227,27015,27025,10
13.03155994,80.21787262,27025,27035,10
13.03186035,80.21839142,27035,27045,10
13.03229046,80.21858978,27045,27055,10
13.0323,80.21920013,27055,27065,10
13.03230953,80.21994019,27065,27075,10
13.03230953,80.22033691,27075,27085,10
13.03227997,80.22042084,27085,27095,10
13.0321703,80.22077942,27095,27106,11
13.03197956,80.22149658,27106,27116,10
13.03166008,80.22216034,27116,27126,10
13.03131008,80.22280121,27126,27136,10
13.03120041,80.22357941,27136,27146,10
13.03122044,80.22396088,27146,27156,10
13.03122044,80.22412872,27156,27166,10
13.03094006,80.22431183,27166,27176,10
13.03036022,80.22428894,27176,27186,10
13.02968025,80.22425842,27186,27196,10
13.02912998,80.22421265,27196,27206,10
13.02902985,80.22418976,27206,27217,11
13.02890968,80.22413635,27217,27227,10
13.02861977,80.22409821,27227,27237,10
13.02840996,80.22450256,27237,27247,10
13.02826023,80.22530365,27247,27257,10
13.02810001,80.22609711,27257,27267,10
13.02797985,80.22676086,27267,27277,10
13.02799034,80.22698212,27277,27287,10
13.0282402,80.2270813,27287,27297,10
13.02875996,80.22717285,27297,27313,16
13.02989006,80.22736359,27313,27325,12
13.03048038,80.2276535,27325,27336,11
13.03040028,80.22801971,27336,27345,9
13.03038979,80.22808075,27345,27356,11
13.03038025,80.2284317,27356,27366,10
13.0303297,80.22879791,27366,27376,10
13.03038979,80.22939301,27376,27386,10
13.03065014,80.23000336,27386,27397,11
13.03069973,80.23033905,27397,27407,10
13.03073978,80.23065948,27407,27417,10
13.0306797,80.23075867,27417,27427,10
13.0303297,80.23078156,27427,27438,11
13.03015041,80.23079681,27438,27448,10
13.03001976,80.23082733,27448,27458,10
13.02978039,80.23085022,27458,27468,10
13.02968025,80.23087311,27468,27478,10
13.02931976,80.23088837,27478,27488,10
13.02877998,80.23091888,27488,27498,10
13.0281601,80.23098755,27498,27508,10
13.02785015,80.23101807,27508,27518,10
13.02766991,80.23110962,27518,27528,10
13.02770042,80.23149872,27528,27538,10
13.02772045,80.23200226,27538,27549,11
13.02787018,80.2325592,27549,27559,10
13.02772999,80.23282623,27559,27569,10
13.02707958,80.23296356,27569,27589,20
13.02707958,80.23296356,27589,27599,10
13.0269804,80.23296356,27599,27609,10
13.0267601,80.23300934,27609,27619,10
13.02643967,80.23290253,27619,27629,10
13.02626038,80.23236084,27629,27639,10
13.02606964,80.23164368,27639,27649,10
13.02583981,80.23075867,27649,27660,11
13.02521992,80.22973633,27660,27670,10
13.02462006,80.22898865,27670,27680,10
13.02396011,80.22821045,27680,27699,19
13.02396011,80.22821045,27699,27710,11
13.02390957,80.22815704,27710,27720,10
13.02365971,80.22788239,27720,27730,10
13.02326012,80.22750092,27730,27740,10
13.0227499,80.22705841,27740,27750,10
13.02215958,80.22650909,27750,27761,11
13.02140045,80.22589111,27761,27771,10
13.02085018,80.22543335,27771,27781,10
13.02040958,80.22512817,27781,27791,10
13.01986027,80.2247467,27791,27801,10
13.01904964,80.22450256,27801,27811,10
13.01807976,80.22480774,27811,27821,10
13.01714039,80.22519684,27821,27831,10
13.01646042,80.22547913,27831,27841,10
13.01609993,80.2256012,27841,27851,10
13.01548004,80.22583008,27851,27861,10
13.01465988,80.22615814,27861,27882,21
13.01465988,80.22615814,27882,27892,10
13.0143404,80.22624207,27892,27902,10
13.01375961,80.22647858,27902,27912,10
13.01303959,80.22676849,27912,27922,10
13.01222038,80.22708893,27922,27932,10
13.01140022,80.22740173,27932,27942,10
13.01049995,80.22776031,27942,27952,10
13.0095396,80.22817993,27952,27962,10
13.0090704,80.22901917,27962,27972,10
13.00885963,80.2301178,27972,27983,11
13.0086298,80.23142242,27983,27993,10
13.00841045,80.23253632,27993,28003,10
13.00831032,80.23345184,28003,28013,10
13.00827026,80.23364258,28013,28023,10
13.00825977,80.2336731,28023,28033,10
13.00815964,80.23396301,28033,28043,10
13.00804996,80.23448181,28043,28053,10
13.00790024,80.23526001,28053,28063,10
13.00769997,80.23619843,28063,28073,10
13.00749969,80.23715973,28073,28083,10
13.0073204,80.23806763,28083,28094,11
13.00716972,80.23889923,28094,28104,10
13.00706005,80.23953247,28104,28114,10
13.00697994,80.24008179,28114,28154,40
13.00697994,80.24008179,28154,28164,10
13.00702,80.24043274,28164,28174,10
13.00691986,80.24086761,28174,28184,10
13.00691032,80.24091339,28184,28200,16
13.0067997,80.24143219,28200,28213,13
13.00675964,80.24237061,28213,28223,10
13.00673008,80.24304199,28223,28233,10
13.00669956,80.24404907,28233,28243,10
13.00669956,80.24507904,28243,28253,10
13.00673962,80.24617767,28253,28263,10
13.00677013,80.24712372,28263,28273,10
13.00675011,80.24817657,28273,28283,10
13.00683975,80.24903107,28283,28293,10
13.00689983,80.24964905,28293,28303,10
13.00689983,80.24967194,28303,28314,11
13.00691986,80.24983215,28314,28324,10
13.0068903,80.25025177,28324,28334,10
13.00687027,80.2508316,28334,28344,10
13.00685024,80.25131989,28344,28354,10
13.00675011,80.25174713,28354,28364,10
13.00662041,80.25240326,28364,28374,10
13.00658035,80.25324249,28374,28384,10
13.00658989,80.25421906,28384,28394,10
13.00666046,80.25495148,28394,28404,10
13.00664997,80.25502777,28404,28414,10
13.00662994,80.25521088,28414,28425,11
13.00662994,80.25579071,28425,28435,10
13.00662994,80.2564621,28435,28445,10
13.00671005,80.25711823,28445,28485,40
13.00671005,80.25711823,28485,28495,10
13.00683975,80.25711823,28495,28505,10
13.00687027,80.2572937,28505,28515,10
13.00656986,80.25753784,28515,28525,10
13.00625038,80.25752258,28525,28536,11
13.00570011,80.25736237,28536,28546,10
13.00500965,80.25720215,28546,28556,10
13.00430012,80.25707245,28556,28572,16
13.00302029,80.25682831,28572,28585,13
13.00207996,80.25666809,28585,28595,10
13.00127983,80.25656128,28595,28646,51
13.00127983,80.25656128,28646,28656,10
13.00123024,80.25657654,28656,28666,10
13.00088024,80.25650787,28666,28676,10
13.0002203,80.25641632,28676,28686,10
12.99944973,80.25626373,28686,28696,10
12.99872017,80.25611115,28696,28706,10
12.99798012,80.25602722,28706,28716,10
12.99783039,80.2559967,28716,28726,10
12.99773979,80.25601196,28726,28736,10
12.99724007,80.25596619,28736,28767,31
12.99724007,80.25596619,28767,28777,10
12.9971199,80.25595856,28777,28787,10
12.99693012,80.25610352,28787,28797,10
12.99691963,80.25640106,28797,28807,10
12.99687004,80.25691986,28807,28817,10
12.99685955,80.25714111,28817,28827,10
12.99682045,80.25752258,28827,28837,10
12.99674988,80.25816345,28837,28847,10
12.9966898,80.25885773,28847,28858,11
12.99660969,80.25958252,28858,28868,10
12.99654961,80.2602005,28868,28878,10
12.99645996,80.26100159,28878,28888,10
12.99637985,80.26171112,28888,28898,10
12.99631977,80.2621994,28898,28908,10
12.99627972,80.26242065,28908,28918,10
12.99627018,80.26248932,28918,28928,10
12.99621964,80.26287842,28928,28938,10
12.99617958,80.26341248,28938,28948,10
12.99610043,80.26409912,28948,28958,10
12.99600983,80.26495361,28958,28969,11
12.99588966,80.26605988,28969,28979,10
12.99577999,80.2670517,28979,28989,10
12.99586964,80.26769257,28989,28999,10
12.99633026,80.26773071,28999,29009,10
12.9963398,80.26773834,29009,29019,10
12.9966898,80.26776886,29019,29029,10
12.99728966,80.26764679,29029,29039,10
12.99806023,80.26741791,29039,29049,10
12.99899006,80.26714325,29049,29059,10
12.99983978,80.26683807,29059,29069,10
13.00014973,80.26647949,29069,29080,11
13.00016975,80.26644135,29080,29090,10
13.00020981,80.26612854,29090,29100,10
13.00024033,80.26583099,29100,29110,10
13.00032997,80.26566315,29110,29120,10
13.00037956,80.26586914,29120,29130,10
13.00030041,80.26625824,29130,29625,495
13.00026989,80.26631927,29625,30442,817
13.00026989,80.26631927,30442,30452,10
13.00030041,80.26631165,30452,30634,182
13.00030041,80.26631165,30634,30644,10
13.00032043,80.26644135,30644,30654,10
13.00032997,80.26644135,30654,30664,10
13.00034046,80.26641846,30664,30674,10
13.00035954,80.2665863,30674,30684,10
13.00028992,80.26686096,30684,30694,10
12.99995995,80.26696014,30694,30704,10
12.99940968,80.26708984,30704,30714,10
12.99870968,80.26728058,30714,30725,11
12.99798965,80.26746368,30725,30735,10
12.99726963,80.26769257,30735,30745,10
12.99639988,80.26779175,30745,30755,10
12.99571991,80.26772308,30755,30765,10
12.99565983,80.2673111,30765,30795,30
12.99565983,80.2673111,30795,30805,10
12.99567032,80.26721191,30805,30815,10
12.9957304,80.26682281,30815,30825,10
12.99580002,80.26625824,30825,30835,10
12.99590015,80.26548004,30835,30846,11
12.99600029,80.26460266,30846,30856,10
12.99610996,80.26376343,30856,30866,10
12.99619961,80.26300812,30866,30876,10
12.99623013,80.26254272,30876,30886,10
12.99623966,80.26249695,30886,30896,10
12.99625969,80.26226807,30896,30906,10
12.99629974,80.26190186,30906,30916,10
12.99635983,80.26148224,30916,30926,10
12.99643993,80.2607193,30926,30936,10
12.99652958,80.25993347,30936,30947,11
12.99660969,80.2590332,30947,30957,10
12.99668026,80.25836182,30957,30967,10
12.99672985,80.25775909,30967,30977,10
12.99680996,80.25717163,30977,30987,10
12.99683952,80.2567215,30987,30997,10
12.99687004,80.25628662,30997,31047,50
12.99687004,80.25628662,31047,31058,11
12.9969101,80.25601959,31058,31068,10
12.99713039,80.25585175,31068,31078,10
12.99765015,80.25588226,31078,31088,10
12.99822998,80.2559433,31088,31098,10
12.99884033,80.25601196,31098,31108,10
12.99888039,80.25601196,31108,31118,10
12.99919987,80.25605774,31118,31128,10
12.99967003,80.25617218,31128,31138,10
13.00032043,80.25630188,31138,31148,10
13.00102043,80.25639343,31148,31189,41
13.00102043,80.25639343,31189,31199,10
13.0012598,80.25643921,31199,31209,10
13.00164986,80.25653076,31209,31219,10
13.00222015,80.25662231,31219,31229,10
13.0028801,80.25675201,31229,31239,10
13.00356007,80.25688171,31239,31249,10
13.00430012,80.25701904,31249,31259,10
13.00512028,80.25717926,31259,31269,10
13.00599957,80.25734711,31269,31280,11
13.0065403,80.25721741,31280,31290,10
13.00650024,80.25663757,31290,31300,10
13.00648022,80.25583649,31300,31310,10
13.00652027,80.25498962,31310,31320,10
13.00650024,80.25408173,31320,31330,10
13.00648022,80.25330353,31330,31340,10
13.00648022,80.25318146,31340,31350,10
13.00648975,80.25299835,31350,31360,10
13.00648975,80.25276184,31360,31370,10
13.00662041,80.25202179,31370,31441,71
13.00662041,80.25202179,31441,31451,10
13.00658989,80.25195313,31451,31461,10
13.00669956,80.25157166,31461,31471,10
13.00673962,80.25099945,31471,31487,16
13.00673962,80.24984741,31487,31500,13
13.00671005,80.2487793,31500,31510,10
13.00666046,80.24822235,31510,31519,9
13.00664043,80.24770355,31519,31530,11
13.00662994,80.24713898,31530,31540,10
13.00658035,80.24672699,31540,31558,18
13.00658035,80.24672699,31558,31570,12
13.00658035,80.24653625,31570,31579,9
13.00662994,80.24617004,31579,31590,11
13.00664043,80.24542999,31590,31600,10
13.00664043,80.24456024,31600,31611,11
13.00662994,80.24372101,31611,31621,10
13.00658989,80.24299622,31621,31631,10
13.00658035,80.24214172,31631,31641,10
13.00658035,80.24127197,31641,31651,10
13.00669003,80.24043274,31651,31661,10
13.0068903,80.23960114,31661,31671,10
13.00708961,80.23861694,31671,31681,10
13.00728989,80.2376709,31681,31691,10
13.00741005,80.23686218,31691,31701,10
13.00743961,80.23664093,31701,31711,10
13.00747967,80.23654175,31711,31722,11
13.00761986,80.23610687,31722,31732,10
13.00774956,80.23551941,31732,31742,10
13.00788975,80.2348175,31742,31752,10
13.00804043,80.23404694,31752,31762,10
13.00823021,80.23307037,31762,31772,10
13.00844002,80.23194122,31772,31782,10
13.00868034,80.23074341,31782,31792,10
13.00889969,80.22963715,31792,31802,10
13.00909042,80.2286911,31802,31812,10
13.00932026,80.22788239,31812,31822,10
13.00967026,80.22709656,31822,31833,11
13.01008034,80.22621918,31833,31843,10
13.01066017,80.22501373,31843,31871,28
13.01066017,80.22501373,31871,31881,10
13.01074028,80.22483826,31881,31890,9
13.01095009,80.2243576,31890,31901,11
13.01130009,80.22348022,31901,31911,10
13.01161957,80.22271729,31911,31921,10
13.01191998,80.22186279,31921,31931,10
13.01231956,80.22138214,31931,31942,11
13.01264954,80.22184753,31942,31953,11
13.01309967,80.22239685,31953,31963,10
13.0135498,80.2228775,31963,31973,10
13.01416016,80.22361755,31973,31983,10
13.0146904,80.22425842,31983,31993,10
13.01513004,80.22463989,31993,32003,10
13.01513958,80.22467804,32003,32013,10
13.01552963,80.22503662,32013,32033,20
13.01552963,80.22503662,32033,32043,10
13.0156002,80.22505188,32043,32054,11
13.01599979,80.22531128,32054,32064,10
13.01671028,80.22521973,32064,32074,10
13.01753044,80.22490692,32074,32084,10
13.01844978,80.22451019,32084,32094,10
13.01937008,80.22428131,32094,32114,20
13.01937008,80.22428131,32114,32124,10
13.01957035,80.22438049,32124,32134,10
13.01968002,80.22444153,32134,32144,10
13.0197897,80.2245636,32144,32154,10
13.02001953,80.22476196,32154,32165,11
13.02040958,80.22502899,32165,32181,16
13.02134037,80.22573853,32181,32193,12
13.02219963,80.22637939,32193,32203,10
13.02293968,80.22702026,32203,32213,10
13.02367973,80.22769165,32213,32223,10
13.02425957,80.228302,32223,32233,10
13.02464962,80.22885895,32233,32243,10
13.02517986,80.22958374,32243,32254,11
13.02569962,80.23027039,32254,32264,10
13.02585983,80.23055267,32264,32275,11
13.02591991,80.23075867,32275,32285,10
13.02600002,80.23101807,32285,32295,10
13.02604961,80.23130798,32295,32305,10
13.02643967,80.23126221,32305,32315,10
13.02705956,80.23111725,32315,32325,10
13.02770996,80.23095703,32325,32335,10
13.02826023,80.23088837,32335,32355,20
13.02845001,80.23088074,32355,32367,12
13.02877998,80.23087311,32367,32375,8
13.02910995,80.2308197,32375,32388,13
13.02939987,80.23078156,32388,32398,10
13.02980995,80.23075104,32398,32407,9
13.03026962,80.23071289,32407,32418,11
13.03069973,80.23061371,32418,32428,10
13.03065968,80.2303772,32428,32438,10
13.03048038,80.22985077,32438,32448,10
13.03028011,80.22933197,32448,32458,10
13.03026962,80.22930145,32458,32468,10
13.03026962,80.22885895,32468,32478,10
13.0303297,80.2283783,32478,32488,10
13.03036022,80.22827911,32488,32499,11
13.03038025,80.22814178,32499,32509,10
13.03040981,80.22779846,32509,32519,10
13.03040981,80.22753143,32519,32529,10
13.03003979,80.22741699,32529,32539,10
13.02952003,80.2273407,32539,32549,10
13.0288496,80.22722626,32549,32559,10
13.02830029,80.22714233,32559,32569,10
13.02799034,80.22702789,32569,32579,10
13.02791023,80.22673035,32579,32589,10
13.02801991,80.22621155,32589,32599,10
13.0281496,80.22557831,32599,32610,11
13.02832031,80.22473145,32610,32620,10
13.02873993,80.22398376,32620,32640,20
13.02873993,80.22398376,32640,32650,10
13.02896976,80.22406769,32650,32660,10
13.02904987,80.22418976,32660,32670,10
13.02939987,80.22425842,32670,32680,10
13.02995968,80.22425842,32680,32689,9
13.03050041,80.22428131,32689,32700,11
13.03110027,80.22425079,32700,32711,11
13.03112984,80.22383118,32711,32721,10
13.03116035,80.22332001,32721,32731,10
13.03116035,80.22324371,32731,32741,10
13.03118038,80.22302246,32741,32751,10
13.03135014,80.22257996,32751,32761,10
13.03160954,80.22209167,32761,32771,10
13.03186989,80.22158813,32771,32781,10
13.03203011,80.22103882,32781,32791,10
13.03217983,80.22036743,32791,32801,10
13.0321703,80.22007751,32801,32811,10
13.03219986,80.21972656,32811,32832,21
13.03219986,80.21972656,32832,32842,10
13.03223038,80.21939087,32842,32852,10
13.03221035,80.21896362,32852,32862,10
13.03205013,80.2184906,32862,32872,10
13.03155994,80.21836853,32872,32882,10
13.03145981,80.21775055,32882,32892,10
13.03139973,80.21720886,32892,32902,10
13.03131008,80.21704102,32902,32912,10
13.03104973,80.21698761,32912,32922,10
13.03061008,80.21698761,32922,32933,11
13.03044987,80.21665955,32933,32943,10
13.03044033,80.21663666,32943,32952,9
13.0304203,80.216362,32952,32963,11
13.03040028,80.21591187,32963,32973,10
13.03036976,80.21530151,32973,32983,10
13.03034019,80.21472931,32983,32993,10
13.03038025,80.2144928,32993,33003,10
13.03040028,80.21431732,33003,33013,10
13.03042984,80.21395874,33013,33023,10
13.03048992,80.21366882,33023,33033,10
13.03050041,80.21356964,33033,33044,11
13.03057003,80.21324921,33044,33054,10
13.03063965,80.21273041,33054,33064,10
13.03071022,80.21212769,33064,33074,10
13.0307703,80.21170044,33074,33084,10
13.03079987,80.21147919,33084,33094,10
13.03083992,80.21112061,33094,33104,10
13.03085995,80.2110672,33104,33114,10
13.03090954,80.21056366,33114,33124,10
13.03094959,80.21024323,33124,33140,16
13.03069019,80.2100296,33140,33153,13
13.03009987,80.20982361,33153,33163,10
13.02999973,80.20961761,33163,33173,10
13.03007984,80.20932007,33173,33183,10
13.03015995,80.2091217,33183,33193,10
13.03044987,80.20908356,33193,33203,10
13.03114986,80.20924377,33203,33213,10
13.03164005,80.20939636,33213,33223,10
13.03172016,80.20944214,33223,33233,10
13.0318203,80.20948792,33233,33243,10
13.03225994,80.20955658,33243,33253,10
13.03289986,80.20967102,33253,33264,11
13.03372002,80.20980072,33264,33274,10
13.03454971,80.20995331,33274,33284,10
13.03516006,80.20983124,33284,33294,10
13.03520966,80.20929718,33294,33304,10
13.03524971,80.20894623,33304,33314,10
13.0352602,80.20865631,33314,33324,10
13.0352602,80.20864105,33324,33334,10
13.03530979,80.20850372,33334,33344,10
13.03536034,80.20810699,33344,33354,10
13.03544998,80.20755005,33354,33364,10
13.03555012,80.20680237,33364,33375,11
13.03563976,80.20606995,33375,33385,10
13.03547955,80.20587158,33385,33395,10
13.0355196,80.20540619,33395,33415,20
13.0355196,80.20540619,33415,33425,10
13.03563023,80.20522308,33425,33435,10
13.03577995,80.20506287,33435,33445,10
13.03584003,80.20464325,33445,33455,10
13.03592968,80.20407104,33455,33465,10
13.03604031,80.20345306,33465,33475,10
13.03616047,80.20269775,33475,33486,11
13.03627014,80.20188904,33486,33496,10
13.03629017,80.20173645,33496,33506,10
13.03631973,80.20153809,33506,33516,10
13.0363903,80.20117188,33516,33526,10
13.03647995,80.20057678,33526,33536,10
13.03660011,80.19983673,33536,33546,10
13.03670025,80.19901276,33546,33556,10
13.03678036,80.198349,33556,33566,10
13.03680038,80.19822693,33566,33576,10
13.03686047,80.1978302,33576,33586,10
13.03693962,80.19734192,33586,33597,11
13.0369997,80.19693756,33597,33607,10
13.0370903,80.19641876,33607,33617,10
13.03709984,80.19634247,33617,33627,10
13.03713036,80.19608307,33627,33637,10
13.03719997,80.19567108,33637,33647,10
13.03728008,80.19512177,33647,33657,10
13.03738976,80.19441223,33657,33667,10
13.03750038,80.19360352,33667,33677,10
13.03757954,80.19297028,33677,33687,10
13.03787994,80.19274139,33687,33697,10
13.03820992,80.19274902,33697,33708,11
13.03868008,80.19281769,33708,33718,10
13.03886032,80.19284058,33718,33728,10
13.03896046,80.19287872,33728,33738,10
13.0391798,80.19290924,33738,33748,10
13.03956032,80.19297791,33748,33758,10
13.04002953,80.19303894,33758,33768,10
13.04063034,80.19313812,33768,33778,10
13.04129982,80.1932373,33778,33788,10
13.04178047,80.19338226,33788,33798,10
13.04181957,80.19365692,33798,33815,17
13.04181957,80.19393158,33815,33827,12
13.04176998,80.19444275,33827,33837,10
13.04168987,80.19493866,33837,33847,10
13.04158974,80.19564056,33847,33857,10
13.04152966,80.19603729,33857,33866,9
13.0414896,80.19625854,33866,33875,9
13.04146004,80.19647217,33875,33885,10
13.04143047,80.19670105,33885,33896,11
13.04141998,80.19680023,33896,33907,11
13.04137993,80.19712067,33907,33917,10
13.04131985,80.19757843,33917,33928,11
13.04121017,80.1982193,33928,33938,10
13.0411396,80.19870758,33938,33948,10
13.04111004,80.19882202,33948,33958,10
13.04108047,80.19909668,33958,33968,10
13.04106045,80.1992569,33968,33978,10
13.04104996,80.19943237,33978,33988,10
13.04098034,80.19979858,33988,33998,10
13.04090977,80.20040131,33998,34008,10
13.0407896,80.20108032,34008,34018,10
13.04071999,80.20166016,34018,34029,11
13.04063034,80.20201874,34029,34039,10
13.04055977,80.20243073,34039,34049,10
13.04051971,80.20295715,34049,34059,10
13.04043961,80.20358276,34059,34069,10
13.04034042,80.20422363,34069,34079,10
13.04024982,80.20475006,34079,34089,10
13.04041004,80.20503998,34089,34099,10
13.0408802,80.20510101,34099,34109,10
13.04119968,80.20516968,34109,34119,10
13.04131031,80.20517731,34119,34129,10
13.04170036,80.20523071,34129,34139,10
13.0422802,80.2053299,34139,34149,10
13.04273987,80.20555878,34149,34160,11
13.04308987,80.20617676,34160,34170,10
13.04354954,80.20681,34170,34180,10
13.04397011,80.2075119,34180,34190,10
13.04413986,80.20835876,34190,34200,10
13.04417038,80.20897675,34200,34210,10
13.04417992,80.20909119,34210,34220,10
13.04417992,80.209198,34220,34230,10
13.04421043,80.20957184,34230,34240,10
13.04421997,80.21022034,34240,34251,11
13.04424953,80.21095276,34251,34261,10
13.04428005,80.21163177,34261,34271,10
13.04432011,80.21205902,34271,34311,40
13.04432011,80.21205902,34311,34321,10
13.04434013,80.21224213,34321,34331,10
13.04456043,80.21231079,34331,34341,10
13.04506969,80.21224213,34341,34351,10
13.04576969,80.21221161,34351,34362,11
13.04666996,80.21217346,34362,34372,10
13.04708004,80.21205139,34372,34382,10
13.04706001,80.21186066,34382,34392,10
13.04705048,80.21183777,34392,34402,10
13.04701996,80.21144867,34402,34412,10
13.0469799,80.21098328,34412,34422,10
13.04724026,80.21077728,34422,34432,10
13.0478096,80.21079254,34432,34442,10
13.04835987,80.2108078,34442,34452,10
13.04889011,80.21083069,34452,34462,10
13.04946995,80.21083069,34462,34473,11
13.04967022,80.21051025,34473,34483,10
13.04959965,80.2098999,34483,34493,10
13.04953003,80.20922089,34493,34503,10
13.04948044,80.20864868,34503,34519,16
13.04909039,80.20764923,34519,34531,12
13.04885006,80.20703125,34531,34551,20
13.04885006,80.20703125,34551,34561,10
13.04883003,80.20681763,34561,34571,10
13.04893017,80.20681763,34571,34582,11
13.04916954,80.20684052,34582,34592,10
13.0492897,80.20704651,34592,34975,383
13.04936981,80.20713806,34975,35056,81
13.04944038,80.20738983,35056,35308,252
13.04948997,80.20726013,35308,35470,162
13.04948997,80.20726013,35470,35480,10
13.04936028,80.20735168,35480,35490,10
13.04934978,80.20733643,35490,35500,10
13.04922009,80.20748138,35500,35510,10
13.04926014,80.2077713,35510,35520,10
13.04932976,80.2081604,35520,35530,10
13.04942036,80.20860291,35530,35540,10
13.04951954,80.20903778,35540,35550,10
13.04963017,80.20954895,35550,35560,10
13.04971981,80.20995331,35560,35570,10
13.04977989,80.21047974,35570,35581,11
13.04983044,80.21109009,35581,35591,10
13.04988003,80.21147156,35591,35601,10
13.04992008,80.21192169,35601,35611,10
13.04986954,80.21218109,35611,35621,10
13.04953003,80.21218109,35621,35641,20
13.04953003,80.21218109,35641,35651,10
13.04928017,80.21212006,35651,35661,10
13.04880047,80.2121582,35661,35671,10
13.04815006,80.21222687,35671,35681,10
13.04743004,80.21231842,35681,35692,11
13.04658985,80.21231842,35692,35702,10
13.04582024,80.21235657,35702,35712,10
13.04520035,80.21240234,35712,35722,10
13.04496002,80.21240997,35722,35732,10
13.04469967,80.21244812,35732,35742,10
13.04432011,80.21234131,35742,35752,10
13.04421997,80.21183014,35752,35762,10
13.04423046,80.21114349,35762,35772,10
13.04417992,80.21051025,35772,35782,10
13.04415989,80.2098465,35782,35792,10
13.04407978,80.20890045,35792,35833,41
13.04407978,80.20890045,35833,35843,10
13.04411983,80.2085495,35843,35853,10
13.04409981,80.20809937,35853,35863,10
13.04393959,80.20754242,35863,35873,10
13.04362011,80.20696259,35873,35883,10
13.04319954,80.20635986,35883,35893,10
13.04271984,80.20571899,35893,35903,10
13.0420599,80.20532227,35903,35914,11
13.04092026,80.20513916,35914,35944,30
13.04092026,80.20513916,35944,35954,10
13.04086971,80.20516968,35954,35964,10
13.04051971,80.20510864,35964,35974,10
13.04008961,80.20506287,35974,35984,10
13.03950977,80.20496368,35984,35994,10
13.03901005,80.20484924,35994,36004,10
13.0384798,80.20475769,36004,36014,10
13.03816986,80.2046814,36014,36025,11
13.03814983,80.20451355,36025,36035,10
13.03818989,80.20410156,36035,36045,10
13.03824997,80.20365143,36045,36055,10
13.03833008,80.20314026,36055,36065,10
13.03837967,80.20272064,36065,36075,10
13.03843975,80.20233917,36075,36085,10
13.03849983,80.20194244,36085,36095,10
13.03853989,80.20152283,36095,36105,10
13.03857994,80.20104218,36105,36115,10
13.03866005,80.20059967,36115,36126,11
13.03874016,80.20012665,36126,36136,10
13.03880978,80.19967651,36136,36146,10
13.03886986,80.19915771,36146,36156,10
13.03896999,80.19862366,36156,36166,10
13.03907013,80.19793701,36166,36176,10
13.03915977,80.19743347,36176,36186,10
13.03919983,80.19696045,36186,36196,10
13.0392704,80.19670105,36196,36216,20
13.0392704,80.19670105,36216,36226,10
13.03927994,80.1963501,36226,36237,11
13.03936005,80.19587708,36237,36247,10
13.03944016,80.19525146,36247,36257,10
13.03954029,80.19458771,36257,36267,10
13.03962994,80.19389343,36267,36277,10
13.0397501,80.19317627,36277,36297,20
13.0397501,80.19317627,36297,36307,10
13.03954029,80.19302368,36307,36317,10
13.03909016,80.19291687,36317,36327,10
13.03862,80.19287872,36327,36358,31
13.03862,80.19287872,36358,36368,10
13.03835964,80.19283295,36368,36378,10
13.03802013,80.19283295,36378,36388,10
13.03783989,80.19284821,36388,36398,10
13.03765965,80.19319153,36398,36408,10
13.03756046,80.19376373,36408,36418,10
13.03746986,80.19441986,36418,36428,10
13.03738022,80.19506073,36428,36438,10
13.03726006,80.19593811,36438,36459,21
13.03726006,80.19593811,36459,36469,10
13.03722954,80.19619751,36469,36479,10
13.03717041,80.19656372,36479,36489,10
13.03707981,80.19715881,36489,36499,10
13.03699017,80.19783783,36499,36509,10
13.03687954,80.19864655,36509,36529,20
13.03687954,80.19864655,36529,36539,10
13.03687954,80.1987381,36539,36549,10
13.03680992,80.19904327,36549,36559,10
13.03672981,80.19950867,36559,36570,11
13.03664017,80.2002182,36570,36580,10
13.03652,80.20094299,36580,36590,10
13.03647995,80.2013092,36590,36600,10
13.03639984,80.20175934,36600,36620,20
13.03639984,80.20175934,36620,36630,10
13.03635025,80.2019577,36630,36640,10
13.03627014,80.20231628,36640,36650,10
13.03619957,80.20294952,36650,36660,10
13.03612041,80.20352173,36660,36670,10
13.03608036,80.20400238,36670,36681,11
13.03600979,80.204422,36681,36691,10
13.03592014,80.20497131,36691,36701,10
13.03582001,80.2056427,36701,36711,10
13.03579044,80.20588684,36711,36721,10
13.0357399,80.20613861,36721,36731,10
13.03567028,80.20670319,36731,36741,10
13.03557014,80.2074585,36741,36751,10
13.03549004,80.2080307,36751,36761,10
13.03544044,80.20836639,36761,36781,20
13.03544044,80.20836639,36781,36792,11
13.03536987,80.20870972,36792,36802,10
13.03528023,80.20925903,36802,36812,10
13.03522015,80.20983124,36812,36822,10
13.03512955,80.21034241,36822,36832,10
13.03497982,80.21083832,36832,36842,10
13.03485966,80.21148682,36842,36852,10
13.03464985,80.21208191,36852,36862,10
13.03411961,80.21201324,36862,36872,10
13.03361988,80.21195984,36872,36882,10
13.03297997,80.2118988,36882,36892,10
13.03258991,80.21186829,36892,36903,11
13.03254032,80.21186829,36903,36913,10
13.03236961,80.21188354,36913,36923,10
13.03197002,80.21173859,36923,36933,10
13.03194046,80.2111969,36933,36943,10
13.03201962,80.21047211,36943,36953,10
13.0320797,80.20976257,36953,36963,10
13.03164005,80.20957184,36963,36973,10
13.03100967,80.20939636,36973,36983,10
13.03069019,80.20934296,36983,36993,10
13.03050041,80.20928192,36993,37003,10
13.03009033,80.20955658,37003,37024,21
13.03009033,80.20955658,37024,37034,10
13.03003979,80.2097168,37034,37044,10
13.03030968,80.20983887,37044,37054,10
13.03079033,80.20996094,37054,37064,10
13.03096008,80.21006012,37064,37074,10
13.03096008,80.21028137,37074,37084,10
13.03092003,80.21063232,37084,37094,10
13.03087997,80.21108246,37094,37104,10
13.03081989,80.21141815,37104,37114,10
13.03077984,80.21170044,37114,37125,11
13.03069973,80.2121582,37125,37135,10
13.03061008,80.21286011,37135,37145,10
13.03054047,80.21340179,37145,37155,10
13.03052044,80.21366119,37155,37165,10
13.03048038,80.21388245,37165,37175,10
13.03040981,80.21434784,37175,37185,10
13.03036022,80.21468353,37185,37195,10
13.03034019,80.21479034,37195,37205,10
13.03034973,80.21511078,37205,37215,10
13.03038025,80.21575165,37215,37225,10
13.03038979,80.21639252,37225,37236,11
13.03052998,80.2168808,37236,37246,10
13.03069973,80.21691132,37246,37256,10
13.03085041,80.21691895,37256,37266,10
13.03120995,80.21692657,37266,37276,10
13.03143978,80.21708679,37276,37286,10
13.03149986,80.21762085,37286,37296,10
13.0316,80.21826172,37296,37306,10
13.03213024,80.21840668,37306,37316,10
13.03223038,80.21881104,37316,37326,10
13.03223038,80.21949768,37326,37336,10
13.03223038,80.2203064,37336,37357,21
13.03223038,80.2203064,37357,37367,10
13.03219032,80.2204895,37367,37377,10
13.03207016,80.22097778,37377,37387,10
13.03194046,80.22145844,37387,37397,10
13.03168964,80.2219162,37397,37407,10
13.03149986,80.22239685,37407,37417,10
13.03124046,80.22290802,37417,37427,10
13.03112984,80.22386169,37427,37447,20
13.03112984,80.22386169,37447,37457,10
13.03114033,80.22416687,37457,37468,11
13.03073978,80.22425842,37468,37478,10
13.03009033,80.22428894,37478,37488,10
13.02947998,80.22425842,37488,37498,10
13.02902985,80.22422028,37498,37508,10
13.0289402,80.22418213,37508,37524,16
13.02851963,80.22413635,37524,37536,12
13.02834034,80.22485352,37536,37545,9
13.02820015,80.22556305,37545,37556,11
13.02803993,80.22625732,37556,37566,10
13.02795029,80.2268219,37566,37577,11
13.02807045,80.22702789,37577,37587,10
13.02851009,80.22711945,37587,37597,10
13.02902031,80.22718811,37597,37607,10
13.02939987,80.22725677,37607,37617,10
13.02984047,80.22733307,37617,37627,10
13.03036022,80.22741699,37627,37637,10
13.03040981,80.2277832,37637,37647,10
13.03040028,80.22799683,37647,37656,9
13.03038025,80.22814941,37656,37667,11
13.03032017,80.22872925,37667,37676,9
13.03054047,80.22984314,37676,37688,12
13.03059006,80.2299881,37688,37770,82
13.03059006,80.2299881,37770,37780,10
13.03059959,80.23032379,37780,37790,10
13.03067017,80.23065186,37790,37801,11
13.03032017,80.2307663,37801,37810,9
13.02970028,80.23084259,37810,37831,21
13.02970028,80.23084259,37831,37840,9
13.02952003,80.23084259,37840,37851,11
13.02910042,80.23085022,37851,37861,10
13.02845955,80.23090363,37861,37871,10
13.02830029,80.23092651,37871,37881,10
13.02791977,80.23097992,37881,37891,10
13.02764034,80.23107147,37891,37901,10
13.0276804,80.2314682,37901,37912,11
13.02772045,80.2318573,37912,37922,10
13.02779007,80.2322998,37922,37932,10
13.02785969,80.23275757,37932,37942,10
13.02742004,80.23285675,37942,37952,10
13.02688026,80.23297119,37952,37972,20
13.02688026,80.23297119,37972,37982,10
13.02659988,80.23303986,37982,37992,10
13.02635002,80.2328186,37992,38002,10
13.0261898,80.2322998,38002,38013,11
13.02606964,80.23181915,38013,38023,10
13.02598953,80.23149109,38023,38033,10
13.02583027,80.23090363,38033,38043,10
13.02546024,80.23014832,38043,38053,10
13.02490044,80.22937012,38053,38063,10
13.02437019,80.22872925,38063,38073,10
13.02390957,80.22823334,38073,38093,20
13.02390957,80.22823334,38093,38103,10
13.02373028,80.2279892,38103,38113,10
13.02338028,80.22763824,38113,38124,11
13.02295017,80.22722626,38124,38134,10
13.02243042,80.22675323,38134,38144,10
13.0219202,80.22628021,38144,38154,10
13.02132988,80.22582245,38154,38164,10
13.02058983,80.22528076,38164,38174,10
13.01976013,80.22473907,38174,38184,10
13.01881981,80.22454071,38184,38194,10
13.01784039,80.22490692,38194,38204,10
13.01683044,80.22531891,38204,38214,10
13.01599979,80.22561646,38214,38230,16
13.01529026,80.22589874,38230,38243,13
13.01494026,80.22602844,38243,38253,10
13.0145998,80.22615814,38253,38263,10
13.01418018,80.22634888,38263,38272,9
13.01416016,80.22635651,38272,38283,11
13.01395988,80.22644043,38283,38293,10
13.01352978,80.22659302,38293,38302,9
13.01290989,80.22680664,38302,38313,11
13.0121603,80.22709656,38313,38323,10
13.01136971,80.22741699,38323,38333,10
13.01064968,80.22769928,38333,38342,9
13.01004028,80.22796631,38342,38354,12
13.00930023,80.22831726,38354,38364,10
13.00903988,80.22901917,38364,38374,10
13.00885963,80.22994232,38374,38384,10
13.00864983,80.23097992,38384,38394,10
13.00844955,80.23204041,38394,38404,10
13.00821018,80.23355865,38404,38424,20
13.00821018,80.23355865,38424,38434,10
13.00813961,80.2338028,38434,38450,16
13.00798035,80.23455811,38450,38463,13
13.00778008,80.23558044,38463,38473,10
13.0075798,80.23654938,38473,38483,10
13.00739956,80.23745728,38483,38493,10
13.00728035,80.23815918,38493,38503,10
13.00720024,80.23853302,38503,38513,10
13.00716972,80.23872375,38513,38523,10
13.00712013,80.23898315,38523,38533,10
13.00708008,80.23919678,38533,38543,10
13.00708008,80.23921204,38543,38553,10
13.00704956,80.23943329,38553,38563,10
13.00702953,80.23951721,38563,38575,12
13.00691986,80.24002838,38575,38585,10
13.00685978,80.24060059,38585,38594,9
13.00683022,80.24078369,38594,38605,11
13.00683022,80.2408371,38605,38615,10
13.00677013,80.24118042,38615,38625,10
13.00673008,80.24185944,38625,38635,10
13.00671959,80.24266052,38635,38645,10
13.00669003,80.24337769,38645,38655,10
13.00667953,80.24411011,38655,38665,10
13.00669956,80.24490356,38665,38675,10
13.00671005,80.2456131,38675,38686,11
13.00673962,80.24635315,38686,38716,30
13.00673962,80.24635315,38716,38726,10
13.00671959,80.24693298,38726,38736,10
13.00671959,80.24739838,38736,38746,10
13.00671959,80.24797058,38746,38756,10
13.00675011,80.24873352,38756,38766,10
13.00685024,80.24960327,38766,38786,20
13.00685024,80.24960327,38786,38797,11
13.00683975,80.24996185,38797,38807,10
13.00681973,80.2504425,38807,38817,10
13.00683022,80.25102234,38817,38827,10
13.00681973,80.25137329,38827,38867,40
13.00681973,80.25137329,38867,38877,10
13.00671005,80.25177002,38877,38887,10
13.00658035,80.25232697,38887,38897,10
13.00652981,80.25308228,38897,38908,11
13.0065403,80.25401306,38908,38924,16
13.00660038,80.25498199,38924,38944,20
13.00660038,80.25498199,38944,38956,12
13.00662994,80.25536346,38956,38966,10
13.00662041,80.25592041,38966,38976,10
13.00660992,80.25646973,38976,38985,9
13.00664043,80.2569809,38985,39006,21
13.00664043,80.2569809,39006,39017,11
13.00667953,80.25717926,39017,39027,10
13.0065403,80.25756836,39027,39037,10
13.00605965,80.25750732,39037,39046,9
13.00559998,80.25743103,39046,39057,11
13.00500011,80.25726318,39057,39067,10
13.00421047,80.25708771,39067,39077,10
13.00352001,80.2569809,39077,39087,10
13.00294971,80.25685883,39087,39097,10
13.00244045,80.25673676,39097,39148,51
13.00244045,80.25673676,39148,39158,10
13.00236988,80.25669861,39158,39168,10
13.00201988,80.25663757,39168,39178,10
13.00158024,80.25659943,39178,39188,10
13.00088978,80.25652313,39188,39198,10
13.00010014,80.25639343,39198,39208,10
12.99944019,80.25626373,39208,39218,10
12.99882984,80.25614166,39218,39228,10
12.99839973,80.25610352,39228,39239,11
12.99800014,80.25605011,39239,39249,10
12.99798012,80.25604248,39249,39259,10
12.99790955,80.25601959,39259,39269,10
12.99771023,80.25601196,39269,39279,10
12.99767017,80.256073,39279,39289,10
12.99775028,80.2564621,39289,39299,10
12.99757004,80.25686646,39299,39407,108
12.99757004,80.25686646,39407,39419,12
12.99763012,80.2562027,39419,39541,122
12.99763012,80.2562027,39541,39551,10
12.99732971,80.25595856,39551,39561,10
12.99703979,80.25595856,39561,39572,11
12.99689007,80.25624084,39572,39582,10
12.99683952,80.2568512,39582,39602,20
12.99683952,80.2568512,39602,39612,10
12.99680996,80.25720215,39612,39622,10
12.99674034,80.25772095,39622,39632,10
12.99666977,80.25842285,39632,39642,10
12.99660015,80.25904083,39642,39652,10
12.99654007,80.25946808,39652,39662,10
12.99652004,80.2598114,39662,39672,10
12.99647999,80.26016235,39672,39683,11
12.99643993,80.26062012,39683,39693,10
12.99635983,80.26127625,39693,39703,10
12.99633026,80.26177979,39703,39713,10
12.99631977,80.26197052,39713,39723,10
12.99627972,80.26215363,39723,39733,10
12.99621964,80.26249695,39733,39743,10
12.99617958,80.26284027,39743,39753,10
12.99613953,80.26347351,39753,39763,10
12.99604988,80.26418304,39763,39773,10
12.99596977,80.26496124,39773,39783,10
12.99584007,80.26589203,39783,39794,11
12.9957304,80.26698303,39794,39804,10
12.99571037,80.26759338,39804,39814,10
12.99606037,80.26767731,39814,39833,19
12.99606037,80.26767731,39833,39844,11
12.99627972,80.2677002,39844,39854,10
12.99670982,80.26772308,39854,39864,10
12.99720001,80.26760101,39864,39874,10
12.99738979,80.26753998,39874,39884,10
12.99767971,80.26743317,39884,39894,10
12.99827957,80.26728058,39894,39905,11
12.99911976,80.2670517,39905,39915,10
12.99993038,80.26674652,39915,39925,10
13.00012016,80.26643372,39925,39935,10
13.0001297,80.26634216,39935,39945,10
13.00018024,80.26596069,39945,39955,10
13.00032997,80.26569366,39955,39965,10
13.00032997,80.26595306,39965,39975,10
13.00024986,80.2661972,39975,40116,141
13.00016022,80.26635742,40116,40389,273
13.00016022,80.26635742,40389,40399,10
13.00008965,80.26631165,40399,40500,101
13.00020981,80.26621246,40500,40581,81
13.00020981,80.26621246,40581,40591,10
13.00018024,80.26643372,40591,40601,10
13.00024033,80.26651001,40601,40611,10
13.00028038,80.26670074,40611,40621,10
13.00028038,80.26674652,40621,40631,10
13.00010967,80.26686859,40631,40641,10
12.99969959,80.26696777,40641,40651,10
12.9991703,80.26712799,40651,40661,10
12.99862957,80.26728058,40661,40682,21
12.99862957,80.26728058,40682,40692,10
12.9983902,80.26734161,40692,40702,10
12.99818993,80.26740265,40702,40712,10
12.99794006,80.26746368,40712,40722,10
12.99750996,80.26757813,40722,40732,10
12.99709034,80.26767731,40732,40742,10
12.99647999,80.26779175,40742,40752,10
12.99584007,80.26776123,40752,40762,10
12.99569035,80.26773071,40762,40772,10
12.99559021,80.26764679,40772,40782,10
12.99561024,80.26734924,40782,40793,11
12.99561024,80.26734161,40793,40803,10
12.9956398,80.26712799,40803,40813,10
12.9957304,80.2666626,40813,40823,10
12.99580002,80.26593018,40823,40833,10
12.99590015,80.26508331,40833,40843,10
12.99596977,80.26448059,40843,40853,10
12.99606037,80.2638092,40853,40862,9
12.99612045,80.26319885,40862,40873,11
12.99617958,80.26260376,40873,40883,10
12.99617004,80.26252747,40883,40893,10
12.99621964,80.26220703,40893,40904,11
12.99629021,80.2617569,40904,40914,10
12.99633026,80.26132202,40914,40924,10
12.99639988,80.26062775,40924,40934,10
12.99647999,80.26004028,40934,40944,10
12.99652004,80.25953674,40944,40954,10
12.9965601,80.25907135,40954,40964,10
12.99660969,80.25853729,40964,40974,10
12.99666023,80.25805664,40974,40984,10
12.99672985,80.25743866,40984,41015,31
12.99672985,80.25743866,41015,41025,10
12.99676037,80.25724792,41025,41035,10
12.99678993,80.25700378,41035,41045,10
12.99678993,80.25663757,41045,41055,10
12.99685955,80.25611877,41055,41146,91
12.99685955,80.25611877,41146,41156,10
12.9969101,80.255867,41156,41202,46
12.9969101,80.255867,41202,41214,12
12.99699974,80.2557373,41214,41224,10
12.99744034,80.25579834,41224,41234,10
12.99808979,80.255867,41234,41245,11
12.99880028,80.25598145,41245,41275,30
12.99880028,80.25598145,41275,41285,10
12.9990797,80.25605774,41285,41295,10
12.9995203,80.2561264,41295,41305,10
12.99989033,80.2562027,41305,41314,9
13.00028992,80.25627899,41314,41325,11
13.00082016,80.25637054,41325,41335,10
13.00146008,80.25650787,41335,41346,11
13.00249004,80.25666809,41346,41366,20
13.00249004,80.25666809,41366,41376,10
13.00249958,80.25665283,41376,41386,10
13.00275993,80.2567215,41386,41396,10
13.00298023,80.25675964,41396,41406,10
13.00329018,80.25682068,41406,41416,10
13.00368023,80.25688171,41416,41426,10
13.00419998,80.25698853,41426,41436,10
13.00471973,80.25708771,41436,41446,10
13.00524044,80.25715637,41446,41457,11
13.00557041,80.25720215,41457,41467,10
13.00590038,80.25727844,41467,41477,10
13.00632,80.25733948,41477,41487,10
13.00652027,80.25711823,41487,41497,10
13.00646973,80.25663757,41497,41507,10
13.00648022,80.2559967,41507,41517,10
13.00646019,80.25546265,41517,41527,10
13.00650024,80.25518036,41527,41537,10
13.00648975,80.25469208,41537,41547,10
13.00646019,80.25405884,41547,41557,10
13.0064497,80.25344086,41557,41628,71
13.0064497,80.25344086,41628,41638,10
13.00644016,80.25308228,41638,41658,20
13.00644016,80.25308228,41658,41668,10
13.00646019,80.25280762,41668,41679,11
13.00648975,80.25245667,41679,41689,10
13.00652027,80.25227356,41689,41759,70
13.00652027,80.25227356,41759,41769,10
13.00660992,80.25186157,41769,41779,10
13.00671959,80.25121307,41779,41790,11
13.00671959,80.2502594,41790,41800,10
13.00667953,80.24929047,41800,41830,30
13.00667953,80.24929047,41830,41840,10
13.00667953,80.24906921,41840,41850,10
13.00664997,80.24862671,41850,41860,10
13.00660038,80.24810791,41860,41931,71
13.00660038,80.24810791,41931,41941,10
13.00656033,80.24787903,41941,41951,10
13.00658035,80.24752045,41951,41961,10
13.00658989,80.2469101,41961,41971,10
13.00656986,80.24642181,41971,41981,10
13.00658035,80.24639893,41981,41991,10
13.00660992,80.24604034,41991,42001,10
13.00660992,80.24542999,42001,42012,11
13.00662041,80.24476624,42012,42022,10
13.00662994,80.24424744,42022,42032,10
13.00658989,80.24369049,42032,42042,10
13.00654984,80.24311829,42042,42052,10
13.00654984,80.24240112,42052,42062,10
13.0065403,80.24157715,42062,42072,10
13.00656986,80.24105072,42072,42082,10
13.00658035,80.2410202,42082,42092,10
13.00658989,80.24085236,42092,42102,10
13.00664043,80.2405777,42102,42112,10
13.00671959,80.24028015,42112,42122,10
13.00681019,80.23973083,42122,42133,11
13.00695992,80.23899841,42133,42143,10
13.00708008,80.23828888,42143,42153,10
13.00726986,80.23750305,42153,42163,10
13.00737953,80.23673248,42163,42173,10
13.00741005,80.23660278,42173,42183,10
13.00741959,80.23651123,42183,42193,10
13.00753975,80.23616791,42193,42203,10
13.00767994,80.23555756,42203,42213,10
13.00782967,80.2348175,42213,42223,10
13.00800037,80.23396301,42223,42232,9
13.00819016,80.23306274,42232,42244,12
13.00844955,80.23175812,42244,42254,10
13.00868034,80.2306366,42254,42264,10
13.00889969,80.22952271,42264,42274,10
13.00911045,80.22843933,42274,42284,10
13.00951004,80.22743225,42284,42294,10
13.00994015,80.22650146,42294,42304,10
13.01031971,80.22566986,42304,42314,10
13.01066971,80.22496796,42314,42324,10
13.01089954,80.2243576,42324,42334,10
13.01123047,80.22367859,42334,42344,10
13.01152992,80.22296906,42344,42355,11
13.01183033,80.2220993,42355,42365,10
13.01224041,80.22151947,42365,42375,10
13.01255035,80.22180176,42375,42391,16
13.01321983,80.22260284,42391,42403,12
13.01366043,80.22306061,42403,42413,10
13.01408005,80.22357178,42413,42423,10
13.01441956,80.22400665,42423,42433,10
13.01494026,80.22444153,42433,42441,8
13.0151701,80.22467804,42441,42453,12
13.01554966,80.2249527,42453,42464,11
13.01564026,80.22503662,42464,42474,10
13.01595974,80.22525787,42474,42484,10
13.01655006,80.22525787,42484,42494,10
13.01721001,80.22501373,42494,42504,10
13.01791954,80.22473907,42504,42513,9
13.01850033,80.22450256,42513,42524,11
13.01935005,80.22427368,42524,42554,30
13.01935005,80.22427368,42554,42564,10
13.01963997,80.22445679,42564,42576,12
13.0199604,80.2246933,42576,42586,10
13.02048016,80.22505951,42586,42596,10
13.02110004,80.22553253,42596,42606,10
13.02173996,80.22602844,42606,42616,10
13.02235985,80.22653198,42616,42626,10
13.02272034,80.2268219,42626,42636,10
13.02289963,80.22699738,42636,42646,10
13.02291012,80.22701263,42646,42656,10
13.02311039,80.22718811,42656,42666,10
13.02330017,80.22737122,42666,42676,10
13.02373981,80.22770691,42676,42697,21
13.02373981,80.22770691,42697,42707,10
13.02385998,80.22782135,42707,42717,10
13.02398968,80.22795868,42717,42727,10
13.02414989,80.22810364,42727,42737,10
13.02431965,80.22830963,42737,42757,20
13.02431965,80.22830963,42757,42767,10
13.02445984,80.22859192,42767,42777,10
13.02466965,80.22888184,42777,42787,10
13.02495003,80.22926331,42787,42798,11
13.02519989,80.22956085,42798,42808,10
13.02530003,80.22966766,42808,42817,9
13.02542973,80.22984314,42817,42828,11
13.02556992,80.23007202,42828,42838,10
13.02571011,80.23029327,42838,42848,10
13.02579975,80.23046875,42848,42858,10
13.0259304,80.23078918,42858,42919,61
13.0259304,80.23078918,42919,42929,10
13.02602959,80.23119354,42929,42939,10
13.02635956,80.23127747,42939,42949,10
13.02707958,80.23111725,42949,42959,10
13.02791023,80.23097229,42959,42975,16
13.02844048,80.23085022,42975,42987,12
13.02861977,80.23084259,42987,42995,8
13.02900028,80.23078918,42995,43028,33
13.02900028,80.23078918,43028,43038,10
13.02935982,80.23079681,43038,43048,10
13.02974987,80.23075867,43048,43057,9
13.03003979,80.23072815,43057,43088,31
13.03003979,80.23072815,43088,43098,10
13.03038979,80.23068237,43098,43108,10
13.03065968,80.23065948,43108,43118,10
13.03071976,80.23062134,43118,43129,11
13.03065014,80.23023224,43129,43139,10
13.0304203,80.22962952,43139,43149,10
13.03026962,80.22891998,43149,43159,10
13.0303297,80.22836304,43159,43169,10
13.03034019,80.22834015,43169,43179,10
13.03036976,80.22802734,43179,43189,10
13.03040028,80.22766113,43189,43199,10
13.0300703,80.22744751,43199,43209,10
13.02933979,80.2273407,43209,43219,10
13.0284996,80.22724152,43219,43229,10
13.02795029,80.22708893,43229,43240,11
13.02787018,80.22676086,43240,43250,10
13.02805042,80.22612,43250,43260,10
13.02822971,80.22530365,43260,43270,10
13.02842999,80.22437286,43270,43280,10
13.02869034,80.22406006,43280,43290,10
13.02873993,80.22403717,43290,43300,10
13.02888966,80.22403717,43300,43310,10
13.02923012,80.22427368,43310,43320,10
13.02978039,80.22422028,43320,43330,10
13.03054047,80.22425079,43330,43340,10
13.03108025,80.22411346,43340,43351,11
13.03110027,80.22353363,43351,43361,10
13.03114986,80.22319031,43361,43371,10
13.03118038,80.22299957,43371,43381,10
13.03143978,80.22254181,43381,43391,10
13.03168964,80.22197723,43391,43401,10
13.03192043,80.22135162,43401,43411,10
13.03213978,80.22055054,43411,43427,16
13.03213978,80.21983337,43427,43439,12
13.03215981,80.21951294,43439,43447,8
13.0321703,80.21922302,43447,43458,11
13.03211021,80.21862793,43458,43469,11
13.03157997,80.21843719,43469,43480,11
13.03145027,80.21762085,43480,43490,10
13.03135967,80.21713257,43490,43500,10
13.03118038,80.2170105,43500,43509,9
13.03075981,80.21700287,43509,43520,11
13.03042984,80.21658325,43520,43530,10
13.03038979,80.21591949,43530,43539,9
13.03030014,80.21517944,43539,43549,10
13.03032017,80.2146225,43549,43560,11
13.03032017,80.21460724,43560,43571,11
13.03036976,80.21440125,43571,43581,10
13.0304203,80.21388245,43581,43591,10
13.03048992,80.21366882,43591,43601,10
13.03054047,80.21334076,43601,43611,10
13.03063965,80.21272278,43611,43621,10
13.03071976,80.21202087,43621,43631,10
13.03079033,80.21166992,43631,43641,10
13.03085041,80.21131134,43641,43651,10
13.03087997,80.21105957,43651,43661,10
13.03092003,80.21070862,43661,43671,10
13.03096962,80.21047211,43671,43682,11
13.03098011,80.21028137,43682,43692,10
13.03079987,80.21009827,43692,43702,10
13.03038979,80.20993042,43702,43712,10
13.03003979,80.20964813,43712,43722,10
13.0302,80.20915222,43722,43732,10
13.03075981,80.20921326,43732,43742,10
13.0314703,80.20937347,43742,43752,10
13.03164005,80.20941162,43752,43762,10
13.03186035,80.20947266,43762,43772,10
13.03238964,80.2095871,43772,43782,10
13.03312016,80.20970917,43782,43793,11
13.03402042,80.2098465,43793,43803,10
13.03485012,80.20996857,43803,43813,10
13.03514004,80.20974731,43813,43823,10
13.03518963,80.20919037,43823,43833,10
13.03524971,80.20868683,43833,43843,10
13.0352602,80.20855713,43843,43859,16
13.03528023,80.20841217,43859,43871,12
13.03536034,80.20787811,43871,43879,8
13.03544044,80.20731354,43879,43891,12
13.03555965,80.20633698,43891,43901,10
13.03544044,80.20590973,43901,43912,11
13.03544998,80.20552063,43912,43922,10
13.03565979,80.20529938,43922,43932,10
13.03579044,80.20491028,43932,43941,9
13.03590012,80.20435333,43941,43952,11
13.03600979,80.20362854,43952,43962,10
13.03608036,80.20295715,43962,43972,10
13.03621006,80.20204163,43972,43982,10
13.03627968,80.20155334,43982,43992,10
13.03629017,80.20155334,43992,44002,10
13.03635025,80.20124054,44002,44013,11
13.03647995,80.20059967,44013,44023,10
13.03658009,80.19979858,44023,44033,10
13.03668022,80.19883728,44033,44043,10
13.03676033,80.198349,44043,44053,10
13.03684044,80.19796753,44053,44063,10
13.03691006,80.19732666,44063,44073,10
13.03703976,80.19658661,44073,44083,10
13.03709984,80.19629669,44083,44093,10
13.03711987,80.19597626,44093,44103,10
13.03722,80.19545746,44103,44113,10
13.03732014,80.19471741,44113,44124,11
13.03746033,80.19376373,44124,44134,10
13.03757954,80.19293976,44134,44144,10
13.03808022,80.19277954,44144,44154,10
13.03870964,80.19288635,44154,44164,10
13.03894043,80.19290161,44164,44174,10
13.03911972,80.19290161,44174,44190,16
13.03985977,80.19302368,44190,44202,12
13.04055023,80.19312286,44202,44210,8
13.04092026,80.19319153,44210,44222,12
13.04156017,80.19332123,44222,44232,10
13.04172993,80.19351196,44232,44243,11
13.04168034,80.19402313,44243,44253,10
13.04160023,80.19465637,44253,44263,10
13.04150009,80.19538116,44263,44273,10
13.04137039,80.19600677,44273,44282,9
13.04133987,80.1964798,44282,44293,11
13.04131985,80.1967392,44293,44303,10
13.04131985,80.1969223,44303,44312,9
13.04125977,80.19730377,44312,44322,10
13.04117012,80.19796753,44322,44333,11
13.04104996,80.19870758,44333,44344,11
13.04096985,80.19924927,44344,44364,20
13.04096985,80.19924927,44364,44374,10
13.04090977,80.19965363,44374,44384,10
13.04080009,80.20023346,44384,44394,10
13.04071999,80.20098877,44394,44404,10
13.04061031,80.20178223,44404,44414,10
13.04055977,80.20214081,44414,44424,10
13.04049969,80.2026825,44424,44434,10
13.04039955,80.20320892,44434,44444,10
13.04034042,80.20375824,44444,44454,10
13.04024982,80.20427704,44454,44465,11
13.04018021,80.20477295,44465,44475,10
13.04034996,80.20501709,44475,44485,10
13.04090023,80.20510101,44485,44495,10
13.04150963,80.20519257,44495,44505,10
13.04222965,80.20529175,44505,44515,10
13.04257011,80.20543671,44515,44525,10
13.0427599,80.20571899,44525,44541,16
13.04337978,80.20658112,44541,44553,12
13.04388046,80.20736694,44553,44562,9
13.04409981,80.20812988,44562,44574,12
13.04417038,80.20896149,44574,44584,10
13.04417038,80.20902252,44584,44594,10
13.04417992,80.20928192,44594,44604,10
13.04417992,80.20960999,44604,44613,9
13.04417992,80.21024323,44613,44624,11
13.04421043,80.21109772,44624,44634,10
13.04430962,80.21208191,44634,44664,30
13.04430962,80.21208191,44664,44675,11
13.04434013,80.21227264,44675,44685,10
13.04469013,80.21227264,44685,44695,10
13.04528999,80.21224976,44695,44705,10
13.04601002,80.21221924,44705,44715,10
13.04691029,80.21217346,44715,44735,20
13.04691029,80.21217346,44735,44745,10
13.0469799,80.21211243,44745,44755,10
13.04699993,80.21193695,44755,44765,10
13.0469799,80.21144104,44765,44775,10
13.04693031,80.21087646,44775,44785,10
13.04730034,80.21083069,44785,44796,11
13.04794025,80.21085358,44796,44806,10
13.04862022,80.21083832,44806,44816,10
13.0493803,80.21083832,44816,44826,10
13.0496397,80.21064758,44826,44836,10
13.04955959,80.2101593,44836,44846,10
13.04946041,80.2096405,44846,44856,10
13.04938984,80.20926666,44856,44866,10
13.04936981,80.20912933,44866,44876,10
13.04913998,80.20803833,44876,44886,10
13.04913998,80.20803833,44886,44896,10
13.04881954,80.20716095,44896,44917,21
13.04881954,80.20716095,44917,44927,10
13.04878044,80.2069397,44927,44937,10
13.04893017,80.20684814,44937,44947,10
13.04913044,80.20688629,44947,44957,10
13.04913998,80.20690155,44957,44967,10
13.04920006,80.20716858,44967,45250,283
13.04928017,80.20731354,45250,45270,20
13.04928017,80.20731354,45270,45280,10
13.04905987,80.20744324,45280,45290,10
13.04913998,80.20776367,45290,45300,10
13.04924011,80.20819855,45300,45310,10
13.04936028,80.20874023,45310,45320,10
13.04944038,80.209198,45320,45330,10
13.04951,80.20964813,45330,45340,10
13.04959965,80.21002197,45340,45351,11
13.04965973,80.21058655,45351,45361,10
13.04973984,80.21109772,45361,45371,10
13.04981041,80.21156311,45371,45381,10
13.04988956,80.21183014,45381,45451,70
13.04988956,80.21183014,45451,45462,11
13.04990005,80.21202087,45462,45472,10
13.04981995,80.21219635,45472,45482,10
13.04951954,80.21221161,45482,45492,10
13.04948997,80.21219635,45492,45502,10
13.04936028,80.21218872,45502,45512,10
13.0488596,80.21218872,45512,45522,10
13.04811954,80.21224213,45522,45532,10
13.04741955,80.2122879,45532,45542,10
13.04629993,80.21234131,45542,45552,10
13.04516983,80.21240234,45552,45603,51
13.04516983,80.21240234,45603,45613,10
13.04498959,80.21243286,45613,45623,10
13.04469967,80.21244812,45623,45633,10
13.04446983,80.2124176,45633,45659,26
13.04446983,80.2124176,45659,45671,12
13.04428959,80.21214294,45671,45682,11
13.04424,80.21143341,45682,45690,8
13.04419041,80.21080017,45690,45701,11
13.04415989,80.2098999,45701,45712,11
13.0441103,80.20924377,45712,45722,10
13.04407978,80.20892334,45722,45732,10
13.04407024,80.20884705,45732,45742,10
13.04403973,80.20848846,45742,45752,10
13.04397964,80.20796204,45752,45762,10
13.04364967,80.20722961,45762,45772,10
13.04323959,80.20661163,45772,45782,10
13.04273987,80.20587158,45782,45793,11
13.04195023,80.20533752,45793,45803,10
13.04111004,80.2052002,45803,45813,10
13.04080009,80.20516205,45813,45823,10
13.04063988,80.20513916,45823,45833,10
13.04014969,80.2050705,45833,45843,10
13.03958035,80.20500183,45843,45853,10
13.03905964,80.20490265,45853,45863,10
13.03837967,80.20478821,45863,45873,10
13.0381403,80.20451355,45873,45883,10
13.03820038,80.20398712,45883,45893,10
13.03827,80.20352173,45893,45904,11
13.03837013,80.20284271,45904,45914,10
13.03837967,80.20265198,45914,45924,10
13.03843021,80.20239258,45924,45934,10
13.03847027,80.20213318,45934,45944,10
13.03853035,80.20173645,45944,45954,10
13.03859043,80.20139313,45954,45964,10
13.03866959,80.20085907,45964,45974,10
13.03874016,80.20027161,45974,45984,10
13.03886032,80.19960785,45984,45994,10
13.03888035,80.19915771,45994,46004,10
13.0389204,80.19895935,46004,46015,11
13.03896999,80.19841766,46015,46025,10
13.03909969,80.19773865,46025,46035,10
13.03915977,80.1971817,46035,46045,10
13.03919983,80.19676208,46045,46055,10
13.03925991,80.19642639,46055,46065,10
13.03934956,80.19603729,46065,46075,10
13.03942013,80.19539642,46075,46085,10
13.03950024,80.19467926,46085,46101,16
13.03971004,80.19317627,46101,46122,21
13.03971004,80.19317627,46122,46134,12
13.03960037,80.19304657,46134,46144,10
13.03927994,80.19300079,46144,46154,10
13.03888988,80.19293213,46154,46164,10
13.03866959,80.19288635,46164,46173,9
13.0385704,80.19287109,46173,46184,11
13.03816032,80.19281769,46184,46194,10
13.03771019,80.19297791,46194,46204,10
13.03756046,80.19364166,46204,46215,11
13.03742981,80.19451904,46215,46225,10
13.03728962,80.19542694,46225,46236,11
13.03719997,80.19599915,46236,46246,10
13.03717041,80.19618988,46246,46256,10
13.03709984,80.19651031,46256,46266,10
13.03701973,80.19709015,46266,46276,10
13.03693008,80.19779205,46276,46285,9
13.03689003,80.1980896,46285,46296,11
13.03682995,80.19863129,46296,46306,10
13.03678036,80.19880676,46306,46316,10
13.03670025,80.19909668,46316,46326,10
13.03658009,80.19966888,46326,46337,11
13.03647041,80.20049286,46337,46347,10
13.03637028,80.20121765,46347,46357,10
13.03631973,80.20159149,46357,46367,10
13.0363102,80.20165253,46367,46377,10
13.03625965,80.20187378,46377,46387,10
13.03617954,80.2022934,46387,46397,10
13.0360899,80.20297241,46397,46407,10
13.03598976,80.20375824,46407,46417,10
13.03592968,80.20435333,46417,46427,10
13.03588009,80.2046814,46427,46437,10
13.03579998,80.20517731,46437,46447,10
13.0357399,80.20568848,46447,46458,11
13.03573036,80.20581818,46458,46468,10
13.03567028,80.20617676,46468,46478,10
13.03557968,80.20678711,46478,46488,10
13.03547955,80.20757294,46488,46498,10
13.0353899,80.20835876,46498,46548,50
13.0353899,80.20835876,46548,46558,10
13.03534985,80.20844269,46558,46569,11
13.03528976,80.20867157,46569,46579,10
13.03522015,80.20915985,46579,46589,10
13.03512001,80.20982361,46589,46599,10
13.0350399,80.21040344,46599,46609,10
13.03487968,80.21096802,46609,46619,10
13.03479958,80.21166229,46619,46629,10
13.03458023,80.21212006,46629,46639,10
13.03413963,80.21208191,46639,46649,10
13.03353977,80.2120285,46649,46659,10
13.03285027,80.21195221,46659,46669,10
13.03246021,80.2118988,46669,46680,11
13.03244972,80.2118988,46680,46690,10
13.03230953,80.2118988,46690,46700,10
13.03190994,80.21173096,46700,46710,10
13.03192043,80.21115875,46710,46720,10
13.03199005,80.21047974,46720,46730,10
13.03205967,80.20983124,46730,46740,10
13.0317297,80.20961761,46740,46750,10
13.03110981,80.20941162,46750,46766,16
13.0302496,80.20918274,46766,46778,12
13.03009033,80.2093277,46778,46789,11
13.03001976,80.20948792,46789,46799,10
13.02999973,80.20973206,46799,46809,10
13.03028965,80.20982361,46809,46819,10
13.03069019,80.20996094,46819,46829,10
13.03087044,80.21002197,46829,46839,10
13.03092003,80.21024323,46839,46849,10
13.03089046,80.21064758,46849,46859,10
13.03083038,80.2110672,46859,46867,8
13.03081036,80.21125031,46867,46879,12
13.0307703,80.21166229,46879,46889,10
13.03069973,80.21201324,46889,46900,11
13.03059959,80.21269226,46900,46910,10
13.03050995,80.21331024,46910,46920,10
13.03048038,80.21365356,46920,46929,9
13.03044033,80.21389008,46929,46940,11
13.03036976,80.21430969,46940,46950,10
13.03034019,80.21476746,46950,46960,10
13.03034019,80.21498871,46960,46970,10
13.03030014,80.21546936,46970,46980,10
13.03036022,80.21616364,46980,46990,10
13.03065968,80.21690369,46990,47011,21
13.03065968,80.21690369,47011,47021,10
13.03104019,80.21691895,47021,47031,10
13.03133965,80.21694183,47031,47041,10
13.03145981,80.21739197,47041,47051,10
13.03151989,80.2181015,47051,47061,10
13.03203964,80.21836853,47061,47071,10
13.03219986,80.21878052,47071,47081,10
13.03219032,80.21935272,47081,47091,10
13.03215027,80.2197113,47091,47101,10
13.0321703,80.22016907,47101,47111,10
13.03219032,80.22036743,47111,47122,11
13.03215981,80.22064972,47122,47132,10
13.03201008,80.22119904,47132,47142,10
13.03186989,80.22167206,47142,47152,10
13.03157043,80.22219849,47152,47162,10
13.03127956,80.22270203,47162,47172,10
13.03116035,80.22319031,47172,47182,10
13.0311203,80.22368622,47182,47192,10
13.0311203,80.22396851,47192,47202,10
13.03112984,80.22415924,47202,47212,10
13.03098011,80.22431946,47212,47222,10
13.03055,80.22428894,47222,47233,11
13.02991009,80.22428131,47233,47243,10
13.02927971,80.22429657,47243,47253,10
13.02904034,80.22425079,47253,47263,10
13.02888012,80.22412872,47263,47273,10
13.02859974,80.22409058,47273,47283,10
13.02840042,80.2244873,47283,47293,10
13.02818966,80.22528076,47293,47303,10
13.02803993,80.22608185,47303,47313,10
13.02791023,80.22667694,47313,47323,10
13.02791977,80.22693634,47323,47333,10
13.02820969,80.22707367,47333,47344,11
13.02879047,80.22714233,47344,47354,10
13.02945995,80.22725677,47354,47364,10
13.0300703,80.22737122,47364,47374,10
13.03038025,80.22756958,47374,47384,10
13.0303297,80.22785187,47384,47394,10
13.03026962,80.22830963,47394,47404,10
13.03024006,80.22891998,47404,47414,10
13.03038025,80.22956085,47414,47424,10
13.03055,80.23001099,47424,47434,10
13.03065968,80.23043823,47434,47444,10
13.03069973,80.23059082,47444,47455,11
13.03069019,80.23069763,47455,47465,10
13.03048038,80.23075867,47465,47475,10
13.02987003,80.23081207,47475,47515,40
13.02987003,80.23081207,47515,47525,10
13.02958965,80.23085785,47525,47535,10
13.02923012,80.23085785,47535,47545,10
13.02873993,80.23092651,47545,47555,10
13.02808952,80.23101807,47555,47566,11
13.02766991,80.23108673,47566,47576,10
13.02766991,80.23142242,47576,47586,10
13.02772045,80.23188019,47586,47596,10
13.0278101,80.23235321,47596,47606,10
13.02785015,80.23281097,47606,47616,10
13.02733994,80.23290253,47616,47626,10
13.02694035,80.23294067,47626,47636,10
13.02692986,80.23294067,47636,47646,10
13.02670002,80.23298645,47646,47656,10
13.0264101,80.23290253,47656,47666,10
13.02624035,80.23242188,47666,47677,11
13.02610016,80.23174286,47677,47687,10
13.02598,80.23114014,47687,47697,10
13.02567959,80.23040771,47697,47707,10
13.02517986,80.22972107,47707,47716,9
13.02488041,80.22940063,47716,47726,10
13.02476978,80.22928619,47726,47737,11
13.02458,80.22904968,47737,47747,10
13.02431965,80.22872162,47747,47757,10
13.0240097,80.22834015,47757,47767,10
13.02390957,80.22821808,47767,47777,10
13.02390003,80.22817993,47777,47788,11
13.02365971,80.22789764,47788,47798,10
13.02328014,80.2275238,47798,47808,10
13.02293968,80.22715759,47808,47818,10
13.02235985,80.22662354,47818,47828,10
13.02163029,80.22602081,47828,47838,10
13.02091026,80.22547913,47838,47848,10
13.02019024,80.22499847,47848,47858,10
13.01990986,80.22480011,47858,47878,20
13.01990986,80.22480011,47878,47888,10
13.01957989,80.22463989,47888,47899,11
13.01881027,80.22454834,47899,47908,9
13.0180397,80.22483063,47908,47919,11
13.01698017,80.22528076,47919,47929,10
13.01628017,80.22554779,47929,47939,10
13.01562023,80.22577667,47939,47950,11
13.01490021,80.22605896,47950,47960,10
13.01439953,80.22624207,47960,47969,9
13.01438999,80.22624969,47969,47979,10
13.01412964,80.22635651,47979,47990,11
13.01354027,80.22657776,47990,48000,10
13.01288033,80.2268219,48000,48011,11
13.01206017,80.22714233,48011,48021,10
13.01124001,80.22746277,48021,48031,10
13.01039982,80.2277832,48031,48041,10
13.00953007,80.22815704,48041,48051,10
13.00907993,80.22888947,48051,48061,10
13.00885963,80.2298584,48061,48071,10
13.00866985,80.23094177,48071,48081,10
13.00846004,80.23206329,48081,48091,10
13.0082798,80.23310089,48091,48101,10
13.00819969,80.23364258,48101,48111,10
13.00819969,80.23365021,48111,48122,11
13.00817013,80.23374939,48122,48132,10
13.00809002,80.23404694,48132,48142,10
13.00796986,80.23461151,48142,48152,10
13.00780964,80.23535156,48152,48162,10
13.00761986,80.23625946,48162,48172,10
13.00743008,80.23731232,48172,48182,10
13.00726032,80.23825073,48182,48192,10
13.00710011,80.23902893,48192,48202,10
13.00693035,80.23983002,48202,48212,10
13.00683975,80.24050903,48212,48222,10
13.00681019,80.24067688,48222,48233,11
13.00675011,80.24111176,48233,48243,10
13.00671959,80.24178314,48243,48253,10
13.00669003,80.24255371,48253,48263,10
13.00666046,80.24339294,48263,48273,10
13.00666046,80.24440765,48273,48283,10
13.00667953,80.24546051,48283,48293,10
13.00671005,80.24636841,48293,48303,10
13.00673008,80.24717712,48303,48313,10
13.00666046,80.24781799,48313,48323,10
13.00671959,80.24858093,48323,48333,10
13.00683975,80.24933624,48333,48344,11
13.00683022,80.24958038,48344,48354,10
13.00681019,80.24976349,48354,48364,10
13.00675964,80.25016022,48364,48380,16
13.00677967,80.25126648,48380,48392,12
13.00675011,80.25157928,48392,48402,10
13.00666046,80.25196838,48402,48412,10
13.0065403,80.25260925,48412,48422,10
13.0065403,80.25318146,48422,48430,8
13.0065403,80.2537384,48430,48442,12
13.00656033,80.25501251,48442,48463,21
13.00656033,80.25501251,48463,48473,10
13.00650978,80.25518036,48473,48483,10
13.0065403,80.25567627,48483,48493,10
13.00652027,80.25630951,48493,48503,10
13.00654984,80.2568512,48503,48513,10
13.00666046,80.25714874,48513,48523,10
13.00650978,80.25749207,48523,48533,10
13.00603962,80.25743866,48533,48543,10
13.00559998,80.25736237,48543,48551,8
13.00529003,80.25727844,48551,48564,13
13.00456047,80.25708771,48564,48574,10
13.00389004,80.25695801,48574,48584,10
13.00323009,80.25685883,48584,48594,10
13.00273991,80.25676727,48594,48604,10
13.00269985,80.25675964,48604,48614,10
13.00249958,80.25669861,48614,48625,11
13.00212955,80.25663757,48625,48634,9
13.00139999,80.25653839,48634,48706,72
13.00139999,80.25653839,48706,48716,10
13.00131989,80.25656128,48716,48726,10
13.00094032,80.25650024,48726,48736,10
13.00026989,80.25640869,48736,48746,10
12.99958992,80.25628662,48746,48756,10
12.9989996,80.25615692,48756,48766,10
12.99827003,80.25605011,48766,48776,10
12.99783039,80.25598145,48776,48787,11
12.99779987,80.25598145,48787,48797,10
12.99769974,80.25604248,48797,48807,10
12.9976902,80.25615692,48807,48817,10
12.99775982,80.25636292,48817,48827,10
12.99785995,80.25686646,48827,48908,81
12.99785995,80.25686646,48908,48918,10
12.99765968,80.25698853,48918,49019,101
12.99765968,80.25698853,49019,49029,10
12.9975996,80.25675201,49029,49089,60
12.9976902,80.25663757,49089,49140,51
12.9976902,80.25663757,49140,49150,10
12.9976902,80.25605774,49150,49170,20
12.9976902,80.25605774,49170,49180,10
12.9976902,80.25598145,49180,49190,10
12.99767971,80.25595093,49190,49200,10
12.99742985,80.25592041,49200,49210,10
12.99709988,80.25591278,49210,49221,11
12.99691963,80.25608063,49221,49231,10
12.99685955,80.25647736,49231,49241,10
12.99682045,80.2568512,49241,49251,10
12.99676991,80.2572937,49251,49261,10
12.99668026,80.25788116,49261,49271,10
12.99662018,80.258461,49271,49281,10
12.99656963,80.25901031,49281,49291,10
12.99650002,80.25936127,49291,49301,10
12.99643993,80.25978851,49301,49311,10
12.99645996,80.25988007,49311,49321,10
12.99647045,80.26011658,49321,49331,10
12.99641037,80.26055908,49331,49342,11
12.99635029,80.26120758,49342,49352,10
12.99629021,80.26174927,49352,49362,10
12.99623966,80.26206207,49362,49372,10
12.99621964,80.26210785,49372,49382,10
12.99615955,80.26245117,49382,49392,10
12.99612045,80.26294708,49392,49402,10
12.99608994,80.26345825,49402,49412,10
12.99600983,80.26419067,49412,49422,10
12.99592018,80.26486206,49422,49432,10
12.99584007,80.26564026,49432,49442,10
12.9957304,80.26654816,49442,49453,11
12.99565983,80.2674408,49453,49463,10
12.99590015,80.26764679,49463,49479,16
12.99615955,80.26766205,49479,49491,12
12.99627972,80.26766205,49491,49501,10
12.99660015,80.26766968,49501,49511,10
12.99736023,80.26744843,49511,49520,9
12.9979496,80.26728058,49520,49531,11
12.99884033,80.2670517,49531,49541,10
12.99958992,80.26683044,49541,49551,10
13.00006962,80.26641846,49551,49561,10
13.00008011,80.26638794,49561,49572,11
13.00014973,80.26616669,49572,49582,10
13.00018024,80.26583099,49582,49592,10
13.00030994,80.26569366,49592,49602,10
13.00032997,80.26582336,49602,49612,10
13.00024033,80.2661972,49612,49652,40
13.00018978,80.26638031,49652,49844,192
13.00018978,80.26638031,49844,49854,10
13.00026035,80.26651764,49854,49864,10
13.00030994,80.26657867,49864,49874,10
13.00016975,80.26680756,49874,49884,10
12.99981022,80.26690674,49884,49895,11
12.99921036,80.26708221,49895,49905,10
12.99845982,80.26728058,49905,49915,10
12.99777031,80.26750183,49915,49925,10
12.99715996,80.26766968,49925,49935,10
12.99647045,80.2677536,49935,49945,10
12.99588966,80.26767731,49945,49955,10
12.99561977,80.26761627,49955,49965,10
12.99563026,80.26740265,49965,49975,10
12.99563026,80.26738739,49975,49985,10
12.99563026,80.26734924,49985,49995,10
12.99565983,80.2670517,49995,50006,11
12.99571991,80.26643372,50006,50016,10
12.99580002,80.26557922,50016,50026,10
12.99592018,80.26467133,50026,50036,10
12.99600983,80.26380157,50036,50046,10
12.99610043,80.2631073,50046,50056,10
12.99612045,80.2627182,50056,50066,10
12.99612045,80.26268005,50066,50076,10
12.99615955,80.26257324,50076,50086,10
12.99617958,80.26226807,50086,50096,10
12.99623966,80.2618103,50096,50106,10
12.99631977,80.2612915,50106,50117,11
12.99639034,80.26052094,50117,50127,10
12.99645996,80.25997925,50127,50137,10
12.99650002,80.25943756,50137,50147,10
12.99647999,80.25933838,50147,50157,10
12.99650955,80.25904083,50157,50167,10
12.99656963,80.25861359,50167,50177,10
12.99662971,80.25807953,50177,50187,10
12.99672031,80.25736237,50187,50197,10
12.99678993,80.2564621,50197,50228,31
12.99678993,80.2564621,50228,50238,10
12.99683952,80.25624084,50238,50248,10
12.99695969,80.25582123,50248,50258,10
12.99740028,80.25582123,50258,50268,10
12.99773979,80.25583649,50268,50278,10
12.99816036,80.25591278,50278,50288,10
12.99870968,80.25595856,50288,50298,10
12.99872017,80.25595856,50298,50308,10
12.9988203,80.25595856,50308,50318,10
12.99895,80.25596619,50318,50328,10
12.99923992,80.25604248,50328,50339,11
12.99979973,80.25615692,50339,50349,10
13.00030994,80.25627899,50349,50358,9
13.00080967,80.25634766,50358,50368,10
13.00129986,80.25646973,50368,50379,11
13.00179958,80.25657654,50379,50389,10
13.00244045,80.25665283,50389,50399,10
13.00294018,80.25676727,50399,50409,10
13.00352001,80.25686646,50409,50419,10
13.0039196,80.2569809,50419,50429,10
13.00422955,80.25704956,50429,50439,10
13.00477028,80.25715637,50439,50450,11
13.00522041,80.25720978,50450,50460,10
13.0054903,80.25727081,50460,50470,10
13.0060997,80.25740051,50470,50480,10
13.00648022,80.2572403,50480,50490,10
13.00648022,80.25655365,50490,50500,10
13.00646973,80.25582886,50500,50510,10
13.00650024,80.25492859,50510,50520,10
13.00646019,80.25393677,50520,50530,10
13.00646973,80.25328064,50530,50540,10
13.00646973,80.2532196,50540,50550,10
13.00646019,80.2531662,50550,50561,11
13.00646019,80.25260162,50561,50611,50
13.00646019,80.25260162,50611,50621,10
13.00648975,80.252388,50621,50631,10
13.00654984,80.25193024,50631,50641,10
13.00667953,80.25121307,50641,50651,10
13.00667,80.25045013,50651,50692,41
13.00667,80.25045013,50692,50702,10
13.00671005,80.2502594,50702,50712,10
13.00671005,80.25002289,50712,50722,10
13.00669003,80.24923706,50722,50760,38
13.00667953,80.24906158,50760,50821,61
13.00667953,80.24906158,50821,50830,9
13.00666046,80.24874115,50830,50841,11
13.00662041,80.24835205,50841,50902,61
13.00662041,80.24835205,50902,50912,10
13.00662041,80.24810791,50912,50922,10
13.00660992,80.24775696,50922,50932,10
13.00662041,80.24716949,50932,50942,10
13.0065403,80.24652863,50942,50952,10
13.00656033,80.24646759,50952,50962,10
13.00656033,80.24645996,50962,50972,10
13.00660992,80.24610138,50972,50982,10
13.00658035,80.24555969,50982,50992,10
13.00658035,80.24517059,50992,51003,11
13.00656033,80.24488068,51003,51013,10
13.00658035,80.24459076,51013,51023,10
13.00660038,80.24440002,51023,51033,10
13.00660038,80.24414825,51033,51043,10
13.00658035,80.24375153,51043,51053,10
13.00654984,80.24324036,51053,51063,10
13.0065403,80.24253082,51063,51073,10
13.00652027,80.24156952,51073,51083,10
13.00656986,80.24082947,51083,51093,10
13.00658989,80.24076843,51093,51103,10
13.00664997,80.24046326,51103,51114,11
13.00681019,80.23986816,51114,51124,10
13.00687027,80.23940277,51124,51134,10
13.00699997,80.23863983,51134,51144,10
13.00716972,80.23783875,51144,51154,10
13.0073204,80.23725891,51154,51164,10
13.00737,80.23677826,51164,51184,20
13.00737,80.23677826,51184,51194,10
13.00743961,80.23661804,51194,51204,10
13.00753021,80.23634338,51204,51214,10
13.00763988,80.23576355,51214,51225,11
13.00784016,80.23487854,51225,51235,10
13.0080204,80.23391724,51235,51245,10
13.00825977,80.23274994,51245,51255,10
13.00854015,80.2313385,51255,51265,10
13.0088501,80.22984314,51265,51275,10
13.00911045,80.22844696,51275,51285,10
13.00957012,80.22725677,51285,51295,10
13.01006031,80.22619629,51295,51305,10
13.01041985,80.22554779,51305,51315,10
13.01074028,80.22483063,51315,51325,10
13.01091957,80.2243576,51325,51336,11
13.01111031,80.22384644,51336,51346,10
13.01111984,80.22382355,51346,51356,10
13.01117039,80.22358704,51356,51366,10
13.01126957,80.22324371,51366,51376,10
13.0115099,80.22265625,51376,51386,10
13.01181984,80.22181702,51386,51396,10
13.01222992,80.22136688,51396,51406,10
13.01247025,80.2216568,51406,51416,10
13.01288986,80.22215271,51416,51426,10
13.01348019,80.22280884,51426,51436,10
13.01401043,80.22328186,51436,51446,10
13.01430988,80.22370148,51446,51457,11
13.01476002,80.22419739,51457,51467,10
13.01548958,80.22498322,51467,51497,30
13.01548958,80.22498322,51497,51507,10
13.0156498,80.22509766,51507,51517,10
13.01601028,80.22530365,51517,51527,10
13.01661968,80.22522736,51527,51537,10
13.01727962,80.22496033,51537,51547,10
13.01791954,80.22470093,51547,51558,11
13.01869965,80.22438812,51558,51568,10
13.01930046,80.22427368,51568,51598,30
13.01930046,80.22427368,51598,51608,10
13.01953983,80.22445679,51608,51618,10
13.01990986,80.22467804,51618,51628,10
13.02040958,80.22505951,51628,51638,10
13.02105045,80.22548676,51638,51648,10
13.02147961,80.22580719,51648,51658,10
13.02202988,80.22622681,51658,51669,11
13.02250004,80.22663879,51669,51679,10
13.02305031,80.22708893,51679,51688,9
13.02355957,80.22759247,51688,51699,11
13.02420044,80.22823334,51699,51709,10
13.02435017,80.2283783,51709,51719,10
13.02437973,80.22840118,51719,51729,10
13.02458,80.22870636,51729,51738,9
13.02492046,80.22917938,51738,51749,11
13.02538013,80.22975922,51749,51759,10
13.0254097,80.22978973,51759,51769,10
13.02560043,80.23007965,51769,51780,11
13.02591991,80.2307663,51780,51790,10
13.02616978,80.23130035,51790,51800,10
13.02684021,80.23113251,51800,51809,9
13.02762032,80.23094177,51809,51820,11
13.02838039,80.23088074,51820,51850,30
13.02838039,80.23088074,51850,51860,10
13.02867031,80.23079681,51860,51870,10
13.02900028,80.23078918,51870,51880,10
13.02902031,80.23078918,51880,51890,10
13.02912045,80.23079681,51890,51901,11
13.02943993,80.2307663,51901,51911,10
13.02991962,80.23074341,51911,51921,10
13.03040028,80.23069,51921,51931,10
13.03063011,80.23065948,51931,51941,10
13.03065014,80.23047638,51941,51951,10
13.03057957,80.23013306,51951,51961,10
13.03038979,80.22959137,51961,51971,10
13.03026009,80.22885132,51971,51981,10
13.03034019,80.228302,51981,51991,10
13.03034019,80.22828674,51991,52002,11
13.03034973,80.22811127,52002,52012,10
13.03036976,80.22782135,52012,52022,10
13.03034019,80.22747803,52022,52032,10
13.02978992,80.22737122,52032,52042,10
13.02892971,80.22722626,52042,52052,10
13.02826023,80.22711945,52052,52062,10
13.0280304,80.22705078,52062,52072,10
13.02789974,80.22682953,52072,52082,10
13.02795982,80.22640991,52082,52092,10
13.02808952,80.22576904,52092,52102,10
13.02828026,80.22483063,52102,52112,10
13.02869987,80.22396088,52112,52143,31
13.02869987,80.22396088,52143,52153,10
13.02898979,80.22409821,52153,52163,10
13.02937984,80.22422791,52163,52173,10
13.03005981,80.22422028,52173,52183,10
13.03083992,80.22422028,52183,52193,10
13.03110027,80.22398376,52193,52203,10
13.03114033,80.22318268,52203,52224,21
13.03114033,80.22318268,52224,52234,10
13.03116035,80.22293091,52234,52244,10
13.0313797,80.22251129,52244,52254,10
13.0316,80.22206116,52254,52264,10
13.03190041,80.22151947,52264,52274,10
13.03209019,80.22075653,52274,52284,10
13.03215981,80.2196579,52284,52304,20
13.03215981,80.2196579,52304,52314,10
13.03217983,80.21955872,52314,52324,10
13.03219986,80.21920013,52324,52335,11
13.03213024,80.21853638,52335,52345,10
13.03166962,80.21842194,52345,52355,10
13.03145027,80.2178421,52355,52365,10
13.0313797,80.21713257,52365,52375,10
13.03124046,80.21697235,52375,52385,10
13.03089046,80.21694183,52385,52395,10
13.03040981,80.21663666,52395,52431,36
13.03040981,80.21663666,52431,52443,12
13.03034973,80.21646118,52443,52454,11
13.03034019,80.21604156,52454,52464,10
13.03030968,80.21530151,52464,52474,10
13.03034019,80.21456146,52474,52494,20
13.03034019,80.21456146,52494,52503,9
13.03038025,80.21434021,52503,52514,11
13.03042984,80.21389008,52514,52523,9
13.03044987,80.21357727,52523,52533,10
13.03050995,80.21321106,52533,52544,11
13.03063011,80.21253967,52544,52554,10
13.03071022,80.21186066,52554,52565,11
13.0307703,80.21148682,52565,52575,10
13.03081036,80.21109772,52575,52585,10
13.03085995,80.21087646,52585,52595,10
13.03092957,80.21038055,52595,52605,10
13.03094006,80.21019745,52605,52615,10
13.03077984,80.21006012,52615,52625,10
13.03038025,80.20993042,52625,52635,10
13.03003979,80.20970154,52635,52645,10
13.03009987,80.20928192,52645,52655,10
13.0301199,80.20921326,52655,52666,11
13.03013992,80.20913696,52666,52676,10
13.03048038,80.2090683,52676,52686,10
13.03114033,80.20925903,52686,52696,10
13.03168011,80.20941925,52696,52716,20
13.03168011,80.20941925,52716,52726,10
13.03178024,80.20955658,52726,52736,10
13.03219986,80.20963287,52736,52746,10
13.03291035,80.20970917,52746,52756,10
13.03380966,80.20983887,52756,52766,10
13.03477955,80.20996857,52766,52776,10
13.03516006,80.20957184,52776,52787,11
13.03522968,80.20890808,52787,52797,10
13.03524971,80.20876312,52797,52807,10
13.03526974,80.20864105,52807,52817,10
13.03534031,80.20822144,52817,52827,10
13.03536987,80.20786285,52827,52837,10
13.03546047,80.20729828,52837,52847,10
13.03559017,80.20645905,52847,52857,10
13.03549957,80.20600128,52857,52887,30
13.03549957,80.20600128,52887,52898,11
13.03544998,80.20567322,52898,52908,10
13.03547955,80.20542145,52908,52918,10
13.03549004,80.20533752,52918,52928,10
13.03571987,80.20519257,52928,52938,10
13.03581047,80.20477295,52938,52948,10
13.03592968,80.20404816,52948,52958,10
13.03610039,80.20310211,52958,52968,10
13.03621006,80.20214081,52968,52978,10
13.03627968,80.20159912,52978,52988,10
13.03627968,80.2015686,52988,52998,10
13.0363102,80.20137024,52998,53009,11
13.0363903,80.2008667,53009,53019,10
13.03647995,80.20005035,53019,53029,10
13.03662014,80.19914246,53029,53039,10
13.03670025,80.19851685,53039,53049,10
13.03674984,80.19838715,53049,53059,10
13.03680038,80.19824982,53059,53069,10
13.03687,80.19779205,53069,53079,10
13.03691959,80.19718933,53079,53089,10
13.0369997,80.19658661,53089,53099,10
13.03703976,80.1962738,53099,53109,10
13.03703976,80.19625854,53109,53120,11
13.03713989,80.19579315,53120,53130,10
13.03724003,80.19509888,53130,53140,10
13.03736973,80.19422913,53140,53150,10
13.03752041,80.1932373,53150,53160,10
13.03792,80.19273376,53160,53170,10
13.03851986,80.19280243,53170,53180,10
13.03884983,80.19284058,53180,53190,10
13.03886032,80.19284058,53190,53200,10
13.03909969,80.19288635,53200,53210,10
13.0396204,80.19297791,53210,53220,10
13.04026985,80.19312286,53220,53231,11
13.04092979,80.1932373,53231,53241,10
13.04150009,80.19333649,53241,53251,10
13.04176044,80.19345093,53251,53261,10
13.04174042,80.19387817,53261,53271,10
13.04176044,80.19393921,53271,53281,10
13.0417099,80.19432068,53281,53291,10
13.04162025,80.19499969,53291,53301,10
13.04154015,80.19573975,53301,53311,10
13.04144001,80.19622803,53311,53321,10
13.04139996,80.19670105,53321,53331,10
13.04139996,80.19673157,53331,53342,11
13.04131985,80.19712067,53342,53352,10
13.04121971,80.19789124,53352,53362,10
13.04109955,80.19876099,53362,53372,10
13.04104042,80.19927979,53372,53382,10
13.04102039,80.19943237,53382,53392,10
13.04094028,80.19998932,53392,53402,10
13.04080009,80.20079041,53402,53412,10
13.0406599,80.20175171,53412,53422,10
13.04059982,80.20220184,53422,53432,10
13.04051018,80.20285034,53432,53442,10
13.04037952,80.20374298,53442,53453,11
13.04028034,80.20429993,53453,53463,10
13.04022026,80.20458984,53463,53473,10
13.04030991,80.20497131,53473,53483,10
13.04084015,80.20504761,53483,53493,10
13.04121017,80.20511627,53493,53503,10
13.04125977,80.20513153,53503,53513,10
13.04164982,80.20519257,53513,53523,10
13.0422802,80.20529938,53523,53533,10
13.04271984,80.20555878,53533,53543,10
13.04310036,80.2061615,53543,53553,10
13.04366016,80.20690918,53553,53564,11
13.04411983,80.20787048,53564,53574,10
13.04417992,80.20880127,53574,53584,10
13.04417992,80.2089386,53584,53593,9
13.04417992,80.20915985,53593,53604,11
13.04419994,80.20960236,53604,53614,10
13.04424,80.21031952,53614,53624,10
13.04424953,80.21121216,53624,53634,10
13.04430008,80.21195221,53634,53664,30
13.04430008,80.21195221,53664,53675,11
13.04430008,80.21211243,53675,53685,10
13.04467964,80.21222687,53685,53695,10
13.04543972,80.21221161,53695,53705,10
13.04638958,80.21217346,53705,53715,10
13.04697037,80.21212006,53715,53725,10
13.04703045,80.21185303,53725,53745,20
13.04703045,80.21185303,53745,53755,10
13.04703045,80.21169281,53755,53765,10
13.04701042,80.21115875,53765,53775,10
13.04703999,80.21071625,53775,53786,11
13.04753971,80.21073914,53786,53796,10
13.04804039,80.21074677,53796,53806,10
13.04843998,80.21073151,53806,53816,10
13.04903984,80.21077728,53816,53826,10
13.04951954,80.21076965,53826,53836,10
13.04955959,80.21028137,53836,53846,10
13.04950047,80.20954895,53846,53856,10
13.04946995,80.20908356,53856,53866,10
13.04938984,80.20851135,53866,53876,10
13.04916,80.20777893,53876,53886,10
13.04891968,80.20717621,53886,53897,11
13.04889965,80.20713806,53897,53913,16
13.04885006,80.20703125,53913,53925,12
13.0489502,80.20677185,53925,53935,10
13.04913044,80.20678711,53935,53945,10
13.04924011,80.20713806,53945,54964,1019
13.04924011,80.20713806,54964,54974,10
13.04911041,80.2075119,54974,54984,10
13.04922962,80.20800018,54984,54994,10
13.04936981,80.20867157,54994,55004,10
13.04950047,80.20929718,55004,55015,11
13.0496397,80.20996094,55015,55025,10
13.04965973,80.21054077,55025,55035,10
13.04975986,80.21118927,55035,55045,10
13.04985046,80.21169281,55045,55124,79
13.04985046,80.21169281,55124,55134,10
13.04990959,80.21199799,55134,55144,10
13.04957962,80.21219635,55144,55164,20
13.04957962,80.21219635,55164,55174,10
13.0492897,80.2121582,55174,55184,10
13.04870033,80.21218109,55184,55194,10
13.04782963,80.21222687,55194,55203,9
13.04691029,80.21228027,55203,55214,11
13.04574966,80.21231079,55214,55224,10
13.04475975,80.21237183,55224,55235,11
13.04426003,80.21234894,55235,55255,20
13.04426003,80.21234894,55255,55265,10
13.04424953,80.21224213,55265,55275,10
13.04421043,80.21182251,55275,55285,10
13.04415989,80.21105957,55285,55295,10
13.04411983,80.21018982,55295,55305,10
13.04407978,80.20935059,55305,55315,10
13.04403973,80.2088623,55315,55325,10
13.04403973,80.20883942,55325,55335,10
13.04403973,80.20850372,55335,55346,11
13.04397964,80.20780182,55346,55356,10
13.04358959,80.20697021,55356,55366,10
13.04304028,80.20619965,55366,55376,10
13.04251003,80.20552826,55376,55386,10
13.04183006,80.20527649,55386,55396,10
13.04111958,80.2052002,55396,55405,9
13.04084015,80.20516205,55405,55416,11
13.04074955,80.20513916,55416,55426,10
13.04036999,80.20507813,55426,55436,10
13.03981018,80.20500183,55436,55446,10
13.03903961,80.20490265,55446,55457,11
13.03818989,80.20477295,55457,55467,10
13.03814983,80.20436096,55467,55477,10
13.03827,80.20372009,55477,55487,10
13.03837013,80.20298767,55487,55497,10
13.0384903,80.20185089,55497,55517,20
13.0384903,80.20185089,55517,55527,10
13.03851986,80.20157623,55527,55537,10
13.03859997,80.20110321,55537,55547,10
13.03870964,80.20053864,55547,55557,10
13.03874016,80.20018768,55557,55568,11
13.03878975,80.19969177,55568,55578,10
13.03884029,80.19924927,55578,55588,10
13.03886986,80.19905853,55588,55598,10
13.03896046,80.19853973,55598,55608,10
13.03909969,80.19773102,55608,55618,10
13.03919983,80.1969986,55618,55628,10
13.03919983,80.19686127,55628,55638,10
13.03923035,80.19671631,55638,55648,10
13.03929996,80.1964035,55648,55658,10
13.03936005,80.19596863,55658,55668,10
13.03942966,80.19522095,55668,55679,11
13.0395298,80.19438171,55679,55689,10
13.03973007,80.19317627,55689,55719,30
13.03973007,80.19317627,55719,55729,10
13.03952026,80.19297791,55729,55739,10
13.03866005,80.19284821,55739,55760,21
13.03866005,80.19284821,55760,55770,10
13.03845024,80.19280243,55770,55780,10
13.03796005,80.19280243,55780,55788,8
13.03761959,80.19316101,55788,55802,14
13.03746033,80.19444275,55802,55812,10
13.03728962,80.19554138,55812,55822,10
13.03724003,80.19599915,55822,55832,10
13.03719997,80.19612885,55832,55842,10
13.03711033,80.19658661,55842,55852,10
13.03697968,80.19738007,55852,55862,10
13.03686047,80.19825745,55862,55872,10
13.03680992,80.1986618,55872,55896,24
13.03672981,80.1992569,55896,55908,12
13.03658009,80.20012665,55908,55918,10
13.0364399,80.20101166,55918,55928,10
13.03637981,80.20163727,55928,55938,10
13.03635025,80.20176697,55938,55948,10
13.03629017,80.20194244,55948,55958,10
13.03623962,80.20240021,55958,55968,10
13.03614044,80.20316315,55968,55978,10
13.03604031,80.2039032,55978,55988,10
13.03594017,80.20462799,55988,55998,10
13.03584003,80.20530701,55998,56009,11
13.03575039,80.20587921,56009,56020,11
13.03571033,80.20600128,56020,56030,10
13.03565979,80.20636749,56030,56040,10
13.03555965,80.2070694,56040,56050,10
13.03547001,80.20789337,56050,56060,10
13.03542995,80.20835876,56060,56070,10
13.03540993,80.20842743,56070,56079,9
13.03538036,80.20858765,56079,56089,10
13.03530025,80.20909119,56089,56100,11
13.03518009,80.20987701,56100,56110,10
13.0350399,80.21051788,56110,56121,11
13.03487015,80.21114349,56121,56131,10
13.03476048,80.21190643,56131,56141,10
13.0342598,80.21208191,56141,56151,10
13.03339958,80.21199036,56151,56161,10
13.03252983,80.2118988,56161,56181,20
13.03252983,80.2118988,56181,56191,10
13.03240013,80.2118988,56191,56201,10
13.03201962,80.21182251,56201,56211,10
13.03186035,80.21138,56211,56221,10
13.03197002,80.21070862,56221,56232,11
13.0320797,80.2098999,56232,56242,10
13.03188038,80.20961761,56242,56252,10
13.03137016,80.2095108,56252,56262,10
13.03059959,80.20929718,56262,56272,10
13.03003979,80.20948792,56272,56302,30
13.03003979,80.20948792,56302,56312,10
13.03007984,80.20976257,56312,56322,10
13.03044987,80.20986176,56322,56332,10
13.03077984,80.2099762,56332,56343,11
13.03092003,80.21016693,56343,56353,10
13.03092003,80.21044159,56353,56363,10
13.03085995,80.21102142,56363,56373,10
13.03085041,80.21124268,56373,56383,10
13.03079987,80.21161652,56383,56393,10
13.03071976,80.21199036,56393,56403,10
13.03065968,80.2126236,56403,56413,10
13.03054047,80.21337891,56413,56423,10
13.03050995,80.21366119,56423,56433,10
13.03044033,80.21394348,56433,56443,10
13.03034019,80.21472168,56443,56464,21
13.03034019,80.21472168,56464,56474,10
13.03034973,80.21485138,56474,56484,10
13.03032017,80.21499634,56484,56494,10
13.03028011,80.21543121,56494,56504,10
13.03030968,80.21607208,56504,56514,10
13.03061962,80.21678925,56514,56534,20
13.03061962,80.21678925,56534,56544,10
13.03089046,80.2168808,56544,56554,10
13.03122044,80.21685791,56554,56565,11
13.03141975,80.21707153,56565,56575,10
13.03145981,80.21759033,56575,56585,10
13.03162956,80.21826172,56585,56595,10
13.0320797,80.21833801,56595,56605,10
13.03219032,80.21851349,56605,56615,10
13.03219032,80.21901703,56615,56625,10
13.03221035,80.21961975,56625,56635,10
13.03219986,80.22025299,56635,56655,20
13.03219986,80.22025299,56655,56665,10
13.0321703,80.22048187,56665,56676,11
13.03201008,80.22107697,56676,56686,10
13.03178024,80.22177124,56686,56696,10
13.03153992,80.22231293,56696,56706,10
13.03129959,80.22277069,56706,56716,10
13.03120041,80.2231369,56716,56726,10
13.03114033,80.22386932,56726,56756,30
13.03114033,80.22386932,56756,56766,10
13.03112984,80.22415161,56766,56776,10
13.03079033,80.22429657,56776,56787,11
13.03036022,80.22434235,56787,56797,10
13.02974033,80.22431183,56797,56807,10
13.02906036,80.22424316,56807,56827,20
13.02906036,80.22424316,56827,56837,10
13.02867031,80.22405243,56837,56847,10
13.02842045,80.22434235,56847,56857,10
13.02824974,80.2252121,56857,56867,10
13.02805996,80.22612,56867,56877,10
13.0279398,80.22678375,56877,56887,10
13.02799988,80.22698212,56887,56898,11
13.02838039,80.22705841,56898,56908,10
13.02847004,80.2270813,56908,56918,10
13.0287199,80.22717285,56918,56928,10
13.0291996,80.22724152,56928,56938,10
13.02987957,80.22733307,56938,56948,10
13.03013992,80.22736359,56948,56958,10
13.03034019,80.22756958,56958,56968,10
13.03034019,80.22808075,56968,56988,20
13.03034019,80.22808075,56988,56998,10
13.03032017,80.22853088,56998,57009,11
13.03028011,80.22913361,57009,57019,10
13.03046989,80.22975922,57019,57029,10
13.03065968,80.23059845,57029,57049,20
13.03065968,80.23059845,57049,57059,10
13.0304203,80.2307663,57059,57069,10
13.02974033,80.23084259,57069,57099,30
13.02974033,80.23084259,57099,57109,10
13.02929974,80.23088074,57109,57120,11
13.02882004,80.2309494,57120,57130,10
13.0281601,80.23101044,57130,57139,9
13.02772045,80.23104858,57139,57150,11
13.02764034,80.23136139,57150,57160,10
13.02766991,80.23194122,57160,57170,10
13.0278101,80.23262024,57170,57179,9
13.02725029,80.23290253,57179,57241,62
13.02725029,80.23290253,57241,57251,10
13.02694988,80.23304749,57251,57261,10
13.0267601,80.233078,57261,57271,10
13.02645016,80.23303223,57271,57281,10
13.02624989,80.23252106,57281,57291,10
13.02616978,80.23206329,57291,57301,10
13.02612972,80.23184967,57301,57311,10
13.02600002,80.23139954,57311,57321,10
13.02579021,80.23072052,57321,57331,10
13.02530003,80.22994232,57331,57342,11
13.02468967,80.22915649,57342,57352,10
13.02439976,80.2287674,57352,57362,10
13.02396011,80.22828674,57362,57392,30
13.02396011,80.22828674,57392,57402,10
13.02388954,80.22821808,57402,57412,10
13.02373981,80.22801971,57412,57422,10
13.02346039,80.22773743,57422,57432,10
13.02303028,80.22727966,57432,57442,10
13.02248955,80.22678375,57442,57453,11
13.02194977,80.22628784,57453,57463,10
13.02130032,80.22577667,57463,57473,10
13.02075958,80.22540283,57473,57483,10
13.02029991,80.22509766,57483,57493,10
13.01982975,80.22476959,57493,57503,10
13.01920986,80.2244873,57503,57513,10
13.01842022,80.22463989,57513,57523,10
13.01751041,80.22499847,57523,57533,10
13.0167799,80.22531128,57533,57543,10
13.01648045,80.22544098,57543,57553,10
13.01615047,80.22557068,57553,57563,10
13.0156002,80.22575378,57563,57574,11
13.01488972,80.22605133,57574,57584,10
13.01441956,80.22624969,57584,57594,10
13.01439953,80.22625732,57594,57610,16
13.01391029,80.22644806,57610,57622,12
13.01294994,80.2268219,57622,57632,10
13.01214027,80.22712708,57632,57642,10
13.01086998,80.22763062,57642,57652,10
13.00949955,80.22820282,57652,57662,10
13.00899982,80.22915649,57662,57672,10
13.00872993,80.23046875,57672,57683,11
13.00841999,80.23204803,57683,57693,10
13.00817013,80.23370361,57693,57713,20
13.00817013,80.23370361,57713,57722,9
13.00813007,80.23381042,57722,57733,11
13.00802994,80.23428345,57733,57743,10
13.00784969,80.2351532,57743,57752,9
13.00763988,80.23612213,57752,57762,10
13.00739956,80.2374115,57762,57773,11
13.00720024,80.23851776,57773,57784,11
13.00695038,80.23966217,57784,57794,10
13.00685024,80.24046326,57794,57804,10
13.00683975,80.24056244,57804,57814,10
13.0067997,80.2407608,57814,57824,10
13.00669956,80.24141693,57824,57834,10
13.00669956,80.24240112,57834,57844,10
13.00666046,80.2432785,57844,57854,10
13.00669003,80.24404907,57854,57864,10
13.00669956,80.24469757,57864,57874,10
13.00671005,80.2456131,57874,57884,10
13.00673962,80.24629211,57884,57895,11
13.00673962,80.24685669,57895,57905,10
13.00673008,80.24700928,57905,57915,10
13.00673008,80.24741364,57915,57925,10
13.00671959,80.24806213,57925,57935,10
13.00675964,80.24886322,57935,57945,10
13.00685978,80.24938202,57945,57975,30
13.00685978,80.24938202,57975,57985,10
13.00687981,80.24970245,57985,57995,10
13.00687027,80.25028229,57995,58006,11
13.00687027,80.2511673,58006,58046,40
13.00687027,80.2511673,58046,58056,10
13.0067997,80.25145721,58056,58066,10
13.00669003,80.25192261,58066,58076,10
13.00654984,80.25263977,58076,58086,10
13.0065403,80.25348663,58086,58096,10
13.00656033,80.25437927,58096,58106,10
13.00660038,80.25505829,58106,58137,31
13.00660038,80.25505829,58137,58147,10
13.00660038,80.25540924,58147,58157,10
13.00658035,80.25610352,58157,58167,10
13.00666046,80.25714111,58167,58258,91
13.00666046,80.25714111,58258,58268,10
13.00677967,80.25723267,58268,58278,10
13.00646019,80.2575531,58278,58288,10
13.00582981,80.25743866,58288,58298,10
13.00518036,80.25726318,58298,58308,10
13.00440025,80.25711823,58308,58318,10
13.00374031,80.2569809,58318,58328,10
13.00333977,80.25689697,58328,58339,11
13.00308037,80.2568512,58339,58349,10
13.0024004,80.25672913,58349,58399,50
13.0024004,80.25672913,58399,58409,10
13.00232029,80.25669861,58409,58419,10
13.00197983,80.25665283,58419,58429,10
13.0014801,80.2565918,58429,58439,10
13.00088978,80.25650024,58439,58450,11
13.00016022,80.25640106,58450,58470,20
13.00016022,80.25640106,58470,58480,10
12.99997044,80.2563324,58480,58490,10
12.99944973,80.25623322,58490,58500,10
12.9988203,80.25610352,58500,58510,10
12.99837017,80.25604248,58510,58540,30
12.99837017,80.25604248,58540,58550,10
12.99783993,80.25601196,58550,58560,10
12.99765968,80.2559967,58560,58571,11
12.99742031,80.25596619,58571,58581,10
12.9971199,80.25595856,58581,58591,10
12.99693012,80.25615692,58591,58601,10
12.99687958,80.25649261,58601,58611,10
12.99683952,80.25673676,58611,58621,10
12.99683952,80.25679016,58621,58631,10
12.99682045,80.25688934,58631,58641,10
12.99676991,80.2574234,58641,58651,10
12.99668026,80.25826263,58651,58661,10
12.99658966,80.25908661,58661,58672,11
12.99658012,80.25964355,58672,58682,10
12.99654961,80.25997162,58682,58692,10
12.99650002,80.26052856,58692,58702,10
12.99643993,80.26106262,58702,58712,10
12.99637985,80.26161957,58712,58722,10
12.99629021,80.26241302,58722,58742,20
12.99629021,80.26241302,58742,58752,10
12.99617958,80.26277924,58752,58762,10
12.99615002,80.26334381,58762,58772,10
12.9960804,80.26407623,58772,58783,11
12.99596977,80.2649765,58783,58793,10
12.99594021,80.26525879,58793,58803,10
12.99592018,80.26554108,58803,58813,10
12.99584961,80.26615906,58813,58823,10
12.9957304,80.26760101,58823,58843,20
12.9957304,80.26760101,58843,58853,10
12.99625969,80.26773834,58853,58894,41
12.99625969,80.26773834,58894,58904,10
12.99666023,80.26773834,58904,58914,10
12.99734974,80.26759338,58914,58924,10
12.99810982,80.26737213,58924,58934,10
12.99895954,80.26712036,58934,58944,10
13.00006008,80.26664734,58944,58964,20
13.00006008,80.26664734,58964,58974,10
13.0001297,80.26651764,58974,58984,10
13.00018024,80.26609802,58984,58994,10
13.00026035,80.26570892,58994,59005,11
13.00037003,80.26583862,59005,59015,10
13.0002203,80.26644135,59015,59490,475
13.0002203,80.26644135,59490,59500,10
13.00032043,80.26670837,59500,59510,10
13.00028992,80.26682281,59510,59520,10
13.0001297,80.26692963,59520,59530,10
12.99979019,80.26699829,59530,59540,10
12.99932957,80.26711273,59540,59550,10
12.99878025,80.26725006,59550,59561,11
12.99824047,80.26740265,59561,59571,10
12.99763966,80.26757813,59571,59581,10
12.99715996,80.26770782,59581,59591,10
12.99658966,80.26779938,59591,59601,10
12.99612999,80.2677536,59601,59611,10
12.99584007,80.2677536,59611,59621,10
12.99561977,80.26763153,59621,59631,10
12.99565029,80.26725006,59631,59651,20
12.99565029,80.26725006,59651,59661,10
12.99565983,80.26717377,59661,59672,11
12.99571991,80.26676178,59672,59682,10
12.99578953,80.26608276,59682,59692,10
12.99588013,80.26526642,59692,59702,10
12.99598026,80.26448059,59702,59712,10
12.99608994,80.2636795,59712,59722,10
12.99613953,80.2629776,59722,59732,10
12.99619007,80.26255035,59732,59752,20
12.99619007,80.26255035,59752,59762,10
12.99619961,80.2624588,59762,59772,10
12.99623966,80.26207733,59772,59783,11
12.99633026,80.26141357,59783,59793,10
12.99641991,80.26062775,59793,59803,10
12.99647999,80.26009369,59803,59813,10
12.99652958,80.25958252,59813,59823,10
12.9965601,80.2591095,59823,59833,10
12.99662018,80.25847626,59833,59843,10
12.99670029,80.25772095,59843,59853,10
12.99676991,80.2569809,59853,59863,10
12.99680996,80.25621796,59863,60015,152
12.99680996,80.25621796,60015,60025,10
12.99691963,80.25598145,60025,60035,10
12.99713039,80.25583649,60035,60045,10
12.99771976,80.25592041,60045,60055,10
12.99874973,80.2559967,60055,60075,20
12.99874973,80.2559967,60075,60085,10
12.99888039,80.256073,60085,60095,10
12.99915028,80.2561264,60095,60105,10
12.99969959,80.25624847,60105,60116,11
13.00030041,80.25634766,60116,60126,10
13.00065994,80.25641632,60126,60136,10
13.00088978,80.25644684,60136,60146,10
13.00109959,80.25650024,60146,60156,10
13.00127029,80.25653839,60156,60172,16
13.00160027,80.25660706,60172,60184,12
13.00168037,80.25662994,60184,60192,8
13.00175953,80.25662994,60192,60204,12
13.00230026,80.25670624,60204,60214,10
13.0031004,80.2568512,60214,60224,10
13.00393963,80.25701904,60224,60235,11
13.00510979,80.25717926,60235,60255,20
13.00510979,80.25717926,60255,60264,9
13.00533962,80.25717163,60264,60275,11
13.00568962,80.25731659,60275,60286,11
13.00629044,80.25743866,60286,60296,10
13.00650024,80.25739288,60296,60306,10
13.00648975,80.25691986,60306,60316,10
13.00648022,80.25601196,60316,60326,10
13.00650024,80.25514984,60326,60337,11
13.00648022,80.25440216,60337,60346,9
13.00646019,80.25408936,60346,60357,11
13.00646973,80.25379944,60357,60367,10
13.00648022,80.25344086,60367,60377,10
13.00648022,80.25328827,60377,60387,10
13.00646019,80.25322723,60387,60397,10
13.00646019,80.25298309,60397,60407,10
13.00646973,80.25273132,60407,60478,71
13.00646973,80.25273132,60478,60488,10
13.0065403,80.25231934,60488,60498,10
13.00662994,80.25171661,60498,60508,10
13.00671005,80.25083923,60508,60518,10
13.00669956,80.24997711,60518,60528,10
13.00669003,80.24928284,60528,60538,10
13.00664043,80.24855804,60538,60548,10
13.00658035,80.24777222,60548,60559,11
13.00660992,80.24703979,60559,60569,10
13.0065403,80.24652863,60569,60589,20
13.0065403,80.24652863,60589,60599,10
13.00658989,80.24643707,60599,60609,10
13.00662041,80.24598694,60609,60619,10
13.00660038,80.24520111,60619,60629,10
13.00658989,80.24429321,60629,60639,10
13.00658035,80.24363708,60639,60649,10
13.00656033,80.24321747,60649,60659,10
13.0065403,80.24263763,60659,60670,11
13.0065403,80.24172211,60670,60680,10
13.00660038,80.24092865,60680,60690,10
13.00662994,80.24073792,60690,60700,10
13.00664997,80.2405777,60700,60710,10
13.00677013,80.24012756,60710,60720,10
13.00689983,80.2394104,60720,60730,10
13.00708008,80.23854828,60730,60740,10
13.0072403,80.23777771,60740,60750,10
13.00734997,80.23719788,60750,60760,10
13.00736046,80.23718262,60760,60770,10
13.00737953,80.23703003,60770,60791,21
13.00737953,80.23703003,60791,60801,10
13.00737953,80.23680115,60801,60821,20
13.00737953,80.23680115,60821,60831,10
13.00741959,80.23664856,60831,60841,10
13.00753975,80.23628998,60841,60851,10
13.00765991,80.23568726,60851,60861,10
13.00784016,80.23487091,60861,60871,10
13.00802994,80.23394012,60871,60880,9
13.00823975,80.23293304,60880,60892,12
13.00856018,80.23130798,60892,60902,10
13.00883961,80.2298584,60902,60912,10
13.00911999,80.22844696,60912,60922,10
13.00949001,80.2274704,60922,60932,10
13.0099802,80.22640228,60932,60942,10
13.01045036,80.22554016,60942,60952,10
13.01054001,80.22535706,60952,60962,10
13.01064014,80.22511292,60962,60972,10
13.01086044,80.22457886,60972,60982,10
13.01111984,80.22392273,60982,60992,10
13.01128006,80.2234726,60992,61023,31
13.01128006,80.2234726,61023,61033,10
13.01134968,80.22325134,61033,61043,10
13.01152992,80.22281647,61043,61053,10
13.01179028,80.22209167,61053,61063,10
13.01208973,80.22145844,61063,61073,10
13.01235008,80.22147369,61073,61083,10
13.01261997,80.22181702,61083,61093,10
13.01309013,80.22242737,61093,61103,10
13.01366043,80.2230835,61103,61114,11
13.01410007,80.22344971,61114,61124,10
13.01439953,80.22380066,61124,61134,10
13.01469994,80.22412872,61134,61144,10
13.01508045,80.22457886,61144,61154,10
13.01543999,80.22492218,61154,61174,20
13.01543999,80.22492218,61174,61184,10
13.01554966,80.22499084,61184,61194,10
13.01566982,80.22512054,61194,61204,10
13.01581955,80.22524261,61204,61214,10
13.01622963,80.22532654,61214,61225,11
13.01694965,80.22512817,61225,61235,10
13.01762009,80.22486115,61235,61245,10
13.01823044,80.224617,61245,61255,10
13.01881981,80.22438049,61255,61265,10
13.01930046,80.22429657,61265,61295,30
13.01930046,80.22429657,61295,61305,10
13.01963997,80.22451019,61305,61325,20
13.01963997,80.22451019,61325,61336,11
13.01978016,80.22460175,61336,61346,10
13.02019978,80.22490692,61346,61356,10
13.02077007,80.22532654,61356,61366,10
13.02141953,80.22583008,61366,61376,10
13.02210045,80.22635651,61376,61386,10
13.0227499,80.22689819,61386,61396,10
13.02313995,80.22724915,61396,61436,40
13.02313995,80.22724915,61436,61447,11
13.02344036,80.22750854,61447,61457,10
13.02363014,80.22769165,61457,61467,10
13.0237999,80.22782135,61467,61477,10
13.02396011,80.22796631,61477,61517,40
13.02396011,80.22796631,61517,61527,10
13.0241003,80.22808075,61527,61537,10
13.02427959,80.22830963,61537,61547,10
13.02453041,80.22868347,61547,61558,11
13.02490044,80.22924805,61558,61568,10
13.02534008,80.22975922,61568,61578,10
13.02542019,80.22988129,61578,61588,10
13.02546024,80.22992706,61588,61598,10
13.02569008,80.23030853,61598,61608,10
13.02595997,80.2309494,61608,61618,10
13.02620983,80.23135376,61618,61628,10
13.02672005,80.23123169,61628,61638,10
13.02748013,80.23104095,61638,61648,10
13.02851963,80.23090363,61648,61679,31
13.02851963,80.23090363,61679,61689,10
13.02861023,80.23091888,61689,61699,10
13.02917957,80.23085022,61699,61719,20
13.02917957,80.23085022,61719,61729,10
13.02929974,80.23082733,61729,61739,10
13.0296402,80.23078918,61739,61749,10
13.03017998,80.23075104,61749,61759,10
13.03038025,80.23074341,61759,61769,10
13.03057003,80.23072815,61769,61780,11
13.03065014,80.23069763,61780,61790,10
13.03063965,80.23040771,61790,61800,10
13.03059959,80.23023224,61800,61810,10
13.03046036,80.2297821,61810,61820,10
13.03026962,80.2292099,61820,61830,10
13.03034019,80.22831726,61830,61850,20
13.03034019,80.22831726,61850,61860,10
13.03036022,80.22808838,61860,61870,10
13.03040028,80.22772217,61870,61880,10
13.03009987,80.22746277,61880,61891,11
13.02929974,80.22733307,61891,61901,10
13.02863026,80.22722626,61901,61911,10
13.02857018,80.22720337,61911,61921,10
13.02820015,80.22711945,61921,61931,10
13.02785969,80.22695923,61931,61941,10
13.02789974,80.22657013,61941,61951,10
13.0280304,80.22602081,61951,61961,10
13.02822018,80.22512817,61961,61971,10
13.02840996,80.22418976,61971,61981,10
13.02869987,80.22402191,61981,61991,10
13.02871037,80.22402191,61991,62008,17
13.02908993,80.22425842,62008,62020,12
13.02982998,80.22428131,62020,62030,10
13.0304203,80.22429657,62030,62040,10
13.03110027,80.22412872,62040,62049,9
13.03114986,80.22318268,62049,62070,21
13.03114986,80.22318268,62070,62080,10
13.03120041,80.22299194,62080,62090,10
13.03135014,80.22261047,62090,62100,10
13.03159046,80.22216034,62100,62111,11
13.03190994,80.22147369,62111,62121,10
13.03211021,80.22064209,62121,62131,10
13.0321703,80.2197113,62131,62161,30
13.0321703,80.2197113,62161,62171,10
13.03219032,80.21959686,62171,62181,10
13.03219986,80.21927643,62181,62191,10
13.0321703,80.21871185,62191,62201,10
13.03170013,80.21842957,62201,62211,10
13.03143978,80.21785736,62211,62222,11
13.03137016,80.21717072,62222,62232,10
13.03122044,80.21700287,62232,62242,10
13.03081036,80.21700287,62242,62252,10
13.03040981,80.21669769,62252,62272,20
13.03040981,80.21669769,62272,62282,10
13.03038025,80.21647644,62282,62292,10
13.03036022,80.21611786,62292,62302,10
13.03034019,80.21578217,62302,62312,10
13.0303297,80.21521759,62312,62322,10
13.03034973,80.21457672,62322,62343,21
13.03034973,80.21457672,62343,62353,10
13.03040028,80.21433258,62353,62363,10
13.03044987,80.21388245,62363,62373,10
13.03048038,80.21359253,62373,62383,10
13.03052044,80.21331024,62383,62393,10
13.03061962,80.21266174,62393,62403,10
13.03071976,80.21208191,62403,62413,10
13.03077984,80.2116394,62413,62423,10
13.03083038,80.2113266,62423,62433,10
13.03083992,80.21099854,62433,62444,11
13.03098011,80.21018982,62444,62464,20
13.03098011,80.21018982,62464,62474,10
13.03073978,80.2100296,62474,62484,10
13.03030014,80.2098999,62484,62494,10
13.03005981,80.20944977,62494,62544,50
13.03005981,80.20944977,62544,62555,11
13.03011036,80.20922852,62555,62565,10
13.0302496,80.20908356,62565,62575,10
13.03075027,80.20916748,62575,62585,10
13.03168964,80.20939636,62585,62605,20
13.03168964,80.20939636,62605,62615,10
13.03180027,80.2093811,62615,62625,10
13.03223038,80.20951843,62625,62635,10
13.03300953,80.20963287,62635,62645,10
13.03394032,80.20982361,62645,62655,10
13.03485966,80.20996094,62655,62666,11
13.03518009,80.20954132,62666,62676,10
13.03524017,80.20884705,62676,62696,20
13.03524017,80.20884705,62696,62706,10
13.03524971,80.20874023,62706,62716,10
13.03530025,80.20832825,62716,62726,10
13.03534031,80.20797729,62726,62736,10
13.03544044,80.20729828,62736,62746,10
13.03557014,80.2064209,62746,62756,10
13.03555012,80.2060318,62756,62766,10
13.03549957,80.20545959,62766,62807,41
13.03549957,80.20545959,62807,62817,10
13.03575039,80.20516968,62817,62827,10
13.03582954,80.20469666,62827,62837,10
13.03594971,80.20397186,62837,62847,10
13.03606033,80.20316315,62847,62857,10
13.03619003,80.20224762,62857,62867,10
13.03627968,80.20149231,62867,62888,21
13.03627968,80.20149231,62888,62898,10
13.03633976,80.20115662,62898,62908,10
13.03639984,80.20069885,62908,62918,10
13.03652,80.19999695,62918,62928,10
13.03664017,80.19909668,62928,62938,10
13.03672981,80.19846344,62938,62948,10
13.0367403,80.19837952,62948,62960,12
13.03676987,80.19828033,62960,62970,10
13.03684044,80.19788361,62970,62980,10
13.03695011,80.19715118,62980,62990,10
13.03703976,80.19642639,62990,63001,11
13.03705978,80.19628143,63001,63011,10
13.03709984,80.19608307,63011,63021,10
13.03717041,80.19563293,63021,63031,10
13.03728962,80.19493866,63031,63041,10
13.03740978,80.19403076,63041,63051,10
13.03754044,80.19303894,63051,63061,10
13.03785992,80.19271851,63061,63071,10
13.03794956,80.19271851,63071,63081,10
13.03835964,80.19281006,63081,63091,10
13.03878975,80.19287872,63091,63102,11
13.03882027,80.19287872,63102,63112,10
13.03894043,80.19287872,63112,63122,10
13.03929043,80.19293976,63122,63132,10
13.0398798,80.19306946,63132,63142,10
13.0404501,80.19313812,63142,63152,10
13.04096031,80.19322968,63152,63162,10
13.04158974,80.19332886,63162,63172,10
13.04178047,80.19358063,63172,63182,10
13.04176044,80.1939621,63182,63192,10
13.04176998,80.19403076,63192,63202,10
13.04172039,80.19442749,63202,63212,10
13.04164028,80.19506836,63212,63223,11
13.04154968,80.19568634,63223,63233,10
13.0414896,80.1962738,63233,63243,10
13.04141998,80.19667816,63243,63253,10
13.04141045,80.19683838,63253,63263,10
13.04137993,80.19706726,63263,63273,10
13.04129028,80.19763947,63273,63283,10
13.04117012,80.19843292,63283,63293,10
13.04108047,80.19909668,63293,63303,10
13.04106045,80.19936371,63303,63313,10
13.04104042,80.19949341,63313,63323,10
13.04096031,80.19998932,63323,63334,11
13.04082012,80.2008667,63334,63344,10
13.04069042,80.20178223,63344,63354,10
13.04061985,80.2021637,63354,63364,10
13.04055023,80.20265961,63364,63374,10
13.04043007,80.20343781,63374,63384,10
13.04028988,80.20433807,63384,63394,10
13.04024029,80.20475006,63394,63404,10
13.04022026,80.20500946,63404,63413,9
13.04037952,80.20507813,63413,63423,10
13.04086971,80.20514679,63423,63434,11
13.04123974,80.2052002,63434,63445,11
13.04127979,80.20522308,63445,63455,10
13.04166031,80.20526123,63455,63465,10
13.04232025,80.2053833,63465,63475,10
13.04265022,80.20549774,63475,63485,10
13.04286957,80.20587921,63485,63495,10
13.04331017,80.20649719,63495,63505,10
13.04382038,80.2071991,63505,63515,10
13.04413986,80.20805359,63515,63531,16
13.04419041,80.20902252,63531,63543,12
13.04419041,80.2090683,63543,63552,9
13.04419994,80.20944214,63552,63564,12
13.04423046,80.21035004,63564,63574,10
13.04426003,80.21128082,63574,63584,10
13.04432011,80.21215057,63584,63594,10
13.0447197,80.21225739,63594,63604,10
13.04547024,80.21221924,63604,63614,10
13.04634953,80.21221924,63614,63624,10
13.04703045,80.2121582,63624,63644,20
13.04703045,80.2121582,63644,63654,10
13.04706001,80.21189117,63654,63675,21
13.04706001,80.21189117,63675,63685,10
13.04703999,80.21169281,63685,63695,10
13.04701042,80.21127319,63695,63705,10
13.04701042,80.21082306,63705,63715,10
13.04747963,80.21077728,63715,63725,10
13.04806995,80.21080017,63725,63735,10
13.04864025,80.21082306,63735,63745,10
13.0490799,80.21083832,63745,63755,10
13.0492897,80.21085358,63755,63765,10
13.04959965,80.21082306,63765,63776,11
13.04959011,80.21031189,63776,63786,10
13.04950047,80.20964813,63786,63796,10
13.04944038,80.20919037,63796,63806,10
13.04938984,80.20887756,63806,63816,10
13.04926014,80.20831299,63816,63826,10
13.04889965,80.20729828,63826,63874,48
13.04889965,80.20729828,63874,63886,12
13.04889011,80.20713806,63886,63896,10
13.04883957,80.20697784,63896,63906,10
13.04903984,80.20687103,63906,63916,10
13.04913998,80.20684814,63916,63926,10
13.04932022,80.20690155,63926,63936,10
13.04934978,80.20723724,63936,64501,565
13.04934978,80.20723724,64501,64511,10
13.04922009,80.20738983,64511,64541,30
13.04922009,80.20738983,64541,64552,11
13.04911041,80.20771027,64552,64562,10
13.04924011,80.20805359,64562,64572,10
13.0493803,80.20850372,64572,64582,10
13.04946995,80.20892334,64582,64592,10
13.04948997,80.20909119,64592,64602,10
13.04950047,80.20918274,64602,64612,10
13.04957962,80.20953369,64612,64622,10
13.04961967,80.20983887,64622,64632,10
13.04967976,80.21029663,64632,64642,10
13.0497303,80.21077728,64642,64652,10
13.04979992,80.21116638,64652,64663,11
13.04988003,80.21185303,64663,64713,50
13.04988003,80.21185303,64713,64723,10
13.04985046,80.21198273,64723,64733,10
13.04988003,80.21217346,64733,64743,10
13.04959011,80.21224976,64743,64794,51
13.04959011,80.21224976,64794,64804,10
13.04934025,80.21221924,64804,64814,10
13.04905033,80.21222687,64814,64824,10
13.04850006,80.21225739,64824,64834,10
13.0478096,80.21231842,64834,64844,10
13.04701042,80.21237946,64844,64860,16
13.04570007,80.2124176,64860,64872,12
13.0455904,80.21244049,64872,64883,11
13.04541016,80.21246338,64883,64893,10
13.04487038,80.21247101,64893,64903,10
13.04434013,80.21247864,64903,64963,60
13.04434013,80.21247864,64963,64973,10
13.04419041,80.21225739,64973,64983,10
13.04417038,80.2117691,64983,64994,11
13.04413986,80.21121979,64994,65064,70
13.04413986,80.21121979,65064,65074,10
13.04415989,80.21070862,65074,65084,10
13.04413986,80.21028137,65084,65094,10
13.04413033,80.20980072,65094,65105,11
13.04411983,80.20948029,65105,65125,20
13.04411983,80.20948029,65125,65135,10
13.04407978,80.20892334,65135,65155,20
13.04407978,80.20892334,65155,65165,10
13.04405975,80.20861053,65165,65175,10
13.04405022,80.20807648,65175,65185,10
13.04380989,80.20735931,65185,65195,10
13.04335976,80.20671082,65195,65205,10
13.04294968,80.20612335,65205,65216,11
13.0425396,80.20565033,65216,65226,10
13.04203987,80.20540619,65226,65236,10
13.04143047,80.20529175,65236,65246,10
13.04082012,80.2052002,65246,65266,20
13.04082012,80.2052002,65266,65276,10
13.04071045,80.2052002,65276,65286,10
13.0403204,80.20513153,65286,65296,10
13.03981972,80.20503998,65296,65306,10
13.03915977,80.20491791,65306,65316,10
13.03845978,80.20484161,65316,65327,11
13.03812027,80.20468903,65327,65337,10
13.03820038,80.20429993,65337,65347,10
13.03827,80.20362091,65347,65357,10
13.03833961,80.20295715,65357,65367,10
13.0383997,80.20263672,65367,65377,10
13.03845978,80.20211792,65377,65387,10
13.0384798,80.20195007,65387,65397,10
13.03851032,80.20176697,65397,65407,10
13.03859997,80.20149994,65407,65417,10
13.03866005,80.20102692,65417,65428,11
13.03872967,80.20053864,65428,65438,10
13.03878975,80.19999695,65438,65448,10
13.03888988,80.19937897,65448,65458,10
13.03888988,80.19931793,65458,65468,10
13.03894043,80.19885254,65468,65478,10
13.03903961,80.19809723,65478,65488,10
13.03921032,80.19696808,65488,65538,50
13.03921032,80.19696808,65538,65549,11
13.03936005,80.19622803,65549,65559,10
13.03944969,80.19554901,65559,65569,10
13.03956032,80.19490051,65569,65579,10
13.0396204,80.19429779,65579,65595,16
13.0397501,80.19329834,65595,65627,32
13.0397501,80.19329834,65627,65637,10
13.03948021,80.19304657,65637,65647,10
13.03868961,80.19287872,65647,65668,21
13.03868961,80.19287872,65668,65677,9
13.03859997,80.19293213,65677,65688,11
13.03824043,80.19287109,65688,65698,10
13.03794956,80.19290924,65698,65708,10
13.03767967,80.19303894,65708,65718,10
13.03759003,80.19367981,65718,65728,10
13.03746986,80.19451141,65728,65738,10
13.0373497,80.19535828,65738,65748,10
13.03728008,80.19599915,65748,65759,11
13.03728008,80.19603729,65759,65769,10
13.03724957,80.1962738,65769,65779,10
13.03715992,80.19671631,65779,65789,10
13.03705025,80.1974411,65789,65799,10
13.03695965,80.19817352,65799,65809,10
13.03689957,80.19866943,65809,65819,10
13.03689957,80.19867706,65819,65829,10
13.03686047,80.19877625,65829,65839,10
13.03678989,80.1991806,65839,65849,10
13.03668976,80.19985199,65849,65859,10
13.03658009,80.20068359,65859,65869,10
13.03647995,80.20133972,65869,65880,11
13.03641987,80.20181274,65880,65906,26
13.03641987,80.20181274,65906,65918,12
13.03637981,80.20207977,65918,65928,10
13.0363102,80.20249176,65928,65938,10
13.03617001,80.20342255,65938,65947,9
13.03608036,80.20404816,65947,65958,11
13.03600025,80.20467377,65958,65968,10
13.03592014,80.2052536,65968,65978,10
13.03584957,80.20575714,65978,65989,11
13.03582954,80.20583344,65989,65999,10
13.03577042,80.20600891,65999,66009,10
13.03569984,80.20651245,66009,66019,10
13.03559971,80.20732117,66019,66029,10
13.03549957,80.20813751,66029,66039,10
13.03544044,80.20850372,66039,66059,20
13.03544044,80.20850372,66059,66069,10
13.03536034,80.2089386,66069,66079,10
13.0352602,80.20957947,66079,66090,11
13.03516006,80.21027374,66090,66100,10
13.03501034,80.21070099,66100,66110,10
13.03489971,80.21122742,66110,66120,10
13.03479958,80.21186066,66120,66129,9
13.03466988,80.21219635,66129,66140,11
13.03431034,80.21217346,66140,66150,10
13.03382015,80.21212006,66150,66160,10
13.0333004,80.21208191,66160,66170,10
13.03258991,80.21201324,66170,66201,31
13.03258991,80.21201324,66201,66211,10
13.03248978,80.21199036,66211,66221,10
13.03215981,80.21193695,66221,66231,10
13.03188038,80.21172333,66231,66241,10
13.03195953,80.21115112,66241,66251,10
13.03205013,80.21050262,66251,66261,10
13.03211021,80.20986938,66261,66271,10
13.03180027,80.20970154,66271,66281,10
13.03125,80.20953369,66281,66291,10
13.03063965,80.20934296,66291,66301,10
13.03022003,80.20924377,66301,66312,11
13.03015041,80.20931244,66312,66322,10
13.03009033,80.20957184,66322,66341,19
13.03009033,80.20957184,66341,66352,11
13.03001976,80.20977783,66352,66362,10
13.03020954,80.20992279,66362,66372,10
13.0306797,80.21003723,66372,66382,10
13.03094006,80.21013641,66382,66392,10
13.03098965,80.21031189,66392,66402,10
13.03094959,80.21064758,66402,66412,10
13.03089046,80.21114349,66412,66423,11
13.03087997,80.21141815,66423,66433,10
13.03083038,80.21177673,66433,66443,10
13.03075981,80.21212769,66443,66453,10
13.03067017,80.21266174,66453,66463,10
13.03057003,80.21330261,66463,66473,10
13.03052044,80.21372986,66473,66483,10
13.03048992,80.21398163,66483,66493,10
13.03044033,80.21427155,66493,66502,9
13.03036976,80.21479797,66502,66523,21
13.03036976,80.21479797,66523,66534,11
13.03036022,80.21486664,66534,66544,10
13.03036022,80.21521759,66544,66554,10
13.03036976,80.2156601,66554,66564,10
13.03040028,80.21617126,66564,66574,10
13.03042984,80.21669769,66574,66584,10
13.03061962,80.21694946,66584,66594,10
13.03069019,80.21695709,66594,66604,10
13.03077984,80.21698761,66604,66614,10
13.03104019,80.21700287,66614,66624,10
13.03141975,80.21701813,66624,66634,10
13.03151989,80.21730804,66634,66645,11
13.03155994,80.21798706,66645,66655,10
13.03184986,80.21843719,66655,66665,10
13.03223991,80.21855164,66665,66675,10
13.0322504,80.21898651,66675,66685,10
13.03225994,80.2195282,66685,66695,10
13.0322504,80.22001648,66695,66705,10
13.03225994,80.2203598,66705,66725,20
13.03225994,80.2203598,66725,66735,10
13.03225994,80.22048187,66735,66745,10
13.03217983,80.22080231,66745,66756,11
13.03205013,80.22136688,66756,66766,10
13.03188038,80.22180176,66766,66776,10
13.03174973,80.22202301,66776,66786,10
13.03160954,80.22231293,66786,66796,10
13.03131962,80.22281647,66796,66806,10
13.03122044,80.22332001,66806,66816,10
13.03118038,80.22396851,66816,66846,30
13.03118038,80.22396851,66846,66856,10
13.03118038,80.22431183,66856,66867,11
13.03094006,80.22438812,66867,66877,10
13.03044033,80.22438049,66877,66887,10
13.03015041,80.2243576,66887,66897,10
13.02970028,80.22434235,66897,66907,10
13.02908039,80.22434235,66907,66927,20
13.02908039,80.22434235,66927,66937,10
13.02896023,80.22428131,66937,66947,10
13.02880001,80.22418976,66947,66957,10
13.02851009,80.22419739,66957,66967,10
13.02838039,80.22473907,66967,66977,10
13.02822018,80.22560883,66977,66988,11
13.02805996,80.22637939,66988,66998,10
13.02797031,80.22692108,66998,67008,10
13.02801991,80.22708893,67008,67018,10
13.02855968,80.227211,67018,67038,20
13.02855968,80.227211,67038,67048,10
13.02888012,80.22727966,67048,67058,10
13.02945995,80.22737885,67058,67068,10
13.03013992,80.22750092,67068,67078,10
13.0304203,80.22775269,67078,67089,11
13.03034019,80.22850037,67089,67119,30
13.03034019,80.22850037,67119,67129,10
13.03036976,80.22875977,67129,67139,10
13.03034019,80.22910309,67139,67149,10
13.03044987,80.22966003,67149,67159,10
13.03065014,80.23027039,67159,67169,10
13.03073978,80.23062134,67169,67331,162
13.03073978,80.23062134,67331,67341,10
13.03065968,80.23091125,67341,67351,10
13.03036022,80.23091888,67351,67361,10
13.02982998,80.23094177,67361,67391,30
13.02982998,80.23094177,67391,67401,10
13.02960014,80.23095703,67401,67412,11
13.02912998,80.23097992,67412,67422,10
13.02844048,80.23104095,67422,67432,10
13.02779961,80.23111725,67432,67442,10
13.02764034,80.23132324,67442,67452,10
13.02770042,80.2318573,67452,67462,10
13.02779961,80.23239136,67462,67472,10
13.02785015,80.2328186,67472,67480,8
13.02754021,80.23291779,67480,67583,103
13.02754021,80.23291779,67583,67593,10
13.02725983,80.23307037,67593,67603,10
13.02700043,80.233078,67603,67613,10
13.02682018,80.23312378,67613,67623,10
13.02647972,80.233078,67623,67634,11
13.02624035,80.23248291,67634,67644,10
13.02612019,80.23194885,67644,67654,10
13.02598,80.23150635,67654,67664,10
13.02583027,80.23095703,67664,67674,10
13.02554035,80.23039246,67674,67684,10
13.02527046,80.2300415,67684,67694,10
13.02513981,80.22982788,67694,67704,10
13.02495003,80.22958374,67704,67714,10
13.02474976,80.22934723,67714,67724,10
13.02453041,80.22905731,67724,67734,10
13.02398014,80.22841644,67734,67765,31
13.02398014,80.22841644,67765,67781,16
13.02369976,80.22805786,67781,67793,12
13.02334023,80.22769928,67793,67803,10
13.02311993,80.22744751,67803,67813,10
13.02258015,80.22695923,67813,67823,10
13.02198029,80.2264328,67823,67833,10
13.02132988,80.22592163,67833,67843,10
13.02062035,80.22538757,67843,67853,10
13.02025986,80.22518158,67853,67864,11
13.02001953,80.22501373,67864,67874,10
13.01955032,80.22470093,67874,67884,10
13.01873016,80.224617,67884,67894,10
13.01788044,80.22496033,67894,67904,10
13.01710033,80.22530365,67904,67914,10
13.01675987,80.22545624,67914,67924,10
13.01651955,80.22554779,67924,67934,10
13.01626968,80.22563171,67934,67952,18
13.01531982,80.22596741,67952,67964,12
13.01500034,80.22609711,67964,67975,11
13.01428032,80.22637939,67975,68005,30
13.01428032,80.22637939,68005,68015,10
13.01395035,80.22651672,68015,68025,10
13.01331997,80.22673798,68025,68035,10
13.01247025,80.2270813,68035,68045,10
13.01158047,80.22743988,68045,68055,10
13.01056004,80.22783661,68055,68065,10
13.00967979,80.22817993,68065,68088,23
13.00899029,80.22950745,68088,68101,13
13.00881004,80.2304306,68101,68111,10
13.00870037,80.23100281,68111,68121,10
13.00850964,80.231987,68121,68131,10
13.00835991,80.23278809,68131,68141,10
13.0082798,80.23348236,68141,68150,9
13.00825024,80.23362732,68150,68161,11
13.00819016,80.23381042,68161,68171,10
13.00807953,80.23428345,68171,68181,10
13.00792027,80.23503113,68181,68192,11
13.00772953,80.23600769,68192,68202,10
13.00755978,80.23693848,68202,68212,10
13.00743961,80.23754883,68212,68222,10
13.00737953,80.23789215,68222,68232,10
13.0073204,80.23825073,68232,68242,10
13.0072403,80.2386322,68242,68252,10
13.00708961,80.2394104,68252,68303,51
13.00708961,80.2394104,68303,68313,10
13.00702953,80.23976898,68313,68323,10
13.00693989,80.24037933,68323,68333,10
13.00687981,80.2408905,68333,68343,10
13.00687027,80.2408905,68343,68353,10
13.00681019,80.24124146,68353,68363,10
13.00675964,80.24198914,68363,68373,10
13.00675011,80.24269867,68373,68383,10
13.00673008,80.24305725,68383,68403,20
13.00673008,80.24305725,68403,68414,11
13.00671959,80.24333191,68414,68474,60
13.00671959,80.24333191,68474,68484,10
13.00669956,80.24388885,68484,68494,10
13.00671005,80.2442627,68494,68504,10
13.00671959,80.24465942,68504,68515,11
13.00671959,80.24519348,68515,68525,10
13.00673962,80.2455368,68525,68535,10
13.00675011,80.24613953,68535,68545,10
13.00677013,80.2467804,68545,68555,10
13.00675964,80.24742889,68555,68565,10
13.00675011,80.24803925,68565,68575,10
13.00677967,80.24886322,68575,68585,10
13.00687981,80.24951172,68585,68595,10
13.0068903,80.24964905,68595,68605,10
13.00689983,80.24970245,68605,68615,10
13.00687981,80.25003815,68615,68625,10
13.00687027,80.25060272,68625,68636,11
13.00687027,80.25125885,68636,68696,60
13.00687027,80.25125885,68696,68706,10
13.00681019,80.25158691,68706,68716,10
13.00667,80.25218201,68716,68726,10
13.00656033,80.25302124,68726,68736,10
13.00656986,80.25396729,68736,68747,11
13.00662994,80.25508118,68747,68777,30
13.00662994,80.25508118,68777,68787,10
13.00662041,80.25518036,68787,68797,10
13.00662041,80.25557709,68797,68807,10
13.00662994,80.2562027,68807,68817,10
13.00664043,80.25695038,68817,68856,39
13.00664043,80.25695038,68856,68866,10
13.00667953,80.2571106,68866,68876,10
13.00669003,80.25752258,68876,68886,10
13.00627995,80.25765228,68886,68896,10
13.00586033,80.25753784,68896,68906,10
13.00551033,80.25746155,68906,68916,10
13.00489044,80.25730896,68916,68926,10
13.00424004,80.25714111,68926,68935,9
13.00349998,80.25701904,68935,68946,11
13.00290012,80.25689697,68946,68987,41
13.00290012,80.25689697,68987,68997,10
13.00267982,80.25685883,68997,69007,10
13.00236988,80.25679779,69007,69017,10
13.00201988,80.25673676,69017,69027,10
13.00185966,80.2567215,69027,69044,17
13.00168991,80.25669861,69044,69107,63
13.00168991,80.25669861,69107,69117,10
13.00142002,80.25668335,69117,69127,10
13.00090981,80.25660706,69127,69137,10
13.0001297,80.25649261,69137,69157,20
13.0001297,80.25649261,69157,69167,10
12.99999046,80.2564621,69167,69178,11
12.9995203,80.25636292,69178,69188,10
12.99855042,80.25617218,69188,69248,60
12.99855042,80.25617218,69248,69258,10
12.99829006,80.25617981,69258,69268,10
12.99792004,80.25611115,69268,69278,10
12.9975996,80.256073,69278,69289,11
12.99722004,80.25605011,69289,69299,10
12.9968996,80.25624847,69299,69309,10
12.99683952,80.25705719,69309,69329,20
12.99683952,80.25705719,69329,69339,10
12.99685001,80.2572403,69339,69349,10
12.99680996,80.2576828,69349,69359,10
12.99672031,80.25837708,69359,69369,10
12.99664021,80.25904083,69369,69379,10
12.99658966,80.25949097,69379,69389,10
12.99654007,80.25980377,69389,69400,11
12.99650002,80.26010132,69400,69410,10
12.99645996,80.26055908,69410,69420,10
12.99639034,80.26117706,69420,69430,10
12.99633026,80.26177979,69430,69440,10
12.99629021,80.26219177,69440,69450,10
12.99623966,80.26246643,69450,69460,10
12.9962101,80.26257324,69460,69470,10
12.99615002,80.26296234,69470,69480,10
12.99612999,80.26339722,69480,69490,10
12.99606991,80.26403046,69490,69500,10
12.99600983,80.26457214,69500,69511,11
12.99592972,80.26522064,69511,69521,10
12.99586964,80.26587677,69521,69531,10
12.99580956,80.26635742,69531,69541,10
12.99575996,80.26703644,69541,69662,121
12.99575996,80.26703644,69662,69672,10
12.99571037,80.26756287,69672,69682,10
12.99580956,80.2677536,69682,69692,10
12.99615955,80.26779938,69692,69733,41
12.99615955,80.26779938,69733,69743,10
12.9965601,80.26786041,69743,69753,10
12.99693012,80.26779175,69753,69763,10
12.99740982,80.26763916,69763,69773,10
12.99790001,80.26750183,69773,69783,10
12.99841976,80.26734924,69783,69793,10
12.99878025,80.26725006,69793,69803,10
12.99934959,80.26708221,69803,69813,10
12.99997044,80.26680756,69813,69823,10
13.00006008,80.26661682,69823,69833,10
13.00004959,80.26657867,69833,69844,11
13.00008965,80.26631165,69844,69854,10
13.00016022,80.26592255,69854,69864,10
13.00018024,80.26582336,69864,69874,10
13.00032997,80.26589966,69874,69884,10
13.00020027,80.26648712,69884,70207,323
13.00020027,80.26648712,70207,70217,10
13.00030041,80.26672363,70217,70227,10
13.00020027,80.266922,70227,70237,10
12.99983025,80.26702118,70237,70247,10
12.99917984,80.26717377,70247,70257,10
12.9982996,80.26744843,70257,70277,20
12.9982996,80.26744843,70277,70288,11
12.99800014,80.26753235,70288,70298,10
12.99767971,80.26761627,70298,70308,10
12.99719048,80.26772308,70308,70318,10
12.99662971,80.2678833,70318,70449,131
12.99662971,80.2678833,70449,70459,10
12.99629974,80.26789093,70459,70469,10
12.99610043,80.26786041,70469,70479,10
12.99584007,80.26783752,70479,70489,10
12.99575996,80.26782227,70489,70500,11
12.99561977,80.26750183,70500,70530,30
12.99561977,80.26750183,70530,70540,10
12.99561977,80.26719666,70540,70550,10
12.99565983,80.26690674,70550,70560,10
12.99567986,80.26660156,70560,70570,10
12.9957304,80.26634216,70570,70580,10
12.99575996,80.26612091,70580,70590,10
12.99580002,80.26570129,70590,70600,10
12.9958601,80.26515961,70600,70611,11
12.99596977,80.26447296,70611,70621,10
12.99604034,80.26381683,70621,70631,10
12.9960804,80.26334381,70631,70641,10
12.99612045,80.26287079,70641,70661,20
12.99612045,80.26287079,70661,70671,10
12.99615002,80.26251984,70671,70681,10
12.99617958,80.26207733,70681,70701,20
12.99617958,80.26207733,70701,70711,10
12.99625015,80.26177216,70711,70722,11
12.99629974,80.26126099,70722,70732,10
12.99637985,80.26062012,70732,70742,10
12.99645042,80.26004791,70742,70752,10
12.99647999,80.25952148,70752,70762,10
12.99650002,80.25914764,70762,70772,10
12.99656963,80.25878143,70772,70782,10
12.99660015,80.25817871,70782,70792,10
12.9966898,80.25756836,70792,70802,10
12.9967804,80.25668335,70802,70954,152
12.9967804,80.25668335,70954,70964,10
12.9967804,80.25652313,70964,70974,10
12.99680042,80.2562027,70974,70984,10
12.99701977,80.25592804,70984,70994,10
12.99750996,80.25595856,70994,71004,10
12.99800014,80.25601196,71004,71014,10
12.99876976,80.25610352,71014,71075,61
12.99876976,80.25610352,71075,71085,10
12.99903965,80.25615692,71085,71095,10
12.99944973,80.25621796,71095,71105,10
12.99985981,80.25630951,71105,71115,10
13.00037003,80.25643921,71115,71125,10
13.00096035,80.25652313,71125,71135,10
13.00137997,80.25659943,71135,71145,10
13.00205994,80.25669098,71145,71186,41
13.00205994,80.25669098,71186,71196,10
13.00255013,80.25679016,71196,71206,10
13.00284004,80.2568512,71206,71216,10
13.00327969,80.25694275,71216,71226,10
13.00387955,80.25705719,71226,71236,10
13.00459003,80.25717926,71236,71246,10
13.00526047,80.25726318,71246,71256,10
13.00588036,80.2574234,71256,71277,21
13.00588036,80.2574234,71277,71287,10
13.00613976,80.25746155,71287,71297,10
13.00648022,80.25743866,71297,71307,10
13.00648022,80.25695801,71307,71317,10
13.00644016,80.25623322,71317,71327,10
13.00646019,80.25533295,71327,71337,10
13.00646019,80.25457001,71337,71347,10
13.00644016,80.25404358,71347,71357,10
13.00646019,80.25343323,71357,71488,131
13.00646019,80.25343323,71488,71499,11
13.00642014,80.25296021,71499,71509,10
13.00646019,80.25257874,71509,71519,10
13.00658035,80.25196075,71519,71529,10
13.00671005,80.25112152,71529,71539,10
13.00667953,80.25032806,71539,71549,10
13.00667953,80.24963379,71549,71559,10
13.00664997,80.24915314,71559,71569,10
13.00664043,80.24899292,71569,71579,10
13.00662994,80.24887848,71579,71589,10
13.00662041,80.24874115,71589,71599,10
13.00660992,80.24852753,71599,71610,11
13.00660038,80.24819183,71610,71620,10
13.00660992,80.24778748,71620,71630,10
13.00660038,80.24707794,71630,71640,10
13.00652981,80.24664307,71640,71666,26
13.00652981,80.24664307,71666,71678,12
13.00656033,80.24636841,71678,71686,8
13.00656033,80.24607849,71686,71698,12
13.0065403,80.24555969,71698,71708,10
13.0065403,80.24521637,71708,71719,11
13.00652981,80.24494934,71719,71729,10
13.00654984,80.24469757,71729,71741,12
13.00656986,80.24443817,71741,71751,10
13.00654984,80.24416351,71751,71761,10
13.00656986,80.24384308,71761,71771,10
13.0065403,80.24343872,71771,71781,10
13.00650978,80.24291229,71781,71791,10
13.00652027,80.24220276,71791,71801,10
13.0065403,80.24141693,71801,71811,10
13.00656033,80.24098206,71811,71821,10
13.00662041,80.24066925,71821,71832,11
13.00666046,80.24040222,71832,71842,10
13.00677967,80.23989868,71842,71852,10
13.0068903,80.2392807,71852,71862,10
13.00706005,80.23842621,71862,71872,10
13.0072403,80.23764801,71872,71882,10
13.00736046,80.23680878,71882,71912,30
13.00736046,80.23680878,71912,71922,10
13.00741959,80.23667908,71922,71933,11
13.00751019,80.23634338,71933,71943,10
13.00763988,80.23576355,71943,71953,10
13.0078001,80.23497772,71953,71963,10
13.00796986,80.23412323,71963,71973,10
13.00813007,80.2333374,71973,71983,10
13.00839043,80.23197937,71983,71993,10
13.00862026,80.23074341,71993,72003,10
13.00887012,80.22952271,72003,72013,10
13.00907993,80.22850037,72013,72023,10
13.00959969,80.22718811,72023,72032,9
13.01002979,80.22625732,72032,72044,12
13.01049042,80.22535706,72044,72054,10
13.01078033,80.22470093,72054,72064,10
13.01107025,80.22399139,72064,72074,10
13.01132011,80.22331238,72074,72084,10
13.0116396,80.22264099,72084,72094,10
13.01187992,80.2218399,72094,72104,10
13.01222992,80.22149658,72104,72114,10
13.01235008,80.22162628,72114,72124,10
13.01272011,80.22212982,72124,72134,10
13.01321983,80.22271729,72134,72144,10
13.01377964,80.22331238,72144,72155,11
13.01412964,80.22358704,72155,72165,10
13.01445961,80.22396088,72165,72175,10
13.01474953,80.22431946,72175,72185,10
13.01508045,80.22471619,72185,72195,10
13.01527023,80.22496033,72195,72205,10
13.01548958,80.22509003,72205,72225,20
13.01548958,80.22509003,72225,72235,10
13.0156002,80.2252121,72235,72245,10
13.01581955,80.22535706,72245,72255,10
13.01634026,80.22540283,72255,72266,11
13.01714039,80.22512054,72266,72276,10
13.01795959,80.22479248,72276,72286,10
13.01924992,80.2243576,72286,72316,30
13.01924992,80.2243576,72316,72326,10
13.01943016,80.22444153,72326,72336,10
13.01966,80.2245636,72336,72346,10
13.01972008,80.22458649,72346,72356,10
13.01980972,80.22464752,72356,72366,10
13.02013969,80.22492218,72366,72377,11
13.02075958,80.22538757,72377,72387,10
13.02140045,80.22589111,72387,72397,10
13.02210045,80.22641754,72397,72407,10
13.02282047,80.22705841,72407,72417,10
13.02355003,80.22772217,72417,72427,10
13.02423954,80.22846985,72427,72437,10
13.02474976,80.22917175,72437,72447,10
13.02513981,80.22966766,72447,72457,10
13.02552032,80.2301712,72457,72467,10
13.02585983,80.23079681,72467,72477,10
13.02595997,80.23126221,72477,72488,11
13.02630043,80.2313385,72488,72498,10
13.02692986,80.23119354,72498,72508,10
13.02762032,80.23104095,72508,72518,10
13.02842045,80.2309494,72518,72538,20
13.02842045,80.2309494,72538,72548,10
13.02861023,80.23092651,72548,72558,10
13.02888966,80.23090363,72558,72568,10
13.02898026,80.23088074,72568,72578,10
13.02923965,80.23085022,72578,72588,10
13.02970982,80.23081207,72588,72629,41
13.02989006,80.23079681,72629,72689,60
13.02989006,80.23079681,72689,72699,10
13.03030014,80.23074341,72699,72710,11
13.03057957,80.23072052,72710,72720,10
13.03063011,80.23068237,72720,72728,8
13.03061962,80.23049927,72728,72740,12
13.03044987,80.22992706,72740,72750,10
13.03022957,80.22926331,72750,72760,10
13.03030014,80.22846222,72760,72780,20
13.03030014,80.22846222,72780,72790,10
13.03030014,80.22834015,72790,72800,10
13.03032017,80.22808838,72800,72810,10
13.03034019,80.22775269,72810,72821,11
13.03003979,80.22754669,72821,72831,10
13.02935982,80.22743988,72831,72840,9
13.02865028,80.22733307,72840,72851,11
13.02818012,80.22724152,72851,72861,10
13.02787971,80.22709656,72861,72871,10
13.02789974,80.22664642,72871,72881,10
13.02803993,80.22599792,72881,72891,10
13.02820015,80.22518158,72891,72901,10
13.0283699,80.22434235,72901,72911,10
13.02840042,80.22415924,72911,72921,10
13.02865982,80.22409058,72921,72972,51
13.02865982,80.22409058,72972,72982,10
13.02877045,80.22408295,72982,72992,10
13.02894974,80.22424316,72992,73002,10
13.02927971,80.22434235,73002,73012,10
13.02989006,80.22431946,73012,73022,10
13.03036022,80.22434998,73022,73033,11
13.03085041,80.22434235,73033,73043,10
13.03104019,80.22408295,73043,73053,10
13.03110027,80.22328186,73053,73073,20
13.03110027,80.22328186,73073,73083,10
13.03118038,80.2230072,73083,73093,10
13.03135967,80.22260284,73093,73103,10
13.03153992,80.22219849,73103,73113,10
13.03178978,80.22168732,73113,73123,10
13.03190041,80.22135925,73123,73133,10
13.03205967,80.22075653,73133,73144,11
13.03211975,80.21977234,73144,73164,20
13.03211975,80.21977234,73164,73174,10
13.03213024,80.21954346,73174,73184,10
13.03213978,80.21910095,73184,73194,10
13.03201962,80.21855927,73194,73204,10
13.03149986,80.21845245,73204,73214,10
13.03139973,80.21779633,73214,73224,10
13.03133011,80.2171936,73224,73234,10
13.03118992,80.21705627,73234,73244,10
13.03085995,80.21704865,73244,73255,11
13.03040028,80.21691895,73255,73265,10
13.03038025,80.21672058,73265,73275,10
13.03038025,80.21661377,73275,73285,10
13.03036022,80.21630096,73285,73295,10
13.0303297,80.21579742,73295,73305,10
13.03030968,80.21568298,73305,73315,10
13.03028965,80.21559143,73315,73325,10
13.03028011,80.21520233,73325,73335,10
13.03030014,80.21469116,73335,73345,10
13.03030014,80.21465302,73345,73355,10
13.03038025,80.21443176,73355,73366,11
13.0304203,80.21401978,73366,73376,10
13.03044987,80.21369934,73376,73386,10
13.03050041,80.21341705,73386,73396,10
13.03050995,80.21324921,73396,73406,10
13.03054047,80.21302795,73406,73416,10
13.03059959,80.21250153,73416,73426,10
13.0306797,80.21193695,73426,73436,10
13.03073025,80.2116394,73436,73446,10
13.03077984,80.21128082,73446,73456,10
13.03083992,80.21089935,73456,73466,10
13.03092003,80.21044159,73466,73477,11
13.03090954,80.21013641,73477,73487,10
13.03071976,80.21008301,73487,73497,10
13.03065968,80.21006012,73497,73507,10
13.03044987,80.20999908,73507,73517,10
13.0300703,80.20990753,73517,73527,10
13.02995014,80.20967865,73527,73537,10
13.03005981,80.2093277,73537,73577,40
13.03005981,80.2093277,73577,73588,11
13.03009033,80.20919037,73588,73598,10
13.03036022,80.2091217,73598,73608,10
13.03087997,80.20925903,73608,73618,10
13.03155994,80.20942688,73618,73638,20
13.03155994,80.20942688,73638,73648,10
13.03182983,80.20944977,73648,73658,10
13.03252029,80.20961761,73658,73668,10
13.03341961,80.20980835,73668,73678,10
13.03462029,80.21002197,73678,73688,10
13.03462029,80.21002197,73688,73699,11
13.03499031,80.20999908,73699,73709,10
13.03512001,80.20960236,73709,73719,10
13.03522015,80.20868683,73719,73739,20
13.03522015,80.20868683,73739,73750,11
13.03522015,80.20861053,73750,73761,11
13.03526974,80.2082901,73761,73770,9
13.03532028,80.20789337,73770,73781,11
13.03544044,80.20713806,73781,73790,9
13.03555012,80.20639801,73790,73800,10
13.03542995,80.20606232,73800,73812,12
13.03547001,80.20559692,73812,73822,10
13.03547955,80.20545959,73822,73832,10
13.03549957,80.20536041,73832,73842,10
13.03571987,80.20526886,73842,73852,10
13.03581047,80.20484924,73852,73862,10
13.03588963,80.20429993,73862,73872,10
13.03598022,80.20372009,73872,73882,10
13.03606033,80.20310211,73882,73892,10
13.03616047,80.20240021,73892,73902,10
13.03621006,80.20202637,73902,73912,10
13.03625011,80.20163727,73912,73923,11
13.03625011,80.20160675,73923,73932,9
13.03625965,80.20149231,73932,73943,11
13.03635025,80.20105743,73943,73953,10
13.03645039,80.20043182,73953,73963,10
13.0365696,80.19953918,73963,73973,10
13.03666973,80.19877625,73973,73983,10
13.03670025,80.19846344,73983,73993,10
13.03672981,80.19831848,73993,74003,10
13.03682041,80.19783783,74003,74013,10
13.03689003,80.1973114,74013,74024,11
13.0369997,80.19654083,74024,74034,10
13.03701973,80.19635773,74034,74044,10
13.0370903,80.19600677,74044,74054,10
13.03719997,80.1953125,74054,74064,10
13.03732967,80.19439697,74064,74074,10
13.03746033,80.19338226,74074,74084,10
13.03775024,80.19283295,74084,74114,30
13.03775024,80.19283295,74114,74124,10
13.03808022,80.19278717,74124,74135,11
13.03862953,80.19290161,74135,74145,10
13.03878021,80.19291687,74145,74155,10
13.03884983,80.19293976,74155,74165,10
13.03929996,80.19300079,74165,74175,10
13.03962994,80.19306183,74175,74185,10
13.03987026,80.19309998,74185,74195,10
13.04036045,80.19319916,74195,74205,10
13.0407896,80.19326019,74205,74214,9
13.04135036,80.19335938,74214,74225,11
13.04176044,80.1934967,74225,74234,9
13.04178047,80.19358826,74234,74246,12
13.04174042,80.19391632,74246,74256,10
13.04168034,80.19438171,74256,74266,10
13.0415802,80.1950531,74266,74276,10
13.04150009,80.19561005,74276,74286,10
13.04141998,80.19606018,74286,74296,10
13.04137039,80.1964798,74296,74306,10
13.04133987,80.19686127,74306,74316,10
13.04131985,80.19698334,74316,74326,10
13.04123974,80.1974411,74326,74336,10
13.0411396,80.19812775,74336,74346,10
13.04106998,80.19867706,74346,74357,11
13.04098988,80.19921112,74357,74367,10
13.04096985,80.19944,74367,74377,10
13.04090977,80.19966888,74377,74387,10
13.04082012,80.20037842,74387,74397,10
13.04071999,80.2010498,74397,74407,10
13.04063988,80.20159912,74407,74417,10
13.04057026,80.2021637,74417,74427,10
13.04047012,80.20275879,74427,74437,10
13.04034042,80.20358276,74437,74447,10
13.04024029,80.20429993,74447,74457,10
13.04014969,80.20487213,74457,74468,11
13.04018021,80.20510101,74468,74478,10
13.04043961,80.20513153,74478,74488,10
13.04074955,80.20516205,74488,74497,9
13.04104996,80.2052002,74497,74508,11
13.04121971,80.20523071,74508,74518,10
13.04146957,80.20526886,74518,74528,10
13.04189968,80.20532227,74528,74538,10
13.04251957,80.20549774,74538,74548,10
13.04294014,80.20610046,74548,74558,10
13.04349995,80.20684814,74558,74568,10
13.04393959,80.20760345,74568,74579,11
13.04409027,80.20841217,74579,74589,10
13.04413033,80.2088089,74589,74609,20
13.04413033,80.2088089,74609,74619,10
13.04413033,80.20896912,74619,74629,10
13.04413986,80.2091217,74629,74639,10
13.04413986,80.20937347,74639,74649,10
13.04415989,80.20980072,74649,74659,10
13.04415989,80.21021271,74659,74669,10
13.04419041,80.21080017,74669,74679,10
13.04421997,80.21137238,74679,74690,11
13.04424953,80.21192932,74690,74700,10
13.04426003,80.21208191,74700,74710,10
13.04440022,80.21235657,74710,74720,10
13.04502964,80.21231842,74720,74730,10
13.0459404,80.2122879,74730,74740,10
13.04699039,80.21219635,74740,74760,20
13.04699039,80.21219635,74760,74770,10
13.04699993,80.21186066,74770,74790,20
13.04699993,80.21186066,74790,74801,11
13.0469799,80.21151733,74801,74811,10
13.04693985,80.2109375,74811,74821,10
13.04730034,80.21083832,74821,74831,10
13.04780006,80.21082306,74831,74841,10
13.04843998,80.21083069,74841,74851,10
13.04907036,80.21085358,74851,74861,10
13.04957008,80.21082306,74861,74871,10
13.04955959,80.21042633,74871,74881,10
13.04948044,80.2098465,74881,74891,10
13.04934978,80.20926666,74891,74901,10
13.04926014,80.20864105,74901,74912,11
13.04905033,80.20800018,74912,74922,10
13.04874039,80.20716095,74922,74962,40
13.04874039,80.20697021,74962,74982,20
13.04874039,80.20697021,74982,74992,10
13.04907036,80.20687103,74992,75013,21
13.04907036,80.20687103,75013,75023,10
13.04920959,80.20723724,75023,76042,1019
13.04920959,80.20723724,76042,76052,10
13.04909039,80.20742035,76052,76072,20
13.04909039,80.20742035,76072,76082,10
13.04899979,80.20762634,76082,76092,10
13.04911995,80.20797729,76092,76102,10
13.04926014,80.20838165,76102,76112,10
13.04932022,80.20861053,76112,76123,11
13.04934025,80.20876312,76123,76133,10
13.04936028,80.2088623,76133,76143,10
13.0493803,80.208992,76143,76153,10
13.04942036,80.20918274,76153,76163,10
13.04948044,80.20935822,76163,76173,10
13.04950047,80.20960236,76173,76183,10
13.04955006,80.2098999,76183,76193,10
13.04961967,80.21044159,76193,76203,10
13.04969978,80.21115875,76203,76213,10
13.04979992,80.21188354,76213,76254,41
13.04979992,80.21188354,76254,76264,10
13.04981041,80.21192932,76264,76274,10
13.04983044,80.21212769,76274,76284,10
13.04983044,80.21221924,76284,76294,10
13.04977989,80.21230316,76294,76304,10
13.04955959,80.2122879,76304,76335,31
13.04955959,80.2122879,76335,76345,10
13.04932022,80.21221924,76345,76355,10
13.04887962,80.21224213,76355,76365,10
13.04813957,80.21231842,76365,76375,10
13.04718018,80.21240234,76375,76385,10
13.04599953,80.21243286,76385,76395,10
13.0447998,80.21247864,76395,76411,16
13.04411983,80.21228027,76411,76423,12
13.04413033,80.21128845,76423,76432,9
13.04409981,80.21044922,76432,76443,11
13.04405022,80.20944214,76443,76453,10
13.04401016,80.20890045,76453,76464,11
13.04399967,80.20887756,76464,76474,10
13.04399967,80.20864105,76474,76484,10
13.04397964,80.2081604,76484,76493,9
13.04397964,80.20812225,76493,76504,11
13.04395962,80.20791626,76504,76514,10
13.04364014,80.20720673,76514,76524,10
13.04319954,80.20661163,76524,76534,10
13.0427103,80.20591736,76534,76544,10
13.04193974,80.20540619,76544,76555,11
13.04108047,80.20526123,76555,76565,10
13.04073048,80.2052002,76565,76575,10
13.0406599,80.20517731,76575,76585,10
13.04026985,80.20513916,76585,76595,10
13.03985977,80.20507813,76595,76605,10
13.03921986,80.20500183,76605,76615,10
13.03855038,80.20490265,76615,76625,10
13.03806973,80.20475769,76625,76635,10
13.03808975,80.20439148,76635,76651,16
13.03824997,80.20334625,76651,76663,12
13.03835964,80.20262146,76663,76674,11
13.03843975,80.20213318,76674,76682,8
13.0384903,80.20163727,76682,76694,12
13.03859997,80.2010498,76694,76704,10
13.03866005,80.20059204,76704,76714,10
13.03874016,80.20005798,76714,76723,9
13.03880978,80.19957733,76723,76734,11
13.03884983,80.1992569,76734,76744,10
13.03888988,80.1989975,76744,76754,10
13.03896999,80.19843292,76754,76764,10
13.03905964,80.19790649,76764,76775,11
13.03919029,80.19695282,76775,76795,20
13.03919029,80.19695282,76795,76805,10
13.03921986,80.19658661,76805,76815,10
13.03931046,80.19608307,76815,76825,10
13.03942013,80.19534302,76825,76835,10
13.03950977,80.19465637,76835,76845,10
13.03960037,80.19402313,76845,76855,10
13.03971004,80.19328308,76855,76906,51
13.03971004,80.19328308,76906,76916,10
13.03938961,80.19304657,76916,76926,10
13.03861046,80.19296265,76926,76946,20
13.03861046,80.19296265,76946,76956,10
13.03820992,80.19290924,76956,76966,10
13.0377903,80.19291687,76966,76976,10
13.03754044,80.193367,76976,76986,10
13.03742981,80.1942215,76986,76997,11
13.03728008,80.19526672,76997,77007,10
13.03719044,80.19593811,77007,77017,10
13.03717041,80.19605255,77017,77027,10
13.03711987,80.19622803,77027,77037,10
13.03703976,80.1967926,77037,77047,10
13.03691959,80.19760132,77047,77057,10
13.03678036,80.1987381,77057,77077,20
13.03678036,80.1987381,77077,77087,10
13.03670025,80.19911957,77087,77097,10
13.03660965,80.19982147,77097,77108,11
13.03647995,80.20075989,77108,77118,10
13.03637981,80.20142365,77118,77128,10
13.03633022,80.20182037,77128,77138,10
13.03631973,80.20185089,77138,77148,10
13.03629017,80.20207977,77148,77158,10
13.03619957,80.20269012,77158,77168,10
13.03602028,80.20359039,77168,77178,10
13.03592968,80.20436096,77178,77188,10
13.03584957,80.2049408,77188,77198,10
13.0357399,80.2057724,77198,77208,10
13.03567982,80.20614624,77208,77219,11
13.03565025,80.20639801,77219,77229,10
13.03555012,80.20706177,77229,77239,10
13.03544998,80.20789337,77239,77249,10
13.03538036,80.20832825,77249,77259,10
13.03534985,80.20852661,77259,77269,10
13.03534985,80.20855713,77269,77279,10
13.03526974,80.208992,77279,77289,10
13.03516006,80.20974731,77289,77299,10
13.03511047,80.21018982,77299,77391,92
13.03507996,80.21038055,77391,77462,71
13.03507996,80.21038055,77462,77472,10
13.03501034,80.21045685,77472,77482,10
13.03489971,80.21086121,77482,77492,10
13.03479958,80.21159363,77492,77502,10
13.03477001,80.21192169,77502,77512,10
13.03470039,80.2121582,77512,77522,10
13.03444958,80.21218109,77522,77532,10
13.03384972,80.21211243,77532,77543,11
13.03304005,80.21201324,77543,77553,10
13.0324297,80.21192932,77553,77573,20
13.0324297,80.21192932,77573,77583,10
13.03230953,80.2118988,77583,77593,10
13.03192043,80.21179199,77593,77603,10
13.03194046,80.21131134,77603,77613,10
13.03201008,80.21050262,77613,77623,10
13.03205967,80.2098999,77623,77633,10
13.03184032,80.20966339,77633,77643,10
13.03125954,80.20954132,77643,77654,11
13.0307703,80.20941925,77654,77664,10
13.03059959,80.20937347,77664,77674,10
13.03026962,80.20926666,77674,77684,10
13.03003979,80.20954895,77684,77704,20
13.03003979,80.20954895,77704,77714,10
13.03001022,80.20980835,77714,77724,10
13.03038979,80.20992279,77724,77734,10
13.03085995,80.21005249,77734,77744,10
13.03094006,80.21025085,77744,77754,10
13.03090954,80.21066284,77754,77765,11
13.03085041,80.21114349,77765,77775,10
13.03079987,80.21153259,77775,77785,10
13.03077984,80.21166229,77785,77795,10
13.03069973,80.21199799,77795,77805,10
13.03059959,80.21276093,77805,77835,30
13.03059959,80.21276093,77835,77845,10
13.03057003,80.21295166,77845,77855,10
13.03050995,80.21331024,77855,77865,10
13.03050995,80.21356201,77865,77875,10
13.03046989,80.21379852,77875,77886,11
13.03040981,80.21421814,77886,77896,10
13.03038025,80.21439362,77896,77906,10
13.0303297,80.21475983,77906,77916,10
13.0303297,80.21482086,77916,77926,10
13.03034019,80.21514893,77926,77936,10
13.03034973,80.21575165,77936,77946,10
13.03036022,80.21646118,77946,77956,10
13.03044987,80.21691895,77956,77966,10
13.03061008,80.21692657,77966,77976,10
13.03079987,80.21695709,77976,77987,11
13.03122044,80.21695709,77987,77997,10
13.03143024,80.21721649,77997,78007,10
13.03149986,80.21798706,78007,78017,10
13.03195953,80.21843719,78017,78027,10
13.03219986,80.21888733,78027,78037,10
13.03217983,80.2195282,78037,78047,10
13.0321703,80.21999359,78047,78057,10
13.03215981,80.22019958,78057,78067,10
13.0321703,80.22032166,78067,78077,10
13.0321703,80.22039795,78077,78087,10
13.03209972,80.22093201,78087,78097,10
13.03194046,80.22158051,78097,78108,11
13.03166962,80.22205353,78108,78118,10
13.0314703,80.22251892,78118,78128,10
13.03118992,80.22322845,78128,78138,10
13.03112984,80.22392273,78138,78148,10
13.03112984,80.22400665,78148,78164,16
13.03096008,80.22441101,78164,78176,12
13.03059006,80.22437286,78176,78184,8
13.03013992,80.2243576,78184,78196,12
13.02954006,80.22437286,78196,78206,10
13.02931976,80.22437286,78206,78217,11
13.02902031,80.22427368,78217,78227,10
13.02896976,80.22422791,78227,78237,10
13.02875042,80.22412109,78237,78247,10
13.02845001,80.22428894,78247,78256,9
13.02828026,80.22511292,78256,78267,11
13.02801991,80.22618103,78267,78277,10
13.02789974,80.22689819,78277,78286,9
13.02797031,80.22708893,78286,78297,11
13.02840996,80.22717285,78297,78307,10
13.02857971,80.22718048,78307,78318,11
13.02910995,80.22724152,78318,78328,10
13.02989006,80.22737885,78328,78338,10
13.03038025,80.2276001,78338,78348,10
13.03034973,80.22792816,78348,78358,10
13.03032017,80.22836304,78358,78368,10
13.03026009,80.22901917,78368,78378,10
13.03050995,80.2299118,78378,78388,10
13.03065014,80.23042297,78388,78398,10
13.03067017,80.23071289,78398,78408,10
13.03065968,80.23072052,78408,78418,10
13.03057957,80.23082733,78418,78429,11
13.03022957,80.23084259,78429,78439,10
13.02976036,80.23091125,78439,78449,10
13.02972984,80.23090363,78449,78459,10
13.02958965,80.23090363,78459,78475,16
13.02861977,80.23097992,78475,78487,12
13.02772045,80.2310791,78487,78496,9
13.02760029,80.23126221,78496,78507,11
13.0276804,80.23188019,78507,78517,10
13.02783966,80.23259735,78517,78527,10
13.02758026,80.23291016,78527,78538,11
13.02694988,80.23303223,78538,78588,50
13.02694988,80.23303223,78588,78598,10
13.02682018,80.23309326,78598,78608,10
13.02651024,80.23309326,78608,78618,10
13.02622986,80.23261261,78618,78628,10
13.02604008,80.23184204,78628,78638,10
13.02589989,80.23114014,78638,78649,11
13.02542019,80.23016357,78649,78659,10
13.02464008,80.22917938,78659,78679,20
13.02464008,80.22917938,78679,78689,10
13.02451038,80.22901154,78689,78699,10
13.02414036,80.22852325,78699,78709,10
13.02390957,80.22825623,78709,78719,10
13.02381992,80.22812653,78719,78729,10
13.0234499,80.2277298,78729,78739,10
13.02303028,80.22733307,78739,78749,10
13.02258968,80.22689819,78749,78760,11
13.02229023,80.22660065,78760,78770,10
13.02165985,80.22608185,78770,78780,10
13.02097034,80.22554779,78780,78790,10
13.02062035,80.22530365,78790,78800,10
13.02025986,80.22505951,78800,78810,10
13.01965046,80.22464752,78810,78820,10
13.01887035,80.22450256,78820,78830,10
13.01809978,80.22480011,78830,78840,10
13.01731968,80.22512817,78840,78850,10
13.01671982,80.22538757,78850,78860,10
13.01648045,80.22548676,78860,78871,11
13.01624966,80.22557068,78871,78881,10
13.01570034,80.22576141,78881,78891,10
13.01506042,80.22599792,78891,78901,10
13.01436996,80.22624969,78901,78911,10
13.01393986,80.22647095,78911,78921,10
13.01383018,80.22650909,78921,78931,10
13.01331997,80.22670746,78931,78941,10
13.01247978,80.22702026,78941,78951,10
13.0114603,80.22741699,78951,78961,10
13.01033974,80.22786713,78961,78971,10
13.00936031,80.22828674,78971,78982,11
13.0089798,80.22928619,78982,78992,10
13.00876999,80.23052979,78992,79002,10
13.00852966,80.2317276,79002,79018,16
13.00821972,80.23358154,79018,79091,73
13.00821972,80.23358154,79091,79101,10
13.00811958,80.23394012,79101,79111,10
13.00798035,80.23462677,79111,79121,10
13.00778961,80.23561859,79121,79132,11
13.00755024,80.23679352,79132,79142,10
13.00730038,80.23809052,79142,79152,10
13.00710011,80.23921204,79152,79161,9
13.00693035,80.24009705,79161,79192,31
13.00693035,80.24009705,79192,79203,11
13.00693989,80.2403183,79203,79213,10
13.00681973,80.24098969,79213,79223,10
13.00675964,80.24201202,79223,79233,10
13.00669956,80.24313354,79233,79243,10
13.00669956,80.24414063,79243,79253,10
13.00671005,80.24516296,79253,79263,10
13.00669956,80.24593353,79263,79273,10
13.00673008,80.24658966,79273,79283,10
13.00671959,80.24694824,79283,79293,10
13.00671959,80.24745941,79293,79303,10
13.00671005,80.24832153,79303,79314,11
13.00675964,80.24945831,79314,79324,10
13.00679016,80.25047302,79324,79334,10
13.00683022,80.25140381,79334,79364,30
13.00683022,80.25140381,79364,79374,10
13.00677967,80.2516098,79374,79384,10
13.00662994,80.25219727,79384,79394,10
13.00654984,80.25296021,79394,79404,10
13.00654984,80.2537384,79404,79415,11
13.00658989,80.25450134,79415,79425,10
13.00662041,80.25521088,79425,79435,10
13.00662994,80.25595856,79435,79445,10
13.00662041,80.25669861,79445,79455,10
13.00662041,80.25713348,79455,79465,10
13.00662041,80.25715637,79465,79475,10
13.00667953,80.25734711,79475,79485,10
13.00642014,80.25759888,79485,79495,10
13.00588036,80.25746155,79495,79505,10
13.00522995,80.25731659,79505,79515,10
13.00454998,80.25717163,79515,79526,11
13.0039196,80.25704193,79526,79536,10
13.00323009,80.25691986,79536,79546,10
13.00255966,80.25679016,79546,79556,10
13.00177956,80.25666046,79556,79566,10
13.0010004,80.25656128,79566,79576,10
13.00012016,80.25641632,79576,79586,10
12.99971962,80.25634003,79586,79596,10
12.99967957,80.2563324,79596,79606,10
12.99962044,80.25631714,79606,79616,10
12.99958038,80.25631714,79616,79626,10
12.99923038,80.25621796,79626,79637,11
12.99862003,80.25611877,79637,79647,10
12.99800014,80.25604248,79647,79687,40
12.99800014,80.25604248,79687,79697,10
12.99773979,80.25604248,79697,79788,91
12.99773979,80.25604248,79788,79798,10
12.99779034,80.25643158,79798,79848,50
12.99779034,80.25643158,79848,79859,11
12.99781036,80.25657654,79859,79869,10
12.99798012,80.25675964,79869,79889,20
12.99798012,80.25675964,79889,79899,10
12.99818993,80.25673676,79899,81313,1414
12.99818993,80.25673676,81313,81323,10
12.99812031,80.25673676,81323,81333,10
12.99806976,80.25701904,81333,81343,10
12.99827957,80.25708008,81343,81353,10
12.9982996,80.25707245,81353,81363,10
12.99837971,80.2569809,81363,81373,10
12.99833965,80.25665283,81373,81383,10
12.99822044,80.25640869,81383,83079,1696
12.99820042,80.25641632,83079,83190,111
12.99822998,80.25618744,83190,85834,2644
12.99820042,80.25636292,85834,85986,152
