12.98680019,80.25939941,15,1695,1680
12.98680019,80.25933075,1695,2271,576
12.98682976,80.25933075,2271,9548,7277
12.98696995,80.25930786,9548,9750,202
12.98680019,80.25926208,9750,10903,1153
12.98696041,80.25926971,10903,10984,81
12.98696041,80.25926971,10984,10995,11
12.98680019,80.25930023,10995,14818,3823
12.98690033,80.25933838,14818,15223,405
12.98682022,80.25939941,15223,16700,1477
12.98682022,80.25939941,16700,16710,10
12.98690033,80.25939178,16710,16751,41
12.98678017,80.25930786,16751,17813,1062
12.98688984,80.25936127,17813,18126,313
12.98690033,80.25936127,18126,18946,820
12.98686028,80.25937653,18946,18966,20
12.98680019,80.25933075,18966,20069,1103
12.98680019,80.25933075,20069,20079,10
12.98676014,80.25933075,20079,20089,10
12.98670959,80.25921631,20089,20099,10
12.98670006,80.25914001,20099,20109,10
12.98670959,80.25907898,20109,20119,10
12.98682022,80.2589798,20119,20129,10
12.98684025,80.25878906,20129,20139,10
12.9868803,80.25855255,20139,20160,21
12.9868803,80.25855255,20160,20170,10
12.98711014,80.25853729,20170,20180,10
12.98731041,80.25856781,20180,20190,10
12.98740959,80.25829315,20190,20200,10
12.98742962,80.25791931,20200,20210,10
12.98744965,80.25759888,20210,20220,10
12.98746967,80.25710297,20220,20362,142
12.9875803,80.25704193,20362,20676,314
12.98760033,80.25691223,20676,20898,222
12.98750973,80.25704193,20898,21029,131
12.98750973,80.25704193,21029,21040,11
12.98756981,80.25682068,21040,21050,10
12.98758984,80.25646973,21050,21060,10
12.98766994,80.25576019,21060,21070,10
12.98777008,80.25479889,21070,21080,10
12.98787975,80.25359344,21080,21090,10
12.98797035,80.25229645,21090,21100,10
12.98771954,80.25160217,21100,21110,10
12.98733997,80.2516098,21110,21121,11
12.98659992,80.2517395,21121,21131,10
12.98561954,80.25198364,21131,21141,10
12.98445988,80.25229645,21141,21151,10
12.98316002,80.25260162,21151,21161,10
12.98169041,80.25267792,21161,21171,10
12.98023987,80.25272369,21171,21181,10
12.97891998,80.25263214,21181,21191,10
12.97780991,80.25193787,21191,21201,10
12.97651958,80.25121307,21201,21212,11
12.97482014,80.25073242,21212,21222,10
12.97327995,80.25032043,21222,21232,10
12.97169018,80.24987793,21232,21242,10
12.9701004,80.24938202,21242,21252,10
12.96858025,80.2487793,21252,21262,10
12.96724033,80.24822998,21262,21272,10
12.96595955,80.24764252,21272,21282,10
12.96539021,80.24742126,21282,21292,10
12.96527958,80.24736786,21292,21303,11
12.96516037,80.24732208,21303,21313,10
12.96504021,80.24727631,21313,21323,10
12.96469975,80.24714661,21323,21333,10
12.96418953,80.24697113,21333,21343,10
12.96358967,80.24674988,21343,21353,10
12.96271992,80.24633026,21353,21363,10
12.96166039,80.2457962,21363,21373,10
12.96043015,80.24521637,21373,21383,10
12.9591198,80.24461365,21383,21394,11
12.95792961,80.24411011,21394,21404,10
12.95716953,80.24385834,21404,21414,10
12.95648003,80.24365997,21414,21424,10
12.95639038,80.24363708,21424,21434,10
12.95602036,80.24347687,21434,21444,10
12.95532036,80.24313354,21444,21454,10
12.95438957,80.24272156,21454,21464,10
12.95330048,80.24224854,21464,21475,11
12.95193005,80.24172974,21475,21485,10
12.95065975,80.24128723,21485,21495,10
12.9495697,80.24095154,21495,21505,10
12.94857979,80.24059296,21505,21515,10
12.94752026,80.24014282,21515,21525,10
12.94649029,80.23973846,21525,21535,10
12.9456501,80.23937225,21535,21545,10
12.94480991,80.23872375,21545,21555,10
12.94404984,80.23789978,21555,21566,11
12.94330025,80.23709869,21566,21576,10
12.94242954,80.23651123,21576,21586,10
12.94130039,80.23619843,21586,21596,10
12.94029999,80.23593903,21596,21606,10
12.93939972,80.23558044,21606,21616,10
12.93869019,80.23522186,21616,21626,10
12.93754005,80.23464203,21626,21636,10
12.93626976,80.23403168,21636,21646,10
12.93507004,80.23348236,21646,21657,11
12.93369007,80.23284912,21657,21667,10
12.93237972,80.23232269,21667,21677,10
12.93097019,80.2318573,21677,21687,10
12.92959976,80.23149109,21687,21697,10
12.92815018,80.23121643,21697,21707,10
12.92665005,80.23104095,21707,21717,10
12.92520046,80.23085785,21717,21727,10
12.92395973,80.23071289,21727,21737,10
12.92232037,80.23047638,21737,21748,11
12.92057037,80.23021698,21748,21758,10
12.91903973,80.23002625,21758,21768,10
12.91748047,80.22982025,21768,21778,10
12.91592979,80.22960663,21778,21788,10
12.91450024,80.22940063,21788,21798,10
12.91333008,80.22930145,21798,21808,10
12.91322994,80.22928619,21808,21818,10
12.91281033,80.2292099,21818,21829,11
12.91191006,80.22907257,21829,21839,10
12.91082954,80.22891998,21839,21849,10
12.90958977,80.22870636,21849,21859,10
12.90822029,80.22849274,21859,21869,10
12.90695953,80.22830963,21869,21879,10
12.90583992,80.22821045,21879,21889,10
12.90452003,80.22814178,21889,21899,10
12.90308952,80.22805786,21899,21909,10
12.90174961,80.2279892,21909,21920,11
12.9010601,80.22795868,21920,21930,10
12.90079975,80.22792816,21930,21940,10
12.90013027,80.22789764,21940,21950,10
12.89923954,80.22788239,21950,21990,40
12.89923954,80.22788239,21990,22000,10
12.89916992,80.22789764,22000,22011,11
12.89875984,80.2278595,22011,22021,10
12.89803028,80.22779846,22021,22031,10
12.89702034,80.2277298,22031,22041,10
12.89585018,80.22767639,22041,22051,10
12.89451981,80.22763062,22051,22061,10
12.89309978,80.2274704,22061,22071,10
12.89159966,80.22734833,22071,22081,10
12.89002037,80.2273407,22081,22091,10
12.88842964,80.22733307,22091,22102,11
12.8870697,80.22715759,22102,22112,10
12.88582039,80.22686768,22112,22122,10
12.88457012,80.22669983,22122,22132,10
12.88319969,80.22670746,22132,22142,10
12.88169003,80.22672272,22142,22152,10
12.8801899,80.22673035,22152,22162,10
12.8786602,80.22679901,22162,22172,10
12.87722015,80.22691345,22172,22183,11
12.87598991,80.22698212,22183,22193,10
12.87481022,80.22688293,22193,22203,10
12.87355995,80.22673035,22203,22213,10
12.8726902,80.22673035,22213,22223,10
12.87252998,80.22672272,22223,22233,10
12.87193966,80.22670746,22233,22243,10
12.87102032,80.22666168,22243,22253,10
12.86989975,80.2265625,22253,22263,10
12.86861992,80.22640991,22263,22274,11
12.86709976,80.22647095,22274,22284,10
12.86596012,80.22657013,22284,22294,10
12.86470032,80.22657013,22294,22304,10
12.86334038,80.22651672,22304,22314,10
12.86184978,80.22657013,22314,22324,10
12.86026955,80.22650909,22324,22334,10
12.85894966,80.22633362,22334,22344,10
12.85787964,80.22624207,22344,22354,10
12.85667038,80.22631836,22354,22365,11
12.85517979,80.22647858,22365,22375,10
12.85369015,80.22663879,22375,22385,10
12.85206985,80.22666168,22385,22395,10
12.85044956,80.22659302,22395,22405,10
12.8488102,80.22657013,22405,22415,10
12.84722042,80.22659302,22415,22425,10
12.84591961,80.22660828,22425,22435,10
12.84541988,80.22663116,22435,22446,11
12.84515953,80.22664642,22446,22456,10
12.84444046,80.2266922,22456,22466,10
12.84344006,80.22680664,22466,22476,10
12.84224033,80.22704315,22476,22486,10
12.84088993,80.22737885,22486,22496,10
12.84002972,80.22763062,22496,22506,10
12.83957005,80.22775269,22506,22516,10
12.83893013,80.22792053,22516,22526,10
12.83794975,80.22815704,22526,22537,11
12.83666039,80.2283783,22537,22547,10
12.83530045,80.22856903,22547,22557,10
12.83382988,80.2288208,22557,22567,10
12.83271027,80.22902679,22567,22577,10
12.83242989,80.22910309,22577,22587,10
12.83199978,80.22917175,22587,22597,10
12.83121967,80.22936249,22597,22607,10
12.83016968,80.22973633,22607,22617,10
12.82896996,80.23023224,22617,22628,11
12.82758045,80.23100281,22628,22638,10
12.82610035,80.23137665,22638,22648,10
12.82454014,80.23135376,22648,22658,10
12.82299995,80.23091125,22658,22668,10
12.82141018,80.23049164,22668,22678,10
12.81986046,80.23047638,22678,22688,10
12.81844997,80.2303009,22688,22698,10
12.81709003,80.22968292,22698,22708,10
12.81550026,80.22936249,22708,22719,11
12.8136797,80.22901154,22719,22729,10
12.81210995,80.22846985,22729,22739,10
12.81052017,80.22788239,22739,22749,10
12.80912018,80.22718811,22749,22759,10
12.80786991,80.22618103,22759,22769,10
12.80692005,80.22535706,22769,22779,10
12.80615997,80.22467041,22779,22789,10
12.80543995,80.22412872,22789,22800,11
12.80480003,80.22395325,22800,22810,10
12.80399036,80.22386932,22810,22820,10
12.80303955,80.22379303,22820,22830,10
12.80193996,80.22364807,22830,22840,10
12.80066967,80.22354126,22840,22850,10
12.79926968,80.22341156,22850,22860,10
12.79771042,80.22322845,22860,22870,10
12.79611969,80.22293854,22870,22880,10
12.79452038,80.22267151,22880,22891,11
12.79271984,80.22239685,22891,22901,10
12.79115009,80.22203827,22901,22911,10
12.78981018,80.22171021,22911,22921,10
12.78897953,80.22141266,22921,22931,10
12.78804016,80.22104645,22931,22941,10
12.78726959,80.22077179,22941,22951,10
12.78668022,80.22054291,22951,22961,10
12.78658962,80.22051239,22961,22971,10
12.78641987,80.22042847,22971,22982,11
12.78616047,80.22049713,22982,22992,10
12.78616047,80.22103882,22992,23002,10
12.78623009,80.22177124,23002,23022,20
12.78623009,80.22177124,23022,23032,10
12.78619957,80.22203827,23032,23325,293
12.78619957,80.22203827,23325,23336,11
12.78639984,80.22194672,23336,23346,10
12.78635979,80.2218399,23346,23356,10
12.78627014,80.22145844,23356,23366,10
12.78623962,80.22096252,23366,23376,10
12.78647995,80.22042847,23376,23396,20
12.78647995,80.22042847,23396,23406,10
12.78670025,80.22052002,23406,23417,11
12.78732014,80.22077179,23417,23427,10
12.78814983,80.22106171,23427,23437,10
12.78915977,80.22144318,23437,23447,10
12.79014015,80.22177124,23447,23457,10
12.79121971,80.22203827,23457,23467,10
12.79248047,80.22235107,23467,23477,10
12.79393959,80.22257996,23477,23487,10
12.79543972,80.22281647,23487,23497,10
12.79640007,80.22296906,23497,23508,11
12.79662991,80.22299957,23508,23518,10
12.79703045,80.22309113,23518,23528,10
12.79776001,80.22324371,23528,23538,10
12.79864979,80.2233429,23538,23548,10
12.79969978,80.22344208,23548,23558,10
12.80091953,80.22354126,23558,23568,10
12.80222034,80.22367859,23568,23578,10
12.80327988,80.22382355,23578,23588,10
12.80434036,80.22389984,23588,23599,11
12.80558968,80.22413635,23599,23619,20
12.80558968,80.22413635,23619,23629,10
12.80576992,80.22428131,23629,23639,10
12.80628014,80.22470856,23639,23649,10
12.80700016,80.22537994,23649,23659,10
12.80790043,80.22614288,23659,23669,10
12.80891037,80.22698212,23669,23679,10
12.81015015,80.22769928,23679,23690,11
12.81173038,80.22833252,23690,23700,10
12.81328964,80.22888947,23700,23710,10
12.81490993,80.22927094,23710,23720,10
12.81649971,80.22952271,23720,23730,10
12.81807041,80.23005676,23730,23740,10
12.81939983,80.23049164,23740,23750,10
12.81980038,80.23046112,23750,23760,10
12.81999969,80.23045349,23760,23771,11
12.82075977,80.23043823,23771,23781,10
12.82176971,80.23052979,23781,23791,10
12.82293987,80.23085785,23791,23801,10
12.82425022,80.23120117,23801,23811,10
12.82569027,80.23137665,23811,23821,10
12.82721996,80.23119354,23821,23831,10
12.82861996,80.23042297,23831,23841,10
12.82991982,80.2298584,23841,23851,10
12.83145046,80.22927856,23851,23862,11
12.83310986,80.22891998,23862,23872,10
12.83471012,80.22863007,23872,23882,10
12.83627987,80.2283783,23882,23892,10
12.83778954,80.22814178,23892,23902,10
12.83891964,80.22788239,23902,23912,10
12.83936024,80.22776794,23912,23922,10
12.83950043,80.2277298,23922,23932,10
12.83957005,80.22769928,23932,23942,10
12.8398304,80.22762299,23942,23953,11
12.84055042,80.22743225,23953,23963,10
12.84142971,80.22718811,23963,23973,10
12.84247017,80.22693634,23973,23983,10
12.84360027,80.22673035,23983,23993,10
12.84471989,80.22660065,23993,24003,10
12.84545994,80.22653961,24003,24023,20
12.84545994,80.22653961,24023,24033,10
12.84554005,80.22653961,24033,24044,11
12.84607029,80.22654724,24044,24054,10
12.84689999,80.2265625,24054,24064,10
12.84797001,80.2265625,24064,24074,10
12.84916019,80.2265625,24074,24084,10
12.85044003,80.2265625,24084,24094,10
12.85184002,80.22663116,24094,24104,10
12.85334015,80.22666168,24104,24114,10
12.85494995,80.22650909,24114,24125,11
12.85678005,80.22631836,24125,24135,10
12.85832977,80.22621155,24135,24145,10
12.85980034,80.22641754,24145,24155,10
12.86093998,80.22650146,24155,24165,10
12.86106014,80.22651672,24165,24175,10
12.86151981,80.22653961,24175,24185,10
12.86229992,80.22650146,24185,24195,10
12.86330986,80.22647095,24195,24205,10
12.86450005,80.22651672,24205,24216,11
12.86600018,80.22653961,24216,24226,10
12.86752033,80.22641754,24226,24236,10
12.86900997,80.22640228,24236,24246,10
12.87057972,80.2265625,24246,24256,10
12.87197971,80.22663116,24256,24266,10
12.87314034,80.22664642,24266,24276,10
12.87440014,80.22675323,24276,24286,10
12.87574959,80.22689819,24286,24296,10
12.87662029,80.22688293,24296,24307,11
12.87666035,80.22688293,24307,24317,10
12.87675953,80.22686005,24317,24327,10
12.87714958,80.22685242,24327,24337,10
12.87788963,80.22679138,24337,24347,10
12.87884998,80.22673035,24347,24357,10
12.88000011,80.22669983,24357,24367,10
12.88127995,80.22667694,24367,24377,10
12.88265991,80.22666168,24377,24387,10
12.88405037,80.22664642,24387,24398,11
12.88508987,80.22664642,24398,24408,10
12.88518047,80.22666168,24408,24418,10
12.88554955,80.22672272,24418,24428,10
12.88624001,80.22689819,24428,24438,10
12.88716984,80.22712708,24438,24448,10
12.88827991,80.22730255,24448,24458,10
12.88953972,80.22733307,24458,24468,10
12.89093971,80.22733307,24468,24479,11
12.89208031,80.2273407,24479,24489,10
12.8924799,80.22737122,24489,24499,10
12.89315987,80.22743225,24499,24509,10
12.89408016,80.22753906,24509,24519,10
12.89513969,80.22760773,24519,24529,10
12.89634037,80.22766113,24529,24539,10
12.89764023,80.22772217,24539,24549,10
12.89894962,80.2277832,24549,24559,10
12.90007019,80.22782898,24559,24570,11
12.9007597,80.22786713,24570,24580,10
12.90102005,80.2279129,24580,24590,10
12.90133953,80.22792816,24590,24600,10
12.90157986,80.22795105,24600,24610,10
12.90203953,80.22798157,24610,24620,10
12.90273952,80.22798157,24620,24640,20
12.90273952,80.22798157,24640,24650,10
12.90295029,80.22798157,24650,24661,11
12.9035902,80.22802734,24661,24671,10
12.90443993,80.22808075,24671,24681,10
12.90550041,80.22814178,24681,24691,10
12.90635967,80.22817993,24691,24701,10
12.90668964,80.22820282,24701,24711,10
12.90676975,80.22821808,24711,24721,10
12.90717983,80.22828674,24721,24731,10
12.9078598,80.22839355,24731,24741,10
12.90894032,80.22859192,24741,24752,11
12.91028023,80.22879791,24752,24762,10
12.91162014,80.22899628,24762,24772,10
12.91304016,80.22915649,24772,24782,10
12.91388988,80.22924805,24782,24792,10
12.91409969,80.22927856,24792,24802,10
12.91442966,80.22930908,24802,24812,10
12.91499996,80.22940063,24812,24822,10
12.91584015,80.22953796,24822,24833,11
12.91695023,80.22972107,24833,24843,10
12.91810036,80.22987366,24843,24853,10
12.91940022,80.2300415,24853,24863,10
12.92080975,80.23021698,24863,24873,10
12.92230034,80.23042297,24873,24883,10
12.92381001,80.23065186,24883,24893,10
12.92518044,80.23081207,24893,24903,10
12.92652988,80.23097992,24903,24913,10
12.92798996,80.23113251,24913,24924,11
12.92955017,80.23139954,24924,24934,10
12.93029976,80.23155975,24934,24944,10
12.93048,80.2315979,24944,24954,10
12.93099022,80.23177338,24954,24964,10
12.93181038,80.23204041,24964,24974,10
12.9327898,80.23238373,24974,24984,10
12.93354034,80.23267365,24984,24994,10
12.93360043,80.23269653,24994,25004,10
12.93385029,80.23282623,25004,25015,11
12.9344902,80.23313904,25015,25025,10
12.93537045,80.23352051,25025,25035,10
12.93636036,80.23397827,25035,25045,10
12.93749046,80.23451996,25045,25055,10
12.93865967,80.23510742,25055,25065,10
12.93943977,80.23548126,25065,25075,10
12.93951988,80.23552704,25075,25085,10
12.93978024,80.23570251,25085,25095,10
12.94040012,80.23593903,25095,25106,11
12.94137955,80.23618317,25106,25116,10
12.94244003,80.23645782,25116,25126,10
12.94347954,80.23712158,25126,25136,10
12.9442997,80.23802948,25136,25146,10
12.94521999,80.23899841,25146,25156,10
12.94645023,80.23963928,25156,25166,10
12.94727039,80.23995972,25166,25176,10
12.94740009,80.24001312,25176,25187,11
12.94773006,80.24014282,25187,25197,10
12.94834042,80.24040985,25197,25207,10
12.94917965,80.2407608,25207,25217,10
12.95020962,80.24108124,25217,25227,10
12.95098972,80.24130249,25227,25237,10
12.95110035,80.24134064,25237,25247,10
12.95153046,80.24149323,25247,25257,10
12.95226002,80.24175262,25257,25267,10
12.95314026,80.24210358,25267,25277,10
12.95386028,80.24240112,25277,25288,11
12.95435047,80.2425766,25288,25298,10
12.95503044,80.24285126,25298,25308,10
12.95576954,80.24320221,25308,25318,10
12.95633984,80.24343109,25318,25328,10
12.95639992,80.24347687,25328,25338,10
12.95681953,80.24363708,25338,25348,10
12.95753956,80.24391174,25348,25358,10
12.95835972,80.24424744,25358,25369,11
12.95901966,80.24446869,25369,25379,10
12.95915031,80.24452972,25379,25389,10
12.95963955,80.24475861,25389,25399,10
12.96035004,80.24508667,25399,25409,10
12.96123028,80.24552155,25409,25419,10
12.96220016,80.24598694,25419,25429,10
12.96298027,80.24642181,25429,25439,10
12.96352005,80.24671173,25439,25449,10
12.96415997,80.2469635,25449,25460,11
12.96510983,80.24729156,25460,25470,10
12.96607971,80.24761963,25470,25480,10
12.96648026,80.24775696,25480,25490,10
12.96664047,80.24781799,25490,25500,10
12.96702003,80.24803162,25500,25510,10
12.96761036,80.24835968,25510,25520,10
12.96856022,80.24874115,25520,25530,10
12.96965981,80.2491684,25530,25541,11
12.97103024,80.24965668,25541,25551,10
12.97239017,80.25003815,25551,25561,10
12.97385979,80.25039673,25561,25571,10
12.9752903,80.25080872,25571,25581,10
12.97665977,80.25119781,25581,25591,10
12.9777298,80.25171661,25591,25601,10
12.97836971,80.25221252,25601,25611,10
12.97844028,80.2522583,25611,25621,10
12.97848034,80.25231934,25621,25632,11
12.97891998,80.25253296,25632,25642,10
12.97974014,80.25266266,25642,25662,20
12.97974014,80.25266266,25662,25672,10
12.97982025,80.25267029,25672,25682,10
12.98019028,80.25267792,25682,25692,10
12.98087978,80.25267029,25692,25702,10
12.98186016,80.25263977,25702,25712,10
12.98303986,80.25260162,25712,25723,11
12.98439026,80.25228882,25723,25733,10
12.98560047,80.25195313,25733,25743,10
12.98659039,80.25170135,25743,25753,10
12.98742962,80.25141907,25753,25773,20
12.98742962,80.25141907,25773,25783,10
12.98764992,80.25135803,25783,25793,10
12.98818016,80.25125122,25793,25803,10
12.98898029,80.25105286,25803,25814,11
12.98958015,80.25090027,25814,25824,10
12.98962021,80.2509079,25824,25834,10
12.99003029,80.25083923,25834,25844,10
12.99071026,80.25066376,25844,25854,10
12.99160004,80.25041962,25854,25864,10
12.9926796,80.25015259,25864,25874,10
12.99384975,80.24984741,25874,25884,10
12.99512005,80.24952698,25884,25894,10
12.99635983,80.2492218,25894,25905,11
12.99680042,80.24909973,25905,25915,10
12.99715996,80.24900055,25915,25925,10
12.99783993,80.24884796,25925,25935,10
12.99874973,80.24861908,25935,25945,10
12.99975967,80.24835968,25945,25955,10
13.00098038,80.24804688,25955,25965,10
13.00226974,80.24771881,25965,25975,10
13.00364971,80.2474823,25975,25986,11
13.00522995,80.24725342,25986,25996,10
13.00631046,80.24684906,25996,26006,10
13.00652027,80.24652863,26006,26016,10
13.00658035,80.24639893,26016,26026,10
13.00662994,80.24591827,26026,26036,10
13.00664997,80.24514771,26036,26046,10
13.00662994,80.24430847,26046,26056,10
13.00662041,80.24336243,26056,26066,10
13.00664043,80.24240875,26066,26077,11
13.00662994,80.24201202,26077,26087,10
13.00660038,80.241539,26087,26097,10
13.00666046,80.24093628,26097,26107,10
13.00673962,80.24040222,26107,26117,10
13.00689983,80.23963928,26117,26127,10
13.00708008,80.2385788,26127,26137,10
13.00730038,80.23757935,26137,26147,10
13.00737,80.23699188,26147,26157,10
13.00739002,80.23687744,26157,26168,11
13.00749969,80.23645782,26168,26178,10
13.00765038,80.23576355,26178,26188,10
13.00788975,80.23477936,26188,26198,10
13.00811958,80.23365021,26198,26208,10
13.0083704,80.23232269,26208,26218,10
13.0086298,80.23084259,26218,26228,10
13.00887966,80.2293396,26228,26238,10
13.0093298,80.22773743,26238,26248,10
13.01008987,80.22609711,26248,26259,11
13.01062012,80.22505951,26259,26269,10
13.01107979,80.22403717,26269,26279,10
13.01148033,80.2230835,26279,26289,10
13.01189995,80.22200012,26289,26299,10
13.0124197,80.22149658,26299,26309,10
13.01261997,80.22187805,26309,26319,10
13.01325989,80.22270203,26319,26329,10
13.0139904,80.22351074,26329,26340,11
13.01467991,80.22405243,26340,26350,10
13.01509953,80.22453308,26350,26370,20
13.01509953,80.22453308,26370,26380,10
13.01533985,80.22480774,26380,26390,10
13.01580048,80.22521973,26390,26400,10
13.01651001,80.22531128,26400,26410,10
13.01737976,80.22499847,26410,26420,10
13.01836967,80.22458649,26420,26431,11
13.01951027,80.22434998,26431,26451,20
13.01951027,80.22434998,26451,26461,10
13.01968002,80.22447205,26461,26481,20
13.01968002,80.22447205,26481,26491,10
13.01988029,80.22458649,26491,26501,10
13.02038002,80.22496033,26501,26511,10
13.02099991,80.22543335,26511,26522,11
13.02167988,80.22599792,26522,26532,10
13.02243996,80.22664642,26532,26542,10
13.02334023,80.22743225,26542,26552,10
13.02406025,80.22807312,26552,26562,10
13.0244503,80.22849274,26562,26572,10
13.02445984,80.22850037,26572,26582,10
13.02429962,80.22862244,26582,26592,10
13.0239296,80.2281723,26592,26602,10
13.02344036,80.22766113,26602,26623,21
13.02344036,80.22766113,26623,26633,10
13.02336979,80.22749329,26633,26643,10
13.02320004,80.2273407,26643,26683,40
13.02320004,80.2273407,26683,26694,11
13.02315998,80.22720337,26694,26704,10
13.0229702,80.22704315,26704,26714,10
13.02270985,80.22682953,26714,26724,10
13.02233982,80.22648621,26724,26734,10
13.02167988,80.22595978,26734,26744,10
13.02083015,80.22531128,26744,26754,10
13.0197897,80.22460175,26754,26764,10
13.01842022,80.224617,26764,26774,10
13.01702023,80.22519684,26774,26785,11
13.01583004,80.22564697,26785,26795,10
13.01498032,80.22598267,26795,26805,10
13.01436043,80.22621918,26805,26815,10
13.01426029,80.22624207,26815,26825,10
13.01387978,80.22637939,26825,26835,10
13.01319981,80.22664642,26835,26845,10
13.01229954,80.22702789,26845,26855,10
13.01128006,80.22743988,26855,26865,10
13.01019001,80.22788239,26865,26876,11
13.00916958,80.22850037,26876,26886,10
13.00895977,80.22958374,26886,26896,10
13.00876045,80.23078918,26896,26906,10
13.00860023,80.23179626,26906,26916,10
13.00846004,80.23245239,26916,26926,10
13.00831985,80.23326874,26926,26936,10
13.00827026,80.23352051,26936,26946,10
13.00821018,80.23356628,26946,26956,10
13.00807953,80.23400116,26956,26967,11
13.00792027,80.23486328,26967,26977,10
13.00771999,80.2359314,26977,26987,10
13.00749016,80.23722839,26987,26997,10
13.00718021,80.23866272,26997,27007,10
13.00691986,80.23999023,27007,27017,10
13.00669956,80.24121094,27017,27027,10
13.00669003,80.24255371,27027,27037,10
13.00675011,80.24385834,27037,27048,11
13.00673962,80.24511719,27048,27058,10
13.00679016,80.24610138,27058,27068,10
13.00677967,80.24680328,27068,27078,10
13.00667,80.24739075,27078,27088,10
13.00621986,80.24742889,27088,27098,10
13.0060997,80.24741364,27098,27108,10
13.00561047,80.24736786,27108,27118,10
13.00481987,80.24736786,27118,27128,10
13.00376987,80.24749756,27128,27139,11
13.00244045,80.2477417,27139,27149,10
13.00109005,80.24806976,27149,27159,10
12.99965954,80.24842834,27159,27169,10
12.99845982,80.2487793,27169,27179,10
12.99822044,80.24884033,27179,27189,10
12.99783039,80.248909,27189,27199,10
12.99713993,80.2490921,27199,27209,10
12.99617958,80.24933624,27209,27219,10
12.99505043,80.24963379,27219,27230,11
12.99365997,80.25000763,27230,27240,10
12.99223995,80.25032043,27240,27250,10
12.99125957,80.25060272,27250,27260,10
12.99112034,80.25063324,27260,27270,10
12.99071026,80.25068665,27270,27280,10
12.98997974,80.25086975,27280,27290,10
12.9891901,80.25106812,27290,27300,10
12.98820019,80.25132751,27300,27310,10
12.9874897,80.25145721,27310,27321,11
12.98663044,80.25171661,27321,27331,10
12.98567009,80.25195313,27331,27341,10
12.98456955,80.25224304,27341,27351,10
12.98334026,80.25254059,27351,27361,10
12.98198032,80.25263977,27361,27371,10
12.98077011,80.25269318,27371,27381,10
12.98027039,80.25272369,27381,27391,10
12.98017979,80.25272369,27391,27401,10
12.97980022,80.25267792,27401,27412,11
12.97856045,80.25253296,27412,27432,20
12.97856045,80.25253296,27432,27442,10
12.9782896,80.25234222,27442,27452,10
12.9777298,80.25184631,27452,27462,10
12.97686958,80.251297,27462,27472,10
12.97574043,80.2509613,27472,27482,10
12.97445965,80.25061035,27482,27493,11
12.97290039,80.25018311,27493,27503,10
12.97140026,80.24974823,27503,27513,10
12.96986961,80.24925232,27513,27523,10
12.96835995,80.24865723,27523,27533,10
12.96704006,80.24810791,27533,27543,10
12.96590042,80.24758911,27543,27553,10
12.96512985,80.24730682,27553,27563,10
12.96506023,80.24727631,27563,27573,10
12.96487045,80.24720764,27573,27584,11
12.9642601,80.24700165,27584,27594,10
12.96345043,80.24667358,27594,27604,10
12.96245956,80.24617767,27604,27614,10
12.96131039,80.24562073,27614,27624,10
12.96012974,80.24507904,27624,27634,10
12.95950031,80.24481964,27634,27644,10
12.9594202,80.24478149,27644,27654,10
12.95899963,80.24456787,27654,27664,10
12.95829964,80.2442627,27664,27675,11
12.95746994,80.24395752,27675,27685,10
12.95672989,80.24373627,27685,27695,10
12.95643044,80.2436676,27695,27705,10
12.95594025,80.24343109,27705,27715,10
12.9551897,80.24305725,27715,27725,10
12.95423985,80.24263,27725,27735,10
12.95318031,80.2421875,27735,27745,10
12.95226002,80.24182892,27745,27755,10
12.9518404,80.24169922,27755,27766,11
12.95176029,80.24166107,27766,27776,10
12.95166016,80.24163818,27776,27786,10
12.95118046,80.24146271,27786,27796,10
12.95046043,80.2412262,27796,27806,10
12.94950962,80.24093628,27806,27816,10
12.94867992,80.24060822,27816,27826,10
12.94742012,80.24008179,27826,27836,10
12.94705963,80.23996735,27836,27846,10
12.94701004,80.23995209,27846,27857,11
12.94657993,80.23976135,27857,27867,10
12.94591999,80.23946381,27867,27877,10
12.94513035,80.23899078,27877,27887,10
12.94443035,80.23821259,27887,27897,10
12.94365025,80.23737335,27897,27907,10
12.94268036,80.23657227,27907,27917,10
12.94137955,80.23618317,27917,27927,10
12.94027996,80.2359314,27927,27938,11
12.93988037,80.2358017,27938,27948,10
12.9398098,80.23577118,27948,27958,10
12.93939018,80.23557281,27958,27968,10
12.93869972,80.23522949,27968,27978,10
12.93784046,80.23480225,27978,27988,10
12.93688011,80.23430634,27988,27998,10
12.93609047,80.23391724,27998,28008,10
12.93593979,80.2338562,28008,28018,10
12.93562984,80.23371124,28018,28029,11
12.93494034,80.23339844,28029,28039,10
12.93420029,80.233078,28039,28049,10
12.93402958,80.23300171,28049,28059,10
12.93395042,80.2329483,28059,28069,10
12.93354034,80.23274994,28069,28079,10
12.93284035,80.23245239,28079,28089,10
12.93194008,80.23213959,28089,28099,10
12.93089008,80.23181152,28099,28109,10
12.92973995,80.23149872,28109,28120,11
12.9282999,80.23121643,28120,28130,10
12.92693043,80.23105621,28130,28140,10
12.92609978,80.23101044,28140,28150,10
12.92599964,80.23097992,28150,28160,10
12.92560005,80.23091125,28160,28170,10
12.92494965,80.23085022,28170,28180,10
12.92413044,80.23072052,28180,28190,10
12.92311954,80.23058319,28190,28200,10
12.9219799,80.23040009,28200,28211,11
12.92059994,80.23021698,28211,28221,10
12.91924,80.2300415,28221,28231,10
12.91779995,80.2298584,28231,28241,10
12.91627979,80.22966766,28241,28251,10
12.91479969,80.22946167,28251,28261,10
12.91372967,80.2293396,28261,28271,10
12.91329002,80.22927856,28271,28281,10
12.91320038,80.22926331,28281,28292,11
12.91267014,80.22918701,28292,28302,10
12.91191006,80.22910309,28302,28312,10
12.9109602,80.22895813,28312,28322,10
12.90987968,80.22879791,28322,28332,10
12.90865993,80.22859955,28332,28342,10
12.90736008,80.22840881,28342,28352,10
12.90624046,80.22827911,28352,28362,10
12.90515995,80.22821808,28362,28372,10
12.90367985,80.22814178,28372,28383,11
12.90219975,80.22805023,28383,28393,10
12.90114975,80.22802734,28393,28443,50
12.90114975,80.22802734,28443,28453,10
12.90077019,80.22796631,28453,28463,10
12.90011978,80.22792053,28463,28474,11
12.89957047,80.22789764,28474,28484,10
12.89939022,80.22788239,28484,28494,10
12.89881992,80.22783661,28494,28504,10
12.89805984,80.22779846,28504,28514,10
12.89712048,80.22775269,28514,28524,10
12.89605045,80.22769928,28524,28534,10
12.89486027,80.22766113,28534,28544,10
12.89356995,80.22753906,28544,28554,10
12.89233971,80.22740936,28554,28565,11
12.89097023,80.22736359,28565,28575,10
12.88961983,80.22736359,28575,28585,10
12.88827991,80.22733307,28585,28595,10
12.88755989,80.22727966,28595,28605,10
12.88714981,80.22720337,28605,28615,10
12.8864603,80.22705078,28615,28625,10
12.88554955,80.2268219,28625,28635,10
12.88488007,80.22673035,28635,28646,11
12.88471985,80.22672272,28646,28656,10
12.88422012,80.22672272,28656,28666,10
12.88344955,80.22673035,28666,28676,10
12.8824501,80.22673798,28676,28686,10
12.88132954,80.22675323,28686,28696,10
12.88004971,80.22676086,28696,28706,10
12.87864971,80.22679901,28706,28716,10
12.87742043,80.22691345,28716,28726,10
12.8764801,80.22699738,28726,28737,11
12.87625027,80.22701263,28737,28747,10
12.87592983,80.22699738,28747,28757,10
12.87524033,80.2269516,28757,28767,10
12.87427998,80.2268219,28767,28777,10
12.8726902,80.22672272,28777,28797,20
12.8726902,80.22672272,28797,28807,10
12.87244987,80.22669983,28807,28817,10
12.87182999,80.22667694,28817,28828,11
12.87080002,80.22663879,28828,28838,10
12.86970997,80.22653198,28838,28848,10
12.8684597,80.22640228,28848,28858,10
12.8670702,80.22650146,28858,28868,10
12.86561966,80.22659302,28868,28878,10
12.86411953,80.22653961,28878,28888,10
12.8625803,80.22653961,28888,28898,10
12.86131954,80.22662354,28898,28908,10
12.86098957,80.22663116,28908,28919,11
12.86060047,80.22657776,28919,28929,10
12.85986996,80.22647095,28929,28939,10
12.85890007,80.22633362,28939,28949,10
12.85776043,80.22624207,28949,28959,10
12.8565197,80.22634888,28959,28969,10
12.85519981,80.22648621,28969,28979,10
12.85377979,80.22663879,28979,28989,10
12.8522501,80.22666168,28989,28999,10
12.85068035,80.22660065,28999,29010,11
12.8489399,80.22657776,29010,29020,10
12.84745026,80.22657776,29020,29030,10
12.84607029,80.22660065,29030,29040,10
12.84537983,80.22663879,29040,29050,10
12.84533024,80.22663879,29050,29060,10
12.84506035,80.22663879,29060,29070,10
12.84440994,80.22669983,29070,29080,10
12.84352016,80.22680664,29080,29091,11
12.84235001,80.22702789,29091,29101,10
12.84115028,80.22733307,29101,29111,10
12.84020042,80.22756195,29111,29121,10
12.83975983,80.22766876,29121,29131,10
12.8396101,80.22773743,29131,29141,10
12.83913994,80.22788239,29141,29151,10
12.83835983,80.22807312,29151,29161,10
12.83734989,80.22825623,29161,29171,10
12.83619976,80.22843933,29171,29182,11
12.83473969,80.22866821,29182,29192,10
12.83337021,80.22891998,29192,29202,10
12.83248043,80.22911835,29202,29212,10
12.83230972,80.22914124,29212,29222,10
12.83193016,80.2292099,29222,29232,10
12.83152008,80.22927094,29232,29242,10
12.83078003,80.22952271,29242,29252,10
12.82977009,80.22989655,29252,29262,10
12.82866001,80.2303772,29262,29273,11
12.82734966,80.23110199,29273,29283,10
12.82594967,80.23139954,29283,29293,10
12.82439995,80.23135376,29293,29303,10
12.82283974,80.23087311,29303,29313,10
12.82124043,80.23047638,29313,29323,10
12.8197403,80.23049927,29323,29333,10
12.8189497,80.23052216,29333,29343,10
12.81882,80.23047638,29343,29354,11
12.81834984,80.23023987,29354,29364,10
12.81754971,80.2298584,29364,29374,10
12.81649971,80.22950745,29374,29384,10
12.81527042,80.22933197,29384,29394,10
12.81390953,80.2290802,29394,29404,10
12.8125,80.22862244,29404,29414,10
12.8110199,80.22807312,29414,29424,10
12.80951977,80.22741699,29424,29434,10
12.8082304,80.22647095,29434,29445,11
12.80704021,80.22544098,29445,29455,10
12.80628967,80.22476196,29455,29465,10
12.80502033,80.22399902,29465,29485,20
12.80502033,80.22399902,29485,29495,10
12.80461025,80.22393799,29495,29505,10
12.80389023,80.22389221,29505,29515,10
12.80305958,80.22380829,29515,29525,10
12.80202961,80.22367859,29525,29536,11
12.80068016,80.22355652,29536,29546,10
12.79932022,80.22345734,29546,29556,10
12.79782009,80.22329712,29556,29566,10
12.79603004,80.22297668,29566,29586,20
12.79603004,80.22297668,29586,29596,10
12.79572964,80.22290039,29596,29606,10
12.7950201,80.2227478,29606,29616,10
12.79403019,80.22258759,29616,29627,11
12.79271984,80.22241211,29627,29637,10
12.79139996,80.22210693,29637,29647,10
12.79006004,80.22177887,29647,29657,10
12.78909969,80.22145081,29657,29667,10
12.78822994,80.22112274,29667,29677,10
12.78781986,80.22094727,29677,29697,20
12.78767967,80.2208786,29697,29728,31
12.78767967,80.2208786,29728,29738,10
12.78742027,80.22077179,29738,29748,10
12.78701973,80.22062683,29748,29768,20
12.78701973,80.22062683,29768,29778,10
12.78682995,80.22049713,29778,29788,10
12.78676033,80.2204895,29788,29799,11
12.78666019,80.22046661,29799,29809,10
12.78649998,80.22039795,29809,29819,10
12.78641987,80.2203598,29819,29829,10
12.78635979,80.22032166,29829,29839,10
12.78617001,80.22039032,29839,29849,10
12.78619957,80.22084045,29849,29859,10
12.78629971,80.22176361,29859,29960,101
12.78631973,80.22218323,29960,31417,1457
12.78631973,80.22218323,31417,31427,10
12.78637028,80.22190094,31427,31437,10
12.7863102,80.22164917,31437,31447,10
12.78625965,80.22144318,31447,31457,10
12.78623962,80.2210083,31457,31468,11
12.78619957,80.22068024,31468,31478,10
12.78619003,80.22052002,31478,31498,20
12.78619003,80.22052002,31498,31508,10
12.78649044,80.22039795,31508,31538,30
12.78649044,80.22039795,31538,31548,10
12.78670025,80.22052765,31548,31559,11
12.78728008,80.2207489,31559,31569,10
12.78791046,80.22097778,31569,31579,10
12.78862953,80.22126007,31579,31589,10
12.78938007,80.22154999,31589,31599,10
12.79006004,80.22177124,31599,31609,10
12.79092026,80.22197723,31609,31619,10
12.79197025,80.22223663,31619,31629,10
12.79321957,80.22248077,31629,31639,10
12.79461002,80.22268677,31639,31650,11
12.79598045,80.22292328,31650,31660,10
12.79650021,80.22299194,31660,31670,10
12.79656982,80.22299957,31670,31680,10
12.7969799,80.22309113,31680,31690,10
12.7976799,80.22322845,31690,31700,10
12.79854965,80.22335815,31700,31710,10
12.79951954,80.22345734,31710,31720,10
12.80062008,80.22354126,31720,31730,10
12.8015604,80.22360229,31730,31741,11
12.80163002,80.22361755,31741,31751,10
12.80202007,80.22367096,31751,31761,10
12.80270004,80.22374725,31761,31771,10
12.80358982,80.22386169,31771,31781,10
12.80459023,80.22393799,31781,31791,10
12.80562973,80.22418213,31791,31821,30
12.80562973,80.22418213,31821,31832,11
12.80595016,80.22447205,31832,31842,10
12.80650997,80.22496033,31842,31852,10
12.80727005,80.22560883,31852,31862,10
12.80805016,80.22624969,31862,31872,10
12.80885983,80.22693634,31872,31882,10
12.80988026,80.22759247,31882,31892,10
12.81112957,80.22811127,31892,31902,10
12.81247997,80.22859955,31902,31912,10
12.81389999,80.22907257,31912,31923,11
12.8156004,80.22937775,31923,31933,10
12.81715965,80.22968292,31933,31943,10
12.81863022,80.23032379,31943,31953,10
12.81987,80.23046875,31953,31973,20
12.81987,80.23046875,31973,31983,10
12.82017994,80.23046875,31983,31993,10
12.82085991,80.23046875,31993,32004,11
12.82186031,80.2305603,32004,32014,10
12.82289982,80.23085022,32014,32024,10
12.82390022,80.23110962,32024,32034,10
12.82472038,80.23130035,32034,32044,10
12.82542992,80.23136902,32044,32054,10
12.8260603,80.2313385,32054,32064,10
12.82670021,80.23130035,32064,32074,10
12.82738972,80.23110199,32074,32084,10
12.82812023,80.23069763,32084,32095,11
12.82907009,80.23018646,32095,32105,10
12.83010006,80.22976685,32105,32115,10
12.83121014,80.22930908,32115,32135,20
12.83121014,80.22930908,32135,32145,10
12.8313303,80.22926331,32145,32155,10
12.83180046,80.22914124,32155,32165,10
12.83250046,80.22899628,32165,32175,10
12.83343983,80.22884369,32175,32186,11
12.83460045,80.22863007,32186,32196,10
12.83578968,80.22843933,32196,32206,10
12.83703041,80.22825623,32206,32216,10
12.8383503,80.22801208,32216,32226,10
12.83918953,80.22779846,32226,32236,10
12.83955956,80.22769165,32236,32246,10
12.83981991,80.22762299,32246,32256,10
12.84039974,80.2274704,32256,32266,10
12.84115982,80.22722626,32266,32277,11
12.84222984,80.22698975,32277,32287,10
12.84325981,80.22679138,32287,32297,10
12.84445,80.22662354,32297,32307,10
12.84552002,80.22653961,32307,32337,30
12.84552002,80.22653961,32337,32347,10
12.84576035,80.22653961,32347,32357,10
12.84642029,80.22653961,32357,32368,11
12.84724998,80.2265625,32368,32378,10
12.84821987,80.2265625,32378,32388,10
12.84932041,80.2265625,32388,32398,10
12.85050011,80.2265625,32398,32408,10
12.85175991,80.22662354,32408,32418,10
12.85309982,80.22666931,32418,32428,10
12.85451984,80.22653961,32428,32438,10
12.85599995,80.22637939,32438,32448,10
12.8575201,80.22621918,32448,32459,11
12.85894012,80.22624969,32459,32469,10
12.86013985,80.22641754,32469,32479,10
12.86089993,80.22650146,32479,32489,10
12.86091995,80.22650146,32489,32499,10
12.86126041,80.22654724,32499,32509,10
12.86192036,80.22653961,32509,32519,10
12.86275959,80.22648621,32519,32529,10
12.86373997,80.22648621,32529,32540,11
12.86503983,80.22653961,32540,32550,10
12.86639977,80.22651672,32550,32560,10
12.86787987,80.22638702,32560,32570,10
12.86942959,80.22646332,32570,32580,10
12.87102032,80.22660065,32580,32590,10
12.8726902,80.22662354,32590,32610,20
12.8726902,80.22662354,32610,32620,10
12.87283039,80.22663879,32620,32631,11
12.87331963,80.22666168,32631,32641,10
12.87401962,80.22670746,32641,32651,10
12.87489986,80.2268219,32651,32661,10
12.87588978,80.22691345,32661,32671,10
12.87644005,80.22689056,32671,32681,10
12.87677002,80.22686005,32681,32691,10
12.87681961,80.22686005,32691,32701,10
12.87697029,80.22686005,32701,32711,10
12.87751961,80.22682953,32711,32722,11
12.87839031,80.22679138,32722,32732,10
12.87934017,80.22673035,32732,32742,10
12.88041973,80.22670746,32742,32752,10
12.88164043,80.22669983,32752,32762,10
12.88288975,80.22667694,32762,32772,10
12.88414001,80.22666168,32772,32782,10
12.88506985,80.22663879,32782,32792,10
12.88531017,80.22666168,32792,32802,10
12.88549995,80.2266922,32802,32813,11
12.88611984,80.22686005,32813,32823,10
12.88694,80.22707367,32823,32833,10
12.88794041,80.22724152,32833,32843,10
12.88910007,80.22733307,32843,32853,10
12.89041042,80.22733307,32853,32863,10
12.89161968,80.2273407,32863,32873,10
12.89237022,80.22736359,32873,32883,10
12.8930397,80.22741699,32883,32893,10
12.89389992,80.22753906,32893,32904,11
12.89501953,80.22762299,32904,32914,10
12.89618015,80.2276535,32914,32924,10
12.89745045,80.22767639,32924,32934,10
12.89879036,80.22776031,32934,32944,10
12.89997959,80.22783661,32944,32954,10
12.90065956,80.2278595,32954,33045,91
12.90065956,80.2278595,33045,33055,10
12.90100956,80.22794342,33055,33065,10
12.90151024,80.22798157,33065,33076,11
12.90233994,80.22799683,33076,33086,10
12.90301037,80.2279892,33086,33096,10
12.90305042,80.2279892,33096,33106,10
12.90322971,80.22798157,33106,33116,10
12.90379047,80.22805023,33116,33126,10
12.90460968,80.22810364,33126,33136,10
12.90554047,80.22815704,33136,33146,10
12.90618038,80.2281723,33146,33156,10
12.90625,80.2281723,33156,33167,11
12.90635967,80.2281723,33167,33177,10
12.90676022,80.22821045,33177,33187,10
12.90719986,80.2282486,33187,33197,10
12.90727043,80.22825623,33197,33207,10
12.90769958,80.22833252,33207,33217,10
12.90843964,80.22849274,33217,33227,10
12.90941048,80.22865295,33227,33237,10
12.91053009,80.22882843,33237,33247,10
12.91178036,80.22901154,33247,33258,11
12.9130497,80.22918701,33258,33268,10
12.91380978,80.22926331,33268,33278,10
12.91386032,80.22926331,33278,33288,10
12.91407967,80.22930908,33288,33298,10
12.91464043,80.22939301,33298,33308,10
12.91541004,80.22950745,33308,33318,10
12.91639996,80.2296524,33318,33328,10
12.91751957,80.22979736,33328,33338,10
12.91874981,80.22995758,33338,33349,11
12.92022991,80.2301712,33349,33359,10
12.92164993,80.23034668,33359,33369,10
12.92311954,80.23058319,33369,33379,10
12.92463017,80.2307663,33379,33389,10
12.92605972,80.2309494,33389,33399,10
12.92747974,80.23108673,33399,33409,10
12.92848969,80.23123932,33409,33419,10
12.92873001,80.23129272,33419,33429,10
12.92908955,80.23135376,33429,33440,11
12.92982006,80.23152161,33440,33450,10
12.93068981,80.23174286,33450,33460,10
12.93173027,80.23204041,33460,33470,10
12.93280029,80.23238373,33470,33480,10
12.93354988,80.23268127,33480,33490,10
12.93363953,80.23274231,33490,33500,10
12.93393993,80.23290253,33500,33510,10
12.93453979,80.23316193,33510,33521,11
12.93525028,80.23348999,33521,33531,10
12.93570042,80.23368835,33531,33541,10
12.93616009,80.23391724,33541,33551,10
12.93680954,80.23423767,33551,33561,10
12.93758965,80.23461914,33561,33571,10
12.93852997,80.2350769,33571,33581,10
12.93937016,80.23547363,33581,33591,10
12.93951988,80.23555756,33591,33601,10
12.93974018,80.23567963,33601,33612,11
12.9403801,80.2359314,33612,33622,10
12.94120026,80.23615265,33622,33632,10
12.94217968,80.23638916,33632,33642,10
12.94318008,80.23687744,33642,33652,10
12.94402027,80.23773956,33652,33662,10
12.94489956,80.23870087,33662,33672,10
12.9457798,80.23940277,33672,33682,10
12.94754982,80.24008179,33682,33703,21
12.94754982,80.24008179,33703,33713,10
12.94758034,80.24009705,33713,33723,10
12.94793987,80.24024963,33723,33733,10
12.94859982,80.24047852,33733,33763,30
12.94859982,80.24047852,33763,33773,10
12.94888973,80.24063873,33773,33783,10
12.94939995,80.24085999,33783,33794,11
12.95020962,80.2410965,33794,33804,10
12.9509201,80.24130249,33804,33814,10
12.95098019,80.24133301,33814,33824,10
12.95110035,80.24137878,33824,33834,10
12.95156956,80.24154663,33834,33844,10
12.95226955,80.2417984,33844,33854,10
12.95310974,80.24214172,33854,33864,10
12.95366001,80.24234772,33864,33874,10
12.95398998,80.24249268,33874,33885,11
12.95466042,80.2427597,33885,33895,10
12.95526028,80.24298859,33895,33905,10
12.95606995,80.24320984,33905,33915,10
12.95639992,80.24333954,33915,33925,10
12.95652008,80.24337769,33925,33935,10
12.95695972,80.24359894,33935,33945,10
12.95763969,80.24394989,33945,33955,10
12.95878983,80.24443054,33955,33976,21
12.95878983,80.24443054,33976,33986,10
12.95907974,80.24456787,33986,33996,10
12.95960999,80.24481964,33996,34006,10
12.96033955,80.24516296,34006,34016,10
12.96125984,80.24556732,34016,34026,10
12.96224022,80.24606323,34026,34036,10
12.96284008,80.24633789,34036,34046,10
12.96298027,80.24642181,34046,34057,11
12.96331978,80.24659729,34057,34067,10
12.96378994,80.24681854,34067,34077,10
12.96450996,80.24710083,34077,34087,10
12.96539021,80.24739838,34087,34097,10
12.96613979,80.24768066,34097,34107,10
12.96632004,80.24775696,34107,34117,10
12.96640968,80.24777985,34117,34127,10
12.96679974,80.24797821,34127,34137,10
12.96743011,80.24828339,34137,34148,11
12.96839046,80.24871063,34148,34158,10
12.96944046,80.24913025,34158,34168,10
12.97062016,80.24958038,34168,34178,10
12.97194958,80.24996185,34178,34188,10
12.97321987,80.25028992,34188,34198,10
12.97467041,80.25068665,34198,34207,9
12.97614002,80.25109863,34207,34218,11
12.97719955,80.25144196,34218,34228,10
12.97836971,80.25231171,34228,34239,11
12.97976971,80.25263977,34239,34299,60
12.97976971,80.25263977,34299,34309,10
12.98001003,80.25267792,34309,34319,10
12.98054981,80.25267029,34319,34330,11
12.98143005,80.25263977,34330,34340,10
12.98239994,80.25261688,34340,34350,10
12.98332024,80.25254822,34350,34360,10
12.98427963,80.25231934,34360,34370,10
12.98532963,80.25202942,34370,34380,10
12.9858799,80.25184631,34380,34390,10
12.98620033,80.25174713,34390,34400,10
12.98670959,80.25161743,34400,34410,10
12.98742008,80.25141144,34410,34421,11
12.98797989,80.25125885,34421,34431,10
12.98880005,80.25106049,34431,34441,10
12.98927021,80.25093079,34441,34451,10
12.98943043,80.25089264,34451,34461,10
12.98997021,80.25076294,34461,34471,10
12.99061966,80.25061035,34471,34481,10
12.9918499,80.25031281,34481,34491,10
12.99306011,80.25000763,34491,34502,11
12.99458027,80.24961853,34502,34512,10
12.99594975,80.24926758,34512,34522,10
12.99670029,80.2490387,34522,34532,10
12.99687958,80.24900055,34532,34542,10
12.99744034,80.24887085,34542,34552,10
12.9982996,80.24867249,34552,34562,10
12.99936008,80.24842072,34562,34572,10
13.00061989,80.24810028,34572,34582,10
13.00189972,80.24780273,34582,34593,11
13.00331974,80.24754333,34593,34603,10
13.00457954,80.24733734,34603,34613,10
13.00557995,80.24713135,34613,34623,10
13.00627995,80.24680328,34623,34633,10
13.0065403,80.24638367,34633,34643,10
13.00656033,80.24632263,34643,34653,10
13.00660992,80.24603271,34653,34663,10
13.00660038,80.24549103,34663,34673,10
13.00658035,80.24497223,34673,34684,11
13.00656986,80.24446106,34684,34694,10
13.00656986,80.24401093,34694,34704,10
13.00660992,80.24344635,34704,34714,10
13.00658035,80.24278259,34714,34724,10
13.00656986,80.24185944,34724,34734,10
13.00662994,80.24085236,34734,34744,10
13.00683975,80.23989105,34744,34754,10
13.00704956,80.23867798,34754,34764,10
13.00726032,80.23767853,34764,34775,11
13.00737953,80.23681641,34775,34785,10
13.00741959,80.2366333,34785,34795,10
13.00749016,80.23642731,34795,34805,10
13.00761986,80.23587799,34805,34815,10
13.00774956,80.2350769,34815,34825,10
13.00794983,80.23415375,34825,34835,10
13.0081501,80.23300934,34835,34845,10
13.00841999,80.23168182,34845,34855,10
13.00864029,80.23042297,34855,34866,11
13.00891972,80.22901154,34866,34876,10
13.00922012,80.22789764,34876,34886,10
13.00967979,80.22689819,34886,34896,10
13.01019955,80.22588348,34896,34906,10
13.01064014,80.22505188,34906,34916,10
13.01099968,80.22422791,34916,34926,10
13.0112896,80.22353363,34926,34936,10
13.01158047,80.22280121,34936,34947,11
13.01194954,80.22167969,34947,34957,10
13.01226044,80.2213974,34957,34967,10
13.01249981,80.22168732,34967,34977,10
13.01286983,80.22226715,34977,34987,10
13.01352024,80.2228775,34987,34997,10
13.0139904,80.2233963,34997,35007,10
13.01418018,80.22368622,35007,35017,10
13.01445961,80.22409821,35017,35027,10
13.01490021,80.22457886,35027,35038,11
13.01543999,80.22506714,35038,35048,10
13.0155201,80.22512054,35048,35058,10
13.01568031,80.2252121,35058,35068,10
13.01620007,80.22537994,35068,35078,10
13.01706982,80.22514343,35078,35088,10
13.01809978,80.22470093,35088,35098,10
13.01891041,80.22438049,35098,35108,10
13.01947975,80.22437286,35108,35129,21
13.01947975,80.22437286,35129,35139,10
13.01953983,80.22442627,35139,35149,10
13.01982975,80.22463989,35149,35159,10
13.02023983,80.22496796,35159,35169,10
13.02056026,80.2252121,35169,35179,10
13.02093029,80.22548676,35179,35189,10
13.02132988,80.22582245,35189,35199,10
13.02176952,80.22614288,35199,35209,10
13.0222702,80.22654724,35209,35220,11
13.02301025,80.22718811,35220,35230,10
13.02352047,80.22763062,35230,35240,10
13.02390003,80.22795105,35240,35250,10
13.02429962,80.2283783,35250,35270,20
13.02429962,80.2283783,35270,35280,10
13.0243597,80.22859955,35280,35290,10
13.02404022,80.22837067,35290,35300,10
13.02355003,80.22781372,35300,35321,21
13.02340031,80.22763062,35321,35705,384
13.02353001,80.22756958,35705,35877,172
13.02346039,80.2275238,35877,35938,61
13.02346039,80.2275238,35938,35948,10
13.02328014,80.22727203,35948,35958,10
13.02270985,80.22679901,35958,35968,10
13.02198029,80.22615814,35968,35978,10
13.02128029,80.2256012,35978,35988,10
13.02048016,80.22505951,35988,35998,10
13.02000046,80.22473907,35998,36019,21
13.02000046,80.22473907,36019,36029,10
13.01970005,80.22453308,36029,36039,10
13.01895046,80.22440338,36039,36049,10
13.01793957,80.22477722,36049,36059,10
13.01681995,80.22524261,36059,36069,10
13.01597977,80.22557831,36069,36079,10
13.01508045,80.22593689,36079,36089,10
13.0143404,80.22622681,36089,36100,11
13.01416969,80.22628784,36100,36110,10
13.0139904,80.22635651,36110,36120,10
13.01344967,80.22657013,36120,36130,10
13.01264954,80.22686005,36130,36140,10
13.01163006,80.22725677,36140,36150,10
13.01074982,80.22762299,36150,36160,10
13.00953007,80.2281189,36160,36170,10
13.00901985,80.2289505,36170,36180,10
13.00876045,80.23007202,36180,36191,11
13.00852013,80.23132324,36191,36201,10
13.00831985,80.23245239,36201,36211,10
13.00821972,80.23336029,36211,36221,10
13.00819016,80.23361206,36221,36231,10
13.00811958,80.23387146,36231,36241,10
13.00800037,80.23451996,36241,36251,10
13.0078001,80.23544312,36251,36261,10
13.00755978,80.23654175,36261,36271,10
13.00734997,80.23757935,36271,36282,11
13.00716972,80.23845673,36282,36292,10
13.00702,80.23918152,36292,36302,10
13.00685978,80.24002075,36302,36312,10
13.00671005,80.24079132,36312,36322,10
13.00662041,80.24154663,36322,36332,10
13.00660992,80.24243927,36332,36342,10
13.00660038,80.24317932,36342,36352,10
13.00658989,80.24401093,36352,36362,10
13.00658989,80.24504089,36362,36372,10
13.00664997,80.24593353,36372,36383,11
13.00669956,80.24681091,36383,36393,10
13.00667,80.24739838,36393,36474,81
13.00667,80.24739838,36474,36484,10
13.00648022,80.24749756,36484,36494,10
13.00615025,80.24746704,36494,36504,10
13.00599003,80.24746704,36504,36514,10
13.00545979,80.24742889,36514,36524,10
13.00457954,80.24743652,36524,36534,10
13.00349998,80.24758148,36534,36545,11
13.00232029,80.24780273,36545,36555,10
13.00117016,80.24806213,36555,36565,10
12.99981976,80.2483902,36565,36575,10
12.99835014,80.24877167,36575,36585,10
12.99697971,80.24909973,36585,36595,10
12.99561024,80.24945068,36595,36605,10
12.99413967,80.24983215,36605,36615,10
12.9926796,80.25019073,36615,36625,10
12.99141026,80.25054169,36625,36636,11
12.9909296,80.25066376,36636,36646,10
12.99069977,80.25067902,36646,36656,10
12.99005985,80.25083923,36656,36666,10
12.98913956,80.25106049,36666,36676,10
12.9881897,80.2513504,36676,36737,61
12.9881897,80.2513504,36737,36747,10
12.98793983,80.25137329,36747,36757,10
12.98750019,80.25147247,36757,36767,10
12.98670006,80.25170135,36767,36777,10
12.98563957,80.25193787,36777,36787,10
12.98439026,80.25228119,36787,36797,10
12.98314953,80.25257874,36797,36807,10
12.98192024,80.25263977,36807,36818,11
12.98058033,80.25269318,36818,36828,10
12.97980976,80.25272369,36828,36838,10
12.97902012,80.25263214,36838,36848,10
12.97854042,80.25253296,36848,36858,10
12.97844028,80.25247192,36858,36868,10
12.97801971,80.2521286,36868,36878,10
12.97731018,80.25150299,36878,36888,10
12.97622013,80.25113678,36888,36898,10
12.97496033,80.25076294,36898,36909,11
12.97342014,80.25034332,36909,36919,10
12.97194958,80.24994659,36919,36929,10
12.97050953,80.24952698,36929,36939,10
12.96916962,80.24900818,36939,36949,10
12.96798038,80.24858856,36949,36959,10
12.96702957,80.24816132,36959,36969,10
12.96623993,80.24778748,36969,36979,10
12.96545982,80.2474823,36979,36990,11
12.96537018,80.24746704,36990,37000,10
12.96520996,80.24742889,37000,37010,10
12.96469975,80.24717712,37010,37020,10
12.96407986,80.24691772,37020,37030,10
12.96372032,80.24677277,37030,37040,10
12.96317959,80.24651337,37040,37050,10
12.96232986,80.24610138,37050,37060,10
12.96138,80.24564362,37060,37070,10
12.96033955,80.24514771,37070,37081,11
12.95936012,80.24475098,37081,37091,10
12.95905972,80.24462128,37091,37101,10
12.9587698,80.24446869,37101,37111,10
12.95810986,80.24420166,37111,37121,10
12.95734978,80.24391174,37121,37131,10
12.95654964,80.2436676,37131,37192,61
12.95654964,80.2436676,37192,37202,10
12.95625973,80.2435379,37202,37212,10
12.95565033,80.24324036,37212,37222,10
12.95477962,80.24284363,37222,37232,10
12.95382023,80.24241638,37232,37242,10
12.95273972,80.24198151,37242,37252,10
12.95178032,80.24166107,37252,37263,11
12.95164013,80.24160767,37263,37273,10
12.95145988,80.24150085,37273,37283,10
12.95086002,80.24127197,37283,37293,10
12.94997025,80.2410202,37293,37303,10
12.94929028,80.24079895,37303,37313,10
12.94911003,80.24073792,37313,37323,10
12.94869995,80.24059296,37323,37333,10
12.94793987,80.24028015,37333,37343,10
12.94717979,80.24001312,37343,37354,11
12.94715023,80.23999786,37354,37364,10
12.9468298,80.23986816,37364,37374,10
12.94618034,80.23959351,37374,37384,10
12.94528961,80.23912811,37384,37394,10
12.94449997,80.2383194,37394,37404,10
12.94382,80.23758698,37404,37414,10
12.94316006,80.23693085,37414,37424,10
12.94217014,80.23641968,37424,37433,9
12.94108009,80.23613739,37433,37445,12
12.93972015,80.23574066,37445,37455,10
12.93953037,80.23564911,37455,37465,10
12.93914986,80.23544312,37465,37475,10
12.93844986,80.23510742,37475,37485,10
12.9375,80.23465729,37485,37495,10
12.93585014,80.23390198,37495,37525,30
12.93585014,80.23390198,37525,37536,11
12.93570042,80.23383331,37536,37546,10
12.93521976,80.23361969,37546,37556,10
12.93439007,80.23326111,37556,37566,10
12.93385983,80.23300171,37566,37576,10
12.93375969,80.23291779,37576,37586,10
12.93325043,80.23268127,37586,37596,10
12.93239021,80.23232269,37596,37606,10
12.9313097,80.23194122,37606,37617,11
12.92990017,80.23155212,37617,37627,10
12.92879963,80.23130798,37627,37637,10
12.92755032,80.23110199,37637,37647,10
12.92613029,80.23094177,37647,37657,10
12.9246397,80.23075104,37657,37667,10
12.92315006,80.2305603,37667,37677,10
12.91993046,80.2301178,37677,37687,10
12.91993046,80.2301178,37687,37697,10
12.91831017,80.2299118,37697,37708,11
12.91668987,80.22971344,37708,37718,10
12.91541958,80.22953033,37718,37728,10
12.91429996,80.22937012,37728,37738,10
12.91341972,80.22930145,37738,37750,12
12.91322994,80.22927856,37750,37760,10
12.91291046,80.2292099,37760,37770,10
12.91219997,80.2290802,37770,37780,10
12.9110899,80.22891998,37780,37790,10
12.91001987,80.22875214,37790,37801,11
12.90859032,80.228508,37801,37811,10
12.90709972,80.22836304,37811,37871,60
12.90709972,80.22836304,37871,37881,10
12.90705013,80.22836304,37881,37892,11
12.90666962,80.228302,37892,37902,10
12.90600014,80.22821045,37902,37912,10
12.90503979,80.22815704,37912,37922,10
12.90404034,80.22810364,37922,37932,10
12.90297985,80.2280426,37932,37942,10
12.90198994,80.22796631,37942,37952,10
12.9014101,80.22795868,37952,37993,41
12.9014101,80.22795868,37993,38003,10
12.90114975,80.22805023,38003,38013,10
12.90071011,80.22799683,38013,38023,10
12.90023994,80.22795868,38023,38033,10
12.89974976,80.2279129,38033,38043,10
12.89931965,80.22789764,38043,38053,10
12.89923954,80.22788239,38053,38064,11
12.89871025,80.22781372,38064,38074,10
12.8978796,80.2277298,38074,38084,10
12.89682007,80.22767639,38084,38094,10
12.89552975,80.22763824,38094,38104,10
12.8940897,80.22756958,38104,38114,10
12.89262962,80.22740936,38114,38124,10
12.8913002,80.22736359,38124,38134,10
12.89002991,80.22737122,38134,38144,10
12.88918972,80.22737122,38144,38155,11
12.88838005,80.22736359,38155,38165,10
12.88761997,80.22727966,38165,38175,10
12.88667011,80.2270813,38175,38185,10
12.88551044,80.22679901,38185,38195,10
12.88418961,80.2266922,38195,38205,10
12.88284969,80.22672272,38205,38215,10
12.88142014,80.22672272,38215,38225,10
12.87987041,80.22672272,38225,38235,10
12.87825966,80.22679901,38235,38246,11
12.8769598,80.22692108,38246,38256,10
12.87660027,80.22695923,38256,38266,10
12.87602997,80.22693634,38266,38276,10
12.87508965,80.22688293,38276,38286,10
12.87390995,80.22673798,38286,38296,10
12.87290001,80.22673035,38296,38306,10
12.87271976,80.22673035,38306,38316,10
12.87226009,80.22669983,38316,38326,10
12.87141991,80.22663879,38326,38337,11
12.87020016,80.2265625,38337,38347,10
12.86888027,80.22640991,38347,38357,10
12.86740017,80.22644043,38357,38367,10
12.86588001,80.22657013,38367,38377,10
12.8643198,80.2265625,38377,38387,10
12.86277962,80.22653198,38387,38397,10
12.86149025,80.22660065,38397,38407,10
12.86095047,80.22662354,38407,38417,10
12.86050034,80.22653961,38417,38428,11
12.85964012,80.22640991,38428,38438,10
12.85875034,80.22628784,38438,38448,10
12.85793018,80.22624207,38448,38458,10
12.85690022,80.22628784,38458,38468,10
12.85564041,80.22641754,38468,38478,10
12.85424995,80.22659302,38478,38488,10
12.85291004,80.22667694,38488,38498,10
12.85140991,80.22663879,38498,38509,11
12.84969997,80.2265625,38509,38519,10
12.8481102,80.2265625,38519,38529,10
12.84659958,80.22660065,38529,38539,10
12.84560966,80.22660065,38539,38549,10
12.8454504,80.22659302,38549,38559,10
12.84506035,80.22659302,38559,38569,10
12.84416008,80.22666168,38569,38579,10
12.84305954,80.22679901,38579,38589,10
12.84171963,80.22709656,38589,38600,11
12.8403101,80.22750854,38600,38610,10
12.83979034,80.22769165,38610,38620,10
12.83971024,80.22770691,38620,38630,10
12.83946991,80.22776794,38630,38640,10
12.8387804,80.22795105,38640,38650,10
12.83778,80.2281723,38650,38660,10
12.8365202,80.22836304,38660,38670,10
12.83510971,80.2285614,38670,38680,10
12.83368969,80.22879791,38680,38691,11
12.83255005,80.22904968,38691,38701,10
12.83238029,80.2290802,38701,38711,10
12.83199024,80.22914124,38711,38721,10
12.83131981,80.22930908,38721,38731,10
12.83045006,80.22962189,38731,38741,10
12.82931042,80.23007965,38741,38751,10
12.8280201,80.23075104,38751,38761,10
12.82660961,80.23133087,38761,38771,10
12.82503033,80.23142242,38771,38782,11
12.82343006,80.23105621,38782,38792,10
12.82192039,80.23059082,38792,38802,10
12.82056046,80.23046112,38802,38812,10
12.81927013,80.23049927,38812,38822,10
12.81873035,80.23043823,38822,38832,10
12.81832027,80.23023987,38832,38842,10
12.81748009,80.22985077,38842,38852,10
12.81639957,80.22950745,38852,38862,10
12.81507969,80.2293396,38862,38873,11
12.8135004,80.22897339,38873,38883,10
12.81200027,80.22843933,38883,38893,10
12.81048965,80.22786713,38893,38903,10
12.80912971,80.22721863,38903,38913,10
12.80793953,80.22625732,38913,38923,10
12.80692959,80.22538757,38923,38933,10
12.80626965,80.22477722,38933,38943,10
12.80558014,80.22419739,38943,38953,10
12.80519962,80.22405243,38953,38974,21
12.80519962,80.22405243,38974,38984,10
12.80484962,80.22396088,38984,38994,10
12.80420017,80.22389221,38994,39004,10
12.80323982,80.22380829,39004,39014,10
12.80208969,80.22366333,39014,39024,10
12.80086994,80.22354889,39024,39034,10
12.79948044,80.22344208,39034,39044,10
12.79808998,80.2232666,39044,39055,11
12.79638958,80.22299957,39055,39065,10
12.79498959,80.22276306,39065,39075,10
12.79351997,80.22251892,39075,39085,10
12.7920599,80.22226715,39085,39095,10
12.79063988,80.22193146,39095,39105,10
12.7896204,80.2216568,39105,39115,10
12.78888035,80.22138214,39115,39125,10
12.78831005,80.221138,39125,39146,21
12.78831005,80.221138,39146,39156,10
12.78808975,80.22103882,39156,39166,10
12.78789997,80.22097778,39166,39176,10
12.78787994,80.22097778,39176,39186,10
12.78773975,80.22093964,39186,39196,10
12.78752041,80.22086334,39196,39206,10
12.78750038,80.22084808,39206,39216,10
12.78728008,80.22077179,39216,39227,11
12.78707981,80.22068787,39227,39237,10
12.78701019,80.22065735,39237,39247,10
12.78660011,80.22049713,39247,39277,30
12.78660011,80.22049713,39277,39287,10
12.78633976,80.22039032,39287,39297,10
12.78617954,80.22036743,39297,39307,10
12.78617001,80.22052002,39307,39318,11
12.78616047,80.22081757,39318,39328,10
12.78617954,80.22112274,39328,39338,10
12.78625965,80.22151184,39338,39398,60
12.78623962,80.22187805,39398,39439,41
12.78623962,80.22187805,39439,39449,10
12.78616047,80.22212219,39449,39985,536
12.7862196,80.2219162,39985,40278,293
12.7862196,80.2219162,40278,40289,11
12.78623009,80.22167969,40289,40299,10
12.78614998,80.2213974,40299,40309,10
12.78616047,80.22118378,40309,40319,10
12.78617001,80.22100067,40319,40329,10
12.78616047,80.22068024,40329,40369,40
12.78617954,80.22033691,40369,40430,61
12.78617954,80.22033691,40430,40440,10
12.7863903,80.22032166,40440,40450,10
12.7864399,80.2203598,40450,40460,10
12.78654003,80.22044373,40460,40471,11
12.78666973,80.22049713,40471,40481,10
12.7870903,80.22064972,40481,40491,10
12.78779984,80.22090149,40491,40501,10
12.78874016,80.2212677,40501,40511,10
12.78956032,80.22155762,40511,40521,10
12.79026985,80.2217865,40521,40531,10
12.79125977,80.22203827,40531,40541,10
12.79244995,80.22234344,40541,40551,10
12.79389,80.22255707,40551,40562,11
12.79557991,80.22283936,40562,40572,10
12.79652023,80.22296906,40572,40582,10
12.79675961,80.22303009,40582,40592,10
12.79734993,80.22315216,40592,40602,10
12.79817009,80.22328949,40602,40612,10
12.79920006,80.22338867,40612,40622,10
12.80033016,80.22350311,40622,40632,10
12.80146027,80.22357941,40632,40642,10
12.80165005,80.22358704,40642,40653,11
12.80200958,80.22364044,40653,40663,10
12.80268955,80.22373962,40663,40673,10
12.80354977,80.22383118,40673,40683,10
12.80459976,80.22392273,40683,40693,10
12.80547047,80.22409821,40693,40703,10
12.80556965,80.22413635,40703,40713,10
12.80562019,80.22418976,40713,40723,10
12.80597973,80.22445679,40723,40733,10
12.80669022,80.22509766,40733,40744,11
12.80755997,80.22583008,40744,40754,10
12.80856037,80.22667694,40754,40764,10
12.80976963,80.22750854,40764,40774,10
12.81120014,80.22811127,40774,40784,10
12.8127203,80.22866058,40784,40794,10
12.81414032,80.22911835,40794,40804,10
12.81567001,80.22937012,40804,40814,10
12.8172102,80.22968292,40814,40825,11
12.81867981,80.23033905,40825,40835,10
12.81968975,80.2304306,40835,40845,10
12.81976986,80.23043823,40845,40855,10
12.81989002,80.23043823,40855,40865,10
12.8204298,80.23043823,40865,40875,10
12.82131958,80.23046112,40875,40885,10
12.82240009,80.23066711,40885,40895,10
12.82359028,80.23103333,40895,40905,10
12.82489967,80.23135376,40905,40916,11
12.82651043,80.23132324,40916,40926,10
12.82787991,80.2308197,40926,40936,10
12.82921982,80.23008728,40936,40946,10
12.83049965,80.22959137,40946,40956,10
12.83104038,80.22934723,40956,40966,10
12.83111,80.22933197,40966,40976,10
12.83143997,80.2292099,40976,40986,10
12.83201027,80.22905731,40986,40996,10
12.83281994,80.22894287,40996,41007,11
12.83397961,80.22875214,41007,41017,10
12.83522987,80.22853851,41017,41027,10
12.83656979,80.22834778,41027,41037,10
12.83786011,80.22814178,41037,41047,10
12.83885956,80.2278595,41047,41057,10
12.83930016,80.22775269,41057,41128,71
12.83930016,80.22775269,41128,41138,10
12.8394804,80.22772217,41138,41148,10
12.83952045,80.22772217,41148,41158,10
12.83981037,80.22763824,41158,41168,10
12.84043026,80.2274704,41168,41178,10
12.8413496,80.22721863,41178,41189,11
12.8425703,80.22693634,41189,41199,10
12.84385014,80.22672272,41199,41209,10
12.84533024,80.22653961,41209,41229,20
12.84533024,80.22653961,41229,41239,10
12.84547997,80.22653961,41239,41249,10
12.84589005,80.22654724,41249,41259,10
12.8466301,80.22653961,41259,41269,10
12.84764004,80.22654724,41269,41280,11
12.8489399,80.2265625,41280,41290,10
12.85025978,80.22654724,41290,41300,10
12.8516798,80.22660828,41300,41310,10
12.85315037,80.22663116,41310,41320,10
12.8546896,80.22651672,41320,41330,10
12.85622978,80.22634888,41330,41340,10
12.8576498,80.22619629,41340,41351,11
12.85865974,80.22621155,41351,41361,10
12.85990047,80.22640228,41361,41372,11
12.86087036,80.22650909,41372,41382,10
12.86093044,80.22653198,41382,41392,10
12.86130047,80.22653961,41392,41402,10
12.86201954,80.22650909,41402,41412,10
12.86299992,80.22646332,41412,41422,10
12.86413002,80.22647858,41422,41432,10
12.8654604,80.22651672,41432,41442,10
12.86676979,80.22647095,41442,41453,11
12.86828995,80.2263031,41453,41463,10
12.86973953,80.22646332,41463,41473,10
12.87121964,80.22657013,41473,41483,10
12.87240028,80.22660828,41483,41493,10
12.87283993,80.22660065,41493,41503,10
12.87298012,80.22660065,41503,41513,10
12.87353039,80.22663116,41513,41523,10
12.87436008,80.22672272,41523,41533,10
12.87537956,80.22685242,41533,41544,11
12.87672043,80.22683716,41544,41675,131
12.87672043,80.22683716,41675,41685,10
12.87683964,80.22686768,41685,41695,10
12.87736034,80.22682953,41695,41705,10
12.87823009,80.22676849,41705,41715,10
12.87930012,80.22669983,41715,41726,11
12.88068008,80.22666931,41726,41736,10
12.88204956,80.22667694,41736,41746,10
12.8835001,80.22666931,41746,41756,10
12.88473988,80.22663116,41756,41766,10
12.88514042,80.22662354,41766,41776,10
12.88554955,80.2266922,41776,41786,10
12.88626003,80.22689056,41786,41796,10
12.88718033,80.22711945,41796,41806,10
12.88829994,80.22727203,41806,41817,11
12.88971996,80.22730255,41817,41827,10
12.89111996,80.22728729,41827,41837,10
12.89229012,80.22727966,41837,41867,30
12.89229012,80.22727966,41867,41877,10
12.89241028,80.22727966,41877,41887,10
12.89262009,80.22731781,41887,41898,11
12.89332008,80.22741699,41898,41908,10
12.89422989,80.2275238,41908,41918,10
12.89533997,80.22757721,41918,41928,10
12.89665985,80.22763824,41928,41938,10
12.89799023,80.2277298,41938,41948,10
12.89918041,80.22779846,41948,41958,10
12.89999962,80.22783661,41958,41978,20
12.89999962,80.22783661,41978,41989,11
12.90038013,80.22788239,41989,41999,10
12.90073967,80.22789001,41999,42009,10
12.90112972,80.22792053,42009,42019,10
12.90165997,80.22792053,42019,42029,10
12.90207958,80.22795868,42029,42039,10
12.90237999,80.22799683,42039,42049,10
12.90279961,80.22801208,42049,42059,10
12.90308952,80.22796631,42059,42069,10
12.90363979,80.22802734,42069,42080,11
12.90452003,80.22811127,42080,42090,10
12.90546036,80.2281723,42090,42100,10
12.90627956,80.22824097,42100,42130,30
12.90627956,80.22824097,42130,42140,10
12.90655994,80.22827911,42140,42150,10
12.90699005,80.22827911,42150,42160,10
12.90773964,80.2283783,42160,42171,11
12.90888023,80.22857666,42171,42181,10
12.91014957,80.22879028,42181,42191,10
12.91158009,80.22899628,42191,42201,10
12.91306019,80.22917175,42201,42211,10
12.91384983,80.22927856,42211,42221,10
12.91394043,80.22930145,42221,42231,10
12.91432953,80.22936249,42231,42241,10
12.91508007,80.22946167,42241,42251,10
12.91609955,80.22960663,42251,42262,11
12.91742992,80.22979736,42262,42272,10
12.91880989,80.2299881,42272,42282,10
12.92031956,80.23016357,42282,42292,10
12.9218998,80.23040009,42292,42302,10
12.92352009,80.23065186,42302,42312,10
12.92514992,80.23082733,42312,42322,10
12.92654037,80.23101807,42322,42332,10
12.9278698,80.23114014,42332,42343,11
12.92943954,80.23143005,42343,42353,10
12.93080044,80.23175812,42353,42363,10
12.93198013,80.2321701,42363,42373,10
12.93317032,80.2325592,42373,42383,10
12.93424034,80.23306274,42383,42393,10
12.93544006,80.2335968,42393,42403,10
12.93642044,80.23403931,42403,42413,10
12.93739986,80.23454285,42413,42423,10
12.93852043,80.23509216,42423,42434,11
12.93962955,80.23561859,42434,42444,10
12.93974972,80.23564911,42444,42454,10
12.93992043,80.23574066,42454,42464,10
12.94048023,80.23596191,42464,42474,10
12.94128036,80.23616028,42474,42484,10
12.94225979,80.23641205,42484,42494,10
12.94322014,80.23692322,42494,42504,10
12.94402981,80.23777771,42504,42514,10
12.9449501,80.2387619,42514,42525,11
12.94626045,80.23960114,42525,42535,10
12.94731998,80.24001312,42535,42545,10
12.94750977,80.24008179,42545,42555,10
12.94769001,80.24015808,42555,42565,10
12.9481802,80.24035645,42565,42575,10
12.94853973,80.24049377,42575,42585,10
12.94869041,80.24054718,42585,42595,10
12.94908047,80.24073792,42595,42605,10
12.94970036,80.24095917,42605,42616,11
12.95065975,80.24124908,42616,42626,10
12.95092964,80.24134064,42626,42636,10
12.95104027,80.2414093,42636,42646,10
12.95151997,80.24160004,42646,42656,10
12.95228004,80.24185944,42656,42666,10
12.95320988,80.24223328,42666,42676,10
12.95398045,80.24255371,42676,42686,10
12.95464039,80.24282837,42686,42696,10
12.9553299,80.24308777,42696,42707,11
12.95615959,80.24340057,42707,42727,20
12.95615959,80.24340057,42727,42737,10
12.95648003,80.24349976,42737,42747,10
12.95716953,80.24378967,42747,42757,10
12.95798016,80.24411011,42757,42767,10
12.95862007,80.24436188,42767,42777,10
12.95878983,80.24446869,42777,42787,10
12.95932961,80.24475861,42787,42798,11
12.96014977,80.24513245,42798,42808,10
12.96109962,80.24558258,42808,42818,10
12.96208,80.24604797,42818,42828,10
12.96284008,80.24638367,42828,42838,10
12.96329975,80.24662018,42838,42848,10
12.9636898,80.24681854,42848,42858,10
12.96436977,80.24707794,42858,42868,10
12.96527958,80.24739075,42868,42879,11
12.96619987,80.2477417,42879,42899,20
12.96619987,80.2477417,42899,42909,10
12.96650028,80.24794006,42909,42919,10
12.96695042,80.2481308,42919,42929,10
12.96763992,80.24838257,42929,42939,10
12.96856976,80.24875641,42939,42949,10
12.9695797,80.24913788,42949,42959,10
12.9708004,80.24958038,42959,42970,11
12.97237968,80.25006104,42970,42980,10
12.97369957,80.25041962,42980,42990,10
12.97492981,80.2507782,42990,43000,10
12.97630024,80.25115967,43000,43010,10
12.97749043,80.2516098,43010,43020,10
12.97832966,80.25224304,43020,43030,10
12.97842026,80.25229645,43030,43040,10
12.97859001,80.25240326,43040,43050,10
12.97898006,80.25254822,43050,43061,11
12.97928047,80.25257874,43061,43071,10
12.97966957,80.25261688,43071,43081,10
12.98015976,80.25263214,43081,43091,10
12.98093033,80.25263214,43091,43101,10
12.98180008,80.25261688,43101,43111,10
12.98268986,80.25257111,43111,43121,10
12.98379993,80.25240326,43121,43131,10
12.98488045,80.25209808,43131,43141,10
12.98546028,80.25192261,43141,43152,11
12.98583031,80.25180054,43152,43162,10
12.98643017,80.25167084,43162,43172,10
12.98686028,80.2515564,43172,43182,10
12.98729038,80.25144196,43182,43192,10
12.98805046,80.25125122,43192,43202,10
12.98950958,80.25089264,43202,43222,20
12.98950958,80.25089264,43222,43232,10
12.98989964,80.25083923,43232,43243,11
12.99063969,80.25067902,43243,43253,10
12.99158001,80.2504425,43253,43263,10
12.99269009,80.25016022,43263,43273,10
12.99396038,80.24983215,43273,43283,10
12.99534988,80.2494812,43283,43293,10
12.9965601,80.24912262,43293,43303,10
12.99678993,80.24906158,43303,43313,10
12.99728966,80.24894714,43313,43323,10
12.99818039,80.24874878,43323,43334,11
12.99921989,80.24848938,43334,43344,10
13.00045013,80.24819946,43344,43354,10
13.0018301,80.24784851,43354,43364,10
13.00333023,80.24754333,43364,43374,10
13.00481987,80.24732208,43374,43384,10
13.00588036,80.24707794,43384,43394,10
13.00632954,80.24678802,43394,43404,10
13.00642014,80.24662018,43404,43415,11
13.00646019,80.24655914,43415,43425,10
13.00658035,80.24617767,43425,43435,10
13.00662041,80.24556732,43435,43445,10
13.00662994,80.24504089,43445,43455,10
13.00660038,80.24474335,43455,43465,10
13.00662994,80.2442627,43465,43475,10
13.00662041,80.24382019,43475,43485,10
13.00662041,80.24331665,43485,43495,10
13.00658989,80.2427063,43495,43506,11
13.00658989,80.24175262,43506,43516,10
13.00667,80.24079132,43516,43526,10
13.00681019,80.23982239,43526,43536,10
13.00699997,80.2387619,43536,43546,10
13.0072403,80.23769379,43546,43556,10
13.00736046,80.23692322,43556,43566,10
13.00739956,80.23670197,43566,43576,10
13.00745964,80.23651886,43576,43586,10
13.00759029,80.23600769,43586,43597,11
13.00776005,80.23522186,43597,43607,10
13.00778008,80.23512268,43607,43617,10
13.00786018,80.2348175,43617,43627,10
13.00798035,80.23412323,43627,43637,10
13.00819016,80.23307037,43637,43647,10
13.00846004,80.23178101,43647,43657,10
13.00870991,80.23047638,43657,43667,10
13.00899982,80.22914124,43667,43676,9
13.00928974,80.22799683,43676,43688,12
13.00990009,80.22663879,43688,43698,10
13.01039028,80.22563934,43698,43708,10
13.01084042,80.22477722,43708,43718,10
13.01107025,80.22409058,43718,43728,10
13.01111031,80.22400665,43728,43738,10
13.01119995,80.22371674,43738,43748,10
13.01142025,80.22332764,43748,43758,10
13.01175022,80.2226181,43758,43768,10
13.01220036,80.22161102,43768,43779,11
13.01251984,80.22180176,43779,43789,10
13.01301003,80.22232056,43789,43799,10
13.0136404,80.2230072,43799,43809,10
13.01395035,80.2233963,43809,43819,10
13.01469994,80.22418213,43819,43829,10
13.0153904,80.22483826,43829,43849,20
13.0153904,80.22483826,43849,43859,10
13.0157299,80.2252121,43859,43870,11
13.01650047,80.22531891,43870,43880,10
13.0174799,80.22493744,43880,43890,10
13.01861,80.22447968,43890,43900,10
13.01951981,80.22438049,43900,43951,51
13.01951981,80.22438049,43951,43961,10
13.0197897,80.22464752,43961,43971,10
13.02031994,80.22503662,43971,43981,10
13.02079964,80.22537994,43981,43991,10
13.02128983,80.22577667,43991,44001,10
13.0218401,80.22618866,44001,44011,10
13.02250957,80.22672272,44011,44021,10
13.02320957,80.2273407,44021,44031,10
13.02369022,80.22776794,44031,44042,11
13.02406025,80.22810364,44042,44052,10
13.02423954,80.22830963,44052,44062,10
13.02441025,80.22852325,44062,44092,30
13.02441025,80.22852325,44092,44102,10
13.02431011,80.22865295,44102,44112,10
13.02420044,80.22859955,44112,44122,10
13.02404022,80.2283783,44122,44133,11
13.02383041,80.22810364,44133,44143,10
13.02342033,80.22769928,44143,44173,30
13.02342033,80.22769928,44173,44183,10
13.02315044,80.22747803,44183,44487,304
13.02315044,80.22747803,44487,44497,10
13.02283955,80.22702026,44497,44507,10
13.02239037,80.22657776,44507,44517,10
13.02194977,80.22621918,44517,44527,10
13.02145958,80.22586823,44527,44537,10
13.02081013,80.22538757,44537,44547,10
13.02013016,80.22492981,44547,44557,10
13.01939011,80.22451019,44557,44567,10
13.01840973,80.22463226,44567,44578,11
13.01731014,80.2250824,44578,44588,10
13.01651001,80.22541809,44588,44598,10
13.01597977,80.22559357,44598,44608,10
13.01537991,80.22582245,44608,44618,10
13.01508999,80.22596741,44618,44628,10
13.01480007,80.22608948,44628,44638,10
13.0143404,80.22627258,44638,44648,10
13.01422977,80.22631836,44648,44658,10
13.0137701,80.22647858,44658,44669,11
13.01294041,80.22679901,44669,44679,10
13.01204967,80.22714996,44679,44689,10
13.01105976,80.22753143,44689,44699,10
13.01006985,80.22795868,44699,44709,10
13.0092802,80.22834015,44709,44719,10
13.00895977,80.22924805,44719,44729,10
13.00860977,80.23026276,44729,44739,10
13.00846004,80.23113251,44739,44749,10
13.00837994,80.23194122,44749,44760,11
13.0083704,80.2322998,44760,44770,10
13.00837994,80.23246765,44770,44780,10
13.00829029,80.23282623,44780,44790,10
13.00819969,80.23345947,44790,44800,10
13.00817966,80.23355865,44800,44810,10
13.00817966,80.23368073,44810,44820,10
13.00806999,80.23399353,44820,44830,10
13.00792027,80.23462677,44830,44840,10
13.00786018,80.23491669,44840,44851,11
13.00778961,80.23529053,44851,44861,10
13.00761032,80.23590088,44861,44871,10
13.00739956,80.23705292,44871,44881,10
13.00712967,80.23822021,44881,44891,10
13.00695038,80.23937225,44891,44901,10
13.00681973,80.24018097,44901,44911,10
13.00671005,80.24085999,44911,44921,10
13.00664043,80.24152374,44921,44931,10
13.00662994,80.24227905,44931,44942,11
13.00660992,80.24291992,44942,44953,11
13.00658035,80.24356842,44953,44963,10
13.0065403,80.24449921,44963,44973,10
13.00658035,80.24549866,44973,44983,10
13.00664043,80.24632263,44983,44993,10
13.00667953,80.24674225,44993,45003,10
13.00667,80.24726105,45003,45013,10
13.00621033,80.24736023,45013,45034,21
13.00621033,80.24736023,45034,45044,10
13.00605011,80.24733734,45044,45054,10
13.00559998,80.24730682,45054,45064,10
13.00483036,80.24733734,45064,45074,10
13.00382042,80.24745941,45074,45084,10
13.00275993,80.24767303,45084,45094,10
13.00205994,80.24786377,45094,45104,10
13.00113964,80.24807739,45104,45115,11
12.99997044,80.24835968,45115,45125,10
12.99888039,80.24864197,45125,45135,10
12.99822044,80.24884033,45135,45145,10
12.99808025,80.24887085,45145,45155,10
12.99754047,80.24897766,45155,45165,10
12.99670982,80.24919891,45165,45175,10
12.99565029,80.24945831,45175,45185,10
12.99454021,80.24978638,45185,45195,10
12.99322987,80.25010681,45195,45206,11
12.9917202,80.25048065,45206,45216,10
12.99098015,80.2507019,45216,45226,10
12.99094009,80.25071716,45226,45236,10
12.99053955,80.25081635,45236,45246,10
12.9897604,80.25093842,45246,45256,10
12.98892021,80.25113678,45256,45266,10
12.98806,80.25141144,45266,45388,122
12.98806,80.25141144,45388,45398,10
12.98775005,80.25151062,45398,45408,10
12.98715973,80.25164032,45408,45418,10
12.98643017,80.25182343,45418,45428,10
12.98556042,80.25202179,45428,45438,10
12.98451042,80.25228119,45438,45448,10
12.98328018,80.25257874,45448,45458,10
12.98192024,80.25267029,45458,45468,10
12.98073006,80.25272369,45468,45479,11
12.98013973,80.25276947,45479,45489,10
12.98003006,80.25276184,45489,45499,10
12.97978973,80.25270844,45499,45509,10
12.97924042,80.2526474,45509,45519,10
12.97871017,80.25257874,45519,45529,10
12.97865009,80.25257111,45529,45539,10
12.9782896,80.25237274,45539,45549,10
12.97770023,80.2518692,45549,45560,11
12.97669983,80.25128174,45560,45570,10
12.97552013,80.25093842,45570,45580,10
12.97422981,80.25055695,45580,45590,10
12.97299004,80.25022125,45590,45600,10
12.97179985,80.24990845,45600,45610,10
12.97049046,80.24958038,45610,45620,10
12.96914005,80.24907684,45620,45630,10
12.96780014,80.2485199,45630,45640,10
12.96685982,80.24807739,45640,45651,11
12.96619987,80.24775696,45651,45661,10
12.96549988,80.2474823,45661,45671,10
12.96502018,80.24732971,45671,45681,10
12.96483994,80.24726105,45681,45691,10
12.96436024,80.24707794,45691,45701,10
12.96376038,80.24684906,45701,45711,10
12.9630003,80.24645996,45711,45721,10
12.96197987,80.24597168,45721,45731,10
12.96080017,80.24542236,45731,45742,11
12.95960045,80.24491882,45742,45752,10
12.95926952,80.24476624,45752,45762,10
12.9591198,80.24468231,45762,45772,10
12.95860004,80.24443054,45772,45782,10
12.95788002,80.24414063,45782,45792,10
12.95683956,80.24381256,45792,45822,30
12.95683956,80.24381256,45822,45833,11
12.95662022,80.24369049,45833,45873,40
12.95662022,80.24369049,45873,45883,10
12.95617962,80.24349976,45883,45893,10
12.95561981,80.24324799,45893,45903,10
12.95481014,80.24288177,45903,45913,10
12.95411015,80.24256897,45913,45924,11
12.95328999,80.24223328,45924,45934,10
12.95244026,80.24189758,45934,45944,10
12.95189953,80.24173737,45944,45954,10
12.95172977,80.24165344,45954,45964,10
12.95119953,80.24144745,45964,45974,10
12.95042038,80.24120331,45974,45984,10
12.94917011,80.24082184,45984,46025,41
12.94917011,80.24082184,46025,46035,10
12.9487896,80.24069214,46035,46045,10
12.94826031,80.24046326,46045,46055,10
12.94744015,80.24011993,46055,46065,10
12.94659996,80.23977661,46065,46075,10
12.94569016,80.2394104,46075,46085,10
12.94546032,80.23927307,46085,46095,10
12.94522953,80.23911285,46095,46106,11
12.94472027,80.2386322,46106,46116,10
12.94408035,80.23792267,46116,46126,10
12.94332027,80.23708344,46126,46136,10
12.94219017,80.23641205,46136,46146,10
12.94077969,80.23606873,46146,46156,10
12.93976974,80.23578644,46156,46166,10
12.93964005,80.23573303,46166,46176,10
12.93918991,80.23549652,46176,46187,11
12.93838978,80.2350769,46187,46197,10
12.93747044,80.23464203,46197,46207,10
12.93640995,80.23413086,46207,46217,10
12.93577957,80.23384094,46217,46227,10
12.93515968,80.23355103,46227,46237,10
12.93375969,80.23291779,46237,46257,20
12.93375969,80.23291779,46257,46267,10
12.93346024,80.23275757,46267,46278,11
12.93276978,80.23246765,46278,46288,10
12.93185043,80.23213959,46288,46298,10
12.93074989,80.23178864,46298,46308,10
12.92949963,80.23146057,46308,46318,10
12.92819023,80.23121643,46318,46328,10
12.92675018,80.23101807,46328,46338,10
12.92535019,80.23085022,46338,46348,10
12.92405987,80.23071289,46348,46358,10
12.92286015,80.23052979,46358,46369,11
12.92140007,80.23033142,46369,46379,10
12.92002964,80.2301712,46379,46389,10
12.91872978,80.2299881,46389,46399,10
12.91761017,80.2298584,46399,46409,10
12.91668987,80.22972107,46409,46419,10
12.91563988,80.22956848,46419,46429,10
12.91446018,80.22939301,46429,46439,10
12.91359997,80.22933197,46439,46449,10
12.91349983,80.22930908,46449,46460,11
12.91327953,80.22927094,46460,46470,10
12.91265965,80.22915649,46470,46480,10
12.91176033,80.22902679,46480,46490,10
12.91069031,80.22888947,46490,46500,10
12.90944958,80.22868347,46500,46510,10
12.90814018,80.22846222,46510,46520,10
12.9072504,80.22836304,46520,46530,10
12.90699005,80.22828674,46530,46540,10
12.90664959,80.22825623,46540,46551,11
12.90585041,80.22820282,46551,46561,10
12.90482044,80.22814941,46561,46571,10
12.90365028,80.22808075,46571,46581,10
12.90301037,80.2280426,46581,46591,10
12.90235996,80.22799683,46591,46601,10
12.90118027,80.22795105,46601,46692,91
12.90118027,80.22795105,46692,46702,10
12.90106964,80.22795105,46702,46712,10
12.90060043,80.22792053,46712,46722,10
12.89941978,80.22789001,46722,46743,21
12.89941978,80.22789001,46743,46753,10
12.89918995,80.22788239,46753,46763,10
12.8985796,80.22783661,46763,46773,10
12.89768028,80.22779846,46773,46783,10
12.89665985,80.22773743,46783,46793,10
12.8957901,80.22769165,46793,46803,10
12.89500999,80.22763824,46803,46814,11
12.89400005,80.22759247,46814,46824,10
12.89284992,80.22747803,46824,46834,10
12.89151955,80.22738647,46834,46844,10
12.8900404,80.22737885,46844,46854,10
12.8884697,80.22736359,46854,46864,10
12.88698006,80.22718048,46864,46874,10
12.88562012,80.22683716,46874,46884,10
12.88484001,80.22676086,46884,46894,10
12.88469982,80.22676086,46894,46905,11
12.88416004,80.22673798,46905,46915,10
12.88331985,80.22673798,46915,46925,10
12.88226032,80.22672272,46925,46935,10
12.88105011,80.22673035,46935,46945,10
12.87967014,80.22673798,46945,46955,10
12.87819004,80.22683716,46955,46965,10
12.87693024,80.2269516,46965,46975,10
12.87625027,80.22702026,46975,46985,10
12.87615967,80.22701263,46985,46996,11
12.87563992,80.22699738,46996,47006,10
12.87481976,80.22689819,47006,47016,10
12.8737402,80.22678375,47016,47026,10
12.87277985,80.22675323,47026,47036,10
12.87255001,80.22673798,47036,47046,10
12.87199974,80.22672272,47046,47056,10
12.87112045,80.22667694,47056,47066,10
12.8701601,80.22660065,47066,47076,10
12.86878967,80.22644043,47076,47087,11
12.86727047,80.22648621,47087,47097,10
12.86606979,80.22660065,47097,47107,10
12.86483002,80.22662354,47107,47117,10
12.86343002,80.22654724,47117,47127,10
12.86192989,80.22660065,47127,47137,10
12.86036968,80.22653961,47137,47147,10
12.85900021,80.22635651,47147,47157,10
12.85797024,80.22625732,47157,47167,10
12.85678005,80.22634125,47167,47178,11
12.85529041,80.22650146,47178,47188,10
12.85381031,80.22664642,47188,47198,10
12.85223007,80.22667694,47198,47208,10
12.85058975,80.22660828,47208,47218,10
12.84895992,80.22657776,47218,47228,10
12.84747028,80.22660065,47228,47238,10
12.84617043,80.22660828,47238,47248,10
12.84543991,80.22662354,47248,47258,10
12.84531021,80.22663116,47258,47269,11
12.84494019,80.22663116,47269,47279,10
12.8442297,80.22666168,47279,47289,10
12.84327984,80.22679138,47289,47299,10
12.84218025,80.22696686,47299,47309,10
12.84092045,80.2273407,47309,47319,10
12.84012032,80.22760773,47319,47329,10
12.83971024,80.22779083,47329,47339,10
12.83969975,80.22779846,47339,47349,10
12.83938026,80.22789764,47349,47360,11
12.83866978,80.22801971,47360,47370,10
12.83775043,80.22821808,47370,47380,10
12.83664989,80.22840118,47380,47390,10
12.83537006,80.22857666,47390,47400,10
12.83393955,80.2288208,47400,47410,10
12.83275032,80.22905731,47410,47420,10
12.83240986,80.22913361,47420,47430,10
12.83234024,80.22914124,47430,47441,11
12.83181953,80.22923279,47441,47451,10
12.83100986,80.22947693,47451,47461,10
12.82997036,80.22985077,47461,47471,10
12.82878971,80.23034668,47471,47481,10
12.82759953,80.23101807,47481,47491,10
12.82641029,80.23137665,47491,47501,10
12.82514,80.23143005,47501,47511,10
12.82376957,80.23116302,47511,47521,10
12.82229996,80.23072052,47521,47532,11
12.82054043,80.23049164,47532,47542,10
12.81892014,80.23047638,47542,47552,10
12.81758976,80.2299118,47552,47562,10
12.81616974,80.22949982,47562,47572,10
12.81462002,80.22927094,47572,47582,10
12.81324005,80.22891998,47582,47592,10
12.81192017,80.22843933,47592,47602,10
12.81048965,80.22789001,47602,47612,10
12.80912018,80.227211,47612,47623,11
12.80784035,80.22618103,47623,47633,10
12.8070097,80.22544098,47633,47643,10
12.80646038,80.22493744,47643,47653,10
12.80585957,80.22438812,47653,47663,10
12.8053503,80.22408295,47663,47673,10
12.80508995,80.22400665,47673,47683,10
12.80490971,80.22398376,47683,47693,10
12.80430031,80.22390747,47693,47703,10
12.80340958,80.22384644,47703,47714,11
12.8022604,80.22370148,47714,47724,10
12.80105972,80.22357941,47724,47734,10
12.79971981,80.2234726,47734,47744,10
12.79823971,80.22332764,47744,47754,10
12.79675007,80.22309113,47754,47764,10
12.79555035,80.22286224,47764,47774,10
12.79424,80.22265625,47774,47784,10
12.79279995,80.22245026,47784,47794,10
12.79144955,80.22215271,47794,47805,11
12.79024982,80.22184753,47805,47815,10
12.78981018,80.22173309,47815,47825,10
12.78950024,80.22161102,47825,47835,10
12.78886986,80.22136688,47835,47845,10
12.78818035,80.22109985,47845,47855,10
12.78796005,80.2210083,47855,47865,10
12.78775978,80.22093201,47865,47875,10
12.78709984,80.22065735,47875,47896,21
12.78709984,80.22065735,47896,47906,10
12.78682041,80.22058105,47906,47936,30
12.78682041,80.22058105,47936,47946,10
12.78666973,80.22049713,47946,47956,10
12.78627968,80.22032928,47956,47966,10
12.78617001,80.22049713,47966,47977,11
12.78616047,80.22083282,47977,47987,10
12.78619957,80.22103119,47987,47997,10
12.78617001,80.2212677,47997,48007,10
12.78619957,80.22158051,48007,48017,10
12.78619957,80.22196198,48017,48937,920
12.78625965,80.22181702,48937,49332,395
12.78621006,80.22193146,49332,49595,263
12.7862196,80.22190094,49595,49848,253
12.7862196,80.22190094,49848,49858,10
12.78617954,80.2218399,49858,49868,10
12.78617001,80.22148895,49868,49878,10
12.78617001,80.22126007,49878,49888,10
12.78614998,80.22093201,49888,49898,10
12.78614044,80.2204895,49898,49908,10
12.78641987,80.22039795,49908,49929,21
12.78641987,80.22039795,49929,49939,10
12.78652954,80.22045135,49939,49949,10
12.78687954,80.22059631,49949,49959,10
12.78756046,80.22084045,49959,49969,10
12.78835964,80.22115326,49969,49979,10
12.78929996,80.22148895,49979,49989,10
12.79012966,80.22174835,49989,49999,10
12.79113007,80.22200775,49999,50009,10
12.79234028,80.22231293,50009,50020,11
12.79386997,80.22254181,50020,50030,10
12.79524994,80.2227478,50030,50040,10
12.79609966,80.2228775,50040,50050,10
12.79650974,80.22296143,50050,50060,10
12.79699039,80.22306061,50060,50070,10
12.79775047,80.22319031,50070,50080,10
12.79870987,80.22332001,50080,50090,10
12.79975033,80.22342682,50090,50100,10
12.80091953,80.22353363,50100,50111,11
12.80158997,80.22357178,50111,50121,10
12.80177021,80.22358704,50121,50131,10
12.80233955,80.22367096,50131,50141,10
12.8031702,80.22379303,50141,50151,10
12.80410004,80.22383881,50151,50161,10
12.8050499,80.22396851,50161,50171,10
12.80556011,80.22411346,50171,50181,10
12.80566025,80.22416687,50181,50192,11
12.80607033,80.22453308,50192,50202,10
12.80669022,80.2250824,50202,50212,10
12.80751991,80.22579956,50212,50222,10
12.80848026,80.22663116,50222,50232,10
12.80967045,80.2274704,50232,50242,10
12.81110954,80.22808075,50242,50252,10
12.81266022,80.2286377,50252,50262,10
12.81369972,80.22898102,50262,50272,10
12.81447983,80.22917938,50272,50283,11
12.81560993,80.2293396,50283,50293,10
12.8168602,80.22955322,50293,50303,10
12.81812954,80.23005676,50303,50313,10
12.81921959,80.23043823,50313,50323,10
12.81976986,80.23042297,50323,50333,10
12.82005024,80.23040771,50333,50343,10
12.82075977,80.23040009,50343,50353,10
12.82176018,80.23049164,50353,50363,10
12.82289982,80.23081207,50363,50374,11
12.8243103,80.23119354,50374,50384,10
12.82573986,80.2313385,50384,50394,10
12.82707977,80.23117065,50394,50404,10
12.82824039,80.23059082,50404,50414,10
12.82952023,80.22995758,50414,50424,10
12.83067989,80.22949219,50424,50434,10
12.83106041,80.22931671,50434,50444,10
12.83115959,80.22928619,50444,50454,10
12.83162975,80.22917175,50454,50465,11
12.83248043,80.22895813,50465,50475,10
12.83353996,80.22879791,50475,50485,10
12.83479977,80.22859192,50485,50495,10
12.83619022,80.22837067,50495,50505,10
12.83759975,80.22815704,50505,50515,10
12.83868027,80.22786713,50515,50525,10
12.83911991,80.22772217,50525,50535,10
12.83940983,80.2276001,50535,50576,41
12.83940983,80.2276001,50576,50586,10
12.83975029,80.22750854,50586,50596,10
12.84031963,80.22743225,50596,50606,10
12.84109974,80.22724915,50606,50616,10
12.8420496,80.22704315,50616,50626,10
12.84321976,80.2268219,50626,50636,10
12.84447956,80.22666168,50636,50647,11
12.84535027,80.22660065,50647,50657,10
12.8453598,80.22660065,50657,50667,10
12.84552002,80.22660065,50667,50677,10
12.84603977,80.22659302,50677,50687,10
12.84687996,80.22657776,50687,50697,10
12.8478899,80.22657013,50697,50707,10
12.84916973,80.22653198,50707,50717,10
12.85060024,80.22653961,50717,50727,10
12.85214043,80.22662354,50727,50738,11
12.8538599,80.22660065,50738,50748,10
12.85540009,80.2264328,50748,50758,10
12.85692024,80.22624969,50758,50768,10
12.85801983,80.2261734,50768,50778,10
12.85896969,80.22622681,50778,50788,10
12.86009026,80.22640228,50788,50798,10
12.86131954,80.22651672,50798,50808,10
12.86268997,80.22647858,50808,50819,11
12.86433029,80.22650146,50819,50829,10
12.86575985,80.22651672,50829,50839,10
12.86684036,80.22644806,50839,50849,10
12.86798954,80.22634125,50849,50859,10
12.86919975,80.22638702,50859,50869,10
12.87043953,80.22653198,50869,50879,10
12.8716898,80.22657776,50879,50889,10
12.87226963,80.22657776,50889,50899,10
12.87240028,80.22657776,50899,50910,11
12.87283993,80.22660828,50910,50930,20
12.87283993,80.22660828,50930,50940,10
12.87302017,80.22663116,50940,50950,10
12.87357044,80.22666168,50950,50960,10
12.87444973,80.22675323,50960,50970,10
12.87553024,80.22686768,50970,50980,10
12.87644005,80.22686768,50980,50990,10
12.87672043,80.22683716,50990,51001,11
12.87687016,80.22683716,51001,51011,10
12.87749004,80.22679901,51011,51021,10
12.87845993,80.22672272,51021,51031,10
12.87959003,80.22666931,51031,51041,10
12.88086987,80.2266922,51041,51051,10
12.88230038,80.22666931,51051,51061,10
12.88376999,80.22663879,51061,51071,10
12.88490009,80.22660828,51071,51081,10
12.88521004,80.22663116,51081,51092,11
12.8856802,80.22672272,51092,51102,10
12.8864603,80.22693634,51102,51112,10
12.8875103,80.22715759,51112,51122,10
12.88875961,80.22727203,51122,51132,10
12.8901701,80.22727966,51132,51142,10
12.89120007,80.22727966,51142,51152,10
12.89173031,80.22727203,51152,51162,10
12.8923502,80.22728729,51162,51172,10
12.89317989,80.22740173,51172,51183,11
12.89383984,80.2275238,51183,51193,10
12.89433956,80.22756195,51193,51203,10
12.89511967,80.2276001,51203,51213,10
12.89608955,80.22763062,51213,51223,10
12.89723015,80.22767639,51223,51233,10
12.89846039,80.22775269,51233,51243,10
12.89937973,80.22779846,51243,51253,10
12.89992046,80.22781372,51253,51263,10
12.90044022,80.22783661,51263,51274,11
12.90095997,80.22788239,51274,51284,10
12.90143967,80.22792816,51284,51294,10
12.90217018,80.2279892,51294,51304,10
12.9028101,80.22796631,51304,51314,10
12.9029398,80.22795868,51314,51324,10
12.90347958,80.2279892,51324,51334,10
12.90431023,80.22807312,51334,51344,10
12.90536976,80.22808075,51344,51354,10
12.90639973,80.22814941,51354,51405,51
12.90639973,80.22814941,51405,51415,10
12.90670013,80.2281723,51415,51425,10
12.9073801,80.22825623,51425,51435,10
12.90835953,80.22841644,51435,51444,9
12.90942955,80.22859955,51444,51456,12
12.91112995,80.22886658,51456,51466,10
12.91259003,80.2290802,51466,51476,10
12.91380978,80.22923279,51476,51486,10
12.91399956,80.22926331,51486,51496,10
12.91405964,80.22927856,51496,51506,10
12.91450024,80.2293396,51506,51516,10
12.91524029,80.22947693,51516,51526,10
12.91627979,80.22962189,51526,51537,11
12.91761017,80.22979736,51537,51547,10
12.91895962,80.22998047,51547,51557,10
12.92043972,80.23017883,51557,51567,10
12.9219799,80.2303772,51567,51577,10
12.92348957,80.23061371,51577,51587,10
12.92492008,80.23078918,51587,51597,10
12.92611027,80.23090363,51597,51607,10
12.92644024,80.23094177,51607,51617,10
12.9266901,80.23097229,51617,51628,11
12.92737961,80.23105621,51628,51638,10
12.92831039,80.23119354,51638,51648,10
12.92940044,80.23139954,51648,51658,10
12.93062973,80.23169708,51658,51668,10
12.93198967,80.2321167,51668,51678,10
12.93319988,80.23255157,51678,51688,10
12.93350029,80.23268127,51688,51698,10
12.93360043,80.23272705,51698,51708,10
12.93402004,80.23294067,51708,51719,11
12.93492985,80.23332977,51719,51729,10
12.93591976,80.23377991,51729,51739,10
12.93704987,80.23432922,51739,51749,10
12.93822002,80.2348938,51749,51759,10
12.93922043,80.23538208,51759,51769,10
12.93957043,80.23555756,51769,51779,10
12.93999004,80.23576355,51779,51789,10
12.9407196,80.23599243,51789,51799,10
12.94171047,80.23622894,51799,51810,11
12.94291973,80.23668671,51810,51820,10
12.94386959,80.23760223,51820,51830,10
12.94484997,80.23866272,51830,51840,10
12.94602013,80.23947144,51840,51850,10
12.94707966,80.23989105,51850,51860,10
12.94799042,80.24024963,51860,51870,10
12.94880962,80.24060059,51870,51921,51
12.94880962,80.24060059,51921,51931,10
12.94919968,80.24073792,51931,51941,10
12.94983006,80.24092865,51941,51951,10
12.95069981,80.2412796,51951,51961,10
12.95118046,80.24144745,51961,51971,10
12.95125961,80.24144745,51971,51981,10
12.95174026,80.24160767,51981,51992,11
12.95252991,80.24192047,51992,52002,10
12.95347977,80.24227905,52002,52012,10
12.95444965,80.24266052,52012,52022,10
12.95508003,80.24289703,52022,52032,10
12.95584011,80.24313354,52032,52042,10
12.95631981,80.24330902,52042,52052,10
12.95633984,80.24331665,52052,52062,10
12.95674038,80.24346161,52062,52073,11
12.95748997,80.24381256,52073,52083,10
12.95839024,80.24420166,52083,52093,10
12.95888042,80.24442291,52093,52103,10
12.95901966,80.24449921,52103,52113,10
12.95952034,80.24475098,52113,52123,10
12.96028042,80.24510193,52123,52133,10
12.96123981,80.24552917,52133,52143,10
12.96228027,80.24603271,52143,52153,10
12.96277046,80.24626923,52153,52164,11
12.96278,80.24627686,52164,52174,10
12.96302032,80.24640656,52174,52184,10
12.96341038,80.24658966,52184,52194,10
12.96389961,80.24680328,52194,52204,10
12.96463013,80.24707794,52204,52214,10
12.96549988,80.24736786,52214,52224,10
12.96671963,80.24786377,52224,52244,20
12.96671963,80.24786377,52244,52255,11
12.96681976,80.24791718,52255,52265,10
12.96706009,80.24806976,52265,52275,10
12.96776009,80.24839783,52275,52285,10
12.96872044,80.24880219,52285,52295,10
12.96986961,80.24925995,52295,52305,10
12.97119045,80.24971008,52305,52315,10
12.97259045,80.25007629,52315,52325,10
12.97369957,80.25038147,52325,52335,10
12.97469044,80.2506485,52335,52346,11
12.97597027,80.25099945,52346,52356,10
12.9772501,80.2514267,52356,52366,10
12.9783802,80.25222778,52366,52386,20
12.9783802,80.25222778,52386,52396,10
12.97861004,80.25237274,52396,52406,10
12.97939014,80.25256348,52406,52426,20
12.97939014,80.25256348,52426,52437,11
12.97976017,80.25260162,52437,52447,10
12.98031998,80.25263214,52447,52457,10
12.98118973,80.25263214,52457,52467,10
12.98241997,80.25257874,52467,52487,20
12.98241997,80.25257874,52487,52497,10
12.98256969,80.25257111,52497,52507,10
12.98285961,80.25256348,52507,52517,10
12.98313046,80.25254059,52517,52528,11
12.98365974,80.25241089,52528,52598,70
12.98365974,80.25241089,52598,52609,11
12.98394012,80.25234985,52609,52619,10
12.98406029,80.25231171,52619,52649,30
12.98406029,80.25231171,52649,52659,10
12.98443985,80.25218964,52659,52669,10
12.98480034,80.25209045,52669,52679,10
12.98501968,80.25200653,52679,52871,192
12.98501968,80.25200653,52871,52882,11
12.98550034,80.25187683,52882,52892,10
12.98573971,80.25180817,52892,52993,101
12.98573971,80.25180817,52993,53003,10
12.98608017,80.25174713,53003,53013,10
12.9861002,80.25174713,53013,53023,10
12.98635006,80.25167084,53023,53033,10
12.98690987,80.25154114,53033,53043,10
12.98771954,80.251297,53043,53144,101
12.98771954,80.251297,53144,53155,11
12.98777008,80.25128174,53155,53165,10
12.98814011,80.25119019,53165,53175,10
12.9888401,80.25102997,53175,53185,10
12.98948956,80.25090027,53185,53195,10
12.9897604,80.25086975,53195,53205,10
12.99022007,80.2507782,53205,53215,10
12.99122047,80.25052643,53215,53225,10
12.99221039,80.25028229,53225,53236,11
12.99341011,80.24997711,53236,53246,10
12.99470043,80.24964905,53246,53256,10
12.99610043,80.24929047,53256,53266,10
12.99761009,80.24890137,53266,53276,10
12.99919033,80.24849701,53276,53286,10
13.00082016,80.24809265,53286,53296,10
13.00242043,80.24768829,53296,53306,10
13.00401974,80.24742126,53306,53316,10
13.00543976,80.24720764,53316,53327,11
13.00638008,80.24662018,53327,53337,10
13.00646973,80.24645233,53337,53347,10
13.00652027,80.24635315,53347,53357,10
13.00660038,80.2460022,53357,53367,10
13.00662994,80.24533081,53367,53377,10
13.00660992,80.24446106,53377,53387,10
13.00656033,80.24356079,53387,53397,10
13.00652027,80.24252319,53397,53407,10
13.00652981,80.24141693,53407,53418,11
13.00662041,80.24060822,53418,53428,10
13.00675011,80.2401123,53428,53438,10
13.00691986,80.23921967,53438,53448,10
13.00712967,80.23815155,53448,53458,10
13.00730991,80.23731995,53458,53468,10
13.00734997,80.23687744,53468,53478,10
13.00736046,80.23680115,53478,53488,10
13.00749969,80.23635864,53488,53498,10
13.00765038,80.23564148,53498,53509,11
13.00788021,80.23458099,53509,53519,10
13.00813007,80.23342133,53519,53529,10
13.00837994,80.2321167,53529,53539,10
13.00864029,80.23074341,53539,53549,10
13.00891972,80.2293396,53549,53559,10
13.00914001,80.22831726,53559,53569,10
13.00965023,80.22702026,53569,53579,10
13.01019955,80.22579956,53579,53589,10
13.01070976,80.2247467,53589,53600,11
13.01103973,80.22408295,53600,53610,10
13.01105976,80.22405243,53610,53620,10
13.01111031,80.22399139,53620,53630,10
13.01126003,80.22357178,53630,53640,10
13.01150036,80.22292328,53640,53650,10
13.01185036,80.22207642,53650,53660,10
13.01222992,80.22142029,53660,53670,10
13.01245975,80.22167969,53670,53681,11
13.01299953,80.22229004,53681,53691,10
13.01368046,80.22299194,53691,53701,10
13.01422977,80.22370911,53701,53711,10
13.01480007,80.22444916,53711,53721,10
13.01527977,80.22483826,53721,53731,10
13.01543999,80.22492218,53731,53741,10
13.0155201,80.22502136,53741,53751,10
13.01587963,80.22528076,53751,53761,10
13.01663971,80.22524261,53761,53772,11
13.0176897,80.22483063,53772,53782,10
13.01856995,80.22445679,53782,53792,10
13.01941967,80.22434235,53792,53822,30
13.01941967,80.22434235,53822,53832,10
13.01976967,80.22457123,53832,53842,10
13.0202198,80.22490692,53842,53852,10
13.02075958,80.22530365,53852,53863,11
13.02140045,80.22580719,53863,53873,10
13.02173996,80.22606659,53873,53883,10
13.02231979,80.22654724,53883,53893,10
13.0230999,80.22721863,53893,53903,10
13.02375031,80.22775269,53903,53913,10
13.02414989,80.22811127,53913,53923,10
13.02425957,80.228302,53923,53933,10
13.02437973,80.22841644,53933,53943,10
13.02427006,80.2285614,53943,53954,11
13.02394962,80.22820282,53954,53964,10
13.02365971,80.2278595,53964,53974,10
13.02324009,80.22746277,53974,54004,30
13.02324009,80.22746277,54004,54014,10
13.02303028,80.22724152,54014,54247,233
13.02303028,80.22724152,54247,54257,10
13.02293015,80.22718811,54257,54267,10
13.02268982,80.22691345,54267,54287,20
13.02268982,80.22691345,54287,54297,10
13.02256966,80.22676086,54297,54307,10
13.02219963,80.2264328,54307,54318,11
13.02157974,80.22589874,54318,54328,10
13.02095985,80.22540283,54328,54338,10
13.02019024,80.22489929,54338,54348,10
13.01928043,80.22438812,54348,54358,10
13.01828003,80.22458649,54358,54368,10
13.01729965,80.22499084,54368,54378,10
13.01663971,80.22528076,54378,54388,10
13.01622009,80.22544098,54388,54399,11
13.01556015,80.22567749,54399,54409,10
13.01467991,80.22605896,54409,54429,20
13.01455975,80.22612,54429,54449,20
13.01455975,80.22612,54449,54459,10
13.01432991,80.22619629,54459,54469,10
13.01377964,80.22641754,54469,54479,10
13.01305008,80.22669983,54479,54490,11
13.01212978,80.22705078,54490,54500,10
13.01111031,80.22741699,54500,54510,10
13.01010036,80.22783661,54510,54520,10
13.00918961,80.22834015,54520,54530,10
13.00891972,80.22946167,54530,54540,10
13.00868034,80.23072052,54540,54550,10
13.00841999,80.23197174,54550,54560,10
13.00823975,80.23314667,54560,54570,10
13.00821018,80.23343658,54570,54581,11
13.00813961,80.2336731,54581,54591,10
13.00802994,80.23415375,54591,54601,10
13.00784969,80.23493195,54601,54611,10
13.00765991,80.23583221,54611,54621,10
13.00743008,80.23699188,54621,54631,10
13.00720024,80.23803711,54631,54641,10
13.00704002,80.23880005,54641,54651,10
13.00687981,80.23960876,54651,54661,10
13.00675011,80.2403183,54661,54672,11
13.00660038,80.24134827,54672,54682,10
13.00658035,80.24259949,54682,54692,10
13.00656986,80.24385834,54692,54702,10
13.00658035,80.24481964,54702,54712,10
13.00667953,80.24571991,54712,54722,10
13.00671005,80.24661255,54722,54732,10
13.00673008,80.24706268,54732,54763,31
13.00673008,80.24706268,54763,54773,10
13.00664997,80.24739838,54773,54783,10
13.00613022,80.24742126,54783,54803,20
13.00613022,80.24742126,54803,54813,10
13.00566959,80.24732971,54813,54823,10
13.00492001,80.24732971,54823,54833,10
13.00391006,80.24742889,54833,54843,10
13.00273991,80.24761963,54843,54854,11
13.00137997,80.24791718,54854,54864,10
13.00002956,80.24826813,54864,54874,10
12.99868011,80.24862671,54874,54884,10
12.99736023,80.24894714,54884,54893,9
12.99612999,80.24925232,54893,54904,11
12.99464989,80.24964905,54904,54914,10
12.99330044,80.25,54914,54924,10
12.99190998,80.25032806,54924,54935,11
12.99108982,80.25058746,54935,54945,10
12.99104977,80.25060272,54945,54955,10
12.9907999,80.2506485,54955,54965,10
12.99020004,80.25080109,54965,54975,10
12.98960018,80.25095367,54975,55036,61
12.98960018,80.25095367,55036,55046,10
12.98933983,80.25090027,55046,55056,10
12.98892021,80.2509613,55056,55066,10
12.98845959,80.25109863,55066,55076,10
12.98781967,80.25128174,55076,55086,10
12.98742962,80.25140381,55086,55096,10
12.98725986,80.2514801,55096,55106,10
12.98686981,80.25160217,55106,55117,11
12.98655033,80.25170135,55117,55127,10
12.98620033,80.25177765,55127,55137,10
12.98548985,80.25196075,55137,55147,10
12.98451042,80.25224304,55147,55157,10
12.98336983,80.25253296,55157,55167,10
12.98213959,80.25263214,55167,55177,10
12.98122025,80.2526474,55177,55187,10
12.98056984,80.25267792,55187,55197,10
12.98023987,80.25273132,55197,55208,11
12.98003006,80.25273895,55208,55218,10
12.97974014,80.25269318,55218,55228,10
12.97918034,80.25260162,55228,55238,10
12.97854042,80.25250244,55238,55248,10
12.97846985,80.25247192,55248,55258,10
12.97817039,80.25227356,55258,55268,10
12.97760963,80.25177002,55268,55278,10
12.97669983,80.25124359,55278,55288,10
12.97556019,80.25087738,55288,55299,11
12.97424984,80.25050354,55299,55309,10
12.97296047,80.25016022,55309,55319,10
12.97167969,80.24984741,55319,55329,10
12.97043037,80.2494812,55329,55339,10
12.96930981,80.24903107,55339,55349,10
12.9684,80.24868774,55349,55359,10
12.96767998,80.24842072,55359,55369,10
12.96697044,80.2481308,55369,55379,10
12.96619987,80.24775696,55379,55390,11
12.9654398,80.24745941,55390,55400,10
12.96516991,80.24736786,55400,55410,10
12.96510029,80.24732208,55410,55420,10
12.96465015,80.24716187,55420,55430,10
12.96405029,80.24694061,55430,55439,9
12.96345997,80.24668884,55439,55460,21
12.96345997,80.24668884,55460,55470,10
12.96325016,80.246521,55470,55481,11
12.96257019,80.24617004,55481,55491,10
12.96164036,80.24571991,55491,55501,10
12.96057987,80.24523163,55501,55511,10
12.95960999,80.24484253,55511,55521,10
12.95938969,80.24475861,55521,55531,10
12.95905972,80.24458313,55531,55541,10
12.95837975,80.2442627,55541,55551,10
12.95769978,80.24398041,55551,55562,11
12.95689964,80.24373627,55562,55592,30
12.95689964,80.24373627,55592,55602,10
12.9565897,80.24365997,55602,55653,51
12.9565897,80.24365997,55653,55663,10
12.95635033,80.24358368,55663,55673,10
12.95596027,80.24340057,55673,55683,10
12.95520973,80.2430191,55683,55693,10
12.95425987,80.24259949,55693,55703,10
12.95312977,80.24214172,55703,55713,10
12.95207977,80.24175262,55713,55723,10
12.95186043,80.24167633,55723,55733,10
12.95174026,80.24163055,55733,55744,11
12.95114994,80.24140167,55744,55754,10
12.95032024,80.24111938,55754,55764,10
12.94935989,80.24085999,55764,55794,30
12.94935989,80.24085999,55794,55804,10
12.9491396,80.24079895,55804,55814,10
12.94853973,80.24054718,55814,55824,10
12.94769001,80.2401886,55824,55835,11
12.94721985,80.23999786,55835,55845,10
12.94717979,80.2399826,55845,55855,10
12.94680977,80.23982239,55855,55865,10
12.94614029,80.23951721,55865,55875,10
12.94524956,80.23906708,55875,55885,10
12.94443989,80.23825836,55885,55895,10
12.94357967,80.23731232,55895,55905,10
12.9424696,80.23647308,55905,55915,10
12.94110012,80.23610687,55915,55926,11
12.9399004,80.23578644,55926,55936,10
12.93964005,80.235672,55936,55946,10
12.9393301,80.23551178,55946,55956,10
12.9386797,80.23516846,55956,55966,10
12.93776989,80.23471069,55966,55976,10
12.93667984,80.23419189,55976,55986,10
12.93558979,80.2336731,55986,55996,10
12.93445969,80.23314667,55996,56006,10
12.93377972,80.23287201,56006,56017,11
12.93371964,80.23282623,56017,56027,10
12.93328953,80.23262787,56027,56037,10
12.93253994,80.23232269,56037,56047,10
12.93155003,80.23197174,56047,56057,10
12.93033981,80.2315979,56057,56067,10
12.92914963,80.23132324,56067,56077,10
12.92823029,80.23116302,56077,56087,10
12.92706013,80.23101807,56087,56097,10
12.92570972,80.23085785,56097,56108,11
12.92418003,80.23069,56108,56118,10
12.92276001,80.23049927,56118,56128,10
12.92127991,80.2303009,56128,56138,10
12.91985989,80.23010254,56138,56148,10
12.91856003,80.22992706,56148,56158,10
12.91730022,80.22976685,56158,56168,10
12.91602039,80.22958374,56168,56178,10
12.9147501,80.22940063,56178,56189,11
12.91329956,80.2292099,56189,56199,10
12.91191006,80.22901154,56199,56209,10
12.91042042,80.22879791,56209,56219,10
12.90898991,80.22856903,56219,56229,10
12.90779972,80.2283783,56229,56239,10
12.90699005,80.22827148,56239,56249,10
12.90655994,80.22821045,56249,56259,10
12.90616035,80.2281723,56259,56269,10
12.90559006,80.22814178,56269,56280,11
12.90450954,80.22808075,56280,56290,10
12.90344048,80.2280426,56290,56300,10
12.90231991,80.2279892,56300,56310,10
12.90135002,80.22798157,56310,56360,50
12.90135002,80.22798157,56360,56371,11
12.90122032,80.22795868,56371,56381,10
12.90098,80.22794342,56381,56391,10
12.90056038,80.22786713,56391,56401,10
12.90003967,80.22783661,56401,56411,10
12.89953995,80.22782135,56411,56421,10
12.89927006,80.22782135,56421,56431,10
12.89920044,80.22781372,56431,56441,10
12.89873981,80.2277832,56441,56451,10
12.89795971,80.22772217,56451,56462,11
12.89682961,80.2276535,56462,56472,10
12.89560986,80.2276001,56472,56482,10
12.89424992,80.22753906,56482,56492,10
12.89286995,80.22738647,56492,56502,10
12.89153004,80.22730255,56502,56512,10
12.89015961,80.22730255,56512,56522,10
12.8888998,80.22730255,56522,56532,10
12.88766956,80.22724152,56532,56542,10
12.88652992,80.22704315,56542,56553,11
12.88539028,80.22678375,56553,56563,10
12.88483047,80.22670746,56563,56573,10
12.88459015,80.22669983,56573,56583,10
12.88395023,80.22669983,56583,56593,10
12.88298988,80.22669983,56593,56603,10
12.88185024,80.22670746,56603,56613,10
12.88070965,80.22669983,56613,56623,10
12.87942028,80.22669983,56623,56633,10
12.87798977,80.22679138,56633,56644,11
12.87703991,80.22689056,56644,56654,10
12.87668037,80.22692871,56654,56664,10
12.87656975,80.22692108,56664,56674,10
12.87627029,80.22693634,56674,56684,10
12.87567997,80.22693634,56684,56694,10
12.87475014,80.22683716,56694,56704,10
12.87360954,80.22673035,56704,56714,10
12.87273026,80.22672272,56714,56725,11
12.8726902,80.22672272,56725,56735,10
12.87244987,80.22669983,56735,56745,10
12.87174988,80.22666931,56745,56755,10
12.87077045,80.22662354,56755,56765,10
12.86962986,80.22650909,56765,56775,10
12.86830997,80.22637939,56775,56785,10
12.86686039,80.22650146,56785,56795,10
12.86534023,80.2265625,56795,56805,10
12.86380005,80.22650909,56805,56816,11
12.86209965,80.22653961,56816,56826,10
12.86061001,80.22653961,56826,56836,10
12.85921955,80.22635651,56836,56846,10
12.85809994,80.22622681,56846,56856,10
12.85692978,80.2263031,56856,56866,10
12.85566044,80.22644806,56866,56876,10
12.85424042,80.22657013,56876,56886,10
12.85272026,80.22666931,56886,56896,10
12.85111046,80.22660065,56896,56907,11
12.84932041,80.22654724,56907,56917,10
12.84778976,80.22657013,56917,56927,10
12.84724998,80.22660065,56927,56937,10
12.84696007,80.22660828,56937,56947,10
12.84626007,80.22660065,56947,56957,10
12.84593964,80.22660828,56957,56967,10
12.84574986,80.22660065,56967,56977,10
12.84549999,80.22657776,56977,56987,10
12.84541035,80.22657013,56987,56998,11
12.84490967,80.22660065,56998,57008,10
12.84401989,80.22666931,57008,57018,10
12.84294987,80.22682953,57018,57028,10
12.84165001,80.22712708,57028,57038,10
12.84041023,80.22747803,57038,57048,10
12.83985996,80.22766113,57048,57058,10
12.83959007,80.22772217,57058,57068,10
12.83932972,80.22781372,57068,57078,10
12.8386898,80.22798157,57078,57089,11
12.83765984,80.22821808,57089,57099,10
12.8365097,80.22840881,57099,57109,10
12.83516026,80.22859955,57109,57119,10
12.83370972,80.22885132,57119,57129,10
12.8325901,80.22907257,57129,57139,10
12.83236027,80.22911835,57139,57149,10
12.8322897,80.22914124,57149,57159,10
12.83213997,80.22914124,57159,57169,10
12.83185959,80.22920227,57169,57180,11
12.83106995,80.22940063,57180,57190,10
12.83006001,80.22975922,57190,57200,10
12.82888031,80.23023987,57200,57210,10
12.82763004,80.23094177,57210,57220,10
12.82625961,80.23135376,57220,57230,10
12.82485008,80.23142242,57230,57240,10
12.82345963,80.23104858,57240,57250,10
12.82199955,80.23059845,57250,57261,11
12.8203001,80.23046112,57261,57271,10
12.81896019,80.23046875,57271,57281,10
12.81809998,80.2301178,57281,57291,10
12.81707954,80.22966003,57291,57301,10
12.81585026,80.22940063,57301,57311,10
12.81447983,80.22920227,57311,57321,10
12.81303024,80.22879791,57321,57331,10
12.81151009,80.22825623,57331,57341,10
12.81000042,80.22766113,57341,57352,11
12.8084898,80.22672272,57352,57362,10
12.80741978,80.22579956,57362,57372,10
12.80690002,80.2253418,57372,57382,10
12.80648041,80.22496796,57382,57392,10
12.80589962,80.22447205,57392,57402,10
12.80541039,80.22412109,57402,57432,30
12.80541039,80.22412109,57432,57443,11
12.80502033,80.22399902,57443,57453,10
12.80442047,80.22389984,57453,57463,10
12.80399036,80.22386169,57463,57473,10
12.80340958,80.22380829,57473,57483,10
12.80303955,80.22377777,57483,57493,10
12.80282974,80.22376251,57493,57503,10
12.8022604,80.22367859,57503,57513,10
12.80140018,80.22361755,57513,57523,10
12.80095959,80.22358704,57523,57534,11
12.80053043,80.22351074,57534,57544,10
12.79977036,80.22344208,57544,57554,10
12.79874039,80.22335052,57554,57564,10
12.79769993,80.22324371,57564,57574,10
12.79675961,80.2230835,57574,57584,10
12.79566956,80.2228775,57584,57594,10
12.79436016,80.22267914,57594,57604,10
12.79294014,80.22245789,57604,57614,10
12.79148006,80.22213745,57614,57625,11
12.78995991,80.22174835,57625,57635,10
12.78929996,80.22154236,57635,57645,10
12.78872967,80.22131348,57645,57655,10
12.78785038,80.22096252,57655,57675,20
12.78785038,80.22096252,57675,57685,10
12.78773975,80.22090912,57685,57705,20
12.78773975,80.22090912,57705,57716,11
12.78746033,80.22078705,57716,57726,10
12.7874403,80.22077942,57726,57736,10
12.78715992,80.22068024,57736,57756,20
12.78715992,80.22068024,57756,57766,10
12.78691959,80.22058105,57766,57776,10
12.78680038,80.22054291,57776,57786,10
12.78666019,80.2204895,57786,57797,11
12.78633976,80.2203598,57797,57908,111
12.78633976,80.2203598,57908,57918,10
12.78616047,80.22045898,57918,57928,10
12.78619003,80.22071838,57928,57938,10
12.78617954,80.22100067,57938,57948,10
12.78621006,80.22145081,57948,57958,10
12.78623962,80.22187042,57958,58808,850
12.78623962,80.22187042,58808,58818,10
12.7863102,80.22177887,58818,58828,10
12.78629017,80.22171021,58828,58838,10
12.78623962,80.22142029,58838,58848,10
12.78623009,80.22109985,58848,58859,11
12.78619957,80.22086334,58859,58869,10
12.78617001,80.22054291,58869,58879,10
12.78633022,80.22036743,58879,58889,10
12.78664017,80.22045898,58889,58899,10
12.78666019,80.22046661,58899,58909,10
12.78682041,80.22055817,58909,58919,10
12.7873497,80.22077179,58919,58929,10
12.78810024,80.22106934,58929,58939,10
12.78890991,80.22138214,58939,58950,11
12.78954029,80.22158051,58950,58960,10
12.79004002,80.22174072,58960,58970,10
12.79092979,80.22197723,58970,58980,10
12.79203987,80.222229,58980,58990,10
12.79339027,80.2224884,58990,59000,10
12.79473972,80.22270966,59000,59010,10
12.79627991,80.22293854,59010,59030,20
12.79627991,80.22293854,59030,59041,11
12.79658985,80.22302246,59041,59051,10
12.79724979,80.22315216,59051,59061,10
12.79819012,80.22331238,59061,59071,10
12.79922009,80.22342682,59071,59081,10
12.80035973,80.22353363,59081,59091,10
12.80138969,80.22360992,59091,59101,10
12.8016901,80.22363281,59101,59111,10
12.80206966,80.22367859,59111,59121,10
12.80276966,80.22377014,59121,59132,11
12.80377007,80.22386932,59132,59142,10
12.80477047,80.22396088,59142,59152,10
12.80508995,80.22400665,59152,59162,10
12.80548,80.22412872,59162,59172,10
12.80552959,80.22415924,59172,59182,10
12.80568027,80.22425079,59182,59192,10
12.80618,80.2246933,59192,59202,10
12.80688953,80.22532654,59202,59212,10
12.80774021,80.2260437,59212,59223,11
12.80873966,80.22686005,59223,59233,10
12.80978012,80.22756195,59233,59243,10
12.81103039,80.22808075,59243,59253,10
12.81245995,80.22853851,59253,59263,10
12.81392956,80.22902679,59263,59273,10
12.81550026,80.22933197,59273,59283,10
12.81709003,80.22962189,59283,59293,10
12.81826019,80.23016357,59293,59304,11
12.81919956,80.23049927,59304,59314,10
12.8198204,80.23046112,59314,59324,10
12.81991959,80.23046112,59324,59334,10
12.82009983,80.23046875,59334,59344,10
12.82071972,80.23046875,59344,59354,10
12.82164955,80.23052216,59354,59364,10
12.82275009,80.23078918,59364,59374,10
12.82404041,80.23114014,59374,59384,10
12.82544041,80.23137665,59384,59395,11
12.82709026,80.23120117,59395,59405,10
12.8284502,80.23049927,59405,59415,10
12.82977962,80.22989655,59415,59425,10
12.8309803,80.22942352,59425,59455,30
12.8309803,80.22942352,59455,59465,10
12.8312397,80.22937775,59465,59475,10
12.83176994,80.22921753,59475,59486,11
12.83263016,80.22904968,59486,59496,10
12.83362007,80.22886658,59496,59506,10
12.83475018,80.22866058,59506,59516,10
12.83598042,80.22846985,59516,59526,10
12.83722973,80.22827911,59526,59536,10
12.83833027,80.22805023,59536,59546,10
12.83909035,80.22786713,59546,59556,10
12.83934021,80.22769928,59556,59566,10
12.83953953,80.2276535,59566,59577,11
12.8400898,80.2275238,59577,59587,10
12.84078026,80.22734833,59587,59597,10
12.84144974,80.22720337,59597,59607,10
12.84195995,80.2270813,59607,59617,10
12.84259987,80.2269516,59617,59627,10
12.84344006,80.22679901,59627,59637,10
12.84440041,80.22666931,59637,59647,10
12.84504986,80.22660828,59647,59657,10
12.8451004,80.22660828,59657,59668,11
12.84521961,80.22666168,59668,59678,10
12.84570026,80.22663879,59678,59688,10
12.84640026,80.22660828,59688,59698,10
12.84733963,80.22660828,59698,59708,10
12.84815979,80.22660065,59708,59718,10
12.8489399,80.22660065,59718,59728,10
12.84961033,80.22653961,59728,59738,10
12.84972954,80.22654724,59738,59748,10
12.84988022,80.22653961,59748,59759,11
12.85050011,80.2265625,59759,59769,10
12.85134029,80.22660065,59769,59779,10
12.85235977,80.22663879,59779,59789,10
12.85354042,80.22666168,59789,59799,10
12.85484028,80.22653198,59799,59809,10
12.85604,80.22637939,59809,59819,10
12.85717964,80.22624969,59819,59829,10
12.85828972,80.22621918,59829,59840,11
12.85951042,80.22637177,59840,59850,10
12.86050034,80.22650146,59850,59860,10
12.8606596,80.22653198,59860,59870,10
12.86083984,80.22653961,59870,59880,10
12.86131001,80.22659302,59880,59890,10
12.86219978,80.2265625,59890,59900,10
12.86324978,80.22651672,59900,59910,10
12.86448002,80.22657013,59910,59920,10
12.86581039,80.22657013,59920,59931,11
12.86730003,80.22646332,59931,59941,10
12.86863995,80.22638702,59941,59951,10
12.86999035,80.22653198,59951,59961,10
12.87131977,80.22663879,59961,59971,10
12.87244034,80.22663879,59971,59981,10
12.87343979,80.22667694,59981,59991,10
12.87454987,80.22679138,59991,60001,10
12.87572002,80.22688293,60001,60011,10
12.87646008,80.22689056,60011,60022,11
12.87664032,80.22689819,60022,60032,10
12.87693024,80.22688293,60032,60042,10
12.87763023,80.22682953,60042,60052,10
12.87860966,80.22678375,60052,60062,10
12.87975979,80.22673798,60062,60072,10
12.8810997,80.22673035,60072,60082,10
12.88255024,80.22670746,60082,60092,10
12.8839798,80.22666931,60092,60102,10
12.88519955,80.22669983,60102,60113,11
12.88648033,80.22701263,60113,60123,10
12.88778973,80.22724915,60123,60133,10
12.88922977,80.2273407,60133,60143,10
12.89068031,80.22736359,60143,60153,10
12.89206982,80.22737122,60153,60163,10
12.89328003,80.22747803,60163,60173,10
12.89439964,80.22759247,60173,60183,10
12.89538002,80.22763824,60183,60193,10
12.89647961,80.22769165,60193,60204,11
12.89778996,80.22776031,60204,60214,10
12.89890957,80.22779846,60214,60224,10
12.89984035,80.2278595,60224,60234,10
12.90032005,80.22788239,60234,60254,20
12.90032005,80.22788239,60254,60264,10
12.90038967,80.22788239,60264,60274,10
12.90073013,80.22789764,60274,60285,11
12.90124035,80.22795868,60285,60295,10
12.90192986,80.22799683,60295,60305,10
12.90254021,80.22802734,60305,60325,20
12.90254021,80.22802734,60325,60335,10
12.90287018,80.22802734,60335,60345,10
12.90353966,80.22808075,60345,60355,10
12.90439987,80.22812653,60355,60365,10
12.9052,80.2281723,60365,60376,11
12.90565014,80.22821045,60376,60386,10
12.90618038,80.2282486,60386,60467,81
12.90618038,80.2282486,60467,60477,10
12.90643024,80.22825623,60477,60487,10
12.90670967,80.22827911,60487,60497,10
12.9071703,80.22831726,60497,60507,10
12.9079504,80.22840118,60507,60517,10
12.90898991,80.2285614,60517,60527,10
12.90997982,80.22873688,60527,60537,10
12.91162014,80.22898865,60537,60547,10
12.91279984,80.22914124,60547,60558,11
12.91376972,80.22926331,60558,60568,10
12.91384029,80.22927856,60568,60578,10
12.9140501,80.22933197,60578,60588,10
12.9146204,80.22939301,60588,60598,10
12.91547966,80.22953796,60598,60608,10
12.91656017,80.22969055,60608,60618,10
12.91777992,80.2298584,60618,60628,10
12.91899967,80.2300415,60628,60638,10
12.92031956,80.23020172,60638,60649,11
12.92183018,80.23040009,60649,60659,10
12.92317009,80.23062134,60659,60669,10
12.92455006,80.23078918,60669,60679,10
12.92593002,80.2309494,60679,60689,10
12.9272604,80.23111725,60689,60699,10
12.92831993,80.23123932,60699,60709,10
12.92870045,80.23130798,60709,60719,10
12.9292202,80.23139954,60719,60729,10
12.92998028,80.23155975,60729,60740,11
12.93103981,80.2318573,60740,60750,10
12.93212986,80.23220062,60750,60760,10
12.93330002,80.23261261,60760,60770,10
12.93381977,80.2328186,60770,60780,10
12.93385983,80.23284912,60780,60790,10
12.93426037,80.23303986,60790,60800,10
12.93488026,80.23332977,60800,60810,10
12.93546009,80.23358917,60810,60820,10
12.93574047,80.23370361,60820,60831,11
12.93630028,80.23397827,60831,60841,10
12.93700981,80.23433685,60841,60851,10
12.93791008,80.23477936,60851,60861,10
12.93889999,80.23526764,60861,60871,10
12.93957996,80.23560333,60871,60881,10
12.93974018,80.235672,60881,60891,10
12.93997002,80.23576355,60891,60901,10
12.9406004,80.23596954,60901,60912,11
12.94161034,80.23623657,60912,60922,10
12.9426403,80.23658752,60922,60932,10
12.94361973,80.23732758,60932,60942,10
12.94456959,80.2383728,60942,60952,10
12.94561958,80.23934174,60952,60962,10
12.9467802,80.23983002,60962,60972,10
12.94744015,80.24006653,60972,60982,10
12.94752979,80.24009705,60982,60992,10
12.94781971,80.24022675,60992,61003,11
12.94884014,80.24062347,61003,61053,50
12.94884014,80.24062347,61053,61063,10
12.94892979,80.24067688,61063,61073,10
12.94935036,80.2408371,61073,61083,10
12.95005989,80.24107361,61083,61094,11
12.95100021,80.24134064,61094,61104,10
12.95118046,80.24140167,61104,61114,10
12.95139027,80.24150085,61114,61124,10
12.95195007,80.24176025,61124,61134,10
12.95269012,80.24202728,61134,61144,10
12.95361042,80.24240875,61144,61154,10
12.95458984,80.24279785,61154,61164,10
12.95526981,80.24304962,61164,61174,10
12.95602036,80.24324036,61174,61185,11
12.95639038,80.24337006,61185,61195,10
12.95646,80.24339294,61195,61205,10
12.95672989,80.24352264,61205,61215,10
12.9573698,80.24382019,61215,61225,10
12.95823956,80.24420166,61225,61235,10
12.95897961,80.24452209,61235,61245,10
12.95909023,80.24459839,61245,61255,10
12.9594202,80.24475098,61255,61265,10
12.96012974,80.24507141,61265,61276,11
12.96098995,80.24546051,61276,61286,10
12.96193981,80.24591827,61286,61296,10
12.96271992,80.24629974,61296,61306,10
12.96337986,80.24662781,61306,61316,10
12.96397972,80.24688721,61316,61326,10
12.9647398,80.24719238,61326,61336,10
12.96566963,80.24749756,61336,61346,10
12.96648026,80.24781799,61346,61357,11
12.96683979,80.2480011,61357,61367,10
12.96702003,80.24809265,61367,61377,10
12.96712017,80.24815369,61377,61387,10
12.96757984,80.24835205,61387,61397,10
12.96835995,80.248703,61397,61407,10
12.96934986,80.24906158,61407,61417,10
12.97052002,80.24951935,61417,61427,10
12.97183037,80.24990845,61427,61437,10
12.97323036,80.25028229,61437,61448,11
12.97461987,80.25066376,61448,61458,10
12.97589016,80.25102234,61458,61468,10
12.97710037,80.25137329,61468,61478,10
12.97805977,80.25202942,61478,61488,10
12.97846985,80.25231934,61488,61498,10
12.97854996,80.25238037,61498,61508,10
12.97916031,80.25257874,61508,61549,41
12.97916031,80.25257874,61549,61559,10
12.97920036,80.25260162,61559,61569,10
12.97949028,80.25263214,61569,61579,10
12.97986031,80.25267792,61579,61589,10
12.98050976,80.25267792,61589,61599,10
12.98139,80.25263977,61599,61609,10
12.9823103,80.25260925,61609,61619,10
12.98328972,80.25253296,61619,61630,11
12.98427963,80.25228119,61630,61640,10
12.9851799,80.25205231,61640,61650,10
12.98612022,80.25177002,61650,61700,50
12.98612022,80.25177002,61700,61710,10
12.98641968,80.25170135,61710,61721,11
12.98696995,80.2515564,61721,61731,10
12.98754978,80.25138092,61731,61741,10
12.98820972,80.25125122,61741,61751,10
12.9889698,80.25105286,61751,61761,10
12.98960972,80.25089264,61761,61771,10
12.98968983,80.25087738,61771,61781,10
12.99009037,80.25080872,61781,61791,10
12.99079037,80.25064087,61791,61801,10
12.99174023,80.25041199,61801,61812,11
12.99300003,80.25012207,61812,61822,10
12.99427986,80.24978638,61822,61832,10
12.9955101,80.24948883,61832,61842,10
12.99652958,80.24918365,61842,61852,10
12.99683952,80.24910736,61852,61862,10
12.99709034,80.2490387,61862,61872,10
12.99757957,80.24893188,61872,61882,10
12.99837971,80.24874115,61882,61893,11
12.99950027,80.24846649,61893,61903,10
13.00059032,80.24823761,61903,61913,10
13.00191975,80.24786377,61913,61923,10
13.00339985,80.24749756,61923,61933,10
13.00489998,80.24727631,61933,61943,10
13.00594044,80.24703979,61943,61953,10
13.00638962,80.24665833,61953,61963,10
13.00650024,80.24642944,61963,61973,10
13.00654984,80.24638367,61973,61984,11
13.00662041,80.24595642,61984,61994,10
13.00664043,80.24530029,61994,62004,10
13.00662041,80.24482727,62004,62014,10
13.00660992,80.24436188,62014,62024,10
13.00660038,80.24410248,62024,62034,10
13.00662041,80.24384308,62034,62044,10
13.00660038,80.24343872,62044,62054,10
13.00656986,80.2427597,62054,62064,10
13.00654984,80.24181366,62064,62075,11
13.00667953,80.24041748,62075,62114,39
13.00667953,80.24041748,62114,62125,11
13.00677967,80.24006653,62125,62135,10
13.00687981,80.23979187,62135,62145,10
13.00697994,80.23937988,62145,62155,10
13.00706959,80.23861694,62155,62166,11
13.0072298,80.23786163,62166,62176,10
13.00734997,80.23719025,62176,62186,10
13.00737953,80.23677063,62186,62196,10
13.00741005,80.23661804,62196,62206,10
13.00749016,80.23638153,62206,62216,10
13.00759983,80.23586273,62216,62226,10
13.00767994,80.23536682,62226,62236,10
13.00771999,80.23518372,62236,62246,10
13.00780964,80.23475647,62246,62257,11
13.00800037,80.23396301,62257,62267,10
13.00823021,80.23288727,62267,62277,10
13.00848961,80.23158264,62277,62287,10
13.00872993,80.23027802,62287,62297,10
13.00895023,80.22904205,62297,62307,10
13.00922966,80.22799683,62307,62317,10
13.00994015,80.22644806,62317,62327,10
13.01049995,80.2252121,62327,62338,11
13.01082039,80.22454834,62338,62348,10
13.01119041,80.22383881,62348,62368,20
13.01119041,80.22383881,62368,62378,10
13.01128006,80.22364807,62378,62388,10
13.01146984,80.22329712,62388,62398,10
13.01173973,80.22255707,62398,62408,10
13.01204014,80.22177887,62408,62418,10
13.01235008,80.22164154,62418,62429,11
13.01278973,80.22216797,62429,62439,10
13.01334,80.22276306,62439,62449,10
13.01387024,80.22337341,62449,62459,10
13.01430035,80.22384644,62459,62469,10
13.01490021,80.22451019,62469,62479,10
13.01548958,80.22502899,62479,62489,10
13.01554966,80.22506714,62489,62499,10
13.01574993,80.22524261,62499,62509,10
13.01634026,80.2253418,62509,62520,11
13.01712036,80.22509766,62520,62530,10
13.01799965,80.2247467,62530,62540,10
13.01887989,80.22440338,62540,62550,10
13.01955032,80.22438049,62550,62590,40
13.01955032,80.22438049,62590,62600,10
13.01963997,80.22453308,62600,62611,11
13.01988029,80.22466278,62611,62621,10
13.02035999,80.22501373,62621,62631,10
13.02087975,80.22538757,62631,62641,10
13.02141953,80.22579956,62641,62651,10
13.02202988,80.22628021,62651,62661,10
13.02252007,80.22666168,62661,62671,10
13.02268982,80.22679901,62671,63177,506
13.02268982,80.22693634,63177,63309,132
13.02268982,80.22693634,63309,63319,10
13.02280045,80.2270813,63319,63329,10
13.02318954,80.22743988,63329,63339,10
13.02365017,80.22782898,63339,63349,10
13.0241003,80.22825623,63349,63359,10
13.02431011,80.22846985,63359,63389,30
13.02431011,80.22846985,63389,63400,11
13.02437973,80.22869873,63400,63410,10
13.02422047,80.22862244,63410,63420,10
13.02398014,80.22830963,63420,63430,10
13.02359009,80.22786713,63430,63440,10
13.02342033,80.22769928,63440,63450,10
13.0232296,80.22747803,63450,63460,10
13.02274036,80.22701263,63460,63470,10
13.02202034,80.22638702,63470,63480,10
13.0212698,80.22579193,63480,63491,11
13.02062988,80.22528839,63491,63501,10
13.01986027,80.22473907,63501,63531,30
13.01986027,80.22473907,63531,63541,10
13.01968002,80.22460175,63541,63551,10
13.01904011,80.22444153,63551,63561,10
13.0180397,80.22476196,63561,63571,10
13.01686954,80.22525787,63571,63582,11
13.01576042,80.22569275,63582,63592,10
13.01428032,80.22628784,63592,63622,30
13.01428032,80.22628784,63622,63632,10
13.01418018,80.22631073,63632,63642,10
13.01373959,80.22647858,63642,63652,10
13.01299953,80.22676086,63652,63662,10
13.01206017,80.22712708,63662,63673,11
13.01086044,80.22762299,63673,63683,10
13.00975037,80.22805786,63683,63693,10
13.00911045,80.2287674,63693,63703,10
13.00891018,80.22972107,63703,63713,10
13.00874996,80.23058319,63713,63723,10
13.00858021,80.23142242,63723,63733,10
13.00842953,80.23232269,63733,63743,10
13.00831985,80.23300934,63743,63754,11
13.00825977,80.23352051,63754,63764,10
13.00823021,80.23361969,63764,63774,10
13.0081501,80.23384857,63774,63784,10
13.00811958,80.23406982,63784,63794,10
13.00800037,80.23461914,63794,63804,10
13.00780964,80.2355423,63804,63814,10
13.00765038,80.23635864,63814,63824,10
13.00747013,80.2372818,63824,63834,10
13.00730038,80.23818207,63834,63845,11
13.00718021,80.23882294,63845,63855,10
13.00706005,80.23941803,63855,63865,10
13.00687027,80.24066925,63865,63885,20
13.00687027,80.24066925,63885,63895,10
13.00677967,80.24107361,63895,63905,10
13.00673962,80.24183655,63905,63915,10
13.00673962,80.24285126,63915,63925,10
13.00671959,80.24382019,63925,63936,11
13.00671005,80.24462891,63936,63946,10
13.00671959,80.24501038,63946,63956,10
13.00671959,80.24513245,63956,63966,10
13.00671959,80.24543762,63966,63976,10
13.00671005,80.24552155,63976,63986,10
13.00671959,80.24591064,63986,63996,10
13.00673962,80.24643707,63996,64006,10
13.00675011,80.2470932,64006,64016,10
13.00650024,80.24742126,64016,64027,11
13.00617027,80.24742126,64027,64037,10
13.00605965,80.24739838,64037,64047,10
13.00551987,80.24736023,64047,64057,10
13.00463963,80.24739838,64057,64067,10
13.00351048,80.24755859,64067,64077,10
13.00230026,80.24777985,64077,64087,10
13.00102043,80.24810028,64087,64097,10
12.99971962,80.24842834,64097,64107,10
12.99833965,80.24874878,64107,64118,11
12.99678993,80.24912262,64118,64128,10
12.99549961,80.24947357,64128,64138,10
12.99442005,80.24977112,64138,64148,10
12.99273968,80.25018311,64148,64158,10
12.99162006,80.25048065,64158,64168,10
12.99100971,80.25066376,64168,64188,20
12.99100971,80.25066376,64188,64198,10
12.9906702,80.25074005,64198,64209,11
12.98993969,80.25090027,64209,64219,10
12.9888401,80.25119781,64219,64300,81
12.9888401,80.25119781,64300,64310,10
12.98875046,80.25124359,64310,64320,10
12.98834038,80.25131989,64320,64330,10
12.98787975,80.25144196,64330,64340,10
12.98740959,80.2515564,64340,64350,10
12.9868803,80.25170898,64350,64360,10
12.98616982,80.25187683,64360,64370,10
12.98526001,80.25211334,64370,64381,11
12.98402023,80.25244141,64381,64391,10
12.98293972,80.25266266,64391,64401,10
12.98188972,80.25270081,64401,64411,10
12.98091984,80.25272369,64411,64421,10
12.98019981,80.25276184,64421,64431,10
12.97961998,80.25273895,64431,64441,10
12.97894955,80.25267792,64441,64451,10
12.97887993,80.25266266,64451,64461,10
12.97859955,80.25257111,64461,64472,11
12.97795963,80.25212097,64472,64482,10
12.97717953,80.2514801,64482,64492,10
12.97605991,80.25109863,64492,64502,10
12.97492027,80.2507782,64502,64512,10
12.97373962,80.2504425,64512,64522,10
12.97255993,80.25012207,64522,64532,10
12.97136974,80.24981689,64532,64542,10
12.97029972,80.24949646,64542,64552,10
12.9693203,80.24912262,64552,64563,11
12.96819019,80.24865723,64563,64573,10
12.96737957,80.24833679,64573,64583,10
12.96683979,80.24806976,64583,64593,10
12.96627998,80.24780273,64593,64603,10
12.96555996,80.24752808,64603,64613,10
12.96541977,80.24748993,64613,64623,10
12.96500969,80.2473526,64623,64633,10
12.96432972,80.24710083,64633,64643,10
12.96383953,80.24688721,64643,64654,11
12.96339035,80.24669647,64654,64664,10
12.96263981,80.24629974,64664,64674,10
12.96164989,80.24584198,64674,64684,10
12.96057987,80.24533844,64684,64694,10
12.95967007,80.24495697,64694,64704,10
12.95956993,80.24491119,64704,64714,10
12.95925999,80.24475861,64714,64724,10
12.95862007,80.24446106,64724,64735,11
12.95790958,80.24414825,64735,64745,10
12.95713043,80.24385071,64745,64755,10
12.95650005,80.24359131,64755,64765,10
12.95648003,80.24356842,64765,64775,10
12.95625973,80.24350739,64775,64785,10
12.95565987,80.24326324,64785,64795,10
12.9547596,80.24289703,64795,64805,10
12.95378017,80.24247742,64805,64815,10
12.95275021,80.2420578,64815,64826,11
12.95180035,80.24170685,64826,64836,10
12.95094013,80.24140167,64836,64846,10
12.94983006,80.24107361,64846,64856,10
12.94880009,80.24073792,64856,64866,10
12.94769001,80.240242,64866,64876,10
12.94703007,80.24001312,64876,64886,10
12.94698048,80.23999023,64886,64896,10
12.9467802,80.23989868,64896,64906,10
12.94620037,80.23966217,64906,64917,11
12.94526958,80.23916626,64917,64927,10
12.94445038,80.23835754,64927,64937,10
12.94371033,80.23757935,64937,64947,10
12.94326019,80.23709869,64947,64957,10
12.94258022,80.23661804,64957,64967,10
12.94159985,80.23626709,64967,64977,10
12.94050026,80.23600006,64977,64987,10
12.93968964,80.23573303,64987,64997,10
12.93883991,80.23532104,64997,65008,11
12.93770981,80.23475647,65008,65018,10
12.93651009,80.23419952,65018,65028,10
12.93523026,80.2335968,65028,65038,10
12.93395042,80.23303223,65038,65058,20
12.93395042,80.23303223,65058,65068,10
12.93350983,80.2328186,65068,65078,10
12.93274021,80.23248291,65078,65088,10
12.93173027,80.23213959,65088,65099,11
12.93045044,80.2317276,65099,65109,10
12.92940044,80.2314682,65109,65119,10
12.9285202,80.23130798,65119,65129,10
12.92755985,80.23117828,65129,65139,10
12.92652035,80.23105621,65139,65149,10
12.92605972,80.23101807,65149,65159,10
12.92591953,80.23100281,65159,65169,10
12.92539978,80.23091888,65169,65179,10
12.92457008,80.2308197,65179,65190,11
12.92339993,80.23068237,65190,65200,10
12.92210007,80.23047638,65200,65210,10
12.92068958,80.23026276,65210,65220,10
12.91932011,80.23007965,65220,65230,10
12.9180603,80.22991943,65230,65240,10
12.91681004,80.22975159,65240,65250,10
12.91549015,80.22956848,65250,65260,10
12.91419983,80.22940063,65260,65271,11
12.91333961,80.2293396,65271,65281,10
12.91326046,80.22931671,65281,65291,10
12.91294003,80.22924805,65291,65301,10
12.91222954,80.22914124,65301,65311,10
12.91123009,80.22899628,65311,65321,10
12.91001987,80.2288208,65321,65331,10
12.90872002,80.22859192,65331,65341,10
12.90742016,80.22840118,65341,65362,21
12.90742016,80.22840118,65362,65372,10
12.90736961,80.22839355,65372,65382,10
12.90703011,80.22834778,65382,65392,10
12.90668964,80.22831726,65392,65402,10
12.90610027,80.22827911,65402,65412,10
12.90544033,80.22825623,65412,65422,10
12.90495014,80.22821808,65422,65432,10
12.90382957,80.22814941,65432,65442,10
12.90285969,80.22810364,65442,65453,11
12.90184975,80.22805786,65453,65463,10
12.90141964,80.2280426,65463,65483,20
12.90141964,80.2280426,65483,65493,10
12.90124989,80.22802734,65493,65503,10
12.9009304,80.22798157,65503,65513,10
12.90032005,80.22792816,65513,65523,10
12.89972973,80.22792053,65523,65544,21
12.89972973,80.22792053,65544,65554,10
12.89951992,80.22789764,65554,65564,10
12.89898014,80.22786713,65564,65574,10
12.8980999,80.22781372,65574,65584,10
12.89702034,80.22773743,65584,65594,10
12.89573002,80.22767639,65594,65604,10
12.89431953,80.22760773,65604,65614,10
12.89352036,80.22753906,65614,65624,10
12.89334965,80.22753906,65624,65635,11
12.89276028,80.22746277,65635,65695,60
12.89276028,80.22746277,65695,65705,10
12.89260006,80.22740173,65705,65716,11
12.8921299,80.22737122,65716,65726,10
12.89132023,80.22736359,65726,65736,10
12.89023972,80.22737885,65736,65746,10
12.88895988,80.22737885,65746,65756,10
12.88782024,80.22731781,65756,65766,10
12.88702011,80.22720337,65766,65776,10
12.88605976,80.22698212,65776,65786,10
12.88510036,80.22679138,65786,65796,10
12.88490009,80.22678375,65796,65807,11
12.88444042,80.22676086,65807,65817,10
12.88366032,80.22676086,65817,65827,10
12.88261986,80.22676086,65827,65837,10
12.88138962,80.22678375,65837,65847,10
12.88000011,80.22679901,65847,65857,10
12.8787899,80.2268219,65857,65867,10
12.87714005,80.22692871,65867,65877,10
12.87642956,80.22698975,65877,65887,10
12.87609959,80.22702789,65887,65898,11
12.87555981,80.22701263,65898,65908,10
12.87471008,80.22691345,65908,65918,10
12.87360954,80.22679138,65918,65928,10
12.87281036,80.22676086,65928,65938,10
12.87248039,80.22676086,65938,65948,10
12.87213993,80.22673798,65948,65958,10
12.87141991,80.22670746,65958,65968,10
12.87040997,80.22663879,65968,65978,10
12.86923027,80.22650909,65978,65989,11
12.86771965,80.22646332,65989,65999,10
12.86623001,80.22657776,65999,66009,10
12.86470985,80.22659302,66009,66019,10
12.86316013,80.22653961,66019,66029,10
12.86178017,80.22662354,66029,66039,10
12.86104965,80.22662354,66039,66049,10
12.86100006,80.22662354,66049,66059,10
12.86079025,80.22662354,66059,66070,11
12.86007023,80.22653198,66070,66080,10
12.85923004,80.22640228,66080,66090,10
12.8587904,80.22634125,66090,66100,10
12.85814953,80.22627258,66100,66110,10
12.85719013,80.22628784,66110,66120,10
12.85608006,80.22641754,66120,66130,10
12.85476017,80.2265625,66130,66140,10
12.85326004,80.22673798,66140,66150,10
12.85163975,80.22669983,66150,66161,11
12.84984016,80.22660065,66161,66171,10
12.84821987,80.22660828,66171,66181,10
12.84669971,80.22663879,66181,66191,10
12.84535027,80.22666931,66191,66221,30
12.84535027,80.22666931,66221,66231,10
12.84521961,80.2266922,66231,66241,10
12.84473038,80.22672272,66241,66252,11
12.84389019,80.22679138,66252,66262,10
12.84292984,80.22693634,66262,66272,10
12.84185028,80.22717285,66272,66282,10
12.8407402,80.22744751,66282,66292,10
12.84006023,80.22766113,66292,66302,10
12.83967972,80.22779846,66302,66312,10
12.83924961,80.2279129,66312,66322,10
12.83866024,80.22805786,66322,66332,10
12.83812046,80.22818756,66332,66343,11
12.83753967,80.228302,66343,66353,10
12.83714962,80.22836304,66353,66363,10
12.83687973,80.22840881,66363,66373,10
12.8366003,80.22844696,66373,66383,10
12.83631992,80.22850037,66383,66393,10
12.83584023,80.2285614,66393,66403,10
12.83506966,80.22866058,66403,66413,10
12.83411026,80.2288208,66413,66423,10
12.83306026,80.22899628,66423,66434,11
12.83236027,80.22915649,66434,66444,10
12.83230019,80.22915649,66444,66454,10
12.83199024,80.22921753,66454,66464,10
12.83176994,80.22927094,66464,66474,10
12.83143044,80.2293396,66474,66484,10
12.83076,80.22956848,66484,66494,10
12.82983017,80.2299118,66494,66504,10
12.82886028,80.23030853,66504,66515,11
12.82744026,80.23110199,66515,66525,10
12.82608032,80.23142242,66525,66535,10
12.82460022,80.23139954,66535,66545,10
12.82312012,80.23097992,66545,66555,10
12.82164001,80.23056793,66555,66565,10
12.82028961,80.23052216,66565,66575,10
12.81925011,80.2305603,66575,66585,10
12.81910038,80.2305603,66585,66595,10
12.8190403,80.23052216,66595,66606,11
12.81857967,80.23040771,66606,66616,10
12.81785011,80.2300415,66616,66626,10
12.81686974,80.22963715,66626,66636,10
12.81566048,80.22943115,66636,66646,10
12.81431007,80.22921753,66646,66656,10
12.81287956,80.22881317,66656,66666,10
12.81142998,80.22827911,66666,66676,10
12.80998039,80.22769928,66676,66686,10
12.80869961,80.22692871,66686,66697,11
12.80757046,80.22601318,66697,66707,10
12.80694962,80.22545624,66707,66717,10
12.80628014,80.22485352,66717,66727,10
12.80558014,80.22425842,66727,66737,10
12.80504036,80.22406006,66737,66767,30
12.80504036,80.22406006,66767,66777,10
12.80478001,80.22400665,66777,66788,11
12.80414009,80.22393799,66788,66798,10
12.80348969,80.22389221,66798,66808,10
12.8028698,80.22382355,66808,66818,10
12.80198002,80.22370911,66818,66828,10
12.80107975,80.22364807,66828,66838,10
12.80097961,80.22364044,66838,66848,10
12.80090046,80.22361755,66848,66858,10
12.80043983,80.22357178,66858,66868,10
12.79969978,80.22348785,66868,66879,11
12.79854012,80.22335052,66879,66889,10
12.79726982,80.22319794,66889,66899,10
12.79623985,80.22303772,66899,66909,10
12.79576015,80.22296906,66909,66919,10
12.79570007,80.22296143,66919,66929,10
12.79526997,80.22286987,66929,66939,10
12.79448032,80.22273254,66939,66949,10
12.79347992,80.22257996,66949,66960,11
12.79220963,80.2223587,66960,66970,10
12.79104042,80.22207642,66970,66980,10
12.79001999,80.22183228,66980,66990,10
12.78956985,80.22167969,66990,67000,10
12.78901005,80.22144318,67000,67010,10
12.78822041,80.221138,67010,67030,20
12.78822041,80.221138,67030,67040,10
12.78800011,80.22106171,67040,67101,61
12.78800011,80.22106171,67101,67111,10
12.78775024,80.22099304,67111,67121,10
12.78759003,80.22091675,67121,67131,10
12.78742981,80.22086334,67131,67142,11
12.78726006,80.22078705,67142,67152,10
12.78687,80.22065735,67152,67212,60
12.78687,80.22065735,67212,67222,10
12.78672028,80.2206192,67222,67233,11
12.78641987,80.22051239,67233,67374,141
12.78641987,80.22051239,67374,67384,10
12.78619003,80.22068024,67384,67394,10
12.78619957,80.2210083,67394,67405,11
12.78619957,80.2212677,67405,67415,10
12.78625011,80.22174072,67415,68022,607
12.78625011,80.22174072,68022,68032,10
12.78617001,80.22155762,68032,68193,161
12.78617001,80.22155762,68193,68204,11
12.78619957,80.22099304,68204,68254,50
12.78619957,80.22099304,68254,68264,10
12.78616047,80.2206192,68264,68274,10
12.78617001,80.22048187,68274,68305,31
12.78617001,80.22048187,68305,68315,10
12.78637028,80.22045898,68315,68325,10
12.78643036,80.22049713,68325,68335,10
12.78676033,80.22064209,68335,68345,10
12.78732014,80.22084808,68345,68355,10
12.78789997,80.22106171,68355,68365,10
12.78868961,80.22138214,68365,68376,11
12.7894001,80.22164917,68376,68386,10
12.78977966,80.22177887,68386,68396,10
12.79047966,80.22196198,68396,68406,10
12.79143047,80.22219086,68406,68416,10
12.79259968,80.22247314,68416,68426,10
12.79395008,80.22267914,68426,68436,10
12.79518986,80.2228775,68436,68446,10
12.79623985,80.22303772,68446,68456,10
12.79638004,80.2230835,68456,68467,11
12.79685974,80.22318268,68467,68477,10
12.79763031,80.22335052,68477,68487,10
12.7986002,80.22344971,68487,68497,10
12.79969978,80.22355652,68497,68507,10
12.80080032,80.22364044,68507,68517,10
12.80181026,80.22373962,68517,68527,10
12.80265045,80.22383118,68527,68537,10
12.80344009,80.22393799,68537,68547,10
12.80420971,80.22399902,68547,68558,11
12.80488968,80.22408295,68558,68568,10
12.80519009,80.22415924,68568,68578,10
12.80545998,80.22422791,68578,68588,10
12.80556965,80.22428131,68588,68598,10
12.80587959,80.22451019,68598,68608,10
12.80644989,80.22499847,68608,68618,10
12.80712032,80.2256012,68618,68628,10
12.8078804,80.22624969,68628,68638,10
12.80883026,80.22702789,68638,68649,11
12.81002045,80.22773743,68649,68659,10
12.81122971,80.22824097,68659,68669,10
12.81254005,80.22870636,68669,68679,10
12.81387043,80.22914124,68679,68689,10
12.81534004,80.22943115,68689,68699,10
12.8167696,80.2296524,68699,68709,10
12.81787968,80.23007965,68709,68719,10
12.81873989,80.23046112,68719,68729,10
12.81958008,80.23058319,68729,68740,11
12.82063961,80.2305603,68740,68750,10
12.82161045,80.23059845,68750,68760,10
12.82268047,80.23087311,68760,68770,10
12.82376003,80.23119354,68770,68780,10
12.82476997,80.23143005,68780,68790,10
12.82588959,80.2314682,68790,68800,10
12.82711029,80.23130798,68800,68810,10
12.82816982,80.23075104,68810,68821,11
12.82940006,80.2301178,68821,68831,10
12.83038998,80.2297287,68831,68841,10
12.83106041,80.22943878,68841,68851,10
12.83131981,80.2293396,68851,68932,81
12.83131981,80.2293396,68932,68942,10
12.8316803,80.22924805,68942,68952,10
12.83238029,80.22911835,68952,68962,10
12.83335018,80.2289505,68962,68972,10
12.83434963,80.22875977,68972,68982,10
12.83545971,80.22857666,68982,68992,10
12.83675003,80.22841644,68992,69003,11
12.83808041,80.22817993,69003,69013,10
12.83899021,80.22792053,69013,69023,10
12.83948994,80.22769928,69023,69033,10
12.84004021,80.22760773,69033,69043,10
12.84088039,80.22741699,69043,69053,10
12.84189987,80.22714996,69053,69063,10
12.84309959,80.22692108,69063,69073,10
12.84436035,80.22673035,69073,69083,10
12.84531975,80.22666168,69083,69094,11
12.84549999,80.22663879,69094,69104,10
12.84572983,80.22663116,69104,69124,20
12.84572983,80.22663116,69124,69134,10
12.84603024,80.22663879,69134,69144,10
12.84673023,80.22666168,69144,69154,10
12.84768963,80.22666168,69154,69164,10
12.84881973,80.22664642,69164,69174,10
12.85021019,80.22664642,69174,69185,11
12.8515501,80.22669983,69185,69195,10
12.8529501,80.22675323,69195,69205,10
12.85437965,80.22663879,69205,69215,10
12.85583019,80.22647858,69215,69225,10
12.85719967,80.22633362,69225,69235,10
12.85820961,80.22628784,69235,69245,10
12.85916042,80.22637939,69245,69255,10
12.86079979,80.22660828,69255,69276,21
12.86079979,80.22660828,69276,69286,10
12.86118031,80.22663116,69286,69296,10
12.86192036,80.22662354,69296,69306,10
12.8629303,80.22657013,69306,69316,10
12.86410999,80.22660828,69316,69326,10
12.86542034,80.22663879,69326,69336,10
12.8664999,80.22660065,69336,69346,10
12.8675499,80.22650909,69346,69357,11
12.86892986,80.22648621,69357,69367,10
12.87032032,80.22664642,69367,69377,10
12.87172985,80.22673798,69377,69387,10
12.87271976,80.22676086,69387,69397,10
12.87357998,80.22679138,69397,69407,10
12.87460041,80.22689819,69407,69417,10
12.87553024,80.22698212,69417,69427,10
12.87602043,80.22699738,69427,69437,10
12.87629986,80.22699738,69437,69448,11
12.87666988,80.22696686,69448,69458,10
12.87687016,80.22695923,69458,69468,10
12.87728024,80.22693634,69468,69478,10
12.87808037,80.22688293,69478,69488,10
12.87915039,80.22682953,69488,69498,10
12.88043022,80.2268219,69498,69508,10
12.88183975,80.2268219,69508,69518,10
12.88329983,80.22680664,69518,69528,10
12.88451958,80.22678375,69528,69539,11
12.88519001,80.22678375,69539,69549,10
12.88525963,80.22679138,69549,69559,10
12.88570023,80.22688293,69559,69569,10
12.88650036,80.22708893,69569,69579,10
12.88747025,80.22727966,69579,69589,10
12.88852024,80.22738647,69589,69599,10
12.88978004,80.22740936,69599,69609,10
12.89093971,80.22741699,69609,69619,10
12.89183044,80.22744751,69619,69630,11
12.89245987,80.22747803,69630,69640,10
12.89311981,80.22754669,69640,69650,10
12.89375019,80.22763062,69650,69660,10
12.89426041,80.22766876,69660,69670,10
12.89500046,80.22769928,69670,69680,10
12.89593029,80.2277298,69680,69690,10
12.8970499,80.2277832,69690,69700,10
12.89803982,80.22783661,69700,69711,11
12.89885998,80.22788239,69711,69721,10
12.89902973,80.22788239,69721,69731,10
12.89925003,80.22789764,69731,69741,10
12.8998003,80.22792816,69741,69751,10
12.9004097,80.22795105,69751,69802,51
12.9004097,80.22795105,69802,69812,10
12.90067959,80.22795105,69812,69822,10
12.9010601,80.22799683,69822,69832,10
12.90165043,80.22805023,69832,69842,10
12.90244007,80.22808075,69842,69852,10
12.90287971,80.22808075,69852,69862,10
12.90289021,80.22807312,69862,69872,10
12.90291977,80.22805786,69872,69882,10
12.90332031,80.22807312,69882,69893,11
12.90377998,80.22812653,69893,69903,10
12.9041996,80.22814941,69903,69913,10
12.90472984,80.22818756,69913,69923,10
12.90554047,80.22824097,69923,69933,10
12.90635967,80.22828674,69933,69984,51
12.90635967,80.22828674,69984,69994,10
12.90672016,80.22831726,69994,70004,10
12.9074297,80.2284317,70004,70014,10
12.90841007,80.22857666,70014,70024,10
12.90958023,80.2287674,70024,70034,10
12.91090012,80.22897339,70034,70044,10
12.91224957,80.22914124,70044,70054,10
12.9134798,80.22930145,70054,70064,10
12.91409969,80.22937775,70064,70075,11
12.91415977,80.22940063,70075,70085,10
12.91466045,80.22946167,70085,70095,10
12.91541004,80.22960663,70095,70105,10
12.91644001,80.22975159,70105,70115,10
12.91755962,80.2299118,70115,70125,10
12.91880035,80.23007965,70125,70135,10
12.9201498,80.2302475,70135,70145,10
12.92158985,80.23042297,70145,70156,11
12.92321968,80.23066711,70156,70166,10
12.92465019,80.23085785,70166,70176,10
12.92595005,80.23103333,70176,70186,10
12.9271698,80.23117065,70186,70196,10
12.9282999,80.23130035,70196,70206,10
12.9294796,80.23152161,70206,70216,10
12.93076038,80.23184204,70216,70226,10
12.93200016,80.23223877,70226,70236,10
12.93299961,80.23258209,70236,70247,11
12.93344021,80.23275757,70247,70257,10
12.93356037,80.23281097,70257,70267,10
12.93402958,80.23303223,70267,70277,10
12.93482018,80.23339081,70277,70287,10
12.93564034,80.23377228,70287,70297,10
12.93645,80.23413849,70297,70307,10
12.93747044,80.23464203,70307,70317,10
12.93859005,80.23518372,70317,70327,10
12.93922043,80.23549652,70327,70338,11
12.93935966,80.23558807,70338,70348,10
12.93962955,80.23574066,70348,70358,10
12.94003963,80.2359314,70358,70368,10
12.94087982,80.23618317,70368,70378,10
12.94192982,80.23642731,70378,70388,10
12.94305992,80.23690796,70388,70398,10
12.94379044,80.23760223,70398,70408,10
12.94445992,80.23835754,70408,70418,10
12.94524002,80.23915863,70418,70429,11
12.94610977,80.23963928,70429,70439,10
12.94688034,80.2399292,70439,70449,10
12.94696045,80.23995972,70449,70459,10
12.94705963,80.24001312,70459,70469,10
12.9472599,80.24008179,70469,70479,10
12.94777012,80.24028778,70479,70489,10
12.94839001,80.24051666,70489,70509,20
12.94839001,80.24051666,70509,70520,11
12.94849968,80.24056244,70520,70530,10
12.94892025,80.24073029,70530,70540,10
12.94946957,80.24095154,70540,70550,10
12.9502697,80.24121094,70550,70560,10
12.95083046,80.24143982,70560,70570,10
12.95151043,80.24166107,70570,70580,10
12.95224953,80.24191284,70580,70590,10
12.95298958,80.24217224,70590,70601,11
12.95396042,80.24255371,70601,70611,10
12.95487022,80.24294281,70611,70621,10
12.95559978,80.24324036,70621,70631,10
12.95600986,80.2434082,70631,70641,10
12.95639038,80.24356842,70641,70651,10
12.95683956,80.24375153,70651,70661,10
12.95767975,80.24407196,70661,70671,10
12.95864964,80.24446106,70671,70681,10
12.9589901,80.24459076,70681,70692,11
12.95917034,80.24468994,70692,70702,10
12.95975018,80.24495697,70702,70712,10
12.96063042,80.24536133,70712,70722,10
12.96173,80.24590302,70722,70732,10
12.96273994,80.2463913,70732,70742,10
12.96317959,80.24658203,70742,70752,10
12.96319962,80.24658966,70752,70762,10
12.9635601,80.2467804,70762,70772,10
12.96411037,80.24700928,70772,70783,11
12.96502018,80.2473526,70783,70793,10
12.96607018,80.24771881,70793,70803,10
12.96677971,80.24800873,70803,70813,10
12.96683979,80.24804688,70813,70823,10
12.96689987,80.24810028,70823,70833,10
12.96730995,80.24832916,70833,70843,10
12.96807003,80.24865723,70843,70853,10
12.96905994,80.24904633,70853,70863,10
12.97021961,80.2494812,70863,70874,11
12.97167969,80.24994659,70874,70884,10
12.97313023,80.25029755,70884,70894,10
12.97465992,80.25074005,70894,70904,10
12.97611046,80.25115204,70904,70914,10
12.97743034,80.25164032,70914,70924,10
12.97840023,80.25234985,70924,70934,10
12.97863007,80.25247955,70934,70944,10
12.97896004,80.25261688,70944,70955,11
12.97976971,80.25272369,70955,70965,10
12.98075962,80.25273895,70965,70975,10
12.98192024,80.25273132,70975,70985,10
12.98305988,80.25267029,70985,70995,10
12.98402977,80.25244904,70995,71005,10
12.98501968,80.25218201,71005,71015,10
12.98618984,80.25186157,71015,71116,101
12.98618984,80.25186157,71116,71126,10
12.98631001,80.25180817,71126,71137,11
12.98684978,80.25166321,71137,71147,10
12.98735046,80.25150299,71147,71157,10
12.98768997,80.25141907,71157,71167,10
12.98834038,80.25125885,71167,71177,10
12.98925018,80.2510376,71177,71187,10
12.99022007,80.25080109,71187,71197,10
12.99133015,80.2505188,71197,71207,10
12.99289989,80.25013733,71207,71216,9
12.99413967,80.24986267,71216,71228,12
12.99590969,80.24939728,71228,71238,10
12.99748039,80.24900818,71238,71248,10
12.99911022,80.24859619,71248,71258,10
13.00076008,80.24819183,71258,71268,10
13.00209045,80.24786377,71268,71278,10
13.00325966,80.24762726,71278,71288,10
13.00436974,80.24745941,71288,71298,10
13.00537014,80.24729156,71298,71308,10
13.0061903,80.24694824,71308,71319,11
13.00650024,80.24649811,71319,71329,10
13.0065403,80.24638367,71329,71339,10
13.00658035,80.24590302,71339,71349,10
13.00660992,80.24513245,71349,71359,10
13.00660992,80.24458313,71359,71369,10
13.00662041,80.24427032,71369,71379,10
13.00660992,80.24404144,71379,71389,10
13.00662041,80.24388885,71389,71400,11
13.00660038,80.24340057,71400,71410,10
13.00656033,80.24266815,71410,71420,10
13.00654984,80.24169159,71420,71430,10
13.00669956,80.24067688,71430,71440,10
13.00691986,80.23966217,71440,71450,10
13.00706005,80.2387085,71450,71460,10
13.00720978,80.23792267,71460,71470,10
13.00734043,80.23725128,71470,71480,10
13.00737,80.23681641,71480,71491,11
13.00743008,80.23657227,71491,71501,10
13.00755024,80.23609924,71501,71511,10
13.00771046,80.23531342,71511,71521,10
13.00790977,80.23435211,71521,71531,10
13.00817013,80.23320007,71531,71541,10
13.00844002,80.23178101,71541,71551,10
13.00868988,80.2303772,71551,71561,10
13.00895977,80.22910309,71561,71571,10
13.00920963,80.2281189,71571,71582,11
13.00955009,80.22727966,71582,71592,10
13.00994015,80.22644043,71592,71602,10
13.01029968,80.22570801,71602,71612,10
13.01062965,80.22503662,71612,71622,10
13.01091003,80.22438049,71622,71632,10
13.01105976,80.22402954,71632,71642,10
13.01111031,80.22389984,71642,71652,10
13.01126003,80.22348785,71652,71662,10
13.01152992,80.22286224,71662,71673,11
13.01189995,80.22186279,71673,71683,10
13.01222038,80.22151184,71683,71693,10
13.01235008,80.22168732,71693,71703,10
13.01274967,80.22219849,71703,71713,10
13.01333046,80.2228775,71713,71723,10
13.01387978,80.22355652,71723,71733,10
13.01436996,80.22412109,71733,71743,10
13.01500034,80.22471619,71743,71754,11
13.01548004,80.22516632,71754,71764,10
13.01560974,80.22527313,71764,71774,10
13.01611996,80.22544098,71774,71784,10
13.01690006,80.22524261,71784,71794,10
13.01784992,80.22486115,71794,71804,10
13.01885033,80.22447968,71804,71814,10
13.01949978,80.22451019,71814,71845,31
13.01949978,80.22451019,71845,71855,10
13.01963997,80.22463989,71855,71865,10
13.01994038,80.22483826,71865,71875,10
13.02038002,80.22516632,71875,71885,10
13.02081013,80.22548676,71885,71895,10
13.02122021,80.22582245,71895,71905,10
13.02184963,80.22628784,71905,71915,10
13.0226202,80.22693634,71915,71925,10
13.02350044,80.22772217,71925,71936,11
13.0243597,80.22853851,71936,71966,30
13.0243597,80.22853851,71966,71976,10
13.0243597,80.22872162,71976,71986,10
13.02412033,80.22859955,71986,71996,10
13.02381992,80.22820282,71996,72006,10
13.02336979,80.22772217,72006,72016,10
13.02324963,80.22763062,72016,72027,11
13.02305031,80.22746277,72027,72047,20
13.02305031,80.22746277,72047,72057,10
13.0227499,80.22718811,72057,72067,10
13.02231026,80.22672272,72067,72077,10
13.02167988,80.22618103,72077,72087,10
13.02099991,80.22564697,72087,72097,10
13.02029991,80.22515106,72097,72107,10
13.01951981,80.22464752,72107,72118,11
13.01846027,80.22467804,72118,72128,10
13.01751995,80.22505951,72128,72138,10
13.0169096,80.22532654,72138,72148,10
13.01665974,80.22544098,72148,72158,10
13.01648998,80.22550964,72158,72168,10
13.0163002,80.22557068,72168,72178,10
13.01585007,80.22570801,72178,72188,10
13.01531029,80.22589874,72188,72199,11
13.01455975,80.22618866,72199,72209,10
13.01389027,80.22644043,72209,72219,10
13.0131197,80.22672272,72219,72229,10
13.01231956,80.22702789,72229,72239,10
13.01144028,80.22737122,72239,72249,10
13.01043034,80.22776794,72249,72259,10
13.00971031,80.22810364,72259,72269,10
13.00905037,80.22859955,72269,72279,10
13.00887966,80.22952271,72279,72290,11
13.00866032,80.2308197,72290,72300,10
13.00842953,80.23210907,72300,72310,10
13.00821018,80.23329163,72310,72320,10
13.00811958,80.23387909,72320,72330,10
13.00807953,80.23406219,72330,72340,10
13.00798035,80.23461914,72340,72350,10
13.00780964,80.23548126,72350,72360,10
13.0075798,80.23658752,72360,72370,10
13.00734997,80.23773193,72370,72381,11
13.00714016,80.23877716,72381,72391,10
13.00695992,80.23966217,72391,72401,10
13.0067997,80.24041748,72401,72411,10
13.00667,80.24108124,72411,72421,10
13.00660992,80.24176788,72421,72431,10
13.00660992,80.24256134,72431,72441,10
13.00660992,80.24331665,72441,72451,10
13.00662994,80.24423218,72451,72461,10
13.00667953,80.24530029,72461,72472,11
13.00669003,80.24620819,72472,72482,10
13.00669003,80.24706268,72482,72492,10
13.00644016,80.24752045,72492,72502,10
13.0057497,80.24745178,72502,72512,10
13.00483036,80.24745941,72512,72522,10
13.00366974,80.247612,72522,72532,10
13.00257969,80.24777985,72532,72542,10
13.00146008,80.24801636,72542,72552,10
13.00014973,80.24835205,72552,72563,11
12.99855995,80.24874115,72563,72573,10
12.99703979,80.24912262,72573,72583,10
12.99547005,80.24952698,72583,72593,10
12.99394035,80.24993896,72593,72603,10
12.99244022,80.25031281,72603,72613,10
12.99123955,80.2506485,72613,72623,10
12.99090004,80.25074005,72623,72633,10
12.99059963,80.25080109,72633,72644,11
12.98983955,80.25097656,72644,72654,10
12.98917007,80.25115967,72654,72664,10
12.98882008,80.25122833,72664,72674,10
12.98847961,80.25132751,72674,72684,10
12.98795033,80.25151825,72684,72694,10
12.98789978,80.25213623,72694,72704,10
12.98785973,80.2530899,72704,72714,10
12.98779964,80.25370026,72714,72785,71
12.98779964,80.25370026,72785,72795,10
12.98777008,80.25379181,72795,72805,10
12.98775005,80.25406647,72805,72815,10
12.98773956,80.25428772,72815,72826,11
12.98771954,80.25462341,72826,72836,10
12.98768997,80.25485229,72836,72846,10
12.98764038,80.25520325,72846,72856,10
12.98760033,80.25547791,72856,72866,10
12.9875803,80.25578308,72866,72876,10
12.98750019,80.25624847,72876,72886,10
12.98746014,80.25691223,72886,72896,10
12.98740959,80.25759888,72896,72906,10
12.98736,80.25823212,72906,72917,11
12.98731041,80.2587204,72917,72927,10
12.98727036,80.25894928,72927,72937,10
12.98723984,80.2591629,72937,72947,10
12.98715019,80.25949097,72947,72957,10
12.98703003,80.25966644,72957,72967,10
12.98680019,80.25959778,72967,72977,10
12.98670959,80.25959015,72977,72987,10
12.98649979,80.2594986,72987,72998,11
12.98659992,80.2591095,72998,75375,2377
12.98659992,80.2591095,75375,75385,10
12.98668957,80.25920105,75385,75395,10
12.98678017,80.25904083,75395,75405,10
12.98686981,80.25852203,75405,75547,142
12.98686981,80.25852203,75547,75557,10
12.98713017,80.25869751,75557,75820,263
12.98713017,80.25869751,75820,75830,10
12.98719978,80.25858307,75830,76022,192
12.9871397,80.25859833,76022,78015,1993
12.98725986,80.25858307,78015,81406,3391
