13.01434994,80.22619629,14,984,970
13.01438999,80.2261734,984,5502,4518
13.01438999,80.22609711,5502,5683,181
13.01439953,80.22614288,5683,7081,1398
13.01453972,80.22606659,7081,7141,60
13.01439953,80.22609711,7141,11628,4487
13.01451015,80.22619629,11628,16237,4609
13.01438999,80.22602081,16237,17098,861
13.01438999,80.22605133,17098,17290,192
13.01443005,80.22615051,17290,18582,1292
13.01443958,80.22609711,18582,19884,1302
13.01441956,80.2261734,19884,20291,407
13.01436043,80.22619629,20291,20463,172
13.01445007,80.22609711,20463,25526,5063
13.01445007,80.22609711,25526,25537,11
13.01403046,80.22631836,25537,25547,10
13.01381016,80.22640991,25547,25557,10
13.01344013,80.2265625,25557,25567,10
13.01292992,80.22673035,25567,25577,10
13.01235008,80.22696686,25577,25587,10
13.01191044,80.22715759,25587,25597,10
13.01136971,80.22737122,25597,25607,10
13.01062012,80.2276535,25607,25617,10
13.00998974,80.22789764,25617,25627,10
13.00961018,80.22769165,25627,25637,10
13.00977039,80.22718811,25637,25647,10
13.0101099,80.22640228,25647,25657,10
13.01047039,80.22560883,25657,25667,10
13.01072025,80.22493744,25667,25677,10
13.01097965,80.22432709,25677,25687,10
13.01124001,80.22364044,25687,25697,10
13.01136971,80.22331238,25697,25708,11
13.01173019,80.22341919,25708,25718,10
13.01229,80.22373962,25718,25728,10
13.01299953,80.22412109,25728,25738,10
13.01373959,80.22447968,25738,25748,10
13.01441956,80.22483826,25748,25758,10
13.01498032,80.22515106,25758,25770,12
13.01537037,80.22531128,25770,25808,38
13.01537037,80.22531128,25808,25818,10
13.0155201,80.22534943,25818,25828,10
13.01581001,80.22532654,25828,25841,13
13.01667023,80.22527313,25841,25851,10
13.0176096,80.22490692,25851,25861,10
13.01873016,80.22447205,25861,25871,10
13.01966,80.22450256,25871,25881,10
13.02046013,80.22502899,25881,25891,10
13.02122021,80.22559357,25891,25901,10
13.02202034,80.22619629,25901,25911,10
13.02278042,80.22689056,25911,25921,10
13.02350044,80.2275238,25921,25931,10
13.02423,80.2281723,25931,26083,152
13.02423,80.2281723,26083,26093,10
13.02429008,80.22833252,26093,26103,10
13.02439022,80.22853088,26103,26113,10
13.02410984,80.22831726,26113,26123,10
13.0235796,80.2277832,26123,26133,10
13.02313995,80.22737885,26133,26143,10
13.02293968,80.22714233,26143,26164,21
13.02293968,80.22714233,26164,26174,10
13.02285957,80.22708893,26174,26184,10
13.02248955,80.22673798,26184,26194,10
13.02178955,80.2261734,26194,26204,10
13.02097988,80.22553253,26204,26214,10
13.0203104,80.22506714,26214,26224,10
13.01988029,80.22476959,26224,26234,10
13.01910973,80.2244873,26234,26244,10
13.01793957,80.22485352,26244,26255,11
13.01663971,80.22537994,26255,26265,10
13.01583004,80.22570801,26265,26275,10
13.01506996,80.22602081,26275,26285,10
13.01451969,80.22625732,26285,26315,30
13.01451969,80.22625732,26315,26325,10
13.01436996,80.22631836,26325,26335,10
13.01375008,80.22653961,26335,26344,9
13.01298046,80.2268219,26344,26356,12
13.01198006,80.22718811,26356,26366,10
13.01099014,80.22753906,26366,26376,10
13.01004982,80.22789764,26376,26386,10
13.00959969,80.22756195,26386,26396,10
13.00988007,80.22688293,26396,26406,10
13.01027012,80.22599792,26406,26416,10
13.01070976,80.2249527,26416,26426,10
13.01109028,80.22393799,26426,26436,10
13.01126003,80.2232666,26436,26446,10
13.01074982,80.2230072,26446,26456,10
13.01037025,80.22280884,26456,26467,11
13.01027966,80.22271729,26467,26477,10
13.00981045,80.22245789,26477,26487,10
13.00905991,80.22203827,26487,26497,10
13.00815964,80.22151947,26497,26507,10
13.00708008,80.22097015,26507,26517,10
13.00590992,80.22054291,26517,26527,10
13.00483036,80.22026825,26527,26537,10
13.00465965,80.22022247,26537,26547,10
13.00434017,80.22016144,26547,26557,10
13.00368023,80.22000885,26557,26568,11
13.00284004,80.21971893,26568,26578,10
13.00209999,80.21913147,26578,26588,10
13.00142956,80.21848297,26588,26598,10
13.00065994,80.21797943,26598,26608,10
12.99981976,80.21746063,26608,26618,10
12.99895954,80.21698761,26618,26628,10
12.99806023,80.21661377,26628,26638,10
12.99752045,80.21652985,26638,26668,30
12.99752045,80.21652985,26668,26678,10
12.99730968,80.21652222,26678,26688,10
12.99680996,80.21653748,26688,26698,10
12.99635029,80.21665192,26698,26709,11
12.99577045,80.21679688,26709,26718,9
12.99532032,80.21697998,26718,26729,11
12.99501991,80.21714783,26729,26739,10
12.9946003,80.21743011,26739,26749,10
12.99411011,80.2177887,26749,26759,10
12.99353027,80.21820068,26759,26769,10
12.99283028,80.21868896,26769,26779,10
12.9920702,80.21929169,26779,26789,10
12.99137974,80.21980286,26789,26799,10
12.99098015,80.2201004,26799,26809,10
12.99090004,80.22013855,26809,26819,10
12.99048996,80.2204895,26819,26829,10
12.98991966,80.22100067,26829,26839,10
12.98948956,80.22147369,26839,26849,10
12.9890604,80.22200012,26849,26859,10
12.9885397,80.22257233,26859,26868,9
12.98799992,80.22297668,26868,26882,14
12.98770046,80.22310638,26882,26892,10
12.98750019,80.22309875,26892,26902,10
12.98709011,80.22305298,26902,26912,10
12.9865303,80.22293091,26912,26922,10
12.98581982,80.22299194,26922,26932,10
12.98542023,80.22328949,26932,26942,10
12.98478985,80.22310638,26942,26952,10
12.98429012,80.22281647,26952,26962,10
12.98386002,80.22257233,26962,26972,10
12.98328018,80.22219086,26972,26993,21
12.98328018,80.22219086,26993,27003,10
12.98295975,80.22202301,27003,27013,10
12.98258018,80.22187805,27013,27023,10
12.98204994,80.22171021,27023,27033,10
12.98147964,80.22122955,27033,27043,10
12.98108959,80.22107697,27043,27053,10
12.98091984,80.22103119,27053,27063,10
12.9802599,80.22106171,27063,27073,10
12.97945023,80.22113037,27073,27084,11
12.97848988,80.22116089,27084,27094,10
12.97772026,80.22120667,27094,27104,10
12.97686005,80.22126007,27104,27114,10
12.97624969,80.22126007,27114,27124,10
12.97605991,80.22132874,27124,27134,10
12.97585964,80.22125244,27134,27144,10
12.97562981,80.22106934,27144,27164,20
12.97562981,80.22106934,27164,27174,10
12.97556019,80.2210083,27174,27185,11
12.97548008,80.22096252,27185,27195,10
12.9752903,80.22084045,27195,27205,10
12.97506046,80.22070313,27205,27215,10
12.97463989,80.2204895,27215,27225,10
12.97404957,80.2202301,27225,27235,10
12.97331047,80.21994019,27235,27245,10
12.97243977,80.21961975,27245,27255,10
12.97154045,80.21930695,27255,27265,10
12.97109032,80.2191925,27265,27275,10
12.97107029,80.21916199,27275,27285,10
12.97072983,80.21897888,27285,27296,11
12.9700098,80.21865845,27296,27306,10
12.96934032,80.21839905,27306,27316,10
12.96877003,80.21817017,27316,27326,10
12.96821976,80.21794891,27326,27336,10
12.96755981,80.21768951,27336,27346,10
12.96673965,80.21736908,27346,27356,10
12.96572018,80.21695709,27356,27366,10
12.96475983,80.21658325,27366,27376,10
12.96391964,80.2162323,27376,27386,10
12.96292019,80.21578979,27386,27407,21
12.96292019,80.21578979,27407,27417,10
12.96286964,80.21576691,27417,27427,10
12.96245003,80.21560669,27427,27437,10
12.96173,80.21533203,27437,27447,10
12.96084976,80.21498108,27447,27457,10
12.95991039,80.21459961,27457,27467,10
12.95891953,80.21420288,27467,27477,10
12.95800018,80.21382904,27477,27487,10
12.95703983,80.21341705,27487,27498,11
12.95580959,80.2129364,27498,27508,10
12.95473957,80.21253967,27508,27518,10
12.95394039,80.21222687,27518,27528,10
12.95384026,80.21219635,27528,27538,10
12.95376015,80.2121582,27538,27549,11
12.9532299,80.21192169,27549,27559,10
12.95248032,80.21164703,27559,27569,10
12.9516201,80.21134186,27569,27579,10
12.95079041,80.21105957,27579,27589,10
12.94991016,80.21071625,27589,27600,11
12.94904995,80.21038818,27600,27609,9
12.94876957,80.21028137,27609,27620,11
12.94874954,80.21028137,27620,27630,10
12.94851971,80.21018219,27630,27640,10
12.94816017,80.21002197,27640,27650,10
12.9473896,80.20970154,27650,27660,10
12.94649982,80.20935059,27660,27669,9
12.94569016,80.20903015,27669,27680,11
12.94493008,80.20865631,27680,27690,10
12.94441032,80.20845032,27690,27702,12
12.9442997,80.20842743,27702,27712,10
12.94392014,80.20825195,27712,27720,8
12.94338989,80.2080307,27720,27732,12
12.94274044,80.20736694,27732,27742,10
12.94211006,80.20674896,27742,27752,10
12.94137955,80.20622253,27752,27762,10
12.94110012,80.20607758,27762,27772,10
12.94102955,80.20603943,27772,27782,10
12.94081974,80.20594025,27782,27792,10
12.9403801,80.20578766,27792,27802,10
12.93978024,80.20561981,27802,27813,11
12.93898964,80.20536804,27813,27823,10
12.93824959,80.20516205,27823,27833,10
12.93752003,80.2049408,27833,27843,10
12.93673992,80.20471954,27843,27853,10
12.93601036,80.20451355,27853,27863,10
12.93525982,80.20420074,27863,27873,10
12.93443012,80.20398712,27873,27883,10
12.93391037,80.20391846,27883,27893,10
12.93371964,80.20394135,27893,27903,10
12.93367004,80.20391846,27903,27914,11
12.93323994,80.20381927,27914,27924,10
12.93257046,80.20353699,27924,27934,10
12.93177986,80.20329285,27934,27944,10
12.93103027,80.20304871,27944,27954,10
12.93041992,80.20290375,27954,27964,10
12.92988968,80.20281219,27964,27974,10
12.92943001,80.20275879,27974,27984,10
12.92932034,80.20274353,27984,27994,10
12.92893982,80.20266724,27994,28004,10
12.92854977,80.20246887,28004,28015,11
12.92850018,80.20175171,28015,28025,10
12.92844963,80.20085907,28025,28035,10
12.92835999,80.19991302,28035,28045,10
12.92805004,80.1990509,28045,28055,10
12.92757988,80.19828033,28055,28065,10
12.92691994,80.19782257,28065,28075,10
12.92638016,80.19763947,28075,28085,10
12.92626953,80.19760895,28085,28095,10
12.92619991,80.19759369,28095,28105,10
12.92574024,80.19754028,28105,28116,11
12.92537975,80.1975174,28116,28126,10
12.92485046,80.19748688,28126,28136,10
12.92405987,80.19748688,28136,28146,10
12.92331028,80.19743347,28146,28156,10
12.92247009,80.1973114,28156,28166,10
12.92205048,80.19727325,28166,28176,10
12.92199993,80.19725037,28176,28186,10
12.92171001,80.19716644,28186,28196,10
12.92113018,80.19696045,28196,28206,10
12.92039967,80.19671631,28206,28216,10
12.9196701,80.19647217,28216,28227,11
12.91899967,80.19602966,28227,28237,10
12.91835022,80.19544983,28237,28247,10
12.91763973,80.19481659,28247,28257,10
12.91716003,80.19428253,28257,28267,10
12.91699982,80.19374084,28267,28277,10
12.91707039,80.19252777,28277,28297,20
12.91707039,80.19252777,28297,28307,10
12.91697979,80.19233704,28307,28317,10
12.9167099,80.19232941,28317,28368,51
12.9167099,80.19232941,28368,28378,10
12.91650963,80.19229889,28378,28388,10
12.91596985,80.19226837,28388,28398,10
12.91524029,80.19223022,28398,28408,10
12.91444016,80.19219971,28408,28569,161
12.91444016,80.19219971,28569,28579,10
12.9144001,80.19219971,28579,28589,10
12.91407967,80.19213867,28589,28599,10
12.91349983,80.19206238,28599,28610,11
12.9126997,80.19194794,28610,28620,10
12.91197968,80.19185638,28620,28630,10
12.91116047,80.1917572,28630,28640,10
12.91032982,80.19165039,28640,28650,10
12.90979004,80.1914978,28650,28660,10
12.90974998,80.19146729,28660,28670,10
12.90972042,80.19143677,28670,28680,10
12.90952969,80.19127655,28680,28690,10
12.90911007,80.19097137,28690,28700,10
12.90851021,80.19049835,28700,28710,10
12.90781021,80.18995667,28710,28720,10
12.90713978,80.18946075,28720,28730,10
12.90614033,80.18875122,28730,28753,23
12.90614033,80.18875122,28753,28763,10
12.90583038,80.18856049,28763,28773,10
12.90522003,80.18817139,28773,28783,10
12.9044199,80.18766022,28783,28793,10
12.90396023,80.1869812,28793,28803,10
12.90400028,80.18596649,28803,28813,10
12.90400028,80.18554688,28813,28823,10
12.90400982,80.18544006,28823,28833,10
12.90402031,80.18493652,28833,28844,11
12.90361023,80.18457031,28844,28854,10
12.90287971,80.18434143,28854,28864,10
12.90202045,80.18409729,28864,28874,10
12.90112972,80.18383789,28874,28884,10
12.90013981,80.18340302,28884,28894,10
12.89912987,80.18289948,28894,28904,10
12.89820957,80.18242645,28904,28914,10
12.89735031,80.18200684,28914,28934,20
12.89735031,80.18200684,28934,28944,10
12.89715958,80.1818924,28944,28955,11
12.89659977,80.18160248,28955,28965,10
12.89587975,80.18123627,28965,28975,10
12.89505959,80.18084717,28975,28985,10
12.89416027,80.1803894,28985,28995,10
12.89348984,80.1800766,28995,29005,10
12.89340973,80.18005371,29005,29015,10
12.89323044,80.17984772,29015,29025,10
12.89293957,80.17929077,29025,29035,10
12.89258003,80.17858124,29035,29044,9
12.89220047,80.17785645,29044,29056,12
12.89169979,80.17694855,29056,29066,10
12.89144039,80.17651367,29066,29086,20
12.89144039,80.17651367,29086,29096,10
12.89134979,80.17633057,29096,29106,10
12.89107037,80.1758194,29106,29116,10
12.89070034,80.17513275,29116,29126,10
12.89048004,80.17474365,29126,29136,10
12.89043045,80.17469025,29136,29145,9
12.89017963,80.17449951,29145,29157,12
12.88988018,80.17434692,29157,29167,10
12.88963985,80.17423248,29167,29177,10
12.88945961,80.17415619,29177,29187,10
12.88899994,80.17392731,29187,29197,10
12.88831997,80.17357635,29197,29207,10
12.88759995,80.17321014,29207,29217,10
12.88683987,80.17281342,29217,29227,10
12.88599968,80.17237854,29227,29237,10
12.88521957,80.17196655,29237,29247,10
12.88434982,80.17151642,29247,29258,11
12.8835001,80.17108917,29258,29268,10
12.88296032,80.17082977,29268,29278,10
12.8826704,80.17067719,29278,29288,10
12.88228989,80.17073822,29288,29298,10
12.88228035,80.17076111,29298,29308,10
12.88195992,80.17098999,29308,29318,10
12.88142967,80.1708374,29318,29328,10
12.88086033,80.17063904,29328,29338,10
12.88010025,80.17034149,29338,29348,10
12.88010025,80.17034149,29348,29359,11
12.8798399,80.17019653,29359,29367,8
12.87936974,80.16996002,29367,29380,13
12.87816048,80.17012024,29380,29391,11
12.87695026,80.17050171,29391,29403,12
12.87570953,80.17093658,29403,29411,8
12.87491035,80.17147827,29411,29422,11
12.87366009,80.17230225,29422,29433,11
12.87246037,80.17310333,29433,29443,10
12.87143993,80.17376709,29443,29453,10
12.87040043,80.17450714,29453,29464,11
12.86937046,80.17520142,29464,29472,8
12.86867046,80.17568207,29472,29484,12
12.8677702,80.1759491,29484,29494,10
12.86709976,80.17588043,29494,29504,10
12.86629963,80.17581177,29504,29514,10
12.86555004,80.17572021,29514,29524,10
12.86530972,80.17569733,29524,29534,10
12.86513042,80.17565918,29534,29544,10
12.86462975,80.17539978,29544,29554,10
12.86398029,80.17501068,29554,29565,11
12.86322021,80.1745224,29565,29575,10
12.86238003,80.17405701,29575,29585,10
12.8614397,80.17366028,29585,29595,10
12.86061001,80.1733017,29595,29605,10
12.85995007,80.17299652,29605,29615,10
12.85923958,80.17269135,29615,29625,10
12.85848999,80.17250824,29625,29635,10
12.85778999,80.1723938,29635,29645,10
12.85748959,80.17234039,29645,29655,10
12.85709,80.17227173,29655,29665,10
12.8565197,80.17217255,29665,29696,31
12.8565197,80.17217255,29696,29706,10
12.85628033,80.17211914,29706,29716,10
12.85589981,80.17198944,29716,29726,10
12.85517025,80.17176819,29726,29736,10
12.85422039,80.17147827,29736,29746,10
12.85301018,80.17124176,29746,29787,41
12.85301018,80.17124176,29787,29797,10
12.85284996,80.17121887,29797,29807,10
12.85227013,80.17115784,29807,29817,10
12.8514204,80.17102051,29817,29827,10
12.85046959,80.17085266,29827,29837,10
12.84926987,80.17063904,29837,29847,10
12.84796047,80.17041779,29847,29857,10
12.84673023,80.17022705,29857,29867,10
12.84541035,80.17017365,29867,29878,11
12.84387016,80.17008209,29878,29888,10
12.84243965,80.16993713,29888,29898,10
12.84111977,80.16998291,29898,29908,10
12.83981037,80.16996002,29908,29918,10
12.83874035,80.1697998,29918,29928,10
12.83841991,80.1696701,29928,29938,10
12.83827972,80.16956329,29938,29948,10
12.83806992,80.16934967,29948,29958,10
12.83761024,80.16928101,29958,29968,10
12.83716011,80.16900635,29968,29978,10
12.83697987,80.16882324,29978,29989,11
12.8366003,80.16873169,29989,29999,10
12.83654022,80.1687088,29999,30009,10
12.83623981,80.16860962,30009,30019,10
12.83600044,80.16838074,30019,30029,10
12.83586025,80.16793823,30029,30039,10
12.83537006,80.1677475,30039,30049,10
12.83487034,80.16751862,30049,30059,10
12.83421993,80.16710663,30059,30069,10
12.83339977,80.16665649,30069,30079,10
12.83248043,80.16616821,30079,30090,11
12.83146954,80.16577911,30090,30100,10
12.83051014,80.16555023,30100,30110,10
12.8296299,80.16539764,30110,30120,10
12.82874012,80.1652832,30120,30130,10
12.82804966,80.16522217,30130,30140,10
12.82767963,80.16516876,30140,30170,30
12.82767963,80.16516876,30170,30180,10
12.82752037,80.16512299,30180,30190,10
12.82746029,80.16509247,30190,30200,10
12.82732964,80.16504669,30200,30210,10
12.82707024,80.16484833,30210,30220,10
12.82678986,80.16468048,30220,30230,10
12.82647991,80.16446686,30230,30240,10
12.8260603,80.16419983,30240,30250,10
12.82544041,80.16385651,30250,30260,10
12.82464981,80.16345978,30260,30270,10
12.8237896,80.16288757,30270,30281,11
12.82273006,80.16236877,30281,30290,9
12.82180023,80.16200256,30290,30302,12
12.82075977,80.16156769,30302,30312,10
12.81993008,80.16123199,30312,30321,9
12.81919003,80.1608963,30321,30332,11
12.81840992,80.16056061,30332,30342,10
12.81809044,80.16043854,30342,30352,10
12.81762981,80.16031647,30352,30361,9
12.81721973,80.16021729,30361,30372,11
12.81704998,80.16017151,30372,30382,10
12.8165102,80.16005707,30382,30392,10
12.81587982,80.15991211,30392,30404,12
12.81519985,80.15978241,30404,30414,10
12.81451035,80.15962982,30414,30424,10
12.8139801,80.15956879,30424,31241,817
12.8139801,80.15956879,31241,31251,10
12.8137598,80.15956116,31251,31261,10
12.81309986,80.1594696,31261,31271,10
12.81231976,80.15933228,31271,31281,10
12.81173038,80.1594162,31281,31291,10
12.81136036,80.15950775,31291,31302,11
12.81122971,80.15955353,31302,31312,10
12.8107996,80.15968323,31312,31322,10
12.81007957,80.15966797,31322,31392,70
12.81007957,80.15966797,31392,31402,10
12.81004047,80.15957642,31402,31442,40
12.81017017,80.15969086,31442,31465,23
12.81017017,80.15969086,31465,31475,10
12.81031036,80.15972137,31475,31485,10
12.81062031,80.15969849,31485,31495,10
12.81112957,80.15956116,31495,31505,10
12.81144047,80.15947723,31505,31515,10
12.81169033,80.15943909,31515,31525,10
12.81175995,80.1594162,31525,31535,10
12.81225014,80.1593399,31535,31545,10
12.81303978,80.1594696,31545,31556,11
12.81385994,80.15956879,31556,31566,10
12.81466007,80.15966797,31566,31576,10
12.81552982,80.15982056,31576,31586,10
12.81626034,80.1599884,31586,31596,10
12.81688023,80.16014099,31596,31606,10
12.81717014,80.16020203,31606,31616,10
12.81723022,80.16021729,31616,31626,10
12.81764984,80.16031647,31626,31636,10
12.8178997,80.16039276,31636,31646,10
12.81812,80.1604538,31646,31656,10
12.81834984,80.16053009,31656,31667,11
12.81896019,80.1607666,31667,31677,10
12.81968021,80.16108704,31677,31687,10
12.82044029,80.16142273,31687,31697,10
12.82129002,80.16178131,31697,31707,10
12.82211971,80.162117,31707,31717,10
12.82293987,80.1624527,31717,31727,10
12.82371044,80.16282654,31727,31737,10
12.82454014,80.16338348,31737,31747,10
12.82532978,80.16381836,31747,31757,10
12.82610035,80.16422272,31757,31768,11
12.82680035,80.16467285,31768,31778,10
12.82726955,80.16497803,31778,31788,10
12.82748985,80.1651001,31788,31798,10
12.82777977,80.1651535,31798,31828,30
12.82777977,80.1651535,31828,31838,10
12.82798958,80.16519928,31838,31848,10
12.82843971,80.16523743,31848,31858,10
12.82921028,80.16532898,31858,31869,11
12.83016968,80.16545868,31869,31879,10
12.83111954,80.16564941,31879,31889,10
12.8321104,80.16597748,31889,31899,10
12.83298016,80.16636658,31899,31909,10
12.83353043,80.1667099,31909,31919,10
12.83362007,80.16677094,31919,31929,10
12.83395004,80.16693878,31929,31939,10
12.83454037,80.16725922,31939,31949,10
12.8352499,80.16766357,31949,32060,111
12.8352499,80.16766357,32060,32070,10
12.8353796,80.16767883,32070,32081,11
12.83580971,80.16783905,32081,32091,10
12.83596992,80.16829681,32091,32101,10
12.83631039,80.16861725,32101,32111,10
12.83664036,80.16871643,32111,32121,10
12.83681965,80.16877747,32121,32131,10
12.83716965,80.16896057,32131,32141,10
12.83753967,80.16925812,32141,32151,10
12.83815002,80.16934967,32151,32161,10
12.83843994,80.16963196,32161,32171,10
12.83854008,80.16970062,32171,32182,11
12.83909988,80.16988373,32182,32192,10
12.83990955,80.16995239,32192,32202,10
12.84086037,80.16995239,32202,32212,10
12.84197044,80.16993713,32212,32222,10
12.84305954,80.16993713,32222,32232,10
12.84414959,80.17008209,32232,32242,10
12.84519005,80.17012787,32242,32252,10
12.84619045,80.1701889,32252,32262,10
12.84718037,80.17028046,32262,32272,10
12.84838009,80.17047882,32272,32282,10
12.84969997,80.17070007,32282,32292,10
12.85068989,80.17086792,32292,32302,10
12.85109043,80.1709137,32302,32313,11
12.85114956,80.17092896,32313,32323,10
12.85163975,80.17102051,32323,32333,10
12.85241985,80.17115021,32333,32343,10
12.85336971,80.17127228,32343,32353,10
12.85426998,80.17147827,32353,32363,10
12.85511017,80.17172241,32363,32373,10
12.85587978,80.17195129,32373,32382,9
12.85634995,80.17207336,32382,32425,43
12.85634995,80.17207336,32425,32435,10
12.85647011,80.17209625,32435,32445,10
12.8568697,80.17218018,32445,32455,10
12.85737991,80.17228699,32455,32465,10
12.85778046,80.17236328,32465,32473,8
12.85824013,80.17246246,32473,32485,12
12.85910034,80.17263031,32485,32496,11
12.85968018,80.17286682,32496,32506,10
12.85978031,80.17292786,32506,32516,10
12.86025047,80.17314148,32516,32526,10
12.8610096,80.17347717,32526,32536,10
12.86186981,80.17385101,32536,32546,10
12.86281013,80.17430115,32546,32556,10
12.86376953,80.17488098,32556,32566,10
12.86460018,80.17537689,32566,32576,10
12.86528969,80.17568207,32576,32596,20
12.86528969,80.17568207,32596,32607,11
12.86557961,80.1756897,32607,32617,10
12.86618996,80.17575836,32617,32627,10
12.86686039,80.17582703,32627,32637,10
12.8676796,80.17591095,32637,32647,10
12.8684597,80.17575836,32647,32657,10
12.86923981,80.17520905,32657,32667,10
12.87014961,80.17459869,32667,32677,10
12.87115002,80.17394257,32677,32687,10
12.87215042,80.17327118,32687,32697,10
12.87413025,80.17198181,32697,32708,11
12.87413025,80.17198181,32708,32718,10
12.87504005,80.17137146,32718,32728,10
12.87578011,80.17086792,32728,32747,19
12.87613964,80.17073059,32747,32757,10
12.87674046,80.17051697,32757,32768,11
12.87763977,80.17019653,32768,32778,10
12.8784399,80.17002106,32778,32788,10
12.87889957,80.16998291,32788,32798,10
12.87938976,80.16992188,32798,32819,21
12.87965965,80.17003632,32819,32829,10
12.87965965,80.17003632,32829,32839,10
12.88002014,80.17024231,32839,32847,8
12.88002968,80.17024994,32847,32863,16
12.88047981,80.17046356,32863,32875,12
12.88123035,80.17076111,32875,32887,12
12.88189983,80.1709671,32887,32897,10
12.8823204,80.17070007,32897,32907,10
12.88269997,80.17066956,32907,32918,11
12.88288021,80.17076874,32918,32928,10
12.88341045,80.17102814,32928,32938,10
12.88411045,80.17137909,32938,32948,10
12.8848896,80.17179108,32948,32958,10
12.88556957,80.17214966,32958,32968,10
12.8860302,80.1723938,32968,32978,10
12.88652992,80.17266083,32978,32988,10
12.88706017,80.17292786,32988,32998,10
12.88757038,80.17320251,32998,33008,10
12.88825989,80.17353821,33008,33019,11
12.88908958,80.17395782,33019,33029,10
12.88957024,80.17418671,33029,33039,10
12.88980007,80.17429352,33039,33049,10
12.89008045,80.17440033,33049,33059,10
12.89048004,80.17465973,33059,33069,10
12.89080048,80.17523956,33069,33079,10
12.89118958,80.17591858,33079,33089,10
12.89159012,80.17668152,33089,33119,30
12.89159012,80.17668152,33119,33130,11
12.89175034,80.17700958,33130,33140,10
12.89202023,80.17749023,33140,33150,10
12.89235973,80.17810822,33150,33160,10
12.89276028,80.17878723,33160,33170,10
12.89313984,80.17951965,33170,33180,10
12.89367962,80.18009186,33180,33190,10
12.89398956,80.18022156,33190,33271,81
12.89398956,80.18022156,33271,33281,10
12.89410019,80.18026733,33281,33412,131
12.89410019,80.18026733,33412,33422,10
12.89441967,80.18042755,33422,33432,10
12.89498997,80.18071747,33432,33443,11
12.89585018,80.18115997,33443,33453,10
12.8967104,80.18157959,33453,33463,10
12.89762974,80.18202209,33463,33493,30
12.89762974,80.18202209,33493,33503,10
12.89766026,80.18208313,33503,33513,10
12.89793968,80.18222046,33513,33523,10
12.89850044,80.18251038,33523,33533,10
12.89920044,80.18286896,33533,33543,10
12.89995956,80.1832428,33543,33555,12
12.90081978,80.18367767,33555,33562,7
12.90139961,80.18388367,33562,33574,12
12.90252972,80.18419647,33574,33584,10
12.90345955,80.1844635,33584,33594,10
12.90404987,80.18470001,33594,33604,10
12.90410995,80.18528748,33604,33614,10
12.90408039,80.1860199,33614,33625,11
12.90404987,80.18691254,33625,33634,9
12.90433979,80.18753815,33634,33643,9
12.90497971,80.1879425,33643,33656,13
12.90587997,80.18850708,33656,33666,10
12.90664959,80.18900299,33666,33696,30
12.90664959,80.18900299,33696,33706,10
12.90694046,80.18921661,33706,33716,10
12.90748024,80.18963623,33716,33726,10
12.90816975,80.19017029,33726,33736,10
12.90890026,80.1907196,33736,33746,10
12.90958977,80.19126129,33746,33757,11
12.91036034,80.19161224,33757,33767,10
12.91114044,80.19171906,33767,33777,10
12.91189957,80.19180298,33777,33787,10
12.91263008,80.19185638,33787,33807,20
12.91263008,80.19185638,33807,33817,10
12.91279984,80.19187927,33817,33827,10
12.91329956,80.1919632,33827,33837,10
12.91401005,80.19204712,33837,33847,10
12.91460991,80.19212341,33847,33858,11
12.91504002,80.19216156,33858,33868,10
12.91551971,80.19219208,33868,33878,10
12.91611004,80.1922226,33878,33888,10
12.91666031,80.19226837,33888,33898,10
12.91707993,80.19217682,33898,33908,10
12.91716957,80.19191742,33908,33948,40
12.91716957,80.19191742,33948,33958,10
12.9172802,80.1918335,33958,33969,11
12.91728973,80.19143677,33969,33979,10
12.91734028,80.19085693,33979,33989,10
12.91732025,80.19046021,33989,33999,10
12.91732979,80.19037628,33999,34009,10
12.91746998,80.19043732,34009,34019,10
12.91744041,80.19072723,34019,34029,10
12.91740036,80.19138336,34029,34039,10
12.91734028,80.19210052,34039,34049,10
12.91724968,80.19264984,34049,34059,10
12.91720963,80.19315338,34059,34090,31
12.91720963,80.19315338,34090,34100,10
12.91718006,80.19348145,34100,34110,10
12.91921997,80.19612122,34110,34150,40
12.91921997,80.19612122,34150,34171,21
12.9201498,80.19657898,34171,34182,11
12.92076969,80.19677734,34182,34192,10
12.92125034,80.19693756,34192,34202,10
12.92185974,80.19715881,34202,34212,10
12.92253971,80.1973114,34212,34222,10
12.92317009,80.19737244,34222,34232,10
12.9232502,80.19738007,34232,34242,10
12.9236002,80.1974411,34242,34252,10
12.92430973,80.19745636,34252,34262,10
12.92504025,80.19744873,34262,34271,9
12.92533016,80.19744873,34271,34283,12
12.92590046,80.19745636,34283,34293,10
12.92638016,80.19753265,34293,34303,10
12.92644024,80.19754028,34303,34313,10
12.9268198,80.1977005,34313,34323,10
12.9273901,80.19805145,34323,34333,10
12.92788982,80.19866943,34333,34343,10
12.92817974,80.19927216,34343,34353,10
12.92840958,80.19999695,34353,34363,10
12.92848015,80.20082855,34363,34373,10
12.9285202,80.20155334,34373,34383,10
12.92856979,80.20237732,34383,34393,10
12.92955971,80.20271301,34393,34413,20
12.92955971,80.20271301,34413,34423,10
12.92965031,80.20274353,34423,34433,10
12.92992973,80.20278168,34433,34443,10
12.93037033,80.20284271,34443,34453,10
12.9309597,80.20294952,34453,34464,11
12.93169022,80.20319366,34464,34474,10
12.93237972,80.20340729,34474,34484,10
12.93297005,80.20362091,34484,34494,10
12.9335804,80.2038269,34494,34504,10
12.93402958,80.20387268,34504,34514,10
12.93404007,80.20387268,34514,34524,10
12.93410015,80.20387268,34524,34534,10
12.93455982,80.20391846,34534,34544,10
12.93525982,80.20410156,34544,34554,10
12.93589973,80.20437622,34554,34564,10
12.93665028,80.20459747,34564,34574,10
12.93741989,80.20481873,34574,34584,10
12.93813038,80.20500946,34584,34597,13
12.93902016,80.20527649,34597,34607,10
12.94005966,80.20559692,34607,34627,20
12.94005966,80.20559692,34627,34637,10
12.94023991,80.20567322,34637,34647,10
12.94077969,80.20584106,34647,34657,10
12.94149971,80.20619965,34657,34667,10
12.94219971,80.20671844,34667,34677,10
12.94272995,80.20722961,34677,34687,10
12.94301987,80.20760345,34687,34698,11
12.94351006,80.20802307,34698,34708,10
12.94431019,80.20832062,34708,34738,30
12.94431019,80.20832062,34738,34748,10
12.94470024,80.20845032,34748,34758,10
12.94528008,80.20864868,34758,34768,10
12.94594002,80.20883942,34768,34778,10
12.94661045,80.20910645,34778,34788,10
12.94734001,80.20938873,34788,34798,10
12.94812012,80.20960999,34798,34809,11
12.94857979,80.20973969,34809,34819,10
12.94906044,80.20983887,34819,34829,10
12.94909954,80.20983887,34829,34839,10
12.94911957,80.20983887,34839,34849,10
12.94946957,80.21002197,34849,34859,10
12.95009995,80.21035004,34859,34869,10
12.95084953,80.21070099,34869,34879,10
12.95151043,80.21102142,34879,34889,10
12.95223999,80.21135712,34889,34899,10
12.95296001,80.21166229,34899,34910,11
12.95366955,80.21195221,34910,34930,20
12.95366955,80.21195221,34930,34940,10
12.95394039,80.21205902,34940,34950,10
12.95442963,80.21225739,34950,34960,10
12.95508957,80.21250153,34960,34970,10
12.95580959,80.21279144,34970,34980,10
12.95648956,80.21305847,34980,34990,10
12.95713043,80.21334076,34990,34999,9
12.9578104,80.21360779,34999,35011,12
12.95876026,80.21398163,35011,35021,10
12.95944977,80.21425629,35021,35031,10
12.9602499,80.21457672,35031,35041,10
12.96111012,80.21491241,35041,35051,10
12.96201992,80.215271,35051,35061,10
12.96278,80.2155838,35061,35071,10
12.96319962,80.21572113,35071,35081,10
12.96327019,80.21573639,35081,35091,10
12.96341038,80.21581268,35091,35101,10
12.96411991,80.2161026,35101,35122,21
12.96411991,80.2161026,35122,35132,10
12.96422005,80.21616364,35132,35142,10
12.96463966,80.216362,35142,35152,10
12.96533966,80.21663666,35152,35162,10
12.96617031,80.21697235,35162,35172,10
12.96699047,80.21730804,35172,35182,10
12.96753025,80.21753693,35182,35192,10
12.9677,80.21761322,35192,35202,10
12.96790028,80.21769714,35202,35212,10
12.9682703,80.21784973,35212,35223,11
12.96883965,80.21804047,35223,35233,10
12.9695797,80.21833038,35233,35243,10
12.97041035,80.21865845,35243,35253,10
12.97105026,80.21887207,35253,35263,10
12.97117043,80.21891022,35263,35273,10
12.97122955,80.21896362,35273,35283,10
12.97161961,80.21914673,35283,35293,10
12.97227001,80.21941376,35293,35303,10
12.97299957,80.21968079,35303,35313,10
12.97364044,80.21994019,35313,35323,10
12.97416019,80.2201767,35323,35334,11
12.97474003,80.22045898,35334,35344,10
12.97517014,80.22064209,35344,35434,90
12.97517014,80.22064209,35434,35444,10
12.97554016,80.22077942,35444,35454,10
12.97581959,80.22102356,35454,35484,30
12.97581959,80.22102356,35484,35495,11
12.97614956,80.22123718,35495,35535,40
12.97614956,80.22123718,35535,35545,10
12.9764204,80.22120667,35545,35555,10
12.97692013,80.22122192,35555,35565,10
12.97766972,80.22118378,35565,35575,10
12.97821045,80.22112274,35575,35585,10
12.97896004,80.22109985,35585,35595,10
12.97961998,80.22103882,35595,35605,10
12.98013973,80.22100067,35605,35615,10
12.98058987,80.22093964,35615,35625,10
12.98106956,80.22104645,35625,35635,10
12.98169994,80.22138977,35635,35648,13
12.98237038,80.22176361,35648,35658,10
12.98299026,80.22196198,35658,35678,20
12.98299026,80.22196198,35678,35688,10
12.98307037,80.22202301,35688,35698,10
12.9833498,80.222229,35698,35708,10
12.98379993,80.22251892,35708,35718,10
12.98437023,80.22286224,35718,35728,10
12.9850502,80.22322083,35728,35738,10
12.98550987,80.22315979,35738,35749,11
12.9860096,80.22293854,35749,35759,10
12.98635006,80.22293091,35759,35769,10
12.98647976,80.22293091,35769,35779,10
12.9865303,80.22292328,35779,35789,10
12.98696995,80.22299194,35789,35799,10
12.98762035,80.22303009,35799,35809,10
12.98826981,80.22257996,35809,35819,10
12.98884964,80.22206116,35819,35829,10
12.98913002,80.22161865,35829,35839,10
12.98946953,80.22099304,35839,35850,11
12.99009991,80.22041321,35850,35860,10
12.99022007,80.22036743,35860,35870,10
12.99044037,80.22025299,35870,35880,10
12.99090004,80.21993256,35880,35890,10
12.9913702,80.21955872,35890,35900,10
12.99195004,80.21916199,35900,35910,10
12.99260044,80.21869659,35910,35920,10
12.99324989,80.21820068,35920,35930,10
12.9938097,80.21781921,35930,35940,10
12.99425983,80.21748352,35940,35949,9
12.99475956,80.21711731,35949,35961,12
12.99510956,80.2168808,35961,35971,10
12.99567986,80.21663666,35971,35981,10
12.99635029,80.21649933,35981,35991,10
12.9969902,80.21642303,35991,36001,10
12.99757957,80.21643829,36001,36021,20
12.99757957,80.21643829,36021,36031,10
12.99767971,80.21646118,36031,36041,10
12.99814034,80.21656036,36041,36051,10
12.99878025,80.21684265,36051,36062,11
12.99954987,80.21721649,36062,36072,10
13.00020027,80.217659,36072,36082,10
13.00084019,80.21808624,36082,36091,9
13.00146961,80.21851349,36091,36103,12
13.00214958,80.2192688,36103,36113,10
13.00286961,80.2197876,36113,36123,10
13.00364971,80.22001648,36123,36133,10
13.00440025,80.22016144,36133,36143,10
13.00469971,80.22020721,36143,36153,10
13.00496006,80.22028351,36153,36163,10
13.00559998,80.22042084,36163,36174,11
13.0064497,80.22061157,36174,36184,10
13.0071497,80.22093964,36184,36194,10
13.00798035,80.22136688,36194,36204,10
13.0088501,80.22181702,36204,36214,10
13.00975037,80.22231293,36214,36224,10
13.01060009,80.22276306,36224,36234,10
13.01119041,80.2230072,36234,36244,10
13.01128006,80.22303772,36244,36254,10
13.01142025,80.22305298,36254,36264,10
13.01156998,80.22270203,36264,36275,11
13.01175022,80.22190094,36275,36285,10
13.01210022,80.22136688,36285,36295,10
13.01239967,80.22158813,36295,36305,10
13.01272011,80.22203827,36305,36315,10
13.01309967,80.2224884,36315,36325,10
13.01360035,80.22305298,36325,36335,10
13.01406956,80.22358704,36335,36345,10
13.01445961,80.22409058,36345,36355,10
13.01486969,80.22451019,36355,36365,10
13.01511002,80.22473907,36365,36375,10
13.01558018,80.22505188,36375,36396,21
13.01558018,80.22505188,36396,36406,10
13.01587963,80.22528839,36406,36416,10
13.01655006,80.22528076,36416,36426,10
13.01737976,80.2249527,36426,36436,10
13.01825047,80.22458649,36436,36445,9
13.01895046,80.22434235,36445,36456,11
13.01968002,80.22450256,36456,36466,10
13.02025986,80.22492218,36466,36476,10
13.02085972,80.22534943,36476,36488,12
13.02151012,80.22585297,36488,36498,10
13.02190018,80.22612,36498,36508,10
13.02194023,80.22614288,36508,36518,10
13.02208042,80.22628784,36518,36528,10
13.02252007,80.2266922,36528,36538,10
13.02311993,80.22724152,36538,36548,10
13.02363968,80.22769928,36548,36555,7
13.02394009,80.22799683,36555,36568,13
13.02437019,80.22852325,36568,36578,10
13.02462006,80.22884369,36578,36589,11
13.0248003,80.22913361,36589,36599,10
13.02511024,80.22952271,36599,36609,10
13.02544975,80.22994232,36609,36619,10
13.02554035,80.23005676,36619,36629,10
13.02565002,80.23020172,36629,36639,10
13.02573967,80.23043823,36639,36649,10
13.02585983,80.23072052,36649,36659,10
13.02598,80.23104858,36659,36669,10
13.02608967,80.23133087,36669,36679,10
13.02665043,80.23120117,36679,36690,11
13.0273304,80.23101807,36690,36700,10
13.02783966,80.23091888,36700,36710,10
13.02834988,80.23085022,36710,36720,10
13.02840996,80.23084259,36720,36730,10
13.02853012,80.23085022,36730,36740,10
13.02900028,80.23082733,36740,36750,10
13.02945042,80.23078156,36750,36760,10
13.02982998,80.23069763,36760,36770,10
13.03003979,80.23066711,36770,36881,111
13.03003979,80.23066711,36881,36891,10
13.03015041,80.23065948,36891,36902,11
13.03048038,80.23065186,36902,36912,10
13.03089046,80.23062134,36912,36922,10
13.03149033,80.23059082,36922,36932,10
13.03219032,80.23052216,36932,36942,10
13.03293991,80.23046112,36942,36952,10
13.03369045,80.23042297,36952,36962,10
13.03454018,80.2303009,36962,37002,40
13.03454018,80.2303009,37002,37013,11
13.03472042,80.23023987,37013,37023,10
13.03491974,80.23010254,37023,37033,10
13.03499985,80.2299881,37033,37043,10
13.03495026,80.22981262,37043,37102,59
13.03495026,80.22981262,37102,37114,12
13.03458977,80.2297821,37114,37174,60
13.03423023,80.22975922,37174,37325,151
13.03423023,80.22975922,37325,37335,10
13.03417969,80.23016357,37335,37345,10
13.03415966,80.2302475,37345,37355,10
13.03407955,80.23036194,37355,37365,10
13.03372002,80.23040771,37365,37375,10
13.03328991,80.23047638,37375,37385,10
13.03297043,80.2305069,37385,37396,11
13.03277969,80.23049927,37396,37405,9
13.03252029,80.2305603,37405,37456,51
13.03252029,80.2305603,37456,37466,10
13.03217983,80.23059082,37466,37476,10
13.03201962,80.23062134,37476,37486,10
13.03162003,80.2306366,37486,37496,10
13.03120995,80.23068237,37496,37619,123
13.03120995,80.23068237,37619,37629,10
13.0310297,80.23072052,37629,37640,11
13.03083992,80.23072052,37640,37650,10
13.03050041,80.23072815,37650,37660,10
13.02997971,80.23078918,37660,37670,10
13.02968979,80.23081207,37670,37680,10
13.02925968,80.23084259,37680,37690,10
13.02855968,80.23088074,37690,37700,10
13.0280304,80.2309494,37700,37710,10
13.02746964,80.23282623,37710,37751,41
13.02703953,80.23291779,37751,37795,44
13.02703953,80.23291779,37795,37806,11
13.02682018,80.23297882,37806,37816,10
13.02645016,80.23291779,37816,37826,10
13.02620983,80.2322998,37826,37836,10
13.02598,80.23150635,37836,37846,10
13.02569962,80.23059845,37846,37857,11
13.02519035,80.22978973,37857,37867,10
13.02490044,80.22946167,37867,37877,10
13.02486038,80.22942352,37877,37887,10
13.02474976,80.22930145,37887,37897,10
13.02455044,80.22901917,37897,37907,10
13.02429008,80.22869873,37907,37917,10
13.02404022,80.22831726,37917,37926,9
13.02361965,80.22783661,37926,37937,11
13.02320004,80.22753143,37937,37959,22
13.02297974,80.22738647,37959,37989,30
13.02297974,80.22738647,37989,37997,8
13.02283955,80.22730255,37997,38009,12
13.02283001,80.22727203,38009,38019,10
13.0226202,80.22705841,38019,38027,8
13.02245045,80.22679901,38027,38039,12
13.02200031,80.22641754,38039,38049,10
13.02143955,80.22595978,38049,38057,8
13.02093983,80.22559357,38057,38070,13
13.01998043,80.22489166,38070,38080,10
13.01900005,80.22451019,38080,38090,10
13.01788998,80.22485352,38090,38100,10
13.01704025,80.22519684,38100,38110,10
13.01659966,80.22537994,38110,38120,10
13.01638985,80.22545624,38120,38130,10
13.01597023,80.22559357,38130,38140,10
13.01546955,80.22575378,38140,38150,10
13.01509953,80.22590637,38150,38159,9
13.01473999,80.22599792,38159,38171,12
13.0142498,80.22615814,38171,38181,10
13.01420021,80.22611237,38181,38191,10
13.01412964,80.22576904,38191,38201,10
13.01406956,80.22541809,38201,38322,121
13.01406956,80.22541809,38322,38332,10
13.01414967,80.22525024,38332,38342,10
13.01424026,80.22548676,38342,38352,10
13.01420021,80.2259903,38352,38423,71
13.01420021,80.2259903,38423,38433,10
13.01414013,80.2261734,38433,38443,10
13.01381969,80.22631836,38443,38453,10
13.01325035,80.22657013,38453,38463,10
13.01247978,80.22686768,38463,38472,9
13.01177025,80.22714996,38472,38484,12
13.01078033,80.22754669,38484,38494,10
13.00994968,80.22785187,38494,38504,10
13.00953007,80.22753906,38504,38514,10
13.00981998,80.22688293,38514,38524,10
13.01012993,80.22612,38524,38534,10
13.01031971,80.2256012,38534,38544,10
13.01039028,80.22544098,38544,38554,10
13.01053047,80.22509766,38554,38564,10
13.0106802,80.22473907,38564,38574,10
13.01088047,80.22421265,38574,38583,9
13.01101017,80.22386169,38583,38595,12
13.01105976,80.22358704,38595,38605,10
13.01117992,80.22322083,38605,38615,10
13.01076031,80.22297668,38615,38625,10
13.01014996,80.22268677,38625,38635,10
13.00948048,80.22232056,38635,38645,10
13.00883961,80.22194672,38645,38655,10
13.00819969,80.22158051,38655,38665,10
13.00755024,80.22122192,38665,38675,10
13.00673962,80.22083282,38675,38685,10
13.00582981,80.22052765,38685,38696,11
13.00489044,80.22029114,38696,38706,10
13.00450039,80.22020721,38706,38716,10
13.00409985,80.22010803,38716,38726,10
13.00341988,80.21994781,38726,38736,10
13.00263977,80.2196579,38736,38746,10
13.0019598,80.21904755,38746,38756,10
13.00152969,80.2186203,38756,38766,10
13.00088978,80.21816254,38766,38776,10
13.00010014,80.217659,38776,38786,10
12.99917984,80.21711731,38786,38806,20
12.99917984,80.21711731,38806,38816,10
12.99901962,80.21704865,38816,38826,10
12.99870014,80.21688843,38826,38836,10
12.99800014,80.21661377,38836,38846,10
12.99742031,80.21653748,38846,38856,10
12.99740028,80.21653748,38856,38866,10
12.99726009,80.21652222,38866,38877,11
12.99668026,80.21653748,38877,38886,9
12.99604988,80.21668243,38886,38897,11
12.99522972,80.21694946,38897,38907,10
12.9946804,80.2173233,38907,38917,10
12.99409962,80.21775055,38917,38927,10
12.99349976,80.21816254,38927,38937,10
12.9928503,80.2186203,38937,38947,10
12.99211025,80.2191925,38947,38957,10
12.99151993,80.21961975,38957,38967,10
12.99081993,80.22015381,38967,38987,20
12.99081993,80.22015381,38987,38998,11
12.9903698,80.22046661,38998,39008,10
12.98976994,80.22103119,39008,39020,12
12.98923016,80.22176361,39020,39030,10
12.98863983,80.22241211,39030,39040,10
12.9879303,80.2230072,39040,39050,10
12.98760033,80.22312164,39050,39060,10
12.98733997,80.22309113,39060,39070,10
12.98690987,80.22302246,39070,39080,10
12.98639011,80.22296143,39080,39090,10
12.9856596,80.22306824,39090,39100,10
12.98523998,80.2232666,39100,39110,10
12.98451042,80.22297668,39110,39121,11
12.9837904,80.22255707,39121,39131,10
12.98316002,80.22218323,39131,39151,20
12.98316002,80.22218323,39151,39161,10
12.98311043,80.22212982,39161,39171,10
12.98270988,80.22190857,39171,39181,10
12.98233986,80.22181702,39181,39191,10
12.98202038,80.22173309,39191,39201,10
12.98167992,80.22145081,39201,39210,9
12.98132992,80.22131348,39210,39222,12
12.98062038,80.22109985,39222,39232,10
12.97999001,80.221138,39232,39242,10
12.97922993,80.22119904,39242,39252,10
12.97846985,80.22122192,39252,39262,10
12.97809982,80.22122955,39262,39272,10
12.97774982,80.22128296,39272,39282,10
12.97708035,80.22129822,39282,39292,10
12.97609043,80.22132874,39292,39312,20
12.97609043,80.22132874,39312,39322,10
12.9759798,80.22133636,39322,39333,11
12.97570992,80.22113037,39333,39363,30
12.97570992,80.22113037,39363,39373,10
12.97544003,80.22090912,39373,39383,10
12.97515965,80.22074127,39383,39393,10
12.97469997,80.22052765,39393,39403,10
12.97408009,80.22032166,39403,39413,10
12.97348976,80.220047,39413,39423,10
12.97288036,80.21981812,39423,39434,11
12.97214031,80.21955109,39434,39444,10
12.97113991,80.21923065,39444,39464,20
12.97113991,80.21923065,39464,39474,10
12.97095966,80.21916199,39474,39484,10
12.97043037,80.21884918,39484,39494,10
12.96957016,80.21849823,39494,39504,10
12.96866989,80.21813202,39504,39514,10
12.96778011,80.21775818,39514,39524,10
12.96687031,80.21740723,39524,39534,10
12.96580029,80.21697998,39534,39545,11
12.96465969,80.21653748,39545,39555,10
12.96382999,80.21618652,39555,39565,10
12.96294022,80.21578979,39565,39585,20
12.96294022,80.21578979,39585,39595,10
12.9625597,80.21563721,39595,39605,10
12.9618597,80.21537781,39605,39615,10
12.96100998,80.21504211,39615,39625,10
12.96008015,80.21466827,39625,39633,8
12.95930958,80.21437073,39633,39646,13
12.9580698,80.21385193,39646,39656,10
12.95726013,80.21350098,39656,39666,10
12.95635033,80.2131424,39666,39676,10
12.95536041,80.21278381,39676,39686,10
12.95446014,80.2124176,39686,39696,10
12.95390987,80.21221924,39696,39706,10
12.95386982,80.21219635,39706,39716,10
12.95366001,80.21212006,39716,39726,10
12.95326042,80.21193695,39726,39735,9
12.95261002,80.21170807,39735,39747,12
12.95164013,80.21134949,39747,39757,10
12.95088959,80.21109772,39757,39767,10
12.94993019,80.21074677,39767,39777,10
12.94904041,80.2104187,39777,39787,10
12.94871044,80.21029663,39787,39797,10
12.94867992,80.21029663,39797,39807,10
12.94841003,80.21019745,39807,39817,10
12.94801998,80.21000671,39817,39827,10
12.94729996,80.20973206,39827,39837,10
12.94661045,80.20944977,39837,39847,10
12.94573021,80.20909882,39847,39857,10
12.94497013,80.20870209,39857,39867,10
12.94435978,80.20845032,39867,39877,10
12.94421959,80.20838928,39877,39887,10
12.94406986,80.20832825,39887,39897,10
12.9435997,80.20812988,39897,39908,11
12.94299984,80.20776367,39908,39918,10
12.94248962,80.2071228,39918,39928,10
12.94184971,80.20655823,39928,39938,10
12.94122028,80.20613861,39938,39948,10
12.94104004,80.20606232,39948,39958,10
12.94089985,80.20599365,39958,39968,10
12.94046974,80.20583344,39968,39978,10
12.93995953,80.20567322,39978,39988,10
12.93933964,80.20549774,39988,39998,10
12.93863964,80.20526886,39998,40008,10
12.93795967,80.2050705,40008,40018,10
12.93723965,80.20487976,40018,40028,10
12.93653965,80.2046814,40028,40038,10
12.93587017,80.20449066,40038,40048,10
12.93525028,80.20423126,40048,40061,13
12.93435001,80.2039566,40061,40071,10
12.93375969,80.20394135,40071,40081,10
12.93369961,80.20394135,40081,40091,10
12.93360996,80.20394135,40091,40101,10
12.93319035,80.20384216,40101,40111,10
12.93292046,80.20374298,40111,40121,10
12.93237019,80.20353699,40121,40131,10
12.93159962,80.20329285,40131,40141,10
12.93101978,80.20308685,40141,40151,10
12.93045044,80.20291901,40151,40158,7
12.92998981,80.20285034,40158,40172,14
12.92945957,80.20278931,40172,40182,10
12.92940998,80.20278168,40182,40192,10
12.92895031,80.20272827,40192,40202,10
12.92850971,80.20249939,40202,40212,10
12.92846966,80.20207214,40212,40222,10
12.92844009,80.20147705,40222,40232,10
12.92840004,80.20063782,40232,40242,10
12.9282999,80.19979858,40242,40252,10
12.92798042,80.19898224,40252,40261,9
12.92755985,80.19828033,40261,40273,12
12.92658997,80.19766998,40273,40283,10
12.92628002,80.19760895,40283,40293,10
12.92601013,80.19756317,40293,40303,10
12.92549038,80.19754791,40303,40313,10
12.92518997,80.1975174,40313,40323,10
12.92448997,80.19750977,40323,40333,10
12.92366982,80.19748688,40333,40343,10
12.92300987,80.19741058,40343,40353,10
12.92226028,80.1973114,40353,40363,10
12.92158031,80.19715118,40363,40373,10
12.92109966,80.19696045,40373,40384,11
12.92074013,80.19683838,40384,40394,10
12.92029953,80.19670105,40394,40404,10
12.91969967,80.1964798,40404,40414,10
12.91924,80.1962204,40414,40424,10
12.91889954,80.19593811,40424,40434,10
12.91880989,80.19586945,40434,40444,10
12.91876984,80.19582367,40444,40454,10
12.91843987,80.19551849,40454,40464,10
12.91788006,80.19502258,40464,40474,10
12.91714954,80.19425964,40474,40505,31
12.91714954,80.19425964,40505,40515,10
12.91697979,80.19387054,40515,40525,10
12.91697979,80.19326782,40525,40535,10
12.9170599,80.19261169,40535,40545,10
12.91668034,80.19235229,40545,40585,40
12.91668034,80.19235229,40585,40596,11
12.91646957,80.19232941,40596,40606,10
12.91592026,80.19229889,40606,40616,10
12.91534996,80.19226074,40616,40626,10
12.91469955,80.19219971,40626,40636,10
12.9140501,80.19213104,40636,40646,10
12.9133997,80.19203949,40646,40656,10
12.9126997,80.1919632,40656,40666,10
12.91189003,80.19187164,40666,40676,10
12.91100025,80.19177246,40676,40686,10
12.91016006,80.19165802,40686,40697,11
12.90970993,80.19152069,40697,40707,10
12.90960026,80.19139862,40707,40717,10
12.90913963,80.19103241,40717,40727,10
12.90843964,80.19049072,40727,40737,10
12.90764046,80.18988037,40737,40747,10
12.90684032,80.18926239,40747,40757,10
12.90624046,80.18884277,40757,40767,10
12.90616989,80.18878937,40767,40777,10
12.90600967,80.18869781,40777,40787,10
12.90557957,80.18842316,40787,40797,10
12.90499973,80.18802643,40797,40808,11
12.90437984,80.18763733,40808,40818,10
12.9039402,80.18708038,40818,40828,10
12.90396976,80.1864624,40828,40838,10
12.90400982,80.18559265,40838,40848,10
12.90396976,80.18475342,40848,40858,10
12.90334988,80.18448639,40858,40868,10
12.90248013,80.18424225,40868,40878,10
12.90151978,80.18399811,40878,40888,10
12.90056038,80.18363953,40888,40898,10
12.89960003,80.18315887,40898,40908,10
12.89871025,80.18270874,40908,40918,10
12.89793015,80.18231964,40918,40929,11
12.89754963,80.18212891,40929,40938,9
12.89733982,80.18202972,40938,40949,11
12.89731979,80.18203735,40949,40959,10
12.8969698,80.18186188,40959,40969,10
12.8963604,80.18154907,40969,40979,10
12.89560032,80.18115997,40979,40988,9
12.89480019,80.18074799,40988,40999,11
12.89387035,80.18028259,40999,41011,12
12.89332008,80.18002319,41011,41021,10
12.89332008,80.18000793,41021,41031,10
12.89315987,80.17976379,41031,41041,10
12.89284039,80.1791687,41041,41051,10
12.89243984,80.17838287,41051,41061,10
12.89192963,80.17745209,41061,41071,10
12.89148045,80.176651,41071,41079,8
12.8914299,80.17655945,41079,41091,12
12.89132023,80.17636108,41091,41101,10
12.89097977,80.17572021,41101,41111,10
12.89054966,80.17494202,41111,41122,11
12.88996983,80.17442322,41122,41132,10
12.88963032,80.17429352,41132,41142,10
12.88932037,80.17411804,41142,41152,10
12.88873959,80.1738205,41152,41162,10
12.88794994,80.17340851,41162,41172,10
12.88708973,80.17297363,41172,41182,10
12.88617992,80.17250061,41182,41192,10
12.88519001,80.17198181,41192,41202,10
12.88411999,80.1714325,41202,41212,10
12.88329029,80.17101288,41212,41223,11
12.8825798,80.17063904,41223,41233,10
12.88224983,80.17073059,41233,41243,10
12.88222027,80.17076874,41243,41253,10
12.88187027,80.17099762,41253,41263,10
12.88144016,80.17089081,41263,41273,10
12.88096046,80.1707077,41273,41283,10
12.88027,80.1704483,41283,41293,10
12.8800602,80.17034149,41293,41303,10
12.87586975,80.1708374,41303,41347,44
12.87380028,80.17217255,41347,41380,33
12.87071991,80.17420959,41380,41409,29
12.87071991,80.17420959,41409,41438,29
12.86781979,80.1759491,41438,41448,10
12.86695004,80.17585754,41448,41459,11
12.86643982,80.17579651,41459,41469,10
12.86596966,80.17575073,41469,41479,10
12.86530018,80.17571259,41479,41489,10
12.86515999,80.17568207,41489,41499,10
12.86472034,80.1754837,41499,41509,10
12.86402035,80.17507935,41509,41519,10
12.86316013,80.1745224,41519,41529,10
12.86225033,80.17404175,41529,41542,13
12.86163044,80.17378235,41542,41552,10
12.8611002,80.17353821,41552,41562,10
12.86038971,80.17321777,41562,41572,10
12.85956955,80.17288208,41572,41582,10
12.85867977,80.17256927,41582,41592,10
12.85789013,80.17241669,41592,41602,10
12.85739994,80.17234802,41602,41612,10
12.85690022,80.17224884,41612,41622,10
12.85647964,80.17215729,41622,41632,10
12.85643959,80.17215729,41632,41643,11
12.85614014,80.17208862,41643,41653,10
12.85560036,80.17192078,41653,41663,10
12.85474014,80.17167664,41663,41673,10
12.85385036,80.17140961,41673,41683,10
12.85295963,80.17121887,41683,41693,10
12.85206985,80.17111969,41693,41703,10
12.85126019,80.17098999,41703,41713,10
12.85114002,80.17095947,41713,41723,10
12.85087967,80.17092896,41723,41733,10
12.85033989,80.17082977,41733,41743,10
12.84953022,80.17069244,41743,41754,11
12.84848976,80.17051697,41754,41764,10
12.84759998,80.17037201,41764,41774,10
12.84657001,80.17025757,41774,41784,10
12.84539032,80.1701889,41784,41794,10
12.84416008,80.17012787,41794,41804,10
12.84296036,80.16996765,41804,41814,10
12.8417902,80.16996002,41814,41824,10
12.84076977,80.16996002,41824,41834,10
12.83987999,80.16996002,41834,41843,9
12.83918953,80.16992188,41843,41856,13
12.8385601,80.16976166,41856,41866,10
12.83847046,80.16970825,41866,41876,10
12.83810997,80.16941833,41876,41886,10
12.83784008,80.16929626,41886,41896,10
12.83743954,80.16925049,41896,41906,10
12.83712006,80.16898346,41906,41916,10
12.8369503,80.1688385,41916,41926,10
12.83666992,80.16877747,41926,41936,10
12.8366003,80.16874695,41936,41946,10
12.83627033,80.16863251,41946,41956,10
12.83600044,80.16847229,41956,41967,11
12.83584976,80.16799927,41967,41977,10
12.83551025,80.16777039,41977,41987,10
12.83498955,80.16758728,41987,41997,10
12.83428955,80.16719055,41997,42007,10
12.8336401,80.1668396,42007,42017,10
12.83349037,80.16676331,42017,42027,10
12.8332901,80.16664886,42027,42037,10
12.83279991,80.16635132,42037,42047,10
12.8320303,80.166008,42047,42057,10
12.83129025,80.1657486,42057,42068,11
12.83030987,80.1655426,42068,42078,10
12.82946014,80.16542816,42078,42088,10
12.82866001,80.16531372,42088,42098,10
12.8281002,80.1652298,42098,42108,10
12.82761955,80.1651535,42108,42139,31
12.82761955,80.1651535,42139,42149,10
12.8275404,80.16509247,42149,42159,10
12.82726955,80.16496277,42159,42170,11
12.82717991,80.16490936,42170,42179,9
12.82697964,80.16481018,42179,42190,11
12.82682991,80.16472626,42190,42200,10
12.82672977,80.16468048,42200,42210,10
12.82633018,80.16441345,42210,42220,10
12.82575989,80.16407776,42220,42230,10
12.82526016,80.16381836,42230,42240,10
12.82522964,80.1638031,42240,42249,9
12.82491016,80.16364288,42249,42260,11
12.8242197,80.16320801,42260,42270,10
12.82338047,80.16268921,42270,42282,12
12.82209969,80.162117,42282,42292,10
12.82098007,80.16166687,42292,42302,10
12.8198204,80.16117859,42302,42312,10
12.81877041,80.1607132,42312,42322,10
12.81812954,80.16046143,42322,42332,10
12.81785965,80.16039276,42332,42342,10
12.81739044,80.16026306,42342,42352,10
12.81672001,80.16011047,42352,42362,10
12.81597042,80.15995026,42362,42372,10
12.81505966,80.15978241,42372,42383,11
12.81400967,80.15960693,42383,42393,10
12.81320953,80.15952301,42393,42403,10
12.81235981,80.15936279,42403,42413,10
12.81169033,80.15943146,42413,42423,10
12.81165981,80.15943909,42423,42433,10
12.81161022,80.15944672,42433,42443,10
12.81114006,80.15957642,42443,42453,10
12.81074047,80.15969849,42453,42463,10
12.81042957,80.159729,42463,42473,10
12.81042004,80.159729,42473,42483,10
12.81000996,80.15956879,42483,42534,51
12.81000996,80.15956879,42534,42544,10
12.81037998,80.15968323,42544,42968,424
12.81048012,80.15982056,42968,43139,171
12.81048012,80.15982056,43139,43149,10
12.81062031,80.15973663,43149,43159,10
12.81091976,80.15966034,43159,43169,10
12.81120968,80.15955353,43169,43179,10
12.81151962,80.15947723,43179,43189,10
12.81155968,80.15946198,43189,43199,10
12.8118,80.15940094,43199,43210,11
12.81235027,80.15937042,43210,43220,10
12.81309032,80.15950012,43220,43230,10
12.81404018,80.1595993,43230,43240,10
12.81501961,80.15976715,43240,43250,10
12.81591034,80.15994263,43250,43260,10
12.81667995,80.16010284,43260,43270,10
12.81748009,80.16027832,43270,43280,10
12.81799984,80.16042328,43280,43290,10
12.81828976,80.16049957,43290,43300,10
12.81879044,80.16069794,43300,43310,10
12.81962967,80.16107941,43310,43320,10
12.82075977,80.16156006,43320,43330,10
12.82207966,80.16210938,43330,43343,13
12.8237896,80.16290283,43343,43353,10
12.82487965,80.16359711,43353,43363,10
12.82569027,80.16400146,43363,43373,10
12.82594013,80.16413879,43373,43383,10
12.82637024,80.16439819,43383,43393,10
12.82691956,80.164711,43393,43403,10
12.82734013,80.1649704,43403,43413,10
12.82736969,80.16499329,43413,43423,10
12.82773018,80.1651001,43423,43444,21
12.82773018,80.1651001,43444,43454,10
12.82789993,80.1651535,43454,43484,30
12.82789993,80.1651535,43484,43494,10
12.82793999,80.16516113,43494,43504,10
12.82833004,80.16520691,43504,43514,10
12.82909966,80.16532135,43514,43524,10
12.82995987,80.16544342,43524,43534,10
12.83096981,80.16564178,43534,43544,10
12.83205032,80.16600037,43544,43555,11
12.83304024,80.16644287,43555,43565,10
12.83355045,80.16674042,43565,43585,20
12.83355045,80.16674042,43585,43595,10
12.83374023,80.16680908,43595,43605,10
12.83430004,80.16712952,43605,43615,10
12.83506966,80.16757965,43615,43625,10
12.83567047,80.16777039,43625,43635,10
12.83590984,80.16803741,43635,43645,10
12.8360796,80.16851807,43645,43656,11
12.83635998,80.16863251,43656,43666,10
12.83673954,80.16876221,43666,43676,10
12.83685017,80.16877747,43676,43686,10
12.83708954,80.16890717,43686,43696,10
12.83722019,80.1690979,43696,43706,10
12.83775997,80.16928864,43706,43716,10
12.83839035,80.1696167,43716,43736,20
12.83839035,80.1696167,43736,43745,9
12.83870029,80.16976166,43745,43756,11
12.83946991,80.16996002,43756,43767,11
12.84045982,80.1699295,43767,43777,10
12.84158039,80.16996002,43777,43787,10
12.84276962,80.16995239,43787,43797,10
12.84405994,80.17008972,43797,43807,10
12.8453598,80.17015839,43807,43817,10
12.84667969,80.17022705,43817,43827,10
12.84797955,80.17040253,43827,43836,9
12.84916973,80.17062378,43836,43847,11
12.85046959,80.17082977,43847,43857,10
12.85151005,80.17099762,43857,43868,11
12.8526001,80.17115784,43868,43878,10
12.85319042,80.1712265,43878,43898,20
12.85319042,80.1712265,43898,43908,10
12.85352993,80.1713028,43908,43918,10
12.85426044,80.17147827,43918,43928,10
12.85517979,80.17176056,43928,43938,10
12.85606003,80.17204285,43938,43948,10
12.85647964,80.17214966,43948,43989,41
12.85647964,80.17214966,43989,43999,10
12.85680008,80.17221832,43999,44009,10
12.85741043,80.1723175,44009,44019,10
12.85779953,80.1723938,44019,44029,10
12.85842991,80.17249298,44029,44039,10
12.85914993,80.1726532,44039,44049,10
12.85964966,80.17288208,44049,44059,10
12.85968971,80.17289734,44059,44069,10
12.8600502,80.1730423,44069,44080,11
12.8606596,80.17331696,44080,44090,10
12.86133957,80.17362213,44090,44100,10
12.86215973,80.17395782,44100,44110,10
12.86308956,80.17443848,44110,44120,10
12.86406994,80.17505646,44120,44130,10
12.86489964,80.17555237,44130,44140,10
12.86534023,80.17568207,44140,44150,10
12.86540985,80.17568207,44150,44160,10
12.86583996,80.1757431,44160,44170,10
12.86660004,80.17581177,44170,44180,10
12.86740017,80.17588806,44180,44190,10
12.86824989,80.1758728,44190,44200,10
12.86905956,80.17533875,44200,44210,10
12.86999035,80.17469788,44210,44220,10
12.87094975,80.17402649,44220,44231,11
12.87197018,80.17337036,44231,44241,10
12.87302971,80.17266083,44241,44252,11
12.87425995,80.17185974,44252,44262,10
12.87528992,80.1711731,44262,44272,10
12.87590981,80.17077637,44272,44281,9
12.87607956,80.17072296,44281,44291,10
12.8766098,80.17054749,44291,44301,10
12.87742043,80.17027283,44301,44312,11
12.87849045,80.17002106,44312,44324,12
12.87959957,80.17003632,44324,44334,10
12.87994003,80.17022705,44334,44344,10
12.87994957,80.17022705,44344,44354,10
12.88033009,80.17043304,44354,44364,10
12.88103008,80.1707077,44364,44374,10
12.88162994,80.17093658,44374,44384,10
12.8822298,80.17076874,44384,44395,11
12.88253975,80.17062378,44395,44405,10
12.88259029,80.17063904,44405,44415,10
12.88302994,80.17086792,44415,44425,10
12.88379002,80.17124939,44425,44435,10
12.88473034,80.17173767,44435,44445,10
12.88584995,80.1723175,44445,44455,10
12.88706017,80.17294312,44455,44464,9
12.88807964,80.17346191,44464,44475,11
12.88916016,80.17401123,44475,44485,10
12.88967037,80.17427063,44485,44496,11
12.89000988,80.17440796,44496,44506,10
12.89041996,80.17462921,44506,44516,10
12.89074993,80.17519379,44516,44526,10
12.89118958,80.17597198,44526,44536,10
12.89155006,80.17661285,44536,44546,10
12.89157963,80.17666626,44546,44556,10
12.89159966,80.1767807,44556,44566,10
12.89188004,80.17726898,44566,44576,10
12.89229965,80.17804718,44576,44585,9
12.89270973,80.17877197,44585,44596,11
12.89321041,80.17973328,44596,44607,11
12.89379025,80.18016815,44607,44617,10
12.89383984,80.18018341,44617,44627,10
12.89414978,80.18032837,44627,44637,10
12.89482021,80.18065643,44637,44647,10
12.8956604,80.18106842,44647,44657,10
12.89659977,80.18151855,44657,44667,10
12.89737034,80.18190002,44667,44677,10
12.8976202,80.18202972,44677,44687,10
12.89768982,80.18209839,44687,44697,10
12.89803982,80.18228149,44697,44708,11
12.89873028,80.18264008,44708,44718,10
12.89947033,80.18302155,44718,44728,10
12.90025043,80.18340302,44728,44738,10
12.90091991,80.18370056,44738,44748,10
12.90168953,80.18395233,44748,44758,10
12.90268993,80.18424225,44758,44768,10
12.90369034,80.18453979,44768,44778,10
12.90410042,80.18499756,44778,44786,8
12.90406036,80.18566895,44786,44798,12
12.90400982,80.18683624,44798,44808,10
12.90435982,80.18757629,44808,44819,11
12.90528011,80.18817902,44819,44829,10
12.9061203,80.18869019,44829,44839,10
12.90659046,80.18900299,44839,44849,10
12.90668964,80.18907166,44849,44859,10
12.90711021,80.18939209,44859,44869,10
12.90769958,80.18985748,44869,44879,10
12.90839005,80.19037628,44879,44889,10
12.90917015,80.19097137,44889,44899,10
12.90987968,80.1914978,44899,44908,9
12.91063023,80.1916275,44908,44922,14
12.91133976,80.19172668,44922,44931,9
12.91186047,80.19181061,44931,44941,10
12.91257,80.19190979,44941,44951,10
12.91341019,80.1920166,44951,44961,10
12.91407967,80.1920929,44961,44971,10
12.91485023,80.19216156,44971,44981,10
12.91553974,80.1922226,44981,44991,10
12.91623974,80.19225311,44991,45001,10
12.91685009,80.19229889,45001,45011,10
12.91711998,80.19200897,45011,45032,21
12.91711998,80.19200897,45032,45042,10
12.91722965,80.19165802,45042,45052,10
12.91732025,80.19107819,45052,45062,10
12.91734028,80.1905365,45062,45072,10
12.91734982,80.19042206,45072,45082,10
12.91744995,80.19048309,45082,45091,9
12.91738033,80.19087982,45091,45102,11
12.91726971,80.19168091,45102,45112,10
12.91720009,80.19238281,45112,45122,10
12.91707993,80.19302368,45122,45142,20
12.91707993,80.19302368,45142,45154,12
12.9170599,80.19313049,45154,45164,10
12.91703033,80.1934967,45164,45174,10
12.91711044,80.19403076,45174,45184,10
12.91742992,80.19451141,45184,45194,10
12.91794014,80.19499969,45194,45204,10
12.91843033,80.19544983,45204,45214,10
12.9190197,80.19599152,45214,45224,10
12.91961956,80.19638824,45224,45235,11
12.92010021,80.19657898,45235,45245,10
12.92064953,80.19676208,45245,45255,10
12.9212904,80.19695282,45255,45265,10
12.92201042,80.19721222,45265,45275,10
12.9228096,80.19732666,45275,45285,10
12.92327023,80.1973877,45285,45295,10
12.92339993,80.19741821,45295,45305,10
12.92399979,80.19745636,45305,45315,10
12.92492008,80.19747162,45315,45325,10
12.92533016,80.19745636,45325,45335,10
12.92580032,80.19744873,45335,45346,11
12.92642975,80.19753265,45346,45356,10
12.92652988,80.19756317,45356,45366,10
12.92700958,80.19779968,45366,45376,10
12.92766953,80.19831848,45376,45386,10
12.9280901,80.19908142,45386,45396,10
12.92840958,80.20002747,45396,45406,10
12.92846012,80.20101929,45406,45416,10
12.9285202,80.20201111,45416,45426,10
12.92885971,80.20266724,45426,45436,10
12.92936993,80.20271301,45436,45447,11
12.92940044,80.20272064,45447,45457,10
12.92953968,80.20272827,45457,45467,10
12.9300499,80.20279694,45467,45477,10
12.93072033,80.20291901,45477,45487,10
12.93150043,80.20314789,45487,45497,10
12.93235016,80.20343781,45497,45507,10
12.93301964,80.20365906,45507,45517,10
12.93398952,80.20385742,45517,45537,20
12.93398952,80.20385742,45537,45547,10
12.93441963,80.2039032,45547,45558,11
12.93525028,80.20410919,45558,45568,10
12.93599033,80.204422,45568,45578,10
12.93667984,80.20462799,45578,45588,10
12.93743038,80.20482635,45588,45598,10
12.93820953,80.20503998,45598,45608,10
12.93898964,80.20529175,45608,45618,10
12.93992996,80.20556641,45618,45638,20
12.93992996,80.20556641,45638,45648,10
12.94023037,80.20567322,45648,45659,11
12.9408102,80.20585632,45659,45669,10
12.94143963,80.20617676,45669,45679,10
12.94211006,80.20667267,45679,45689,10
12.94272995,80.20726013,45689,45699,10
12.94318008,80.20781708,45699,45709,10
12.94371033,80.20810699,45709,45719,10
12.94402981,80.20822906,45719,45729,10
12.94439983,80.20835114,45729,45749,20
12.94439983,80.20835114,45749,45760,11
12.94466019,80.20845795,45760,45770,10
12.94528008,80.2086792,45770,45780,10
12.94604015,80.20890808,45780,45790,10
12.94682026,80.20921326,45790,45800,10
12.94771004,80.20950317,45800,45810,10
12.94836044,80.2097168,45810,45820,10
12.94861031,80.20982361,45820,45830,10
12.94890022,80.2098999,45830,45840,10
12.94902992,80.20989227,45840,45850,10
12.94964027,80.21005249,45850,45860,10
12.95046997,80.2104187,45860,45871,11
12.95131969,80.21089935,45871,45881,10
12.95213985,80.2113266,45881,45891,10
12.95291996,80.21166992,45891,45901,10
12.95349979,80.21190643,45901,45911,10
12.95355988,80.21192932,45911,45921,10
12.95388031,80.21205902,45921,45931,10
12.95452023,80.21233368,45931,45941,10
12.9552803,80.21263123,45941,45951,10
12.9558897,80.21286011,45951,45961,10
12.95639038,80.21305847,45961,45971,10
12.95695972,80.21325684,45971,45981,10
12.95769024,80.21357727,45981,45991,10
12.95853043,80.21392822,45991,46001,10
12.95923042,80.21418762,46001,46011,10
12.95983982,80.21443176,46011,46021,10
12.96014023,80.21456909,46021,46031,10
12.96039009,80.21463776,46031,46041,10
12.96090031,80.21485138,46041,46052,11
12.96187973,80.21523285,46052,46062,10
12.96282005,80.21562195,46062,46072,10
12.96337032,80.21582794,46072,46082,10
12.96374989,80.21598053,46082,46092,10
12.96411037,80.21611023,46092,46102,10
12.9641304,80.21611786,46102,46112,10
12.96446991,80.21630096,46112,46122,10
12.96514988,80.21659088,46122,46132,10
12.96590042,80.2168808,46132,46142,10
12.96660042,80.21717072,46142,46152,10
12.96720028,80.21743011,46152,46162,10
12.96747971,80.21755219,46162,46185,23
12.96747971,80.21755219,46185,46195,10
12.96776009,80.217659,46195,46205,10
12.96807003,80.2177887,46205,46215,10
12.96868992,80.21801758,46215,46222,7
12.96926975,80.21823883,46222,46235,13
12.97039032,80.21868134,46235,46245,10
12.97105026,80.21890259,46245,46255,10
12.97117996,80.21893311,46255,46265,10
12.97152042,80.21907806,46265,46273,8
12.97185993,80.21923828,46273,46286,13
12.97224045,80.21938324,46286,46336,50
12.97224045,80.21938324,46336,46346,10
12.97251034,80.21945953,46346,46356,10
12.97280025,80.21958923,46356,46366,10
12.97313023,80.21968079,46366,46376,10
12.97356987,80.21985626,46376,46387,11
12.97393036,80.220047,46387,46397,10
12.97408009,80.22019196,46397,46457,60
12.97408009,80.22019196,46457,46467,10
12.97418976,80.22044373,46467,46477,10
12.97447968,80.22059631,46477,46487,10
12.97496033,80.22071075,46487,46498,11
12.97527981,80.22071838,46498,46508,10
12.97560024,80.22083282,46508,46518,10
12.9759903,80.22110748,46518,46548,30
12.9759903,80.22110748,46548,46558,10
12.97624016,80.22119141,46558,46568,10
12.97661972,80.22119141,46568,46578,10
12.97719002,80.22115326,46578,46588,10
12.9778204,80.22112274,46588,46599,11
12.97859001,80.22103882,46599,46609,10
12.97941971,80.22102356,46609,46619,10
12.98015022,80.22099304,46619,46629,10
12.98083019,80.22097015,46629,46639,10
12.98128986,80.22113037,46639,46649,10
12.98138046,80.22116852,46649,46659,10
12.98155022,80.22126007,46659,46669,10
12.98186016,80.22149658,46669,46720,51
12.98186016,80.22149658,46720,46730,10
12.98227024,80.22168732,46730,46740,10
12.98248005,80.22177124,46740,46750,10
12.98297024,80.22196198,46750,46770,20
12.98297024,80.22196198,46770,46780,10
12.98313046,80.22205353,46780,46790,10
12.98353958,80.22232819,46790,46800,10
12.98394966,80.22255707,46800,46811,11
12.98408985,80.22263336,46811,46821,10
12.98441982,80.22283936,46821,46831,10
12.98472023,80.22306061,46831,46841,10
12.98528004,80.22325134,46841,46851,10
12.98560047,80.22305298,46851,46861,10
12.98616982,80.22293091,46861,46871,10
12.98647976,80.2229538,46871,46881,10
12.98666,80.22296143,46881,46891,10
12.98709965,80.22303009,46891,46901,10
12.98777008,80.22296906,46901,46911,10
12.98843002,80.22247314,46911,46922,11
12.98894978,80.22193909,46922,46932,10
12.98937988,80.2213974,46932,46942,10
12.98987007,80.22067261,46942,46952,10
12.99032974,80.22032166,46952,46962,10
12.99034023,80.22032166,46962,46972,10
12.99057007,80.2201767,46972,46982,10
12.99100971,80.21987152,46982,46992,10
12.99116993,80.21971893,46992,47002,10
12.99131012,80.21961212,47002,47012,10
12.99160957,80.21942139,47012,47022,10
12.99207973,80.21906281,47022,47032,10
12.9927597,80.21859741,47032,47042,10
12.99339962,80.2181015,47042,47052,10
12.99388981,80.21772003,47052,47062,10
12.99417019,80.21749115,47062,47073,11
12.99472046,80.21710968,47073,47082,9
12.99477005,80.21710205,47082,47093,11
12.99510002,80.21690369,47093,47103,10
12.99567032,80.21663666,47103,47113,10
12.9963398,80.21649933,47113,47123,10
12.99697971,80.21640778,47123,47133,10
12.99744034,80.21639252,47133,47143,10
12.99763012,80.21642303,47143,47153,10
12.99804974,80.21652222,47153,47163,10
12.9985199,80.21669769,47163,47173,10
12.99913979,80.21700287,47173,47183,10
12.99979019,80.21736908,47183,47193,10
13.00045013,80.2177887,47193,47203,10
13.00100994,80.21816254,47203,47213,10
13.00154018,80.21852112,47213,47223,10
13.00191021,80.21891022,47223,47236,13
13.00247955,80.21952057,47236,47246,10
13.00314045,80.21984863,47246,47256,10
13.00384045,80.22001648,47256,47266,10
13.00454998,80.22015381,47266,47276,10
13.0047102,80.22019196,47276,47286,10
13.00514984,80.22029877,47286,47296,10
13.00586987,80.22045135,47296,47306,10
13.00675964,80.22068787,47306,47316,10
13.00776005,80.22122192,47316,47326,10
13.00868988,80.22171021,47326,47337,11
13.00975037,80.22229004,47337,47347,10
13.01064014,80.22274017,47347,47357,10
13.01115036,80.22299957,47357,47367,10
13.01126957,80.22309113,47367,47377,10
13.0113802,80.22312164,47377,47387,10
13.0115099,80.22286987,47387,47397,10
13.01167011,80.22229767,47397,47407,10
13.01189041,80.22164917,47407,47417,10
13.01224995,80.22142792,47417,47427,10
13.01243973,80.22173309,47427,47437,10
13.01288986,80.22225952,47437,47448,11
13.01340961,80.22283173,47448,47458,10
13.01387024,80.22335052,47458,47468,10
13.01403046,80.22348785,47468,47478,10
13.01416016,80.22366333,47478,47488,10
13.01438999,80.22399902,47488,47498,10
13.01486969,80.2244873,47498,47508,10
13.01525974,80.22480774,47508,47518,10
13.0152998,80.22483063,47518,47528,10
13.01537037,80.22490692,47528,47538,10
13.01570034,80.22515869,47538,47549,11
13.01616001,80.22530365,47549,47559,10
13.01671028,80.22518921,47559,47569,10
13.0174799,80.22492218,47569,47579,10
13.01836014,80.2245636,47579,47589,10
13.01912022,80.22431946,47589,47599,10
13.01957035,80.22441101,47599,47609,10
13.01980972,80.22454071,47609,47619,10
13.02019978,80.22486115,47619,47629,10
13.02068043,80.2252121,47629,47639,10
13.02105999,80.22548676,47639,47650,11
13.02153969,80.22585297,47650,47660,10
13.02196026,80.22612762,47660,47670,10
13.02198982,80.22614288,47670,47680,10
13.02212048,80.22624969,47680,47690,10
13.0223999,80.22653198,47690,47700,10
13.02287006,80.22692871,47700,47710,10
13.02346039,80.22750092,47710,47720,10
13.02398014,80.22799683,47720,47730,10
13.02427959,80.228302,47730,47740,10
13.02455997,80.22869873,47740,47749,9
13.02478981,80.22904205,47749,47761,12
13.02523994,80.22962189,47761,47771,10
13.02571011,80.23032379,47771,47781,10
13.0259304,80.2308197,47781,47811,30
13.0259304,80.2308197,47811,47821,10
13.02595997,80.23087311,47821,47831,10
13.02598,80.23114014,47831,47841,10
13.02626038,80.23119354,47841,47850,9
13.02694988,80.23100281,47850,47862,12
13.02787971,80.23085022,47862,47871,9
13.02840996,80.23078156,47871,47883,12
13.02847958,80.23079681,47883,47893,10
13.02915001,80.2307663,47893,47923,30
13.02915001,80.2307663,47923,47933,10
13.02937031,80.23075867,47933,47943,10
13.02984047,80.23069763,47943,47953,10
13.03032017,80.23065948,47953,47963,10
13.03063011,80.23062897,47963,47974,11
13.03104019,80.23059082,47974,47984,10
13.03157043,80.23056793,47984,47994,10
13.03195,80.23053741,47994,48004,10
13.0325098,80.23052216,48004,48014,10
13.03324032,80.23045349,48014,48024,10
13.03394985,80.23040009,48024,48034,10
13.03470039,80.23021698,48034,48086,52
13.03470039,80.23021698,48086,48096,10
13.03495026,80.2301712,48096,48104,8
13.03507042,80.23001099,48104,48116,12
13.03509998,80.22994232,48116,48126,10
13.03503036,80.22981262,48126,48136,10
13.03483009,80.22979736,48136,48146,10
13.03452015,80.2297287,48146,48733,587
13.0342598,80.22966766,48733,49199,466
13.0342598,80.22966766,49199,49209,10
13.03435993,80.22969055,49209,49492,283
13.03419971,80.2300415,49492,49532,40
13.03417015,80.2303009,49532,49563,31
13.03417015,80.2303009,49563,49573,10
13.03369045,80.23042297,49573,49583,10
13.03367043,80.2304306,49583,49593,10
13.03334999,80.23049927,49593,49603,10
13.03287029,80.23052216,49603,49613,10
13.03232002,80.23058319,49613,49623,10
13.03182983,80.23062134,49623,49634,11
13.03114986,80.23065948,49634,49644,10
13.03065014,80.23069763,49644,49654,10
13.03015995,80.23075104,49654,49664,10
13.02970028,80.23079681,49664,49715,51
13.02970028,80.23079681,49715,49725,10
13.02937031,80.2308197,49725,49735,10
13.02880955,80.23085785,49735,49744,9
13.02818966,80.23091888,49744,49755,11
13.02766037,80.23103333,49755,49767,12
13.02764034,80.23143768,49767,49777,10
13.02770996,80.23210144,49777,49787,10
13.02779961,80.23265839,49787,49797,10
13.02752018,80.23281097,49797,49807,10
13.02700043,80.23293304,49807,49817,10
13.02665043,80.23297119,49817,49827,10
13.02637959,80.23287964,49827,49837,10
13.02622986,80.23239136,49837,49847,10
13.0261097,80.23197174,49847,49854,7
13.02604008,80.23178101,49854,49868,14
13.02602959,80.23175049,49868,49878,10
13.02595997,80.23152161,49878,49888,10
13.02581978,80.23095703,49888,49898,10
13.02548981,80.23027039,49898,49906,8
13.02525997,80.22995758,49906,49918,12
13.02519035,80.2298584,49918,49928,10
13.02515984,80.22979736,49928,49938,10
13.02493954,80.22947693,49938,49948,10
13.02478981,80.22928619,49948,49958,10
13.02478027,80.22928619,49958,49968,10
13.02468967,80.22917938,49968,49979,11
13.02443027,80.22882843,49979,49989,10
13.0241003,80.2284317,49989,49999,10
13.02369976,80.22795868,49999,50009,10
13.02313995,80.22750092,50009,50039,30
13.02313995,80.22750092,50039,50049,10
13.02303028,80.22743225,50049,50059,10
13.02282047,80.22724915,50059,50069,10
13.02266979,80.22702789,50069,50080,11
13.02245998,80.22679138,50080,50090,10
13.02198982,80.22638702,50090,50100,10
13.02145958,80.22595978,50100,50110,10
13.02087975,80.22554016,50110,50120,10
13.02035999,80.22518158,50120,50130,10
13.01984978,80.22480774,50130,50140,10
13.01920033,80.22451782,50140,50150,10
13.01840973,80.22466278,50150,50160,10
13.01760006,80.22498322,50160,50170,10
13.01692009,80.22527313,50170,50179,9
13.01655006,80.22541046,50179,50191,12
13.01616001,80.22556305,50191,50201,10
13.01566029,80.22572327,50201,50211,10
13.01525021,80.22589111,50211,50221,10
13.01511955,80.22595215,50221,50231,10
13.01478958,80.22605896,50231,50241,10
13.01428986,80.22625732,50241,50261,20
13.01428986,80.22625732,50261,50271,10
13.01426029,80.22628021,50271,50281,10
13.01395035,80.22637939,50281,50292,11
13.01333046,80.22662354,50292,50302,10
13.01257992,80.22688293,50302,50312,10
13.01181984,80.22718811,50312,50322,10
13.01097965,80.2275238,50322,50332,10
13.01018047,80.2278595,50332,50342,10
13.00953007,80.2277832,50342,50352,10
13.00959015,80.22737122,50352,50362,10
13.00988007,80.22676849,50362,50372,10
13.01021004,80.22598267,50372,50382,10
13.01051998,80.22524261,50382,50392,10
13.01078987,80.22458649,50392,50403,11
13.01103973,80.22387695,50403,50413,10
13.01113033,80.22353363,50413,50423,10
13.01119041,80.22328949,50423,50433,10
13.01091957,80.22303772,50433,50443,10
13.01033974,80.22279358,50443,50453,10
13.01027966,80.22273254,50453,50463,10
13.01000023,80.22254181,50463,50473,10
13.00946999,80.22225189,50473,50483,10
13.00883007,80.22189331,50483,50492,9
13.0081501,80.22149658,50492,50504,12
13.00708961,80.22097778,50504,50514,10
13.00621033,80.22061157,50514,50524,10
13.00524044,80.22036743,50524,50534,10
13.00465965,80.22025299,50534,50544,10
13.00463963,80.22025299,50544,50554,10
13.0044899,80.22022247,50554,50564,10
13.00403023,80.22012329,50564,50574,10
13.00341034,80.21999359,50574,50584,10
13.00269032,80.21970367,50584,50595,11
13.00201035,80.21907043,50595,50605,10
13.00135994,80.2184906,50605,50615,10
13.00065041,80.21800232,50615,50627,12
12.99987984,80.21750641,50627,50635,8
12.99932003,80.21717072,50635,50646,11
12.99862957,80.21681976,50646,50655,9
12.99820042,80.21665955,50655,50666,11
12.99810028,80.21662903,50666,50675,9
12.99783993,80.21656799,50675,50696,21
12.99783993,80.21656799,50696,50706,10
12.99748039,80.21652985,50706,50738,32
12.99722958,80.21652985,50738,50758,20
12.99722958,80.21652985,50758,50768,10
12.99697971,80.21655273,50768,50778,10
12.99687958,80.21656799,50778,50788,10
12.99654007,80.21658325,50788,50798,10
12.99602985,80.21665955,50798,50829,31
12.99602985,80.21665955,50829,50839,10
12.9956398,80.2167511,50839,50869,30
12.9956398,80.2167511,50869,50879,10
12.99547958,80.21681213,50879,50889,10
12.99543953,80.21681976,50889,50899,10
12.99532986,80.21687317,50899,50909,10
12.99507999,80.2170105,50909,50919,10
12.99475956,80.21723938,50919,50930,11
12.9942503,80.21759796,50930,50940,10
12.99396038,80.21782684,50940,50950,10
12.99347973,80.21816254,50950,50960,10
12.99291039,80.21855164,50960,50970,10
12.99225044,80.21904755,50970,50980,10
12.99164009,80.21954346,50980,50990,10
12.99112988,80.2199173,50990,51000,10
12.99075031,80.22019958,51000,51010,10
12.99073982,80.22020721,51010,51020,10
12.99061012,80.22032166,51020,51031,11
12.99009037,80.22071075,51031,51041,10
12.98952961,80.22129059,51041,51051,10
12.98910046,80.22194672,51051,51061,10
12.98851967,80.22255707,51061,51071,10
12.98764038,80.22309875,51071,51091,20
12.98764038,80.22309875,51091,51101,10
12.98756027,80.2230835,51101,51111,10
12.9872303,80.22306061,51111,51121,10
12.98684025,80.22296143,51121,51130,9
12.98645973,80.22290802,51130,51142,12
12.98581028,80.22296143,51142,51152,10
12.98542976,80.22325897,51152,51162,10
12.98493004,80.22315979,51162,51172,10
12.98425961,80.22283936,51172,51182,10
12.98371029,80.22254944,51182,51192,10
12.98320007,80.22219849,51192,51222,30
12.98320007,80.22219849,51222,51232,10
12.98299026,80.22203827,51232,51243,11
12.98250961,80.22190094,51243,51253,10
12.98213005,80.22176361,51253,51263,10
12.98157024,80.22135925,51263,51273,10
12.98093033,80.221138,51273,51283,10
12.98011971,80.22112274,51283,51293,10
12.9792099,80.22116852,51293,51303,10
12.97840977,80.22119904,51303,51313,10
12.97768021,80.22122955,51313,51323,10
12.97700977,80.22129059,51323,51333,10
12.97630024,80.22129059,51333,51344,11
12.97574043,80.22115326,51344,51384,40
12.97574043,80.22115326,51384,51394,10
12.97556973,80.22100067,51394,51404,10
12.97544956,80.22088623,51404,51414,10
12.97531033,80.22083282,51414,51424,10
12.97482967,80.22061157,51424,51434,10
12.97414017,80.22032928,51434,51443,9
12.9734602,80.220047,51443,51455,12
12.97257996,80.2197113,51455,51465,10
12.97169018,80.21938324,51465,51475,10
12.97093964,80.21917725,51475,51505,30
12.97093964,80.21917725,51505,51515,10
12.97085953,80.21910095,51515,51525,10
12.97045994,80.21887207,51525,51535,10
12.9698,80.21858215,51535,51545,10
12.96901989,80.21826935,51545,51555,10
12.96821022,80.21794128,51555,51565,10
12.9676199,80.2177124,51565,51575,10
12.96743965,80.21764374,51575,51585,10
12.9673996,80.21764374,51585,51595,10
12.96700954,80.21746826,51595,51605,10
12.96627998,80.21717834,51605,51616,11
12.96531963,80.21679688,51616,51626,10
12.96446991,80.21646118,51626,51636,10
12.96378994,80.21616364,51636,51646,10
12.96315956,80.21588135,51646,51656,10
12.96286964,80.21576691,51656,51666,10
12.96280003,80.21573639,51666,51676,10
12.96238995,80.21556854,51676,51686,10
12.96173,80.21530151,51686,51696,10
12.96092987,80.21498871,51696,51706,10
12.96006966,80.21463776,51706,51716,10
12.95923042,80.21430206,51716,51726,10
12.95831966,80.21391296,51726,51736,10
12.95748043,80.21357727,51736,51746,10
12.95662975,80.21324158,51746,51756,10
12.95563984,80.21286774,51756,51766,10
12.95471001,80.21251678,51766,51779,13
12.95390987,80.21221924,51779,51789,10
12.95388031,80.21221924,51789,51799,10
12.95382023,80.21218872,51799,51809,10
12.95351982,80.21205902,51809,51819,10
12.95289993,80.21182251,51819,51829,10
12.95203972,80.21150208,51829,51839,10
12.95108986,80.21118164,51839,51849,10
12.94999981,80.21077728,51849,51859,10
12.94908047,80.2104187,51859,51869,10
12.94869995,80.21028137,51869,51880,11
12.94855976,80.21025085,51880,51890,10
12.94812012,80.21006012,51890,51900,10
12.94729996,80.20974731,51900,51910,10
12.94633007,80.20935059,51910,51920,10
12.94538021,80.20889282,51920,51930,10
12.94421959,80.20839691,51930,51950,20
12.94421959,80.20839691,51950,51960,10
12.9439497,80.20825958,51960,51970,10
12.94338989,80.2080307,51970,51981,11
12.94287014,80.20755005,51981,51991,10
12.94244957,80.20703125,51991,52001,10
12.94176006,80.20644379,52001,52011,10
12.94114017,80.20606995,52011,52021,10
12.94108963,80.20604706,52021,52031,10
12.94097996,80.20599365,52031,52041,10
12.94052029,80.20581818,52041,52051,10
12.93994045,80.20565033,52051,52061,10
12.93927002,80.20543671,52061,52071,10
12.93855953,80.20522308,52071,52081,10
12.93785954,80.20503235,52081,52092,11
12.93698978,80.20478821,52092,52102,10
12.9362402,80.20455933,52102,52112,10
12.93558979,80.20436096,52112,52122,10
12.93492985,80.20404053,52122,52132,10
12.93375969,80.20394135,52132,52162,30
12.93375969,80.20394135,52162,52172,10
12.93346024,80.2039032,52172,52182,10
12.93286991,80.20368195,52182,52193,11
12.93196011,80.20336151,52193,52203,10
12.93105984,80.20307159,52203,52213,10
12.93031979,80.20288086,52213,52223,10
12.9295702,80.20279694,52223,52233,10
12.92943954,80.20278931,52233,52243,10
12.92932987,80.20278168,52243,52253,10
12.92885971,80.20271301,52253,52263,10
12.92850018,80.20227814,52263,52273,10
12.92846966,80.20172119,52273,52283,10
12.92844009,80.20095062,52283,52293,10
12.92838001,80.20004272,52293,52304,11
12.92803955,80.19908905,52304,52314,10
12.92749977,80.19818115,52314,52324,10
12.92660999,80.19764709,52324,52334,10
12.92632008,80.19757843,52334,52344,10
12.92619991,80.19756317,52344,52354,10
12.92570972,80.1975174,52354,52364,10
12.92535019,80.19753265,52364,52374,10
12.92481995,80.1975174,52374,52384,10
12.92397976,80.1975174,52384,52394,10
12.9231596,80.1974411,52394,52405,11
12.92226028,80.19732666,52405,52415,10
12.92208958,80.19728851,52415,52425,10
12.92203999,80.19727325,52425,52435,10
12.92160988,80.19714355,52435,52445,10
12.92113972,80.19696808,52445,52455,10
12.9207201,80.19682312,52455,52465,10
12.92010975,80.19663239,52465,52475,10
12.91950035,80.19638062,52475,52485,10
12.91899967,80.19599915,52485,52495,10
12.91843987,80.19550323,52495,52505,10
12.91786003,80.19496918,52505,52516,11
12.91714954,80.19425201,52516,52546,30
12.91714954,80.19425201,52546,52556,10
12.91701984,80.19394684,52556,52566,10
12.91697979,80.19351196,52566,52576,10
12.91703033,80.19293976,52576,52586,10
12.91705036,80.19238281,52586,52596,10
12.91668034,80.19232941,52596,52616,20
12.91668034,80.19232941,52616,52626,10
12.91662979,80.19232941,52626,52636,10
12.9162302,80.19230652,52636,52647,11
12.91532993,80.19225311,52647,52657,10
12.91436005,80.19216156,52657,52667,10
12.91341019,80.19203949,52667,52677,10
12.91248989,80.19190979,52677,52687,10
12.91172028,80.1918335,52687,52697,10
12.91084003,80.19172668,52697,52706,9
12.91009045,80.1916275,52706,52717,11
12.90977001,80.19151306,52717,52729,12
12.90952015,80.19127655,52729,52739,10
12.90894032,80.1908493,52739,52749,10
12.90816021,80.19024658,52749,52757,8
12.90752983,80.18977356,52757,52769,12
12.90666008,80.18910217,52769,52779,10
12.90627003,80.18882751,52779,52787,8
12.90622044,80.18875885,52787,52797,10
12.90583038,80.18850708,52797,52807,10
12.90517998,80.18810272,52807,52817,10
12.90443993,80.18762207,52817,52830,13
12.90398979,80.18666077,52830,52840,10
12.90402031,80.18553162,52840,52850,10
12.90392971,80.18464661,52850,52860,10
12.90322971,80.18441772,52860,52870,10
12.90229988,80.1841507,52870,52880,10
12.90139008,80.18392181,52880,52890,10
12.90067959,80.18366241,52890,52900,10
12.8998003,80.18321991,52900,52910,10
12.89888954,80.18276978,52910,52920,10
12.89805031,80.18235016,52920,52930,10
12.89748001,80.18206024,52930,52941,11
12.89739037,80.18202972,52941,52951,10
12.89700031,80.18182373,52951,52961,10
12.89634037,80.18148041,52961,52971,10
12.89554024,80.18108368,52971,52981,10
12.89468002,80.18063354,52981,52991,10
12.89385986,80.1802063,52991,53001,10
12.89332008,80.17996216,53001,53011,10
12.89328003,80.17991638,53011,53021,10
12.89303017,80.17949677,53021,53031,10
12.89266968,80.17878723,53031,53042,11
12.89216042,80.17784119,53042,53052,10
12.89148045,80.17662811,53052,53072,20
12.89148045,80.17662811,53072,53082,10
12.8914299,80.17658997,53082,53092,10
12.89116001,80.1760788,53092,53102,10
12.89074039,80.17527008,53102,53112,10
12.89033031,80.17459869,53112,53122,10
12.88986969,80.17437744,53122,53131,9
12.88953972,80.17421722,53131,53143,12
12.88895035,80.17391968,53143,53153,10
12.8881197,80.17349243,53153,53163,10
12.88714027,80.17298126,53163,53173,10
12.88640976,80.17262268,53173,53183,10
12.88564014,80.17220306,53183,53193,10
12.88461018,80.17166138,53193,53203,10
12.88358974,80.17115784,53203,53213,10
12.88278008,80.17073822,53213,53223,10
12.88218975,80.17079926,53223,53233,10
12.88162041,80.1709137,53233,53243,10
12.88099003,80.17067719,53243,53254,11
12.88027,80.17040253,53254,53264,10
12.8800602,80.17030334,53264,53274,10
12.88004017,80.17030334,53274,53284,10
12.87965012,80.17009735,53284,53294,10
12.8787899,80.17001343,53294,53304,10
12.87635994,80.17066193,53304,53314,10
12.87635994,80.17066193,53314,53324,10
12.87590981,80.17080688,53324,53334,10
12.87574005,80.17089081,53334,53366,32
12.87294006,80.17272949,53366,53377,11
12.87174988,80.17352295,53377,53387,10
12.87067986,80.17424011,53387,53397,10
12.87005043,80.17469025,53397,53407,10
12.86999035,80.17472076,53407,53417,10
12.86952972,80.17501068,53417,53427,10
12.86876011,80.17552948,53427,53437,10
12.86797047,80.17594147,53437,53447,10
12.86703014,80.17584991,53447,53457,10
12.86604977,80.17575073,53457,53470,13
12.86518002,80.17565918,53470,53480,10
12.86513996,80.17565155,53480,53490,10
12.86470032,80.17545319,53490,53500,10
12.86394024,80.17500305,53500,53510,10
12.8629303,80.17436981,53510,53520,10
12.86166,80.17375946,53520,53530,10
12.86034966,80.17321014,53530,53540,10
12.85921001,80.17269897,53540,53550,10
12.85820961,80.1724472,53550,53560,10
12.85748005,80.17233276,53560,53571,11
12.85702038,80.17224121,53571,53581,10
12.85653973,80.17217255,53581,53591,10
12.85647011,80.17214966,53591,53601,10
12.85639,80.17211914,53601,53611,10
12.85618973,80.17207336,53611,53621,10
12.85566044,80.17192841,53621,53631,10
12.85472965,80.17163849,53631,53641,10
12.85391045,80.17138672,53641,53651,10
12.85317039,80.17124939,53651,53661,10
12.85227966,80.17112732,53661,53670,9
12.85144997,80.17099762,53670,53682,12
12.85066986,80.17086792,53682,53692,10
12.84972954,80.17072296,53692,53702,10
12.84840965,80.17047882,53702,53712,10
12.84708023,80.17028046,53712,53722,10
12.84560013,80.17018127,53722,53732,10
12.84393978,80.17008209,53732,53742,10
12.84247971,80.16993713,53742,53752,10
12.84107971,80.16996002,53752,53762,10
12.8398304,80.16996002,53762,53772,10
12.83882046,80.16982269,53772,53783,11
12.83848,80.16973114,53783,53793,10
12.83819008,80.169487,53793,53803,10
12.83796024,80.16931915,53803,53813,10
12.83745003,80.16925812,53813,53823,10
12.83710003,80.16898346,53823,53833,10
12.83687019,80.16880798,53833,53843,10
12.83646011,80.16869354,53843,53853,10
12.83613968,80.16858673,53853,53863,10
12.83592033,80.16818237,53863,53873,10
12.83551025,80.16777039,53873,53884,11
12.83516026,80.1676712,53884,53894,10
12.83481979,80.16748047,53894,53904,10
12.83413029,80.16709137,53904,53914,10
12.83358002,80.16680145,53914,53924,10
12.83321953,80.16657257,53924,53934,10
12.83253956,80.16622162,53934,53944,10
12.83185959,80.16591644,53944,53954,10
12.83096981,80.16564178,53954,53964,10
12.82997036,80.16545868,53964,53974,10
12.82903957,80.16535187,53974,53984,10
12.82824993,80.16525269,53984,53995,11
12.82758045,80.1651535,53995,54025,30
12.82758045,80.1651535,54025,54035,10
12.82736969,80.16503143,54035,54045,10
12.82703972,80.16483307,54045,54055,10
12.82647991,80.16448212,54055,54065,10
12.82583046,80.16407776,54065,54075,10
12.82528973,80.16383362,54075,54085,10
12.8249197,80.16365051,54085,54096,11
12.82409954,80.1631012,54096,54106,10
12.82322979,80.16261292,54106,54116,10
12.82229996,80.1621933,54116,54126,10
12.82129002,80.16177368,54126,54136,10
12.82024002,80.16133118,54136,54146,10
12.81910038,80.1608429,54146,54156,10
12.81822014,80.16046143,54156,54166,10
12.81791973,80.16036987,54166,54176,10
12.81729031,80.16021729,54176,54186,10
12.81639004,80.16001892,54186,54197,11
12.81525993,80.15979004,54197,54207,10
12.81424046,80.15957642,54207,54217,10
12.81324005,80.15950775,54217,54227,10
12.81227016,80.15933228,54227,54237,10
12.81161976,80.1594162,54237,54248,11
12.81161022,80.1594162,54248,54258,10
12.81130028,80.15950012,54258,54268,10
12.81122017,80.15952301,54268,54278,10
12.81089973,80.15962219,54278,54288,10
12.81040001,80.15971375,54288,54298,10
12.81000042,80.15959167,54298,54328,30
12.81000042,80.15959167,54328,54338,10
12.81013966,80.15966797,54338,54348,10
12.81040001,80.15969086,54348,54905,557
12.81040001,80.15969086,54905,54915,10
12.81058025,80.15973663,54915,54925,10
12.81105995,80.15959167,54925,54935,10
12.81155968,80.15943146,54935,54946,11
12.81169987,80.15940094,54946,54956,10
12.81210041,80.15933228,54956,54966,10
12.81282997,80.15943909,54966,54976,10
12.81355953,80.15953827,54976,54986,10
12.81437016,80.15962219,54986,54996,10
12.81523037,80.15978241,54996,55006,10
12.81595039,80.15994263,55006,55016,10
12.81639957,80.16001892,55016,55026,10
12.81711006,80.16017914,55026,55036,10
12.81772041,80.16033936,55036,55046,10
12.81814957,80.1604538,55046,55057,11
12.81844044,80.16055298,55057,55067,10
12.81912041,80.16082764,55067,55077,10
12.82011986,80.16127777,55077,55087,10
12.82133007,80.16178894,55087,55097,10
12.82262993,80.162323,55097,55107,10
12.82392979,80.16295624,55107,55117,10
12.82499981,80.16365051,55117,55127,10
12.8259201,80.16413116,55127,55137,10
12.82629013,80.16436005,55137,55147,10
12.82651997,80.16449738,55147,55158,11
12.82676983,80.16468048,55158,55178,20
12.82676983,80.16468048,55178,55188,10
12.82703972,80.16484833,55188,55198,10
12.82726002,80.16499329,55198,55258,60
12.82726002,80.16499329,55258,55268,10
12.82750034,80.16509247,55268,55279,11
12.82779026,80.16513824,55279,55319,40
12.82779026,80.16513824,55319,55329,10
12.82804966,80.16517639,55329,55338,9
12.8285799,80.16525269,55338,55349,11
12.82956028,80.16536713,55349,55359,10
12.83067036,80.16555786,55359,55371,12
12.83195972,80.16596222,55371,55381,10
12.83304977,80.16644287,55381,55391,10
12.83380032,80.16687012,55391,55399,8
12.8344202,80.16722107,55399,55411,12
12.83528996,80.16768646,55411,55421,10
12.83572006,80.16780853,55421,55431,10
12.83590984,80.16819,55431,55441,10
12.83617973,80.16857147,55441,55451,10
12.8364296,80.16866302,55451,55461,10
12.83691025,80.16877747,55461,55472,11
12.83714962,80.16900635,55472,55482,10
12.83749962,80.16924286,55482,55492,10
12.83794975,80.16928864,55492,55502,10
12.83821011,80.16947937,55502,55512,10
12.83839035,80.16963196,55512,55522,10
12.83870029,80.16976929,55522,55532,10
12.83940029,80.16993713,55532,55542,10
12.84029961,80.16992188,55542,55552,10
12.84146023,80.16995239,55552,55562,10
12.84247017,80.16993713,55562,55572,10
12.8434,80.16999054,55572,55583,11
12.84469032,80.17012787,55583,55593,10
12.8460598,80.17019653,55593,55603,10
12.84727955,80.17028809,55603,55613,10
12.84854031,80.17050171,55613,55623,10
12.84955978,80.17067719,55623,55633,10
12.8505497,80.17086029,55633,55643,10
12.85109043,80.17093658,55643,55653,10
12.85151958,80.17101288,55653,55663,10
12.85241032,80.17115021,55663,55673,10
12.85352039,80.17131042,55673,55684,11
12.85472012,80.17163849,55684,55694,10
12.85579967,80.17195129,55694,55704,10
12.85639,80.17209625,55704,55724,20
12.85639,80.17209625,55724,55734,10
12.85665035,80.17218018,55734,55744,10
12.85727024,80.17228699,55744,55754,10
12.8576498,80.17234802,55754,55764,10
12.8582201,80.1724472,55764,55774,10
12.85906029,80.17260742,55774,55784,10
12.85990047,80.17298126,55784,55795,11
12.86106968,80.17350006,55795,55805,10
12.86174965,80.17378998,55805,55815,10
12.86184978,80.17382813,55815,55825,10
12.86240959,80.17405701,55825,55835,10
12.8632803,80.17456055,55835,55845,10
12.86427021,80.17517853,55845,55855,10
12.86509037,80.17563629,55855,55865,10
12.8653698,80.17566681,55865,55875,10
12.86569977,80.17571259,55875,55884,9
12.86631966,80.17578125,55884,55896,12
12.86736012,80.17588806,55896,55906,10
12.86812973,80.17591095,55906,55916,10
12.86865997,80.17556763,55916,55926,10
12.86933041,80.17510986,55926,55936,10
12.87018967,80.1745224,55936,55946,10
12.87228012,80.17310333,55946,55956,10
12.87228012,80.17310333,55956,55966,10
12.87337017,80.17237854,55966,55975,9
12.88101959,80.17069244,55975,56042,67
12.88218975,80.17079926,56042,56062,20
12.88218975,80.17079926,56062,56081,19
12.88323975,80.17095947,56081,56092,11
12.88418007,80.1714325,56092,56102,10
12.88502026,80.17186737,56102,56112,10
12.88591003,80.17233276,56112,56122,10
12.88658047,80.17269135,56122,56132,10
12.88743973,80.17314148,56132,56142,10
12.88827991,80.1735611,56142,56153,11
12.88906002,80.17397308,56153,56162,9
12.88943958,80.17415619,56162,56173,11
12.88957024,80.17420959,56173,56183,10
12.88978004,80.17430115,56183,56193,10
12.88996029,80.1743927,56193,56203,10
12.89027023,80.17450714,56203,56213,10
12.89058018,80.17492676,56213,56223,10
12.89087963,80.17546844,56223,56233,10
12.89122963,80.17607117,56233,56243,10
12.89150047,80.17658234,56243,56253,10
12.89155006,80.17666626,56253,56263,10
12.89175987,80.17706299,56263,56273,10
12.89214039,80.17777252,56273,56283,10
12.89258003,80.17855835,56283,56293,10
12.89299011,80.17932129,56293,56303,10
12.8934803,80.17999268,56303,56316,13
12.89395046,80.18019867,56316,56326,10
12.89414024,80.18029785,56326,56336,10
12.89472008,80.18060303,56336,56346,10
12.89536953,80.18093109,56346,56356,10
12.8957901,80.18113708,56356,56366,10
12.89653015,80.18151093,56366,56376,10
12.89758968,80.18203735,56376,56396,20
12.89758968,80.18203735,56396,56406,10
12.89772034,80.18213654,56406,56416,10
12.89815998,80.18232727,56416,56427,11
12.8989296,80.18273926,56427,56437,10
12.89970016,80.18312836,56437,56447,10
12.90052032,80.18354034,56447,56457,10
12.90128994,80.18383789,56457,56467,10
12.90221024,80.18408966,56467,56477,10
12.90312958,80.18437195,56477,56487,10
12.9039402,80.18460846,56487,56497,10
12.90408039,80.18525696,56497,56507,10
12.90406036,80.1860733,56507,56517,10
12.90402031,80.18692017,56517,56528,11
12.90441036,80.18756104,56528,56538,10
12.9051199,80.1880188,56538,56548,10
12.90581036,80.1884613,56548,56558,10
12.90641975,80.18884277,56558,56568,10
12.90655041,80.1889267,56568,56578,10
12.90678024,80.18911743,56578,56588,10
12.90744972,80.18963623,56588,56598,10
12.90832043,80.19029236,56598,56608,10
12.90915012,80.19093323,56608,56618,10
12.90974998,80.19140625,56618,56628,10
12.9102602,80.19161987,56628,56639,11
12.91071987,80.19165802,56639,56649,10
12.91119957,80.19172668,56649,56659,10
12.91178989,80.19178772,56659,56669,10
12.91228008,80.1918335,56669,56679,10
12.9123497,80.19184113,56679,56689,10
12.91252041,80.19185638,56689,56699,10
12.9130497,80.19191742,56699,56709,10
12.91376972,80.19200897,56709,56719,10
12.91448975,80.19210052,56719,56729,10
12.91518021,80.19216919,56729,56740,11
12.9160099,80.1922226,56740,56750,10
12.91660023,80.19226837,56750,56760,10
12.91705036,80.19223785,56760,56770,10
12.91714954,80.19200897,56770,56780,10
12.91716003,80.19191742,56780,56790,10
12.91716957,80.19178009,56790,56800,10
12.91726971,80.19114685,56800,56810,10
12.91730022,80.1905365,56810,56820,10
12.91734028,80.19036865,56820,56830,10
12.91738987,80.1905365,56830,56841,11
12.91730976,80.19113922,56841,56851,10
12.91726017,80.19161224,56851,56861,10
12.91718006,80.19229126,56861,56871,10
12.91709042,80.19284058,56871,56891,20
12.91709042,80.19284058,56891,56901,10
12.91703987,80.1931076,56901,56911,10
12.91711044,80.19384766,56911,56921,10
12.91738033,80.19439697,56921,56931,10
12.91794968,80.19496918,56931,56941,10
12.91856003,80.19554138,56941,56952,11
12.91915035,80.19608307,56952,56962,10
12.91991043,80.19648743,56962,56972,10
12.92070007,80.19676208,56972,56982,10
12.92138958,80.1969986,56982,56992,10
12.92226028,80.19724274,56992,57002,10
12.92311954,80.19734192,57002,57012,10
12.92327976,80.19735718,57012,57022,10
12.92341042,80.19740295,57022,57032,10
12.92399979,80.19743347,57032,57042,10
12.92483997,80.1974411,57042,57053,11
12.92527962,80.1974411,57053,57063,10
12.92541981,80.1974411,57063,57073,10
12.92591,80.19743347,57073,57083,10
12.92638016,80.19750977,57083,57093,10
12.92654037,80.19756317,57093,57103,10
12.92706966,80.19782257,57103,57113,10
12.92765999,80.19833374,57113,57123,10
12.92807007,80.19905853,57123,57133,10
12.92835999,80.19983673,57133,57143,10
12.92844009,80.20079803,57143,57153,10
12.92850018,80.20182037,57153,57163,10
12.92936993,80.20269012,57163,57184,21
12.92936993,80.20269012,57184,57194,10
12.92975044,80.20275879,57194,57204,10
12.93047047,80.20285797,57204,57214,10
12.93124962,80.20307159,57214,57224,10
12.93210983,80.20333862,57224,57234,10
12.93280983,80.20355988,57234,57243,9
12.93391037,80.2038269,57243,57266,23
12.93391037,80.2038269,57266,57276,10
12.93412971,80.20387268,57276,57286,10
12.93474007,80.20394135,57286,57296,10
12.93550014,80.20420837,57296,57306,10
12.93628025,80.20448303,57306,57316,10
12.93696022,80.2046814,57316,57326,10
12.93764019,80.20487976,57326,57336,10
12.93824005,80.20504761,57336,57346,10
12.93879032,80.20522308,57346,57356,10
12.93947983,80.20542908,57356,57367,11
12.93994999,80.20556641,57367,57377,10
12.94001007,80.20558929,57377,57387,10
12.94050026,80.20574188,57387,57397,10
12.94106007,80.20594788,57397,57407,10
12.94178009,80.20639801,57407,57417,10
12.94246006,80.20696259,57417,57427,10
12.94299984,80.2076416,57427,57437,10
12.94375038,80.20809937,57437,57447,10
12.94419956,80.20826721,57447,57457,10
12.94421005,80.20828247,57457,57467,10
12.94431973,80.20834351,57467,57478,11
12.94472027,80.20847321,57478,57488,10
12.94519997,80.20864105,57488,57498,10
12.94579029,80.2088089,57498,57508,10
12.94645023,80.20905304,57508,57518,10
12.94717026,80.20932007,57518,57528,10
12.94785023,80.20951843,57528,57538,10
12.94836044,80.20967102,57538,57548,10
12.94871044,80.20983124,57548,57558,10
12.94884014,80.20986176,57558,57568,10
12.94892025,80.20987701,57568,57579,11
12.94944,80.21012115,57579,57589,10
12.95028019,80.21047974,57589,57599,10
12.95114994,80.21087646,57599,57609,10
12.95188046,80.21122742,57609,57619,10
12.95258999,80.21154022,57619,57629,10
12.95324993,80.21180725,57629,57639,10
12.9535799,80.21192169,57639,57649,10
12.95363998,80.21195984,57649,57659,10
12.95401001,80.21212769,57659,57669,10
12.95466995,80.21237946,57669,57680,11
12.95559978,80.2127533,57680,57690,10
12.95646954,80.21308136,57690,57700,10
12.95738029,80.21344757,57700,57710,10
12.9584198,80.21386719,57710,57720,10
12.95938015,80.21427155,57720,57730,10
12.9603796,80.21469116,57730,57740,10
12.9612999,80.21504211,57740,57750,10
12.96228027,80.21542358,57750,57760,10
12.96310043,80.21572113,57760,57770,10
12.96372032,80.21594238,57770,57780,10
12.96415997,80.21611786,57780,57791,11
12.96417999,80.21613312,57791,57801,10
12.96452045,80.21631622,57801,57811,10
12.96527004,80.21662903,57811,57821,10
12.96625042,80.2170105,57821,57831,10
12.96718979,80.2173996,57831,57841,10
12.9679203,80.21769714,57841,57851,10
12.96854019,80.21793365,57851,57861,10
12.96930981,80.21823883,57861,57871,10
12.97017956,80.21858215,57871,57881,10
12.97093964,80.21887207,57881,57892,11
12.97122955,80.21894073,57892,57902,10
12.97128963,80.21897125,57902,57912,10
12.97171021,80.21917725,57912,57922,10
12.97237968,80.2194519,57922,57932,10
12.97315025,80.21975708,57932,57942,10
12.97391987,80.22003937,57942,57952,10
12.97451973,80.22026825,57952,57962,10
12.97484016,80.22042847,57962,57982,20
12.97484016,80.22042847,57982,57991,9
12.97506046,80.22054291,57991,58003,12
12.97546959,80.2207489,58003,58013,10
12.97572041,80.22099304,58013,58023,10
12.97609997,80.22123718,58023,58043,20
12.97609997,80.22123718,58043,58053,10
12.97616005,80.22122955,58053,58063,10
12.97646999,80.22125244,58063,58073,10
12.97702026,80.22122955,58073,58083,10
12.97735023,80.22120667,58083,58093,10
12.97758007,80.22119141,58093,58103,10
12.97809029,80.22118378,58103,58113,10
12.97869968,80.221138,58113,58123,10
12.97943974,80.22109222,58123,58133,10
12.98017979,80.22103119,58133,58143,10
12.98081017,80.22099304,58143,58153,10
12.98151016,80.22122192,58153,58163,10
12.98213959,80.22167206,58163,58173,10
12.98283958,80.22189331,58173,58194,21
12.98283958,80.22189331,58194,58204,10
12.98311043,80.22200012,58204,58214,10
12.98344994,80.22225952,58214,58224,10
12.98379993,80.22248077,58224,58234,10
12.9843998,80.22283936,58234,58244,10
12.98493958,80.22315216,58244,58254,10
12.98542976,80.22325134,58254,58265,11
12.98591995,80.22296143,58265,58275,10
12.98647022,80.2229538,58275,58295,20
12.98647022,80.2229538,58295,58305,10
12.98676968,80.22299194,58305,58317,12
12.98721981,80.22305298,58317,58327,10
12.98729992,80.22306061,58327,58337,10
12.98775959,80.22299957,58337,58347,10
12.9883604,80.22261047,58347,58357,10
12.98882008,80.22212982,58357,58367,10
12.98906994,80.22181702,58367,58377,10
12.98950005,80.22123718,58377,58387,10
12.99009037,80.22059631,58387,58397,10
12.99034023,80.22039795,58397,58407,10
12.9904604,80.22032928,58407,58418,11
12.99085999,80.22000122,58418,58428,10
12.99106026,80.21981812,58428,58438,10
12.99112034,80.2197876,58438,58448,10
12.99122047,80.21972656,58448,58458,10
12.99135971,80.21962738,58458,58468,10
12.99166012,80.21942902,58468,58478,10
12.99209023,80.2191391,58478,58488,10
12.99262047,80.21875763,58488,58498,10
12.99314976,80.21835327,58498,58508,10
12.99370003,80.21795654,58508,58518,10
12.99413967,80.21764374,58518,58529,11
12.99446964,80.21743011,58529,58539,10
12.99485016,80.21714783,58539,58549,10
12.99528027,80.21685791,58549,58559,10
12.99596977,80.21662903,58559,58569,10
12.9964304,80.21652222,58569,58579,10
12.99670982,80.2164917,58579,58589,10
12.99695015,80.21646118,58589,58599,10
12.99722004,80.21640015,58599,58609,10
12.99754047,80.21646118,58609,58619,10
12.99769974,80.21647644,58619,58630,11
12.99835014,80.21662903,58630,58640,10
12.99909973,80.21698761,58640,58650,10
12.99983978,80.21743011,58650,58660,10
13.00059032,80.2179184,58660,58670,10
13.00131035,80.21838379,58670,58680,10
13.00193024,80.21890259,58680,58690,10
13.00253963,80.21952057,58690,58700,10
13.00335026,80.21990204,58700,58710,10
13.00413036,80.22006989,58710,58720,10
13.00469971,80.22019958,58720,58731,11
13.00483036,80.22023773,58731,58741,10
13.00541019,80.22038269,58741,58751,10
13.00625992,80.22055054,58751,58761,10
13.00699043,80.22084045,58761,58771,10
13.00790977,80.22132874,58771,58781,10
13.00887966,80.22183228,58781,58791,10
13.00986004,80.22238159,58791,58801,10
13.01074028,80.22283173,58801,58811,10
13.01117039,80.22302246,58811,58831,20
13.01117039,80.22302246,58831,58842,11
13.01132011,80.2230835,58842,58852,10
13.01159,80.22277832,58852,58862,10
13.01185036,80.22200012,58862,58872,10
13.01220989,80.22151947,58872,58882,10
13.01243019,80.2216568,58882,58892,10
13.0128603,80.22219849,58892,58902,10
13.0134697,80.22290802,58902,58912,10
13.01408005,80.22360992,58912,58922,10
13.01461029,80.22425842,58922,58932,10
13.01554012,80.22499847,58932,58953,21
13.01554012,80.22499847,58953,58963,10
13.01581001,80.22518158,58963,58973,10
13.01632023,80.22528839,58973,58983,10
13.0171299,80.22505951,58983,58993,10
13.01815033,80.22466278,58993,59003,10
13.0190897,80.22437286,59003,59012,9
13.01945972,80.22441864,59012,59023,11
13.01965046,80.22447968,59023,59033,10
13.02011967,80.22479248,59033,59044,11
13.02083015,80.22530365,59044,59054,10
13.02140999,80.22579956,59054,59064,10
13.02190971,80.22618103,59064,59074,10
13.02194977,80.22618866,59074,59084,10
13.02204037,80.22624969,59084,59094,10
13.02231979,80.22653961,59094,59104,10
13.02256012,80.22675323,59104,59114,10
13.02313995,80.22725677,59114,59124,10
13.02373028,80.22779083,59124,59134,10
13.02416039,80.22821808,59134,59144,10
13.02441025,80.22852325,59144,59154,10
13.02462006,80.2288208,59154,59164,10
13.02472973,80.22898102,59164,59174,10
13.02480984,80.22911835,59174,59184,10
13.02503014,80.22940063,59184,59194,10
13.02538967,80.22981262,59194,59205,11
13.02565956,80.23026276,59205,59214,9
13.0258503,80.23059845,59214,59225,11
13.02597046,80.23094177,59225,59235,10
13.02604008,80.23126221,59235,59245,10
13.02624035,80.23132324,59245,59255,10
13.02680016,80.23120117,59255,59265,10
13.02752972,80.23103333,59265,59275,10
13.02818966,80.23097229,59275,59285,10
13.02840042,80.23091125,59285,59294,9
13.02863026,80.23088074,59294,59305,11
13.02933979,80.23081207,59305,59358,53
13.02933979,80.23081207,59358,59368,10
13.02943993,80.23078156,59368,59378,10
13.03030014,80.23072052,59378,59398,20
13.03030014,80.23072052,59398,59408,10
13.03057003,80.23071289,59408,59438,30
13.03057003,80.23071289,59438,59448,10
13.0309,80.23068237,59448,59455,7
13.03122997,80.23065186,59455,59469,14
13.0323,80.23056793,59469,59479,10
13.03299999,80.23052979,59479,59489,10
13.03318024,80.23052979,59489,59499,10
13.03324986,80.23052216,59499,59519,20
13.03324986,80.23052216,59519,59529,10
13.03332043,80.23052216,59529,59539,10
13.03357029,80.2305069,59539,59549,10
13.03380013,80.23047638,59549,59559,10
13.03409004,80.23045349,59559,59570,11
13.03446007,80.23040009,59570,59580,10
13.03472996,80.23033142,59580,59590,10
13.03481007,80.23001862,59590,59620,30
13.03472042,80.22998047,59620,60024,404
13.03435993,80.22987366,60024,60185,161
13.03435993,80.22987366,60185,60195,10
13.03421021,80.23030853,60195,60205,10
13.0341301,80.23046875,60205,60215,10
13.0339098,80.23047638,60215,60226,11
13.03341961,80.23053741,60226,60235,9
13.03293991,80.23059082,60235,60246,11
13.03223038,80.23066711,60246,60256,10
13.0316,80.23072815,60256,60266,10
13.03106976,80.23078156,60266,60276,10
13.03077984,80.23079681,60276,60286,10
13.03048992,80.23079681,60286,60296,10
13.03015041,80.23084259,60296,60308,12
13.03007984,80.23084259,60308,60318,10
13.02995968,80.23081207,60318,60328,10
13.02968025,80.23087311,60328,60336,8
13.0292902,80.23090363,60336,60346,10
13.02882004,80.2309494,60346,60356,10
13.02822018,80.23100281,60356,60366,10
13.02777958,80.23103333,60366,60376,10
13.02764988,80.23126221,60376,60386,10
13.02772045,80.23178101,60386,60396,10
13.0278101,80.23235321,60396,60409,13
13.0276804,80.23284149,60409,60419,10
13.02715969,80.2329483,60419,60469,50
13.02715969,80.2329483,60469,60479,10
13.02707005,80.23297882,60479,60489,10
13.02684975,80.23300934,60489,60499,10
13.02657032,80.23303986,60499,60510,11
13.02630043,80.23262787,60510,60520,10
13.02616024,80.23220825,60520,60530,10
13.02604008,80.23178101,60530,60540,10
13.02591038,80.23129272,60540,60550,10
13.02569008,80.23065186,60550,60560,10
13.02523994,80.2299118,60560,60570,10
13.02476025,80.22930908,60570,60600,30
13.02476025,80.22930908,60600,60610,10
13.02470016,80.22921753,60610,60621,11
13.02449989,80.2289505,60621,60631,10
13.0243597,80.22875214,60631,60641,10
13.02416039,80.228508,60641,60651,10
13.02381992,80.22808075,60651,60661,10
13.02344036,80.22769928,60661,60671,10
13.02301979,80.22743225,60671,60691,20
13.02301979,80.22743225,60691,60701,10
13.02283955,80.22728729,60701,60711,10
13.0226202,80.22701263,60711,60722,11
13.02254009,80.22686005,60722,60732,10
13.02229023,80.22663879,60732,60742,10
13.02176952,80.22621155,60742,60752,10
13.02108955,80.22566223,60752,60762,10
13.02031994,80.22512054,60762,60772,10
13.01982975,80.22476959,60772,60792,20
13.01982975,80.22476959,60792,60802,10
13.01972008,80.22467041,60802,60812,10
13.01910973,80.2244873,60812,60822,10
13.01819038,80.2247467,60822,60833,11
13.01702976,80.22521973,60833,60843,10
13.01624012,80.22554779,60843,60853,10
13.01548958,80.22582245,60853,60863,10
13.01506042,80.2260437,60863,60873,10
13.01465988,80.2261734,60873,60883,10
13.01430988,80.22631836,60883,60893,10
13.01412964,80.22637939,60893,60903,10
13.0135498,80.22659302,60903,60913,10
13.01280975,80.22686768,60913,60923,10
13.01198959,80.22718048,60923,60934,11
13.01107025,80.2275238,60934,60944,10
13.01021957,80.2278595,60944,60954,10
13.0095396,80.22782898,60954,60964,10
13.00967979,80.22724915,60964,60974,10
13.01002026,80.2264328,60974,60984,10
13.01035976,80.22554779,60984,60994,10
13.01072979,80.22473145,60994,61004,10
13.01099014,80.22399139,61004,61014,10
13.01107979,80.22364807,61014,61024,10
13.01109028,80.22364044,61024,61035,11
13.01121044,80.22322083,61035,61045,10
13.01064014,80.22290039,61045,61055,10
13.01033974,80.22274017,61055,61065,10
13.01014042,80.2226181,61065,61075,10
13.00955963,80.22231293,61075,61085,10
13.00877953,80.22187042,61085,61095,10
13.00786018,80.22138214,61095,61105,10
13.00685978,80.22086334,61105,61115,10
13.00597954,80.22057343,61115,61125,10
13.0051899,80.22039795,61125,61135,10
13.0046196,80.22028351,61135,61146,11
13.00446033,80.22022247,61146,61156,10
13.00387001,80.22007751,61156,61166,10
13.00319004,80.2199173,61166,61176,10
13.00242996,80.21949768,61176,61186,10
13.00181007,80.21884918,61186,61196,10
13.00107956,80.21826935,61196,61206,10
13.00024986,80.21775055,61206,61216,10
12.99938965,80.21723938,61216,61226,10
12.99845028,80.21675873,61226,61236,10
12.99763966,80.21656799,61236,61247,11
12.99734974,80.21653748,61247,61257,10
12.99726963,80.21655273,61257,61266,9
12.99701977,80.21655273,61266,61277,11
12.99650002,80.21658325,61277,61287,10
12.99610043,80.21665192,61287,61297,10
12.99602985,80.21665955,61297,61306,9
12.99582958,80.21671295,61306,61317,11
12.99561024,80.21679688,61317,61327,10
12.99545956,80.2168808,61327,61337,10
12.99540997,80.21691132,61337,61349,12
12.99518967,80.2170105,61349,61359,10
12.99495983,80.21717072,61359,61369,10
12.99477959,80.21730042,61369,61379,10
12.99427986,80.217659,61379,61389,10
12.99363995,80.21810913,61389,61399,10
12.99295998,80.21859741,61399,61409,10
12.99221992,80.21914673,61409,61419,10
12.99157047,80.21962738,61419,61429,10
12.99110985,80.2199707,61429,61441,12
12.99092007,80.22012329,61441,61451,10
12.99081993,80.22019196,61451,61462,11
12.99059963,80.22035217,61462,61472,10
12.99011993,80.22075653,61472,61482,10
12.98966026,80.22129822,61482,61492,10
12.98921967,80.22186279,61492,61502,10
12.98865032,80.2224884,61502,61512,10
12.98814011,80.22290039,61512,61522,10
12.98766994,80.2231369,61522,61532,10
12.98760033,80.22312927,61532,61542,10
12.98723984,80.22309875,61542,61552,10
12.98690033,80.22303009,61552,61563,11
12.98618984,80.22299957,61563,61573,10
12.98554993,80.22319794,61573,61583,10
12.98513031,80.2232666,61583,61593,10
12.98476028,80.2231369,61593,61603,10
12.98423958,80.22281647,61603,61613,10
12.98377037,80.22255707,61613,61623,10
12.98320961,80.22216034,61623,61643,20
12.98320961,80.22216034,61643,61653,10
12.98309994,80.2220993,61653,61664,11
12.98278999,80.22193146,61664,61674,10
12.98250008,80.22184753,61674,61684,10
12.98213959,80.22171783,61684,61694,10
12.98157978,80.22132111,61694,61704,10
12.98091984,80.22106171,61704,61714,10
12.98017025,80.22109985,61714,61724,10
12.97935963,80.22116852,61724,61734,10
12.97865009,80.22122192,61734,61744,10
12.97789955,80.22123718,61744,61754,10
12.97729969,80.22128296,61754,61764,10
12.97673035,80.22129059,61764,61775,11
12.97601032,80.22138214,61775,61805,30
12.97601032,80.22138214,61805,61815,10
12.97581959,80.22128296,61815,61825,10
12.9756403,80.22110748,61825,61835,10
12.9756403,80.22109985,61835,61845,10
12.97544956,80.22093201,61845,61855,10
12.97511005,80.22071075,61855,61865,10
12.97469044,80.22052765,61865,61876,11
12.97436047,80.22039032,61876,61886,10
12.97422028,80.22038269,61886,61896,10
12.97410011,80.2203064,61896,61906,10
12.97393036,80.22022247,61906,61916,10
12.97367954,80.22013092,61916,61926,10
12.97334003,80.21997833,61926,61936,10
12.97294044,80.21980286,61936,61947,11
12.97216988,80.2195282,61947,61957,10
12.97148037,80.21929932,61957,61967,10
12.97101974,80.2191925,61967,61977,10
12.97095966,80.21916199,61977,61987,10
12.97056007,80.21891785,61987,61997,10
12.96986961,80.21861267,61997,62007,10
12.96901989,80.21826172,62007,62017,10
12.96821976,80.21794891,62017,62027,10
12.96749973,80.21766663,62027,62037,10
12.96665955,80.21734619,62037,62047,10
12.96584034,80.21700287,62047,62057,10
12.96498966,80.21663666,62057,62067,10
12.96418953,80.21633148,62067,62077,10
12.96370029,80.21611786,62077,62090,13
12.96304989,80.21581268,62090,62098,8
12.96238041,80.21555328,62098,62110,12
12.96113968,80.21505737,62110,62120,10
12.96004009,80.21465302,62120,62130,10
12.95905972,80.21424866,62130,62140,10
12.95806026,80.21383667,62140,62150,10
12.9574604,80.21362305,62150,62160,10
12.95693016,80.21341705,62160,62170,10
12.95619965,80.21311188,62170,62177,7
12.95557976,80.212883,62177,62191,14
12.95433998,80.21238708,62191,62201,10
12.95390034,80.21222687,62201,62211,10
12.95380974,80.21219635,62211,62221,10
12.9533596,80.21199799,62221,62231,10
12.95261955,80.21173859,62231,62241,10
12.95168972,80.21141815,62241,62251,10
12.95069981,80.21108246,62251,62261,10
12.94962025,80.21063995,62261,62271,10
12.94886017,80.21035767,62271,62281,10
12.94878006,80.21032715,62281,62292,11
12.94869995,80.210289,62292,62302,10
12.94832039,80.21015167,62302,62312,10
12.94760036,80.2098465,62312,62322,10
12.94662952,80.2094574,62322,62332,10
12.9456501,80.20906067,62332,62342,10
12.94486046,80.2086792,62342,62352,10
12.94429016,80.20845032,62352,62362,10
12.94417,80.20839691,62362,62372,10
12.94373989,80.20819855,62372,62382,10
12.94312954,80.20787811,62382,62392,10
12.94283962,80.20754242,62392,62403,11
12.94248009,80.20706177,62403,62413,10
12.94192982,80.20658875,62413,62423,10
12.9414196,80.20623779,62423,62433,10
12.94120979,80.20612335,62433,62443,10
12.94112015,80.20606232,62443,62453,10
12.94073009,80.20588684,62453,62463,10
12.94025993,80.20575714,62463,62473,10
12.93988037,80.20565033,62473,62483,10
12.93927956,80.20545959,62483,62492,9
12.93859959,80.20526123,62492,62504,12
12.93795967,80.20507813,62504,62514,10
12.93719959,80.20487213,62514,62524,10
12.93634033,80.20459747,62524,62534,10
12.93570995,80.20442963,62534,62544,10
12.93515015,80.2041626,62544,62554,10
12.93443012,80.20401001,62554,62563,9
12.9339304,80.20397186,62563,62575,12
12.93379974,80.20397186,62575,62585,10
12.93367958,80.20394135,62585,62595,10
12.93321037,80.20384216,62595,62606,11
12.93255043,80.20358276,62606,62616,10
12.93171978,80.20332336,62616,62626,10
12.93097019,80.20305634,62626,62636,10
12.93033981,80.20291138,62636,62646,10
12.92973995,80.20282745,62646,62666,20
12.92973995,80.20282745,62666,62676,10
12.9294796,80.20278931,62676,62686,10
12.92883968,80.20269775,62686,62696,10
12.92848969,80.2022171,62696,62706,10
12.92846966,80.20159912,62706,62717,11
12.9284296,80.20066071,62717,62727,10
12.92833996,80.19985199,62727,62737,10
12.92807961,80.19915009,62737,62747,10
12.92763996,80.19837189,62747,62757,10
12.92706013,80.19789124,62757,62767,10
12.92634964,80.19759369,62767,62777,10
12.92601967,80.19754791,62777,62787,10
12.92562962,80.19754791,62787,62797,10
12.92514992,80.19753265,62797,62807,10
12.92432976,80.19754028,62807,62817,10
12.92354965,80.1975174,62817,62828,11
12.92269039,80.19740295,62828,62838,10
12.92203999,80.1973114,62838,62848,10
12.9218998,80.19727325,62848,62858,10
12.9214201,80.19711304,62858,62868,10
12.92115974,80.1969986,62868,62878,10
12.92080975,80.1968689,62878,62887,9
12.9203701,80.19673157,62887,62899,12
12.9197197,80.1964798,62899,62909,10
12.91948986,80.19638824,62909,62922,13
12.91911983,80.19609833,62922,62932,10
12.91880035,80.19586182,62932,62942,10
12.91841984,80.19550323,62942,62952,10
12.91784954,80.19499969,62952,62962,10
12.91730976,80.1944809,62962,62972,10
12.91716957,80.19429016,62972,62982,10
12.91714954,80.19425964,62982,62992,10
12.91703033,80.19393921,62992,63002,10
12.91699028,80.19358063,63002,63012,10
12.91697979,80.19345856,63012,63023,11
12.91699982,80.19335938,63023,63033,10
12.91703987,80.19309235,63033,63043,10
12.91707993,80.19258118,63043,63053,10
12.91695976,80.19235229,63053,63063,10
12.91668034,80.19236755,63063,63113,50
12.91668034,80.19236755,63113,63123,10
12.91627979,80.19232941,63123,63134,11
12.91563034,80.19229126,63134,63144,10
12.91487026,80.1922226,63144,63154,10
12.91401005,80.19213104,63154,63164,10
12.91316032,80.19203186,63164,63174,10
12.91219997,80.19191742,63174,63184,10
12.91112995,80.19180298,63184,63194,10
12.91014957,80.19167328,63194,63204,10
12.90968037,80.19146729,63204,63214,10
12.90950966,80.19129944,63214,63224,10
12.90894032,80.19084167,63224,63235,11
12.90804005,80.19016266,63235,63245,10
12.90723038,80.18952942,63245,63255,10
12.90653038,80.18900299,63255,63265,10
12.90610981,80.18872833,63265,63275,10
12.90610027,80.1887207,63275,63285,10
12.90577984,80.18850708,63285,63295,10
12.9051199,80.18807983,63295,63305,10
12.90433025,80.18756866,63305,63315,10
12.90396976,80.18685913,63315,63325,10
12.90400028,80.18582153,63325,63336,11
12.90402031,80.18482208,63336,63346,10
12.90353966,80.18450165,63346,63356,10
12.90264988,80.18424988,63356,63366,10
12.90157986,80.18399048,63366,63376,10
12.90056038,80.18361664,63376,63386,10
12.89947033,80.18306732,63386,63396,10
12.89852047,80.18257904,63396,63406,10
12.89783955,80.18224335,63406,63416,10
12.89737034,80.18200684,63416,63426,10
12.89735031,80.18199921,63426,63435,9
12.89725018,80.18195343,63435,63447,12
12.89661026,80.18161774,63447,63457,10
12.89581966,80.18122101,63457,63467,10
12.89484978,80.18073273,63467,63477,10
12.89402008,80.18031311,63477,63487,10
12.89346981,80.18005371,63487,63497,10
12.89334011,80.17997742,63497,63507,10
12.89315987,80.17970276,63507,63517,10
12.89280033,80.179039,63517,63527,10
12.89239025,80.17825317,63527,63537,10
12.89196968,80.17749023,63537,63547,10
12.89161968,80.17690277,63547,63557,10
12.89150047,80.17665863,63557,63567,10
12.89138031,80.17643738,63567,63577,10
12.89103031,80.17578888,63577,63587,10
12.8906002,80.17497253,63587,63597,10
12.89011002,80.17446136,63597,63607,10
12.8898201,80.17434692,63607,63618,11
12.88951015,80.17420197,63618,63628,10
12.88906956,80.17398071,63628,63638,10
12.88844967,80.17365265,63638,63648,10
12.88778973,80.17331696,63648,63658,10
12.88708973,80.17295074,63658,63668,10
12.88628006,80.17253113,63668,63678,10
12.88551044,80.17212677,63678,63688,10
12.88473988,80.17173004,63688,63698,10
12.8840704,80.17137146,63698,63708,10
12.88333035,80.17101288,63708,63718,10
12.88271046,80.17066956,63718,63728,10
12.88259029,80.17062378,63728,63738,10
12.8822403,80.17079926,63738,63748,10
12.88167,80.17095947,63748,63761,13
12.88111019,80.17076111,63761,63771,10
12.88047028,80.17050934,63771,63781,10
12.88004017,80.17028809,63781,63791,10
12.88000965,80.17028046,63791,63801,10
12.87957954,80.17003632,63801,63811,10
12.87872028,80.17002106,63811,63821,10
12.87642956,80.17067719,63821,63831,10
12.87642956,80.17067719,63831,63841,10
12.87547016,80.17111206,63841,63850,9
12.87450981,80.17175293,63850,63868,18
12.87236023,80.173172,63868,63878,10
12.87110996,80.17397308,63878,63888,10
12.86993027,80.17481995,63888,63898,10
12.8688097,80.17558289,63898,63908,10
12.86797047,80.17601013,63908,63918,10
12.86705971,80.17590332,63918,63928,10
12.86606026,80.17579651,63928,63938,10
12.86528969,80.17572021,63938,63949,11
12.86515045,80.1756897,63949,63961,12
12.86445999,80.17533875,63961,63971,10
12.86373043,80.17488861,63971,63981,10
12.86277962,80.17430115,63981,63991,10
12.86172009,80.17381287,63991,64001,10
12.86071014,80.17337036,64001,64011,10
12.85993004,80.17301178,64011,64021,10
12.85968018,80.1729126,64021,64031,10
12.85923004,80.1727066,64031,64041,10
12.85857964,80.17253876,64041,64051,10
12.85774994,80.17240143,64051,64061,10
12.85739994,80.17234039,64061,64072,11
12.85680962,80.17223358,64072,64082,10
12.85641956,80.17217255,64082,64102,20
12.85641956,80.17217255,64102,64112,10
12.85626984,80.17212677,64112,64122,10
12.85608006,80.17205811,64122,64132,10
12.85550976,80.17189026,64132,64142,10
12.85463047,80.17165375,64142,64152,10
12.85354996,80.17134857,64152,64161,9
12.85249996,80.17120361,64161,64173,12
12.85109997,80.17095947,64173,64183,10
12.84986973,80.17076111,64183,64193,10
12.84856033,80.17053986,64193,64203,10
12.84727001,80.17031097,64203,64213,10
12.84607029,80.17021179,64213,64223,10
12.84502029,80.17015839,64223,64233,10
12.84395981,80.17009735,64233,64243,10
12.84284019,80.16995239,64243,64253,10
12.84165955,80.16996002,64253,64262,9
12.84060955,80.16995239,64262,64274,12
12.83942986,80.16999054,64274,64284,10
12.83860016,80.16977692,64284,64294,10
12.83833981,80.16964722,64294,64304,10
12.83804989,80.1693573,64304,64314,10
12.83769035,80.16929626,64314,64324,10
12.83714008,80.16902924,64324,64334,10
12.8369503,80.16882324,64334,64344,10
12.83658028,80.16873932,64344,64354,10
12.83623028,80.16861725,64354,64364,10
12.83596992,80.16835785,64364,64374,10
12.83570957,80.16782379,64374,64385,11
12.8351202,80.16764832,64385,64395,10
12.83456993,80.16732788,64395,64405,10
12.83382988,80.16690063,64405,64415,10
12.83358002,80.16678619,64415,64425,10
12.83347988,80.16674042,64425,64435,10
12.83300018,80.16642761,64435,64445,10
12.83230972,80.16609955,64445,64455,10
12.83218956,80.16605377,64455,64465,10
12.83207989,80.166008,64465,64475,10
12.83158016,80.16581726,64475,64486,11
12.83071995,80.16558838,64486,64496,10
12.82993984,80.16545868,64496,64506,10
12.82921028,80.1653595,64506,64516,10
12.82876015,80.16529846,64516,64526,10
12.82826042,80.1652298,64526,64536,10
12.82759953,80.16513824,64536,64556,20
12.82759953,80.16513824,64556,64566,10
12.82742977,80.1651001,64566,64576,10
12.8270998,80.16487885,64576,64587,11
12.82674026,80.16465759,64587,64597,10
12.82643986,80.1644516,64597,64607,10
12.82596016,80.16416168,64607,64617,10
12.82534981,80.16385651,64617,64708,91
12.82534981,80.16385651,64708,64718,10
12.82505035,80.16369629,64718,64728,10
12.82450008,80.1633606,64728,64739,11
12.82355976,80.16274261,64739,64749,10
12.8224802,80.16226196,64749,64759,10
12.82127953,80.16178894,64759,64769,10
12.82046986,80.16145325,64769,64779,10
12.81945038,80.16101074,64779,64789,10
12.81853008,80.16059113,64789,64799,10
12.81811047,80.16043854,64799,64809,10
12.81772995,80.16033936,64809,64819,10
12.81713963,80.16020203,64819,64829,10
12.81704044,80.16017914,64829,64839,10
12.81661034,80.16008759,64839,64849,10
12.81602001,80.15995789,64849,64859,10
12.81556034,80.1598587,64859,64869,10
12.81529045,80.15981293,64869,64879,10
12.81464005,80.15968323,64879,64889,10
12.81373978,80.15956879,64889,64902,13
12.81249046,80.15937042,64902,64912,10
12.81179047,80.15940094,64912,64922,10
12.8116703,80.15944672,64922,64932,10
12.81140995,80.15952301,64932,64962,30
12.81140995,80.15952301,64962,64972,10
12.81103039,80.15963745,64972,64982,10
12.81062984,80.15971375,64982,64992,10
12.81002045,80.15957642,64992,65023,31
12.81002045,80.15957642,65023,65033,10
12.81015015,80.15966797,65033,65043,10
12.81021976,80.15969849,65043,65053,10
12.81062031,80.15968323,65053,65063,10
12.81105995,80.15956116,65063,65073,10
12.81124973,80.15950775,65073,65103,30
12.81124973,80.15950775,65103,65114,11
12.81151962,80.15943909,65114,65124,10
12.81171036,80.15939331,65124,65134,10
12.81229019,80.15933228,65134,65144,10
12.81297016,80.15946198,65144,65154,10
12.81365013,80.15956116,65154,65164,10
12.81441975,80.15962982,65164,65174,10
12.81511974,80.15976715,65174,65184,10
12.81587982,80.15991974,65184,65194,10
12.81671047,80.16010284,65194,65204,10
12.81715012,80.16018677,65204,65215,11
12.81750965,80.16027832,65215,65225,10
12.8179903,80.16039276,65225,65235,10
12.81828022,80.16046906,65235,65245,10
12.81882,80.16072083,65245,65255,10
12.8197403,80.16113281,65255,65265,10
12.82089043,80.16162872,65265,65275,10
12.82205963,80.16213226,65275,65285,10
12.8231802,80.16259003,65285,65295,10
12.82415009,80.16314697,65295,65305,10
12.82503033,80.16368866,65305,65316,11
12.8259201,80.16414642,65316,65326,10
12.82656956,80.16455078,65326,65336,10
12.82693958,80.16478729,65336,65346,10
12.82726955,80.16500854,65346,65356,10
12.82736969,80.16506195,65356,65366,10
12.82740974,80.16509247,65366,65376,10
12.82752037,80.16512299,65376,65386,10
12.8276701,80.16513062,65386,65427,41
12.8276701,80.16513062,65427,65437,10
12.82793045,80.16517639,65437,65447,10
12.82810974,80.16519928,65447,65457,10
12.82843971,80.16523743,65457,65467,10
12.82886028,80.16529083,65467,65477,10
12.82958984,80.16538239,65477,65487,10
12.83024025,80.16548157,65487,65497,10
12.83067989,80.16558075,65497,65507,10
12.83135986,80.1657486,65507,65517,10
12.83242035,80.16616058,65517,65528,11
12.83349037,80.16671753,65528,65548,20
12.83349037,80.16671753,65548,65558,10
12.83351994,80.16674042,65558,65568,10
12.83380032,80.16690063,65568,65578,10
12.83428955,80.16716003,65578,65588,10
12.83487034,80.1674881,65588,65598,10
12.83535957,80.16771698,65598,65608,10
12.83565998,80.16779327,65608,65618,10
12.8357296,80.16783905,65618,65628,10
12.83588982,80.16812134,65628,65639,11
12.83615017,80.16860199,65639,65649,10
12.83640957,80.16869354,65649,65659,10
12.8368597,80.16880798,65659,65669,10
12.83710957,80.1689682,65669,65679,10
12.83738041,80.1692276,65679,65689,10
12.8376503,80.16928864,65689,65699,10
12.83790016,80.16928864,65699,65709,10
12.83819008,80.16945648,65709,65719,10
12.83870983,80.1697998,65719,65729,10
12.83953953,80.16998291,65729,65739,10
12.8404398,80.16993713,65739,65750,11
12.84156036,80.16996002,65750,65760,10
12.84255981,80.1699295,65760,65770,10
12.84364986,80.17005157,65770,65780,10
12.84490967,80.17015839,65780,65790,10
12.84617043,80.17021179,65790,65800,10
12.84726048,80.17027283,65800,65809,9
12.84821033,80.1704483,65809,65820,11
12.84941006,80.17064667,65820,65830,10
12.85039997,80.17082214,65830,65842,12
12.85151005,80.17098999,65842,65852,10
12.85247993,80.17115784,65852,65862,10
12.85330963,80.17125702,65862,65872,10
12.85429001,80.17150879,65872,65882,10
12.8552103,80.17176819,65882,65892,10
12.85595989,80.17199707,65892,65902,10
12.85641956,80.17211151,65902,65932,30
12.85641956,80.17211151,65932,65943,11
12.85680008,80.17221832,65943,65953,10
12.8571701,80.17227173,65953,65963,10
12.85762024,80.17234802,65963,65973,10
12.85799026,80.17241669,65973,65983,10
12.85861015,80.17253876,65983,65993,10
12.85935974,80.17276001,65993,66003,10
12.85991955,80.17301941,66003,66013,10
12.86048985,80.17326355,66013,66023,10
12.86163998,80.17375183,66023,66064,41
12.86163998,80.17375183,66064,66074,10
12.86170006,80.17376709,66074,66084,10
12.86213017,80.17395782,66084,66094,10
12.86287022,80.17433167,66094,66104,10
12.8637104,80.17482758,66104,66114,10
12.86458969,80.17536163,66114,66124,10
12.86520004,80.17565918,66124,66134,10
12.86532974,80.17565918,66134,66144,10
12.86571026,80.1756897,66144,66155,11
12.86602974,80.17572784,66155,66165,10
12.86635017,80.17578125,66165,66175,10
12.86701965,80.17584229,66175,66185,10
12.86779022,80.17591095,66185,66195,10
12.86849976,80.17571259,66195,66205,10
12.8692503,80.17519379,66205,66215,10
12.87010956,80.17460632,66215,66225,10
12.87110043,80.17394257,66225,66235,10
12.87209988,80.17326355,66235,66245,10
12.87395954,80.17204285,66245,66256,11
12.87395954,80.17204285,66256,66266,10
12.87475967,80.17150879,66266,66275,9
12.87897968,80.16992188,66275,66318,43
12.87897968,80.16992188,66318,66338,20
12.87987041,80.17017365,66338,66348,10
12.87994003,80.17021942,66348,66359,11
12.8800602,80.17028809,66359,66369,10
12.88047028,80.17047882,66369,66379,10
12.8811903,80.17076111,66379,66389,10
12.88162994,80.17093658,66389,66399,10
12.88210011,80.17092133,66399,66409,10
12.88249016,80.17060089,66409,66419,10
12.8825798,80.17062378,66419,66429,10
12.88284969,80.17076874,66429,66439,10
12.8835001,80.1710968,66439,66449,10
12.8842802,80.17150116,66449,66459,10
12.88504028,80.17189789,66459,66469,10
12.8858099,80.17228699,66469,66479,10
12.88632965,80.1725769,66479,66489,10
12.88710022,80.17297363,66489,66500,11
12.88801956,80.17343903,66500,66509,9
12.88858986,80.17372131,66509,66519,10
12.88928986,80.17408752,66519,66529,10
12.88963985,80.174263,66529,66540,11
12.88982964,80.17431641,66540,66550,10
12.89008999,80.17443848,66550,66560,10
12.89044952,80.17471313,66560,66570,10
12.89074993,80.17527771,66570,66580,10
12.89111996,80.17597198,66580,66590,10
12.8915596,80.17672729,66590,66610,20
12.8915596,80.17672729,66610,66620,10
12.89171028,80.17700958,66620,66630,10
12.89202023,80.17758179,66630,66640,10
12.89241982,80.17829132,66640,66650,10
12.89282036,80.17899323,66650,66660,10
12.89319038,80.17970276,66660,66673,13
12.89377022,80.18016815,66673,66680,7
12.89387035,80.18022156,66680,66693,13
12.89393997,80.18025208,66693,66703,10
12.89431953,80.18044281,66703,66713,10
12.8949604,80.18076324,66713,66723,10
12.89571953,80.18113708,66723,66733,10
12.8964901,80.18151855,66733,66743,10
12.89719963,80.18186951,66743,66753,10
12.89752007,80.18202209,66753,66784,31
12.89752007,80.18202209,66784,66794,10
12.8977499,80.18216705,66794,66804,10
12.89809036,80.18232727,66804,66814,10
12.89873028,80.18266296,66814,66824,10
12.8993597,80.1829834,66824,66834,10
12.90009975,80.18334961,66834,66844,10
12.90071964,80.18367004,66844,66856,12
12.90161037,80.18392181,66856,66866,10
12.90250015,80.18415833,66866,66877,11
12.90345955,80.1844635,66877,66887,10
12.90404034,80.18473816,66887,66897,10
12.90406036,80.18544769,66897,66907,10
12.90402985,80.18634796,66907,66917,10
12.90404987,80.18726349,66917,66927,10
12.90460014,80.18772125,66927,66937,10
12.90524006,80.18811798,66937,66947,10
12.9059,80.18855286,66947,66957,10
12.90649033,80.18891907,66957,66967,10
12.90664005,80.18901825,66967,66977,10
12.90690041,80.18921661,66977,66988,11
12.90750027,80.18969727,66988,66998,10
12.9082098,80.19023895,66998,67008,10
12.90896988,80.19081116,67008,67018,10
12.90964985,80.19133759,67018,67028,10
12.91014004,80.19161224,67028,67038,10
12.91049957,80.19164276,67038,67048,10
12.91112995,80.19171143,67048,67058,10
12.91178989,80.19178009,67058,67068,10
12.91226959,80.19181824,67068,67078,10
12.91232014,80.19181824,67078,67089,11
12.91285992,80.19190216,67089,67099,10
12.91359043,80.19199371,67099,67109,10
12.91440964,80.1920929,67109,67119,10
12.91516018,80.1921463,67119,67129,10
12.91580009,80.19216919,67129,67139,10
12.91637039,80.19223785,67139,67149,10
12.91697979,80.19223785,67149,67159,10
12.91713047,80.19191742,67159,67179,20
12.91713047,80.19191742,67179,67190,11
12.91720009,80.19171906,67190,67200,10
12.9172802,80.19117737,67200,67210,10
12.91730022,80.19072723,67210,67220,10
12.91728973,80.19046783,67220,67230,10
12.91728973,80.19037628,67230,67240,10
12.9174099,80.19039154,67240,67250,10
12.91740036,80.19062042,67250,67260,10
12.91736984,80.19107819,67260,67270,10
12.9172802,80.19172668,67270,67280,10
12.91724014,80.19219971,67280,67290,10
12.91714954,80.19268799,67290,67300,10
12.91713047,80.19306183,67300,67310,10
12.91711998,80.19316101,67310,67321,11
12.91711044,80.19320679,67321,67331,10
12.91711998,80.19364166,67331,67341,10
12.91718006,80.19400787,67341,67351,10
12.91724014,80.19420624,67351,67361,10
12.91749954,80.19455719,67361,67371,10
12.9179697,80.19500732,67371,67380,9
12.91837025,80.19538879,67380,67391,11
12.91874981,80.19576263,67391,67403,12
12.9191103,80.19608307,67403,67413,10
12.91938972,80.19625092,67413,67423,10
12.91983986,80.1964798,67423,67431,8
12.92043972,80.19670105,67431,67443,12
12.92131996,80.19699097,67443,67453,10
12.92208958,80.19722748,67453,67463,10
12.92282009,80.19732666,67463,67473,10
12.92325974,80.19737244,67473,67483,10
12.92354965,80.19741058,67483,67490,7
12.92391968,80.19743347,67490,67504,14
12.92486954,80.19741821,67504,67514,10
12.92520046,80.19741058,67514,67524,10
12.92553043,80.19741058,67524,67534,10
12.92601967,80.1974411,67534,67544,10
12.92652988,80.1975708,67544,67554,10
12.9271698,80.19789886,67554,67564,10
12.92751026,80.19817352,67564,67574,10
12.9277401,80.19844818,67574,67584,10
12.92803001,80.1989975,67584,67594,10
12.92827034,80.19956207,67594,67605,11
12.92844009,80.20033264,67605,67615,10
12.92846966,80.20114136,67615,67625,10
12.92850018,80.2016983,67625,67635,10
12.92850971,80.20188141,67635,67645,10
12.92854977,80.20239258,67645,67655,10
12.92910957,80.20265961,67655,67665,10
12.92943001,80.2026825,67665,67675,10
12.92947006,80.20269012,67675,67685,10
12.92986965,80.20275879,67685,67695,10
12.9302597,80.20281982,67695,67705,10
12.93083,80.20292664,67705,67716,11
12.93150043,80.20314026,67716,67726,10
12.93214035,80.20336151,67726,67736,10
12.93268967,80.20352936,67736,67746,10
12.9332304,80.20374298,67746,67756,10
12.93350029,80.20378876,67756,67766,10
12.93377972,80.20381165,67766,67786,20
12.93377972,80.20381165,67786,67796,10
12.93400002,80.20384216,67796,67806,10
12.93422031,80.20385742,67806,67817,11
12.93465996,80.20394135,67817,67827,10
12.9351902,80.20410919,67827,67837,10
12.93575001,80.20436096,67837,67847,10
12.93626022,80.20452118,67847,67857,10
12.93688011,80.20468903,67857,67867,10
12.93741989,80.20485687,67867,67877,10
12.93801022,80.20500946,67877,67887,10
12.93854046,80.20517731,67887,67897,10
12.93918037,80.20536804,67897,67906,9
12.93966961,80.20552063,67906,67918,12
12.93988037,80.20558929,67918,67928,10
12.93995953,80.20559692,67928,67938,10
12.94017029,80.20567322,67938,67948,10
12.9406004,80.20578766,67948,67958,10
12.94085026,80.2059021,67958,67968,10
12.94141006,80.20619202,67968,67978,10
12.94209957,80.20668793,67978,67988,10
12.94262028,80.20713806,67988,67998,10
12.9428196,80.20742798,67998,68008,10
12.94330025,80.20794678,68008,68018,10
12.94425011,80.20832062,68018,68260,242
12.94425011,80.20832062,68260,68270,10
12.94435978,80.20838928,68270,68280,10
12.94462013,80.20848083,68280,68290,10
12.94505024,80.20863342,68290,68301,11
12.94571018,80.20880127,68301,68311,10
12.9463501,80.20903015,68311,68321,10
12.94709015,80.20931244,68321,68332,11
12.9479599,80.20960236,68332,68342,10
12.94834042,80.20966339,68342,68352,10
12.9488802,80.20990753,68352,68382,30
12.9488802,80.20990753,68382,68391,9
12.94911957,80.21002197,68391,68402,11
12.94974995,80.21027374,68402,68412,10
12.95046997,80.21060181,68412,68422,10
12.95104027,80.21086121,68422,68432,10
12.95158958,80.21112823,68432,68442,10
12.95219994,80.21138763,68442,68454,12
12.95277977,80.21160889,68454,68464,10
12.95302963,80.21173096,68464,68474,10
12.95347977,80.2118988,68474,68484,10
12.95355034,80.21192932,68484,68494,10
12.95365047,80.21195984,68494,68504,10
12.95407009,80.21215057,68504,68514,10
12.95471954,80.2124176,68514,68524,10
12.95541,80.21269226,68524,68534,10
12.95604038,80.2129364,68534,68545,11
12.95685005,80.21324921,68545,68555,10
12.95763016,80.21357727,68555,68565,10
12.95845985,80.21391296,68565,68575,10
12.95913982,80.21418762,68575,68585,10
12.95991993,80.21450043,68585,68595,10
12.96078968,80.21482849,68595,68605,10
12.96166039,80.21518707,68605,68615,10
12.96245003,80.21549225,68615,68625,10
12.96310997,80.21572876,68625,68635,10
12.96350002,80.21585846,68635,68646,11
12.96397018,80.21602631,68646,68656,10
12.9640398,80.21607208,68656,68666,10
12.96411991,80.21611786,68666,68676,10
12.96450996,80.21631622,68676,68686,10
12.96520042,80.21661377,68686,68696,10
12.96607018,80.21694946,68696,68706,10
12.96683025,80.2172699,68706,68716,10
12.96743965,80.21752167,68716,68726,10
12.96792984,80.21772003,68726,68736,10
12.96850014,80.21795654,68736,68746,10
12.96924973,80.2182312,68746,68757,11
12.97006989,80.21855927,68757,68767,10
12.97066975,80.21880341,68767,68777,10
12.97111034,80.21888733,68777,68797,20
12.97126961,80.21896362,68797,68847,50
12.97126961,80.21896362,68847,68858,11
12.97175026,80.21920013,68858,68888,30
12.97175026,80.21920013,68888,68898,10
12.97208023,80.2193222,68898,69059,161
12.97208023,80.2193222,69059,69070,11
12.97249031,80.21948242,69070,69080,10
12.97264004,80.2195282,69080,69090,10
12.97278976,80.2195816,69090,69100,10
12.97294998,80.2196579,69100,69110,10
12.97307014,80.2197113,69110,69120,10
12.97321987,80.21977997,69120,69130,10
12.97336006,80.21983337,69130,69139,9
12.97366047,80.21996307,69139,69211,72
12.97366047,80.21996307,69211,69221,10
12.97391987,80.22019958,69221,69261,40
12.97391987,80.22019958,69261,69271,10
12.97414017,80.22039032,69271,69342,71
12.97414017,80.22039032,69342,69352,10
12.97443962,80.22052002,69352,69362,10
12.97463989,80.22058105,69362,69372,10
12.97488022,80.22061157,69372,69382,10
12.97498035,80.2206192,69382,69392,10
12.97517014,80.22068787,69392,69402,10
12.97535992,80.22062683,69402,69412,10
12.97552967,80.22039795,69412,69422,10
12.97572994,80.2202301,69422,69432,10
12.9760704,80.22006989,69432,69442,10
12.97607994,80.22006989,69442,69452,10
12.97626019,80.2199707,69452,69462,10
12.97638035,80.21990204,69462,69472,10
12.97686005,80.21970367,69472,69485,13
12.97791004,80.21926117,69485,69495,10
12.97859001,80.21900177,69495,69505,10
12.97924995,80.21871185,69505,69515,10
12.97982025,80.21848297,69515,69525,10
12.98015976,80.21833038,69525,69535,10
12.98073006,80.21816254,69535,69555,20
12.98073006,80.21816254,69555,69565,10
12.98083973,80.2180481,69565,69606,41
12.98083973,80.2180481,69606,69616,10
12.98120022,80.21790314,69616,69626,10
12.98141956,80.21784973,69626,69636,10
12.98163986,80.21781158,69636,69646,10
12.98184013,80.2177887,69646,69656,10
12.98188972,80.21778107,69656,69666,10
12.98198986,80.2177887,69666,69676,10
12.98219013,80.2177887,69676,69687,11
12.98225975,80.2177887,69687,69697,10
12.98235989,80.21779633,69697,69707,10
12.98285007,80.21782684,69707,69717,10
12.98400021,80.21775818,69717,69737,20
12.98400021,80.21775818,69737,69747,10
12.98421001,80.21777344,69747,69757,10
12.98478985,80.21778107,69757,69767,10
12.98571014,80.21785736,69767,69777,10
12.98649025,80.21803284,69777,69787,10
12.98705959,80.21813965,69787,69798,11
12.98723984,80.21814728,69798,69808,10
12.98736954,80.21816254,69808,69818,10
12.98760986,80.21823883,69818,69828,10
12.98826027,80.21842194,69828,69838,10
12.98911953,80.21868134,69838,69848,10
12.98976994,80.21890259,69848,69858,10
12.99065018,80.21917725,69858,69868,10
12.99147034,80.21936798,69868,69887,19
12.99147034,80.21936798,69887,69899,12
12.99170971,80.21933746,69899,69909,10
12.99217987,80.21897888,69909,69919,10
12.99269009,80.2186203,69919,69929,10
12.99326038,80.2181778,69929,69939,10
12.99390984,80.2177124,69939,69949,10
12.99452019,80.21724701,69949,69959,10
12.99505997,80.21687317,69959,69969,10
12.9957304,80.21659088,69969,69979,10
12.99639034,80.21647644,69979,69989,10
12.99685955,80.21643066,69989,69999,10
12.99715996,80.21637726,69999,70010,11
12.99748993,80.21640778,70010,70020,10
12.99759007,80.21642303,70020,70030,10
12.99792004,80.21649933,70030,70040,10
12.99835014,80.2166214,70040,70050,10
12.99870014,80.21678162,70050,70060,10
12.9991703,80.21701813,70060,70070,10
12.99954987,80.21723175,70070,70080,10
12.99991035,80.21743774,70080,70090,10
13.00047016,80.21779633,70090,70100,10
13.00094986,80.21810913,70100,70109,9
13.00137043,80.21836853,70109,70122,13
13.00207043,80.21907806,70122,70133,11
13.00273037,80.21968079,70133,70142,9
13.00335979,80.21990967,70142,70153,11
13.00419998,80.22010803,70153,70163,10
13.00469017,80.22019196,70163,70173,10
13.00492001,80.22026062,70173,70183,10
13.00557041,80.22039795,70183,70192,9
13.00634956,80.22058105,70192,70203,11
13.00734043,80.22103882,70203,70215,12
13.0085001,80.22161865,70215,70225,10
13.00946999,80.22215271,70225,70235,10
13.0102396,80.22257996,70235,70243,8
13.01082993,80.2228775,70243,70255,12
13.01109982,80.2230072,70255,70265,10
13.0112896,80.2230835,70265,70275,10
13.01158047,80.22281647,70275,70285,10
13.01179028,80.22190094,70285,70295,10
13.01220036,80.22138977,70295,70305,10
13.0125103,80.22176361,70305,70316,11
13.01309013,80.22245789,70316,70326,10
13.0136404,80.22305298,70326,70336,10
13.01416969,80.22364807,70336,70346,10
13.01473999,80.22437286,70346,70356,10
13.01525021,80.22480011,70356,70366,10
13.01558018,80.22502136,70366,70376,10
13.0156498,80.22505951,70376,70386,10
13.01609039,80.22531128,70386,70396,10
13.01688957,80.22512817,70396,70406,10
13.01786041,80.22473907,70406,70417,11
13.01883984,80.2243576,70417,70427,10
13.0196104,80.22447968,70427,70437,10
13.0203104,80.22496033,70437,70447,10
13.02091026,80.22537994,70447,70457,10
13.02149963,80.22583008,70457,70467,10
13.02180004,80.22599792,70467,70477,10
13.02184963,80.22602844,70477,70487,10
13.02217007,80.22633362,70487,70497,10
13.02274036,80.22682953,70497,70507,10
13.02317047,80.227211,70507,70517,10
13.02344036,80.22746277,70517,70528,11
13.02371979,80.22766876,70528,70558,30
13.02371979,80.22766876,70558,70568,10
13.02398968,80.22795105,70568,70578,10
13.02420998,80.22821808,70578,70588,10
13.02439022,80.22846222,70588,70598,10
13.02455997,80.22870636,70598,70618,20
13.02455997,80.22870636,70618,70629,11
13.02470016,80.22891998,70629,70639,10
13.02497959,80.22931671,70639,70649,10
13.02534962,80.22975922,70649,70659,10
13.02544022,80.22988129,70659,70669,10
13.02546024,80.22992706,70669,70679,10
13.02560997,80.2301178,70679,70689,10
13.02573013,80.23033905,70689,70699,10
13.02581024,80.23049164,70699,70709,10
13.02587032,80.23062134,70709,70719,10
13.02595997,80.23088837,70719,70740,21
13.02600002,80.23114777,70740,70760,20
13.02600002,80.23114777,70760,70770,10
13.02608967,80.23129272,70770,70780,10
13.0262804,80.23124695,70780,70810,30
13.0262804,80.23124695,70810,70820,10
13.02663994,80.23114777,70820,70851,31
13.02663994,80.23114777,70851,70861,10
13.02692032,80.23105621,70861,70972,111
13.02692032,80.23105621,70972,70982,10
13.02729034,80.23101807,70982,70992,10
13.02750969,80.2309494,70992,71002,10
13.02772999,80.23091888,71002,71022,20
13.02772999,80.23091888,71022,71032,10
13.02814007,80.23084259,71032,71042,10
13.02838993,80.23084259,71042,71052,10
13.02861977,80.23082733,71052,71113,61
13.02888966,80.23092651,71113,71276,163
13.02888966,80.23092651,71276,71286,10
13.02912998,80.2308197,71286,71296,10
13.0294199,80.23078156,71296,71306,10
13.02997017,80.23072052,71306,71316,10
13.03034019,80.23068237,71316,71346,30
13.03034019,80.23068237,71346,71357,11
13.03048038,80.23065948,71357,71367,10
13.03077984,80.2306366,71367,71377,10
13.03145027,80.23059082,71377,71387,10
13.03194046,80.23053741,71387,71397,10
13.03252029,80.23049927,71397,71407,10
13.03370953,80.23045349,71407,71427,20
13.03370953,80.23045349,71427,71437,10
13.03378963,80.23042297,71437,71447,10
13.03417969,80.23040009,71447,71458,11
13.03462029,80.23029327,71458,71468,10
13.03489017,80.23013306,71468,71488,20
13.03489017,80.23013306,71488,71498,10
13.03501987,80.22988129,71498,71508,10
13.03485012,80.22982025,71508,71518,10
13.03448009,80.22975922,71518,71720,202
13.03423023,80.2300415,71720,71770,50
13.03423023,80.2300415,71770,71781,11
13.03409958,80.23040771,71781,71791,10
13.03398037,80.23042297,71791,71801,10
13.03376007,80.23043823,71801,71811,10
13.03339958,80.23046875,71811,71821,10
13.0327301,80.2305603,71821,71851,30
13.0327301,80.2305603,71851,71861,10
13.03258991,80.23059082,71861,71871,10
13.03227997,80.23062134,71871,71882,11
13.03199959,80.2306366,71882,71892,10
13.03186989,80.23065948,71892,71902,10
13.03174019,80.23065948,71902,71912,10
13.03157997,80.23068237,71912,71922,10
13.03141022,80.23069,71922,71932,10
13.03135967,80.23069763,71932,71942,10
13.03116035,80.23072052,71942,71952,10
13.03098011,80.23074341,71952,71993,41
13.03098011,80.23074341,71993,72003,10
13.03077984,80.23075104,72003,72013,10
13.03055954,80.23075867,72013,72023,10
13.03017044,80.23079681,72023,72033,10
13.02997971,80.2308197,72033,72043,10
13.02985954,80.23082733,72043,72053,10
13.02956009,80.23085022,72053,72063,10
13.02894974,80.23090363,72063,72073,10
13.02830029,80.23095703,72073,72083,10
13.02783966,80.23101044,72083,72093,10
13.02762032,80.23107147,72093,72103,10
13.02764988,80.23153687,72103,72113,10
13.02773952,80.23213196,72113,72123,10
13.02779961,80.23255157,72123,72133,10
13.02766037,80.2328186,72133,72143,10
13.02694988,80.2329483,72143,72184,41
13.02694988,80.2329483,72184,72194,10
13.02680016,80.23296356,72194,72204,10
13.02643967,80.23296356,72204,72214,10
13.02620029,80.23239899,72214,72224,10
13.02606964,80.23195648,72224,72234,10
13.02602959,80.23184967,72234,72244,10
13.02595997,80.23166656,72244,72254,10
13.02581024,80.23101807,72254,72264,10
13.02538013,80.23014832,72264,72274,10
13.02493954,80.22953796,72274,72284,10
13.0247097,80.22927856,72284,72297,13
13.02464962,80.22918701,72297,72307,10
13.02449036,80.22897339,72307,72317,10
13.02406025,80.2284317,72317,72327,10
13.0236702,80.22795868,72327,72337,10
13.02326012,80.22754669,72337,72347,10
13.02305031,80.22744751,72347,72357,10
13.02301979,80.22743988,72357,72367,10
13.02280998,80.22727203,72367,72377,10
13.02258015,80.22689819,72377,72387,10
13.02212048,80.22648621,72387,72397,10
13.02151012,80.2259903,72397,72408,11
13.02089977,80.22550964,72408,72418,10
13.02029991,80.22511292,72418,72428,10
13.01963043,80.22466278,72428,72438,10
13.0187397,80.22451782,72438,72448,10
13.01786041,80.22486877,72448,72458,10
13.01702976,80.22521973,72458,72468,10
13.01653957,80.22544098,72468,72488,20
13.01653957,80.22544098,72488,72497,9
13.0163002,80.22551727,72497,72509,12
13.01564026,80.2257309,72509,72519,10
13.01492977,80.22602844,72519,72529,10
13.01432037,80.22625732,72529,72539,10
13.01414967,80.22633362,72539,72549,10
13.01368046,80.22650146,72549,72559,10
13.01294041,80.22676849,72559,72569,10
13.01204967,80.22708893,72569,72579,10
13.0110302,80.22749329,72579,72589,10
13.0101099,80.22783661,72589,72598,9
13.00957012,80.2278595,72598,72610,12
13.00961971,80.22727966,72610,72620,10
13.00994968,80.22653198,72620,72630,10
13.01031017,80.22579193,72630,72640,10
13.01053047,80.22531128,72640,72650,10
13.01066017,80.22498322,72650,72660,10
13.0108099,80.22457886,72660,72670,10
13.01089954,80.22427368,72670,72680,10
13.01095009,80.22406769,72680,72690,10
13.01107025,80.22367859,72690,72700,10
13.01119041,80.2232666,72700,72710,10
13.0108099,80.22296906,72710,72721,11
13.01019955,80.22267151,72721,72731,10
13.0095396,80.22232819,72731,72741,10
13.00905037,80.22206116,72741,72751,10
13.00846004,80.22174072,72751,72761,10
13.00774956,80.22133636,72761,72771,10
13.00710964,80.2210083,72771,72781,10
13.00632,80.22065735,72781,72791,10
13.00543022,80.22045898,72791,72801,10
13.0047102,80.2203064,72801,72809,8
13.0046196,80.22028351,72809,72820,11
13.00430012,80.2201767,72820,72833,13
13.00339031,80.2199707,72833,72843,10
13.00306034,80.21987915,72843,72853,10
13.00267029,80.21968079,72853,72863,10
13.00234032,80.21943665,72863,72873,10
13.00193977,80.21901703,72873,72883,10
13.00154972,80.21862793,72883,72893,10
13.00105953,80.21826935,72893,72903,10
13.00053024,80.2179184,72903,72913,10
12.99989986,80.2175293,72913,72924,11
12.99929047,80.21717834,72924,72934,10
12.99878979,80.21692657,72934,72944,10
12.99806976,80.2166214,72944,72954,10
12.99787998,80.21659851,72954,72964,10
12.99759007,80.21656799,72964,72974,10
12.99748993,80.21656036,72974,72984,10
12.99711037,80.21655273,72984,72994,10
12.99680996,80.21656799,72994,73004,10
12.99676037,80.21656799,73004,73014,10
12.99668026,80.21656799,73014,73024,10
12.99650955,80.21658325,73024,73034,10
12.99635983,80.21661377,73034,73045,11
12.99600029,80.21669006,73045,73065,20
12.99600029,80.21669006,73065,73075,10
12.99565983,80.21676636,73075,73085,10
12.99540997,80.21685028,73085,73105,20
12.99540997,80.21685028,73105,73114,9
12.99514961,80.21695709,73114,73127,13
12.99497986,80.21710205,73127,73137,10
12.99481964,80.21721649,73137,73147,10
12.99466038,80.21733093,73147,73157,10
12.99435997,80.21755219,73157,73165,8
12.99407959,80.21778107,73165,73177,12
12.99363041,80.21808624,73177,73187,10
12.99316978,80.21840668,73187,73197,10
12.99271965,80.21875,73197,73207,10
12.99201965,80.2192688,73207,73258,51
12.99201965,80.2192688,73258,73265,7
12.99193001,80.21930695,73265,73278,13
12.99190044,80.21933746,73278,73288,10
12.99176979,80.21949768,73288,73298,10
12.99153042,80.21962738,73298,73308,10
12.99125957,80.2195282,73308,73318,10
12.99090958,80.21941376,73318,73328,10
12.99069023,80.21932983,73328,73339,11
12.99003983,80.21910095,73339,73349,10
12.98941994,80.21888733,73349,73359,10
12.98869038,80.21864319,73359,73369,10
12.98797989,80.21846771,73369,73379,10
12.9874897,80.21839142,73379,73399,20
12.9874897,80.21839142,73399,73409,10
12.98723984,80.21835327,73409,73419,10
12.98665047,80.21820068,73419,73429,10
12.98600006,80.21803284,73429,73440,11
12.98519993,80.21795654,73440,73450,10
12.98447037,80.21797943,73450,73460,10
12.98406029,80.21800232,73460,73500,40
12.98406029,80.21800232,73500,73510,10
12.98381042,80.21800232,73510,73520,10
12.98361969,80.21800995,73520,73530,10
12.98342037,80.21800995,73530,73540,10
12.98322964,80.21801758,73540,73551,11
12.98311043,80.21800995,73551,73561,10
12.98293018,80.21800232,73561,73571,10
12.98276043,80.21800232,73571,73581,10
12.98254013,80.21797943,73581,73611,30
12.98254013,80.21797943,73611,73621,10
12.98204994,80.21794128,73621,73662,41
12.98204994,80.21794128,73662,73672,10
12.98167038,80.21800232,73672,73833,161
12.98167038,80.21800232,73833,73843,10
12.98136044,80.21808624,73843,73853,10
12.98134041,80.2181015,73853,73864,11
12.98124027,80.21813965,73864,73874,10
12.98106956,80.21820068,73874,73924,50
12.98071957,80.2183075,73924,73994,70
12.98071957,80.2183075,73994,74004,10
12.9803896,80.21845245,74004,74024,20
12.9803896,80.21845245,74024,74035,11
12.98007011,80.21858215,74035,74178,143
12.98007011,80.21858215,74178,74188,10
12.97974014,80.21871948,74188,74198,10
12.97959995,80.21878052,74198,74248,50
12.97959995,80.21878052,74248,74258,10
12.97924042,80.21894073,74258,74430,172
12.97924042,80.21894073,74430,74440,10
12.97906971,80.21897888,74440,74450,10
12.97885036,80.21909332,74450,74460,10
12.97856045,80.21926117,74460,74491,31
12.97856045,80.21926117,74491,74501,10
12.97824001,80.21939087,74501,74511,10
12.97823048,80.2193985,74511,74521,10
12.97797012,80.21952057,74521,74703,182
12.97754955,80.21967316,74703,74743,40
12.97754955,80.21967316,74743,74753,10
12.97721004,80.2197876,74753,74925,172
12.97721004,80.2197876,74925,74935,10
12.97688007,80.21993256,74935,74945,10
12.97669983,80.22003937,74945,75005,60
12.97669983,80.22003937,75005,75015,10
12.97634029,80.22016144,75015,75146,131
12.97634029,80.22016144,75146,75156,10
12.97595024,80.22029114,75156,75166,10
12.97579956,80.22035217,75166,75176,10
12.97566032,80.22042847,75176,75186,10
12.97542953,80.22067261,75186,75196,10
12.97519016,80.22073364,75196,75206,10
12.97490025,80.22058105,75206,75219,13
12.97437954,80.22035217,75219,75226,7
12.97408962,80.2202301,75226,75239,13
12.97350025,80.21997833,75239,75249,10
12.97338963,80.21994781,75249,75259,10
12.97317982,80.21985626,75259,75269,10
12.97270966,80.2196579,75269,75279,10
12.97212029,80.2194519,75279,75289,10
12.97144032,80.21922302,75289,75299,10
12.97107029,80.21916199,75299,75320,21
12.97107029,80.21916199,75320,75330,10
12.97084999,80.21903992,75330,75340,10
12.97054005,80.21884918,75340,75350,10
12.97008991,80.21867371,75350,75360,10
12.96951962,80.21846008,75360,75370,10
12.96879959,80.21816254,75370,75380,10
12.96807957,80.21788025,75380,75390,10
12.96743965,80.21762085,75390,75400,10
12.96671963,80.21733856,75400,75410,10
12.96607018,80.21708679,75410,75421,11
12.96533012,80.21678925,75421,75431,10
12.96453953,80.21647644,75431,75441,10
12.96391964,80.21621704,75441,75451,10
12.96341038,80.21598816,75451,75461,10
12.96296978,80.21578979,75461,75471,10
12.96286964,80.21575928,75471,75481,10
12.96253967,80.21562958,75481,75491,10
12.96197033,80.21540833,75491,75501,10
12.96127987,80.2151413,75501,75509,8
12.96063042,80.2148819,75509,75521,12
12.95967007,80.21450806,75521,75532,11
12.95888042,80.21417999,75532,75542,10
12.95804024,80.21383667,75542,75552,10
12.95726013,80.21350861,75552,75562,10
12.95637035,80.21315765,75562,75572,10
12.95543003,80.21282196,75572,75582,10
12.95454025,80.21244812,75582,75592,10
12.95382023,80.21217346,75592,75602,10
12.95372963,80.2121582,75602,75612,10
12.95351982,80.21205902,75612,75621,9
12.95316029,80.2118988,75621,75633,12
12.95234013,80.21160126,75633,75643,10
12.95158958,80.2113266,75643,75653,10
12.95086956,80.21109009,75653,75663,10
12.95007038,80.21077728,75663,75673,10
12.94923019,80.21045685,75673,75683,10
12.94863987,80.21027374,75683,75693,10
12.94851017,80.21025085,75693,75703,10
12.94818974,80.21012115,75703,75713,10
12.94754982,80.20983887,75713,75722,9
12.94680023,80.20953369,75722,75734,12
12.94573975,80.20908356,75734,75744,10
12.9449501,80.2086792,75744,75754,10
12.94433022,80.2084198,75754,75764,10
12.94421959,80.20835876,75764,75774,10
12.94388008,80.20822144,75774,75784,10
12.94332027,80.20796204,75784,75794,10
12.94281006,80.20745087,75794,75804,10
12.94237995,80.20693207,75804,75814,10
12.94178963,80.20645905,75814,75824,10
12.94130039,80.20614624,75824,75834,10
12.9410696,80.2060318,75834,75845,11
12.94089031,80.20593262,75845,75855,10
12.94038963,80.20575714,75855,75865,10
12.93976021,80.20556641,75865,75875,10
12.93902016,80.20535278,75875,75885,10
12.9383297,80.20513916,75885,75895,10
12.93760014,80.20493317,75895,75905,10
12.93684006,80.20471954,75905,75915,10
12.93610954,80.20451355,75915,75925,10
12.93564987,80.20436096,75925,75935,10
12.93494987,80.20404816,75935,75946,11
12.93408966,80.20394135,75946,75956,10
12.93365002,80.20391846,75956,75966,10
12.93330002,80.2038269,75966,75976,10
12.93272972,80.20359802,75976,75986,10
12.93206024,80.20336914,75986,75996,10
12.93126965,80.20311737,75996,76006,10
12.93068981,80.20294189,76006,76016,10
12.92963028,80.20279694,76016,76036,20
12.92963028,80.20279694,76036,76046,10
12.92938042,80.20275879,76046,76056,10
12.9287796,80.20265961,76056,76066,10
12.92850971,80.20224762,76066,76076,10
12.92848969,80.20157623,76076,76087,11
12.92844009,80.20057678,76087,76097,10
12.92835045,80.19979858,76097,76107,10
12.92827988,80.19960785,76107,76117,10
12.92807961,80.19911957,76117,76127,10
12.92766953,80.19838715,76127,76137,10
12.92687988,80.19777679,76137,76147,10
12.92617035,80.1975708,76147,76157,10
12.92607021,80.19754791,76157,76167,10
12.92564011,80.19753265,76167,76177,10
12.92533016,80.19750977,76177,76187,10
12.92469978,80.19750214,76187,76197,10
12.92391014,80.19748688,76197,76207,10
12.92329979,80.1974411,76207,76217,10
12.92249012,80.19734192,76217,76227,10
12.92212963,80.19730377,76227,76237,10
12.92203999,80.19728088,76237,76247,10
12.92160034,80.1971283,76247,76260,13
12.92099953,80.19689941,76260,76270,10
12.92057991,80.19676208,76270,76280,10
12.92004967,80.19657898,76280,76290,10
12.91952991,80.19638824,76290,76300,10
12.91938019,80.19629669,76300,76310,10
12.91923046,80.19618988,76310,76320,10
12.91907978,80.19606781,76320,76330,10
12.91886997,80.19592285,76330,76340,10
12.91835022,80.19544983,76340,76350,10
12.91765022,80.19481659,76350,76361,11
12.91724014,80.19436646,76361,76371,10
12.91703987,80.19400787,76371,76381,10
12.91699982,80.19345856,76381,76391,10
12.91705036,80.19299316,76391,76401,10
12.91707039,80.19254303,76401,76431,30
12.91707039,80.19254303,76431,76441,10
12.91707993,80.19252014,76441,76451,10
12.91713047,80.19235229,76451,76462,11
12.91718006,80.19212341,76462,76472,10
12.91722965,80.19187164,76472,76482,10
12.9172802,80.19155121,76482,76492,10
12.91732025,80.19125366,76492,76502,10
12.91734028,80.19093323,76502,76512,10
12.91734028,80.19042969,76512,76532,20
12.91734028,80.19042969,76532,76542,10
12.91746998,80.19048309,76542,76552,10
12.91742992,80.19077301,76552,76563,11
12.91740036,80.19117737,76563,76573,10
12.91734028,80.19174957,76573,76583,10
12.91724014,80.19236755,76583,76593,10
12.91714001,80.19302368,76593,76623,30
12.91714001,80.19302368,76623,76633,10
12.91709042,80.19335175,76633,76643,10
12.91711044,80.19378662,76643,76650,7
12.91716957,80.19409943,76650,76663,13
12.91746044,80.19454956,76663,76674,11
12.91794014,80.19493103,76674,76684,10
12.91839981,80.19537354,76684,76694,10
12.91884041,80.19577026,76694,76704,10
12.91934967,80.19618225,76704,76714,10
12.91993999,80.1964798,76714,76724,10
12.92053986,80.19669342,76724,76734,10
12.92117977,80.19689178,76734,76744,10
12.92185974,80.1971283,76744,76754,10
12.92253017,80.197258,76754,76764,10
12.92311001,80.19735718,76764,76775,11
12.92333984,80.1973877,76775,76785,10
12.92360973,80.19741821,76785,76795,10
12.92430019,80.19745636,76795,76805,10
12.92500019,80.19745636,76805,76815,10
12.9253397,80.1974411,76815,76825,10
12.9258604,80.19744873,76825,76835,10
12.92644978,80.1975174,76835,76845,10
12.92646027,80.1975174,76845,76855,10
12.92654037,80.19754791,76855,76865,10
12.92667961,80.19761658,76865,76874,9
12.92700005,80.19777679,76874,76886,12
12.92765999,80.19830322,76886,76896,10
12.92803955,80.19895172,76896,76906,10
12.92833996,80.19966125,76906,76916,10
12.92848015,80.20040131,76916,76926,10
12.9285202,80.20124054,76926,76936,10
12.92854977,80.20201111,76936,76946,10
12.92879963,80.20263672,76946,76956,10
12.92936993,80.20269012,76956,76966,10
12.92945004,80.20266724,76966,76976,10
12.92980003,80.20269775,76976,76987,11
12.93029976,80.20278168,76987,76997,10
12.93095016,80.20291138,76997,77007,10
12.93167019,80.20314789,77007,77017,10
12.93237019,80.20337677,77017,77027,10
12.93295956,80.20358276,77027,77037,10
12.93346977,80.20375824,77037,77047,10
12.93397045,80.20379639,77047,77057,10
12.93408966,80.20381165,77057,77067,10
12.93461037,80.20385742,77067,77077,10
12.9351902,80.20401764,77077,77088,11
12.93603039,80.20437622,77088,77098,10
12.93684006,80.20464325,77098,77107,9
12.93754959,80.20482635,77107,77118,11
12.93848038,80.20510101,77118,77128,10
12.93935013,80.20539093,77128,77138,10
12.93997002,80.20555878,77138,77148,10
12.94001961,80.20558167,77148,77157,9
12.9401598,80.20559692,77157,77168,11
12.94069004,80.20574951,77168,77178,10
12.94118977,80.20597839,77178,77190,12
12.94184971,80.20642853,77190,77200,10
12.94237995,80.20687103,77200,77208,8
12.94277,80.20732117,77208,77220,12
12.9433403,80.20799255,77220,77230,10
12.94394016,80.20822906,77230,77240,10
12.94447994,80.20841217,77240,77250,10
12.94515038,80.2086792,77250,77260,10
12.94591045,80.20889282,77260,77270,10
12.94676018,80.20922089,77270,77280,10
12.94768047,80.20954132,77280,77290,10
12.94834042,80.2097168,77290,77301,11
12.9487896,80.20990753,77301,77311,10
12.94890022,80.20993042,77311,77321,10
12.94929981,80.21012878,77321,77331,10
12.94999027,80.2104187,77331,77341,10
12.95077991,80.21077728,77341,77351,10
12.95154953,80.21115112,77351,77361,10
12.95238018,80.2115097,77361,77371,10
12.95312023,80.21182251,77371,77381,10
12.95361042,80.21199799,77381,77391,10
12.95366955,80.2120285,77391,77402,11
12.95417976,80.21224976,77402,77412,10
12.95491982,80.21253204,77412,77422,10
12.95569038,80.21283722,77422,77432,10
12.95637989,80.21311951,77432,77442,10
12.95716953,80.21343994,77442,77452,10
12.95812035,80.21382141,77452,77462,10
12.95899963,80.21417236,77462,77472,10
12.95979977,80.2144928,77472,77482,10
12.96070957,80.21485138,77482,77492,10
12.96173954,80.21526337,77492,77503,11
12.96278954,80.21566772,77503,77513,10
12.96335983,80.21587372,77513,77523,10
12.9636097,80.21598053,77523,77533,10
12.96407986,80.21618652,77533,77543,10
12.96469021,80.21646118,77543,77553,10
12.96547031,80.21678162,77553,77563,10
12.96625996,80.21710205,77563,77573,10
12.96695995,80.21736908,77573,77583,10
12.96751022,80.21759033,77583,77593,10
12.96798992,80.2177887,77593,77604,11
12.96868038,80.21801758,77604,77614,10
12.96951008,80.21833801,77614,77624,10
12.97043991,80.21871185,77624,77634,10
12.97109985,80.21894836,77634,77644,10
12.97136021,80.21903229,77644,77654,10
12.97183037,80.2192688,77654,77664,10
12.97231007,80.21945953,77664,77674,10
12.97276974,80.21965027,77674,77684,10
12.97317982,80.21977234,77684,77694,10
12.97369003,80.21997833,77694,77795,101
12.97395039,80.22013092,77795,77917,122
12.97395039,80.22013092,77917,77927,10
12.97434998,80.2203064,77927,77937,10
12.97469997,80.22045898,77937,77947,10
12.97500038,80.22058105,77947,77957,10
12.9751997,80.2206192,77957,77967,10
12.97542,80.22068024,77967,77977,10
12.97554016,80.22077942,77977,77988,11
12.97572994,80.22090149,77988,77998,10
12.97601986,80.22113037,77998,78028,30
12.97601986,80.22113037,78028,78038,10
12.97630024,80.22119904,78038,78048,10
12.97669983,80.22119904,78048,78058,10
12.97710991,80.22122192,78058,78068,10
12.97751999,80.22119904,78068,78078,10
12.97787952,80.22118378,78078,78088,10
12.97805023,80.22115326,78088,78098,10
12.9783802,80.22110748,78098,78108,10
12.97889996,80.22107697,78108,78118,10
12.97953033,80.22106171,78118,78131,13
12.98029995,80.2210083,78131,78141,10
12.98081017,80.22099304,78141,78151,10
12.98130989,80.22116089,78151,78161,10
12.98174953,80.22148132,78161,78171,10
12.98209953,80.22170258,78171,78181,10
12.98250961,80.22183228,78181,78191,10
12.98278999,80.2219162,78191,78201,10
12.9828701,80.2219696,78201,78211,10
12.9832201,80.22216797,78211,78221,10
12.98346043,80.22234344,78221,78232,11
12.98361015,80.22245789,78232,78242,10
12.98390961,80.2226181,78242,78252,10
12.98421955,80.22280884,78252,78262,10
12.98472023,80.22312927,78262,78272,10
12.98534966,80.22329712,78272,78282,10
12.98573971,80.22299194,78282,78292,10
12.98628998,80.22296906,78292,78302,10
12.98651981,80.22296143,78302,78312,10
12.98659992,80.2229538,78312,78322,10
12.98670006,80.2229538,78322,78333,11
12.98709965,80.22303009,78333,78343,10
12.98725986,80.22306061,78343,78353,10
12.98768044,80.22303772,78353,78363,10
12.98824024,80.22264862,78363,78373,10
12.98873043,80.22219849,78373,78383,10
12.98915958,80.22168732,78383,78393,10
12.98960972,80.22109222,78393,78403,10
12.99013996,80.22054291,78403,78413,10
12.99073029,80.22009277,78413,78423,10
12.99120045,80.21971893,78423,78433,10
12.99160004,80.21942139,78433,78444,11
12.99234009,80.21890259,78444,78454,10
12.99298954,80.21840668,78454,78464,10
12.99343967,80.21807861,78464,78474,10
12.99365997,80.21794891,78474,78484,10
12.99386024,80.21781921,78484,78494,10
12.99407959,80.21765137,78494,78504,10
12.99425983,80.21752167,78504,78514,10
12.99446011,80.21736908,78514,78524,10
12.99472046,80.2171936,78524,78534,10
12.99501991,80.21697998,78534,78545,11
12.9952898,80.21681976,78545,78555,10
12.99545956,80.21672821,78555,78575,20
12.99571037,80.21665955,78575,78605,30
12.99608994,80.21658325,78605,78625,20
12.99608994,80.21658325,78625,78634,9
12.99639988,80.21650696,78634,78646,12
12.9966898,80.21647644,78646,78656,10
12.99687958,80.21646881,78656,78666,10
12.99757957,80.21646118,78666,78686,20
12.99757957,80.21646118,78686,78696,10
12.99798965,80.21655273,78696,78706,10
12.99868011,80.21681213,78706,78716,10
12.99944019,80.21721649,78716,78726,10
13.00014973,80.21764374,78726,78736,10
13.00080013,80.2180481,78736,78746,10
13.00139999,80.21843719,78746,78757,11
13.00201988,80.21904755,78757,78767,10
13.00265026,80.21961975,78767,78777,10
13.0033102,80.21988678,78777,78787,10
13.00389004,80.22003174,78787,78797,10
13.00438976,80.22013855,78797,78807,10
13.00465012,80.22020721,78807,78817,10
13.00527954,80.22036743,78817,78827,10
13.00611973,80.22054291,78827,78837,10
13.00701046,80.22086334,78837,78847,10
13.00790977,80.22133636,78847,78858,11
13.00895977,80.22190094,78858,78868,10
13.00988007,80.22238922,78868,78878,10
13.01072025,80.22284698,78878,78888,10
13.01119995,80.22305298,78888,78898,10
13.01124954,80.22305298,78898,78908,10
13.01132965,80.22306061,78908,78918,10
13.01154041,80.22324371,78918,78928,10
13.01194954,80.22350311,78928,78938,10
13.01257038,80.22383881,78938,78948,10
13.01325989,80.22422028,78948,78958,10
13.01401043,80.22457886,78958,78968,10
13.0145998,80.22492218,78968,78978,10
13.01471996,80.22498322,78978,78988,10
13.01502991,80.22515106,78988,79019,31
13.01502991,80.22515106,79019,79029,10
13.01531029,80.22531128,79029,79039,10
13.01566029,80.22531891,79039,79049,10
13.01638031,80.22531128,79049,79059,10
13.01733971,80.22498322,79059,79069,10
13.01836967,80.2245636,79069,79079,10
13.01930046,80.22434998,79079,79089,10
13.0197401,80.22451019,79089,79099,10
13.01974964,80.22451782,79099,79109,10
13.01980019,80.22458649,79109,79119,10
13.02011967,80.22483063,79119,79129,10
13.02052021,80.22512817,79129,79139,10
13.02108002,80.22554016,79139,79149,10
13.02173996,80.2260437,79149,79162,13
13.02262974,80.22679901,79162,79172,10
13.02330017,80.22740936,79172,79182,10
13.02373028,80.22776794,79182,79192,10
13.02375984,80.22779846,79192,79202,10
13.02396011,80.22795105,79202,79323,121
13.02396011,80.22795105,79323,79333,10
13.02418041,80.22823334,79333,79343,10
13.02437973,80.22846222,79343,79384,41
13.02437973,80.22846222,79384,79394,10
13.02423954,80.22856903,79394,79404,10
13.02404976,80.22830963,79404,79414,10
13.02371979,80.22795105,79414,79424,10
13.02328014,80.22753143,79424,79434,10
13.02280998,80.22711182,79434,79444,10
13.02223969,80.22660065,79444,79454,10
13.02157974,80.22605896,79454,79464,10
13.02095985,80.22557831,79464,79475,11
13.02029037,80.22512054,79475,79485,10
13.01982975,80.22479248,79485,79505,20
13.01982975,80.22479248,79505,79515,10
13.01968002,80.22467804,79515,79525,10
13.01930046,80.22454071,79525,79535,10
13.01875973,80.22454071,79535,79545,10
13.01817036,80.2247467,79545,79555,10
13.01764011,80.22496033,79555,79565,10
13.01714993,80.22515106,79565,79575,10
13.01669025,80.22532654,79575,79586,11
13.01632023,80.22548676,79586,79596,10
13.01583958,80.22563934,79596,79606,10
13.01543045,80.22577667,79606,79616,10
13.01511002,80.22590637,79616,79626,10
13.01490021,80.22593689,79626,79636,10
13.01473999,80.22598267,79636,80465,829
13.01473999,80.22598267,80465,80475,10
13.01436043,80.22612762,80475,80485,10
13.01418972,80.22611237,80485,80495,10
13.01418972,80.22573853,80495,80889,394
13.01418972,80.22573853,80889,80899,10
13.01418972,80.22545624,80899,80909,10
13.01451015,80.22512817,80909,85740,4831
13.01451015,80.22512817,85740,85750,10
13.0145998,80.22553253,85750,85760,10
