13.0761404,80.27545929,13,4205,4192
13.07614994,80.275383,4205,11136,6931
13.07625961,80.27552032,11136,19593,8457
13.07618046,80.27545166,19593,21751,2158
13.07604027,80.27571869,21751,22629,878
13.07594013,80.27610016,22629,22679,50
13.07594013,80.27610016,22679,22689,10
13.07633018,80.27628326,22689,22699,10
13.07684994,80.27625275,22699,22710,11
13.07748032,80.27619171,22710,22720,10
13.07800961,80.27612305,22720,22730,10
13.07824039,80.27557373,22730,22740,10
13.07882023,80.2751236,22740,22750,10
13.07956982,80.27526093,22750,22760,10
13.08051968,80.27523041,22760,22770,10
13.08127975,80.27514648,22770,22780,10
13.08160973,80.27514648,22780,22790,10
13.08187962,80.27523804,22790,22801,11
13.08211994,80.27548218,22801,22881,80
13.08213043,80.27587891,22881,22912,31
13.08213043,80.27587891,22912,22922,10
13.08181,80.27622986,22922,22932,10
13.08180046,80.27661133,22932,22942,10
13.08191967,80.2775116,22942,22952,10
13.08211994,80.27822876,22952,22962,10
13.08216,80.27832794,22962,22972,10
13.08195972,80.27816772,22972,22982,10
13.08185959,80.27748871,22982,22992,10
13.08176041,80.2767868,22992,23003,11
13.08174992,80.2766037,23003,23013,10
13.08160019,80.27570343,23013,23033,20
13.08160019,80.27570343,23033,23043,10
13.08156013,80.2754364,23043,23053,10
13.08148003,80.2752533,23053,23063,10
13.08133984,80.27516174,23063,23073,10
13.08100033,80.27523804,23073,23083,10
13.08080959,80.27528381,23083,23093,10
13.08049011,80.27532196,23093,23103,10
13.08003998,80.27535248,23103,23114,11
13.07925034,80.2752533,23114,23124,10
13.07841969,80.27536774,23124,23134,10
13.07798004,80.27619934,23134,23144,10
13.07695961,80.27626801,23144,23154,10
13.07596016,80.27635193,23154,23164,10
13.07513046,80.27635956,23164,23174,10
13.07427979,80.27645111,23174,23184,10
13.07345963,80.27628326,23184,23194,10
13.07279015,80.27554321,23194,23204,10
13.07205009,80.27478027,23204,23215,11
13.07116032,80.27427673,23215,23225,10
13.0705204,80.27371979,23225,23235,10
13.06999016,80.27301788,23235,23245,10
13.06927967,80.27226257,23245,23255,10
13.06851006,80.27191925,23255,23275,20
13.06851006,80.27191925,23275,23285,10
13.06840992,80.27184296,23285,23295,10
13.0679903,80.27130127,23295,23305,10
13.06719017,80.27037811,23305,23317,12
13.06645966,80.26927948,23317,23327,10
13.06624985,80.26830292,23327,23337,10
13.06560993,80.26767731,23337,23347,10
13.06507969,80.26757813,23347,23357,10
13.06464005,80.26750183,23357,23367,10
13.06383038,80.26737213,23367,23377,10
13.06291008,80.26719666,23377,23387,10
13.06221962,80.26650238,23387,23397,10
13.06163979,80.26573181,23397,23407,10
13.06109047,80.26515961,23407,23418,11
13.06060982,80.26534271,23418,23428,10
13.06023979,80.26551056,23428,23438,10
13.05945015,80.26551819,23438,23448,10
13.05846977,80.26535034,23448,23458,10
13.05803967,80.26483917,23458,23468,10
13.05786037,80.2635498,23468,23478,10
13.05776024,80.26251984,23478,23488,10
13.05757999,80.26157379,23488,23498,10
13.05743027,80.26074219,23498,23508,10
13.05708981,80.25965881,23508,23519,11
13.05673981,80.25852966,23519,23529,10
13.05657959,80.25778198,23529,23539,10
13.05644035,80.25723267,23539,23549,10
13.05640984,80.25697327,23549,23559,10
13.05622959,80.25637817,23559,23569,10
13.05568027,80.25556183,23569,23579,10
13.05504036,80.25467682,23579,23589,10
13.05438042,80.25382996,23589,23599,10
13.05370045,80.25292206,23599,23609,10
13.05305958,80.2519989,23609,23619,10
13.05239964,80.25112152,23619,23630,11
13.05150986,80.2502594,23630,23640,10
13.05018044,80.24987793,23640,23650,10
13.04883957,80.24973297,23650,23660,10
13.04778004,80.24913788,23660,23670,10
13.04699039,80.24864197,23670,23680,10
13.0467701,80.24858856,23680,23690,10
13.0460701,80.24848175,23690,23700,10
13.04500008,80.24810028,23700,23710,10
13.04382038,80.24790192,23710,23720,10
13.0427599,80.24777985,23720,23731,11
13.04158974,80.2474823,23731,23741,10
13.04041958,80.24726105,23741,23751,10
13.03932953,80.24703979,23751,23761,10
13.03851032,80.24684143,23761,23771,10
13.03794956,80.24674988,23771,23781,10
13.03724957,80.24662018,23781,23791,10
13.03652,80.24651337,23791,23801,10
13.03600025,80.24639893,23801,23811,10
13.03536987,80.24613953,23811,23821,10
13.03520012,80.24607849,23821,23832,11
13.03509998,80.24601746,23832,23842,10
13.03466034,80.24555969,23842,23852,10
13.03394985,80.24466705,23852,23862,10
13.03306961,80.24352264,23862,23872,10
13.0323,80.24240112,23872,23882,10
13.03184986,80.24165344,23882,23891,9
13.03151035,80.24088287,23891,23901,10
13.0311203,80.2399826,23901,23912,11
13.03063011,80.23901367,23912,23922,10
13.02997971,80.23787689,23922,23933,11
13.02900028,80.23658752,23933,23943,10
13.0281601,80.23564148,23943,23953,10
13.02752018,80.23462677,23953,23963,10
13.02694035,80.23361969,23963,23973,10
13.02663994,80.23316193,23973,23983,10
13.02630043,80.23252869,23983,23993,10
13.02598953,80.23142242,23993,24003,10
13.02550983,80.23014069,24003,24012,9
13.02482033,80.22924805,24012,24023,11
13.02418041,80.2283783,24023,24034,11
13.02355957,80.22769165,24034,24044,10
13.02346992,80.2276001,24044,24054,10
13.02336979,80.22753906,24054,24074,20
13.02336979,80.22753906,24074,24084,10
13.02330017,80.22744751,24084,24094,10
13.02283955,80.22704315,24094,24104,10
13.02208042,80.22634888,24104,24114,10
13.02105999,80.22554779,24114,24125,11
13.01994991,80.224823,24125,24135,10
13.01893997,80.22447968,24135,24145,10
13.01774025,80.22492218,24145,24155,10
13.01653004,80.22541809,24155,24165,10
13.01560974,80.22573853,24165,24174,9
13.01486015,80.22606659,24174,24185,11
13.0145998,80.22618103,24185,24195,10
13.01449966,80.22622681,24195,24205,10
13.0139904,80.22641754,24205,24215,10
13.01299953,80.22679138,24215,24225,10
13.01167965,80.22727203,24225,24236,11
13.01029968,80.22786713,24236,24246,10
13.00934029,80.22837067,24246,24256,10
13.00905037,80.22943115,24256,24266,10
13.00883007,80.23065948,24266,24276,10
13.00862026,80.23162079,24276,24286,10
13.00841999,80.23271179,24286,24296,10
13.00833035,80.2333374,24296,24306,10
13.00831032,80.23345184,24306,24316,10
13.00815964,80.23394775,24316,24326,10
13.00798035,80.23490906,24326,24337,11
13.00771046,80.23612213,24337,24347,10
13.00743961,80.23735809,24347,24357,10
13.00718021,80.23860931,24357,24367,10
13.00695992,80.23980713,24367,24377,10
13.00673962,80.24098969,24377,24387,10
13.00667953,80.2419281,24387,24397,10
13.00669956,80.24269104,24397,24407,10
13.00669956,80.24337769,24407,24417,10
13.00662994,80.24455261,24417,24427,10
13.00671959,80.24552917,24427,24438,11
13.00675011,80.24653625,24438,24447,9
13.00671005,80.24719238,24447,24458,11
13.00636005,80.24739838,24458,24468,10
13.0061903,80.24741364,24468,24478,10
13.00557995,80.24736786,24478,24488,10
13.00450039,80.24742126,24488,24498,10
13.0032196,80.24761963,24498,24508,10
13.00209045,80.24784851,24508,24518,10
13.00088024,80.24816132,24518,24529,11
12.99927998,80.24855804,24529,24538,9
12.99779987,80.24893188,24538,24549,11
12.99582958,80.24942017,24549,24559,10
12.99398994,80.24992371,24559,24569,10
12.99232006,80.25032806,24569,24579,10
12.99123001,80.25064087,24579,24589,10
12.99106026,80.25067139,24589,24599,10
12.99034977,80.25080872,24599,24609,10
12.98921967,80.251091,24609,24619,10
12.98824024,80.25140381,24619,24670,51
12.98824024,80.25140381,24670,24680,10
12.98777008,80.25150299,24680,24690,10
12.98709965,80.25163269,24690,24700,10
12.98668003,80.25176239,24700,24710,10
12.98602962,80.25187683,24710,24720,10
12.9848299,80.25221252,24720,24730,10
12.98342037,80.25257111,24730,24740,10
12.9819603,80.25267792,24740,24751,11
12.98066998,80.25273132,24751,24761,10
12.97988033,80.25274658,24761,24771,10
12.97929955,80.25269318,24771,24781,10
12.9789896,80.25266266,24781,24791,10
12.97898006,80.25266266,24791,24801,10
12.97885036,80.25260162,24801,24811,10
12.97840023,80.252388,24811,24821,10
12.97758007,80.25170135,24821,24831,10
12.97628021,80.25112915,24831,24842,11
12.97461033,80.25066376,24842,24852,10
12.9732399,80.2502594,24852,24862,10
12.97200966,80.24992371,24862,24872,10
12.97054958,80.24951935,24872,24882,10
12.96893024,80.24890137,24882,24892,10
12.9673996,80.24829865,24892,24902,10
12.96619987,80.24775696,24902,24912,10
12.96529961,80.24739838,24912,24928,16
12.96477985,80.24720764,24928,24940,12
12.96387005,80.24684906,24940,24951,11
12.96296024,80.24645233,24951,24961,10
12.96183014,80.24590302,24961,24971,10
12.96051979,80.24526215,24971,24981,10
12.9595499,80.24485779,24981,24991,10
12.95940971,80.24478912,24991,25001,10
12.95870018,80.24443817,25001,25011,10
12.95785046,80.24410248,25011,25021,10
12.95703983,80.24376678,25021,25031,10
12.95652962,80.2435379,25031,25052,21
12.95652962,80.2435379,25052,25062,10
12.95639038,80.24349976,25062,25072,10
12.95569992,80.24323273,25072,25082,10
12.95454979,80.24276733,25082,25092,10
12.95330048,80.24224854,25092,25102,10
12.95219994,80.24182892,25102,25112,10
12.95186043,80.24172974,25112,25122,10
12.95156002,80.24160767,25122,25132,10
12.95042038,80.24124146,25132,25142,10
12.94921017,80.24088287,25142,25153,11
12.94834042,80.24051666,25153,25163,10
12.94744015,80.24015045,25163,25173,10
12.94717979,80.24002838,25173,25183,10
12.94670963,80.23979187,25183,25193,10
12.94571972,80.23937225,25193,25203,10
12.94460964,80.23847961,25203,25213,10
12.94347,80.23725128,25213,25223,10
12.94196033,80.23634338,25223,25233,10
12.94048023,80.23597717,25233,25243,10
12.93984032,80.2358017,25243,25254,11
12.93953991,80.23562622,25254,25264,10
12.93865013,80.23518372,25264,25274,10
12.93739986,80.23455811,25274,25284,10
12.93618965,80.23397064,25284,25294,10
12.93548965,80.23365021,25294,25304,10
12.93465996,80.23329163,25304,25314,10
12.93385983,80.2329483,25314,25324,10
12.93375969,80.23291016,25324,25334,10
12.93317986,80.23264313,25334,25344,10
12.93208027,80.23223114,25344,25354,10
12.93068981,80.23175812,25354,25365,11
12.92889977,80.23132324,25365,25375,10
12.9270401,80.23104858,25375,25385,10
12.92512989,80.23082733,25385,25394,9
12.92346001,80.23062897,25394,25405,11
12.92166042,80.23036957,25405,25415,10
12.91963959,80.23008728,25415,25425,10
12.91779995,80.2298584,25425,25435,10
12.91627026,80.22963715,25435,25445,10
12.91479969,80.22943878,25445,25456,11
12.91339016,80.22930145,25456,25466,10
12.91226959,80.22911072,25466,25476,10
12.91086006,80.22889709,25476,25486,10
12.90917969,80.22865295,25486,25496,10
12.90764046,80.22840118,25496,25506,10
12.90659046,80.22827911,25506,25516,10
12.90627003,80.22827911,25516,25526,10
12.90606022,80.22824097,25526,25536,10
12.90522003,80.22818756,25536,25546,10
12.90400028,80.2281189,25546,25556,10
12.9025898,80.22805786,25556,25567,11
12.90151978,80.22802734,25567,25577,10
12.90143967,80.22802734,25577,25587,10
12.90126991,80.22801971,25587,25597,10
12.90071011,80.22798157,25597,25607,10
12.90017033,80.22795868,25607,25617,10
12.9000597,80.22795868,25617,25627,10
12.89976025,80.22792816,25627,25647,20
12.89976025,80.22792816,25647,25657,10
12.89939976,80.22789764,25657,25668,11
12.89855957,80.22782898,25668,25678,10
12.89731979,80.22776031,25678,25688,10
12.8957901,80.22769165,25688,25698,10
12.89404011,80.2276001,25698,25708,10
12.89239979,80.22740936,25708,25718,10
12.89087963,80.22737122,25718,25728,10
12.88945007,80.22736359,25728,25738,10
12.8882103,80.2273407,25738,25748,10
12.8870697,80.22720337,25748,25764,16
12.88543034,80.22682953,25764,25777,13
12.88498974,80.22676086,25777,25786,9
12.88496017,80.22676086,25786,25797,11
12.88457966,80.22673035,25797,25807,10
12.88395023,80.22672272,25807,25817,10
12.88278961,80.22673035,25817,25827,10
12.88152027,80.22673035,25827,25837,10
12.87977028,80.22676086,25837,25847,10
12.87804985,80.22686005,25847,25857,10
12.87674999,80.22696686,25857,25868,11
12.87644005,80.22699738,25868,25878,10
12.87588024,80.22698975,25878,25888,10
12.87479973,80.22688293,25888,25898,10
12.87337971,80.22673798,25898,25908,10
12.87203979,80.22669983,25908,25918,10
12.87049961,80.22662354,25918,25928,10
12.86884975,80.22641754,25928,25938,10
12.86721039,80.22647095,25938,25948,10
12.86553955,80.22660828,25948,25958,10
12.86369038,80.22654724,25958,25969,11
12.86180973,80.22660065,25969,25979,10
12.86102962,80.22662354,25979,25989,10
12.86079979,80.22659302,25989,25999,10
12.8599596,80.22647095,25999,26009,10
12.85883999,80.22631073,26009,26019,10
12.85779953,80.22625732,26019,26029,10
12.85641956,80.22637177,26029,26039,10
12.85480022,80.22653198,26039,26055,16
12.85177994,80.22664642,26055,26067,12
12.8494997,80.22657776,26067,26078,11
12.84755039,80.22660828,26078,26087,9
12.84619999,80.22662354,26087,26098,11
12.84539986,80.22663879,26098,26108,10
12.84533024,80.22663116,26108,26118,10
12.84484959,80.22664642,26118,26128,10
12.84377956,80.22673035,26128,26138,10
12.84241962,80.22698212,26138,26148,10
12.84078979,80.22737885,26148,26158,10
12.84004021,80.22766876,26158,26168,10
12.83969021,80.22779846,26168,26179,11
12.83946991,80.22788239,26179,26189,10
12.83860016,80.2280426,26189,26199,10
12.83732033,80.22830963,26199,26209,10
12.83576012,80.22853088,26209,26219,10
12.83409977,80.22879791,26219,26229,10
12.83259964,80.22907257,26229,26239,10
12.83148956,80.22930145,26239,26249,10
12.83026981,80.22972107,26249,26259,10
12.82886982,80.23027802,26259,26270,11
12.8273201,80.23114014,26270,26280,10
12.82604027,80.23137665,26280,26290,10
12.82458019,80.23135376,26290,26300,10
12.82306957,80.23094177,26300,26310,10
12.82155037,80.2305069,26310,26320,10
12.82015038,80.23047638,26320,26330,10
12.81873035,80.23040771,26330,26340,10
12.81735992,80.22978973,26340,26350,10
12.81577015,80.22940063,26350,26360,10
12.81406975,80.22913361,26360,26370,10
12.81239986,80.22856903,26370,26381,11
12.81056023,80.22789001,26381,26391,10
12.80910015,80.22718811,26391,26401,10
12.80792046,80.22622681,26401,26411,10
12.80702019,80.22547913,26411,26421,10
12.80646992,80.22496796,26421,26431,10
12.80593014,80.22447968,26431,26441,10
12.80548,80.22418213,26441,26451,10
12.80543041,80.22415924,26451,26461,10
12.80529022,80.22409058,26461,26471,10
12.80502987,80.22400665,26471,26482,11
12.80440044,80.22393036,26482,26498,16
12.80325985,80.22384644,26498,26510,12
12.8020401,80.22367859,26510,26520,10
12.80117035,80.22361755,26520,26530,10
12.80084991,80.22358704,26530,26540,10
12.80016041,80.22350311,26540,26550,10
12.79895973,80.22338867,26550,26560,10
12.7974596,80.22322083,26560,26570,10
12.79603004,80.22296143,26570,26580,10
12.79467964,80.22273254,26580,26591,11
12.79312038,80.2224884,26591,26601,10
12.79178047,80.22222137,26601,26611,10
12.79045963,80.2219162,26611,26621,10
12.78966045,80.22167969,26621,26640,19
12.78855038,80.22126007,26640,26652,12
12.78783989,80.22097778,26652,26662,10
12.78732967,80.22077942,26662,26672,10
12.78678989,80.22057343,26672,26682,10
12.78666019,80.22052765,26682,26691,9
12.78660965,80.22052002,26691,26703,12
12.7863903,80.22042084,26703,26713,10
12.78623962,80.22036743,26713,26723,10
12.78594017,80.22023773,26723,26733,10
12.78534031,80.21997833,26733,26743,10
12.78466034,80.21964264,26743,26763,20
12.78466034,80.21964264,26763,26773,10
12.78450966,80.2195816,26773,26782,9
12.78417015,80.21936798,26782,26794,12
12.78318024,80.21878815,26794,26804,10
12.78205967,80.21816254,26804,26814,10
12.78081036,80.21750641,26814,26824,10
12.77958012,80.21681976,26824,26834,10
12.77826023,80.21614838,26834,26844,10
12.77684021,80.2155304,26844,26854,10
12.77538967,80.21494293,26854,26864,10
12.77396011,80.2143631,26864,26874,10
12.77248001,80.21376801,26874,26884,10
12.77097988,80.21324921,26884,26894,10
12.76961994,80.21276093,26894,26905,11
12.76811981,80.21221161,26905,26915,10
12.76671028,80.21170044,26915,26925,10
12.76527023,80.21116638,26925,26935,10
12.76381969,80.21063232,26935,26945,10
12.76239967,80.21008301,26945,26955,10
12.76097965,80.20944977,26955,26965,10
12.75961018,80.2087326,26965,26975,10
12.75825024,80.20799255,26975,26985,10
12.75691986,80.2072525,26985,26996,11
12.75545025,80.20642853,26996,27006,10
12.75409985,80.20568085,27006,27016,10
12.75277042,80.20497131,27016,27026,10
12.75162029,80.20439911,27026,27036,10
12.75105,80.20410919,27036,27046,10
12.75080013,80.20397186,27046,27056,10
12.75014019,80.20362091,27056,27066,10
12.74919033,80.20311737,27066,27076,10
12.74792957,80.20246124,27076,27086,10
12.74652004,80.20173645,27086,27097,11
12.7449398,80.20089722,27097,27107,10
12.74378014,80.19976044,27107,27117,10
12.74287987,80.19876099,27117,27127,10
12.7427702,80.19864655,27127,27137,10
12.74244022,80.19825745,27137,27147,10
12.74184036,80.19750214,27147,27157,10
12.74116039,80.19651031,27157,27167,10
12.74034023,80.19535828,27167,27177,10
12.73937988,80.19403839,27177,27193,16
12.73775959,80.19204712,27193,27206,13
12.73649979,80.19080353,27206,27216,10
12.7358799,80.19019318,27216,27224,8
12.73507023,80.18968201,27224,27235,11
12.73400021,80.18950653,27235,27245,10
12.73314953,80.18943787,27245,27255,10
12.73225021,80.18927002,27255,27266,11
12.7311697,80.1891098,27266,27276,10
12.73048019,80.18904877,27276,27286,10
12.73011971,80.18900299,27286,27296,10
12.73001003,80.18898773,27296,27306,10
12.72964954,80.18895721,27306,27317,11
12.72900963,80.18891907,27317,27327,10
12.72807026,80.18868256,27327,27337,10
12.72710037,80.18843079,27337,27347,10
12.72624016,80.18820953,27347,27357,10
12.72541046,80.18808746,27357,27367,10
12.72488022,80.18800354,27367,27377,10
12.72478962,80.18798065,27377,27387,10
12.72439003,80.1878891,27387,27398,11
12.72369957,80.18769836,27398,27408,10
12.72294044,80.1875,27408,27418,10
12.72229958,80.18753815,27418,27458,40
12.72229958,80.18753815,27458,27468,10
12.72208977,80.18768311,27468,28256,788
12.72208977,80.18768311,28256,28266,10
12.72220993,80.18769836,28266,28579,313
12.72216034,80.18769836,28579,29216,637
12.72224045,80.18779755,29216,29367,151
12.72224045,80.18779755,29367,29377,10
12.72226048,80.18752289,29377,29418,41
12.72226048,80.18752289,29418,29428,10
12.72255039,80.18734741,29428,29438,10
12.72284031,80.18743896,29438,29448,10
12.72332954,80.18757629,29448,29458,10
12.7238903,80.18772888,29458,29468,10
12.72451973,80.18788147,29468,29478,10
12.72465992,80.18791199,29478,29488,10
12.72490025,80.18795776,29488,29498,10
12.72502995,80.18798828,29498,29508,10
12.72531033,80.18804932,29508,29519,11
12.72574997,80.18811798,29519,29529,10
12.72634029,80.18821716,29529,29539,10
12.72704029,80.18836212,29539,29555,16
12.72828007,80.18871307,29555,29567,12
12.72924042,80.18894196,29567,29575,8
12.7296896,80.18894196,29575,29587,12
12.72972012,80.18894196,29587,29597,10
12.72984028,80.18895721,29597,29607,10
12.73007011,80.18898773,29607,29617,10
12.73036003,80.18903351,29617,29627,10
12.73069954,80.18907928,29627,29638,11
12.73132992,80.18911743,29638,29647,9
12.73196983,80.18920898,29647,29658,11
12.73278046,80.18936157,29658,29668,10
12.73371983,80.18946075,29668,29678,10
12.73468971,80.18952179,29678,29688,10
12.73561954,80.18984222,29688,29698,10
12.73631954,80.19048309,29698,29709,11
12.73709965,80.19126892,29709,29719,10
12.73785019,80.1920166,29719,29729,10
12.7386198,80.19284058,29729,29739,10
12.73929024,80.19374847,29739,29749,10
12.73993015,80.19461823,29749,29759,10
12.74055004,80.19545746,29759,29769,10
12.74120045,80.19634247,29769,29779,10
12.74180031,80.19721222,29779,29789,10
12.74246025,80.19805908,29789,29799,10
12.74316025,80.19891357,29799,29809,10
12.74388027,80.19973755,29809,29820,11
12.74475002,80.20066071,29820,29830,10
12.7457304,80.20127106,29830,29840,10
12.74674034,80.20178986,29840,29850,10
12.74775982,80.20230865,29850,29860,10
12.74874973,80.20281219,29860,29870,10
12.74971962,80.20330811,29870,29880,10
12.75069046,80.20379639,29880,29890,10
12.75144958,80.20419312,29890,29899,9
12.75152016,80.20422363,29899,29910,11
12.75175953,80.20435333,29910,29921,11
12.7523098,80.20464325,29921,29931,10
12.75298977,80.20498657,29931,29941,10
12.75378036,80.20540619,29941,29951,10
12.75475025,80.20594025,29951,29961,10
12.75590038,80.20658112,29961,29971,10
12.75718021,80.20729065,29971,29981,10
12.75858974,80.20806885,29981,29991,10
12.75979042,80.20874023,29991,30001,10
12.76027966,80.20896912,30001,30011,10
12.7605896,80.20915222,30011,30022,11
12.7614603,80.20957947,30022,30032,10
12.76264,80.21009827,30032,30042,10
12.76397991,80.21063995,30042,30052,10
12.76554012,80.21121216,30052,30062,10
12.76721954,80.21182251,30062,30072,10
12.76891994,80.21243286,30072,30082,10
12.77035046,80.21292877,30082,30092,10
12.77110958,80.21320343,30092,30102,10
12.77138996,80.21330261,30102,30112,10
12.77210999,80.21356201,30112,30123,11
12.77330017,80.21401978,30123,30133,10
12.77460003,80.21453857,30133,30143,10
12.7760601,80.2151413,30143,30153,10
12.77758026,80.21576691,30153,30163,10
12.77914047,80.21650696,30163,30173,10
12.7806797,80.21730804,30173,30183,10
12.78213978,80.21811676,30183,30193,10
12.78361988,80.21894073,30193,30203,10
12.78483963,80.21964264,30203,30213,10
12.78579044,80.22013855,30213,30223,10
12.78633976,80.22036743,30223,30234,11
12.78668022,80.22049713,30234,30254,20
12.78668022,80.22049713,30254,30264,10
12.78687954,80.22062683,30264,30274,10
12.78748035,80.22084045,30274,30284,10
12.78831959,80.22115326,30284,30294,10
12.78919983,80.22148132,30294,30304,10
12.78995037,80.22173309,30304,30314,10
12.79080963,80.22193909,30314,30325,11
12.79211044,80.22225952,30325,30335,10
12.79343033,80.22250366,30335,30345,10
12.79459,80.22267151,30345,30355,10
12.79547977,80.22281647,30355,30365,10
12.79611015,80.22290039,30365,30375,10
12.79636002,80.22293854,30375,30385,10
12.79644966,80.22296143,30385,30395,10
12.79706001,80.22309113,30395,30405,10
12.79804993,80.22324371,30405,30415,10
12.79932976,80.22337341,30415,30426,11
12.80072975,80.22350311,30426,30436,10
12.80136013,80.22357941,30436,30446,10
12.80160046,80.22357941,30446,30456,10
12.80173969,80.22357941,30456,30466,10
12.8021698,80.22364807,30466,30476,10
12.80344009,80.22382355,30476,30486,10
12.80344009,80.22382355,30486,30496,10
12.80420971,80.22386169,30496,30506,10
12.80494022,80.22393799,30506,30516,10
12.80548954,80.22406769,30516,30526,10
12.8056097,80.22411346,30526,30537,11
12.80597973,80.22442627,30537,30547,10
12.80671024,80.22505951,30547,30558,11
12.80766964,80.22588348,30558,30570,12
12.80867004,80.22669983,30570,30580,10
12.80947971,80.22733307,30580,30590,10
12.8104496,80.22775269,30590,30600,10
12.81169987,80.22827148,30600,30610,10
12.8132,80.2288208,30610,30620,10
12.81484032,80.22924805,30620,30631,11
12.81678963,80.22953796,30631,30641,10
12.81826973,80.2301178,30641,30651,10
12.81925964,80.23046875,30651,30661,10
12.81980038,80.23045349,30661,30671,10
12.81995964,80.23045349,30671,30681,10
12.82069969,80.23043823,30681,30691,10
12.82188034,80.23052979,30691,30701,10
12.82328033,80.2309494,30701,30711,10
12.82483959,80.23132324,30711,30721,10
12.82633972,80.2313385,30721,30732,11
12.82779026,80.23091125,30732,30742,10
12.82911968,80.2301712,30742,30752,10
12.83024025,80.22969055,30752,30762,10
12.83094978,80.22936249,30762,30772,10
12.83102989,80.22931671,30772,30782,10
12.83115959,80.22927856,30782,30792,10
12.83146,80.22917938,30792,30802,10
12.83150959,80.22915649,30802,30812,10
12.83158016,80.22914124,30812,30822,10
12.83209991,80.22907257,30822,30832,10
12.83304024,80.22889709,30832,30842,10
12.83436012,80.22865295,30842,30853,11
12.83600998,80.22840118,30853,30863,10
12.83761024,80.22814941,30863,30873,10
12.83889008,80.22785187,30873,30883,10
12.83944988,80.22766876,30883,30893,10
12.83959007,80.22760773,30893,30903,10
12.84002018,80.2275238,30903,30913,10
12.84095955,80.22727966,30913,30923,10
12.84224033,80.22696686,30923,30933,10
12.84354973,80.22670746,30933,30943,10
12.84453964,80.22657776,30943,30954,11
12.84547043,80.22648621,30954,30974,20
12.84547043,80.22648621,30974,30984,10
12.84584045,80.22651672,30984,30994,10
12.84661007,80.22653198,30994,31004,10
12.84778976,80.22653198,31004,31014,10
12.84918022,80.22651672,31014,31024,10
12.85050011,80.22650146,31024,31034,10
12.85087013,80.22650146,31034,31045,11
12.85149956,80.22653961,31045,31055,10
12.85256004,80.22662354,31055,31065,10
12.85391998,80.22657776,31065,31075,10
12.85544014,80.22641754,31075,31085,10
12.85711956,80.22622681,31085,31095,10
12.85871983,80.22618103,31095,31105,10
12.86013031,80.22637939,31105,31115,10
12.86085987,80.22646332,31115,31125,10
12.86112022,80.22650146,31125,31135,10
12.86194038,80.22648621,31135,31146,11
12.86330986,80.2264328,31146,31156,10
12.86478996,80.22647858,31156,31166,10
12.86633015,80.22647095,31166,31176,10
12.86795044,80.22631836,31176,31186,10
12.86946964,80.22640991,31186,31196,10
12.87102032,80.2265625,31196,31206,10
12.87281036,80.22657776,31206,31236,30
12.87281036,80.22657776,31236,31247,11
12.87329006,80.22662354,31247,31257,10
12.87421036,80.22669983,31257,31267,10
12.87543964,80.22686005,31267,31277,10
12.87644005,80.22688293,31277,31287,10
12.87677956,80.22683716,31287,31297,10
12.87689018,80.22683716,31297,31307,10
12.87751961,80.22679901,31307,31323,16
12.87938023,80.22666168,31323,31335,12
12.8810997,80.22664642,31335,31343,8
12.88239956,80.22663879,31343,31354,11
12.88407993,80.22662354,31354,31365,11
12.88519001,80.22660828,31365,31377,12
12.88539028,80.22664642,31377,31387,10
12.88605976,80.2268219,31387,31397,10
12.88702965,80.22708893,31397,31407,10
12.8884697,80.22727966,31407,31417,10
12.88992023,80.22730255,31417,31427,10
12.89138031,80.22727966,31427,31437,10
12.89210987,80.22727203,31437,31447,10
12.89247036,80.22731018,31447,31458,11
12.89326,80.22741699,31458,31468,10
12.89443016,80.22756195,31468,31477,9
12.89548016,80.22760773,31477,31488,11
12.89669991,80.2276535,31488,31498,10
12.89822006,80.22772217,31498,31508,10
12.89947987,80.22779083,31508,31518,10
12.9005003,80.22783661,31518,31549,31
12.9005003,80.22783661,31549,31559,10
12.90069962,80.22783661,31559,31569,10
12.90110016,80.22788239,31569,31579,10
12.90159988,80.2279129,31579,31589,10
12.90231037,80.22794342,31589,31599,10
12.90289974,80.22795105,31599,31615,16
12.90291977,80.22795105,31615,31627,12
12.90340996,80.22795868,31627,31635,8
12.9040699,80.22802734,31635,31647,12
12.90544033,80.22811127,31647,31657,10
12.90664005,80.22817993,31657,31668,11
12.9070797,80.22821808,31668,31678,10
12.90715981,80.22823334,31678,31688,10
12.90769958,80.22834015,31688,31698,10
12.90872002,80.228508,31698,31708,10
12.91005993,80.22872162,31708,31718,10
12.91149044,80.22894287,31718,31728,10
12.9126997,80.2290802,31728,31738,10
12.91386032,80.22921753,31738,31759,21
12.91386032,80.22921753,31759,31769,10
12.9141798,80.22928619,31769,31779,10
12.91501045,80.22942352,31779,31789,10
12.91619968,80.22960663,31789,31799,10
12.91753006,80.22978973,31799,31809,10
12.91874027,80.22995758,31809,31819,10
12.9196701,80.23007965,31819,31829,10
12.9208498,80.23021698,31829,31839,10
12.92226982,80.23040771,31839,31849,10
12.92376995,80.23062897,31849,31860,11
12.92531013,80.2308197,31860,31870,10
12.92650986,80.23095703,31870,31880,10
12.92770004,80.23108673,31880,31890,10
12.92862034,80.23123932,31890,31900,10
12.92893028,80.23126221,31900,31910,10
12.92949963,80.23139954,31910,31920,10
12.93043041,80.23161316,31920,31930,10
12.93146038,80.23193359,31930,31940,10
12.93239975,80.23223877,31940,31950,10
12.93319035,80.23251343,31950,31961,11
12.93340969,80.23258972,31961,31971,10
12.93352032,80.23265839,31971,31981,10
12.93395996,80.23290253,31981,31991,10
12.93469048,80.23323059,31991,32001,10
12.93540001,80.23355103,32001,32011,10
12.9356699,80.23368073,32011,32021,10
12.93614006,80.23390198,32021,32031,10
12.93684959,80.23422241,32031,32041,10
12.93776989,80.23464203,32041,32051,10
12.93863964,80.23506165,32051,32062,11
12.93937969,80.23542023,32062,32072,10
12.93951988,80.23549652,32072,32082,10
12.93962955,80.23555756,32082,32092,10
12.9400301,80.23574829,32092,32102,10
12.94075012,80.23600006,32102,32112,10
12.94178963,80.23625183,32112,32122,10
12.94295979,80.23667908,32122,32132,10
12.94382,80.23748016,32132,32142,10
12.94460011,80.23834229,32142,32152,10
12.94534016,80.23908234,32152,32162,10
12.94620037,80.23953247,32162,32173,11
12.94692039,80.23979187,32173,32183,10
12.94707966,80.23985291,32183,32193,10
12.94723034,80.23989868,32193,32203,10
12.94771957,80.2401123,32203,32213,10
12.94843006,80.24043274,32213,32223,10
12.94929028,80.24079132,32223,32233,10
12.95020008,80.24105835,32233,32243,10
12.95077038,80.24124908,32243,32253,10
12.95123959,80.24141693,32253,32264,11
12.95199966,80.24167633,32264,32274,10
12.95289993,80.24202728,32274,32284,10
12.95382977,80.24237823,32284,32294,10
12.95462036,80.24269104,32294,32304,10
12.95506001,80.24285889,32304,32314,10
12.95528984,80.24295044,32314,32324,10
12.95600986,80.2432785,32324,32334,10
12.95637989,80.24343109,32334,32344,10
12.95668983,80.24356079,32344,32354,10
12.95757008,80.24391937,32354,32365,11
12.95851994,80.24429321,32365,32373,8
12.95897007,80.24443817,32373,32385,12
12.95907021,80.24447632,32385,32395,10
12.95960045,80.24475098,32395,32405,10
12.96055984,80.24520111,32405,32415,10
12.96179008,80.24578094,32415,32425,10
12.96275997,80.24623871,32425,32435,10
12.96331024,80.24646759,32435,32466,31
12.96331024,80.24646759,32466,32476,10
12.96345043,80.24664307,32476,32486,10
12.96380997,80.24680328,32486,32496,10
12.96444035,80.24703979,32496,32506,10
12.96533966,80.2473526,32506,32516,10
12.96646023,80.24772644,32516,32536,20
12.96646023,80.24772644,32536,32546,10
12.96667957,80.24786377,32546,32556,10
12.96730995,80.24819946,32556,32566,10
12.96839046,80.24864197,32566,32576,10
12.96967983,80.24915314,32576,32586,10
12.97099972,80.24961853,32586,32597,11
12.97235012,80.24996948,32597,32607,10
12.9733696,80.25023651,32607,32617,10
12.97412014,80.25045013,32617,32627,10
12.9752903,80.25079346,32627,32637,10
12.97669029,80.25119781,32637,32647,10
12.97782993,80.25177002,32647,32657,10
12.97865963,80.25235748,32657,32667,10
12.9787302,80.252388,32667,32678,11
12.97916031,80.25254822,32678,32688,10
12.97986984,80.25260925,32688,32698,10
12.9803896,80.25263214,32698,32708,10
12.98095989,80.25260925,32708,32718,10
12.98198032,80.25257874,32718,32728,10
12.98316956,80.25253296,32728,32738,10
12.98433971,80.25228119,32738,32748,10
12.98538017,80.2519989,32748,32758,10
12.98573017,80.25187683,32758,32768,10
12.98598957,80.25177765,32768,32779,11
12.98649979,80.25167084,32779,32789,10
12.98701954,80.25150299,32789,32799,10
12.98736954,80.25140381,32799,32859,60
12.98736954,80.25140381,32859,32869,10
12.98744011,80.25137329,32869,32879,10
12.98799038,80.25125885,32879,32890,11
12.98902035,80.25102234,32890,32900,10
12.98948002,80.25086212,32900,32910,10
12.98968983,80.25081635,32910,32918,8
12.99028015,80.2507019,32918,32930,12
12.99153042,80.25041962,32930,32940,10
12.99287987,80.25009918,32940,32950,10
12.99433041,80.24971771,32950,32961,11
12.99596977,80.24931335,32961,32971,10
12.99713039,80.2489624,32971,32982,11
12.99757957,80.24881744,32982,32992,10
12.99806976,80.24873352,32992,33002,10
12.99903011,80.24851227,33002,33012,10
13.00028992,80.24822235,33012,33022,10
13.00170994,80.24786377,33022,33032,10
13.00310993,80.24756622,33032,33042,10
13.00444031,80.2473526,33042,33052,10
13.00549984,80.24717712,33052,33062,10
13.00625992,80.24685669,33062,33072,10
13.00652027,80.24645233,33072,33083,11
13.0065403,80.24635315,33083,33093,10
13.00660992,80.24588013,33093,33103,10
13.00662994,80.24533081,33103,33113,10
13.00662041,80.24465179,33113,33123,10
13.00660038,80.2440567,33123,33133,10
13.00662041,80.24331665,33133,33143,10
13.00664043,80.24230957,33143,33153,10
13.00666046,80.24121857,33153,33163,10
13.00681019,80.24024963,33163,33172,9
13.00699043,80.23934174,33172,33184,12
13.00720024,80.2382431,33184,33194,10
13.0073204,80.2374115,33194,33204,10
13.00736046,80.23690033,33204,33214,10
13.00739002,80.23679352,33214,33224,10
13.00751019,80.23642731,33224,33234,10
13.00769043,80.235672,33234,33244,10
13.00790024,80.23468018,33244,33254,10
13.00817013,80.23336792,33254,33264,10
13.00844002,80.23190308,33264,33274,10
13.00866032,80.23049927,33274,33285,11
13.00895977,80.22894287,33285,33295,10
13.00938034,80.22769165,33295,33303,8
13.00984001,80.22676086,33303,33315,12
13.01047993,80.22553253,33315,33325,10
13.01060963,80.22525024,33325,33335,10
13.01078987,80.224823,33335,33345,10
13.01107979,80.22412109,33345,33355,10
13.01132965,80.22345734,33355,33365,10
13.01140976,80.22328186,33365,33375,10
13.0116396,80.22271729,33375,33386,11
13.01193047,80.22180176,33386,33396,10
13.01237965,80.22151947,33396,33405,9
13.01255989,80.22190857,33405,33416,11
13.01321983,80.22257996,33416,33426,10
13.01371956,80.22315216,33426,33436,10
13.01414967,80.22367859,33436,33446,10
13.01455021,80.22415161,33446,33456,10
13.01502037,80.22457123,33456,33466,10
13.01543999,80.22490692,33466,33507,41
13.01543999,80.22490692,33507,33517,10
13.01564026,80.22511292,33517,33527,10
13.01601028,80.22528076,33527,33537,10
13.01657963,80.22525787,33537,33547,10
13.01723003,80.22501373,33547,33557,10
13.01797962,80.22470093,33557,33567,10
13.01881027,80.22438049,33567,33577,10
13.01959038,80.22438049,33577,33608,31
13.01959038,80.22438049,33608,33618,10
13.01984024,80.22463226,33618,33628,10
13.02027035,80.22493744,33628,33638,10
13.02077007,80.22528076,33638,33648,10
13.02122021,80.22566223,33648,33658,10
13.02180958,80.22608185,33658,33668,10
13.02237988,80.22650909,33668,33729,61
13.02237988,80.22650909,33729,33739,10
13.02266026,80.22669983,33739,33755,16
13.02295017,80.22704315,33755,33767,12
13.02334023,80.22743225,33767,33775,8
13.02369976,80.22772217,33775,33787,12
13.02408028,80.22807312,33787,33808,21
13.02408028,80.22807312,33808,33818,10
13.02420044,80.22824097,33818,33828,10
13.0243597,80.22847748,33828,33838,10
13.02453041,80.22873688,33838,33848,10
13.02474022,80.22904205,33848,33858,10
13.02497005,80.22933197,33858,33868,10
13.02527046,80.22971344,33868,33878,10
13.02558994,80.23020172,33878,33888,10
13.02579975,80.2305603,33888,33919,31
13.02579975,80.2305603,33919,33929,10
13.02597046,80.23087311,33929,33939,10
13.02600956,80.23123169,33939,33949,10
13.02610016,80.2315979,33949,33959,10
13.02622032,80.23201752,33959,33969,10
13.02630043,80.23238373,33969,33979,10
13.02647018,80.23274994,33979,33989,10
13.02672005,80.23325348,33989,34000,11
13.02702045,80.23375702,34000,34010,10
13.02733994,80.23429108,34010,34020,10
13.02766037,80.23486328,34020,34030,10
13.02799988,80.2354126,34030,34040,10
13.02844048,80.23592377,34040,34050,10
13.02890968,80.23642731,34050,34055,5
13.02947044,80.23709869,34055,34078,23
13.02947044,80.23709869,34078,34089,11
13.02956963,80.23728943,34089,34101,12
13.02995014,80.23786163,34101,34111,10
13.03038025,80.23861694,34111,34123,12
13.03096008,80.23956299,34123,34133,10
13.03122044,80.23992157,34133,34143,10
13.03137016,80.24021912,34143,34153,10
13.03137016,80.24066925,34153,34163,10
13.03149033,80.24089813,34163,34173,10
13.03160954,80.24111938,34173,34183,10
13.03174019,80.24138641,34183,34193,10
13.03203964,80.24204254,34193,34204,11
13.03256035,80.24268341,34204,34214,10
13.03302956,80.24334717,34214,34224,10
13.03363037,80.24420929,34224,34234,10
13.0342598,80.24497986,34234,34244,10
13.03470039,80.24550629,34244,34254,10
13.03512955,80.24588776,34254,34264,10
13.03563023,80.24613953,34264,34304,40
13.03563023,80.24613953,34304,34315,11
13.03594017,80.2463913,34315,34325,10
13.03666019,80.24655914,34325,34335,10
13.03738976,80.24649048,34335,34345,10
13.03806973,80.24662018,34345,34355,10
13.03862,80.2467804,34355,34365,10
13.03934002,80.24691772,34365,34375,10
13.04012012,80.24707031,34375,34385,10
13.04108047,80.2472229,34385,34395,10
13.04191017,80.24739075,34395,34405,10
13.04261017,80.24746704,34405,34415,10
13.04310036,80.2477417,34415,34426,11
13.04380989,80.24780273,34426,34436,10
13.04434013,80.24780273,34436,34446,10
13.04483032,80.24790192,34446,34456,10
13.04526043,80.24813843,34456,34466,10
13.04592037,80.2484436,34466,34476,10
13.04693031,80.24838257,34476,34517,41
13.04693031,80.24838257,34517,34527,10
13.04703999,80.2484436,34527,34537,10
13.04730988,80.24854279,34537,34547,10
13.04767036,80.24893188,34547,34557,10
13.04813957,80.24942017,34557,34567,10
13.04839993,80.24967194,34567,34577,10
13.04876041,80.24971008,34577,34587,10
13.04944038,80.24977875,34587,34597,10
13.05029011,80.24994659,34597,34608,11
13.05140018,80.25022125,34608,34618,10
13.05214024,80.25076294,34618,34628,10
13.05261993,80.25134277,34628,34638,10
13.05329037,80.25222015,34638,34648,10
13.05391026,80.25315857,34648,34658,10
13.05453014,80.25396729,34658,34668,10
13.05498981,80.25457764,34668,34678,10
13.05537987,80.25514221,34678,34688,10
13.05582047,80.25570679,34688,34698,10
13.05603981,80.2559967,34698,34708,10
13.05609989,80.25605774,34708,34718,10
13.05638981,80.25646973,34718,34729,11
13.05710983,80.25708771,34729,34739,10
13.05751038,80.25744629,34739,34749,10
13.05766964,80.25762177,34749,34759,10
13.05790043,80.25791931,34759,34769,10
13.05815983,80.25836182,34769,34779,10
13.05844021,80.25882721,34779,34789,10
13.05891991,80.25933075,34789,34799,10
13.05928993,80.25991821,34799,34809,10
13.05980968,80.26033783,34809,34820,11
13.06068993,80.26127625,34820,34850,30
13.06068993,80.26127625,34850,34860,10
13.06085968,80.26158905,34860,34870,10
13.06116962,80.26203918,34870,34880,10
13.06167984,80.26260376,34880,34900,20
13.06167984,80.26260376,34900,34910,10
13.06210995,80.26307678,34910,34920,10
13.06256008,80.26363373,34920,34931,11
13.06311989,80.26425934,34931,34940,9
13.06348991,80.26480103,34940,34951,11
13.06377983,80.26529694,34951,34961,10
13.06406975,80.26567841,34961,34971,10
13.06449986,80.26622772,34971,34981,10
13.06497955,80.26683807,34981,34991,10
13.0656004,80.26728058,34991,35000,9
13.06569958,80.26740265,35000,35010,10
13.06599045,80.26782227,35010,35021,11
13.06647015,80.26834106,35021,35032,11
13.06684017,80.26851654,35032,35042,10
13.06744003,80.26888275,35042,35052,10
13.06832027,80.26934814,35052,35070,18
13.06832027,80.26934814,35070,35081,11
13.06836033,80.26959229,35081,35092,11
13.06828022,80.27017975,35092,35102,10
13.06818962,80.27078247,35102,35112,10
13.06818962,80.27129364,35112,35122,10
13.06849003,80.27166748,35122,35133,11
13.06898022,80.27194214,35133,35143,10
13.06945038,80.2723465,35143,35153,10
13.06997967,80.27292633,35153,35163,10
13.07044029,80.27349854,35163,35172,9
13.07087994,80.2739563,35172,35183,11
13.0712204,80.27410889,35183,35193,10
13.0719099,80.27449036,35193,35203,10
13.07229996,80.27490234,35203,35213,10
13.07281017,80.27545166,35213,35223,10
13.0733099,80.27599335,35223,35233,10
13.07367992,80.27629089,35233,35244,11
13.07384014,80.27629089,35244,35254,10
13.07402039,80.27631378,35254,35264,10
13.07458973,80.27626801,35264,35274,10
13.07544041,80.27623749,35274,35284,10
13.07575989,80.27620697,35284,35294,10
13.07588959,80.27606964,35294,35304,10
13.07618046,80.27593231,35304,35456,152
13.07618046,80.27593231,35456,35466,10
13.07631016,80.27577972,35466,35476,10
13.07610035,80.27577209,35476,35486,10
13.07598019,80.27593231,35486,35496,10
13.0759697,80.27596283,35496,35506,10
13.07600021,80.27616882,35506,35516,10
13.07653046,80.27619934,35516,35527,11
13.07728004,80.27616119,35527,35537,10
13.07798004,80.27606201,35537,35547,10
13.07835007,80.27532959,35547,35557,10
13.07933044,80.27519226,35557,35567,10
13.08045006,80.27519226,35567,35577,10
13.08125019,80.27510834,35577,35607,30
13.08125019,80.27510834,35607,35617,10
13.08139038,80.27510071,35617,35627,10
13.08174992,80.27516174,35627,35638,11
13.08199978,80.27528381,35638,35668,30
13.08199978,80.27528381,35668,35678,10
13.0821104,80.27565002,35678,37049,1371
13.0821104,80.27565002,37049,37060,11
13.08189964,80.27597046,37060,37070,10
13.08183956,80.27609253,37070,37080,10
13.08187008,80.27644348,37080,37090,10
13.08195972,80.27700043,37090,37100,10
13.08207989,80.27777863,37100,37110,10
13.08213997,80.27829742,37110,37120,10
13.08197021,80.27828217,37120,37130,10
13.08193016,80.27784729,37130,37140,10
13.08183956,80.27709961,37140,37150,10
13.08176041,80.27642059,37150,37161,11
13.08162975,80.27588654,37161,37171,10
13.08152962,80.27552795,37171,37201,30
13.08152962,80.27552795,37201,37211,10
13.08152008,80.275383,37211,37221,10
13.08146954,80.27523804,37221,37231,10
13.08125973,80.27516937,37231,37241,10
13.08094025,80.27519989,37241,37251,10
13.08055019,80.27526093,37251,37262,11
13.08006001,80.27532196,37262,37272,10
13.07958984,80.27532959,37272,37282,10
13.0790596,80.27520752,37282,37292,10
13.07843018,80.27529907,37292,37302,10
13.0781498,80.27599335,37302,37312,10
13.07752037,80.27622986,37312,37322,10
13.07678032,80.27626038,37322,37332,10
13.07600021,80.27629089,37332,37342,10
13.07520962,80.27632904,37342,37352,10
13.07439995,80.27636719,37352,37362,10
13.07367039,80.27646637,37362,37372,10
13.07328987,80.27619934,37372,37383,11
13.07285976,80.27570343,37383,37393,10
13.07234001,80.27516937,37393,37403,10
13.07190037,80.27469635,37403,37433,30
13.07190037,80.27469635,37433,37443,10
13.07178974,80.27459717,37443,37453,10
13.07131958,80.27445984,37453,37463,10
13.07071018,80.27423096,37463,37484,21
13.07071018,80.27423096,37484,37494,10
13.07050037,80.27385712,37494,37504,10
13.07024002,80.27337646,37504,37514,10
13.06976032,80.27281952,37514,37524,10
13.06925964,80.27229309,37524,37534,10
13.06886005,80.27198792,37534,37585,51
13.06886005,80.27198792,37585,37595,10
13.06861973,80.27189636,37595,37605,10
13.06828976,80.27168274,37605,37615,10
13.06805038,80.27124786,37615,37625,10
13.06768036,80.27075195,37625,37635,10
13.06696987,80.27010345,37635,37651,16
13.06641006,80.26885986,37651,37663,12
13.06610012,80.26812744,37663,37672,9
13.06544971,80.26766968,37672,37694,22
13.06544971,80.26766968,37694,37704,10
13.06525993,80.26760864,37704,37714,10
13.06476021,80.26748657,37714,37724,10
13.06392956,80.26737213,37724,37734,10
13.06305027,80.26719666,37734,37744,10
13.06243038,80.26680756,37744,37754,10
13.06204033,80.26635742,37754,37762,8
13.06142044,80.26555634,37762,37774,12
13.06091976,80.26526642,37774,37785,11
13.06054974,80.26544952,37785,37795,10
13.06044006,80.26550293,37795,37805,10
13.0603199,80.26554108,37805,37815,10
13.05994987,80.26560211,37815,37825,10
13.05937958,80.26551056,37825,37835,10
13.05863953,80.26540375,37835,37845,10
13.05815983,80.26513672,37845,37854,9
13.05805016,80.26464081,37854,37865,11
13.05793953,80.26396179,37865,37875,10
13.05784988,80.26338196,37875,37887,12
13.05778027,80.26268005,37887,37897,10
13.05774975,80.26223755,37897,37907,10
13.05762959,80.26165009,37907,37917,10
13.0574398,80.26087189,37917,37927,10
13.05722046,80.26020813,37927,37937,10
13.05704021,80.25959778,37937,37947,10
13.05688,80.2589798,37947,37957,10
13.05671978,80.25830078,37957,37967,10
13.05650043,80.25736237,37967,37988,21
13.05650043,80.25736237,37988,37998,10
13.05646992,80.25704193,37998,38008,10
13.05636978,80.25668335,38008,38018,10
13.05609035,80.25618744,38018,38028,10
13.05572033,80.25566864,38028,38038,10
13.05510998,80.25480652,38038,38048,10
13.05453968,80.25409698,38048,38058,10
13.05391979,80.25328827,38058,38068,10
13.05340958,80.25254822,38068,38078,10
13.05284023,80.25179291,38078,38088,10
13.05235004,80.25110626,38088,38099,11
13.05177975,80.25045776,38099,38109,10
13.05080032,80.25002289,38109,38119,10
13.04965973,80.24980164,38119,38128,9
13.04876041,80.24970245,38128,38139,11
13.04796982,80.24932098,38139,38147,8
13.04745007,80.24890137,38147,38159,12
13.04691029,80.24864197,38159,38169,10
13.04679966,80.24858093,38169,38179,10
13.04633999,80.24851227,38179,38190,11
13.0453701,80.24826813,38190,38200,10
13.04454994,80.24803162,38200,38210,10
13.04370022,80.24790192,38210,38220,10
13.0430603,80.24777985,38220,38230,10
13.0422802,80.24762726,38230,38240,10
13.04144001,80.24743652,38240,38250,10
13.04059029,80.24727631,38250,38260,10
13.04006958,80.24717712,38260,38270,10
13.03969002,80.24710846,38270,38280,10
13.03931046,80.24700165,38280,38290,10
13.03884029,80.24688721,38290,38301,11
13.0383997,80.2467804,38301,38311,10
13.03806019,80.24674225,38311,38321,10
13.03752995,80.24664307,38321,38331,10
13.03711987,80.24658203,38331,38341,10
13.03670025,80.24649811,38341,38351,10
13.03639984,80.24649048,38351,38361,10
13.03600025,80.24636841,38361,38371,10
13.03563023,80.24623108,38371,38381,10
13.03557014,80.24619293,38381,38391,10
13.03534985,80.24604797,38391,38401,10
13.03530025,80.24604797,38401,38412,11
13.03520966,80.24603271,38412,38422,10
13.03499985,80.24590302,38422,38432,10
13.03464031,80.24550629,38432,38442,10
13.03413963,80.24485779,38442,38452,10
13.03357029,80.24424744,38452,38461,9
13.0328598,80.24339294,38461,38472,11
13.03227997,80.24255371,38472,38503,31
13.03227997,80.24255371,38503,38513,10
13.03211975,80.24227905,38513,38523,10
13.0320797,80.24221802,38523,38533,10
13.03195953,80.24205017,38533,38543,10
13.03184032,80.24175262,38543,38553,10
13.03159046,80.24118805,38553,38563,10
13.03122997,80.24049377,38563,38654,91
13.03122997,80.24049377,38654,38664,10
13.0311203,80.24019623,38664,38674,10
13.03083992,80.23951721,38674,38684,10
13.03034019,80.23863983,38684,38694,10
13.02978992,80.23764801,38694,38704,10
13.02904034,80.23670197,38704,38715,11
13.02803993,80.23560333,38715,38725,10
13.02738953,80.23457336,38725,38735,10
13.02670002,80.23343658,38735,38765,30
13.02670002,80.23343658,38765,38775,10
13.02663994,80.23335266,38775,38785,10
13.02641964,80.2329483,38785,38795,10
13.02612972,80.23217773,38795,38806,11
13.02587986,80.23142242,38806,38816,10
13.02552032,80.2303772,38816,38826,10
13.02495956,80.22958374,38826,38836,10
13.02474022,80.22927856,38836,38846,10
13.02460003,80.22907257,38846,38856,10
13.02439022,80.22875977,38856,38866,10
13.0241003,80.22841644,38866,38876,10
13.02390957,80.22818756,38876,38886,10
13.02375984,80.22799683,38886,38896,10
13.02346039,80.22770691,38896,38906,10
13.02334023,80.22760773,38906,38916,10
13.02326965,80.22750854,38916,38927,11
13.02295017,80.22725677,38927,38937,10
13.02235985,80.22672272,38937,38947,10
13.02165985,80.22608948,38947,38957,10
13.02097988,80.22551727,38957,38967,10
13.02050972,80.22518921,38967,38977,10
13.02046013,80.22515869,38977,38987,10
13.02013969,80.22496033,38987,38997,10
13.0196104,80.22460175,38997,39007,10
13.01881027,80.2244873,39007,39017,10
13.01797009,80.22483063,39017,39028,11
13.01710033,80.2252121,39028,39038,10
13.01653957,80.22544861,39038,39048,10
13.01613045,80.22560883,39048,39058,10
13.01556969,80.22579956,39058,39068,10
13.01486015,80.22608948,39068,39078,10
13.01447964,80.22625732,39078,39088,10
13.01445961,80.22627258,39088,39098,10
13.01420021,80.22634125,39098,39108,10
13.01346016,80.22660828,39108,39119,11
13.01251984,80.22699738,39119,39129,10
13.0117197,80.22731781,39129,39139,10
13.01101017,80.22760773,39139,39149,10
13.01029015,80.22789001,39149,39159,10
13.00951958,80.22820282,39159,39169,10
13.00911999,80.22875214,39169,39179,10
13.00893021,80.22962952,39179,39189,10
13.00877953,80.2305603,39189,39199,10
13.00858974,80.23149109,39199,39209,10
13.00839996,80.23246002,39209,39220,11
13.00825977,80.2335434,39220,39240,20
13.00825977,80.2335434,39240,39250,10
13.00817966,80.23370361,39250,39260,10
13.00813007,80.23397064,39260,39270,10
13.00800037,80.23462677,39270,39280,10
13.0078001,80.23561096,39280,39290,10
13.00761986,80.23648071,39290,39300,10
13.00745964,80.23738098,39300,39310,10
13.00726986,80.23815918,39310,39321,11
13.00714016,80.23873901,39321,39331,10
13.00702,80.23931885,39331,39341,10
13.00689983,80.23989868,39341,39351,10
13.00677967,80.24049377,39351,39361,10
13.00664997,80.24125671,39361,39371,10
13.00662041,80.24201965,39371,39381,10
13.00662994,80.24273682,39381,39391,10
13.00660038,80.24346161,39391,39401,10
13.00664997,80.24414063,39401,39411,10
13.00664043,80.24488831,39411,39421,10
13.00664043,80.24526215,39421,39431,10
13.00666046,80.24549103,39431,39442,11
13.00669003,80.24584198,39442,39452,10
13.00671959,80.24617004,39452,39462,10
13.00673962,80.24656677,39462,39472,10
13.00667953,80.24700165,39472,39482,10
13.00662994,80.24726105,39482,39502,20
13.00662994,80.24726105,39502,39512,10
13.00656033,80.24736786,39512,39522,10
13.00623989,80.24743652,39522,39532,10
13.00621033,80.24745178,39532,39543,11
13.00613022,80.24746704,39543,39553,10
13.00574017,80.24742889,39553,39563,10
13.00485039,80.24741364,39563,39573,10
13.00370026,80.24754333,39573,39583,10
13.00269032,80.24770355,39583,39593,10
13.00214958,80.24784088,39593,39603,10
13.00123978,80.24806213,39603,39613,10
13.00012016,80.24835205,39613,39623,10
12.99895954,80.24864197,39623,39634,11
12.99800968,80.24891663,39634,39644,10
12.99792957,80.24893951,39644,39654,10
12.99755001,80.24900818,39654,39664,10
12.99676037,80.24918365,39664,39674,10
12.99573994,80.24944305,39674,39684,10
12.99458981,80.24976349,39684,39694,10
12.99335957,80.25006866,39694,39704,10
12.99217987,80.25035858,39704,39714,10
12.99141026,80.25057983,39714,39724,10
12.99120998,80.25063324,39724,39734,10
12.99088955,80.25067902,39734,39745,11
12.98999023,80.25089264,39745,39755,10
12.98902035,80.25115967,39755,39765,10
12.98797035,80.25145721,39765,39876,111
12.98797035,80.25145721,39876,39886,10
12.98766994,80.25151825,39886,39896,10
12.98684978,80.25171661,39896,39906,10
12.98602009,80.25190735,39906,39916,10
12.98491955,80.25218201,39916,39926,10
12.98363018,80.25253296,39926,39936,10
12.98229027,80.25267792,39936,39947,11
12.98083973,80.25273132,39947,39957,10
12.98003006,80.25282288,39957,39967,10
12.97957039,80.2527771,39967,39977,10
12.97889042,80.25269318,39977,39987,10
12.97861004,80.25263214,39987,39997,10
12.97854996,80.25260162,39997,40007,10
12.97823048,80.25235748,40007,40017,10
12.97766972,80.25183868,40017,40027,10
12.97684002,80.2513504,40027,40037,10
12.97574997,80.25102997,40037,40047,10
12.9745903,80.25068665,40047,40058,11
12.97327995,80.25034332,40058,40068,10
12.97208023,80.25003052,40068,40078,10
12.97087955,80.24971008,40078,40088,10
12.96965981,80.24931335,40088,40098,10
12.96844006,80.24884033,40098,40108,10
12.9672699,80.24838257,40108,40118,10
12.96629047,80.24787903,40118,40128,10
12.96543026,80.24755859,40128,40138,10
12.96502018,80.24743652,40138,40148,10
12.96502018,80.24742889,40148,40159,11
12.96473026,80.24726868,40159,40169,10
12.96417999,80.24707031,40169,40179,10
12.96364975,80.24687195,40179,40189,10
12.96308994,80.24658966,40189,40199,10
12.96247959,80.24627686,40199,40209,10
12.96172047,80.24590302,40209,40219,10
12.96096992,80.24555206,40219,40229,10
12.96022034,80.24521637,40229,40239,10
12.95952988,80.24494171,40239,40250,11
12.95938015,80.24488068,40250,40260,10
12.95913982,80.24472046,40260,40270,10
12.95862007,80.24449921,40270,40280,10
12.95792007,80.24420929,40280,40290,10
12.95720959,80.24395752,40290,40330,40
12.95693016,80.24385834,40330,40411,81
12.95693016,80.24385834,40411,40421,10
12.95658016,80.24373627,40421,40431,10
12.95643044,80.24369049,40431,40441,10
12.95629978,80.24363708,40441,40451,10
12.95582008,80.24340057,40451,40462,11
12.95487976,80.24295807,40462,40472,10
12.95388031,80.24253845,40472,40482,10
12.95320034,80.24226379,40482,40492,10
12.95248032,80.24201202,40492,40502,10
12.95176983,80.24176788,40502,40512,10
12.95164013,80.24172211,40512,40522,10
12.95151043,80.2416687,40522,40532,10
12.95090961,80.24144745,40532,40542,10
12.95009041,80.24118042,40542,40552,10
12.94941044,80.24099731,40552,40562,10
12.94929981,80.24095917,40562,40573,11
12.94927979,80.24095917,40573,40583,10
12.94896984,80.24082947,40583,40593,10
12.94836044,80.24054718,40593,40603,10
12.94756985,80.240242,40603,40613,10
12.94727993,80.24012756,40613,40623,10
12.94721985,80.2401123,40623,40633,10
12.94690037,80.2399826,40633,40643,10
12.94627953,80.23970795,40643,40653,10
12.94546032,80.23934937,40653,40664,11
12.94460011,80.23857117,40664,40673,9
12.94390011,80.23779297,40673,40684,11
12.9429903,80.23686981,40684,40694,10
12.94184971,80.23635101,40694,40704,10
12.94067001,80.23607635,40704,40714,10
12.93984032,80.23586273,40714,40744,30
12.93984032,80.23586273,40744,40754,10
12.93937969,80.23561859,40754,40764,10
12.93863964,80.23525238,40764,40775,11
12.93760014,80.23474121,40775,40785,10
12.9365797,80.23426056,40785,40795,10
12.93587971,80.23394012,40795,40805,10
12.93575001,80.23387909,40805,40815,10
12.93523979,80.23365784,40815,40825,10
12.9344902,80.23330688,40825,40835,10
12.93381977,80.23300934,40835,40845,10
12.93377972,80.23298645,40845,40855,10
12.9335804,80.23287964,40855,40865,10
12.93305969,80.23264313,40865,40876,11
12.93220043,80.23233032,40876,40892,16
12.93052959,80.23178864,40892,40904,12
12.92908001,80.23145294,40904,40914,10
12.92782974,80.23123932,40914,40924,10
12.92673016,80.23110199,40924,40934,10
12.92613029,80.23104858,40934,40944,10
12.92611027,80.23104095,40944,40954,10
12.92591953,80.23101807,40954,40964,10
12.92541027,80.23091888,40964,40975,11
12.92461014,80.23084259,40975,40985,10
12.9237299,80.23072052,40985,40995,10
12.92269039,80.23056793,40995,41004,9
12.92164993,80.23040009,41004,41015,11
12.92029953,80.2302475,41015,41025,10
12.9190197,80.23007965,41025,41035,10
12.91781998,80.2299118,41035,41045,10
12.91720009,80.22982025,41045,41055,10
12.91707993,80.22984314,41055,41065,10
12.91664982,80.22976685,41065,41075,10
12.91592979,80.22968292,41075,41086,11
12.91493988,80.22955322,41086,41096,10
12.91403961,80.22942352,41096,41106,10
12.91335011,80.22936249,41106,41116,10
12.91331005,80.22934723,41116,41126,10
12.91318035,80.22933197,41126,41136,10
12.91271973,80.22924042,41136,41146,10
12.91199017,80.22913361,41146,41156,10
12.91108036,80.22899628,41156,41166,10
12.91014004,80.22885895,41166,41177,11
12.90884972,80.22865295,41177,41187,10
12.90793991,80.22850037,41187,41197,10
12.9073,80.22841644,41197,41207,10
12.90666008,80.22837067,41207,41217,10
12.90627956,80.22834015,41217,41227,10
12.90625,80.22831726,41227,41237,10
12.90585041,80.228302,41237,41247,10
12.90513992,80.22827911,41247,41257,10
12.90423965,80.22820282,41257,41267,10
12.90320969,80.22814178,41267,41278,11
12.90203953,80.22805786,41278,41288,10
12.90130043,80.2280426,41288,41298,10
12.90075016,80.22799683,41298,41308,10
12.90028954,80.2279892,41308,41318,10
12.89927006,80.22795868,41318,41348,30
12.89927006,80.22795868,41348,41358,10
12.89902973,80.22792053,41358,41368,10
12.89846039,80.2278595,41368,41379,11
12.89733982,80.22776794,41379,41389,10
12.89601994,80.22769928,41389,41399,10
12.89459991,80.22763062,41399,41409,10
12.89330959,80.2275238,41409,41419,10
12.89227962,80.22741699,41419,41429,10
12.89126968,80.22740173,41429,41439,10
12.89013958,80.22740173,41439,41449,10
12.88895988,80.22738647,41449,41459,10
12.88782978,80.2273407,41459,41469,10
12.88681984,80.22718048,41469,41479,10
12.88535976,80.22686005,41479,41500,21
12.88535976,80.22686005,41500,41510,10
12.88521957,80.2268219,41510,41526,16
12.88391972,80.22676086,41526,41538,12
12.88234997,80.22675323,41538,41546,8
12.88117981,80.22676086,41546,41558,12
12.8794899,80.22679901,41558,41568,10
12.8777504,80.22689819,41568,41578,10
12.87662029,80.22699738,41578,41589,11
12.87644958,80.22701263,41589,41599,10
12.8761797,80.22702026,41599,41608,9
12.87551022,80.22699738,41608,41619,11
12.87423038,80.22686005,41619,41629,10
12.87322044,80.22676086,41629,41639,10
12.87265968,80.22676086,41639,41649,10
12.87254047,80.22676086,41649,41659,10
12.8719101,80.22672272,41659,41669,10
12.87090969,80.22667694,41669,41679,10
12.86966038,80.22657013,41679,41690,11
12.86814976,80.2264328,41690,41700,10
12.86674976,80.2265625,41700,41710,10
12.86530018,80.22662354,41710,41720,10
12.86367035,80.22657013,41720,41730,10
12.86215973,80.22660065,41730,41740,10
12.86110973,80.22664642,41740,41749,9
12.86096001,80.22663879,41749,41759,10
12.86046982,80.22657776,41759,41770,11
12.85945034,80.22644043,41770,41780,10
12.85865974,80.22634125,41780,41790,10
12.85787964,80.2263031,41790,41801,11
12.85655022,80.22640991,41801,41811,10
12.85515022,80.22653961,41811,41821,10
12.85365009,80.22667694,41821,41831,10
12.85214043,80.22672272,41831,41841,10
12.85068989,80.22663879,41841,41851,10
12.84939003,80.22660065,41851,41861,10
12.84811974,80.22662354,41861,41871,10
12.84673977,80.22663879,41871,41881,10
12.84547997,80.22666168,41881,41902,21
12.84547997,80.22666168,41902,41912,10
12.84533978,80.22666168,41912,41922,10
12.84467983,80.2266922,41922,41932,10
12.84375954,80.22675323,41932,41942,10
12.84267044,80.22692871,41942,41952,10
12.84150028,80.22718048,41952,41961,9
12.84049988,80.22746277,41961,41972,11
12.83981037,80.22767639,41972,41982,10
12.83955002,80.22775269,41982,41992,10
12.83905029,80.22786713,41992,42003,11
12.83792019,80.22814178,42003,42013,10
12.83654022,80.22837067,42013,42023,10
12.83510971,80.22859955,42023,42033,10
12.83372021,80.22885132,42033,42043,10
12.83255959,80.2290802,42043,42073,30
12.83255959,80.2290802,42073,42083,10
12.8322897,80.22913361,42083,42093,10
12.83172035,80.22924805,42093,42103,10
12.83115959,80.22940063,42103,42114,11
12.83055019,80.22962189,42114,42124,10
12.82946968,80.23004913,42124,42134,10
12.82828045,80.2305603,42134,42144,10
12.82693958,80.23120117,42144,42154,10
12.82538033,80.23135376,42154,42164,10
12.82374954,80.23110199,42164,42174,10
12.82209969,80.23062134,42174,42184,10
12.8205204,80.23046112,42184,42194,10
12.81921959,80.23052216,42194,42205,11
12.81890011,80.23052216,42205,42215,10
12.81846046,80.23032379,42215,42225,10
12.81754017,80.22989655,42225,42235,10
12.81620026,80.22952271,42235,42245,10
12.81460953,80.22930908,42245,42255,10
12.81301022,80.22885132,42255,42273,18
12.81017017,80.2277832,42273,42285,12
12.80863953,80.22689819,42285,42294,9
12.80760956,80.22602081,42294,42305,11
12.80667973,80.22519684,42305,42316,11
12.80597019,80.2245636,42316,42326,10
12.80543041,80.22415924,42326,42336,10
12.80498028,80.22403717,42336,42346,10
12.80490017,80.22402954,42346,42356,10
12.80451965,80.22396851,42356,42366,10
12.80385017,80.22392273,42366,42376,10
12.80296993,80.22383881,42376,42386,10
12.8019104,80.22371674,42386,42396,10
12.80097961,80.22364807,42396,42406,10
12.80090046,80.22363281,42406,42417,11
12.80084038,80.22360229,42417,42427,10
12.80041027,80.22355652,42427,42437,10
12.79946041,80.22348022,42437,42447,10
12.79815006,80.22328949,42447,42457,10
12.79671955,80.2230835,42457,42467,10
12.79601955,80.22299194,42467,42477,10
12.79596043,80.22299194,42477,42487,10
12.79547977,80.22286987,42487,42497,10
12.7944603,80.22270203,42497,42507,10
12.79323959,80.22251892,42507,42518,11
12.79158974,80.22219086,42518,42528,10
12.79018021,80.22184753,42528,42538,10
12.78925037,80.22155762,42538,42548,10
12.78845978,80.22128296,42548,42558,10
12.78773975,80.22100067,42558,42568,10
12.78711033,80.22075653,42568,42578,10
12.7864399,80.22052002,42578,42588,10
12.78598976,80.22032166,42588,42598,10
12.78588009,80.22026062,42598,42608,10
12.78573036,80.22020721,42608,42619,11
12.7852602,80.22000122,42619,42629,10
12.78464031,80.2197113,42629,42649,20
12.78464031,80.2197113,42649,42659,10
12.78446007,80.2195282,42659,42669,10
12.78398991,80.21929169,42669,42679,10
12.78339005,80.21896362,42679,42689,10
12.78314972,80.21884155,42689,42699,10
12.78264046,80.21855164,42699,42709,10
12.78194046,80.21816254,42709,42719,10
12.78108025,80.21768951,42719,42730,11
12.78009987,80.21716309,42730,42740,10
12.77915955,80.21665192,42740,42750,10
12.7781601,80.21613312,42750,42760,10
12.77709961,80.21568298,42760,42770,10
12.77597046,80.21521759,42770,42780,10
12.77478027,80.21473694,42780,42790,10
12.77359962,80.21425629,42790,42800,10
12.77239037,80.21381378,42800,42810,10
12.77120972,80.21340179,42810,42821,11
12.77058983,80.21318054,42821,42831,10
12.77044964,80.2131424,42831,42841,10
12.76996994,80.21298218,42841,42851,10
12.76924992,80.21269989,42851,42861,10
12.76834965,80.21237946,42861,42871,10
12.76733017,80.21199799,42871,42881,10
12.76620007,80.21159363,42881,42891,10
12.76496029,80.21114349,42891,42901,10
12.76368046,80.21067047,42901,42911,10
12.76243973,80.21019745,42911,42922,11
12.76109982,80.20960999,42922,42932,10
12.76008034,80.20909882,42932,42942,10
12.75973034,80.20890808,42942,42952,10
12.75957966,80.20881653,42952,42962,10
12.75909996,80.20855713,42962,42972,10
12.75846958,80.20821381,42972,42982,10
12.75765991,80.20776367,42982,42992,10
12.75673962,80.2072525,42992,43002,10
12.75572968,80.20668793,43002,43012,10
12.7546196,80.20607758,43012,43023,11
12.75335026,80.20539856,43023,43032,9
12.7524004,80.20490265,43032,43043,11
12.75139046,80.20437622,43043,43053,10
12.75109005,80.20423889,43053,43063,10
12.75084019,80.20410156,43063,43073,10
12.75020027,80.20375061,43073,43083,10
12.74915981,80.20320129,43083,43093,10
12.74794006,80.20256805,43093,43103,10
12.74664974,80.20192719,43103,43113,10
12.74555016,80.20137787,43113,43124,11
12.74456024,80.200737,43124,43133,9
12.74409008,80.20027161,43133,43144,11
12.74382973,80.19994354,43144,43154,10
12.74318981,80.19920349,43154,43164,10
12.7423296,80.19819641,43164,43174,10
12.74180984,80.19754028,43174,43184,10
12.74174023,80.19745636,43184,43194,10
12.74141026,80.19696045,43194,43204,10
12.74087048,80.19616699,43204,43214,10
12.74015999,80.19519806,43214,43224,10
12.73943043,80.19418335,43224,43235,11
12.73857021,80.19299316,43235,43245,10
12.73762035,80.19197083,43245,43255,10
12.73665047,80.19100952,43255,43265,10
12.73569012,80.19010162,43265,43275,10
12.73458004,80.18959808,43275,43285,10
12.73332024,80.1894989,43285,43295,10
12.7322197,80.18930817,43295,43305,10
12.73118019,80.18913269,43305,43315,10
12.73013973,80.18904114,43315,43336,21
12.73013973,80.18904114,43336,43346,10
12.72994041,80.18900299,43346,43356,10
12.72935009,80.18897247,43356,43366,10
12.72854996,80.1888504,43366,43376,10
12.72774982,80.18863678,43376,43386,10
12.72684002,80.18840027,43386,43396,10
12.72603989,80.18820953,43396,43406,10
12.7251997,80.18805695,43406,43416,10
12.72492027,80.1880188,43416,43426,10
12.72480011,80.18798828,43426,43437,11
12.72422028,80.18788147,43437,43447,10
12.72350025,80.18768311,43447,43457,10
12.72278976,80.18750763,43457,43467,10
12.72226048,80.18753815,43467,43497,30
12.72226048,80.18753815,43497,43507,10
12.72226048,80.18765259,43507,43517,10
12.72204018,80.18773651,43517,43527,10
12.72202969,80.1879425,43527,43537,10
12.72214031,80.18768311,43537,43709,172
12.72222042,80.18733978,43709,46083,2374
12.72222042,80.18733978,46083,46093,10
12.72239971,80.18731689,46093,46103,10
12.72261047,80.18737793,46103,46113,10
12.72292042,80.18746948,46113,46122,9
12.72325039,80.18756104,46122,46133,11
12.7234602,80.18762207,46133,46143,10
12.72385979,80.18772888,46143,46153,10
12.72441959,80.18786621,46153,46163,10
12.72504044,80.18800354,46163,46173,10
12.72544956,80.1880722,46173,46183,10
12.72556019,80.18807983,46183,46194,11
12.72591972,80.18814087,46194,46204,10
12.72644997,80.18824768,46204,46214,10
12.72706032,80.18837738,46214,46224,10
12.72780037,80.18858337,46224,46234,10
12.72865009,80.18884277,46234,46244,10
12.72947025,80.18891907,46244,46254,10
12.72976971,80.18894958,46254,46274,20
12.72976971,80.18894958,46274,46284,10
12.73013973,80.18898773,46284,46295,11
12.73046017,80.18904877,46295,46305,10
12.73099041,80.18908691,46305,46315,10
12.73174,80.18917847,46315,46325,10
12.73266983,80.18934631,46325,46335,10
12.73375988,80.18946838,46335,46345,10
12.73497009,80.18962097,46345,46355,10
12.73604012,80.19029999,46355,46365,10
12.73694038,80.19122314,46365,46375,10
12.73791981,80.19219971,46375,46385,10
12.73888016,80.19332123,46385,46396,11
12.73989964,80.19470978,46396,46406,10
12.74088001,80.19602966,46406,46416,10
12.74170017,80.19716644,46416,46426,10
12.74188995,80.19743347,46426,46436,10
12.74225998,80.19790649,46436,46446,10
12.74300003,80.1987915,46446,46456,10
12.74394989,80.19991302,46456,46466,10
12.74514961,80.20101166,46466,46476,10
12.7466898,80.20181274,46476,46486,10
12.74822044,80.20258331,46486,46496,10
12.74969959,80.20333099,46496,46507,11
12.75109959,80.20404053,46507,46517,10
12.75164032,80.20433044,46517,46527,10
12.75249004,80.20478058,46527,46537,10
12.75360966,80.20536804,46537,46547,10
12.75489998,80.20606995,46547,46557,10
12.75625992,80.20681763,46557,46567,10
12.7575798,80.20755768,46567,46577,10
12.75891972,80.20832062,46577,46587,10
12.76002026,80.20887756,46587,46597,10
12.76016045,80.20896149,46597,46608,11
12.76049995,80.20915222,46608,46624,16
12.76198006,80.20986938,46624,46636,12
12.76358032,80.21050262,46636,46646,10
12.76476002,80.21095276,46646,46656,10
12.76642036,80.21154022,46656,46666,10
12.7677803,80.21205139,46666,46676,10
12.76922035,80.21256256,46676,46686,10
12.77060986,80.21305084,46686,46696,10
12.77097988,80.21315765,46696,46707,11
12.77105999,80.21320343,46707,46717,10
12.77153969,80.21338654,46717,46726,9
12.77235985,80.21367645,46726,46737,11
12.77352047,80.21412659,46737,46747,10
12.77497959,80.21469879,46747,46757,10
12.77630043,80.21524811,46757,46767,10
12.77770042,80.2158432,46767,46777,10
12.77912998,80.21653748,46777,46787,10
12.78052998,80.21729279,46787,46797,10
12.78186989,80.21801758,46797,46807,10
12.78312016,80.21869659,46807,46818,11
12.78423023,80.21933746,46818,46828,10
12.78454018,80.21952057,46828,46838,10
12.78485966,80.21968842,46838,46848,10
12.78544044,80.22000122,46848,46858,10
12.78598022,80.2202301,46858,46878,20
12.78598022,80.2202301,46878,46888,10
12.78619957,80.2203598,46888,46898,10
12.78645039,80.22046661,46898,46909,11
12.78672028,80.22057343,46909,46919,10
12.78713989,80.22071838,46919,46929,10
12.78761959,80.22088623,46929,46939,10
12.78820992,80.22112274,46939,46949,10
12.78899956,80.2213974,46949,46959,10
12.78940964,80.22151947,46959,46969,10
12.7896204,80.22160339,46969,46979,10
12.79010963,80.22177124,46979,46989,10
12.7910099,80.22199249,46989,46999,10
12.79226017,80.22229767,46999,47010,11
12.79374981,80.22254181,47010,47020,10
12.79535961,80.22279358,47020,47030,10
12.79636002,80.22296906,47030,47040,10
12.79738998,80.22316742,47040,47050,10
12.79862022,80.22332001,47050,47060,10
12.79981995,80.22342682,47060,47070,10
12.80103016,80.22354126,47070,47080,10
12.80193043,80.22363281,47080,47090,10
12.80270004,80.22373199,47090,47100,10
12.80338001,80.22380829,47100,47111,11
12.8042202,80.22386932,47111,47121,10
12.80502033,80.22398376,47121,47181,60
12.80502033,80.22398376,47181,47191,10
12.80521011,80.22402191,47191,47201,10
12.80539989,80.22406769,47201,47211,10
12.80545044,80.22409058,47211,47222,11
12.80593967,80.22441101,47222,47232,10
12.80667973,80.22505188,47232,47242,10
12.80757046,80.22582245,47242,47252,10
12.80852985,80.22666168,47252,47262,10
12.80951977,80.22740173,47262,47272,10
12.8107996,80.22796631,47272,47282,10
12.81233978,80.22852325,47282,47292,10
12.81394958,80.22904205,47292,47302,10
12.81566048,80.22933197,47302,47312,10
12.81717968,80.22963715,47312,47323,11
12.81840992,80.23021698,47323,47333,10
12.81939983,80.23043823,47333,47343,10
12.81972027,80.23040771,47343,47353,10
12.82015991,80.23040771,47353,47363,10
12.82112026,80.23040009,47363,47373,10
12.82231045,80.23062897,47373,47383,10
12.82369041,80.23104095,47383,47393,10
12.82507992,80.2313385,47393,47403,10
12.82633018,80.23130035,47403,47413,10
12.82756042,80.2309494,47413,47424,11
12.82894993,80.23017883,47424,47434,10
12.83032036,80.22960663,47434,47444,10
12.83102036,80.22930908,47444,47454,10
12.83127975,80.22923279,47454,47464,10
12.83195019,80.22904205,47464,47474,10
12.83298016,80.22885132,47474,47484,10
12.83403969,80.22866821,47484,47494,10
12.83508015,80.22849274,47494,47510,16
12.83699989,80.22820282,47510,47522,12
12.83835983,80.22794342,47522,47533,11
12.83905029,80.22773743,47533,47542,9
12.83944988,80.22756958,47542,47583,41
12.83944988,80.22756958,47583,47593,10
12.83969975,80.22747803,47593,47603,10
12.84031963,80.22743225,47603,47613,10
12.84134007,80.22717285,47613,47624,11
12.84267044,80.22686005,47624,47634,10
12.84405041,80.22660828,47634,47643,9
12.84508991,80.22650909,47643,47654,11
12.84539986,80.22646332,47654,47664,10
12.84566021,80.22646332,47664,47674,10
12.84572983,80.22644806,47674,47684,10
12.84582043,80.2264328,47684,47694,10
12.84638977,80.22646332,47694,47704,10
12.84747982,80.22647095,47704,47714,10
12.84873962,80.22650909,47714,47725,11
12.85017967,80.22644043,47725,47745,20
12.85017967,80.22644043,47745,47755,10
12.85052013,80.22644043,47755,47765,10
12.85136986,80.22647095,47765,47775,10
12.8526001,80.22653198,47775,47785,10
12.85406017,80.22647858,47785,47795,10
12.8555603,80.22631836,47795,47805,10
12.85704994,80.22615814,47805,47815,10
12.85826969,80.22612,47815,47825,10
12.85918045,80.22621918,47825,47836,11
12.86038017,80.22637939,47836,47846,10
12.86118031,80.22647095,47846,47856,10
12.86233997,80.22644043,47856,47866,10
12.86369991,80.22640228,47866,47876,10
12.86480045,80.22644043,47876,47886,10
12.86538029,80.22646332,47886,47896,10
12.86561966,80.22648621,47896,47906,10
12.86620045,80.22644043,47906,47916,10
12.86713028,80.22637939,47916,47926,10
12.86841965,80.22627258,47926,47937,11
12.86993027,80.2264328,47937,47947,10
12.87127018,80.22653961,47947,47957,10
12.87209988,80.2265625,47957,47967,10
12.87248039,80.22653961,47967,47977,10
12.87257004,80.22653961,47977,47987,10
12.87275982,80.2265625,47987,47997,10
12.87337017,80.22657776,47997,48007,10
12.87432957,80.2266922,48007,48017,10
12.87537003,80.2268219,48017,48027,10
12.87621975,80.22683716,48027,48038,11
12.87668037,80.22679901,48038,48048,10
12.87681961,80.22679901,48048,48058,10
12.87744045,80.22676086,48058,48068,10
12.87854958,80.22666931,48068,48078,10
12.87987041,80.22663116,48078,48087,9
12.8810997,80.22662354,48087,48098,11
12.88239002,80.22660065,48098,48108,10
12.88341045,80.22659302,48108,48118,10
12.88442039,80.22657776,48118,48128,10
12.88510036,80.22657776,48128,48139,11
12.88535023,80.22663116,48139,48149,10
12.88603973,80.2268219,48149,48159,10
12.88710022,80.2270813,48159,48169,10
12.88821983,80.22722626,48169,48179,10
12.88945961,80.22727203,48179,48188,9
12.89064026,80.22725677,48188,48199,11
12.89229965,80.22730255,48199,48229,30
12.89229965,80.22730255,48229,48240,11
12.89266968,80.22731781,48240,48250,10
12.89340019,80.22740936,48250,48260,10
12.89449978,80.22753143,48260,48270,10
12.89581966,80.22757721,48270,48280,10
12.89715958,80.22763062,48280,48290,10
12.89848995,80.22770691,48290,48300,10
12.89949989,80.2277298,48300,48320,20
12.89949989,80.2277298,48320,48330,10
12.89984989,80.22773743,48330,48340,10
12.90046024,80.22779083,48340,48351,11
12.90091038,80.22781372,48351,48361,10
12.90110016,80.22782135,48361,48371,10
12.90133953,80.22782135,48371,48381,10
12.90240955,80.2278595,48381,48417,36
12.90240955,80.2278595,48417,48429,12
12.90281963,80.22789764,48429,48440,11
12.90351009,80.22795105,48440,48450,10
12.90435028,80.2279892,48450,48460,10
12.90554047,80.22799683,48460,48480,20
12.90554047,80.22799683,48480,48490,10
12.90577984,80.22801971,48490,48500,10
12.90624046,80.2280426,48500,48510,10
12.90653992,80.22805786,48510,48520,10
12.90666008,80.22808838,48520,48530,10
12.90701008,80.22815704,48530,48541,11
12.90760994,80.22824097,48541,48551,10
12.90859032,80.22841644,48551,48561,10
12.90985966,80.2286377,48561,48571,10
12.91127968,80.22885895,48571,48581,10
12.91267967,80.22904205,48581,48591,10
12.91394043,80.22917938,48591,48611,20
12.91394043,80.22917938,48611,48621,10
12.91431999,80.22926331,48621,48631,10
12.91502953,80.22937012,48631,48642,11
12.91625977,80.22956085,48642,48652,10
12.9171896,80.22969055,48652,48662,10
12.91798019,80.22981262,48662,48672,10
12.91899014,80.22994232,48672,48682,10
12.92018986,80.23008728,48682,48692,10
12.92138958,80.23023987,48692,48702,10
12.92261982,80.2304306,48702,48712,10
12.92387962,80.23059845,48712,48722,10
12.92512035,80.23075104,48722,48732,10
12.92621994,80.23085022,48732,48749,17
12.92675018,80.23091888,48749,48761,12
12.92778015,80.23104095,48761,48771,10
12.92844963,80.23111725,48771,48781,10
12.92873955,80.23116302,48781,48791,10
12.92908001,80.23123169,48791,48801,10
12.92978954,80.23139954,48801,48809,8
12.93052006,80.23156738,48809,48822,13
12.93190002,80.231987,48822,48832,10
12.93293953,80.23236084,48832,48842,10
12.93365955,80.23268127,48842,48852,10
12.93369961,80.23269653,48852,48863,11
12.93408012,80.23291779,48863,48873,10
12.93490028,80.23327637,48873,48883,10
12.93560028,80.23356628,48883,48893,10
12.93562031,80.23358154,48893,48916,23
12.93649006,80.23403931,48916,48928,12
12.9377203,80.23464203,48928,48938,10
12.93865967,80.23512268,48938,48948,10
12.93972015,80.23561859,48948,48959,11
12.93978977,80.23564911,48959,48969,10
12.94027996,80.23583221,48969,48979,10
12.94104004,80.23603821,48979,48989,10
12.94215012,80.23632813,48989,48999,10
12.94320011,80.23686981,48999,49009,10
12.94431019,80.23803711,49009,49019,10
12.94519997,80.23898315,49019,49029,10
12.94661999,80.23967743,49029,49039,10
12.94733047,80.23995972,49039,49048,9
12.94734955,80.23995972,49048,49060,12
12.94752026,80.24004364,49060,49070,10
12.94777012,80.24014282,49070,49080,10
12.94812012,80.24028015,49080,49090,10
12.94836998,80.24037933,49090,49100,10
12.94869995,80.24050903,49100,49110,10
12.9492197,80.24073792,49110,49120,10
12.9499197,80.24093628,49120,49130,10
12.95108032,80.2412796,49130,49150,20
12.95108032,80.2412796,49150,49161,11
12.95147991,80.24147034,49161,49171,10
12.95217991,80.24172211,49171,49181,10
12.95306969,80.2420578,49181,49191,10
12.95382977,80.24237823,49191,49201,10
12.95398998,80.24243927,49201,49211,10
12.95477009,80.2427597,49211,49221,10
12.95543957,80.24299622,49221,49231,10
12.95631027,80.24329376,49231,49272,41
12.95631027,80.24329376,49272,49282,10
12.95660019,80.24333954,49282,49292,10
12.95718956,80.24363708,49292,49302,10
12.95794964,80.24398804,49302,49312,10
12.95870018,80.24430084,49312,49322,10
12.95888042,80.2443924,49322,49332,10
12.95907021,80.24449921,49332,49342,10
12.95963955,80.24475861,49342,49352,10
12.96043015,80.24511719,49352,49363,11
12.9612999,80.24552155,49363,49373,10
12.96222973,80.24597931,49373,49383,10
12.96284008,80.2462616,49383,49393,10
12.9630003,80.24636078,49393,49403,10
12.96312046,80.24643707,49403,49413,10
12.96350002,80.24662018,49413,49423,10
12.96405029,80.24684143,49423,49433,10
12.96477985,80.24710083,49433,49443,10
12.96553993,80.24733734,49443,49453,10
12.96687031,80.24790955,49453,49484,31
12.96687031,80.24790955,49484,49494,10
12.96702003,80.24804688,49494,49504,10
12.96745968,80.2482605,49504,49514,10
12.9681797,80.24855804,49514,49524,10
12.96912003,80.24893188,49524,49534,10
12.97015953,80.24932861,49534,49544,10
12.9712801,80.24967957,49544,49554,10
12.97243977,80.24996948,49554,49565,11
12.97356033,80.25023651,49565,49575,10
12.97432041,80.25045776,49575,49585,10
12.97504997,80.25067902,49585,49595,10
12.97579956,80.25090027,49595,49605,10
12.97673988,80.25112152,49605,49655,50
12.97673988,80.25112152,49655,49666,11
12.97684002,80.25113678,49666,49676,10
12.97716999,80.25128937,49676,49686,10
12.97776985,80.25170135,49686,49696,10
12.97842979,80.25221252,49696,49706,10
12.97856045,80.25229645,49706,49716,10
12.97861004,80.25234985,49716,49726,10
12.97943974,80.25253296,49726,49797,71
12.97943974,80.25253296,49797,49807,10
12.9795599,80.25251007,49807,49817,10
12.97986031,80.25254822,49817,49827,10
12.98034,80.25256348,49827,49837,10
12.98101997,80.25257111,49837,49847,10
12.98208046,80.25254059,49847,49857,10
12.98320007,80.25245667,49857,49868,11
12.98435974,80.25218201,49868,49878,10
12.98532009,80.25192261,49878,49888,10
12.98600006,80.25170898,49888,49897,9
12.98639011,80.2516098,49897,49948,51
12.98639011,80.2516098,49948,49958,10
12.98663998,80.25154877,49958,49968,10
12.98711014,80.25141907,49968,49979,11
12.9875803,80.25128937,49979,49989,10
12.98808002,80.25118256,49989,49999,10
12.98890018,80.25099945,49999,50009,10
12.98943996,80.25081635,50009,50019,10
12.98958015,80.2507782,50019,50029,10
12.99013996,80.25066376,50029,50039,10
12.99104977,80.25045776,50039,50049,10
12.99234009,80.25012207,50049,50059,10
12.99386024,80.2497406,50059,50068,9
12.99530983,80.24941254,50068,50080,12
12.99711037,80.24894714,50080,50090,10
12.99892998,80.24849701,50090,50100,10
13.00043964,80.24812317,50100,50110,10
13.00183964,80.24777985,50110,50120,10
13.00296974,80.24752808,50120,50130,10
13.00419044,80.24730682,50130,50140,10
13.00527954,80.24713898,50140,50150,10
13.00644016,80.24646759,50150,50170,20
13.00644016,80.24646759,50170,50181,11
13.00652027,80.24626923,50181,50191,10
13.00660038,80.24565125,50191,50201,10
13.00662994,80.24507904,50201,50211,10
13.00660038,80.24472046,50211,50221,10
13.00658035,80.24434662,50221,50231,10
13.00654984,80.2437973,50231,50241,10
13.0065403,80.24308014,50241,50257,16
13.00658035,80.24195862,50257,50269,12
13.00662041,80.24112701,50269,50278,9
13.00671959,80.24053192,50278,50290,12
13.00685024,80.2397995,50290,50300,10
13.00699043,80.23905945,50300,50310,10
13.00708961,80.23834229,50310,50320,10
13.00716972,80.23784637,50320,50329,9
13.0073204,80.2371521,50329,50339,10
13.00736046,80.23670197,50339,50350,11
13.00736046,80.23668671,50350,50360,10
13.00747967,80.23628235,50360,50370,10
13.00765991,80.23547363,50370,50381,11
13.00784016,80.23448181,50381,50390,9
13.00807953,80.23349762,50390,50401,11
13.00831985,80.2322998,50401,50411,10
13.00846004,80.23133087,50411,50421,10
13.00860023,80.23020935,50421,50431,10
13.00891972,80.22895813,50431,50441,10
13.00934029,80.22766113,50441,50451,10
13.00994015,80.22635651,50451,50461,10
13.0104599,80.22532654,50461,50471,10
13.01086998,80.22444153,50471,50482,11
13.01134014,80.22316742,50482,50512,30
13.01134014,80.22316742,50512,50522,10
13.01134968,80.22302246,50522,50532,10
13.0116396,80.2224884,50532,50542,10
13.01200008,80.22161865,50542,50552,10
13.01237965,80.22155762,50552,50562,10
13.01255989,80.22207642,50562,50572,10
13.01315975,80.22283936,50572,50589,17
13.01414013,80.22357941,50589,50601,12
13.01439953,80.22383881,50601,50611,10
13.01490021,80.22441101,50611,50621,10
13.01537991,80.22485352,50621,50631,10
13.01550007,80.22496796,50631,50641,10
13.01566982,80.22515869,50641,50651,10
13.0163002,80.22530365,50651,50661,10
13.0172596,80.22499084,50661,50671,10
13.01819038,80.22460938,50671,50681,10
13.01912022,80.22434235,50681,50692,11
13.01984024,80.22458649,50692,50702,10
13.02052975,80.22509003,50702,50712,10
13.02108955,80.22554016,50712,50722,10
13.02167988,80.22596741,50722,50732,10
13.02245045,80.2265625,50732,50752,20
13.02245045,80.2265625,50752,50762,10
13.02262974,80.22669983,50762,50772,10
13.0230999,80.22714996,50772,50782,10
13.02394009,80.22788239,50782,50793,11
13.02460003,80.2286911,50793,50803,10
13.02482033,80.22901154,50803,50813,10
13.02525043,80.22962189,50813,50823,10
13.02575016,80.2304306,50823,50833,10
13.02598953,80.23116302,50833,50883,50
13.02598953,80.23116302,50883,50894,11
13.02616024,80.23168182,50894,50904,10
13.02635002,80.23235321,50904,50914,10
13.02647972,80.23265839,50914,50924,10
13.02655029,80.23278809,50924,50940,16
13.02702999,80.23371887,50940,50952,12
13.02766037,80.23477936,50952,50962,10
13.0280304,80.23544312,50962,50972,10
13.02888012,80.23638153,50972,50982,10
13.02947044,80.23696899,50982,50992,10
13.0298996,80.23755646,50992,51003,11
13.03046989,80.23854828,51003,51013,10
13.03087044,80.23912811,51013,51033,20
13.03087044,80.23912811,51033,51043,10
13.03108978,80.23950195,51043,51053,10
13.03114033,80.23970032,51053,51063,10
13.03133965,80.24004364,51063,51073,10
13.0314703,80.24080658,51073,51083,10
13.03184986,80.24163818,51083,51094,11
13.03246975,80.24252319,51094,51104,10
13.03316021,80.24344635,51104,51114,10
13.03370953,80.24427032,51114,51124,10
13.03441048,80.24507904,51124,51134,10
13.03501034,80.24568176,51134,51144,10
13.03571987,80.24610138,51144,51164,20
13.03571987,80.24610138,51164,51174,10
13.03592014,80.24633789,51174,51184,10
13.03652,80.246521,51184,51194,10
13.03728008,80.24649811,51194,51205,11
13.03806019,80.24656677,51205,51215,10
13.03870964,80.2469635,51215,51225,10
13.03936958,80.24703979,51225,51235,10
13.03999043,80.24710083,51235,51245,10
13.0408802,80.24725342,51245,51255,10
13.04179001,80.24736786,51255,51265,10
13.04232979,80.24761963,51265,51275,10
13.04257011,80.24780273,51275,51285,10
13.04284954,80.24803925,51285,51295,10
13.04333019,80.24812317,51295,51305,10
13.04388046,80.24796295,51305,51316,11
13.04440022,80.24797821,51316,51326,10
13.04491043,80.24809265,51326,51336,10
13.04545975,80.2482605,51336,51352,16
13.04671955,80.24839783,51352,51364,12
13.04693985,80.24839783,51364,51374,10
13.04710007,80.24845886,51374,51384,10
13.04745007,80.24868011,51384,51394,10
13.04769993,80.24891663,51394,51404,10
13.04808044,80.24923706,51404,51414,10
13.0485096,80.24960327,51414,51425,11
13.04928017,80.24968719,51425,51435,10
13.05002022,80.24980164,51435,51444,9
13.05091953,80.24999237,51444,51455,11
13.05183983,80.25041199,51455,51465,10
13.05259037,80.25131226,51465,51475,10
13.05323029,80.25215912,51475,51485,10
13.05366993,80.25273132,51485,51495,10
13.05414009,80.25337982,51495,51506,11
13.0546999,80.25408173,51506,51516,10
13.05486965,80.25431824,51516,51526,10
13.05508041,80.25462341,51526,51536,10
13.05552006,80.25521088,51536,51545,9
13.05583954,80.25567627,51545,51556,11
13.05611992,80.256073,51556,51566,10
13.05644035,80.25644684,51566,51576,10
13.05694962,80.25689697,51576,51586,10
13.0575304,80.25746155,51586,51596,10
13.05780029,80.25778961,51596,51606,10
13.05809021,80.25814056,51606,51617,11
13.05832958,80.25846863,51617,51627,10
13.05873966,80.25878906,51627,51637,10
13.05914021,80.25949097,51637,51647,10
13.05947971,80.25994873,51647,51657,10
13.05986023,80.26016235,51657,51667,10
13.06025982,80.26061249,51667,51677,10
13.0606699,80.26114655,51677,51687,10
13.06070042,80.26119995,51687,51697,10
13.06083012,80.26148224,51697,51707,10
13.06118965,80.2618866,51707,51718,11
13.06153965,80.26216125,51718,51728,10
13.06182003,80.26249695,51728,51738,10
13.06239986,80.26325989,51738,51748,10
13.06297016,80.26399994,51748,51758,10
13.06354046,80.26474762,51758,51768,10
13.06392956,80.26525116,51768,51778,10
13.06410027,80.26560974,51778,51788,10
13.06447983,80.26609802,51788,51798,10
13.06472015,80.26643372,51798,51808,10
13.06492043,80.26670074,51808,51819,11
13.06540966,80.26705933,51819,51829,10
13.06567955,80.26730347,51829,51839,10
13.06577969,80.26743317,51839,51849,10
13.06614017,80.26789856,51849,51859,10
13.06637001,80.26831055,51859,51879,20
13.06637001,80.26831055,51879,51889,10
13.0666399,80.26843262,51889,51899,10
13.06719017,80.26876831,51899,51909,10
13.06787968,80.26920319,51909,51920,11
13.06826973,80.26954651,51920,51930,10
13.06818008,80.27005768,51930,51940,10
13.06809998,80.27063751,51940,51950,10
13.06853962,80.27174377,51950,51960,10
13.06853962,80.27174377,51960,51970,10
13.06890011,80.2718811,51970,51980,10
13.06921959,80.2721405,51980,51990,10
13.06962013,80.2725296,51990,52000,10
13.07009983,80.27308655,52000,52010,10
13.0704298,80.27348328,52010,52021,11
13.07087994,80.27391052,52021,52031,10
13.07139015,80.27413177,52031,52087,56
13.07139015,80.27413177,52087,52099,12
13.07174969,80.2743988,52099,52109,10
13.07227993,80.27490234,52109,52119,10
13.07291031,80.27558899,52119,52130,11
13.07355022,80.27622223,52130,52140,10
13.07425976,80.27631378,52140,52150,10
13.07479954,80.27633667,52150,52161,11
13.07538986,80.27626038,52161,52171,10
13.07590008,80.27622223,52171,52181,10
13.0764904,80.27622223,52181,52191,10
13.07701015,80.27617645,52191,52201,10
13.07789993,80.27610016,52201,52211,10
13.07820988,80.27552032,52211,52221,10
13.07888031,80.27510071,52221,52231,10
13.07971001,80.27526093,52231,52241,10
13.08073044,80.27516174,52241,52252,11
13.08127975,80.27513123,52252,52312,60
13.08127975,80.27513123,52312,52323,11
13.08148003,80.27509308,52323,52333,10
13.08166027,80.2751236,52333,52343,10
13.0820303,80.27532959,52343,52585,242
13.08207035,80.2756424,52585,53322,737
13.08207035,80.2756424,53322,53332,10
13.08209991,80.27586365,53332,53343,11
13.08189011,80.27601624,53343,53353,10
13.08189964,80.27635193,53353,53363,10
13.08189011,80.2767334,53363,53373,10
13.0819397,80.27719116,53373,53383,10
13.08197021,80.27757263,53383,53393,10
13.08205032,80.27790833,53393,53403,10
13.08216953,80.27825165,53403,53423,20
13.08216953,80.27825165,53423,53433,10
13.0820303,80.27835083,53433,53444,11
13.0819397,80.27793884,53444,53454,10
13.08178997,80.27713776,53454,53464,10
13.08160973,80.27603912,53464,53494,30
13.08160973,80.27603912,53494,53504,10
13.08160973,80.27578735,53504,53514,10
13.08154964,80.27549744,53514,53524,10
13.08148956,80.27523041,53524,53534,10
13.08146,80.27519226,53534,53544,10
13.08125019,80.27513123,53544,53555,11
13.08082008,80.27519989,53555,53565,10
13.08024025,80.27526855,53565,53575,10
13.07946014,80.27526855,53575,53585,10
13.07861996,80.27516937,53585,53595,10
13.07816029,80.27594757,53595,53605,10
13.07736969,80.27622986,53605,53615,10
13.07656002,80.27628326,53615,53625,10
13.0757103,80.27632141,53625,53635,10
13.07503033,80.27632904,53635,53646,11
13.07429981,80.27639771,53646,53656,10
13.07402992,80.27642822,53656,53666,10
13.07382011,80.27648163,53666,53676,10
13.07330036,80.27625275,53676,53686,10
13.0728302,80.27567291,53686,53696,10
13.07233047,80.2751236,53696,53706,10
13.07207966,80.27487183,53706,53716,10
13.07205009,80.27484131,53716,53726,10
13.07176971,80.27461243,53726,53736,10
13.07112026,80.27446747,53736,53747,11
13.07096004,80.27442932,53747,53757,10
13.07085037,80.27436066,53757,53767,10
13.07071018,80.27420044,53767,53777,10
13.07046032,80.27365112,53777,53787,10
13.06999016,80.27303314,53787,53797,10
13.06933975,80.27236176,53797,53807,10
13.06873035,80.27194977,53807,53817,10
13.06824017,80.27168274,53817,53827,10
13.06799984,80.27127075,53827,53837,10
13.06766987,80.27081299,53837,53847,10
13.06713009,80.27024841,53847,53858,11
13.06655025,80.26960754,53858,53868,10
13.06643009,80.26908112,53868,53878,10
13.06639004,80.26850128,53878,53888,10
13.06616974,80.26812744,53888,53898,10
13.06579971,80.2677002,53898,53908,10
13.0656004,80.26763916,53908,53918,10
13.06536007,80.26759338,53918,53928,10
13.06492996,80.26753235,53928,53948,20
13.06492996,80.26753235,53948,53959,11
13.06462002,80.26750946,53959,53969,10
13.06439972,80.26743317,53969,53979,10
13.06420994,80.26740265,53979,53989,10
13.06410027,80.26738739,53989,53999,10
13.06379986,80.26735687,53999,54009,10
13.0635004,80.2673111,54009,54029,20
13.0635004,80.2673111,54029,54039,10
13.06307983,80.26721954,54039,54049,10
13.06266975,80.26701355,54049,54060,11
13.06223965,80.26650238,54060,54070,10
13.06184006,80.26602173,54070,54080,10
13.06151962,80.26566315,54080,54090,10
13.06110001,80.26516724,54090,54106,16
13.06044006,80.26540375,54106,54118,12
13.06037998,80.26542664,54118,54126,8
13.05978966,80.26557922,54126,54158,32
13.05978966,80.26557922,54158,54169,11
13.05926991,80.26550293,54169,54179,10
13.05879974,80.26540375,54179,54208,29
13.05879974,80.26540375,54208,54219,11
13.05846977,80.26528168,54219,54229,10
13.05811024,80.2649231,54229,54239,10
13.05797005,80.2641983,54239,54249,10
13.05782032,80.26351929,54249,54259,10
13.05778027,80.26268005,54259,54270,11
13.05764008,80.26197815,54270,54280,10
13.05755043,80.26141357,54280,54290,10
13.05747032,80.26106262,54290,54300,10
13.05725956,80.26036072,54300,54310,10
13.05704021,80.25961304,54310,54320,10
13.05687046,80.2591095,54320,54330,10
13.05671978,80.25862885,54330,54340,10
13.05659962,80.25816345,54340,54350,10
13.05652046,80.25763702,54350,54360,10
13.05642033,80.2572937,54360,54371,11
13.05642033,80.25727844,54371,54381,10
13.05634975,80.25686646,54381,54391,10
13.05620956,80.25634003,54391,54401,10
13.05576038,80.25566864,54401,54411,10
13.05513954,80.25480652,54411,54421,10
13.05445957,80.25395203,54421,54431,10
13.05383968,80.25312042,54431,54441,10
13.05327034,80.25231934,54441,54451,10
13.05270958,80.25157166,54451,54461,10
13.05218029,80.25084686,54461,54472,11
13.05154037,80.2502594,54472,54482,10
13.05068016,80.24996185,54482,54492,10
13.04971027,80.24977875,54492,54502,10
13.04876041,80.24968719,54502,54512,10
13.04808998,80.24942017,54512,54522,10
13.04743958,80.24887085,54522,54532,10
13.04697037,80.24864197,54532,54542,10
13.0468998,80.24861908,54542,54552,10
13.04646015,80.24855042,54552,54562,10
13.04576015,80.24841309,54562,54573,11
13.04461956,80.24804688,54573,54583,10
13.04370022,80.24787903,54583,54593,10
13.04323006,80.24788666,54593,54603,10
13.04281998,80.24780273,54603,54613,10
13.04216957,80.24764252,54613,54623,10
13.0413599,80.24743652,54623,54633,10
13.0404501,80.24723816,54633,54643,10
13.03942966,80.24704742,54643,54653,10
13.03901005,80.24697876,54653,54662,9
13.03862,80.24687195,54662,54674,12
13.03806973,80.24681091,54674,54684,10
13.03728008,80.24664307,54684,54694,10
13.03676033,80.24651337,54694,54704,10
13.03660011,80.24645996,54704,54714,10
13.03625011,80.24639893,54714,54724,10
13.03561974,80.24617767,54724,54734,10
13.0352602,80.24603271,54734,54744,10
13.03495026,80.24584198,54744,54754,10
13.03460026,80.24537659,54754,54764,10
13.03411961,80.24476624,54764,54774,10
13.03361034,80.24411774,54774,54785,11
13.03291035,80.24320221,54785,54795,10
13.03225994,80.24234772,54795,54805,10
13.03178024,80.24154663,54805,54815,10
13.03151035,80.24099731,54815,54896,81
13.03151035,80.24099731,54896,54906,10
13.03135014,80.24060059,54906,54916,10
13.03106976,80.23993683,54916,54926,10
13.03065968,80.23908234,54926,54936,10
13.03007984,80.23806763,54936,54946,10
13.0294199,80.23709106,54946,54956,10
13.02863979,80.23622894,54956,54966,10
13.02777958,80.23519135,54966,54976,10
13.02709961,80.23406219,54976,54987,11
13.02668953,80.23342133,54987,55007,20
13.02668953,80.23342133,55007,55017,10
13.02651978,80.23316193,55017,55027,10
13.02620983,80.23251343,55027,55037,10
13.0260601,80.23194122,55037,55047,10
13.02602959,80.23182678,55047,55057,10
13.02597046,80.23165894,55057,55067,10
13.02589035,80.23124695,55067,55077,10
13.02560997,80.2304306,55077,55088,11
13.02493954,80.22944641,55088,55098,10
13.02441978,80.22878265,55098,55108,10
13.02394009,80.22821045,55108,55118,10
13.02336979,80.2276001,55118,55148,30
13.02336979,80.2276001,55148,55158,10
13.02307987,80.2273407,55158,55168,10
13.02272987,80.22699738,55168,55178,10
13.02264977,80.22686005,55178,55189,11
13.02225018,80.22647858,55189,55199,10
13.02147961,80.2258606,55199,55208,9
13.02062035,80.2252121,55208,55219,11
13.01986027,80.22470093,55219,55239,20
13.01986027,80.22470093,55239,55249,10
13.0194397,80.22447205,55249,55259,10
13.01846027,80.2245636,55259,55269,10
13.01727962,80.2250824,55269,55279,10
13.01622009,80.22550964,55279,55290,11
13.01527977,80.2258606,55290,55300,10
13.0144701,80.22618103,55300,55310,10
13.01422024,80.22628784,55310,55320,10
13.01418018,80.22633362,55320,55330,10
13.01377964,80.22648621,55330,55340,10
13.01305962,80.22673798,55340,55350,10
13.0121603,80.2270813,55350,55360,10
13.01124001,80.22744751,55360,55370,10
13.01031017,80.22781372,55370,55380,10
13.00938988,80.2281723,55380,55391,11
13.00899029,80.22908783,55391,55401,10
13.00879955,80.23013306,55401,55411,10
13.00858021,80.23116302,55411,55421,10
13.0083704,80.23220062,55421,55431,10
13.00825977,80.23303986,55431,55441,10
13.00827026,80.23329926,55441,55451,10
13.00821972,80.23348999,55451,55461,10
13.00813961,80.23375702,55461,55471,10
13.00800991,80.23433685,55471,55481,10
13.00790977,80.23483276,55481,55491,10
13.00782013,80.23523712,55491,55502,11
13.00761032,80.23621368,55502,55512,10
13.00736046,80.23739624,55512,55522,10
13.00708961,80.23866272,55522,55532,10
13.00691032,80.23963165,55532,55541,9
13.00679016,80.24027252,55541,55552,11
13.00666046,80.2410202,55552,55562,10
13.00660992,80.24188232,55562,55572,10
13.00660992,80.24273682,55572,55582,10
13.00662994,80.24344635,55582,55592,10
13.00660038,80.24432373,55592,55603,11
13.00660992,80.24526978,55603,55613,10
13.00666046,80.24604034,55613,55623,10
13.00673008,80.24653625,55623,55633,10
13.00673962,80.24677277,55633,55643,10
13.00675011,80.2469635,55643,55653,10
13.00660992,80.24732208,55653,55663,10
13.00621986,80.24739075,55663,55673,10
13.00607014,80.24741364,55673,55683,10
13.00590038,80.24742126,55683,55693,10
13.00531006,80.24736786,55693,55704,11
13.00411987,80.24745941,55704,55714,10
13.00275993,80.24768066,55714,55724,10
13.00133991,80.2480011,55724,55734,10
12.99997044,80.24835968,55734,55744,10
12.99855995,80.24871063,55744,55754,10
12.99701023,80.24909973,55754,55764,10
12.99543953,80.24954987,55764,55774,10
12.99380016,80.24996185,55774,55784,10
12.99248028,80.25028229,55784,55794,10
12.99123001,80.25061798,55794,55805,11
12.9910202,80.25066376,55805,55815,10
12.99065018,80.25073242,55815,55825,10
12.98980045,80.25093842,55825,55835,10
12.98882961,80.25118256,55835,55845,10
12.98816013,80.25140381,55845,55956,111
12.98816013,80.25140381,55956,55966,10
12.98764992,80.2514801,55966,55976,10
12.98690033,80.25167084,55976,55986,10
12.98614025,80.25183868,55986,55996,10
12.9851799,80.25208282,55996,56007,11
12.98396015,80.25240326,56007,56017,10
12.98266029,80.25263214,56017,56027,10
12.98136044,80.25269318,56027,56037,10
12.98029995,80.25273895,56037,56047,10
12.97963047,80.25273895,56047,56057,10
12.97887993,80.25266266,56057,56067,10
12.97861004,80.25260162,56067,56077,10
12.97844982,80.25250244,56077,56087,10
12.97786045,80.25202942,56087,56097,10
12.97690964,80.25135803,56097,56108,11
12.97539997,80.25090027,56108,56118,10
12.97387028,80.25047302,56118,56128,10
12.97224998,80.25003815,56128,56138,10
12.97062969,80.24960327,56138,56148,10
12.96918964,80.24906158,56148,56158,10
12.96788025,80.24855042,56158,56168,10
12.96685028,80.24809265,56168,56178,10
12.96597004,80.24768066,56178,56188,10
12.96529961,80.24745178,56188,56208,20
12.96529961,80.24745178,56208,56219,11
12.96483994,80.24725342,56219,56229,10
12.96422958,80.24701691,56229,56245,16
12.96339035,80.24671173,56245,56257,12
12.96247959,80.24623108,56257,56265,8
12.96181011,80.24590302,56265,56277,12
12.96074009,80.24539185,56277,56287,10
12.9598999,80.24501038,56287,56297,10
12.95973969,80.24495697,56297,56307,10
12.95965004,80.24491882,56307,56318,11
12.95917988,80.24468231,56318,56328,10
12.95831966,80.24430847,56328,56338,10
12.95767975,80.24407196,56338,56348,10
12.95685005,80.24382019,56348,56408,60
12.95648956,80.24372864,56408,56449,41
12.95648956,80.24372864,56449,56459,10
12.95629025,80.24362183,56459,56469,10
12.95567989,80.24330902,56469,56479,10
12.95495987,80.24295807,56479,56489,10
12.95425987,80.24266815,56489,56499,10
12.95382977,80.24250793,56499,56509,10
12.95310974,80.24221802,56509,56519,10
12.95223045,80.24188232,56519,56530,11
12.95203018,80.2417984,56530,56540,10
12.95162964,80.24165344,56540,56550,10
12.95100975,80.24140167,56550,56560,10
12.94997025,80.2410965,56560,56570,10
12.94886017,80.24075317,56570,56580,10
12.94781017,80.24031067,56580,56590,10
12.94727039,80.2401123,56590,56600,10
12.94717979,80.2400589,56600,56610,10
12.94686985,80.23989868,56610,56620,10
12.94610023,80.23959351,56620,56631,11
12.94497013,80.23890686,56631,56641,10
12.94400978,80.23790741,56641,56651,10
12.94305038,80.23690033,56651,56661,10
12.94174957,80.23629761,56661,56671,10
12.94044971,80.23600006,56671,56681,10
12.93986034,80.23583221,56681,56691,10
12.93984985,80.23583221,56691,56701,10
12.93941975,80.23555756,56701,56711,10
12.93855,80.23513031,56711,56721,10
12.93733025,80.23455811,56721,56732,11
12.93616962,80.23400116,56732,56742,10
12.93566036,80.23374939,56742,56752,10
12.93488026,80.2334137,56752,56762,10
12.93375015,80.23291779,56762,56782,20
12.93375015,80.23291779,56782,56792,10
12.93321991,80.23268127,56792,56802,10
12.9323101,80.23232269,56802,56812,10
12.93103981,80.23191833,56812,56822,10
12.92953968,80.23149872,56822,56833,11
12.92776012,80.23117065,56833,56843,10
12.92634964,80.23101807,56843,56853,10
12.92504025,80.23084259,56853,56863,10
12.92366982,80.23068237,56863,56873,10
12.92218971,80.23049164,56873,56883,10
12.92057037,80.23026276,56883,56893,10
12.91907978,80.23005676,56893,56903,10
12.91761971,80.22988129,56903,56913,10
12.91641045,80.22971344,56913,56923,10
12.91518021,80.22953796,56923,56934,11
12.91386032,80.22936249,56934,56944,10
12.91329002,80.22931671,56944,56954,10
12.91327953,80.22930908,56954,56964,10
12.91298962,80.22924042,56964,56974,10
12.91209984,80.22911072,56974,56984,10
12.91084957,80.22891998,56984,56994,10
12.90942001,80.22869873,56994,57004,10
12.90678024,80.22834015,57004,57073,69
12.90678024,80.22834015,57073,57083,10
12.90633965,80.22830963,57083,57092,9
12.90538979,80.22823334,57092,57103,11
12.90410042,80.22815704,57103,57113,10
12.90289974,80.22810364,57113,57123,10
12.90182018,80.22805023,57123,57134,11
12.90108013,80.22802734,57134,57194,60
12.90108013,80.22802734,57194,57204,10
12.90079975,80.22792816,57204,57214,10
12.90042019,80.22789764,57214,57224,10
12.89976025,80.22788239,57224,57234,10
12.8993597,80.22788239,57234,57245,11
12.89914036,80.22786713,57245,57255,10
12.89836979,80.22782135,57255,57265,10
12.89713955,80.22776031,57265,57275,10
12.89573002,80.22770691,57275,57285,10
12.89437008,80.22766113,57285,57295,10
12.89321995,80.22754669,57295,57305,10
12.89264011,80.22750092,57305,57335,30
12.89264011,80.22750092,57335,57346,11
12.89256001,80.22747803,57346,57356,10
12.89200974,80.22741699,57356,57366,10
12.89101982,80.22738647,57366,57376,10
12.88980007,80.22737885,57376,57386,10
12.8885603,80.22737885,57386,57394,8
12.88768005,80.22733307,57394,57406,12
12.88646984,80.22709656,57406,57416,10
12.88488007,80.22679138,57416,57436,20
12.88488007,80.22679138,57436,57447,11
12.8842802,80.22676086,57447,57457,10
12.88321972,80.22676086,57457,57467,10
12.88181019,80.22676086,57467,57477,10
12.88027,80.22676086,57477,57487,10
12.87849998,80.22682953,57487,57497,10
12.87644005,80.22702789,57497,57527,30
12.87644005,80.22702789,57527,57537,10
12.8762598,80.22702789,57537,57548,11
12.87539959,80.22698975,57548,57558,10
12.87413025,80.22683716,57558,57568,10
12.87277031,80.22676086,57568,57578,10
12.87133026,80.22672272,57578,57588,10
12.86970043,80.22657776,57588,57598,10
12.86795044,80.22644806,57598,57608,10
12.86633968,80.22660828,57608,57617,9
12.86481953,80.22663879,57617,57628,11
12.86285019,80.22660065,57628,57638,10
12.86141968,80.22666931,57638,57649,11
12.86096001,80.22666168,57649,57659,10
12.86054993,80.22660828,57659,57669,10
12.8596096,80.22647095,57669,57679,10
12.85867977,80.22634888,57679,57689,10
12.85791016,80.2263031,57689,57699,10
12.85665989,80.22640228,57699,57709,10
12.85525036,80.22654724,57709,57719,10
12.85361958,80.22672272,57719,57729,10
12.85192013,80.22672272,57729,57739,10
12.8506403,80.22669983,57739,57750,11
12.8502903,80.22667694,57750,57760,10
12.84988022,80.22664642,57760,57770,10
12.84893036,80.22663879,57770,57780,10
12.84759998,80.22664642,57780,57790,10
12.84620953,80.22666168,57790,57800,10
12.84554005,80.22666168,57800,57810,10
12.84549999,80.22664642,57810,57820,10
12.84531021,80.22662354,57820,57830,10
12.84463978,80.22666931,57830,57840,10
12.84350014,80.22679901,57840,57850,10
12.84208012,80.22708893,57850,57861,11
12.84058952,80.22749329,57861,57871,10
12.83992958,80.22769165,57871,57881,10
12.83957005,80.22779083,57881,57891,10
12.83899021,80.22792816,57891,57901,10
12.83786964,80.22818756,57901,57911,10
12.83646011,80.22843933,57911,57921,10
12.83495045,80.22866821,57921,57931,10
12.8335104,80.22892761,57931,57941,10
12.83250046,80.22914124,57941,57951,10
12.83244991,80.22914124,57951,57962,11
12.83201981,80.22918701,57962,57972,10
12.83125019,80.2293396,57972,57982,10
12.8303299,80.22968292,57982,57992,10
12.82915974,80.23014069,57992,58002,10
12.82793999,80.23078156,58002,58012,10
12.82678986,80.23130035,58012,58022,10
12.82569981,80.23140717,58022,58032,10
12.82466984,80.23139191,58032,58042,10
12.82361984,80.23111725,58042,58052,10
12.82244015,80.23075104,58052,58063,11
12.82102013,80.23047638,58063,58073,10
12.81970978,80.23049927,58073,58083,10
12.81853008,80.23034668,58083,58093,10
12.81774044,80.2299881,58093,58103,10
12.81669044,80.229599,58103,58113,10
12.81527042,80.22937012,58113,58123,10
12.81383038,80.22910309,58123,58139,16
12.81241989,80.2286377,58139,58151,12
12.81163979,80.22834778,58151,58159,8
12.81075954,80.22801971,58159,58171,12
12.80926037,80.22733307,58171,58181,10
12.80809975,80.22641754,58181,58192,11
12.80702972,80.22547913,58192,58202,10
12.80648994,80.22499847,58202,58212,10
12.80580997,80.22440338,58212,58221,9
12.80508995,80.22402954,58221,58252,31
12.80508995,80.22402954,58252,58263,11
12.80453968,80.22393799,58263,58273,10
12.80381966,80.22389221,58273,58283,10
12.80290031,80.22380066,58283,58293,10
12.80206966,80.22368622,58293,58303,10
12.80117989,80.22363281,58303,58313,10
12.80097008,80.22361755,58313,58323,10
12.80076027,80.22357941,58323,58332,9
12.8000803,80.22350311,58332,58342,10
12.7989397,80.22342682,58342,58353,11
12.79740047,80.22324371,58353,58363,10
12.79621029,80.22303009,58363,58374,11
12.79578972,80.22296143,58374,58384,10
12.79539013,80.22286224,58384,58394,10
12.79450989,80.22270203,58394,58404,10
12.79349041,80.22257996,58404,58414,10
12.79298019,80.22251129,58414,58424,10
12.7925396,80.22242737,58424,58434,10
12.79179955,80.22223663,58434,58444,10
12.79069996,80.22197723,58444,58454,10
12.78973961,80.22171783,58454,58464,10
12.78909016,80.22148132,58464,58475,11
12.78796959,80.22104645,58475,58495,20
12.78796959,80.22104645,58495,58505,10
12.78785038,80.2210083,58505,58525,20
12.78785038,80.2210083,58525,58535,10
12.78771973,80.22094727,58535,58551,16
12.78767967,80.22093964,58551,58563,12
12.78728008,80.22077942,58563,58604,41
12.78728008,80.22077942,58604,58614,10
12.78695965,80.22068024,58614,58634,20
12.78695965,80.22068024,58634,58643,9
12.78680038,80.2206192,58643,58653,10
12.78629971,80.22042084,58653,58685,32
12.78629971,80.22042084,58685,58695,10
12.78614998,80.22052002,58695,58705,10
12.78619957,80.22087097,58705,58715,10
12.78619957,80.22126007,58715,58725,10
12.78621006,80.22154999,58725,58735,10
12.78623009,80.22174072,58735,58745,10
12.78623009,80.22194672,58745,58755,10
12.78625965,80.22223663,58755,59159,404
12.7862196,80.22196198,59159,59727,568
12.7862196,80.22196198,59727,59737,10
12.78619003,80.22151184,59737,59757,20
12.78619003,80.22151184,59757,59767,10
12.78617001,80.22123718,59767,59777,10
12.78616047,80.2210083,59777,59787,10
12.78614044,80.22077179,59787,59798,11
12.78614044,80.22055054,59798,59808,10
12.78619003,80.22039032,59808,59848,40
12.78619003,80.22039032,59848,59858,10
12.78666019,80.22054291,59858,59868,10
12.78705978,80.22070313,59868,59878,10
12.78754044,80.22086334,59878,59888,10
12.78796959,80.22103119,59888,59899,11
12.78876019,80.22133636,59899,59909,10
12.78948021,80.22158813,59909,59919,10
12.78977966,80.22168732,59919,59929,10
12.78981972,80.22170258,59929,59939,10
12.79004955,80.22177124,59939,59949,10
12.79053974,80.22187805,59949,59959,10
12.79119968,80.22203827,59959,59969,10
12.79203987,80.22223663,59969,59979,10
12.79304028,80.22244263,59979,59996,17
12.79483032,80.22271729,59996,60008,12
12.79633999,80.22293854,60008,60027,19
12.79633999,80.22293854,60027,60037,10
12.79648972,80.22290802,60037,60048,11
12.79699993,80.22305298,60048,60058,10
12.79761028,80.22318268,60058,60068,10
12.79843044,80.22328949,60068,60078,10
12.79946041,80.2233963,60078,60088,10
12.80039024,80.22345734,60088,60099,11
12.80130005,80.22354889,60099,60109,10
12.80144024,80.22355652,60109,60119,10
12.80156994,80.22355652,60119,60129,10
12.80198002,80.22364044,60129,60139,10
12.80257034,80.22371674,60139,60149,10
12.80325985,80.22382355,60149,60159,10
12.80401993,80.22386932,60159,60169,10
12.80469036,80.22393036,60169,60179,10
12.80543995,80.22412109,60179,60200,21
12.80543995,80.22412109,60200,60210,10
12.80578041,80.22434235,60210,60220,10
12.80615997,80.22467804,60220,60230,10
12.80671978,80.22518158,60230,60240,10
12.80737019,80.22573853,60240,60250,10
12.80807972,80.22634125,60250,60260,10
12.80879974,80.22693634,60260,60270,10
12.80959988,80.22749329,60270,60280,10
12.81050014,80.22788239,60280,60290,10
12.81140041,80.2282486,60290,60299,9
12.81223011,80.22855377,60299,60311,12
12.81334972,80.22894287,60311,60321,10
12.81431007,80.22921753,60321,60331,10
12.81530952,80.22934723,60331,60341,10
12.81632042,80.22947693,60341,60351,10
12.81729984,80.2297287,60351,60361,10
12.81822968,80.23016357,60361,60371,10
12.81910992,80.23049927,60371,60381,10
12.8197403,80.23045349,60381,60391,10
12.8197403,80.23043823,60391,60401,10
12.82003975,80.2304306,60401,60412,11
12.82069969,80.23040771,60412,60422,10
12.82153034,80.23046875,60422,60432,10
12.8224802,80.23069,60432,60442,10
12.82345963,80.23104095,60442,60452,10
12.82444954,80.23130035,60452,60462,10
12.82551956,80.23140717,60462,60472,10
12.82666016,80.23130798,60472,60482,10
12.82773972,80.23090363,60482,60492,10
12.8288002,80.23032379,60492,60502,10
12.82987976,80.22984314,60502,60513,11
12.83084011,80.22943878,60513,60523,10
12.83106041,80.22934723,60523,60533,10
12.83119965,80.22927856,60533,60543,10
12.83183956,80.22911835,60543,60553,10
12.83273029,80.22898102,60553,60563,10
12.83376026,80.22878265,60563,60573,10
12.83487988,80.22857666,60573,60583,10
12.8360796,80.2283783,60583,60593,10
12.83740044,80.22814941,60593,60603,10
12.83864021,80.22788239,60603,60614,11
12.83917046,80.22772217,60614,60624,10
12.83922958,80.22769165,60624,60634,10
12.83942986,80.22762299,60634,60664,30
12.83942986,80.22762299,60664,60674,10
12.83957958,80.22747803,60674,60684,10
12.84008026,80.22743988,60684,60700,16
12.84181023,80.22702026,60700,60712,12
12.84344959,80.22672272,60712,60723,11
12.84533978,80.22653961,60723,60743,20
12.84533978,80.22653961,60743,60753,10
12.84560013,80.22657776,60753,60763,10
12.84642029,80.22657776,60763,60773,10
12.84755039,80.22657013,60773,60783,10
12.84852028,80.2265625,60783,60793,10
12.84972,80.22657776,60793,60803,10
12.85056973,80.22662354,60803,60813,10
12.85165024,80.22667694,60813,60825,12
12.8533802,80.22669983,60825,60835,10
12.85503006,80.22650146,60835,60845,10
12.85653973,80.22635651,60845,60855,10
12.85783958,80.22624207,60855,60865,10
12.85888004,80.22625732,60865,60875,10
12.86003971,80.22644043,60875,60885,10
12.86085987,80.22653961,60885,60895,10
12.86102009,80.2265625,60895,60905,10
12.86165047,80.22659302,60905,60916,11
12.86297989,80.22651672,60916,60926,10
12.86445999,80.2265625,60926,60936,10
12.86608982,80.22657013,60936,60946,10
12.86779976,80.22641754,60946,60956,10
12.86948013,80.22647858,60956,60966,10
12.87102985,80.22662354,60966,60976,10
12.87283993,80.22666168,60976,60996,20
12.87283993,80.22666168,60996,61006,10
12.87310028,80.22667694,61006,61016,10
12.87388992,80.22673035,61016,61027,11
12.87493992,80.22688293,61027,61037,10
12.87598038,80.22696686,61037,61047,10
12.87658978,80.22693634,61047,61067,20
12.87658978,80.22693634,61067,61077,10
12.87693977,80.2269516,61077,61087,10
12.87767029,80.22689819,61087,61097,10
12.87878036,80.22680664,61097,61107,10
12.8801403,80.22676086,61107,61117,10
12.88164997,80.22676086,61117,61128,11
12.88335991,80.22673798,61128,61138,10
12.88453007,80.22669983,61138,61148,10
12.88508987,80.22669983,61148,61158,10
12.88512993,80.22669983,61158,61168,10
12.88564014,80.2268219,61168,61178,10
12.88661957,80.2270813,61178,61188,10
12.88788986,80.22731018,61188,61198,10
12.88938046,80.22737122,61198,61208,10
12.89103031,80.22736359,61208,61218,10
12.89206028,80.2273407,61218,61229,11
12.89225006,80.22733307,61229,61239,10
12.89229965,80.22731018,61239,61249,10
12.89280033,80.22737122,61249,61265,16
12.89420033,80.22756958,61265,61277,12
12.89558983,80.22763824,61277,61287,10
12.89667988,80.22767639,61287,61297,10
12.89826012,80.22776031,61297,61307,10
12.89943027,80.22782898,61307,61317,10
12.90042019,80.22788239,61317,61327,10
12.90110016,80.22794342,61327,61338,11
12.90170956,80.22795868,61338,61347,9
12.90227032,80.22798157,61347,61358,11
12.90270042,80.22799683,61358,61368,10
12.90270996,80.22799683,61368,61378,10
12.90305042,80.22801971,61378,61388,10
12.90382957,80.22805786,61388,61398,10
12.90452957,80.22810364,61398,61408,10
12.9054203,80.22815704,61408,61418,10
12.9059,80.22818756,61418,61429,11
12.90610981,80.22823334,61429,61439,10
12.90662003,80.22827148,61439,61449,10
12.90690994,80.22827148,61449,61459,10
12.90705967,80.22827911,61459,61469,10
12.90787029,80.22839355,61469,61479,10
12.90904045,80.22859955,61479,61489,10
12.91049004,80.22882843,61489,61499,10
12.91201019,80.22905731,61499,61509,10
12.91326046,80.22920227,61509,61519,10
12.91396999,80.22927856,61519,61529,10
12.91399956,80.22928619,61529,61540,11
12.91407013,80.22931671,61540,61550,10
12.91458035,80.22939301,61550,61560,10
12.91549015,80.22953033,61560,61570,10
12.91670036,80.22969818,61570,61580,10
12.91769028,80.2298584,61580,61590,10
12.91889,80.23001862,61590,61600,10
12.92022991,80.23020172,61600,61610,10
12.92171955,80.2303772,61610,61620,10
12.92329979,80.23062134,61620,61630,10
12.92485046,80.23082733,61630,61641,11
12.92615986,80.23097992,61641,61651,10
12.92720032,80.23105621,61651,61661,10
12.92743015,80.23105621,61661,61671,10
12.92782021,80.23114014,61671,61681,10
12.92870045,80.23127747,61681,61691,10
12.92980957,80.23152161,61691,61701,10
12.93105984,80.2318573,61701,61711,10
12.93233013,80.23226929,61711,61721,10
12.93363953,80.23274994,61721,61742,21
12.93363953,80.23274994,61742,61752,10
12.93400002,80.23297119,61752,61762,10
12.93488979,80.23339081,61762,61772,10
12.93556976,80.23368835,61772,61782,10
12.93574047,80.23375702,61782,61792,10
12.9363699,80.23406219,61792,61802,10
12.93729973,80.23449707,61802,61812,10
12.93844032,80.23503113,61812,61822,10
12.93943024,80.23551178,61822,61832,10
12.93960953,80.23560333,61832,61843,11
12.93986034,80.23571777,61843,61853,10
12.94030952,80.23589325,61853,61863,10
12.94122982,80.23613739,61863,61873,10
12.94250011,80.23648071,61873,61883,10
12.94369984,80.23735046,61883,61893,10
12.9447298,80.23848724,61893,61903,10
12.9457798,80.23940277,61903,61913,10
12.94684029,80.23985291,61913,61923,10
12.94748974,80.2401123,61923,61933,10
12.94762039,80.24012756,61933,61944,11
12.94789028,80.240242,61944,61954,10
12.94880962,80.24060822,61954,62004,50
12.94880962,80.24060822,62004,62014,10
12.94917965,80.2407608,62014,62024,10
12.94997025,80.24102783,62024,62034,10
12.95081043,80.24127197,62034,62045,11
12.95116997,80.24138641,62045,62055,10
12.95135021,80.24147034,62055,62065,10
12.95203018,80.24172211,62065,62075,10
12.95293045,80.24208069,62075,62085,10
12.95392036,80.24247742,62085,62095,10
12.95487976,80.24285126,62095,62105,10
12.95555019,80.24308777,62105,62115,10
12.95639992,80.24339294,62115,62146,31
12.95639992,80.24339294,62146,62156,10
12.95656013,80.24337769,62156,62166,10
12.95716953,80.24371338,62166,62176,10
12.95788002,80.24403381,62176,62186,10
12.9585104,80.24432373,62186,62196,10
12.95890045,80.24447632,62196,62206,10
12.95913982,80.24461365,62206,62216,10
12.95985985,80.24497223,62216,62226,10
12.96096039,80.2454834,62226,62236,10
12.96208,80.24603271,62236,62246,10
12.96278954,80.24638367,62246,62257,11
12.96333981,80.24662018,62257,62267,10
12.96372032,80.2467804,62267,62277,10
12.96436024,80.24703979,62277,62287,10
12.96514034,80.24732208,62287,62297,10
12.96595955,80.24759674,62297,62307,10
12.9665699,80.24784088,62307,62327,20
12.9665699,80.24784088,62327,62337,10
12.96667957,80.24788666,62337,62347,10
12.96679974,80.24794006,62347,62358,11
12.96710014,80.24812317,62358,62368,10
12.96778011,80.2484436,62368,62378,10
12.96875954,80.24884033,62378,62388,10
12.96986961,80.24923706,62388,62398,10
12.97117043,80.24970245,62398,62408,10
12.9725399,80.25007629,62408,62418,10
12.97395992,80.25045013,62418,62428,10
12.97515011,80.25080109,62428,62438,10
12.9763298,80.25115967,62438,62448,10
12.97743034,80.2515564,62448,62459,11
12.97826004,80.25219727,62459,62469,10
12.97889996,80.25254822,62469,62479,10
12.97924042,80.25260162,62479,62489,10
12.97976017,80.25263977,62489,62539,50
12.97976017,80.25263977,62539,62549,10
12.97994995,80.2526474,62549,62560,11
12.98064041,80.25267792,62560,62570,10
12.98174,80.25266266,62570,62580,10
12.98311043,80.25257111,62580,62590,10
12.98460007,80.25222778,62590,62600,10
12.9858799,80.2518692,62600,62610,10
12.98655987,80.25167847,62610,62620,10
12.98738956,80.25144196,62620,62711,91
12.98738956,80.25144196,62711,62721,10
12.98746014,80.25138092,62721,62731,10
12.98789978,80.251297,62731,62741,10
12.98882008,80.25106812,62741,62751,10
12.98935986,80.2509079,62751,62762,11
12.98943043,80.25090027,62762,62772,10
12.98999977,80.2507782,62772,62782,10
12.99100971,80.25054169,62782,62792,10
12.99232006,80.25022888,62792,62802,10
12.99376011,80.24987793,62802,62812,10
12.99518013,80.24952698,62812,62822,10
12.99664974,80.24912262,62822,62832,10
12.99831009,80.24871063,62832,62842,10
13.00006008,80.24829102,62842,62852,10
13.00175953,80.2478714,62852,62863,11
13.00339031,80.24752808,62863,62873,10
13.00463963,80.2473526,62873,62883,10
13.00572014,80.24716187,62883,62893,10
13.00640965,80.24664307,62893,62903,10
13.00646019,80.246521,62903,62913,10
13.00652027,80.24642181,62913,62923,10
13.00660992,80.24604034,62923,62933,10
13.00664043,80.24521637,62933,62943,10
13.00662041,80.24417877,62943,62953,10
13.00662041,80.24324799,62953,62969,16
13.00662994,80.24204254,62969,62982,13
13.00667953,80.24098206,62982,62992,10
13.00683022,80.24018097,62992,63002,10
13.00699997,80.2392807,63002,63011,9
13.00714016,80.23857117,63011,63022,11
13.00726986,80.23776245,63022,63031,9
13.00737,80.23718262,63031,63041,10
13.00741005,80.23681641,63041,63052,11
13.00751972,80.23648071,63052,63062,10
13.00772953,80.23526764,63062,63082,20
13.00772953,80.23526764,63082,63093,11
13.00782967,80.23496246,63093,63103,10
13.00796986,80.23420715,63103,63113,10
13.00819969,80.23301697,63113,63123,10
13.00846004,80.23168945,63123,63132,9
13.00868988,80.23052979,63132,63142,10
13.00899982,80.22901917,63142,63153,11
13.00948048,80.22749329,63153,63163,10
13.01008034,80.22621155,63163,63174,11
13.01049042,80.22531128,63174,63184,10
13.0106802,80.2249527,63184,63194,10
13.01089954,80.22442627,63194,63204,10
13.01121998,80.22368622,63204,63214,10
13.01156998,80.22286224,63214,63224,10
13.01187992,80.22193909,63224,63234,10
13.01233959,80.22158051,63234,63243,9
13.01261997,80.22199249,63243,63254,11
13.01336956,80.22279358,63254,63264,10
13.01406002,80.22360992,63264,63275,11
13.01476002,80.22422791,63275,63285,10
13.01511955,80.224617,63285,63295,10
13.01521015,80.22473145,63295,63305,10
13.01548958,80.22493744,63305,63315,10
13.01556015,80.22499847,63315,63325,10
13.01578045,80.22521973,63325,63335,10
13.01653004,80.22531128,63335,63345,10
13.01745987,80.22498322,63345,63355,10
13.01844978,80.22457886,63355,63365,10
13.01935005,80.22444916,63365,63376,11
13.02021027,80.22489929,63376,63386,10
13.02089024,80.22537994,63386,63396,10
13.02153015,80.22589111,63396,63406,10
13.02223969,80.22638702,63406,63416,10
13.02250957,80.22660828,63416,63446,30
13.02250957,80.22660828,63446,63456,10
13.02272987,80.22685242,63456,63466,10
13.02330971,80.22737122,63466,63477,11
13.02429008,80.22840118,63477,63497,20
13.02429008,80.22840118,63497,63507,10
13.02445984,80.2286377,63507,63517,10
13.02482033,80.22915649,63517,63527,10
13.02528,80.22975159,63527,63537,10
13.02571011,80.23043823,63537,63547,10
13.0259304,80.2309494,63547,63557,10
13.0260601,80.23142242,63557,63567,10
13.02622986,80.23201752,63567,63578,11
13.02649975,80.23277283,63578,63588,10
13.02684021,80.2333374,63588,63598,10
13.02727985,80.23409271,63598,63608,10
13.02772045,80.23490143,63608,63618,10
13.02814007,80.23561096,63618,63628,10
13.02869987,80.23625946,63628,63638,10
13.02931976,80.23690033,63638,63648,10
13.02962971,80.23719788,63648,63658,10
13.02968025,80.23731232,63658,63668,10
13.02997971,80.2378006,63668,63679,11
13.03040028,80.23847198,63679,63689,10
13.03075981,80.2390213,63689,63719,30
13.03085995,80.23937225,63719,63769,50
13.03085995,80.23937225,63769,63780,11
13.03110981,80.23973083,63780,63790,10
13.03125954,80.24002075,63790,63800,10
13.03139019,80.24040985,63800,63810,10
13.0314703,80.24091339,63810,63820,10
13.03172016,80.24140167,63820,63830,10
13.03195953,80.24188995,63830,63840,10
13.03234959,80.24240112,63840,63850,10
13.03281975,80.24302673,63850,63860,10
13.03337955,80.24375916,63860,63870,10
13.03394032,80.24452972,63870,63881,11
13.03452015,80.2452774,63881,63891,10
13.03499985,80.24582672,63891,63901,10
13.03522015,80.24598694,63901,63911,10
13.03544044,80.24606323,63911,63921,10
13.03565979,80.24611664,63921,63941,20
13.03565979,80.24611664,63941,63951,10
13.03579998,80.24620056,63951,63961,10
13.03604031,80.24635315,63961,63971,10
13.03656006,80.24645996,63971,63981,10
13.03724003,80.24655914,63981,63992,11
13.03783035,80.246521,63992,64002,10
13.03837013,80.24667358,64002,64012,10
13.0389204,80.24680328,64012,64032,20
13.0389204,80.24680328,64032,64042,10
13.03913021,80.24690247,64042,64052,10
13.03960037,80.24700165,64052,64062,10
13.04032993,80.24712372,64062,64072,10
13.0412302,80.24729919,64072,64082,10
13.04197979,80.24746704,64082,64093,11
13.04261017,80.24765778,64093,64103,10
13.04306984,80.24783325,64103,64113,10
13.04364967,80.24793243,64113,64123,10
13.04411983,80.24784851,64123,64133,10
13.04454994,80.24790955,64133,64143,10
13.04498005,80.24806213,64143,64153,10
13.04537964,80.24822235,64153,64163,10
13.04590988,80.24846649,64163,64173,10
13.04650021,80.24849701,64173,64183,10
13.04687023,80.24842834,64183,64194,11
13.04689026,80.24842834,64194,64204,10
13.04718971,80.24849701,64204,64214,10
13.04759979,80.24880981,64214,64224,10
13.04788017,80.24906921,64224,64234,10
13.04817963,80.24938965,64234,64244,10
13.04872036,80.24963379,64244,64254,10
13.04944038,80.2497406,64254,64264,10
13.0504303,80.24994659,64264,64274,10
13.05150032,80.2502594,64274,64284,10
13.05228043,80.25093842,64284,64295,11
13.05298042,80.2518692,64295,64305,10
13.05366039,80.25279999,64305,64315,10
13.05430031,80.25369263,64315,64325,10
13.05490017,80.25447845,64325,64335,10
13.05541992,80.25517273,64335,64345,10
13.05580997,80.25567627,64345,64355,10
13.05611038,80.25611877,64355,64365,10
13.05636978,80.2564621,64365,64374,9
13.05675983,80.25685883,64374,64385,11
13.05745983,80.25747681,64385,64396,11
13.0578804,80.25788879,64396,64406,10
13.05828953,80.25837708,64406,64416,10
13.05871964,80.25891113,64416,64426,10
13.05910015,80.25942993,64426,64436,10
13.05943966,80.25998688,64436,64446,10
13.05992031,80.26039124,64446,64456,10
13.06064034,80.26119995,64456,64476,20
13.06064034,80.26119995,64476,64486,10
13.06083012,80.26141357,64486,64497,11
13.0612402,80.26196289,64497,64507,10
13.06165981,80.26241302,64507,64517,10
13.06215,80.26306915,64517,64527,10
13.0627203,80.26377106,64527,64537,10
13.06330013,80.26445007,64537,64547,10
13.06375027,80.26519012,64547,64557,10
13.0639801,80.26554871,64557,64567,10
13.0642004,80.26583099,64567,64577,10
13.06435966,80.26605225,64577,64587,10
13.06453991,80.26622772,64587,64598,11
13.06466007,80.26641083,64598,64608,10
13.06476974,80.2665863,64608,64618,10
13.06488991,80.26676178,64618,64628,10
13.06513977,80.26701355,64628,64638,10
13.06562996,80.26734924,64638,64648,10
13.06569004,80.26741791,64648,64658,10
13.06579971,80.26757813,64658,64668,10
13.06616974,80.26806641,64668,64678,10
13.06649971,80.26837921,64678,64688,10
13.06678009,80.2685318,64688,64699,11
13.06704998,80.26870728,64699,64709,10
13.06733036,80.26886749,64709,64719,10
13.06785011,80.2692337,64719,64729,10
13.06826973,80.26954651,64729,64739,10
13.06826973,80.26991272,64739,64755,16
13.06816006,80.27100372,64755,64767,12
13.06830978,80.27153015,64767,64775,8
13.06846046,80.27172089,64775,64787,12
13.06892014,80.2719574,64787,64797,10
13.06933975,80.27230835,64797,64808,11
13.06999016,80.27301025,64808,64818,10
13.07042027,80.27352142,64818,64828,10
13.07094955,80.27404785,64828,64848,20
13.07094955,80.27404785,64848,64858,10
13.07145023,80.27420807,64858,64909,51
13.07145023,80.27420807,64909,64919,10
13.0717802,80.27436829,64919,64929,10
13.07211018,80.27469635,64929,64939,10
13.07256985,80.27522278,64939,64949,10
13.07314014,80.27581024,64949,64959,10
13.07359982,80.27626801,64959,64969,10
13.07437992,80.27635193,64969,64979,10
13.07516956,80.27629852,64979,64989,10
13.07598019,80.27629089,64989,64999,10
13.0766201,80.27626038,64999,65010,11
13.07754993,80.27619934,65010,65020,10
13.07818985,80.27578735,65020,65030,10
13.07874966,80.27513885,65030,65040,10
13.07971001,80.27529907,65040,65050,10
13.08082962,80.27519989,65050,65121,71
13.08082962,80.27519989,65121,65131,10
13.08104038,80.27516937,65131,65141,10
13.08127975,80.27514648,65141,65151,10
13.08141994,80.2751236,65151,65161,10
13.08172989,80.275177,65161,65171,10
13.08203983,80.27536011,65171,65222,51
13.08203983,80.27536011,65222,65232,10
13.08213997,80.27574921,65232,65888,656
13.08213997,80.27574921,65888,65898,10
13.08197975,80.27597809,65898,65908,10
13.08187962,80.27604675,65908,65919,11
13.08185959,80.27646637,65919,65929,10
13.08191013,80.27696228,65929,65939,10
13.08199978,80.27758026,65939,65949,10
13.08207989,80.27799988,65949,65959,10
13.08216,80.2783432,65959,65989,30
13.08216,80.2783432,65989,65999,10
13.08195972,80.27829742,65999,66009,10
13.08189964,80.27776337,66009,66020,11
13.08174992,80.27655792,66020,66030,10
13.08152008,80.27548218,66030,66050,20
13.08152008,80.27548218,66050,66060,10
13.08146,80.27526093,66060,66070,10
13.08125973,80.27516174,66070,66080,10
13.08073044,80.27523804,66080,66090,10
13.08008957,80.27529907,66090,66100,10
13.07952023,80.27529907,66100,66110,10
13.07884026,80.27516937,66110,66121,11
13.07824039,80.27570343,66121,66131,10
13.07773018,80.27622986,66131,66141,10
13.07693958,80.27626801,66141,66151,10
13.07623959,80.27631378,66151,66161,10
13.07549953,80.27632904,66161,66171,10
13.07478046,80.27635193,66171,66181,10
13.07390022,80.27644348,66181,66211,30
13.07390022,80.27644348,66211,66222,11
13.07357979,80.27646637,66222,66231,9
13.07303047,80.27591705,66231,66242,11
13.07215023,80.27497101,66242,66252,10
13.07131004,80.27449799,66252,66262,10
13.07065964,80.27419281,66262,66272,10
13.07057953,80.27401733,66272,66282,10
13.07034016,80.27349854,66282,66292,10
13.06976032,80.27281952,66292,66302,10
13.06912994,80.27216339,66302,66312,10
13.06865025,80.27197266,66312,66373,61
13.06865025,80.27197266,66373,66383,10
13.06847,80.2719574,66383,66393,10
13.06818008,80.271698,66393,66403,10
13.06797981,80.27121735,66403,66413,10
13.06772995,80.27078247,66413,66423,10
13.06696987,80.27010345,66423,66434,11
13.06643963,80.26905823,66434,66444,10
13.06624031,80.26834106,66444,66454,10
13.0658102,80.26783752,66454,66464,10
13.06536961,80.26767731,66464,66474,10
13.06534004,80.26766968,66474,66484,10
13.06511974,80.26760101,66484,66494,10
13.06474018,80.26753998,66494,66504,10
13.06457043,80.26750183,66504,66514,10
13.06422043,80.26741791,66514,66525,11
13.06404018,80.26740265,66525,66535,10
13.06377029,80.26737213,66535,66545,10
13.06357956,80.26732635,66545,66555,10
13.06332016,80.26728058,66555,66565,10
13.06309986,80.26719666,66565,66575,10
13.06282997,80.26712036,66575,66585,10
13.0625,80.26682281,66585,66595,10
13.06219006,80.26641846,66595,66605,10
13.06175995,80.26589966,66605,66615,10
13.0614996,80.26558685,66615,66626,11
13.06110001,80.26521301,66626,66636,10
13.06070042,80.26531219,66636,66646,10
13.06066036,80.26534271,66646,66656,10
13.06033993,80.26548004,66656,66666,10
13.05980968,80.26561737,66666,66676,10
13.05955982,80.26560974,66676,66686,10
13.0589304,80.26544952,66686,66706,20
13.0589304,80.26544952,66706,66723,17
13.05871964,80.26541901,66723,66735,12
13.05827045,80.26529694,66735,66745,10
13.05799961,80.26489258,66745,66755,10
13.05795002,80.26439667,66755,66765,10
13.05790043,80.2639389,66765,66775,10
13.0577898,80.26328278,66775,66785,10
13.05778027,80.26293945,66785,66795,10
13.05776024,80.26270294,66795,66805,10
13.05770016,80.26235962,66805,66815,10
13.05760002,80.26190186,66815,66826,11
13.05751038,80.26145172,66826,66836,10
13.05739975,80.26103973,66836,66846,10
13.05723,80.26036072,66846,66856,10
13.05704975,80.25980377,66856,66866,10
13.05681038,80.25895691,66866,66886,20
13.05681038,80.25895691,66886,66896,10
13.0567503,80.2587204,66896,66906,10
13.05663967,80.25836945,66906,66916,10
13.05661964,80.25833893,66916,66926,10
13.05655956,80.25789642,66926,66937,11
13.05648041,80.25749207,66937,66947,10
13.05648041,80.25747681,66947,66957,10
13.05642986,80.25731659,66957,66967,10
13.05634022,80.25689697,66967,66977,10
13.05626965,80.25653839,66977,66987,10
13.05597973,80.25602722,66987,66997,10
13.05545998,80.25533295,66997,67007,10
13.05486012,80.25450134,67007,67017,10
13.05424023,80.25369263,67017,67027,10
13.05360031,80.25280762,67027,67038,11
13.05282021,80.2517395,67038,67047,9
13.0521698,80.25089264,67047,67058,11
13.05136013,80.25019836,67058,67068,10
13.05041027,80.24993896,67068,67078,10
13.04940987,80.24977112,67078,67087,9
13.04881954,80.24976349,67087,67098,11
13.04854012,80.24970245,67098,67108,10
13.0481596,80.24948883,67108,67118,10
13.04759026,80.24897766,67118,67128,10
13.04710007,80.24868011,67128,67139,11
13.04675961,80.24861908,67139,67149,10
13.04601002,80.2484436,67149,67159,10
13.04531956,80.24823761,67159,67169,10
13.04473019,80.24806213,67169,67179,10
13.04403973,80.24794769,67179,67189,10
13.04354,80.24784088,67189,67199,10
13.04294968,80.24777222,67199,67209,10
13.04236031,80.24765778,67209,67219,10
13.04154015,80.24745941,67219,67229,10
13.04059982,80.24727631,67229,67240,11
13.03993988,80.24716949,67240,67250,10
13.0396204,80.24713135,67250,67260,10
13.03919983,80.24697876,67260,67270,10
13.03862953,80.24681091,67270,67280,10
13.03820038,80.24674225,67280,67290,10
13.03765965,80.2466507,67290,67300,10
13.0374403,80.24662018,67300,67310,10
13.03713989,80.24658203,67310,67320,10
13.03689957,80.24653625,67320,67330,10
13.03658009,80.24645996,67330,67341,11
13.03606033,80.24635315,67341,67351,10
13.03557968,80.24617004,67351,67371,20
13.03557968,80.24617004,67371,67381,10
13.03516006,80.24597168,67381,67401,20
13.03516006,80.24597168,67401,67411,10
13.03495026,80.2458725,67411,67421,10
13.03454971,80.2454071,67421,67431,10
13.03398991,80.24472046,67431,67442,11
13.0333004,80.24382019,67442,67452,10
13.03258991,80.24291229,67452,67462,10
13.03201008,80.24215698,67462,67482,20
13.03201008,80.24215698,67482,67492,10
13.03190041,80.2420578,67492,67502,10
13.03184032,80.24185944,67502,67512,10
13.03164005,80.24143982,67512,67522,10
13.03135967,80.24095917,67522,67532,10
13.03118992,80.24047089,67532,67631,99
13.03118992,80.24047089,67631,67641,10
13.03106022,80.24004364,67641,67652,11
13.03075981,80.23934937,67652,67662,10
13.03038025,80.23863983,67662,67671,9
13.0298996,80.23782349,67671,67684,13
13.02892971,80.2366333,67684,67694,10
13.02808952,80.23573303,67694,67704,10
13.02752018,80.23484039,67704,67714,10
13.02707958,80.23410797,67714,67724,10
13.02684021,80.23374176,67724,67734,10
13.02661037,80.23338318,67734,67744,10
13.02628994,80.23281097,67744,67755,11
13.02606964,80.2321167,67755,67790,35
13.02606964,80.2321167,67790,67800,10
13.02600002,80.23164368,67800,67810,10
13.02583981,80.23120117,67810,67820,10
13.02554035,80.23043823,67820,67829,9
13.0250597,80.22972107,67829,67840,11
13.02462006,80.22915649,67840,67850,10
13.02433014,80.22875977,67850,67863,13
13.02385044,80.22815704,67863,67873,10
13.02348995,80.22776794,67873,67923,50
13.02348995,80.22776794,67923,67933,10
13.02338982,80.22766113,67933,67943,10
13.02322006,80.22747803,67943,67954,11
13.02280045,80.22709656,67954,67964,10
13.02241993,80.22672272,67964,67974,10
13.02196026,80.22628021,67974,67984,10
13.02140999,80.22586823,67984,67994,10
13.02071953,80.22535706,67994,68004,10
13.01992989,80.224823,68004,68014,10
13.01908016,80.22444153,68014,68024,10
13.01811028,80.22471619,68024,68034,10
13.01727962,80.22511292,68034,68044,10
13.01698971,80.22525024,68044,68055,11
13.01698017,80.22525024,68055,68065,10
13.01686954,80.22532654,68065,68075,10
13.01673985,80.22537231,68075,68085,10
13.01657963,80.22544098,68085,68095,10
13.01638031,80.22547913,68095,68105,10
13.01597977,80.22561646,68105,68115,10
13.01541042,80.22583008,68115,68125,10
13.01490974,80.22605133,68125,68135,10
13.01463032,80.22614288,68135,68145,10
13.01432991,80.22627258,68145,68156,11
13.01430988,80.22628021,68156,68166,10
13.01416016,80.22631836,68166,68176,10
13.01377964,80.22646332,68176,68186,10
13.01323032,80.22666931,68186,68196,10
13.01255989,80.22692871,68196,68206,10
13.01196003,80.22718048,68206,68216,10
13.01126003,80.2274704,68216,68226,10
13.01051044,80.22776794,68226,68236,10
13.0097599,80.22808838,68236,68246,10
13.00916004,80.2285614,68246,68257,11
13.00897026,80.22942352,68257,68267,10
13.00876999,80.23033905,68267,68277,10
13.00860023,80.23117065,68277,68287,10
13.00841999,80.23209381,68287,68297,10
13.00823975,80.23342896,68297,68327,30
13.00823975,80.23342896,68327,68337,10
13.00815964,80.23368073,68337,68347,10
13.00807953,80.23400116,68347,68358,11
13.00798035,80.23455048,68358,68368,10
13.00784969,80.23522186,68368,68378,10
13.00769043,80.2359314,68378,68388,10
13.00753021,80.23670197,68388,68398,10
13.00749016,80.23690033,68398,68408,10
13.00741005,80.23737335,68408,68418,10
13.0072403,80.23815918,68418,68428,10
13.00708008,80.2389679,68428,68438,10
13.00702,80.23935699,68438,68448,10
13.00697994,80.23967743,68448,68459,11
13.00693035,80.23992157,68459,68469,10
13.00691032,80.2401123,68469,68479,10
13.0067997,80.24079132,68479,68489,10
13.00671959,80.24172211,68489,68499,10
13.00673008,80.24205017,68499,68509,10
13.00673008,80.24230194,68509,68519,10
13.00673008,80.24255371,68519,68529,10
13.00671959,80.24310303,68529,68549,20
13.00671959,80.24310303,68549,68560,11
13.00671959,80.24368286,68560,68570,10
13.00673008,80.24417114,68570,68580,10
13.00675011,80.24462128,68580,68590,10
13.00675011,80.24504089,68590,68600,10
13.00673962,80.24552917,68600,68610,10
13.00673962,80.24600983,68610,68620,10
13.00673962,80.24622345,68620,68630,10
13.00675011,80.24645233,68630,68640,10
13.00675011,80.24690247,68640,68691,51
13.00675011,80.24690247,68691,68701,10
13.00677013,80.24723816,68701,68711,10
13.00646973,80.24743652,68711,68721,10
13.00613022,80.24745178,68721,68731,10
13.00611973,80.24745178,68731,68741,10
13.00586987,80.24742889,68741,68751,10
13.00545025,80.24741364,68751,68761,10
13.00473976,80.24742889,68761,68772,11
13.00370979,80.24752045,68772,68782,10
13.00271034,80.24767303,68782,68792,10
13.00144005,80.24796295,68792,68802,10
13.00028038,80.24822235,68802,68812,10
12.99911976,80.24851227,68812,68822,10
12.99790001,80.24881744,68822,68832,10
12.99664974,80.24915314,68832,68842,10
12.99549961,80.2494812,68842,68852,10
12.99438,80.24976349,68852,68862,10
12.99330044,80.25003052,68862,68873,11
12.99213028,80.25028992,68873,68883,10
12.99106026,80.25054169,68883,68893,10
12.98991966,80.25087738,68893,68903,10
12.98898029,80.25115967,68903,68913,10
12.98840046,80.251297,68913,69062,149
12.98840046,80.251297,69062,69073,11
12.9881897,80.25131226,69073,69082,9
12.98789978,80.25141144,69082,69091,9
12.98752022,80.25150299,69091,69103,12
12.98705959,80.25164032,69103,69113,10
12.98653984,80.25177765,69113,69123,10
12.9861002,80.25187683,69123,69133,10
12.98521996,80.25211334,69133,69143,10
12.98419952,80.25234985,69143,69153,10
12.98314953,80.25261688,69153,69163,10
12.98225975,80.25267029,69163,69174,11
12.98114014,80.25272369,69174,69184,10
12.98038006,80.25273895,69184,69193,9
12.97988033,80.25273895,69193,69204,11
12.97924042,80.25267792,69204,69214,10
12.97871971,80.25260925,69214,69224,10
12.97867966,80.25260162,69224,69234,10
12.97844982,80.25247192,69234,69244,10
12.97830009,80.25238037,69244,69254,10
12.97782993,80.25196838,69254,69264,10
12.97700977,80.25135803,69264,69275,11
12.97595978,80.25102997,69275,69285,10
12.97502995,80.25074768,69285,69295,10
12.97385025,80.25041962,69295,69305,10
12.97257042,80.25009918,69305,69315,10
12.97132969,80.24977112,69315,69325,10
12.9698,80.24925995,69325,69335,10
12.96848011,80.24877167,69335,69345,10
12.9673996,80.24835968,69345,69355,10
12.96691036,80.24809265,69355,69365,10
12.96636009,80.24781799,69365,69376,11
12.96520042,80.24743652,69376,69396,20
12.96520042,80.24743652,69396,69406,10
12.96473026,80.24726105,69406,69416,10
12.96401978,80.24697876,69416,69426,10
12.96352005,80.24675751,69426,69436,10
12.96278,80.24638367,69436,69446,10
12.96222973,80.24611664,69446,69456,10
12.96144009,80.2457428,69456,69466,10
12.96063995,80.24536133,69466,69477,11
12.95975018,80.24497986,69477,69487,10
12.95962048,80.24491882,69487,69497,10
12.95956993,80.24488831,69497,69507,10
12.95915985,80.24472046,69507,69517,10
12.95847034,80.24437714,69517,69527,10
12.95796013,80.24417877,69527,69537,10
12.95744038,80.24397278,69537,69547,10
12.95654011,80.24369049,69547,69578,31
12.95654011,80.24369049,69578,69588,10
12.9558897,80.24337769,69588,69598,10
12.95505047,80.24294281,69598,69608,10
12.9540596,80.24252319,69608,69618,10
12.95316982,80.24217224,69618,69628,10
12.95232964,80.24185944,69628,69638,10
12.9517498,80.24167633,69638,69658,20
12.9517498,80.24167633,69658,69668,10
12.95125008,80.24149323,69668,69679,11
12.95028019,80.24120331,69679,69689,10
12.94935036,80.24092865,69689,69699,10
12.94869995,80.24066162,69699,69709,10
12.94779015,80.24024963,69709,69719,10
12.94707966,80.2399826,69719,69729,10
12.94698048,80.23995209,69729,69739,10
12.94682026,80.23988342,69739,69749,10
12.94620991,80.23960876,69749,69759,10
12.9453001,80.23915863,69759,69769,10
12.94447994,80.23834229,69769,69780,11
12.94347,80.23732758,69780,69789,9
12.94260979,80.23658752,69789,69800,11
12.94118977,80.23615265,69800,69810,10
12.94007015,80.23589325,69810,69820,10
12.93976021,80.23577118,69820,69830,10
12.93974018,80.23578644,69830,69840,10
12.93922997,80.23552704,69840,69850,10
12.93832016,80.23506165,69850,69860,10
12.93717003,80.23448181,69860,69870,10
12.93603992,80.23391724,69870,69880,10
12.93523979,80.23355103,69880,69891,11
12.93424034,80.23313141,69891,69907,16
12.93383026,80.23294067,69907,69919,12
12.93373966,80.23291779,69919,69929,10
12.93338013,80.23272705,69929,69939,10
12.93229961,80.23229218,69939,69949,10
12.93101025,80.2318573,69949,69959,10
12.92967987,80.23150635,69959,69969,10
12.92887974,80.23132324,69969,69979,10
12.92825985,80.23123169,69979,69990,11
12.92706013,80.2310791,69990,70000,10
12.92613029,80.23098755,70000,70010,10
12.92599964,80.23097992,70010,70020,10
12.92545033,80.23087311,70020,70030,10
12.92453003,80.2307663,70030,70040,10
12.92327976,80.23061371,70040,70050,10
12.9218502,80.2303772,70050,70060,10
12.92033958,80.23020172,70060,70070,10
12.91889954,80.23001862,70070,70080,10
12.91759014,80.2298584,70080,70091,11
12.91644001,80.22969818,70091,70101,10
12.91536045,80.22955322,70101,70111,10
12.91436958,80.22940826,70111,70121,10
12.91384029,80.22931671,70121,70131,10
12.91327953,80.22930145,70131,70141,10
12.91322994,80.22930145,70141,70152,11
12.91285992,80.22923279,70152,70163,11
12.91189003,80.22907257,70163,70173,10
12.91065025,80.22888184,70173,70183,10
12.90927029,80.22865295,70183,70194,11
12.90797997,80.22846222,70194,70203,9
12.9073,80.22837067,70203,70214,11
12.90699959,80.22834778,70214,70224,10
12.9064703,80.22827911,70224,70234,10
12.90587997,80.22827911,70234,70244,10
12.90557957,80.22825623,70244,70254,10
12.90485954,80.22817993,70254,70264,10
12.90377998,80.22812653,70264,70274,10
12.90260029,80.22805786,70274,70284,10
12.90167999,80.22801971,70284,70295,11
12.90132046,80.22799683,70295,70305,10
12.9012804,80.22801208,70305,70315,10
12.90118027,80.22807312,70315,70325,10
12.90081978,80.22801208,70325,70335,10
12.90030003,80.22796631,70335,70345,10
12.89949036,80.22792053,70345,70365,20
12.89949036,80.22792053,70365,70375,10
12.89931965,80.22788239,70375,70385,10
12.89885998,80.22783661,70385,70396,11
12.89807987,80.22781372,70396,70406,10
12.8971796,80.22776031,70406,70416,10
12.8961401,80.22772217,70416,70426,10
12.89507961,80.22766876,70426,70436,10
12.8940897,80.22762299,70436,70462,26
12.8940897,80.22762299,70462,70474,12
12.89371967,80.22756958,70474,70482,8
12.89315033,80.2275238,70482,70556,74
12.89315033,80.2275238,70556,70566,10
12.89295959,80.22749329,70566,70576,10
12.89274025,80.22746277,70576,70586,10
12.89229965,80.22741699,70586,70597,11
12.89151955,80.22737122,70597,70607,10
12.89056969,80.22736359,70607,70617,10
12.88955021,80.22736359,70617,70627,10
12.88856983,80.22734833,70627,70637,10
12.88782978,80.22730255,70637,70647,10
12.88720036,80.227211,70647,70657,10
12.88632965,80.22702026,70657,70667,10
12.88543987,80.22680664,70667,70677,10
12.88500023,80.22673798,70677,70687,10
12.88486958,80.22672272,70687,70698,11
12.88444042,80.22670746,70698,70708,10
12.88354015,80.22669983,70708,70718,10
12.88230038,80.22669983,70718,70728,10
12.88113976,80.22670746,70728,70738,10
12.8801899,80.22673035,70738,70748,10
12.87917042,80.22676086,70748,70758,10
12.87814045,80.22683716,70758,70768,10
12.87718964,80.22691345,70768,70778,10
12.87666988,80.22695923,70778,70788,10
12.8766098,80.22696686,70788,70799,11
12.87644005,80.22698212,70799,70809,10
12.8758297,80.22698212,70809,70819,10
12.87489986,80.22689819,70819,70829,10
12.8739996,80.22679138,70829,70839,10
12.8731699,80.22672272,70839,70849,10
12.87279987,80.22673035,70849,70859,10
12.87267971,80.22667694,70859,70869,10
12.87203979,80.22666168,70869,70879,10
12.87092972,80.22662354,70879,70895,16
12.86861992,80.22640991,70895,70908,13
12.86655998,80.22654724,70908,70918,10
12.86487007,80.22657776,70918,70928,10
12.86324024,80.22653961,70928,70938,10
12.86198997,80.22657776,70938,70948,10
12.86106968,80.22662354,70948,70957,9
12.86093044,80.22660065,70957,70967,10
12.86085033,80.22659302,70967,70978,11
12.86017036,80.22648621,70978,70988,10
12.85914993,80.22634888,70988,70998,10
12.85838985,80.22625732,70998,71009,11
12.85725021,80.22628021,71009,71019,10
12.85589981,80.2264328,71019,71029,10
12.85443974,80.22657776,71029,71039,10
12.85286999,80.22670746,71039,71049,10
12.85124016,80.22664642,71049,71059,10
12.84961033,80.22660065,71059,71069,10
12.84801006,80.22660065,71069,71079,10
12.84657955,80.22660828,71079,71089,10
12.84539032,80.22662354,71089,71110,21
12.84539032,80.22662354,71110,71120,10
12.84525967,80.22662354,71120,71130,10
12.84461021,80.22666168,71130,71140,10
12.84354019,80.22676849,71140,71150,10
12.84234047,80.22701263,71150,71160,10
12.84111023,80.2273407,71160,71170,10
12.84022045,80.22756958,71170,71180,10
12.83977032,80.22766113,71180,71190,10
12.83975029,80.22766113,71190,71200,10
12.83950996,80.22773743,71200,71211,11
12.83868027,80.22798157,71211,71221,10
12.83749962,80.22824097,71221,71231,10
12.83609962,80.22843933,71231,71241,10
12.83471966,80.22866821,71241,71251,10
12.83353043,80.22888947,71251,71267,16
12.8322897,80.22914886,71267,71279,12
12.83228016,80.22914124,71279,71289,10
12.83195972,80.22924805,71289,71310,21
12.83195972,80.22924805,71310,71319,9
12.83164024,80.22933197,71319,71329,10
12.83106995,80.22947693,71329,71340,11
12.83018017,80.22982025,71340,71350,10
12.82929993,80.23013306,71350,71359,9
12.82837963,80.23058319,71359,71370,11
12.82730007,80.23119354,71370,71380,10
12.82600021,80.23143005,71380,71390,10
12.82479,80.23143005,71390,71400,10
12.82371998,80.23116302,71400,71411,11
12.82250977,80.2307663,71411,71421,10
12.82153034,80.23052216,71421,71431,10
12.82098007,80.23046875,71431,71441,10
12.82013988,80.23047638,71441,71451,10
12.81917953,80.23052216,71451,71461,10
12.81886005,80.23049927,71461,71471,10
12.81879044,80.23049164,71471,71481,10
12.81832027,80.23026276,71481,71491,10
12.81737995,80.22982025,71491,71501,10
12.81610012,80.2294693,71501,71512,11
12.81443977,80.22921753,71512,71522,10
12.81295967,80.22879791,71522,71532,10
12.81155014,80.22828674,71532,71542,10
12.81025028,80.2277832,71542,71552,10
12.80916977,80.22727203,71552,71562,10
12.80817986,80.22647858,71562,71572,10
12.80733967,80.22576141,71572,71582,10
12.80677032,80.22527313,71582,71592,10
12.80618954,80.22476196,71592,71602,10
12.80562019,80.22427368,71602,71613,11
12.80508995,80.22403717,71613,71623,10
12.80498028,80.22402191,71623,71633,10
12.80469036,80.22396088,71633,71643,10
12.80403042,80.22392273,71643,71653,10
12.80329037,80.22386169,71653,71663,10
12.80251026,80.22376251,71663,71673,10
12.8015604,80.22364807,71673,71683,10
12.80084991,80.22361755,71683,71693,10
12.80047035,80.22357178,71693,71703,10
12.79957962,80.22348022,71703,71714,11
12.79823971,80.22335815,71714,71724,10
12.7969799,80.22319794,71724,71734,10
12.79603958,80.22303772,71734,71744,10
12.79582977,80.22299957,71744,71754,10
12.79545975,80.22290039,71754,71764,10
12.79459953,80.22274017,71764,71774,10
12.79354,80.22257233,71774,71784,10
12.79238987,80.22241211,71784,71794,10
12.79131031,80.22215271,71794,71804,10
12.79022026,80.22187805,71804,71815,11
12.78956032,80.22167969,71815,71825,10
12.78927994,80.22155762,71825,71835,10
12.78884029,80.22138214,71835,71845,10
12.78818989,80.22112274,71845,71855,10
12.78767014,80.22093964,71855,71865,10
12.78691959,80.22068024,71865,71895,30
12.78691959,80.22068024,71895,71905,10
12.78654003,80.22052765,71905,71936,31
12.78654003,80.22052765,71936,71946,10
12.78619003,80.22039795,71946,71996,50
12.78619003,80.22039795,71996,72006,10
12.78614044,80.22080231,72006,72017,11
12.78616047,80.22109985,72017,72027,10
12.78617954,80.22148132,72027,72037,10
12.78621006,80.22180176,72037,72047,10
12.7862196,80.22206879,72047,74915,2868
12.7862196,80.22206879,74915,74925,10
12.78617954,80.22160339,74925,74936,11
12.78616047,80.22125244,74936,74956,20
12.78616047,80.22125244,74956,74966,10
12.78617001,80.22067261,74966,75006,40
12.78631973,80.22032166,75006,75037,31
12.78631973,80.22032166,75037,75047,10
12.78666973,80.22045898,75047,75057,10
12.78687954,80.22057343,75057,75067,10
12.78722954,80.22070313,75067,75077,10
12.78767967,80.22087097,75077,75087,10
12.78826046,80.22109985,75087,75097,10
12.7889204,80.22133636,75097,75107,10
12.7896204,80.22160339,75107,75117,10
12.79018974,80.22177124,75117,75127,10
12.79094028,80.22196198,75127,75138,11
12.7918396,80.22219086,75138,75148,10
12.7927103,80.22236633,75148,75158,10
12.79354,80.22248077,75158,75168,10
12.79456043,80.22263336,75168,75178,10
12.7954998,80.22277832,75178,75188,10
12.79621029,80.2228775,75188,75198,10
12.7962904,80.22290039,75198,75208,10
12.79650021,80.22293091,75208,75218,10
12.79695034,80.22302246,75218,75228,10
12.79759979,80.22315216,75228,75239,11
12.79841042,80.22324371,75239,75249,10
12.79922962,80.22332001,75249,75259,10
12.8000803,80.2233963,75259,75269,10
12.80097961,80.22350311,75269,75279,10
12.80144024,80.22354126,75279,75289,10
12.80150032,80.22354126,75289,75299,10
12.80187035,80.22358704,75299,75309,10
12.80249023,80.22366333,75309,75325,16
12.80362034,80.22380829,75325,75337,12
12.80455971,80.22389221,75337,75348,11
12.80552959,80.22409821,75348,75369,21
12.80552959,80.22409821,75369,75379,10
12.80580044,80.22428894,75379,75388,9
12.80617046,80.224617,75388,75399,11
12.80694008,80.22531891,75399,75409,10
12.80768967,80.22595215,75409,75419,10
12.80846977,80.22662354,75419,75429,10
12.8092804,80.22724152,75429,75440,11
12.80970955,80.22750854,75440,75450,10
12.81046963,80.22782898,75450,75460,10
12.81159019,80.22827148,75460,75470,10
12.81289959,80.22872925,75470,75480,10
12.81429958,80.22915649,75480,75490,10
12.81573963,80.22937775,75490,75500,10
12.8172102,80.22966766,75500,75510,10
12.81840992,80.23020935,75510,75520,10
12.81943035,80.23046112,75520,75530,10
12.81976986,80.23043823,75530,75541,11
12.81999969,80.23043823,75541,75551,10
12.82083988,80.2304306,75551,75561,10
12.82199955,80.2305603,75561,75571,10
12.82324982,80.23094177,75571,75581,10
12.82452965,80.23124695,75581,75591,10
12.82579041,80.23136902,75591,75601,10
12.8270998,80.23121643,75601,75611,10
12.82830048,80.23058319,75611,75621,10
12.82952023,80.22997284,75621,75631,10
12.83106041,80.22933197,75631,75652,21
12.83106041,80.22933197,75652,75662,10
12.83129025,80.22924042,75662,75672,10
12.83180046,80.22908783,75672,75682,10
12.83246994,80.22895813,75682,75692,10
12.83327961,80.22882843,75692,75702,10
12.8342104,80.22866058,75702,75712,10
12.83520985,80.22849274,75712,75722,10
12.83623981,80.22834015,75722,75732,10
12.83728981,80.22820282,75732,75742,10
12.83831978,80.22799683,75742,75753,11
12.83901978,80.2277832,75753,75763,10
12.83924961,80.22769928,75763,75833,70
12.83924961,80.22769928,75833,75843,10
12.83983994,80.2275238,75843,75854,11
12.84076023,80.22733307,75854,75864,10
12.84193993,80.22702026,75864,75880,16
12.84393024,80.22662354,75880,75892,12
12.84527016,80.22650146,75892,75902,10
12.84541035,80.22650146,75902,75912,10
12.84574032,80.22654724,75912,75922,10
12.84630013,80.22654724,75922,75932,10
12.84718037,80.22654724,75932,75942,10
12.84821987,80.2265625,75942,75952,10
12.84932041,80.22653961,75952,75963,11
12.85011005,80.22653198,75963,75973,10
12.85041046,80.22650909,75973,75984,11
12.85103989,80.22653198,75984,75994,10
12.85206985,80.22657776,75994,76004,10
12.85317993,80.22663879,76004,76014,10
12.85441017,80.22653961,76014,76024,10
12.85575962,80.22637939,76024,76034,10
12.85731983,80.22619629,76034,76044,10
12.85879993,80.22621918,76044,76055,11
12.86032009,80.22644043,76055,76065,10
12.86091995,80.22650909,76065,76075,10
12.86118984,80.22648621,76075,76085,10
12.86207008,80.22648621,76085,76095,10
12.86328983,80.22646332,76095,76105,10
12.86464024,80.22653198,76105,76115,10
12.86606979,80.22653961,76115,76125,10
12.86750031,80.22640991,76125,76135,10
12.86909962,80.22637939,76135,76145,10
12.87078953,80.22657013,76145,76156,11
12.87246037,80.22663116,76156,76166,10
12.87298012,80.22663116,76166,76176,10
12.87337971,80.22664642,76176,76186,10
12.87427998,80.22673035,76186,76196,10
12.8754797,80.22686768,76196,76205,9
12.87637997,80.22689819,76205,76216,11
12.87672997,80.22686005,76216,76226,10
12.87683964,80.22685242,76226,76236,10
12.87738037,80.22679901,76236,76246,10
12.87845039,80.22673798,76246,76257,11
12.87996006,80.22666931,76257,76267,10
12.88138008,80.22664642,76267,76277,10
12.88304043,80.22664642,76277,76287,10
12.88434982,80.22662354,76287,76297,10
12.88508034,80.22660828,76297,76307,10
12.88510036,80.22660828,76307,76317,10
12.88541985,80.2266922,76317,76327,10
12.88624954,80.22692108,76327,76337,10
12.88745022,80.22718048,76337,76347,10
12.88877964,80.22728729,76347,76357,10
12.89023972,80.22727203,76357,76368,11
12.89225006,80.22725677,76368,76408,40
12.89225006,80.22725677,76408,76418,10
12.89237976,80.22725677,76418,76428,10
12.89282036,80.22733307,76428,76438,10
12.89375973,80.22744751,76438,76448,10
12.89507008,80.22756195,76448,76458,10
12.89665031,80.22763062,76458,76469,11
12.89850998,80.22775269,76469,76479,10
12.9000597,80.22783661,76479,76489,10
12.90104008,80.22789764,76489,76499,10
12.90184021,80.22795105,76499,76509,10
12.90252972,80.22795105,76509,76519,10
12.90266037,80.22795868,76519,76529,10
12.90285969,80.2279892,76529,76539,10
12.90357018,80.22801971,76539,76549,10
12.90445042,80.22807312,76549,76559,10
12.90550041,80.22811127,76559,76570,11
12.90655041,80.22815704,76570,76580,10
12.90686035,80.22815704,76580,76590,10
12.90694046,80.22814941,76590,76600,10
12.90746021,80.22824097,76600,76610,10
12.90835953,80.22839355,76610,76620,10
12.90950966,80.22859955,76620,76630,10
12.91075993,80.22881317,76630,76640,10
12.91195965,80.22898865,76640,76650,10
12.91300011,80.22913361,76650,76660,10
12.91372013,80.2292099,76660,76671,11
12.91386986,80.22924805,76671,76681,10
12.91403008,80.22927856,76681,76691,10
12.91456985,80.22936249,76691,76701,10
12.91539955,80.22949219,76701,76711,10
12.91660023,80.22966003,76711,76721,10
12.91792011,80.22984314,76721,76731,10
12.9190197,80.2299881,76731,76741,10
12.92016029,80.23013306,76741,76751,10
12.92146015,80.23029327,76751,76761,10
12.92286968,80.23049927,76761,76772,11
12.92446995,80.23071289,76772,76782,10
12.92582035,80.23085785,76782,76792,10
12.92700958,80.23097992,76792,76802,10
12.92747021,80.23101807,76802,76812,10
12.92794991,80.23108673,76812,76822,10
12.92879009,80.23123932,76822,76832,10
12.92975998,80.23146057,76832,76842,10
12.93087959,80.23175812,76842,76852,10
12.93206024,80.23210907,76852,76862,10
12.93309021,80.23246002,76862,76873,11
12.9337101,80.23272705,76873,76883,10
12.93383026,80.23278809,76883,76893,10
12.93422985,80.23300171,76893,76903,10
12.93515968,80.2334137,76903,76913,10
12.93632984,80.23394775,76913,76923,10
12.93758965,80.23455811,76923,76933,10
12.93879986,80.23513794,76933,76943,10
12.93962955,80.2355423,76943,76953,10
12.93976974,80.23560333,76953,76963,10
12.93982983,80.23561859,76963,76974,11
12.94034958,80.23581696,76974,76983,9
12.94124985,80.2360611,76983,76994,11
12.94262981,80.23648071,76994,77004,10
12.94373035,80.23731232,77004,77014,10
12.94468975,80.23838043,77014,77024,10
12.94563961,80.23924255,77024,77034,10
12.94657993,80.23966217,77034,77044,10
12.94719982,80.23990631,77044,77054,10
12.94727993,80.23993683,77054,77064,10
12.94752026,80.24005127,77064,77074,10
12.94810009,80.24028778,77074,77085,11
12.9487896,80.24056244,77085,77123,38
12.9487896,80.24056244,77123,77133,10
12.94904995,80.24066162,77133,77143,10
12.94966984,80.2408905,77143,77153,10
12.95059013,80.24118042,77153,77163,10
12.95108032,80.24128723,77163,77173,10
12.95119953,80.24133301,77173,77184,11
12.95182991,80.24159241,77184,77194,10
12.95275021,80.2419281,77194,77204,10
12.9537096,80.2423172,77204,77214,10
12.95452023,80.24266815,77214,77224,10
12.95506001,80.24289703,77224,77234,10
12.95571995,80.24314117,77234,77244,10
12.95621967,80.24336243,77244,77254,10
12.95625973,80.24337769,77254,77264,10
12.95641041,80.24346161,77264,77275,11
12.95707989,80.24375153,77275,77285,10
12.95798016,80.24411011,77285,77295,10
12.95870018,80.24437714,77295,77305,10
12.95890999,80.24449158,77305,77315,10
12.95938969,80.24472809,77315,77325,10
12.96022034,80.24511719,77325,77335,10
12.96121979,80.2456131,77335,77345,10
12.96230984,80.24616241,77345,77355,10
12.96319008,80.24659729,77355,77365,10
12.96391964,80.24693298,77365,77375,10
12.96463013,80.24719238,77375,77386,11
12.96584988,80.24759674,77386,77396,10
12.96658039,80.24786377,77396,77406,10
12.96665955,80.24790192,77406,77416,10
12.96689987,80.24804688,77416,77426,10
12.96763039,80.24841309,77426,77436,10
12.96875,80.24886322,77436,77446,10
12.96998024,80.24933624,77446,77456,10
12.97122955,80.24977112,77456,77466,10
12.97251034,80.25012207,77466,77475,9
12.97369957,80.25041962,77475,77487,12
12.97531986,80.25089264,77487,77497,10
12.97657967,80.25125885,77497,77507,10
12.97768021,80.25177002,77507,77517,10
12.97838974,80.25232697,77517,77527,10
12.9788599,80.25257874,77527,77537,10
12.97929955,80.25261688,77537,77547,10
12.97937965,80.25261688,77547,77557,10
12.97945023,80.25263214,77557,77567,10
12.97976017,80.25266266,77567,77577,10
12.98019981,80.25267792,77577,77588,11
12.98118973,80.25267029,77588,77604,16
12.98305988,80.25260162,77604,77616,12
12.98456001,80.25222015,77616,77625,9
12.98554039,80.25196075,77625,77636,11
12.98637009,80.2517395,77636,77645,9
12.98690033,80.25157166,77645,77657,12
12.98705006,80.25151825,77657,77667,10
12.98725986,80.25145721,77667,77677,10
12.98766994,80.2513504,77677,77688,11
12.98828983,80.25119781,77688,77698,10
12.98913956,80.2509613,77698,77708,10
12.98939991,80.25090027,77708,77718,10
12.98960972,80.25086212,77718,77728,10
12.99005985,80.25076294,77728,77738,10
12.99108028,80.25050354,77738,77748,10
12.99234009,80.25019073,77748,77758,10
12.99368,80.24984741,77758,77768,10
12.99501991,80.24951935,77768,77778,10
12.99637985,80.24913788,77778,77789,11
12.99806023,80.24873352,77789,77799,10
12.99971962,80.24832916,77799,77808,9
13.0011797,80.24796295,77808,77819,11
13.00269985,80.24761963,77819,77829,10
13.00415039,80.24738312,77829,77839,10
13.00522995,80.2472229,77839,77848,9
13.00607967,80.2469635,77848,77858,10
13.00640011,80.246521,77858,77869,11
13.00644016,80.24645996,77869,77879,10
13.0065403,80.24610138,77879,77890,11
13.00658989,80.24539185,77890,77900,10
13.00652027,80.24461365,77900,77910,10
13.00650024,80.24372864,77910,77920,10
13.00642967,80.24282837,77920,77930,10
13.00642967,80.24175262,77930,77940,10
13.00656033,80.24073792,77940,77949,9
13.00669956,80.23979187,77949,77959,10
13.00691032,80.23861694,77959,77970,11
13.00716972,80.23758698,77970,77980,10
13.00726032,80.23693085,77980,77991,11
13.00730038,80.23677826,77991,78001,10
13.00737953,80.23660278,78001,78011,10
13.00747967,80.23616791,78011,78021,10
13.00761986,80.23548126,78021,78031,10
13.00778008,80.23468018,78031,78041,10
13.00796032,80.23374176,78041,78051,10
13.00813961,80.23271179,78051,78061,10
13.00833988,80.2315979,78061,78071,10
13.00860977,80.2304306,78071,78081,10
13.00883007,80.22917938,78081,78092,11
13.00907993,80.22810364,78092,78102,10
13.0094099,80.22725677,78102,78112,10
13.00990963,80.22619629,78112,78122,10
13.01035976,80.22522736,78122,78132,10
13.01074028,80.22440338,78132,78142,10
13.0111599,80.2233963,78142,78152,10
13.01154041,80.22254181,78152,78162,10
13.01189041,80.22170258,78162,78172,10
13.01229,80.22158051,78172,78182,10
13.01261997,80.22206116,78182,78193,11
13.01333046,80.22279358,78193,78203,10
13.01393032,80.22335052,78203,78213,10
13.01426983,80.22370148,78213,78223,10
13.01451969,80.22395325,78223,78233,10
13.01488018,80.2244873,78233,78243,10
13.01535988,80.22490692,78243,78253,10
13.01548958,80.22499084,78253,78263,10
13.01578045,80.22525787,78263,78273,10
13.01657009,80.22530365,78273,78283,10
13.01760006,80.22492218,78283,78294,11
13.01865005,80.2244873,78294,78304,10
13.01966,80.22457123,78304,78314,10
13.02040005,80.22509003,78314,78324,10
13.02118015,80.22566986,78324,78334,10
13.02200031,80.22625732,78334,78344,10
13.0223999,80.22657013,78344,78354,10
13.02245998,80.22663879,78354,78364,10
13.02285957,80.22702789,78364,78374,10
13.0235796,80.22773743,78374,78384,10
13.02435017,80.22859192,78384,78395,11
13.02507019,80.22958374,78395,78405,10
13.02573013,80.23062134,78405,78415,10
13.02598953,80.23137665,78415,78455,40
13.02598953,80.23137665,78455,78465,10
13.02608967,80.23174286,78465,78475,10
13.02645969,80.23294067,78475,78512,37
13.02645969,80.23294067,78512,78524,12
13.02667999,80.2333374,78524,78534,10
13.02703953,80.23390961,78534,78542,8
13.02764988,80.23496246,78542,78553,11
13.02851009,80.23612976,78553,78565,12
13.02943993,80.23709106,78565,78575,10
13.02956009,80.23724365,78575,78585,10
13.02974987,80.23751068,78585,78595,10
13.03011036,80.23812103,78595,78606,11
13.03063011,80.23898315,78606,78616,10
13.03106976,80.23977661,78616,78626,10
13.03135014,80.24022675,78626,78636,10
13.03143024,80.24088287,78636,78646,10
13.03174019,80.24150848,78646,78665,19
13.0326004,80.24276733,78665,78677,12
13.03332996,80.24372864,78677,78687,10
13.03369999,80.24427032,78687,78697,10
13.03415966,80.24488831,78697,78708,11
13.03479958,80.24562836,78708,78717,9
13.03534985,80.24601746,78717,78728,11
13.03547001,80.24603271,78728,78738,10
13.03561974,80.24606323,78738,78748,10
13.03582001,80.24622345,78748,78758,10
13.03623962,80.24635315,78758,78768,10
13.03687954,80.24649811,78768,78778,10
13.03748035,80.24640656,78778,78788,10
13.03814983,80.24658203,78788,78798,10
13.03907967,80.24681854,78798,78840,42
13.03907967,80.24681854,78840,78850,10
13.03942013,80.24688721,78850,78860,10
13.0398798,80.24697876,78860,78870,10
13.04067993,80.24713898,78870,78880,10
13.04154968,80.24732971,78880,78890,10
13.04242039,80.24743652,78890,78901,11
13.04302979,80.24761963,78901,78911,10
13.04362011,80.24777222,78911,78921,10
13.04417038,80.2477417,78921,78931,10
13.04475975,80.24786377,78931,78941,10
13.04528999,80.24816132,78941,78951,10
13.04596043,80.24845886,78951,78961,10
13.04673958,80.2484436,78961,78971,10
13.04734039,80.24861908,78971,78981,10
13.04776955,80.24906158,78981,78991,10
13.04790974,80.24918365,78991,79002,11
13.04819012,80.2494278,79002,79012,10
13.04852962,80.24960327,79012,79022,10
13.04895973,80.24964142,79022,79032,10
13.04950047,80.2497406,79032,79042,10
13.05039978,80.24992371,79042,79052,10
13.05142021,80.25022125,79052,79062,10
13.05220985,80.25086212,79062,79072,10
13.05280972,80.25164032,79072,79082,10
13.0534296,80.25247955,79082,79092,10
13.05395985,80.25325775,79092,79103,11
13.05455971,80.25405121,79103,79113,10
13.05508995,80.2547226,79113,79123,10
13.05556011,80.25538635,79123,79133,10
13.05607033,80.256073,79133,79143,10
13.05648041,80.25656128,79143,79153,10
13.05725956,80.25724792,79153,79163,10
13.05782032,80.2578125,79163,79173,10
13.05825996,80.25839233,79173,79183,10
13.05879974,80.25904083,79183,79193,10
13.05926037,80.259758,79193,79204,11
13.05982018,80.26029205,79204,79214,10
13.06035995,80.26088715,79214,79224,10
13.06072044,80.26127625,79224,79233,9
13.06079006,80.26139832,79233,79244,11
13.06107998,80.26177979,79244,79254,10
13.06142044,80.2621994,79254,79264,10
13.06171989,80.26255035,79264,79274,10
13.06221008,80.26322174,79274,79284,10
13.06278038,80.2639389,79284,79294,10
13.06330967,80.26461029,79294,79305,11
13.06373978,80.26531982,79305,79315,10
13.06394005,80.26557922,79315,79325,10
13.06427002,80.26600647,79325,79335,10
13.0646801,80.26648712,79335,79345,10
13.06488991,80.26676178,79345,79355,10
13.06519985,80.26702118,79355,79365,10
13.06560993,80.2673111,79365,79375,10
13.06573009,80.26750946,79375,79385,10
13.06610012,80.26802826,79385,79395,10
13.06657982,80.26843262,79395,79406,11
13.06727982,80.26885986,79406,79416,10
13.06812954,80.26938629,79416,79426,10
13.06820011,80.26986694,79426,79436,10
13.06812,80.27046204,79436,79446,10
13.06807995,80.27120972,79446,79456,10
13.06840038,80.27165985,79456,79466,10
13.06902027,80.27198029,79466,79476,10
13.06962013,80.27256012,79476,79486,10
13.07015991,80.2731781,79486,79496,10
13.07059956,80.27374268,79496,79507,11
13.07089996,80.27400208,79507,79517,10
13.0712204,80.2741394,79517,79527,10
13.07184029,80.27445984,79527,79537,10
13.07231998,80.27497864,79537,79547,10
13.07287025,80.27559662,79547,79557,10
13.07349014,80.27622986,79557,79567,10
13.07435989,80.27633667,79567,79577,10
13.07524014,80.27629852,79577,79587,10
13.07598019,80.27626038,79587,79603,16
13.07721996,80.27619934,79603,79616,13
13.07810974,80.27593231,79616,79625,9
13.07833958,80.27535248,79625,79636,11
13.07907963,80.27516937,79636,79646,10
13.07989025,80.27528381,79646,79656,10
13.08061028,80.27519989,79656,79666,10
13.08102989,80.27516174,79666,79706,40
13.08102989,80.27516174,79706,79717,11
13.08131027,80.27513123,79717,79728,11
13.08172035,80.27519989,79728,79737,9
13.08191967,80.275383,79737,79748,11
13.08197975,80.27574921,79748,79839,91
13.08197975,80.27574921,79839,79849,10
13.0820303,80.27596283,79849,79859,10
13.08191967,80.27609253,79859,79869,10
13.08187008,80.27635956,79869,79879,10
13.0819397,80.27706146,79879,79889,10
13.08215046,80.27810669,79889,79899,10
13.0821104,80.27838135,79899,79909,10
13.08195972,80.27828979,79909,79920,11
13.08189964,80.27787018,79920,79930,10
13.08180046,80.2771225,79930,79940,10
13.08166027,80.27628326,79940,79950,10
13.08156967,80.27584839,79950,79960,10
13.08152962,80.27565002,79960,79970,10
13.08148956,80.27545929,79970,79980,10
13.08143044,80.27528381,79980,79990,10
13.08119011,80.27523041,79990,80000,10
13.08080006,80.27528381,80000,80010,10
13.08030987,80.27536011,80010,80021,11
13.07966042,80.27541351,80021,80031,10
13.07903957,80.27528381,80031,80041,10
13.07839966,80.27536774,80041,80051,10
13.07810974,80.27604675,80051,80061,10
13.07752991,80.27626801,80061,80071,10
13.07678986,80.27632141,80071,80081,10
13.0761404,80.27635193,80081,80091,10
13.07588959,80.27631378,80091,80101,10
13.07588005,80.27610016,80101,80111,10
13.07598972,80.27583313,80111,80122,11
13.07598019,80.27559662,80122,80152,30
13.07598019,80.27559662,80152,80162,10
13.07600021,80.27539063,80162,80172,10
13.07590961,80.275177,80172,80182,10
