12.99839973,80.25689697,12,10804,10792
12.99849987,80.25704193,10804,11067,263
12.99849987,80.25704193,11067,11077,10
12.99841022,80.25708008,11077,12462,1385
12.99855995,80.25700378,12462,12685,223
12.99847031,80.25708008,12685,15436,2751
12.99847031,80.25708008,15436,15446,10
12.99847031,80.25705719,15446,17287,1841
12.99841022,80.2569809,17287,18521,1234
12.99841022,80.25705719,18521,18662,141
12.99833965,80.25704193,18662,19117,455
12.99845028,80.25700378,19117,19198,81
12.99845982,80.25688934,19198,20028,830
12.99845982,80.25688934,20028,20038,10
12.99843979,80.25701141,20038,20321,283
12.99843979,80.25701141,20321,20331,10
12.99839973,80.25710297,20331,20341,10
12.99812031,80.25710297,20341,20351,10
12.99800014,80.25679779,20351,20361,10
12.99802017,80.25653839,20361,20372,11
12.9976902,80.25634003,20372,20523,151
12.9976902,80.25634003,20523,20533,10
12.99779034,80.25588989,20533,20543,10
12.99802971,80.25589752,20543,20554,11
12.99855995,80.2559967,20554,20564,10
12.99876976,80.25605774,20564,20574,10
12.99895,80.25608063,20574,20584,10
12.99936008,80.25615692,20584,20594,10
12.99995041,80.25627136,20594,20604,10
13.00059032,80.25640106,20604,20614,10
13.00125027,80.25650024,20614,20624,10
13.00193977,80.25660706,20624,20634,10
13.00267029,80.2567215,20634,20645,11
13.00352001,80.25688171,20645,20655,10
13.00432968,80.25702667,20655,20665,10
13.00520992,80.25720215,20665,20675,10
13.00601006,80.25736237,20675,20685,10
13.00648975,80.25743866,20685,20695,10
13.00652981,80.25695801,20695,20705,10
13.00652027,80.25621796,20705,20715,10
13.00652027,80.25536346,20715,20726,11
13.0065403,80.25437164,20726,20736,10
13.0065403,80.25347137,20736,20746,10
13.0065403,80.25263977,20746,20756,10
13.00664043,80.25199127,20756,20766,10
13.00671959,80.25144196,20766,20776,10
13.00669003,80.25067139,20776,20786,10
13.00669003,80.2496109,20786,20796,10
13.00664043,80.24864197,20796,20806,10
13.00664043,80.24738312,20806,20877,71
13.00664043,80.24738312,20877,20887,10
13.00669956,80.24703979,20887,20897,10
13.00667,80.24648285,20897,20908,11
13.00664043,80.24578094,20908,20918,10
13.00660992,80.24510956,20918,20928,10
13.00658989,80.24436951,20928,20938,10
13.00658989,80.24356842,20938,20948,10
13.0065403,80.24282837,20948,20958,10
13.00652981,80.24195862,20958,20968,10
13.00658989,80.2410202,20968,20978,10
13.00673008,80.2401886,20978,20988,10
13.00691032,80.23937988,20988,20999,11
13.0071497,80.23822784,20999,21009,10
13.00737953,80.23728943,21009,21019,10
13.0075798,80.23635101,21019,21029,10
13.00778961,80.23532104,21029,21039,10
13.00798035,80.23426819,21039,21049,10
13.00815964,80.23339081,21049,21059,10
13.00842953,80.23203278,21059,21069,10
13.00864029,80.23094177,21069,21079,10
13.00883007,80.22994232,21079,21090,11
13.00909996,80.22862244,21090,21100,10
13.00944996,80.22760773,21100,21110,10
13.00992012,80.22662354,21110,21120,10
13.01035976,80.22575378,21120,21130,10
13.01076031,80.22489929,21130,21140,10
13.01107025,80.22408295,21140,21150,10
13.0113802,80.22332001,21150,21160,10
13.01173019,80.22238922,21160,21170,10
13.01212025,80.22154236,21170,21181,11
13.01259041,80.22190094,21181,21191,10
13.01323986,80.22257996,21191,21201,10
13.01385975,80.2232666,21201,21211,10
13.01436996,80.22393799,21211,21221,10
13.01492977,80.22457886,21221,21231,10
13.01558018,80.22509766,21231,21241,10
13.01634026,80.22530365,21241,21251,10
13.01714039,80.22505951,21251,21261,10
13.01819038,80.22463989,21261,21272,11
13.01931953,80.22432709,21272,21282,10
13.02011013,80.22473145,21282,21292,10
13.02093983,80.22534943,21292,21302,10
13.0216198,80.22589874,21302,21312,10
13.02237988,80.22651672,21312,21322,10
13.02317047,80.22722626,21322,21332,10
13.02394962,80.22794342,21332,21342,10
13.02443981,80.22846985,21342,21373,31
13.02443981,80.22846985,21373,21383,10
13.02431965,80.22863007,21383,21393,10
13.0240097,80.22828674,21393,21403,10
13.02352047,80.22776794,21403,21484,81
13.02352047,80.22776794,21484,21494,10
13.02336979,80.22753906,21494,21696,202
13.02336979,80.22753906,21696,21706,10
13.02324009,80.22734833,21706,21717,11
13.02291012,80.2270813,21717,21727,10
13.02248955,80.22673798,21727,21737,10
13.02198982,80.22631073,21737,21747,10
13.02147961,80.22592163,21747,21757,10
13.02093029,80.22548676,21757,21767,10
13.02033997,80.22512054,21767,21777,10
13.01970959,80.22467804,21777,21787,10
13.01891994,80.2244873,21787,21797,10
13.01811981,80.22477722,21797,21808,11
13.01721001,80.22514343,21808,21818,10
13.01653957,80.22535706,21818,21828,10
13.01611042,80.22541046,21828,21838,10
13.01572037,80.22570038,21838,21848,10
13.01508045,80.22593689,21848,21858,10
13.01453972,80.22615814,21858,21868,10
13.01430035,80.22627258,21868,21878,10
13.01420975,80.22628784,21878,21888,10
13.01379967,80.22646332,21888,21899,11
13.0131197,80.22673798,21899,21909,10
13.01228046,80.22705841,21909,21919,10
13.01144981,80.22737885,21919,21929,10
13.01051998,80.2277832,21929,21939,10
13.00963974,80.22814178,21939,21949,10
13.00914955,80.22879791,21949,21959,10
13.00893974,80.22975922,21959,21969,10
13.00874043,80.23074341,21969,21979,10
13.00856972,80.23159027,21979,21990,11
13.00833988,80.23280334,21990,22000,10
13.00823021,80.23358154,22000,22010,10
13.0081501,80.23384857,22010,22020,10
13.00800037,80.23449707,22020,22030,10
13.00782013,80.23529816,22030,22040,10
13.0076704,80.23625946,22040,22050,10
13.00747967,80.23725891,22050,22060,10
13.00728989,80.2382431,22060,22070,10
13.00712013,80.23914337,22070,22081,11
13.00697994,80.24001312,22081,22101,20
13.00697994,80.24001312,22101,22111,10
13.00699043,80.24019623,22111,22121,10
13.00693035,80.24060822,22121,22131,10
13.00689983,80.2407074,22131,22141,10
13.00681973,80.2410202,22141,22151,10
13.00677013,80.24150085,22151,22161,10
13.00677013,80.24227905,22161,22172,11
13.00673008,80.24323273,22172,22182,10
13.00675964,80.24408722,22182,22192,10
13.00671959,80.24526215,22192,22202,10
13.00675011,80.24627686,22202,22212,10
13.00681019,80.24707794,22212,22222,10
13.00667953,80.24743652,22222,22232,10
13.00621986,80.24745178,22232,22242,10
13.00605965,80.24741364,22242,22252,10
13.00543022,80.24738312,22252,22263,11
13.00448036,80.24745178,22263,22273,10
13.00341988,80.24756622,22273,22283,10
13.00230026,80.24777222,22283,22293,10
13.0012598,80.24803162,22293,22303,10
13.00016022,80.24832153,22303,22313,10
12.99905968,80.24859619,22313,22323,10
12.99825954,80.24880219,22323,22333,10
12.99748039,80.24897766,22333,22343,10
12.99639988,80.24926758,22343,22354,11
12.99516964,80.24958038,22354,22364,10
12.99405003,80.2498703,22364,22373,9
12.99304008,80.25010681,22373,22384,11
12.99174976,80.25041962,22384,22394,10
12.99108028,80.25063324,22394,22404,10
12.9910202,80.2506485,22404,22414,10
12.99051952,80.25076294,22414,22424,10
12.98966026,80.2509613,22424,22434,10
12.9885397,80.25124359,22434,22445,11
12.98756981,80.2514801,22445,22455,10
12.98663998,80.25176239,22455,22465,10
12.98556042,80.25203705,22465,22475,10
12.98441982,80.25235748,22475,22485,10
12.98320007,80.25263214,22485,22495,10
12.98204994,80.25267792,22495,22505,10
12.98097992,80.25267792,22505,22515,10
12.98017979,80.25269318,22515,22525,10
12.97953987,80.25267029,22525,22536,11
12.97887039,80.25263977,22536,22546,10
12.97867966,80.25260162,22546,22556,10
12.97826958,80.25234985,22556,22566,10
12.97762012,80.25180054,22566,22576,10
12.97667027,80.25128174,22576,22586,10
12.97560978,80.25093842,22586,22596,10
12.97445965,80.25061035,22596,22606,10
12.97327995,80.25028992,22606,22616,10
12.97202015,80.24996185,22616,22627,11
12.9708004,80.24963379,22627,22637,10
12.96947956,80.24913788,22637,22647,10
12.96815968,80.24861908,22647,22657,10
12.96706009,80.24813843,22657,22667,10
12.96615982,80.24771881,22667,22677,10
12.96529961,80.24742126,22677,22687,10
12.96510029,80.24733734,22687,22697,10
12.96494961,80.24725342,22697,22708,11
12.96455002,80.24710846,22708,22718,10
12.96389008,80.24687195,22718,22728,10
12.96323967,80.24662018,22728,22738,10
12.96253967,80.2462616,22738,22748,10
12.96162987,80.2457962,22748,22758,10
12.96061039,80.24533081,22758,22768,10
12.9596796,80.24492645,22768,22778,10
12.95936012,80.24481201,22778,22788,10
12.95907974,80.24466705,22788,22799,11
12.95831966,80.24432373,22799,22809,10
12.95761967,80.24404907,22809,22819,10
12.95683956,80.24384308,22819,22829,10
12.95637989,80.24369049,22829,22839,10
12.95617008,80.24362946,22839,22849,10
12.95557022,80.24327087,22849,22859,10
12.95487976,80.24291992,22859,22869,10
12.95423985,80.24266052,22869,22879,10
12.95345974,80.2423172,22879,22890,11
12.95248032,80.2419281,22890,22900,10
12.95172024,80.24169159,22900,22910,10
12.95156956,80.24163055,22910,22920,10
12.95098019,80.24141693,22920,22930,10
12.95011997,80.24112701,22930,22940,10
12.94925976,80.24085236,22940,22950,10
12.94855976,80.2405777,22950,22960,10
12.94771004,80.240242,22960,22970,10
12.94688034,80.2399292,22970,22981,11
12.9467001,80.23988342,22981,22991,10
12.9462204,80.2396698,22991,23001,10
12.94548035,80.23931122,23001,23011,10
12.94466972,80.2385788,23011,23021,10
12.94386005,80.23769379,23021,23031,10
12.94305038,80.23687744,23031,23041,10
12.94202042,80.23636627,23041,23051,10
12.94089031,80.23609924,23051,23061,10
12.93999958,80.23586273,23061,23072,11
12.9398098,80.23578644,23072,23082,10
12.93937016,80.23560333,23082,23092,10
12.93859959,80.23522949,23092,23102,10
12.93766975,80.23474884,23102,23112,10
12.93669033,80.23426819,23112,23122,10
12.93605042,80.23396301,23122,23132,10
12.93585014,80.2338562,23132,23142,10
12.93529987,80.23361969,23142,23152,10
12.93453979,80.23327637,23152,23163,11
12.93408966,80.23306274,23163,23173,10
12.93381977,80.23293304,23173,23183,10
12.93317986,80.23264313,23183,23193,10
12.93225956,80.2322998,23193,23203,10
12.93113995,80.23191071,23203,23213,10
12.93010044,80.23162079,23213,23223,10
12.92899036,80.23136902,23223,23233,10
12.92770958,80.23117828,23233,23243,10
12.92654991,80.23101807,23243,23254,11
12.92613983,80.23100281,23254,23264,10
12.92568016,80.23091888,23264,23274,10
12.92486954,80.23084259,23274,23284,10
12.92381001,80.23069763,23284,23294,10
12.92261982,80.23052979,23294,23304,10
12.92142963,80.23033905,23304,23314,10
12.92010975,80.2301712,23314,23324,10
12.91868973,80.2299881,23324,23334,10
12.91726971,80.22982025,23334,23345,11
12.91580009,80.22960663,23345,23355,10
12.91464043,80.22944641,23355,23365,10
12.91378021,80.2293396,23365,23375,10
12.91343021,80.22931671,23375,23385,10
12.91318035,80.22924805,23385,23395,10
12.91250038,80.22917938,23395,23405,10
12.91152954,80.22904205,23405,23415,10
12.91046047,80.22888184,23415,23425,10
12.90935993,80.22869873,23425,23436,11
12.90806007,80.22847748,23436,23446,10
12.90695953,80.22833252,23446,23456,10
12.90631962,80.22827911,23456,23466,10
12.90600967,80.22827148,23466,23476,10
12.90528011,80.22821808,23476,23486,10
12.90425014,80.22815704,23486,23496,10
12.90318012,80.22811127,23496,23506,10
12.90207005,80.22805023,23506,23516,10
12.90106964,80.22799683,23516,23527,11
12.90017033,80.22794342,23527,23537,10
12.89953995,80.22792053,23537,23547,10
12.89947987,80.22792816,23547,23557,10
12.89937973,80.22792816,23557,23567,10
12.89896011,80.2279129,23567,23577,10
12.89834023,80.22786713,23577,23587,10
12.89741993,80.2277832,23587,23597,10
12.8962698,80.2277298,23597,23607,10
12.89509964,80.22769165,23607,23618,11
12.89381027,80.2276001,23618,23628,10
12.89270973,80.22744751,23628,23638,10
12.89157963,80.22737885,23638,23648,10
12.89021969,80.22737885,23648,23658,10
12.88895035,80.22737122,23658,23668,10
12.88782024,80.22730255,23668,23678,10
12.88687038,80.22714233,23678,23688,10
12.88576984,80.22688293,23688,23698,10
12.88469028,80.22669983,23698,23709,11
12.88348007,80.22670746,23709,23719,10
12.88216972,80.22672272,23719,23729,10
12.88074017,80.22673035,23729,23739,10
12.87936974,80.22675323,23739,23749,10
12.87798023,80.22685242,23749,23759,10
12.87689972,80.2269516,23759,23769,10
12.8761797,80.22696686,23769,23779,10
12.87520027,80.22689819,23779,23789,10
12.87405014,80.22676086,23789,23800,11
12.87306023,80.22670746,23800,23810,10
12.87275028,80.22673798,23810,23820,10
12.87230968,80.22672272,23820,23830,10
12.87148952,80.22667694,23830,23840,10
12.87034988,80.22659302,23840,23850,10
12.86898041,80.2264328,23850,23860,10
12.86748981,80.22644043,23860,23870,10
12.86596012,80.22660065,23870,23880,10
12.86441994,80.22657776,23880,23891,11
12.86271,80.22653961,23891,23901,10
12.86131954,80.22659302,23901,23911,10
12.86001968,80.22647858,23911,23921,10
12.85879993,80.22631836,23921,23931,10
12.8576498,80.22628021,23931,23941,10
12.85630035,80.22640991,23941,23951,10
12.85484028,80.2265625,23951,23961,10
12.85346031,80.22667694,23961,23972,11
12.85200977,80.22667694,23972,23982,10
12.85081959,80.22663116,23982,23992,10
12.84951973,80.22659302,23992,24002,10
12.8482399,80.22659302,24002,24012,10
12.84692001,80.22660065,24012,24022,10
12.84584999,80.22660828,24022,24032,10
12.84498978,80.22663116,24032,24042,10
12.84393978,80.22673035,24042,24052,10
12.84267044,80.2269516,24052,24063,11
12.84109974,80.22731781,24063,24073,10
12.8400898,80.22756958,24073,24083,10
12.83967972,80.22769165,24083,24093,10
12.83944988,80.22775269,24093,24103,10
12.83880043,80.22792816,24103,24113,10
12.83812046,80.22810364,24113,24123,10
12.83679962,80.22834015,24123,24133,10
12.83561039,80.228508,24133,24143,10
12.8343401,80.22869873,24143,24154,11
12.83296013,80.22895813,24154,24164,10
12.83197975,80.22915649,24164,24174,10
12.83082962,80.22949982,24174,24184,10
12.82954979,80.2299881,24184,24194,10
12.82828045,80.23061371,24194,24204,10
12.82728004,80.23116302,24204,24214,10
12.82573986,80.23139954,24214,24224,10
12.82435989,80.23130798,24224,24234,10
12.82304955,80.23091888,24234,24245,11
12.82168961,80.23052979,24245,24255,10
12.82040977,80.23046875,24255,24265,10
12.81914043,80.2305069,24265,24275,10
12.81886005,80.23049164,24275,24285,10
12.81865978,80.23040009,24285,24295,10
12.81799984,80.23008728,24295,24305,10
12.81698036,80.22966766,24305,24315,10
12.81564045,80.22942352,24315,24325,10
12.81418037,80.22917938,24325,24336,11
12.81256008,80.22866821,24336,24346,10
12.81109047,80.22812653,24346,24356,10
12.8096199,80.22750092,24356,24366,10
12.80832005,80.2265625,24366,24376,10
12.80725956,80.22566223,24376,24386,10
12.80652046,80.22499847,24386,24396,10
12.80576992,80.22434235,24396,24406,10
12.80512047,80.22402191,24406,24416,10
12.80494976,80.22398376,24416,24427,11
12.80443954,80.22390747,24427,24437,10
12.80370045,80.22384644,24437,24447,10
12.80282021,80.22376251,24447,24457,10
12.80179024,80.22364807,24457,24467,10
12.80101013,80.22357941,24467,24477,10
12.80076027,80.22355652,24477,24487,10
12.80008984,80.22350311,24487,24497,10
12.79915047,80.22341919,24497,24507,10
12.7980299,80.22325134,24507,24518,11
12.79669952,80.22303772,24518,24528,10
12.79547977,80.22281647,24528,24538,10
12.79424,80.22264099,24538,24548,10
12.79316044,80.2224884,24548,24558,10
12.79213047,80.22228241,24558,24568,10
12.79109001,80.22202301,24568,24578,10
12.79006004,80.22177124,24578,24588,10
12.78917027,80.22147369,24588,24598,10
12.7885704,80.22123718,24598,24609,11
12.78783989,80.22093964,24609,24629,20
12.78783989,80.22093964,24629,24639,10
12.78763962,80.22086334,24639,24649,10
12.78717041,80.22068787,24649,24659,10
12.78670025,80.22054291,24659,24669,10
12.78660965,80.22051239,24669,24679,10
12.78645992,80.22042084,24679,24689,10
12.78635979,80.22036743,24689,24700,11
12.78623962,80.22042084,24700,24710,10
12.78619957,80.22073364,24710,24720,10
12.78619957,80.22119141,24720,24730,10
12.7862196,80.22167969,24730,24760,30
12.7862196,80.22167969,24760,24770,10
12.78623962,80.22210693,24770,24780,10
12.78621006,80.22257233,24780,24811,31
12.78621006,80.22257233,24811,24821,10
12.78633022,80.22219086,24821,25458,637
12.78625965,80.22190094,25458,26935,1477
12.78625965,80.22190094,26935,26945,10
12.78629971,80.22180176,26945,26955,10
12.78627014,80.22149658,26955,26965,10
12.78625965,80.22122192,26965,26975,10
12.78623009,80.22090149,26975,26985,10
12.78623009,80.22042847,26985,27026,41
12.78641987,80.22032928,27026,27066,40
12.78641987,80.22032928,27066,27076,10
12.78652954,80.22046661,27076,27086,10
12.78682041,80.22058868,27086,27096,10
12.78722,80.22071838,27096,27107,11
12.78771019,80.22090912,27107,27117,10
12.78835964,80.22116852,27117,27127,10
12.78907967,80.22142792,27127,27137,10
12.78977013,80.22170258,27137,27147,10
12.79063988,80.2219162,27147,27157,10
12.79181004,80.22219849,27157,27167,10
12.79319,80.22248077,27167,27177,10
12.79458046,80.22268677,27177,27187,10
12.79582977,80.22290039,27187,27198,11
12.79712009,80.22312164,27198,27208,10
12.79841995,80.22329712,27208,27218,10
12.79971027,80.22341919,27218,27228,10
12.80082989,80.22351074,27228,27238,10
12.80165005,80.22358704,27238,27248,10
12.80255032,80.22370148,27248,27258,10
12.80331993,80.22379303,27258,27268,10
12.80420017,80.22386169,27268,27278,10
12.80554962,80.22412109,27278,27299,21
12.80554962,80.22412109,27299,27309,10
12.80576038,80.22427368,27309,27319,10
12.80624008,80.22467041,27319,27329,10
12.80690956,80.22524261,27329,27339,10
12.8076601,80.22589874,27339,27349,10
12.80860996,80.22673035,27349,27359,10
12.80980015,80.22753906,27359,27370,11
12.81134987,80.22817993,27370,27380,10
12.81282043,80.22870636,27380,27390,10
12.8143301,80.22915649,27390,27400,10
12.81589985,80.22940826,27400,27410,10
12.81744003,80.22975922,27410,27420,10
12.81879997,80.2303772,27420,27430,10
12.81978035,80.23043823,27430,27440,10
12.81995964,80.23043823,27440,27450,10
12.82059002,80.23042297,27450,27461,11
12.82168007,80.23047638,27461,27471,10
12.82289982,80.23079681,27471,27481,10
12.82427025,80.23117065,27481,27491,10
12.82571983,80.23135376,27491,27501,10
12.82721996,80.23117065,27501,27511,10
12.82861042,80.23043823,27511,27521,10
12.8299799,80.22982025,27521,27531,10
12.83096027,80.22940826,27531,27541,10
12.83119965,80.22933197,27541,27552,11
12.83168983,80.22917938,27552,27562,10
12.83248997,80.22901154,27562,27572,10
12.83355045,80.22879791,27572,27582,10
12.83485985,80.22856903,27582,27592,10
12.83627987,80.22837067,27592,27602,10
12.83769035,80.22814941,27602,27612,10
12.83866978,80.22792053,27612,27622,10
12.83944988,80.22773743,27622,27632,10
12.83965015,80.22766876,27632,27643,11
12.84029961,80.22750092,27643,27653,10
12.8412199,80.22724152,27653,27663,10
12.84234047,80.2269516,27663,27673,10
12.84358025,80.22672272,27673,27683,10
12.8448,80.2265625,27683,27693,10
12.84547043,80.22650146,27693,27703,10
12.84554005,80.22650146,27703,27713,10
12.84570026,80.22650146,27713,27723,10
12.84624958,80.22650146,27723,27734,11
12.84720993,80.22650146,27734,27744,10
12.8482399,80.22650909,27744,27754,10
12.84934044,80.22650146,27754,27764,10
12.85000992,80.22647858,27764,27774,10
12.85025978,80.22647095,27774,27784,10
12.85095024,80.22650146,27784,27794,10
12.85186005,80.22659302,27794,27804,10
12.85301018,80.22662354,27804,27814,10
12.85437965,80.22648621,27814,27825,11
12.85587978,80.22634125,27825,27835,10
12.85723019,80.22619629,27835,27845,10
12.85834026,80.2261734,27845,27855,10
12.85941029,80.22628021,27855,27865,10
12.8605299,80.22644043,27865,27875,10
12.86083031,80.22647095,27875,27885,10
12.86104012,80.22651672,27885,27895,10
12.86163044,80.22653198,27895,27905,10
12.86246014,80.22648621,27905,27916,11
12.86363983,80.22646332,27916,27926,10
12.86485958,80.22651672,27926,27936,10
12.86610031,80.22650146,27936,27946,10
12.86736965,80.22637939,27946,27956,10
12.86863041,80.22631073,27956,27966,10
12.86989975,80.22644043,27966,27976,10
12.87090015,80.22654724,27976,27986,10
12.87230015,80.22659302,27986,27996,10
12.87275982,80.22657776,27996,28007,11
12.87287998,80.22660065,28007,28017,10
12.87331963,80.22662354,28017,28027,10
12.87413979,80.2266922,28027,28037,10
12.87514973,80.22682953,28037,28047,10
12.8761301,80.22689819,28047,28057,10
12.87654018,80.22686768,28057,28067,10
12.87677956,80.22685242,28067,28077,10
12.87736988,80.22680664,28077,28087,10
12.87825966,80.22673798,28087,28098,11
12.87940025,80.2266922,28098,28108,10
12.88055038,80.22667694,28108,28118,10
12.88185978,80.22666168,28118,28128,10
12.88325977,80.22663116,28128,28138,10
12.88453007,80.22662354,28138,28148,10
12.88521957,80.22663116,28148,28158,10
12.88539028,80.22666168,28158,28168,10
12.88599968,80.22680664,28168,28178,10
12.88687992,80.22705078,28178,28189,11
12.88798046,80.22721863,28189,28199,10
12.88910007,80.22727966,28199,28209,10
12.89029026,80.22727966,28209,28219,10
12.8914299,80.22727966,28219,28229,10
12.89220047,80.22728729,28229,28239,10
12.89227009,80.22728729,28239,28249,10
12.89233971,80.22727966,28249,28259,10
12.89282036,80.22736359,28259,28269,10
12.89363956,80.22744751,28269,28280,11
12.89478016,80.22753906,28280,28290,10
12.89595985,80.22759247,28290,28300,10
12.89719963,80.22763824,28300,28310,10
12.89842987,80.22770691,28310,28320,10
12.89955997,80.22776794,28320,28330,10
12.90085983,80.22782898,28330,28381,51
12.90085983,80.22782898,28381,28391,10
12.90098,80.22782898,28391,28401,10
12.90132046,80.22789001,28401,28411,10
12.90194988,80.22789764,28411,28421,10
12.90287971,80.22792816,28421,28441,20
12.90287971,80.22792816,28441,28451,10
12.90326023,80.22794342,28451,28462,11
12.90404987,80.22802734,28462,28472,10
12.90499973,80.22808838,28472,28482,10
12.90600967,80.2281189,28482,28492,10
12.90684032,80.22820282,28492,28502,10
12.90711975,80.22821808,28502,28512,10
12.90750027,80.22827911,28512,28522,10
12.90828991,80.22840881,28522,28532,10
12.90939045,80.22859192,28532,28542,10
12.91073036,80.22879791,28542,28553,11
12.91224003,80.22901917,28553,28563,10
12.91345024,80.22917938,28563,28573,10
12.91394997,80.22924042,28573,28583,10
12.91409016,80.22927094,28583,28593,10
12.91409969,80.22927094,28593,28603,10
12.91450977,80.22937012,28603,28613,10
12.91528034,80.22949219,28613,28623,10
12.9163599,80.22966003,28623,28634,11
12.91773987,80.22984314,28634,28644,10
12.91903973,80.23000336,28644,28654,10
12.92043972,80.2301712,28654,28664,10
12.92191982,80.23036194,28664,28674,10
12.92343044,80.23058319,28674,28684,10
12.92492008,80.2307663,28684,28694,10
12.92621994,80.23090363,28694,28704,10
12.92735958,80.23104095,28704,28714,10
12.92862988,80.23120117,28714,28725,11
12.93002033,80.23149109,28725,28735,10
12.93124008,80.23184204,28735,28745,10
12.93243027,80.23223877,28745,28755,10
12.93348026,80.23264313,28755,28765,10
12.93377018,80.23275757,28765,28775,10
12.93400002,80.23291779,28775,28785,10
12.93472004,80.23323059,28785,28795,10
12.93560028,80.23361206,28795,28805,10
12.93610001,80.23384857,28805,28816,11
12.93671989,80.23413086,28816,28826,10
12.93752956,80.23451996,28826,28836,10
12.93848038,80.23499298,28836,28846,10
12.93931007,80.23542786,28846,28856,10
12.93976021,80.235672,28856,28866,10
12.93984985,80.23574066,28866,28876,10
12.94029999,80.23590851,28876,28886,10
12.9412899,80.23618317,28886,28896,10
12.94242001,80.2364502,28896,28907,11
12.94361019,80.2372818,28907,28917,10
12.94449997,80.23828125,28917,28927,10
12.9455204,80.23924255,28927,28937,10
12.94674969,80.23976135,28937,28947,10
12.94734001,80.23999023,28947,28957,10
12.9474802,80.24004364,28957,28967,10
12.94803047,80.24025726,28967,28977,10
12.94898987,80.24063873,28977,29028,51
12.94898987,80.24063873,29028,29038,10
12.94919014,80.24073792,29038,29048,10
12.94981956,80.24095917,29048,29058,10
12.95067024,80.2412262,29058,29068,10
12.95114994,80.24136353,29068,29078,10
12.95149994,80.24149323,29078,29089,11
12.95226955,80.24176788,29089,29099,10
12.95324039,80.24214172,29099,29109,10
12.95417023,80.24249268,29109,29119,10
12.95491982,80.24282074,29119,29129,10
12.9556303,80.24304962,29129,29139,10
12.95639992,80.24336243,29139,29159,20
12.95639992,80.24336243,29159,29169,10
12.95699024,80.24359131,29169,29180,11
12.95788002,80.24398804,29180,29190,10
12.95872021,80.24433899,29190,29200,10
12.95895004,80.24443817,29200,29210,10
12.95928955,80.24462128,29210,29220,10
12.95985985,80.24488068,29220,29230,10
12.96070004,80.24526215,29230,29240,10
12.96170998,80.24575806,29240,29250,10
12.9626503,80.24620056,29250,29260,10
12.96323967,80.24652863,29260,29271,11
12.96345997,80.24662018,29271,29281,10
12.96389961,80.24681091,29281,29291,10
12.96446037,80.24700928,29291,29301,10
12.96525955,80.24726868,29301,29311,10
12.9665699,80.2477417,29311,29331,20
12.9665699,80.2477417,29331,29341,10
12.96699047,80.24794769,29341,29362,21
12.96699047,80.24794769,29362,29372,10
12.96708012,80.24816895,29372,29382,10
12.9677,80.24839783,29382,29392,10
12.96854019,80.24871826,29392,29402,10
12.9695797,80.2490921,29402,29412,10
12.97052956,80.2494812,29412,29422,10
12.97159004,80.24977875,29422,29432,10
12.97262955,80.25005341,29432,29443,11
12.97375965,80.25032806,29443,29453,10
12.97474003,80.25058746,29453,29463,10
12.97589016,80.2509613,29463,29473,10
12.97708035,80.25134277,29473,29483,10
12.97801971,80.25196838,29483,29493,10
12.97858047,80.25232697,29493,29503,10
12.97869015,80.252388,29503,29513,10
12.97908974,80.25254822,29513,29523,10
12.97966003,80.25260162,29523,29544,21
12.97966003,80.25260162,29544,29554,10
12.97988033,80.25263214,29554,29564,10
12.98054028,80.25263214,29564,29574,10
12.98139954,80.25260925,29574,29584,10
12.98241043,80.25258636,29584,29594,10
12.98351002,80.25250244,29594,29604,10
12.98466015,80.25218201,29604,29614,10
12.9857502,80.25187683,29614,29625,11
12.98670006,80.25164032,29625,29635,10
12.98746967,80.25140381,29635,29726,91
12.98746967,80.25140381,29726,29736,10
12.98766994,80.25137329,29736,29746,10
12.98795986,80.251297,29746,29756,10
12.98857975,80.25113678,29756,29766,10
12.98935986,80.2509079,29766,29776,10
12.98964977,80.25083923,29776,29786,10
12.99007988,80.25073242,29786,29797,11
12.99088001,80.25054169,29797,29808,11
12.99221992,80.25021362,29808,29818,10
12.99353027,80.24987793,29818,29828,10
12.99487972,80.2495575,29828,29838,10
12.99608994,80.2492218,29838,29848,10
12.99682045,80.24902344,29848,29858,10
12.99689007,80.24900818,29858,29868,10
12.99736977,80.24889374,29868,29878,10
12.99820042,80.24868011,29878,29888,10
12.99925995,80.2484436,29888,29899,11
13.0005703,80.24812317,29899,29909,10
13.00177002,80.24781799,29909,29919,10
13.00286961,80.24758911,29919,29929,10
13.00397015,80.24741364,29929,29939,10
13.00508022,80.24727631,29939,29949,10
13.00597954,80.24707031,29949,29959,10
13.00648022,80.24659729,29959,29969,10
13.00658035,80.24630737,29969,29979,10
13.00660992,80.24610901,29979,29990,11
13.00664043,80.24555969,29990,30000,10
13.00666046,80.24488068,30000,30010,10
13.00664997,80.24414063,30010,30020,10
13.00664043,80.24346161,30020,30030,10
13.00660038,80.24268341,30030,30040,10
13.00658035,80.24182129,30040,30050,10
13.00662041,80.24098206,30050,30060,10
13.00671005,80.24037933,30060,30070,10
13.00671959,80.2403183,30070,30081,11
13.00687027,80.23976898,30081,30091,10
13.00697041,80.23893738,30091,30101,10
13.00716972,80.23802948,30101,30111,10
13.00734997,80.23718262,30111,30121,10
13.00743961,80.23660278,30121,30131,10
13.00749016,80.23651123,30131,30141,10
13.0075798,80.23612213,30141,30151,10
13.00767994,80.2355423,30151,30161,10
13.00776005,80.23519135,30161,30172,11
13.00784969,80.23493958,30172,30182,10
13.00790024,80.23461151,30182,30192,10
13.00796986,80.23419952,30192,30202,10
13.00809002,80.23358154,30202,30212,10
13.00825977,80.23262024,30212,30222,10
13.00844955,80.23153687,30222,30232,10
13.00870037,80.23042297,30232,30242,10
13.00893021,80.22931671,30242,30252,10
13.00924015,80.22805023,30252,30263,11
13.0097599,80.22686768,30263,30273,10
13.01027012,80.22590637,30273,30283,10
13.01068974,80.22502899,30283,30293,10
13.01105022,80.22418213,30293,30303,10
13.01142979,80.22328186,30303,30333,30
13.01142979,80.22328186,30333,30343,10
13.0116396,80.22277832,30343,30354,11
13.01191044,80.2219162,30354,30364,10
13.01226044,80.22145844,30364,30374,10
13.01239967,80.22158051,30374,30384,10
13.01278973,80.22212219,30384,30394,10
13.01340961,80.22281647,30394,30404,10
13.01406956,80.22357941,30404,30414,10
13.01469994,80.22422028,30414,30424,10
13.01513004,80.22464752,30424,30434,10
13.01515007,80.22467804,30434,30445,11
13.01527023,80.22476196,30445,30455,10
13.01554966,80.22501373,30455,30465,10
13.01564026,80.22509766,30465,30475,10
13.01576042,80.22524261,30475,30485,10
13.01622963,80.2253418,30485,30495,10
13.01694012,80.22515869,30495,30505,10
13.0177803,80.22483826,30505,30515,10
13.01865959,80.22450256,30515,30525,10
13.01959991,80.22440338,30525,30566,41
13.01959991,80.22440338,30566,30576,10
13.01976013,80.2245636,30576,30586,10
13.02005005,80.2247467,30586,30596,10
13.02042961,80.22502136,30596,30606,10
13.02091026,80.22537994,30606,30616,10
13.02126026,80.22566223,30616,30627,11
13.02163982,80.22593689,30627,30637,10
13.02213001,80.22634125,30637,30647,10
13.02266026,80.22676849,30647,30657,10
13.02328014,80.2273407,30657,30667,10
13.02387047,80.22782898,30667,30677,10
13.02422047,80.22818756,30677,30687,10
13.02437973,80.22834778,30687,30697,10
13.02435017,80.22860718,30697,30707,10
13.02412987,80.22846222,30707,30718,11
13.02371025,80.22792816,30718,30788,70
13.02371025,80.22792816,30788,30798,10
13.02350044,80.22776031,30798,31243,445
13.02350044,80.22776031,31243,31254,11
13.02326012,80.22750854,31254,31294,40
13.02326012,80.22750854,31294,31304,10
13.02289009,80.22708893,31304,31314,10
13.02268982,80.22693634,31314,31324,10
13.02256966,80.22683716,31324,31334,10
13.02248001,80.22673035,31334,31345,11
13.02225971,80.22651672,31345,31355,10
13.02198982,80.22627258,31355,31365,10
13.02169991,80.22608185,31365,31375,10
13.02126026,80.22573853,31375,31385,10
13.02079964,80.22541809,31385,31395,10
13.02033997,80.22509766,31395,31405,10
13.02001953,80.22490692,31405,31415,10
13.0198698,80.22480011,31415,31425,10
13.01943016,80.22457886,31425,31436,11
13.01865959,80.22460175,31436,31446,10
13.01786041,80.22492218,31446,31456,10
13.01706028,80.22524261,31456,31466,10
13.01646042,80.22550201,31466,31476,10
13.01591015,80.22569275,31476,31486,10
13.01531029,80.22589874,31486,31496,10
13.0146904,80.22614288,31496,31506,10
13.0143404,80.22625732,31506,31516,10
13.01432037,80.22627258,31516,31527,11
13.01395988,80.22640228,31527,31537,10
13.0134201,80.22660828,31537,31547,10
13.01274014,80.22689056,31547,31557,10
13.01208973,80.22717285,31557,31567,10
13.0113802,80.22746277,31567,31577,10
13.0105896,80.22776794,31577,31587,10
13.00981998,80.22808075,31587,31597,10
13.00918007,80.228508,31597,31607,10
13.00899029,80.22949219,31607,31668,61
13.00899029,80.22949219,31668,31678,10
13.00895023,80.22995758,31678,31688,10
13.00876999,80.23071289,31688,31698,10
13.00856972,80.2315979,31698,31709,11
13.00837994,80.23259735,31709,31719,10
13.00825977,80.2333374,31719,31729,10
13.00825977,80.23355103,31729,31739,10
13.00817966,80.23374939,31739,31749,10
13.00804996,80.23435211,31749,31759,10
13.00788021,80.23504639,31759,31769,10
13.00776958,80.23571014,31769,31779,10
13.00765991,80.23636627,31779,31789,10
13.00751972,80.23712921,31789,31800,11
13.0073204,80.23808289,31800,31810,10
13.00720024,80.2388916,31810,31820,10
13.00699043,80.23963165,31820,31830,10
13.00691032,80.24005127,31830,31850,20
13.00691032,80.24005127,31850,31860,10
13.00681973,80.24066162,31860,31880,20
13.00681973,80.24066162,31880,31891,11
13.0067997,80.24089813,31891,31901,10
13.00673008,80.24137878,31901,31911,10
13.00671959,80.24223328,31911,31921,10
13.00667953,80.24326324,31921,31931,10
13.00666046,80.24420166,31931,31941,10
13.00666046,80.24490356,31941,31951,10
13.00673962,80.24577332,31951,31960,9
13.00677013,80.24633789,31960,31971,11
13.0067997,80.24703979,31971,31982,11
13.00677967,80.24730682,31982,31992,10
13.00662994,80.24745178,31992,32002,10
13.00615978,80.24746704,32002,32022,20
13.00615978,80.24746704,32022,32032,10
13.00605965,80.24745941,32032,32042,10
13.00564957,80.24742889,32042,32052,10
13.00498009,80.24742889,32052,32062,10
13.00403023,80.24752808,32062,32073,11
13.00312042,80.24768066,32073,32133,60
13.00312042,80.24768066,32133,32143,10
13.00290012,80.24765778,32143,32153,10
13.00236988,80.24780273,32153,32164,11
13.00162029,80.24797821,32164,32174,10
13.00072002,80.24823761,32174,32184,10
12.99975014,80.24852753,32184,32194,10
12.99884033,80.24878693,32194,32204,10
12.99822044,80.24890137,32204,32214,10
12.99820042,80.24889374,32214,32224,10
12.99802971,80.24887848,32224,32234,10
12.99761009,80.24902344,32234,32245,11
12.99678993,80.24922943,32245,32255,10
12.99577045,80.24948883,32255,32265,10
12.99458027,80.24978638,32265,32275,10
12.99345016,80.25013733,32275,32285,10
12.9927597,80.25061798,32285,32295,10
12.9921999,80.25112152,32295,32305,10
12.99153996,80.25105286,32305,32315,10
12.99122047,80.25086212,32315,32325,10
12.99069977,80.25084686,32325,32336,11
12.98983002,80.25105286,32336,32346,10
12.9889698,80.25138092,32346,32356,10
12.98810959,80.25153351,32356,32447,91
12.98810959,80.25153351,32447,32457,10
12.98791981,80.25148773,32457,32467,10
12.98756027,80.2515564,32467,32477,10
12.98690987,80.25170898,32477,32487,10
12.98614979,80.25190735,32487,32497,10
12.98509979,80.25215149,32497,32507,10
12.98381042,80.25250244,32507,32518,11
12.98227024,80.25267792,32518,32528,10
12.98093987,80.25273895,32528,32538,10
12.97998047,80.2527771,32538,32548,10
12.97914982,80.25267792,32548,32558,10
12.97867012,80.25263214,32558,32578,20
12.97867012,80.25263214,32578,32588,10
12.97834969,80.25241089,32588,32598,10
12.97784042,80.2519989,32598,32608,10
12.97710037,80.25145721,32608,32619,11
12.97601032,80.25109863,32619,32629,10
12.97496033,80.25079346,32629,32639,10
12.97397041,80.25050354,32639,32649,10
12.97290039,80.25022125,32649,32659,10
12.97179985,80.24994659,32659,32669,10
12.97072029,80.24964142,32669,32679,10
12.96971035,80.24931335,32679,32689,10
12.96874046,80.24891663,32689,32700,11
12.96770954,80.24851227,32700,32710,10
12.96691036,80.24807739,32710,32720,10
12.96615982,80.24772644,32720,32730,10
12.96512032,80.24736786,32730,32750,20
12.96512032,80.24736786,32750,32760,10
12.96481991,80.24727631,32760,32770,10
12.96428013,80.24710083,32770,32780,10
12.96374035,80.24688721,32780,32801,21
12.96374035,80.24688721,32801,32811,10
12.96337986,80.24665833,32811,32821,10
12.96269989,80.24635315,32821,32831,10
12.96181965,80.24590302,32831,32841,10
12.96088982,80.24546051,32841,32851,10
12.95998001,80.24507141,32851,32861,10
12.95938015,80.24484253,32861,32882,21
12.95938015,80.24484253,32882,32892,10
12.95915985,80.24472809,32892,32902,10
12.95868015,80.24447632,32902,32912,10
12.95800018,80.24423981,32912,32922,10
12.9572897,80.24391937,32922,32932,10
12.95656013,80.24359894,32932,32942,10
12.95625019,80.24350739,32942,32952,10
12.95547962,80.24318695,32952,32962,10
12.95456982,80.24279785,32962,32973,11
12.95359039,80.24239349,32973,32983,10
12.95267963,80.24204254,32983,32993,10
12.9519701,80.24178314,32993,33003,10
12.9517498,80.24172974,33003,33013,10
12.9516201,80.24166107,33013,33023,10
12.95110035,80.24146271,33023,33033,10
12.95028019,80.2412262,33033,33043,10
12.94925976,80.24089813,33043,33053,10
12.94845963,80.24049377,33053,33064,11
12.9472599,80.2400589,33064,33084,20
12.9472599,80.2400589,33084,33094,10
12.9470396,80.23999786,33094,33104,10
12.94645977,80.23975372,33104,33114,10
12.94573975,80.23944092,33114,33124,10
12.94501972,80.23893738,33124,33134,10
12.94445038,80.2383194,33134,33144,10
12.94394016,80.23773956,33144,33155,11
12.9433403,80.23712158,33155,33165,10
12.9426403,80.23661804,33165,33175,10
12.94174004,80.2363205,33175,33185,10
12.94083023,80.23609161,33185,33195,10
12.93992996,80.23587036,33195,33215,20
12.93992996,80.23587036,33215,33225,10
12.93966007,80.23577881,33225,33235,10
12.93887043,80.23535919,33235,33246,11
12.93791962,80.23493195,33246,33256,10
12.93694973,80.23442078,33256,33266,10
12.9358902,80.23378754,33266,33286,20
12.9358902,80.23378754,33286,33296,10
12.93546009,80.23361969,33296,33306,10
12.93472958,80.23332214,33306,33316,10
12.93402958,80.23300171,33316,33326,10
12.93395042,80.2329483,33326,33337,11
12.93379974,80.23291779,33337,33347,10
12.93330002,80.23271942,33347,33357,10
12.93251991,80.23239136,33357,33367,10
12.93153954,80.23204041,33367,33377,10
12.93047047,80.23169708,33377,33387,10
12.92947006,80.23149109,33387,33397,10
12.92833996,80.23126984,33397,33407,10
12.92710018,80.23113251,33407,33417,10
12.92630005,80.23104858,33417,33428,11
12.92607975,80.23101807,33428,33438,10
12.92572021,80.23097992,33438,33448,10
12.92508984,80.23088837,33448,33458,10
12.92424011,80.23078156,33458,33468,10
12.92319965,80.23065186,33468,33478,10
12.92195988,80.23046875,33478,33488,10
12.92061043,80.23027039,33488,33498,10
12.91932011,80.23010254,33498,33508,10
12.91814995,80.22994232,33508,33519,11
12.91693974,80.2297821,33519,33529,10
12.91580963,80.22963715,33529,33539,10
12.91477966,80.22950745,33539,33549,10
12.9133997,80.22931671,33549,33579,30
12.9133997,80.22931671,33579,33589,10
12.91312981,80.22926331,33589,33599,10
12.91246033,80.22917938,33599,33610,11
12.91141987,80.22904205,33610,33620,10
12.91024971,80.22886658,33620,33630,10
12.90898991,80.22865295,33630,33640,10
12.90793991,80.22849274,33640,33650,10
12.90715027,80.2283783,33650,33660,10
12.90705967,80.2283783,33660,33670,10
12.90690994,80.22833252,33670,33680,10
12.90641975,80.22828674,33680,33690,10
12.90625,80.22830963,33690,33701,11
12.90594006,80.22830963,33701,33711,10
12.90526009,80.22823334,33711,33721,10
12.90431976,80.22815704,33721,33731,10
12.90318012,80.22808838,33731,33741,10
12.90221024,80.22805786,33741,33751,10
12.90182018,80.22807312,33751,33761,10
12.90157986,80.2280426,33761,33771,10
12.90120029,80.22801208,33771,33781,10
12.90079021,80.22795105,33781,33792,11
12.90021992,80.22792053,33792,33802,10
12.89986992,80.22792816,33802,33812,10
12.89953041,80.2279129,33812,33822,10
12.89923,80.2279129,33822,33832,10
12.89916992,80.22792053,33832,33842,10
12.89904022,80.22792053,33842,33852,10
12.89853001,80.2278595,33852,33862,10
12.89787006,80.22779846,33862,33872,10
12.89704037,80.22773743,33872,33883,11
12.89589024,80.22772217,33883,33893,10
12.89482975,80.22766113,33893,33903,10
12.89377975,80.2276001,33903,33913,10
12.89315033,80.22753143,33913,33923,10
12.89301014,80.22750092,33923,33933,10
12.89268017,80.22746277,33933,33943,10
12.89221954,80.22743988,33943,33953,10
12.89144039,80.22740173,33953,33963,10
12.89048958,80.22740173,33963,33974,11
12.88945961,80.22740173,33974,33984,10
12.8885498,80.22737885,33984,33994,10
12.88790989,80.22733307,33994,34004,10
12.88751984,80.22731018,34004,34014,10
12.88687992,80.22718811,34014,34024,10
12.88603973,80.22698212,34024,34034,10
12.8852396,80.22679901,34034,34044,10
12.88496017,80.22679138,34044,34054,10
12.8847599,80.22676849,34054,34065,11
12.88411999,80.22675323,34065,34075,10
12.88325024,80.22676849,34075,34085,10
12.88216019,80.22678375,34085,34095,10
12.88094044,80.22676086,34095,34105,10
12.87959003,80.22676086,34105,34115,10
12.87817955,80.22682953,34115,34124,9
12.87712002,80.22692108,34124,34135,11
12.87660027,80.22696686,34135,34145,10
12.87644005,80.22698975,34145,34156,11
12.87588978,80.22699738,34156,34166,10
12.87508965,80.22693634,34166,34176,10
12.87409019,80.22680664,34176,34186,10
12.8731699,80.22673798,34186,34196,10
12.87283039,80.22676086,34196,34206,10
12.87277985,80.22678375,34206,34216,10
12.87230015,80.22676849,34216,34226,10
12.87154007,80.22669983,34226,34236,10
12.87051964,80.22664642,34236,34247,11
12.8691597,80.22647858,34247,34257,10
12.86787987,80.22644806,34257,34267,10
12.86674976,80.22654724,34267,34277,10
12.86559963,80.22663879,34277,34287,10
12.86437035,80.22660828,34287,34297,10
12.86320019,80.22654724,34297,34307,10
12.86209965,80.22657776,34307,34317,10
12.86131954,80.22662354,34317,34368,51
12.86131954,80.22662354,34368,34378,10
12.86116028,80.22663879,34378,34388,10
12.86077023,80.22663879,34388,34398,10
12.86003017,80.22650146,34398,34408,10
12.85900974,80.22635651,34408,34418,10
12.85781002,80.22628784,34418,34429,11
12.85634041,80.22637939,34429,34439,10
12.85492039,80.22650146,34439,34449,10
12.85342026,80.22666168,34449,34459,10
12.85186958,80.22663116,34459,34469,10
12.85042,80.22657776,34469,34479,10
12.84972,80.22663116,34479,34489,10
12.8494997,80.22662354,34489,34499,10
12.84883976,80.22660065,34499,34509,10
12.84782982,80.22660065,34509,34520,11
12.84657001,80.22660828,34520,34530,10
12.84552002,80.22662354,34530,34550,20
12.84552002,80.22662354,34550,34560,10
12.84529972,80.22660828,34560,34570,10
12.8447504,80.22664642,34570,34580,10
12.84389973,80.22672272,34580,34590,10
12.84284019,80.22686768,34590,34600,10
12.84160042,80.22715759,34600,34611,11
12.84043026,80.22747803,34611,34621,10
12.83985043,80.22763824,34621,34631,10
12.83952999,80.2277298,34631,34641,10
12.83872986,80.22795105,34641,34651,10
12.83769035,80.22820282,34651,34661,10
12.83640957,80.2283783,34661,34671,10
12.83502007,80.22859192,34671,34681,10
12.83356953,80.22882843,34681,34691,10
12.83230019,80.22914124,34691,34712,21
12.83230019,80.22914124,34712,34722,10
12.8320303,80.22918701,34722,34732,10
12.83183956,80.22924042,34732,34742,10
12.83137989,80.22933197,34742,34752,10
12.8305397,80.22962189,34752,34762,10
12.82958031,80.22994995,34762,34772,10
12.82843971,80.23052216,34772,34782,10
12.82726002,80.23120117,34782,34793,11
12.8259697,80.23140717,34793,34803,10
12.82460022,80.23136902,34803,34813,10
12.82336044,80.23101807,34813,34823,10
12.82215977,80.2306366,34823,34833,10
12.82087994,80.23046875,34833,34843,10
12.81970024,80.23049927,34843,34853,10
12.81896973,80.23049927,34853,34863,10
12.81882,80.23045349,34863,34873,10
12.81834984,80.23020172,34873,34884,11
12.81742001,80.22976685,34884,34894,10
12.81624031,80.22943878,34894,34904,10
12.81486034,80.22924805,34904,34914,10
12.81350994,80.2289505,34914,34924,10
12.81219959,80.22852325,34924,34934,10
12.81105042,80.22808838,34934,34944,10
12.81000042,80.22766876,34944,34954,10
12.80914021,80.22718811,34954,34964,10
12.80832005,80.22653961,34964,34975,11
12.80745983,80.22580719,34975,34985,10
12.80677986,80.22519684,34985,34995,10
12.80615044,80.22463989,34995,35005,10
12.80550003,80.22413635,35005,35025,20
12.80550003,80.22413635,35025,35035,10
12.80531979,80.22406006,35035,35045,10
12.80506992,80.22400665,35045,35055,10
12.80467987,80.22395325,35055,35066,11
12.8039999,80.22389221,35066,35076,10
12.8032999,80.22380829,35076,35086,10
12.80323982,80.22380829,35086,35096,10
12.80292988,80.22377777,35096,35106,10
12.80230045,80.22370148,35106,35116,10
12.80148029,80.22360229,35116,35126,10
12.80072021,80.22354126,35126,35136,10
12.79977036,80.22344208,35136,35146,10
12.79864025,80.22332764,35146,35157,11
12.79736042,80.22315979,35157,35167,10
12.79594994,80.22296143,35167,35187,20
12.79594994,80.22296143,35187,35197,10
12.79561996,80.22293091,35197,35207,10
12.79491997,80.22279358,35207,35217,10
12.79386997,80.22260284,35217,35227,10
12.79259968,80.22239685,35227,35237,10
12.79143047,80.22212219,35237,35248,11
12.79022026,80.22181702,35248,35258,10
12.78934956,80.22154236,35258,35268,10
12.78874016,80.22132111,35268,35278,10
12.78816032,80.22106171,35278,35288,10
12.78804016,80.22102356,35288,35298,10
12.7876997,80.22090149,35298,35308,10
12.78705978,80.22064209,35308,35318,10
12.7863903,80.22039795,35318,35339,21
12.78627014,80.22032928,35339,35379,40
12.78627014,80.22032928,35379,35389,10
12.78623009,80.2206192,35389,35399,10
12.78623009,80.22074127,35399,35409,10
12.78623962,80.22119141,35409,35419,10
12.78623009,80.22167969,35419,35430,11
12.7863102,80.22197723,35430,35773,343
12.7863102,80.22197723,35773,35784,11
12.78637028,80.22177124,35784,35804,20
12.78637028,80.22177124,35804,35814,10
12.7863102,80.22148132,35814,35824,10
12.78627014,80.22132874,35824,35834,10
12.78623009,80.22086334,35834,35844,10
12.7862196,80.22042847,35844,35864,20
12.7862196,80.22042847,35864,35875,11
12.78647995,80.22038269,35875,35895,20
12.78647995,80.22038269,35895,35905,10
12.78678989,80.22054291,35905,35915,10
12.78722,80.22068024,35915,35925,10
12.78732014,80.22071075,35925,35935,10
12.78767014,80.22084808,35935,35945,10
12.78829002,80.22106171,35945,35955,10
12.78915977,80.22138214,35955,35966,11
12.78956032,80.2215271,35966,35976,10
12.78989983,80.2216568,35976,35986,10
12.79016018,80.22173309,35986,35996,10
12.79073048,80.22187042,35996,36006,10
12.7914896,80.22206879,36006,36016,10
12.79249001,80.22231293,36016,36026,10
12.79368973,80.22250366,36026,36036,10
12.79485989,80.22270203,36036,36046,10
12.79640007,80.22293091,36046,36067,21
12.79640007,80.22293091,36067,36077,10
12.79660988,80.22299194,36077,36087,10
12.79718971,80.22309875,36087,36097,10
12.79798031,80.22322845,36097,36107,10
12.79891968,80.22332764,36107,36117,10
12.79992962,80.22341919,36117,36127,10
12.8013401,80.22354889,36127,36148,21
12.8013401,80.22354889,36148,36158,10
12.80177021,80.22360992,36158,36168,10
12.80253029,80.22370911,36168,36178,10
12.80329037,80.22380829,36178,36188,10
12.80414009,80.22387695,36188,36198,10
12.80494976,80.22396088,36198,36208,10
12.80533028,80.22405243,36208,36218,10
12.80548,80.22409821,36218,36228,10
12.80554962,80.22409821,36228,36239,11
12.80582047,80.22432709,36239,36249,10
12.80626011,80.2247467,36249,36259,10
12.80692959,80.2253418,36259,36269,10
12.80764008,80.22592926,36269,36279,10
12.80846024,80.22663116,36279,36289,10
12.80937958,80.22733307,36289,36299,10
12.81044006,80.22782135,36299,36309,10
12.81153011,80.2282486,36309,36319,10
12.81264019,80.22865295,36319,36330,11
12.81389046,80.22904968,36330,36340,10
12.81517982,80.22928619,36340,36350,10
12.81653976,80.22949982,36350,36360,10
12.81779957,80.22992706,36360,36370,10
12.81890965,80.23040771,36370,36380,10
12.8197403,80.23042297,36380,36390,10
12.8198204,80.23040771,36390,36400,10
12.8203001,80.23040771,36400,36410,10
12.82114983,80.23042297,36410,36421,11
12.82227993,80.23062897,36421,36431,10
12.82338047,80.23097229,36431,36441,10
12.82452965,80.23123932,36441,36451,10
12.82575035,80.23132324,36451,36461,10
12.82701015,80.23119354,36461,36471,10
12.82812977,80.23059845,36471,36481,10
12.8292799,80.22995758,36481,36491,10
12.8309803,80.2293396,36491,36512,21
12.8309803,80.2293396,36512,36522,10
12.83139992,80.22923279,36522,36552,30
12.83139992,80.22923279,36552,36562,10
12.83148003,80.22918701,36562,36572,10
12.8319397,80.22907257,36572,36582,10
12.83265972,80.22892761,36582,36592,10
12.83349037,80.22878265,36592,36603,11
12.83456039,80.22859192,36603,36613,10
12.83549023,80.22846222,36613,36623,10
12.83644009,80.22831726,36623,36633,10
12.83745003,80.2281723,36633,36643,10
12.83841991,80.22792053,36643,36653,10
12.83940983,80.22766113,36653,36683,30
12.83940983,80.22766113,36683,36694,11
12.83963013,80.22762299,36694,36704,10
12.84010029,80.22750092,36704,36714,10
12.84088039,80.22731018,36714,36724,10
12.8419199,80.22699738,36724,36734,10
12.84311962,80.22672272,36734,36744,10
12.84440041,80.22657776,36744,36754,10
12.84539032,80.22653198,36754,36774,20
12.84539032,80.22653198,36774,36785,11
12.84560966,80.22653961,36785,36795,10
12.84566021,80.22654724,36795,36805,10
12.84589958,80.22654724,36805,36815,10
12.84648037,80.22653961,36815,36825,10
12.84739017,80.22653198,36825,36835,10
12.84850025,80.22653961,36835,36845,10
12.84957027,80.22650909,36845,36855,10
12.84996986,80.22648621,36855,36865,10
12.85017967,80.22648621,36865,36876,11
12.85083961,80.22648621,36876,36886,10
12.85171032,80.22653961,36886,36896,10
12.85270023,80.22660065,36896,36906,10
12.85383034,80.2265625,36906,36916,10
12.85501957,80.2264328,36916,36926,10
12.85628033,80.2263031,36926,36936,10
12.85758018,80.22618103,36936,36946,10
12.85879993,80.22621155,36946,36956,10
12.85991001,80.22635651,36956,36967,11
12.86061954,80.22646332,36967,36977,10
12.86069012,80.22646332,36977,36987,10
12.86112022,80.22650909,36987,36997,10
12.86184025,80.22650909,36997,37007,10
12.86279964,80.22646332,37007,37017,10
12.86394024,80.22647095,37017,37027,10
12.86516953,80.22651672,37027,37037,10
12.86643982,80.22647858,37037,37047,10
12.86754036,80.22637939,37047,37058,11
12.86894035,80.22635651,37058,37068,10
12.87016964,80.22650146,37068,37078,10
12.87137032,80.22657776,37078,37088,10
12.8725996,80.22660065,37088,37138,50
12.8725996,80.22660065,37138,37149,11
12.87271976,80.22663879,37149,37159,10
12.87312984,80.22664642,37159,37169,10
12.87378979,80.22667694,37169,37179,10
12.87464046,80.22678375,37179,37189,10
12.87551022,80.22688293,37189,37199,10
12.8763504,80.22691345,37199,37209,10
12.87660027,80.22692108,37209,37219,10
12.87679005,80.22691345,37219,37229,10
12.87736988,80.22688293,37229,37240,11
12.87829971,80.22679138,37240,37250,10
12.87938023,80.22673035,37250,37260,10
12.8804903,80.22672272,37260,37270,10
12.88158989,80.22669983,37270,37280,10
12.88278008,80.22667694,37280,37290,10
12.88395023,80.22667694,37290,37300,10
12.88481045,80.22663879,37300,37310,10
12.88502979,80.22663879,37310,37320,10
12.88514042,80.22666168,37320,37331,11
12.88562012,80.22672272,37331,37341,10
12.88632965,80.22689819,37341,37351,10
12.88726044,80.22712708,37351,37361,10
12.88833046,80.22727203,37361,37371,10
12.88953972,80.22727203,37371,37381,10
12.89081955,80.22727203,37381,37391,10
12.89194965,80.22727203,37391,37401,10
12.89286041,80.2273407,37401,37411,10
12.89375019,80.22746277,37411,37422,11
12.89474964,80.22754669,37422,37432,10
12.89566994,80.22757721,37432,37442,10
12.89669991,80.22760773,37442,37452,10
12.89768028,80.22766113,37452,37462,10
12.89875984,80.22773743,37462,37472,10
12.89960003,80.2277832,37472,37482,10
12.90052986,80.22782898,37482,37492,10
12.9012804,80.22788239,37492,37502,10
12.90200043,80.22794342,37502,37513,11
12.90293026,80.22794342,37513,37533,20
12.90293026,80.22794342,37533,37543,10
12.90299988,80.22794342,37543,37553,10
12.90340996,80.22795868,37553,37563,10
12.90417957,80.22801971,37563,37573,10
12.90515995,80.22807312,37573,37583,10
12.90622044,80.22812653,37583,37624,41
12.90622044,80.22812653,37624,37634,10
12.90625,80.22815704,37634,37644,10
12.90660954,80.2281723,37644,37654,10
12.90684986,80.22820282,37654,37664,10
12.90697956,80.22824097,37664,37674,10
12.90748978,80.22830963,37674,37684,10
12.90826035,80.2284317,37684,37695,11
12.90939045,80.22862244,37695,37705,10
12.91053963,80.2288208,37705,37715,10
12.91170025,80.22898102,37715,37725,10
12.91285992,80.22914124,37725,37735,10
12.91357994,80.2292099,37735,37745,10
12.9139204,80.22926331,37745,37765,20
12.9139204,80.22926331,37765,37775,10
12.9142704,80.22933197,37775,37786,11
12.91497993,80.22942352,37786,37796,10
12.91574955,80.22953796,37796,37806,10
12.91672039,80.22963715,37806,37816,10
12.9177103,80.22979736,37816,37826,10
12.91868019,80.22994232,37826,37836,10
12.91985035,80.23008728,37836,37846,10
12.92109966,80.2302475,37846,37856,10
12.92238045,80.23043823,37856,37866,10
12.92366028,80.23062134,37866,37877,11
12.92498016,80.23078156,37877,37887,10
12.9259901,80.23090363,37887,37897,10
12.9263401,80.23092651,37897,37907,10
12.92660999,80.23097229,37907,37917,10
12.92724037,80.23104858,37917,37927,10
12.92815018,80.23116302,37927,37937,10
12.92916965,80.23132324,37937,37947,10
12.93029022,80.23158264,37947,37957,10
12.93142033,80.23191833,37957,37968,11
12.93245983,80.23227692,37968,37978,10
12.93321037,80.23255157,37978,37988,10
12.93338013,80.23261261,37988,37998,10
12.93346977,80.23265839,37998,38008,10
12.9338398,80.2328186,38008,38018,10
12.93445015,80.23310852,38018,38028,10
12.93529987,80.23349762,38028,38038,10
12.93626022,80.23394012,38038,38049,11
12.93719959,80.23439789,38049,38059,10
12.93807983,80.2348175,38059,38069,10
12.93894958,80.23525238,38069,38079,10
12.9394598,80.23548889,38079,38089,10
12.93947029,80.23548889,38089,38099,10
12.93962955,80.23557281,38099,38109,10
12.93976021,80.23564148,38109,38117,8
12.93986988,80.23571014,38117,38129,12
12.94062042,80.23592377,38129,38140,11
12.94159031,80.23616028,38140,38150,10
12.94258976,80.23647308,38150,38160,10
12.94344997,80.23712158,38160,38170,10
12.94421959,80.23796844,38170,38180,10
12.94509983,80.23892975,38180,38190,10
12.94604015,80.23950195,38190,38200,10
12.94692993,80.23983765,38200,38210,10
12.94775963,80.2401886,38210,38220,10
12.94884014,80.24063873,38220,38271,51
12.94884014,80.24063873,38271,38281,10
12.9489603,80.2407074,38281,38291,10
12.94933987,80.24085999,38291,38301,10
12.95003986,80.24105835,38301,38311,10
12.95096016,80.24128723,38311,38332,21
12.95096016,80.24128723,38332,38342,10
12.95112038,80.24137115,38342,38352,10
12.95160007,80.24156952,38352,38362,10
12.9523201,80.24182892,38362,38372,10
12.95300007,80.24208069,38372,38382,10
12.95374012,80.24237823,38382,38392,10
12.95423985,80.24256134,38392,38402,10
12.95493984,80.24284363,38402,38413,11
12.95580006,80.24311829,38413,38423,10
12.95641041,80.24337006,38423,38433,10
12.95683956,80.2435379,38433,38443,10
12.95761013,80.24388123,38443,38453,10
12.95835018,80.2441864,38453,38463,10
12.95880985,80.24436188,38463,38473,10
12.95886993,80.24443817,38473,38483,10
12.95923996,80.24463654,38483,38493,10
12.95989037,80.24491882,38493,38504,11
12.96084976,80.24533844,38504,38514,10
12.96183968,80.2457962,38514,38524,10
12.96278,80.2462616,38524,38534,10
12.96327972,80.246521,38534,38584,50
12.96327972,80.246521,38584,38595,11
12.96335983,80.24661255,38595,38605,10
12.96376038,80.24680328,38605,38615,10
12.96450043,80.24706268,38615,38625,10
12.96537018,80.2473526,38625,38635,10
12.96650028,80.24775696,38635,38655,20
12.96650028,80.24775696,38655,38665,10
12.96658039,80.24780273,38665,38675,10
12.96687031,80.24796295,38675,38686,11
12.96732998,80.24816895,38686,38696,10
12.96805954,80.24846649,38696,38706,10
12.96893024,80.24880981,38706,38716,10
12.96990967,80.24920654,38716,38726,10
12.97093964,80.24958038,38726,38736,10
12.97194958,80.24984741,38736,38746,10
12.97303963,80.25015259,38746,38756,10
12.97408962,80.25042725,38756,38766,10
12.97511959,80.25073242,38766,38777,11
12.97628975,80.25108337,38777,38787,10
12.97731972,80.25145721,38787,38797,10
12.97848988,80.25229645,38797,38827,30
12.97848988,80.25229645,38827,38837,10
12.97873974,80.25244141,38837,38847,10
12.97976017,80.25258636,38847,38918,71
12.97976017,80.25258636,38918,38928,10
12.98013973,80.25261688,38928,38938,10
12.98085976,80.25258636,38938,38948,10
12.98182011,80.25256348,38948,38959,11
12.98303032,80.25251007,38959,38969,10
12.98423958,80.2522583,38969,38979,10
12.98548031,80.25193787,38979,38989,10
12.98639965,80.25167084,38989,38999,10
12.98731995,80.25141144,38999,39090,91
12.98731995,80.25141144,39090,39100,10
12.98760986,80.25131989,39100,39110,10
12.98808002,80.25119781,39110,39120,10
12.98890018,80.25100708,39120,39130,10
12.98956013,80.25080109,39130,39141,11
12.98962021,80.25081635,39141,39151,10
12.99003983,80.25071716,39151,39161,10
12.99079037,80.25054169,39161,39171,10
12.99174023,80.25029755,39171,39181,10
12.99287987,80.25000763,39181,39191,10
12.9941597,80.24965668,39191,39201,10
12.99545956,80.24933624,39201,39211,10
12.99643993,80.24907684,39211,39221,10
12.99654007,80.24906158,39221,39232,11
12.99697971,80.24897766,39232,39242,10
12.99773979,80.24880981,39242,39252,10
12.99868965,80.2485733,39252,39262,10
12.99985981,80.2482605,39262,39272,10
13.00107002,80.24794769,39272,39282,10
13.00218964,80.24768066,39282,39292,10
13.00329971,80.24746704,39292,39302,10
13.00444031,80.24729919,39302,39312,10
13.00557995,80.24710846,39312,39323,11
13.00652981,80.24635315,39323,39343,20
13.00652981,80.24635315,39343,39353,10
13.00662041,80.2461319,39353,39363,10
13.00662994,80.24555206,39363,39373,10
13.00658035,80.24490356,39373,39383,10
13.00654984,80.24427795,39383,39393,10
13.00648975,80.24356842,39393,39403,10
13.00648022,80.24276733,39403,39414,11
13.00648975,80.24181366,39414,39424,10
13.0065403,80.2410965,39424,39434,10
13.00662041,80.240448,39434,39444,10
13.00671959,80.23983765,39444,39454,10
13.00687027,80.23908234,39454,39464,10
13.00710011,80.23822021,39464,39474,10
13.00728989,80.23748779,39474,39484,10
13.0074501,80.23655701,39484,39505,21
13.0074501,80.23655701,39505,39515,10
13.0075798,80.23623657,39515,39525,10
13.00765991,80.23568726,39525,39535,10
13.00774956,80.23522186,39535,39545,10
13.00784969,80.23471832,39545,39555,10
13.00796986,80.23401642,39555,39565,10
13.00817966,80.23304749,39565,39575,10
13.00839043,80.23206329,39575,39585,10
13.00856018,80.23101807,39585,39596,11
13.00876999,80.23007965,39596,39606,10
13.00895023,80.2292099,39606,39616,10
13.00914001,80.22833252,39616,39626,10
13.00946045,80.22746277,39626,39636,10
13.0098896,80.22650909,39636,39646,10
13.01031017,80.22570801,39646,39656,10
13.0105896,80.22518921,39656,39666,10
13.01080036,80.2246933,39666,39676,10
13.01103973,80.22411346,39676,39687,11
13.01124001,80.22367859,39687,39697,10
13.01124954,80.22367096,39697,39707,10
13.01128006,80.22358704,39707,39717,10
13.01132965,80.2233963,39717,39727,10
13.0114603,80.22312164,39727,39737,10
13.01167011,80.22254944,39737,39747,10
13.01194,80.22183228,39747,39757,10
13.01228046,80.22145081,39757,39767,10
13.01243973,80.22174072,39767,39778,11
13.01296997,80.22222137,39778,39788,10
13.01315022,80.22245026,39788,39798,10
13.01358986,80.22290802,39798,39808,10
13.01393032,80.22332001,39808,39818,10
13.01426983,80.22367859,39818,39828,10
13.01480961,80.22418976,39828,39838,10
13.0155201,80.22502899,39838,39859,21
13.0155201,80.22502899,39859,39869,10
13.01576042,80.2252121,39869,39879,10
13.01638985,80.22531128,39879,39889,10
13.01708031,80.22509003,39889,39899,10
13.01780033,80.22479248,39899,39909,10
13.01856041,80.2244873,39909,39919,10
13.01918983,80.22429657,39919,39929,10
13.01951981,80.22431183,39929,39960,31
13.01951981,80.22431183,39960,39970,10
13.01963043,80.22438049,39970,39980,10
13.01976967,80.22451782,39980,40010,30
13.01976967,80.22451782,40010,40020,10
13.02013969,80.224823,40020,40030,10
13.02058029,80.22515869,40030,40041,11
13.0211401,80.22557831,40041,40051,10
13.02169991,80.22599792,40051,40061,10
13.0219698,80.22615814,40061,40071,10
13.0222702,80.2264328,40071,40081,10
13.02272034,80.22683716,40081,40091,10
13.0232296,80.22737885,40091,40101,10
13.02373981,80.22781372,40101,40111,10
13.02416992,80.22820282,40111,40121,10
13.02433968,80.22846222,40121,40182,61
13.02433968,80.22846222,40182,40192,10
13.02431965,80.2286911,40192,40202,10
13.0241003,80.22852325,40202,40212,10
13.02377987,80.22807312,40212,40223,11
13.02342033,80.22773743,40223,40394,171
13.02334023,80.22743988,40394,40536,142
13.02336025,80.22759247,40536,40678,142
13.02336025,80.22759247,40678,40688,10
13.02313042,80.22737122,40688,40698,10
13.02311039,80.22736359,40698,40708,10
13.02295971,80.22724152,40708,40718,10
13.02272987,80.22698212,40718,40728,10
13.02233982,80.22660065,40728,40738,10
13.02188969,80.22624207,40738,40748,10
13.02167988,80.22609711,40748,40759,11
13.02120972,80.22570801,40759,40769,10
13.02058983,80.22524261,40769,40779,10
13.01998043,80.22486115,40779,40789,10
13.01947021,80.2245636,40789,40799,10
13.01869965,80.22454834,40799,40809,10
13.01788998,80.22486115,40809,40819,10
13.01714039,80.22515869,40819,40829,10
13.0165596,80.22540283,40829,40839,10
13.01626015,80.22550964,40839,40850,11
13.01585007,80.22566223,40850,40860,10
13.01552963,80.22576141,40860,40870,10
13.01496983,80.2259903,40870,40880,10
13.01438046,80.22621918,40880,40890,10
13.01418972,80.2263031,40890,40900,10
13.01373959,80.22646332,40900,40910,10
13.01305008,80.22673035,40910,40920,10
13.01226044,80.22705078,40920,40930,10
13.01142025,80.22736359,40930,40941,11
13.01047039,80.22776031,40941,40951,10
13.00965977,80.22808075,40951,40961,10
13.00911999,80.22866821,40961,40971,10
13.00893974,80.229599,40971,40981,10
13.00874996,80.23058319,40981,40991,10
13.00866032,80.23137665,40991,41001,10
13.00842953,80.23253632,41001,41011,10
13.00829983,80.23335266,41011,41021,10
13.00823975,80.23358154,41021,41032,11
13.0081501,80.23370361,41032,41042,10
13.00807953,80.23390198,41042,41052,10
13.00796986,80.23442841,41052,41062,10
13.00780964,80.23526764,41062,41072,10
13.0076704,80.23607635,41072,41082,10
13.00749969,80.23692322,41082,41092,10
13.0073204,80.23786163,41092,41102,10
13.00716972,80.2387085,41102,41112,10
13.00708961,80.23928833,41112,41123,11
13.00697994,80.2396698,41123,41133,10
13.00689983,80.24009705,41133,41143,10
13.00685978,80.240448,41143,41153,10
13.00681019,80.24079895,41153,41163,10
13.00675011,80.24093628,41163,41173,10
13.00675011,80.24141693,41173,41183,10
13.00673008,80.24205017,41183,41193,10
13.00669003,80.24282074,41193,41203,10
13.00667,80.24356079,41203,41214,11
13.00664997,80.24417877,41214,41224,10
13.00664043,80.24479675,41224,41234,10
13.00667953,80.24539948,41234,41244,10
13.00671959,80.24604034,41244,41254,10
13.00669956,80.24671173,41254,41264,10
13.00660992,80.24732208,41264,41274,10
13.00611973,80.24742889,41274,41294,20
13.00611973,80.24742889,41294,41305,11
13.00588036,80.24742889,41305,41315,10
13.00526047,80.24736786,41315,41325,10
13.00436974,80.24742889,41325,41335,10
13.00331974,80.24758148,41335,41344,9
13.00212955,80.24781036,41344,41355,11
13.00113964,80.24806976,41355,41365,10
12.99960995,80.24845886,41365,41375,10
12.99837971,80.2487793,41375,41385,10
12.99792957,80.24890137,41385,41396,11
12.99777985,80.24893951,41396,41406,10
12.9972496,80.24906921,41406,41416,10
12.99635983,80.24928284,41416,41426,10
12.99528027,80.2495575,41426,41436,10
12.99419975,80.24984741,41436,41446,10
12.99304962,80.25012207,41446,41456,10
12.99190998,80.25039673,41456,41466,10
12.99108028,80.25063324,41466,41476,10
12.99100971,80.2506485,41476,41487,11
12.99073982,80.2507019,41487,41497,10
12.99011993,80.25087738,41497,41507,10
12.98929024,80.251091,41507,41517,10
12.98834038,80.25138092,41517,41618,101
12.98834038,80.25138092,41618,41628,10
12.98806,80.25138855,41628,41638,10
12.98762035,80.2514801,41638,41648,10
12.98703003,80.25164032,41648,41658,10
12.9863596,80.25183868,41658,41669,11
12.98550987,80.25203705,41669,41679,10
12.98458004,80.25229645,41679,41689,10
12.98355961,80.25256348,41689,41699,10
12.98254013,80.25270081,41699,41709,10
12.98157978,80.25270844,41709,41719,10
12.98073959,80.25273895,41719,41729,10
12.98023987,80.25282288,41729,41739,10
12.97986031,80.25280762,41739,41749,10
12.97922993,80.25267792,41749,41760,11
12.97867012,80.25263214,41760,41770,10
12.97865963,80.25263214,41770,41780,10
12.97840977,80.25245667,41780,41790,10
12.97784042,80.25200653,41790,41800,10
12.97694969,80.25140381,41800,41810,10
12.97568035,80.25102997,41810,41820,10
12.97432995,80.25063324,41820,41830,10
12.97307014,80.25028992,41830,41840,10
12.97179985,80.24996948,41840,41851,11
12.97033024,80.2495575,41851,41861,10
12.96907997,80.24906158,41861,41871,10
12.9679203,80.2485733,41871,41881,10
12.96689034,80.24813843,41881,41891,10
12.9663496,80.24788666,41891,41901,10
12.96560955,80.24758148,41901,41911,10
12.96506023,80.24739075,41911,41921,10
12.96504974,80.24738312,41921,41931,10
12.96469975,80.24723816,41931,41942,11
12.96409988,80.24701691,41942,41952,10
12.96372032,80.24688721,41952,41962,10
12.96319962,80.24662781,41962,41972,10
12.96240997,80.24623871,41972,41982,10
12.96148968,80.24578857,41982,41992,10
12.96051979,80.24533081,41992,42002,10
12.95960045,80.24494171,42002,42012,10
12.95880032,80.24456024,42012,42022,10
12.95800018,80.24424744,42022,42033,11
12.95730972,80.2440033,42033,42043,10
12.95676994,80.24382019,42043,42053,10
12.95648956,80.24375916,42053,42134,81
12.95648956,80.24375916,42134,42144,10
12.95594978,80.24353027,42144,42154,10
12.95524025,80.24317169,42154,42164,10
12.95431995,80.24272156,42164,42174,10
12.95331001,80.24230957,42174,42184,10
12.95166016,80.24172974,42184,42204,20
12.95166016,80.24172974,42204,42215,11
12.9513998,80.24160767,42215,42225,10
12.95090961,80.24143982,42225,42235,10
12.95011044,80.24118805,42235,42245,10
12.94943047,80.24095917,42245,42255,10
12.94904041,80.24080658,42255,42265,10
12.94836998,80.24056244,42265,42275,10
12.94754028,80.24021149,42275,42285,10
12.9471302,80.24002075,42285,42295,10
12.94672012,80.23989868,42295,42306,11
12.94645023,80.23979187,42306,42316,10
12.94594955,80.23957825,42316,42326,10
12.94519043,80.23919678,42326,42336,10
12.94447041,80.23844147,42336,42346,10
12.9436903,80.23755646,42346,42356,10
12.94283962,80.23677063,42356,42366,10
12.94165039,80.23628998,42366,42376,10
12.94044018,80.23600769,42376,42386,10
12.93990993,80.23590088,42386,42397,11
12.93972015,80.23583221,42397,42407,10
12.93962955,80.23578644,42407,42417,10
12.93916035,80.23554993,42417,42427,10
12.93834972,80.2351532,42427,42437,10
12.93739033,80.23468018,42437,42447,10
12.93642998,80.23417664,42447,42457,10
12.9357996,80.23384094,42457,42467,10
12.93572044,80.23378754,42467,42477,10
12.93537998,80.2336731,42477,42488,11
12.93465042,80.2333374,42488,42498,10
12.93387985,80.23298645,42498,42518,20
12.93387985,80.23298645,42518,42528,10
12.93356991,80.23284149,42528,42538,10
12.93292046,80.23256683,42538,42548,10
12.93200016,80.2322464,42548,42558,10
12.93101025,80.23194122,42558,42568,10
12.93002033,80.23164368,42568,42579,11
12.92891026,80.23139954,42579,42589,10
12.92782021,80.2312088,42589,42599,10
12.92675018,80.23108673,42599,42609,10
12.92615986,80.23104095,42609,42619,10
12.92597961,80.23101807,42619,42629,10
12.92547989,80.23095703,42629,42639,10
12.92465019,80.23087311,42639,42649,10
12.9236002,80.23072815,42649,42659,10
12.92255974,80.2305603,42659,42670,11
12.92127991,80.23033905,42670,42680,10
12.91998005,80.2301712,42680,42690,10
12.91876984,80.23001099,42690,42700,10
12.91757965,80.22988129,42700,42710,10
12.91648006,80.2297287,42710,42720,10
12.91541004,80.22958374,42720,42730,10
12.91438007,80.22943115,42730,42740,10
12.91368008,80.22936249,42740,42750,10
12.91333008,80.22933197,42750,42761,11
12.91314983,80.22928619,42761,42771,10
12.91285992,80.22921753,42771,42781,10
12.91232014,80.22915649,42781,42791,10
12.91141987,80.22899628,42791,42801,10
12.91028023,80.22882843,42801,42811,10
12.90898991,80.22862244,42811,42821,10
12.9078598,80.22846222,42821,42831,10
12.90746021,80.22841644,42831,42841,10
12.90732002,80.2283783,42841,42852,11
12.90674973,80.22833252,42852,42862,10
12.9063797,80.22828674,42862,42872,10
12.90575981,80.22827911,42872,42882,10
12.90487957,80.22818756,42882,42892,10
12.90402031,80.22814178,42892,42902,10
12.90318012,80.2281189,42902,42912,10
12.90231037,80.22808838,42912,42922,10
12.90161991,80.22808075,42922,42953,31
12.90161991,80.22808075,42953,42963,10
12.90139961,80.22808075,42963,42973,10
12.90104008,80.22801208,42973,42983,10
12.90056992,80.22798157,42983,42993,10
12.90023041,80.22799683,42993,43003,10
12.89982033,80.2279892,43003,43013,10
12.89978027,80.2279892,43013,43023,10
12.89951992,80.22795868,43023,43034,11
12.89908028,80.22792816,43034,43044,10
12.89846039,80.22789001,43044,43054,10
12.89756012,80.22783661,43054,43064,10
12.89655018,80.22776794,43064,43074,10
12.89554024,80.22769928,43074,43084,10
12.89445019,80.2276535,43084,43094,10
12.89328003,80.22753906,43094,43104,10
12.89253998,80.22749329,43104,43145,41
12.89253998,80.22749329,43145,43155,10
12.89249039,80.22749329,43155,43165,10
12.89200974,80.22744751,43165,43175,10
12.89120007,80.22741699,43175,43185,10
12.89011955,80.22741699,43185,43195,10
12.88901043,80.22740173,43195,43205,10
12.88796997,80.2273407,43205,43216,11
12.88710976,80.227211,43216,43226,10
12.88626003,80.22702026,43226,43236,10
12.88518047,80.22678375,43236,43246,10
12.88389969,80.22672272,43246,43256,10
12.88247967,80.22672272,43256,43266,10
12.88103962,80.22673798,43266,43276,10
12.87998962,80.22675323,43276,43286,10
12.87870026,80.22679901,43286,43296,10
12.87736034,80.22689819,43296,43307,11
12.87662983,80.22699738,43307,43317,10
12.8764801,80.22702026,43317,43327,10
12.87613964,80.22702026,43327,43337,10
12.87549973,80.22699738,43337,43347,10
12.87456036,80.22689056,43347,43357,10
12.8735199,80.22678375,43357,43367,10
12.8726902,80.22675323,43367,43377,10
12.87252998,80.22676086,43377,43387,10
12.87220955,80.22673035,43387,43398,11
12.87143993,80.22669983,43398,43408,10
12.87042046,80.22664642,43408,43418,10
12.86919975,80.22650909,43418,43428,10
12.86789989,80.22644806,43428,43438,10
12.8666296,80.22657013,43438,43448,10
12.86538029,80.22663879,43448,43458,10
12.86423969,80.22660065,43458,43468,10
12.86303997,80.22657776,43468,43478,10
12.86192036,80.22663116,43478,43489,11
12.86112022,80.22663879,43489,43499,10
12.86093998,80.22663879,43499,43509,10
12.8603096,80.22657013,43509,43519,10
12.85937023,80.22644043,43519,43529,10
12.85855007,80.22633362,43529,43539,10
12.85774994,80.2263031,43539,43549,10
12.85669041,80.22638702,43549,43559,10
12.85542011,80.22653198,43559,43569,10
12.85400009,80.22667694,43569,43580,11
12.85237026,80.22675323,43580,43590,10
12.85089016,80.2266922,43590,43600,10
12.8494997,80.22664642,43600,43610,10
12.84825039,80.22662354,43610,43620,10
12.84702015,80.22663116,43620,43630,10
12.84607029,80.22664642,43630,43640,10
12.84552002,80.22664642,43640,43660,20
12.84552002,80.22664642,43660,43671,11
12.84512997,80.22663879,43671,43681,10
12.84453011,80.22666931,43681,43691,10
12.84364986,80.22678375,43691,43701,10
12.84253025,80.22698212,43701,43711,10
12.84142017,80.22721863,43711,43721,10
12.84023952,80.22754669,43721,43741,20
12.84004974,80.2276001,43741,43812,71
12.83971024,80.22770691,43812,43842,30
12.83971024,80.22770691,43842,43853,11
12.83917999,80.22785187,43853,43863,10
12.83845997,80.22805786,43863,43873,10
12.83745003,80.22827911,43873,43883,10
12.83619976,80.22846222,43883,43893,10
12.83479977,80.22866821,43893,43903,10
12.83349991,80.22891235,43903,43913,10
12.8325901,80.22908783,43913,43923,10
12.83234978,80.22914124,43923,43933,10
12.83222008,80.22917175,43933,43944,11
12.83183956,80.22926331,43944,43954,10
12.83137989,80.22937775,43954,43964,10
12.83059025,80.22959137,43964,43974,10
12.82952023,80.23000336,43974,43984,10
12.82830048,80.23059845,43984,43994,10
12.82699013,80.23126221,43994,44004,10
12.82557964,80.23139954,44004,44014,10
12.82437038,80.23132324,44014,44024,10
12.82320023,80.23097992,44024,44035,11
12.82188034,80.23056793,44035,44045,10
12.82061958,80.23049927,44045,44055,10
12.81952,80.23053741,44055,44065,10
12.8190403,80.23053741,44065,44075,10
12.81886959,80.23052216,44075,44085,10
12.81830978,80.2302475,44085,44095,10
12.81742001,80.22984314,44095,44105,10
12.81626034,80.22950745,44105,44115,10
12.81499004,80.22933197,44115,44126,11
12.81350994,80.22901154,44126,44136,10
12.81225014,80.22857666,44136,44146,10
12.81112003,80.22815704,44146,44156,10
12.80998039,80.22769928,44156,44166,10
12.80893993,80.22712708,44166,44176,10
12.80795956,80.22631836,44176,44186,10
12.80702972,80.22550201,44186,44196,10
12.80603981,80.22460938,44196,44227,31
12.80603981,80.22460938,44227,44237,10
12.80589008,80.22451019,44237,44247,10
12.80568981,80.22434998,44247,44257,10
12.80541992,80.22418976,44257,44267,10
12.80533981,80.22415924,44267,44277,10
12.80521965,80.22412109,44277,44287,10
12.80494976,80.22405243,44287,44297,10
12.80484009,80.22403717,44297,44308,11
12.80457973,80.22398376,44308,44318,10
12.80391026,80.22393036,44318,44328,10
12.80294037,80.22383881,44328,44338,10
12.80171013,80.22368622,44338,44348,10
12.80051994,80.22358704,44348,44358,10
12.79940033,80.22348022,44358,44368,10
12.79817963,80.22338104,44368,44378,10
12.79687023,80.22315979,44378,44388,10
12.79592037,80.22299957,44388,44399,11
12.79580021,80.22299194,44399,44409,10
12.79541969,80.22292328,44409,44419,10
12.79473972,80.22277832,44419,44429,10
12.79397964,80.22265625,44429,44439,10
12.79300022,80.22251892,44439,44449,10
12.79199028,80.22232819,44449,44459,10
12.7910099,80.22209167,44459,44469,10
12.79026031,80.22187805,44469,44479,10
12.79022026,80.22186279,44479,44490,11
12.78983021,80.22177124,44490,44500,10
12.78934002,80.22161102,44500,44510,10
12.78876019,80.22138214,44510,44520,10
12.78827,80.22119904,44520,44530,10
12.78806973,80.22107697,44530,44540,10
12.78777027,80.2210083,44540,44550,10
12.78738022,80.22084808,44550,44570,20
12.78738022,80.22084808,44570,44581,11
12.78711033,80.22075653,44581,44752,171
12.78711033,80.22075653,44752,44763,11
12.78674984,80.22061157,44763,44773,10
12.78652954,80.22054291,44773,44783,10
12.78623009,80.22039795,44783,44803,20
12.78623009,80.22039795,44803,44813,10
12.78616047,80.22070313,44813,44823,10
12.78614998,80.22099304,44823,44833,10
12.78617001,80.22142029,44833,44884,51
12.78617001,80.22142029,44884,44894,10
12.7862196,80.22180176,44894,46360,1466
12.7862196,80.22180176,46360,46370,10
12.78623009,80.22173309,46370,46381,11
12.78623009,80.22155762,46381,46391,10
12.78623962,80.22138214,46391,46401,10
12.7862196,80.22106171,46401,46411,10
12.78616047,80.22039795,46411,46482,71
12.78616047,80.22039795,46482,46492,10
12.78637981,80.22039795,46492,46502,10
12.78660965,80.22051239,46502,46512,10
12.78691959,80.2206192,46512,46522,10
12.78736019,80.22077179,46522,46532,10
12.78785992,80.22093964,46532,46542,10
12.78841019,80.22115326,46542,46552,10
12.78901958,80.22138214,46552,46563,11
12.78958035,80.22161102,46563,46573,10
12.78977966,80.22167206,46573,46583,10
12.79016972,80.22177124,46583,46593,10
12.79090977,80.2219696,46593,46603,10
12.79178047,80.22219849,46603,46613,10
12.79277992,80.22238922,46613,46623,10
12.79401016,80.22255707,46623,46633,10
12.79541969,80.22277832,46633,46643,10
12.79629993,80.22292328,46643,46654,11
12.79636002,80.22293091,46654,46664,10
12.79675007,80.22302246,46664,46674,10
12.79740047,80.22315979,46674,46684,10
12.79833031,80.2232666,46684,46694,10
12.7993803,80.22338867,46694,46704,10
12.80049992,80.2234726,46704,46714,10
12.80136013,80.22354126,46714,46724,10
12.80146027,80.22354889,46724,46734,10
12.80175972,80.22360992,46734,46745,11
12.80245018,80.22368622,46745,46755,10
12.80325031,80.22380066,46755,46765,10
12.80410004,80.22387695,46765,46775,10
12.80486965,80.22395325,46775,46785,10
12.80545044,80.22409058,46785,46795,10
12.80556011,80.22412872,46795,46805,10
12.80583954,80.22434998,46805,46815,10
12.80640984,80.22485352,46815,46825,10
12.80723,80.22557068,46825,46836,11
12.80834007,80.22651672,46836,46846,10
12.80941963,80.22731781,46846,46856,10
12.81075954,80.22792816,46856,46866,10
12.81221962,80.22846985,46866,46876,10
12.81369019,80.22898102,46876,46886,10
12.81523991,80.22928619,46886,46896,10
12.81676006,80.22953033,46896,46906,10
12.81812954,80.23007965,46906,46916,10
12.81927967,80.23046112,46916,46927,11
12.81970024,80.23042297,46927,46937,10
12.8198204,80.2304306,46937,46947,10
12.82032013,80.23040771,46947,46957,10
12.82122993,80.23040771,46957,46967,10
12.82242966,80.23065948,46967,46977,10
12.8237896,80.23105621,46977,46987,10
12.82522011,80.23135376,46987,46997,10
12.8267498,80.23123932,46997,47007,10
12.82812023,80.23059845,47007,47018,11
12.82968998,80.22984314,47018,47028,10
12.83086014,80.22940063,47028,47038,10
12.83104038,80.2293396,47038,47048,10
12.83133984,80.22926331,47048,47058,10
12.83148956,80.22918701,47058,47068,10
12.83199978,80.22905731,47068,47078,10
12.83253956,80.22897339,47078,47088,10
12.83339977,80.22881317,47088,47098,10
12.8344202,80.2286377,47098,47109,11
12.83572006,80.22843933,47109,47119,10
12.83703995,80.22823334,47119,47129,10
12.83841038,80.22795868,47129,47139,10
12.83940029,80.22762299,47139,47159,20
12.83940029,80.22762299,47159,47169,10
12.8396101,80.22754669,47169,47179,10
12.84016991,80.22747803,47179,47189,10
12.84095955,80.22725677,47189,47200,11
12.84212017,80.22698212,47200,47210,10
12.84337997,80.22673035,47210,47220,10
12.84469986,80.22657013,47220,47230,10
12.8454504,80.22653198,47230,47240,10
12.84570026,80.22650909,47240,47250,10
12.84630966,80.22650146,47250,47260,10
12.84726048,80.22650146,47260,47270,10
12.84838009,80.22650146,47270,47280,10
12.84936047,80.22650146,47280,47291,11
12.85035992,80.22650146,47291,47301,10
12.85122967,80.22653198,47301,47311,10
12.85239983,80.22657776,47311,47321,10
12.85375977,80.22654724,47321,47331,10
12.85521984,80.22640228,47331,47341,10
12.85674953,80.22624969,47341,47351,10
12.85816956,80.22615814,47351,47361,10
12.8594799,80.2263031,47361,47371,10
12.86073971,80.22650146,47371,47382,11
12.86213017,80.22647095,47382,47392,10
12.86343002,80.2264328,47392,47402,10
12.86472034,80.22647858,47402,47412,10
12.86590958,80.22651672,47412,47422,10
12.86717987,80.22640228,47422,47432,10
12.86861992,80.22634125,47432,47442,10
12.87014008,80.22650146,47442,47452,10
12.87168026,80.22659302,47452,47462,10
12.87271023,80.22657776,47462,47473,11
12.87277985,80.22657776,47473,47483,10
12.87290001,80.22659302,47483,47493,10
12.87339973,80.22662354,47493,47503,10
12.87425995,80.22670746,47503,47513,10
12.87539959,80.22683716,47513,47523,10
12.87650013,80.22686005,47523,47533,10
12.87668037,80.22683716,47533,47543,10
12.87709045,80.2268219,47543,47553,10
12.8778801,80.22675323,47553,47564,11
12.87909031,80.22666931,47564,47574,10
12.8803997,80.22664642,47574,47584,10
12.88183975,80.22663879,47584,47594,10
12.88335037,80.22662354,47594,47604,10
12.88479042,80.22660828,47604,47614,10
12.88516998,80.22662354,47614,47624,10
12.88545036,80.22666168,47624,47634,10
12.88609982,80.22682953,47634,47644,10
12.88704014,80.2270813,47644,47655,11
12.88836956,80.22724152,47655,47665,10
12.88978004,80.22725677,47665,47675,10
12.89126015,80.22727203,47675,47685,10
12.89225006,80.22727203,47685,47695,10
12.89237976,80.22727203,47695,47705,10
12.89262009,80.22730255,47705,47715,10
12.89326954,80.22740936,47715,47725,10
12.89416981,80.22753906,47725,47735,10
12.89533997,80.22757721,47735,47746,11
12.89688969,80.22763062,47746,47756,10
12.89828014,80.22769928,47756,47766,10
12.89931965,80.22776794,47766,47776,10
12.89968967,80.22779846,47776,47786,10
12.9001503,80.22781372,47786,47867,81
12.9001503,80.22781372,47867,47877,10
12.90056038,80.22779083,47877,47887,10
12.90077019,80.22782135,47887,47897,10
12.90108967,80.2278595,47897,47907,10
12.90155029,80.2278595,47907,47917,10
12.90242004,80.2279129,47917,47968,51
12.90242004,80.2279129,47968,47978,10
12.90262032,80.22789764,47978,47988,10
12.90307045,80.22795105,47988,47998,10
12.9038496,80.2279892,47998,48008,10
12.90482998,80.2280426,48008,48019,11
12.90620995,80.22807312,48019,48089,70
12.90620995,80.22807312,48089,48099,10
12.90657997,80.22812653,48099,48110,11
12.90690994,80.22817993,48110,48120,10
12.90717983,80.22824097,48120,48130,10
12.90783024,80.22833252,48130,48140,10
12.90876007,80.22849274,48140,48150,10
12.90989017,80.22868347,48150,48160,10
12.91102028,80.22885895,48160,48170,10
12.91232014,80.22904968,48170,48180,10
12.91351032,80.22920227,48180,48190,10
12.91394043,80.22924042,48190,48201,11
12.91407967,80.22924805,48201,48211,10
12.91448021,80.22931671,48211,48221,10
12.91518974,80.22946167,48221,48231,10
12.91609955,80.22956848,48231,48241,10
12.91711998,80.22969055,48241,48251,10
12.91821957,80.22985077,48251,48261,10
12.91940975,80.23000336,48261,48271,10
12.92070007,80.23016357,48271,48281,10
12.9219799,80.23033142,48281,48292,11
12.92350006,80.23053741,48292,48302,10
12.92500019,80.23074341,48302,48312,10
12.92621994,80.23088837,48312,48322,10
12.92648029,80.23090363,48322,48332,10
12.92660999,80.23091888,48332,48342,10
12.92712021,80.23098755,48342,48352,10
12.92800045,80.23108673,48352,48362,10
12.92897034,80.23123932,48362,48372,10
12.93000984,80.23149872,48372,48383,11
12.93124962,80.2318573,48383,48393,10
12.93235016,80.23220062,48393,48403,10
12.93332005,80.23258209,48403,48413,10
12.93369007,80.23271942,48413,48423,10
12.93381023,80.23278809,48423,48433,10
12.93432045,80.23303986,48433,48443,10
12.93505955,80.23336792,48443,48453,10
12.9358902,80.23374939,48453,48463,10
12.93684959,80.23420715,48463,48474,11
12.93795013,80.23474884,48474,48484,10
12.93902016,80.23529053,48484,48494,10
12.93974018,80.23562622,48494,48504,10
12.93982029,80.23564911,48504,48514,10
12.94001961,80.23567963,48514,48524,10
12.94042969,80.23586273,48524,48534,10
12.94114017,80.23603058,48534,48544,10
12.94209957,80.23625946,48544,48554,10
12.94307995,80.23674011,48554,48565,11
12.94398975,80.23764038,48565,48575,10
12.94486046,80.23860931,48575,48585,10
12.94573021,80.23934174,48585,48595,10
12.94666004,80.23970795,48595,48605,10
12.94738007,80.2399826,48605,48615,10
12.94740963,80.23996735,48615,48625,10
12.94777966,80.24014282,48625,48635,10
12.94878006,80.24051666,48635,48666,31
12.94878006,80.24051666,48666,48676,10
12.9489603,80.24060059,48676,48686,10
12.94948006,80.24080658,48686,48696,10
12.95020962,80.24102783,48696,48706,10
12.95083046,80.24121094,48706,48716,10
12.95145988,80.24143219,48716,48726,10
12.95215988,80.24166107,48726,48736,10
12.95294952,80.24199677,48736,48747,11
12.95370007,80.24227142,48747,48757,10
12.95413017,80.24243927,48757,48767,10
12.95466995,80.24269104,48767,48777,10
12.95518017,80.24288177,48777,48787,10
12.95588017,80.24311829,48787,48797,10
12.95639038,80.24333191,48797,48817,20
12.95639038,80.24333191,48817,48827,10
12.95672035,80.24342346,48827,48838,11
12.95738029,80.24375916,48838,48848,10
12.95800018,80.24401855,48848,48858,10
12.95895958,80.24443817,48858,48878,20
12.95895958,80.24443817,48878,48888,10
12.95934963,80.24459839,48888,48898,10
12.95995998,80.24488831,48898,48908,10
12.96068954,80.24521637,48908,48918,10
12.9615202,80.24564362,48918,48929,11
12.9625597,80.24616241,48929,48939,10
12.96331024,80.24652863,48939,48949,10
12.96385956,80.24680328,48949,48959,10
12.96448994,80.24700928,48959,48969,10
12.96516991,80.24723816,48969,48979,10
12.96582031,80.24745178,48979,48989,10
12.96646976,80.24771881,48989,48999,10
12.96693993,80.24791718,48999,49020,21
12.96693993,80.24791718,49020,49030,10
12.96714973,80.24815369,49030,49040,10
12.96776962,80.24838257,49040,49050,10
12.96854019,80.24867249,49050,49060,10
12.96947002,80.24904633,49060,49070,10
12.97037983,80.24938965,49070,49080,10
12.97187996,80.24983978,49080,49090,10
12.97311974,80.25018311,49090,49100,10
12.97408962,80.25041199,49100,49111,11
12.97531033,80.25076294,49111,49121,10
12.97651958,80.25110626,49121,49131,10
12.97760963,80.25160217,49131,49141,10
12.97854996,80.25229645,49141,49161,20
12.97854996,80.25229645,49161,49171,10
12.9787302,80.25241852,49171,49181,10
12.97920036,80.25254059,49181,49191,10
12.97959995,80.25256348,49191,49202,11
12.98011971,80.25260162,49202,49212,10
12.98087978,80.25257111,49212,49222,10
12.98178005,80.25254059,49222,49232,10
12.98270988,80.25250244,49232,49242,10
12.98371029,80.25234985,49242,49252,10
12.98458004,80.25212097,49252,49262,10
12.9854002,80.25189972,49262,49272,10
12.98587036,80.25174713,49272,49333,61
12.98587036,80.25174713,49333,49343,10
12.98612022,80.25157166,49343,49363,20
12.98612022,80.25157166,49363,49373,10
12.9864397,80.25160217,49373,49384,11
12.98752022,80.251297,49384,49505,121
12.98752022,80.251297,49505,49515,10
12.98756981,80.25125885,49515,49525,10
12.98801994,80.2511673,49525,49535,10
12.98923969,80.25086212,49535,49566,31
12.98923969,80.25086212,49566,49576,10
12.98950005,80.25080109,49576,49586,10
12.99003029,80.2507019,49586,49596,10
12.99077988,80.25051117,49596,49606,10
12.99164963,80.25028992,49606,49616,10
12.99275017,80.25003052,49616,49626,10
12.99370003,80.24978638,49626,49636,10
12.99501038,80.2494278,49636,49646,10
12.99615955,80.24918365,49646,49657,11
12.99676037,80.24897766,49657,49667,10
12.99685955,80.24899292,49667,49677,10
12.99730968,80.24889374,49677,49687,10
12.99804974,80.248703,49687,49697,10
12.99901962,80.24848175,49697,49707,10
13.00018024,80.24817657,49707,49717,10
13.00139999,80.24787903,49717,49727,10
13.00249004,80.24761963,49727,49737,10
13.0034399,80.24745941,49737,49748,11
13.00452995,80.24730682,49748,49758,10
13.00551987,80.24713898,49758,49768,10
13.0061903,80.24680328,49768,49778,10
13.00644016,80.24646759,49778,49798,20
13.00644016,80.24646759,49798,49808,10
13.0065403,80.2461319,49808,49818,10
13.00658989,80.24549103,49818,49828,10
13.00658035,80.24487305,49828,49839,11
13.00658035,80.24436188,49839,49849,10
13.00658035,80.24395752,49849,49859,10
13.00656033,80.24356079,49859,49869,10
13.0065403,80.24305725,49869,49879,10
13.00652027,80.24230957,49879,49889,10
13.00656986,80.24137878,49889,49899,10
13.00667,80.24046326,49899,49909,10
13.00685978,80.23963165,49909,49919,10
13.00699997,80.23867035,49919,49930,11
13.00716972,80.23786163,49930,49940,10
13.00730038,80.23735809,49940,49950,10
13.00741959,80.23654175,49950,49970,20
13.00741959,80.23654175,49970,49980,10
13.00753975,80.23626709,49980,49990,10
13.00763988,80.23571777,49990,50000,10
13.00772953,80.2351532,50000,50010,10
13.00788021,80.23430634,50010,50021,11
13.00809002,80.23336792,50021,50031,10
13.00829029,80.23245239,50031,50041,10
13.00846958,80.23153687,50041,50051,10
13.00862026,80.23069,50051,50061,10
13.00876999,80.22987366,50061,50071,10
13.00895977,80.22898102,50071,50081,10
13.00924015,80.22789764,50081,50091,10
13.0097599,80.22676849,50091,50101,10
13.01021957,80.22577667,50101,50112,11
13.01068974,80.22485352,50112,50122,10
13.0110302,80.22399139,50122,50132,10
13.01124954,80.22324371,50132,50142,10
13.01161957,80.22245026,50142,50152,10
13.01200008,80.22145844,50152,50162,10
13.01239967,80.22155762,50162,50172,10
13.01288986,80.22216797,50172,50182,10
13.01358032,80.22292328,50182,50192,10
13.01404953,80.22363281,50192,50203,11
13.01471996,80.22427368,50203,50213,10
13.01498985,80.22454071,50213,50223,10
13.0151701,80.22470093,50223,50233,10
13.01554966,80.22501373,50233,50253,20
13.01554966,80.22501373,50253,50263,10
13.01583958,80.22522736,50263,50273,10
13.01648998,80.22525787,50273,50283,10
13.01729965,80.22496796,50283,50294,11
13.01821995,80.22460175,50294,50304,10
13.01906967,80.22431183,50304,50314,10
13.01957035,80.22434998,50314,50354,40
13.01957035,80.22434998,50354,50364,10
13.01966953,80.22440338,50364,50374,10
13.02009964,80.22466278,50374,50385,11
13.0205698,80.22505951,50385,50395,10
13.02105045,80.22543335,50395,50405,10
13.02165985,80.22590637,50405,50415,10
13.02221966,80.22637177,50415,50425,10
13.02291965,80.22701263,50425,50435,10
13.02359962,80.22762299,50435,50445,10
13.0239296,80.22786713,50445,50465,20
13.0239296,80.22786713,50465,50476,11
13.02427006,80.22830963,50476,50506,30
13.02437973,80.228508,50506,50577,71
13.02437973,80.228508,50577,50587,10
13.02416992,80.22862244,50587,50597,10
13.02383995,80.22814178,50597,50607,10
13.02353001,80.22782898,50607,50840,233
13.02353001,80.22782898,50840,50850,10
13.02338028,80.22750854,50850,50951,101
13.02338028,80.22750854,50951,50961,10
13.02318001,80.22737122,50961,50971,10
13.0227499,80.22692871,50971,50981,10
13.02208042,80.22635651,50981,50991,10
13.02176952,80.22608185,50991,51001,10
13.02134991,80.22576141,51001,51012,11
13.02054024,80.22518158,51012,51022,10
13.02003956,80.22486877,51022,51032,10
13.01996994,80.22483063,51032,51042,10
13.01988029,80.22479248,51042,51052,10
13.01957989,80.22460938,51052,51062,10
13.01889992,80.22447968,51062,51072,10
13.01811981,80.22476196,51072,51082,10
13.01723003,80.22512817,51082,51092,10
13.01650047,80.22544098,51092,51103,11
13.01591969,80.22564697,51103,51113,10
13.01523972,80.22590637,51113,51123,10
13.01480007,80.22608185,51123,51133,10
13.01438999,80.22624969,51133,51143,10
13.01428032,80.22628021,51143,51153,10
13.01377964,80.22647858,51153,51163,10
13.01301956,80.22678375,51163,51173,10
13.01214027,80.22715759,51173,51183,10
13.01109982,80.22753906,51183,51194,11
13.00996971,80.2279892,51194,51204,10
13.00914001,80.22853088,51204,51214,10
13.00891972,80.22956848,51214,51224,10
13.00870037,80.23066711,51224,51234,10
13.00848961,80.23178864,51234,51244,10
13.00831032,80.23297119,51244,51254,10
13.00819969,80.23370361,51254,51264,10
13.00819969,80.23371887,51264,51274,10
13.00809002,80.23419189,51274,51285,11
13.00792027,80.23506927,51285,51295,10
13.00767994,80.23603821,51295,51305,10
13.00751019,80.23699951,51305,51315,10
13.0073204,80.23786926,51315,51325,10
13.00720024,80.2388382,51325,51335,10
13.00695992,80.23989105,51335,51406,71
13.00695992,80.23989105,51406,51416,10
13.00695992,80.240242,51416,51426,10
13.00687981,80.24050903,51426,51436,10
13.00683975,80.24060822,51436,51446,10
13.00677967,80.24093628,51446,51456,10
13.00677967,80.24173737,51456,51467,11
13.00679016,80.24276733,51467,51477,10
13.00673008,80.24333191,51477,51487,10
13.00669003,80.24356842,51487,51497,10
13.00667953,80.24404907,51497,51507,10
13.00666046,80.24456024,51507,51517,10
13.00666046,80.24497986,51517,51527,10
13.00667953,80.2454834,51527,51537,10
13.00669956,80.24606323,51537,51547,10
13.00671959,80.24665833,51547,51558,11
13.00673962,80.24688721,51558,51568,10
13.00667953,80.2473526,51568,51618,50
13.00667953,80.2473526,51618,51628,10
13.00638008,80.24746704,51628,51638,10
13.00615978,80.24743652,51638,51649,11
13.00611973,80.24741364,51649,51659,10
13.00566006,80.24738312,51659,51669,10
13.00489044,80.24739838,51669,51679,10
13.00393963,80.24748993,51679,51689,10
13.00294018,80.24761963,51689,51699,10
13.00234032,80.24775696,51699,51709,10
13.00181007,80.24787903,51709,51719,10
13.00094032,80.24810791,51719,51729,10
12.99981022,80.24839783,51729,51740,11
12.99876976,80.24868011,51740,51750,10
12.99820042,80.24884796,51750,51760,10
12.99798012,80.24889374,51760,51770,10
12.99734974,80.24903107,51770,51780,10
12.99639988,80.24922943,51780,51790,10
12.9952898,80.24951935,51790,51800,10
12.99409962,80.24983978,51800,51810,10
12.99302006,80.25010681,51810,51820,10
12.99205971,80.25035858,51820,51831,11
12.99102974,80.25064087,51831,51841,10
12.99018955,80.2508316,51841,51851,10
12.98906994,80.25109863,51851,51861,10
12.98793983,80.25141907,51861,51992,131
12.98793983,80.25141907,51992,52002,10
12.98777962,80.25141907,52002,52013,11
12.98711014,80.25160217,52013,52023,10
12.98647976,80.25177002,52023,52033,10
12.98585033,80.25192261,52033,52043,10
12.98488045,80.25218201,52043,52053,10
12.98365021,80.25251007,52053,52063,10
12.98223972,80.25266266,52063,52073,10
12.98104,80.25267792,52073,52083,10
12.98038006,80.25272369,52083,52093,10
12.98007011,80.25276184,52093,52104,11
12.97928047,80.25266266,52104,52114,10
12.97877026,80.25257874,52114,52124,10
12.97848988,80.25247192,52124,52134,10
12.97789955,80.25202179,52134,52144,10
12.97708035,80.25141144,52144,52154,10
12.97603989,80.25106049,52154,52164,10
12.97492027,80.25074768,52164,52174,10
12.9738102,80.25041962,52174,52184,10
12.97255993,80.25006104,52184,52195,11
12.97103977,80.24967194,52195,52205,10
12.96963978,80.2491684,52205,52215,10
12.96835995,80.24871063,52215,52225,10
12.96730042,80.2482605,52225,52235,10
12.96671009,80.24797821,52235,52245,10
12.96597958,80.24765778,52245,52255,10
12.96506977,80.24736023,52255,52275,20
12.96506977,80.24736023,52275,52286,11
12.96477032,80.24719238,52286,52296,10
12.96411991,80.24694824,52296,52306,10
12.96341991,80.24668884,52306,52316,10
12.96271038,80.24633789,52316,52326,10
12.96179008,80.24590302,52326,52336,10
12.96072006,80.24537659,52336,52346,10
12.95971012,80.24492645,52346,52356,10
12.95925045,80.24474335,52356,52366,10
12.95897961,80.24461365,52366,52377,11
12.95829964,80.24430084,52377,52387,10
12.95724964,80.24385071,52387,52437,50
12.95689964,80.24369049,52437,52508,71
12.95656013,80.24356842,52508,52528,20
12.95656013,80.24356842,52528,52538,10
12.95639992,80.24349976,52538,52548,10
12.95594025,80.24331665,52548,52559,11
12.95503998,80.24294281,52559,52569,10
12.95411968,80.24256897,52569,52579,10
12.95316982,80.24217224,52579,52589,10
12.95213985,80.24176025,52589,52599,10
12.9517498,80.24166107,52599,52609,10
12.95156956,80.24159241,52609,52619,10
12.95112991,80.24143219,52619,52629,10
12.95038033,80.24118042,52629,52639,10
12.94989014,80.24105072,52639,52650,11
12.94976044,80.2410202,52650,52660,10
12.94948006,80.24093628,52660,52670,10
12.94906998,80.24079895,52670,52680,10
12.94841957,80.24050903,52680,52690,10
12.94762039,80.24018097,52690,52700,10
12.94715977,80.23999023,52700,52710,10
12.94709969,80.23995972,52710,52720,10
12.94690037,80.23989868,52720,52730,10
12.94664001,80.23979187,52730,52741,11
12.94591045,80.23947906,52741,52751,10
12.94505978,80.23898315,52751,52761,10
12.94437981,80.23827362,52761,52771,10
12.94355011,80.23735046,52771,52781,10
12.9426403,80.23658752,52781,52791,10
12.94149971,80.23621368,52791,52801,10
12.94044018,80.23594666,52801,52811,10
12.93988037,80.2358017,52811,52821,10
12.93986034,80.23578644,52821,52832,11
12.93947029,80.23558807,52832,52842,10
12.9387598,80.2352066,52842,52852,10
12.93780041,80.23474884,52852,52862,10
12.93673992,80.23423767,52862,52872,10
12.93575954,80.23377991,52872,52882,10
12.93478966,80.23336029,52882,52892,10
12.9338398,80.23294067,52892,52902,10
12.93377018,80.23290253,52902,52912,10
12.9333601,80.23271942,52912,52923,11
12.93255043,80.23239136,52923,52933,10
12.93146992,80.23204041,52933,52943,10
12.93025017,80.23164368,52943,52953,10
12.92891026,80.23130798,52953,52963,10
12.92737961,80.23110199,52963,52973,10
12.92607975,80.2309494,52973,52983,10
12.92485046,80.23078156,52983,52993,10
12.92366028,80.23065948,52993,53003,10
12.92226028,80.23046875,53003,53014,11
12.92041016,80.23020935,53014,53024,10
12.91874981,80.2299881,53024,53034,10
12.91730022,80.2297821,53034,53044,10
12.91598988,80.229599,53044,53054,10
12.91458035,80.22940063,53054,53064,10
12.91362,80.22931671,53064,53074,10
12.91345978,80.22931671,53074,53084,10
12.91300964,80.22921753,53084,53094,10
12.91224003,80.22910309,53094,53105,11
12.91131973,80.22895813,53105,53115,10
12.91036987,80.2288208,53115,53125,10
12.90933037,80.22865295,53125,53135,10
12.90851021,80.228508,53135,53145,10
12.90723991,80.22833252,53145,53185,40
12.90723991,80.22833252,53185,53196,11
12.90694046,80.22827911,53196,53206,10
12.90655994,80.2282486,53206,53216,10
12.90627956,80.22823334,53216,53226,10
12.90569973,80.22821808,53226,53236,10
12.90501022,80.2281723,53236,53246,10
12.90419006,80.22811127,53246,53256,10
12.90322018,80.22805786,53256,53266,10
12.90221977,80.22801208,53266,53276,10
12.90153027,80.22799683,53276,53327,51
12.90153027,80.22799683,53327,53337,10
12.90118027,80.22799683,53337,53347,10
12.90083981,80.22794342,53347,53357,10
12.90032959,80.22789764,53357,53367,10
12.89997959,80.22788239,53367,53378,11
12.8997097,80.22788239,53378,53388,10
12.89960003,80.22785187,53388,53398,10
12.89941978,80.22782135,53398,53408,10
12.89916039,80.22782898,53408,53418,10
12.89861965,80.22782898,53418,53428,10
12.89783955,80.22773743,53428,53438,10
12.89690018,80.22769165,53438,53448,10
12.89587975,80.2276535,53448,53458,10
12.89492989,80.22760773,53458,53469,11
12.89381027,80.22754669,53469,53479,10
12.89305973,80.22747803,53479,53499,20
12.89305973,80.22747803,53499,53509,10
12.89282036,80.22741699,53509,53519,10
12.89239025,80.22738647,53519,53529,10
12.89173985,80.22733307,53529,53539,10
12.89089966,80.2273407,53539,53549,10
12.88992023,80.22734833,53549,53560,11
12.88897038,80.22734833,53560,53570,10
12.88817978,80.22731018,53570,53580,10
12.88774014,80.22725677,53580,53590,10
12.88726044,80.22718811,53590,53600,10
12.88644028,80.22701263,53600,53610,10
12.88537025,80.22673798,53610,53620,10
12.88488007,80.22670746,53620,53630,10
12.8845396,80.22669983,53630,53640,10
12.88383007,80.22669983,53640,53651,11
12.88292027,80.22669983,53651,53661,10
12.88195038,80.22672272,53661,53671,10
12.88080978,80.22673035,53671,53681,10
12.87946033,80.22675323,53681,53691,10
12.87808037,80.22682953,53691,53701,10
12.87656021,80.22698975,53701,53742,41
12.87656021,80.22698975,53742,53752,10
12.87639046,80.22701263,53752,53762,10
12.87584019,80.22701263,53762,53772,10
12.87493992,80.22692108,53772,53782,10
12.87374973,80.22676086,53782,53792,10
12.87254047,80.22669983,53792,53802,10
12.87197018,80.22672272,53802,53812,10
12.87170982,80.2266922,53812,53822,10
12.87100983,80.22663879,53822,53833,11
12.86987972,80.22650146,53833,53843,10
12.86859035,80.22635651,53843,53853,10
12.86717033,80.22646332,53853,53863,10
12.86555004,80.22657776,53863,53873,10
12.86378002,80.22651672,53873,53883,10
12.8622303,80.22653961,53883,53893,10
12.86116028,80.22660065,53893,53903,10
12.86093044,80.22659302,53903,53913,10
12.86081982,80.2265625,53913,53924,11
12.8601799,80.22647858,53924,53934,10
12.85927963,80.22634888,53934,53944,10
12.85871983,80.22628021,53944,53954,10
12.85818005,80.22622681,53954,53964,10
12.85729027,80.22624969,53964,53974,10
12.85612011,80.22635651,53974,53984,10
12.85476017,80.22650909,53984,53994,10
12.85313034,80.22666168,53994,54004,10
12.85126972,80.22659302,54004,54015,11
12.84922028,80.22653961,54015,54025,10
12.84759998,80.22653961,54025,54035,10
12.84630013,80.22653961,54035,54045,10
12.84572029,80.2265625,54045,54055,10
12.84537983,80.22660828,54055,54065,10
12.84531975,80.22660828,54065,54075,10
12.84517002,80.22660065,54075,54085,10
12.84453964,80.22663879,54085,54095,10
12.84356976,80.22672272,54095,54106,11
12.84222031,80.22698975,54106,54116,10
12.84088039,80.22734833,54116,54126,10
12.8401804,80.22756958,54126,54136,10
12.83983994,80.2277298,54136,54146,10
12.83973026,80.22776031,54146,54156,10
12.83957958,80.22779846,54156,54166,10
12.8390398,80.22789764,54166,54176,10
12.83810043,80.22810364,54176,54186,10
12.8368597,80.22831726,54186,54197,11
12.83530998,80.22855377,54197,54207,10
12.83393955,80.22879028,54207,54217,10
12.83226013,80.22911835,54217,54237,20
12.83226013,80.22911835,54237,54247,10
12.83199024,80.22915649,54247,54257,10
12.83172989,80.22921753,54257,54267,10
12.83160019,80.22923279,54267,54277,10
12.83102036,80.22943115,54277,54288,11
12.82995987,80.22979736,54288,54298,10
12.82886028,80.23026276,54298,54308,10
12.82763004,80.23094177,54308,54318,10
12.82623959,80.2313385,54318,54328,10
12.82472038,80.23136902,54328,54338,10
12.82318974,80.23095703,54338,54348,10
12.82164001,80.23052216,54348,54358,10
12.82013988,80.23047638,54358,54368,10
12.81894016,80.23047638,54368,54379,11
12.81871986,80.2304306,54379,54389,10
12.81824017,80.2301712,54389,54399,10
12.81739044,80.2297821,54399,54409,10
12.81622982,80.22946167,54409,54419,10
12.81490993,80.22927856,54419,54429,10
12.81346989,80.22895813,54429,54439,10
12.81204987,80.22846222,54439,54449,10
12.81083965,80.2279892,54449,54459,10
12.80994034,80.22763824,54459,54470,11
12.80891037,80.22704315,54470,54480,10
12.80792046,80.22621155,54480,54490,10
12.80731964,80.22569275,54490,54500,10
12.80690956,80.22531891,54500,54510,10
12.80648041,80.22493744,54510,54520,10
12.80589962,80.22441101,54520,54530,10
12.80539036,80.22408295,54530,54540,10
12.80513954,80.22399902,54540,54550,10
12.80477047,80.22395325,54550,54561,11
12.80467033,80.22393799,54561,54571,10
12.80428982,80.22390747,54571,54581,10
12.80393982,80.22389221,54581,54591,10
12.80335999,80.22383881,54591,54601,10
12.80253029,80.22373199,54601,54611,10
12.80152988,80.22361755,54611,54621,10
12.80039024,80.22353363,54621,54631,10
12.79918003,80.22341919,54631,54641,10
12.79782963,80.22328186,54641,54652,11
12.79652977,80.22306824,54652,54662,10
12.7957201,80.22292328,54662,54672,10
12.79479027,80.22274017,54672,54682,10
12.79364014,80.22254944,54682,54692,10
12.79228973,80.22234344,54692,54702,10
12.79096985,80.22202301,54702,54712,10
12.7898798,80.22173309,54712,54722,10
12.78901958,80.22141266,54722,54732,10
12.78837967,80.22116089,54732,54743,11
12.78777981,80.22093201,54743,54753,10
12.78722954,80.22073364,54753,54763,10
12.78682995,80.22057343,54763,54773,10
12.78652,80.22045135,54773,54783,10
12.78647995,80.22042847,54783,54793,10
12.78623962,80.2203598,54793,54813,20
12.78623962,80.2203598,54813,54823,10
12.78617001,80.22049713,54823,54834,11
12.78617954,80.22088623,54834,54844,10
12.78619957,80.22118378,54844,54854,10
12.78619003,80.22158051,54854,54864,10
12.78617954,80.22180176,54864,54884,20
12.78617954,80.22180176,54884,54894,10
12.78623962,80.22218323,54894,56209,1315
12.78623962,80.22218323,56209,56219,10
12.78627014,80.22180176,56219,56229,10
12.7862196,80.22168732,56229,56239,10
12.78621006,80.22167206,56239,56249,10
12.78617954,80.22149658,56249,56259,10
12.78614044,80.22125244,56259,56280,21
12.78614044,80.22125244,56280,56290,10
12.78616047,80.22091675,56290,56300,10
12.78614044,80.22039032,56300,56340,40
12.78614044,80.22039032,56340,56350,10
12.78660965,80.22048187,56350,56361,11
12.78703976,80.22065735,56361,56371,10
12.78757954,80.22084045,56371,56381,10
12.78816986,80.22109222,56381,56391,10
12.78884029,80.22132874,56391,56401,10
12.78946018,80.22154999,56401,56411,10
12.78983974,80.22167206,56411,56421,10
12.7905798,80.22186279,56421,56431,10
12.79152966,80.22209167,56431,56441,10
12.79255009,80.22232056,56441,56452,11
12.79380035,80.2224884,56452,56462,10
12.79496956,80.22267914,56462,56472,10
12.79603004,80.22284698,56472,56482,10
12.79631996,80.2228775,56482,56492,10
12.79664993,80.22296143,56492,56502,10
12.79734039,80.22312927,56502,56512,10
12.79831982,80.2232666,56512,56522,10
12.79948044,80.22338104,56522,56532,10
12.80066013,80.22348022,56532,56543,11
12.80179977,80.22358704,56543,56553,10
12.80268955,80.22367859,56553,56563,10
12.8032198,80.22376251,56563,56573,10
12.80385017,80.22380066,56573,56583,10
12.8045702,80.22386932,56583,56593,10
12.80543995,80.22409058,56593,56613,20
12.80543995,80.22409058,56613,56623,10
12.80576038,80.22428894,56623,56634,11
12.80638027,80.224823,56634,56644,10
12.80708027,80.22545624,56644,56654,10
12.80790997,80.2261734,56654,56664,10
12.8089304,80.22701263,56664,56674,10
12.81021976,80.22770691,56674,56684,10
12.81165028,80.22827911,56684,56694,10
12.81315041,80.22879791,56694,56704,10
12.81468964,80.22917938,56704,56714,10
12.81628036,80.22943115,56714,56725,11
12.81791019,80.22994995,56725,56735,10
12.81916046,80.23042297,56735,56745,10
12.82026005,80.23040009,56745,56755,10
12.82159996,80.23045349,56755,56765,10
12.82289028,80.23078918,56765,56775,10
12.8242197,80.23114014,56775,56785,10
12.82555008,80.23132324,56785,56795,10
12.82693005,80.23120117,56795,56805,10
12.82816982,80.23062134,56805,56816,11
12.82950974,80.22995758,56816,56826,10
12.83063984,80.22949982,56826,56836,10
12.83102989,80.22930145,56836,56846,10
12.83117008,80.22924805,56846,56856,10
12.83162022,80.22911835,56856,56866,10
12.83193016,80.22904968,56866,56876,10
12.83255959,80.22891998,56876,56886,10
12.83355045,80.22873688,56886,56896,10
12.83481979,80.22852325,56896,56907,11
12.83640003,80.22828674,56907,56917,10
12.83784008,80.22807312,56917,56927,10
12.83897972,80.2277832,56927,56937,10
12.83942986,80.22759247,56937,56947,10
12.83987045,80.22747803,56947,56957,10
12.84058952,80.22731781,56957,56967,10
12.84158993,80.22705841,56967,56977,10
12.84265995,80.2268219,56977,56987,10
12.84387016,80.22662354,56987,56998,11
12.84504986,80.22651672,56998,57008,10
12.84527969,80.22651672,57008,57018,10
12.84547043,80.22653198,57018,57028,10
12.84578037,80.22651672,57028,57038,10
12.84624958,80.22650909,57038,57048,10
12.84710026,80.22650146,57048,57058,10
12.84817982,80.22648621,57058,57068,10
12.84932041,80.22647858,57068,57078,10
12.85000992,80.22644806,57078,57089,11
12.85015011,80.22646332,57089,57099,10
12.85074043,80.22647095,57099,57109,10
12.85169029,80.22651672,57109,57119,10
12.85287952,80.22660065,57119,57129,10
12.85422993,80.22650146,57129,57139,10
12.85566044,80.22634125,57139,57149,10
12.85719967,80.22618103,57149,57159,10
12.85861969,80.2261734,57159,57169,10
12.86001968,80.22635651,57169,57180,11
12.86151981,80.22648621,57180,57190,10
12.86297989,80.22640991,57190,57200,10
12.86441994,80.22644806,57200,57210,10
12.86585045,80.22647095,57210,57220,10
12.86725998,80.22637939,57220,57230,10
12.86870003,80.22631836,57230,57240,10
12.87007046,80.22647858,57240,57250,10
12.87088013,80.2265625,57250,57260,10
12.87172985,80.22659302,57260,57271,11
12.87230015,80.2265625,57271,57281,10
12.87259007,80.2265625,57281,57291,10
12.87273026,80.2265625,57291,57301,10
12.8732996,80.22659302,57301,57311,10
12.87419987,80.22666931,57311,57321,10
12.87510967,80.2268219,57321,57331,10
12.87576008,80.22686005,57331,57341,10
12.87619972,80.22686005,57341,57351,10
12.87646008,80.22683716,57351,57362,11
12.87660027,80.2268219,57362,57372,10
12.87701988,80.22676086,57372,57382,10
12.8778801,80.22669983,57382,57392,10
12.87895012,80.22666168,57392,57402,10
12.88018036,80.22663879,57402,57412,10
12.88146973,80.22663879,57412,57422,10
12.88280964,80.22662354,57422,57432,10
12.88407993,80.22660065,57432,57442,10
12.88479042,80.22657013,57442,57453,11
12.88523006,80.22660065,57453,57463,10
12.88566971,80.22669983,57463,57473,10
12.88650036,80.22692108,57473,57483,10
12.88753986,80.22712708,57483,57493,10
12.88871002,80.22724152,57493,57503,10
12.88994026,80.22724152,57503,57513,10
12.89105034,80.22724152,57513,57523,10
12.89169025,80.22722626,57523,57533,10
12.89218044,80.22724152,57533,57544,11
12.89291954,80.22733307,57544,57554,10
12.89381027,80.22746277,57554,57564,10
12.89478016,80.22754669,57564,57574,10
12.89573002,80.2276001,57574,57584,10
12.89665031,80.22763824,57584,57594,10
12.89772987,80.22767639,57594,57604,10
12.89883995,80.22773743,57604,57614,10
12.89960003,80.2277832,57614,57624,10
12.90021992,80.22779846,57624,57655,31
12.90060043,80.22782898,57655,57726,71
12.90060043,80.22782898,57726,57736,10
12.90079975,80.22792816,57736,57746,10
12.90110016,80.22795105,57746,57756,10
12.90157032,80.22796631,57756,57766,10
12.90209007,80.22794342,57766,57776,10
12.90219975,80.22795868,57776,57786,10
12.90237045,80.22795868,57786,57796,10
12.90295029,80.2279892,57796,57806,10
12.90386009,80.2280426,57806,57817,11
12.90493965,80.22810364,57817,57827,10
12.90594006,80.22815704,57827,57837,10
12.90643024,80.22820282,57837,57847,10
12.90690994,80.22825623,57847,57857,10
12.90699005,80.22825623,57857,57867,10
12.90750027,80.22831726,57867,57877,10
12.90835953,80.22844696,57877,57887,10
12.90950966,80.22865295,57887,57897,10
12.91069984,80.2288208,57897,57908,11
12.91211033,80.22901917,57908,57918,10
12.9133997,80.22918701,57918,57928,10
12.91394997,80.22924805,57928,57938,10
12.91411972,80.22927856,57938,57948,10
12.91473007,80.22937012,57948,57958,10
12.91563988,80.22953796,57958,57968,10
12.9168396,80.22971344,57968,57978,10
12.91819954,80.22989655,57978,57988,10
12.9196701,80.23007965,57988,57999,11
12.92134953,80.23029327,57999,58009,10
12.92288971,80.23052216,58009,58019,10
12.92434025,80.23072052,58019,58029,10
12.92566013,80.23085785,58029,58039,10
12.9263401,80.23091888,58039,58049,10
12.92638969,80.23091888,58049,58059,10
12.92700958,80.23100281,58059,58069,10
12.92790985,80.23111725,58069,58079,10
12.92881966,80.23123932,58079,58090,11
12.92963028,80.23143005,58090,58100,10
12.9306097,80.23168182,58100,58110,10
12.93169975,80.23201752,58110,58120,10
12.93272018,80.23233795,58120,58130,10
12.93354988,80.23268127,58130,58140,10
12.93365002,80.23272705,58140,58150,10
12.93389034,80.23288727,58150,58160,10
12.9346199,80.23320007,58160,58170,10
12.93521023,80.23348236,58170,58181,11
12.93525982,80.23348999,58181,58191,10
12.93548012,80.23361206,58191,58201,10
12.93595982,80.23384094,58201,58211,10
12.93665981,80.23416901,58211,58221,10
12.93760014,80.23462677,58221,58231,10
12.93855,80.23509979,58231,58241,10
12.93922997,80.23538208,58241,58251,10
12.93972015,80.23564911,58251,58272,21
12.93972015,80.23564911,58272,58282,10
12.94013023,80.23581696,58282,58292,10
12.94077969,80.23600769,58292,58302,10
12.94167042,80.23621368,58302,58312,10
12.94268036,80.23652649,58312,58322,10
12.94351006,80.23719025,58322,58332,10
12.94425011,80.2379837,58332,58342,10
12.94501972,80.23882294,58342,58352,10
12.94596004,80.23946381,58352,58363,11
12.94701004,80.23989868,58363,58373,10
12.94736004,80.23999023,58373,58383,10
12.94752026,80.2400589,58383,58393,10
12.94806004,80.24028778,58393,58403,10
12.94861984,80.24047852,58403,58423,20
12.94861984,80.24047852,58423,58433,10
12.94876003,80.24056244,58433,58443,10
12.94904995,80.2407074,58443,58454,11
12.94952011,80.24088287,58454,58464,10
12.95028019,80.24111938,58464,58474,10
12.95090008,80.24128723,58474,58484,10
12.9509201,80.24130249,58484,58494,10
12.95135021,80.24147797,58494,58504,10
12.95213032,80.24176788,58504,58514,10
12.95314026,80.24214172,58514,58524,10
12.95431995,80.24259949,58524,58534,10
12.95518017,80.24295807,58534,58545,11
12.95604038,80.24323273,58545,58555,10
12.95641041,80.24339294,58555,58565,10
12.95707989,80.24368286,58565,58575,10
12.95796967,80.24408722,58575,58585,10
12.95876026,80.24443054,58585,58595,10
12.95891953,80.24452972,58595,58605,10
12.95926952,80.24475098,58605,58615,10
12.95998955,80.24506378,58615,58625,10
12.96094036,80.24549103,58625,58636,11
12.96216011,80.24606323,58636,58646,10
12.96269989,80.24629974,58646,58656,10
12.96308994,80.24651337,58656,58666,10
12.96360016,80.24675751,58666,58676,10
12.96424961,80.24700165,58676,58686,10
12.96504974,80.24726105,58686,58696,10
12.96582985,80.24749756,58696,58706,10
12.96687031,80.24800873,58706,58727,21
12.96687031,80.24800873,58727,58737,10
12.9671402,80.24816132,58737,58747,10
12.96786022,80.24842072,58747,58757,10
12.96887016,80.24881744,58757,58767,10
12.97014046,80.24928284,58767,58777,10
12.97142029,80.24973297,58777,58787,10
12.97266006,80.25007629,58787,58797,10
12.97373962,80.25035858,58797,58807,10
12.97474003,80.25064087,58807,58818,11
12.97583008,80.25096893,58818,58828,10
12.97671986,80.25122833,58828,58838,10
12.97758961,80.25166321,58838,58848,10
12.9782896,80.25219727,58848,58858,10
12.97861004,80.252388,58858,58868,10
12.97871971,80.25244904,58868,58878,10
12.97918987,80.25256348,58878,58888,10
12.97957993,80.25257874,58888,58919,31
12.97957993,80.25257874,58919,58929,10
12.97980022,80.25263214,58929,58939,10
12.98034954,80.25266266,58939,58949,10
12.98110008,80.25266266,58949,58959,10
12.98208046,80.25263214,58959,58969,10
12.98318958,80.25253296,58969,58979,10
12.98425961,80.25231171,58979,58989,10
12.98523998,80.25202179,58989,59000,11
12.98614025,80.25177765,59000,59040,40
12.98614025,80.25177765,59040,59050,10
12.98624039,80.25170898,59050,59060,10
12.9865799,80.25163269,59060,59070,10
12.98694038,80.25154114,59070,59080,10
12.98750973,80.25138092,59080,59091,11
12.98838043,80.25119019,59091,59101,10
12.98925972,80.25097656,59101,59111,10
12.98960972,80.25090027,59111,59121,10
12.98995972,80.25084686,59121,59131,10
12.99069977,80.25066376,59131,59141,10
12.99170971,80.2503891,59141,59151,10
12.99293041,80.25007629,59151,59161,10
12.99421024,80.2497406,59161,59171,10
12.99549961,80.24944305,59171,59182,11
12.99664021,80.2491684,59182,59192,10
12.99682999,80.24912262,59192,59202,10
12.99711037,80.24902344,59202,59212,10
12.99779034,80.24887848,59212,59222,10
12.99872971,80.24861908,59222,59232,10
12.99991035,80.24833679,59232,59242,10
13.00123024,80.24797821,59242,59252,10
13.0026598,80.24764252,59252,59262,10
13.00407982,80.24746704,59262,59273,11
13.00625038,80.24688721,59273,59283,10
13.00625038,80.24688721,59283,59293,10
13.00638962,80.24665833,59293,59303,10
13.00640011,80.24656677,59303,59313,10
13.0065403,80.24624634,59313,59323,10
13.0065403,80.24588776,59323,59333,10
13.00656033,80.24565887,59333,59343,10
13.00658035,80.24546051,59343,59353,10
13.00658035,80.24526978,59353,59364,11
13.00658035,80.24517059,59364,59374,10
13.00658035,80.24485779,59374,59384,10
13.00660992,80.24456787,59384,59394,10
13.00662041,80.24433136,59394,59404,10
13.00658989,80.24408722,59404,59414,10
13.00658989,80.24378204,59414,59424,10
13.00658035,80.24343109,59424,59434,10
13.00656033,80.24302673,59434,59444,10
13.00654984,80.24239349,59444,59455,11
13.00656033,80.24133301,59455,59465,10
13.00667953,80.24041748,59465,59475,10
13.00675011,80.24006653,59475,59485,10
13.00685978,80.23964691,59485,59495,10
13.00695992,80.23903656,59495,59505,10
13.00708961,80.23834229,59505,59515,10
13.0072403,80.2376709,59515,59525,10
13.00736046,80.23703003,59525,59536,11
13.00741005,80.23661804,59536,59546,10
13.00743008,80.23651123,59546,59556,10
13.00755024,80.23603058,59556,59566,10
13.00769997,80.2353363,59566,59576,10
13.00788021,80.23445129,59576,59586,10
13.00809956,80.23332214,59586,59596,10
13.00831985,80.23219299,59596,59606,10
13.00854015,80.23104858,59606,59616,10
13.00874996,80.23000336,59616,59627,11
13.00899982,80.22882843,59627,59637,10
13.00926971,80.22789764,59637,59647,10
13.00969028,80.22696686,59647,59657,10
13.01014996,80.22601318,59657,59667,10
13.01054955,80.22521973,59667,59677,10
13.01091957,80.22438049,59677,59687,10
13.01113987,80.22386169,59687,59697,10
13.01121998,80.22360992,59697,59707,10
13.01140976,80.22322083,59707,59718,11
13.01171017,80.22228241,59718,59728,10
13.01206017,80.22151947,59728,59738,10
13.01239014,80.22164154,59738,59748,10
13.01282024,80.222229,59748,59758,10
13.01342964,80.22284698,59758,59768,10
13.01387978,80.22338867,59768,59778,10
13.01432037,80.22392273,59778,59788,10
13.01513004,80.22480011,59788,59809,21
13.01513004,80.22480011,59809,59819,10
13.01539993,80.22498322,59819,59829,10
13.01589966,80.22534943,59829,59839,10
13.01696968,80.22515106,59839,59849,10
13.01807976,80.22470093,59849,59859,10
13.01902962,80.22438049,59859,59869,10
13.01957989,80.22444916,59869,59900,31
13.01957989,80.22444916,59900,59910,10
13.0197897,80.224617,59910,59920,10
13.02015018,80.22489166,59920,59930,10
13.02048016,80.22516632,59930,59940,10
13.02075958,80.22537994,59940,59950,10
13.02120018,80.22572327,59950,59960,10
13.02175999,80.22612,59960,59970,10
13.02241993,80.22672272,59970,59980,10
13.02320957,80.22743988,59980,59991,11
13.02394962,80.22801971,59991,60011,20
13.02394962,80.22801971,60011,60021,10
13.0241003,80.22817993,60021,60031,10
13.02431965,80.22841644,60031,60071,40
13.02431965,80.22841644,60071,60082,11
13.02443981,80.22866821,60082,60092,10
13.02414989,80.22853851,60092,60102,10
13.02377987,80.22807312,60102,60112,10
13.02318954,80.2275238,60112,60537,425
13.02318954,80.2275238,60537,60547,10
13.02301025,80.22727203,60547,60557,10
13.02276039,80.22704315,60557,60567,10
13.02237034,80.22666168,60567,60577,10
13.02190018,80.22627258,60577,60587,10
13.02147961,80.22593689,60587,60597,10
13.02105999,80.2256012,60597,60607,10
13.02050018,80.2252121,60607,60618,11
13.01990986,80.224823,60618,60628,10
13.01928997,80.22451782,60628,60638,10
13.01852989,80.22460938,60638,60648,10
13.01780033,80.22490692,60648,60658,10
13.01700974,80.22521973,60658,60668,10
13.01651001,80.22541809,60668,60678,10
13.01587963,80.22564697,60678,60688,10
13.01533985,80.22585297,60688,60698,10
13.01473999,80.22609711,60698,60709,11
13.01418972,80.22633362,60709,60719,10
13.01377964,80.22647095,60719,60729,10
13.0131197,80.22672272,60729,60739,10
13.01241016,80.22699738,60739,60749,10
13.01165962,80.22731018,60749,60759,10
13.01082039,80.22766113,60759,60769,10
13.00988007,80.2280426,60769,60779,10
13.00914001,80.22859955,60779,60789,10
13.00897026,80.22953796,60789,60800,11
13.00872993,80.23079681,60800,60810,10
13.0085001,80.23197937,60810,60820,10
13.0082798,80.23326111,60820,60830,10
13.00823021,80.23364258,60830,60840,10
13.00817966,80.23377991,60840,60850,10
13.00807953,80.23428345,60850,60860,10
13.00790977,80.2350769,60860,60870,10
13.00771046,80.23609161,60870,60880,10
13.00747013,80.23731995,60880,60891,11
13.00728035,80.23848724,60891,60901,10
13.00712013,80.23928833,60901,60911,10
13.00701046,80.23992157,60911,60921,10
13.00699043,80.24006653,60921,60931,10
13.00693989,80.24046326,60931,60941,10
13.00687981,80.24073029,60941,60951,10
13.00681019,80.24085236,60951,60961,10
13.00675964,80.24133301,60961,60971,10
13.00673962,80.24214935,60971,60982,11
13.00671959,80.24308014,60982,60992,10
13.00673962,80.24375153,60992,61002,10
13.00673008,80.24445343,61002,61012,10
13.00673008,80.24481964,61012,61022,10
13.00671959,80.24514008,61022,61032,10
13.00673008,80.24575043,61032,61042,10
13.00675011,80.24638367,61042,61052,10
13.00675964,80.24652863,61052,61062,10
13.00677967,80.24688721,61062,61073,11
13.00677967,80.24713135,61073,61083,10
13.00667953,80.24739075,61083,61093,10
13.00627995,80.24742889,61093,61103,10
13.00603008,80.24739838,61103,61113,10
13.00588036,80.24739075,61113,61123,10
13.00533009,80.24736786,61123,61133,10
13.00450993,80.24742126,61133,61143,10
13.00362968,80.24755096,61143,61153,10
13.00284004,80.24764252,61153,61164,11
13.00172043,80.24788666,61164,61174,10
13.00055981,80.24817657,61174,61184,10
12.99938011,80.24848175,61184,61194,10
12.99827957,80.2487793,61194,61204,10
12.9980402,80.24886322,61204,61214,10
12.99767017,80.24891663,61214,61224,10
12.99719048,80.24902344,61224,61234,10
12.99637985,80.2492218,61234,61244,10
12.99530029,80.24949646,61244,61255,11
12.99403954,80.24983978,61255,61265,10
12.99287987,80.25012207,61265,61275,10
12.99172974,80.25041199,61275,61285,10
12.99108028,80.25060272,61285,61295,10
12.99104977,80.25060272,61295,61305,10
12.99050045,80.25071716,61305,61315,10
12.98974037,80.25092316,61315,61325,10
12.98894978,80.25112152,61325,61335,10
12.98826981,80.25137329,61335,61396,61
12.98826981,80.25137329,61396,61406,10
12.98808002,80.25137329,61406,61416,10
12.98773003,80.25144196,61416,61426,10
12.98723984,80.25154877,61426,61437,11
12.98666,80.25171661,61437,61447,10
12.98593998,80.25192261,61447,61457,10
12.98513031,80.25212097,61457,61467,10
12.98429012,80.25234985,61467,61477,10
12.98351955,80.25254059,61477,61487,10
12.98276043,80.25266266,61487,61497,10
12.98188019,80.25267792,61497,61507,10
12.98106003,80.25270081,61507,61517,10
12.98042965,80.25274658,61517,61528,11
12.98007965,80.2527771,61528,61538,10
12.97968006,80.25273895,61538,61548,10
12.97867966,80.25260925,61548,61568,20
12.97867966,80.25260925,61568,61578,10
12.97834015,80.25243378,61578,61588,10
12.97774982,80.25193024,61588,61598,10
12.97702026,80.25141144,61598,61608,10
12.9760704,80.25109863,61608,61619,11
12.97494984,80.25079346,61619,61629,10
12.97399998,80.25054169,61629,61639,10
12.97325993,80.25032806,61639,61649,10
12.97268963,80.25018311,61649,61659,10
12.97177982,80.24994659,61659,61669,10
12.97087955,80.24970245,61669,61679,10
12.96957016,80.24923706,61679,61689,10
12.96850967,80.24880219,61689,61699,10
12.96753979,80.24841309,61699,61710,11
12.96679974,80.24804688,61710,61720,10
12.96615982,80.2477417,61720,61730,10
12.96547985,80.24748993,61730,61740,10
12.96529961,80.24743652,61740,61750,10
12.96506977,80.24732208,61750,61760,10
12.96444988,80.24713135,61760,61770,10
12.96350002,80.2467804,61770,61780,10
12.96234989,80.24619293,61780,61790,10
12.96105003,80.24555206,61790,61801,11
12.95975018,80.24495697,61801,61811,10
12.95934963,80.24481964,61811,61821,10
12.95919037,80.24472809,61821,61831,10
12.95868015,80.24447632,61831,61841,10
12.95790005,80.24414063,61841,61851,10
12.95674038,80.24373627,61851,61942,91
12.95674038,80.24373627,61942,61952,10
12.9563303,80.24356079,61952,61962,10
12.95576,80.24331665,61962,61972,10
12.95493031,80.24292755,61972,61983,11
12.95407963,80.24259186,61983,61993,10
12.95349979,80.24234009,61993,62003,10
12.95256996,80.24198914,62003,62013,10
12.95172024,80.24169922,62013,62023,10
12.95160007,80.2416687,62023,62033,10
12.95119953,80.24150848,62033,62043,10
12.95046997,80.2412796,62043,62053,10
12.94948006,80.24099731,62053,62062,9
12.94923973,80.24092102,62062,62074,12
12.94921017,80.24091339,62074,62084,10
12.94890022,80.24078369,62084,62094,10
12.94822979,80.24050903,62094,62104,10
12.94738007,80.24015045,62104,62114,10
12.94713974,80.24004364,62114,62124,10
12.94684029,80.23992157,62124,62134,10
12.94629955,80.23967743,62134,62144,10
12.94552994,80.23934174,62144,62154,10
12.94476032,80.23873138,62154,62165,11
12.94398975,80.23786163,62165,62175,10
12.94316006,80.23700714,62175,62185,10
12.94202042,80.23641968,62185,62195,10
12.94075966,80.23607635,62195,62205,10
12.93986034,80.23581696,62205,62215,10
12.93916035,80.23548126,62215,62225,10
12.93819046,80.23499298,62225,62235,10
12.93702984,80.23442078,62235,62245,10
12.93597984,80.23391724,62245,62256,11
12.93556976,80.23374176,62256,62266,10
12.93490028,80.23343658,62266,62276,10
12.93385983,80.23296356,62276,62296,20
12.93385983,80.23296356,62296,62306,10
12.93356037,80.23282623,62306,62316,10
12.93290997,80.2325592,62316,62326,10
12.93194008,80.23222351,62326,62336,10
12.93080997,80.23184204,62336,62347,11
12.92963982,80.23152161,62347,62357,10
12.92850018,80.23130035,62357,62367,10
12.92730999,80.23114777,62367,62377,10
12.92632008,80.23104858,62377,62387,10
12.92549992,80.23095703,62387,62397,10
12.92448044,80.23084259,62397,62407,10
12.92356014,80.23072052,62407,62417,10
12.92218018,80.23052216,62417,62427,10
12.92090988,80.23033142,62427,62438,11
12.91952991,80.23016357,62438,62448,10
12.91853046,80.23001862,62448,62458,10
12.91742039,80.22988129,62458,62468,10
12.91625977,80.22972107,62468,62478,10
12.91504002,80.22955322,62478,62488,10
12.91368008,80.22939301,62488,62518,30
12.91368008,80.22939301,62518,62529,11
12.91341972,80.22940063,62529,62539,10
12.91298008,80.22931671,62539,62549,10
12.91219997,80.22920227,62549,62559,10
12.91123962,80.22904205,62559,62569,10
12.91018963,80.22886658,62569,62579,10
12.90902996,80.22866821,62579,62589,10
12.90785027,80.22846985,62589,62599,10
12.90705013,80.22839355,62599,62660,61
12.90705013,80.22839355,62660,62670,10
12.90697002,80.22834015,62670,62680,10
12.90635967,80.22830963,62680,62700,20
12.90635967,80.22830963,62700,62711,11
12.90606976,80.22831726,62711,62721,10
12.90544033,80.22825623,62721,62731,10
12.90456009,80.22821045,62731,62741,10
12.90365028,80.22815704,62741,62751,10
12.90266037,80.22810364,62751,62761,10
12.9015398,80.22807312,62761,62832,71
12.9015398,80.22807312,62832,62842,10
12.90130997,80.22810364,62842,62852,10
12.90081024,80.2280426,62852,62862,10
12.90021038,80.22798157,62862,62872,10
12.89953041,80.22792053,62872,62882,10
12.89904976,80.22792816,62882,62893,11
12.89881039,80.22795105,62893,62903,10
12.89824009,80.22788239,62903,62913,10
12.89743996,80.22782135,62913,62923,10
12.89641953,80.22775269,62923,62933,10
12.89533043,80.22772217,62933,62943,10
12.89420986,80.22766113,62943,62953,10
12.89330006,80.22756958,62953,62963,10
12.89305019,80.22753906,62963,62973,10
12.89276028,80.22750092,62973,62984,11
12.89218044,80.22743988,62984,62994,10
12.89136028,80.22740936,62994,63004,10
12.89025021,80.22741699,63004,63014,10
12.8891201,80.22740173,63014,63024,10
12.88813972,80.22737122,63024,63034,10
12.8874197,80.22727966,63034,63044,10
12.88654995,80.22711182,63044,63054,10
12.88549995,80.22685242,63054,63064,10
12.88484001,80.22673798,63064,63075,11
12.88469982,80.22676086,63075,63085,10
12.88448048,80.22678375,63085,63095,10
12.88387966,80.22678375,63095,63105,10
12.88300037,80.22679138,63105,63115,10
12.88183975,80.22679138,63115,63125,10
12.88055038,80.22679138,63125,63135,10
12.87930012,80.22679901,63135,63145,10
12.87814045,80.22685242,63145,63155,10
12.87707996,80.2269516,63155,63166,11
12.87660027,80.22702026,63166,63176,10
12.87652969,80.22701263,63176,63186,10
12.87609959,80.22701263,63186,63196,10
12.87534046,80.22698212,63196,63206,10
12.87430954,80.22686005,63206,63216,10
12.87314987,80.22673798,63216,63226,10
12.8725996,80.22676086,63226,63236,10
12.87234974,80.22673798,63236,63246,10
12.87164974,80.22672272,63246,63257,11
12.87053013,80.22666168,63257,63267,10
12.86931038,80.22653198,63267,63277,10
12.86795044,80.22644043,63277,63287,10
12.86660957,80.22657013,63287,63297,10
12.86520004,80.22663879,63297,63307,10
12.86378002,80.22657776,63307,63317,10
12.86256027,80.22659302,63317,63327,10
12.86151981,80.22663879,63327,63337,10
12.86112976,80.22663879,63337,63348,11
12.86098003,80.22663879,63348,63358,10
12.86036015,80.2265625,63358,63368,10
12.8593998,80.22641754,63368,63378,10
12.85853958,80.22631836,63378,63388,10
12.85764027,80.2263031,63388,63398,10
12.85645962,80.22640991,63398,63408,10
12.85513973,80.22653961,63408,63418,10
12.85373974,80.2266922,63418,63428,10
12.85231972,80.22670746,63428,63439,11
12.8508997,80.22664642,63439,63449,10
12.84955978,80.22662354,63449,63459,10
12.84811974,80.22660065,63459,63469,10
12.84673023,80.22660828,63469,63479,10
12.84533978,80.22666168,63479,63509,30
12.84533978,80.22666168,63509,63520,11
12.84502029,80.22666931,63520,63530,10
12.84434032,80.22672272,63530,63540,10
12.84335995,80.22685242,63540,63550,10
12.84224033,80.2270813,63550,63560,10
12.84107971,80.22737122,63560,63570,10
12.84016037,80.22762299,63570,63580,10
12.83979034,80.22773743,63580,63590,10
12.83961964,80.22781372,63590,63600,10
12.83905983,80.22795868,63600,63611,11
12.83819962,80.22815704,63611,63621,10
12.83708,80.22837067,63621,63631,10
12.83586979,80.22853088,63631,63641,10
12.83481979,80.2286911,63641,63651,10
12.83378029,80.22888184,63651,63661,10
12.83286953,80.22904205,63661,63671,10
12.83224964,80.22917175,63671,63681,10
12.83222008,80.22917938,63681,63691,10
12.83213043,80.22915649,63691,63702,11
12.83185005,80.22924042,63702,63752,50
12.83185005,80.22924042,63752,63762,10
12.83135986,80.22940063,63762,63772,10
12.83067989,80.22962189,63772,63782,10
12.82968044,80.2299881,63782,63793,11
12.8285799,80.23049164,63793,63803,10
12.82777977,80.23094177,63803,63813,10
12.82695961,80.23130035,63813,63823,10
12.82600021,80.23142242,63823,63833,10
12.82495022,80.23145294,63833,63843,10
12.82408047,80.23127747,63843,63853,10
12.82322979,80.23101807,63853,63863,10
12.82244968,80.23075104,63863,63873,10
12.82172012,80.23052979,63873,63884,11
12.82081985,80.23047638,63884,63894,10
12.81995964,80.23052216,63894,63904,10
12.81917,80.23052979,63904,63914,10
12.81888962,80.2305069,63914,63924,10
12.81846046,80.23032379,63924,63934,10
12.81770039,80.22995758,63934,63944,10
12.81659031,80.22956848,63944,63954,10
12.81525993,80.22936249,63954,63964,10
12.8138504,80.22911072,63964,63975,11
12.81225967,80.2285614,63975,63985,10
12.8107996,80.22801971,63985,63995,10
12.80951977,80.22747803,63995,64005,10
12.80840969,80.22667694,64005,64015,10
12.80737019,80.22579956,64015,64025,10
12.80652046,80.22503662,64025,64035,10
12.80558968,80.22422028,64035,64055,20
12.80558968,80.22422028,64055,64066,11
12.80529022,80.22412109,64066,64075,9
12.80510044,80.22406769,64075,64086,11
12.80482006,80.22402954,64086,64096,10
12.80471039,80.22399139,64096,64106,10
12.80418015,80.22393799,64106,64116,10
12.80331993,80.22386932,64116,64126,10
12.80228043,80.22373962,64126,64136,10
12.80128002,80.22364807,64136,64146,10
12.80103016,80.22363281,64146,64157,11
12.80045033,80.22355652,64157,64167,10
12.79961967,80.22350311,64167,64177,10
12.79868031,80.22341156,64177,64187,10
12.79753971,80.2232666,64187,64197,10
12.79646015,80.22306824,64197,64207,10
12.79590034,80.22297668,64207,64217,10
12.79580021,80.22297668,64217,64227,10
12.79526997,80.2228775,64227,64237,10
12.79446983,80.22276306,64237,64248,11
12.79345989,80.22260284,64248,64258,10
12.7927599,80.22248077,64258,64268,10
12.79226971,80.22238159,64268,64278,10
12.79158974,80.22222137,64278,64288,10
12.7907896,80.22203064,64288,64298,10
12.78995991,80.22180176,64298,64308,10
12.78921032,80.2215271,64308,64318,10
12.78855038,80.22129822,64318,64328,10
12.78841972,80.22125244,64328,64339,11
12.78822041,80.221138,64339,64349,10
12.78804016,80.22106171,64349,64359,10
12.78763008,80.22090149,64359,64460,101
12.78763008,80.22090149,64460,64470,10
12.78730011,80.22077942,64470,64480,10
12.78701973,80.22067261,64480,64510,30
12.78701973,80.22067261,64510,64521,11
12.78684998,80.2206192,64521,64531,10
12.78668022,80.22055817,64531,64541,10
12.78637981,80.22042847,64541,64581,40
12.78637981,80.22042847,64581,64591,10
12.78627968,80.22042084,64591,64601,10
12.78623009,80.22039795,64601,64612,11
12.78617001,80.22057343,64612,64622,10
12.78619957,80.22109985,64622,64632,10
12.78623962,80.22160339,64632,64642,10
12.78633976,80.22200012,64642,65805,1163
12.78633976,80.22200012,65805,65815,10
12.78631973,80.22180176,65815,65825,10
12.78627968,80.22171021,65825,65835,10
12.78623009,80.22145081,65835,65845,10
12.7862196,80.22116089,65845,65855,10
12.78617001,80.22093964,65855,65866,11
12.78617001,80.22064209,65866,65886,20
12.78617001,80.22064209,65886,65896,10
12.78627014,80.22039795,65896,65906,10
12.78672981,80.22057343,65906,65936,30
12.78672981,80.22057343,65936,65946,10
12.78719044,80.22077942,65946,65957,11
12.7877903,80.22100067,65957,65967,10
12.78843975,80.22126007,65967,65977,10
12.78911018,80.22151947,65977,65987,10
12.78962994,80.22171021,65987,65997,10
12.78989029,80.22180939,65997,66007,10
12.79002953,80.22184753,66007,66017,10
12.7905798,80.22197723,66017,66027,10
12.79137993,80.22216034,66027,66037,10
12.79238033,80.22239685,66037,66048,11
12.79354954,80.22257996,66048,66058,10
12.79461956,80.22274017,66058,66068,10
12.79559994,80.22292328,66068,66078,10
12.79633999,80.22302246,66078,66088,10
12.7964201,80.22303772,66088,66098,10
12.79669952,80.22312164,66098,66108,10
12.7973299,80.22324371,66108,66118,10
12.79827976,80.22335815,66118,66128,10
12.79938984,80.2234726,66128,66139,11
12.80037022,80.22354126,66139,66149,10
12.80156994,80.22364807,66149,66169,20
12.80156994,80.22364807,66169,66179,10
12.80198002,80.22370148,66179,66189,10
12.80259037,80.22377777,66189,66199,10
12.80300045,80.22383881,66199,66209,10
12.80362034,80.22389984,66209,66219,10
12.80445004,80.22396088,66219,66230,11
12.80506039,80.22403717,66230,66240,10
12.80548,80.22415924,66240,66250,10
12.80550957,80.22416687,66250,66260,10
12.80585957,80.22440338,66260,66270,10
12.80640984,80.2248764,66270,66280,10
12.80714989,80.22554016,66280,66290,10
12.80811977,80.22635651,66290,66300,10
12.80920982,80.22725677,66300,66311,11
12.81068993,80.22795868,66311,66321,10
12.81212044,80.22850037,66321,66331,10
12.81357956,80.22899628,66331,66341,10
12.81484032,80.22927856,66341,66351,10
12.81620026,80.22949219,66351,66361,10
12.81760025,80.22987366,66361,66371,10
12.81894016,80.23047638,66371,66381,10
12.81976986,80.23049927,66381,66391,10
12.81978989,80.23049164,66391,66402,11
12.82030964,80.23049164,66402,66412,10
12.82120991,80.23046875,66412,66422,10
12.82221985,80.23066711,66422,66432,10
12.82334042,80.23101807,66432,66442,10
12.82454014,80.23132324,66442,66452,10
12.82579994,80.23142242,66452,66462,10
12.82691002,80.23130798,66462,66472,10
12.82793999,80.23082733,66472,66482,10
12.82896042,80.23026276,66482,66493,11
12.83003998,80.2297821,66493,66503,10
12.83084011,80.2294693,66503,66513,10
12.83102036,80.22939301,66513,66523,10
12.83119011,80.22934723,66523,66533,10
12.83141994,80.22927856,66533,66543,10
12.83185959,80.22917938,66543,66553,10
12.83238983,80.22907257,66553,66563,10
12.83323002,80.22891998,66563,66573,10
12.83421993,80.22873688,66573,66584,11
12.83533001,80.2285614,66584,66594,10
12.83631992,80.22841644,66594,66604,10
12.8373003,80.22827911,66604,66614,10
12.83827019,80.22808075,66614,66624,10
12.83905983,80.22783661,66624,66634,10
12.83944035,80.22766113,66634,66675,41
12.83944035,80.22766113,66675,66685,10
12.83969021,80.22762299,66685,66695,10
12.84012985,80.22756195,66695,66705,10
12.8407402,80.22740936,66705,66715,10
12.84154034,80.22718811,66715,66725,10
12.84247971,80.22696686,66725,66735,10
12.84342003,80.22676849,66735,66745,10
12.84440994,80.22663879,66745,66755,10
12.84525967,80.22657776,66755,66776,21
12.84525967,80.22657776,66776,66786,10
12.84556961,80.2265625,66786,66806,20
12.84556961,80.2265625,66806,66816,10
12.84591007,80.22657013,66816,66826,10
12.84657001,80.22659302,66826,66836,10
12.84747982,80.22660065,66836,66846,10
12.8485899,80.22660065,66846,66857,11
12.8499403,80.22657013,66857,66877,20
12.8499403,80.22657013,66877,66887,10
12.85006046,80.22660828,66887,66897,10
12.8505497,80.22662354,66897,66907,10
12.8514204,80.22664642,66907,66917,10
12.85254002,80.22669983,66917,66927,10
12.85387993,80.22664642,66927,66937,10
12.85531998,80.22648621,66937,66948,11
12.85698032,80.22631073,66948,66958,10
12.85846043,80.22624969,66958,66968,10
12.8598299,80.22641754,66968,66978,10
12.86071968,80.22653198,66978,66988,10
12.86083031,80.22653198,66988,66998,10
12.86106014,80.22654724,66998,67008,10
12.86145973,80.22654724,67008,67018,10
12.86225986,80.22653198,67018,67028,10
12.86328983,80.22650146,67028,67039,11
12.86456966,80.2265625,67039,67049,10
12.8659296,80.22657776,67049,67059,10
12.8673296,80.22647095,67059,67069,10
12.86882973,80.2264328,67069,67079,10
12.8703804,80.22660828,67079,67089,10
12.8717804,80.22667694,67089,67099,10
12.87302017,80.22669983,67099,67109,10
12.87419033,80.22678375,67109,67119,10
12.87537003,80.22693634,67119,67130,11
12.87637997,80.22695923,67130,67140,10
12.87687969,80.22691345,67140,67150,10
12.87697029,80.22689819,67150,67160,10
12.87747955,80.22686768,67160,67170,10
12.87835979,80.22680664,67170,67180,10
12.87954044,80.22678375,67180,67190,10
12.88090038,80.22676086,67190,67200,10
12.88232994,80.22673798,67200,67210,10
12.88354969,80.22673035,67210,67221,11
12.88467026,80.22669983,67221,67231,10
12.88535023,80.22675323,67231,67241,10
12.88613987,80.22693634,67241,67251,10
12.88708019,80.22718048,67251,67261,10
12.88815975,80.22733307,67261,67271,10
12.88945007,80.22737122,67271,67281,10
12.89081001,80.2273407,67281,67291,10
12.89161968,80.22733307,67291,67301,10
12.89181995,80.22733307,67301,67312,11
12.89233017,80.22737122,67312,67322,10
12.89307976,80.22744751,67322,67332,10
12.89396954,80.22756958,67332,67342,10
12.89486027,80.22762299,67342,67352,10
12.89571953,80.22766113,67352,67362,10
12.89667034,80.22769928,67362,67372,10
12.89741039,80.22775269,67372,67382,10
12.89805984,80.22779083,67382,67392,10
12.89896011,80.22782135,67392,67403,11
12.90009022,80.22786713,67403,67423,20
12.90027046,80.22786713,67423,67443,20
12.90027046,80.22786713,67443,67453,10
12.90056038,80.22786713,67453,67463,10
12.90083981,80.22789764,67463,67473,10
12.9010601,80.22795868,67473,67483,10
12.90139961,80.2279892,67483,67494,11
12.90202045,80.22801971,67494,67504,10
12.90299988,80.22801971,67504,67544,40
12.90299988,80.22801971,67544,67554,10
12.90316963,80.22801971,67554,67564,10
12.90355015,80.22808075,67564,67574,10
12.9039402,80.22811127,67574,67585,11
12.90423012,80.2281189,67585,67595,10
12.90474033,80.22815704,67595,67605,10
12.9048996,80.22817993,67605,67615,10
12.90530968,80.22820282,67615,67686,71
12.90530968,80.22820282,67686,67696,10
12.90544987,80.2281723,67696,67706,10
12.90571976,80.22820282,67706,67716,10
12.90612984,80.22823334,67716,67726,10
12.90649033,80.22824097,67726,67736,10
12.90690041,80.22828674,67736,67746,10
12.90701008,80.22830963,67746,67756,10
12.90730953,80.22840118,67756,67767,11
12.90810966,80.22850037,67767,67777,10
12.90919018,80.22868347,67777,67787,10
12.91049957,80.22888947,67787,67797,10
12.91180992,80.22907257,67797,67807,10
12.91292953,80.22918701,67807,67817,10
12.91382027,80.22930145,67817,67837,20
12.91382027,80.22930145,67837,67847,10
12.91411972,80.22936249,67847,67858,11
12.91471958,80.22943878,67858,67868,10
12.91555023,80.22955322,67868,67878,10
12.91656971,80.22969818,67878,67888,10
12.91757011,80.22985077,67888,67898,10
12.91864967,80.23001862,67898,67908,10
12.91965008,80.23014832,67908,67918,10
12.92090034,80.2303009,67918,67928,10
12.92216969,80.23046112,67928,67938,10
12.92362022,80.23068237,67938,67949,11
12.92502022,80.23087311,67949,67959,10
12.92619991,80.23101044,67959,67969,10
12.92730045,80.23114014,67969,67979,10
12.92823982,80.23124695,67979,67989,10
12.92870998,80.23132324,67989,67999,10
12.92924023,80.23142242,67999,68009,10
12.9299202,80.23158264,68009,68019,10
12.93072987,80.23178864,68019,68030,11
12.93173981,80.23210907,68030,68040,10
12.93264008,80.23242188,68040,68050,10
12.93346977,80.23277283,68050,68060,10
12.93432999,80.23313141,68060,68070,10
12.93560028,80.23368835,68070,68090,20
12.93560028,80.23368835,68090,68100,10
12.93562984,80.23371124,68100,68110,10
12.93597984,80.23390198,68110,68121,11
12.93663025,80.23419952,68121,68131,10
12.93741035,80.23457336,68131,68141,10
12.9383297,80.2350235,68141,68151,10
12.93912983,80.23542786,68151,68161,10
12.93966961,80.23571014,68161,68171,10
12.94027996,80.23593903,68171,68181,10
12.94095993,80.23615265,68181,68191,10
12.94209957,80.23641205,68191,68201,10
12.94293976,80.23677826,68201,68212,11
12.94375992,80.23753357,68212,68222,10
12.94447041,80.23834991,68222,68232,10
12.94521999,80.23914337,68232,68242,10
12.94620991,80.23966217,68242,68252,10
12.94713974,80.23999786,68252,68262,10
12.94729996,80.2400589,68262,68272,10
12.94742012,80.24009705,68272,68282,10
12.94789982,80.24030304,68282,68292,10
12.94839954,80.2405014,68292,68303,11
12.94851971,80.24054718,68303,68313,10
12.94865036,80.24060059,68313,68323,10
12.9489603,80.24073029,68323,68333,10
12.94937992,80.24093628,68333,68343,10
12.95009995,80.2411499,68343,68353,10
12.95081997,80.24136353,68353,68363,10
12.9511404,80.24143219,68363,68373,10
12.95137978,80.24152374,68373,68383,10
12.9516201,80.24163055,68383,68394,11
12.95193005,80.24176025,68394,68404,10
12.95258045,80.24201202,68404,68414,10
12.95341969,80.24233246,68414,68424,10
12.95411968,80.24259949,68424,68434,10
12.95477962,80.24286652,68434,68444,10
12.95540047,80.24310303,68444,68454,10
12.95615005,80.24334717,68454,68464,10
12.95643044,80.24347687,68464,68474,10
12.95691013,80.24365997,68474,68485,11
12.9577198,80.24404907,68485,68495,10
12.95833969,80.24429321,68495,68505,10
12.95880032,80.24447632,68505,68515,10
12.95880985,80.24447632,68515,68525,10
12.95919037,80.24466705,68525,68535,10
12.95932007,80.24474335,68535,68545,10
12.95973969,80.24494171,68545,68555,10
12.96045971,80.24526215,68555,68565,10
12.96148014,80.2457428,68565,68576,11
12.96298027,80.24649811,68576,68596,20
12.96298027,80.24649811,68596,68606,10
12.96302986,80.246521,68606,68616,10
12.96333027,80.24665833,68616,68626,10
12.96370983,80.24684906,68626,68636,10
12.9642601,80.24706268,68636,68646,10
12.96496964,80.24730682,68646,68656,10
12.96576023,80.24755096,68656,68667,11
12.96650028,80.24786377,68667,68677,10
12.96660995,80.24790192,68677,68687,10
12.96679974,80.24800873,68687,68697,10
12.96732044,80.24829102,68697,68707,10
12.96821022,80.24865723,68707,68717,10
12.96909046,80.24900818,68717,68727,10
12.96996021,80.2493515,68727,68737,10
12.97084045,80.24967957,68737,68747,10
12.97185993,80.24996948,68747,68758,11
12.97315025,80.25031281,68758,68768,10
12.97420025,80.25058746,68768,68778,10
12.97523975,80.25090027,68778,68788,10
12.97638988,80.2512207,68788,68798,10
12.97752953,80.25167084,68798,68808,10
12.97830963,80.25228119,68808,68818,10
12.9786396,80.25247192,68818,68828,10
12.97885036,80.25256348,68828,68838,10
12.97953033,80.25267792,68838,68849,11
12.98062992,80.25273895,68849,68859,10
12.98163986,80.25272369,68859,68869,10
12.98278046,80.25267792,68869,68879,10
12.98379993,80.25248718,68879,68889,10
12.98419952,80.25234985,68889,68899,10
12.98445988,80.25228119,68899,68909,10
12.98478985,80.25221252,68909,68919,10
12.98521996,80.25209045,68919,68929,10
12.98581982,80.25190735,68929,68940,11
12.98682022,80.25166321,68940,68950,10
12.98736,80.25148773,68950,68960,10
12.98779964,80.25138092,68960,68970,10
12.98841,80.25122833,68970,68980,10
12.98913956,80.2510376,68980,68990,10
12.98923016,80.25102234,68990,69000,10
12.98935032,80.25099182,69000,69010,10
12.98980045,80.25089264,69010,69020,10
12.99055958,80.25071716,69020,69031,11
12.99166012,80.25042725,69031,69041,10
12.99267006,80.25019836,69041,69051,10
12.99347973,80.24996948,69051,69061,10
12.99452019,80.24971771,69061,69071,10
12.99578953,80.24939728,69071,69081,10
12.9969101,80.24912262,69081,69091,10
12.99868011,80.24868011,69091,69101,10
13.00018024,80.24829865,69101,69111,10
13.00154018,80.24794769,69111,69122,11
13.00294018,80.24762726,69122,69132,10
13.00417042,80.24745941,69132,69142,10
13.00533962,80.24727631,69142,69152,10
13.00625992,80.24693298,69152,69162,10
13.00656986,80.24606323,69162,69182,20
13.00656986,80.24606323,69182,69192,10
13.00660038,80.24594116,69192,69202,10
13.00660992,80.24556732,69202,69213,11
13.00660038,80.24520111,69213,69223,10
13.00658035,80.24488831,69223,69233,10
13.00658989,80.24461365,69233,69243,10
13.00660992,80.24432373,69243,69253,10
13.00658989,80.24398041,69253,69263,10
13.00656033,80.24363708,69263,69273,10
13.0065403,80.24313354,69273,69283,10
13.00650978,80.24234772,69283,69293,10
13.00652027,80.24160004,69293,69304,11
13.0065403,80.24134827,69304,69314,10
13.00652981,80.24115753,69314,69324,10
13.00660038,80.24067688,69324,69334,10
13.00683975,80.23976898,69334,69344,10
13.00699043,80.23876953,69344,69354,10
13.00722027,80.23782349,69354,69364,10
13.00730038,80.23744202,69364,69374,10
13.00734043,80.23718262,69374,69384,10
13.00734997,80.23692322,69384,69395,11
13.00736046,80.23687744,69395,69405,10
13.00743961,80.23664093,69405,69415,10
13.00753975,80.23618317,69415,69425,10
13.0076704,80.23545074,69425,69435,10
13.00788021,80.23448181,69435,69445,10
13.00806046,80.23370361,69445,69455,10
13.00829029,80.23245239,69455,69465,10
13.00846004,80.2314682,69465,69475,10
13.00864029,80.23053741,69475,69486,11
13.00891972,80.22931671,69486,69496,10
13.00911999,80.22831726,69496,69506,10
13.00949001,80.22743988,69506,69516,10
13.00988007,80.22657013,69516,69526,10
13.01025963,80.22576904,69526,69536,10
13.01060009,80.2250824,69536,69546,10
13.0108099,80.224617,69546,69556,10
13.01105976,80.22405243,69556,69566,10
13.01124001,80.22358704,69566,69597,31
13.01124001,80.22358704,69597,69607,10
13.01128006,80.22324371,69607,69617,10
13.0115099,80.22271729,69617,69627,10
13.01191044,80.2217865,69627,69637,10
13.01239967,80.22167206,69637,69647,10
13.01274967,80.22215271,69647,69658,11
13.01325989,80.22271729,69658,69668,10
13.01364994,80.22316742,69668,69678,10
13.01406956,80.22367859,69678,69688,10
13.01438999,80.22406769,69688,69698,10
13.01484966,80.2245636,69698,69708,10
13.01556969,80.22515106,69708,69728,20
13.01556969,80.22515106,69728,69738,10
13.01581955,80.22531128,69738,69749,11
13.01646042,80.22537994,69749,69759,10
13.01721954,80.22509766,69759,69769,10
13.01803017,80.22476959,69769,69779,10
13.01877975,80.22447205,69779,69789,10
13.01947021,80.22444153,69789,69809,20
13.01947021,80.22444153,69809,69819,10
13.01951981,80.2244873,69819,69829,10
13.01957035,80.22451782,69829,69840,11
13.01968956,80.22460938,69840,69850,10
13.01990986,80.22479248,69850,69860,10
13.02019978,80.22499084,69860,69870,10
13.02056026,80.22525024,69870,69880,10
13.02095985,80.22557068,69880,69890,10
13.02140045,80.22593689,69890,69900,10
13.02186012,80.22625732,69900,69910,10
13.02229023,80.22657776,69910,69920,10
13.02287006,80.22708893,69920,69971,51
13.02287006,80.22708893,69971,69981,10
13.02313042,80.22738647,69981,69991,10
13.02328968,80.22754669,69991,70001,10
13.02353954,80.22773743,70001,70011,10
13.02373028,80.22788239,70011,70022,11
13.02392006,80.22801971,70022,70032,10
13.02414036,80.22827911,70032,70042,10
13.02429962,80.22868347,70042,70082,40
13.02400017,80.22841644,70082,70102,20
13.02400017,80.22841644,70102,70111,9
13.02381039,80.22814941,70111,70123,12
13.02348995,80.22783661,70123,70284,161
13.02348995,80.22783661,70284,70295,11
13.02322006,80.22754669,70295,70305,10
13.02301025,80.2273407,70305,70315,10
13.02280998,80.22714233,70315,70325,10
13.02254009,80.22689056,70325,70335,10
13.02215958,80.22653961,70335,70345,10
13.02180004,80.22622681,70345,70355,10
13.02136993,80.22589874,70355,70365,10
13.02073956,80.22540283,70365,70375,10
13.0202198,80.22509766,70375,70386,11
13.01990986,80.22490692,70386,70396,10
13.01951027,80.22466278,70396,70406,10
13.01889038,80.2245636,70406,70416,10
13.01809978,80.224823,70416,70426,10
13.01735973,80.22512817,70426,70436,10
13.01671982,80.22538757,70436,70446,10
13.01638985,80.22553253,70446,70456,10
13.01605034,80.22564697,70456,70466,10
13.01556969,80.22580719,70466,70477,11
13.01508045,80.22599792,70477,70487,10
13.01441956,80.22628021,70487,70517,30
13.01441956,80.22628021,70517,70527,10
13.01424026,80.22631836,70527,70537,10
13.01387024,80.22646332,70537,70547,10
13.01325989,80.22669983,70547,70557,10
13.01261044,80.22696686,70557,70568,11
13.01193047,80.22724915,70568,70578,10
13.01117039,80.22754669,70578,70588,10
13.01033974,80.22788239,70588,70598,10
13.00961018,80.22820282,70598,70608,10
13.00918007,80.22870636,70608,70618,10
13.00901031,80.22958374,70618,70648,30
13.00901031,80.22958374,70648,70659,11
13.0089798,80.22976685,70659,70669,10
13.00889969,80.23032379,70669,70679,10
13.00874043,80.23098755,70679,70689,10
13.00856972,80.23171997,70689,70699,10
13.00844002,80.23242188,70699,70709,10
13.00829983,80.2334671,70709,70729,20
13.00829983,80.2334671,70729,70739,10
13.00821018,80.23365021,70739,70750,11
13.0081501,80.23401642,70750,70760,10
13.00802994,80.23457336,70760,70770,10
13.00794983,80.23500824,70770,70780,10
13.0079298,80.23509979,70780,70790,10
13.00786018,80.23548126,70790,70800,10
13.00774002,80.23621368,70800,70810,10
13.00753975,80.23713684,70810,70820,10
13.00734997,80.23803711,70820,70831,11
13.0072298,80.23874664,70831,70841,10
13.00704002,80.23957825,70841,70881,40
13.00695992,80.23983765,70881,70901,20
13.00695992,80.23983765,70901,70911,10
13.00683975,80.24067688,70911,70932,21
13.00683975,80.24067688,70932,70942,10
13.0067997,80.24085236,70942,70952,10
13.00675011,80.24128723,70952,70962,10
13.00671959,80.2420578,70962,70972,10
13.00671959,80.24279022,70972,70992,20
13.00669003,80.24304199,70992,71023,31
13.00669003,80.24304199,71023,71033,10
13.00666046,80.2432785,71033,71043,10
13.00667,80.24353027,71043,71053,10
13.00667953,80.24388885,71053,71063,10
13.00669956,80.24433136,71063,71073,10
13.00669956,80.24490356,71073,71083,10
13.00671959,80.2452774,71083,71093,10
13.00669956,80.24542236,71093,71104,11
13.00669956,80.24571991,71104,71114,10
13.00673008,80.24614716,71114,71124,10
13.00673962,80.24658966,71124,71134,10
13.00667953,80.2474823,71134,71205,71
13.00667953,80.2474823,71205,71215,10
13.00632,80.24752045,71215,71225,10
13.0061903,80.24752045,71225,71235,10
13.00613022,80.24748993,71235,71245,10
13.00566006,80.24745941,71245,71255,10
13.00489044,80.24745941,71255,71265,10
13.00393009,80.24758148,71265,71275,10
13.0027504,80.24777222,71275,71286,11
13.00131989,80.24810791,71286,71296,10
13.00020027,80.2483902,71296,71306,10
12.99901962,80.24868011,71306,71316,10
12.99810982,80.24894714,71316,71326,10
12.99785995,80.24900055,71326,71336,10
12.9975996,80.24904633,71336,71346,10
12.99697018,80.24919128,71346,71356,10
12.99606037,80.24942017,71356,71366,10
12.99493027,80.24967194,71366,71377,11
12.99353981,80.25005341,71377,71387,10
12.99223042,80.25035095,71387,71397,10
12.99120045,80.25064087,71397,71407,10
12.99085045,80.25074768,71407,71417,10
12.9907999,80.2507782,71417,71427,10
12.99038982,80.25086975,71427,71437,10
12.98962975,80.25106049,71437,71447,10
12.98902035,80.25118256,71447,71457,10
12.98869991,80.25128937,71457,71518,61
12.98869991,80.25128937,71518,71528,10
12.98851013,80.25135803,71528,71538,10
12.98816013,80.25145721,71538,71548,10
12.98775959,80.25151825,71548,71559,11
12.98727036,80.25164032,71559,71569,10
12.98680973,80.25179291,71569,71579,10
12.98633957,80.25189972,71579,71589,10
12.98575974,80.25205994,71589,71599,10
12.98499012,80.25225067,71599,71609,10
12.98433971,80.25241852,71609,71619,10
12.98357964,80.25261688,71619,71629,10
12.98283958,80.25273895,71629,71639,10
12.98221016,80.25276184,71639,71650,11
12.98134041,80.2527771,71650,71660,10
12.98062992,80.25280762,71660,71670,10
12.98015976,80.25283813,71670,71680,10
12.97972012,80.25279999,71680,71690,10
12.97904968,80.25272369,71690,71700,10
12.97881031,80.25270844,71700,71710,10
12.97877979,80.25269318,71710,71720,10
12.9783802,80.25253296,71720,71730,10
12.97780991,80.25208282,71730,71741,11
12.97700024,80.2514801,71741,71751,10
12.97618961,80.25119781,71751,71761,10
12.97539997,80.25099182,71761,71771,10
12.97453976,80.25074768,71771,71781,10
12.97369957,80.2505188,71781,71791,10
12.97286034,80.25031281,71791,71801,10
12.97208977,80.25010681,71801,71811,10
12.97134018,80.24990845,71811,71821,10
12.97054005,80.24967957,71821,71832,11
12.96963024,80.24932861,71832,71842,10
12.96879005,80.24899292,71842,71852,10
12.96788025,80.24861908,71852,71862,10
12.9671402,80.24830627,71862,71872,10
12.96665001,80.24806213,71872,71882,10
12.96638966,80.24794006,71882,71892,10
12.96588039,80.24771881,71892,71902,10
12.96537971,80.24752045,71902,71912,10
12.96527004,80.24748993,71912,71923,11
12.96481991,80.24732208,71923,71933,10
12.96428013,80.24713898,71933,71943,10
12.96387959,80.24697876,71943,71953,10
12.96350002,80.2468338,71953,71963,10
12.96286011,80.24649811,71963,71973,10
12.96216011,80.24616241,71973,71983,10
12.96133995,80.24577332,71983,71993,10
12.96061039,80.24543762,71993,72003,10
12.95997047,80.24516296,72003,72014,11
12.95969009,80.24501801,72014,72024,10
12.95938015,80.24488831,72024,72044,20
12.95938015,80.24488831,72044,72054,10
12.95895004,80.24468231,72054,72064,10
12.95825958,80.24437714,72064,72074,10
12.95757961,80.24407959,72074,72084,10
12.95643997,80.24371338,72084,72125,41
12.95643997,80.24371338,72125,72135,10
12.95613003,80.24359894,72135,72145,10
12.95569992,80.24337769,72145,72155,10
12.95512009,80.24308777,72155,72165,10
12.9544096,80.24279022,72165,72175,10
12.95384026,80.24256897,72175,72186,11
12.95324993,80.24230957,72186,72196,10
12.9525404,80.2420578,72196,72206,10
12.95176029,80.24178314,72206,72226,20
12.95176029,80.24178314,72226,72236,10
12.95137978,80.24166107,72236,72246,10
12.95088005,80.24150085,72246,72256,10
12.95030022,80.24131775,72256,72266,10
12.94948006,80.24108124,72266,72287,21
12.94948006,80.24108124,72287,72297,10
12.94933033,80.24102783,72297,72307,10
12.94900036,80.24091339,72307,72317,10
12.94845009,80.24066162,72317,72327,10
12.9476099,80.24031067,72327,72337,10
12.94705963,80.24009705,72337,72347,10
12.94692993,80.24005127,72347,72357,10
12.94643974,80.23983765,72357,72368,11
12.9456501,80.23947144,72368,72378,10
12.94503975,80.23908234,72378,72388,10
12.94443035,80.23842621,72388,72398,10
12.94377995,80.23769379,72398,72408,10
12.94324017,80.23712158,72408,72418,10
12.94252014,80.2366333,72418,72428,10
12.94167042,80.23638153,72428,72438,10
12.94089985,80.2361908,72438,72448,10
12.94021988,80.23602295,72448,72459,11
12.93974972,80.23583221,72459,72469,10
12.93966007,80.23580933,72469,72479,10
12.93927002,80.23561859,72479,72489,10
12.93863964,80.23531342,72489,72499,10
12.93805981,80.23500061,72499,72509,10
12.93747997,80.23471832,72509,72519,10
12.93638039,80.23419189,72519,72529,10
12.93572044,80.23387909,72529,72539,10
12.93505955,80.23356628,72539,72550,11
12.93391037,80.23304749,72550,72570,20
12.93391037,80.23304749,72570,72580,10
12.93369961,80.23294067,72580,72590,10
12.93307972,80.23265839,72590,72600,10
12.93212032,80.2322998,72600,72610,10
12.93093967,80.23194122,72610,72620,10
12.92965031,80.23159027,72620,72630,10
12.92889023,80.23146057,72630,72641,11
12.92798042,80.23130035,72641,72651,10
12.92700005,80.23117828,72651,72661,10
12.92611027,80.23110199,72661,72671,10
12.92584991,80.23110199,72671,72681,10
12.92535973,80.23101807,72681,72691,10
12.92469978,80.23091888,72691,72701,10
12.92380047,80.23079681,72701,72711,10
12.92265987,80.23065186,72711,72721,10
12.92134953,80.23045349,72721,72732,11
12.9200201,80.23027802,72732,72742,10
12.91886044,80.23013306,72742,72752,10
12.91786003,80.2299881,72752,72762,10
12.91695976,80.22988892,72762,72772,10
12.91611958,80.22975922,72772,72782,10
12.91539955,80.22968292,72782,72792,10
12.91475964,80.22958374,72792,72802,10
12.91407013,80.22949219,72802,72812,10
12.91372013,80.22943115,72812,72823,11
12.91337967,80.22942352,72823,72833,10
12.91327,80.22939301,72833,72843,10
12.91277981,80.22930908,72843,72853,10
12.91201019,80.2292099,72853,72863,10
12.91125965,80.22910309,72863,72873,10
12.91036034,80.2289505,72873,72883,10
12.90944004,80.22881317,72883,72893,10
12.90849018,80.22866058,72893,72903,10
12.90754986,80.22852325,72903,72914,11
12.90670013,80.22841644,72914,72924,10
12.90610027,80.2283783,72924,72934,10
12.90600014,80.22837067,72934,72944,10
12.90569973,80.22834015,72944,72954,10
12.90503979,80.22827911,72954,72964,10
12.9041996,80.22821808,72964,72974,10
12.90328979,80.22817993,72974,72984,10
12.90231037,80.2281189,72984,72994,10
12.90174007,80.22808838,72994,73005,11
12.90155983,80.22810364,73005,73015,10
12.90098,80.22808075,73015,73025,10
12.90032005,80.22799683,73025,73035,10
12.89976025,80.22799683,73035,73055,20
12.89976025,80.22799683,73055,73065,10
12.89953995,80.22796631,73065,73075,10
12.89920044,80.22792816,73075,73085,10
12.89881992,80.22789764,73085,73096,11
12.89828968,80.22788239,73096,73106,10
12.89756012,80.22783661,73106,73116,10
12.89665985,80.2277832,73116,73126,10
12.89552975,80.22773743,73126,73136,10
12.89431953,80.22769165,73136,73146,10
12.89317036,80.22757721,73146,73156,10
12.89260006,80.22750854,73156,73187,31
12.89260006,80.22750854,73187,73197,10
12.89204979,80.22746277,73197,73207,10
12.89128971,80.22743988,73207,73217,10
12.89027977,80.22743988,73217,73227,10
12.8893404,80.22743988,73227,73237,10
12.88850021,80.22743225,73237,73247,10
12.88770962,80.22736359,73247,73257,10
12.88710022,80.22728729,73257,73267,10
12.88632011,80.22711182,73267,73278,11
12.88547993,80.22689819,73278,73288,10
12.88488007,80.2268219,73288,73298,10
12.88475037,80.2268219,73298,73308,10
12.88424015,80.22679901,73308,73318,10
12.88337994,80.22679138,73318,73328,10
12.88241005,80.22679901,73328,73338,10
12.88150024,80.22680664,73338,73348,10
12.88059044,80.2268219,73348,73358,10
12.87963963,80.22683716,73358,73369,11
12.87862968,80.22688293,73369,73379,10
12.87794018,80.22691345,73379,73389,10
12.87714958,80.22698212,73389,73399,10
12.8766098,80.22704315,73399,73409,10
12.87646961,80.22705841,73409,73419,10
12.87623978,80.22705841,73419,73429,10
12.87609959,80.22705078,73429,73439,10
12.87559032,80.22705078,73439,73449,10
12.87481022,80.22696686,73449,73460,11
12.87395954,80.22686005,73460,73470,10
12.87310028,80.22679138,73470,73480,10
12.87265015,80.22679901,73480,73490,10
12.87248993,80.22679138,73490,73500,10
12.87189007,80.22676849,73500,73510,10
12.8709898,80.22673035,73510,73520,10
12.87014008,80.22666168,73520,73530,10
12.86929989,80.22657776,73530,73540,10
12.86841965,80.22647858,73540,73551,11
12.86734962,80.22653961,73551,73561,10
12.86658955,80.22662354,73561,73571,10
12.86587048,80.22666931,73571,73581,10
12.86511993,80.2266922,73581,73591,10
12.86423016,80.22664642,73591,73601,10
12.86330032,80.22660065,73601,73611,10
12.86225986,80.22663116,73611,73621,10
12.8614397,80.22667694,73621,73632,11
12.86112022,80.22669983,73632,73642,10
12.86098957,80.2266922,73642,73652,10
12.8604002,80.22663879,73652,73662,10
12.85974979,80.22653198,73662,73672,10
12.85886002,80.22640228,73672,73682,10
12.85818005,80.22634888,73682,73692,10
12.85743999,80.22634888,73692,73702,10
12.85657978,80.22641754,73702,73711,9
12.85583973,80.22650146,73711,73723,12
12.85472965,80.22662354,73723,73733,10
12.85373974,80.22672272,73733,73743,10
12.85293007,80.22678375,73743,73753,10
12.85219002,80.22676086,73753,73763,10
12.85181046,80.22673035,73763,73773,10
12.85169983,80.22672272,73773,73783,10
12.85112,80.2266922,73783,73793,10
12.85021019,80.22664642,73793,73803,10
12.84902,80.22663879,73803,73814,11
12.84749031,80.22663879,73814,73824,10
12.84615993,80.22666168,73824,73834,10
12.8453598,80.22667694,73834,73854,20
12.8453598,80.22667694,73854,73864,10
12.84523964,80.22667694,73864,73874,10
12.84465981,80.22669983,73874,73884,10
12.84377956,80.22679138,73884,73894,10
12.84267998,80.22698212,73894,73905,11
12.84119987,80.2273407,73905,73915,10
12.84016037,80.22760773,73915,73925,10
12.8396101,80.22781372,73925,73935,10
12.83887005,80.22801971,73935,73945,10
12.83784962,80.22825623,73945,73955,10
12.8366003,80.22846985,73955,73965,10
12.83518028,80.22866821,73965,73975,10
12.83370018,80.22891998,73975,73985,10
12.8323698,80.22914124,73985,73996,11
12.83176041,80.22930145,73996,74006,10
12.83162022,80.22937012,74006,74016,10
12.83102036,80.22953796,74016,74026,10
12.83014965,80.22984314,74026,74036,10
12.82903957,80.23030853,74036,74046,10
12.8278904,80.23090363,74046,74056,10
12.82664013,80.23137665,74056,74066,10
12.82532978,80.23145294,74066,74076,10
12.82402039,80.23126984,74076,74087,11
12.82246971,80.23079681,74087,74097,10
12.82104015,80.23052216,74097,74107,10
12.81984997,80.23052979,74107,74117,10
12.81892967,80.2305603,74117,74127,10
12.81884956,80.23055267,74127,74137,10
12.81865025,80.23049164,74137,74147,10
12.81801987,80.23017883,74147,74157,10
12.81702042,80.2297287,74157,74167,10
12.81575966,80.22947693,74167,74178,11
12.81424999,80.22926331,74178,74188,10
12.81284046,80.22882843,74188,74198,10
12.81153011,80.22837067,74198,74208,10
12.81033039,80.22788239,74208,74218,10
12.8094101,80.22747803,74218,74228,10
12.80885029,80.2270813,74228,74238,10
12.80815983,80.22651672,74238,74248,10
12.80739021,80.22586823,74248,74258,10
12.80661011,80.22516632,74258,74269,11
12.80574989,80.22441864,74269,74279,10
12.8051796,80.22412109,74279,74289,10
12.80496025,80.22409058,74289,74299,10
12.8049202,80.22406769,74299,74309,10
12.80453968,80.22400665,74309,74319,10
12.80395985,80.22396088,74319,74329,10
12.80313015,80.22389221,74329,74339,10
12.80214977,80.22377014,74339,74349,10
12.80117989,80.22366333,74349,74360,11
12.8000803,80.22354126,74360,74370,10
12.79907036,80.22348785,74370,74380,10
12.79802036,80.2233429,74380,74390,10
12.79691029,80.22318268,74390,74400,10
12.7959404,80.22303009,74400,74410,10
12.79570007,80.22299957,74410,74420,10
12.79528999,80.22290802,74420,74430,10
12.79440975,80.22277069,74430,74440,10
12.79327965,80.22260284,74440,74451,11
12.79197979,80.22235107,74451,74461,10
12.79104996,80.22212982,74461,74471,10
12.79028034,80.22193146,74471,74481,10
12.78966999,80.22177124,74481,74491,10
12.78931046,80.22164154,74491,74501,10
12.78878021,80.22144318,74501,74511,10
12.78824997,80.22119141,74511,74521,10
12.7877903,80.22102356,74521,74531,10
12.78726006,80.22080994,74531,74542,11
12.78686047,80.22067261,74542,74572,30
12.78686047,80.22067261,74572,74582,10
12.78666019,80.22058105,74582,74592,10
12.78645039,80.22049713,74592,74602,10
12.78617001,80.22055054,74602,74612,10
12.78617954,80.22081757,74612,74643,31
12.78617954,80.22081757,74643,74653,10
12.78612995,80.22103882,74653,74663,10
12.78614044,80.22132874,74663,74673,10
12.78619003,80.22174072,74673,74683,10
12.78619957,80.22207642,74683,75007,324
12.78619957,80.22207642,75007,75017,10
12.78612995,80.22164154,75017,75027,10
12.78612041,80.22128296,75027,75037,10
12.78610039,80.22086334,75037,75057,20
12.78610039,80.22086334,75057,75067,10
12.78612995,80.22045135,75067,75078,11
12.78637028,80.22046661,75078,75088,10
12.78641987,80.22048187,75088,75098,10
12.78666019,80.22058105,75098,75108,10
12.78695011,80.22070313,75108,75118,10
12.78740978,80.22087097,75118,75128,10
12.78814983,80.22116089,75128,75138,10
12.78880978,80.22141266,75138,75148,10
12.78946972,80.22164917,75148,75158,10
12.79006004,80.22183228,75158,75169,11
12.79102993,80.22206879,75169,75179,10
12.79176044,80.22226715,75179,75189,10
12.7927103,80.22247314,75189,75199,10
12.79393005,80.22265625,75199,75209,10
12.79528046,80.2228775,75209,75219,10
12.79636002,80.22305298,75219,75229,10
12.79646015,80.22306061,75229,75239,10
12.79669952,80.22309875,75239,75249,10
12.79736042,80.2232132,75249,75260,11
12.79839993,80.22332764,75260,75270,10
12.79951954,80.22348785,75270,75280,10
12.80056,80.22355652,75280,75290,10
12.8013401,80.22364807,75290,75300,10
12.80171967,80.22367859,75300,75310,10
12.80228043,80.22373962,75310,75320,10
12.80288029,80.22382355,75320,75330,10
12.8035202,80.22387695,75330,75340,10
12.80428982,80.22393799,75340,75351,11
12.80535984,80.22412872,75351,75371,20
12.80535984,80.22412872,75371,75381,10
12.80564022,80.22428131,75381,75391,10
12.80611992,80.22467804,75391,75401,10
12.8067503,80.22524261,75401,75411,10
12.80745983,80.22586823,75411,75421,10
12.80827999,80.2265625,75421,75431,10
12.80908966,80.22721863,75431,75442,11
12.80943966,80.22744751,75442,75452,10
12.81004047,80.22775269,75452,75462,10
12.81097984,80.22814941,75462,75472,10
12.81219959,80.22859955,75472,75482,10
12.81352043,80.22904205,75482,75492,10
12.81497002,80.22936249,75492,75502,10
12.81645966,80.22958374,75502,75512,10
12.81770992,80.2299881,75512,75522,10
12.81886959,80.2305069,75522,75533,11
12.81991005,80.2305603,75533,75543,10
12.82104969,80.23052216,75543,75553,10
12.82236958,80.23074341,75553,75563,10
12.82378006,80.23114014,75563,75573,10
12.82518005,80.23142242,75573,75583,10
12.82656956,80.2313385,75583,75593,10
12.82781029,80.23088837,75593,75603,10
12.82901001,80.23023224,75603,75613,10
12.83030987,80.2297287,75613,75624,11
12.83106995,80.22937775,75624,75634,10
12.83127022,80.22930145,75634,75644,10
12.83193016,80.22913361,75644,75654,10
12.83292007,80.2289505,75654,75664,10
12.83421993,80.22873688,75664,75674,10
12.83565998,80.22853088,75674,75684,10
12.83716965,80.22828674,75684,75694,10
12.8385601,80.22801208,75694,75704,10
12.83911991,80.22786713,75704,75806,102
12.83944988,80.2277832,75806,75856,50
12.83944988,80.2277832,75856,75866,10
12.83990002,80.2276001,75866,75876,10
12.8406496,80.22740936,75876,75886,10
12.84173012,80.22714233,75886,75897,11
12.84315968,80.22683716,75897,75907,10
12.84463024,80.22666168,75907,75917,10
12.84549046,80.22659302,75917,75927,10
12.84554958,80.22657776,75927,75937,10
12.84601974,80.22659302,75937,75947,10
12.84689045,80.22660065,75947,75957,10
12.84805965,80.22660065,75957,75967,10
12.84941959,80.22660828,75967,75977,10
12.85058975,80.22662354,75977,75988,11
12.85196018,80.22667694,75988,75998,10
12.85336018,80.22669983,75998,76008,10
12.85488033,80.22654724,76008,76018,10
12.85641956,80.22637939,76018,76028,10
12.85793018,80.22625732,76028,76038,10
12.85921955,80.22635651,76038,76048,10
12.86067009,80.22657776,76048,76058,10
12.86221027,80.22657776,76058,76068,10
12.86378002,80.22653961,76068,76079,11
12.86557961,80.22660828,76079,76089,10
12.86727047,80.22647095,76089,76099,10
12.86880016,80.2264328,76099,76108,9
12.87040043,80.22660828,76108,76119,11
12.87203979,80.2266922,76119,76129,10
12.87341976,80.22673798,76129,76139,10
12.87487984,80.22689819,76139,76149,10
12.87621021,80.22698212,76149,76159,10
12.87672043,80.22693634,76159,76170,11
12.87687969,80.22692108,76170,76180,10
12.87757015,80.22688293,76180,76190,10
12.87862968,80.22679901,76190,76200,10
12.87987995,80.22673798,76200,76210,10
12.88121986,80.22667694,76210,76220,10
12.88284016,80.22669983,76220,76230,10
12.88440037,80.2266922,76230,76240,10
12.88504028,80.22667694,76240,76250,10
12.88519001,80.22669983,76250,76261,11
12.88589954,80.22686005,76261,76271,10
12.88689041,80.22712708,76271,76281,10
12.88815975,80.22731018,76281,76291,10
12.88957024,80.2273407,76291,76301,10
12.8910799,80.2273407,76301,76311,10
12.89202023,80.22737885,76311,76321,10
12.89288044,80.22744751,76321,76331,10
12.89375019,80.22756958,76331,76341,10
12.8946104,80.22763824,76341,76352,11
12.89587975,80.22769165,76352,76362,10
12.89715958,80.22775269,76362,76372,10
12.8984499,80.22782898,76372,76382,10
12.89974022,80.2279129,76382,76392,10
12.90056038,80.22795105,76392,76453,61
12.90056038,80.22795105,76453,76463,10
12.90085983,80.22799683,76463,76473,10
12.90120029,80.22801971,76473,76483,10
12.90186977,80.22802734,76483,76493,10
12.90272045,80.22808075,76493,76503,10
12.90375996,80.22814941,76503,76513,10
12.90425968,80.22815704,76513,76523,10
12.90435028,80.22815704,76523,76534,11
12.90501022,80.22820282,76534,76544,10
12.90598011,80.22825623,76544,76554,10
12.90711975,80.22837067,76554,76564,10
12.90843964,80.22856903,76564,76574,10
12.90985966,80.2288208,76574,76584,10
12.91096973,80.22899628,76584,76594,10
12.91213989,80.22915649,76594,76604,10
12.91327953,80.22931671,76604,76614,10
12.91431046,80.22944641,76614,76625,11
12.91553974,80.229599,76625,76635,10
12.91664028,80.2297287,76635,76645,10
12.91777992,80.22988129,76645,76655,10
12.91895008,80.23005676,76655,76665,10
12.92010021,80.23021698,76665,76675,10
12.92125034,80.23036194,76675,76685,10
12.92226982,80.2305069,76685,76695,10
12.92319965,80.23065948,76695,76705,10
12.92416954,80.23078918,76705,76716,11
12.92535019,80.23092651,76716,76726,10
12.92638969,80.23104095,76726,76736,10
12.92731953,80.23116302,76736,76746,10
12.9282198,80.23126221,76746,76756,10
12.9291296,80.23142242,76756,76766,10
12.93008995,80.23165131,76766,76776,10
12.93099976,80.23191071,76776,76786,10
12.93202972,80.2322464,76786,76797,11
12.93309975,80.23262787,76797,76807,10
12.93397999,80.23301697,76807,76817,10
12.93480015,80.23339844,76817,76827,10
12.93548965,80.23370361,76827,76837,10
12.93603992,80.23397064,76837,76847,10
12.93682003,80.23435211,76847,76857,10
12.93768978,80.23477936,76857,76867,10
12.93879032,80.23532867,76867,76877,10
12.93978977,80.23581696,76877,76888,11
12.94095039,80.23613739,76888,76898,10
12.94182014,80.23634338,76898,76908,10
12.94254971,80.2365799,76908,76918,10
12.94334984,80.23710632,76918,76928,10
12.9439497,80.23777771,76928,76938,10
12.94456959,80.23847961,76938,76948,10
12.94524002,80.23914337,76948,76958,10
12.94602013,80.23957825,76958,76968,10
12.94686985,80.23992157,76968,76979,11
12.94766045,80.240242,76979,76989,10
12.94832039,80.24050903,76989,76999,10
12.94874001,80.24064636,76999,77019,20
12.94874001,80.24064636,77019,77029,10
12.94911957,80.24079132,77029,77039,10
12.94987011,80.24104309,77039,77049,10
12.95059013,80.24124908,77049,77059,10
12.95098019,80.24136353,77059,77070,11
12.95098972,80.24137115,77070,77080,10
12.95139027,80.241539,77080,77090,10
12.95205975,80.24178314,77090,77100,10
12.95279026,80.2420578,77100,77110,10
12.9535799,80.24237823,77110,77120,10
12.95429039,80.24266815,77120,77130,10
12.95485973,80.2428894,77130,77140,10
12.95553017,80.2431488,77140,77150,10
12.95617962,80.24340057,77150,77161,11
12.95637989,80.24347687,77161,77171,10
12.95683956,80.2436676,77171,77181,10
12.95748997,80.24394226,77181,77191,10
12.95814991,80.24420929,77191,77201,10
12.95870972,80.24445343,77201,77211,10
12.95893955,80.24456024,77211,77221,10
12.95948982,80.24481964,77221,77231,10
12.96026993,80.24516296,77231,77241,10
12.96121025,80.24559021,77241,77252,11
12.96207047,80.24600983,77252,77262,10
12.96275997,80.24633789,77262,77272,10
12.96352005,80.24671173,77272,77282,10
12.96424007,80.24701691,77282,77292,10
12.96492004,80.24727631,77292,77302,10
12.96568012,80.24752808,77302,77312,10
12.96636009,80.24781036,77312,77322,10
12.96662045,80.24791718,77322,77332,10
12.96695042,80.24812317,77332,77343,11
12.96772003,80.24846649,77343,77353,10
12.9686203,80.24881744,77353,77363,10
12.96944046,80.24913788,77363,77373,10
12.97021961,80.24944305,77373,77384,11
12.97113991,80.2497406,77384,77394,10
12.97204018,80.24997711,77394,77404,10
12.97290039,80.25022125,77404,77414,10
12.97369957,80.25042725,77414,77424,10
12.97443962,80.25063324,77424,77435,11
12.97533989,80.25089264,77435,77445,10
12.97609997,80.25110626,77445,77455,10
12.97673988,80.25128937,77455,77464,9
12.97760963,80.25173187,77464,77475,11
12.97842026,80.25237274,77475,77485,10
12.97961998,80.2526474,77485,77546,61
12.97961998,80.2526474,77546,77556,10
12.97976971,80.25270844,77556,77566,10
12.98001957,80.25272369,77566,77576,10
12.98060036,80.25269318,77576,77586,10
12.98149967,80.2526474,77586,77596,10
12.98239994,80.25260925,77596,77606,10
12.98330975,80.25253296,77606,77617,11
12.9840498,80.25234222,77617,77627,10
12.98490047,80.25209808,77627,77637,10
12.98552036,80.25190735,77637,77647,10
12.98600006,80.25177002,77647,77657,10
12.98647976,80.25167847,77657,77667,10
12.98696995,80.25154114,77667,77677,10
12.98731995,80.25141907,77677,77687,10
12.98771,80.25138092,77687,77697,10
12.98791981,80.25182343,77697,77708,11
12.98797989,80.25202179,77708,77718,10
12.98797989,80.25251007,77718,77728,10
12.98791981,80.25328827,77728,77738,10
12.98787975,80.25395966,77738,77778,40
12.98785973,80.25415802,77778,77809,31
12.98785973,80.25415802,77809,77819,10
12.98779964,80.25440979,77819,77829,10
12.98777962,80.25475311,77829,77839,10
12.98775005,80.25507355,77839,77849,10
12.98770046,80.25543213,77849,77859,10
12.98771954,80.25579071,77859,77869,10
12.98797035,80.25583649,77869,77880,11
12.98859024,80.25589752,77880,77890,10
12.98873997,80.25592041,77890,77900,10
12.9893198,80.25598907,77900,77910,10
12.99007988,80.25601959,77910,77920,10
12.9905901,80.25601959,77920,77930,10
12.99114037,80.25604248,77930,77940,10
12.99166965,80.25605011,77940,77950,10
12.99230957,80.25605774,77950,77960,10
12.99328041,80.25601959,77960,77971,11
12.99444008,80.25592804,77971,77981,10
12.9953804,80.25592041,77981,77991,10
12.99610043,80.25592041,77991,78001,10
12.99658966,80.25589752,78001,78011,10
12.9969902,80.25591278,78011,78021,10
12.99726009,80.25589752,78021,78031,10
12.99752998,80.25592041,78031,78153,122
12.99779034,80.25618744,78153,78375,222
12.99779034,80.25618744,78375,78385,10
12.99790001,80.25666809,78385,78810,425
12.99790001,80.25666809,78810,78820,10
12.99783993,80.25672913,78820,78830,10
12.99775028,80.25695038,78830,78840,10
12.99757004,80.25704956,78840,78850,10
12.99742031,80.25720978,78850,83856,5006
12.99748039,80.25713348,83856,84918,1062
12.99719048,80.25705719,84918,84989,71
12.99682999,80.25702667,84989,85768,779
12.99682999,80.25702667,85768,85778,10
12.99707031,80.2569809,85778,85818,40
