12.99409008,80.25610352,19,24372,24353
12.99409008,80.25610352,24372,24381,9
13.01959038,80.22429657,24381,24392,11
13.01961994,80.22470093,24392,24402,10
13.02027988,80.22470093,24402,24413,11
13.02087021,80.22503662,24413,24423,10
13.02099991,80.22570038,24423,24433,10
13.02198982,80.22605133,24433,24443,10
13.02266026,80.22653961,24443,24453,10
13.02338028,80.22711945,24453,24463,10
13.02414036,80.22782898,24463,24473,10
13.02460957,80.22841644,24473,24489,16
13.02453995,80.22885895,24489,24501,12
13.02490997,80.22913361,24501,24510,9
13.02530003,80.22966003,24510,24516,6
13.02556038,80.23005676,24516,24517,1
13.02562046,80.23013306,24517,24568,51
13.02880001,80.23091888,24568,24578,10
13.02902031,80.23087311,24578,24588,10
13.02900028,80.23085022,24588,24598,10
13.02927017,80.23084259,24598,24608,10
13.02954006,80.2307663,24608,24619,11
13.02995968,80.23072815,24619,24630,11
13.03061962,80.23069763,24630,24640,10
13.03083038,80.23059082,24640,24650,10
13.03063011,80.23027039,24650,24661,11
13.03026962,80.22959137,24661,24673,12
13.02997971,80.22895813,24673,24683,10
13.03011036,80.22841644,24683,24693,10
13.03011036,80.22825623,24693,24703,10
13.03034019,80.22808838,24703,24713,10
13.0304203,80.22769928,24713,24723,10
13.03024006,80.2274704,24723,24733,10
13.0296402,80.22736359,24733,24744,11
13.02904034,80.22725677,24744,24754,10
13.02875042,80.22721863,24754,24764,10
13.02865028,80.22717285,24764,24774,10
13.02828026,80.22708893,24774,24784,10
13.02793026,80.22698975,24784,24795,11
13.02799988,80.22638702,24795,24805,10
13.02820015,80.22554779,24805,24815,10
13.02840996,80.22471619,24815,24825,10
13.02853966,80.22406769,24825,24835,10
13.02873993,80.22400665,24835,24846,11
13.02888012,80.22405243,24846,24856,10
13.02927017,80.22425842,24856,24866,10
13.02997971,80.22425842,24866,24876,10
13.03069019,80.22425842,24876,24886,10
13.03114033,80.22412109,24886,24896,10
13.03116035,80.22355652,24896,24906,10
13.03122044,80.2232132,24906,24916,10
13.03125954,80.22312927,24916,24926,10
13.03137016,80.22267151,24926,24936,10
13.03162956,80.22223663,24936,24946,10
13.0317297,80.22196198,24946,24957,11
13.03199005,80.2213974,24957,24967,10
13.0321703,80.2206192,24967,24977,10
13.03221035,80.2199173,24977,24987,10
13.03223038,80.21980286,24987,24997,10
13.03227997,80.21959686,24997,25007,10
13.03225994,80.21904755,25007,25017,10
13.03211975,80.21848297,25017,25027,10
13.03157997,80.21832275,25027,25037,10
13.03149986,80.21762848,25037,25047,10
13.03143024,80.21707916,25047,25058,11
13.03118992,80.21697235,25058,25068,10
13.03069019,80.21695709,25068,25078,10
13.03052044,80.21674347,25078,25088,10
13.03050995,80.21672058,25088,25098,10
13.03044987,80.21630859,25098,25114,16
13.03040028,80.21582794,25114,25126,12
13.0304203,80.21515656,25126,25134,8
13.03040981,80.21468353,25134,25146,12
13.03044987,80.21447754,25146,25156,10
13.03048038,80.21405792,25156,25166,10
13.03055,80.21365356,25166,25177,11
13.03059959,80.21337128,25177,25187,10
13.03063965,80.21289063,25187,25197,10
13.03075027,80.21217346,25197,25207,10
13.03083992,80.21164703,25207,25217,10
13.03087997,80.21134949,25217,25226,9
13.03089046,80.21105194,25226,25237,11
13.03096962,80.2106781,25237,25247,10
13.03102016,80.21018982,25247,25257,10
13.03085995,80.21002197,25257,25267,10
13.03052044,80.20993042,25267,25278,11
13.0300703,80.2097702,25278,25288,10
13.03015041,80.20922089,25288,25338,50
13.03015041,80.20922089,25338,25348,10
13.0304203,80.20903778,25348,25358,10
13.03108978,80.209198,25358,25368,10
13.03159046,80.20941925,25368,25378,10
13.03160954,80.20944977,25378,25389,11
13.03184986,80.20951843,25389,25399,10
13.03227997,80.20954132,25399,25409,10
13.03310013,80.20967865,25409,25419,10
13.03404999,80.20987701,25419,25429,10
13.03491974,80.2099762,25429,25439,10
13.03518963,80.20935059,25439,25449,10
13.0352602,80.20864868,25449,25459,10
13.03530025,80.20850372,25459,25469,10
13.03536987,80.20802307,25469,25479,10
13.03549957,80.20723724,25479,25489,10
13.03565025,80.20636749,25489,25507,18
13.03586006,80.20496368,25507,25519,12
13.03598976,80.20407867,25519,25529,10
13.03612041,80.20340729,25529,25539,10
13.03625965,80.20230103,25539,25549,10
13.0363102,80.20169067,25549,25559,10
13.03631973,80.20163727,25559,25569,10
13.03637981,80.20131683,25569,25579,10
13.03649044,80.20066071,25579,25589,10
13.03666019,80.19979095,25589,25599,10
13.03676033,80.1989212,25599,25610,11
13.03680038,80.19835663,25610,25620,10
13.03680992,80.19830322,25620,25630,10
13.03689957,80.19785309,25630,25640,10
13.03701973,80.19715881,25640,25650,10
13.03711033,80.19648743,25650,25660,10
13.03713989,80.1963501,25660,25670,10
13.03717995,80.19599152,25670,25680,10
13.03726006,80.19538116,25680,25690,10
13.03740978,80.19450378,25690,25700,10
13.03754044,80.19355011,25700,25711,11
13.03763962,80.19288635,25711,25721,10
13.03800964,80.19274139,25721,25731,10
13.03878975,80.19284821,25731,25751,20
13.03878975,80.19284821,25751,25761,10
13.03913021,80.19291687,25761,25771,10
13.03967953,80.19303131,25771,25781,10
13.04041958,80.19312286,25781,25791,10
13.04121017,80.1932373,25791,25801,10
13.04174995,80.19335938,25801,25811,10
13.04176998,80.19381714,25811,25822,11
13.04176044,80.19400024,25822,25832,10
13.04170036,80.19450378,25832,25842,10
13.04162025,80.19516754,25842,25852,10
13.04146004,80.19589996,25852,25862,10
13.04144001,80.19638824,25862,25872,10
13.04139996,80.19671631,25872,25882,10
13.0413599,80.19693756,25882,25892,10
13.04129028,80.19744873,25892,25902,10
13.04117966,80.19802094,25902,25912,10
13.04104042,80.19879913,25912,25922,10
13.04100037,80.19933319,25922,25933,11
13.04092979,80.1999588,25933,25943,10
13.04084015,80.20069885,25943,25953,10
13.04073048,80.2014389,25953,25963,10
13.04063988,80.20198059,25963,25973,10
13.04061985,80.20246124,25973,25983,10
13.04036045,80.20329285,25983,25993,10
13.04030991,80.20423889,25993,26003,10
13.04049969,80.20510101,26003,26054,51
13.04049969,80.20510101,26054,26064,10
13.04166031,80.2053299,26064,26074,10
13.0427599,80.20587921,26074,26084,10
13.04329014,80.2062912,26084,26094,10
13.04382038,80.20722198,26094,26104,10
13.04395008,80.207901,26104,26114,10
13.04403973,80.20870209,26114,26124,10
13.04417038,80.20908356,26124,26134,10
13.04417038,80.20918274,26134,26145,11
13.04413986,80.2097168,26145,26155,10
13.04419041,80.21053314,26155,26165,10
13.04428005,80.21140289,26165,26175,10
13.04434967,80.21208954,26175,26185,10
13.04438972,80.21219635,26185,26195,10
13.04465008,80.21222687,26195,26205,10
13.04528999,80.21221161,26205,26215,10
13.04617977,80.2121582,26215,26225,10
13.0469799,80.21212006,26225,26235,10
13.04708958,80.21201324,26235,26245,10
13.04701996,80.2118988,26245,26256,11
13.04701042,80.21174622,26256,26272,16
13.0469799,80.21087646,26272,26284,12
13.04751015,80.21080017,26284,26294,10
13.04804039,80.21080017,26294,26302,8
13.0485096,80.21080017,26302,26314,12
13.04932976,80.21083069,26314,26324,10
13.04969025,80.21076965,26324,26334,10
13.0496397,80.2100296,26334,26344,10
13.04953957,80.20928192,26344,26354,10
13.04942036,80.20845795,26354,26364,10
13.04913998,80.20770264,26364,26375,11
13.04889965,80.20717621,26375,26395,20
13.04889965,80.20717621,26395,26405,10
13.04905987,80.20688629,26405,26439,34
13.04905987,80.20688629,26439,26449,10
13.04928017,80.2068634,26449,26893,444
13.04944038,80.20716858,26893,26984,91
13.04944038,80.20716858,26984,26994,10
13.04934025,80.20716095,26994,27055,61
13.04934025,80.20716095,27055,27065,10
13.04934025,80.2071991,27065,27146,81
13.04934025,80.2071991,27146,27156,10
13.0493803,80.20703888,27156,27327,171
13.04944992,80.20693207,27327,27378,51
13.04951,80.20696259,27378,27398,20
13.04940033,80.2071991,27398,27720,322
13.04940033,80.2071991,27720,27730,10
13.04932022,80.20717621,27730,27740,10
13.04932976,80.20709991,27740,27781,41
13.04932976,80.20709991,27781,27791,10
13.04936981,80.20726013,27791,27831,40
13.04936981,80.20726013,27831,27841,10
13.04924965,80.20728302,27841,27851,10
13.04922009,80.20728302,27851,27861,10
13.04909992,80.2075119,27861,27871,10
13.04916954,80.20789337,27871,27882,11
13.04932022,80.20845795,27882,27892,10
13.04946995,80.20908356,27892,27902,10
13.04957008,80.20977783,27902,27912,10
13.04967022,80.21041107,27912,27922,10
13.04975986,80.2110672,27922,27932,10
13.04983997,80.21173096,27932,27962,30
13.04983997,80.21173096,27962,27972,10
13.04988956,80.21183777,27972,27982,10
13.04990005,80.21204376,27982,27993,11
13.04983044,80.2121582,27993,28002,9
13.04961014,80.21214294,28002,28013,11
13.04932976,80.21218872,28013,28033,20
13.04932976,80.21218872,28033,28043,10
13.04899025,80.2121582,28043,28053,10
13.04835033,80.21219635,28053,28063,10
13.04749966,80.21227264,28063,28073,10
13.0465498,80.21230316,28073,28083,10
13.04553032,80.21233368,28083,28093,10
13.04465008,80.21234894,28093,28104,11
13.04444027,80.21234131,28104,28114,10
13.04432964,80.21208954,28114,28124,10
13.04428005,80.21143341,28124,28134,10
13.04426956,80.21064758,28134,28144,10
13.04421043,80.20980835,28144,28154,10
13.04415989,80.20916748,28154,28164,10
13.04415989,80.20889282,28164,28174,10
13.04413986,80.20884705,28174,28184,10
13.04413986,80.20851898,28184,28194,10
13.04409981,80.20787811,28194,28204,10
13.04380035,80.20716095,28204,28215,11
13.04329967,80.20645905,28215,28225,10
13.0427599,80.20574951,28225,28235,10
13.04216003,80.20533752,28235,28245,10
13.0415802,80.20522308,28245,28255,10
13.0412302,80.20517731,28255,28265,10
13.04090023,80.20511627,28265,28275,10
13.0408802,80.20511627,28275,28285,10
13.0406599,80.20510101,28285,28295,10
13.04018021,80.20500946,28295,28305,10
13.03956985,80.20491791,28305,28316,11
13.03894043,80.20481873,28316,28326,10
13.03829002,80.20472717,28326,28336,10
13.03818035,80.20446014,28336,28346,10
13.03824043,80.20394135,28346,28356,10
13.03835011,80.20327759,28356,28366,10
13.03843021,80.20276642,28366,28376,10
13.03851032,80.20243835,28376,28386,10
13.03855991,80.20202637,28386,28396,10
13.03862953,80.20153809,28396,28406,10
13.03870964,80.20098877,28406,28416,10
13.0388298,80.20030212,28416,28427,11
13.0389204,80.19960785,28427,28437,10
13.03897953,80.19921112,28437,28447,10
13.03901005,80.19898224,28447,28457,10
13.03907967,80.19847107,28457,28467,10
13.0391798,80.19777679,28467,28477,10
13.03925991,80.19719696,28477,28487,10
13.03929996,80.19689941,28487,28497,10
13.03931999,80.19676208,28497,28507,10
13.03936958,80.19645691,28507,28517,10
13.03942966,80.19599152,28517,28527,10
13.03950977,80.19538879,28527,28544,17
13.03969955,80.19400787,28544,28556,12
13.03983021,80.19329834,28556,28576,20
13.03983021,80.19329834,28576,28586,10
13.0396204,80.19300842,28586,28596,10
13.03946018,80.19299316,28596,28604,8
13.03868008,80.19284821,28604,28627,23
13.03868008,80.19284821,28627,28638,11
13.0385704,80.19275665,28638,28649,11
13.03822041,80.19275665,28649,28659,10
13.03771973,80.19290924,28659,28667,8
13.03759003,80.1934967,28667,28679,12
13.03744984,80.19450378,28679,28688,9
13.03736019,80.19522095,28688,28699,11
13.03726006,80.19599915,28699,28718,19
13.03726006,80.19599915,28718,28729,11
13.03719044,80.19634247,28729,28739,10
13.03709984,80.19683838,28739,28750,11
13.0369997,80.19757843,28750,28760,10
13.03687954,80.19819641,28760,28770,10
13.03684044,80.19863129,28770,28780,10
13.03682995,80.19867706,28780,28790,10
13.03678989,80.19883728,28790,28800,10
13.03672028,80.19927979,28800,28810,10
13.03664017,80.19994354,28810,28820,10
13.03656006,80.20075226,28820,28830,10
13.0364399,80.2014389,28830,28839,9
13.03639984,80.201828,28839,28860,21
13.03639984,80.201828,28860,28871,11
13.03635979,80.20214844,28871,28881,10
13.03631973,80.20259857,28881,28891,10
13.03625965,80.20308685,28891,28941,50
13.03625965,80.20308685,28941,28951,10
13.03619003,80.20333862,28951,28961,10
13.03610039,80.20379639,28961,28972,11
13.03600025,80.20449829,28972,28982,10
13.03588009,80.20517731,28982,28992,10
13.03579998,80.20578766,28992,29002,10
13.03577995,80.20588684,29002,29012,10
13.0357399,80.2061615,29012,29022,10
13.03565979,80.20674133,29022,29032,10
13.03555965,80.20754242,29032,29042,10
13.03542995,80.20842743,29042,29062,20
13.03542995,80.20842743,29062,29072,10
13.03534031,80.20874786,29072,29083,11
13.03524971,80.20941925,29083,29093,10
13.03514957,80.21019745,29093,29103,10
13.03489017,80.21092987,29103,29113,10
13.03476048,80.21183014,29113,29123,10
13.03437996,80.21208191,29123,29133,10
13.03363037,80.21198273,29133,29143,10
13.03279018,80.21192169,29143,29153,10
13.03256035,80.21188354,29153,29163,10
13.03252983,80.2118988,29163,29173,10
13.03213978,80.21183777,29173,29183,10
13.03195,80.21135712,29183,29194,11
13.0320797,80.21045685,29194,29204,10
13.03211975,80.20970154,29204,29213,9
13.03162003,80.20955658,29213,29224,11
13.03071976,80.20928192,29224,29234,10
13.0300703,80.2094574,29234,29254,20
13.0300703,80.2094574,29254,29263,9
13.03001976,80.20973969,29263,29273,10
13.03034973,80.21005249,29273,29284,11
13.03102016,80.21009827,29284,29295,11
13.03102016,80.21031952,29295,29305,10
13.03094006,80.21077728,29305,29315,10
13.03087997,80.21112061,29315,29325,10
13.03081036,80.21154022,29325,29335,10
13.03077984,80.21183777,29335,29345,10
13.03069019,80.21234131,29345,29355,10
13.03059959,80.21302795,29355,29365,10
13.03050995,80.21350098,29365,29375,10
13.03048038,80.21376038,29375,29385,10
13.0304203,80.21417999,29385,29395,10
13.03036976,80.21466064,29395,29406,11
13.03036022,80.21472168,29406,29416,10
13.03036022,80.21488953,29416,29426,10
13.03036022,80.21543884,29426,29436,10
13.03040981,80.2159729,29436,29446,10
13.03044987,80.21659088,29446,29456,10
13.03061962,80.21692657,29456,29466,10
13.03071976,80.21695709,29466,29476,10
13.03085995,80.2170105,29476,29486,10
13.03122044,80.21697235,29486,29496,10
13.03149986,80.21707916,29496,29506,10
13.03151989,80.21759033,29506,29517,11
13.03164005,80.21833038,29517,29527,10
13.03211975,80.21842957,29527,29537,10
13.03223991,80.21887207,29537,29547,10
13.03223991,80.21949768,29547,29557,10
13.0322504,80.22012329,29557,29567,10
13.0322504,80.22029114,29567,29577,10
13.03219986,80.22039032,29577,29587,10
13.03211975,80.22080994,29587,29597,10
13.03197956,80.22145081,29597,29607,10
13.03168011,80.22209167,29607,29617,10
13.03131962,80.22270203,29617,29628,11
13.03116035,80.2233963,29628,29638,10
13.03116035,80.22383881,29638,29648,10
13.03116035,80.22386932,29648,29658,10
13.03110027,80.22408295,29658,29667,9
13.03092003,80.22428131,29667,29678,11
13.03026962,80.22429657,29678,29688,10
13.02956009,80.22431183,29688,29698,10
13.02904987,80.22422791,29698,29708,10
13.02902985,80.22422028,29708,29718,10
13.02898026,80.22419739,29718,29729,11
13.02865982,80.22403717,29729,29739,10
13.02842045,80.22440338,29739,29749,10
13.02826023,80.22515869,29749,29759,10
13.02807999,80.22598267,29759,29769,10
13.0279398,80.2266922,29769,29779,10
13.02797985,80.22696686,29779,29789,10
13.02826023,80.22708893,29789,29799,10
13.02863979,80.22717285,29799,29809,10
13.02877998,80.22721863,29809,29819,10
13.0291996,80.22728729,29819,29829,10
13.02978039,80.22737122,29829,29840,11
13.03036976,80.22749329,29840,29850,10
13.03044987,80.22773743,29850,29860,10
13.03040981,80.22810364,29860,29870,10
13.03038025,80.2281723,29870,29880,10
13.03036976,80.22825623,29880,29890,10
13.03036022,80.22870636,29890,29900,10
13.03034019,80.22926331,29900,29910,10
13.03055954,80.22987366,29910,29920,10
13.03069019,80.23034668,29920,29930,10
13.03071022,80.23059082,29930,29940,10
13.03071022,80.2306366,29940,29951,11
13.03063011,80.23074341,29951,29961,10
13.03022003,80.23078156,29961,29971,10
13.02982044,80.23079681,29971,29981,10
13.02980995,80.23079681,29981,29991,10
13.02972031,80.2308197,29991,30001,10
13.02939987,80.23085785,30001,30011,10
13.0288496,80.23085785,30011,30021,10
13.02820015,80.2309494,30021,30031,10
13.02775002,80.23098755,30031,30041,10
13.02766991,80.23136139,30041,30051,10
13.02773952,80.23191833,30051,30061,10
13.02750015,80.23233795,30061,30395,334
13.02750015,80.23233795,30395,30405,10
13.01648045,80.22550964,30405,30415,10
13.01576042,80.22570038,30415,30425,10
13.01508045,80.22595978,30425,30435,10
13.01451969,80.22619629,30435,30465,30
13.01451969,80.22619629,30465,30475,10
13.01406002,80.22637177,30475,30485,10
13.01406002,80.22637177,30485,30496,11
13.01344967,80.22660828,30496,30506,10
13.01272011,80.22686768,30506,30516,10
13.01202011,80.22724915,30516,30526,10
13.0112896,80.22747803,30526,30536,10
13.01058006,80.2277832,30536,30546,10
13.00990963,80.22801971,30546,30556,10
13.00924969,80.22841644,30556,30564,8
13.00909996,80.22899628,30564,30576,12
13.00893021,80.22979736,30576,30586,10
13.00883007,80.23049927,30586,30596,10
13.00876999,80.23071289,30596,30607,11
13.00876999,80.23075867,30607,30617,10
13.00870037,80.23116302,30617,30627,10
13.00858974,80.23168945,30627,30637,10
13.00841999,80.23258209,30637,30647,10
13.00831032,80.23326111,30647,30657,10
13.00825977,80.23358917,30657,30677,20
13.00825977,80.23358917,30677,30687,10
13.00817013,80.23377991,30687,30697,10
13.00807953,80.23426819,30697,30707,10
13.00794983,80.23490143,30707,30718,11
13.00778961,80.23574066,30718,30728,10
13.00761986,80.23647308,30728,30738,10
13.00747967,80.23721313,30738,30748,10
13.00734997,80.23793793,30748,30758,10
13.0072298,80.23867798,30758,30768,10
13.00706005,80.23948669,30768,30778,10
13.00695992,80.24028778,30778,30788,10
13.00689983,80.24067688,30788,30808,20
13.00689983,80.24067688,30808,30818,10
13.00685024,80.24088287,30818,30829,11
13.00673962,80.24147797,30829,30839,10
13.00671959,80.24226379,30839,30855,16
13.00669003,80.24362946,30855,30867,12
13.00667953,80.24476624,30867,30877,10
13.00669003,80.24572754,30877,30887,10
13.00671959,80.24649811,30887,30897,10
13.00671959,80.24726105,30897,30907,10
13.00671005,80.24806976,30907,30917,10
13.00677967,80.24893188,30917,30927,10
13.00685978,80.24964142,30927,30947,20
13.00685978,80.24964142,30947,30958,11
13.00683022,80.24993896,30958,30968,10
13.00683975,80.25054169,30968,30978,10
13.00683975,80.25128174,30978,30988,10
13.00667953,80.25202179,30988,30998,10
13.00656033,80.25280762,30998,31008,10
13.00652981,80.25373077,31008,31018,10
13.00656986,80.25463867,31018,31028,10
13.00660992,80.25502014,31028,31049,21
13.00666046,80.25512695,31049,31079,30
13.00666046,80.25512695,31079,31089,10
13.00675011,80.25721741,31089,31099,10
13.00675011,80.25726318,31099,31129,30
13.00675011,80.25726318,31129,31139,10
13.00673962,80.25736237,31139,31150,11
13.00675011,80.25730133,31150,31160,10
13.00675011,80.25736237,31160,31170,10
13.00660992,80.25750732,31170,31180,10
13.00654984,80.25776672,31180,31190,10
13.00586033,80.2576828,31190,31200,10
13.00524998,80.25737,31200,31210,10
13.00457954,80.25714874,31210,31220,10
13.00387955,80.25701141,31220,31230,10
13.00308037,80.25682068,31230,31240,10
13.00273991,80.25675964,31240,31256,16
13.00209999,80.25662994,31256,31269,13
13.0012598,80.25653076,31269,31279,10
13.00012016,80.25636292,31279,31299,20
13.00012016,80.25636292,31299,31307,8
13.00004005,80.25630951,31307,31319,12
12.99991989,80.25626373,31319,31329,10
12.99962044,80.25621796,31329,31337,8
12.99915028,80.25614166,31337,31349,12
12.99872017,80.25605011,31349,31359,10
12.9982996,80.25602722,31359,31369,10
12.99796009,80.2559967,31369,31380,11
12.99744987,80.2559433,31380,31390,10
12.99703979,80.25591278,31390,31400,10
12.99687958,80.2563324,31400,31410,10
12.99682999,80.25678253,31410,31420,10
12.99682999,80.25681305,31420,31430,10
12.9967804,80.25713348,31430,31440,10
12.99672985,80.25776672,31440,31450,10
12.99664021,80.25850677,31450,31460,10
12.9965601,80.25926971,31460,31470,10
12.99647999,80.26000977,31470,31481,11
12.99639034,80.26096344,31481,31491,10
12.99631977,80.26171875,31491,31501,10
12.99627972,80.26216888,31501,31511,10
12.99623966,80.26245117,31511,31521,10
12.99623013,80.26251984,31521,31531,10
12.99615002,80.26296997,31531,31541,10
12.99612045,80.26357269,31541,31551,10
12.99604988,80.26428223,31551,31561,10
12.99596977,80.2650528,31561,31571,10
12.99584961,80.26593018,31571,31581,10
12.99571991,80.26696014,31581,31591,10
12.99573994,80.26766968,31591,31602,11
12.99619007,80.26782227,31602,31618,16
12.99621964,80.2678299,31618,31630,12
12.99685001,80.26799011,31630,31640,10
12.99755001,80.26760864,31640,31649,9
12.99800968,80.2674408,31649,31660,11
12.99859047,80.26725769,31660,31670,10
12.99932003,80.2670517,31670,31680,10
13.00016022,80.26651001,31680,31701,21
13.00016022,80.26651001,31701,31710,9
13.00018024,80.26641846,31710,31721,11
13.0002203,80.26605988,31721,31731,10
13.00026035,80.26571655,31731,31852,121
13.00030041,80.26599884,31852,31953,101
13.00030041,80.26602936,31953,32569,616
13.00028038,80.26602173,32569,32609,40
13.00028038,80.26602173,32609,32619,10
13.00034046,80.26583862,32619,32629,10
13.00034046,80.26600647,32629,32639,10
13.00030041,80.26641083,32639,32658,19
13.00020981,80.26644135,32658,32700,42
13.00020981,80.26644135,32700,32710,10
13.00030041,80.26641846,32710,32730,20
13.00039959,80.26656342,32730,32791,61
13.00039959,80.26656342,32791,32800,9
12.99794006,80.26754761,32800,32811,11
12.99703979,80.2678299,32811,32821,10
12.99633026,80.26789856,32821,32831,10
12.99565983,80.26761627,32831,32881,50
12.99565983,80.26761627,32881,32891,10
12.99569988,80.26728821,32891,32901,10
12.99575996,80.26687622,32901,32911,10
12.99582005,80.26622009,32911,32922,11
12.99590969,80.26538849,32922,32932,10
12.99598026,80.26464081,32932,32942,10
12.9960804,80.26384735,32942,32952,10
12.99615955,80.26306152,32952,32962,10
12.99623966,80.26252747,32962,32972,10
12.99621964,80.26220703,32972,32982,10
12.99565029,80.26119232,32982,32992,10
12.99514008,80.26029205,32992,33002,10
12.99639988,80.26172638,33002,33012,10
12.99641991,80.26117706,33012,33022,10
12.99648952,80.26064301,33022,33033,11
12.99654961,80.25991058,33033,33043,10
12.99662018,80.25932312,33043,33053,10
12.99668026,80.25858307,33053,33063,10
12.99672985,80.25782776,33063,33073,10
12.99680042,80.25717926,33073,33083,10
12.99685001,80.25672913,33083,33093,10
12.99687958,80.25608063,33093,33144,51
12.99687958,80.25608063,33144,33154,10
12.99703979,80.25615692,33154,33192,38
12.99703979,80.25615692,33192,33202,10
12.99707985,80.25583649,33202,33212,10
12.99757957,80.25589752,33212,33232,20
12.99757957,80.25589752,33232,33242,10
12.9976902,80.25595093,33242,33253,11
12.99771023,80.25617981,33253,33262,9
12.99771023,80.25646973,33262,33273,11
12.99755955,80.25686646,33273,33282,9
12.99720001,80.25691986,33282,33324,42
12.99701977,80.25697327,33324,33405,81
12.99701977,80.25697327,33405,33415,10
12.99697971,80.25691986,33415,33496,81
12.99697971,80.25691986,33496,33506,10
12.99701023,80.25694275,33506,33526,20
12.99695015,80.25686646,33526,33637,111
12.99695015,80.25686646,33637,33647,10
12.99695015,80.25691223,33647,33718,71
12.99695015,80.25691223,33718,33728,10
12.99736023,80.25678253,33728,33738,10
12.99761963,80.25673676,33738,33768,30
12.99765015,80.25672913,33768,33799,31
12.99765015,80.25672913,33799,33809,10
12.99767971,80.25665283,33809,33829,20
12.99765968,80.25665283,33829,33900,71
12.99775028,80.25663757,33900,33920,20
12.99775028,80.25663757,33920,33930,10
12.99767971,80.25675964,33930,33970,40
12.99767971,80.25675964,33970,33980,10
12.99771976,80.25652313,33980,33990,10
12.99775028,80.25608063,33990,34021,31
12.99775028,80.25608063,34021,34031,10
12.99779034,80.25595093,34031,34041,10
12.9980402,80.2559433,34041,34051,10
12.99880028,80.25598145,34051,34081,30
12.99878025,80.25588989,34081,34101,20
12.99878025,80.25588989,34101,34111,10
12.99886036,80.2559967,34111,34121,10
12.99888992,80.25598145,34121,34132,11
12.99925041,80.25608826,34132,34162,30
12.99925041,80.25608826,34162,34172,10
12.99925995,80.25605774,34172,34182,10
12.99923992,80.25611877,34182,34192,10
12.99925995,80.2561264,34192,34202,10
12.99964046,80.25617981,34202,34212,10
13.00024986,80.25627899,34212,34222,10
13.00104046,80.25640869,34222,34232,10
13.00177956,80.25652313,34232,34243,11
13.00261021,80.2567215,34243,34253,10
13.00290012,80.25681305,34253,34263,10
13.00323009,80.25679779,34263,34273,10
13.00409985,80.25695038,34273,34283,10
13.00489044,80.25708771,34283,34293,10
13.00537014,80.25713348,34293,34303,10
13.00592041,80.25717926,34303,34313,10
13.00646019,80.2572937,34313,34323,10
13.00650978,80.25685883,34323,34333,10
13.00648022,80.25617981,34333,34343,10
13.00652981,80.25524902,34343,34354,11
13.00656033,80.25431061,34354,34364,10
13.0065403,80.25346375,34364,34374,10
13.00652027,80.25325775,34374,34384,10
13.00650024,80.25315094,34384,34394,10
13.00650024,80.25273895,34394,34404,10
13.00656986,80.25212097,34404,34465,61
13.00656986,80.25212097,34465,34475,10
13.00667953,80.25198364,34475,34485,10
13.00675011,80.25144196,34485,34495,10
13.0067997,80.25073242,34495,34505,10
13.0067997,80.24992371,34505,34515,10
13.0067997,80.24951935,34515,34525,10
13.00677967,80.24919128,34525,34535,10
13.00664997,80.24819946,34535,34555,20
13.00664043,80.24797821,34555,34596,41
13.00664043,80.24797821,34596,34606,10
13.00664043,80.24755859,34606,34616,10
13.00658035,80.24655914,34616,34656,40
13.00658035,80.24655914,34656,34666,10
13.00662041,80.24643707,34666,34677,11
13.00664043,80.24597931,34677,34687,10
13.00662994,80.24530792,34687,34697,10
13.00662041,80.24481964,34697,34707,10
13.00658035,80.24433899,34707,34717,10
13.00658989,80.24375916,34717,34727,10
13.00654984,80.24311066,34727,34737,10
13.00654984,80.24227905,34737,34747,10
13.00656033,80.24186707,34747,34757,10
13.00658035,80.24176788,34757,34767,10
13.00658035,80.24137878,34767,34777,10
13.00667953,80.2405014,34777,34798,21
13.00667953,80.2405014,34798,34808,10
13.00673962,80.24011993,34808,34818,10
13.00685024,80.23959351,34818,34828,10
13.00702,80.23872375,34828,34838,10
13.00722027,80.23786163,34838,34848,10
13.00739956,80.23677826,34848,34868,20
13.00739956,80.23677826,34868,34878,10
13.00743961,80.23661804,34878,34888,10
13.00755978,80.2361908,34888,34899,11
13.00771999,80.23547363,34899,34909,10
13.00782013,80.23497009,34909,34919,10
13.00792027,80.23441315,34919,34929,10
13.00809956,80.23361206,34929,34939,10
13.0082798,80.23269653,34939,34949,10
13.00848961,80.23165131,34949,34959,10
13.00870037,80.2305603,34959,34969,10
13.00889969,80.22940826,34969,34979,10
13.00911999,80.22844696,34979,34989,10
13.00946045,80.22749329,34989,34999,10
13.00984955,80.22663879,34999,35010,11
13.01029968,80.22569275,35010,35020,10
13.01056957,80.22511292,35020,35030,10
13.01082039,80.22451782,35030,35040,10
13.01111031,80.22383118,35040,35050,10
13.0113802,80.2231369,35050,35060,10
13.01165962,80.22239685,35060,35070,10
13.01191044,80.2216568,35070,35080,10
13.01208019,80.22149658,35080,35090,10
13.01226997,80.22142029,35090,35100,10
13.01237965,80.22158051,35100,35110,10
13.01259995,80.22203827,35110,35121,11
13.01331997,80.22274017,35121,35131,10
13.01401043,80.22337341,35131,35151,20
13.01401043,80.22337341,35151,35161,10
13.0142498,80.22364044,35161,35171,10
13.01455021,80.22389221,35171,35181,10
13.01496029,80.22441101,35181,35191,10
13.0153904,80.22492218,35191,35221,30
13.0153904,80.22492218,35221,35232,11
13.01554966,80.22512817,35232,35242,10
13.01591969,80.22535706,35242,35252,10
13.01650047,80.2253418,35252,35262,10
13.01727962,80.22499847,35262,35272,10
13.01815987,80.22463226,35272,35282,10
13.01893997,80.22434235,35282,35292,10
13.01924992,80.22428131,35292,35302,10
13.01926041,80.22418976,35302,35312,10
13.01914978,80.22408295,35312,35322,10
13.01912022,80.22402954,35322,35333,11
13.01941013,80.22428131,35333,35343,10
13.01984978,80.22454834,35343,35353,10
13.02031994,80.22493744,35353,35369,16
13.02105999,80.22550964,35369,35381,12
13.02171993,80.22605133,35381,35391,10
13.02219963,80.22644043,35391,35401,10
13.02291965,80.22699738,35401,35411,10
13.02342987,80.22736359,35411,35421,10
13.02375984,80.22792053,35421,35431,10
13.02404022,80.22831726,35431,35441,10
13.02464008,80.22847748,35441,35452,11
13.02460003,80.22879791,35452,35462,10
13.02497959,80.22917175,35462,35472,10
13.02536011,80.22975159,35472,35573,101
13.02536011,80.22975159,35573,35583,10
13.02828979,80.23090363,35583,35593,10
13.02896023,80.2308197,35593,35603,10
13.02847958,80.23087311,35603,35613,10
13.02861977,80.23091888,35613,35629,16
13.02884007,80.23085785,35629,35641,12
13.02935982,80.23082733,35641,35649,8
13.02985954,80.23081207,35649,35691,42
13.02985954,80.23081207,35691,35702,11
13.03024006,80.23074341,35702,35712,10
13.03057957,80.23072052,35712,35722,10
13.03073978,80.23059845,35722,35732,10
13.03069019,80.2303772,35732,35752,20
13.03069019,80.2303772,35752,35761,9
13.03065014,80.23014069,35761,35773,12
13.0304203,80.22962189,35773,35783,10
13.03026009,80.22910309,35783,35793,10
13.03032017,80.22856903,35793,35803,10
13.03034973,80.22831726,35803,35813,10
13.03038025,80.22817993,35813,35823,10
13.03036976,80.22782135,35823,35833,10
13.03038025,80.22759247,35833,35843,10
13.0300703,80.22746277,35843,35853,10
13.02952957,80.22737122,35853,35863,10
13.02894974,80.22725677,35863,35873,10
13.02879047,80.22721863,35873,35883,10
13.02851009,80.22717285,35883,35894,11
13.02820015,80.2270813,35894,35904,10
13.02805996,80.22679901,35904,35914,10
13.02832031,80.22628021,35914,35924,10
13.02822018,80.22547913,35924,35934,10
13.02838039,80.22458649,35934,35943,9
13.02875996,80.22400665,35943,35975,32
13.02875996,80.22400665,35975,35984,9
13.02978992,80.22425079,35984,35995,11
13.03061008,80.22431946,35995,36005,10
13.03116035,80.22425842,36005,36015,10
13.03120041,80.22386932,36015,36025,10
13.03118038,80.22324371,36025,36035,10
13.03127956,80.22297668,36035,36045,10
13.03127003,80.22290802,36045,36055,10
13.03133965,80.22261047,36055,36065,10
13.03147984,80.22215271,36065,36075,10
13.0317297,80.22173309,36075,36085,10
13.03195,80.22122955,36085,36095,10
13.03211021,80.22055817,36095,36105,10
13.03215981,80.21994781,36105,36116,11
13.03219986,80.21974945,36116,36126,10
13.03225994,80.21955872,36126,36136,10
13.0322504,80.21901703,36136,36146,10
13.03211975,80.21843719,36146,36156,10
13.03164005,80.21823883,36156,36166,10
13.03157997,80.21750641,36166,36176,10
13.03149033,80.21704102,36176,36186,10
13.03143024,80.21678925,36186,36196,10
13.03036976,80.21691132,36196,36206,10
13.03032017,80.21666718,36206,36217,11
13.03040028,80.21650696,36217,36227,10
13.03040981,80.21620178,36227,36237,10
13.03046036,80.21591187,36237,36247,10
13.03040981,80.2151413,36247,36257,10
13.03034019,80.21456146,36257,36267,10
13.03036022,80.21447754,36267,36277,10
13.03038979,80.21440125,36277,36287,10
13.0304203,80.21405792,36287,36297,10
13.03048038,80.21366882,36297,36307,10
13.03048038,80.21341705,36307,36317,10
13.03050041,80.21302032,36317,36328,11
13.03057957,80.21253204,36328,36338,10
13.03069019,80.21198273,36338,36348,10
13.03073978,80.2116394,36348,36358,10
13.03077984,80.21138763,36358,36368,10
13.0307703,80.21105194,36368,36378,10
13.03069973,80.21073151,36378,36883,505
13.03069973,80.21073151,36883,36893,10
13.03691006,80.1973877,36893,36903,10
13.03703022,80.19671631,36903,36913,10
13.03711033,80.19632721,36913,36923,10
13.03715992,80.19628906,36923,36933,10
13.03722,80.19612885,36933,36943,10
13.03715038,80.19580078,36943,36953,10
13.03717041,80.1951828,36953,36963,10
13.03734016,80.19442749,36963,36973,10
13.0374403,80.19364166,36973,36983,10
13.03754044,80.19290161,36983,36994,11
13.03787994,80.19274139,36994,37004,10
13.03829002,80.19273376,37004,37014,10
13.03880024,80.19284821,37014,37034,20
13.03880024,80.19284821,37034,37044,10
13.03899002,80.19290924,37044,37054,10
13.03942966,80.19293976,37054,37064,10
13.03989983,80.19303894,37064,37074,10
13.04039001,80.19312286,37074,37084,10
13.04096985,80.19322205,37084,37095,11
13.04160023,80.19329834,37095,37105,10
13.04181957,80.19346619,37105,37115,10
13.04179955,80.19378662,37115,37125,10
13.04179001,80.19406891,37125,37155,30
13.04152966,80.19600677,37155,37337,182
13.04053974,80.2022171,37337,37506,169
13.04053974,80.2022171,37506,37515,9
13.04378033,80.2073822,37515,37526,11
13.04415989,80.20796204,37526,37537,11
13.04405022,80.20883179,37537,37547,10
13.04415035,80.20921326,37547,37557,10
13.04413986,80.20937347,37557,37567,10
13.04415035,80.20980072,37567,37577,10
13.04421997,80.21035767,37577,37587,10
13.04415989,80.21134949,37587,37597,10
13.04421997,80.21183777,37597,37627,30
13.04421997,80.21183777,37627,37638,11
13.04438972,80.2122879,37638,37648,10
13.0448103,80.21237183,37648,37658,10
13.04574013,80.21227264,37658,37668,10
13.0467701,80.21219635,37668,37678,10
13.04708004,80.21199799,37678,37688,10
13.04703999,80.21183777,37688,37698,10
13.04695988,80.21176147,37698,37708,10
13.0469799,80.21141052,37708,37718,10
13.0469799,80.21092224,37718,37728,10
13.04726982,80.21073151,37728,37738,10
13.0478096,80.21073914,37738,37748,10
13.04843044,80.21076965,37748,37759,11
13.0490799,80.2108078,37759,37769,10
13.04924965,80.21063995,37769,37779,10
13.04922962,80.21073151,37779,37789,10
13.04926014,80.21076202,37789,37799,10
13.04930019,80.21076202,37799,37810,11
13.04955959,80.21069336,37810,37820,10
13.04965973,80.21057892,37820,37830,10
13.04951954,80.21006012,37830,37840,10
13.04942036,80.2093277,37840,37850,10
13.04936028,80.2086792,37850,37860,10
13.04916954,80.2080307,37860,37871,11
13.04895973,80.20741272,37871,37891,20
13.04895973,80.20741272,37891,37901,10
13.04899025,80.20717621,37901,37911,10
13.04889965,80.20694733,37911,37921,10
13.04887962,80.20687103,37921,37931,10
13.04897976,80.20681,37931,37941,10
13.04924011,80.20684052,37941,38002,61
13.04922962,80.2071228,38002,38123,121
13.04922962,80.2071228,38123,38133,10
13.04916,80.2071228,38133,38143,10
13.04916,80.20713043,38143,38153,10
13.04916,80.20706177,38153,38204,51
13.04916,80.20706177,38204,38214,10
13.04918003,80.20690155,38214,38224,10
13.04918003,80.20687866,38224,38234,10
13.04916954,80.20694733,38234,38284,50
13.0490799,80.2069931,38284,38305,21
13.0490799,80.2069931,38305,38315,10
13.04899025,80.20729828,38315,38325,10
13.04951954,80.20702362,38325,38335,10
13.04953003,80.20703888,38335,38345,10
13.04975986,80.20697021,38345,38355,10
13.05016994,80.20729828,38355,39014,659
13.05016994,80.20729828,39014,39024,10
13.04395008,80.2088623,39024,39034,10
13.04366016,80.20868683,39034,39044,10
13.04389,80.20800781,39044,39054,10
13.04378033,80.20731354,39054,39064,10
13.04339981,80.20668793,39064,39075,11
13.04279995,80.20584869,39075,39085,10
13.04214001,80.20536041,39085,39095,10
13.04139996,80.2052536,39095,39105,10
13.04084015,80.20516205,39105,39115,10
13.04076958,80.20510864,39115,39125,10
13.04053974,80.20509338,39125,39135,10
13.04010963,80.20503998,39135,39145,10
13.03964043,80.20503235,39145,39155,10
13.03907967,80.20491791,39155,39165,10
13.03843975,80.20481873,39165,39175,10
13.03810978,80.20475769,39175,39186,11
13.03816986,80.20429993,39186,39196,10
13.03824043,80.20368195,39196,39206,10
13.03826046,80.20304108,39206,39216,10
13.03845978,80.20233917,39216,39226,10
13.03849983,80.20207214,39226,39236,10
13.03853035,80.20166779,39236,39246,10
13.03859043,80.20130157,39246,39256,10
13.03862,80.20095825,39256,39266,10
13.03868008,80.20062256,39266,39276,10
13.03874016,80.20001221,39276,39286,10
13.03888035,80.19934082,39286,39296,10
13.03890038,80.19921875,39296,39307,11
13.03897953,80.19893646,39307,39317,10
13.03901005,80.19844818,39317,39327,10
13.03907967,80.19806671,39327,39337,10
13.03917027,80.19750977,39337,39346,9
13.03921986,80.19705963,39346,39357,11
13.03925037,80.19685364,39357,39367,10
13.03927994,80.19671631,39367,39377,10
13.03931999,80.19628906,39377,39387,10
13.03940964,80.19564056,39387,39397,10
13.03952026,80.19483948,39397,39407,10
13.03964043,80.19399261,39407,39418,11
13.03973007,80.19325256,39418,39428,10
13.0397501,80.19309235,39428,39438,10
13.0397501,80.19306946,39438,39448,10
13.03948021,80.19300842,39448,39458,10
13.03915977,80.19297028,39458,39468,10
13.03868961,80.19291687,39468,39478,10
13.03866959,80.19290161,39478,39488,10
13.03851032,80.19288635,39488,39498,10
13.03816986,80.19278717,39498,39508,10
13.03781986,80.19284058,39508,39519,11
13.03765965,80.19287872,39519,39529,10
13.03722954,80.19376373,39529,39557,28
13.03722954,80.19376373,39557,39567,10
13.03680038,80.19606018,39567,39577,10
13.03658009,80.19676208,39577,39617,40
13.03658009,80.19676208,39617,39627,10
13.03672028,80.19859314,39627,39638,11
13.03670025,80.1987915,39638,39648,10
13.03668022,80.19920349,39648,39739,91
13.03606033,80.20397949,39739,39769,30
13.03606033,80.20397949,39769,39779,10
13.03577995,80.20574951,39779,39789,10
13.03577995,80.2057724,39789,39799,10
13.03575993,80.20603943,39799,39809,10
13.0357399,80.20625305,39809,39819,10
13.03563023,80.20754242,39819,39829,10
13.0355196,80.20822144,39829,39839,10
13.0353899,80.20844269,39839,39860,21
13.0353899,80.20844269,39860,39870,10
13.03538036,80.20883179,39870,39880,10
13.03518963,80.20951843,39880,39890,10
13.03512001,80.21011353,39890,39900,10
13.03505993,80.21002197,39900,39910,10
13.03534985,80.21009827,39910,39920,10
13.03505039,80.21057892,39920,39930,10
13.03487968,80.21114349,39930,39940,10
13.03472996,80.21199799,39940,39950,10
13.03448963,80.21234131,39950,39960,10
13.0342598,80.21237183,39960,39970,10
13.03310013,80.21218872,39970,39981,11
13.03252983,80.21196747,39981,39991,10
13.03240967,80.21186066,39991,40001,10
13.03221989,80.21164703,40001,40011,10
13.03155041,80.21141815,40011,40021,10
13.03106022,80.21130371,40021,40031,10
13.03203011,80.21025848,40031,40041,10
13.03211975,80.20966339,40041,40051,10
13.03203964,80.20928192,40051,40062,11
13.03199005,80.20909119,40062,40072,10
13.03063011,80.2092514,40072,40082,10
13.03026962,80.20915222,40082,40092,10
13.03003025,80.2095108,40092,40112,20
13.03003025,80.2095108,40112,40122,10
13.02978039,80.20929718,40122,40132,10
13.03073025,80.20996857,40132,40142,10
13.03135014,80.21013641,40142,40345,203
13.03194046,80.2181015,40345,40466,121
13.03194046,80.2181015,40466,40476,10
13.03116035,80.22387695,40476,40486,10
13.03114986,80.22389984,40486,40496,10
13.03112984,80.22402954,40496,40506,10
13.03110027,80.22431946,40506,40516,10
13.03059959,80.2243576,40516,40527,11
13.02974987,80.22434235,40527,40537,10
13.02832985,80.22437286,40537,40587,50
13.02832985,80.22437286,40587,40597,10
13.02812958,80.22577667,40597,40607,10
13.02797985,80.22640991,40607,40617,10
13.02777958,80.22705841,40617,40628,11
13.02760029,80.22688293,40628,40638,10
13.02855015,80.2270813,40638,40648,10
13.02851963,80.22707367,40648,40658,10
13.02865028,80.22705841,40658,41282,624
13.02865028,80.22705841,41282,41502,220
13.00704956,80.23999786,41502,41515,13
13.00693035,80.23976898,41515,41526,11
13.00671959,80.23982239,41526,41536,10
13.00702,80.2399826,41536,41587,51
13.00702,80.2399826,41587,41597,10
13.00695038,80.24040222,41597,41607,10
13.00687027,80.24078369,41607,41617,10
13.00687027,80.2408371,41617,41627,10
13.00677967,80.24120331,41627,41638,11
13.00675011,80.24207306,41638,41648,10
13.00667953,80.24297333,41648,41658,10
13.00666046,80.24378204,41658,41668,10
13.00666046,80.24472046,41668,41678,10
13.00666046,80.24568176,41678,41688,10
13.00669956,80.24652863,41688,41698,10
13.00671959,80.24706268,41698,41708,10
13.00671959,80.24767303,41708,41718,10
13.00669003,80.24854279,41718,41728,10
13.00681973,80.24948883,41728,41739,11
13.00683022,80.24964142,41739,41748,9
13.00681019,80.2497406,41748,41759,11
13.00712013,80.24889374,41759,41769,10
13.00706959,80.25002289,41769,41779,10
13.00683975,80.25105286,41779,41789,10
13.00671005,80.25171661,41789,41799,10
13.00656033,80.25251007,41799,41809,10
13.00652027,80.25353241,41809,41819,10
13.0065403,80.25453186,41819,41829,10
13.00654984,80.25502777,41829,41839,10
13.00656033,80.25505829,41839,41849,10
13.00654984,80.25521088,41849,41860,11
13.00656033,80.2559967,41860,41870,10
13.00656986,80.25681305,41870,41880,10
13.00662994,80.25733185,41880,41890,10
13.00664997,80.25727844,41890,41900,10
13.00664997,80.25727081,41900,41930,30
13.00664997,80.25727081,41930,41940,10
13.00669003,80.25753784,41940,41950,10
13.00675011,80.25769043,41950,41960,10
13.00673962,80.25769043,41960,41971,11
13.00675964,80.25746155,41971,41981,10
13.00671005,80.25752258,41981,41991,10
13.00625992,80.25753021,41991,42001,10
13.00557041,80.25740051,42001,42011,10
13.00491047,80.25717163,42011,42021,10
13.00432968,80.2571106,42021,42031,10
13.00417995,80.25705719,42031,42041,10
13.00407028,80.25708008,42041,42051,10
13.00386047,80.25701904,42051,42061,10
13.00376034,80.2569809,42061,42071,10
13.00343037,80.25695038,42071,42112,41
13.00329018,80.25695801,42112,42132,20
13.00329018,80.25695801,42132,42142,10
13.00308037,80.25675964,42142,42152,10
13.0027504,80.25675964,42152,42162,10
13.00236034,80.25670624,42162,42233,71
13.00236034,80.25670624,42233,42243,10
13.00191021,80.25650787,42243,42253,10
13.00144005,80.25646973,42253,42263,10
13.00065994,80.25644684,42263,42273,10
13.00014973,80.25637817,42273,42304,31
13.00014973,80.25637817,42304,42314,10
12.99960995,80.25626373,42314,42324,10
12.99929047,80.25621796,42324,42334,10
12.99880028,80.25602722,42334,42344,10
12.99777031,80.25588989,42344,42364,20
12.99709988,80.25588989,42364,42384,20
12.99709988,80.25588989,42384,42394,10
12.99726963,80.2558136,42394,42435,41
12.99726963,80.2558136,42435,42445,10
12.9971199,80.25630951,42445,42455,10
12.99682045,80.25701141,42455,42471,16
12.99680996,80.25718689,42471,42483,12
12.99672031,80.25760651,42483,42491,8
12.99670029,80.25807953,42491,42503,12
12.99662971,80.25884247,42503,42534,31
12.99662971,80.25884247,42534,42544,10
12.99654961,80.2592926,42544,42554,10
12.99650955,80.25949097,42554,42564,10
12.99650002,80.25965118,42564,42574,10
12.99650002,80.25993347,42574,42735,161
12.99650002,80.25993347,42735,42746,11
12.99645996,80.2603302,42746,42756,10
12.99645042,80.26052094,42756,42766,10
12.99639988,80.26084137,42766,42776,10
12.99633026,80.26158905,42776,42816,40
12.99625969,80.2617569,42816,42846,30
12.99625969,80.2617569,42846,42857,11
12.99627018,80.26187134,42857,42867,10
12.99600983,80.26223755,42867,42877,10
12.99625969,80.26251984,42877,42897,20
12.99610043,80.26255798,42897,43866,969
12.99610043,80.26255798,43866,43876,10
12.99534988,80.26605225,43876,43886,10
12.99569035,80.26567841,43886,43896,10
12.99584961,80.26499176,43896,43906,10
12.99584007,80.26473999,43906,43916,10
12.99606037,80.26410675,43916,43926,10
12.99610996,80.2633667,43926,43936,10
12.99627972,80.26260376,43936,43967,31
12.99627972,80.26260376,43967,43977,10
12.99627972,80.26223755,43977,43987,10
12.99631023,80.2620163,43987,43997,10
12.99635983,80.26171875,43997,44007,10
12.99641991,80.26107788,44007,44017,10
12.99645042,80.26048279,44017,44027,10
12.99647999,80.25995636,44027,44037,10
12.99645042,80.25975037,44037,44047,10
12.99643993,80.25949097,44047,44057,10
12.99641991,80.25927734,44057,44067,10
12.99660969,80.25853729,44067,44078,11
12.99678993,80.25744629,44078,44158,80
12.99678993,80.25744629,44158,44168,10
12.9968996,80.25717163,44168,44178,10
12.9968996,80.25688171,44178,44188,10
12.99691963,80.25630188,44188,44259,71
12.99691963,80.25630188,44259,44269,10
12.99695015,80.25605774,44269,44279,10
12.99713993,80.25585938,44279,44289,10
12.99769974,80.25588989,44289,44299,10
12.99866009,80.25598145,44299,44330,31
12.99866009,80.25598145,44330,44340,10
12.99890041,80.25608826,44340,44350,10
12.99917984,80.25611877,44350,44400,50
12.99917984,80.25611877,44400,44410,10
12.99946976,80.2562027,44410,44421,11
12.99965,80.25621796,44421,44431,10
13.0,80.25630188,44431,44441,10
13.00045013,80.25636292,44441,44451,10
13.00065041,80.25639343,44451,44461,10
13.0010004,80.25647736,44461,44471,10
13.00131989,80.25655365,44471,44481,10
13.00162983,80.25656128,44481,44511,30
13.00162983,80.25656128,44511,44522,11
13.00207996,80.25660706,44522,44542,20
13.00207996,80.25660706,44542,44552,10
13.00244999,80.25669861,44552,44582,30
13.00244999,80.25669861,44582,44592,10
13.00267982,80.25673676,44592,44602,10
13.00271988,80.25675964,44602,44612,10
13.00286961,80.25675964,44612,44622,10
13.00300026,80.25675964,44622,44633,11
13.00316048,80.25679779,44633,44643,10
13.00343037,80.25684357,44643,44653,10
13.00399971,80.25689697,44653,44663,10
13.0047102,80.25698853,44663,44673,10
13.00564003,80.25708008,44673,44683,10
13.00636005,80.25737762,44683,44693,10
13.00662041,80.25733948,44693,44703,10
13.00648975,80.25688171,44703,44712,9
13.00640965,80.25666046,44712,44722,10
13.00644016,80.25608826,44722,44733,11
13.00652027,80.25534821,44733,44744,11
13.0065403,80.25460815,44744,44754,10
13.0065403,80.25406647,44754,44764,10
13.00658035,80.25335693,44764,44794,30
13.00658035,80.25335693,44794,44804,10
13.00656033,80.25308228,44804,44814,10
13.00667953,80.25243378,44814,44895,81
13.00667953,80.25243378,44895,44905,10
13.00677967,80.25222778,44905,44915,10
13.00671005,80.25182343,44915,44925,10
13.00681019,80.25110626,44925,44935,10
13.00681019,80.25018311,44935,44945,10
13.00685024,80.24954224,44945,44966,21
13.00685024,80.24954224,44966,44976,10
13.00685978,80.24945831,44976,44986,10
13.00685978,80.24915314,44986,44996,10
13.00675011,80.248703,44996,45066,70
13.00675011,80.248703,45066,45077,11
13.00662994,80.24813843,45077,45087,10
13.00662994,80.24765015,45087,45097,10
13.00664043,80.24700165,45097,45107,10
13.00656986,80.24662781,45107,45117,10
13.00656033,80.24659729,45117,45127,10
13.00662041,80.24649048,45127,45137,10
13.00656033,80.24611664,45137,45147,10
13.00658035,80.24530029,45147,45157,10
13.00658035,80.24468231,45157,45167,10
13.00656033,80.24423218,45167,45177,10
13.00658035,80.24365234,45177,45188,11
13.00658989,80.2427597,45188,45198,10
13.00652981,80.24189758,45198,45208,10
13.0065403,80.24173737,45208,45218,10
13.00656986,80.24149323,45218,45228,10
13.00669956,80.24093628,45228,45238,10
13.00673008,80.24062347,45238,45248,10
13.00677967,80.24024963,45248,45258,10
13.0067997,80.23964691,45258,45268,10
13.00699997,80.2388382,45268,45278,10
13.00718975,80.23809814,45278,45288,10
13.00737953,80.23687744,45288,45319,31
13.00737953,80.23687744,45319,45329,10
13.00743961,80.23665619,45329,45339,10
13.00761032,80.23618317,45339,45349,10
13.00776005,80.23545837,45349,45359,10
13.00790977,80.23459625,45359,45369,10
13.00811005,80.23352051,45369,45379,10
13.00835037,80.2322464,45379,45389,10
13.00862026,80.2309494,45389,45399,10
13.00885963,80.22979736,45399,45410,11
13.0092001,80.22827148,45410,45420,10
13.00965023,80.22720337,45420,45430,10
13.01008987,80.22625732,45430,45440,10
13.0104599,80.22548676,45440,45450,10
13.01072025,80.2248764,45450,45460,10
13.01089001,80.22422028,45460,45470,10
13.01101971,80.22408295,45470,45480,10
13.01107025,80.22402191,45480,45490,10
13.01119041,80.22361755,45490,45500,10
13.01136971,80.22316742,45500,45510,10
13.01175022,80.22245789,45510,45520,10
13.01204014,80.22174072,45520,45531,11
13.01237011,80.22148132,45531,45541,10
13.01253986,80.22162628,45541,45551,10
13.01259995,80.22206116,45551,45561,10
13.01325989,80.22267914,45561,45571,10
13.01393032,80.2232132,45571,45581,10
13.01416969,80.22351074,45581,45591,10
13.01447964,80.22382355,45591,45601,10
13.01476002,80.22429657,45601,45611,10
13.01525021,80.22479248,45611,45621,10
13.01548004,80.22496796,45621,45631,10
13.01548958,80.22496796,45631,45642,11
13.01556969,80.22505188,45642,45652,10
13.01587009,80.22531128,45652,45662,10
13.01653004,80.22532654,45662,45672,10
13.0172596,80.22502136,45672,45682,10
13.01797962,80.22473145,45682,45692,10
13.01863003,80.22444153,45692,45702,10
13.01922035,80.22428894,45702,45722,20
13.01922035,80.22428894,45722,45732,10
13.01941013,80.22438049,45732,45743,11
13.01990032,80.22467804,45743,45753,10
13.02042007,80.22505951,45753,45763,10
13.02085972,80.22535706,45763,45772,9
13.0212698,80.22570801,45772,45783,11
13.02190018,80.22619629,45783,45792,9
13.02239037,80.22657776,45792,45803,11
13.02301979,80.22712708,45803,45813,10
13.02352047,80.22759247,45813,45823,10
13.02396011,80.2279892,45823,45833,10
13.02439022,80.22853851,45833,45843,10
13.02474022,80.22905731,45843,45854,11
13.02513981,80.22958374,45854,45864,10
13.02546024,80.2299881,45864,45874,10
13.02556038,80.23013306,45874,45884,10
13.02562046,80.23023224,45884,45894,10
13.02577019,80.23052979,45894,45904,10
13.02587032,80.23084259,45904,45914,10
13.02591991,80.23121643,45914,45924,10
13.02626991,80.23126984,45924,45934,10
13.0269804,80.23113251,45934,45944,10
13.02770042,80.23095703,45944,45954,10
13.02826023,80.23090363,45954,46055,101
13.02826023,80.23090363,46055,46065,10
13.02861023,80.2308197,46065,46076,11
13.02880001,80.23084259,46076,46086,10
13.02915955,80.23085022,46086,46146,60
13.02915955,80.23085022,46146,46156,10
13.02943039,80.23079681,46156,46166,10
13.0297699,80.23075867,46166,46176,10
13.03022957,80.23069763,46176,46186,10
13.03040028,80.23069763,46186,46197,11
13.03059006,80.23068237,46197,46206,9
13.03063965,80.23062134,46206,46216,10
13.03061962,80.23033905,46216,46227,11
13.03042984,80.22973633,46227,46236,9
13.03024006,80.22921753,46236,46246,10
13.03028011,80.22868347,46246,46256,10
13.03026962,80.22827148,46256,46267,11
13.03026009,80.22825623,46267,46277,10
13.03028965,80.22812653,46277,46287,10
13.03030968,80.22776794,46287,46298,11
13.03026009,80.22747803,46298,46308,10
13.02970982,80.22737885,46308,46318,10
13.02908039,80.22725677,46318,46328,10
13.02842045,80.22714233,46328,46338,10
13.02810001,80.22705841,46338,46348,10
13.02793026,80.22696686,46348,46358,10
13.02795982,80.22646332,46358,46368,10
13.02799034,80.22619629,46368,46378,10
13.02807999,80.22575378,46378,46388,10
13.02826977,80.22496796,46388,46398,10
13.02834988,80.22422028,46398,46408,10
13.02869987,80.22400665,46408,46439,31
13.02869987,80.22400665,46439,46449,10
13.0289402,80.22415924,46449,46459,10
13.02927971,80.22425842,46459,46469,10
13.02995968,80.22425079,46469,46479,10
13.03044987,80.22428131,46479,46489,10
13.03100967,80.22422791,46489,46499,10
13.03106976,80.22373962,46499,46509,10
13.03106976,80.22325897,46509,46520,11
13.03108025,80.22319794,46520,46530,10
13.03110027,80.22309875,46530,46540,10
13.03120041,80.22274017,46540,46550,10
13.03143978,80.22232056,46550,46560,10
13.03162956,80.22177887,46560,46576,16
13.03201962,80.22075653,46576,46589,13
13.03213978,80.22000122,46589,46599,10
13.03211975,80.21972656,46599,46609,10
13.03215981,80.21954346,46609,46619,10
13.03213024,80.21896362,46619,46630,11
13.03190041,80.21843719,46630,46640,10
13.03145981,80.2181778,46640,46650,10
13.03137016,80.21740723,46650,46659,9
13.03127956,80.21704865,46659,46670,11
13.03108025,80.21700287,46670,46680,10
13.03057003,80.21691132,46680,46690,10
13.03040981,80.21659088,46690,46700,10
13.03036022,80.21650696,46700,46710,10
13.03030968,80.21602631,46710,46720,10
13.0302496,80.21527863,46720,46730,10
13.03028011,80.21469879,46730,46741,11
13.03030014,80.2145462,46741,46751,10
13.03036022,80.21427917,46751,46761,10
13.03040028,80.21375275,46761,46771,10
13.03040028,80.21347809,46771,46781,10
13.03048992,80.21308136,46781,46790,9
13.03055954,80.21247101,46790,46801,11
13.03069973,80.21169281,46801,46811,10
13.03075027,80.21138,46811,46821,10
13.03077984,80.21103668,46821,46832,11
13.0307703,80.21083832,46832,46973,141
13.0307703,80.21083832,46973,46983,10
13.03116989,80.20948029,46983,46993,10
13.03143978,80.20863342,46993,47003,10
13.03149033,80.20786285,47003,47013,10
13.03262043,80.20950317,47013,47023,10
13.03337002,80.20980072,47023,47033,10
13.03431034,80.20982361,47033,47043,10
13.03507996,80.20982361,47043,47053,10
13.03507996,80.2091217,47053,47064,11
13.03524017,80.20845795,47064,47074,10
13.03474045,80.20858002,47074,47094,20
13.03474045,80.20858002,47094,47104,10
13.03557968,80.20659637,47104,47114,10
13.03567982,80.20591736,47114,47124,10
13.03569984,80.20529938,47124,47134,10
13.03569984,80.20511627,47134,47144,10
13.03555965,80.20533752,47144,47154,10
13.03563976,80.20542145,47154,47185,31
13.03563976,80.20542145,47185,47195,10
13.03602028,80.20301819,47195,47211,16
13.03617001,80.20152283,47211,47243,32
13.03617001,80.20152283,47243,47252,9
13.03645992,80.20127869,47252,47263,11
13.03672981,80.20115662,47263,47273,10
13.03639984,80.20004272,47273,47283,10
13.03645992,80.19863129,47283,47293,10
13.03670025,80.19805908,47293,47303,10
13.03687954,80.19760132,47303,47314,11
13.03709984,80.19756317,47314,47323,9
13.03713989,80.19689941,47323,47334,11
13.03697968,80.19632721,47334,47344,10
13.03695965,80.19625854,47344,47353,9
13.03697014,80.19608307,47353,47363,10
13.03695965,80.19574738,47363,47374,11
13.03705978,80.1951828,47374,47385,11
13.03732014,80.1942215,47385,47394,9
13.03752041,80.19335938,47394,47405,11
13.03771019,80.19277191,47405,47414,9
13.03779984,80.19268799,47414,47425,11
13.03816986,80.19271088,47425,47435,10
13.03862953,80.19278717,47435,47445,10
13.03878021,80.19280243,47445,47455,10
13.03888988,80.19281006,47455,47465,10
13.03931999,80.19287109,47465,47475,10
13.03987026,80.19299316,47475,47485,10
13.04045963,80.19306183,47485,47495,10
13.04115963,80.19322205,47495,47505,10
13.0417099,80.19332886,47505,47516,11
13.04172039,80.19351959,47516,47526,10
13.04172039,80.1938324,47526,47536,10
13.04172039,80.19403839,47536,47546,10
13.04168034,80.19465637,47546,47556,10
13.04152966,80.1953125,47556,47566,10
13.04139996,80.19573975,47566,47576,10
13.04123974,80.19615936,47576,47586,10
13.04117966,80.19656372,47586,47602,16
13.04111004,80.19740295,47602,47614,12
13.04100037,80.19835663,47614,47623,9
13.04094028,80.19898987,47623,47635,12
13.04088974,80.19914246,47635,47644,9
13.04082012,80.19941711,47644,47655,11
13.04067039,80.20010376,47655,47663,8
13.04061985,80.20078278,47663,47675,12
13.0405302,80.2016983,47675,47685,10
13.04055023,80.20202637,47685,47695,10
13.04043007,80.20246124,47695,47705,10
13.04034042,80.20324707,47705,47715,10
13.04028988,80.20391083,47715,47725,10
13.04016018,80.20436096,47725,47736,11
13.04014969,80.20478821,47736,47746,10
13.0407896,80.20503998,47746,47766,20
13.0407896,80.20503998,47766,47776,10
13.04084969,80.20509338,47776,47786,10
13.04121017,80.20514679,47786,47796,10
13.0413599,80.20516968,47796,47806,10
13.04183006,80.20523071,47806,47816,10
13.04242039,80.20536041,47816,47826,10
13.04269981,80.20565796,47826,47836,10
13.04310036,80.20626068,47836,47847,11
13.04364967,80.20706177,47847,47857,10
13.04401016,80.20780182,47857,47867,10
13.04409027,80.20854187,47867,47877,10
13.04413986,80.20896149,47877,47887,10
13.04413986,80.20900726,47887,47897,10
13.04417992,80.2093811,47897,47907,10
13.04415989,80.20993042,47907,47917,10
13.04426956,80.2108078,47917,47927,10
13.04415989,80.21186066,47927,47958,31
13.04415989,80.21186066,47958,47968,10
13.04477978,80.21218872,47968,47978,10
13.04553986,80.21219635,47978,47988,10
13.04638004,80.21218872,47988,47998,10
13.04691029,80.2121582,47998,48008,10
13.0469799,80.21212006,48008,48018,10
13.04699993,80.21192169,48018,48028,10
13.04699039,80.21182251,48028,48038,10
13.04699993,80.2115097,48038,48048,10
13.04693031,80.2109375,48048,48057,9
13.04706955,80.21070862,48057,48069,12
13.04759026,80.21073151,48069,48079,10
13.04784966,80.21073914,48079,48089,10
13.04839039,80.21073914,48089,48099,10
13.04899979,80.21073914,48099,48109,10
13.04959011,80.21077728,48109,48119,10
13.04961967,80.21034241,48119,48129,10
13.04950047,80.20973206,48129,48139,10
13.0493803,80.20913696,48139,48149,10
13.04930019,80.20842743,48149,48159,10
13.04909992,80.20774841,48159,48169,10
13.04889011,80.20728302,48169,48180,11
13.04889965,80.20726776,48180,48196,16
13.04878998,80.20722961,48196,48208,12
13.04887009,80.20697021,48208,48218,10
13.04889965,80.20680237,48218,48248,30
13.04889965,80.20680237,48248,48258,10
13.04920006,80.20703125,48258,48268,10
13.04936028,80.20726776,48268,48290,22
13.04936028,80.20726776,48290,48299,9
13.04932022,80.20720673,48299,48310,11
13.0492897,80.20713806,48310,48522,212
13.0492897,80.20713806,48522,48532,10
13.04905987,80.20729065,48532,48542,10
13.0489397,80.20738983,48542,48552,10
13.04899979,80.20765686,48552,48562,10
13.04909039,80.20800781,48562,48572,10
13.04922009,80.20845795,48572,48582,10
13.04930019,80.20864868,48582,48592,10
13.04926968,80.20876312,48592,48602,10
13.04932976,80.20906067,48602,48612,10
13.04948997,80.20964813,48612,48623,11
13.04950047,80.21025848,48623,48633,10
13.04969978,80.21083832,48633,48643,10
13.0497303,80.21131134,48643,48653,10
13.04983044,80.21176147,48653,48663,10
13.04981995,80.21205139,48663,48673,10
13.04955959,80.21211243,48673,48683,10
13.04950047,80.21211243,48683,48699,16
13.04918003,80.21208191,48699,48711,12
13.04854012,80.21212006,48711,48719,8
13.04800034,80.2121582,48719,48730,11
13.04718971,80.21224976,48730,48741,11
13.04634953,80.21228027,48741,48753,12
13.04613972,80.2122879,48753,48763,10
13.04599953,80.21230316,48763,48773,10
13.04570961,80.21231079,48773,48783,10
13.04551983,80.21231079,48783,48792,9
13.04545975,80.21231079,48792,48803,11
13.04512978,80.21234894,48803,48813,10
13.04498959,80.21237183,48813,48823,10
13.04473019,80.21237946,48823,48995,172
13.04473019,80.21237946,48995,49005,10
13.04421997,80.21224213,49005,49015,10
13.04415989,80.21177673,49015,49025,10
13.04415989,80.21108246,49025,49035,10
13.04415989,80.2105484,49035,49045,10
13.04411983,80.20999146,49045,49055,10
13.04403973,80.2093811,49055,49066,11
13.04399967,80.20890045,49066,49076,10
13.0440197,80.2088623,49076,49086,10
13.04399967,80.20858002,49086,49096,10
13.04389954,80.20796204,49096,49106,10
13.04374027,80.20722961,49106,49116,10
13.04327965,80.20654297,49116,49126,10
13.04279041,80.20584106,49126,49136,10
13.04220963,80.2053833,49136,49146,10
13.04154968,80.20523834,49146,49156,10
13.04102039,80.20516968,49156,49166,10
13.0408802,80.20513916,49166,49177,11
13.04055023,80.20509338,49177,49187,10
13.04001045,80.20500946,49187,49197,10
13.03942013,80.20497894,49197,49207,10
13.03886032,80.20487976,49207,49217,10
13.03822041,80.20472717,49217,49227,10
13.03820038,80.20423889,49227,49237,10
13.03837967,80.2035675,49237,49247,10
13.03853035,80.20278168,49247,49257,10
13.03851032,80.20223236,49257,49267,10
13.03851986,80.20182037,49267,49277,10
13.03862953,80.20155334,49277,49288,11
13.03866005,80.20115662,49288,49298,10
13.03868008,80.20075226,49298,49308,10
13.0388298,80.20008087,49308,49318,10
13.0389204,80.19931793,49318,49328,10
13.0389204,80.19914246,49328,49338,10
13.03899956,80.19888306,49338,49348,10
13.03907013,80.19831848,49348,49358,10
13.03919983,80.19760132,49358,49368,10
13.03931046,80.19698334,49368,49378,10
13.03929996,80.19658661,49378,49389,11
13.03931046,80.1962204,49389,49399,10
13.03958988,80.19535828,49399,49409,10
13.03983021,80.19425201,49409,49419,10
13.03975964,80.19348145,49419,49429,10
13.03979015,80.19312286,49429,49439,10
13.03973961,80.19303131,49439,49448,9
13.03946018,80.19297028,49448,49459,11
13.03888035,80.19287109,49459,49469,10
13.03866959,80.19281769,49469,49479,10
13.03845978,80.19278717,49479,49489,10
13.03827,80.19277954,49489,49499,10
13.03814983,80.19277191,49499,49509,10
13.03802967,80.19277954,49509,49520,11
13.03779984,80.19281006,49520,49530,10
13.03752995,80.19320679,49530,49540,10
13.0374403,80.1939621,49540,49550,10
13.03732967,80.19481659,49550,49560,10
13.03724957,80.19554901,49560,49570,10
13.03717995,80.19593811,49570,49580,10
13.03717995,80.195961,49580,49590,10
13.03713036,80.19612885,49590,49600,10
13.03713036,80.19615173,49600,49610,10
13.03703022,80.19644165,49610,49621,11
13.03693962,80.19709015,49621,49631,10
13.03684998,80.1978302,49631,49641,10
13.03676033,80.19850159,49641,49651,10
13.03670025,80.19886017,49651,49661,10
13.03656006,80.19947052,49661,49671,10
13.03641987,80.2002182,49671,49681,10
13.03629971,80.20098114,49681,49691,10
13.03627968,80.2014389,49691,49701,10
13.03617954,80.20178986,49701,49711,10
13.03612995,80.20192719,49711,49721,10
13.03604984,80.20233917,49721,49731,10
13.03600025,80.20304871,49731,49742,11
13.03594017,80.2038269,49742,49752,10
13.03588963,80.20432281,49752,49762,10
13.03582001,80.20448303,49762,49772,10
13.03575039,80.20501709,49772,49782,10
13.03567982,80.20571899,49782,49792,10
13.03565979,80.20600128,49792,49802,10
13.03561974,80.20623779,49802,49812,10
13.03555965,80.20681763,49812,49822,10
13.03547955,80.20758057,49822,49832,10
13.03540993,80.20822906,49832,49863,31
13.03540993,80.20822906,49863,49873,10
13.03532028,80.20854187,49873,49883,10
13.03524017,80.20909119,49883,49893,10
13.03512955,80.20980072,49893,49903,10
13.0350399,80.21038055,49903,49913,10
13.03489971,80.21073151,49913,49923,10
13.0348196,80.2113266,49923,49933,10
13.03470993,80.21198273,49933,49943,10
13.03435993,80.21208191,49943,49954,11
13.03369999,80.21201324,49954,49964,10
13.03258038,80.21189117,49964,49994,30
13.03258038,80.21189117,49994,50004,10
13.03234959,80.21183777,50004,50014,10
13.03199005,80.21176147,50014,50024,10
13.03188992,80.21131134,50024,50034,10
13.03199959,80.21063995,50034,50044,10
13.03213024,80.20990753,50044,50054,10
13.03188992,80.20961761,50054,50064,10
13.03122997,80.20937347,50064,50075,11
13.03040028,80.2091217,50075,50085,10
13.03009033,80.20932007,50085,50095,10
13.03003979,80.20939636,50095,50105,10
13.02997017,80.20966339,50105,50115,10
13.0303297,80.20980835,50115,50125,10
13.03083038,80.20996094,50125,50135,10
13.03094959,80.21015167,50135,50145,10
13.0309,80.21057892,50145,50155,10
13.03083038,80.21102142,50155,50166,11
13.03079987,80.21134949,50166,50176,10
13.03075027,80.21166229,50176,50186,10
13.03065968,80.21208954,50186,50196,10
13.03055,80.21279907,50196,50206,10
13.03050995,80.21337891,50206,50216,10
13.03044987,80.21367645,50216,50226,10
13.03036976,80.21414185,50226,50236,10
13.03032017,80.21466064,50236,50246,10
13.03030968,80.21468353,50246,50256,10
13.03030014,80.21489716,50256,50266,10
13.03030014,80.21539307,50266,50277,11
13.03036976,80.21616364,50277,50287,10
13.03044033,80.21675873,50287,50297,10
13.03067017,80.2168808,50297,50307,10
13.03075981,80.21691132,50307,50316,9
13.0311203,80.21691895,50316,50327,11
13.0313797,80.21698761,50327,50337,10
13.0314703,80.21753693,50337,50347,10
13.03151035,80.21813965,50347,50357,10
13.03209972,80.21842194,50357,50367,10
13.03219032,80.21884155,50367,50377,10
13.03217983,80.21949005,50377,50388,11
13.03219986,80.22013092,50388,50398,10
13.03219986,80.22028351,50398,50408,10
13.03215981,80.22036743,50408,50418,10
13.03205013,80.22081757,50418,50426,8
13.03192043,80.22133636,50426,50438,12
13.03184032,80.2216568,50438,50448,10
13.03160954,80.22212219,50448,50458,10
13.03137016,80.22254181,50458,50468,10
13.03118038,80.22315979,50468,50478,10
13.03112984,80.22377014,50478,50488,10
13.03114033,80.22380829,50488,50499,11
13.03116035,80.22393036,50499,50509,10
13.03114986,80.22418976,50509,50519,10
13.03073025,80.22427368,50519,50529,10
13.03005981,80.22428131,50529,50539,10
13.02898979,80.22421265,50539,50559,20
13.02898979,80.22421265,50559,50569,10
13.02875996,80.22403717,50569,50579,10
13.02836037,80.22422791,50579,50589,10
13.02820969,80.22476196,50589,50599,10
13.02808952,80.22560883,50599,50609,10
13.02797031,80.22627258,50609,50620,11
13.02787018,80.2268219,50620,50630,10
13.02810955,80.22699738,50630,50640,10
13.02857971,80.22711945,50640,50650,10
13.02925014,80.22722626,50650,50660,10
13.02993011,80.22734833,50660,50670,10
13.03038979,80.22749329,50670,50680,10
13.03036022,80.22779846,50680,50690,10
13.03032017,80.22811127,50690,50700,10
13.03030968,80.22821808,50700,50710,10
13.03028011,80.22862244,50710,50721,11
13.03026962,80.22927856,50721,50731,10
13.03054047,80.22991943,50731,50741,10
13.03065968,80.23053741,50741,50771,30
13.03065968,80.23053741,50771,50781,10
13.03057957,80.23071289,50781,50791,10
13.03022957,80.23074341,50791,50801,10
13.02993965,80.2307663,50801,50811,10
13.02985954,80.23081207,50811,50821,10
13.02956009,80.23084259,50821,50832,11
13.02896976,80.23085785,50832,50842,10
13.02834988,80.23090363,50842,50852,10
13.02777958,80.23095703,50852,50862,10
13.02762032,80.23113251,50862,50872,10
13.02766991,80.23159027,50872,50882,10
13.02775955,80.23223877,50882,50892,10
13.02781963,80.23274231,50892,50902,10
13.02725983,80.23287201,50902,50912,10
13.02678013,80.23297882,50912,50923,11
13.02643967,80.23303986,50923,51657,734
13.00660038,80.24149323,51657,51687,30
13.00660038,80.24149323,51687,51697,10
13.00699043,80.24342346,51697,51778,81
13.00669003,80.24539185,51778,51798,20
13.00669003,80.24539185,51798,51809,11
13.00658035,80.24633026,51809,51818,9
13.00652981,80.24648285,51818,51829,11
13.00650024,80.24656677,51829,51839,10
13.00667953,80.24752045,51839,51849,10
13.00671959,80.24823761,51849,51859,10
13.00673008,80.24894714,51859,51869,10
13.00683975,80.24939728,51869,51879,10
13.00681973,80.24938202,51879,51899,20
13.00683022,80.24949646,51899,51920,21
13.00683022,80.24949646,51920,51929,9
13.00689983,80.2512207,51929,51940,11
13.00679016,80.25150299,51940,51950,10
13.00666046,80.25189972,51950,51960,10
13.00650024,80.25231934,51960,51970,10
13.00648975,80.25235748,51970,51980,10
13.00662041,80.25489044,51980,52000,20
13.00673962,80.25496674,52000,52121,121
13.00660992,80.25711823,52121,52311,190
13.00660992,80.25711823,52311,52321,10
13.00280952,80.25672913,52321,52331,10
13.00277996,80.2567215,52331,52341,10
13.00277042,80.25670624,52341,52351,10
13.00257969,80.25682068,52351,52520,169
13.00257969,80.25682068,52520,52531,11
12.9975996,80.25576782,52531,52552,21
12.99765968,80.25572205,52552,52846,294
13.00006962,80.26637268,52846,53107,261
13.00018978,80.26622772,53107,53127,20
13.00024033,80.26621246,53127,53147,20
13.00024033,80.26618195,53147,53168,21
13.00030041,80.26612091,53168,53753,585
13.00030041,80.26612091,53753,53763,10
13.00020027,80.26625824,53763,53854,91
13.00020027,80.26625824,53854,53864,10
13.00030994,80.26656342,53864,53894,30
13.00030994,80.26656342,53894,53904,10
13.00016975,80.26676178,53904,53914,10
12.99977016,80.26689911,53914,53924,10
12.99923038,80.26705933,53924,53935,11
12.99860001,80.26725006,53935,53945,10
12.99812984,80.26740265,53945,53955,10
12.99777985,80.26747894,53955,53965,10
12.9972496,80.26763916,53965,53975,10
12.99650955,80.26776123,53975,53985,10
12.99590015,80.26776886,53985,53995,10
12.99565029,80.26757813,53995,54005,10
12.99565029,80.26715851,54005,54046,41
12.99582005,80.26712036,54046,54076,30
12.99582005,80.26712036,54076,54086,10
12.99596024,80.2645874,54086,54096,10
12.99606991,80.26383972,54096,54106,10
12.99613953,80.26303101,54106,54116,10
12.99623966,80.26239777,54116,54146,30
12.99639034,80.26178741,54146,54167,21
12.99639034,80.26178741,54167,54177,10
12.99648952,80.26042938,54177,54187,10
12.9965601,80.25969696,54187,54197,10
12.99658012,80.25932312,54197,54207,10
12.99658012,80.25930023,54207,54217,10
12.99658012,80.25901794,54217,54227,10
12.99664021,80.25856018,54227,54237,10
12.99666023,80.25801849,54237,54247,10
12.99668026,80.25762939,54247,54257,10
12.99676991,80.25708008,54257,54268,11
12.99683952,80.25653076,54268,54278,10
12.99685955,80.25621796,54278,54288,10
12.99697018,80.25585938,54288,54298,10
12.99742031,80.25585938,54298,54308,10
12.99787998,80.25588226,54308,54318,10
12.99878979,80.25592041,54318,54348,30
12.99878979,80.25592041,54348,54358,10
12.9988699,80.25592804,54358,54368,10
12.99919033,80.2559967,54368,54379,11
12.99973965,80.25611115,54379,54389,10
13.00030041,80.25621796,54389,54399,10
13.00045967,80.25627899,54399,54409,10
13.0004797,80.25637054,54409,54419,10
13.00080013,80.25641632,54419,54429,10
13.00123978,80.25643921,54429,54439,10
13.0016098,80.25646973,54439,54449,10
13.00209999,80.25653076,54449,54459,10
13.00255013,80.25660706,54459,54469,10
13.00294018,80.25670624,54469,54479,10
13.00337982,80.25679779,54479,54490,11
13.00403023,80.25691223,54490,54500,10
13.00467014,80.25704193,54500,54510,10
13.0053196,80.25720215,54510,54520,10
13.00562954,80.25727081,54520,54530,10
13.00603962,80.25734711,54530,54540,10
13.00646973,80.2572937,54540,54550,10
13.0064497,80.25678253,54550,54560,10
13.00650978,80.25605011,54560,54570,10
13.00650024,80.25530243,54570,54580,10
13.00652981,80.25460052,54580,54590,10
13.00650024,80.25402069,54590,54601,11
13.00654984,80.25318146,54601,54621,20
13.00654984,80.25318146,54621,54631,10
13.00656033,80.25311279,54631,54641,10
13.00652027,80.25260162,54641,54661,20
13.00652027,80.25260162,54661,54671,10
13.00648975,80.25244141,54671,54681,10
13.0065403,80.25222015,54681,54691,10
13.00658989,80.25183105,54691,54702,11
13.00671959,80.2510376,54702,54712,10
13.00675011,80.25025177,54712,54722,10
13.00673962,80.24971771,54722,54762,40
13.00673962,80.24971771,54762,54772,10
13.00677013,80.24967957,54772,54782,10
13.00677967,80.24935913,54782,54792,10
13.00666046,80.24858856,54792,54812,20
13.00660038,80.24845886,54812,54853,41
13.00660038,80.24845886,54853,54863,10
13.00669003,80.24819946,54863,54873,10
13.00666046,80.24797821,54873,54883,10
13.00666046,80.24758911,54883,54893,10
13.00666046,80.24698639,54893,54903,10
13.00658035,80.24649811,54903,54913,10
13.00660038,80.24643707,54913,54923,10
13.00660038,80.2463913,54923,54934,11
13.00664043,80.24597931,54934,54944,10
13.00664043,80.2452774,54944,54954,10
13.00660992,80.24459076,54954,54964,10
13.00669956,80.24424744,54964,54974,10
13.00667953,80.24378204,54974,54984,10
13.00658989,80.24346161,54984,54994,10
13.00654984,80.24304199,54994,55004,10
13.00656033,80.24211121,55004,55014,10
13.00656033,80.24163818,55014,55024,10
13.00658035,80.24157715,55024,55035,11
13.00656033,80.24120331,55035,55045,10
13.00660992,80.24073792,55045,55055,10
13.00669003,80.24041748,55055,55065,10
13.00677967,80.24001312,55065,55075,10
13.00701046,80.23931885,55075,55085,10
13.00716019,80.23844147,55085,55095,10
13.00728035,80.2376709,55095,55105,10
13.00741959,80.23658752,55105,55136,31
13.00741959,80.23658752,55136,55145,9
13.00753021,80.23625946,55145,55156,11
13.00761032,80.23577881,55156,55166,10
13.00778961,80.23536682,55166,55176,10
13.00804043,80.23471069,55176,55186,10
13.00831985,80.23383331,55186,55196,10
13.00833988,80.23204041,55196,55206,10
13.00854015,80.23084259,55206,55216,10
13.00876045,80.22911072,55216,55267,51
13.00876045,80.22911072,55267,55277,10
13.01091003,80.22422791,55277,55287,10
13.0111599,80.22376251,55287,55297,10
13.01132011,80.2231369,55297,55307,10
13.01154995,80.22289276,55307,55317,10
13.01196003,80.22194672,55317,55327,10
13.01222992,80.22160339,55327,55337,10
13.01247025,80.2216568,55337,55347,10
13.01274014,80.22213745,55347,55357,10
13.01284027,80.22216034,55357,55368,11
13.01387024,80.22332001,55368,55378,10
13.01422977,80.22382355,55378,55388,10
13.01476002,80.22429657,55388,55398,10
13.01535988,80.22485352,55398,55418,20
13.01535988,80.22485352,55418,55428,10
13.01550007,80.22505188,55428,55438,10
13.01581001,80.22527313,55438,55448,10
13.01640034,80.22530365,55448,55458,10
13.01714993,80.22499847,55458,55468,10
13.01799011,80.22470093,55468,55479,11
13.01869965,80.22440338,55479,55489,10
13.01935005,80.22427368,55489,55509,20
13.01935005,80.22427368,55509,55519,10
13.01970005,80.22451782,55519,55539,20
13.01970005,80.22451782,55539,55549,10
13.01972008,80.22457886,55549,55559,10
13.01994038,80.22471619,55559,55569,10
13.02038002,80.22503662,55569,55579,10
13.02097034,80.22537994,55579,55589,10
13.0216198,80.22592163,55589,55600,11
13.02245998,80.22660828,55600,55610,10
13.02324963,80.22730255,55610,55620,10
13.02385998,80.22788239,55620,55630,10
13.02422047,80.2282486,55630,55640,10
13.02425957,80.22828674,55640,55650,10
13.0244503,80.22859955,55650,55660,10
13.02478981,80.2290802,55660,55670,10
13.02521992,80.22962952,55670,55680,10
13.02534962,80.2297821,55680,55690,10
13.02538967,80.2298584,55690,55701,11
13.02565956,80.23029327,55701,55711,10
13.02587986,80.23082733,55711,55721,10
13.02593994,80.23117828,55721,55731,10
13.02633953,80.23116302,55731,55741,10
13.02707005,80.23101807,55741,55751,10
13.02787018,80.23091888,55751,55760,9
13.02834034,80.23082733,55760,55771,11
13.02842045,80.23084259,55771,55781,10
13.02857971,80.23084259,55781,55791,10
13.02917004,80.23075104,55791,55832,41
13.02917004,80.23075104,55832,55842,10
13.02945995,80.23071289,55842,55852,10
13.0299902,80.23068237,55852,55862,10
13.03050995,80.23062897,55862,55872,10
13.03063011,80.23059082,55872,55882,10
13.03063965,80.23029327,55882,55892,10
13.03050041,80.22975922,55892,55902,10
13.03026962,80.22911072,55902,55912,10
13.03032017,80.2286377,55912,55923,11
13.03036022,80.22824097,55923,55933,10
13.03038979,80.22811127,55933,55943,10
13.03048038,80.22775269,55943,55953,10
13.03030014,80.22744751,55953,55963,10
13.02980042,80.22741699,55963,55973,10
13.02925014,80.2273407,55973,55983,10
13.0289402,80.22727203,55983,55993,10
13.02869034,80.22724152,55993,56003,10
13.02845001,80.22720337,56003,56013,10
13.02818012,80.22718048,56013,56023,10
13.02791977,80.22688293,56023,56034,11
13.02801991,80.22657776,56034,56044,10
13.0281601,80.22528076,56044,56054,10
13.02834988,80.22444916,56054,56063,9
13.02847958,80.22393799,56063,56074,11
13.02873039,80.22393799,56074,56084,10
13.0287199,80.22395325,56084,56094,10
13.02884007,80.22406006,56094,56104,10
13.02908039,80.22415924,56104,56114,10
13.02966976,80.22416687,56114,56124,10
13.03038979,80.22421265,56124,56134,10
13.03087997,80.22419739,56134,56145,11
13.03110027,80.22389984,56145,56155,10
13.03118992,80.22338104,56155,56165,10
13.03122997,80.22318268,56165,56175,10
13.03131962,80.22296906,56175,56185,10
13.03149033,80.22254944,56185,56195,10
13.03172016,80.22177124,56195,56205,10
13.03192043,80.22110748,56205,56215,10
13.0320797,80.22058105,56215,56225,10
13.03213978,80.22003174,56225,56235,10
13.0321703,80.2196579,56235,56245,10
13.0321703,80.21965027,56245,56262,17
13.03223991,80.21936035,56262,56274,12
13.03221989,80.21855927,56274,56284,10
13.03153992,80.21836853,56284,56294,10
13.03135967,80.2180481,56294,56304,10
13.03133965,80.21720123,56304,56313,9
13.03131962,80.21698761,56313,56323,10
13.03100014,80.2170105,56323,56334,11
13.03057957,80.21694946,56334,56344,10
13.03052998,80.21685028,56344,56353,9
13.03046036,80.21668243,56353,56365,12
13.03038025,80.21608734,56365,56375,10
13.03040981,80.21543121,56375,56385,10
13.03044033,80.21482086,56385,56395,10
13.03040028,80.21453094,56395,56405,10
13.03038979,80.2143631,56405,56415,10
13.03040028,80.21401978,56415,56425,10
13.03052044,80.21372223,56425,56435,10
13.03055954,80.21353149,56435,56445,10
13.03063965,80.21333313,56445,56455,10
13.03059959,80.21218109,56455,56465,10
13.03094959,80.21177673,56465,56476,11
13.0309,80.21147919,56476,56486,10
13.03094006,80.21105194,56486,56496,10
13.03106022,80.2109375,56496,56506,10
13.03102016,80.21009827,56506,56516,10
13.03081989,80.20995331,56516,56526,10
13.03059959,80.20979309,56526,56536,10
13.02997017,80.20976257,56536,56546,10
13.02972031,80.20960236,56546,56557,11
13.03034019,80.20900726,56557,56566,9
13.03118038,80.20929718,56566,56576,10
13.03159046,80.2094574,56576,56587,11
13.03164005,80.20950317,56587,56597,10
13.03178978,80.20950317,56597,56607,10
13.03215981,80.20939636,56607,56627,20
13.03215981,80.20939636,56627,56637,10
13.03460026,80.20995331,56637,56647,10
13.03507042,80.2097702,56647,56657,10
13.0352602,80.20938873,56657,56667,10
13.0352602,80.20860291,56667,56698,31
13.0352602,80.20860291,56698,56708,10
13.0353899,80.2080307,56708,56728,20
13.0353899,80.2080307,56728,56738,10
13.03565979,80.20606232,56738,56748,10
13.03549004,80.20535278,56748,56768,20
13.03549004,80.20535278,56768,56778,10
13.03563976,80.20527649,56778,56788,10
13.03579998,80.20523834,56788,56798,10
13.0357399,80.20439911,56798,56809,11
13.0359602,80.20371246,56809,56839,30
13.0359602,80.20371246,56839,56849,10
13.03645992,80.20160675,56849,56879,30
13.03645992,80.20160675,56879,56889,10
13.03656006,80.19972229,56889,56900,11
13.03740978,80.19888306,56900,56909,9
13.03812981,80.19898987,56909,56920,11
13.03765011,80.19867706,56920,56930,10
13.0373497,80.19837189,56930,56940,10
13.03705978,80.19753265,56940,56950,10
13.03711033,80.19683075,56950,56960,10
13.03707027,80.19631958,56960,56970,10
13.0370903,80.19606018,56970,56980,10
13.0373497,80.19583893,56980,56990,10
13.03748989,80.19500732,56990,57000,10
13.03752041,80.19403076,57000,57010,10
13.03763962,80.19309235,57010,57020,10
13.03785992,80.19274902,57020,57031,11
13.03872013,80.19283295,57031,57051,20
13.03872013,80.19283295,57051,57061,10
13.03896046,80.19283295,57061,57071,10
13.03938007,80.19286346,57071,57081,10
13.04001045,80.19300079,57081,57091,10
13.04067039,80.19306183,57091,57101,10
13.0413599,80.19328308,57101,57112,11
13.04178047,80.19351959,57112,57121,9
13.04164028,80.19393921,57121,57131,10
13.04162025,80.19403076,57131,57142,11
13.04179001,80.19415283,57142,57152,10
13.04185009,80.19419861,57152,57161,9
13.04133034,80.19661713,57161,57172,11
13.04144955,80.19683838,57172,57182,10
13.04143047,80.19683075,57182,57192,10
13.04125977,80.19706726,57192,57202,10
13.04121971,80.1973877,57202,57211,9
13.04111958,80.19792175,57211,57221,10
13.04108047,80.19851685,57221,57231,10
13.04086971,80.19918823,57231,57242,11
13.04096985,80.19931793,57242,57253,11
13.04109955,80.19994354,57253,57263,10
13.04082012,80.20082092,57263,57273,10
13.04063034,80.20168304,57273,57283,10
13.04055023,80.20204163,57283,57293,10
13.04051971,80.20259094,57293,57303,10
13.04041004,80.20339966,57303,57313,10
13.04028034,80.20413208,57313,57323,10
13.0401001,80.20464325,57323,57333,10
13.04014969,80.20497894,57333,57343,10
13.04061985,80.20506287,57343,57353,10
13.04104996,80.20513153,57353,57364,11
13.04121017,80.20511627,57364,57374,10
13.04168034,80.2052002,57374,57384,10
13.04238987,80.20535278,57384,57394,10
13.04269028,80.20574188,57394,57404,10
13.04312038,80.20628357,57404,57414,10
13.04358959,80.20690918,57414,57430,16
13.0440197,80.20800781,57430,57442,12
13.04407978,80.20890808,57442,57451,9
13.04409027,80.20902252,57451,57462,11
13.04407978,80.20918274,57462,57473,11
13.04393959,80.20973206,57473,57483,10
13.04405022,80.21058655,57483,57493,10
13.04415989,80.21147919,57493,57503,10
13.04421997,80.21205139,57503,57512,9
13.04424,80.21211243,57512,57523,11
13.04442978,80.21218872,57523,57533,10
13.04504013,80.2121582,57533,57542,9
13.04566002,80.2121582,57542,57552,10
13.04634953,80.21214294,57552,57563,11
13.04691029,80.21211243,57563,57573,10
13.04703999,80.21170044,57573,57594,21
13.04703999,80.21170044,57594,57604,10
13.04706001,80.21141052,57604,57614,10
13.04701996,80.21086884,57614,57624,10
13.04722023,80.21076965,57624,57634,10
13.04751968,80.21077728,57634,57644,10
13.04817963,80.2108078,57644,57654,10
13.04881954,80.2108078,57654,57664,10
13.04909992,80.21079254,57664,57674,10
13.04936028,80.21080017,57674,57684,10
13.04961967,80.21070099,57684,57695,11
13.04961967,80.21018219,57695,57705,10
13.04948997,80.20948792,57705,57715,10
13.04951,80.20913696,57715,57725,10
13.04942989,80.20870209,57725,57735,10
13.04920006,80.20802307,57735,57745,10
13.04901028,80.2075119,57745,57755,10
13.04887009,80.20710754,57755,57775,20
13.04887009,80.20710754,57775,57785,10
13.04885006,80.20684052,57785,57806,21
13.04885006,80.20684052,57806,57816,10
13.0489397,80.2067337,57816,57826,10
13.04905987,80.20700073,57826,58330,504
13.04905987,80.20700073,58330,58340,10
13.04895973,80.20738983,58340,58351,11
13.04903984,80.2077179,58351,58361,10
13.04922962,80.20822144,58361,58371,10
13.04932022,80.20867157,58371,58381,10
13.04942036,80.2090683,58381,58391,10
13.04946041,80.20966339,58391,58401,10
13.04955959,80.21025848,58401,58411,10
13.0496397,80.21079254,58411,58421,10
13.04979992,80.21160126,58421,58462,41
13.04979992,80.21160126,58462,58472,10
13.04986954,80.21170044,58472,58482,10
13.04988003,80.21193695,58482,58492,10
13.04979038,80.2121582,58492,58502,10
13.04955959,80.21218872,58502,58512,10
13.04953957,80.21218872,58512,58522,10
13.04936981,80.21217346,58522,58532,10
13.04889965,80.21222687,58532,58542,10
13.04833031,80.21228027,58542,58552,10
13.04751968,80.21237183,58552,58562,10
13.04656029,80.21240997,58562,58573,11
13.04545975,80.21244049,58573,58583,10
13.04463959,80.21250916,58583,58643,60
13.04463959,80.21250916,58643,58653,10
13.04438019,80.21248627,58653,58663,10
13.04421997,80.21221924,58663,58673,10
13.04421043,80.21151733,58673,58684,11
13.04417992,80.21073151,58684,58694,10
13.04413033,80.21047974,58694,58704,10
13.04415035,80.21041107,58704,58714,10
13.04413986,80.21022034,58714,58724,10
13.04413033,80.21009827,58724,58734,10
13.04407024,80.20874786,58734,58744,10
13.04407024,80.20867157,58744,58754,10
13.04403019,80.20845032,58754,58764,10
13.04413033,80.20778656,58764,58774,10
13.04372978,80.20709229,58774,58784,10
13.04321957,80.2064209,58784,58795,11
13.04253006,80.20558167,58795,58804,9
13.04034042,80.204422,58804,58956,152
13.04034042,80.204422,58956,58972,16
13.03878975,80.20014954,58972,58984,12
13.0388298,80.19947052,58984,58994,10
13.0389204,80.19915009,58994,59004,10
13.0389204,80.19886017,59004,59014,10
13.03903008,80.19841766,59014,59024,10
13.03907013,80.19766998,59024,59035,11
13.03921986,80.19685364,59035,59055,20
13.03925037,80.19686127,59055,59126,71
13.03925037,80.19686127,59126,59136,10
13.03985023,80.19303131,59136,59146,10
13.03969002,80.19297028,59146,59156,10
13.03931046,80.19290924,59156,59166,10
13.03855038,80.19284821,59166,59186,20
13.03855038,80.19284821,59186,59196,10
13.03835964,80.19283295,59196,59206,10
13.03796005,80.19274139,59206,59216,10
13.03765011,80.19293976,59216,59226,10
13.03765011,80.19361115,59226,59236,10
13.03783035,80.19441223,59236,59247,11
13.03732014,80.19564056,59247,59257,10
13.03721046,80.19603729,59257,59267,10
13.03722954,80.19608307,59267,59277,10
13.03709984,80.19682312,59277,59287,10
13.03709984,80.19682312,59287,59297,10
13.0369997,80.19760132,59297,59307,10
13.03687954,80.19834137,59307,59317,10
13.03686047,80.1986618,59317,59327,10
13.03678989,80.19866943,59327,59337,10
13.03674984,80.19904327,59337,59348,11
13.03670025,80.19979095,59348,59359,11
13.03660965,80.20059967,59359,59369,10
13.0364399,80.20133972,59369,59379,10
13.03637028,80.20187378,59379,59399,20
13.03637028,80.20187378,59399,59409,10
13.03633022,80.20201874,59409,59419,10
13.03623009,80.20249939,59419,59429,10
13.03616047,80.20317841,59429,59439,10
13.03604031,80.20398712,59439,59450,11
13.03594971,80.20478058,59450,59460,10
13.0358696,80.20545197,59460,59470,10
13.03586006,80.20552063,59470,59480,10
13.03592014,80.20588684,59480,59490,10
13.03600025,80.20587158,59490,59571,81
13.03600025,80.20587158,59571,59581,10
13.03491974,80.21076202,59581,59591,10
13.03483963,80.21134186,59591,59601,10
13.03472996,80.21205139,59601,59611,10
13.03431988,80.21215057,59611,59621,10
13.03365993,80.21205139,59621,59631,10
13.03291035,80.21195221,59631,59641,10
13.0324297,80.2118988,59641,59651,10
13.03240967,80.2118988,59651,59661,10
13.03223038,80.21186066,59661,59671,10
13.03188992,80.21170044,59671,59682,11
13.03194046,80.21118164,59682,59692,10
13.03197002,80.21056366,59692,59702,10
13.03209972,80.20983887,59702,59712,10
13.03178024,80.20957184,59712,59722,10
13.03106022,80.20944214,59722,59732,10
13.03044033,80.20928955,59732,59742,10
13.03017044,80.20926666,59742,59752,10
13.03005981,80.20961761,59752,59762,10
13.02999973,80.20967865,59762,59772,10
13.03022003,80.20993805,59772,59782,10
13.03098011,80.21005249,59782,59803,21
13.03098011,80.21005249,59803,59813,10
13.03096008,80.21037292,59813,59823,10
13.03089046,80.21092224,59823,59833,10
13.03085995,80.21121216,59833,59843,10
13.03085041,80.21141815,59843,59874,31
13.03085041,80.21141815,59874,59884,10
13.03100014,80.21378326,59884,59894,10
13.03092957,80.21405792,59894,60003,109
13.03092957,80.21405792,60003,60013,10
13.03172016,80.21840668,60013,60023,10
13.0322504,80.21851349,60023,60033,10
13.03238964,80.2188797,60033,60043,10
13.03225994,80.21964264,60043,60053,10
13.03221989,80.22042084,60053,60073,20
13.03240967,80.22032928,60073,60094,21
13.03240967,80.22032928,60094,60103,9
13.03166008,80.2219696,60103,60114,11
13.03151035,80.22254181,60114,60124,10
13.03141975,80.22273254,60124,60134,10
13.03116989,80.22396851,60134,60154,20
13.03116989,80.22396851,60154,60164,10
13.03131008,80.22386932,60164,60174,10
13.02970028,80.22444153,60174,60184,10
13.02968979,80.22429657,60184,60194,10
13.0289402,80.22412109,60194,60214,20
13.0289402,80.22412109,60214,60224,10
13.02879047,80.22406769,60224,60235,11
13.02838039,80.22406769,60235,60245,10
13.02797031,80.22405243,60245,60255,10
13.02812958,80.22577667,60255,60265,10
13.02801991,80.22640228,60265,60275,10
13.02791977,80.22693634,60275,60285,10
13.02795029,80.22731018,60285,60344,59
13.02795029,80.22731018,60344,60354,10
13.03036976,80.22759247,60354,60364,10
13.03034019,80.2280426,60364,60404,40
13.03034019,80.2280426,60404,60414,10
13.03059959,80.23007202,60414,60424,10
13.03065014,80.23047638,60424,60434,10
13.03071022,80.23046875,60434,60444,10
13.03069973,80.23046875,60444,60455,11
13.0306797,80.23074341,60455,60465,10
13.03069973,80.23069763,60465,60475,10
13.03067017,80.23065186,60475,60485,10
13.03054047,80.2307663,60485,60495,10
13.03065968,80.23066711,60495,60505,10
13.03044987,80.23082733,60505,60515,10
13.03001976,80.23079681,60515,60525,10
13.02968025,80.23084259,60525,60535,10
13.02968025,80.23082733,60535,60545,10
13.02935982,80.23085022,60545,60556,11
13.02873993,80.23090363,60556,60566,10
13.02805996,80.23095703,60566,60576,10
13.02762032,80.23104095,60576,60586,10
13.02760983,80.23153687,60586,60596,10
13.02772045,80.23220825,60596,60606,10
13.02781963,80.23278046,60606,60616,10
13.02737999,80.23291016,60616,60626,10
13.02690029,80.23297882,60626,60636,10
13.02655983,80.23300171,60636,60858,222
13.02655983,80.23300171,60858,60868,10
13.01863956,80.22466278,60868,60878,10
13.01772022,80.22502136,60878,60889,11
13.01694965,80.22531128,60889,60899,10
13.01663017,80.22545624,60899,60915,16
13.01599979,80.22566223,60915,60927,12
13.01544952,80.22586823,60927,60937,10
13.01486015,80.22609711,60937,60947,10
13.01418018,80.22635651,60947,60968,21
13.01418018,80.22635651,60968,60978,10
13.01401043,80.22640228,60978,60988,10
13.01358032,80.22657013,60988,60998,10
13.01290989,80.22682953,60998,61009,11
13.01208973,80.22714996,61009,61019,10
13.01126003,80.22750092,61019,61029,10
13.01035976,80.22785187,61029,61039,10
13.00957012,80.2281723,61039,61049,10
13.00909042,80.22875977,61049,61059,10
13.00893974,80.22963715,61059,61069,10
13.00874996,80.23066711,61069,61079,10
13.00852013,80.23181152,61079,61089,10
13.00831032,80.23297882,61089,61099,10
13.00819969,80.23378754,61099,61120,21
13.00819969,80.23378754,61120,61136,16
13.00804043,80.23423004,61136,61148,12
13.00790024,80.23496246,61148,61158,10
13.00778008,80.23557281,61158,61168,10
13.00763988,80.23623657,61168,61177,9
13.0075798,80.23655701,61177,61188,11
13.00749969,80.23695374,61188,61198,10
13.00739956,80.23735046,61198,61208,10
13.00728989,80.23802948,61208,61219,11
13.0071497,80.23889923,61219,61229,10
13.00702,80.23973083,61229,61239,10
13.00691986,80.2405014,61239,61249,10
13.00683975,80.24099731,61249,61259,10
13.0067997,80.24104309,61259,61269,10
13.00675011,80.24128723,61269,61279,10
13.00671959,80.24188995,61279,61289,10
13.00669956,80.24269867,61289,61299,10
13.00667953,80.2432785,61299,61309,10
13.00667953,80.24347687,61309,61319,10
13.00667953,80.24382782,61319,61330,11
13.00667953,80.24443054,61330,61340,10
13.00664043,80.24485779,61340,61350,10
13.00667953,80.24537659,61350,61360,10
13.00669003,80.24572754,61360,61380,20
13.00669003,80.24572754,61380,61390,10
13.00667953,80.24594116,61390,61400,10
13.00671959,80.24635315,61400,61410,10
13.00673962,80.24700165,61410,61420,10
13.00671959,80.24781799,61420,61430,10
13.00673962,80.24871063,61430,61441,11
13.00685978,80.24951935,61441,61451,10
13.00685024,80.24958038,61451,61461,10
13.00683975,80.2496109,61461,61471,10
13.00683022,80.25003052,61471,61481,10
13.00681019,80.25060272,61481,61491,10
13.00681973,80.25113678,61491,61501,10
13.00681019,80.25145721,61501,61511,10
13.00669956,80.25184631,61511,61521,10
13.00656033,80.25243378,61521,61531,10
13.00650978,80.25276184,61531,61541,10
13.00652027,80.25292969,61541,61552,11
13.00654984,80.25353241,61552,61562,10
13.0065403,80.25424957,61562,61572,10
13.00662041,80.25521851,61572,61602,30
13.00662041,80.25521851,61602,61612,10
13.00662041,80.25547791,61612,61622,10
13.00660038,80.25588989,61622,61632,10
13.00660038,80.2564621,61632,61642,10
13.00662041,80.25681305,61642,61693,51
13.00662041,80.25681305,61693,61703,10
13.00656033,80.25689697,61703,61713,10
13.00666046,80.25733948,61713,61723,10
13.00646019,80.25759888,61723,61733,10
13.00597954,80.25749969,61733,61743,10
13.00541973,80.25733948,61743,61753,10
13.00483036,80.25718689,61753,61763,10
13.00421047,80.25708008,61763,61774,11
13.00370026,80.25694275,61774,61784,10
13.00337982,80.25688171,61784,61804,20
13.00337982,80.25688171,61804,61814,10
13.00325012,80.2568512,61814,61824,10
13.00304985,80.25682068,61824,61834,10
13.00284004,80.25675964,61834,61844,10
13.00244045,80.25669861,61844,61854,10
13.00214005,80.25663757,61854,61864,10
13.0018301,80.25657654,61864,61874,10
13.00131989,80.25653839,61874,61885,11
13.0008297,80.2564621,61885,61895,10
13.00008965,80.25637054,61895,61925,30
13.00008965,80.25637054,61925,61935,10
12.99991035,80.25627899,61935,61955,20
12.99991035,80.25627899,61955,61965,10
12.99964046,80.25624084,61965,61975,10
12.99925995,80.25615692,61975,61985,10
12.99886036,80.25610352,61985,61996,11
12.99862003,80.25602722,61996,62006,10
12.99825954,80.25598145,62006,62016,10
12.99775982,80.25595093,62016,62026,10
12.99738979,80.25592041,62026,62036,10
12.99695015,80.2559967,62036,62046,10
12.99683952,80.25655365,62046,62056,10
12.99682045,80.25717926,62056,62076,20
12.99682045,80.25717926,62076,62086,10
12.99682999,80.25726318,62086,62096,10
12.99680042,80.25743866,62096,62107,11
12.99668026,80.25791931,62107,62117,10
12.99662018,80.25865173,62117,62127,10
12.99658966,80.25914001,62127,62167,40
12.99658966,80.25914001,62167,62177,10
12.9965601,80.25926208,62177,62187,10
12.99654961,80.25940704,62187,62197,10
12.99652004,80.25965118,62197,62208,11
12.99645996,80.26013947,62208,62218,10
12.99639034,80.260849,62218,62228,10
12.99631977,80.26165771,62228,62238,10
12.9962101,80.26248169,62238,62258,20
12.9962101,80.26248169,62258,62268,10
12.99615002,80.26264191,62268,62278,10
12.99612999,80.26302338,62278,62288,10
12.99612045,80.26320648,62288,62298,10
12.99610996,80.26364899,62298,62308,10
12.99604034,80.26435852,62308,62319,11
12.99596977,80.26508331,62319,62329,10
12.99592018,80.26538849,62329,62339,10
12.99588013,80.26573181,62339,62349,10
12.99580002,80.26635742,62349,62359,10
12.9957304,80.26719666,62359,62369,10
12.99582958,80.2677002,62369,62379,10
12.99625969,80.2677536,62379,62419,40
12.99625969,80.2677536,62419,62430,11
12.99654961,80.26776886,62430,62440,10
12.99705982,80.2677002,62440,62450,10
12.99775028,80.26748657,62450,62460,10
12.99847984,80.26727295,62460,62470,10
12.99911022,80.26711273,62470,62480,10
13.00010967,80.2665863,62480,62500,20
13.00010967,80.2665863,62500,62510,10
13.00016975,80.26635742,62510,62520,10
13.00020981,80.26599884,62520,62530,10
13.00028038,80.26571655,62530,62541,11
13.00034046,80.26621246,62541,62995,454
13.00035954,80.2665863,62995,63146,151
13.00035954,80.2665863,63146,63156,10
13.00032997,80.26628113,63156,63227,71
13.00032997,80.26628113,63227,63237,10
13.00030041,80.26660919,63237,63247,10
13.00030041,80.26670074,63247,63257,10
13.00026035,80.26686096,63257,63267,10
13.00024033,80.26687622,63267,63277,10
13.00006008,80.26696777,63277,63287,10
12.99979019,80.26695251,63287,63297,10
12.99930954,80.26702881,63297,63308,11
12.99870014,80.26721954,63308,63318,10
12.99808025,80.26737976,63318,63328,10
12.99767971,80.26753998,63328,63338,10
12.99674034,80.26777649,63338,63419,81
12.99674034,80.26777649,63419,63429,10
12.99647999,80.26777649,63429,63439,10
12.99627018,80.2677536,63439,63449,10
12.99604034,80.2677002,63449,63459,10
12.99573994,80.26770782,63459,63651,192
12.99573994,80.26770782,63651,63661,10
12.99563026,80.26757813,63661,63671,10
12.99567986,80.26712036,63671,63691,20
12.99567986,80.26712036,63691,63701,10
12.99571037,80.26690674,63701,63731,30
12.99571037,80.26690674,63731,63742,11
12.99573994,80.26663971,63742,63752,10
12.99580956,80.26615906,63752,63762,10
12.99590015,80.26551819,63762,63772,10
12.99596977,80.26481628,63772,63782,10
12.99606991,80.26405334,63782,63792,10
12.99612045,80.26351166,63792,63802,10
12.99617004,80.26309967,63802,63812,10
12.99619961,80.2627182,63812,63822,10
12.9962101,80.26261139,63822,63832,10
12.99623966,80.2624588,63832,63842,10
12.99627018,80.26204681,63842,63853,11
12.99635983,80.26145935,63853,63863,10
12.99641991,80.26077271,63863,63873,10
12.99647045,80.26027679,63873,63883,10
12.99652004,80.25987244,63883,63893,10
12.99650955,80.2594986,63893,63903,10
12.99650955,80.25943756,63903,63913,10
12.9965601,80.2592926,63913,63923,10
12.99658966,80.25898743,63923,63933,10
12.99660015,80.25878906,63933,63943,10
12.99664021,80.25824738,63943,63953,10
12.99672985,80.25752258,63953,63964,11
12.99682045,80.25673676,63964,63974,10
12.99682999,80.25666809,63974,63984,10
12.99687958,80.25617981,63984,64064,80
12.99687958,80.25617981,64064,64075,11
12.9969902,80.25592041,64075,64085,10
12.99738979,80.25591278,64085,64095,10
12.9980402,80.25595093,64095,64105,10
12.99884033,80.25605774,64105,64155,50
12.99884033,80.25605774,64155,64165,10
12.99901962,80.25608063,64165,64175,10
12.99929047,80.25610352,64175,64186,11
12.9997797,80.25623322,64186,64195,9
13.00014019,80.25627136,64195,64206,11
13.00049973,80.25627136,64206,64256,50
13.00049973,80.25627136,64256,64266,10
13.00102997,80.25639343,64266,64337,71
13.00102997,80.25639343,64337,64347,10
13.00115967,80.25650787,64347,64357,10
13.00135994,80.25650024,64357,64387,30
13.00135994,80.25650024,64387,64397,10
13.00170994,80.25655365,64397,64408,11
13.00212955,80.25659943,64408,64418,10
13.00245953,80.25668335,64418,64428,10
13.00280952,80.25673676,64428,64438,10
13.00329971,80.25682068,64438,64448,10
13.00376034,80.25689697,64448,64458,10
13.00403976,80.25695038,64458,64488,30
13.00403976,80.25695038,64488,64498,10
13.00438023,80.25704193,64498,64508,10
13.00489044,80.25715637,64508,64519,11
13.0053997,80.2572403,64519,64529,10
13.00568008,80.2572937,64529,64539,10
13.00619984,80.25734711,64539,64549,10
13.0065403,80.25727844,64549,64559,10
13.00652027,80.25704193,64559,64569,10
13.00648975,80.25662994,64569,64579,10
13.00646973,80.25605011,64579,64589,10
13.00648975,80.25579834,64589,64599,10
13.00650024,80.25563049,64599,64609,10
13.00652027,80.25514984,64609,64619,10
13.00652027,80.25444794,64619,64630,11
13.00652027,80.25328827,64630,64650,20
13.00652027,80.25328827,64650,64660,10
13.00650024,80.2530365,64660,64670,10
13.00652027,80.2525177,64670,64680,10
13.0065403,80.25216675,64680,64741,61
13.0065403,80.25216675,64741,64751,10
13.00658035,80.25219727,64751,64761,10
13.00667,80.25186157,64761,64771,10
13.00671959,80.25115204,64771,64781,10
13.00675011,80.25034332,64781,64791,10
13.00675964,80.24951935,64791,64801,10
13.00679016,80.24945831,64801,64811,10
13.00675011,80.2492218,64811,64882,71
13.00675011,80.2492218,64882,64892,10
13.00671959,80.24902344,64892,64902,10
13.00667953,80.24874115,64902,64912,10
13.00666046,80.2485199,64912,64922,10
13.00664043,80.24832916,64922,64932,10
13.00662994,80.24796295,64932,64942,10
13.00664043,80.24748993,64942,64953,11
13.00660038,80.246521,64953,64973,20
13.00660038,80.246521,64973,64983,10
13.00662994,80.24645996,64983,64993,10
13.00664997,80.24609375,64993,65003,10
13.00662041,80.24562836,65003,65013,10
13.00660992,80.24536133,65013,65023,10
13.00660038,80.24506378,65023,65033,10
13.00662041,80.24478912,65033,65043,10
13.00660992,80.24455261,65043,65053,10
13.00662041,80.24437714,65053,65064,11
13.00660038,80.24408722,65064,65074,10
13.00660038,80.24375153,65074,65084,10
13.00660038,80.24324799,65084,65094,10
13.00658035,80.24260712,65094,65104,10
13.00656033,80.24152374,65104,65124,20
13.00656033,80.24152374,65124,65134,10
13.00656986,80.2412796,65134,65144,10
13.00662041,80.24078369,65144,65154,10
13.00669003,80.24044037,65154,65164,10
13.00669956,80.24041748,65164,65175,11
13.00673962,80.2401886,65175,65185,10
13.00683022,80.23976135,65185,65195,10
13.00701046,80.23902893,65195,65205,10
13.00710011,80.2383728,65205,65215,10
13.00722027,80.23792267,65215,65225,10
13.00734043,80.23747253,65225,65235,10
13.0074501,80.23661041,65235,65255,20
13.0074501,80.23661041,65255,65265,10
13.00749016,80.23652649,65265,65275,10
13.0075798,80.23616028,65275,65286,11
13.00769997,80.23557281,65286,65296,10
13.00782013,80.23500061,65296,65306,10
13.00794983,80.23435211,65306,65316,10
13.00809956,80.23361969,65316,65326,10
13.00825977,80.23274994,65326,65336,10
13.00842953,80.23184967,65336,65346,10
13.00862026,80.23090363,65346,65356,10
13.00877953,80.23013306,65356,65366,10
13.00899982,80.22901917,65366,65376,10
13.00920963,80.22811127,65376,65386,10
13.00957966,80.22727203,65386,65397,11
13.01000023,80.22638702,65397,65407,10
13.01031971,80.22573853,65407,65417,10
13.01060009,80.22524261,65417,65427,10
13.01086044,80.22476196,65427,65437,10
13.01113987,80.22406769,65437,65447,10
13.01134014,80.22341919,65447,65457,10
13.01161003,80.22274017,65457,65467,10
13.01196957,80.22194672,65467,65477,10
13.01220989,80.22145844,65477,65487,10
13.01237011,80.22158051,65487,65497,10
13.01259041,80.22202301,65497,65508,11
13.01303005,80.22267914,65508,65518,10
13.0134697,80.22305298,65518,65528,10
13.01393032,80.22350311,65528,65538,10
13.01422024,80.22383118,65538,65548,10
13.0145998,80.22438049,65548,65558,10
13.0149498,80.224617,65558,65568,10
13.0150404,80.22466278,65568,65578,10
13.01511002,80.22466278,65578,65588,10
13.01566029,80.2250824,65588,65608,20
13.01566029,80.2250824,65608,65619,11
13.01583004,80.22527313,65619,65629,10
13.0163002,80.22531128,65629,65645,16
13.01737976,80.22493744,65645,65657,12
13.01821995,80.22457886,65657,65665,8
13.01879978,80.22434235,65665,65677,12
13.01933956,80.22427368,65677,65707,30
13.01933956,80.22427368,65707,65717,10
13.01957989,80.22444153,65717,65737,20
13.01957989,80.22444153,65737,65748,11
13.0197401,80.22451019,65748,65758,10
13.02017021,80.22485352,65758,65768,10
13.02060986,80.22518158,65768,65778,10
13.02114964,80.22557068,65778,65787,9
13.02167988,80.22598267,65787,65798,11
13.02241039,80.22657013,65798,65808,10
13.02311993,80.227211,65808,65818,10
13.0236702,80.22770691,65818,65828,10
13.02408028,80.22812653,65828,65839,11
13.02437973,80.228508,65839,65849,10
13.02466011,80.2289505,65849,65859,10
13.02492046,80.22928619,65859,65869,10
13.02517986,80.22962952,65869,65877,8
13.02530956,80.22975922,65877,65889,12
13.02540016,80.22989655,65889,65899,10
13.02558041,80.23014069,65899,65909,10
13.02558994,80.23014832,65909,65919,10
13.02565956,80.23026276,65919,65929,10
13.02573967,80.23046875,65929,65940,11
13.02583027,80.2306366,65940,65950,10
13.02591991,80.23082733,65950,65960,10
13.02598953,80.23097229,65960,65970,10
13.0260601,80.23114777,65970,66030,60
13.0260601,80.23114777,66030,66040,10
13.0261097,80.23136902,66040,66051,11
13.02637959,80.23126221,66051,66151,100
13.02637959,80.23126221,66151,66162,11
13.0267601,80.23108673,66162,66172,10
13.02696991,80.23104095,66172,66202,30
13.02696991,80.23104095,66202,66212,10
13.02737045,80.23095703,66212,66222,10
13.02740002,80.2309494,66222,66232,10
13.02770042,80.2309494,66232,66242,10
13.02795029,80.23091888,66242,66333,91
13.02795029,80.23091888,66333,66343,10
13.02832985,80.23092651,66343,66353,10
13.02863979,80.23088074,66353,66363,10
13.02900028,80.23084259,66363,66373,10
13.02929974,80.2308197,66373,66384,11
13.02958965,80.23078156,66384,66394,10
13.0301199,80.23075867,66394,66404,10
13.03054047,80.23074341,66404,66464,60
13.03054047,80.23074341,66464,66480,16
13.03063965,80.23020172,66480,66493,13
13.03040028,80.22958374,66493,66503,10
13.03030014,80.22899628,66503,66513,10
13.03036022,80.22831726,66513,66533,20
13.03036022,80.22831726,66533,66543,10
13.03038025,80.22805786,66543,66553,10
13.03040028,80.22769928,66553,66563,10
13.03011036,80.22746277,66563,66573,10
13.02947044,80.22731781,66573,66583,10
13.02873039,80.22720337,66583,66604,21
13.02873039,80.22720337,66604,66614,10
13.02853966,80.22714996,66614,66624,10
13.02822018,80.22709656,66624,66634,10
13.02789974,80.22695923,66634,66644,10
13.02791023,80.22669983,66644,66663,19
13.02812958,80.22557831,66663,66675,12
13.02845001,80.22429657,66675,67263,588
13.03057957,80.20908356,67263,68656,1393
13.03057957,80.20908356,68656,68665,9
13.04967022,80.2097702,68665,68676,11
13.04961014,80.20966339,68676,68686,10
13.04955006,80.20957947,68686,68696,10
13.04950047,80.20928192,68696,68706,10
13.04942036,80.20902252,68706,68716,10
13.04932022,80.20858765,68716,68726,10
13.0490799,80.20787811,68726,68736,10
13.04893017,80.20741272,68736,68746,10
13.04889965,80.2071228,68746,68766,20
13.04889965,80.2071228,68766,68776,10
13.04901981,80.20732117,68776,68787,11
13.04889011,80.20713043,68787,68797,10
13.04887009,80.20709991,68797,68807,10
13.04899979,80.20680237,68807,68817,10
13.04911041,80.20688629,68817,68827,10
13.04926014,80.20693207,68827,68837,10
13.04930019,80.20726776,68837,69019,182
13.04930973,80.20729065,69019,69160,141
13.04932976,80.20732117,69160,69180,20
13.04934025,80.20733643,69180,69200,20
13.04916,80.2075882,69200,69231,31
13.04916,80.2075882,69231,69241,10
13.04930973,80.20717621,69241,69251,10
13.04930019,80.20728302,69251,69261,10
13.04911995,80.20732117,69261,69271,10
13.04895973,80.20748138,69271,69281,10
13.0489502,80.20755768,69281,69291,10
13.04897976,80.20765686,69291,69301,10
13.04903984,80.20773315,69301,69311,10
13.04907036,80.20781708,69311,69321,10
13.04916,80.20803833,69321,69332,11
13.04932022,80.20828247,69332,69342,10
13.04934025,80.20864105,69342,69352,10
13.04936981,80.2089386,69352,69362,10
13.04940033,80.20894623,69362,69372,10
13.04948044,80.20903015,69372,69382,10
13.04948044,80.20922852,69382,69392,10
13.04953957,80.20953369,69392,69402,10
13.04961967,80.20995331,69402,69412,10
13.0496397,80.21031952,69412,69422,10
13.04965019,80.21064758,69422,69432,10
13.04969978,80.21102142,69432,69443,11
13.04973984,80.21135712,69443,69453,10
13.04979038,80.21157837,69453,69463,10
13.04975033,80.21166229,69463,69483,20
13.04981995,80.21154022,69483,69511,28
13.04981995,80.21154022,69511,69521,10
13.04994011,80.2117691,69521,69531,10
13.04986,80.21193695,69531,69541,10
13.04994011,80.21205902,69541,69552,11
13.04983044,80.21225739,69552,69562,10
13.04965973,80.21231079,69562,69571,9
13.04965973,80.21205902,69571,69583,12
13.0496397,80.21237183,69583,69593,10
13.04946041,80.21219635,69593,69603,10
13.04916,80.2122879,69603,69613,10
13.04870033,80.21221924,69613,69623,10
13.04821014,80.21212769,69623,69633,10
13.04745007,80.21221161,69633,69643,10
13.04627991,80.21247864,69643,69653,10
13.04586029,80.21247864,69653,69664,11
13.04564953,80.21247864,69664,69674,10
13.04545975,80.21247101,69674,69684,10
13.04522038,80.21253967,69684,69694,10
13.0450201,80.21256256,69694,69704,10
13.0448103,80.21225739,69704,69714,10
13.04456997,80.21240234,69714,69744,30
13.04456997,80.21240234,69744,69754,10
13.04430008,80.2125473,69754,69765,11
13.04415989,80.21240997,69765,69775,10
13.04417992,80.21180725,69775,69785,10
13.04405975,80.21122742,69785,69795,10
13.04411983,80.21076965,69795,69805,10
13.04411983,80.21018219,69805,69815,10
13.04405975,80.20950317,69815,69825,10
13.04407024,80.20897675,69825,69855,30
13.04407024,80.20897675,69855,69865,10
13.04399014,80.20858002,69865,69876,11
13.04397964,80.2081604,69876,69886,10
13.04399014,80.20789337,69886,69896,10
13.04343987,80.2067337,69896,69906,10
13.04296017,80.20610809,69906,69916,10
13.0425396,80.20561218,69916,69926,10
13.04191971,80.20532227,69926,69936,10
13.0414896,80.20519257,69936,69946,10
13.04115963,80.2052002,69946,69956,10
13.04100037,80.20517731,69956,69966,10
13.0407896,80.20513916,69966,69976,10
13.04073048,80.20514679,69976,69987,11
13.04032993,80.20507813,69987,69997,10
13.03989983,80.20500183,69997,70007,10
13.03936005,80.20491791,70007,70017,10
13.0389204,80.20485687,70017,70027,10
13.03835011,80.20481873,70027,70037,10
13.03812027,80.20468903,70037,70047,10
13.03814983,80.204422,70047,70057,10
13.03820038,80.20404053,70057,70067,10
13.03827953,80.20346832,70067,70077,10
13.0383997,80.20265198,70077,70087,10
13.0383997,80.20265198,70087,70098,11
13.03851032,80.20217896,70098,70108,10
13.03855991,80.20189667,70108,70118,10
13.03855038,80.20166779,70118,70128,10
13.03859043,80.20124054,70128,70138,10
13.03874016,80.20098114,70138,70149,11
13.03878021,80.20053864,70149,70160,11
13.03874969,80.20020294,70160,70170,10
13.03890038,80.19959259,70170,70181,11
13.03886032,80.19947052,70181,70221,40
13.03886032,80.19947052,70221,70231,10
13.03921986,80.1966095,70231,70241,10
13.03925991,80.1967926,70241,70251,10
13.03932953,80.19696808,70251,70261,10
13.03952026,80.19625854,70261,70271,10
13.03944016,80.19558716,70271,70281,10
13.03956985,80.19500732,70281,70291,10
13.0396204,80.19423676,70291,70301,10
13.03969955,80.19351196,70301,70312,11
13.03973961,80.19315338,70312,70322,10
13.03977013,80.19286346,70322,70332,10
13.03977013,80.19281006,70332,70342,10
13.03905964,80.19304657,70342,70352,10
13.03859043,80.19281769,70352,70382,30
13.03859043,80.19281769,70382,70392,10
13.03843975,80.19278717,70392,70402,10
13.03810024,80.19274902,70402,70412,10
13.03767967,80.19286346,70412,70423,11
13.03750038,80.19371033,70423,70432,9
13.03742981,80.19441986,70432,70443,11
13.03730011,80.1954422,70443,70453,10
13.03719997,80.19616699,70453,70473,20
13.03719997,80.19616699,70473,70483,10
13.03711033,80.19625092,70483,70493,10
13.03707981,80.19661713,70493,70503,10
13.03697968,80.19721985,70503,70513,10
13.03689957,80.19783783,70513,70523,10
13.03682995,80.198349,70523,70534,11
13.03678989,80.19875336,70534,70544,10
13.03678989,80.19876099,70544,70554,10
13.03678036,80.19895935,70554,70564,10
13.03672028,80.19940948,70564,70574,10
13.03660965,80.20010376,70574,70584,10
13.03649044,80.20085907,70584,70594,10
13.03639984,80.20146942,70594,70604,10
13.03633976,80.2019577,70604,70624,20
13.03633976,80.2019577,70624,70634,10
13.03629971,80.20210266,70634,70645,11
13.03623009,80.20259094,70645,70655,10
13.03614998,80.20321655,70655,70665,10
13.03608036,80.2039566,70665,70675,10
13.03600025,80.20446014,70675,70685,10
13.03592968,80.20462799,70685,70695,10
13.03592968,80.2049408,70695,70705,10
13.03584003,80.20539093,70705,70715,10
13.03575993,80.20597839,70715,70726,11
13.03577995,80.20639038,70726,70746,20
13.03577995,80.20639038,70746,70756,10
13.03555012,80.20786285,70756,70766,10
13.03542995,80.20834351,70766,70776,10
13.03538036,80.20834351,70776,70786,10
13.03536987,80.20857239,70786,70806,20
13.03536987,80.20857239,70806,70816,10
13.03540993,80.20855713,70816,70826,10
13.03505993,80.21073151,70826,70836,10
13.03489017,80.21066284,70836,70846,10
13.03489971,80.21121216,70846,70857,11
13.03474998,80.21186066,70857,70867,10
13.03452015,80.21221924,70867,70877,10
13.03407001,80.21209717,70877,70887,10
13.03347969,80.21192169,70887,70897,10
13.03281975,80.21186066,70897,70907,10
13.03240013,80.21179199,70907,70927,20
13.03250027,80.21177673,70927,70958,31
13.03250027,80.21177673,70958,70968,10
13.0320797,80.2097168,70968,70978,10
13.03190994,80.20890808,70978,70998,20
13.03190994,80.20890808,70998,71008,10
13.03030014,80.20883942,71008,71018,10
13.03026009,80.20879364,71018,71038,20
13.03026009,80.20879364,71038,71049,11
13.02978039,80.2085495,71049,71097,48
13.02978039,80.2085495,71097,71107,10
13.03092003,80.21018219,71107,71117,10
13.03100014,80.21008301,71117,71157,40
13.03100014,80.21008301,71157,71167,10
13.03075027,80.21199036,71167,71177,10
13.03071022,80.21237183,71177,71188,11
13.03059959,80.21278381,71188,71198,10
13.03048038,80.21356201,71198,71207,9
13.03048038,80.21382904,71207,71218,11
13.03040981,80.21421814,71218,71228,10
13.03034973,80.2146225,71228,71238,10
13.03030968,80.2148819,71238,71248,10
13.03030014,80.21495056,71248,71258,10
13.03032017,80.21524048,71258,71268,10
13.03034019,80.21569061,71268,71277,9
13.03036022,80.21614075,71277,71287,10
13.03040028,80.21678162,71287,71299,12
13.03065968,80.21707153,71299,71309,10
13.0306797,80.21705627,71309,71319,10
13.03085995,80.21703339,71319,71329,10
13.03124046,80.21700287,71329,71339,10
13.03143978,80.21726227,71339,71349,10
13.03151035,80.21785736,71349,71359,10
13.03157997,80.21843719,71359,71369,10
13.03211975,80.21858215,71369,71379,10
13.0322504,80.21881104,71379,71389,10
13.03219032,80.21929932,71389,71400,11
13.03219986,80.21990967,71400,71410,10
13.03221989,80.22032166,71410,71420,10
13.03217983,80.22059631,71420,71430,10
13.03213978,80.22065735,71430,71440,10
13.03211975,80.22088623,71440,71450,10
13.03205013,80.22122955,71450,71460,10
13.03190994,80.22170258,71460,71470,10
13.03170967,80.22216797,71470,71480,10
13.03157997,80.22238159,71480,71490,10
13.0313797,80.22276306,71490,71500,10
13.03125,80.22302246,71500,71511,11
13.03124046,80.22341919,71511,71521,10
13.03118038,80.22398376,71521,71531,10
13.03116989,80.22399139,71531,71541,10
13.03116035,80.22431946,71541,71551,10
13.03087997,80.22441101,71551,71561,10
13.0304203,80.22434235,71561,71571,10
13.02989006,80.22428894,71571,71581,10
13.0290699,80.22425842,71581,71601,20
13.0290699,80.22425842,71601,71611,10
13.02892017,80.22424316,71611,71632,21
13.02892017,80.22424316,71632,71642,10
13.02859974,80.22412109,71642,71652,10
13.02844048,80.22445679,71652,71662,10
13.02828026,80.22512054,71662,71672,10
13.02812004,80.22585297,71672,71682,10
13.02797985,80.2265625,71682,71692,10
13.02789021,80.2270813,71692,71702,10
13.02810001,80.22731781,71702,71713,11
13.02855015,80.22736359,71713,71723,10
13.02900982,80.22738647,71723,71773,50
13.02900982,80.22738647,71773,71783,10
13.03038979,80.22831726,71783,71793,10
13.0304203,80.22827148,71793,71803,10
13.03017998,80.22885132,71803,71813,10
13.03005028,80.22956085,71813,71834,21
13.03005028,80.22956085,71834,71844,10
13.03069019,80.23087311,71844,71854,10
13.03071022,80.23091888,71854,71870,16
13.03069973,80.23091125,71870,71882,12
13.03079987,80.23091888,71882,71902,20
13.03079987,80.23091888,71902,71912,10
13.03083038,80.23110962,71912,71921,9
13.03085041,80.23094177,71921,71933,12
13.03081989,80.23088074,71933,71944,11
13.03077984,80.23088074,71944,71965,21
13.03077984,80.23088074,71965,71975,10
13.03071976,80.23081207,71975,71985,10
13.03073978,80.23072052,71985,71995,10
13.0306797,80.2306366,71995,72005,10
13.03057957,80.23049927,72005,72015,10
13.03048992,80.23062134,72015,72025,10
13.0309,80.23075104,72025,72066,41
13.0309,80.23075104,72066,72076,10
13.03030014,80.23075104,72076,72086,10
13.03067017,80.23069763,72086,72096,10
13.03059959,80.23062134,72096,72106,10
13.03065968,80.2309494,72106,72126,20
13.03065968,80.2309494,72126,72136,10
13.03059006,80.2309494,72136,72147,11
13.03065968,80.23123932,72147,72348,201
13.03065968,80.23123932,72348,72358,10
13.02748966,80.23298645,72358,74089,1731
13.02748966,80.23298645,74089,74099,10
12.99604034,80.26351166,74099,74109,10
12.99602032,80.26425934,74109,74119,10
12.99594021,80.26496887,74119,74130,11
12.99592972,80.26531982,74130,74140,10
12.99586964,80.26560974,74140,74150,10
12.99602985,80.2662735,74150,74160,10
12.99582005,80.26702118,74160,74170,10
12.9957304,80.26721191,74170,74180,10
12.99565983,80.26717377,74180,74190,10
12.99567032,80.26715851,74190,74200,10
12.99571037,80.26711273,74200,74210,10
12.9957304,80.26706696,74210,74220,10
12.99571037,80.26705933,74220,74230,10
12.99569988,80.26715088,74230,74241,11
12.99575996,80.26708221,74241,74392,151
12.99575996,80.26708221,74392,74402,10
12.99580002,80.26708221,74402,74412,10
12.99575996,80.26705933,74412,74422,10
12.99555016,80.26685333,74422,74453,31
12.99555016,80.26685333,74453,74463,10
12.99567986,80.26727295,74463,74513,50
12.99567986,80.26727295,74513,74523,10
12.99575996,80.26738739,74523,74533,10
12.99559975,80.26737976,74533,74544,11
12.99530983,80.26760101,74544,74564,20
12.99530983,80.26760101,74564,74574,10
12.99658966,80.26780701,74574,74584,10
12.9969902,80.26780701,74584,74594,10
12.99744987,80.26782227,74594,74624,30
12.99971962,80.26654816,74624,74665,41
12.99971962,80.26654816,74665,74675,10
13.00032043,80.26599884,74675,74685,10
13.00037003,80.26583862,74685,74695,10
13.00041008,80.26582336,74695,74705,10
13.00039005,80.26573181,74705,74715,10
13.00018024,80.26651001,74715,74945,230
13.00018024,80.26651001,74945,74955,10
13.00018978,80.2665329,74955,74986,31
13.00014019,80.2665329,74986,75006,20
13.00014019,80.2665329,75006,75016,10
12.99954987,80.26721191,75016,75026,10
12.99905014,80.2671814,75026,75036,10
12.99849987,80.26730347,75036,75046,10
12.99796009,80.26748657,75046,75056,10
12.99757004,80.26760864,75056,75066,10
12.99707031,80.26773834,75066,75076,10
12.99645996,80.2677536,75076,75117,41
12.99645996,80.2677536,75117,75127,10
12.99647999,80.26786041,75127,75167,40
12.99647999,80.26786041,75167,75177,10
12.99645996,80.26779938,75177,75187,10
12.99666023,80.26786804,75187,75197,10
12.9963398,80.2677002,75197,75228,31
12.9963398,80.2677002,75228,75238,10
12.99621964,80.26760864,75238,75248,10
12.99594021,80.26773071,75248,75258,10
12.99592018,80.26776886,75258,75268,10
12.99571991,80.2677536,75268,75278,10
12.99565029,80.26772308,75278,75288,10
12.99567032,80.26746368,75288,75298,10
12.99565983,80.26725769,75298,75329,31
12.99565983,80.26725769,75329,75339,10
12.99561977,80.26702118,75339,75349,10
12.99543953,80.26670837,75349,75369,20
12.99543953,80.26670837,75369,75379,10
12.99600983,80.26490021,75379,75389,10
12.99613953,80.26371002,75389,75399,10
12.99617958,80.26322174,75399,75409,10
12.9962101,80.26270294,75409,75419,10
12.9962101,80.26267242,75419,75429,10
12.99625969,80.26236725,75429,75440,11
12.99633026,80.26193237,75440,75450,10
12.99639034,80.2614212,75450,75460,10
12.99645996,80.26064301,75460,75470,10
12.99652004,80.25985718,75470,75480,10
12.99658012,80.25935364,75480,75490,10
12.99664021,80.25879669,75490,75500,10
12.99670982,80.25816345,75500,75510,10
12.99676991,80.25752258,75510,75561,51
12.99676991,80.25752258,75561,75571,10
12.99676991,80.25724792,75571,75581,10
12.99682999,80.25700378,75581,75591,10
12.99687958,80.25669861,75591,75601,10
12.99685955,80.25628662,75601,75611,10
12.99715042,80.25598145,75611,75621,10
12.99748993,80.2559433,75621,75641,20
12.99748993,80.2559433,75641,75652,11
12.99765968,80.25588989,75652,75662,10
12.99812984,80.2559433,75662,75672,10
12.99890041,80.25602722,75672,75692,20
12.99890041,80.25602722,75692,75702,10
12.99905968,80.25605011,75702,75732,30
12.99905968,80.25605011,75732,75742,10
12.99932957,80.25610352,75742,75752,10
12.99979973,80.2562027,75752,75762,10
13.00028992,80.25627899,75762,75773,11
13.00098038,80.25640106,75773,75813,40
13.00098038,80.25640106,75813,75823,10
13.00102043,80.25634766,75823,75833,10
13.00133038,80.25640106,75833,75843,10
13.00162029,80.25650024,75843,75853,10
13.00201988,80.2564621,75853,75863,10
13.00273991,80.25669861,75863,75874,11
13.00335026,80.25682068,75874,75884,10
13.00397968,80.25691223,75884,75894,10
13.0047102,80.25704956,75894,75904,10
13.00535965,80.25711823,75904,75914,10
13.00613976,80.25723267,75914,75924,10
13.00656033,80.25715637,75924,75934,10
13.00646019,80.25669098,75934,75944,10
13.00646019,80.25592804,75944,75954,10
13.00650978,80.25512695,75954,75964,10
13.00650978,80.25430298,75964,75974,10
13.00650024,80.25309753,75974,76015,41
13.00650024,80.25309753,76015,76025,10
13.00652981,80.25289917,76025,76035,10
13.00652981,80.25267792,76035,76045,10
13.00656033,80.25228119,76045,76055,10
13.00666046,80.25167084,76055,76065,10
13.00673962,80.25106049,76065,76075,10
13.00675011,80.25063324,76075,76116,41
13.00675011,80.25063324,76116,76126,10
13.00677967,80.25013733,76126,76136,10
13.00677967,80.24986267,76136,76146,10
13.00675964,80.24948883,76146,76156,10
13.00677013,80.24941254,76156,76172,16
13.00675964,80.24919128,76172,76215,43
13.00675964,80.24919128,76215,76225,10
13.00667953,80.24858093,76225,76245,20
13.00667953,80.24858093,76245,76255,10
13.00666046,80.24822998,76255,76326,71
13.00666046,80.24822998,76326,76336,10
13.00667953,80.24819946,76336,76346,10
13.00664997,80.24784851,76346,76356,10
13.00664043,80.24732208,76356,76366,10
13.00658989,80.24645233,76366,76386,20
13.00658989,80.24645233,76386,76396,10
13.00662994,80.24627686,76396,76406,10
13.00662041,80.24577332,76406,76417,11
13.00660992,80.24500275,76417,76427,10
13.00658989,80.24446869,76427,76437,10
13.00658035,80.24420166,76437,76447,10
13.00658989,80.24398041,76447,76457,10
13.00658989,80.24356079,76457,76467,10
13.00656033,80.24294281,76467,76477,10
13.00656033,80.24215698,76477,76487,10
13.00656033,80.24169922,76487,76497,10
13.00658035,80.24143982,76497,76507,10
13.00664043,80.24088287,76507,76517,10
13.00677967,80.24015045,76517,76528,11
13.00691986,80.23925781,76528,76538,10
13.00712967,80.23828125,76538,76548,10
13.00734997,80.23735809,76548,76558,10
13.00739956,80.23683929,76558,76568,10
13.00743008,80.23667908,76568,76578,10
13.0074501,80.23664093,76578,76588,10
13.00755978,80.23631287,76588,76598,10
13.00765991,80.23576355,76598,76608,10
13.0078001,80.23506165,76608,76618,10
13.00796032,80.23428345,76618,76628,10
13.00807953,80.23358917,76628,76639,11
13.00833035,80.2322998,76639,76649,10
13.00852013,80.23126984,76649,76659,10
13.00870991,80.23020172,76659,76669,10
13.00893021,80.22917175,76669,76679,10
13.00918961,80.22818756,76679,76689,10
13.00955009,80.22734833,76689,76699,10
13.0099802,80.22640991,76699,76709,10
13.01031971,80.22573853,76709,76719,10
13.01051998,80.22531128,76719,76729,10
13.01066971,80.22499847,76729,76739,10
13.01086044,80.22457123,76739,76750,11
13.01113033,80.22389984,76750,76760,10
13.01128006,80.22354889,76760,76770,10
13.01128006,80.22351837,76770,76780,10
13.01130962,80.22341919,76780,76790,10
13.01150036,80.22299957,76790,76800,10
13.0117197,80.2223587,76800,76810,10
13.01204014,80.22158051,76810,76820,10
13.01239967,80.22149658,76820,76830,10
13.01264954,80.22194672,76830,76840,10
13.01305962,80.22251129,76840,76850,10
13.01360989,80.22305298,76850,76861,11
13.01410961,80.22360229,76861,76871,10
13.01455975,80.22419739,76871,76881,10
13.01513958,80.22471619,76881,76891,10
13.01562023,80.22501373,76891,76911,20
13.01562023,80.22501373,76911,76921,10
13.01568985,80.22506714,76921,76931,10
13.01593018,80.22519684,76931,76941,10
13.01644039,80.2252121,76941,76951,10
13.01720047,80.22499084,76951,76962,11
13.01805019,80.22466278,76962,76972,10
13.01877022,80.22437286,76972,76982,10
13.01935959,80.22425842,76982,77002,20
13.01935959,80.22425842,77002,77012,10
13.01945972,80.22432709,77012,77022,10
13.01984024,80.22453308,77022,77032,10
13.02040005,80.22492218,77032,77042,10
13.02103043,80.22535706,77042,77052,10
13.02167988,80.22585297,77052,77062,10
13.02235985,80.22641754,77062,77073,11
13.02311993,80.2270813,77073,77083,10
13.02377987,80.22766113,77083,77093,10
13.02427006,80.22821808,77093,77103,10
13.02466011,80.2288208,77103,77113,10
13.02497959,80.22927856,77113,77123,10
13.02532959,80.22966766,77123,77132,9
13.02550983,80.22994232,77132,77143,11
13.02581978,80.23049927,77143,77153,10
13.02604008,80.23132324,77153,77173,20
13.02604008,80.23132324,77173,77184,11
13.02641964,80.23121643,77184,77194,10
13.02692032,80.23111725,77194,77204,10
13.02752972,80.23097992,77204,77214,10
13.02851009,80.23082733,77214,77233,19
13.02851009,80.23082733,77233,77244,11
13.02867985,80.23078918,77244,77254,10
13.02908993,80.23079681,77254,77264,10
13.02956009,80.23075867,77264,77274,10
13.03011036,80.23072052,77274,77284,10
13.03057957,80.23069763,77284,77295,11
13.03063011,80.23052216,77295,77305,10
13.03057957,80.2301178,77305,77315,10
13.03034019,80.229599,77315,77325,10
13.03026009,80.2293396,77325,77335,10
13.03022957,80.22885895,77335,77345,10
13.03028965,80.22834015,77345,77365,20
13.03028965,80.22834015,77365,77376,11
13.03030968,80.22805786,77376,77386,10
13.03034019,80.22772217,77386,77397,11
13.0300703,80.22747803,77397,77407,10
13.02958965,80.22737885,77407,77417,10
13.02902031,80.22727966,77417,77427,10
13.02842045,80.22714233,77427,77437,10
13.02795982,80.22701263,77437,77447,10
13.02783966,80.22693634,77447,77457,10
13.02787971,80.2265625,77457,77467,10
13.02799034,80.22602081,77467,77477,10
13.0281601,80.22528839,77477,77487,10
13.02834034,80.22451782,77487,77497,10
13.02845955,80.22411346,77497,77508,11
13.02877045,80.22403717,77508,77528,20
13.02877045,80.22403717,77528,77538,10
13.02902985,80.22427368,77538,77548,10
13.02950001,80.22429657,77548,77558,10
13.02993011,80.22428894,77558,77568,10
13.03038979,80.22429657,77568,77578,10
13.03075027,80.22428894,77578,77588,10
13.03108025,80.22425842,77588,77598,10
13.0311203,80.22390747,77598,77608,10
13.03112984,80.2231369,77608,77629,21
13.03112984,80.2231369,77629,77639,10
13.03116989,80.22305298,77639,77649,10
13.03129959,80.22267914,77649,77659,10
13.03151035,80.222229,77659,77669,10
13.03176975,80.22170258,77669,77679,10
13.03192043,80.22122192,77679,77689,10
13.0320797,80.22059631,77689,77699,10
13.03213978,80.22016144,77699,77709,10
13.03213978,80.21984863,77709,77719,10
13.03213978,80.21980286,77719,77730,11
13.03211975,80.21967316,77730,77740,10
13.03215027,80.21916962,77740,77749,9
13.03211021,80.2186203,77749,77760,11
13.03160954,80.21843719,77760,77770,10
13.03143978,80.21788025,77770,77780,10
13.03139019,80.21721649,77780,77790,10
13.03127956,80.21700287,77790,77800,10
13.03085995,80.21697235,77800,77810,10
13.03042984,80.21690369,77810,77820,10
13.03038025,80.21663666,77820,77830,10
13.03036022,80.21663666,77830,77841,11
13.0303297,80.21627045,77841,77851,10
13.03030014,80.2157135,77851,77861,10
13.03028011,80.21510315,77861,77871,10
13.03028965,80.21463776,77871,77881,10
13.03030968,80.21457672,77881,77891,10
13.03034019,80.21430206,77891,77901,10
13.03036976,80.21404266,77901,77911,10
13.0304203,80.21378326,77911,77921,10
13.03044987,80.21350861,77921,77931,10
13.03050041,80.21307373,77931,77942,11
13.03057957,80.21247864,77942,77952,10
13.03067017,80.21199036,77952,77962,10
13.03075027,80.21163177,77962,77972,10
13.03079033,80.21122742,77972,77982,10
13.03081989,80.21096039,77982,77992,10
13.03090954,80.2104187,77992,78002,10
13.03090954,80.21012115,78002,78012,10
13.03067017,80.20999146,78012,78022,10
13.03022003,80.20983887,78022,78032,10
13.02997971,80.20963287,78032,78042,10
13.03005981,80.20926666,78042,78083,41
13.03005981,80.20926666,78083,78093,10
13.03019047,80.20909882,78093,78103,10
13.03071022,80.20918274,78103,78113,10
13.03139019,80.20934296,78113,78123,10
13.03174973,80.20942688,78123,78133,10
13.03203964,80.20950317,78133,78143,10
13.03265953,80.20963287,78143,78153,10
13.03335953,80.2097702,78153,78170,17
13.0348196,80.21003723,78170,78182,12
13.03512001,80.20954132,78182,78192,10
13.03522015,80.20887756,78192,78202,10
13.03522015,80.20874786,78202,78212,10
13.03524017,80.20860291,78212,78222,10
13.03528023,80.20825195,78222,78232,10
13.03538036,80.20761871,78232,78241,9
13.03549957,80.20681,78241,78253,12
13.03565025,80.20581818,78253,78263,10
13.03571987,80.20522308,78263,78274,11
13.03573036,80.20514679,78274,78284,10
13.03577042,80.20487976,78284,78294,10
13.03584003,80.20437622,78294,78304,10
13.03594017,80.20375824,78304,78314,10
13.03604984,80.20301056,78314,78324,10
13.03617001,80.20220184,78324,78334,10
13.03623009,80.20155334,78334,78354,20
13.03623009,80.20155334,78354,78364,10
13.03627968,80.20136261,78364,78374,10
13.03633976,80.20095825,78374,78385,11
13.0364399,80.20028687,78385,78395,10
13.03654003,80.19957733,78395,78405,10
13.03666019,80.19882202,78405,78421,16
13.03670025,80.19846344,78421,78433,12
13.03674984,80.19833374,78433,78441,8
13.03680992,80.19799042,78441,78453,12
13.03686047,80.19754028,78453,78463,10
13.03697014,80.19686127,78463,78473,10
13.03703976,80.19637299,78473,78483,10
13.03711033,80.19628143,78483,78494,11
13.03713036,80.19596863,78494,78504,10
13.03721046,80.19539642,78504,78514,10
13.03732014,80.19467926,78514,78524,10
13.0374403,80.19381714,78524,78535,11
13.03754997,80.19303894,78535,78545,10
13.03777981,80.19280243,78545,78555,10
13.0381403,80.19275665,78555,78565,10
13.03859997,80.19281769,78565,78575,10
13.03868961,80.19284821,78575,78585,10
13.03888988,80.19288635,78585,78596,11
13.03944016,80.19297028,78596,78606,10
13.03997993,80.19306946,78606,78616,10
13.04063034,80.19313812,78616,78626,10
13.0413599,80.19328308,78626,78636,10
13.04172993,80.19338226,78636,78646,10
13.04172993,80.19378662,78646,78656,10
13.04172039,80.19399261,78656,78666,10
13.04170036,80.19412994,78666,78676,10
13.04164028,80.19452667,78676,78686,10
13.04156017,80.19509888,78686,78696,10
13.0414896,80.19571686,78696,78707,11
13.04144001,80.19622803,78707,78717,10
13.0413599,80.19673157,78717,78733,16
13.04131985,80.1968689,78733,78745,12
13.04119968,80.19728851,78745,78755,10
13.04113007,80.19779968,78755,78764,9
13.04108047,80.19848633,78764,78775,11
13.04092026,80.19908905,78775,78785,10
13.04090023,80.19927216,78785,78795,10
13.04084015,80.19957733,78795,78805,10
13.04071999,80.20014954,78805,78816,11
13.04063988,80.20098114,78816,78826,10
13.0405302,80.20172119,78826,78836,10
13.04047012,80.20205688,78836,78845,9
13.04043007,80.20249939,78845,78856,11
13.04034042,80.20320892,78856,78866,10
13.0402298,80.2040863,78866,78876,10
13.04014969,80.20468903,78876,78886,10
13.04026985,80.20503998,78886,78896,10
13.0408802,80.20513916,78896,78906,10
13.04121971,80.20520782,78906,78916,10
13.04131985,80.20523834,78916,78927,11
13.04166985,80.2052536,78927,78937,10
13.04214001,80.20530701,78937,78947,10
13.04267025,80.20555115,78947,78957,10
13.04298019,80.20610046,78957,78967,10
13.04345036,80.20677185,78967,78977,10
13.04388046,80.20741272,78977,78987,10
13.04409027,80.20807648,78987,78997,10
13.04413986,80.2091217,78997,79017,20
13.04413986,80.2091217,79017,79027,10
13.04413033,80.2093277,79027,79038,11
13.04415035,80.20980835,79038,79048,10
13.04419994,80.21056366,79048,79058,10
13.04421997,80.21144867,79058,79068,10
13.04426956,80.21219635,79068,79104,36
13.04426956,80.21219635,79104,79116,12
13.04452038,80.21228027,79116,79124,8
13.04485989,80.21227264,79124,79135,11
13.04557991,80.21224976,79135,79147,12
13.0465498,80.21221161,79147,79157,10
13.0469799,80.21208954,79157,79167,10
13.04701996,80.21177673,79167,79176,9
13.04703045,80.21177673,79176,79187,11
13.04703999,80.21154022,79187,79197,10
13.04701042,80.21128082,79197,79207,10
13.04699993,80.21096802,79207,79216,9
13.04720974,80.21077728,79216,79226,10
13.04778004,80.21077728,79226,79237,11
13.0485096,80.21080017,79237,79247,10
13.04909992,80.21083832,79247,79258,11
13.04961967,80.21086121,79258,79268,10
13.04971027,80.2106781,79268,79278,10
13.04967022,80.21025848,79278,79288,10
13.04957962,80.20967102,79288,79298,10
13.04951954,80.20909119,79298,79308,10
13.04942036,80.20850372,79308,79318,10
13.04920959,80.20791626,79318,79328,10
13.04905033,80.20747375,79328,79344,16
13.04893017,80.2071991,79344,79356,12
13.04885006,80.20709229,79356,79367,11
13.0488596,80.20690918,79367,79377,10
13.0490303,80.20690918,79377,79387,10
13.04905033,80.20719147,79387,79619,232
13.04905033,80.20719147,79619,79629,10
13.04891968,80.20745087,79629,79639,10
13.04901981,80.2077179,79639,79649,10
13.04911041,80.20800018,79649,79659,10
13.04924965,80.20854187,79659,79669,10
13.04932976,80.20900726,79669,79679,10
13.04934978,80.20957184,79679,79690,11
13.04944992,80.21018219,79690,79700,10
13.04950047,80.21031189,79700,79710,10
13.04957962,80.21048737,79710,79720,10
13.04963017,80.21069336,79720,79730,10
13.0497303,80.21144104,79730,79750,20
13.0497303,80.21144104,79750,79760,10
13.04973984,80.21156311,79760,79770,10
13.04977989,80.2118988,79770,79780,10
13.04979992,80.21214294,79780,79790,10
13.04944038,80.21218109,79790,79800,10
13.04938984,80.21218872,79800,79811,11
13.04928017,80.21222687,79811,79821,10
13.04878044,80.21224976,79821,79831,10
13.04808044,80.21230316,79831,79841,10
13.04726028,80.21237183,79841,79851,10
13.04633045,80.21237946,79851,79861,10
13.04539967,80.21240997,79861,79871,10
13.04452991,80.21240997,79871,79932,61
13.04452991,80.21240997,79932,79942,10
13.04419994,80.21228027,79942,79952,10
13.04411983,80.21172333,79952,79962,10
13.04413033,80.21087646,79962,79972,10
13.0441103,80.2099762,79972,79982,10
13.04409981,80.20928192,79982,79992,10
13.04405022,80.20890045,79992,80002,10
13.04405022,80.20889282,80002,80013,11
13.04405022,80.20851898,80013,80023,10
13.04403973,80.20822906,80023,80033,10
13.04399014,80.20773315,80033,80043,10
13.04372025,80.2071228,80043,80053,10
13.04327965,80.20652008,80053,80063,10
13.04277039,80.20584869,80063,80073,10
13.04214954,80.20536804,80073,80083,10
13.04141998,80.20523071,80083,80093,10
13.04084969,80.20516205,80093,80103,10
13.04078007,80.20513916,80103,80113,10
13.04047966,80.20507813,80113,80124,11
13.03985977,80.20500183,80124,80134,10
13.03931046,80.20493317,80134,80144,10
13.03866959,80.20481873,80144,80154,10
13.03820992,80.20475006,80154,80164,10
13.03810978,80.20453644,80164,80174,10
13.03816032,80.20407104,80174,80184,10
13.03824043,80.20346832,80184,80194,10
13.03835011,80.20272064,80194,80204,10
13.03841972,80.20224762,80204,80214,10
13.03847027,80.20181274,80214,80224,10
13.03851986,80.20162201,80224,80235,11
13.03857994,80.20111847,80235,80245,10
13.03866959,80.20056152,80245,80255,10
13.03872967,80.19999695,80255,80265,10
13.03886032,80.19936371,80265,80275,10
13.0389204,80.1987381,80275,80285,10
13.03903008,80.19799042,80285,80295,10
13.03917027,80.19731903,80295,80305,10
13.03925037,80.19677734,80305,80315,10
13.03929043,80.19634247,80315,80325,10
13.03938007,80.19573975,80325,80335,10
13.03942966,80.19503784,80335,80346,11
13.04016018,80.19378662,80346,80386,40
13.04016018,80.19378662,80386,80396,10
13.03903961,80.19290924,80396,80406,10
13.03857994,80.19288635,80406,80416,10
13.03855038,80.19287872,80416,80426,10
13.03837013,80.19284821,80426,80436,10
13.03802967,80.19280243,80436,80446,10
13.03756046,80.19303131,80446,80457,11
13.03744984,80.19377899,80457,80467,10
13.03726959,80.19470978,80467,80477,10
13.03715992,80.19554901,80477,80487,10
13.03713989,80.19603729,80487,80497,10
13.03713036,80.19609833,80497,80507,10
13.03703976,80.19644165,80507,80517,10
13.03695011,80.19705963,80517,80527,10
13.03684044,80.19772339,80527,80537,10
13.03670979,80.19812775,80537,80553,16
13.03672981,80.19883728,80553,80566,13
13.03649044,80.19927979,80566,80586,20
13.03649044,80.19927979,80586,80596,10
13.03633976,80.20130157,80596,80606,10
13.03629017,80.20178986,80606,80616,10
13.03629017,80.20181274,80616,80626,10
13.03617001,80.20185852,80626,80636,10
13.03612041,80.20231628,80636,80646,10
13.03606033,80.20298767,80646,80656,10
13.03596973,80.2036972,80656,80667,11
13.03590012,80.20420074,80667,80676,9
13.03575039,80.20459747,80676,80687,11
13.03567028,80.20552063,80687,80697,10
13.03559971,80.20619965,80697,80707,10
13.03559017,80.20625305,80707,80717,10
13.03557968,80.20644379,80717,80727,10
13.03540039,80.20789337,80727,80737,10
13.03532028,80.20848846,80737,80747,10
13.03514004,80.20909119,80747,80757,10
13.03512001,80.20941925,80757,80767,10
13.03507042,80.20980835,80767,80778,11
13.03507042,80.21016693,80778,80788,10
13.03491974,80.21047974,80788,80798,10
13.0348196,80.21086884,80798,80808,10
13.03487968,80.2115097,80808,80818,10
13.03466034,80.21199036,80818,80828,10
13.03431034,80.21209717,80828,80838,10
13.03396034,80.21218872,80838,80848,10
13.03320026,80.21198273,80848,80858,10
13.03240013,80.21189117,80858,80879,21
13.03190041,80.21173096,80879,80889,10
13.03190041,80.21173096,80889,80899,10
13.03184986,80.21140289,80899,80909,10
13.03190041,80.21112061,80909,80919,10
13.0320797,80.20996094,80919,80929,10
13.03186035,80.2096405,80929,80939,10
13.03143024,80.20941925,80939,80949,10
13.03129959,80.20935059,80949,80960,11
13.03065968,80.20926666,80960,80970,10
13.02995014,80.20918274,80970,80980,10
13.02993965,80.20935822,80980,80990,10
13.02997017,80.20935822,80990,81001,11
13.02974033,80.20951843,81001,81011,10
13.03104019,80.2101593,81011,81021,10
13.03098011,80.21012115,81021,81031,10
13.03092003,80.21041107,81031,81041,10
13.03075981,80.21096802,81041,81051,10
13.03071976,80.21125793,81051,81061,10
13.0306797,80.21167755,81061,81071,10
13.03061008,80.21205902,81071,81081,10
13.03054047,80.21257782,81081,81091,10
13.0304203,80.21336365,81091,81101,10
13.03038979,80.21366119,81101,81112,11
13.03032017,80.21404266,81112,81122,10
13.03026009,80.2146225,81122,81132,10
13.0302496,80.21482086,81132,81142,10
13.03026962,80.21510315,81142,81152,10
13.03030014,80.21575165,81152,81162,10
13.0303297,80.21640015,81162,81172,10
13.03040028,80.21685791,81172,81182,10
13.03057957,80.21691895,81182,81192,10
13.03079987,80.21694946,81192,81202,10
13.03122997,80.21695709,81202,81213,11
13.03143978,80.21720123,81213,81223,10
13.03145027,80.21779633,81223,81233,10
13.03162956,80.2183609,81233,81243,10
13.03211021,80.21842957,81243,81253,10
13.03215981,80.21881866,81253,81263,10
13.03213978,80.21938324,81263,81273,10
13.03211975,80.21994019,81273,81283,10
13.03211975,80.22033691,81283,81293,10
13.03211975,80.22045898,81293,81303,10
13.03201962,80.22087097,81303,81313,10
13.03188038,80.22144318,81313,81324,11
13.03162956,80.2219696,81324,81334,10
13.0313797,80.22251892,81334,81344,10
13.03110027,80.22306061,81344,81354,10
13.03094006,80.22361755,81354,81364,10
13.03110027,80.22419739,81364,81374,10
13.03092003,80.22438049,81374,81384,10
13.03054047,80.22451019,81384,81495,111
13.02855015,80.22698975,81495,81535,40
13.02855015,80.22698975,81535,81546,11
13.03038025,80.22757721,81546,81556,10
13.03034973,80.22769928,81556,81566,10
13.03030014,80.22808838,81566,81576,10
13.0302496,80.22823334,81576,81586,10
13.03022003,80.228508,81586,81596,10
13.03022003,80.22888947,81596,81606,10
13.03026962,80.22927094,81606,81616,10
13.03040981,80.22979736,81616,81626,10
13.03061008,80.2304306,81626,81636,10
13.03063965,80.2306366,81636,81646,10
13.03057003,80.2307663,81646,81657,11
13.03024006,80.23079681,81657,81667,10
13.02972031,80.23082733,81667,81676,9
13.02941036,80.23084259,81676,81687,11
13.02871037,80.23091888,81687,81697,10
13.02785015,80.23100281,81697,81707,10
13.02754974,80.23116302,81707,81717,10
13.02737045,80.23156738,81717,81929,212
13.02737045,80.23156738,81929,81938,9
13.01729012,80.22515106,81938,81949,11
13.01626015,80.22570801,81949,81959,10
13.01441002,80.22672272,81959,81989,30
13.01441002,80.22672272,81989,82000,11
13.01235962,80.22693634,82000,82010,10
13.01150036,80.22743988,82010,82020,10
13.01031017,80.2278595,82020,82030,10
13.00903988,80.22827148,82030,82040,10
13.00899029,80.22910309,82040,82050,10
13.00876999,80.23004913,82050,82060,10
13.00858974,80.23101044,82060,82070,10
13.00841045,80.231987,82070,82081,11
13.00819016,80.23316956,82081,82091,10
13.00796986,80.23415375,82091,82101,10
13.00778961,80.23513794,82101,82110,9
13.00759983,80.23610687,82110,82121,11
13.00741005,80.23718262,82121,82131,10
13.0072403,80.23809814,82131,82141,10
13.00710011,80.23880768,82141,82151,10
13.00699997,80.23944092,82151,82161,10
13.00687981,80.23989105,82161,82171,10
13.00687981,80.24017334,82171,82181,10
13.00679016,80.24073792,82181,82192,11
13.00669003,80.24170685,82192,82202,10
13.00666046,80.24276733,82202,82212,10
13.00658035,80.24375153,82212,82222,10
13.00664997,80.24468231,82222,82232,10
13.00664043,80.24575806,82232,82242,10
13.00662994,80.24671173,82242,82252,10
13.00667953,80.24754333,82252,82262,10
13.00656033,80.24889374,82262,82282,20
13.00656033,80.24889374,82282,82292,10
13.00677967,80.25144958,82292,82303,11
13.00656986,80.25229645,82303,82313,10
13.00650024,80.25340271,82313,82323,10
13.0065403,80.25450897,82323,82333,10
13.00654984,80.25550842,82333,82343,10
13.00652981,80.25646973,82343,82353,10
13.0065403,80.2569809,82353,82363,10
13.00658989,80.25701904,82363,82373,10
13.00664043,80.25720215,82373,82383,10
13.00648022,80.25750732,82383,82393,10
13.00605965,80.25752258,82393,82403,10
13.00555992,80.25739288,82403,82414,11
13.0047102,80.25717926,82414,82424,10
13.00387001,80.25698853,82424,82434,10
13.0031004,80.25689697,82434,82444,10
13.00242996,80.25669861,82444,82454,10
13.00175953,80.25650024,82454,82464,10
13.00096035,80.25650024,82464,82474,10
13.00006962,80.25634003,82474,82484,10
12.99929047,80.25621796,82484,82494,10
12.99866962,80.25610352,82494,82504,10
12.99841976,80.25608826,82504,82514,10
12.99802971,80.25605011,82514,82525,11
12.99757004,80.25598145,82525,82535,10
12.99717045,80.25595093,82535,82545,10
12.99685001,80.25610352,82545,82555,10
12.99668026,80.2571106,82555,82666,111
12.99668026,80.2571106,82666,82676,10
12.99604034,80.26361084,82676,82686,10
12.99596977,80.26428223,82686,82696,10
12.99588966,80.26486969,82696,82706,10
12.99580956,80.26563263,82706,82716,10
12.99571991,80.2665329,82716,82726,10
12.99565983,80.26724243,82726,82737,11
12.99565983,80.26757813,82737,82747,10
12.99606037,80.26767731,82747,82757,10
12.99670029,80.2677536,82757,82767,10
12.99736023,80.26757813,82767,82777,10
12.99800014,80.26740265,82777,82787,10
12.9987402,80.26717377,82787,82797,10
12.99942017,80.26696777,82797,82807,10
13.0,80.2666626,82807,82817,10
13.00012016,80.26628876,82817,82827,10
13.00018024,80.26589966,82827,82837,10
13.00024986,80.26541901,82837,82989,152
13.00024986,80.26541901,82989,82999,10
13.00030994,80.26521301,82999,83393,394
13.00047016,80.26513672,83393,83423,30
13.00055027,80.26519012,83423,83544,121
13.00049019,80.26506042,83544,83604,60
13.00049019,80.26506042,83604,83615,11
13.00051022,80.26512146,83615,83958,343
13.00049019,80.26515961,83958,84160,202
13.00049019,80.26515961,84160,84170,10
13.00067997,80.26541901,84170,84190,20
13.00084972,80.26586151,84190,84220,30
13.00061989,80.26542664,84220,84321,101
13.00055027,80.26516724,84321,84361,40
13.00041008,80.26548004,84361,84382,21
13.00041008,80.26548004,84382,84392,10
13.00034046,80.26503754,84392,84432,40
13.00032997,80.26537323,84432,84483,51
13.00041962,80.2651825,84483,84583,100
13.00032997,80.26554871,84583,84664,81
13.00032997,80.26554871,84664,84674,10
13.00047016,80.26541901,84674,84684,10
13.00057983,80.26531982,84684,84705,21
13.00045013,80.26540375,84705,84765,60
13.00041962,80.26509857,84765,84846,81
13.00032997,80.26545715,84846,84896,50
13.00041962,80.2651062,84896,85108,212
13.00047016,80.26493835,85108,85159,51
13.0005703,80.26512146,85159,85391,232
13.0005703,80.26512146,85391,85401,10
13.00053978,80.26506042,85401,85502,101
13.00053978,80.26506042,85502,85512,10
13.00049019,80.26534271,85512,85623,111
13.00053024,80.26515961,85623,85704,81
13.00053024,80.26515961,85704,85714,10
13.00043011,80.26489258,85714,85724,10
13.00043011,80.2649231,85724,85734,10
13.00039005,80.26519775,85734,85744,10
13.00039005,80.26531982,85744,85774,30
13.00039005,80.26531982,85774,85785,11
13.00043011,80.2651825,85785,85805,20
13.00047016,80.26522064,85805,85835,30
13.00047016,80.26522064,85835,85845,10
13.00041962,80.26522064,85845,86007,162
13.00041962,80.26522064,86007,86017,10
13.00039005,80.26541138,86017,86057,40
13.00039005,80.26541138,86057,86067,10
13.00045013,80.26513672,86067,86239,172
13.0002203,80.26519775,86239,86279,40
