13.0988102,80.24006653,15,2588,2573
13.09860039,80.2399292,2588,2669,81
13.09881973,80.23999023,2669,3143,474
13.09864044,80.23986053,3143,3425,282
13.09864044,80.23986053,3425,3435,10
13.09844017,80.23995972,3435,3586,151
13.09862995,80.23986816,3586,3879,293
13.09862995,80.23986816,3879,3889,10
13.09875011,80.23986053,3889,4161,272
13.09875011,80.23986053,4161,4171,10
13.09864998,80.23995209,4171,4413,242
13.09873962,80.23990631,4413,4584,171
13.09869957,80.24004364,4584,4988,404
13.09877014,80.23989868,4988,6308,1320
13.09889984,80.23995209,6308,6399,91
13.09889984,80.23995209,6399,6409,10
13.09885979,80.24002838,6409,8153,1744
13.0988903,80.23993683,8153,8688,535
13.09881973,80.24002075,8688,9535,847
13.09897995,80.23989868,9535,9687,152
13.09881973,80.2399826,9687,10362,675
13.09899998,80.23992157,10362,10403,41
13.09899998,80.23992157,10403,10413,10
13.09891987,80.2400589,10413,11875,1462
13.09893036,80.23988342,11875,12227,352
13.0988903,80.2399826,12227,13733,1506
13.09901047,80.2399292,13733,13864,131
13.09887981,80.24006653,13864,16556,2692
13.09864998,80.23983765,16556,16596,40
13.09864998,80.23983765,16596,16606,10
13.0987196,80.23986053,16606,16757,151
13.09883976,80.2399826,16757,16949,192
13.09875011,80.23989868,16949,19722,2773
13.09875011,80.23989868,19722,19732,10
13.09897995,80.24011993,19732,19742,10
13.09912014,80.24040222,19742,19752,10
13.0990696,80.24067688,19752,19762,10
13.09877968,80.24078369,19762,19772,10
13.09834957,80.24051666,19772,20216,444
13.09834957,80.24051666,20216,20226,10
13.09858036,80.2406311,20226,20236,10
13.09883976,80.24062347,20236,20246,10
13.09904003,80.24082947,20246,20256,10
13.09897041,80.24111938,20256,20266,10
13.09887981,80.24143219,20266,20276,10
13.09881973,80.24173737,20276,20296,20
13.09881973,80.24173737,20296,20306,10
13.09877014,80.24196625,20306,20316,10
13.09856033,80.24227905,20316,20347,31
13.09856033,80.24227905,20347,20357,10
13.0982399,80.24227142,20357,20921,564
13.0982399,80.24227142,20921,20931,10
13.09797955,80.2423172,20931,20942,11
13.09792042,80.24230194,20942,20952,10
13.09762001,80.24226379,20952,20962,10
13.09739017,80.24208069,20962,20972,10
13.09749031,80.24163818,20972,20982,10
13.09762001,80.24092102,20982,20992,10
13.09770012,80.24012756,20992,21001,9
13.09772968,80.23948669,21001,21011,10
13.09778976,80.23879242,21011,21021,10
13.09790039,80.23806763,21021,21032,11
13.09805012,80.2372818,21032,21042,10
13.09817028,80.23657227,21042,21052,10
13.09829044,80.23583221,21052,21063,11
13.09844017,80.23490906,21063,21073,10
13.09852028,80.23417664,21073,21083,10
13.09862995,80.23330688,21083,21093,10
13.09875965,80.23253632,21093,21103,10
13.09891033,80.23203278,21103,21113,10
13.09916019,80.23139954,21113,21123,10
13.09939003,80.23088074,21123,21133,10
13.0994997,80.23062897,21133,21143,10
13.09965992,80.23007965,21143,21153,10
13.09978008,80.22949219,21153,21163,10
13.09988022,80.22885895,21163,21173,10
13.09998035,80.22824097,21173,21183,10
13.10004997,80.22754669,21183,21194,11
13.10002041,80.22667694,21194,21204,10
13.09996033,80.22592926,21204,21214,10
13.09986973,80.22519684,21214,21224,10
13.09967995,80.22447205,21224,21234,10
13.09943962,80.22386169,21234,21244,10
13.09928989,80.22364807,21244,21254,10
13.09908009,80.2233963,21254,21264,10
13.0988903,80.22318268,21264,21274,10
13.09875965,80.2229538,21274,21284,10
13.09873009,80.22236633,21284,21294,10
13.09879017,80.22162628,21294,21304,10
13.0989399,80.22071838,21304,21315,11
13.09910011,80.21985626,21315,21325,10
13.09918022,80.21936035,21325,21335,10
13.09922028,80.21907806,21335,21345,10
13.09930038,80.21851349,21345,21355,10
13.09941959,80.21781921,21355,21365,10
13.09955978,80.21713257,21365,21375,10
13.09980965,80.21642303,21375,21385,10
13.09990025,80.21598053,21385,21395,10
13.09994984,80.21569824,21395,21405,10
13.10009003,80.21546173,21405,21415,10
13.10023975,80.21479797,21415,21688,273
13.10023975,80.21479797,21688,21698,10
13.10025024,80.2146225,21698,21708,10
13.09996033,80.21443939,21708,21728,20
13.09996033,80.21443939,21728,21738,10
13.09969997,80.21440125,21738,21748,10
13.09916973,80.21425629,21748,21758,10
13.09862041,80.21405792,21758,21768,10
13.09832001,80.21443939,21768,21778,10
13.09803963,80.21508789,21778,21779,1
13.09801006,80.21515656,21779,21819,40
13.09724998,80.21703339,21819,21829,10
13.09704018,80.21762848,21829,21839,10
13.09694004,80.21790314,21839,21849,10
13.0968399,80.21813202,21849,21859,10
13.09665966,80.21869659,21859,21869,10
13.09642982,80.2193985,21869,21879,10
13.09617043,80.22013855,21879,21889,10
13.09587955,80.22097778,21889,21899,10
13.09562016,80.22177124,21899,21914,15
13.09525967,80.22276306,21914,21924,10
13.09494972,80.22338867,21924,21935,11
13.09414005,80.22451782,21935,21945,10
13.09344959,80.22532654,21945,21955,10
13.09267044,80.22614288,21955,21965,10
13.0919199,80.22689819,21965,21975,10
13.09142017,80.22741699,21975,21985,10
13.09123039,80.2276535,21985,21994,9
13.09117985,80.22769165,21994,22004,10
13.09090996,80.22798157,22004,22015,11
13.09037971,80.22853088,22015,22025,10
13.08979988,80.22915649,22025,22035,10
13.08930016,80.22988892,22035,22046,11
13.08911037,80.23027039,22046,22056,10
13.0889101,80.23071289,22056,22066,10
13.08882046,80.23091125,22066,22076,10
13.08876991,80.23103333,22076,22086,10
13.08862019,80.23136139,22086,22096,10
13.08839035,80.23206329,22096,22105,9
13.08817959,80.23287201,22105,22116,11
13.08802986,80.23390961,22116,22126,10
13.08757973,80.23457336,22126,22136,10
13.08675957,80.23455811,22136,22146,10
13.08602047,80.23444366,22146,22156,10
13.0851202,80.23422241,22156,22166,10
13.08419991,80.23400116,22166,22177,11
13.08355999,80.23387909,22177,22187,10
13.08302021,80.23381042,22187,22197,10
13.08242035,80.23365784,22197,22207,10
13.08232021,80.23365021,22207,22217,10
13.08193016,80.23358154,22217,22227,10
13.08125973,80.2335434,22227,22237,10
13.08043957,80.2335434,22237,22247,10
13.07971954,80.23355865,22247,22257,10
13.07956982,80.23355103,22257,22267,10
13.07948017,80.23352814,22267,22277,10
13.07909012,80.23355865,22277,22287,10
13.0784502,80.23358154,22287,22298,11
13.07752991,80.23365021,22298,22308,10
13.07668972,80.23377991,22308,22318,10
13.07616043,80.23390198,22318,22328,10
13.0760498,80.23387146,22328,22338,10
13.07584,80.23406219,22338,22354,16
13.07606983,80.23506165,22354,22366,12
13.07625961,80.2360611,22366,22374,8
13.07637024,80.23674774,22374,22385,11
13.07647991,80.23722839,22385,22396,11
13.07649994,80.23738098,22396,22406,10
13.07658958,80.2376709,22406,22416,10
13.0766201,80.23787689,22416,22427,11
13.0767498,80.23856354,22427,22437,10
13.07695007,80.2394104,22437,22447,10
13.07721043,80.24056244,22447,22487,40
13.07721043,80.24056244,22487,22497,10
13.07693958,80.24073029,22497,22507,10
13.07633018,80.2405777,22507,22517,10
13.07555962,80.24053955,22517,22527,10
13.07466984,80.24054718,22527,22538,11
13.07361031,80.24066162,22538,22547,9
13.07279015,80.24089813,22547,22558,11
13.07180977,80.24149323,22558,22568,10
13.07091999,80.24185944,22568,22578,10
13.07019043,80.24207306,22578,22588,10
13.06947994,80.24226379,22588,22598,10
13.06886959,80.24252319,22598,22608,10
13.06803989,80.2427597,22608,22617,9
13.06729031,80.2430191,22617,22627,10
13.06645012,80.24337006,22627,22638,11
13.06612015,80.24398804,22638,22648,10
13.06624031,80.24479675,22648,22659,11
13.06637001,80.2457428,22659,22669,10
13.06709003,80.24616241,22669,22679,10
13.06774998,80.24646759,22679,22689,10
13.0678196,80.24652863,22689,22699,10
13.06793022,80.24688721,22699,22709,10
13.06795979,80.24759674,22709,22719,10
13.06742001,80.24791718,22719,22729,10
13.06665993,80.24786377,22729,22745,16
13.06515026,80.24775696,22745,22757,12
13.06369972,80.24767303,22757,22767,10
13.06264973,80.24761963,22767,22777,10
13.06175041,80.24755859,22777,22788,11
13.06136036,80.24693298,22788,22798,10
13.0618,80.24636078,22798,22808,10
13.06196976,80.24546814,22808,22818,10
13.06256008,80.24484253,22818,22827,9
13.06303024,80.24443817,22827,22838,11
13.06319046,80.24423218,22838,22848,10
13.06336021,80.243927,22848,22858,10
13.06336021,80.24350739,22858,22867,9
13.06274986,80.24340057,22867,22877,10
13.06214046,80.24327087,22877,22888,11
13.06159973,80.24317169,22888,22898,10
13.06095982,80.24304199,22898,22909,11
13.06007004,80.24273682,22909,22919,10
13.05930042,80.24252319,22919,22929,10
13.05877972,80.24259949,22929,22939,10
13.05867958,80.24263,22939,22949,10
13.05834007,80.24269867,22949,22959,10
13.05770016,80.24282837,22959,22969,10
13.05700016,80.24282074,22969,22979,10
13.05640984,80.24262238,22979,22989,10
13.05568981,80.24228668,22989,22999,10
13.05473995,80.24239349,22999,23009,10
13.05397987,80.24233246,23009,23019,10
13.05383968,80.24227905,23019,23030,11
13.05358028,80.24212646,23030,23040,10
13.05301952,80.24189758,23040,23050,10
13.05243015,80.24153137,23050,23060,10
13.05210972,80.2410202,23060,23070,10
13.05185986,80.24073792,23070,23080,10
13.05150032,80.24067688,23080,23090,10
13.05093956,80.2405777,23090,23100,10
13.05082035,80.24054718,23100,23110,10
13.05039024,80.240448,23110,23120,10
13.04971027,80.24030304,23120,23130,10
13.04891014,80.24011993,23130,23140,10
13.04800034,80.2399292,23140,23151,11
13.0469799,80.23970795,23151,23161,10
13.04631996,80.23957062,23161,23171,10
13.04627037,80.23930359,23171,23181,10
13.04638004,80.2387085,23181,23191,10
13.04656982,80.23792267,23191,23201,10
13.04675961,80.23706818,23201,23211,10
13.04691982,80.23629761,23211,23221,10
13.04699039,80.23593903,23221,23231,10
13.04705048,80.23564148,23231,23241,10
13.04712009,80.23519135,23241,23251,10
13.0472002,80.23451996,23251,23261,10
13.04730988,80.23356628,23261,23271,10
13.04730988,80.23309326,23271,23282,11
13.04706955,80.23304749,23282,23292,10
13.04679966,80.23301697,23292,23302,10
13.04623985,80.23287964,23302,23312,10
13.04524994,80.2326889,23312,23332,20
13.04524994,80.2326889,23332,23342,10
13.04493046,80.23259735,23342,23352,10
13.04430008,80.23248291,23352,23362,10
13.04349995,80.23235321,23362,23372,10
13.04273987,80.23233032,23372,23382,10
13.04199982,80.2322998,23382,23392,10
13.04108047,80.23209381,23392,23402,10
13.04010963,80.23174286,23402,23413,11
13.03899956,80.23143005,23413,23423,10
13.03800964,80.23113251,23423,23433,10
13.03711033,80.23085785,23433,23443,10
13.0367403,80.2307663,23443,23453,10
13.03625011,80.23059082,23453,23463,10
13.03559971,80.23042297,23463,23473,10
13.03509045,80.2303009,23473,23483,10
13.03479958,80.23032379,23483,23493,10
13.0346899,80.23033142,23493,23503,10
13.03444004,80.2303772,23503,23513,10
13.03407955,80.23043823,23513,23524,11
13.03402996,80.23043823,23524,23534,10
13.03392029,80.23042297,23534,23544,10
13.0335598,80.23047638,23544,23554,10
13.03343964,80.23049164,23554,23564,10
13.03302002,80.2305069,23564,23580,16
13.03184032,80.23062897,23580,23592,12
13.03085041,80.23071289,23592,23602,10
13.03026962,80.23075867,23602,23612,10
13.02982998,80.23082733,23612,23622,10
13.02974987,80.23084259,23622,23632,10
13.02939034,80.23088074,23632,23642,10
13.02875042,80.23094177,23642,23653,11
13.0280304,80.23101807,23653,23663,10
13.02768993,80.2310791,23663,23673,10
13.02772045,80.23152161,23673,23682,9
13.02777958,80.23209381,23682,23693,11
13.02789021,80.23271942,23693,23703,10
13.02737045,80.23287964,23703,23713,10
13.02692986,80.23298645,23713,23723,10
13.02690029,80.23297882,23723,23733,10
13.02667046,80.23300934,23733,23743,10
13.02637959,80.23285675,23743,23753,10
13.02620029,80.2322998,23753,23763,10
13.02595997,80.23130798,23763,23774,11
13.02544975,80.23014069,23774,23784,10
13.02482986,80.22930145,23784,23794,10
13.02433968,80.22868347,23794,23804,10
13.02400017,80.22831726,23804,23814,10
13.02398014,80.22830963,23814,23824,10
13.02377987,80.22802734,23824,23834,10
13.02336025,80.2276001,23834,23844,10
13.02282047,80.22705078,23844,23854,10
13.02215004,80.2264328,23854,23864,10
13.02130985,80.22576141,23864,23874,10
13.02042007,80.22511292,23874,23884,10
13.01947975,80.22450256,23884,23895,11
13.01819038,80.2246933,23895,23911,16
13.01650047,80.22540283,23911,23923,12
13.01556015,80.22577667,23923,23933,10
13.01498032,80.22599792,23933,23943,10
13.01447964,80.22621918,23943,23953,10
13.01445961,80.22621918,23953,23962,9
13.01439953,80.22622681,23962,23973,11
13.01393032,80.22641754,23973,23983,10
13.01323032,80.2266922,23983,23993,10
13.01237011,80.22704315,23993,24003,10
13.01132965,80.22746277,24003,24014,11
13.0101099,80.22794342,24014,24024,10
13.00918007,80.22853851,24024,24034,10
13.00893974,80.22966003,24034,24044,10
13.00870991,80.23085022,24044,24054,10
13.00848961,80.23204041,24054,24064,10
13.00833988,80.23297882,24064,24074,10
13.00829029,80.23352051,24074,24083,9
13.0082798,80.23358154,24083,24092,9
13.00817013,80.2338028,24092,24104,12
13.00802994,80.23449707,24104,24114,10
13.00786018,80.2353363,24114,24124,10
13.00765991,80.23636627,24124,24134,10
13.00741959,80.23755646,24134,24145,11
13.00718975,80.23874664,24145,24155,10
13.00702,80.23959351,24155,24165,10
13.00693035,80.24014282,24165,24195,30
13.00693035,80.24014282,24195,24205,10
13.00697994,80.24046326,24205,24215,10
13.00685978,80.24098969,24215,24225,10
13.00681973,80.24115753,24225,24235,10
13.00677967,80.24175262,24235,24245,10
13.00675011,80.24260712,24245,24255,10
13.00669003,80.24362183,24255,24265,10
13.00669003,80.24474335,24265,24276,11
13.00671959,80.24603271,24276,24286,10
13.00675964,80.24700928,24286,24296,10
13.00673962,80.24788666,24296,24306,10
13.00677013,80.24877167,24306,24316,10
13.00687981,80.24951172,24316,24326,10
13.00687027,80.24958801,24326,24336,10
13.00685978,80.24993896,24336,24346,10
13.00685024,80.25058746,24346,24356,10
13.00683022,80.25138092,24356,24366,10
13.00664043,80.25228882,24366,24376,10
13.00658035,80.25334167,24376,24387,11
13.00666046,80.25498962,24387,24407,20
13.00666046,80.25498962,24407,24417,10
13.00666046,80.25527954,24417,24427,10
13.00666046,80.25585175,24427,24437,10
13.00664043,80.2565918,24437,24447,10
13.00671959,80.2572937,24447,24463,16
13.00599957,80.25746155,24463,24475,12
13.00512981,80.25726318,24475,24483,8
13.00446033,80.25708771,24483,24495,12
13.00335026,80.25685883,24495,24505,10
13.00244045,80.25669098,24505,24516,11
13.00172997,80.2565918,24516,24526,10
13.00156021,80.25653839,24526,24535,9
13.00123978,80.25649261,24535,24546,11
13.00055981,80.25640869,24546,24556,10
13.00016022,80.25636292,24556,24566,10
12.99993992,80.25631714,24566,24576,10
12.99952984,80.25621796,24576,24586,10
12.99903011,80.25611115,24586,24596,10
12.99870014,80.25605774,24596,24606,10
12.99818993,80.2559967,24606,24616,10
12.99783039,80.25596619,24616,24626,10
12.99730968,80.25592804,24626,24637,11
12.99695015,80.25614929,24637,24647,10
12.9968996,80.25663757,24647,24657,10
12.99689007,80.2569809,24657,24667,10
12.99687958,80.25710297,24667,24677,10
12.99682999,80.25756836,24677,24687,10
12.99674034,80.25830078,24687,24697,10
12.99666023,80.2591095,24697,24707,10
12.99654007,80.25998688,24707,24717,10
12.99645996,80.26087952,24717,24727,10
12.9963398,80.26168823,24727,24737,10
12.99627018,80.26216888,24737,24747,10
12.99617958,80.26258087,24747,24758,11
12.99615002,80.26329803,24758,24768,10
12.9960804,80.26410675,24768,24778,10
12.99596977,80.26499939,24778,24788,10
12.99588013,80.26593781,24788,24798,10
12.99578953,80.26686859,24798,24808,10
12.99604034,80.26766968,24808,24828,20
12.99604034,80.26766968,24828,24838,10
12.99631023,80.2677002,24838,24848,10
12.99687004,80.26772308,24848,24858,10
12.99757957,80.26751709,24858,24868,10
12.99839973,80.26728821,24868,24879,11
12.99932003,80.26702118,24879,24889,10
12.99997997,80.26673889,24889,24899,10
13.00010014,80.2665863,24899,24909,10
13.00014973,80.26644897,24909,24919,10
13.00018978,80.26608276,24919,24929,10
13.00028992,80.26570129,24929,24939,10
13.00035954,80.26583862,24939,24949,10
13.00030041,80.26641083,24949,24989,40
13.00030041,80.26641083,24989,25000,11
13.00032997,80.26669312,25000,25010,10
13.00022984,80.26683807,25010,25020,10
12.99985981,80.26696014,25020,25030,10
12.99962044,80.26701355,25030,25040,10
12.99930954,80.26711273,25040,25050,10
12.99872017,80.26728058,25050,25060,10
12.99787998,80.26750183,25060,25070,10
12.99703979,80.2677536,25070,25080,10
12.9962101,80.26776123,25080,25090,10
12.99571991,80.2674408,25090,25110,20
12.99571991,80.2674408,25110,25121,11
12.9957304,80.26717377,25121,25131,10
12.99580002,80.26657867,25131,25141,10
12.99588013,80.26580048,25141,25151,10
12.99596977,80.26493835,25151,25161,10
12.99606991,80.26407623,25161,25171,10
12.99615955,80.26331329,25171,25181,10
12.9962101,80.26280212,25181,25191,10
12.99623966,80.26261139,25191,25201,10
12.99627972,80.2621994,25201,25221,20
12.99627972,80.2621994,25221,25231,10
12.99629974,80.26204681,25231,25242,11
12.99637985,80.26158142,25242,25252,10
12.99645042,80.26085663,25252,25261,9
12.99652958,80.26016235,25261,25272,11
12.99656963,80.25945282,25272,25282,10
12.99658012,80.2592926,25282,25292,10
12.99664021,80.25884247,25292,25302,10
12.99670029,80.25813293,25302,25312,10
12.99680042,80.25733948,25312,25322,10
12.99687958,80.25666809,25322,25332,10
12.9968996,80.25627899,25332,25342,10
12.99693012,80.256073,25342,25352,10
12.99703979,80.25588226,25352,25363,11
12.99754047,80.25588226,25363,25373,10
12.9981699,80.2559433,25373,25383,10
12.99880028,80.2559967,25383,25393,10
12.99886036,80.25601196,25393,25403,10
12.9989996,80.25605011,25403,25413,10
12.9993,80.25610352,25413,25423,10
12.99956989,80.25614166,25423,25433,10
13.00014019,80.25624847,25433,25443,10
13.00090981,80.25637817,25443,25453,10
13.00181961,80.25655365,25453,25463,10
13.00277996,80.25670624,25463,25472,9
13.00362015,80.25688171,25472,25483,11
13.00467014,80.25708008,25483,25494,11
13.00564003,80.25724792,25494,25504,10
13.00632,80.25737762,25504,25514,10
13.0065403,80.25700378,25514,25524,10
13.00656033,80.25624084,25524,25534,10
13.00656033,80.25534058,25534,25544,10
13.00656033,80.2543335,25544,25554,10
13.00658035,80.25344849,25554,25564,10
13.00656033,80.2531662,25564,25574,10
13.00658035,80.2530365,25574,25584,10
13.00658035,80.25254059,25584,25594,10
13.00669003,80.25179291,25594,25615,21
13.00669003,80.25179291,25615,25625,10
13.00671005,80.25170898,25625,25635,10
13.00677013,80.25128937,25635,25645,10
13.0067997,80.25055695,25645,25655,10
13.00677967,80.24977112,25655,25665,10
13.00679016,80.24961853,25665,25675,10
13.00677967,80.24923706,25675,25685,10
13.00675011,80.24897766,25685,25695,10
13.00671005,80.24848175,25695,25705,10
13.00667953,80.24775696,25705,25715,10
13.00667953,80.24713135,25715,25725,10
13.00660038,80.24662018,25725,25736,11
13.00667,80.24623871,25736,25746,10
13.00667953,80.24558258,25746,25756,10
13.00667,80.24476624,25756,25766,10
13.00666046,80.24389648,25766,25776,10
13.00662994,80.24302673,25776,25786,10
13.00658989,80.24223328,25786,25796,10
13.00656986,80.24178314,25796,25806,10
13.00658989,80.24146271,25806,25816,10
13.00666046,80.24089813,25816,25826,10
13.00677967,80.24040222,25826,25836,10
13.00683022,80.24008179,25836,25846,10
13.00691986,80.23941803,25846,25856,10
13.00708008,80.23860168,25856,25867,11
13.0073204,80.23755646,25867,25877,10
13.00741005,80.23686981,25877,25893,16
13.00747967,80.23658752,25893,25905,12
13.00761986,80.23594666,25905,25915,10
13.00776005,80.23535919,25915,25925,10
13.00794983,80.23442078,25925,25935,10
13.00819969,80.23323822,25935,25945,10
13.00844002,80.23204041,25945,25955,10
13.00866985,80.23085022,25955,25965,10
13.00889969,80.22962952,25965,25975,10
13.00914001,80.22846985,25975,25986,11
13.00957012,80.22731018,25986,25994,8
13.00994015,80.22646332,25994,26006,12
13.01047993,80.22532654,26006,26016,10
13.01084042,80.22454834,26016,26025,9
13.01109982,80.22386169,26025,26036,11
13.01121998,80.22345734,26036,26046,10
13.01119995,80.22332001,26046,26056,10
13.01142979,80.22286224,26056,26066,10
13.01165962,80.22216797,26066,26076,10
13.01202965,80.22144318,26076,26086,10
13.01237965,80.2215271,26086,26096,10
13.01270008,80.22205353,26096,26107,11
13.01334,80.22270203,26107,26117,10
13.01399994,80.22337341,26117,26127,10
13.01445961,80.22399902,26127,26137,10
13.01490974,80.22440338,26137,26147,10
13.01519966,80.22471619,26147,26157,10
13.01525974,80.22476959,26157,26167,10
13.01535034,80.22483063,26167,26177,10
13.01564026,80.22505188,26177,26187,10
13.01611042,80.22532654,26187,26197,10
13.01688004,80.22518921,26197,26207,10
13.01776028,80.22486115,26207,26217,10
13.01861954,80.22450256,26217,26228,11
13.01959991,80.22450256,26228,26238,10
13.0204401,80.22505188,26238,26248,10
13.02122021,80.2256012,26248,26258,10
13.02180004,80.22601318,26258,26268,10
13.0219202,80.22608948,26268,26278,10
13.02198029,80.22612762,26278,26288,10
13.02231026,80.2264328,26288,26298,10
13.02285004,80.22691345,26298,26308,10
13.02348995,80.22750854,26308,26318,10
13.02416992,80.22818756,26318,26328,10
13.02474022,80.22898102,26328,26338,10
13.02538967,80.22982025,26338,26349,11
13.02589035,80.23068237,26349,26359,10
13.0260601,80.23124695,26359,26369,10
13.02657986,80.23123169,26369,26379,10
13.02731037,80.23104095,26379,26388,9
13.02795982,80.23094177,26388,26399,11
13.02847004,80.23088074,26399,26409,10
13.02853966,80.23088074,26409,26419,10
13.02890968,80.23085785,26419,26429,10
13.02943039,80.23081207,26429,26439,10
13.03001022,80.2307663,26439,26449,10
13.03063965,80.23069763,26449,26459,10
13.03127956,80.2306366,26459,26469,10
13.03203011,80.23058319,26469,26480,11
13.03304005,80.23049927,26480,26490,10
13.03384018,80.23045349,26490,26500,10
13.0343504,80.2303772,26500,26510,10
13.03437996,80.2303772,26510,26520,10
13.03448963,80.23036194,26520,26530,10
13.03477001,80.2303009,26530,26540,10
13.03495026,80.23049164,26540,26556,16
13.03489971,80.23124695,26556,26568,12
13.03477001,80.23220825,26568,26576,8
13.03470039,80.23284912,26576,26588,12
13.03456974,80.2337265,26588,26599,11
13.03446007,80.23470306,26599,26607,8
13.03437042,80.23547363,26607,26619,12
13.03427982,80.23648834,26619,26629,10
13.03435993,80.23734283,26629,26669,40
13.03435993,80.23734283,26669,26679,10
13.03460026,80.23782349,26679,26689,10
13.03493977,80.23834229,26689,26699,10
13.03534031,80.23899841,26699,26709,10
13.03569984,80.23938751,26709,26720,11
13.0364399,80.23943329,26720,26730,10
13.03728008,80.23951721,26730,26740,10
13.03818035,80.23963165,26740,26750,10
13.03909969,80.23973846,26750,26760,10
13.0398798,80.23980713,26760,26770,10
13.04028988,80.23990631,26770,26780,10
13.04036999,80.23995972,26780,26790,10
13.04039955,80.24034119,26790,26800,10
13.04080009,80.2405014,26800,26810,10
13.04106045,80.24056244,26810,26820,10
13.04125023,80.2405777,26820,26830,10
13.04179955,80.2406311,26830,26840,10
13.04255962,80.24073792,26840,26851,11
13.04354,80.24088287,26851,26861,10
13.04424953,80.24076843,26861,26871,10
13.04487991,80.24034119,26871,26887,16
13.04592991,80.23963165,26887,26899,12
13.04648018,80.23956299,26899,26907,8
13.04662037,80.23959351,26907,26918,11
13.04679966,80.23964691,26918,26928,10
13.0472002,80.23970032,26928,26939,11
13.04800987,80.23986053,26939,26949,10
13.04881001,80.24002075,26949,26959,10
13.04957962,80.24017334,26959,26970,11
13.0500803,80.24031067,26970,26979,9
13.05066013,80.24041748,26979,26990,11
13.05121994,80.24053192,26990,27000,10
13.05132961,80.24056244,27000,27010,10
13.0516901,80.24063873,27010,27020,10
13.05230045,80.24082184,27020,27030,10
13.05257988,80.24137115,27030,27040,10
13.05307961,80.24182892,27040,27050,10
13.05368996,80.24211121,27050,27060,10
13.05403996,80.24221802,27060,27070,10
13.05414009,80.24224091,27070,27080,10
13.05459023,80.2423172,27080,27091,11
13.05537987,80.24221039,27091,27101,10
13.05613041,80.24237061,27101,27111,10
13.05667019,80.24259949,27111,27121,10
13.05685997,80.24259186,27121,27130,9
13.05708027,80.24272156,27130,27141,11
13.0576601,80.24276733,27141,27152,11
13.05809975,80.24272919,27152,27162,10
13.05887985,80.24256897,27162,27172,10
13.0596199,80.24253082,27172,27182,10
13.06033039,80.24279785,27182,27192,10
13.06091022,80.24299622,27192,27202,10
13.06142044,80.2431488,27202,27213,11
13.06210041,80.24324036,27213,27223,10
13.06252003,80.24330139,27223,27233,10
13.0627203,80.24333954,27233,27243,10
13.06319046,80.24343872,27243,27253,10
13.06385994,80.24349213,27253,27263,10
13.06460953,80.24349976,27263,27273,10
13.06552982,80.24349976,27273,27283,10
13.06634998,80.24337769,27283,27299,16
13.06768036,80.24282074,27299,27311,12
13.06861019,80.24255371,27311,27319,8
13.06894016,80.24240112,27319,27331,12
13.06908035,80.24234772,27331,27342,11
13.06956005,80.2421875,27342,27352,10
13.07001972,80.24207306,27352,27362,10
13.07005024,80.2420578,27362,27372,10
13.07024002,80.24205017,27372,27382,10
13.07077026,80.24189758,27382,27392,10
13.0714798,80.24165344,27392,27402,10
13.07225037,80.24121094,27402,27412,10
13.07304001,80.24082184,27412,27422,10
13.0738802,80.24056244,27422,27432,10
13.07487965,80.24049377,27432,27442,10
13.07586002,80.24047089,27442,27452,10
13.0767498,80.24056244,27452,27462,10
13.07713032,80.24027252,27462,27473,11
13.07693958,80.23947906,27473,27483,10
13.07672024,80.23867035,27483,27493,10
13.07660961,80.2382431,27493,27503,10
13.07658005,80.23799896,27503,27513,10
13.07649994,80.23754883,27513,27523,10
13.07643032,80.2371521,27523,27533,10
13.07643032,80.23713684,27533,27543,10
13.0763998,80.23683929,27543,27553,10
13.07629967,80.23628235,27553,27563,10
13.07619953,80.23564911,27563,27573,10
13.0760603,80.23497772,27573,27584,11
13.07586002,80.23410034,27584,27594,10
13.0761404,80.23377228,27594,27604,10
13.07668972,80.23370361,27604,27614,10
13.07678032,80.23368835,27614,27624,10
13.07699966,80.23368073,27624,27634,10
13.07754993,80.23361206,27634,27644,10
13.07826996,80.23355865,27644,27654,10
13.07903957,80.23351288,27654,27664,10
13.0797596,80.23348236,27664,27674,10
13.08036041,80.23348236,27674,27694,20
13.08036041,80.23348236,27694,27705,11
13.08086967,80.23352051,27705,27715,10
13.08152008,80.23355103,27715,27725,10
13.0820303,80.2334137,27725,27735,10
13.0821104,80.23274994,27735,27745,10
13.08232021,80.23197174,27745,27755,10
13.08263016,80.23117828,27755,27765,10
13.08290005,80.23065948,27765,27775,10
13.08314991,80.23082733,27775,27785,10
13.08320045,80.23140717,27785,27795,10
13.08325958,80.23223877,27795,27805,10
13.08345985,80.233078,27805,27815,10
13.08355999,80.2337265,27815,27826,11
13.08405018,80.23394012,27826,27866,40
13.08405018,80.23394012,27866,27876,10
13.08419991,80.23400116,27876,27886,10
13.0844202,80.23403931,27886,27896,10
13.08485031,80.23413086,27896,27906,10
13.08543015,80.23425293,27906,27916,10
13.08619022,80.23442078,27916,27926,10
13.08710957,80.23454285,27926,27936,10
13.08792019,80.23422241,27936,27946,10
13.08804035,80.23336029,27946,27957,11
13.08829975,80.23220825,27957,27967,10
13.08854961,80.23136902,27967,27977,10
13.08889961,80.23052979,27977,27997,20
13.08889961,80.23052979,27997,28007,10
13.08909988,80.2301712,28007,28017,10
13.08936977,80.22963715,28017,28027,10
13.08985043,80.22904205,28027,28037,10
13.09045982,80.22836304,28037,28047,10
13.09105968,80.22769928,28047,28057,10
13.09140968,80.22727966,28057,28067,10
13.09142017,80.22727203,28067,28078,11
13.09165955,80.22705841,28078,28088,10
13.09210014,80.22662354,28088,28098,10
13.09267044,80.2260437,28098,28108,10
13.09315968,80.22550201,28108,28118,10
13.09327984,80.22537994,28118,28128,10
13.09354973,80.22509003,28128,28138,10
13.09395981,80.22460175,28138,28148,10
13.09445953,80.22396088,28148,28158,10
13.09498978,80.22315979,28158,28168,10
13.09521961,80.22257233,28168,28178,10
13.0952301,80.22254181,28178,28188,10
13.09539032,80.22216034,28188,28199,11
13.09566021,80.22142029,28199,28209,10
13.09595966,80.22065735,28209,28219,10
13.09615993,80.21997833,28219,28229,10
13.09620953,80.219841,28229,28239,10
13.09630013,80.21958923,28239,28249,10
13.0965004,80.21901703,28249,28259,10
13.0967598,80.21827698,28259,28269,10
13.09704018,80.21746063,28269,28279,10
13.09720993,80.21697998,28279,28289,10
13.09726048,80.21685791,28289,28299,10
13.09745026,80.21637726,28299,28309,10
13.09774971,80.21563721,28309,28320,11
13.09815025,80.21473694,28320,28330,10
13.09848976,80.2140274,28330,28340,10
13.09875965,80.21398163,28340,28350,10
13.09887028,80.21405792,28350,28360,10
13.09934044,80.21424866,28360,28370,10
13.09988022,80.21437836,28370,28380,10
13.10025978,80.21450043,28380,28400,20
13.10025978,80.21450043,28400,28410,10
13.10048008,80.21456909,28410,28441,31
13.10048008,80.21456909,28441,28451,10
13.10060024,80.21463013,28451,28461,10
13.10050011,80.21494293,28461,28471,10
13.10027981,80.21546173,28471,28481,10
13.10006046,80.21595001,28481,28491,10
13.09990978,80.21587372,28491,28501,10
13.10002995,80.2155838,28501,28511,10
13.1001997,80.21521759,28511,28521,10
13.10033035,80.21484375,28521,29943,1422
13.10033035,80.21484375,29943,29953,10
13.10031033,80.21481323,29953,29963,10
13.10035992,80.21459198,29963,29973,10
13.10054016,80.21463776,29973,29993,20
13.10054016,80.21463776,29993,30003,10
13.10064983,80.21468353,30003,30013,10
13.10050964,80.21507263,30013,30023,10
13.10021019,80.21569824,30023,30033,10
13.09992027,80.21639252,30033,30043,10
13.09965992,80.21716309,30043,30054,11
13.09947014,80.2181015,30054,30064,10
13.09930992,80.21904755,30064,30074,10
13.0992403,80.21945953,30074,30083,9
13.0991497,80.21996307,30083,30094,11
13.09899998,80.2207489,30094,30104,10
13.09883976,80.22164154,30104,30114,10
13.09877968,80.22261047,30114,30124,10
13.09912014,80.22337341,30124,30134,10
13.09965992,80.22415924,30134,30144,10
13.09988022,80.2249527,30144,30154,10
13.09998989,80.22561646,30154,30164,10
13.10007954,80.22641754,30164,30175,11
13.10009003,80.22731018,30175,30185,10
13.10004044,80.22811127,30185,30195,10
13.09996033,80.2286911,30195,30205,10
13.09986973,80.22917938,30205,30215,10
13.09978008,80.22966766,30215,30225,10
13.09963036,80.23029327,30225,30235,10
13.09951973,80.23072052,30235,30245,10
13.09941959,80.23091888,30245,30255,10
13.09920979,80.23142242,30255,30265,10
13.09899998,80.23194122,30265,30275,10
13.09879971,80.23262024,30275,30285,10
13.09867001,80.23325348,30285,30295,10
13.0985899,80.23387909,30295,30306,11
13.09852982,80.23459625,30306,30316,10
13.09842014,80.2352829,30316,30326,10
13.09834957,80.23577118,30326,30336,10
13.09827995,80.23626709,30336,30346,10
13.09815979,80.23687744,30346,30356,10
13.09803963,80.23753357,30356,30366,10
13.09790993,80.23821259,30366,30376,10
13.09780979,80.23892212,30376,30386,10
13.0977602,80.2395401,30386,30396,10
13.09768963,80.24025726,30396,30406,10
13.09761047,80.2410965,30406,30416,10
13.09751987,80.24182892,30416,30427,11
13.09764004,80.24217987,30427,30437,10
13.09813023,80.24227142,30437,30447,10
13.09854984,80.24230957,30447,30457,10
13.09875011,80.24217224,30457,30467,10
13.09883976,80.24169922,30467,30507,40
13.09883976,80.24169922,30507,30524,17
13.09871006,80.24143982,30524,30617,93
13.09871006,80.24143982,30617,30627,10
13.09856987,80.24140167,30627,30637,10
13.09854984,80.24104309,30637,30647,10
13.09858036,80.24072266,30647,30657,10
13.09831047,80.24053955,30657,30788,131
13.09831047,80.24053955,30788,30799,11
13.09825993,80.24073792,30799,30819,20
13.09825993,80.24073792,30819,30829,10
13.09829044,80.24062347,30829,31817,988
13.0983696,80.24056244,31817,31877,60
13.0983696,80.24056244,31877,31887,10
13.09823036,80.24051666,31887,32422,535
13.09844971,80.24051666,32422,32452,30
13.09844971,80.24051666,32452,32462,10
13.09842014,80.24028015,32462,32583,121
13.09842014,80.24028015,32583,32593,10
13.09852982,80.24030304,32593,32603,10
13.09856033,80.24047852,32603,32613,10
13.09879971,80.24082184,32613,32623,10
13.09885979,80.24127197,32623,32633,10
13.09883976,80.24160004,32633,32785,152
13.09883976,80.24160004,32785,32795,10
13.09881973,80.24182892,32795,32815,20
13.09881973,80.24182892,32815,32825,10
13.09877968,80.24211121,32825,32835,10
13.09860039,80.24230194,32835,32845,10
13.09829998,80.24228668,32845,32855,10
13.09770012,80.24221039,32855,32905,50
13.09770012,80.24221039,32905,32916,11
13.09759045,80.2421875,32916,32926,10
13.09737968,80.24208069,32926,32936,10
13.09743977,80.24185181,32936,32946,10
13.09747982,80.24160767,32946,32956,10
13.09757996,80.24105835,32956,32966,10
13.09764957,80.24034882,32966,32976,10
13.09770012,80.23970795,32976,32986,10
13.09772015,80.23937988,32986,32996,10
13.09774971,80.23908234,32996,33006,10
13.09780979,80.23853302,33006,33016,10
13.09792995,80.23786163,33016,33026,10
13.09807968,80.23708344,33026,33037,11
13.09821033,80.23634338,33037,33047,10
13.09827995,80.23583984,33047,33057,10
13.09838009,80.23531342,33057,33067,10
13.09844971,80.23474121,33067,33077,10
13.0984602,80.23449707,33077,33087,10
13.09850979,80.23416138,33087,33097,10
13.09852982,80.2338562,33097,33107,10
13.09856033,80.23362732,33107,33123,16
13.0985899,80.23338318,33123,33135,12
13.09871006,80.23268127,33135,33143,8
13.09885979,80.23206329,33143,33155,12
13.09914017,80.2313385,33155,33166,11
13.09932041,80.2309494,33166,33176,10
13.09945965,80.23062897,33176,33186,10
13.09951973,80.23040009,33186,33196,10
13.09967041,80.22985077,33196,33206,10
13.09978008,80.22921753,33206,33215,9
13.09988022,80.22853088,33215,33225,10
13.09998035,80.22792816,33225,33235,10
13.10002041,80.22705078,33235,33246,11
13.09996033,80.22612,33246,33256,10
13.0998497,80.22530365,33256,33266,10
13.09965992,80.22451019,33266,33276,10
13.09941006,80.22383881,33276,33286,10
13.09926987,80.22364044,33286,33297,11
13.09906006,80.22337341,33297,33307,10
13.09885979,80.22309875,33307,33317,10
13.09873962,80.22283936,33317,33327,10
13.09873009,80.22221375,33327,33337,10
13.09881973,80.22141266,33337,33347,10
13.09897041,80.22049713,33347,33357,10
13.09908962,80.21977997,33357,33367,10
13.09916019,80.21935272,33367,33377,10
13.09920025,80.21901703,33377,33387,10
13.09928989,80.21839905,33387,33397,10
13.09939957,80.21768188,33397,33407,10
13.0995903,80.21695709,33407,33417,10
13.09984016,80.21630859,33417,33426,9
13.09988022,80.21594238,33426,33438,12
13.10000992,80.21555328,33438,33448,10
13.10021019,80.21511841,33448,33458,10
13.10025024,80.21504211,33458,33468,10
13.10021019,80.21485901,33468,34506,1038
13.10021019,80.21485901,34506,34516,10
13.10025024,80.21481323,34516,34526,10
13.10025024,80.21475983,34526,34537,11
13.10017967,80.21453857,34537,34547,10
13.09992981,80.21443939,34547,34557,10
13.09957981,80.2143631,34557,34567,10
13.09916019,80.2142334,34567,34577,10
13.09869957,80.21405029,34577,34597,20
13.09869957,80.21405029,34597,34607,10
13.09844017,80.21417999,34607,34617,10
13.09821033,80.21473694,34617,34627,10
13.09790039,80.21549988,34627,34637,10
13.09755993,80.21627808,34637,34647,10
13.09739017,80.21674347,34647,34657,10
13.09737015,80.21679688,34657,34668,11
13.09722042,80.21716309,34668,34678,10
13.09698009,80.21779633,34678,34688,10
13.09671974,80.21861267,34688,34698,10
13.09652996,80.21923065,34698,34708,10
13.09626961,80.21990204,34708,34718,10
13.09599018,80.22068787,34718,34728,10
13.09572983,80.22148132,34728,34738,10
13.09549999,80.22222137,34738,34748,10
13.09541988,80.22239685,34748,34758,10
13.09537983,80.22254181,34758,34768,10
13.09519005,80.22296143,34768,34778,10
13.0948,80.22361755,34778,34789,11
13.09418964,80.22444153,34789,34799,10
13.09364033,80.22509766,34799,34809,10
13.09302998,80.22573853,34809,34819,10
13.09255981,80.22624969,34819,34829,10
13.09206963,80.22679138,34829,34839,10
13.09154034,80.22731781,34839,34849,10
13.09127045,80.2276001,34849,34869,20
13.09127045,80.2276001,34869,34879,10
13.09115982,80.22769928,34879,34889,10
13.09084034,80.22805786,34889,34899,10
13.09031963,80.22859955,34899,34909,10
13.08977985,80.22920227,34909,34920,11
13.08934975,80.22982788,34920,34930,10
13.08917046,80.23020935,34930,34940,10
13.08882046,80.23097992,34940,34960,20
13.08882046,80.23097992,34960,34970,10
13.08876038,80.23113251,34970,34980,10
13.08866024,80.2313385,34980,34990,10
13.08852005,80.23165894,34990,35000,10
13.08833981,80.23230743,35000,35010,10
13.08815002,80.23304749,35010,35020,10
13.08804989,80.23370361,35020,35030,10
13.08798981,80.23419952,35030,35041,11
13.08751965,80.23459625,35041,35081,40
13.08751965,80.23459625,35081,35091,10
13.08726025,80.23455811,35091,35101,10
13.0868597,80.23452759,35101,35111,10
13.0864296,80.23448181,35111,35121,10
13.08592987,80.23439026,35121,35131,10
13.08543015,80.23423767,35131,35147,16
13.08483982,80.23406219,35147,35159,12
13.08440018,80.23400116,35159,35170,11
13.08378029,80.23387146,35170,35190,20
13.08378029,80.23387146,35190,35200,10
13.08358002,80.23384857,35200,35210,10
13.08325958,80.2338028,35210,35220,10
13.08277988,80.2337265,35220,35230,10
13.08248997,80.23361969,35230,35240,10
13.08248043,80.23361969,35240,35250,10
13.08236027,80.2335968,35250,35260,10
13.08201027,80.23351288,35260,35270,10
13.08152008,80.23352051,35270,35280,10
13.08096981,80.23355865,35280,35291,11
13.08026981,80.23355865,35291,35301,10
13.07981968,80.23352051,35301,35311,10
13.07966042,80.23349762,35311,35321,10
13.0795002,80.23352051,35321,35331,10
13.07919979,80.23352051,35331,35341,10
13.07876015,80.2335434,35341,35351,10
13.0780201,80.2335968,35351,35361,10
13.07721996,80.2336731,35361,35371,10
13.07641029,80.2338028,35371,35381,10
13.07608032,80.23388672,35381,35391,10
13.07594967,80.23384094,35391,35401,10
13.07584,80.23390961,35401,35412,11
13.0759201,80.23425293,35412,35422,10
13.07604027,80.23480988,35422,35432,10
13.07618046,80.23558044,35432,35442,10
13.07639027,80.2363205,35442,35452,10
13.07653999,80.23719788,35452,35472,20
13.07653999,80.23719788,35472,35482,10
13.07654953,80.23735809,35482,35492,10
13.07668972,80.23789215,35492,35512,20
13.07668972,80.23789215,35512,35522,10
13.07676029,80.23806,35522,35532,10
13.07684994,80.23857117,35532,35543,11
13.07701969,80.23944092,35543,35553,10
13.07717991,80.24037933,35553,35563,10
13.07738018,80.24114227,35563,35573,10
13.07748985,80.24176025,35573,35583,10
13.07765007,80.24259949,35583,35593,10
13.07781029,80.24359894,35593,35603,10
13.07781029,80.24411011,35603,35613,10
13.07781029,80.24414063,35613,35623,10
13.07781982,80.24429321,35623,35633,10
13.07787037,80.24475861,35633,35643,10
13.07794952,80.24550629,35643,35653,10
13.07800007,80.24627686,35653,35664,11
13.07818985,80.24717712,35664,35674,10
13.07837963,80.24807739,35674,35684,10
13.07853031,80.248703,35684,35694,10
13.07866955,80.24925995,35694,35704,10
13.07878017,80.24992371,35704,35714,10
13.07853985,80.25054169,35714,35724,10
13.0785799,80.25124359,35724,35734,10
13.07855988,80.2516098,35734,35744,10
13.07826996,80.25167847,35744,35754,10
13.07785988,80.25176239,35754,35764,10
13.07721996,80.25187683,35764,35774,10
13.07656956,80.25202942,35774,35785,11
13.07569981,80.25216675,35785,35795,10
13.07501984,80.25219727,35795,35805,10
13.07439041,80.25222015,35805,35815,10
13.0739603,80.25234222,35815,35825,10
13.07345963,80.25241852,35825,35835,10
13.07281971,80.252388,35835,35845,10
13.07234001,80.25216675,35845,35855,10
13.07209969,80.25150299,35855,35865,10
13.07196045,80.25067902,35865,35875,10
13.07162952,80.24965668,35875,35885,10
13.07143021,80.24852753,35885,35895,10
13.07120991,80.24791718,35895,35905,10
13.07091999,80.24720764,35905,35916,11
13.07046986,80.24627686,35916,35926,10
13.07001019,80.2452774,35926,35935,9
13.06966019,80.24433899,35935,35946,11
13.06931973,80.24330139,35946,35966,20
13.06931973,80.24330139,35966,35976,10
13.06931973,80.24311829,35976,35986,10
13.0692997,80.24285889,35986,35996,10
13.06900024,80.24253082,35996,36006,10
13.06832027,80.2427063,36006,36016,10
13.06756973,80.24282837,36016,36026,10
13.06698036,80.24311066,36026,36037,11
13.06672001,80.24324799,36037,36047,10
13.06643963,80.24342346,36047,36057,10
13.06618023,80.2438736,36057,36067,10
13.06624031,80.24453735,36067,36077,10
13.0662899,80.24491882,36077,36087,10
13.06634045,80.24524689,36087,36097,10
13.06653023,80.24581146,36097,36107,10
13.06715965,80.24617004,36107,36116,9
13.06770039,80.24642181,36116,36127,11
13.06774044,80.24645996,36127,36137,10
13.06783009,80.24656677,36137,36147,10
13.06793022,80.24707794,36147,36157,10
13.0678196,80.24771881,36157,36168,11
13.06715965,80.24787903,36168,36177,9
13.06659985,80.24790192,36177,36188,11
13.06569958,80.24780273,36188,36198,10
13.06486988,80.2477417,36198,36208,10
13.06394958,80.24768066,36208,36217,9
13.06328011,80.24761963,36217,36228,11
13.06264019,80.24755096,36228,36238,10
13.06184006,80.24745178,36238,36248,10
13.06138039,80.24710846,36248,36258,10
13.0615797,80.24671173,36258,36268,10
13.06177998,80.24636078,36268,36278,10
13.06190968,80.24568939,36278,36289,11
13.06235981,80.24492645,36289,36299,10
13.0629797,80.24447632,36299,36309,10
13.06313992,80.24423218,36309,36319,10
13.06324959,80.24411774,36319,36329,10
13.06340981,80.24375153,36329,36339,10
13.06320953,80.24343872,36339,36349,10
13.06274986,80.24334717,36349,36359,10
13.06237984,80.24330139,36359,36369,10
13.06179047,80.24315643,36369,36379,10
13.06132984,80.24308777,36379,36389,10
13.06074047,80.24294281,36389,36399,10
13.06015968,80.24272919,36399,36410,11
13.05953979,80.24255371,36410,36420,10
13.05914021,80.24250793,36420,36440,20
13.05914021,80.24250793,36440,36450,10
13.05883026,80.24252319,36450,36460,10
13.05852032,80.2425766,36460,36470,10
13.05807972,80.24269867,36470,36480,10
13.05733967,80.24276733,36480,36490,10
13.05673981,80.24268341,36490,36500,10
13.05624962,80.24247742,36500,36591,91
13.05624962,80.24247742,36591,36601,10
13.05570984,80.24227905,36601,36631,30
13.05570984,80.24227905,36631,36641,10
13.05552006,80.24227905,36641,36651,10
13.05506039,80.24234009,36651,36662,11
13.05426025,80.24236298,36662,36672,10
13.05372047,80.24221802,36672,36682,10
13.05368996,80.2421875,36682,36692,10
13.05340958,80.24204254,36692,36702,10
13.0527401,80.24178314,36702,36762,60
13.0527401,80.24178314,36762,36772,10
13.05265999,80.24178314,36772,36782,10
13.05237007,80.24147797,36782,36793,11
13.05208015,80.2409668,36793,36803,10
13.05179024,80.24073792,36803,36813,10
13.05140018,80.2406311,36813,36823,10
13.05095005,80.24051666,36823,36833,10
13.05076981,80.24047852,36833,36843,10
13.05033016,80.24040222,36843,36853,10
13.04979038,80.240242,36853,36863,10
13.04913998,80.24011993,36863,36873,10
13.04850006,80.2399826,36873,36883,10
13.04784012,80.23982239,36883,36893,10
13.04716015,80.23967743,36893,36903,10
13.04695988,80.23966217,36903,36914,11
13.04681969,80.23964691,36914,36924,10
13.04664993,80.23961639,36924,36934,10
13.04623032,80.23947906,36934,36944,10
13.04631996,80.23899841,36944,36954,10
13.04648972,80.23822021,36954,36964,10
13.04666042,80.23742676,36964,36974,10
13.04675961,80.23674011,36974,36984,10
13.04687977,80.23616791,36984,36994,10
13.04695988,80.23578644,36994,37004,10
13.04701042,80.23558044,37004,37014,10
13.04706955,80.23510742,37014,37024,10
13.04714966,80.23438263,37024,37034,10
13.04722977,80.23351288,37034,37045,11
13.04706001,80.23300934,37045,37055,10
13.04638958,80.23293304,37055,37065,10
13.04563046,80.23274231,37065,37075,10
13.04506969,80.23262787,37075,37085,10
13.04504967,80.23262787,37085,37095,10
13.04475021,80.23258209,37095,37105,10
13.04421043,80.23248291,37105,37115,10
13.04345036,80.23239136,37115,37125,10
13.04277992,80.23233795,37125,37135,10
13.04209042,80.23232269,37135,37145,10
13.04131985,80.23216248,37145,37155,10
13.04045963,80.2318573,37155,37166,11
13.03946972,80.23161316,37166,37175,9
13.03862953,80.23139954,37175,37186,11
13.03769016,80.2310791,37186,37196,10
13.0370903,80.23091888,37196,37206,10
13.03684998,80.23088074,37206,37216,10
13.03643036,80.23069763,37216,37226,10
13.03581047,80.23049164,37226,37236,10
13.03532982,80.23036957,37236,37266,30
13.03532982,80.23036957,37266,37276,10
13.03497982,80.2303009,37276,37287,11
13.03462029,80.23032379,37287,37297,10
13.0341301,80.23042297,37297,37307,10
13.03380966,80.23042297,37307,37317,10
13.03345966,80.23045349,37317,37337,20
13.03345966,80.23045349,37337,37347,10
13.03314972,80.23049927,37347,37357,10
13.03258038,80.2305603,37357,37377,20
13.03258038,80.2305603,37377,37387,10
13.03248978,80.2305603,37387,37397,10
13.03225994,80.23059082,37397,37407,10
13.0320797,80.23062134,37407,37428,21
13.0320797,80.23062134,37428,37438,10
13.03199959,80.23065186,37438,37448,10
13.03172016,80.23065186,37448,37458,10
13.03141022,80.23065948,37458,37468,10
13.03110027,80.23065948,37468,37478,10
13.03087997,80.23069763,37478,37609,131
13.03087997,80.23069763,37609,37619,10
13.03073978,80.23072815,37619,37629,10
13.03034973,80.23075867,37629,37639,10
13.02982044,80.23078156,37639,37649,10
13.02974987,80.23078918,37649,37659,10
13.02956009,80.23084259,37659,37670,11
13.02902985,80.23085022,37670,37680,10
13.02836037,80.23088074,37680,37690,10
13.02785969,80.23092651,37690,37700,10
13.02766991,80.23111725,37700,37710,10
13.02766991,80.23166656,37710,37720,10
13.02779961,80.23239136,37720,37730,10
13.0269804,80.23297882,37730,37788,58
13.0269804,80.23297882,37788,37799,11
13.02690029,80.23303223,37799,37807,8
13.02670002,80.23304749,37807,37818,11
13.02632046,80.23268127,37818,37829,11
13.02606964,80.23179626,37829,37841,12
13.02571011,80.23058319,37841,37851,10
13.02517986,80.22975159,37851,37861,10
13.02486038,80.22936249,37861,37871,10
13.02484989,80.22934723,37871,37881,10
13.02476978,80.22928619,37881,37891,10
13.02455997,80.22901917,37891,37901,10
13.02435017,80.22875214,37901,37911,10
13.0240202,80.2283783,37911,37922,11
13.02394009,80.22828674,37922,37932,10
13.02390003,80.22823334,37932,37942,10
13.02365971,80.22792053,37942,37952,10
13.02336979,80.22760773,37952,37962,10
13.02330971,80.22756195,37962,37972,10
13.02305984,80.22731781,37972,37982,10
13.02250957,80.22683716,37982,37992,10
13.02194977,80.22634125,37992,38002,10
13.02145004,80.22595978,38002,38012,10
13.0207901,80.22545624,38012,38022,10
13.02023983,80.22505951,38022,38032,10
13.01980972,80.2247467,38032,38043,11
13.01902008,80.22447968,38043,38053,10
13.01819038,80.22470856,38053,38063,10
13.01739979,80.22502899,38063,38073,10
13.0166502,80.2253418,38073,38083,10
13.01615047,80.22554779,38083,38093,10
13.01556969,80.2257309,38093,38103,10
13.01504993,80.2259903,38103,38113,10
13.01498985,80.22601318,38113,38123,10
13.01467991,80.22614288,38123,38133,10
13.01426029,80.2263031,38133,38143,10
13.01422977,80.22631073,38143,38153,10
13.01399994,80.22640228,38153,38164,11
13.0134201,80.22659302,38164,38174,10
13.01274014,80.2268219,38174,38184,10
13.01200008,80.22714233,38184,38194,10
13.01111984,80.22747803,38194,38204,10
13.01019955,80.22786713,38204,38214,10
13.00936985,80.22824097,38214,38224,10
13.00903988,80.22901154,38224,38234,10
13.00883961,80.2300415,38234,38244,10
13.00864983,80.23117065,38244,38254,10
13.00842953,80.23226929,38254,38264,10
13.0082798,80.23316193,38264,38274,10
13.00823975,80.23352051,38274,38284,10
13.00821018,80.23355865,38284,38295,11
13.00819016,80.2335968,38295,38305,10
13.0081501,80.23371887,38305,38315,10
13.00809002,80.23403931,38315,38325,10
13.00798035,80.23464203,38325,38335,10
13.00782013,80.23535156,38335,38345,10
13.00767994,80.23615265,38345,38355,10
13.00749016,80.23708344,38355,38365,10
13.0073204,80.23796844,38365,38375,10
13.00718975,80.2386322,38375,38436,61
13.00718975,80.2386322,38436,38446,10
13.00712967,80.23876953,38446,38456,10
13.00710011,80.2390213,38456,38466,10
13.00704002,80.23941803,38466,38476,10
13.00695992,80.23983765,38476,38526,50
13.00695992,80.23983765,38526,38536,10
13.00699997,80.24019623,38536,38547,11
13.00704956,80.24025726,38547,38557,10
13.00695038,80.2406311,38557,38567,10
13.00689983,80.24082184,38567,38577,10
13.00681973,80.24108887,38577,38587,10
13.00675964,80.24178314,38587,38597,10
13.00671959,80.24266052,38597,38607,10
13.00669003,80.24353027,38607,38617,10
13.00669956,80.24440765,38617,38627,10
13.00671959,80.24530029,38627,38637,10
13.00673008,80.24590302,38637,38647,10
13.00673962,80.24672699,38647,38657,10
13.00673962,80.24733734,38657,38667,10
13.00671005,80.24803162,38667,38678,11
13.00677013,80.24890137,38678,38688,10
13.00683022,80.2495575,38688,38698,10
13.00683022,80.24967957,38698,38708,10
13.00681973,80.25012207,38708,38718,10
13.00681019,80.2508316,38718,38728,10
13.00677013,80.25151825,38728,38738,10
13.00660992,80.25218964,38738,38748,10
13.00660038,80.25257111,38748,38758,10
13.00666046,80.25296021,38758,38768,10
13.00664043,80.25324249,38768,38778,10
13.00662994,80.25347137,38778,38788,10
13.00660038,80.25377655,38788,38958,170
13.00660038,80.25377655,38958,38968,10
13.00658035,80.25393677,38968,38978,10
13.00660992,80.25424194,38978,38988,10
13.00656986,80.25457764,38988,38998,10
13.00656986,80.25507355,38998,39008,10
13.00658989,80.25578308,39008,39018,10
13.00660038,80.2563324,39018,39028,10
13.00660992,80.25675964,39028,39038,10
13.00669003,80.2572937,39038,39049,11
13.00689983,80.25792694,39049,39059,10
13.00730038,80.25845337,39059,39069,10
13.00774956,80.25875854,39069,39079,10
13.00809002,80.25906372,39079,39089,10
13.00778961,80.25926971,39089,39099,10
13.00736046,80.25921631,39099,39109,10
13.00718021,80.25868988,39109,39119,10
13.00687981,80.25817108,39119,39129,10
13.00666046,80.25782776,39129,39139,10
13.00656986,80.25773621,39139,39149,10
13.00652027,80.2575531,39149,39159,10
13.00648975,80.25710297,39159,39169,10
13.00648022,80.25649261,39169,39180,11
13.00646019,80.25562286,39180,39190,10
13.00650978,80.25479126,39190,39200,10
13.00648975,80.25382996,39200,39210,10
13.00646019,80.25318909,39210,39220,10
13.00646973,80.25312805,39220,39230,10
13.00648975,80.25270081,39230,39240,10
13.00660038,80.25190735,39240,39250,10
13.00673962,80.25106049,39250,39260,10
13.00673962,80.25022888,39260,39270,10
13.00673962,80.24958038,39270,39280,10
13.00669003,80.24886322,39280,39290,10
13.00660992,80.24810028,39290,39341,51
13.00660992,80.24810028,39341,39351,10
13.00660992,80.24774933,39351,39361,10
13.00662994,80.24719238,39361,39371,10
13.00656033,80.24671173,39371,39381,10
13.00654984,80.24669647,39381,39391,10
13.0065403,80.24656677,39391,39401,10
13.00660038,80.24636841,39401,39411,10
13.00662041,80.24584961,39411,39421,10
13.00660992,80.24510193,39421,39432,11
13.00662041,80.24475098,39432,39442,10
13.00660992,80.24442291,39442,39452,10
13.00660038,80.24398041,39452,39462,10
13.00658035,80.24333191,39462,39472,10
13.00658035,80.24246216,39472,39482,10
13.00658035,80.24141693,39482,39492,10
13.00666046,80.24066925,39492,39502,10
13.00667953,80.24053192,39502,39512,10
13.00669956,80.24041748,39512,39522,10
13.00677967,80.2400589,39522,39532,10
13.00691032,80.23932648,39532,39542,10
13.00708961,80.23841095,39542,39552,10
13.00730038,80.23744202,39552,39563,11
13.00737,80.23680878,39563,39583,20
13.00737,80.23680878,39583,39593,10
13.00741959,80.23670197,39593,39603,10
13.00755024,80.23623657,39603,39613,10
13.00769997,80.23547363,39613,39623,10
13.00776958,80.23512268,39623,39633,10
13.00788021,80.23465729,39633,39643,10
13.00804043,80.23387146,39643,39653,10
13.00825977,80.23275757,39653,39663,10
13.00850964,80.23149109,39663,39673,10
13.00874043,80.2301712,39673,39684,11
13.00903988,80.22873688,39684,39694,10
13.00944042,80.22749329,39694,39703,9
13.00994015,80.22640228,39703,39714,11
13.01051998,80.22519684,39714,39724,10
13.01093006,80.22415924,39724,39734,10
13.01124001,80.22344208,39734,39744,10
13.01148987,80.22290802,39744,39754,10
13.01177979,80.22216797,39754,39764,10
13.01210976,80.22145844,39764,39774,10
13.0124197,80.22160339,39774,39784,10
13.01274014,80.22203064,39784,39794,10
13.01299,80.22235107,39794,39805,11
13.01346016,80.2228775,39805,39815,10
13.01395988,80.22341919,39815,39825,10
13.01428032,80.22386932,39825,39835,10
13.01473999,80.2243576,39835,39845,10
13.01511002,80.22471619,39845,39855,10
13.01531982,80.2248764,39855,39865,10
13.01537037,80.22489929,39865,39875,10
13.01570034,80.22516632,39875,39885,10
13.01640034,80.22530365,39885,39895,10
13.01723957,80.22502136,39895,39905,10
13.01815987,80.2246933,39905,39915,10
13.01904964,80.22438049,39915,39925,10
13.01949024,80.22442627,39925,39936,11
13.01984978,80.22463226,39936,39952,16
13.02062035,80.22515869,39952,39964,12
13.02120018,80.2256012,39964,39974,10
13.02194977,80.22614288,39974,39994,20
13.02194977,80.22614288,39994,40003,9
13.02206039,80.22621918,40003,40014,11
13.02254963,80.22667694,40014,40024,10
13.02318954,80.22725677,40024,40033,9
13.02381039,80.22783661,40033,40044,11
13.02425957,80.22821808,40044,40054,10
13.02447987,80.22859955,40054,40065,11
13.02474976,80.22904205,40065,40076,11
13.02503967,80.22942352,40076,40085,9
13.0254097,80.22989655,40085,40096,11
13.02595043,80.23091888,40096,40116,20
13.02595043,80.23091888,40116,40126,10
13.02598953,80.23105621,40126,40136,10
13.02620983,80.23132324,40136,40146,10
13.02690029,80.23114014,40146,40156,10
13.02770996,80.23095703,40156,40166,10
13.02822971,80.23088837,40166,40176,10
13.02851963,80.23085785,40176,40187,11
13.02865982,80.23084259,40187,40197,10
13.02910042,80.23079681,40197,40207,10
13.02987957,80.23074341,40207,40237,30
13.02987957,80.23074341,40237,40247,10
13.03013992,80.23072815,40247,40257,10
13.03024006,80.23072052,40257,40267,10
13.03046989,80.23072052,40267,40277,10
13.03083038,80.23068237,40277,40287,10
13.03125,80.2306366,40287,40297,10
13.03178024,80.23059845,40297,40308,11
13.03201962,80.23058319,40308,40318,10
13.03252029,80.2305603,40318,40328,10
13.03310966,80.2305069,40328,40338,10
13.03337955,80.23047638,40338,40348,10
13.03369045,80.23046875,40348,40368,20
13.03369045,80.23046875,40368,40378,10
13.03392982,80.23045349,40378,40388,10
13.03423977,80.23040009,40388,40408,20
13.03423977,80.23040009,40408,40418,10
13.03458977,80.23036194,40418,40428,10
13.03495026,80.23047638,40428,40439,11
13.03489971,80.23105621,40439,40449,10
13.03479958,80.2318573,40449,40459,10
13.0346899,80.23275757,40459,40469,10
13.03460026,80.23339844,40469,40479,10
13.03450966,80.23406982,40479,40489,10
13.03437996,80.23493958,40489,40499,10
13.03427029,80.23600769,40499,40509,10
13.03421021,80.23713684,40509,40590,81
13.03421021,80.23713684,40590,40600,10
13.03421974,80.23735046,40600,40610,10
13.03444958,80.23770905,40610,40620,10
13.03470039,80.23812866,40620,40629,9
13.03499031,80.23857117,40629,40640,11
13.03530025,80.23903656,40640,40650,10
13.0355196,80.23931885,40650,40660,10
13.03590965,80.23934937,40660,40670,10
13.0365696,80.23944092,40670,40680,10
13.03717041,80.23950958,40680,40691,11
13.03781033,80.23957825,40691,40701,10
13.03818989,80.23961639,40701,40711,10
13.03880024,80.23967743,40711,40721,10
13.03942013,80.23976898,40721,40731,10
13.03999996,80.23986053,40731,40781,50
13.03999996,80.23986053,40781,40791,10
13.04022026,80.23993683,40791,40801,10
13.04041958,80.24014282,40801,40812,11
13.04039955,80.24044037,40812,40822,10
13.04078007,80.24053192,40822,40832,10
13.04096985,80.24056244,40832,40842,10
13.0411396,80.24060059,40842,40852,10
13.04148006,80.24062347,40852,40862,10
13.04216003,80.24067688,40862,40872,10
13.04284954,80.24079132,40872,40882,10
13.04351997,80.24088287,40882,40892,10
13.04393005,80.24092102,40892,40902,10
13.04413033,80.24085236,40902,40912,10
13.04463005,80.2405014,40912,40922,10
13.04522038,80.24012756,40922,40932,10
13.04553032,80.23985291,40932,40943,11
13.04603004,80.23957825,40943,40953,10
13.04638958,80.23959351,40953,40963,10
13.04656029,80.23963165,40963,40973,10
13.04683971,80.23967743,40973,40983,10
13.04718018,80.23973846,40983,40993,10
13.04763031,80.23982239,40993,41003,10
13.04823017,80.23993683,41003,41013,10
13.04868984,80.24002838,41013,41023,10
13.0487299,80.24004364,41023,41033,10
13.04903984,80.24008942,41033,41043,10
13.04928017,80.24012756,41043,41053,10
13.04973984,80.24022675,41053,41064,11
13.05033016,80.24034119,41064,41074,10
13.05086994,80.24046326,41074,41084,10
13.05109978,80.24050903,41084,41094,10
13.0512104,80.24056244,41094,41104,10
13.05158043,80.24062347,41104,41114,10
13.05193043,80.24069977,41114,41124,10
13.05241013,80.2408905,41124,41134,10
13.05255032,80.24134064,41134,41144,10
13.05298042,80.24178314,41144,41154,10
13.05397034,80.24220276,41154,41174,20
13.05397034,80.24220276,41174,41184,10
13.05412006,80.24227142,41184,41194,10
13.05459976,80.24233246,41194,41205,11
13.05543041,80.24223328,41205,41215,10
13.05624962,80.24243927,41215,41225,10
13.05652046,80.24256134,41225,41235,10
13.05657959,80.2425766,41235,41245,10
13.05692005,80.24259186,41245,41255,10
13.05739975,80.24276733,41255,41265,10
13.05774975,80.2427597,41265,41275,10
13.05784988,80.24275208,41275,41285,10
13.05817986,80.24268341,41285,41295,10
13.05883026,80.24259186,41295,41305,10
13.05943966,80.24253845,41305,41316,11
13.06017971,80.2427597,41316,41326,10
13.06081963,80.24297333,41326,41336,10
13.06136036,80.24311829,41336,41346,10
13.06200027,80.24321747,41346,41356,10
13.06245995,80.24330139,41356,41366,10
13.06247997,80.24330139,41366,41376,10
13.06258965,80.24331665,41376,41386,10
13.06299019,80.24340057,41386,41396,10
13.06355,80.24346161,41396,41406,10
13.06412029,80.24349976,41406,41416,10
13.06478024,80.24353027,41416,41426,10
13.06536007,80.2435379,41426,41437,11
13.06591034,80.24347687,41437,41447,10
13.06608963,80.24347687,41447,41457,10
13.0662899,80.2434082,41457,41467,10
13.06655979,80.24330902,41467,41477,10
13.06686974,80.24317932,41477,41487,10
13.06725979,80.24298859,41487,41497,10
13.06785965,80.2427597,41497,41507,10
13.06838036,80.24263,41507,41533,26
13.06838036,80.24263,41533,41545,12
13.06855965,80.2425766,41545,41553,8
13.06894016,80.2424469,41553,41565,12
13.06991959,80.24211884,41565,41586,21
13.06991959,80.24211884,41586,41596,10
13.06999016,80.24208069,41596,41606,10
13.07032967,80.24198914,41606,41616,10
13.07083988,80.24183655,41616,41626,10
13.07143974,80.24159241,41626,41636,10
13.07196999,80.24131775,41636,41646,10
13.07256031,80.24095154,41646,41656,10
13.07332039,80.24069977,41656,41666,10
13.07396984,80.24050903,41666,41676,10
13.07487965,80.24047852,41676,41686,10
13.07586002,80.24046326,41686,41697,11
13.07676983,80.24056244,41697,41707,10
13.07701015,80.24054718,41707,41717,10
13.0770998,80.240242,41717,41727,10
13.07693005,80.23964691,41727,41737,10
13.07674026,80.23892975,41737,41747,10
13.07662964,80.23863983,41747,41757,10
13.07656956,80.23848724,41757,41767,10
13.07649994,80.23809814,41767,41777,10
13.07637978,80.23751068,41777,41807,30
13.07637978,80.23751068,41807,41818,11
13.07633018,80.23728943,41818,41828,10
13.07623005,80.23674011,41828,41838,10
13.0761404,80.23590088,41838,41848,10
13.07594967,80.23500824,41848,41858,10
13.07577991,80.23438263,41858,41868,10
13.07567978,80.23400116,41868,41908,40
13.07567978,80.23400116,41908,41918,10
13.07581997,80.23387146,41918,41928,10
13.07664013,80.23371887,41928,41949,21
13.07664013,80.23371887,41949,41959,10
13.07693005,80.23368073,41959,41969,10
13.07758045,80.23356628,41969,41979,10
13.07835007,80.23355865,41979,41989,10
13.07907963,80.23352051,41989,41999,10
13.0797596,80.23348236,41999,42009,10
13.08022022,80.23348236,42009,42019,10
13.08024979,80.23348999,42019,42029,10
13.08059978,80.23349762,42029,42039,10
13.08119965,80.23348999,42039,42049,10
13.08180046,80.23348236,42049,42059,10
13.08195972,80.23304749,42059,42070,11
13.0821104,80.23248291,42070,42080,10
13.08230972,80.23184967,42080,42090,10
13.08250046,80.23136139,42090,42100,10
13.08257008,80.23120117,42100,42110,10
13.08275986,80.23078918,42110,42120,10
13.08306026,80.23072815,42120,42130,10
13.08314037,80.23114014,42130,42140,10
13.08318043,80.23191833,42140,42150,10
13.08329964,80.23265839,42150,42160,10
13.08341026,80.23330688,42160,42170,10
13.08353996,80.23377991,42170,42180,10
13.08391953,80.2338562,42180,42196,16
13.08401966,80.23390198,42196,42209,13
13.08436966,80.23400116,42209,42219,10
13.08491039,80.23410034,42219,42228,9
13.08541965,80.23420715,42228,42239,11
13.08588028,80.23435974,42239,42249,10
13.0865202,80.23451233,42249,42259,10
13.0873003,80.23459625,42259,42269,10
13.08792019,80.23400879,42269,42279,10
13.08804035,80.233078,42279,42289,10
13.08827972,80.23207092,42289,42300,11
13.0885601,80.23116302,42300,42310,10
13.08882046,80.23056793,42310,42321,11
13.08883953,80.23052216,42321,42331,10
13.0889101,80.23047638,42331,42341,10
13.08907986,80.23011017,42341,42351,10
13.08942986,80.2294693,42351,42361,10
13.09000969,80.22878265,42361,42371,10
13.09072018,80.22802734,42371,42381,10
13.09127998,80.22737885,42381,42391,10
13.09140015,80.22724915,42391,42401,10
13.09150982,80.22714233,42401,42411,10
13.09189987,80.22673798,42411,42421,10
13.09247971,80.22615051,42421,42431,10
13.09317017,80.22544861,42431,42441,10
13.09375,80.22480011,42441,42452,11
13.09442043,80.22395325,42452,42462,10
13.09502029,80.22303009,42462,42472,10
13.09541988,80.22200012,42472,42482,10
13.09576035,80.22103882,42482,42491,9
13.09599972,80.22035217,42491,42503,12
13.09619999,80.2197113,42503,42513,10
13.09624958,80.2195282,42513,42523,10
13.09634972,80.21923065,42523,42533,10
13.09638023,80.21916199,42533,42543,10
13.09654045,80.21885681,42543,42553,10
13.09673023,80.21823883,42553,42563,10
13.09700966,80.21743774,42563,42574,11
13.09737968,80.21646118,42574,42584,10
13.09774971,80.21560669,42584,42594,10
13.09807968,80.21482849,42594,42604,10
13.09840965,80.21408844,42604,42624,20
13.09840965,80.21408844,42624,42634,10
13.09856987,80.21396637,42634,42644,10
13.09881973,80.2141037,42644,42654,10
13.09930038,80.21427155,42654,42664,10
13.09978962,80.21440125,42664,42674,10
13.10027981,80.21452332,42674,42765,91
13.10027981,80.21452332,42765,42775,10
13.10048008,80.2146225,42775,42785,10
13.10054016,80.21485901,42785,42795,10
13.10033035,80.21536255,42795,42805,10
13.10007,80.21594238,42805,42815,10
13.09988976,80.21604156,42815,42826,11
13.0999403,80.21569061,42826,42836,10
13.10015965,80.21531677,42836,42846,10
13.1002903,80.21491241,42846,43279,433
13.1002903,80.21491241,43279,43289,10
13.10027981,80.21466064,43289,43299,10
13.10009003,80.21450806,43299,43309,10
13.09984016,80.21443939,43309,43319,10
13.09971046,80.2144165,43319,43330,11
13.09934998,80.21434021,43330,43340,10
13.09883976,80.21417236,43340,43350,10
13.09840012,80.21427917,43350,43360,10
13.09813023,80.21486664,43360,43370,10
13.09784985,80.21553802,43370,43380,10
13.0975399,80.21624756,43380,43390,10
13.09737968,80.21669769,43390,43400,10
13.09737015,80.21671295,43400,43410,10
13.09727001,80.21695709,43410,43420,10
13.09704018,80.21749878,43420,43430,10
13.09679985,80.21823883,43430,43440,10
13.09654045,80.21901703,43440,43451,11
13.09624004,80.21985626,43451,43461,10
13.09597969,80.2206192,43461,43471,10
13.09580994,80.22110748,43471,43481,10
13.09562969,80.2216568,43481,43491,10
13.09543991,80.22223663,43491,43501,10
13.09537029,80.22245026,43501,43511,10
13.09533024,80.22254181,43511,43521,10
13.09512997,80.22303009,43521,43531,10
13.09473038,80.22367096,43531,43541,10
13.09422016,80.22434998,43541,43551,10
13.09370041,80.22498322,43551,43561,10
13.09342003,80.22531891,43561,43572,11
13.0932703,80.22548676,43572,43582,10
13.09296989,80.22579956,43582,43592,10
13.09247971,80.22625732,43592,43602,10
13.0919199,80.22683716,43602,43612,10
13.09119987,80.2276001,43612,43632,20
13.09119987,80.2276001,43632,43642,10
13.09101963,80.22781372,43642,43652,10
13.09060955,80.22824097,43652,43662,10
13.09006977,80.2288208,43662,43672,10
13.08948994,80.22949982,43672,43682,10
13.08917999,80.23007965,43682,43692,10
13.08909988,80.23026276,43692,43703,11
13.08880997,80.23088837,43703,43723,20
13.08880997,80.23088837,43723,43733,10
13.08870983,80.23110199,43733,43743,10
13.08852005,80.23155212,43743,43753,10
13.08831978,80.23226166,43753,43769,16
13.08804989,80.23355103,43769,43782,13
13.08780003,80.23448181,43782,43792,10
13.08708,80.23457336,43792,43802,10
13.08654022,80.23454285,43802,43812,10
13.08611012,80.23448181,43812,43822,10
13.08603954,80.23445892,43822,43833,11
13.08584023,80.23439789,43833,43843,10
13.08545017,80.23428345,43843,43853,10
13.0851202,80.23422241,43853,43863,10
13.0843401,80.23401642,43863,43893,30
13.0843401,80.23401642,43893,43903,10
13.08380985,80.23391724,43903,43923,20
13.08380985,80.23391724,43923,43933,10
13.08351994,80.23387909,43933,43943,10
13.08323002,80.23384094,43943,43954,11
13.08288956,80.2338028,43954,43964,10
13.08248043,80.23371887,43964,43983,19
13.08248043,80.23371887,43983,43994,11
13.08213997,80.23364258,43994,44004,10
13.08168983,80.2335968,44004,44014,10
13.08096981,80.23355865,44014,44024,10
13.08026028,80.23358154,44024,44034,10
13.07971954,80.23356628,44034,44044,10
13.07956028,80.23352814,44044,44053,9
13.07940006,80.23355865,44053,44064,11
13.07896996,80.23355865,44064,44075,11
13.07826042,80.23358917,44075,44085,10
13.07773972,80.23365021,44085,44095,10
13.07705975,80.23371887,44095,44105,10
13.07610035,80.23387146,44105,44134,29
13.07610035,80.23387146,44134,44145,11
13.07577991,80.23406982,44145,44155,10
13.07592964,80.23468781,44155,44165,10
13.07608032,80.23549652,44165,44175,10
13.07627964,80.23635101,44175,44195,20
13.07627964,80.23635101,44195,44206,11
13.07629013,80.23658752,44206,44216,10
13.07631969,80.23681641,44216,44226,10
13.07637978,80.23703766,44226,44276,50
13.07637978,80.23703766,44276,44286,10
13.07647991,80.23719788,44286,44296,10
13.07653999,80.23750305,44296,44306,10
13.07656956,80.23786163,44306,44316,10
13.07664967,80.23834229,44316,44327,11
13.07686043,80.23918915,44327,44337,10
13.07705975,80.2400589,44337,44347,10
13.07724953,80.24073792,44347,44357,10
13.07734966,80.2410965,44357,44367,10
13.07738018,80.24147034,44367,44377,10
13.07752037,80.24210358,44377,44387,10
13.0776701,80.24291229,44387,44397,10
13.07779026,80.24376678,44397,44407,10
13.07771969,80.24414825,44407,44417,10
13.07773972,80.24436188,44417,44427,10
13.07783031,80.24487305,44427,44437,10
13.07789993,80.2456665,44437,44447,10
13.0780201,80.24659729,44447,44458,11
13.07824039,80.2477417,44458,44468,10
13.0784502,80.24871063,44468,44478,10
13.07861042,80.24942017,44478,44488,10
13.07868958,80.25012207,44488,44498,10
13.07845974,80.25083923,44498,44508,10
13.07853985,80.25147247,44508,44518,10
13.07837963,80.25167847,44518,44528,10
13.07804966,80.25176239,44528,44538,10
13.07746029,80.25187683,44538,44548,10
13.07676029,80.2519989,44548,44558,10
13.07608986,80.25209808,44558,44568,10
13.07520962,80.25219727,44568,44579,11
13.07452965,80.2522583,44579,44589,10
13.07398033,80.25231934,44589,44599,10
13.07343006,80.25244904,44599,44609,10
13.07279015,80.252388,44609,44619,10
13.07225037,80.25209808,44619,44629,10
13.07203007,80.25138092,44629,44638,9
13.07188988,80.25071716,44638,44649,11
13.07159042,80.24980164,44649,44659,10
13.07141018,80.24874115,44659,44669,10
13.07120037,80.24803162,44669,44679,10
13.07092953,80.24736023,44679,44689,10
13.07056046,80.24656677,44689,44699,10
13.07011986,80.24559784,44699,44710,11
13.06968021,80.24456787,44710,44720,10
13.06925011,80.24330902,44720,44740,20
13.06925011,80.24330902,44740,44750,10
13.06923008,80.2431488,44750,44760,10
13.06916046,80.24269104,44760,44770,10
13.06863976,80.24255371,44770,44780,10
13.06795025,80.2427597,44780,44790,10
13.06725025,80.2430191,44790,44800,10
13.06661034,80.2432785,44800,44810,10
13.06610012,80.24376678,44810,44820,10
13.06618023,80.24462128,44820,44831,11
13.06641006,80.24550629,44831,44841,10
13.06700039,80.24610901,44841,44851,10
13.06772041,80.24642181,44851,44861,10
13.0678196,80.24652863,44861,44871,10
13.06785965,80.24659729,44871,44881,10
13.06791973,80.24703979,44881,44891,10
13.06785011,80.24768066,44891,44901,10
13.06737041,80.24787903,44901,44911,10
13.06665993,80.24784851,44911,44921,10
13.06589985,80.24778748,44921,44931,10
13.06503963,80.24778748,44931,44941,10
13.06406975,80.24770355,44941,44952,11
13.06324005,80.24765015,44952,44964,12
13.06235981,80.24761963,44964,44973,9
13.06173038,80.24748993,44973,44983,10
13.06124973,80.2472229,44983,44994,11
13.06138039,80.24684906,44994,45004,10
13.06163025,80.24664307,45004,45014,10
13.06184959,80.24617767,45014,45024,10
13.06202984,80.24539948,45024,45034,10
13.06247997,80.24494934,45034,45044,10
13.06297016,80.24453735,45044,45054,10
13.06309032,80.24427795,45054,45064,10
13.06311989,80.24421692,45064,45074,10
13.06332016,80.2438736,45074,45085,11
13.06332016,80.24356079,45085,45095,10
13.06299019,80.24347687,45095,45105,10
13.06264019,80.24339294,45105,45115,10
13.06219959,80.2432785,45115,45125,10
13.06179047,80.24320984,45125,45135,10
13.06142998,80.24314117,45135,45145,10
13.0612402,80.24310303,45145,45155,10
13.06093979,80.24301147,45155,45165,10
13.06068039,80.24294281,45165,45175,10
13.06042004,80.24285889,45175,45185,10
13.06000996,80.24273682,45185,45195,10
13.05957985,80.24263763,45195,45216,21
13.05957985,80.24263763,45216,45226,10
13.05916023,80.24259186,45226,45236,10
13.05887985,80.24260712,45236,45246,10
13.05873966,80.24263763,45246,45256,10
13.05834961,80.24272919,45256,45266,10
13.05729961,80.24279022,45266,45316,50
13.05729961,80.24279022,45316,45326,10
13.05685043,80.24275208,45326,45337,11
13.05636024,80.24259949,45337,45347,10
13.05615044,80.24250031,45347,45357,10
13.05613995,80.24249268,45357,45367,10
13.05574036,80.24234009,45367,45377,10
13.05506039,80.24239349,45377,45387,10
13.05471992,80.24243164,45387,45397,10
13.05453014,80.24240875,45397,45407,10
13.05432987,80.24239349,45407,45417,10
13.05370045,80.24223328,45417,45437,20
13.05370045,80.24223328,45437,45447,10
13.05340004,80.2420578,45447,45457,10
13.0529604,80.24192047,45457,45488,31
13.0529604,80.24192047,45488,45498,10
13.05265045,80.2417984,45498,45508,10
13.05226994,80.24131012,45508,45518,10
13.05200005,80.24088287,45518,45538,20
13.05200005,80.24088287,45538,45548,10
13.05130959,80.24064636,45548,45568,20
13.05130959,80.24064636,45568,45578,10
13.05080986,80.24054718,45578,45609,31
13.05080986,80.24054718,45609,45619,10
13.05045986,80.24047089,45619,45629,10
13.04992008,80.24034119,45629,45639,10
13.04922962,80.24017334,45639,45649,10
13.04858017,80.24004364,45649,45659,10
13.04788971,80.23992157,45659,45669,10
13.04718971,80.23973846,45669,45679,10
13.04650974,80.23961639,45679,45689,10
13.0461998,80.23932648,45689,45699,10
13.04625988,80.23877716,45699,45709,10
13.04650021,80.23806,45709,45720,11
13.04673004,80.23726654,45720,45730,10
13.04687023,80.23654175,45730,45740,10
13.04693985,80.23609924,45740,45750,10
13.04701042,80.23574829,45750,45760,10
13.04703999,80.23548126,45760,45776,16
13.04726982,80.23435974,45776,45788,12
13.0473299,80.23352051,45788,45798,10
13.04743958,80.23325348,45798,45808,10
13.04745007,80.23320007,45808,45818,10
13.0471096,80.23306274,45818,45828,10
13.04656982,80.2329483,45828,45838,10
13.04578018,80.23282623,45838,45849,11
13.0451498,80.23265076,45849,45879,30
13.0451498,80.23265076,45879,45889,10
13.04475975,80.23258209,45889,45899,10
13.04430008,80.23246002,45899,45909,10
13.04370022,80.23236084,45909,45919,10
13.0429697,80.23233032,45919,45929,10
13.04232025,80.23233032,45929,45939,10
13.04152966,80.23220825,45939,45949,10
13.04067993,80.23194122,45949,45959,10
13.03979015,80.23168945,45959,45970,11
13.03864956,80.23139191,45970,45980,10
13.03765011,80.23107147,45980,45990,10
13.03695965,80.23084259,45990,46000,10
13.03680992,80.2308197,46000,46010,10
13.03641033,80.23065948,46010,46020,10
13.03598976,80.2305069,46020,46050,30
13.03575039,80.23042297,46050,46189,139
13.03575039,80.23042297,46189,46199,10
13.03549004,80.23040009,46199,46209,10
13.03518963,80.23033905,46209,46218,9
13.03497982,80.23034668,46218,46230,12
13.03495979,80.23034668,46230,46240,10
13.03464985,80.2303772,46240,46250,10
13.03437996,80.2304306,46250,46260,10
13.03372002,80.23046875,46260,46290,30
13.03372002,80.23046875,46290,46300,10
13.03318977,80.23047638,46300,46310,10
13.03246975,80.23052979,46310,46320,10
13.03170013,80.23062897,46320,46330,10
13.03112984,80.23068237,46330,46340,10
13.03096008,80.23071289,46340,46351,11
13.0306797,80.23072052,46351,46361,10
13.03026962,80.2307663,46361,46371,10
13.02997971,80.23082733,46371,46381,10
13.02995014,80.23082733,46381,46391,10
13.0297699,80.23085785,46391,46401,10
13.02937031,80.23088837,46401,46411,10
13.02865028,80.23091125,46411,46421,10
13.02791977,80.23097992,46421,46431,10
13.02764034,80.23116302,46431,46441,10
13.02764034,80.23168182,46441,46450,9
13.02772999,80.23226929,46450,46460,10
13.02770042,80.23278046,46460,46472,12
13.02696037,80.23293304,46472,46542,70
13.02696037,80.23293304,46542,46552,10
13.0267601,80.23306274,46552,46562,10
13.02647018,80.23300171,46562,46572,10
13.0262804,80.23242188,46572,46582,10
13.02614021,80.23168182,46582,46584,2
13.02614021,80.23168182,46584,46647,63
13.02398014,80.22825623,46647,46667,20
13.02398014,80.22825623,46667,46677,10
13.02383995,80.22808075,46677,46687,10
13.02348042,80.22769165,46687,46697,10
13.02311993,80.22730255,46697,46707,10
13.02258015,80.22680664,46707,46717,10
13.02200031,80.22631073,46717,46727,10
13.02143002,80.22586823,46727,46738,11
13.02081013,80.22541046,46738,46748,10
13.02048016,80.22518158,46748,46758,10
13.02015972,80.2249527,46758,46768,10
13.01982021,80.22470856,46768,46777,9
13.01891041,80.22447968,46777,46788,11
13.01795006,80.224823,46788,46798,10
13.01710033,80.22518158,46798,46808,10
13.01650047,80.22543335,46808,46818,10
13.01574039,80.22569275,46818,46828,10
13.01508045,80.22598267,46828,46838,10
13.01397991,80.2264328,46838,46859,21
13.01397991,80.2264328,46859,46869,10
13.01362991,80.2265625,46869,46879,10
13.01309967,80.22678375,46879,46889,10
13.01233959,80.22705841,46889,46899,10
13.01140976,80.22741699,46899,46909,10
13.01039028,80.22782135,46909,46919,10
13.00938034,80.22827911,46919,46929,10
13.00899982,80.22917175,46929,46939,10
13.00879955,80.23007965,46939,46949,10
13.0086298,80.23101807,46949,46958,9
13.00846004,80.23188782,46958,46968,10
13.0082798,80.23282623,46968,46980,12
13.00819969,80.23355103,46980,46990,10
13.00817966,80.23365784,46990,47000,10
13.00809956,80.23396301,47000,47010,10
13.00798035,80.23449707,47010,47020,10
13.00790977,80.23493195,47020,47030,10
13.00788021,80.23509216,47030,47040,10
13.00778008,80.23552704,47040,47050,10
13.00761986,80.23626709,47050,47060,10
13.00743961,80.23716736,47060,47070,10
13.00728035,80.23800659,47070,47080,10
13.00714016,80.23873901,47080,47090,10
13.00699997,80.23937225,47090,47100,10
13.00695038,80.23976135,47100,47111,11
13.00685978,80.24067688,47111,47131,20
13.00685978,80.24067688,47131,47141,10
13.00677967,80.24101257,47141,47150,9
13.00673962,80.24166107,47150,47161,11
13.00667953,80.24237823,47161,47171,10
13.00662994,80.2434082,47171,47181,10
13.00662041,80.24436188,47181,47191,10
13.00662041,80.24532318,47191,47201,10
13.00666046,80.24617767,47201,47211,10
13.00667953,80.24684143,47211,47221,10
13.00669003,80.24765015,47221,47232,11
13.00673962,80.24865723,47232,47242,10
13.00683975,80.24945068,47242,47262,20
13.00683975,80.24945068,47262,47272,10
13.00681019,80.24970245,47272,47282,10
13.00679016,80.25010681,47282,47292,10
13.00677967,80.25076294,47292,47302,10
13.00677967,80.25119019,47302,47312,10
13.00666046,80.25170135,47312,47322,10
13.0065403,80.25241089,47322,47332,10
13.00652027,80.25328064,47332,47342,10
13.00656033,80.2542038,47342,47352,10
13.00660992,80.25479126,47352,47362,10
13.00660038,80.25479889,47362,47379,17
13.00656986,80.25486755,47379,47391,12
13.00654984,80.25540161,47391,47401,10
13.00656033,80.25595856,47401,47410,9
13.00660038,80.25652313,47410,47421,11
13.00664997,80.25707245,47421,47482,61
13.00664997,80.25707245,47482,47493,11
13.00666046,80.25733948,47493,47503,10
13.00644016,80.25756836,47503,47513,10
13.00599957,80.25746155,47513,47523,10
13.00555992,80.25730133,47523,47533,10
13.00498009,80.25717926,47533,47543,10
13.00434971,80.25705719,47543,47553,10
13.00395966,80.25700378,47553,47563,10
13.00374985,80.25700378,47563,47573,10
13.00354004,80.25695801,47573,47583,10
13.00323963,80.25686646,47583,47593,10
13.00298023,80.25682068,47593,47603,10
13.00267982,80.25675201,47603,47613,10
13.00226974,80.25668335,47613,47624,11
13.00162029,80.2565918,47624,47674,50
13.00162029,80.2565918,47674,47684,10
13.00146961,80.25662231,47684,47694,10
13.00096035,80.25655365,47694,47704,10
13.00037003,80.25643921,47704,47714,10
12.99995995,80.25634766,47714,47724,10
12.99983025,80.25631714,47724,47734,10
12.99965954,80.25630188,47734,47745,11
12.9991703,80.25615692,47745,47755,10
12.99855042,80.25605774,47755,47765,10
12.99812031,80.25598907,47765,47775,10
12.99785995,80.25595093,47775,47785,10
12.99755001,80.25595093,47785,47795,10
12.99719048,80.2559433,47795,47805,10
12.99693012,80.25610352,47805,47815,10
12.99687958,80.25650787,47815,47825,10
12.99683952,80.25691986,47825,47835,10
12.99683952,80.25695038,47835,47845,10
12.99683952,80.25720978,47845,47855,10
12.99676991,80.25775146,47855,47865,10
12.99666977,80.25846863,47865,47876,11
12.99658012,80.25920105,47876,47886,10
12.99645996,80.2596283,47886,47896,10
12.99639988,80.26024628,47896,47906,10
12.99635983,80.26087952,47906,47916,10
12.99627972,80.26152039,47916,47926,10
12.99621964,80.26199341,47926,47936,10
12.99619007,80.26226044,47936,47946,10
12.99617004,80.26236725,47946,47956,10
12.99612999,80.26271057,47956,47966,10
12.99608994,80.26326752,47966,47976,10
12.99604034,80.26396179,47976,47986,10
12.99596977,80.26470184,47986,47997,11
12.99584961,80.26557922,47997,48007,10
12.99575996,80.26644897,48007,48017,10
12.99569988,80.26728058,48017,48027,10
12.99610043,80.26760864,48027,48047,20
12.99610043,80.26760864,48047,48057,10
12.99613953,80.26763153,48057,48067,10
12.99650002,80.26766968,48067,48077,10
12.99713039,80.2675705,48077,48087,10
12.99783039,80.26738739,48087,48097,10
12.99862003,80.26717377,48097,48107,10
12.99932003,80.26696777,48107,48117,10
12.99995041,80.26667786,48117,48128,11
13.00004959,80.26654816,48128,48138,10
13.00012016,80.26634216,48138,48148,10
13.00016022,80.2660675,48148,48158,10
13.00020027,80.26570129,48158,48168,10
13.00028038,80.26571655,48168,48178,10
13.00030994,80.26602173,48178,48583,405
13.00030994,80.26602173,48583,48592,9
13.00032043,80.2664032,48592,48602,10
13.00032997,80.26657867,48602,48613,11
13.00024033,80.26677704,48613,48624,11
12.99989033,80.266922,48624,48634,10
12.99946976,80.26703644,48634,48644,10
12.99884987,80.26717377,48644,48654,10
12.99827957,80.26734161,48654,48664,10
12.99777985,80.26748657,48664,48674,10
12.99715042,80.26766968,48674,48684,10
12.99652004,80.26772308,48684,48694,10
12.99608994,80.26772308,48694,48704,10
12.99584961,80.26770782,48704,48714,10
12.99584007,80.26770782,48714,48724,10
12.99567032,80.26738739,48724,48744,20
12.99567032,80.26738739,48744,48755,11
12.99565983,80.26732635,48755,48765,10
12.99571037,80.26695251,48765,48775,10
12.99577045,80.26628113,48775,48785,10
12.99584961,80.26550293,48785,48795,10
12.99594021,80.2647171,48795,48805,10
12.99602032,80.26402283,48805,48815,10
12.99610043,80.26329803,48815,48825,10
12.99615955,80.26277924,48825,48835,10
12.99619007,80.26255798,48835,48845,10
12.9962101,80.26246643,48845,48855,10
12.99623966,80.26225281,48855,48865,10
12.99629974,80.26186371,48865,48876,11
12.99635983,80.26123047,48876,48886,10
12.99645042,80.2604599,48886,48896,10
12.99650002,80.25971222,48896,48906,10
12.9965601,80.25907898,48906,48916,10
12.99660969,80.25852203,48916,48926,10
12.99668026,80.25794983,48926,48936,10
12.99674034,80.25743866,48936,48946,10
12.99680042,80.25689697,48946,48956,10
12.99680042,80.25650024,48956,48966,10
12.99685955,80.25610352,48966,49067,101
12.99685001,80.25598907,49067,49127,60
12.99685001,80.25598907,49127,49138,11
12.99689007,80.25582123,49138,49148,10
12.99705029,80.2557373,49148,49158,10
12.99748039,80.25578308,49158,49168,10
12.99802971,80.25585938,49168,49178,10
12.99853992,80.25588989,49178,49198,20
12.99853992,80.25588989,49198,49208,10
12.99876022,80.25592041,49208,49218,10
12.99911022,80.25598145,49218,49259,41
12.99911022,80.25598145,49259,49269,10
12.99927044,80.25602722,49269,49279,10
12.99965954,80.25611877,49279,49289,10
13.00018024,80.25624084,49289,49299,10
13.00090027,80.25636292,49299,49349,50
13.00090027,80.25636292,49349,49359,10
13.00129986,80.25652313,49359,49369,10
13.00164986,80.25656891,49369,49379,10
13.00218964,80.25659943,49379,49390,11
13.00277996,80.2567215,49390,49400,10
13.00335979,80.25682831,49400,49410,10
13.0039196,80.25695038,49410,49420,10
13.00409985,80.25695801,49420,49430,10
13.00477982,80.25708771,49430,49450,20
13.00477982,80.25708771,49450,49460,10
13.00512028,80.25710297,49460,49470,10
13.00545979,80.25720978,49470,49480,10
13.0058403,80.25726318,49480,49490,10
13.00621033,80.25737,49490,49511,21
13.00621033,80.25737,49511,49521,10
13.00640011,80.25746918,49521,49531,10
13.00644016,80.25711823,49531,49541,10
13.00640965,80.25650787,49541,49550,9
13.00646973,80.25585175,49550,49561,11
13.00646019,80.25531769,49561,49571,10
13.00648022,80.25457001,49571,49631,60
13.00648022,80.25457001,49631,49642,11
13.00646019,80.2542038,49642,49652,10
13.00648022,80.2541275,49652,49662,10
13.00648975,80.25404358,49662,49672,10
13.00650024,80.25379181,49672,49682,10
13.00650978,80.25350189,49682,49732,50
13.00650978,80.25350189,49732,49742,10
13.00650024,80.25314331,49742,49752,10
13.00650024,80.2529068,49752,49763,11
13.00650978,80.25245667,49763,49773,10
13.0065403,80.25212097,49773,49833,60
13.0067997,80.25205994,49833,49853,20
13.0067997,80.25205994,49853,49863,10
13.00669003,80.25179291,49863,49873,10
13.00673008,80.25113678,49873,49883,10
13.00671959,80.25035858,49883,49894,11
13.00669956,80.24964142,49894,49904,10
13.00667953,80.2495575,49904,49914,10
13.00667953,80.2492218,49914,49924,10
13.00658989,80.24841309,49924,49994,70
13.00658989,80.24841309,49994,50004,10
13.00662041,80.24823761,50004,50014,10
13.00660992,80.24799347,50014,50025,11
13.00658989,80.24754333,50025,50035,10
13.0065403,80.246521,50035,50065,30
13.0065403,80.246521,50065,50075,10
13.00662041,80.24613953,50075,50085,10
13.00662041,80.24552155,50085,50095,10
13.00662041,80.24474335,50095,50105,10
13.00660038,80.24385071,50105,50115,10
13.0065403,80.24310303,50115,50125,10
13.00652027,80.24234009,50125,50135,10
13.00650978,80.24166107,50135,50146,11
13.00652027,80.24157715,50146,50156,10
13.0065403,80.24125671,50156,50166,10
13.00660038,80.24069977,50166,50176,10
13.00667,80.24034882,50176,50186,10
13.00671959,80.24015808,50186,50196,10
13.00683975,80.23969269,50196,50206,10
13.00695992,80.23889923,50206,50216,10
13.00710011,80.2381897,50216,50226,10
13.00728035,80.23744965,50226,50236,10
13.00737953,80.23674011,50236,50266,30
13.00737953,80.23674011,50266,50277,11
13.00747967,80.23645782,50277,50287,10
13.00757027,80.23597717,50287,50297,10
13.00774956,80.23525238,50297,50307,10
13.00792027,80.23444366,50307,50317,10
13.00813961,80.23339844,50317,50327,10
13.00835991,80.2322464,50327,50337,10
13.00858021,80.23105621,50337,50347,10
13.00877953,80.22998047,50347,50357,10
13.00899982,80.22894287,50357,50367,10
13.00926018,80.22792053,50367,50377,10
13.00971985,80.22686768,50377,50387,10
13.01019955,80.22582245,50387,50398,11
13.01049042,80.22512817,50398,50407,9
13.01068974,80.22476196,50407,50418,11
13.01103973,80.22400665,50418,50428,10
13.01130962,80.22331238,50428,50438,10
13.01161957,80.22254944,50438,50448,10
13.01191044,80.22174072,50448,50458,10
13.01228046,80.22142029,50458,50467,9
13.01255035,80.22180176,50467,50478,11
13.01303005,80.22241211,50478,50488,10
13.01375961,80.22318268,50488,50498,10
13.01416969,80.22364807,50498,50508,10
13.01430988,80.22383881,50508,50518,10
13.01457977,80.22419739,50518,50529,11
13.01509953,80.22466278,50529,50539,10
13.01550007,80.2249527,50539,50549,10
13.01556015,80.22502899,50549,50559,10
13.0156498,80.2250824,50559,50569,10
13.01597023,80.22527313,50569,50579,10
13.0165596,80.22522736,50579,50589,10
13.0173502,80.22492981,50589,50599,10
13.01819992,80.22457886,50599,50609,10
13.01898003,80.22431946,50609,50619,10
13.01949024,80.22438049,50619,50629,10
13.01972961,80.22451782,50629,50639,10
13.02015018,80.22483826,50639,50650,11
13.02070999,80.22524261,50650,50660,10
13.02112007,80.22559357,50660,50670,10
13.02159977,80.22592926,50670,50680,10
13.02192974,80.22614288,50680,50690,10
13.02194023,80.22614288,50690,50700,10
13.02196026,80.2261734,50700,50710,10
13.02225971,80.22641754,50710,50720,10
13.0227499,80.22683716,50720,50730,10
13.02326012,80.22734833,50730,50740,10
13.02383995,80.22782898,50740,50750,10
13.02425957,80.22823334,50750,50760,10
13.02443981,80.22850037,50760,50770,10
13.02472973,80.22898102,50770,50781,11
13.02525043,80.22966766,50781,50791,10
13.02573967,80.23042297,50791,50801,10
13.02600002,80.23119354,50801,50811,10
13.02632999,80.23129272,50811,50821,10
13.02707958,80.2310791,50821,50831,10
13.02787971,80.23094177,50831,50881,50
13.02787971,80.23094177,50881,50891,10
13.02834034,80.23088074,50891,50901,10
13.02845955,80.23085785,50901,50912,11
13.02880001,80.23084259,50912,50922,10
13.02910042,80.23081207,50922,50932,10
13.02937984,80.2307663,50932,50942,10
13.02987957,80.23075104,50942,50952,10
13.0304203,80.23069763,50952,50962,10
13.03063965,80.23068237,50962,50972,10
13.03110981,80.23062897,50972,50982,10
13.0317297,80.23062134,50982,50992,10
13.03248024,80.2305603,50992,51002,10
13.03324032,80.23047638,51002,51012,10
13.03384018,80.23045349,51012,51022,10
13.03413963,80.23040009,51022,51033,11
13.03439045,80.23032379,51033,51093,60
13.03439045,80.23032379,51093,51103,10
13.03472042,80.23032379,51103,51113,10
13.0349102,80.23042297,51113,51123,10
13.03489017,80.23082733,51123,51133,10
13.03479958,80.23149109,51133,51143,10
13.03472042,80.23214722,51143,51153,10
13.03464031,80.23287201,51153,51164,11
13.03460026,80.23317719,51164,51174,10
13.0345602,80.23352051,51174,51184,10
13.03448009,80.23413086,51184,51194,10
13.03437996,80.23484039,51194,51204,10
13.03429031,80.23567963,51204,51214,10
13.03417969,80.23699951,51214,51305,91
13.03417969,80.23699951,51305,51315,10
13.03423977,80.23731995,51315,51325,10
13.03444004,80.2376709,51325,51335,10
13.03464031,80.23799896,51335,51345,10
13.03495979,80.23844147,51345,51355,10
13.03528023,80.23893738,51355,51371,16
13.03594017,80.23932648,51371,51383,12
13.03662968,80.23944855,51383,51393,10
13.03711987,80.23947906,51393,51403,10
13.03754997,80.23951721,51403,51414,11
13.03804016,80.23960876,51414,51424,10
13.03820038,80.23963928,51424,51434,10
13.03837967,80.23966217,51434,51444,10
13.03882027,80.23973083,51444,51454,10
13.03919983,80.23977661,51454,51464,10
13.03967953,80.23983002,51464,51474,10
13.04012966,80.23989105,51474,51483,9
13.04020023,80.23989868,51483,51494,11
13.04036045,80.24004364,51494,51506,12
13.04045963,80.24046326,51506,51516,10
13.04098034,80.24053192,51516,51526,10
13.04108047,80.24056244,51526,51537,11
13.04123974,80.24060822,51537,51547,10
13.04174042,80.24064636,51547,51557,10
13.04224014,80.24075317,51557,51567,10
13.0429697,80.24082947,51567,51577,10
13.04389954,80.24093628,51577,51607,30
13.04389954,80.24093628,51607,51617,10
13.04428005,80.24072266,51617,51668,51
13.04428005,80.24072266,51668,51678,10
13.04473972,80.24037933,51678,51688,10
13.04524994,80.24004364,51688,51698,10
13.0457201,80.23973083,51698,51708,10
13.04621029,80.23950195,51708,51718,10
13.04656029,80.23960876,51718,51728,10
13.04656029,80.23961639,51728,51738,10
13.04666996,80.23966217,51738,51748,10
13.04710007,80.23973846,51748,51758,10
13.04761028,80.23983765,51758,51768,10
13.04829979,80.23995209,51768,51778,10
13.04899979,80.24009705,51778,51789,11
13.04971027,80.240242,51789,51799,10
13.05025959,80.24033356,51799,51809,10
13.05082989,80.240448,51809,51819,10
13.0512104,80.24053192,51819,51829,10
13.05121994,80.24053192,51829,51839,10
13.05142975,80.24060059,51839,51849,10
13.05191994,80.24069977,51849,51859,10
13.05253983,80.2412262,51859,51909,50
13.05253983,80.2412262,51909,51920,11
13.05255985,80.24131775,51920,51930,10
13.05270004,80.24165344,51930,51940,10
13.05325985,80.24189758,51940,51950,10
13.05389023,80.24217987,51950,51960,10
13.05410004,80.24223328,51960,51969,9
13.05420017,80.24226379,51969,51980,11
13.05459023,80.24230194,51980,51990,10
13.05523968,80.24220276,51990,52000,10
13.05591965,80.24230957,52000,52010,10
13.05661011,80.2425766,52010,52061,51
13.05661011,80.2425766,52061,52071,10
13.05687046,80.24253845,52071,52081,10
13.05727959,80.24275208,52081,52091,10
13.05764008,80.24278259,52091,52101,10
13.05776978,80.2427597,52101,52111,10
13.05809021,80.24276733,52111,52121,10
13.05873013,80.24260712,52121,52131,10
13.05935001,80.24255371,52131,52141,10
13.05990982,80.24272156,52141,52151,10
13.06052017,80.24291229,52151,52162,11
13.06116962,80.24310303,52162,52172,10
13.06177044,80.24324036,52172,52182,10
13.06237984,80.24333954,52182,52202,20
13.06237984,80.24333954,52202,52212,10
13.06264973,80.24337769,52212,52222,10
13.06303978,80.24343872,52222,52230,8
13.06305027,80.24343872,52230,52242,12
13.06320953,80.24346924,52242,52252,10
13.06359959,80.24349976,52252,52262,10
13.06392002,80.24349976,52262,52272,10
13.06433964,80.2435379,52272,52282,10
13.06495953,80.2435379,52282,52343,61
13.06495953,80.2435379,52343,52353,10
13.06521988,80.24353027,52353,52363,10
13.06567955,80.24352264,52363,52373,10
13.06604004,80.24346161,52373,52383,10
13.06610012,80.24344635,52383,52393,10
13.06634998,80.24336243,52393,52403,10
13.06665039,80.24321747,52403,52414,11
13.06727982,80.24294281,52414,52424,10
13.06793976,80.24269867,52424,52434,10
13.06855011,80.24252319,52434,52444,10
13.06908989,80.24230194,52444,52454,10
13.06962013,80.24215698,52454,52494,40
13.06962013,80.24215698,52494,52504,10
13.07005978,80.24201965,52504,52514,10
13.07054043,80.24188995,52514,52524,10
13.07120037,80.24166107,52524,52534,10
13.07192039,80.24130249,52534,52544,10
13.07264996,80.24085999,52544,52555,11
13.07341957,80.2406311,52555,52565,10
13.07398033,80.24047089,52565,52575,10
13.07468987,80.240448,52575,52585,10
13.07557011,80.24043274,52585,52595,10
13.07645035,80.24047089,52595,52605,10
13.07705975,80.2405014,52605,52615,10
13.07703972,80.2399292,52615,52625,10
13.07686996,80.23922729,52625,52635,10
13.07674026,80.23873901,52635,52645,10
13.07666016,80.23848724,52645,52655,10
13.07658005,80.23806,52655,52665,10
13.07647991,80.23757172,52665,52676,11
13.07639027,80.23712921,52676,52692,16
13.07631969,80.2368927,52692,52704,12
13.07629013,80.23677063,52704,52714,10
13.07623959,80.23638153,52714,52724,10
13.07612038,80.2355423,52724,52734,10
13.07590008,80.23461151,52734,52744,10
13.07583046,80.23425293,52744,52754,10
13.07579994,80.23406219,52754,52805,51
13.07579994,80.23406219,52805,52815,10
13.07588005,80.23381805,52815,52824,9
13.07627964,80.23374176,52824,52835,11
13.07666969,80.2336731,52835,52845,10
13.07672024,80.23365784,52845,52854,9
13.07705975,80.23361969,52854,52865,11
13.07771015,80.23355103,52865,52875,10
13.07841969,80.23352814,52875,52885,10
13.0791502,80.23348999,52885,52895,10
13.07979965,80.23348236,52895,52905,10
13.08024025,80.23349762,52905,52916,11
13.08028984,80.23349762,52916,52926,10
13.08063984,80.23352814,52926,52936,10
13.08127975,80.2335434,52936,52946,10
13.08187962,80.23355103,52946,52955,9
13.08195972,80.23310089,52955,52966,11
13.08209991,80.2324295,52966,52976,10
13.08234024,80.23165894,52976,52986,10
13.08251953,80.23127747,52986,52996,10
13.0825901,80.23114014,52996,53006,10
13.08269978,80.23088074,53006,53016,10
13.08304977,80.23068237,53016,53026,10
13.08314991,80.23123932,53026,53037,11
13.08318996,80.2321701,53037,53047,10
13.08331966,80.23294067,53047,53057,10
13.08347034,80.23358154,53057,53067,10
13.08405972,80.23394012,53067,53087,20
13.08405972,80.23394012,53087,53097,10
13.08423996,80.23399353,53097,53107,10
13.08463001,80.23409271,53107,53117,10
13.08520031,80.23423004,53117,53127,10
13.08586979,80.23438263,53127,53137,10
13.0866003,80.23451996,53137,53147,10
13.08738995,80.23455811,53147,53157,10
13.08792019,80.23403931,53157,53168,11
13.08802032,80.23312378,53168,53178,10
13.08823013,80.23222351,53178,53188,10
13.08847046,80.23139191,53188,53198,10
13.08882999,80.2305603,53198,53218,20
13.08882999,80.2305603,53218,53228,10
13.08891964,80.23036194,53228,53238,10
13.08915997,80.22988129,53238,53248,10
13.08957005,80.22926331,53248,53258,10
13.09014034,80.22862244,53258,53268,10
13.09066963,80.2280426,53268,53278,10
13.09140015,80.22722626,53278,53299,21
13.09140015,80.22722626,53299,53309,10
13.09156036,80.22711945,53309,53319,10
13.09185982,80.22679138,53319,53329,10
13.09234047,80.2263031,53329,53339,10
13.09282017,80.22579956,53339,53355,16
13.09323978,80.22537231,53355,53367,12
13.09350014,80.22509003,53367,53375,8
13.09377003,80.22476959,53375,53387,12
13.09426022,80.22416687,53387,53397,10
13.09479046,80.22344208,53397,53407,10
13.09510994,80.22274017,53407,53418,11
13.09517956,80.22254181,53418,53428,10
13.09531975,80.22219086,53428,53438,10
13.09556007,80.22154999,53438,53448,10
13.09584045,80.22078705,53448,53458,10
13.09609985,80.22003937,53458,53467,9
13.09615993,80.21990967,53467,53478,11
13.09636021,80.21920013,53478,53508,30
13.09636021,80.21920013,53508,53518,10
13.0964098,80.21909332,53518,53528,10
13.09652996,80.2188797,53528,53538,10
13.09669971,80.21838379,53538,53549,11
13.09696007,80.21755219,53549,53559,10
13.09714031,80.21700287,53559,53569,10
13.09714985,80.21698761,53569,53579,10
13.09727001,80.21666718,53579,53589,10
13.09751987,80.2161026,53589,53599,10
13.09784031,80.21537018,53599,53609,10
13.09817028,80.21460724,53609,53619,10
13.09846973,80.21398926,53619,53629,10
13.09893036,80.21414185,53629,53639,10
13.09957027,80.21431732,53639,53649,10
13.10015965,80.21447754,53649,53690,41
13.10015965,80.21447754,53690,53700,10
13.10044003,80.21457672,53700,53710,10
13.10054016,80.2146225,53710,53720,10
13.1005497,80.21479797,53720,53730,10
13.10035038,80.21524811,53730,53740,10
13.10011959,80.21582031,53740,53750,10
13.10002041,80.21598816,53750,53760,10
13.09990978,80.21598816,53760,53770,10
13.0999403,80.2157135,53770,53780,10
13.10009003,80.21537018,53780,53791,11
13.10021019,80.21479797,53791,54113,322
13.10021019,80.21479797,54113,54123,10
13.10027027,80.21457672,54123,54133,10
13.10004997,80.2144165,54133,54143,10
13.09982014,80.21437073,54143,54153,10
13.09936047,80.21425629,54153,54164,11
13.09887028,80.21411133,54164,54174,10
13.09842968,80.21414185,54174,54184,10
13.09817982,80.21469116,54184,54194,10
13.09784031,80.21549988,54194,54204,10
13.09747982,80.216362,54204,54214,10
13.09722042,80.21705627,54214,54224,10
13.09692001,80.2178421,54224,54234,10
13.09665966,80.21862793,54234,54244,10
13.09646034,80.21927643,54244,54254,10
13.0962801,80.21980286,54254,54264,10
13.09624004,80.21990204,54264,54325,61
13.09619045,80.22013855,54325,54385,60
13.09619045,80.22013855,54385,54395,10
13.09607983,80.22036743,54395,54405,10
13.09601021,80.22052002,54405,54415,10
13.09597969,80.22059631,54415,54426,11
13.09585953,80.22093201,54426,54436,10
13.09568024,80.22145844,54436,54446,10
13.09541035,80.22222137,54446,54456,10
13.09504032,80.22310638,54456,54466,10
13.09447956,80.22398376,54466,54476,10
13.09403992,80.22457886,54476,54486,10
13.09374046,80.2249527,54486,54496,10
13.09360027,80.22509766,54496,54506,10
13.09315014,80.22557831,54506,54516,10
13.09253025,80.22621155,54516,54526,10
13.0919199,80.2268219,54526,54536,10
13.09115982,80.22766113,54536,54557,21
13.09115982,80.22766113,54557,54567,10
13.09097958,80.22783661,54567,54577,10
13.09049034,80.22834015,54577,54587,10
13.08992004,80.22895813,54587,54597,10
13.08942986,80.22956848,54597,54607,10
13.08918953,80.23001862,54607,54617,10
13.08911037,80.23018646,54617,54627,10
13.08889961,80.23065948,54627,54637,10
13.08880043,80.23088837,54637,54647,10
13.0886898,80.23110199,54647,54657,10
13.08864021,80.23121643,54657,54668,11
13.0885601,80.23143768,54668,54678,10
13.08837032,80.23203278,54678,54688,10
13.08813953,80.23285675,54688,54698,10
13.0880003,80.2337265,54698,54708,10
13.08777046,80.23448944,54708,54718,10
13.08701992,80.23455811,54718,54728,10
13.08633041,80.23448944,54728,54738,10
13.08570004,80.23435974,54738,54748,10
13.08514023,80.23423767,54748,54764,16
13.08452034,80.23403931,54764,54776,12
13.08428955,80.23403168,54776,54784,8
13.08395958,80.23397827,54784,54796,12
13.08349037,80.23387909,54796,54807,11
13.0830698,80.23381805,54807,54817,10
13.08275986,80.23377991,54817,54826,9
13.08242989,80.23370361,54826,54847,21
13.08242989,80.23370361,54847,54856,9
13.08205986,80.23362732,54856,54866,10
13.08143997,80.23358917,54866,54877,11
13.08067989,80.2335434,54877,54887,10
13.07995987,80.23355865,54887,54897,10
13.07956982,80.23355103,54897,54907,10
13.07938004,80.23355103,54907,54917,10
13.07882977,80.23358154,54917,54928,11
13.07804012,80.23361206,54928,54938,10
13.07728004,80.23370361,54938,54947,9
13.07660007,80.23378754,54947,54958,11
13.07584953,80.23397827,54958,54968,10
13.07594967,80.23464203,54968,54978,10
13.0760603,80.23542023,54978,54988,10
13.07623959,80.23628235,54988,54998,10
13.0763998,80.23703003,54998,55008,10
13.07643032,80.23713684,55008,55018,10
13.07651043,80.23737335,55018,55038,20
13.07651043,80.23737335,55038,55049,11
13.07664013,80.23783112,55049,55065,16
13.07680988,80.23879242,55065,55077,12
13.07699966,80.23964691,55077,55087,10
13.07713985,80.24021912,55087,55097,10
13.07713985,80.2403717,55097,55107,10
13.0771904,80.24067688,55107,55117,10
13.07728004,80.24105835,55117,55127,10
13.07736969,80.24160004,55127,55137,10
13.0775404,80.24230957,55137,55147,10
13.07767963,80.24314117,55147,55157,10
13.07773972,80.24394226,55157,55167,10
13.07779026,80.24465942,55167,55178,11
13.07791042,80.24555206,55178,55187,9
13.07800961,80.24627686,55187,55198,11
13.07820034,80.24720001,55198,55208,10
13.07833958,80.24803162,55208,55218,10
13.07847023,80.24871826,55218,55228,10
13.0785799,80.24931335,55228,55238,10
13.07866955,80.25007629,55238,55248,10
13.07845974,80.25070953,55248,55258,10
13.07853031,80.25134277,55258,55268,10
13.07831955,80.25157928,55268,55278,10
13.07785034,80.25170135,55278,55288,10
13.0771904,80.25186157,55288,55299,11
13.07639027,80.25200653,55299,55309,10
13.07553959,80.25213623,55309,55319,10
13.07481956,80.25219727,55319,55329,10
13.07421017,80.2522583,55329,55339,10
13.07386017,80.252388,55339,55349,10
13.07328987,80.25244141,55349,55359,10
13.07260036,80.25234222,55359,55369,10
13.0721302,80.25187683,55369,55379,10
13.07205009,80.25137329,55379,55389,10
13.07178974,80.25050354,55389,55399,10
13.07153034,80.2495575,55399,55409,10
13.07133961,80.24852753,55409,55419,10
13.07110023,80.24768066,55419,55430,11
13.07071972,80.24681854,55430,55440,10
13.07032013,80.2460022,55440,55450,10
13.06991959,80.24510193,55450,55460,10
13.06960011,80.24424744,55460,55470,10
13.06941986,80.24368286,55470,55480,10
13.06939983,80.24360657,55480,55490,10
13.06935978,80.24350739,55490,55500,10
13.06931019,80.2434082,55500,55510,10
13.06927013,80.24326324,55510,55520,10
13.06919003,80.2427597,55520,55530,10
13.06886005,80.24256134,55530,55540,10
13.06851959,80.24259186,55540,55551,11
13.06795979,80.2427597,55551,55561,10
13.06733036,80.24299622,55561,55571,10
13.06667995,80.24330139,55571,55581,10
13.06612968,80.24363708,55581,55591,10
13.06614017,80.24430084,55591,55601,10
13.06622982,80.24501038,55601,55611,10
13.06634998,80.24568939,55611,55621,10
13.06702042,80.24613953,55621,55631,10
13.0676899,80.24643707,55631,55641,10
13.06774998,80.24649048,55641,55651,10
13.06787014,80.24674225,55651,55661,10
13.06791019,80.24736023,55661,55671,10
13.06764984,80.24786377,55671,55682,11
13.06688976,80.2478714,55682,55692,10
13.06618977,80.24784088,55692,55702,10
13.06532955,80.24781799,55702,55712,10
13.06445026,80.24774933,55712,55722,10
13.06355953,80.24770355,55722,55731,9
13.06282997,80.24764252,55731,55742,11
13.06198978,80.24764252,55742,55752,10
13.06147957,80.24730682,55752,55762,10
13.06128025,80.24693298,55762,55772,10
13.0616703,80.24649048,55772,55782,10
13.06180954,80.24597931,55782,55792,10
13.06198025,80.24526215,55792,55803,11
13.06229973,80.24494171,55803,55813,10
13.06289959,80.24453735,55813,55823,10
13.06305981,80.2442627,55823,55833,10
13.06320953,80.24404907,55833,55843,10
13.06336021,80.24355316,55843,55853,10
13.06284046,80.24343109,55853,55863,10
13.06231976,80.24330902,55863,55873,10
13.06198025,80.24326324,55873,55883,10
13.06163025,80.24320221,55883,55893,10
13.06136036,80.24311829,55893,55903,10
13.06101036,80.24305725,55903,55913,10
13.06040001,80.24284363,55913,55924,11
13.05982018,80.24263763,55924,55934,10
13.05930042,80.24252319,55934,55944,10
13.05910969,80.24252319,55944,55954,10
13.05900955,80.24256134,55954,55964,10
13.0587101,80.24262238,55964,55974,10
13.05828953,80.24269104,55974,55984,10
13.05757999,80.24282074,55984,55994,10
13.05688953,80.2427597,55994,56004,10
13.05628014,80.24247742,56004,56014,10
13.05572987,80.24226379,56014,56024,10
13.05498981,80.24230957,56024,56034,10
13.05438995,80.24234772,56034,56044,10
13.05368042,80.24223328,56044,56065,21
13.05368042,80.24223328,56065,56075,10
13.05348969,80.24208832,56075,56085,10
13.05323029,80.24194336,56085,56095,10
13.05272007,80.24176788,56095,56105,10
13.05228043,80.24133301,56105,56115,10
13.05208969,80.24095917,56115,56125,10
13.05196953,80.24076843,56125,56135,10
13.0518198,80.24073792,56135,56145,10
13.05154037,80.24066925,56145,56155,10
13.05115032,80.24062347,56155,56165,10
13.05088997,80.24056244,56165,56176,11
13.05039978,80.24047089,56176,56186,10
13.05000019,80.24038696,56186,56196,10
13.04973984,80.24030304,56196,56206,10
13.04955959,80.24027252,56206,56216,10
13.04915047,80.24015808,56216,56226,10
13.04843998,80.24002075,56226,56236,10
13.04773998,80.23985291,56236,56246,10
13.04724979,80.23976135,56246,56256,10
13.0468502,80.23969269,56256,56266,10
13.04627991,80.23956299,56266,56276,10
13.04627037,80.23925018,56276,56286,10
13.04638958,80.23877716,56286,56296,10
13.04652977,80.23809814,56296,56307,11
13.0466404,80.23724365,56307,56317,10
13.04683971,80.23641205,56317,56327,10
13.04695034,80.23603821,56327,56337,10
13.04701996,80.23570251,56337,56353,16
13.04710007,80.2349472,56353,56365,12
13.04718971,80.23404694,56365,56375,10
13.04726982,80.23368073,56375,56385,10
13.04730034,80.2333374,56385,56395,10
13.04695034,80.23303223,56395,56405,10
13.04631042,80.23291779,56405,56416,11
13.04557991,80.23275757,56416,56426,10
13.04516983,80.23264313,56426,56437,11
13.04512024,80.23265076,56437,56447,10
13.04471016,80.2325592,56447,56457,10
13.04399967,80.23242188,56457,56467,10
13.04323006,80.23235321,56467,56476,9
13.04255962,80.23233795,56476,56487,11
13.04181004,80.23229218,56487,56497,10
13.04090023,80.23206329,56497,56507,10
13.04014015,80.23177338,56507,56517,10
13.03925037,80.23152161,56517,56527,10
13.0383997,80.23130035,56527,56537,10
13.03756046,80.23097992,56537,56547,10
13.03691959,80.23068237,56547,56558,11
13.03672028,80.23062897,56558,56568,10
13.03625965,80.23052216,56568,56578,10
13.03573036,80.23033142,56578,56588,10
13.03524017,80.23026276,56588,56668,80
13.03524017,80.23026276,56668,56679,11
13.03497028,80.23029327,56679,56689,10
13.03470039,80.23033142,56689,56699,10
13.03444004,80.23040009,56699,56709,10
13.03404045,80.23043823,56709,56719,10
13.03355026,80.23047638,56719,56729,10
13.03347015,80.23046875,56729,56739,10
13.03310013,80.23049927,56739,56749,10
13.03248024,80.23056793,56749,56759,10
13.03178024,80.23065948,56759,56769,10
13.0311203,80.23072052,56769,56779,10
13.03069973,80.2307663,56779,56789,10
13.03011036,80.23081207,56789,56799,10
13.02954006,80.23085785,56799,56810,11
13.02882004,80.23091888,56810,56820,10
13.02807999,80.23101044,56820,56830,10
13.02764988,80.23113251,56830,56840,10
13.0276804,80.23162079,56840,56850,10
13.02775955,80.23217773,56850,56860,10
13.02781963,80.23271179,56860,56870,10
13.02746964,80.23284149,56870,56880,10
13.0274601,80.23284149,56880,56890,10
13.0273304,80.23287964,56890,56900,10
13.02729988,80.23287964,56900,56910,10
13.02698994,80.23300171,56910,56920,10
13.02672958,80.23303986,56920,56931,11
13.02633953,80.23271942,56931,56941,10
13.0261898,80.23227692,56941,56951,10
13.0260601,80.23177338,56951,56961,10
13.02587986,80.23103333,56961,56971,10
13.02544022,80.23018646,56971,56980,9
13.02495003,80.22952271,56980,56991,11
13.02468967,80.2292099,56991,57001,10
13.02464962,80.22917938,57001,57011,10
13.02443981,80.22888947,57011,57021,10
13.02412033,80.22846222,57021,57031,10
13.02396011,80.22828674,57031,57041,10
13.02381992,80.22808075,57041,57052,11
13.02334023,80.22759247,57052,57062,10
13.02289009,80.22711182,57062,57072,10
13.02229977,80.22657013,57072,57082,10
13.02163029,80.22602081,57082,57092,10
13.02097034,80.22547913,57092,57102,10
13.02000046,80.224823,57102,57122,20
13.02000046,80.224823,57122,57132,10
13.01990032,80.22473907,57132,57142,10
13.01937962,80.22445679,57142,57152,10
13.01856041,80.22453308,57152,57162,10
13.0177002,80.22489166,57162,57172,10
13.01683998,80.22525024,57172,57183,11
13.01616955,80.22554016,57183,57193,10
13.01548004,80.22577667,57193,57203,10
13.01473045,80.22611237,57203,57213,10
13.01430035,80.22628784,57213,57222,9
13.01422024,80.22631836,57222,57233,11
13.01369953,80.22653198,57233,57243,10
13.01299953,80.22679901,57243,57253,10
13.01222038,80.22708893,57253,57263,10
13.0113802,80.22744751,57263,57273,10
13.01049995,80.2277832,57273,57283,10
13.00969982,80.2281189,57283,57293,10
13.00914001,80.22860718,57293,57304,11
13.00891018,80.22959137,57304,57314,10
13.0087204,80.23053741,57314,57324,10
13.00854969,80.23145294,57324,57334,10
13.00837994,80.23233032,57334,57344,10
13.00827026,80.23310852,57344,57354,10
13.00819016,80.23368835,57354,57364,10
13.00813961,80.23375702,57364,57374,10
13.00806046,80.23413849,57374,57384,10
13.00796986,80.23471832,57384,57394,10
13.00788021,80.23513031,57394,57410,16
13.00765991,80.23616028,57410,57422,12
13.00745964,80.23710632,57422,57433,11
13.00728035,80.23802185,57433,57443,10
13.00714016,80.23879242,57443,57453,10
13.00699997,80.23947144,57453,57463,10
13.00693035,80.24008179,57463,57473,10
13.00687027,80.24060822,57473,57483,10
13.00681973,80.24079132,57483,57493,10
13.00673962,80.24130249,57493,57503,10
13.00669956,80.24208832,57503,57513,10
13.00667953,80.24288177,57513,57523,10
13.00666046,80.2436676,57523,57533,10
13.00667953,80.24443054,57533,57543,10
13.00669956,80.2452774,57543,57564,21
13.00669956,80.2452774,57564,57574,10
13.00667953,80.24549866,57574,57583,9
13.00667953,80.24584198,57583,57594,11
13.00669956,80.24633789,57594,57604,10
13.00673008,80.24700165,57604,57614,10
13.00671959,80.24770355,57614,57624,10
13.00671959,80.24846649,57624,57634,10
13.00683022,80.24949646,57634,57664,30
13.00683022,80.24949646,57664,57674,10
13.00683975,80.24954987,57674,57685,11
13.00681019,80.25006866,57685,57695,10
13.00681019,80.2507782,57695,57705,10
13.00681019,80.25135803,57705,57745,40
13.00681019,80.25135803,57745,57755,10
13.00669956,80.25180054,57755,57765,10
13.00658035,80.25243378,57765,57775,10
13.00669003,80.25289154,57775,57785,10
13.00666046,80.25340271,57785,57795,10
13.00660992,80.25389862,57795,58632,837
13.00660992,80.25389862,58632,58642,10
13.00660992,80.25415802,58642,58652,10
13.00660992,80.2543869,58652,58662,10
13.00658035,80.25469971,58662,58672,10
13.00654984,80.25514221,58672,58683,11
13.00660038,80.25596619,58683,58693,10
13.00662041,80.25652313,58693,58703,10
13.00664043,80.25691223,58703,58743,40
13.00664043,80.25691223,58743,58753,10
13.00669956,80.25730133,58753,58763,10
13.00679016,80.25766754,58763,58773,10
13.00701046,80.25814056,58773,58783,10
13.00741959,80.25862122,58783,58793,10
13.00788021,80.25888062,58793,58803,10
13.00798035,80.2592392,58803,58814,11
13.00747013,80.25930023,58814,58824,10
13.0072403,80.25885773,58824,58834,10
13.00706005,80.25849152,58834,58844,10
13.00683975,80.25811005,58844,58854,10
13.00658035,80.25769806,58854,58894,40
13.00658035,80.25769806,58894,58904,10
13.00644016,80.25744629,58904,58914,10
13.00644016,80.25710297,58914,58924,10
13.00642014,80.25666809,58924,58935,11
13.0064497,80.25605011,58935,58945,10
13.00646973,80.25556946,58945,58955,10
13.00650024,80.25511932,58955,58965,10
13.00650024,80.25469208,58965,58975,10
13.00646973,80.25444794,58975,58995,20
13.00646973,80.25444794,58995,59005,10
13.00646973,80.25434875,59005,59015,10
13.00646973,80.2539978,59015,59035,20
13.00646973,80.2539978,59035,59045,10
13.00650024,80.25366211,59045,59056,11
13.00648975,80.25325012,59056,59066,10
13.00648975,80.25324249,59066,59076,10
13.00646973,80.25302124,59076,59106,30
13.00646973,80.25302124,59106,59116,10
13.00648022,80.25282288,59116,59126,10
13.00648975,80.25276947,59126,59136,10
13.00652027,80.25241852,59136,59146,10
13.00660038,80.25196075,59146,59156,10
13.00669956,80.25138092,59156,59166,10
13.00671005,80.25074005,59166,59176,10
13.00669956,80.25009155,59176,59187,11
13.00669003,80.24932861,59187,59197,10
13.00664043,80.24858093,59197,59207,10
13.00658035,80.24788666,59207,59308,101
13.00658035,80.24788666,59308,59318,10
13.00656033,80.24761963,59318,59348,30
13.00656033,80.24761963,59348,59359,11
13.00658035,80.24732208,59359,59369,10
13.00658989,80.24685669,59369,59379,10
13.00652981,80.24652863,59379,59389,10
13.00656033,80.24642181,59389,59399,10
13.00660038,80.24633026,59399,59409,10
13.00656033,80.24603271,59409,59419,10
13.00652027,80.24578094,59419,59429,10
13.00652981,80.2456131,59429,59440,11
13.0065403,80.24533844,59440,59450,10
13.0065403,80.24507904,59450,59460,10
13.0065403,80.24479675,59460,59470,10
13.00654984,80.24452972,59470,59480,10
13.00656033,80.24427795,59480,59489,9
13.00654984,80.24395752,59489,59500,11
13.00656033,80.24359894,59500,59510,10
13.0065403,80.24327087,59510,59520,10
13.00652981,80.24275208,59520,59530,10
13.00650978,80.24199677,59530,59540,10
13.00652981,80.24140167,59540,59550,10
13.00656033,80.24099731,59550,59561,11
13.00662994,80.2405014,59561,59571,10
13.00675964,80.23983765,59571,59581,10
13.00691032,80.23914337,59581,59591,10
13.00706005,80.23844147,59591,59601,10
13.00718975,80.23776245,59601,59611,10
13.00734043,80.23683929,59611,59631,20
13.00734043,80.23683929,59631,59641,10
13.00739956,80.2366333,59641,59651,10
13.00751972,80.23615265,59651,59661,10
13.00761986,80.23565674,59661,59671,10
13.00772953,80.23509979,59671,59682,11
13.00790024,80.23435211,59682,59692,10
13.00806046,80.23358917,59692,59702,10
13.00823021,80.23275757,59702,59712,10
13.00839996,80.23187256,59712,59722,10
13.00856018,80.23098755,59722,59732,10
13.00872993,80.2301178,59732,59742,10
13.00889969,80.22927856,59742,59752,10
13.00907993,80.22841644,59752,59762,10
13.0092802,80.22782135,59762,59772,10
13.00969028,80.22692871,59772,59782,10
13.01002979,80.22619629,59782,59792,10
13.01031971,80.22557831,59792,59802,10
13.0105896,80.22499847,59802,59813,11
13.01080036,80.22454834,59813,59823,10
13.01099014,80.22409821,59823,59833,10
13.01117992,80.22361755,59833,59843,10
13.01142025,80.22309113,59843,59853,10
13.01169014,80.22242737,59853,59863,10
13.01196957,80.22174072,59863,59873,10
13.01235962,80.22158813,59873,59883,10
13.0127697,80.22206879,59883,59893,10
13.01325035,80.22263336,59893,59903,10
13.01375961,80.22328186,59903,59913,10
13.01426029,80.22384644,59913,59923,10
13.01467991,80.22434235,59923,59934,11
13.01502991,80.22460175,59934,59944,10
13.0155201,80.22499847,59944,59964,20
13.0155201,80.22499847,59964,59974,10
13.01570034,80.22516632,59974,59984,10
13.01620007,80.22534943,59984,59994,10
13.01683044,80.22519684,59994,60004,10
13.01749039,80.22493744,60004,60013,9
13.01811981,80.22467804,60013,60024,11
13.01891041,80.22440338,60024,60034,10
13.01966,80.22454071,60034,60065,31
13.01966,80.22454071,60065,60075,10
13.01992989,80.22471619,60075,60085,10
13.02052021,80.22516632,60085,60095,10
13.02116966,80.22566223,60095,60105,10
13.02178001,80.22608185,60105,60115,10
13.02194977,80.22618103,60115,60125,10
13.02200031,80.22621918,60125,60135,10
13.02229977,80.22650909,60135,60145,10
13.02276993,80.22692871,60145,60155,10
13.02336979,80.22746277,60155,60165,10
13.02394009,80.22801971,60165,60175,10
13.02429962,80.22840118,60175,60196,21
13.02429962,80.22840118,60196,60206,10
13.02447033,80.22866058,60206,60216,10
13.02480984,80.22913361,60216,60226,10
13.02525997,80.22969055,60226,60236,10
13.02569008,80.23032379,60236,60246,10
13.02597046,80.2309494,60246,60266,20
13.02597046,80.2309494,60266,60276,10
13.02598953,80.23105621,60276,60286,10
13.02616978,80.23135376,60286,60296,10
13.02668953,80.23121643,60296,60307,11
13.02744007,80.23104095,60307,60317,10
13.02812004,80.23091125,60317,60327,10
13.02865028,80.23085785,60327,60337,10
13.02914047,80.23084259,60337,60347,10
13.02950001,80.23079681,60347,60357,10
13.02997017,80.23075867,60357,60367,10
13.03030968,80.23075104,60367,60377,10
13.03071976,80.23072052,60377,60387,10
13.03089046,80.23071289,60387,60397,10
13.0311203,80.23069,60397,60407,10
13.03162956,80.23065948,60407,60417,10
13.03221035,80.23062897,60417,60427,10
13.03281975,80.23059082,60427,60438,11
13.03361988,80.23052216,60438,60478,40
13.03361988,80.23052216,60478,60488,10
13.03370953,80.23046875,60488,60497,9
13.03400993,80.23045349,60497,60508,11
13.03437996,80.2303772,60508,60528,20
13.03437996,80.2303772,60528,60538,10
13.03452015,80.23034668,60538,60579,41
13.03452015,80.23034668,60579,60589,10
13.03487015,80.23039246,60589,60599,10
13.03495979,80.23065948,60599,60609,10
13.03491974,80.23105621,60609,60619,10
13.03483009,80.23168182,60619,60629,10
13.03474045,80.23232269,60629,60639,10
13.03466034,80.23304749,60639,60648,9
13.03456974,80.2335968,60648,60658,10
13.03450012,80.23426819,60658,60669,11
13.03439045,80.23509216,60669,60680,11
13.03431034,80.23592377,60680,60690,10
13.03421974,80.23668671,60690,60700,10
13.03423023,80.23725891,60700,60710,10
13.03423023,80.2372818,60710,60719,9
13.03419971,80.23731995,60719,60730,11
13.03429985,80.2375412,60730,60740,10
13.03460026,80.2379303,60740,60750,10
13.03499031,80.23853302,60750,60760,10
13.03534031,80.23906708,60760,60770,10
13.03567982,80.23935699,60770,60780,10
13.03619957,80.23944092,60780,60790,10
13.03686047,80.23950195,60790,60800,10
13.03746033,80.23956299,60800,60811,11
13.03822041,80.2396698,60811,60821,10
13.03874969,80.23975372,60821,60831,10
13.03923035,80.23982239,60831,60841,10
13.0397501,80.23986053,60841,60851,10
13.04014969,80.23989105,60851,60867,16
13.04037952,80.24041748,60867,60879,12
13.04098988,80.2405777,60879,60889,10
13.04156017,80.24066162,60889,60899,10
13.04220009,80.24073029,60899,60909,10
13.04279995,80.2408371,60909,60919,10
13.04351997,80.24095154,60919,60929,10
13.04397964,80.24099731,60929,60940,11
13.04430008,80.24079132,60940,60950,10
13.04475975,80.24044037,60950,60960,10
13.04529953,80.24009705,60960,60970,10
13.04564953,80.23985291,60970,60980,10
13.04590034,80.23970032,60980,60990,10
13.04611015,80.23957062,60990,61000,10
13.04634953,80.23959351,61000,61010,10
13.04662991,80.23966217,61010,61020,10
13.04703999,80.23975372,61020,61030,10
13.04753971,80.23983765,61030,61040,10
13.04817009,80.23999786,61040,61050,10
13.04870033,80.24008179,61050,61061,11
13.04918957,80.24015045,61061,61071,10
13.04948044,80.24021912,61071,61081,10
13.04979038,80.2403183,61081,61091,10
13.05021,80.2403717,61091,61101,10
13.05076981,80.24049377,61101,61111,10
13.05132961,80.24060059,61111,61121,10
13.05216026,80.24079132,61121,61151,30
13.05216026,80.24079132,61151,61161,10
13.05228996,80.2408371,61161,61171,10
13.05249023,80.24107361,61171,61182,11
13.05257034,80.24136353,61182,61192,10
13.05268002,80.24165344,61192,61202,10
13.05309963,80.24185944,61202,61212,10
13.05366039,80.24211884,61212,61222,10
13.05395985,80.24221802,61222,61232,10
13.05408001,80.24224854,61232,61242,10
13.05451965,80.2423172,61242,61252,10
13.0550499,80.24226379,61252,61262,10
13.05566978,80.24227142,61262,61272,10
13.05626011,80.24252319,61272,61282,10
13.05657959,80.24263,61282,61292,10
13.05669975,80.24260712,61292,61302,10
13.05679035,80.24256134,61302,61313,11
13.0571003,80.24276733,61313,61323,10
13.05762005,80.24279022,61323,61333,10
13.05786037,80.24279022,61333,61343,10
13.05825996,80.24269104,61343,61353,10
13.05879021,80.24259949,61353,61363,10
13.05932999,80.24250793,61363,61373,10
13.05990982,80.2427063,61373,61383,10
13.06035042,80.24284363,61383,61393,10
13.06064034,80.24291992,61393,61403,10
13.06110001,80.24307251,61403,61413,10
13.06151962,80.24315643,61413,61423,10
13.06243038,80.24331665,61423,61444,21
13.06243038,80.24331665,61444,61454,10
13.06258011,80.24336243,61454,61464,10
13.06274033,80.24340057,61464,61474,10
13.06322002,80.24349213,61474,61484,10
13.06373978,80.24352264,61484,61494,10
13.06414986,80.2435379,61494,61504,10
13.06468964,80.24356079,61504,61514,10
13.06513023,80.24356079,61514,61534,20
13.06513023,80.24356079,61534,61544,10
13.06527996,80.24356079,61544,61554,10
13.06544018,80.24353027,61554,61565,11
13.06597996,80.24349976,61565,61581,16
13.06647015,80.24337006,61581,61593,12
13.06690979,80.24315643,61593,61603,10
13.06744003,80.24291229,61603,61613,10
13.06805992,80.2427063,61613,61623,10
13.0690403,80.24237061,61623,61653,30
13.0690403,80.24237061,61653,61663,10
13.06914043,80.24240112,61663,61673,10
13.06945992,80.24224854,61673,61685,12
13.06991959,80.24210358,61685,61694,9
13.06993961,80.24211121,61694,61705,11
13.07005978,80.24207306,61705,61715,10
13.07052994,80.24195862,61715,61725,10
13.07114983,80.24175262,61725,61735,10
13.07188034,80.24140167,61735,61745,10
13.07254982,80.2409668,61745,61754,9
13.07312012,80.24078369,61754,61765,11
13.07376003,80.24059296,61765,61775,10
13.07444,80.2405014,61775,61785,10
13.07518959,80.24049377,61785,61795,10
13.07596016,80.24049377,61795,61806,11
13.07676983,80.2405777,61806,61816,10
13.0770998,80.24027252,61816,61826,10
13.07693958,80.23953247,61826,61836,10
13.07674026,80.2388382,61836,61846,10
13.07660007,80.23842621,61846,61856,10
13.07656002,80.23813629,61856,61865,9
13.07649994,80.23786163,61865,61876,11
13.07641983,80.23750305,61876,61886,10
13.07641029,80.23750305,61886,61896,10
13.07635975,80.23719025,61896,61906,10
13.07625008,80.23670197,61906,61916,10
13.07618046,80.23606873,61916,61926,10
13.0760603,80.23538208,61926,61937,11
13.07588005,80.23458099,61937,61947,10
13.07584,80.23390198,61947,61957,10
13.07627964,80.23377991,61957,61967,10
13.07682037,80.23370361,61967,61977,10
13.07732964,80.23365021,61977,61987,10
13.07781029,80.2335968,61987,61997,10
13.07826996,80.23358917,61997,62007,10
13.07851028,80.23355865,62007,62017,10
13.07882023,80.23355865,62017,62027,10
13.07931995,80.2335434,62027,62037,10
13.07981014,80.23349762,62037,62047,10
13.08022022,80.23349762,62047,62058,11
13.08047009,80.23351288,62058,62068,10
13.08102036,80.23352051,62068,62078,10
13.08162022,80.23356628,62078,62088,10
13.08193016,80.23345184,62088,62098,10
13.08199978,80.2329483,62098,62108,10
13.0821104,80.23249054,62108,62118,10
13.08234024,80.23179626,62118,62128,10
13.08250999,80.23130798,62128,62138,10
13.08263969,80.2310791,62138,62148,10
13.08285046,80.23069,62148,62158,10
13.08312988,80.23095703,62158,62168,10
13.08318043,80.23168945,62168,62179,11
13.08325958,80.23249054,62179,62189,10
13.08343983,80.23313904,62189,62199,10
13.08351994,80.2335968,62199,62209,10
13.08353043,80.23362732,62209,62219,10
13.08355999,80.23377228,62219,62229,10
13.08393955,80.23391724,62229,62239,10
13.08407021,80.23396301,62239,62249,10
13.08442974,80.23403931,62249,62259,10
13.08481026,80.23413849,62259,62269,10
13.08520985,80.23423767,62269,62279,10
13.08574963,80.23438263,62279,62289,10
13.08598042,80.23444366,62289,62299,10
13.08631992,80.23449707,62299,62310,11
13.08683968,80.23455811,62310,62320,10
13.08749962,80.23458099,62320,62330,10
13.08792019,80.23407745,62330,62340,10
13.08802986,80.23327637,62340,62350,10
13.08821964,80.23239899,62350,62360,10
13.0884304,80.23161316,62360,62370,10
13.08862972,80.23105621,62370,62380,10
13.08887959,80.23052979,62380,62390,10
13.08932018,80.22966766,62390,62400,10
13.08990002,80.22892761,62400,62410,10
13.09049988,80.22827148,62410,62420,10
13.0910902,80.22762299,62420,62431,11
13.09138012,80.22728729,62431,62441,10
13.09154034,80.22714996,62441,62451,10
13.09197998,80.22673798,62451,62461,10
13.09253979,80.22614288,62461,62471,10
13.09319019,80.22551727,62471,62481,10
13.09364033,80.22499847,62481,62491,10
13.09416008,80.22438812,62491,62501,10
13.09469986,80.22364044,62501,62511,10
13.09519958,80.22267914,62511,62521,10
13.09554005,80.22177124,62521,62531,10
13.09580994,80.22096252,62531,62540,9
13.09603977,80.22032166,62540,62552,12
13.09609985,80.22006989,62552,62562,10
13.09619045,80.21983337,62562,62572,10
13.09630013,80.21948242,62572,62582,10
13.09632969,80.21936798,62582,62592,10
13.09634018,80.21930695,62592,62602,10
13.09646988,80.21901703,62602,62612,10
13.0966301,80.21858215,62612,62622,10
13.0968399,80.21794128,62622,62632,10
13.09708023,80.21723175,62632,62642,10
13.09733009,80.21658325,62642,62652,10
13.09762001,80.21591187,62652,62662,10
13.09792995,80.21521759,62662,62672,10
13.09821987,80.21453094,62672,62683,11
13.09856033,80.21398163,62683,62693,10
13.09904003,80.21418762,62693,62703,10
13.09957981,80.21434784,62703,62713,10
13.10007954,80.2144928,62713,62743,30
13.10007954,80.2144928,62743,62753,10
13.10054016,80.21466064,62753,62844,91
13.10054016,80.21466064,62844,62854,10
13.1005497,80.21495056,62854,62864,10
13.10031986,80.21546936,62864,62874,10
13.10007954,80.21600342,62874,62884,10
13.09996033,80.21607208,62884,62894,10
13.0999403,80.21578217,62894,62904,10
13.10009956,80.21543884,62904,62914,10
13.10023022,80.21505737,62914,62924,10
13.10023022,80.21494293,62924,63701,777
13.10023022,80.21494293,63701,63711,10
13.10025024,80.21468353,63711,63721,10
13.10002041,80.21450043,63721,63731,10
13.09972954,80.21440887,63731,63741,10
13.09926033,80.2142868,63741,63751,10
13.09877968,80.21412659,63751,63761,10
13.09844971,80.21414185,63761,63771,10
13.0982399,80.21463776,63771,63781,10
13.09799957,80.21520233,63781,63791,10
13.09772968,80.2158432,63791,63802,11
13.09743023,80.21659851,63802,63812,10
13.09737968,80.21674347,63812,63822,10
13.09733009,80.21684265,63822,63832,10
13.09716034,80.21726227,63832,63842,10
13.09692001,80.21793365,63842,63852,10
13.09671021,80.2186203,63852,63862,10
13.09648037,80.21929932,63862,63872,10
13.09620953,80.22003937,63872,63882,10
13.09593964,80.22081757,63882,63892,10
13.09572029,80.22145844,63892,63902,10
13.09552956,80.22202301,63902,63912,10
13.09525967,80.22271729,63912,63923,11
13.09477997,80.22364044,63923,63933,10
13.09424973,80.22438049,63933,63943,10
13.09372044,80.22502899,63943,63953,10
13.09315968,80.22561646,63953,63963,10
13.09259987,80.22618866,63963,63973,10
13.0921402,80.22664642,63973,63983,10
13.09158039,80.22724152,63983,63993,10
13.0912199,80.2276535,63993,64003,10
13.09107971,80.22779846,64003,64013,10
13.0906601,80.22821045,64013,64023,10
13.09010983,80.22879791,64023,64033,10
13.08952999,80.2294693,64033,64044,11
13.08915997,80.23016357,64044,64054,10
13.08901978,80.23046112,64054,64064,10
13.08882046,80.23091125,64064,64074,10
13.08874989,80.23107147,64074,64084,10
13.08854961,80.23155975,64084,64094,10
13.08831978,80.23232269,64094,64104,10
13.08812046,80.23319244,64104,64114,10
13.08802032,80.23401642,64114,64124,10
13.08765984,80.23455811,64124,64134,10
13.08699989,80.23458862,64134,64144,10
13.08627033,80.23451233,64144,64154,10
13.08584023,80.23439789,64154,64164,10
13.08545971,80.23430634,64164,64175,11
13.08485985,80.23416138,64175,64185,10
13.08448029,80.23409271,64185,64195,10
13.08415031,80.23400116,64195,64205,10
13.0836401,80.23390198,64205,64225,20
13.0836401,80.23390198,64225,64235,10
13.08347988,80.23390198,64235,64245,10
13.08312035,80.23384857,64245,64255,10
13.08265972,80.2337265,64255,64265,10
13.0823698,80.2336731,64265,64275,10
13.08232021,80.2336731,64275,64285,10
13.08197975,80.23358917,64285,64296,11
13.08129978,80.23355865,64296,64306,10
13.08067036,80.23355865,64306,64316,10
13.08008957,80.23358154,64316,64326,10
13.07958031,80.23358154,64326,64336,10
13.07890987,80.23361206,64336,64346,10
13.07831955,80.23362732,64346,64356,10
13.07769012,80.23365021,64356,64366,10
13.07701015,80.23374176,64366,64376,10
13.07633018,80.23384094,64376,64386,10
13.07590008,80.23416901,64386,64396,10
13.07602024,80.23480225,64396,64406,10
13.07616043,80.23555756,64406,64417,11
13.07631969,80.23642731,64417,64427,10
13.07645035,80.23709869,64427,64437,10
13.07649994,80.23732758,64437,64447,10
13.07656956,80.23757935,64447,64457,10
13.07666016,80.23806763,64457,64467,10
13.07678986,80.23872375,64467,64477,10
13.07695007,80.23947144,64477,64487,10
13.07707024,80.23996735,64487,64497,10
13.07717037,80.24046326,64497,64517,20
13.07717037,80.24046326,64517,64527,10
13.07717991,80.2405777,64527,64537,10
13.07726955,80.24088287,64537,64548,11
13.07736015,80.24141693,64548,64558,10
13.07752037,80.24204254,64558,64568,10
13.07767963,80.24285889,64568,64578,10
13.07781029,80.24373627,64578,64588,10
13.0777998,80.24452209,64588,64598,10
13.07789993,80.24532318,64598,64608,10
13.07798004,80.24610901,64608,64618,10
13.07810974,80.24691772,64618,64628,10
13.07828999,80.24777985,64628,64638,10
13.07847023,80.24861908,64638,64648,10
13.07863998,80.24935913,64648,64658,10
13.07874012,80.25016022,64658,64669,11
13.07849979,80.25093079,64669,64679,10
13.07861042,80.25151825,64679,64790,111
13.07861042,80.25151825,64790,64800,10
13.07831955,80.25177002,64800,64810,10
13.07822037,80.25177002,64810,64820,10
13.07793999,80.25182343,64820,64830,10
13.07771015,80.25184631,64830,64840,10
13.07756042,80.25187683,64840,64850,10
13.0775404,80.25187683,64850,64860,10
13.07723045,80.25193787,64860,64890,30
13.07723045,80.25193787,64890,64900,10
13.07699966,80.25196838,64900,64910,10
13.07680988,80.25212097,64910,64921,11
13.07680988,80.25212097,64921,64931,10
13.07688999,80.25221252,64931,64941,10
13.07656002,80.25256348,64941,64951,10
13.07616997,80.25209808,64951,64971,20
13.07616997,80.25209808,64971,64981,10
13.07598019,80.25215912,64981,64991,10
13.07584,80.25219727,64991,65001,10
13.07565022,80.25221252,65001,65011,10
13.07532024,80.25224304,65011,65021,10
13.07479954,80.25228119,65021,65031,10
13.0742197,80.25228882,65031,65042,11
13.07376957,80.25250244,65042,65051,9
13.07320976,80.25247955,65051,65062,11
13.07252979,80.25235748,65062,65072,10
13.07213974,80.25183868,65072,65082,10
13.0720396,80.25109863,65082,65092,10
13.0718298,80.25032806,65092,65102,10
13.07159042,80.24948883,65102,65112,10
13.07141972,80.24848938,65112,65122,10
13.07116032,80.24778748,65122,65132,10
13.07085037,80.24703979,65132,65141,9
13.07048035,80.24632263,65141,65152,11
13.07005024,80.24537659,65152,65163,11
13.06968021,80.24443054,65163,65173,10
13.06941986,80.24362946,65173,65183,10
13.06931019,80.24336243,65183,65193,10
13.06927967,80.24324036,65193,65203,10
13.06921005,80.24278259,65203,65213,10
13.06873989,80.24255371,65213,65223,10
13.06793976,80.24278259,65223,65233,10
13.06706047,80.24315643,65233,65243,10
13.06634045,80.24350739,65243,65253,10
13.06612015,80.2440033,65253,65263,10
13.06616974,80.24456787,65263,65273,10
13.06626987,80.24517822,65273,65283,10
13.06639957,80.2457962,65283,65294,11
13.06707954,80.24624634,65294,65304,10
13.06774044,80.24649811,65304,65314,10
13.06787968,80.2466507,65314,65324,10
13.06795979,80.2470932,65324,65334,10
13.06791973,80.24772644,65334,65344,10
13.06750965,80.24794006,65344,65360,16
13.06655979,80.24791718,65360,65372,12
13.06575966,80.24786377,65372,65381,9
13.06497955,80.24781799,65381,65392,11
13.06404018,80.2477417,65392,65402,10
13.06324005,80.24770355,65402,65416,14
13.06219959,80.24767303,65416,65426,10
13.06159019,80.24748993,65426,65436,10
13.06136036,80.24717712,65436,65446,10
13.06144047,80.24684143,65446,65456,10
13.06171036,80.24658203,65456,65466,10
13.06186008,80.24607849,65466,65476,10
13.06202984,80.24542236,65476,65486,10
13.06243992,80.24503326,65486,65509,23
13.06311989,80.24436951,65509,65521,12
13.06330013,80.24407959,65521,65531,10
13.06344032,80.24372101,65531,65541,10
13.06299019,80.24350739,65541,65552,11
13.06247997,80.2434082,65552,65562,10
13.06198978,80.24330139,65562,65572,10
13.06165981,80.24323273,65572,65582,10
13.06153965,80.24320221,65582,65591,9
13.0614996,80.24318695,65591,65602,11
13.0612402,80.24313354,65602,65614,12
13.06091976,80.24304199,65614,65624,10
13.0604496,80.2428894,65624,65634,10
13.06004047,80.24273682,65634,65644,10
13.05955982,80.24256897,65644,65654,10
13.05914021,80.24259186,65654,65665,11
13.05863953,80.24269104,65665,65675,10
13.05838013,80.24273682,65675,65686,11
13.05819988,80.2427597,65686,65696,10
13.05776024,80.24284363,65696,65706,10
13.05725956,80.24288177,65706,65716,10
13.05698013,80.24285889,65716,65726,10
13.05657005,80.24273682,65726,65736,10
13.05605984,80.24249268,65736,65746,10
13.05541992,80.24234009,65746,65756,10
13.05473995,80.24246216,65756,65766,10
13.05381012,80.24233246,65766,65837,71
13.05381012,80.24233246,65837,65847,10
13.05358982,80.24220276,65847,65857,10
13.05327988,80.24207306,65857,65867,10
13.0527401,80.24188995,65867,65877,10
13.05230999,80.24146271,65877,65887,10
13.05206013,80.24098969,65887,65908,21
13.05206013,80.24098969,65908,65918,10
13.05195999,80.24079895,65918,65948,30
13.05195999,80.24079895,65948,65958,10
13.05175018,80.24078369,65958,65968,10
13.05146027,80.2407074,65968,65978,10
13.05136013,80.24066925,65978,65988,10
13.05119991,80.24067688,65988,65998,10
13.05095959,80.24063873,65998,66008,10
13.05084038,80.2406311,66008,66018,10
13.05033016,80.24053192,66018,66029,11
13.04963017,80.24035645,66029,66039,10
13.04897976,80.24021149,66039,66049,10
13.04825974,80.2400589,66049,66059,10
13.04759026,80.23992157,66059,66069,10
13.04714012,80.23979187,66069,66079,10
13.04671955,80.23973846,66079,66089,10
13.04650021,80.23969269,66089,66099,10
13.0462904,80.23947144,66099,66109,10
13.04638958,80.23898315,66109,66119,10
13.04650021,80.23840332,66119,66129,10
13.04662037,80.2376709,66129,66139,10
13.04675961,80.23697662,66139,66149,10
13.0468998,80.23638153,66149,66160,11
13.04697037,80.23593903,66160,66180,20
13.04697037,80.23593903,66180,66190,10
13.04703999,80.23570251,66190,66200,10
13.04710007,80.23535156,66200,66210,10
13.04718018,80.23470306,66210,66220,10
13.04726982,80.23394012,66220,66230,10
13.04734039,80.23342133,66230,66250,20
13.04734039,80.23342133,66250,66260,10
13.04738998,80.23319244,66260,66270,10
13.04708004,80.23307037,66270,66281,11
13.04650974,80.23296356,66281,66291,10
13.04588032,80.23284149,66291,66301,10
13.04533005,80.23275757,66301,66311,10
13.04520035,80.23274231,66311,66321,10
13.04498005,80.23268127,66321,66331,10
13.04442978,80.23258209,66331,66341,10
13.04364967,80.23242188,66341,66351,10
13.04290009,80.23239899,66351,66361,10
13.04216003,80.23238373,66361,66371,10
13.04135036,80.23222351,66371,66381,10
13.04051971,80.23194122,66381,66391,10
13.03964043,80.23171997,66391,66402,11
13.03876019,80.23148346,66402,66412,10
13.03794003,80.23121643,66412,66422,10
13.03732014,80.23101044,66422,66432,10
13.03693008,80.23085785,66432,66613,181
13.03693008,80.23085785,66613,66623,10
13.03662968,80.23085785,66623,66633,10
13.03637028,80.23075867,66633,66643,10
13.03602028,80.23062134,66643,66654,11
13.03546047,80.23042297,66654,66906,252
13.03546047,80.23042297,66906,66916,10
13.03520012,80.2303772,66916,66926,10
13.03479958,80.2303772,66926,66936,10
13.03442001,80.23046875,66936,66946,10
13.0341301,80.23049927,66946,66956,10
13.03386974,80.23049927,66956,66966,10
13.03349972,80.23055267,66966,66986,20
13.03349972,80.23055267,66986,66996,10
13.0333004,80.23062134,66996,67006,10
13.03277016,80.23065948,67006,67016,10
13.03217983,80.23071289,67016,67027,11
13.03157997,80.23074341,67027,67037,10
13.03106976,80.23078156,67037,67137,100
13.03106976,80.23078156,67137,67148,11
13.03077984,80.23074341,67148,67158,10
13.03057003,80.2307663,67158,67168,10
13.03013992,80.23081207,67168,67178,10
13.02991009,80.23087311,67178,67188,10
13.02989006,80.23088074,67188,67198,10
13.02966976,80.23091125,67198,67208,10
13.02927971,80.2309494,67208,67218,10
13.02869987,80.23101044,67218,67228,10
13.02810955,80.23107147,67228,67238,10
13.02770042,80.23117065,67238,67248,10
13.02772045,80.23161316,67248,67258,10
13.02779961,80.23214722,67258,67269,11
13.02791977,80.23275757,67269,67279,10
13.02752018,80.23293304,67279,67339,60
13.02752018,80.23293304,67339,67349,10
13.02737999,80.23303223,67349,67359,10
13.02715969,80.23303986,67359,67369,10
13.02694035,80.23306274,67369,67379,10
13.02665043,80.23310852,67379,67390,11
13.02632999,80.23282623,67390,67400,10
13.02618027,80.23226929,67400,67410,10
13.02612972,80.23194885,67410,67420,10
13.02612019,80.23188019,67420,67430,10
13.02600956,80.23149872,67430,67440,10
13.02583981,80.23088837,67440,67449,9
13.02552986,80.23026276,67449,67460,11
13.02493954,80.22949219,67460,67480,20
13.02493954,80.22949219,67480,67490,10
13.02484035,80.22937775,67490,67500,10
13.02466965,80.22918701,67500,67510,10
13.02441025,80.22885132,67510,67520,10
13.02406979,80.22849274,67520,67531,11
13.02404976,80.22846222,67531,67541,10
13.02400017,80.22839355,67541,67551,10
13.02377033,80.22808075,67551,67561,10
13.02353001,80.22783661,67561,67581,20
13.02353001,80.22783661,67581,67591,10
13.02342987,80.22773743,67591,67601,10
13.02318954,80.22750854,67601,67611,10
13.02278996,80.22715759,67611,67621,10
13.02241993,80.22678375,67621,67631,10
13.02190971,80.22634125,67631,67642,11
13.02128029,80.22582245,67642,67652,10
13.02068996,80.22538757,67652,67662,10
13.02001953,80.22492981,67662,67672,10
13.01924992,80.22453308,67672,67682,10
13.01840019,80.2246933,67682,67692,10
13.01758003,80.22502899,67692,67702,10
13.0167799,80.22537994,67702,67712,10
13.01628971,80.2256012,67712,67722,10
13.01616001,80.22566223,67722,67732,10
13.01581001,80.22576141,67732,67742,10
13.01523018,80.22598267,67742,67752,10
13.01436043,80.22631836,67752,67773,21
13.01436043,80.22631836,67773,67783,10
13.01422024,80.22635651,67783,67793,10
13.01373005,80.2265625,67793,67803,10
13.01307964,80.22680664,67803,67813,10
13.01231956,80.22711182,67813,67823,10
13.01148987,80.22744751,67823,67833,10
13.01064014,80.22779083,67833,67843,10
13.00984001,80.22811127,67843,67853,10
13.00914955,80.22865295,67853,67863,10
13.00893021,80.22969055,67863,67873,10
13.00874043,80.23074341,67873,67883,10
13.00854969,80.23171234,67883,67894,11
13.00835037,80.23278809,67894,67904,10
13.0082798,80.23352051,67904,67914,10
13.0082798,80.23355865,67914,67924,10
13.00819969,80.2338028,67924,67934,10
13.00809002,80.23428345,67934,67944,10
13.00798988,80.23477936,67944,67954,10
13.00788021,80.23532867,67954,67964,10
13.00774002,80.23602295,67964,67974,10
13.00759029,80.23683167,67974,67984,10
13.00743008,80.23760223,67984,67994,10
13.00732994,80.2381897,67994,68004,10
13.00718975,80.23885345,68004,68015,11
13.00699997,80.2399292,68015,68065,50
13.00699997,80.2399292,68065,68075,10
13.00702,80.24009705,68075,68085,10
13.00693989,80.24053192,68085,68094,9
13.00687027,80.24085236,68094,68106,12
13.00683975,80.24093628,68106,68115,9
13.00677967,80.24131012,68115,68126,11
13.00675011,80.24204254,68126,68137,11
13.00675011,80.24255371,68137,68147,10
13.00675011,80.24284363,68147,68157,10
13.00673962,80.24314117,68157,68167,10
13.00671959,80.24339294,68167,68177,10
13.00671959,80.24369049,68177,68187,10
13.00671005,80.24397278,68187,68197,10
13.00671959,80.24436951,68197,68207,10
13.00673008,80.24485779,68207,68217,10
13.00673962,80.24530029,68217,68227,10
13.00675011,80.24575806,68227,68237,10
13.00675011,80.24633026,68237,68247,10
13.00675964,80.24656677,68247,68258,11
13.00677013,80.24691772,68258,68268,10
13.0067997,80.24720001,68268,68278,10
13.00675964,80.24767303,68278,68288,10
13.00675011,80.24830627,68288,68298,10
13.00681019,80.24906921,68298,68308,10
13.00687981,80.24958038,68308,68318,10
13.00687981,80.24960327,68318,68328,10
13.00689983,80.24971771,68328,68338,10
13.00687027,80.2501297,68338,68348,10
13.00685978,80.25071716,68348,68358,10
13.00685024,80.25131226,68358,68368,10
13.00673962,80.25189972,68368,68378,10
13.00658989,80.25258636,68378,68389,11
13.00658035,80.25328827,68389,68399,10
13.00658035,80.25401306,68399,68409,10
13.00662041,80.25453949,68409,68419,10
13.00664043,80.25495911,68419,68449,30
13.00664043,80.25495911,68449,68459,10
13.00660992,80.25525665,68459,68469,10
13.00660992,80.25583649,68469,68479,10
13.00662994,80.25640869,68479,68489,10
13.00664043,80.25669861,68489,68499,10
13.00664043,80.25679016,68499,68510,11
13.00666046,80.25710297,68510,68520,10
13.00671005,80.25740051,68520,68530,10
13.00644016,80.25763702,68530,68540,10
13.00607967,80.25759125,68540,68550,10
13.00570011,80.25749207,68550,68560,10
13.00524044,80.25736237,68560,68570,10
13.00473976,80.25723267,68570,68580,10
13.00415039,80.25710297,68580,68590,10
13.00364017,80.25701141,68590,68600,10
13.00339031,80.25695801,68600,68610,10
13.00319958,80.25691223,68610,68620,10
13.00284004,80.2568512,68620,68631,11
13.00232029,80.25675964,68631,68641,10
13.00174999,80.25668335,68641,68651,10
13.00107002,80.2565918,68651,68661,10
13.00053024,80.25653076,68661,68671,10
13.00016022,80.2564621,68671,68741,70
13.00016022,80.2564621,68741,68751,10
12.99977016,80.25637817,68751,68762,11
12.99934006,80.25626373,68762,68772,10
12.99905014,80.2562027,68772,68782,10
12.99880981,80.25615692,68782,68792,10
12.99843979,80.25611115,68792,68802,10
12.99792004,80.25604248,68802,68812,10
12.99746037,80.25601196,68812,68893,81
12.99746037,80.25601196,68893,68903,10
12.99707031,80.25604248,68903,68913,10
12.99689007,80.25627899,68913,68923,10
12.99683952,80.25701904,68923,68953,30
12.99683952,80.25701904,68953,68963,10
12.99683952,80.2572403,68963,68973,10
12.99680042,80.25759888,68973,68983,10
12.99674034,80.25801849,68983,68993,10
12.99672985,80.25816345,68993,69004,11
12.99670029,80.25827789,69004,69014,10
12.99666023,80.25861359,69014,69024,10
12.99664021,80.25895691,69024,69034,10
12.99656963,80.2593689,69034,69044,10
12.99650955,80.25984192,69044,69054,10
12.99645996,80.26033783,69054,69064,10
12.99641037,80.26094055,69064,69074,10
12.99635983,80.26148224,69074,69084,10
12.99631977,80.26194,69084,69100,16
12.99623013,80.26248169,69100,69133,33
12.99623013,80.26248169,69133,69143,10
12.99617958,80.26277161,69143,69152,9
12.99615002,80.26303101,69152,69163,11
12.99612045,80.26354218,69163,69172,9
12.99606991,80.26406097,69172,69183,11
12.99600029,80.2647171,69183,69193,10
12.99592018,80.26548004,69193,69202,9
12.9958601,80.26608276,69202,69213,11
12.99577999,80.26673889,69213,69223,10
12.9957304,80.26722717,69223,69334,111
12.9957304,80.26722717,69334,69344,10
12.99575996,80.2673111,69344,69354,10
12.9957304,80.26754761,69354,69364,10
12.99590015,80.26772308,69364,69374,10
12.99639034,80.26777649,69374,69385,11
12.99695015,80.2677536,69385,69395,10
12.99746037,80.26760864,69395,69405,10
12.9978199,80.26751709,69405,69415,10
12.99822998,80.26741028,69415,69425,10
12.99866962,80.26728058,69425,69435,10
12.99921989,80.26712036,69435,69451,16
13.00002003,80.26673889,69451,69463,12
13.00004959,80.26667786,69463,69473,10
13.00010014,80.26660156,69473,69482,9
13.00014019,80.26615906,69482,69493,11
13.00020981,80.26576233,69493,69504,11
13.00026989,80.26603699,69504,69514,10
13.00020981,80.26644135,69514,69846,332
13.00020981,80.26644135,69846,69856,10
13.00026035,80.26660156,69856,69866,10
13.00030994,80.26677704,69866,69877,11
13.00018024,80.26692963,69877,69887,10
12.99985027,80.26702118,69887,69897,10
12.99940968,80.26712036,69897,69907,10
12.99892998,80.26724243,69907,69917,10
12.99841022,80.26737213,69917,69927,10
12.99790955,80.26751709,69927,69937,10
12.99744987,80.26763916,69937,69947,10
12.99676037,80.2678299,69947,70108,161
12.99676037,80.2678299,70108,70119,11
12.99619007,80.26782227,70119,70129,10
12.99573994,80.26773071,70129,70139,10
12.9956398,80.26728821,70139,70180,41
12.9956398,80.26728821,70180,70190,10
12.99567986,80.26708984,70190,70200,10
12.99569988,80.26669312,70200,70210,10
12.99577045,80.26625061,70210,70220,10
12.99582005,80.26564789,70220,70230,10
12.99586964,80.26503754,70230,70331,101
12.99586964,80.26503754,70331,70341,10
12.99598026,80.26464844,70341,70351,10
12.99604034,80.26407623,70351,70361,10
12.99610043,80.2634201,70361,70372,11
12.99613953,80.26280212,70372,70382,10
12.99613953,80.2627182,70382,70392,10
12.99615002,80.26258087,70392,70402,10
12.99617958,80.2621994,70402,70412,10
12.99623966,80.26174164,70412,70422,10
12.99631977,80.26106262,70422,70432,10
12.99639988,80.26042938,70432,70442,10
12.99645996,80.25987244,70442,70452,10
12.99648952,80.25935364,70452,70462,10
12.99650002,80.25926208,70462,70472,10
12.99650002,80.25921631,70472,70482,10
12.99656963,80.25887299,70482,70493,11
12.99662971,80.2582016,70493,70503,10
12.99670982,80.25753021,70503,70513,10
12.99680042,80.25679779,70513,70644,131
12.99680042,80.25679779,70644,70654,10
12.99682999,80.25678253,70654,70664,10
12.99682045,80.25653076,70664,70674,10
12.99685955,80.25615692,70674,70684,10
12.99705982,80.25595093,70684,70694,10
12.9974699,80.25595856,70694,70704,10
12.99794006,80.2559967,70704,70714,10
12.99862003,80.25605774,70714,70734,20
12.99862003,80.25605774,70734,70745,11
12.9988203,80.25611877,70745,70755,10
12.99905014,80.25617218,70755,70785,30
12.99905014,80.25617218,70785,70795,10
12.99921989,80.2562027,70795,70805,10
12.99967003,80.25627899,70805,70815,10
13.00012016,80.25636292,70815,70825,10
13.00051022,80.25643921,70825,70835,10
13.00090027,80.25649261,70835,70845,10
13.00131989,80.25656128,70845,70855,10
13.00160027,80.25662231,70855,70866,11
13.00201035,80.25668335,70866,70876,10
13.00230026,80.25672913,70876,70886,10
13.00261974,80.25679016,70886,70896,10
13.00308037,80.25688171,70896,70906,10
13.00335979,80.25692749,70906,70916,10
13.00376034,80.25701141,70916,70926,10
13.0043602,80.25711823,70926,70936,10
13.0050602,80.25726318,70936,70946,10
13.00625992,80.25746155,70946,70997,51
13.00625992,80.25746155,70997,71007,10
13.00648975,80.25739288,71007,71017,10
13.00646019,80.2571106,71017,71027,10
13.00644016,80.25663757,71027,71037,10
13.00644016,80.25602722,71037,71047,10
13.0064497,80.25550079,71047,71057,10
13.00648975,80.25499725,71057,71067,10
13.0064497,80.25447845,71067,71118,51
13.0064497,80.25447845,71118,71128,10
13.00646019,80.25422668,71128,71138,10
13.00646019,80.25385284,71138,71148,10
13.00646973,80.25338745,71148,71168,20
13.00646973,80.25338745,71168,71184,16
13.0064497,80.25296021,71184,71236,52
13.0064497,80.25296021,71236,71247,11
13.00648975,80.25273895,71247,71257,10
13.00650024,80.25250244,71257,71267,10
13.00660038,80.2519989,71267,71277,10
13.00671959,80.25124359,71277,71287,10
13.00671959,80.2504425,71287,71297,10
13.00667953,80.24974823,71297,71308,11
13.00669003,80.24970245,71308,71317,9
13.00667953,80.2493515,71317,71359,42
13.00667953,80.2493515,71359,71369,10
13.00666046,80.24890137,71369,71379,10
13.00662994,80.24855042,71379,71389,10
13.00660992,80.2482605,71389,71399,10
13.00660992,80.24797058,71399,71409,10
13.00660038,80.24748993,71409,71419,10
13.00660038,80.24693298,71419,71429,10
13.0065403,80.2466507,71429,71439,10
13.00656033,80.24655151,71439,71449,10
13.00654984,80.24620056,71449,71459,10
13.0065403,80.24588013,71459,71469,10
13.0065403,80.2456665,71469,71479,10
13.0065403,80.24539948,71479,71490,11
13.0065403,80.24519348,71490,71500,10
13.0065403,80.24494171,71500,71510,10
13.0065403,80.24491882,71510,71520,10
13.00658989,80.24458313,71520,71530,10
13.00658035,80.24423218,71530,71540,10
13.00658035,80.24384308,71540,71550,10
13.0065403,80.24326324,71550,71560,10
13.00650978,80.24250031,71560,71570,10
13.00650978,80.24212646,71570,71580,10
13.00652027,80.24205017,71580,71590,10
13.00652027,80.24166107,71590,71600,10
13.00656033,80.24111176,71600,71611,11
13.00660992,80.24066925,71611,71621,10
13.00669003,80.24028778,71621,71631,10
13.00683975,80.23960114,71631,71641,10
13.00699997,80.23873138,71641,71651,10
13.00716019,80.23793793,71651,71661,10
13.00734997,80.23687744,71661,71691,30
13.00734997,80.23687744,71691,71701,10
13.00745964,80.23660278,71701,71711,10
13.00755978,80.23609161,71711,71721,10
13.0076704,80.23545837,71721,71732,11
13.00774956,80.23506927,71732,71742,10
13.00786018,80.23448181,71742,71752,10
13.00802994,80.23370361,71752,71762,10
13.00817966,80.23285675,71762,71772,10
13.00835991,80.23195648,71772,71782,10
13.00852966,80.2310791,71782,71792,10
13.00870037,80.23017883,71792,71802,10
13.00887966,80.2293396,71802,71812,10
13.00903988,80.228508,71812,71822,10
13.00932026,80.2277298,71822,71832,10
13.00969982,80.22691345,71832,71842,10
13.01006985,80.22608948,71842,71852,10
13.01039982,80.22535706,71852,71863,11
13.01072025,80.2246933,71863,71873,10
13.01095963,80.22411346,71873,71883,10
13.01117992,80.22364807,71883,71893,10
13.01142025,80.22309875,71893,71903,10
13.01171017,80.22245026,71903,71913,10
13.01194954,80.22170258,71913,71923,10
13.01233006,80.22158813,71923,71933,10
13.01280022,80.22221375,71933,71943,10
13.01327991,80.22279358,71943,71953,10
13.01379967,80.22337341,71953,71963,10
13.01420021,80.22386932,71963,71973,10
13.01463985,80.22441101,71973,71984,11
13.01523018,80.22492218,71984,71994,10
13.01541042,80.22501373,71994,72004,10
13.01548004,80.22505951,72004,72014,10
13.01568031,80.22527313,72014,72024,10
13.01622963,80.22541046,72024,72034,10
13.01698017,80.22518158,72034,72044,10
13.01784039,80.22483826,72044,72054,10
13.01865005,80.22451019,72054,72064,10
13.01935959,80.22444916,72064,72074,10
13.0197897,80.22466278,72074,72084,10
13.02019978,80.22498322,72084,72094,10
13.02056026,80.22524261,72094,72105,11
13.02095032,80.22551727,72105,72115,10
13.02138996,80.2258606,72115,72125,10
13.02196026,80.22625732,72125,72145,20
13.02196026,80.22625732,72145,72155,10
13.02202988,80.22633362,72155,72165,10
13.02237988,80.22663879,72165,72175,10
13.02293015,80.22714996,72175,72185,10
13.02355003,80.22770691,72185,72195,10
13.0240097,80.2281723,72195,72205,10
13.02435017,80.22855377,72205,72215,10
13.02466965,80.22908783,72215,72226,11
13.0251503,80.22969818,72226,72236,10
13.02560997,80.23036957,72236,72246,10
13.02591991,80.23104858,72246,72256,10
13.02598,80.23136139,72256,72266,10
13.02614975,80.23137665,72266,72276,10
13.02668953,80.23123932,72276,72286,10
13.02740002,80.2310791,72286,72296,10
13.02805996,80.23097229,72296,72306,10
13.02847958,80.23092651,72306,72347,41
13.02847958,80.23092651,72347,72357,10
13.02888966,80.23088074,72357,72367,10
13.02927017,80.23085022,72367,72377,10
13.02956963,80.23079681,72377,72387,10
13.02984047,80.23079681,72387,72417,30
13.02984047,80.23079681,72417,72427,10
13.02999973,80.23081207,72427,72437,10
13.03026009,80.23078156,72437,72447,10
13.0304203,80.2307663,72447,72457,10
13.03061962,80.23075867,72457,72467,10
13.03102016,80.23072052,72467,72478,11
13.03157043,80.23068237,72478,72488,10
13.03184032,80.23065948,72488,72498,10
13.03211021,80.2306366,72498,72508,10
13.03264999,80.23059845,72508,72518,10
13.03324032,80.23056793,72518,72528,10
13.03367996,80.23055267,72528,72538,10
13.0343399,80.23046875,72538,72575,37
13.0343399,80.23046875,72575,72586,11
13.03450966,80.23042297,72586,72607,21
13.03450966,80.23042297,72607,72617,10
13.03470039,80.23040009,72617,72627,10
13.03487968,80.2305069,72627,72637,10
13.03487968,80.23075867,72637,72647,10
13.03483009,80.23130035,72647,72658,11
13.03474045,80.23197174,72658,72667,9
13.03466034,80.23251343,72667,72677,10
13.03458977,80.23307037,72677,72687,10
13.03452015,80.23361969,72687,72697,10
13.03444004,80.23420715,72697,72707,10
13.03435993,80.2348938,72707,72718,11
13.03427029,80.23564148,72718,72728,10
13.03417969,80.23641205,72728,72738,10
13.03413963,80.23706055,72738,72748,10
13.03413963,80.23713684,72748,72758,10
13.03417969,80.23729706,72758,72768,10
13.03441048,80.23769379,72768,72778,10
13.03464985,80.23813629,72778,72788,10
13.03489971,80.23851776,72788,72798,10
13.03493977,80.23857117,72798,72808,10
13.03501034,80.23867035,72808,72818,10
13.03522968,80.23905182,72818,72828,10
13.03565025,80.23941803,72828,72838,10
13.03623009,80.23947906,72838,72849,11
13.03641033,80.23951721,72849,72859,10
13.03693962,80.23959351,72859,72869,10
13.03771019,80.2396698,72869,72879,10
13.03835964,80.23972321,72879,72889,10
13.03884983,80.2397995,72889,72899,10
13.0394001,80.23988342,72899,72909,10
13.03997993,80.23995209,72909,72919,10
13.04024029,80.2399826,72919,72929,10
13.04034042,80.24031067,72929,72939,10
13.04036045,80.2405014,72939,72949,10
13.04074001,80.24060059,72949,72959,10
13.04086018,80.24060822,72959,72970,11
13.0411396,80.24064636,72970,72980,10
13.04164982,80.24072266,72980,72990,10
13.04214954,80.24078369,72990,73000,10
13.04283047,80.24088287,73000,73010,10
13.04354954,80.2409668,73010,73020,10
13.04417038,80.24085999,73020,73030,10
13.04473972,80.24043274,73030,73070,40
13.04473972,80.24043274,73070,73080,10
13.0448103,80.2403183,73080,73091,11
13.04516983,80.24008179,73091,73101,10
13.04545975,80.23990631,73101,73111,10
13.04580021,80.23966217,73111,73121,10
13.04644966,80.23961639,73121,73141,20
13.04644966,80.23961639,73141,73151,10
13.04673958,80.23970032,73151,73161,10
13.04728985,80.23982239,73161,73171,10
13.04788017,80.23995209,73171,73181,10
13.04854012,80.24008179,73181,73191,10
13.04911995,80.2401886,73191,73201,10
13.04971981,80.2403183,73201,73211,10
13.05014038,80.24038696,73211,73222,11
13.05082989,80.24053192,73222,73232,10
13.05119991,80.2406311,73232,73242,10
13.05132008,80.24066925,73242,73252,10
13.05177975,80.24078369,73252,73262,10
13.05230999,80.24095154,73262,73272,10
13.0525198,80.24143982,73272,73282,10
13.05294991,80.24189758,73282,73292,10
13.05397987,80.2423172,73292,73312,20
13.05397987,80.2423172,73312,73322,10
13.05426979,80.24237061,73322,73332,10
13.05484962,80.24237061,73332,73343,11
13.05562019,80.24228668,73343,73353,10
13.05624962,80.2425766,73353,73363,10
13.05673981,80.24266815,73363,73373,10
13.05723,80.24285889,73373,73383,10
13.05762005,80.24284363,73383,73393,10
13.05774021,80.24284363,73393,73403,10
13.05815029,80.2427597,73403,73413,10
13.05869007,80.24263763,73413,73423,10
13.05904961,80.24256897,73423,73433,10
13.05939007,80.24256134,73433,73443,10
13.05986977,80.24272919,73443,73453,10
13.06027985,80.2428894,73453,73464,11
13.06056023,80.24295807,73464,73474,10
13.0608902,80.24308014,73474,73484,10
13.0613699,80.24320984,73484,73494,10
13.06182003,80.2432785,73494,73504,10
13.06212997,80.24333191,73504,73514,10
13.06243038,80.24337769,73514,73524,10
13.06247044,80.24339294,73524,73533,9
13.06274033,80.24344635,73533,73544,11
13.06330013,80.2435379,73544,73554,10
13.06383038,80.24356079,73554,73564,10
13.06443977,80.24359131,73564,73574,10
13.06499958,80.24356842,73574,73584,10
13.06542969,80.24356842,73584,73635,51
13.06554031,80.24356842,73635,73655,20
13.06554031,80.24356842,73655,73665,10
13.06589985,80.24358368,73665,73675,10
13.06630993,80.24344635,73675,73685,10
13.06680012,80.24323273,73685,73695,10
13.06739044,80.24295044,73695,73705,10
13.06803989,80.24272919,73705,73716,11
13.06857967,80.24255371,73716,73726,10
13.06896019,80.24240112,73726,73736,10
13.06937027,80.24223328,73736,73746,10
13.06970024,80.24217987,73746,73756,10
13.06987,80.24214172,73756,73766,10
13.0699501,80.24211121,73766,73776,10
13.07036972,80.24195862,73776,73786,10
13.07098007,80.24179077,73786,73796,10
13.07162952,80.24153137,73796,73806,10
13.0722599,80.24117279,73806,73816,10
13.07285976,80.24086761,73816,73826,10
13.07347012,80.24067688,73826,73837,11
13.07419014,80.2405777,73837,73847,10
13.07491016,80.2405777,73847,73857,10
13.07567024,80.24056244,73857,73867,10
13.0763998,80.24060059,73867,73877,10
13.07676983,80.24062347,73877,73887,10
13.07709026,80.24047852,73887,73897,10
13.07697964,80.23995972,73897,73907,10
13.07680035,80.23925781,73907,73917,10
13.07664013,80.23867798,73917,73927,10
13.07645988,80.23799896,73927,73937,10
13.07635021,80.23747253,73937,73947,10
13.07633972,80.23741913,73947,73958,11
13.07631969,80.2372818,73958,73968,10
13.07621956,80.23680115,73968,73978,10
13.0761404,80.23606873,73978,73988,10
13.07600021,80.2353363,73988,73998,10
13.07579994,80.23449707,73998,74008,10
13.07588959,80.23387909,74008,74018,10
13.07645988,80.23377991,74018,74028,10
13.0770998,80.23365784,74028,74038,10
13.07783985,80.23358154,74038,74048,10
13.07853985,80.23355865,74048,74058,10
13.07909012,80.23355103,74058,74068,10
13.07952976,80.23355103,74068,74078,10
13.0799799,80.23352814,74078,74089,11
13.08014965,80.23352051,74089,74099,10
13.08024979,80.23352814,74099,74109,10
13.08063984,80.2335434,74109,74119,10
13.08119011,80.2335434,74119,74129,10
13.08174992,80.23361969,74129,74139,10
13.08191013,80.23342133,74139,74149,10
13.08197975,80.23288727,74149,74159,10
13.08215046,80.23232269,74159,74175,16
13.08255959,80.23130798,74175,74187,12
13.08279037,80.23075867,74187,74195,8
13.08302975,80.23078156,74195,74207,12
13.08310986,80.23146057,74207,74218,11
13.08316994,80.23226929,74218,74228,10
13.0832901,80.23287201,74228,74238,10
13.08339977,80.23345184,74238,74248,10
13.08358002,80.23387909,74248,74258,10
13.08397961,80.23399353,74258,74278,20
13.08397961,80.23399353,74278,74288,10
13.08446026,80.23410797,74288,74298,10
13.08491993,80.23420715,74298,74308,10
13.08551979,80.23435974,74308,74318,10
13.08603954,80.23448181,74318,74329,11
13.08658981,80.23455811,74329,74339,10
13.08724022,80.23461914,74339,74349,10
13.08786011,80.23432159,74349,74359,10
13.08794022,80.23358917,74359,74369,10
13.08810043,80.23275757,74369,74379,10
13.08829975,80.23200226,74379,74389,10
13.08848953,80.23135376,74389,74399,10
13.08880997,80.23059845,74399,74419,20
13.08880997,80.23059845,74419,74429,10
13.08889008,80.23042297,74429,74439,10
13.0891304,80.22994232,74439,74449,10
13.08955956,80.22930908,74449,74460,11
13.09022045,80.22857666,74460,74470,10
13.09082031,80.2279129,74470,74480,10
13.09125996,80.22740936,74480,74490,10
13.09130001,80.22736359,74490,74500,10
13.09132004,80.2273407,74500,74510,10
13.09160995,80.22707367,74510,74520,10
13.09208965,80.22659302,74520,74530,10
13.09259033,80.22608185,74530,74540,10
13.09304047,80.22560883,74540,74550,10
13.09305,80.2256012,74550,74560,10
13.09329033,80.2253418,74560,74577,17
13.09372044,80.22489929,74577,74589,12
13.09430981,80.22415161,74589,74599,10
13.09482002,80.2233963,74599,74609,10
13.09519958,80.22257996,74609,74619,10
13.09552002,80.22170258,74619,74629,10
13.0958004,80.22088623,74629,74638,9
13.09599972,80.22033691,74638,74649,11
13.09624004,80.21954346,74649,74659,10
13.09628963,80.21938324,74659,74669,10
13.09636021,80.21920013,74669,74679,10
13.09644032,80.21903992,74679,74689,10
13.09654045,80.21875,74689,74700,11
13.09671974,80.21819305,74700,74710,10
13.09691048,80.21762085,74710,74720,10
13.09708023,80.21710205,74720,74730,10
13.09712982,80.21700287,74730,74740,10
13.09727955,80.21663666,74740,74750,10
13.09749985,80.21611786,74750,74760,10
13.09774017,80.21550751,74760,74770,10
13.09799004,80.21494293,74770,74780,10
13.09825993,80.2143631,74780,74810,30
13.09825993,80.2143631,74810,74821,11
13.09838009,80.21405792,74821,74831,10
13.09867001,80.21407318,74831,74841,10
13.09914017,80.21427917,74841,74851,10
13.09969997,80.2144165,74851,74861,10
13.10015965,80.21456909,74861,74901,40
13.10015965,80.21456909,74901,74911,10
13.10050011,80.21472168,74911,74921,10
13.10046005,80.21502686,74921,74931,10
13.10027027,80.21546173,74931,74941,10
13.10007,80.21591949,74941,74952,11
13.09986973,80.21611023,74952,74962,10
13.09990978,80.21575928,74962,74972,10
13.10004997,80.21546173,74972,74982,10
13.10015965,80.21492767,74982,75204,222
13.10015965,80.21492767,75204,75214,10
13.10017967,80.21479034,75214,75224,10
13.10006046,80.21453094,75224,75234,10
13.09976006,80.21446228,75234,75244,10
13.09932041,80.2143631,75244,75254,10
13.0988102,80.21418762,75254,75264,10
13.09838009,80.2142334,75264,75274,10
13.09809017,80.21491241,75274,75284,10
13.09770012,80.21582794,75284,75294,10
13.09737968,80.21665955,75294,75304,10
13.09733963,80.21674347,75304,75314,10
13.09722042,80.21705627,75314,75325,11
13.09694004,80.21784973,75325,75335,10
13.09663963,80.21871948,75335,75344,9
13.09636974,80.21952057,75344,75355,11
13.09597969,80.2206192,75355,75365,10
13.09570026,80.22144318,75365,75375,10
13.09552002,80.22203827,75375,75385,10
13.09519958,80.22284698,75385,75395,10
13.09477997,80.22363281,75395,75405,10
13.09401035,80.22467804,75405,75415,10
13.09344006,80.22537231,75415,75425,10
13.09270954,80.22609711,75425,75435,10
13.09206009,80.22676849,75435,75446,11
13.0913496,80.22749329,75446,75456,10
13.09117031,80.22772217,75456,75466,10
13.09109974,80.22779083,75466,75476,10
13.09072018,80.22817993,75476,75486,10
13.09020042,80.22875977,75486,75496,10
13.08965015,80.22936249,75496,75506,10
13.08918953,80.23005676,75506,75516,10
13.0890398,80.23034668,75516,75526,10
13.08882046,80.23085785,75526,75536,10
13.08878994,80.23092651,75536,75546,10
13.08868027,80.23117828,75546,75556,10
13.08850956,80.23166656,75556,75567,11
13.0882597,80.23253632,75567,75577,10
13.08806038,80.2334137,75577,75587,10
13.08796024,80.23417664,75587,75597,10
13.08747959,80.23459625,75597,75607,10
13.08673954,80.23457336,75607,75617,10
13.08609962,80.23449707,75617,75627,10
13.08592033,80.23448181,75627,75637,10
13.08545971,80.23435974,75637,75647,10
13.08493996,80.23423767,75647,75657,10
13.08446026,80.23410797,75657,75667,10
13.08415985,80.23404694,75667,75677,10
13.08378983,80.23396301,75677,75688,11
13.08360958,80.23394012,75688,75698,10
13.08327007,80.23384857,75698,75708,10
13.08277035,80.23378754,75708,75718,10
13.0823698,80.23370361,75718,75728,10
13.08228016,80.23368073,75728,75738,10
13.08181953,80.23361206,75738,75748,10
13.08113003,80.23355865,75748,75758,10
13.08045006,80.23355865,75758,75768,10
13.07989979,80.23356628,75768,75778,10
13.07946014,80.23355865,75778,75788,10
13.07892036,80.23358154,75788,75798,10
13.07833958,80.2335968,75798,75808,10
13.07765961,80.23365784,75808,75819,11
13.07693005,80.23378754,75819,75829,10
13.07629013,80.23390961,75829,75839,10
13.07588005,80.23419189,75839,75849,10
13.07590008,80.23433685,75849,75858,9
13.07590008,80.23452759,75858,75868,10
13.07602024,80.2350769,75868,75879,11
13.07616997,80.23581696,75879,75889,10
13.07629013,80.23664093,75889,75899,10
13.07645988,80.23735809,75899,75909,10
13.07647991,80.23744202,75909,75919,10
13.07658005,80.23789978,75919,75929,10
13.07670975,80.23860931,75929,75940,11
13.07691956,80.23950195,75940,75950,10
13.07713032,80.24031067,75950,75960,10
13.07730961,80.24105835,75960,75970,10
13.07744026,80.2417984,75970,75980,10
13.07761955,80.24260712,75980,75990,10
13.07773018,80.24349976,75990,76000,10
13.07773018,80.24430847,76000,76010,10
13.07781982,80.24514008,76010,76020,10
13.07791996,80.24604797,76020,76030,10
13.07806015,80.24694061,76030,76040,10
13.07824039,80.24784088,76040,76050,10
13.07839966,80.248703,76050,76061,11
13.07859993,80.24952698,76061,76071,10
13.07865047,80.25032043,76071,76081,10
13.07847023,80.25108337,76081,76091,10
13.07849979,80.25170135,76091,76101,10
13.0781002,80.25179291,76101,76111,10
13.07746029,80.25190735,76111,76121,10
13.07664013,80.25205994,76121,76131,10
13.07575035,80.25219727,76131,76141,10
13.07493973,80.25227356,76141,76151,10
13.07429028,80.25228882,76151,76161,10
13.07394028,80.25234985,76161,76171,10
13.07347965,80.25250244,76171,76181,10
13.07285976,80.25244141,76181,76192,11
13.07238007,80.25234985,76192,76202,10
13.07207012,80.2518692,76202,76212,10
13.07198048,80.25112915,76212,76222,10
13.0717802,80.25041962,76222,76232,10
13.07155991,80.24967957,76232,76242,10
13.07143974,80.24897766,76242,76251,9
13.07129955,80.24832153,76251,76262,11
13.07102013,80.24745941,76262,76272,10
13.07061958,80.24665833,76272,76282,10
13.07019997,80.24578094,76282,76292,10
13.0698204,80.24490356,76292,76302,10
13.06952953,80.24410248,76302,76313,11
13.06925964,80.24344635,76313,76323,10
13.06925011,80.24342346,76323,76333,10
13.06919003,80.2432785,76333,76343,10
13.06916046,80.24311829,76343,76353,10
13.06910992,80.24276733,76353,76363,10
13.06867981,80.2425766,76363,76373,10
13.06801987,80.24278259,76373,76383,10
13.06729984,80.24302673,76383,76393,10
13.06659031,80.24334717,76393,76403,10
13.06608963,80.24375916,76403,76413,10
13.06612015,80.24440765,76413,76423,10
13.06622982,80.24517822,76423,76434,11
13.0665102,80.24598694,76434,76444,10
13.0673399,80.24635315,76444,76454,10
13.06774998,80.24655914,76454,76464,10
13.06779957,80.24662018,76464,76474,10
13.06787968,80.24713898,76474,76484,10
13.06777954,80.24787903,76484,76494,10
13.06707001,80.24794769,76494,76504,10
13.06622028,80.24790192,76504,76514,10
13.06525993,80.24786377,76514,76524,10
13.06427956,80.24775696,76524,76534,10
13.06352043,80.24768829,76534,76544,10
13.06276035,80.24765778,76544,76555,11
13.06186008,80.24765015,76555,76565,10
13.06126976,80.24710846,76565,76575,10
13.06163979,80.24664307,76575,76585,10
13.06184006,80.24601746,76585,76595,10
13.06196022,80.24550629,76595,76605,10
13.06231022,80.24504089,76605,76615,10
13.06282997,80.24468994,76615,76624,9
13.06309032,80.24432373,76624,76635,11
13.06317043,80.24420166,76635,76645,10
13.06336021,80.2437973,76645,76655,10
13.06317997,80.2435379,76655,76665,10
13.06272984,80.24343872,76665,76674,9
13.06233025,80.24336243,76674,76686,12
13.06169033,80.24324799,76686,76696,10
13.0612402,80.24317932,76696,76706,10
13.06068039,80.2430191,76706,76716,10
13.06013012,80.24282074,76716,76726,10
13.05982971,80.2427063,76726,76736,10
13.05949974,80.24260712,76736,76746,10
13.05908966,80.24260712,76746,76756,10
13.05869961,80.24266052,76756,76766,10
13.05844021,80.2427063,76766,76776,10
13.05795956,80.24282074,76776,76786,10
13.05731964,80.24291229,76786,76796,10
13.05683994,80.24288177,76796,76807,11
13.05624962,80.24263,76807,76817,10
13.05570984,80.24237061,76817,76827,10
13.05500984,80.24240112,76827,76837,10
13.0543499,80.24243927,76837,76853,16
13.05368042,80.24230194,76853,76865,12
13.05356979,80.24224091,76865,76875,10
13.05317974,80.24205017,76875,76885,10
13.05261993,80.24183655,76885,76895,10
13.05220985,80.24138641,76895,76905,10
13.05202007,80.24105072,76905,76915,10
13.0518198,80.24082184,76915,76925,10
13.05150032,80.2407608,76925,76936,11
13.05113983,80.24069977,76936,76946,10
13.05097961,80.24066925,76946,76956,10
13.05060005,80.24057007,76956,76966,10
13.05029011,80.2405014,76966,76976,10
13.04977036,80.24038696,76976,76986,10
13.04924011,80.24025726,76986,76996,10
13.04866982,80.24015808,76996,77006,10
13.04808044,80.24004364,77006,77016,10
13.04734039,80.23986816,77016,77026,10
13.04675007,80.23973846,77026,77036,10
13.04650021,80.23970032,77036,77047,11
13.04615974,80.23956299,77047,77057,10
13.04625034,80.23924255,77057,77067,10
13.04636002,80.2386322,77067,77077,10
13.04648018,80.23802948,77077,77087,10
13.04660988,80.23731995,77087,77097,10
13.04675961,80.23661041,77097,77107,10
13.04689026,80.23615265,77107,77117,10
13.04695034,80.23578644,77117,77127,10
13.0469799,80.23560333,77127,77137,10
13.04703999,80.23510742,77137,77147,10
13.04710007,80.23448181,77147,77157,10
13.04718018,80.23390198,77157,77167,10
13.04718018,80.23374176,77167,77178,11
13.04720974,80.2334671,77178,77188,10
13.04726982,80.23322296,77188,77198,10
13.04699993,80.23310089,77198,77208,10
13.04652977,80.23297882,77208,77218,10
13.04584026,80.23285675,77218,77228,10
13.0453701,80.23278046,77228,77248,20
13.0453701,80.23278046,77248,77258,10
13.04491043,80.23265839,77258,77268,10
13.0443697,80.2325592,77268,77278,10
13.04368019,80.23242188,77278,77288,10
13.04300976,80.23236847,77288,77299,11
13.04228973,80.23236847,77299,77309,10
13.04158974,80.23226929,77309,77325,16
13.04034042,80.23188019,77325,77337,12
13.03940964,80.23162842,77337,77345,8
13.03880978,80.23148346,77345,77355,10
13.03800964,80.23123169,77355,77367,12
13.03719997,80.23095703,77367,77377,10
13.03672028,80.23081207,77377,77387,10
13.03639984,80.23068237,77387,77397,10
13.03584003,80.23049164,77397,77407,10
13.03540993,80.2303772,77407,77448,41
13.03540993,80.2303772,77448,77458,10
13.03514957,80.23026276,77458,77468,10
13.03456974,80.23032379,77468,77478,10
13.03405952,80.23042297,77478,77488,10
13.03337955,80.23049927,77488,77508,20
13.03337955,80.23049927,77508,77518,10
13.03312016,80.2305069,77518,77528,10
13.03262043,80.2305603,77528,77538,10
13.03209972,80.23062134,77538,77549,11
13.03139973,80.23069,77549,77559,10
13.03075981,80.23075867,77559,77569,10
13.03022003,80.23079681,77569,77579,10
13.02974033,80.23088074,77579,77589,10
13.02972031,80.23088074,77589,77599,10
13.02960014,80.23090363,77599,77609,10
13.02919006,80.23094177,77609,77619,10
13.02861023,80.23097992,77619,77629,10
13.02793026,80.23105621,77629,77639,10
13.02760983,80.23116302,77639,77649,10
13.02764034,80.23164368,77649,77659,10
13.02772045,80.23222351,77659,77670,11
13.02768993,80.2328186,77670,77680,10
13.02686024,80.23297119,77680,77740,60
13.02686024,80.23297119,77740,77750,10
13.02678013,80.23300171,77750,77760,10
13.02651024,80.23303986,77760,77770,10
13.02626991,80.23278046,77770,77780,10
13.02612972,80.23222351,77780,77791,11
13.02600956,80.2317276,77791,77801,10
13.02587032,80.23117065,77801,77810,9
13.02560043,80.23047638,77810,77821,11
13.02507973,80.22973633,77821,77831,10
13.0247097,80.22928619,77831,77841,10
13.02435017,80.2288208,77841,77851,10
13.02400017,80.22840881,77851,77861,10
13.02398014,80.22837067,77861,77871,10
13.02390003,80.22825623,77871,77881,10
13.02363968,80.22794342,77881,77891,10
13.02330017,80.22762299,77891,77901,10
13.02293968,80.22724152,77901,77911,10
13.0223999,80.22678375,77911,77922,11
13.02175045,80.22624207,77922,77932,10
13.02124977,80.22583008,77932,77942,10
13.02079964,80.22548676,77942,77952,10
13.02050972,80.22528839,77952,77962,10
13.02005005,80.22498322,77962,77972,10
13.0195303,80.22463989,77972,77982,10
13.01877975,80.22454834,77982,77992,10
13.01797009,80.22485352,77992,78002,10
13.01714039,80.22519684,78002,78012,10
13.01648998,80.2254715,78012,78022,10
13.01603985,80.22563171,78022,78032,10
13.01546001,80.22580719,78032,78049,17
13.01428986,80.22631073,78049,78071,22
13.01428986,80.22631073,78071,78081,10
13.01397991,80.22644043,78081,78090,9
13.01352024,80.22663879,78090,78101,11
13.01280022,80.22691345,78101,78111,10
13.01210022,80.22717285,78111,78121,10
13.01121998,80.22753906,78121,78130,9
13.01056957,80.2277832,78130,78141,11
13.00969028,80.22814178,78141,78151,10
13.00911999,80.22859955,78151,78162,11
13.00891018,80.22953033,78162,78172,10
13.0087204,80.2305069,78172,78182,10
13.00856018,80.23143768,78182,78192,10
13.00837994,80.23236847,78192,78202,10
13.00821972,80.23355103,78202,78222,20
13.00821972,80.23355103,78222,78232,10
13.00811958,80.23381042,78232,78242,10
13.00800991,80.23432159,78242,78252,10
13.00788021,80.23503113,78252,78262,10
13.00771999,80.2358017,78262,78272,10
13.00753975,80.23667908,78272,78282,10
13.00737,80.23755646,78282,78293,11
13.00722027,80.23841858,78293,78303,10
13.00708961,80.23905945,78303,78313,10
13.00693989,80.23973846,78313,78323,10
13.00689983,80.24018097,78323,78333,10
13.00691032,80.24019623,78333,78343,10
13.00693989,80.24034119,78343,78353,10
13.0068903,80.24062347,78353,78363,10
13.00683975,80.24075317,78363,78373,10
13.00675011,80.24118805,78373,78383,10
13.00669956,80.24186707,78383,78393,10
13.00669956,80.24256897,78393,78403,10
13.00669003,80.24326324,78403,78414,11
13.00669956,80.24410248,78414,78424,10
13.00667953,80.24495697,78424,78434,10
13.00671005,80.24581146,78434,78444,10
13.00671959,80.24658966,78444,78454,10
13.00673962,80.24739075,78454,78464,10
13.00671959,80.24816132,78464,78474,10
13.00675964,80.24891663,78474,78484,10
13.00683975,80.24936676,78484,78494,10
13.00683975,80.24942017,78494,78504,10
13.00683022,80.24958038,78504,78514,10
13.00681019,80.25002289,78514,78524,10
13.00675964,80.25063324,78524,78535,11
13.00677967,80.25135803,78535,78545,10
13.00664043,80.25205994,78545,78555,10
13.00652981,80.2527771,78555,78565,10
13.00652981,80.25350189,78565,78575,10
13.00652027,80.25428009,78575,78585,10
13.00660038,80.25489807,78585,78625,40
13.00660038,80.25489807,78625,78635,10
13.00656033,80.25537109,78635,78645,10
13.00656986,80.25595856,78645,78656,11
13.00658035,80.25669861,78656,78666,10
13.00667953,80.25739288,78666,78736,70
13.00667953,80.25739288,78736,78746,10
13.00652027,80.25759125,78746,78756,10
13.00599003,80.25752258,78756,78766,10
13.0053997,80.25737762,78766,78776,10
13.00477028,80.25720978,78776,78787,11
13.0040102,80.25704956,78787,78797,10
13.00337982,80.25691986,78797,78807,10
13.00271988,80.25679016,78807,78817,10
13.00203991,80.25666809,78817,78827,10
13.00133991,80.25656891,78827,78837,10
13.00078011,80.25647736,78837,78847,10
12.99983978,80.25634003,78847,78887,40
12.99948025,80.25627899,78887,78928,41
12.99948025,80.25627899,78928,78938,10
12.99919033,80.25624084,78938,78978,40
12.99919033,80.25624084,78978,78988,10
12.9988203,80.25611115,78988,78998,10
12.99855042,80.256073,78998,79008,10
12.99825001,80.25602722,79008,79018,10
12.99790955,80.2559967,79018,79029,11
12.99755955,80.25598907,79029,79049,20
12.99755955,80.25598907,79049,79059,10
12.99744034,80.25596619,79059,79069,10
12.99711037,80.25595856,79069,79079,10
12.99691963,80.25611115,79079,79089,10
12.99687004,80.25653076,79089,79099,10
12.99683952,80.25704193,79099,79109,10
12.99676991,80.2576828,79109,79119,10
12.99670029,80.25829315,79119,79129,10
12.99664021,80.25894165,79129,79139,10
12.99654007,80.25950623,79139,79150,11
12.99647999,80.26016998,79150,79160,10
12.9964304,80.26078796,79160,79170,10
12.99635029,80.26146698,79170,79180,10
12.99629021,80.26197052,79180,79190,10
12.99623966,80.26233673,79190,79200,10
12.99623966,80.26235962,79200,79210,10
12.99619961,80.2625885,79210,79220,10
12.99613953,80.26306915,79220,79230,10
12.99608994,80.26364136,79230,79240,10
12.99602032,80.26426697,79240,79250,10
12.99596024,80.26489258,79250,79260,10
12.99586964,80.26561737,79260,79271,11
12.99578953,80.26644897,79271,79281,10
12.99571991,80.26708221,79281,79291,10
12.99571037,80.26763916,79291,79301,10
12.99602985,80.26767731,79301,79311,10
12.99604034,80.26766968,79311,79321,10
12.99619007,80.2677002,79321,79331,10
12.99654961,80.2677536,79331,79341,10
12.99705982,80.26764679,79341,79351,10
12.99754047,80.26751709,79351,79361,10
12.99806023,80.26737976,79361,79371,10
12.99853992,80.26725006,79371,79381,10
12.99911022,80.26708221,79381,79391,10
12.99971962,80.26687622,79391,79402,11
13.0,80.2666626,79402,79412,10
13.00008965,80.26644897,79412,79422,10
13.00018024,80.26576996,79422,79452,30
13.00018024,80.26576996,79452,79462,10
13.00030994,80.26583862,79462,79472,10
13.0002203,80.26634979,79472,80662,1190
13.0002203,80.26634979,80662,80672,10
13.00030994,80.26660919,80672,80682,10
13.00020981,80.26686096,80682,80692,10
12.99983978,80.26695251,80692,80702,10
12.99932003,80.26709747,80702,80712,10
12.99864006,80.26728058,80712,80722,10
12.9980402,80.2674408,80722,80732,10
12.99757004,80.26757813,80732,80742,10
12.99697018,80.2677536,80742,80752,10
12.99629021,80.26779175,80752,80763,11
12.99559975,80.26748657,80763,80783,20
12.99559975,80.26748657,80783,80793,10
12.9956398,80.26721954,80793,80803,10
12.99571037,80.26669312,80803,80813,10
12.99580002,80.26599121,80813,80823,10
12.99588966,80.26519775,80823,80833,10
12.99596977,80.26442719,80833,80843,10
12.99604034,80.26373291,80843,80853,10
12.99608994,80.26316833,80853,80863,10
12.99615955,80.26267242,80863,80873,10
12.99617004,80.26261139,80873,80884,11
12.99619961,80.26251221,80884,80894,10
12.99625969,80.26200867,80894,80904,10
12.99633026,80.2614212,80904,80914,10
12.99639988,80.26051331,80914,80917,3
12.99639988,80.26051331,80917,80963,46
12.9967804,80.25668335,80963,80973,10
12.99683952,80.25595093,80973,81117,144
12.99683952,80.25595093,81117,81128,11
12.99685955,80.25579834,81128,81137,9
12.99705982,80.25576782,81137,81148,11
12.99754047,80.25578308,81148,81158,10
12.99777985,80.25583649,81158,81168,10
12.99835014,80.25592804,81168,81178,10
12.99876976,80.25598145,81178,81188,10
12.99884987,80.2559967,81188,81198,10
12.99921036,80.25608826,81198,81208,10
12.99981976,80.25618744,81208,81218,10
13.00043011,80.25630951,81218,81228,10
13.0011301,80.25641632,81228,81238,10
13.00185966,80.25655365,81238,81248,10
13.00267982,80.25669861,81248,81259,11
13.0034399,80.25684357,81259,81269,10
13.00415039,80.2569809,81269,81285,16
13.00527954,80.25717926,81285,81297,12
13.00611973,80.25736237,81297,81307,10
13.00646973,80.25730133,81307,81315,8
13.00642967,80.25670624,81315,81326,11
13.00642967,80.25585175,81326,81337,11
13.0064497,80.25514984,81337,81347,10
13.0064497,80.25443268,81347,81357,10
13.00644016,80.25367737,81357,81367,10
13.00642967,80.25318909,81367,81377,10
13.00644016,80.25296783,81377,81388,11
13.00648022,80.25234222,81388,81398,10
13.00660992,80.25167084,81398,81408,10
13.00669956,80.25086975,81408,81418,10
13.00669003,80.24992371,81418,81428,10
13.00666046,80.24891663,81428,81438,10
13.00660038,80.24806213,81438,81448,10
13.00658035,80.24739838,81448,81458,10
13.00658035,80.24681854,81458,81468,10
13.00654984,80.24649048,81468,81478,10
13.00656986,80.24642181,81478,81488,10
13.00658035,80.24598694,81488,81498,10
13.00656986,80.24533081,81498,81509,11
13.00658035,80.24458313,81509,81519,10
13.00658035,80.24385071,81519,81529,10
13.00656033,80.24315643,81529,81539,10
13.00652981,80.24243164,81539,81549,10
13.00650978,80.24191284,81549,81558,9
13.00650978,80.24183655,81558,81568,10
13.00652981,80.24136353,81568,81579,11
13.00662994,80.2407608,81579,81589,10
13.00675011,80.24009705,81589,81598,9
13.00687027,80.23950195,81598,81609,11
13.00701046,80.2386322,81609,81620,11
13.00720024,80.23774719,81620,81630,10
13.00734043,80.23683929,81630,81650,20
13.00734043,80.23683929,81650,81660,10
13.00741959,80.23658752,81660,81670,10
13.00757027,80.23600006,81670,81680,10
13.00774956,80.23518372,81680,81690,10
13.00794029,80.23423767,81690,81700,10
13.0081501,80.23317719,81700,81710,10
13.00835991,80.23206329,81710,81720,10
13.00854969,80.23101044,81720,81730,10
13.00876999,80.22984314,81730,81740,10
13.00903034,80.22859192,81740,81750,10
13.00940037,80.22756195,81750,81761,11
13.00988007,80.22650909,81761,81771,10
13.0103302,80.22557068,81771,81781,10
13.01072979,80.22470856,81781,81791,10
13.01107025,80.22383118,81791,81801,10
13.01130009,80.22325134,81801,81821,20
13.01130009,80.22325134,81821,81831,10
13.01140022,80.22305298,81831,81841,10
13.01161003,80.22257996,81841,81851,10
13.01187992,80.22187805,81851,81861,10
13.01226044,80.22144318,81861,81872,11
13.01272964,80.22206879,81872,81882,10
13.01321983,80.22263336,81882,81892,10
13.01375008,80.22322083,81892,81902,10
13.01422977,80.22383118,81902,81912,10
13.01476002,80.22441864,81912,81922,10
13.01533985,80.22493744,81922,81932,10
13.01550007,80.22503662,81932,81942,10
13.01593971,80.22527313,81942,81952,10
13.01673031,80.22518921,81952,81962,10
13.01762962,80.22483826,81962,81972,10
13.0184803,80.22450256,81972,81982,10
13.01928043,80.22438049,81982,81993,11
13.02007961,80.224823,81993,82003,10
13.02075005,80.22530365,82003,82013,10
13.02143002,80.22580719,82013,82023,10
13.02182961,80.22608185,82023,82033,10
13.02202034,80.22625732,82033,82043,10
13.02254963,80.22673798,82043,82053,10
13.02330971,80.22741699,82053,82063,10
13.02402973,80.2281189,82063,82073,10
13.02455997,80.22881317,82073,82083,10
13.0250597,80.22952271,82083,82093,10
13.02560997,80.23030853,82093,82103,10
13.02597046,80.23111725,82103,82114,11
13.02643967,80.23126984,82114,82124,10
13.02715969,80.23107147,82124,82134,10
13.02803993,80.23091888,82134,82144,10
13.02844048,80.23088074,82144,82154,10
13.0288496,80.23084259,82154,82164,10
13.02939034,80.23078918,82164,82174,10
13.03003025,80.23072815,82174,82184,10
13.03073025,80.23066711,82184,82194,10
13.03145981,80.23062134,82194,82204,10
13.03229046,80.23053741,82204,82214,10
13.03304005,80.23047638,82214,82224,10
13.03376007,80.2304306,82224,82234,10
13.03427029,80.23040009,82234,82245,11
13.03431988,80.2303772,82245,82255,10
13.03444958,80.23033905,82255,82265,10
13.03489971,80.23034668,82265,82281,16
13.03483009,80.23136902,82281,82293,12
13.03472042,80.23222351,82293,82303,10
13.03458977,80.23310089,82303,82313,10
13.03448009,80.23391724,82313,82323,10
13.03439045,80.23471069,82323,82333,10
13.03429031,80.23542023,82333,82343,10
13.03415012,80.23654175,82343,82353,10
13.03421021,80.23725891,82353,82363,10
13.0342598,80.23742676,82363,82374,11
13.03448009,80.23773956,82374,82384,10
13.03483963,80.23829651,82384,82394,10
13.03528023,80.23902893,82394,82404,10
13.03577042,80.23934174,82404,82413,9
13.0365696,80.2394104,82413,82424,11
13.03748989,80.23951721,82424,82434,10
13.03816032,80.23960114,82434,82443,9
13.03886032,80.23967743,82443,82454,11
13.03966999,80.23983002,82454,82464,10
13.04016018,80.23988342,82464,82475,11
13.04034996,80.24009705,82475,82484,9
13.04041958,80.24043274,82484,82495,11
13.04096985,80.2405014,82495,82506,11
13.04164028,80.24059296,82506,82516,10
13.04232025,80.24066925,82516,82526,10
13.04304028,80.24078369,82526,82536,10
13.04368973,80.24085999,82536,82546,10
13.04397011,80.24085999,82546,82556,10
13.04432011,80.24064636,82556,82566,10
13.04487991,80.24027252,82566,82576,10
13.04541969,80.23990631,82576,82586,10
13.04601955,80.23953247,82586,82596,10
13.04664993,80.23960114,82596,82606,10
13.04732037,80.23972321,82606,82617,11
13.04806042,80.23986816,82617,82627,10
13.04883957,80.24004364,82627,82637,10
13.04961014,80.24019623,82637,82647,10
13.05018044,80.2403183,82647,82657,10
13.0508604,80.240448,82657,82667,10
13.05163002,80.24060822,82667,82677,10
13.05222034,80.24078369,82677,82687,10
13.05255985,80.24150085,82687,82697,10
13.05311012,80.24185944,82697,82707,10
13.05373955,80.24211884,82707,82717,10
13.05385017,80.24215698,82717,82727,10
13.05416012,80.24221802,82727,82738,11
13.05490971,80.24223328,82738,82748,10
13.05566978,80.2421875,82748,82758,10
13.0564003,80.24253082,82758,82768,10
13.05681038,80.24256134,82768,82778,10
13.05708027,80.24272156,82778,82788,10
13.05786991,80.24269104,82788,82798,10
13.05854988,80.24253845,82798,82808,10
13.05912018,80.2424469,82808,82818,10
13.05980968,80.24259949,82818,82828,10
13.06058025,80.24288177,82828,82838,10
13.06130981,80.24305725,82838,82848,10
13.06204987,80.24317169,82848,82859,11
13.06293964,80.24334717,82859,82869,10
13.06352043,80.24342346,82869,82879,10
13.06416988,80.24346924,82879,82889,10
13.06495953,80.24349976,82889,82899,10
13.06571007,80.24349213,82899,82909,10
13.06637955,80.2432785,82909,82919,10
13.06704044,80.2430191,82919,82929,10
13.06783009,80.24269867,82929,82939,10
13.06867981,80.24243927,82939,82949,10
13.06941032,80.24215698,82949,82959,10
13.07011986,80.24196625,82959,82969,10
13.07096004,80.24172211,82969,82980,11
13.07180023,80.24134827,82980,82990,10
13.07242012,80.24095917,82990,83000,10
13.07297993,80.24073792,83000,83010,10
13.07363987,80.24056244,83010,83020,10
13.07444954,80.24047852,83020,83030,10
13.07546997,80.24047089,83030,83039,9
13.07658958,80.24054718,83039,83090,51
13.07658958,80.24054718,83090,83100,10
13.07691002,80.24054718,83100,83111,11
13.0770998,80.2403717,83111,83121,10
13.07701015,80.23977661,83121,83131,10
13.07682037,80.23901367,83131,83141,10
13.07660961,80.23819733,83141,83151,10
13.07645035,80.23769379,83151,83161,10
13.07641983,80.23747253,83161,83171,10
13.07633018,80.23692322,83171,83181,10
13.07621002,80.23618317,83181,83191,10
13.0760603,80.23535156,83191,83201,10
13.07586002,80.23452759,83201,83211,10
13.07581997,80.23387146,83211,83242,31
13.07581997,80.23387146,83242,83252,10
13.07598019,80.23375702,83252,83262,10
13.07653999,80.2336731,83262,83272,10
13.07730007,80.23356628,83272,83282,10
13.07798958,80.23352051,83282,83292,10
13.07874012,80.23348236,83292,83302,10
13.07944012,80.23345947,83302,83311,9
13.07995987,80.23343658,83311,83322,11
13.08076,80.23348999,83322,83332,10
13.08143997,80.23349762,83332,83342,10
13.0819397,80.23332214,83342,83353,11
13.08207035,80.23255157,83353,83363,10
13.08234024,80.23174286,83363,83373,10
13.08265972,80.23097229,83373,83383,10
13.0830698,80.23071289,83383,83393,10
13.08314037,80.23139954,83393,83403,10
13.08318996,80.2322998,83403,83413,10
13.08339024,80.23326874,83413,83423,10
13.08362007,80.23384094,83423,83433,10
13.08413982,80.23394012,83433,83443,10
13.08504009,80.23413849,83443,83453,10
13.08590031,80.23435211,83453,83463,10
13.08673954,80.23449707,83463,83474,11
13.08767986,80.23445129,83474,83484,10
13.08792973,80.2337265,83484,83494,10
13.08808994,80.23284149,83494,83504,10
13.08833981,80.23191833,83504,83514,10
13.08858013,80.23113251,83514,83524,10
13.08882046,80.2305603,83524,83534,10
13.08899021,80.23017883,83534,83544,10
13.08936024,80.22953796,83544,83554,10
13.09004974,80.22872162,83554,83564,10
13.0907402,80.2279892,83564,83574,10
13.09129047,80.22737122,83574,83584,10
13.09148979,80.22718048,83584,83594,10
13.09195042,80.22673035,83594,83605,11
13.09259033,80.2260437,83605,83615,10
13.09323025,80.22541809,83615,83625,10
13.09366035,80.22492981,83625,83635,10
13.09418964,80.22425842,83635,83645,10
13.09484005,80.22335052,83645,83655,10
13.09527969,80.22235107,83655,83665,10
13.09562969,80.22135925,83665,83681,16
13.09617996,80.21981812,83681,83693,12
13.09638023,80.21926117,83693,83701,8
13.09646034,80.21907806,83701,83723,22
13.09646034,80.21907806,83723,83734,11
13.09657955,80.21871948,83734,83744,10
13.0967598,80.21813965,83744,83754,10
13.09700966,80.21737671,83754,83764,10
13.09716034,80.21697998,83764,83774,10
13.09735966,80.21646118,83774,83784,10
13.09759045,80.21587372,83784,83794,10
13.09786987,80.21520233,83794,83804,10
13.09815979,80.21453094,83804,83814,10
13.09848022,80.21396637,83814,83824,10
13.09891033,80.21412659,83824,83834,10
13.09937954,80.21424103,83834,83844,10
13.09992027,80.21440125,83844,83855,11
13.10021019,80.21459198,83855,83865,10
13.1001997,80.21498871,83865,83875,10
13.10004997,80.21537781,83875,83885,10
13.09990978,80.21576691,83885,83895,10
13.09988976,80.21614838,83895,83905,10
13.09974957,80.21656036,83905,83915,10
13.09955025,80.21717834,83915,83925,10
13.09941006,80.2179184,83925,83935,10
13.09928036,80.21871948,83935,83945,10
13.09920979,80.21923065,83945,83955,10
13.09914017,80.21971893,83955,83965,10
13.09904003,80.22025299,83965,83976,11
13.0988903,80.22103119,83976,83986,10
13.09875965,80.2218399,83986,83996,10
13.09873009,80.22267151,83996,84006,10
13.09908962,80.22338104,84006,84016,10
13.09953022,80.22399902,84016,84026,10
13.09976006,80.22476959,84026,84036,10
13.09990025,80.22553253,84036,84046,10
13.09998035,80.2261734,84046,84056,10
13.10002041,80.2268219,84056,84066,10
13.10002995,80.22727203,84066,84076,10
13.10002041,80.22772217,84076,84086,10
13.09996033,80.22830963,84086,84097,11
13.09986973,80.22888184,84097,84107,10
13.09976959,80.22949219,84107,84117,10
13.09959984,80.23014832,84117,84127,10
13.09947968,80.23058319,84127,84137,10
13.09924984,80.23114777,84137,84147,10
13.09897995,80.23178101,84147,84157,10
13.09879971,80.23236084,84157,84167,10
13.09864044,80.23313141,84167,84176,9
13.09856033,80.23375702,84176,84186,10
13.09848976,80.23444366,84186,84197,11
13.09840012,80.23519135,84197,84207,10
13.09829044,80.23577881,84207,84218,11
13.09817028,80.2365036,84218,84228,10
13.09807968,80.23719025,84228,84237,9
13.09794998,80.23784637,84237,84248,11
13.09782028,80.23856354,84248,84258,10
13.09774017,80.23930359,84258,84268,10
13.09768963,80.2399826,84268,84278,10
13.09762955,80.24067688,84278,84288,10
13.09757042,80.24131775,84288,84298,10
13.09745979,80.24186707,84298,84308,10
13.09759998,80.24211884,84308,84318,10
13.09786987,80.2421875,84318,84328,10
13.09831047,80.24226379,84328,84338,10
13.09866047,80.24217987,84338,84349,11
13.09873962,80.2419281,84349,84359,10
13.09877968,80.24163055,84359,84369,10
13.09899998,80.2412796,84369,84439,70
13.09899998,80.2412796,84439,84449,10
13.09910011,80.24118042,84449,84459,10
13.09899044,80.24092102,84459,84470,11
13.09899998,80.24066925,84470,84480,10
13.09897041,80.24050903,84480,84490,10
13.09885025,80.240242,84490,84500,10
13.09906006,80.24030304,84500,84540,40
13.09906006,80.24030304,84540,84550,10
13.09904003,80.24043274,84550,84735,185
13.09904003,80.24043274,84735,84745,10
13.09904003,80.24079895,84745,84896,151
13.09904003,80.24079895,84896,84906,10
13.09922028,80.24078369,84906,85168,262
13.09922028,80.24078369,85168,85178,10
13.09926033,80.24062347,85178,85390,212
13.09926033,80.24062347,85390,85400,10
13.09922028,80.24051666,85400,85683,283
13.09922028,80.24051666,85683,85693,10
13.09922028,80.24025726,85693,85703,10
13.09902,80.2403717,85703,85713,10
13.09899998,80.24056244,85713,85723,10
13.09918022,80.24066925,85723,85914,191
13.09918022,80.24066925,85914,85924,10
13.09916973,80.24079895,85924,85934,10
13.09901047,80.24079895,85934,85945,11
13.09897995,80.24063873,85945,85955,10
13.09897041,80.24040222,85955,85965,10
13.09885025,80.24012756,85965,85975,10
13.09862041,80.24021149,85975,85985,10
13.09864044,80.24056244,85985,85995,10
13.09864044,80.24092865,85995,86005,10
