12.99773026,80.25657654,12,1737,1725
12.99765968,80.25669861,1737,1789,52
12.99765968,80.25665283,1789,3898,2109
12.99775982,80.25701141,3898,5291,1393
12.99773026,80.25700378,5291,5745,454
12.99773026,80.25711823,5745,9014,3269
12.99773026,80.25711823,9014,9024,10
12.99783039,80.25701904,9024,9165,141
12.99783039,80.25701904,9165,9175,10
12.99777031,80.25701141,9175,9488,313
12.99777031,80.25701141,9488,9498,10
12.9978199,80.25717926,9498,10013,515
12.99773026,80.25723267,10013,10235,222
12.99773026,80.25723267,10235,10245,10
12.99773026,80.25707245,10245,12485,2240
12.99769974,80.2571106,12485,14059,1574
12.99781036,80.25689697,14059,16755,2696
12.99773026,80.25715637,16755,17260,505
12.99785995,80.25708008,17260,17552,292
12.99785995,80.25708008,17552,17562,10
12.99773979,80.25702667,17562,18652,1090
12.99773979,80.25702667,18652,18662,10
12.99759007,80.25711823,18662,18672,10
12.99726009,80.25707245,18672,18703,31
12.99717999,80.25698853,18703,20438,1735
12.99717999,80.25698853,20438,20448,10
12.99761009,80.25701904,20448,20458,10
12.99775028,80.25685883,20458,20469,11
12.99769974,80.25650787,20469,20559,90
12.99767971,80.25631714,20559,20822,263
12.99767971,80.25631714,20822,20832,10
12.99769974,80.25596619,20832,20842,10
12.99755001,80.25592041,20842,20852,10
12.99726009,80.25592041,20852,20862,10
12.99699974,80.2559967,20862,20872,10
12.99693012,80.25630951,20872,20882,10
12.99687958,80.25670624,20882,20892,10
12.99683952,80.25715637,20892,20902,10
12.9967804,80.25772858,20902,20913,11
12.99670029,80.25839233,20913,20923,10
12.99662018,80.2589798,20923,20933,10
12.99654961,80.25958252,20933,20943,10
12.99647999,80.26026154,20943,20953,10
12.9964304,80.26093292,20953,20963,10
12.99633026,80.26167297,20963,20973,10
12.99627972,80.26213837,20973,20983,10
12.99621964,80.26244354,20983,20993,10
12.99617958,80.26281738,20993,21003,10
12.99612045,80.26331329,21003,21013,10
12.99604034,80.26402283,21013,21024,11
12.99596024,80.26481628,21024,21034,10
12.99586964,80.26570129,21034,21044,10
12.99575043,80.26680756,21044,21054,10
12.99567032,80.26753998,21054,21064,10
12.99592972,80.26767731,21064,21074,10
12.99647999,80.26776886,21074,21090,16
12.99765015,80.26750946,21090,21102,12
12.9987402,80.26718903,21102,21112,10
12.99960995,80.266922,21112,21122,10
13.00010967,80.26651001,21122,21131,9
13.00018024,80.26605988,21131,21143,12
13.00028992,80.26567841,21143,21152,9
13.00039005,80.26583099,21152,21164,12
13.00030041,80.26628876,21164,21688,524
13.00030041,80.26628876,21688,21699,11
13.00037956,80.26670074,21699,21709,10
13.00022984,80.26686096,21709,21719,10
12.9998703,80.26696014,21719,21729,10
12.99927998,80.26712036,21729,21739,10
12.99860001,80.2673111,21739,21749,10
12.9979496,80.26750183,21749,21759,10
12.99730015,80.26767731,21759,21769,10
12.99662971,80.26779938,21769,21779,10
12.99600029,80.26776123,21779,21789,10
12.99567986,80.2675705,21789,21799,10
12.99567032,80.26741028,21799,21810,11
12.99567986,80.26721954,21810,21820,10
12.99571991,80.26686859,21820,21830,10
12.99580956,80.26622772,21830,21840,10
12.99586964,80.26551819,21840,21850,10
12.99596977,80.26480865,21850,21860,10
12.99604034,80.26409912,21860,21870,10
12.99612045,80.26341248,21870,21880,10
12.99615955,80.26286316,21880,21890,10
12.99617958,80.26264191,21890,21900,10
12.99619007,80.26251221,21900,21910,10
12.99625015,80.26219177,21910,21921,11
12.99629021,80.2620163,21921,21931,10
12.99635983,80.26161957,21931,21941,10
12.99639988,80.26091766,21941,21951,10
12.99647999,80.26022339,21951,21961,10
12.99652958,80.25962067,21961,21971,10
12.99656963,80.25901031,21971,21981,10
12.99664021,80.2583313,21981,21991,10
12.99672031,80.25756073,21991,22001,10
12.99680042,80.25679016,22001,22011,10
12.99685955,80.25627899,22011,22021,10
12.99689007,80.2559967,22021,22032,11
12.99707031,80.25588226,22032,22042,10
12.99748993,80.25589752,22042,22052,10
12.99798012,80.25592804,22052,22062,10
12.99847984,80.25598145,22062,22072,10
12.99888039,80.25601196,22072,22092,20
12.99888039,80.25601196,22092,22102,10
12.99903011,80.25604248,22102,22112,10
12.99932003,80.25610352,22112,22122,10
12.99983978,80.25621033,22122,22132,10
13.00041962,80.25634766,22132,22143,11
13.00117016,80.25646973,22143,22153,10
13.00185966,80.25657654,22153,22163,10
13.00263977,80.25670624,22163,22179,16
13.00386047,80.25692749,22179,22191,12
13.00489998,80.25714111,22191,22201,10
13.00586033,80.25733948,22201,22211,10
13.0064497,80.2574234,22211,22221,10
13.0065403,80.25708771,22221,22231,10
13.00648975,80.25657654,22231,22240,9
13.00648022,80.25579834,22240,22251,11
13.00650978,80.25492096,22251,22262,11
13.00648975,80.25395203,22262,22272,10
13.00648975,80.25324249,22272,22281,9
13.00650978,80.25270081,22281,22293,12
13.00662041,80.25202179,22293,22302,9
13.00671959,80.25150299,22302,22313,11
13.00677013,80.25080109,22313,22323,10
13.00675011,80.24987793,22323,22333,10
13.00671005,80.24893951,22333,22343,10
13.00662994,80.24797058,22343,22353,10
13.00664043,80.24719238,22353,22364,11
13.00658035,80.24665833,22364,22374,10
13.00658989,80.24652863,22374,22384,10
13.00664043,80.24638367,22384,22394,10
13.00664043,80.24594879,22394,22404,10
13.00662994,80.2452774,22404,22414,10
13.00664043,80.24453735,22414,22424,10
13.00660992,80.24375916,22424,22434,10
13.00658989,80.24305725,22434,22444,10
13.00654984,80.24224091,22444,22454,10
13.00658035,80.24118805,22454,22464,10
13.00679016,80.2401886,22464,22475,11
13.00699997,80.23899841,22475,22484,9
13.00720024,80.23802948,22484,22495,11
13.00745964,80.23661041,22495,22515,20
13.00745964,80.23661041,22515,22525,10
13.00755978,80.2363205,22525,22535,10
13.00765991,80.23577881,22535,22545,10
13.00782013,80.23506927,22545,22555,10
13.00796986,80.23419189,22555,22565,10
13.00817966,80.23316193,22565,22575,10
13.0083704,80.23214722,22575,22586,11
13.00862026,80.23100281,22586,22596,10
13.00881958,80.22992706,22596,22606,10
13.00901985,80.22885895,22606,22616,10
13.00926018,80.22795868,22616,22626,10
13.00971031,80.22693634,22626,22636,10
13.0101099,80.22606659,22636,22646,10
13.01051998,80.22528076,22646,22656,10
13.01084042,80.22458649,22656,22666,10
13.01117992,80.22382355,22666,22676,10
13.01134014,80.2233429,22676,22686,10
13.01158047,80.22276306,22686,22697,11
13.01189995,80.22196198,22697,22707,10
13.01220989,80.22144318,22707,22716,9
13.01235962,80.22148132,22716,22727,11
13.01255989,80.22196198,22727,22737,10
13.01303005,80.22244263,22737,22747,10
13.01366997,80.2230835,22747,22757,10
13.01436043,80.22390747,22757,22767,10
13.01502037,80.22466278,22767,22777,10
13.01539993,80.22492218,22777,22808,31
13.01539993,80.22492218,22808,22818,10
13.01554966,80.2250824,22818,22828,10
13.01587963,80.22531128,22828,22838,10
13.01648045,80.22531128,22838,22848,10
13.01721001,80.22503662,22848,22858,10
13.01801968,80.22471619,22858,22868,10
13.01881027,80.22440338,22868,22878,10
13.01922989,80.22425842,22878,22887,9
13.01924038,80.22425842,22887,22897,10
13.01930046,80.22431183,22897,22908,11
13.01957989,80.22441864,22908,22919,11
13.02003956,80.22473145,22919,22929,10
13.02062035,80.22514343,22929,22939,10
13.02114964,80.22559357,22939,22949,10
13.0218401,80.22608185,22949,22959,10
13.02256966,80.22667694,22959,22969,10
13.02322006,80.22730255,22969,22979,10
13.0237999,80.22783661,22979,22989,10
13.02423,80.22827911,22989,22999,10
13.02427959,80.22836304,22999,23009,10
13.02447987,80.22866058,23009,23019,10
13.0248003,80.22913361,23019,23030,11
13.02527046,80.22969818,23030,23039,9
13.0255003,80.2299881,23039,23050,11
13.02577972,80.23047638,23050,23060,10
13.02598,80.23105621,23060,23070,10
13.02614975,80.23132324,23070,23080,10
13.02672005,80.23117828,23080,23090,10
13.02740002,80.23104095,23090,23100,10
13.02805996,80.23097229,23100,23110,10
13.02849007,80.23090363,23110,23120,10
13.02855968,80.23090363,23120,23130,10
13.02902985,80.23084259,23130,23141,11
13.02954006,80.23078918,23141,23151,10
13.03011036,80.23075104,23151,23161,10
13.03059959,80.23071289,23161,23171,10
13.03069973,80.23056793,23171,23181,10
13.03065968,80.23032379,23181,23191,10
13.03052044,80.22988129,23191,23201,10
13.03030968,80.22936249,23201,23211,10
13.03038025,80.22834015,23211,23231,20
13.03038025,80.22834015,23231,23241,10
13.03040028,80.22807312,23241,23252,11
13.0304203,80.22763824,23252,23262,10
13.03013992,80.22746277,23262,23272,10
13.02952957,80.2273407,23272,23282,10
13.0289402,80.22724152,23282,23312,30
13.0289402,80.22724152,23312,23322,10
13.0284996,80.22715759,23322,23332,10
13.02803993,80.22705841,23332,23342,10
13.02787971,80.22691345,23342,23352,10
13.02795982,80.22646332,23352,23363,11
13.02810001,80.22572327,23363,23373,10
13.02826977,80.22498322,23373,23383,10
13.02842999,80.22427368,23383,23393,10
13.02871037,80.22399902,23393,23403,10
13.02877998,80.22400665,23403,23413,10
13.02906036,80.22422028,23413,23423,10
13.0295496,80.22428131,23423,23433,10
13.0301199,80.22428894,23433,23443,10
13.03098965,80.22428894,23443,23453,10
13.0311203,80.22396851,23453,23463,10
13.03118038,80.22338104,23463,23474,11
13.03120041,80.22324371,23474,23484,10
13.03127956,80.22293091,23484,23494,10
13.03149033,80.22248077,23494,23504,10
13.03166008,80.22203827,23504,23514,10
13.03194046,80.22149658,23514,23524,10
13.03211021,80.2207489,23524,23534,10
13.03215981,80.22001648,23534,23544,10
13.03217983,80.21980286,23544,23554,10
13.03223038,80.21971893,23554,23564,10
13.03221989,80.21930695,23564,23574,10
13.03221035,80.21871948,23574,23585,11
13.03178024,80.21845245,23585,23595,10
13.03147984,80.21800232,23595,23605,10
13.03145981,80.2173996,23605,23615,10
13.03141022,80.21711731,23615,23625,10
13.03122044,80.21698761,23625,23635,10
13.03077984,80.21695709,23635,23645,10
13.03050041,80.21674347,23645,23655,10
13.03046036,80.21627808,23655,23665,10
13.03040028,80.21559143,23665,23675,10
13.03038025,80.21492004,23675,23685,10
13.03036022,80.21463776,23685,23696,11
13.03038979,80.21440125,23696,23706,10
13.03044033,80.21398163,23706,23716,10
13.03048038,80.21366882,23716,23725,9
13.03052044,80.21340179,23725,23736,11
13.03059959,80.212883,23736,23746,10
13.03065968,80.21251678,23746,23756,10
13.03071976,80.21206665,23756,23766,10
13.03079033,80.21167755,23766,23776,10
13.03083038,80.21138,23776,23786,10
13.03089046,80.21101379,23786,23796,10
13.03096008,80.21056366,23796,23806,10
13.03096962,80.21019745,23806,23817,11
13.03085041,80.21003723,23817,23827,10
13.03046036,80.20990753,23827,23837,10
13.03001976,80.20973206,23837,23847,10
13.03013992,80.20919037,23847,23887,40
13.03013992,80.20919037,23887,23897,10
13.0302,80.20909882,23897,23907,10
13.03055954,80.20909119,23907,23917,10
13.03122044,80.2092514,23917,23927,10
13.0316,80.20937347,23927,23938,11
13.03168011,80.20941925,23938,23948,10
13.03213978,80.20954132,23948,23958,10
13.03281975,80.2096405,23958,23968,10
13.03361034,80.20980072,23968,23978,10
13.03439999,80.20993805,23978,23988,10
13.03505039,80.20989227,23988,23998,10
13.03518009,80.20932007,23998,24008,10
13.03524017,80.20874786,24008,24018,10
13.03524971,80.2086792,24018,24028,10
13.03530979,80.20835876,24028,24039,11
13.03540993,80.20767975,24039,24049,10
13.03555012,80.20684814,24049,24059,10
13.03567028,80.20606232,24059,24069,10
13.03577995,80.20535278,24069,24079,10
13.03582001,80.20513916,24079,24089,10
13.03586006,80.20468903,24089,24099,10
13.03586006,80.20458221,24099,24109,10
13.03588963,80.20439911,24109,24119,10
13.0359602,80.20394135,24119,24129,10
13.03602982,80.20330048,24129,24139,10
13.03619003,80.2025528,24139,24150,11
13.03627968,80.20163727,24150,24160,10
13.0363102,80.20147705,24160,24170,10
13.03635025,80.20113373,24170,24180,10
13.03645992,80.2004776,24180,24190,10
13.03660011,80.19957733,24190,24200,10
13.0367403,80.19864655,24200,24210,10
13.03680038,80.19841003,24210,24220,10
13.03684998,80.19809723,24220,24230,10
13.03693962,80.1975174,24230,24240,10
13.03705978,80.19680786,24240,24250,10
13.03709984,80.19628906,24250,24261,11
13.03711033,80.19618988,24261,24271,10
13.03715992,80.19582367,24271,24280,9
13.03724957,80.19535828,24280,24291,11
13.03736019,80.19458008,24291,24301,10
13.03748035,80.19376373,24301,24311,10
13.03757954,80.19312286,24311,24321,10
13.03757954,80.19306946,24321,24331,10
13.03773975,80.19281006,24331,24341,10
13.03804016,80.19275665,24341,24351,10
13.0385704,80.19281769,24351,24361,10
13.03880024,80.19286346,24361,24372,11
13.03899956,80.19290161,24372,24382,10
13.03938007,80.19296265,24382,24392,10
13.03995037,80.19306946,24392,24402,10
13.04039001,80.19316101,24402,24412,10
13.04102993,80.19329071,24412,24422,10
13.04160023,80.19335938,24422,24432,10
13.04176044,80.19377899,24432,24442,10
13.04172039,80.19447327,24442,24452,10
13.04162025,80.19523621,24452,24462,10
13.04150963,80.19602966,24462,24472,10
13.04139042,80.19667816,24472,24482,10
13.04137993,80.19685364,24482,24493,11
13.04135036,80.19728088,24493,24503,10
13.04123974,80.19789124,24503,24513,10
13.04117012,80.19853973,24513,24523,10
13.04102993,80.1993103,24523,24533,10
13.04090023,80.19996643,24533,24543,10
13.0407896,80.20085907,24543,24553,10
13.04069996,80.20175934,24553,24563,10
13.04065037,80.2020874,24563,24573,10
13.04055977,80.20256805,24573,24583,10
13.04047012,80.20326996,24583,24594,11
13.04034042,80.20417023,24594,24604,10
13.0402298,80.20482635,24604,24614,10
13.04039001,80.20501709,24614,24624,10
13.04082012,80.20509338,24624,24634,10
13.04117012,80.20516205,24634,24644,10
13.04125977,80.2052002,24644,24654,10
13.04168987,80.2052536,24654,24664,10
13.04234028,80.20535278,24664,24674,10
13.0427599,80.20567322,24674,24684,10
13.04316044,80.20626831,24684,24694,10
13.04364967,80.20697021,24694,24711,17
13.04415989,80.20836639,24711,24723,12
13.04421997,80.2091217,24723,24732,9
13.04421043,80.20929718,24732,24743,11
13.04424,80.20974731,24743,24753,10
13.04426956,80.21038055,24753,24762,9
13.04428005,80.21122742,24762,24774,12
13.04430962,80.21208954,24774,24784,10
13.04432011,80.21217346,24784,24793,9
13.04456043,80.21218872,24793,24804,11
13.04514027,80.21218109,24804,24815,11
13.04598999,80.21218109,24815,24825,10
13.04693985,80.21212006,24825,24855,30
13.04693985,80.21212006,24855,24865,10
13.04710007,80.21198273,24865,24875,10
13.04710007,80.21177673,24875,24885,10
13.04710007,80.21169281,24885,24895,10
13.04712009,80.21131134,24895,24905,10
13.04708004,80.21085358,24905,24915,10
13.04740047,80.21073914,24915,24926,11
13.04804993,80.21077728,24926,24936,10
13.04858971,80.21076965,24936,24946,10
13.04926968,80.21080017,24946,24956,10
13.04961967,80.2106781,24956,24966,10
13.04961967,80.21012878,24966,24976,10
13.04951954,80.20937347,24976,24986,10
13.04946041,80.20857239,24986,24996,10
13.04922962,80.20783997,24996,25005,9
13.04903984,80.20733643,25005,25016,11
13.04895973,80.20722961,25016,25026,10
13.04889011,80.20709229,25026,25036,10
13.04889011,80.20687103,25036,25047,11
13.04924011,80.20687866,25047,25188,141
13.04924011,80.2069931,25188,25431,243
13.04932022,80.20700073,25431,26299,868
13.04932022,80.2073822,26299,26359,60
13.04932022,80.2073822,26359,26369,10
13.04905987,80.2075119,26369,26380,11
13.04918003,80.20783997,26380,26390,10
13.0492897,80.20834351,26390,26400,10
13.04944038,80.20896912,26400,26410,10
13.04957962,80.20967865,26410,26420,10
13.04967976,80.21038055,26420,26430,10
13.04979038,80.21115112,26430,26440,10
13.04990005,80.21193695,26440,26450,10
13.04944038,80.2121582,26450,26470,20
13.04944038,80.2121582,26470,26480,10
13.0490799,80.2121582,26480,26491,11
13.04852009,80.21218872,26491,26501,10
13.04792023,80.21222687,26501,26511,10
13.04716969,80.21225739,26511,26521,10
13.04634953,80.21228027,26521,26531,10
13.04553986,80.2122879,26531,26541,10
13.04483986,80.21231842,26541,26591,50
13.04483986,80.21231842,26591,26601,10
13.0447197,80.21233368,26601,26612,11
13.04428959,80.2121582,26612,26622,10
13.04426003,80.21150208,26622,26632,10
13.04423046,80.21061707,26632,26642,10
13.04417038,80.20970154,26642,26652,10
13.04413986,80.20887756,26652,26672,20
13.04413986,80.20887756,26672,26682,10
13.04413033,80.20848846,26682,26692,10
13.04409027,80.20793915,26692,26702,10
13.04382038,80.20726776,26702,26712,10
13.04329967,80.2065506,26712,26723,11
13.04277039,80.20580292,26723,26733,10
13.04214001,80.20535278,26733,26743,10
13.04158974,80.2052002,26743,26753,10
13.04127979,80.20516205,26753,26763,10
13.0408802,80.20510101,26763,26773,10
13.04076004,80.20509338,26773,26783,10
13.04063988,80.2050705,26783,26793,10
13.04028988,80.20503998,26793,26803,10
13.03985977,80.20498657,26803,26813,10
13.03931046,80.20491791,26813,26823,10
13.03868008,80.20484161,26823,26833,10
13.03820992,80.20472717,26833,26844,11
13.03820992,80.20430756,26844,26854,10
13.03827,80.2038269,26854,26862,8
13.03833961,80.20324707,26862,26874,12
13.03845978,80.20243835,26874,26884,10
13.03853989,80.20194244,26884,26894,10
13.03859997,80.20153046,26894,26904,10
13.03868008,80.20101166,26904,26914,10
13.03878021,80.20043945,26914,26924,10
13.03886032,80.19976044,26924,26934,10
13.03894043,80.19921875,26934,26944,10
13.03892994,80.19918823,26944,26954,10
13.03896046,80.19901276,26954,26968,14
13.03905964,80.19831848,26968,26978,10
13.0391798,80.19764709,26978,26988,10
13.03927994,80.19687653,26988,27008,20
13.03927994,80.19687653,27008,27018,10
13.03934002,80.19657898,27018,27028,10
13.0394001,80.19628143,27028,27038,10
13.03948021,80.19573975,27038,27048,10
13.03958035,80.19500732,27048,27058,10
13.03962994,80.19426727,27058,27068,10
13.03971958,80.19361115,27068,27079,11
13.03977966,80.19322968,27079,27089,10
13.03981018,80.19313049,27089,27099,10
13.03964043,80.19300079,27099,27109,10
13.03919029,80.19293976,27109,27119,10
13.03872967,80.19286346,27119,27139,20
13.03872967,80.19286346,27139,27149,10
13.03845978,80.19281769,27149,27159,10
13.03812027,80.19278717,27159,27169,10
13.03783989,80.19284058,27169,27179,10
13.03763962,80.19329071,27179,27189,10
13.03752995,80.19400024,27189,27201,12
13.03738022,80.19509888,27201,27211,10
13.03724003,80.19603729,27211,27231,20
13.03724003,80.19603729,27231,27241,10
13.03717995,80.19622803,27241,27251,10
13.03711033,80.19656372,27251,27261,10
13.0369997,80.19721222,27261,27271,10
13.03691006,80.19783783,27271,27282,11
13.03682041,80.19841003,27282,27294,12
13.03680038,80.19856262,27294,27304,10
13.03674984,80.19879913,27304,27315,11
13.03668022,80.19937897,27315,27325,10
13.03658009,80.20008087,27325,27335,10
13.03647041,80.2008667,27335,27345,10
13.03637028,80.20172119,27345,27365,20
13.03637028,80.20172119,27365,27375,10
13.03631973,80.20207977,27375,27385,10
13.03619957,80.20256042,27385,27395,10
13.03612041,80.20333099,27395,27405,10
13.03604984,80.20401764,27405,27415,10
13.03598022,80.20458221,27415,27426,11
13.0358696,80.20533752,27426,27436,10
13.03579998,80.20583344,27436,27446,10
13.03579998,80.20584869,27446,27456,10
13.03571987,80.20632935,27456,27466,10
13.03565025,80.20694733,27466,27476,10
13.03553963,80.2077713,27476,27486,10
13.03547955,80.20831299,27486,27496,10
13.03544998,80.20841217,27496,27506,10
13.03540993,80.20851135,27506,27516,10
13.03536987,80.2088623,27516,27527,11
13.03528023,80.20944214,27527,27537,10
13.03520966,80.20993805,27537,27548,11
13.03511047,80.21038055,27548,27558,10
13.03497982,80.21066284,27558,27568,10
13.03489971,80.21121979,27568,27578,10
13.03481007,80.2118988,27578,27588,10
13.03435993,80.21208191,27588,27598,10
13.03374004,80.21198273,27598,27608,10
13.03254032,80.2118988,27608,27631,23
13.03254032,80.2118988,27631,27641,10
13.03240967,80.21186066,27641,27651,10
13.03203011,80.21177673,27651,27662,11
13.03190994,80.21134949,27662,27672,10
13.03197956,80.21076202,27672,27682,10
13.03205013,80.21006775,27682,27692,10
13.03199005,80.20967865,27692,27702,10
13.03155994,80.20954895,27702,27712,10
13.03094959,80.20937347,27712,27722,10
13.03034019,80.20922089,27722,27732,10
13.03009987,80.20944977,27732,27752,20
13.03009987,80.20944977,27752,27762,10
13.02999973,80.20966339,27762,27772,10
13.0301199,80.20977783,27772,27783,11
13.03057003,80.20992279,27783,27793,10
13.03094006,80.21002197,27793,27803,10
13.03098965,80.21024323,27803,27813,10
13.03092957,80.21073914,27813,27823,10
13.03089046,80.21105957,27823,27833,10
13.03083992,80.21144867,27833,27843,10
13.03077984,80.21179962,27843,27853,10
13.03071022,80.21225739,27853,27863,10
13.03061962,80.212883,27863,27873,10
13.03052998,80.21346283,27873,27884,11
13.03048992,80.21381378,27884,27894,10
13.03040028,80.21430206,27894,27904,10
13.03036976,80.21470642,27904,27914,10
13.03036976,80.21472168,27914,27924,10
13.03036022,80.21498871,27924,27934,10
13.03034973,80.21552277,27934,27944,10
13.03036976,80.21600342,27944,27954,10
13.0303297,80.21665192,27954,27964,10
13.03061008,80.21691895,27964,27974,10
13.03081036,80.21692657,27974,27984,10
13.03118992,80.21695709,27984,27995,11
13.03145981,80.21713257,27995,28005,10
13.03153992,80.21765137,28005,28014,9
13.03162003,80.21826172,28014,28025,11
13.03205967,80.21839142,28025,28035,10
13.03225994,80.21871948,28035,28045,10
13.03225994,80.21923065,28045,28055,10
13.03225994,80.21981812,28055,28065,10
13.03227997,80.2203598,28065,28075,10
13.03227997,80.22039795,28075,28085,10
13.0321703,80.2207489,28085,28096,11
13.03203011,80.22142029,28096,28105,9
13.03178024,80.22196198,28105,28116,11
13.03143024,80.22263336,28116,28126,10
13.03122997,80.22329712,28126,28136,10
13.03118038,80.22384644,28136,28146,10
13.03116989,80.22400665,28146,28156,10
13.03116035,80.22424316,28156,28166,10
13.03083038,80.22431946,28166,28176,10
13.03026962,80.22429657,28176,28186,10
13.02958012,80.22428131,28186,28197,11
13.0290699,80.22422791,28197,28207,10
13.02896023,80.22415924,28207,28217,10
13.02869987,80.22408295,28217,28227,10
13.02845955,80.22438049,28227,28234,7
13.02834988,80.22489929,28234,28247,13
13.02820969,80.22557068,28247,28257,10
13.02814007,80.22595215,28257,28267,10
13.02805996,80.22640991,28267,28277,10
13.02797031,80.22688293,28277,28287,10
13.02814007,80.22705078,28287,28297,10
13.02863979,80.22714233,28297,28307,10
13.02927017,80.22724152,28307,28318,11
13.03001022,80.22736359,28318,28341,23
13.0304203,80.22810364,28341,28353,12
13.03034019,80.22873688,28353,28363,10
13.03036022,80.22937012,28363,28373,10
13.03057003,80.22992706,28373,28382,9
13.0306797,80.23040771,28382,28393,11
13.03069973,80.2306366,28393,28403,10
13.03038979,80.23074341,28403,28413,10
13.02991962,80.23078918,28413,28424,11
13.02978039,80.23084259,28424,28434,10
13.02956009,80.23085785,28434,28444,10
13.02906036,80.23088074,28444,28454,10
13.02834988,80.23095703,28454,28464,10
13.02772999,80.23104095,28464,28474,10
13.02764988,80.2313385,28474,28484,10
13.02770042,80.23191833,28484,28493,9
13.0278101,80.23252106,28493,28505,12
13.02752972,80.23285675,28505,28515,10
13.02696991,80.23297882,28515,28526,11
13.02667999,80.23300171,28526,28536,10
13.02637959,80.23280334,28536,28545,9
13.02622032,80.23226929,28545,28557,12
13.02598,80.23132324,28557,28567,10
13.02567005,80.23046112,28567,28577,10
13.02509975,80.22962189,28577,28586,9
13.02472973,80.22917938,28586,28597,11
13.02466011,80.2290802,28597,28607,10
13.02451992,80.22894287,28607,28617,10
13.02418995,80.22852325,28617,28627,10
13.02394009,80.22824097,28627,28638,11
13.0239296,80.22824097,28638,28648,10
13.02387047,80.22811127,28648,28658,10
13.02373981,80.22795868,28658,28668,10
13.02346992,80.22769165,28668,28678,10
13.02315998,80.22737885,28678,28688,10
13.02280998,80.22705078,28688,28698,10
13.02237034,80.22664642,28698,28708,10
13.02182007,80.22615814,28708,28718,10
13.02112961,80.22560883,28718,28728,10
13.02038002,80.2250824,28728,28739,11
13.0194397,80.22451782,28739,28749,10
13.01846981,80.22460938,28749,28758,9
13.01764965,80.22493744,28758,28769,11
13.01710033,80.22518921,28769,28779,10
13.01679039,80.22531891,28779,28788,9
13.01655006,80.22541809,28788,28799,11
13.01638031,80.22550201,28799,28809,10
13.01603031,80.22561646,28809,28819,10
13.0155201,80.22580719,28819,28829,10
13.01486015,80.22606659,28829,28839,10
13.0143404,80.22627258,28839,28860,21
13.0143404,80.22627258,28860,28870,10
13.01404953,80.22640228,28870,28880,10
13.0135603,80.22657013,28880,28890,10
13.01290989,80.22679901,28890,28900,10
13.01222038,80.22705841,28900,28910,10
13.01144028,80.22736359,28910,28920,10
13.0106802,80.22766113,28920,28930,10
13.00992012,80.22798157,28930,28940,10
13.00922012,80.22840118,28940,28950,10
13.00905991,80.22911072,28950,28961,11
13.00887966,80.23004913,28961,28971,10
13.00870991,80.23094177,28971,28981,10
13.00852013,80.23187256,28981,28991,10
13.00835991,80.23278046,28991,29001,10
13.00825024,80.23362732,29001,29021,20
13.00825024,80.23362732,29021,29031,10
13.00823021,80.23371887,29031,29041,10
13.00813961,80.23399353,29041,29051,10
13.00806046,80.23442841,29051,29061,10
13.00792027,80.23509216,29061,29072,11
13.00776005,80.23596191,29072,29082,10
13.00757027,80.23692322,29082,29092,10
13.00734997,80.23789978,29092,29102,10
13.00716019,80.23877716,29102,29112,10
13.00704956,80.23944092,29112,29122,10
13.00699997,80.23988342,29122,29142,20
13.00699997,80.23988342,29142,29152,10
13.00699043,80.24005127,29152,29162,10
13.00693035,80.24046326,29162,29172,10
13.00681973,80.24104309,29172,29183,11
13.00677967,80.24178314,29183,29193,10
13.0067997,80.24272156,29193,29203,10
13.00673962,80.24363708,29203,29213,10
13.00673008,80.24456024,29213,29223,10
13.00669003,80.24524689,29223,29233,10
13.00673962,80.2460022,29233,29243,10
13.00675011,80.24694061,29243,29253,10
13.00675964,80.24790192,29253,29263,10
13.00681973,80.24889374,29263,29273,10
13.00691032,80.24967194,29273,29293,20
13.00691032,80.24967194,29293,29304,11
13.00687981,80.24996948,29304,29314,10
13.00687027,80.25048828,29314,29324,10
13.00685024,80.25137329,29324,29354,30
13.00685024,80.25137329,29354,29364,10
13.00683975,80.25154877,29364,29374,10
13.00667953,80.25203705,29374,29384,10
13.00658035,80.25273895,29384,29394,10
13.00656986,80.25344086,29394,29405,11
13.00658989,80.25435638,29405,29415,10
13.00664043,80.25508881,29415,29425,10
13.00662994,80.25514984,29425,29435,10
13.00662041,80.25557709,29435,29445,10
13.00662994,80.25631714,29445,29455,10
13.00673962,80.25731659,29455,29566,111
13.00673962,80.25731659,29566,29576,10
13.00648975,80.25756073,29576,29586,10
13.00594044,80.25740814,29586,29596,10
13.00512028,80.25724792,29596,29606,10
13.00428963,80.25707245,29606,29616,10
13.00333977,80.25689697,29616,29626,10
13.00242996,80.25669861,29626,29637,11
13.00131989,80.25653839,29637,29707,70
13.00131989,80.25653839,29707,29717,10
13.00098038,80.25652313,29717,29727,10
13.00037956,80.25641632,29727,29737,10
12.99958038,80.25626373,29737,29748,11
12.99849033,80.25608063,29748,29758,10
12.99777031,80.25598145,29758,29768,10
12.99748993,80.25598145,29768,29778,10
12.99736023,80.2559433,29778,29788,10
12.99703026,80.25595093,29788,29798,10
12.99691963,80.25637817,29798,29808,10
12.99685955,80.25688171,29808,29818,10
12.99685001,80.25704956,29818,29828,10
12.99685001,80.25718689,29828,29838,10
12.9967804,80.25762177,29838,29848,10
12.9966898,80.25827789,29848,29859,11
12.99660015,80.25908661,29859,29869,10
12.99652958,80.25959015,29869,29879,10
12.99647999,80.26029968,29879,29889,10
12.99639034,80.26117706,29889,29899,10
12.99629974,80.26187897,29899,29909,10
12.99629974,80.26196289,29909,29919,10
12.99625969,80.26222992,29919,29929,10
12.99623013,80.26244354,29929,29939,10
12.99617958,80.26275635,29939,29949,10
12.99615002,80.26329803,29949,29959,10
12.99608994,80.26403809,29959,29970,11
12.9959898,80.26496124,29970,29980,10
12.99584007,80.26602173,29980,29990,10
12.99571037,80.26712036,29990,30000,10
12.99578953,80.26766968,30000,30010,10
12.99625969,80.26773071,30010,30020,10
12.99641991,80.26776123,30020,30030,10
12.99650002,80.26777649,30030,30040,10
12.99680042,80.26777649,30040,30050,10
12.99744034,80.26760101,30050,30060,10
12.99806976,80.26741028,30060,30070,10
12.99855042,80.26725006,30070,30081,11
12.99888039,80.26715851,30081,30091,10
12.99948025,80.26696777,30091,30101,10
12.99997997,80.26676178,30101,30212,111
12.99997997,80.26676178,30212,30222,10
13.0001297,80.26663208,30222,30232,10
13.0002203,80.2662735,30232,30242,10
13.00026035,80.26587677,30242,30252,10
13.00035954,80.26570129,30252,30262,10
13.00034046,80.26599121,30262,30363,101
13.00026989,80.26609039,30363,30434,71
13.00026035,80.26599884,30434,30635,201
13.00037956,80.26608276,30635,30918,283
13.00037956,80.26608276,30918,30928,10
13.00030041,80.26638031,30928,31160,232
13.00030041,80.26638031,31160,31170,10
13.00028992,80.26631165,31170,31463,293
13.00028992,80.26631165,31463,31473,10
13.00035,80.26663971,31473,31483,10
13.00026989,80.26676941,31483,31493,10
13.00002956,80.26687622,31493,31503,10
12.99956036,80.26699829,31503,31513,10
12.99894047,80.2671814,31513,31523,10
12.9983902,80.26734161,31523,31533,10
12.99798012,80.26744843,31533,31544,11
12.99736023,80.26766205,31544,31554,10
12.99670029,80.26777649,31554,31564,10
12.99604034,80.26776886,31564,31574,10
12.99569035,80.26766205,31574,31584,10
12.99569035,80.26731873,31584,31604,20
12.99569035,80.26731873,31604,31614,10
12.99571991,80.26699829,31614,31624,10
12.99575996,80.26651001,31624,31640,16
12.9958601,80.26537323,31640,31652,12
12.99596977,80.26450348,31652,31663,11
12.99606991,80.26371765,31663,31672,9
12.99610043,80.26316833,31672,31683,11
12.99617958,80.26255798,31683,31703,20
12.99617958,80.26255798,31703,31713,10
12.99625015,80.26229858,31713,31722,9
12.99627972,80.26200104,31722,31733,11
12.9963398,80.26146698,31733,31743,10
12.99639988,80.26081085,31743,31753,10
12.99647999,80.26017761,31753,31763,10
12.99652958,80.25969696,31763,31774,11
12.99656963,80.25920868,31774,31784,10
12.99662971,80.25874329,31784,31794,10
12.99666977,80.25830841,31794,31854,60
12.99666977,80.25830841,31854,31864,10
12.99676991,80.25823975,31864,31874,10
12.99676991,80.25824738,31874,31885,11
12.99676991,80.25816345,31885,31895,10
12.99676991,80.25775909,31895,31905,10
12.99682999,80.25717163,31905,31915,10
12.9968996,80.25626373,31915,31975,60
12.9968996,80.25626373,31975,31985,10
12.9968996,80.25605011,31985,31996,11
12.9971199,80.25583649,31996,32012,16
12.99804974,80.2559433,32012,32024,12
12.99876976,80.25604248,32024,32034,10
12.99890041,80.25602722,32034,32043,9
12.99897957,80.25602722,32043,32054,11
12.99925041,80.256073,32054,32064,10
12.99967957,80.25615692,32064,32074,10
13.00020027,80.25627899,32074,32084,10
13.00072002,80.25636292,32084,32094,10
13.00086021,80.25639343,32094,32105,11
13.00096035,80.25643158,32105,32115,10
13.00123978,80.2564621,32115,32124,9
13.00152016,80.25652313,32124,32135,11
13.00197029,80.2565918,32135,32144,9
13.00244045,80.25668335,32144,32155,11
13.00298977,80.25678253,32155,32165,10
13.00370026,80.25691223,32165,32175,10
13.00440025,80.25704193,32175,32185,10
13.00535965,80.25718689,32185,32205,20
13.00535965,80.25718689,32205,32216,11
13.00562,80.2572937,32216,32226,10
13.00605965,80.25736237,32226,32236,10
13.00652981,80.25739288,32236,32246,10
13.00652027,80.25692749,32246,32256,10
13.00648975,80.25624084,32256,32265,9
13.0065403,80.25537872,32265,32276,11
13.0065403,80.25466919,32276,32286,10
13.00650024,80.25402832,32286,32296,10
13.00650024,80.25334167,32296,32306,10
13.00648975,80.25328064,32306,32316,10
13.00650024,80.25309753,32316,32326,10
13.0065403,80.25258636,32326,32337,11
13.00667953,80.25183868,32337,32407,70
13.00667953,80.25183868,32407,32417,10
13.0067997,80.2515564,32417,32427,10
13.00681019,80.25100708,32427,32437,10
13.00671959,80.25023651,32437,32448,11
13.00671005,80.24915314,32448,32458,10
13.00664043,80.24830627,32458,32468,10
13.00662041,80.2477417,32468,32488,20
13.00662041,80.2477417,32488,32498,10
13.00667953,80.24754333,32498,32508,10
13.00666046,80.24713135,32508,32518,10
13.00656033,80.24662018,32518,32528,10
13.00658035,80.24649811,32528,32538,10
13.00666046,80.24643707,32538,32548,10
13.00666046,80.24601746,32548,32558,10
13.00662041,80.24533081,32558,32569,11
13.00660038,80.24449921,32569,32579,10
13.00658989,80.24381256,32579,32589,10
13.00658035,80.24299622,32589,32599,10
13.00656033,80.24215698,32599,32609,10
13.0065403,80.241539,32609,32619,10
13.00662994,80.24085999,32619,32629,10
13.0067997,80.24022675,32629,32639,10
13.00699043,80.23948669,32639,32649,10
13.00712013,80.23853302,32649,32659,10
13.00728989,80.23767853,32659,32669,10
13.00739956,80.23699951,32669,32680,11
13.00743008,80.23670197,32680,32690,10
13.0074501,80.23665619,32690,32700,10
13.00753975,80.23634338,32700,32710,10
13.00763988,80.23583221,32710,32720,10
13.00776005,80.23516083,32720,32730,10
13.00792027,80.23442078,32730,32740,10
13.00809956,80.23355103,32740,32750,10
13.00829983,80.2325592,32750,32760,10
13.00848007,80.23155975,32760,32770,10
13.00866985,80.23062897,32770,32780,10
13.00885963,80.22962952,32780,32791,11
13.00907993,80.22852325,32791,32801,10
13.00938988,80.22763062,32801,32811,10
13.00979996,80.22675323,32811,32821,10
13.01019955,80.22593689,32821,32831,10
13.01051998,80.22528839,32831,32841,10
13.01082039,80.22463226,32841,32851,10
13.01117992,80.22383881,32851,32861,10
13.01159,80.22289276,32861,32871,10
13.01191044,80.22190857,32871,32881,10
13.01226044,80.22142029,32881,32891,10
13.01241016,80.22154999,32891,32902,11
13.01274967,80.22206879,32902,32912,10
13.01321983,80.22257233,32912,32922,10
13.01373959,80.22312927,32922,32932,10
13.01418018,80.22360229,32932,32942,10
13.01457977,80.22416687,32942,32952,10
13.01488018,80.2244873,32952,32962,10
13.01500034,80.224617,32962,32972,10
13.0151701,80.22477722,32972,32982,10
13.01546001,80.22496033,32982,33002,20
13.01546001,80.22496033,33002,33013,11
13.01552963,80.22506714,33013,33023,10
13.0158596,80.22530365,33023,33033,10
13.0164299,80.2253418,33033,33043,10
13.01696968,80.22512817,33043,33053,10
13.01745033,80.2249527,33053,33062,9
13.01797009,80.22476196,33062,33073,11
13.0187397,80.22447205,33073,33083,10
13.01937962,80.22432709,33083,33103,20
13.01937962,80.22432709,33103,33113,10
13.0195303,80.22437286,33113,33124,11
13.01970005,80.22454071,33124,33134,10
13.01992989,80.22473145,33134,33144,10
13.02027035,80.22498322,33144,33154,10
13.02070045,80.22528839,33154,33164,10
13.02118015,80.22570038,33164,33174,10
13.02180004,80.22614288,33174,33184,10
13.02245998,80.22667694,33184,33194,10
13.0230999,80.22721863,33194,33204,10
13.02355003,80.22766113,33204,33214,10
13.02381992,80.22786713,33214,33224,10
13.02404022,80.22811127,33224,33234,10
13.02431011,80.22844696,33234,33245,11
13.02462006,80.22884369,33245,33255,10
13.02484035,80.22918701,33255,33265,10
13.02519989,80.22962189,33265,33275,10
13.02540016,80.2298584,33275,33285,10
13.02554989,80.23005676,33285,33295,10
13.02577019,80.23043823,33295,33305,10
13.02577972,80.23047638,33305,33315,10
13.02585983,80.23065948,33315,33325,10
13.0259304,80.23082733,33325,33335,10
13.02598,80.23114777,33335,33345,10
13.02614021,80.23135376,33345,33356,11
13.02678013,80.23119354,33356,33366,10
13.02750015,80.23101807,33366,33376,10
13.02814007,80.23095703,33376,33386,10
13.02842045,80.2309494,33386,33396,10
13.0284996,80.23094177,33396,33406,10
13.02915001,80.23088837,33406,33454,48
13.02915001,80.23088837,33454,33464,10
13.02943039,80.23085785,33464,33475,11
13.02995968,80.23081207,33475,33485,10
13.03048038,80.2307663,33485,33493,8
13.03069973,80.23074341,33493,33504,11
13.03071022,80.23072052,33504,33515,11
13.03063965,80.23029327,33515,33525,10
13.03042984,80.22969055,33525,33535,10
13.03026962,80.22907257,33535,33545,10
13.03032017,80.2283783,33545,33555,10
13.03036976,80.22821045,33555,33565,10
13.03038025,80.22801208,33565,33576,11
13.03040981,80.22759247,33576,33586,10
13.0299902,80.22741699,33586,33596,10
13.02931023,80.2273407,33596,33606,10
13.02869034,80.22725677,33606,33616,10
13.02857018,80.22714996,33616,33626,10
13.02832031,80.22714233,33626,33636,10
13.02803993,80.22708893,33636,33646,10
13.02793026,80.22670746,33646,33656,10
13.02803993,80.22612,33656,33666,10
13.02820969,80.22537994,33666,33676,10
13.02832985,80.22470093,33676,33686,10
13.02844048,80.22409821,33686,33697,11
13.02869987,80.22399139,33697,33707,10
13.02882957,80.22402191,33707,33717,10
13.0289402,80.22412109,33717,33727,10
13.02921963,80.22428894,33727,33737,10
13.02985954,80.22429657,33737,33747,10
13.0304203,80.22431946,33747,33757,10
13.03108025,80.22431183,33757,33767,10
13.03118992,80.22398376,33767,33777,10
13.03120041,80.22315979,33777,33797,20
13.03120041,80.22315979,33797,33808,11
13.03131962,80.22271729,33808,33818,10
13.03155041,80.22226715,33818,33828,10
13.0317297,80.22177124,33828,33838,10
13.03190041,80.22122192,33838,33848,10
13.03211021,80.22048187,33848,33858,10
13.03213978,80.21997833,33858,33868,10
13.03219032,80.21980286,33868,33878,10
13.03223991,80.2196579,33878,33888,10
13.03223038,80.21923065,33888,33898,10
13.03217983,80.2186203,33898,33908,10
13.03174973,80.21846008,33908,33919,11
13.03149986,80.2179184,33919,33929,10
13.03141022,80.21720123,33929,33939,10
13.03125954,80.2170105,33939,33949,10
13.03089046,80.21703339,33949,33959,10
13.03055954,80.21694183,33959,33969,10
13.03048038,80.21672058,33969,33979,10
13.03046989,80.21656799,33979,33989,10
13.03044033,80.21624756,33989,33999,10
13.03036976,80.21575928,33999,34009,10
13.03034019,80.21514893,34009,34019,10
13.0303297,80.21459198,34019,34030,11
13.03034973,80.21446991,34030,34040,10
13.0304203,80.2141571,34040,34050,10
13.03048038,80.21373749,34050,34060,10
13.03050995,80.21353149,34060,34070,10
13.03055,80.21315765,34070,34079,9
13.03057957,80.21273804,34079,34090,11
13.03065968,80.21221924,34090,34100,10
13.03075981,80.2116394,34100,34110,10
13.03083992,80.21121979,34110,34120,10
13.03087997,80.2109375,34120,34130,10
13.03094006,80.21047211,34130,34140,10
13.03096962,80.21011353,34140,34151,11
13.03065968,80.20993805,34151,34161,10
13.03015995,80.20979309,34161,34171,10
13.03009987,80.20934296,34171,34252,81
13.03009987,80.20934296,34252,34262,10
13.03022003,80.20903778,34262,34272,10
13.03065968,80.20912933,34272,34282,10
13.03127003,80.20931244,34282,34292,10
13.03164005,80.20944214,34292,34302,10
13.03168964,80.20948029,34302,34312,10
13.0320797,80.20955658,34312,34322,10
13.03275967,80.20966339,34322,34332,10
13.03359985,80.20977783,34332,34342,10
13.03460026,80.20995331,34342,34352,10
13.03512955,80.20980835,34352,34362,10
13.03518963,80.2094574,34362,34373,11
13.03526974,80.20861053,34373,34393,20
13.03526974,80.20861053,34393,34403,10
13.03528976,80.20834351,34403,34413,10
13.03538036,80.20777893,34413,34423,10
13.03549004,80.20700836,34423,34433,10
13.03559971,80.20622253,34433,34443,10
13.0355196,80.20600891,34443,34453,10
13.0355196,80.20568085,34453,34463,10
13.0355196,80.20546722,34463,34473,10
13.03555012,80.20536041,34473,34484,11
13.03575993,80.20517731,34484,34494,10
13.03581047,80.20478821,34494,34504,10
13.03590012,80.20417786,34504,34514,10
13.03604984,80.20355988,34514,34530,16
13.03612041,80.20295715,34530,34542,12
13.0362196,80.20210266,34542,34552,10
13.03633976,80.20149994,34552,34572,20
13.03633976,80.20149994,34572,34582,10
13.03641987,80.20114899,34582,34592,10
13.03645039,80.20081329,34592,34603,11
13.03654957,80.20010376,34603,34613,10
13.03666019,80.1993103,34613,34623,10
13.03672981,80.1985321,34623,34633,10
13.03676033,80.19833374,34633,34643,10
13.03682041,80.19812775,34643,34653,10
13.03691006,80.19763947,34653,34663,10
13.03697968,80.19721985,34663,34673,10
13.03701019,80.19689941,34673,34683,10
13.03703976,80.1965332,34683,34693,10
13.03709984,80.19628143,34693,34703,10
13.03711987,80.19618988,34703,34714,11
13.03717995,80.19586182,34714,34724,10
13.03726006,80.19528198,34724,34734,10
13.03738022,80.19451904,34734,34744,10
13.03750992,80.19367981,34744,34754,10
13.03761959,80.19296265,34754,34764,10
13.03794003,80.19274139,34764,34774,10
13.03829956,80.19277191,34774,34784,10
13.03882027,80.19286346,34784,34804,20
13.03882027,80.19286346,34804,34814,10
13.03907013,80.19293976,34814,34825,11
13.03942966,80.19300079,34825,34835,10
13.03985977,80.19306946,34835,34845,10
13.04039955,80.19313049,34845,34855,10
13.04109001,80.19322968,34855,34865,10
13.04166031,80.19333649,34865,34875,10
13.04176044,80.1937027,34875,34885,10
13.04176998,80.19387054,34885,34895,10
13.04176044,80.19419098,34895,34905,10
13.04168034,80.1946106,34905,34915,10
13.0415802,80.19539642,34915,34925,10
13.04146957,80.19612122,34925,34936,11
13.04141045,80.19645691,34936,34946,10
13.04137993,80.1966629,34946,34956,10
13.04137993,80.1967926,34956,34966,10
13.04139996,80.19687653,34966,34976,10
13.04133034,80.19719696,34976,34986,10
13.0412302,80.19777679,34986,34996,10
13.04115009,80.19834137,34996,35006,10
13.04106045,80.19927979,35006,35026,20
13.04106045,80.19927979,35026,35036,10
13.04096031,80.19985199,35036,35047,11
13.04084015,80.20072174,35047,35057,10
13.04069996,80.20159912,35057,35067,10
13.0406599,80.20185089,35067,35077,10
13.04061031,80.20217896,35077,35087,10
13.04053974,80.20265961,35087,35097,10
13.04043007,80.20327759,35097,35107,10
13.04036999,80.20391846,35107,35117,10
13.04030037,80.20436859,35117,35137,20
13.04030037,80.20436859,35137,35147,10
13.04022026,80.20480347,35147,35158,11
13.04026985,80.20503235,35158,35168,10
13.0405302,80.20510101,35168,35178,10
13.04108047,80.20513916,35178,35188,10
13.04129028,80.20517731,35188,35198,10
13.0413599,80.20517731,35198,35208,10
13.04174995,80.20523071,35208,35218,10
13.04234028,80.2053299,35218,35228,10
13.0427103,80.20546722,35228,35238,10
13.04292965,80.2059021,35238,35248,10
13.04333973,80.20652771,35248,35258,10
13.04378986,80.20716095,35258,35268,10
13.04409981,80.20786285,35268,35279,11
13.04417038,80.20864105,35279,35289,10
13.04421997,80.20903778,35289,35299,10
13.04421997,80.20906067,35299,35309,10
13.04421997,80.20938873,35309,35319,10
13.04424,80.20995331,35319,35329,10
13.04428959,80.21074677,35329,35339,10
13.04432964,80.21179962,35339,35359,20
13.04432964,80.21179962,35359,35369,10
13.0443697,80.21214294,35369,35379,10
13.04465961,80.21225739,35379,35390,11
13.04535961,80.21221924,35390,35400,10
13.04615021,80.21218872,35400,35410,10
13.04691982,80.21214294,35410,35420,10
13.04703999,80.21192932,35420,35430,10
13.04703045,80.21179199,35430,35440,10
13.04703999,80.21161652,35440,35450,10
13.0469799,80.21130371,35450,35460,10
13.04695034,80.21087646,35460,35470,10
13.04736996,80.21082306,35470,35480,10
13.04806995,80.21082306,35480,35490,10
13.04872036,80.21083069,35490,35501,11
13.04936981,80.21082306,35501,35511,10
13.04971027,80.21069336,35511,35521,10
13.04971981,80.21029663,35521,35531,10
13.04961967,80.20960999,35531,35541,10
13.04951,80.20884705,35541,35551,10
13.04934025,80.20803833,35551,35561,10
13.04891968,80.20716095,35561,35591,30
13.04891968,80.20716095,35591,35601,10
13.04891968,80.20704651,35601,35612,11
13.04901981,80.20688629,35612,35622,10
13.04932976,80.20687866,35622,36338,716
13.04932976,80.20687866,36338,36348,10
13.04915047,80.20703125,36348,36358,10
13.04911995,80.20729065,36358,36388,30
13.04911995,80.20729065,36388,36398,10
13.04911995,80.20767975,36398,36409,11
13.04928017,80.20818329,36409,36419,10
13.04942036,80.2087326,36419,36429,10
13.04953003,80.20925903,36429,36439,10
13.04967976,80.20986938,36439,36449,10
13.04969978,80.21048737,36449,36459,10
13.04979038,80.21109009,36459,36469,10
13.04985046,80.21154785,36469,36489,20
13.04985046,80.21154785,36489,36499,10
13.04986,80.21183777,36499,36509,10
13.04988956,80.21202087,36509,36520,11
13.04983997,80.21221924,36520,36530,10
13.04948997,80.21221161,36530,36550,20
13.04948997,80.21221161,36550,36560,10
13.04905987,80.21217346,36560,36570,10
13.04858017,80.21217346,36570,36580,10
13.04804993,80.21219635,36580,36590,10
13.04747009,80.21224976,36590,36600,10
13.04671001,80.2122879,36600,36610,10
13.04592037,80.21231842,36610,36619,9
13.04566002,80.21231842,36619,36631,12
13.04539013,80.21235657,36631,36641,10
13.04500961,80.21235657,36641,36651,10
13.04473972,80.21238708,36651,36661,10
13.04448032,80.21240997,36661,36671,10
13.04430962,80.21238708,36671,36700,29
13.04430962,80.21238708,36700,36711,11
13.04421997,80.21222687,36711,36721,10
13.04421997,80.21183777,36721,36731,10
13.04421997,80.21124268,36731,36742,11
13.04417038,80.21047211,36742,36752,10
13.0441103,80.20966339,36752,36762,10
13.04411983,80.20925903,36762,36772,10
13.04409027,80.2088623,36772,36782,10
13.04409027,80.20880127,36782,36792,10
13.04409981,80.20858002,36792,36802,10
13.04409981,80.20819855,36802,36812,10
13.04403973,80.20774078,36812,36822,10
13.04370022,80.20709991,36822,36832,10
13.04321957,80.20645905,36832,36842,10
13.0427103,80.20574951,36842,36852,10
13.04218006,80.20533752,36852,36863,11
13.04137993,80.2052002,36863,36873,10
13.04080963,80.20513916,36873,36883,10
13.0407896,80.20513916,36883,36893,10
13.04051971,80.20510864,36893,36903,10
13.04020977,80.20504761,36903,36913,10
13.03971958,80.20493317,36913,36923,10
13.03905964,80.20484924,36923,36933,10
13.03845024,80.20477295,36933,36943,10
13.0381403,80.20465851,36943,36953,10
13.0381403,80.20424652,36953,36963,10
13.03818989,80.20378876,36963,36974,11
13.03827,80.20310974,36974,36984,10
13.03835964,80.20269012,36984,36994,10
13.03835964,80.20240021,36994,37004,10
13.03841972,80.20201874,37004,37014,10
13.03843975,80.20188141,37014,37024,10
13.03853989,80.20153809,37024,37034,10
13.0385704,80.20115662,37034,37044,10
13.03864002,80.20079803,37044,37054,10
13.03868961,80.20034027,37054,37064,10
13.03880978,80.19976044,37064,37074,10
13.03888988,80.19924927,37074,37085,11
13.03890038,80.19921875,37085,37095,10
13.03894043,80.19875336,37095,37105,10
13.03899002,80.19818115,37105,37115,10
13.03911018,80.1975174,37115,37125,10
13.03917027,80.19698334,37125,37135,10
13.03919983,80.19690704,37135,37145,10
13.03927994,80.19663239,37145,37155,10
13.03931999,80.19631958,37155,37165,10
13.03934002,80.19589996,37165,37175,10
13.0394001,80.19525909,37175,37185,10
13.0395298,80.19439697,37185,37196,11
13.0397501,80.1932373,37196,37216,20
13.0397501,80.1932373,37216,37226,10
13.03950024,80.19302368,37226,37236,10
13.03907013,80.19293213,37236,37246,10
13.03866959,80.19284821,37246,37256,10
13.03864956,80.19284821,37256,37266,10
13.03849983,80.19281769,37266,37276,10
13.03810978,80.19277954,37276,37286,10
13.03775978,80.19284058,37286,37296,10
13.03761959,80.19335938,37296,37307,11
13.03748035,80.19422913,37307,37317,10
13.03734016,80.19525146,37317,37327,10
13.03724957,80.19583893,37327,37337,10
13.03726006,80.19597626,37337,37347,10
13.03717995,80.19624329,37347,37357,10
13.03707981,80.1967926,37357,37367,10
13.03695011,80.19757843,37367,37377,10
13.03684044,80.19825745,37377,37387,10
13.03682041,80.19860077,37387,37397,10
13.03680992,80.19869232,37397,37407,10
13.03672981,80.19905853,37407,37417,10
13.0366497,80.19969177,37417,37428,11
13.03651047,80.20063019,37428,37438,10
13.03641987,80.20137787,37438,37448,10
13.03637028,80.20175934,37448,37458,10
13.03631973,80.20192719,37458,37468,10
13.03625965,80.20237732,37468,37478,10
13.03612995,80.20317078,37478,37488,10
13.03604984,80.20404816,37488,37498,10
13.03600979,80.20433807,37498,37508,10
13.03594017,80.20462799,37508,37518,10
13.03586006,80.20530701,37518,37528,10
13.03577995,80.2059021,37528,37538,10
13.0357399,80.20612335,37538,37549,11
13.03563023,80.20667267,37549,37559,10
13.03551006,80.20745087,37559,37569,10
13.03538036,80.20826721,37569,37579,10
13.03536034,80.20852661,37579,37589,10
13.03534031,80.20870972,37589,37605,16
13.03522015,80.20960236,37605,37617,12
13.03512001,80.21029663,37617,37625,8
13.03497982,80.21051788,37625,37637,12
13.03485966,80.21115112,37637,37647,10
13.03477955,80.21161652,37647,37658,11
13.0345602,80.21214294,37658,37668,10
13.03394032,80.2120285,37668,37678,10
13.03318024,80.21193695,37678,37688,10
13.03252983,80.21188354,37688,37698,10
13.03250027,80.21189117,37698,37708,10
13.03211975,80.21180725,37708,37718,10
13.03192043,80.21134949,37718,37728,10
13.03199959,80.21060944,37728,37738,10
13.03211021,80.20983124,37738,37748,10
13.0318203,80.20960999,37748,37758,10
13.03079033,80.20931244,37758,37779,21
13.03079033,80.20931244,37779,37789,10
13.03073978,80.2093811,37789,37799,10
13.03054047,80.20929718,37799,37809,10
13.03011036,80.20937347,37809,37827,18
13.03011036,80.20937347,37827,37838,11
13.03001976,80.20966339,37838,37850,12
13.0304203,80.20986938,37850,37859,9
13.03087044,80.20999908,37859,37870,11
13.03100014,80.21015167,37870,37881,11
13.03092003,80.21058655,37881,37891,10
13.03085995,80.2110672,37891,37901,10
13.03081036,80.21138763,37901,37911,10
13.03075027,80.21177673,37911,37921,10
13.0306797,80.21221161,37921,37931,10
13.03055954,80.21298981,37931,37941,10
13.03048038,80.21357727,37941,37951,10
13.03042984,80.21392059,37951,37961,10
13.03038979,80.21427917,37961,37971,10
13.0303297,80.21472168,37971,37981,10
13.0303297,80.21481323,37981,37991,10
13.03034019,80.21518707,37991,38002,11
13.03038025,80.21598053,38002,38012,10
13.03044033,80.21668243,38012,38022,10
13.03075027,80.2168808,38022,38032,10
13.03085995,80.21688843,38032,38042,10
13.03118038,80.21692657,38042,38052,10
13.03143978,80.2171936,38052,38062,10
13.03149986,80.2177887,38062,38072,10
13.03170967,80.2183609,38072,38082,10
13.03221989,80.21848297,38082,38092,10
13.03223991,80.21907806,38092,38102,10
13.03223038,80.21945953,38102,38113,11
13.03223038,80.21977997,38113,38123,10
13.03223991,80.22032166,38123,38133,10
13.03219986,80.22039795,38133,38143,10
13.03209019,80.22084045,38143,38153,10
13.03194046,80.22151947,38153,38163,10
13.03172016,80.2219162,38163,38173,10
13.03155994,80.22229004,38173,38183,10
13.03125,80.22292328,38183,38193,10
13.03114033,80.22355652,38193,38203,10
13.03112984,80.22386169,38203,38213,10
13.03112984,80.22412872,38213,38224,11
13.03079987,80.22428131,38224,38234,10
13.0302,80.22425842,38234,38244,10
13.0296402,80.22425842,38244,38254,10
13.02908039,80.22422791,38254,38264,10
13.02902031,80.22421265,38264,38274,10
13.02873039,80.22409821,38274,38284,10
13.02845955,80.22437286,38284,38294,10
13.02828026,80.22518158,38294,38304,10
13.02807999,80.22595978,38304,38314,10
13.02793026,80.22667694,38314,38324,10
13.02795982,80.22702789,38324,38334,10
13.02830029,80.22711945,38334,38345,11
13.02900982,80.22720337,38345,38355,10
13.0297699,80.22730255,38355,38365,10
13.03036022,80.22744751,38365,38381,16
13.03036022,80.22805786,38381,38393,12
13.03026962,80.22869873,38393,38401,8
13.03026962,80.22901154,38401,38413,12
13.03038025,80.22950745,38413,38422,9
13.03059959,80.23014832,38422,38443,21
13.03059959,80.23014832,38443,38454,11
13.03063011,80.23033142,38454,38464,10
13.0306797,80.23068237,38464,38474,10
13.03034973,80.23075104,38474,38484,10
13.02980042,80.23079681,38484,38514,30
13.02980042,80.23079681,38514,38525,11
13.02933979,80.23085785,38525,38535,10
13.02869987,80.23088837,38535,38545,10
13.02797985,80.2309494,38545,38554,9
13.0276804,80.23101807,38554,38566,12
13.02766037,80.23150635,38566,38576,10
13.02775002,80.23214722,38576,38586,10
13.02783966,80.23274994,38586,38596,10
13.02733994,80.23285675,38596,38606,10
13.02682018,80.2329483,38606,38697,91
13.02682018,80.2329483,38697,38707,10
13.02667046,80.23301697,38707,38717,10
13.02639961,80.23300171,38717,38727,10
13.02622032,80.23255157,38727,38736,9
13.02612019,80.23210144,38736,38747,11
13.02604961,80.2318573,38747,38756,9
13.02598,80.23143768,38756,38766,10
13.02573967,80.23069763,38766,38777,11
13.0251503,80.22975922,38777,38787,10
13.02476025,80.22926331,38787,38798,11
13.02472973,80.22921753,38798,38808,10
13.02455044,80.22897339,38808,38818,10
13.02422047,80.22857666,38818,38828,10
13.0240097,80.22834015,38828,38838,10
13.02396011,80.22827148,38838,38848,10
13.02383995,80.22808838,38848,38858,10
13.02350044,80.2277298,38858,38868,10
13.02303028,80.22725677,38868,38878,10
13.02243996,80.22673798,38878,38888,10
13.02175999,80.22614288,38888,38898,10
13.02101994,80.22557831,38898,38909,11
13.02019978,80.22499847,38909,38919,10
13.01935959,80.22451782,38919,38929,10
13.01826954,80.22470093,38929,38939,10
13.01721001,80.22512817,38939,38949,10
13.01634026,80.22547913,38949,38959,10
13.01564026,80.22570801,38959,38969,10
13.01482964,80.22602081,38969,38979,10
13.01420021,80.22631836,38979,38989,10
13.01406002,80.22637177,38989,38999,10
13.01362038,80.22651672,38999,39015,16
13.01247978,80.22695923,39015,39028,13
13.01130009,80.22743225,39028,39038,10
13.01051998,80.22773743,39038,39048,10
13.00984955,80.22799683,39048,39058,10
13.00955009,80.22812653,39058,39068,10
13.00916004,80.22853088,39068,39078,10
13.00899982,80.2293396,39078,39088,10
13.00881958,80.23026276,39088,39098,10
13.00858974,80.23135376,39098,39100,2
13.00854015,80.23158264,39100,39101,1
13.0085001,80.23179626,39101,39183,82
13.00743008,80.23726654,39183,39190,7
13.00732994,80.23780823,39190,39202,12
13.00716019,80.23885345,39202,39213,11
13.00693989,80.23996735,39213,39222,9
13.00687981,80.24044037,39222,39232,10
13.00685024,80.24075317,39232,39243,11
13.00681019,80.2408905,39243,39254,11
13.00677013,80.24133301,39254,39264,10
13.00673962,80.24211121,39264,39274,10
13.00669956,80.24285126,39274,39284,10
13.00667953,80.24350739,39284,39294,10
13.00664997,80.24420166,39294,39304,10
13.00664043,80.24501038,39304,39314,10
13.00669003,80.24571228,39314,39324,10
13.00671005,80.2463913,39324,39334,10
13.00671005,80.24664307,39334,39344,10
13.00671959,80.24714661,39344,39354,10
13.00669956,80.24790192,39354,39364,10
13.00673008,80.24875641,39364,39375,11
13.00683975,80.24952698,39375,39385,10
13.00681973,80.24961853,39385,39395,10
13.0067997,80.24978638,39395,39405,10
13.00677967,80.25034332,39405,39415,10
13.00681019,80.25106049,39415,39425,10
13.00671005,80.25177002,39425,39435,10
13.00656033,80.25260162,39435,39445,10
13.0065403,80.25353241,39445,39455,10
13.00656033,80.25450897,39455,39465,10
13.00660038,80.25509644,39465,39475,10
13.00658035,80.25515747,39475,39486,11
13.00656033,80.25530243,39486,39502,16
13.00658035,80.25623322,39502,39514,12
13.00660992,80.25704956,39514,39524,10
13.00664043,80.25746918,39524,39532,8
13.00625038,80.25752258,39532,39543,11
13.00582981,80.2574234,39543,39554,11
13.00551033,80.25736237,39554,39564,10
13.00494957,80.25717926,39564,39574,10
13.00424957,80.25704956,39574,39584,10
13.00389957,80.25700378,39584,39625,41
13.00389957,80.25700378,39625,39635,10
13.0036602,80.25702667,39635,39645,10
13.00337982,80.25694275,39645,39655,10
13.00306034,80.25685883,39655,39665,10
13.00273991,80.25679016,39665,39675,10
13.00224018,80.25668335,39675,39736,61
13.00224018,80.25668335,39736,39746,10
13.00205994,80.25659943,39746,39756,10
13.00168037,80.25655365,39756,39766,10
13.00100994,80.25649261,39766,39776,10
13.00026035,80.25637054,39776,39785,9
12.99960041,80.25626373,39785,39816,31
12.99960041,80.25626373,39816,39827,11
12.99954033,80.25623322,39827,39837,10
12.99913979,80.25614166,39837,39847,10
12.99853039,80.25604248,39847,39857,10
12.99808025,80.2559967,39857,39867,10
12.99773026,80.25601196,39867,39877,10
12.99763966,80.25598145,39877,39887,10
12.99730968,80.25595093,39887,39897,10
12.99693012,80.25605011,39897,39907,10
12.99687004,80.25650787,39907,39917,10
12.99682999,80.25691223,39917,39927,10
12.99682045,80.25698853,39927,39938,11
12.99676991,80.2572403,39938,39948,10
12.99670029,80.2578125,39948,39958,10
12.99664021,80.25839996,39958,39968,10
12.99660015,80.2588501,39968,39978,10
12.99654961,80.25932312,39978,39988,10
12.99650002,80.25977325,39988,39998,10
12.99647045,80.26023865,39998,40008,10
12.99639034,80.26094055,40008,40018,10
12.99631977,80.26171112,40018,40028,10
12.99625015,80.26228333,40028,40038,10
12.99621964,80.26245117,40038,40048,10
12.99617958,80.26265717,40048,40059,11
12.99612045,80.2633667,40059,40069,10
12.99602985,80.26412964,40069,40079,10
12.99594021,80.26493835,40079,40089,10
12.99582958,80.26593781,40089,40099,10
12.99571991,80.26702118,40099,40109,10
12.99577045,80.26763153,40109,40119,10
12.99617004,80.26772308,40119,40129,10
12.99617958,80.26772308,40129,40139,10
12.99629974,80.26776886,40139,40149,10
12.99687004,80.26776123,40149,40159,10
12.99752045,80.2675705,40159,40170,11
12.99792957,80.2674408,40170,40180,10
12.99837017,80.26730347,40180,40190,10
12.99895954,80.26712036,40190,40200,10
12.99967003,80.26689911,40200,40210,10
13.00008965,80.26657104,40210,40220,10
13.00010967,80.26647949,40220,40230,10
13.00014973,80.26631927,40230,40240,10
13.00020981,80.26589966,40240,40250,10
13.0002203,80.26576233,40250,40260,10
13.00030041,80.26569366,40260,40270,10
13.00028038,80.26616669,40270,40593,323
13.00028038,80.26616669,40593,40603,10
13.00016975,80.26629639,40603,41512,909
13.00026989,80.26647949,41512,41553,41
13.00026989,80.26647949,41553,41563,10
13.00028038,80.26669312,41563,41573,10
13.00020027,80.26680756,41573,41583,10
13.00002956,80.26686859,41583,41593,10
12.99969959,80.266922,41593,41603,10
12.99925041,80.26703644,41603,41613,10
12.99876976,80.26717377,41613,41623,10
12.99845982,80.26725769,41623,41633,10
12.99824047,80.2673111,41633,41643,10
12.99792957,80.26741028,41643,41654,11
12.99738979,80.26757813,41654,41664,10
12.99678993,80.26772308,41664,41674,10
12.99637032,80.2677536,41674,41684,10
12.99631023,80.2677536,41684,41694,10
12.99594021,80.2677002,41694,41704,10
12.99565029,80.26751709,41704,41714,10
12.99565029,80.26734924,41714,41724,10
12.99565029,80.2673111,41724,41734,10
12.99569988,80.26695251,41734,41744,10
12.99575996,80.26631165,41744,41754,10
12.99584961,80.26544952,41754,41765,11
12.99598026,80.26435852,41765,41775,10
12.9960804,80.26351929,41775,41785,10
12.99617958,80.26258087,41785,41805,20
12.99617958,80.26258087,41805,41815,10
12.99621964,80.26228333,41815,41825,10
12.99625969,80.26190186,41825,41835,10
12.99633026,80.26126862,41835,41845,10
12.99637032,80.26081848,41845,41855,10
12.99643993,80.26052094,41855,41865,10
12.99645042,80.26023102,41865,41876,11
12.99645996,80.26007843,41876,41886,10
12.99652004,80.25977325,41886,41896,10
12.99652004,80.25948334,41896,41906,10
12.9965601,80.25904083,41906,41916,10
12.99664021,80.25839996,41916,41926,10
12.99670029,80.2578125,41926,41936,10
12.99676037,80.25730133,41936,41946,10
12.99676991,80.25689697,41946,41956,10
12.99682045,80.25660706,41956,41986,30
12.99682045,80.25660706,41986,41997,11
12.99685001,80.25639343,41997,42007,10
12.9969101,80.25601196,42007,42017,10
12.99726009,80.25592041,42017,42027,10
12.99765968,80.25592041,42027,42037,10
12.99775982,80.2559967,42037,42047,10
12.99773979,80.25610352,42047,42057,10
12.99773026,80.25627899,42057,42067,10
12.99783993,80.25675201,42067,42077,10
12.9975996,80.25698853,42077,42087,10
12.99757957,80.25688171,42087,42097,10
12.99754047,80.25673676,42097,42138,41
12.99754047,80.25673676,42138,42148,10
12.99767017,80.25655365,42148,42239,91
12.99767017,80.25655365,42239,42249,10
12.99761009,80.25647736,42249,42259,10
12.99765015,80.25608826,42259,42299,40
12.99765015,80.25608826,42299,42309,10
12.99783039,80.25588989,42309,42319,10
12.99822044,80.25592041,42319,42329,10
12.99870014,80.25598907,42329,42340,11
12.9988203,80.25604248,42340,42350,10
12.99911022,80.25611877,42350,42400,50
12.99911022,80.25611877,42400,42410,10
12.99940968,80.25611115,42410,42420,10
12.99981976,80.25624084,42420,42430,10
13.00035954,80.2563324,42430,42440,10
13.00090027,80.25640106,42440,42451,11
13.0014801,80.25653076,42451,42461,10
13.00195026,80.25662231,42461,42471,10
13.00255013,80.2567215,42471,42481,10
13.0031004,80.25682068,42481,42491,10
13.00372028,80.25694275,42491,42501,10
13.00450993,80.25708008,42501,42511,10
13.00539017,80.25721741,42511,42521,10
13.00636959,80.25737762,42521,42551,30
13.00636959,80.25737762,42551,42561,10
13.0065403,80.25743103,42561,42572,11
13.00652981,80.25715637,42572,42582,10
13.00650024,80.25666809,42582,42592,10
13.00648022,80.2559967,42592,42602,10
13.00648975,80.25537872,42602,42612,10
13.00650978,80.25478363,42612,42622,10
13.00652027,80.25398254,42622,42632,10
13.00650024,80.25357056,42632,42683,51
13.00650024,80.25357056,42683,42693,10
13.00648975,80.25327301,42693,42713,20
13.00648975,80.25327301,42713,42723,10
13.00648975,80.25305939,42723,42733,10
13.00650024,80.25260162,42733,42804,71
13.00650024,80.25260162,42804,42814,10
13.00650024,80.25250244,42814,42824,10
13.00654984,80.25215912,42824,42834,10
13.00660992,80.2515564,42834,42844,10
13.00673962,80.25067139,42844,42854,10
13.00675011,80.24960327,42854,42864,10
13.00666046,80.24862671,42864,42874,10
13.00667953,80.2484436,42874,42884,10
13.00669956,80.24833679,42884,42894,10
13.00666046,80.24801636,42894,42905,11
13.00664043,80.2474823,42905,42915,10
13.00660992,80.2468338,42915,42925,10
13.00654984,80.24651337,42925,42935,10
13.00658989,80.24643707,42935,42945,10
13.00662041,80.24603271,42945,42955,10
13.00662041,80.24543762,42955,42965,10
13.00660992,80.24475861,42965,42975,10
13.00662041,80.24411774,42975,42985,10
13.00664043,80.24349213,42985,42995,10
13.00660992,80.24298096,42995,43005,10
13.00658989,80.24223328,43005,43015,10
13.00660992,80.24138641,43015,43026,11
13.00666046,80.24069977,43026,43036,10
13.00666046,80.24056244,43036,43046,10
13.00671959,80.24024963,43046,43056,10
13.0067997,80.23977661,43056,43066,10
13.00702,80.23892975,43066,43076,10
13.00718975,80.23799133,43076,43086,10
13.00736046,80.23719025,43086,43096,10
13.00739002,80.23681641,43096,43106,10
13.00741959,80.23667145,43106,43116,10
13.00755024,80.23622894,43116,43126,10
13.00767994,80.23557281,43126,43137,11
13.00778961,80.23509216,43137,43147,10
13.00790024,80.23454285,43147,43157,10
13.00804996,80.2337265,43157,43167,10
13.00825977,80.23265076,43167,43177,10
13.00848961,80.23149872,43177,43187,10
13.00870037,80.23036957,43187,43197,10
13.00887966,80.22946167,43197,43207,10
13.00918007,80.22808838,43207,43217,10
13.00965023,80.22702026,43217,43227,10
13.0101099,80.22601318,43227,43237,10
13.01043987,80.22537994,43237,43248,11
13.01070023,80.2248764,43248,43258,10
13.01089001,80.22440338,43258,43268,10
13.01124001,80.22348785,43268,43298,30
13.01124001,80.22348785,43298,43308,10
13.01136971,80.22329712,43308,43318,10
13.01152039,80.22312164,43318,43328,10
13.01175976,80.22231293,43328,43338,10
13.01226997,80.2215271,43338,43348,10
13.01249981,80.22177124,43348,43359,11
13.01296997,80.22229767,43359,43369,10
13.01350975,80.22283936,43369,43379,10
13.01397991,80.22335052,43379,43389,10
13.01418972,80.22370911,43389,43399,10
13.01463985,80.22425842,43399,43409,10
13.01548958,80.22498322,43409,43429,20
13.01548958,80.22498322,43429,43439,10
13.01572037,80.22516632,43439,43449,10
13.01624012,80.22531128,43449,43459,10
13.01694965,80.22512054,43459,43469,10
13.01774979,80.22477722,43469,43480,11
13.01861,80.22442627,43480,43490,10
13.01935005,80.22422028,43490,43510,20
13.01935005,80.22422028,43510,43520,10
13.01949978,80.22427368,43520,43530,10
13.01963043,80.22441101,43530,43540,10
13.0197897,80.22457886,43540,43550,10
13.02013969,80.2248764,43550,43560,10
13.02054977,80.22518158,43560,43570,10
13.02079964,80.22537994,43570,43580,10
13.02099991,80.22557831,43580,43591,11
13.02147961,80.22595978,43591,43601,10
13.02206039,80.22640228,43601,43611,10
13.02280045,80.22701263,43611,43621,10
13.02353001,80.22766113,43621,43630,9
13.02400017,80.22810364,43630,43641,11
13.02418995,80.22828674,43641,43651,10
13.02437973,80.22853088,43651,43661,10
13.02449989,80.2286911,43661,43671,10
13.02458,80.22879791,43671,43681,10
13.02476978,80.22907257,43681,43691,10
13.02517986,80.22959137,43691,43702,11
13.02571964,80.23034668,43702,43712,10
13.02593994,80.23110199,43712,43768,56
13.02593994,80.23110199,43768,43780,12
13.02643967,80.23127747,43780,43788,8
13.02740955,80.23104095,43788,43830,42
13.02740955,80.23104095,43830,43841,11
13.02775955,80.23098755,43841,43851,10
13.02797031,80.23095703,43851,43861,10
13.02814007,80.23094177,43861,43901,40
13.02814007,80.23094177,43901,43911,10
13.02855968,80.23091125,43911,43921,10
13.02915955,80.23088074,43921,43982,61
13.02915955,80.23088074,43982,43992,10
13.02937984,80.23088074,43992,44002,10
13.02995968,80.23081207,44002,44022,20
13.02995968,80.23081207,44022,44038,16
13.03022957,80.23075867,44038,44051,13
13.03055,80.23072815,44051,44061,10
13.03055954,80.23072052,44061,44071,10
13.03059959,80.2303772,44071,44081,10
13.03048038,80.22981262,44081,44091,10
13.03030014,80.22928619,44091,44101,10
13.03030014,80.22898102,44101,44111,10
13.0303297,80.22859955,44111,44121,10
13.03030968,80.22831726,44121,44131,10
13.0303297,80.22815704,44131,44141,10
13.03036022,80.22779083,44141,44151,10
13.0302,80.2275238,44151,44162,11
13.02956009,80.22737885,44162,44172,10
13.02892017,80.22724915,44172,44182,10
13.0282402,80.22711945,44182,44192,10
13.02789021,80.22702789,44192,44202,10
13.02797985,80.22648621,44202,44212,10
13.02814007,80.22579956,44212,44222,10
13.02832985,80.2249527,44222,44232,10
13.02842999,80.22424316,44232,44242,10
13.02861023,80.22408295,44242,44252,10
13.02873993,80.22406769,44252,44262,10
13.02888012,80.22415924,44262,44273,11
13.02927971,80.22428131,44273,44283,10
13.02995968,80.22431946,44283,44293,10
13.03067017,80.22431946,44293,44303,10
13.0310297,80.22421265,44303,44313,10
13.03108025,80.22380066,44313,44323,10
13.0311203,80.22335815,44323,44333,10
13.03118038,80.22306061,44333,44343,10
13.03133965,80.22267151,44343,44353,10
13.03157997,80.22219849,44353,44363,10
13.03184032,80.22160339,44363,44373,10
13.03197956,80.22110748,44373,44384,11
13.03213978,80.22039032,44384,44394,10
13.03211975,80.21985626,44394,44404,10
13.03211975,80.21980286,44404,44414,10
13.03217983,80.21954346,44414,44424,10
13.03219032,80.21911621,44424,44434,10
13.03201962,80.21855927,44434,44444,10
13.03153992,80.21836853,44444,44454,10
13.03149033,80.21777344,44454,44464,10
13.03141022,80.21720886,44464,44474,10
13.03127956,80.21704865,44474,44484,10
13.03090954,80.21703339,44484,44494,10
13.03059959,80.21694183,44494,44505,11
13.03052044,80.21669769,44505,44515,10
13.03044033,80.21652222,44515,44525,10
13.03038025,80.21601868,44525,44535,10
13.0303297,80.21518707,44535,44545,10
13.03034019,80.21460724,44545,44555,10
13.03038025,80.21443176,44555,44565,10
13.03042984,80.21405029,44565,44575,10
13.03050995,80.21369171,44575,44585,10
13.03052044,80.21346283,44585,44595,10
13.03061008,80.21295166,44595,44605,10
13.0306797,80.21248627,44605,44616,11
13.03073025,80.21205139,44616,44626,10
13.03077984,80.21180725,44626,44636,10
13.03081989,80.21156311,44636,44646,10
13.03087997,80.21115112,44646,44656,10
13.03092957,80.21086884,44656,44666,10
13.03098965,80.21044159,44666,44676,10
13.03098011,80.2101593,44676,44686,10
13.03077984,80.21003723,44686,44696,10
13.03030968,80.20986176,44696,44706,10
13.03009987,80.20960236,44706,44716,10
13.03019047,80.20913696,44716,44727,11
13.03071022,80.20919037,44727,44737,10
13.0313797,80.20935059,44737,44747,10
13.03157997,80.20939636,44747,44757,10
13.03166962,80.20944977,44757,44767,10
13.03203964,80.20954132,44767,44777,10
13.03277016,80.20964813,44777,44787,10
13.0336504,80.20980835,44787,44797,10
13.03458977,80.20996857,44797,44807,10
13.03507996,80.2097168,44807,44817,10
13.03518963,80.20909119,44817,44827,10
13.03522015,80.20877075,44827,44838,11
13.03528023,80.2086792,44838,44848,10
13.03534031,80.20832062,44848,44858,10
13.03542995,80.2077713,44858,44868,10
13.03555012,80.20703888,44868,44878,10
13.03563976,80.20622253,44878,44888,10
13.03547955,80.20581818,44888,44908,20
13.03547955,80.20581818,44908,44918,10
13.03571987,80.20530701,44918,44928,10
13.03582001,80.20487213,44928,44938,10
13.0359602,80.20426178,44938,44948,10
13.03606033,80.2036438,44948,44959,11
13.03617001,80.20274353,44959,44975,16
13.03629971,80.20171356,44975,44987,12
13.0363102,80.20166016,44987,44995,8
13.03633976,80.20144653,44995,45005,10
13.03641987,80.20101166,45005,45017,12
13.03656006,80.20017242,45017,45027,10
13.03668976,80.1993103,45027,45037,10
13.03682041,80.19835663,45037,45047,10
13.03693962,80.19757843,45047,45057,10
13.03701973,80.19708252,45057,45068,11
13.0369997,80.19706726,45068,45077,9
13.03695965,80.19690704,45077,45088,11
13.03707027,80.19647217,45088,45099,11
13.03707981,80.19625854,45099,45109,10
13.03719044,80.19577789,45109,45119,10
13.03732014,80.19506073,45119,45129,10
13.0374403,80.19415283,45129,45139,10
13.03756046,80.19317627,45139,45148,9
13.0377903,80.19277954,45148,45159,11
13.03787994,80.19274902,45159,45169,10
13.03829956,80.19278717,45169,45180,11
13.03870964,80.19284058,45180,45190,10
13.0390501,80.19288635,45190,45200,10
13.03948975,80.19297028,45200,45210,10
13.03995991,80.19306183,45210,45220,10
13.0405302,80.19313812,45220,45230,10
13.04117966,80.19325256,45230,45240,10
13.04158974,80.19338226,45240,45250,10
13.04156971,80.19387054,45250,45260,10
13.04152012,80.1944809,45260,45270,10
13.04146957,80.19523621,45270,45280,10
13.04137993,80.19570923,45280,45290,10
13.04129982,80.19656372,45290,45331,41
13.04129982,80.19656372,45331,45341,10
13.04125977,80.19700623,45341,45351,10
13.0411396,80.19741821,45351,45361,10
13.04104996,80.19812775,45361,45371,10
13.04098034,80.19876862,45371,45381,10
13.04094028,80.19908905,45381,45391,10
13.04090023,80.19927979,45391,45401,10
13.04082012,80.19966888,45401,45412,11
13.04074955,80.20028687,45412,45422,10
13.04067039,80.20102692,45422,45432,10
13.04057026,80.20175934,45432,45442,10
13.0405302,80.20211029,45442,45452,10
13.04043007,80.2026062,45452,45462,10
13.04026985,80.20323181,45462,45472,10
13.04014015,80.20393372,45472,45482,10
13.04014015,80.20452881,45482,45492,10
13.04010963,80.20490265,45492,45502,10
13.0404501,80.20503998,45502,45512,10
13.04104042,80.20511627,45512,45523,11
13.04174042,80.20522308,45523,45533,10
13.04187012,80.20523834,45533,45543,10
13.04230022,80.20533752,45543,45553,10
13.04269028,80.20561981,45553,45563,10
13.04300022,80.20610046,45563,45573,10
13.04333973,80.20655823,45573,45583,10
13.0437603,80.20716095,45583,45593,10
13.04397964,80.2077179,45593,45603,10
13.04409027,80.20877838,45603,45634,31
13.04409027,80.20877838,45634,45644,10
13.04413986,80.20924377,45644,45654,10
13.04409981,80.20954132,45654,45664,10
13.04409981,80.21012878,45664,45674,10
13.0441103,80.21086121,45674,45684,10
13.04413986,80.2118988,45684,45724,40
13.04413986,80.2118988,45724,45734,10
13.04432011,80.21221161,45734,45744,10
13.04491043,80.21221924,45744,45755,11
13.04570007,80.21221924,45755,45765,10
13.0464201,80.21218872,45765,45775,10
13.04687977,80.2121582,45775,45805,30
13.04687977,80.2121582,45805,45815,10
13.04708004,80.21193695,45815,45825,10
13.04705048,80.21141815,45825,45835,10
13.04699993,80.21090698,45835,45845,10
13.04720974,80.21076202,45845,45855,10
13.04771996,80.2108078,45855,45866,11
13.04825974,80.21076965,45866,45876,10
13.04883003,80.21077728,45876,45886,10
13.04944038,80.21079254,45886,45896,10
13.04957962,80.21056366,45896,45906,10
13.04957008,80.2099762,45906,45916,10
13.04946041,80.20929718,45916,45926,10
13.0493803,80.2088623,45926,45936,10
13.04926968,80.20839691,45936,45946,10
13.04905987,80.2077179,45946,45956,10
13.04889011,80.20738983,45956,45966,10
13.04887962,80.2073822,45966,45977,11
13.04878044,80.2071991,45977,45987,10
13.04876995,80.20691681,45987,46027,40
13.04909992,80.20709229,46027,46249,222
13.04909992,80.20709229,46249,46259,10
13.04897976,80.20745087,46259,46269,10
13.0490303,80.20768738,46269,46279,10
13.04913998,80.20810699,46279,46289,10
13.04922009,80.20854187,46289,46299,10
13.0492897,80.20877838,46299,46309,10
13.04934978,80.20899963,46309,46320,11
13.04934025,80.20935822,46320,46330,10
13.04948044,80.2099762,46330,46340,10
13.04953003,80.2106781,46340,46350,10
13.04971027,80.21166229,46350,46431,81
13.04971027,80.21166229,46431,46441,10
13.04986,80.21195984,46441,46451,10
13.04986,80.21212006,46451,46461,10
13.04967976,80.2121582,46461,46471,10
13.04932022,80.21217346,46471,46481,10
13.04868984,80.21219635,46481,46491,10
13.04792023,80.21225739,46491,46501,10
13.04716015,80.21231842,46501,46511,10
13.04662991,80.21231079,46511,46521,10
13.04615974,80.21231079,46521,46531,10
13.04578018,80.21234894,46531,46541,10
13.04557037,80.21237946,46541,46552,11
13.04535007,80.21237946,46552,46673,121
13.04535007,80.21237946,46673,46683,10
13.04496002,80.21237183,46683,46693,10
13.04469967,80.21238708,46693,46703,10
13.04436016,80.21231842,46703,46713,10
13.04424,80.21170044,46713,46723,10
13.04421997,80.21090698,46723,46733,10
13.04417992,80.20996857,46733,46743,10
13.04413986,80.20942688,46743,46753,10
13.04415035,80.20924377,46753,46763,10
13.04411983,80.20876312,46763,46774,11
13.04397964,80.20796204,46774,46784,10
13.04360962,80.20704651,46784,46794,10
13.04308033,80.2062912,46794,46804,10
13.04269981,80.20575714,46804,46814,10
13.04197025,80.20529175,46814,46824,10
13.04121971,80.20516205,46824,46834,10
13.04069996,80.20510864,46834,46844,10
13.04001999,80.20503998,46844,46854,10
13.03938007,80.20497894,46854,46864,10
13.03897953,80.20488739,46864,46874,10
13.03833961,80.20480347,46874,46884,10
13.03826046,80.20439911,46884,46895,11
13.03829002,80.20359039,46895,46905,10
13.03835011,80.20271301,46905,46915,10
13.03847027,80.20192719,46915,46925,10
13.03853035,80.20146179,46925,46935,10
13.03861046,80.20089722,46935,46945,10
13.03868961,80.20025635,46945,46955,10
13.03886032,80.19956207,46955,46971,16
13.03892994,80.19902039,46971,46983,12
13.03903008,80.19844818,46983,46991,8
13.03913021,80.19774628,46991,47004,13
13.03925991,80.19698334,47004,47014,10
13.03927994,80.19667816,47014,47024,10
13.03934002,80.19625854,47024,47034,10
13.03938961,80.19558716,47034,47044,10
13.03956032,80.19476318,47044,47054,10
13.03967953,80.19381714,47054,47064,10
13.03973007,80.19320679,47064,47074,10
13.03948975,80.19303894,47074,47084,10
13.03892994,80.19296265,47084,47094,10
13.03866005,80.19290161,47094,47104,10
13.03833961,80.19284821,47104,47115,11
13.03767014,80.19296265,47115,47125,10
13.03748989,80.19373322,47125,47135,10
13.03734016,80.19458008,47135,47145,10
13.03724003,80.19522095,47145,47155,10
13.03711987,80.19580841,47155,47165,10
13.0369997,80.19631958,47165,47175,10
13.03689957,80.19700623,47175,47185,10
13.03684998,80.19761658,47185,47195,10
13.03672028,80.19841003,47195,47215,20
13.03672028,80.19841003,47215,47224,9
13.0366497,80.19877625,47224,47236,12
13.03647041,80.19949341,47236,47246,10
13.03637028,80.20011902,47246,47256,10
13.03625965,80.20084381,47256,47266,10
13.03619957,80.20121765,47266,47276,10
13.0360899,80.20162201,47276,47286,10
13.0359602,80.20224762,47286,47296,10
13.03594971,80.20323181,47296,47306,10
13.03594017,80.20359802,47306,47316,10
13.03588009,80.20417023,47316,47326,10
13.03581047,80.20487976,47326,47336,10
13.03571987,80.20554352,47336,47347,11
13.03567982,80.20578766,47347,47357,10
13.03559971,80.20616913,47357,47367,10
13.03549004,80.20687103,47367,47377,10
13.03536987,80.20787811,47377,47387,10
13.03532028,80.20848846,47387,47397,10
13.03532028,80.20850372,47397,47407,10
13.03524971,80.20890045,47407,47417,10
13.03511047,80.20954895,47417,47427,10
13.03497982,80.21041107,47427,47437,10
13.03477001,80.21121216,47437,47447,10
13.03460026,80.21205139,47447,47458,11
13.03396034,80.21202087,47458,47468,10
13.03326988,80.21195221,47468,47478,10
13.03256989,80.21188354,47478,47488,10
13.03248978,80.21188354,47488,47498,10
13.03213024,80.21179962,47498,47508,10
13.03195953,80.21130371,47508,47518,10
13.03203011,80.21057129,47518,47534,16
13.0318203,80.2095871,47534,47546,12
13.03106976,80.20934296,47546,47555,9
13.03038025,80.20916748,47555,47566,11
13.03005028,80.20944214,47566,47577,11
13.02991962,80.20963287,47577,47587,10
13.0302,80.20979309,47587,47597,10
13.03079987,80.20996857,47597,47607,10
13.03094006,80.21018219,47607,47617,10
13.03085995,80.21060944,47617,47627,10
13.03081036,80.21105194,47627,47637,10
13.03073978,80.21144867,47637,47646,9
13.03071976,80.21182251,47646,47656,10
13.03065968,80.21202087,47656,47667,11
13.03050995,80.21256256,47667,47677,10
13.03030968,80.21318817,47677,47688,11
13.03032017,80.21365356,47688,47699,11
13.03026962,80.21417999,47699,47709,10
13.03030014,80.21476746,47709,47719,10
13.0303297,80.21510315,47719,47729,10
13.03034019,80.21575928,47729,47739,10
13.03038025,80.21658325,47739,47749,10
13.03065968,80.21690369,47749,47759,10
13.0307703,80.21691132,47759,47769,10
13.03118992,80.21691895,47769,47779,10
13.03143024,80.2171402,47779,47789,10
13.0314703,80.2177887,47789,47799,10
13.03178978,80.2183609,47799,47810,11
13.03215981,80.21871185,47810,47820,10
13.03211975,80.21945953,47820,47830,10
13.03213978,80.21996307,47830,47840,10
13.0321703,80.22019958,47840,47850,10
13.0321703,80.22033691,47850,47860,10
13.03197956,80.22080231,47860,47870,10
13.03186035,80.22149658,47870,47880,10
13.03160954,80.22219086,47880,47890,10
13.03127003,80.22270966,47890,47900,10
13.0311203,80.22335052,47900,47910,10
13.03106976,80.22376251,47910,47921,11
13.03104019,80.22399139,47921,47931,10
13.03081989,80.22427368,47931,47941,10
13.03022003,80.22428131,47941,47951,10
13.02997017,80.22425079,47951,47961,10
13.02935028,80.22425842,47961,47971,10
13.02908039,80.22425079,47971,47981,10
13.02894974,80.22416687,47981,47991,10
13.02865982,80.22406769,47991,48001,10
13.02840042,80.22441101,48001,48011,10
13.02818966,80.22524261,48011,48021,10
13.02799988,80.22606659,48021,48032,11
13.02783966,80.22672272,48032,48042,10
13.02803993,80.22696686,48042,48052,10
13.02861977,80.22708893,48052,48062,10
13.02921009,80.22721863,48062,48072,10
13.02978992,80.22733307,48072,48082,10
13.03038979,80.22747803,48082,48092,10
13.03032017,80.22769928,48092,48102,10
13.03022957,80.22808075,48102,48112,10
13.03017998,80.22879791,48112,48122,10
13.03040028,80.22958374,48122,48132,10
13.03057957,80.23005676,48132,48142,10
13.03067017,80.23049164,48142,48153,11
13.03055954,80.23069763,48153,48163,10
13.03015995,80.2307663,48163,48173,10
13.02966022,80.23081207,48173,48183,10
13.02964973,80.23081207,48183,48193,10
13.02923012,80.23085785,48193,48203,10
13.02859974,80.23091125,48203,48213,10
13.02795982,80.23097992,48213,48215,2
13.02795982,80.23097992,48215,48266,51
13.02750015,80.23284149,48266,48276,10
13.0267601,80.23300171,48276,48316,40
13.02659988,80.23288727,48316,48346,30
13.02659988,80.23288727,48346,48357,11
13.0264101,80.23297119,48357,48367,10
13.02624035,80.23262787,48367,48378,11
13.02610016,80.23194122,48378,48388,10
13.02589989,80.23107147,48388,48397,9
13.0255003,80.23017883,48397,48408,11
13.02460003,80.22901154,48408,48428,20
13.02460003,80.22901154,48428,48438,10
13.02458,80.22894287,48438,48448,10
13.02431011,80.22859192,48448,48458,10
13.02396011,80.22821808,48458,48468,10
13.02390957,80.22815704,48468,48478,10
13.0237999,80.22798157,48478,48489,11
13.02352047,80.22770691,48489,48499,10
13.02348042,80.22767639,48499,48509,10
13.0233202,80.22750854,48509,48519,10
13.02299976,80.22715759,48519,48529,10
13.02248001,80.22669983,48529,48539,10
13.02182961,80.22619629,48539,48549,10
13.02120018,80.22570038,48549,48559,10
13.0205698,80.22525024,48559,48569,10
13.01976967,80.22470093,48569,48579,10
13.01885033,80.22447968,48579,48589,10
13.01786041,80.22486877,48589,48599,10
13.01686954,80.22528839,48599,48610,11
13.01636982,80.22547913,48610,48621,11
13.01587963,80.22563171,48621,48632,11
13.01525021,80.22589111,48632,48643,11
13.01502037,80.22599792,48643,48653,10
13.01492977,80.2259903,48653,48663,10
13.01461983,80.22611237,48663,48673,10
13.01422024,80.22628784,48673,48683,10
13.01416016,80.22631836,48683,48693,10
13.01379013,80.22646332,48693,48703,10
13.01315975,80.22667694,48703,48714,11
13.01224995,80.22704315,48714,48724,10
13.01126003,80.22743988,48724,48734,10
13.01021957,80.22786713,48734,48744,10
13.0092802,80.228302,48744,48754,10
13.00901031,80.22915649,48754,48764,10
13.00879002,80.23020935,48764,48774,10
13.00856018,80.2313385,48774,48784,10
13.00839043,80.23214722,48784,48794,10
13.00819016,80.23358917,48794,48814,20
13.00819016,80.23358917,48814,48824,10
13.00809956,80.23381042,48824,48835,11
13.00798035,80.23428345,48835,48845,10
13.00788021,80.23474884,48845,48855,10
13.00778961,80.23532104,48855,48865,10
13.00765991,80.23600006,48865,48875,10
13.00751972,80.23674011,48875,48885,10
13.00737,80.23754883,48885,48895,10
13.00720978,80.23838806,48895,48905,10
13.00704956,80.23922729,48905,48915,10
13.00687981,80.24002075,48915,48956,41
13.00687981,80.24002075,48956,48966,10
13.00693989,80.24021149,48966,48976,10
13.00681973,80.24066925,48976,48986,10
13.00671005,80.24137878,48986,48996,10
13.00667953,80.24221039,48996,49006,10
13.00664043,80.24304199,49006,49016,10
13.00662994,80.24373627,49016,49026,10
13.00658989,80.24468231,49026,49046,20
13.00658989,80.24468231,49046,49057,11
13.00662041,80.24510956,49057,49067,10
13.00662041,80.24555969,49067,49077,10
13.00664997,80.24613953,49077,49087,10
13.00664043,80.24681854,49087,49103,16
13.00664043,80.24806976,49103,49115,12
13.00675964,80.24907684,49115,49125,10
13.0067997,80.24954224,49125,49135,10
13.00679016,80.2495575,49135,49145,10
13.00675011,80.24980927,49145,49155,10
13.00673008,80.25009918,49155,49165,10
13.00671005,80.25099945,49165,49196,31
13.00671005,80.25099945,49196,49206,10
13.00677013,80.25113678,49206,49215,9
13.00671959,80.2514801,49215,49226,11
13.00656986,80.25216675,49226,49236,10
13.00648975,80.25309753,49236,49246,10
13.00650024,80.25406647,49246,49256,10
13.0065403,80.25489044,49256,49266,10
13.00652027,80.25509644,49266,49276,10
13.00652981,80.25533295,49276,49287,11
13.00652027,80.25595856,49287,49297,10
13.00656033,80.25707245,49297,49327,30
13.00656033,80.25707245,49327,49337,10
13.00666046,80.25720215,49337,49367,30
13.00666046,80.25720215,49367,49377,10
13.00669956,80.25730896,49377,49387,10
13.00656986,80.25752258,49387,49398,11
13.00615978,80.25750732,49398,49408,10
13.00578976,80.25743866,49408,49418,10
13.00543976,80.25731659,49418,49428,10
13.00520039,80.25718689,49428,49438,10
13.00485039,80.25714111,49438,49448,10
13.00428009,80.25701904,49448,49458,10
13.00384998,80.25695801,49458,49468,10
13.00329971,80.25688171,49468,49478,10
13.00275993,80.25676727,49478,49508,30
13.00275993,80.25676727,49508,49519,11
13.00247955,80.25670624,49519,49529,10
13.00210953,80.25663757,49529,49539,10
13.00148964,80.25656891,49539,49549,10
13.00072002,80.25643921,49549,49559,10
13.00016022,80.25636292,49559,49569,10
12.99954033,80.25624847,49569,49579,10
12.99894047,80.25614929,49579,49589,10
12.99825954,80.25605011,49589,49599,10
12.99798965,80.2559967,49599,49609,10
12.9975996,80.25598145,49609,49630,21
12.9975996,80.25598145,49630,49640,10
12.99736023,80.25592804,49640,49650,10
12.99701977,80.25595093,49650,49660,10
12.99689007,80.25627899,49660,49670,10
12.99680996,80.25688171,49670,49680,10
12.99670029,80.25760651,49680,49690,10
12.99660015,80.25839233,49690,49700,10
12.99654007,80.2589798,49700,49710,10
12.99650955,80.25956726,49710,49720,10
12.99643993,80.26019287,49720,49730,10
12.99635029,80.26097107,49730,49741,11
12.99627972,80.2616806,49741,49751,10
12.99619961,80.26212311,49751,49761,10
12.99615955,80.26245117,49761,49771,10
12.99606991,80.2628479,49771,49781,10
12.99602985,80.26344299,49781,49791,10
12.99596977,80.26422119,49791,49807,16
12.9958601,80.26532745,49807,49819,12
12.99575996,80.2663269,49819,49829,10
12.99567032,80.26712799,49829,49839,10
12.99594021,80.26763916,49839,49849,10
12.99621964,80.26769257,49849,49860,11
12.99656963,80.2677536,49860,49869,9
12.99713039,80.26763916,49869,49880,11
12.99796963,80.26741791,49880,49890,10
12.99837017,80.26731873,49890,49900,10
12.99888039,80.26715851,49900,49910,10
12.99973011,80.26689911,49910,49920,10
13.00010014,80.26656342,49920,49930,10
13.00010967,80.26654053,49930,49940,10
13.00016022,80.2663269,49940,49950,10
13.00024033,80.26595306,49950,49960,10
13.00028038,80.26576233,49960,49971,11
13.00030041,80.26573181,49971,49981,10
13.00024986,80.26615906,49981,50092,111
13.00030041,80.26638031,50092,50223,131
13.0002203,80.26624298,50223,50324,101
13.0001297,80.26628876,50324,50445,121
13.00002003,80.26621246,50445,50858,413
13.00002003,80.26621246,50858,50868,10
13.00026035,80.26629639,50868,50899,31
13.00026035,80.26631927,50899,51060,161
13.00026035,80.26631927,51060,51070,10
13.00024033,80.26647949,51070,51080,10
13.00026989,80.26660919,51080,51090,10
13.00022984,80.26676941,51090,51100,10
12.99993992,80.26689911,51100,51111,11
12.99938011,80.26699066,51111,51121,10
12.99876976,80.26717377,51121,51131,10
12.99837017,80.26732635,51131,51141,10
12.99800968,80.26741028,51141,51151,10
12.99777031,80.26748657,51151,51161,10
12.99724007,80.26760864,51161,51171,10
12.99658966,80.2677536,51171,51181,10
12.99606037,80.26770782,51181,51191,10
12.99582005,80.2677002,51191,51201,10
12.99575996,80.2677002,51201,51211,10
12.99567032,80.2673111,51211,51242,31
12.99567032,80.2673111,51242,51252,10
12.99569988,80.26725006,51252,51262,10
12.9957304,80.26686859,51262,51272,10
12.99577999,80.26621246,51272,51282,10
12.99584007,80.26538849,51282,51292,10
12.99596977,80.26451874,51292,51302,10
12.99606991,80.26373291,51302,51312,10
12.99615002,80.26299286,51312,51322,10
12.99617004,80.26268768,51322,51332,10
12.99617958,80.26257324,51332,51343,11
12.99623013,80.26204681,51343,51353,10
12.99627972,80.26161194,51353,51363,10
12.99635983,80.26098633,51363,51373,10
12.99643993,80.26024628,51373,51383,10
12.99650002,80.25953674,51383,51393,10
12.99656963,80.25887299,51393,51403,10
12.99664021,80.25832367,51403,51413,10
12.99672985,80.25758362,51413,51423,10
12.99680042,80.25688171,51423,51433,10
12.99683952,80.25621033,51433,51474,41
12.99683952,80.25621033,51474,51484,10
12.9969902,80.255867,51484,51494,10
12.99742031,80.25585938,51494,51504,10
12.99812031,80.25588226,51504,51514,10
12.9988699,80.2559967,51514,51554,40
12.9988699,80.2559967,51554,51565,11
12.99921989,80.256073,51565,51575,10
12.99997044,80.25624847,51575,51595,20
12.99997044,80.25624847,51595,51605,10
13.0002203,80.25631714,51605,51615,10
13.00047016,80.25637054,51615,51625,10
13.00061989,80.25640106,51625,51635,10
13.00082016,80.25639343,51635,51645,10
13.00107956,80.25643921,51645,51655,10
13.00140953,80.25650024,51655,51665,10
13.00172043,80.25657654,51665,51675,10
13.00228024,80.25665283,51675,51686,11
13.00277996,80.25673676,51686,51696,10
13.00329971,80.25682831,51696,51705,9
13.00370979,80.25691223,51705,51716,11
13.00430012,80.25702667,51716,51726,10
13.00500965,80.25715637,51726,51736,10
13.00555992,80.25727844,51736,51746,10
13.00586987,80.25737,51746,51756,10
13.00621986,80.25740814,51756,51766,10
13.00648975,80.25727081,51766,51776,10
13.0064497,80.2565918,51776,51785,9
13.00640965,80.25595856,51785,51797,12
13.00650978,80.25518036,51797,51807,10
13.00650978,80.25463104,51807,51817,10
13.00650024,80.25389862,51817,51867,50
13.00650024,80.25389862,51867,51877,10
13.00656033,80.25344086,51877,51897,20
13.00656033,80.25344086,51897,51908,11
13.00658989,80.25318909,51908,51918,10
13.00656986,80.25302124,51918,51928,10
13.0065403,80.25285339,51928,51968,40
13.0065403,80.25285339,51968,51978,10
13.00650024,80.25266266,51978,51988,10
13.0065403,80.25235748,51988,51998,10
13.00660992,80.25179291,51998,52089,91
13.00660992,80.25179291,52089,52099,10
13.00669956,80.25151825,52099,52109,10
13.00675011,80.2510376,52109,52119,10
13.00673008,80.25023651,52119,52130,11
13.00675011,80.24910736,52130,52140,10
13.00666046,80.24813843,52140,52150,10
13.00660038,80.24755859,52150,52261,111
13.00660038,80.24755859,52261,52271,10
13.00662994,80.24725342,52271,52281,10
13.00662041,80.24677277,52281,52291,10
13.00658035,80.24640656,52291,52301,10
13.00660992,80.24630737,52301,52311,10
13.00660038,80.24581146,52311,52321,10
13.00658989,80.24519348,52321,52329,8
13.00658035,80.24465179,52329,52341,12
13.00660992,80.24389648,52341,52351,10
13.00658035,80.24323273,52351,52362,11
13.0065403,80.24246216,52362,52372,10
13.00654984,80.24160767,52372,52382,10
13.00662041,80.24079895,52382,52392,10
13.00667,80.2405014,52392,52402,10
13.00673962,80.24015045,52402,52412,10
13.00683975,80.23950958,52412,52422,10
13.00701046,80.23874664,52422,52432,10
13.0072298,80.23784637,52432,52442,10
13.00741959,80.23671722,52442,52462,20
13.00741959,80.23671722,52462,52473,11
13.00751972,80.23642731,52473,52483,10
13.00761032,80.23590851,52483,52493,10
13.00774002,80.2352829,52493,52503,10
13.00788021,80.23461151,52503,52513,10
13.00806046,80.23377991,52513,52523,10
13.00825977,80.23274231,52523,52533,10
13.00846004,80.23164368,52533,52543,10
13.00866032,80.23062897,52543,52553,10
13.0088501,80.22978973,52553,52563,10
13.00911045,80.22859192,52563,52573,10
13.00944996,80.22763062,52573,52583,10
13.00986004,80.22672272,52583,52594,11
13.01029015,80.22579956,52594,52604,10
13.0106802,80.22502136,52604,52614,10
13.01097965,80.22431183,52614,52624,10
13.01126003,80.22367859,52624,52634,10
13.0114603,80.22312164,52634,52644,10
13.01177979,80.22238159,52644,52654,10
13.01214027,80.22157288,52654,52664,10
13.01243973,80.22158813,52664,52674,10
13.01270962,80.22206116,52674,52684,10
13.01317978,80.22252655,52684,52694,10
13.01375961,80.22324371,52694,52705,11
13.01426029,80.22393799,52705,52715,10
13.01492023,80.2244873,52715,52731,16
13.01506042,80.22460175,52731,52743,12
13.01525021,80.22480011,52743,52753,10
13.01548004,80.22496796,52753,52763,10
13.01556969,80.22506714,52763,52773,10
13.01597977,80.22531128,52773,52782,9
13.01653957,80.22528076,52782,52793,11
13.01753998,80.22485352,52793,52803,10
13.01842022,80.22447968,52803,52813,10
13.01912022,80.22425079,52813,52823,10
13.01926994,80.22425079,52823,52834,11
13.01947021,80.22431946,52834,52844,10
13.01970005,80.22447968,52844,52853,9
13.01998997,80.22470093,52853,52864,11
13.0204401,80.22501373,52864,52874,10
13.02110004,80.22550201,52874,52884,10
13.02169037,80.22596741,52884,52894,10
13.0222702,80.22640991,52894,52904,10
13.02274036,80.22682953,52904,52914,10
13.02328014,80.22733307,52914,52924,10
13.02390003,80.22795105,52924,52935,11
13.02445984,80.22859955,52935,52945,10
13.02474022,80.22901154,52945,52955,10
13.02513027,80.22952271,52955,52965,10
13.02558994,80.2301178,52965,52975,10
13.02589035,80.23072052,52975,52995,20
13.02589035,80.23072052,52995,53005,10
13.02600002,80.23101807,53005,53015,10
13.02616024,80.23126221,53015,53025,10
13.0266304,80.23119354,53025,53035,10
13.02740955,80.23097992,53035,53051,16
13.02826023,80.23090363,53051,53064,13
13.02828026,80.23090363,53064,53074,10
13.02849007,80.2309494,53074,53084,10
13.02908993,80.23087311,53084,53094,10
13.02947998,80.2308197,53094,53104,10
13.02995968,80.23078156,53104,53114,10
13.03055954,80.23072052,53114,53124,10
13.03065014,80.23069,53124,53134,10
13.03063011,80.23033905,53134,53144,10
13.03044987,80.22973633,53144,53154,10
13.03026962,80.22901917,53154,53164,10
13.03034019,80.2283783,53164,53175,11
13.03034973,80.22824097,53175,53185,10
13.03038025,80.22792053,53185,53195,10
13.03038979,80.22753906,53195,53205,10
13.02999973,80.22740173,53205,53215,10
13.02927971,80.22724915,53215,53225,10
13.02849007,80.22709656,53225,53235,10
13.02793026,80.22693634,53235,53245,10
13.02787018,80.22666168,53245,53255,10
13.02799988,80.22606659,53255,53265,10
13.02818012,80.22524261,53265,53276,11
13.02834034,80.22438049,53276,53286,10
13.02853966,80.22399139,53286,53296,10
13.02867031,80.22400665,53296,53306,10
13.02884007,80.22406006,53306,53316,10
13.02919006,80.22428894,53316,53326,10
13.02984047,80.22429657,53326,53336,10
13.03061962,80.22428131,53336,53346,10
13.03110027,80.22415161,53346,53356,10
13.0311203,80.22373199,53356,53366,10
13.03118038,80.22316742,53366,53376,10
13.03120995,80.22299957,53376,53387,11
13.03139973,80.22252655,53387,53397,10
13.03164005,80.2219162,53397,53407,10
13.03190041,80.22133636,53407,53417,10
13.03209019,80.22064972,53417,53433,16
13.03217983,80.21980286,53433,53445,12
13.03217983,80.21961212,53445,53455,10
13.03217983,80.2193222,53455,53464,9
13.03219986,80.21885681,53464,53475,11
13.03166962,80.21840668,53475,53486,11
13.03145027,80.21772003,53486,53496,10
13.03141022,80.21707916,53496,53506,10
13.03120041,80.21695709,53506,53517,11
13.03071976,80.21694183,53517,53527,10
13.03046989,80.21665192,53527,53537,10
13.0304203,80.21647644,53537,53547,10
13.03040028,80.21607971,53547,53557,10
13.03034019,80.21547699,53557,53567,10
13.03030968,80.21489716,53567,53577,10
13.0303297,80.21469116,53577,53587,10
13.03036022,80.21453094,53587,53597,10
13.03040028,80.21437836,53597,53607,10
13.03046989,80.21388245,53607,53618,11
13.03050041,80.21357727,53618,53628,10
13.03048992,80.21354675,53628,53638,10
13.03052044,80.21318817,53638,53648,10
13.03061008,80.212677,53648,53658,10
13.03069973,80.21204376,53658,53668,10
13.03077984,80.21166992,53668,53678,10
13.03083038,80.21131897,53678,53688,10
13.03089046,80.2109375,53688,53698,10
13.03098011,80.21041107,53698,53708,10
13.03094959,80.21013641,53708,53718,10
13.0306797,80.20999908,53718,53729,11
13.03007984,80.20980072,53729,53738,9
13.0301199,80.20921326,53738,53779,41
13.0301199,80.20921326,53779,53789,10
13.03026009,80.20900726,53789,53799,10
13.03065968,80.20908356,53799,53809,10
13.03129959,80.20931244,53809,53819,10
13.03155041,80.20939636,53819,53829,10
13.03186989,80.2095108,53829,53839,10
13.03246975,80.20960236,53839,53850,11
13.03332043,80.20973969,53850,53860,10
13.03417969,80.20986938,53860,53870,10
13.0348196,80.2099762,53870,53880,10
13.03512955,80.20970154,53880,53890,10
13.03524971,80.20871735,53890,53910,20
13.03524971,80.20871735,53910,53920,10
13.03532982,80.20825958,53920,53930,10
13.03540993,80.20764923,53930,53940,10
13.0355196,80.20683289,53940,53950,10
13.03563023,80.20606232,53950,53961,11
13.03575039,80.20526123,53961,53971,10
13.03577042,80.20513916,53971,53981,10
13.03584003,80.20478058,53981,53991,10
13.03592014,80.20423126,53991,54001,10
13.03608036,80.2035675,54001,54011,10
13.03612041,80.20281982,54011,54020,9
13.03619003,80.20214844,54020,54031,11
13.03627968,80.20162201,54031,54041,10
13.03627014,80.20159912,54041,54051,10
13.03637028,80.20121002,54051,54061,10
13.0364399,80.20062256,54061,54072,11
13.03654957,80.19980621,54072,54082,10
13.0366497,80.19904327,54082,54092,10
13.03676033,80.19827271,54092,54102,10
13.03686047,80.19770813,54102,54112,10
13.03691959,80.19706726,54112,54122,10
13.03701019,80.19656372,54122,54132,10
13.03703976,80.19645691,54132,54142,10
13.03711033,80.19612885,54142,54152,10
13.03719997,80.19557953,54152,54162,10
13.03728962,80.19487,54162,54172,10
13.03740978,80.1940918,54172,54182,10
13.03752041,80.1933136,54182,54193,11
13.03777981,80.19277954,54193,54203,10
13.03794956,80.19270325,54203,54213,10
13.03837967,80.19278717,54213,54223,10
13.03849983,80.19281769,54223,54233,10
13.03878021,80.19287109,54233,54243,10
13.03911972,80.19293976,54243,54253,10
13.0396204,80.19306183,54253,54263,10
13.04018021,80.19313812,54263,54273,10
13.04063988,80.1932373,54273,54283,10
13.0411396,80.19332123,54283,54293,10
13.04154015,80.19338989,54293,54304,11
13.04164028,80.19378662,54304,54314,10
13.04168034,80.19387817,54314,54324,10
13.04164028,80.19432831,54324,54334,10
13.04158974,80.19502258,54334,54344,10
13.04146957,80.19567108,54344,54354,10
13.04139996,80.19622803,54354,54364,10
13.04133987,80.1967392,54364,54374,10
13.04133034,80.19686127,54374,54384,10
13.04125023,80.19731903,54384,54394,10
13.04117012,80.19795227,54394,54404,10
13.04109955,80.19862366,54404,54415,11
13.04098034,80.19927979,54415,54425,10
13.04098034,80.19934082,54425,54434,9
13.04094028,80.19976807,54434,54445,11
13.04086018,80.20036316,54445,54455,10
13.04074001,80.2011795,54455,54465,10
13.04065037,80.20178986,54465,54475,10
13.04059982,80.20214844,54475,54485,10
13.04051018,80.20272064,54485,54495,10
13.04039955,80.20332336,54495,54505,10
13.04026985,80.20406342,54505,54515,10
13.04022026,80.20469666,54515,54525,10
13.0402298,80.20494843,54525,54536,11
13.04069996,80.20506287,54536,54546,10
13.04115963,80.20513916,54546,54556,10
13.04127979,80.20516968,54556,54566,10
13.0417099,80.20523834,54566,54576,10
13.04224014,80.2053299,54576,54586,10
13.0427103,80.20565033,54586,54596,10
13.04314041,80.20629883,54596,54606,10
13.04360008,80.20691681,54606,54616,10
13.04397011,80.2075119,54616,54626,10
13.04407978,80.20812225,54626,54636,10
13.04411983,80.20876312,54636,54652,16
13.04413986,80.20918274,54652,54665,13
13.04415989,80.20982361,54665,54675,10
13.04417992,80.21035767,54675,54685,10
13.04417992,80.21108246,54685,54695,10
13.04419041,80.21150208,54695,54705,10
13.04421043,80.21154022,54705,54715,10
13.04423046,80.21167755,54715,54725,10
13.04421997,80.21167755,54725,54735,10
13.04419041,80.21199036,54735,54745,10
13.04463959,80.21217346,54745,54755,10
13.04535961,80.21219635,54755,54767,12
13.04615021,80.21219635,54767,54777,10
13.04681969,80.21217346,54777,54787,10
13.04703045,80.21196747,54787,54807,20
13.04703045,80.21196747,54807,54817,10
13.04701996,80.2116394,54817,54827,10
13.04697037,80.21105957,54827,54836,9
13.04710007,80.21070862,54836,54847,11
13.04749012,80.21073914,54847,54857,10
13.04782009,80.21073914,54857,54867,10
13.0481596,80.21073914,54867,54878,11
13.04874992,80.21073151,54878,54888,10
13.04926968,80.21080017,54888,54898,10
13.04953003,80.21079254,54898,54908,10
13.04959011,80.21054077,54908,54918,10
13.04950047,80.20989227,54918,54928,10
13.04946995,80.20916748,54928,54938,10
13.04942036,80.20880127,54938,54948,10
13.04928017,80.20834351,54948,54958,10
13.04911995,80.20781708,54958,54968,10
13.04891014,80.20717621,54968,54989,21
13.04891014,80.20717621,54989,55005,16
13.04883957,80.20690155,55005,55017,12
13.04899979,80.20681763,55017,55027,10
13.04916,80.20687103,55027,55037,10
13.04922962,80.20704651,55037,55794,757
13.04903984,80.20716095,55794,56157,363
13.04903984,80.20716095,56157,56167,10
13.04901981,80.20735168,56167,56177,10
13.0490303,80.20754242,56177,56187,10
13.0490799,80.20777893,56187,56197,10
13.04918003,80.20822906,56197,56207,10
13.0492897,80.2086792,56207,56217,10
13.04942989,80.20918274,56217,56227,10
13.04951,80.20982361,56227,56238,11
13.04955959,80.21048737,56238,56248,10
13.04961967,80.21108246,56248,56258,10
13.04971981,80.21147919,56258,56328,70
13.04971981,80.21147919,56328,56338,10
13.04979992,80.21176147,56338,56348,10
13.04981995,80.21205902,56348,56359,11
13.04951,80.21212006,56359,56388,29
13.04951,80.21212006,56388,56399,11
13.04889011,80.21212006,56399,56409,10
13.04827976,80.21217346,56409,56419,10
13.04753971,80.21225739,56419,56429,10
13.04668045,80.21231079,56429,56439,10
13.0457201,80.21234131,56439,56449,10
13.04477024,80.21240234,56449,56459,10
13.04428959,80.21237183,56459,56470,11
13.04428005,80.21237183,56470,56480,10
13.04421043,80.21202087,56480,56490,10
13.04417992,80.21144104,56490,56500,10
13.04415035,80.21070099,56500,56510,10
13.04411983,80.20990753,56510,56520,10
13.04409981,80.20928955,56520,56530,10
13.04407024,80.20884705,56530,56550,20
13.04407024,80.20884705,56550,56560,10
13.04405022,80.20832062,56560,56570,10
13.04395962,80.20771027,56570,56581,11
13.04358959,80.20697021,56581,56591,10
13.04312992,80.20633698,56591,56601,10
13.04263973,80.20568848,56601,56619,18
13.04084015,80.20511627,56619,56641,22
13.04084015,80.20511627,56641,56651,10
13.04059029,80.20506287,56651,56661,10
13.04006958,80.20497131,56661,56671,10
13.03956032,80.20493317,56671,56681,10
13.03886986,80.20484161,56681,56691,10
13.03822041,80.20475769,56691,56702,11
13.03812981,80.20445251,56702,56712,10
13.03822994,80.20406342,56712,56722,10
13.03835011,80.20337677,56722,56732,10
13.03841972,80.20285797,56732,56742,10
13.03845024,80.20256805,56742,56752,10
13.03851032,80.20207214,56752,56762,10
13.0385704,80.20168304,56762,56771,9
13.03864002,80.2013092,56771,56781,10
13.03872967,80.20072174,56781,56792,11
13.03880024,80.20005035,56792,56802,10
13.03890038,80.19943237,56802,56813,11
13.03892994,80.1991806,56813,56823,10
13.03899956,80.1987381,56823,56833,10
13.03911972,80.19801331,56833,56843,10
13.0392704,80.19696808,56843,56873,30
13.0392704,80.19696808,56873,56883,10
13.03938961,80.1963501,56883,56893,10
13.03948021,80.19574738,56893,56903,10
13.03958035,80.19503021,56903,56913,10
13.03960991,80.19422913,56913,56924,11
13.03971958,80.19338989,56924,56934,10
13.0397501,80.19326782,56934,56944,10
13.03967953,80.19303894,56944,56954,10
13.03923988,80.19296265,56954,56964,10
13.03880978,80.19287872,56964,56980,16
13.03868008,80.19287109,56980,56992,12
13.03829956,80.19280243,56992,57002,10
13.0380497,80.19281006,57002,57011,9
13.03773022,80.19293976,57011,57022,11
13.03757954,80.19368744,57022,57032,10
13.03744984,80.19464111,57032,57042,10
13.03730965,80.1955719,57042,57053,11
13.03724957,80.19599915,57053,57063,10
13.03721046,80.19608307,57063,57072,9
13.03713989,80.19641113,57072,57083,11
13.03703976,80.19708252,57083,57093,10
13.03689957,80.1979599,57093,57103,10
13.03678989,80.1986084,57103,57113,10
13.03676033,80.19872284,57113,57123,10
13.03672981,80.19915009,57123,57133,10
13.03662968,80.19983673,57133,57143,10
13.03649044,80.20075226,57143,57154,11
13.03637028,80.20146179,57154,57164,10
13.03635025,80.20173645,57164,57174,10
13.03631973,80.20188141,57174,57184,10
13.03627968,80.20233154,57184,57194,10
13.03621006,80.20310974,57194,57204,10
13.0360899,80.20388794,57204,57214,10
13.03600979,80.20446014,57214,57224,10
13.03592968,80.20514679,57224,57234,10
13.03584003,80.20578766,57234,57244,10
13.03582001,80.20583344,57244,57254,10
13.03579044,80.20597839,57254,57265,11
13.03571987,80.20645142,57265,57275,10
13.03561974,80.20716095,57275,57285,10
13.03551006,80.20796204,57285,57295,10
13.03544998,80.20835876,57295,57315,20
13.03544998,80.20835876,57315,57325,10
13.03534031,80.20865631,57325,57335,10
13.0352602,80.20924377,57335,57345,10
13.03518963,80.2098465,57345,57355,10
13.03516006,80.2101593,57355,57365,10
13.0350399,80.21056366,57365,57375,10
13.03489971,80.21102905,57375,57386,11
13.03476048,80.21176147,57386,57396,10
13.03442001,80.21208954,57396,57406,10
13.03374004,80.2120285,57406,57416,10
13.03240013,80.21190643,57416,57436,20
13.03240013,80.21190643,57436,57446,10
13.03211021,80.21188354,57446,57456,10
13.03188992,80.21154022,57456,57466,10
13.03197956,80.21086884,57466,57476,10
13.03205013,80.21031189,57476,57486,10
13.03211021,80.20987701,57486,57497,11
13.03199005,80.2097168,57497,57507,10
13.03155041,80.20954895,57507,57517,10
13.03063011,80.20934296,57517,57537,20
13.03063011,80.20934296,57537,57547,10
13.03038979,80.20922089,57547,57557,10
13.03011036,80.2092514,57557,57567,10
13.03001022,80.20960999,57567,57577,10
13.0299902,80.20974731,57577,57587,10
13.03034973,80.20986938,57587,57597,10
13.03069973,80.20996094,57597,57607,10
13.03081036,80.20999146,57607,57624,17
13.03092003,80.21029663,57624,57636,12
13.03087997,80.21096802,57636,57646,10
13.03085995,80.21118927,57646,57656,10
13.03079987,80.21161652,57656,57666,10
13.03075981,80.21195984,57666,57676,10
13.03065968,80.21259308,57676,57686,10
13.03057003,80.21334839,57686,57696,10
13.03050995,80.21369171,57696,57706,10
13.03044987,80.21408844,57706,57716,10
13.03036022,80.21463776,57716,57727,11
13.03036022,80.2147522,57727,57736,9
13.03032017,80.2150116,57736,57747,11
13.0303297,80.21562195,57747,57756,9
13.03036976,80.2162323,57756,57767,11
13.03055,80.21681976,57767,57777,10
13.03065014,80.21685028,57777,57787,10
13.03096008,80.21691895,57787,57797,10
13.03129959,80.21691895,57797,57807,10
13.03143024,80.21720123,57807,57817,10
13.03151035,80.21785736,57817,57827,10
13.03186035,80.21838379,57827,57838,11
13.03225994,80.21865082,57838,57848,10
13.03223038,80.21917725,57848,57858,10
13.03221989,80.21988678,57858,57868,10
13.03221989,80.22026825,57868,57878,10
13.03219032,80.22048187,57878,57888,10
13.03205013,80.22104645,57888,57898,10
13.03186035,80.22176361,57898,57908,10
13.0316,80.22234344,57908,57918,10
13.03127956,80.22292328,57918,57928,10
13.03116035,80.22354126,57928,57938,10
13.03114986,80.22399139,57938,57949,11
13.03114033,80.22400665,57949,57959,10
13.03106976,80.22428131,57959,57969,10
13.03061962,80.22431946,57969,57979,10
13.02987003,80.22428894,57979,57989,10
13.02912998,80.22428131,57989,57999,10
13.02877998,80.22406769,57999,58009,10
13.02845001,80.22415161,58009,58019,10
13.02830029,80.22480011,58019,58029,10
13.02812958,80.22563934,58029,58039,10
13.02799988,80.22644806,58039,58049,10
13.02793026,80.22686768,58049,58060,11
13.02820015,80.22705078,58060,58070,10
13.0288496,80.22715759,58070,58080,10
13.02956009,80.22730255,58080,58090,10
13.02997971,80.22737885,58090,58100,10
13.03042984,80.22753906,58100,58110,10
13.03038025,80.22786713,58110,58120,10
13.03038979,80.22802734,58120,58130,10
13.03034019,80.2283783,58130,58140,10
13.03030014,80.22904968,58140,58150,10
13.03044987,80.22966003,58150,58160,10
13.03063011,80.2303009,58160,58170,10
13.03069019,80.2305603,58170,58181,11
13.03055954,80.2307663,58181,58191,10
13.02966022,80.23085785,58191,58211,20
13.02966022,80.23085785,58211,58221,10
13.02921963,80.23091888,58221,58231,10
13.02857971,80.23100281,58231,58241,10
13.02787018,80.2310791,58241,58251,10
13.02762985,80.23116302,58251,58261,10
13.02766037,80.23156738,58261,58277,16
13.02770042,80.23287201,58277,58330,53
13.02770042,80.23287201,58330,58340,10
13.02750015,80.23291779,58340,58350,10
13.02727985,80.23297882,58350,58360,10
13.02694035,80.23303223,58360,58421,61
13.02694035,80.23303223,58421,58431,10
13.02678013,80.23303223,58431,58441,10
13.02653027,80.23303986,58441,58451,10
13.02630043,80.2326889,58451,58461,10
13.02614975,80.23213196,58461,58471,10
13.02604008,80.23168945,58471,58481,10
13.02589035,80.23116302,58481,58491,10
13.02552032,80.23032379,58491,58501,10
13.02513027,80.22978973,58501,58522,21
13.02513027,80.22978973,58522,58532,10
13.02484035,80.22940063,58532,58542,10
13.02449036,80.22891998,58542,58552,10
13.02404022,80.22840118,58552,58572,20
13.02404022,80.22840118,58572,58582,10
13.02387047,80.2281723,58582,58592,10
13.02353954,80.22779083,58592,58602,10
13.0230999,80.22737885,58602,58612,10
13.0226202,80.22692108,58612,58622,10
13.02223969,80.22653961,58622,58633,11
13.02159977,80.22602844,58633,58643,10
13.02095985,80.22551727,58643,58653,10
13.02025986,80.22505188,58653,58663,10
13.01945972,80.22454834,58663,58673,10
13.01852036,80.22457886,58673,58683,10
13.01760006,80.22496033,58683,58693,10
13.01683998,80.22528839,58693,58703,10
13.01657963,80.22540283,58703,58713,10
13.0163002,80.22553253,58713,58723,10
13.01585007,80.22567749,58723,58733,10
13.01537991,80.22583771,58733,58743,10
13.01511002,80.22599792,58743,58760,17
13.01432991,80.22628784,58760,58772,12
13.0141201,80.22640228,58772,58782,10
13.01393986,80.22647095,58782,58792,10
13.01338959,80.22669983,58792,58801,9
13.01270962,80.22693634,58801,58812,11
13.01187992,80.22724152,58812,58822,10
13.01097965,80.2276001,58822,58832,10
13.01002026,80.22795868,58832,58842,10
13.0092001,80.22840118,58842,58852,10
13.00901031,80.22920227,58852,58863,11
13.00879002,80.23036957,58863,58873,10
13.00862026,80.23136139,58873,58883,10
13.00846958,80.23220825,58883,58893,10
13.00833988,80.23303986,58893,58903,10
13.0082798,80.23364258,58903,58913,10
13.00825024,80.23368073,58913,58923,10
13.00823021,80.23377228,58923,58933,10
13.00813007,80.23400116,58933,58943,10
13.00804996,80.23442841,58943,58953,10
13.00790024,80.23506927,58953,58963,10
13.00776005,80.23586273,58963,58974,11
13.00755978,80.23677826,58974,58984,10
13.00737953,80.23769379,58984,58994,10
13.00722027,80.23851013,58994,59004,10
13.00708008,80.2392807,59004,59014,10
13.00693989,80.23999786,59014,59095,81
13.00693989,80.23999786,59095,59105,10
13.00685978,80.24082184,59105,59125,20
13.00685978,80.24082184,59125,59135,10
13.00679016,80.24099731,59135,59145,10
13.00677013,80.24160767,59145,59155,10
13.00675011,80.24239349,59155,59165,10
13.00671005,80.24315643,59165,59175,10
13.00671959,80.24394226,59175,59185,10
13.00671005,80.24472809,59185,59196,11
13.00667953,80.24542999,59196,59206,10
13.00669003,80.24590302,59206,59226,20
13.00669003,80.24590302,59226,59236,10
13.00671959,80.24620819,59236,59246,10
13.00675011,80.24664307,59246,59256,10
13.00675964,80.24729919,59256,59266,10
13.00673962,80.24803925,59266,59276,10
13.00687981,80.24948883,59276,59286,10
13.00687981,80.24948883,59286,59296,10
13.00687981,80.24961853,59296,59307,11
13.00687027,80.24986267,59307,59317,10
13.00683975,80.25034332,59317,59327,10
13.00681973,80.25109863,59327,59389,62
13.00681973,80.25109863,59389,59399,10
13.00679016,80.25153351,59399,59409,10
13.00667953,80.25205231,59409,59419,10
13.00658989,80.2527771,59419,59430,11
13.00658035,80.25376129,59430,59440,10
13.00662041,80.25469208,59440,59450,10
13.00662994,80.25508118,59450,59460,10
13.00660038,80.25511169,59460,59470,10
13.00660038,80.25547028,59470,59480,10
13.00660992,80.2561264,59480,59490,10
13.00662041,80.25676727,59490,59500,10
13.00666046,80.25717163,59500,59520,20
13.00660992,80.25721741,59520,59571,51
13.00660992,80.25721741,59571,59581,10
13.00669956,80.25746155,59581,59591,10
13.00658035,80.25773621,59591,59601,10
13.00607014,80.25759125,59601,59611,10
13.00541973,80.25737,59611,59621,10
13.00481987,80.25720215,59621,59631,10
13.00422001,80.25707245,59631,59641,10
13.00395966,80.25698853,59641,59652,11
13.00364017,80.25688171,59652,59712,60
13.00364017,80.25688171,59712,59722,10
13.0033102,80.25682068,59722,59732,10
13.00298977,80.25676727,59732,59742,10
13.00261974,80.25670624,59742,59752,10
13.00197983,80.2565918,59752,59813,61
13.00197983,80.2565918,59813,59823,10
13.00162029,80.25649261,59823,59833,10
13.00107002,80.2564621,59833,59843,10
13.00034046,80.25637054,59843,59853,10
12.99981022,80.25630188,59853,59873,20
12.99981022,80.25630188,59873,59884,11
12.99944019,80.25624084,59884,59894,10
12.99909973,80.25614929,59894,59904,10
12.9987402,80.25608063,59904,59914,10
12.99853992,80.25605774,59914,59924,10
12.99820042,80.25601196,59924,59934,10
12.99763966,80.25595093,59934,59944,10
12.99699974,80.25595856,59944,59954,10
12.9968996,80.2564621,59954,59964,10
12.99685955,80.25694275,59964,59984,20
12.99685955,80.25694275,59984,59995,11
12.99685955,80.25705719,59995,60005,10
12.99680996,80.25753784,60005,60015,10
12.99672985,80.25827789,60015,60025,10
12.99664021,80.25892639,60025,60035,10
12.9965601,80.25964355,60035,60045,10
12.99652004,80.26039124,60045,60055,10
12.99643993,80.26107025,60055,60065,10
12.99639988,80.26138306,60065,60075,10
12.99635029,80.26184082,60075,60085,10
12.99625969,80.26241302,60085,60095,10
12.99623966,80.26248169,60095,60106,11
12.99621964,80.26261902,60106,60116,10
12.99617958,80.26316071,60116,60126,10
12.99612045,80.26386261,60126,60136,10
12.99602985,80.26470947,60136,60146,10
12.99590969,80.26569366,60146,60156,10
12.99580002,80.26673889,60156,60166,10
12.99573994,80.26760864,60166,60176,10
12.99625969,80.26777649,60176,60196,20
12.99625969,80.26777649,60196,60206,10
12.99635983,80.26777649,60206,60217,11
12.99680042,80.26777649,60217,60227,10
12.99748039,80.26761627,60227,60237,10
12.99825001,80.26734924,60237,60247,10
12.99911022,80.26712036,60247,60257,10
12.99995995,80.26685333,60257,60267,10
13.00010014,80.2665863,60267,60285,18
13.00014973,80.26609802,60285,60297,12
13.00026989,80.26571655,60297,60305,8
13.00032043,80.26589966,60305,60317,12
13.0002203,80.26644135,60317,60751,434
13.0002203,80.26644135,60751,60761,10
13.00032043,80.26673126,60761,60771,10
13.00020027,80.26685333,60771,60781,10
12.99991035,80.26696014,60781,60792,11
12.99944019,80.26708221,60792,60802,10
12.99882984,80.26724243,60802,60812,10
12.99818993,80.26740265,60812,60822,10
12.99752045,80.26757813,60822,60832,10
12.99683952,80.26777649,60832,60842,10
12.99606991,80.2677536,60842,60852,10
12.99567032,80.2677002,60852,60862,10
12.99565983,80.26740265,60862,60872,10
12.99565983,80.26737976,60872,60882,10
12.99565029,80.2673111,60882,60892,10
12.99569988,80.26695251,60892,60903,11
12.99575996,80.26628113,60903,60913,10
12.99584007,80.26553345,60913,60923,10
12.99594021,80.26474762,60923,60933,10
12.99604034,80.26399231,60933,60943,10
12.99610996,80.26322174,60943,60953,10
12.99617004,80.26268005,60953,60963,10
12.99619961,80.26242828,60963,60983,20
12.99619961,80.26242828,60983,60993,10
12.99623013,80.26217651,60993,61003,10
12.99625969,80.26190186,61003,61014,11
12.99631977,80.26142883,61014,61024,10
12.99637032,80.26084137,61024,61034,10
12.99643993,80.26022339,61034,61044,10
12.99647999,80.25971222,61044,61054,10
12.99650955,80.25936127,61054,61064,10
12.99656963,80.25874329,61064,61074,10
12.99666023,80.25798798,61074,61084,10
12.99674034,80.2572403,61084,61094,10
12.99680042,80.25662231,61094,61225,131
12.99680042,80.25662231,61225,61235,10
12.99682045,80.25640869,61235,61246,11
12.99687004,80.2559967,61246,61256,10
12.99720955,80.25585938,61256,61266,10
12.9978199,80.25589752,61266,61276,10
12.99868011,80.25601959,61276,61316,40
12.99868011,80.25601959,61316,61326,10
12.99905968,80.25608063,61326,61336,10
12.99948025,80.25617218,61336,61346,10
12.99999046,80.25628662,61346,61357,11
13.00053024,80.25640869,61357,61367,10
13.00086021,80.2564621,61367,61427,60
13.00086021,80.2564621,61427,61437,10
13.00133038,80.25652313,61437,61447,10
13.00177002,80.25659943,61447,61457,10
13.0024004,80.25668335,61457,61468,11
13.00312042,80.25682831,61468,61478,10
13.00374031,80.25695801,61478,61488,10
13.00430965,80.25705719,61488,61498,10
13.00469971,80.25711823,61498,61508,10
13.00508976,80.25715637,61508,61568,60
13.00508976,80.25715637,61568,61579,11
13.00533009,80.25717926,61579,61589,10
13.00551033,80.25726318,61589,61599,10
13.00588036,80.25737762,61599,61609,10
13.00634956,80.25744629,61609,61619,10
13.00650024,80.25727081,61619,61629,10
13.00646973,80.25676727,61629,61639,10
13.00648022,80.25650024,61639,61649,10
13.00650978,80.25601196,61649,61659,10
13.0065403,80.25541687,61659,61669,10
13.00656033,80.25467682,61669,61678,9
13.00656033,80.25393677,61678,61689,11
13.00654984,80.25327301,61689,61710,21
13.00654984,80.25327301,61710,61720,10
13.00654984,80.25302124,61720,61730,10
13.00654984,80.25257874,61730,61740,10
13.00654984,80.25229645,61740,61770,30
13.00654984,80.25229645,61770,61780,10
13.00658035,80.25183868,61780,61790,10
13.00671005,80.2512207,61790,61800,10
13.00673962,80.25039673,61800,61811,11
13.00675011,80.24932098,61811,61821,10
13.00667953,80.2485199,61821,61831,10
13.00664043,80.24826813,61831,61861,30
13.00664043,80.24826813,61861,61871,10
13.00666046,80.24816895,61871,61881,10
13.00666046,80.24790192,61881,61891,10
13.00667,80.24742889,61891,61901,10
13.00662994,80.2468338,61901,61911,10
13.00658035,80.2466507,61911,61922,11
13.00656033,80.24653625,61922,61932,10
13.00662041,80.24622345,61932,61942,10
13.00660992,80.24569702,61942,61952,10
13.00660992,80.24530029,61952,61962,10
13.00662041,80.24503326,61962,61972,10
13.00662994,80.24458313,61972,61982,10
13.00662041,80.24421692,61982,61992,10
13.00658989,80.24391174,61992,62002,10
13.00656986,80.2435379,62002,62012,10
13.00654984,80.24289703,62012,62022,10
13.0065403,80.24211121,62022,62032,10
13.00656986,80.24128723,62032,62043,11
13.00669003,80.24047089,62043,62053,10
13.00683975,80.23967743,62053,62063,10
13.00699997,80.23882294,62063,62079,16
13.00728035,80.23751831,62079,62091,12
13.00737,80.23690796,62091,62120,29
13.00737,80.23690796,62120,62131,11
13.00739002,80.23671722,62131,62141,10
13.00741959,80.23661804,62141,62151,10
13.00753021,80.23625183,62151,62162,11
13.00765991,80.23562622,62162,62172,10
13.00778961,80.23493195,62172,62182,10
13.00794983,80.23416138,62182,62192,10
13.00811958,80.23332977,62192,62202,10
13.00829029,80.23242188,62202,62212,10
13.00848007,80.23148346,62212,62222,10
13.00864983,80.23058319,62222,62232,10
13.00883961,80.22966003,62232,62242,10
13.00903034,80.22872162,62242,62252,10
13.00928974,80.22783661,62252,62263,11
13.00973034,80.22689819,62263,62273,10
13.01016045,80.22605896,62273,62283,10
13.01049042,80.22547913,62283,62293,10
13.01053047,80.22541046,62293,62303,10
13.0105896,80.22524261,62303,62313,10
13.01070976,80.22492218,62313,62323,10
13.01089954,80.22440338,62323,62333,10
13.0112896,80.2234726,62333,62353,20
13.0112896,80.2234726,62353,62363,10
13.01136971,80.22341156,62363,62374,11
13.01158047,80.22290039,62374,62384,10
13.01179028,80.22218323,62384,62394,10
13.01210976,80.22154236,62394,62404,10
13.0124197,80.22170258,62404,62414,10
13.01274014,80.2220993,62414,62424,10
13.01323986,80.22261047,62424,62434,10
13.01379013,80.22322083,62434,62444,10
13.01406002,80.2233963,62444,62454,10
13.01420975,80.22351074,62454,62464,10
13.01447964,80.22377777,62464,62474,10
13.01490974,80.22434235,62474,62485,11
13.01541042,80.2248764,62485,62495,10
13.01543045,80.22489929,62495,62505,10
13.01570034,80.22518158,62505,62515,10
13.01618958,80.2253418,62515,62525,10
13.01688957,80.22518158,62525,62535,10
13.01764965,80.22486115,62535,62545,10
13.0184803,80.22454834,62545,62555,10
13.01928997,80.22429657,62555,62595,40
13.01928997,80.22429657,62595,62606,11
13.01949978,80.22445679,62606,62616,10
13.01968002,80.2245636,62616,62626,10
13.02005005,80.22480011,62626,62636,10
13.02058983,80.22516632,62636,62646,10
13.02103996,80.22550964,62646,62656,10
13.02153969,80.22588348,62656,62666,10
13.02208996,80.22631836,62666,62676,10
13.02262974,80.22676086,62676,62686,10
13.02324963,80.22731018,62686,62696,10
13.02385998,80.22786713,62696,62706,10
13.02429962,80.22828674,62706,62717,11
13.02457047,80.2287674,62717,62727,10
13.02488995,80.22927094,62727,62737,10
13.02528,80.22972107,62737,62747,10
13.02565956,80.23029327,62747,62757,10
13.02587986,80.23069,62757,62767,10
13.02600002,80.23120117,62767,62777,10
13.02624035,80.2313385,62777,62787,10
13.02678013,80.23120117,62787,62797,10
13.02777958,80.23097992,62797,62828,31
13.02777958,80.23097992,62828,62838,10
13.02807999,80.23091888,62838,62847,9
13.02849007,80.23090363,62847,62898,51
13.02849007,80.23090363,62898,62908,10
13.02880955,80.23078156,62908,62918,10
13.02912998,80.23078156,62918,62928,10
13.02937031,80.23078156,62928,62938,10
13.02970982,80.2307663,62938,63001,63
13.02970982,80.2307663,63001,63011,10
13.0298996,80.23075867,63011,63021,10
13.03009987,80.23072815,63021,63031,10
13.03038979,80.23071289,63031,63041,10
13.03067017,80.23069,63041,63062,21
13.03067017,80.23069,63062,63072,10
13.03061962,80.23023987,63072,63082,10
13.03057003,80.23008728,63082,63091,9
13.03055,80.22994232,63091,63102,11
13.03036022,80.22949219,63102,63112,10
13.03028965,80.22888947,63112,63122,10
13.03034019,80.228302,63122,63132,10
13.03036022,80.2281723,63132,63142,10
13.03040028,80.22776794,63142,63152,10
13.03034019,80.22750854,63152,63162,10
13.02987957,80.22741699,63162,63173,11
13.02912045,80.22728729,63173,63183,10
13.02842045,80.22714996,63183,63193,10
13.02795982,80.22704315,63193,63203,10
13.02787971,80.22673035,63203,63213,10
13.02797985,80.2261734,63213,63223,10
13.02816963,80.22540283,63223,63233,10
13.0283699,80.22442627,63233,63243,10
13.02857018,80.22399139,63243,63253,10
13.02882004,80.22403717,63253,63263,10
13.02904987,80.22424316,63263,63273,10
13.02950001,80.22428894,63273,63284,11
13.03022003,80.22431946,63284,63294,10
13.03087044,80.22431946,63294,63304,10
13.03114033,80.22412109,63304,63314,10
13.03112984,80.22354126,63314,63324,10
13.03120041,80.22299957,63324,63334,10
13.03149033,80.22241974,63334,63344,10
13.03174973,80.22181702,63344,63354,10
13.03195953,80.22120667,63354,63364,10
13.03213024,80.22051239,63364,63374,10
13.03215027,80.21997833,63374,63384,10
13.0321703,80.21988678,63384,63395,11
13.03219986,80.21967316,63395,63405,10
13.03219032,80.21913147,63405,63415,10
13.03209972,80.21852112,63415,63425,10
13.03151989,80.21833801,63425,63435,10
13.03143978,80.21759796,63435,63445,10
13.03141022,80.21711731,63445,63455,10
13.03122997,80.21697235,63455,63465,10
13.03077984,80.21690369,63465,63475,10
13.03042984,80.21656036,63475,63495,20
13.03042984,80.21656036,63495,63506,11
13.03038025,80.21614075,63506,63516,10
13.0303297,80.21552277,63516,63526,10
13.03030968,80.21486664,63526,63536,10
13.03036022,80.21450806,63536,63546,10
13.03036976,80.21427155,63546,63556,10
13.03044987,80.21378326,63556,63566,10
13.03050995,80.21356201,63566,63576,10
13.03055954,80.21318817,63576,63586,10
13.0306797,80.21238708,63586,63596,10
13.0307703,80.21182251,63596,63606,10
13.03079987,80.21154022,63606,63617,11
13.03087044,80.2110672,63617,63627,10
13.03092003,80.21080017,63627,63637,10
13.03094006,80.21048737,63637,63647,10
13.03100014,80.21019745,63647,63657,10
13.03089046,80.21003723,63657,63667,10
13.03059959,80.20990753,63667,63677,10
13.03015041,80.20977783,63677,63687,10
13.03001976,80.2095108,63687,63697,10
13.0301199,80.20924377,63697,63728,31
13.0301199,80.20924377,63728,63738,10
13.03017998,80.20909119,63738,63748,10
13.03050995,80.20909119,63748,63758,10
13.03112984,80.20926666,63758,63768,10
13.03164005,80.20938873,63768,63778,10
13.03180981,80.20937347,63778,63788,10
13.03229046,80.20950317,63788,63798,10
13.03302002,80.20966339,63798,63808,10
13.03396034,80.2098465,63808,63818,10
13.03491974,80.20999146,63818,63828,10
13.03518963,80.20944214,63828,63838,10
13.03524017,80.2088089,63838,63859,21
13.03524017,80.2088089,63859,63869,10
13.03532028,80.20845032,63869,63879,10
13.03534985,80.20796204,63879,63889,10
13.03544044,80.20726013,63889,63899,10
13.03557968,80.20645142,63899,63909,10
13.03551006,80.20600891,63909,63919,10
13.03546047,80.20590973,63919,63929,10
13.0355196,80.20554352,63929,63939,10
13.03561974,80.20530701,63939,63949,10
13.03579044,80.20516968,63949,63960,11
13.03586006,80.20467377,63960,63976,16
13.03600979,80.20365143,63976,63988,12
13.03610992,80.20275116,63988,63998,10
13.0362196,80.20192719,63998,64008,10
13.03627968,80.20146179,64008,64018,10
13.03629971,80.20140839,64018,64027,9
13.03635979,80.20118713,64027,64038,11
13.03645039,80.20053864,64038,64048,10
13.0365696,80.19972992,64048,64058,10
13.03668022,80.1988678,64058,64069,11
13.03678036,80.19831848,64069,64079,10
13.03682041,80.19822693,64079,64089,10
13.03687954,80.19776154,64089,64099,10
13.03697968,80.19705963,64099,64109,10
13.03703976,80.19654083,64109,64119,10
13.03705978,80.19628143,64119,64129,10
13.03713036,80.19612885,64129,64139,10
13.03721046,80.19564056,64139,64149,10
13.03732014,80.19490814,64149,64159,10
13.0374403,80.19406891,64159,64169,10
13.03756046,80.19316101,64169,64179,10
13.03779984,80.19277191,64179,64190,11
13.03827,80.19275665,64190,64200,10
13.03868961,80.19284058,64200,64210,10
13.03870964,80.19284058,64210,64220,10
13.03911018,80.19291687,64220,64230,10
13.03958988,80.19300842,64230,64240,10
13.03997993,80.19309998,64240,64250,10
13.04041004,80.19315338,64250,64260,10
13.0408802,80.19325256,64260,64276,16
13.04164028,80.19338989,64276,64288,12
13.04179955,80.19367981,64288,64299,11
13.04176998,80.19391632,64299,64308,9
13.04174042,80.19402313,64308,64319,11
13.04168034,80.19445801,64319,64329,10
13.04160023,80.19512177,64329,64339,10
13.04148006,80.19592285,64339,64349,10
13.04139042,80.19654083,64349,64359,10
13.04135036,80.19689178,64359,64369,10
13.04133034,80.19700623,64369,64389,20
13.04133034,80.19700623,64389,64399,10
13.04125023,80.19748688,64399,64410,11
13.04115963,80.19819641,64410,64420,10
13.04106045,80.19898987,64420,64430,10
13.04102039,80.1993103,64430,64440,10
13.04098034,80.19940186,64440,64450,10
13.04090977,80.19985962,64450,64460,10
13.0407896,80.20059204,64460,64470,10
13.04067993,80.20152283,64470,64480,10
13.04059982,80.20204163,64480,64490,10
13.04053974,80.2024231,64490,64500,10
13.0404501,80.20304108,64500,64510,10
13.04034042,80.20385742,64510,64520,10
13.04022026,80.20471191,64520,64531,11
13.04024029,80.20506287,64531,64541,10
13.0405798,80.20511627,64541,64551,10
13.0411396,80.2052002,64551,64567,16
13.04137993,80.20523834,64567,64579,12
13.04191017,80.20532227,64579,64589,10
13.04240036,80.20539856,64589,64599,10
13.0427103,80.20561981,64599,64609,10
13.04302979,80.2061615,64609,64619,10
13.04349995,80.20678711,64619,64629,10
13.04395962,80.2075119,64629,64639,10
13.04411983,80.20832062,64639,64650,11
13.04417992,80.20876312,64650,64660,10
13.04417992,80.20896912,64660,64670,10
13.04417038,80.20915985,64670,64680,10
13.04417992,80.20941925,64680,64690,10
13.04417992,80.20990753,64690,64700,10
13.04424,80.2106781,64700,64710,10
13.04430962,80.21202087,64710,64761,51
13.04432964,80.21227264,64761,64811,50
13.04432964,80.21227264,64811,64821,10
13.04444981,80.21225739,64821,64831,10
13.04485035,80.21224976,64831,64841,10
13.04555035,80.21224213,64841,64851,10
13.04691982,80.21217346,64851,64912,61
13.04691982,80.21217346,64912,64922,10
13.04705048,80.21186066,64922,64932,10
13.04701996,80.21137238,64932,64948,16
13.04706955,80.21076965,64948,64960,12
13.04736042,80.21073914,64960,64968,8
13.04786968,80.21076965,64968,64981,13
13.04841042,80.21077728,64981,64990,9
13.0487299,80.21079254,64990,65001,11
13.04913998,80.21083069,65001,65010,9
13.04942036,80.21083069,65010,65021,11
13.04961967,80.21076202,65021,65031,10
13.04961014,80.21035767,65031,65040,9
13.04948997,80.20974731,65040,65051,11
13.04944992,80.20908356,65051,65062,11
13.04934025,80.20851898,65062,65072,10
13.04913998,80.20787048,65072,65083,11
13.04883957,80.20709229,65083,65113,30
13.04883957,80.20709229,65113,65123,10
13.04885006,80.20687103,65123,65133,10
13.04909992,80.20684052,65133,65143,10
13.04922962,80.20687103,65143,65153,10
13.04926014,80.20716095,65153,66061,908
13.0490799,80.20751953,66061,66152,91
13.0490799,80.20751953,66152,66162,10
13.04924011,80.20745087,66162,66273,111
13.04924011,80.20745087,66273,66283,10
13.0490303,80.20751953,66283,66293,10
13.04909992,80.20777893,66293,66303,10
13.04922009,80.20823669,66303,66313,10
13.04934025,80.2087326,66313,66324,11
13.04938984,80.20884705,66324,66334,10
13.04944992,80.20912933,66334,66344,10
13.04953003,80.20934296,66344,66354,10
13.04955006,80.20947266,66354,66364,10
13.04961014,80.20983887,66364,66374,10
13.04965973,80.2104187,66374,66384,10
13.04973984,80.21103668,66384,66394,10
13.04981995,80.21170044,66394,66424,30
13.04981995,80.21170044,66424,66434,10
13.04983997,80.2117691,66434,66445,11
13.04988003,80.21202087,66445,66455,10
13.04988003,80.2121582,66455,66465,10
13.04957962,80.21221161,66465,66514,49
13.04957962,80.21221161,66514,66525,11
13.04905987,80.2121582,66525,66535,10
13.04841995,80.21219635,66535,66545,10
13.04761028,80.21228027,66545,66556,11
13.04660988,80.21233368,66556,66566,10
13.0455904,80.21237946,66566,66646,80
13.0455904,80.21237946,66646,66656,10
13.04533005,80.21237946,66656,66667,11
13.04512024,80.21240234,66667,66677,10
13.04477024,80.21240997,66677,66687,10
13.0444603,80.21240997,66687,66697,10
13.04421997,80.21225739,66697,66707,10
13.04417992,80.21174622,66707,66717,10
13.04413986,80.2110672,66717,66727,10
13.04407978,80.21031189,66727,66737,10
13.04407024,80.20977783,66737,66747,10
13.04407024,80.20954895,66747,66757,10
13.04407978,80.2094574,66757,66767,10
13.04407024,80.20919037,66767,66778,11
13.04403973,80.20894623,66778,66788,10
13.04403019,80.20870209,66788,66798,10
13.0440197,80.20806122,66798,66808,10
13.04382038,80.20732117,66808,66818,10
13.04335976,80.20661926,66818,66828,10
13.04281998,80.2059021,66828,66838,10
13.04226017,80.20542145,66838,66848,10
13.04178047,80.20526123,66848,66858,10
13.04141998,80.20523071,66858,66868,10
13.04090023,80.20516205,66868,66889,21
13.04090023,80.20516205,66889,66899,10
13.04063034,80.20513916,66899,66919,20
13.04063034,80.20513916,66919,66929,10
13.04032993,80.2050705,66929,66939,10
13.0398798,80.20497894,66939,66949,10
13.0392704,80.20484924,66949,66959,10
13.03857994,80.20475769,66959,66969,10
13.03814983,80.2046814,66969,66979,10
13.03812027,80.204422,66979,66989,10
13.03816032,80.20401764,66989,66999,10
13.03824043,80.20345306,66999,67010,11
13.03835011,80.20276642,67010,67020,10
13.03843975,80.2022171,67020,67030,10
13.0384798,80.20172119,67030,67040,10
13.03855038,80.20140076,67040,67050,10
13.03861046,80.20094299,67050,67060,10
13.03870964,80.20028687,67060,67070,10
13.03886032,80.19924164,67070,67090,20
13.03886032,80.19924164,67090,67100,10
13.03888988,80.1989975,67100,67111,11
13.03896999,80.19851685,67111,67121,10
13.03905964,80.19788361,67121,67131,10
13.03921032,80.19689941,67131,67161,30
13.03921032,80.19689941,67161,67171,10
13.03923988,80.19667816,67171,67180,9
13.03927994,80.1964798,67180,67191,11
13.03934002,80.19605255,67191,67201,10
13.0394001,80.1954422,67201,67211,10
13.03944969,80.19490051,67211,67221,10
13.03956985,80.19419861,67221,67232,11
13.03973007,80.19341278,67232,67242,10
13.03973007,80.19315338,67242,67252,10
13.03969002,80.19303894,67252,67262,10
13.03931046,80.19297791,67262,67272,10
13.03866959,80.19287872,67272,67292,20
13.03866959,80.19287872,67292,67302,10
13.0384798,80.19287109,67302,67312,10
13.03808022,80.19284058,67312,67322,10
13.03765965,80.19293976,67322,67332,10
13.03756046,80.19358826,67332,67343,11
13.03742027,80.19451904,67343,67359,16
13.03719997,80.19603729,67359,67381,22
13.03719997,80.19603729,67381,67390,9
13.03717995,80.1962738,67390,67401,11
13.03711033,80.19674683,67401,67410,9
13.0369997,80.1974411,67410,67421,11
13.03687954,80.19815826,67421,67431,10
13.03682041,80.19863892,67431,67441,10
13.03680992,80.1986618,67441,67452,11
13.03678036,80.19882965,67452,67462,10
13.03672028,80.19930267,67462,67472,10
13.03660965,80.19998169,67472,67482,10
13.03647995,80.20075226,67482,67492,10
13.03639984,80.20128632,67492,67502,10
13.03633976,80.20178223,67502,67522,20
13.03633976,80.20178223,67522,67532,10
13.03629971,80.20214081,67532,67542,10
13.0362196,80.20263672,67542,67552,10
13.03612041,80.20336151,67552,67562,10
13.03604031,80.20404053,67562,67573,11
13.0359602,80.20452118,67573,67583,10
13.03590012,80.20504761,67583,67593,10
13.03579998,80.20571899,67593,67603,10
13.03577995,80.20588684,67603,67613,10
13.0357399,80.20607758,67613,67623,10
13.03565979,80.2065506,67623,67633,10
13.03557968,80.20723724,67633,67643,10
13.03549004,80.20791626,67643,67653,10
13.03538036,80.20851135,67653,67673,20
13.03538036,80.20851135,67673,67684,11
13.03536034,80.2086792,67684,67694,10
13.03530979,80.20906067,67694,67704,10
13.03520966,80.20967865,67704,67714,10
13.03511047,80.21035004,67714,67724,10
13.03495026,80.21060944,67724,67734,10
13.03489017,80.21112061,67734,67744,10
13.03477955,80.21183014,67744,67754,10
13.03435993,80.21209717,67754,67764,10
13.03359032,80.21199799,67764,67774,10
13.03279018,80.2118988,67774,67784,10
13.03250027,80.21188354,67784,67795,11
13.03250027,80.21186829,67795,67805,10
13.03234005,80.21180725,67805,67815,10
13.03192043,80.21172333,67815,67825,10
13.03184032,80.21147919,67825,67835,10
13.03188992,80.21099854,67835,67845,10
13.03197956,80.21034241,67845,67855,10
13.03205013,80.20974731,67855,67865,10
13.03164005,80.20957947,67865,67875,10
13.03096008,80.2093811,67875,67885,10
13.03030968,80.20916748,67885,67895,10
13.03013039,80.209198,67895,67906,11
13.02999973,80.20955658,67906,67926,20
13.02999973,80.20955658,67926,67936,10
13.02995968,80.20970917,67936,67946,10
13.03017044,80.20983124,67946,67956,10
13.03081036,80.21000671,67956,67976,20
13.03081036,80.21000671,67976,67986,10
13.03096008,80.21034241,67986,67996,10
13.03090954,80.21083832,67996,68006,10
13.03087044,80.21112823,68006,68017,11
13.03081036,80.21156311,68017,68027,10
13.03077984,80.21180725,68027,68037,10
13.03071976,80.21221161,68037,68047,10
13.03063011,80.21279907,68047,68057,10
13.03054047,80.21341705,68057,68067,10
13.03048992,80.21369934,68067,68077,10
13.03044033,80.21398926,68077,68087,10
13.03038025,80.21453094,68087,68097,10
13.03034973,80.21472168,68097,68107,10
13.03034019,80.21495819,68107,68117,10
13.03034019,80.21550751,68117,68128,11
13.03036022,80.21624756,68128,68138,10
13.0304203,80.21681213,68138,68148,10
13.03059006,80.21692657,68148,68158,10
13.03059006,80.21691895,68158,68168,10
13.03071976,80.21685791,68168,68178,10
13.03120041,80.21690369,68178,68198,20
13.03120041,80.21690369,68198,68208,10
13.0314703,80.21713257,68208,68218,10
13.03149986,80.21764374,68218,68228,10
13.03157997,80.21823883,68228,68238,10
13.03213024,80.21842194,68238,68249,11
13.03219032,80.21884918,68249,68259,10
13.03219986,80.21941376,68259,68269,10
13.03217983,80.22028351,68269,68289,20
13.03217983,80.22028351,68289,68299,10
13.03211975,80.22054291,68299,68309,10
13.03199005,80.22104645,68309,68319,10
13.03184032,80.22161865,68319,68329,10
13.03157997,80.22216034,68329,68339,10
13.03131962,80.22264862,68339,68349,10
13.03116035,80.2233429,68349,68360,11
13.03114033,80.22396851,68360,68370,10
13.03114033,80.22398376,68370,68380,10
13.03112984,80.22425842,68380,68390,10
13.03081989,80.22429657,68390,68400,10
13.03026009,80.22428894,68400,68410,10
13.02960968,80.22427368,68410,68420,10
13.02898026,80.22416687,68420,68440,20
13.02898026,80.22416687,68440,68450,10
13.02859974,80.22402191,68450,68460,10
13.0283699,80.22440338,68460,68471,11
13.02820015,80.22525024,68471,68481,10
13.02799988,80.22608948,68481,68491,10
13.02787018,80.22676086,68491,68501,10
13.0279398,80.22698212,68501,68511,10
13.0282402,80.22705841,68511,68521,10
13.02855968,80.22709656,68521,68531,10
13.02877998,80.22717285,68531,68541,10
13.0292902,80.22725677,68541,68551,10
13.02995968,80.22737885,68551,68561,10
13.03042984,80.2275238,68561,68571,10
13.03038025,80.22792053,68571,68592,21
13.03038025,80.22792053,68592,68602,10
13.03030014,80.22831726,68602,68612,10
13.03026009,80.22875977,68612,68622,10
13.03032017,80.22942352,68622,68632,10
13.03061008,80.23027039,68632,68771,139
13.03061008,80.23027039,68771,68782,11
13.03069019,80.23062134,68782,68792,10
13.03044987,80.23074341,68792,68802,10
13.02995968,80.2307663,68802,68823,21
13.02995968,80.2307663,68823,68833,10
13.02968025,80.23079681,68833,68843,10
13.02931023,80.2308197,68843,68853,10
13.0287199,80.23085785,68853,68863,10
13.02805042,80.23094177,68863,68873,10
13.02766991,80.23100281,68873,68883,10
13.02762032,80.23121643,68883,68893,10
13.02766037,80.23162079,68893,68903,10
13.02773952,80.23217773,68903,68914,11
13.02777958,80.23274994,68914,68924,10
13.02752018,80.23281097,68924,68934,10
13.02742004,80.23287964,68934,68944,10
13.02717972,80.23291779,68944,68954,10
13.02696991,80.2329483,68954,68964,10
13.02678013,80.23300171,68964,68974,10
13.02651978,80.23300934,68974,68984,10
13.02630997,80.23271942,68984,68994,10
13.02618027,80.23229218,68994,69004,10
13.02612972,80.23200989,69004,69014,10
13.02608013,80.23179626,69014,69024,10
13.02608013,80.23178864,69024,69035,11
13.02602005,80.23162079,69035,69045,10
13.02591038,80.23123169,69045,69055,10
13.02577019,80.23065948,69055,69065,10
13.02534962,80.22997284,69065,69075,10
13.02474022,80.22924042,69075,69095,20
13.02474022,80.22924042,69095,69105,10
13.02458,80.22901917,69105,69115,10
13.02431965,80.22866058,69115,69125,10
13.02388,80.2281723,69125,69146,21
13.02388,80.2281723,69146,69156,10
13.02369022,80.22792053,69156,69166,10
13.02342033,80.22766113,69166,69176,10
13.02322006,80.22747803,69176,69186,10
13.02297974,80.22721863,69186,69196,10
13.02254009,80.22679901,69196,69206,10
13.02198029,80.22631836,69206,69216,10
13.02130985,80.22577667,69216,69226,10
13.02064991,80.22525787,69226,69236,10
13.02015018,80.22492218,69236,69246,10
13.0196104,80.2245636,69246,69257,11
13.0187397,80.22444153,69257,69267,10
13.01790047,80.22480011,69267,69277,10
13.0170002,80.22515869,69277,69287,10
13.01646996,80.22538757,69287,69297,10
13.01624012,80.22547913,69297,69307,10
13.01580048,80.22566986,69307,69317,10
13.01531982,80.2258606,69317,69327,10
13.01496029,80.22599792,69327,69337,10
13.01432037,80.22624207,69337,69357,20
13.01432037,80.22624207,69357,69368,11
13.01395988,80.22637939,69368,69378,10
13.01340008,80.22660065,69378,69388,10
13.01270008,80.22686768,69388,69398,10
13.01189995,80.22714996,69398,69408,10
13.01099968,80.22750854,69408,69418,10
13.01008034,80.22788239,69418,69428,10
13.00922012,80.22831726,69428,69438,10
13.00897026,80.22924805,69438,69448,10
13.00874043,80.23033142,69448,69458,10
13.00852013,80.23143768,69458,69468,10
13.00831032,80.23256683,69468,69479,11
13.00815964,80.23352051,69479,69489,10
13.00813007,80.23365784,69489,69499,10
13.00809002,80.23375702,69499,69509,10
13.00800037,80.23410797,69509,69519,10
13.0079298,80.23451233,69519,69529,10
13.00788021,80.23484039,69529,69549,20
13.00788021,80.23484039,69549,69559,10
13.00784016,80.23506927,69559,69569,10
13.00774956,80.23554993,69569,69579,10
13.00763988,80.23609924,69579,69590,11
13.00755024,80.23651123,69590,69600,10
13.00749016,80.23683167,69600,69610,10
13.00739002,80.2372818,69610,69620,10
13.0073204,80.23767853,69620,69630,10
13.00726986,80.2379303,69630,69640,10
13.00720978,80.23828125,69640,69650,10
13.00710011,80.23882294,69650,69660,10
13.00689983,80.23988342,69660,69741,81
13.00689983,80.23988342,69741,69751,10
13.00689983,80.24006653,69751,69761,10
13.00683975,80.24054718,69761,69771,10
13.0067997,80.24067688,69771,69781,10
13.00673008,80.24098969,69781,69791,10
13.00667,80.24157715,69791,69801,10
13.00666046,80.24234009,69801,69811,10
13.00666046,80.24326324,69811,69852,41
13.00666046,80.24326324,69852,69862,10
13.00662994,80.24395752,69862,69872,10
13.00662994,80.24472046,69872,69902,30
13.00662994,80.24511719,69902,69933,31
13.00666046,80.24550629,69933,69959,26
13.00666046,80.24550629,69959,69971,12
13.00667953,80.24590302,69971,69981,10
13.00667953,80.24611664,69981,69991,10
13.00669956,80.24658966,69991,70001,10
13.00671959,80.24733734,70001,70011,10
13.00669956,80.24819946,70011,70021,10
13.00677013,80.24897766,70021,70031,10
13.00681973,80.2494278,70031,70042,11
13.0067997,80.24963379,70042,70051,9
13.00675964,80.25003815,70051,70062,11
13.00675011,80.25066376,70062,70071,9
13.00675011,80.25071716,70071,70082,11
13.00673962,80.25087738,70082,70092,10
13.00673962,80.25128937,70092,70102,10
13.00664997,80.25180054,70102,70112,10
13.00650978,80.25254059,70112,70122,10
13.00650978,80.25338745,70122,70132,10
13.0065403,80.25470734,70132,70173,41
13.0065403,80.25470734,70173,70183,10
13.00650978,80.25505066,70183,70193,10
13.00650024,80.25565338,70193,70203,10
13.00652027,80.25640106,70203,70223,20
13.00652027,80.25640106,70223,70233,10
13.00650024,80.25650787,70233,70243,10
13.00652981,80.25688171,70243,70253,10
13.00660038,80.25733948,70253,70263,10
13.00625038,80.25753784,70263,70274,11
13.00572014,80.2574234,70274,70284,10
13.00531006,80.25730896,70284,70294,10
13.00475979,80.25715637,70294,70324,30
13.00475979,80.25715637,70324,70334,10
13.00459003,80.25714874,70334,70344,10
13.00452042,80.25714111,70344,70354,10
13.0043602,80.25708771,70354,70364,10
13.00415993,80.25704193,70364,70381,17
13.00393963,80.25700378,70381,70393,12
13.00368023,80.25695801,70393,70403,10
13.00341034,80.25688171,70403,70413,10
13.00321007,80.25682831,70413,70453,40
13.00321007,80.25682831,70453,70462,9
13.00280952,80.25673676,70462,70474,12
13.00242043,80.25669098,70474,70484,10
13.00197029,80.25660706,70484,70495,11
13.00142956,80.25653076,70495,70505,10
13.0009203,80.2564621,70505,70515,10
13.00035954,80.25637054,70515,70525,10
12.99981022,80.25627899,70525,70535,10
12.9995203,80.25624084,70535,70545,10
12.99917984,80.2561264,70545,70555,10
12.99870014,80.25605774,70555,70575,20
12.99870014,80.25605774,70575,70585,10
12.99839973,80.25601959,70585,70595,10
12.99790001,80.25598145,70595,70606,11
12.99750042,80.25595856,70606,70727,121
12.99750042,80.25595856,70727,70737,10
12.99736977,80.25592041,70737,70747,10
12.99701977,80.25591278,70747,70757,10
12.99685955,80.25604248,70757,70767,10
12.99680042,80.25650024,70767,70777,10
12.9967804,80.25697327,70777,70787,10
12.9967804,80.2569809,70787,70797,10
12.99676037,80.25733185,70797,70807,10
12.99670029,80.25788116,70807,70817,10
12.99660969,80.25856781,70817,70827,10
12.99654961,80.2591629,70827,70838,11
12.99647999,80.25968933,70838,70848,10
12.99641991,80.26039124,70848,70858,10
12.99635983,80.26101685,70858,70868,10
12.99629974,80.26159668,70868,70878,10
12.99625969,80.26187897,70878,70888,10
12.99617958,80.26220703,70888,70898,10
12.99617958,80.26222229,70898,70908,10
12.99613953,80.26246643,70908,70918,10
12.99610043,80.26291656,70918,70928,10
12.9960804,80.26351929,70928,70938,10
12.99600983,80.26425934,70938,70949,11
12.99594021,80.26502228,70949,70959,10
12.9958601,80.26580811,70959,70969,10
12.99580002,80.26651764,70969,70979,10
12.99575996,80.26677704,70979,70989,10
12.99575996,80.26696777,70989,70999,10
12.99571991,80.26721954,70999,71181,182
12.99571991,80.26721954,71181,71191,10
12.99567986,80.26748657,71191,71201,10
12.99582005,80.26766205,71201,71211,10
12.99623013,80.26770782,71211,71221,10
12.99670029,80.2677536,71221,71231,10
12.9972496,80.26760101,71231,71241,10
12.99787998,80.26741791,71241,71251,10
12.99866009,80.26721191,71251,71261,10
12.99946022,80.26695251,71261,71271,10
13.00004005,80.26663971,71271,71282,11
13.00008011,80.26654816,71282,71292,10
13.00012016,80.2662735,71292,71302,10
13.00018024,80.26580048,71302,71312,10
13.00028038,80.26567841,71312,71322,10
13.00032997,80.26605225,71322,71433,111
13.00032997,80.26605225,71433,71443,10
13.00030994,80.26621246,71443,71604,161
13.00028038,80.26615906,71604,71857,253
13.00028038,80.26615906,71857,71867,10
13.00026035,80.2665329,71867,71877,10
13.00014973,80.26682281,71877,71887,10
12.99981022,80.266922,71887,71897,10
12.99923992,80.26708221,71897,71907,10
12.99886036,80.2671814,71907,71917,10
12.99866962,80.26721954,71917,71927,10
12.99847031,80.26730347,71927,71937,10
12.99827957,80.26737213,71937,71947,10
12.99800014,80.2674408,71947,71958,11
12.99771023,80.26753998,71958,71968,10
12.99740028,80.26760864,71968,71978,10
12.99676991,80.26777649,71978,72190,212
12.99647999,80.2677536,72190,72210,20
12.99647999,80.2677536,72210,72220,10
12.99619007,80.26773071,72220,72230,10
12.99612045,80.2677002,72230,72240,10
12.99592972,80.2677002,72240,72250,10
12.99573994,80.26767731,72250,72260,10
12.99559975,80.26761627,72260,72270,10
12.99565029,80.26715851,72270,72290,20
12.99565029,80.26715851,72290,72301,11
12.99569035,80.26677704,72301,72311,10
12.99575996,80.26618195,72311,72321,10
12.9958601,80.26541901,72321,72331,10
12.99594021,80.26464081,72331,72341,10
12.99604034,80.26392365,72341,72351,10
12.99610996,80.26316833,72351,72361,10
12.99613953,80.26284027,72361,72371,10
12.99615955,80.26264191,72371,72381,10
12.99619007,80.26241302,72381,72450,69
12.99619007,80.26241302,72450,72460,10
12.99625015,80.26200104,72460,72470,10
12.99627972,80.2618103,72470,72480,10
12.99633026,80.2613678,72480,72490,10
12.99639034,80.26074219,72490,72500,10
12.99647999,80.26010895,72500,72509,9
12.99645996,80.25988007,72509,72521,12
12.99650002,80.25933075,72521,72531,10
12.99656963,80.2587738,72531,72541,10
12.99664974,80.25813293,72541,72551,10
12.99672985,80.25746155,72551,72560,9
12.9967804,80.25702667,72560,72571,11
12.99685001,80.25666046,72571,72672,101
12.99685001,80.25666046,72672,72682,10
12.99680996,80.25649261,72682,72692,10
12.99683952,80.25610352,72692,72702,10
12.99705029,80.25579071,72702,72712,10
12.99752045,80.25583649,72712,72722,10
12.99796009,80.25591278,72722,72732,10
12.99874973,80.25602722,72732,72773,41
12.99874973,80.25602722,72773,72783,10
12.99897003,80.25608063,72783,72793,10
12.9990797,80.25610352,72793,72803,10
12.99981976,80.25624084,72803,72823,20
12.99981976,80.25624084,72823,72833,10
13.00018978,80.25631714,72833,72843,10
13.00063038,80.25637054,72843,72853,10
13.00098038,80.25643158,72853,72864,11
13.00142956,80.25652313,72864,72874,10
13.00191021,80.25659943,72874,72884,10
13.00242043,80.25668335,72884,72894,10
13.00277996,80.25675964,72894,72904,10
13.00323009,80.2568512,72904,72914,10
13.00380993,80.25695038,72914,72924,10
13.00442982,80.25705719,72924,72934,10
13.00508976,80.25720978,72934,72950,16
13.00629997,80.2574234,72950,72983,33
13.00629997,80.2574234,72983,72992,9
13.00634003,80.25743103,72992,73003,11
13.00646973,80.25730133,73003,73013,10
13.00646019,80.25700378,73013,73022,9
13.00646973,80.25646973,73022,73033,11
13.00648022,80.2557373,73033,73043,10
13.00650024,80.25521088,73043,73053,10
13.00652027,80.25473785,73053,73063,10
13.00648975,80.25441742,73063,73073,10
13.00646973,80.25421143,73073,73084,11
13.00646019,80.25382233,73084,73094,10
13.00648022,80.2533493,73094,73164,70
13.00648022,80.2533493,73164,73174,10
13.00648975,80.25308228,73174,73184,10
13.00648975,80.2527771,73184,73195,11
13.00660992,80.25209808,73195,73295,100
13.00660992,80.25209808,73295,73306,11
13.00664997,80.25190735,73306,73316,10
13.00673962,80.25137329,73316,73326,10
13.00675964,80.25064087,73326,73336,10
13.00675011,80.24978638,73336,73346,10
13.00673008,80.24916077,73346,73417,71
13.00673008,80.24916077,73417,73427,10
13.00667953,80.24881744,73427,73437,10
13.00666046,80.24848175,73437,73447,10
13.00662041,80.24790955,73447,73517,70
13.00662041,80.24790955,73517,73527,10
13.00664043,80.24755859,73527,73538,11
13.00662041,80.24701691,73538,73548,10
13.0065403,80.24667358,73548,73558,10
13.00652981,80.24665833,73558,73568,10
13.00658989,80.24632263,73568,73578,10
13.00660038,80.24569702,73578,73588,10
13.00658035,80.24497223,73588,73598,10
13.00660038,80.24421692,73598,73608,10
13.00658035,80.24346161,73608,73618,10
13.00656986,80.24263763,73618,73628,10
13.00656033,80.24169159,73628,73638,10
13.00671959,80.2403717,73638,73699,61
13.00671959,80.2403717,73699,73709,10
13.00677967,80.23992157,73709,73719,10
13.00691986,80.23935699,73719,73729,10
13.00704002,80.2385788,73729,73739,10
13.00720978,80.23780823,73739,73749,10
13.00736046,80.23713684,73749,73761,12
13.00739956,80.23671722,73761,73771,10
13.00743008,80.23661804,73771,73781,10
13.00753021,80.23629761,73781,73791,10
13.00763035,80.23574066,73791,73801,10
13.00778961,80.23500824,73801,73811,10
13.0079298,80.23419952,73811,73821,10
13.00811958,80.23326874,73821,73831,10
13.00831985,80.23222351,73831,73841,10
13.00852013,80.23120117,73841,73851,10
13.00870991,80.23023987,73851,73861,10
13.00887966,80.22931671,73861,73872,11
13.00911999,80.22830963,73872,73882,10
13.00948048,80.22743988,73882,73892,10
13.00992012,80.22647858,73892,73902,10
13.01033974,80.22557068,73902,73912,10
13.0106802,80.22483826,73912,73922,10
13.01099968,80.22415161,73922,73932,10
13.01134014,80.22335815,73932,73942,10
13.01163006,80.22264099,73942,73952,10
13.01191998,80.22174835,73952,73961,9
13.01229,80.2213974,73961,73972,11
13.01255989,80.22180176,73972,73983,11
13.01305962,80.22245789,73983,73993,10
13.01362038,80.22309113,73993,74002,9
13.01406956,80.22361755,74002,74013,11
13.01476955,80.22438049,74013,74022,9
13.01519966,80.22479248,74022,74033,11
13.01544952,80.22489166,74033,74043,10
13.0155201,80.22496796,74043,74053,10
13.01558018,80.22505188,74053,74063,10
13.01585007,80.22528076,74063,74073,10
13.01644039,80.22531128,74073,74083,10
13.01716995,80.22503662,74083,74093,10
13.01797962,80.22471619,74093,74104,11
13.01883984,80.22437286,74104,74114,10
13.01920033,80.22428131,74114,74124,10
13.01920986,80.22428131,74124,74134,10
13.01939011,80.22434998,74134,74144,10
13.01945972,80.22440338,74144,74154,10
13.01953983,80.22447205,74154,74164,10
13.0197897,80.22458649,74164,74174,10
13.02013969,80.22485352,74174,74184,10
13.02060032,80.22515869,74184,74194,10
13.02099037,80.22544861,74194,74204,10
13.02138996,80.22573853,74204,74215,11
13.02200031,80.22621155,74215,74225,10
13.02262974,80.22676086,74225,74235,10
13.02330971,80.22737885,74235,74245,10
13.02398968,80.22805023,74245,74255,10
13.02455997,80.22878265,74255,74265,10
13.02499962,80.22937012,74265,74275,10
13.02552032,80.23005676,74275,74285,10
13.02589989,80.23082733,74285,74295,10
13.02614975,80.2313385,74295,74305,10
13.02668953,80.23116302,74305,74315,10
13.02740002,80.23098755,74315,74326,11
13.02849007,80.23087311,74326,74346,20
13.02849007,80.23087311,74346,74356,10
13.02875042,80.23082733,74356,74366,10
13.0292902,80.23075867,74366,74386,20
13.0292902,80.23075867,74386,74396,10
13.02952957,80.2307663,74396,74406,10
13.03003025,80.23074341,74406,74416,10
13.03057957,80.23069,74416,74426,10
13.03063011,80.23065948,74426,74442,16
13.03059959,80.2302475,74442,74455,13
13.03030014,80.22943115,74455,74465,10
13.03026962,80.2287674,74465,74475,10
13.03030968,80.22850037,74475,74485,10
13.03034019,80.22831726,74485,74495,10
13.03034973,80.22814941,74495,74505,10
13.03034973,80.22808838,74505,74515,10
13.03038979,80.22770691,74515,74525,10
13.03026962,80.22747803,74525,74535,10
13.02980995,80.22738647,74535,74546,11
13.02921963,80.22730255,74546,74556,10
13.02873039,80.22720337,74556,74566,10
13.02855968,80.22715759,74566,74576,10
13.02820969,80.22707367,74576,74587,11
13.02791977,80.2269516,74587,74597,10
13.02789974,80.22654724,74597,74607,10
13.02801991,80.22595215,74607,74617,10
13.02818966,80.22514343,74617,74627,10
13.02840042,80.22425842,74627,74637,10
13.02851963,80.22400665,74637,74647,10
13.02873993,80.22399902,74647,74658,11
13.02888012,80.22402954,74658,74668,10
13.02914047,80.22422028,74668,74678,10
13.02968979,80.22424316,74678,74688,10
13.03015041,80.22425079,74688,74698,10
13.03059959,80.22427368,74698,74708,10
13.03108978,80.22422791,74708,74718,10
13.03112984,80.22396088,74718,74728,10
13.03114986,80.22353363,74728,74738,10
13.03116035,80.22335815,74738,74748,10
13.03124046,80.22299957,74748,74758,10
13.03145981,80.22247314,74758,74769,11
13.03176975,80.22180939,74769,74779,10
13.03195953,80.22123718,74779,74789,10
13.03213978,80.22058105,74789,74799,10
13.03215981,80.22009277,74799,74809,10
13.03217983,80.21990967,74809,74819,10
13.03217983,80.21961212,74819,74829,10
13.03219986,80.21955109,74829,74839,10
13.03219986,80.21917725,74839,74849,10
13.03215027,80.21858215,74849,74859,10
13.03172016,80.21842957,74859,74869,10
13.0314703,80.21807861,74869,74880,11
13.03141975,80.21736145,74880,74890,10
13.03135967,80.21704865,74890,74900,10
13.03114033,80.21695709,74900,74910,10
13.03065968,80.21694946,74910,74920,10
13.03042984,80.21666718,74920,74930,10
13.0304203,80.21659851,74930,74940,10
13.03040981,80.21626282,74940,74950,10
13.03036022,80.2155838,74950,74960,10
13.03034019,80.21504211,74960,74970,10
13.03034973,80.21450806,74970,74980,10
13.03036976,80.21427917,74980,74990,10
13.03044033,80.21378326,74990,75001,11
13.03048038,80.21353149,75001,75011,10
13.03054047,80.21312714,75011,75021,10
13.03063011,80.21247864,75021,75031,10
13.03073978,80.21185303,75031,75041,10
13.03077984,80.21150208,75041,75051,10
13.03081036,80.21125793,75051,75061,10
13.03085041,80.21099854,75061,75071,10
13.03092957,80.2105484,75071,75081,10
13.03098011,80.2101593,75081,75091,10
13.03081989,80.20999908,75091,75101,10
13.03054047,80.2098999,75101,75112,11
13.03003979,80.20976257,75112,75122,10
13.03001022,80.20954132,75122,75132,10
13.03009987,80.20922852,75132,75202,70
13.03009987,80.20922852,75202,75212,10
13.03040028,80.20906067,75212,75223,11
13.03110981,80.20924377,75223,75233,10
13.03159046,80.20937347,75233,75243,10
13.03168964,80.20939636,75243,75252,9
13.0320797,80.20948029,75252,75263,11
13.03281975,80.20963287,75263,75273,10
13.03376007,80.20980835,75273,75283,10
13.03466034,80.20996094,75283,75293,10
13.03511047,80.2097702,75293,75303,10
13.03518009,80.2093277,75303,75313,10
13.0352602,80.20870209,75313,75323,10
13.0352602,80.20861816,75323,75334,11
13.03528976,80.20836639,75334,75344,10
13.03536987,80.207901,75344,75354,10
13.03546047,80.20722198,75354,75370,16
13.03563023,80.20610809,75370,75382,12
13.03549957,80.20575714,75382,75402,20
13.03549957,80.20575714,75402,75412,10
13.03559017,80.20527649,75412,75443,31
13.03559017,80.20527649,75443,75452,9
13.03569984,80.20516205,75452,75463,11
13.03582954,80.20484161,75463,75473,10
13.03592014,80.2042923,75473,75483,10
13.03602982,80.20359802,75483,75493,10
13.03616047,80.20281982,75493,75503,10
13.03627968,80.20201874,75503,75513,10
13.03635025,80.20152283,75513,75533,20
13.03635025,80.20152283,75533,75543,10
13.0364399,80.20098877,75543,75553,10
13.03652,80.20043945,75553,75564,11
13.03666019,80.1995697,75564,75574,10
13.03678036,80.19876862,75574,75584,10
13.03682041,80.19830322,75584,75594,10
13.03684998,80.19812012,75594,75604,10
13.03689957,80.19773102,75604,75614,10
13.03697014,80.1973114,75614,75624,10
13.03709984,80.19644165,75624,75644,20
13.03709984,80.19644165,75644,75654,10
13.03715992,80.1960907,75654,75665,11
13.03722,80.19564056,75665,75675,10
13.03730965,80.19509888,75675,75685,10
13.03740978,80.19439697,75685,75695,10
13.03752995,80.19355011,75695,75705,10
13.03765011,80.19284058,75705,75715,10
13.03789997,80.19274902,75715,75725,10
13.03808022,80.19274139,75725,75735,10
13.03837013,80.19277954,75735,75745,10
13.03882027,80.19284821,75745,75755,10
13.03897953,80.19287872,75755,75765,10
13.03934002,80.19294739,75765,75775,10
13.03985977,80.19303131,75775,75786,11
13.04053974,80.19315338,75786,75796,10
13.04086018,80.19319916,75796,75806,10
13.04135036,80.19326782,75806,75816,10
13.04176044,80.19333649,75816,75826,10
13.04181957,80.19345856,75826,75835,9
13.04178047,80.19381714,75835,75846,11
13.04176998,80.19407654,75846,75856,10
13.0417099,80.19454956,75856,75866,10
13.04160976,80.1951828,75866,75876,10
13.04152012,80.1958313,75876,75886,10
13.04144001,80.1962204,75886,75897,11
13.04137993,80.19676208,75897,75907,10
13.0413599,80.19696045,75907,75917,10
13.04129982,80.19730377,75917,75927,10
13.04121971,80.19792938,75927,75937,10
13.04113007,80.19853973,75937,75947,10
13.04106998,80.19905853,75947,75957,10
13.04104996,80.19924927,75957,75967,10
13.04098034,80.19960785,75967,75977,10
13.04090977,80.20021057,75977,75987,10
13.0407896,80.20098114,75987,75997,10
13.0406599,80.20176697,75997,76007,10
13.0405798,80.20210266,76007,76018,11
13.04049969,80.20269012,76018,76028,10
13.04039001,80.20343781,76028,76038,10
13.0403204,80.20397949,76038,76048,10
13.04024982,80.20446777,76048,76058,10
13.04018021,80.20491791,76058,76068,10
13.04036999,80.20503235,76068,76078,10
13.04059029,80.20506287,76078,76088,10
13.04094982,80.20511627,76088,76098,10
13.04102993,80.20513153,76098,76108,10
13.04121971,80.20516968,76108,76118,10
13.04156017,80.20522308,76118,76129,11
13.04193974,80.20526123,76129,76139,10
13.04251957,80.20540619,76139,76149,10
13.04283047,80.20578766,76149,76165,16
13.04354954,80.20680237,76165,76177,12
13.04403973,80.20767212,76177,76187,10
13.04415035,80.20826721,76187,76196,9
13.04415035,80.20876312,76196,76208,12
13.04415989,80.20890045,76208,76218,10
13.04417992,80.20903778,76218,76229,11
13.04417992,80.20919037,76229,76240,11
13.04419994,80.2096405,76240,76250,10
13.04421997,80.21037292,76250,76260,10
13.04423046,80.21105957,76260,76270,10
13.04432011,80.21211243,76270,76300,30
13.04432011,80.21211243,76300,76310,10
13.0444603,80.21225739,76310,76320,10
13.04487991,80.21221924,76320,76330,10
13.04555988,80.21218872,76330,76340,10
13.04636002,80.21217346,76340,76351,11
13.0469799,80.21211243,76351,76361,10
13.0471096,80.21208954,76361,76371,10
13.04710007,80.21195221,76371,76381,10
13.04710007,80.21182251,76381,76391,10
13.04708004,80.21141815,76391,76401,10
13.04703999,80.21086121,76401,76411,10
13.04728985,80.21073914,76411,76421,10
13.04798031,80.21073914,76421,76431,10
13.04864025,80.21077728,76431,76441,10
13.04911041,80.21079254,76441,76451,10
13.04928017,80.21080017,76451,76462,11
13.04944038,80.21080017,76462,76472,10
13.0496397,80.21080017,76472,76482,10
13.04967022,80.21050262,76482,76492,10
13.04959965,80.20996094,76492,76502,10
13.04953957,80.20961761,76502,76512,10
13.04951,80.20939636,76512,76522,10
13.04948044,80.2090683,76522,76532,10
13.04942036,80.20876312,76532,76542,10
13.04930019,80.2082901,76542,76552,10
13.04911041,80.20774078,76552,76562,10
13.0488596,80.20706177,76562,76589,27
13.0488596,80.20706177,76589,76601,12
13.04889965,80.20680237,76601,76611,10
13.04911041,80.20675659,76611,76621,10
13.04926014,80.20680237,76621,76629,8
13.04924965,80.20709229,76629,76702,73
13.04918957,80.20732117,76702,76782,80
13.04918957,80.20732117,76782,76793,11
13.04911041,80.20762634,76793,76803,10
13.04922009,80.20807648,76803,76813,10
13.04934978,80.20874023,76813,76822,9
13.04948044,80.209198,76822,76833,11
13.04955006,80.20967102,76833,76843,10
13.04961014,80.21005249,76843,76853,10
13.04967022,80.21051788,76853,76863,10
13.04973984,80.21109009,76863,76873,10
13.04979038,80.21151733,76873,76883,10
13.04979992,80.21157837,76883,76893,10
13.04983997,80.2117691,76893,76904,11
13.04986954,80.21199036,76904,76914,10
13.04983044,80.21221924,76914,76924,10
13.04957962,80.21221161,76924,76954,30
13.04957962,80.21221161,76954,76964,10
13.04911995,80.21219635,76964,76974,10
13.04862022,80.21222687,76974,76984,10
13.0479002,80.21228027,76984,76994,10
13.04693985,80.21234894,76994,77004,10
13.04588032,80.21237946,77004,77014,10
13.04456043,80.21243286,77014,77083,69
13.04456043,80.21243286,77083,77093,10
13.04428005,80.21246338,77093,77103,10
13.04419994,80.21205139,77103,77113,10
13.04421997,80.21125793,77113,77123,10
13.04417992,80.21042633,77123,77133,10
13.04415989,80.2098999,77133,77144,11
13.04415989,80.20954132,77144,77164,20
13.04415989,80.20954132,77164,77174,10
13.04411983,80.20890045,77174,77194,20
13.04411983,80.20890045,77194,77204,10
13.0441103,80.20845795,77204,77214,10
13.04403973,80.20780182,77214,77224,10
13.0436697,80.20706177,77224,77234,10
13.04325008,80.20645905,77234,77245,11
13.04277992,80.20580292,77245,77255,10
13.04211998,80.20533752,77255,77265,10
13.04139996,80.20520782,77265,77275,10
13.04082966,80.20513153,77275,77285,10
13.04059982,80.20510864,77285,77295,10
13.04004955,80.20501709,77295,77305,10
13.03934002,80.20491028,77305,77315,10
13.03872013,80.20478821,77315,77325,10
13.03816032,80.20471954,77325,77335,10
13.03812027,80.20446014,77335,77345,10
13.03820038,80.2039566,77345,77356,11
13.03831005,80.20314026,77356,77366,10
13.03839016,80.20243835,77366,77376,10
13.03847027,80.20185852,77376,77386,10
13.03855038,80.20146179,77386,77396,10
13.03864002,80.20091248,77396,77406,10
13.03874016,80.20015717,77406,77416,10
13.03886032,80.19937134,77416,77426,10
13.03894043,80.19876862,77426,77436,10
13.03901958,80.19805908,77436,77446,10
13.03913021,80.19734192,77446,77456,10
13.03921986,80.19671631,77456,77466,10
13.03925991,80.19647217,77466,77477,11
13.03931999,80.19602203,77477,77487,10
13.03942966,80.19528961,77487,77497,10
13.0395298,80.19444275,77497,77507,10
13.03971958,80.1932373,77507,77527,20
13.03971958,80.1932373,77527,77537,10
13.03934956,80.19303894,77537,77553,16
13.03866005,80.19291687,77553,77565,12
13.03864956,80.19291687,77565,77573,8
13.03835011,80.19284821,77573,77586,13
13.03765011,80.19300842,77586,77595,9
13.03752041,80.1937027,77595,77606,11
13.03736973,80.19467926,77606,77616,10
13.03726006,80.19545746,77616,77625,9
13.03719997,80.19590759,77625,77636,11
13.03719997,80.19597626,77636,77646,10
13.03709984,80.19648743,77646,77656,10
13.03697968,80.19718933,77656,77666,10
13.03689957,80.19783783,77666,77676,10
13.03678989,80.19850922,77676,77686,10
13.03676987,80.19864655,77686,77697,11
13.03670025,80.19907379,77697,77707,10
13.03660965,80.19972229,77707,77717,10
13.03649044,80.20057678,77717,77727,10
13.03635979,80.2014389,77727,77737,10
13.0363102,80.20178223,77737,77747,10
13.03625965,80.20204926,77747,77757,10
13.03617001,80.20263672,77757,77767,10
13.0360899,80.20340729,77767,77777,10
13.03598022,80.20413208,77777,77787,10
13.03590012,80.20464325,77787,77797,10
13.03581047,80.20529938,77797,77808,11
13.03567982,80.20610809,77808,77818,10
13.03561974,80.20664215,77818,77828,10
13.03549957,80.20739746,77828,77844,16
13.03534031,80.20842743,77844,77856,12
13.03524017,80.2090683,77856,77866,10
13.03516006,80.20967865,77866,77874,8
13.03512955,80.21003723,77874,77886,12
13.03507996,80.21031189,77886,77896,10
13.03495026,80.21067047,77896,77906,10
13.03487015,80.21114349,77906,77916,10
13.03476048,80.21186066,77916,77927,11
13.03431988,80.21217346,77927,77937,10
13.03361034,80.21205902,77937,77947,10
13.03285027,80.21195984,77947,77957,10
13.03240013,80.21192932,77957,77967,10
13.0323,80.21192932,77967,77977,10
13.03194046,80.21183014,77977,77987,10
13.03192997,80.21141052,77987,77997,10
13.03201008,80.21077728,77997,78007,10
13.0320797,80.20999908,78007,78017,10
13.03172016,80.20963287,78017,78027,10
13.03098965,80.2094574,78027,78038,11
13.03026009,80.2092514,78038,78048,10
13.03013992,80.20928955,78048,78058,10
13.02997971,80.20968628,78058,78068,10
13.03013992,80.20986938,78068,78078,10
13.03059006,80.20999146,78078,78088,10
13.03087997,80.21009827,78088,78098,10
13.03094959,80.21021271,78098,78107,9
13.03094959,80.21037292,78107,78118,11
13.03089046,80.21089172,78118,78127,9
13.03083992,80.21114349,78127,78138,11
13.03077984,80.21161652,78138,78149,11
13.03071976,80.21198273,78149,78159,10
13.03061962,80.21259308,78159,78169,10
13.03054047,80.21325684,78169,78179,10
13.03048992,80.21357727,78179,78189,10
13.03044987,80.21385193,78189,78199,10
13.03036022,80.21437073,78199,78209,10
13.03034973,80.21460724,78209,78219,10
13.03030968,80.21495819,78219,78229,10
13.03030014,80.21560669,78229,78239,10
13.03032017,80.21629333,78239,78249,10
13.03034019,80.21688843,78249,78260,11
13.03050995,80.21698761,78260,78270,10
13.03069019,80.21701813,78270,78280,10
13.03114986,80.21701813,78280,78290,10
13.03139973,80.21705627,78290,78300,10
13.03147984,80.21746063,78300,78310,10
13.03151989,80.21814728,78310,78320,10
13.03186989,80.21845245,78320,78330,10
13.03221035,80.21871948,78330,78340,10
13.03217983,80.21929169,78340,78350,10
13.03219032,80.21985626,78350,78360,10
13.03217983,80.22020721,78360,78371,11
13.03221035,80.22041321,78371,78381,10
13.0321703,80.22068024,78381,78391,10
13.03203964,80.22129059,78391,78401,10
13.03186989,80.22174072,78401,78411,10
13.03160954,80.22223663,78411,78421,10
13.03135967,80.22271729,78421,78431,10
13.03122044,80.22303772,78431,78441,10
13.03120995,80.22306061,78441,78451,10
13.03116035,80.22345734,78451,78467,16
13.0311203,80.22396088,78467,78479,12
13.03112984,80.22427368,78479,78490,11
13.0309,80.2243576,78490,78500,10
13.03048038,80.22434235,78500,78509,9
13.03003025,80.22431183,78509,78520,11
13.02939987,80.22431946,78520,78527,7
13.02904987,80.22431183,78527,78541,14
13.0289402,80.22424316,78541,78551,10
13.02867031,80.22412109,78551,78561,10
13.02840996,80.22437286,78561,78571,10
13.0282402,80.22518921,78571,78581,10
13.02805042,80.22608185,78581,78591,10
13.0279398,80.22662354,78591,78602,11
13.02789021,80.22692871,78602,78612,10
13.02808952,80.22711945,78612,78635,23
13.02921963,80.22730255,78635,78647,12
13.0298996,80.22740173,78647,78657,10
13.03038025,80.22753906,78657,78667,10
13.03040028,80.22760773,78667,78677,10
13.03036976,80.22779083,78677,78687,10
13.03032017,80.2281723,78687,78697,10
13.03030014,80.22849274,78697,78707,10
13.03026962,80.22885895,78707,78718,11
13.03030014,80.22939301,78718,78728,10
13.03052998,80.22998047,78728,78738,10
13.03063965,80.23040009,78738,78748,10
13.03063965,80.23074341,78748,78758,10
13.03046036,80.23078156,78758,78767,9
13.03009033,80.2308197,78767,78778,11
13.02958965,80.23085785,78778,78788,10
13.02900028,80.23092651,78788,78797,9
13.02838039,80.23100281,78797,78808,11
13.02770042,80.23105621,78808,78818,10
13.02762032,80.23136139,78818,78829,11
13.02766991,80.23197174,78829,78838,9
13.02775955,80.23251343,78838,78849,11
13.02758026,80.23285675,78849,78859,10
13.02692986,80.23298645,78859,78869,10
13.02663994,80.23303223,78869,78879,10
13.02630997,80.23274994,78879,78889,10
13.02612972,80.23204041,78889,78899,10
13.02600002,80.23135376,78899,78909,10
13.0257597,80.23058319,78909,78919,10
13.02525043,80.22981262,78919,78930,11
13.02493954,80.22946167,78930,78940,10
13.02470016,80.22915649,78940,78950,10
13.02437973,80.22875977,78950,78960,10
13.02404022,80.22834778,78960,78970,10
13.02398968,80.22825623,78970,78980,10
13.02385998,80.22808075,78980,78990,10
13.02359962,80.2277832,78990,79020,30
13.02359962,80.2277832,79020,79029,9
13.02348995,80.22762299,79029,79039,10
13.02342987,80.22756958,79039,79051,12
13.02315044,80.22727966,79051,79061,10
13.02270031,80.22686005,79061,79071,10
13.02208042,80.22633362,79071,79081,10
13.0214901,80.22586823,79081,79091,10
13.02103043,80.22550964,79091,79101,10
13.02075005,80.2253418,79101,79111,10
13.02054024,80.2252121,79111,79121,10
13.02003956,80.22490692,79121,79131,10
13.01937008,80.22454071,79131,79141,10
13.01852989,80.22463226,79141,79151,10
13.01774025,80.22496796,79151,79162,11
13.01686001,80.2253418,79162,79172,10
13.01646042,80.22550201,79172,79182,10
13.01605034,80.22563171,79182,79192,10
13.01544952,80.2258606,79192,79202,10
13.01480961,80.22612762,79202,79212,10
13.01426029,80.22631073,79212,79232,20
13.01426029,80.22631073,79232,79242,10
13.01391983,80.22641754,79242,79252,10
13.01327991,80.22667694,79252,79262,10
13.01251984,80.22699738,79262,79273,11
13.01159954,80.22736359,79273,79283,10
13.01066971,80.22773743,79283,79299,16
13.00922012,80.22840118,79299,79311,12
13.00891018,80.22958374,79311,79321,10
13.00870037,80.23068237,79321,79331,10
13.00848007,80.23178101,79331,79341,10
13.00829983,80.23275757,79341,79351,10
13.00821018,80.23343658,79351,79361,10
13.00811958,80.2338028,79361,79371,10
13.00798988,80.23442841,79371,79382,11
13.00782013,80.23532867,79382,79391,9
13.00763988,80.23623657,79391,79402,11
13.00737953,80.23742676,79402,79412,10
13.00720978,80.23834229,79412,79422,10
13.00704956,80.23914337,79422,79432,10
13.00687027,80.2401123,79432,79442,10
13.0067997,80.24073792,79442,79452,10
13.00677013,80.24088287,79452,79462,10
13.00669956,80.24131012,79462,79472,10
13.00666046,80.24207306,79472,79482,10
13.00662994,80.24295807,79482,79492,10
13.00660038,80.24388885,79492,79503,11
13.00656986,80.24517059,79503,79513,10
13.00662041,80.24630737,79513,79523,10
13.00666046,80.24729919,79523,79533,10
13.00664043,80.24810028,79533,79543,10
13.00669003,80.24899292,79543,79553,10
13.00677967,80.24961853,79553,79563,10
13.00673962,80.25019836,79563,79573,10
13.00675964,80.2509613,79573,79583,10
13.00664997,80.25183868,79583,79593,10
13.00650024,80.2527771,79593,79603,10
13.00648022,80.25376129,79603,79614,11
13.00652027,80.25469971,79614,79624,10
13.00652027,80.25502014,79624,79634,10
13.00650978,80.25524139,79634,79644,10
13.00652027,80.25585175,79644,79654,10
13.00652027,80.25665283,79654,79664,10
13.00664043,80.25733185,79664,79755,91
13.00664043,80.25733185,79755,79765,10
13.00646973,80.25759888,79765,79775,10
13.00588989,80.25750732,79775,79785,10
13.00510025,80.25733948,79785,79795,10
13.00430012,80.25715637,79795,79805,10
13.00354958,80.25700378,79805,79815,10
13.00286961,80.25686646,79815,79825,10
13.00232029,80.25676727,79825,79835,10
13.00154972,80.25663757,79835,79846,11
13.00084972,80.25653076,79846,79856,10
12.99960995,80.25630951,79856,79886,30
12.99960995,80.25630951,79886,79896,10
12.99954033,80.25630951,79896,79906,10
12.99911976,80.25618744,79906,79916,10
12.99843979,80.25608063,79916,79926,10
12.99783993,80.25598145,79926,79947,21
12.99783993,80.25598145,79947,79957,10
12.99748993,80.25595856,79957,79967,10
12.99699974,80.25596619,79967,79977,10
12.99683952,80.25634766,79977,79987,10
12.9967804,80.25684357,79987,79997,10
12.9967804,80.25701904,79997,80007,10
12.99670029,80.25758362,80007,80017,10
12.99662018,80.25836182,80017,80027,10
12.99652958,80.25917816,80027,80037,10
12.99645996,80.25974274,80037,80047,10
12.99639988,80.26048279,80047,80058,11
12.99631977,80.2612381,80058,80068,10
12.99625969,80.26181793,80068,80078,10
12.99617958,80.26228333,80078,80088,10
12.99615955,80.26239777,80088,80098,10
12.99608994,80.26286316,80098,80108,10
12.99606037,80.26351929,80108,80118,10
12.99596977,80.264328,80118,80128,10
12.99590015,80.26508331,80128,80138,10
12.99582958,80.26579285,80138,80148,10
12.99573994,80.26654816,80148,80158,10
12.99567986,80.26722717,80158,80169,11
12.99575996,80.26763916,80169,80179,10
12.99590969,80.26766205,80179,80189,10
12.99623966,80.2677002,80189,80199,10
12.99691963,80.2677002,80199,80209,10
12.99752998,80.26753235,80209,80219,10
12.99781036,80.26746368,80219,80229,10
12.99841976,80.26728058,80229,80239,10
12.99921036,80.2670517,80239,80249,10
12.99997997,80.26672363,80249,80259,10
13.00010967,80.26647186,80259,80269,10
13.00014019,80.26634216,80269,80280,11
13.00020981,80.26582336,80280,80290,10
13.00026035,80.26526642,80290,80300,10
13.00032997,80.26476288,80300,80310,10
13.00041008,80.26426697,80310,80320,10
13.0004797,80.26373291,80320,80330,10
13.00067043,80.26319885,80330,80340,10
13.00074959,80.26280975,80340,80350,10
13.00080967,80.2623291,80350,80360,10
13.00086021,80.26190186,80360,80370,10
13.00090027,80.26126862,80370,80380,10
13.00096035,80.2605896,80380,80390,10
13.0010004,80.25991821,80390,80401,11
13.0010004,80.2592392,80401,80411,10
13.00098991,80.25865173,80411,80421,10
13.0010004,80.25792694,80421,80431,10
13.0010004,80.25717926,80431,80441,10
13.00102043,80.25656128,80441,80451,10
13.00061989,80.25643921,80451,80461,10
13.00004959,80.25636292,80461,80471,10
12.99958992,80.25630188,80471,80481,10
12.99923038,80.2562027,80481,80491,10
12.99884033,80.25614166,80491,80501,10
12.99878979,80.25614166,80501,80512,11
12.99860954,80.2561264,80512,80522,10
12.99835014,80.25608063,80522,80532,10
12.99779034,80.25601959,80532,80582,50
12.99787998,80.25644684,80582,82237,1655
12.99792004,80.25637054,82237,82429,192
12.9979496,80.25646973,82429,82459,30
12.9979496,80.25646973,82459,82469,10
12.99798012,80.25653076,82469,82479,10
12.99796009,80.25695801,82479,82509,30
12.99796009,80.25695801,82509,82519,10
12.99808025,80.25682068,82519,82530,11
12.99798965,80.25666046,82530,82540,10
12.99800014,80.25659943,82540,82550,10
12.99796009,80.25643158,82550,82620,70
12.9978199,80.25631714,82620,82822,202
12.99765968,80.25605774,82822,82903,81
12.99765968,80.25605774,82903,82913,10
12.99734974,80.25592041,82913,82923,10
12.99699974,80.25592041,82923,82933,10
12.99676991,80.25589752,82933,82943,10
12.9964304,80.25588989,82943,82953,10
12.99590969,80.25588226,82953,82963,10
12.99553967,80.25588989,82963,82973,10
12.99507999,80.25591278,82973,82984,11
12.99446964,80.25596619,82984,82994,10
12.99388981,80.25601196,82994,83004,10
12.99322033,80.25605774,83004,83014,10
12.99254036,80.25608063,83014,83024,10
12.9918499,80.25605774,83024,83034,10
12.99123001,80.25601196,83034,83044,10
12.99057961,80.2559967,83044,83054,10
12.99007988,80.25598145,83054,83064,10
12.98948002,80.25598145,83064,83074,10
12.9887104,80.25592041,83074,83084,10
12.98799992,80.25583649,83084,83093,9
12.98773003,80.25582123,83093,83105,12
12.98754978,80.25602722,83105,83115,10
12.98750973,80.25662231,83115,83125,10
12.98744965,80.25737762,83125,83135,10
12.98740959,80.2580719,83135,83145,10
12.98740005,80.25811768,83145,83155,10
12.98736,80.25856018,83155,83165,10
12.98729992,80.25917816,83165,83175,10
12.98721981,80.25962067,83175,83185,10
12.98684978,80.2598114,83185,83195,10
12.98655987,80.25978851,83195,83206,11
12.9863596,80.25977325,83206,83216,10
12.98620033,80.25975037,83216,83226,10
12.98583984,80.25968933,83226,83236,10
12.98528004,80.25961304,83236,83246,10
12.98458958,80.25952911,83246,83256,10
12.98384953,80.25948334,83256,83266,10
12.98316002,80.25943756,83266,83276,10
12.98262978,80.25939941,83276,83286,10
12.98198032,80.25935364,83286,83296,10
12.9812603,80.25933838,83296,83306,10
12.98052025,80.25933075,83306,83317,11
12.9796896,80.25920105,83317,83327,10
12.97881985,80.25907898,83327,83337,10
12.97803974,80.2591095,83337,83347,10
12.97737026,80.25914001,83347,83357,10
12.97659016,80.2591095,83357,83367,10
12.97576046,80.25891876,83367,83377,10
12.97496033,80.25868225,83377,83387,10
12.97414017,80.258461,83387,83397,10
12.97369957,80.25836182,83397,83407,10
12.97313023,80.25824738,83407,83417,10
12.9723196,80.25813293,83417,83428,11
12.97138023,80.25814056,83428,83438,10
12.97047043,80.25801849,83438,83448,10
12.96951962,80.25772858,83448,83458,10
12.96858025,80.25744629,83458,83468,10
12.96796989,80.25730133,83468,83478,10
12.96732998,80.25714111,83478,83488,10
12.96664047,80.25697327,83488,83498,10
12.96588993,80.25682831,83498,83508,10
12.96506023,80.25669098,83508,83518,10
12.96422005,80.25656891,83518,83528,10
12.96380997,80.25652313,83528,83538,10
12.96348953,80.25646973,83538,83549,11
12.96282959,80.25641632,83549,83559,10
12.96203041,80.25631714,83559,83569,10
12.96123028,80.25614929,83569,83579,10
12.96035004,80.25596619,83579,83589,10
12.95944977,80.25579071,83589,83599,10
12.95862007,80.25559235,83599,83609,10
12.95781994,80.25543213,83609,83619,10
12.95699024,80.25527954,83619,83629,10
12.95608997,80.25521088,83629,83639,10
12.95522022,80.25518799,83639,83649,10
12.9545002,80.25518036,83649,83660,11
12.95370007,80.25517273,83660,83670,10
12.95287991,80.25514984,83670,83680,10
12.95201015,80.25511169,83680,83690,10
12.95114994,80.25507355,83690,83700,10
12.95024967,80.25496674,83700,83710,10
12.94939041,80.25476074,83710,83720,10
12.94845963,80.25450897,83720,83730,10
12.94754028,80.25424194,83730,83740,10
12.94664955,80.2539978,83740,83750,10
12.94573021,80.25383759,83750,83760,10
12.94476032,80.25372314,83760,83771,11
12.9436903,80.25356293,83771,83781,10
12.94276047,80.25338745,83781,83791,10
12.94180012,80.25322723,83791,83801,10
12.94087982,80.25306702,83801,83811,10
12.94009972,80.25289917,83811,83821,10
12.93933964,80.25279999,83821,83831,10
12.93861008,80.25276184,83831,83841,10
12.93776989,80.25258636,83841,83851,10
12.93686962,80.25245667,83851,83861,10
12.93595982,80.25235748,83861,83871,10
12.93502045,80.25225067,83871,83882,11
12.93397999,80.25212097,83882,83892,10
12.93311977,80.25203705,83892,83902,10
12.9323101,80.25193787,83902,83912,10
12.93136024,80.25183868,83912,83922,10
12.93039989,80.25173187,83922,83932,10
12.92938042,80.25163269,83932,83942,10
12.92838955,80.25151062,83942,83952,10
12.92774963,80.25144958,83952,83962,10
12.92747021,80.25141907,83962,83972,10
12.92685986,80.25134277,83972,83982,10
12.92609978,80.25125885,83982,83993,11
12.92512035,80.2512207,83993,84003,10
12.92416,80.25119781,84003,84013,10
12.92319965,80.25112152,84013,84023,10
12.92220974,80.25106812,84023,84033,10
12.92134953,80.25122833,84033,84043,10
12.92070007,80.25138855,84043,84053,10
12.92000961,80.25131989,84053,84063,10
12.91928959,80.2510376,84063,84073,10
12.91841984,80.25083923,84073,84963,890
12.91841984,80.25083923,84963,84973,10
12.91827011,80.25080109,84973,84983,10
12.91800976,80.25076294,84983,84993,10
12.91759968,80.25068665,84993,85004,11
12.9169302,80.25061798,85004,85014,10
12.9161396,80.25054169,85014,85024,10
12.91524029,80.25047302,85024,85034,10
12.91421986,80.25035858,85034,85044,10
12.91314983,80.25025177,85044,85054,10
12.91203022,80.25018311,85054,85064,10
12.91098976,80.25012207,85064,85074,10
12.90995979,80.25005341,85074,85084,10
12.90890026,80.24994659,85084,85094,10
12.90775967,80.24976349,85094,85104,10
12.90664959,80.24951935,85104,85115,11
12.90544033,80.24922943,85115,85125,10
12.90445042,80.24906921,85125,85135,10
12.90336037,80.24894714,85135,85145,10
12.90223026,80.24880981,85145,85155,10
12.90120029,80.24865723,85155,85164,9
12.90036011,80.24835968,85164,85175,11
12.89904022,80.24784851,85175,85185,10
12.89768028,80.24743652,85185,85205,20
12.89768028,80.24743652,85205,85215,10
12.89756966,80.24717712,85215,85226,11
12.89778996,80.24645233,85226,85236,10
12.89797974,80.24565887,85236,85246,10
12.89811993,80.24475861,85246,85256,10
12.89828968,80.24388885,85256,85266,10
12.89832973,80.24369049,85266,85276,10
12.89840031,80.24334717,85276,85286,10
12.89852047,80.24266815,85286,85296,10
12.89867973,80.24176025,85296,85306,10
12.89881992,80.24114227,85306,85316,10
12.89894009,80.24073029,85316,85326,10
12.89908028,80.240242,85326,85337,11
12.89929008,80.23947906,85337,85347,10
12.89941025,80.23880005,85347,85357,10
12.89953041,80.23802948,85357,85367,10
12.89964962,80.23715973,85367,85377,10
12.8997097,80.23634338,85377,85387,10
12.89970016,80.23596954,85387,85397,10
12.89972973,80.23552704,85397,85407,10
12.89988995,80.2350235,85407,85417,10
12.90017986,80.23429871,85417,85427,10
12.9005003,80.23342896,85427,85437,10
12.90063953,80.23245239,85437,85448,11
12.90067959,80.23181152,85448,85458,10
12.90067959,80.23158264,85458,85468,10
12.90071011,80.23108673,85468,85478,10
12.9007597,80.23027039,85478,85488,10
12.90081978,80.22928619,85488,85498,10
12.90085983,80.22828674,85498,85508,10
12.90054035,80.22792816,85508,85518,10
12.89978981,80.22786713,85518,85528,10
12.89887047,80.22781372,85528,85544,16
12.89708996,80.22769928,85544,85556,12
12.89571953,80.22766113,85556,85567,11
12.89449978,80.22762299,85567,85576,9
12.89354992,80.22759247,85576,85587,11
12.89262009,80.22747803,85587,85596,9
12.89239025,80.22746277,85596,85607,11
12.89237976,80.22731018,85607,85617,10
12.89280033,80.2273407,85617,85626,9
12.89344978,80.22743225,85626,85637,11
12.89437008,80.22753143,85637,85647,10
12.89560986,80.22757721,85647,85657,10
12.89678001,80.22762299,85657,85667,10
12.89793015,80.22769928,85667,85677,10
12.89908028,80.22776794,85677,85688,11
12.90025997,80.22783661,85688,85698,10
12.90083981,80.22756195,85698,85737,39
12.90083981,80.22756195,85737,85748,11
12.90083981,80.22721863,85748,85758,10
12.90091038,80.22664642,85758,85768,10
12.90093994,80.22588348,85768,85778,10
12.90097046,80.22496033,85778,85789,11
12.90100002,80.22396851,85789,85799,10
12.90104961,80.2230072,85799,85809,10
12.90118027,80.22194672,85809,85819,10
12.90130043,80.22096252,85819,85829,10
12.90135002,80.22051239,85829,85839,10
12.90135002,80.22041321,85839,85849,10
12.90139961,80.22003174,85849,85859,10
12.90149021,80.2193222,85859,85869,10
12.90157986,80.21855164,85869,85879,10
12.90168953,80.21781921,85879,85889,10
12.90186977,80.21692657,85889,85900,11
12.90227985,80.21578979,85900,85910,10
12.90266037,80.21475983,85910,85920,10
12.90305042,80.21372986,85920,85930,10
12.90347958,80.21263885,85930,85940,10
12.90392017,80.21156311,85940,85950,10
12.90433979,80.21051788,85950,85960,10
12.90476036,80.20948029,85960,85970,10
12.90513992,80.2085495,85970,85980,10
12.90542984,80.20781708,85980,85990,10
12.90577984,80.20704651,85990,86000,10
12.90612984,80.20619202,86000,86011,11
12.90664005,80.20503998,86011,86021,10
12.90719986,80.20413971,86021,86031,10
12.90740967,80.20304871,86031,86041,10
12.90748024,80.20191956,86041,86051,10
12.90754032,80.20075989,86051,86061,10
12.9076004,80.19963837,86061,86071,10
12.90764999,80.19886017,86071,86081,10
12.90767002,80.19869995,86081,86091,10
12.90802956,80.19831085,86091,86101,10
12.90839005,80.19805145,86101,86111,10
12.90882969,80.19773102,86111,86122,11
12.90950012,80.197258,86122,86132,10
12.91018009,80.19680023,86132,86142,10
12.9109602,80.19622803,86142,86152,10
12.91127014,80.19602966,86152,86162,10
12.91141033,80.19597626,86162,86172,10
12.91178989,80.19570923,86172,86182,10
12.9123497,80.1953125,86182,86192,10
12.91306019,80.19502258,86192,86202,10
12.91394997,80.19483948,86202,86212,10
12.91495991,80.19464111,86212,86222,10
12.91608047,80.19441223,86222,86233,11
12.91693974,80.19419861,86233,86243,10
12.91697025,80.19368744,86243,86253,10
12.91703987,80.19290924,86253,86263,10
12.91716003,80.19203949,86263,86273,10
12.91724014,80.19142151,86273,86283,10
12.91724014,80.19139862,86283,86293,10
12.91724968,80.19129181,86293,86303,10
12.9172802,80.19088745,86303,86313,10
12.91728973,80.19056702,86313,86323,10
12.91730976,80.1902771,86323,86333,10
12.91744995,80.18972015,86333,86349,16
12.91814995,80.18852234,86349,86362,13
12.91854,80.18808746,86362,86372,10
12.91880035,80.18782043,86372,86382,10
