13.0437603,80.26730347,18,18,0
13.04438972,80.266922,18,28,10
13.04496002,80.26672363,28,38,10
13.04588032,80.26656342,38,48,10
13.04675007,80.2663269,48,67,19
13.04718018,80.26631165,67,79,12
13.04736042,80.2663269,79,87,8
13.04773045,80.2661972,87,100,13
13.04843998,80.26560974,100,110,10
13.04887009,80.26493073,110,120,10
13.04911995,80.26423645,120,129,9
13.0496397,80.26407623,129,140,11
13.05045986,80.26413727,140,150,10
13.05101013,80.26409912,150,160,10
13.05183029,80.26387787,160,170,10
13.05218029,80.26377106,170,180,10
13.05270004,80.26381683,180,191,11
13.05354023,80.26392365,191,201,10
13.05453014,80.26423645,201,221,20
13.05453014,80.26423645,221,231,10
13.05473995,80.26435089,231,241,10
13.0551796,80.26441956,241,251,10
13.05580997,80.26451874,251,261,10
13.0566597,80.26461029,261,271,10
13.05735016,80.26489258,271,281,10
13.05795956,80.26495361,281,292,11
13.05788994,80.26423645,292,312,20
13.05770016,80.26242065,312,322,10
13.05755997,80.26148224,322,332,10
13.05760956,80.26100922,332,342,10
13.05817986,80.26091766,342,352,10
13.05856037,80.2609024,352,362,10
13.05904007,80.26084137,362,372,10
13.05959034,80.26052856,372,382,10
13.06000996,80.26064301,382,393,11
13.06056976,80.26129913,393,403,10
13.06087017,80.26161957,403,413,10
13.06132984,80.2620163,413,423,10
13.06179047,80.26257324,423,433,10
13.06196976,80.26277924,433,443,10
13.06214046,80.26299286,443,453,10
13.06241035,80.26334381,453,463,10
13.06268978,80.26368713,463,473,10
13.06285954,80.26392365,473,483,10
13.06319046,80.26435089,483,494,11
13.06365967,80.26506805,494,504,10
13.06414032,80.26579285,504,514,10
13.06468964,80.2664566,514,524,10
13.06509018,80.26690674,524,534,10
13.06564999,80.26737213,534,544,10
13.06624031,80.26812744,544,554,10
13.06682014,80.26850891,554,563,9
13.06692028,80.26857758,563,574,11
13.06704044,80.26863861,574,583,9
13.06735992,80.26883698,583,595,12
13.06807995,80.26931,595,605,10
13.06816959,80.26976013,605,615,10
13.06811047,80.27053833,615,625,10
13.06812,80.2713623,625,635,10
13.06844044,80.27175903,635,644,9
13.06888008,80.27194977,644,655,11
13.06952953,80.2724762,655,665,10
13.07011032,80.27316284,665,674,9
13.07036018,80.27349091,674,685,11
13.07075024,80.27400208,685,696,11
13.07085991,80.27404785,696,706,10
13.07120037,80.27417755,706,716,10
13.0715704,80.27436066,716,726,10
13.07201004,80.27468872,726,736,10
13.07256031,80.27526855,736,746,10
13.07324982,80.27600861,746,756,10
13.07394028,80.27635956,756,766,10
13.07485962,80.27632141,766,776,10
13.07586002,80.27628326,776,786,10
13.07688046,80.27622986,786,797,11
13.07785988,80.27616119,797,807,10
13.07822037,80.27565765,807,817,10
13.07855988,80.27516174,817,827,10
13.07913017,80.27516937,827,837,10
13.07979012,80.27528381,837,847,10
13.08076954,80.27519989,847,857,10
13.08146954,80.27513885,857,867,10
13.08176994,80.27519989,867,877,10
13.08197021,80.27549744,877,898,21
13.08197021,80.27549744,898,908,10
13.08197975,80.27558136,908,918,10
13.08197975,80.27581787,918,928,10
13.08183002,80.27601624,928,938,10
13.08185005,80.27642059,938,947,9
13.08191967,80.27700043,947,957,10
13.08199978,80.27778625,957,968,11
13.08209038,80.2783432,968,978,10
13.08222961,80.27852631,978,989,11
13.08238029,80.27858734,989,999,10
13.08261967,80.27870941,999,1009,10
13.08306026,80.27887726,1009,1019,10
13.08362961,80.27912903,1019,1029,10
13.08428001,80.27922058,1029,1039,10
13.08497047,80.27935791,1039,1049,10
13.08551979,80.2798233,1049,1059,10
13.08568954,80.28063965,1059,1069,10
13.08568954,80.28115845,1069,1079,10
13.08563995,80.28153992,1079,1090,11
13.0855999,80.28205109,1090,1100,10
13.08551979,80.2827301,1100,1110,10
13.08543968,80.28340912,1110,1120,10
13.08568954,80.28353882,1120,1130,10
13.08617973,80.28354645,1130,1140,10
13.08656025,80.28372192,1140,1150,10
13.08693981,80.28369904,1150,1160,10
13.08740044,80.28370667,1160,1170,10
13.08782959,80.28369904,1170,1322,152
13.08782959,80.28369904,1322,1332,10
13.08808994,80.283638,1332,1342,10
13.0882597,80.28356171,1342,1352,10
13.08827972,80.28341675,1352,1362,10
13.08827972,80.28295135,1362,1372,10
13.0882597,80.28231812,1372,1383,11
13.0880003,80.28161621,1383,1393,10
13.08726978,80.28131866,1393,1403,10
13.08635998,80.28105927,1403,1413,10
13.08567047,80.28070068,1413,1423,10
13.08549976,80.27992249,1423,1433,10
13.08487988,80.27935028,1433,1443,10
13.08391953,80.27918243,1443,1453,10
13.08302975,80.278862,1453,1463,10
13.08232021,80.27854156,1463,1474,11
13.08201027,80.27838135,1474,1484,10
13.08185959,80.27787018,1484,1495,11
13.08176041,80.27700806,1495,1505,10
13.08166027,80.27622223,1505,1515,10
13.08152962,80.27557373,1515,1565,50
13.08152962,80.27557373,1565,1575,10
13.08150959,80.27542114,1575,1586,11
13.08131027,80.27519226,1586,1596,10
13.08082962,80.27523804,1596,1606,10
13.0801897,80.2753067,1606,1616,10
13.07938957,80.27528381,1616,1626,10
13.07851982,80.27523804,1626,1636,10
13.07810974,80.27603912,1636,1646,10
13.07728958,80.27625275,1646,1656,10
13.07627964,80.27629852,1656,1666,10
13.07540989,80.27632141,1666,1676,10
13.07400036,80.27667999,1676,1686,10
13.07400036,80.27667999,1686,1697,11
13.07444954,80.2772522,1697,1707,10
13.07479,80.27754211,1707,1717,10
13.07470036,80.2776413,1717,1727,10
13.07444,80.27736664,1727,1737,10
13.07394981,80.2768631,1737,1747,10
13.07345963,80.27645874,1747,1759,12
13.07314014,80.27599335,1759,1769,10
13.0727396,80.27555847,1769,1779,10
13.07198048,80.2747879,1779,1788,9
13.07126999,80.27436829,1788,1799,11
13.07044983,80.27374268,1799,1810,11
13.06984997,80.27297974,1810,1820,10
13.06917953,80.2722702,1820,1830,10
13.06840038,80.27189636,1830,1839,9
13.06820965,80.27174377,1839,1850,11
13.06803036,80.2714386,1850,1860,10
13.06766033,80.27088165,1860,1870,10
13.06709003,80.27031708,1870,1880,10
13.06672955,80.26994324,1880,1921,41
13.06672955,80.26994324,1921,1931,10
13.06659985,80.2698288,1931,1941,10
13.06647015,80.26959229,1941,1951,10
13.06637955,80.26917267,1951,1961,10
13.06634045,80.26853943,1961,1971,10
13.06612015,80.26821136,1971,1981,10
13.06521988,80.26763916,1981,2002,21
13.06521988,80.26763916,2002,2012,10
13.06497955,80.26760101,2012,2022,10
13.06445026,80.26750946,2022,2032,10
13.06377983,80.26737213,2032,2042,10
13.06303978,80.26722717,2042,2052,10
13.06258965,80.26703644,2052,2062,10
13.06223011,80.2665863,2062,2072,10
13.06173038,80.26596832,2072,2082,10
13.06120014,80.26529694,2082,2092,10
13.06058025,80.26531219,2092,2103,11
13.06046963,80.26537323,2103,2113,10
13.06025028,80.26547241,2113,2123,10
13.06013966,80.26553345,2123,2133,10
13.06005001,80.26555634,2133,2143,10
13.05963993,80.26560211,2143,2153,10
13.05904961,80.26550293,2153,2163,10
13.05836964,80.26538849,2163,2173,10
13.05760002,80.26508331,2173,2183,10
13.05675983,80.26467133,2183,2200,17
13.05498028,80.26439667,2200,2212,12
13.05426025,80.26425934,2212,2222,10
13.05379009,80.26407623,2222,2232,10
13.05290985,80.26386261,2232,2242,10
13.05210972,80.26383209,2242,2252,10
13.05130005,80.26405334,2252,2262,10
13.05039978,80.26413727,2262,2272,10
13.04961014,80.26406097,2272,2283,11
13.0488596,80.26506805,2283,2291,8
13.04841995,80.26564789,2291,2303,12
13.04778957,80.26615906,2303,2313,10
13.04720974,80.26634979,2313,2323,10
13.04699993,80.26635742,2323,2333,10
13.04677963,80.26638031,2333,2343,10
13.04617977,80.2664566,2343,2353,10
13.04539967,80.26663971,2353,2363,10
13.04459953,80.26680756,2363,2373,10
13.04372025,80.26728058,2373,2383,10
13.04288006,80.26782227,2383,2393,10
13.04211044,80.26817322,2393,2404,11
13.04115963,80.26825714,2404,2414,10
13.04096031,80.26822662,2414,2424,10
13.04063988,80.26815033,2424,2434,10
13.04004002,80.26793671,2434,2444,10
13.03927994,80.26773071,2444,2454,10
13.03845024,80.26764679,2454,2464,10
13.03752995,80.26766205,2464,2474,10
13.03728008,80.26763153,2474,2484,10
13.03687954,80.26763153,2484,2494,10
13.03629017,80.26776886,2494,2505,11
13.03598976,80.26782227,2505,2515,10
13.03546047,80.26786804,2515,2525,10
13.03462982,80.26799774,2525,2535,10
13.03384018,80.26789856,2535,2545,10
13.03293991,80.2677536,2545,2555,10
13.03236008,80.26740265,2555,2565,10
13.03168964,80.26706696,2565,2575,10
13.03083038,80.2667923,2575,2585,10
13.02991962,80.26667023,2585,2595,10
13.02923012,80.26656342,2595,2606,11
13.02859974,80.2663269,2606,2616,10
13.02783012,80.2661972,2616,2626,10
13.0269804,80.26609039,2626,2636,10
13.02628994,80.26599884,2636,2646,10
13.02622032,80.26596069,2646,2655,9
13.02606964,80.26586914,2655,2666,11
13.02567959,80.26561737,2666,2676,10
13.02515984,80.26528931,2676,2686,10
13.02468014,80.26490021,2686,2697,11
13.0240097,80.26442719,2697,2707,10
13.02322006,80.26400757,2707,2717,10
13.02237034,80.26354218,2717,2727,10
13.02188969,80.26331329,2727,2737,10
13.02147007,80.26313019,2737,2747,10
13.02070045,80.26302338,2747,2757,10
13.01988983,80.2629776,2757,2767,10
13.01924992,80.26293182,2767,2777,10
13.01889992,80.26280975,2777,2787,10
13.01877975,80.26215363,2787,2798,11
13.01858997,80.26132965,2798,2814,16
13.0174799,80.26055145,2814,2826,12
13.01648045,80.2598877,2826,2834,8
13.01572037,80.25952148,2834,2846,12
13.01441956,80.25930023,2846,2856,10
13.01327991,80.25923157,2856,2866,10
13.01212025,80.25919342,2866,2876,10
13.01093006,80.25917816,2876,2886,10
13.00977039,80.25921631,2886,2896,10
13.00885963,80.25920868,2896,2907,11
13.0085001,80.25919342,2907,2917,10
13.00794029,80.25926208,2917,2927,10
13.00741959,80.25927734,2927,2937,10
13.00716972,80.25869751,2937,2947,10
13.00675011,80.25801086,2947,2957,10
13.00634003,80.25759125,2957,2967,10
13.00599957,80.25749969,2967,2977,10
13.00533962,80.25731659,2977,2987,10
13.00448036,80.2571106,2987,2997,10
13.00356007,80.25691223,2997,3008,11
13.00251007,80.2567215,3008,3018,10
13.00152969,80.25656891,3018,3028,10
13.0007,80.2564621,3028,3038,10
12.99981022,80.25628662,3038,3048,10
12.9987402,80.25610352,3048,3058,10
12.99763012,80.25596619,3058,3088,30
12.99763012,80.25596619,3088,3098,10
12.99750042,80.25595093,3098,3109,11
12.99695969,80.25592804,3109,3125,16
12.9958601,80.25589752,3125,3137,12
12.99491024,80.25595856,3137,3147,10
12.99423981,80.25601196,3147,3157,10
12.99314976,80.25608063,3157,3167,10
12.9927597,80.25611115,3167,3177,10
12.99230003,80.25611115,3177,3187,10
12.9914999,80.25610352,3187,3198,11
12.99048042,80.256073,3198,3208,10
12.98968029,80.25604248,3208,3216,8
12.9893198,80.25604248,3216,3228,12
12.98863983,80.25598145,3228,3238,10
12.98785973,80.25592041,3238,3268,30
12.98785973,80.25592041,3268,3278,10
12.98760033,80.25601959,3278,3288,10
12.98756027,80.25668335,3288,3299,11
12.98746967,80.25830841,3299,3430,131
12.98746967,80.25830841,3430,3440,10
12.98744965,80.25849915,3440,3450,10
12.98731995,80.25859833,3450,3490,40
12.98731995,80.25859833,3490,3500,10
12.98740005,80.25821686,3500,3985,485
12.98740005,80.25821686,3985,3995,10
12.98740005,80.25801086,3995,4005,10
12.98744011,80.25766754,4005,4016,11
12.98748016,80.25708771,4016,4026,10
12.98752975,80.25652313,4026,4036,10
12.98760033,80.25582123,4036,4045,9
12.98824978,80.25578308,4045,4066,21
12.98824978,80.25578308,4066,4076,10
12.98840046,80.25583649,4076,4086,10
12.98875046,80.25588226,4086,4096,10
12.98923969,80.25591278,4096,4107,11
12.98991966,80.25595856,4107,4117,10
12.99050045,80.25592041,4117,4127,10
12.99090958,80.25596619,4127,4137,10
12.99155998,80.25602722,4137,4147,10
12.99236012,80.25604248,4147,4163,16
12.99382019,80.25595856,4163,4175,12
12.99493027,80.255867,4175,4185,10
12.99590015,80.25585938,4185,4195,10
12.99680042,80.25583649,4195,4205,10
12.99742031,80.25588226,4205,4216,11
12.9980402,80.2559433,4216,4224,8
12.99855995,80.25598145,4224,4236,12
12.9990797,80.25604248,4236,4246,10
12.99927998,80.25608063,4246,4256,10
12.99975967,80.25617981,4256,4266,10
13.00037956,80.25634003,4266,4276,10
13.00119972,80.25646973,4276,4286,10
13.00214958,80.25662231,4286,4296,10
13.00300026,80.25678253,4296,4306,10
13.00384998,80.25694275,4306,4317,11
13.00471973,80.25708008,4317,4327,10
13.00551033,80.2572403,4327,4337,10
13.00634003,80.25737762,4337,4347,10
13.00681019,80.2576828,4347,4357,10
13.0071497,80.25827026,4357,4367,10
13.00765991,80.25863647,4367,4377,10
13.00835037,80.25892639,4377,4393,16
13.00949955,80.25906372,4393,4405,12
13.01047993,80.25904846,4405,4416,11
13.01130009,80.2590332,4416,4426,10
13.01233959,80.25906372,4426,4436,10
13.01331997,80.25910187,4436,4446,10
13.01439953,80.25914001,4446,4456,10
13.01531982,80.25920105,4456,4465,9
13.0162096,80.25956726,4465,4476,11
13.01708984,80.26013947,4476,4485,9
13.01778984,80.26062775,4485,4496,11
13.01852036,80.26110077,4496,4505,9
13.01856995,80.26113892,4505,4517,12
13.0187397,80.26127625,4517,4526,9
13.01898956,80.26152039,4526,4537,11
13.0194397,80.2618866,4537,4547,10
13.02001953,80.26245117,4547,4556,9
13.02077007,80.26280212,4556,4567,11
13.0217104,80.26315308,4567,4577,10
13.0221796,80.26338196,4577,4608,31
13.0221796,80.26338196,4608,4618,10
13.02256012,80.26361084,4618,4628,10
13.02282047,80.26374054,4628,4638,10
13.02320004,80.26390076,4638,4648,10
13.02369976,80.2641983,4648,4658,10
13.02431965,80.26457977,4658,4668,10
13.02490997,80.2650528,4668,4678,10
13.02565956,80.26555634,4678,4688,10
13.02614975,80.26583862,4688,4708,20
13.02614975,80.26583862,4708,4719,11
13.02641964,80.26596069,4719,4729,10
13.02676964,80.26602173,4729,4739,10
13.02731991,80.26611328,4739,4749,10
13.02793026,80.26624298,4749,4759,10
13.02855968,80.26634216,4759,4769,10
13.02921963,80.26654053,4769,4779,10
13.02987957,80.26663208,4779,4789,10
13.03083038,80.26682281,4789,4799,10
13.03182983,80.26714325,4799,4810,11
13.03267002,80.26760101,4810,4820,10
13.03351974,80.26780701,4820,4830,10
13.03402996,80.26793671,4830,4840,10
13.03409958,80.26795959,4840,4850,10
13.03439999,80.26799011,4850,4860,10
13.03489971,80.26792908,4860,4870,10
13.03557968,80.26785278,4870,4879,9
13.03627968,80.26773834,4879,4889,10
13.03658009,80.2677002,4889,4900,11
13.03680992,80.26766205,4900,4910,10
13.03719997,80.26766968,4910,4921,11
13.03783035,80.26772308,4921,4931,10
13.03868008,80.2677002,4931,4941,10
13.03956032,80.26779938,4941,4951,10
13.0402298,80.26799011,4951,4961,10
13.04094028,80.26815796,4961,4971,10
13.04141998,80.26815796,4971,4981,10
13.04222965,80.26808167,4981,4991,10
13.04281998,80.26786041,4991,5001,10
13.04316998,80.26766205,5001,5012,11
13.04370022,80.26731873,5012,5022,10
13.04428005,80.26698303,5022,5032,10
13.04489994,80.26673126,5032,5042,10
13.04576015,80.26660156,5042,5052,10
13.04656029,80.26634979,5052,5062,10
13.04714966,80.26629639,5062,5072,10
13.04730034,80.2663269,5072,5082,10
13.04782009,80.26618958,5082,5092,10
13.04843998,80.26566315,5092,5102,10
13.04891014,80.26502228,5102,5113,11
13.04915047,80.26428986,5113,5123,10
13.04971981,80.26406097,5123,5133,10
13.05041027,80.26416779,5133,5143,10
13.05125999,80.26409912,5143,5153,10
13.05206966,80.26384735,5153,5171,18
13.05307961,80.26387787,5171,5183,12
13.05381966,80.26402283,5183,5193,10
13.05440044,80.26422882,5193,5204,11
13.05517006,80.26438141,5204,5213,9
13.05585957,80.26448059,5213,5225,12
13.05683994,80.26464081,5225,5235,10
13.05760002,80.26500702,5235,5245,10
13.05801964,80.26487732,5245,5255,10
13.05797958,80.26428223,5255,5265,10
13.05792046,80.26360321,5265,5274,9
13.05776024,80.26199341,5274,5284,10
13.05776024,80.26199341,5284,5295,11
13.05760002,80.26113892,5295,5306,11
13.05780029,80.26103973,5306,5316,10
13.05830002,80.26100922,5316,5326,10
13.05867004,80.26097107,5326,5336,10
13.05910969,80.26091766,5336,5346,10
13.05961037,80.26062012,5346,5358,12
13.0600996,80.26074219,5358,5368,10
13.06056976,80.2612915,5368,5378,10
13.06075001,80.26148987,5378,5388,10
13.06103039,80.26174927,5388,5398,10
13.06151009,80.26222992,5398,5409,11
13.06200981,80.26287842,5409,5419,10
13.06249046,80.26345062,5419,5429,10
13.06276989,80.26378632,5429,5439,10
13.06287956,80.26392365,5439,5449,10
13.0632,80.26432037,5449,5459,10
13.06352997,80.26473999,5459,5469,10
13.06377029,80.26493073,5469,5479,10
13.0638504,80.26503754,5479,5489,10
13.0639801,80.26522064,5489,5499,10
13.06412029,80.26540375,5499,5509,10
13.06437016,80.26567841,5509,5520,11
13.06464005,80.26605225,5520,5530,10
13.06486988,80.26631927,5530,5540,10
13.06490993,80.26638031,5540,5550,10
13.06501961,80.26651764,5550,5560,10
13.06511021,80.26663971,5560,5570,10
13.06511974,80.26664734,5570,5580,10
13.06532001,80.26689148,5580,5590,10
13.06540966,80.26702881,5590,5600,10
13.06569958,80.26746368,5600,5611,11
13.06620979,80.26811981,5611,5621,10
13.0667696,80.26850128,5621,5631,10
13.0668602,80.26853943,5631,5641,10
13.06713009,80.26869965,5641,5651,10
13.0675602,80.26896667,5651,5661,10
13.06816959,80.26937103,5661,5671,10
13.06824017,80.26991272,5671,5681,10
13.06814003,80.27073669,5681,5691,10
13.06826973,80.27150726,5691,5701,10
13.06881046,80.27191925,5701,5712,11
13.06939983,80.27230072,5712,5722,10
13.06968021,80.27259827,5722,5732,10
13.07005978,80.27306366,5732,5742,10
13.07050991,80.27364349,5742,5752,10
13.07104015,80.27410126,5752,5762,10
13.07166958,80.27433014,5762,5771,9
13.07217026,80.2747879,5771,5782,11
13.07287025,80.27555084,5782,5792,10
13.07351971,80.27622986,5792,5802,10
13.0743103,80.27635956,5802,5813,11
13.07538033,80.27632141,5813,5823,10
13.07627964,80.27626801,5823,5833,10
13.0769701,80.27623749,5833,5843,10
13.07771015,80.27619171,5843,5853,10
13.07820988,80.27577972,5853,5863,10
13.07859039,80.275177,5863,5873,10
13.07929993,80.27523041,5873,5883,10
13.08024025,80.27526855,5883,5893,10
13.08115005,80.27519989,5893,5903,10
13.08158016,80.275177,5903,5914,11
13.08187962,80.27526855,5914,5924,10
13.08199978,80.27555847,5924,5934,10
13.08201027,80.27557373,5934,5944,10
13.08199024,80.27559662,5944,5954,10
13.08199978,80.27587891,5954,5964,10
13.08185959,80.27606201,5964,5974,10
13.08185959,80.27641296,5974,5984,10
13.0819397,80.27703094,5984,5994,10
13.08199978,80.27771759,5994,6004,10
13.08207989,80.27838135,6004,6014,10
13.08213997,80.27909851,6014,6025,11
13.08222008,80.28009796,6025,6035,10
13.08230019,80.28101349,6035,6045,10
13.08236027,80.28170013,6045,6055,10
13.08300972,80.28218079,6055,6065,10
13.0838604,80.28272247,6065,6075,10
13.08463001,80.28328705,6075,6085,10
13.0851202,80.28383636,6085,6095,10
13.08541012,80.28372192,6095,6105,10
13.08565998,80.28359985,6105,6122,17
13.08640003,80.283638,6122,6134,12
13.08693981,80.28372192,6134,6144,10
13.08730984,80.28372192,6144,6154,10
13.08777046,80.28370667,6154,6689,535
13.08777046,80.28370667,6689,6699,10
13.08819008,80.28366852,6699,6709,10
13.08831024,80.28347778,6709,6720,11
13.08829021,80.28305054,6720,6730,10
13.08827972,80.28250122,6730,6740,10
13.08817005,80.28189087,6740,6750,10
13.08769989,80.28144073,6750,6760,10
13.08703041,80.28125,6760,6770,10
13.08631992,80.28103638,6770,6780,10
13.08574009,80.28073883,6780,6790,10
13.08557987,80.28011322,6790,6800,10
13.08526993,80.27953339,6800,6810,10
13.08456993,80.27928162,6810,6821,11
13.08368969,80.27912903,6821,6831,10
13.08290005,80.27880859,6831,6841,10
13.08222961,80.27851868,6841,6851,10
13.08197975,80.27822876,6851,6861,10
13.08187962,80.27758026,6861,6877,16
13.08174038,80.27646637,6877,6889,12
13.08156967,80.27554321,6889,6909,20
13.08156967,80.27554321,6909,6920,11
13.08154011,80.27542114,6920,6930,10
13.08131981,80.27520752,6930,6938,8
13.08094025,80.27526093,6938,6948,10
13.0803299,80.27532959,6948,6960,12
13.07956028,80.27536011,6960,6970,10
13.0788002,80.27520752,6970,6979,9
13.07824993,80.27577972,6979,6989,10
13.07777977,80.27626038,6989,7000,11
13.07688046,80.27631378,7000,7010,10
13.07618999,80.27633667,7010,7021,11
13.07526016,80.27639008,7021,7031,10
13.07441044,80.27644348,7031,7041,10
13.07406044,80.27681732,7041,7051,10
13.07452011,80.27731323,7051,7061,10
13.07479954,80.27755737,7061,7071,10
13.07470036,80.27767944,7071,7081,10
13.07450008,80.27744293,7081,7091,10
13.07402039,80.27693176,7091,7101,10
13.07345963,80.27638245,7101,7111,10
13.0729599,80.27580261,7111,7122,11
13.07234001,80.27514648,7122,7132,10
13.07176018,80.27462006,7132,7142,10
13.07091045,80.27419281,7142,7152,10
13.07038975,80.27355957,7152,7162,10
13.06993008,80.27298737,7162,7172,10
13.06939983,80.27243805,7172,7182,10
13.06890965,80.27203369,7182,7192,10
13.0683403,80.27179718,7192,7202,10
13.06795979,80.27126312,7202,7212,10
13.06735992,80.27059174,7212,7223,11
13.06665993,80.26983643,7223,7233,10
13.06643963,80.26908112,7233,7243,10
13.06626034,80.26834869,7243,7253,10
13.06579971,80.26782227,7253,7263,10
13.06519985,80.26760864,7263,7273,10
13.06449032,80.26747894,7273,7283,10
13.06361008,80.26734161,7283,7293,10
13.06272984,80.26712799,7293,7303,10
13.06215,80.2664566,7303,7313,10
13.06155968,80.26573944,7313,7324,11
13.06091976,80.26522064,7324,7334,10
13.0600996,80.26554108,7334,7344,10
13.05910969,80.26553345,7344,7354,10
13.05827045,80.26535797,7354,7364,10
13.05749035,80.26506042,7364,7374,10
13.05663013,80.26464844,7374,7384,10
13.05562019,80.26451111,7384,7394,10
13.05478954,80.26435852,7394,7404,10
13.05408955,80.26421356,7404,7414,10
13.0535202,80.26396179,7414,7425,11
13.05255985,80.26383972,7425,7435,10
13.05173969,80.26396179,7435,7445,10
13.05084991,80.26412964,7445,7455,10
13.04994965,80.26409149,7455,7465,10
13.04926968,80.26416779,7465,7475,10
13.04887962,80.26509857,7475,7485,10
13.04813004,80.26595306,7485,7495,10
13.04747009,80.2663269,7495,7505,10
13.04699993,80.26634216,7505,7515,10
13.04679012,80.26634979,7515,7526,11
13.04609966,80.26647949,7526,7536,10
13.04531002,80.2666626,7536,7546,10
13.04448032,80.26689911,7546,7556,10
13.04354,80.2674408,7556,7566,10
13.04261017,80.26805115,7566,7576,10
13.04168987,80.26822662,7576,7586,10
13.04100037,80.26824188,7586,7596,10
13.04076004,80.26818085,7596,7606,10
13.04014015,80.26795959,7606,7616,10
13.03927994,80.26772308,7616,7627,11
13.03816986,80.26764679,7627,7636,9
13.0373497,80.26763153,7636,7647,11
13.03660965,80.26772308,7647,7657,10
13.03617954,80.26776886,7657,7667,10
13.03555012,80.26786804,7667,7677,10
13.03476048,80.26798248,7677,7687,10
13.03380013,80.26789093,7687,7697,10
13.03281975,80.26770782,7697,7707,10
13.0323,80.26741791,7707,7717,10
13.03145027,80.26703644,7717,7728,11
13.03028011,80.26673889,7728,7738,10
13.02937984,80.2665863,7738,7748,10
13.02886009,80.2664032,7748,7758,10
13.02805996,80.26625824,7758,7768,10
13.02717972,80.2661438,7768,7778,10
13.02641964,80.26602173,7778,7788,10
13.0260601,80.26589203,7788,7798,10
13.02595997,80.26582336,7798,7808,10
13.02556038,80.26555634,7808,7819,11
13.02495003,80.26512146,7819,7829,10
13.02423954,80.26457977,7829,7839,10
13.02328968,80.26406097,7839,7849,10
13.02237988,80.26357269,7849,7859,10
13.02194023,80.26334381,7859,7869,10
13.02149963,80.26313782,7869,7879,10
13.02070045,80.26306152,7879,7889,10
13.02038002,80.26303864,7889,7899,10
13.01988029,80.26299286,7899,7909,10
13.01914024,80.26291656,7909,7919,10
13.01891041,80.26248169,7919,7930,11
13.01877975,80.26161194,7930,7946,16
13.01778984,80.26071167,7946,7958,12
13.0166502,80.25997162,7958,7968,10
13.01581001,80.25952911,7968,7978,10
13.01457024,80.25930786,7978,7988,10
13.01325035,80.25926208,7988,7998,10
13.01204014,80.25920868,7998,8008,10
13.01111031,80.25920105,8008,8018,10
13.01039982,80.25923157,8018,8029,11
13.00924015,80.25920868,8029,8039,10
13.00874043,80.25920105,8039,8048,9
13.00844002,80.25920868,8048,8059,11
13.00784969,80.25932312,8059,8069,10
13.0073204,80.25906372,8069,8079,10
13.00695992,80.25827789,8079,8089,10
13.00652027,80.25766754,8089,8099,10
13.00623035,80.2575531,8099,8109,10
13.0054903,80.25739288,8109,8120,11
13.00461006,80.25717163,8120,8130,10
13.00368023,80.25695801,8130,8139,9
13.00277042,80.25676727,8139,8150,11
13.00164986,80.2565918,8150,8160,10
13.00055981,80.25641632,8160,8170,10
12.99940968,80.25618744,8170,8180,10
12.99831009,80.25601196,8180,8190,10
12.99740982,80.25592041,8190,8200,10
12.99680996,80.25588989,8200,8210,10
12.99635983,80.255867,8210,8221,11
12.99553013,80.25588226,8221,8230,9
12.99477959,80.25592041,8230,8241,11
12.99394989,80.2559967,8241,8251,10
12.99308014,80.25605774,8251,8261,10
12.9920702,80.25608063,8261,8271,10
12.99104977,80.25602722,8271,8281,10
12.99009037,80.25601959,8281,8291,10
12.98931026,80.25598907,8291,8301,10
12.98824024,80.25592041,8301,8311,10
12.98805046,80.255867,8311,8322,11
12.98768044,80.25591278,8322,8332,10
12.98760033,80.25656891,8332,8342,10
12.98752975,80.25743866,8342,8352,10
12.98746967,80.25818634,8352,8362,10
12.98740959,80.25882721,8362,8372,10
12.98721981,80.25911713,8372,8412,40
12.98721981,80.25911713,8412,8423,11
12.98738003,80.25861359,8423,8439,16
12.98740005,80.25805664,8439,8481,42
12.98740005,80.25805664,8481,8491,10
12.98744011,80.25779724,8491,8895,404
12.9874897,80.25752258,8895,10804,1909
12.9874897,80.25752258,10804,10814,10
12.98750019,80.25710297,10814,10824,10
12.98754025,80.25675964,10824,10834,10
12.9875803,80.2562027,10834,10845,11
12.98771954,80.25579834,10845,10855,10
12.98814964,80.2558136,10855,10865,10
12.98859978,80.255867,10865,10875,10
12.98915958,80.25595093,10875,10885,10
12.9898901,80.2559967,10885,10895,10
12.99055004,80.25598145,10895,10905,10
12.99106979,80.25601959,10905,10915,10
12.99172974,80.256073,10915,10924,9
12.9924202,80.25608063,10924,10935,11
12.99332047,80.25605011,10935,10946,11
12.99425983,80.25598907,10946,10956,10
12.99514008,80.25592804,10956,10966,10
12.99602032,80.25591278,10966,10976,10
12.99687958,80.25592041,10976,10986,10
12.99738026,80.25591278,10986,10996,10
12.99777031,80.25592804,10996,11006,10
12.99835014,80.2559967,11006,11016,10
12.99913979,80.2561264,11016,11026,10
13.00000954,80.25630188,11026,11036,10
13.00100994,80.25647736,11036,11046,10
13.0019598,80.25662231,11046,11057,11
13.00310993,80.25682068,11057,11067,10
13.00419044,80.25702667,11067,11077,10
13.00529957,80.25724792,11077,11087,10
13.00636959,80.25746918,11087,11097,10
13.00685024,80.25769806,11097,11107,10
13.00706005,80.25810242,11107,11117,10
13.00708008,80.25814056,11117,11127,10
13.00734043,80.25843811,11127,11137,10
13.00796032,80.25878143,11137,11148,11
13.00895977,80.25907898,11148,11158,10
13.0099802,80.25908661,11158,11168,10
13.01113987,80.25906372,11168,11178,10
13.0121603,80.25907135,11178,11188,10
13.01344013,80.25913239,11188,11198,10
13.0145998,80.25920105,11198,11208,10
13.01576996,80.25935364,11208,11218,10
13.01683998,80.25998688,11218,11228,10
13.01786995,80.26068115,11228,11238,10
13.01861954,80.26117706,11238,11249,11
13.01869965,80.2612381,11249,11259,10
13.01893997,80.26148224,11259,11269,10
13.01935959,80.26184082,11269,11279,10
13.01984978,80.26235962,11279,11289,10
13.02058029,80.26284027,11289,11299,10
13.02147961,80.2631073,11299,11309,10
13.02202034,80.26335144,11309,11325,16
13.02258015,80.26364136,11325,11337,12
13.02334023,80.26406097,11337,11345,8
13.0239296,80.26438904,11345,11357,12
13.02482033,80.26499939,11357,11368,11
13.02567959,80.26557922,11368,11378,10
13.02637005,80.26598358,11378,11387,9
13.02705956,80.26611328,11387,11398,11
13.02789021,80.26621246,11398,11408,10
13.02875996,80.26634979,11408,11417,9
13.0294199,80.2665863,11417,11428,11
13.03017998,80.26669312,11428,11438,10
13.03100014,80.26682281,11438,11449,11
13.03192043,80.26719666,11449,11459,10
13.03265953,80.26754761,11459,11469,10
13.03337955,80.2678299,11469,11479,10
13.03409004,80.26796722,11479,11509,30
13.03409004,80.26796722,11509,11519,10
13.03417969,80.26802063,11519,11529,10
13.0345602,80.26805878,11529,11539,10
13.03505993,80.26796722,11539,11550,11
13.03575039,80.26785278,11550,11560,10
13.03647995,80.26772308,11560,11570,10
13.0370903,80.26764679,11570,11580,10
13.03789997,80.26766205,11580,11589,9
13.03870964,80.26763916,11589,11600,11
13.03981018,80.26785278,11600,11609,9
13.04067993,80.2681427,11609,11620,11
13.04144001,80.26817322,11620,11630,10
13.04170036,80.26815033,11630,11640,10
13.04176044,80.26815033,11640,11651,11
13.04214954,80.2681427,11651,11661,10
13.04269981,80.26799011,11661,11671,10
13.04327965,80.26763153,11671,11681,10
13.04397964,80.26719666,11681,11691,10
13.04467964,80.26680756,11691,11701,10
13.04553032,80.26663208,11701,11711,10
13.04644966,80.26638031,11711,11721,10
13.04722023,80.26631927,11721,11731,10
13.04798985,80.26605988,11731,11741,10
13.04860973,80.26550293,11741,11751,10
13.04901981,80.26461792,11751,11762,11
13.04959965,80.26403046,11762,11771,9
13.05033016,80.26410675,11771,11782,11
13.05140018,80.26402283,11782,11792,10
13.05220032,80.26380157,11792,11802,10
13.05284977,80.26383209,11802,11812,10
13.05366993,80.26393127,11812,11822,10
13.05438042,80.26419067,11822,11832,10
13.05527973,80.26439667,11832,11842,10
13.05636024,80.26452637,11842,11853,11
13.05731964,80.26480865,11853,11863,10
13.05755043,80.26493835,11863,11873,10
13.0580101,80.26503754,11873,11883,10
13.0580101,80.26442719,11883,11893,10
13.05788994,80.26351166,11893,11903,10
13.05780029,80.26257324,11903,11913,10
13.05768967,80.26178741,11913,11923,10
13.05758953,80.26117706,11923,11933,10
13.05792046,80.26100922,11933,11943,10
13.05844021,80.26094818,11943,11953,10
13.05875015,80.26093292,11953,11964,11
13.05916977,80.26087189,11964,11974,10
13.0596199,80.26061249,11974,11984,10
13.06007957,80.26065826,11984,11994,10
13.06060982,80.26125336,11994,12004,10
13.06126022,80.26187897,12004,12014,10
13.06184959,80.26252747,12014,12024,10
13.06235981,80.26319885,12024,12034,10
13.06291008,80.26386261,12034,12044,10
13.06346035,80.26454163,12044,12054,10
13.06383038,80.2649231,12054,12065,11
13.06394005,80.26506042,12065,12075,10
13.06406021,80.26531982,12075,12095,20
13.06406021,80.26531982,12095,12105,10
13.06429005,80.26550293,12105,12115,10
13.06443024,80.26569366,12115,12125,10
13.06453037,80.26586914,12125,12135,10
13.06457043,80.26596832,12135,12145,10
13.0646801,80.26618195,12145,12155,10
13.06478977,80.2662735,12155,12166,11
13.06492996,80.26644135,12166,12176,10
13.06505013,80.26660156,12176,12186,10
13.06509972,80.26663971,12186,12196,10
13.06523037,80.26677704,12196,12206,10
13.06534958,80.266922,12206,12216,10
13.06548977,80.26715851,12216,12226,10
13.06587982,80.2677002,12226,12236,10
13.06647968,80.26835632,12236,12246,10
13.06715012,80.26878357,12246,12257,11
13.06793976,80.26927948,12257,12267,10
13.06828976,80.26972198,12267,12277,10
13.06822014,80.27046204,12277,12287,10
13.06820011,80.27133942,12287,12297,10
13.06882954,80.27192688,12297,12306,9
13.06945992,80.27233887,12306,12318,12
13.07022953,80.27319336,12318,12328,10
13.07083988,80.27394867,12328,12338,10
13.07157993,80.2742691,12338,12347,9
13.07205963,80.27461243,12347,12357,10
13.07262039,80.27523041,12357,12369,12
13.07351017,80.27619171,12369,12379,10
13.07435036,80.27638245,12379,12389,10
13.07528973,80.27635193,12389,12399,10
13.0761404,80.27631378,12399,12409,10
13.07703018,80.27625275,12409,12419,10
13.07793999,80.27617645,12419,12429,10
13.07835007,80.27552032,12429,12439,10
13.07901001,80.27516174,12439,12449,10
13.07973003,80.2753067,12449,12459,10
13.08045006,80.27526855,12459,12470,11
13.08127975,80.27519226,12470,12480,10
13.0816803,80.27519989,12480,12490,10
13.08191967,80.27526093,12490,12500,10
13.08205032,80.27559662,12500,12520,20
13.08205032,80.27559662,12520,12530,10
13.08205032,80.27574158,12530,12540,10
13.08191013,80.27603912,12540,12550,10
13.08185005,80.27620697,12550,12561,11
13.0819397,80.2768631,12561,12571,10
13.08205986,80.27776337,12571,12581,10
13.08216953,80.27870941,12581,12592,11
13.08224964,80.2797699,12592,12602,10
13.08232975,80.28076172,12602,12612,10
13.08236027,80.28134918,12612,12622,10
13.08238029,80.28153992,12622,12632,10
13.08255005,80.28186035,12632,12642,10
13.08314991,80.28221893,12642,12652,10
13.08388042,80.2826767,12652,12662,10
13.08462048,80.28321075,12662,12673,11
13.08518028,80.28383636,12673,12684,11
13.08549976,80.283638,12684,12693,9
13.08578968,80.28356171,12693,12704,11
13.08615017,80.28356934,12704,12714,10
13.08658981,80.28373718,12714,12724,10
13.08703041,80.28372192,12724,12734,10
13.08769989,80.28369904,12734,13330,596
13.08769989,80.28369904,13330,13340,10
13.08796024,80.28365326,13340,13350,10
13.08817959,80.28360748,13350,13360,10
13.08833981,80.28343964,13360,13371,11
13.08837032,80.2829895,13371,13381,10
13.08837986,80.28244781,13381,13390,9
13.08827972,80.2819519,13390,13401,11
13.08775997,80.28140259,13401,13411,10
13.08703995,80.28121185,13411,13421,10
13.08621025,80.28098297,13421,13431,10
13.08572006,80.28051758,13431,13441,10
13.08557987,80.2798996,13441,13451,10
13.08516026,80.27941895,13451,13461,10
13.08450031,80.27928162,13461,13472,11
13.08366966,80.27909851,13472,13482,10
13.08290958,80.27877808,13482,13492,10
13.08232021,80.27854156,13492,13502,10
13.08203983,80.27828217,13502,13512,10
13.08191967,80.27761078,13512,13522,10
13.08178043,80.27675629,13522,13542,20
13.08178043,80.27675629,13542,13552,10
13.08172035,80.27667999,13552,13562,10
13.0816803,80.27628326,13562,13573,11
13.08158016,80.27558899,13573,13653,80
13.08158016,80.27558899,13653,13663,10
13.08160019,80.2754364,13663,13674,11
13.08172035,80.275177,13674,13684,10
13.08199978,80.27526855,13684,13694,10
13.08207989,80.27548218,13694,13764,70
13.08207989,80.27548218,13764,13775,11
13.08213997,80.27577209,13775,13785,10
13.0819397,80.27599335,13785,13795,10
13.08185959,80.27619934,13795,13805,10
13.08197975,80.2767334,13805,13815,10
13.0821104,80.27761078,13815,13825,10
13.08222961,80.27835083,13825,13835,10
13.08205032,80.27832794,13835,13845,10
13.08197975,80.27767944,13845,13855,10
13.08189011,80.27671814,13855,13866,11
13.08168983,80.27570343,13866,13875,9
13.08162975,80.27549744,13875,13886,11
13.08158016,80.275383,13886,13896,10
13.08145046,80.27519226,13896,13906,10
13.08096981,80.27523041,13906,13916,10
13.08036041,80.27529907,13916,13926,10
13.07956028,80.2753067,13926,13936,10
13.07894039,80.275177,13936,13946,10
13.07847023,80.27536011,13946,13956,10
13.07816029,80.27609253,13956,13966,10
13.07734013,80.27625275,13966,13977,11
13.07643032,80.27631378,13977,13987,10
13.07600975,80.27632904,13987,13997,10
13.07575035,80.27633667,13997,14007,10
13.0753603,80.27635193,14007,14017,10
13.07528019,80.27635193,14017,14027,10
13.07503986,80.27635956,14027,14037,10
13.07450962,80.27638245,14037,14047,10
13.07408047,80.27664185,14047,14057,10
13.07433987,80.27706146,14057,14068,11
13.07481956,80.2775116,14068,14078,10
13.07481003,80.27761841,14078,14088,10
13.07468033,80.27758026,14088,14098,10
13.07437992,80.27723694,14098,14108,10
13.07382011,80.27668762,14108,14118,10
13.07316017,80.27599335,14118,14128,10
13.07238007,80.2751236,14128,14138,10
13.07151985,80.27442932,14138,14148,10
13.07069016,80.2739563,14148,14158,10
13.07021999,80.27330017,14158,14169,11
13.06947994,80.27252197,14169,14179,10
13.06867981,80.2719574,14179,14189,10
13.06809044,80.27131653,14189,14199,10
13.06727982,80.27041626,14199,14209,10
13.06661987,80.26965332,14209,14219,10
13.06649017,80.26885223,14219,14229,10
13.0661602,80.26811218,14229,14239,10
13.06550026,80.26766968,14239,14249,10
13.06523991,80.26763153,14249,14259,10
13.06501961,80.26760101,14259,14270,11
13.06437016,80.26746368,14270,14280,10
13.06365967,80.26732635,14280,14290,10
13.06291962,80.2671814,14290,14300,10
13.06235027,80.26661682,14300,14310,10
13.06167984,80.26580048,14310,14320,10
13.06107998,80.26519775,14320,14330,10
13.06031036,80.26548004,14330,14340,10
13.05935955,80.26554108,14340,14350,10
13.05848026,80.26538849,14350,14360,10
13.05762959,80.26503754,14360,14370,10
13.05663013,80.26457214,14370,14381,11
13.05543041,80.26442719,14381,14391,10
13.05453968,80.26428223,14391,14401,10
13.0538702,80.26406097,14401,14411,10
13.05383968,80.26403809,14411,14421,10
13.05364037,80.26397705,14421,14431,10
13.05319977,80.26390076,14431,14441,10
13.05247021,80.2638092,14441,14451,10
13.05161953,80.26399231,14451,14461,10
13.05053997,80.26412201,14461,14471,10
13.04963017,80.26405334,14471,14482,11
13.04916,80.26447296,14482,14492,10
13.04895973,80.26509857,14492,14502,10
13.04848957,80.26569366,14502,14512,10
13.04782963,80.26622772,14512,14513,1
13.04776001,80.2662735,14513,14552,39
13.04543972,80.26660919,14552,14562,10
13.04463005,80.26677704,14562,14572,10
13.04378033,80.26727295,14572,14583,11
13.04284,80.26789856,14583,14593,10
13.04191017,80.26818848,14593,14603,10
13.04092026,80.26818085,14603,14613,10
13.04032993,80.26798248,14613,14623,10
13.03971004,80.26777649,14623,14633,10
13.03896046,80.26763916,14633,14648,15
13.03750992,80.26760864,14648,14658,10
13.03668976,80.26767731,14658,14668,10
13.03582001,80.26782227,14668,14679,11
13.03491974,80.26786041,14679,14689,10
13.03417969,80.26792908,14689,14709,20
13.03417969,80.26792908,14709,14719,10
13.03374004,80.26786041,14719,14729,10
13.03304005,80.26772308,14729,14739,10
13.03258038,80.26748657,14739,14758,19
13.03135967,80.26695251,14758,14770,12
13.03044033,80.26674652,14770,14780,10
13.02954006,80.26660156,14780,14791,11
13.02888966,80.26638031,14791,14801,10
13.02818012,80.2662735,14801,14811,10
13.02750015,80.26609039,14811,14830,19
13.02750015,80.26609039,14830,14841,11
13.02698994,80.26605225,14841,14851,10
13.02645969,80.26599121,14851,14861,10
13.02614021,80.26586151,14861,14871,10
13.02565956,80.26554108,14871,14881,10
13.02538967,80.26537323,14881,14892,11
13.02509975,80.26513672,14892,14902,10
13.02451038,80.26467896,14902,14912,10
13.02363014,80.26418304,14912,14922,10
13.02274036,80.26371002,14922,14932,10
13.02210045,80.26338959,14932,14942,10
13.02178001,80.26320648,14942,14952,10
13.02116013,80.26306152,14952,14962,10
13.02003956,80.26300812,14962,14972,10
13.01914024,80.26291656,14972,14982,10
13.01893997,80.26274109,14982,14992,10
13.01885033,80.26213837,14992,15003,11
13.01861954,80.26126862,15003,15013,10
13.01778984,80.26069641,15013,15023,10
13.01671982,80.2600174,15023,15033,10
13.01548004,80.25943756,15033,15043,10
13.0141201,80.25930023,15043,15053,10
13.01270962,80.25924683,15053,15063,10
13.01134968,80.25920868,15063,15073,10
13.01000023,80.25923157,15073,15083,10
13.00907993,80.25921631,15083,15094,11
13.00868034,80.25921631,15094,15114,20
13.00759029,80.25939941,15114,15126,12
13.00720024,80.25878143,15126,15136,10
13.00712013,80.25853729,15136,15145,9
13.00693035,80.25818634,15145,15156,11
13.00640011,80.25758362,15156,15167,11
13.00545979,80.25733948,15167,15176,9
13.00465965,80.25715637,15176,15185,9
13.00391006,80.25700378,15185,15196,11
13.00288963,80.25681305,15196,15207,11
13.00195026,80.25665283,15207,15217,10
13.00088978,80.25647736,15217,15227,10
12.99969006,80.25627136,15227,15237,10
12.99862003,80.25608063,15237,15247,10
12.9978199,80.25595856,15247,15257,10
12.99765968,80.25592804,15257,15266,9
12.99730968,80.25592041,15266,15278,12
12.99676991,80.255867,15278,15288,10
12.99637985,80.25588226,15288,15298,10
12.99567986,80.25588226,15298,15308,10
12.99497032,80.25591278,15308,15318,10
12.99419022,80.25595093,15318,15328,10
12.99335003,80.25601959,15328,15338,10
12.99236965,80.25605774,15338,15348,10
12.99133968,80.25604248,15348,15358,10
12.99030018,80.25601196,15358,15368,10
12.98908043,80.25595093,15368,15377,9
12.98808002,80.25585938,15377,15399,22
12.98808002,80.25585938,15399,15409,10
12.98779964,80.25582886,15409,15419,10
12.98762035,80.25621033,15419,15429,10
12.98756027,80.25691223,15429,15439,10
12.98750019,80.25772858,15439,15449,10
12.98746967,80.25845337,15449,15459,10
12.98738956,80.25904083,15459,15490,31
12.98738956,80.25904083,15490,15500,10
12.98727989,80.25921631,15500,15510,10
12.98715019,80.25958252,15510,15550,40
12.98715019,80.25958252,15550,15560,10
12.98725986,80.25946808,15560,15570,10
12.98731995,80.25919342,15570,15580,10
12.98731041,80.25898743,15580,15621,41
12.98731041,80.25898743,15621,15631,10
12.98736,80.2587738,15631,15641,10
12.98736954,80.25869751,15641,15650,9
12.98740005,80.25849152,15650,15682,32
12.98740005,80.25849152,15682,15692,10
12.98742962,80.25834656,15692,15702,10
12.98742962,80.25800323,15702,15712,10
12.98746967,80.25771332,15712,15722,10
12.98754025,80.25720215,15722,15732,10
12.98758984,80.25650787,15732,15742,10
12.98764992,80.25582886,15742,15752,10
12.98785973,80.2557373,15752,15762,10
12.98845005,80.25582123,15762,15793,31
12.98845005,80.25582123,15793,15803,10
12.98853016,80.255867,15803,15813,10
12.98890972,80.25592804,15813,15823,10
12.98954964,80.2559967,15823,15833,10
12.99040031,80.25598145,15833,15843,10
12.99116993,80.25601959,15843,15853,10
12.99203968,80.25605774,15853,15863,10
12.99279976,80.25604248,15863,15873,10
12.99386978,80.25598145,15873,15883,10
12.99466991,80.25592041,15883,15894,11
12.99571037,80.25588989,15894,15904,10
12.99670982,80.25588226,15904,15914,10
12.99709988,80.25588226,15914,15924,10
12.9975996,80.25588226,15924,15934,10
12.99781036,80.25592041,15934,15944,10
12.99827957,80.25596619,15944,15954,10
12.99903011,80.25605774,15954,15974,20
12.99903011,80.25605774,15974,15985,11
12.99913979,80.25608063,15985,15995,10
12.99962044,80.25617981,15995,16004,9
13.0002203,80.25630188,16004,16015,11
13.00107956,80.25644684,16015,16025,10
13.0019598,80.25659943,16025,16035,10
13.00292015,80.25675964,16035,16045,10
13.00387955,80.25694275,16045,16055,10
13.00491047,80.25714111,16055,16065,10
13.00597954,80.25736237,16065,16075,10
13.00701046,80.25795746,16075,16085,10
13.00701046,80.25795746,16085,16096,11
13.00736046,80.25843048,16096,16106,10
13.00800991,80.2587738,16106,16116,10
13.00889015,80.25904846,16116,16126,10
13.00994968,80.25907135,16126,16136,10
13.01121998,80.25904846,16136,16146,10
13.01255989,80.25907898,16146,16158,12
13.01426029,80.2591629,16158,16168,10
13.01566982,80.25930023,16168,16178,10
13.01673985,80.25991058,16178,16188,10
13.0178299,80.26064301,16188,16199,11
13.01893044,80.2614212,16199,16209,10
13.01972008,80.26213074,16209,16219,10
13.02077961,80.26277924,16219,16229,10
13.02173996,80.26316071,16229,16239,10
13.02212048,80.26335907,16239,16249,10
13.02256966,80.26361847,16249,16259,10
13.02301979,80.26381683,16259,16269,10
13.02375984,80.26423645,16269,16279,10
13.02381992,80.26428986,16279,16290,11
13.02422047,80.26454163,16290,16300,10
13.0247097,80.26489258,16300,16310,10
13.02528,80.26531219,16310,16320,10
13.02587986,80.26567841,16320,16330,10
13.02624035,80.26583099,16330,16340,10
13.02632046,80.26561737,16340,16350,10
13.02635956,80.26509857,16350,16360,10
13.02643967,80.2644577,16360,16370,10
13.02649975,80.2640686,16370,16380,10
13.02651978,80.26400757,16380,16390,10
13.02657986,80.26358032,16390,16401,11
13.0268898,80.26342773,16401,16411,10
13.02737999,80.2635498,16411,16421,10
13.02785015,80.26368713,16421,16431,10
13.02828979,80.2638092,16431,16441,10
13.02828979,80.26381683,16441,16451,10
13.02855015,80.26387024,16451,16461,10
13.02898979,80.26403046,16461,16471,10
13.02927017,80.26425934,16471,16487,16
13.02929974,80.26495361,16487,16500,13
13.02927971,80.26586151,16500,16509,9
13.02925968,80.26605988,16509,16521,12
13.02923012,80.2661972,16521,16531,10
13.02925968,80.26644897,16531,16541,10
13.02966976,80.26657867,16541,16551,10
13.03019047,80.26670074,16551,16561,10
13.03083992,80.26680756,16561,16571,10
13.03141975,80.26702118,16571,16581,10
13.03223038,80.26737976,16581,16591,10
13.03277016,80.26766968,16591,16602,11
13.03351974,80.26785278,16602,16611,9
13.03404045,80.26793671,16611,16632,21
13.03404045,80.26793671,16632,16642,10
13.03439999,80.26798248,16642,16652,10
13.03491974,80.26793671,16652,16662,10
13.03542042,80.26786041,16662,16671,9
13.03584957,80.26779938,16671,16681,10
13.03670025,80.26766205,16681,16703,22
13.03670025,80.26766205,16703,16713,10
13.0367403,80.26769257,16713,16723,10
13.03707027,80.26766205,16723,16733,10
13.03759956,80.26769257,16733,16743,10
13.03804016,80.26767731,16743,16753,10
13.0387001,80.26764679,16753,16763,10
13.0395298,80.26776886,16763,16773,10
13.04010963,80.26795197,16773,16783,10
13.04071045,80.26817322,16783,16794,11
13.04137039,80.26820374,16794,16804,10
13.04160023,80.26815796,16804,16814,10
13.04168987,80.26818085,16814,16824,10
13.04216003,80.2681427,16824,16834,10
13.0427103,80.26795959,16834,16844,10
13.04298019,80.26780701,16844,16854,10
13.04323959,80.26764679,16854,16864,10
13.04331017,80.26760864,16864,16874,10
13.04358006,80.2674408,16874,16884,10
13.04399967,80.2671814,16884,16895,11
13.04456043,80.26686859,16895,16905,10
13.04498005,80.26673889,16905,16915,10
13.04553032,80.26664734,16915,16925,10
13.04599953,80.26654053,16925,16935,10
13.04638004,80.2664032,16935,16945,10
13.0472002,80.26629639,16945,16965,20
13.0472002,80.26629639,16965,16975,10
13.04741955,80.26631927,16975,16985,10
13.04794025,80.26609802,16985,16996,11
13.04837036,80.26571655,16996,17006,10
13.04881954,80.26522064,17006,17016,10
13.04901981,80.26457977,17016,17026,10
13.04918957,80.26407623,17026,17076,50
13.04918957,80.26407623,17076,17086,10
13.04932022,80.26406097,17086,17096,10
13.04959011,80.26403809,17096,17107,11
13.05006027,80.26409912,17107,17117,10
13.0508604,80.26413727,17117,17127,10
13.05181026,80.2639389,17127,17137,10
13.05233002,80.26376343,17137,17147,10
13.05243015,80.26377106,17147,17157,10
13.05266953,80.26383209,17157,17167,10
13.05311966,80.26387787,17167,17177,10
13.05331039,80.26387787,17177,17208,31
13.05331039,80.26387787,17208,17218,10
13.05362034,80.2639389,17218,17228,10
13.05412006,80.26413727,17228,17238,10
13.05490017,80.26434326,17238,17248,10
13.05582047,80.26448059,17248,17258,10
13.05655956,80.26455688,17258,17268,10
13.05716038,80.26474762,17268,17278,10
13.05782986,80.26506805,17278,17288,10
13.05801964,80.2647171,17288,17298,10
13.05792046,80.26407623,17298,17309,11
13.05784035,80.26304626,17309,17319,10
13.05770016,80.26190186,17319,17329,10
13.05757046,80.26112366,17329,17339,10
13.05792046,80.26101685,17339,17349,10
13.05836964,80.2609787,17349,17359,10
13.05873966,80.26091766,17359,17369,10
13.05930042,80.26083374,17369,17379,10
13.05982971,80.26049042,17379,17389,10
13.06013966,80.26078033,17389,17400,11
13.06068993,80.26145935,17400,17410,10
13.06138039,80.26216125,17410,17420,10
13.06190014,80.26275635,17420,17430,10
13.06245995,80.2634201,17430,17440,10
13.06313992,80.26426697,17440,17450,10
13.06375027,80.26519012,17450,17460,10
13.06437016,80.26599884,17460,17470,10
13.06497955,80.26673889,17470,17480,10
13.06558037,80.26725006,17480,17491,11
13.06624985,80.26811218,17491,17501,10
13.06698036,80.26862335,17501,17511,10
13.0678196,80.26914978,17511,17521,10
13.06830025,80.26959991,17521,17531,10
13.06822014,80.27030945,17531,17541,10
13.06816006,80.2712326,17541,17550,9
13.06851006,80.27178192,17550,17561,11
13.06867981,80.27187347,17561,17571,10
13.06904984,80.27198792,17571,17581,10
13.06954956,80.27243805,17581,17592,11
13.0701704,80.27313232,17592,17602,10
13.07059956,80.27368164,17602,17612,10
13.07094955,80.27401733,17612,17622,10
13.07096958,80.27404022,17622,17632,10
13.07137012,80.27420044,17632,17642,10
13.07199955,80.27455902,17642,17652,10
13.07256031,80.27516937,17652,17662,10
13.07332039,80.27597809,17662,17672,10
13.07423973,80.27638245,17672,17682,10
13.07598019,80.27626801,17682,17703,21
13.07598019,80.27626801,17703,17713,10
13.07608032,80.27626801,17713,17723,10
13.07653999,80.27626038,17723,17733,10
13.07726002,80.27622223,17733,17743,10
13.07804012,80.27613831,17743,17753,10
13.0783596,80.27545929,17753,17763,10
13.07903957,80.27514648,17763,17773,10
13.07989979,80.27528381,17773,17783,10
13.08084011,80.27519989,17783,17793,10
13.08154964,80.27513123,17793,17915,122
13.08154964,80.27513123,17915,17925,10
13.08166981,80.27516937,17925,17935,10
13.08195972,80.2753067,17935,17945,10
13.08203983,80.27562714,17945,17984,39
13.08203983,80.27562714,17984,17996,12
13.08207989,80.27581024,17996,18016,20
13.08207989,80.27581024,18016,18026,10
13.08199978,80.27596283,18026,18036,10
13.08187008,80.27615356,18036,18046,10
13.08193016,80.27670288,18046,18056,10
13.08203983,80.27761841,18056,18066,10
13.08215046,80.27841187,18066,18076,10
13.08220959,80.27925873,18076,18086,10
13.08230972,80.28041077,18086,18097,11
13.08238983,80.28157806,18097,18107,10
13.0829401,80.28211975,18107,18117,10
13.08391953,80.28272247,18117,18127,10
13.08489037,80.28349304,18127,18137,10
13.08533955,80.28388214,18137,18147,10
13.08547974,80.28368378,18147,18157,10
13.08590031,80.28359222,18157,18167,10
13.08631992,80.28363037,18167,18177,10
13.08675957,80.28376007,18177,18187,10
13.08747959,80.28372192,18187,18278,91
13.08747959,80.28372192,18278,18288,10
13.08794022,80.28369141,18288,18410,122
13.08794022,80.28369141,18410,18420,10
13.08827019,80.28362274,18420,18450,30
13.08827019,80.28362274,18450,18460,10
13.08835983,80.28330231,18460,18470,10
13.08835983,80.28282928,18470,18480,10
13.08833981,80.28244019,18480,18490,10
13.08831978,80.28225708,18490,18500,10
13.08815956,80.28173828,18500,18511,11
13.08743954,80.28132629,18511,18521,10
13.08664036,80.28109741,18521,18531,10
13.08592033,80.28086853,18531,18541,10
13.08568001,80.28035736,18541,18551,10
13.0854702,80.27967834,18551,18561,10
13.08483028,80.27931213,18561,18571,10
13.08399963,80.27915192,18571,18581,10
13.08335018,80.27893829,18581,18591,10
13.08255005,80.27863312,18591,18602,11
13.08201981,80.27831268,18602,18612,10
13.08193016,80.27768707,18612,18622,10
13.08178043,80.27664948,18622,18642,20
13.08178043,80.27664948,18642,18652,10
13.08174038,80.27646637,18652,18662,10
13.08166027,80.27597046,18662,18712,50
13.08166027,80.27597046,18712,18723,11
13.08162975,80.27559662,18723,18783,60
13.08162975,80.27559662,18783,18793,10
13.08156013,80.27536011,18793,18814,21
13.08156013,80.27536011,18814,18824,10
13.08150959,80.27528381,18824,18834,10
13.08125973,80.27519989,18834,18844,10
13.08078957,80.27526093,18844,18854,10
13.08020973,80.27532196,18854,18864,10
13.07952023,80.27532196,18864,18874,10
13.07876968,80.27519989,18874,18884,10
13.07826042,80.27575684,18884,18894,10
13.07781029,80.27623749,18894,18905,11
13.0768404,80.27629089,18905,18915,10
13.07602024,80.27635193,18915,18925,10
13.07584953,80.27636719,18925,18935,10
13.07565022,80.27635956,18935,18945,10
13.07507992,80.27638245,18945,18955,10
13.07429981,80.27644348,18955,18965,10
13.07408047,80.27684784,18965,18975,10
13.07454014,80.27729034,18975,18985,10
13.07483006,80.27755737,18985,18995,10
13.07476997,80.27765656,18995,19006,11
13.07450008,80.27739716,19006,19016,10
13.07396984,80.27684784,19016,19026,10
13.07328033,80.27612305,19026,19036,10
13.07250023,80.27526093,19036,19046,10
13.07176018,80.27454376,19046,19056,10
13.07096958,80.27420044,19056,19066,10
13.07075977,80.27410126,19066,19076,10
13.07063007,80.27397156,19076,19086,10
13.07036018,80.27349091,19086,19096,10
13.06980991,80.27282715,19096,19107,11
13.06906033,80.27210236,19107,19117,10
13.06849957,80.27191925,19117,19127,10
13.06847954,80.27191162,19127,19137,10
13.06842041,80.27185822,19137,19147,10
13.06816006,80.27153015,19147,19157,10
13.06774044,80.27095032,19157,19167,10
13.06711006,80.27027893,19167,19177,10
13.06655025,80.26954651,19177,19187,10
13.0664196,80.26862335,19187,19197,10
13.06599998,80.26796722,19197,19208,11
13.06529999,80.26763153,19208,19224,16
13.06521988,80.26760864,19224,19236,12
13.06509018,80.26760101,19236,19246,10
13.06457996,80.26750946,19246,19256,10
13.06379986,80.26734924,19256,19266,10
13.0629797,80.26719666,19266,19276,10
13.06245995,80.26680756,19276,19286,10
13.06177044,80.26595306,19286,19296,10
13.0613203,80.26538849,19296,19306,10
13.06072044,80.26528168,19306,19317,11
13.06054974,80.26537323,19317,19326,9
13.06019974,80.26550293,19326,19337,11
13.05951977,80.26555634,19337,19347,10
13.05860043,80.26542664,19347,19357,10
13.05788994,80.26521301,19357,19367,10
13.05720043,80.26486969,19367,19377,10
13.05696011,80.26474762,19377,19387,10
13.05642986,80.26457977,19387,19397,10
13.05558968,80.26448822,19397,19408,11
13.0542202,80.26425934,19408,19438,30
13.0542202,80.26425934,19438,19448,10
13.05412006,80.26422119,19448,19458,10
13.05389023,80.26410675,19458,19468,10
13.05344009,80.26390076,19468,19478,10
13.05266953,80.26381683,19478,19488,10
13.05198956,80.26386261,19488,19498,10
13.05113029,80.26407623,19498,19509,11
13.04983997,80.2640686,19509,19519,10
13.04911041,80.26452637,19519,19529,10
13.04864025,80.26547241,19529,19539,10
13.04808044,80.26598358,19539,19549,10
13.04775047,80.26624298,19549,19559,10
13.04718971,80.26634979,19559,19569,10
13.04710007,80.26634979,19569,19579,10
13.04697037,80.26634979,19579,19589,10
13.04646015,80.26638794,19589,19599,10
13.04566002,80.26660156,19599,19610,11
13.0447998,80.26673889,19610,19620,10
13.04399967,80.26714325,19620,19630,10
13.04296017,80.26779175,19630,19640,10
13.04191971,80.26818848,19640,19650,10
13.04098034,80.26822662,19650,19660,10
13.04092026,80.26821899,19660,19670,10
13.04061031,80.26812744,19670,19680,10
13.04008007,80.26793671,19680,19689,9
13.03938007,80.26772308,19689,19700,11
13.03818989,80.26766205,19700,19712,12
13.03742027,80.26764679,19712,19722,10
13.03726959,80.26761627,19722,19732,10
13.03676033,80.26767731,19732,19741,9
13.03654003,80.26772308,19741,19752,11
13.03610039,80.26779938,19752,19762,10
13.0352602,80.26792145,19762,19772,10
13.03437996,80.26799774,19772,19782,10
13.03405952,80.26795959,19782,19792,10
13.03398037,80.26793671,19792,19802,10
13.03349018,80.2678299,19802,19813,11
13.03271961,80.26766205,19813,19823,10
13.03240967,80.26737213,19823,19833,10
13.03180027,80.26708221,19833,19843,10
13.03106022,80.26683044,19843,19853,10
13.03009033,80.26667023,19853,19863,10
13.02929974,80.26654053,19863,19873,10
13.02917957,80.26648712,19873,19883,10
13.02884007,80.26637268,19883,19893,10
13.02873993,80.26634216,19893,19904,11
13.02828026,80.26625061,19904,19914,10
13.02764988,80.26616669,19914,19924,10
13.02705956,80.26609802,19924,20217,293
13.02705956,80.26609802,20217,20227,10
13.02680969,80.26589966,20227,20237,10
13.0267601,80.26592255,20237,20247,10
13.02645969,80.26589966,20247,20257,10
13.02614021,80.26582336,20257,20267,10
13.02573967,80.26557159,20267,20277,10
13.02530003,80.26529694,20277,20297,20
13.02530003,80.26529694,20297,20308,11
13.02509022,80.26515961,20308,20318,10
13.0247097,80.26483917,20318,20328,10
13.02412033,80.2644577,20328,20338,10
13.02344036,80.26409149,20338,20348,10
13.02264977,80.26364136,20348,20358,10
13.02212048,80.26339722,20358,20368,10
13.02206993,80.2633667,20368,20378,10
13.02182961,80.263237,20378,20394,16
13.02068043,80.26300812,20394,20406,12
13.01959038,80.26293945,20406,20417,11
13.0190897,80.26289368,20417,20427,10
13.01887989,80.26220703,20427,20437,10
13.01869965,80.26138306,20437,20447,10
13.0180397,80.26087189,20447,20457,10
13.01716042,80.26026917,20457,20467,10
13.0163002,80.25978088,20467,20476,9
13.01607037,80.2596817,20476,20488,12
13.01591015,80.25958252,20488,20497,9
13.01535988,80.25939941,20497,20508,11
13.01438999,80.2592926,20508,20519,11
13.01311016,80.2592392,20519,20529,10
13.01187038,80.25920105,20529,20539,10
13.01074028,80.25920868,20539,20549,10
13.00981045,80.25921631,20549,20559,10
13.00903988,80.25921631,20559,20569,10
13.00876999,80.25921631,20569,20579,10
13.00841999,80.25920868,20579,20589,10
13.00767994,80.2593689,20589,20599,10
13.00726032,80.25888062,20599,20610,11
13.00720024,80.25875854,20610,20620,10
13.00702953,80.25836182,20620,20630,10
13.00662994,80.25775146,20630,20640,10
13.00648975,80.25701904,20640,20650,10
13.00646019,80.25596619,20650,20660,10
13.00648975,80.25469971,20660,20670,10
13.00646019,80.25356293,20670,20680,10
13.00646019,80.2532196,20680,20690,10
13.00646019,80.25292969,20690,20700,10
13.00652981,80.25222778,20700,20710,10
13.00662041,80.25177765,20710,20721,11
13.00671959,80.25109863,20721,20731,10
13.00669956,80.25021362,20731,20741,10
13.00669956,80.2492218,20741,20751,10
13.00662041,80.24841309,20751,20761,10
13.00662041,80.24817657,20761,20771,10
13.00662041,80.2474823,20771,20781,10
13.00662041,80.24684906,20781,20791,10
13.00662041,80.24680328,20791,20801,10
13.00662994,80.24662018,20801,20812,11
13.00666046,80.24585724,20812,20822,10
13.00664997,80.24497223,20822,20832,10
13.00662041,80.24397278,20832,20842,10
13.00660038,80.24285889,20842,20852,10
13.00654984,80.24182892,20852,20862,10
13.00656033,80.2416687,20862,20872,10
13.00658035,80.24133301,20872,20881,9
13.00666046,80.24073792,20881,20891,10
13.00683022,80.23989868,20891,20902,11
13.00708008,80.23863983,20902,20913,11
13.00737,80.23731995,20913,20923,10
13.00741005,80.23686981,20923,20933,10
13.00743961,80.23670197,20933,20943,10
13.00761032,80.23606873,20943,20953,10
13.0078001,80.23513794,20953,20963,10
13.00804996,80.23394012,20963,20973,10
13.00833035,80.23256683,20973,20983,10
13.00860023,80.23114777,20983,20993,10
13.00883961,80.2299881,20993,21003,10
13.00916958,80.22836304,21003,21014,11
13.00973988,80.22701263,21014,21024,10
13.01029968,80.22580719,21024,21034,10
13.01084042,80.22470856,21034,21044,10
13.0112896,80.22360229,21044,21054,10
13.01169014,80.22257996,21054,21063,9
13.01204014,80.22161865,21063,21074,11
13.01247025,80.22155762,21074,21084,10
13.01292038,80.22225189,21084,21094,10
13.01348972,80.22290039,21094,21103,9
13.01401043,80.22351837,21103,21115,12
13.01449966,80.22418213,21115,21125,10
13.01498985,80.224617,21125,21134,9
13.01537037,80.22492218,21134,21145,11
13.01541042,80.22493744,21145,21155,10
13.01558971,80.22503662,21155,21165,10
13.01618004,80.22531128,21165,21175,10
13.0169096,80.22518158,21175,21185,10
13.01788998,80.22479248,21185,21195,10
13.01896954,80.2243576,21195,21205,10
13.01965046,80.22444153,21205,21215,10
13.01976013,80.2244873,21215,21226,11
13.02013969,80.22476959,21226,21236,10
13.0207901,80.22527313,21236,21246,10
13.02159023,80.22586823,21246,21256,10
13.02200985,80.22615051,21256,21266,10
13.02200985,80.22615814,21266,21276,10
13.02227974,80.22640991,21276,21286,10
13.0228796,80.22698975,21286,21296,10
13.02369976,80.22775269,21296,21306,10
13.02431011,80.22839355,21306,21316,10
13.02447987,80.22857666,21316,21327,11
13.02484989,80.22917938,21327,21337,10
13.02542019,80.22992706,21337,21347,10
13.0259304,80.23088074,21347,21357,10
13.02618027,80.23136902,21357,21367,10
13.02670002,80.23123169,21367,21377,10
13.02735996,80.23105621,21377,21387,10
13.02797985,80.2309494,21387,21397,10
13.02840042,80.23087311,21397,21407,10
13.02863979,80.23085785,21407,21418,11
13.0292902,80.23081207,21418,21428,10
13.02989006,80.23075867,21428,21438,10
13.03063011,80.23069763,21438,21448,10
13.03120995,80.23065948,21448,21458,10
13.03186035,80.23062134,21458,21468,10
13.03275967,80.23053741,21468,21478,10
13.03363037,80.23047638,21478,21488,10
13.03419018,80.23043823,21488,21498,10
13.03435993,80.23040771,21498,21508,10
13.03444004,80.2303772,21508,21519,11
13.03479958,80.23027802,21519,21529,10
13.0350399,80.23007965,21529,21539,10
13.03501987,80.22982025,21539,21549,10
13.0349102,80.22981262,21549,21559,10
13.03464031,80.2297821,21559,21569,10
13.03439045,80.22972107,21569,22781,1212
13.03439045,80.22972107,22781,22791,10
13.03419018,80.23005676,22791,22842,51
13.03419018,80.23036194,22842,22862,20
13.03419018,80.23036194,22862,22872,10
13.03413963,80.23045349,22872,22881,9
13.0340004,80.23046112,22881,22892,11
13.03380013,80.23043823,22892,22902,10
13.03353977,80.23049164,22902,22912,10
13.03349972,80.23047638,22912,22922,10
13.03334045,80.23046875,22922,22933,11
13.03273964,80.23052216,22933,22943,10
13.03195,80.23059082,22943,22953,10
13.03110981,80.23068237,22953,22963,10
13.03057003,80.23072052,22963,22973,10
13.03001022,80.23079681,22973,22983,10
13.02985954,80.23081207,22983,22993,10
13.02966022,80.23084259,22993,23003,10
13.02902985,80.23088074,23003,23013,10
13.02822971,80.2309494,23013,23024,11
13.02777004,80.23101807,23024,23033,9
13.02772999,80.23139954,23033,23044,11
13.02775955,80.2318573,23044,23054,10
13.02785015,80.23233032,23054,23063,9
13.02785015,80.23275757,23063,23074,11
13.02727032,80.23288727,23074,23084,10
13.02684021,80.23297882,23084,23094,10
13.02645016,80.23287201,23094,23104,10
13.02618027,80.23216248,23104,23114,10
13.02600956,80.23142242,23114,23125,11
13.02573013,80.23052216,23125,23135,10
13.02511024,80.22959137,23135,23145,10
13.02466011,80.22901917,23145,23155,10
13.02455044,80.22888947,23155,23165,10
13.02420998,80.22849274,23165,23175,10
13.02398968,80.22827911,23175,23185,10
13.02388954,80.22812653,23185,23195,10
13.02365017,80.22785187,23195,23205,10
13.02330017,80.22750854,23205,23215,10
13.02266026,80.22693634,23215,23225,10
13.02202988,80.22631836,23225,23234,9
13.02134991,80.22577667,23234,23246,12
13.02050018,80.22516632,23246,23256,10
13.01963043,80.22458649,23256,23266,10
13.01863956,80.22450256,23266,23276,10
13.01673985,80.22528076,23276,23286,10
13.01673985,80.22528076,23286,23296,10
13.0160799,80.22556305,23296,23306,10
13.01541042,80.22582245,23306,23316,10
13.01478004,80.22608185,23316,23327,11
13.01441956,80.22621918,23327,23337,10
13.01438046,80.22624969,23337,23347,10
13.01404953,80.22635651,23347,23358,11
13.01329994,80.22664642,23358,23369,11
13.01226997,80.22705841,23369,23379,10
13.01119995,80.22746277,23379,23388,9
13.0099802,80.22795868,23388,23398,10
13.00914001,80.22857666,23398,23409,11
13.00889969,80.2297821,23409,23419,10
13.00866985,80.23095703,23419,23430,11
13.00844002,80.2322998,23430,23440,10
13.00829983,80.23326874,23440,23450,10
13.00823975,80.23349762,23450,23460,10
13.00811958,80.23410034,23460,23470,10
13.0079298,80.23497772,23470,23480,10
13.00771999,80.2360611,23480,23490,10
13.00747967,80.23725891,23490,23500,10
13.00726032,80.23842621,23500,23510,10
13.00708961,80.23938751,23510,23520,10
13.00697994,80.23992157,23520,23531,11
13.00697041,80.2399826,23531,23541,10
13.00691986,80.24021912,23541,23551,10
13.00687027,80.24067688,23551,23571,20
13.00687027,80.24067688,23571,23581,10
13.00681019,80.24104309,23581,23591,10
13.00673962,80.2417984,23591,23601,10
13.00669003,80.24282837,23601,23611,10
13.00664043,80.24401093,23611,23621,10
13.00664043,80.24519348,23621,23631,10
13.00669003,80.24633789,23631,23642,11
13.00671959,80.2474823,23642,23652,10
13.00673962,80.24858856,23652,23662,10
13.00685978,80.24925995,23662,23672,10
13.00687027,80.24929047,23672,23682,10
13.00689983,80.24933624,23682,23698,16
13.00683975,80.25039673,23698,23710,12
13.00677013,80.25147247,23710,23718,8
13.00662041,80.25215149,23718,23730,12
13.00654984,80.25353241,23730,23741,11
13.00660038,80.25479126,23741,23751,10
13.00660992,80.25565338,23751,23761,10
13.00660992,80.2565918,23761,23771,10
13.00667953,80.25727081,23771,23780,9
13.00687981,80.25791168,23780,23791,11
13.00751972,80.25853729,23791,23811,20
13.00751972,80.25853729,23811,23821,10
13.00767994,80.25868225,23821,23831,10
13.00807953,80.25884247,23831,23842,11
13.00891972,80.25904083,23842,23852,10
13.00994015,80.25906372,23852,23862,10
13.01121044,80.25906372,23862,23872,10
13.01243019,80.25907135,23872,23882,10
13.01369953,80.25913239,23882,23892,10
13.01500034,80.25917816,23892,23902,10
13.01638031,80.2596283,23902,23923,21
13.01638031,80.2596283,23923,23932,9
13.01663017,80.25984955,23932,23943,11
13.01735973,80.26036072,23943,23953,10
13.01825047,80.26096344,23953,23963,10
13.01896954,80.2614975,23963,23973,10
13.01961994,80.26212311,23973,23983,10
13.02023029,80.26264191,23983,23993,10
13.0204401,80.26274872,23993,24003,10
13.02110004,80.26294708,24003,24013,10
13.02188969,80.26325989,24013,24023,10
13.0221796,80.26339722,24023,24034,11
13.02280998,80.26371765,24034,24044,10
13.02291012,80.26378632,24044,24054,10
13.02307987,80.26390076,24054,24064,10
13.02359009,80.26421356,24064,24074,10
13.02437973,80.26464844,24074,24084,10
13.02499962,80.26512909,24084,24094,10
13.02558041,80.26553345,24094,24104,10
13.02604008,80.26580048,24104,24114,10
13.02622032,80.26584625,24114,24124,10
13.02633953,80.26545715,24124,24135,11
13.0264101,80.26477814,24135,24145,10
13.02647018,80.26409912,24145,24155,10
13.02649975,80.26402283,24155,24165,10
13.02657032,80.26371002,24165,24175,10
13.02678013,80.26341248,24175,24185,10
13.0273304,80.2634964,24185,24195,10
13.0281601,80.26374054,24195,24205,10
13.02886009,80.26390076,24205,24215,10
13.02927017,80.26409912,24215,24225,10
13.02925968,80.26457214,24225,24235,10
13.02925968,80.26528168,24235,24246,11
13.02927017,80.26595306,24246,24262,16
13.02927971,80.26596069,24262,24274,12
13.02925968,80.26624298,24274,24284,10
13.02923965,80.2664566,24284,24294,10
13.02964973,80.26657104,24294,24303,9
13.03044987,80.26667786,24303,24314,11
13.03149033,80.26695251,24314,24322,8
13.03203011,80.26721191,24322,24334,12
13.03275967,80.26760101,24334,24345,11
13.03357029,80.26779938,24345,24365,20
13.03357029,80.26779938,24365,24375,10
13.03384018,80.26789093,24375,24385,10
13.03433037,80.26798248,24385,24394,9
13.0345602,80.26799011,24394,24405,11
13.03454018,80.26815033,24405,24425,20
13.03454018,80.26815033,24425,24435,10
13.03421021,80.268013,24435,24446,11
13.03359032,80.26790619,24446,24456,10
13.03330994,80.26783752,24456,25314,858
13.03330994,80.26783752,25314,25324,10
13.03314972,80.26776123,25324,25334,10
13.03279972,80.26766968,25334,25345,11
13.03248024,80.2674408,25345,25355,10
13.03190041,80.26719666,25355,25365,10
13.03116035,80.266922,25365,25375,10
13.03038979,80.26673889,25375,25384,9
13.02982998,80.26663971,25384,25395,11
13.02978992,80.26663208,25395,25405,10
13.02935982,80.26657867,25405,25415,10
13.02898026,80.26643372,25415,25425,10
13.02840996,80.2662735,25425,25435,10
13.02777958,80.26618195,25435,25446,11
13.02713966,80.26608276,25446,25456,10
13.02647018,80.26598358,25456,25577,121
13.02647018,80.26598358,25577,25587,10
13.02637959,80.26589966,25587,25597,10
13.02600956,80.26573181,25597,25607,10
13.02542019,80.26538086,25607,25617,10
13.02523041,80.26526642,25617,25627,10
13.02484035,80.26496124,25627,25637,10
13.02398968,80.26439667,25637,25648,11
13.02297974,80.26383209,25648,25658,10
13.02219009,80.26348114,25658,25668,10
13.02206039,80.26335907,25668,25678,10
13.02169991,80.26319885,25678,25688,10
13.02108002,80.26303864,25688,25698,10
13.01986027,80.26296234,25698,25708,10
13.01914024,80.26289368,25708,25718,10
13.01896,80.26255035,25718,25728,10
13.01883984,80.26171875,25728,25738,10
13.01826954,80.26100159,25738,25749,11
13.01725006,80.26033783,25749,25759,10
13.01640987,80.25981903,25759,25769,10
13.01609993,80.2596817,25769,25779,10
13.01595974,80.25959778,25779,25789,10
13.01535034,80.25939178,25789,25799,10
13.0144701,80.25927734,25799,25809,10
13.01336956,80.2592392,25809,25819,10
13.01214027,80.25920105,25819,25829,10
13.0109396,80.25917816,25829,25840,11
13.00996017,80.2592392,25840,25850,10
13.00979996,80.25921631,25850,25860,10
13.00942039,80.25920868,25860,25870,10
13.00891018,80.25917053,25870,25880,10
13.00866032,80.25917816,25880,25890,10
13.00802994,80.25923157,25890,25900,10
13.0074501,80.25920868,25900,25910,10
13.00728989,80.25881195,25910,25920,10
13.0072298,80.25871277,25920,25930,10
13.00701046,80.25827026,25930,25940,10
13.00662041,80.25766754,25940,25971,31
13.00648022,80.2575531,25971,26007,36
13.00648022,80.2575531,26007,26019,12
13.00642967,80.25701141,26019,26027,8
13.00642014,80.25610352,26027,26039,12
13.00648975,80.25479126,26039,26049,10
13.00650978,80.25383759,26049,26060,11
13.00650978,80.2532196,26060,26070,10
13.00650978,80.25311279,26070,26079,9
13.00652027,80.25282288,26079,26090,11
13.00656033,80.25237274,26090,26100,10
13.00666046,80.25170135,26100,26110,10
13.00681973,80.2509613,26110,26120,10
13.00683975,80.25010681,26120,26130,10
13.00681973,80.24947357,26130,26140,10
13.00677967,80.24891663,26140,26151,11
13.00667,80.24799347,26151,26201,50
13.00667,80.24799347,26201,26211,10
13.00667953,80.24796295,26211,26221,10
13.00667,80.24764252,26221,26231,10
13.00667953,80.24703979,26231,26241,10
13.00662994,80.24677277,26241,26251,10
13.00658989,80.24658966,26251,26262,11
13.00666046,80.24638367,26262,26272,10
13.00669956,80.24569702,26272,26282,10
13.00669003,80.24479675,26282,26292,10
13.00669003,80.24401855,26292,26302,10
13.00664043,80.24324036,26302,26312,10
13.00660992,80.24224854,26312,26322,10
13.00662041,80.24124908,26322,26332,10
13.0067997,80.24041748,26332,26342,10
13.00691986,80.23953247,26342,26353,11
13.00712967,80.23835754,26353,26363,10
13.00734043,80.2374115,26363,26373,10
13.00739956,80.23696899,26373,26383,10
13.00739956,80.23696136,26383,26393,10
13.00743961,80.23679352,26393,26403,10
13.0075798,80.23628998,26403,26413,10
13.00771999,80.23558044,26413,26423,10
13.00788975,80.23477936,26423,26433,10
13.00806046,80.23394775,26433,26443,10
13.00825977,80.23297119,26443,26454,11
13.00852013,80.23164368,26454,26464,10
13.00876999,80.23030853,26464,26474,10
13.00903034,80.22899628,26474,26484,10
13.00938988,80.22779846,26484,26494,10
13.00988007,80.22670746,26494,26504,10
13.01031017,80.22580719,26504,26514,10
13.01078033,80.224823,26514,26530,16
13.01140022,80.2233963,26530,26542,12
13.01156044,80.2230072,26542,26550,8
13.01173019,80.22245789,26550,26563,13
13.01212025,80.22149658,26563,26572,9
13.01237965,80.22148132,26572,26583,11
13.01272011,80.22200012,26583,26593,10
13.01329041,80.2226181,26593,26603,10
13.01395988,80.22335815,26603,26613,10
13.01443958,80.22393036,26613,26622,9
13.01488018,80.22434235,26622,26633,11
13.01544952,80.22486877,26633,26643,10
13.01548958,80.22489166,26643,26653,10
13.01581001,80.2252121,26653,26664,11
13.01657963,80.22531891,26664,26674,10
13.01758957,80.2249527,26674,26684,10
13.01865959,80.22453308,26684,26694,10
13.01947021,80.22441864,26694,26704,10
13.01988029,80.224617,26704,26714,10
13.02040958,80.22501373,26714,26724,10
13.0210104,80.22544861,26724,26734,10
13.02163982,80.22589874,26734,26744,10
13.02194023,80.22608185,26744,26754,10
13.02196026,80.22609711,26754,26765,11
13.02231026,80.22644043,26765,26781,16
13.02305984,80.22708893,26781,26793,12
13.02377987,80.22781372,26793,26803,10
13.02425957,80.2283783,26803,26811,8
13.02474976,80.22904968,26811,26824,13
13.02544022,80.22994995,26824,26834,10
13.02593994,80.2307663,26834,26844,10
13.02602959,80.23105621,26844,26854,10
13.02608967,80.23130798,26854,26865,11
13.02653027,80.23124695,26865,26875,10
13.02781963,80.23095703,26875,26886,11
13.02781963,80.23095703,26886,26896,10
13.02842999,80.23088837,26896,26906,10
13.02861023,80.23088074,26906,26916,10
13.02908993,80.23085022,26916,26926,10
13.02939987,80.23081207,26926,26936,10
13.02995968,80.23078156,26936,26946,10
13.03055,80.23074341,26946,26958,12
13.03114033,80.23069,26958,26970,12
13.03190041,80.23062897,26970,26980,10
13.03281975,80.2305603,26980,26990,10
13.03369999,80.23049164,26990,27000,10
13.03431034,80.23043823,27000,27009,9
13.03470993,80.23032379,27009,27020,11
13.03472042,80.23032379,27020,27030,10
13.03491974,80.23011017,27030,27212,182
13.03491974,80.23011017,27212,27222,10
13.03452015,80.23007965,27222,27232,10
13.03431034,80.2300415,27232,28899,1667
13.03431034,80.2300415,28899,28909,10
13.03413963,80.23040009,28909,28919,10
13.03357029,80.23047638,28919,28939,20
13.03357029,80.23047638,28939,28949,10
13.03328037,80.23049927,28949,28959,10
13.03264046,80.23056793,28959,28970,11
13.03184032,80.23065186,28970,28980,10
13.03110027,80.23072815,28980,28990,10
13.03055,80.2307663,28990,29000,10
13.02984047,80.23082733,29000,29020,20
13.02984047,80.23082733,29020,29030,10
13.02962017,80.23084259,29030,29040,10
13.02912998,80.23087311,29040,29050,10
13.02847004,80.23091888,29050,29060,10
13.02793026,80.23097992,29060,29071,11
13.02764988,80.23110962,29071,29081,10
13.02770042,80.23155975,29081,29091,10
13.02775955,80.23193359,29091,29101,10
13.02783966,80.23240662,29101,29111,10
13.02775002,80.23277283,29111,29121,10
13.02719975,80.23291779,29121,29151,30
13.02719975,80.23291779,29151,29168,17
13.02686977,80.23300934,29168,29180,12
13.02645016,80.23296356,29180,29190,10
13.02622986,80.23235321,29190,29199,9
13.02602005,80.23158264,29199,29211,12
13.02563953,80.23046112,29211,29221,10
13.02507973,80.22960663,29221,29231,10
13.02449989,80.22885895,29231,29241,10
13.02398968,80.22827911,29241,29261,20
13.02398968,80.22827911,29261,29272,11
13.02375031,80.22795868,29272,29282,10
13.02336979,80.2276001,29282,29292,10
13.02313995,80.22737122,29292,29302,10
13.02266979,80.22689819,29302,29321,19
13.02145004,80.22588348,29321,29333,12
13.02058983,80.22525787,29333,29343,10
13.0197897,80.22470093,29343,29352,9
13.01883984,80.2244873,29352,29363,11
13.01756001,80.22501373,29363,29373,10
13.01663971,80.22537994,29373,29384,11
13.01611042,80.2256012,29384,29394,10
13.01543999,80.22582245,29394,29404,10
13.01461983,80.22618103,29404,29424,20
13.01461983,80.22618103,29424,29434,10
13.01439953,80.22625732,29434,29444,10
13.01436043,80.22625732,29444,29454,10
13.01414013,80.22631836,29454,29464,10
13.0136404,80.22651672,29464,29475,11
13.01276016,80.22686005,29475,29485,10
13.01175976,80.22724915,29485,29495,10
13.01066017,80.22767639,29495,29505,10
13.0096302,80.22810364,29505,29515,10
13.00907993,80.22881317,29515,29525,10
13.00887966,80.22989655,29525,29535,10
13.00866985,80.23104858,29535,29545,10
13.00846004,80.2321167,29545,29555,10
13.00823021,80.23364258,29555,29576,21
13.00823021,80.23364258,29576,29586,10
13.0081501,80.23391724,29586,29596,10
13.0080204,80.23455048,29596,29606,10
13.00784969,80.23535919,29606,29616,10
13.00765991,80.23635864,29616,29626,10
13.0074501,80.23741913,29626,29636,10
13.00724983,80.23847198,29636,29646,10
13.00708008,80.23927307,29646,29656,10
13.00697994,80.23986053,29656,29697,41
13.00697994,80.23986053,29697,29707,10
13.00695992,80.24009705,29707,29717,10
13.00689983,80.24069214,29717,29737,20
13.00689983,80.24069214,29737,29747,10
13.00687027,80.24076843,29747,29757,10
13.00677967,80.24115753,29757,29767,10
13.00675011,80.24195862,29767,29778,11
13.00671959,80.24302673,29778,29788,10
13.00669003,80.24398041,29788,29798,10
13.00667953,80.24500275,29798,29808,10
13.00669956,80.2456665,29808,29818,10
13.00673962,80.24633789,29818,29828,10
13.00671959,80.24755096,29828,29838,10
13.00677013,80.24868011,29838,29848,10
13.0068903,80.24958038,29848,29858,10
13.0068903,80.24967957,29858,29868,10
13.00687981,80.24970245,29868,29879,11
13.00683975,80.25022125,29879,29889,10
13.00683022,80.25099945,29889,29899,10
13.00669956,80.25180054,29899,29909,10
13.00656033,80.25263214,29909,29919,10
13.00656986,80.253479,29919,29929,10
13.00660038,80.25450134,29929,29939,10
13.00660992,80.25495148,29939,29949,10
13.00662041,80.25543976,29949,29959,10
13.00664043,80.25621033,29959,29969,10
13.00667953,80.25694275,29969,29980,11
13.00671005,80.25730896,29980,30050,70
13.00671005,80.25730896,30050,30060,10
13.00677967,80.25775909,30060,30070,10
13.00699043,80.25823212,30070,30081,11
13.00761032,80.25863647,30081,30091,10
13.00772953,80.25868225,30091,30101,10
13.00788021,80.25875854,30101,30111,10
13.00846004,80.25897217,30111,30121,10
13.00903034,80.25907898,30121,30131,10
13.00955009,80.25907898,30131,30141,10
13.01041031,80.25906372,30141,30151,10
13.01146984,80.25904083,30151,30161,10
13.01268005,80.25907135,30161,30178,17
13.01494026,80.2591629,30178,30190,12
13.0160799,80.2594223,30190,30200,10
13.01638985,80.2596283,30200,30219,19
13.01638985,80.2596283,30219,30230,11
13.01646996,80.25971222,30230,30240,10
13.01675034,80.25995636,30240,30250,10
13.0173502,80.26035309,30250,30260,10
13.01805973,80.26083374,30260,30270,10
13.01879978,80.26135254,30270,30280,10
13.01941013,80.26187897,30280,30290,10
13.01990032,80.26238251,30290,30301,11
13.02027035,80.26261902,30301,30311,10
13.02031994,80.26265717,30311,30321,10
13.02140999,80.26304626,30321,30331,10
13.02140999,80.26304626,30331,30349,18
13.0221796,80.26339722,30349,30361,12
13.0229702,80.26383972,30361,30381,20
13.0229702,80.26383972,30381,30392,11
13.02311039,80.2639389,30392,30402,10
13.02363014,80.26421356,30402,30412,10
13.02431011,80.26460266,30412,30422,10
13.02493954,80.26509094,30422,30431,9
13.02532959,80.26534271,30431,30442,11
13.02600002,80.26576233,30442,30452,10
13.02628994,80.26586914,30452,30462,10
13.02637959,80.26540375,30462,30472,10
13.02645969,80.26461792,30472,30482,10
13.02651978,80.26403809,30482,30493,11
13.02651978,80.26402283,30493,30503,10
13.0265398,80.26387787,30503,30513,10
13.02659988,80.26344299,30513,30523,10
13.0269804,80.26344299,30523,30533,10
13.02760029,80.26355743,30533,30543,10
13.02818012,80.26373291,30543,30553,10
13.02826977,80.26374817,30553,30563,10
13.02838039,80.26380157,30563,30573,10
13.02877045,80.26392365,30573,30583,10
13.02931023,80.26407623,30583,30594,11
13.02931976,80.26448059,30594,30604,10
13.0292902,80.26512909,30604,30614,10
13.02927017,80.2660675,30614,30634,20
13.02927017,80.2660675,30634,30644,10
13.02923012,80.26615906,30644,30654,10
13.02923012,80.26650238,30654,30663,9
13.02968025,80.26660919,30663,30673,10
13.03048038,80.26673126,30673,30684,11
13.03153992,80.26702118,30684,30695,11
13.03240967,80.26738739,30695,30705,10
13.03293037,80.26770782,30705,30715,10
13.03370953,80.26786041,30715,30765,50
13.03370953,80.26786041,30765,30775,10
13.03382969,80.26792908,30775,30785,10
13.03411961,80.26796722,30785,30796,11
13.03458023,80.26798248,30796,30816,20
13.03458023,80.26798248,30816,30826,10
13.03448009,80.26811981,30826,30836,10
13.03444958,80.26808167,30836,30846,10
13.03404045,80.26795959,30846,30856,10
13.03339958,80.26786804,30856,31341,485
13.03339958,80.26786804,31341,31351,10
13.03299999,80.26767731,31351,31361,10
13.03264046,80.26757813,31361,31371,10
13.03236008,80.26737976,31371,31381,10
13.03186989,80.26714325,31381,31391,10
13.03137016,80.26696014,31391,31402,11
13.03061962,80.26673126,31402,31412,10
13.03017998,80.2666626,31412,31422,10
13.02980042,80.26663208,31422,31432,10
13.02970028,80.26660919,31432,31442,10
13.02935982,80.26654053,31442,31452,10
13.02910995,80.26641846,31452,31462,10
13.02869987,80.2663269,31462,31472,10
13.0281496,80.26621246,31472,31482,10
13.02752018,80.26612091,31482,31492,10
13.02682972,80.26598358,31492,31502,10
13.02633953,80.26593781,31502,31513,11
13.02589989,80.26571655,31513,31523,10
13.02540016,80.26540375,31523,31533,10
13.02521992,80.26531982,31533,31543,10
13.02511978,80.26525879,31543,31553,10
13.02478027,80.26496124,31553,31569,16
13.02373028,80.26426697,31569,31581,12
13.02282047,80.26376343,31581,31591,10
13.02221012,80.26338196,31591,31602,11
13.02210045,80.26334381,31602,31612,10
13.0219698,80.26332092,31612,31622,10
13.02175045,80.26322174,31622,31632,10
13.02118015,80.26303864,31632,31642,10
13.02038002,80.26303101,31642,31652,10
13.01972008,80.26293945,31652,31662,10
13.01912975,80.26289368,31662,31672,10
13.01896,80.26245117,31672,31682,10
13.01881027,80.26154327,31682,31692,10
13.01828957,80.26103973,31692,31702,10
13.01749039,80.26051331,31702,31713,11
13.01661015,80.25993347,31713,31724,11
13.01615047,80.25972748,31724,31734,10
13.01615047,80.25971985,31734,31744,10
13.01585007,80.25959015,31744,31754,10
13.01517963,80.25939178,31754,31764,10
13.0143404,80.25932312,31764,31774,10
13.01327991,80.25927734,31774,31784,10
13.01210976,80.25921631,31784,31794,10
13.01111031,80.25920105,31794,31805,11
13.01021957,80.25926208,31805,31815,10
13.00990009,80.25926971,31815,31825,10
13.00973988,80.2592392,31825,31835,10
13.00918961,80.2592392,31835,31845,10
13.00874043,80.25924683,31845,31855,10
13.00821972,80.25917816,31855,31865,10
13.00751972,80.25933838,31865,31875,10
13.00722027,80.25878143,31875,31885,10
13.00720024,80.25875092,31885,31895,10
13.00701046,80.25837708,31895,31906,11
13.00658989,80.25776672,31906,31946,40
13.00658989,80.25776672,31946,31956,10
13.00650024,80.25733948,31956,31966,10
13.00646973,80.25665283,31966,31982,16
13.00652027,80.25498199,31982,31994,12
13.00646973,80.25318909,31994,32015,21
13.00646973,80.25318909,32015,32025,10
13.00648022,80.25273895,32025,32034,9
13.00660992,80.25192261,32034,32116,82
13.00660992,80.25192261,32116,32126,10
13.00664043,80.25189972,32126,32136,10
13.00673962,80.25141907,32136,32145,9
13.00675964,80.25070953,32145,32156,11
13.00671005,80.2497406,32156,32166,10
13.00673008,80.24954987,32166,32176,10
13.00671005,80.24907684,32176,32186,10
13.00666046,80.24833679,32186,32196,10
13.00666046,80.24790192,32196,32207,11
13.00666046,80.24786377,32207,32217,10
13.00666046,80.24768829,32217,32227,10
13.00666046,80.24713898,32227,32237,10
13.00656986,80.24655914,32237,32247,10
13.00656986,80.24653625,32247,32257,10
13.00656986,80.24651337,32257,32267,10
13.00662994,80.24610138,32267,32277,10
13.00662994,80.24536133,32277,32287,10
13.00660992,80.24458313,32287,32297,10
13.00660992,80.24389648,32297,32307,10
13.00658989,80.24343872,32307,32318,11
13.00656033,80.24279022,32318,32328,10
13.0065403,80.24195862,32328,32338,10
13.0065403,80.24163055,32338,32348,10
13.00654984,80.24150848,32348,32358,10
13.00660992,80.24099731,32358,32368,10
13.00666046,80.2406311,32368,32388,20
13.00666046,80.2406311,32388,32398,10
13.00671005,80.24034882,32398,32409,11
13.00683975,80.2397995,32409,32419,10
13.00699043,80.23899841,32419,32429,10
13.00716972,80.23809814,32429,32439,10
13.00734043,80.23738098,32439,32449,10
13.00736046,80.23693848,32449,32459,10
13.00736046,80.23693085,32459,32469,10
13.00739002,80.23683929,32469,32479,10
13.00753975,80.23638916,32479,32489,10
13.00769997,80.23568726,32489,32499,10
13.00776958,80.23535156,32499,32509,10
13.00786018,80.23490906,32509,32520,11
13.00802994,80.23409271,32520,32530,10
13.00821972,80.23303986,32530,32540,10
13.00846004,80.23187256,32540,32550,10
13.00868988,80.23068237,32550,32560,10
13.00895023,80.22937775,32560,32570,10
13.00920963,80.22817993,32570,32580,10
13.00967979,80.22709656,32580,32590,10
13.0101099,80.2261734,32590,32600,10
13.01051998,80.22528076,32600,32610,10
13.01088047,80.2245636,32610,32621,11
13.01132011,80.22355652,32621,32631,10
13.01171017,80.22261047,32631,32641,10
13.0120697,80.22162628,32641,32651,10
13.0124197,80.22154236,32651,32661,10
13.01270008,80.22203064,32661,32671,10
13.01331043,80.22270203,32671,32681,10
13.01397038,80.22332764,32681,32691,10
13.01422024,80.22355652,32691,32701,10
13.01438046,80.22371674,32701,32711,10
13.01476002,80.22421265,32711,32721,10
13.01502037,80.22450256,32721,32732,11
13.01521015,80.22473907,32732,32748,16
13.01550007,80.2249527,32748,32760,12
13.01564026,80.22509003,32760,32770,10
13.01601028,80.22530365,32770,32780,10
13.01683998,80.2252121,32780,32790,10
13.01797962,80.22477722,32790,32799,9
13.01887035,80.22442627,32799,32809,10
13.01972961,80.22454071,32809,32821,12
13.02040005,80.22502136,32821,32831,10
13.02083969,80.22531891,32831,32840,9
13.02116013,80.22557831,32840,32851,11
13.02198982,80.2261734,32851,32881,30
13.02198982,80.2261734,32881,32891,10
13.0221796,80.22635651,32891,32901,10
13.02268982,80.22682953,32901,32911,10
13.02334023,80.22743988,32911,32922,11
13.02406025,80.22814178,32922,32931,9
13.02447987,80.2286377,32931,32942,11
13.02480984,80.22907257,32942,32952,10
13.02515984,80.22950745,32952,32962,10
13.02558994,80.23008728,32962,32972,10
13.02583981,80.23053741,32972,33002,30
13.02583981,80.23053741,33002,33012,10
13.02583981,80.23062897,33012,33023,11
13.02593994,80.23088074,33023,33033,10
13.02602005,80.23124695,33033,33043,10
13.02639008,80.23130798,33043,33053,10
13.02717018,80.2310791,33053,33063,10
13.0284996,80.23090363,33063,33082,19
13.0284996,80.23090363,33082,33093,11
13.02861977,80.23088074,33093,33103,10
13.02929974,80.23078918,33103,33124,21
13.02929974,80.23078918,33124,33134,10
13.02945995,80.23078156,33134,33143,9
13.02982044,80.23075867,33143,33154,11
13.03044987,80.23069763,33154,33164,10
13.03116035,80.23065948,33164,33174,10
13.03157043,80.23059845,33174,33184,10
13.0323,80.23053741,33184,33194,10
13.03322029,80.23047638,33194,33204,10
13.03378963,80.2304306,33204,33214,10
13.0339098,80.2304306,33214,33224,10
13.03423977,80.23040771,33224,33235,11
13.03464031,80.2303009,33235,33245,10
13.03489971,80.23018646,33245,33275,30
13.03489971,80.23018646,33275,33285,10
13.03518009,80.2299881,33285,33295,10
13.03493977,80.2297821,33295,33346,51
13.03456974,80.22985077,33346,33416,70
13.03456974,80.22985077,33416,33427,11
13.03423023,80.22975922,33427,33437,10
13.03411961,80.23026276,33437,33921,484
13.03411961,80.23026276,33921,33931,10
13.03394985,80.23046112,33931,33942,11
13.0335598,80.23043823,33942,33952,10
13.03349018,80.23045349,33952,33962,10
13.03314972,80.23046875,33962,33972,10
13.03250027,80.23052979,33972,33982,10
13.03170967,80.23061371,33982,33992,10
13.0309,80.23068237,33992,34002,10
13.03036976,80.23072052,34002,34012,10
13.02987003,80.23081207,34012,34022,10
13.02982998,80.23082733,34022,34033,11
13.02970028,80.23084259,34033,34063,30
13.02970028,80.23084259,34063,34073,10
13.0294199,80.23085785,34073,34083,10
13.02882004,80.23091125,34083,34093,10
13.02832985,80.23095703,34093,34103,10
13.02793026,80.23097992,34103,34113,10
13.02770042,80.23114014,34113,34123,10
13.02772999,80.2315979,34123,34133,10
13.02777958,80.23220062,34133,34144,11
13.02777004,80.23274231,34144,34154,10
13.02729988,80.23282623,34154,34164,10
13.02694035,80.23291016,34164,34174,10
13.02692986,80.23291779,34174,34184,10
13.02676964,80.23291779,34184,34194,10
13.02643013,80.23280334,34194,34204,10
13.02622986,80.2321701,34204,34213,9
13.02602005,80.23136902,34213,34224,11
13.02556992,80.23026276,34224,34234,10
13.02495956,80.22940063,34234,34245,11
13.02443981,80.2287674,34245,34255,10
13.02396965,80.2282486,34255,34275,20
13.02396965,80.2282486,34275,34285,10
13.02375984,80.22795868,34285,34295,10
13.02328968,80.22750092,34295,34305,10
13.02274036,80.22695923,34305,34315,10
13.0220499,80.22637939,34315,34325,10
13.02130032,80.22576141,34325,34335,10
13.0204401,80.22512054,34335,34356,21
13.0204401,80.22512054,34356,34366,10
13.02013016,80.22489929,34366,34376,10
13.0196104,80.2245636,34376,34386,10
13.01869011,80.22453308,34386,34396,10
13.01766968,80.2249527,34396,34406,10
13.01683044,80.22530365,34406,34416,10
13.01640987,80.2254715,34416,34426,10
13.01597977,80.22561646,34426,34436,10
13.01539993,80.22583771,34436,34447,11
13.01465034,80.22614288,34447,34457,10
13.01430035,80.22628021,34457,34467,10
13.01428032,80.22628784,34467,34477,10
13.01416016,80.22633362,34477,34487,10
13.01368046,80.22650146,34487,34497,10
13.01298046,80.22676086,34497,34507,10
13.01218033,80.2270813,34507,34517,10
13.01123047,80.22746277,34517,34527,10
13.01029015,80.22782898,34527,34537,10
13.00944042,80.22817993,34537,34548,11
13.00903988,80.22894287,34548,34558,10
13.00887966,80.22978973,34558,34568,10
13.00868988,80.23065186,34568,34578,10
13.0085001,80.23156738,34578,34588,10
13.00831032,80.23272705,34588,34598,10
13.00823975,80.23358154,34598,34608,10
13.00823021,80.23364258,34608,34618,10
13.00823021,80.23371887,34618,34628,10
13.00811958,80.23403931,34628,34638,10
13.00798035,80.23471069,34638,34649,11
13.00776005,80.23587799,34649,34659,10
13.00755024,80.23686218,34659,34669,10
13.00739002,80.23766327,34669,34679,10
13.00730991,80.23812103,34679,34689,10
13.00718021,80.23879242,34689,34699,10
13.00695992,80.23983002,34699,34709,10
13.00685024,80.24057007,34709,34719,10
13.00685978,80.24060822,34719,34729,10
13.00681019,80.24105835,34729,34739,10
13.00673962,80.24182129,34739,34750,11
13.00671959,80.24278259,34750,34760,10
13.00671959,80.24337769,34760,34770,10
13.00669956,80.24401855,34770,34780,10
13.00669956,80.24471283,34780,34790,10
13.00671959,80.2456131,34790,34799,9
13.00675011,80.24623871,34799,34810,11
13.00675964,80.246521,34810,34820,10
13.00677967,80.24685669,34820,34830,10
13.00675011,80.24752045,34830,34840,10
13.00675964,80.24835968,34840,34850,10
13.00683975,80.24907684,34850,34861,11
13.00687981,80.24945831,34861,34871,10
13.00687981,80.24952698,34871,34881,10
13.00687027,80.24999237,34881,34891,10
13.00687027,80.2505722,34891,34901,10
13.00687027,80.2510376,34901,34931,30
13.00687027,80.2510376,34931,34941,10
13.00683975,80.25128937,34941,34951,10
13.00677967,80.25166321,34951,34962,11
13.00666046,80.25245667,34962,34972,10
13.00662041,80.25341034,34972,34982,10
13.00666046,80.25453186,34982,34992,10
13.00667,80.25566101,34992,35002,10
13.00667953,80.25657654,35002,35012,10
13.00671959,80.25688171,35012,35022,10
13.00673962,80.25694275,35022,35032,10
13.00675964,80.25734711,35032,35042,10
13.00699043,80.25795746,35042,35052,10
13.00771999,80.25865936,35052,35073,21
13.00771999,80.25865936,35073,35083,10
13.00804043,80.25881958,35083,35093,10
13.00868988,80.25904846,35093,35103,10
13.00903988,80.25910187,35103,35113,10
13.00979996,80.25908661,35113,35123,10
13.01082993,80.25908661,35123,35133,10
13.01204967,80.25907898,35133,35143,10
13.01336956,80.25914001,35143,35153,10
13.01461983,80.25917816,35153,35164,11
13.01570034,80.25930023,35164,35174,10
13.01646996,80.25971985,35174,35194,20
13.01646996,80.25971985,35194,35204,10
13.01671028,80.25994873,35204,35214,10
13.01710033,80.2602005,35214,35224,10
13.01753044,80.26052094,35224,35234,10
13.0181303,80.26091003,35234,35244,10
13.0187397,80.26133728,35244,35254,10
13.01920033,80.26174927,35254,35265,11
13.01970005,80.26223755,35265,35275,10
13.02013969,80.2625885,35275,35285,10
13.02027035,80.26268005,35285,35295,10
13.02077961,80.26287842,35295,35305,10
13.02149963,80.2631073,35305,35321,16
13.02225971,80.26345825,35321,35333,12
13.02280045,80.26374054,35333,35341,8
13.02301025,80.26384735,35341,35354,13
13.02332973,80.26407623,35354,35364,10
13.02396011,80.26445007,35364,35374,10
13.02462006,80.26487732,35374,35384,10
13.02513981,80.26522827,35384,35394,10
13.02562046,80.26554871,35394,35403,9
13.02612019,80.26583099,35403,35414,11
13.02630043,80.26557922,35414,35424,10
13.02635002,80.26495361,35424,35434,10
13.02645016,80.26425171,35434,35444,10
13.02647018,80.26416779,35444,35455,11
13.02651024,80.26390839,35455,35465,10
13.02659035,80.26345825,35465,35475,10
13.0269804,80.26345825,35475,35485,10
13.02748013,80.26358032,35485,35495,10
13.02795982,80.26368713,35495,35505,10
13.02812958,80.26374054,35505,35515,10
13.02840996,80.2638092,35515,35525,10
13.02890015,80.26390076,35525,35535,10
13.02927971,80.26402283,35535,35545,10
13.02935028,80.2641983,35545,35556,11
13.02935982,80.26470947,35556,35566,10
13.02937984,80.26529694,35566,35576,10
13.02931976,80.26590729,35576,35586,10
13.0292902,80.26625061,35586,35596,10
13.02931023,80.26644897,35596,35606,10
13.0296402,80.26656342,35606,35616,10
13.03036022,80.26667786,35616,35626,10
13.03125,80.26689148,35626,35636,10
13.03205967,80.26721954,35636,35646,10
13.03258038,80.26748657,35646,35657,11
13.03322029,80.26776123,35657,35667,10
13.03351021,80.26783752,35667,35677,10
13.03376961,80.2678833,35677,35697,20
13.03376961,80.2678833,35697,35707,10
13.03411007,80.26795959,35707,35717,10
13.03444958,80.26798248,35717,35727,10
13.03448009,80.26798248,35727,35737,10
13.0345602,80.26808929,35737,35747,10
13.03444958,80.26811218,35747,35758,11
13.03405952,80.26796722,35758,35768,10
13.03353977,80.26789856,35768,36283,515
13.03353977,80.26789856,36283,36293,10
13.03334999,80.26773071,36293,37333,1040
13.03334999,80.26773071,37333,37343,10
13.03302956,80.2677536,37343,37353,10
13.03275013,80.26769257,37353,37363,10
13.03265953,80.26760864,37363,37373,10
13.03248978,80.26743317,37373,37384,11
13.0320797,80.26725769,37384,37394,10
13.03149986,80.26696777,37394,37404,10
13.03092003,80.26683044,37404,37414,10
13.03040028,80.26673126,37414,37424,10
13.02991962,80.26667786,37424,37434,10
13.0297699,80.26663971,37434,37444,10
13.02962017,80.26661682,37444,37454,10
13.02935028,80.26657867,37454,37464,10
13.02912045,80.26643372,37464,37474,10
13.02867031,80.2663269,37474,37485,11
13.02808952,80.26624298,37485,37495,10
13.02754021,80.2661972,37495,37505,10
13.02661037,80.26608276,37505,37543,38
13.02661037,80.26608276,37543,37553,10
13.02618027,80.26589203,37553,37563,10
13.02579975,80.26566315,37563,37573,10
13.02519989,80.26531982,37573,37594,21
13.02519989,80.26531982,37594,37604,10
13.0250597,80.26519775,37604,37614,10
13.02462006,80.26486969,37614,37624,10
13.02404022,80.2644577,37624,37634,10
13.02338028,80.26409149,37634,37644,10
13.02272034,80.26374054,37644,37654,10
13.02208042,80.26341248,37654,37674,20
13.02208042,80.26341248,37674,37684,10
13.02184963,80.26328278,37684,37695,11
13.02116966,80.26306152,37695,37705,10
13.02027988,80.26300812,37705,37725,20
13.02027988,80.26300812,37725,37741,16
13.01943016,80.26293182,37741,37753,12
13.01896,80.26254272,37753,37761,8
13.01885986,80.26186371,37761,37773,12
13.01842976,80.26113892,37773,37783,10
13.01788998,80.26078796,37783,37793,10
13.01721954,80.26035309,37793,37804,11
13.01603031,80.2596817,37804,37824,20
13.01603031,80.2596817,37824,37834,10
13.0158596,80.25958252,37834,37844,10
13.0152998,80.25939941,37844,37854,10
13.01449013,80.25930023,37854,37874,20
13.01226044,80.25917816,37874,37886,12
13.01093006,80.25914764,37886,37894,8
13.01019001,80.25920868,37894,37905,11
13.00990963,80.25921631,37905,37916,11
13.00971985,80.2592392,37916,37926,10
13.00911999,80.25917053,37926,37937,11
13.00879002,80.25917816,37937,37947,10
13.00837994,80.25914764,37947,37956,9
13.00774002,80.25933838,37956,37967,11
13.00728035,80.2588501,37967,37976,9
13.00720024,80.25868988,37976,37987,11
13.00710011,80.25852203,37987,37997,10
13.00677013,80.25795746,37997,38028,31
13.00677013,80.25795746,38028,38038,10
13.0065403,80.25769043,38038,38048,10
13.00646019,80.25730133,38048,38058,10
13.00646019,80.25707245,38058,38068,10
13.0064497,80.25689697,38068,38078,10
13.00644016,80.25636292,38078,38088,10
13.00646019,80.25563812,38088,38098,10
13.00648022,80.25528717,38098,38109,11
13.00650978,80.2545166,38109,38119,10
13.00648022,80.25351715,38119,38129,10
13.00648022,80.25314331,38129,38139,10
13.00648022,80.25301361,38139,38149,10
13.00648975,80.25251007,38149,38159,10
13.00650024,80.25235748,38159,38169,10
13.00658989,80.25180817,38169,38179,10
13.00671959,80.25092316,38179,38189,10
13.00671005,80.24984741,38189,38199,10
13.00669956,80.24902344,38199,38209,10
13.00669003,80.24875641,38209,38220,11
13.00667953,80.2484436,38220,38230,10
13.00666046,80.24812317,38230,38240,10
13.00662994,80.24777985,38240,38250,10
13.00662041,80.24739838,38250,38260,10
13.00660992,80.24703979,38260,38270,10
13.00652981,80.24656677,38270,38280,10
13.00652981,80.24655151,38280,38290,10
13.00662041,80.24616241,38290,38301,11
13.00664043,80.24536133,38301,38311,10
13.00660992,80.24475098,38311,38321,10
13.00660038,80.24417114,38321,38331,10
13.00658989,80.24363708,38331,38341,10
13.00658035,80.24308014,38341,38351,10
13.00654984,80.24237061,38351,38361,10
13.00652027,80.24172974,38361,38371,10
13.0065403,80.24166107,38371,38381,10
13.00654984,80.2412796,38381,38391,10
13.00658989,80.24095917,38391,38401,10
13.00662041,80.2407608,38401,38412,11
13.00667953,80.2405014,38412,38422,10
13.00679016,80.2399826,38422,38432,10
13.00695038,80.23918152,38432,38442,10
13.0071497,80.23808289,38442,38452,10
13.00734997,80.23710632,38452,38468,16
13.00734997,80.23687744,38468,38480,12
13.00739002,80.23674011,38480,38490,10
13.00753975,80.23622131,38490,38500,10
13.00771999,80.23538208,38500,38511,11
13.00796032,80.23423767,38511,38521,10
13.00819969,80.23297119,38521,38531,10
13.00848007,80.23152924,38531,38541,10
13.00872993,80.23016357,38541,38551,10
13.00895023,80.2290802,38551,38559,8
13.00924969,80.22792053,38559,38570,11
13.00979996,80.22673035,38570,38581,11
13.01033974,80.2256012,38581,38592,11
13.0108099,80.2244873,38592,38602,10
13.01101971,80.22400665,38602,38613,11
13.01132011,80.22335052,38613,38623,10
13.01158047,80.22274017,38623,38633,10
13.01177979,80.22210693,38633,38643,10
13.01198006,80.22161865,38643,38653,10
13.01228046,80.22148132,38653,38663,10
13.01255035,80.22187042,38663,38672,9
13.0128603,80.22223663,38672,38683,11
13.01323986,80.22265625,38683,38693,10
13.01379013,80.22325134,38693,38703,10
13.01414013,80.22366333,38703,38714,11
13.0145998,80.22418976,38714,38724,10
13.01511955,80.22470856,38724,38744,20
13.01511955,80.22470856,38744,38754,10
13.01523972,80.22480011,38754,38764,10
13.01550961,80.22498322,38764,38774,10
13.01554966,80.22503662,38774,38784,10
13.01566982,80.22518921,38784,38794,10
13.01605988,80.22535706,38794,38804,10
13.0166502,80.22527313,38804,38814,10
13.01741982,80.22496796,38814,38825,11
13.01836967,80.22457886,38825,38835,10
13.01945972,80.22437286,38835,38855,20
13.01945972,80.22437286,38855,38865,10
13.01957989,80.22440338,38865,38875,10
13.0197401,80.22453308,38875,38885,10
13.02001953,80.22476196,38885,38895,10
13.02050018,80.22511292,38895,38905,10
13.02095985,80.22545624,38905,38916,11
13.02153015,80.22589874,38916,38926,10
13.0218401,80.22609711,38926,38946,20
13.0218401,80.22609711,38946,38956,10
13.02212048,80.22634888,38956,38966,10
13.02268982,80.22686005,38966,38976,10
13.02340031,80.2275238,38976,38986,10
13.02383041,80.22792053,38986,38996,10
13.02406979,80.22811127,38996,39006,10
13.02416992,80.22821808,39006,39016,10
13.02441978,80.2285614,39016,39027,11
13.02466965,80.22894287,39027,39037,10
13.02484035,80.22915649,39037,39047,10
13.02523041,80.22966766,39047,39057,10
13.02567005,80.23029327,39057,39067,10
13.02579975,80.23052216,39067,39097,30
13.02579975,80.23052216,39097,39107,10
13.02589035,80.23082733,39107,39118,11
13.02595997,80.23105621,39118,39128,10
13.02606964,80.2313385,39128,39138,10
13.02655029,80.23121643,39138,39148,10
13.02781963,80.2309494,39148,39188,40
13.02805996,80.23091125,39188,39229,41
13.02805996,80.23091125,39229,39239,10
13.02822018,80.23091888,39239,39249,10
13.02863979,80.23085785,39249,39259,10
13.02908039,80.2308197,39259,39269,10
13.02952957,80.23078156,39269,39319,50
13.02952957,80.23078156,39319,39330,11
13.0301199,80.23072815,39330,39340,10
13.0304203,80.23071289,39340,39350,10
13.03075027,80.23069,39350,39360,10
13.03098011,80.23066711,39360,39376,16
13.03149033,80.23062134,39376,39388,12
13.03201962,80.23058319,39388,39396,8
13.03252983,80.23053741,39396,39406,10
13.03295994,80.23052216,39406,39417,11
13.03347969,80.23047638,39417,39459,42
13.03347969,80.23047638,39459,39469,10
13.03357029,80.23052979,39469,39480,11
13.03374004,80.23049927,39480,39490,10
13.03409004,80.23045349,39490,39500,10
13.03444004,80.2303772,39500,39510,10
13.03472996,80.23027802,39510,39520,10
13.03483009,80.23001862,39520,39531,11
13.03452969,80.23001862,39531,39985,454
13.03439999,80.23004913,39985,40036,51
13.03429031,80.2300415,40036,40561,525
13.03429031,80.2300415,40561,40571,10
13.03411007,80.23034668,40571,40581,10
13.03396034,80.23045349,40581,40591,10
13.03367043,80.23046875,40591,40601,10
13.03343964,80.23047638,40601,40611,10
13.03318977,80.23047638,40611,40621,10
13.03279972,80.23052216,40621,40631,10
13.03223991,80.23058319,40631,40642,11
13.03160954,80.23065186,40642,40652,10
13.03120041,80.23069,40652,40662,10
13.03081989,80.23072052,40662,40672,10
13.03038979,80.23075104,40672,40682,10
13.03003979,80.23079681,40682,40692,10
13.02991009,80.2308197,40692,40702,10
13.02987003,80.23081207,40702,40712,10
13.02950001,80.23085022,40712,40722,10
13.02882004,80.23091888,40722,40732,10
13.02797985,80.23101044,40732,40743,11
13.02766037,80.23116302,40743,40752,9
13.02770996,80.23168182,40752,40763,11
13.0278101,80.23235321,40763,40773,10
13.02770996,80.23278809,40773,40783,10
13.02709961,80.2329483,40783,40819,36
13.02709961,80.2329483,40819,40828,9
13.02692986,80.23297119,40828,40841,13
13.02653027,80.23297119,40841,40852,11
13.02620029,80.23230743,40852,40862,10
13.02597046,80.23143768,40862,40872,10
13.02569008,80.23059082,40872,40882,10
13.02513981,80.22968292,40882,40892,10
13.02476025,80.22924805,40892,40902,10
13.02460003,80.22904205,40902,40912,10
13.02458954,80.22902679,40912,40935,23
13.02425003,80.22857666,40935,40947,12
13.02396965,80.22827911,40947,40957,10
13.02394009,80.22827911,40957,40968,11
13.02352047,80.22776794,40968,40978,10
13.02295017,80.22727203,40978,40988,10
13.02243996,80.22673798,40988,40998,10
13.0219202,80.22628784,40998,41007,9
13.02122974,80.22577667,41007,41017,10
13.02058029,80.22528076,41017,41027,10
13.0197897,80.22476196,41027,41049,22
13.0197897,80.22476196,41049,41059,10
13.01966953,80.22466278,41059,41070,11
13.01898956,80.22447968,41070,41080,10
13.01801014,80.22476959,41080,41090,10
13.01686001,80.22525787,41090,41100,10
13.01578045,80.22566223,41100,41110,10
13.01478958,80.22605133,41110,41120,10
13.01420021,80.22631073,41120,41130,10
13.0141201,80.22634888,41130,41140,10
13.01406956,80.22637939,41140,41150,10
13.01395988,80.22641754,41150,41161,11
13.0134697,80.22657776,41161,41171,10
13.01274014,80.22685242,41171,41181,10
13.01177025,80.22724152,41181,41191,10
13.01066971,80.22766113,41191,41201,10
13.00951004,80.22814178,41201,41211,10
13.00901031,80.22902679,41211,41220,9
13.00883961,80.22989655,41220,41231,11
13.00860023,80.23120117,41231,41240,9
13.00837994,80.23236847,41240,41251,11
13.00823021,80.23352814,41251,41263,12
13.00819016,80.2336731,41263,41273,10
13.00813961,80.23377228,41273,41283,10
13.00804043,80.23417664,41283,41293,10
13.00792027,80.23480988,41293,41303,10
13.00774956,80.23568726,41303,41313,10
13.00755024,80.23670197,41313,41323,10
13.00736046,80.23764801,41323,41333,10
13.00718975,80.23857117,41333,41343,10
13.00704956,80.23943329,41343,41353,10
13.00689983,80.23999786,41353,41424,71
13.00689983,80.23999786,41424,41434,10
13.00687981,80.24027252,41434,41444,10
13.00685978,80.24067688,41444,41454,10
13.00683975,80.2407608,41454,41465,11
13.00671959,80.24107361,41465,41475,10
13.00669956,80.24185944,41475,41485,10
13.00669003,80.24288177,41485,41495,10
13.00667,80.24391937,41495,41505,10
13.00671005,80.24484253,41505,41515,10
13.00673008,80.2460022,41515,41525,10
13.00675011,80.24691772,41525,41535,10
13.00673962,80.24778748,41535,41545,10
13.00677013,80.24871063,41545,41555,10
13.00687027,80.2496109,41555,41576,21
13.00687027,80.2496109,41576,41586,10
13.00685978,80.24974823,41586,41596,10
13.00681973,80.25031281,41596,41606,10
13.00683022,80.25112152,41606,41616,10
13.00669956,80.25177002,41616,41626,10
13.00654984,80.25257111,41626,41636,10
13.0065403,80.25357819,41636,41646,10
13.00658035,80.25466919,41646,41656,10
13.00660038,80.25567627,41656,41666,10
13.00662041,80.25650024,41666,41677,11
13.00667,80.25692749,41677,41687,10
13.00667,80.25694275,41687,41697,10
13.00667,80.25700378,41697,41707,10
13.00669956,80.25733185,41707,41717,10
13.00687027,80.25782013,41717,41733,16
13.00767994,80.25858307,41733,41753,20
13.00767994,80.25858307,41753,41764,11
13.00804043,80.2587738,41764,41775,11
13.00864029,80.25900269,41775,41786,11
13.00942039,80.25904083,41786,41796,10
13.01025963,80.25904083,41796,41806,10
13.01130962,80.25904083,41806,41816,10
13.01243019,80.25907898,41816,41826,10
13.01350975,80.25911713,41826,41836,10
13.01490021,80.25917816,41836,41846,10
13.01581955,80.25933838,41846,41856,10
13.01636028,80.2596283,41856,41866,10
13.01638985,80.25965881,41866,41877,11
13.01640987,80.25971222,41877,41887,10
13.01675034,80.25997162,41887,41897,10
13.01735973,80.26038361,41897,41907,10
13.01807976,80.260849,41907,41917,10
13.01867962,80.26126099,41917,41927,10
13.0190897,80.26161194,41927,41937,10
13.01945972,80.26194763,41937,41947,10
13.01988029,80.26235199,41947,41957,10
13.02013969,80.26255798,41957,41967,10
13.02031994,80.26268005,41967,41978,11
13.02093029,80.26289368,41978,41988,10
13.02157021,80.26309967,41988,41998,10
13.02196026,80.26328278,41998,42008,10
13.02229023,80.26344299,42008,42018,10
13.02280045,80.26371002,42018,42027,9
13.02291012,80.26377106,42027,42037,10
13.02303982,80.26383972,42037,42047,10
13.02348042,80.26405334,42047,42058,11
13.02414989,80.2644577,42058,42068,10
13.02455997,80.26474762,42068,42078,10
13.02490044,80.26499939,42078,42089,11
13.02536964,80.26529694,42089,42099,10
13.02577019,80.26557922,42099,42109,10
13.02604961,80.26573944,42109,42119,10
13.02626991,80.26558685,42119,42129,10
13.02632999,80.26519775,42129,42139,10
13.02639961,80.26474762,42139,42149,10
13.02647972,80.26425934,42149,42159,10
13.02649975,80.26407623,42159,42169,10
13.02651978,80.26393127,42169,42180,11
13.02659035,80.26345825,42180,42189,9
13.02696037,80.26344299,42189,42200,11
13.02760983,80.26352692,42200,42216,16
13.0282402,80.26373291,42216,42228,12
13.02855968,80.26381683,42228,42238,10
13.02896976,80.26392365,42238,42248,10
13.0292902,80.26416779,42248,42258,10
13.02933979,80.26454926,42258,42268,10
13.02931976,80.26519775,42268,42278,10
13.02927017,80.26580048,42278,42289,11
13.02925968,80.26596069,42289,42299,10
13.02921963,80.26624298,42299,42309,10
13.02923012,80.26641846,42309,42319,10
13.02941036,80.26651764,42319,42329,10
13.02978992,80.26660919,42329,42339,10
13.03005981,80.26663971,42339,42349,10
13.03059959,80.26672363,42349,42359,10
13.0311203,80.26687622,42359,42369,10
13.03164959,80.26702118,42369,42379,10
13.03219986,80.26727295,42379,42390,11
13.03264046,80.26753235,42390,42400,10
13.03316975,80.26772308,42400,42410,10
13.03326035,80.26773071,42410,42420,10
13.03361988,80.26786041,42420,42480,60
13.03361988,80.26786041,42480,42490,10
13.03398037,80.26793671,42490,42501,11
13.03409958,80.26795197,42501,42511,10
13.03446007,80.26799011,42511,42561,50
13.03446007,80.26799011,42561,42571,10
13.03433037,80.26806641,42571,42581,10
13.03405952,80.26799011,42581,42592,11
13.03367043,80.26793671,42592,42602,10
13.03339005,80.26789856,42602,42915,313
13.03310966,80.2677002,42915,43066,151
13.03310966,80.2677002,43066,43076,10
13.0328598,80.26767731,43076,43086,10
13.03273964,80.26766205,43086,43097,11
13.03240013,80.26750183,43097,43107,10
13.03197956,80.26725769,43107,43117,10
13.03141022,80.26703644,43117,43127,10
13.0302496,80.26679993,43127,43147,20
13.0302496,80.26679993,43147,43157,10
13.02987957,80.26670837,43157,43167,10
13.02970028,80.2666626,43167,43177,10
13.02956963,80.2666626,43177,43187,10
13.02927017,80.2665329,43187,43197,10
13.02898026,80.26641846,43197,43208,11
13.02845001,80.26634216,43208,43218,10
13.02820969,80.26628113,43218,43228,10
13.02795029,80.26624298,43228,43238,10
13.0274601,80.26622009,43238,43248,10
13.02700996,80.2661438,43248,43258,10
13.02670956,80.26608276,43258,43268,10
13.02639008,80.26598358,43268,43308,40
13.02639008,80.26598358,43308,43319,11
13.02595997,80.26582336,43319,43329,10
13.02519989,80.26535034,43329,43349,20
13.02519989,80.26535034,43349,43359,10
13.02490044,80.26512909,43359,43369,10
13.02439022,80.26473236,43369,43379,10
13.02388954,80.26435852,43379,43389,10
13.02361012,80.2641983,43389,43399,10
13.02340031,80.26409912,43399,43410,11
13.02283001,80.26381683,43410,43420,10
13.0222702,80.26351929,43420,43430,10
13.02219963,80.26348877,43430,43440,10
13.02194977,80.26338196,43440,43450,10
13.02147961,80.26313019,43450,43460,10
13.02060986,80.26303864,43460,43470,10
13.01990032,80.26300049,43470,43480,10
13.01928997,80.26293945,43480,43490,10
13.01896,80.26274109,43490,43500,10
13.01883984,80.26206207,43500,43510,10
13.01865959,80.26138306,43510,43521,11
13.01813984,80.26101685,43521,43531,10
13.01753044,80.2605896,43531,43541,10
13.01688004,80.26013947,43541,43551,10
13.01616001,80.25975037,43551,43561,10
13.01605988,80.25969696,43561,43570,9
13.01595974,80.25965881,43570,43581,11
13.01541996,80.25946045,43581,43591,10
13.01463032,80.25933075,43591,43601,10
13.01369953,80.2592926,43601,43611,10
13.01259041,80.25924683,43611,43622,11
13.01136017,80.25920868,43622,43632,10
13.01041031,80.2592392,43632,43641,9
13.0096302,80.25923157,43641,43652,11
13.0089798,80.25920105,43652,43663,11
13.00868034,80.25920105,43663,43673,10
13.00807953,80.25920868,43673,43683,10
13.00753975,80.25933838,43683,43692,9
13.00728035,80.25892639,43692,43702,10
13.00720024,80.25869751,43702,43713,11
13.00710011,80.25849152,43713,43724,11
13.00681019,80.25801086,43724,43734,10
13.00652981,80.25771332,43734,43835,101
13.00652981,80.25771332,43835,43845,10
13.00629997,80.25758362,43845,43855,10
13.00636005,80.25705719,43855,43865,10
13.00640011,80.25643921,43865,43875,10
13.00642967,80.25556183,43875,43885,10
13.00648022,80.25478363,43885,43895,10
13.0064497,80.25411224,43895,43905,10
13.00648975,80.25389862,43905,43915,10
13.00652027,80.25366974,43915,43926,11
13.00650024,80.25331879,43926,43936,10
13.00650024,80.25328827,43936,43946,10
13.00652981,80.25270081,43946,44016,70
13.00652981,80.25270081,44016,44027,11
13.00646019,80.25247955,44027,44037,10
13.00656986,80.25199127,44037,44047,10
13.00673962,80.25113678,44047,44057,10
13.00675011,80.25018311,44057,44067,10
13.00679016,80.24967194,44067,44076,9
13.00681019,80.24958038,44076,44087,11
13.00671005,80.24865723,44087,44158,71
13.00671005,80.24865723,44158,44168,10
13.00662041,80.24820709,44168,44178,10
13.00658989,80.24788666,44178,44188,10
13.00658035,80.24748993,44188,44259,71
13.00658035,80.24748993,44259,44269,10
13.00666046,80.24739075,44269,44279,10
13.00658035,80.246521,44279,44299,20
13.00658035,80.246521,44299,44309,10
13.00658989,80.24640656,44309,44319,10
13.00658989,80.24597931,44319,44330,11
13.00660992,80.2453537,44330,44340,10
13.00658989,80.24475861,44340,44350,10
13.00662041,80.24442291,44350,44360,10
13.00662041,80.24404907,44360,44370,10
13.00660992,80.24371338,44370,44380,10
13.00654984,80.24336243,44380,44390,10
13.00656033,80.24269867,44390,44400,10
13.00656033,80.24182892,44400,44410,10
13.00656986,80.24165344,44410,44420,10
13.00654984,80.24147797,44420,44430,10
13.00658989,80.2409668,44430,44441,11
13.00667,80.24054718,44441,44451,10
13.00667,80.24053955,44451,44461,10
13.00666046,80.24043274,44461,44471,10
13.00671959,80.24006653,44471,44481,10
13.00685978,80.23931122,44481,44491,10
13.00704956,80.23847961,44491,44501,10
13.0072298,80.23770905,44501,44511,10
13.00736046,80.23696136,44511,44521,10
13.00741005,80.23670197,44521,44531,10
13.00747967,80.23655701,44531,44542,11
13.00751972,80.23647308,44542,44552,10
13.00759029,80.23609161,44552,44562,10
13.00769997,80.23548126,44562,44572,10
13.00782013,80.23490143,44572,44582,10
13.00798988,80.23403931,44582,44592,10
13.00823021,80.23290253,44592,44602,10
13.00848007,80.23152924,44602,44612,10
13.00876045,80.2301178,44612,44622,10
13.00903988,80.22872925,44622,44631,9
13.00940037,80.22762299,44631,44643,12
13.01002979,80.22621155,44643,44653,10
13.0104599,80.22538757,44653,44663,10
13.01076031,80.22483063,44663,44673,10
13.01095963,80.22431183,44673,44683,10
13.01119995,80.22350311,44683,44693,10
13.01163006,80.2226181,44693,44703,10
13.01202965,80.22174835,44703,44713,10
13.01239967,80.22155762,44713,44723,10
13.01264,80.22194672,44723,44733,10
13.01309967,80.22250366,44733,44743,10
13.01368999,80.22318268,44743,44754,11
13.01422024,80.22380829,44754,44764,10
13.01463032,80.22427368,44764,44774,10
13.01511955,80.22473907,44774,44784,10
13.01537991,80.2249527,44784,44794,10
13.01548958,80.22505951,44794,44804,10
13.0157299,80.22528839,44804,44820,16
13.01688004,80.22525787,44820,44832,12
13.01809978,80.2247467,44832,44840,8
13.01879025,80.22444916,44840,44851,11
13.01926041,80.22434235,44851,44863,12
13.01941013,80.22437286,44863,44873,10
13.0196104,80.2244873,44873,44883,10
13.02001953,80.22476196,44883,44893,10
13.02054024,80.22512054,44893,44903,10
13.02089024,80.22538757,44903,44913,10
13.02128029,80.22573853,44913,44923,10
13.0217104,80.2260437,44923,44933,10
13.02194977,80.22619629,44933,44943,10
13.02200031,80.22624969,44943,44954,11
13.02219009,80.22644043,44954,44964,10
13.02245998,80.22669983,44964,44985,21
13.02379036,80.22789001,44985,44997,12
13.02420044,80.22827911,44997,45007,10
13.0243597,80.228508,45007,45017,10
13.02455997,80.22884369,45017,45027,10
13.02484035,80.22924805,45027,45036,9
13.02525997,80.2297821,45036,45047,11
13.02573013,80.2305069,45047,45057,10
13.02589035,80.23084259,45057,45068,11
13.02591991,80.23101044,45068,45079,11
13.02604008,80.23136139,45079,45089,10
13.02653027,80.23123932,45089,45099,10
13.0272398,80.23105621,45099,45109,10
13.02795982,80.23095703,45109,45119,10
13.02844048,80.23091125,45119,45128,9
13.02847004,80.23090363,45128,45139,11
13.02859974,80.23088837,45139,45150,11
13.02896976,80.23085785,45150,45160,10
13.02935982,80.23082733,45160,45170,10
13.02968025,80.2307663,45170,45190,20
13.02995968,80.23078156,45190,45250,60
13.02995968,80.23078156,45250,45261,11
13.03015041,80.23075867,45261,45271,10
13.03038025,80.23072815,45271,45281,10
13.03059959,80.23069763,45281,45291,10
13.03100967,80.23066711,45291,45301,10
13.03149033,80.23062897,45301,45311,10
13.03211021,80.23058319,45311,45321,10
13.03250027,80.2305603,45321,45331,10
13.03306007,80.23052216,45331,45341,10
13.03351021,80.23049927,45341,45392,51
13.03351021,80.23049927,45392,45402,10
13.03361988,80.23052216,45402,45412,10
13.03396034,80.23047638,45412,45473,61
13.03396034,80.23047638,45473,45483,10
13.03431988,80.2304306,45483,45493,10
13.03452015,80.23033905,45493,45503,10
13.03487968,80.23021698,45503,45574,71
13.03487968,80.23021698,45574,45584,10
13.03483963,80.2298584,45584,45594,10
13.03427982,80.22978973,45594,45867,273
13.03427982,80.22978973,45867,45877,10
13.03413963,80.23027802,45877,45887,10
13.03409004,80.23043823,45887,45897,10
13.03376007,80.2305069,45897,45917,20
13.03376007,80.2305069,45917,45927,10
13.03339005,80.23049927,45927,45937,10
13.03269958,80.2305603,45937,45947,10
13.03190041,80.23062897,45947,46008,61
13.03190041,80.23062897,46008,46018,10
13.03166008,80.23062134,46018,46028,10
13.03135967,80.2306366,46028,46038,10
13.03110027,80.23065948,46038,46048,10
13.03081989,80.23069,46048,46058,10
13.03054047,80.23072815,46058,46068,10
13.02980042,80.23079681,46068,46119,51
13.02980042,80.23079681,46119,46129,10
13.02929974,80.23085785,46129,46139,10
13.02855968,80.23085785,46139,46149,10
13.02783012,80.23092651,46149,46159,10
13.0275898,80.23114777,46159,46169,10
13.02762032,80.23165894,46169,46179,10
13.02770042,80.23227692,46179,46190,11
13.02758026,80.23281097,46190,46200,10
13.02737045,80.23288727,46200,46210,10
13.02717972,80.23293304,46210,46220,10
13.0269804,80.23296356,46220,46230,10
13.02670002,80.23300171,46230,46240,10
13.02633953,80.23262787,46240,46250,10
13.02620029,80.23213959,46250,46260,10
13.02616978,80.23178101,46260,46271,11
13.02608967,80.23136902,46271,46281,10
13.02579975,80.23058319,46281,46291,10
13.02521992,80.22972107,46291,46301,10
13.02482033,80.22924042,46301,46311,10
13.02453995,80.22891998,46311,46321,10
13.02404022,80.22834778,46321,46341,20
13.02404022,80.22834778,46341,46351,10
13.02392006,80.22820282,46351,46361,10
13.02361012,80.22781372,46361,46371,10
13.02315998,80.22734833,46371,46381,10
13.02248001,80.22675323,46381,46398,17
13.02101994,80.22559357,46398,46410,12
13.0202198,80.22502899,46410,46420,10
13.02015972,80.22499084,46420,46430,10
13.0199604,80.22483826,46430,46440,10
13.01935005,80.22454834,46440,46450,10
13.01844025,80.22467804,46450,46460,10
13.01739025,80.22509003,46460,46470,10
13.01646042,80.22545624,46470,46481,11
13.01576996,80.22570038,46481,46491,10
13.01502991,80.22601318,46491,46501,10
13.01428986,80.2263031,46501,46521,20
13.01428986,80.2263031,46521,46539,18
13.01336002,80.22663879,46539,46551,12
13.01218033,80.2270813,46551,46559,8
13.01124001,80.22744751,46559,46571,12
13.00988007,80.22799683,46571,46582,11
13.00905991,80.22872925,46582,46592,10
13.00881958,80.22994995,46592,46603,11
13.00852013,80.2314682,46603,46613,10
13.0082798,80.23274231,46613,46623,10
13.00817013,80.23361969,46623,46633,10
13.0081501,80.23371124,46633,46643,10
13.00811958,80.23377991,46643,46652,9
13.00804996,80.23410034,46652,46663,11
13.00786972,80.23497009,46663,46673,10
13.0076704,80.23590088,46673,46683,10
13.00749016,80.23683167,46683,46694,11
13.00724983,80.23808289,46694,46704,10
13.00708008,80.23899078,46704,46714,10
13.0068903,80.23992157,46714,46764,50
13.0068903,80.23992157,46764,46774,10
13.00683022,80.24022675,46774,46785,11
13.00677967,80.24063873,46785,46795,10
13.00677967,80.24064636,46795,46805,10
13.00669956,80.24105072,46805,46815,10
13.00664043,80.24185944,46815,46825,10
13.00658035,80.24289703,46825,46834,9
13.00648975,80.24384308,46834,46845,11
13.00652981,80.24507904,46845,46855,10
13.00660038,80.24638367,46855,46865,10
13.00662994,80.24755859,46865,46875,10
13.00667953,80.24871826,46875,46885,10
13.00681973,80.2494812,46885,46906,21
13.00681973,80.2494812,46906,46916,10
13.0067997,80.24973297,46916,46926,10
13.00675964,80.25035858,46926,46936,10
13.00677967,80.25097656,46936,46946,10
13.00679016,80.251091,46946,46956,10
13.00679016,80.25124359,46956,46966,10
13.00669956,80.25166321,46966,46976,10
13.00658989,80.25215912,46976,46986,10
13.0065403,80.25292969,46986,46996,10
13.00654984,80.25395203,46996,47007,11
13.00658989,80.25492859,47007,47017,10
13.00658989,80.25563812,47017,47027,10
13.00656033,80.25647736,47027,47037,10
13.00654984,80.25691986,47037,47057,20
13.00654984,80.25691986,47057,47067,10
13.00662041,80.25714874,47067,47077,10
13.00673962,80.25760651,47077,47087,10
13.00695992,80.25804138,47087,47097,10
13.00769997,80.25862885,47097,47118,21
13.00769997,80.25862885,47118,47128,10
13.00782013,80.25869751,47128,47138,10
13.00827026,80.25888824,47138,47148,10
13.00899029,80.25904846,47148,47158,10
13.00990009,80.25904083,47158,47168,10
13.01093006,80.25906372,47168,47178,10
13.01200008,80.25904083,47178,47188,10
13.01323986,80.2591095,47188,47198,10
13.01453972,80.25914001,47198,47209,11
13.0163002,80.25959778,47209,47238,29
13.0163002,80.25959778,47238,47248,10
13.01634026,80.25964355,47248,47258,10
13.01673985,80.25994873,47258,47268,10
13.0173502,80.26036835,47268,47278,10
13.01807976,80.26085663,47278,47288,10
13.01863003,80.2612381,47288,47298,10
13.01896,80.26152802,47298,47309,11
13.01928043,80.26177979,47309,47319,10
13.01951981,80.26200104,47319,47329,10
13.02015018,80.26255035,47329,47349,20
13.02015018,80.26255035,47349,47359,10
13.0204401,80.2627182,47359,47369,10
13.02103043,80.26290894,47369,47379,10
13.02155018,80.26309204,47379,47389,10
13.02194977,80.26328278,47389,47399,10
13.02221966,80.26341248,47399,47410,11
13.02243996,80.26354218,47410,47420,10
13.02293015,80.26377106,47420,47440,20
13.02293015,80.26377106,47440,47450,10
13.02326012,80.26397705,47450,47460,10
13.02361012,80.26418304,47460,47470,10
13.02414036,80.26447296,47470,47480,10
13.02457047,80.26480865,47480,47496,16
13.02515984,80.26525879,47496,47508,12
13.02571011,80.26560211,47508,47519,11
13.02608013,80.26579285,47519,47529,10
13.02626991,80.26582336,47529,47539,10
13.02632999,80.26540375,47539,47549,10
13.02637005,80.2646637,47549,47559,10
13.02645016,80.26409912,47559,47569,10
13.02647018,80.26399994,47569,47579,10
13.02651978,80.26373291,47579,47589,10
13.02670002,80.26339722,47589,47599,10
13.02713966,80.26345825,47599,47609,10
13.0272398,80.26348114,47609,47629,20
13.02777004,80.26358795,47629,47641,12
13.02814007,80.26370239,47641,47650,9
13.02820015,80.26371765,47650,47661,11
13.02853966,80.26381683,47661,47671,10
13.02886963,80.26390076,47671,47701,30
13.02886963,80.26390076,47701,47711,10
13.02925968,80.26409912,47711,47722,11
13.0291996,80.26454163,47722,47732,10
13.02921963,80.26516724,47732,47742,10
13.02917957,80.26595306,47742,47752,10
13.02915001,80.26621246,47752,47762,10
13.02921009,80.26637268,47762,47772,10
13.02927017,80.26651001,47772,47782,10
13.02962971,80.26656342,47782,47792,10
13.0302,80.26663208,47792,47802,10
13.0309,80.26677704,47802,47813,11
13.03157043,80.26698303,47813,47824,11
13.03223991,80.26728821,47824,47834,10
13.03258991,80.26753235,47834,47843,9
13.03299046,80.26767731,47843,47854,11
13.03349972,80.26780701,47854,47874,20
13.03349972,80.26780701,47874,47884,10
13.03359032,80.26786041,47884,47894,10
13.03409004,80.26795959,47894,47904,10
13.03444004,80.26795959,47904,47914,10
13.03446007,80.26795959,47914,47925,11
13.03450966,80.2681427,47925,47945,20
13.03450966,80.2681427,47945,47955,10
13.03427029,80.26802826,47955,47965,10
13.03384972,80.26792145,47965,47975,10
13.03326035,80.26777649,47975,47985,10
13.03273964,80.26763916,47985,47995,10
13.03254986,80.26747894,47995,48005,10
13.03223038,80.26731873,48005,48015,10
13.03151035,80.26702118,48015,48026,11
13.03083992,80.26676941,48026,48036,10
13.03026962,80.26664734,48036,48045,9
13.02993965,80.26661682,48045,48056,11
13.02933979,80.26650238,48056,48066,10
13.02888012,80.2663269,48066,48076,10
13.02844048,80.26628113,48076,48086,10
13.02803993,80.26622009,48086,48096,10
13.02756023,80.26612091,48096,48106,10
13.02702999,80.26605225,48106,48116,10
13.02684021,80.26593018,48116,48126,10
13.02670002,80.26570892,48126,48856,730
13.02657986,80.26560211,48856,49159,303
13.02653027,80.26554108,49159,49512,353
13.02649975,80.26541901,49512,51300,1788
13.02653027,80.26551819,51300,51330,30
13.02657032,80.26540375,51330,51481,151
13.02655983,80.26548004,51481,52361,880
13.02655983,80.26548004,52361,52371,10
13.02672958,80.26551819,52371,52381,10
13.02678013,80.26570129,52381,52391,10
13.02680969,80.26589203,52391,52401,10
13.02659035,80.26596832,52401,52411,10
13.02612019,80.26583862,52411,52421,10
13.02530956,80.26535797,52421,52442,21
13.02530956,80.26535797,52442,52452,10
13.02503014,80.26512909,52452,52462,10
13.02447987,80.26470184,52462,52472,10
13.02371025,80.2641983,52472,52482,10
13.02283955,80.26377869,52482,52492,10
13.02213001,80.26344299,52492,52502,10
13.02206039,80.26338959,52502,52512,10
13.02196026,80.26334381,52512,52522,10
13.02159977,80.26316833,52522,52533,11
13.02073956,80.26300812,52533,52543,10
13.01998043,80.26294708,52543,52553,10
13.01928043,80.26287079,52553,52563,10
13.01891994,80.26273346,52563,52573,10
13.01883984,80.26212311,52573,52583,10
13.01869965,80.26133728,52583,52593,10
13.01819038,80.26096344,52593,52609,16
13.01704025,80.26019287,52609,52621,12
13.01603031,80.25964355,52621,52641,20
13.01603031,80.25964355,52641,52651,10
13.01568985,80.25946808,52651,52662,11
13.01490974,80.2592926,52662,52672,10
13.01401043,80.2592392,52672,52682,10
13.01294041,80.25921631,52682,52691,9
13.01198959,80.25917816,52691,52702,11
13.01060009,80.25919342,52702,52712,10
13.00984001,80.25921631,52712,52722,10
13.00973034,80.25919342,52722,52732,10
13.0092802,80.25914764,52732,52743,11
13.00874043,80.2591629,52743,52753,10
13.00839043,80.2591629,52753,52763,10
13.00772953,80.25930786,52763,52773,10
13.00730038,80.25907898,52773,52783,10
13.0071497,80.25868225,52783,52793,10
13.0071497,80.25862122,52793,52803,10
13.00697994,80.25827026,52803,52813,10
13.00673962,80.25784302,52813,52823,10
13.00666046,80.25775146,52823,52833,10
13.00656033,80.25759125,52833,52843,10
13.00650024,80.2572403,52843,52854,11
13.00650024,80.25666809,52854,52864,10
13.00646973,80.25604248,52864,52880,16
13.00650024,80.25521088,52880,52892,12
13.00652027,80.25449371,52892,52912,20
13.00652027,80.25449371,52912,52922,10
13.00650978,80.2543869,52922,52932,10
13.00650978,80.25431824,52932,52943,11
13.00652027,80.25408936,52943,52953,10
13.00652027,80.25366974,52953,52962,9
13.00650024,80.25335693,52962,53033,71
13.00650024,80.25335693,53033,53043,10
13.0065403,80.25296021,53043,53054,11
13.00652981,80.25267029,53054,53064,10
13.00660992,80.25212097,53064,53144,80
13.00660992,80.25212097,53144,53155,11
13.00662041,80.25198364,53155,53171,16
13.00677967,80.251091,53171,53183,12
13.00675964,80.25010681,53183,53193,10
13.00675011,80.24906921,53193,53203,10
13.00669003,80.24833679,53203,53213,10
13.00666046,80.24807739,53213,53223,10
13.00664997,80.24758911,53223,53233,10
13.00662994,80.24694824,53233,53243,10
13.00654984,80.24646759,53243,53254,11
13.00656986,80.24643707,53254,53264,10
13.00660992,80.24604797,53264,53274,10
13.00662041,80.24530792,53274,53284,10
13.00660992,80.24462891,53284,53302,18
13.00662041,80.24388885,53302,53314,12
13.00660992,80.24320984,53314,53324,10
13.00656986,80.24259949,53324,53334,10
13.00654984,80.24178314,53334,53343,9
13.00654984,80.24167633,53343,53355,12
13.0065403,80.24156952,53355,53365,10
13.00662994,80.24091339,53365,53385,20
13.00662994,80.24091339,53385,53395,10
13.00669956,80.24047852,53395,53405,10
13.00683975,80.23989868,53405,53415,10
13.00695038,80.23912048,53415,53425,10
13.00704956,80.23864746,53425,53435,10
13.0072403,80.23780823,53435,53445,10
13.00734997,80.23696899,53445,53455,10
13.00737953,80.23674011,53455,53466,11
13.00739956,80.23665619,53466,53476,10
13.00753975,80.23621368,53476,53486,10
13.00769043,80.23551941,53486,53496,10
13.00782013,80.23491669,53496,53506,10
13.00800037,80.23407745,53506,53516,10
13.00821018,80.23297119,53516,53525,9
13.00844002,80.23184204,53525,53535,10
13.00870991,80.23058319,53535,53546,11
13.00901031,80.22902679,53546,53556,10
13.00936031,80.22776794,53556,53567,11
13.00994968,80.22644043,53567,53577,10
13.01045036,80.22538757,53577,53587,10
13.01084995,80.22460175,53587,53597,10
13.01109982,80.22398376,53597,53607,10
13.01113033,80.22383881,53607,53617,10
13.01115036,80.22358704,53617,53627,10
13.01134014,80.2230835,53627,53637,10
13.01161957,80.22239685,53637,53647,10
13.01191044,80.22164917,53647,53658,11
13.01228046,80.22138977,53658,53668,10
13.01259995,80.22183228,53668,53678,10
13.01298046,80.22212219,53678,53688,10
13.01368046,80.22299957,53688,53698,10
13.01439953,80.22393036,53698,53708,10
13.01498032,80.22451019,53708,53718,10
13.0155201,80.2249527,53718,53728,10
13.01558018,80.22502899,53728,53738,10
13.01581955,80.22527313,53738,53748,10
13.01636982,80.2253418,53748,53758,10
13.01714039,80.22509003,53758,53769,11
13.01807976,80.22470093,53769,53779,10
13.01891994,80.22440338,53779,53789,10
13.01947021,80.22440338,53789,53799,10
13.01978016,80.22454834,53799,53809,10
13.02005005,80.22477722,53809,53819,10
13.02042961,80.22505951,53819,53829,10
13.02108955,80.22553253,53829,53839,10
13.02180004,80.22602844,53839,53849,10
13.02196026,80.22614288,53849,53859,10
13.02200985,80.22618103,53859,53870,11
13.02245998,80.22659302,53870,53880,10
13.0230999,80.22715759,53880,53890,10
13.0236702,80.22767639,53890,53900,10
13.02398968,80.22795868,53900,53910,10
13.02427959,80.22828674,53910,53920,10
13.02451992,80.22863007,53920,53930,10
13.02478027,80.22904205,53930,53940,10
13.02517033,80.22956848,53940,53950,10
13.02560043,80.23016357,53950,53960,10
13.02585983,80.2305603,53960,53981,21
13.02585983,80.2305603,53981,53997,16
13.02598,80.23101044,53997,54009,12
13.0262804,80.23121643,54009,54017,8
13.02686977,80.2310791,54017,54029,12
13.02787971,80.23091125,54029,54039,10
13.02822971,80.23088074,54039,54049,10
13.02838993,80.23088074,54049,54059,10
13.02935028,80.23078918,54059,54090,31
13.02935028,80.23078918,54090,54100,10
13.02956009,80.23079681,54100,54110,10
13.03009987,80.23074341,54110,54119,9
13.03081989,80.23068237,54119,54130,11
13.03133011,80.2306366,54130,54140,10
13.03192043,80.23059845,54140,54150,10
13.03242016,80.2305603,54150,54159,9
13.03316021,80.2305069,54159,54171,12
13.03369999,80.23043823,54171,54181,10
13.03396034,80.23045349,54181,54231,50
13.03396034,80.23045349,54231,54241,10
13.03435993,80.2305069,54241,54251,10
13.03477001,80.23036194,54251,54261,10
13.03503036,80.2301178,54261,54271,10
13.03505993,80.22991943,54271,54282,11
13.03481007,80.22979736,54282,54292,10
13.03460026,80.22975922,54292,54302,10
13.03429985,80.22975159,54302,54474,172
13.03423977,80.23014069,54474,54514,40
13.03423977,80.23014069,54514,54524,10
13.03413963,80.23020172,54524,54534,10
13.03409004,80.23033905,54534,54544,10
13.0337801,80.23040771,54544,54554,10
13.03339958,80.23042297,54554,54564,10
13.03320026,80.2304306,54564,54574,10
13.03262043,80.23049927,54574,54585,11
13.03180027,80.23059082,54585,54595,10
13.03098011,80.23066711,54595,54605,10
13.03071022,80.23069,54605,54615,10
13.03050995,80.23072815,54615,54625,10
13.0297699,80.23079681,54625,54645,20
13.0297699,80.23079681,54645,54655,10
13.02945042,80.23084259,54655,54665,10
13.02892017,80.23087311,54665,54675,10
13.02820015,80.23091888,54675,54686,11
13.02770042,80.23097992,54686,54696,10
13.02760029,80.23126984,54696,54706,10
13.02764988,80.23171997,54706,54716,10
13.02773952,80.23223877,54716,54726,10
13.02766991,80.23269653,54726,54736,10
13.02717018,80.23287201,54736,54746,10
13.02686977,80.2329483,54746,54756,10
13.02655983,80.23297882,54756,54766,10
13.02626038,80.23252869,54766,54776,10
13.02614021,80.23220825,54776,54787,11
13.02610016,80.23194122,54787,54797,10
13.02602005,80.23153687,54797,54807,10
13.02587986,80.23091888,54807,54817,10
13.02552032,80.2301712,54817,54827,10
13.02501011,80.22947693,54827,54837,10
13.0248003,80.22926331,54837,54847,10
13.02476025,80.22921753,54847,54857,10
13.02455997,80.22895813,54857,54867,10
13.02416992,80.22846222,54867,54877,10
13.02394962,80.22824097,54877,54887,10
13.02387047,80.22811127,54887,54898,11
13.02361965,80.22782135,54898,54908,10
13.02342033,80.22763062,54908,54918,10
13.02293968,80.22718811,54918,54928,10
13.02235985,80.22662354,54928,54938,10
13.02169991,80.22602844,54938,54948,10
13.02110958,80.22557068,54948,54958,10
13.02087975,80.22540283,54958,54974,16
13.02005005,80.22485352,54974,54986,12
13.01924992,80.22441864,54986,54995,9
13.01834011,80.22458649,54995,55005,10
13.01741982,80.22499084,55005,55016,11
13.01663017,80.22532654,55016,55027,11
13.01644039,80.22541809,55027,55039,12
13.01605034,80.22557068,55039,55049,10
13.01554012,80.2257309,55049,55059,10
13.0150404,80.22593689,55059,55069,10
13.01428032,80.22624207,55069,55090,21
13.01428032,80.22624207,55090,55100,10
13.0139904,80.22634125,55100,55110,10
13.01334,80.22657776,55110,55111,1
13.01327038,80.22662354,55111,55112,1
13.01319981,80.22663879,55112,55163,51
13.00934029,80.22825623,55163,55173,10
13.00899982,80.22910309,55173,55183,10
13.00879955,80.23011017,55183,55193,10
13.00860977,80.23113251,55193,55204,11
13.00839996,80.23219299,55204,55214,10
13.0082798,80.23301697,55214,55224,10
13.00821018,80.2335968,55224,55234,10
13.00819969,80.23361206,55234,55244,10
13.00813007,80.23377228,55244,55255,11
13.0080204,80.23426056,55255,55265,10
13.00790977,80.23480988,55265,55275,10
13.00778961,80.23545074,55275,55285,10
13.00763988,80.23612976,55285,55295,10
13.00751972,80.23680878,55295,55306,11
13.0073204,80.23770905,55306,55316,10
13.00712013,80.23889923,55316,55397,81
13.00712013,80.23889923,55397,55407,10
13.00708008,80.23905945,55407,55417,10
13.00697994,80.23957062,55417,55427,10
13.00687027,80.24004364,55427,55457,30
13.00687027,80.24004364,55457,55467,10
13.00687981,80.24015045,55467,55477,10
13.00685024,80.24054718,55477,55487,10
13.00681973,80.24066925,55487,55497,10
13.0067997,80.24079132,55497,55508,11
13.00669956,80.24141693,55508,55518,10
13.00667953,80.24239349,55518,55528,10
13.00664043,80.24330139,55528,55538,10
13.00660992,80.24417877,55538,55548,10
13.00660992,80.24497986,55548,55558,10
13.00664043,80.24575043,55558,55568,10
13.00667,80.24655914,55568,55578,10
13.00671005,80.24720764,55578,55588,10
13.00667953,80.24794006,55588,55599,11
13.00681973,80.24951935,55599,55619,20
13.00681973,80.24951935,55619,55629,10
13.0067997,80.2496109,55629,55639,10
13.00675011,80.2501297,55639,55649,10
13.00675964,80.25054169,55649,55668,19
13.00675964,80.25054169,55668,55679,11
13.00675964,80.25092316,55679,55689,10
13.00669956,80.25150299,55689,55700,11
13.00652981,80.25245667,55700,55710,10
13.00652981,80.25318146,55710,55720,10
13.0065403,80.25402069,55720,55730,10
13.00654984,80.25447845,55730,55740,10
13.00654984,80.25489807,55740,55750,10
13.00654984,80.25552368,55750,55760,10
13.00658035,80.25627899,55760,55770,10
13.00658989,80.25678253,55770,55780,10
13.00675964,80.25753784,55780,55790,10
13.0072298,80.25830078,55790,55800,10
13.00765991,80.25856018,55800,55811,11
13.00771999,80.25859833,55811,55821,10
13.0081501,80.25881195,55821,55831,10
13.00891018,80.25900269,55831,55841,10
13.00977039,80.25901031,55841,55851,10
13.01093006,80.2590332,55851,55861,10
13.0121603,80.2590332,55861,55872,11
13.0134201,80.25908661,55872,55882,10
13.01484966,80.2591629,55882,55892,10
13.01636028,80.2596283,55892,55913,21
13.01636028,80.2596283,55913,55923,10
13.01651955,80.25978088,55923,55933,10
13.01704979,80.26014709,55933,55943,10
13.01780987,80.26067352,55943,55953,10
13.01861,80.26122284,55953,55963,10
13.01924038,80.26177216,55963,55973,10
13.02015972,80.26261902,55973,55993,20
13.02015972,80.26261902,55993,56004,11
13.02048016,80.26278687,56004,56014,10
13.0211401,80.26300049,56014,56024,10
13.02182007,80.26325226,56024,56034,10
13.02210045,80.26339722,56034,56044,10
13.02299023,80.26383972,56044,56064,20
13.02299023,80.26383972,56064,56080,16
13.0234499,80.26412201,56080,56092,12
13.02423954,80.26460266,56092,56100,8
13.02470016,80.26496887,56100,56112,12
13.02532005,80.26538086,56112,56123,11
13.02591991,80.26574707,56123,56133,10
13.02612019,80.26582336,56133,56143,10
13.02626038,80.26544189,56143,56153,10
13.02633953,80.2648468,56153,56162,9
13.0264101,80.26455688,56162,56173,11
13.02645016,80.2641983,56173,56183,10
13.02647972,80.26402283,56183,56192,9
13.0265398,80.26371765,56192,56202,10
13.02663994,80.26339722,56202,56214,12
13.02707005,80.26342773,56214,56224,10
13.02740002,80.2634964,56224,56234,10
13.02764034,80.26358795,56234,56244,10
13.02801991,80.26370239,56244,56254,10
13.02818966,80.26376343,56254,56264,10
13.02842045,80.2638092,56264,56274,10
13.02867985,80.26387024,56274,56284,10
13.02904034,80.26399994,56284,56294,10
13.02921963,80.26434326,56294,56304,10
13.02929974,80.26483917,56304,56315,11
13.02923965,80.26540375,56315,56325,10
13.02923965,80.26580811,56325,56334,9
13.02923965,80.26593781,56334,56345,11
13.0291996,80.26622772,56345,56355,10
13.02945995,80.26647949,56355,56365,10
13.0298996,80.2665329,56365,56375,10
13.03094006,80.26674652,56375,56385,10
13.0314703,80.26696014,56385,56395,10
13.03219032,80.26731873,56395,56405,10
13.03271961,80.26766205,56405,56415,10
13.03357983,80.26785278,56415,56446,31
13.03357983,80.26785278,56446,56456,10
13.03392982,80.26795959,56456,56466,10
13.03439999,80.268013,56466,56476,10
13.0344696,80.268013,56476,56486,10
13.03450012,80.26812744,56486,56496,10
13.03446007,80.26815033,56496,56506,10
13.03433037,80.26805878,56506,56523,17
13.03341007,80.26783752,56523,57373,850
13.03341007,80.26783752,57373,57383,10
13.03289032,80.26769257,57383,57393,10
13.03258991,80.26756287,57393,57403,10
13.03240013,80.26738739,57403,57413,10
13.03197956,80.26721191,57413,57423,10
13.03145981,80.26701355,57423,57434,11
13.03094959,80.26685333,57434,57444,10
13.03094006,80.26683807,57444,57454,10
13.03059006,80.26676178,57454,57464,10
13.0300703,80.26669312,57464,57474,10
13.02972031,80.26663971,57474,57484,10
13.02970982,80.26663971,57484,57494,10
13.0295496,80.26660156,57494,57504,10
13.02915955,80.26647949,57504,57514,10
13.0288496,80.26637268,57514,57524,10
13.02826977,80.2662735,57524,57535,11
13.02748966,80.26615143,57535,57545,10
13.02690983,80.26605988,57545,57555,10
13.02676964,80.26602173,57555,57565,10
13.02647972,80.26598358,57565,57575,10
13.02602959,80.26583099,57575,57585,10
13.02563953,80.26557159,57585,57595,10
13.02523041,80.26531982,57595,57625,30
13.02523041,80.26531982,57625,57635,10
13.02493954,80.26508331,57635,57646,11
13.0244503,80.26470947,57646,57656,10
13.02392006,80.26437378,57656,57666,10
13.02340031,80.26407623,57666,57676,10
13.02274036,80.26373291,57676,57686,10
13.02215958,80.26348114,57686,57716,30
13.02215958,80.26348114,57716,57726,10
13.02212048,80.26341248,57726,57737,11
13.02188015,80.26329803,57737,57747,10
13.02138996,80.26309967,57747,57757,10
13.02054024,80.26302338,57757,57777,20
13.02054024,80.26302338,57777,57787,10
13.02019024,80.26300812,57787,57797,10
13.01959991,80.26294708,57797,57807,10
13.01908016,80.26290131,57807,57817,10
13.01889992,80.26254272,57817,57827,10
13.01881027,80.26178741,57827,57837,10
13.01852989,80.26122284,57837,57848,11
13.01799965,80.26085663,57848,57858,10
13.01735973,80.26043701,57858,57868,10
13.01669025,80.26000977,57868,57878,10
13.01597023,80.25965118,57878,57908,30
13.01597023,80.25965118,57908,57918,10
13.01564026,80.2594986,57918,57928,10
13.01498032,80.25933838,57928,57938,10
13.01414013,80.25927734,57938,57949,11
13.01303005,80.2592392,57949,57959,10
13.01198006,80.25920105,57959,57969,10
13.01107979,80.25917816,57969,57979,10
13.0097599,80.25924683,57979,57999,20
13.0097599,80.25924683,57999,58009,10
13.00944042,80.25920868,58009,58019,10
13.00903034,80.25920105,58019,58029,10
13.00876999,80.25920105,58029,58039,10
13.00842953,80.25917816,58039,58050,11
13.00776005,80.25930786,58050,58060,10
13.00728989,80.25913239,58060,58070,10
13.00720024,80.2588501,58070,58080,10
13.00716972,80.2587204,58080,58090,10
13.00691986,80.25824738,58090,58100,10
13.00654984,80.25759888,58100,58241,141
13.00654984,80.25759888,58241,58251,10
13.00644016,80.25708771,58251,58262,11
13.00642014,80.25636292,58262,58272,10
13.00644016,80.25543976,58272,58282,10
13.00648022,80.25450897,58282,58292,10
13.00648022,80.25321198,58292,58312,20
13.00648022,80.25321198,58312,58322,10
13.00648975,80.25306702,58322,58332,10
13.00652027,80.25250244,58332,58342,10
13.00658035,80.25202179,58342,58403,61
13.00658035,80.25202179,58403,58413,10
13.00658035,80.25196838,58413,58423,10
13.00667,80.25151825,58423,58433,10
13.00671005,80.25074005,58433,58443,10
13.00671005,80.24987793,58443,58454,11
13.00669956,80.24967194,58454,58464,10
13.00669956,80.24932861,58464,58474,10
13.00664997,80.24864197,58474,58484,10
13.00660038,80.24812317,58484,58494,10
13.00658035,80.24746704,58494,58504,10
13.00656033,80.24674988,58504,58514,10
13.0065403,80.24656677,58514,58524,10
13.00658989,80.24639893,58524,58534,10
13.00660992,80.24578094,58534,58544,10
13.00662994,80.24517822,58544,58561,17
13.00662994,80.24456787,58561,58573,12
13.00664043,80.24414825,58573,58583,10
13.00662041,80.24384308,58583,58592,9
13.00658989,80.24326324,58592,58604,12
13.00658035,80.2423172,58604,58613,9
13.0065403,80.2416687,58613,58623,10
13.0065403,80.24156189,58623,58633,10
13.00656033,80.24118805,58633,58644,11
13.00658035,80.24073792,58644,58655,11
13.00658035,80.2407074,58655,58665,10
13.00664997,80.24037933,58665,58675,10
13.00679016,80.23980713,58675,58685,10
13.00693989,80.23905945,58685,58695,10
13.00708008,80.23831177,58695,58705,10
13.00726032,80.23751831,58705,58715,10
13.00734043,80.23708344,58715,58745,30
13.00734043,80.23708344,58745,58755,10
13.00734997,80.23693848,58755,58766,11
13.00736046,80.23683167,58766,58776,10
13.00751019,80.23641205,58776,58786,10
13.00767994,80.23564911,58786,58796,10
13.00786018,80.2348175,58796,58806,10
13.00806046,80.23383331,58806,58816,10
13.00829029,80.23265076,58816,58826,10
13.00852966,80.23139954,58826,58836,10
13.00876045,80.23020172,58836,58846,10
13.0089798,80.22908783,58846,58856,10
13.00922012,80.22805786,58856,58867,11
13.00971031,80.22696686,58867,58877,10
13.01012039,80.22608948,58877,58887,10
13.01049995,80.22522736,58887,58897,10
13.01076031,80.2246933,58897,58907,10
13.01101971,80.22412109,58907,58917,10
13.01132011,80.22344971,58917,58927,10
13.01156998,80.22286224,58927,58937,10
13.01198959,80.22177124,58937,58947,10
13.01239014,80.22164917,58947,58957,10
13.01278973,80.22216034,58957,58968,11
13.01333046,80.22276306,58968,58978,10
13.01379967,80.22332001,58978,58988,10
13.01412964,80.22370911,58988,58998,10
13.01461029,80.22422028,58998,59008,10
13.01537991,80.22489929,59008,59028,20
13.01537991,80.22489929,59028,59038,10
13.01562023,80.22515106,59038,59048,10
13.01620007,80.22541809,59048,59058,10
13.01708984,80.22516632,59058,59069,11
13.01823997,80.22470093,59069,59079,10
13.01924992,80.22445679,59079,59089,10
13.02005959,80.224823,59089,59099,10
13.02070045,80.22527313,59099,59109,10
13.02122974,80.22569275,59109,59119,10
13.02190971,80.22612,59119,59139,20
13.02190971,80.22612,59139,59149,10
13.02206993,80.22627258,59149,59159,10
13.02254009,80.22670746,59159,59170,11
13.02328014,80.22740173,59170,59186,16
13.02429962,80.2283783,59186,59198,12
13.02429962,80.2283783,59198,59208,10
13.02441025,80.22853088,59208,59217,9
13.02455044,80.22873688,59217,59228,11
13.02464962,80.22891235,59228,59238,10
13.02472973,80.22902679,59238,59248,10
13.02484989,80.22920227,59248,59258,10
13.02519035,80.22963715,59258,59268,10
13.02583981,80.2305603,59268,59299,31
13.02583981,80.2305603,59299,59309,10
13.02589035,80.23071289,59309,59319,10
13.02595997,80.23097992,59319,59329,10
13.02604008,80.23127747,59329,59339,10
13.02651024,80.23130798,59339,59349,10
13.02731037,80.23111725,59349,59360,11
13.02818012,80.23095703,59360,59370,10
13.02859974,80.23091125,59370,59381,11
13.02873993,80.23091125,59381,59390,9
13.02898979,80.23090363,59390,59401,11
13.02947044,80.23084259,59401,59411,10
13.02985954,80.23081207,59411,59421,10
13.03013992,80.23078918,59421,59441,20
13.03013992,80.23078918,59441,59451,10
13.03028965,80.2307663,59451,59461,10
13.03061008,80.23075104,59461,59471,10
13.03085995,80.23074341,59471,59482,11
13.03118038,80.23069,59482,59492,10
13.03170013,80.23065948,59492,59502,10
13.0328598,80.23056793,59502,59541,39
13.0328598,80.23056793,59541,59551,10
13.0333004,80.23059845,59551,59561,10
13.0335598,80.2305603,59561,59571,10
13.03400993,80.23052216,59571,59582,11
13.03437996,80.23047638,59582,59592,10
13.03477001,80.2303772,59592,59602,10
13.03495026,80.23023987,59602,59611,9
13.03479958,80.23013306,59611,59694,83
13.03479958,80.23013306,59694,59704,10
13.0344696,80.23001099,59704,60764,1060
13.0344696,80.23001099,60764,60774,10
13.03417969,80.23027039,60774,60784,10
13.03413963,80.23046112,60784,60795,11
13.03386021,80.23049164,60795,60805,10
13.03347015,80.23052979,60805,60825,20
13.03347015,80.23052979,60825,60835,10
13.03312016,80.23055267,60835,60845,10
13.03244019,80.23059082,60845,60855,10
13.03170013,80.23066711,60855,60865,10
13.03106022,80.23074341,60865,60875,10
13.03083038,80.23075867,60875,60885,10
13.03054047,80.2307663,60885,60895,10
13.02997971,80.23082733,60895,60906,11
13.02984047,80.23084259,60906,60922,16
13.02964973,80.23087311,60922,60934,12
13.02927971,80.23088837,60934,60942,8
13.02884007,80.23091888,60942,60954,12
13.02803993,80.23100281,60954,60964,10
13.02766037,80.2310791,60964,60973,9
13.02766991,80.23148346,60973,60984,11
13.02775002,80.23204041,60984,60995,11
13.02787018,80.23262024,60995,61005,10
13.02758026,80.23287964,61005,61015,10
13.02688026,80.23296356,61015,61065,50
13.02688026,80.23296356,61065,61075,10
13.02674007,80.23291779,61075,61085,10
13.0264101,80.23287201,61085,61094,9
13.02620029,80.23236084,61094,61106,12
13.02595997,80.23149109,61106,61116,10
13.02567005,80.23059082,61116,61126,10
13.02525997,80.22994232,61126,61136,10
13.02499962,80.22956848,61136,61146,10
13.02472019,80.22921753,61146,61156,10
13.02453041,80.22895813,61156,61166,10
13.0243597,80.22873688,61166,61176,10
13.02425957,80.22859955,61176,61186,10
13.02412033,80.22847748,61186,61197,11
13.02398014,80.22833252,61197,61207,10
13.02396011,80.22830963,61207,61217,10
13.02375984,80.22801971,61217,61227,10
13.02338028,80.22763824,61227,61237,10
13.02307034,80.22731781,61237,61247,10
13.02256966,80.22685242,61247,61257,10
13.02186012,80.22624969,61257,61267,10
13.02103996,80.22561646,61267,61277,10
13.0202198,80.22505188,61277,61287,10
13.01935959,80.22451782,61287,61297,10
13.01838017,80.22463226,61297,61308,11
13.01735973,80.22503662,61308,61318,10
13.01669979,80.22532654,61318,61328,10
13.01646042,80.22543335,61328,61338,10
13.01622963,80.22553253,61338,61348,10
13.0160799,80.22559357,61348,61358,10
13.01568985,80.2257309,61358,61368,10
13.01500034,80.22599792,61368,61378,10
13.01428032,80.2263031,61378,61398,20
13.01428032,80.2263031,61398,61409,11
13.01395035,80.22640991,61409,61419,10
13.01331043,80.22663879,61419,61429,10
13.01243973,80.22698212,61429,61439,10
13.01140022,80.22740173,61439,61449,10
13.01029968,80.22783661,61449,61459,10
13.00928974,80.22831726,61459,61469,10
13.0089798,80.22927094,61469,61479,10
13.00874043,80.23047638,61479,61489,10
13.00852966,80.23165894,61489,61499,10
13.00829983,80.23297882,61499,61510,11
13.00819969,80.23370361,61510,61520,10
13.00819969,80.23371124,61520,61530,10
13.00815964,80.23378754,61530,61540,10
13.00806046,80.23425293,61540,61550,10
13.00796032,80.23480225,61550,61560,10
13.00790977,80.23504639,61560,61570,10
13.00782967,80.23545837,61570,61580,10
13.00767994,80.23622131,61580,61590,10
13.00747967,80.23724365,61590,61600,10
13.00726032,80.2383728,61600,61617,17
13.00695038,80.24009705,61617,61730,113
13.00695038,80.24009705,61730,61740,10
13.00693989,80.24063873,61740,61750,10
13.00687981,80.24092102,61750,61760,10
13.00687981,80.24092865,61760,61770,10
13.00687027,80.2409668,61770,61780,10
13.00679016,80.24131775,61780,61790,10
13.00675964,80.24208069,61790,61800,10
13.00673008,80.24323273,61800,61821,21
13.00673008,80.24323273,61821,61831,10
13.00669956,80.24358368,61831,61841,10
13.00669956,80.24407959,61841,61851,10
13.00667953,80.24458313,61851,61861,10
13.00667953,80.24514008,61861,61871,10
13.00669956,80.2455368,61871,61880,9
13.00673962,80.24610901,61880,61892,12
13.00675964,80.24674988,61892,61902,10
13.00679016,80.24703979,61902,61913,11
13.00675964,80.24748993,61913,61923,10
13.00673962,80.24820709,61923,61933,10
13.00683975,80.24910736,61933,61943,10
13.00689983,80.24967194,61943,61963,20
13.00689983,80.24967194,61963,61973,10
13.00689983,80.24978638,61973,61983,10
13.00687981,80.25029755,61983,61993,10
13.00685024,80.25102234,61993,62003,10
13.00681973,80.25151825,62003,62044,41
13.00681973,80.25151825,62044,62054,10
13.00673962,80.25164032,62054,62064,10
13.00660038,80.25221252,62064,62074,10
13.0065403,80.25309753,62074,62084,10
13.00654984,80.25415802,62084,62094,10
13.00660992,80.25518036,62094,62104,10
13.00662994,80.25614929,62104,62115,11
13.00664997,80.25656891,62115,62125,10
13.00667953,80.25691223,62125,62135,10
13.00675964,80.25762177,62135,62145,10
13.00716972,80.25834656,62145,62155,10
13.00767994,80.25865173,62155,62165,10
13.00771999,80.25868225,62165,62175,10
13.00782013,80.25875092,62175,62185,10
13.00829983,80.25894165,62185,62195,10
13.00897026,80.25911713,62195,62205,10
13.00984955,80.25911713,62205,62215,10
13.01091003,80.25911713,62215,62226,11
13.01218033,80.25911713,62226,62236,10
13.01348019,80.2591629,62236,62246,10
13.01478004,80.25921631,62246,62256,10
13.0158596,80.25939178,62256,62266,10
13.01644039,80.25971222,62266,62276,10
13.01646042,80.25972748,62276,62286,10
13.01650047,80.25978088,62286,62296,10
13.01690006,80.26007843,62296,62306,10
13.01756001,80.26052856,62306,62317,11
13.01838017,80.26109314,62317,62327,10
13.01906013,80.26161194,62327,62337,10
13.01959038,80.26209259,62337,62347,10
13.02005005,80.26252747,62347,62357,10
13.02021027,80.26264954,62357,62367,10
13.02023983,80.26268005,62367,62377,10
13.02068043,80.2628479,62377,62387,10
13.02141953,80.26309967,62387,62397,10
13.0219698,80.26334381,62397,62407,10
13.02225971,80.26348877,62407,62418,11
13.02303028,80.26389313,62418,62438,20
13.02303028,80.26389313,62438,62448,10
13.02332973,80.26407623,62448,62458,10
13.02369022,80.26428223,62458,62468,10
13.02416039,80.26452637,62468,62478,10
13.02453995,80.26481628,62478,62488,10
13.02464008,80.26489258,62488,62498,10
13.02495956,80.26513672,62498,62508,10
13.02521992,80.26532745,62508,62518,10
13.02546978,80.26548767,62518,62528,10
13.02581978,80.26570129,62528,62539,11
13.02604961,80.26582336,62539,62549,10
13.02624035,80.26589966,62549,62559,10
13.02635002,80.26551819,62559,62569,10
13.02639008,80.26495361,62569,62579,10
13.02649975,80.26403809,62579,62599,20
13.02649975,80.26403809,62599,62609,10
13.02655983,80.26367188,62609,62619,10
13.0267601,80.2634201,62619,62630,11
13.02733994,80.26352692,62630,62640,10
13.02787018,80.2636795,62640,62650,10
13.02832031,80.26378632,62650,62660,10
13.0283699,80.2638092,62660,62670,10
13.02877045,80.26390839,62670,62680,10
13.02915001,80.26399994,62680,62690,10
13.02929974,80.26428223,62690,62700,10
13.02929974,80.2647171,62700,62709,9
13.02929974,80.26521301,62709,62720,11
13.02931976,80.26550293,62720,62731,11
13.02929974,80.26564789,62731,62741,10
13.02927971,80.26603699,62741,62750,9
13.02927017,80.26605988,62750,62761,11
13.02923012,80.2662735,62761,62791,30
13.02923012,80.2662735,62791,62801,10
13.02935982,80.2665863,62801,62810,9
13.02972031,80.26661682,62810,62821,11
13.03028965,80.26669312,62821,62832,11
13.03104019,80.26683044,62832,62842,10
13.03168011,80.26708221,62842,62852,10
13.03215027,80.26730347,62852,62862,10
13.03252029,80.26747894,62862,62882,20
13.03252029,80.26747894,62882,62892,10
13.03269005,80.26761627,62892,62902,10
13.03289032,80.26772308,62902,62912,10
13.03316021,80.26776123,62912,62922,10
13.03363037,80.26786041,62922,62963,41
13.03363037,80.26786041,62963,62973,10
13.03384018,80.26792145,62973,62983,10
13.03421021,80.26798248,62983,62993,10
13.03448009,80.26799774,62993,63013,20
13.03448009,80.26799774,63013,63023,10
13.03456974,80.26811981,63023,63033,10
13.03452969,80.26817322,63033,63044,11
13.03437042,80.26808167,63044,63054,10
13.03388977,80.26798248,63054,63064,10
13.03339005,80.2678833,63064,63427,363
13.03339005,80.2678833,63427,63437,10
13.03326035,80.26782227,63437,63448,11
13.03316975,80.26777649,63448,63458,10
13.03302002,80.26773071,63458,63468,10
13.03264999,80.26757813,63468,63478,10
13.0323801,80.26740265,63478,63488,10
13.03184986,80.26715088,63488,63498,10
13.03131962,80.266922,63498,63508,10
13.03081036,80.26676178,63508,63518,10
13.03036022,80.26670074,63518,63528,10
13.02976036,80.26663208,63528,63549,21
13.02976036,80.26663208,63549,63559,10
13.02937984,80.26656342,63559,63569,10
13.02908993,80.26641083,63569,63585,16
13.02820969,80.26624298,63585,63597,12
13.02731991,80.26612854,63597,63607,10
13.02649975,80.26599121,63607,63658,51
13.02649975,80.26599121,63658,63668,10
13.02616978,80.26592255,63668,63678,10
13.02571964,80.26564026,63678,63688,10
13.02530003,80.26537323,63688,63709,21
13.02530003,80.26537323,63709,63719,10
13.02521992,80.26531219,63719,63729,10
13.02499962,80.26513672,63729,63739,10
13.02468967,80.26495361,63739,63750,11
13.02429008,80.26461792,63750,63760,10
13.02365971,80.26423645,63760,63770,10
13.02311039,80.26392365,63770,63780,10
13.02252007,80.26361847,63780,63790,10
13.02206039,80.2634201,63790,63820,30
13.02206039,80.2634201,63820,63837,17
13.0212698,80.26309967,63837,63900,63
13.0212698,80.26309967,63900,63909,9
13.02101994,80.26303864,63909,63920,11
13.02056026,80.26300812,63920,63930,10
13.02015972,80.26300049,63930,63940,10
13.0197897,80.26296234,63940,63950,10
13.01924038,80.26290894,63950,63961,11
13.01893997,80.2627182,63961,63971,10
13.01887035,80.26216888,63971,63981,10
13.01877975,80.26159668,63981,63991,10
13.01860046,80.26126099,63991,64001,10
13.01819038,80.2609787,64001,64011,10
13.01776981,80.26071167,64011,64021,10
13.01720047,80.2603302,64021,64031,10
13.0165596,80.25991821,64031,64041,10
13.01618004,80.25972748,64041,64051,10
13.01613998,80.25971222,64051,64062,11
13.0160799,80.25966644,64062,64072,10
13.01564026,80.2594986,64072,64082,10
13.01494026,80.25933838,64082,64092,10
13.0141201,80.2592926,64092,64102,10
13.01309967,80.25924683,64102,64112,10
13.01191044,80.25920868,64112,64122,10
13.01082993,80.25919342,64122,64132,10
13.01000023,80.25926971,64132,64143,11
13.00988007,80.25926971,64143,64153,10
13.0097599,80.25926208,64153,64163,10
13.0092802,80.2592392,64163,64173,10
13.00876999,80.2592392,64173,64183,10
13.00837994,80.25921631,64183,64193,10
13.00771999,80.25937653,64193,64203,10
13.00718975,80.25875092,64203,64223,20
13.00718975,80.25875092,64223,64233,10
13.00708961,80.25850677,64233,64243,10
13.0065403,80.2576828,64243,64365,122
13.0065403,80.2576828,64365,64375,10
13.0064497,80.25750732,64375,64385,10
13.0064497,80.25710297,64385,64395,10
13.00648022,80.25672913,64395,64405,10
13.00648022,80.25576019,64405,64415,10
13.00650978,80.25489044,64415,64425,10
13.00648975,80.25418091,64425,64435,10
13.00648975,80.2532196,64435,64455,20
13.00648975,80.2532196,64455,64466,11
13.00652981,80.25321198,64466,64476,10
13.00652027,80.2527771,64476,64486,10
13.0065403,80.25235748,64486,64546,60
13.0065403,80.25235748,64546,64556,10
13.00660992,80.25224304,64556,64567,11
13.00669003,80.25179291,64567,64577,10
13.00675011,80.25115967,64577,64587,10
13.00673962,80.25041962,64587,64597,10
13.00671959,80.24971771,64597,64607,10
13.00671959,80.24967957,64607,64616,9
13.00671959,80.24958801,64616,64627,11
13.00669956,80.24907684,64627,64637,10
13.00660992,80.24803162,64637,64849,212
13.00660992,80.24803162,64849,64859,10
13.00660038,80.24759674,64859,64870,11
13.00660992,80.2469635,64870,64880,10
13.00654984,80.24671173,64880,64890,10
13.00658035,80.24649811,64890,64900,10
13.00660038,80.2458725,64900,64910,10
13.00660038,80.24514771,64910,64920,10
13.00660038,80.24465942,64920,64930,10
13.00660038,80.24414063,64930,64940,10
13.00656986,80.2434082,64940,64950,10
13.00656033,80.24256134,64950,64960,10
13.00652981,80.24178314,64960,64971,11
13.00652981,80.24169922,64971,64981,10
13.0065403,80.24156952,64981,64991,10
13.00658035,80.2410965,64991,65001,10
13.00664997,80.24056244,65001,65021,20
13.00664997,80.24056244,65021,65031,10
13.00673008,80.24028015,65031,65041,10
13.0068903,80.2396698,65041,65051,10
13.00702,80.2388382,65051,65061,10
13.00718975,80.23793793,65061,65072,11
13.00737,80.23690033,65072,65092,20
13.00737,80.23690033,65092,65102,10
13.00741005,80.236763,65102,65112,10
13.00753021,80.23634338,65112,65122,10
13.0076704,80.23570251,65122,65132,10
13.00782013,80.2348938,65132,65142,10
13.0080204,80.23396301,65142,65152,10
13.00825977,80.23277283,65152,65163,11
13.00852966,80.23136902,65163,65173,10
13.00876045,80.23013306,65173,65183,10
13.00899982,80.22895813,65183,65193,10
13.00928974,80.22788239,65193,65203,10
13.0097599,80.22685242,65203,65213,10
13.01016998,80.22605896,65213,65223,10
13.01051998,80.22538757,65223,65233,10
13.01082039,80.22470093,65233,65243,10
13.01115036,80.22396851,65243,65253,10
13.01142025,80.22316742,65253,65264,11
13.01181984,80.22219086,65264,65273,9
13.01212978,80.22155762,65273,65283,10
13.01243019,80.22167969,65283,65294,11
13.0128603,80.22221375,65294,65304,10
13.01327991,80.22267914,65304,65314,10
13.01368999,80.22316742,65314,65324,10
13.01406956,80.22361755,65324,65334,10
13.01445007,80.22409058,65334,65344,10
13.01484966,80.22447205,65344,65354,10
13.01506042,80.22467804,65354,65364,10
13.01515961,80.22476959,65364,65375,11
13.01525974,80.22483063,65375,65385,10
13.01548958,80.22496796,65385,65395,10
13.01550007,80.22498322,65395,65405,10
13.01554012,80.22503662,65405,65415,10
13.01595974,80.22531891,65415,65425,10
13.01661968,80.22527313,65425,65435,10
13.01751995,80.22492218,65435,65445,10
13.01856995,80.22451782,65445,65455,10
13.01933956,80.22438812,65455,65465,10
13.01957989,80.22447968,65465,65476,11
13.01990032,80.22467041,65476,65486,10
13.02019978,80.2248764,65486,65496,10
13.02058029,80.22515869,65496,65506,10
13.02091026,80.22537994,65506,65516,10
13.02132988,80.22570801,65516,65526,10
13.02169991,80.22595978,65526,65536,10
13.02194977,80.22614288,65536,65556,20
13.02194977,80.22614288,65556,65566,10
13.02210999,80.22631073,65566,65577,11
13.0223999,80.22660828,65577,65587,10
13.02295017,80.22711182,65587,65597,10
13.02359009,80.22769928,65597,65607,10
13.02392006,80.22805786,65607,65617,10
13.02412033,80.22831726,65617,65627,10
13.02439976,80.22869873,65627,65637,10
13.02462959,80.22898102,65637,65647,10
13.02493954,80.22939301,65647,65657,10
13.02544022,80.22995758,65657,65688,31
13.02544022,80.22995758,65688,65698,10
13.02546978,80.23000336,65698,65708,10
13.02562046,80.23021698,65708,65718,10
13.02569962,80.23036194,65718,65728,10
13.02573967,80.2304306,65728,65744,16
13.02583981,80.23071289,65744,65756,12
13.0258503,80.23075104,65756,65767,11
13.02591991,80.23101044,65767,65777,10
13.02597046,80.23120117,65777,65787,10
13.02602005,80.23136139,65787,65797,10
13.02616978,80.2313385,65797,65817,20
13.02616978,80.2313385,65817,65827,10
13.02651978,80.23123932,65827,65867,40
13.02684021,80.23116302,65867,65898,31
13.02684021,80.23116302,65898,65908,10
13.02713966,80.23110199,65908,65918,10
13.02731991,80.23104095,65918,65928,10
13.02748966,80.23100281,65928,65938,10
13.02795982,80.2309494,65938,65958,20
13.02795982,80.2309494,65958,65968,10
13.02810001,80.23092651,65968,65979,11
13.02844048,80.23090363,65979,66098,119
13.02844048,80.23090363,66098,66108,10
13.02859974,80.23090363,66108,66118,10
13.02890015,80.23088074,66118,66128,10
13.02931976,80.23084259,66128,66138,10
13.02972031,80.23079681,66138,66148,10
13.03013992,80.23078156,66148,66158,10
13.03057957,80.23074341,66158,66168,10
13.03085995,80.23071289,66168,66179,11
13.03122044,80.23069,66179,66188,9
13.03174973,80.2306366,66188,66199,11
13.03209972,80.23062897,66199,66208,9
13.03264046,80.23059082,66208,66219,11
13.03299999,80.2305603,66219,66259,40
13.03299999,80.2305603,66259,66270,11
13.03324986,80.23059082,66270,66280,10
13.03361988,80.2305603,66280,66320,40
13.03361988,80.2305603,66320,66330,10
13.03367996,80.23056793,66330,66340,10
13.03400993,80.2305069,66340,66350,10
13.03421021,80.23045349,66350,66360,10
13.03450966,80.2303772,66360,66429,69
13.03450966,80.2303772,66429,66439,10
13.03477955,80.23032379,66439,66449,10
13.03497028,80.23020172,66449,66459,10
13.03505993,80.22998047,66459,66469,10
13.03487968,80.22985077,66469,66479,10
13.03442001,80.22975922,66479,66520,41
13.03442001,80.22975922,66520,66530,10
13.03423977,80.22972107,66530,66540,10
13.03417969,80.22987366,66540,66550,10
13.03415966,80.23007965,66550,66873,323
13.03415966,80.23007965,66873,66883,10
13.03413963,80.23045349,66883,66894,11
13.03386974,80.23049927,66894,66904,10
13.03351974,80.23049927,66904,66914,10
13.03349972,80.23049927,66914,66924,10
13.03316975,80.2305069,66924,66934,10
13.03254986,80.2305603,66934,66944,10
13.03197956,80.23062134,66944,66954,10
13.03141022,80.23065186,66954,66964,10
13.03092003,80.23068237,66964,66985,21
13.03092003,80.23068237,66985,66995,10
13.03073978,80.23069763,66995,67005,10
13.03028011,80.23074341,67005,67106,101
13.03028011,80.23074341,67106,67116,10
13.02995968,80.23082733,67116,67126,10
13.02982044,80.23082733,67126,67136,10
13.02966976,80.2308197,67136,67146,10
13.02915955,80.23085785,67146,67156,10
13.02844048,80.23092651,67156,67166,10
13.0278101,80.23100281,67166,67176,10
13.02764034,80.23114777,67176,67186,10
13.02768993,80.23162079,67186,67197,11
13.02777004,80.23217773,67197,67207,10
13.02783966,80.23274231,67207,67217,10
13.02740002,80.23285675,67217,67227,10
13.02700043,80.2329483,67227,67328,101
13.02700043,80.2329483,67328,67338,10
13.02686977,80.23303223,67338,67348,10
13.02659988,80.23303986,67348,67358,10
13.02635002,80.23278046,67358,67368,10
13.02620029,80.2322464,67368,67378,10
13.0261097,80.23188782,67378,67388,10
13.02602005,80.23152161,67388,67399,11
13.02585983,80.23091125,67399,67409,10
13.02556038,80.23032379,67409,67419,10
13.02517986,80.22978973,67419,67429,10
13.02497959,80.22953033,67429,67439,10
13.02478027,80.22930145,67439,67449,10
13.02455997,80.22902679,67449,67469,20
13.02455997,80.22902679,67469,67479,10
13.02447033,80.2289505,67479,67489,10
13.0239296,80.22827911,67489,67516,27
13.0239296,80.22827911,67516,67528,12
13.02390003,80.22823334,67528,67538,10
13.02373981,80.22802734,67538,67545,7
13.02340031,80.22767639,67545,67588,43
13.02340031,80.22767639,67588,67598,10
13.02320957,80.22743988,67598,67609,11
13.02270985,80.22699738,67609,67619,10
13.02215004,80.22650909,67619,67629,10
13.02134037,80.22586823,67629,67639,10
13.02062035,80.22532654,67639,67649,10
13.01982975,80.22476959,67649,67659,10
13.01877022,80.22447968,67659,67669,10
13.01768017,80.22492981,67669,67679,10
13.01669979,80.2253418,67679,67689,10
13.01622963,80.22551727,67689,67700,11
13.01578045,80.22566223,67700,67710,10
13.01513004,80.22590637,67710,67720,10
13.01414013,80.22631073,67720,67740,20
13.01414013,80.22631073,67740,67750,10
13.01387978,80.22640991,67750,67760,10
13.01327991,80.22662354,67760,67770,10
13.01245975,80.22692871,67770,67780,10
13.0115099,80.22730255,67780,67790,10
13.01060009,80.22767639,67790,67800,10
13.00979996,80.22799683,67800,67811,11
13.00909996,80.22863007,67811,67821,10
13.00889969,80.2296524,67821,67831,10
13.00868034,80.23075867,67831,67841,10
13.00846958,80.2318573,67841,67851,10
13.0082798,80.23287964,67851,67861,10
13.00825024,80.23335266,67861,67880,19
13.00825024,80.23335266,67880,67891,11
13.00817966,80.2335968,67891,67901,10
13.00804996,80.23415375,67901,67912,11
13.00790977,80.23484039,67912,67922,10
13.00788975,80.23496246,67922,67932,10
13.00784969,80.2351532,67932,67942,10
13.00772953,80.23574066,67942,67952,10
13.00755978,80.23660278,67952,67962,10
13.00736046,80.23760223,67962,67972,10
13.0072298,80.23831177,67972,67982,10
13.00708008,80.23911285,67982,67992,10
13.00691986,80.23999023,67992,68073,81
13.00691986,80.23999023,68073,68083,10
13.00689983,80.24034119,68083,68093,10
13.00683975,80.24069977,68093,68114,21
13.00683975,80.24069977,68114,68124,10
13.00677967,80.24092865,68124,68134,10
13.00671959,80.24156952,68134,68144,10
13.00671005,80.24227905,68144,68154,10
13.00669956,80.24260712,68154,68164,10
13.00669003,80.24292755,68164,68174,10
13.00667953,80.24317932,68174,68184,10
13.00667,80.24342346,68184,68194,10
13.00666046,80.24372864,68194,68204,10
13.00667,80.24429321,68204,68215,11
13.00667953,80.24485779,68215,68225,10
13.00667953,80.24523926,68225,68235,10
13.00669003,80.24578857,68235,68245,10
13.00669956,80.24620056,68245,68255,10
13.00671005,80.24638367,68255,68265,10
13.00671005,80.24652863,68265,68275,10
13.00671959,80.24685669,68275,68285,10
13.00673962,80.24729156,68285,68295,10
13.00671005,80.24797058,68295,68305,10
13.00673962,80.24874878,68305,68316,11
13.00683975,80.2493515,68316,68326,10
13.00685024,80.24938202,68326,68336,10
13.00687027,80.24951172,68336,68346,10
13.00685978,80.24997711,68346,68356,10
13.00681973,80.25074768,68356,68366,10
13.00675964,80.25151825,68366,68376,10
13.00662041,80.25215149,68376,68386,10
13.0065403,80.2527771,68386,68396,10
13.0065403,80.25344849,68396,68406,10
13.00654984,80.25408173,68406,68417,11
13.00658035,80.2545166,68417,68427,10
13.00660038,80.25498199,68427,68437,10
13.00660038,80.25569916,68437,68447,10
13.00662041,80.25641632,68447,68457,10
13.00664997,80.25686646,68457,68487,30
13.00664997,80.25686646,68487,68497,10
13.00664997,80.25694275,68497,68507,10
13.00667953,80.25717163,68507,68518,11
13.00675964,80.25759888,68518,68528,10
13.00712967,80.25820923,68528,68538,10
13.0075798,80.25852966,68538,68548,10
13.00759983,80.25852966,68548,68558,10
13.00778008,80.25868225,68558,68568,10
13.00829029,80.25888824,68568,68578,10
13.00907993,80.25906372,68578,68588,10
13.01004028,80.25906372,68588,68598,10
13.01066017,80.25907898,68598,68608,10
13.01136017,80.25907135,68608,68619,11
13.01237011,80.2591095,68619,68629,10
13.01354027,80.2591629,68629,68639,10
13.0148201,80.25920868,68639,68649,10
13.01587009,80.25939941,68649,68659,10
13.0163002,80.25962067,68659,68679,20
13.0163002,80.25962067,68679,68689,10
13.01663971,80.25993347,68689,68699,10
13.01727962,80.26033783,68699,68709,10
13.01809978,80.26088715,68709,68720,11
13.01883984,80.26142883,68720,68730,10
13.01933956,80.26186371,68730,68740,10
13.01982021,80.26233673,68740,68750,10
13.02019024,80.26261902,68750,68760,10
13.02023983,80.26267242,68760,68770,10
13.02070045,80.26284027,68770,68780,10
13.02143955,80.26307678,68780,68790,10
13.02194023,80.26332092,68790,68800,10
13.02227974,80.26348877,68800,68810,10
13.02250957,80.26361847,68810,68821,11
13.02293015,80.2638092,68821,68831,10
13.02295971,80.26381683,68831,68841,10
13.0230999,80.26389313,68841,68851,10
13.02355003,80.26418304,68851,68861,10
13.02416992,80.26452637,68861,68871,10
13.02458,80.26481628,68871,68881,10
13.02486992,80.2650528,68881,68891,10
13.02499962,80.26515961,68891,68901,10
13.02517986,80.26529694,68901,68911,10
13.02562046,80.26557922,68911,68922,11
13.02612972,80.26584625,68922,68932,10
13.0262804,80.26574707,68932,68942,10
13.02630997,80.26521301,68942,68952,10
13.02637959,80.2644577,68952,68962,10
13.02643967,80.26392365,68962,68972,10
13.02645969,80.26383209,68972,68982,10
13.02651024,80.26345825,68982,68992,10
13.02682018,80.2634201,68992,69002,10
13.02737045,80.26354218,69002,69013,11
13.02789021,80.26368713,69013,69023,10
13.02816963,80.26376343,69023,69033,10
13.02828979,80.26378632,69033,69049,16
13.02892971,80.26399994,69049,69061,12
13.02921009,80.26421356,69061,69071,10
13.02921963,80.26444244,69071,69081,10
13.02923012,80.2649231,69081,69091,10
13.02923012,80.26540375,69091,69101,10
13.02917004,80.26621246,69101,69121,20
13.02917004,80.26621246,69121,69132,11
13.02915001,80.2664566,69132,69142,10
13.02921963,80.26654053,69142,69152,10
13.02952957,80.26660156,69152,69162,10
13.02985954,80.26663208,69162,69172,10
13.03036022,80.26670074,69172,69182,10
13.03085995,80.26679993,69182,69192,10
13.03114986,80.26686096,69192,69211,19
13.03114986,80.26686096,69211,69222,11
13.03151989,80.26699829,69222,69233,11
13.03162956,80.2670517,69233,69243,10
13.03180027,80.26714325,69243,69253,10
13.03203964,80.26725769,69253,69273,20
13.03203964,80.26725769,69273,69283,10
13.03225994,80.26737213,69283,69293,10
13.03252983,80.26751709,69293,69303,10
13.0327301,80.26764679,69303,69314,11
13.03299999,80.26770782,69314,69324,10
13.03345966,80.26782227,69324,69344,20
13.03345966,80.26782227,69344,69354,10
13.03357983,80.26782227,69354,69364,10
13.03390026,80.26789856,69364,69374,10
13.03417015,80.26795197,69374,69384,10
13.03425026,80.26795959,69384,69394,10
13.03444958,80.26796722,69394,69515,121
13.03444958,80.26796722,69515,69525,10
13.03396988,80.26796722,69525,69778,253
13.03357983,80.26789093,69778,70556,778
13.03357983,80.26789093,70556,70566,10
13.0333004,80.26780701,70566,70576,10
13.03314972,80.26777649,70576,70586,10
13.03264046,80.26760101,70586,70606,20
13.03264046,80.26760101,70606,70616,10
13.03240967,80.2674408,70616,70626,10
13.03213978,80.2673111,70626,70637,11
13.03162003,80.26706696,70637,70647,10
13.03096962,80.26683807,70647,70657,10
13.03032017,80.26672363,70657,70667,10
13.02987957,80.26663971,70667,70677,10
13.0297699,80.26663208,70677,70687,10
13.02964973,80.26660919,70687,70697,10
13.0292902,80.26654053,70697,70707,10
13.02908039,80.26641083,70707,70717,10
13.02877998,80.26634216,70717,70727,10
13.02851963,80.26629639,70727,70738,11
13.02803993,80.2661972,70738,70748,10
13.02733994,80.26609802,70748,70758,10
13.02672005,80.26603699,70758,70768,10
13.02606964,80.26584625,70768,70778,10
13.02527046,80.26538086,70778,70798,20
13.02527046,80.26538086,70798,70808,10
13.02503967,80.26522827,70808,70818,10
13.02472973,80.26496887,70818,70828,10
13.02427959,80.26463318,70828,70838,10
13.02365971,80.26425171,70838,70849,11
13.02305984,80.26390839,70849,70859,10
13.02260971,80.26364899,70859,70869,10
13.0221796,80.26345825,70869,70879,10
13.02208042,80.26341248,70879,70889,10
13.02194977,80.26334381,70889,70899,10
13.02159023,80.26316833,70899,70909,10
13.02079964,80.26302338,70909,70919,10
13.02000046,80.26299286,70919,70929,10
13.01937962,80.26291656,70929,70940,11
13.01898956,80.26286316,70940,70950,10
13.01887989,80.26242065,70950,70960,10
13.01877022,80.26165771,70960,70970,10
13.01860046,80.26126862,70970,70980,10
13.01803017,80.26091003,70980,70990,10
13.01727962,80.26039886,70990,71000,10
13.01603985,80.25966644,71000,71020,20
13.01603985,80.25966644,71020,71031,11
13.01570034,80.25950623,71031,71041,10
13.01498985,80.25933838,71041,71051,10
13.01408005,80.25926971,71051,71061,10
13.01296043,80.25920868,71061,71071,10
13.01179981,80.2591629,71071,71081,10
13.01086998,80.2591629,71081,71091,10
13.01002979,80.25917816,71091,71101,10
13.00914001,80.25914764,71101,71111,10
13.00870991,80.25914764,71111,71121,10
13.00835037,80.25914001,71121,71131,10
13.00778008,80.25926208,71131,71141,10
13.0073204,80.25907898,71141,71151,10
13.00718975,80.2587204,71151,71162,11
13.00714016,80.25859833,71162,71172,10
13.00681019,80.25804138,71172,71212,40
13.00681019,80.25804138,71212,71222,10
13.00656033,80.2575531,71222,71344,122
13.00656033,80.2575531,71344,71354,10
13.00652981,80.2574234,71354,71364,10
13.00650978,80.25705719,71364,71374,10
13.00646973,80.25666809,71374,71384,10
13.00646019,80.2559967,71384,71394,10
13.00648022,80.25530243,71394,71404,10
13.00650024,80.25457764,71404,71413,9
13.00646019,80.25379181,71413,71495,82
13.00646019,80.25379181,71495,71505,10
13.0065403,80.25364685,71505,71515,10
13.00652027,80.25340271,71515,71525,10
13.00650978,80.25328827,71525,71535,10
13.00648975,80.25309753,71535,71546,11
13.00650024,80.25263214,71546,71556,10
13.00652027,80.25224304,71556,71636,80
13.00652027,80.25224304,71636,71646,10
13.00660992,80.25198364,71646,71657,11
13.00669956,80.251297,71657,71667,10
13.00671005,80.25057983,71667,71677,10
13.00671005,80.24989319,71677,71686,9
13.00669003,80.24913025,71686,71697,11
13.00660992,80.24803925,71697,71737,40
13.00660992,80.24803925,71737,71748,11
13.00662994,80.2477417,71748,71758,10
13.00662041,80.2472229,71758,71768,10
13.00656033,80.24674988,71768,71818,50
13.00656033,80.24674988,71818,71828,10
13.0065403,80.24659729,71828,71838,10
13.00658989,80.24620056,71838,71849,11
13.00658989,80.24552155,71849,71859,10
13.00656033,80.24498749,71859,71869,10
13.00656033,80.24452209,71869,71879,10
13.00658035,80.24407196,71879,71889,10
13.00656986,80.2435379,71889,71899,10
13.0065403,80.24292755,71899,71909,10
13.00652027,80.24214935,71909,71919,10
13.0065403,80.24134064,71919,71929,10
13.00658989,80.24092865,71929,71939,10
13.00660992,80.2407608,71939,71950,11
13.00666046,80.240448,71950,71960,10
13.00675964,80.23999023,71960,71970,10
13.00687981,80.23931885,71970,71980,10
13.00704002,80.23854828,71980,71990,10
13.00720024,80.23777771,71990,72000,10
13.00734997,80.23699188,72000,72020,20
13.00734997,80.23699188,72020,72030,10
13.00736046,80.23690033,72030,72040,10
13.00747967,80.23651886,72040,72051,11
13.00765991,80.23574066,72051,72061,10
13.00784969,80.23478699,72061,72071,10
13.00806999,80.23368835,72071,72080,9
13.00825024,80.23271942,72080,72091,11
13.00846004,80.23162079,72091,72101,10
13.00870037,80.23040771,72101,72111,10
13.00891972,80.22930908,72111,72120,9
13.00912952,80.22828674,72120,72130,10
13.00955009,80.227211,72130,72141,11
13.01004982,80.22614288,72141,72151,10
13.01039028,80.22553253,72151,72162,11
13.01060963,80.22509003,72162,72172,10
13.01084995,80.22450256,72172,72182,10
13.01117992,80.22368622,72182,72192,10
13.0115099,80.2228775,72192,72202,10
13.01185989,80.22186279,72202,72212,10
13.01222992,80.22142029,72212,72222,10
13.01245022,80.22168732,72222,72232,10
13.01286983,80.22222137,72232,72242,10
13.01356983,80.22303009,72242,72253,11
13.0141201,80.2234726,72253,72263,10
13.01445007,80.22386932,72263,72273,10
13.01496983,80.22454834,72273,72283,10
13.01543999,80.22492218,72283,72293,10
13.01548004,80.2249527,72293,72303,10
13.0156002,80.22505951,72303,72313,10
13.01605988,80.22531891,72313,72323,10
13.01686954,80.22515106,72323,72333,10
13.01791954,80.22476196,72333,72343,10
13.01902008,80.22438049,72343,72352,9
13.01953983,80.22444153,72352,72364,12
13.01988983,80.22467041,72364,72374,10
13.02038002,80.22503662,72374,72384,10
13.02099037,80.22547913,72384,72394,10
13.02194023,80.2261734,72394,72414,20
13.02194023,80.2261734,72414,72424,10
13.0221796,80.22637939,72424,72434,10
13.02272034,80.22686768,72434,72444,10
13.02340031,80.22747803,72444,72455,11
13.02431011,80.22846222,72455,72485,30
13.02431011,80.22846222,72485,72495,10
13.0243597,80.22852325,72495,72505,10
13.02458954,80.22885895,72505,72515,10
13.02499962,80.22942352,72515,72525,10
13.02544975,80.23005676,72525,72535,10
13.02598,80.23129272,72535,72564,29
13.02598,80.23129272,72564,72574,10
13.02620983,80.23130798,72574,72584,10
13.02702999,80.23111725,72584,72594,10
13.02783966,80.23095703,72594,72604,10
13.02840042,80.23090363,72604,72614,10
13.02842999,80.23088837,72614,72624,10
13.02851963,80.23090363,72624,72634,10
13.02929974,80.23082733,72634,72654,20
13.02929974,80.23082733,72654,72665,11
13.02956963,80.23079681,72665,72675,10
13.02984047,80.2307663,72675,72685,10
13.02997017,80.23075867,72685,72695,10
13.03009033,80.23074341,72695,72705,10
13.03030968,80.23072815,72705,72715,10
13.03057957,80.23071289,72715,72745,30
13.03057957,80.23071289,72745,72755,10
13.03075027,80.23069763,72755,72766,11
13.03122997,80.23066711,72766,72776,10
13.03184032,80.23062134,72776,72786,10
13.03250027,80.2305603,72786,72796,10
13.0333004,80.23052216,72796,72806,10
13.03413963,80.23043823,72806,72856,50
13.03413963,80.23043823,72856,72867,11
13.03450012,80.23039246,72867,72877,10
13.03477001,80.2303009,72877,72887,10
13.03499985,80.23011017,72887,72907,20
13.03499985,80.23011017,72907,72917,10
13.03477955,80.22984314,72917,72927,10
13.03429985,80.22973633,72927,72937,10
13.03417969,80.22994995,72937,73008,71
13.03417969,80.22994995,73008,73018,10
13.03411007,80.23033142,73018,73048,30
13.03411007,80.23033142,73048,73058,10
13.03404045,80.23049927,73058,73069,11
13.03347969,80.23047638,73069,73089,20
13.03347969,80.23047638,73089,73099,10
13.03328037,80.23046112,73099,73109,10
13.03271008,80.2305069,73109,73119,10
13.03203964,80.23059845,73119,73129,10
13.03102016,80.23069,73129,73159,30
13.03102016,80.23069,73159,73170,11
13.03073978,80.23071289,73170,73180,10
13.03044987,80.23074341,73180,73190,10
13.03003979,80.2307663,73190,73200,10
13.02972984,80.23082733,73200,73210,10
13.02964973,80.23084259,73210,73220,10
13.02952003,80.23085022,73220,73236,16
13.02888012,80.23090363,73236,73248,12
13.02807999,80.23095703,73248,73256,8
13.02779007,80.23097992,73256,73269,13
13.02764988,80.23139191,73269,73279,10
13.02772999,80.23200226,73279,73289,10
13.0278101,80.23246765,73289,73299,10
13.02777004,80.2328186,73299,73309,10
13.02729988,80.23288727,73309,73318,9
13.02711964,80.23291016,73318,73329,11
13.02682018,80.2329483,73329,73339,10
13.02651024,80.23297882,73339,73349,10
13.02626038,80.2325592,73349,73359,10
13.02598,80.23156738,73359,73380,21
13.02598,80.23156738,73380,73390,10
13.02589035,80.23117065,73390,73400,10
13.02560043,80.23042297,73400,73410,10
13.02499962,80.22955322,73410,73420,10
13.02443027,80.22881317,73420,73430,10
13.02398968,80.22831726,73430,73440,10
13.02394009,80.22825623,73440,73450,10
13.02388954,80.22821808,73450,73461,11
13.0236702,80.22794342,73461,73471,10
13.0233202,80.22759247,73471,73481,10
13.02285004,80.22714233,73481,73491,10
13.02225018,80.22654724,73491,73501,10
13.02151012,80.22595215,73501,73511,10
13.02083015,80.22541809,73511,73521,10
13.02046013,80.22518158,73521,73531,10
13.02042007,80.22515869,73531,73541,10
13.02007008,80.22490692,73541,73551,10
13.01937008,80.22451019,73551,73561,10
13.01856995,80.22454834,73561,73572,11
13.01774979,80.2248764,73572,73582,10
13.01698017,80.22519684,73582,73592,10
13.01653957,80.22538757,73592,73602,10
13.0163002,80.22547913,73602,73612,10
13.01605988,80.22557068,73612,73622,10
13.0156002,80.2257309,73622,73632,10
13.01498032,80.2259903,73632,73642,10
13.0143404,80.22624969,73642,73652,10
13.01428032,80.22627258,73652,73663,11
13.01391029,80.22640228,73663,73673,10
13.01319981,80.22666931,73673,73683,10
13.01235008,80.22698212,73683,73693,10
13.01134968,80.22736359,73693,73703,10
13.01019955,80.22783661,73703,73713,10
13.00936985,80.22820282,73713,73723,10
13.00891972,80.22937012,73723,73733,10
13.00866985,80.23065186,73733,73743,10
13.00841999,80.23194122,73743,73753,10
13.00823021,80.23309326,73753,73763,10
13.00819016,80.23352051,73763,73774,11
13.00815964,80.23361206,73774,73784,10
13.00811958,80.23374176,73784,73794,10
13.00804043,80.23416138,73794,73804,10
13.00790024,80.23486328,73804,73814,10
13.00786018,80.23509216,73814,73824,10
13.00774956,80.23558807,73824,73834,10
13.00755978,80.23648834,73834,73844,10
13.00732994,80.23767853,73844,73854,10
13.00714016,80.2387619,73854,73865,11
13.00695992,80.23964691,73865,73875,10
13.00687027,80.24017334,73875,73885,10
13.00681973,80.24066162,73885,73905,20
13.00681973,80.24066162,73905,73915,10
13.0067997,80.24079895,73915,73925,10
13.00673008,80.24131775,73925,73935,10
13.00669956,80.2421875,73935,73945,10
13.00667953,80.24311829,73945,73955,10
13.00667953,80.24382019,73955,73966,11
13.00669003,80.24481964,73966,73976,10
13.00669956,80.2454834,73976,73986,10
13.00671959,80.24623108,73986,73996,10
13.00671959,80.24655914,73996,74006,10
13.00671959,80.24669647,74006,74016,10
13.00671005,80.24697113,74016,74026,10
13.00669003,80.24742889,74026,74036,10
13.00669003,80.24816895,74036,74046,10
13.00679016,80.24906921,74046,74056,10
13.00681973,80.24951172,74056,74066,10
13.00681973,80.24952698,74066,74077,11
13.00681019,80.24996185,74077,74087,10
13.0067997,80.25050354,74087,74097,10
13.00681973,80.25089264,74097,74107,10
13.00681973,80.25090027,74107,74117,10
13.00679016,80.25135803,74117,74127,10
13.00664043,80.2519989,74127,74137,10
13.00652027,80.25270081,74137,74147,10
13.00652027,80.25364685,74147,74157,10
13.00656986,80.25466919,74157,74168,11
13.00660038,80.25559235,74168,74178,10
13.00660038,80.25652313,74178,74188,10
13.00664043,80.25714874,74188,74258,70
13.00664043,80.25714874,74258,74269,11
13.00658989,80.25746155,74269,74279,10
13.00681019,80.2579422,74279,74289,10
13.0073204,80.25850677,74289,74299,10
13.00771046,80.25866699,74299,74309,10
13.00790024,80.25875854,74309,74319,10
13.00842953,80.25894928,74319,74329,10
13.00911045,80.25907898,74329,74339,10
13.01000977,80.25908661,74339,74349,10
13.01054955,80.25908661,74349,74359,10
13.01101017,80.25910187,74359,74369,10
13.01181984,80.25908661,74369,74380,11
13.01301956,80.25914001,74380,74390,10
13.0143404,80.25919342,74390,74400,10
13.01556969,80.25930786,74400,74410,10
13.01628971,80.25959778,74410,74420,10
13.01644993,80.25972748,74420,74430,10
13.01651955,80.25978088,74430,74440,10
13.01694965,80.26009369,74440,74450,10
13.01764011,80.26058197,74450,74460,10
13.01817989,80.26094055,74460,74470,10
13.0183897,80.26109314,74470,74481,11
13.01840973,80.26110077,74481,74491,10
13.01854992,80.2611618,74491,74501,10
13.01861954,80.26119995,74501,74511,10
13.0188303,80.26139832,74511,74521,10
13.01916981,80.26168823,74521,74531,10
13.01955986,80.2620697,74531,74541,10
13.02007008,80.26254272,74541,74551,10
13.02017975,80.26262665,74551,74561,10
13.02073956,80.2628479,74561,74572,11
13.02167988,80.26319122,74572,74582,10
13.02210045,80.26338959,74582,74592,10
13.02252007,80.26360321,74592,74602,10
13.02317047,80.26396942,74602,74612,10
13.02375984,80.26428986,74612,74622,10
13.02427006,80.26460266,74622,74632,10
13.02462006,80.26486969,74632,74642,10
13.02492046,80.26508331,74642,74652,10
13.02550983,80.26548767,74652,74662,10
13.02612972,80.26586914,74662,74673,11
13.02632999,80.26554108,74673,74683,10
13.02633953,80.2651825,74683,74693,10
13.02639961,80.26461792,74693,74703,10
13.02647018,80.26415253,74703,74712,9
13.02647972,80.26406097,74712,74723,11
13.0265398,80.26357269,74723,74733,10
13.02674961,80.26344299,74733,74743,10
13.02731037,80.26351166,74743,74753,10
13.02754974,80.26354218,74753,74763,10
13.02799034,80.26367188,74763,74773,10
13.02861023,80.26384735,74773,74784,11
13.02915955,80.26399994,74784,74794,10
13.02917957,80.26402283,74794,74804,10
13.02929974,80.26438141,74804,74814,10
13.02927971,80.26490021,74814,74824,10
13.02929974,80.26525116,74824,74834,10
13.02931023,80.26541901,74834,74844,10
13.02921963,80.26625824,74844,74864,20
13.02919006,80.26641846,74864,74885,21
13.02919006,80.26641846,74885,74895,10
13.02937984,80.26657867,74895,74905,10
13.02968025,80.2665863,74905,74915,10
13.02984047,80.26660156,74915,74925,10
13.03032017,80.26664734,74925,74935,10
13.03104973,80.26680756,74935,74945,10
13.03186989,80.26715088,74945,74955,10
13.03234005,80.26738739,74955,74965,10
13.03267956,80.26763153,74965,74975,10
13.03312016,80.26776123,74975,74986,11
13.03361988,80.26786041,74986,74996,10
13.03365993,80.26786041,74996,75006,10
13.03380966,80.26792145,75006,75016,10
13.03419018,80.26798248,75016,75026,10
13.03446007,80.26799011,75026,75107,81
13.03446007,80.26799011,75107,75117,10
13.03423977,80.26799011,75117,75127,10
13.0337801,80.26792908,75127,75137,10
13.03337955,80.26786041,75137,75965,828
13.03337955,80.26786041,75965,75975,10
13.03312969,80.26763916,75975,75985,10
13.03271008,80.26760101,75985,75996,11
13.03234005,80.26734924,75996,76006,10
13.03168964,80.26709747,76006,76016,10
13.03104973,80.26689911,76016,76026,10
13.03052044,80.26677704,76026,76036,10
13.0301199,80.26672363,76036,76046,10
13.02976036,80.26667786,76046,76056,10
13.02976036,80.26667023,76056,76066,10
13.02958012,80.26663971,76066,76076,10
13.02921963,80.26657867,76076,76086,10
13.02888012,80.26641083,76086,76097,11
13.02838039,80.2663269,76097,76107,10
13.02766991,80.26622009,76107,76117,10
13.02700996,80.26615143,76117,76127,10
13.02653027,80.26605225,76127,76137,10
13.02649975,80.26603699,76137,76147,10
13.02635956,80.26599884,76147,76157,10
13.02604961,80.26586151,76157,76167,10
13.02563953,80.26560211,76167,76177,10
13.02525997,80.26535797,76177,76187,10
13.02519989,80.26531982,76187,76198,11
13.02509022,80.26522827,76198,76208,10
13.02472973,80.26496124,76208,76218,10
13.02429008,80.26460266,76218,76228,10
13.02363014,80.2641983,76228,76238,10
13.02299976,80.26389313,76238,76248,10
13.02210999,80.26345825,76248,76268,20
13.02210999,80.26345825,76268,76278,10
13.02194977,80.26334381,76278,76288,10
13.02173996,80.26322174,76288,76299,11
13.02101994,80.26304626,76299,76309,10
13.02029037,80.26303864,76309,76319,10
13.01982975,80.2629776,76319,76329,10
13.01918983,80.26291656,76329,76339,10
13.01893997,80.26268005,76339,76349,10
13.01881981,80.26196289,76349,76359,10
13.01860046,80.26132202,76359,76369,10
13.01795006,80.26087952,76369,76379,10
13.01712036,80.26029968,76379,76389,10
13.01626015,80.25978851,76389,76400,11
13.01605034,80.2596817,76400,76410,10
13.01597023,80.25962067,76410,76420,10
13.01548004,80.25943756,76420,76430,10
13.01467991,80.25930786,76430,76440,10
13.01373959,80.25926208,76440,76450,10
13.01259995,80.25921631,76450,76460,10
13.01146984,80.25919342,76460,76470,10
13.01049995,80.25921631,76470,76480,10
13.00934029,80.25920868,76480,76490,10
13.0087204,80.25921631,76490,76500,10
13.00844955,80.25921631,76500,76511,11
13.00776005,80.25935364,76511,76521,10
13.00728989,80.25906372,76521,76531,10
13.00716972,80.2587204,76531,76541,10
13.00706005,80.25849152,76541,76551,10
13.00673962,80.2579422,76551,76561,10
13.00652027,80.25756073,76561,76571,10
13.00646019,80.25704193,76571,76581,10
13.00642967,80.25650024,76581,76591,10
13.00644016,80.25589752,76591,76602,11
13.00646973,80.25527954,76602,76612,10
13.00650024,80.25453949,76612,76622,10
13.00648022,80.25370789,76622,76632,10
13.00646973,80.25325012,76632,76642,10
13.00646019,80.25325012,76642,76652,10
13.00646973,80.2530365,76652,76662,10
13.00648975,80.25283813,76662,76672,10
13.00652981,80.25241089,76672,76721,49
13.00652981,80.25241089,76721,76731,10
13.00656986,80.25227356,76731,76741,10
13.00664043,80.25183868,76741,76751,10
13.00671959,80.25131989,76751,76761,10
13.00671005,80.25032043,76761,76802,41
13.00671005,80.25032043,76802,76812,10
13.00673962,80.25018311,76812,76822,10
13.00673008,80.24971008,76822,76832,10
13.00669956,80.24906158,76832,76866,34
13.00669956,80.24906158,76866,76876,10
13.00667953,80.24884033,76876,76896,20
13.00667953,80.24884033,76896,76907,11
13.00667,80.248703,76907,76917,10
13.00662994,80.24829102,76917,76927,10
13.00662041,80.24799347,76927,76937,10
13.00662994,80.24749756,76937,77008,71
13.00662994,80.24749756,77008,77018,10
13.00664043,80.24742126,77018,77028,10
13.00666046,80.24701691,77028,77038,10
13.00658035,80.24658966,77038,77048,10
13.00658035,80.24655914,77048,77058,10
13.00664997,80.24613953,77058,77068,10
13.00664043,80.24550629,77068,77078,10
13.00662041,80.24501038,77078,77089,11
13.00662994,80.24453735,77089,77099,10
13.00662994,80.24395752,77099,77109,10
13.00658989,80.24349976,77109,77119,10
13.00654984,80.24279022,77119,77129,10
13.0065403,80.24198151,77129,77139,10
13.00654984,80.24179077,77139,77149,10
13.00656986,80.24144745,77149,77159,10
13.00664043,80.24079132,77159,77169,10
13.00669003,80.24030304,77169,77179,10
13.00677967,80.23980713,77179,77189,10
13.00695038,80.23898315,77189,77200,11
13.00716019,80.23793793,77200,77210,10
13.00734043,80.23722076,77210,77220,10
13.00739002,80.23677826,77220,77230,10
13.00741959,80.23670197,77230,77240,10
13.00755024,80.23625183,77240,77250,10
13.00771046,80.23549652,77250,77260,10
13.00788021,80.23461914,77260,77270,10
13.00806999,80.23370361,77270,77279,9
13.00825977,80.23278046,77279,77289,10
13.00846004,80.23174286,77289,77301,12
13.00868988,80.23047638,77301,77311,10
13.00887012,80.22952271,77311,77321,10
13.00903988,80.2286377,77321,77331,10
13.00926018,80.22789001,77331,77341,10
13.00961971,80.22705841,77341,77351,10
13.01000977,80.22619629,77351,77362,11
13.01035023,80.22548676,77362,77374,12
13.01064968,80.22490692,77374,77384,10
13.01099968,80.22411346,77384,77393,9
13.01119041,80.22373962,77393,77405,12
13.01140022,80.22316742,77405,77415,10
13.01167011,80.22238159,77415,77425,10
13.01204014,80.22154236,77425,77435,10
13.01237965,80.22171021,77435,77445,10
13.01284981,80.22232056,77445,77455,10
13.01352024,80.22306824,77455,77465,10
13.01420021,80.22383881,77465,77475,10
13.01478004,80.22445679,77475,77485,10
13.01531982,80.22493744,77485,77501,16
13.01548004,80.22502899,77501,77514,13
13.01572037,80.22524261,77514,77524,10
13.01640987,80.2253418,77524,77532,8
13.01704979,80.22512054,77532,77544,12
13.01817989,80.22466278,77544,77554,10
13.01898003,80.22440338,77554,77564,10
13.01992035,80.22473907,77564,77574,10
13.02054977,80.22519684,77574,77583,9
13.02124023,80.22569275,77583,77594,11
13.02198029,80.22621155,77594,77615,21
13.02198029,80.22621155,77615,77625,10
13.02225971,80.22647095,77625,77635,10
13.02283001,80.22699738,77635,77645,10
13.02348042,80.22762299,77645,77655,10
13.02406979,80.22823334,77655,77665,10
13.02464008,80.22899628,77665,77675,10
13.02523041,80.22979736,77675,77685,10
13.02577972,80.23068237,77685,77695,10
13.02598,80.23123932,77695,77706,11
13.02624989,80.23135376,77706,77716,10
13.02672005,80.23121643,77716,77726,10
13.02731991,80.2310791,77726,77736,10
13.02842045,80.23091888,77736,77764,28
13.02842045,80.23091888,77764,77772,8
13.02873993,80.23091125,77772,77783,11
13.02937031,80.23084259,77783,77794,11
13.02985001,80.23078918,77794,77804,10
13.0304203,80.23074341,77804,77813,9
13.03094959,80.23069763,77813,77825,12
13.03143024,80.23065948,77825,77835,10
13.03209972,80.23059845,77835,77845,10
13.0328598,80.23053741,77845,77855,10
13.03353977,80.23049164,77855,77865,10
13.03400993,80.23045349,77865,77875,10
13.0345602,80.23033905,77875,77895,20
13.0345602,80.23033905,77895,77906,11
13.03474998,80.23029327,77906,77916,10
13.03505039,80.23001862,77916,78083,167
13.03474045,80.22979736,78083,78165,82
13.0343504,80.22975159,78165,78206,41
13.0343504,80.22975159,78206,78217,11
13.03413963,80.23016357,78217,78287,70
13.03413963,80.23016357,78287,78297,10
13.03405952,80.23053741,78297,78307,10
13.03367996,80.23049927,78307,78328,21
13.03367996,80.23049927,78328,78338,10
13.03334999,80.23049164,78338,78348,10
13.03279018,80.23052979,78348,78358,10
13.03219986,80.23059845,78358,78368,10
13.03143978,80.23066711,78368,78377,9
13.03094006,80.23072815,78377,78388,11
13.03059959,80.23075867,78388,78398,10
13.03028011,80.23078918,78398,78408,10
13.02982044,80.23084259,78408,78419,11
13.02958012,80.23088074,78419,78429,10
13.02927971,80.23088837,78429,78439,10
13.02873039,80.2309494,78439,78449,10
13.02810001,80.23103333,78449,78459,10
13.02770042,80.23113251,78459,78469,10
13.02766991,80.23152924,78469,78479,10
13.0276804,80.23181915,78479,78489,10
13.02777004,80.23230743,78489,78499,10
13.02783012,80.23277283,78499,78510,11
13.0272398,80.23290253,78510,78520,10
13.02674961,80.23300934,78520,78580,60
13.02674961,80.23300934,78580,78590,10
13.02655983,80.23301697,78590,78600,10
13.0262804,80.23290253,78600,78611,11
13.0260601,80.2321167,78611,78621,10
13.02589035,80.23140717,78621,78631,10
13.02563953,80.23052979,78631,78641,10
13.02503967,80.22966003,78641,78651,10
13.02464008,80.22915649,78651,78661,10
13.02423,80.22862244,78661,78671,10
13.02396011,80.22831726,78671,78681,10
13.02385044,80.2281723,78681,78691,10
13.0234499,80.2277298,78691,78701,10
13.0230999,80.22737122,78701,78711,10
13.02258015,80.22689056,78711,78722,11
13.02206993,80.22644043,78722,78732,10
13.02153015,80.22599792,78732,78742,10
13.02089977,80.22548676,78742,78752,10
13.02029991,80.2250824,78752,78762,10
13.02005005,80.22489929,78762,78772,10
13.01994038,80.224823,78772,78782,10
13.0195303,80.22457886,78782,78792,10
13.01887989,80.2244873,78792,78802,10
13.01807976,80.22479248,78802,78813,11
13.01698017,80.22524261,78813,78823,10
13.01613045,80.22557068,78823,78833,10
13.01537037,80.22583008,78833,78843,10
13.01465034,80.22611237,78843,78853,10
13.01439953,80.22621918,78853,78863,10
13.01426983,80.22625732,78863,78873,10
13.01379967,80.22644043,78873,78883,10
13.01313019,80.22670746,78883,78893,10
13.01229,80.22704315,78893,78903,10
13.01124954,80.22744751,78903,78913,10
13.01014996,80.22789001,78913,78924,11
13.00911999,80.22853088,78924,78934,10
13.00889969,80.22960663,78934,78944,10
13.00868034,80.23072815,78944,78954,10
13.00848961,80.2317276,78954,78964,10
13.00831032,80.23265839,78964,78974,10
13.00823021,80.23330688,78974,78984,10
13.00823975,80.23336792,78984,78994,10
13.00817966,80.23368073,78994,79004,10
13.0080204,80.23433685,79004,79015,11
13.00782013,80.23529816,79015,79025,10
13.00761986,80.23628235,79025,79035,10
13.00743008,80.23719788,79035,79045,10
13.0072403,80.23813629,79045,79055,10
13.00704956,80.23902893,79055,79065,10
13.00691986,80.23969269,79065,79075,10
13.00687027,80.24002838,79075,79085,10
13.00687027,80.2401886,79085,79095,10
13.0067997,80.24064636,79095,79105,10
13.00667,80.24146271,79105,79115,10
13.00664997,80.24252319,79115,79126,11
13.00658989,80.24350739,79126,79136,10
13.00658035,80.24449921,79136,79146,10
13.00662041,80.24559021,79146,79156,10
13.00664043,80.24630737,79156,79166,10
13.00664997,80.24723053,79166,79176,10
13.00667953,80.24806213,79176,79186,10
13.00675964,80.24902344,79186,79196,10
13.00683022,80.24960327,79196,79206,10
13.00683975,80.24960327,79206,79217,11
13.00683975,80.25006104,79217,79227,10
13.00681973,80.25086975,79227,79237,10
13.00677013,80.25153351,79237,79247,10
13.00656033,80.25229645,79247,79257,10
13.00652027,80.25331879,79257,79267,10
13.00654984,80.25437927,79267,79277,10
13.00658989,80.25538635,79277,79287,10
13.00660038,80.2563324,79287,79297,10
13.00662041,80.25689697,79297,79307,10
13.00664043,80.25708771,79307,79318,11
13.00666046,80.25721741,79318,79328,10
13.00667953,80.25746155,79328,79344,16
13.0072403,80.258461,79344,79356,12
13.0076704,80.25868225,79356,79366,10
13.0078001,80.25875854,79366,79375,9
13.00829029,80.2589798,79375,79386,11
13.00938034,80.25913239,79386,79396,10
13.0106802,80.25911713,79396,79406,10
13.01194,80.25908661,79406,79417,11
13.01336002,80.25914764,79417,79427,10
13.01465034,80.25920105,79427,79437,10
13.01570034,80.25933075,79437,79446,9
13.01624012,80.25959015,79446,79457,11
13.01632977,80.25965881,79457,79467,10
13.01690006,80.26010132,79467,79477,10
13.01764965,80.26062012,79477,79487,10
13.01848984,80.26117706,79487,79497,10
13.01873016,80.2613678,79497,79507,10
13.0191803,80.26174927,79507,79517,10
13.0197401,80.26226044,79517,79528,11
13.02017975,80.26264954,79528,79538,10
13.02038002,80.26275635,79538,79548,10
13.02097034,80.26296234,79548,79558,10
13.02175999,80.26325989,79558,79567,9
13.02206039,80.26338196,79567,79578,11
13.02258968,80.26363373,79578,79588,10
13.02320004,80.2639389,79588,79598,10
13.02361965,80.26421356,79598,79608,10
13.02416992,80.26452637,79608,79619,11
13.02488995,80.26509857,79619,79629,10
13.0255003,80.26551819,79629,79639,10
13.02600002,80.26583862,79639,79649,10
13.02620029,80.26589966,79649,79659,10
13.0262804,80.26574707,79659,79669,10
13.02633953,80.26525116,79669,79679,10
13.02641964,80.26463318,79679,79689,10
13.02645969,80.26407623,79689,79699,10
13.02651024,80.2638092,79699,79709,10
13.02657986,80.26341248,79709,79719,10
13.02694988,80.26345825,79719,79730,11
13.0274601,80.26358032,79730,79740,10
13.02805996,80.26376343,79740,79756,16
13.02892017,80.26397705,79756,79768,12
13.02927971,80.26412201,79768,79778,10
13.02925968,80.26444244,79778,79788,10
13.02925014,80.26522827,79788,79798,10
13.02923012,80.26600647,79798,79808,10
13.02919006,80.26625824,79808,79818,10
13.02915955,80.26644897,79818,79828,10
13.02933979,80.2665863,79828,79839,11
13.03005981,80.26667786,79839,79849,10
13.03081989,80.26680756,79849,79859,10
13.03141975,80.26702118,79859,79869,10
13.03197956,80.26727295,79869,79879,10
13.03246021,80.26750183,79879,79889,10
13.03304005,80.26776886,79889,79899,10
13.03361034,80.2678833,79899,79909,10
13.03382969,80.26792145,79909,79919,10
13.03404999,80.26796722,79919,79930,11
13.0344696,80.26799774,79930,79940,10
13.03448009,80.26799774,79940,79950,10
13.03452015,80.2681427,79950,79960,10
13.03439999,80.26815033,79960,79970,10
13.03421021,80.26804352,79970,79980,10
13.0336504,80.26793671,79980,79990,10
13.03306007,80.26779938,79990,80000,10
13.03256035,80.26761627,80000,80010,10
13.03215981,80.26732635,80010,80020,10
13.03149986,80.26702118,80020,80031,11
13.0307703,80.26680756,80031,80041,10
13.03013039,80.26670074,80041,80050,9
13.02962971,80.26663208,80050,80061,11
13.02915955,80.26650238,80061,80071,10
13.02871037,80.26635742,80071,80081,10
13.02818966,80.26628113,80081,80091,10
13.02758026,80.26618195,80091,80101,10
13.02700996,80.26611328,80101,80111,10
13.02680016,80.26608276,80111,80122,11
13.02668953,80.26605988,80122,80132,10
13.02633953,80.26599121,80132,80142,10
13.02616024,80.26608276,80142,83354,3212
13.02616024,80.26608276,83354,83364,10
13.02602005,80.2661972,83364,83375,11
13.02614975,80.26644897,83375,83445,70
13.02614975,80.26644897,83445,83455,10
13.02632046,80.26638031,83455,83577,122
13.02632046,80.26638031,83577,83587,10
13.02645969,80.26634216,83587,83617,30
13.02645969,80.26634216,83617,83627,10
