13.09860992,80.24121857,18,19216,19198
13.09860992,80.24121857,19216,19226,10
13.09846973,80.24114227,19226,19236,10
13.09854984,80.24095917,19236,19246,10
13.09856033,80.24073029,19246,19256,10
13.09858036,80.24049377,19256,19266,10
13.0985899,80.24040985,19266,19276,10
13.09846973,80.24030304,19276,19448,172
13.09846973,80.24030304,19448,19458,10
13.09860992,80.24012756,19458,19468,10
13.09887981,80.24012756,19468,19478,10
13.09910965,80.24040222,19478,19488,10
13.09904957,80.24066925,19488,19498,10
13.09904003,80.24092102,19498,19508,10
13.09902,80.24118042,19508,19518,10
13.09902,80.24130249,19518,19529,11
13.09895992,80.24156952,19529,20205,676
13.09895992,80.24156952,20205,20215,10
13.09885979,80.24140167,20215,20225,10
13.09883976,80.24162292,20225,20265,40
13.09883976,80.24162292,20265,20275,10
13.09875965,80.2420578,20275,20306,31
13.09854984,80.24240112,20306,20952,646
13.09854984,80.24240112,20952,20962,10
13.0983696,80.24224854,20962,20972,10
13.09817028,80.24224854,20972,20982,10
13.09796047,80.24223328,20982,20992,10
13.09770012,80.24220276,20992,21002,10
13.09741974,80.24214935,21002,21012,10
13.09745026,80.24182892,21012,21022,10
13.09757042,80.24121857,21022,21032,10
13.09764004,80.24046326,21032,21042,10
13.09770012,80.23963165,21042,21052,10
13.09778023,80.23873901,21052,21063,11
13.09797955,80.23770142,21063,21073,10
13.09813976,80.23674011,21073,21083,10
13.09829998,80.23583221,21083,21093,10
13.09842968,80.23493195,21093,21103,10
13.09854031,80.23406219,21103,21113,10
13.09862041,80.23326874,21113,21123,10
13.0987196,80.2326889,21123,21133,10
13.09883976,80.23220062,21133,21143,10
13.0990696,80.23161316,21143,21153,10
13.09934998,80.23097992,21153,21163,10
13.09951973,80.23049164,21163,21173,10
13.09969997,80.22982025,21173,21190,17
13.09992027,80.22862244,21190,21202,12
13.10002041,80.22786713,21202,21212,10
13.10004044,80.22727203,21212,21221,9
13.09998035,80.22640991,21221,21232,11
13.09988976,80.22550964,21232,21242,10
13.09972954,80.22470856,21242,21252,10
13.09947014,80.22393036,21252,21262,10
13.09928989,80.22367096,21262,21272,10
13.09908962,80.2233963,21272,21282,10
13.0988903,80.2231369,21282,21293,11
13.09875011,80.22289276,21293,21303,10
13.0987196,80.22231293,21303,21313,10
13.09879971,80.22149658,21313,21323,10
13.09895992,80.22055817,21323,21333,10
13.09910965,80.2197113,21333,21343,10
13.09918022,80.2193222,21343,21353,10
13.0992403,80.21884155,21353,21363,10
13.09936047,80.2181015,21363,21373,10
13.09951019,80.21736908,21373,21383,10
13.09978962,80.21646118,21383,21394,11
13.09988022,80.2159729,21394,21404,10
13.10000038,80.2157135,21404,21414,10
13.10015011,80.21536255,21414,21424,10
13.10027027,80.21469116,21424,21444,20
13.10027027,80.21469116,21444,21454,10
13.10025978,80.21459961,21454,21464,10
13.10000038,80.21444702,21464,21474,10
13.09974003,80.21437836,21474,21484,10
13.09928036,80.21427155,21484,21494,10
13.09875965,80.21405792,21494,21505,11
13.09838009,80.21431732,21505,21515,10
13.09805965,80.21504211,21515,21525,10
13.09772015,80.21589661,21525,21535,10
13.09743023,80.21662903,21535,21545,10
13.09739971,80.21669769,21545,21555,10
13.09733963,80.21675873,21555,21565,10
13.09720039,80.21710968,21565,21575,10
13.09694958,80.21784973,21575,21585,10
13.09667015,80.21874237,21585,21595,10
13.09634018,80.21967316,21595,21605,10
13.09601974,80.22058105,21605,21616,11
13.09574032,80.22142029,21616,21626,10
13.09547997,80.22221375,21626,21636,10
13.09539032,80.22245789,21636,21646,10
13.09531975,80.22260284,21646,21656,10
13.09517956,80.22296906,21656,21666,10
13.09479046,80.22361755,21666,21676,10
13.0942297,80.22438049,21676,21686,10
13.09370995,80.22502136,21686,21696,10
13.09305,80.2257309,21696,21706,10
13.09237957,80.2264328,21706,21716,10
13.09179974,80.22699738,21716,21726,10
13.09123993,80.2276001,21726,21747,21
13.09123993,80.2276001,21747,21757,10
13.09107971,80.22779846,21757,21767,10
13.09076023,80.22814178,21767,21777,10
13.09039021,80.22852325,21777,21793,16
13.08963013,80.22937775,21793,21805,12
13.08924961,80.23005676,21805,21813,8
13.08915043,80.2302475,21813,21825,12
13.08889961,80.23081207,21825,21835,10
13.08887005,80.23087311,21835,21846,11
13.08880997,80.23094177,21846,21856,10
13.08868027,80.23124695,21856,21865,9
13.08850002,80.23175812,21865,21876,11
13.08831024,80.23251343,21876,21886,10
13.08813,80.2333374,21886,21896,10
13.08802986,80.23416138,21896,21906,10
13.08742046,80.23448944,21906,21916,10
13.08619976,80.23442841,21916,21936,20
13.08619976,80.23442841,21936,21947,11
13.08576012,80.23433685,21947,21957,10
13.08510971,80.23419189,21957,21967,10
13.08438015,80.23403168,21967,21977,10
13.08364964,80.23390198,21977,21987,10
13.0831604,80.23381805,21987,21997,10
13.08236027,80.23364258,21997,22017,20
13.08236027,80.23364258,22017,22027,10
13.08226013,80.23361969,22027,22037,10
13.08185959,80.23355103,22037,22047,10
13.08121014,80.23352814,22047,22058,11
13.08047962,80.23352051,22058,22068,10
13.07950974,80.23355103,22068,22088,20
13.07950974,80.23355103,22088,22098,10
13.07921982,80.23355865,22098,22108,10
13.07876015,80.23355865,22108,22118,10
13.07812023,80.23358917,22118,22128,10
13.07738018,80.23365784,22128,22138,10
13.07680035,80.23374176,22138,22148,10
13.07627964,80.23384857,22148,22158,10
13.07600021,80.23390198,22158,22169,11
13.07594013,80.2338562,22169,22179,10
13.07584,80.23409271,22179,22189,10
13.07598972,80.23468018,22189,22199,10
13.07614994,80.23551941,22199,22209,10
13.07649994,80.23735046,22209,22237,28
13.07649994,80.23735046,22237,22247,10
13.07653999,80.23769379,22247,22257,10
13.07666969,80.23838806,22257,22267,10
13.07688999,80.23931885,22267,22277,10
13.07713985,80.24034119,22277,22288,11
13.07701969,80.2407608,22288,22298,10
13.07639027,80.24059296,22298,22308,10
13.07557964,80.24054718,22308,22318,10
13.0746603,80.24054718,22318,22327,9
13.07380009,80.24060059,22327,22338,11
13.07277012,80.24092102,22338,22348,10
13.07194996,80.24138641,22348,22358,10
13.07102966,80.24181366,22358,22368,10
13.07022953,80.24208069,22368,22378,10
13.07015991,80.24210358,22378,22389,11
13.07003975,80.24214172,22389,22399,10
13.06964016,80.24224854,22399,22409,10
13.06921959,80.24237823,22409,22419,10
13.06863976,80.24256134,22419,22429,10
13.0678196,80.24279785,22429,22439,10
13.0668602,80.24320221,22439,22449,10
13.06616974,80.24356842,22449,22459,10
13.0661602,80.24443817,22459,22469,10
13.06634045,80.2454834,22469,22479,10
13.06692982,80.24611664,22479,22489,10
13.06772995,80.24649811,22489,22500,11
13.06785965,80.24661255,22500,22510,10
13.06791973,80.24687195,22510,22520,10
13.06791973,80.24755859,22520,22530,10
13.06744003,80.24793243,22530,22540,10
13.06649971,80.24787903,22540,22550,10
13.06534004,80.24780273,22550,22560,10
13.06414986,80.24770355,22560,22570,10
13.06322002,80.24764252,22570,22580,10
13.06194973,80.24761963,22580,22590,10
13.06138039,80.24701691,22590,22600,10
13.0616703,80.24662018,22600,22611,11
13.06188965,80.24584961,22611,22621,10
13.06239986,80.24497986,22621,22631,10
13.06309986,80.24437714,22631,22641,10
13.06315041,80.24429321,22641,22651,10
13.06326962,80.244133,22651,22661,10
13.06346035,80.2436676,22661,22671,10
13.06311989,80.24344635,22671,22681,10
13.06239986,80.24331665,22681,22691,10
13.06161976,80.2431488,22691,22701,10
13.06081009,80.24297333,22701,22711,10
13.05996037,80.24266815,22711,22722,11
13.0590601,80.24253082,22722,22732,10
13.05881977,80.24256134,22732,22742,10
13.05856037,80.2425766,22742,22752,10
13.05809021,80.24268341,22752,22762,10
13.0573101,80.24278259,22762,22772,10
13.05661964,80.24263763,22772,22782,10
13.05603027,80.24236298,22782,22792,10
13.0552702,80.24228668,22792,22802,10
13.05438042,80.24236298,22802,22812,10
13.05373001,80.24220276,22812,22833,21
13.05373001,80.24220276,22833,22843,10
13.05356026,80.24211121,22843,22853,10
13.05317974,80.2419281,22853,22863,10
13.05274963,80.2417984,22863,22873,10
13.05233002,80.24140167,22873,22883,10
13.05206966,80.24098206,22883,22893,10
13.05187035,80.2407074,22893,22903,10
13.05158043,80.24064636,22903,22913,10
13.05117989,80.2405777,22913,22923,10
13.05101013,80.24053955,22923,22933,10
13.05041027,80.24041748,22933,22944,11
13.04948044,80.24021912,22944,22954,10
13.04862022,80.24004364,22954,22964,10
13.04778004,80.23988342,22964,22980,16
13.04627991,80.2395401,22980,22992,12
13.04627991,80.23916626,22992,23002,10
13.04636002,80.23860931,23002,23012,10
13.04656982,80.23766327,23012,23022,10
13.04681969,80.23664856,23022,23032,10
13.04693031,80.2361908,23032,23042,10
13.04701042,80.23587036,23042,23052,10
13.04703999,80.23577881,23052,23063,11
13.04703999,80.23535919,23063,23072,9
13.04712963,80.23468018,23072,23083,11
13.04724026,80.23368073,23083,23093,10
13.04728031,80.23312378,23093,23103,10
13.04695034,80.23303986,23103,23113,10
13.04625988,80.23290253,23113,23123,10
13.04547977,80.23274231,23123,23133,10
13.04520035,80.23268127,23133,23143,10
13.04473972,80.2325592,23143,23153,10
13.04393005,80.23240662,23153,23164,11
13.0429697,80.23232269,23164,23174,10
13.04218006,80.23232269,23174,23184,10
13.04127979,80.23213196,23184,23194,10
13.04034042,80.23179626,23194,23204,10
13.03948975,80.23156738,23204,23214,10
13.03864956,80.23135376,23214,23224,10
13.03777027,80.23108673,23224,23234,10
13.03701973,80.23085022,23234,23244,10
13.03676033,80.2307663,23244,23254,10
13.03627968,80.23062134,23254,23264,10
13.03547001,80.23040009,23264,23295,31
13.03547001,80.23040009,23295,23305,10
13.03532982,80.23033142,23305,23315,10
13.03493023,80.23027039,23315,23325,10
13.03456974,80.23032379,23325,23335,10
13.03407955,80.2304306,23335,23345,10
13.03382015,80.23042297,23345,23355,10
13.03347969,80.23043823,23355,23365,10
13.03341961,80.23045349,23365,23375,10
13.03316975,80.23046875,23375,23386,11
13.03279972,80.23049927,23386,23396,10
13.03229046,80.23053741,23396,23406,10
13.03151989,80.23062134,23406,23416,10
13.03077984,80.23069,23416,23426,10
13.03015041,80.2307663,23426,23436,10
13.02982044,80.23079681,23436,23446,10
13.02962017,80.23081207,23446,23456,10
13.02921963,80.23085785,23456,23466,10
13.0284996,80.23091888,23466,23476,10
13.02785969,80.23098755,23476,23486,10
13.02772999,80.23126221,23486,23497,11
13.02775002,80.23197174,23497,23506,9
13.02785015,80.23246765,23506,23517,11
13.02752018,80.23284149,23517,23527,10
13.02700996,80.23293304,23527,23557,30
13.02700996,80.23293304,23557,23567,10
13.02657032,80.23300171,23567,23577,10
13.02632999,80.23274994,23577,23587,10
13.02614975,80.23210144,23587,23597,10
13.02595043,80.23130035,23597,23608,11
13.02560043,80.23029327,23608,23618,10
13.02497959,80.22939301,23618,23628,10
13.02447033,80.22875214,23628,23638,10
13.0240202,80.22827911,23638,23648,10
13.02394962,80.22820282,23648,23657,9
13.02390957,80.22814941,23657,23668,11
13.02373028,80.22789764,23668,23678,10
13.02330971,80.22750854,23678,23688,10
13.02311993,80.22727966,23688,23698,10
13.02280998,80.22698212,23698,23708,10
13.02225971,80.22650146,23708,23719,11
13.02143955,80.22585297,23719,23729,10
13.02073956,80.22530365,23729,23739,10
13.02013969,80.22492218,23739,23749,10
13.01941013,80.22450256,23749,23759,10
13.01844978,80.224617,23759,23769,10
13.01745987,80.22502899,23769,23779,10
13.01653004,80.22541809,23779,23789,10
13.01574993,80.22569275,23789,23799,10
13.01463032,80.22614288,23799,23819,20
13.01463032,80.22614288,23819,23830,11
13.01432037,80.22624207,23830,23840,10
13.01381016,80.22644806,23840,23850,10
13.01313972,80.22672272,23850,23860,10
13.01228046,80.22705078,23860,23870,10
13.01134014,80.22743988,23870,23880,10
13.01031017,80.2278595,23880,23890,10
13.00938034,80.22827148,23890,23900,10
13.00907993,80.22917938,23900,23910,10
13.00883961,80.23023987,23910,23920,10
13.00862026,80.23139954,23920,23930,10
13.00839996,80.2325592,23930,23941,11
13.0082798,80.23348236,23941,23951,10
13.00827026,80.23356628,23951,23960,9
13.00817966,80.23378754,23960,23971,11
13.00804996,80.23435211,23971,23981,10
13.00784969,80.2352829,23981,23991,10
13.00763035,80.23635864,23991,24001,10
13.00739002,80.2375412,24001,24011,10
13.00720024,80.23867035,24011,24021,10
13.00693035,80.2400589,24021,24062,41
13.00693035,80.2400589,24062,24072,10
13.00685978,80.24047852,24072,24082,10
13.00683975,80.24066925,24082,24092,10
13.00683022,80.2408371,24092,24102,10
13.00675964,80.24141693,24102,24112,10
13.00673008,80.2423172,24112,24122,10
13.00667953,80.24330139,24122,24132,10
13.00669003,80.24427795,24132,24142,10
13.00667953,80.2453537,24142,24152,10
13.00671959,80.24638367,24152,24163,11
13.00675011,80.24723816,24163,24173,10
13.00673008,80.24777985,24173,24183,10
13.00675964,80.24861908,24183,24193,10
13.00685978,80.24936676,24193,24203,10
13.00687027,80.24951935,24203,24213,10
13.00687981,80.24958801,24213,24223,10
13.00687027,80.25003052,24223,24233,10
13.00685024,80.2507782,24233,24243,10
13.00681973,80.25145721,24243,24253,10
13.00671005,80.25193787,24253,24263,10
13.00660038,80.2527771,24263,24274,11
13.00660992,80.25401306,24274,24284,10
13.00664043,80.25485229,24284,24294,10
13.00662041,80.25495148,24294,24304,10
13.00662994,80.25543976,24304,24314,10
13.00664043,80.25626373,24314,24324,10
13.00667953,80.25715637,24324,24334,10
13.00642014,80.2575531,24334,24344,10
13.00590038,80.25740814,24344,24354,10
13.00520992,80.25726318,24354,24364,10
13.00450993,80.2571106,24364,24374,10
13.00374031,80.25695801,24374,24385,11
13.00284004,80.25678253,24385,24395,10
13.00197029,80.25662231,24395,24405,10
13.00127983,80.25653839,24405,24415,10
13.0005703,80.25643158,24415,24425,10
13.00035954,80.25639343,24425,24435,10
13.00016022,80.25634003,24435,24445,10
12.99958992,80.25624084,24445,24455,10
12.99897003,80.25610352,24455,24465,10
12.99847984,80.25601196,24465,24475,10
12.99835968,80.25598907,24475,24485,10
12.99798965,80.25596619,24485,24496,11
12.99789047,80.25598145,24496,24506,10
12.9975996,80.25595093,24506,24516,10
12.99730968,80.25592804,24516,24526,10
12.99697971,80.25598907,24526,24536,10
12.99691963,80.25640106,24536,24546,10
12.9968996,80.25665283,24546,24556,10
12.99689007,80.25672913,24556,24566,10
12.99685001,80.25715637,24566,24576,10
12.99676037,80.25788116,24576,24586,10
12.99666023,80.25875854,24586,24596,10
12.99652004,80.25984955,24596,24607,11
12.99641991,80.26107025,24607,24617,10
12.99631977,80.26199341,24617,24627,10
12.99627018,80.26238251,24627,24637,10
12.99625015,80.26239777,24637,24647,10
12.9962101,80.26274872,24647,24657,10
12.99617958,80.26328278,24657,24667,10
12.99610996,80.26399231,24667,24677,10
12.99598026,80.26490784,24677,24687,10
12.99588013,80.26596069,24687,24697,10
12.99575996,80.26703644,24697,24707,10
12.99613953,80.2677002,24707,24738,31
12.99613953,80.2677002,24738,24748,10
12.99629974,80.2677536,24748,24758,10
12.9969101,80.26773834,24758,24768,10
12.99771976,80.26751709,24768,24778,10
12.99849987,80.26727295,24778,24788,10
12.99936962,80.26702118,24788,24798,10
13.00000954,80.26672363,24798,24808,10
13.00006962,80.26663971,24808,24818,10
13.00014019,80.2665329,24818,24829,11
13.00026035,80.26574707,24829,25555,726
13.0004797,80.26598358,25555,25979,424
13.0004797,80.26598358,25979,25989,10
13.00037956,80.26608276,25989,26029,40
13.00037956,80.26608276,26029,26040,11
13.00032997,80.26654053,26040,26050,10
13.00028992,80.26677704,26050,26060,10
12.99995995,80.26689148,26060,26070,10
12.99954987,80.26699066,26070,26080,10
12.99895,80.26714325,26080,26090,10
12.99833965,80.26734161,26090,26100,10
12.99771976,80.26751709,26100,26110,10
12.99687958,80.26769257,26110,26120,10
12.99596977,80.2677002,26120,26130,10
12.99573994,80.26753998,26130,26140,10
12.99573994,80.26751709,26140,26151,11
12.9957304,80.26735687,26151,26161,10
12.99578953,80.26677704,26161,26171,10
12.99586964,80.26593781,26171,26181,10
12.9959898,80.2649231,26181,26191,10
12.99610043,80.26396179,26191,26207,16
12.99619961,80.26287842,26207,26219,12
12.99623013,80.26251984,26219,26229,10
12.99625969,80.26239777,26229,26239,10
12.99631977,80.26197052,26239,26249,10
12.99641037,80.26127625,26249,26259,10
12.99650002,80.26033783,26259,26270,11
12.99658012,80.25945282,26270,26280,10
12.99658012,80.25930023,26280,26289,9
12.99662018,80.25885773,26289,26300,11
12.99670029,80.25795746,26300,26309,9
12.99682045,80.25705719,26309,26320,11
12.9969101,80.25601196,26320,26360,40
12.9969101,80.25601196,26360,26370,10
12.99691963,80.25592041,26370,26381,11
12.99719048,80.25578308,26381,26391,10
12.99779034,80.25585175,26391,26401,10
12.99876976,80.25598145,26401,26431,30
12.99876976,80.25598145,26431,26441,10
12.99911976,80.25605011,26441,26451,10
12.99965,80.25615692,26451,26461,10
13.00037956,80.25631714,26461,26471,10
13.00105,80.25643158,26471,26482,11
13.00107956,80.25643921,26482,26491,9
13.00115967,80.25644684,26491,26502,11
13.00158024,80.25653839,26502,26512,10
13.00222969,80.25665283,26512,26522,10
13.00312042,80.25682068,26522,26532,10
13.00395966,80.2569809,26532,26542,10
13.00494003,80.25717163,26542,26551,9
13.00572014,80.25730133,26551,26562,11
13.00652027,80.25740814,26562,26572,10
13.00658035,80.25694275,26572,26582,10
13.00654984,80.25624847,26582,26592,10
13.00654984,80.25505066,26592,26603,11
13.00652981,80.25312042,26603,26623,20
13.00652981,80.25312042,26623,26633,10
13.00652027,80.25283051,26633,26643,10
13.00667,80.25180054,26643,26704,61
13.00667,80.25180054,26704,26714,10
13.00673962,80.25138855,26714,26724,10
13.00681019,80.25083923,26724,26734,10
13.00677967,80.24996185,26734,26744,10
13.00675011,80.24913788,26744,26754,10
13.00673962,80.24900818,26754,26764,10
13.00669956,80.24852753,26764,26774,10
13.00664043,80.24749756,26774,26855,81
13.00664043,80.24749756,26855,26865,10
13.00666046,80.24716949,26865,26875,10
13.00658989,80.24658966,26875,26885,10
13.00660038,80.24652863,26885,26895,10
13.00664043,80.24643707,26895,26905,10
13.00666046,80.24594116,26905,26915,10
13.00667,80.24520874,26915,26925,10
13.00666046,80.24446869,26925,26936,11
13.00664043,80.24359131,26936,26946,10
13.00660038,80.24275208,26946,26956,10
13.00656986,80.24182892,26956,26966,10
13.00656986,80.24169922,26966,26976,10
13.00658035,80.24136353,26976,26986,10
13.00667953,80.24078369,26986,26996,10
13.00687981,80.24006653,26996,27006,10
13.00702,80.23930359,27006,27016,10
13.00726032,80.23792267,27016,27026,10
13.00739956,80.2370224,27026,27037,11
13.00741959,80.23680878,27037,27047,10
13.00747967,80.23661804,27047,27057,10
13.00761032,80.23609161,27057,27067,10
13.00776958,80.23532104,27067,27077,10
13.00796032,80.23433685,27077,27087,10
13.00817966,80.23317719,27087,27097,10
13.00841999,80.23194122,27097,27107,10
13.00864983,80.23068237,27107,27117,10
13.00887966,80.22944641,27117,27127,10
13.00914955,80.22824097,27127,27136,9
13.00957012,80.22724152,27136,27146,10
13.01008987,80.22611237,27146,27158,12
13.01070976,80.22480011,27158,27168,10
13.01113987,80.22379303,27168,27178,10
13.0114603,80.22312164,27178,27188,10
13.01181984,80.222229,27188,27198,10
13.01210976,80.22149658,27198,27208,10
13.01241016,80.22145081,27208,27218,10
13.01280022,80.22205353,27218,27228,10
13.01333046,80.22270203,27228,27238,10
13.01403999,80.22351074,27238,27248,10
13.01474953,80.22437286,27248,27258,10
13.01535988,80.22486877,27258,27279,21
13.01535988,80.22486877,27279,27289,10
13.01554012,80.22498322,27289,27299,10
13.01599026,80.22535706,27299,27309,10
13.01677036,80.22525787,27309,27319,10
13.01776028,80.2248764,27319,27329,10
13.0188303,80.22445679,27329,27339,10
13.01968002,80.22454834,27339,27349,10
13.02029037,80.22493744,27349,27359,10
13.02093983,80.22538757,27359,27375,16
13.02178001,80.2260437,27375,27388,13
13.02210045,80.22625732,27388,27408,20
13.02210045,80.22625732,27408,27418,10
13.02213001,80.22631073,27418,27428,10
13.02243042,80.22657776,27428,27437,9
13.02270985,80.2268219,27437,27448,11
13.02340031,80.22746277,27448,27458,10
13.02412033,80.2281723,27458,27468,10
13.02462006,80.22884369,27468,27478,10
13.02501965,80.22937012,27478,27490,12
13.02562046,80.2301712,27490,27500,10
13.02600002,80.23098755,27500,27510,10
13.02622032,80.23135376,27510,27520,10
13.02670956,80.23121643,27520,27530,10
13.0274601,80.23104858,27530,27540,10
13.02853012,80.23088074,27540,27560,20
13.02853012,80.23088074,27560,27570,10
13.02898026,80.23085785,27570,27580,10
13.02945042,80.23084259,27580,27590,10
13.02989006,80.23078918,27590,27601,11
13.03061962,80.23072815,27601,27611,10
13.03094959,80.23069763,27611,27621,10
13.03157043,80.23065186,27621,27631,10
13.0323801,80.23058319,27631,27641,10
13.03337002,80.2305069,27641,27651,10
13.03405952,80.23046112,27651,27661,10
13.03439999,80.23040009,27661,27691,30
13.03439999,80.23040009,27691,27701,10
13.03460026,80.2303772,27701,27712,11
13.03485966,80.2303009,27712,27772,60
13.03485966,80.2303009,27772,27782,10
13.03503036,80.23027039,27782,27792,10
13.03514957,80.23040009,27792,27802,10
13.03499985,80.23075867,27802,27812,10
13.03493977,80.23143005,27812,27823,11
13.03483963,80.23217773,27823,27833,10
13.03470993,80.233078,27833,27843,10
13.03460026,80.23384857,27843,27853,10
13.03448009,80.23487854,27853,27863,10
13.0343504,80.23596954,27863,27873,10
13.0342598,80.23699951,27873,27883,10
13.03439999,80.23737335,27883,27893,10
13.03442955,80.23745728,27893,27903,10
13.03454018,80.23767853,27903,27913,10
13.0348196,80.23812866,27913,27923,10
13.03522015,80.23882294,27923,27934,11
13.03579998,80.23938751,27934,27944,10
13.03670025,80.23950195,27944,27954,10
13.0377903,80.23963165,27954,27970,16
13.03952026,80.23982239,27970,27982,12
13.04028988,80.23992157,27982,27992,10
13.04036045,80.24021149,27992,28001,9
13.0406599,80.2405014,28001,28011,10
13.04111004,80.24057007,28011,28022,11
13.04121971,80.24060059,28022,28032,10
13.04162025,80.24064636,28032,28042,10
13.04232025,80.2407608,28042,28052,10
13.0433197,80.2408905,28052,28063,11
13.04424,80.2408371,28063,28073,10
13.04496002,80.24034882,28073,28083,10
13.04545021,80.24001312,28083,28093,10
13.0459404,80.23967743,28093,28103,10
13.04646015,80.23957825,28103,28123,20
13.04646015,80.23957825,28123,28133,10
13.04666042,80.23964691,28133,28143,10
13.04720974,80.23976898,28143,28154,11
13.04810047,80.23995209,28154,28164,10
13.04905987,80.24015808,28164,28174,10
13.04994011,80.24033356,28174,28184,10
13.05060959,80.24047089,28184,28194,10
13.05107975,80.24057007,28194,28204,10
13.05109978,80.24057007,28204,28214,10
13.05134964,80.24060822,28214,28224,10
13.05191994,80.24073029,28224,28234,10
13.0525198,80.24111176,28234,28244,10
13.05282974,80.24175262,28244,28254,10
13.05346012,80.24201965,28254,28265,11
13.05393982,80.24221802,28265,28285,20
13.05393982,80.24221802,28285,28295,10
13.05405998,80.24224854,28295,28305,10
13.05443954,80.24234009,28305,28315,10
13.05523968,80.24224091,28315,28325,10
13.05609035,80.24243927,28325,28335,10
13.05663013,80.24265289,28335,28345,10
13.05700016,80.24272156,28345,28355,10
13.05757999,80.24279785,28355,28365,10
13.05776024,80.24278259,28365,28376,11
13.05795956,80.2427597,28376,28386,10
13.05846977,80.24265289,28386,28396,10
13.05912971,80.24250031,28396,28406,10
13.05980015,80.24263,28406,28416,10
13.06056023,80.2428894,28416,28426,10
13.06112957,80.24308014,28426,28436,10
13.06177998,80.24321747,28436,28446,10
13.0625,80.24334717,28446,28456,10
13.06252956,80.24334717,28456,28466,10
13.06276989,80.2434082,28466,28482,16
13.06377983,80.24350739,28482,28495,13
13.06476021,80.2435379,28495,28505,10
13.06532001,80.24356079,28505,28515,10
13.0657196,80.24356842,28515,28525,10
13.06618977,80.24346161,28525,28535,10
13.0666399,80.24330139,28535,28545,10
13.06717968,80.24308777,28545,28555,10
13.06779003,80.24282074,28555,28565,10
13.06853962,80.24259949,28565,28575,10
13.06925011,80.2423172,28575,28585,10
13.0698204,80.24215698,28585,28606,21
13.0698204,80.24215698,28606,28616,10
13.06995964,80.2421875,28616,28626,10
13.07011986,80.24214172,28626,28636,10
13.07050037,80.24204254,28636,28646,10
13.07108974,80.24185944,28646,28656,10
13.07192993,80.24147797,28656,28666,10
13.07258987,80.24104309,28666,28676,10
13.07369041,80.24066925,28676,28686,10
13.07470036,80.24053192,28686,28696,10
13.07586956,80.2405014,28696,28707,11
13.07691956,80.24060822,28707,28717,10
13.07715988,80.24030304,28717,28727,10
13.07697964,80.23960114,28727,28737,10
13.07678032,80.23880768,28737,28747,10
13.07666969,80.2383728,28747,28787,40
13.07666969,80.2383728,28787,28797,10
13.07664013,80.23822021,28797,28807,10
13.07658005,80.23789978,28807,28818,11
13.07647991,80.23753357,28818,28838,20
13.07647991,80.23753357,28838,28848,10
13.07645035,80.23731232,28848,28858,10
13.07631016,80.23677063,28858,28868,10
13.07621002,80.23599243,28868,28878,10
13.07602024,80.23504639,28878,28888,10
13.07581997,80.23412323,28888,28898,10
13.0761404,80.23381805,28898,28908,10
13.07686996,80.23370361,28908,28929,21
13.07686996,80.23370361,28929,28939,10
13.07746983,80.23361969,28939,28949,10
13.07816982,80.23358154,28949,28959,10
13.07896996,80.23355103,28959,28969,10
13.07946968,80.2335434,28969,28979,10
13.08010006,80.23352051,28979,28989,10
13.08026981,80.23352814,28989,28999,10
13.08038998,80.2335434,28999,29009,10
13.08073997,80.23355103,29009,29019,10
13.08148003,80.23358154,29019,29029,10
13.0819397,80.23355865,29029,29040,11
13.08201981,80.23322296,29040,29050,10
13.08213997,80.23258209,29050,29060,10
13.08240032,80.23178864,29060,29070,10
13.08273029,80.23097229,29070,29080,10
13.08277988,80.23085785,29080,29090,10
13.08279991,80.23079681,29090,29100,10
13.08304024,80.23068237,29100,29110,10
13.08318043,80.23114777,29110,29120,10
13.08321953,80.23195648,29120,29130,10
13.08333969,80.23281097,29130,29140,10
13.08349037,80.23358917,29140,29151,11
13.08355999,80.23384094,29151,29161,10
13.08401966,80.23396301,29161,29181,20
13.08401966,80.23396301,29181,29191,10
13.08419991,80.23400116,29191,29201,10
13.08463001,80.23410797,29201,29211,10
13.08528042,80.23426819,29211,29221,10
13.08605003,80.23445129,29221,29231,10
13.08683014,80.23458099,29231,29241,10
13.08773994,80.23448181,29241,29251,10
13.08798027,80.2338028,29251,29262,11
13.08815956,80.23277283,29262,29272,10
13.08839989,80.23181915,29272,29282,10
13.08864975,80.23111725,29282,29292,10
13.08887959,80.23058319,29292,29302,10
13.08889008,80.2305603,29302,29312,10
13.08891964,80.23047638,29312,29322,10
13.08911991,80.23007202,29322,29332,10
13.08950043,80.22940826,29332,29342,10
13.09014988,80.22866821,29342,29352,10
13.09090042,80.2278595,29352,29362,10
13.09140968,80.22728729,29362,29373,11
13.09142971,80.22727203,29373,29383,10
13.09162998,80.2270813,29383,29393,10
13.09202957,80.22663879,29393,29403,10
13.09259987,80.22605133,29403,29413,10
13.09319973,80.22544098,29413,29423,10
13.09331036,80.2253418,29423,29433,10
13.09358025,80.22502899,29433,29443,10
13.09401989,80.22444916,29443,29453,10
13.09465027,80.22360992,29453,29463,10
13.09519958,80.22260284,29463,29473,10
13.09560966,80.22154236,29473,29484,11
13.09601021,80.22042084,29484,29494,10
13.09626007,80.21965027,29494,29504,10
13.09630013,80.21956635,29504,29514,10
13.09640026,80.21929932,29514,29524,10
13.09648037,80.21907806,29524,29534,10
13.09665966,80.2186203,29534,29544,10
13.09689045,80.21790314,29544,29554,10
13.09720039,80.21704102,29554,29564,10
13.09751987,80.21626282,29564,29574,10
13.09796047,80.21521759,29574,29585,11
13.09838009,80.21421814,29585,29595,10
13.09867001,80.21396637,29595,29605,10
13.09875965,80.21401215,29605,29615,10
13.09918022,80.2142334,29615,29625,10
13.09978008,80.21439362,29625,29635,10
13.10027981,80.21453857,29635,29665,30
13.10027981,80.21453857,29665,29675,10
13.10033989,80.21459198,29675,29685,10
13.1005497,80.21466064,29685,29696,11
13.10066032,80.21478271,29696,29706,10
13.10044003,80.21524811,29706,29716,10
13.10015965,80.21585846,29716,29726,10
13.09996986,80.21604156,29726,29736,10
13.10002995,80.21572876,29736,29746,10
13.10011959,80.21546173,29746,29756,10
13.10031986,80.21502686,29756,29807,51
13.10031033,80.21488953,29807,30150,343
13.10031033,80.21504211,30150,30483,333
13.10025978,80.21489716,30483,30795,312
13.10025978,80.21489716,30795,30805,10
13.10029984,80.21473694,30805,30816,11
13.1002903,80.21459961,30816,30826,10
13.10011959,80.21443176,30826,30836,10
13.09988022,80.21439362,30836,30846,10
13.09943962,80.21430206,30846,30856,10
13.09864044,80.21401978,30856,30896,40
13.09864044,80.21401978,30896,30906,10
13.09842968,80.21408081,30906,30916,10
13.0982399,80.21453857,30916,30927,11
13.09792042,80.215271,30927,30937,10
13.09759998,80.21604156,30937,30947,10
13.09733009,80.21675873,30947,30967,20
13.09733009,80.21675873,30967,30977,10
13.09724045,80.21695709,30977,30987,10
13.09708023,80.21743011,30987,30997,10
13.09681988,80.21817017,30997,31007,10
13.09652996,80.21906281,31007,31017,10
13.09619999,80.22000122,31017,31027,10
13.09584999,80.22097015,31027,31038,11
13.09558964,80.22180176,31038,31048,10
13.09537983,80.22247314,31048,31058,10
13.09535027,80.22251892,31058,31068,10
13.09531021,80.22257233,31068,31078,10
13.09517956,80.22290039,31078,31088,10
13.0948801,80.22348022,31088,31098,10
13.09442043,80.22416687,31098,31108,10
13.09391022,80.2248764,31108,31118,10
13.09342003,80.22544861,31118,31128,10
13.09276962,80.22608948,31128,31144,16
13.09173012,80.22717285,31144,31157,13
13.09117985,80.22773743,31157,31187,30
13.09117985,80.22773743,31187,31197,10
13.09103966,80.22786713,31197,31207,10
13.09078979,80.22814178,31207,31217,10
13.09039021,80.22855377,31217,31227,10
13.08987045,80.22913361,31227,31237,10
13.08938026,80.22982788,31237,31247,10
13.08917046,80.23023224,31247,31257,10
13.08905029,80.23046875,31257,31268,11
13.08880997,80.23098755,31268,31298,30
13.08880997,80.23098755,31298,31308,10
13.08872032,80.23114777,31308,31318,10
13.08862972,80.2313385,31318,31327,9
13.08852959,80.23162079,31327,31337,10
13.08837032,80.2322464,31337,31439,102
13.08837032,80.2322464,31439,31449,10
13.08829021,80.23243713,31449,31459,10
13.08817959,80.23290253,31459,31469,10
13.08804989,80.2335968,31469,31479,10
13.08792019,80.23432922,31479,31490,11
13.08726978,80.23458862,31490,31500,10
13.08675957,80.23458099,31500,31510,10
13.0855999,80.23432922,31510,31530,20
13.0855999,80.23432922,31530,31540,10
13.08545017,80.23429871,31540,31550,10
13.0850296,80.23419952,31550,31560,10
13.08442974,80.23403931,31560,31570,10
13.08374977,80.2339325,31570,31591,21
13.08374977,80.2339325,31591,31601,10
13.08360004,80.23396301,31601,31611,10
13.08321953,80.2338562,31611,31621,10
13.0828104,80.23377228,31621,31631,10
13.0822897,80.2336731,31631,31651,20
13.0822897,80.2336731,31651,31661,10
13.08218956,80.2335968,31661,31671,10
13.08180046,80.23358917,31671,31681,10
13.08111954,80.23355103,31681,31691,10
13.08047962,80.23356628,31691,31701,10
13.07946968,80.23355865,31701,31722,21
13.07946968,80.23355865,31722,31732,10
13.07931995,80.23355103,31732,31742,10
13.07892036,80.23355865,31742,31752,10
13.07831955,80.23358917,31752,31762,10
13.07758999,80.2336731,31762,31772,10
13.07672024,80.23377991,31772,31782,10
13.07606983,80.23387909,31782,31802,20
13.07606983,80.23387909,31802,31812,10
13.07584,80.2338562,31812,31823,11
13.07594967,80.23445129,31823,31833,10
13.07610989,80.23519135,31833,31843,10
13.07629013,80.2360611,31843,31853,10
13.07653046,80.23731995,31853,31883,30
13.07653046,80.23731995,31883,31893,10
13.07653046,80.23745728,31893,31903,10
13.07662964,80.23795319,31903,31913,10
13.07676983,80.23867798,31913,31923,10
13.07693958,80.23937988,31923,31934,11
13.07724953,80.2405014,31934,31954,20
13.07724953,80.2405014,31954,31970,16
13.07736015,80.24105835,31970,31982,12
13.07750988,80.24189758,31982,31990,8
13.0776701,80.24256134,31990,32002,12
13.07781982,80.24368286,32002,32012,10
13.07781029,80.24447632,32012,32022,10
13.0778904,80.24520111,32022,32032,10
13.07796001,80.24610138,32032,32043,11
13.07816982,80.24726105,32043,32053,10
13.07837963,80.24838257,32053,32063,10
13.07863998,80.24939728,32063,32073,10
13.07866001,80.25034332,32073,32082,9
13.07851982,80.25092316,32082,32093,11
13.07859993,80.25160217,32093,32103,10
13.07818985,80.25171661,32103,32113,10
13.07763004,80.25180054,32113,32123,10
13.07689953,80.25193787,32123,32132,9
13.07631969,80.25222778,32132,32143,11
13.07544041,80.25216675,32143,32154,11
13.07464027,80.25219727,32154,32164,10
13.07411003,80.25225067,32164,32174,10
13.07365036,80.25241852,32174,32184,10
13.07297039,80.25238037,32184,32194,10
13.0723896,80.25219727,32194,32204,10
13.07213974,80.25154114,32204,32214,10
13.07194042,80.25074768,32214,32224,10
13.07162952,80.24980164,32224,32234,10
13.07141018,80.24865723,32234,32244,10
13.07108021,80.24755096,32244,32254,10
13.07059002,80.24651337,32254,32265,11
13.07005024,80.24533081,32265,32274,9
13.06966972,80.24436188,32274,32285,11
13.06937027,80.24346161,32285,32305,20
13.06937027,80.24346161,32305,32315,10
13.06935978,80.24337769,32315,32325,10
13.06925011,80.24304962,32325,32335,10
13.06906033,80.24256897,32335,32345,10
13.06842995,80.24260712,32345,32355,10
13.06768036,80.24284363,32355,32365,10
13.06690025,80.24320221,32365,32376,11
13.06614017,80.24371338,32376,32386,10
13.06616974,80.24459076,32386,32396,10
13.06632996,80.24546814,32396,32406,10
13.06678009,80.24607086,32406,32416,10
13.06787014,80.24664307,32416,32436,20
13.06787014,80.24664307,32436,32446,10
13.06789017,80.24668121,32446,32456,10
13.06793976,80.24704742,32456,32466,10
13.06787014,80.24770355,32466,32476,10
13.06744957,80.24783325,32476,32486,10
13.06655979,80.24784851,32486,32497,11
13.06546021,80.24784088,32497,32507,10
13.06429958,80.24770355,32507,32517,10
13.06319046,80.247612,32517,32527,10
13.06210041,80.24759674,32527,32537,10
13.06142998,80.24717712,32537,32547,10
13.06161022,80.24671936,32547,32557,10
13.06188965,80.24607849,32557,32567,10
13.06217003,80.24520111,32567,32577,10
13.06324005,80.24421692,32577,32608,31
13.06324005,80.24421692,32608,32618,10
13.06340981,80.2438736,32618,32628,10
13.06332016,80.24349976,32628,32638,10
13.0627203,80.24337769,32638,32648,10
13.06200027,80.24323273,32648,32658,10
13.06120968,80.24308777,32658,32668,10
13.06044006,80.24284363,32668,32678,10
13.05965042,80.24259949,32678,32694,16
13.05867958,80.2425766,32694,32717,23
13.05867958,80.2425766,32717,32726,9
13.05850983,80.24260712,32726,32736,10
13.05819035,80.24269867,32736,32747,11
13.05753994,80.24279022,32747,32757,10
13.05716038,80.24279785,32757,32767,10
13.05677986,80.24269867,32767,32777,10
13.05622959,80.24243164,32777,32787,10
13.05550957,80.24221802,32787,32797,10
13.05461979,80.24236298,32797,32807,10
13.05391026,80.24227905,32807,32838,31
13.05391026,80.24227905,32838,32848,10
13.05360031,80.24211884,32848,32858,10
13.05311966,80.24192047,32858,32868,10
13.05249977,80.24160767,32868,32878,10
13.05218983,80.2410965,32878,32888,10
13.05200958,80.2408371,32888,32898,10
13.05187035,80.24073029,32898,32908,10
13.05165958,80.24066162,32908,32918,10
13.05113029,80.24057007,32918,32928,10
13.0508604,80.24053192,32928,32939,11
13.05080032,80.24050903,32939,32949,10
13.05039024,80.24041748,32949,32959,10
13.04971027,80.24024963,32959,32969,10
13.0488596,80.24005127,32969,32979,10
13.04800987,80.23989105,32979,32989,10
13.04749966,80.23977661,32989,32999,10
13.04683971,80.23966217,32999,33009,10
13.04625988,80.23944855,33009,33019,10
13.04636002,80.23899841,33019,33035,16
13.04658985,80.23783112,33035,33047,12
13.04677963,80.23681641,33047,33058,11
13.04695988,80.23616028,33058,33068,10
13.04701996,80.23573303,33068,33078,10
13.04703999,80.23552704,33078,33088,10
13.04710007,80.23500824,33088,33098,10
13.0472002,80.23430634,33098,33107,9
13.04732037,80.2334137,33107,33118,11
13.04712963,80.23303223,33118,33128,10
13.04662037,80.23290253,33128,33138,10
13.04586029,80.23277283,33138,33149,11
13.04520988,80.23265076,33149,33170,21
13.04520988,80.23265076,33170,33180,10
13.04479027,80.23256683,33180,33190,10
13.04411983,80.23245239,33190,33200,10
13.04339981,80.23233032,33200,33210,10
13.04267979,80.23230743,33210,33220,10
13.04195023,80.23227692,33220,33230,10
13.0411396,80.23210144,33230,33240,10
13.04018021,80.23174286,33240,33250,10
13.03909016,80.23149109,33250,33260,10
13.03810024,80.23117828,33260,33271,11
13.03703022,80.23085022,33271,33281,10
13.03672981,80.2307663,33281,33291,10
13.03666973,80.23075867,33291,33301,10
13.03631973,80.23062897,33301,33311,10
13.03540993,80.23040009,33311,33341,30
13.03540993,80.23040009,33341,33351,10
13.03526974,80.2303772,33351,33361,10
13.03485966,80.23033905,33361,33371,10
13.0343504,80.23040771,33371,33381,10
13.03380013,80.2304306,33381,33392,11
13.03343964,80.23043823,33392,33408,16
13.03335953,80.2303772,33408,33420,12
13.03277016,80.23043823,33420,33430,10
13.03217983,80.23052216,33430,33440,10
13.03125954,80.23059845,33440,33450,10
13.03083038,80.23065948,33450,33460,10
13.03046989,80.23069763,33460,33470,10
13.02997017,80.2307663,33470,33480,10
13.02980042,80.2308197,33480,33490,10
13.02974987,80.23084259,33490,33501,11
13.0294199,80.23088837,33501,33511,10
13.02888012,80.23091888,33511,33521,10
13.02820015,80.23101807,33521,33531,10
13.02779961,80.23108673,33531,33541,10
13.02775002,80.23153687,33541,33551,10
13.02779961,80.2321167,33551,33561,10
13.02789021,80.23269653,33561,33571,10
13.02744961,80.23282623,33571,33581,10
13.02731037,80.23287201,33581,33591,10
13.02721977,80.23291016,33591,33601,10
13.02700996,80.23291779,33601,33612,11
13.02680016,80.2329483,33612,33622,10
13.02647018,80.23287201,33622,33632,10
13.02624035,80.2322998,33632,33648,16
13.02583027,80.23079681,33648,33660,12
13.02507973,80.22956848,33660,33670,10
13.02466011,80.22905731,33670,33690,20
13.02466011,80.22905731,33690,33700,10
13.02460957,80.22895813,33700,33710,10
13.0243597,80.2286377,33710,33720,10
13.02396011,80.22821808,33720,33741,21
13.02396011,80.22821808,33741,33751,10
13.02394009,80.22814941,33751,33761,10
13.02375984,80.2279129,33761,33771,10
13.02342033,80.22756195,33771,33781,10
13.02291012,80.22709656,33781,33791,10
13.02225018,80.22650909,33791,33801,10
13.02143955,80.22583771,33801,33811,10
13.02070045,80.22528076,33811,33821,10
13.0202198,80.22492981,33821,33831,10
13.01990986,80.22471619,33831,33842,11
13.01914024,80.22442627,33842,33852,10
13.01815987,80.22470856,33852,33862,10
13.01721954,80.22509766,33862,33872,10
13.01638985,80.22544861,33872,33882,10
13.01593971,80.2256012,33882,33892,10
13.01525974,80.22585297,33892,33902,10
13.0142498,80.22627258,33902,33922,20
13.0142498,80.22627258,33922,33932,10
13.01410961,80.22633362,33932,33942,10
13.0136404,80.22650146,33942,33953,11
13.01284027,80.22680664,33953,33963,10
13.01194,80.22715759,33963,33973,10
13.01089001,80.22757721,33973,33989,16
13.0093298,80.22827911,33989,34001,12
13.0089798,80.22943115,34001,34010,9
13.00876999,80.23046875,34010,34021,11
13.00854969,80.23174286,34021,34031,10
13.00833988,80.23287201,34031,34041,10
13.00825024,80.23356628,34041,34051,10
13.00825024,80.23358154,34051,34062,11
13.00815964,80.2338028,34062,34071,9
13.00806999,80.23423004,34071,34081,10
13.00792027,80.23497772,34081,34093,12
13.00771046,80.23607635,34093,34103,10
13.00751972,80.23709869,34103,34113,10
13.0073204,80.23809814,34113,34123,10
13.00720978,80.23879242,34123,34133,10
13.00704956,80.23966217,34133,34143,10
13.00691032,80.24051666,34143,34153,10
13.0068903,80.24063873,34153,34163,10
13.00683975,80.2407608,34163,34174,11
13.00677013,80.24128723,34174,34184,10
13.00677013,80.24210358,34184,34194,10
13.00677013,80.24304199,34194,34204,10
13.00675011,80.24391174,34204,34214,10
13.00673962,80.24472809,34214,34224,10
13.00673962,80.24542236,34224,34234,10
13.00679016,80.24607086,34234,34244,10
13.00679016,80.24636078,34244,34254,10
13.00681019,80.24674225,34254,34264,10
13.00675964,80.24736023,34264,34273,9
13.00675011,80.24804688,34273,34285,12
13.00689983,80.24945831,34285,34305,20
13.00689983,80.24945831,34305,34315,10
13.00689983,80.24958038,34315,34325,10
13.00687981,80.25006104,34325,34335,10
13.00685978,80.25076294,34335,34345,10
13.00683975,80.25150299,34345,34396,51
13.00683975,80.25150299,34396,34406,10
13.00673962,80.25190735,34406,34416,10
13.00662041,80.25253296,34416,34426,10
13.00660038,80.25343323,34426,34442,16
13.00664997,80.25492096,34442,34464,22
13.00664997,80.25492096,34464,34474,10
13.00662041,80.25511169,34474,34484,10
13.00662041,80.25578308,34484,34494,10
13.00664997,80.25695801,34494,34525,31
13.00664997,80.25695801,34525,34535,10
13.00667953,80.25704956,34535,34545,10
13.00669956,80.25733948,34545,34555,10
13.00660992,80.2575531,34555,34565,10
13.00631046,80.25756836,34565,34575,10
13.00625992,80.25753021,34575,34585,10
13.00590038,80.25739288,34585,34595,10
13.00553989,80.25736237,34595,34605,10
13.00508022,80.25721741,34605,34615,10
13.00452042,80.2571106,34615,34626,11
13.00399971,80.25700378,34626,34636,10
13.00360966,80.25691223,34636,34646,10
13.00341034,80.25686646,34646,34656,10
13.00329018,80.2568512,34656,34666,10
13.00304985,80.25679779,34666,34676,10
13.00279999,80.25673676,34676,34686,10
13.00251961,80.25669861,34686,34696,10
13.00185966,80.25659943,34696,34757,61
13.00185966,80.25659943,34757,34767,10
13.00160027,80.25657654,34767,34777,10
13.00115967,80.25652313,34777,34787,10
13.00012016,80.25634003,34787,34807,20
13.00012016,80.25634003,34807,34817,10
13.0,80.25628662,34817,34827,10
12.99958038,80.25623322,34827,34837,10
12.99925041,80.25614166,34837,34848,11
12.99870014,80.25602722,34848,34858,10
12.99833965,80.25596619,34858,34868,10
12.99757004,80.25592804,34868,34904,36
12.99757004,80.25592804,34904,34916,12
12.99720955,80.25592041,34916,34924,8
12.99699974,80.25602722,34924,34936,12
12.9969101,80.25660706,34936,34946,10
12.9969101,80.25686646,34946,34956,10
12.9968996,80.2569809,34956,34967,11
12.99683952,80.25756073,34967,34977,10
12.99676991,80.25837708,34977,34987,10
12.99666977,80.25926208,34987,34997,10
12.99654961,80.26019287,34997,35007,10
12.99643993,80.26120758,35007,35017,10
12.99639988,80.26161194,35017,35027,10
12.99631977,80.26228333,35027,35047,20
12.99631977,80.26228333,35047,35057,10
12.99625969,80.26274872,35057,35068,11
12.9962101,80.26329803,35068,35078,10
12.99613953,80.26399994,35078,35088,10
12.99606037,80.26476288,35088,35098,10
12.99600983,80.26513672,35098,35108,10
12.9959898,80.26541138,35108,35118,10
12.99590969,80.26615906,35118,35128,10
12.99577999,80.26715851,35128,35138,10
12.99580002,80.26764679,35138,35148,10
12.99613953,80.26767731,35148,35158,10
12.99615002,80.26769257,35158,35168,10
12.99621964,80.26770782,35168,35179,11
12.99674034,80.26776123,35179,35189,10
12.99750042,80.2675705,35189,35199,10
12.99827957,80.26734924,35199,35209,10
12.99894047,80.26715088,35209,35219,10
12.99973965,80.26687622,35219,35229,10
13.00006962,80.26663208,35229,35239,10
13.00010014,80.26654816,35239,35249,10
13.00018024,80.26609039,35249,35259,10
13.00022984,80.26571655,35259,35269,10
13.00034046,80.26577759,35269,35279,10
13.00024033,80.26622009,35279,35622,343
13.00020027,80.26657104,35622,35643,21
13.00020027,80.26657104,35643,35653,10
13.00028992,80.26670074,35653,35663,10
13.00010014,80.26692963,35663,35673,10
12.99950027,80.26708221,35673,35683,10
12.99878025,80.26725769,35683,35693,10
12.99802971,80.26746368,35693,35703,10
12.99765015,80.2675705,35703,35713,10
12.99722004,80.26767731,35713,35723,10
12.99647999,80.26776886,35723,35733,10
12.9958601,80.26772308,35733,35744,11
12.99578953,80.26744843,35744,35764,20
12.99578953,80.26744843,35764,35774,10
12.99582958,80.26712036,35774,35784,10
12.99586964,80.26644135,35784,35794,10
12.99596024,80.26553345,35794,35804,10
12.99604034,80.26457977,35804,35814,10
12.99615002,80.26363373,35814,35824,10
12.9962101,80.26293182,35824,35834,10
12.99627972,80.26239777,35834,35844,10
12.99631977,80.26207733,35844,35855,11
12.99639988,80.26129913,35855,35865,10
12.99647999,80.26052094,35865,35875,10
12.9965601,80.25981903,35875,35885,10
12.9965601,80.25968933,35885,35895,10
12.99658012,80.25948334,35895,35905,10
12.99662971,80.25914764,35905,35915,10
12.99668026,80.25866699,35915,35925,10
12.99674034,80.25800323,35925,35935,10
12.99682999,80.25721741,35935,35945,10
12.9969101,80.25631714,35945,36137,192
12.9969101,80.25631714,36137,36147,10
12.99697018,80.25621796,36147,36157,10
12.99703979,80.25588226,36157,36167,10
12.99750042,80.25588226,36167,36177,10
12.99810982,80.25592041,36177,36187,10
12.99849033,80.25596619,36187,36218,31
12.99849033,80.25596619,36218,36228,10
12.99862003,80.25595856,36228,36238,10
12.9988203,80.25601196,36238,36248,10
12.99919987,80.25610352,36248,36309,61
12.99919987,80.25610352,36309,36319,10
12.99948978,80.25615692,36319,36329,10
13.00006008,80.25627899,36329,36339,10
13.00080013,80.25643158,36339,36349,10
13.00162983,80.25656891,36349,36359,10
13.00245953,80.2567215,36359,36369,10
13.00304031,80.25682068,36369,36379,10
13.00399017,80.25701141,36379,36389,10
13.00456047,80.2571106,36389,36399,10
13.0051899,80.25723267,36399,36409,10
13.00564003,80.25733948,36409,36420,11
13.00617027,80.2574234,36420,36470,50
13.00617027,80.2574234,36470,36480,10
13.00654984,80.25744629,36480,36490,10
13.00654984,80.25702667,36490,36500,10
13.00648975,80.25630951,36500,36510,10
13.00648975,80.25541687,36510,36520,10
13.0065403,80.25470734,36520,36531,11
13.00650978,80.25373077,36531,36541,10
13.00658035,80.25332642,36541,36551,10
13.00656986,80.25312805,36551,36561,10
13.00656986,80.25302887,36561,36571,10
13.00658989,80.25266266,36571,36581,10
13.00666046,80.25202179,36581,36591,10
13.00677967,80.25119781,36591,36601,10
13.00679016,80.24984741,36601,36652,51
13.00679016,80.24984741,36652,36662,10
13.00687027,80.24973297,36662,36672,10
13.00683975,80.24948883,36672,36682,10
13.00683022,80.24909973,36682,36692,10
13.00675011,80.24855804,36692,36702,10
13.00671959,80.24819946,36702,36712,10
13.00667,80.24784851,36712,36813,101
13.00667,80.24784851,36813,36823,10
13.00667953,80.24768066,36823,36833,10
13.00667953,80.2472229,36833,36843,10
13.00658989,80.24671173,36843,36864,21
13.00658989,80.24671173,36864,36874,10
13.00662994,80.24640656,36874,36884,10
13.00662994,80.24598694,36884,36894,10
13.00664043,80.24555969,36894,36904,10
13.00662041,80.24501801,36904,36914,10
13.00662994,80.24447632,36914,36924,10
13.00658035,80.243927,36924,36934,10
13.00658035,80.24339294,36934,36944,10
13.00654984,80.24269867,36944,36954,10
13.00652027,80.24188995,36954,36964,10
13.00652027,80.24169922,36964,36974,10
13.0065403,80.241539,36974,36985,11
13.00656033,80.24118042,36985,36995,10
13.00658989,80.24099731,36995,37005,10
13.00662041,80.24060822,37005,37015,10
13.00671959,80.23990631,37015,37025,10
13.00697041,80.23889923,37025,37035,10
13.00718975,80.23782349,37035,37045,10
13.0073204,80.23725128,37045,37055,10
13.00734997,80.23697662,37055,37065,10
13.00739956,80.23673248,37065,37075,10
13.00743008,80.2366333,37075,37085,10
13.00753021,80.23622131,37085,37096,11
13.00769043,80.23545837,37096,37106,10
13.00784969,80.23459625,37106,37116,10
13.00809002,80.23355865,37116,37126,10
13.00833988,80.23236084,37126,37136,10
13.00854015,80.23113251,37136,37146,10
13.00876999,80.2299118,37146,37156,10
13.00901985,80.2286911,37156,37166,10
13.00930023,80.22783661,37166,37176,10
13.00988007,80.2265625,37176,37186,10
13.01039028,80.22553253,37186,37196,10
13.01058006,80.22502136,37196,37207,11
13.0108099,80.22463226,37207,37217,10
13.01109982,80.22389984,37217,37227,10
13.01130962,80.22328186,37227,37237,10
13.01161957,80.22257996,37237,37247,10
13.01196003,80.22170258,37247,37257,10
13.01235008,80.22147369,37257,37267,10
13.01255989,80.22177124,37267,37277,10
13.01298046,80.22234344,37277,37287,10
13.01325989,80.22257996,37287,37297,10
13.01354027,80.22290802,37297,37307,10
13.0137701,80.22315979,37307,37318,11
13.01391983,80.22332764,37318,37328,10
13.0141201,80.22355652,37328,37338,10
13.01443958,80.22399902,37338,37348,10
13.01496029,80.22457123,37348,37368,20
13.01496029,80.22457123,37368,37378,10
13.01508045,80.22470856,37378,37388,10
13.01531029,80.22489929,37388,37398,10
13.01550007,80.22499084,37398,37418,20
13.01550007,80.22499084,37418,37429,11
13.01556015,80.22505188,37429,37439,10
13.0158596,80.22530365,37439,37449,10
13.0165596,80.22531128,37449,37459,10
13.01739025,80.22502136,37459,37469,10
13.01834011,80.22463226,37469,37479,10
13.01916027,80.2243576,37479,37489,10
13.01941967,80.22437286,37489,37499,10
13.01949024,80.22438812,37499,37509,10
13.01970959,80.22451019,37509,37519,10
13.02005959,80.22477722,37519,37529,10
13.02052975,80.22512054,37529,37540,11
13.02103996,80.22550964,37540,37550,10
13.02186012,80.22608948,37550,37580,30
13.02186012,80.22608948,37580,37590,10
13.02206039,80.22631836,37590,37600,10
13.02245998,80.22666168,37600,37610,10
13.02303982,80.22718048,37610,37620,10
13.02373028,80.22782135,37620,37630,10
13.02408028,80.22814178,37630,37640,10
13.02408981,80.22814941,37640,37651,11
13.02418041,80.2282486,37651,37661,10
13.02443981,80.22863007,37661,37671,10
13.02470016,80.22899628,37671,37681,10
13.02488995,80.22926331,37681,37691,10
13.02527046,80.22973633,37691,37701,10
13.02573013,80.23040771,37701,37710,9
13.02589989,80.2308197,37710,37721,11
13.02595043,80.23103333,37721,37731,10
13.0260601,80.23135376,37731,37741,10
13.02655029,80.23124695,37741,37751,10
13.02731037,80.23107147,37751,37762,11
13.02805996,80.23094177,37762,37772,10
13.02830029,80.23091125,37772,37782,10
13.02859974,80.23085785,37782,37792,10
13.02875042,80.23084259,37792,37802,10
13.02925014,80.2308197,37802,37883,81
13.02925014,80.2308197,37883,37893,10
13.02927971,80.23084259,37893,37903,10
13.02958012,80.23079681,37903,37913,10
13.02976036,80.2307663,37913,37923,10
13.02995014,80.2307663,37923,37933,10
13.0301199,80.23075104,37933,37943,10
13.03034973,80.23072815,37943,37953,10
13.03063011,80.23071289,37953,37963,10
13.03104019,80.23066711,37963,37973,10
13.03133965,80.23065186,37973,37983,10
13.03190994,80.23059082,37983,37994,11
13.03264046,80.23052979,37994,38003,9
13.03370953,80.23047638,38003,38044,41
13.03370953,80.23047638,38044,38054,10
13.03392982,80.23046112,38054,38064,10
13.03437042,80.23039246,38064,38095,31
13.03452015,80.23033905,38095,38135,40
13.03474045,80.23029327,38135,38155,20
13.03474045,80.23029327,38155,38165,10
13.03485012,80.2302475,38165,38175,10
13.03511047,80.23030853,38175,38185,10
13.03493977,80.23065948,38185,38195,10
13.03487968,80.23132324,38195,38205,10
13.03479958,80.23204803,38205,38216,11
13.03466988,80.23290253,38216,38226,10
13.03462029,80.23319244,38226,38236,10
13.03454971,80.23371887,38236,38246,10
13.03448009,80.23436737,38246,38256,10
13.03439999,80.23496246,38256,38266,10
13.03429985,80.23576355,38266,38276,10
13.03421021,80.23705292,38276,38367,91
13.03421021,80.23705292,38367,38377,10
13.03421021,80.23725891,38377,38387,10
13.03444004,80.23764801,38387,38397,10
13.03466034,80.23802948,38397,38407,10
13.03501034,80.2385788,38407,38417,10
13.03536987,80.239151,38417,38427,10
13.03590012,80.23934937,38427,38438,11
13.03660965,80.23944855,38438,38448,10
13.03713989,80.23951721,38448,38458,10
13.03794003,80.23957825,38458,38468,10
13.03859997,80.23969269,38468,38478,10
13.03907013,80.23976135,38478,38488,10
13.04018021,80.23986816,38488,38518,30
13.04018021,80.23986816,38518,38528,10
13.04039001,80.2399826,38528,38538,10
13.04039955,80.2403717,38538,38549,11
13.04094982,80.24051666,38549,38559,10
13.04111004,80.24056244,38559,38569,10
13.04121017,80.24060822,38569,38579,10
13.0414896,80.24063873,38579,38589,10
13.0420599,80.24067688,38589,38599,10
13.04294968,80.24082184,38599,38609,10
13.04389,80.24093628,38609,38619,10
13.04452991,80.24060059,38619,38629,10
13.04518032,80.24015045,38629,38639,10
13.0458498,80.23970032,38639,38649,10
13.04638004,80.23956299,38649,38660,11
13.04658031,80.23960876,38660,38670,10
13.04673004,80.23964691,38670,38680,10
13.04722977,80.23973846,38680,38690,10
13.04794979,80.23989105,38690,38700,10
13.04858971,80.24002075,38700,38710,10
13.04889965,80.24008179,38710,38720,10
13.04946041,80.2401886,38720,38730,10
13.05010033,80.2403183,38730,38740,10
13.05082989,80.24046326,38740,38750,10
13.05117989,80.24051666,38750,38760,10
13.05128956,80.24053955,38760,38771,11
13.05183983,80.24066162,38771,38781,10
13.05245018,80.24099731,38781,38791,10
13.05253029,80.24130249,38791,38801,10
13.05263996,80.24160767,38801,38811,10
13.0532198,80.24189758,38811,38821,10
13.05379009,80.24217224,38821,38840,19
13.05379009,80.24217224,38840,38851,11
13.05397987,80.24223328,38851,38861,10
13.05449963,80.24230957,38861,38871,10
13.05529976,80.24220276,38871,38881,10
13.05642033,80.24256134,38881,38922,41
13.05642033,80.24256134,38922,38932,10
13.05650997,80.24259949,38932,38942,10
13.05681992,80.24262238,38942,38952,10
13.05723953,80.24279022,38952,38962,10
13.05757046,80.24279022,38962,38972,10
13.05766964,80.24279022,38972,38982,10
13.05811977,80.24272156,38982,38992,10
13.05879974,80.24259186,38992,39003,11
13.05926991,80.24250793,39003,39013,10
13.05984974,80.24266815,39013,39023,10
13.06048012,80.24285126,39023,39033,10
13.06114006,80.24305725,39033,39043,10
13.06177998,80.24317169,39043,39053,10
13.06237984,80.2432785,39053,39063,10
13.06239033,80.2432785,39063,39073,10
13.06252003,80.24331665,39073,39083,10
13.06305981,80.24342346,39083,39093,10
13.06375027,80.24346924,39093,39103,10
13.06424999,80.24352264,39103,39114,11
13.06519985,80.2435379,39114,39134,20
13.06519985,80.2435379,39134,39144,10
13.06529999,80.24353027,39144,39154,10
13.06579971,80.24352264,39154,39164,10
13.06612015,80.24344635,39164,39174,10
13.06653023,80.24330139,39174,39184,10
13.06702995,80.24310303,39184,39200,16
13.06799984,80.24272156,39200,39212,12
13.06881046,80.2424469,39212,39233,21
13.06881046,80.2424469,39233,39242,9
13.06898022,80.24240875,39242,39253,11
13.06947994,80.24223328,39253,39263,10
13.06982994,80.24214172,39263,39272,9
13.06991959,80.24211884,39272,39283,11
13.07013035,80.2420578,39283,39293,10
13.07065964,80.24188995,39293,39303,10
13.07139969,80.24160767,39303,39313,10
13.07215977,80.24118042,39313,39322,9
13.07266045,80.24088287,39322,39334,12
13.07324982,80.24069977,39334,39344,10
13.07384014,80.24053192,39344,39354,10
13.07474041,80.24046326,39354,39364,10
13.07584,80.24043274,39364,39374,10
13.07678032,80.24054718,39374,39384,10
13.0770998,80.24034119,39384,39394,10
13.07697964,80.23973846,39394,39404,10
13.0767498,80.23886108,39404,39414,10
13.07656956,80.23822021,39414,39424,10
13.07653999,80.23805237,39424,39434,10
13.07641983,80.23763275,39434,39445,11
13.07637978,80.23737335,39445,39455,10
13.07639027,80.23734283,39455,39465,10
13.07629967,80.23693848,39465,39475,10
13.07623005,80.23634338,39475,39485,10
13.07608986,80.23549652,39485,39495,10
13.07588005,80.23468018,39495,39505,10
13.07567978,80.23417664,39505,39515,10
13.07567978,80.23400116,39515,39525,10
13.07577991,80.23387146,39525,39535,10
13.07619953,80.23377991,39535,39545,10
13.07656956,80.23374176,39545,39566,21
13.07656956,80.23374176,39566,39576,10
13.0768404,80.23368073,39576,39586,10
13.07748985,80.23358154,39586,39596,10
13.07847023,80.23352051,39596,39606,10
13.07946014,80.23348999,39606,39616,10
13.08022976,80.23348236,39616,39626,10
13.08034992,80.23348236,39626,39636,10
13.08078003,80.23348999,39636,39646,10
13.08154964,80.23352814,39646,39656,10
13.0819397,80.23338318,39656,39666,10
13.08201981,80.23278046,39666,39677,11
13.08228016,80.23194122,39677,39687,10
13.08255959,80.23126984,39687,39697,10
13.08273029,80.23081207,39697,39707,10
13.08296013,80.23065948,39707,39717,10
13.08312035,80.23103333,39717,39727,10
13.08314991,80.23181915,39727,39737,10
13.08323002,80.23252106,39737,39747,10
13.08335972,80.23300171,39747,39757,10
13.08341026,80.23327637,39757,39767,10
13.08347034,80.23358154,39767,39777,10
13.08388996,80.23387909,39777,39798,21
13.08388996,80.23387909,39798,39808,10
13.08423042,80.23397827,39808,39818,10
13.08475018,80.23410034,39818,39828,10
13.08530045,80.23422241,39828,39838,10
13.0858202,80.23435974,39838,39848,10
13.08640957,80.23448944,39848,39858,10
13.08710003,80.23455811,39858,39868,10
13.08782005,80.23435974,39868,39878,10
13.0879097,80.23371124,39878,39888,10
13.08812046,80.23271942,39888,39899,11
13.08843994,80.23150635,39899,39909,10
13.08880043,80.23062134,39909,39919,10
13.08883953,80.23052979,39919,39929,10
13.08895969,80.23033905,39929,39938,9
13.08922005,80.22982788,39938,39949,11
13.08975983,80.2290802,39949,39959,10
13.09062004,80.22814178,39959,39969,10
13.09119034,80.22750092,39969,39979,10
13.09134007,80.22733307,39979,39999,20
13.09134007,80.22733307,39999,40010,11
13.09165001,80.22701263,40010,40020,10
13.09216022,80.22647858,40020,40030,10
13.09290028,80.22575378,40030,40040,10
13.09321976,80.22538757,40040,40050,10
13.09342003,80.22516632,40050,40060,10
13.09360027,80.22496033,40060,40070,10
13.09399986,80.22447968,40070,40080,10
13.09455013,80.22376251,40080,40090,10
13.09512043,80.22277069,40090,40100,10
13.09556007,80.22164154,40100,40110,10
13.09593964,80.22055054,40110,40121,11
13.09613037,80.21997833,40121,40131,10
13.09615993,80.21988678,40131,40141,10
13.09630966,80.21943665,40141,40151,10
13.09655952,80.21878052,40151,40161,10
13.09677982,80.21806335,40161,40171,10
13.09712029,80.21711731,40171,40181,10
13.09735966,80.21647644,40181,40191,10
13.09761047,80.21588898,40191,40201,10
13.09794044,80.21513367,40201,40211,10
13.09821987,80.21446991,40211,40221,10
13.0984602,80.21399689,40221,40232,11
13.09910011,80.21420288,40232,40242,10
13.09972,80.21437073,40242,40252,10
13.1001997,80.21450043,40252,40353,101
13.1001997,80.21450043,40353,40363,10
13.10046005,80.2146225,40363,40373,10
13.10054016,80.21486664,40373,40383,10
13.10025978,80.21547699,40383,40393,10
13.10006046,80.2159729,40393,40403,10
13.10004997,80.21598053,40403,40413,10
13.0999403,80.21607208,40413,40423,10
13.09990978,80.21582031,40423,40433,10
13.10009956,80.21543121,40433,40443,10
13.10023975,80.21504211,40443,40453,10
13.1001997,80.21472168,40453,41059,606
13.1001997,80.21450806,41059,41281,222
13.10013008,80.21465302,41281,41664,383
13.10027027,80.21446991,41664,41947,283
13.10027027,80.21446991,41947,41957,10
13.1001997,80.21453857,41957,41967,10
13.0999403,80.21443939,41967,41977,10
13.09959984,80.2143631,41977,41987,10
13.09895992,80.21417999,41987,41997,10
13.09867954,80.21408081,41997,42007,10
13.09838963,80.21421814,42007,42017,10
13.09811974,80.21482086,42017,42028,11
13.09776974,80.21562195,42028,42038,10
13.09741974,80.21646118,42038,42048,10
13.0973196,80.21676636,42048,42058,10
13.09724998,80.21692657,42058,42068,10
13.09704018,80.21746826,42068,42078,10
13.0967598,80.21833038,42078,42088,10
13.09646034,80.21923828,42088,42098,10
13.09611988,80.22019196,42098,42108,10
13.09584045,80.22097778,42108,42118,10
13.09556007,80.22180176,42118,42128,10
13.09517956,80.22281647,42128,42137,9
13.0946703,80.22373962,42137,42149,12
13.09385967,80.22480011,42149,42159,10
13.09325027,80.22547913,42159,42169,10
13.09247971,80.22625732,42169,42179,10
13.09169006,80.2270813,42179,42189,10
13.09119987,80.22763824,42189,42199,10
13.09117985,80.22766113,42199,42209,10
13.09094048,80.22789764,42209,42219,10
13.09049034,80.2283783,42219,42229,10
13.08981991,80.22910309,42229,42239,10
13.08924007,80.22995758,42239,42249,10
13.08905029,80.23032379,42249,42260,11
13.08880997,80.23088074,42260,42270,10
13.08880043,80.23090363,42270,42280,10
13.08860016,80.23133087,42280,42290,10
13.08837986,80.23209381,42290,42300,10
13.08812046,80.23313141,42300,42310,10
13.08798027,80.23425293,42310,42320,10
13.08722019,80.23455048,42320,42330,10
13.08670044,80.23454285,42330,42340,10
13.08623028,80.23448181,42340,42350,10
13.08578014,80.23438263,42350,42360,10
13.08545971,80.23429108,42360,42371,11
13.08497047,80.23419189,42371,42381,10
13.08458042,80.23406219,42381,42391,10
13.08401966,80.23394012,42391,42401,10
13.08331013,80.23384857,42401,42411,10
13.08242035,80.23370361,42411,42431,20
13.08242035,80.23370361,42431,42441,10
13.0822401,80.2336731,42441,42451,10
13.08213997,80.23365784,42451,42461,10
13.08193016,80.23361206,42461,42471,10
13.08137989,80.23356628,42471,42481,10
13.08057976,80.23356628,42481,42492,11
13.07977009,80.23358917,42492,42502,10
13.07954025,80.23358154,42502,42512,10
13.07936001,80.23355865,42512,42528,16
13.07835007,80.23361969,42528,42540,12
13.07726002,80.23370361,42540,42548,8
13.07645035,80.23384094,42548,42560,12
13.07590008,80.23419952,42560,42571,11
13.07594967,80.23435974,42571,42581,10
13.07604027,80.23478699,42581,42591,10
13.07618046,80.23554993,42591,42602,11
13.07633018,80.23648071,42602,42612,10
13.07645035,80.23706818,42612,42651,39
13.07645035,80.23706818,42651,42662,11
13.07649994,80.23725128,42662,42672,10
13.07653999,80.23742676,42672,42682,10
13.07658958,80.23777008,42682,42692,10
13.07672977,80.23848724,42692,42702,10
13.07688999,80.23924255,42702,42713,11
13.07709026,80.24004364,42713,42723,10
13.07726955,80.24078369,42723,42733,10
13.07736969,80.24124146,42733,42743,10
13.07750034,80.24183655,42743,42753,10
13.07763958,80.24255371,42753,42763,10
13.07775974,80.24337769,42763,42773,10
13.07773972,80.24408722,42773,42783,10
13.0777998,80.24465179,42783,42793,10
13.07789993,80.24552155,42793,42803,10
13.07800961,80.24655914,42803,42813,10
13.07824039,80.24768829,42813,42824,11
13.07847977,80.2487793,42824,42834,10
13.07866955,80.24963379,42834,42844,10
13.07857037,80.25042725,42844,42854,10
13.07853985,80.25122833,42854,42864,10
13.07831955,80.25167847,42864,42874,10
13.07771015,80.25179291,42874,42884,10
13.07688046,80.25195313,42884,42894,10
13.0761404,80.25211334,42894,42904,10
13.07534027,80.25218201,42904,42914,10
13.07481956,80.25224304,42914,42924,10
13.07419968,80.25234222,42924,42935,11
13.07382011,80.25254822,42935,42945,10
13.07324028,80.25247955,42945,42955,10
13.07269955,80.25241852,42955,42965,10
13.07225037,80.25205994,42965,42975,10
13.07211971,80.25140381,42975,42985,10
13.07190037,80.25071716,42985,42995,10
13.07164001,80.2498703,42995,43005,10
13.07139969,80.24874115,43005,43015,10
13.07108021,80.24758911,43015,43025,10
13.07061005,80.24664307,43025,43035,10
13.07011986,80.24558258,43035,43045,10
13.06968975,80.24446869,43045,43056,11
13.0693903,80.24358368,43056,43066,10
13.06933975,80.24346161,43066,43076,10
13.06925964,80.24320221,43076,43086,10
13.06910992,80.24256134,43086,43096,10
13.06853008,80.24259186,43096,43112,16
13.06706047,80.24311066,43112,43124,12
13.06612015,80.24371338,43124,43134,10
13.06614971,80.24446106,43134,43144,10
13.06632042,80.24533081,43144,43154,10
13.06647015,80.24588776,43154,43164,10
13.06694031,80.24610138,43164,43175,11
13.06772995,80.24643707,43175,43184,9
13.06776047,80.24649048,43184,43194,10
13.06783009,80.24658203,43194,43205,11
13.06791019,80.24710083,43205,43215,10
13.06789017,80.24767303,43215,43225,10
13.06754017,80.24787903,43225,43235,10
13.06680012,80.24780273,43235,43245,10
13.06597042,80.24777985,43245,43255,10
13.06464005,80.24777222,43255,43265,10
13.06350994,80.24768066,43265,43275,10
13.06227016,80.24768066,43275,43286,11
13.06145,80.24733734,43286,43296,10
13.06147957,80.24684143,43296,43306,10
13.06173992,80.24642944,43306,43316,10
13.06196022,80.24562073,43316,43326,10
13.06245041,80.24504089,43326,43336,10
13.06303978,80.24449921,43336,43346,10
13.06311989,80.24434662,43346,43356,10
13.06330013,80.24404144,43356,43366,10
13.06326008,80.24358368,43366,43376,10
13.06264973,80.24342346,43376,43387,11
13.06202984,80.24326324,43387,43397,10
13.06177998,80.24323273,43397,43427,30
13.06177998,80.24323273,43427,43437,10
13.06138039,80.24314117,43437,43447,10
13.0610199,80.2430191,43447,43457,10
13.06074047,80.24294281,43457,43467,10
13.06046009,80.24282074,43467,43477,10
13.06002998,80.24269867,43477,43487,10
13.05955982,80.24256134,43487,43498,11
13.05914974,80.2425766,43498,43508,10
13.05869961,80.24263,43508,43518,10
13.05821991,80.24273682,43518,43528,10
13.05774021,80.24278259,43528,43538,10
13.05723,80.24282837,43538,43548,10
13.05642986,80.24256897,43548,43558,10
13.05589008,80.24227905,43558,43568,10
13.05529976,80.24227905,43568,43578,10
13.05463028,80.24240112,43578,43588,10
13.05393028,80.24237061,43588,43598,10
13.05385971,80.24234772,43598,43608,10
13.05366993,80.24223328,43608,43619,11
13.05327988,80.24201965,43619,43629,10
13.05298042,80.24189758,43629,43659,30
13.05298042,80.24189758,43659,43669,10
13.05280972,80.2417984,43669,43679,10
13.05243969,80.24150085,43679,43689,10
13.05214024,80.24111938,43689,43699,10
13.05198002,80.24082947,43699,43709,10
13.05175972,80.24073792,43709,43719,10
13.05136967,80.24064636,43719,43730,11
13.05115986,80.24062347,43730,43746,16
13.05082035,80.24054718,43746,43758,12
13.05004025,80.24040985,43758,43768,10
13.04938984,80.240242,43768,43778,10
13.04880047,80.24012756,43778,43788,10
13.0485096,80.24005127,43788,43798,10
13.0482502,80.23999023,43798,43808,10
13.04792023,80.23993683,43808,43818,10
13.04740047,80.23980713,43818,43828,10
13.04708958,80.23975372,43828,43839,11
13.04675961,80.23967743,43839,43859,20
13.04644966,80.23957825,43859,43889,30
13.04644966,80.23957825,43889,43899,10
13.04627037,80.23947144,43899,43909,10
13.04629993,80.23930359,43909,43919,10
13.04638004,80.23895264,43919,43929,10
13.0465498,80.23825073,43929,43939,10
13.04669952,80.2375412,43939,43950,11
13.04685974,80.23674011,43950,43960,10
13.04695988,80.23632813,43960,43970,10
13.04706001,80.23594666,43970,43990,20
13.04706001,80.23594666,43990,44000,10
13.04708004,80.23529053,44000,44010,10
13.04718018,80.23444366,44010,44020,10
13.04730034,80.23362732,44020,44030,10
13.04732037,80.23348999,44030,44046,16
13.04738998,80.23320007,44046,44058,12
13.04703999,80.23300171,44058,44069,11
13.04623985,80.23285675,44069,44078,9
13.04568005,80.23274994,44078,44090,12
13.0454998,80.23269653,44090,44100,10
13.04529953,80.23262787,44100,44110,10
13.04500008,80.23258972,44110,44120,10
13.04409981,80.23246002,44120,44130,10
13.0434103,80.23236084,44130,44140,10
13.04267979,80.2322998,44140,44150,10
13.04187965,80.23226166,44150,44160,10
13.04104996,80.23209381,44160,44170,10
13.0402298,80.23178864,44170,44181,11
13.03927994,80.23153687,44181,44191,10
13.0383997,80.23129272,44191,44201,10
13.0374403,80.23094177,44201,44211,10
13.03697968,80.23081207,44211,44221,10
13.03672028,80.23068237,44221,44231,10
13.03598976,80.23049164,44231,44241,10
13.03549957,80.23033905,44241,44251,10
13.03549004,80.23033905,44251,44261,10
13.03518963,80.23026276,44261,44271,10
13.03454018,80.23033142,44271,44281,10
13.0340004,80.23040771,44281,44292,11
13.0335598,80.2304306,44292,44312,20
13.0335598,80.2304306,44312,44322,10
13.03335953,80.23045349,44322,44332,10
13.03275967,80.23052979,44332,44342,10
13.03201962,80.23061371,44342,44352,10
13.03160954,80.2306366,44352,44362,10
13.03124046,80.23065948,44362,44413,51
13.03087997,80.23072052,44413,44443,30
13.03087997,80.23072052,44443,44453,10
13.03077984,80.23074341,44453,44463,10
13.03046036,80.23074341,44463,44473,10
13.02972984,80.23084259,44473,44493,20
13.02972984,80.23084259,44493,44503,10
13.02950001,80.23088837,44503,44514,11
13.02896023,80.23094177,44514,44524,10
13.0284996,80.23097992,44524,44534,10
13.02807045,80.23097992,44534,44544,10
13.02777004,80.23130035,44544,44553,9
13.02777958,80.23184967,44553,44564,11
13.02783966,80.23248291,44564,44574,10
13.02773952,80.2328186,44574,44584,10
13.02702045,80.2329483,44584,44594,10
13.02678013,80.23296356,44594,44604,10
13.02639961,80.23274231,44604,44614,10
13.02626038,80.23243713,44614,44624,10
13.0261898,80.23227692,44624,44635,11
13.02610016,80.23207855,44635,44645,10
13.0260601,80.23187256,44645,44655,10
13.02600956,80.23165131,44655,44675,20
13.02600956,80.23165131,44675,44685,10
13.02595997,80.23149872,44685,44695,10
13.02583027,80.23091888,44695,44705,10
13.02538967,80.23007965,44705,44715,10
13.02482033,80.22931671,44715,44725,10
13.02455044,80.22899628,44725,44735,10
13.02394009,80.22825623,44735,44756,21
13.02394009,80.22825623,44756,44766,10
13.02387047,80.22811127,44766,44776,10
13.02346992,80.22767639,44776,44786,10
13.02287006,80.22714233,44786,44796,10
13.02231026,80.22663879,44796,44806,10
13.02180004,80.22619629,44806,44816,10
13.02120972,80.22575378,44816,44826,10
13.02062035,80.22530365,44826,44836,10
13.02017975,80.22499084,44836,44846,10
13.02011013,80.22492981,44846,44857,11
13.01980019,80.22470856,44857,44867,10
13.01924992,80.2244873,44867,44877,10
13.01836014,80.22464752,44877,44887,10
13.01733971,80.22505951,44887,44897,10
13.01653957,80.22540283,44897,44907,10
13.01613998,80.22554016,44907,44917,10
13.01548958,80.22577667,44917,44927,10
13.01467991,80.22609711,44927,44937,10
13.01430035,80.22624207,44937,44947,10
13.01416016,80.22628021,44947,44957,10
13.01366997,80.22647095,44957,44968,11
13.0127697,80.22680664,44968,44984,16
13.01111031,80.22749329,44984,44996,12
13.00979996,80.22801971,44996,45006,10
13.00905037,80.22872162,45006,45016,10
13.00881958,80.2298584,45016,45026,10
13.00860023,80.23104095,45026,45036,10
13.00841045,80.23197937,45036,45046,10
13.00821018,80.2333374,45046,45056,10
13.00815964,80.23361206,45056,45066,10
13.00811958,80.23368835,45066,45076,10
13.00804043,80.23410034,45076,45086,10
13.00788975,80.2348938,45086,45097,11
13.00765038,80.23606873,45097,45107,10
13.00741005,80.23731995,45107,45117,10
13.00718021,80.23858643,45117,45127,10
13.00693035,80.23950195,45127,45137,10
13.00681019,80.24021149,45137,45147,10
13.00677013,80.24040222,45147,45157,10
13.00669956,80.24079132,45157,45167,10
13.00664043,80.24156189,45167,45177,10
13.00671959,80.24240112,45177,45187,10
13.00669956,80.24311066,45187,45198,11
13.00667,80.24391174,45198,45208,10
13.00658035,80.24488068,45208,45218,10
13.00666046,80.24584198,45218,45228,10
13.00669956,80.24626923,45228,45238,10
13.00675011,80.24655914,45238,45248,10
13.00675011,80.24680328,45248,45258,10
13.00669003,80.24726105,45258,45268,10
13.00666046,80.24803925,45268,45278,10
13.00671005,80.2487793,45278,45288,10
13.00681019,80.24938202,45288,45298,10
13.00681019,80.2494812,45298,45309,11
13.00681973,80.24983215,45309,45319,10
13.0067997,80.2504425,45319,45329,10
13.00679016,80.25110626,45329,45339,10
13.00669956,80.25148773,45339,45349,10
13.00658035,80.25205994,45349,45359,10
13.00652027,80.25254059,45359,45369,10
13.00662041,80.25299072,45369,45379,10
13.00660992,80.25357056,45379,46055,676
13.00660992,80.25357056,46055,46065,10
13.00654984,80.25377655,46065,46075,10
13.00656033,80.25428009,46075,46085,10
13.00652981,80.25450134,46085,46095,10
13.00648975,80.25491333,46095,46106,11
13.00650978,80.25566101,46106,46116,10
13.00652027,80.2564621,46116,46126,10
13.00658035,80.25715637,46126,46176,50
13.00658035,80.25715637,46176,46186,10
13.00654984,80.25743103,46186,46196,10
13.00664043,80.25778198,46196,46206,10
13.00699997,80.25832367,46206,46217,11
13.00767994,80.25885773,46217,46227,10
13.00798988,80.25914764,46227,46237,10
13.00771999,80.2592926,46237,46247,10
13.0073204,80.25906372,46247,46257,10
13.00702953,80.25836182,46257,46267,10
13.00669003,80.25785828,46267,46307,40
13.00669003,80.25785828,46307,46317,10
13.00648022,80.25744629,46317,46328,11
13.0065403,80.25688171,46328,46338,10
13.00650978,80.256073,46338,46348,10
13.00656986,80.25530243,46348,46358,10
13.00658035,80.25450897,46358,46368,10
13.00660038,80.25370026,46368,46377,9
13.00662041,80.25335693,46377,46388,11
13.00658035,80.25318909,46388,46418,30
13.00658035,80.25318909,46418,46428,10
13.00654984,80.25292206,46428,46438,10
13.00658989,80.25267792,46438,46449,11
13.00664997,80.25189209,46449,46539,90
13.00664997,80.25189209,46539,46549,10
13.00666046,80.25170135,46549,46560,11
13.00673008,80.25097656,46560,46570,10
13.00681019,80.25005341,46570,46580,10
13.00683975,80.2495575,46580,46590,10
13.00681019,80.2494812,46590,46600,10
13.00673962,80.24873352,46600,46630,30
13.00673962,80.24873352,46630,46640,10
13.00664043,80.24849701,46640,46650,10
13.00664043,80.24812317,46650,46660,10
13.00660038,80.24755859,46660,46731,71
13.00660038,80.24755859,46731,46741,10
13.00660038,80.24729156,46741,46751,10
13.00660992,80.24640656,46751,46771,20
13.00660992,80.24640656,46771,46782,11
13.00664043,80.24614716,46782,46792,10
13.00662041,80.24552155,46792,46802,10
13.00660992,80.24488068,46802,46811,9
13.00656033,80.2443924,46811,46822,11
13.00650978,80.24395752,46822,46832,10
13.00648975,80.24347687,46832,46842,10
13.00652027,80.2427597,46842,46852,10
13.00652027,80.24173737,46852,46862,10
13.00662041,80.24050903,46862,46882,20
13.00662041,80.24050903,46882,46891,9
13.00667953,80.2401886,46891,46903,12
13.00677967,80.23953247,46903,46913,10
13.00695992,80.23872375,46913,46923,10
13.0071497,80.23787689,46923,46933,10
13.00734043,80.23687744,46933,46953,20
13.00734043,80.23687744,46953,46963,10
13.00734997,80.23674011,46963,46973,10
13.00751019,80.23641968,46973,46983,10
13.00759983,80.23583221,46983,46993,10
13.00776005,80.2350235,46993,47003,10
13.00798035,80.23400116,47003,47014,11
13.00823975,80.23268127,47014,47024,10
13.00848961,80.23139954,47024,47034,10
13.00874043,80.23013306,47034,47044,10
13.00899029,80.22888947,47044,47054,10
13.0093298,80.22772217,47054,47064,10
13.00984001,80.22660065,47064,47074,10
13.01029015,80.2256012,47074,47084,10
13.01045036,80.22518921,47084,47094,10
13.0106802,80.22476959,47094,47104,10
13.01091957,80.22418976,47104,47114,10
13.01117992,80.22351837,47114,47125,11
13.01132965,80.22315216,47125,47135,10
13.01158047,80.2224884,47135,47145,10
13.01183987,80.22158813,47145,47155,10
13.01231956,80.22155762,47155,47165,10
13.01278019,80.22218323,47165,47175,10
13.01321983,80.22265625,47175,47185,10
13.01379967,80.22325897,47185,47195,10
13.01426029,80.22380066,47195,47205,10
13.01461983,80.22422791,47205,47215,10
13.01502037,80.22457123,47215,47225,10
13.0153904,80.22489929,47225,47256,31
13.0153904,80.22489929,47256,47266,10
13.0156002,80.2250824,47266,47276,10
13.01601982,80.22531128,47276,47286,10
13.01679039,80.22518158,47286,47296,10
13.01772022,80.224823,47296,47306,10
13.01856995,80.22447968,47306,47316,10
13.01941967,80.22441101,47316,47326,10
13.01998043,80.22471619,47326,47336,10
13.02058983,80.22515869,47336,47347,11
13.02128983,80.22570801,47347,47357,10
13.02196026,80.22615814,47357,47367,10
13.02204037,80.22622681,47367,47377,10
13.02219963,80.22637939,47377,47387,10
13.02266026,80.22679138,47387,47397,10
13.02328014,80.22737122,47397,47407,10
13.02387047,80.22792053,47407,47417,10
13.02453041,80.22873688,47417,47427,10
13.02490044,80.22926331,47427,47437,10
13.02536011,80.22988129,47437,47446,9
13.02579975,80.23062897,47446,47457,11
13.02602005,80.23129272,47457,47468,11
13.02643967,80.23121643,47468,47478,10
13.02715969,80.23105621,47478,47488,10
13.02760983,80.2309494,47488,47498,10
13.02781963,80.23092651,47498,47508,10
13.02847004,80.23085785,47508,47528,20
13.02847004,80.23085785,47528,47538,10
13.02877998,80.23085785,47538,47558,20
13.02877998,80.23085785,47558,47568,10
13.02896023,80.23085785,47568,47579,11
13.02937984,80.23079681,47579,47589,10
13.02987957,80.23075104,47589,47598,9
13.03019047,80.23071289,47598,47608,10
13.0303297,80.23069763,47608,47619,11
13.03044987,80.23069763,47619,47629,10
13.03081036,80.23068237,47629,47639,10
13.03098011,80.23065948,47639,47649,10
13.03129959,80.23062897,47649,47659,10
13.03184032,80.23058319,47659,47669,10
13.03248024,80.23052979,47669,47679,10
13.03295994,80.23049164,47679,47690,11
13.03339958,80.23046875,47690,47700,10
13.03367996,80.23043823,47700,47710,10
13.03431988,80.23036194,47710,47730,20
13.03431988,80.23036194,47730,47740,10
13.03439999,80.23036194,47740,47750,10
13.03472042,80.2303009,47750,47841,91
13.03472042,80.2303009,47841,47851,10
13.03499031,80.23040771,47851,47861,10
13.03495979,80.2305603,47861,47871,10
13.03489971,80.23100281,47871,47881,10
13.03479004,80.2315979,47881,47891,10
13.03468037,80.2322998,47891,47901,10
13.03460979,80.23306274,47901,47911,10
13.03454018,80.23352051,47911,47922,11
13.03439045,80.23416138,47922,47932,10
13.03427982,80.23500061,47932,47942,10
13.03415012,80.23607635,47942,47952,10
13.0341301,80.23709106,47952,47962,10
13.03446007,80.23767853,47962,47972,10
13.0346899,80.23800659,47972,47982,10
13.0350399,80.23860168,47982,47992,10
13.03532028,80.23905945,47992,48002,10
13.03586006,80.23932648,48002,48012,10
13.0365696,80.23941803,48012,48022,10
13.03709984,80.23944855,48022,48033,11
13.03794003,80.23956299,48033,48043,10
13.03859997,80.23963928,48043,48053,10
13.03927994,80.23973846,48053,48063,10
13.03952026,80.23977661,48063,48073,10
13.04010963,80.23988342,48073,48144,71
13.04010963,80.23988342,48144,48154,10
13.04036045,80.24001312,48154,48164,10
13.04036045,80.2403717,48164,48174,10
13.04061031,80.24047852,48174,48184,10
13.04096031,80.24051666,48184,48194,10
13.04109001,80.24057007,48194,48204,10
13.04139042,80.24059296,48204,48214,10
13.04199028,80.24067688,48214,48224,10
13.04255962,80.24076843,48224,48234,10
13.04294014,80.24082947,48234,48244,10
13.04349041,80.2408371,48244,48255,11
13.04442024,80.24066925,48255,48285,30
13.04442024,80.24066925,48285,48295,10
13.04444027,80.24063873,48295,48305,10
13.04465008,80.2405014,48305,48315,10
13.04502964,80.24021912,48315,48325,10
13.04553986,80.23988342,48325,48335,10
13.04605961,80.23953247,48335,48345,10
13.04656982,80.23959351,48345,48355,10
13.04714966,80.23969269,48355,48366,11
13.04773045,80.23983002,48366,48376,10
13.04825974,80.23993683,48376,48386,10
13.04887009,80.2400589,48386,48396,10
13.04951954,80.2401886,48396,48406,10
13.05002975,80.24030304,48406,48416,10
13.05068016,80.24044037,48416,48426,10
13.05115032,80.24051666,48426,48436,10
13.05117989,80.24051666,48436,48446,10
13.05158043,80.24062347,48446,48456,10
13.05216026,80.2407608,48456,48466,10
13.05220032,80.2407608,48466,48477,11
13.0525198,80.24133301,48477,48487,10
13.0525198,80.24133301,48487,48497,10
13.05282021,80.24175262,48497,48507,10
13.05346966,80.24201965,48507,48517,10
13.05410004,80.24221802,48517,48527,10
13.05412006,80.24221802,48527,48537,10
13.05445004,80.24228668,48537,48547,10
13.05515003,80.2421875,48547,48559,12
13.05585957,80.24227905,48559,48569,10
13.05599976,80.24234009,48569,48579,10
13.05646038,80.24253082,48579,48590,11
13.05671978,80.24253845,48590,48610,20
13.05671978,80.24253845,48610,48620,10
13.05690002,80.24255371,48620,48630,10
13.05725002,80.24276733,48630,48640,10
13.05793953,80.24268341,48640,48650,10
13.05865955,80.24256134,48650,48660,10
13.05910015,80.24246979,48660,48670,10
13.05953979,80.24249268,48670,48680,10
13.05988979,80.24265289,48680,48690,10
13.06005001,80.24269867,48690,48700,10
13.06058025,80.24285889,48700,48721,21
13.06058025,80.24285889,48721,48731,10
13.0608902,80.24295807,48731,48747,16
13.06118965,80.24302673,48747,48759,12
13.06145,80.24308014,48759,48767,8
13.06179047,80.24311829,48767,48779,12
13.06231976,80.24323273,48779,48789,10
13.06231976,80.24324036,48789,48799,10
13.06268024,80.24333191,48799,48809,10
13.06324005,80.24344635,48809,48820,11
13.06379032,80.24344635,48820,48830,10
13.06402016,80.24344635,48830,48840,10
13.06451988,80.24346161,48840,48850,10
13.06507969,80.24349976,48850,48870,20
13.06507969,80.24349976,48870,48880,10
13.06529999,80.24353027,48880,48890,10
13.06579018,80.24349213,48890,48900,10
13.06604004,80.24343872,48900,48910,10
13.06626034,80.24337006,48910,48920,10
13.06665993,80.24321747,48920,48931,11
13.06737041,80.24289703,48931,48941,10
13.06812954,80.24266815,48941,48951,10
13.06882,80.24243927,48951,48961,10
13.06941032,80.2421875,48961,48971,10
13.0697298,80.24211121,48971,48981,10
13.06987953,80.24208832,48981,48991,10
13.06993008,80.24208832,48991,49001,10
13.07034969,80.24196625,49001,49011,10
13.07104015,80.24172211,49011,49021,10
13.07199955,80.2412262,49021,49031,10
13.07285023,80.24078369,49031,49042,11
13.0736599,80.24056244,49042,49052,10
13.07464027,80.24044037,49052,49062,10
13.07575989,80.24043274,49062,49072,10
13.07664967,80.24050903,49072,49082,10
13.07707977,80.24046326,49082,49092,10
13.07703972,80.23996735,49092,49102,10
13.07701015,80.23976898,49102,49112,10
13.07699013,80.23966217,49112,49122,10
13.07695007,80.23951721,49122,49132,10
13.0768404,80.23915863,49132,49142,10
13.07678032,80.2389679,49142,49153,11
13.07674026,80.23885345,49153,49163,10
13.07668972,80.2387085,49163,49173,10
13.07666016,80.23860931,49173,49183,10
13.07662964,80.23845673,49183,49193,10
13.07660007,80.23827362,49193,49203,10
13.07658958,80.23809814,49203,49213,10
13.07649994,80.23771667,49213,49223,10
13.07643032,80.23737335,49223,49233,10
13.07641983,80.23725128,49233,49243,10
13.07645035,80.23705292,49243,49253,10
13.07631969,80.23645782,49253,49263,10
13.07619953,80.23561859,49263,49274,11
13.07579041,80.23417664,49274,49304,30
13.07579041,80.23417664,49304,49314,10
13.07579994,80.23406219,49314,49323,9
13.07586002,80.23381805,49323,49333,10
13.07614994,80.23374176,49333,49344,11
13.07656002,80.23368073,49344,49354,10
13.07721996,80.23355865,49354,49364,10
13.07785988,80.23351288,49364,49374,10
13.07882023,80.23348236,49374,49385,11
13.0795002,80.23348999,49385,49395,10
13.07993984,80.23345947,49395,49405,10
13.08024979,80.23348236,49405,49415,10
13.08047962,80.23348236,49415,49425,10
13.08102036,80.23348999,49425,49435,10
13.08176041,80.23342896,49435,49445,10
13.08193016,80.23296356,49445,49455,10
13.08207989,80.23248291,49455,49465,10
13.08236027,80.23178101,49465,49475,10
13.08265018,80.23110199,49475,49484,9
13.08281994,80.23071289,49484,49496,12
13.08314037,80.23110199,49496,49506,10
13.08318996,80.23197174,49506,49516,10
13.08329964,80.23268127,49516,49526,10
13.08345985,80.23355865,49526,49546,20
13.08345985,80.23355865,49546,49556,10
13.08353996,80.23377228,49556,49566,10
13.08393002,80.23390961,49566,49576,10
13.08397007,80.23391724,49576,49586,10
13.0844202,80.23400116,49586,49596,10
13.08516026,80.23416138,49596,49607,11
13.08600044,80.23435974,49607,49617,10
13.08650017,80.23445892,49617,49627,10
13.08736038,80.23451996,49627,49637,10
13.08792973,80.23384094,49637,49647,10
13.08810043,80.23269653,49647,49657,10
13.08843994,80.23152161,49657,49667,10
13.08880043,80.23068237,49667,49677,10
13.0889101,80.23042297,49677,49687,10
13.08913994,80.23002625,49687,49697,10
13.08950996,80.22939301,49697,49707,10
13.09033012,80.22846985,49707,49718,11
13.09119987,80.22753906,49718,49728,10
13.09195995,80.22675323,49728,49738,10
13.09276009,80.22590637,49738,49748,10
13.09348011,80.22516632,49748,49758,10
13.09410954,80.22441101,49758,49768,10
13.0948,80.22344208,49768,49778,10
13.09533024,80.22232056,49778,49788,10
13.09572029,80.22122955,49788,49798,10
13.09591007,80.22068024,49798,49808,10
13.09611034,80.2201004,49808,49818,10
13.09634972,80.21932983,49818,49828,10
13.09648037,80.21898651,49828,49839,11
13.09659958,80.21858215,49839,49849,10
13.0968399,80.21788025,49849,49865,16
13.09716988,80.21692657,49865,49877,12
13.09726048,80.21674347,49877,49885,8
13.09743977,80.21627808,49885,49895,10
13.09782028,80.21542358,49895,49907,12
13.09821987,80.2144928,49907,49917,10
13.09842014,80.21405792,49917,49927,10
13.09867001,80.21394348,49927,49937,10
13.09910965,80.21417999,49937,49948,11
13.09988976,80.2144165,49948,49957,9
13.10017014,80.2144928,49957,49968,11
13.10017967,80.21450043,49968,49979,11
13.10058975,80.21463013,49979,49989,10
13.10033989,80.21527863,49989,49999,10
13.10002995,80.21601868,49999,50009,10
13.09988976,80.21591949,50009,50019,10
13.10002041,80.2155838,50019,50029,10
13.10021973,80.21520233,50029,52614,2585
13.10021973,80.21520233,52614,52624,10
13.1002903,80.21486664,52624,52644,20
13.1002903,80.21486664,52644,52655,11
13.10027027,80.21469116,52655,52665,10
13.09996033,80.21443939,52665,52695,30
13.09996033,80.21443939,52695,52705,10
13.09965992,80.2143631,52705,52715,10
13.09930038,80.2142868,52715,52725,10
13.09883976,80.21412659,52725,52735,10
13.09848976,80.21405792,52735,52745,10
13.09829044,80.21446228,52745,52755,10
13.09803009,80.21504211,52755,52766,11
13.09774017,80.21582794,52766,52776,10
13.09749031,80.21642303,52776,52786,10
13.09741974,80.21659851,52786,52796,10
13.09731007,80.2168808,52796,52806,10
13.09708977,80.21746826,52806,52816,10
13.09681988,80.21820831,52816,52826,10
13.09661007,80.21891785,52826,52836,10
13.09634972,80.21959686,52836,52846,10
13.09603024,80.22048187,52846,52856,10
13.09574032,80.22132874,52856,52866,10
13.09550953,80.22210693,52866,52876,10
13.09541988,80.22234344,52876,52887,11
13.09529018,80.22264099,52887,52897,10
13.09498024,80.22332764,52897,52907,10
13.09440041,80.22415924,52907,52917,10
13.09377956,80.22496033,52917,52927,10
13.09325981,80.22548676,52927,52937,10
13.0927,80.2260437,52937,52947,10
13.09212971,80.22662354,52947,52957,10
13.09123993,80.22759247,52957,52977,20
13.09123993,80.22759247,52977,52987,10
13.0909996,80.22782898,52987,52998,11
13.09047985,80.2283783,52998,53008,10
13.08985043,80.22905731,53008,53018,10
13.08932018,80.22985077,53018,53028,10
13.08913994,80.23018646,53028,53038,10
13.08885002,80.23085785,53038,53068,30
13.08885002,80.23085785,53068,53078,10
13.08874035,80.23108673,53078,53088,10
13.08854008,80.23155975,53088,53098,10
13.08835983,80.23213196,53098,53108,10
13.08813953,80.23304749,53108,53119,11
13.08804035,80.23401642,53119,53128,9
13.08767986,80.23454285,53128,53139,11
13.08681965,80.23448944,53139,53149,10
13.08625031,80.23442078,53149,53159,10
13.08617973,80.23441315,53159,53169,10
13.08590031,80.23435211,53169,53179,10
13.08537006,80.23422241,53179,53189,10
13.0847702,80.23409271,53189,53199,10
13.08432961,80.23401642,53199,53209,10
13.08384991,80.23390198,53209,53219,10
13.08372021,80.23387909,53219,53230,11
13.08353043,80.23384094,53230,53240,10
13.08318043,80.23378754,53240,53250,10
13.08236027,80.23364258,53250,53270,20
13.08236027,80.23364258,53270,53280,10
13.08230019,80.2335968,53280,53290,10
13.08191013,80.23355865,53290,53300,10
13.08141041,80.23351288,53300,53310,10
13.08084011,80.23348236,53310,53320,10
13.08032036,80.23345947,53320,53330,10
13.07952976,80.23349762,53330,53351,21
13.07952976,80.23349762,53351,53361,10
13.07913971,80.23352051,53361,53371,10
13.07859039,80.23352051,53371,53381,10
13.07798004,80.23355103,53381,53391,10
13.07724953,80.23365784,53391,53401,10
13.07600975,80.23384094,53401,53431,30
13.07600975,80.23384094,53431,53441,10
13.07577038,80.23394012,53441,53452,11
13.07592964,80.23459625,53452,53462,10
13.07612038,80.23542023,53462,53472,10
13.07627964,80.2363205,53472,53488,16
13.07639027,80.23690033,53488,53500,12
13.0764904,80.23722076,53500,53510,10
13.07649994,80.23725128,53510,53520,10
13.07653999,80.23738861,53520,53530,10
13.07653999,80.23739624,53530,53540,10
13.07658005,80.23757935,53540,53550,10
13.07666016,80.2379837,53550,53560,10
13.07676029,80.23853302,53560,53571,11
13.07695007,80.23928833,53571,53581,10
13.07711983,80.23999023,53581,53590,9
13.07719994,80.24028015,53590,53601,11
13.07721996,80.24041748,53601,53611,10
13.07730961,80.24079895,53611,53621,10
13.07736969,80.24115753,53621,53631,10
13.07744026,80.24157715,53631,53641,10
13.07761955,80.24233246,53641,53651,10
13.07775974,80.24330139,53651,53661,10
13.07777977,80.24423218,53661,53671,10
13.07787991,80.24514771,53671,53682,11
13.07794952,80.24606323,53682,53692,10
13.07806015,80.24672699,53692,53702,10
13.07826042,80.24770355,53702,53712,10
13.07845974,80.24859619,53712,53722,10
13.07866001,80.24947357,53722,53732,10
13.0785799,80.25034332,53732,53742,10
13.07853031,80.25113678,53742,53752,10
13.07841969,80.25157928,53752,53762,10
13.07804966,80.25167847,53762,53772,10
13.07736015,80.25180817,53772,53782,10
13.07660961,80.25193787,53782,53793,11
13.07573986,80.25209808,53793,53803,10
13.07503986,80.25215912,53803,53819,16
13.0741396,80.25221252,53819,53831,12
13.07374954,80.252388,53831,53841,10
13.07338047,80.25240326,53841,53851,10
13.07266998,80.25231171,53851,53861,10
13.07221985,80.25193787,53861,53871,10
13.07207012,80.2512207,53871,53881,10
13.07186985,80.25060272,53881,53891,10
13.07164001,80.24984741,53891,53901,10
13.07143974,80.24891663,53901,53912,11
13.0711298,80.24772644,53912,53922,10
13.07071018,80.24677277,53922,53932,10
13.07022953,80.24577332,53932,53942,10
13.06978035,80.24469757,53942,53952,10
13.0692997,80.24330902,53952,53971,19
13.0692997,80.24330902,53971,53981,10
13.06923962,80.24299622,53981,53991,10
13.06892967,80.24240112,53991,54002,11
13.06807995,80.24259949,54002,54012,10
13.06723022,80.24295044,54012,54023,11
13.06632042,80.24333191,54023,54033,10
13.06610012,80.24398804,54033,54042,9
13.06618023,80.24465179,54042,54053,11
13.06632042,80.2454071,54053,54063,10
13.06690025,80.24601746,54063,54073,10
13.06772041,80.24642181,54073,54083,10
13.0678196,80.24652863,54083,54093,10
13.06785965,80.24662018,54093,54103,10
13.06791019,80.24707031,54103,54113,10
13.06785011,80.24762726,54113,54123,10
13.06742001,80.24787903,54123,54133,10
13.0666399,80.24781799,54133,54144,11
13.06564045,80.24777985,54144,54154,10
13.06451988,80.24768829,54154,54164,10
13.0635004,80.247612,54164,54174,10
13.06272984,80.24758148,54174,54184,10
13.06186008,80.24758148,54184,54194,10
13.06136036,80.2470932,54194,54204,10
13.06145954,80.24668884,54204,54214,10
13.06175995,80.24630737,54214,54224,10
13.06192017,80.24562073,54224,54234,10
13.06223011,80.24498749,54234,54245,11
13.06280041,80.24465179,54245,54255,10
13.06309986,80.24427795,54255,54265,10
13.06313992,80.24421692,54265,54275,10
13.0633297,80.24388885,54275,54285,10
13.06332016,80.24346161,54285,54295,10
13.06282043,80.24336243,54295,54305,10
13.06256008,80.24333954,54305,54315,10
13.06219959,80.24326324,54315,54325,10
13.0615797,80.24315643,54325,54335,10
13.06126022,80.24311829,54335,54345,10
13.06081963,80.24298096,54345,54355,10
13.06033993,80.24282837,54355,54366,11
13.05988026,80.24272919,54366,54376,10
13.05937958,80.2425766,54376,54386,10
13.05887985,80.24263,54386,54396,10
13.05877972,80.24266052,54396,54406,10
13.05869961,80.24269104,54406,54416,10
13.05828953,80.24272919,54416,54426,10
13.05757999,80.24282074,54426,54436,10
13.0571804,80.24279022,54436,54446,10
13.05690002,80.24269867,54446,54456,10
13.05642986,80.24253845,54456,54472,16
13.05552006,80.24227142,54472,54485,13
13.0544796,80.24236298,54485,54495,10
13.05370045,80.2421875,54495,54515,20
13.05370045,80.2421875,54515,54525,10
13.05364037,80.24217224,54525,54535,10
13.05360031,80.24214172,54535,54545,10
13.05350971,80.24208069,54545,54555,10
13.05315971,80.24194336,54555,54565,10
13.05249023,80.24163818,54565,54575,10
13.05212975,80.2410965,54575,54586,11
13.05187988,80.24073029,54586,54596,10
13.05156994,80.24067688,54596,54606,10
13.05084038,80.24051666,54606,54626,20
13.05084038,80.24051666,54626,54636,10
13.05062962,80.24047089,54636,54646,10
13.0500803,80.24035645,54646,54656,10
13.04936028,80.24021149,54656,54666,10
13.04864979,80.2400589,54666,54676,10
13.0483799,80.24001312,54676,54686,10
13.0479002,80.23989868,54686,54697,11
13.04749012,80.23982239,54697,54707,10
13.0468502,80.23967743,54707,54717,10
13.04625988,80.23951721,54717,54727,10
13.04613972,80.2394104,54727,54737,10
13.04627991,80.23908234,54737,54747,10
13.04642963,80.2385788,54747,54757,10
13.0466404,80.2378006,54757,54767,10
13.04681969,80.23706055,54767,54777,10
13.04695034,80.23628235,54777,54787,10
13.04701996,80.23580933,54787,54797,10
13.04703045,80.23558044,54797,54807,10
13.0471096,80.23512268,54807,54818,11
13.04718018,80.23429108,54818,54828,10
13.04728031,80.23358154,54828,54838,10
13.04724979,80.23309326,54838,54848,10
13.04668999,80.23300934,54848,54858,10
13.04592037,80.23282623,54858,54868,10
13.04514027,80.23269653,54868,54888,20
13.04514027,80.23269653,54888,54898,10
13.04496002,80.23264313,54898,54908,10
13.04442978,80.23249817,54908,54918,10
13.04364967,80.23236084,54918,54929,11
13.04283047,80.23232269,54929,54939,10
13.04213047,80.23232269,54939,54949,10
13.04137039,80.2321701,54949,54959,10
13.04053974,80.23188019,54959,54969,10
13.03971958,80.23166656,54969,54978,9
13.03894997,80.23146057,54978,54989,11
13.03792953,80.23113251,54989,54999,10
13.03678036,80.23074341,54999,55019,20
13.03678036,80.23074341,55019,55029,10
13.0364399,80.23066711,55029,55040,11
13.03540039,80.23033142,55040,55110,70
13.03540039,80.23033142,55110,55120,10
13.03516006,80.23029327,55120,55130,10
13.03472996,80.23029327,55130,55140,10
13.03423977,80.2303772,55140,55151,11
13.03347969,80.23042297,55151,55171,20
13.03347969,80.23042297,55171,55181,10
13.03328991,80.23043823,55181,55191,10
13.03271961,80.23049164,55191,55201,10
13.03195953,80.23058319,55201,55211,10
13.03125,80.2306366,55211,55221,10
13.03075027,80.23068237,55221,55231,10
13.03052044,80.23069763,55231,55241,10
13.03015995,80.23074341,55241,55251,10
13.02974033,80.23079681,55251,55272,21
13.02974033,80.23079681,55272,55282,10
13.0292902,80.23085785,55282,55292,10
13.02863026,80.23091888,55292,55302,10
13.02789974,80.23098755,55302,55312,10
13.02762032,80.23114014,55312,55322,10
13.02764988,80.23164368,55322,55332,10
13.02770042,80.23216248,55332,55348,16
13.02752018,80.23280334,55348,55360,12
13.02680969,80.23296356,55360,55431,71
13.02680969,80.23296356,55431,55441,10
13.02643967,80.23297882,55441,55451,10
13.02626038,80.23271179,55451,55462,11
13.0261097,80.23210144,55462,55472,10
13.02602005,80.23168182,55472,55482,10
13.02589989,80.23116302,55482,55493,11
13.02556038,80.23026276,55493,55503,10
13.02488995,80.22934723,55503,55513,10
13.02425957,80.22855377,55513,55523,10
13.0239296,80.2282486,55523,55533,10
13.0239296,80.22824097,55533,55543,10
13.02388954,80.22814941,55543,55553,10
13.02369022,80.22786713,55553,55563,10
13.02328014,80.22749329,55563,55573,10
13.02268028,80.22693634,55573,55583,10
13.02196026,80.22624207,55583,55593,10
13.0211401,80.22560883,55593,55604,11
13.02013969,80.22492218,55604,55614,10
13.01912022,80.22441101,55614,55624,10
13.01805973,80.22470093,55624,55634,10
13.01710033,80.22512054,55634,55644,10
13.01663971,80.2253418,55644,55654,10
13.01644039,80.22541809,55654,55664,10
13.01616955,80.22553253,55664,55674,10
13.01556969,80.2257309,55674,55684,10
13.01496029,80.22599792,55684,55704,20
13.01496029,80.22599792,55704,55715,11
13.0145998,80.22612,55715,55725,10
13.01418018,80.22628784,55725,55735,10
13.01416969,80.22628784,55735,55745,10
13.01414013,80.22631836,55745,55755,10
13.01371956,80.22647095,55755,55765,10
13.01309967,80.22670746,55765,55775,10
13.01241016,80.22698212,55775,55785,10
13.01179028,80.22721863,55785,55795,10
13.01093006,80.22756195,55795,55805,10
13.01006031,80.22792053,55805,55814,9
13.00930977,80.22825623,55814,55826,12
13.00895023,80.22931671,55826,55836,10
13.00874043,80.23040009,55836,55846,10
13.00858021,80.23152161,55846,55856,10
13.00835037,80.23259735,55856,55866,10
13.00825977,80.23336029,55866,55876,10
13.00823021,80.23348999,55876,55886,10
13.00815964,80.23374176,55886,55895,9
13.00809956,80.23390198,55895,55905,10
13.00800037,80.23444366,55905,55916,11
13.00786018,80.2350769,55916,55926,10
13.00771999,80.23583221,55926,55937,11
13.00753021,80.23683167,55937,55947,10
13.00736046,80.23773956,55947,55957,10
13.00716972,80.23877716,55957,55967,10
13.00697041,80.23975372,55967,56007,40
13.00697041,80.23975372,56007,56017,10
13.00693035,80.23986816,56017,56027,10
13.00687027,80.24024963,56027,56037,10
13.00685978,80.24051666,56037,56047,10
13.00683975,80.24060059,56047,56058,11
13.00677013,80.2410202,56058,56068,10
13.00671959,80.24172211,56068,56078,10
13.00669956,80.24259186,56078,56088,10
13.00667,80.24337769,56088,56098,10
13.00666046,80.24421692,56098,56108,10
13.00664043,80.24478912,56108,56118,10
13.00667953,80.2458725,56118,56128,10
13.00669956,80.24662781,56128,56138,10
13.00671959,80.2472229,56138,56148,10
13.00666046,80.24793243,56148,56159,11
13.00671959,80.24874878,56159,56169,10
13.00681973,80.24928284,56169,56179,10
13.00683022,80.24935913,56179,56189,10
13.0067997,80.24949646,56189,56199,10
13.0067997,80.24986267,56199,56209,10
13.00675011,80.25039673,56209,56219,10
13.00677013,80.25099945,56219,56249,30
13.00677013,80.25099945,56249,56259,10
13.00681019,80.25131989,56259,56269,10
13.00669003,80.25183868,56269,56280,11
13.00654984,80.25251007,56280,56290,10
13.00652027,80.25325775,56290,56300,10
13.00650978,80.25404358,56300,56310,10
13.00652027,80.25476074,56310,56320,10
13.00652027,80.25489044,56320,56330,10
13.00650024,80.25505066,56330,56340,10
13.00650024,80.25563049,56340,56350,10
13.00652027,80.25639343,56350,56360,10
13.00660992,80.25717163,56360,56370,10
13.00617981,80.25750732,56370,56380,10
13.00570011,80.25733185,56380,56391,11
13.00518036,80.25721741,56391,56401,10
13.00465012,80.25711823,56401,56411,10
13.0040102,80.2569809,56411,56421,10
13.0037899,80.25694275,56421,56432,11
13.00366974,80.25692749,56432,56440,8
13.00343037,80.25688171,56440,56451,11
13.00304031,80.25679779,56451,56461,10
13.00271034,80.25672913,56461,56471,10
13.00228024,80.25665283,56471,56532,61
13.00228024,80.25665283,56532,56542,10
13.00216007,80.25659943,56542,56552,10
13.00179958,80.25653839,56552,56562,10
13.00119972,80.2564621,56562,56572,10
13.00014019,80.25634003,56572,56602,30
13.00014019,80.25634003,56602,56612,10
12.99995995,80.25627899,56612,56623,11
12.99956036,80.25621796,56623,56633,10
12.99917984,80.25614166,56633,56643,10
12.99866962,80.25605011,56643,56653,10
12.99783993,80.25598145,56653,56683,30
12.99783993,80.25598145,56683,56693,10
12.99777985,80.25598145,56693,56703,10
12.99757957,80.25595856,56703,56713,10
12.99715996,80.25592804,56713,56724,11
12.99691963,80.25611115,56724,56734,10
12.99682999,80.25656128,56734,56754,20
12.99682999,80.25656128,56754,56764,10
12.99678993,80.25694275,56764,56774,10
12.99672985,80.25750732,56774,56784,10
12.99664974,80.25823975,56784,56794,10
12.9965601,80.25898743,56794,56804,10
12.99650002,80.25965881,56804,56814,10
12.99643993,80.26023102,56814,56824,10
12.99639988,80.26077271,56824,56834,10
12.9963398,80.26132202,56834,56845,11
12.99631023,80.26167297,56845,56855,10
12.99627972,80.26206207,56855,56865,10
12.99623013,80.26228333,56865,56875,10
12.99617958,80.26239777,56875,56885,10
12.99612045,80.26287842,56885,56895,10
12.99608994,80.26348877,56895,56905,10
12.99600029,80.264328,56905,56915,10
12.99590969,80.26515961,56915,56925,10
12.99580956,80.26608276,56925,56935,10
12.99571037,80.26692963,56935,56945,10
12.99567986,80.26747131,56945,56956,11
12.9960804,80.26766968,56956,56976,20
12.9960804,80.26766968,56976,56986,10
12.99617958,80.26766968,56986,56996,10
12.99662018,80.26770782,56996,57006,10
12.99736977,80.26753998,57006,57016,10
12.99785995,80.26740265,57016,57026,10
12.99822998,80.26731873,57026,57036,10
12.99903011,80.26708221,57036,57046,10
12.99985027,80.26676941,57046,57056,10
13.0,80.26660919,57056,57067,11
13.00008011,80.26650238,57067,57077,10
13.00016022,80.26609039,57077,57087,10
13.00020027,80.26573181,57087,57097,10
13.00030994,80.26577759,57097,58772,1675
13.00030994,80.26577759,58772,58782,10
13.00024033,80.26615143,58782,58792,10
13.0002203,80.26621246,58792,58802,10
13.00024033,80.26648712,58802,58812,10
13.00026035,80.26660156,58812,58822,10
13.00020027,80.26680756,58822,58832,10
12.99973965,80.26699066,58832,58842,10
12.99899006,80.2671814,58842,58852,10
12.99841976,80.26734161,58852,58863,11
12.99789047,80.26750183,58863,58873,10
12.99736023,80.26763153,58873,58883,10
12.99658012,80.26779175,58883,58893,10
12.99594021,80.26776886,58893,58903,10
12.99565029,80.26767731,58903,58913,10
12.99567986,80.26724243,58913,58933,20
12.99567986,80.26724243,58933,58943,10
12.99571991,80.26693726,58943,58953,10
12.99573994,80.26651001,58953,58963,10
12.99582005,80.26586151,58963,58973,10
12.99592972,80.26499939,58973,58984,11
12.99606037,80.26384735,58984,58994,10
12.99619961,80.26254272,58994,59014,20
12.99619961,80.26254272,59014,59024,10
12.99621964,80.26235199,59024,59034,10
12.99627018,80.2620163,59034,59044,10
12.9963398,80.26139069,59044,59054,10
12.99643993,80.26055145,59054,59064,10
12.99650955,80.25981903,59064,59074,10
12.99654961,80.25932312,59074,59084,10
12.99660969,80.25887299,59084,59095,11
12.99666977,80.25836945,59095,59105,10
12.99672985,80.25772858,59105,59115,10
12.99682045,80.25695038,59115,59125,10
12.99683952,80.25634003,59125,59155,30
12.99683952,80.25634003,59155,59165,10
12.99685001,80.25601959,59165,59175,10
12.99717999,80.25585938,59175,59185,10
12.99771976,80.25589752,59185,59195,10
12.99872017,80.2559967,59195,59226,31
12.99872017,80.2559967,59226,59236,10
12.99897003,80.25611877,59236,59246,10
12.99938965,80.25617981,59246,59256,10
12.99975967,80.25627899,59256,59266,10
13.00020027,80.25636292,59266,59276,10
13.00051975,80.25641632,59276,59327,51
13.00051975,80.25641632,59327,59337,10
13.00072002,80.25643158,59337,59347,10
13.00104046,80.25650024,59347,59359,12
13.00139999,80.25657654,59359,59369,10
13.00174046,80.25663757,59369,59379,10
13.00244045,80.25675201,59379,59389,10
13.00302982,80.25685883,59389,59399,10
13.00352001,80.25694275,59399,59409,10
13.00421047,80.25705719,59409,59420,11
13.00504017,80.25721741,59420,59431,11
13.00594044,80.25737762,59431,59461,30
13.00594044,80.25737762,59461,59471,10
13.00605965,80.2574234,59471,59481,10
13.00627995,80.25746155,59481,59491,10
13.00648022,80.25736237,59491,59501,10
13.00648975,80.25697327,59501,59511,10
13.00646973,80.25636292,59511,59521,10
13.00648022,80.25556946,59521,59531,10
13.00652027,80.25486755,59531,59542,11
13.00650024,80.25392914,59542,59552,10
13.00648975,80.2533493,59552,59562,10
13.00648022,80.25332642,59562,59572,10
13.00648975,80.25263977,59572,59632,60
13.00648975,80.25263977,59632,59642,10
13.00650024,80.252388,59642,59653,11
13.00662994,80.2517395,59653,59663,10
13.00673962,80.25105286,59663,59673,10
13.00671959,80.25029755,59673,59683,10
13.00671005,80.24968719,59683,59693,10
13.00671005,80.24964142,59693,59703,10
13.00669956,80.2492218,59703,59713,10
13.00666046,80.24854279,59713,59723,10
13.00662041,80.24809265,59723,59733,10
13.00660992,80.24778748,59733,59804,71
13.00660992,80.24778748,59804,59814,10
13.00664997,80.24741364,59814,59824,10
13.00662041,80.24681091,59824,59834,10
13.00656986,80.24664307,59834,59844,10
13.00658035,80.24661255,59844,59854,10
13.00662994,80.24632263,59854,59864,10
13.00662994,80.24611664,59864,59875,11
13.00662041,80.24546814,59875,59885,10
13.00660038,80.24507904,59885,59895,10
13.00658035,80.24463654,59895,59905,10
13.00660038,80.2442627,59905,59915,10
13.00658035,80.24378967,59915,59925,10
13.00654984,80.24326324,59925,59935,10
13.00652981,80.24246216,59935,59945,10
13.00652027,80.24167633,59945,59955,10
13.00652981,80.24152374,59955,59965,10
13.00654984,80.24131775,59965,59975,10
13.00662994,80.24059296,59975,59996,21
13.00662994,80.24059296,59996,60006,10
13.00666046,80.24049377,60006,60016,10
13.00675011,80.2401123,60016,60026,10
13.00689983,80.23937988,60026,60036,10
13.00704956,80.23860931,60036,60046,10
13.0071497,80.23809052,60046,60056,10
13.00728035,80.23753357,60056,60066,10
13.00736046,80.23693085,60066,60096,30
13.00736046,80.23693085,60096,60107,11
13.00741005,80.23671722,60107,60117,10
13.00741959,80.23670197,60117,60127,10
13.00747967,80.23651886,60127,60137,10
13.00759983,80.23597717,60137,60147,10
13.00771999,80.23531342,60147,60157,10
13.00782013,80.23477936,60157,60167,10
13.00796032,80.23410034,60167,60177,10
13.0081501,80.23316193,60177,60187,10
13.00837994,80.23206329,60187,60197,10
13.00860023,80.2309494,60197,60207,10
13.00879955,80.22992706,60207,60218,11
13.00909042,80.22852325,60218,60228,10
13.00951004,80.22741699,60228,60238,10
13.01000023,80.22634888,60238,60248,10
13.01043034,80.22551727,60248,60258,10
13.0106802,80.22498322,60258,60268,10
13.01078033,80.22470856,60268,60278,10
13.01097965,80.22428894,60278,60288,10
13.01119995,80.22376251,60288,60298,10
13.01124001,80.22360229,60298,60308,10
13.01138973,80.22329712,60308,60317,9
13.01158047,80.22281647,60317,60329,12
13.01187992,80.22206116,60329,60339,10
13.01216984,80.22161102,60339,60349,10
13.01239967,80.2216568,60349,60359,10
13.01270962,80.22202301,60359,60369,10
13.01292992,80.22228241,60369,60379,10
13.01327038,80.22264862,60379,60389,10
13.01371002,80.22315979,60389,60399,10
13.01424026,80.22364807,60399,60409,10
13.0146904,80.22415924,60409,60419,10
13.01498032,80.22454071,60419,60429,10
13.01546001,80.2249527,60429,60460,31
13.01546001,80.2249527,60460,60470,10
13.01566982,80.22515869,60470,60480,10
13.01632023,80.22534943,60480,60490,10
13.01716042,80.22509003,60490,60500,10
13.01813984,80.22467804,60500,60510,10
13.01908016,80.2243576,60510,60520,10
13.01968002,80.2244873,60520,60530,10
13.01992035,80.22467804,60530,60540,10
13.02025986,80.22493744,60540,60550,10
13.02071953,80.22525787,60550,60561,11
13.02120018,80.22566223,60561,60571,10
13.02167034,80.22596741,60571,60581,10
13.02200985,80.22619629,60581,60597,16
13.0221796,80.22637177,60597,60609,12
13.0227499,80.22689819,60609,60619,10
13.02336025,80.22744751,60619,60627,8
13.02381039,80.22786713,60627,60639,12
13.02443027,80.22859192,60639,60649,10
13.02464008,80.22891235,60649,60659,10
13.02492046,80.22930908,60659,60670,11
13.0254097,80.22991943,60670,60680,10
13.02571964,80.23036957,60680,60690,10
13.02581978,80.23053741,60690,60700,10
13.02589035,80.23075104,60700,60710,10
13.02595043,80.2309494,60710,60720,10
13.02600956,80.2312088,60720,60730,10
13.02614021,80.23139954,60730,60740,10
13.0266304,80.23130035,60740,60750,10
13.02744007,80.23108673,60750,60760,10
13.02818012,80.23097229,60760,60769,9
13.02844048,80.23091888,60769,60781,12
13.02867031,80.23091888,60781,60791,10
13.02912998,80.23088074,60791,60801,10
13.02947998,80.23084259,60801,60811,10
13.02989006,80.23079681,60811,60821,10
13.03028011,80.2307663,60821,60831,10
13.0303297,80.2307663,60831,60841,10
13.03054047,80.23075867,60841,60851,10
13.0307703,80.23074341,60851,60861,10
13.03112984,80.23071289,60861,60871,10
13.03162003,80.23065948,60871,60881,10
13.03232002,80.23059845,60881,60892,11
13.0329504,80.23055267,60892,60922,30
13.0329504,80.23055267,60922,60932,10
13.03312969,80.23059082,60932,60942,10
13.03332996,80.2305603,60942,60952,10
13.03349972,80.23053741,60952,61093,141
13.03349972,80.23053741,61093,61103,10
13.03388023,80.23059082,61103,61114,11
13.0341301,80.23052979,61114,61124,10
13.03429985,80.23049164,61124,61154,30
13.03429985,80.23049164,61154,61164,10
13.03468037,80.23040009,61164,61174,10
13.03495026,80.23052979,61174,61184,10
13.03495979,80.23062134,61184,61194,10
13.03495026,80.2307663,61194,61204,10
13.0349102,80.23117065,61204,61214,10
13.03483009,80.23178101,61214,61225,11
13.0346899,80.2328186,61225,61235,10
13.03462982,80.2334137,61235,61245,10
13.0345602,80.23390198,61245,61255,10
13.03448009,80.23454285,61255,61265,10
13.03437996,80.2352829,61265,61275,10
13.03429985,80.23602295,61275,61285,10
13.03419018,80.23712921,61285,61325,40
13.03419018,80.23712921,61325,61336,11
13.03427982,80.23744965,61336,61346,10
13.03452969,80.23783112,61346,61356,10
13.03483009,80.23827362,61356,61366,10
13.03514004,80.23879242,61366,61376,10
13.03540993,80.23919678,61376,61386,10
13.03575993,80.2394104,61386,61396,10
13.03600025,80.23941803,61396,61406,10
13.03656006,80.23947906,61406,61416,10
13.03724957,80.23957825,61416,61426,10
13.03800964,80.23967743,61426,61436,10
13.03874016,80.23976898,61436,61447,11
13.03934956,80.23986053,61447,61457,10
13.04010963,80.23995209,61457,61477,20
13.04010963,80.23995209,61477,61487,10
13.04028034,80.24001312,61487,61497,10
13.04037952,80.24028015,61497,61507,10
13.04039001,80.240448,61507,61517,10
13.04059982,80.2405777,61517,61527,10
13.04102039,80.24063873,61527,61537,10
13.04104042,80.24063873,61537,61547,10
13.04125977,80.24063873,61547,61558,11
13.04197025,80.2407608,61558,61568,10
13.04288006,80.24088287,61568,61578,10
13.04378033,80.24101257,61578,61588,10
13.04469967,80.2405014,61588,61618,30
13.04469967,80.2405014,61618,61628,10
13.04489994,80.24030304,61628,61638,10
13.04535961,80.23999786,61638,61648,10
13.04598999,80.23957825,61648,61658,10
13.04654026,80.23960876,61658,61668,10
13.0466404,80.23966217,61668,61679,11
13.04714012,80.23977661,61679,61689,10
13.04786015,80.23995209,61689,61699,10
13.04876995,80.24014282,61699,61709,10
13.04963017,80.24031067,61709,61719,10
13.05039024,80.24047089,61719,61729,10
13.05117035,80.2406311,61729,61739,10
13.0514698,80.24067688,61739,61749,10
13.05231953,80.24088287,61749,61820,71
13.05231953,80.24088287,61820,61830,10
13.05255985,80.24121094,61830,61840,10
13.05263042,80.241539,61840,61850,10
13.05307961,80.24191284,61850,61860,10
13.05403996,80.24228668,61860,61880,20
13.05403996,80.24228668,61880,61890,10
13.05426025,80.24234009,61890,61901,11
13.05494022,80.24236298,61901,61911,10
13.05580997,80.24233246,61911,61921,10
13.05657005,80.24265289,61921,61931,10
13.05702019,80.24273682,61931,61941,10
13.05753994,80.24284363,61941,61951,10
13.05792046,80.24278259,61951,61961,10
13.0583601,80.24266052,61961,61971,10
13.05891037,80.24256134,61971,61981,10
13.05947971,80.24255371,61981,61991,10
13.05970955,80.24263763,61991,62001,10
13.05998993,80.24272919,62001,62012,11
13.06035995,80.24285889,62012,62022,10
13.06075001,80.24299622,62022,62032,10
13.06128025,80.2431488,62032,62042,10
13.06188011,80.24326324,62042,62052,10
13.06239033,80.24337769,62052,62062,10
13.06249046,80.24339294,62062,62072,10
13.06254959,80.24339294,62072,62082,10
13.06301975,80.24349213,62082,62092,10
13.06340981,80.24356079,62092,62102,10
13.06398964,80.24356842,62102,62112,10
13.06462955,80.24359131,62112,62122,10
13.0651598,80.24359894,62122,62163,41
13.0651598,80.24359894,62163,62173,10
13.06546021,80.2435379,62173,62183,10
13.06593037,80.24349213,62183,62193,10
13.06624985,80.24340057,62193,62203,10
13.0666399,80.2432785,62203,62213,10
13.06715965,80.24308777,62213,62223,10
13.06777954,80.24282837,62223,62234,11
13.06853962,80.24260712,62234,62244,10
13.06919003,80.24236298,62244,62254,10
13.06993008,80.24210358,62254,62294,40
13.06993008,80.24210358,62294,62304,10
13.07013988,80.24205017,62304,62314,10
13.07067966,80.24192047,62314,62324,10
13.07147026,80.24163055,62324,62334,10
13.07240009,80.24108887,62334,62344,10
13.07330036,80.24073792,62344,62355,11
13.07408047,80.24053192,62355,62365,10
13.0749197,80.2405014,62365,62375,10
13.07583046,80.2405014,62375,62385,10
13.07649994,80.24054718,62385,62395,10
13.07674026,80.24060822,62395,62405,10
13.07701969,80.24060059,62405,62415,10
13.07711983,80.24033356,62415,62425,10
13.07697964,80.23973846,62425,62435,10
13.07680988,80.23902893,62435,62445,10
13.07666016,80.23854065,62445,62456,11
13.07653999,80.23806,62456,62466,10
13.07645988,80.23774719,62466,62476,10
13.0763998,80.2374115,62476,62486,10
13.0763998,80.23739624,62486,62496,10
13.0763998,80.23731232,62496,62506,10
13.07629013,80.23695374,62506,62516,10
13.07621956,80.23625946,62516,62526,10
13.07608986,80.23552704,62526,62535,9
13.07584,80.23445129,62535,62587,52
13.07584,80.23445129,62587,62597,10
13.07575989,80.23416138,62597,62607,10
13.07588005,80.23383331,62607,62617,10
13.07631969,80.23375702,62617,62627,10
13.07678986,80.23371124,62627,62637,10
13.07682037,80.23371124,62637,62647,10
13.07721043,80.23368073,62647,62657,10
13.07793045,80.2335968,62657,62667,10
13.07872963,80.23358917,62667,62678,11
13.07960033,80.23356628,62678,62688,10
13.08022022,80.2335434,62688,62698,10
13.08030987,80.2335434,62698,62708,10
13.0806303,80.23355865,62708,62718,10
13.08133984,80.2335968,62718,62728,10
13.08187962,80.23361969,62728,62738,10
13.08199024,80.23330688,62738,62748,10
13.08201981,80.233078,62748,62758,10
13.08203983,80.23284149,62758,62768,10
13.08213997,80.23249054,62768,62778,10
13.08234024,80.23188019,62778,62788,10
13.08250046,80.23137665,62788,62799,11
13.08269024,80.23098755,62799,62809,10
13.08296967,80.23069,62809,62819,10
13.08312988,80.23123932,62819,62829,10
13.08320045,80.2321701,62829,62839,10
13.08335018,80.23291779,62839,62849,10
13.08349991,80.23365784,62849,62859,10
13.08405972,80.23400116,62859,62878,19
13.08405972,80.23400116,62878,62888,10
13.08426952,80.23404694,62888,62900,12
13.08436012,80.23406982,62900,62910,10
13.08485031,80.23417664,62910,62920,10
13.08553982,80.23435211,62920,62930,10
13.08605003,80.23448944,62930,62940,10
13.08670044,80.23458099,62940,62951,11
13.08745956,80.23461914,62951,62962,11
13.08794022,80.23401642,62962,62972,10
13.08806992,80.23303986,62972,62982,10
13.08835983,80.23188782,62982,62992,10
13.08870983,80.23090363,62992,63002,10
13.08885956,80.23052979,63002,63013,11
13.08895969,80.23033905,63013,63023,10
13.08926964,80.22975922,63023,63033,10
13.0898304,80.22899628,63033,63043,10
13.09051037,80.2282486,63043,63052,9
13.09103966,80.22766876,63052,63062,10
13.09140015,80.22727966,63062,63073,11
13.09148026,80.227211,63073,63083,10
13.09193993,80.22675323,63083,63093,10
13.09257984,80.22609711,63093,63103,10
13.09325981,80.22541809,63103,63113,10
13.09381962,80.22476196,63113,63124,11
13.09453011,80.22383881,63124,63134,10
13.09506989,80.2228775,63134,63144,10
13.09525013,80.22238159,63144,63154,10
13.09529018,80.22228241,63154,63164,10
13.09549999,80.2217865,63164,63174,10
13.0958004,80.22097015,63174,63184,10
13.09597969,80.22045135,63184,63194,10
13.09619045,80.2197876,63194,63204,10
13.09620953,80.21974182,63204,63214,10
13.09638023,80.21927643,63214,63265,51
13.09638023,80.21927643,63265,63275,10
13.09644985,80.21910858,63275,63285,10
13.09659958,80.21868134,63285,63295,10
13.09685993,80.21788788,63295,63305,10
13.09722996,80.2168808,63305,63314,9
13.09762001,80.21591949,63314,63325,11
13.0980196,80.21497345,63325,63335,10
13.0981102,80.21476746,63335,63346,11
13.09815979,80.21472168,63346,63356,10
13.09831047,80.21437073,63356,63366,10
13.09854031,80.21399689,63366,63376,10
13.09901047,80.21417999,63376,63386,10
13.0995903,80.21434784,63386,63396,10
13.10025024,80.21453857,63396,63426,30
13.10025024,80.21453857,63426,63436,10
13.10035038,80.21459961,63436,63446,10
13.10056019,80.21489716,63446,63456,10
13.10021973,80.21562958,63456,63467,11
13.09994984,80.21608734,63467,63477,10
13.09990978,80.2158432,63477,63487,10
13.0999403,80.21573639,63487,63638,151
13.0999403,80.21573639,63638,63648,10
13.10000038,80.21566772,63648,63658,10
13.10015965,80.2154007,63658,63668,10
13.10027027,80.21515656,63668,64970,1302
13.10027027,80.21515656,64970,64980,10
13.10023975,80.21482849,64980,64990,10
13.10013008,80.21456146,64990,65000,10
13.0998497,80.21443939,65000,65010,10
13.09943008,80.21433258,65010,65020,10
13.09891987,80.21414948,65020,65031,11
13.0984602,80.21408081,65031,65041,10
13.09825039,80.21456909,65041,65051,10
13.09792042,80.21530151,65051,65061,10
13.09762955,80.21600342,65061,65071,10
13.09735012,80.21672058,65071,65081,10
13.09733009,80.21678162,65081,65091,10
13.09718037,80.2171402,65091,65101,10
13.09689999,80.21788788,65101,65111,10
13.09661961,80.21882629,65111,65121,10
13.09644985,80.21927643,65121,65131,10
13.09622002,80.21994019,65131,65142,11
13.09587955,80.22090149,65142,65152,10
13.09560013,80.22170258,65152,65162,10
13.09537029,80.22241211,65162,65172,10
13.09533978,80.2224884,65172,65182,10
13.09519005,80.22286224,65182,65192,10
13.09484959,80.22348022,65192,65202,10
13.09424973,80.22431183,65202,65212,10
13.09364986,80.2250824,65212,65222,10
13.09307957,80.22569275,65222,65231,9
13.09247017,80.22631073,65231,65241,10
13.09173012,80.22705841,65241,65253,12
13.09123993,80.2276001,65253,65263,10
13.09123039,80.22762299,65263,65273,10
13.09107971,80.22775269,65273,65283,10
13.09068012,80.2281723,65283,65293,10
13.09008026,80.22882843,65293,65303,10
13.08944035,80.22960663,65303,65313,10
13.08917999,80.2301178,65313,65323,10
13.0890398,80.23043823,65323,65333,10
13.08882999,80.23088837,65333,65343,10
13.08882046,80.23091888,65343,65353,10
13.08868027,80.23117828,65353,65364,11
13.08852959,80.23155212,65364,65374,10
13.08831978,80.23226166,65374,65384,10
13.08810043,80.23319244,65384,65394,10
13.0880003,80.23401642,65394,65404,10
13.08757973,80.23455811,65404,65414,10
13.08691978,80.23454285,65414,65424,10
13.08635044,80.23445892,65424,65434,10
13.08609962,80.23441315,65434,65444,10
13.0859499,80.23436737,65444,65454,10
13.0853796,80.23423767,65454,65464,10
13.08473969,80.23406982,65464,65475,11
13.08413029,80.23394775,65475,65485,10
13.08386993,80.23387909,65485,65495,10
13.08378029,80.23387909,65495,65505,10
13.08335018,80.23381042,65505,65515,10
13.08290958,80.23374939,65515,65525,10
13.08246994,80.23362732,65525,65535,10
13.08240032,80.23361969,65535,65545,10
13.08222961,80.23358154,65545,65555,10
13.08183956,80.2335434,65555,65565,10
13.08113003,80.23352814,65565,65575,10
13.08038998,80.23352051,65575,65586,11
13.0795002,80.23348999,65586,65606,20
13.0795002,80.23348999,65606,65616,10
13.0790596,80.23352051,65616,65626,10
13.0785799,80.23355103,65626,65636,10
13.0781002,80.23356628,65636,65646,10
13.0775404,80.2335968,65646,65656,10
13.07656002,80.23377991,65656,65666,10
13.07606983,80.23387909,65666,65676,10
13.07590961,80.2338562,65676,65686,10
13.07581043,80.23403931,65686,65697,11
13.07588959,80.23461914,65697,65707,10
13.07606983,80.23542786,65707,65717,10
13.07625961,80.23635864,65717,65727,10
13.07641029,80.23712921,65727,65737,10
13.07647991,80.23732758,65737,65747,10
13.07653999,80.23737335,65747,65757,10
13.07660007,80.23777771,65757,65766,9
13.07668018,80.2383728,65766,65776,10
13.0768404,80.23906708,65776,65786,10
13.07699966,80.23973846,65786,65797,11
13.07715988,80.24037933,65797,65808,11
13.07734966,80.24114227,65808,65818,10
13.07744026,80.24167633,65818,65828,10
13.07761955,80.24243927,65828,65838,10
13.07773018,80.2432785,65838,65848,10
13.07775974,80.24401855,65848,65858,10
13.07781029,80.24481964,65858,65868,10
13.07787037,80.24558258,65868,65878,10
13.07793045,80.24620056,65878,65888,10
13.07806015,80.24694824,65888,65898,10
13.07822037,80.24784088,65898,65908,10
13.07839966,80.24871063,65908,65918,10
13.07855988,80.24919891,65918,65929,11
13.07868004,80.2498703,65929,65939,10
13.07853031,80.25047302,65939,65949,10
13.07853031,80.25126648,65949,65999,50
13.07853031,80.25126648,65999,66009,10
13.07863045,80.25160217,66009,66070,61
13.07863045,80.25160217,66070,66080,10
13.0781498,80.25170135,66080,66090,10
13.07769012,80.25179291,66090,66100,10
13.07721043,80.25187683,66100,66110,10
13.07676029,80.25199127,66110,66120,10
13.07621956,80.25218964,66120,66130,10
13.07604027,80.25216675,66130,66140,10
13.07584,80.25219727,66140,66151,11
13.07544041,80.25222015,66151,66161,10
13.07513046,80.25224304,66161,66171,10
13.07472038,80.25227356,66171,66181,10
13.07427979,80.2522583,66181,66191,10
13.07398987,80.25231934,66191,66201,10
13.07369995,80.25244904,66201,66211,10
13.07316017,80.25241852,66211,66221,10
13.07254982,80.25238037,66221,66231,10
13.07217979,80.25211334,66231,66241,10
13.07203007,80.25147247,66241,66252,11
13.07186985,80.25064087,66252,66262,10
13.07168961,80.25006104,66262,66272,10
13.07153034,80.24942017,66272,66282,10
13.07139015,80.24855804,66282,66292,10
13.07114029,80.24775696,66292,66302,10
13.07083988,80.24703979,66302,66312,10
13.07046986,80.24632263,66312,66322,10
13.0700798,80.24542999,66322,66331,9
13.06976032,80.24462891,66331,66341,10
13.06952953,80.24394226,66341,66352,11
13.06933022,80.24340057,66352,66362,10
13.0692997,80.24330902,66362,66373,11
13.06925964,80.24313354,66373,66383,10
13.06919956,80.24266052,66383,66393,10
13.06886005,80.24247742,66393,66403,10
13.06834984,80.24259949,66403,66413,10
13.06770039,80.24281311,66413,66423,10
13.0671196,80.24308014,66423,66433,10
13.06671047,80.24324036,66433,66443,10
13.06641006,80.24336243,66443,66453,10
13.06610012,80.24375153,66453,66463,10
13.0661602,80.24433136,66463,66473,10
13.06620026,80.24472046,66473,66484,11
13.06624031,80.24498749,66484,66494,10
13.0662899,80.24537659,66494,66504,10
13.06655979,80.24595642,66504,66514,10
13.06735039,80.24630737,66514,66524,10
13.06783009,80.24662781,66524,66534,10
13.06783009,80.24664307,66534,66544,10
13.06791019,80.24703979,66544,66554,10
13.06785965,80.24768829,66554,66564,10
13.06752968,80.24791718,66564,66574,10
13.06669998,80.24788666,66574,66584,10
13.06585026,80.24781036,66584,66595,11
13.06472015,80.24771881,66595,66605,10
13.06381989,80.24765778,66605,66614,9
13.06313992,80.24762726,66614,66625,11
13.06239033,80.24758911,66625,66635,10
13.06173038,80.24742126,66635,66645,10
13.06138039,80.24707794,66645,66655,10
13.06153965,80.24674988,66655,66665,10
13.06179047,80.24632263,66665,66675,10
13.0619297,80.24550629,66675,66685,10
13.06254005,80.24490356,66685,66695,10
13.06305981,80.24440765,66695,66696,1
13.06307983,80.24437714,66696,66736,40
13.06340981,80.24372101,66736,66746,10
13.06317997,80.24347687,66746,66756,10
13.0627203,80.24337769,66756,66766,10
13.06229973,80.2432785,66766,66776,10
13.06175995,80.24317169,66776,66786,10
13.06124973,80.2430191,66786,66796,10
13.06075001,80.24289703,66796,66806,10
13.06050014,80.24282837,66806,66816,10
13.06013966,80.24272156,66816,66832,16
13.05935001,80.24246979,66832,66840,8
13.05889034,80.24256134,66840,66852,12
13.0587101,80.24259949,66852,66862,10
13.05832958,80.24266052,66862,66872,10
13.05760956,80.24276733,66872,66882,10
13.05702972,80.2427597,66882,66933,51
13.05702972,80.2427597,66933,66943,10
13.05685997,80.24263,66943,66953,10
13.05638981,80.24250031,66953,66963,10
13.0559597,80.24230194,66963,66973,10
13.05500031,80.24230194,66973,66983,10
13.05440998,80.24234772,66983,66993,10
13.05408001,80.24228668,66993,67003,10
13.05373001,80.2421875,67003,67013,10
13.05370045,80.24217987,67013,67023,10
13.05360031,80.24211884,67023,67033,10
13.05356026,80.24208832,67033,67044,11
13.05319977,80.24194336,67044,67084,40
13.05319977,80.24194336,67084,67094,10
13.05296993,80.24185181,67094,67104,10
13.05257988,80.24172211,67104,67114,10
13.05220032,80.24121857,67114,67124,10
13.05200958,80.2408905,67124,67134,10
13.05183983,80.24073029,67134,67144,10
13.05150032,80.24066925,67144,67155,11
13.05107021,80.24056244,67155,67165,10
13.05088997,80.24051666,67165,67175,10
13.05047035,80.24041748,67175,67185,10
13.05004978,80.24034119,67185,67195,10
13.05004025,80.24034119,67195,67205,10
13.04981041,80.24028015,67205,67215,10
13.04942036,80.2401886,67215,67225,10
13.04895973,80.24008942,67225,67235,10
13.04868984,80.2400589,67235,67245,10
13.04823971,80.23995972,67245,67255,10
13.0479002,80.23989105,67255,67266,11
13.04765034,80.23983002,67266,67275,9
13.04716015,80.23970795,67275,67286,11
13.04650021,80.23957825,67286,67296,10
13.04623985,80.23953247,67296,67326,30
13.04623985,80.23953247,67326,67336,10
13.04609966,80.23940277,67336,67346,10
13.04623985,80.2390976,67346,67356,10
13.04638004,80.23847961,67356,67366,10
13.04650974,80.23789215,67366,67377,11
13.04664993,80.23708344,67377,67387,10
13.04683971,80.2363205,67387,67396,9
13.04693031,80.2359314,67396,67407,11
13.04699039,80.23565674,67407,67417,10
13.04705048,80.23519897,67417,67427,10
13.04714012,80.23464203,67427,67437,10
13.04716015,80.23397827,67437,67447,10
13.04726028,80.23329926,67447,67477,30
13.04726028,80.23329926,67477,67488,11
13.04716015,80.23301697,67488,67498,10
13.04664993,80.23294067,67498,67508,10
13.0461998,80.23281097,67508,67518,10
13.04518032,80.23262024,67518,67538,20
13.04518032,80.23262024,67538,67548,10
13.04506969,80.23262024,67548,67558,10
13.04483986,80.23256683,67558,67568,10
13.04432011,80.23246765,67568,67578,10
13.04354954,80.23232269,67578,67588,10
13.04279995,80.2322998,67588,67598,10
13.04207993,80.23229218,67598,67609,11
13.0411396,80.23209381,67609,67619,10
13.04014015,80.23174286,67619,67629,10
13.0391798,80.23148346,67629,67639,10
13.03829002,80.23123169,67639,67649,10
13.0377903,80.23105621,67649,67659,10
13.03742027,80.23088837,67659,67689,30
13.03742027,80.23088837,67689,67699,10
13.03732014,80.23069763,67699,67710,11
13.03705978,80.23072052,67710,67860,150
13.03705978,80.23072052,67860,67870,10
13.03695965,80.23082733,67870,67880,10
13.03676033,80.23078156,67880,67890,10
13.03652954,80.23068237,67890,67900,10
13.03629971,80.23059082,67900,68042,142
13.03629971,80.23059082,68042,68052,10
13.03604031,80.2305603,68052,68062,10
13.03584003,80.23046875,68062,68072,10
13.03555965,80.23040009,68072,68082,10
13.0353899,80.2303772,68082,68092,10
13.03512955,80.23030853,68092,68100,8
13.03485012,80.23032379,68100,68112,12
13.03481007,80.23032379,68112,68122,10
13.03452015,80.23034668,68122,68132,10
13.03439045,80.2303772,68132,68142,10
13.03411961,80.23042297,68142,68153,11
13.03372955,80.23046112,68153,68163,10
13.03341961,80.23049164,68163,68173,10
13.03337955,80.23049164,68173,68183,10
13.03330994,80.23049927,68183,68193,10
13.03283978,80.23052979,68193,68202,9
13.0322504,80.23059082,68202,68213,11
13.03141975,80.23065948,68213,68233,20
13.03129959,80.23065948,68233,68274,41
13.03129959,80.23065948,68274,68284,10
13.03106022,80.23069,68284,68294,10
13.03075027,80.23071289,68294,68314,20
13.03075027,80.23071289,68314,68324,10
13.03059959,80.23069763,68324,68334,10
13.02995968,80.23078156,68334,68364,30
13.02980995,80.23078156,68364,68455,91
13.02980995,80.23078156,68455,68465,10
13.02960014,80.23078156,68465,68475,10
13.02917957,80.23079681,68475,68486,11
13.02838993,80.23090363,68486,68496,10
13.02773952,80.23095703,68496,68505,9
13.02764034,80.23120117,68505,68516,11
13.02770042,80.23177338,68516,68526,10
13.02779961,80.23236084,68526,68536,10
13.02772999,80.23277283,68536,68546,10
13.02682018,80.23294067,68546,68667,121
13.02682018,80.23294067,68667,68677,10
13.02661991,80.23297882,68677,68687,10
13.02647972,80.23300934,68687,68697,10
13.02639008,80.2329483,68697,68708,11
13.0262804,80.23274231,68708,68718,10
13.02622032,80.23253632,68718,68727,9
13.02616024,80.23232269,68727,68738,11
13.02610016,80.23197937,68738,68748,10
13.02602005,80.23165131,68748,68758,10
13.02595997,80.23135376,68758,68768,10
13.02575016,80.23068237,68768,68778,10
13.02532959,80.22995758,68778,68788,10
13.02503014,80.22956848,68788,68798,10
13.02482986,80.22934723,68798,68808,10
13.02466011,80.22914124,68808,68818,10
13.02443027,80.22884369,68818,68829,11
13.02400017,80.22834015,68829,68839,10
13.02392006,80.22824097,68839,68849,10
13.02390957,80.22823334,68849,68859,10
13.02371025,80.22795105,68859,68869,10
13.02334023,80.22759247,68869,68879,10
13.02295971,80.22717285,68879,68889,10
13.02243042,80.2266922,68889,68899,10
13.02173996,80.22609711,68899,68909,10
13.02108002,80.2256012,68909,68919,10
13.02050972,80.22518921,68919,68929,10
13.02000046,80.22486115,68929,68940,11
13.01939011,80.22450256,68940,68950,10
13.01861,80.22451782,68950,68960,10
13.0177002,80.2248764,68960,68970,10
13.01681995,80.22521973,68970,68980,10
13.01644993,80.22537994,68980,68990,10
13.01624012,80.2254715,68990,69000,10
13.01580048,80.22563934,69000,69010,10
13.01517963,80.22589874,69010,69020,10
13.01443958,80.22618866,69020,69051,31
13.01443958,80.22618866,69051,69061,10
13.01422024,80.22627258,69061,69071,10
13.01371956,80.22646332,69071,69081,10
13.01301003,80.22673035,69081,69091,10
13.01224041,80.22702789,69091,69101,10
13.0112896,80.22740173,69101,69111,10
13.01035976,80.22776794,69111,69121,10
13.00963974,80.22808075,69121,69131,10
13.00909996,80.2286377,69131,69141,10
13.00889969,80.2296524,69141,69151,10
13.0087204,80.23062134,69151,69162,11
13.00854015,80.23156738,69162,69172,10
13.00837994,80.23246765,69172,69182,10
13.00825977,80.23325348,69182,69192,10
13.00821972,80.23351288,69192,69202,10
13.00817013,80.23364258,69202,69212,10
13.00804043,80.23415375,69212,69222,10
13.00788021,80.23490906,69222,69232,10
13.00771046,80.23577118,69232,69242,10
13.00761032,80.23636627,69242,69252,10
13.00749016,80.23693848,69252,69262,10
13.00737,80.23755646,69262,69273,11
13.00728035,80.23806763,69273,69283,10
13.00720024,80.23845673,69283,69293,10
13.00710011,80.23905182,69293,69303,10
13.00695038,80.23982239,69303,69412,109
13.00695038,80.23982239,69412,69422,10
13.00687027,80.24027252,69422,69432,10
13.0067997,80.24079132,69432,69452,20
13.0067997,80.24079132,69452,69462,10
13.00673962,80.2411499,69462,69472,10
13.00669956,80.24185944,69472,69482,10
13.00669956,80.24243164,69482,69493,11
13.00669003,80.24263763,69493,69503,10
13.00667953,80.24298096,69503,69533,30
13.00667953,80.24298096,69533,69543,10
13.00667,80.24356079,69543,69553,10
13.00667,80.24398804,69553,69563,10
13.00666046,80.24445343,69563,69573,10
13.00666046,80.24491119,69573,69583,10
13.00667953,80.2453537,69583,69593,10
13.00667953,80.24584198,69593,69604,11
13.00671005,80.24642944,69604,69614,10
13.00671005,80.24712372,69614,69624,10
13.00669956,80.24793243,69624,69634,10
13.00675011,80.24881744,69634,69650,16
13.00683975,80.24964142,69650,69662,12
13.00681973,80.24968719,69662,69672,10
13.0067997,80.24996948,69672,69682,10
13.00681019,80.2509079,69682,69702,20
13.00681019,80.2509079,69702,69712,10
13.0067997,80.2512207,69712,69722,10
13.00671959,80.25160217,69722,69733,11
13.00658035,80.25218201,69733,69743,10
13.00658989,80.25260925,69743,69753,10
13.00662994,80.25314331,69753,69763,10
13.00658035,80.25359344,69763,70146,383
13.00658035,80.25359344,70146,70157,11
13.00658989,80.25367737,70157,70167,10
13.00660038,80.25411987,70167,70177,10
13.00658035,80.25440216,70177,70187,10
13.00658035,80.25469208,70187,70197,10
13.00656986,80.25502777,70197,70207,10
13.00658035,80.2556076,70207,70217,10
13.00658035,80.25614166,70217,70227,10
13.00658035,80.25618744,70227,70237,10
13.00656986,80.25634003,70237,70247,10
13.00660038,80.25682068,70247,70257,10
13.00664043,80.25730133,70257,70268,11
13.00683975,80.25791168,70268,70278,10
13.00720024,80.25840759,70278,70288,10
13.00763988,80.25875854,70288,70298,10
13.00800037,80.25891876,70298,70308,10
13.00798035,80.25917053,70308,70318,10
13.00769997,80.2592926,70318,70328,10
13.00737953,80.25913239,70328,70333,5
13.00728035,80.25887299,70333,70348,15
13.00685978,80.25814056,70348,70358,10
13.00667953,80.25782013,70358,70378,20
13.00667953,80.25782013,70378,70389,11
13.00658035,80.25775146,70389,70399,10
13.00646973,80.2574234,70399,70409,10
13.0064497,80.2571106,70409,70419,10
13.00640965,80.25686646,70419,70442,23
13.00642014,80.255867,70442,70454,12
13.00642967,80.25540924,70454,70464,10
13.00646019,80.25499725,70464,70474,10
13.00644016,80.25460052,70474,70565,91
13.00644016,80.25460052,70565,70575,10
13.00642014,80.25421906,70575,70585,10
13.00642967,80.25415802,70585,70595,10
13.00644016,80.25370789,70595,70616,21
13.00644016,80.25370789,70616,70626,10
13.00644016,80.25351715,70626,70636,10
13.00644016,80.253479,70636,70646,10
13.00644016,80.25319672,70646,70666,20
13.00644016,80.25319672,70666,70676,10
13.00640965,80.25283051,70676,70717,41
13.00640965,80.25283051,70717,70727,10
13.00646019,80.25274658,70727,70737,10
13.00646973,80.25256348,70737,70747,10
13.00648975,80.25232697,70747,70757,10
13.00660038,80.25173187,70757,70767,10
13.00671005,80.25092316,70767,70777,10
13.00671959,80.25003052,70777,70787,10
13.00669003,80.24919891,70787,70797,10
13.00660992,80.24820709,70797,70868,71
13.00660992,80.24820709,70868,70878,10
13.00662041,80.24800873,70878,70888,10
13.00660038,80.24755096,70888,70898,10
13.00660992,80.24694824,70898,70908,10
13.00656986,80.24671173,70908,70918,10
13.00656033,80.24649811,70918,70928,10
13.00656033,80.24645996,70928,70939,11
13.00658035,80.24595642,70939,70949,10
13.00658035,80.24565887,70949,70959,10
13.00656033,80.2452774,70959,70969,10
13.00656033,80.24506378,70969,70979,10
13.0065403,80.24488068,70979,70989,10
13.00656033,80.24472809,70989,70999,10
13.00660038,80.24447632,70999,71009,10
13.00662994,80.24429321,71009,71019,10
13.00660038,80.2440033,71019,71029,10
13.00658035,80.24371338,71029,71039,10
13.00656033,80.24331665,71039,71050,11
13.0065403,80.24268341,71050,71060,10
13.0065403,80.24176788,71060,71070,10
13.00666046,80.24057007,71070,71100,30
13.00666046,80.24057007,71100,71110,10
13.00666046,80.24041748,71110,71120,10
13.00675964,80.23995209,71120,71130,10
13.00689983,80.239151,71130,71140,10
13.00708008,80.23828888,71140,71150,10
13.0072403,80.23758698,71150,71161,11
13.00734997,80.23692322,71161,71171,10
13.00736046,80.23683167,71171,71187,16
13.00739956,80.23670197,71187,71199,12
13.00755978,80.23612213,71199,71209,10
13.00771999,80.2353363,71209,71219,10
13.00790977,80.23435974,71219,71229,10
13.00815964,80.23322296,71229,71239,10
13.00835037,80.23223114,71239,71249,10
13.00856018,80.23114014,71249,71259,10
13.00874043,80.23020172,71259,71269,10
13.00895023,80.22915649,71269,71281,12
13.00918961,80.22814178,71281,71291,10
13.00946999,80.2274704,71291,71300,9
13.00986004,80.22659302,71300,71311,11
13.01031017,80.22572327,71311,71321,10
13.01066971,80.22498322,71321,71331,10
13.01093006,80.22428131,71331,71341,10
13.01117992,80.22371674,71341,71351,10
13.01142025,80.22312164,71351,71361,10
13.01167011,80.22242737,71361,71371,10
13.01187992,80.22176361,71371,71382,11
13.01214027,80.22145844,71382,71392,10
13.01235008,80.22151947,71392,71401,9
13.01263046,80.22187805,71401,71412,11
13.01307011,80.22242737,71412,71422,10
13.01356983,80.22299957,71422,71431,9
13.01408005,80.22344971,71431,71442,11
13.01447964,80.22389221,71442,71452,10
13.01492023,80.22445679,71452,71462,10
13.01506042,80.22460938,71462,71472,10
13.01511002,80.22467804,71472,71482,10
13.01531982,80.22489166,71482,71493,11
13.0153904,80.22492218,71493,71503,10
13.01548958,80.22498322,71503,71513,10
13.01568031,80.22516632,71513,71523,10
13.0157299,80.22519684,71523,71533,10
13.01616001,80.22532654,71533,71543,10
13.01688957,80.22518158,71543,71553,10
13.01778984,80.22480774,71553,71563,10
13.01869011,80.22445679,71563,71573,10
13.01945972,80.22444153,71573,71583,10
13.01998043,80.2247467,71583,71593,10
13.02048016,80.22512817,71593,71604,11
13.02108955,80.22556305,71604,71613,9
13.02194023,80.22614288,71613,71634,21
13.02194023,80.22614288,71634,71644,10
13.02208042,80.22628021,71644,71654,10
13.0223999,80.22657776,71654,71664,10
13.02285957,80.22699738,71664,71674,10
13.02340031,80.2275238,71674,71684,10
13.02398968,80.22805786,71684,71694,10
13.02431965,80.22840118,71694,71704,10
13.02443981,80.22862244,71704,71715,11
13.0248003,80.22914886,71715,71725,10
13.02528,80.2297821,71725,71735,10
13.02573013,80.23049927,71735,71745,10
13.0259304,80.23101044,71745,71755,10
13.02597046,80.23117828,71755,71765,10
13.02598,80.23119354,71765,71775,10
13.02612019,80.2313385,71775,71785,10
13.02665043,80.2312088,71785,71795,10
13.02725029,80.23104095,71795,71815,20
13.02725029,80.23104095,71815,71826,11
13.02744961,80.23098755,71826,71836,10
13.02764988,80.23097229,71836,71846,10
13.02783966,80.2309494,71846,71856,10
13.02787018,80.23094177,71856,71866,10
13.02828979,80.23091888,71866,71916,50
13.02828979,80.23091888,71916,71926,10
13.02865982,80.23088837,71926,71937,11
13.02884007,80.23088074,71937,71947,10
13.02912998,80.23084259,71947,71956,9
13.02945042,80.23079681,71956,71967,11
13.03001976,80.23074341,71967,71977,10
13.03009033,80.23074341,71977,71987,10
13.0303297,80.23072052,71987,71997,10
13.03038979,80.23072052,71997,72007,10
13.03057957,80.23071289,72007,72017,10
13.03098965,80.23068237,72017,72027,10
13.03162003,80.23062897,72027,72037,10
13.03232002,80.23058319,72037,72048,11
13.03324032,80.23049927,72048,72118,70
13.03324032,80.23049927,72118,72128,10
13.03337955,80.2305069,72128,72138,10
13.0336504,80.23049164,72138,72148,10
13.03394032,80.23046112,72148,72158,10
13.03421021,80.23040009,72158,72219,61
13.03454018,80.23034668,72219,72290,71
13.03454018,80.23034668,72290,72300,10
13.03477955,80.23033905,72300,72310,10
13.03489971,80.23052979,72310,72320,10
13.03489971,80.23078156,72320,72330,10
13.03489971,80.2308197,72330,72340,10
13.03487968,80.23104095,72340,72350,10
13.03479004,80.23165894,72350,72360,10
13.03468037,80.23238373,72360,72370,10
13.03460026,80.23300934,72370,72380,10
13.03454971,80.23355103,72380,72391,11
13.0344696,80.23413086,72391,72401,10
13.03441048,80.23471069,72401,72411,10
13.03431988,80.23538208,72411,72421,10
13.03423977,80.23606873,72421,72431,10
13.03417015,80.23683929,72431,72441,10
13.03433037,80.23748779,72441,72451,10
13.03448963,80.23777008,72451,72461,10
13.03472042,80.23815155,72461,72471,10
13.03495026,80.23851776,72471,72481,10
13.0352602,80.23903656,72481,72491,10
13.03555012,80.23932648,72491,72502,11
13.03588963,80.23935699,72502,72512,10
13.03649998,80.23943329,72512,72522,10
13.03717995,80.23951721,72522,72532,10
13.03783035,80.23960114,72532,72542,10
13.03841019,80.23966217,72542,72552,10
13.03890991,80.23973846,72552,72562,10
13.0392704,80.23979187,72562,72572,10
13.03981972,80.23986816,72572,72582,10
13.0401001,80.23989868,72582,72591,9
13.04030037,80.24002838,72591,72601,10
13.04030991,80.24037933,72601,72613,12
13.0410099,80.24054718,72613,72633,20
13.0410099,80.24054718,72633,72643,10
13.04141998,80.24060059,72643,72653,10
13.0420599,80.2407074,72653,72663,10
13.04286003,80.24082184,72663,72673,10
13.04349041,80.24092865,72673,72683,10
13.04403019,80.24092102,72683,72693,10
13.04442024,80.24063873,72693,72703,10
13.04493999,80.24028015,72703,72713,10
13.04543972,80.23995209,72713,72724,11
13.04588985,80.23961639,72724,72734,10
13.04609013,80.23951721,72734,72744,10
13.04615021,80.2395401,72744,72754,10
13.04646015,80.23959351,72754,72764,10
13.04652977,80.23960876,72764,72774,10
13.04685974,80.23970795,72774,72784,10
13.04726982,80.23977661,72784,72794,10
13.04769993,80.23986816,72794,72804,10
13.04819012,80.23995209,72804,72814,10
13.04858017,80.24002075,72814,72824,10
13.04895973,80.2401123,72824,72835,11
13.04944038,80.24021149,72835,72845,10
13.05006027,80.2403183,72845,72855,10
13.05078983,80.2405014,72855,72865,10
13.0510397,80.24056244,72865,72875,10
13.05117035,80.24060059,72875,72885,10
13.05154991,80.24067688,72885,72895,10
13.05228043,80.24080658,72895,72946,51
13.05228043,80.24080658,72946,72956,10
13.05239964,80.24093628,72956,72966,10
13.05249977,80.24124908,72966,72976,10
13.05257988,80.24154663,72976,72986,10
13.05313969,80.24188995,72986,72996,10
13.05414009,80.24228668,72996,73016,20
13.05414009,80.24228668,73016,73026,10
13.05424023,80.24234009,73026,73036,10
13.05471992,80.24236298,73036,73046,10
13.05539989,80.24224091,73046,73057,11
13.05648994,80.24259949,73057,73097,40
13.05648994,80.24259949,73097,73107,10
13.05659008,80.24263763,73107,73117,10
13.05694962,80.24266815,73117,73127,10
13.05739975,80.24282074,73127,73137,10
13.05786037,80.2427597,73137,73147,10
13.05848026,80.24262238,73147,73157,10
13.05904007,80.24250793,73157,73168,11
13.05963993,80.2425766,73168,73178,10
13.06011009,80.24273682,73178,73188,10
13.06060982,80.24291229,73188,73198,10
13.06110001,80.24308014,73198,73208,10
13.06147957,80.24314117,73208,73218,10
13.06190014,80.24321747,73218,73228,10
13.06212044,80.2432785,73228,73238,10
13.06241035,80.24333191,73238,73254,16
13.06241989,80.24333191,73254,73266,12
13.06258965,80.24337769,73266,73275,9
13.06291962,80.24343872,73275,73287,12
13.06357002,80.24352264,73287,73296,9
13.06408024,80.24353027,73296,73307,11
13.06478977,80.24353027,73307,73317,10
13.06527042,80.24349976,73317,73356,39
13.06527042,80.24349976,73356,73368,12
13.0655899,80.24349213,73368,73378,10
13.06602001,80.24343872,73378,73389,11
13.06645966,80.24331665,73389,73399,10
13.06690979,80.24311829,73399,73409,10
13.06750011,80.24288177,73409,73419,10
13.06816959,80.24266815,73419,73429,10
13.06865978,80.24252319,73429,73439,10
13.06921959,80.24227142,73439,73449,10
13.06984043,80.24210358,73449,73489,40
13.06984043,80.24210358,73489,73500,11
13.07026005,80.2420578,73500,73510,10
13.07057953,80.24194336,73510,73520,10
13.07120991,80.24172211,73520,73530,10
13.07188988,80.24140167,73530,73540,10
13.07250977,80.24099731,73540,73550,10
13.0731802,80.2407608,73550,73560,10
13.0737896,80.2405777,73560,73570,10
13.07450008,80.24050903,73570,73580,10
13.07528973,80.24049377,73580,73590,10
13.07608032,80.24049377,73590,73600,10
13.07672024,80.2405777,73600,73611,11
13.07699966,80.2405777,73611,73621,10
13.07707977,80.2403183,73621,73631,10
13.07695007,80.23970032,73631,73641,10
13.07678032,80.23898315,73641,73651,10
13.0766201,80.23834229,73651,73661,10
13.07649994,80.23784637,73661,73671,10
13.0763998,80.23745728,73671,73681,10
13.07631969,80.23709869,73681,73711,30
13.07631969,80.23709869,73711,73722,11
13.0762701,80.23680115,73722,73732,10
13.07619953,80.23625183,73732,73742,10
13.07610035,80.23554993,73742,73752,10
13.0759201,80.23475647,73752,73762,10
13.07575035,80.23420715,73762,73772,10
13.07573032,80.23413849,73772,73782,10
13.07583046,80.23384094,73782,73792,10
13.07623005,80.23375702,73792,73802,10
13.07678986,80.23370361,73802,73812,10
13.07759953,80.23358154,73812,73822,10
13.07843971,80.23356628,73822,73833,11
13.07925987,80.23352051,73833,73843,10
13.07973003,80.23348999,73843,73853,10
13.08014965,80.23348999,73853,73873,20
13.08014965,80.23348999,73873,73883,10
13.0806303,80.23348999,73883,73893,10
13.08127975,80.23349762,73893,73903,10
13.08189011,80.23348236,73903,73913,10
13.08197975,80.2329483,73913,73923,10
13.08218002,80.23223114,73923,73933,10
13.08240986,80.23156738,73933,73944,11
13.0825901,80.23113251,73944,73954,10
13.08277988,80.23072815,73954,73964,10
13.08304024,80.23069763,73964,73974,10
13.08310986,80.23110199,73974,73984,10
13.08314991,80.2318573,73984,73994,10
13.08325958,80.23271942,73994,74004,10
13.08335972,80.23332977,74004,74014,10
13.08349037,80.23371124,74014,74024,10
13.08401012,80.23394012,74024,74054,30
13.08401012,80.23394012,74054,74065,11
13.0844202,80.23406219,74065,74081,16
13.08532047,80.23426056,74081,74093,12
13.08602047,80.23442078,74093,74103,10
13.08652973,80.23451233,74103,74113,10
13.08699989,80.23455048,74113,74123,10
13.08769989,80.23445892,74123,74133,10
13.08790016,80.23384094,74133,74143,10
13.08804035,80.23306274,74143,74153,10
13.08823967,80.23222351,74153,74163,10
13.08845043,80.23149109,74163,74174,11
13.08872986,80.23079681,74174,74184,10
13.08885956,80.23047638,74184,74194,10
13.08885956,80.23046875,74194,74204,10
13.0889101,80.23040771,74204,74214,10
13.08909035,80.2300415,74214,74223,9
13.08936977,80.22955322,74223,74234,11
13.08987999,80.22891998,74234,74244,10
13.09057999,80.22815704,74244,74254,10
13.09138012,80.22725677,74254,74274,20
13.09138012,80.22725677,74274,74285,11
13.09148026,80.227211,74285,74295,10
13.09183979,80.2268219,74295,74305,10
13.09232998,80.2263031,74305,74315,10
13.09282017,80.22579193,74315,74325,10
13.09335041,80.22525024,74325,74335,10
13.09368992,80.22486115,74335,74345,10
13.09412003,80.22429657,74345,74355,10
13.09469032,80.22350311,74355,74365,10
13.09508038,80.22273254,74365,74375,10
13.09519958,80.22242737,74375,74385,10
13.09533978,80.22216034,74385,74396,11
13.09562016,80.22138214,74396,74406,10
13.09589958,80.22059631,74406,74416,10
13.09615993,80.21987152,74416,74426,10
13.09638977,80.21917725,74426,74436,10
13.09652042,80.21884155,74436,74446,10
13.09665012,80.21839905,74446,74456,10
13.09685993,80.21779633,74456,74466,10
13.09712029,80.21705627,74466,74476,10
13.09739017,80.216362,74476,74486,10
13.09762001,80.2158432,74486,74496,10
13.09780025,80.21543121,74496,74507,11
13.09803963,80.21485901,74507,74537,30
13.09803963,80.21485901,74537,74547,10
13.09809017,80.21475983,74547,74557,10
13.09819031,80.21453094,74557,74567,10
13.09836006,80.21414948,74567,74577,10
13.09867954,80.21398926,74577,74587,10
13.09906006,80.21418762,74587,74597,10
13.09939003,80.21430206,74597,74607,10
13.09969997,80.2143631,74607,74618,11
13.09998035,80.21443939,74618,74627,9
13.10019016,80.21450043,74627,74648,21
13.10019016,80.21450043,74648,74658,10
13.10023022,80.21453857,74658,74668,10
13.10052013,80.21463776,74668,74759,91
13.10052013,80.21463776,74759,74769,10
13.10052013,80.21482849,74769,74779,10
13.10027981,80.2154007,74779,74789,10
13.10004044,80.21594238,74789,74799,10
13.09998989,80.21605682,74799,74809,10
13.09986973,80.21600342,74809,74819,10
13.10000038,80.21563721,74819,74830,11
13.1001997,80.21514893,74830,74840,10
13.10021019,80.21475983,74840,75395,555
13.1001997,80.21453857,75395,75758,363
13.10023022,80.2146225,75758,75778,20
13.10023022,80.2146225,75778,75788,10
13.09992981,80.21444702,75788,75798,10
13.09959984,80.21434784,75798,75808,10
13.09912014,80.21421814,75808,75818,10
13.09867001,80.21405029,75818,75829,11
13.09836006,80.21424866,75829,75839,10
13.09807968,80.21491241,75839,75849,10
13.09778023,80.21562958,75849,75859,10
13.09749031,80.21633911,75859,75869,10
13.09735966,80.21669006,75869,75879,10
13.09733009,80.21678162,75879,75889,10
13.09716034,80.21724701,75889,75899,10
13.09687996,80.21804047,75899,75909,10
13.09665012,80.21874237,75909,75919,10
13.09638023,80.21948242,75919,75929,10
13.09609032,80.22033691,75929,75939,10
13.09582043,80.22116089,75939,75950,11
13.09556007,80.2219696,75950,75960,10
13.09545994,80.22226715,75960,75970,10
13.09535027,80.22254944,75970,75980,10
13.0951004,80.22309113,75980,75990,10
13.09459972,80.22382355,75990,76000,10
13.09399986,80.22458649,76000,76010,10
13.09335041,80.22534943,76010,76020,10
13.09267044,80.22606659,76020,76030,10
13.09222031,80.22653198,76030,76040,10
13.09167957,80.22708893,76040,76050,10
13.09125996,80.22756958,76050,76061,11
13.09123993,80.2276001,76061,76071,10
13.09111023,80.22773743,76071,76081,10
13.0907402,80.22812653,76081,76091,10
13.09025002,80.22865295,76091,76101,10
13.08967018,80.22927856,76101,76111,10
13.0892601,80.22992706,76111,76121,10
13.08909988,80.23023224,76121,76131,10
13.08885002,80.23082733,76131,76151,20
13.08885002,80.23082733,76151,76161,10
13.08874989,80.23103333,76161,76172,11
13.08854008,80.2315979,76172,76182,10
13.08829975,80.23242188,76182,76192,10
13.08810043,80.23339081,76192,76202,10
13.08796024,80.23429108,76202,76212,10
13.08730984,80.23454285,76212,76222,10
13.08670044,80.23455048,76222,76232,10
13.08619976,80.23449707,76232,76242,10
13.08600044,80.23445892,76242,76252,10
13.08545971,80.23429871,76252,76262,10
13.08442974,80.23403931,76262,76303,41
13.08442974,80.23403931,76303,76313,10
13.0841198,80.23397064,76313,76323,10
13.08378029,80.23390961,76323,76343,20
13.08378029,80.23390961,76343,76353,10
13.08355999,80.23390198,76353,76363,10
13.08327961,80.23384094,76363,76373,10
13.08285046,80.23377228,76373,76383,10
13.0823698,80.2336731,76383,76394,11
13.08228016,80.23364258,76394,76404,10
13.08193016,80.23358154,76404,76414,10
13.08137989,80.2335434,76414,76424,10
13.08088017,80.23349762,76424,76434,10
13.08036995,80.23352051,76434,76444,10
13.07991982,80.23352051,76444,76454,10
13.07952023,80.23352051,76454,76464,10
13.07944012,80.23351288,76464,76474,10
13.07900047,80.2335434,76474,76484,10
13.07831955,80.23358917,76484,76494,10
13.07756996,80.23364258,76494,76505,11
13.07676983,80.23375702,76505,76515,10
13.07610035,80.23390961,76515,76525,10
13.07602978,80.23390198,76525,76535,10
13.07588005,80.23388672,76535,76545,10
13.07588005,80.23417664,76545,76555,10
13.07598972,80.23480988,76555,76565,10
13.07618999,80.23574066,76565,76575,10
13.07633972,80.23674774,76575,76585,10
13.0764904,80.2372818,76585,76595,10
13.07656002,80.23747253,76595,76605,10
13.07662964,80.23792267,76605,76616,11
13.07676029,80.23861694,76616,76626,10
13.07693958,80.23934174,76626,76636,10
13.0771904,80.24021912,76636,76646,10
13.07736015,80.24095917,76646,76656,10
13.07740974,80.24133301,76656,76666,10
13.07752991,80.24185944,76666,76676,10
13.07771015,80.24275208,76676,76686,10
13.07783985,80.24385071,76686,76696,10
13.07785988,80.24476624,76696,76706,10
13.07793999,80.24588013,76706,76716,10
13.07804012,80.24655914,76716,76727,11
13.07820034,80.24739838,76727,76737,10
13.07837963,80.24835968,76737,76747,10
13.07859993,80.24919891,76747,76757,10
13.07872963,80.25005341,76757,76767,10
13.07849979,80.25083923,76767,76777,10
13.0785799,80.25157928,76777,76787,10
13.07824039,80.25171661,76787,76797,10
13.07754993,80.25183868,76797,76813,16
13.07600021,80.25213623,76813,76825,12
13.07487011,80.25224304,76825,76836,11
13.0741396,80.252388,76836,76846,10
13.07376957,80.25254059,76846,76856,10
13.07316017,80.25243378,76856,76866,10
13.07252026,80.25228882,76866,76876,10
13.07217026,80.25177002,76876,76886,10
13.07205963,80.25102234,76886,76896,10
13.07182026,80.25032043,76896,76906,10
13.07159996,80.24958801,76906,76916,10
13.07155991,80.24939728,76916,76926,10
13.07151031,80.24900818,76926,76937,11
13.07131004,80.2481308,76937,76948,11
13.07091999,80.24713135,76948,76958,10
13.07050037,80.24627686,76958,76966,8
13.07011032,80.24542999,76966,76977,11
13.0696497,80.24423218,76977,76988,11
13.06935024,80.24339294,76988,76998,10
13.06931973,80.24330902,76998,77007,9
13.06925011,80.24301147,77007,77018,11
13.06902027,80.24250793,77018,77028,10
13.06820965,80.24268341,77028,77038,10
13.06739998,80.24294281,77038,77048,10
13.06661987,80.2432785,77048,77059,11
13.0660696,80.24401093,77059,77069,10
13.06618977,80.24494171,77069,77079,10
13.06651974,80.24594879,77079,77089,10
13.06754017,80.24638367,77089,77099,10
13.06783009,80.24655914,77099,77109,10
13.06789017,80.24680328,77109,77119,10
13.06789017,80.2474823,77119,77129,10
13.06742001,80.24787903,77129,77139,10
13.06653023,80.24783325,77139,77149,10
13.06546021,80.2477417,77149,77159,10
13.06429958,80.24768066,77159,77170,11
13.06313038,80.24762726,77170,77180,10
13.06215954,80.24761963,77180,77190,10
13.06147003,80.24727631,77190,77200,10
13.06149006,80.24681854,77200,77210,10
13.06179047,80.24635315,77210,77220,10
13.06196976,80.24565887,77220,77230,10
13.06225967,80.24510193,77230,77240,10
13.06280041,80.24472046,77240,77250,10
13.06313038,80.24430084,77250,77260,10
13.06320953,80.24420166,77260,77270,10
13.0634203,80.24375153,77270,77281,11
13.06301022,80.24346924,77281,77291,10
13.06252956,80.24337769,77291,77301,10
13.06196022,80.24326324,77301,77311,10
13.06140995,80.24317169,77311,77321,10
13.06091976,80.24304199,77321,77331,10
13.06042957,80.24288177,77331,77341,10
13.06000042,80.24273682,77341,77351,10
13.05959034,80.24259949,77351,77362,11
13.0590601,80.24259186,77362,77372,10
13.05871964,80.24263763,77372,77382,10
13.05865002,80.24266052,77382,77393,11
13.05830956,80.24272919,77393,77403,10
13.05770016,80.24284363,77403,77413,10
13.05694962,80.24284363,77413,77453,40
13.05694962,80.24284363,77453,77470,17
13.05683041,80.24272156,77470,77482,12
13.05615997,80.24249268,77482,77492,10
13.05527973,80.24227905,77492,77502,10
13.05432987,80.24239349,77502,77513,11
13.05366039,80.24224091,77513,77523,10
13.05352974,80.24215698,77523,77532,9
13.05323029,80.24201202,77532,77543,11
13.05278969,80.24188232,77543,77552,9
13.05233955,80.24150085,77552,77562,10
13.05206013,80.24101257,77562,77573,11
13.05177021,80.24073792,77573,77583,10
13.05138016,80.24066162,77583,77593,10
13.05117035,80.24062347,77593,77603,10
13.05095959,80.24056244,77603,77613,10
13.05053997,80.24047852,77613,77624,11
13.04988956,80.24034882,77624,77633,9
13.04926014,80.24021149,77633,77644,11
13.04843044,80.24006653,77644,77654,10
13.04778957,80.23993683,77654,77662,8
13.04728031,80.23982239,77662,77674,12
13.04675007,80.23969269,77674,77683,9
13.04636955,80.23959351,77683,77694,11
13.04627037,80.23930359,77694,77703,9
13.0462904,80.23885345,77703,77713,10
13.0464201,80.23828125,77713,77725,12
13.0465498,80.23757935,77725,77735,10
13.04668999,80.23677826,77735,77745,10
13.04685974,80.23618317,77745,77755,10
13.04693985,80.23571777,77755,77765,10
13.04699039,80.2353363,77765,77775,10
13.04708004,80.23457336,77775,77785,10
13.04718018,80.23370361,77785,77795,10
13.04724026,80.23336792,77795,77805,10
13.04730988,80.23322296,77805,77815,10
13.04708004,80.23307037,77815,77825,10
13.04640007,80.23297119,77825,77836,11
13.04504013,80.2326889,77836,77856,20
13.04504013,80.2326889,77856,77866,10
13.04467964,80.23258209,77866,77876,10
13.04389954,80.23242188,77876,77886,10
13.04302025,80.23236084,77886,77896,10
13.04220963,80.23235321,77896,77906,10
13.04131985,80.23219299,77906,77916,10
13.04026031,80.23181152,77916,77926,10
13.03927994,80.23155212,77926,77936,10
13.03831959,80.23127747,77936,77947,11
13.0373497,80.23097992,77947,77957,10
13.03686047,80.23081207,77957,77967,10
13.03645992,80.23068237,77967,77977,10
13.03577042,80.23047638,77977,77987,10
13.03540039,80.23040009,77987,78043,56
13.03540039,80.23040009,78043,78055,12
13.03512001,80.2303009,78055,78066,11
13.03479958,80.23027802,78066,78075,9
13.03464985,80.23033142,78075,78087,12
13.03448009,80.23040009,78087,78097,10
13.0344696,80.23040009,78097,78107,10
13.03429985,80.23043823,78107,78117,10
13.03415966,80.23046875,78117,78127,10
13.03396988,80.23047638,78127,78137,10
13.03337955,80.23053741,78137,78178,41
13.03337955,80.23053741,78178,78188,10
13.03306007,80.2305603,78188,78198,10
13.03252983,80.23059845,78198,78208,10
13.03197002,80.23065948,78208,78218,10
13.03131962,80.23071289,78218,78228,10
13.03075981,80.23075867,78228,78238,10
13.03063011,80.2307663,78238,78248,10
13.0302,80.23081207,78248,78258,10
13.02982044,80.23088074,78258,78268,10
13.02978992,80.23088074,78268,78278,10
13.02960968,80.23088837,78278,78289,11
13.02898979,80.2309494,78289,78299,10
13.0282402,80.23103333,78299,78309,10
13.02772999,80.23110962,78309,78319,10
13.02766991,80.23152924,78319,78329,10
13.02768993,80.23201752,78329,78339,10
13.02781963,80.23271942,78339,78349,10
13.02735996,80.23291016,78349,78359,10
13.02690029,80.23296356,78359,78369,10
13.02657986,80.23301697,78369,78379,10
13.0262804,80.23268127,78379,78389,10
13.02612019,80.23207092,78389,78400,11
13.02595043,80.23137665,78400,78410,10
13.02573967,80.2306366,78410,78420,10
13.02528954,80.22992706,78420,78430,10
13.02484035,80.22937775,78430,78440,10
13.02466965,80.22918701,78440,78450,10
13.02445984,80.22892761,78450,78460,10
13.02398014,80.22834015,78460,78480,20
13.02398014,80.22834015,78480,78490,10
13.02396965,80.22825623,78490,78501,11
13.02371979,80.22795868,78501,78511,10
13.02336025,80.22762299,78511,78521,10
13.02307034,80.22734833,78521,78531,10
13.02254963,80.22686768,78531,78541,10
13.02182961,80.22621918,78541,78551,10
13.02103043,80.22559357,78551,78561,10
13.02035046,80.22512054,78561,78571,10
13.01998043,80.22486115,78571,78581,10
13.01933956,80.22451782,78581,78591,10
13.01844025,80.22464752,78591,78601,10
13.01756954,80.22501373,78601,78611,10
13.0167799,80.22534943,78611,78622,11
13.01636982,80.22551727,78622,78632,10
13.01593971,80.22566223,78632,78642,10
13.01527023,80.22592163,78642,78652,10
13.01420021,80.22634888,78652,78672,20
13.01420021,80.22634888,78672,78682,10
13.01416969,80.22634125,78682,78692,10
13.0137701,80.22647858,78692,78702,10
13.0131197,80.22673798,78702,78712,10
13.01222992,80.2270813,78712,78723,11
13.01113033,80.2275238,78723,78733,10
13.01012039,80.22792816,78733,78743,10
13.00926018,80.22831726,78743,78753,10
13.00899029,80.22907257,78753,78763,10
13.00881004,80.2299881,78763,78773,10
13.00860977,80.23098755,78773,78783,10
13.00839996,80.2321167,78783,78793,10
13.00821972,80.2332077,78793,78803,10
13.00815964,80.23364258,78803,78813,10
13.00804043,80.23409271,78813,78823,10
13.00786018,80.23490906,78823,78833,10
13.00763988,80.23600769,78833,78844,11
13.00739956,80.23728943,78844,78854,10
13.00722027,80.23825073,78854,78864,10
13.00706005,80.2389679,78864,78874,10
13.00691986,80.23967743,78874,78884,10
13.00687027,80.24009705,78884,78975,91
13.00687027,80.24009705,78975,78985,10
13.00687027,80.24060822,78985,78995,10
13.00671959,80.24133301,78995,79005,10
13.00667953,80.24236298,79005,79015,10
13.00664043,80.24326324,79015,79025,10
13.00660992,80.24411011,79025,79035,10
13.00660992,80.24517059,79035,79045,10
13.00664997,80.24614716,79045,79055,10
13.00667953,80.24732208,79055,79066,11
13.00667953,80.2484436,79066,79076,10
13.00681973,80.24954224,79076,79096,20
13.00681973,80.24954224,79096,79106,10
13.00683975,80.24984741,79106,79116,10
13.0067997,80.25054169,79116,79126,10
13.00675011,80.2514267,79126,79136,10
13.0065403,80.25241089,79136,79146,10
13.00652027,80.253479,79146,79156,10
13.00658989,80.25521088,79156,79177,21
13.00658989,80.25521088,79177,79187,10
13.00658035,80.25533295,79187,79197,10
13.00658989,80.25582123,79197,79207,10
13.00656033,80.25650024,79207,79217,10
13.00660992,80.25733185,79217,79308,91
13.00660992,80.25733185,79308,79318,10
13.00669003,80.25736237,79318,79328,10
13.00636959,80.25760651,79328,79338,10
13.00588036,80.25749969,79338,79348,10
13.00578022,80.25746918,79348,79358,10
13.00562954,80.2574234,79358,79368,10
13.0051403,80.25730896,79368,79378,10
13.00434017,80.25711823,79378,79389,11
13.00325966,80.25688934,79389,79399,10
13.00238037,80.25672913,79399,79409,10
13.00152016,80.25659943,79409,79419,10
13.00072002,80.25649261,79419,79429,10
13.0,80.25637817,79429,79449,20
13.0,80.25637817,79449,79459,10
12.99977016,80.25631714,79459,79469,10
12.99965954,80.25630951,79469,79479,10
12.99948025,80.25627899,79479,79489,10
12.99944973,80.25627136,79489,79500,11
12.99925041,80.25621796,79500,79510,10
12.9986496,80.25610352,79510,79520,10
12.99806023,80.25601959,79520,79530,10
12.99765968,80.25598145,79530,79540,10
12.99722958,80.25595093,79540,79550,10
12.99695015,80.2559967,79550,79560,10
12.99683952,80.25630188,79560,79570,10
12.99680996,80.25666809,79570,79580,10
12.99682045,80.25686646,79580,79590,10
12.99674988,80.25747681,79590,79600,10
12.99664974,80.25837708,79600,79610,10
12.99652958,80.25946045,79610,79621,11
12.99641991,80.26055908,79621,79631,10
12.99631977,80.26142883,79631,79641,10
12.99625969,80.26209259,79641,79651,10
12.99621964,80.26242065,79651,79661,10
12.99617004,80.26261902,79661,79671,10
12.99610043,80.26309967,79671,79681,10
12.9960804,80.26355743,79681,79691,10
12.99600029,80.26425171,79691,79701,10
12.99590015,80.26509094,79701,79711,10
12.99588013,80.26526642,79711,79722,11
12.99582958,80.26560211,79722,79732,10
12.99573994,80.26634979,79732,79742,10
12.99565029,80.2673111,79742,79752,10
12.99569988,80.26766968,79752,79762,10
12.99612999,80.26773071,79762,79792,30
12.99612999,80.26773071,79792,79802,10
12.99635983,80.26776123,79802,79818,16
12.99744987,80.26757813,79818,79830,12
12.99827957,80.26734924,79830,79841,11
12.99919987,80.26708984,79841,79851,10
12.99991035,80.26682281,79851,79861,10
13.00008011,80.26657867,79861,79870,9
13.00012016,80.26647949,79870,79881,11
13.00018024,80.26589966,79881,79891,10
13.00030994,80.26577759,79891,79901,10
13.0002203,80.26624298,79901,79911,10
13.0002203,80.26651764,79911,79922,11
13.00024033,80.26661682,79922,79932,10
13.00024986,80.26673126,79932,79942,10
13.00018024,80.26683807,79942,79953,11
12.99958038,80.26702881,79953,79963,10
12.99884033,80.26724243,79963,79973,10
12.99825001,80.26737213,79973,79983,10
12.99779034,80.26750946,79983,79993,10
12.99717999,80.26767731,79993,80003,10
12.99571037,80.26770782,80003,80023,20
12.99571037,80.26770782,80023,80033,10
12.99559975,80.26750183,80033,80074,41
12.99559975,80.26750183,80074,80084,10
12.99561977,80.26747894,80084,80094,10
12.99565983,80.26712799,80094,80104,10
12.99569988,80.26660156,80104,80114,10
12.99577999,80.26593018,80114,80124,10
12.9958601,80.26512146,80124,80134,10
12.99598026,80.26422119,80134,80144,10
12.9960804,80.2633667,80144,80154,10
12.99613953,80.26277924,80154,80164,10
12.99615955,80.26261902,80164,80175,11
12.99623013,80.26223755,80175,80185,10
12.99627972,80.26172638,80185,80195,10
12.99635983,80.26100159,80195,80205,10
12.99647999,80.26004028,80205,80215,10
12.99652958,80.25914001,80215,80225,10
12.99662971,80.25826263,80225,80235,10
12.99670982,80.25733185,80235,80245,10
12.99676991,80.25657654,80245,80255,10
12.99682999,80.25605774,80255,80346,91
12.99682999,80.25605774,80346,80356,10
12.99711037,80.2558136,80356,80366,10
12.99742031,80.25582123,80366,80376,10
12.99763966,80.25585938,80376,80386,10
12.99870014,80.2559967,80386,80407,21
12.99870014,80.2559967,80407,80417,10
12.99878025,80.25601959,80417,80427,10
12.99919987,80.25610352,80427,80477,50
12.99919987,80.25610352,80477,80487,10
12.99954033,80.25617981,80487,80498,11
13.00024986,80.25631714,80498,80508,10
13.00111008,80.25646973,80508,80518,10
13.00177956,80.2565918,80518,80528,10
13.00251961,80.2567215,80528,80538,10
13.00325966,80.25686646,80538,80548,10
13.00409031,80.25701904,80548,80558,10
13.0048399,80.25717163,80558,80568,10
13.00578976,80.25736237,80568,80578,10
13.00642014,80.25743866,80578,80588,10
13.00646019,80.25746155,80588,80598,10
13.00652027,80.25721741,80598,80608,10
13.00648975,80.25657654,80608,80625,17
13.00646973,80.25505829,80625,80637,12
13.00644016,80.25318909,80637,80657,20
13.00644016,80.25318909,80657,80667,10
13.0064497,80.25292206,80667,80677,10
13.00646973,80.25247955,80677,80687,10
13.00654984,80.25193024,80687,80738,51
13.00654984,80.25193024,80738,80748,10
13.00658989,80.25180054,80748,80758,10
13.00664043,80.25151825,80758,80768,10
13.00666046,80.25076294,80768,80778,10
13.00664043,80.2498703,80778,80788,10
13.00660992,80.24890137,80788,80798,10
13.00660038,80.24839783,80798,80808,10
13.00658035,80.24790955,80808,80818,10
13.00656986,80.24729156,80818,80828,10
13.00652027,80.24671936,80828,80839,11
13.00652027,80.24662781,80839,80849,10
13.00658989,80.24633026,80849,80859,10
13.00660992,80.24562836,80859,80869,10
13.00658989,80.24472046,80869,80878,9
13.00658035,80.2440033,80878,80889,11
13.00656986,80.24349976,80889,80899,10
13.0065403,80.24282074,80899,80909,10
13.00650024,80.24201202,80909,80919,10
13.00648975,80.24154663,80919,80929,10
13.00648975,80.24143982,80929,80939,10
13.00654984,80.24099731,80939,80950,11
13.00673008,80.24030304,80950,80963,13
13.00691032,80.23905182,80963,80973,10
13.00706959,80.23816681,80973,80983,10
13.0072298,80.23744965,80983,80992,9
13.00730991,80.23683167,80992,81003,11
13.00734997,80.23668671,81003,81013,10
13.00745964,80.23634338,81013,81023,10
13.00761032,80.235672,81023,81033,10
13.00778008,80.23474884,81033,81043,10
13.00800037,80.23371887,81043,81054,11
13.00825024,80.23243713,81054,81064,10
13.00848007,80.23120117,81064,81074,10
13.0087204,80.22994995,81074,81084,10
13.0089798,80.22875977,81084,81094,10
13.00924969,80.22788239,81094,81104,10
13.00977039,80.22672272,81104,81114,10
13.01027966,80.22570801,81114,81124,10
13.01076984,80.22471619,81124,81134,10
13.01113033,80.22377777,81134,81144,10
13.01152039,80.22277832,81144,81154,10
13.01181984,80.22183228,81154,81164,10
13.01222038,80.22145081,81164,81175,11
13.01268959,80.22202301,81175,81184,9
13.01317978,80.22263336,81184,81195,11
13.01385021,80.22328949,81195,81205,10
13.01447964,80.22393036,81205,81215,10
13.01502037,80.22458649,81215,81225,10
13.01546001,80.22493744,81225,81235,10
13.01554966,80.22502899,81235,81245,10
13.01558971,80.22505951,81245,81255,10
13.01591969,80.22530365,81255,81264,9
13.01651955,80.22528076,81264,81275,11
13.01739979,80.2249527,81275,81286,11
13.01846027,80.22454071,81286,81296,10
13.01943016,80.22444916,81296,81305,9
13.02009964,80.22483826,81305,81316,11
13.02068043,80.22525787,81316,81326,10
13.02141953,80.22579956,81326,81336,10
13.02182961,80.22608185,81336,81346,10
13.0218401,80.22608185,81346,81356,10
13.02204037,80.22627258,81356,81366,10
13.02248001,80.22663879,81366,81376,10
13.02301979,80.22715759,81376,81386,10
13.02348042,80.22756958,81386,81397,11
13.02375031,80.22781372,81397,81407,10
13.02381992,80.22788239,81407,81417,10
13.02418995,80.22827911,81417,81427,10
13.02455997,80.22884369,81427,81437,10
13.02497959,80.22946167,81437,81447,10
13.02565002,80.23045349,81447,81457,10
13.02593994,80.23110199,81457,81467,10
13.0261898,80.2313385,81467,81477,10
13.02686024,80.23116302,81477,81487,10
13.02766037,80.23098755,81487,81496,9
13.02820015,80.23088837,81496,81508,12
13.02840996,80.23088074,81508,81518,10
13.02886009,80.23085785,81518,81528,10
13.0294199,80.23081207,81528,81538,10
13.03009987,80.23075867,81538,81548,10
13.03067017,80.23072815,81548,81558,10
13.03116989,80.23068237,81558,81568,10
13.03174973,80.23065186,81568,81578,10
13.03254032,80.23058319,81578,81588,10
13.0334301,80.23052216,81588,81598,10
13.03404045,80.23046875,81598,81619,21
13.03404045,80.23046875,81619,81629,10
13.03411961,80.23047638,81629,81639,10
13.03474998,80.23033905,81639,81669,30
13.03474998,80.23033905,81669,81679,10
13.03491974,80.23040771,81679,81689,10
13.03489017,80.23081207,81689,81699,10
13.03479958,80.23155212,81699,81709,10
13.03468037,80.23240662,81709,81719,10
13.03458023,80.23323822,81719,81730,11
13.03446007,80.23397064,81730,81740,10
13.03439045,80.23465729,81740,81750,10
13.03427029,80.23551941,81750,81760,10
13.03419018,80.23636627,81760,81770,10
13.03419971,80.23722076,81770,81780,10
13.0343399,80.23751068,81780,81790,10
13.03462029,80.23796082,81790,81800,10
13.03503036,80.23867035,81800,81810,10
13.03542995,80.23927307,81810,81820,10
13.0357399,80.2394104,81820,81830,10
13.03649998,80.23950195,81830,81841,11
13.03761005,80.23960876,81841,81851,10
13.03857994,80.23972321,81851,81861,10
13.03944016,80.23983002,81861,81871,10
13.04008007,80.23989868,81871,81881,10
13.04028988,80.24015808,81881,81891,10
13.04051018,80.24051666,81891,81901,10
13.04111004,80.24060059,81901,81911,10
13.0418396,80.24069977,81911,81921,10
13.04273987,80.2408371,81921,81931,10
13.04351044,80.24093628,81931,81947,16
13.04463959,80.24046326,81947,81970,23
13.04463959,80.24046326,81970,81980,10
13.04479027,80.24034119,81980,81990,10
13.04526043,80.24002075,81990,82000,10
13.0459404,80.23960876,82000,82010,10
13.04650021,80.23961639,82010,82020,10
13.04664993,80.2396698,82020,82030,10
13.04720974,80.23977661,82030,82040,10
13.04798985,80.23993683,82040,82049,9
13.04868031,80.24006653,82049,82061,12
13.04959011,80.24024963,82061,82071,10
13.05023956,80.24038696,82071,82081,10
13.05105972,80.24054718,82081,82091,10
13.05128956,80.24059296,82091,82101,10
13.05181026,80.24069977,82101,82111,10
13.05241013,80.24099731,82111,82121,10
13.05263996,80.24165344,82121,82131,10
13.05397034,80.24224091,82131,82151,20
13.05397034,80.24224091,82151,82161,10
13.05424023,80.24230194,82161,82172,11
13.05486965,80.24227905,82172,82182,10
13.05570984,80.24230194,82182,82192,10
13.05646038,80.24260712,82192,82202,10
13.05681992,80.24263763,82202,82212,10
13.05737019,80.24282837,82212,82222,10
13.05803967,80.24269867,82222,82232,10
13.05877972,80.24256134,82232,82242,10
13.05937958,80.24250031,82242,82252,10
13.06007004,80.2427597,82252,82262,10
13.06068993,80.24297333,82262,82272,10
13.06130028,80.24314117,82272,82283,11
13.06210995,80.2432785,82283,82293,10
13.06241035,80.24334717,82293,82303,10
13.06274033,80.24342346,82303,82313,10
13.06328011,80.24350739,82313,82329,16
13.06429958,80.24355316,82329,82341,12
13.06544971,80.24358368,82341,82371,30
13.06544971,80.24358368,82371,82381,10
13.06581974,80.24359894,82381,82392,11
13.06630993,80.24343109,82392,82402,10
13.06661987,80.24329376,82402,82412,10
13.06702042,80.24310303,82412,82422,10
13.06768036,80.24281311,82422,82432,10
13.06838036,80.24259186,82432,82442,10
13.06873035,80.24243164,82442,82452,10
13.06898022,80.24233246,82452,82462,10
13.06956959,80.24212646,82462,82472,10
13.06993008,80.24201965,82472,82482,10
13.06997967,80.24208832,82482,82492,10
13.0704298,80.24198914,82492,82503,11
13.07116985,80.24170685,82503,82513,10
13.07198048,80.24127197,82513,82523,10
13.07287025,80.24079895,82523,82533,10
13.07378006,80.24053192,82533,82543,10
13.07474041,80.24047089,82543,82553,10
13.07577038,80.24046326,82553,82563,10
13.07666969,80.24056244,82563,82573,10
13.07707977,80.24034119,82573,82583,10
13.07693005,80.23966217,82583,82593,10
13.07670021,80.23874664,82593,82609,16
13.07635975,80.23741913,82609,82622,13
13.07633018,80.2372818,82622,82632,10
13.07629967,80.23705292,82632,82642,10
13.07621956,80.23658752,82642,82650,8
13.07612038,80.23577118,82650,82662,12
13.07588959,80.23471832,82662,82672,10
13.07575989,80.23419952,82672,82681,9
13.07575035,80.23416901,82681,82691,10
13.07575035,80.23413086,82691,82701,10
13.07586002,80.2338028,82701,82712,11
13.07653046,80.23368835,82712,82722,10
13.07728004,80.23358917,82722,82733,11
13.07816982,80.23352814,82733,82743,10
13.07878971,80.23348999,82743,82753,10
13.07952976,80.23351288,82753,82763,10
13.08024025,80.23351288,82763,82773,10
13.08102036,80.23352051,82773,82783,10
13.08168983,80.23355865,82783,82793,10
13.08193016,80.23319244,82793,82803,10
13.08213997,80.23242188,82803,82813,10
13.08248997,80.23139954,82813,82823,10
13.08283043,80.23065186,82823,82833,10
13.08308983,80.23085785,82833,82844,11
13.08312035,80.23175812,82844,82854,10
13.08321953,80.23269653,82854,82864,10
13.08339977,80.23345947,82864,82874,10
13.08368015,80.2338562,82874,82884,10
13.08403015,80.23394775,82884,82894,10
13.08456039,80.23409271,82894,82904,10
13.08537006,80.23428345,82904,82914,10
13.08613968,80.23445892,82914,82924,10
13.08685017,80.23455811,82924,82934,10
13.08761978,80.23448181,82934,82945,11
13.0879097,80.23384094,82945,82955,10
13.08806038,80.23294067,82955,82965,10
13.08829975,80.23200226,82965,82975,10
13.08854008,80.23120117,82975,82985,10
13.08882999,80.23058319,82985,82994,9
13.08895016,80.23029327,82994,83005,11
13.08915997,80.22989655,83005,83015,10
13.08969975,80.22911072,83015,83025,10
13.09047031,80.22827148,83025,83035,10
13.09115982,80.22750092,83035,83045,10
13.09134007,80.22727966,83045,83056,11
13.09160995,80.22702789,83056,83066,10
13.09214973,80.22648621,83066,83076,10
13.09280968,80.22580719,83076,83086,10
13.09346008,80.22509766,83086,83096,10
13.09405041,80.22440338,83096,83106,10
13.09467983,80.22353363,83106,83116,10
13.09508991,80.22274017,83116,83126,10
13.09519958,80.22245789,83126,83136,10
13.09537983,80.22203827,83136,83146,10
13.09566975,80.22126007,83146,83156,10
13.09599972,80.22033691,83156,83167,11
13.09634018,80.21935272,83167,83177,10
13.09661961,80.21852112,83177,83187,10
13.0969696,80.21748352,83187,83197,10
13.09710026,80.21710205,83197,83207,10
13.09720039,80.21691895,83207,83217,10
13.09743977,80.21630096,83217,83227,10
13.09778976,80.21552277,83227,83237,10
13.09807968,80.21482849,83237,83247,10
13.09842968,80.21407318,83247,83257,10
13.09883022,80.21411896,83257,83267,10
13.0994997,80.21433258,83267,83278,11
13.10013008,80.2144928,83278,83308,30
13.10013008,80.2144928,83308,83318,10
13.10023975,80.2150116,83318,84034,716
13.10023975,80.2150116,84034,84044,10
13.10015011,80.2151413,84044,84055,11
13.0999403,80.21568298,84055,84065,10
13.09984016,80.21589661,84065,84075,10
13.09982967,80.21637726,84075,84085,10
13.09955978,80.21710205,84085,84095,10
13.09941959,80.2177887,84095,84105,10
13.09930992,80.21851349,84105,84115,10
13.09920025,80.2191925,84115,84125,10
13.09916019,80.21952057,84125,84135,10
13.09906006,80.22013092,84135,84145,10
13.09891033,80.22090149,84145,84155,10
13.09877014,80.22174072,84155,84165,10
13.0987196,80.22260284,84165,84176,11
13.09910011,80.22341919,84176,84186,10
13.09955978,80.22413635,84186,84196,10
13.09978962,80.22493744,84196,84206,10
13.09988976,80.22554779,84206,84216,10
13.09998989,80.22640228,84216,84226,10
13.10000038,80.22746277,84226,84236,10
13.09994984,80.22830963,84236,84246,10
13.09986019,80.22882843,84246,84256,10
13.09978008,80.22940063,84256,84266,10
13.09963989,80.2299881,84266,84276,10
13.09945965,80.23065186,84276,84287,11
13.09918022,80.23133087,84287,84297,10
13.09889984,80.23204041,84297,84307,10
13.09869003,80.23277283,84307,84317,10
13.09856987,80.23352814,84317,84327,10
13.09850979,80.23419189,84327,84337,10
13.09844017,80.23484802,84337,84347,10
13.09832954,80.23549652,84347,84357,10
13.09821033,80.23618317,84357,84367,10
13.09809971,80.23687744,84367,84377,10
13.09799004,80.2375412,84377,84387,10
13.09786034,80.23816681,84387,84398,11
13.09774017,80.23893738,84398,84408,10
13.09770012,80.23953247,84408,84418,10
13.09764957,80.24025726,84418,84428,10
13.09757042,80.24092102,84428,84438,10
13.09747028,80.24165344,84438,84448,10
13.09747982,80.24214935,84448,84457,9
13.09790039,80.24226379,84457,84467,10
13.09856033,80.24227142,84467,84498,31
13.09856033,80.24227142,84498,84509,11
13.09873962,80.24195099,84509,84550,41
13.09873962,80.24195099,84550,84560,10
13.09873962,80.24179077,84560,84571,11
13.09879971,80.24144745,84571,84581,10
13.09902,80.24115753,84581,85025,444
13.09902,80.24115753,85025,85035,10
13.09906006,80.24102783,85035,85045,10
13.09899044,80.24073029,85045,85055,10
13.09895992,80.24037933,85055,85267,212
13.09895992,80.24037933,85267,85277,10
13.09897995,80.2401886,85277,85288,11
13.09908009,80.24043274,85288,85298,10
13.09902,80.24066925,85298,85308,10
13.09904003,80.2409668,85308,85318,10
13.09895039,80.2412262,85318,85328,10
