12.98715973,80.25862885,19,5986,5967
12.98709011,80.25852203,5986,8584,2598
12.98729038,80.25863647,8584,15227,6643
12.98717976,80.25849915,15227,17502,2275
12.9872303,80.25862885,17502,20596,3094
12.98717022,80.25855255,20596,20768,172
12.98729992,80.2585907,20768,20900,132
12.98723984,80.25859833,20900,22204,1304
12.98723984,80.25859833,22204,22214,10
12.98744011,80.25836945,22214,22224,10
12.98742962,80.25817108,22224,22234,10
12.98744011,80.25798798,22234,22245,11
12.98746014,80.25779724,22245,22255,10
12.98750019,80.25737762,22255,22700,445
12.98750019,80.25737762,22700,22710,10
12.98752975,80.25701904,22710,22720,10
12.9875803,80.25662231,22720,22730,10
12.98762035,80.25630188,22730,22740,10
12.98762035,80.25591278,22740,22750,10
12.98771,80.25556183,22750,22760,10
12.98771954,80.25518036,22760,22770,10
12.98771954,80.25508118,22770,22780,10
12.98777008,80.2545166,22780,22791,11
12.9878397,80.25360107,22791,22801,10
12.98791981,80.25273895,22801,22811,10
12.9879303,80.25208282,22811,22821,10
12.98787975,80.25190735,22821,22831,10
12.98785019,80.25177765,22831,22841,10
12.98771954,80.25163269,22841,22851,10
12.98713017,80.25164032,22851,22861,10
12.98633957,80.25183868,22861,22871,10
12.9855299,80.25203705,22871,22882,11
12.98449039,80.25231934,22882,22892,10
12.98346996,80.25256348,22892,22902,10
12.98239994,80.25267792,22902,22912,10
12.9812603,80.25272369,22912,22922,10
12.9802599,80.25276184,22922,22932,10
12.97933006,80.25272369,22932,22942,10
12.9785099,80.25253296,22942,22952,10
12.97774982,80.25193787,22952,22962,10
12.97679043,80.2513504,22962,22973,11
12.9755497,80.25097656,22973,22983,10
12.97447014,80.25067902,22983,22993,10
12.97332001,80.25035858,22993,23003,10
12.97229958,80.25009155,23003,23013,10
12.97126007,80.24980164,23013,23023,10
12.97017956,80.24945831,23023,23033,10
12.96914005,80.24906158,23033,23043,10
12.96819019,80.24868011,23043,23053,10
12.96737957,80.24835968,23053,23064,11
12.96665955,80.2480011,23064,23074,10
12.96599007,80.24770355,23074,23084,10
12.96525002,80.24739838,23084,23094,10
12.96469975,80.24720001,23094,23104,10
12.96411037,80.24697113,23104,23114,10
12.96339989,80.24668884,23114,23124,10
12.96257973,80.24629211,23124,23134,10
12.96177959,80.24590302,23134,23144,10
12.96090031,80.2454834,23144,23155,11
12.95989037,80.24503326,23155,23165,10
12.95940018,80.24482727,23165,23175,10
12.95909977,80.24468994,23175,23185,10
12.95843029,80.24440002,23185,23195,10
12.9578104,80.24416351,23195,23205,10
12.95701981,80.24388885,23205,23215,10
12.95641041,80.2436676,23215,23225,10
12.9558897,80.24343872,23225,23235,10
12.95514011,80.24308014,23235,23246,11
12.95411968,80.24262238,23246,23256,10
12.95302963,80.24217224,23256,23266,10
12.95197964,80.24176025,23266,23276,10
12.95098972,80.24143219,23276,23286,10
12.94997025,80.24112701,23286,23296,10
12.94902992,80.24082184,23296,23306,10
12.94810009,80.24044037,23306,23316,10
12.94729996,80.2401123,23316,23326,10
12.94664955,80.23983765,23326,23337,11
12.94569969,80.23943329,23337,23347,10
12.94493961,80.2388916,23347,23357,10
12.94433022,80.23822021,23357,23366,9
12.94357014,80.2374115,23366,23377,11
12.9426899,80.23667145,23377,23387,10
12.94165039,80.2363205,23387,23397,10
12.94069958,80.23607635,23397,23407,10
12.93997955,80.23587799,23407,23417,10
12.9398098,80.2358017,23417,23428,11
12.93912029,80.23547363,23428,23438,10
12.93828011,80.23506165,23438,23448,10
12.93739986,80.23462677,23448,23458,10
12.93645954,80.23417664,23458,23468,10
12.9355402,80.23374176,23468,23478,10
12.93465042,80.23335266,23478,23488,10
12.93389034,80.23300171,23488,23498,10
12.93315983,80.23268127,23498,23508,10
12.93229008,80.23233032,23508,23519,11
12.93122005,80.23197174,23519,23529,10
12.93027973,80.23168945,23529,23539,10
12.92936039,80.23146057,23539,23549,10
12.92840004,80.23130798,23549,23559,10
12.92741966,80.23117065,23559,23569,10
12.9264698,80.23105621,23569,23579,10
12.92558956,80.2309494,23579,23589,10
12.92455006,80.23084259,23589,23599,10
12.92348003,80.23071289,23599,23610,11
12.92222023,80.23052216,23610,23620,10
12.92111015,80.23036194,23620,23630,10
12.91998005,80.23021698,23630,23640,10
12.9187603,80.23005676,23640,23650,10
12.9174099,80.22988892,23650,23660,10
12.91621017,80.22973633,23660,23670,10
12.91516972,80.229599,23670,23680,10
12.91421986,80.22946167,23680,23690,10
12.91345978,80.22933197,23690,23701,11
12.91259003,80.22918701,23701,23711,10
12.91166019,80.22907257,23711,23721,10
12.91067982,80.22892761,23721,23731,10
12.90962029,80.22875977,23731,23741,10
12.90851021,80.22857666,23741,23751,10
12.90738964,80.22841644,23751,23761,10
12.90668964,80.22834778,23761,23771,10
12.90625954,80.22827911,23771,23781,10
12.90555954,80.22825623,23781,23792,11
12.90458012,80.22820282,23792,23802,10
12.90367031,80.22814178,23802,23812,10
12.90268993,80.22810364,23812,23822,10
12.90182018,80.22805023,23822,23832,10
12.90112019,80.22799683,23832,23842,10
12.90046978,80.22796631,23842,23852,10
12.89988041,80.22795105,23852,23862,10
12.89947033,80.22792816,23862,23872,10
12.89929008,80.2279129,23872,23883,11
12.89869022,80.22783661,23883,23893,10
12.89787006,80.2277832,23893,23903,10
12.8969698,80.2277298,23903,23913,10
12.89595985,80.22769165,23913,23923,10
12.89492989,80.22763824,23923,23933,10
12.89393044,80.22757721,23933,23943,10
12.89299011,80.22746277,23943,23953,10
12.8920002,80.22737885,23953,23963,10
12.89091969,80.22736359,23963,23974,11
12.88971996,80.22737122,23974,23984,10
12.88866043,80.22737122,23984,23994,10
12.88768005,80.22730255,23994,24004,10
12.88675022,80.22714233,24004,24014,10
12.88574982,80.22688293,24014,24024,10
12.8847599,80.22673035,24024,24034,10
12.88379955,80.22673035,24034,24044,10
12.88274956,80.22673798,24044,24054,10
12.88150024,80.22676086,24054,24065,11
12.88035965,80.22676849,24065,24075,10
12.87915039,80.22679138,24075,24085,10
12.87786961,80.22686768,24085,24095,10
12.87681007,80.22696686,24095,24105,10
12.8758297,80.22698975,24105,24115,10
12.87475967,80.22689056,24115,24125,10
12.87366009,80.22676086,24125,24135,10
12.8728199,80.22673035,24135,24145,10
12.87187004,80.22670746,24145,24156,11
12.87065983,80.22664642,24156,24166,10
12.86944962,80.22653961,24166,24176,10
12.86830044,80.2264328,24176,24186,10
12.86717987,80.22651672,24186,24196,10
12.86608982,80.22662354,24196,24206,10
12.86501026,80.22663879,24206,24216,10
12.86388016,80.22657776,24216,24226,10
12.86279964,80.2265625,24226,24236,10
12.86161995,80.22663116,24236,24247,11
12.86056042,80.22657776,24247,24257,10
12.85962963,80.22644806,24257,24267,10
12.85890007,80.22634125,24267,24277,10
12.85818005,80.22627258,24277,24287,10
12.8571701,80.2263031,24287,24297,10
12.85599041,80.22644806,24297,24307,10
12.85464001,80.22660828,24307,24317,10
12.85336018,80.22673035,24317,24328,11
12.85202026,80.22672272,24328,24338,10
12.85095978,80.22667694,24338,24348,10
12.8501997,80.22666168,24348,24358,10
12.85002041,80.22664642,24358,24368,10
12.84947968,80.22663879,24368,24378,10
12.84867954,80.22663879,24378,24388,10
12.84774017,80.22664642,24388,24398,10
12.84677982,80.22664642,24398,24408,10
12.84587955,80.22664642,24408,24418,10
12.84537029,80.22663879,24418,24429,11
12.84506035,80.22666168,24429,24439,10
12.84444046,80.22670746,24439,24449,10
12.84358978,80.22680664,24449,24459,10
12.84259033,80.22698212,24459,24469,10
12.84152031,80.22720337,24469,24478,9
12.84060955,80.22746277,24478,24489,11
12.83992004,80.22763062,24489,24499,10
12.83967972,80.22769928,24499,24509,10
12.83950043,80.22773743,24509,24520,11
12.83895016,80.22792816,24520,24529,9
12.83823967,80.2281189,24529,24540,11
12.83705997,80.22834015,24540,24550,10
12.83576965,80.22852325,24550,24560,10
12.83438969,80.22873688,24560,24570,10
12.83302975,80.22898102,24570,24580,10
12.83199024,80.22917938,24580,24590,10
12.83106041,80.22943115,24590,24601,11
12.82987976,80.22987366,24601,24611,10
12.82878971,80.23034668,24611,24621,10
12.82765007,80.23100281,24621,24631,10
12.82633972,80.23139191,24631,24641,10
12.82499981,80.23143005,24641,24651,10
12.8237896,80.23116302,24651,24661,10
12.82260036,80.23078156,24661,24671,10
12.82137966,80.23049927,24671,24681,10
12.82017994,80.23049164,24681,24692,11
12.81902981,80.23049927,24692,24702,10
12.81811047,80.23014832,24702,24712,10
12.81727028,80.2297821,24712,24722,10
12.81614017,80.22949982,24722,24732,10
12.81480026,80.22930908,24732,24742,10
12.81346035,80.22899628,24742,24752,10
12.81217957,80.22853851,24752,24762,10
12.81091976,80.22807312,24762,24772,10
12.80974007,80.22756958,24772,24783,11
12.8085804,80.22680664,24783,24793,10
12.80770016,80.22608948,24793,24803,10
12.8073101,80.22573853,24803,24813,10
12.80694962,80.22541809,24813,24823,10
12.80642986,80.22496796,24823,24833,10
12.80587959,80.22447205,24833,24843,10
12.80541992,80.22415924,24843,24853,10
12.80508995,80.22406769,24853,24863,10
12.80498981,80.22403717,24863,24874,11
12.80490017,80.22403717,24874,24884,10
12.80443954,80.22396088,24884,24894,10
12.80383015,80.22389984,24894,24904,10
12.80298042,80.22383118,24904,24914,10
12.80198002,80.22368622,24914,24924,10
12.80095005,80.22360229,24924,24934,10
12.79977989,80.2234726,24934,24944,10
12.79848003,80.22335052,24944,24954,10
12.79718971,80.22318268,24954,24965,11
12.79584026,80.22292328,24965,24975,10
12.79463959,80.22271729,24975,24985,10
12.79343987,80.22254181,24985,24995,10
12.79228973,80.22235107,24995,25005,10
12.79125023,80.2220993,25005,25015,10
12.79024029,80.2218399,25015,25025,10
12.78931046,80.22155762,25025,25035,10
12.78851032,80.22125244,25035,25045,10
12.78781033,80.22096252,25045,25056,11
12.7870903,80.22070313,25056,25066,10
12.78631973,80.22039795,25066,25116,50
12.78631973,80.22039795,25116,25126,10
12.78617954,80.22058105,25126,25136,10
12.78617001,80.22088623,25136,25147,11
12.78617001,80.22125244,25147,25157,10
12.78629017,80.22174072,25157,25197,40
12.78629017,80.22174072,25197,25207,10
12.78633976,80.22194672,25207,25551,344
12.78633976,80.22194672,25551,25561,10
12.78623009,80.22161102,25561,25571,10
12.7862196,80.22116852,25571,25581,10
12.78621006,80.22068024,25581,25591,10
12.78621006,80.22049713,25591,25602,11
12.78633976,80.2203598,25602,25612,10
12.78652,80.22042847,25612,25622,10
12.78680038,80.22055054,25622,25632,10
12.78728008,80.22073364,25632,25642,10
12.78771973,80.22087097,25642,25652,10
12.78810024,80.22103119,25652,25662,10
12.78884029,80.22131348,25662,25672,10
12.78958988,80.22157288,25672,25682,10
12.78995991,80.22170258,25682,25693,11
12.79082012,80.22190094,25693,25703,10
12.79187965,80.22216797,25703,25713,10
12.79316044,80.22241974,25713,25723,10
12.79450035,80.22261047,25723,25733,10
12.79570007,80.22280884,25733,25743,10
12.79623985,80.2228775,25743,25753,10
12.79644012,80.22293091,25753,25763,10
12.79708958,80.22306824,25763,25773,10
12.79804993,80.22322845,25773,25784,11
12.79934978,80.22337341,25784,25794,10
12.8006897,80.22348022,25794,25804,10
12.80195999,80.22360229,25804,25814,10
12.80311012,80.22376251,25814,25824,10
12.80410004,80.22384644,25824,25834,10
12.80486012,80.22393036,25834,25844,10
12.80550957,80.22409058,25844,25854,10
12.8060503,80.22447205,25854,25864,10
12.80675983,80.22509003,25864,25875,11
12.80753994,80.22577667,25875,25885,10
12.80840015,80.22650909,25885,25895,10
12.80947971,80.22733307,25895,25905,10
12.81075954,80.22789001,25905,25915,10
12.81208038,80.22837067,25915,25925,10
12.81336021,80.22881317,25925,25935,10
12.81464958,80.22917175,25935,25945,10
12.81595993,80.2293396,25945,25955,10
12.81725025,80.229599,25955,25966,11
12.81847,80.23017883,25966,25976,10
12.81951046,80.2304306,25976,25986,10
12.81984997,80.23040771,25986,25996,10
12.8203001,80.23040009,25996,26006,10
12.82120991,80.23040009,26006,26016,10
12.82236004,80.23059845,26016,26026,10
12.82365036,80.23097992,26026,26036,10
12.82481956,80.23126221,26036,26046,10
12.82590008,80.23132324,26046,26057,11
12.82723999,80.23113251,26057,26067,10
12.82824039,80.23059845,26067,26077,10
12.82929993,80.23005676,26077,26087,10
12.83057022,80.22956085,26087,26097,10
12.83181,80.22914124,26097,26107,10
12.83292961,80.22888947,26107,26117,10
12.83423042,80.22868347,26117,26127,10
12.83549023,80.22847748,26127,26137,10
12.83675957,80.22828674,26137,26148,11
12.83813,80.22805023,26148,26158,10
12.83901978,80.22781372,26158,26168,10
12.83936977,80.22769928,26168,26188,20
12.83936977,80.22769928,26188,26198,10
12.83975983,80.22759247,26198,26208,10
12.84041023,80.22741699,26208,26218,10
12.84130001,80.22718048,26218,26228,10
12.84243965,80.22692108,26228,26239,11
12.84377956,80.22667694,26239,26249,10
12.8449297,80.2265625,26249,26259,10
12.84562969,80.22651672,26259,26269,10
12.84640026,80.22650146,26269,26279,10
12.84745979,80.22648621,26279,26289,10
12.84873009,80.22650146,26289,26299,10
12.84994984,80.22647858,26299,26309,10
12.85015011,80.22647858,26309,26319,10
12.8505497,80.22647858,26319,26330,11
12.85140038,80.22651672,26330,26340,10
12.85239983,80.22657013,26340,26350,10
12.85348988,80.2265625,26350,26360,10
12.85463047,80.22644806,26360,26370,10
12.85579967,80.22631836,26370,26380,10
12.85700035,80.22619629,26380,26390,10
12.85818005,80.22614288,26390,26400,10
12.85927963,80.22624969,26400,26410,10
12.86032963,80.22640228,26410,26421,11
12.86077976,80.22646332,26421,26431,10
12.86098003,80.22647858,26431,26441,10
12.86161041,80.22650146,26441,26451,10
12.86256981,80.22644043,26451,26461,10
12.86365986,80.2264328,26461,26471,10
12.86485958,80.22647095,26471,26481,10
12.86608982,80.22647095,26481,26491,10
12.86721039,80.22640228,26491,26501,10
12.86830997,80.2263031,26501,26512,11
12.86944008,80.22640991,26512,26522,10
12.87049007,80.22651672,26522,26532,10
12.87162018,80.22657013,26532,26542,10
12.87263012,80.22657776,26542,26552,10
12.87362003,80.22663116,26552,26562,10
12.87473965,80.22676086,26562,26572,10
12.87584019,80.22686768,26572,26582,10
12.87652016,80.22686005,26582,26592,10
12.8767004,80.22685242,26592,26603,11
12.87701988,80.22683716,26603,26613,10
12.87779045,80.22678375,26613,26623,10
12.87884998,80.22669983,26623,26633,10
12.88010979,80.22666168,26633,26643,10
12.88148022,80.22666168,26643,26653,10
12.88292027,80.22664642,26653,26663,10
12.88424015,80.22662354,26663,26673,10
12.88514042,80.22662354,26673,26683,10
12.8852396,80.22663879,26683,26694,11
12.88570976,80.22672272,26694,26704,10
12.88648033,80.22693634,26704,26714,10
12.88743019,80.22714996,26714,26724,10
12.88846016,80.22724915,26724,26734,10
12.88955021,80.22725677,26734,26744,10
12.8907299,80.22727203,26744,26754,10
12.89192009,80.22727203,26754,26764,10
12.89243031,80.22730255,26764,26774,10
12.89288998,80.2273407,26774,26785,11
12.89375019,80.22744751,26785,26795,10
12.8947401,80.22753143,26795,26805,10
12.89585018,80.22756958,26805,26815,10
12.89704037,80.22763062,26815,26825,10
12.89824963,80.22769165,26825,26835,10
12.89943981,80.22776031,26835,26845,10
12.90048027,80.22779846,26845,26855,10
12.90104008,80.22782898,26855,26865,10
12.90139961,80.2278595,26865,26876,11
12.90221024,80.22789764,26876,26886,10
12.90272045,80.22792816,26886,26906,20
12.90272045,80.22792816,26906,26916,10
12.90310001,80.22798157,26916,26926,10
12.90375996,80.22801208,26926,26936,10
12.90452957,80.22805786,26936,26946,10
12.90538025,80.22810364,26946,26956,10
12.90577984,80.22810364,26956,26967,11
12.90610027,80.22810364,26967,26977,10
12.90653038,80.22812653,26977,26987,10
12.90684032,80.2281723,26987,26997,10
12.90703964,80.22821808,26997,27007,10
12.90758991,80.22830963,27007,27016,9
12.90839958,80.22843933,27016,27027,11
12.90962029,80.2286377,27027,27037,10
12.9107399,80.2288208,27037,27047,10
12.91182041,80.22897339,27047,27058,11
12.91298962,80.22914124,27058,27068,10
12.91380024,80.22923279,27068,27078,10
12.91394997,80.22924805,27078,27088,10
12.91405964,80.22927856,27088,27098,10
12.91460991,80.22934723,27098,27108,10
12.91549969,80.22946167,27108,27118,10
12.9165802,80.22960663,27118,27128,10
12.91783047,80.22979736,27128,27138,10
12.91919041,80.22998047,27138,27149,11
12.92074966,80.23017883,27149,27159,10
12.92220974,80.2303772,27159,27169,10
12.92366028,80.23059845,27169,27179,10
12.92498016,80.23075867,27179,27189,10
12.92613983,80.23090363,27189,27199,10
12.92673969,80.23094177,27199,27209,10
12.92710972,80.23100281,27209,27219,10
12.92786026,80.23108673,27219,27229,10
12.92885017,80.23121643,27229,27240,11
12.93008995,80.23149872,27240,27250,10
12.93134975,80.23184967,27250,27260,10
12.93251038,80.23223114,27260,27270,10
12.93348026,80.23262024,27270,27280,10
12.93375969,80.23274231,27280,27290,10
12.9338398,80.23275757,27290,27300,10
12.93424034,80.2329483,27300,27310,10
12.9349699,80.23327637,27310,27320,10
12.9357996,80.2336731,27320,27331,11
12.93682003,80.23415375,27331,27341,10
12.93789959,80.23471069,27341,27351,10
12.93904018,80.2352829,27351,27361,10
12.93974018,80.23561096,27361,27371,10
12.93980026,80.23565674,27371,27381,10
12.94019985,80.23581696,27381,27391,10
12.9409399,80.23600769,27391,27401,10
12.94188023,80.23623657,27401,27411,10
12.94291019,80.23664093,27411,27422,11
12.94386959,80.23753357,27422,27432,10
12.9447403,80.2385025,27432,27442,10
12.94581032,80.23935699,27442,27452,10
12.94699955,80.23983765,27452,27462,10
12.94738007,80.2399826,27462,27472,10
12.94781017,80.24017334,27472,27482,10
12.94857979,80.2405014,27482,27492,10
12.94946957,80.24085999,27492,27502,10
12.95038986,80.24114227,27502,27513,11
12.95112991,80.24138641,27513,27523,10
12.95186043,80.24163055,27523,27533,10
12.95269966,80.24194336,27533,27543,10
12.95353031,80.24226379,27543,27553,10
12.95444012,80.24260712,27553,27563,10
12.95520973,80.24291229,27563,27573,10
12.95592022,80.2431488,27573,27583,10
12.95637035,80.24331665,27583,27593,10
12.95652008,80.24337769,27593,27604,11
12.95685005,80.24349976,27604,27614,10
12.95755005,80.24384308,27614,27624,10
12.95839024,80.24420929,27624,27634,10
12.95891953,80.2443924,27634,27644,10
12.95893002,80.24440002,27644,27654,10
12.95930004,80.24465942,27654,27664,10
12.96000004,80.24495697,27664,27674,10
12.96090031,80.24537659,27674,27684,10
12.96195984,80.24588776,27684,27695,11
12.96323013,80.24652863,27695,27705,10
12.96417999,80.2469101,27705,27715,10
12.96514988,80.24723053,27715,27725,10
12.96607018,80.24752045,27725,27735,10
12.96662045,80.24774933,27735,27744,9
12.96662045,80.2477417,27744,27755,11
12.96673012,80.24781799,27755,27765,10
12.96716022,80.24804688,27765,27775,10
12.96778965,80.24833679,27775,27786,11
12.9686203,80.24868774,27786,27796,10
12.96947956,80.24902344,27796,27806,10
12.97043991,80.24941254,27806,27816,10
12.97144985,80.24970245,27816,27826,10
12.97249985,80.24996948,27826,27836,10
12.97358036,80.2502594,27836,27846,10
12.97472954,80.2505722,27846,27856,10
12.97597027,80.25093842,27856,27866,10
12.97717953,80.25134277,27866,27877,11
12.97811985,80.25202942,27877,27887,10
12.97848034,80.25228119,27887,27897,10
12.97867012,80.252388,27897,27907,10
12.97918034,80.25254822,27907,27917,10
12.97961998,80.25257111,27917,27927,10
12.97964001,80.25257111,27927,27937,10
12.9800396,80.25260925,27937,27947,10
12.98064041,80.25261688,27947,27957,10
12.98139954,80.25258636,27957,27968,11
12.98241997,80.25257111,27968,27978,10
12.98346043,80.25245667,27978,27988,10
12.98451042,80.25219727,27988,27998,10
12.98554993,80.25190735,27998,28008,10
12.98633003,80.25170135,28008,28017,9
12.98684025,80.25157166,28017,28028,11
12.98711014,80.25148773,28028,28038,10
12.9874897,80.25135803,28038,28048,10
12.98799992,80.25125885,28048,28059,11
12.98888969,80.25102234,28059,28069,10
12.98945999,80.25086212,28069,28079,10
12.98960972,80.2508316,28079,28089,10
12.99022007,80.25068665,28089,28098,9
12.9910202,80.25050354,28098,28109,11
12.9921999,80.25021362,28109,28119,10
12.9934597,80.24989319,28119,28129,10
12.99479008,80.24958038,28129,28139,10
12.99594975,80.24925232,28139,28150,11
12.99664021,80.24906921,28150,28160,10
12.99672031,80.24906158,28160,28170,10
12.99720955,80.24893951,28170,28180,10
12.9980402,80.24874115,28180,28190,10
12.99903011,80.24848175,28190,28200,10
13.00014973,80.24820709,28200,28210,10
13.00139999,80.24790192,28210,28220,10
13.00259972,80.24762726,28220,28230,10
13.00387955,80.24739838,28230,28241,11
13.00520039,80.24720001,28241,28251,10
13.00617027,80.24688721,28251,28261,10
13.00652027,80.24642181,28261,28271,10
13.0065403,80.24638367,28271,28281,10
13.00662994,80.24598694,28281,28291,10
13.00666046,80.24523926,28291,28301,10
13.00667953,80.24430084,28301,28311,10
13.00666046,80.2434082,28311,28321,10
13.00662041,80.24243927,28321,28332,11
13.00662041,80.24134064,28332,28342,10
13.00677967,80.2403183,28342,28372,30
13.00677967,80.2403183,28372,28382,10
13.00679016,80.24004364,28382,28392,10
13.00693989,80.23956299,28392,28402,10
13.00708008,80.23880005,28402,28412,10
13.0072403,80.23790741,28412,28423,11
13.00739002,80.23712158,28423,28433,10
13.00743961,80.23670197,28433,28443,10
13.00745964,80.2366333,28443,28453,10
13.00759029,80.23618317,28453,28463,10
13.00774002,80.23545837,28463,28473,10
13.00790977,80.23459625,28473,28482,9
13.00809956,80.23364258,28482,28493,11
13.00839043,80.23227692,28493,28503,10
13.00864029,80.23098755,28503,28514,11
13.00889969,80.2296524,28514,28524,10
13.00911999,80.228508,28524,28534,10
13.00949955,80.22750854,28534,28544,10
13.00994015,80.22653961,28544,28554,10
13.01039982,80.22556305,28554,28564,10
13.01084042,80.22467041,28564,28574,10
13.01119995,80.22380066,28574,28584,10
13.01156044,80.22293091,28584,28594,10
13.01189995,80.22193146,28594,28605,11
13.01233006,80.2213974,28605,28615,10
13.01264,80.22186279,28615,28625,10
13.01319027,80.2224884,28625,28635,10
13.0137701,80.22309875,28635,28645,10
13.01412964,80.22341156,28645,28655,10
13.01443958,80.22376251,28655,28665,10
13.01486015,80.22425079,28665,28675,10
13.01533985,80.22480011,28675,28685,10
13.01541996,80.22486115,28685,28696,11
13.01558971,80.22506714,28696,28706,10
13.01611042,80.22531891,28706,28716,10
13.01677036,80.22518921,28716,28726,10
13.01747036,80.22492218,28726,28736,10
13.01825047,80.22458649,28736,28746,10
13.01945019,80.22431183,28746,28766,20
13.01945019,80.22431183,28766,28776,10
13.01966953,80.22444916,28776,28787,11
13.02013969,80.22477722,28787,28797,10
13.02064037,80.22514343,28797,28807,10
13.02103043,80.22543335,28807,28817,10
13.02147961,80.22579193,28817,28827,10
13.02198982,80.22615814,28827,28837,10
13.02248001,80.22659302,28837,28847,10
13.02297974,80.22702789,28847,28857,10
13.02336979,80.22743225,28857,28867,10
13.02375031,80.22770691,28867,28878,11
13.0240202,80.22795105,28878,28948,70
13.02404022,80.22807312,28948,29383,435
13.0240202,80.22801971,29383,29515,132
13.02398968,80.22811127,29515,29959,444
13.02398968,80.22811127,29959,29970,11
13.02420044,80.22827911,29970,29980,10
13.02439976,80.22844696,29980,29990,10
13.02429008,80.22859955,29990,30000,10
13.02402973,80.22833252,30000,30010,10
13.02375031,80.22799683,30010,30020,10
13.02350998,80.2277832,30020,30131,111
13.02350998,80.2277832,30131,30141,10
13.02334023,80.22757721,30141,30152,11
13.02320004,80.22744751,30152,30162,10
13.02297974,80.227211,30162,30172,10
13.02278996,80.22701263,30172,30182,10
13.02266979,80.22686005,30182,30192,10
13.02241993,80.22666168,30192,30202,10
13.02210045,80.22637939,30202,30212,10
13.02163982,80.22602081,30212,30222,10
13.02116013,80.22566223,30222,30232,10
13.02068043,80.22528076,30232,30243,11
13.02011967,80.22490692,30243,30253,10
13.01968956,80.22460938,30253,30263,10
13.01906013,80.22444153,30263,30273,10
13.01830006,80.22467041,30273,30283,10
13.01749992,80.22501373,30283,30293,10
13.01673985,80.2253418,30293,30303,10
13.01605988,80.22559357,30303,30313,10
13.01533031,80.22588348,30313,30323,10
13.01441002,80.22625732,30323,30344,21
13.01441002,80.22625732,30344,30354,10
13.01424026,80.22631073,30354,30364,10
13.01368046,80.22653198,30364,30374,10
13.01288986,80.22683716,30374,30384,10
13.01202011,80.227211,30384,30394,10
13.0111599,80.22753906,30394,30404,10
13.01027966,80.22789764,30404,30414,10
13.00949955,80.22824097,30414,30425,11
13.00912952,80.22889709,30425,30435,10
13.00901985,80.22949982,30435,30445,10
13.00895023,80.22984314,30445,30667,222
13.00889015,80.23002625,30667,30738,71
13.00895023,80.22988129,30738,30758,20
13.00895023,80.22988129,30758,30768,10
13.00887012,80.23021698,30768,30778,10
13.00870991,80.23084259,30778,30788,10
13.00852013,80.23171997,30788,30799,11
13.00831985,80.23284912,30799,30809,10
13.00823975,80.23358154,30809,30819,10
13.00823975,80.23358917,30819,30829,10
13.00823021,80.2337265,30829,30839,10
13.00811958,80.23415375,30839,30849,10
13.00796986,80.2348175,30849,30859,10
13.00778961,80.23564911,30859,30869,10
13.00759983,80.2366333,30869,30879,10
13.00736046,80.23777008,30879,30890,11
13.0071497,80.2389679,30890,30900,10
13.00693035,80.23986053,30900,30910,10
13.00693035,80.24017334,30910,30920,10
13.00697994,80.24025726,30920,30930,10
13.0068903,80.24072266,30930,30940,10
13.00677967,80.24144745,30940,30950,10
13.00675011,80.24243164,30950,30960,10
13.00669956,80.24349976,30960,30970,10
13.00669956,80.24474335,30970,30981,11
13.00673962,80.24597168,30981,30991,10
13.00679016,80.24685669,30991,31001,10
13.00677967,80.24726105,31001,31011,10
13.00669956,80.24736786,31011,31021,10
13.00617981,80.24742889,31021,31041,20
13.00617981,80.24742889,31041,31051,10
13.00607967,80.2474823,31051,31061,10
13.00559998,80.24741364,31061,31072,11
13.00489044,80.24742889,31072,31082,10
13.00403023,80.2474823,31082,31092,10
13.0031004,80.24764252,31092,31102,10
13.00212002,80.24784088,31102,31112,10
13.00107002,80.24810791,31112,31122,10
13.00006008,80.24835968,31122,31132,10
12.99909973,80.24861145,31132,31142,10
12.99822044,80.24887085,31142,31173,31
12.99822044,80.24887085,31173,31183,10
12.99816036,80.24889374,31183,31193,10
12.99771976,80.24897003,31193,31203,10
12.99699974,80.24913788,31203,31213,10
12.99612045,80.24938202,31213,31223,10
12.99505997,80.24964905,31223,31233,10
12.99384975,80.24996185,31233,31243,10
12.99250031,80.25028229,31243,31254,11
12.9910202,80.25067902,31254,31274,20
12.9910202,80.25067902,31274,31284,10
12.99065018,80.25076294,31284,31294,10
12.98995018,80.25093842,31294,31304,10
12.98910046,80.25113678,31304,31314,10
12.98810005,80.25141907,31314,31355,41
12.98810005,80.25141907,31355,31365,10
12.98793983,80.25145721,31365,31375,10
12.98746967,80.2515564,31375,31385,10
12.98670006,80.25177002,31385,31395,10
12.9858799,80.25196075,31395,31405,10
12.98490047,80.25219727,31405,31415,10
12.98375988,80.25250244,31415,31425,10
12.98246002,80.25267792,31425,31436,11
12.98106956,80.25273895,31436,31446,10
12.98023987,80.25280762,31446,31456,10
12.97964001,80.25273895,31456,31466,10
12.97893047,80.25266266,31466,31476,10
12.97861958,80.25260162,31476,31486,10
12.97856998,80.25257111,31486,31496,10
12.9781599,80.25228119,31496,31506,10
12.97749043,80.25167847,31506,31516,10
12.97644997,80.25124359,31516,31527,11
12.97506046,80.2508316,31527,31537,10
12.97373962,80.25045776,31537,31547,10
12.97259998,80.25019836,31547,31557,10
12.97155952,80.24990082,31557,31567,10
12.97047043,80.2495575,31567,31577,10
12.96928024,80.24907684,31577,31587,10
12.96800041,80.24858856,31587,31597,10
12.96706009,80.24816132,31597,31607,10
12.96605015,80.24770355,31607,31618,11
12.9651804,80.24743652,31618,31628,10
12.9650898,80.24739838,31628,31638,10
12.96492958,80.24729919,31638,31648,10
12.96436024,80.24707031,31648,31658,10
12.9635601,80.24674988,31658,31668,10
12.9626503,80.24633026,31668,31678,10
12.96154976,80.24578857,31678,31688,10
12.96037006,80.24520111,31688,31698,10
12.95948982,80.24488068,31698,31709,11
12.95944023,80.24482727,31709,31719,10
12.95913029,80.24465942,31719,31729,10
12.95849991,80.24436188,31729,31739,10
12.95773029,80.24407959,31739,31749,10
12.95697021,80.24382019,31749,31759,10
12.95639992,80.24360657,31759,31769,10
12.95571995,80.24330139,31769,31779,10
12.95487976,80.24288177,31779,31790,11
12.95382023,80.24246216,31790,31800,10
12.95277977,80.24202728,31800,31810,10
12.95186996,80.24173737,31810,31820,10
12.95170021,80.24169922,31820,31829,9
12.95160007,80.24166107,31829,31840,11
12.95118046,80.24149323,31840,31850,10
12.95051956,80.24133301,31850,31860,10
12.94968033,80.24108124,31860,31870,10
12.94884968,80.24076843,31870,31880,10
12.94797993,80.24037933,31880,31891,11
12.94721031,80.24005127,31891,31901,10
12.94713974,80.24004364,31901,31911,10
12.9470396,80.24002075,31911,31921,10
12.94655991,80.23979187,31921,31931,10
12.9457798,80.23944092,31931,31941,10
12.9449501,80.23887634,31941,31951,10
12.94419003,80.23806763,31951,31961,10
12.94344044,80.23725128,31961,31971,10
12.94254017,80.2365799,31971,31982,11
12.94132042,80.23622894,31982,31992,10
12.94032001,80.23599243,31992,32002,10
12.93982029,80.23580933,32002,32011,9
12.93978977,80.2358017,32011,32022,11
12.9394598,80.23564148,32022,32032,10
12.93887997,80.23535156,32032,32042,10
12.93811989,80.23497009,32042,32052,10
12.93729973,80.23455048,32052,32062,10
12.93597031,80.23394775,32062,32083,21
12.93597031,80.23394775,32083,32093,10
12.93574047,80.23384094,32093,32103,10
12.93515968,80.23355103,32103,32113,10
12.93385983,80.23296356,32113,32133,20
12.93385983,80.23296356,32133,32143,10
12.93360043,80.23282623,32143,32153,10
12.93311977,80.23261261,32153,32164,11
12.93233967,80.23230743,32164,32174,10
12.93148994,80.23204041,32174,32184,10
12.93056011,80.23175812,32184,32194,10
12.92963982,80.23153687,32194,32204,10
12.92872047,80.23136902,32204,32214,10
12.9278698,80.23123932,32214,32224,10
12.92689991,80.23111725,32224,32234,10
12.92617989,80.23104858,32234,32244,10
12.92605972,80.23104095,32244,32255,11
12.92562008,80.23097229,32255,32265,10
12.92498016,80.23088074,32265,32275,10
12.92416,80.23078918,32275,32285,10
12.92321014,80.23065948,32285,32295,10
12.92214012,80.2305069,32295,32305,10
12.92107964,80.23034668,32305,32315,10
12.92000961,80.23021698,32315,32325,10
12.91893959,80.23007965,32325,32335,10
12.91794014,80.22995758,32335,32346,11
12.91724014,80.22988129,32346,32356,10
12.91656971,80.22976685,32356,32366,10
12.91567039,80.22963715,32366,32376,10
12.91464043,80.22949982,32376,32386,10
12.91329956,80.2293396,32386,32406,20
12.91329956,80.2293396,32406,32416,10
12.91310978,80.22928619,32416,32426,10
12.91267967,80.2292099,32426,32437,11
12.91184998,80.2290802,32437,32447,10
12.91084003,80.2289505,32447,32457,10
12.90972042,80.22878265,32457,32466,9
12.90865993,80.22859955,32466,32477,11
12.90736008,80.22840118,32477,32487,10
12.90647984,80.22833252,32487,32497,10
12.90618992,80.22831726,32497,32507,10
12.90606976,80.22831726,32507,32517,10
12.90550041,80.2282486,32517,32528,11
12.90447998,80.22820282,32528,32538,10
12.90332985,80.22814178,32538,32548,10
12.9021101,80.22805786,32548,32558,10
12.9011097,80.2280426,32558,32608,50
12.9011097,80.2280426,32608,32619,11
12.90071964,80.22795868,32619,32629,10
12.90011024,80.22795105,32629,32639,10
12.89943981,80.22792053,32639,32649,10
12.89898968,80.22789764,32649,32669,20
12.89898968,80.22789764,32669,32679,10
12.89871025,80.22789764,32679,32689,10
12.89815998,80.22781372,32689,32699,10
12.89741993,80.22776794,32699,32710,11
12.89645004,80.22772217,32710,32720,10
12.89550018,80.22767639,32720,32730,10
12.89449024,80.22763824,32730,32740,10
12.89342976,80.22753906,32740,32750,10
12.89247036,80.22743988,32750,32759,9
12.89163971,80.22740936,32759,32770,11
12.89046001,80.22740936,32770,32780,10
12.8893404,80.22740173,32780,32790,10
12.88821983,80.22737122,32790,32801,11
12.88710022,80.22721863,32801,32811,10
12.88605976,80.22698212,32811,32821,10
12.88506031,80.22678375,32821,32831,10
12.88486004,80.22676849,32831,32841,10
12.88453007,80.22676086,32841,32851,10
12.8838501,80.22673798,32851,32861,10
12.88294983,80.22675323,32861,32871,10
12.88187981,80.22676086,32871,32881,10
12.88070011,80.22676849,32881,32892,11
12.87932014,80.22679138,32892,32902,10
12.87812042,80.22686005,32902,32912,10
12.8770504,80.2269516,32912,32922,10
12.87644005,80.22699738,32922,32932,10
12.87642002,80.22701263,32932,32942,10
12.87623024,80.22702789,32942,32952,10
12.87569046,80.22699738,32952,32962,10
12.87489033,80.22692108,32962,32972,10
12.87392044,80.2268219,32972,32983,11
12.87290001,80.22676086,32983,32993,10
12.87269974,80.22676086,32993,33003,10
12.87269974,80.22672272,33003,33013,10
12.8722496,80.22670746,33013,33023,10
12.87141037,80.2266922,33023,33033,10
12.87034988,80.22662354,33033,33043,10
12.86909962,80.22647858,33043,33053,10
12.86771965,80.22646332,33053,33063,10
12.86635971,80.22660828,33063,33074,11
12.86487961,80.22662354,33074,33084,10
12.86355972,80.22657776,33084,33094,10
12.86231995,80.22660065,33094,33104,10
12.8611002,80.22663879,33104,33134,30
12.8611002,80.22663879,33134,33144,10
12.86083984,80.22663116,33144,33154,10
12.86019993,80.22654724,33154,33165,11
12.85923004,80.22641754,33165,33175,10
12.85828972,80.22631836,33175,33185,10
12.85723019,80.22633362,33185,33195,10
12.85606003,80.22644043,33195,33205,10
12.85484028,80.2265625,33205,33215,10
12.85359955,80.22669983,33215,33225,10
12.85235977,80.22672272,33225,33235,10
12.85116005,80.22666931,33235,33245,10
12.85021973,80.22664642,33245,33256,11
12.85013962,80.22664642,33256,33266,10
12.84972,80.22663879,33266,33276,10
12.84899044,80.22662354,33276,33286,10
12.84807014,80.22663116,33286,33296,10
12.84704018,80.22663116,33296,33306,10
12.84603024,80.22663879,33306,33316,10
12.84545994,80.22664642,33316,33326,10
12.84543037,80.22666168,33326,33336,10
12.84515953,80.22666931,33336,33347,11
12.84445953,80.22673035,33347,33357,10
12.84356976,80.2268219,33357,33367,10
12.84255028,80.22699738,33367,33377,10
12.84152031,80.227211,33377,33387,10
12.84049988,80.22747803,33387,33397,10
12.83988953,80.22763062,33397,33407,10
12.83944988,80.2277298,33407,33417,10
12.83868027,80.22795868,33417,33427,10
12.83773994,80.22818756,33427,33438,11
12.8366003,80.2283783,33438,33448,10
12.83549023,80.22855377,33448,33458,10
12.8343401,80.22875214,33458,33468,10
12.83320045,80.22895813,33468,33478,10
12.83213997,80.22915649,33478,33498,20
12.83213997,80.22915649,33498,33508,10
12.83201981,80.2292099,33508,33518,10
12.83150005,80.22931671,33518,33529,11
12.83067989,80.22959137,33529,33539,10
12.82989025,80.22988892,33539,33549,10
12.82903004,80.23020935,33549,33559,10
12.82804966,80.23074341,33559,33569,10
12.82701015,80.23124695,33569,33579,10
12.82588005,80.23139954,33579,33589,10
12.82462978,80.23137665,33589,33599,10
12.8234396,80.23105621,33599,33609,10
12.8222599,80.23069763,33609,33620,11
12.82094002,80.23047638,33620,33630,10
12.81980038,80.23052979,33630,33640,10
12.81896019,80.23052979,33640,33650,10
12.81892014,80.23052979,33650,33660,10
12.81853008,80.23033905,33660,33670,10
12.81779003,80.22997284,33670,33680,10
12.81678009,80.22960663,33680,33690,10
12.81556988,80.22940063,33690,33700,10
12.81435013,80.22918701,33700,33711,11
12.81305981,80.2288208,33711,33721,10
12.81190014,80.22840881,33721,33731,10
12.81068993,80.22795868,33731,33741,10
12.80957031,80.22747803,33741,33751,10
12.80860043,80.22679901,33751,33761,10
12.80766964,80.22599792,33761,33771,10
12.80685997,80.22530365,33771,33781,10
12.80615044,80.22464752,33781,33791,10
12.80545998,80.22412109,33791,33802,11
12.80523968,80.22405243,33802,33812,10
12.80494022,80.22399902,33812,33822,10
12.80451965,80.22392273,33822,33832,10
12.80403996,80.22386932,33832,33842,10
12.80340004,80.22382355,33842,33852,10
12.80265045,80.22371674,33852,33862,10
12.80183029,80.22364044,33862,33872,10
12.80123043,80.22360992,33872,33882,10
12.80107021,80.22360229,33882,33893,11
12.80039978,80.22350311,33893,33903,10
12.79965019,80.22344208,33903,33913,10
12.79880047,80.22335815,33913,33923,10
12.79771996,80.22324371,33923,33933,10
12.79666996,80.22306061,33933,33943,10
12.79570961,80.22292328,33943,33953,10
12.79467964,80.22271729,33953,33963,10
12.79349995,80.22252655,33963,33973,10
12.79232979,80.22234344,33973,33984,11
12.79102993,80.22203064,33984,33994,10
12.79002953,80.2217865,33994,34004,10
12.78936005,80.22157288,34004,34014,10
12.78876972,80.22133636,34014,34024,10
12.78812027,80.22109985,34024,34034,10
12.78752995,80.22087097,34034,34044,10
12.78695011,80.22068024,34044,34054,10
12.78631973,80.22044373,34054,34125,71
12.78631973,80.22044373,34125,34135,10
12.78619957,80.22055817,34135,34145,10
12.78621006,80.22077179,34145,34155,10
12.78621006,80.22106934,34155,34166,11
12.78621006,80.22142792,34166,34176,10
12.78627968,80.22187042,34176,34742,566
12.78627968,80.22187042,34742,34752,10
12.7862196,80.2218399,34752,34762,10
12.78623009,80.22164154,34762,34772,10
12.78619957,80.22142792,34772,34782,10
12.78619003,80.22122955,34782,34792,10
12.78619957,80.22109222,34792,34803,11
12.78617954,80.22090149,34803,34813,10
12.78617954,80.22081757,34813,34823,10
12.78617954,80.22065735,34823,34833,10
12.78619957,80.22045135,34833,34843,10
12.78629971,80.2203598,34843,34853,10
12.78649998,80.22045135,34853,34863,10
12.78658962,80.22048187,34863,34873,10
12.78670025,80.22052002,34873,34883,10
12.78711987,80.22068024,34883,34894,11
12.78771973,80.22090912,34894,34904,10
12.78824043,80.22112274,34904,34914,10
12.78888035,80.22135925,34914,34924,10
12.78946972,80.22155762,34924,34934,10
12.78983974,80.22170258,34934,34944,10
12.79030037,80.22181702,34944,34954,10
12.79109955,80.22202301,34954,34964,10
12.7920599,80.22223663,34964,34974,10
12.7930603,80.22241974,34974,34985,11
12.79417992,80.22260284,34985,34995,10
12.79522038,80.22276306,34995,35005,10
12.79617977,80.22290802,35005,35015,10
12.79644012,80.2229538,35015,35025,10
12.7967701,80.22302246,35025,35035,10
12.79747963,80.2231369,35035,35045,10
12.79835987,80.22325897,35045,35055,10
12.79934978,80.22335815,35055,35065,10
12.80039024,80.22345734,35065,35076,11
12.80140018,80.22357178,35076,35086,10
12.80152988,80.22357941,35086,35096,10
12.80195045,80.22361755,35096,35106,10
12.80272961,80.22371674,35106,35116,10
12.80360031,80.22383118,35116,35126,10
12.80451012,80.22389221,35126,35136,10
12.8052702,80.22402954,35136,35146,10
12.80554962,80.22411346,35146,35156,10
12.80568027,80.22421265,35156,35167,11
12.80624008,80.22470093,35167,35177,10
12.80692005,80.22528839,35177,35187,10
12.80768967,80.22593689,35187,35197,10
12.80852985,80.22663879,35197,35207,10
12.80943966,80.22733307,35207,35217,10
12.81048965,80.22779846,35217,35227,10
12.8115797,80.22821808,35227,35237,10
12.81272984,80.22863007,35237,35247,10
12.81392002,80.22904205,35247,35258,11
12.81527996,80.22927856,35258,35268,10
12.81657028,80.22946167,35268,35278,10
12.81779957,80.22989655,35278,35288,10
12.81890011,80.23040009,35288,35298,10
12.81976986,80.2304306,35298,35308,10
12.81980038,80.2304306,35308,35318,10
12.82019043,80.23042297,35318,35328,10
12.82094002,80.23040009,35328,35338,10
12.82184982,80.23049927,35338,35349,11
12.82293987,80.23081207,35349,35359,10
12.82394981,80.23108673,35359,35369,10
12.82489967,80.23130798,35369,35379,10
12.82594013,80.23130798,35379,35389,10
12.82695007,80.23119354,35389,35399,10
12.82789993,80.23074341,35399,35409,10
12.82884979,80.23023224,35409,35419,10
12.82981968,80.22981262,35419,35429,10
12.83071995,80.22943878,35429,35440,11
12.83106995,80.22930908,35440,35450,10
12.83148956,80.22918701,35450,35480,30
12.83148956,80.22918701,35480,35490,10
12.8316803,80.22915649,35490,35500,10
12.83218956,80.22904205,35500,35510,10
12.83292007,80.22889709,35510,35520,10
12.83374977,80.22873688,35520,35531,11
12.83481979,80.22853088,35531,35541,10
12.83586979,80.22839355,35541,35551,10
12.83697987,80.22824097,35551,35561,10
12.83796978,80.22805786,35561,35571,10
12.83899021,80.22782135,35571,35642,71
12.83934021,80.22772217,35642,35682,40
12.83934021,80.22772217,35682,35692,10
12.83963966,80.22766113,35692,35702,10
12.84023952,80.22750092,35702,35713,11
12.84119987,80.22724152,35713,35723,10
12.84224033,80.22698212,35723,35733,10
12.84329033,80.22679901,35733,35743,10
12.84430981,80.22666931,35743,35753,10
12.84514046,80.22657776,35753,35763,10
12.84541988,80.22654724,35763,35773,10
12.84545994,80.22654724,35773,35783,10
12.8455801,80.22653961,35783,35793,10
12.84603977,80.22653961,35793,35804,11
12.84692955,80.22653198,35804,35814,10
12.84786987,80.22651672,35814,35824,10
12.8489399,80.22650909,35824,35834,10
12.84996033,80.22648621,35834,35844,10
12.85011959,80.22648621,35844,35854,10
12.85041046,80.22650146,35854,35864,10
12.85112,80.22650909,35864,35874,10
12.85202026,80.2265625,35874,35884,10
12.85305977,80.22660065,35884,35895,11
12.85424995,80.22650146,35895,35905,10
12.85533047,80.22637939,35905,35915,10
12.85641956,80.22627258,35915,35925,10
12.85752964,80.22615814,35925,35935,10
12.85855007,80.2261734,35935,35945,10
12.85943985,80.22628021,35945,35955,10
12.86040974,80.22641754,35955,35965,10
12.86081982,80.22644806,35965,35975,10
12.86116028,80.22648621,35975,35986,11
12.86203003,80.22647095,35986,35996,10
12.86306,80.22641754,35996,36006,10
12.86429024,80.22646332,36006,36016,10
12.86555958,80.22650146,36016,36026,10
12.8668499,80.22640991,36026,36036,10
12.8682003,80.22628784,36036,36046,10
12.86956024,80.22641754,36046,36056,10
12.8708601,80.22654724,36056,36066,10
12.8719902,80.22657776,36066,36077,11
12.87275982,80.2265625,36077,36087,10
12.87277031,80.22657013,36087,36097,10
12.8728199,80.22657013,36097,36107,10
12.87331009,80.22660065,36107,36117,10
12.87411976,80.22666931,36117,36127,10
12.87506962,80.22679901,36127,36137,10
12.87609005,80.22686005,36137,36147,10
12.87670994,80.2268219,36147,36157,10
12.87679958,80.2268219,36157,36168,11
12.87732983,80.22679901,36168,36178,10
12.87819958,80.22672272,36178,36188,10
12.87926006,80.22666168,36188,36198,10
12.88043022,80.22663116,36198,36208,10
12.88158035,80.22662354,36208,36218,10
12.88276958,80.22660828,36218,36228,10
12.88397026,80.22659302,36228,36238,10
12.8849802,80.22659302,36238,36248,10
12.88519955,80.22660065,36248,36259,11
12.88543987,80.22663879,36259,36269,10
12.88599968,80.22679138,36269,36279,10
12.88685036,80.22701263,36279,36289,10
12.88784027,80.22718048,36289,36299,10
12.88891983,80.22725677,36299,36309,10
12.89009953,80.22727203,36309,36319,10
12.89132023,80.22727203,36319,36329,10
12.89233971,80.22731781,36329,36370,41
12.89233971,80.22731781,36370,36380,10
12.89239979,80.22731781,36380,36390,10
12.8927803,80.22734833,36390,36400,10
12.89352036,80.22744751,36400,36410,10
12.89449024,80.22753906,36410,36420,10
12.89562988,80.22759247,36420,36430,10
12.89684963,80.22763824,36430,36440,10
12.8980999,80.22767639,36440,36451,11
12.89935017,80.22775269,36451,36461,10
12.90021992,80.22776794,36461,36471,10
12.90063953,80.22776794,36471,36501,30
12.90063953,80.22776794,36501,36511,10
12.90095997,80.22779083,36511,36521,10
12.90147972,80.22788239,36521,36531,10
12.90211964,80.22788239,36531,36542,11
12.90275002,80.22792053,36542,36552,10
12.90275955,80.22792053,36552,36562,10
12.90289974,80.22792053,36562,36572,10
12.90344048,80.22795868,36572,36582,10
12.90429974,80.22801208,36582,36592,10
12.9053297,80.22807312,36592,36602,10
12.90635967,80.2281189,36602,36612,10
12.90701962,80.22817993,36612,36622,10
12.90715981,80.22820282,36622,36633,11
12.90785027,80.22830963,36633,36643,10
12.90886021,80.22846985,36643,36653,10
12.91012001,80.22868347,36653,36663,10
12.91149044,80.22891235,36663,36673,10
12.91277027,80.2290802,36673,36683,10
12.91382027,80.22924042,36683,36693,10
12.91431046,80.22926331,36693,36703,10
12.9146204,80.22931671,36703,36713,10
12.91536999,80.22943878,36713,36724,11
12.91646004,80.22958374,36724,36734,10
12.91761971,80.22975159,36734,36744,10
12.91893005,80.22994232,36744,36754,10
12.92029953,80.23014069,36754,36764,10
12.92173004,80.23032379,36764,36774,10
12.92315006,80.23053741,36774,36784,10
12.92451,80.23072052,36784,36794,10
12.92572975,80.23085022,36794,36804,10
12.92671967,80.23095703,36804,36815,11
12.92792034,80.23110962,36815,36825,10
12.92916012,80.23133087,36825,36835,10
12.93047047,80.23162079,36835,36845,10
12.93169975,80.23197174,36845,36855,10
12.93280983,80.23233795,36855,36865,10
12.93352032,80.23265076,36865,36875,10
12.93360996,80.23269653,36875,36885,10
12.9340601,80.23294067,36885,36895,10
12.93488979,80.23332214,36895,36906,11
12.93593979,80.23378754,36906,36916,10
12.9370203,80.23430634,36916,36926,10
12.93819046,80.23486328,36926,36936,10
12.93924046,80.23538971,36936,36946,10
12.93974018,80.23562622,36946,36956,10
12.93988037,80.23570251,36956,36966,10
12.94048977,80.23590851,36966,36976,10
12.94141006,80.23612976,36976,36986,10
12.94248009,80.23641968,36986,36997,11
12.94357967,80.23725891,36997,37006,9
12.94435978,80.2381897,37006,37017,11
12.94544029,80.23921204,37017,37027,10
12.94666004,80.23973846,37027,37037,10
12.94740963,80.24001312,37037,37047,10
12.94756031,80.24008179,37047,37057,10
12.94810009,80.24031067,37057,37067,10
12.94882965,80.24060059,37067,37118,51
12.94882965,80.24060059,37118,37128,10
12.9489603,80.24060822,37128,37138,10
12.94944954,80.24079895,37138,37148,10
12.9502697,80.24105835,37148,37158,10
12.95104027,80.24128723,37158,37168,10
12.95108032,80.24130249,37168,37179,11
12.95131016,80.2414093,37179,37189,10
12.95180988,80.24160004,37189,37199,10
12.95250034,80.24183655,37199,37209,10
12.95337963,80.24217224,37209,37219,10
12.95394039,80.24240112,37219,37229,10
12.95436001,80.2425766,37229,37239,10
12.95495987,80.24282074,37239,37249,10
12.95565987,80.24304962,37249,37259,10
12.95625973,80.24324036,37259,37270,11
12.95650005,80.24331665,37270,37280,10
12.95699024,80.24356079,37280,37290,10
12.95771027,80.24391937,37290,37300,10
12.95847988,80.2442627,37300,37310,10
12.95888996,80.24443054,37310,37320,10
12.95893955,80.24446869,37320,37330,10
12.95934963,80.24471283,37330,37340,10
12.96008015,80.24501801,37340,37350,10
12.96092033,80.24539185,37350,37361,11
12.96177959,80.2457962,37361,37371,10
12.96247005,80.24611664,37371,37381,10
12.96298027,80.24635315,37381,37391,10
12.96304035,80.2463913,37391,37401,10
12.96310997,80.24643707,37401,37411,10
12.96343994,80.24662018,37411,37421,10
12.96387959,80.24681854,37421,37431,10
12.96463013,80.2470932,37431,37441,10
12.96547985,80.24736786,37441,37452,11
12.96634007,80.24770355,37452,37462,10
12.96648026,80.24775696,37462,37472,10
12.96656036,80.24781036,37472,37482,10
12.96700001,80.24803925,37482,37492,10
12.96763992,80.24832153,37492,37502,10
12.96842003,80.24862671,37502,37512,10
12.96928978,80.24899292,37512,37522,10
12.97021961,80.24936676,37522,37532,10
12.97126961,80.24971771,37532,37543,11
12.97245026,80.25003815,37543,37553,10
12.97352028,80.25029755,37553,37563,10
12.97461033,80.25060272,37563,37573,10
12.97570038,80.2509079,37573,37583,10
12.97681999,80.25122833,37583,37593,10
12.97787952,80.25186157,37593,37603,10
12.97854042,80.25232697,37603,37613,10
12.97865963,80.252388,37613,37623,10
12.97916031,80.25254059,37623,37634,11
12.97964001,80.25263214,37634,37664,30
12.97964001,80.25263214,37664,37674,10
12.97974014,80.25263977,37674,37684,10
12.98034,80.25263977,37684,37694,10
12.98122978,80.25260162,37694,37704,10
12.9822998,80.25257111,37704,37714,10
12.98349953,80.25245667,37714,37725,11
12.98484039,80.25208282,37725,37735,10
12.98587036,80.25179291,37735,37745,10
12.98676014,80.2515564,37745,37755,10
12.98746014,80.25134277,37755,37876,121
12.98746014,80.25134277,37876,37886,10
12.9875803,80.25131226,37886,37896,10
12.98808002,80.25121307,37896,37907,11
12.98900032,80.25096893,37907,37917,10
12.98960972,80.25080109,37917,37927,10
12.98964024,80.25081635,37927,37937,10
12.99007988,80.25070953,37937,37947,10
12.99083996,80.2505188,37947,37957,10
12.99174976,80.25029755,37957,37967,10
12.99273014,80.25006104,37967,37977,10
12.99374008,80.24980164,37977,37987,10
12.99479961,80.24954224,37987,37998,11
12.99594021,80.24923706,37998,38008,10
12.99672031,80.24903107,38008,38018,10
12.99695015,80.24897766,38018,38028,10
12.99757004,80.24884033,38028,38038,10
12.99845982,80.24861908,38038,38048,10
12.99948025,80.24835968,38048,38058,10
13.00055027,80.24809265,38058,38068,10
13.00164986,80.24783325,38068,38078,10
13.00273037,80.24758148,38078,38089,11
13.00393963,80.24739075,38089,38099,10
13.00498009,80.24725342,38099,38109,10
13.00588036,80.24703979,38109,38119,10
13.00644016,80.246521,38119,38129,10
13.00650024,80.24638367,38129,38139,10
13.00656986,80.24594116,38139,38149,10
13.00660992,80.24510956,38149,38159,10
13.00662994,80.24411774,38159,38169,10
13.00662041,80.24308777,38169,38180,11
13.00658035,80.24195099,38180,38190,10
13.00660992,80.24093628,38190,38200,10
13.00669003,80.24034882,38200,38220,20
13.00669003,80.24034882,38220,38230,10
13.00671959,80.240242,38230,38240,10
13.00681019,80.23979187,38240,38250,10
13.00695992,80.23899841,38250,38260,10
13.00714016,80.23809814,38260,38271,11
13.00739956,80.23664093,38271,38291,20
13.00739956,80.23664093,38291,38301,10
13.00751972,80.23629761,38301,38311,10
13.00765038,80.23564148,38311,38321,10
13.00782013,80.2348175,38321,38331,10
13.00800037,80.23390961,38331,38341,10
13.00821018,80.23288727,38341,38351,10
13.00842953,80.23177338,38351,38362,11
13.00868034,80.23052979,38362,38372,10
13.00891018,80.22937775,38372,38382,10
13.00914955,80.22827911,38382,38392,10
13.00957966,80.22725677,38392,38402,10
13.01006031,80.22624969,38402,38412,10
13.0104599,80.22541809,38412,38422,10
13.0105896,80.22515106,38422,38432,10
13.01066971,80.22498322,38432,38442,10
13.01089001,80.22445679,38442,38453,11
13.01115036,80.22379303,38453,38463,10
13.01134014,80.22328186,38463,38473,10
13.01161003,80.22267914,38473,38483,10
13.01185989,80.22190094,38483,38492,9
13.01220989,80.22136688,38492,38503,11
13.01251984,80.22180939,38503,38513,10
13.01299953,80.22235107,38513,38523,10
13.01350975,80.22289276,38523,38533,10
13.01403046,80.22335815,38533,38544,11
13.01451015,80.22380066,38544,38554,10
13.01494026,80.22434235,38554,38563,9
13.01508045,80.22460175,38563,38574,11
13.01508999,80.22460938,38574,38584,10
13.01558971,80.22505188,38584,38604,20
13.01558971,80.22505188,38604,38614,10
13.01576042,80.22524261,38614,38624,10
13.01634979,80.22531128,38624,38635,11
13.01708984,80.22505951,38635,38645,10
13.01797009,80.22470093,38645,38655,10
13.01875019,80.22438812,38655,38664,9
13.01928997,80.22428131,38664,38695,31
13.01928997,80.22428131,38695,38705,10
13.01955032,80.22441101,38705,38715,10
13.01976967,80.22460175,38715,38746,31
13.01976967,80.22460175,38746,38756,10
13.01998997,80.22480774,38756,38766,10
13.02031994,80.22501373,38766,38776,10
13.02068996,80.22525787,38776,38786,10
13.02095032,80.22544098,38786,38837,51
13.02110004,80.22566223,38837,39261,424
13.02110004,80.22566223,39261,39272,11
13.02122974,80.22579956,39272,39282,10
13.02143955,80.22593689,39282,39292,10
13.02175999,80.22611237,39292,39302,10
13.02213001,80.22637939,39302,39312,10
13.0225296,80.22669983,39312,39322,10
13.02291965,80.2270813,39322,39332,10
13.02326012,80.22740173,39332,39342,10
13.02363968,80.22772217,39342,39352,10
13.02394962,80.22799683,39352,39362,10
13.02431965,80.2283783,39362,39383,21
13.02431965,80.2283783,39383,39393,10
13.02427006,80.22856903,39393,39403,10
13.02408028,80.2284317,39403,39413,10
13.02385998,80.22812653,39413,39423,10
13.02363014,80.22788239,39423,39433,10
13.02334023,80.22762299,39433,39443,10
13.02311039,80.22740936,39443,40060,617
13.02311039,80.22740936,40060,40070,10
13.02301025,80.227211,40070,40080,10
13.0227499,80.22699738,40080,40090,10
13.02241039,80.22669983,40090,40101,11
13.02206039,80.22640991,40101,40111,10
13.0219202,80.2263031,40111,40121,10
13.02157974,80.22602081,40121,40131,10
13.02112007,80.22566986,40131,40141,10
13.02056026,80.22525787,40141,40151,10
13.01992035,80.224823,40151,40161,10
13.0191803,80.22450256,40161,40171,10
13.01836967,80.22467804,40171,40181,10
13.01758003,80.22499847,40181,40192,11
13.01675034,80.22532654,40192,40202,10
13.01613045,80.22556305,40202,40212,10
13.01552963,80.22576141,40212,40222,10
13.0148201,80.22605896,40222,40242,20
13.0148201,80.22605896,40242,40252,10
13.01465988,80.22614288,40252,40262,10
13.01428032,80.22631073,40262,40272,10
13.0142498,80.22631836,40272,40283,11
13.01408005,80.22637939,40283,40293,10
13.01358032,80.22653961,40293,40303,10
13.01301003,80.22673035,40303,40313,10
13.01235962,80.22699738,40313,40323,10
13.01169014,80.22725677,40323,40333,10
13.01097012,80.22754669,40333,40343,10
13.01019001,80.22788239,40343,40353,10
13.00944042,80.22820282,40353,40363,10
13.00909996,80.22884369,40363,40374,11
13.00889969,80.22981262,40374,40384,10
13.0087204,80.23066711,40384,40394,10
13.00858974,80.23143005,40394,40404,10
13.00841045,80.23226929,40404,40414,10
13.00827026,80.23317719,40414,40424,10
13.00821972,80.23355103,40424,40434,10
13.00821972,80.2335968,40434,40444,10
13.00809956,80.23397827,40444,40454,10
13.00796986,80.23458099,40454,40465,11
13.00790977,80.2350235,40465,40475,10
13.00786972,80.23516083,40475,40485,10
13.00774002,80.23568726,40485,40495,10
13.00755024,80.23661804,40495,40505,10
13.00734997,80.23770142,40505,40515,10
13.00716019,80.23882294,40515,40525,10
13.00691986,80.24011993,40525,40616,91
13.00691986,80.24011993,40616,40626,10
13.00699043,80.24027252,40626,40636,10
13.00687981,80.24067688,40636,40647,11
13.00683975,80.24082184,40647,40657,10
13.00671959,80.24120331,40657,40667,10
13.00671959,80.24204254,40667,40677,10
13.00667953,80.24299622,40677,40687,10
13.00666046,80.24391937,40687,40696,9
13.00667953,80.24466705,40696,40707,11
13.00669003,80.24559021,40707,40717,10
13.00669956,80.24591064,40717,40727,10
13.00669956,80.24613953,40727,40738,11
13.00669956,80.24643707,40738,40748,10
13.00667953,80.24707031,40748,40758,10
13.00619984,80.24739838,40758,40768,10
13.00601959,80.24742889,40768,40778,10
13.0058403,80.24742889,40778,40788,10
13.00520039,80.24739075,40788,40798,10
13.00422001,80.24748993,40798,40808,10
13.00302029,80.24767303,40808,40818,10
13.00168991,80.24796295,40818,40829,11
13.00026989,80.24832153,40829,40839,10
12.99907017,80.24861908,40839,40849,10
12.99818039,80.24886322,40849,40859,10
12.99810028,80.24887848,40859,40869,10
12.9976902,80.24894714,40869,40879,10
12.99697971,80.24913025,40879,40889,10
12.9960804,80.2493515,40889,40899,10
12.99503994,80.24964142,40899,40909,10
12.99384022,80.24996185,40909,40920,11
12.99236965,80.25032043,40920,40930,10
12.99123001,80.25061035,40930,40940,10
12.99098015,80.25067902,40940,40950,10
12.99075985,80.25071716,40950,40960,10
12.99013042,80.25086212,40960,40970,10
12.9893198,80.25106812,40970,40980,10
12.98859978,80.25128174,40980,40990,10
12.98808956,80.2514267,40990,41000,10
12.98768044,80.25151062,41000,41011,11
12.98709965,80.25164032,41011,41021,10
12.98663998,80.25177765,41021,41031,10
12.98604012,80.25187683,41031,41041,10
12.98521996,80.25208282,41041,41051,10
12.98416996,80.25235748,41051,41061,10
12.98293972,80.25261688,41061,41071,10
12.98163986,80.25267029,41071,41081,10
12.98071957,80.25273895,41081,41091,10
12.9802599,80.2527771,41091,41102,11
12.9797802,80.25276184,41102,41112,10
12.97910023,80.25269318,41112,41122,10
12.97856045,80.25257874,41122,41132,10
12.97844028,80.25248718,41132,41142,10
12.9779501,80.25209808,41142,41152,10
12.97716999,80.25148773,41152,41162,10
12.97605991,80.25112152,41162,41172,10
12.97486973,80.25076294,41172,41182,10
12.97366047,80.25042725,41182,41193,11
12.97243977,80.25012207,41193,41203,10
12.97136021,80.24983978,41203,41213,10
12.97037029,80.24954224,41213,41223,10
12.96934032,80.24913025,41223,41233,10
12.96825027,80.24871826,41233,41243,10
12.96720028,80.24828339,41243,41253,10
12.96627998,80.24781799,41253,41263,10
12.96502018,80.24736786,41263,41284,21
12.96502018,80.24736786,41284,41294,10
12.96477032,80.24726868,41294,41304,10
12.96399021,80.24697876,41304,41324,20
12.96399021,80.24697876,41324,41334,10
12.96380997,80.24690247,41334,41344,10
12.96339035,80.24671936,41344,41354,10
12.96267986,80.24635315,41354,41364,10
12.96177959,80.24591064,41364,41375,11
12.96057987,80.24533081,41375,41385,10
12.95958042,80.24491882,41385,41395,10
12.95930958,80.24479675,41395,41405,10
12.95915031,80.24471283,41405,41415,10
12.95860004,80.24446869,41415,41425,10
12.95796967,80.24420166,41425,41435,10
12.9573698,80.24397278,41435,41445,10
12.95666981,80.24368286,41445,41516,71
12.95666981,80.24368286,41516,41526,10
12.95637989,80.24356079,41526,41536,10
12.95586967,80.24336243,41536,41546,10
12.95506954,80.2430191,41546,41557,11
12.95403957,80.2425766,41557,41567,10
12.95304966,80.24217987,41567,41577,10
12.95207977,80.24181366,41577,41587,10
12.9516201,80.24167633,41587,41597,10
12.95143032,80.24160767,41597,41607,10
12.95131016,80.24156952,41607,41617,10
12.95077991,80.24137878,41617,41627,10
12.95003986,80.24114227,41627,41637,10
12.94913006,80.24085999,41637,41648,11
12.94806004,80.24041748,41648,41658,10
12.94723034,80.24008179,41658,41668,10
12.94707966,80.24002075,41668,41678,10
12.94670963,80.23986053,41678,41688,10
12.9460001,80.23957062,41688,41698,10
12.9451704,80.2390976,41698,41708,10
12.94441986,80.23829651,41708,41718,10
12.9435997,80.2374115,41718,41728,10
12.9426403,80.2366333,41728,41738,10
12.94143009,80.23625946,41738,41749,11
12.94023991,80.23596954,41749,41759,10
12.93976021,80.23578644,41759,41769,10
12.93943977,80.23564148,41769,41779,10
12.93877029,80.23529816,41779,41789,10
12.93784046,80.23484039,41789,41799,10
12.93677998,80.23432159,41799,41809,10
12.93570042,80.2338028,41809,41819,10
12.93470001,80.23336029,41819,41829,10
12.93383026,80.23297882,41829,41840,11
12.93373013,80.23291779,41840,41850,10
12.93338966,80.23274994,41850,41860,10
12.93268967,80.23246002,41860,41870,10
12.93175983,80.2321167,41870,41880,10
12.93058968,80.23175812,41880,41890,10
12.92942047,80.23149109,41890,41900,10
12.92833996,80.23127747,41900,41910,10
12.92720032,80.23114014,41910,41920,10
12.9262104,80.23104095,41920,41931,11
12.92578983,80.23100281,41931,41941,10
12.92537975,80.23094177,41941,41951,10
12.92467022,80.23085785,41951,41961,10
12.9237299,80.23074341,41961,41971,10
12.92261982,80.2305603,41971,41981,10
12.92136002,80.23034668,41981,41991,10
12.9200201,80.23018646,41991,42001,10
12.91864967,80.23001099,42001,42011,10
12.91722012,80.22984314,42011,42022,11
12.91598988,80.22966766,42022,42032,10
12.9148798,80.22953033,42032,42042,10
12.91394043,80.22940063,42042,42052,10
12.91327,80.2293396,42052,42062,10
12.91322041,80.22931671,42062,42072,10
12.9127903,80.22924805,42072,42082,10
12.91197968,80.22914124,42082,42092,10
12.91092968,80.22899628,42092,42102,10
12.90974045,80.22879791,42102,42113,11
12.90832043,80.2285614,42113,42123,10
12.90672016,80.22834778,42123,42193,70
12.90672016,80.22834778,42193,42204,11
12.90631962,80.22828674,42204,42214,10
12.90555954,80.22825623,42214,42224,10
12.90456963,80.22821045,42224,42234,10
12.90344048,80.22815704,42234,42244,10
12.90217972,80.22810364,42244,42254,10
12.90102005,80.22805023,42254,42335,81
12.90102005,80.22805023,42335,42345,10
12.90079975,80.2279892,42345,42355,10
12.90007973,80.22795868,42355,42365,10
12.89925003,80.22792816,42365,42375,10
12.8990097,80.22792816,42375,42386,11
12.89852047,80.2279129,42386,42396,10
12.89770031,80.22782135,42396,42406,10
12.89667988,80.22776794,42406,42416,10
12.89550018,80.22770691,42416,42426,10
12.89431953,80.22766113,42426,42436,10
12.89317989,80.22754669,42436,42446,10
12.89245033,80.22744751,42446,42477,31
12.89245033,80.22744751,42477,42487,10
12.8923502,80.22746277,42487,42497,10
12.89192009,80.22743225,42497,42507,10
12.89111996,80.22741699,42507,42517,10
12.89008045,80.22740936,42517,42527,10
12.88883018,80.22740173,42527,42537,10
12.88751984,80.22730255,42537,42547,10
12.88626003,80.22705841,42547,42557,10
12.88518047,80.22679901,42557,42568,11
12.88479996,80.22676849,42568,42578,10
12.88442039,80.22676086,42578,42588,10
12.88368988,80.22675323,42588,42598,10
12.88271999,80.22676086,42598,42608,10
12.8815403,80.22676849,42608,42618,10
12.88022041,80.22679138,42618,42628,10
12.87895012,80.22680664,42628,42638,10
12.87780952,80.22689819,42638,42648,10
12.87681961,80.22698212,42648,42659,11
12.87637043,80.22702026,42659,42669,10
12.87607002,80.22702026,42669,42679,10
12.87535954,80.22698212,42679,42689,10
12.87434006,80.22686005,42689,42699,10
12.87322998,80.22676086,42699,42709,10
12.87211037,80.22673798,42709,42719,10
12.87092018,80.2266922,42719,42729,10
12.86960983,80.2265625,42729,42739,10
12.86820984,80.2264328,42739,42750,11
12.86668015,80.22657013,42750,42760,10
12.86532021,80.22664642,42760,42770,10
12.86392021,80.22659302,42770,42780,10
12.86260033,80.22657776,42780,42790,10
12.86135006,80.22663879,42790,42800,10
12.86019039,80.22653961,42800,42810,10
12.85912991,80.22638702,42810,42820,10
12.85865974,80.22633362,42820,42830,10
12.85795975,80.2263031,42830,42841,11
12.8569603,80.22635651,42841,42851,10
12.85583973,80.22647095,42851,42861,10
12.8545599,80.22660065,42861,42871,10
12.85324955,80.22673035,42871,42881,10
12.85200977,80.22670746,42881,42891,10
12.85072994,80.22664642,42891,42901,10
12.84945965,80.22662354,42901,42911,10
12.84817982,80.22663879,42911,42921,10
12.84689045,80.22664642,42921,42932,11
12.84578037,80.22666168,42932,42942,10
12.84541988,80.22667694,42942,42952,10
12.8453598,80.22667694,42952,42962,10
12.84502029,80.22666931,42962,42972,10
12.8443203,80.22673035,42972,42982,10
12.84339046,80.22683716,42982,42992,10
12.84228039,80.22705841,42992,43002,10
12.84115982,80.2273407,43002,43012,10
12.83985996,80.22766113,43012,43103,91
12.83985996,80.22766113,43103,43114,11
12.83934021,80.22781372,43114,43124,10
12.83864021,80.2279892,43124,43134,10
12.83775043,80.22820282,43134,43144,10
12.83668041,80.2283783,43144,43154,10
12.83547974,80.2285614,43154,43164,10
12.83423996,80.2287674,43164,43174,10
12.83310032,80.22898102,43174,43184,10
12.83203983,80.22920227,43184,43205,21
12.83203983,80.22920227,43205,43215,10
12.83189964,80.22926331,43215,43225,10
12.83156013,80.2293396,43225,43235,10
12.83088017,80.22953796,43235,43245,10
12.83001041,80.22984314,43245,43255,10
12.82903957,80.23021698,43255,43265,10
12.82806015,80.23072052,43265,43275,10
12.82699966,80.23123932,43275,43285,10
12.82577991,80.23139191,43285,43296,11
12.82452011,80.23135376,43296,43306,10
12.82347012,80.23105621,43306,43316,10
12.82234955,80.23072052,43316,43326,10
12.82114983,80.23047638,43326,43336,10
12.81997013,80.23049927,43336,43346,10
12.8190403,80.23052216,43346,43356,10
12.81882,80.23049927,43356,43366,10
12.8183403,80.23027039,43366,43376,10
12.81754971,80.22989655,43376,43387,11
12.81639004,80.22952271,43387,43397,10
12.81517982,80.2293396,43397,43407,10
12.81390953,80.22911072,43407,43417,10
12.81270981,80.22872162,43417,43427,10
12.81175995,80.2283783,43427,43437,10
12.81066036,80.22796631,43437,43447,10
12.80957985,80.2275238,43447,43457,10
12.80856037,80.2268219,43457,43467,10
12.80758953,80.22598267,43467,43478,11
12.80671978,80.22522736,43478,43488,10
12.80603027,80.22463989,43488,43498,10
12.80543995,80.22418976,43498,43508,10
12.80502033,80.22405243,43508,43518,10
12.80490971,80.22402954,43518,43528,10
12.80453014,80.22396851,43528,43538,10
12.80381966,80.22389984,43538,43548,10
12.80292034,80.22383118,43548,43558,10
12.80195999,80.22370148,43558,43569,11
12.8012104,80.22363281,43569,43579,10
12.80066013,80.22357178,43579,43589,10
12.79971981,80.22350311,43589,43599,10
12.79860973,80.22338867,43599,43609,10
12.79743004,80.22325134,43609,43619,10
12.79636955,80.22306824,43619,43629,10
12.79582024,80.22297668,43629,43639,10
12.79574013,80.2229538,43639,43649,10
12.79520035,80.22284698,43649,43660,11
12.79419994,80.22270203,43660,43670,10
12.79314041,80.22254181,43670,43680,10
12.79197979,80.22231293,43680,43690,10
12.79086971,80.22203827,43690,43700,10
12.78995991,80.22180176,43700,43710,10
12.7897501,80.22174835,43710,43720,10
12.78940964,80.22161865,43720,43730,10
12.78872013,80.22135162,43730,43740,10
12.78810978,80.22109985,43740,43751,11
12.78775978,80.22097778,43751,43761,10
12.78732014,80.22083282,43761,43771,10
12.78680992,80.22065735,43771,43781,10
12.78643036,80.22048187,43781,43811,30
12.78643036,80.22048187,43811,43821,10
12.78627014,80.22039795,43821,43831,10
12.78619003,80.22049713,43831,43842,11
12.78617001,80.22068024,43842,43852,10
12.78614044,80.22100067,43852,43902,50
12.78614044,80.22100067,43902,43912,10
12.78617001,80.22158051,43912,43922,10
12.78616047,80.22180176,43922,43933,11
12.78625011,80.22197723,43933,44428,495
12.78625011,80.22197723,44428,44438,10
12.78619957,80.22158813,44438,44448,10
12.78617954,80.2213974,44448,44458,10
12.78617001,80.22112274,44458,44468,10
12.78617001,80.22093201,44468,44478,10
12.78619003,80.22068787,44478,44509,31
12.78619003,80.22068787,44509,44519,10
12.78614998,80.22039795,44519,44529,10
12.78635979,80.22044373,44529,44539,10
12.78652954,80.22049713,44539,44549,10
12.78666019,80.22055817,44549,44559,10
12.78707027,80.22068787,44559,44569,10
12.78759003,80.22087097,44569,44580,11
12.78818035,80.22107697,44580,44590,10
12.78892994,80.22135162,44590,44600,10
12.78971958,80.22164917,44600,44610,10
12.79036999,80.22180176,44610,44620,10
12.79113007,80.22202301,44620,44630,10
12.79216957,80.22228241,44630,44640,10
12.79339981,80.2224884,44640,44650,10
12.79469967,80.22268677,44650,44660,10
12.7959404,80.22290039,44660,44671,11
12.79712963,80.22310638,44671,44681,10
12.79835987,80.22328949,44681,44691,10
12.7996397,80.22341156,44691,44701,10
12.80080986,80.22351837,44701,44711,10
12.80171967,80.22360992,44711,44721,10
12.80255985,80.22371674,44721,44731,10
12.80319023,80.22380829,44731,44741,10
12.80391979,80.22386932,44741,44751,10
12.80459976,80.22393799,44751,44762,11
12.80513954,80.22400665,44762,44772,10
12.80552959,80.22412872,44772,44782,10
12.80558014,80.22418976,44782,44792,10
12.80597019,80.2244873,44792,44802,10
12.80663967,80.22509766,44802,44812,10
12.80747032,80.22582245,44812,44822,10
12.80846024,80.22664642,44822,44832,10
12.8096199,80.22746277,44832,44842,10
12.81089973,80.22801208,44842,44853,11
12.81235027,80.22853088,44853,44863,10
12.81363964,80.22898102,44863,44873,10
12.81472015,80.22921753,44873,44883,10
12.81597042,80.22937775,44883,44893,10
12.81725979,80.22966766,44893,44903,10
12.81832981,80.23017883,44903,44913,10
12.81925011,80.23045349,44913,44923,10
12.81968021,80.2304306,44923,44933,10
12.82001972,80.23042297,44933,44944,11
12.82091045,80.23040009,44944,44954,10
12.82192039,80.23052216,44954,44964,10
12.82289982,80.23079681,44964,44974,10
12.82388973,80.2310791,44974,44984,10
12.82483959,80.23130798,44984,44994,10
12.82588959,80.23132324,44994,45004,10
12.82699013,80.23120117,45004,45014,10
12.82802963,80.23068237,45014,45024,10
12.82907963,80.23013306,45024,45035,11
12.83032036,80.22962952,45035,45045,10
12.83102989,80.22933197,45045,45055,10
12.83104038,80.22933197,45055,45065,10
12.83125973,80.22927094,45065,45075,10
12.83185959,80.22910309,45075,45085,10
12.83261967,80.2289505,45085,45095,10
12.83356953,80.22878265,45095,45105,10
12.83469009,80.22859192,45105,45115,10
12.83588982,80.22840881,45115,45126,11
12.83722973,80.22820282,45126,45136,10
12.83831978,80.2279892,45136,45146,10
12.83895969,80.22781372,45146,45156,10
12.83934021,80.22769928,45156,45166,10
12.83946037,80.22766113,45166,45176,10
12.83975983,80.22756958,45176,45186,10
12.84033966,80.22741699,45186,45196,10
12.84119034,80.22720337,45196,45206,10
12.84222031,80.22698975,45206,45217,11
12.84344959,80.22679138,45217,45227,10
12.84453964,80.22663116,45227,45237,10
12.84531975,80.22657776,45237,45257,20
12.84531975,80.22657776,45257,45267,10
12.84552002,80.22654724,45267,45277,10
12.84574032,80.22653961,45277,45287,10
12.84584999,80.22653961,45287,45297,10
12.84642029,80.22653961,45297,45308,11
12.84741974,80.22651672,45308,45318,10
12.84844971,80.22650909,45318,45328,10
12.84939957,80.22650146,45328,45338,10
12.85021019,80.22647858,45338,45348,10
12.85021973,80.22647858,45348,45358,10
12.85058022,80.22647858,45358,45368,10
12.85134029,80.22651672,45368,45378,10
12.85233974,80.22657013,45378,45388,10
12.85352039,80.2265625,45388,45399,11
12.85480022,80.22644043,45399,45409,10
12.85595036,80.22631836,45409,45419,10
12.85711956,80.22619629,45419,45429,10
12.8582201,80.22615814,45429,45439,10
12.85925961,80.22627258,45439,45449,10
12.86036015,80.22644043,45449,45459,10
12.86141968,80.22650909,45459,45469,10
12.86240959,80.22646332,45469,45479,10
12.86338043,80.22644043,45479,45490,11
12.86446953,80.22647095,45490,45500,10
12.8654604,80.22648621,45500,45510,10
12.86635971,80.22646332,45510,45520,10
12.8674202,80.22637939,45520,45530,10
12.86863995,80.22631836,45530,45540,10
12.8698597,80.22644043,45540,45550,10
12.87102985,80.2265625,45550,45560,10
12.8721199,80.22657776,45560,45570,10
12.87279034,80.22657013,45570,45581,11
12.87285995,80.2265625,45581,45591,10
12.87300968,80.22657776,45591,45600,9
12.8735199,80.22660828,45600,45610,10
12.87440014,80.22670746,45610,45621,11
12.87551975,80.22683716,45621,45631,10
12.87644005,80.22685242,45631,45641,10
12.87666035,80.22682953,45641,45651,10
12.87689972,80.22683716,45651,45661,10
12.87759972,80.22679138,45661,45672,11
12.87868023,80.22669983,45672,45682,10
12.87983036,80.22666168,45682,45692,10
12.88101006,80.22664642,45692,45702,10
12.88228989,80.22663879,45702,45712,10
12.88354015,80.22662354,45712,45722,10
12.88465977,80.22660828,45722,45732,10
12.88562012,80.22672272,45732,45742,10
12.88673973,80.22702026,45742,45752,10
12.88799953,80.22722626,45752,45763,11
12.88939953,80.22727203,45763,45773,10
12.89070988,80.22727203,45773,45783,10
12.89216042,80.22725677,45783,45823,40
12.89216042,80.22725677,45823,45833,10
12.89233017,80.22725677,45833,45843,10
12.89286041,80.22733307,45843,45853,10
12.89381027,80.22746277,45853,45864,11
12.89490032,80.22754669,45864,45874,10
12.89606953,80.22759247,45874,45884,10
12.89729977,80.2276535,45884,45894,10
12.89850044,80.22772217,45894,45904,10
12.89953995,80.2277832,45904,45914,10
12.90023994,80.22779846,45914,45924,10
12.90069962,80.22783661,45924,45934,10
12.90110016,80.22789001,45934,45944,10
12.90155983,80.2279129,45944,45955,11
12.9024601,80.22795105,45955,45975,20
12.9024601,80.22795105,45975,45985,10
12.90285015,80.22796631,45985,45995,10
12.90353966,80.22801208,45995,46005,10
12.90425968,80.22805786,46005,46015,10
12.90485001,80.22810364,46015,46025,10
12.90503979,80.2281189,46025,46036,11
12.90550995,80.22812653,46036,46046,10
12.90587997,80.22812653,46046,46096,50
12.90587997,80.22812653,46096,46106,10
12.90627956,80.22818756,46106,46116,10
12.90678024,80.22825623,46116,46126,10
12.90764046,80.2283783,46126,46137,11
12.90876961,80.22855377,46137,46147,10
12.90985012,80.22872162,46147,46157,10
12.91096973,80.22888184,46157,46167,10
12.91207981,80.22904205,46167,46177,10
12.91364956,80.22924805,46177,46197,20
12.91364956,80.22924805,46197,46207,10
12.91415977,80.22931671,46207,46217,10
12.91501045,80.22943115,46217,46228,11
12.91625023,80.22960663,46228,46238,10
12.91753006,80.2297821,46238,46248,10
12.91944027,80.23001862,46248,46288,40
12.91944027,80.23001862,46288,46298,10
12.91963005,80.2300415,46298,46308,10
12.92031956,80.2301178,46308,46319,11
12.92121983,80.23023224,46319,46329,10
12.9223299,80.23040771,46329,46339,10
12.92354965,80.23061371,46339,46349,10
12.92479038,80.2307663,46349,46359,10
12.92601013,80.23091125,46359,46369,10
12.92714024,80.23105621,46369,46379,10
12.92823029,80.23119354,46379,46389,10
12.92858028,80.23124695,46389,46399,10
12.92905998,80.2313385,46399,46410,11
12.92998028,80.23153687,46410,46420,10
12.93103027,80.23181915,46420,46430,10
12.93218994,80.2321701,46430,46440,10
12.9332304,80.2325592,46440,46450,10
12.93420982,80.23298645,46450,46460,10
12.93575954,80.23368073,46460,46480,20
12.93575954,80.23368073,46480,46490,10
12.93612957,80.2338562,46490,46501,11
12.93688011,80.23422241,46501,46511,10
12.93776989,80.23467255,46511,46521,10
12.93883991,80.2352066,46521,46531,10
12.93976021,80.23564911,46531,46541,10
12.93986988,80.23570251,46541,46551,10
12.94021034,80.23581696,46551,46561,10
12.94095993,80.23602295,46561,46571,10
12.94192028,80.23625946,46571,46581,10
12.9429903,80.23668671,46581,46592,11
12.94396019,80.23763275,46592,46601,9
12.94470024,80.23847961,46601,46612,11
12.94569969,80.23931885,46612,46622,10
12.94674015,80.23973846,46622,46632,10
12.94734001,80.2399826,46632,46642,10
12.94736004,80.23999023,46642,46652,10
12.94769001,80.24012756,46652,46662,10
12.94826031,80.24034882,46662,46672,10
12.94861984,80.24047852,46672,46683,11
12.94884968,80.24056244,46683,46693,10
12.94921017,80.24073792,46693,46703,10
12.94987011,80.24095917,46703,46713,10
12.95094013,80.2412796,46713,46733,20
12.95094013,80.2412796,46733,46743,10
12.95106983,80.24134064,46743,46753,10
12.95162964,80.24153137,46753,46763,10
12.95244026,80.24182892,46763,46774,11
12.95343971,80.24221802,46774,46784,10
12.95438004,80.2425766,46784,46794,10
12.95512009,80.24285889,46794,46804,10
12.95578957,80.24308777,46804,46814,10
12.95629025,80.24324036,46814,46824,10
12.95631027,80.24326324,46824,46834,10
12.95637035,80.24326324,46834,46844,10
12.95676041,80.24346161,46844,46854,10
12.9574604,80.24382019,46854,46865,11
12.95827961,80.24417877,46865,46875,10
12.9588604,80.24440002,46875,46885,10
12.95888042,80.24440765,46885,46895,10
12.9593401,80.24465179,46895,46905,10
12.95993996,80.24491882,46905,46915,10
12.96074963,80.24530029,46915,46925,10
12.96170998,80.24575806,46925,46935,10
12.96261024,80.24620056,46935,46945,10
12.96319962,80.24649811,46945,46986,41
12.96319962,80.24649811,46986,46996,10
12.96327972,80.246521,46996,47006,10
12.96360016,80.24668884,47006,47016,10
12.96422005,80.24694824,47016,47026,10
12.96504021,80.24723816,47026,47036,10
12.96592045,80.24749756,47036,47047,11
12.96662045,80.24778748,47047,47057,10
12.96665001,80.24781799,47057,47067,10
12.96702003,80.24803162,47067,47077,10
12.96767044,80.24833679,47077,47087,10
12.96860027,80.248703,47087,47097,10
12.96969986,80.24910736,47097,47107,10
12.9708004,80.24954224,47107,47117,10
12.97181988,80.24983978,47117,47127,10
12.97288036,80.25010681,47127,47138,11
12.97410965,80.2504425,47138,47148,10
12.97527027,80.2507782,47148,47158,10
12.97644043,80.25110626,47158,47168,10
12.97741032,80.25150299,47168,47178,10
12.97813988,80.25209045,47178,47188,10
12.97842979,80.25228119,47188,47198,10
12.97867966,80.25240326,47198,47208,10
12.97937965,80.25256348,47208,47218,10
12.98027992,80.25261688,47218,47229,11
12.98103046,80.25261688,47229,47239,10
12.98192024,80.25260162,47239,47249,10
12.98303032,80.25254059,47249,47259,10
12.98418045,80.25228119,47259,47269,10
12.98528004,80.25196838,47269,47279,10
12.9861002,80.25171661,47279,47289,10
12.98668003,80.2515564,47289,47320,31
12.98668003,80.2515564,47320,47330,10
12.98703957,80.25145721,47330,47340,10
12.98750973,80.25131989,47340,47350,10
12.98808956,80.25119781,47350,47360,10
12.98888969,80.25100708,47360,47370,10
12.98939037,80.25083923,47370,47379,9
12.98939991,80.25083923,47379,47390,11
12.98993969,80.25073242,47390,47400,10
12.99077988,80.2505188,47400,47411,11
12.99192047,80.25023651,47411,47421,10
12.99310017,80.24993896,47421,47431,10
12.99431992,80.24963379,47431,47441,10
12.99555969,80.24932098,47441,47450,9
12.99662971,80.24903107,47450,47461,11
12.99715996,80.24889374,47461,47471,10
12.99755955,80.24880219,47471,47481,10
12.99831963,80.24861145,47481,47491,10
12.9993,80.24836731,47491,47502,11
13.00047016,80.24807739,47502,47512,10
13.00162983,80.24780273,47512,47522,10
13.00284004,80.24754333,47522,47532,10
13.00395012,80.24736023,47532,47542,10
13.00492001,80.24723053,47542,47552,10
13.00586033,80.24700165,47552,47562,10
13.00644016,80.24648285,47562,47572,10
13.00648975,80.24635315,47572,47582,10
13.0065403,80.24607849,47582,47593,11
13.00656986,80.24549103,47593,47603,10
13.00658035,80.24537659,47603,47613,10
13.00660038,80.24506378,47613,47623,10
13.00660992,80.24446869,47623,47633,10
13.00660038,80.24375916,47633,47643,10
13.00654984,80.24324036,47643,47653,10
13.00652027,80.24256134,47653,47663,10
13.00652027,80.2416687,47663,47673,10
13.00658989,80.24078369,47673,47684,11
13.00671959,80.24004364,47684,47694,10
13.00695038,80.23921204,47694,47704,10
13.00714016,80.23825073,47704,47714,10
13.00730038,80.23745728,47714,47724,10
13.00736046,80.23683167,47724,47734,10
13.00737953,80.236763,47734,47744,10
13.00747967,80.23642731,47744,47754,10
13.00765038,80.23574066,47754,47764,10
13.00786018,80.23478699,47764,47775,11
13.00807953,80.23365784,47775,47785,10
13.00835037,80.23226929,47785,47795,10
13.00862026,80.23098755,47795,47805,10
13.00885963,80.2297287,47805,47815,10
13.0090704,80.22873688,47815,47825,10
13.00926971,80.22798157,47825,47835,10
13.0096302,80.22717285,47835,47845,10
13.0099802,80.22637939,47845,47855,10
13.01031971,80.2257309,47855,47866,11
13.01054001,80.22528076,47866,47876,10
13.01076031,80.22476959,47876,47886,10
13.0109396,80.22424316,47886,47896,10
13.01121998,80.22353363,47896,47906,10
13.01150036,80.22277832,47906,47916,10
13.01175976,80.22189331,47916,47926,10
13.01210022,80.22141266,47926,47936,10
13.01239967,80.22160339,47936,47946,10
13.01278973,80.22213745,47946,47957,11
13.01344013,80.22286224,47957,47967,10
13.01397991,80.2234726,47967,47977,10
13.01445007,80.22418976,47977,47987,10
13.01511955,80.2247467,47987,47997,10
13.0155201,80.22502136,47997,48007,10
13.01554012,80.22503662,48007,48017,10
13.01564026,80.22512054,48017,48027,10
13.01611996,80.22530365,48027,48037,10
13.01685047,80.22514343,48037,48048,11
13.0176897,80.22479248,48048,48058,10
13.01840019,80.22450256,48058,48068,10
13.0191803,80.22428131,48068,48088,20
13.0191803,80.22428131,48088,48098,10
13.01924992,80.22431183,48098,48108,10
13.01949024,80.22438049,48108,48118,10
13.01976013,80.22454071,48118,48128,10
13.0200901,80.22480011,48128,48139,11
13.02052975,80.22509003,48139,48149,10
13.02105999,80.22550201,48149,48290,141
13.02110004,80.22570038,48290,49251,961
13.02110004,80.22570038,49251,49261,10
13.02126026,80.22582245,49261,49291,30
13.02126026,80.22582245,49291,49301,10
13.02134037,80.22589111,49301,49311,10
13.02159977,80.22602081,49311,49321,10
13.02198982,80.2263031,49321,49332,11
13.02256966,80.22676849,49332,49342,10
13.02307034,80.22718811,49342,49352,10
13.02348995,80.22753906,49352,49362,10
13.02383041,80.22782898,49362,49372,10
13.02408028,80.22808075,49372,49382,10
13.02427959,80.22825623,49382,49392,10
13.02441978,80.22844696,49392,49402,10
13.02420998,80.22852325,49402,49412,10
13.02396965,80.2282486,49412,49423,11
13.0237999,80.22802734,49423,49433,10
13.02361965,80.22788239,49433,49564,131
13.02361965,80.22788239,49564,49574,10
13.02336979,80.2276001,49574,49908,334
13.02336979,80.2276001,49908,49918,10
13.02324009,80.22750092,49918,49928,10
13.02318954,80.22741699,49928,49938,10
13.02305031,80.22731781,49938,49948,10
13.02272034,80.22698212,49948,49958,10
13.02243996,80.22669983,49958,49969,11
13.02198029,80.22628784,49969,49979,10
13.02134037,80.22580719,49979,49989,10
13.02070999,80.2253418,49989,49999,10
13.0202198,80.22502899,49999,50009,10
13.01970005,80.22470093,50009,50019,10
13.01898003,80.22447968,50019,50029,10
13.01819992,80.22473145,50029,50039,10
13.01739979,80.2250824,50039,50049,10
13.01667976,80.22534943,50049,50060,11
13.01611042,80.22556305,50060,50070,10
13.01539993,80.22579956,50070,50080,10
13.01463985,80.22609711,50080,50090,10
13.01389027,80.22640228,50090,50100,10
13.01294994,80.22678375,50100,50110,10
13.01191998,80.22720337,50110,50120,10
13.01082039,80.22763824,50120,50130,10
13.01002979,80.22795868,50130,50140,10
13.00918007,80.22846222,50140,50151,11
13.00895977,80.22946167,50151,50161,10
13.00887966,80.23020172,50161,50181,20
13.00887966,80.23020172,50181,50191,10
13.00881958,80.23046875,50191,50211,20
13.00881958,80.23046875,50211,50221,10
13.00874996,80.23072052,50221,50231,10
13.0087204,80.23091125,50231,50242,11
13.00868034,80.23110199,50242,50252,10
13.00864029,80.23124695,50252,50262,10
13.00858974,80.23149872,50262,50272,10
13.00854969,80.23178864,50272,50282,10
13.0085001,80.23206329,50282,50292,10
13.00844955,80.23226929,50292,50302,10
13.00841045,80.23252106,50302,50312,10
13.00839996,80.2325592,50312,50322,10
13.00835037,80.23275757,50322,50333,11
13.0082798,80.23316956,50333,50343,10
13.00821972,80.2335968,50343,50353,10
13.00807953,80.23406982,50353,50373,20
13.00807953,80.23406982,50373,50383,10
13.00804043,80.23423767,50383,50393,10
13.0079298,80.23480988,50393,50403,10
13.00782967,80.23536682,50403,50413,10
13.00782013,80.23542023,50413,50424,11
13.00771999,80.23583221,50424,50434,10
13.00769043,80.23603821,50434,50444,10
13.00761032,80.23638916,50444,50454,10
13.00753021,80.23681641,50454,50464,10
13.00745964,80.23722076,50464,50474,10
13.00739002,80.23757172,50474,50484,10
13.00728989,80.23796082,50484,50494,10
13.0072403,80.23818207,50494,50504,10
13.0071497,80.23857117,50504,50515,11
13.00702,80.23919678,50515,50525,10
13.00691986,80.23976898,50525,50535,10
13.0067997,80.24034882,50535,50545,10
13.00667953,80.24104309,50545,50555,10
13.00664043,80.24172211,50555,50565,10
13.00664043,80.24228668,50565,50575,10
13.00666046,80.24284363,50575,50585,10
13.00669003,80.24347687,50585,50595,10
13.00669003,80.24388123,50595,50616,21
13.00669003,80.24388123,50616,50626,10
13.00664043,80.24416351,50626,50636,10
13.00666046,80.24452972,50636,50646,10
13.00666046,80.24494171,50646,50656,10
13.00667953,80.24550629,50656,50666,10
13.00669956,80.24601746,50666,50676,10
13.00671959,80.24642944,50676,50696,20
13.00671959,80.24642944,50696,50707,11
13.00673962,80.24697876,50707,50717,10
13.00662041,80.24733734,50717,50727,10
13.00603962,80.24736023,50727,50737,10
13.00578022,80.24736786,50737,50747,10
13.00522995,80.24733734,50747,50757,10
13.00424957,80.24742889,50757,50767,10
13.00306988,80.24762726,50767,50777,10
13.00238037,80.24777985,50777,50787,10
13.00172043,80.24791718,50787,50798,11
13.00059032,80.24819946,50798,50808,10
12.99940968,80.24849701,50808,50818,10
12.99818993,80.24880219,50818,50828,10
12.99726009,80.2490387,50828,50838,10
12.99703026,80.2490921,50838,50848,10
12.99637985,80.24923706,50848,50858,10
12.9953804,80.24952698,50858,50868,10
12.99413967,80.24986267,50868,50878,10
12.9927702,80.25018311,50878,50889,11
12.99133015,80.25052643,50889,50899,10
12.99018002,80.25083923,50899,50908,9
12.98917961,80.25110626,50908,50918,10
12.98805046,80.2514267,50918,51050,132
12.98805046,80.2514267,51050,51060,10
12.98795033,80.25144958,51060,51131,71
12.98795033,80.25144958,51131,51141,10
12.98773003,80.25147247,51141,51151,10
12.98703957,80.25166321,51151,51162,11
12.98595047,80.25193024,51162,51172,10
12.98476982,80.25225067,51172,51182,10
12.98349953,80.25257874,51182,51192,10
12.98217964,80.25269318,51192,51202,10
12.98089027,80.25272369,51202,51212,10
12.97992992,80.25276184,51212,51222,10
12.97898006,80.25266266,51222,51232,10
12.97852993,80.25254059,51232,51242,10
12.9782896,80.25238037,51242,51253,11
12.97758007,80.25177002,51253,51263,10
12.97655964,80.25125122,51263,51273,10
12.97533989,80.25086975,51273,51283,10
12.97408009,80.25050354,51283,51293,10
12.97284985,80.25016022,51293,51303,10
12.97161961,80.24983978,51303,51313,10
12.97033978,80.24945831,51313,51324,11
12.9691,80.24899292,51324,51333,9
12.96786976,80.2485199,51333,51345,12
12.96667957,80.2480011,51345,51355,10
12.96576977,80.24758148,51355,51365,10
12.96477032,80.24723053,51365,51375,10
12.96391964,80.24688721,51375,51385,10
12.96364975,80.24680328,51385,51395,10
12.96341038,80.24668884,51395,51405,10
12.96269989,80.24635315,51405,51415,10
12.96173954,80.24588013,51415,51425,10
12.96067047,80.24537659,51425,51436,11
12.95940018,80.24481964,51436,51446,10
12.95884991,80.24458313,51446,51456,10
12.95860958,80.24446106,51456,51466,10
12.95798969,80.24420166,51466,51476,10
12.95730019,80.243927,51476,51486,10
12.95678043,80.24371338,51486,51547,61
12.95652008,80.24360657,51547,51587,40
12.95652008,80.24360657,51587,51597,10
12.95613956,80.24347687,51597,51607,10
12.95538998,80.2431488,51607,51618,11
12.95429039,80.24269867,51618,51628,10
12.95322037,80.24226379,51628,51638,10
12.9520998,80.24183655,51638,51648,10
12.95166016,80.24169159,51648,51658,10
12.95133972,80.24156189,51658,51668,10
12.95065022,80.24131775,51668,51678,10
12.94989014,80.24108887,51678,51688,10
12.94927979,80.24086761,51688,51698,10
12.94871998,80.24066925,51698,51709,11
12.94771957,80.24025726,51709,51719,10
12.94674015,80.23985291,51719,51729,10
12.94569969,80.2394104,51729,51739,10
12.9447403,80.23864746,51739,51749,10
12.94386005,80.23767853,51749,51759,10
12.94293022,80.23679352,51759,51769,10
12.94169998,80.23628235,51769,51779,10
12.94040012,80.23596191,51779,51789,10
12.93924046,80.23549652,51789,51800,11
12.93793011,80.23484802,51800,51810,10
12.93671036,80.23426819,51810,51820,10
12.93556023,80.23374176,51820,51830,10
12.93463993,80.23332977,51830,51840,10
12.93397045,80.23304749,51840,51850,10
12.93379974,80.2329483,51850,51860,10
12.93315983,80.23265839,51860,51870,10
12.93216038,80.23230743,51870,51880,10
12.93099976,80.23191833,51880,51891,11
12.92971039,80.23153687,51891,51901,10
12.92899036,80.23136902,51901,51911,10
12.92842007,80.23124695,51911,51921,10
12.92759037,80.23113251,51921,51931,10
12.92654037,80.23100281,51931,51940,9
12.92549992,80.23087311,51940,51951,11
12.92416954,80.23071289,51951,51961,10
12.92300987,80.2305603,51961,51971,10
12.92173004,80.23036194,51971,51982,11
12.92022991,80.2301712,51982,51992,10
12.91878986,80.2299881,51992,52002,10
12.91738033,80.22981262,52002,52012,10
12.91600037,80.22962189,52012,52022,10
12.91471958,80.22943115,52022,52032,10
12.91353035,80.22928619,52032,52042,10
12.91234016,80.22911835,52042,52052,10
12.91104031,80.22892761,52052,52062,10
12.90974045,80.22872925,52062,52073,11
12.90835953,80.228508,52073,52083,10
12.90734959,80.22834778,52083,52093,10
12.90695,80.228302,52093,52133,40
12.90695,80.228302,52133,52143,10
12.90660954,80.22824097,52143,52153,10
12.90579987,80.22818756,52153,52164,11
12.90470982,80.22814178,52164,52174,10
12.9035902,80.22808075,52174,52184,10
12.90248966,80.2280426,52184,52194,10
12.90172005,80.22801971,52194,52204,10
12.90145016,80.22802734,52204,52214,10
12.90104008,80.22798157,52214,52224,10
12.9005003,80.22792816,52224,52234,10
12.90011978,80.22794342,52234,52244,10
12.89990044,80.22792053,52244,52255,11
12.89953041,80.22788239,52255,52265,10
12.89896965,80.22783661,52265,52275,10
12.89807034,80.2277832,52275,52285,10
12.89698029,80.22772217,52285,52295,10
12.89579964,80.22766876,52295,52305,10
12.89453983,80.22760773,52305,52315,10
12.89334011,80.22750092,52315,52325,10
12.89258957,80.22738647,52325,52386,61
12.89258957,80.22738647,52386,52396,10
12.89251995,80.22737122,52396,52406,10
12.89202023,80.22733307,52406,52416,10
12.8910799,80.22731781,52416,52426,10
12.88992023,80.22733307,52426,52437,11
12.88852024,80.22733307,52437,52447,10
12.88731003,80.227211,52447,52457,10
12.88611984,80.2269516,52457,52467,10
12.88492012,80.22670746,52467,52477,10
12.88366032,80.22669983,52477,52487,10
12.88239956,80.22672272,52487,52497,10
12.88111019,80.22673035,52497,52507,10
12.87981987,80.22673798,52507,52517,10
12.87849045,80.22679901,52517,52528,11
12.87716961,80.22689819,52528,52538,10
12.87672043,80.22695923,52538,52548,10
12.87664986,80.22696686,52548,52558,10
12.87613964,80.22698212,52558,52568,10
12.87526989,80.22693634,52568,52578,10
12.87421989,80.2268219,52578,52588,10
12.87314034,80.22670746,52588,52598,10
12.87205029,80.22669983,52598,52608,10
12.87113953,80.22666168,52608,52619,11
12.86991978,80.2265625,52619,52629,10
12.86859035,80.22640991,52629,52639,10
12.86719036,80.22647858,52639,52649,10
12.86583996,80.22659302,52649,52659,10
12.86445045,80.22657013,52659,52669,10
12.86306,80.22650909,52669,52679,10
12.86176014,80.22657013,52679,52689,10
12.86112022,80.22660065,52689,52699,10
12.8607502,80.2265625,52699,52710,11
12.85986042,80.22644806,52710,52720,10
12.85912037,80.22634888,52720,52730,10
12.8586998,80.22628784,52730,52740,10
12.85787964,80.22624969,52740,52750,10
12.85678959,80.22631836,52750,52760,10
12.85554981,80.22646332,52760,52770,10
12.85420036,80.22660065,52770,52780,10
12.85282993,80.2266922,52780,52790,10
12.85147953,80.22663116,52790,52800,10
12.85015965,80.22657013,52800,52811,11
12.8489399,80.2265625,52811,52821,10
12.84780025,80.22657013,52821,52831,10
12.84659004,80.22660065,52831,52841,10
12.84552956,80.22660828,52841,52851,10
12.84457016,80.22666168,52851,52861,10
12.84348965,80.22679138,52861,52871,10
12.84243011,80.22699738,52871,52881,10
12.84142017,80.22724915,52881,52892,11
12.84037971,80.2275238,52892,52902,10
12.83985996,80.22773743,52902,52912,10
12.83969975,80.2277832,52912,52922,10
12.83959007,80.22782135,52922,52932,10
12.83911037,80.22789764,52932,52942,10
12.83837032,80.22807312,52942,52952,10
12.83751965,80.2282486,52952,52962,10
12.8366003,80.22839355,52962,52972,10
12.83561993,80.22853088,52972,52983,11
12.83450031,80.22870636,52983,52993,10
12.83347034,80.22888184,52993,53003,10
12.8322401,80.22914124,53003,53033,30
12.8322401,80.22914124,53033,53043,10
12.83201981,80.22917938,53043,53053,10
12.83141994,80.22933197,53053,53063,10
12.83067989,80.22959137,53063,53074,11
12.82970047,80.22991943,53074,53084,10
12.82872963,80.23033905,53084,53094,10
12.82781029,80.23088074,53094,53104,10
12.8268404,80.23127747,53104,53114,10
12.82573986,80.23137665,53114,53124,10
12.82462025,80.2313385,53124,53134,10
12.82351971,80.23105621,53134,53144,10
12.82240009,80.23072052,53144,53154,10
12.82122993,80.23046875,53154,53165,11
12.81989002,80.23047638,53165,53175,10
12.81871033,80.23040009,53175,53185,10
12.81785965,80.23001862,53185,53195,10
12.81741047,80.22981262,53195,53205,10
12.81657982,80.22955322,53205,53215,10
12.81554985,80.22940063,53215,53225,10
12.81451988,80.2292099,53225,53235,10
12.81336021,80.22891998,53235,53245,10
12.81210041,80.22847748,53245,53256,11
12.81070995,80.22795105,53256,53266,10
12.80951977,80.22743225,53266,53276,10
12.80850029,80.22670746,53276,53286,10
12.80753994,80.22590637,53286,53296,10
12.80673027,80.22518158,53296,53306,10
12.80603981,80.2245636,53306,53316,10
12.80541992,80.22411346,53316,53326,10
12.80500984,80.22399902,53326,53336,10
12.80490017,80.22398376,53336,53346,10
12.80440044,80.22392273,53346,53357,11
12.80358028,80.22386169,53357,53367,10
12.80272961,80.22376251,53367,53377,10
12.80175972,80.22364807,53377,53387,10
12.80097008,80.22357941,53387,53397,10
12.80064964,80.22354126,53397,53407,10
12.79988003,80.22344971,53407,53417,10
12.79881954,80.22335052,53417,53427,10
12.79761028,80.2232132,53427,53437,10
12.7964201,80.2230072,53437,53448,11
12.79566956,80.22290039,53448,53458,10
12.79545021,80.22286224,53458,53468,10
12.79475975,80.22274017,53468,53478,10
12.79378986,80.22257996,53478,53488,10
12.79269981,80.22241974,53488,53498,10
12.79162025,80.22218323,53498,53508,10
12.79057026,80.2219162,53508,53518,10
12.78960037,80.2216568,53518,53528,10
12.78878975,80.22133636,53528,53539,11
12.78804016,80.2210083,53539,53549,10
12.78722954,80.22070313,53549,53569,20
12.78722954,80.22070313,53569,53579,10
12.78703976,80.22059631,53579,53589,10
12.78670025,80.22048187,53589,53599,10
12.78635025,80.2203598,53599,53680,81
12.78635025,80.2203598,53680,53690,10
12.78617001,80.22061157,53690,53700,10
12.78616047,80.22093964,53700,53710,10
12.78617001,80.22122955,53710,53721,11
12.78617954,80.22149658,53721,53731,10
12.7862196,80.22190094,53731,54216,485
12.7862196,80.22190094,54216,54226,10
12.78625011,80.22149658,54226,54236,10
12.78619957,80.22123718,54236,54246,10
12.78619003,80.22100067,54246,54256,10
12.78619957,80.22045135,54256,54277,21
12.78619957,80.22045135,54277,54287,10
12.78651047,80.22042847,54287,54307,20
12.78651047,80.22042847,54307,54317,10
12.78672028,80.22049713,54317,54327,10
12.78709984,80.22064209,54327,54337,10
12.78756046,80.22080994,54337,54347,10
12.78810024,80.22102356,54347,54358,11
12.78884029,80.22129822,54358,54368,10
12.78944969,80.22148895,54368,54378,10
12.78997993,80.22168732,54378,54388,10
12.79076004,80.22186279,54388,54398,10
12.79174995,80.22212219,54398,54408,10
12.79288006,80.22236633,54408,54418,10
12.79399967,80.22254944,54418,54428,10
12.79510975,80.22273254,54428,54438,10
12.7960701,80.22289276,54438,54449,11
12.79638004,80.22293854,54449,54459,10
12.7964201,80.22297668,54459,54469,10
12.79683018,80.22305298,54469,54479,10
12.79755974,80.22318268,54479,54489,10
12.79839993,80.22328186,54489,54499,10
12.79930019,80.22335815,54499,54509,10
12.80025959,80.22344971,54509,54519,10
12.80115032,80.22354126,54519,54529,10
12.80165958,80.22358704,54529,54540,11
12.80241013,80.22367859,54540,54550,10
12.80305958,80.22377777,54550,54560,10
12.80379963,80.22383881,54560,54570,10
12.8044796,80.22389984,54570,54580,10
12.80508995,80.22399139,54580,54590,10
12.80554008,80.22412109,54590,54600,10
12.80566025,80.22419739,54600,54610,10
12.80613995,80.224617,54610,54620,10
12.80679989,80.2252121,54620,54631,11
12.8076601,80.22592926,54631,54641,10
12.80852985,80.22664642,54641,54651,10
12.80945969,80.2273407,54651,54661,10
12.81050014,80.22779846,54661,54671,10
12.81153011,80.22821045,54671,54681,10
12.81258011,80.22859192,54681,54691,10
12.81365013,80.2289505,54691,54701,10
12.81476021,80.2292099,54701,54711,10
12.81591034,80.22937012,54711,54722,11
12.81719017,80.22963715,54722,54732,10
12.81820011,80.23008728,54732,54742,10
12.81902981,80.2304306,54742,54752,10
12.81987953,80.23045349,54752,54762,10
12.82096004,80.23040009,54762,54772,10
12.82215023,80.23056793,54772,54782,10
12.82332039,80.23091888,54782,54792,10
12.82448959,80.2312088,54792,54802,10
12.82565022,80.23130798,54802,54813,11
12.82701015,80.23117828,54813,54823,10
12.82820034,80.23059082,54823,54833,10
12.82940006,80.2299881,54833,54843,10
12.83076954,80.22940063,54843,54863,20
12.83076954,80.22940063,54863,54873,10
12.83094978,80.2293396,54873,54904,31
12.83094978,80.2293396,54904,54914,10
12.83106041,80.22933197,54914,54924,10
12.83115959,80.22930145,54924,54934,10
12.83148956,80.22921753,54934,54944,10
12.83174992,80.22911835,54944,54954,10
12.83185005,80.22908783,54954,54964,10
12.83226013,80.22899628,54964,54974,10
12.8329401,80.22885895,54974,54984,10
12.83378029,80.22870636,54984,54995,11
12.83483028,80.22852325,54995,55005,10
12.83586025,80.22836304,55005,55015,10
12.83693027,80.22820282,55015,55025,10
12.83796024,80.22802734,55025,55035,10
12.83876991,80.22781372,55035,55045,10
12.83920002,80.22766113,55045,55055,10
12.83961964,80.22754669,55055,55065,10
12.83987045,80.2274704,55065,55075,10
12.83994961,80.22744751,55075,55086,11
12.84049034,80.22736359,55086,55096,10
12.84132004,80.22714996,55096,55106,10
12.84234047,80.22689819,55106,55116,10
12.84346962,80.22669983,55116,55126,10
12.84455013,80.2265625,55126,55136,10
12.84531975,80.22650146,55136,55146,10
12.84539986,80.22648621,55146,55156,10
12.84543991,80.22647858,55156,55166,10
12.84589005,80.22647858,55166,55177,11
12.84683037,80.22647095,55177,55187,10
12.84794044,80.22647858,55187,55197,10
12.8490696,80.22647095,55197,55207,10
12.8501997,80.22647858,55207,55217,10
12.85134983,80.22650909,55217,55227,10
12.85252953,80.22657013,55227,55237,10
12.85373974,80.22653961,55237,55247,10
12.85496044,80.22641754,55247,55257,10
12.85620975,80.2263031,55257,55267,10
12.85748959,80.2261734,55267,55278,11
12.85888004,80.22618866,55278,55288,10
12.86009979,80.22637177,55288,55298,10
12.86124039,80.22647858,55298,55308,10
12.86250973,80.22641754,55308,55318,10
12.86378956,80.22641754,55318,55328,10
12.86509991,80.22647858,55328,55338,10
12.86643028,80.22644043,55338,55348,10
12.86777973,80.22631073,55348,55358,10
12.86923981,80.22635651,55358,55368,10
12.87040043,80.22651672,55368,55379,11
12.87143993,80.22657013,55379,55389,10
12.87240028,80.2265625,55389,55399,10
12.87263012,80.2265625,55399,55409,10
12.87265015,80.22657013,55409,55419,10
12.87308025,80.22659302,55419,55429,10
12.87390995,80.22664642,55429,55439,10
12.87493038,80.22678375,55439,55449,10
12.87588024,80.22685242,55449,55460,11
12.87646008,80.22686005,55460,55470,10
12.87681007,80.22682953,55470,55480,10
12.87707043,80.22680664,55480,55490,10
12.87751961,80.22676086,55490,55500,10
12.8780899,80.22672272,55500,55510,10
12.87911034,80.22664642,55510,55520,10
12.8803997,80.22663879,55520,55530,10
12.88191986,80.22662354,55530,55540,10
12.88339043,80.22662354,55540,55551,11
12.88479996,80.22660065,55551,55561,10
12.88521957,80.22662354,55561,55571,10
12.88539028,80.22664642,55571,55581,10
12.88599968,80.22679901,55581,55591,10
12.88691044,80.22702789,55591,55601,10
12.88792992,80.22720337,55601,55611,10
12.88901043,80.22725677,55611,55621,10
12.89019012,80.22727203,55621,55631,10
12.89128017,80.22725677,55631,55642,11
12.89157963,80.22724152,55642,55652,10
12.89202023,80.22724152,55652,55662,10
12.89268017,80.22730255,55662,55672,10
12.8934803,80.22741699,55672,55682,10
12.89396,80.22747803,55682,55692,10
12.89447975,80.2275238,55692,55702,10
12.8954401,80.22754669,55702,55712,10
12.89665031,80.22760773,55712,55722,10
12.89789009,80.22769165,55722,55733,11
12.89898968,80.22773743,55733,55743,10
12.89976025,80.22773743,55743,55763,20
12.89976025,80.22773743,55763,55773,10
12.89986992,80.22770691,55773,55783,10
12.9000597,80.22769928,55783,55834,51
12.9000597,80.22769928,55834,55844,10
12.90048981,80.22781372,55844,55854,10
12.9007597,80.22783661,55854,55864,10
12.90130043,80.22786713,55864,55874,10
12.9018898,80.22789001,55874,55884,10
12.90194988,80.22788239,55884,55894,10
12.90213966,80.22792053,55894,55904,10
12.90285969,80.22796631,55904,55915,11
12.90404987,80.22799683,55915,55925,10
12.90530014,80.22808838,55925,55935,10
12.90643024,80.22812653,55935,55965,30
12.90643024,80.22812653,55965,55975,10
12.90672016,80.22812653,55975,55985,10
12.90746021,80.22823334,55985,55995,10
12.90841961,80.22840118,55995,56006,11
12.90966034,80.22862244,56006,56016,10
12.91088009,80.2288208,56016,56026,10
12.91211987,80.22899628,56026,56036,10
12.91322994,80.22914886,56036,56046,10
12.91396999,80.22926331,56046,56056,10
12.91403008,80.22927856,56056,56066,10
12.91446972,80.22936249,56066,56076,10
12.91524029,80.22943878,56076,56086,10
12.91627026,80.22959137,56086,56097,11
12.91744995,80.22975922,56097,56107,10
12.91856003,80.22989655,56107,56117,10
12.91977978,80.23004913,56117,56127,10
12.92105961,80.23021698,56127,56137,10
12.92238998,80.23039246,56137,56147,10
12.92378998,80.23059845,56147,56157,10
12.92510033,80.2307663,56157,56167,10
12.92623997,80.23088837,56167,56177,10
12.92648029,80.23091888,56177,56188,11
12.92696953,80.23098755,56188,56198,10
12.92778969,80.23110199,56198,56208,10
12.92856026,80.23120117,56208,56218,10
12.92889977,80.23124695,56218,56228,10
12.92955971,80.23139191,56228,56238,10
12.93048,80.23162842,56238,56248,10
12.93153954,80.23195648,56248,56258,10
12.93260956,80.2322998,56258,56268,10
12.93350983,80.23264313,56268,56279,11
12.93367958,80.23274994,56279,56289,10
12.93383026,80.23284912,56289,56299,10
12.93451023,80.23316193,56299,56309,10
12.93539047,80.23355103,56309,56319,10
12.93626976,80.23397064,56319,56329,10
12.93721962,80.23441315,56329,56339,10
12.93815994,80.23487854,56339,56349,10
12.93902969,80.23531342,56349,56359,10
12.93972015,80.23564148,56359,56370,11
12.93982983,80.23570251,56370,56380,10
12.94032001,80.23589325,56380,56390,10
12.94114017,80.23609161,56390,56400,10
12.94211006,80.23632813,56400,56410,10
12.94307995,80.23679352,56410,56420,10
12.94392967,80.23763275,56420,56430,10
12.94480038,80.2385788,56430,56440,10
12.9457798,80.23931122,56440,56450,10
12.94688034,80.23979187,56450,56461,11
12.94734955,80.2399826,56461,56471,10
12.94760036,80.24009705,56471,56481,10
12.94824028,80.2403717,56481,56491,10
12.94882011,80.24059296,56491,56541,50
12.94882011,80.24059296,56541,56552,11
12.94921017,80.24086761,56552,56562,10
12.94991016,80.24105072,56562,56572,10
12.95077991,80.24130249,56572,56582,10
12.95108032,80.24137115,56582,56592,10
12.95119953,80.2414093,56592,56602,10
12.95168972,80.24160004,56602,56612,10
12.95238018,80.24185944,56612,56622,10
12.95328045,80.24220276,56622,56632,10
12.95419025,80.24253082,56632,56643,11
12.95508003,80.24288177,56643,56653,10
12.95582008,80.24314117,56653,56663,10
12.95625019,80.24330139,56663,56683,20
12.95625019,80.24330139,56683,56693,10
12.95660019,80.24342346,56693,56703,10
12.95728016,80.24375153,56703,56713,10
12.95812035,80.24411011,56713,56723,10
12.9588604,80.24440002,56723,56734,11
12.95893955,80.24443054,56734,56744,10
12.95907974,80.24449921,56744,56754,10
12.95956039,80.24475098,56754,56764,10
12.96032047,80.24510193,56764,56774,10
12.96123028,80.24552917,56774,56784,10
12.96216011,80.24597931,56784,56794,10
12.96319962,80.24646759,56794,56825,31
12.96319962,80.24646759,56825,56835,10
12.96331024,80.24646759,56835,56845,10
12.96362972,80.2466507,56845,56855,10
12.96407986,80.24685669,56855,56865,10
12.96487045,80.24717712,56865,56875,10
12.96586037,80.2474823,56875,56885,10
12.96673965,80.24784851,56885,56895,10
12.9669199,80.24794769,56895,56905,10
12.96704006,80.24804688,56905,56916,11
12.9677,80.24833679,56916,56926,10
12.96860027,80.24868011,56926,56936,10
12.96961975,80.2490921,56936,56946,10
12.97068024,80.24951935,56946,56956,10
12.97179985,80.24983978,56956,56966,10
12.97292042,80.2501297,56966,56976,10
12.9739399,80.25039673,56976,56986,10
12.97500038,80.25067139,56986,56996,10
12.97601986,80.25096893,56996,57007,11
12.97725964,80.25141907,57007,57017,10
12.97813988,80.25208282,57017,57027,10
12.9785099,80.25231171,57027,57037,10
12.97858047,80.25235748,57037,57047,10
12.97894955,80.25248718,57047,57057,10
12.97939968,80.25253296,57057,57067,10
12.97984028,80.25256348,57067,57077,10
12.98017979,80.25257111,57077,57087,10
12.98038006,80.25261688,57087,57098,11
12.98083973,80.25260162,57098,57108,10
12.98167992,80.25257874,57108,57118,10
12.98272991,80.25254059,57118,57128,10
12.98396015,80.25234222,57128,57138,10
12.98519993,80.2519989,57138,57148,10
12.98626041,80.25171661,57148,57158,10
12.98709965,80.2514801,57158,57259,101
12.98709965,80.2514801,57259,57269,10
12.98738956,80.25134277,57269,57279,10
12.98801041,80.25122833,57279,57290,11
12.98884964,80.25100708,57290,57300,10
12.98948002,80.25083923,57300,57310,10
12.98956013,80.25086212,57310,57320,10
12.9900198,80.25080872,57320,57330,10
12.9907999,80.25063324,57330,57340,10
12.9917202,80.25036621,57340,57350,10
12.99281025,80.25009918,57350,57360,10
12.99398041,80.24977875,57360,57370,10
12.99514961,80.2494812,57370,57381,11
12.99645042,80.24916077,57381,57391,10
12.9969101,80.24906158,57391,57401,10
12.99719048,80.24900055,57401,57411,10
12.99787045,80.24884033,57411,57421,10
12.99884033,80.24859619,57421,57431,10
13.00002003,80.24829865,57431,57441,10
13.00142002,80.24791718,57441,57451,10
13.00290012,80.24755859,57451,57461,10
13.00434017,80.24733734,57461,57472,11
13.00547028,80.24716949,57472,57482,10
13.00627041,80.24684906,57482,57491,9
13.00648022,80.24649811,57491,57501,10
13.00650024,80.24645996,57501,57512,11
13.00654984,80.24601746,57512,57522,10
13.00656986,80.24555969,57522,57532,10
13.00658035,80.2452774,57532,57542,10
13.00656033,80.24490356,57542,57552,10
13.00656986,80.24459839,57552,57563,11
13.00660038,80.24429321,57563,57573,10
13.00658989,80.24381256,57573,57583,10
13.00658035,80.24330902,57583,57593,10
13.00654984,80.24272156,57593,57603,10
13.00654984,80.24185181,57603,57613,10
13.00664997,80.24082184,57613,57623,10
13.00685024,80.23973083,57623,57633,10
13.00706005,80.23858643,57633,57643,10
13.00726032,80.23767853,57643,57654,11
13.00737,80.23693848,57654,57664,10
13.00741005,80.23667908,57664,57674,10
13.00743008,80.2366333,57674,57684,10
13.00755024,80.23622894,57684,57694,10
13.00763988,80.23571777,57694,57704,10
13.00778008,80.23510742,57704,57714,10
13.0079298,80.23435211,57714,57724,10
13.00813961,80.23336029,57724,57734,10
13.00835991,80.2322464,57734,57745,11
13.00856972,80.23116302,57745,57755,10
13.00876999,80.23017883,57755,57765,10
13.00899029,80.2290802,57765,57775,10
13.00920963,80.2281189,57775,57785,10
13.00961018,80.22721863,57785,57795,10
13.01006031,80.22622681,57795,57805,10
13.01041031,80.22543335,57805,57815,10
13.01066971,80.224823,57815,57825,10
13.01084042,80.22445679,57825,57836,11
13.01107979,80.22389984,57836,57846,10
13.01121044,80.22357941,57846,57856,10
13.01142025,80.22309875,57856,57866,10
13.01165962,80.22254181,57866,57876,10
13.01189995,80.22200012,57876,57886,10
13.01218033,80.22158051,57886,57896,10
13.01237965,80.22160339,57896,57906,10
13.01261044,80.22190094,57906,57916,10
13.01296043,80.22231293,57916,57927,11
13.01327991,80.2226181,57927,57937,10
13.01352024,80.2228775,57937,57947,10
13.01381969,80.22324371,57947,57957,10
13.01401043,80.22341156,57957,57967,10
13.01420975,80.22370911,57967,57977,10
13.01447964,80.22406769,57977,57987,10
13.01506042,80.22464752,57987,58007,20
13.01506042,80.22464752,58007,58018,11
13.01515961,80.22476196,58018,58028,10
13.01554966,80.22509766,58028,58038,10
13.01622963,80.22531891,58038,58048,10
13.01704979,80.22505951,58048,58058,10
13.01791,80.22473145,58058,58068,10
13.01869965,80.22441101,58068,58078,10
13.01922989,80.22425842,58078,58119,41
13.01922989,80.22425842,58119,58129,10
13.01928997,80.22425842,58129,58139,10
13.01949978,80.22437286,58139,58149,10
13.01972961,80.22451782,58149,58179,30
13.01972961,80.22451782,58179,58189,10
13.02001953,80.22476196,58189,58200,11
13.02029991,80.22498322,58200,58210,10
13.02064991,80.22524261,58210,58220,10
13.02110004,80.22557068,58220,58230,10
13.02157974,80.22595215,58230,58240,10
13.02206993,80.22631836,58240,58250,10
13.02264023,80.2268219,58250,58260,10
13.02318001,80.22730255,58260,58270,10
13.02363968,80.22767639,58270,58280,10
13.02408028,80.22810364,58280,58301,21
13.02408028,80.22810364,58301,58311,10
13.02435017,80.22840118,58311,58371,60
13.02435017,80.22840118,58371,58382,11
13.02425003,80.22859192,58382,58392,10
13.02394962,80.22824097,58392,58402,10
13.02344036,80.22769928,58402,58422,20
13.02344036,80.22769928,58422,58432,10
13.0233202,80.22757721,58432,58442,10
13.02315998,80.22743225,58442,58452,10
13.02295017,80.22722626,58452,58462,10
13.02266979,80.2269516,58462,58473,11
13.02241039,80.2266922,58473,58483,10
13.02194023,80.22628784,58483,58493,10
13.02141953,80.22590637,58493,58503,10
13.02083969,80.22544861,58503,58513,10
13.02027988,80.22509766,58513,58523,10
13.01978016,80.22476196,58523,58533,10
13.01914024,80.22451019,58533,58543,10
13.01842976,80.22466278,58543,58553,10
13.01768017,80.22496796,58553,58564,11
13.01681042,80.2253418,58564,58574,10
13.01640987,80.22550201,58574,58584,10
13.01593971,80.22566223,58584,58594,10
13.01537037,80.2258606,58594,58604,10
13.01502037,80.22602081,58604,58614,10
13.01498985,80.22602844,58614,58624,10
13.01480007,80.22612,58624,58634,10
13.01436043,80.22628784,58634,58644,10
13.01430988,80.22631073,58644,58655,11
13.0139904,80.22641754,58655,58665,10
13.01340961,80.22663879,58665,58675,10
13.01272964,80.22689819,58675,58685,10
13.01200008,80.22718811,58685,58695,10
13.01119995,80.22750092,58695,58705,10
13.01035976,80.22782898,58705,58715,10
13.00957012,80.22815704,58715,58725,10
13.00909042,80.22882843,58725,58735,10
13.00889969,80.22975922,58735,58746,11
13.00870037,80.23079681,58746,58756,10
13.00852013,80.23178864,58756,58766,10
13.00835991,80.23274231,58766,58776,10
13.00827026,80.23352814,58776,58786,10
13.00825977,80.2335968,58786,58796,10
13.0081501,80.23391724,58796,58806,10
13.00802994,80.23444366,58806,58816,10
13.00794029,80.23487091,58816,58826,10
13.0078001,80.23549652,58826,58837,11
13.00761032,80.23651886,58837,58847,10
13.00741005,80.23748016,58847,58857,10
13.00720024,80.23838806,58857,58867,10
13.00704002,80.23919678,58867,58877,10
13.00689983,80.23996735,58877,58887,10
13.00673962,80.2407608,58887,58897,10
13.00664043,80.24173737,58897,58907,10
13.00664997,80.24282074,58907,58917,10
13.00667,80.24385071,58917,58928,11
13.00669003,80.24491119,58928,58938,10
13.00669003,80.2457428,58938,58948,10
13.00673008,80.24651337,58948,58958,10
13.00673008,80.24694824,58958,58968,10
13.00613976,80.24739075,58968,58988,20
13.00613976,80.24739075,58988,58998,10
13.00576973,80.24739838,58998,59008,10
13.00504017,80.24739838,59008,59019,11
13.00403023,80.24749756,59019,59029,10
13.00296021,80.24765778,59029,59039,10
13.00185013,80.24790192,59039,59049,10
13.00072002,80.24817657,59049,59059,10
12.99960041,80.24845886,59059,59069,10
12.99847984,80.24874115,59069,59079,10
12.99744987,80.24899292,59079,59089,10
12.99633026,80.24925995,59089,59099,10
12.99520016,80.2495575,59099,59110,11
12.99388981,80.24992371,59110,59120,10
12.99263954,80.25021362,59120,59130,10
12.99145031,80.25050354,59130,59140,10
12.99098969,80.2506485,59140,59150,10
12.99077988,80.25068665,59150,59160,10
12.99020004,80.25083923,59160,59170,10
12.98950005,80.25102234,59170,59180,10
12.98888016,80.25119019,59180,59241,61
12.98888016,80.25119019,59241,59251,10
12.98865032,80.25124359,59251,59261,10
12.98822975,80.25135803,59261,59271,10
12.98775005,80.25147247,59271,59281,10
12.98731995,80.25157928,59281,59292,11
12.98690987,80.25169373,59292,59302,10
12.98645973,80.25182343,59302,59312,10
12.98573017,80.25195313,59312,59322,10
12.98472023,80.25222015,59322,59332,10
12.98363972,80.25253296,59332,59342,10
12.98272038,80.25266266,59342,59352,10
12.98184967,80.25269318,59352,59362,10
12.98101044,80.25272369,59362,59372,10
12.9803896,80.25279236,59372,59393,21
12.9803896,80.25279236,59393,59403,10
12.98017979,80.25279999,59403,59413,10
12.97964001,80.25274658,59413,59422,9
12.97900009,80.25266266,59422,59434,12
12.97887039,80.25263214,59434,59443,9
12.97842026,80.25243378,59443,59454,11
12.97774982,80.25189972,59454,59464,10
12.97681046,80.25135803,59464,59475,11
12.97556019,80.25099945,59475,59485,10
12.97437954,80.25066376,59485,59495,10
12.97332001,80.25035858,59495,59505,10
12.97237968,80.25010681,59505,59515,10
12.97163963,80.24990845,59515,59525,10
12.97070026,80.24964905,59525,59535,10
12.96965981,80.24926758,59535,59545,10
12.9686203,80.24887848,59545,59555,10
12.96757984,80.24848175,59555,59566,11
12.9667902,80.24812317,59566,59576,10
12.96613026,80.24780273,59576,59586,10
12.96545982,80.24752045,59586,59596,10
12.96506977,80.24743652,59596,59606,10
12.96479034,80.24733734,59606,59616,10
12.96399975,80.24703979,59616,59626,10
12.96306038,80.24659729,59626,59636,10
12.96201038,80.24606323,59636,59646,10
12.96092987,80.2455368,59646,59657,11
12.95983982,80.24504089,59657,59667,10
12.95940018,80.24485779,59667,59677,10
12.95928955,80.24479675,59677,59687,10
12.95872974,80.24452972,59687,59697,10
12.95786953,80.24417877,59697,59707,10
12.95707989,80.24391174,59707,59717,10
12.95672035,80.24378967,59717,59758,41
12.95672035,80.24378967,59758,59768,10
12.95637989,80.24365234,59768,59778,10
12.95596027,80.24346924,59778,59788,10
12.9552002,80.24311066,59788,59798,10
12.95423985,80.24269867,59798,59808,10
12.95343971,80.24236298,59808,59818,10
12.95258045,80.24201202,59818,59828,10
12.95188046,80.24179077,59828,59838,10
12.95172024,80.24173737,59838,59849,11
12.95098972,80.24147797,59849,59859,10
12.95005989,80.24118042,59859,59869,10
12.94944954,80.2409668,59869,59879,10
12.94941044,80.24095917,59879,59889,10
12.94929981,80.24092865,59889,59899,10
12.94911957,80.24085999,59899,59909,10
12.94859028,80.24064636,59909,59919,10
12.94771957,80.24028778,59919,59929,10
12.94696999,80.2399826,59929,59940,11
12.9460001,80.23957825,59940,59950,10
12.94503021,80.23899841,59950,59960,10
12.94414043,80.23805237,59960,59970,10
12.94326019,80.23709869,59970,59980,10
12.9421196,80.2364502,59980,59990,10
12.94085979,80.23616028,59990,60000,10
12.93984032,80.23584747,60000,60010,10
12.93962002,80.23577881,60010,60020,10
12.9393301,80.23564148,60020,60031,11
12.93859959,80.23525238,60031,60041,10
12.9377203,80.2348175,60041,60051,10
12.93677044,80.23435974,60051,60061,10
12.9357996,80.23390961,60061,60071,10
12.93484974,80.23345947,60071,60081,10
12.93395996,80.233078,60081,60091,10
12.93375969,80.23297882,60091,60101,10
12.93340969,80.23278046,60101,60111,10
12.93268013,80.23248291,60111,60122,11
12.93167973,80.23213959,60122,60132,10
12.93064022,80.23181152,60132,60142,10
12.92963982,80.23158264,60142,60152,10
12.92870045,80.23137665,60152,60162,10
12.92765045,80.23123169,60162,60172,10
12.92654037,80.23108673,60172,60182,10
12.92545986,80.2309494,60182,60192,10
12.92444038,80.23082733,60192,60202,10
12.92317009,80.23065948,60202,60213,11
12.92183971,80.23046112,60213,60223,10
12.92057991,80.2303009,60223,60233,10
12.91930008,80.23013306,60233,60243,10
12.9180603,80.22998047,60243,60253,10
12.91683006,80.22981262,60253,60263,10
12.91565037,80.22963715,60263,60273,10
12.91450024,80.22949982,60273,60283,10
12.91359997,80.22940063,60283,60293,10
12.91343021,80.22939301,60293,60304,11
12.91292,80.22927856,60304,60314,10
12.91203022,80.22913361,60314,60324,10
12.91088009,80.22895813,60324,60334,10
12.90964031,80.2287674,60334,60344,10
12.90841961,80.22856903,60344,60354,10
12.90736961,80.22841644,60354,60364,10
12.90690994,80.22839355,60364,60415,51
12.90690994,80.22839355,60415,60425,10
12.90657997,80.22834778,60425,60435,10
12.90598011,80.22830963,60435,60445,10
12.90515995,80.22825623,60445,60455,10
12.90421963,80.22820282,60455,60465,10
12.90330982,80.22815704,60465,60475,10
12.9024601,80.22811127,60475,60486,11
12.90167999,80.22807312,60486,60496,10
12.9010601,80.22805786,60496,60566,70
12.9010601,80.22805786,60566,60577,11
12.90104008,80.22815704,60577,60587,10
12.90063,80.22808075,60587,60597,10
12.89995956,80.2279892,60597,60607,10
12.89931965,80.22795868,60607,60617,10
12.89923954,80.22795868,60617,60627,10
12.89898968,80.22792053,60627,60637,10
12.89834976,80.22786713,60637,60647,10
12.8973999,80.22779846,60647,60657,10
12.89632034,80.22775269,60657,60668,11
12.89505005,80.22769928,60668,60678,10
12.89391041,80.22762299,60678,60688,10
12.89290047,80.22750854,60688,60698,10
12.89206028,80.22743225,60698,60708,10
12.89105988,80.22740173,60708,60718,10
12.89000034,80.22740173,60718,60728,10
12.88887978,80.22737885,60728,60738,10
12.88774014,80.22731018,60738,60748,10
12.8866396,80.22711182,60748,60759,11
12.88554955,80.22686768,60759,60769,10
12.88502026,80.22679138,60769,60779,10
12.8849802,80.22676849,60779,60789,10
12.88448048,80.22673035,60789,60799,10
12.88360023,80.22672272,60799,60809,10
12.88249016,80.22672272,60809,60819,10
12.88125992,80.22672272,60819,60829,10
12.88000965,80.22673035,60829,60839,10
12.87874031,80.22678375,60839,60850,11
12.8774004,80.22689056,60850,60860,10
12.87635994,80.22696686,60860,60870,10
12.87526989,80.2269516,60870,60880,10
12.87413979,80.2268219,60880,60890,10
12.87308025,80.22673798,60890,60900,10
12.87254047,80.22673798,60900,60910,10
12.87203026,80.22672272,60910,60920,10
12.87115002,80.22667694,60920,60930,10
12.87010002,80.22660828,60930,60941,11
12.8688097,80.22646332,60941,60951,10
12.86756039,80.22647095,60951,60961,10
12.86629963,80.22657776,60961,60971,10
12.86505032,80.22662354,60971,60981,10
12.86378956,80.2265625,60981,60991,10
12.86252975,80.22654724,60991,61001,10
12.86141968,80.22660828,61001,61011,10
12.86098003,80.22662354,61011,61021,10
12.86071968,80.22660828,61021,61032,11
12.85991001,80.22650146,61032,61042,10
12.85896969,80.22637939,61042,61052,10
12.8582201,80.2263031,61052,61062,10
12.8572998,80.22634125,61062,61072,10
12.85618973,80.2264328,61072,61082,10
12.85499001,80.22653961,61082,61092,10
12.85369968,80.22666931,61092,61102,10
12.8523798,80.22670746,61102,61112,10
12.8510704,80.22664642,61112,61123,11
12.85009956,80.22663116,61123,61133,10
12.84996986,80.22663116,61133,61143,10
12.84939003,80.22662354,61143,61153,10
12.84850025,80.22662354,61153,61163,10
12.84743977,80.22663879,61163,61173,10
12.84640026,80.22664642,61173,61183,10
12.84554958,80.22666168,61183,61203,20
12.84554958,80.22666168,61203,61214,11
12.84529018,80.22666931,61214,61224,10
12.84463978,80.22672272,61224,61234,10
12.84377003,80.22679901,61234,61244,10
12.84278011,80.22693634,61244,61254,10
12.8416996,80.22718811,61254,61264,10
12.8406496,80.2274704,61264,61274,10
12.84006023,80.22767639,61274,61284,10
12.83998013,80.22770691,61284,61294,10
12.83971977,80.22779846,61294,61315,21
12.83971977,80.22779846,61315,61325,10
12.83959961,80.22789764,61325,61335,10
12.8390398,80.22795868,61335,61345,10
12.83813953,80.22814941,61345,61355,10
12.83708954,80.22834015,61355,61365,10
12.8359499,80.22849274,61365,61375,10
12.83481026,80.2286377,61375,61385,10
12.8337698,80.22879791,61385,61396,11
12.83275986,80.22902679,61396,61406,10
12.8322401,80.22914124,61406,61416,10
12.8321104,80.22917175,61416,61426,10
12.83187008,80.22920227,61426,61436,10
12.83143997,80.22933197,61436,61446,10
12.83065987,80.22960663,61446,61456,10
12.82973957,80.22994232,61456,61466,10
12.82874012,80.23036194,61466,61476,10
12.82771969,80.23092651,61476,61487,11
12.82651043,80.23136139,61487,61497,10
12.82530022,80.23143005,61497,61507,10
12.82400036,80.23123932,61507,61517,10
12.82269955,80.23084259,61517,61527,10
12.82141018,80.23052216,61527,61537,10
12.82019043,80.23049927,61537,61547,10
12.81916046,80.23052979,61547,61557,10
12.81882954,80.23052216,61557,61567,10
12.81857967,80.2303772,61567,61578,11
12.81779957,80.23001099,61578,61588,10
12.81688976,80.22963715,61588,61598,10
12.81579018,80.22943115,61598,61608,10
12.81457996,80.22924805,61608,61618,10
12.81336021,80.22894287,61618,61628,10
12.81215,80.22852325,61628,61638,10
12.81097984,80.22810364,61638,61648,10
12.80992031,80.22766113,61648,61658,10
12.80893993,80.22709656,61658,61669,11
12.80797958,80.22628784,61669,61679,10
12.80718994,80.22560883,61679,61689,10
12.80655956,80.22503662,61689,61699,10
12.80597973,80.22451782,61699,61709,10
12.8050499,80.22402191,61709,61729,20
12.8050499,80.22402191,61729,61739,10
12.80490017,80.22400665,61739,61749,10
12.80486965,80.22399902,61749,61760,11
12.80451965,80.22395325,61760,61770,10
12.80385017,80.22389984,61770,61780,10
12.80303001,80.22382355,61780,61790,10
12.80206013,80.22368622,61790,61800,10
12.80109978,80.22358704,61800,61810,10
12.80000019,80.22350311,61810,61820,10
12.79878998,80.22338867,61820,61830,10
12.7975502,80.22325134,61830,61840,10
12.79642963,80.22306061,61840,61851,11
12.79578972,80.22296143,61851,61861,10
12.7954998,80.22290039,61861,61871,10
12.79479027,80.22277832,61871,61881,10
12.79393959,80.22264099,61881,61891,10
12.79300022,80.22250366,61891,61901,10
12.79203987,80.22229767,61901,61911,10
12.79117966,80.22209167,61911,61921,10
12.79030991,80.22186279,61921,61931,10
12.78950024,80.22162628,61931,61942,11
12.78862953,80.22131348,61942,61952,10
12.78783035,80.22100067,61952,61962,10
12.78713036,80.2207489,61962,61972,10
12.78635025,80.22045135,61972,62002,30
12.78627014,80.22041321,62002,62022,20
12.78627014,80.22041321,62022,62033,11
12.78617954,80.2207489,62033,62043,10
12.78619957,80.221138,62043,62053,10
12.7862196,80.22147369,62053,62063,10
12.78623962,80.22197723,62063,63104,1041
12.78623962,80.22197723,63104,63114,10
12.7863102,80.22186279,63114,63124,10
12.78625011,80.22170258,63124,63135,11
12.78623009,80.22154999,63135,63145,10
12.78617954,80.22128296,63145,63155,10
12.78617954,80.22097778,63155,63165,10
12.78617001,80.22059631,63165,63215,50
12.78617001,80.22059631,63215,63226,11
12.78654003,80.22045135,63226,63236,10
12.78658009,80.22045898,63236,63246,10
12.78686047,80.22061157,63246,63256,10
12.78715992,80.22071838,63256,63266,10
12.78765011,80.22088623,63266,63276,10
12.78789997,80.22097778,63276,63286,10
12.78841972,80.22119904,63286,63296,10
12.78907967,80.22144318,63296,63306,10
12.78934956,80.2215271,63306,63317,11
12.78971958,80.2216568,63317,63327,10
12.79020977,80.22180176,63327,63337,10
12.79102039,80.22200012,63337,63347,10
12.79199982,80.22222137,63347,63357,10
12.7929697,80.22241974,63357,63367,10
12.79397964,80.22257996,63367,63377,10
12.79493999,80.22274017,63377,63387,10
12.79574966,80.22289276,63387,63397,10
12.79617023,80.22296143,63397,63408,11
12.79623985,80.22297668,63408,63418,10
12.79668045,80.22306061,63418,63428,10
12.79747963,80.22322083,63428,63438,10
12.79845047,80.2233429,63438,63448,10
12.79946995,80.22344208,63448,63458,10
12.80043983,80.22353363,63458,63468,10
12.80119038,80.22360229,63468,63478,10
12.80134964,80.22363281,63478,63488,10
12.80181026,80.22367859,63488,63499,11
12.80247021,80.22376251,63499,63509,10
12.80298042,80.22382355,63509,63519,10
12.80364037,80.22386932,63519,63529,10
12.80428982,80.22393036,63529,63539,10
12.80488014,80.22399902,63539,63549,10
12.80527973,80.22408295,63549,63559,10
12.80531979,80.22408295,63559,63569,10
12.80568027,80.22425079,63569,63579,10
12.80607033,80.2245636,63579,63590,11
12.80675983,80.22515106,63590,63600,10
12.80739975,80.22570801,63600,63610,10
12.80817986,80.22637177,63610,63620,10
12.80908012,80.22709656,63620,63630,10
12.81015968,80.22769928,63630,63640,10
12.81142998,80.22820282,63640,63650,10
12.81284046,80.22870636,63650,63660,10
12.81424046,80.22917175,63660,63670,10
12.81567001,80.22939301,63670,63681,11
12.81723022,80.22969055,63681,63691,10
12.81849957,80.23027039,63691,63701,10
12.81964016,80.23049927,63701,63711,10
12.82075977,80.23046112,63711,63721,10
12.82186985,80.2305603,63721,63731,10
12.82297039,80.23085785,63731,63741,10
12.82409954,80.23116302,63741,63751,10
12.82516956,80.23136902,63751,63761,10
12.82633972,80.23133087,63761,63772,11
12.82756042,80.23100281,63772,63782,10
12.82859993,80.23043823,63782,63792,10
12.82968044,80.22994232,63792,63802,10
12.83106041,80.22934723,63802,63842,40
12.83106041,80.22934723,63842,63852,10
12.83154011,80.22920227,63852,63873,21
12.83154011,80.22920227,63873,63883,10
12.83191013,80.22910309,63883,63893,10
12.83253956,80.22898102,63893,63903,10
12.83333015,80.22885132,63903,63913,10
12.8342104,80.22869873,63913,63923,10
12.83508015,80.22853851,63923,63933,10
12.8359499,80.22841644,63933,63943,10
12.83685017,80.22828674,63943,63954,11
12.83784008,80.22812653,63954,63964,10
12.8386898,80.22789764,63964,63974,10
12.83920956,80.22772217,63974,63984,10
12.83942986,80.22760773,63984,63994,10
12.83959961,80.22756958,63994,64004,10
12.83992004,80.22750854,64004,64014,10
12.84037018,80.22743988,64014,64024,10
12.84103012,80.22725677,64024,64034,10
12.8417902,80.22705841,64034,64045,11
12.84267998,80.22685242,64045,64055,10
12.84356022,80.22669983,64055,64065,10
12.84444046,80.22660828,64065,64075,10
12.84521961,80.22654724,64075,64085,10
12.84541035,80.22653198,64085,64095,10
12.8454504,80.22653198,64095,64105,10
12.84587955,80.22653198,64105,64115,10
12.84661007,80.22653198,64115,64125,10
12.84751987,80.22653961,64125,64136,11
12.84858036,80.22653961,64136,64146,10
12.84947968,80.22653961,64146,64156,10
12.85017967,80.22653961,64156,64176,20
12.85017967,80.22653961,64176,64186,10
12.85044956,80.22651672,64186,64196,10
12.85112,80.22654724,64196,64206,10
12.85194016,80.22660065,64206,64216,10
12.85286045,80.22663116,64216,64227,11
12.85389996,80.22657776,64227,64237,10
12.85482979,80.22647858,64237,64247,10
12.85564995,80.22637939,64247,64348,101
12.85564995,80.22637939,64348,64358,10
12.85571957,80.22635651,64358,64368,10
12.85616016,80.22631836,64368,64378,10
12.85692978,80.22624969,64378,64388,10
12.85785961,80.22618866,64388,64398,10
12.85881042,80.22624207,64398,64409,11
12.86001015,80.2264328,64409,64419,10
12.86100006,80.2265625,64419,64429,10
12.86211014,80.22653198,64429,64439,10
12.86334038,80.22650146,64439,64449,10
12.86460972,80.2265625,64449,64459,10
12.86575031,80.22657013,64459,64469,10
12.86678028,80.22648621,64469,64479,10
12.86793995,80.22637177,64479,64489,10
12.86905956,80.22640228,64489,64500,11
12.87028027,80.22653198,64500,64510,10
12.87139988,80.22660828,64510,64520,10
12.87226963,80.22663116,64520,64530,10
12.8726902,80.22664642,64530,64540,10
12.87329006,80.22666168,64540,64550,10
12.87421989,80.22673798,64550,64560,10
12.87534046,80.22688293,64560,64570,10
12.87637043,80.22689056,64570,64580,10
12.87677956,80.22686005,64580,64591,11
12.87724972,80.2268219,64591,64601,10
12.87812996,80.22676086,64601,64611,10
12.87922955,80.22672272,64611,64621,10
12.88051987,80.2266922,64621,64631,10
12.88187981,80.22667694,64631,64641,10
12.88325977,80.22666168,64641,64651,10
12.88451958,80.22663879,64651,64661,10
12.88518047,80.22664642,64661,64671,10
12.88531971,80.22667694,64671,64682,11
12.88593006,80.2268219,64682,64692,10
12.88673973,80.22704315,64692,64702,10
12.88770008,80.227211,64702,64712,10
12.88877964,80.22728729,64712,64722,10
12.88992023,80.22730255,64722,64732,10
12.89099979,80.22730255,64732,64742,10
12.89192009,80.22730255,64742,64752,10
12.89218044,80.22730255,64752,64762,10
12.89223957,80.22730255,64762,64773,11
12.89272976,80.22736359,64773,64783,10
12.89352036,80.22747803,64783,64793,10
12.89420986,80.22756195,64793,64803,10
12.89509964,80.22762299,64803,64813,10
12.89620972,80.2276535,64813,64823,10
12.89750004,80.22772217,64823,64833,10
12.89888954,80.22779083,64833,64843,10
12.90011024,80.22786713,64843,64853,10
12.90077972,80.22789764,64853,64864,11
12.90149021,80.22794342,64864,64874,10
12.90240002,80.22796631,64874,64884,10
12.90326023,80.22795868,64884,64904,20
12.90326023,80.22795868,64904,64914,10
12.9034996,80.22799683,64914,64924,10
12.90417004,80.22807312,64924,64934,10
12.90503025,80.22810364,64934,64944,10
12.90565968,80.22812653,64944,64985,41
12.90565968,80.22812653,64985,64995,10
12.90592003,80.2281723,64995,65005,10
12.90637016,80.22820282,65005,65015,10
12.90694046,80.22825623,65015,65025,10
12.90777969,80.22836304,65025,65035,10
12.9087801,80.22852325,65035,65046,11
12.90997982,80.22870636,65046,65056,10
12.91119957,80.22891998,65056,65066,10
12.91246033,80.22908783,65066,65076,10
12.91343975,80.2292099,65076,65086,10
12.91376019,80.22924805,65086,65096,10
12.91419983,80.22933197,65096,65106,10
12.91499043,80.22942352,65106,65116,10
12.91604996,80.22959137,65116,65126,10
12.91711998,80.22973633,65126,65137,11
12.91821957,80.22988892,65137,65147,10
12.91934967,80.23001862,65147,65157,10
12.92057991,80.23016357,65157,65167,10
12.92183971,80.23033142,65167,65177,10
12.92311954,80.23052979,65177,65187,10
12.92436028,80.23069,65187,65197,10
12.92553997,80.23085785,65197,65207,10
12.92640018,80.23094177,65207,65217,10
12.92654037,80.2309494,65217,65228,11
12.92704964,80.23101807,65228,65238,10
12.92784977,80.23113251,65238,65248,10
12.92868042,80.23123932,65248,65258,10
12.9293499,80.23136902,65258,65268,10
12.9302597,80.23158264,65268,65278,10
12.93134022,80.23184967,65278,65288,10
12.93249035,80.23223877,65288,65298,10
12.93346977,80.23262024,65298,65308,10
12.93371964,80.23274231,65308,65319,11
12.93400955,80.23291779,65319,65329,10
12.93476009,80.23326111,65329,65339,10
12.93562984,80.23365784,65339,65349,10
12.93651009,80.23410034,65349,65359,10
12.93758965,80.23462677,65359,65369,10
12.9386797,80.23516846,65369,65379,10
12.93951988,80.23560333,65379,65389,10
12.93986034,80.23571777,65389,65399,10
12.94009972,80.23580933,65399,65410,11
12.94077969,80.23600006,65410,65420,10
12.94159985,80.23618317,65420,65430,10
12.94252014,80.23644257,65430,65440,10
12.94336987,80.23699951,65440,65450,10
12.94414997,80.23783112,65450,65460,10
12.94497967,80.23874664,65460,65470,10
12.94594002,80.23941803,65470,65480,10
12.9468298,80.23979187,65480,65490,10
12.94705963,80.23988342,65490,65501,11
12.94729996,80.2399826,65501,65511,10
12.94791985,80.24021912,65511,65521,10
12.94871998,80.24053192,65521,65571,50
12.94871998,80.24053192,65571,65581,10
12.94890976,80.24066162,65581,65592,11
12.94935989,80.24085999,65592,65602,10
12.95013046,80.24107361,65602,65612,10
12.95094013,80.24131012,65612,65622,10
12.9511404,80.24137878,65622,65632,10
12.95129967,80.24141693,65632,65642,10
12.95182037,80.24160767,65642,65652,10
12.95248032,80.24185181,65652,65662,10
12.9532299,80.24214935,65662,65672,10
12.95401001,80.2424469,65672,65682,10
12.95473957,80.24273682,65682,65693,11
12.95545959,80.24299622,65693,65703,10
12.95625019,80.24326324,65703,65733,30
12.95625019,80.24326324,65733,65743,10
12.95674992,80.24346924,65743,65753,10
12.95740032,80.24378967,65753,65763,10
12.95821953,80.24416351,65763,65774,11
12.95884991,80.24443817,65774,65784,10
12.95890045,80.24446106,65784,65794,10
12.95899963,80.24447632,65794,65804,10
12.95938015,80.24465942,65804,65814,10
12.95998001,80.24494171,65814,65824,10
12.96078014,80.24530792,65824,65834,10
12.96162033,80.24571991,65834,65844,10
12.96242046,80.24610138,65844,65854,10
12.96282005,80.24629211,65854,65865,11
12.9632597,80.246521,65865,65875,10
12.96364021,80.24671173,65875,65885,10
12.96417999,80.24693298,65885,65895,10
12.96487999,80.24720001,65895,65905,10
12.96558952,80.24742889,65905,65915,10
12.96609974,80.24764252,65915,65925,10
12.96648026,80.24777985,65925,65945,20
12.96648026,80.24777985,65945,65955,10
12.96656036,80.24777985,65955,65966,11
12.96679974,80.24790955,65966,65976,10
12.96714973,80.24810791,65976,65986,10
12.9677,80.24835205,65986,65996,10
12.96835995,80.24861145,65996,66006,10
12.96903992,80.24890137,66006,66016,10
12.96980953,80.24919891,66016,66026,10
12.97062016,80.24951935,66026,66036,10
12.97146988,80.24977112,66036,66046,10
12.97233963,80.25,66046,66057,11
12.97327995,80.25026703,66057,66067,10
12.97410965,80.25048065,66067,66077,10
12.9749403,80.25070953,66077,66087,10
12.97542953,80.25081635,66087,66097,10
12.97568035,80.25087738,66097,66107,10
12.97583961,80.25092316,66107,66117,10
12.97607994,80.25100708,66117,66127,10
12.97661972,80.25115967,66127,66137,10
12.97731018,80.25144196,66137,66148,11
12.97801018,80.25196838,66148,66158,10
12.97846031,80.25228882,66158,66188,30
12.97846031,80.25228882,66188,66198,10
12.97865963,80.25238037,66198,66208,10
12.97918034,80.25254059,66208,66218,10
12.97980022,80.25258636,66218,66228,10
12.98034,80.25260925,66228,66239,11
12.98087978,80.25260162,66239,66249,10
12.98159981,80.25257874,66249,66259,10
12.98237038,80.25260162,66259,66269,10
12.98332977,80.25251007,66269,66279,10
12.98425961,80.25227356,66279,66289,10
12.98480034,80.25211334,66289,66299,10
12.98526001,80.25199127,66299,66309,10
12.98596001,80.25177765,66309,66319,10
12.98680019,80.25157166,66319,66330,11
12.98750019,80.25135803,66330,66522,192
12.98750019,80.25135803,66522,66532,10
12.98764992,80.251297,66532,66542,10
12.98806,80.2512207,66542,66552,10
12.98880005,80.2510376,66552,66562,10
12.98945045,80.25087738,66562,66582,20
12.98945045,80.25087738,66582,66592,10
12.98974991,80.25083923,66592,66603,11
12.99034977,80.25068665,66603,66613,10
12.99123001,80.25047302,66613,66623,10
12.99211979,80.25023651,66623,66633,10
12.99306965,80.25,66633,66643,10
12.99407959,80.24973297,66643,66653,10
12.99510002,80.2494812,66653,66663,10
12.9960804,80.2492218,66663,66673,10
12.99674988,80.2490387,66673,66683,10
12.99676991,80.2490387,66683,66694,11
12.99691963,80.2490387,66694,66704,10
12.99742031,80.248909,66704,66714,10
12.99820042,80.248703,66714,66724,10
12.99911022,80.24846649,66724,66734,10
13.00006962,80.24822998,66734,66744,10
13.00109959,80.24797058,66744,66754,10
13.00216961,80.24771118,66754,66764,10
13.00327015,80.24752808,66764,66774,10
13.00434971,80.24736023,66774,66785,11
13.00543022,80.24716949,66785,66795,10
13.00619984,80.2468338,66795,66805,10
13.00650024,80.24633026,66805,66825,20
13.00650024,80.24633026,66825,66835,10
13.00652027,80.24595642,66835,66845,10
13.00656033,80.24539948,66845,66855,10
13.00656986,80.24485779,66855,66865,10
13.00656033,80.24445343,66865,66876,11
13.00656033,80.244133,66876,66886,10
13.00656033,80.24369812,66886,66896,10
13.0065403,80.24320984,66896,66906,10
13.00652027,80.24259186,66906,66916,10
13.00652027,80.24181366,66916,66926,10
13.00658989,80.2410202,66926,66936,10
13.00675011,80.24015045,66936,66946,10
13.00687981,80.23938751,66946,66956,10
13.00697994,80.2388382,66956,66967,11
13.00716972,80.23786163,66967,66977,10
13.00734043,80.23693085,66977,66997,20
13.00734043,80.23693085,66997,67007,10
13.00736046,80.23677826,67007,67017,10
13.00751019,80.23638153,67017,67027,10
13.00765038,80.23573303,67027,67037,10
13.00782013,80.23487091,67037,67047,10
13.00802994,80.23387909,67047,67058,11
13.00825977,80.23253632,67058,67068,10
13.00852013,80.23126984,67068,67078,10
13.00874043,80.23008728,67078,67088,10
13.00895023,80.22901917,67088,67098,10
13.00916004,80.22812653,67098,67108,10
13.00949955,80.22736359,67108,67118,10
13.00988007,80.22651672,67118,67128,10
13.01021957,80.2257309,67128,67138,10
13.01054955,80.22506714,67138,67149,11
13.01072979,80.22467041,67149,67159,10
13.01093006,80.22422791,67159,67169,10
13.01105976,80.22386932,67169,67179,10
13.01119995,80.22351074,67179,67189,10
13.0114603,80.2229538,67189,67199,10
13.01175976,80.22206879,67199,67209,10
13.01208973,80.22145081,67209,67219,10
13.01247025,80.22171783,67219,67229,10
13.01296997,80.22232819,67229,67240,11
13.0135603,80.22299194,67240,67250,10
13.01414013,80.22364807,67250,67260,10
13.01465988,80.22428894,67260,67270,10
13.01533985,80.22489929,67270,67300,30
13.01533985,80.22489929,67300,67310,10
13.01568031,80.22515869,67310,67320,10
13.01626015,80.22531891,67320,67331,11
13.01698017,80.22511292,67331,67341,10
13.01768017,80.22483826,67341,67351,10
13.01838017,80.22457123,67351,67361,10
13.01931,80.22431183,67361,67401,40
13.01931,80.22431183,67401,67411,10
13.01947975,80.22444153,67411,67422,11
13.0196104,80.22451019,67422,67432,10
13.01976013,80.22460175,67432,67442,10
13.02005005,80.224823,67442,67452,10
13.0204401,80.2250824,67452,67462,10
13.02085972,80.22537231,67462,67472,10
13.02120972,80.22566223,67472,67482,10
13.02167034,80.22599792,67482,67492,10
13.02204037,80.22625732,67492,67502,10
13.02231979,80.22651672,67502,67583,81
13.02231979,80.22651672,67583,67593,10
13.02260017,80.22679138,67593,67614,21
13.02260017,80.22679138,67614,67624,10
13.02289009,80.22702789,67624,67634,10
13.02307987,80.22724152,67634,67674,40
13.02307987,80.22724152,67674,67684,10
13.02340031,80.22747803,67684,67695,11
13.02352047,80.22759247,67695,67705,10
13.0236702,80.22772217,67705,67715,10
13.02390957,80.22795105,67715,67725,10
13.02416039,80.22821045,67725,67735,10
13.0243597,80.22850037,67735,67755,20
13.0243597,80.22850037,67755,67765,10
13.02418041,80.22855377,67765,67775,10
13.0240202,80.22834015,67775,67786,11
13.02377987,80.2280426,67786,67796,10
13.02359962,80.22786713,67796,68048,252
13.02332973,80.22763062,68048,68089,41
13.02332973,80.22763062,68089,68099,10
13.02328968,80.22754669,68099,68109,10
13.02307987,80.22737122,68109,68119,10
13.02272034,80.22705841,68119,68129,10
13.02243996,80.22673798,68129,68139,10
13.02208996,80.22646332,68139,68150,11
13.02188015,80.22628021,68150,68160,10
13.02157974,80.2260437,68160,68170,10
13.02122021,80.22575378,68170,68180,10
13.02095985,80.22553253,68180,68190,10
13.02062988,80.22530365,68190,68200,10
13.02019978,80.22502899,68200,68210,10
13.01963043,80.22463989,68210,68220,10
13.01883984,80.22445679,68220,68230,10
13.01809978,80.22473907,68230,68241,11
13.01731968,80.22509003,68241,68251,10
13.01675987,80.22531891,68251,68261,10
13.01646042,80.22541809,68261,68271,10
13.01613998,80.22554016,68271,68281,10
13.01568985,80.22570038,68281,68291,10
13.01523972,80.22586823,68291,68301,10
13.01478004,80.22602081,68301,68311,10
13.01436043,80.22618866,68311,68321,10
13.01387978,80.22640991,68321,68332,11
13.01319027,80.22667694,68332,68342,10
13.01245975,80.22695923,68342,68352,10
13.01169968,80.22725677,68352,68362,10
13.01093006,80.22756195,68362,68372,10
13.01014996,80.22786713,68372,68382,10
13.00942993,80.22817993,68382,68392,10
13.00905991,80.22886658,68392,68402,10
13.00891972,80.22968292,68402,68412,10
13.00876045,80.23049927,68412,68423,11
13.00858974,80.23139191,68423,68433,10
13.00844002,80.23229218,68433,68443,10
13.00829983,80.23312378,68443,68453,10
13.00825024,80.23352051,68453,68463,10
13.00819969,80.23365784,68463,68473,10
13.00806046,80.23415375,68473,68483,10
13.00794029,80.23477936,68483,68493,10
13.00790977,80.23497772,68493,68503,10
13.00782013,80.23535919,68503,68514,11
13.00767994,80.2361908,68514,68524,10
13.00749969,80.23709869,68524,68534,10
13.00736046,80.2378006,68534,68544,10
13.00728035,80.2383194,68544,68554,10
13.00716019,80.23892975,68554,68564,10
13.00697041,80.23976898,68564,68655,91
13.00697041,80.23976898,68655,68665,10
13.00693989,80.24012756,68665,68675,10
13.00685024,80.24066925,68675,68685,10
13.00681973,80.24079895,68685,68696,11
13.00675011,80.24134064,68696,68706,10
13.00671959,80.24220276,68706,68716,10
13.00669956,80.24279785,68716,68726,10
13.00669003,80.24291229,68726,68736,10
13.00667953,80.24317932,68736,68797,61
13.00667953,80.24317932,68797,68807,10
13.00666046,80.24362183,68807,68817,10
13.00664043,80.24408722,68817,68827,10
13.00664997,80.24472809,68827,68837,10
13.00667,80.24519348,68837,68847,10
13.00669003,80.24575043,68847,68857,10
13.00671005,80.24633789,68857,68867,10
13.00671959,80.24671173,68867,68878,11
13.00675011,80.24710083,68878,68888,10
13.00671959,80.2473526,68888,68938,50
13.00671959,80.2473526,68938,68948,10
13.00664043,80.24748993,68948,68958,10
13.00599957,80.24743652,68958,68979,21
13.00599957,80.24743652,68979,68989,10
13.00549984,80.24739838,68989,68999,10
13.00471973,80.24741364,68999,69009,10
13.0037899,80.24749756,69009,69019,10
13.00282955,80.24767303,69019,69029,10
13.00191021,80.2478714,69029,69039,10
13.00084972,80.2481308,69039,69049,10
12.99975967,80.24839783,69049,69060,11
12.99859047,80.248703,69060,69070,10
12.99761963,80.24893951,69070,69080,10
12.99720001,80.24906158,69080,69090,10
12.99691963,80.24910736,69090,69100,10
12.99621964,80.24932098,69100,69110,10
12.9952898,80.24958038,69110,69120,10
12.99421024,80.24986267,69120,69130,10
12.99306011,80.25012207,69130,69140,10
12.9918499,80.25039673,69140,69151,11
12.99108982,80.25061035,69151,69161,10
12.99087048,80.25066376,69161,69171,10
12.99013042,80.25083923,69171,69181,10
12.98919964,80.251091,69181,69191,10
12.98810005,80.25141144,69191,69434,243
12.98810005,80.25141144,69434,69444,10
12.98799038,80.25150299,69444,69454,10
12.9875803,80.25154877,69454,69464,10
12.98701954,80.25167847,69464,69474,10
12.98641014,80.25182343,69474,69484,10
12.98569965,80.25196075,69484,69494,10
12.98476982,80.25219727,69494,69504,10
12.98367977,80.25250244,69504,69515,11
12.98239994,80.25266266,69515,69525,10
12.98149967,80.25266266,69525,69535,10
12.98052979,80.25269318,69535,69545,10
12.97951984,80.25267792,69545,69555,10
12.97881985,80.25260162,69555,69565,10
12.97863007,80.25254059,69565,69575,10
12.97805977,80.25216675,69575,69585,10
12.97727013,80.25151062,69585,69595,10
12.97618008,80.25110626,69595,69606,11
12.97486019,80.25073242,69606,69616,10
12.97383976,80.25042725,69616,69626,10
12.97284031,80.25018311,69626,69636,10
12.9717598,80.24989319,69636,69646,10
12.97054005,80.2495575,69646,69656,10
12.96930027,80.24907684,69656,69666,10
12.96807957,80.2486496,69666,69676,10
12.96700001,80.24817657,69676,69686,10
12.96627998,80.24781799,69686,69697,11
12.96555042,80.24752045,69697,69707,10
12.96510029,80.24738312,69707,69717,10
12.96487999,80.24729156,69717,69727,10
12.96432018,80.24707031,69727,69737,10
12.96382999,80.24688721,69737,69757,20
12.96382999,80.24688721,69757,69767,10
12.96362972,80.2467804,69767,69777,10
12.96315956,80.24655151,69777,69787,10
12.96243,80.24620056,69787,69798,11
12.96138,80.24569702,69798,69808,10
12.96033955,80.24520874,69808,69818,10
12.95956993,80.24490356,69818,69828,10
12.95944977,80.24482727,69828,69838,10
12.95899963,80.24462128,69838,69848,10
12.95823956,80.24429321,69848,69858,10
12.95773029,80.24407959,69858,69868,10
12.95703983,80.2438736,69868,69878,10
12.95645046,80.24368286,69878,69889,11
12.95639992,80.24365997,69889,69899,10
12.95600033,80.24349213,69899,69909,10
12.95528984,80.24311829,69909,69919,10
12.95435047,80.24272156,69919,69929,10
12.95361042,80.24240112,69929,69939,10
12.95294952,80.24214172,69939,69949,10
12.95160007,80.24163818,69949,69969,20
12.95160007,80.24163818,69969,69980,11
12.95123959,80.24150085,69980,69990,10
12.95049,80.24124146,69990,70000,10
12.94952965,80.24095917,70000,70010,10
12.94861031,80.24060822,70010,70020,10
12.94766998,80.24021912,70020,70030,10
12.94733047,80.24008942,70030,70040,10
12.94731998,80.24008179,70040,70050,10
12.94721985,80.24005127,70050,70060,10
12.9467001,80.23983765,70060,70071,11
12.94579983,80.23944092,70071,70081,10
12.94493961,80.23889923,70081,70091,10
12.94412041,80.23803711,70091,70101,10
12.9433403,80.23719788,70101,70111,10
12.94237041,80.23651886,70111,70121,10
12.94126034,80.23618317,70121,70131,10
12.9403801,80.23596191,70131,70141,10
12.93992043,80.23580933,70141,70151,10
12.93984032,80.23577881,70151,70162,11
12.93951035,80.23560333,70162,70172,10
12.93871975,80.2352066,70172,70182,10
12.9379797,80.23487091,70182,70192,10
12.93665981,80.23423767,70192,70201,9
12.93566036,80.23377228,70201,70212,11
12.93447971,80.23323059,70212,70222,10
12.93412018,80.233078,70222,70232,10
12.93397999,80.23300171,70232,70242,10
12.93334007,80.2326889,70242,70253,11
12.93243027,80.23232269,70253,70263,10
12.93136978,80.23197174,70263,70273,10
12.93027973,80.23165131,70273,70283,10
12.92912006,80.23137665,70283,70293,10
12.92807961,80.23120117,70293,70303,10
12.9269104,80.23107147,70303,70313,10
12.92613983,80.23098755,70313,70323,10
12.92590046,80.23097229,70323,70333,10
12.9253397,80.23088074,70333,70344,11
12.92436981,80.23079681,70344,70354,10
12.92331028,80.23065186,70354,70364,10
12.92206001,80.23043823,70364,70374,10
12.92070961,80.23026276,70374,70384,10
12.91938019,80.23008728,70384,70394,10
12.91819954,80.22992706,70394,70404,10
12.91703033,80.2297821,70404,70414,10
12.91588974,80.22962189,70414,70424,10
12.91471958,80.22947693,70424,70435,11
12.91372967,80.22934723,70435,70445,10
12.91351032,80.22931671,70445,70455,10
12.91333961,80.22926331,70455,70465,10
12.91267967,80.22917175,70465,70475,10
12.91164017,80.22904205,70475,70484,9
12.91051006,80.22885895,70484,70495,11
12.90896034,80.22863007,70495,70505,10
12.90752029,80.2283783,70505,70515,10
12.90635967,80.228302,70515,70526,11
12.90600014,80.22827911,70526,70535,9
12.90569019,80.2282486,70535,70546,11
12.90493011,80.22817993,70546,70556,10
12.90415001,80.22814178,70556,70566,10
12.90338039,80.22810364,70566,70576,10
12.90262032,80.22805786,70576,70586,10
12.9018898,80.22801971,70586,70596,10
12.9012804,80.22801971,70596,70606,10
12.90081978,80.22796631,70606,70617,11
12.90032959,80.22792816,70617,70627,10
12.89980984,80.22792053,70627,70637,10
12.89935017,80.22789001,70637,70647,10
12.89933968,80.22788239,70647,70657,10
12.8991003,80.22786713,70657,70667,10
12.89848995,80.22781372,70667,70677,10
12.89776039,80.22776794,70677,70687,10
12.89688015,80.22772217,70687,70697,10
12.89587975,80.22767639,70697,70708,11
12.89474964,80.22763062,70708,70718,10
12.89398956,80.22759247,70718,70728,10
12.89344978,80.22756958,70728,70778,50
12.89344978,80.22756958,70778,70788,10
12.89336967,80.2275238,70788,70799,11
12.89303017,80.22747803,70799,70809,10
12.89274025,80.22744751,70809,70869,60
12.89274025,80.22744751,70869,70879,10
12.89245987,80.22740173,70879,70890,11
12.89173985,80.22736359,70890,70900,10
12.89076996,80.2273407,70900,70910,10
12.88959026,80.2273407,70910,70920,10
12.88836002,80.22733307,70920,70930,10
12.88739967,80.22724152,70930,70940,10
12.88636017,80.22702789,70940,70950,10
12.88531971,80.22679138,70950,70960,10
12.88496017,80.22673798,70960,70970,10
12.88479042,80.22670746,70970,70981,11
12.88405991,80.22669983,70981,70991,10
12.88302994,80.22672272,70991,71001,10
12.88171959,80.22673798,71001,71011,10
12.88029003,80.22676849,71011,71021,10
12.87893963,80.22679901,71021,71031,10
12.87767029,80.22689056,71031,71041,10
12.87672043,80.22698975,71041,71051,10
12.87633991,80.22701263,71051,71061,10
12.87611961,80.22701263,71061,71072,11
12.87537003,80.22696686,71072,71082,10
12.87442017,80.22686005,71082,71092,10
12.87335968,80.22673798,71092,71102,10
12.8725996,80.22673035,71102,71112,10
12.87257957,80.22673035,71112,71122,10
12.87222004,80.22672272,71122,71132,10
12.87148952,80.22667694,71132,71142,10
12.87055969,80.22663879,71142,71152,10
12.86970043,80.22654724,71152,71163,11
12.86812019,80.22641754,71163,71172,9
12.86693954,80.22651672,71172,71183,11
12.86550045,80.22662354,71183,71193,10
12.86417007,80.22659302,71193,71203,10
12.86291981,80.22657013,71203,71213,10
12.86184025,80.22660065,71213,71223,10
12.8610096,80.22663879,71223,71233,10
12.86083031,80.22660828,71233,71243,10
12.86028004,80.22653961,71243,71254,11
12.8593502,80.22640228,71254,71264,10
12.85888004,80.22631073,71264,71274,10
12.85836983,80.22628021,71274,71284,10
12.85754013,80.22628021,71284,71294,10
12.85655022,80.22637177,71294,71304,10
12.85538006,80.22650146,71304,71314,10
12.85410023,80.22663116,71314,71324,10
12.8527298,80.22669983,71324,71334,10
12.85161018,80.22664642,71334,71345,11
12.84978962,80.22660828,71345,71355,10
12.84840012,80.22660065,71355,71365,10
12.84714031,80.22663116,71365,71375,10
12.84609985,80.22663116,71375,71385,10
12.84547043,80.22663879,71385,71395,10
12.84543991,80.22663879,71395,71405,10
12.84519958,80.22660065,71405,71415,10
12.84455013,80.22663879,71415,71425,10
12.84368038,80.22675323,71425,71436,11
12.84251022,80.22696686,71436,71446,10
12.84130955,80.22727203,71446,71456,10
12.84025955,80.22756958,71456,71466,10
12.83981037,80.22776794,71466,71476,10
12.83965969,80.22781372,71476,71486,10
12.8392601,80.2279129,71486,71496,10
12.83854008,80.22805023,71496,71506,10
12.83759975,80.22824097,71506,71516,10
12.83654022,80.2284317,71516,71527,11
12.83532047,80.22859955,71527,71537,10
12.83417034,80.22878265,71537,71547,10
12.83314037,80.22898102,71547,71557,10
12.83234024,80.22914124,71557,71567,10
12.83220005,80.22917175,71567,71577,10
12.83174992,80.22927094,71577,71587,10
12.83106041,80.22946167,71587,71597,10
12.8302803,80.2297287,71597,71607,10
12.82942963,80.23005676,71607,71618,11
12.82841969,80.23055267,71618,71628,10
12.82752037,80.23105621,71628,71638,10
12.82658005,80.2313385,71638,71648,10
12.82553005,80.23142242,71648,71658,10
12.82446957,80.23135376,71658,71668,10
12.82349014,80.23107147,71668,71678,10
12.82252979,80.23075867,71678,71688,10
12.82164955,80.23052216,71688,71698,10
12.8207798,80.23046112,71698,71709,11
12.8198204,80.23049927,71709,71719,10
12.81906033,80.23052216,71719,71729,10
12.81894016,80.23052216,71729,71739,10
12.81861019,80.23040009,71739,71749,10
12.8178997,80.2300415,71749,71759,10
12.81700993,80.22966766,71759,71769,10
12.81593037,80.22943878,71769,71779,10
12.81472969,80.22928619,71779,71789,10
12.8135004,80.22898102,71789,71800,11
12.81217957,80.22853088,71800,71810,10
12.81107044,80.2281189,71810,71820,10
12.80992985,80.22766113,71820,71830,10
12.80895996,80.22711182,71830,71840,10
12.80811024,80.22641754,71840,71850,10
12.80733967,80.22576141,71850,71860,10
12.80673981,80.22522736,71860,71870,10
12.80618,80.22471619,71870,71880,10
12.80560017,80.22422791,71880,71891,11
12.8050499,80.22400665,71891,71901,10
12.80496979,80.22399902,71901,71911,10
12.80467033,80.22393799,71911,71921,10
12.80401993,80.22389221,71921,71931,10
12.80323982,80.22383118,71931,71941,10
12.80241966,80.22373199,71941,71951,10
12.80150032,80.22363281,71951,71961,10
12.80047989,80.22354126,71961,71971,10
12.7993803,80.22345734,71971,71982,11
12.79810047,80.2233429,71982,71992,10
12.79699993,80.22318268,71992,72002,10
12.79601955,80.22299957,72002,72012,10
12.79563999,80.22293854,72012,72022,10
12.79520035,80.22283936,72022,72032,10
12.79436016,80.22268677,72032,72042,10
12.79335976,80.22254944,72042,72052,10
12.79230022,80.22236633,72052,72062,10
12.7912302,80.22210693,72062,72073,11
12.79022026,80.22184753,72073,72083,10
12.78944969,80.22161865,72083,72093,10
12.78880024,80.22136688,72093,72103,10
12.78816986,80.22112274,72103,72113,10
12.78773975,80.22094727,72113,72123,10
12.78697968,80.22064972,72123,72143,20
12.78697968,80.22064972,72143,72153,10
12.78629971,80.22039795,72153,72174,21
12.78629971,80.22039795,72174,72184,10
12.7862196,80.2203598,72184,72194,10
12.78617954,80.2203598,72194,72204,10
12.78612041,80.22057343,72204,72214,10
12.78612995,80.22097778,72214,72224,10
12.78614998,80.2213974,72224,72234,10
12.78621006,80.22167969,72234,72244,10
12.78619003,80.22194672,72244,72578,334
12.78619003,80.22194672,72578,72588,10
12.78619957,80.22181702,72588,72598,10
12.78617954,80.22160339,72598,72608,10
12.78614044,80.22135162,72608,72619,11
12.78614044,80.22106171,72619,72629,10
12.78614044,80.22067261,72629,72639,10
12.78614044,80.22059631,72639,72649,10
12.78614044,80.22039795,72649,72679,30
12.78614044,80.22039795,72679,72689,10
12.78660965,80.22045898,72689,72699,10
12.7869997,80.22062683,72699,72710,11
12.78717041,80.22068787,72710,72720,10
12.78742027,80.22078705,72720,72730,10
12.78783989,80.22093964,72730,72740,10
12.78843975,80.22116852,72740,72750,10
12.78907013,80.2213974,72750,72760,10
12.7896204,80.22158813,72760,72770,10
12.79012012,80.22174072,72770,72780,10
12.79090023,80.22193146,72780,72790,10
12.79183006,80.22216797,72790,72801,11
12.79296017,80.22239685,72801,72811,10
12.79399014,80.22254181,72811,72821,10
12.7950201,80.22271729,72821,72831,10
12.79601955,80.22290039,72831,72841,10
12.79695034,80.2230835,72841,72851,10
12.79796028,80.22324371,72851,72861,10
12.79893017,80.22332764,72861,72871,10
12.79981041,80.22341156,72871,72881,10
12.80064011,80.22348022,72881,72892,11
12.80136013,80.22355652,72892,72902,10
12.80202961,80.22361755,72902,72912,10
12.80263996,80.22370911,72912,72922,10
12.80280018,80.22373962,72922,72932,10
12.80323029,80.22380066,72932,72942,10
12.80389023,80.22384644,72942,72952,10
12.80449963,80.22389984,72952,72962,10
12.80502987,80.22398376,72962,72972,10
12.80545998,80.22409821,72972,72983,11
12.80558014,80.22416687,72983,72993,10
12.80599022,80.2244873,72993,73003,10
12.80650043,80.22492981,73003,73013,10
12.80704975,80.22541809,73013,73023,10
12.80772018,80.2259903,73023,73033,10
12.80846977,80.22662354,73033,73043,10
12.80924034,80.22722626,73043,73053,10
12.81007957,80.2276535,73053,73063,10
12.8110199,80.2280426,73063,73074,11
12.81217957,80.22846222,73074,73084,10
12.81336975,80.22886658,73084,73094,10
12.81455994,80.22920227,73094,73104,10
12.81575012,80.22934723,73104,73114,10
12.81692028,80.22956085,73114,73124,10
12.81803036,80.23002625,73124,73134,10
12.81900978,80.23043823,73134,73144,10
12.81976986,80.23043823,73144,73154,10
12.81991959,80.23043823,73154,73165,11
12.8206501,80.23040771,73165,73175,10
12.82161999,80.23047638,73175,73185,10
12.82269955,80.23075867,73185,73195,10
12.82380009,80.23107147,73195,73205,10
12.82476044,80.23130798,73205,73215,10
12.82584,80.2313385,73215,73225,10
12.82688046,80.23121643,73225,73235,10
12.82773018,80.23084259,73235,73245,10
12.82859993,80.23034668,73245,73256,11
12.8296299,80.22988892,73256,73266,10
12.83055019,80.22952271,73266,73276,10
12.83102036,80.22931671,73276,73286,10
12.83111,80.22930908,73286,73296,10
12.83146954,80.2292099,73296,73306,10
12.83154964,80.22920227,73306,73316,10
12.83197021,80.22908783,73316,73326,10
12.83267975,80.22895813,73326,73336,10
12.83358955,80.22879028,73336,73347,11
12.83458042,80.22860718,73347,73357,10
12.83555031,80.22846222,73357,73367,10
12.8366003,80.22830963,73367,73377,10
12.83767033,80.22814178,73377,73387,10
12.83868027,80.22789764,73387,73397,10
12.83952045,80.22769928,73397,73427,30
12.83952045,80.22769928,73427,73438,11
12.83975983,80.22762299,73438,73448,10
12.84041977,80.22743225,73448,73458,10
12.8413496,80.22718048,73458,73468,10
12.84237957,80.22692108,73468,73478,10
12.84344006,80.22672272,73478,73488,10
12.84449959,80.22657776,73488,73498,10
12.84545994,80.22653198,73498,73508,10
12.84632015,80.22651672,73508,73518,10
12.84737968,80.22651672,73518,73529,11
12.84856033,80.22651672,73529,73539,10
12.84963036,80.22651672,73539,73549,10
12.85066032,80.22650146,73549,73559,10
12.85179043,80.22653961,73559,73569,10
12.85297966,80.22660828,73569,73579,10
12.85418034,80.22653198,73579,73589,10
12.8553896,80.22640228,73589,73599,10
12.85665035,80.22624969,73599,73609,10
12.85785007,80.22615814,73609,73620,11
12.85871983,80.22621918,73620,73630,10
12.85964012,80.22634125,73630,73640,10
12.86073971,80.22648621,73640,73650,10
12.86192036,80.22650146,73650,73660,10
12.86312008,80.22644043,73660,73670,10
12.8643198,80.22650146,73670,73680,10
12.86553955,80.22650909,73680,73690,10
12.8667202,80.22644043,73690,73700,10
12.86789989,80.22631073,73700,73711,11
12.86917019,80.22635651,73711,73721,10
12.87036037,80.22650909,73721,73731,10
12.87152004,80.22657776,73731,73741,10
12.87246037,80.22660065,73741,73751,10
12.87327003,80.22662354,73751,73761,10
12.87419987,80.22669983,73761,73771,10
12.8751297,80.2268219,73771,73781,10
12.87615967,80.22688293,73781,73791,10
12.8766098,80.22685242,73791,73802,11
12.8768301,80.22683716,73802,73812,10
12.8775301,80.22678375,73812,73822,10
12.87847042,80.22670746,73822,73832,10
12.87957001,80.22666168,73832,73842,10
12.88076019,80.22663879,73842,73852,10
12.88193989,80.22663116,73852,73862,10
12.88304996,80.22660828,73862,73872,10
12.88407993,80.22660065,73872,73882,10
12.88494015,80.22660828,73882,73893,11
12.88578033,80.22676086,73893,73903,10
12.88673973,80.22702026,73903,73913,10
12.88759041,80.22718811,73913,73923,10
12.88848019,80.22727203,73923,73933,10
12.88941956,80.22730255,73933,73943,10
12.89041996,80.22727966,73943,73953,10
12.89155006,80.22725677,73953,73963,10
12.89223957,80.22731781,73963,73973,10
12.89233971,80.22731781,73973,73984,11
12.89262962,80.22734833,73984,73994,10
12.89336014,80.22743988,73994,74004,10
12.89431,80.22753906,74004,74014,10
12.89540005,80.2276001,74014,74024,10
12.89655972,80.22763824,74024,74034,10
12.89782047,80.22770691,74034,74044,10
12.89898014,80.22776794,74044,74054,10
12.90005016,80.22781372,74054,74064,10
12.90073967,80.22783661,74064,74145,81
12.90073967,80.22783661,74145,74155,10
12.90112972,80.22785187,74155,74166,11
12.90184021,80.22789764,74166,74176,10
12.90256023,80.22792053,74176,74186,10
12.90275002,80.22792816,74186,74196,10
12.90322971,80.22798157,74196,74206,10
12.90402031,80.22801971,74206,74216,10
12.90493965,80.22808075,74216,74226,10
12.90622044,80.22811127,74226,74267,41
12.90622044,80.22811127,74267,74277,10
12.90625954,80.22810364,74277,74287,10
12.90637016,80.22811127,74287,74297,10
12.90674019,80.22815704,74297,74307,10
12.90740013,80.22825623,74307,74317,10
12.90837002,80.2284317,74317,74327,10
12.90952015,80.22862244,74327,74337,10
12.91067982,80.22879791,74337,74348,11
12.91195965,80.22898102,74348,74357,9
12.91289997,80.22910309,74357,74368,11
12.9138298,80.22923279,74368,74378,10
12.91423988,80.22930145,74378,74388,10
12.91499996,80.22942352,74388,74398,10
12.91602039,80.22956085,74398,74408,10
12.91699982,80.22969055,74408,74418,10
12.91806984,80.22984314,74418,74428,10
12.91924953,80.22998047,74428,74439,11
12.92064953,80.23016357,74439,74449,10
12.92197037,80.23033905,74449,74459,10
12.92321014,80.23052979,74459,74469,10
12.92440033,80.23069763,74469,74479,10
12.92549992,80.23084259,74479,74489,10
12.92625999,80.23091888,74489,74499,10
12.92650032,80.23094177,74499,74509,10
12.92700958,80.23100281,74509,74519,10
12.92788029,80.23111725,74519,74530,11
12.92858982,80.23120117,74530,74539,9
12.92868996,80.23121643,74539,74550,11
12.92881966,80.23123932,74550,74560,10
12.92940998,80.23136139,74560,74570,10
12.93033028,80.23158264,74570,74580,10
12.93142033,80.23188782,74580,74590,10
12.9325304,80.2322464,74590,74600,10
12.93346977,80.23262024,74600,74610,10
12.93369961,80.23271942,74610,74621,11
12.93400002,80.23285675,74621,74631,10
12.93465042,80.23317719,74631,74641,10
12.93535042,80.23348999,74641,74651,10
12.93605042,80.23384094,74651,74661,10
12.93690968,80.23426819,74661,74671,10
12.93789005,80.23474884,74671,74681,10
12.93889999,80.23526001,74681,74691,10
12.93957996,80.23561096,74691,74701,10
12.94030952,80.23587799,74701,74712,11
12.94134045,80.23612976,74712,74722,10
12.9423399,80.23638153,74722,74732,10
12.94326019,80.23692322,74732,74742,10
12.94402981,80.23770905,74742,74752,10
12.9448204,80.2385788,74752,74762,10
12.94573021,80.23931885,74762,74772,10
12.94672012,80.23976135,74772,74782,10
12.94701004,80.23989105,74782,74792,10
12.94750977,80.24009705,74792,74803,11
12.94824982,80.24040222,74803,74813,10
12.94851017,80.2405014,74813,74823,10
12.94857025,80.24050903,74823,74833,10
12.94890022,80.2405777,74833,74843,10
12.94952965,80.24085236,74843,74853,10
12.95048046,80.24114227,74853,74863,10
12.95131969,80.24143982,74863,74873,10
12.95215988,80.24173737,74873,74883,10
12.95312023,80.24210358,74883,74894,11
12.95407963,80.24246216,74894,74904,10
12.95495987,80.24279785,74904,74914,10
12.95557022,80.2430191,74914,74924,10
12.95621967,80.24320984,74924,74934,10
12.95643997,80.24330139,74934,74944,10
12.95699978,80.24356842,74944,74954,10
12.95779991,80.24395752,74954,74964,10
12.9586401,80.24430084,74964,74974,10
12.95897961,80.24445343,74974,74985,11
12.95965004,80.24475861,74985,74995,10
12.96053982,80.24517822,74995,75005,10
12.96158028,80.2456665,75005,75015,10
12.96271038,80.24623871,75015,75025,10
12.96335983,80.24652863,75025,75065,40
12.96335983,80.24652863,75065,75076,11
12.9635601,80.24662018,75076,75086,10
12.9641304,80.24685669,75086,75096,10
12.96492004,80.24714661,75096,75106,10
12.96578026,80.24743652,75106,75115,9
12.96634007,80.24767303,75115,75126,11
12.96640968,80.24770355,75126,75136,10
12.96652031,80.24778748,75136,75146,10
12.96702957,80.24803925,75146,75156,10
12.9678297,80.24839783,75156,75167,11
12.96875,80.24877167,75167,75177,10
12.96973038,80.2491684,75177,75187,10
12.97070026,80.24952698,75187,75197,10
12.97177982,80.24980927,75197,75207,10
12.97284985,80.25009155,75207,75217,10
12.97391987,80.25035858,75217,75227,10
12.97504997,80.25068665,75227,75237,10
12.97616005,80.25102234,75237,75247,10
12.97723961,80.25138092,75247,75258,11
12.97811031,80.25202942,75258,75268,10
12.97887993,80.25245667,75268,75278,10
12.97961998,80.25256348,75278,75298,20
12.97961998,80.25256348,75298,75308,10
12.97996044,80.25258636,75308,75318,10
12.98058033,80.25258636,75318,75328,10
12.98136044,80.25257874,75328,75338,10
12.98225975,80.25256348,75338,75349,11
12.98324966,80.25248718,75349,75359,10
12.98412991,80.25228882,75359,75369,10
12.98503971,80.25205231,75369,75379,10
12.98583984,80.25183868,75379,75389,10
12.98665047,80.25164032,75389,75399,10
12.98771954,80.25135803,75399,75531,132
12.98771954,80.25135803,75531,75541,10
12.98791981,80.25157928,75541,75551,10
12.98801994,80.25209808,75551,75560,9
12.98799992,80.25270844,75560,75571,11
12.98791981,80.2536087,75571,75581,10
12.98783016,80.25453186,75581,75591,10
12.98775959,80.25552368,75591,75601,10
12.98771954,80.25582886,75601,75611,10
12.98768044,80.2559967,75611,75622,11
12.98766041,80.25617218,75622,75632,10
12.98764038,80.25643158,75632,75642,10
12.98762035,80.25666809,75642,75652,10
12.98760033,80.25686646,75652,75662,10
12.98756981,80.25715637,75662,75672,10
12.98754025,80.2576828,75672,75682,10
12.98748016,80.25846863,75682,75713,31
12.98748016,80.25846863,75713,75723,10
12.98727036,80.2585907,75723,75733,10
12.98705006,80.25852966,75733,75905,172
12.98705006,80.25852966,75905,75915,10
12.98684978,80.25863647,75915,75925,10
12.98674965,80.25849915,75925,75935,10
12.98686028,80.258461,75935,76087,152
12.98686028,80.258461,76087,76097,10
12.98721981,80.25850677,76097,77684,1587
12.98725986,80.25855255,77684,77927,243
12.9871397,80.25847626,77927,82285,4358
12.98723984,80.25858307,82285,83225,940
12.98711014,80.25853729,83225,83751,526
12.98711967,80.25868225,83751,84873,1122
12.98709965,80.25859833,84873,85247,374
12.98713017,80.25852966,85247,85975,728
