13.07497978,80.27561188,13,4583,4570
13.07497025,80.27523804,4583,19173,14590
13.07497025,80.27523804,19173,19183,10
13.07524014,80.27487946,19183,19193,10
13.07544041,80.27484894,19193,19204,11
13.07584,80.27497101,19204,19214,10
13.07598019,80.27557373,19214,19224,10
13.07606983,80.27599335,19224,19386,162
13.07606983,80.27599335,19386,19396,10
13.07598019,80.27626038,19396,19406,10
13.07647991,80.27625275,19406,19416,10
13.07746983,80.27619171,19416,19426,10
13.07824039,80.27574921,19426,19436,10
13.07886982,80.2751236,19436,19445,9
13.0796299,80.27528381,19445,19456,11
13.08127975,80.27513885,19456,19477,21
13.08127975,80.27513885,19477,19487,10
13.08148003,80.2751236,19487,19497,10
13.08183002,80.27519989,19497,19507,10
13.08201027,80.27526093,19507,19598,91
13.08213043,80.27559662,19598,19802,204
13.08213043,80.27559662,19802,19812,10
13.08216,80.27577209,19812,19822,10
13.08191967,80.27600098,19822,19832,10
13.08187008,80.27633667,19832,19843,11
13.08199978,80.27728271,19843,19853,10
13.08213043,80.27806854,19853,19863,10
13.08220005,80.2783432,19863,19873,10
13.08218002,80.27838898,19873,19883,10
13.08195972,80.2780838,19883,19893,10
13.08183956,80.27725983,19893,19903,10
13.08180046,80.27713013,19903,19913,10
13.08174992,80.27664948,19913,19923,10
13.08156013,80.27558899,19923,19944,21
13.08156013,80.27558899,19944,19954,10
13.08154964,80.27548218,19954,19964,10
13.08154964,80.2754364,19964,19974,10
13.08148003,80.2753067,19974,19984,10
13.08146,80.27526855,19984,19994,10
13.08137989,80.27522278,19994,20004,10
13.08090019,80.27526093,20004,20014,10
13.08014011,80.27532959,20014,20024,10
13.07931995,80.27529144,20024,20035,11
13.07835007,80.27548218,20035,20045,10
13.07783985,80.27623749,20045,20055,10
13.07670021,80.27629852,20055,20065,10
13.07594967,80.27636719,20065,20075,10
13.07571983,80.27635956,20075,20085,10
13.07497978,80.27636719,20085,20095,10
13.07417965,80.27646637,20095,20105,10
13.07406044,80.27674103,20105,20115,10
13.07386017,80.27658081,20115,20126,11
13.07347012,80.27638245,20126,20136,10
13.07287025,80.27567291,20136,20146,10
13.07205963,80.27481079,20146,20156,10
13.07131958,80.2743988,20156,20166,10
13.07065964,80.27404022,20166,20176,10
13.07034969,80.2734375,20176,20186,10
13.06964016,80.27262878,20186,20196,10
13.06873035,80.27194977,20196,20206,10
13.06812954,80.27146149,20206,20217,11
13.06766033,80.27069855,20217,20227,10
13.06698036,80.27002716,20227,20237,10
13.06645966,80.26888275,20237,20247,10
13.06604004,80.26799774,20247,20257,10
13.06527042,80.26760864,20257,20267,10
13.06517029,80.26760101,20267,20277,10
13.06464005,80.26750946,20277,20287,10
13.06373024,80.26734161,20287,20297,10
13.06266022,80.26705933,20297,20308,11
13.06186962,80.26609039,20308,20318,10
13.06124973,80.26531982,20318,20328,10
13.06060028,80.26534271,20328,20338,10
13.06044006,80.26541901,20338,20348,10
13.05980968,80.26558685,20348,20358,10
13.05891991,80.26541901,20358,20368,10
13.05809021,80.2649231,20368,20378,10
13.05792046,80.26373291,20378,20388,10
13.05774021,80.26229858,20388,20399,11
13.05745029,80.26074219,20399,20409,10
13.05704021,80.25937653,20409,20419,10
13.0566597,80.25798798,20419,20429,10
13.05650043,80.25730133,20429,20439,10
13.05650043,80.25727081,20439,20449,10
13.0564003,80.25679016,20449,20459,10
13.05597973,80.2559967,20459,20477,18
13.05451965,80.25401306,20477,20489,12
13.05337048,80.25241852,20489,20500,11
13.0523901,80.25112152,20500,20510,10
13.0515604,80.2502594,20510,20520,10
13.05043983,80.24993134,20520,20530,10
13.04922009,80.24976349,20530,20540,10
13.04831028,80.24954224,20540,20550,10
13.04751968,80.24889374,20550,20560,10
13.04706001,80.24865723,20560,20570,10
13.0469799,80.24864197,20570,20580,10
13.04636002,80.2485733,20580,20591,11
13.04528046,80.24819946,20591,20601,10
13.04413033,80.24797058,20601,20617,16
13.04236031,80.247612,20617,20629,12
13.04082012,80.24729156,20629,20639,10
13.03977013,80.2470932,20639,20649,10
13.03874016,80.24681854,20649,20659,10
13.03783035,80.24671173,20659,20669,10
13.03686047,80.24655151,20669,20679,10
13.03598976,80.24636078,20679,20690,11
13.03522968,80.24610901,20690,20700,10
13.03520012,80.24607849,20700,20710,10
13.03487968,80.2457428,20710,20720,10
13.03427982,80.24497986,20720,20729,9
13.03357983,80.24411774,20729,20740,11
13.03269958,80.24295807,20740,20750,10
13.03190041,80.2417984,20750,20760,10
13.03145027,80.24082184,20760,20771,11
13.03112984,80.24009705,20771,20781,10
13.03079987,80.23938751,20781,20791,10
13.03030014,80.23851776,20791,20801,10
13.02980995,80.23769379,20801,20811,10
13.02917957,80.23686981,20811,20821,10
13.02826977,80.23583221,20821,20831,10
13.02744007,80.23455811,20831,20841,10
13.02674961,80.23343658,20841,20851,10
13.02616024,80.2321701,20851,20861,10
13.02581978,80.23087311,20861,20872,11
13.02499962,80.22953033,20872,20882,10
13.02420044,80.22852325,20882,20890,8
13.02373981,80.22795868,20890,20902,12
13.02334976,80.22756195,20902,20912,10
13.02330971,80.22750092,20912,20922,10
13.02311993,80.22727966,20922,20932,10
13.02258015,80.22678375,20932,20942,10
13.02180004,80.22611237,20942,20952,10
13.02110004,80.22559357,20952,20963,11
13.02013969,80.2249527,20963,20973,10
13.01896,80.2244873,20973,20983,10
13.01776028,80.22493744,20983,20993,10
13.0166502,80.22537994,20993,21003,10
13.01603985,80.22550201,21003,21013,10
13.01550961,80.22580719,21013,21023,10
13.01471043,80.22612,21023,21033,10
13.0143404,80.22628021,21033,21043,10
13.01408958,80.22637177,21043,21054,11
13.01323032,80.22667694,21054,21064,10
13.01212025,80.22711945,21064,21074,10
13.0109396,80.22762299,21074,21084,10
13.00965023,80.22814178,21084,21094,10
13.0090704,80.22898865,21094,21104,10
13.00879955,80.23036957,21104,21114,10
13.00850964,80.23188782,21114,21124,10
13.00827026,80.23327637,21124,21134,10
13.00821018,80.23365784,21134,21145,11
13.00809002,80.23423767,21145,21155,10
13.00788021,80.23525238,21155,21165,10
13.00761032,80.23654175,21165,21175,10
13.00737,80.23787689,21175,21185,10
13.00722027,80.23873138,21185,21195,10
13.00702,80.23956299,21195,21205,10
13.00695992,80.2399826,21205,21215,10
13.00691032,80.24028015,21215,21225,10
13.00677967,80.24108887,21225,21236,11
13.00675011,80.24247742,21236,21246,10
13.00673962,80.24382019,21246,21256,10
13.00673962,80.24523163,21256,21266,10
13.00677967,80.24652863,21266,21276,10
13.00675964,80.24732208,21276,21314,38
13.00675964,80.24732208,21314,21324,10
13.00617981,80.24741364,21324,21345,21
13.00617981,80.24741364,21345,21355,10
13.00588989,80.24739838,21355,21364,9
13.00518036,80.24738312,21364,21374,10
13.00403023,80.24748993,21374,21385,11
13.00286007,80.24768066,21385,21394,9
13.00207996,80.24784851,21394,21404,10
13.00096035,80.24812317,21404,21415,11
12.99952984,80.24848938,21415,21426,11
12.99825954,80.24884033,21426,21436,10
12.99794006,80.24891663,21436,21446,10
12.99713993,80.24909973,21446,21456,10
12.99594021,80.24939728,21456,21466,10
12.99444962,80.24978638,21466,21476,10
12.9928503,80.25018311,21476,21486,10
12.99151039,80.25054169,21486,21496,10
12.99118042,80.25063324,21496,21506,10
12.99073029,80.25070953,21506,21517,11
12.98962975,80.25099182,21517,21527,10
12.98830032,80.25132751,21527,21537,10
12.98750019,80.25154114,21537,21547,10
12.98649979,80.25180054,21547,21557,10
12.98548031,80.25203705,21557,21567,10
12.98437977,80.25231934,21567,21577,10
12.98318958,80.25263977,21577,21587,10
12.98176003,80.25272369,21587,21597,10
12.98048019,80.25276184,21597,21608,11
12.97941971,80.25272369,21608,21618,10
12.97859001,80.25258636,21618,21628,10
12.97838974,80.25247955,21628,21638,10
12.97776985,80.25193787,21638,21648,10
12.97675037,80.25134277,21648,21658,10
12.97568035,80.25102234,21658,21668,10
12.97457981,80.25071716,21668,21678,10
12.97317028,80.25031281,21678,21688,10
12.97183037,80.24996185,21688,21698,10
12.97029018,80.24948883,21698,21709,11
12.96856976,80.24881744,21709,21719,10
12.9673996,80.24832153,21719,21729,10
12.96642971,80.24786377,21729,21739,10
12.96545982,80.2474823,21739,21749,10
12.96512032,80.24736023,21749,21759,10
12.96481991,80.24720764,21759,21769,10
12.96428013,80.24700928,21769,21779,10
12.9635601,80.24674225,21779,21789,10
12.96261978,80.24629974,21789,21800,11
12.96144009,80.24571991,21800,21810,10
12.96030998,80.24520111,21810,21820,10
12.95944023,80.24484253,21820,21830,10
12.95925045,80.24474335,21830,21840,10
12.95860004,80.24443054,21840,21850,10
12.95781994,80.24411774,21850,21860,10
12.95697975,80.24385834,21860,21870,10
12.95631981,80.24363708,21870,21880,10
12.95602036,80.24349976,21880,21891,11
12.95522976,80.24311066,21891,21901,10
12.95429993,80.24269104,21901,21911,10
12.95304012,80.24215698,21911,21921,10
12.9518404,80.24169159,21921,21931,10
12.95044041,80.24124146,21931,21941,10
12.9489603,80.24079132,21941,21951,10
12.94752979,80.2401886,21951,21961,10
12.94620037,80.2395401,21961,21971,10
12.94482994,80.23867798,21971,21982,11
12.94386005,80.23766327,21982,21992,10
12.94340992,80.23715973,21992,22002,10
12.9429903,80.23679352,22002,22012,10
12.94202042,80.23635864,22012,22022,10
12.94060993,80.23602295,22022,22032,10
12.93912983,80.23545837,22032,22042,10
12.93760967,80.23470306,22042,22052,10
12.93628025,80.23406219,22052,22062,10
12.93511963,80.23349762,22062,22073,11
12.93416977,80.23306274,22073,22083,10
12.93334007,80.23269653,22083,22093,10
12.93206978,80.23223877,22093,22103,10
12.93045998,80.23174286,22103,22113,10
12.92885971,80.23136902,22113,22123,10
12.92718029,80.23113251,22123,22133,10
12.9258604,80.23101044,22133,22143,10
12.92558002,80.23095703,22143,22153,10
12.92488003,80.23085785,22153,22163,10
12.92380047,80.23072815,22163,22174,11
12.92216969,80.23049927,22174,22184,10
12.9204998,80.23026276,22184,22194,10
12.91901016,80.23004913,22194,22204,10
12.9174099,80.22984314,22204,22214,10
12.91576958,80.22962189,22214,22224,10
12.91421986,80.22940826,22224,22234,10
12.91359043,80.22934723,22234,22244,10
12.91316032,80.22927856,22244,22254,10
12.91228962,80.22913361,22254,22264,10
12.91117001,80.22895813,22264,22275,11
12.90956974,80.22872162,22275,22285,10
12.90802002,80.22846985,22285,22295,10
12.90692043,80.22834778,22295,22305,10
12.90678024,80.22834015,22305,22315,10
12.90670013,80.22833252,22315,22325,10
12.90616989,80.22827148,22325,22335,10
12.90515995,80.22820282,22335,22345,10
12.90373993,80.22812653,22345,22356,11
12.90207005,80.22801971,22356,22366,10
12.90100956,80.22795868,22366,22376,10
12.89986992,80.22792053,22376,22386,10
12.89943981,80.22789764,22386,22396,10
12.89925003,80.22789001,22396,22406,10
12.89848042,80.22783661,22406,22416,10
12.89731979,80.22775269,22416,22426,10
12.89591026,80.22769928,22426,22436,10
12.89457989,80.2276535,22436,22447,11
12.89291954,80.22747803,22447,22457,10
12.8914299,80.22740173,22457,22473,16
12.88883018,80.22737885,22473,22485,12
12.88716984,80.22721863,22485,22495,10
12.88574982,80.22686768,22495,22505,10
12.8847599,80.22676849,22505,22515,10
12.88368034,80.2266922,22515,22525,10
12.88220978,80.22673035,22525,22535,10
12.88086987,80.22675323,22535,22546,11
12.87926006,80.22678375,22546,22556,10
12.87794018,80.22688293,22556,22566,10
12.8769598,80.22696686,22566,22576,10
12.87586021,80.22699738,22576,22586,10
12.87458992,80.22686005,22586,22596,10
12.87349987,80.22673798,22596,22606,10
12.87252045,80.22669983,22606,22616,10
12.87115955,80.22664642,22616,22626,10
12.86950016,80.22650146,22626,22637,11
12.86758995,80.22646332,22637,22647,10
12.86616039,80.22660828,22647,22657,10
12.8645401,80.22660828,22657,22667,10
12.86277962,80.2265625,22667,22677,10
12.86118031,80.22660828,22677,22687,10
12.85956955,80.22644043,22687,22697,10
12.85840034,80.22631073,22697,22707,10
12.85702038,80.22634125,22707,22717,10
12.85544014,80.22650909,22717,22728,11
12.85359955,80.22669983,22728,22738,10
12.8519001,80.22669983,22738,22748,10
12.85017014,80.22663116,22748,22758,10
12.84842014,80.22662354,22758,22768,10
12.84677982,80.22663879,22768,22778,10
12.84562016,80.22663879,22778,22788,10
12.84531021,80.22666168,22788,22798,10
12.84529018,80.22666168,22798,22808,10
12.84479046,80.22669983,22808,22819,11
12.84362984,80.22680664,22819,22829,10
12.84218025,80.2270813,22829,22839,10
12.84070969,80.22744751,22839,22849,10
12.83994961,80.22763062,22849,22859,10
12.83957005,80.22773743,22859,22869,10
12.83893013,80.22792053,22869,22879,10
12.83780956,80.22818756,22879,22889,10
12.83635998,80.22841644,22889,22899,10
12.83475018,80.22866821,22899,22909,10
12.83314037,80.22898102,22909,22920,11
12.83228016,80.22915649,22920,22930,10
12.8321104,80.22920227,22930,22940,10
12.83143044,80.2293396,22940,22950,10
12.83032036,80.22972107,22950,22960,10
12.82894039,80.23027802,22960,22970,10
12.82759953,80.23101807,22970,22980,10
12.82616043,80.23142242,22980,22990,10
12.8245697,80.23140717,22990,23000,10
12.82308006,80.23097229,23000,23011,11
12.82133961,80.23049927,23011,23021,10
12.81968975,80.2305069,23021,23031,10
12.81826019,80.23021698,23031,23041,10
12.81678009,80.22959137,23041,23051,10
12.81507969,80.22931671,23051,23061,10
12.81340027,80.2289505,23061,23071,10
12.81175995,80.22840118,23071,23081,10
12.81017017,80.22775269,23081,23091,10
12.80895996,80.22708893,23091,23102,11
12.80778027,80.22612,23102,23112,10
12.80688953,80.22534943,23112,23122,10
12.80622005,80.22473907,23122,23132,10
12.80550957,80.22416687,23132,23142,10
12.80523968,80.22406769,23142,23152,10
12.80475998,80.22396088,23152,23162,10
12.80391979,80.22387695,23162,23172,10
12.80274963,80.22376251,23172,23182,10
12.80136013,80.22360992,23182,23201,19
12.79858017,80.22337341,23201,23213,12
12.79671001,80.22310638,23213,23223,10
12.79586983,80.22296143,23223,23233,10
12.79586029,80.22296143,23233,23243,10
12.79551983,80.2228775,23243,23253,10
12.79459953,80.22270966,23253,23263,10
12.79327965,80.22251129,23263,23273,10
12.79016018,80.22181702,23273,23284,11
12.79016018,80.22181702,23284,23294,10
12.78899002,80.22142029,23294,23304,10
12.78787041,80.22099304,23304,23314,10
12.78693008,80.22065735,23314,23324,10
12.7867403,80.22058105,23324,23334,10
12.78645992,80.22045898,23334,23344,10
12.78612995,80.22029877,23344,23354,10
12.78549004,80.22001648,23354,23364,10
12.78456974,80.21954346,23364,23374,10
12.78341007,80.21890259,23374,23385,11
12.78195953,80.2181015,23385,23395,10
12.78059006,80.21734619,23395,23405,10
12.77912045,80.21656036,23405,23415,10
12.77756023,80.21581268,23415,23425,10
12.77595043,80.21514893,23425,23435,10
12.7744503,80.21453857,23435,23445,10
12.77311993,80.2140274,23445,23455,10
12.77171993,80.21351624,23455,23465,10
12.7706604,80.2131424,23465,23476,11
12.77029991,80.21302032,23476,23486,10
12.7694397,80.21270752,23486,23496,10
12.76817989,80.21225739,23496,23506,10
12.76677036,80.21173859,23506,23516,10
12.76519966,80.21115875,23516,23526,10
12.7636404,80.21058655,23526,23536,10
12.76224995,80.21006012,23536,23546,10
12.76082039,80.20939636,23546,23556,10
12.75936031,80.20861816,23556,23567,11
12.75767994,80.20770264,23567,23577,10
12.75617981,80.20684814,23577,23587,10
12.75485039,80.20613098,23587,23597,10
12.75349045,80.20539856,23597,23607,10
12.7519598,80.20459747,23607,23617,10
12.75043011,80.20379639,23617,23627,10
12.74892998,80.20301819,23627,23637,10
12.74736023,80.20220947,23637,23647,10
12.74577045,80.20140839,23647,23658,11
12.74429035,80.20037079,23658,23668,10
12.74330997,80.19924927,23668,23678,10
12.74230003,80.19805908,23678,23688,10
12.74139977,80.19683075,23688,23698,10
12.7404604,80.19551849,23698,23708,10
12.73945999,80.19413757,23708,23718,10
12.73857021,80.19291687,23718,23728,10
12.73760986,80.19190979,23728,23738,10
12.73672962,80.19103241,23738,23749,11
12.73573971,80.19007111,23749,23759,10
12.73466015,80.18958282,23759,23769,10
12.73342991,80.18949127,23769,23779,10
12.73223019,80.18927002,23779,23789,10
12.73108959,80.18910217,23789,23799,10
12.73007011,80.18898773,23799,23809,10
12.72959995,80.18895721,23809,23819,10
12.72926998,80.18894958,23819,23829,10
12.72856998,80.18881989,23829,23839,10
12.72756958,80.18852234,23839,23850,11
12.72665977,80.18830109,23850,23860,10
12.72583961,80.18814087,23860,23870,10
12.72488022,80.18798065,23870,23880,10
12.72391987,80.1877594,23880,23890,10
12.72309017,80.18753052,23890,23900,10
12.72249031,80.18739319,23900,23951,51
12.72249031,80.18739319,23951,23961,10
12.72233009,80.18747711,23961,23971,10
12.72229958,80.18760681,23971,23981,10
12.72204018,80.18771362,23981,23991,10
12.7221899,80.18779755,23991,24759,768
12.7221899,80.18779755,24759,24770,11
12.72222042,80.18772888,24770,24780,10
12.72233963,80.18743134,24780,24790,10
12.72259998,80.18743896,24790,24800,10
12.72340012,80.18765259,24800,24810,10
12.72416019,80.18785858,24810,24820,10
12.72504044,80.18801117,24820,24830,10
12.72612,80.18818665,24830,24840,10
12.72698975,80.18836212,24840,24850,10
12.72803974,80.18863678,24850,24861,11
12.72931957,80.18895721,24861,24871,10
12.72972965,80.18895721,24871,24881,10
12.72988987,80.1889801,24881,24891,10
12.73048019,80.1890564,24891,24901,10
12.73138046,80.18914032,24901,24911,10
12.73254013,80.18933105,24911,24921,10
12.73371029,80.18946838,24921,24931,10
12.73515987,80.18965149,24931,24941,10
12.73628998,80.19043732,24941,24952,11
12.73647976,80.19062042,24952,24962,10
12.73680019,80.19097137,24962,24972,10
12.73746967,80.19165039,24972,24982,10
12.73843956,80.19261169,24982,24992,10
12.7394104,80.19390869,24992,25002,10
12.74040031,80.19529724,25002,25012,10
12.74141979,80.19670105,25012,25022,10
12.74195957,80.19741821,25022,25032,10
12.74205971,80.19757843,25032,25043,11
12.74258041,80.19822693,25043,25053,10
12.74332047,80.19909668,25053,25063,10
12.74419975,80.20012665,25063,25073,10
12.74505997,80.20091248,25073,25083,10
12.74635983,80.20162201,25083,25093,10
12.74785995,80.20239258,25093,25103,10
12.74940014,80.20316315,25103,25113,10
12.75084019,80.20388031,25113,25123,10
12.75117016,80.20406342,25123,25133,10
12.7517004,80.20433807,25133,25144,11
12.75273991,80.20488739,25144,25154,10
12.75397968,80.20554352,25154,25164,10
12.7553997,80.20630646,25164,25174,10
12.75681019,80.20709991,25174,25184,10
12.75712013,80.20726776,25184,25194,10
12.75759983,80.20752716,25194,25204,10
12.75846004,80.20800781,25204,25214,10
12.75957966,80.20861816,25214,25224,10
12.76019955,80.2089386,25224,25235,11
12.76047039,80.20909119,25235,25245,10
12.76117992,80.20947266,25245,25255,10
12.76226997,80.20996094,25255,25265,10
12.76360989,80.21047974,25265,25275,10
12.76511002,80.21102905,25275,25285,10
12.76669025,80.21161652,25285,25295,10
12.76832008,80.21219635,25295,25305,10
12.76996994,80.21279144,25305,25315,10
12.77151966,80.21334076,25315,25326,11
12.77328968,80.21398926,25326,25336,10
12.77495956,80.21465302,25336,25346,10
12.77663994,80.21533966,25346,25356,10
12.77830982,80.21604919,25356,25366,10
12.77989006,80.21690369,25366,25376,10
12.78145027,80.21774292,25376,25386,10
12.78297997,80.21858215,25386,25396,10
12.78429985,80.21933746,25396,25406,10
12.7860899,80.22025299,25406,25437,31
12.7860899,80.22025299,25437,25447,10
12.78654003,80.22042084,25447,25467,20
12.78654003,80.22042084,25467,25477,10
12.78686047,80.22057343,25477,25487,10
12.78730011,80.22074127,25487,25497,10
12.78796005,80.22097778,25497,25507,10
12.78876019,80.22129059,25507,25518,11
12.78950977,80.22157288,25518,25528,10
12.79014015,80.22177124,25528,25538,10
12.79115963,80.22202301,25538,25548,10
12.79246998,80.22234344,25548,25558,10
12.79393959,80.22257233,25558,25568,10
12.79541969,80.22280884,25568,25578,10
12.79646969,80.22296143,25578,25588,10
12.79681969,80.22303772,25588,25598,10
12.79755974,80.22319794,25598,25609,11
12.79870987,80.22332764,25609,25619,10
12.80002022,80.22344971,25619,25629,10
12.80123043,80.22354126,25629,25639,10
12.80144978,80.22355652,25639,25649,10
12.80169964,80.22358704,25649,25659,10
12.80243969,80.22367859,25659,25669,10
12.80350018,80.22382355,25669,25679,10
12.80453014,80.22389984,25679,25689,10
12.80539989,80.22406006,25689,25700,11
12.80558968,80.22412872,25700,25710,10
12.80576038,80.22422791,25710,25720,10
12.80630016,80.2246933,25720,25730,10
12.80706978,80.22538757,25730,25740,10
12.80797005,80.22615814,25740,25750,10
12.80908966,80.22708893,25750,25760,10
12.81027985,80.22772217,25760,25770,10
12.81087971,80.22795868,25770,25780,10
12.81138039,80.22815704,25780,25791,11
12.81210041,80.22841644,25791,25801,10
12.81291008,80.22868347,25801,25811,10
12.81400013,80.22904205,25811,25821,10
12.81544018,80.22931671,25821,25831,10
12.81706047,80.22960663,25831,25841,10
12.81853008,80.2302475,25841,25851,10
12.81976986,80.23043823,25851,25861,10
12.82094002,80.23042297,25861,25871,10
12.82213974,80.23056793,25871,25882,11
12.82355976,80.23097992,25882,25892,10
12.82493973,80.23132324,25892,25902,10
12.82651043,80.23130798,25902,25912,10
12.82800007,80.2307663,25912,25922,10
12.82948971,80.23000336,25922,25932,10
12.83113003,80.22933197,25932,25952,20
12.83113003,80.22933197,25952,25962,10
12.83152008,80.2292099,25962,25972,10
12.83232975,80.22904205,25972,25983,11
12.83362007,80.22879028,25983,25993,10
12.83508968,80.22853088,25993,26003,10
12.83668995,80.22828674,26003,26019,16
12.83893013,80.22786713,26019,26031,12
12.83957005,80.22769928,26031,26041,10
12.83990955,80.2276001,26041,26051,10
12.84070969,80.22740173,26051,26061,10
12.84183025,80.22708893,26061,26072,11
12.84329033,80.22676849,26072,26082,10
12.84547997,80.22651672,26082,26102,20
12.84547997,80.22651672,26102,26112,10
12.84582043,80.22651672,26112,26122,10
12.84659958,80.22651672,26122,26132,10
12.84772015,80.22653198,26132,26142,10
12.84912014,80.22653961,26142,26152,10
12.85070038,80.22653961,26152,26163,11
12.85256004,80.22663116,26163,26173,10
12.85431957,80.22653961,26173,26183,10
12.85606003,80.22635651,26183,26193,10
12.85772991,80.22619629,26193,26203,10
12.85910034,80.22625732,26203,26213,10
12.86026001,80.22641754,26213,26223,10
12.86075974,80.22647858,26223,26233,10
12.86098003,80.22650146,26233,26243,10
12.86166,80.22653961,26243,26254,11
12.86283016,80.22647858,26254,26264,10
12.86413956,80.22650146,26264,26274,10
12.86561012,80.22654724,26274,26284,10
12.86705017,80.2264328,26284,26294,10
12.86859035,80.22631836,26294,26304,10
12.87012959,80.22650146,26304,26314,10
12.87168026,80.22659302,26314,26324,10
12.87290001,80.22660828,26324,26334,10
12.8732996,80.22662354,26334,26345,11
12.87395,80.22666931,26345,26355,10
12.87493038,80.22679901,26355,26365,10
12.87611961,80.22689819,26365,26375,10
12.87677956,80.22686005,26375,26385,10
12.8769598,80.22685242,26385,26395,10
12.87755013,80.22679901,26395,26405,10
12.87852001,80.22673798,26405,26415,10
12.87979984,80.22669983,26415,26425,10
12.88132954,80.2266922,26425,26435,10
12.88296986,80.22666931,26435,26446,11
12.88459969,80.22664642,26446,26456,10
12.88521957,80.22663879,26456,26466,10
12.88533974,80.22666168,26466,26476,10
12.88591957,80.22679138,26476,26486,10
12.88683987,80.22704315,26486,26496,10
12.88799953,80.22724152,26496,26506,10
12.88938999,80.22730255,26506,26516,10
12.89078045,80.22730255,26516,26526,10
12.89229965,80.22731781,26526,26537,11
12.89369011,80.22749329,26537,26547,10
12.8952198,80.22759247,26547,26557,10
12.89688015,80.22766113,26557,26567,10
12.89848042,80.22775269,26567,26577,10
12.89993954,80.22782898,26577,26587,10
12.90112019,80.22789764,26587,26597,10
12.90184975,80.22792816,26597,26607,10
12.90270042,80.22795868,26607,26617,10
12.90326977,80.22795868,26617,26628,11
12.90328026,80.22795868,26628,26638,10
12.90357971,80.22801208,26638,26648,10
12.90437984,80.22807312,26648,26658,10
12.90536022,80.22812653,26658,26668,10
12.90594006,80.22817993,26668,26684,16
12.90653992,80.22821808,26684,26767,83
12.90653992,80.22821808,26767,26777,10
12.90668964,80.22824097,26777,26787,10
12.90736008,80.22831726,26787,26797,10
12.90839005,80.22846985,26797,26808,11
12.90985966,80.22870636,26808,26818,10
12.91135025,80.22891998,26818,26828,10
12.91292953,80.22914124,26828,26838,10
12.91396046,80.22926331,26838,26848,10
12.91425991,80.22930908,26848,26858,10
12.91489983,80.22940063,26858,26868,10
12.91590977,80.22953033,26868,26878,10
12.91714954,80.22969818,26878,26888,10
12.91853046,80.22989655,26888,26898,10
12.92004013,80.23008728,26898,26909,11
12.92168999,80.2303009,26909,26919,10
12.92308998,80.23052216,26919,26929,10
12.92453957,80.23072052,26929,26939,10
12.92566967,80.23082733,26939,26949,10
12.92595959,80.23085785,26949,26960,11
12.92667007,80.23095703,26960,26970,10
12.92757034,80.23107147,26970,26978,8
12.92870045,80.23121643,26978,26990,12
12.93039989,80.2315979,26990,27001,11
12.93202019,80.23210907,27001,27011,10
12.93319988,80.23248291,27011,27021,10
12.93336964,80.2325592,27021,27031,10
12.93362045,80.23271179,27031,27041,10
12.93428993,80.23300934,27041,27051,10
12.93527985,80.23345947,27051,27061,10
12.93638992,80.23400116,27061,27084,23
12.93889046,80.23519897,27084,27096,12
12.93953991,80.23552704,27096,27106,10
12.93962002,80.23558044,27106,27116,10
12.94001007,80.23576355,27116,27126,10
12.94085979,80.23600006,27126,27136,10
12.94165993,80.23619843,27136,27146,10
12.94326019,80.23690033,27146,27156,10
12.94421959,80.23789978,27156,27166,10
12.9451704,80.23892975,27166,27176,10
12.94629955,80.23956299,27176,27187,11
12.94711971,80.23988342,27187,27197,10
12.94758034,80.24009705,27197,27207,10
12.94874954,80.24060059,27207,27247,40
12.94874954,80.24060059,27247,27259,12
12.94898033,80.24069977,27259,27269,10
12.94993973,80.24098206,27269,27279,10
12.95092964,80.24128723,27279,27290,11
12.95123959,80.24136353,27290,27299,9
12.95129013,80.24137878,27299,27309,10
12.9517498,80.24156952,27309,27320,11
12.95271015,80.2419281,27320,27330,10
12.95382023,80.24239349,27330,27340,10
12.95477009,80.24278259,27340,27350,10
12.95551014,80.24304199,27350,27360,10
12.95635986,80.24333191,27360,27370,10
12.95666027,80.24344635,27370,27381,11
12.95742989,80.24382019,27381,27391,10
12.95831966,80.2441864,27391,27401,10
12.95903015,80.24452972,27401,27410,9
12.95905018,80.24456024,27410,27421,11
12.95948029,80.24474335,27421,27430,9
12.96008015,80.24501038,27430,27441,11
12.96135044,80.24559784,27441,27451,10
12.9626503,80.24623871,27451,27461,10
12.96366024,80.24671173,27461,27472,11
12.96471977,80.24712372,27472,27482,10
12.96582031,80.2474823,27482,27492,10
12.96642971,80.24772644,27492,27502,10
12.96669006,80.24783325,27502,27512,10
12.96671009,80.24784088,27512,27522,10
12.96706963,80.24803925,27522,27532,10
12.96782017,80.24838257,27532,27542,10
12.96891975,80.2488327,27542,27553,11
12.97033978,80.24942017,27553,27563,10
12.97171021,80.24983215,27563,27573,10
12.97317982,80.25022125,27573,27583,10
12.97463989,80.25061035,27583,27593,10
12.97614002,80.2510376,27593,27603,10
12.97745991,80.25151825,27603,27613,10
12.9783802,80.25221252,27613,27623,10
12.97854042,80.25229645,27623,27633,10
12.97858047,80.25232697,27633,27643,10
12.97893047,80.25248718,27643,27653,10
12.97941017,80.25257111,27653,27664,11
12.97964954,80.25258636,27664,27674,10
12.98015976,80.25263214,27674,27684,10
12.98099995,80.25263214,27684,27694,10
12.98215008,80.25260162,27694,27704,10
12.98346043,80.25248718,27704,27714,10
12.9848299,80.25212097,27714,27724,10
12.98604012,80.25177765,27724,27734,10
12.98738003,80.25141144,27734,27801,67
12.98738003,80.25141144,27801,27813,12
12.98764038,80.25134277,27813,27823,10
12.98832035,80.25119019,27823,27834,11
12.98935986,80.25090027,27834,27844,10
12.98950958,80.25086212,27844,27854,10
12.98991966,80.2507782,27854,27864,10
12.99073029,80.25058746,27864,27874,10
12.9917202,80.25035095,27874,27884,10
12.99318981,80.25,27884,27894,10
12.99446011,80.24965668,27894,27904,10
12.99580956,80.24931335,27904,27914,10
12.9966898,80.24906158,27914,27925,11
12.99683952,80.24903107,27925,27934,9
12.99738979,80.24891663,27934,27945,11
12.99849033,80.24864197,27945,27955,10
12.99981022,80.24830627,27955,27965,10
13.00125027,80.24794769,27965,27975,10
13.00251961,80.24765015,27975,27985,10
13.00382996,80.24742126,27985,27995,10
13.00518036,80.24725342,27995,28005,10
13.00625992,80.24684906,28005,28016,11
13.00652981,80.24642181,28016,28026,10
13.00656033,80.24636078,28026,28036,10
13.00662041,80.24593353,28036,28046,10
13.00664043,80.24507904,28046,28056,10
13.00664043,80.24417877,28056,28066,10
13.00662994,80.24330139,28066,28076,10
13.00658989,80.24243164,28076,28086,10
13.00660992,80.24128723,28086,28096,10
13.00681973,80.24028015,28096,28106,10
13.00704002,80.23895264,28106,28117,11
13.00730991,80.2375412,28117,28127,10
13.00741959,80.23674011,28127,28137,10
13.00743961,80.23667908,28137,28147,10
13.00755024,80.23628998,28147,28157,10
13.00772953,80.23542786,28157,28167,10
13.00796986,80.23426056,28167,28177,10
13.00825024,80.23294067,28177,28187,10
13.00852966,80.23148346,28187,28197,10
13.00879955,80.23005676,28197,28208,11
13.00911999,80.22847748,28208,28218,10
13.00957012,80.22725677,28218,28228,10
13.01012039,80.22602081,28228,28238,10
13.01074028,80.22480011,28238,28248,10
13.01121044,80.22376251,28248,28258,10
13.01152992,80.22306061,28258,28268,10
13.01187992,80.22222137,28268,28278,10
13.01220989,80.2215271,28278,28288,10
13.01259041,80.2218399,28288,28299,11
13.01319027,80.22255707,28299,28309,10
13.01387024,80.22324371,28309,28319,10
13.0143404,80.22371674,28319,28329,10
13.01478004,80.22425079,28329,28339,10
13.0155201,80.22490692,28339,28359,20
13.0155201,80.22490692,28359,28369,10
13.01581955,80.2252121,28369,28379,10
13.01646996,80.22530365,28379,28390,11
13.01735973,80.22498322,28390,28400,10
13.01832008,80.22463226,28400,28410,10
13.01933002,80.22442627,28410,28420,10
13.02031994,80.22496796,28420,28430,10
13.02124977,80.22563934,28430,28440,10
13.02202034,80.22621155,28440,28450,10
13.02247047,80.22653961,28450,28460,10
13.02256012,80.22663879,28460,28470,10
13.0227499,80.22680664,28470,28481,11
13.02336979,80.22737885,28481,28491,10
13.02406025,80.22811127,28491,28501,10
13.02437019,80.228508,28501,28511,10
13.0243597,80.228508,28511,28521,10
13.02451038,80.22870636,28521,28531,10
13.02499962,80.22936249,28531,28541,10
13.02565002,80.23029327,28541,28551,10
13.02604008,80.23123932,28551,28561,10
13.02630997,80.23220825,28561,28572,11
13.02678013,80.23319244,28572,28582,10
13.02725983,80.23399353,28582,28592,10
13.02789974,80.23512268,28592,28602,10
13.02882004,80.23628235,28602,28612,10
13.02958965,80.23709106,28612,28622,10
13.02970028,80.23732758,28622,28632,10
13.03005981,80.23790741,28632,28642,10
13.03061962,80.23880768,28642,28652,10
13.03122044,80.23983765,28652,28663,11
13.03149986,80.24073792,28663,28673,10
13.03194046,80.24169922,28673,28683,10
13.03248978,80.24246216,28683,28693,10
13.03316021,80.24337769,28693,28703,10
13.03382969,80.24424744,28703,28713,10
13.03433037,80.24497986,28713,28723,10
13.0348196,80.24558258,28723,28739,16
13.03520966,80.24594116,28739,28751,12
13.03561974,80.24604797,28751,28762,11
13.03569031,80.24607849,28762,28772,10
13.0359602,80.24627686,28772,28781,9
13.0364399,80.24640656,28781,28792,11
13.03691959,80.24649811,28792,28802,10
13.03724957,80.24652863,28802,28812,10
13.03783035,80.24648285,28812,28822,10
13.03827,80.24659729,28822,28832,10
13.0385704,80.24671173,28832,28842,10
13.03878975,80.24678802,28842,28853,11
13.03923035,80.24690247,28853,28863,10
13.03966045,80.24697876,28863,28873,10
13.04020023,80.24707794,28873,28883,10
13.04088974,80.24720001,28883,28893,10
13.04172993,80.2473526,28893,28903,10
13.04238987,80.24752808,28903,28913,10
13.04283047,80.24771881,28913,28923,10
13.04318047,80.24781799,28923,28933,10
13.04380989,80.24784851,28933,28944,11
13.04444027,80.24787903,28944,28954,10
13.04500008,80.24806213,28954,28964,10
13.04553986,80.24826813,28964,28974,10
13.04625034,80.24849701,28974,28984,10
13.04693985,80.24842072,28984,28994,10
13.04712963,80.24842072,28994,29010,16
13.0478096,80.24897003,29010,29022,12
13.04819965,80.2493515,29022,29032,10
13.04864025,80.24964905,29032,29043,11
13.04946995,80.24976349,29043,29053,10
13.05037975,80.24994659,29053,29063,10
13.05115986,80.2501297,29063,29073,10
13.05175972,80.25041962,29073,29083,10
13.05231953,80.25097656,29083,29093,10
13.0529604,80.25180817,29093,29103,10
13.05362034,80.25269318,29103,29113,10
13.05422974,80.25354004,29113,29123,10
13.05480957,80.25430298,29123,29134,11
13.05535984,80.25498962,29134,29143,9
13.05585003,80.25567627,29143,29154,11
13.05655003,80.25653839,29154,29164,10
13.05745029,80.25730896,29164,29173,9
13.05797005,80.25785065,29173,29184,11
13.05852985,80.25856018,29184,29194,10
13.05920029,80.25952911,29194,29204,10
13.05982971,80.2602005,29204,29214,10
13.06052971,80.26094055,29214,29225,11
13.06077957,80.26123047,29225,29235,10
13.0608902,80.26133728,29235,29245,10
13.06126022,80.26180267,29245,29255,10
13.0616703,80.26235962,29255,29265,10
13.06196022,80.26280975,29265,29275,10
13.06196976,80.26281738,29275,29285,10
13.06202984,80.26289368,29285,29295,10
13.06243992,80.26338196,29295,29305,10
13.06307983,80.26416779,29305,29316,11
13.06377983,80.2651825,29316,29326,10
13.06435966,80.26596069,29326,29336,10
13.06501007,80.26676941,29336,29346,10
13.06569958,80.26730347,29346,29356,10
13.06579971,80.26741791,29356,29366,10
13.06601048,80.26773071,29366,29376,10
13.06655979,80.26831818,29376,29386,10
13.0672102,80.26873779,29386,29396,10
13.06797981,80.26927185,29396,29407,11
13.06826019,80.26976776,29407,29417,10
13.06818008,80.27052307,29417,29427,10
13.06814003,80.27117157,29427,29437,10
13.06847954,80.271698,29437,29447,10
13.06923962,80.27207184,29447,29463,16
13.07034016,80.27327728,29463,29475,12
13.07077026,80.27384186,29475,29485,10
13.07108974,80.2740097,29485,29496,11
13.07118034,80.27404785,29496,29506,10
13.07129955,80.27409363,29506,29516,10
13.07153034,80.27417755,29516,29526,10
13.07201958,80.27452087,29526,29536,10
13.07258987,80.27516174,29536,29546,10
13.07310009,80.27571106,29546,29556,10
13.07367992,80.27628326,29556,29566,10
13.07423973,80.27631378,29566,29576,10
13.07501984,80.27632141,29576,29587,11
13.07575035,80.27626801,29587,29597,10
13.07608986,80.27626038,29597,29607,10
13.07672977,80.27623749,29607,29617,10
13.07748032,80.27619171,29617,29627,10
13.07820988,80.27596283,29627,29637,10
13.07843018,80.27532196,29637,29647,10
13.07903004,80.27513885,29647,29657,10
13.08003998,80.27526855,29657,29667,10
13.08121967,80.27516174,29667,29708,41
13.08121967,80.27516174,29708,29718,10
13.08135033,80.27510834,29718,29728,10
13.08162022,80.2751236,29728,29738,10
13.08191013,80.27519989,29738,29908,170
13.08205986,80.27549744,29908,30907,999
13.08205986,80.27549744,30907,30917,10
13.08207989,80.27568817,30917,31311,394
13.08207989,80.27568817,31311,31321,10
13.08211994,80.27580261,31321,31331,10
13.08197975,80.27593994,31331,31341,10
13.08185959,80.27607727,31341,31352,11
13.08187008,80.27629852,31352,31362,10
13.0819397,80.27690125,31362,31372,10
13.08205986,80.27780914,31372,31382,10
13.08257008,80.27802277,31382,31392,10
13.08323002,80.27806854,31392,31402,10
13.08341026,80.27822876,31402,31412,10
13.08356953,80.27883911,31412,31422,10
13.08329964,80.27893829,31422,31432,10
13.08255005,80.27861786,31432,31473,41
13.08255005,80.27861786,31473,31483,10
13.08228016,80.27848053,31483,31499,16
13.08191967,80.27761078,31499,31511,12
13.08181,80.2770462,31511,31521,10
13.08180046,80.27696991,31521,31531,10
13.08181,80.27693939,31531,31542,11
13.08178997,80.27664185,31542,31552,10
13.08174992,80.27638245,31552,31562,10
13.08158016,80.27590179,31562,31663,101
13.08152962,80.27552032,31663,31713,50
13.08152962,80.27552032,31713,31723,10
13.08148956,80.27532959,31723,31734,11
13.08141041,80.27519989,31734,31744,10
13.08111954,80.27522278,31744,31754,10
13.08057022,80.27528381,31754,31764,10
13.07983971,80.27536011,31764,31774,10
13.0790596,80.2752533,31774,31784,10
13.07833004,80.27555847,31784,31794,10
13.07794952,80.27622223,31794,31804,10
13.07703972,80.27628326,31804,31814,10
13.07619953,80.27632904,31814,31825,11
13.07514,80.27635956,31825,31835,10
13.07404995,80.27644348,31835,31845,10
13.07324028,80.27610779,31845,31855,10
13.07201958,80.27478027,31855,31895,40
13.07201958,80.27478027,31895,31905,10
13.07194042,80.27468872,31905,31916,11
13.07176018,80.27459717,31916,31925,9
13.07087994,80.2743988,31925,31946,21
13.07087994,80.2743988,31946,31956,10
13.07069969,80.27420044,31956,31966,10
13.07046032,80.27371216,31966,31976,10
13.07007027,80.27316284,31976,31986,10
13.06954002,80.27258301,31986,31996,10
13.06900978,80.27205658,31996,32027,31
13.06900978,80.27205658,32027,32037,10
13.06888008,80.27201843,32037,32047,10
13.06844997,80.27191925,32047,32057,10
13.06812954,80.27155304,32057,32067,10
13.0678196,80.27108002,32067,32077,10
13.06739044,80.27059937,32077,32087,10
13.06682968,80.27008057,32087,32097,10
13.0665102,80.2696228,32097,32108,11
13.06641006,80.26902008,32108,32118,10
13.06624985,80.26837921,32118,32128,10
13.06581974,80.26789856,32128,32138,10
13.06536007,80.2677002,32138,32158,20
13.06536007,80.2677002,32158,32168,10
13.06523991,80.26763916,32168,32178,10
13.06486034,80.26754761,32178,32188,10
13.06433964,80.26746368,32188,32199,11
13.06371975,80.26735687,32199,32209,10
13.06287003,80.26724243,32209,32219,10
13.06229973,80.26667023,32219,32229,10
13.06186008,80.26609039,32229,32239,10
13.06145,80.26557922,32239,32249,10
13.06099987,80.26519012,32249,32259,10
13.06066036,80.26534271,32259,32269,10
13.06054974,80.26535797,32269,32279,10
13.06017971,80.26551056,32279,32290,11
13.05947018,80.26557159,32290,32300,10
13.05885983,80.26538086,32300,32310,10
13.05830002,80.26525116,32310,32320,10
13.0580101,80.26454163,32320,32330,10
13.05786991,80.26358795,32330,32340,10
13.05776024,80.26255035,32340,32350,10
13.05760956,80.26159668,32350,32360,10
13.0574398,80.26081848,32360,32370,10
13.05716038,80.25984192,32370,32380,10
13.05688953,80.25891113,32380,32391,11
13.05663967,80.25801849,32391,32401,10
13.05653954,80.25750732,32401,32411,10
13.05653954,80.25749969,32411,32421,10
13.05648041,80.25726318,32421,32431,10
13.05626965,80.25656128,32431,32441,10
13.05580997,80.25588989,32441,32451,10
13.05558968,80.25556183,32451,32461,10
13.05556011,80.25550079,32461,32471,10
13.05552006,80.25540924,32471,32482,11
13.05539036,80.25520325,32482,32492,10
13.05527973,80.25505066,32492,32512,20
13.05527973,80.25505066,32512,32522,10
13.05508995,80.25475311,32522,32532,10
13.05471039,80.2542572,32532,32542,10
13.05414009,80.25350189,32542,32552,10
13.05350018,80.25261688,32552,32562,10
13.05276012,80.25161743,32562,32573,11
13.05198002,80.25061035,32573,32583,10
13.05099964,80.25006104,32583,32593,10
13.04967976,80.24981689,32593,32603,10
13.04854012,80.24965668,32603,32613,10
13.04767036,80.24900055,32613,32623,10
13.04708004,80.24864197,32623,32633,10
13.04706001,80.24864197,32633,32643,10
13.04675007,80.24859619,32643,32653,10
13.04607964,80.24851227,32653,32663,10
13.04512024,80.24817657,32663,32674,11
13.0437603,80.24794006,32674,32684,10
13.0425396,80.24767303,32684,32694,10
13.04131985,80.24741364,32694,32704,10
13.04020023,80.24719238,32704,32714,10
13.03944016,80.24700928,32714,32724,10
13.0389204,80.2468338,32724,32734,10
13.03829002,80.24674225,32734,32744,10
13.03779984,80.24669647,32744,32754,10
13.03709984,80.24656677,32754,32765,11
13.03658009,80.24639893,32765,32775,10
13.03608036,80.24627686,32775,32785,10
13.03532982,80.24610138,32785,32795,10
13.03530025,80.24607849,32795,32804,9
13.03509998,80.24591064,32804,32815,11
13.03458023,80.24533844,32815,32825,10
13.03390026,80.24453735,32825,32835,10
13.03314972,80.24365234,32835,32845,10
13.03232002,80.24250031,32845,32856,11
13.03178024,80.24157715,32856,32866,10
13.03112984,80.24019623,32866,32967,101
13.03112984,80.24019623,32967,32977,10
13.03108978,80.24006653,32977,32987,10
13.03085041,80.2395401,32987,32997,10
13.03038025,80.23870087,32997,33007,10
13.02978039,80.23763275,33007,33017,10
13.0291996,80.23687744,33017,33027,10
13.02908993,80.23677826,33027,33037,10
13.02867031,80.2363205,33037,33048,11
13.02795982,80.23548889,33048,33058,10
13.02731037,80.23438263,33058,33068,10
13.02667046,80.23329926,33068,33078,10
13.02620983,80.23232269,33078,33088,10
13.02598,80.23162079,33088,33098,10
13.02579975,80.23088837,33098,33108,10
13.02525997,80.22988129,33108,33118,10
13.02464008,80.22904205,33118,33128,10
13.0241003,80.22841644,33128,33138,10
13.02346039,80.22769928,33138,33159,21
13.02346039,80.22769928,33159,33169,10
13.02318954,80.22740936,33169,33179,10
13.02266026,80.22692108,33179,33189,10
13.0219202,80.22625732,33189,33199,10
13.02112007,80.2256012,33199,33209,10
13.02048969,80.22516632,33209,33219,10
13.01992035,80.22476959,33219,33230,11
13.01908016,80.22450256,33230,33240,10
13.01805019,80.22483826,33240,33250,10
13.01714039,80.22519684,33250,33260,10
13.01669025,80.22538757,33260,33270,10
13.01632023,80.22551727,33270,33280,10
13.01568031,80.2257309,33280,33290,10
13.01504993,80.22598267,33290,33300,10
13.01443958,80.22618103,33300,33310,10
13.01408005,80.22637939,33310,33320,10
13.01397991,80.22640991,33320,33331,11
13.01340961,80.22662354,33331,33341,10
13.01264,80.22689819,33341,33351,10
13.01185036,80.22721863,33351,33361,10
13.01101971,80.22756958,33361,33371,10
13.01008987,80.22795105,33371,33381,10
13.00926018,80.2283783,33381,33391,10
13.00905037,80.22917938,33391,33401,10
13.00885963,80.23026276,33401,33411,10
13.00868034,80.23121643,33411,33422,11
13.00846004,80.23242188,33422,33432,10
13.00829029,80.23336792,33432,33472,40
13.00829029,80.23336792,33472,33482,10
13.00815964,80.23374939,33482,33492,10
13.00804043,80.23435211,33492,33502,10
13.00786018,80.23531342,33502,33513,11
13.00761986,80.23651123,33513,33523,10
13.0074501,80.23745728,33523,33533,10
13.00730038,80.2382431,33533,33543,10
13.00720024,80.23882294,33543,33553,10
13.00702953,80.23963928,33553,33593,40
13.00702953,80.23963928,33593,33604,11
13.00693035,80.2399826,33604,33614,10
13.00683975,80.24067688,33614,33624,10
13.00679016,80.24118042,33624,33634,10
13.00679016,80.24136353,33634,33644,10
13.00675964,80.24181366,33644,33654,10
13.00675011,80.24266052,33654,33664,10
13.00671959,80.24324036,33664,33674,10
13.00669003,80.24401855,33674,33684,10
13.00669003,80.24497986,33684,33694,10
13.00671005,80.24571228,33694,33705,11
13.00673962,80.24655914,33705,33715,10
13.00656986,80.24725342,33715,33725,10
13.00607967,80.24733734,33725,33735,10
13.00594997,80.24736023,33735,33745,10
13.00590038,80.24736023,33745,33755,10
13.00553989,80.24732208,33755,33765,10
13.00481033,80.24736023,33765,33775,10
13.00382042,80.24749756,33775,33785,10
13.00263977,80.24770355,33785,33796,11
13.00129986,80.24801636,33796,33806,10
12.99993038,80.24836731,33806,33816,10
12.99868011,80.248703,33816,33826,10
12.99814987,80.24886322,33826,33836,10
12.99816036,80.24886322,33836,33846,10
12.9980402,80.24887848,33846,33856,10
12.99748039,80.24900055,33856,33866,10
12.9965601,80.2492218,33866,33876,10
12.99540997,80.24951935,33876,33887,11
12.99403,80.24990082,33887,33897,10
12.99265957,80.25021362,33897,33907,10
12.99139023,80.25054932,33907,33917,10
12.99106026,80.25064087,33917,33927,10
12.99104023,80.25063324,33927,33937,10
12.99061966,80.25071716,33937,33947,10
12.98976994,80.25093079,33947,33957,10
12.98832989,80.25134277,33957,34008,51
12.98832989,80.25134277,34008,34018,10
12.98814011,80.25138855,34018,34028,10
12.98771,80.2514801,34028,34038,10
12.98700047,80.25167084,34038,34048,10
12.98626995,80.25184631,34048,34061,13
12.9849596,80.25215912,34061,34071,10
12.98367023,80.25251007,34071,34081,10
12.98246002,80.25263977,34081,34091,10
12.98147964,80.25266266,34091,34101,10
12.9802103,80.25273895,34101,34121,20
12.9802103,80.25273895,34121,34130,9
12.97999001,80.25269318,34130,34141,11
12.97937965,80.25267029,34141,34151,10
12.97877026,80.25260162,34151,34161,10
12.97865009,80.25256348,34161,34172,11
12.97811985,80.25219727,34172,34182,10
12.97739029,80.25157166,34182,34192,10
12.97624969,80.25112915,34192,34202,10
12.97513962,80.25080109,34202,34212,10
12.97395992,80.25047302,34212,34222,10
12.97274017,80.25013733,34222,34232,10
12.97144032,80.24981689,34232,34242,10
12.97004986,80.24936676,34242,34252,10
12.96870995,80.2488327,34252,34262,10
12.96749973,80.24835968,34262,34279,17
12.96592045,80.24762726,34279,34291,12
12.96502972,80.24732971,34291,34301,10
12.96502972,80.24732208,34301,34311,10
12.9647398,80.24720001,34311,34320,9
12.96387959,80.24685669,34320,34383,63
12.96387959,80.24685669,34383,34393,10
12.96376991,80.24684906,34393,34403,10
12.96354008,80.24675751,34403,34413,10
12.96296024,80.24640656,34413,34423,10
12.96197987,80.24594879,34423,34433,10
12.96078014,80.24536896,34433,34443,10
12.95969009,80.24492645,34443,34454,11
12.95940018,80.24484253,34454,34464,10
12.95911026,80.24474335,34464,34474,10
12.95843983,80.24440765,34474,34484,10
12.95769978,80.24411011,34484,34494,10
12.95693016,80.24373627,34494,34504,10
12.95646954,80.24355316,34504,34514,10
12.95610046,80.24342346,34514,34524,10
12.95526028,80.24305725,34524,34534,10
12.9542799,80.24266052,34534,34545,11
12.95349979,80.24233246,34545,34555,10
12.95261955,80.24198914,34555,34564,9
12.95184994,80.24172974,34564,34575,11
12.95168018,80.24167633,34575,34585,10
12.95125008,80.24150848,34585,34595,10
12.95042992,80.24124146,34595,34605,10
12.94937038,80.24092102,34605,34615,10
12.94836998,80.24050903,34615,34625,10
12.94727039,80.24006653,34625,34636,11
12.94696045,80.2399826,34636,34646,10
12.94676018,80.23992157,34646,34656,10
12.94614983,80.23969269,34656,34666,10
12.94548035,80.23928833,34666,34676,10
12.94468021,80.23854065,34676,34686,10
12.94379044,80.2375412,34686,34696,10
12.94274998,80.23667908,34696,34706,10
12.94130993,80.23619843,34706,34716,10
12.94009972,80.23590088,34716,34726,10
12.93970966,80.23576355,34726,34736,10
12.9396801,80.23573303,34736,34747,11
12.93931961,80.23545837,34747,34757,10
12.93850994,80.23509979,34757,34767,10
12.93729973,80.23454285,34767,34777,10
12.93581963,80.23384857,34777,34797,20
12.93581963,80.23384857,34797,34807,10
12.93566036,80.23377228,34807,34817,10
12.93513012,80.23348236,34817,34828,11
12.93385029,80.23296356,34828,34848,20
12.93385029,80.23296356,34848,34858,10
12.93369961,80.23287964,34858,34868,10
12.93317986,80.23264313,34868,34878,10
12.93227959,80.23226929,34878,34888,10
12.93105984,80.23188019,34888,34898,10
12.92975044,80.23155975,34898,34908,10
12.92868996,80.2313385,34908,34919,11
12.92737961,80.23114014,34919,34929,10
12.92632008,80.23101807,34929,34939,10
12.92601013,80.23100281,34939,34949,10
12.92576027,80.2309494,34949,34959,10
12.92510033,80.23085785,34959,34969,10
12.92409992,80.23074341,34969,34979,10
12.92284012,80.2305603,34979,34989,10
12.92134953,80.23033905,34989,34999,10
12.91967964,80.23014069,34999,35010,11
12.91804028,80.2299118,35010,35020,10
12.91672993,80.2297287,35020,35030,10
12.91543961,80.22956085,35030,35040,10
12.91415977,80.22939301,35040,35050,10
12.91326046,80.22930145,35050,35060,10
12.91322041,80.22928619,35060,35070,10
12.91316032,80.22924805,35070,35080,10
12.91267967,80.22915649,35080,35090,10
12.91174984,80.22901917,35090,35100,10
12.91057014,80.22884369,35100,35111,11
12.90902042,80.22859192,35111,35121,10
12.90752029,80.2283783,35121,35131,10
12.90676975,80.22831726,35131,35222,91
12.90676975,80.22831726,35222,35232,10
12.90655994,80.22823334,35232,35242,10
12.9059,80.22818756,35242,35252,10
12.90485954,80.22814178,35252,35262,10
12.90357971,80.22808838,35262,35272,10
12.90233994,80.22802734,35272,35282,10
12.9012804,80.22799683,35282,35323,41
12.9012804,80.22799683,35323,35333,10
12.90102005,80.22799683,35333,35343,10
12.90058041,80.22792053,35343,35353,10
12.89984989,80.22786713,35353,35363,10
12.89933968,80.22788239,35363,35373,10
12.89920044,80.22786713,35373,35384,11
12.89912033,80.22788239,35384,35394,10
12.89865017,80.22786713,35394,35404,10
12.89778996,80.22775269,35404,35414,10
12.89667988,80.22769165,35414,35424,10
12.8955698,80.22763824,35424,35434,10
12.89441013,80.2276001,35434,35444,10
12.89326,80.22750092,35444,35454,10
12.89284992,80.22746277,35454,35464,10
12.89245987,80.22741699,35464,35474,10
12.89173985,80.22736359,35474,35485,11
12.89054966,80.22736359,35485,35501,16
12.88854027,80.2273407,35501,35514,13
12.8871603,80.22720337,35514,35524,10
12.88595009,80.22692108,35524,35534,10
12.8849802,80.22675323,35534,35544,10
12.88391018,80.22657776,35544,35554,10
12.88323021,80.22647858,35554,35564,10
12.88348007,80.22669983,35564,35576,12
12.88218021,80.22673798,35576,35586,10
12.88092995,80.22673798,35586,35596,10
12.87977982,80.22675323,35596,35606,10
12.87852001,80.22679901,35606,35616,10
12.87677956,80.22693634,35616,35636,20
12.87677956,80.22693634,35636,35646,10
12.87629986,80.22696686,35646,35656,10
12.87543964,80.2269516,35656,35667,11
12.87417984,80.22680664,35667,35677,10
12.87312031,80.22672272,35677,35687,10
12.87289047,80.22673035,35687,35697,10
12.87283993,80.22672272,35697,35707,10
12.87232971,80.22669983,35707,35717,10
12.87139988,80.22667694,35717,35727,10
12.87016964,80.22659302,35727,35737,10
12.86868954,80.22640991,35737,35747,10
12.86717987,80.22650146,35747,35758,11
12.86575031,80.22659302,35758,35768,10
12.86427021,80.22657776,35768,35778,10
12.86271954,80.22654724,35778,35788,10
12.86137009,80.22662354,35788,35798,10
12.86106014,80.22663116,35798,35808,10
12.86091995,80.22662354,35808,35818,10
12.86028004,80.22653961,35818,35828,10
12.85925961,80.22637939,35828,35838,10
12.85791969,80.22625732,35838,35848,10
12.85636044,80.22637939,35848,35859,11
12.85449028,80.22657013,35859,35869,10
12.85270023,80.22669983,35869,35879,10
12.85095978,80.22662354,35879,35889,10
12.84941006,80.22660065,35889,35899,10
12.84780025,80.22657776,35899,35909,10
12.84638023,80.22660065,35909,35919,10
12.84564018,80.22663116,35919,35936,17
12.84514999,80.22660065,35936,35948,12
12.84471989,80.22660828,35948,35958,10
12.84350967,80.22679901,35958,35967,9
12.84232044,80.22702026,35967,35978,11
12.84070015,80.22743225,35978,35988,10
12.84008026,80.22766113,35988,35998,10
12.83969975,80.22779846,35998,36008,10
12.83944035,80.22783661,36008,36018,10
12.83864021,80.2279892,36018,36028,10
12.83749962,80.22824097,36028,36039,11
12.83590031,80.22846222,36039,36049,10
12.83452034,80.2286911,36049,36059,10
12.83312035,80.2289505,36059,36068,9
12.83236027,80.22913361,36068,36079,11
12.8322897,80.22913361,36079,36089,10
12.83203983,80.22915649,36089,36099,10
12.83131981,80.22937012,36099,36109,10
12.83020973,80.2297287,36109,36119,10
12.82888985,80.23030853,36119,36129,10
12.8275404,80.23104095,36129,36140,11
12.82610035,80.23137665,36140,36150,10
12.82466984,80.23136902,36150,36160,10
12.82326984,80.23098755,36160,36170,10
12.82180023,80.2305603,36170,36180,10
12.82022953,80.23047638,36180,36190,10
12.81914043,80.23049927,36190,36200,10
12.81892014,80.2305069,36200,36210,10
12.81853008,80.23034668,36210,36220,10
12.81776047,80.22998047,36220,36231,11
12.81692982,80.22966003,36231,36241,10
12.81575012,80.22943878,36241,36251,10
12.81441975,80.2292099,36251,36261,10
12.81303978,80.22882843,36261,36271,10
12.81165028,80.22834015,36271,36281,10
12.81021023,80.22779846,36281,36291,10
12.80891991,80.2270813,36291,36301,10
12.80770016,80.22608185,36301,36311,10
12.80683041,80.22532654,36311,36322,11
12.80603027,80.22458649,36322,36332,10
12.80523968,80.22408295,36332,36342,10
12.80498981,80.22402191,36342,36352,10
12.80475044,80.22398376,36352,36362,10
12.80401993,80.22392273,36362,36372,10
12.80309963,80.22383118,36372,36382,10
12.80206966,80.22370148,36382,36392,10
12.80105972,80.22363281,36392,36402,10
12.80097961,80.22361755,36402,36413,11
12.80064964,80.22358704,36413,36423,10
12.79986,80.22353363,36423,36433,10
12.79883003,80.22350311,36433,36443,10
12.79720974,80.2232132,36443,36453,10
12.79603004,80.22297668,36453,36463,10
12.79584026,80.2229538,36463,36473,10
12.79570007,80.22292328,36473,36483,10
12.79502964,80.22277832,36483,36493,10
12.79397964,80.22261047,36493,36504,11
12.79251003,80.2223587,36504,36514,10
12.79104042,80.22200012,36514,36524,10
12.78983974,80.22171021,36524,36534,10
12.78915977,80.22148132,36534,36544,10
12.78826046,80.221138,36544,36564,20
12.78826046,80.221138,36564,36574,10
12.78802013,80.22104645,36574,36595,21
12.78802013,80.22104645,36595,36605,10
12.78798008,80.22103882,36605,36615,10
12.78767967,80.22091675,36615,36625,10
12.78752995,80.22086334,36625,36645,20
12.78752995,80.22086334,36645,36655,10
12.78734016,80.22075653,36655,36665,10
12.78717995,80.22070313,36665,36675,10
12.78695965,80.22061157,36675,36685,10
12.78668976,80.22057343,36685,36696,11
12.78701019,80.22068024,36696,36706,10
12.78711987,80.22071838,36706,36716,10
12.78695965,80.2206192,36716,36726,10
12.78660011,80.2204895,36726,36736,10
12.78623962,80.22038269,36736,36746,10
12.78616047,80.22057343,36746,36756,10
12.78616047,80.22096252,36756,36766,10
12.78616047,80.22129059,36766,36776,10
12.78623962,80.22164154,36776,36787,11
12.78621006,80.22199249,36787,37942,1155
12.78621006,80.22199249,37942,37952,10
12.7862196,80.22176361,37952,37962,10
12.78619957,80.22151947,37962,37972,10
12.78614044,80.22129059,37972,37982,10
12.78617001,80.22113037,37982,37993,11
12.78614044,80.22080231,37993,38003,10
12.78614998,80.22057343,38003,38013,10
12.78614998,80.22052002,38013,38023,10
12.78614044,80.22042084,38023,38033,10
12.7862196,80.2203064,38033,38043,10
12.78637981,80.2203598,38043,38053,10
12.78647041,80.22039795,38053,38063,10
12.78668976,80.2204895,38063,38083,20
12.78668976,80.2204895,38083,38094,11
12.78703022,80.22064209,38094,38104,10
12.78750038,80.22080994,38104,38114,10
12.78798008,80.22099304,38114,38124,10
12.78862953,80.22126007,38124,38134,10
12.78944016,80.22154999,38134,38144,10
12.79020023,80.22177887,38144,38154,10
12.7912302,80.22203827,38154,38164,10
12.79242992,80.22232056,38164,38174,10
12.79362011,80.22250366,38174,38185,11
12.7947197,80.22264862,38185,38195,10
12.79582024,80.22283936,38195,38205,10
12.7964201,80.22293854,38205,38215,10
12.79668045,80.2230072,38215,38225,10
12.79738998,80.2231369,38225,38235,10
12.79841995,80.22328949,38235,38245,10
12.79967976,80.22341156,38245,38255,10
12.8010397,80.22351074,38255,38265,10
12.80136967,80.22354126,38265,38276,11
12.80177975,80.22358704,38276,38286,10
12.80253029,80.22367859,38286,38296,10
12.80333042,80.22379303,38296,38306,10
12.8043499,80.22386932,38306,38316,10
12.80523968,80.22400665,38316,38326,10
12.80552006,80.22409821,38326,38336,10
12.80583954,80.22431946,38336,38346,10
12.80650043,80.22490692,38346,38356,10
12.80725956,80.22557831,38356,38366,10
12.80817986,80.22637939,38366,38377,11
12.80937958,80.22731781,38377,38387,10
12.81066036,80.22789764,38387,38397,10
12.81204987,80.22841644,38397,38407,10
12.8134203,80.22888947,38407,38417,10
12.81482029,80.22923279,38417,38427,10
12.81624985,80.22943115,38427,38437,10
12.8176403,80.22982788,38437,38447,10
12.81978035,80.23040771,38447,38478,31
12.81978035,80.23040771,38478,38488,10
12.81997013,80.23040009,38488,38498,10
12.82042027,80.23040009,38498,38508,10
12.82120037,80.23040771,38508,38518,10
12.82229996,80.23061371,38518,38528,10
12.82363987,80.23101044,38528,38538,10
12.82495975,80.23130798,38538,38548,10
12.82639027,80.23127747,38548,38559,11
12.82785988,80.23078156,38559,38569,10
12.82917976,80.23008728,38569,38579,10
12.83045006,80.22956848,38579,38589,10
12.83104038,80.2293396,38589,38599,10
12.83113956,80.22930145,38599,38609,10
12.83146,80.22920227,38609,38619,10
12.8322401,80.22902679,38619,38629,10
12.83333015,80.22882843,38629,38639,10
12.83463955,80.22857666,38639,38649,10
12.83600044,80.2283783,38649,38660,11
12.83747005,80.22815704,38660,38670,10
12.83868027,80.22789001,38670,38680,10
12.83946037,80.22763824,38680,38720,40
12.83946037,80.22763824,38720,38730,10
12.83967972,80.22759247,38730,38740,10
12.84033012,80.22741699,38740,38751,11
12.8414402,80.22711945,38751,38761,10
12.84255981,80.22686768,38761,38771,10
12.84409046,80.22662354,38771,38781,10
12.84514046,80.22653961,38781,38791,10
12.84547997,80.22650146,38791,38801,10
12.84547997,80.22650909,38801,38811,10
12.84570026,80.22651672,38811,38821,10
12.84640026,80.22650146,38821,38831,10
12.84745979,80.22648621,38831,38842,11
12.84885979,80.22647858,38842,38852,10
12.85021019,80.22647858,38852,38862,10
12.85165024,80.22653961,38862,38872,10
12.85313034,80.22659302,38872,38882,10
12.85464001,80.22646332,38882,38892,10
12.85612011,80.22631073,38892,38902,10
12.8573103,80.22618866,38902,38912,10
12.85822964,80.22614288,38912,38922,10
12.85918045,80.22624207,38922,38932,10
12.86038971,80.22640991,38932,38943,11
12.86083984,80.22644806,38943,38953,10
12.86118031,80.22650146,38953,38963,10
12.86201954,80.22648621,38963,38973,10
12.86316013,80.22644043,38973,38983,10
12.86460018,80.22648621,38983,38993,10
12.86610031,80.22650146,38993,39003,10
12.86750984,80.22637939,39003,39013,10
12.86872959,80.22633362,39013,39023,10
12.87012959,80.22647095,39023,39034,11
12.8714304,80.22657013,39034,39044,10
12.87255955,80.22657776,39044,39054,10
12.87279034,80.22657776,39054,39064,10
12.87294006,80.22660065,39064,39074,10
12.87355995,80.22662354,39074,39084,10
12.87456036,80.22673035,39084,39094,10
12.87576008,80.22686005,39094,39104,10
12.87642002,80.22685242,39104,39114,10
12.8767004,80.2268219,39114,39125,11
12.87685013,80.2268219,39125,39135,10
12.87734032,80.22679138,39135,39145,10
12.87817001,80.22672272,39145,39155,10
12.87928009,80.22664642,39155,39165,10
12.88059044,80.22663879,39165,39175,10
12.88204002,80.22663116,39175,39185,10
12.88346004,80.22662354,39185,39195,10
12.88473988,80.22660065,39195,39205,10
12.88521957,80.22662354,39205,39216,11
12.88533974,80.22663879,39216,39226,10
12.88593006,80.22679138,39226,39236,10
12.88687992,80.22704315,39236,39246,10
12.88813019,80.22722626,39246,39256,10
12.88955975,80.22727203,39256,39266,10
12.89089966,80.22727203,39266,39276,10
12.89229965,80.22730255,39276,39286,10
12.89356041,80.22743225,39286,39296,10
12.89465046,80.22754669,39296,39306,10
12.89548016,80.22759247,39306,39317,11
12.89587975,80.2276001,39317,39327,10
12.89649963,80.22763062,39327,39337,10
12.89748001,80.22767639,39337,39347,10
12.89865971,80.22775269,39347,39357,10
12.89960003,80.22779083,39357,39367,10
12.90056992,80.2277832,39367,39387,20
12.90056992,80.2277832,39387,39397,10
12.9008503,80.22779846,39397,39408,11
12.9014101,80.22786713,39408,39418,10
12.90229988,80.22789764,39418,39428,10
12.90285969,80.22789764,39428,39438,10
12.90287018,80.22789764,39438,39448,10
12.90299988,80.22789001,39448,39458,10
12.90344048,80.22792816,39458,39468,10
12.90410042,80.2279892,39468,39478,10
12.90511036,80.22805786,39478,39488,10
12.90612984,80.22811127,39488,39499,11
12.90697002,80.2281723,39499,39509,10
12.90705013,80.22821045,39509,39519,10
12.90748024,80.22827911,39519,39529,10
12.90830994,80.2284317,39529,39539,10
12.90950012,80.22860718,39539,39549,10
12.91079998,80.2288208,39549,39559,10
12.91215992,80.22901917,39559,39569,10
12.91326046,80.22917175,39569,39579,10
12.91376019,80.22921753,39579,39589,10
12.91388035,80.22924042,39589,39606,17
12.91460037,80.22933197,39606,39618,12
12.91582966,80.22950745,39618,39628,10
12.91691017,80.22966766,39628,39638,10
12.91781044,80.22981262,39638,39648,10
12.91899967,80.22995758,39648,39658,10
12.92035007,80.23014069,39658,39668,10
12.92181969,80.23032379,39668,39678,10
12.92337036,80.2305603,39678,39689,11
12.92498016,80.23075867,39689,39698,9
12.92593002,80.2308197,39698,39709,11
12.92615986,80.23085785,39709,39719,10
12.92679977,80.23095703,39719,39729,10
12.92774963,80.23108673,39729,39739,10
12.92860031,80.23119354,39739,39749,10
12.92879009,80.23121643,39749,39759,10
12.92936039,80.2313385,39759,39769,10
12.9302702,80.23155975,39769,39780,11
12.93157005,80.23197174,39780,39790,10
12.93282986,80.23239899,39790,39800,10
12.93352032,80.23265839,39800,39810,10
12.93354034,80.23269653,39810,39820,10
12.93377972,80.23282623,39820,39830,10
12.93443012,80.23312378,39830,39840,10
12.93529987,80.23348236,39840,39850,10
12.93568993,80.23368073,39850,39860,10
12.9363203,80.23397827,39860,39871,11
12.93733025,80.23442078,39871,39880,9
12.93838978,80.23497772,39880,39891,11
12.93943977,80.23548889,39891,39901,10
12.9395504,80.23554993,39901,39911,10
12.93982983,80.23571777,39911,39921,10
12.94062996,80.23597717,39921,39931,10
12.94159031,80.23618317,39931,39941,10
12.94272041,80.23654175,39941,39951,10
12.94361973,80.2372818,39951,39961,10
12.94431973,80.23808289,39961,39972,11
12.94526005,80.23905945,39972,39982,10
12.94707966,80.23986053,39982,40002,20
12.94707966,80.23986053,40002,40012,10
12.94738007,80.24002075,40012,40022,10
12.94810009,80.2403183,40022,40032,10
12.94863987,80.24056244,40032,40052,20
12.94863987,80.24056244,40052,40063,11
12.94869995,80.24062347,40063,40073,10
12.94917965,80.24079132,40073,40083,10
12.95007038,80.24104309,40083,40093,10
12.95096016,80.24127197,40093,40103,10
12.95114994,80.24133301,40103,40113,10
12.95151997,80.24149323,40113,40123,10
12.95228958,80.24176788,40123,40133,10
12.95331001,80.24215698,40133,40143,10
12.95433998,80.2425766,40143,40154,11
12.95526981,80.24294281,40154,40164,10
12.95631027,80.24330902,40164,40204,40
12.95631027,80.24330902,40204,40214,10
12.95658016,80.24339294,40214,40224,10
12.95720005,80.24369812,40224,40234,10
12.95808983,80.24411011,40234,40245,11
12.95911026,80.24445343,40245,40255,10
12.95913982,80.24443817,40255,40265,10
12.95903969,80.24442291,40265,40275,10
12.95967007,80.24476624,40275,40285,10
12.96051025,80.24517059,40285,40295,10
12.96158028,80.24568176,40295,40305,10
12.96271992,80.24624634,40305,40315,10
12.96354961,80.24665833,40315,40325,10
12.96428013,80.24693298,40325,40336,11
12.96533012,80.24729156,40336,40346,10
12.96625042,80.24761963,40346,40356,10
12.96683979,80.24787903,40356,40366,10
12.96706009,80.24803925,40366,40386,20
12.96706009,80.24803925,40386,40396,10
12.96708012,80.24807739,40396,40406,10
12.96743011,80.24822235,40406,40416,10
12.96825981,80.24855042,40416,40426,10
12.96938038,80.24900055,40426,40437,11
12.97087955,80.24958801,40437,40447,10
12.97237968,80.25000763,40447,40457,10
12.97381973,80.2503891,40457,40467,10
12.97525024,80.25080872,40467,40477,10
12.97665977,80.25119781,40477,40487,10
12.97784042,80.25183105,40487,40497,10
12.97848988,80.25229645,40497,40507,10
12.97865963,80.252388,40507,40517,10
12.97951984,80.25257111,40517,40538,21
12.97951984,80.25257111,40538,40548,10
12.97957993,80.25257111,40548,40558,10
12.97996998,80.25260162,40558,40568,10
12.98054028,80.25260925,40568,40578,10
12.9812603,80.25260925,40578,40588,10
12.9822197,80.25260162,40588,40598,10
12.98334026,80.25250244,40598,40608,10
12.98449039,80.25221252,40608,40619,11
12.9856596,80.25187683,40619,40629,10
12.98680019,80.2516098,40629,40639,10
12.98775959,80.25131989,40639,40648,9
12.98861027,80.25110626,40648,40659,11
12.9895401,80.25084686,40659,40669,10
12.98970985,80.25083923,40669,40679,10
12.99020004,80.25074005,40679,40689,10
12.99106979,80.2505188,40689,40699,10
12.99221039,80.25022888,40699,40710,11
12.99368954,80.24986267,40710,40720,10
12.99495983,80.24952698,40720,40730,10
12.99610996,80.2492218,40730,40740,10
12.99666023,80.24906158,40740,40750,10
12.9968996,80.24902344,40750,40760,10
12.99761009,80.24886322,40760,40770,10
12.99864006,80.24859619,40770,40780,10
12.99995995,80.24826813,40780,40790,10
13.00142002,80.24790192,40790,40800,10
13.00273037,80.24759674,40800,40811,11
13.00415039,80.24738312,40811,40821,10
13.00537968,80.24717712,40821,40830,9
13.00613022,80.24690247,40830,40841,11
13.00648975,80.2463913,40841,40851,10
13.0065403,80.2462616,40851,40861,10
13.00658035,80.24562073,40861,40871,10
13.00660038,80.24488068,40871,40881,10
13.00658035,80.2440033,40881,40891,10
13.00656033,80.24299622,40891,40902,11
13.00656033,80.24189758,40902,40912,10
13.00660038,80.24093628,40912,40922,10
13.00666046,80.24060059,40922,40942,20
13.00666046,80.24060059,40942,40952,10
13.00666046,80.24051666,40952,40962,10
13.00675011,80.2401886,40962,40972,10
13.0068903,80.23960876,40972,40982,10
13.00706959,80.23867035,40982,40993,11
13.00726032,80.23767853,40993,41003,10
13.00737,80.23710632,41003,41023,20
13.00737,80.23710632,41023,41033,10
13.00737953,80.23680115,41033,41043,10
13.00743008,80.23664856,41043,41053,10
13.00755024,80.23622131,41053,41063,10
13.00772953,80.23538971,41063,41073,10
13.00788021,80.23464203,41073,41084,11
13.00807953,80.2335968,41084,41094,10
13.00829983,80.2324295,41094,41104,10
13.00852013,80.23133087,41104,41114,10
13.00874996,80.2301178,41114,41124,10
13.00897026,80.22901154,41124,41134,10
13.00922012,80.22798157,41134,41144,10
13.00967979,80.22692871,41144,41154,10
13.01021004,80.22583771,41154,41164,10
13.0106802,80.22490692,41164,41174,10
13.01105976,80.22405243,41174,41185,11
13.01136971,80.2233963,41185,41195,10
13.01167011,80.22264099,41195,41205,10
13.01196957,80.22177887,41205,41215,10
13.01233959,80.2215271,41215,41225,10
13.01266956,80.22202301,41225,41235,10
13.01325035,80.22271729,41235,41245,10
13.01385975,80.22332001,41245,41255,10
13.01424026,80.22380829,41255,41265,10
13.01469994,80.22429657,41265,41276,11
13.01525974,80.22483826,41276,41296,20
13.01525974,80.22483826,41296,41306,10
13.01550007,80.22498322,41306,41316,10
13.01570988,80.22518158,41316,41326,10
13.01632977,80.22531891,41326,41336,10
13.01712036,80.22505951,41336,41346,10
13.01801014,80.22470856,41346,41357,11
13.01887989,80.22440338,41357,41368,11
13.01947975,80.22441101,41368,41378,10
13.01949978,80.22441864,41378,41388,10
13.0197401,80.22454834,41388,41397,9
13.02015018,80.22483826,41397,41408,11
13.02071953,80.22525787,41408,41418,10
13.02132988,80.22570038,41418,41428,10
13.0219698,80.22618103,41428,41438,10
13.02241993,80.22653961,41438,41447,9
13.02254009,80.2265625,41447,41459,12
13.02256012,80.22660828,41459,41469,10
13.02293015,80.22695923,41469,41478,9
13.02348042,80.2274704,41478,41489,11
13.02394962,80.22792816,41489,41499,10
13.02423,80.22827911,41499,41509,10
13.02462006,80.22884369,41509,41519,10
13.02488995,80.22921753,41519,41529,10
13.02530003,80.22976685,41529,41539,10
13.02563,80.23027802,41539,41550,11
13.02573967,80.23049164,41550,41580,30
13.02573967,80.23049164,41580,41590,10
13.02581978,80.23078918,41590,41600,10
13.02598953,80.23117065,41600,41610,10
13.02612019,80.23161316,41610,41620,10
13.02635956,80.23242188,41620,41630,10
13.02672005,80.23325348,41630,41640,10
13.02729988,80.23426819,41640,41651,11
13.02807045,80.2355423,41651,41661,10
13.02877998,80.2363205,41661,41671,10
13.02931023,80.23686218,41671,41681,10
13.02950001,80.23713684,41681,41691,10
13.02958965,80.23731995,41691,41701,10
13.02993011,80.23782349,41701,41711,10
13.0304203,80.23860931,41711,41721,10
13.03067017,80.2389679,41721,41731,10
13.03083992,80.23925781,41731,41742,11
13.03102016,80.23957825,41742,41758,16
13.03116035,80.23986053,41758,41770,12
13.03139973,80.24030304,41770,41780,10
13.03143978,80.24082184,41780,41789,9
13.03155994,80.24108124,41789,41800,11
13.03184032,80.24163818,41800,41810,10
13.03219986,80.24224091,41810,41820,10
13.03277969,80.24295807,41820,41831,11
13.03349972,80.24389648,41831,41841,10
13.03405952,80.24468231,41841,41851,10
13.03458023,80.24536133,41851,41861,10
13.03509045,80.24591827,41861,41871,10
13.03559971,80.24607849,41871,41891,20
13.03559971,80.24607849,41891,41901,10
13.03563023,80.24606323,41901,41911,10
13.03590965,80.24629211,41911,41921,10
13.03672028,80.24646759,41921,41932,11
13.03750992,80.24640656,41932,41942,10
13.03826046,80.24658966,41942,41952,10
13.03882027,80.24677277,41952,41982,30
13.03882027,80.24677277,41982,41992,10
13.03886032,80.24684143,41992,42002,10
13.03909016,80.24688721,42002,42012,10
13.03954983,80.2469635,42012,42023,11
13.04014015,80.24706268,42023,42033,10
13.04090023,80.24717712,42033,42043,10
13.04176998,80.24733734,42043,42053,10
13.04240036,80.24745941,42053,42063,10
13.04281998,80.24758148,42063,42073,10
13.04314041,80.24775696,42073,42093,20
13.04314041,80.24775696,42093,42103,10
13.04341984,80.24787903,42103,42114,11
13.04378033,80.24784851,42114,42124,10
13.0443697,80.2478714,42124,42134,10
13.04500961,80.24807739,42134,42144,10
13.04570007,80.24836731,42144,42154,10
13.0469799,80.24839783,42154,42174,20
13.0469799,80.24839783,42174,42184,10
13.04708004,80.24845123,42184,42194,10
13.04751968,80.24874115,42194,42205,11
13.04804039,80.24931335,42205,42215,10
13.04860973,80.24965668,42215,42231,16
13.05012035,80.24987793,42231,42243,12
13.05150032,80.25025177,42243,42253,10
13.05228043,80.25095367,42253,42263,10
13.0529604,80.25186157,42263,42273,10
13.05358028,80.25267029,42273,42283,10
13.05401993,80.25328827,42283,42293,10
13.05449009,80.25392151,42293,42304,11
13.05482006,80.25435638,42304,42314,10
13.05508041,80.25469971,42314,42324,10
13.05543995,80.25518799,42324,42334,10
13.05578041,80.25567627,42334,42344,10
13.05597973,80.25592804,42344,42354,10
13.05622005,80.25624084,42354,42372,18
13.05677986,80.25682068,42372,42384,12
13.05745983,80.25740051,42384,42394,10
13.05780983,80.25775909,42394,42405,11
13.05821037,80.25830078,42405,42415,10
13.05862045,80.25875854,42415,42425,10
13.05898952,80.25920868,42425,42435,10
13.05924988,80.25971222,42435,42445,10
13.05959988,80.26006317,42445,42455,10
13.0598402,80.26023865,42455,42465,10
13.06000042,80.26040649,42465,42475,10
13.0604496,80.2609024,42475,42485,10
13.06072044,80.26122284,42485,42496,11
13.06072044,80.26127625,42496,42506,10
13.06095028,80.26165009,42506,42516,10
13.06142044,80.26213837,42516,42526,10
13.06175995,80.26258087,42526,42536,10
13.06231022,80.263237,42536,42546,10
13.06285954,80.26390076,42546,42556,10
13.0634203,80.2646637,42556,42566,10
13.06383038,80.26529694,42566,42577,11
13.06404972,80.26563263,42577,42587,10
13.06451035,80.26615906,42587,42597,10
13.06474018,80.26644897,42597,42607,10
13.06488037,80.26667023,42607,42617,10
13.0652504,80.26698303,42617,42627,10
13.06567001,80.26734161,42627,42637,10
13.06571007,80.26741791,42637,42647,10
13.06601048,80.2678833,42647,42657,10
13.06630993,80.26828766,42657,42678,21
13.06630993,80.26828766,42678,42688,10
13.06643963,80.26837158,42688,42698,10
13.06678963,80.26850891,42698,42708,10
13.06739044,80.26888275,42708,42718,10
13.06803989,80.26928711,42718,42728,10
13.06822968,80.26956177,42728,42738,10
13.06812954,80.27037811,42738,42747,9
13.06807995,80.27108002,42747,42758,11
13.06842041,80.27165985,42758,42769,11
13.06857967,80.27181244,42769,42779,10
13.0686903,80.27185822,42779,42789,10
13.06888008,80.27191162,42789,42799,10
13.06912994,80.27200317,42799,42809,10
13.0693903,80.27232361,42809,42819,10
13.06989956,80.27288818,42819,42829,10
13.07030964,80.27337646,42829,42839,10
13.07075977,80.27391815,42839,42849,10
13.0711298,80.27409363,42849,42860,11
13.07118988,80.27410126,42860,42870,10
13.07131958,80.27410889,42870,42880,10
13.07155037,80.27422333,42880,42890,10
13.07198048,80.27459717,42890,42900,10
13.07254028,80.27520752,42900,42910,10
13.07322025,80.27593994,42910,42920,10
13.07392979,80.27635193,42920,42930,10
13.07501984,80.27629089,42930,42940,10
13.07577991,80.27623749,42940,42951,11
13.07619953,80.27623749,42951,42961,10
13.07689953,80.27619934,42961,42971,10
13.07777977,80.27610779,42971,42981,10
13.07824993,80.27554321,42981,42991,10
13.07892036,80.27510071,42991,43001,10
13.07993031,80.27526093,43001,43011,10
13.08086967,80.275177,43011,43021,10
13.0813303,80.2751236,43021,43031,10
13.08181,80.27519989,43031,43041,10
13.08201981,80.27533722,43041,43092,51
13.08201981,80.27533722,43092,43102,10
13.08207989,80.27572632,43102,43112,10
13.08187008,80.27599335,43112,43122,10
13.08183002,80.27625275,43122,43132,10
13.08187008,80.27654266,43132,43143,11
13.08191967,80.27706909,43143,43153,10
13.08201981,80.27774811,43153,43163,10
13.08238029,80.27799988,43163,43173,10
13.08292007,80.27803802,43173,43183,10
13.08325958,80.27805328,43183,43193,10
13.08341026,80.27832031,43193,43203,10
13.08349991,80.27893829,43203,43213,10
13.0829401,80.27877808,43213,43223,10
13.08218956,80.27848053,43223,43233,10
13.08195972,80.2780838,43233,43244,11
13.08189011,80.2773819,43244,43254,10
13.08180046,80.27667999,43254,43264,10
13.08160973,80.27597046,43264,43274,10
13.08150005,80.27552032,43274,43284,10
13.08141994,80.27529907,43284,43294,10
13.08100033,80.27523804,43294,43304,10
13.08008003,80.27532959,43304,43314,10
13.07944012,80.2753067,43314,43325,11
13.07861042,80.27520752,43325,43335,10
13.0781498,80.27596283,43335,43345,10
13.07742977,80.27623749,43345,43355,10
13.07656002,80.27632141,43355,43365,10
13.0759201,80.27631378,43365,43375,10
13.0759201,80.27599335,43375,43385,10
13.07610989,80.27581787,43385,43395,10
13.07608986,80.27603912,43395,43769,374
13.07608986,80.27603912,43769,43779,10
13.07625961,80.27581024,43779,45498,1719
13.07625961,80.27581024,45498,45508,10
13.0759201,80.27603149,45508,45518,10
13.0759201,80.27622223,45518,45528,10
13.07618046,80.27625275,45528,45538,10
13.07643032,80.27623749,45538,45548,10
13.07670021,80.27622223,45548,45559,11
13.0771904,80.27617645,45559,45569,10
13.07789993,80.27610779,45569,45579,10
13.07824039,80.27549744,45579,45589,10
13.07894993,80.2751236,45589,45599,10
13.07991982,80.27526855,45599,45609,10
13.08084011,80.27516174,45609,45720,111
13.08084011,80.27516174,45720,45730,10
13.08111954,80.27514648,45730,45740,10
13.08129978,80.2751236,45740,45751,11
13.08164024,80.27513885,45751,45761,10
13.08189964,80.27526093,45761,45771,10
13.08199978,80.27536774,45771,45781,10
13.0820303,80.27570343,45781,46266,485
13.0820303,80.27570343,46266,46276,10
13.08205032,80.27591705,46276,46286,10
13.08185959,80.27603912,46286,46296,10
13.08183002,80.27644348,46296,46306,10
13.08181,80.2772522,46306,46317,11
13.08183002,80.27787018,46317,46327,10
13.08230019,80.27799988,46327,46337,10
13.08302021,80.27806854,46337,46347,10
13.08329964,80.27812195,46347,46357,10
13.08347988,80.27866364,46357,46367,10
13.08335972,80.27897644,46367,46377,10
13.08248997,80.27867889,46377,46418,41
13.08248997,80.27867889,46418,46428,10
13.08244038,80.27864838,46428,46438,10
13.08209991,80.2784729,46438,46448,10
13.08191013,80.27799225,46448,46458,10
13.08181953,80.27758026,46458,46467,9
13.08176994,80.27732849,46467,46477,10
13.08172989,80.27697754,46477,46488,11
13.08170986,80.2767334,46488,46499,11
13.0815897,80.27616119,46499,46509,10
13.08146,80.27558899,46509,46529,20
13.08146,80.27558899,46529,46539,10
13.08148003,80.27549744,46539,46549,10
13.08143044,80.27529907,46549,46559,10
13.08111,80.27523041,46559,46569,10
13.08051968,80.27529907,46569,46579,10
13.07975006,80.27536774,46579,46589,10
13.07886028,80.27519989,46589,46600,11
13.07818985,80.27584076,46600,46610,10
13.07758045,80.27626038,46610,46620,10
13.07682037,80.27629089,46620,46630,10
13.07610035,80.27635193,46630,46640,10
13.0757103,80.27635956,46640,46650,10
13.07509995,80.27635956,46650,46660,10
13.07439995,80.27639771,46660,46670,10
13.0736599,80.27648163,46670,46680,10
13.07299042,80.27581787,46680,46691,11
13.07213974,80.27490997,46691,46701,10
13.07141972,80.27449036,46701,46711,10
13.07071972,80.27426147,46711,46721,10
13.07057953,80.27410126,46721,46731,10
13.07040977,80.27365112,46731,46741,10
13.07007027,80.27314758,46741,46751,10
13.06962013,80.2726593,46751,46761,10
13.06908035,80.2720871,46761,46771,10
13.06847954,80.27189636,46771,46782,11
13.0678997,80.27120209,46782,46792,10
13.06741047,80.27063751,46792,46802,10
13.06690979,80.27018738,46802,46812,10
13.06659031,80.26986694,46812,46822,10
13.06643963,80.26937103,46822,46832,10
13.06643009,80.26883698,46832,46842,10
13.06632042,80.26847839,46842,46852,10
13.06599045,80.26799774,46852,46862,10
13.06581974,80.26782227,46862,46872,10
13.06560993,80.26773834,46872,46883,11
13.06550026,80.26772308,46883,46893,10
13.06542015,80.26772308,46893,46903,10
13.06517029,80.26766968,46903,46913,10
13.06507969,80.26766205,46913,46923,10
13.0648098,80.26759338,46923,46974,51
13.0648098,80.26759338,46974,46984,10
13.06445026,80.26750183,46984,46994,10
13.06433964,80.26750183,46994,47004,10
13.06418991,80.26747894,47004,47014,10
13.06394005,80.26741791,47014,47024,10
13.06355,80.26735687,47024,47034,10
13.0634203,80.26734161,47034,47044,10
13.06313038,80.26728058,47044,47054,10
13.06278038,80.26717377,47054,47075,21
13.06278038,80.26717377,47075,47085,10
13.06245041,80.26683044,47085,47095,10
13.06233025,80.26667023,47095,47105,10
13.06223965,80.26656342,47105,47115,10
13.06206036,80.26635742,47115,47125,10
13.06159973,80.26582336,47125,47135,10
13.06116009,80.26531982,47135,47145,10
13.06056023,80.26544952,47145,47156,11
13.06046009,80.26550293,47156,47166,10
13.06025982,80.26557922,47166,47176,10
13.05961037,80.26560974,47176,47186,10
13.05906963,80.26555634,47186,47196,10
13.05850029,80.26537323,47196,47206,10
13.05840969,80.26542664,47206,47216,10
13.05830002,80.26540375,47216,47226,10
13.05807972,80.26490021,47226,47236,10
13.05797958,80.26406097,47236,47246,10
13.05790997,80.26312256,47246,47257,11
13.05784035,80.26268005,47257,47267,10
13.05776024,80.26235962,47267,47277,10
13.05770016,80.26203156,47277,47287,10
13.05764008,80.26168823,47287,47297,10
13.05760002,80.26148224,47297,47313,16
13.05741978,80.26085663,47313,47325,12
13.05725002,80.26023865,47325,47335,10
13.05704021,80.25971222,47335,47345,10
13.05698967,80.25949097,47345,47356,11
13.05698013,80.25939178,47356,47365,9
13.05683994,80.2591095,47365,47376,11
13.05677032,80.25888062,47376,47386,10
13.05663967,80.25843048,47386,47396,10
13.05659962,80.25795746,47396,47405,9
13.05653954,80.25762177,47405,47416,11
13.05642986,80.25730133,47416,47425,9
13.05636024,80.25711823,47425,47435,10
13.05624008,80.2565918,47435,47447,12
13.05589008,80.25598145,47447,47457,10
13.05541992,80.25528717,47457,47467,10
13.05484009,80.25447845,47467,47477,10
13.05430984,80.25376129,47477,47487,10
13.05393982,80.25327301,47487,47497,10
13.05356979,80.25269318,47497,47507,10
13.05298042,80.25192261,47507,47517,10
13.05243969,80.2512207,47517,47527,10
13.05193996,80.25057983,47527,47538,11
13.05097961,80.25006866,47538,47548,10
13.04986,80.24983215,47548,47558,10
13.04883957,80.24971771,47558,47568,10
13.04817963,80.24945831,47568,47578,10
13.04726028,80.24873352,47578,47598,20
13.04726028,80.24873352,47598,47608,10
13.04712009,80.24858856,47608,47618,10
13.04669952,80.24855804,47618,47629,11
13.04588985,80.2484436,47629,47639,10
13.04516983,80.24817657,47639,47649,10
13.04417992,80.24797821,47649,47659,10
13.04325962,80.24784088,47659,47669,10
13.04248047,80.24768829,47669,47679,10
13.04162025,80.24749756,47679,47689,10
13.04063988,80.24730682,47689,47699,10
13.04022026,80.24720764,47699,47709,10
13.04018974,80.24720001,47709,47719,10
13.04008007,80.24720001,47719,47730,11
13.03981972,80.24716187,47730,47740,10
13.03936958,80.24703979,47740,47750,10
13.03880024,80.24690247,47750,47760,10
13.03826046,80.24674988,47760,47770,10
13.03787041,80.24671173,47770,47780,10
13.03719044,80.24658966,47780,47790,10
13.03656006,80.24645996,47790,47800,10
13.0359602,80.24636078,47800,47810,10
13.03534031,80.24611664,47810,47851,41
13.03534031,80.24611664,47851,47861,10
13.03520012,80.24603271,47861,47871,10
13.03487015,80.24575806,47871,47881,10
13.03437996,80.24516296,47881,47891,10
13.03400993,80.24462891,47891,47901,10
13.03351974,80.24404144,47901,47911,10
13.03306007,80.24346924,47911,47922,11
13.03304005,80.2434082,47922,47932,10
13.03287983,80.24317932,47932,47942,10
13.0327301,80.24295044,47942,47952,10
13.0325098,80.24260712,47952,47962,10
13.0324297,80.24250031,47962,48061,99
13.0324297,80.24250031,48061,48071,10
13.03234959,80.2424469,48071,48081,10
13.03219986,80.24230194,48081,48091,10
13.03203964,80.24210358,48091,48101,10
13.03184032,80.24172211,48101,48112,11
13.03159046,80.24118805,48112,48192,80
13.03159046,80.24118805,48192,48203,11
13.03155041,80.24104309,48203,48213,10
13.03137016,80.24063873,48213,48223,10
13.03106022,80.23996735,48223,48233,10
13.03065014,80.239151,48233,48243,10
13.03009033,80.23812103,48243,48253,10
13.02935982,80.23703003,48253,48263,10
13.02853966,80.23615265,48263,48273,10
13.02777958,80.23522186,48273,48283,10
13.0272398,80.23426819,48283,48294,11
13.02678013,80.23355103,48294,48303,9
13.0265398,80.23320007,48303,48314,11
13.02622986,80.23251343,48314,48324,10
13.02612019,80.23210907,48324,48334,10
13.02608013,80.23197174,48334,48344,10
13.02604008,80.2317276,48344,48354,10
13.02587986,80.23123932,48354,48364,10
13.02563,80.23043823,48364,48374,10
13.02503967,80.22958374,48374,48385,11
13.02449989,80.22889709,48385,48395,10
13.02404976,80.22836304,48395,48405,10
13.02340031,80.22763824,48405,48435,30
13.02340031,80.22763824,48435,48445,10
13.02328014,80.22750854,48445,48455,10
13.02293015,80.22718048,48455,48465,10
13.02225971,80.22660828,48465,48475,10
13.02050972,80.2252121,48475,48486,11
13.02050972,80.2252121,48486,48496,10
13.01998997,80.22483063,48496,48516,20
13.01998997,80.22483063,48516,48526,10
13.01968002,80.22460938,48526,48536,10
13.01889992,80.2243576,48536,48546,10
13.01780033,80.22483826,48546,48556,10
13.0169096,80.22524261,48556,48566,10
13.01622963,80.22551727,48566,48576,10
13.01562977,80.22573853,48576,48585,9
13.01488972,80.22602844,48585,48597,12
13.01426029,80.22625732,48597,48607,10
13.0142498,80.22624969,48607,48617,10
13.01399994,80.22634125,48617,48626,9
13.01350021,80.22651672,48626,48637,11
13.01239967,80.22695923,48637,48647,10
13.01128006,80.22740173,48647,48657,10
13.01012993,80.22786713,48657,48668,11
13.00930023,80.22825623,48668,48678,10
13.0090704,80.22881317,48678,48688,10
13.00885963,80.22978973,48688,48698,10
13.00864029,80.23091125,48698,48708,10
13.00841999,80.23207092,48708,48718,10
13.00821972,80.23323822,48718,48728,10
13.00821018,80.23342896,48728,48738,10
13.00817966,80.23355103,48738,48748,10
13.00809956,80.23387909,48748,48758,10
13.00796986,80.23445892,48758,48769,11
13.00778008,80.23542023,48769,48779,10
13.00763035,80.23623657,48779,48789,10
13.00745964,80.23705292,48789,48799,10
13.00730991,80.23782349,48799,48809,10
13.00716972,80.23854065,48809,48819,10
13.00699043,80.23946381,48819,48829,10
13.00693035,80.23986053,48829,48849,20
13.00693035,80.23986053,48849,48860,11
13.00691986,80.23995972,48860,48870,10
13.00685978,80.24044037,48870,48880,10
13.00673962,80.24128723,48880,48890,10
13.00669003,80.24226379,48890,48900,10
13.00667953,80.24314117,48900,48910,10
13.00664043,80.24385834,48910,48920,10
13.00662041,80.24443054,48920,48930,10
13.00662041,80.24472046,48930,48940,10
13.00662994,80.24523926,48940,48950,10
13.00666046,80.24594879,48950,48961,11
13.00669003,80.24713898,48961,48991,30
13.00669003,80.24713898,48991,49001,10
13.00669003,80.24732208,49001,49011,10
13.00603008,80.24742126,49011,49031,20
13.00603008,80.24742126,49031,49041,10
13.00588989,80.24738312,49041,49052,11
13.0053997,80.24733734,49052,49061,9
13.00473976,80.24736786,49061,49072,11
13.00380039,80.24751282,49072,49082,10
13.00286961,80.24765015,49082,49092,10
13.00242996,80.24772644,49092,49102,10
13.00191975,80.24787903,49102,49112,10
13.00105,80.24807739,49112,49122,10
12.99995041,80.24835968,49122,49132,10
12.99866009,80.24868011,49132,49143,11
12.99722958,80.24903107,49143,49153,10
12.99613953,80.24931335,49153,49163,10
12.99487972,80.24961853,49163,49173,10
12.99363041,80.24994659,49173,49183,10
12.99223995,80.25028992,49183,49193,10
12.99129963,80.25054169,49193,49202,9
12.9911499,80.25058746,49202,49213,11
12.99075031,80.25067139,49213,49223,10
12.98993969,80.25089264,49223,49233,10
12.98906994,80.25112152,49233,49244,11
12.9886198,80.25121307,49244,49254,10
12.98795033,80.25138092,49254,49264,10
12.98740959,80.25151825,49264,49274,10
12.98692989,80.25166321,49274,49284,10
12.98659992,80.25174713,49284,49294,10
12.9862299,80.25183868,49294,49304,10
12.98548031,80.25202179,49304,49314,10
12.98441982,80.25231171,49314,49324,10
12.98309994,80.25258636,49324,49335,11
12.98169041,80.25266266,49335,49345,10
12.98075008,80.25269318,49345,49355,10
12.98040962,80.25269318,49355,49365,10
12.98029041,80.25270844,49365,49375,10
12.98019981,80.25269318,49375,49385,10
12.98011971,80.25270081,49385,49395,10
12.97990036,80.25267792,49395,49405,10
12.97929001,80.25263214,49405,49415,10
12.9785099,80.25253296,49415,49425,10
12.97840023,80.25245667,49425,49436,11
12.97789955,80.25205994,49436,49446,10
12.97719002,80.25151062,49446,49456,10
12.97614002,80.25113678,49456,49466,10
12.97492981,80.25076294,49466,49476,10
12.97356033,80.25036621,49476,49486,10
12.97216034,80.25000763,49486,49496,10
12.97072029,80.24961853,49496,49506,10
12.96928024,80.24910736,49506,49516,10
12.96800995,80.24862671,49516,49527,11
12.96675014,80.24804688,49527,49537,10
12.96576023,80.24759674,49537,49547,10
12.96502972,80.24738312,49547,49557,10
12.96498966,80.24736023,49557,49567,10
12.96479988,80.24729156,49567,49577,10
12.96426964,80.24707794,49577,49587,10
12.96372986,80.2468338,49587,49597,10
12.96360016,80.24677277,49597,49607,10
12.96327019,80.24661255,49607,49618,11
12.96247959,80.24623108,49618,49628,10
12.96146011,80.2457428,49628,49638,10
12.96030045,80.24517059,49638,49648,10
12.95942974,80.24482727,49648,49658,10
12.95917034,80.24469757,49658,49668,10
12.95853996,80.24440765,49668,49678,10
12.9578104,80.24414063,49678,49688,10
12.95701981,80.24388885,49688,49698,10
12.95639038,80.24371338,49698,49709,11
12.95621967,80.24363708,49709,49719,10
12.9556303,80.24330139,49719,49729,10
12.95477962,80.24288177,49729,49739,10
12.95392036,80.24252319,49739,49749,10
12.95293999,80.24211884,49749,49759,10
12.9516201,80.24166107,49759,49779,20
12.9516201,80.24166107,49779,49789,10
12.95123959,80.24152374,49789,49799,10
12.95051003,80.2412796,49799,49810,11
12.94964027,80.24098206,49810,49820,10
12.94919968,80.24085999,49820,49830,10
12.94855022,80.24060822,49830,49840,10
12.9471302,80.24004364,49840,49860,20
12.9471302,80.24004364,49860,49870,10
12.94678974,80.23989105,49870,49880,10
12.94606972,80.23957062,49880,49890,10
12.94513988,80.23903656,49890,49901,11
12.94416046,80.23799896,49901,49911,10
12.94330025,80.23709869,49911,49921,10
12.94221973,80.2364502,49921,49931,10
12.94110012,80.23615265,49931,49941,10
12.94007015,80.23589325,49941,49951,10
12.93966961,80.23574829,49951,49960,9
12.93941975,80.23561859,49960,49970,10
12.93892002,80.23529816,49970,49981,11
12.93774033,80.23474121,49981,49992,11
12.93587971,80.2338562,49992,50012,20
12.93587971,80.2338562,50012,50022,10
12.93579006,80.23383331,50022,50032,10
12.93527031,80.2335968,50032,50042,10
12.93439007,80.2332077,50042,50052,10
12.93385029,80.23297882,50052,50062,10
12.93379021,80.23293304,50062,50072,10
12.93327045,80.23268127,50072,50082,10
12.93241978,80.23236084,50082,50093,11
12.93111038,80.23193359,50093,50103,10
12.92978001,80.23152924,50103,50113,10
12.92846012,80.23126984,50113,50123,10
12.92708015,80.23108673,50123,50133,10
12.92609024,80.23097992,50133,50143,10
12.92518044,80.23088837,50143,50153,10
12.92504025,80.23088837,50153,50163,10
12.92457962,80.2308197,50163,50173,10
12.92374039,80.23071289,50173,50184,11
12.92245007,80.23052216,50184,50194,10
12.92101002,80.23032379,50194,50204,10
12.91948986,80.23013306,50204,50214,10
12.91806984,80.22994232,50214,50224,10
12.91687012,80.22978973,50224,50234,10
12.91561031,80.229599,50234,50244,10
12.91432953,80.22940826,50244,50254,10
12.91343021,80.2293396,50254,50264,10
12.91329956,80.22930908,50264,50275,11
12.91283989,80.2292099,50275,50285,10
12.91197968,80.22910309,50285,50295,10
12.91079998,80.22891998,50295,50305,10
12.90942955,80.22869873,50305,50315,10
12.90812016,80.22849274,50315,50325,10
12.9073801,80.22840118,50325,50335,10
12.90730953,80.2283783,50335,50345,10
12.90719032,80.22834778,50345,50355,10
12.90657997,80.22827911,50355,50365,10
12.90569019,80.22821808,50365,50376,11
12.90466022,80.22818756,50376,50386,10
12.90386009,80.22814178,50386,50396,10
12.90314007,80.22808075,50396,50406,10
12.90205002,80.22801208,50406,50416,10
12.90108967,80.2279892,50416,50426,10
12.90023041,80.22792816,50426,50436,10
12.89939976,80.22789764,50436,50446,10
12.89918041,80.22789764,50446,50456,10
12.89887047,80.2278595,50456,50467,11
12.89805031,80.22781372,50467,50477,10
12.89696026,80.22773743,50477,50487,10
12.89560986,80.22769165,50487,50497,10
12.89420986,80.22762299,50497,50507,10
12.89303017,80.22750854,50507,50527,20
12.89303017,80.22750854,50527,50537,10
12.89280987,80.2274704,50537,50547,10
12.89218044,80.22738647,50547,50558,11
12.89111042,80.22736359,50558,50568,10
12.88992023,80.22736359,50568,50578,10
12.88881016,80.22734833,50578,50588,10
12.88794041,80.22730255,50588,50598,10
12.8871603,80.22718811,50598,50608,10
12.88613033,80.2269516,50608,50618,10
12.88502026,80.22673035,50618,50628,10
12.88430023,80.22650146,50628,50638,10
12.88424015,80.22644043,50638,50649,11
12.88391018,80.22646332,50649,50659,10
12.88278961,80.22672272,50659,50669,10
12.88142014,80.22672272,50669,50679,10
12.87991047,80.22672272,50679,50689,10
12.87837982,80.22679901,50689,50699,10
12.87701988,80.22692108,50699,50709,10
12.87621975,80.22701263,50709,50719,10
12.87609959,80.22699738,50719,50729,10
12.87539959,80.2269516,50729,50739,10
12.87432957,80.22680664,50739,50750,11
12.87300014,80.22672272,50750,50760,10
12.87265968,80.22672272,50760,50770,10
12.87244987,80.22672272,50770,50780,10
12.87174034,80.2266922,50780,50790,10
12.87065029,80.22663879,50790,50800,10
12.86929989,80.22647858,50800,50816,16
12.86688042,80.22650146,50816,50828,12
12.86538982,80.22659302,50828,50838,10
12.8634901,80.22651672,50838,50849,11
12.86180019,80.22659302,50849,50859,10
12.86093998,80.22660065,50859,50869,10
12.86093044,80.22660065,50869,50879,10
12.8608799,80.22659302,50879,50889,10
12.86036968,80.22653961,50889,50899,10
12.8594799,80.22640991,50899,50909,10
12.85871983,80.22628784,50909,50919,10
12.85785961,80.22625732,50919,50929,10
12.85676003,80.22634125,50929,50940,11
12.85544968,80.22647095,50940,50950,10
12.8542099,80.22660828,50950,50960,10
12.85289955,80.2266922,50960,50970,10
12.85147953,80.22662354,50970,50980,10
12.85004044,80.22657776,50980,50990,10
12.84873962,80.22657776,50990,51000,10
12.84745026,80.22657776,51000,51010,10
12.84622955,80.22660828,51010,51020,10
12.84541035,80.22663116,51020,51031,11
12.84531021,80.22660828,51031,51041,10
12.84480953,80.22663879,51041,51051,10
12.84385014,80.22664642,51051,51061,10
12.8426199,80.22689819,51061,51071,10
12.84117985,80.22725677,51071,51081,10
12.84016991,80.22756195,51081,51091,10
12.83969975,80.2277298,51091,51101,10
12.83942986,80.22781372,51101,51111,10
12.83868027,80.22799683,51111,51128,17
12.83658028,80.22840118,51128,51140,12
12.8346796,80.22868347,51140,51150,10
12.83314037,80.22895813,51150,51160,10
12.83230972,80.22914124,51160,51170,10
12.83228016,80.22914124,51170,51180,10
12.83224964,80.22914124,51180,51190,10
12.83176994,80.22924042,51190,51200,10
12.83073997,80.22956848,51200,51210,10
12.82944012,80.23005676,51210,51221,11
12.8278904,80.23084259,51221,51232,11
12.82664013,80.2313385,51232,51242,10
12.82497025,80.23139954,51242,51252,10
12.82349968,80.23105621,51252,51262,10
12.82192993,80.23058319,51262,51272,10
12.82034969,80.23045349,51272,51282,10
12.81906033,80.23049164,51282,51292,10
12.81875992,80.23043823,51292,51302,10
12.81812954,80.23013306,51302,51312,10
12.81706047,80.22966003,51312,51323,11
12.81544018,80.2293396,51323,51333,10
12.81387997,80.22907257,51333,51349,16
12.81147003,80.22824097,51349,51361,12
12.81029987,80.2277832,51361,51371,10
12.80951977,80.22743988,51371,51381,10
12.80873966,80.22691345,51381,51391,10
12.80768013,80.22602844,51391,51401,10
12.80688,80.2253418,51401,51412,11
12.80613995,80.22467041,51412,51422,10
12.80562019,80.22425842,51422,51433,11
12.80558014,80.22422791,51433,51443,10
12.80515957,80.22406006,51443,51453,10
12.80500031,80.22402191,51453,51463,10
12.80473995,80.22396088,51463,51473,10
12.80397034,80.22389221,51473,51483,10
12.80292988,80.22379303,51483,51493,10
12.80165005,80.22363281,51493,51504,11
12.80088997,80.22357178,51504,51514,10
12.80064964,80.22354126,51514,51524,10
12.79986954,80.2234726,51524,51534,10
12.79870033,80.22335052,51534,51544,10
12.79726982,80.22315216,51544,51554,10
12.79621029,80.22296143,51554,51564,10
12.79594994,80.22292328,51564,51574,10
12.79541969,80.22281647,51574,51584,10
12.79438972,80.22264862,51584,51595,11
12.7928896,80.22241974,51595,51605,10
12.79172993,80.22216797,51605,51615,10
12.79086018,80.22196198,51615,51625,10
12.79001999,80.22174072,51625,51635,10
12.78962994,80.22164917,51635,51645,10
12.78907013,80.22145081,51645,51655,10
12.78829956,80.22115326,51655,51665,10
12.78765011,80.22090149,51665,51675,10
12.78660965,80.22054291,51675,51726,51
12.78660965,80.22054291,51726,51736,10
12.78658009,80.22045898,51736,51746,10
12.7862196,80.22038269,51746,51756,10
12.78617954,80.22061157,51756,51766,10
12.78617954,80.22065735,51766,51776,10
12.78619003,80.22109985,51776,51787,11
12.78627968,80.22167206,51787,51908,121
12.78627968,80.22167206,51908,51918,10
12.78629017,80.22183228,51918,51928,10
12.78629971,80.2219162,51928,51938,10
12.78619003,80.22200012,51938,52354,416
12.78619003,80.22200012,52354,52364,10
12.78623009,80.2215271,52364,52374,10
12.78619957,80.22136688,52374,52384,10
12.78619957,80.22103882,52384,52394,10
12.78617001,80.22068787,52394,52414,20
12.78617001,80.22068787,52414,52424,10
12.78617001,80.22054291,52424,52434,10
12.78617954,80.22032928,52434,52455,21
12.78617954,80.22032928,52455,52465,10
12.78639984,80.22035217,52465,52485,20
12.78639984,80.22035217,52485,52495,10
12.78654003,80.22042084,52495,52505,10
12.7867403,80.22049713,52505,52515,10
12.78715992,80.22064209,52515,52525,10
12.78771973,80.22086334,52525,52536,11
12.78837967,80.22112274,52536,52546,10
12.78907013,80.2213974,52546,52556,10
12.78962994,80.22161102,52556,52566,10
12.79016018,80.22176361,52566,52576,10
12.79100037,80.2219696,52576,52586,10
12.79207993,80.22223663,52586,52596,10
12.79331017,80.22245789,52596,52606,10
12.7947197,80.22267151,52606,52616,10
12.79605961,80.2228775,52616,52627,11
12.79644966,80.2229538,52627,52637,10
12.79683971,80.22302246,52637,52647,10
12.79769993,80.22316742,52647,52657,10
12.79885006,80.22331238,52657,52666,9
12.79996967,80.22341156,52666,52677,11
12.80039024,80.22344971,52677,52687,10
12.80111027,80.22351074,52687,52697,10
12.80152035,80.22353363,52697,52707,10
12.80163956,80.22353363,52707,52717,10
12.80214024,80.22363281,52717,52728,11
12.80311012,80.22376251,52728,52738,10
12.80412006,80.22383881,52738,52748,10
12.80506039,80.22395325,52748,52758,10
12.80556965,80.22409821,52758,52768,10
12.8056097,80.22412872,52768,52778,10
12.80597019,80.22441101,52778,52788,10
12.80667973,80.22503662,52788,52798,10
12.80751991,80.22577667,52798,52808,10
12.80856991,80.22666931,52808,52819,11
12.80990982,80.22754669,52819,52829,10
12.81138992,80.22814178,52829,52839,10
12.81297016,80.22869873,52839,52849,10
12.81441975,80.22914124,52849,52859,10
12.81579971,80.2293396,52859,52869,10
12.81723976,80.22966003,52869,52879,10
12.8183403,80.23016357,52879,52895,16
12.81956959,80.23042297,52895,52907,12
12.81972027,80.23043823,52907,52918,11
12.82063961,80.23042297,52918,52928,10
12.8218298,80.23049927,52928,52937,9
12.82306004,80.23085785,52937,52948,11
12.82450008,80.23121643,52948,52958,10
12.82569981,80.23132324,52958,52968,10
12.82730007,80.23107147,52968,52978,10
12.82863998,80.23033905,52978,52988,10
12.82995987,80.22976685,52988,52998,10
12.83080006,80.22943878,52998,53009,11
12.83096981,80.22937012,53009,53019,10
12.8309803,80.22937012,53019,53029,10
12.83127022,80.22927094,53029,53039,10
12.83154964,80.22917938,53039,53049,10
12.83156967,80.22917175,53049,53059,10
12.83170986,80.22911835,53059,53069,10
12.83226013,80.22899628,53069,53079,10
12.83323002,80.22882843,53079,53089,10
12.83444977,80.22862244,53089,53100,11
12.83602047,80.22836304,53100,53110,10
12.83753967,80.22810364,53110,53120,10
12.8387804,80.22781372,53120,53130,10
12.83940029,80.22766113,53130,53140,10
12.83952045,80.22763062,53140,53150,10
12.83987999,80.22754669,53150,53160,10
12.8406601,80.22736359,53160,53170,10
12.84171963,80.22705841,53170,53180,10
12.84302998,80.22679138,53180,53191,11
12.84455013,80.22657776,53191,53201,10
12.84517002,80.22653961,53201,53220,19
12.84517002,80.22653961,53220,53231,11
12.84556007,80.22651672,53231,53241,10
12.84640026,80.22651672,53241,53251,10
12.8475399,80.22651672,53251,53261,10
12.84891033,80.22651672,53261,53271,10
12.85025978,80.22650909,53271,53281,10
12.85163021,80.22657013,53281,53292,11
12.8531599,80.22663879,53292,53302,10
12.85455036,80.22650146,53302,53312,10
12.85616016,80.22633362,53312,53322,10
12.85764027,80.22615814,53322,53332,10
12.85906982,80.22624207,53332,53342,10
12.86038017,80.22640991,53342,53352,10
12.86081028,80.22644806,53352,53362,10
12.86104012,80.22647858,53362,53372,10
12.8617897,80.22647095,53372,53383,11
12.86301994,80.2264328,53383,53393,10
12.86437035,80.22646332,53393,53403,10
12.86559963,80.22650146,53403,53413,10
12.86676025,80.2264328,53413,53429,16
12.86886024,80.22631836,53429,53441,12
12.87045956,80.22648621,53441,53451,10
12.87213039,80.22657776,53451,53471,20
12.87213039,80.22657776,53471,53482,11
12.87230015,80.22659302,53482,53492,10
12.87261963,80.22657776,53492,53522,30
12.87261963,80.22657776,53522,53531,9
12.87267971,80.22657776,53531,53542,11
12.87283993,80.22660065,53542,53552,10
12.87341022,80.22663879,53552,53562,10
12.87434959,80.22673798,53562,53573,11
12.87563992,80.22689056,53573,53583,10
12.87639046,80.22685242,53583,53593,10
12.8766098,80.22682953,53593,53603,10
12.87687969,80.22682953,53603,53613,10
12.87749958,80.22679901,53613,53623,10
12.87849045,80.22672272,53623,53633,10
12.8797102,80.22666931,53633,53643,10
12.88099003,80.22664642,53643,53653,10
12.88269997,80.22660828,53653,53664,11
12.88438034,80.22657776,53664,53674,10
12.8852396,80.22660828,53674,53684,10
12.88535976,80.22663116,53684,53694,10
12.88589954,80.22676849,53694,53704,10
12.88679028,80.22699738,53704,53714,10
12.88796997,80.22720337,53714,53724,10
12.88938999,80.22727203,53724,53734,10
12.89091015,80.22725677,53734,53744,10
12.8920002,80.22724152,53744,53765,21
12.8920002,80.22724152,53765,53775,10
12.89216042,80.22724152,53775,53791,16
12.89237976,80.22725677,53791,53803,12
12.89305019,80.22736359,53803,53813,10
12.89385986,80.22747803,53813,53823,10
12.89484024,80.22754669,53823,53833,10
12.89632034,80.22762299,53833,53843,10
12.89756966,80.22767639,53843,53854,11
12.89896011,80.22776031,53854,53864,10
12.90001011,80.2277832,53864,53874,10
12.90027046,80.22775269,53874,53884,10
12.90034962,80.22772217,53884,53894,10
12.90063953,80.22773743,53894,53903,9
12.90098953,80.22782135,53903,53913,10
12.90157986,80.22789001,53913,53924,11
12.90215969,80.2279129,53924,53934,10
12.90272045,80.22792053,53934,53945,11
12.90275002,80.22792053,53945,53955,10
12.90320015,80.22792053,53955,53965,10
12.90402985,80.22799683,53965,53975,10
12.90491962,80.22807312,53975,53985,10
12.90577984,80.22810364,53985,53995,10
12.90622997,80.22814178,53995,54005,10
12.90680981,80.22820282,54005,54015,10
12.90758991,80.22830963,54015,54025,10
12.90863991,80.22846985,54025,54036,11
12.9099102,80.2286911,54036,54046,10
12.91104031,80.22885895,54046,54056,10
12.91209984,80.22899628,54056,54066,10
12.91312981,80.22914886,54066,54076,10
12.91378021,80.22920227,54076,54086,10
12.91380024,80.2292099,54086,54096,10
12.91413975,80.22927856,54096,54106,10
12.91489983,80.22937775,54106,54116,10
12.91598034,80.22953796,54116,54126,10
12.91738033,80.22971344,54126,54137,11
12.91899967,80.22992706,54137,54147,10
12.92049026,80.23014832,54147,54157,10
12.92203999,80.23033905,54157,54167,10
12.9233799,80.23055267,54167,54177,10
12.92459965,80.23069763,54177,54187,10
12.92595005,80.23085785,54187,54197,10
12.92724037,80.23101807,54197,54207,10
12.9285202,80.23117065,54207,54217,10
12.92883968,80.23120117,54217,54228,11
12.92940044,80.23133087,54228,54238,10
12.93031025,80.23155975,54238,54248,10
12.93150043,80.23191071,54248,54258,10
12.93282986,80.23236084,54258,54268,10
12.93362045,80.23268127,54268,54278,10
12.93381023,80.23277283,54278,54288,10
12.93437004,80.23303986,54288,54298,10
12.93525028,80.23342896,54298,54308,10
12.9363203,80.23394012,54308,54319,11
12.93756962,80.23454285,54319,54329,10
12.93863964,80.23506927,54329,54339,10
12.93951988,80.23548126,54339,54349,10
12.93966007,80.2355423,54349,54359,10
12.94005013,80.23570251,54359,54369,10
12.94089031,80.23593903,54369,54379,10
12.94200039,80.23622131,54379,54389,10
12.94314003,80.23677826,54389,54399,10
12.94416046,80.23783112,54399,54410,11
12.94532967,80.23903656,54410,54419,9
12.94649029,80.23959351,54419,54430,11
12.94723034,80.23989105,54430,54440,10
12.9473896,80.23995972,54440,54450,10
12.94795036,80.24021149,54450,54460,10
12.94857025,80.240448,54460,54470,10
12.94915962,80.24067688,54470,54480,10
12.94983959,80.24091339,54480,54490,10
12.95071983,80.24118042,54490,54500,10
12.95088959,80.24121857,54500,54511,11
12.95137978,80.24138641,54511,54521,10
12.95219994,80.24169922,54521,54531,10
12.95306015,80.24201965,54531,54541,10
12.95392036,80.24236298,54541,54551,10
12.95483017,80.24273682,54551,54561,10
12.95551968,80.24298859,54561,54571,10
12.95627975,80.24327087,54571,54581,10
12.95633984,80.2432785,54581,54591,10
12.95645046,80.24330139,54591,54602,11
12.95711994,80.24362183,54602,54612,10
12.95800972,80.24401855,54612,54622,10
12.9588604,80.24440765,54622,54632,10
12.95897007,80.24453735,54632,54642,10
12.95930004,80.24461365,54642,54652,10
12.96008968,80.24495697,54652,54662,10
12.96115971,80.24545288,54662,54672,10
12.96234035,80.24601746,54672,54682,10
12.9630003,80.24633026,54682,54693,11
12.9633503,80.24649048,54693,54703,10
12.96374035,80.24668121,54703,54713,10
12.96446991,80.2469635,54713,54729,16
12.9665699,80.24772644,54729,54751,22
12.9665699,80.24772644,54751,54761,10
12.96671963,80.24784088,54761,54771,10
12.96687031,80.24791718,54771,54781,10
12.96722984,80.24810028,54781,54792,11
12.96813965,80.24845123,54792,54802,10
12.96914959,80.24884033,54802,54812,10
12.97025013,80.24932861,54812,54822,10
12.97144032,80.24971771,54822,54832,10
12.97251987,80.24997711,54832,54842,10
12.97354031,80.25028229,54842,54852,10
12.97447968,80.25054169,54852,54862,10
12.97556019,80.25083923,54862,54872,10
12.97659969,80.25112915,54872,54883,11
12.97768021,80.25164032,54883,54893,10
12.97830009,80.25213623,54893,54903,10
12.97836018,80.25218201,54903,54913,10
12.97906017,80.25248718,54913,54933,20
12.97906017,80.25248718,54933,54943,10
12.97941017,80.25254822,54943,54953,10
12.97998047,80.25260162,54953,54963,10
12.98044968,80.25260162,54963,54974,11
12.98128033,80.25257111,54974,54984,10
12.98219967,80.25256348,54984,54994,10
12.98313046,80.25247955,54994,55004,10
12.98361969,80.25238037,55004,55014,10
12.98400021,80.25228882,55014,55024,10
12.98419952,80.25224304,55024,55034,10
12.98423958,80.25221252,55034,55044,10
12.9846096,80.25211334,55044,55164,120
12.9846096,80.25211334,55164,55174,10
12.98497009,80.2519989,55174,55184,10
12.98542023,80.25187683,55184,55194,10
12.98577976,80.25177765,55194,55204,10
12.98616028,80.25167847,55204,55214,10
12.98661995,80.25157928,55214,55224,10
12.98731995,80.25138092,55224,55234,10
12.98785973,80.25125885,55234,55244,10
12.9887104,80.25100708,55244,55255,11
12.98943996,80.2508316,55255,55275,20
12.98943996,80.2508316,55275,55285,10
12.98976994,80.25084686,55285,55295,10
12.99044037,80.25066376,55295,55305,10
12.99143028,80.25041199,55305,55315,10
12.99271011,80.25009918,55315,55325,10
12.99421024,80.24968719,55325,55335,10
12.99580002,80.24925995,55335,55346,11
12.99757957,80.2487793,55346,55356,10
12.99925995,80.2483902,55356,55366,10
13.00094032,80.24797821,55366,55376,10
13.00244045,80.24761963,55376,55386,10
13.00395966,80.2473526,55386,55396,10
13.00527,80.24714661,55396,55406,10
13.00619984,80.2467804,55406,55416,10
13.00646973,80.24638367,55416,55426,10
13.00646973,80.24636841,55426,55436,10
13.00652981,80.2461319,55436,55447,11
13.00656986,80.24552155,55447,55457,10
13.00660038,80.24514771,55457,55467,10
13.00658035,80.24504089,55467,55477,10
13.00658035,80.24488068,55477,55487,10
13.00658989,80.24462128,55487,55497,10
13.00666046,80.24429321,55497,55507,10
13.00666046,80.24388885,55507,55517,10
13.00666046,80.24362183,55517,55527,10
13.00664043,80.2431488,55527,55538,11
13.00662041,80.24224854,55538,55548,10
13.00662041,80.24144745,55548,55558,10
13.00666046,80.24093628,55558,55568,10
13.00677967,80.24034119,55568,55578,10
13.00691986,80.2395401,55578,55588,10
13.00708961,80.23867798,55588,55598,10
13.00720024,80.23821259,55598,55608,10
13.00730038,80.23761749,55608,55618,10
13.00737953,80.23692322,55618,55629,11
13.00741959,80.23670197,55629,55639,10
13.0074501,80.23654175,55639,55649,10
13.00759983,80.23596191,55649,55659,10
13.00776005,80.23516846,55659,55669,10
13.00776958,80.2351532,55669,55679,10
13.0078001,80.23503113,55679,55689,10
13.0079298,80.23441315,55689,55699,10
13.00813961,80.23335266,55699,55709,10
13.00841045,80.23194122,55709,55720,11
13.00876999,80.23016357,55720,55730,10
13.0090704,80.2285614,55730,55740,10
13.00957966,80.22720337,55740,55750,10
13.01012993,80.2259903,55750,55762,12
13.01051998,80.22512054,55762,55771,9
13.01074982,80.22471619,55771,55782,11
13.01101971,80.22408295,55782,55793,11
13.01144981,80.22315979,55793,55802,9
13.0118103,80.22222137,55802,55813,11
13.01229954,80.22155762,55813,55823,10
13.01261997,80.22197723,55823,55833,10
13.01301956,80.22238922,55833,55843,10
13.01379013,80.22319031,55843,55853,10
13.01430035,80.22370148,55853,55863,10
13.01467991,80.22412872,55863,55873,10
13.01506996,80.22463226,55873,55883,10
13.01550007,80.22493744,55883,55904,21
13.01550007,80.22493744,55904,55914,10
13.0157299,80.22516632,55914,55924,10
13.01651001,80.22524261,55924,55934,10
13.01755047,80.22483063,55934,55944,10
13.01865005,80.22440338,55944,55954,10
13.01947021,80.22441864,55954,55974,20
13.01947021,80.22441864,55974,55984,10
13.01976013,80.2245636,55984,55994,10
13.02027988,80.22493744,55994,56005,11
13.02101994,80.2254715,56005,56015,10
13.02169037,80.22598267,56015,56025,10
13.02235031,80.22647858,56025,56035,10
13.02241039,80.22654724,56035,56045,10
13.02254963,80.22664642,56045,56055,10
13.02305031,80.22712708,56055,56065,10
13.02369022,80.22769165,56065,56075,10
13.02404976,80.22808075,56075,56085,10
13.02425957,80.22834778,56085,56096,11
13.02476025,80.22907257,56096,56106,10
13.02521992,80.22966766,56106,56116,10
13.02567959,80.23040009,56116,56126,10
13.02595043,80.23090363,56126,56136,10
13.02604008,80.23152161,56136,56146,10
13.02639961,80.23265076,56146,56197,51
13.02639961,80.23265076,56197,56207,10
13.02647018,80.23284912,56207,56217,10
13.02684021,80.23348236,56217,56227,10
13.02740002,80.23442078,56227,56237,10
13.02807999,80.23551178,56237,56247,10
13.02886009,80.23638153,56247,56257,10
13.02950954,80.23708344,56257,56267,10
13.02956963,80.23719788,56267,56277,10
13.02995968,80.23782349,56277,56288,11
13.03055,80.23882294,56288,56298,10
13.03090954,80.23934937,56298,56308,10
13.03106022,80.23963165,56308,56318,10
13.03112984,80.23977661,56318,56328,10
13.03141022,80.24033356,56328,56338,10
13.03164959,80.24120331,56338,56348,10
13.03215981,80.24217224,56348,56358,10
13.03283978,80.24305725,56358,56368,10
13.03337955,80.24376678,56368,56379,11
13.03394032,80.24447632,56379,56389,10
13.03444004,80.24510956,56389,56399,10
13.03491974,80.24569702,56399,56409,10
13.03497982,80.2457428,56409,56419,10
13.0353899,80.24594116,56419,56429,10
13.03614044,80.24627686,56429,56439,10
13.03689957,80.24645996,56439,56449,10
13.03746033,80.24636078,56449,56459,10
13.03812027,80.24653625,56459,56470,11
13.03870964,80.24672699,56470,56510,40
13.03870964,80.24672699,56510,56520,10
13.03890038,80.2468338,56520,56530,10
13.03931046,80.24691772,56530,56540,10
13.03973007,80.24700165,56540,56550,10
13.04045963,80.24713135,56550,56560,10
13.04133987,80.24729919,56560,56571,11
13.0419302,80.24742889,56571,56581,10
13.04238033,80.24755859,56581,56591,10
13.04292011,80.24780273,56591,56601,10
13.04362965,80.24791718,56601,56611,10
13.04411983,80.24786377,56611,56621,10
13.04465961,80.24796295,56621,56631,10
13.04504967,80.24817657,56631,56641,10
13.04549026,80.24832153,56641,56651,10
13.04605961,80.24848938,56651,56662,11
13.04675961,80.24842834,56662,56672,10
13.04691029,80.2484436,56672,56682,10
13.04743004,80.24865723,56682,56692,10
13.04771996,80.24894714,56692,56702,10
13.04788017,80.2490921,56702,56712,10
13.04813004,80.24933624,56712,56722,10
13.04862022,80.24957275,56722,56732,10
13.04940987,80.24971771,56732,56742,10
13.05039024,80.24990845,56742,56753,11
13.05156994,80.25029755,56753,56763,10
13.05243015,80.2511673,56763,56773,10
13.05323029,80.25222778,56773,56783,10
13.0538702,80.25314331,56783,56793,10
13.05459023,80.25408173,56793,56803,10
13.05513954,80.25478363,56803,56813,10
13.05564022,80.25546265,56813,56823,10
13.05589008,80.25579834,56823,56833,10
13.05615044,80.25614166,56833,56844,11
13.05661964,80.25665283,56844,56854,10
13.05720043,80.25717926,56854,56864,10
13.05774021,80.25765991,56864,56874,10
13.05815029,80.25817871,56874,56884,10
13.05856991,80.25875854,56884,56894,10
13.05895042,80.25917816,56894,56904,10
13.05924034,80.25975037,56904,56914,10
13.0597496,80.2602005,56914,56924,10
13.06035042,80.26085663,56924,56934,10
13.06064987,80.26122284,56934,56945,11
13.06070042,80.26130676,56945,56955,10
13.06105995,80.26174927,56955,56965,10
13.06140995,80.26216888,56965,56975,10
13.06190968,80.26275635,56975,56995,20
13.06190968,80.26275635,56995,57005,10
13.06198025,80.26280212,57005,57015,10
13.06229019,80.26322174,57015,57025,10
13.06280994,80.26383972,57025,57036,11
13.06340027,80.26464844,57036,57046,10
13.0637598,80.2651825,57046,57056,10
13.06381989,80.26525879,57056,57066,10
13.06389999,80.26535797,57066,57076,10
13.06400967,80.26557159,57076,57086,10
13.06420994,80.26580811,57086,57096,10
13.06431007,80.26592255,57096,57106,10
13.06449032,80.26612091,57106,57116,10
13.06457043,80.26624298,57116,57127,11
13.06460953,80.26634979,57127,57137,10
13.06474018,80.26654053,57137,57147,10
13.06484032,80.26667023,57147,57157,10
13.06509018,80.26693726,57157,57167,10
13.06562042,80.26731873,57167,57177,10
13.06575966,80.26753235,57177,57187,10
13.0661602,80.268013,57187,57197,10
13.06655979,80.26834869,57197,57207,10
13.06692028,80.26857758,57207,57218,11
13.0675602,80.26898193,57218,57228,10
13.06811047,80.26931763,57228,57238,10
13.0682497,80.26946259,57238,57248,10
13.06822014,80.26981354,57248,57258,10
13.06818008,80.27041626,57258,57268,10
13.06814957,80.27111053,57268,57278,10
13.06824017,80.27142334,57278,57288,10
13.06838036,80.27159119,57288,57298,10
13.06877995,80.27187347,57298,57308,10
13.06927967,80.27217865,57308,57319,11
13.06999016,80.27300262,57319,57329,10
13.07050037,80.27362061,57329,57339,10
13.07102966,80.27406311,57339,57349,10
13.07110977,80.27410126,57349,57359,10
13.07141972,80.27423096,57359,57410,51
13.07141972,80.27423096,57410,57420,10
13.07180023,80.27445984,57420,57436,16
13.07273006,80.27542114,57436,57448,12
13.07357979,80.27626038,57448,57458,10
13.07458019,80.27632904,57458,57467,9
13.07544041,80.27628326,57467,57479,12
13.07569027,80.27623749,57479,57490,11
13.07606983,80.27622986,57490,57500,10
13.07678986,80.27622223,57500,57511,11
13.07781982,80.27613831,57511,57521,10
13.07824993,80.27554321,57521,57531,10
13.07882023,80.27509308,57531,57541,10
13.0795002,80.27520752,57541,57551,10
13.07954979,80.27522278,57551,57561,10
13.07966042,80.27523804,57561,57571,10
13.07999039,80.2752533,57571,57581,10
13.08065033,80.275177,57581,57591,10
13.08108044,80.27513885,57591,57713,122
13.08108044,80.27513885,57713,57723,10
13.08148956,80.2751236,57723,57733,10
13.08185959,80.27523804,57733,57743,10
13.08199978,80.27548218,57743,58360,617
13.08199978,80.27548218,58360,58370,10
13.08205032,80.27577209,58370,58380,10
13.08189964,80.27590179,58380,58390,10
13.08180046,80.27603912,58390,58400,10
13.08183956,80.27646637,58400,58410,10
13.08191967,80.27718353,58410,58420,10
13.08209991,80.27790833,58420,58431,11
13.08271027,80.2780304,58431,58441,10
13.08323956,80.2780838,58441,58451,10
13.08337975,80.27822876,58451,58461,10
13.08353043,80.27867889,58461,58471,10
13.08335972,80.27890778,58471,58481,10
13.0825901,80.27864075,58481,58501,20
13.0825901,80.27864075,58501,58511,10
13.08230019,80.27855682,58511,58521,10
13.08197021,80.27831268,58521,58532,11
13.08187008,80.27770996,58532,58542,10
13.08181,80.27729034,58542,58552,10
13.08178997,80.27703857,58552,58562,10
13.08176041,80.27675629,58562,58572,10
13.08170033,80.27632141,58572,58582,10
13.08166027,80.27619934,58582,58592,10
13.08160973,80.27606201,58592,58602,10
13.08152008,80.27574158,58602,58612,10
13.08148003,80.2755127,58612,58623,11
13.08146,80.275383,58623,58633,10
13.08119011,80.27520752,58633,58642,9
13.08067989,80.27528381,58642,58653,11
13.07989979,80.27536011,58653,58663,10
13.07898045,80.27523804,58663,58673,10
13.07828045,80.27561188,58673,58683,10
13.07781982,80.27623749,58683,58693,10
13.07688046,80.27628326,58693,58703,10
13.07594013,80.27633667,58703,58714,11
13.0753603,80.27638245,58714,58724,10
13.07493973,80.27639008,58724,58734,10
13.07396984,80.27642822,58734,58774,40
13.07396984,80.27642822,58774,58784,10
13.07367992,80.27646637,58784,58794,10
13.07316017,80.27603149,58794,58805,11
13.07236958,80.275177,58805,58815,10
13.07184982,80.27468872,58815,58845,30
13.07184982,80.27468872,58845,58855,10
13.0717802,80.2746582,58855,58906,51
13.0717802,80.2746582,58906,58916,10
13.07157993,80.27458954,58916,58926,10
13.07096004,80.27448273,58926,58936,10
13.07063961,80.27419281,58936,58946,10
13.07057953,80.27406311,58946,58956,10
13.07044029,80.2736969,58956,58966,10
13.0701704,80.2733078,58966,58976,10
13.0697403,80.27282715,58976,58986,10
13.06896019,80.2720871,58986,59027,41
13.06896019,80.2720871,59027,59037,10
13.06888008,80.27205658,59037,59047,10
13.06842041,80.27192688,59047,59057,10
13.06809998,80.27150726,59057,59067,10
13.06785965,80.27101898,59067,59077,10
13.06729984,80.270401,59077,59088,11
13.06653976,80.26947784,59088,59098,10
13.06641006,80.26879883,59098,59114,16
13.06597996,80.26799011,59114,59126,12
13.06511021,80.26763916,59126,59146,20
13.06511021,80.26763916,59146,59156,10
13.06497955,80.26760864,59156,59166,10
13.06443977,80.26750183,59166,59176,10
13.06400013,80.26741028,59176,59187,11
13.0633297,80.26730347,59187,59197,10
13.06289959,80.26718903,59197,59207,10
13.06247997,80.26689911,59207,59217,10
13.06206036,80.26635742,59217,59227,10
13.06163025,80.26583099,59227,59237,10
13.06118011,80.26531982,59237,59247,10
13.06064034,80.26535034,59247,59257,10
13.06040955,80.26550293,59257,59267,10
13.06017971,80.26557922,59267,59278,11
13.05922031,80.26554108,59278,59288,10
13.05922031,80.26554108,59288,59298,10
13.0590601,80.26554871,59298,59308,10
13.05879021,80.26560211,59308,59318,10
13.05881977,80.26560974,59318,59328,10
13.05825996,80.26534271,59328,59338,10
13.05801964,80.26467896,59338,59348,10
13.05793953,80.26416016,59348,59359,11
13.05782986,80.26331329,59359,59370,11
13.05772972,80.2624588,59370,59380,10
13.05757999,80.26159668,59380,59390,10
13.05733967,80.26055145,59390,59399,9
13.05706978,80.25965118,59399,59410,11
13.05685043,80.2589035,59410,59420,10
13.05667973,80.25826263,59420,59429,9
13.05657959,80.25776672,59429,59439,10
13.05646992,80.25733185,59439,59450,11
13.05646992,80.25731659,59450,59461,11
13.05646038,80.25720215,59461,59471,10
13.05634975,80.25670624,59471,59481,10
13.05605984,80.25615692,59481,59491,10
13.05562973,80.25556183,59491,59501,10
13.05506992,80.25479889,59501,59511,10
13.05440044,80.25392151,59511,59521,10
13.0537796,80.25308228,59521,59531,10
13.05331993,80.25241852,59531,59541,10
13.05284023,80.25179291,59541,59551,10
13.05247974,80.25131989,59551,59562,11
13.05202961,80.25076294,59562,59572,10
13.05132961,80.25022125,59572,59582,10
13.0503397,80.24993896,59582,59592,10
13.04924965,80.24980164,59592,59602,10
13.04872036,80.2497406,59602,59612,10
13.04823017,80.24952698,59612,59622,10
13.04763985,80.24906158,59622,59632,10
13.04716969,80.248703,59632,59649,17
13.04699993,80.24868011,59649,59661,12
13.04687977,80.24868774,59661,59671,10
13.04656029,80.24865723,59671,59681,10
13.04596043,80.24855042,59681,59691,10
13.04518032,80.2482605,59691,59701,10
13.04438972,80.24809265,59701,59711,10
13.04360008,80.24794006,59711,59721,10
13.04284,80.24778748,59721,59731,10
13.04203033,80.24758148,59731,59741,10
13.04109955,80.24736023,59741,59752,11
13.0397501,80.24710846,59752,59762,10
13.03876972,80.24690247,59762,59771,9
13.03814983,80.24675751,59771,59782,11
13.03750038,80.2466507,59782,59792,10
13.03713989,80.24659729,59792,59802,10
13.0367403,80.24651337,59802,59812,10
13.03606987,80.24636841,59812,59822,10
13.03522968,80.2461319,59822,59843,21
13.03522968,80.2461319,59843,59853,10
13.03516006,80.24610901,59853,59863,10
13.03487015,80.24588013,59863,59873,10
13.03456974,80.2454071,59873,59883,10
13.03409004,80.24479675,59883,59893,10
13.0335598,80.24410248,59893,59902,9
13.03264046,80.24285889,59902,60014,112
13.03264046,80.24285889,60014,60025,11
13.03256035,80.24275208,60025,60035,10
13.03244019,80.24256134,60035,60045,10
13.03234959,80.24243927,60045,60055,10
13.03219986,80.24230194,60055,60166,111
13.03219986,80.24230194,60166,60182,16
13.03186035,80.24176788,60182,60194,12
13.03120041,80.24043274,60194,60326,132
13.03120041,80.24043274,60326,60336,10
13.03118992,80.24040222,60336,60346,10
13.03110027,80.24017334,60346,60356,10
13.03085995,80.23960114,60356,60366,10
13.03038979,80.23873901,60366,60376,10
13.02978992,80.23770142,60376,60386,10
13.02904987,80.23677826,60386,60396,10
13.02822971,80.23589325,60396,60407,11
13.02754021,80.23486328,60407,60417,10
13.02694035,80.2338562,60417,60427,10
13.02641964,80.23297882,60427,60437,10
13.02614975,80.23223877,60437,60447,10
13.02598,80.23168945,60447,60457,10
13.02585983,80.23121643,60457,60467,10
13.02558041,80.23047638,60467,60477,10
13.02468967,80.22921753,60477,60498,21
13.02468967,80.22921753,60498,60508,10
13.02462006,80.22913361,60508,60518,10
13.0243597,80.22875977,60518,60534,16
13.02340031,80.22769165,60534,60556,22
13.02340031,80.22769165,60556,60564,8
13.02328968,80.22756958,60564,60576,12
13.02303028,80.22728729,60576,60586,10
13.02258015,80.22691345,60586,60597,11
13.02182961,80.22625732,60597,60607,10
13.02114964,80.22572327,60607,60617,10
13.02052975,80.22528076,60617,60626,9
13.02005005,80.22493744,60626,60637,11
13.01918983,80.22451782,60637,60646,9
13.01830959,80.22471619,60646,60656,10
13.01737976,80.22509766,60656,60667,11
13.01655006,80.22544098,60667,60677,10
13.01618004,80.22556305,60677,60688,11
13.01550961,80.22580719,60688,60698,10
13.01490974,80.22605896,60698,60708,10
13.01438999,80.22625732,60708,60718,10
13.01424026,80.22631836,60718,60728,10
13.01369953,80.22653198,60728,60738,10
13.01288033,80.22683716,60738,60748,10
13.01202011,80.22718811,60748,60758,10
13.0111599,80.2275238,60758,60768,10
13.01031017,80.22783661,60768,60779,11
13.00938988,80.2282486,60779,60789,10
13.00905991,80.22898865,60789,60799,10
13.00885963,80.2299881,60799,60809,10
13.00866985,80.2310791,60809,60819,10
13.00846004,80.23220062,60819,60829,10
13.00829029,80.23316193,60829,60838,9
13.00825977,80.23352051,60838,60849,11
13.00819016,80.23374176,60849,60859,10
13.00813961,80.23397064,60859,60870,11
13.00800037,80.23465729,60870,60880,10
13.00780964,80.23558044,60880,60890,10
13.00763035,80.23651123,60890,60899,9
13.00745964,80.23735046,60899,60910,11
13.00728035,80.23834229,60910,60920,10
13.00714016,80.23905945,60920,60930,10
13.00701046,80.23976135,60930,60940,10
13.00693989,80.24038696,60940,60950,10
13.00681019,80.24124146,60950,60960,10
13.00675964,80.24217224,60960,60971,11
13.00673008,80.24342346,60971,60981,10
13.00673008,80.24421692,60981,60991,10
13.00671959,80.24475861,60991,61001,10
13.00671959,80.24506378,61001,61011,10
13.00671959,80.24539185,61011,61021,10
13.00675011,80.2460022,61021,61031,10
13.00677013,80.24658203,61031,61041,10
13.00679016,80.24693298,61041,61051,10
13.00675011,80.24726105,61051,61062,11
13.00671005,80.24733734,61062,61072,10
13.00658035,80.24739075,61072,61082,10
13.00615978,80.24743652,61082,61092,10
13.00607967,80.24743652,61092,61102,10
13.00566959,80.24739075,61102,61112,10
13.00492001,80.24739838,61112,61122,10
13.00387955,80.24752045,61122,61132,10
13.00279999,80.24768829,61132,61142,10
13.00185013,80.24790192,61142,61153,11
13.00051022,80.24822998,61153,61163,10
12.99919987,80.24855804,61163,61173,10
12.99787045,80.24887848,61173,61183,10
12.99652004,80.2492218,61183,61193,10
12.99516964,80.24958038,61193,61203,10
12.99382019,80.24992371,61203,61213,10
12.99244022,80.2502594,61213,61223,10
12.99104977,80.25064087,61223,61244,21
12.99104977,80.25064087,61244,61254,10
12.99069977,80.25071716,61254,61264,10
12.98989964,80.25093079,61264,61274,10
12.98894978,80.25115967,61274,61284,10
12.9881897,80.25140381,61284,61395,111
12.9881897,80.25140381,61395,61405,10
12.98789978,80.25144196,61405,61415,10
12.98744965,80.25154877,61415,61425,10
12.9868803,80.25170898,61425,61436,11
12.98624992,80.25184631,61436,61446,10
12.98546982,80.25203705,61446,61456,10
12.98456955,80.25228119,61456,61466,10
12.98386955,80.25244904,61466,61476,10
12.98301983,80.25260925,61476,61486,10
12.98198032,80.25267029,61486,61496,10
12.98095989,80.25272369,61496,61506,10
12.98021984,80.25274658,61506,61516,10
12.98013973,80.25276184,61516,61527,11
12.9799099,80.25273895,61527,61537,10
12.9792099,80.25267792,61537,61547,10
12.97856998,80.25257874,61547,61557,10
12.97842026,80.25248718,61557,61567,10
12.97787952,80.25205231,61567,61577,10
12.97716045,80.25148773,61577,61587,10
12.97611046,80.25110626,61587,61597,10
12.9749403,80.25080109,61597,61607,10
12.97379971,80.25048065,61607,61618,11
12.97251987,80.25013733,61618,61628,10
12.97138023,80.24983978,61628,61638,10
12.97021008,80.24947357,61638,61648,10
12.96910954,80.2490387,61648,61658,10
12.96802044,80.24861908,61658,61668,10
12.96702003,80.24819946,61668,61678,10
12.9662199,80.24780273,61678,61688,10
12.96533966,80.24746704,61688,61698,10
12.96508026,80.24741364,61698,61708,10
12.9649601,80.24736023,61708,61719,11
12.96436977,80.24710846,61719,61735,16
12.96358013,80.2467804,61735,61747,12
12.9625597,80.24627686,61747,61757,10
12.96158028,80.24581146,61757,61767,10
12.96057034,80.24536133,61767,61776,9
12.95926952,80.24479675,61776,61797,21
12.95926952,80.24479675,61797,61807,10
12.95911026,80.24471283,61807,61818,11
12.95845985,80.24440002,61818,61828,10
12.95775986,80.24414063,61828,61838,10
12.95676041,80.2436676,61838,61858,20
12.95676041,80.2436676,61858,61868,10
12.95652008,80.24356079,61868,61909,41
12.95652008,80.24356079,61909,61919,10
12.95637035,80.24343872,61919,61929,10
12.95573997,80.24320984,61929,61939,10
12.95477962,80.24282837,61939,61949,10
12.95366955,80.24240112,61949,61959,10
12.95246029,80.24192047,61959,61969,10
12.95174026,80.24169922,61969,61979,10
12.95160007,80.24166107,61979,61989,10
12.95118046,80.24150085,61989,62000,11
12.95022964,80.24120331,62000,62010,10
12.94917965,80.24086761,62010,62020,10
12.94820976,80.24047089,62020,62030,10
12.94727993,80.24009705,62030,62040,10
12.94715023,80.24005127,62040,62050,10
12.94707012,80.24001312,62050,62060,10
12.94655991,80.23975372,62060,62070,10
12.94565964,80.23937988,62070,62080,10
12.94472027,80.23866272,62080,62091,11
12.94371986,80.23755646,62091,62101,10
12.94266033,80.23665619,62101,62111,10
12.9412899,80.23622131,62111,62121,10
12.94019032,80.23594666,62121,62131,10
12.93982029,80.23583221,62131,62141,10
12.93976974,80.23577881,62141,62151,10
12.93924046,80.23548126,62151,62161,10
12.93830013,80.23506165,62161,62171,10
12.93719959,80.23451233,62171,62182,11
12.93610001,80.23397827,62182,62192,10
12.93511009,80.23352814,62192,62202,10
12.93402958,80.233078,62202,62232,30
12.93402958,80.233078,62232,62242,10
12.93385029,80.23297882,62242,62252,10
12.93328953,80.23271942,62252,62262,10
12.93239975,80.23236084,62262,62273,11
12.93109989,80.23188019,62273,62283,10
12.92980003,80.23149109,62283,62293,10
12.92903042,80.23136902,62293,62303,10
12.92899036,80.23136902,62303,62313,10
12.92854977,80.23130035,62313,62323,10
12.92768002,80.23117828,62323,62333,10
12.92650986,80.23104858,62333,62343,10
12.92590046,80.23101807,62343,62353,10
12.92582989,80.23100281,62353,62363,10
12.92529964,80.23091888,62363,62374,11
12.92430019,80.23079681,62374,62384,10
12.92311954,80.23062897,62384,62394,10
12.92173958,80.23042297,62394,62404,10
12.9202404,80.23021698,62404,62414,10
12.91897964,80.23005676,62414,62424,10
12.91786003,80.2299118,62424,62434,10
12.91693974,80.22979736,62434,62444,10
12.91596985,80.22966003,62444,62454,10
12.91471004,80.22949219,62454,62465,11
12.91329956,80.2293396,62465,62485,20
12.91329956,80.2293396,62485,62495,10
12.91308022,80.22930145,62495,62505,10
12.91236973,80.22918701,62505,62515,10
12.9113102,80.22904205,62515,62525,10
12.91003036,80.2288208,62525,62535,10
12.90865993,80.22859955,62535,62545,10
12.9073,80.22840118,62545,62556,11
12.90620995,80.22827911,62556,62566,10
12.90522957,80.22823334,62566,62576,10
12.90423965,80.22815704,62576,62586,10
12.90303993,80.22811127,62586,62596,10
12.90203953,80.22807312,62596,62606,10
12.90165043,80.22805786,62606,62616,10
12.90163994,80.22805786,62616,62626,10
12.90155983,80.22805786,62626,62636,10
12.90108013,80.2280426,62636,62646,10
12.90050983,80.22796631,62646,62657,11
12.89986038,80.22792816,62657,62667,10
12.89970016,80.22792816,62667,62677,10
12.89937973,80.22792053,62677,62687,10
12.89931965,80.2279129,62687,62697,10
12.89883041,80.22788239,62697,62707,10
12.89793015,80.22782135,62707,62717,10
12.89680004,80.22776031,62717,62727,10
12.89552021,80.22769928,62727,62737,10
12.89435005,80.22763824,62737,62748,11
12.8931303,80.22753143,62748,62758,10
12.89227009,80.22743988,62758,62768,10
12.89120007,80.22743225,62768,62778,10
12.89009953,80.22743225,62778,62788,10
12.88906002,80.22740936,62788,62798,10
12.88813019,80.22737122,62798,62808,10
12.88722992,80.22724915,62808,62818,10
12.88617992,80.22702026,62818,62828,10
12.88525009,80.22680664,62828,62839,11
12.88484001,80.22673798,62839,62849,10
12.88467979,80.2268219,62849,62859,10
12.88451958,80.22691345,62859,62869,10
12.88321018,80.22676849,62869,62879,10
12.88199997,80.22678375,62879,62889,10
12.88064957,80.22678375,62889,62899,10
12.87932014,80.22679901,62899,62909,10
12.87796021,80.22688293,62909,62919,10
12.87691021,80.22698212,62919,62930,11
12.87635994,80.22699738,62930,62940,10
12.87553978,80.22699738,62940,62950,10
12.87436962,80.22686005,62950,62960,10
12.87312031,80.22675323,62960,62970,10
12.8726902,80.22675323,62970,62980,10
12.87261963,80.22673035,62980,62990,10
12.87207985,80.22672272,62990,63000,10
12.87113953,80.22669983,63000,63010,10
12.86993027,80.22660065,63010,63021,11
12.86841965,80.22644043,63021,63031,10
12.86703968,80.22653198,63031,63041,10
12.86571026,80.22662354,63041,63051,10
12.86429024,80.22660065,63051,63061,10
12.86289978,80.22657013,63061,63071,10
12.86170006,80.22663879,63071,63081,10
12.86114025,80.22664642,63081,63091,10
12.86106968,80.22663116,63091,63101,10
12.86054039,80.22657776,63101,63111,10
12.85966015,80.22644806,63111,63121,10
12.85883999,80.22634125,63121,63132,11
12.85791969,80.22628021,63132,63142,10
12.85680008,80.22634888,63142,63152,10
12.85544968,80.22647858,63152,63162,10
12.85396957,80.22663879,63162,63172,10
12.85245037,80.22670746,63172,63182,10
12.85097027,80.22663879,63182,63192,10
12.84953976,80.22660828,63192,63202,10
12.84821987,80.22663116,63202,63213,11
12.84683037,80.22664642,63213,63223,10
12.84572983,80.22664642,63223,63233,10
12.84525967,80.22666168,63233,63243,10
12.84525967,80.22664642,63243,63252,9
12.84508038,80.22662354,63252,63263,11
12.84434032,80.22675323,63263,63273,10
12.84335041,80.22683716,63273,63283,10
12.8421402,80.2270813,63283,63293,10
12.84092999,80.22740936,63293,63304,11
12.84002972,80.22770691,63304,63324,20
12.84002972,80.22770691,63324,63334,10
12.83975983,80.22779846,63334,63354,20
12.83975983,80.22779846,63354,63364,10
12.83944988,80.22789001,63364,63374,10
12.83874989,80.22799683,63374,63384,10
12.83773994,80.22821808,63384,63395,11
12.83640003,80.2284317,63395,63405,10
12.83498001,80.2286377,63405,63415,10
12.83345985,80.22891998,63415,63425,10
12.83238029,80.22915649,63425,63445,20
12.83238029,80.22915649,63445,63455,10
12.83228016,80.22915649,63455,63465,10
12.83195972,80.22921753,63465,63475,10
12.83137989,80.22937012,63475,63485,10
12.83055973,80.22966766,63485,63496,11
12.82944012,80.23007965,63496,63506,10
12.82835007,80.23061371,63506,63516,10
12.82728958,80.23119354,63516,63526,10
12.82612038,80.23140717,63526,63536,10
12.82481956,80.23143005,63536,63546,10
12.82357025,80.23110199,63546,63556,10
12.82223988,80.23068237,63556,63566,10
12.82118988,80.23047638,63566,63576,10
12.82044029,80.23049927,63576,63587,11
12.81890011,80.23052216,63587,63607,20
12.81890011,80.23052216,63607,63617,10
12.81867027,80.23040771,63617,63627,10
12.81803989,80.23010254,63627,63637,10
12.81709003,80.22972107,63637,63647,10
12.81589985,80.22946167,63647,63657,10
12.81462002,80.22928619,63657,63667,10
12.81330013,80.22895813,63667,63678,11
12.81182957,80.22843933,63678,63688,10
12.81052971,80.2279129,63688,63698,10
12.80935955,80.22737885,63698,63708,10
12.80830002,80.22657013,63708,63718,10
12.80745029,80.22583771,63718,63728,10
12.80679989,80.22528076,63728,63738,10
12.80617046,80.22470093,63738,63748,10
12.80552006,80.22418213,63748,63758,10
12.80519009,80.22406006,63758,63768,10
12.80498028,80.22402191,63768,63779,11
12.80496025,80.22402191,63779,63789,10
12.80455971,80.22395325,63789,63799,10
12.80383015,80.22389984,63799,63809,10
12.80307961,80.22383118,63809,63819,10
12.80239964,80.22373962,63819,63829,10
12.8015604,80.22366333,63829,63839,10
12.80068016,80.22357941,63839,63849,10
12.79967976,80.22350311,63849,63859,10
12.79848957,80.22335815,63859,63870,11
12.79706955,80.22316742,63870,63880,10
12.79607964,80.2230072,63880,63890,10
12.79584026,80.22296906,63890,63900,10
12.79553032,80.22290802,63900,63910,10
12.79485035,80.22279358,63910,63920,10
12.79386997,80.22264099,63920,63930,10
12.79267979,80.22245026,63930,63940,10
12.79148006,80.22215271,63940,63950,10
12.79036045,80.22187805,63950,63961,11
12.78929996,80.22157288,63961,63971,10
12.78866005,80.22132874,63971,63981,10
12.78818035,80.221138,63981,63991,10
12.78792953,80.22103882,63991,64011,20
12.78792953,80.22103882,64011,64021,10
12.78783989,80.22097778,64021,64041,20
12.78783989,80.22097778,64041,64052,11
12.78779984,80.22097778,64052,64062,10
12.78757,80.22090149,64062,64072,10
12.78738976,80.22083282,64072,64082,10
12.78726959,80.22077942,64082,64091,9
12.78715992,80.22074127,64091,64101,10
12.78713036,80.22073364,64101,64111,10
12.78705978,80.22070313,64111,64122,11
12.78682041,80.22058105,64122,64132,10
12.78658009,80.22049713,64132,64143,11
12.7863903,80.22044373,64143,64153,10
12.78619003,80.2203598,64153,64163,10
12.78584957,80.22020721,64163,64173,10
12.78538036,80.21997833,64173,64183,10
12.78491974,80.21974945,64183,64193,10
12.78487015,80.2197113,64193,64203,10
12.78448009,80.21949768,64203,64213,10
12.78372002,80.21907806,64213,64223,10
12.78287983,80.21859741,64223,64233,10
12.78174019,80.21797943,64233,64244,11
12.78034019,80.21723175,64244,64254,10
12.77904034,80.21655273,64254,64264,10
12.77762032,80.21585846,64264,64274,10
12.77610016,80.21523285,64274,64284,10
12.77460003,80.21460724,64284,64294,10
12.77311039,80.21401978,64294,64304,10
12.77167988,80.21349335,64304,64314,10
12.77070045,80.21318054,64314,64324,10
12.77056026,80.21312714,64324,64334,10
12.76998997,80.21292877,64334,64345,11
12.76891994,80.21253967,64345,64355,10
12.76764965,80.21208954,64355,64365,10
12.76626015,80.21159363,64365,64375,10
12.76488972,80.21109009,64375,64385,10
12.76362991,80.21060181,64385,64395,10
12.76239967,80.21012115,64395,64405,10
12.76113987,80.20955658,64405,64415,10
12.75998974,80.20896149,64415,64426,11
12.75877953,80.2082901,64426,64436,10
12.75755978,80.20761871,64436,64446,10
12.75654984,80.20706177,64446,64456,10
12.75557041,80.20651245,64456,64466,10
12.75434017,80.20584106,64466,64476,10
12.75298977,80.20510101,64476,64486,10
12.75179005,80.20449829,64486,64496,10
12.75127983,80.20426941,64496,64506,10
12.75102043,80.20413208,64506,64517,11
12.75026035,80.20372009,64517,64527,10
12.74919987,80.20314789,64527,64537,10
12.74798965,80.20253754,64537,64547,10
12.74680042,80.20194244,64547,64557,10
12.7455101,80.20127106,64557,64567,10
12.74427032,80.20036316,64567,64577,10
12.74318981,80.1991272,64577,64587,10
12.74213982,80.19789124,64587,64597,10
12.74123001,80.19661713,64597,64608,11
12.74028015,80.19528198,64608,64618,10
12.73935032,80.19400787,64618,64627,9
12.73851013,80.19287109,64627,64638,11
12.73729038,80.19161987,64638,64648,10
12.73633957,80.19068146,64648,64658,10
12.7360096,80.19039154,64658,64668,10
12.73579979,80.19017029,64668,64678,10
12.73515034,80.1897583,64678,64688,10
12.73410034,80.18955231,64688,64698,10
12.73289967,80.18943024,64698,64709,11
12.73190975,80.1892395,64709,64719,10
12.73108959,80.18913269,64719,64729,10
12.73050976,80.18907166,64729,64739,10
12.73007965,80.18901062,64739,64749,10
12.72976017,80.1889801,64749,64759,10
12.72963047,80.1889801,64759,64769,10
12.72906017,80.18895721,64769,64779,10
12.72819996,80.18874359,64779,64789,10
12.72735023,80.18847656,64789,64800,11
12.72642994,80.1882782,64800,64810,10
12.72576046,80.18816376,64810,64820,10
12.72521973,80.18805695,64820,64830,10
12.72502041,80.1880188,64830,64840,10
12.72476006,80.18798065,64840,64850,10
12.72410011,80.18785095,64850,64860,10
12.7238102,80.18773651,64860,64870,10
12.72338009,80.18762207,64870,64880,10
12.72292042,80.1875,64880,64891,11
12.72239971,80.1873703,64891,64900,9
12.72227001,80.18757629,64900,64921,21
12.72227001,80.18757629,64921,64931,10
12.72224998,80.18763733,64931,64941,10
12.72204018,80.18766785,64941,66915,1974
12.72204018,80.18766785,66915,66925,10
12.72210979,80.18772125,66925,66935,10
12.72216034,80.18757629,66935,66945,10
12.72226048,80.18744659,66945,66955,10
12.72239971,80.18740845,66955,66965,10
12.72257996,80.18743134,66965,66975,10
12.72303963,80.18756104,66975,66985,10
12.72373962,80.18772888,66985,66995,10
12.72426987,80.18785858,66995,67005,10
12.72472954,80.18795776,67005,67016,11
12.72486019,80.18798065,67016,67026,10
12.72535992,80.1880722,67026,67036,10
12.72607994,80.18818665,67036,67046,10
12.72698021,80.18837738,67046,67056,10
12.72799015,80.18865967,67056,67066,10
12.72928047,80.18894196,67066,67115,49
12.72928047,80.18894196,67115,67125,10
12.72945976,80.18894196,67125,67135,10
12.72957039,80.18894196,67135,67145,10
12.72966003,80.18894958,67145,67155,10
12.72982979,80.18897247,67155,67165,10
12.73007965,80.18898773,67165,67175,10
12.73015022,80.18900299,67175,67185,10
12.73036957,80.18903351,67185,67196,11
12.73077965,80.18907928,67196,67206,10
12.73153973,80.18914795,67206,67216,10
12.73244953,80.18932343,67216,67226,10
12.73342037,80.18943787,67226,67236,10
12.73466015,80.18955994,67236,67246,10
12.73587036,80.19010162,67246,67256,10
12.73686028,80.19109344,67256,67266,10
12.73801994,80.19225311,67266,67276,10
12.73913002,80.19360352,67276,67287,11
12.74011993,80.19496155,67287,67297,10
12.74088001,80.19602203,67297,67307,10
12.74151993,80.1969223,67307,67317,10
12.74205017,80.19767761,67317,67327,10
12.74273968,80.19850159,67327,67337,10
12.74361992,80.19953156,67337,67347,10
12.7446804,80.20068359,67347,67357,10
12.74610996,80.20153046,67357,67367,10
12.74763966,80.20230865,67367,67378,11
12.74932003,80.20317078,67378,67388,10
12.75065994,80.2038269,67388,67398,10
12.75123978,80.20410156,67398,67408,10
12.75156021,80.20427704,67408,67418,10
12.75232029,80.2046814,67418,67428,10
12.75339031,80.2052536,67428,67438,10
12.75467968,80.20594025,67438,67447,9
12.75584984,80.20659637,67447,67457,10
12.75708008,80.20729065,67457,67468,11
12.75846958,80.20803833,67468,67479,11
12.75988007,80.2088089,67479,67489,10
12.76074982,80.20926666,67489,67499,10
12.76183987,80.20982361,67499,67509,10
12.76309967,80.21032715,67509,67519,10
12.76447964,80.21086121,67519,67529,10
12.76580048,80.2113266,67529,67539,10
12.76727962,80.21186829,67539,67549,10
12.76889992,80.21246338,67549,67559,10
12.77025986,80.2129364,67559,67570,11
12.77108002,80.21320343,67570,67580,10
12.77114964,80.21322632,67580,67590,10
12.77157021,80.21337891,67590,67600,10
12.77237034,80.21367645,67600,67610,10
12.77342033,80.2141037,67610,67620,10
12.77472973,80.2146225,67620,67630,10
12.77620029,80.21521759,67630,67640,10
12.77766037,80.21581268,67640,67650,10
12.77900028,80.21645355,67650,67661,11
12.78040028,80.21720123,67661,67671,10
12.78164005,80.21788025,67671,67681,10
12.78291988,80.21858215,67681,67691,10
12.78392029,80.21916199,67691,67701,10
12.78470039,80.21959686,67701,67711,10
12.78518009,80.219841,67711,67721,10
12.78536987,80.2199173,67721,67782,61
12.78536987,80.2199173,67782,67792,10
12.78567982,80.22013092,67792,67802,10
12.78584003,80.22020721,67802,67812,10
12.78598976,80.22025299,67812,67822,10
12.78617001,80.22032928,67822,67832,10
12.78649998,80.22045135,67832,67842,10
12.78658009,80.22048187,67842,67853,11
12.78680992,80.22058105,67853,67863,10
12.78719997,80.22073364,67863,67873,10
12.78738022,80.22080231,67873,67883,10
12.78785992,80.22097778,67883,67893,10
12.7884903,80.22122192,67893,67903,10
12.78913021,80.22147369,67903,67913,10
12.78958035,80.22162628,67913,67923,10
12.78997993,80.22174072,67923,67933,10
12.79067993,80.2219162,67933,67944,11
12.79160023,80.22213745,67944,67954,10
12.79242039,80.22231293,67954,67964,10
12.79343987,80.22248077,67964,67974,10
12.79465961,80.22267914,67974,67984,10
12.79592037,80.22290039,67984,67994,10
12.79644012,80.22296143,67994,68004,10
12.79644966,80.22296143,68004,68014,10
12.79650021,80.22297668,68014,68024,10
12.79699993,80.2230835,68024,68034,10
12.79790974,80.22324371,68034,68045,11
12.79922009,80.22338867,68045,68055,10
12.80060005,80.22350311,68055,68065,10
12.80136967,80.22355652,68065,68075,10
12.80138969,80.22355652,68075,68085,10
12.80163002,80.22360229,68085,68095,10
12.80233955,80.22367096,68095,68105,10
12.80315971,80.22380066,68105,68115,10
12.80403996,80.22386169,68115,68125,10
12.80473995,80.22393799,68125,68136,11
12.80541992,80.22409058,68136,68146,10
12.80554008,80.22412872,68146,68156,10
12.80585957,80.22437286,68156,68166,10
12.80650043,80.22493744,68166,68176,10
12.80731964,80.22566223,68176,68186,10
12.80827999,80.22647858,68186,68196,10
12.80937004,80.22731018,68196,68206,10
12.81044006,80.22779846,68206,68216,10
12.81153965,80.22824097,68216,68227,11
12.81285,80.22869873,68227,68237,10
12.81416035,80.22911072,68237,68247,10
12.81556988,80.2293396,68247,68257,10
12.81692028,80.22956848,68257,68267,10
12.81805038,80.2300415,68267,68277,10
12.81888962,80.23040771,68277,68287,10
12.81958961,80.23043823,68287,68297,10
12.8197298,80.23042297,68297,68307,10
12.81984997,80.23042297,68307,68318,11
12.82057953,80.23040009,68318,68328,10
12.82161045,80.23045349,68328,68338,10
12.82279968,80.23075867,68338,68348,10
12.82402039,80.23110199,68348,68358,10
12.82509995,80.23132324,68358,68368,10
12.82637024,80.23127747,68368,68378,10
12.82758999,80.23094177,68378,68388,10
12.82863998,80.23033905,68388,68398,10
12.82971954,80.2298584,68398,68409,11
12.83090973,80.22936249,68409,68439,30
12.83090973,80.22936249,68439,68449,10
12.83127022,80.22924042,68449,68479,30
12.83127022,80.22924042,68479,68489,10
12.83158016,80.22915649,68489,68500,11
12.83228016,80.22901154,68500,68510,10
12.83323002,80.22882843,68510,68520,10
12.83438969,80.22862244,68520,68530,10
12.83557034,80.22843933,68530,68540,10
12.83675957,80.22827148,68540,68550,10
12.83790016,80.22808075,68550,68560,10
12.83885002,80.22783661,68560,68570,10
12.83934021,80.2276001,68570,68580,10
12.83950043,80.22753906,68580,68591,11
12.83994007,80.2274704,68591,68601,10
12.84072971,80.22731781,68601,68611,10
12.84179974,80.22702789,68611,68621,10
12.84307957,80.22676086,68621,68631,10
12.84428024,80.22660828,68631,68641,10
12.84525967,80.22651672,68641,68651,10
12.84539986,80.22650909,68651,68661,10
12.84547997,80.22650909,68661,68671,10
12.84593964,80.22650146,68671,68681,10
12.84671021,80.22651672,68681,68692,11
12.84778976,80.22651672,68692,68702,10
12.84875965,80.22651672,68702,68718,16
12.85044956,80.22653198,68718,68730,12
12.85188007,80.22657776,68730,68740,10
12.85311985,80.22660828,68740,68750,10
12.85426998,80.22650146,68750,68760,10
12.85569,80.22634888,68760,68770,10
12.85690022,80.22622681,68770,68781,11
12.85803986,80.22615814,68781,68791,10
12.85883045,80.22621918,68791,68801,10
12.85951042,80.22628784,68801,68810,9
12.86079979,80.22646332,68810,68831,21
12.86079979,80.22646332,68831,68841,10
12.86096001,80.22647095,68841,68851,10
12.86139011,80.22650909,68851,68861,10
12.86223984,80.22646332,68861,68872,11
12.86340046,80.22641754,68872,68882,10
12.86468029,80.22647095,68882,68892,10
12.86604023,80.22647858,68892,68902,10
12.86730003,80.22637177,68902,68912,10
12.86868,80.22631836,68912,68922,10
12.86999989,80.22646332,68922,68932,10
12.87129974,80.22657013,68932,68942,10
12.87226963,80.22659302,68942,68952,10
12.87261009,80.22657776,68952,68963,11
12.87271976,80.22657776,68963,68973,10
12.87302017,80.22660065,68973,68983,10
12.87349987,80.22662354,68983,68992,9
12.87415981,80.22669983,68992,69003,11
12.87514019,80.2268219,69003,69013,10
12.87604046,80.22686768,69013,69023,10
12.87621021,80.22688293,69023,69033,10
12.8766098,80.22683716,69033,69043,10
12.87670994,80.22682953,69043,69054,11
12.8768301,80.22682953,69054,69064,10
12.87738037,80.22679138,69064,69074,10
12.87825966,80.22672272,69074,69084,10
12.87938023,80.22667694,69084,69094,10
12.88064957,80.22666168,69094,69104,10
12.88195992,80.22663879,69104,69114,10
12.88323021,80.22662354,69114,69124,10
12.88426971,80.22660828,69124,69134,10
12.88521957,80.22662354,69134,69165,31
12.88521957,80.22662354,69165,69175,10
12.88553047,80.2266922,69175,69185,10
12.88574028,80.22673798,69185,69195,10
12.88611984,80.22685242,69195,69205,10
12.88687992,80.22704315,69205,69215,10
12.8878603,80.22718811,69215,69225,10
12.88906002,80.22727203,69225,69235,10
12.89043045,80.22727966,69235,69246,11
12.89198971,80.22724152,69246,69266,20
12.89198971,80.22724152,69266,69276,10
12.89214039,80.22725677,69276,69286,10
12.89272022,80.22731018,69286,69296,10
12.89360046,80.22746277,69296,69306,10
12.89468956,80.22754669,69306,69316,10
12.89564037,80.2276001,69316,69326,10
12.89667988,80.22763062,69326,69337,11
12.89793968,80.22769165,69337,69347,10
12.89904976,80.22773743,69347,69357,10
12.89993954,80.2277832,69357,69367,10
12.90034008,80.22776794,69367,69397,30
12.90034008,80.22776794,69397,69407,10
12.90071964,80.2277832,69407,69417,10
12.90104008,80.22783661,69417,69428,11
12.90151024,80.22789764,69428,69438,10
12.90217972,80.22792053,69438,69448,10
12.9031496,80.22792053,69448,69498,50
12.9031496,80.22792053,69498,69508,10
12.90342045,80.22794342,69508,69519,11
12.90410995,80.22801208,69519,69529,10
12.90485954,80.22805786,69529,69539,10
12.90583992,80.22811127,69539,69549,10
12.90651989,80.22814178,69549,69578,29
12.90651989,80.22814178,69578,69588,10
12.90662003,80.22814178,69588,69599,11
12.90719986,80.22821808,69599,69610,11
12.90822029,80.22840118,69610,69620,10
12.90946007,80.22859955,69620,69630,10
12.91071987,80.2288208,69630,69640,10
12.91205978,80.22899628,69640,69650,10
12.91324043,80.22914124,69650,69660,10
12.91388988,80.22921753,69660,69670,10
12.91390038,80.22921753,69670,69680,10
12.91403961,80.22924042,69680,69690,10
12.9145298,80.22930145,69690,69700,10
12.91536045,80.22943115,69700,69711,11
12.91646957,80.229599,69711,69721,10
12.91748047,80.22972107,69721,69731,10
12.91841984,80.2298584,69731,69741,10
12.91946983,80.23000336,69741,69751,10
12.92055035,80.23013306,69751,69761,10
12.92156029,80.23027039,69761,69771,10
12.92263031,80.23043823,69771,69781,10
12.92378044,80.23059845,69781,69791,10
12.92490005,80.23074341,69791,69802,11
12.92599964,80.23085022,69802,69812,10
12.92640972,80.23088837,69812,69822,10
12.92646027,80.23090363,69822,69832,10
12.92687035,80.2309494,69832,69842,10
12.92763996,80.23104858,69842,69852,10
12.92858028,80.23117828,69852,69862,10
12.92951012,80.23136902,69862,69872,10
12.9306097,80.23165131,69872,69882,10
12.93171978,80.23201752,69882,69893,11
12.93288994,80.23239136,69893,69903,10
12.93352032,80.23268127,69903,69913,10
12.93371964,80.23274994,69913,69923,10
12.93362045,80.23267365,69923,69933,10
12.93408012,80.23290253,69933,69943,10
12.9348402,80.23325348,69943,69953,10
12.93568993,80.23365784,69953,69963,10
12.93653011,80.23404694,69963,69973,10
12.93760967,80.23458862,69973,69983,10
12.93873024,80.23516083,69983,69994,11
12.93960953,80.23558044,69994,70024,30
12.93960953,80.23558044,70024,70034,10
12.9396801,80.23558807,70034,70050,16
12.94048023,80.23589325,70050,70062,12
12.94136047,80.23610687,70062,70072,10
12.94357014,80.23724365,70072,70083,11
12.94357014,80.23724365,70083,70093,10
12.94441986,80.23815918,70093,70103,10
12.9453001,80.23908997,70103,70113,10
12.94637966,80.23959351,70113,70123,10
12.94719982,80.23992157,70123,70143,20
12.94719982,80.23992157,70143,70153,10
12.94740963,80.23999786,70153,70163,10
12.94804001,80.24025726,70163,70173,10
12.94869995,80.24053192,70173,70193,20
12.94869995,80.24053192,70193,70203,10
12.94886971,80.2405777,70203,70214,11
12.94931984,80.24076843,70214,70224,10
12.94993973,80.2409668,70224,70234,10
12.9507103,80.24120331,70234,70243,9
12.95100975,80.24128723,70243,70253,10
12.95102024,80.24128723,70253,70264,11
12.95116997,80.24138641,70264,70275,11
12.95176983,80.24160767,70275,70285,10
12.95263004,80.2419281,70285,70295,10
12.95368004,80.24234772,70295,70305,10
12.9546299,80.24272156,70305,70315,10
12.95530033,80.24295807,70315,70325,10
12.95633984,80.24330902,70325,70386,61
12.95633984,80.24330902,70386,70396,10
12.95674992,80.24342346,70396,70406,10
12.95740986,80.24375153,70406,70416,10
12.95823002,80.24411774,70416,70426,10
12.95903969,80.24449921,70426,70436,10
12.95903015,80.24449158,70436,70446,10
12.95923996,80.24459076,70446,70457,11
12.96004009,80.24495697,70457,70467,10
12.96105003,80.24543762,70467,70477,10
12.9622097,80.24601746,70477,70487,10
12.96313,80.24642181,70487,70507,20
12.96313,80.24642181,70507,70517,10
12.96323013,80.24645996,70517,70527,10
12.96352005,80.24662018,70527,70537,10
12.96389008,80.2467804,70537,70548,11
12.96450043,80.24701691,70548,70558,10
12.96529007,80.24729919,70558,70568,10
12.96613979,80.24761963,70568,70578,10
12.96697998,80.24799347,70578,70598,20
12.96697998,80.24799347,70598,70608,10
12.96710014,80.24810028,70608,70618,10
12.96767044,80.24836731,70618,70628,10
12.96860027,80.24871826,70628,70639,11
12.9698801,80.24922943,70639,70649,10
12.9710598,80.24964905,70649,70659,10
12.97224998,80.24996185,70659,70669,10
12.97350025,80.25029755,70669,70679,10
12.97478008,80.25064087,70679,70689,10
12.97603035,80.25099945,70689,70699,10
12.97706032,80.251297,70699,70709,10
12.97791004,80.25186157,70709,70719,10
12.97856998,80.25231934,70719,70730,11
12.97858047,80.25232697,70730,70740,10
12.9786396,80.25235748,70740,70750,10
12.97906017,80.2525177,70750,70760,10
12.97966957,80.25261688,70760,70790,30
12.97966957,80.25261688,70790,70800,10
12.97994041,80.25263977,70800,70810,10
12.98073959,80.25263214,70810,70821,11
12.98202038,80.25260162,70821,70831,10
12.98348045,80.25244141,70831,70841,10
12.98472023,80.25212097,70841,70851,10
12.98567963,80.2518692,70851,70861,10
12.98663998,80.25161743,70861,70871,10
12.98725986,80.25141907,70871,70881,10
12.98820972,80.25119019,70881,70891,10
12.98927975,80.25090027,70891,70900,9
12.98948956,80.2508316,70900,70912,12
12.9895401,80.25081635,70912,70922,10
12.99005032,80.25071716,70922,70932,10
12.99094963,80.25051117,70932,70942,10
12.99213982,80.25022888,70942,70952,10
12.99353027,80.24987793,70952,70962,10
12.99493027,80.24951935,70962,70972,10
12.99639034,80.24915314,70972,70982,10
12.99796009,80.24875641,70982,70992,10
12.99956036,80.24836731,70992,71003,11
13.00127029,80.24794006,71003,71013,10
13.00265026,80.247612,71013,71023,10
13.00409031,80.24736786,71023,71033,10
13.00537968,80.24716187,71033,71043,10
13.00623035,80.24678802,71043,71053,10
13.00638962,80.24656677,71053,71063,10
13.00644016,80.24648285,71063,71073,10
13.0065403,80.24593353,71073,71083,10
13.00656033,80.24542236,71083,71094,11
13.00656986,80.24507141,71094,71104,10
13.00654984,80.24479675,71104,71114,10
13.0065403,80.24449921,71114,71124,10
13.00654984,80.24433136,71124,71134,10
13.0065403,80.24403381,71134,71144,10
13.00656033,80.24371338,71144,71154,10
13.00654984,80.24329376,71154,71164,10
13.00652981,80.24250031,71164,71174,10
13.00652981,80.24141693,71174,71184,10
13.00667,80.24040222,71184,71195,11
13.00691986,80.23912811,71195,71205,10
13.00712967,80.23806763,71205,71215,10
13.00728035,80.23738098,71215,71225,10
13.00734043,80.23677826,71225,71235,10
13.00737953,80.23664856,71235,71245,10
13.00749969,80.23619843,71245,71255,10
13.00763988,80.23551941,71255,71265,10
13.00776005,80.23509979,71265,71275,10
13.0079298,80.23426819,71275,71286,11
13.00813961,80.23317719,71286,71296,10
13.00837994,80.23194122,71296,71306,10
13.00862026,80.23065186,71306,71316,10
13.0088501,80.22949219,71316,71326,10
13.00905991,80.228508,71326,71336,10
13.00928974,80.22781372,71336,71346,10
13.00984955,80.2265625,71346,71356,10
13.01031017,80.22559357,71356,71366,10
13.01064968,80.22489166,71366,71377,11
13.0109396,80.22415924,71377,71387,10
13.01124001,80.22332764,71387,71407,20
13.01124001,80.22332764,71407,71417,10
13.0112896,80.22312164,71417,71427,10
13.01161003,80.22241974,71427,71437,10
13.01198006,80.22144318,71437,71447,10
13.01231956,80.22149658,71447,71457,10
13.01272011,80.22206116,71457,71468,11
13.01340961,80.22283936,71468,71478,10
13.01406956,80.22357941,71478,71488,10
13.01455021,80.22418213,71488,71498,10
13.01506996,80.22470093,71498,71508,10
13.0155201,80.22498322,71508,71528,20
13.0155201,80.22498322,71528,71538,10
13.01581955,80.22528076,71538,71548,10
13.01659966,80.22527313,71548,71559,11
13.01776028,80.22480774,71559,71569,10
13.01877975,80.22441864,71569,71579,10
13.01965046,80.22451782,71579,71589,10
13.02017021,80.2248764,71589,71599,10
13.02070045,80.22525787,71599,71609,10
13.02126026,80.22569275,71609,71619,10
13.0219202,80.22618103,71619,71629,10
13.02225971,80.2264328,71629,71639,10
13.02250957,80.22659302,71639,71650,11
13.02254009,80.22663879,71650,71660,10
13.0229702,80.22702789,71660,71670,10
13.02355957,80.22757721,71670,71680,10
13.02408028,80.22818756,71680,71690,10
13.02423,80.22840118,71690,71700,10
13.02431011,80.22852325,71700,71716,16
13.02509022,80.22955322,71716,71728,12
13.02577019,80.23066711,71728,71738,10
13.02593994,80.23120117,71738,71759,21
13.02593994,80.23120117,71759,71769,10
13.02589035,80.23117065,71769,71779,10
13.02600002,80.23149872,71779,71789,10
13.02618027,80.23216248,71789,71799,10
13.02657032,80.233078,71799,71807,8
13.02705002,80.23387909,71807,71818,11
13.02772045,80.23506165,71818,71829,11
13.02859974,80.2361908,71829,71841,12
13.02956009,80.23724365,71841,71851,10
13.03020954,80.23829651,71851,71859,8
13.03065968,80.23903656,71859,71870,11
13.03110981,80.2397995,71870,71881,11
13.03141022,80.24034119,71881,71891,10
13.0314703,80.24088287,71891,71901,10
13.03160954,80.2411499,71901,71911,10
13.0317297,80.24141693,71911,71921,10
13.03192043,80.24185181,71921,71932,11
13.03234959,80.24237823,71932,71942,10
13.03289032,80.24308014,71942,71952,10
13.03347969,80.24385834,71952,71962,10
13.03398037,80.24455261,71962,71972,10
13.03427982,80.24494934,71972,71982,10
13.03462982,80.24542236,71982,71992,10
13.03491974,80.2457428,71992,72002,10
13.03511047,80.24590302,72002,72012,10
13.03563023,80.24607849,72012,72023,11
13.03569031,80.24610138,72023,72033,10
13.03598976,80.24626923,72033,72043,10
13.03672028,80.24642944,72043,72053,10
13.03740978,80.24638367,72053,72063,10
13.03808022,80.24652863,72063,72073,10
13.0389204,80.24678802,72073,72134,61
13.0389204,80.24678802,72134,72144,10
13.0391798,80.24688721,72144,72154,10
13.0394001,80.24694061,72154,72164,10
13.0398798,80.24700928,72164,72174,10
13.04082966,80.24719238,72174,72184,10
13.04181957,80.24738312,72184,72194,10
13.04251003,80.24758911,72194,72205,11
13.04319954,80.24784088,72205,72215,10
13.04395962,80.24781799,72215,72225,10
13.04448986,80.24790192,72225,72235,10
13.04504013,80.24815369,72235,72245,10
13.0457201,80.24841309,72245,72255,10
13.0464201,80.24846649,72255,72265,10
13.04695034,80.2483902,72265,72275,10
13.04695034,80.24839783,72275,72292,17
13.04736042,80.24861908,72292,72304,12
13.04786968,80.24909973,72304,72314,10
13.04802036,80.24923706,72314,72324,10
13.04835987,80.24958038,72324,72334,10
13.04878998,80.24967957,72334,72343,9
13.04957962,80.24978638,72343,72354,11
13.05078983,80.25003815,72354,72364,10
13.05177975,80.25047302,72364,72374,10
13.05237961,80.25112915,72374,72384,10
13.0528698,80.25177002,72384,72395,11
13.05340958,80.25247955,72395,72405,10
13.05383968,80.2530899,72405,72415,10
13.05430031,80.25370789,72415,72425,10
13.05473995,80.25428009,72425,72435,10
13.05521011,80.25489807,72435,72445,10
13.05574036,80.2556076,72445,72455,10
13.05624008,80.25627899,72455,72465,10
13.05673981,80.25679016,72465,72475,10
13.05745983,80.25743866,72475,72486,11
13.05805969,80.2580719,72486,72496,10
13.05852985,80.25869751,72496,72506,10
13.05900002,80.25926971,72506,72516,10
13.05933952,80.25990295,72516,72526,10
13.05980015,80.26027679,72526,72536,10
13.06062031,80.26117706,72536,72556,20
13.06062031,80.26117706,72556,72566,10
13.06074047,80.26139069,72566,72577,11
13.06087971,80.2615509,72577,72587,10
13.06112003,80.26184082,72587,72597,10
13.06145954,80.26222992,72597,72607,10
13.0618,80.26270294,72607,72617,10
13.06231976,80.26335144,72617,72627,10
13.06282043,80.2639389,72627,72637,10
13.06334972,80.26464844,72637,72647,10
13.0637598,80.26528168,72647,72657,10
13.0639801,80.26561737,72657,72668,11
13.06439018,80.26609802,72668,72678,10
13.06474018,80.26651764,72678,72688,10
13.06488037,80.2666626,72688,72698,10
13.06521034,80.26698303,72698,72708,10
13.06564045,80.2673111,72708,72718,10
13.06581974,80.2675705,72718,72728,10
13.06628036,80.26815796,72728,72738,10
13.06667995,80.26841736,72738,72748,10
13.06696987,80.26860046,72748,72759,11
13.0676403,80.2690506,72759,72769,10
13.06818008,80.26941681,72769,72779,10
13.06820011,80.26973724,72779,72787,8
13.06816006,80.27010345,72787,72798,11
13.06812,80.27046204,72798,72809,11
13.06807995,80.27085114,72809,72819,10
13.06824017,80.27153015,72819,72829,10
13.06853962,80.27182007,72829,72839,10
13.06869984,80.27187347,72839,72850,11
13.06896019,80.2719574,72850,72860,10
13.06927967,80.27223206,72860,72870,10
13.06970024,80.2726593,72870,72880,10
13.06997013,80.27297974,72880,72890,10
13.07019997,80.27324677,72890,72900,10
13.07044029,80.2735672,72900,72910,10
13.07069969,80.27394104,72910,72920,10
13.07106018,80.27404022,72920,72930,10
13.07116032,80.27407837,72930,72940,10
13.07124996,80.27410126,72940,72951,11
13.07135963,80.27414703,72951,72961,10
13.0718298,80.27442169,72961,72971,10
13.07215977,80.27480316,72971,72981,10
13.07260036,80.27528381,72981,72991,10
13.07310009,80.27583313,72991,73001,10
13.07359028,80.27629852,73001,73011,10
13.07427979,80.27633667,73011,73021,10
13.07501984,80.27629852,73021,73031,10
13.07575989,80.27628326,73031,73042,11
13.07653999,80.27626038,73042,73052,10
13.07680988,80.27620697,73052,73062,10
13.07744026,80.27610016,73062,73072,10
13.07812977,80.27581024,73072,73082,10
13.07835007,80.27529144,73082,73092,10
13.07861996,80.2751236,73092,73102,10
13.07923985,80.275177,73102,73112,10
13.08018017,80.27523041,73112,73133,21
13.08018017,80.27523041,73133,73143,10
13.08040047,80.27520752,73143,73153,10
13.08076954,80.275177,73153,73163,10
13.08100986,80.27516174,73163,73284,121
13.08100986,80.27516174,73284,73294,10
13.0812397,80.27513885,73294,73304,10
13.08127975,80.27513123,73304,73315,11
13.08156967,80.27514648,73315,73325,10
13.08187962,80.27529907,73325,73335,10
13.08199978,80.27574158,73335,73365,30
13.08199978,80.27574158,73365,73375,10
13.08193016,80.27593994,73375,73385,10
13.08180046,80.27613068,73385,73395,10
13.08185959,80.27667999,73395,73406,11
13.0819397,80.27747345,73406,73416,10
13.08211994,80.27825928,73416,73436,20
13.08211994,80.27825928,73436,73446,10
13.08193016,80.27825928,73446,73456,10
13.08187008,80.27764893,73456,73466,10
13.08174992,80.2767334,73466,73476,10
13.08146954,80.27546692,73476,73495,19
13.08146954,80.27546692,73495,73507,12
13.0812397,80.27519989,73507,73517,10
13.08069992,80.27526093,73517,73527,10
13.0801096,80.27532959,73527,73537,10
13.0795002,80.27536011,73537,73547,10
13.07878971,80.27520752,73547,73557,10
13.07822037,80.27568054,73557,73567,10
13.07785988,80.27623749,73567,73577,10
13.07713985,80.27628326,73577,73587,10
13.07641983,80.27632141,73587,73598,11
13.07586956,80.27626801,73598,73608,10
13.07588005,80.27600861,73608,73618,10
13.07623959,80.27571869,73618,75288,1670
13.07623959,80.27571869,75288,75298,10
13.0761404,80.27574921,75298,75308,10
13.07610035,80.27561951,75308,75318,10
13.07588959,80.27519226,75318,75328,10
13.07567978,80.27513885,75328,78707,3379
13.07567978,80.27513885,78707,78717,10
13.07555962,80.27520752,78717,81458,2741
13.07555962,80.27520752,81458,81468,10
13.07565022,80.27516937,81468,84238,2770
13.07565022,80.27516937,84238,84248,10
13.07569981,80.27516937,84248,84258,10
13.07573986,80.27501678,84258,84288,30
13.07573986,80.27501678,84288,84298,10
13.07542992,80.27490234,84298,84308,10
13.07522964,80.27496338,84308,84318,10
13.07511044,80.27501678,84318,84329,11
13.07493019,80.27516174,84329,84339,10
