12.78633022,80.22174072,19,806,787
12.78635025,80.22190857,806,1018,212
12.78635025,80.22190857,1018,1028,10
12.78641987,80.22181702,1028,1311,283
12.78623009,80.22183228,1311,1341,30
12.78629017,80.22176361,1341,1917,576
12.78629017,80.22176361,1917,1927,10
12.78635979,80.22161102,1927,2028,101
12.78635979,80.22161102,2028,2038,10
12.78631973,80.2217865,2038,2139,101
12.78629971,80.22190857,2139,2411,272
12.78629971,80.22190857,2411,2421,10
12.78629971,80.22168732,2421,3623,1202
12.78629017,80.22200012,3623,3683,60
12.78639984,80.2216568,3683,4239,556
12.78639984,80.2216568,4239,4249,10
12.78635025,80.22200012,4249,4885,636
12.78635025,80.22168732,4885,5774,889
12.7863903,80.22174835,5774,6410,636
12.78633976,80.22189331,6410,6572,162
12.78641987,80.22171783,6572,6663,91
12.78631973,80.22181702,6663,6774,111
12.78637981,80.22177887,6774,7218,444
12.7863102,80.22181702,7218,7622,404
12.78629971,80.22177124,7622,7834,212
12.78629971,80.22180176,7834,8490,656
12.78641033,80.22174072,8490,8783,293
12.78633976,80.22181702,8783,9035,252
12.78633976,80.22181702,9035,9045,10
12.78633976,80.22173309,9045,9298,253
12.78641033,80.22193146,9298,11488,2190
12.78629971,80.2217865,11488,12104,616
12.78639984,80.2219162,12104,13387,1283
12.78641033,80.22180939,13387,14882,1495
12.78643036,80.2218399,14882,15275,393
12.78637981,80.22174072,15275,15599,324
12.78639984,80.2217865,15599,15760,161
12.78639984,80.2217865,15760,15770,10
12.78637981,80.22171021,15770,15780,10
12.78631973,80.22145844,15780,15790,10
12.78625965,80.22103882,15790,15800,10
12.78625965,80.22044373,15800,15811,11
12.78651047,80.22041321,15811,15841,30
12.78651047,80.22041321,15841,15851,10
12.78689957,80.22058105,15851,15861,10
12.78759003,80.22084045,15861,15871,10
12.7884903,80.22116852,15871,15881,10
12.78942966,80.22151947,15881,15891,10
12.7903204,80.22180176,15891,15901,10
12.7913599,80.22205353,15901,15912,11
12.7926302,80.2223587,15912,15922,10
12.79386997,80.22254181,15922,15932,10
12.79512024,80.22273254,15932,15942,10
12.79621029,80.22292328,15942,15952,10
12.7973299,80.2231369,15952,15962,10
12.79854012,80.22329712,15962,15972,10
12.7997303,80.22341156,15972,15982,10
12.80088997,80.22350311,15982,15992,10
12.80198956,80.22361755,15992,16002,10
12.8032198,80.22377777,16002,16012,10
12.80445957,80.22386932,16012,16023,11
12.80554008,80.22409058,16023,16053,30
12.80554008,80.22409058,16053,16063,10
12.80583,80.22429657,16063,16073,10
12.80634022,80.22473907,16073,16083,10
12.80702019,80.22534943,16083,16093,10
12.80788994,80.22608185,16093,16103,10
12.80885983,80.22689819,16103,16113,10
12.80998993,80.22759247,16113,16124,11
12.81130028,80.2281189,16124,16134,10
12.81243992,80.22853088,16134,16144,10
12.81359005,80.22892761,16144,16154,10
12.81482029,80.22921753,16154,16164,10
12.81602001,80.22939301,16164,16174,10
12.8172102,80.22963715,16174,16184,10
12.81799984,80.23000336,16184,16193,9
12.81978035,80.23043823,16193,16215,22
12.81978035,80.23043823,16215,16225,10
12.81986046,80.2304306,16225,16236,11
12.82038021,80.23040771,16236,16246,10
12.82110977,80.23040009,16246,16256,10
12.82198048,80.23052216,16256,16265,9
12.82281971,80.23075104,16265,16276,11
12.82376003,80.23104095,16276,16286,10
12.82478046,80.23127747,16286,16295,9
12.82565022,80.23133087,16295,16305,10
12.82629967,80.23129272,16305,16316,11
12.82643986,80.23127747,16316,16326,10
12.82689953,80.23121643,16326,16337,11
12.82761955,80.23097229,16337,16347,10
12.8283596,80.23052216,16347,16357,10
12.82927036,80.23004913,16357,16367,10
12.83028984,80.22963715,16367,16377,10
12.83100986,80.22936249,16377,16387,10
12.83106995,80.2293396,16387,16397,10
12.83146,80.22923279,16397,16407,10
12.83216,80.2290802,16407,16417,10
12.83302021,80.22891998,16417,16427,10
12.83409977,80.22872162,16427,16437,10
12.83533001,80.228508,16437,16448,11
12.83677959,80.228302,16448,16458,10
12.83810997,80.22808075,16458,16468,10
12.8390398,80.22782135,16468,16478,10
12.83946991,80.22769928,16478,16498,20
12.83946991,80.22769928,16498,16508,10
12.8398304,80.22753906,16508,16518,10
12.8404398,80.22741699,16518,16528,10
12.84125996,80.22722626,16528,16538,10
12.84232044,80.22695923,16538,16549,11
12.84364033,80.2266922,16549,16559,10
12.84490013,80.22654724,16559,16569,10
12.84550953,80.22653961,16569,16589,20
12.84550953,80.22653961,16589,16599,10
12.8455801,80.22653961,16599,16609,10
12.84597015,80.2265625,16609,16619,10
12.84667969,80.22654724,16619,16629,10
12.84762001,80.22653961,16629,16639,10
12.84875011,80.22653961,16639,16650,11
12.85011005,80.22653961,16650,16660,10
12.8514204,80.22657776,16660,16670,10
12.85278034,80.22663879,16670,16680,10
12.85416031,80.2265625,16680,16690,10
12.85554028,80.22641754,16690,16700,10
12.85680962,80.22628021,16700,16710,10
12.85789967,80.22618103,16710,16720,10
12.85879993,80.22618866,16720,16730,10
12.85951042,80.22628021,16730,16740,10
12.86025047,80.22640228,16740,16751,11
12.86081028,80.22650146,16751,16761,10
12.86079979,80.22650146,16761,16771,10
12.86126041,80.22653198,16771,16781,10
12.86194992,80.22650146,16781,16791,10
12.86281013,80.22644043,16791,16801,10
12.86390018,80.22644806,16801,16811,10
12.86516953,80.22650146,16811,16821,10
12.86653996,80.22646332,16821,16831,10
12.86793995,80.22634125,16831,16841,10
12.86929989,80.22637939,16841,16851,10
12.87069988,80.22653198,16851,16862,11
12.87220001,80.22660065,16862,16872,10
12.87283993,80.22660065,16872,16882,10
12.87310028,80.22660828,16882,16892,10
12.87366009,80.22663879,16892,16902,10
12.87450027,80.22673798,16902,16912,10
12.87553024,80.22686768,16912,16922,10
12.87668991,80.22688293,16922,16942,20
12.87668991,80.22688293,16942,16952,10
12.87679958,80.22686768,16952,16963,11
12.87732029,80.22685242,16963,16973,10
12.8781004,80.22679901,16973,16983,10
12.87905979,80.22673035,16983,16993,10
12.88020992,80.22669983,16993,17003,10
12.8814497,80.22664642,17003,17013,10
12.88271999,80.22663116,17013,17023,10
12.88399029,80.22662354,17023,17033,10
12.88516045,80.22662354,17033,17043,10
12.88527966,80.22663879,17043,17053,10
12.88539028,80.22666168,17053,17063,10
12.88586998,80.22678375,17063,17074,11
12.88671017,80.22701263,17074,17084,10
12.88768959,80.22718048,17084,17094,10
12.8885603,80.22724915,17094,17104,10
12.88868046,80.22725677,17104,17114,10
12.8891201,80.22727203,17114,17124,10
12.88984966,80.22727203,17124,17134,10
12.89076042,80.22727203,17134,17144,10
12.89188004,80.22727203,17144,17154,10
12.89311028,80.22737122,17154,17164,10
12.89412022,80.22747803,17164,17175,11
12.89422035,80.22749329,17175,17185,10
12.8946104,80.2275238,17185,17195,10
12.89527035,80.22754669,17195,17205,10
12.89610004,80.22759247,17205,17215,10
12.89706993,80.22763824,17215,17225,10
12.89795017,80.22769928,17225,17235,10
12.89865017,80.22772217,17235,17245,10
12.89931965,80.22776794,17245,17255,10
12.90001011,80.22779846,17255,17265,10
12.90067959,80.22783661,17265,17276,11
12.90178013,80.22792053,17276,17306,30
12.90178013,80.22792053,17306,17316,10
12.9018898,80.22794342,17316,17326,10
12.90237999,80.22796631,17326,17336,10
12.90316963,80.22801971,17336,17346,10
12.90415001,80.22805786,17346,17356,10
12.90532017,80.2281189,17356,17372,16
12.90690041,80.22823334,17372,17385,13
12.90692043,80.22823334,17385,17395,10
12.90725994,80.22825623,17395,17404,9
12.90781975,80.22834015,17404,17414,10
12.90865993,80.22847748,17414,17425,11
12.90985012,80.22868347,17425,17435,10
12.91082954,80.22882843,17435,17445,10
12.91226959,80.22904968,17445,17454,9
12.91411018,80.22928619,17454,17475,21
12.91411018,80.22928619,17475,17486,11
12.9142704,80.2293396,17486,17496,10
12.91479969,80.22942352,17496,17506,10
12.91555977,80.22953033,17506,17516,10
12.91654015,80.22966003,17516,17526,10
12.91767979,80.22981262,17526,17536,10
12.91891956,80.22998047,17536,17546,10
12.92022991,80.23014832,17546,17562,16
12.92238045,80.23046112,17562,17574,12
12.92401981,80.23069763,17574,17584,10
12.92535019,80.23084259,17584,17595,11
12.92640972,80.23091888,17595,17605,10
12.92638016,80.23095703,17605,17615,10
12.92671013,80.23097229,17615,17625,10
12.92720985,80.23103333,17625,17635,10
12.92798042,80.23110962,17635,17645,10
12.92887974,80.23123932,17645,17655,10
12.92998028,80.23149109,17655,17665,10
12.93122005,80.23178864,17665,17676,11
12.93255043,80.23223877,17676,17686,10
12.93369961,80.23275757,17686,17737,51
12.93369961,80.23275757,17737,17747,10
12.93375969,80.23281097,17747,17757,10
12.93416023,80.23297882,17757,17767,10
12.9348402,80.23326874,17767,17777,10
12.93560982,80.23362732,17777,17787,10
12.93649006,80.23412323,17787,17798,11
12.93760014,80.23480988,17798,17808,10
12.93877983,80.23519897,17808,17818,10
12.93984032,80.23571014,17818,17837,19
12.93984032,80.23571014,17837,17847,10
12.93994999,80.23574066,17847,17858,11
12.94034004,80.23587036,17858,17868,10
12.94108963,80.2360611,17868,17878,10
12.94190979,80.23625183,17878,17888,10
12.94283009,80.23657227,17888,17899,11
12.94375992,80.23739624,17899,17909,10
12.94456005,80.23834229,17909,17919,10
12.94556046,80.23925018,17919,17929,10
12.94676018,80.23976135,17929,17939,10
12.94750023,80.24004364,17939,17959,20
12.94750023,80.24004364,17959,17969,10
12.94762993,80.2401123,17969,17979,10
12.94806957,80.24027252,17979,17989,10
12.94857979,80.24053192,17989,17999,10
12.94925976,80.24078369,17999,18010,11
12.95018005,80.24104309,18010,18020,10
12.95123005,80.24136353,18020,18040,20
12.95123005,80.24136353,18040,18050,10
12.95131969,80.24141693,18050,18060,10
12.95166016,80.241539,18060,18070,10
12.95217991,80.24172974,18070,18080,10
12.95281982,80.24196625,18080,18090,10
12.95351028,80.24226379,18090,18100,10
12.95417023,80.24253082,18100,18111,11
12.95501041,80.24285126,18111,18121,10
12.95555973,80.24304199,18121,18131,10
12.95617962,80.2432785,18131,18141,10
12.95648956,80.24337769,18141,18151,10
12.95668983,80.24346924,18151,18161,10
12.95716953,80.24369049,18161,18171,10
12.95783043,80.24395752,18171,18181,10
12.95901966,80.24446106,18181,18212,31
12.95901966,80.24446106,18212,18222,10
12.95915031,80.24456787,18222,18232,10
12.95958042,80.24474335,18232,18242,10
12.96018028,80.24503326,18242,18252,10
12.96092987,80.24536896,18252,18262,10
12.96177006,80.24578857,18262,18272,10
12.96259022,80.24623108,18272,18282,10
12.96341991,80.2466507,18282,18292,10
12.96438026,80.24700928,18292,18302,10
12.96543026,80.24736023,18302,18312,10
12.96646976,80.24774933,18312,18323,11
12.96702957,80.24800873,18323,18353,30
12.96702957,80.24800873,18353,18363,10
12.96718025,80.24812317,18363,18373,10
12.9674902,80.2482605,18373,18383,10
12.96800995,80.24845886,18383,18393,10
12.96864033,80.24865723,18393,18403,10
12.96930027,80.2489624,18403,18419,16
12.97047997,80.24945068,18419,18432,13
12.97154045,80.24974823,18432,18442,10
12.97239017,80.24996185,18442,18452,10
12.97323036,80.25016022,18452,18462,10
12.97401047,80.25036621,18462,18472,10
12.97447014,80.25047302,18472,18593,121
12.97447014,80.25047302,18593,18603,10
12.97443962,80.25051117,18603,18613,10
12.97482014,80.25064087,18613,18623,10
12.97542953,80.2508316,18623,18634,11
12.97628021,80.25108337,18634,18644,10
12.97717953,80.25137329,18644,18654,10
12.97805977,80.2519989,18654,18664,10
12.97854996,80.25234985,18664,18724,60
12.97854996,80.25234985,18724,18734,10
12.97865963,80.25241089,18734,18751,17
12.97953033,80.25261688,18751,18763,12
12.98017025,80.25266266,18763,18773,10
12.98087978,80.25263977,18773,18783,10
12.98173046,80.25261688,18783,18793,10
12.98264027,80.25258636,18793,18802,9
12.98381042,80.25241852,18802,18813,11
12.98513031,80.25206757,18813,18823,10
12.98630047,80.25176239,18823,18833,10
12.98731995,80.2514801,18833,18843,10
12.98781967,80.25138855,18843,18855,12
12.98810005,80.25199127,18855,18905,50
12.98810005,80.25199127,18905,18915,10
12.98810959,80.25212097,18915,18925,10
12.98810005,80.25253296,18925,18935,10
12.98801994,80.2533493,18935,18946,11
12.98791027,80.25450134,18946,18956,10
12.98779964,80.25553894,18956,18966,10
12.98777962,80.25576782,18966,18976,10
12.98808956,80.25585938,18976,18986,10
12.98869991,80.25588989,18986,19006,20
12.98869991,80.25588989,19006,19016,10
12.98906994,80.25592041,19016,19026,10
12.98974037,80.25595856,19026,19036,10
12.99053955,80.25595856,19036,19046,10
12.99147034,80.25601959,19046,19057,11
12.99283028,80.25605011,19057,19067,10
12.99403,80.25598145,19067,19077,10
12.99520016,80.25591278,19077,19087,10
12.99633026,80.25585938,19087,19097,10
12.99715042,80.25588226,19097,19107,10
12.99790001,80.25592041,19107,19117,10
12.99870014,80.25598145,19117,19127,10
12.99888992,80.25601196,19127,19143,16
12.99901009,80.25605774,19143,19155,12
12.99946976,80.25614166,19155,19166,11
13.0002203,80.25627899,19166,19176,10
13.00105,80.25643921,19176,19186,10
13.00175953,80.25656128,19186,19196,10
13.00249958,80.25668335,19196,19206,10
13.00354004,80.25688171,19206,19216,10
13.00438976,80.25701904,19216,19226,10
13.0053997,80.25717926,19226,19236,10
13.00621986,80.25737762,19236,19246,10
13.00658989,80.25717926,19246,19255,9
13.00652981,80.25659943,19255,19267,12
13.00648022,80.25553894,19267,19276,9
13.00650024,80.25450134,19276,19287,11
13.00646973,80.25331116,19287,19297,10
13.00648022,80.25315094,19297,19307,10
13.00648975,80.25289917,19307,19317,10
13.00654984,80.25232697,19317,19327,10
13.00669003,80.25160217,19327,19337,10
13.00675964,80.2506485,19337,19347,10
13.00671959,80.24942017,19347,19357,10
13.00664043,80.24810791,19357,19368,11
13.00662994,80.24685669,19368,19378,10
13.00658035,80.24646759,19378,19388,10
13.00662994,80.24633026,19388,19398,10
13.00664997,80.24581146,19398,19408,10
13.00666046,80.24504089,19408,19418,10
13.00664043,80.24401855,19418,19428,10
13.00662994,80.24288177,19428,19444,16
13.00662994,80.24101257,19444,19456,12
13.00673008,80.24044037,19456,19466,10
13.0067997,80.24018097,19466,19476,10
13.00695038,80.23957062,19476,19487,11
13.00704002,80.23870087,19487,19497,10
13.00728989,80.23760223,19497,19507,10
13.00741959,80.23680115,19507,19517,10
13.00745964,80.23667908,19517,19527,10
13.00755978,80.23635101,19527,19537,10
13.00769997,80.23576355,19537,19547,10
13.00774002,80.23518372,19547,19557,10
13.00796986,80.23409271,19557,19567,10
13.00825977,80.23272705,19567,19578,11
13.00858021,80.23114014,19578,19588,10
13.00891018,80.22968292,19588,19598,10
13.00912952,80.22841644,19598,19608,10
13.00957012,80.22731781,19608,19618,10
13.01016045,80.22612,19618,19628,10
13.01072025,80.22493744,19628,19638,10
13.01111031,80.22403717,19638,19648,10
13.0115099,80.22312164,19648,19658,10
13.01181984,80.22212982,19658,19668,10
13.01224995,80.22142792,19668,19678,10
13.0124197,80.22161865,19678,19689,11
13.01261997,80.22199249,19689,19699,10
13.0127697,80.22216797,19699,19709,10
13.0128603,80.22229004,19709,19761,52
13.0128603,80.22229004,19761,19771,10
13.01325989,80.22267151,19771,19781,10
13.0134201,80.22281647,19781,19792,11
13.01354027,80.22292328,19792,19802,10
13.01360989,80.22299194,19802,19812,10
13.01371956,80.22309113,19812,19822,10
13.01385021,80.22324371,19822,19832,10
13.01395988,80.22338104,19832,19842,10
13.01404953,80.2234726,19842,19872,30
13.01404953,80.2234726,19872,19882,10
13.01432991,80.22389221,19882,19893,11
13.01478958,80.22415161,19893,19903,10
13.01556015,80.22490692,19903,19923,20
13.01556015,80.22490692,19923,19933,10
13.01566982,80.22506714,19933,19943,10
13.01599026,80.22530365,19943,19953,10
13.01675987,80.2252121,19953,19963,10
13.0177002,80.22483063,19963,19973,10
13.01858044,80.2244873,19973,19983,10
13.01951981,80.22438049,19983,19993,10
13.02003002,80.22464752,19993,20004,11
13.02007961,80.2246933,20004,20014,10
13.02017975,80.22476959,20014,20024,10
13.0206604,80.22515869,20024,20034,10
13.02128983,80.22563171,20034,20044,10
13.02198029,80.22608185,20044,20054,10
13.02208996,80.2261734,20054,20064,10
13.02221966,80.22628021,20064,20074,10
13.02260017,80.22663879,20074,20084,10
13.02318001,80.22718048,20084,20094,10
13.02394009,80.2279129,20094,20105,11
13.02457047,80.2286911,20105,20115,10
13.02507973,80.22943878,20115,20125,10
13.02573967,80.23042297,20125,20135,10
13.02604008,80.23126221,20135,20145,10
13.02647018,80.23127747,20145,20155,10
13.02713966,80.23103333,20155,20165,10
13.02766991,80.23085785,20165,20175,10
13.02801991,80.23087311,20175,20185,10
13.02840042,80.23088837,20185,20195,10
13.02888012,80.23084259,20195,20206,11
13.02947044,80.23079681,20206,20216,10
13.03013992,80.23075867,20216,20226,10
13.03081989,80.23072052,20226,20236,10
13.03110027,80.23066711,20236,20246,10
13.03178024,80.23059845,20246,20256,10
13.03279972,80.23046112,20256,20266,10
13.03392982,80.23040771,20266,20276,10
13.03427982,80.23036194,20276,20296,20
13.03427982,80.23036194,20296,20306,10
13.03439045,80.23036957,20306,20317,11
13.03454018,80.23036957,20317,20327,10
13.03497028,80.23021698,20327,20337,10
13.03516006,80.2303009,20337,20347,10
13.03487968,80.23033142,20347,20357,10
13.03446007,80.23040009,20357,20367,10
13.03361988,80.23047638,20367,20397,30
13.03361988,80.23047638,20397,20407,10
13.0333004,80.23039246,20407,20498,91
13.03351974,80.23046875,20498,21144,646
13.03332043,80.23036957,21144,21498,354
13.03349972,80.23043823,21498,21962,464
13.03349972,80.23043823,21962,21972,10
13.03365993,80.23034668,21972,21993,21
13.03365993,80.23034668,21993,22003,10
13.03314018,80.23045349,22003,22013,10
13.0323,80.23055267,22013,22023,10
13.03118038,80.2306366,22023,22033,10
13.03034019,80.23069763,22033,22043,10
13.02968025,80.23079681,22043,22053,10
13.02908993,80.23085785,22053,22063,10
13.02838039,80.23095703,22063,22073,10
13.02783966,80.23107147,22073,22083,10
13.02770042,80.23132324,22083,22093,10
13.02777958,80.23178101,22093,22104,11
13.02787018,80.23249817,22104,22114,10
13.02756023,80.23278046,22114,22124,10
13.02688026,80.23294067,22124,22154,30
13.02688026,80.23294067,22154,22164,10
13.02645016,80.23300934,22164,22174,10
13.02628994,80.23278046,22174,22184,10
13.0261097,80.23226166,22184,22194,10
13.0258503,80.23117065,22194,22205,11
13.02521038,80.22987366,22205,22215,10
13.02449989,80.22888947,22215,22225,10
13.02385998,80.22814178,22225,22235,10
13.02334023,80.22763062,22235,22245,10
13.02318001,80.22744751,22245,22255,10
13.02280045,80.22702789,22255,22265,10
13.02213001,80.22646332,22265,22275,10
13.02132034,80.22582245,22275,22285,10
13.02054024,80.2252121,22285,22295,10
13.01972008,80.22470093,22295,22305,10
13.01860046,80.22460938,22305,22316,11
13.01737022,80.22506714,22316,22326,10
13.01651001,80.22541809,22326,22336,10
13.01568985,80.22572327,22336,22346,10
13.01486969,80.22605133,22346,22356,10
13.01418972,80.22631836,22356,22366,10
13.01391983,80.22644043,22366,22376,10
13.01348019,80.22660828,22376,22386,10
13.01278019,80.22689056,22386,22396,10
13.01183987,80.22725677,22396,22406,10
13.0106802,80.2277298,22406,22417,11
13.00938988,80.22828674,22417,22427,10
13.00903034,80.2293396,22427,22437,10
13.00879002,80.23042297,22437,22447,10
13.00858021,80.23158264,22447,22457,10
13.00839996,80.23265839,22457,22467,10
13.00825977,80.23349762,22467,22477,10
13.00811005,80.23400879,22477,22487,10
13.00800037,80.23478699,22487,22498,11
13.00771999,80.2360611,22498,22508,10
13.00745964,80.23741913,22508,22519,11
13.00726032,80.23858643,22519,22529,10
13.00710964,80.23931885,22529,22539,10
13.00699043,80.2397995,22539,22549,10
13.00695992,80.24001312,22549,22559,10
13.00693035,80.24031067,22559,22569,10
13.00671005,80.24104309,22569,22579,10
13.00667953,80.24199677,22579,22589,10
13.00664043,80.24301147,22589,22599,10
13.00667,80.24397278,22599,22609,10
13.00667953,80.24514008,22609,22618,9
13.00689983,80.24604034,22618,22630,12
13.00683022,80.24717712,22630,22640,10
13.00677013,80.24770355,22640,22650,10
13.00677013,80.2485199,22650,22660,10
13.0067997,80.24964142,22660,22670,10
13.00683022,80.25090027,22670,22680,10
13.00662994,80.25212097,22680,22690,10
13.0065403,80.25354004,22690,22700,10
13.00658035,80.25475311,22700,22710,10
13.00658989,80.25521088,22710,22720,10
13.00656986,80.25550842,22720,22731,11
13.00656033,80.25624084,22731,22741,10
13.00658035,80.2569809,22741,22751,10
13.00666046,80.25744629,22751,22801,50
13.00683975,80.25740814,22801,22832,31
13.00683975,80.25740814,22832,22842,10
13.00681973,80.25746918,22842,22852,10
13.00648022,80.25763702,22852,22862,10
13.00586033,80.25747681,22862,22872,10
13.00489998,80.25721741,22872,22882,10
13.00374031,80.25694275,22882,22892,10
13.00277996,80.25676727,22892,22902,10
13.00172043,80.25659943,22902,22912,10
13.00057983,80.2564621,22912,22922,10
12.99946976,80.25630188,22922,22932,10
12.99866962,80.25614166,22932,22943,11
12.99835968,80.25605774,22943,22953,10
12.99825001,80.25601196,22953,22963,10
12.99790001,80.25601196,22963,22973,10
12.99738979,80.25596619,22973,22983,10
12.99693012,80.25595093,22983,22993,10
12.99658012,80.25595093,22993,23003,10
12.99592018,80.2559433,23003,23013,10
12.99534035,80.2559433,23013,23023,10
12.99475956,80.25598145,23023,23033,10
12.99396992,80.25605011,23033,23044,11
12.99298,80.25610352,23044,23054,10
12.99190998,80.25608063,23054,23064,10
12.99102974,80.25610352,23064,23074,10
12.99018955,80.25605011,23074,23084,10
12.98941994,80.25602722,23084,23094,10
12.98851967,80.25592041,23094,23124,30
12.98851967,80.25592041,23124,23134,10
12.98838043,80.25588989,23134,23151,17
12.98760033,80.25578308,23151,23164,13
12.98666,80.25565338,23164,23174,10
12.98598003,80.25547791,23174,23184,10
12.98560047,80.25543976,23184,23194,10
12.98484993,80.25524139,23194,23204,10
12.98377991,80.25495911,23204,23214,10
12.98320007,80.25479889,23214,23224,10
12.98260975,80.25467682,23224,23234,10
12.98180962,80.25367737,23234,23275,41
12.98180962,80.25367737,23275,23285,10
12.98184013,80.25353241,23285,23295,10
12.98178005,80.25315857,23295,23305,10
12.98138046,80.2527771,23305,23315,10
12.98062992,80.2527771,23315,23333,18
12.97937012,80.25272369,23333,23345,12
12.97873974,80.25263214,23345,23426,81
12.97873974,80.25263214,23426,23436,10
12.97854042,80.25256348,23436,23446,10
12.97809029,80.25224304,23446,23456,10
12.97739983,80.25163269,23456,23467,11
12.97620964,80.25112152,23467,23477,10
12.97488976,80.25071716,23477,23487,10
12.97350025,80.25035095,23487,23497,10
12.97259045,80.25015259,23497,23506,9
12.9723196,80.25007629,23506,23516,10
12.97169018,80.24987793,23516,23527,11
12.97070026,80.24960327,23527,23537,10
12.96949959,80.24913788,23537,23547,10
12.96821976,80.24862671,23547,23557,10
12.96699047,80.24810791,23557,23568,11
12.96576977,80.24758911,23568,23578,10
12.96516991,80.24736786,23578,23588,10
12.9648304,80.24723816,23588,23598,10
12.96413994,80.24700165,23598,23608,10
12.96362019,80.24680328,23608,23618,10
12.96358967,80.2467804,23618,23628,10
12.96321964,80.24662018,23628,23638,10
12.96251965,80.24626923,23638,23648,10
12.96154022,80.24577332,23648,23658,10
12.96028042,80.24526978,23658,23668,10
12.9593401,80.24485779,23668,23685,17
12.9589901,80.24471283,23685,23697,12
12.95891953,80.24462128,23697,23707,10
12.95841026,80.24440765,23707,23717,10
12.95779991,80.24414063,23717,23727,10
12.95713997,80.24384308,23727,23736,9
12.95660019,80.24362183,23736,23746,10
12.95643997,80.24356079,23746,23757,11
12.95606995,80.24337006,23757,23767,10
12.95540047,80.24308777,23767,23777,10
12.95450974,80.24272919,23777,23788,11
12.95328999,80.24221802,23788,23798,10
12.9521904,80.24182892,23798,23808,10
12.95168018,80.24167633,23808,23818,10
12.95133972,80.24159241,23818,23828,10
12.95067978,80.24137115,23828,23838,10
12.94974041,80.24105835,23838,23848,10
12.94869995,80.24066925,23848,23858,10
12.94760036,80.240242,23858,23868,10
12.94645023,80.23976898,23868,23878,10
12.94524002,80.23911285,23878,23889,11
12.94419956,80.23799896,23889,23899,10
12.94338036,80.23708344,23899,23909,10
12.94231987,80.23638916,23909,23919,10
12.94104958,80.2360611,23919,23929,10
12.93986034,80.23571777,23929,23939,10
12.9386301,80.23516083,23939,23949,10
12.93733978,80.23452759,23949,23959,10
12.93607998,80.23396301,23959,23969,10
12.93502998,80.23345947,23969,23979,10
12.93416977,80.23312378,23979,23990,11
12.93389034,80.23300171,23990,24000,10
12.93365002,80.23282623,24000,24010,10
12.9330101,80.23255157,24010,24020,10
12.93208027,80.23216248,24020,24030,10
12.93089008,80.23181915,24030,24040,10
12.92963982,80.23148346,24040,24050,10
12.9284296,80.23126221,24050,24060,10
12.92708015,80.23108673,24060,24070,10
12.92590046,80.2309494,24070,24080,10
12.92459965,80.23079681,24080,24090,10
12.9232502,80.23062134,24090,24101,11
12.92168045,80.2303772,24101,24110,9
12.92039013,80.23023987,24110,24121,11
12.91913986,80.23002625,24121,24131,10
12.91893959,80.23005676,24131,24141,10
12.91827965,80.2299881,24141,24151,10
12.91726971,80.22987366,24151,24161,10
12.91600037,80.22968292,24161,24171,10
12.91462994,80.2294693,24171,24181,10
12.91364002,80.22931671,24181,24191,10
12.91254044,80.22915649,24191,24202,11
12.91108036,80.22894287,24202,24212,10
12.90966034,80.22872162,24212,24222,10
12.90824032,80.22849274,24222,24232,10
12.90699005,80.22833252,24232,24242,10
12.90635014,80.22828674,24242,24252,10
12.90627003,80.22827148,24252,24262,10
12.90585041,80.2282486,24262,24272,10
12.90524006,80.22821808,24272,24282,10
12.90396976,80.22811127,24282,24292,10
12.90262985,80.22801971,24292,24303,11
12.90116024,80.22795868,24303,24313,10
12.90003014,80.22789764,24313,24323,10
12.89914036,80.22785187,24323,24333,10
12.89881992,80.22789001,24333,24343,10
12.89840984,80.22786713,24343,24353,10
12.89768982,80.22779846,24353,24363,10
12.89665985,80.22772217,24363,24373,10
12.89540958,80.22766113,24373,24383,10
12.89410973,80.22757721,24383,24393,10
12.89286041,80.22743988,24393,24403,10
12.89151001,80.22734833,24403,24414,11
12.88994026,80.22736359,24414,24424,10
12.8885603,80.22740173,24424,24434,10
12.88782978,80.2273407,24434,24444,10
12.88772011,80.22731781,24444,24454,10
12.88724995,80.22724152,24454,24464,10
12.88646984,80.22708893,24464,24480,16
12.88496017,80.22670746,24480,24492,12
12.88484001,80.22667694,24492,24502,10
12.88457966,80.22667694,24502,24512,10
12.88399029,80.22669983,24512,24523,11
12.88282013,80.22670746,24523,24533,10
12.88150978,80.22672272,24533,24543,10
12.88010025,80.22673035,24543,24552,9
12.87878036,80.22676849,24552,24563,11
12.87730026,80.22689819,24563,24573,10
12.87644005,80.22698212,24573,24583,10
12.87637997,80.22701263,24583,24593,10
12.87615967,80.22701263,24593,24603,10
12.87557983,80.22699738,24603,24613,10
12.87473965,80.22689819,24613,24624,11
12.8735199,80.22673798,24624,24634,10
12.87263966,80.22675323,24634,24644,10
12.87255001,80.22673798,24644,24654,10
12.87217045,80.22673798,24654,24664,10
12.87145996,80.22672272,24664,24674,10
12.87047005,80.22666168,24674,24684,10
12.86925983,80.22650146,24684,24694,10
12.86791039,80.22641754,24694,24704,10
12.8664999,80.2265625,24704,24714,10
12.86507988,80.22660065,24714,24725,11
12.86351967,80.22653198,24725,24735,10
12.86205959,80.22657776,24735,24745,10
12.86060047,80.2265625,24745,24755,10
12.85931969,80.22640228,24755,24765,10
12.8584404,80.2263031,24765,24775,10
12.85737991,80.22631836,24775,24785,10
12.85612965,80.22644043,24785,24795,10
12.85476971,80.22657776,24795,24805,10
12.85348034,80.22672272,24805,24815,10
12.85184956,80.22669983,24815,24825,10
12.85037994,80.22662354,24825,24836,11
12.84873009,80.22660065,24836,24846,10
12.84720993,80.22660065,24846,24856,10
12.84584999,80.22659302,24856,24866,10
12.84506035,80.22660828,24866,24876,10
12.84508038,80.22666931,24876,24886,10
12.84479046,80.22666168,24886,24896,10
12.84401989,80.22669983,24896,24906,10
12.84288979,80.22683716,24906,24916,10
12.84158039,80.22711945,24916,24926,10
12.84035969,80.2274704,24926,24937,11
12.83975029,80.22763062,24937,24947,10
12.83952999,80.22769928,24947,24957,10
12.83901024,80.22783661,24957,24967,10
12.83821964,80.22805023,24967,24977,10
12.83708,80.22825623,24977,24987,10
12.83574009,80.22846222,24987,24997,10
12.83432961,80.22870636,24997,25007,10
12.83294964,80.22897339,25007,25017,10
12.83220959,80.22913361,25017,25027,10
12.83218956,80.22914124,25027,25038,11
12.83170986,80.22924042,25038,25048,10
12.83100033,80.22946167,25048,25058,10
12.82993984,80.22985077,25058,25068,10
12.82876015,80.2303772,25068,25078,10
12.82752037,80.23104095,25078,25088,10
12.82625008,80.23139191,25088,25098,10
12.82579994,80.23142242,25098,25108,10
12.82575989,80.23143005,25108,25118,10
12.82534027,80.23143005,25118,25128,10
12.82460976,80.23136902,25128,25138,10
12.82361031,80.23110199,25138,25149,11
12.82227993,80.23068237,25149,25159,10
12.82102013,80.23046112,25159,25169,10
12.81978989,80.23049927,25169,25179,10
12.81894016,80.23049164,25179,25189,10
12.81882,80.23043823,25189,25199,10
12.81836033,80.23020172,25199,25209,10
12.81754017,80.22982025,25209,25219,10
12.81637955,80.2294693,25219,25229,10
12.8150301,80.22927856,25229,25239,10
12.8136797,80.22901154,25239,25250,11
12.81223965,80.228508,25250,25260,10
12.81093979,80.22805023,25260,25270,10
12.80988979,80.2276001,25270,25280,10
12.80908966,80.22715759,25280,25290,10
12.80830002,80.22657013,25290,25300,10
12.80764961,80.2259903,25300,25310,10
12.80698967,80.22543335,25310,25326,16
12.80618954,80.2246933,25326,25338,12
12.80554008,80.22415924,25338,25348,10
12.80502033,80.22398376,25348,25359,11
12.80486012,80.22398376,25359,25369,10
12.80455971,80.22393799,25369,25379,10
12.80389977,80.22389221,25379,25389,10
12.80300045,80.22380829,25389,25399,10
12.80195045,80.22367096,25399,25409,10
12.80051994,80.22353363,25409,25419,10
12.79913998,80.22341919,25419,25428,9
12.79796028,80.22328949,25428,25438,10
12.79668045,80.2230835,25438,25449,11
12.7951498,80.22277832,25449,25460,11
12.79370975,80.22255707,25460,25469,9
12.79238987,80.22238159,25469,25480,11
12.79092979,80.22202301,25480,25490,10
12.78989029,80.22174835,25490,25500,10
12.7896204,80.2216568,25500,25510,10
12.78946018,80.22155762,25510,25520,10
12.78897953,80.22138214,25520,25530,10
12.78822041,80.22109222,25530,25540,10
12.7873497,80.22077942,25540,25550,10
12.7864399,80.2203598,25550,25571,21
12.7864399,80.2203598,25571,25581,10
12.7862196,80.22058105,25581,25641,60
12.7862196,80.22058105,25641,25658,17
12.78627968,80.22142792,25658,25993,335
12.78633022,80.2217865,25993,28496,2503
12.78633022,80.2217865,28496,28507,11
12.78619003,80.22161102,28507,28517,10
12.78617954,80.22122192,28517,28527,10
12.78617001,80.22071838,28527,28547,20
12.78617001,80.22071838,28547,28557,10
12.78619957,80.22059631,28557,28567,10
12.78623962,80.22032928,28567,28577,10
12.78643036,80.22038269,28577,28587,10
12.78684998,80.22055817,28587,28597,10
12.78761959,80.22083282,28597,28608,11
12.78868008,80.22122192,28608,28617,9
12.78936958,80.22149658,28617,28628,11
12.78975964,80.22164917,28628,28638,10
12.7902298,80.22177887,28638,28648,10
12.79109955,80.22200012,28648,28658,10
12.79226971,80.22228241,28658,28668,10
12.79351997,80.22250366,28668,28678,10
12.79463005,80.22267914,28678,28688,10
12.79539013,80.22280884,28688,28698,10
12.79611969,80.22293854,28698,28708,10
12.79671001,80.22303772,28708,28719,11
12.79745007,80.22318268,28719,28729,10
12.79833984,80.22329712,28729,28739,10
12.79936028,80.2233963,28739,28749,10
12.80084038,80.22353363,28749,28759,10
12.80208015,80.22364807,28759,28769,10
12.80305958,80.22377777,28769,28779,10
12.80397987,80.22386169,28779,28789,10
12.80436039,80.22389984,28789,28799,10
12.80457973,80.22392273,28799,28809,10
12.80463028,80.22392273,28809,28820,11
12.80480957,80.22393799,28820,28830,10
12.80494022,80.22396851,28830,28840,10
12.8051796,80.22405243,28840,28850,10
12.80550957,80.22413635,28850,28860,10
12.80587006,80.22434998,28860,28870,10
12.80650043,80.22489166,28870,28880,10
12.80741024,80.22567749,28880,28890,10
12.80844021,80.2265625,28890,28900,10
12.80955029,80.22740173,28900,28910,10
12.81083965,80.22796631,28910,28921,11
12.81235027,80.22853088,28921,28931,10
12.81363964,80.22895813,28931,28941,10
12.81488037,80.22926331,28941,28951,10
12.81626987,80.22946167,28951,28961,10
12.81760025,80.22981262,28961,28971,10
12.81884003,80.23040009,28971,28981,10
12.82011032,80.23046875,28981,28991,10
12.82151031,80.23046875,28991,29001,10
12.82293987,80.23082733,29001,29011,10
12.82437992,80.23121643,29011,29021,10
12.82586002,80.23136902,29021,29032,11
12.82744026,80.23110199,29032,29042,10
12.82870007,80.23040771,29042,29052,10
12.82973957,80.22991943,29052,29062,10
12.83057976,80.22956848,29062,29072,10
12.83090973,80.22942352,29072,29082,10
12.83108997,80.22936249,29082,29092,10
12.83150959,80.22926331,29092,29102,10
12.83209038,80.22911835,29102,29112,10
12.83271027,80.22898865,29112,29122,10
12.8335104,80.2288208,29122,29139,17
12.83526039,80.228508,29139,29151,12
12.83681965,80.22827911,29151,29161,10
12.83798981,80.22808075,29161,29171,10
12.8390398,80.22785187,29171,29211,40
12.8390398,80.22785187,29211,29221,10
12.83926964,80.2277832,29221,29242,21
12.83934975,80.22776794,29242,29272,30
12.83934975,80.22776794,29272,29282,10
12.83971977,80.22763062,29282,29292,10
12.84043026,80.22744751,29292,29302,10
12.84140015,80.22718811,29302,29312,10
12.8426199,80.22689819,29312,29322,10
12.8438797,80.22666931,29322,29332,10
12.84512043,80.22653198,29332,29342,10
12.84549046,80.22648621,29342,29353,11
12.84566021,80.22650909,29353,29363,10
12.84619045,80.22653961,29363,29373,10
12.84710026,80.22653961,29373,29383,10
12.84827042,80.22653961,29383,29393,10
12.84957981,80.22653198,29393,29403,10
12.85095978,80.22654724,29403,29413,10
12.85239983,80.22662354,29413,29423,10
12.85387039,80.22659302,29423,29433,10
12.85531998,80.22644043,29433,29443,10
12.85682011,80.22628021,29443,29453,10
12.85832024,80.2261734,29453,29464,11
12.85995007,80.22635651,29464,29474,10
12.86091995,80.22647095,29474,29484,10
12.86095047,80.22650146,29484,29494,10
12.8611002,80.2265625,29494,29504,10
12.86196041,80.22650909,29504,29514,10
12.86297035,80.22648621,29514,29524,10
12.86435986,80.22651672,29524,29534,10
12.86581039,80.22653961,29534,29544,10
12.86732006,80.2264328,29544,29555,11
12.86894989,80.22635651,29555,29565,10
12.87043953,80.22653198,29565,29575,10
12.87176991,80.22660828,29575,29585,10
12.87255955,80.22657776,29585,29595,10
12.87265968,80.22660065,29595,29605,10
12.87306976,80.22663879,29605,29615,10
12.87386036,80.22669983,29615,29625,10
12.87495995,80.22682953,29625,29635,10
12.87664032,80.22688293,29635,29656,21
12.87664032,80.22688293,29656,29666,10
12.87677956,80.22686005,29666,29676,10
12.8771801,80.22686005,29676,29686,10
12.87796974,80.22679901,29686,29696,10
12.87903976,80.22673035,29696,29706,10
12.8803196,80.22666168,29706,29716,10
12.88169003,80.22666168,29716,29726,10
12.88309002,80.22664642,29726,29736,10
12.88453007,80.22663116,29736,29746,10
12.88531017,80.22663879,29746,29756,10
12.88535023,80.22664642,29756,29767,11
12.88541985,80.22663879,29767,29777,10
12.88586044,80.22675323,29777,29787,10
12.88661003,80.22695923,29787,29797,10
12.8874197,80.22714996,29797,29807,10
12.88829041,80.22724152,29807,29823,16
12.88858032,80.22724915,29823,29835,12
12.88887978,80.22727966,29835,29845,10
12.88953972,80.22730255,29845,29855,10
12.89044952,80.22730255,29855,29865,10
12.8915596,80.22731781,29865,29876,11
12.89216042,80.22728729,29876,29896,20
12.89216042,80.22728729,29896,29906,10
12.89231014,80.22728729,29906,29917,11
12.89284039,80.22734833,29917,29926,9
12.89356041,80.22743988,29926,29937,11
12.89424992,80.22750854,29937,29947,10
12.89430046,80.2275238,29947,29957,10
12.89463997,80.22754669,29957,29967,10
12.89523029,80.22757721,29967,29978,11
12.8962698,80.22762299,29978,29987,9
12.89733028,80.22766113,29987,29998,11
12.89873981,80.2277298,29998,30008,10
12.89986038,80.22779846,30008,30018,10
12.90046978,80.22782135,30018,30028,10
12.90073967,80.22782898,30028,30058,30
12.90073967,80.22782898,30058,30068,10
12.90108967,80.22788239,30068,30078,10
12.90161991,80.22792053,30078,30089,11
12.90250015,80.22796631,30089,30099,10
12.90295029,80.22795868,30099,30109,10
12.90295982,80.22795868,30109,30119,10
12.90318966,80.22795105,30119,30129,10
12.90375996,80.22801971,30129,30139,10
12.90454006,80.22808075,30139,30149,10
12.90550995,80.22815704,30149,30159,10
12.90651035,80.22821045,30159,30169,10
12.90723038,80.22827911,30169,30179,10
12.90752029,80.22825623,30179,30189,10
12.90764999,80.22828674,30189,30200,11
12.90826035,80.22840881,30200,30210,10
12.90907001,80.22853851,30210,30220,10
12.91007996,80.22872925,30220,30230,10
12.91094017,80.22888184,30230,30240,10
12.91224003,80.22904205,30240,30250,10
12.91324043,80.22917938,30250,30260,10
12.91390991,80.22924805,30260,30280,20
12.91390991,80.22924805,30280,30290,10
12.91417027,80.22931671,30290,30301,11
12.91460037,80.22939301,30301,30311,10
12.9153204,80.22949219,30311,30321,10
12.91629028,80.22962189,30321,30331,10
12.91748047,80.2297821,30331,30341,10
12.91866016,80.22992706,30341,30351,10
12.91977024,80.23001862,30351,30371,20
12.91977024,80.23001862,30371,30381,10
12.91998005,80.23004913,30381,30391,10
12.92047024,80.23013306,30391,30401,10
12.92117023,80.23021698,30401,30412,11
12.92214012,80.23036194,30412,30422,10
12.92321014,80.23053741,30422,30432,10
12.92442036,80.23069763,30432,30442,10
12.92562008,80.23085785,30442,30452,10
12.92636013,80.23085785,30452,30462,10
12.92648983,80.23085785,30462,30472,10
12.92638969,80.23087311,30472,30481,9
12.92663002,80.23097229,30481,30492,11
12.92735004,80.23105621,30492,30502,10
12.92809963,80.23114014,30502,30512,10
12.92883968,80.23130798,30512,30523,11
12.93010044,80.23155212,30523,30533,10
12.9313097,80.23187256,30533,30543,10
12.93249989,80.23226929,30543,30553,10
12.93334961,80.2325592,30553,30583,30
12.93334961,80.2325592,30583,30593,10
12.93340015,80.23264313,30593,30603,10
12.93344021,80.23265839,30603,30613,10
12.93377018,80.23281097,30613,30624,11
12.93435955,80.23310089,30624,30634,10
12.93521976,80.23345184,30634,30650,16
12.93677998,80.23420715,30650,30662,12
12.93817043,80.23484039,30662,30672,10
12.93947983,80.23545837,30672,30692,20
12.93947983,80.23545837,30692,30702,10
12.93959999,80.23551941,30702,30712,10
12.93976974,80.23567963,30712,30722,10
12.9403801,80.23590851,30722,30733,11
12.9414196,80.23616028,30733,30743,10
12.94246006,80.2364502,30743,30753,10
12.94344044,80.23703003,30753,30763,10
12.94382954,80.2374115,30763,30780,17
12.9440403,80.23776245,30780,30792,12
12.94454002,80.23825836,30792,30802,10
12.94517994,80.2388916,30802,30812,10
12.94600964,80.23944855,30812,30822,10
12.94686031,80.23976135,30822,30832,10
12.94692039,80.23979187,30832,30843,11
12.94701004,80.23982239,30843,30853,10
12.9474802,80.24002838,30853,30862,9
12.94812965,80.24028778,30862,30873,11
12.94892979,80.24060059,30873,30923,50
12.94892979,80.24060059,30923,30934,11
12.94925976,80.24076843,30934,30945,11
12.94985962,80.24098969,30945,30955,10
12.95063972,80.24121857,30955,30964,9
12.95118046,80.24136353,30964,30975,11
12.95119953,80.24137115,30975,30985,10
12.95143986,80.24146271,30985,30995,10
12.95197964,80.2416687,30995,31005,10
12.95261955,80.24194336,31005,31015,10
12.95337009,80.24221039,31015,31025,10
12.95448017,80.24263763,31025,31035,10
12.9551096,80.24288177,31035,31046,11
12.95586967,80.24311829,31046,31056,10
12.95627975,80.24326324,31056,31106,50
12.95627975,80.24326324,31106,31116,10
12.95674038,80.24346161,31116,31126,10
12.95738029,80.24375153,31126,31136,10
12.95812988,80.24410248,31136,31147,11
12.95880032,80.24436188,31147,31157,10
12.95884991,80.2443924,31157,31167,10
12.95890045,80.24446869,31167,31177,10
12.95919991,80.24458313,31177,31187,10
12.95973969,80.24484253,31187,31197,10
12.96051025,80.24520111,31197,31207,10
12.96148968,80.24565887,31207,31217,10
12.96255016,80.24617767,31217,31227,10
12.96321011,80.24652863,31227,31268,41
12.96321011,80.24652863,31268,31278,10
12.96337986,80.24671936,31278,31288,10
12.96382046,80.24688721,31288,31298,10
12.96446037,80.24712372,31298,31308,10
12.96518993,80.24733734,31308,31318,10
12.96652985,80.24777222,31318,31348,30
12.96652985,80.24777222,31348,31359,11
12.96664047,80.24784851,31359,31369,10
12.96685982,80.24797821,31369,31379,10
12.96722031,80.24819946,31379,31389,10
12.96786022,80.24845886,31389,31399,10
12.96866035,80.24874878,31399,31409,10
12.96949959,80.2490921,31409,31425,16
12.97085953,80.2496109,31425,31437,12
12.97194004,80.24990082,31437,31447,10
12.97284031,80.2501297,31447,31457,10
12.97381973,80.25038147,31457,31468,11
12.9744997,80.25052643,31468,31488,20
12.9744997,80.25052643,31488,31498,10
12.97474003,80.25061035,31498,31507,9
12.97517967,80.25074768,31507,31518,11
12.97583961,80.2509613,31518,31528,10
12.97682953,80.25122833,31528,31538,10
12.97774029,80.25170135,31538,31548,10
12.97844982,80.25227356,31548,31558,10
12.97863007,80.25235748,31558,31569,11
12.97869968,80.25240326,31569,31579,10
12.97914028,80.25256348,31579,31589,10
12.9799099,80.2526474,31589,31599,10
12.98066998,80.25267792,31599,31609,10
12.98167992,80.2526474,31609,31619,10
12.98287964,80.25260925,31619,31629,10
12.98412037,80.25234985,31629,31639,10
12.98526001,80.25200653,31639,31649,10
12.98598957,80.25180817,31649,31659,10
12.98604012,80.25180054,31659,31669,10
12.98641968,80.25170135,31669,31680,11
12.98696041,80.25154114,31680,31710,30
12.98696041,80.25154114,31710,31720,10
12.98725033,80.2514801,31720,31730,10
12.98766041,80.25138092,31730,31740,10
12.98797035,80.25160217,31740,31750,10
12.98806,80.25208282,31750,31760,10
12.98806,80.25247955,31760,31770,10
12.98801994,80.2526474,31770,31781,11
12.98795033,80.25332642,31781,31791,10
12.98785973,80.25415802,31791,31801,10
12.98781967,80.25505829,31801,31811,10
12.98785973,80.25565338,31811,31821,10
12.98818016,80.25578308,31821,31831,10
12.98832989,80.25579834,31831,31841,10
12.98886013,80.25588989,31841,31861,20
12.98886013,80.25588989,31861,31871,10
12.98900986,80.2559433,31871,31881,10
12.98939037,80.2559433,31881,31892,11
12.98978043,80.25592041,31892,31908,16
12.99016953,80.25596619,31908,31920,12
12.99044991,80.25598145,31920,31930,10
12.99063015,80.25598145,31930,31939,9
12.99096012,80.25601196,31939,31950,11
12.99166965,80.25602722,31950,31958,8
12.99230003,80.25605774,31958,31970,12
12.99363995,80.25595856,31970,31981,11
12.99466038,80.25591278,31981,31992,11
12.99549961,80.25585938,31992,32002,10
12.99610996,80.25582123,32002,32012,10
12.99645042,80.25583649,32012,32022,10
12.99664974,80.25583649,32022,32032,10
12.99703979,80.25585175,32032,32042,10
12.99736023,80.25588226,32042,32052,10
12.99783993,80.25588989,32052,32062,10
12.9987402,80.2559967,32062,32082,20
12.9987402,80.2559967,32082,32092,10
12.99884987,80.25604248,32092,32103,11
12.9991703,80.25608063,32103,32113,10
12.99962044,80.25617981,32113,32123,10
13.00026035,80.25631714,32123,32133,10
13.00102043,80.2564621,32133,32143,10
13.00142956,80.25652313,32143,32153,10
13.00183964,80.25659943,32153,32163,10
13.00230026,80.25666046,32163,32173,10
13.00282001,80.25675964,32173,32183,10
13.00335979,80.25684357,32183,32192,9
13.00389957,80.25694275,32192,32204,12
13.00469971,80.25710297,32204,32214,10
13.00500965,80.25717926,32214,32224,10
13.0053196,80.25715637,32224,32234,10
13.00562,80.25726318,32234,32244,10
13.00627041,80.25733948,32244,32284,40
13.00627041,80.25733948,32284,32294,10
13.00660992,80.25730133,32294,32304,10
13.00656986,80.25686646,32304,32315,11
13.00650024,80.25595093,32315,32325,10
13.0065403,80.25492096,32325,32335,10
13.00650978,80.2538681,32335,32345,10
13.00646973,80.25318146,32345,32355,10
13.00646019,80.25305176,32355,32365,10
13.00648022,80.25266266,32365,32375,10
13.00658989,80.25205994,32375,32405,30
13.00658989,80.25205994,32405,32416,11
13.00667953,80.2518692,32416,32425,9
13.00673962,80.2515564,32425,32436,11
13.00677967,80.25112152,32436,32446,10
13.00664043,80.2506485,32446,32456,10
13.00660038,80.25012207,32456,32465,9
13.00666046,80.24949646,32465,32476,11
13.00664043,80.24877167,32476,32486,10
13.00664043,80.24812317,32486,32496,10
13.00662041,80.24806213,32496,32506,10
13.00662041,80.24790192,32506,32517,11
13.00660992,80.24748993,32517,32527,10
13.00662041,80.2469101,32527,32537,10
13.00658035,80.24649811,32537,32557,20
13.00658035,80.24649811,32557,32567,10
13.00662994,80.24617767,32567,32577,10
13.00667953,80.24558258,32577,32587,10
13.00667953,80.24485779,32587,32597,10
13.00666046,80.24401855,32597,32607,10
13.00660038,80.24317169,32607,32617,10
13.00652027,80.24217224,32617,32628,11
13.00652027,80.24165344,32628,32638,10
13.00652981,80.24156952,32638,32649,11
13.00654984,80.24118042,32649,32659,10
13.00667953,80.2405014,32659,32699,40
13.00667953,80.2405014,32699,32709,10
13.00685978,80.23992157,32709,32719,10
13.00699997,80.23934174,32719,32729,10
13.00704956,80.23829651,32729,32740,11
13.0072403,80.23715973,32740,32750,10
13.00737,80.23655701,32750,32760,10
13.00737953,80.23652649,32760,32770,10
13.00747967,80.23631287,32770,32780,10
13.00755024,80.23583221,32780,32790,10
13.00765038,80.23513031,32790,32800,10
13.00786018,80.23429871,32800,32810,10
13.00807953,80.23348999,32810,32820,10
13.00837994,80.23214722,32820,32830,10
13.00864983,80.23100281,32830,32841,11
13.00891972,80.22976685,32841,32851,10
13.00914001,80.22862244,32851,32859,8
13.00942039,80.22772217,32859,32871,12
13.01000977,80.22644043,32871,32881,10
13.01043034,80.22564697,32881,32891,10
13.0106802,80.22511292,32891,32901,10
13.01088047,80.22464752,32901,32911,10
13.01111984,80.22412109,32911,32921,10
13.01128006,80.22370148,32921,32931,10
13.01132011,80.22361755,32931,32942,11
13.0114603,80.22328186,32942,32952,10
13.01159954,80.22281647,32952,32962,10
13.0118103,80.22221375,32962,32972,10
13.01226044,80.22171021,32972,32982,10
13.01247978,80.22193909,32982,32991,9
13.01298046,80.22242737,32991,33002,11
13.01356983,80.22299194,33002,33012,10
13.01412964,80.22364807,33012,33022,10
13.01445961,80.22412872,33022,33032,10
13.01496983,80.224617,33032,33042,10
13.01519966,80.22483063,33042,33053,11
13.01548958,80.22502899,33053,33073,20
13.01548958,80.22502899,33073,33083,10
13.01578999,80.22525787,33083,33093,10
13.01640987,80.22531128,33093,33103,10
13.01720047,80.22503662,33103,33113,10
13.01805973,80.22470856,33113,33123,10
13.01891994,80.22440338,33123,33133,10
13.01961994,80.2244873,33133,33143,10
13.02011013,80.224823,33143,33153,10
13.02058983,80.22515106,33153,33164,11
13.02108002,80.22551727,33164,33174,10
13.02159977,80.22589874,33174,33184,10
13.02173996,80.2259903,33184,33194,10
13.02188015,80.22611237,33194,33204,10
13.02221966,80.22638702,33204,33214,10
13.02274036,80.22685242,33214,33223,9
13.02320957,80.22730255,33223,33234,11
13.02363968,80.22767639,33234,33244,10
13.02416992,80.22821808,33244,33254,10
13.02441978,80.2285614,33254,33264,10
13.02468014,80.22898865,33264,33275,11
13.02511024,80.22947693,33275,33285,10
13.02546024,80.22994232,33285,33295,10
13.02575016,80.23036194,33295,33315,20
13.02575016,80.23036194,33315,33325,10
13.02585983,80.23062897,33325,33335,10
13.02593994,80.23088074,33335,33345,10
13.02600956,80.23127747,33345,33355,10
13.02637005,80.23130035,33355,33366,11
13.02715969,80.2310791,33366,33376,10
13.02785969,80.23094177,33376,33386,10
13.02822018,80.23091125,33386,33396,10
13.0283699,80.23090363,33396,33406,10
13.02845955,80.23088074,33406,33416,10
13.02892017,80.23082733,33416,33456,40
13.02892017,80.23082733,33456,33466,10
13.02931976,80.23081207,33466,33477,11
13.02974987,80.2307663,33477,33487,10
13.03052044,80.23071289,33487,33507,20
13.03052044,80.23071289,33507,33517,10
13.03079033,80.23069763,33517,33527,10
13.0311203,80.23065948,33527,33537,10
13.03155041,80.23062134,33537,33547,10
13.03215027,80.23055267,33547,33557,10
13.03297043,80.23049927,33557,33567,10
13.0337801,80.23043823,33567,33578,11
13.03435993,80.2303772,33578,33588,10
13.03462982,80.23029327,33588,33618,30
13.03462982,80.23029327,33618,33628,10
13.03497982,80.23018646,33628,33668,40
13.03497982,80.23018646,33668,33678,10
13.03509998,80.23001862,33678,33689,11
13.0350399,80.22981262,33689,33699,10
13.03454971,80.2297821,33699,33800,101
13.03429985,80.22962952,33800,33931,131
13.03427982,80.22971344,33931,34062,131
13.03429031,80.22969055,34062,34113,51
13.03431988,80.22975922,34113,34668,555
13.03431988,80.22975922,34668,34678,10
13.03423023,80.23016357,34678,34769,91
13.03423023,80.23016357,34769,34779,10
13.0339098,80.23039246,34779,34789,10
13.03349972,80.23049164,34789,34799,10
13.03328037,80.23052979,34799,34809,10
13.03271961,80.23053741,34809,34819,10
13.03192043,80.23062897,34819,34829,10
13.03094006,80.23072815,34829,34849,20
13.03094006,80.23072815,34849,34860,11
13.03075027,80.23069763,34860,34870,10
13.03044987,80.23078918,34870,34880,10
13.02999973,80.23090363,34880,34900,20
13.02999973,80.23090363,34900,34910,10
13.02943039,80.23097229,34910,34920,10
13.02888012,80.23114014,34920,34930,10
13.02834034,80.23114777,34930,34940,10
13.02801991,80.23119354,34940,34950,10
13.0279398,80.23155212,34950,34961,11
13.02793026,80.23217773,34961,34971,10
13.02768993,80.23274231,34971,34991,20
13.02768993,80.23274231,34991,35001,10
13.02742958,80.23287201,35001,35011,10
13.0273304,80.23291779,35011,35021,10
13.02698994,80.23294067,35021,35082,61
13.02698994,80.23294067,35082,35092,10
13.02667046,80.2329483,35092,35102,10
13.02643967,80.23287964,35102,35112,10
13.02624989,80.23239899,35112,35122,10
13.02600002,80.23174286,35122,35132,10
13.02579975,80.23084259,35132,35142,10
13.02530003,80.2298584,35142,35152,10
13.02474976,80.22917175,35152,35162,10
13.02435017,80.22866821,35162,35173,11
13.02396011,80.22818756,35173,35183,10
13.02315998,80.22736359,35183,35203,20
13.02315998,80.22736359,35203,35213,10
13.02291012,80.22711182,35213,35223,10
13.02241039,80.22662354,35223,35233,10
13.02171993,80.22602081,35233,35243,10
13.02089024,80.22541046,35243,35253,10
13.01990032,80.22477722,35253,35274,21
13.01990032,80.22477722,35274,35284,10
13.01976967,80.22463989,35284,35294,10
13.01939964,80.22440338,35294,35304,10
13.01867962,80.22442627,35304,35314,10
13.01772022,80.22486115,35314,35324,10
13.01673985,80.22522736,35324,35334,10
13.0159502,80.2256012,35334,35344,10
13.01513004,80.22595978,35344,35354,10
13.01453972,80.22618103,35354,35364,10
13.01414967,80.22637939,35364,35374,10
13.01414013,80.22637939,35374,35385,11
13.0138998,80.22644043,35385,35395,10
13.01342964,80.22660828,35395,35405,10
13.01276016,80.22688293,35405,35415,10
13.01210976,80.227211,35415,35425,10
13.01105976,80.22762299,35425,35435,10
13.01016998,80.22802734,35435,35445,10
13.00938034,80.22839355,35445,35455,10
13.00905991,80.22910309,35455,35465,10
13.00877953,80.23018646,35465,35475,10
13.00858974,80.23113251,35475,35486,11
13.00841045,80.23210144,35486,35497,11
13.00833035,80.23317719,35497,35517,20
13.00833035,80.23317719,35517,35527,10
13.00821018,80.23361206,35527,35537,10
13.0081501,80.2339325,35537,35547,10
13.00807953,80.23439026,35547,35557,10
13.00800991,80.23477173,35557,35567,10
13.00794029,80.23532104,35567,35577,10
13.00786972,80.2358017,35577,35587,10
13.00769997,80.23661041,35587,35599,12
13.00749016,80.23760223,35599,35609,10
13.00734043,80.23831177,35609,35619,10
13.00720978,80.23880005,35619,35629,10
13.00710011,80.239151,35629,35639,10
13.00699997,80.23960876,35639,35649,10
13.00691986,80.24025726,35649,35659,10
13.00685978,80.24066925,35659,35669,10
13.00677967,80.24112701,35669,35679,10
13.00673962,80.24188995,35679,35689,10
13.00671959,80.24279785,35689,35699,10
13.00671005,80.2432785,35699,35710,11
13.00671959,80.24382019,35710,35720,10
13.00685024,80.24478912,35720,35730,10
13.00691032,80.24556732,35730,35740,10
13.00691986,80.24629211,35740,35750,10
13.00691032,80.2466507,35750,35760,10
13.00681019,80.24743652,35760,35770,10
13.00681019,80.24830627,35770,35780,10
13.00691032,80.2494278,35780,35800,20
13.00691032,80.2494278,35800,35810,10
13.00695992,80.24951935,35810,35821,11
13.00695992,80.24989319,35821,35831,10
13.00693989,80.25039673,35831,35841,10
13.00699997,80.25066376,35841,35851,10
13.00695038,80.25081635,35851,35861,10
13.00679016,80.25215912,35861,35871,10
13.00673962,80.25366974,35871,35881,10
13.00667953,80.25473022,35881,35901,20
13.00667953,80.25473022,35901,35911,10
13.00664043,80.25509644,35911,35922,11
13.00666046,80.25559998,35922,35932,10
13.00660038,80.25682068,35932,35968,36
13.00660038,80.25682068,35968,35980,12
13.00667,80.25707245,35980,35990,10
13.00673008,80.25740814,35990,35999,9
13.00646973,80.25747681,35999,36010,11
13.00597,80.25740814,36010,36020,10
13.00551033,80.25734711,36020,36031,11
13.00483036,80.25713348,36031,36041,10
13.00403023,80.2569809,36041,36051,10
13.00331974,80.2568512,36051,36071,20
13.00331974,80.2568512,36071,36080,9
13.00302982,80.25681305,36080,36091,11
13.00275993,80.25675964,36091,36101,10
13.00236034,80.25669861,36101,36111,10
13.00189972,80.25669861,36111,36120,9
13.00121975,80.25656891,36120,36131,11
13.00035954,80.25650024,36131,36142,11
12.99944973,80.25627136,36142,36182,40
12.99944973,80.25627136,36182,36192,10
12.99913025,80.25615692,36192,36202,10
12.99837971,80.25601959,36202,36222,20
12.99837971,80.25601959,36222,36232,10
12.99812031,80.2559967,36232,36243,11
12.99785995,80.25595856,36243,36253,10
12.99757957,80.2559433,36253,36263,10
12.99722004,80.25598907,36263,36273,10
12.99699974,80.2559967,36273,36289,16
12.9964304,80.25595093,36289,36301,12
12.99606037,80.25595093,36301,36311,10
12.99577999,80.25592804,36311,36321,10
12.99555969,80.25588989,36321,36331,10
12.99501991,80.25589752,36331,36341,10
12.99442005,80.25601959,36341,36352,11
12.99353981,80.25585938,36352,36362,10
12.99236012,80.25582886,36362,36372,10
12.99147987,80.25592041,36372,36382,10
12.99122047,80.2559967,36382,36392,10
12.99083996,80.25601959,36392,36402,10
12.99032021,80.25610352,36402,36412,10
12.98983955,80.25614166,36412,36422,10
12.98894024,80.25598145,36422,36452,30
12.98894024,80.25598145,36452,36463,11
12.98857975,80.25583649,36463,36473,10
12.98838043,80.25582886,36473,36483,10
12.98808002,80.25582123,36483,36493,10
12.98766994,80.25576782,36493,36503,10
12.98725033,80.25569916,36503,36513,10
12.98672962,80.25566101,36513,36523,10
12.98641968,80.25559998,36523,36539,16
12.98612022,80.25552368,36539,36551,12
12.98591995,80.25549316,36551,36561,10
12.98556995,80.25550079,36561,36572,11
12.98490047,80.25540924,36572,36582,10
12.98394966,80.25498962,36582,36591,9
12.9833498,80.25485992,36591,36602,11
12.98297977,80.25476074,36602,36612,10
12.98276043,80.2546463,36612,36622,10
12.98241043,80.25450897,36622,36632,10
12.98202991,80.25399017,36632,36641,9
12.98184013,80.25330353,36641,36651,10
12.98155022,80.25282288,36651,36662,11
12.98101044,80.25276184,36662,36673,11
12.98050976,80.25280762,36673,36683,10
12.9799099,80.25280762,36683,36693,10
12.97931004,80.25266266,36693,36703,10
12.97914028,80.25263977,36703,36713,10
12.97885036,80.25258636,36713,36723,10
12.97850037,80.25247955,36723,36733,10
12.97815037,80.25218201,36733,36743,10
12.97754955,80.25164795,36743,36753,10
12.97653961,80.25113678,36753,36763,10
12.97525978,80.25086212,36763,36774,11
12.97389984,80.2504425,36774,36784,10
12.97278976,80.25013733,36784,36794,10
12.97159958,80.24980164,36794,36804,10
12.97033024,80.24949646,36804,36814,10
12.96920013,80.24897766,36814,36824,10
12.96815014,80.2485733,36824,36834,10
12.96732044,80.24825287,36834,36844,10
12.96693993,80.24809265,36844,36854,10
12.96658993,80.24790192,36854,36864,10
12.96595955,80.24762726,36864,36874,10
12.96547985,80.24745178,36874,36885,11
12.96516991,80.24736023,36885,36895,10
12.96510983,80.24732208,36895,36905,10
12.96477985,80.24717712,36905,36915,10
12.96426964,80.24697876,36915,36925,10
12.96389008,80.24687958,36925,36935,10
12.96348,80.24668884,36935,36945,10
12.96275997,80.24632263,36945,36955,10
12.9618597,80.24585724,36955,36965,10
12.96090031,80.24536896,36965,36975,10
12.95946026,80.24475098,36975,36996,21
12.95946026,80.24475098,36996,37006,10
12.95932007,80.24466705,37006,37016,10
12.95903015,80.24459839,37016,37026,10
12.95845985,80.24437714,37026,37036,10
12.95786953,80.24417114,37036,37046,10
12.95730972,80.243927,37046,37056,10
12.95670033,80.24375916,37056,37086,30
12.95670033,80.24375916,37086,37097,11
12.95648956,80.24369812,37097,37107,10
12.95613003,80.24356079,37107,37117,10
12.95534992,80.24311829,37117,37127,10
12.95446968,80.24269867,37127,37137,10
12.95363998,80.24237061,37137,37147,10
12.95265007,80.24199677,37147,37157,10
12.95193005,80.24185944,37157,37167,10
12.95178032,80.2417984,37167,37177,10
12.95154953,80.24165344,37177,37187,10
12.95098972,80.24141693,37187,37197,10
12.95022011,80.24121857,37197,37208,11
12.94946003,80.24098969,37208,37218,10
12.94929981,80.24092102,37218,37228,10
12.94888973,80.24073792,37228,37238,10
12.94843006,80.24051666,37238,37248,10
12.94781971,80.24024963,37248,37258,10
12.9471302,80.23996735,37258,37268,10
12.94653034,80.23976135,37268,37278,10
12.94624996,80.23937225,37278,37288,10
12.94594002,80.23925781,37288,37298,10
12.94544029,80.23921967,37298,37309,11
12.94460011,80.2384491,37309,37319,10
12.94371986,80.23751831,37319,37329,10
12.94285965,80.23677063,37329,37338,9
12.94178009,80.23632813,37338,37349,11
12.94029045,80.2360611,37349,37359,10
12.93972969,80.23583984,37359,37369,10
12.93960953,80.23573303,37369,37379,10
12.93931007,80.23545837,37379,37389,10
12.93844986,80.2350769,37389,37399,10
12.93756008,80.23467255,37399,37409,10
12.93647957,80.23410034,37409,37420,11
12.93513966,80.23351288,37420,37430,10
12.93406963,80.23304749,37430,37440,10
12.93383026,80.2329483,37440,37450,10
12.93365955,80.2328186,37450,37460,10
12.93311024,80.23252869,37460,37470,10
12.93227959,80.23220062,37470,37480,10
12.93120956,80.23184967,37480,37490,10
12.93000031,80.23149872,37490,37500,10
12.92903996,80.23133087,37500,37510,10
12.92811966,80.23120117,37510,37521,11
12.92685986,80.23110199,37521,37531,10
12.92562962,80.23091125,37531,37541,10
12.92432976,80.2307663,37541,37551,10
12.92296028,80.23058319,37551,37561,10
12.9215498,80.23033905,37561,37571,10
12.92022038,80.2301712,37571,37581,10
12.91901016,80.23004913,37581,37591,10
12.91882992,80.2300415,37591,37607,16
12.91843987,80.2299118,37607,37619,12
12.91761017,80.22985077,37619,37629,10
12.91631985,80.22969818,37629,37640,11
12.91512012,80.22953033,37640,37651,11
12.91397953,80.22940063,37651,37661,10
12.9134903,80.22934723,37661,37670,9
12.91331959,80.2293396,37670,37681,11
12.91316986,80.22927856,37681,37691,10
12.91271973,80.22917175,37691,37701,10
12.91180038,80.22899628,37701,37711,10
12.91069984,80.22885895,37711,37721,10
12.90939999,80.22866821,37721,37731,10
12.90818024,80.22852325,37731,37742,11
12.90752983,80.22846985,37742,37752,10
12.90719986,80.22841644,37752,37762,10
12.90670013,80.22836304,37762,37772,10
12.90610981,80.22831726,37772,37781,9
12.90600967,80.22830963,37781,37792,11
12.90579033,80.22827911,37792,37802,10
12.90522003,80.22820282,37802,37812,10
12.90439034,80.22812653,37812,37822,10
12.90344048,80.22807312,37822,37832,10
12.90233994,80.22802734,37832,37843,11
12.90143967,80.22798157,37843,37853,10
12.90083981,80.22789001,37853,37863,10
12.90023041,80.22786713,37863,37873,10
12.8998003,80.22783661,37873,37883,10
12.89933968,80.22783661,37883,37893,10
12.89894962,80.2278595,37893,37903,10
12.89879036,80.22788239,37903,37913,10
12.89875984,80.22788239,37913,37923,10
12.89836979,80.22785187,37923,37933,10
12.89774036,80.2277832,37933,37943,10
12.89690018,80.22775269,37943,37954,11
12.89583015,80.22769165,37954,37964,10
12.89492035,80.22766876,37964,37974,10
12.89385986,80.2276001,37974,37984,10
12.89326954,80.22756195,37984,37994,10
12.89325047,80.22756195,37994,38004,10
12.89307976,80.22753143,38004,38014,10
12.89272022,80.22747803,38014,38024,10
12.89221954,80.22741699,38024,38034,10
12.89138031,80.22741699,38034,38044,10
12.89033985,80.22738647,38044,38055,11
12.88918972,80.22737885,38055,38065,10
12.88844967,80.22736359,38065,38075,10
12.8884201,80.22736359,38075,38085,10
12.88817024,80.2273407,38085,38095,10
12.88780022,80.22731781,38095,38105,10
12.88749981,80.22727203,38105,38115,10
12.88694,80.22715759,38115,38125,10
12.88615036,80.22698212,38125,38135,10
12.88519955,80.22676086,38135,38145,10
12.88483047,80.22676086,38145,38155,10
12.88477039,80.22676086,38155,38172,17
12.88395023,80.22683716,38172,38184,12
12.8828001,80.22678375,38184,38194,10
12.88164043,80.22675323,38194,38204,10
12.88057995,80.22676086,38204,38214,10
12.87917995,80.22678375,38214,38224,10
12.87792969,80.22686005,38224,38234,10
12.8769598,80.22693634,38234,38244,10
12.87650967,80.22695923,38244,38254,10
12.8763504,80.22696686,38254,38264,10
12.87621021,80.22698212,38264,38275,11
12.87559032,80.22698212,38275,38285,10
12.87471962,80.22686768,38285,38295,10
12.87366962,80.22673035,38295,38305,10
12.87296009,80.22669983,38305,38315,10
12.87244034,80.22669983,38315,38325,10
12.87166023,80.22666931,38325,38335,10
12.87065983,80.22662354,38335,38345,10
12.8696003,80.22650909,38345,38355,10
12.8685503,80.22637939,38355,38365,10
12.8674202,80.2264328,38365,38375,10
12.86629009,80.2265625,38375,38386,11
12.86491013,80.22657013,38386,38396,10
12.86359978,80.22650909,38396,38406,10
12.86235046,80.22653961,38406,38416,10
12.8613596,80.22660828,38416,38426,10
12.86118031,80.22663879,38426,38442,16
12.86063957,80.2265625,38442,38454,12
12.85968018,80.22641754,38454,38464,10
12.85890961,80.22631836,38464,38474,10
12.85855961,80.22628021,38474,38485,11
12.8578701,80.22622681,38485,38495,10
12.85692024,80.22628021,38495,38505,10
12.85571957,80.22640991,38505,38515,10
12.85441017,80.22654724,38515,38525,10
12.85309982,80.22666931,38525,38535,10
12.85147953,80.22662354,38535,38545,10
12.85000038,80.22657776,38545,38554,9
12.84879017,80.22657776,38554,38564,10
12.84743977,80.22660065,38564,38575,11
12.84619999,80.22660065,38575,38585,10
12.84539986,80.22660828,38585,38596,11
12.84525013,80.22664642,38596,38606,10
12.84504032,80.22667694,38606,38616,10
12.84428024,80.22669983,38616,38626,10
12.84335041,80.22675323,38626,38636,10
12.84241962,80.22683716,38636,38646,10
12.84117985,80.22721863,38646,38656,10
12.84025955,80.22753143,38656,38666,10
12.83975983,80.22769928,38666,38676,10
12.83934021,80.22781372,38676,38686,10
12.83850002,80.22801208,38686,38697,11
12.83718967,80.22825623,38697,38707,10
12.83582973,80.22844696,38707,38717,10
12.83440971,80.22868347,38717,38727,10
12.83308983,80.22891998,38727,38737,10
12.83232975,80.22908783,38737,38747,10
12.83220005,80.22914124,38747,38757,10
12.83174992,80.22924805,38757,38767,10
12.83104038,80.22940063,38767,38777,10
12.82973957,80.22989655,38777,38787,10
12.82849979,80.23047638,38787,38797,10
12.82726002,80.23116302,38797,38808,11
12.82610035,80.23139954,38808,38818,10
12.82586002,80.23143768,38818,38828,10
12.82548046,80.23143768,38828,38838,10
12.82481003,80.23139191,38838,38848,10
12.82384968,80.23116302,38848,38858,10
12.82262993,80.23078918,38858,38868,10
12.82131004,80.23047638,38868,38878,10
12.81993008,80.23046875,38878,38888,10
12.81855011,80.23033905,38888,38898,10
12.81723976,80.2297287,38898,38909,11
12.81567955,80.22937775,38909,38919,10
12.81439972,80.22918701,38919,38929,10
12.81311989,80.22884369,38929,38939,10
12.81190968,80.22840881,38939,38949,10
12.81062031,80.22792053,38949,38959,10
12.80941963,80.22738647,38959,38969,10
12.80856037,80.22676849,38969,38979,10
12.80743027,80.22582245,38979,38989,10
12.80669022,80.22518158,38989,38999,10
12.80601025,80.22453308,38999,39009,10
12.80545044,80.22415924,39009,39020,11
12.80531979,80.22411346,39020,39030,10
12.80502033,80.22402954,39030,39040,10
12.80451012,80.22396851,39040,39050,10
12.80397987,80.22392273,39050,39060,10
12.8030901,80.22382355,39060,39070,10
12.80193996,80.22364807,39070,39080,10
12.80074024,80.22353363,39080,39090,10
12.79946995,80.22342682,39090,39100,10
12.7988596,80.22338104,39100,39110,10
12.79813957,80.22325897,39110,39120,10
12.79703999,80.2230835,39120,39131,11
12.79570961,80.22283173,39131,39141,10
12.79452038,80.22264862,39141,39151,10
12.79333973,80.22248077,39151,39161,10
12.79224014,80.22231293,39161,39171,10
12.79121017,80.22206116,39171,39181,10
12.79014015,80.2217865,39181,39191,10
12.78936005,80.22154999,39191,39201,10
12.78876019,80.22131348,39201,39211,10
12.7880497,80.22103119,39211,39232,21
12.7880497,80.22103119,39232,39242,10
12.78777981,80.22093201,39242,39252,10
12.78769016,80.22090149,39252,39262,10
12.78754044,80.22084045,39262,39272,10
12.78722954,80.22065735,39272,39292,20
12.78722954,80.22065735,39292,39302,10
12.78709984,80.22064972,39302,39312,10
12.78678989,80.22055054,39312,39322,10
12.78654957,80.22046661,39322,39332,10
12.78627014,80.22036743,39332,39343,11
12.78616047,80.22057343,39343,39353,10
12.78619003,80.22097778,39353,39363,10
12.78623009,80.22138214,39363,39393,30
12.78623009,80.22138214,39393,39403,10
12.78623962,80.22170258,39403,40574,1171
12.78614998,80.22181702,40574,40645,71
12.78614998,80.22181702,40645,40655,10
12.78610039,80.22174072,40655,40665,10
12.78612041,80.22148132,40665,40675,10
12.78612041,80.22118378,40675,40685,10
12.7860899,80.22077179,40685,40766,81
12.7860899,80.22077179,40766,40776,10
12.78617001,80.22039032,40776,40786,10
12.78627968,80.22033691,40786,40796,10
12.78662014,80.22048187,40796,40806,10
12.78697014,80.22059631,40806,40816,10
12.7874403,80.22077179,40816,40826,10
12.78785038,80.22093201,40826,40836,10
12.78845978,80.22116089,40836,40847,11
12.78927994,80.22142792,40847,40857,10
12.78997993,80.22170258,40857,40867,10
12.79092026,80.22196198,40867,40877,10
12.79197979,80.222229,40877,40887,10
12.79319954,80.22247314,40887,40897,10
12.7944603,80.22265625,40897,40907,10
12.79553986,80.22283936,40907,40917,10
12.79633045,80.22296906,40917,40927,10
12.79730034,80.22315979,40927,40937,10
12.79848003,80.22329712,40937,40948,11
12.79986954,80.22341156,40948,40958,10
12.80123043,80.22354126,40958,40968,10
12.80255985,80.22367096,40968,40978,10
12.80344963,80.22382355,40978,40988,10
12.80434036,80.22389221,40988,40998,10
12.80510044,80.22398376,40998,41008,10
12.80550003,80.22412109,41008,41018,10
12.80587959,80.22437286,41018,41028,10
12.80626011,80.22470093,41028,41038,10
12.80679035,80.22515106,41038,41048,10
12.80743027,80.22570801,41048,41059,11
12.8083601,80.22650146,41059,41069,10
12.80932045,80.22722626,41069,41079,10
12.81013966,80.22763824,41079,41089,10
12.81118965,80.22810364,41089,41099,10
12.81223965,80.22847748,41099,41109,10
12.8132,80.22879791,41109,41119,10
12.81416035,80.22910309,41119,41129,10
12.81542015,80.22931671,41129,41139,10
12.8167696,80.22955322,41139,41149,10
12.81807995,80.23004913,41149,41159,10
12.81931973,80.23046112,41159,41170,11
12.81978035,80.23043823,41170,41180,10
12.82009983,80.23045349,41180,41190,10
12.82085037,80.23042297,41190,41200,10
12.8219099,80.23052216,41200,41210,10
12.82312012,80.23087311,41210,41220,10
12.82444,80.23120117,41220,41230,10
12.82612038,80.23130035,41230,41250,20
12.82612038,80.23130035,41250,41260,10
12.82637978,80.23130035,41260,41271,11
12.82697964,80.23117065,41271,41281,10
12.82775974,80.23085785,41281,41291,10
12.82861042,80.23036957,41291,41301,10
12.82983017,80.22985077,41301,41311,10
12.83090019,80.22937012,41311,41321,10
12.83117962,80.22926331,41321,41331,10
12.83137989,80.22918701,41331,41341,10
12.83146,80.22917175,41341,41351,10
12.83180046,80.22910309,41351,41361,10
12.83222008,80.22902679,41361,41371,10
12.83288956,80.22891235,41371,41382,11
12.83380985,80.22873688,41382,41392,10
12.83473969,80.22857666,41392,41402,10
12.83557034,80.22844696,41402,41410,8
12.83670044,80.22828674,41410,41421,11
12.8379097,80.22808838,41421,41432,11
12.83909988,80.22783661,41432,41462,30
12.83936024,80.22773743,41462,41563,101
12.83936024,80.22773743,41563,41573,10
12.83998966,80.22756958,41573,41583,10
12.84062004,80.22737885,41583,41594,11
12.84165955,80.22711182,41594,41604,10
12.84280014,80.22679901,41604,41614,10
12.84405994,80.22654724,41614,41624,10
12.84547997,80.22654724,41624,41644,20
12.84547997,80.22654724,41644,41654,10
12.84572983,80.22660065,41654,41674,20
12.84572983,80.22660065,41674,41684,10
12.84585953,80.22660828,41684,41694,10
12.84619999,80.22654724,41694,41705,11
12.84708023,80.22657776,41705,41715,10
12.84811974,80.22659302,41715,41725,10
12.84922981,80.22660065,41725,41735,10
12.85035992,80.22659302,41735,41745,10
12.85147953,80.22662354,41745,41755,10
12.85258961,80.22666168,41755,41765,10
12.8537302,80.22663879,41765,41775,10
12.85484028,80.22650909,41775,41785,10
12.85597038,80.22640228,41785,41795,10
12.85723972,80.22625732,41795,41805,10
12.8584404,80.22619629,41805,41816,11
12.85982037,80.22637939,41816,41826,10
12.86083031,80.22650146,41826,41836,10
12.8611002,80.22653961,41836,41846,10
12.8615799,80.22650909,41846,41856,10
12.86244965,80.22647095,41856,41866,10
12.86357975,80.22646332,41866,41876,10
12.86491966,80.22651672,41876,41886,10
12.86635971,80.22650146,41886,41896,10
12.8678503,80.22635651,41896,41906,10
12.86935043,80.22640991,41906,41917,11
12.87096977,80.22657013,41917,41927,10
12.87222004,80.22660065,41927,41937,10
12.87290001,80.22660828,41937,41947,10
12.87290955,80.22660065,41947,41957,10
12.87312031,80.22662354,41957,41967,10
12.87374973,80.22664642,41967,41977,10
12.87462044,80.22676086,41977,41987,10
12.87576008,80.22688293,41987,41997,10
12.87664986,80.22686768,41997,42007,10
12.87685966,80.22685242,42007,42017,10
12.87722969,80.2268219,42017,42028,11
12.87802029,80.22676086,42028,42038,10
12.87899971,80.22669983,42038,42048,10
12.88022995,80.22666931,42048,42058,10
12.88152027,80.22666168,42058,42068,10
12.8829298,80.22666931,42068,42078,10
12.88426971,80.22664642,42078,42088,10
12.88556004,80.22673035,42088,42098,10
12.88687992,80.22707367,42098,42108,10
12.88807964,80.22724152,42108,42118,10
12.88864994,80.22727966,42118,42128,10
12.88875961,80.22730255,42128,42139,11
12.8893404,80.22730255,42139,42149,10
12.89015007,80.22730255,42149,42159,10
12.89223957,80.22731018,42159,42207,48
12.89223957,80.22731018,42207,42217,10
12.89229965,80.22724152,42217,42227,10
12.89272022,80.22730255,42227,42237,10
12.89344025,80.22740173,42237,42248,11
12.89445972,80.2275238,42248,42255,7
12.89523029,80.22756195,42255,42268,13
12.89667034,80.2276535,42268,42278,10
12.89791012,80.22769928,42278,42288,10
12.89906025,80.2277832,42288,42298,10
12.89997005,80.22785187,42298,42308,10
12.90058994,80.22789764,42308,42318,10
12.90102005,80.22789764,42318,42328,10
12.90153027,80.22788239,42328,42338,10
12.90202999,80.22789764,42338,42362,24
12.90260983,80.22795105,42362,42374,12
12.90301037,80.22794342,42374,42384,10
12.90375996,80.22802734,42384,42391,7
12.90431976,80.22808075,42391,42404,13
12.90522957,80.22808075,42404,42455,51
12.90522957,80.22808075,42455,42463,8
12.90561008,80.22808075,42463,42475,12
12.90592003,80.22811127,42475,42485,10
12.90602016,80.22814941,42485,42495,10
12.90627956,80.22820282,42495,42505,10
12.90676975,80.22825623,42505,42515,10
12.90705013,80.22827148,42515,42525,10
12.90769958,80.22836304,42525,42535,10
12.90867043,80.22852325,42535,42545,10
12.90993977,80.22872925,42545,42556,11
12.91125965,80.22892761,42556,42566,10
12.91172028,80.22898865,42566,42576,10
12.91236019,80.22907257,42576,42586,10
12.91324043,80.22918701,42586,42596,10
12.91359997,80.22923279,42596,42606,10
12.91396046,80.22930145,42606,42616,10
12.91471004,80.22940063,42616,42626,10
12.91571999,80.22953033,42626,42636,10
12.91681957,80.22969818,42636,42646,10
12.91786003,80.22987366,42646,42656,10
12.91895962,80.2299881,42656,42667,11
12.92035961,80.23014069,42667,42677,10
12.92173004,80.23030853,42677,42687,10
12.92313957,80.23052979,42687,42697,10
12.92455006,80.23072815,42697,42707,10
12.92584038,80.23088074,42707,42717,10
12.92650032,80.23097992,42717,42727,10
12.92654991,80.23095703,42727,42737,10
12.92698002,80.23098755,42737,42747,10
12.9277401,80.2310791,42747,42757,10
12.92860985,80.23117065,42757,42768,11
12.9298296,80.23149109,42768,42778,10
12.93105984,80.23178864,42778,42788,10
12.93239021,80.23220825,42788,42798,10
12.9334898,80.23265839,42798,42808,10
12.93412018,80.23278046,42808,42818,10
12.93537045,80.23352051,42818,42828,10
12.93642998,80.23397827,42828,42838,10
12.93764973,80.23454285,42838,42848,10
12.93904018,80.23532104,42848,42858,10
12.93978977,80.23561096,42858,42868,10
12.9399004,80.23565674,42868,42879,11
12.94017982,80.23580933,42879,42889,10
12.94085979,80.23600006,42889,42899,10
12.94182014,80.23625183,42899,42909,10
12.94295025,80.23670197,42909,42919,10
12.94392014,80.23764038,42919,42929,10
12.94454956,80.23842621,42929,42939,10
12.94548035,80.23893738,42939,42949,10
12.94725037,80.2399292,42949,42965,16
12.9487896,80.24054718,42965,42997,32
12.9487896,80.24054718,42997,43008,11
12.94915962,80.24079895,43008,43018,10
12.94979,80.24099731,43018,43028,10
12.95069981,80.24121857,43028,43038,10
12.95166016,80.24156952,43038,43048,10
12.95277023,80.24196625,43048,43058,10
12.95378017,80.24230194,43058,43068,10
12.95464039,80.24269867,43068,43078,10
12.95538044,80.24298096,43078,43088,10
12.95619965,80.24323273,43088,43099,11
12.95660973,80.2434082,43099,43109,10
12.95716953,80.24368286,43109,43119,10
12.95790958,80.24398804,43119,43129,10
12.9586401,80.2442627,43129,43139,10
12.95915985,80.24465942,43139,43149,10
12.95934963,80.24474335,43149,43159,10
12.95985985,80.24494934,43159,43169,10
12.96072006,80.24532318,43169,43179,10
12.96177959,80.24584198,43179,43189,10
12.96339989,80.24668121,43189,43260,71
12.96339989,80.24668121,43260,43270,10
12.96360016,80.24671936,43270,43280,10
12.96409035,80.24691772,43280,43290,10
12.96471977,80.24697876,43290,43300,10
12.96557045,80.2470932,43300,43311,11
12.96679974,80.24784088,43311,43321,10
12.96699047,80.24799347,43321,43331,10
12.96739006,80.24806213,43331,43341,10
12.96802044,80.24816895,43341,43351,10
12.96930981,80.24897766,43351,43361,10
12.97039986,80.24949646,43361,43371,10
12.97148037,80.24983215,43371,43381,10
12.97262001,80.25012207,43381,43391,10
12.97367001,80.25039673,43391,43401,10
12.97478008,80.25073242,43401,43412,11
12.97609043,80.25106049,43412,43422,10
12.97727966,80.25144958,43422,43432,10
12.97813988,80.25211334,43432,43442,10
12.97861004,80.252388,43442,43452,10
12.97873974,80.25247192,43452,43462,10
12.97924042,80.25260162,43462,43472,10
12.98001003,80.25267792,43472,43482,10
12.98106003,80.25266266,43482,43492,10
12.98221016,80.25263214,43492,43502,10
12.9834404,80.2525177,43502,43512,10
12.98453045,80.25224304,43512,43523,11
12.98556042,80.25193787,43523,43539,16
12.98631954,80.25174713,43539,43551,12
12.98672962,80.25164795,43551,43611,60
12.98672962,80.25164795,43611,43622,11
12.98680973,80.25161743,43622,43632,10
12.98709011,80.25154877,43632,43642,10
12.98740959,80.25145721,43642,43652,10
12.98775959,80.25141907,43652,43662,10
12.98789978,80.2517395,43662,43672,10
12.98799992,80.25209808,43672,43682,10
12.98801994,80.25222778,43682,43692,10
12.98797035,80.25260162,43692,43702,10
12.98789024,80.25312042,43702,43712,10
12.98785973,80.25347137,43712,43722,10
12.98783016,80.25370026,43722,43733,11
12.98783016,80.25382996,43733,43743,10
12.98777008,80.2542038,43743,43753,10
12.98771954,80.25469971,43753,43763,10
12.98771,80.25534821,43763,43773,10
12.98762035,80.25559998,43773,43783,10
12.98754978,80.25608063,43783,43793,10
12.98752975,80.25644684,43793,43803,10
12.98746967,80.25672913,43803,43813,10
12.98740959,80.25727081,43813,43823,10
12.98738003,80.25779724,43823,43834,11
12.98735046,80.25830078,43834,43844,10
12.9872303,80.25852203,43844,43864,20
12.98696995,80.25853729,43864,43995,131
12.98709011,80.25862122,43995,44076,81
12.98709011,80.25862122,44076,44086,10
12.98672009,80.25865936,44086,44318,232
12.98672009,80.25865936,44318,44328,10
12.98690033,80.25891113,44328,50175,5847
12.98684978,80.25895691,50175,50518,343
12.98684025,80.25900269,50518,55121,4603
12.98684025,80.25900269,55121,55131,10
12.98666,80.2591095,55131,55140,9
12.98663044,80.25936127,55140,55152,12
12.98692989,80.25943756,55152,55523,371
12.98692989,80.25943756,55523,55533,10
12.98729992,80.25955963,55533,55543,10
12.98731041,80.25924683,55543,55553,10
12.98729038,80.25894165,55553,55563,10
12.98727989,80.25853729,55563,55574,11
12.98729992,80.25814056,55574,55584,10
12.98736,80.25758362,55584,55594,10
12.98750019,80.25663757,55594,55644,50
12.98750019,80.25663757,55644,55654,10
12.98764038,80.25610352,55654,55664,10
12.98754025,80.25578308,55664,55674,10
12.98719025,80.25572205,55674,55685,11
12.98618031,80.25553131,55685,55705,20
12.98618031,80.25553131,55705,55715,10
12.98604012,80.25546265,55715,55725,10
12.98558044,80.25534821,55725,55734,9
12.98486996,80.25523376,55734,55745,11
12.98437977,80.25508881,55745,55755,10
12.98342991,80.25479126,55755,55765,10
12.98250008,80.25454712,55765,55775,10
12.9819603,80.25392914,55775,55785,10
12.98174953,80.25314331,55785,55796,11
12.98108959,80.25276947,55796,55806,10
12.98034,80.2527771,55806,55816,10
12.97968006,80.25270844,55816,55826,10
12.97896004,80.25263214,55826,55836,10
12.97867966,80.25257874,55836,55846,10
12.97861004,80.25254059,55846,55856,10
12.97819042,80.25228119,55856,55866,10
12.97754002,80.25170898,55866,55876,10
12.9766798,80.25128174,55876,55894,18
12.97463989,80.25068665,55894,55906,12
12.97342014,80.25029755,55906,55916,10
12.97259045,80.25012207,55916,55926,10
12.97247982,80.25006866,55926,55936,10
12.97212029,80.24992371,55936,55946,10
12.97144985,80.2497406,55946,55956,10
12.97052002,80.24949646,55956,55966,10
12.96936989,80.24906158,55966,55976,10
12.96809959,80.24855804,55976,55986,10
12.96704006,80.24810028,55986,55996,10
12.96636009,80.2477417,55996,56007,11
12.96555996,80.24741364,56007,56028,21
12.96492958,80.2472229,56028,56040,12
12.96434021,80.24700165,56040,56050,10
12.96368027,80.2467804,56050,56070,20
12.96368027,80.2467804,56070,56080,10
12.96329975,80.24656677,56080,56090,10
12.96278954,80.24629974,56090,56100,10
12.96261024,80.24620056,56100,56110,10
12.96247959,80.24610138,56110,56121,11
12.96185017,80.24578857,56121,56131,10
12.96098995,80.24537659,56131,56140,9
12.96012974,80.24504089,56140,56151,11
12.95925999,80.24471283,56151,56161,10
12.9592104,80.24469757,56161,56170,9
12.95895004,80.24453735,56170,56181,11
12.95818043,80.24420166,56181,56191,10
12.95753002,80.24395752,56191,56200,9
12.95685959,80.24375916,56200,56210,10
12.95662975,80.24369049,56210,56222,12
12.95639992,80.24360657,56222,56232,10
12.95598984,80.24342346,56232,56242,10
12.95516968,80.24302673,56242,56252,10
12.95417976,80.24259186,56252,56262,10
12.95318985,80.24217224,56262,56272,10
12.95221996,80.24179077,56272,56282,10
12.95180035,80.24165344,56282,56292,10
12.95170975,80.24160004,56292,56302,10
12.95108032,80.24136353,56302,56312,10
12.95028973,80.2410965,56312,56323,11
12.94962025,80.24092865,56323,56333,10
12.94917011,80.24076843,56333,56343,10
12.94853973,80.24050903,56343,56353,10
12.94771004,80.2401886,56353,56363,10
12.94715977,80.23996735,56363,56372,9
12.94709969,80.23993683,56372,56383,11
12.94680023,80.23980713,56383,56393,10
12.94616032,80.23954773,56393,56403,10
12.94528961,80.23908997,56403,56413,10
12.94441986,80.23828125,56413,56424,11
12.94355965,80.23738098,56424,56434,10
12.94318008,80.23699951,56434,56444,10
12.94303036,80.23683929,56444,56454,10
12.94242954,80.23647308,56454,56464,10
12.94147015,80.23618317,56464,56474,10
12.93972015,80.23570251,56474,56494,20
12.93972015,80.23570251,56494,56504,10
12.93957996,80.23564148,56504,56514,10
12.93906021,80.23538971,56514,56524,10
12.93828964,80.23500061,56524,56535,11
12.93723011,80.23448944,56535,56545,10
12.93618965,80.23399353,56545,56555,10
12.93515968,80.23352051,56555,56565,10
12.93416023,80.23310089,56565,56581,16
12.93379974,80.23291779,56581,56593,12
12.93332005,80.23265839,56593,56603,10
12.93264008,80.23238373,56603,56613,10
12.93171978,80.23206329,56613,56623,10
12.93062973,80.23175812,56623,56633,10
12.92953014,80.23149872,56633,56644,11
12.9282198,80.23126221,56644,56654,10
12.92695999,80.23111725,56654,56664,10
12.92615986,80.23104095,56664,56674,10
12.92613983,80.23104095,56674,56683,9
12.92595959,80.23104095,56683,56694,11
12.92535973,80.23092651,56694,56704,10
12.92442989,80.23081207,56704,56714,10
12.92343998,80.23068237,56714,56724,10
12.92222977,80.23049927,56724,56734,10
12.92088032,80.23032379,56734,56744,10
12.9196701,80.23017883,56744,56755,11
12.9191103,80.23010254,56755,56765,10
12.91888046,80.2300415,56765,56775,10
12.91823959,80.22994232,56775,56785,10
12.91730976,80.22979736,56785,56795,10
12.9161396,80.22963715,56795,56805,10
12.91483974,80.22944641,56805,56815,10
12.91372967,80.22930145,56815,56825,10
12.91329002,80.22927094,56825,56835,10
12.91314983,80.2292099,56835,56845,10
12.91257954,80.22908783,56845,56856,11
12.91164017,80.22894287,56856,56866,10
12.91055012,80.22878265,56866,56876,10
12.90931988,80.22859192,56876,56886,10
12.90802956,80.22840881,56886,56896,10
12.90697956,80.22825623,56896,56906,10
12.9064703,80.22824097,56906,56916,10
12.90645027,80.22824097,56916,56926,10
12.90639019,80.22821808,56926,56936,10
12.90592957,80.22817993,56936,56946,10
12.90513039,80.22811127,56946,56956,10
12.90412998,80.22805786,56956,56967,11
12.90291977,80.22801971,56967,56977,10
12.90192986,80.2279892,56977,56987,10
12.90161991,80.22798157,56987,56997,10
12.90149975,80.22798157,56997,57007,10
12.90116024,80.22796631,57007,57017,10
12.90065002,80.22789764,57017,57027,10
12.89949036,80.22785187,57027,57047,20
12.89949036,80.22785187,57047,57057,10
12.89941978,80.22782135,57057,57068,11
12.8990202,80.22779083,57068,57078,10
12.8983202,80.22775269,57078,57088,10
12.8973999,80.22770691,57088,57098,10
12.89624977,80.22766876,57098,57108,10
12.89496994,80.22759247,57108,57118,10
12.89365959,80.2275238,57118,57128,10
12.89313984,80.22750092,57128,57138,10
12.89291,80.22744751,57138,57148,10
12.8922596,80.22737122,57148,57158,10
12.89136028,80.2273407,57158,57168,10
12.89023018,80.22733307,57168,57179,11
12.88897991,80.22737122,57179,57189,10
12.88858032,80.22736359,57189,57199,10
12.88848019,80.2273407,57199,57215,16
12.88751984,80.22721863,57215,57227,12
12.88640022,80.22699738,57227,57237,10
12.88535976,80.22675323,57237,57247,10
12.88479042,80.22672272,57247,57257,10
12.88479042,80.22669983,57257,57267,10
12.88444042,80.22670746,57267,57277,10
12.88366032,80.22673798,57277,57288,11
12.88245964,80.22673798,57288,57298,10
12.88119984,80.22675323,57298,57309,11
12.87985039,80.22676086,57309,57319,10
12.87829018,80.2268219,57319,57329,10
12.87701035,80.2269516,57329,57339,10
12.87631989,80.22699738,57339,57349,10
12.87623978,80.22699738,57349,57359,10
12.87578964,80.22698975,57359,57369,10
12.87497044,80.22689819,57369,57379,10
12.8738699,80.22676086,57379,57390,11
12.87269974,80.22669983,57390,57400,10
12.87242031,80.22669983,57400,57410,10
12.87209988,80.22669983,57410,57420,10
12.87154961,80.22666931,57420,57430,10
12.87069988,80.22662354,57430,57440,10
12.86958027,80.22650909,57440,57450,10
12.86832047,80.22637939,57450,57460,10
12.8669796,80.22647858,57460,57470,10
12.86561966,80.22659302,57470,57480,10
12.86423969,80.2265625,57480,57490,10
12.86283016,80.22653198,57490,57501,11
12.86147976,80.22660828,57501,57511,10
12.86093998,80.22659302,57511,57521,10
12.86085033,80.22660065,57521,57531,10
12.86034012,80.22653961,57531,57541,10
12.85943985,80.22638702,57541,57551,10
12.85851955,80.22627258,57551,57552,1
12.8584404,80.22625732,57552,57591,39
12.85365963,80.22663879,57591,57602,11
12.85210991,80.22664642,57602,57612,10
12.85077953,80.22662354,57612,57622,10
12.8501997,80.22660828,57622,57632,10
12.85002041,80.22660065,57632,57642,10
12.84937954,80.22657776,57642,57652,10
12.8484602,80.22660065,57652,57662,10
12.84729004,80.22663879,57662,57672,10
12.84617996,80.22662354,57672,57687,15
12.8453598,80.22662354,57687,57697,10
12.84529018,80.22660065,57697,57709,12
12.84525967,80.22664642,57709,57719,10
12.84498978,80.2266922,57719,57729,10
12.84418011,80.22666931,57729,57739,10
12.84315968,80.22678375,57739,57749,10
12.84216976,80.22702026,57749,57759,10
12.84092999,80.2273407,57759,57769,10
12.8400898,80.22754669,57769,57779,10
12.83971024,80.2276535,57779,57840,61
12.83971024,80.2276535,57840,57850,10
12.8392601,80.22783661,57850,57860,10
12.83854008,80.22801971,57860,57870,10
12.83753967,80.22821808,57870,57886,16
12.83555031,80.22852325,57886,57898,12
12.83388042,80.22879791,57898,57908,10
12.83218956,80.22914124,57908,57929,21
12.83218956,80.22914124,57929,57939,10
12.83178043,80.2292099,57939,57949,10
12.83119965,80.22940826,57949,57959,10
12.83022022,80.2297287,57959,57969,10
12.82921028,80.23011017,57969,57979,10
12.82796001,80.2307663,57979,57989,10
12.82670975,80.23129272,57989,57999,10
12.82579994,80.23140717,57999,58009,10
12.82579041,80.23140717,58009,58019,10
12.82561016,80.23139191,58019,58030,11
12.82520962,80.23140717,58030,58039,9
12.8246603,80.23136139,58039,58050,11
12.82369995,80.23111725,58050,58060,10
12.82258034,80.2307663,58060,58070,10
12.82133007,80.23047638,58070,58080,10
12.81999016,80.23049164,58080,58090,10
12.81908035,80.23049927,58090,58100,10
12.81892967,80.23049164,58100,58110,10
12.81867981,80.23040009,58110,58120,10
12.81807995,80.23010254,58120,58131,11
12.8171196,80.22966003,58131,58140,9
12.81608009,80.22942352,58140,58151,11
12.81464958,80.22921753,58151,58161,10
12.81334019,80.22889709,58161,58171,10
12.8120203,80.22843933,58171,58181,10
12.81093025,80.22807312,58181,58191,10
12.81077957,80.22801971,58191,58201,10
12.81044006,80.22783661,58201,58211,10
12.80978966,80.22754669,58211,58221,10
12.80895042,80.22705841,58221,58231,10
12.80799961,80.2263031,58231,58242,11
12.80698967,80.22544098,58242,58252,10
12.8063097,80.224823,58252,58262,10
12.80566025,80.22425842,58262,58272,10
12.80539989,80.22409821,58272,58282,10
12.80537033,80.22409058,58282,58292,10
12.80523968,80.22403717,58292,58302,10
12.80486012,80.22396088,58302,58312,10
12.80482006,80.22396088,58312,58322,10
12.80403996,80.22389221,58322,58342,20
12.80403996,80.22389221,58342,58353,11
12.80362034,80.22383881,58353,58363,10
12.80294037,80.22377014,58363,58373,10
12.80198002,80.22366333,58373,58383,10
12.80107021,80.22358704,58383,58393,10
12.80097961,80.22358704,58393,58403,10
12.8006897,80.22355652,58403,58413,10
12.80004978,80.22348022,58413,58423,10
12.79916,80.22338867,58423,58433,10
12.79806042,80.22328186,58433,58443,10
12.7968998,80.22312927,58443,58454,11
12.7958498,80.22293854,58454,58464,10
12.79578018,80.22293091,58464,58474,10
12.79553032,80.2228775,58474,58484,10
12.79485989,80.22274017,58484,58494,10
12.79389954,80.22257996,58494,58504,10
12.7927599,80.22241974,58504,58514,10
12.79162025,80.22218323,58514,58524,10
12.79047012,80.22190094,58524,58534,10
12.78960037,80.2216568,58534,58544,10
12.78897953,80.22144318,58544,58554,10
12.78837967,80.22119904,58554,58575,21
12.78837967,80.22119904,58575,58585,10
12.78796959,80.22102356,58585,58635,50
12.78796959,80.22102356,58635,58645,10
12.78771973,80.22093964,58645,58655,10
12.78763962,80.22088623,58655,58666,11
12.78746033,80.22080231,58666,58676,10
12.78728008,80.22070313,58676,58686,10
12.78705978,80.22067261,58686,58706,20
12.78705978,80.22067261,58706,58716,10
12.78670979,80.22055817,58716,58736,20
12.78639984,80.22042084,58736,58756,20
12.78639984,80.22042084,58756,58766,10
12.78633976,80.2203598,58766,58777,11
12.78612995,80.22038269,58777,58787,10
12.78616047,80.22049713,58787,58797,10
12.78619003,80.22075653,58797,58807,10
12.78625011,80.22151947,58807,58857,50
12.78625965,80.22174835,58857,59332,475
12.78625965,80.22174835,59332,59343,11
12.78625965,80.22219086,59343,60150,807
12.78621006,80.22197723,60150,61200,1050
12.78621006,80.22197723,61200,61210,10
12.78616047,80.22173309,61210,61221,11
12.78614044,80.22138214,61221,61231,10
12.78616047,80.22107697,61231,61251,20
12.78616047,80.22107697,61251,61261,10
12.78612041,80.22061157,61261,61311,50
12.78612041,80.22061157,61311,61321,10
12.78641987,80.22039032,61321,61372,51
12.78672028,80.22058868,61372,61392,20
12.78672028,80.22058868,61392,61402,10
12.78705978,80.22073364,61402,61412,10
12.78744984,80.22083282,61412,61422,10
12.78792,80.22102356,61422,61433,11
12.78853035,80.22126007,61433,61443,10
12.78913021,80.22149658,61443,61453,10
12.78973961,80.22174835,61453,61463,10
12.79037952,80.22194672,61463,61473,10
12.79121971,80.22219849,61473,61483,10
12.79213047,80.22242737,61483,61493,10
12.79300022,80.22257996,61493,61503,10
12.79393959,80.22265625,61503,61513,10
12.79487038,80.22277832,61513,61523,10
12.79576015,80.22292328,61523,61533,10
12.79640007,80.22303009,61533,61544,11
12.7964201,80.22303009,61544,61554,10
12.79648018,80.22303772,61554,61564,10
12.7968998,80.22312164,61564,61574,10
12.79759979,80.2232666,61574,61584,10
12.79843998,80.22335052,61584,61594,10
12.79934978,80.22345734,61594,61604,10
12.80037975,80.22355652,61604,61614,10
12.80121994,80.22360229,61614,61624,10
12.80142021,80.22361755,61624,61634,10
12.80152988,80.22361755,61634,61645,11
12.80220032,80.22367096,61645,61655,10
12.80301952,80.22382355,61655,61665,10
12.80389977,80.22398376,61665,61675,10
12.80469036,80.22402954,61675,61685,10
12.80533028,80.22411346,61685,61695,10
12.80556965,80.22418976,61695,61711,16
12.80574989,80.22431946,61711,61723,12
12.80578995,80.22437286,61723,61733,10
12.80613041,80.22464752,61733,61743,10
12.80667973,80.22515106,61743,61753,10
12.80739975,80.22582245,61753,61764,11
12.8083601,80.22660828,61764,61774,10
12.80930996,80.22733307,61774,61783,9
12.81025982,80.2277832,61783,61794,11
12.81145954,80.22825623,61794,61804,10
12.81256008,80.22865295,61804,61814,10
12.81365967,80.22902679,61814,61824,10
12.81480026,80.22928619,61824,61834,10
12.81599045,80.22944641,61834,61844,10
12.81713009,80.22966766,61844,61854,10
12.81818008,80.2301178,61854,61865,11
12.81912994,80.23049164,61865,61875,10
12.81966019,80.23047638,61875,61885,10
12.82001972,80.23049927,61885,61895,10
12.82073021,80.23052216,61895,61905,10
12.82170963,80.23058319,61905,61915,10
12.8227396,80.23082733,61915,61925,10
12.82388973,80.23114777,61925,61935,10
12.82503033,80.23139954,61935,61945,10
12.82602024,80.23136902,61945,61955,10
12.82614994,80.2313385,61955,61966,11
12.82635975,80.2313385,61966,61975,9
12.8267498,80.23129272,61975,61986,11
12.82748032,80.23103333,61986,61996,10
12.82831955,80.23052979,61996,62006,10
12.82944012,80.23004913,62006,62016,10
12.8305397,80.229599,62016,62026,10
12.83113003,80.22934723,62026,62036,10
12.83113956,80.2293396,62036,62046,10
12.83133984,80.22924042,62046,62056,10
12.83162022,80.22915649,62056,62066,10
12.83164024,80.22914886,62066,62077,11
12.83201981,80.22905731,62077,62087,10
12.83261013,80.22897339,62087,62097,10
12.83353043,80.22882843,62097,62107,10
12.83460045,80.22865295,62107,62117,10
12.83568954,80.22850037,62117,62127,10
12.83681965,80.22834015,62127,62137,10
12.83804989,80.22811127,62137,62147,10
12.83895969,80.22786713,62147,62157,10
12.83942986,80.22763824,62157,62167,10
12.83955956,80.22762299,62167,62178,11
12.84027958,80.22747803,62178,62188,10
12.84117985,80.22724152,62188,62198,10
12.84220028,80.22699738,62198,62208,10
12.84296036,80.2268219,62208,62218,10
12.84375954,80.22672272,62218,62228,10
12.84550953,80.22660065,62228,62248,20
12.84550953,80.22660065,62248,62258,10
12.84568024,80.22663879,62258,62268,10
12.84593964,80.22662354,62268,62278,10
12.84646988,80.22659302,62278,62289,11
12.84733009,80.22657776,62289,62299,10
12.84829044,80.22657013,62299,62309,10
12.84934998,80.22657776,62309,62319,10
12.85013008,80.22653961,62319,62339,20
12.85013008,80.22653961,62339,62349,10
12.85035992,80.22653961,62349,62359,10
12.85091972,80.22657013,62359,62369,10
12.85169029,80.22660828,62369,62379,10
12.85256004,80.22664642,62379,62390,11
12.85356998,80.22663116,62390,62400,10
12.85447979,80.22653961,62400,62410,10
12.85533047,80.22644806,62410,62420,10
12.85620022,80.22635651,62420,62430,10
12.85709953,80.22627258,62430,62440,10
12.85805988,80.22621918,62440,62450,10
12.85906029,80.22628021,62450,62460,10
12.86007977,80.22644043,62460,62470,10
12.8608799,80.22653198,62470,62480,10
12.86093998,80.22653961,62480,62490,10
12.86124992,80.2265625,62490,62501,11
12.86203957,80.22651672,62501,62511,10
12.8629303,80.22650146,62511,62521,10
12.86398983,80.22650146,62521,62531,10
12.86516953,80.22653961,62531,62541,10
12.86635971,80.22651672,62541,62551,10
12.86756992,80.22638702,62551,62561,10
12.86882019,80.22637177,62561,62571,10
12.87005043,80.22653961,62571,62581,10
12.87127018,80.22663116,62581,62591,10
12.87238026,80.22666168,62591,62602,11
12.8728199,80.22663879,62602,62612,10
12.87283039,80.22664642,62612,62622,10
12.87298012,80.22666168,62622,62632,10
12.87335968,80.22666931,62632,62642,10
12.87403965,80.22672272,62642,62652,10
12.87495995,80.2268219,62652,62662,10
12.87623978,80.22692108,62662,62692,30
12.87623978,80.22692108,62692,62708,16
12.87664032,80.22689819,62708,62721,13
12.87674999,80.22689819,62721,62731,10
12.87703991,80.22689819,62731,62741,10
12.87773037,80.22685242,62741,62750,9
12.87854958,80.22679138,62750,62761,11
12.8797102,80.22673035,62761,62771,10
12.88070011,80.22672272,62771,62780,9
12.88169003,80.22670746,62780,62791,11
12.88306046,80.22669983,62791,62801,10
12.88418007,80.22667694,62801,62811,10
12.88494015,80.22666168,62811,62822,11
12.88529015,80.22667694,62822,62832,10
12.88547993,80.22672272,62832,62842,10
12.88609028,80.22686768,62842,62852,10
12.88694954,80.22709656,62852,62862,10
12.88794041,80.22724915,62862,62872,10
12.8886404,80.22727966,62872,62882,10
12.88930988,80.22730255,62882,62892,10
12.8901701,80.22731781,62892,62902,10
12.89113998,80.22731018,62902,62912,10
12.89229965,80.22736359,62912,62923,11
12.89321995,80.22743988,62923,62933,10
12.89391994,80.22753143,62933,62943,10
12.89445972,80.2276001,62943,62953,10
12.89523029,80.2276535,62953,62963,10
12.89634037,80.22769928,62963,62973,10
12.89756012,80.22775269,62973,62983,10
12.89873028,80.22781372,62983,62993,10
12.8998003,80.22785187,62993,63003,10
12.90063953,80.22789001,63003,63013,10
12.90135956,80.22795105,63013,63023,10
12.90203953,80.22798157,63023,63034,11
12.90221977,80.22795868,63034,63044,10
12.90227985,80.22795868,63044,63054,10
12.90240955,80.22798157,63054,63064,10
12.90264988,80.22799683,63064,63074,10
12.9032402,80.2280426,63074,63084,10
12.90408039,80.22807312,63084,63094,10
12.9050703,80.2281189,63094,63104,10
12.90606976,80.22815704,63104,63165,61
12.90606976,80.22815704,63165,63175,10
12.90625954,80.22820282,63175,63185,10
12.9066,80.22823334,63185,63195,10
12.90694046,80.22825623,63195,63205,10
12.90697002,80.22825623,63205,63215,10
12.90715981,80.22827911,63215,63232,17
12.90814972,80.22843933,63232,63243,11
12.90909958,80.22859192,63243,63254,11
12.91018009,80.22878265,63254,63264,10
12.91117954,80.22894287,63264,63274,10
12.91213989,80.2290802,63274,63284,10
12.91306019,80.2292099,63284,63294,10
12.91399956,80.22933197,63294,63314,20
12.91399956,80.22933197,63314,63324,10
12.91415024,80.22936249,63324,63333,9
12.91456985,80.22942352,63333,63345,12
12.91528034,80.22953796,63345,63355,10
12.91609955,80.2296524,63355,63365,10
12.91701984,80.22975159,63365,63375,10
12.91794968,80.2298584,63375,63385,10
12.91926003,80.23001862,63385,63405,20
12.91926003,80.23001862,63405,63415,10
12.91948032,80.23005676,63415,63425,10
12.92006016,80.23014069,63425,63435,10
12.9208498,80.23023987,63435,63445,10
12.92183018,80.23036957,63445,63456,11
12.92298031,80.23055267,63456,63466,10
12.9240303,80.23069763,63466,63476,10
12.92508984,80.23084259,63476,63486,10
12.92609024,80.23094177,63486,63496,10
12.92646027,80.23097229,63496,63506,10
12.92652035,80.23097992,63506,63516,10
12.92702007,80.23104095,63516,63526,10
12.92776012,80.23113251,63526,63536,10
12.92860031,80.23121643,63536,63546,10
12.92963028,80.23143768,63546,63557,11
12.93083954,80.23174286,63557,63567,10
12.93194962,80.23210907,63567,63577,10
12.9330101,80.23246765,63577,63587,10
12.93360996,80.23271942,63587,63597,10
12.9337101,80.23278046,63597,63607,10
12.93385029,80.23290253,63607,63617,10
12.93426037,80.23309326,63617,63627,10
12.93515968,80.2334671,63627,63637,10
12.93605995,80.23388672,63637,63647,10
12.93710041,80.23439026,63647,63657,10
12.93813038,80.23487854,63657,63668,11
12.93922997,80.23542023,63668,63678,10
12.93966007,80.23564911,63678,63688,10
12.93966007,80.23565674,63688,63698,10
12.93980026,80.23573303,63698,63708,10
12.94036007,80.23592377,63708,63724,16
12.94163036,80.23623657,63724,63736,12
12.94268036,80.23655701,63736,63746,10
12.94344044,80.23708344,63746,63756,10
12.9440403,80.23777771,63756,63766,10
12.94472027,80.23854065,63766,63777,11
12.94569016,80.23937988,63777,63787,10
12.94674969,80.2397995,63787,63797,10
12.94740009,80.24004364,63797,63807,10
12.94740963,80.24005127,63807,63817,10
12.94762993,80.24014282,63817,63827,10
12.94818974,80.24040222,63827,63837,10
12.94886017,80.24063873,63837,63898,61
12.94886017,80.24063873,63898,63908,10
12.94919014,80.24079132,63908,63918,10
12.94976044,80.24099731,63918,63928,10
12.95067024,80.24127197,63928,63938,10
12.95108986,80.24137878,63938,63948,10
12.9511404,80.24140167,63948,63958,10
12.95158958,80.24157715,63958,63968,10
12.95224953,80.24182129,63968,63978,10
12.9531002,80.24214172,63978,63989,11
12.95403004,80.24250793,63989,63999,10
12.95481968,80.24282074,63999,64009,10
12.95545006,80.24304199,64009,64019,10
12.95637035,80.24336243,64019,64049,30
12.95637035,80.24336243,64049,64059,10
12.95689011,80.24358368,64059,64069,10
12.95757008,80.24391937,64069,64079,10
12.95835972,80.2442627,64079,64090,11
12.9588604,80.24446869,64090,64110,20
12.9588604,80.24446869,64110,64120,10
12.95895958,80.24450684,64120,64130,10
12.95936012,80.24474335,64130,64140,10
12.96000957,80.24501801,64140,64150,10
12.9608202,80.24539948,64150,64160,10
12.96179008,80.24584961,64160,64170,10
12.96273994,80.24629974,64170,64187,17
12.9636097,80.24672699,64187,64199,12
12.96415997,80.2469635,64199,64209,10
12.96475983,80.24719238,64209,64219,10
12.96553993,80.24745178,64219,64229,10
12.96627998,80.24775696,64229,64239,10
12.96664047,80.24790192,64239,64259,20
12.96664047,80.24790192,64259,64269,10
12.96693993,80.24807739,64269,64279,10
12.96737957,80.24830627,64279,64288,9
12.96798038,80.24855042,64288,64300,12
12.96903992,80.24897003,64300,64310,10
12.97004032,80.24938202,64310,64319,9
12.97099018,80.24973297,64319,64330,11
12.97210026,80.25003052,64330,64340,10
12.97329998,80.25034332,64340,64350,10
12.97422028,80.25054932,64350,64360,10
12.97441959,80.25058746,64360,64370,10
12.97459984,80.2506485,64370,64380,10
12.97509003,80.25080109,64380,64390,10
12.97568035,80.2509613,64390,64400,10
12.97653961,80.25119781,64400,64411,11
12.97752953,80.25161743,64411,64421,10
12.97861004,80.25241089,64421,64441,20
12.97861004,80.25241089,64441,64451,10
12.97889042,80.25254822,64451,64461,10
12.9795599,80.25267792,64461,64471,10
12.98038006,80.25272369,64471,64481,10
12.98099995,80.25267792,64481,64491,10
12.98174953,80.2526474,64491,64501,10
12.98268032,80.25263214,64501,64512,11
12.98381996,80.25245667,64512,64522,10
12.98495007,80.25215149,64522,64532,10
12.98608017,80.25189209,64532,64542,10
12.98715019,80.2515564,64542,64552,10
12.98775005,80.25141144,64552,64562,10
12.98795986,80.25163269,64562,64572,10
12.98795986,80.25176239,64572,64582,10
12.98799992,80.25192261,64582,64598,16
12.98801994,80.25206757,64598,64610,12
12.98799992,80.25266266,64610,64621,11
12.98793983,80.25344086,64621,64631,10
12.98789978,80.25402069,64631,64641,10
12.9878397,80.25440216,64641,64650,9
12.9878397,80.25478363,64650,64661,11
12.98787975,80.25502014,64661,64671,10
12.98783016,80.25547028,64671,64681,10
12.98779011,80.25582123,64681,64691,10
12.98803043,80.255867,64691,64701,10
12.9883604,80.25591278,64701,64711,10
12.98871994,80.25595093,64711,64732,21
12.98871994,80.25595093,64732,64742,10
12.98896027,80.25601959,64742,64752,10
12.98919964,80.25601959,64752,64762,10
12.98966026,80.256073,64762,64772,10
12.99024963,80.25608826,64772,64782,10
12.99075985,80.25608063,64782,64792,10
12.99118996,80.256073,64792,64811,19
12.99168015,80.25602722,64811,64823,12
12.99227047,80.25604248,64823,64884,61
12.99227047,80.25604248,64884,64894,10
12.99263,80.256073,64894,64965,71
12.99263,80.256073,64965,64975,10
12.99314022,80.25602722,64975,64985,10
12.99341011,80.25598907,64985,64995,10
12.99363041,80.2559967,64995,65005,10
12.99384975,80.25601959,65005,65015,10
12.99405003,80.25601196,65015,65025,10
12.99407959,80.25601196,65025,65035,10
12.99429989,80.2559967,65035,65046,11
12.9948101,80.25592804,65046,65142,96
12.9948101,80.25592804,65142,65155,13
12.99534988,80.25591278,65155,65165,10
12.99557972,80.25588226,65165,65175,10
12.99602985,80.25588226,65175,65185,10
12.99639034,80.25583649,65185,65235,50
12.99639034,80.25583649,65235,65245,10
12.9965601,80.25589752,65245,65257,12
12.99682045,80.25588226,65257,65267,10
12.99719048,80.25588989,65267,65277,10
12.99783993,80.25588989,65277,65287,10
12.99855995,80.25595093,65287,65307,20
12.99855995,80.25595093,65307,65317,10
12.99901962,80.25608826,65317,65327,10
12.99956989,80.25617218,65327,65337,10
12.99964046,80.25618744,65337,65347,10
12.99977016,80.25621796,65347,65358,11
13.00012016,80.25627899,65358,65368,10
13.00055981,80.25637817,65368,65378,10
13.00098991,80.25643921,65378,65388,10
13.00125027,80.25650024,65388,65404,16
13.00174999,80.25660706,65404,65416,12
13.00236034,80.25670624,65416,65446,30
13.00236034,80.25670624,65446,65456,10
13.00265026,80.25678253,65456,65466,10
13.00296021,80.25684357,65466,65477,11
13.00331974,80.25689697,65477,65487,10
13.00366974,80.25697327,65487,65497,10
13.00407028,80.25702667,65497,65507,10
13.00448036,80.25708008,65507,65517,10
13.00492001,80.25714874,65517,65547,30
13.00492001,80.25714874,65547,65557,10
13.00522995,80.25721741,65557,65567,10
13.00545979,80.2572937,65567,65578,11
13.00592041,80.25740814,65578,65588,10
13.00650024,80.25743866,65588,65598,10
13.00648975,80.25705719,65598,65608,10
13.00644016,80.25652313,65608,65618,10
13.00642014,80.25559235,65618,65628,10
13.00640965,80.25489044,65628,65638,10
13.00642014,80.25404358,65638,65648,10
13.00648022,80.253479,65648,65658,10
13.00650024,80.25344849,65658,65668,10
13.00656033,80.25331116,65668,65679,11
13.00644016,80.25296021,65679,65709,30
13.00644016,80.25296021,65709,65719,10
13.00656986,80.25274658,65719,65749,30
13.00656986,80.25274658,65749,65759,10
13.00658035,80.25257874,65759,65769,10
13.00658035,80.25225067,65769,65780,11
13.00664043,80.25170898,65780,65790,10
13.00666046,80.25125122,65790,65800,10
13.00658035,80.24989319,65800,65820,20
13.00658035,80.24989319,65820,65830,10
13.00662994,80.24932098,65830,65840,10
13.00658989,80.24899292,65840,65850,10
13.00658035,80.248703,65850,65860,10
13.00656033,80.24833679,65860,65870,10
13.0065403,80.24780273,65870,65880,10
13.00658035,80.24716187,65880,65891,11
13.00658035,80.2469635,65891,65901,10
13.00658035,80.24680328,65901,65911,10
13.00664043,80.24636078,65911,65921,10
13.00667,80.24571991,65921,65931,10
13.00664997,80.24523926,65931,65941,10
13.00658989,80.24478912,65941,65951,10
13.00656033,80.24433136,65951,65961,10
13.00650978,80.24389648,65961,65971,10
13.00648975,80.24337769,65971,65981,10
13.00642967,80.24263763,65981,65992,11
13.00646019,80.24183655,65992,66002,10
13.00646019,80.24175262,66002,66012,10
13.00658035,80.24111938,66012,66032,20
13.00658035,80.24111938,66032,66042,10
13.00660992,80.2406311,66042,66052,10
13.00667953,80.2401886,66052,66062,10
13.00683975,80.23970032,66062,66072,10
13.00697994,80.23889923,66072,66082,10
13.00716019,80.23809052,66082,66092,10
13.00726986,80.23745728,66092,66113,21
13.00726986,80.23745728,66113,66123,10
13.0073204,80.23700714,66123,66143,20
13.0073204,80.23700714,66143,66153,10
13.00734997,80.23683167,66153,66163,10
13.00743961,80.23652649,66163,66173,10
13.00755024,80.23603058,66173,66183,10
13.00767994,80.23535919,66183,66193,10
13.00784016,80.23462677,66193,66204,11
13.00804996,80.23368073,66204,66214,10
13.00823975,80.23258972,66214,66224,10
13.00848007,80.23139191,66224,66234,10
13.00874043,80.23021698,66234,66244,10
13.0089798,80.22899628,66244,66254,10
13.00932026,80.22781372,66254,66264,10
13.00981998,80.22676086,66264,66274,10
13.01025963,80.22582245,66274,66284,10
13.01049042,80.22540283,66284,66294,10
13.01060009,80.22518921,66294,66305,11
13.01070976,80.22479248,66305,66315,10
13.01086044,80.22416687,66315,66325,10
13.0111599,80.22335052,66325,66335,10
13.01148987,80.22251129,66335,66345,10
13.0117197,80.22174072,66345,66355,10
13.01220036,80.22167969,66355,66365,10
13.01255989,80.22210693,66365,66375,10
13.01309013,80.22251892,66375,66385,10
13.01354027,80.2229538,66385,66395,10
13.01397991,80.22348022,66395,66405,10
13.01426983,80.22386932,66405,66416,11
13.01476002,80.22442627,66416,66426,10
13.01504993,80.22463226,66426,66436,10
13.01513004,80.22470856,66436,66446,10
13.01546001,80.22496796,66446,66456,10
13.01558018,80.22509766,66456,66466,10
13.01566029,80.22514343,66466,66476,10
13.01675034,80.22521973,66476,66486,10
13.01675034,80.22521973,66486,66496,10
13.01756001,80.2248764,66496,66506,10
13.01852036,80.2244873,66506,66517,11
13.01943016,80.22440338,66517,66527,10
13.01994991,80.2246933,66527,66537,10
13.02048016,80.22509003,66537,66547,10
13.02108002,80.22557068,66547,66557,10
13.02159977,80.22595978,66557,66567,10
13.02192974,80.22618103,66567,66575,8
13.02194977,80.22618866,66575,66585,10
13.02210045,80.22627258,66585,66597,12
13.02248001,80.22664642,66597,66607,10
13.02291965,80.22707367,66607,66616,9
13.02330017,80.22738647,66616,66628,12
13.02385998,80.22792053,66628,66638,10
13.02423954,80.22837067,66638,66648,10
13.02453995,80.2288208,66648,66658,10
13.02476025,80.22913361,66658,66668,10
13.02478981,80.22914124,66668,66678,10
13.02495003,80.2293396,66678,66698,20
13.02495003,80.2293396,66698,66708,10
13.02503967,80.22940826,66708,66725,17
13.02548027,80.2299881,66725,66738,13
13.02569962,80.23034668,66738,66788,50
13.02569962,80.23034668,66788,66797,9
13.02577019,80.23059845,66797,66808,11
13.02591038,80.23091125,66808,66818,10
13.02598,80.23127747,66818,66828,10
13.02649975,80.23120117,66828,66927,99
13.02680969,80.23117828,66927,66998,71
13.02680969,80.23117828,66998,67008,10
13.02721024,80.23110199,67008,67018,10
13.02725983,80.2310791,67018,67028,10
13.02752972,80.23100281,67028,67038,10
13.02777004,80.23097992,67038,67069,31
13.0281496,80.2309494,67069,67170,101
13.0281496,80.2309494,67170,67180,10
13.02855015,80.23090363,67180,67190,10
13.02886963,80.23085785,67190,67200,10
13.02927017,80.23085785,67200,67349,149
13.02927017,80.23085785,67349,67359,10
13.02974987,80.23090363,67359,67370,11
13.03024006,80.23079681,67370,67420,50
13.03024006,80.23079681,67420,67430,10
13.03046036,80.23082733,67430,67440,10
13.03081036,80.2307663,67440,67450,10
13.03106976,80.23072815,67450,67460,10
13.03153992,80.23065948,67460,67471,11
13.03217983,80.23059845,67471,67481,10
13.03283978,80.23052979,67481,67491,10
13.03363991,80.23047638,67491,67501,10
13.03407955,80.23042297,67501,67511,10
13.03464985,80.23027039,67511,67672,161
13.03464985,80.23027039,67672,67683,11
13.0350399,80.23005676,67683,67693,10
13.03505039,80.2298584,67693,67703,10
13.03442955,80.22969818,67703,67753,50
13.03442955,80.22969818,67753,67763,10
13.03411961,80.23007965,67763,68218,455
13.0342598,80.23040771,68218,68914,696
13.0342598,80.23040771,68914,68924,10
13.03384018,80.23046875,68924,68934,10
13.03353977,80.23046112,68934,68945,11
13.03293991,80.23047638,68945,68955,10
13.03213978,80.2305603,68955,68975,20
13.03190994,80.23059845,68975,68995,20
13.03190994,80.23059845,68995,69005,10
13.03159046,80.23062897,69005,69096,91
13.03159046,80.23062897,69096,69106,10
13.03122044,80.23069,69106,69116,10
13.03104019,80.23068237,69116,69126,10
13.03079033,80.23068237,69126,69136,10
13.03055954,80.23069763,69136,69146,10
13.03017044,80.23072815,69146,69157,11
13.03005981,80.23075104,69157,69167,10
13.02980042,80.2307663,69167,69177,10
13.02947044,80.23085785,69177,69187,10
13.02906036,80.23084259,69187,69197,10
13.02869034,80.23085785,69197,69207,10
13.02834988,80.23098755,69207,69216,9
13.02818966,80.23139191,69216,69226,10
13.02807999,80.23201752,69226,69236,10
13.02779007,80.2328186,69236,69278,42
13.02742004,80.23287964,69278,69298,20
13.02742004,80.23287964,69298,69308,10
13.02711964,80.23291779,69308,69318,10
13.02692986,80.2329483,69318,69328,10
13.02667999,80.23297882,69328,69338,10
13.02639961,80.23278809,69338,69348,10
13.02618027,80.2322998,69348,69358,10
13.02591991,80.23146057,69358,69368,10
13.02573967,80.23058319,69368,69379,11
13.02488041,80.22943878,69379,69419,40
13.02488041,80.22943878,69419,69429,10
13.02466965,80.22926331,69429,69439,10
13.02447987,80.2289505,69439,69449,10
13.02416992,80.22853851,69449,69459,10
13.02375984,80.22802734,69459,69469,10
13.02334023,80.2276001,69469,69490,21
13.02334023,80.2276001,69490,69500,10
13.02317047,80.22740936,69500,69510,10
13.0227499,80.22699738,69510,69520,10
13.02250004,80.22672272,69520,69530,10
13.02213001,80.22638702,69530,69540,10
13.02145958,80.22588348,69540,69550,10
13.02073956,80.22531891,69550,69560,10
13.02023029,80.22498322,69560,69570,10
13.0197897,80.22467041,69570,69581,11
13.0190897,80.22447968,69581,69591,10
13.01819038,80.22470093,69591,69601,10
13.01729965,80.22503662,69601,69611,10
13.01661015,80.22538757,69611,69620,9
13.01640987,80.22544861,69620,69631,11
13.01591015,80.22561646,69631,69641,10
13.01537037,80.22576904,69641,69650,9
13.0150404,80.22592163,69650,69661,11
13.0146904,80.22602081,69661,69671,10
13.01432991,80.22615814,69671,69682,11
13.01430988,80.22615814,69682,69692,10
13.01393986,80.22627258,69692,69702,10
13.01340961,80.22647858,69702,69712,10
13.01276016,80.22676086,69712,69722,10
13.01220036,80.22692108,69722,69732,10
13.0113802,80.22725677,69732,69742,10
13.01047039,80.22769165,69742,69752,10
13.00967979,80.2280426,69752,69762,10
13.00909996,80.22859955,69762,69772,10
13.00891018,80.22947693,69772,69782,10
13.00874043,80.23040009,69782,69793,11
13.00852013,80.23146057,69793,69803,10
13.00833988,80.23256683,69803,69813,10
13.00825024,80.23343658,69813,69822,9
13.00821018,80.2335968,69822,69833,11
13.00815964,80.23370361,69833,69843,10
13.00809956,80.23403168,69843,69853,10
13.00800037,80.23458862,69853,69863,10
13.00786018,80.2352829,69863,69873,10
13.00776005,80.23578644,69873,69883,10
13.00765991,80.23622894,69883,69894,11
13.00757027,80.23673248,69894,69904,10
13.00749016,80.23713684,69904,69914,10
13.00741959,80.23754883,69914,69924,10
13.00734043,80.23796082,69924,69934,10
13.00720024,80.2387619,69934,69954,20
13.00720024,80.2387619,69954,69964,10
13.00708961,80.23919678,69964,70035,71
13.00708961,80.23919678,70035,70045,10
13.00704956,80.23954773,70045,70055,10
13.00702,80.23959351,70055,70065,10
13.00695038,80.23979187,70065,70075,10
13.00681973,80.24024963,70075,70085,10
13.00681019,80.24054718,70085,70095,10
13.00679016,80.24086761,70095,70106,11
13.00675011,80.24154663,70106,70116,10
13.00675011,80.24236298,70116,70126,10
13.00671959,80.24317169,70126,70136,10
13.00673008,80.24362946,70136,70146,10
13.00671005,80.24407959,70146,70156,10
13.00671959,80.24459839,70156,70166,10
13.00669003,80.24491882,70166,70176,10
13.00669003,80.24526215,70176,70217,41
13.00669003,80.24526215,70217,70227,10
13.00667953,80.24562836,70227,70237,10
13.00669003,80.24565887,70237,70247,10
13.00671959,80.24593353,70247,70277,30
13.00671959,80.24593353,70277,70287,10
13.00669956,80.24629211,70287,70297,10
13.00673008,80.24652863,70297,70307,10
13.00677967,80.24710846,70307,70318,11
13.00675011,80.24794769,70318,70328,10
13.00677967,80.24881744,70328,70338,10
13.00685978,80.24935913,70338,70348,10
13.00685978,80.24938965,70348,70358,10
13.00685024,80.2496109,70358,70368,10
13.00683975,80.25009155,70368,70378,10
13.00685978,80.25086975,70378,70408,30
13.00685978,80.25086975,70408,70419,11
13.00683022,80.25118256,70419,70429,10
13.00675964,80.25170898,70429,70439,10
13.00660038,80.25235748,70439,70449,10
13.00656033,80.25318909,70449,70459,10
13.00658035,80.25404358,70459,70469,10
13.00662994,80.25463104,70469,70479,10
13.00662041,80.25480652,70479,70489,10
13.00660992,80.25488281,70489,70499,10
13.00658035,80.25502777,70499,70509,10
13.00656033,80.25556183,70509,70519,10
13.00660992,80.25617218,70519,70530,11
13.00662994,80.25675964,70530,70560,30
13.00662994,80.25675964,70560,70570,10
13.0065403,80.25708008,70570,70580,10
13.00654984,80.2574234,70580,70590,10
13.00642014,80.25747681,70590,70600,10
13.00607967,80.25746918,70600,70610,10
13.00576019,80.25747681,70610,70620,10
13.00526047,80.25734711,70620,70631,11
13.00461006,80.25714874,70631,70651,20
13.00461006,80.25714874,70651,70661,10
13.00426006,80.25705719,70661,70711,50
13.00393963,80.2569809,70711,70731,20
13.00393963,80.2569809,70731,70742,11
13.00360966,80.25691986,70742,70752,10
13.00347996,80.25689697,70752,70762,10
13.00319004,80.25686646,70762,70772,10
13.00273037,80.25675964,70772,70792,20
13.00249958,80.2567215,70792,70843,51
13.00249958,80.2567215,70843,70853,10
13.00230026,80.25669098,70853,70863,10
13.00203991,80.25666809,70863,70873,10
13.0016098,80.25660706,70873,70883,10
13.00098038,80.25650024,70883,70893,10
13.00045967,80.25640106,70893,70903,10
13.00006008,80.25634003,70903,70913,10
12.99946022,80.25624084,70913,70923,10
12.99890995,80.25614166,70923,70954,31
12.99890995,80.25614166,70954,70964,10
12.99864006,80.25605774,70964,70974,10
12.99857998,80.25605774,70974,70984,10
12.99825001,80.25598145,70984,71041,57
12.99825001,80.25598145,71041,71052,11
12.99800014,80.2559433,71052,71063,11
12.99781036,80.25592804,71063,71072,9
12.99757957,80.25592804,71072,71083,11
12.99726963,80.25592041,71083,71093,10
12.9969902,80.25591278,71093,71103,10
12.99674034,80.25589752,71103,71112,9
12.99625015,80.25588226,71112,71122,10
12.99584007,80.25588989,71122,71133,11
12.9953804,80.25588989,71133,71143,10
12.99505997,80.25582886,71143,71154,11
12.99452972,80.25589752,71154,71164,10
12.99409962,80.2559433,71164,71174,10
12.99335957,80.25598145,71174,71184,10
12.99256992,80.25598145,71184,71194,10
12.99176979,80.25592041,71194,71204,10
12.99120045,80.25595856,71204,71214,10
12.99065018,80.2559967,71214,71224,10
12.99007034,80.25598145,71224,71234,10
12.98943043,80.25595856,71234,71244,10
12.98886013,80.25589752,71244,71254,10
12.98810005,80.25583649,71254,71537,283
12.98810005,80.25583649,71537,71547,10
12.9878397,80.25585938,71547,71557,10
12.98742962,80.25578308,71557,71567,10
12.98701954,80.25570679,71567,71578,11
12.98626041,80.25553894,71578,71608,30
12.98626041,80.25553894,71608,71618,10
12.98585033,80.25546265,71618,71628,10
12.98548031,80.25536346,71628,71638,10
12.98488045,80.25524139,71638,71648,10
12.98449039,80.25520325,71648,71658,10
12.98379993,80.25495148,71658,71668,10
12.98334026,80.25482941,71668,71678,10
12.98287964,80.25466919,71678,71689,11
12.98235035,80.25447083,71689,71699,10
12.98208046,80.25418091,71699,71709,10
12.98188019,80.25376892,71709,71719,10
12.98176003,80.25324249,71719,71729,10
12.98139,80.2527771,71729,71739,10
12.98077965,80.25276184,71739,71749,10
12.98029995,80.25273895,71749,71759,10
12.98005009,80.25276184,71759,71769,10
12.97986984,80.25276184,71769,71779,10
12.9794302,80.25270844,71779,71790,11
12.97854042,80.25254822,71790,71810,20
12.97854042,80.25254822,71810,71820,10
12.97832012,80.25240326,71820,71830,10
12.97784042,80.2519989,71830,71840,10
12.97716045,80.2514801,71840,71850,10
12.97618008,80.25115204,71850,71860,10
12.97507,80.2508316,71860,71870,10
12.9738903,80.25051117,71870,71880,10
12.97290039,80.25023651,71880,71890,10
12.97241974,80.25015259,71890,71901,11
12.97233009,80.25007629,71901,71917,16
12.97146034,80.24983978,71917,71929,12
12.97052956,80.24960327,71929,71939,10
12.9695797,80.24923706,71939,71949,10
12.96852016,80.2487793,71949,71959,10
12.9674902,80.24835205,71959,71969,10
12.96675014,80.24793243,71969,71979,10
12.96564007,80.24745941,71979,71989,10
12.96510983,80.24732208,71989,72000,11
12.96510983,80.24730682,72000,72009,9
12.96494961,80.24726105,72009,72019,10
12.96450043,80.24710083,72019,72030,11
12.96387959,80.2469101,72030,72040,10
12.96374035,80.24685669,72040,72050,10
12.9635601,80.24680328,72050,72060,10
12.96310043,80.24656677,72060,72070,10
12.96255016,80.24627686,72070,72080,10
12.96197987,80.24597931,72080,72090,10
12.96131992,80.24565125,72090,72101,11
12.96080017,80.24523926,72101,72111,10
12.96043015,80.24494171,72111,72121,10
12.95917034,80.24475098,72121,72131,10
12.95909023,80.24471283,72131,72141,10
12.95876026,80.24450684,72141,72151,10
12.95818043,80.2442627,72151,72161,10
12.95765972,80.24404144,72161,72171,10
12.9569397,80.24381256,72171,72181,10
12.95646,80.24365997,72181,72198,17
12.95621967,80.24359894,72198,72209,11
12.95576954,80.24334717,72209,72220,11
12.9551096,80.24301147,72220,72230,10
12.95435047,80.24269104,72230,72240,10
12.95374966,80.24237061,72240,72250,10
12.95306015,80.24211121,72250,72260,10
12.95215988,80.24178314,72260,72270,10
12.95160961,80.24163055,72270,72280,10
12.95160007,80.24163055,72280,72290,10
12.95137978,80.24152374,72290,72300,10
12.95084,80.24134064,72300,72310,10
12.94999027,80.24114227,72310,72321,11
12.94923019,80.24092102,72321,72331,10
12.94890976,80.24078369,72331,72341,10
12.94851017,80.24060059,72341,72351,10
12.9478302,80.2403183,72351,72361,10
12.94717979,80.2400589,72361,72371,10
12.94703007,80.24002075,72371,72381,10
12.94694042,80.23996735,72381,72391,10
12.94651031,80.2397995,72391,72401,10
12.94587994,80.23950958,72401,72411,10
12.94513988,80.23911285,72411,72422,11
12.9443903,80.23834229,72422,72432,10
12.94371033,80.2376709,72432,72442,10
12.94324017,80.23712921,72442,72452,10
12.94320011,80.23709106,72452,72462,10
12.94291019,80.23680878,72462,72472,10
12.94229031,80.23647308,72472,72482,10
12.94143009,80.23622131,72482,72492,10
12.94040966,80.23597717,72492,72502,10
12.93970013,80.23574066,72502,72512,10
12.93959999,80.23574066,72512,72522,10
12.93964005,80.23571014,72522,72533,11
12.93924046,80.23549652,72533,72549,16
12.93803978,80.23491669,72549,72561,12
12.93700027,80.23442078,72561,72570,9
12.93616009,80.23401642,72570,72581,11
12.93537045,80.23361969,72581,72591,10
12.93443966,80.2332077,72591,72600,9
12.93391991,80.23296356,72600,72611,11
12.93389034,80.23296356,72611,72621,10
12.93377972,80.23294067,72621,72632,11
12.93334007,80.23271942,72632,72642,10
12.93270016,80.23243713,72642,72652,10
12.93167973,80.23210144,72652,72662,10
12.93064976,80.23181915,72662,72672,10
12.92943001,80.23146057,72672,72682,10
12.92835045,80.23124695,72682,72692,10
12.92716026,80.23110199,72692,72702,10
12.92623997,80.23100281,72702,72712,10
12.92597008,80.23097992,72712,72722,10
12.9256897,80.23091888,72722,72732,10
12.92510033,80.23084259,72732,72743,11
12.92420006,80.23075104,72743,72753,10
12.92317009,80.23062134,72753,72763,10
12.92203045,80.23043823,72763,72773,10
12.92080021,80.23027802,72773,72783,10
12.91924,80.23010254,72783,72803,20
12.91924,80.23010254,72803,72813,10
12.91897964,80.2300415,72813,72823,10
12.91854,80.22998047,72823,72833,10
12.91781998,80.22988129,72833,72844,11
12.91678047,80.2297287,72844,72854,10
12.91574955,80.22959137,72854,72864,10
12.91483021,80.22946167,72864,72874,10
12.91397953,80.2293396,72874,72884,10
12.91341972,80.22931671,72884,72893,9
12.91329956,80.22930908,72893,72904,11
12.91320038,80.22927856,72904,72914,10
12.91265965,80.22917175,72914,72924,10
12.91184044,80.22902679,72924,72934,10
12.9108696,80.22888947,72934,72944,10
12.90970993,80.22870636,72944,72955,11
12.90839958,80.228508,72955,72965,10
12.90705013,80.22834778,72965,73015,50
12.90705013,80.22834778,73015,73025,10
12.9068203,80.2282486,73025,73035,10
12.90637016,80.22821808,73035,73045,10
12.90604019,80.22820282,73045,73056,11
12.90536976,80.2281723,73056,73066,10
12.90450001,80.22811127,73066,73076,10
12.90353966,80.22807312,73076,73086,10
12.90256977,80.2280426,73086,73096,10
12.90167046,80.22801208,73096,73106,10
12.90124989,80.22802734,73106,73136,30
12.90124989,80.22802734,73136,73146,10
12.90091991,80.22796631,73146,73156,10
12.90052032,80.22792816,73156,73167,11
12.90005016,80.22789764,73167,73177,10
12.89982033,80.2278595,73177,73193,16
12.89927959,80.22789764,73193,73205,12
12.89912987,80.22786713,73205,73215,10
12.89861012,80.22782898,73215,73225,10
12.89785004,80.22779083,73225,73235,10
12.8969202,80.22773743,73235,73245,10
12.89587021,80.22769928,73245,73255,10
12.89470005,80.22766113,73255,73266,11
12.89354038,80.22757721,73266,73276,10
12.89276028,80.22749329,73276,73296,20
12.89276028,80.22749329,73296,73306,10
12.89258957,80.22746277,73306,73316,10
12.89208984,80.22741699,73316,73326,10
12.89136028,80.22740173,73326,73336,10
12.89041996,80.22740173,73336,73346,10
12.88955021,80.22740173,73346,73356,10
12.88860035,80.22740173,73356,73377,21
12.88860035,80.22740173,73377,73387,10
12.88842964,80.22737885,73387,73397,10
12.88790989,80.2273407,73397,73407,10
12.88720036,80.22724152,73407,73417,10
12.88632965,80.22704315,73417,73427,10
12.88545036,80.2268219,73427,73437,10
12.88479996,80.22673035,73437,73447,10
12.88451004,80.22664642,73447,73457,10
12.88492012,80.22679901,73457,73467,10
12.88475037,80.22689819,73467,73478,11
12.8836298,80.22676086,73478,73487,9
12.88274956,80.22676086,73487,73498,11
12.88160038,80.22676086,73498,73508,10
12.88045025,80.22676086,73508,73518,10
12.87932014,80.22676849,73518,73528,10
12.87814045,80.22683716,73528,73538,10
12.87701988,80.22695923,73538,73548,10
12.87639999,80.22702789,73548,73558,10
12.87637997,80.22702789,73558,73568,10
12.8762598,80.22699738,73568,73578,10
12.87576008,80.22698212,73578,73589,11
12.87495041,80.22689819,73589,73599,10
12.8739996,80.22679138,73599,73609,10
12.87298012,80.22672272,73609,73619,10
12.8726902,80.22673798,73619,73635,16
12.87236023,80.22673035,73635,73647,12
12.87158966,80.22667694,73647,73657,10
12.87073994,80.22663879,73657,73667,10
12.86975956,80.22653961,73667,73677,10
12.86865997,80.22640991,73677,73687,10
12.86752033,80.22644806,73687,73698,11
12.86627007,80.22657776,73698,73708,10
12.86515045,80.22660065,73708,73718,10
12.86404991,80.22654724,73718,73728,10
12.86297035,80.22653198,73728,73738,10
12.86194038,80.22657776,73738,73748,10
12.86116028,80.22663879,73748,73757,9
12.86100006,80.22663879,73757,73768,11
12.86044025,80.22657776,73768,73778,10
12.85962009,80.22644043,73778,73788,10
12.85873985,80.22631836,73788,73799,11
12.85776997,80.22628021,73799,73808,9
12.85686016,80.22634888,73808,73819,11
12.85556984,80.22647858,73819,73829,10
12.85426998,80.22662354,73829,73839,10
12.85286999,80.22672272,73839,73849,10
12.85144997,80.22663879,73849,73858,9
12.85015965,80.22657776,73858,73869,11
12.84856033,80.22657776,73869,73878,9
12.84729958,80.22660828,73878,73888,10
12.8460598,80.22663879,73888,73900,12
12.84535027,80.22666931,73900,73910,10
12.84521961,80.22653961,73910,73930,20
12.84521961,80.22653961,73930,73940,10
12.84430027,80.22675323,73940,73950,10
12.84317017,80.22689819,73950,73960,10
12.84208012,80.22711945,73960,73970,10
12.84092999,80.22738647,73970,73980,10
12.8400898,80.2276001,73980,73990,10
12.83971024,80.2277298,73990,74001,11
12.83936977,80.22782135,74001,74011,10
12.83880043,80.22796631,74011,74021,10
12.8380003,80.22815704,74021,74031,10
12.83701992,80.22833252,74031,74041,10
12.83592987,80.22850037,74041,74051,10
12.83477974,80.22866058,74051,74061,10
12.83362007,80.22886658,74061,74071,10
12.83263016,80.2290802,74071,74081,10
12.83222008,80.22917175,74081,74091,10
12.83209038,80.22917938,74091,74101,10
12.8315897,80.22931671,74101,74112,11
12.83069992,80.22958374,74112,74122,10
12.82968044,80.23000336,74122,74132,10
12.82866001,80.23046875,74132,74142,10
12.82758045,80.23101807,74142,74152,10
12.82656956,80.23143005,74152,74162,10
12.82590008,80.23148346,74162,74172,10
12.82569981,80.23148346,74172,74182,10
12.82522011,80.23149109,74182,74192,10
12.82435989,80.23133087,74192,74202,10
12.82339954,80.23105621,74202,74213,11
12.82223988,80.23069,74213,74223,10
12.82116032,80.23046875,74223,74233,10
12.81997013,80.23049164,74233,74243,10
12.81896973,80.2305069,74243,74253,10
12.81871033,80.23043823,74253,74263,10
12.81828022,80.23021698,74263,74273,10
12.81748962,80.22984314,74273,74283,10
12.81647015,80.22952271,74283,74293,10
12.81538963,80.22939301,74293,74303,10
12.81494999,80.22931671,74303,74313,10
12.81437016,80.22921753,74313,74324,11
12.8134203,80.22895813,74324,74334,10
12.81233978,80.22859192,74334,74344,10
12.81126022,80.22821045,74344,74354,10
12.81075001,80.22801971,74354,74364,10
12.81025028,80.22779846,74364,74374,10
12.80951977,80.2274704,74374,74390,16
12.80908966,80.22718811,74390,74402,12
12.8084898,80.22672272,74402,74412,10
12.80776024,80.22611237,74412,74422,10
12.80698967,80.22545624,74422,74433,11
12.80636024,80.22486115,74433,74442,9
12.80580997,80.2243576,74442,74453,11
12.80529976,80.22409821,74453,74463,10
12.80506039,80.22406006,74463,74473,10
12.80475044,80.22399902,74473,74483,10
12.80416012,80.22393799,74483,74493,10
12.80333042,80.22386932,74493,74503,10
12.80220032,80.22373199,74503,74513,10
12.80111027,80.22364044,74513,74524,11
12.80066013,80.22360229,74524,74534,10
12.80002975,80.22353363,74534,74544,10
12.79915047,80.22344208,74544,74554,10
12.79813004,80.22331238,74554,74564,10
12.79689026,80.22312927,74564,74574,10
12.79598999,80.22299957,74574,74584,10
12.79578018,80.22296906,74584,74594,10
12.79543018,80.22290039,74594,74604,10
12.79452038,80.22274017,74604,74614,10
12.79339027,80.22255707,74614,74624,10
12.79230022,80.22236633,74624,74635,11
12.79098034,80.22202301,74635,74645,10
12.78985977,80.22174072,74645,74655,10
12.78921032,80.22151184,74655,74665,10
12.78880978,80.22133636,74665,74675,10
12.78820038,80.22109985,74675,74685,10
12.78781986,80.22093964,74685,74695,10
12.78728962,80.22075653,74695,74705,10
12.78658962,80.22052765,74705,74736,31
12.78658962,80.22052765,74736,74746,10
12.78633976,80.22039795,74746,74756,10
12.78625965,80.22039032,74756,74766,10
12.78617001,80.22051239,74766,74776,10
12.78617954,80.22083282,74776,74786,10
12.7862196,80.22106934,74786,74796,10
12.7862196,80.22112274,74796,74806,10
12.78617954,80.22142029,74806,74816,10
12.78623009,80.22206116,74816,76533,1717
12.78623009,80.22206116,76533,76543,10
12.78643036,80.22181702,76543,76553,10
12.78635025,80.2216568,76553,76563,10
12.78629971,80.22151184,76563,76573,10
12.78625965,80.22122955,76573,76583,10
12.78623009,80.22080994,76583,76603,20
12.78619957,80.22055054,76603,76634,31
12.78619957,80.22055054,76634,76644,10
12.78637981,80.22033691,76644,76664,20
12.78637981,80.22033691,76664,76674,10
12.78660965,80.22044373,76674,76684,10
12.78701019,80.22059631,76684,76694,10
12.78757954,80.22083282,76694,76704,10
12.78827953,80.22106934,76704,76714,10
12.78896999,80.22132111,76714,76724,10
12.7897501,80.22161865,76724,76735,11
12.79059029,80.22187805,76735,76745,10
12.7914896,80.2220993,76745,76755,10
12.79244995,80.22234344,76755,76765,10
12.79360962,80.22254181,76765,76775,10
12.79469967,80.22270203,76775,76785,10
12.79566956,80.22284698,76785,76795,10
12.79644012,80.22296906,76795,76805,10
12.79650021,80.22299194,76805,76815,10
12.7967701,80.22303009,76815,76825,10
12.79716969,80.22309875,76825,76834,9
12.79763985,80.22319794,76834,76846,12
12.79831028,80.22325897,76846,76856,10
12.7989397,80.2233429,76856,76866,10
12.79967976,80.22341919,76866,76876,10
12.80045986,80.22350311,76876,76886,10
12.80117989,80.22357941,76886,76896,10
12.80154037,80.22357941,76896,76906,10
12.80185032,80.22358704,76906,76916,10
12.80243969,80.22366333,76916,76926,10
12.80319977,80.22380066,76926,76936,10
12.80391979,80.22386169,76936,76947,11
12.80469036,80.22392273,76947,76957,10
12.80547047,80.22409058,76957,76977,20
12.80547047,80.22409058,76977,76987,10
12.80593014,80.22438812,76987,76997,10
12.80644035,80.22483826,76997,77007,10
12.80712032,80.22544861,77007,77017,10
12.80792046,80.22614288,77017,77027,10
12.80877972,80.22686768,77027,77037,10
12.80972004,80.22749329,77037,77047,10
12.81072044,80.2279129,77047,77058,11
12.81114006,80.22807312,77058,77068,10
12.81142998,80.22817993,77068,77078,10
12.81202984,80.22839355,77078,77088,10
12.81284046,80.22870636,77088,77098,10
12.81385994,80.22904205,77098,77108,10
12.81505966,80.22927856,77108,77118,10
12.8164196,80.22949982,77118,77128,10
12.81748009,80.2297287,77128,77138,10
12.81801987,80.22998047,77138,77148,10
12.81861973,80.23027802,77148,77158,10
12.81941986,80.23045349,77158,77169,11
12.81984043,80.23043823,77169,77179,10
12.82007027,80.2304306,77179,77189,10
12.82069969,80.23040009,77189,77199,10
12.82145023,80.2304306,77199,77209,10
12.82227993,80.23061371,77209,77219,10
12.82332039,80.23091888,77219,77229,10
12.82444,80.23119354,77229,77239,10
12.82555962,80.2313385,77239,77249,10
12.82623959,80.23129272,77249,77259,10
12.82635975,80.23129272,77259,77270,11
12.82686043,80.23121643,77270,77280,10
12.82761002,80.23097992,77280,77290,10
12.8285799,80.23049164,77290,77300,10
12.82958984,80.22997284,77300,77310,10
12.83115959,80.22930908,77310,77330,20
12.83115959,80.22930908,77330,77340,10
12.83129978,80.22927856,77340,77350,10
12.83172035,80.22915649,77350,77360,10
12.83238983,80.22904205,77360,77371,11
12.83358002,80.22882843,77371,77381,10
12.83471966,80.22862244,77381,77391,10
12.83592033,80.22843933,77391,77401,10
12.83718967,80.22827148,77401,77411,10
12.83839035,80.22801971,77411,77420,9
12.83907986,80.22782135,77420,77431,11
12.83938026,80.22769928,77431,77441,10
12.83950996,80.22766876,77441,77451,10
12.83992958,80.22756195,77451,77461,10
12.8406496,80.22736359,77461,77472,11
12.84165955,80.22709656,77472,77482,10
12.84276009,80.22689056,77482,77492,10
12.8438797,80.22667694,77492,77502,10
12.84547997,80.22653961,77502,77532,30
12.84547997,80.22653961,77532,77542,10
12.84578991,80.22653198,77542,77552,10
12.84628963,80.22651672,77552,77562,10
12.84702969,80.22653961,77562,77572,10
12.84788036,80.22653961,77572,77583,11
12.8488102,80.22653961,77583,77593,10
12.84961033,80.22653961,77593,77603,10
12.85013962,80.22653961,77603,77613,10
12.85015011,80.22653961,77613,77623,10
12.85048008,80.22654724,77623,77633,10
12.85109997,80.22657013,77633,77643,10
12.85188007,80.22660828,77643,77653,10
12.85286045,80.22664642,77653,77663,10
12.85394001,80.22657013,77663,77673,10
12.85507011,80.22646332,77673,77684,11
12.85630035,80.22634125,77684,77694,10
12.85743999,80.22622681,77694,77704,10
12.85844994,80.22622681,77704,77714,10
12.85945034,80.22634125,77714,77724,10
12.8608799,80.22653198,77724,77744,20
12.8608799,80.22653198,77744,77754,10
12.86124992,80.22648621,77754,77764,10
12.86209011,80.22648621,77764,77774,10
12.86308002,80.22646332,77774,77785,11
12.86437988,80.22650146,77785,77795,10
12.86557007,80.22653961,77795,77805,10
12.86668015,80.22646332,77805,77815,10
12.86779976,80.22635651,77815,77825,10
12.86905003,80.22638702,77825,77835,10
12.87036991,80.22653961,77835,77845,10
12.87170982,80.22664642,77845,77855,10
12.87275982,80.22663116,77855,77865,10
12.87290001,80.22663116,77865,77875,10
12.87325001,80.22664642,77875,77885,10
12.87397957,80.22669983,77885,77896,11
12.87508011,80.22683716,77896,77906,10
12.87674046,80.22686005,77906,77926,20
12.87674046,80.22686005,77926,77936,10
12.87705994,80.22683716,77936,77946,10
12.8777504,80.22679901,77946,77956,10
12.87868023,80.22673035,77956,77966,10
12.87979984,80.22667694,77966,77976,10
12.88101959,80.22666931,77976,77986,10
12.88236046,80.22666931,77986,77997,11
12.88387966,80.22667694,77997,78007,10
12.88486004,80.22666168,78007,78017,10
12.88566017,80.22679138,78017,78027,10
12.88665962,80.22705841,78027,78037,10
12.88768005,80.22724152,78037,78047,10
12.8886404,80.22730255,78047,78057,10
12.88889027,80.22730255,78057,78067,10
12.88936043,80.22731018,78067,78077,10
12.89017963,80.22731018,78077,78087,10
12.89128971,80.22731781,78087,78097,10
12.89243031,80.22736359,78097,78108,11
12.89375973,80.22753906,78108,78118,10
12.89507961,80.22763062,78118,78128,10
12.89641953,80.22769165,78128,78138,10
12.89778042,80.22775269,78138,78148,10
12.89910984,80.22783661,78148,78158,10
12.90034008,80.22789764,78158,78168,10
12.90104008,80.22795105,78168,78178,10
12.90155029,80.22795868,78178,78188,10
12.90178013,80.22795868,78188,78198,10
12.90186977,80.22795868,78198,78209,11
12.90246964,80.2279892,78209,78219,10
12.90322971,80.22805023,78219,78229,10
12.90400982,80.22808838,78229,78239,10
12.9046402,80.22812653,78239,78255,16
12.90600967,80.22817993,78255,78327,72
12.90600967,80.22817993,78327,78338,11
12.90633011,80.22821045,78338,78348,10
12.90666008,80.22824097,78348,78358,10
12.90695,80.22825623,78358,78368,10
12.90744019,80.228302,78368,78378,10
12.90750027,80.22831726,78378,78388,10
12.90795994,80.22841644,78388,78398,10
12.90870953,80.2285614,78398,78408,10
12.90974998,80.22873688,78408,78419,11
12.91106033,80.22894287,78419,78429,10
12.91219997,80.22910309,78429,78439,10
12.91326046,80.22921753,78439,78449,10
12.91388035,80.22928619,78449,78469,20
12.91388035,80.22928619,78469,78479,10
12.91421986,80.2293396,78479,78489,10
12.91489983,80.2294693,78489,78499,10
12.91580009,80.22956848,78499,78509,10
12.91689968,80.22975159,78509,78519,10
12.91816044,80.2299118,78519,78530,11
12.91958046,80.23008728,78530,78540,10
12.92092991,80.23027039,78540,78550,10
12.92232037,80.23047638,78550,78560,10
12.92372036,80.23068237,78560,78570,10
12.9250803,80.23085022,78570,78580,10
12.9262104,80.2309494,78580,78590,10
12.92640018,80.23097992,78590,78600,10
12.92681026,80.23101807,78600,78610,10
12.92757988,80.23110962,78610,78620,10
12.92838955,80.23120117,78620,78631,11
12.92866039,80.23117828,78631,78641,10
12.92912006,80.23126984,78641,78651,10
12.93000031,80.23152161,78651,78661,10
12.93068981,80.23168945,78661,78671,10
12.93179989,80.23207092,78671,78681,10
12.93295956,80.23249054,78681,78691,10
12.93363953,80.23277283,78691,78701,10
12.93371964,80.2328186,78701,78711,10
12.93398952,80.23296356,78711,78721,10
12.93486977,80.23332977,78721,78732,11
12.93575954,80.23374176,78732,78742,10
12.93665981,80.23419189,78742,78752,10
12.93766022,80.23468018,78752,78762,10
12.93873978,80.23519135,78762,78772,10
12.93957043,80.23561859,78772,78782,10
12.93968964,80.23565674,78782,78792,10
12.93974018,80.23568726,78792,78802,10
12.94019985,80.23587036,78802,78812,10
12.94102955,80.23609161,78812,78822,10
12.94206047,80.23634338,78822,78832,10
12.94309998,80.23681641,78832,78843,11
12.94400978,80.23771667,78843,78852,9
12.94476032,80.23851013,78852,78863,11
12.94567966,80.23937225,78863,78873,10
12.94668007,80.23976898,78873,78883,10
12.9470396,80.23990631,78883,78893,10
12.94736958,80.24005127,78893,78903,10
12.94795036,80.24028778,78903,78913,10
12.94845009,80.2405014,78913,78923,10
12.94884014,80.24067688,78923,78933,10
12.94929981,80.24085999,78933,78944,11
12.94976044,80.24101257,78944,78954,10
12.95034027,80.2411499,78954,78964,10
12.9509201,80.24130249,78964,78974,10
12.95110989,80.24137878,78974,78984,10
12.95145035,80.24150848,78984,78994,10
12.95205021,80.24172974,78994,79004,10
12.95263958,80.24195099,79004,79014,10
12.95324039,80.24221802,79014,79024,10
12.95398045,80.24253082,79024,79034,10
12.95470047,80.24279785,79034,79043,9
12.95532036,80.2430191,79043,79055,12
12.95615959,80.24330902,79055,79065,10
12.95645046,80.24343109,79065,79075,10
12.95695019,80.24363708,79075,79085,10
12.95765972,80.24397278,79085,79095,10
12.95849037,80.24429321,79095,79105,10
12.95925999,80.24468231,79105,79115,10
12.96022987,80.24513245,79115,79125,10
12.96131992,80.24562836,79125,79135,10
12.96238041,80.24613953,79135,79145,10
12.96308041,80.24646759,79145,79156,11
12.96315002,80.24649811,79156,79166,10
12.96329975,80.24658203,79166,79176,10
12.9637804,80.24684143,79176,79186,10
12.96452045,80.24710846,79186,79196,10
12.96547985,80.24745178,79196,79206,10
12.96636009,80.24777222,79206,79216,10
12.9664402,80.24780273,79216,79226,10
12.96664047,80.24788666,79226,79236,10
12.96714973,80.24815369,79236,79246,10
12.96802998,80.24851227,79246,79256,10
12.96924973,80.24902344,79256,79267,11
12.97060966,80.24954224,79267,79277,10
12.97171021,80.24986267,79277,79287,10
12.97268009,80.25010681,79287,79297,10
12.97385025,80.25041199,79297,79307,10
12.97517014,80.25081635,79307,79317,10
12.9765501,80.25119781,79317,79327,10
12.97774029,80.25177765,79327,79337,10
12.97840023,80.25232697,79337,79347,10
12.97867966,80.25245667,79347,79357,10
12.97898006,80.25256348,79357,79368,11
12.97970009,80.25263977,79368,79416,48
12.97970009,80.25263977,79416,79426,10
12.9800396,80.25270844,79426,79436,10
12.98071957,80.25267792,79436,79446,10
12.98182011,80.25266266,79446,79456,10
12.98278046,80.25261688,79456,79465,9
12.98421955,80.25234985,79465,79477,12
12.98579979,80.25190735,79477,79487,10
12.98674965,80.25164795,79487,79497,10
12.98770046,80.25140381,79497,79507,10
12.98791981,80.25177002,79507,79517,10
12.98795033,80.25199127,79517,79527,10
12.98795986,80.25245667,79527,79537,10
12.98787975,80.2533493,79537,79547,10
12.98777962,80.25428009,79547,79557,10
12.98771954,80.25514221,79557,79578,21
12.98771954,80.25514221,79578,79588,10
12.98764038,80.25541687,79588,79598,10
12.98766994,80.25570679,79598,79608,10
12.98791027,80.25582123,79608,79618,10
12.9883604,80.25588226,79618,79628,10
12.98855972,80.25589752,79628,79638,10
12.98865986,80.25588989,79638,79648,10
12.98894978,80.25592041,79648,79658,10
12.98950005,80.25596619,79658,79668,10
12.99015999,80.25598145,79668,79679,11
12.99050999,80.25595856,79679,79689,10
12.99073982,80.25595856,79689,79699,10
12.99116993,80.25598145,79699,79709,10
12.99193001,80.2559967,79709,79719,10
12.99279976,80.25592804,79719,79729,10
12.99378014,80.25588226,79729,79739,10
12.99497986,80.255867,79739,79759,20
12.99497986,80.255867,79759,79769,10
12.99524021,80.255867,79769,79779,10
12.99526024,80.255867,79779,79790,11
12.99540997,80.25588989,79790,79800,10
12.99577999,80.25589752,79800,79810,10
12.99619007,80.25589752,79810,79820,10
12.99621964,80.25589752,79820,79830,10
12.99647045,80.25588989,79830,79870,40
12.99647045,80.25588989,79870,79880,10
12.99674034,80.25585938,79880,79891,11
12.99726009,80.25588226,79891,79911,20
12.99726009,80.25588226,79911,79921,10
12.99740028,80.25592041,79921,79931,10
12.99769974,80.25592041,79931,79941,10
12.99808979,80.25592804,79941,79951,10
12.99880981,80.25601959,79951,80002,51
12.99880981,80.25601959,80002,80012,10
12.99925041,80.25614166,80012,80022,10
12.99985027,80.25624084,80022,80032,10
13.0005703,80.25637054,80032,80042,10
13.00142002,80.25652313,80042,80052,10
13.00209045,80.25659943,80052,80062,10
13.0027504,80.25672913,80062,80072,10
13.00333977,80.25682831,80072,80082,10
13.00409985,80.25697327,80082,80092,10
13.00479984,80.25708008,80092,80103,11
13.00582027,80.2572937,80103,80113,10
13.00654984,80.25730133,80113,80123,10
13.00652027,80.25686646,80123,80139,16
13.00648975,80.25543213,80139,80151,12
13.00642014,80.25431061,80151,80161,10
13.00642967,80.25340271,80161,80171,10
13.00642014,80.2532196,80171,80181,10
13.00642014,80.25312042,80181,80191,10
13.00648975,80.25279999,80191,80222,31
13.00648975,80.25279999,80222,80233,11
13.00662994,80.25260162,80233,80243,10
13.0065403,80.25227356,80243,80303,60
13.0065403,80.25227356,80303,80314,11
13.00666046,80.25161743,80314,80324,10
13.00669956,80.25110626,80324,80334,10
13.00666046,80.25016022,80334,80344,10
13.00667,80.24971771,80344,80354,10
13.00669003,80.24945068,80354,80364,10
13.00667953,80.24894714,80364,80374,10
13.00658035,80.24817657,80374,80394,20
13.00658035,80.24817657,80394,80404,10
13.00656033,80.24799347,80404,80415,11
13.0065403,80.24745178,80415,80425,10
13.00656033,80.24680328,80425,80435,10
13.00656033,80.24662018,80435,80445,10
13.00660992,80.24638367,80445,80455,10
13.00677967,80.24610138,80455,80465,10
13.0067997,80.24539185,80465,80475,10
13.00666046,80.24458313,80475,80485,10
13.00652027,80.24394226,80485,80495,10
13.00662041,80.24330139,80495,80505,10
13.00664043,80.24250031,80505,80515,10
13.00648975,80.24170685,80515,80526,11
13.00648975,80.24127197,80526,80536,10
13.00656986,80.24085236,80536,80546,10
13.00669003,80.24038696,80546,80556,10
13.0068903,80.23973846,80556,80566,10
13.00693035,80.23893738,80566,80576,10
13.00706005,80.23809814,80576,80586,10
13.00720978,80.2372818,80586,80596,10
13.00730038,80.23693085,80596,80606,10
13.00743008,80.23651886,80606,80616,10
13.00755978,80.23593903,80616,80627,11
13.00776005,80.2352066,80627,80637,10
13.00794983,80.23429108,80637,80647,10
13.00811958,80.23316193,80647,80657,10
13.00839996,80.23190308,80657,80667,10
13.00856018,80.23071289,80667,80677,10
13.00883007,80.22947693,80677,80687,10
13.00905991,80.22834015,80687,80697,10
13.0094099,80.2273407,80697,80707,10
13.00994015,80.22631836,80707,80717,10
13.01027012,80.22545624,80717,80727,10
13.01056004,80.22463989,80727,80738,11
13.01099968,80.22368622,80738,80748,10
13.0111599,80.22306061,80748,80758,10
13.01154995,80.22215271,80758,80768,10
13.01200962,80.22170258,80768,80776,8
13.01222038,80.22154999,80776,80788,12
13.01255989,80.22193909,80788,80798,10
13.01307964,80.22252655,80798,80808,10
13.01366043,80.22312164,80808,80818,10
13.01420975,80.22366333,80818,80828,10
13.01473999,80.22412872,80828,80839,11
13.01546955,80.22499847,80839,80849,10
13.01560974,80.22509766,80849,80859,10
13.01603031,80.22528076,80859,80869,10
13.01685047,80.22515869,80869,80879,10
13.01788044,80.22476196,80879,80889,10
13.01898956,80.22437286,80889,80899,10
13.01976013,80.22457886,80899,80909,10
13.02033997,80.22502136,80909,80919,10
13.02105045,80.22554016,80919,80929,10
13.0218401,80.22609711,80929,80940,11
13.02206039,80.22628784,80940,80950,10
13.02231026,80.22653198,80950,80960,10
13.02276039,80.22689056,80960,80970,10
13.02324009,80.22736359,80970,80980,10
13.02388,80.22792816,80980,80990,10
13.02427006,80.22836304,80990,81000,10
13.02433968,80.22844696,81000,81010,10
13.02453041,80.22873688,81010,81020,10
13.02476025,80.22907257,81020,81030,10
13.02517986,80.22963715,81030,81041,11
13.02562046,80.23027039,81041,81051,10
13.02587032,80.23090363,81051,81061,10
13.02604961,80.23137665,81061,81071,10
13.02637959,80.23132324,81071,81081,10
13.02707005,80.23114014,81081,81091,10
13.02816963,80.23095703,81091,81111,20
13.02816963,80.23095703,81111,81121,10
13.0287199,80.23091125,81121,81131,10
13.02919006,80.23088074,81131,81141,10
13.02950001,80.23088074,81141,81152,11
13.03019047,80.23081207,81152,81168,16
13.03127956,80.23068237,81168,81180,12
13.03213978,80.23059082,81180,81190,10
13.03291035,80.23052216,81190,81199,9
13.03345013,80.23049927,81199,81210,11
13.03448009,80.2303009,81210,81230,20
13.03448009,80.2303009,81230,81240,10
13.03476048,80.23021698,81240,81251,11
13.03493977,80.22998047,81251,81261,10
13.03497028,80.22988129,81261,81271,10
13.03470039,80.22979736,81271,81280,9
13.03442001,80.22975922,81280,81291,11
13.03427982,80.23000336,81291,81725,434
13.03427982,80.23000336,81725,81735,10
13.03413963,80.23036194,81735,81755,20
13.03402042,80.23047638,81755,81776,21
13.03402042,80.23047638,81776,81786,10
13.03353024,80.23049927,81786,81796,10
13.03341961,80.2305069,81796,81806,10
13.0330801,80.23055267,81806,81816,10
13.03256035,80.2305603,81816,81825,9
13.03209972,80.23061371,81825,81835,10
13.03147984,80.23065948,81835,81846,11
13.03087044,80.23071289,81846,81856,10
13.03022003,80.2307663,81856,81866,10
13.02978992,80.23082733,81866,81876,10
13.02978039,80.23082733,81876,81887,11
13.02947998,80.23084259,81887,81897,10
13.02902985,80.23088837,81897,81907,10
13.02847004,80.2309494,81907,81917,10
13.02787018,80.23101807,81917,81927,10
13.02766991,80.23133087,81927,81947,20
13.02766991,80.23133087,81947,81957,10
13.02766037,80.23169708,81957,81967,10
13.02772999,80.23210144,81967,81977,10
13.02775002,80.2325592,81977,81988,11
13.02684021,80.23288727,81988,82018,30
13.02684021,80.23288727,82018,82028,10
13.02653027,80.23303986,82028,82048,20
13.02653027,80.23303986,82048,82058,10
13.02635956,80.23293304,82058,82068,10
13.02620029,80.23240662,82068,82078,10
13.0259304,80.23164368,82078,82089,11
13.02552032,80.23059082,82089,82099,10
13.02493954,80.229599,82099,82108,9
13.02451992,80.22901154,82108,82119,11
13.02445984,80.22888184,82119,82129,10
13.02416039,80.22849274,82129,82139,10
13.02379036,80.22801971,82139,82149,10
13.02330017,80.22753906,82149,82169,20
13.02330017,80.22753906,82169,82179,10
13.02313995,80.22731018,82179,82189,10
13.02270031,80.22691345,82189,82200,11
13.02206993,80.22637939,82200,82210,10
13.02138996,80.22582245,82210,82220,10
13.02062988,80.22525024,82220,82230,10
13.0199604,80.22483826,82230,82240,10
13.0196104,80.22463226,82240,82250,10
13.01906967,80.22450256,82250,82260,10
13.01823044,80.22473145,82260,82270,10
13.01733971,80.2250824,82270,82280,10
13.01646996,80.22547913,82280,82290,10
13.01570988,80.22573853,82290,82307,17
13.01441956,80.22627258,82307,82319,12
13.01414967,80.22635651,82319,82329,10
13.01391983,80.22644806,82329,82338,9
13.01348972,80.22662354,82338,82349,11
13.01274967,80.22691345,82349,82359,10
13.01194,80.22725677,82359,82369,10
13.01093006,80.22766113,82369,82379,10
13.00990963,80.22807312,82379,82389,10
13.00907993,80.22859192,82389,82399,10
13.00889969,80.22958374,82399,82410,11
13.00868988,80.2306366,82410,82419,9
13.00856018,80.2314682,82419,82430,11
13.00833988,80.23259735,82430,82440,10
13.00821972,80.23339844,82440,82450,10
13.00821018,80.2334671,82450,82460,10
13.00809956,80.23381042,82460,82470,10
13.00798035,80.23445129,82470,82480,10
13.00780964,80.23529053,82480,82490,10
13.00755978,80.23645782,82490,82500,10
13.00730038,80.23771667,82500,82510,10
13.0071497,80.23879242,82510,82521,11
13.00689983,80.23983765,82521,82531,10
13.00675964,80.2406311,82531,82540,9
13.00667953,80.24156189,82540,82551,11
13.00667953,80.24256134,82551,82561,10
13.00664043,80.24359131,82561,82571,10
13.00664997,80.24488068,82571,82581,10
13.00669003,80.24585724,82581,82591,10
13.00675011,80.24674988,82591,82601,10
13.00671959,80.24816895,82601,82611,10
13.00683975,80.24942017,82611,82622,11
13.00683022,80.24983978,82622,82632,10
13.00677013,80.25016022,82632,82642,10
13.0067997,80.25074768,82642,82652,10
13.00675011,80.25157928,82652,82662,10
13.0065403,80.25272369,82662,82672,10
13.00652981,80.25392151,82672,82682,10
13.00660038,80.25488281,82682,82692,10
13.00660038,80.25499725,82692,82702,10
13.00656986,80.25518799,82702,82712,10
13.00656986,80.25575256,82712,82723,11
13.00656986,80.2565918,82723,82733,10
13.00660992,80.25717926,82733,82803,70
13.00660992,80.25717926,82803,82813,10
13.00621986,80.25756073,82813,82823,10
13.0054903,80.25734711,82823,82834,11
13.00456047,80.25715637,82834,82844,10
13.00372982,80.25695038,82844,82854,10
13.0028801,80.25678253,82854,82864,10
13.00203991,80.25662994,82864,82874,10
13.00119019,80.25650024,82874,82884,10
13.00018024,80.25631714,82884,82894,10
12.99868011,80.256073,82894,82935,41
12.99868011,80.256073,82935,82945,10
12.99839973,80.25601959,82945,82955,10
12.99804974,80.25595856,82955,82965,10
12.99769974,80.25595856,82965,82975,10
12.99748039,80.25595093,82975,82991,16
12.99683952,80.25591278,82991,83003,12
12.99647999,80.25591278,83003,83013,10
12.99604034,80.25592041,83013,83023,10
12.99557972,80.25592041,83023,83033,10
12.99520016,80.25592041,83033,83044,11
12.99460983,80.25598145,83044,83053,9
12.99411011,80.25602722,83053,83065,12
12.99337006,80.256073,83065,83075,10
12.9927702,80.25610352,83075,83085,10
12.99221039,80.2561264,83085,83095,10
12.99153996,80.25608063,83095,83105,10
12.9910202,80.25608063,83105,83115,10
12.9902401,80.25602722,83115,83124,9
12.98964024,80.25602722,83124,83135,11
12.98880959,80.25598907,83135,83146,11
12.98768044,80.25585175,83146,83206,60
12.98768044,80.25585175,83206,83216,10
12.9874897,80.25576019,83216,83226,10
12.98729992,80.2557373,83226,83236,10
12.98703003,80.25569916,83236,83246,10
12.98670006,80.25563812,83246,83257,11
12.98618031,80.25553894,83257,83277,20
12.98618031,80.25553894,83277,83287,10
12.98596001,80.25550079,83287,83297,10
12.98561954,80.25540924,83297,83307,10
12.98509979,80.25527954,83307,83316,9
12.98458004,80.25518036,83316,83327,11
12.98396015,80.25496674,83327,83337,10
12.98346043,80.25483704,83337,83347,10
12.98289013,80.25469971,83347,83358,11
12.98219013,80.25443268,83358,83368,10
12.98190022,80.25390625,83368,83378,10
12.98173046,80.25325012,83378,83448,70
12.98173046,80.25325012,83448,83459,11
12.98167992,80.2529068,83459,83469,10
12.98124981,80.25272369,83469,83479,10
12.98054981,80.25273895,83479,83489,10
12.97988033,80.25273132,83489,83499,10
12.97945023,80.25270844,83499,83509,10
12.97879028,80.25263214,83509,83539,30
12.97879028,80.25263214,83539,83549,10
12.97867966,80.25257874,83549,83559,10
12.97867012,80.25257111,83559,83570,11
12.97846985,80.25251007,83570,83580,10
12.97809029,80.2522583,83580,83590,10
12.97758007,80.25180054,83590,83600,10
12.97696018,80.25145721,83600,83610,10
12.97612,80.25119019,83610,83620,10
12.97533035,80.25092316,83620,83630,10
12.9744997,80.25067902,83630,83640,10
12.97367001,80.25045013,83640,83650,10
12.97235966,80.25012207,83650,83769,119
12.97235966,80.25012207,83769,83780,11
12.97220039,80.25005341,83780,83789,9
12.97210026,80.25,83789,83800,11
12.97171021,80.24989319,83800,83810,10
12.9710598,80.24971771,83810,83820,10
12.97027016,80.2495575,83820,83830,10
12.96945953,80.24920654,83830,83840,10
12.96868992,80.24886322,83840,83850,10
12.96788025,80.2485199,83850,83860,10
12.96712971,80.24819946,83860,83870,10
12.96656036,80.24793243,83870,83901,31
12.96656036,80.24793243,83901,83911,10
12.96627998,80.24786377,83911,83921,10
12.96597958,80.24771881,83921,83941,20
12.96597958,80.24771881,83941,83951,10
12.96578979,80.24762726,83951,83961,10
12.96549988,80.2474823,83961,83992,31
12.96549988,80.2474823,83992,84002,10
12.96510983,80.24742126,84002,84022,20
12.96510983,80.24742126,84022,84032,10
12.96481991,80.24733734,84032,84042,10
12.96442032,80.24717712,84042,84052,10
12.9639101,80.24700928,84052,84062,10
12.96339989,80.2467804,84062,84072,10
12.96292973,80.24653625,84072,84082,10
12.96257973,80.24636078,84082,84093,11
12.96226978,80.24610901,84093,84103,10
12.96179962,80.24588776,84103,84113,10
12.96115971,80.24559784,84113,84123,10
12.96032047,80.24521637,84123,84133,10
12.95956039,80.24517059,84133,84143,10
12.95915031,80.24471283,84143,84163,20
12.95915031,80.24471283,84163,84173,10
12.95909023,80.24461365,84173,84183,10
12.95878029,80.24443817,84183,84194,11
12.95820045,80.24420166,84194,84204,10
12.95775986,80.24404144,84204,84214,10
12.9572897,80.24382782,84214,84224,10
12.95670033,80.24356079,84224,84234,10
12.95648956,80.24346924,84234,84244,10
12.95631981,80.24343872,84244,84254,10
12.95610046,80.24336243,84254,84264,10
12.95580959,80.2432785,84264,84274,10
12.95541954,80.24314117,84274,84284,10
12.95487976,80.24291992,84284,84294,10
12.95421982,80.24265289,84294,84305,11
12.95343018,80.24230957,84305,84315,10
12.95269966,80.24198914,84315,84325,10
12.95205975,80.2417984,84325,84335,10
12.9514904,80.24160767,84335,84365,30
12.9514904,80.24160767,84365,84375,10
12.95106983,80.24141693,84375,84385,10
12.95053959,80.2412796,84385,84395,10
12.94972992,80.24105072,84395,84406,11
12.94886971,80.24075317,84406,84416,10
12.94801998,80.24040222,84416,84426,10
12.94696045,80.2399826,84426,84446,20
12.94696045,80.2399826,84446,84456,10
12.9467802,80.23989868,84456,84466,10
12.9464798,80.23976898,84466,84476,10
12.94602966,80.23957062,84476,84486,10
12.94536972,80.23921967,84486,84496,10
12.94480991,80.23872375,84496,84507,11
12.94417953,80.23805237,84507,84517,10
12.9432497,80.23708344,84517,84537,20
12.9432497,80.23708344,84537,84547,10
12.94303989,80.23683167,84547,84557,10
12.94262981,80.23655701,84557,84567,10
12.94190979,80.23631287,84567,84577,10
12.94097996,80.23609161,84577,84587,10
12.93999004,80.23583221,84587,84597,10
12.93920994,80.23555756,84597,84618,21
12.93920994,80.23555756,84618,84628,10
12.93912029,80.23547363,84628,84638,10
12.93869972,80.23526001,84638,84648,10
12.93807983,80.23500061,84648,84658,10
12.93735981,80.23459625,84658,84668,10
12.93647957,80.23419189,84668,84678,10
12.93556976,80.23374939,84678,84688,10
12.93445969,80.23327637,84688,84698,10
12.93371964,80.23291779,84698,84719,21
12.93371964,80.23291779,84719,84729,10
12.93350983,80.23284149,84729,84739,10
12.93317986,80.23268127,84739,84749,10
12.93262959,80.23246002,84749,84759,10
12.93196011,80.23222351,84759,84769,10
12.93113041,80.23191833,84769,84779,10
12.93013,80.23164368,84779,84789,10
12.92887974,80.23136139,84789,84799,10
12.92774963,80.23120117,84799,84809,10
12.92661953,80.23107147,84809,84820,11
12.92597008,80.23101807,84820,84830,10
12.92586994,80.23097229,84830,84840,10
12.92549038,80.23094177,84840,84850,10
12.92494965,80.23087311,84850,84860,10
12.92426014,80.23078918,84860,84870,10
12.92343998,80.23069,84870,84880,10
12.92249966,80.2305603,84880,84890,10
12.92144012,80.23040009,84890,84900,10
12.92022038,80.2302475,84900,84910,10
12.91919041,80.23014069,84910,84920,10
12.91905022,80.23013306,84920,84931,11
12.91882038,80.23011017,84931,84941,10
12.91845989,80.2300415,84941,84951,10
12.91784954,80.22995758,84951,84961,10
12.91701984,80.22985077,84961,84971,10
12.91606045,80.22969818,84971,84981,10
12.91499043,80.22956848,84981,84991,10
12.91399002,80.22942352,84991,85001,10
12.91324997,80.22934723,85001,85011,10
12.91320038,80.2293396,85011,85021,10
12.91312027,80.22930908,85021,85032,11
12.91263962,80.22921753,85032,85042,10
12.91191006,80.22911835,85042,85052,10
12.91106033,80.22898102,85052,85062,10
12.91009998,80.22884369,85062,85072,10
12.90902042,80.22868347,85072,85082,10
12.90793037,80.22850037,85082,85092,10
12.90684032,80.22836304,85092,85102,10
12.90624046,80.22830963,85102,85112,10
12.90608978,80.22830963,85112,85122,10
12.90563965,80.22827911,85122,85132,10
12.90491962,80.22823334,85132,85143,11
12.90392971,80.2281723,85143,85153,10
12.90301991,80.22812653,85153,85163,10
12.90180969,80.22805786,85163,85173,10
12.90116024,80.22805023,85173,85183,10
12.90098,80.22799683,85183,85193,10
12.90060043,80.22796631,85193,85203,10
12.89988041,80.22794342,85203,85213,10
12.89923954,80.22789764,85213,85223,10
12.89916039,80.22789764,85223,85233,10
12.89900017,80.2279129,85233,85244,11
12.89853001,80.22786713,85244,85254,10
12.89783955,80.22782898,85254,85264,10
12.89706993,80.22779083,85264,85274,10
12.89614964,80.22775269,85274,85284,10
12.89509964,80.22772217,85284,85294,10
12.89334011,80.22762299,85294,85314,20
12.89334011,80.22762299,85314,85324,10
12.89307976,80.22756195,85324,85334,10
12.8924799,80.22747803,85334,85345,11
12.89157963,80.22743225,85345,85355,10
12.89054966,80.22741699,85355,85365,10
12.88941956,80.22743225,85365,85374,9
12.8886404,80.22743225,85374,85395,21
12.8886404,80.22743225,85395,85405,10
12.88825989,80.22740936,85405,85415,10
12.88764,80.2273407,85415,85425,10
12.88677025,80.22720337,85425,85435,10
12.88578033,80.22693634,85435,85445,10
12.88475037,80.22673035,85445,85466,21
12.88475037,80.22673035,85466,85476,10
12.88477993,80.22679901,85476,85486,10
12.88362026,80.22672272,85486,85496,10
12.88261032,80.22673035,85496,85506,10
12.88144016,80.22675323,85506,85516,10
12.88014984,80.22676086,85516,85526,10
12.87893963,80.22679138,85526,85536,10
12.87747002,80.22689819,85536,85546,10
12.87633038,80.22698975,85546,85567,21
12.87633038,80.22698975,85567,85577,10
12.87621975,80.22701263,85577,85587,10
12.87565994,80.22698212,85587,85597,10
12.87481976,80.22691345,85597,85607,10
12.87368965,80.22676849,85607,85617,10
12.87267971,80.22673035,85617,85627,10
12.87250996,80.22673798,85627,85637,10
12.8721199,80.22672272,85637,85647,10
12.87135983,80.2266922,85647,85657,10
12.87038994,80.22663116,85657,85668,11
12.86909962,80.22647858,85668,85678,10
12.86777973,80.22644043,85678,85688,10
12.86641026,80.22657776,85688,85698,10
12.86507034,80.22662354,85698,85708,10
12.86382008,80.22653961,85708,85718,10
12.86283016,80.22654724,85718,85728,10
12.86112976,80.22663879,85728,85748,20
12.86112976,80.22663879,85748,85758,10
12.86083984,80.22660828,85758,85769,11
12.86003017,80.22650909,85769,85779,10
12.85904026,80.22637177,85779,85789,10
12.85832024,80.22631073,85789,85799,10
12.85741997,80.2263031,85799,85809,10
12.85628986,80.22640991,85809,85819,10
12.85501003,80.22654724,85819,85829,10
12.8536396,80.22669983,85829,85839,10
12.85221958,80.2266922,85839,85849,10
12.85076046,80.22662354,85849,85859,10
12.84934998,80.22660065,85859,85869,10
12.84782982,80.22660828,85869,85886,17
12.84556961,80.22663879,85886,85898,12
12.84496021,80.22660065,85898,85908,10
12.84463024,80.22660828,85908,85916,8
12.84434986,80.2266922,85916,85927,11
12.84325027,80.22685242,85927,85938,11
12.84183025,80.22717285,85938,85948,10
12.84058952,80.22749329,85948,85958,10
12.83992958,80.2276535,85958,85968,10
12.83959007,80.22775269,85968,85979,11
12.83932972,80.22781372,85979,85988,9
12.8387804,80.22795868,85988,85999,11
12.83771992,80.22820282,85999,86009,10
12.83648014,80.22840881,86009,86019,10
12.83512974,80.2286377,86019,86029,10
12.83374023,80.22888184,86029,86039,10
12.83255959,80.22910309,86039,86049,10
12.83224964,80.22917938,86049,86059,10
12.83174038,80.22927856,86059,86069,10
12.83115005,80.2294693,86069,86080,11
12.83006954,80.22984314,86080,86090,10
12.82890987,80.2303009,86090,86100,10
12.82769966,80.2309494,86100,86110,10
12.82641029,80.23139954,86110,86120,10
12.82501984,80.23146057,86120,86130,10
12.82376957,80.23121643,86130,86140,10
12.82256031,80.23085785,86140,86150,10
12.82120037,80.23053741,86150,86160,10
12.81980038,80.23053741,86160,86170,10
12.81842995,80.23033905,86170,86180,10
12.81709957,80.2297287,86180,86191,11
12.81552029,80.22942352,86191,86201,10
12.81408978,80.22918701,86201,86211,10
12.8127203,80.22875977,86211,86221,10
12.8113203,80.22825623,86221,86231,10
12.80996037,80.22770691,86231,86241,10
12.80871964,80.22698212,86241,86251,10
12.80760956,80.22605133,86251,86261,10
12.80669975,80.22524261,86261,86271,10
12.80589962,80.22451019,86271,86281,10
12.8051796,80.22408295,86281,86292,11
12.80494976,80.22405243,86292,86302,10
12.80480003,80.22399902,86302,86312,10
12.80422974,80.22395325,86312,86322,10
12.80344009,80.22389984,86322,86332,10
12.80237961,80.22376251,86332,86342,10
12.80113029,80.22363281,86342,86352,10
12.79979038,80.22350311,86352,86362,10
12.79839993,80.22338104,86362,86372,10
12.79683971,80.22315216,86372,86382,10
