12.9868803,80.25879669,17,6777,6760
12.98680019,80.25885773,6777,6989,212
12.98684978,80.25882721,6989,16787,9798
12.98684978,80.25882721,16787,16797,10
12.98703957,80.25892639,16797,17454,657
12.98694038,80.2588501,17454,19283,1829
12.98694038,80.2588501,19283,19293,10
12.98670006,80.25892639,19293,19303,10
12.98692036,80.25914001,19303,19374,71
12.98736,80.25906372,19374,19394,20
12.98736,80.25906372,19394,19404,10
12.98740005,80.25875854,19404,19414,10
12.98740959,80.258461,19414,19424,10
12.98740959,80.25839233,19424,19434,10
12.98744011,80.25804138,19434,19444,10
12.98748016,80.25746155,19444,19454,10
12.98752975,80.25675201,19454,19465,11
12.9875803,80.25598145,19465,19475,10
12.98770046,80.25531006,19475,19485,10
12.98775005,80.25457764,19485,19495,10
12.98781967,80.25382233,19495,19505,10
12.98789024,80.25296783,19505,19515,10
12.98791981,80.25205994,19515,19525,10
12.98777962,80.25167847,19525,19535,10
12.98775005,80.25163269,19535,19545,10
12.98748016,80.25160217,19545,19556,11
12.98694992,80.25164032,19556,19566,10
12.98637962,80.25179291,19566,19576,10
12.98552036,80.2519989,19576,19586,10
12.98462009,80.2522583,19586,19596,10
12.98363018,80.25251007,19596,19606,10
12.98258972,80.25263977,19606,19616,10
12.9815197,80.25267029,19616,19626,10
12.98054981,80.25269318,19626,19636,10
12.97996998,80.25267792,19636,19646,10
12.97988033,80.25241089,19646,19657,11
12.97988987,80.25232697,19657,19667,10
12.97996998,80.25205994,19667,19677,10
12.98036957,80.25080872,19677,19687,10
12.98036957,80.25080872,19687,19697,10
12.98058033,80.24996185,19697,19707,10
12.98071957,80.24899292,19707,19717,10
12.98079967,80.24797821,19717,19727,10
12.98089027,80.24697113,19727,19737,10
12.98099995,80.2458725,19737,19747,10
12.98114967,80.24462128,19747,19759,12
12.98128986,80.24363708,19759,19769,10
12.98136997,80.2432785,19769,19779,10
12.98138046,80.24289703,19779,19789,10
12.98138046,80.2428894,19789,19799,10
12.98139954,80.24285889,19799,19800,1
13.02062035,80.22515106,19800,19809,9
12.98141956,80.24255371,19809,19819,10
12.98139954,80.2420578,19819,19830,11
12.98139954,80.24133301,19830,19840,10
12.98139,80.24057007,19840,19851,11
12.98136044,80.23967743,19851,19861,10
12.98132038,80.2388382,19861,19871,10
12.98130035,80.23803711,19871,19881,10
12.98130035,80.23792267,19881,19891,10
12.98130035,80.23789215,19891,19901,10
12.98128033,80.23748779,19901,19911,10
12.9812603,80.23686218,19911,19921,10
12.98124027,80.23603058,19921,19931,10
12.98120975,80.2352066,19931,19941,10
12.98122025,80.23438263,19941,19952,11
12.98155022,80.23352051,19952,19962,10
12.98165989,80.23329926,19962,19978,16
12.98180008,80.23303986,19978,19990,12
12.98198032,80.23252106,19990,19997,7
12.98200035,80.23220062,19997,20010,13
12.98198032,80.23158264,20010,20020,10
12.9818697,80.2310791,20020,20030,10
12.9816103,80.23052216,20030,20040,10
12.98122025,80.22987366,20040,20051,11
12.98079967,80.22918701,20051,20081,30
12.98079967,80.22918701,20081,20104,23
12.98075008,80.22902679,20104,20116,12
12.98071957,80.22898102,20116,20124,8
12.98058033,80.22875977,20124,20137,13
12.98027039,80.2282486,20137,20147,10
12.97988987,80.22762299,20147,20157,10
12.97947979,80.22696686,20157,20167,10
12.97902966,80.22621918,20167,20177,10
12.97856998,80.22544861,20177,20187,10
12.97813988,80.2247467,20187,20197,10
12.97789955,80.22445679,20197,20207,10
12.97780037,80.22429657,20207,20217,10
12.97768021,80.22408295,20217,20227,10
12.97743034,80.22367096,20227,20238,11
12.97708035,80.22309875,20238,20248,10
12.97700024,80.22280121,20248,20258,10
12.97719002,80.22270203,20258,20268,10
12.97725964,80.22270203,20268,20278,10
12.97752953,80.2226181,20278,20287,9
12.97751999,80.22239685,20287,20297,10
12.97749996,80.22190857,20297,20308,11
12.97747993,80.22136688,20308,20317,9
12.97749996,80.22122192,20317,20329,12
12.97791958,80.22119904,20329,20339,10
12.97846985,80.221138,20339,20349,10
12.97920036,80.22109222,20349,20359,10
12.97986031,80.22103882,20359,20369,10
12.98048019,80.2210083,20369,20379,10
12.98112011,80.22106171,20379,20389,10
12.98171997,80.22138977,20389,20399,10
12.98227978,80.22174072,20399,20409,10
12.98301983,80.22197723,20409,20446,37
12.98301983,80.22197723,20446,20458,12
12.9833498,80.22222137,20458,20468,10
12.98355961,80.22238159,20468,20478,10
12.98402977,80.22264862,20478,20488,10
12.98456001,80.22296143,20488,20498,10
12.98519039,80.2232666,20498,20508,10
12.9856596,80.22309875,20508,20518,10
12.98651028,80.22296143,20518,20539,21
12.98651028,80.22296143,20539,20549,10
12.98674965,80.22296143,20549,20559,10
12.98717976,80.22303772,20559,20569,10
12.98777008,80.2230072,20569,20579,10
12.98830032,80.22264099,20579,20589,10
12.98884964,80.22212982,20589,20599,10
12.98933983,80.22155762,20599,20609,10
12.98985004,80.22091675,20609,20620,11
12.99048042,80.22036743,20620,20630,10
12.99051952,80.22032928,20630,20640,10
12.99059963,80.22023773,20640,20650,10
12.99087048,80.22006226,20650,20660,10
12.99108982,80.21988678,20660,20670,10
12.99145985,80.21958923,20670,20680,10
12.99190998,80.21926117,20680,20690,10
12.99248028,80.21884918,20690,20700,10
12.99312019,80.21838379,20700,20710,10
12.99376011,80.2179184,20710,20721,11
12.99442005,80.217453,20721,20731,10
12.99501038,80.2170105,20731,20741,10
12.99565983,80.21669006,20741,20751,10
12.99641991,80.21652222,20751,20761,10
12.99717999,80.21640778,20761,20771,10
12.99752998,80.2161026,20771,20791,20
12.99752998,80.2161026,20791,20801,10
12.99765968,80.21601868,20801,20812,11
12.99802017,80.2157135,20812,20822,10
12.99849987,80.21528625,20822,20832,10
12.99901962,80.21482849,20832,20842,10
12.99921989,80.21463776,20842,20852,10
12.99960041,80.21431732,20852,20862,10
12.99995041,80.21401978,20862,20872,10
13.00028038,80.21372986,20872,20882,10
13.00090027,80.21320343,20882,20892,10
13.00137997,80.21282959,20892,20902,10
13.00179958,80.21251678,20902,20913,11
13.00226021,80.21222687,20913,20923,10
13.00273037,80.21209717,20923,20933,10
13.00335026,80.21205902,20933,20943,10
13.00407028,80.21208954,20943,20953,10
13.00432014,80.21214294,20953,20963,10
13.00467014,80.21230316,20963,20973,10
13.00510025,80.2125473,20973,20983,10
13.00574017,80.21289063,20983,20993,10
13.00632954,80.21276093,20993,21004,11
13.00712967,80.21276093,21004,21014,10
13.00790024,80.21308899,21014,21044,30
13.00790024,80.21308899,21044,21054,10
13.00796032,80.2131424,21054,21064,10
13.00829983,80.21330261,21064,21074,10
13.00874043,80.21363068,21074,21084,10
13.00920963,80.21427917,21084,21094,10
13.00965977,80.21498108,21094,21111,17
13.01043987,80.21587372,21111,21123,12
13.01078033,80.21661377,21123,21133,10
13.0109396,80.21705627,21133,21143,10
13.0112896,80.21788025,21143,21152,9
13.01163006,80.21880341,21152,21163,11
13.01198959,80.2199173,21163,21173,10
13.01233959,80.22091675,21173,21184,11
13.0127697,80.22167206,21184,21194,10
13.01325035,80.22228241,21194,21205,11
13.01373005,80.22290039,21205,21214,9
13.01412964,80.22337341,21214,21225,11
13.01453972,80.22380066,21225,21235,10
13.01490974,80.22437286,21235,21245,10
13.01556015,80.22493744,21245,21265,20
13.01556015,80.22493744,21265,21275,10
13.01566029,80.22502899,21275,21285,10
13.01591969,80.22521973,21285,21296,11
13.01646042,80.22528076,21296,21306,10
13.01718044,80.22505951,21306,21316,10
13.0180397,80.22471619,21316,21326,10
13.01893044,80.22438812,21326,21336,10
13.01966953,80.22447968,21336,21345,9
13.02021027,80.22483063,21345,21356,11
13.02075958,80.22525024,21356,21366,10
13.02140045,80.22573853,21366,21376,10
13.02194977,80.22609711,21376,21386,10
13.02206993,80.22619629,21386,21397,11
13.02233982,80.22644806,21397,21407,10
13.02280998,80.22686005,21407,21417,10
13.02336025,80.22737885,21417,21427,10
13.02396011,80.22798157,21427,21437,10
13.02447987,80.22862244,21437,21447,10
13.02492046,80.22924042,21447,21457,10
13.02538967,80.22984314,21457,21467,10
13.02581978,80.23052216,21467,21477,10
13.02602005,80.23110199,21477,21488,11
13.02622032,80.23132324,21488,21498,10
13.02665997,80.2312088,21498,21508,10
13.02737999,80.23104095,21508,21518,10
13.02805042,80.23094177,21518,21528,10
13.02851009,80.23088074,21528,21538,10
13.02865028,80.23087311,21538,21548,10
13.02879047,80.23085785,21548,21558,10
13.02912998,80.2308197,21558,21568,10
13.02956963,80.23078156,21568,21578,10
13.03007984,80.23074341,21578,21589,11
13.03036976,80.23074341,21589,21599,10
13.03075981,80.23069763,21599,21609,10
13.03116035,80.23065948,21609,21619,10
13.03155994,80.23065186,21619,21629,10
13.03211021,80.23059845,21629,21639,10
13.03279018,80.23053741,21639,21649,10
13.0335598,80.23047638,21649,21659,10
13.03446007,80.2303772,21659,21680,21
13.03446007,80.2303772,21680,21690,10
13.03464985,80.23033142,21690,21706,16
13.03509045,80.23023224,21706,21718,12
13.03491974,80.23034668,21718,21728,10
13.03476048,80.23033905,21728,21738,10
13.03474998,80.23033905,21738,21748,10
13.03446007,80.23039246,21748,21768,20
13.03427982,80.23042297,21768,21800,32
13.03427982,80.23042297,21800,21809,9
13.0339098,80.23045349,21809,21820,11
13.03365993,80.23045349,21820,21830,10
13.03334045,80.23049927,21830,21871,41
13.03334045,80.23049927,21871,21881,10
13.03314018,80.23040771,21881,23063,1182
13.03314018,80.23040771,23063,23073,10
13.03291035,80.23046112,23073,23083,10
13.03240967,80.23052216,23083,23093,10
13.03170013,80.23061371,23093,23103,10
13.03092003,80.23068237,23103,23113,10
13.03026962,80.23074341,23113,23124,11
13.02956009,80.23082733,23124,23134,10
13.02890968,80.23088074,23134,23144,10
13.02807999,80.23097992,23144,23154,10
13.0276804,80.23105621,23154,23164,10
13.02770042,80.23149109,23164,23174,10
13.0278101,80.23222351,23174,23184,10
13.02783966,80.2328186,23184,23200,16
13.02692986,80.23296356,23200,23223,23
13.02692986,80.23296356,23223,23233,10
13.02651978,80.23300171,23233,23242,9
13.02628994,80.23269653,23242,23253,11
13.02610016,80.23195648,23253,23263,10
13.02595997,80.23130035,23263,23273,10
13.02571011,80.23052979,23273,23283,10
13.02528,80.2298584,23283,23293,10
13.02472973,80.22914886,23293,23303,10
13.02427959,80.22857666,23303,23313,10
13.02390003,80.22812653,23313,23324,11
13.02373028,80.22792816,23324,23334,10
13.02355003,80.22776031,23334,23344,10
13.0233202,80.22756958,23344,23354,10
13.02313042,80.2275238,23354,23364,10
13.02299023,80.22738647,23364,23374,10
13.02278042,80.22722626,23374,23384,10
13.02258968,80.22693634,23384,23394,10
13.02229977,80.22662354,23394,23404,10
13.02169991,80.22609711,23404,23415,11
13.02089977,80.22545624,23415,23425,10
13.02005005,80.22489929,23425,23435,10
13.01963997,80.22463989,23435,23445,10
13.01887989,80.22451782,23445,23455,10
13.01797962,80.22485352,23455,23465,10
13.01708031,80.22521973,23465,23475,10
13.01632023,80.22553253,23475,23485,10
13.01570034,80.22575378,23485,23495,10
13.01500034,80.22601318,23495,23505,10
13.01443958,80.22624969,23505,23516,11
13.01441002,80.22624969,23516,23526,10
13.01414013,80.22634888,23526,23536,10
13.01360035,80.22650909,23536,23546,10
13.01286983,80.22676849,23546,23556,10
13.01208019,80.2270813,23556,23566,10
13.01113033,80.2274704,23566,23576,10
13.01016998,80.22785187,23576,23586,10
13.00955009,80.2276535,23586,23596,10
13.00981998,80.22699738,23596,23607,11
13.01025963,80.22601318,23607,23617,10
13.01072025,80.2249527,23617,23627,10
13.01109982,80.22396088,23627,23637,10
13.01144028,80.2230835,23637,23647,10
13.01175022,80.22219849,23647,23657,10
13.01208019,80.22122955,23657,23667,10
13.01196003,80.22042847,23667,23675,8
13.01173973,80.21972656,23675,23687,12
13.01136971,80.21859741,23687,23697,10
13.01101971,80.21768188,23697,23708,11
13.01056004,80.21659088,23708,23718,10
13.01012039,80.21579742,23718,23727,9
13.00971985,80.21505737,23727,23738,11
13.00916004,80.21430969,23738,23748,10
13.00858974,80.21357727,23748,23758,10
13.00817013,80.21331024,23758,23768,10
13.0081501,80.21330261,23768,23778,10
13.00809956,80.21327972,23778,23788,10
13.00792027,80.21318054,23788,23798,10
13.00759029,80.21292114,23798,23808,10
13.00695038,80.21276855,23808,23819,11
13.00615025,80.212883,23819,23829,10
13.0054903,80.21285248,23829,23839,10
13.0048399,80.21243286,23839,23849,10
13.00403976,80.21212006,23849,23859,10
13.00368977,80.21185303,23859,23869,10
13.00370026,80.21169281,23869,23879,10
13.00366974,80.21125793,23879,23889,10
13.00358963,80.21060181,23889,23900,11
13.00352955,80.20992279,23900,23910,10
13.00349045,80.20935059,23910,23920,10
13.00298977,80.20908356,23920,23930,10
13.0023098,80.20870209,23930,23939,9
13.00166035,80.20835876,23939,23950,11
13.00078011,80.20791626,23950,23960,10
13.00014019,80.20774078,23960,23970,10
12.99950027,80.20761871,23970,23980,10
12.99884033,80.20748138,23980,23991,11
12.99841022,80.2074585,23991,24001,10
12.99833012,80.20783234,24001,24011,10
12.99824047,80.20844269,24011,24021,10
12.9981699,80.20900726,24021,24031,10
12.99792004,80.20932007,24031,24041,10
12.99773026,80.20963287,24041,24051,10
12.99773026,80.2096405,24051,24061,10
12.99763966,80.20983887,24061,24071,10
12.99746037,80.21024323,24071,24081,10
12.99736023,80.21044922,24081,24092,11
12.9972496,80.21045685,24092,24102,10
12.99717045,80.21044922,24102,24112,10
12.99682999,80.21040344,24112,24122,10
12.99623966,80.21034241,24122,24132,10
12.99559975,80.21027374,24132,24142,10
12.99505997,80.21024323,24142,24152,10
12.99446011,80.21016693,24152,24162,10
12.99392033,80.21012115,24162,24172,10
12.99386978,80.21011353,24172,24183,11
12.99363041,80.21016693,24183,24193,10
12.99357033,80.21044159,24193,24233,40
12.99357033,80.21044159,24233,24243,10
12.99351978,80.21076965,24243,24253,10
12.99341011,80.21121216,24253,24263,10
12.99322033,80.21192169,24263,24344,81
12.99322033,80.21192169,24344,24354,10
12.99318027,80.21208191,24354,24364,10
12.99308968,80.21246338,24364,24374,10
12.99287987,80.2130127,24374,24395,21
12.99287987,80.2130127,24395,24405,10
12.99263954,80.21296692,24405,24415,10
12.99207973,80.2128067,24415,24425,10
12.99143982,80.21266174,24425,24435,10
12.99129009,80.21302032,24435,24445,10
12.99112988,80.21360016,24445,24455,10
12.9910202,80.21408081,24455,24465,10
12.99079037,80.21450806,24465,24476,11
12.99032021,80.21485138,24476,24486,10
12.98980045,80.21479034,24486,24496,10
12.98927975,80.21470642,24496,24506,10
12.98925018,80.2147522,24506,24516,10
12.98900032,80.21507263,24516,24526,10
12.98865032,80.21560669,24526,24536,10
12.98820019,80.21623993,24536,24546,10
12.9878397,80.21714783,24546,24556,10
12.98756027,80.21801758,24556,24566,10
12.98746967,80.21833801,24566,24577,11
12.98719978,80.2183609,24577,24587,10
12.98678017,80.21823883,24587,24597,10
12.98618031,80.21807861,24597,24607,10
12.98534012,80.21795654,24607,24617,10
12.98443031,80.2179718,24617,24627,10
12.98418045,80.2179718,24627,24637,10
12.98404026,80.21794891,24637,24647,10
12.98361969,80.21794891,24647,24657,10
12.98293972,80.21794128,24657,24668,11
12.98204041,80.21794891,24668,24678,10
12.98112011,80.21811676,24678,24688,10
12.98036003,80.21839142,24688,24698,10
12.97982025,80.21861267,24698,24708,10
12.97933006,80.21881104,24708,24718,10
12.97879982,80.21901703,24718,24728,10
12.9781599,80.21927643,24728,24738,10
12.97737026,80.21958923,24738,24748,10
12.97657013,80.21994019,24748,24758,10
12.97579956,80.22029114,24758,24769,11
12.97556019,80.22064209,24769,24950,181
12.97576046,80.22094727,24950,25112,162
12.97576046,80.22094727,25112,25122,10
12.97587967,80.22106171,25122,25132,10
12.97599983,80.22122192,25132,25142,10
12.97622967,80.22157288,25142,25153,11
12.97665024,80.22219849,25153,25163,10
12.97698021,80.22274017,25163,25173,10
12.97727966,80.22274017,25173,25183,10
12.97756004,80.22264099,25183,25193,10
12.97756004,80.22229767,25193,25203,10
12.97751999,80.22174835,25203,25213,10
12.97745037,80.2212677,25213,25223,10
12.97710991,80.22123718,25223,25233,10
12.97651958,80.22125244,25233,25244,11
12.97603035,80.22129059,25244,25254,10
12.97577,80.22107697,25254,25264,10
12.97556019,80.22086334,25264,25304,40
12.97556019,80.22086334,25304,25314,10
12.97537994,80.22065735,25314,25334,20
12.97537994,80.22065735,25334,25345,11
12.97542953,80.22052002,25345,25355,10
12.97568989,80.22026825,25355,25365,10
12.97616005,80.22003174,25365,25375,10
12.97679043,80.21972656,25375,25385,10
12.97743988,80.21946716,25385,25395,10
12.97815037,80.21916962,25395,25405,10
12.97861004,80.21897888,25405,25415,10
12.97914982,80.21877289,25415,25432,17
12.98011971,80.21839142,25432,25444,12
12.98087978,80.21813202,25444,25454,10
12.98153973,80.2179184,25454,25464,10
12.98260975,80.21782684,25464,25474,10
12.9834404,80.21781158,25474,25484,10
12.9837904,80.21779633,25484,25494,10
12.98394966,80.21781158,25494,25504,10
12.98447037,80.21781921,25504,25514,10
12.98536968,80.21782684,25514,25524,10
12.9863596,80.21800995,25524,25535,11
12.98725986,80.2181778,25535,25545,10
12.98733997,80.21819305,25545,25555,10
12.98744011,80.21819305,25555,25565,10
12.98756027,80.2179184,25565,25576,11
12.98773003,80.21739197,25576,25586,10
12.98799992,80.21659851,25586,25596,10
12.98838043,80.21594238,25596,25606,10
12.98878002,80.21537781,25606,25616,10
12.98913956,80.21482849,25616,25626,10
12.98939991,80.21468353,25626,25637,11
12.98985958,80.21482849,25637,25647,10
12.99042988,80.21472931,25647,25657,10
12.99090958,80.21424103,25657,25667,10
12.99112034,80.21353912,25667,25677,10
12.99129963,80.21283722,25677,25687,10
12.99158001,80.21266174,25687,25707,20
12.99158001,80.21266174,25707,25717,10
12.99186993,80.21273041,25717,25728,11
12.99236965,80.212883,25728,25738,10
12.99283981,80.21302032,25738,25754,16
12.99291992,80.21292114,25754,25766,12
12.99300957,80.21253967,25766,25776,10
12.99314022,80.21208954,25776,25786,10
12.99333954,80.21127319,25786,25796,10
12.99349976,80.21070862,25796,25806,10
12.99357986,80.21044159,25806,25816,10
12.99372005,80.21009064,25816,25848,32
12.99372005,80.21009064,25848,25858,10
12.99402046,80.21011353,25858,25868,10
12.99446011,80.2101593,25868,25878,10
12.99487972,80.21019745,25878,25888,10
12.99534988,80.21024323,25888,25898,10
12.99590969,80.210289,25898,25908,10
12.99652958,80.21034241,25908,25919,11
12.99720955,80.21047211,25919,25949,30
12.99720955,80.21047211,25949,25959,10
12.99748039,80.21013641,25959,25969,10
12.99767971,80.20966339,25969,25979,10
12.99796009,80.20928955,25979,25989,10
12.99816036,80.20884705,25989,25999,10
12.99822044,80.20835876,25999,26009,10
12.99835014,80.20777893,26009,26020,11
12.99843979,80.20738983,26020,26030,10
12.99855995,80.2073822,26030,26040,10
12.99860954,80.20739746,26040,26050,10
12.99895,80.20748901,26050,26060,10
12.99950027,80.20760345,26060,26070,10
12.99985027,80.20767975,26070,26080,10
13.00039005,80.20777893,26080,26090,10
13.00107002,80.20806122,26090,26100,10
13.00181007,80.2084198,26100,26111,11
13.00269985,80.20887756,26111,26120,9
13.00337982,80.20924377,26120,26131,11
13.00352001,80.20947266,26131,26141,10
13.00358009,80.20983124,26141,26151,10
13.00368023,80.21024323,26151,26161,10
13.00370979,80.21037292,26161,26171,10
13.00378036,80.21077728,26171,26181,10
13.0037899,80.2114563,26181,26191,10
13.00407028,80.21204376,26191,26201,10
13.00477982,80.21237183,26201,26212,11
13.00559044,80.21283722,26212,26222,10
13.00629044,80.21278381,26222,26232,10
13.00714016,80.2127533,26232,26242,10
13.00794983,80.21311951,26242,26262,20
13.00794983,80.21311951,26262,26272,10
13.0080204,80.21315765,26272,26282,10
13.00835037,80.21330261,26282,26292,10
13.00876999,80.21366119,26292,26302,10
13.00924015,80.2142868,26302,26313,11
13.00977993,80.21505737,26313,26323,10
13.0102396,80.21563721,26323,26333,10
13.01074028,80.21643829,26333,26343,10
13.01103973,80.21723938,26343,26353,10
13.01140022,80.21816254,26353,26363,10
13.01175976,80.21917725,26363,26373,10
13.01208019,80.22013092,26373,26383,10
13.01224041,80.22055817,26383,26393,10
13.01228046,80.22064972,26393,26404,11
13.01245975,80.22115326,26404,26414,10
13.01282024,80.22174072,26414,26424,10
13.01334,80.22238159,26424,26434,10
13.01385975,80.22309113,26434,26450,16
13.01445007,80.22376251,26450,26462,12
13.01506042,80.22453308,26462,26482,20
13.01506042,80.22453308,26482,26492,10
13.01525021,80.22473145,26492,26503,11
13.01554012,80.2249527,26503,26523,20
13.01554012,80.2249527,26523,26533,10
13.01576042,80.22515869,26533,26543,10
13.01632023,80.2253418,26543,26552,9
13.01706028,80.22512054,26552,26563,11
13.01797962,80.22473907,26563,26573,10
13.01877022,80.22441864,26573,26583,10
13.01951981,80.22440338,26583,26594,11
13.0199604,80.22463226,26594,26604,10
13.02046013,80.22501373,26604,26614,10
13.02101994,80.22541809,26614,26624,10
13.02204037,80.2261734,26624,26644,20
13.02204037,80.2261734,26644,26660,16
13.02237034,80.22650146,26660,26672,12
13.02305984,80.22708893,26672,26680,8
13.02361012,80.22757721,26680,26693,13
13.02441025,80.22843933,26693,26703,10
13.02476025,80.22895813,26703,26713,10
13.02515984,80.22949982,26713,26722,9
13.02554035,80.23001862,26722,26733,11
13.02591991,80.23071289,26733,26742,9
13.02602005,80.23097229,26742,26753,11
13.02604008,80.23105621,26753,26765,12
13.02630043,80.23126984,26765,26775,10
13.02696037,80.23108673,26775,26785,10
13.0276804,80.23091888,26785,26796,11
13.02834988,80.23084259,26796,26806,10
13.02844048,80.23084259,26806,26816,10
13.02880955,80.23082733,26816,26826,10
13.0294199,80.2307663,26826,26836,10
13.03011036,80.23072052,26836,26846,10
13.03094959,80.23065948,26846,26856,10
13.03178024,80.23059082,26856,26866,10
13.0323801,80.23053741,26866,26876,10
13.03277969,80.2305069,26876,26887,11
13.03388977,80.23042297,26887,26917,30
13.03388977,80.23042297,26917,26927,10
13.03404045,80.23040771,26927,26937,10
13.03442001,80.23036194,26937,26947,10
13.03479004,80.23026276,26947,26957,10
13.0350399,80.23005676,26957,26967,10
13.03497028,80.22982025,26967,27149,182
13.03460026,80.22978973,27149,27250,101
13.0342598,80.22998047,27250,27321,71
13.03423977,80.23033905,27321,27351,30
13.03423977,80.23033905,27351,27362,11
13.03386021,80.2304306,27362,27372,10
13.03339958,80.23040771,27372,27382,10
13.03277016,80.23049164,27382,27392,10
13.0320797,80.23058319,27392,27402,10
13.03135967,80.23065948,27402,27412,10
13.0306797,80.23071289,27412,27422,10
13.03013039,80.2307663,27422,27432,10
13.0299902,80.23078918,27432,27442,10
13.02978039,80.23081207,27442,27452,10
13.02937984,80.23087311,27452,27463,11
13.02886009,80.23095703,27463,27479,16
13.02832985,80.23100281,27479,27491,12
13.02795982,80.23101807,27491,27501,10
13.02777004,80.23114777,27501,27511,10
13.0278101,80.23164368,27511,27520,9
13.02787018,80.2322464,27520,27531,11
13.02793026,80.23277283,27531,27541,10
13.02748966,80.23285675,27541,27551,10
13.02707958,80.23298645,27551,27582,31
13.02707958,80.23298645,27582,27592,10
13.0267601,80.23301697,27592,27602,10
13.02649975,80.23297119,27602,27612,10
13.02630043,80.23248291,27612,27622,10
13.02610016,80.23178101,27622,27632,10
13.02595043,80.23114014,27632,27642,10
13.02560043,80.23029327,27642,27653,11
13.02497959,80.22943878,27653,27663,10
13.02449989,80.2288208,27663,27673,10
13.02404976,80.22833252,27673,27683,10
13.02365017,80.2278595,27683,27693,10
13.02311993,80.22746277,27693,27713,20
13.02311993,80.22746277,27713,27723,10
13.02287006,80.22731018,27723,27733,10
13.0226202,80.22696686,27733,27743,10
13.02225971,80.22654724,27743,27754,11
13.02149963,80.22592926,27754,27764,10
13.02091026,80.22545624,27764,27774,10
13.02038956,80.22509766,27774,27784,10
13.0197401,80.2246933,27784,27794,10
13.01885033,80.22451782,27794,27804,10
13.01811981,80.22480011,27804,27814,10
13.01739025,80.2250824,27814,27824,10
13.01661015,80.22540283,27824,27834,10
13.01611996,80.22559357,27834,27845,11
13.01548958,80.22580719,27845,27855,10
13.01455021,80.22618103,27855,27875,20
13.01455021,80.22618103,27875,27885,10
13.01449966,80.22619629,27885,27895,10
13.01443958,80.22622681,27895,27905,10
13.01406002,80.22635651,27905,27915,10
13.01344967,80.22657776,27915,27925,10
13.01272964,80.22683716,27925,27935,10
13.01187992,80.22718048,27935,27946,11
13.01084042,80.22759247,27946,27956,10
13.0098896,80.22792816,27956,27972,16
13.00977039,80.22708893,27972,27984,12
13.01019955,80.22612,27984,27994,10
13.01064014,80.22511292,27994,28004,10
13.01107979,80.22406006,28004,28014,10
13.01148033,80.22303772,28014,28024,10
13.01179028,80.22210693,28024,28034,10
13.01208973,80.22126007,28034,28045,11
13.01214027,80.2208786,28045,28055,10
13.01187992,80.22007751,28055,28065,10
13.01161957,80.21935272,28065,28075,10
13.01136017,80.21855164,28075,28084,9
13.01105976,80.21779633,28084,28095,11
13.01064968,80.21679688,28095,28105,10
13.01021004,80.21598816,28105,28114,9
13.00984001,80.21521759,28114,28125,11
13.0092001,80.21434021,28125,28136,11
13.00856972,80.21353912,28136,28146,10
13.00839996,80.21341705,28146,28156,10
13.00819016,80.21331024,28156,28176,20
13.00819016,80.21331024,28176,28186,10
13.00806046,80.21327972,28186,28196,10
13.00788021,80.21315765,28196,28206,10
13.00778961,80.21304321,28206,28216,10
13.00763988,80.2129364,28216,28226,10
13.0072403,80.21279907,28226,28237,11
13.00654984,80.21276093,28237,28247,10
13.00594044,80.21299744,28247,28263,16
13.00487041,80.21243286,28263,28275,12
13.00389957,80.21205139,28275,28285,10
13.00374031,80.21166229,28285,28295,10
13.00374031,80.21154785,28295,28305,10
13.00368023,80.21116638,28305,28315,10
13.00362015,80.21070099,28315,28325,10
13.00358009,80.21013641,28325,28336,11
13.00351048,80.20948029,28336,28346,10
13.00327969,80.20925903,28346,28356,10
13.00277996,80.208992,28356,28366,10
13.00209999,80.20861053,28366,28376,10
13.00140953,80.20825195,28376,28386,10
13.00072002,80.207901,28386,28396,10
13.00030994,80.20777893,28396,28406,10
12.99993992,80.2077179,28406,28416,10
12.9994297,80.20758057,28416,28427,11
12.99905014,80.2075119,28427,28437,10
12.99868965,80.20745087,28437,28447,10
12.99847984,80.20742798,28447,28457,10
12.99843025,80.20754242,28457,28467,10
12.99839973,80.20761871,28467,28477,10
12.99833965,80.20794678,28477,28487,10
12.99825954,80.20842743,28487,28497,10
12.99820042,80.20897675,28497,28507,10
12.9979496,80.20929718,28507,28517,10
12.99783039,80.20951843,28517,28528,11
12.99763012,80.20995331,28528,28538,10
12.9973402,80.21048737,28538,28578,40
12.9973402,80.21048737,28578,28588,10
12.99707985,80.21048737,28588,28598,10
12.99685955,80.21044159,28598,28608,10
12.99650002,80.21038055,28608,28619,11
12.99617004,80.21032715,28619,28629,10
12.99594975,80.21031189,28629,28639,10
12.99555016,80.21025848,28639,28649,10
12.9951601,80.21024323,28649,28689,40
12.9951601,80.21024323,28689,28699,10
12.99489975,80.21022034,28699,28709,10
12.99466991,80.21018219,28709,28720,11
12.99442005,80.21013641,28720,28730,10
12.99402046,80.21012115,28730,28740,10
12.99386978,80.21011353,28740,28750,10
12.99370956,80.21012115,28750,28760,10
12.99361992,80.21025085,28760,28780,20
12.99361992,80.21025085,28780,28790,10
12.9935503,80.21050262,28790,28800,10
12.99349976,80.2106781,28800,28811,11
12.99341965,80.2110672,28811,28821,10
12.99330997,80.21157074,28821,28831,10
12.99328995,80.21166992,28831,28841,10
12.99322033,80.21196747,28841,28851,10
12.99310017,80.21240234,28851,28861,10
12.99298954,80.212883,28861,28871,10
12.99281979,80.21298218,28871,28881,10
12.99279976,80.21298218,28881,28891,10
12.99250984,80.21292114,28891,28902,11
12.99234009,80.21289063,28902,28912,10
12.99193001,80.21273804,28912,28922,10
12.99164963,80.21266937,28922,28932,10
12.9914999,80.21263885,28932,28942,10
12.99131012,80.21289063,28942,28952,10
12.99118996,80.21337891,28952,28962,10
12.9910202,80.21398926,28962,28972,10
12.99073029,80.21453094,28972,28982,10
12.99022961,80.21485138,28982,28992,10
12.98960018,80.21472931,28992,29003,11
12.98933029,80.21466064,29003,29013,10
12.98913956,80.21486664,29013,29023,10
12.98882008,80.21531677,29023,29033,10
12.98841,80.21592712,29033,29043,10
12.98803043,80.21659851,29043,29053,10
12.98775005,80.21737671,29053,29063,10
12.98754025,80.21800232,29063,29073,10
12.98742962,80.21832275,29073,29083,10
12.98701954,80.21832275,29083,29093,10
12.98690987,80.21827698,29093,29104,11
12.98666954,80.21822357,29104,29114,10
12.9861002,80.21806335,29114,29124,10
12.98521996,80.21795654,29124,29134,10
12.98423958,80.21797943,29134,29154,20
12.98423958,80.21797943,29154,29164,10
12.98394966,80.2179718,29164,29174,10
12.9833498,80.21797943,29174,29184,10
12.98260021,80.21800995,29184,29195,11
12.98176003,80.21804047,29195,29205,10
12.98097992,80.2182312,29205,29215,10
12.98027039,80.21846008,29215,29225,10
12.97966957,80.21871948,29225,29235,10
12.97906017,80.21897888,29235,29245,10
12.97865009,80.21913147,29245,29255,10
12.9780798,80.21936798,29255,29265,10
12.97735977,80.21967316,29265,29275,10
12.97655964,80.22000122,29275,29285,10
12.97583008,80.22032166,29285,29296,11
12.97566032,80.22042084,29296,29306,10
12.97558022,80.22059631,29306,29336,30
12.97558022,80.22059631,29336,29346,10
12.97556973,80.22086334,29346,29356,10
12.97574043,80.22097778,29356,30316,960
12.97595978,80.22103882,30316,30448,132
12.97595978,80.22103882,30448,30458,10
12.97593975,80.22115326,30458,30468,10
12.9760704,80.22136688,30468,30478,10
12.97649956,80.22206879,30478,30488,10
12.97649956,80.22206879,30488,30498,10
12.97677994,80.22250366,30498,30508,10
12.9771204,80.22276306,30508,30518,10
12.97751045,80.22267151,30518,30528,10
12.97752953,80.22241974,30528,30538,10
12.97751045,80.22196198,30538,30549,11
12.97749043,80.22161102,30549,30561,12
12.97745991,80.22133636,30561,30571,10
12.97729015,80.22126007,30571,30581,10
12.97679043,80.22125244,30581,30591,10
12.97624016,80.22123718,30591,30601,10
12.97585964,80.22119141,30601,30611,10
12.97552013,80.22093201,30611,30642,31
12.97552013,80.22093201,30642,30652,10
12.97535038,80.22077942,30652,30662,10
12.97533989,80.2206192,30662,30672,10
12.97546959,80.2204895,30672,30682,10
12.97564983,80.2203064,30682,30692,10
12.97607994,80.2201004,30692,30702,10
12.97673988,80.21983337,30702,30713,11
12.97760963,80.21949005,30713,30722,9
12.97836018,80.21917725,30722,30732,10
12.97883987,80.21898651,30732,30743,11
12.97947025,80.21874237,30743,30753,10
12.97996044,80.21853638,30753,30763,10
12.98040009,80.2183609,30763,30773,10
12.98097992,80.21816254,30773,30783,10
12.98165989,80.21793365,30783,30793,10
12.98241043,80.21784973,30793,30803,10
12.98318005,80.21784973,30803,30813,10
12.98373985,80.2178421,30813,30834,21
12.98400021,80.21784973,30834,30847,13
12.98466969,80.2178421,30847,30857,10
12.98548031,80.2178421,30857,30867,10
12.98633957,80.21800995,30867,30876,9
12.98727989,80.2181778,30876,30897,21
12.98727989,80.2181778,30897,30907,10
12.98740005,80.21820068,30907,30917,10
12.98754025,80.21803284,30917,30927,10
12.98766041,80.21764374,30927,30938,11
12.98785019,80.21705627,30938,30947,9
12.98806,80.21647644,30947,30958,11
12.98847008,80.21581268,30958,30968,10
12.98886967,80.21521759,30968,30978,10
12.98919964,80.21472168,30978,30988,10
12.98939991,80.21466064,30988,30998,10
12.98970032,80.21475983,30998,31008,10
12.99009991,80.21482849,31008,31018,10
12.99051952,80.21463776,31018,31028,10
12.99090958,80.2142334,31028,31039,11
12.99110031,80.21357727,31039,31049,10
12.99127007,80.21286011,31049,31059,10
12.99158955,80.21266174,31059,31079,20
12.99158955,80.21266174,31079,31089,10
12.99182034,80.21272278,31089,31099,10
12.99221039,80.21282196,31099,31109,10
12.99269962,80.21298218,31109,31119,10
12.99293041,80.21295166,31119,31130,11
12.99295998,80.21276855,31130,31140,10
12.99302006,80.2126236,31140,31150,10
12.99312973,80.21221924,31150,31160,10
12.99322987,80.2117691,31160,31170,10
12.99335957,80.21124268,31170,31180,10
12.99343967,80.21089172,31180,31190,10
12.99347973,80.21070099,31190,31200,10
12.99355984,80.21045685,31200,31210,10
12.99361992,80.21018219,31210,31220,10
12.99386024,80.21009827,31220,31261,41
12.99386024,80.21009827,31261,31271,10
12.99417019,80.21012878,31271,31281,10
12.99440956,80.21013641,31281,31291,10
12.9946804,80.21016693,31291,31301,10
12.99491978,80.21019745,31301,31311,10
12.99516964,80.21022797,31311,31322,11
12.99542046,80.21024323,31322,31331,9
12.99580956,80.210289,31331,31342,11
12.99631977,80.21034241,31342,31352,10
12.99682045,80.21041107,31352,31362,10
12.99719048,80.21045685,31362,31392,30
12.99719048,80.21045685,31392,31402,10
12.99740028,80.21031189,31402,31412,10
12.99752045,80.20999908,31412,31423,11
12.99769974,80.20955658,31423,31433,10
12.99779987,80.20939636,31433,31443,10
12.99798012,80.20922089,31443,31453,10
12.99816036,80.2088623,31453,31463,10
12.99818993,80.20845795,31463,31473,10
12.99825954,80.20813751,31473,31483,10
12.99831009,80.20790863,31483,31493,10
12.99835968,80.20757294,31493,31503,10
12.99855995,80.20744324,31503,31524,21
12.99855995,80.20744324,31524,31534,10
12.9988203,80.2074585,31534,31544,10
12.99917984,80.20752716,31544,31554,10
12.99958992,80.20761108,31554,31564,10
13.00006008,80.2077179,31564,31574,10
13.00059032,80.20781708,31574,31584,10
13.0011797,80.20809937,31584,31594,10
13.00179958,80.20839691,31594,31604,10
13.00242043,80.20871735,31604,31615,11
13.0033102,80.20919037,31615,31625,10
13.00351048,80.2095108,31625,31635,10
13.00352955,80.20973969,31635,31645,10
13.00358009,80.20996857,31645,31655,10
13.0036602,80.21044159,31655,31665,10
13.00372982,80.21103668,31665,31675,10
13.00376987,80.21172333,31675,31685,10
13.00409031,80.21205139,31685,31705,20
13.00409031,80.21205139,31705,31716,11
13.00430012,80.21211243,31716,31726,10
13.00465012,80.21230316,31726,31736,10
13.00512028,80.21257019,31736,31746,10
13.00576019,80.21289063,31746,31756,10
13.00634003,80.21273804,31756,31766,10
13.00697994,80.21273041,31766,31776,10
13.00755024,80.21279907,31776,31786,10
13.00786972,80.21304321,31786,31827,41
13.00786972,80.21304321,31827,31837,10
13.00798035,80.21315765,31837,31847,10
13.00831032,80.21331024,31847,31857,10
13.00874043,80.21363831,31857,31867,10
13.00918007,80.21424103,31867,31877,10
13.00955963,80.21478271,31877,31887,10
13.00971985,80.2150116,31887,31897,10
13.00996971,80.21536255,31897,31908,11
13.01049042,80.21594238,31908,31918,10
13.01078033,80.21656799,31918,31928,10
13.01099968,80.2171936,31928,31938,10
13.01130009,80.21788788,31938,31954,16
13.01177979,80.21920776,31954,31996,42
13.01177979,80.21920776,31996,32007,11
13.01189041,80.2195816,32007,32017,10
13.01202965,80.21994781,32017,32027,10
13.01218033,80.22055054,32027,32037,10
13.01243973,80.22113037,32037,32045,8
13.01245975,80.22116089,32045,32057,12
13.01249981,80.22129059,32057,32066,9
13.01266003,80.22158813,32066,32076,10
13.01307011,80.22205353,32076,32087,11
13.01354027,80.22267151,32087,32098,11
13.0139904,80.22328186,32098,32108,10
13.01420021,80.22350311,32108,32118,10
13.01436996,80.22368622,32118,32128,10
13.01465988,80.22402191,32128,32138,10
13.01500034,80.22450256,32138,32148,10
13.01541996,80.22485352,32148,32178,30
13.01541996,80.22485352,32178,32188,10
13.01570034,80.22511292,32188,32199,11
13.01616955,80.22530365,32199,32209,10
13.01683044,80.22518921,32209,32219,10
13.01760006,80.22489166,32219,32229,10
13.01840019,80.2245636,32229,32239,10
13.01912975,80.22434235,32239,32249,10
13.01947975,80.22438812,32249,32259,10
13.01972008,80.22451782,32259,32269,10
13.0200901,80.22476959,32269,32279,10
13.02052021,80.22509766,32279,32289,10
13.02095985,80.22541809,32289,32300,11
13.02184963,80.22608185,32300,32330,30
13.02184963,80.22608185,32330,32340,10
13.02210045,80.22627258,32340,32350,10
13.02243996,80.22660065,32350,32360,10
13.02293015,80.22702026,32360,32370,10
13.02346992,80.2275238,32370,32380,10
13.02416992,80.22815704,32380,32401,21
13.02416992,80.22815704,32401,32411,10
13.02431965,80.2283783,32411,32421,10
13.02457047,80.2287674,32421,32431,10
13.02486992,80.22918701,32431,32447,16
13.02546978,80.22998047,32447,32459,12
13.02585983,80.23062897,32459,32500,41
13.02585983,80.23062897,32500,32509,9
13.0259304,80.23078918,32509,32520,11
13.02602005,80.23110199,32520,32530,10
13.02620029,80.23135376,32530,32540,10
13.02680969,80.23116302,32540,32550,10
13.02758026,80.23097992,32550,32560,10
13.02853966,80.23085022,32560,32580,20
13.02853966,80.23085022,32580,32591,11
13.02892017,80.23081207,32591,32601,10
13.02937984,80.23078156,32601,32611,10
13.02980042,80.23074341,32611,32621,10
13.03038025,80.23069763,32621,32631,10
13.03071976,80.23068237,32631,32641,10
13.03102016,80.23065948,32641,32651,10
13.03143024,80.2306366,32651,32661,10
13.03209972,80.23058319,32661,32671,10
13.03281975,80.23052216,32671,32682,11
13.03359985,80.23043823,32682,32692,10
13.0341301,80.2303772,32692,32702,10
13.03431988,80.23036194,32702,32712,10
13.03460979,80.23027802,32712,32758,46
13.03460979,80.23027802,32758,32770,12
13.03489971,80.23018646,32770,32778,8
13.03505993,80.22998047,32778,32831,53
13.0346899,80.22981262,32831,32902,71
13.03433037,80.22971344,32902,33185,283
13.03433037,80.22971344,33185,33195,10
13.03421021,80.22988129,33195,33255,60
13.03421021,80.22988129,33255,33266,11
13.03417969,80.23005676,33266,33276,10
13.03415012,80.23032379,33276,33326,50
13.03415012,80.23032379,33326,33336,10
13.03404045,80.23045349,33336,33346,10
13.0337801,80.23042297,33346,33356,10
13.03335953,80.23046875,33356,33367,11
13.03269958,80.23052216,33367,33377,10
13.03192997,80.23059845,33377,33387,10
13.03116989,80.23065186,33387,33397,10
13.03048992,80.23074341,33397,33407,10
13.02989006,80.23078156,33407,33417,10
13.02982044,80.23079681,33417,33427,10
13.0296402,80.23084259,33427,33437,10
13.02923012,80.23087311,33437,33447,10
13.02857018,80.2309494,33447,33457,10
13.02793026,80.23103333,33457,33468,11
13.02770996,80.2313385,33468,33478,10
13.02775002,80.23193359,33478,33488,10
13.02787018,80.2325592,33488,33498,10
13.02772999,80.23284149,33498,33514,16
13.02705956,80.2329483,33514,33576,62
13.02705956,80.2329483,33576,33588,12
13.02680016,80.23297119,33588,33598,10
13.02647972,80.23297119,33598,33608,10
13.02624035,80.23249054,33608,33618,10
13.0260601,80.23178101,33618,33628,10
13.02587032,80.23103333,33628,33639,11
13.02538013,80.23004913,33639,33649,10
13.02474022,80.22920227,33649,33660,11
13.02422047,80.22853088,33660,33670,10
13.02385044,80.22808838,33670,33680,10
13.02348042,80.22769928,33680,33690,10
13.02307034,80.22743225,33690,33710,20
13.02307034,80.22743225,33710,33720,10
13.02268982,80.22705841,33720,33740,20
13.02268982,80.22705841,33740,33750,10
13.02252007,80.22678375,33750,33761,11
13.02206039,80.22637177,33761,33771,10
13.02149963,80.22592163,33771,33781,10
13.02083969,80.22540283,33781,33791,10
13.01992035,80.22483063,33791,33811,20
13.01992035,80.22483063,33811,33821,10
13.01988029,80.22479248,33821,33831,10
13.01961994,80.22464752,33831,33869,38
13.0167799,80.22534943,33869,33882,13
13.01616955,80.22554779,33882,33892,10
13.01566982,80.22572327,33892,33902,10
13.01500034,80.22599792,33902,33909,7
13.01455975,80.22618103,33909,33923,14
13.01438999,80.22625732,33923,33933,10
13.01436043,80.22628784,33933,33943,10
13.01397991,80.22640228,33943,33954,11
13.01336002,80.22660828,33954,33964,10
13.01270962,80.22683716,33964,33974,10
13.01202011,80.22711182,33974,33984,10
13.01124001,80.22741699,33984,33994,10
13.01039982,80.22775269,33994,34017,23
13.00977039,80.22707367,34017,34029,12
13.01021957,80.2260437,34029,34039,10
13.01056957,80.22528076,34039,34049,10
13.01101017,80.22422028,34049,34059,10
13.01140022,80.2232666,34059,34070,11
13.01173973,80.22229004,34070,34080,10
13.01202965,80.22142029,34080,34090,10
13.01204014,80.22068024,34090,34100,10
13.01179028,80.21993256,34100,34110,10
13.01167965,80.21968079,34110,34120,10
13.01159954,80.21943665,34120,34130,10
13.01144028,80.21888733,34130,34140,10
13.01124954,80.21826172,34140,34151,11
13.0109396,80.21749115,34151,34161,10
13.01062012,80.21674347,34161,34171,10
13.01019001,80.21600342,34171,34181,10
13.00984001,80.215271,34181,34190,9
13.0095396,80.21482849,34190,34205,15
13.0088501,80.21388245,34205,34215,10
13.00841999,80.21344757,34215,34225,10
13.00817013,80.21331787,34225,34245,20
13.00817013,80.21331787,34245,34256,11
13.00809956,80.21325684,34256,34266,10
13.00786018,80.21309662,34266,34276,10
13.00767994,80.21295166,34276,34299,23
13.00681019,80.21273804,34299,34311,12
13.00607014,80.21295166,34311,34320,9
13.00551987,80.21282959,34320,34331,11
13.00479984,80.21237946,34331,34341,10
13.00401974,80.21206665,34341,34352,11
13.00370979,80.21189117,34352,34361,9
13.00370026,80.21185303,34361,34372,11
13.00368023,80.21148682,34372,34382,10
13.00362968,80.21099854,34382,34391,9
13.00354958,80.21054077,34391,34402,11
13.00347996,80.20995331,34402,34412,10
13.00347996,80.2094574,34412,34422,10
13.00335979,80.20929718,34422,34432,10
13.00292015,80.20903778,34432,34443,11
13.00222015,80.20864868,34443,34453,10
13.00158024,80.20832062,34453,34463,10
13.0010004,80.20802307,34463,34472,9
13.00086021,80.20794678,34472,34482,10
13.00078964,80.20790863,34482,34493,11
13.00041008,80.20777893,34493,34503,10
12.99991035,80.20768738,34503,34513,10
12.99944019,80.20757294,34513,34523,10
12.99903965,80.20749664,34523,34533,10
12.99857998,80.2073822,34533,34544,11
12.99845982,80.20751953,34544,34554,10
12.99841976,80.20760345,34554,34564,10
12.99835014,80.20800781,34564,34574,10
12.99825954,80.20848846,34574,34584,10
12.99822044,80.20890808,34584,34594,10
12.99804974,80.20922089,34594,34604,10
12.99790001,80.20935822,34604,34614,10
12.99775982,80.2096405,34614,34624,10
12.99761009,80.20999146,34624,34645,21
12.99761009,80.20999146,34645,34655,10
12.99740028,80.21044159,34655,34695,40
12.99740028,80.21044159,34695,34705,10
12.99705982,80.21044159,34705,34715,10
12.99666023,80.21038055,34715,34725,10
12.99617004,80.21031952,34725,34736,11
12.99567986,80.21028137,34736,34745,9
12.99520969,80.21022797,34745,34756,11
12.99472046,80.21018219,34756,34766,10
12.99442005,80.21016693,34766,34776,10
12.99423027,80.21015167,34776,34786,10
12.99378014,80.21011353,34786,34816,30
12.99378014,80.21011353,34816,34826,10
12.99361992,80.21019745,34826,34837,11
12.99353981,80.21057892,34837,34847,10
12.99349976,80.21086121,34847,34857,10
12.99339008,80.21134186,34857,34867,10
12.99324036,80.21202087,34867,34877,10
12.99308014,80.2126236,34877,34887,10
12.99291992,80.21302032,34887,34907,20
12.99291992,80.21302032,34907,34917,10
12.99267006,80.21298218,34917,34928,11
12.99219036,80.21285248,34928,34938,10
12.99170017,80.21269989,34938,34948,10
12.99151039,80.21266174,34948,34958,10
12.9913702,80.21269989,34958,34968,10
12.99129963,80.21298218,34968,34978,10
12.99120045,80.21340942,34978,34988,10
12.99108028,80.21385193,34988,34998,10
12.99088001,80.21440125,34998,35008,10
12.99040031,80.21479797,35008,35018,10
12.98993015,80.21481323,35018,35029,11
12.98935986,80.21466064,35029,35039,10
12.98925972,80.21469116,35039,35049,10
12.98906994,80.21495056,35049,35059,10
12.98873997,80.21544647,35059,35069,10
12.98832989,80.21604156,35069,35079,10
12.98799992,80.21665955,35079,35089,10
12.98775959,80.21737671,35089,35099,10
12.98752022,80.2181015,35099,35109,10
12.98746014,80.21829987,35109,35119,10
12.98694992,80.2183075,35119,35140,21
12.98694992,80.2183075,35140,35150,10
12.98686028,80.21827698,35150,35160,10
12.98659992,80.21819305,35160,35170,10
12.9861002,80.21803284,35170,35180,10
12.9854002,80.21791077,35180,35190,10
12.98472023,80.21794128,35190,35200,10
12.98418045,80.2179718,35200,35210,10
12.98402977,80.21797943,35210,35221,11
12.98386002,80.2179718,35221,35231,10
12.98338032,80.21795654,35231,35241,10
12.98272038,80.21794891,35241,35251,10
12.98200989,80.21795654,35251,35261,10
12.9812603,80.2181015,35261,35271,10
12.98052025,80.21833801,35271,35281,10
12.97980022,80.21864319,35281,35289,8
12.97931004,80.21885681,35289,35301,12
12.97869968,80.21910095,35301,35311,10
12.97817039,80.21929169,35311,35322,11
12.97735977,80.21961975,35322,35332,10
12.97659016,80.21996307,35332,35342,10
12.97585964,80.22026062,35342,35352,10
12.97560024,80.22055817,35352,35392,40
12.97560024,80.22055817,35392,35402,10
12.97556019,80.22080231,35402,35412,10
12.97570038,80.22097778,35412,35766,354
12.97597027,80.22123718,35766,35786,20
12.97597027,80.22123718,35786,35796,10
12.97609043,80.22141266,35796,35807,11
12.97626972,80.22170258,35807,35817,10
12.97651005,80.22210693,35817,35827,10
12.97679996,80.22257996,35827,35837,10
12.97706985,80.22277069,35837,35846,9
12.97731972,80.22271729,35846,35857,11
12.97751045,80.22260284,35857,35867,10
12.97749996,80.22222137,35867,35876,9
12.97751045,80.2217865,35876,35887,11
12.97747993,80.22135925,35887,35897,10
12.97737026,80.22126007,35897,35908,11
12.97694016,80.2212677,35908,35918,10
12.9760704,80.22132111,35918,35938,20
12.9760704,80.22132111,35938,35948,10
12.97579956,80.22115326,35948,35958,10
12.97550011,80.22088623,35958,36100,142
12.97550011,80.22088623,36100,36110,10
12.97546005,80.22074127,36110,36120,10
12.97541046,80.22054291,36120,36130,10
12.97554016,80.22042084,36130,36140,10
12.97570992,80.22025299,36140,36150,10
12.97605991,80.22007751,36150,36160,10
12.97661972,80.21981049,36160,36170,10
12.97725964,80.21955109,36170,36180,10
12.97793007,80.21926117,36180,36190,10
12.97850037,80.21907043,36190,36201,11
12.97900009,80.21887207,36201,36211,10
12.97966003,80.21861267,36211,36221,10
12.97996044,80.21848297,36221,36231,10
12.98009014,80.21842194,36231,36241,10
12.98036957,80.21832275,36241,36251,10
12.98075008,80.2181778,36251,36261,10
12.98136044,80.21797943,36261,36271,10
12.98211002,80.21782684,36271,36281,10
12.98262024,80.21782684,36281,36297,16
12.98361969,80.21781921,36297,36310,13
12.98375034,80.21781921,36310,36319,9
12.98402977,80.21784973,36319,36330,11
12.98456955,80.2178421,36330,36340,10
12.98528004,80.21782684,36340,36350,10
12.98604012,80.21793365,36350,36359,9
12.98672009,80.21808624,36359,36370,11
12.98736,80.21819305,36370,36380,10
12.98742962,80.21819305,36380,36390,10
12.98756027,80.2178421,36390,36401,11
12.98777008,80.2171936,36401,36411,10
12.98803043,80.21646881,36411,36421,10
12.9883604,80.21591187,36421,36431,10
12.98863029,80.21555328,36431,36441,10
12.98880005,80.21528625,36441,36451,10
12.98896027,80.21502686,36451,36461,10
12.98919964,80.21472168,36461,36471,10
12.98939037,80.21466827,36471,36481,10
12.98946953,80.21470642,36481,36492,11
12.98991013,80.21482849,36492,36502,10
12.99040031,80.21472931,36502,36512,10
12.99088001,80.2142334,36512,36522,10
12.99110031,80.21351624,36522,36532,10
12.99127007,80.21286011,36532,36542,10
12.9916296,80.21266937,36542,36582,40
12.9916296,80.21266937,36582,36593,11
12.99186993,80.21269989,36593,36603,10
12.99223995,80.21282196,36603,36613,10
12.99273968,80.21296692,36613,36623,10
12.99291992,80.21286774,36623,36633,10
12.99293041,80.21286011,36633,36643,10
12.99302006,80.21253204,36643,36653,10
12.99314976,80.2120285,36653,36663,10
12.99330044,80.21144104,36663,36673,10
12.9934597,80.2108078,36673,36683,10
12.99351025,80.21054077,36683,36694,11
12.99355984,80.21028137,36694,36704,10
12.99378014,80.21006012,36704,36724,20
12.99378014,80.21006012,36724,36734,10
12.99384975,80.21008301,36734,36744,10
12.99413967,80.21012115,36744,36754,10
12.99456024,80.21015167,36754,36764,10
12.99473,80.2101593,36764,36774,10
12.99501038,80.21019745,36774,36785,11
12.99540997,80.21024323,36785,36795,10
12.99582005,80.21027374,36795,36805,10
12.99610043,80.21031952,36805,36815,10
12.99635983,80.21034241,36815,36825,10
12.99674034,80.21040344,36825,36835,10
12.99705982,80.21042633,36835,36916,81
12.99705982,80.21042633,36916,36926,10
12.99730015,80.21045685,36926,36936,10
12.99736023,80.21029663,36936,36946,10
12.99750042,80.20995331,36946,36956,10
12.9976902,80.20953369,36956,36966,10
12.99802017,80.20915985,36966,36976,10
12.99812031,80.20890045,36976,36987,11
12.99814987,80.20871735,36987,36997,10
12.9981699,80.20848846,36997,37007,10
12.99818993,80.20834351,37007,37017,10
12.99824047,80.20806122,37017,37027,10
12.99831009,80.20771027,37027,37037,10
12.99837971,80.20745087,37037,37047,10
12.99857998,80.20738983,37047,37078,31
12.99857998,80.20738983,37078,37088,10
12.99888039,80.20747375,37088,37108,20
12.99888039,80.20747375,37108,37118,10
12.9990797,80.20751953,37118,37128,10
12.99932003,80.20755768,37128,37138,10
12.99973011,80.2076416,37138,37148,10
13.00020027,80.2077179,37148,37158,10
13.00047016,80.20774841,37158,37168,10
13.00063992,80.20781708,37168,37179,11
13.00115967,80.20807648,37179,37189,10
13.00179958,80.20838928,37189,37199,10
13.00247002,80.20874023,37199,37209,10
13.00312042,80.20909119,37209,37219,10
13.00347996,80.20931244,37219,37229,10
13.00347042,80.20960999,37229,37239,10
13.0035696,80.2098999,37239,37249,10
13.00360966,80.21031952,37249,37259,10
13.00368023,80.21085358,37259,37269,10
13.00370979,80.21122742,37269,37280,11
13.00374031,80.21128082,37280,37290,10
13.00374031,80.21157837,37290,37300,10
13.00395012,80.21195984,37300,37310,10
13.0040102,80.21199036,37310,37320,10
13.00424004,80.21209717,37320,37330,10
13.00465012,80.21228027,37330,37340,10
13.00512028,80.2125473,37340,37350,10
13.00576973,80.21289063,37350,37360,10
13.00642014,80.21269989,37360,37370,10
13.00708961,80.21272278,37370,37381,11
13.00788021,80.21305084,37381,37421,40
13.00788021,80.21305084,37421,37431,10
13.00806046,80.21318817,37431,37441,10
13.0085001,80.21336365,37441,37451,10
13.00889969,80.21389008,37451,37461,10
13.00934029,80.21446991,37461,37472,11
13.00986004,80.21517944,37472,37482,10
13.01027966,80.21572113,37482,37492,10
13.01066017,80.21630096,37492,37502,10
13.01086998,80.21691895,37502,37512,10
13.01111031,80.21743011,37512,37522,10
13.01144028,80.21833801,37522,37532,10
13.01175976,80.21916199,37532,37542,10
13.01202011,80.21997833,37542,37552,10
13.01220036,80.22042847,37552,37562,10
13.01222038,80.22052002,37562,37573,11
13.01228046,80.22071838,37573,37583,10
13.01243019,80.22112274,37583,37593,10
13.01261997,80.22149658,37593,37603,10
13.01284027,80.22181702,37603,37613,10
13.01315022,80.22213745,37613,37623,10
13.01329041,80.22228241,37623,37633,10
13.01344013,80.22247314,37633,37643,10
13.01366997,80.22280121,37643,37653,10
13.01391029,80.22312927,37653,37663,10
13.01416016,80.22344971,37663,37674,11
13.01436996,80.22371674,37674,37684,10
13.01465034,80.22408295,37684,37694,10
13.01515007,80.22470093,37694,37734,40
13.01515007,80.22470093,37734,37744,10
13.01541042,80.2249527,37744,37754,10
13.0158596,80.22527313,37754,37765,11
13.01653004,80.22528076,37765,37775,10
13.01720047,80.22502136,37775,37785,10
13.01790047,80.22473907,37785,37795,10
13.01852989,80.22447968,37795,37805,10
13.01922035,80.22431183,37805,37815,10
13.01951981,80.22440338,37815,37825,10
13.01972961,80.22454071,37825,37835,10
13.02007008,80.22479248,37835,37845,10
13.02048969,80.22509003,37845,37855,10
13.02091026,80.22537994,37855,37866,11
13.02132034,80.2257309,37866,37876,10
13.02194023,80.22615051,37876,37896,20
13.02194023,80.22615051,37896,37906,10
13.0220499,80.22627258,37906,37916,10
13.02237034,80.22653198,37916,37926,10
13.02282047,80.22692108,37926,37936,10
13.02313042,80.22724152,37936,37946,10
13.02330971,80.22741699,37946,37956,10
13.02363968,80.22769928,37956,37973,17
13.02410984,80.22814941,37973,37985,12
13.02414989,80.22818756,37985,37995,10
13.02431011,80.22840881,37995,38004,9
13.02455997,80.22875977,38004,38015,11
13.02484035,80.22917938,38015,38025,10
13.02507973,80.2294693,38025,38035,10
13.02552032,80.23005676,38035,38045,10
13.02581978,80.23052979,38045,38056,11
13.02589035,80.23069,38056,38066,10
13.0259304,80.23087311,38066,38076,10
13.02600956,80.23117065,38076,38086,10
13.02626038,80.23126221,38086,38096,10
13.02682018,80.23111725,38096,38106,10
13.02748966,80.23095703,38106,38116,10
13.02842045,80.23085785,38116,38157,41
13.02842045,80.23085785,38157,38167,10
13.02861023,80.23085785,38167,38177,10
13.02906036,80.23082733,38177,38187,10
13.02943039,80.23078156,38187,38197,10
13.02995014,80.23071289,38197,38207,10
13.03034019,80.23068237,38207,38227,20
13.03034019,80.23068237,38227,38237,10
13.03081036,80.23065948,38237,38247,10
13.03100014,80.23065186,38247,38258,11
13.03133965,80.23062897,38258,38268,10
13.03184032,80.23059082,38268,38278,10
13.03221989,80.23056793,38278,38288,10
13.03289986,80.2305069,38288,38298,10
13.03372002,80.23046112,38298,38379,81
13.03372002,80.23046112,38379,38389,10
13.03382969,80.23049164,38389,38399,10
13.0341301,80.23045349,38399,38409,10
13.03450012,80.23036194,38409,38418,9
13.03487015,80.23021698,38418,38429,11
13.0350399,80.22994232,38429,38439,10
13.03491974,80.22981262,38439,38450,11
13.03450012,80.22976685,38450,38571,121
13.03450012,80.22976685,38571,38581,10
13.03413963,80.22998047,38581,38591,10
13.0341301,80.23027039,38591,38874,283
13.03417969,80.23046112,38874,39116,242
13.03417969,80.23046112,39116,39126,10
13.03369045,80.23047638,39126,39137,11
13.03347969,80.23049927,39137,39147,10
13.03314018,80.23052216,39147,39157,10
13.03267002,80.23052216,39157,39167,10
13.03213024,80.23059082,39167,39177,10
13.03176022,80.23062897,39177,39197,20
13.03176022,80.23062897,39197,39207,10
13.03155994,80.23065186,39207,39217,10
13.0313797,80.23066711,39217,39227,10
13.03122044,80.23069763,39227,39238,11
13.03098011,80.23071289,39238,39248,10
13.03075027,80.23074341,39248,39258,10
13.03050995,80.23075867,39258,39268,10
13.02985954,80.2308197,39268,39339,71
13.02985954,80.2308197,39339,39349,10
13.02954006,80.23085785,39349,39359,10
13.02923012,80.23088074,39359,39369,10
13.02882957,80.23088837,39369,39379,10
13.02828979,80.2309494,39379,39389,10
13.02775955,80.23101044,39389,39399,10
13.02766991,80.23121643,39399,39409,10
13.02770042,80.23171234,39409,39419,10
13.02775955,80.23217773,39419,39430,11
13.02779961,80.23278046,39430,39440,10
13.02750969,80.23282623,39440,39450,10
13.02719021,80.23291016,39450,39460,10
13.02690029,80.23294067,39460,39470,10
13.02659988,80.23300171,39470,39480,10
13.02626991,80.23259735,39480,39490,10
13.02610016,80.23197937,39490,39500,10
13.02591991,80.23136902,39500,39510,10
13.02567005,80.23061371,39510,39520,10
13.02513981,80.22975159,39520,39531,11
13.02443027,80.22882843,39531,39541,10
13.02396965,80.22823334,39541,39551,10
13.02348995,80.22770691,39551,39561,10
13.02318001,80.22753906,39561,39581,20
13.02318001,80.22753906,39581,39591,10
13.02289963,80.2273407,39591,39601,10
13.02272987,80.22717285,39601,39611,10
13.02258015,80.22688293,39611,39622,11
13.02215958,80.22648621,39622,39632,10
13.02157974,80.22602844,39632,39642,10
13.02097988,80.22557068,39642,39652,10
13.02038002,80.22515106,39652,39662,10
13.0197897,80.22477722,39662,39692,30
13.0197897,80.22477722,39692,39702,10
13.0197401,80.22477722,39702,39712,10
13.01937962,80.22460938,39712,39723,11
13.01865959,80.22457886,39723,39733,10
13.01791954,80.2248764,39733,39743,10
13.01710987,80.22519684,39743,39753,10
13.01636028,80.22550201,39753,39763,10
13.01580048,80.22566986,39763,39773,10
13.01519966,80.22589874,39773,39783,10
13.01455975,80.2261734,39783,39793,10
13.01424026,80.2263031,39793,39803,10
13.0141201,80.22634125,39803,39813,10
13.01369953,80.22644806,39813,39824,11
13.01303005,80.22667694,39824,39834,10
13.01235008,80.22698975,39834,39844,10
13.01167011,80.22722626,39844,39854,10
13.01089954,80.2275238,39854,39864,10
13.01006031,80.2278595,39864,39874,10
13.00951958,80.22773743,39874,39884,10
13.00965023,80.22724152,39884,39894,10
13.0099802,80.22651672,39894,39904,10
13.01037979,80.22563934,39904,39915,11
13.01078033,80.2246933,39915,39925,10
13.01107979,80.22393799,39925,39935,10
13.0112896,80.22341919,39935,39945,10
13.01152039,80.22289276,39945,39955,10
13.01175976,80.222229,39955,39965,10
13.01198006,80.22158813,39965,39975,10
13.01204967,80.22133636,39975,39985,10
13.01210976,80.22112274,39985,39995,10
13.01200962,80.22068787,39995,40005,10
13.01179028,80.22006226,40005,40016,11
13.01152039,80.21920013,40016,40026,10
13.01121998,80.21833801,40026,40036,10
13.01089954,80.21752167,40036,40046,10
13.01060009,80.2167511,40046,40056,10
13.01027966,80.21616364,40056,40066,10
13.00994015,80.21549225,40066,40076,10
13.00948048,80.21478271,40076,40086,10
13.00905037,80.21421814,40086,40096,10
13.00862026,80.21366119,40096,40106,10
13.00825977,80.21337891,40106,40127,21
13.00825977,80.21337891,40127,40137,10
13.00817966,80.21334076,40137,40147,10
13.0080204,80.21327209,40147,40157,10
13.00784969,80.2131424,40157,40167,10
13.00765991,80.21295929,40167,40177,10
13.0072403,80.21282959,40177,40193,16
13.00638008,80.21279144,40193,40205,12
13.00568008,80.21295929,40205,40216,11
13.00498009,80.21253967,40216,40226,10
13.00422955,80.21218109,40226,40236,10
13.00366974,80.21189117,40236,40246,10
13.00362968,80.21141052,40246,40256,10
13.00358963,80.21089172,40256,40266,10
13.00352955,80.21032715,40266,40276,10
13.00349998,80.20980835,40276,40286,10
13.0034399,80.2093277,40286,40296,10
13.00302029,80.20909882,40296,40307,11
13.00238037,80.20874786,40307,40318,11
13.00183964,80.20848083,40318,40328,10
13.00129986,80.20822144,40328,40338,10
13.00078011,80.20797729,40338,40348,10
13.00039959,80.20781708,40348,40358,10
12.99999046,80.2077713,40358,40368,10
12.99944019,80.20765686,40368,40378,10
12.99899006,80.20761871,40378,40388,10
12.99868965,80.20751953,40388,40398,10
12.99862957,80.20749664,40398,40409,11
12.99835968,80.20747375,40409,40429,20
12.99835968,80.20747375,40429,40439,10
12.99835014,80.20767212,40439,40449,10
12.99831009,80.20791626,40449,40459,10
12.99824047,80.20826721,40459,40469,10
12.99820042,80.20858002,40469,40479,10
12.99816036,80.2089386,40479,40489,10
12.99808979,80.20909119,40489,40499,10
12.99783993,80.20939636,40499,40510,11
12.99765015,80.20983887,40510,40520,10
12.99740982,80.21031189,40520,40530,10
12.99722004,80.21044159,40530,40540,10
12.99701977,80.21044922,40540,40550,10
12.99660969,80.21040344,40550,40560,10
12.99635029,80.21038055,40560,40570,10
12.99627018,80.21035767,40570,40580,10
12.99613953,80.21031952,40580,40590,10
12.99592018,80.21031189,40590,40601,11
12.99551964,80.21025848,40601,40611,10
12.99522972,80.21024323,40611,40621,10
12.99479008,80.21018982,40621,40631,10
12.99454021,80.21016693,40631,40641,10
12.99417973,80.2101593,40641,40651,10
12.99403954,80.21015167,40651,40661,10
12.99386978,80.21012878,40661,40671,10
12.99361038,80.21012878,40671,40702,31
12.99361038,80.21012878,40702,40712,10
12.99349976,80.21060181,40712,40722,10
12.99341965,80.21098328,40722,40732,10
12.99326992,80.21157074,40732,40742,10
12.99312019,80.21218872,40742,40752,10
12.99295998,80.21282196,40752,40762,10
12.99281025,80.21299744,40762,40772,10
12.99246025,80.21292114,40772,40782,10
12.99201012,80.21282196,40782,40792,10
12.99157047,80.21269989,40792,40803,11
12.99129009,80.21295166,40803,40813,10
12.99112034,80.21353912,40813,40823,10
12.99098015,80.21405792,40823,40833,10
12.99090004,80.2142868,40833,40843,10
12.99057961,80.21465302,40843,40853,10
12.99009037,80.21485901,40853,40869,16
12.9893198,80.21466827,40869,40881,12
12.98906994,80.21489716,40881,40890,9
12.98878002,80.21533966,40890,40902,12
12.98830986,80.21601105,40902,40912,10
12.98799992,80.21658325,40912,40922,10
12.98777008,80.2171936,40922,40931,9
12.98746014,80.21819305,40931,40952,21
12.98746014,80.21819305,40952,40962,10
12.98717976,80.21833801,40962,40972,10
12.98686981,80.21826172,40972,40982,10
12.98676014,80.2182312,40982,40993,11
12.98639011,80.21813965,40993,41003,10
12.98583031,80.21800232,41003,41013,10
12.98503017,80.21794891,41013,41023,10
12.98439026,80.21797943,41023,41033,10
12.98406982,80.21800232,41033,41043,10
12.98388958,80.21800232,41043,41053,10
12.9833498,80.21800995,41053,41063,10
12.98272038,80.21800232,41063,41073,10
12.98204994,80.21800995,41073,41083,10
12.98134995,80.2181015,41083,41094,11
12.98064041,80.21832275,41094,41104,10
12.98011017,80.21851349,41104,41114,10
12.97986984,80.21859741,41114,41124,10
12.9795599,80.21872711,41124,41134,10
12.9790802,80.21891785,41134,41144,10
12.97856998,80.2191391,41144,41154,10
12.97791004,80.21941376,41154,41164,10
12.97714043,80.21974182,41164,41174,10
12.97636032,80.22006989,41174,41184,10
12.97593975,80.22026825,41184,41265,81
12.97593975,80.22026825,41265,41275,10
12.97556973,80.22045135,41275,41292,17
12.97566032,80.22086334,41292,41869,577
12.97566032,80.22086334,41869,41880,11
12.97574997,80.22107697,41880,41890,10
12.97593975,80.22126007,41890,41900,10
12.97595024,80.2212677,41900,41910,10
12.97605991,80.22142029,41910,41920,10
12.97628975,80.22180176,41920,41930,10
12.97665977,80.2223587,41930,41940,10
12.97702026,80.22276306,41940,41950,10
12.97745991,80.22270203,41950,41960,10
12.97749996,80.22241211,41960,41970,10
12.97749996,80.22200775,41970,41981,11
12.97747993,80.22161102,41981,41991,10
12.97745991,80.22141266,41991,42001,10
12.97733021,80.22128296,42001,42011,10
12.97698975,80.22128296,42011,42021,10
12.97647953,80.22128296,42021,42031,10
12.97603035,80.22131348,42031,42071,40
12.97603035,80.22131348,42071,42082,11
12.97572041,80.22116852,42082,42092,10
12.97550011,80.22097778,42092,42102,10
12.9752903,80.22068024,42102,42112,10
12.97535038,80.22059631,42112,42122,10
12.97546959,80.22048187,42122,42132,10
12.97568989,80.22032166,42132,42142,10
12.97605991,80.22013855,42142,42152,10
12.97663975,80.21988678,42152,42162,10
12.97735977,80.2195816,42162,42172,10
12.9780798,80.2192688,42172,42183,11
12.97863007,80.21904755,42183,42193,10
12.97924042,80.21881104,42193,42203,10
12.97976971,80.21858978,42203,42213,10
12.98011971,80.21843719,42213,42223,10
12.98054981,80.21826935,42223,42233,10
12.98118973,80.21806335,42233,42243,10
12.98194981,80.21788025,42243,42253,10
12.98268032,80.21787262,42253,42263,10
12.9834404,80.21785736,42263,42274,11
12.98375034,80.21785736,42274,42284,10
12.98384953,80.21787262,42284,42294,10
12.98419952,80.2179184,42294,42304,10
12.98464966,80.21790314,42304,42314,10
12.98538017,80.21788788,42314,42324,10
12.9862299,80.21804047,42324,42334,10
12.98698997,80.2181778,42334,42344,10
12.98736,80.2182312,42344,42354,10
12.98746967,80.21816254,42354,42364,10
12.98754025,80.21782684,42364,42375,11
12.98771,80.21737671,42375,42385,10
12.98789024,80.21682739,42385,42395,10
12.98812008,80.21626282,42395,42405,10
12.98828983,80.21604156,42405,42415,10
12.98851967,80.21569824,42415,42425,10
12.98880005,80.21527863,42425,42435,10
12.98911953,80.21479797,42435,42445,10
12.98933983,80.21466827,42445,42455,10
12.98937035,80.21468353,42455,42465,10
12.98972034,80.21475983,42465,42476,11
12.99028015,80.21476746,42476,42486,10
12.99079037,80.21437836,42486,42496,10
12.99102974,80.21376801,42496,42506,10
12.99118996,80.21309662,42506,42516,10
12.99160957,80.212677,42516,42536,20
12.99160957,80.212677,42536,42546,10
12.9918499,80.21276093,42546,42556,10
12.99225998,80.21283722,42556,42566,10
12.99271965,80.21296692,42566,42577,11
12.99287987,80.2129364,42577,42587,10
12.99293995,80.21273041,42587,42597,10
12.99306965,80.21231079,42597,42607,10
12.99320984,80.21173859,42607,42617,10
12.99337006,80.21124268,42617,42627,10
12.9934597,80.21082306,42627,42637,10
12.99359035,80.21031952,42637,42668,31
12.99359035,80.21031952,42668,42678,10
12.99376011,80.21012878,42678,42688,10
12.99394035,80.21012878,42688,42697,9
12.99429989,80.2101593,42697,42708,11
12.99468994,80.21019745,42708,42718,10
12.99518967,80.21024323,42718,42728,10
12.99571037,80.210289,42728,42738,10
12.99612999,80.21031952,42738,42748,10
12.99658966,80.21037292,42748,42758,10
12.99717999,80.21045685,42758,42779,21
12.99717999,80.21045685,42779,42789,10
12.99738026,80.210289,42789,42799,10
12.99752045,80.20996094,42799,42809,10
12.99771976,80.20948792,42809,42819,10
12.99806023,80.20906067,42819,42829,10
12.99814987,80.20861053,42829,42839,10
12.99824047,80.20810699,42839,42849,10
12.99835014,80.20764923,42849,42859,10
12.99849033,80.20747375,42859,42870,11
12.99857044,80.2074585,42870,42880,10
12.99872017,80.2074585,42880,42890,10
12.99901962,80.20749664,42890,42900,10
12.9994297,80.20758057,42900,42910,10
12.99991035,80.20767975,42910,42920,10
13.00035954,80.2077713,42920,42929,9
13.00078011,80.20790863,42929,42940,11
13.00129032,80.2081604,42940,42950,10
13.00181007,80.20841217,42950,42960,10
13.00245953,80.20874023,42960,42971,11
13.00319958,80.20913696,42971,42981,10
13.00349998,80.20941925,42981,42991,10
13.00347996,80.20961761,42991,43001,10
13.00354004,80.2098465,43001,43011,10
13.00362015,80.21031189,43011,43021,10
13.00370979,80.21092224,43021,43031,10
13.00374985,80.21157837,43031,43041,10
13.00393963,80.21198273,43041,43051,10
13.00450039,80.21221161,43051,43062,11
13.00514984,80.21256256,43062,43072,10
13.00586987,80.212883,43072,43082,10
13.00654984,80.21266937,43082,43092,10
13.00716019,80.21273804,43092,43102,10
13.00788021,80.21311188,43102,43122,20
13.00788021,80.21311188,43122,43132,10
13.00804043,80.21320343,43132,43142,10
13.00819969,80.21327209,43142,43152,10
13.00848007,80.21337128,43152,43163,11
13.00887012,80.21389008,43163,43173,10
13.00934982,80.21453857,43173,43183,10
13.00977993,80.21511078,43183,43193,10
13.01010036,80.21559906,43193,43203,10
13.01058006,80.21621704,43203,43213,10
13.01084995,80.21700287,43213,43223,10
13.01123047,80.21784973,43223,43233,10
13.01158047,80.21877289,43233,43243,10
13.01194,80.21981049,43243,43253,10
13.01220036,80.22055817,43253,43264,11
13.01222992,80.22070313,43264,43274,10
13.01237965,80.22112274,43274,43284,10
13.01261997,80.22151947,43284,43293,9
13.0128603,80.2218399,43293,43304,11
13.01307011,80.22206116,43304,43314,10
13.01329994,80.22234344,43314,43324,10
13.01352024,80.22267151,43324,43334,10
13.01373959,80.22296143,43334,43344,10
13.01393032,80.22322083,43344,43365,21
13.01393032,80.22322083,43365,43375,10
13.01430988,80.22363281,43375,43385,10
13.01457024,80.22387695,43385,43395,10
13.01486015,80.22438049,43395,43405,10
13.01556015,80.22502899,43405,43425,20
13.01556015,80.22502899,43425,43435,10
13.0157299,80.22516632,43435,43445,10
13.01626015,80.22530365,43445,43456,11
13.01702023,80.2250824,43456,43466,10
13.01774025,80.22480011,43466,43476,10
13.01850033,80.2244873,43476,43486,10
13.01918983,80.22429657,43486,43496,10
13.01939964,80.22434998,43496,43506,10
13.01953983,80.22442627,43506,43516,10
13.01976967,80.22457123,43516,43526,10
13.02015972,80.22486877,43526,43536,10
13.02056026,80.22515106,43536,43546,10
13.02085972,80.22537994,43546,43557,11
13.02118015,80.22566986,43557,43567,10
13.02188015,80.22615814,43567,43587,20
13.02188015,80.22615814,43587,43597,10
13.02206039,80.22628021,43597,43607,10
13.02247047,80.22664642,43607,43617,10
13.02299976,80.22712708,43617,43627,10
13.0235796,80.22766876,43627,43637,10
13.0240202,80.22808838,43637,43648,11
13.02420044,80.22831726,43648,43658,10
13.02437973,80.2285614,43658,43668,10
13.02439022,80.22857666,43668,43678,10
13.02445984,80.22866058,43678,43688,10
13.02457047,80.2288208,43688,43698,10
13.0248003,80.22914886,43698,43708,10
13.02509022,80.22952271,43708,43718,10
13.02548027,80.23001862,43718,43727,9
13.02587986,80.23069763,43727,43779,52
13.02587986,80.23069763,43779,43789,10
13.02587986,80.23088074,43789,43799,10
13.02595043,80.23110962,43799,43809,10
13.02593994,80.23127747,43809,43819,10
13.02620029,80.23132324,43819,43829,10
13.0267601,80.23119354,43829,43839,10
13.02725983,80.23107147,43839,43850,11
13.02760029,80.23100281,43850,43860,10
13.02772999,80.23097992,43860,43870,10
13.02799034,80.23094177,43870,43910,40
13.02799034,80.23094177,43910,43920,10
13.0282402,80.23090363,43920,43930,10
13.02826023,80.23090363,43930,43940,10
13.02847958,80.23088837,43940,43951,11
13.02886963,80.23082733,43951,43991,40
13.02886963,80.23082733,43991,44001,10
13.02912045,80.2307663,44001,44011,10
13.02960968,80.23075104,44011,44041,30
13.02960968,80.23075104,44041,44052,11
13.03005981,80.23072815,44052,44062,10
13.03030014,80.23071289,44062,44072,10
13.03055,80.23069,44072,44082,10
13.03094959,80.23065948,44082,44092,10
13.03127956,80.23062897,44092,44102,10
13.03178978,80.23059082,44102,44112,10
13.03236008,80.23055267,44112,44122,10
13.03287983,80.23052216,44122,44132,10
13.03345966,80.23047638,44132,44143,11
13.03398037,80.2304306,44143,44153,10
13.03454971,80.23033905,44153,44233,80
13.03454971,80.23033905,44233,44244,11
13.03495026,80.23023224,44244,44254,10
13.03505039,80.2300415,44254,44264,10
13.03497028,80.22988892,44264,44274,10
13.03479958,80.22988129,44274,44425,151
13.03479958,80.22988129,44425,44436,11
13.03452015,80.2297821,44436,44526,90
13.03452015,80.2297821,44526,44537,11
13.03419971,80.23020172,44537,44648,111
13.03419971,80.23020172,44648,44658,10
13.03417969,80.23049927,44658,44668,10
13.03398037,80.23049927,44668,44678,10
13.03365993,80.23047638,44678,44688,10
13.0336504,80.23046875,44688,44698,10
13.0333004,80.23047638,44698,44708,10
13.03273964,80.23055267,44708,44718,10
13.03209972,80.23062134,44718,44728,10
13.03124046,80.23068237,44728,44799,71
13.03124046,80.23068237,44799,44809,10
13.03100014,80.23071289,44809,44819,10
13.0306797,80.23074341,44819,44830,11
13.03013992,80.23082733,44830,44850,20
13.02982998,80.23085785,44850,44870,20
13.02982998,80.23085785,44870,44880,10
13.02952003,80.23088074,44880,44890,10
13.02902985,80.23095703,44890,44900,10
13.02838039,80.23104095,44900,44910,10
13.02772045,80.2310791,44910,44920,10
13.02762032,80.23135376,44920,44931,11
13.0276804,80.23194122,44931,44941,10
13.02781963,80.23262787,44941,44951,10
13.02754974,80.23284912,44951,44961,10
13.02702999,80.23294067,44961,45002,41
13.02702999,80.23294067,45002,45011,9
13.02678013,80.2329483,45011,45022,11
13.02639961,80.2326889,45022,45034,12
13.02612972,80.23187256,45034,45044,10
13.02589989,80.23104858,45044,45054,10
13.02548027,80.23017883,45054,45064,10
13.02495003,80.22944641,45064,45074,10
13.02476025,80.22924042,45074,45084,10
13.0247097,80.22917175,45084,45094,10
13.02453041,80.22897339,45094,45104,10
13.02425003,80.22862244,45104,45114,10
13.02390003,80.22814178,45114,45125,11
13.02340031,80.22763062,45125,45135,10
13.0230999,80.22747803,45135,45205,70
13.0230999,80.22747803,45205,45215,10
13.02262974,80.22717285,45215,45226,11
13.02250004,80.22685242,45226,45236,10
13.02213001,80.22653961,45236,45246,10
13.02159977,80.22609711,45246,45262,16
13.02058983,80.22531891,45262,45274,12
13.02011013,80.22501373,45274,45284,10
13.02003956,80.22496033,45284,45293,9
13.01972961,80.22473145,45293,45304,11
13.01896954,80.22453308,45304,45314,10
13.01821995,80.22476196,45314,45325,11
13.01733017,80.22511292,45325,45335,10
13.01661968,80.22538757,45335,45345,10
13.01630974,80.22548676,45345,45355,10
13.01597023,80.22561646,45355,45365,10
13.01546001,80.22580719,45365,45375,10
13.01494026,80.22602081,45375,45384,9
13.01438046,80.22625732,45384,45405,21
13.01438046,80.22625732,45405,45416,11
13.01432991,80.22628021,45416,45426,10
13.01401043,80.22638702,45426,45436,10
13.01350975,80.22653961,45436,45446,10
13.01294041,80.22676086,45446,45456,10
13.01222992,80.22707367,45456,45466,10
13.01142025,80.22736359,45466,45476,10
13.01056004,80.22769928,45476,45486,10
13.00986958,80.22795105,45486,45496,10
13.00948048,80.22767639,45496,45506,10
13.00969982,80.22712708,45506,45517,11
13.01006985,80.22628784,45517,45527,10
13.01037025,80.22553253,45527,45537,10
13.01054955,80.22511292,45537,45547,10
13.01074982,80.22464752,45547,45557,10
13.01095963,80.22403717,45557,45567,10
13.01113987,80.22364807,45567,45577,10
13.01121998,80.22348022,45577,45587,10
13.0113802,80.22309113,45587,45597,10
13.01161957,80.2224884,45597,45607,10
13.01189995,80.22171783,45607,45618,11
13.01210976,80.22091675,45618,45628,10
13.01191044,80.22023773,45628,45638,10
13.01167965,80.21949768,45638,45648,10
13.01142025,80.21871948,45648,45658,10
13.01111031,80.21793365,45658,45668,10
13.01076984,80.21710205,45668,45678,10
13.01047039,80.21643829,45678,45688,10
13.01000023,80.21555328,45688,45698,10
13.00979042,80.2151413,45698,45708,10
13.00949001,80.21472168,45708,45719,11
13.00897026,80.21408081,45719,45729,10
13.00846958,80.21349335,45729,45739,10
13.00806046,80.21327972,45739,45749,10
13.00804996,80.21327972,45749,45759,10
13.00792027,80.21321869,45759,45769,10
13.00790977,80.21321869,45769,45779,10
13.00767994,80.21302795,45779,45788,9
13.00739002,80.21289825,45788,45799,11
13.00687981,80.2128067,45799,45810,11
13.00625992,80.21286011,45810,45820,10
13.00562954,80.21295166,45820,45830,10
13.00498962,80.21257019,45830,45840,10
13.00459957,80.21237183,45840,45850,10
13.00397015,80.21214294,45850,45860,10
13.00327969,80.21212006,45860,45870,10
13.00302982,80.21211243,45870,45880,10
13.00269032,80.21212006,45880,45890,10
13.00220013,80.21227264,45890,45900,10
13.00212955,80.21231842,45900,45911,11
13.00183964,80.21250916,45911,45921,10
13.00144005,80.21282959,45921,45931,10
13.0009203,80.2131424,45931,45941,10
13.00041008,80.21360016,45941,45951,10
12.99983978,80.21412659,45951,45961,10
12.99950981,80.21444702,45961,45971,10
12.99911022,80.21479034,45971,45981,10
12.9988203,80.2150116,45981,45990,9
12.99843025,80.21530151,45990,46002,12
12.99738026,80.21620178,46002,46022,20
12.99738026,80.21620178,46022,46032,10
12.99726009,80.21643829,46032,46042,10
12.99697018,80.21653748,46042,46052,10
12.99658966,80.21656036,46052,46062,10
12.99652004,80.21656799,46062,46072,10
12.99629974,80.2166214,46072,46082,10
12.99592018,80.21669769,46082,46092,10
12.99586964,80.21671295,46092,46103,11
12.99571991,80.2167511,46103,46113,10
12.99553013,80.21681976,46113,46123,10
12.99536037,80.2168808,46123,46133,10
12.99518967,80.21695709,46133,46143,10
12.99495983,80.21710205,46143,46153,10
12.99472046,80.2172699,46153,46163,10
12.99435997,80.21755981,46163,46173,10
12.99403,80.21784973,46173,46183,10
12.99353981,80.21822357,46183,46193,10
12.99289036,80.21862793,46193,46204,11
12.99225998,80.21910095,46204,46214,10
12.99158955,80.2195816,46214,46224,10
12.99085999,80.22013092,46224,46244,20
12.99085999,80.22013092,46244,46254,10
12.99055958,80.22033691,46254,46264,10
12.99005985,80.22073364,46264,46274,10
12.98952961,80.22129822,46274,46284,10
12.98904037,80.2219162,46284,46294,10
12.98849964,80.22254181,46294,46305,11
12.98781013,80.22303772,46305,46315,10
12.98758984,80.22309875,46315,46325,10
12.98756027,80.22310638,46325,46335,10
12.98721981,80.2230835,46335,46345,10
12.98672009,80.22296906,46345,46355,10
12.9861002,80.22296906,46355,46365,10
12.98550987,80.22322083,46365,46375,10
12.98497963,80.22318268,46375,46385,10
12.98441029,80.22290039,46385,46396,11
12.98338032,80.22231293,46396,46426,30
12.98338032,80.22231293,46426,46436,10
12.98320007,80.22219849,46436,46446,10
12.98289967,80.22205353,46446,46456,10
12.9828701,80.22202301,46456,46466,10
12.98260975,80.22193146,46466,46476,10
12.98209953,80.22174835,46476,46497,21
12.98209953,80.22174835,46497,46507,10
12.98174,80.22151184,46507,46517,10
12.98114967,80.22129822,46517,46527,10
12.98036957,80.22123718,46527,46537,10
12.97953033,80.22119141,46537,46547,10
12.97881985,80.22116852,46547,46557,10
12.9783802,80.22116089,46557,46567,10
12.97776985,80.22119141,46567,46577,10
12.97704983,80.22125244,46577,46587,10
12.97646999,80.22122192,46587,46598,11
12.97616005,80.22141266,46598,46608,10
12.97620964,80.22157288,46608,46618,10
12.97640038,80.22187042,46618,46648,30
12.97640038,80.22187042,46648,46658,10
12.97651958,80.22216034,46658,46668,10
12.97681999,80.22263336,46668,46678,10
12.97710037,80.22306061,46678,46694,16
12.97780991,80.22418213,46694,46707,13
12.97821045,80.22483063,46707,46717,10
12.97844028,80.22519684,46717,46727,10
12.97885036,80.22585297,46727,46736,9
12.97916031,80.22637939,46736,46747,11
12.97951984,80.22698212,46747,46757,10
12.97988987,80.22759247,46757,46767,10
12.98034954,80.22837067,46767,46777,10
12.98077965,80.2290802,46777,46787,10
12.98106956,80.22956848,46787,46798,11
12.98145962,80.23016357,46798,46808,10
12.98165989,80.23046875,46808,46818,10
12.98169041,80.23049927,46818,46828,10
12.98184013,80.23085022,46828,46838,10
12.98198986,80.23142242,46838,46854,16
12.9819603,80.23258209,46854,46866,12
12.98169994,80.23327637,46866,46874,8
12.98159027,80.23355103,46874,46886,12
12.98151016,80.23370361,46886,46897,11
12.9812603,80.23426819,46897,46907,10
12.98120022,80.23497009,46907,46917,10
12.98122978,80.23574066,46917,46927,10
12.98124027,80.23625183,46927,46937,10
12.9812603,80.23638916,46937,46947,10
12.9812603,80.2368927,46947,46957,10
12.98128033,80.23770905,46957,46967,10
12.98130035,80.23867798,46967,46988,21
12.98130035,80.23867798,46988,46998,10
12.98128033,80.23889923,46998,47008,10
12.98128986,80.23940277,47008,47018,10
12.98130989,80.2399826,47018,47029,11
12.98132992,80.24079132,47029,47039,10
12.98134041,80.24159241,47039,47049,10
12.98134995,80.24234772,47049,47059,10
12.98134041,80.24288177,47059,47069,10
12.98134041,80.2428894,47069,47079,10
12.98136997,80.24320221,47079,47090,11
12.98132038,80.24373627,47090,47100,10
12.98122025,80.24452209,47100,47110,10
12.98110008,80.24542236,47110,47120,10
12.98097992,80.24643707,47120,47130,10
12.98087978,80.24752808,47130,47139,9
12.98079014,80.24852753,47139,47149,10
12.98073006,80.24933624,47149,47159,10
12.98058987,80.25009918,47159,47170,11
12.98038006,80.25099182,47170,47180,10
12.98015976,80.25187683,47180,47191,11
12.98009014,80.25221252,47191,47201,10
12.98007965,80.25228119,47201,47211,10
12.98017979,80.25254059,47211,47221,10
12.9805603,80.25260925,47221,47231,10
12.98116016,80.25260162,47231,47241,10
12.9819603,80.25257111,47241,47251,10
12.98287964,80.25253296,47251,47261,10
12.98384953,80.25234985,47261,47271,10
12.98476028,80.25209808,47271,47282,11
12.98558044,80.25189209,47282,47292,10
12.98614025,80.25171661,47292,47302,10
12.98641968,80.25164032,47302,47322,20
12.98641968,80.25164032,47322,47332,10
12.98657036,80.25161743,47332,47342,10
12.98690987,80.25153351,47342,47352,10
12.98733997,80.25141144,47352,47362,10
12.98783016,80.25141907,47362,47372,10
12.98799038,80.25186157,47372,47383,11
12.98801994,80.25209808,47383,47393,10
12.98799992,80.25250244,47393,47403,10
12.98793983,80.25299072,47403,47413,10
12.98789024,80.25357056,47413,47423,10
12.98783016,80.25418854,47423,47433,10
12.98775005,80.25482178,47433,47443,10
12.98768044,80.25525665,47443,47625,182
12.98768044,80.25525665,47625,47635,10
12.98754978,80.25528717,47635,47665,30
12.98754978,80.25528717,47665,47676,11
12.9875803,80.25543213,47676,47686,10
12.9875803,80.2558136,47686,47696,10
12.98754025,80.25621796,47696,47706,10
12.9874897,80.25668335,47706,47716,10
12.98740959,80.2572937,47716,47726,10
12.98738003,80.25798035,47726,47736,10
12.98729992,80.25843048,47736,47787,51
12.98729992,80.25843048,47787,47797,10
12.98709011,80.25852203,47797,48239,442
12.98709011,80.25852203,48239,48249,10
12.98676968,80.2587204,48249,49361,1112
12.98680019,80.25868225,49361,49785,424
12.98680019,80.25868225,49785,49795,10
12.98672962,80.25885773,49795,49805,10
12.98674011,80.25906372,49805,49815,10
12.98696995,80.2591095,49815,49856,41
12.98696995,80.2591095,49856,49866,10
12.98721981,80.25914001,49866,49876,10
12.98733997,80.25878143,49876,49886,10
12.98733044,80.25856018,49886,49896,10
12.98735046,80.25816345,49896,49906,10
12.98740005,80.25753784,49906,49916,10
12.9874897,80.25653839,49916,49937,21
12.9874897,80.25653839,49937,49947,10
12.98752975,80.25630951,49947,49957,10
12.98756027,80.25579834,49957,49967,10
12.98768044,80.25518036,49967,49977,10
12.98768044,80.25485992,49977,49987,10
12.98768044,80.25480652,49987,49997,10
12.98771954,80.25437927,49997,50007,10
12.98779011,80.25361633,50007,50017,10
12.98787022,80.25263977,50017,50027,10
12.98785973,80.25209808,50027,50048,21
12.98785973,80.25209808,50048,50058,10
12.98783016,80.25202179,50058,50068,10
12.98773003,80.25166321,50068,50084,16
12.9875803,80.25160217,50084,50096,12
12.98707962,80.25161743,50096,50104,8
12.98647022,80.25177002,50104,50115,11
12.98550987,80.25200653,50115,50126,11
12.98431969,80.25231934,50126,50137,11
12.9830904,80.25260162,50137,50146,9
12.98208046,80.25267029,50146,50157,11
12.98085976,80.25270081,50157,50167,10
12.97996044,80.25270844,50167,50238,71
12.97996044,80.25270844,50238,50248,10
12.97986031,80.25216675,50248,50268,20
12.97986031,80.25216675,50268,50278,10
12.97994995,80.25192261,50278,50288,10
12.98013973,80.25137329,50288,50298,10
12.98042011,80.2505188,50298,50307,9
12.98062038,80.24967194,50307,50318,11
12.98071957,80.24852753,50318,50329,11
12.98079967,80.24733734,50329,50339,10
12.9809103,80.2461319,50339,50349,10
12.98106003,80.24490356,50349,50359,10
12.98114967,80.24395752,50359,50369,10
12.98120975,80.2436676,50369,50379,10
12.98130989,80.24336243,50379,50389,10
12.98132038,80.24279785,50389,50409,20
12.98132038,80.24279785,50409,50419,10
12.98130035,80.24278259,50419,50430,11
12.98130989,80.24230957,50430,50440,10
12.98130035,80.24156189,50440,50450,10
12.98130035,80.24063873,50450,50460,10
12.98128986,80.23989868,50460,50470,10
12.98128033,80.23944855,50470,50480,10
12.9812603,80.23901367,50480,50490,10
12.98124981,80.23854065,50490,50500,10
12.98122978,80.23799896,50500,50520,20
12.98122978,80.23799896,50520,50531,11
12.98122025,80.23783112,50531,50541,10
12.98120022,80.23732758,50541,50551,10
12.98118973,80.23658752,50551,50561,10
12.9811697,80.23586273,50561,50571,10
12.98116016,80.23509979,50571,50581,10
12.98118973,80.23433685,50581,50591,10
12.98163986,80.23327637,50591,50611,20
12.98163986,80.23327637,50611,50622,11
12.98180962,80.23291779,50622,50632,10
12.98196983,80.23236084,50632,50642,10
12.9819603,80.23190308,50642,50652,10
12.98192024,80.23136902,50652,50662,10
12.98174,80.23085785,50662,50672,10
12.98141956,80.23026276,50672,50682,10
12.98101044,80.22960663,50682,50692,10
12.98077965,80.22923279,50692,50702,10
12.98062038,80.22899628,50702,50712,10
12.98054981,80.22888184,50712,50723,11
12.98042011,80.22865295,50723,50733,10
12.98023033,80.22824097,50733,50743,10
12.98007011,80.22795868,50743,50753,10
12.97972012,80.22738647,50753,50763,10
12.97931957,80.22672272,50763,50773,10
12.97902012,80.22621918,50773,50783,10
12.9786396,80.2256012,50783,50793,10
12.97817993,80.22486877,50793,50803,10
12.97784042,80.22442627,50803,50813,10
12.97774982,80.22428131,50813,50824,11
12.97764015,80.22406006,50824,50834,10
12.97733974,80.22355652,50834,50844,10
12.97696018,80.22293091,50844,50854,10
12.97663975,80.22239685,50854,50864,10
12.97622967,80.22174072,50864,50874,10
12.97560024,80.2210083,50874,50894,20
12.97560024,80.2210083,50894,50904,10
12.97537041,80.22077942,50904,50914,10
12.97535992,80.22059631,50914,50925,11
12.97546959,80.22045898,50925,50935,10
12.97562027,80.22032928,50935,50945,10
12.97605038,80.2201004,50945,50955,10
12.97669983,80.21977234,50955,50965,10
12.97716045,80.2195816,50965,50975,10
12.97782993,80.21930695,50975,50985,10
12.97846985,80.21904755,50985,50995,10
12.97908974,80.21884155,50995,51005,10
12.9796896,80.2186203,51005,51021,16
12.98023033,80.21838379,51021,51034,13
12.98108006,80.21807861,51034,51044,10
12.98180962,80.21788788,51044,51054,10
12.98254013,80.21784973,51054,51063,9
12.98377991,80.21782684,51063,51084,21
12.98377991,80.21782684,51084,51094,10
12.98404026,80.21785736,51094,51104,10
12.98464966,80.2178421,51104,51115,11
12.98561954,80.21785736,51115,51125,10
12.98659039,80.21807098,51125,51135,10
12.98729992,80.2181778,51135,51145,10
12.98736,80.2181778,51145,51155,10
12.98744011,80.21813202,51155,51165,10
12.98758984,80.21764374,51165,51175,10
12.98785973,80.21690369,51175,51185,10
12.98814964,80.21617889,51185,51195,10
12.98863983,80.21552277,51195,51205,10
12.98908043,80.21484375,51205,51216,11
12.98939991,80.21466827,51216,51226,10
12.9895401,80.2147522,51226,51236,10
12.99015045,80.21482086,51236,51246,10
12.99081039,80.21430969,51246,51256,10
12.99106026,80.21353149,51256,51266,10
12.99127007,80.2127533,51266,51276,10
12.99153996,80.2126236,51276,51286,10
12.99153996,80.21263123,51286,51296,10
12.99193954,80.2127533,51296,51306,10
12.99263,80.21292877,51306,51317,11
12.99287987,80.212883,51317,51327,10
12.99300957,80.21237183,51327,51337,10
12.99318027,80.21174622,51337,51347,10
12.99337959,80.21092987,51347,51357,10
12.99351978,80.21019745,51357,51367,10
12.99370003,80.21008301,51367,51377,10
12.99402046,80.21011353,51377,51387,10
12.99438953,80.21015167,51387,51397,10
12.99483967,80.21019745,51397,51408,11
12.99534988,80.21022797,51408,51418,10
12.99604034,80.21029663,51418,51428,10
12.99664974,80.21038055,51428,51438,10
12.99717999,80.21044922,51438,51448,10
12.99732971,80.21028137,51448,51458,10
12.99752998,80.20976257,51458,51468,10
12.99783039,80.20929718,51468,51478,10
12.99802017,80.20906067,51478,51488,10
12.99808025,80.20887756,51488,51498,10
12.99812984,80.20851135,51498,51509,11
12.99827003,80.20780945,51509,51519,10
12.99839973,80.20741272,51519,51529,10
12.99853992,80.20744324,51529,51539,10
12.99894047,80.20752716,51539,51549,10
12.99958992,80.20760345,51549,51559,10
13.00016022,80.20771027,51559,51569,10
13.00072002,80.20787811,51569,51579,10
13.00142002,80.20819855,51579,51589,10
13.00216007,80.20857239,51589,51599,10
13.00284958,80.2089386,51599,51610,11
13.00345993,80.20928192,51610,51620,10
13.00349998,80.20970154,51620,51630,10
13.0035696,80.20996094,51630,51640,10
13.00368023,80.21054077,51640,51650,10
13.00374985,80.2114563,51650,51660,10
13.0041399,80.2120285,51660,51670,10
13.00494003,80.21246338,51670,51680,10
13.00568008,80.212883,51680,51690,10
13.00646019,80.21270752,51690,51700,10
13.00726032,80.21276093,51700,51711,11
13.00790977,80.21308899,51711,51731,20
13.00790977,80.21308899,51731,51741,10
13.00798035,80.2131424,51741,51751,10
13.00844002,80.21334076,51751,51761,10
13.00895023,80.21394348,51761,51771,10
13.00951958,80.21473694,51771,51781,10
13.00994968,80.21531677,51781,51791,10
13.01051998,80.21598816,51791,51802,11
13.01082993,80.21687317,51802,51812,10
13.01119995,80.21772003,51812,51822,10
13.01154995,80.21858215,51822,51832,10
13.01189995,80.2197113,51832,51842,10
13.01222992,80.22065735,51842,51851,9
13.01257038,80.22142792,51851,51862,11
13.01303005,80.22209167,51862,51872,10
13.01358032,80.22276306,51872,51882,10
13.01399994,80.22332764,51882,51892,10
13.01426983,80.22367096,51892,51903,11
13.01457024,80.22399139,51903,51913,10
13.01504993,80.224617,51913,51923,10
13.01539993,80.22489166,51923,51933,10
13.01550961,80.22498322,51933,51943,10
13.01570034,80.22515869,51943,51953,10
13.0160799,80.22531128,51953,51963,10
13.01661968,80.22522736,51963,51973,10
13.01737022,80.22492981,51973,51983,10
13.0181303,80.22460938,51983,51993,10
13.01889992,80.22434235,51993,52004,11
13.01955032,80.22437286,52004,52014,10
13.01974964,80.22450256,52014,52024,10
13.02011013,80.22480774,52024,52034,10
13.02046013,80.22506714,52034,52044,10
13.02091026,80.22538757,52044,52054,10
13.0212698,80.22567749,52054,52064,10
13.02165985,80.22595978,52064,52074,10
13.02204037,80.22624969,52074,52084,10
13.0220499,80.22624969,52084,52095,11
13.02215958,80.22634888,52095,52105,10
13.02262974,80.22675323,52105,52115,10
13.02324009,80.22730255,52115,52125,10
13.02392006,80.22798157,52125,52135,10
13.02433968,80.22846985,52135,52145,10
13.02466965,80.22898102,52145,52155,10
13.02519035,80.22966766,52155,52165,10
13.02567959,80.23030853,52165,52175,10
13.02589989,80.2307663,52175,52185,10
13.02600002,80.23104858,52185,52196,11
13.02622032,80.23126984,52196,52206,10
13.02690029,80.23110199,52206,52216,10
13.02760983,80.2309494,52216,52226,10
13.02830982,80.23087311,52226,52236,10
13.02863979,80.23084259,52236,52245,9
13.02892017,80.23081207,52245,52256,11
13.02935982,80.23078156,52256,52266,10
13.02937984,80.23078918,52266,52276,10
13.02968025,80.2307663,52276,52286,10
13.03034973,80.23071289,52286,52297,11
13.03110027,80.23065948,52297,52307,10
13.03192043,80.23059082,52307,52317,10
13.03279972,80.23052216,52317,52327,10
13.03347969,80.23046875,52327,52337,10
13.03380013,80.23049164,52337,52347,10
13.03423977,80.23042297,52347,52357,10
13.03454971,80.23033905,52357,52387,30
13.03454971,80.23033905,52387,52398,11
13.03474045,80.23026276,52398,52408,10
13.03497028,80.2301178,52408,52418,10
13.03501034,80.22984314,52418,52428,10
13.03470993,80.22978973,52428,52468,40
13.03454018,80.22978973,52468,52539,71
13.03454018,80.22978973,52539,52549,10
13.03429985,80.22975159,52549,52660,111
13.03423023,80.22998047,52660,52741,81
13.03423023,80.22998047,52741,52751,10
13.03415012,80.23033905,52751,52761,10
13.03407955,80.2303772,52761,52771,10
13.03384018,80.2303772,52771,52782,11
13.03324986,80.23042297,52782,52792,10
13.03238964,80.23049927,52792,52802,10
13.03153038,80.23059845,52802,52812,10
13.03089046,80.23068237,52812,52822,10
13.03050995,80.23072815,52822,52832,10
13.0301199,80.2307663,52832,52842,10
13.02982998,80.23079681,52842,52852,10
13.02976036,80.23081207,52852,52862,10
13.02956963,80.23082733,52862,52872,10
13.02910042,80.23088074,52872,52889,17
13.02787018,80.23097992,52889,52901,12
13.02768993,80.23139191,52901,52911,10
13.02775955,80.23197174,52911,52921,10
13.02785969,80.23252869,52921,52931,10
13.02762032,80.23278046,52931,52941,10
13.02700043,80.23291779,52941,52951,10
13.02670002,80.23297882,52951,52961,10
13.02635956,80.23264313,52961,52971,10
13.02624035,80.23223114,52971,52982,11
13.02614021,80.23182678,52982,52992,10
13.02600956,80.23132324,52992,53002,10
13.02583981,80.23075104,53002,53012,10
13.02544975,80.23007965,53012,53022,10
13.02493954,80.22942352,53022,53032,10
13.02455044,80.22894287,53032,53042,10
13.02423,80.228508,53042,53052,10
13.02379036,80.22795868,53052,53061,9
13.02293015,80.22733307,53061,53093,32
13.02293015,80.22733307,53093,53103,10
13.02266026,80.22715759,53103,53113,10
13.02254963,80.22693634,53113,53123,10
13.02256012,80.22689056,53123,53133,10
13.02237988,80.22666168,53133,53143,10
13.02184963,80.22621918,53143,53153,10
13.0211401,80.22566223,53153,53163,10
13.02035999,80.22509766,53163,53173,10
13.01939964,80.22453308,53173,53184,11
13.01809978,80.22473907,53184,53194,10
13.01702023,80.22519684,53194,53204,10
13.01630974,80.22545624,53204,53214,10
13.01585007,80.22563934,53214,53224,10
13.01554012,80.22576141,53224,53234,10
13.01513958,80.22592926,53234,53244,10
13.01476002,80.22608948,53244,53254,10
13.0142498,80.22625732,53254,53264,10
13.01422024,80.22628021,53264,53275,11
13.01389027,80.22640991,53275,53285,10
13.01323032,80.22663879,53285,53295,10
13.01237965,80.22698212,53295,53305,10
13.01144028,80.2273407,53305,53315,10
13.0105896,80.22766876,53315,53325,10
13.00988007,80.22792816,53325,53335,10
13.00948048,80.22762299,53335,53345,10
13.00969982,80.22711182,53345,53355,10
13.01000977,80.2264328,53355,53365,10
13.0103302,80.22561646,53365,53376,11
13.01072025,80.22473907,53376,53386,10
13.01107979,80.22370148,53386,53406,20
13.01107979,80.22370148,53406,53416,10
13.01124001,80.22332001,53416,53426,10
13.0115099,80.22276306,53426,53436,10
13.01179028,80.22205353,53436,53446,10
13.01206017,80.22132111,53446,53456,10
13.0120697,80.22086334,53456,53467,11
13.01183987,80.22006226,53467,53477,10
13.01159,80.21927643,53477,53487,10
13.01130009,80.21838379,53487,53497,10
13.01095009,80.21746063,53497,53507,10
13.01049995,80.2164917,53507,53517,10
13.01004028,80.2156601,53517,53527,10
13.00963974,80.21498108,53527,53537,10
13.00949001,80.21475983,53537,53547,10
13.00916004,80.21434021,53547,53557,10
13.00864983,80.21366882,53557,53568,11
13.00796986,80.21321106,53568,53588,20
13.00788975,80.21311188,53588,53608,20
13.00788975,80.21311188,53608,53618,10
13.00769043,80.21295166,53618,53628,10
13.00718021,80.21276855,53628,53638,10
13.00644016,80.21272278,53638,53648,10
13.0057497,80.21295166,53648,53658,10
13.00487995,80.21244812,53658,53669,11
13.00403976,80.21209717,53669,53679,10
13.00368023,80.21192932,53679,53689,10
13.00364017,80.21134186,53689,53699,10
13.00354004,80.21051788,53699,53709,10
13.00347996,80.2097168,53709,53719,10
13.00345039,80.20934296,53719,53729,10
13.00292969,80.20905304,53729,53739,10
13.00214005,80.20861816,53739,53749,10
13.00133038,80.20816803,53749,53759,10
13.00065041,80.20781708,53759,53769,10
13.00010014,80.2077179,53769,53780,11
12.9993,80.2075882,53780,53790,10
12.99878979,80.20748138,53790,53800,10
12.99837971,80.2075119,53800,53830,30
12.99837971,80.2075119,53830,53840,10
12.99827003,80.20822906,53840,53861,21
12.99827003,80.20822906,53861,53871,10
12.99822044,80.2084198,53871,53881,10
12.99820995,80.20855713,53881,53891,10
12.99816036,80.2088623,53891,53901,10
12.99810028,80.20902252,53901,53911,10
12.99777031,80.2093811,53911,53921,10
12.99750042,80.21006012,53921,53931,10
12.99732018,80.21040344,53931,53941,10
12.99713993,80.21041107,53941,53951,10
12.99699974,80.2104187,53951,53962,11
12.99645996,80.21037292,53962,53972,10
12.9957304,80.21028137,53972,53982,10
12.99510956,80.21022034,53982,53992,10
12.99464035,80.21016693,53992,54002,10
12.99427986,80.21013641,54002,54012,10
12.99388027,80.21011353,54012,54022,10
12.99363041,80.21019745,54022,54032,10
12.99355984,80.21022034,54032,54042,10
12.99349022,80.21044922,54042,54052,10
12.9934597,80.21064758,54052,54063,11
12.99328041,80.21138763,54063,54073,10
12.99308014,80.21217346,54073,54083,10
12.99291039,80.21291351,54083,54093,10
12.99244976,80.212883,54093,54103,10
12.99166012,80.21266937,54103,54123,20
12.99166012,80.21266937,54123,54133,10
12.99135017,80.21263885,54133,54143,10
12.99120045,80.21308899,54143,54153,10
12.99118042,80.21315765,54153,54164,11
12.99114037,80.21324158,54164,54174,10
12.99106026,80.21354675,54174,54184,10
12.99096012,80.2140274,54184,54194,10
12.99067974,80.21453857,54194,54204,10
12.99024963,80.21482849,54204,54214,10
12.98968983,80.21475983,54214,54224,10
12.9893198,80.21468353,54224,54234,10
12.98902988,80.21495056,54234,54244,10
12.98873997,80.21543121,54244,54255,11
12.98838043,80.21591187,54255,54265,10
12.98812962,80.2162323,54265,54275,10
12.98795986,80.21663666,54275,54285,10
12.98777962,80.21714783,54285,54295,10
12.98762035,80.21764374,54295,54305,10
12.98746967,80.2180481,54305,54314,9
12.98738956,80.21824646,54314,54325,11
12.98696041,80.21826172,54325,54345,20
12.98696041,80.21826172,54345,54356,11
12.98670959,80.2181778,54356,54366,10
12.98602962,80.21798706,54366,54376,10
12.98511982,80.21790314,54376,54386,10
12.98458004,80.2179184,54386,54396,10
12.98396969,80.21794128,54396,54406,10
12.98383999,80.21794128,54406,54416,10
12.98324966,80.21794128,54416,54426,10
12.98235989,80.21794891,54426,54436,10
12.98126984,80.21806335,54436,54446,10
12.98015022,80.21842957,54446,54457,11
12.9793396,80.21878052,54457,54467,10
12.97910023,80.21888733,54467,54477,10
12.97859955,80.21907806,54477,54487,10
12.97780037,80.21938324,54487,54497,10
12.97681046,80.21975708,54497,54507,10
12.97585964,80.22019958,54507,54517,10
12.97556019,80.22045898,54517,54527,10
12.97552013,80.22055817,54527,54537,10
12.97548008,80.22071838,54537,54547,10
12.97574043,80.22093964,54547,55325,778
12.97574043,80.22093964,55325,55335,10
12.97583008,80.22116852,55335,55346,11
12.97548008,80.22087097,55346,55356,10
12.97539997,80.22080231,55356,55366,10
12.97533035,80.22058868,55366,55376,10
12.97548008,80.22042847,55376,55386,10
12.97587013,80.22013855,55386,55396,10
12.97663975,80.21975708,55396,55406,10
12.9776001,80.21936035,55406,55416,10
12.97840023,80.21901703,55416,55426,10
12.97879982,80.21884918,55426,55437,11
12.9795599,80.21856689,55437,55447,10
12.98003006,80.2183609,55447,55457,10
12.98069,80.21813965,55457,55467,10
12.98157978,80.21788025,55467,55477,10
12.9823103,80.21779633,55477,55493,16
12.98346996,80.21778107,55493,55505,12
12.98371029,80.21777344,55505,55513,8
12.98400974,80.21777344,55513,55525,12
12.98480988,80.21777344,55525,55536,11
12.98585987,80.21785736,55536,55545,9
12.98663998,80.21804047,55545,55556,11
12.98723984,80.21816254,55556,55566,10
12.98733997,80.2181778,55566,55576,10
12.98736954,80.2181778,55576,55587,11
12.98754025,80.2178421,55587,55597,10
12.98779964,80.21701813,55597,55607,10
12.98816013,80.21617889,55607,55617,10
12.98849964,80.21569824,55617,55627,10
12.98880005,80.21523285,55627,55638,11
12.98888016,80.21510315,55638,55648,10
12.98915958,80.21472168,55648,55658,10
12.98923016,80.2146225,55658,55668,10
12.98968029,80.21473694,55668,55678,10
12.99032974,80.21472168,55678,55688,10
12.99092007,80.21405792,55688,55698,10
12.99116993,80.21317291,55698,55708,10
12.99160004,80.21264648,55708,55728,20
12.99160004,80.21264648,55728,55739,11
12.99170971,80.21266174,55739,55749,10
12.99221992,80.2128067,55749,55759,10
12.99279976,80.21295929,55759,55768,9
12.99291039,80.21269989,55768,55779,11
12.99312019,80.21202087,55779,55789,10
12.99333954,80.21116638,55789,55799,10
12.99349976,80.21051025,55799,55809,10
12.99370956,80.21009064,55809,55819,10
12.99409962,80.21011353,55819,55830,11
12.99462032,80.21013641,55830,55840,10
12.99495983,80.21016693,55840,55850,10
12.99530983,80.21018219,55850,55860,10
12.99580956,80.21024323,55860,55870,10
12.99641037,80.210289,55870,55880,10
12.99674034,80.21035004,55880,55890,10
12.99720955,80.2104187,55890,55920,30
12.99720955,80.2104187,55920,55931,11
12.99738026,80.21019745,55931,55941,10
12.99755955,80.20983124,55941,55951,10
12.99792004,80.20926666,55951,55961,10
12.99812031,80.20890808,55961,55971,10
12.9981699,80.20850372,55971,55981,10
12.99827957,80.20807648,55981,55991,10
12.99837971,80.20754242,55991,56001,10
12.99837971,80.20742798,56001,56011,10
12.99845982,80.20736694,56011,56021,10
12.99862003,80.20741272,56021,56032,11
12.99884033,80.20745087,56032,56042,10
12.99895954,80.20748138,56042,56052,10
12.99925995,80.20754242,56052,56062,10
12.99973965,80.20761871,56062,56072,10
13.00012016,80.20767212,56072,56082,10
13.00067997,80.20783997,56082,56092,10
13.00131989,80.2081604,56092,56102,10
13.0017004,80.20835876,56102,56112,10
13.00172043,80.20836639,56112,56122,10
13.00193024,80.20844269,56122,56133,11
13.00195026,80.20845032,56133,56143,10
13.00220966,80.20857239,56143,56153,10
13.00236034,80.20865631,56153,56163,10
13.00273991,80.20886993,56163,56173,10
13.00333977,80.20919037,56173,56183,10
13.00345039,80.20963287,56183,56193,10
13.00352955,80.2100296,56193,56203,10
13.00362968,80.21076202,56203,56213,10
13.0036602,80.21157837,56213,56224,11
13.00405025,80.21201324,56224,56234,10
13.00477982,80.21234894,56234,56244,10
13.00555038,80.21278381,56244,56254,10
13.00634003,80.21269226,56254,56264,10
13.0071497,80.21269989,56264,56274,10
13.00767994,80.21283722,56274,56294,20
13.00767994,80.21283722,56294,56304,10
13.00784969,80.21305084,56304,56314,10
13.00815964,80.21322632,56314,56325,11
13.00870991,80.21366119,56325,56335,10
13.00922012,80.2143631,56335,56345,10
13.00961971,80.21495819,56345,56355,10
13.01008034,80.21553802,56355,56365,10
13.01060009,80.21630859,56365,56375,10
13.01089954,80.21707153,56375,56385,10
13.01124954,80.21804047,56385,56395,10
13.01165962,80.21916199,56395,56405,10
13.01200962,80.2202301,56405,56414,9
13.01226997,80.22110748,56414,56426,12
13.01266956,80.22187805,56426,56436,10
13.0131197,80.22241974,56436,56446,10
13.01360989,80.22299957,56446,56456,10
13.0141201,80.22355652,56456,56466,10
13.0145998,80.22419739,56466,56476,10
13.01525974,80.22476959,56476,56496,20
13.01525974,80.22476959,56496,56506,10
13.01554966,80.22506714,56506,56517,11
13.01632977,80.22530365,56517,56527,10
13.01721001,80.22499847,56527,56537,10
13.01809978,80.22466278,56537,56547,10
13.01891041,80.2243576,56547,56557,10
13.01965046,80.22450256,56557,56567,10
13.02025986,80.22492218,56567,56577,10
13.02062035,80.22516632,56577,56587,10
13.02103996,80.22550964,56587,56597,10
13.02165985,80.22593689,56597,56607,10
13.02200985,80.22615814,56607,56618,11
13.02206039,80.22619629,56618,56628,10
13.02241039,80.2265625,56628,56638,10
13.02305031,80.22711182,56638,56648,10
13.02355003,80.22756195,56648,56658,10
13.0241003,80.22811127,56658,56668,10
13.02431011,80.22834015,56668,56678,10
13.02433014,80.2283783,56678,56688,10
13.02455997,80.22873688,56688,56698,10
13.02507019,80.22940063,56698,56708,10
13.02562046,80.23016357,56708,56719,11
13.02591038,80.2307663,56719,56729,10
13.02595997,80.23097992,56729,56769,40
13.02595997,80.23097992,56769,56779,10
13.02600002,80.23127747,56779,56789,10
13.02655029,80.23113251,56789,56799,10
13.02738953,80.23094177,56799,56810,11
13.02810955,80.23082733,56810,56820,10
13.02826023,80.23081207,56820,56830,10
13.02857971,80.23078918,56830,56840,10
13.02917957,80.23075104,56840,56900,60
13.02917957,80.23075104,56900,56911,11
13.02950001,80.23078156,56911,56921,10
13.02999973,80.23072052,56921,56931,10
13.03040028,80.23068237,56931,56941,10
13.03077984,80.23065186,56941,56951,10
13.0311203,80.23061371,56951,56961,10
13.03160954,80.2305603,56961,56971,10
13.03230953,80.23049927,56971,56981,10
13.03302002,80.23046112,56981,56991,10
13.03372002,80.23039246,56991,57022,31
13.03372002,80.23039246,57022,57032,10
13.03382015,80.23039246,57032,57042,10
13.03427029,80.23033142,57042,57052,10
13.03464031,80.2302475,57052,57062,10
13.03485966,80.23014832,57062,57072,10
13.03497982,80.23001862,57072,57082,10
13.03497982,80.22979736,57082,57092,10
13.03489971,80.2297821,57092,57103,11
13.03470039,80.22978973,57103,57113,10
13.03441048,80.2297287,57113,57466,353
13.03415966,80.2298584,57466,57618,152
13.03423977,80.2301712,57618,57668,50
13.03423977,80.2301712,57668,57678,10
13.03419971,80.23043823,57678,57709,31
13.03419971,80.23043823,57709,57719,10
13.03402042,80.23045349,57719,57729,10
13.03378963,80.23049927,57729,57739,10
13.03318977,80.23055267,57739,57749,10
13.03254986,80.23062897,57749,57759,10
13.03223038,80.23068237,57759,57769,10
13.03186035,80.23069763,57769,57779,10
13.03149986,80.23072052,57779,57789,10
13.03104019,80.23075867,57789,57800,11
13.03077984,80.2307663,57800,57810,10
13.03017998,80.23084259,57810,57840,30
13.02989006,80.23088074,57840,57860,20
13.02989006,80.23088074,57860,57870,10
13.02962971,80.23088074,57870,57880,10
13.02923012,80.23091888,57880,57891,11
13.02867985,80.23098755,57891,57901,10
13.02810955,80.23104095,57901,57911,10
13.02775955,80.23107147,57911,57921,10
13.0276804,80.23137665,57921,57930,9
13.02775002,80.23188019,57930,57941,11
13.02783966,80.23239899,57941,57952,11
13.02773952,80.23280334,57952,57961,9
13.02760983,80.23282623,57961,57971,10
13.02748013,80.23287201,57971,57983,12
13.02719975,80.23293304,57983,57993,10
13.02700043,80.23298645,57993,58003,10
13.02672958,80.23303223,58003,58063,60
13.02672958,80.23303223,58063,58073,10
13.02661037,80.23301697,58073,58084,11
13.02626991,80.23265839,58084,58094,10
13.02614021,80.23216248,58094,58104,10
13.02608013,80.23182678,58104,58114,10
13.02606964,80.23181152,58114,58124,10
13.0260601,80.23166656,58124,58134,10
13.02587032,80.23104858,58134,58144,10
13.02542019,80.23014069,58144,58154,10
13.02472019,80.22921753,58154,58164,10
13.02429008,80.22866058,58164,58185,21
13.02429008,80.22866058,58185,58195,10
13.02416039,80.228508,58195,58205,10
13.02379036,80.22805023,58205,58215,10
13.02315998,80.22756195,58215,58225,10
13.02289963,80.2273407,58225,58235,10
13.02285957,80.22731781,58235,58245,10
13.02262974,80.22709656,58245,58255,10
13.02258015,80.22693634,58255,58265,10
13.02252007,80.22679138,58265,58276,11
13.02200985,80.22634888,58276,58286,10
13.02124977,80.22576904,58286,58296,10
13.02048969,80.22524261,58296,58306,10
13.01998997,80.22490692,58306,58316,10
13.01945972,80.22458649,58316,58326,10
13.0187397,80.22454071,58326,58336,10
13.0180397,80.224823,58336,58346,10
13.01731968,80.22511292,58346,58356,10
13.01661015,80.22540283,58356,58366,10
13.01628971,80.22551727,58366,58377,11
13.01576042,80.22572327,58377,58387,10
13.01509953,80.22599792,58387,58403,16
13.01451969,80.22621155,58403,58415,12
13.01391983,80.22644043,58415,58423,8
13.01327991,80.22666931,58423,58434,11
13.01226044,80.2270813,58434,58445,11
13.01082993,80.22763062,58445,58455,10
13.00979042,80.2279892,58455,58465,10
13.0095396,80.2275238,58465,58476,11
13.00988007,80.22676086,58476,58486,10
13.01025009,80.22599792,58486,58496,10
13.01053047,80.22532654,58496,58506,10
13.01076031,80.22473907,58506,58516,10
13.01103973,80.22396851,58516,58526,10
13.0112896,80.22322845,58526,58546,20
13.0112896,80.22322845,58546,58556,10
13.0113802,80.22303009,58556,58566,10
13.01167011,80.22234344,58566,58577,11
13.01208019,80.22138214,58577,58587,10
13.01194954,80.22039795,58587,58597,10
13.01159,80.21923828,58597,58607,10
13.01117039,80.21803284,58607,58617,10
13.01076984,80.21710205,58617,58627,10
13.01043987,80.21637726,58627,58636,9
13.01010036,80.21579742,58636,58646,10
13.00983047,80.21521759,58646,58657,11
13.00942993,80.21466064,58657,58668,11
13.00887012,80.21392059,58668,58678,10
13.00868988,80.21372223,58678,58688,10
13.00848961,80.21350861,58688,58718,30
13.00848961,80.21350861,58718,58728,10
13.00831985,80.21340179,58728,58748,20
13.00831985,80.21340179,58748,58758,10
13.00809002,80.21328735,58758,58769,11
13.00778961,80.21305847,58769,58779,10
13.00739956,80.21285248,58779,58789,10
13.00685978,80.21278381,58789,58799,10
13.00615025,80.21291351,58799,58809,10
13.00545979,80.21283722,58809,58819,10
13.00477982,80.21243286,58819,58829,10
13.00401974,80.21214294,58829,58839,10
13.00372028,80.21196747,58839,58849,10
13.00366974,80.21170807,58849,58859,10
13.00366974,80.21157837,58859,58870,11
13.00360966,80.21096039,58870,58880,10
13.00352955,80.21015167,58880,58890,10
13.00352955,80.20955658,58890,58900,10
13.00349045,80.20939636,58900,58910,10
13.00306988,80.20915985,58910,58920,10
13.0025301,80.2088623,58920,58930,10
13.00220013,80.20870209,58930,58940,10
13.00203991,80.20860291,58940,58950,10
13.00181007,80.20848083,58950,58961,11
13.00144005,80.2082901,58961,58971,10
13.00086021,80.20800018,58971,58981,10
13.00039959,80.20783234,58981,58997,16
12.99954987,80.20767212,58997,59009,12
12.99897957,80.20755768,59009,59017,8
12.99862003,80.20748138,59017,59028,11
12.99837017,80.20754242,59028,59039,11
12.99835014,80.20771027,59039,59049,10
12.9982996,80.20796204,59049,59059,10
12.99822044,80.2084198,59059,59070,11
12.99818039,80.20892334,59070,59080,10
12.99790001,80.20934296,59080,59090,10
12.99757957,80.20996094,59090,59101,11
12.9973402,80.21047211,59101,59111,10
12.99707985,80.21045685,59111,59121,10
12.99685955,80.21042633,59121,59131,10
12.99631977,80.21038055,59131,59141,10
12.99590015,80.21031952,59141,59150,9
12.99557018,80.21029663,59150,59162,12
12.99508953,80.21025085,59162,59172,10
12.99464035,80.21019745,59172,59182,10
12.99413967,80.2101593,59182,59192,10
12.99367046,80.21012878,59192,59202,10
12.99361992,80.21016693,59202,59212,10
12.99359035,80.21031952,59212,59222,10
12.99347019,80.21073914,59222,59232,10
12.99335003,80.21140289,59232,59242,10
12.99312973,80.21222687,59242,59252,10
12.99293995,80.21295166,59252,59263,11
12.99287987,80.21307373,59263,59273,10
12.99279976,80.21308899,59273,59283,10
12.99236965,80.21295929,59283,59293,10
12.99197006,80.21285248,59293,59303,10
12.99155998,80.21273804,59303,59313,10
12.9914999,80.21273041,59313,59323,10
12.99129963,80.21292114,59323,59333,10
12.99114037,80.21347046,59333,59343,10
12.99098015,80.21412659,59343,59354,11
12.99040031,80.21482849,59354,59364,10
12.99009991,80.21492767,59364,59374,10
12.9895401,80.21479034,59374,59384,10
12.98919964,80.21481323,59384,59394,10
12.98892021,80.21518707,59394,59404,10
12.98851967,80.21578217,59404,59414,10
12.98812008,80.21633911,59414,59424,10
12.98781967,80.21713257,59424,59434,10
12.98768997,80.21749878,59434,59444,10
12.98764038,80.21769714,59444,59455,11
12.98744011,80.21820068,59455,59465,10
12.98736954,80.2183609,59465,59475,10
12.98705959,80.21833038,59475,59485,10
12.98700047,80.2183075,59485,59495,10
12.98684025,80.21826935,59495,59505,10
12.98630047,80.21811676,59505,59515,10
12.98536015,80.21794891,59515,59525,10
12.98466015,80.21797943,59525,59535,10
12.98406982,80.21800995,59535,59545,10
12.98396015,80.21800232,59545,59556,11
12.98377037,80.21797943,59556,59566,10
12.98314953,80.21797943,59566,59576,10
12.98235989,80.21800232,59576,59586,10
12.98153973,80.21806335,59586,59596,10
12.98073006,80.21829987,59596,59606,10
12.98005962,80.21855164,59606,59616,10
12.97966957,80.21874237,59616,59626,10
12.97900009,80.21900177,59626,59636,10
12.97854042,80.21920013,59636,59647,11
12.97770023,80.21955109,59647,59657,10
12.97714043,80.21981812,59657,59666,9
12.97692013,80.21990967,59666,59727,61
12.97692013,80.21990967,59727,59737,10
12.97667027,80.21999359,59737,59748,11
12.97649956,80.22006989,59748,59758,10
12.97626972,80.22019958,59758,59889,131
12.97626972,80.22019958,59889,59899,10
12.9758997,80.22032928,59899,59919,20
12.9758997,80.22032928,59919,59929,10
12.97562027,80.2204895,59929,59940,11
12.97556019,80.2207489,59940,59950,10
12.97570038,80.22090912,59950,60051,101
12.97583008,80.22120667,60051,60273,222
12.97574997,80.22103882,60273,60394,121
12.97574997,80.22103882,60394,60404,10
12.97591019,80.22126007,60404,60414,10
12.97601032,80.22135162,60414,60425,11
12.97618008,80.22161865,60425,60435,10
12.97653961,80.22218323,60435,60445,10
12.97694016,80.22276306,60445,60455,10
12.97716999,80.22277069,60455,60465,10
12.97751045,80.22265625,60465,60475,10
12.97749043,80.22216034,60475,60485,10
12.97745991,80.22155762,60485,60495,10
12.97735977,80.22128296,60495,60505,10
12.97690964,80.22129822,60505,60515,10
12.97624016,80.22129822,60515,60526,11
12.97603989,80.22133636,60526,60536,10
12.97574043,80.22116089,60536,60546,10
12.97531986,80.22077179,60546,60586,40
12.97527027,80.22068787,60586,60606,20
12.97527027,80.22068787,60606,60616,10
12.97554016,80.22042847,60616,60627,11
12.97599983,80.22016144,60627,60637,10
12.97669029,80.21984863,60637,60647,10
12.97743034,80.21955109,60647,60657,10
12.9782896,80.21920013,60657,60667,10
12.97881985,80.21900177,60667,60677,10
12.97949028,80.21872711,60677,60687,10
12.98009014,80.21848297,60687,60697,10
12.98075008,80.21823883,60697,60707,10
12.98163986,80.21795654,60707,60717,10
12.98223019,80.21788025,60717,60728,11
12.98237991,80.21785736,60728,60738,10
12.98289013,80.21788788,60738,60748,10
12.98363018,80.21788025,60748,60758,10
12.98383999,80.21787262,60758,60767,9
12.98421955,80.21788025,60767,60778,11
12.98503971,80.21784973,60778,60788,10
12.98598003,80.21794891,60788,60798,10
12.98672009,80.21811676,60798,60808,10
12.98731041,80.21822357,60808,60819,11
12.98735046,80.2182312,60819,60829,10
12.98748016,80.21813965,60829,60839,10
12.98764038,80.2175827,60839,60849,10
12.98791027,80.21685028,60849,60859,10
12.98830032,80.21601868,60859,60869,10
12.98880959,80.21530151,60869,60879,10
12.98921967,80.21469879,60879,60889,10
12.98950005,80.21473694,60889,60899,10
12.98997021,80.21485901,60899,60909,10
12.99050999,80.21469116,60909,60920,11
12.99096012,80.21404266,60920,60930,10
12.9911499,80.21334839,60930,60940,10
12.99153996,80.21266937,60940,60960,20
12.99153996,80.21266937,60960,60970,10
12.99190044,80.21279144,60970,60980,10
12.99254036,80.21296692,60980,60990,10
12.99289989,80.21302032,60990,61000,10
12.99297047,80.21269989,61000,61010,10
12.9931097,80.2121582,61010,61021,11
12.99330044,80.21138763,61021,61031,10
12.99347973,80.2106781,61031,61041,10
12.99367046,80.21015167,61041,61061,20
12.99367046,80.21015167,61061,61071,10
12.99394035,80.21012878,61071,61081,10
12.99427986,80.21016693,61081,61091,10
12.99454975,80.21016693,61091,61101,10
12.9948101,80.21019745,61101,61112,11
12.99520016,80.21024323,61112,61122,10
12.99557018,80.210289,61122,61132,10
12.99613953,80.21035004,61132,61142,10
12.99666977,80.21041107,61142,61152,10
12.99709034,80.21047211,61152,61172,20
12.99709034,80.21047211,61172,61182,10
12.9973402,80.21044159,61182,61192,10
12.99746037,80.21012115,61192,61202,10
12.99771976,80.20953369,61202,61213,11
12.99810028,80.20903778,61213,61223,10
12.9981699,80.20851898,61223,61239,16
12.99837017,80.20747375,61239,61261,22
12.99837017,80.20747375,61261,61271,10
12.99855995,80.20742035,61271,61281,10
12.99874973,80.20748138,61281,61291,10
12.99911022,80.20755768,61291,61301,10
12.99954987,80.20764923,61301,61312,11
13.00008011,80.2077713,61312,61322,10
13.00072002,80.20793152,61322,61332,10
13.00139999,80.20828247,61332,61342,10
13.00187016,80.20854187,61342,61352,10
13.0021801,80.20867157,61352,61362,10
13.00244999,80.20880127,61362,61372,10
13.00304031,80.2091217,61372,61382,10
13.00352001,80.20944214,61382,61392,10
13.00354004,80.20980072,61392,61402,10
13.00358963,80.2099762,61402,61413,11
13.00368977,80.21051788,61413,61423,10
13.00376034,80.2111969,61423,61433,10
13.00386047,80.21193695,61433,61443,10
13.00450039,80.21224213,61443,61453,10
13.00485039,80.21240997,61453,61463,10
13.00549984,80.21279907,61463,61473,10
13.00627995,80.21278381,61473,61483,10
13.00706959,80.21276855,61483,61493,10
13.00786018,80.21307373,61493,61514,21
13.00786018,80.21307373,61514,61524,10
13.00807953,80.21321869,61524,61534,10
13.00854969,80.21341705,61534,61544,10
13.00905991,80.21414185,61544,61554,10
13.00955009,80.21484375,61554,61564,10
13.00994015,80.21533203,61564,61574,10
13.01043987,80.21595764,61574,61584,10
13.01080036,80.21672058,61584,61594,10
13.01101971,80.21730042,61594,61605,11
13.01142979,80.21832275,61605,61615,10
13.0118103,80.21952057,61615,61625,10
13.0121603,80.22055817,61625,61634,9
13.01247978,80.22132874,61634,61645,11
13.01274967,80.22174835,61645,61655,10
13.01317978,80.22226715,61655,61665,10
13.0136404,80.22286224,61665,61675,10
13.01399994,80.22344971,61675,61685,10
13.01436996,80.22402191,61685,61695,10
13.01494026,80.22460175,61695,61705,10
13.01543045,80.22493744,61705,61716,11
13.01558018,80.22505951,61716,61726,10
13.01564026,80.22509766,61726,61736,10
13.01601982,80.22535706,61736,61746,10
13.01686001,80.22525024,61746,61756,10
13.01793003,80.224823,61756,61766,10
13.01889992,80.22441864,61766,61776,10
13.01957035,80.22444153,61776,61785,9
13.01994038,80.22467804,61785,61797,12
13.0204401,80.2250824,61797,61807,10
13.0209198,80.22541046,61807,61817,10
13.02140999,80.22582245,61817,61827,10
13.0219698,80.22612762,61827,61837,10
13.02208996,80.22622681,61837,61847,10
13.0221796,80.22633362,61847,61857,10
13.02258015,80.22669983,61857,61867,10
13.02318954,80.22724915,61867,61877,10
13.02385998,80.22785187,61877,61887,10
13.02429962,80.22831726,61887,61898,11
13.02451038,80.2286377,61898,61908,10
13.02466011,80.22885895,61908,61918,10
13.02472973,80.22898102,61918,61928,10
13.02495003,80.22928619,61928,61938,10
13.02532959,80.22975159,61938,61948,10
13.02552986,80.23001862,61948,61958,10
13.02565002,80.23018646,61958,61968,10
13.02565002,80.23020172,61968,61978,10
13.02575016,80.23039246,61978,61989,11
13.02591038,80.23071289,61989,61999,10
13.02600956,80.23105621,61999,62009,10
13.02606964,80.23135376,62009,62019,10
13.02647972,80.23126221,62019,62029,10
13.02721977,80.23108673,62029,62039,10
13.02793026,80.23101044,62039,62049,10
13.02847004,80.23094177,62049,62059,10
13.0284996,80.23092651,62059,62069,10
13.02880955,80.23088074,62069,62079,10
13.02937984,80.23082733,62079,62090,11
13.0302,80.23075867,62090,62170,80
13.0302,80.23075867,62170,62180,10
13.03046036,80.23072815,62180,62191,11
13.03087997,80.23068237,62191,62201,10
13.03114033,80.23065948,62201,62211,10
13.03162956,80.23062134,62211,62221,10
13.03211975,80.23059845,62221,62231,10
13.03316021,80.23049927,62231,62251,20
13.03316021,80.23049927,62251,62261,10
13.03349972,80.23049164,62261,62271,10
13.03384972,80.23046112,62271,62302,31
13.03384972,80.23046112,62302,62312,10
13.03417969,80.23042297,62312,62322,10
13.03439045,80.23036957,62322,62362,40
13.03439045,80.23036957,62362,62372,10
13.03479958,80.23027039,62372,62383,11
13.03501034,80.23007965,62383,62393,10
13.0350399,80.22988129,62393,62403,10
13.03477955,80.22982025,62403,62413,10
13.03423977,80.22975159,62413,62625,212
13.03423023,80.23014069,62625,62706,81
13.03423023,80.23014069,62706,62716,10
13.03417015,80.23042297,62716,62726,10
13.0339098,80.23047638,62726,62736,10
13.03341007,80.23049927,62736,62746,10
13.03283978,80.23053741,62746,62762,16
13.03238964,80.23059845,62762,62775,13
13.03229046,80.23062897,62775,62785,10
13.03201962,80.23065948,62785,62795,10
13.0316,80.23068237,62795,62815,20
13.0316,80.23068237,62815,62825,10
13.03122044,80.23071289,62825,62946,121
13.03122044,80.23071289,62946,62956,10
13.03096008,80.23074341,62956,62967,11
13.03063011,80.23075867,62967,62977,10
13.03022957,80.23079681,62977,62987,10
13.03015041,80.23081207,62987,62997,10
13.03001976,80.2308197,62997,63007,10
13.02993011,80.2308197,63007,63017,10
13.02980042,80.23085022,63017,63027,10
13.02978039,80.23085022,63027,63037,10
13.02947998,80.23088074,63037,63047,10
13.02886963,80.2309494,63047,63057,10
13.02807999,80.23101044,63057,63068,11
13.02764034,80.23111725,63068,63077,9
13.0276804,80.23162842,63077,63088,11
13.02775955,80.23223877,63088,63098,10
13.02789021,80.23271942,63098,63108,10
13.02721024,80.23294067,63108,63128,20
13.02721024,80.23294067,63128,63138,10
13.02694035,80.23297882,63138,63148,10
13.02667999,80.23301697,63148,63159,11
13.02630043,80.23267365,63159,63169,10
13.0261097,80.23191833,63169,63179,10
13.02591038,80.23116302,63179,63189,10
13.02556038,80.23030853,63189,63199,10
13.02503967,80.22950745,63199,63209,10
13.0248003,80.22920227,63209,63219,10
13.02464008,80.22899628,63219,63229,10
13.02429008,80.2285614,63229,63239,10
13.02383995,80.22801971,63239,63249,10
13.02299976,80.22731781,63249,63270,21
13.02299976,80.22731781,63270,63280,10
13.02278996,80.22718811,63280,63290,10
13.02256012,80.22682953,63290,63300,10
13.02215004,80.22646332,63300,63310,10
13.02165985,80.22608185,63310,63320,10
13.02130032,80.22580719,63320,63330,10
13.02097988,80.22551727,63330,63340,10
13.0206604,80.22530365,63340,63357,17
13.02011967,80.22492218,63357,63369,12
13.01970959,80.22463226,63369,63379,10
13.01914024,80.22447205,63379,63387,8
13.01815033,80.22471619,63387,63399,12
13.01688957,80.22525024,63399,63409,10
13.01636028,80.22547913,63409,63418,9
13.01589966,80.22563171,63418,63430,12
13.01533031,80.22589111,63430,63440,10
13.01498032,80.22602081,63440,63451,11
13.0144701,80.22619629,63451,63461,10
13.01408005,80.22640228,63461,63471,10
13.01401997,80.22640991,63471,63481,10
13.0135603,80.2265625,63481,63492,11
13.01270008,80.22688293,63492,63501,9
13.01193047,80.22718048,63501,63512,11
13.01107979,80.22753143,63512,63522,10
13.01016045,80.22789764,63522,63532,10
13.00949001,80.22776794,63532,63542,10
13.00973988,80.22711945,63542,63553,11
13.01016045,80.22619629,63553,63563,10
13.01051044,80.22537231,63563,63573,10
13.01084042,80.22447968,63573,63583,10
13.01111031,80.22382355,63583,63593,10
13.01121998,80.22345734,63593,63603,10
13.01142979,80.22306061,63603,63613,10
13.01173019,80.22234344,63613,63623,10
13.01202965,80.22148132,63623,63633,10
13.01208973,80.22090912,63633,63644,11
13.0118103,80.21990967,63644,63654,10
13.0114603,80.21884155,63654,63664,10
13.01105976,80.2177124,63664,63674,10
13.01062012,80.21672058,63674,63684,10
13.01021957,80.21605682,63684,63694,10
13.00992012,80.21539307,63694,63704,10
13.00959015,80.21489716,63704,63714,10
13.00914955,80.21431732,63714,63724,10
13.00866985,80.21367645,63724,63734,10
13.00835991,80.21340179,63734,63745,11
13.00794983,80.21320343,63745,63765,20
13.00794983,80.21320343,63765,63775,10
13.00788021,80.21318054,63775,63785,10
13.00765038,80.21295166,63785,63795,10
13.00710964,80.21276855,63795,63805,10
13.00638962,80.2127533,63805,63815,10
13.00570965,80.21295166,63815,63825,10
13.00504017,80.21251678,63825,63836,11
13.00417042,80.21212006,63836,63846,10
13.00368977,80.21183777,63846,63856,10
13.00368023,80.21166229,63856,63866,10
13.0036602,80.21130371,63866,63876,10
13.00358009,80.21061707,63876,63886,10
13.00349045,80.20987701,63886,63896,10
13.00345993,80.20937347,63896,63906,10
13.00312996,80.20915985,63906,63916,10
13.00282001,80.20899963,63916,63926,10
13.00271988,80.2089386,63926,63937,11
13.00230026,80.20871735,63937,63947,10
13.0021801,80.20865631,63947,63957,10
13.00203991,80.20858002,63957,63967,10
13.00179958,80.20845795,63967,63977,10
13.00158024,80.20834351,63977,63987,10
13.00139046,80.20823669,63987,63997,10
13.00086021,80.20797729,63997,64007,10
13.00035954,80.20778656,64007,64017,10
12.99991035,80.2077179,64017,64027,10
12.99936008,80.2075882,64027,64044,17
12.99872971,80.20747375,64044,64056,12
12.99839973,80.20752716,64056,64086,30
12.99839973,80.20752716,64086,64096,10
12.99833012,80.20778656,64096,64106,10
12.99824047,80.20828247,64106,64116,10
12.9981699,80.2088089,64116,64126,10
12.99814034,80.20903778,64126,64137,11
12.99781036,80.20944977,64137,64147,10
12.99755001,80.21002197,64147,64157,10
12.99738026,80.21040344,64157,64167,10
12.99715042,80.21047211,64167,64177,10
12.99703979,80.21044159,64177,64187,10
12.99664974,80.21038055,64187,64197,10
12.99612999,80.21032715,64197,64207,10
12.99590015,80.21029663,64207,64217,10
12.99551964,80.21025848,64217,64228,11
12.99501991,80.21024323,64228,64238,10
12.99454975,80.21018982,64238,64248,10
12.99442005,80.21016693,64248,64258,10
12.99405003,80.21012878,64258,64268,10
12.99370003,80.21012115,64268,64278,10
12.99361992,80.21024323,64278,64288,10
12.99353981,80.21047974,64288,64298,10
12.99343014,80.21092224,64298,64308,10
12.99330997,80.21144867,64308,64318,10
12.99314976,80.2120285,64318,64329,11
12.99302959,80.21256256,64329,64339,10
12.99289989,80.2130127,64339,64349,10
12.99283981,80.21304321,64349,64359,10
12.99244976,80.21292114,64359,64369,10
12.9914999,80.21266174,64369,64389,20
12.9914999,80.21266174,64389,64399,10
12.99129963,80.2127533,64399,64409,10
12.9911499,80.21336365,64409,64420,11
12.99096966,80.2141037,64420,64430,10
12.99069977,80.2145462,64430,64440,10
12.99034023,80.21482086,64440,64450,10
12.98929024,80.21468353,64450,64470,20
12.98929024,80.21468353,64470,64480,10
12.98919964,80.21466827,64480,64490,10
12.98910046,80.21482849,64490,64500,10
12.98876953,80.21533966,64500,64510,10
12.98830032,80.21600342,64510,64521,11
12.98785973,80.21691895,64521,64531,10
12.98760986,80.21768951,64531,64541,10
12.98746014,80.21820068,64541,64551,10
12.98740005,80.21833801,64551,64561,10
12.98707008,80.21833801,64561,64571,10
12.98684025,80.21827698,64571,64581,10
12.98653984,80.2181778,64581,64591,10
12.98579979,80.21797943,64591,64601,10
12.98486042,80.21794128,64601,64611,10
12.98425007,80.21794128,64611,64622,11
12.98400021,80.21797943,64622,64632,10
12.98383999,80.21797943,64632,64642,10
12.98322964,80.2179718,64642,64652,10
12.98250008,80.21798706,64652,64662,10
12.98215961,80.21800232,64662,64672,10
12.98147964,80.21806335,64672,64682,10
12.98085022,80.21823883,64682,64692,10
12.98025036,80.21846008,64692,64702,10
12.97976017,80.21868896,64702,64713,11
12.97910976,80.21893311,64713,64723,10
12.97854996,80.21916199,64723,64733,10
12.97774029,80.21949005,64733,64743,10
12.97704029,80.21981812,64743,64753,10
12.97679996,80.21996307,64753,64915,162
12.97679996,80.21996307,64915,64925,10
12.97653008,80.2201004,64925,64975,50
12.97653008,80.2201004,64975,64985,10
12.97618961,80.22020721,64985,65127,142
12.9758997,80.22023773,65127,65147,20
12.9758997,80.22023773,65147,65157,10
12.97574043,80.22032166,65157,65167,10
12.97558975,80.22044373,65167,65177,10
12.97550011,80.22067261,65177,65187,10
12.97566032,80.22093964,65187,65208,21
12.97566032,80.22093964,65208,65218,10
12.97570992,80.22102356,65218,65228,10
12.9758997,80.22123718,65228,65238,10
12.97607994,80.22149658,65238,65248,10
12.97634029,80.22187042,65248,65258,10
12.97663021,80.22232056,65258,65268,10
12.97696018,80.2227478,65268,65288,20
12.97696018,80.2227478,65288,65305,17
12.97708035,80.22274017,65305,65317,12
12.97745037,80.22267151,65317,65325,8
12.97751045,80.22251892,65325,65337,12
12.97749043,80.22216034,65337,65347,10
12.97745991,80.22167206,65347,65357,10
12.97741032,80.22129822,65357,65367,10
12.97717953,80.22129822,65367,65377,10
12.97706032,80.22129822,65377,65387,10
12.97688961,80.22129059,65387,65398,11
12.97665977,80.22128296,65398,65407,9
12.9764204,80.22125244,65407,65418,11
12.97618008,80.22126007,65418,65428,10
12.97611046,80.22129059,65428,65438,10
12.97585964,80.22122955,65438,65448,10
12.97568035,80.22109222,65448,65468,20
12.97568035,80.22109222,65468,65478,10
12.97550011,80.22091675,65478,65489,11
12.97535992,80.22077942,65489,65579,90
12.97535992,80.22077942,65579,65590,11
12.97527027,80.22067261,65590,65600,10
12.97525978,80.22065735,65600,65610,10
12.97533035,80.22057343,65610,65620,10
12.97546959,80.22048187,65620,65630,10
12.97570992,80.22025299,65630,65640,10
12.97624969,80.22000122,65640,65650,10
12.97700977,80.21968079,65650,65660,10
12.97780037,80.21933746,65660,65670,10
12.97844982,80.21907043,65670,65681,11
12.97910023,80.21881866,65681,65691,10
12.97974014,80.21855927,65691,65701,10
12.98009014,80.21840668,65701,65711,10
12.98058033,80.21823883,65711,65721,10
12.98147964,80.21791077,65721,65751,30
12.98147964,80.21791077,65751,65761,10
12.98174953,80.21790314,65761,65771,10
12.98198032,80.21788788,65771,65782,11
12.98227978,80.21788025,65782,65792,10
12.98283958,80.21788025,65792,65802,10
12.98353958,80.21788025,65802,65812,10
12.98410988,80.21785736,65812,65832,20
12.98410988,80.21785736,65832,65842,10
12.98445034,80.21788025,65842,65852,10
12.98513031,80.21787262,65852,65862,10
12.98604965,80.21800232,65862,65872,10
12.98666954,80.21813202,65872,65883,11
12.98725986,80.21822357,65883,65893,10
12.98736,80.21823883,65893,65903,10
12.98750019,80.21800232,65903,65913,10
12.98773003,80.2173233,65913,65923,10
12.98797035,80.21656799,65923,65933,10
12.98830986,80.21598053,65933,65943,10
12.98876953,80.21531677,65943,65953,10
12.98917961,80.21470642,65953,65963,10
12.98939991,80.21468353,65963,65974,11
12.98972034,80.21478271,65974,65984,10
12.99038029,80.21475983,65984,65994,10
12.99092007,80.21420288,65994,66004,10
12.99112034,80.21346283,66004,66014,10
12.99131012,80.21269989,66014,66024,10
12.99153996,80.21263123,66024,66034,10
12.99162006,80.21266174,66034,66044,10
12.99203014,80.21278381,66044,66054,10
12.99267006,80.21295929,66054,66064,10
12.99293041,80.21292114,66064,66075,11
12.99304962,80.21244049,66075,66085,10
12.99318981,80.21186829,66085,66095,10
12.99332047,80.21130371,66095,66105,10
12.99341965,80.21083832,66105,66115,10
12.99353027,80.21047211,66115,66125,10
12.99357986,80.21018219,66125,66135,10
12.99374962,80.21009064,66135,66145,10
12.99378014,80.21009827,66145,66155,10
12.99394035,80.21011353,66155,66166,11
12.99427986,80.21015167,66166,66176,10
12.99458027,80.21016693,66176,66186,10
12.99499035,80.21022034,66186,66196,10
12.99510956,80.21022034,66196,66206,10
12.99540997,80.21024323,66206,66216,10
12.99567986,80.21027374,66216,66226,10
12.99600029,80.21031952,66226,66236,10
12.99629974,80.21034241,66236,66256,20
12.99629974,80.21034241,66256,66267,11
12.99650002,80.21038055,66267,66277,10
12.99682045,80.2104187,66277,66287,10
12.99713993,80.21047974,66287,66297,10
12.99728966,80.21047211,66297,66307,10
12.99736977,80.21024323,66307,66317,10
12.99755955,80.2098465,66317,66327,10
12.99790955,80.20928955,66327,66337,10
12.99810028,80.20896149,66337,66347,10
12.99812984,80.2088089,66347,66357,10
12.99818039,80.20835114,66357,66368,11
12.99831009,80.20776367,66368,66378,10
12.99837971,80.20742035,66378,66388,10
12.99843979,80.20738983,66388,66398,10
12.99851036,80.20742035,66398,66408,10
12.99859047,80.20745087,66408,66418,10
12.99888992,80.20751953,66418,66428,10
12.99921989,80.20757294,66428,66438,10
12.99967957,80.20767975,66438,66448,10
13.00014019,80.2077713,66448,66459,11
13.00072002,80.20791626,66459,66469,10
13.00129986,80.20821381,66469,66479,10
13.0017004,80.20841217,66479,66489,10
13.00179005,80.20845795,66489,66499,10
13.00199986,80.20854187,66499,66509,10
13.00214005,80.20861053,66509,66519,10
13.00220013,80.20865631,66519,66529,10
13.00251007,80.20881653,66529,66539,10
13.00306034,80.20910645,66539,66549,10
13.00349045,80.20938873,66549,66560,11
13.00345993,80.20954132,66560,66570,10
13.00351048,80.20982361,66570,66580,10
13.00360012,80.21027374,66580,66590,10
13.00368023,80.21095276,66590,66599,9
13.00374031,80.21137238,66599,66609,10
13.00391006,80.21195984,66609,66620,11
13.00415993,80.21205139,66620,66630,10
13.00461006,80.21225739,66630,66640,10
13.00516987,80.21257782,66640,66651,11
13.00592041,80.21292114,66651,66661,10
13.00702,80.21273041,66661,66711,50
13.00702,80.21273041,66711,66721,10
13.00716019,80.21279907,66721,66731,10
13.00730038,80.21282196,66731,66741,10
13.00747967,80.21283722,66741,66792,51
13.00772953,80.21295166,66792,66842,50
13.00772953,80.21295166,66842,66853,11
13.00806999,80.21320343,66853,66863,10
13.0082798,80.21328735,66863,66873,10
13.00866032,80.21356964,66873,66883,10
13.00903034,80.21408081,66883,66893,10
13.00948048,80.2147522,66893,66903,10
13.00992012,80.21530914,66903,66913,10
13.01049042,80.21602631,66913,66923,10
13.01078033,80.21679688,66923,66933,10
13.01109028,80.21748352,66933,66944,11
13.01142025,80.21839905,66944,66954,10
13.01173973,80.2193222,66954,66964,10
13.01200008,80.22016144,66964,66973,9
13.01216984,80.22055817,66973,66984,11
13.01228046,80.22083282,66984,66995,11
13.01245022,80.22129059,66995,67005,10
13.01266956,80.22170258,67005,67015,10
13.01303959,80.22219849,67015,67025,10
13.01348972,80.22273254,67025,67035,10
13.01387978,80.2232666,67035,67045,10
13.01408958,80.22361755,67045,67056,11
13.0145998,80.22425842,67056,67066,10
13.01546955,80.22492218,67066,67086,20
13.01546955,80.22492218,67086,67096,10
13.01556015,80.22498322,67096,67106,10
13.01593971,80.22525787,67106,67116,10
13.01659012,80.22524261,67116,67126,10
13.01743984,80.22490692,67126,67137,11
13.01840019,80.22453308,67137,67147,10
13.01912022,80.22431946,67147,67157,10
13.01963997,80.22441864,67157,67167,10
13.0198698,80.22458649,67167,67177,10
13.02015972,80.22483826,67177,67187,10
13.02060032,80.22516632,67187,67197,10
13.02108955,80.22551727,67197,67207,10
13.02194023,80.22615051,67207,67227,20
13.02194023,80.22615051,67227,67238,11
13.02215958,80.22634125,67238,67248,10
13.0226202,80.22676086,67248,67264,16
13.02361965,80.22769928,67264,67276,12
13.02394009,80.2280426,67276,67286,10
13.02398968,80.22808075,67286,67294,8
13.02410984,80.22821808,67294,67305,11
13.02433968,80.2285614,67305,67449,144
13.02433968,80.2285614,67449,67459,10
13.02458,80.22885132,67459,67469,10
13.0248003,80.22914124,67469,67479,10
13.02507973,80.22946167,67479,67489,10
13.02532959,80.22972107,67489,67499,10
13.02548981,80.22995758,67499,67509,10
13.02567959,80.23026276,67509,67519,10
13.02579975,80.2305069,67519,67530,11
13.02589989,80.23078156,67530,67540,10
13.02595997,80.23097229,67540,67550,10
13.02602005,80.23123932,67550,67560,10
13.02635956,80.23127747,67560,67570,10
13.02686977,80.23113251,67570,67580,10
13.02729034,80.23104095,67580,67681,101
13.02729034,80.23104095,67681,67691,10
13.0276804,80.23091888,67691,67742,51
13.02797985,80.23091888,67742,67762,20
13.02797985,80.23091888,67762,67772,10
13.02828026,80.23088074,67772,67782,10
13.0284996,80.23085785,67782,67792,10
13.02863979,80.23085785,67792,67802,10
13.02908993,80.23081207,67802,67812,10
13.02950001,80.23078156,67812,67823,11
13.02991009,80.23074341,67823,67833,10
13.03015041,80.23071289,67833,67843,10
13.03046036,80.23069763,67843,67853,10
13.03065968,80.23069,67853,67863,10
13.03083038,80.23068237,67863,67873,10
13.03106976,80.23065948,67873,67883,10
13.03139973,80.2306366,67883,67893,10
13.03197956,80.23059845,67893,67903,10
13.03230953,80.23058319,67903,67974,71
13.03230953,80.23058319,67974,67984,10
13.0325098,80.23058319,67984,67994,10
13.03293037,80.23053741,67994,68025,31
13.03293037,80.23053741,68025,68035,10
13.03297997,80.23052216,68035,68045,10
13.03357983,80.23049927,68045,68146,101
13.03357983,80.23049927,68146,68156,10
13.03392029,80.23052979,68156,68196,40
13.03392029,80.23052979,68196,68207,11
13.03423023,80.23047638,68207,68217,10
13.03435993,80.23042297,68217,68227,10
13.03456974,80.2303772,68227,68237,10
13.0348196,80.23026276,68237,68247,10
13.03495026,80.23011017,68247,68257,10
13.03501034,80.2299881,68257,68267,10
13.03495979,80.22984314,68267,68277,10
13.0346899,80.22978973,68277,68287,10
13.03442955,80.22972107,68287,68318,31
13.03442955,80.22972107,68318,68328,10
13.03417969,80.2297287,68328,68469,141
13.03427982,80.23001099,68469,68661,192
13.03427982,80.23001099,68661,68671,10
13.03419018,80.2302475,68671,68681,10
13.03407955,80.23043823,68681,68692,11
13.03384972,80.23042297,68692,68702,10
13.03376961,80.23040771,68702,68712,10
13.03349018,80.23043823,68712,68722,10
13.03320026,80.23049164,68722,68732,10
13.03299999,80.23049164,68732,68742,10
13.03273964,80.2305069,68742,68752,10
13.03227997,80.23056793,68752,68863,111
13.03227997,80.23056793,68863,68873,10
13.03197956,80.23059845,68873,68884,11
13.03162003,80.23062134,68884,68894,10
13.03112984,80.23066711,68894,68985,91
13.03112984,80.23066711,68985,68995,10
13.03052998,80.23069763,68995,69005,10
13.03009987,80.23074341,69005,69015,10
13.02970028,80.23078918,69015,69025,10
13.02962017,80.23079681,69025,69035,10
13.02929974,80.23082733,69035,69045,10
13.02873039,80.23088837,69045,69055,10
13.02822971,80.23092651,69055,69065,10
13.02770042,80.23097992,69065,69075,10
13.02764034,80.2313385,69075,69086,11
13.02772045,80.2318573,69086,69096,10
13.02779007,80.23230743,69096,69112,16
13.02740955,80.23285675,69112,69124,12
13.02684021,80.23297119,69124,69132,8
13.02668953,80.23300934,69132,69255,123
13.02668953,80.23300934,69255,69265,10
13.02643967,80.23300934,69265,69275,10
13.02622986,80.23258972,69275,69285,10
13.0261097,80.23220825,69285,69296,11
13.02602959,80.23184967,69296,69306,10
13.02593994,80.23145294,69306,69316,10
13.02573967,80.23074341,69316,69326,10
13.02525997,80.22988129,69326,69336,10
13.02470016,80.22914124,69336,69346,10
13.02431965,80.22866058,69346,69356,10
13.02396011,80.22828674,69356,69366,10
13.02353001,80.2277832,69366,69377,11
13.02317047,80.2275238,69377,69387,10
13.02295017,80.22733307,69387,69397,10
13.02293968,80.22733307,69397,69407,10
13.02280998,80.22724915,69407,69423,16
13.02254009,80.22679901,69423,69435,12
13.02198029,80.2263031,69435,69445,10
13.02145958,80.22589111,69445,69455,10
13.02081966,80.22540283,69455,69465,10
13.02015018,80.22496033,69465,69476,11
13.01922035,80.22450256,69476,69486,10
13.01826,80.22471619,69486,69496,10
13.01751041,80.22501373,69496,69506,10
13.01671982,80.22532654,69506,69516,10
13.01638031,80.2254715,69516,69526,10
13.01601982,80.22557831,69526,69536,10
13.01556969,80.22570801,69536,69546,10
13.01521969,80.22588348,69546,69556,10
13.01484013,80.22602081,69556,69579,23
13.01397038,80.22637939,69579,69591,12
13.01393032,80.22640228,69591,69601,10
13.01366997,80.22647858,69601,69611,10
13.01284981,80.22678375,69611,69621,10
13.01189041,80.22714996,69621,69631,10
13.01105022,80.22747803,69631,69641,10
13.01014042,80.22783661,69641,69651,10
13.00946045,80.22766876,69651,69661,10
13.00967026,80.22711945,69661,69672,11
13.01006031,80.22628021,69672,69682,10
13.01043987,80.22550964,69682,69692,10
13.01068974,80.22490692,69692,69702,10
13.01089954,80.22428131,69702,69711,9
13.01097965,80.22406769,69711,69722,11
13.01109982,80.22371674,69722,69732,10
13.01126003,80.22322083,69732,69742,10
13.01150036,80.22257233,69742,69752,10
13.01179028,80.22177124,69752,69763,11
13.01206017,80.22110748,69763,69773,10
13.01200008,80.22071075,69773,69783,10
13.01173973,80.21996307,69783,69793,10
13.0114603,80.21910095,69793,69803,10
13.01117039,80.21823883,69803,69813,10
13.01088047,80.21750641,69813,69823,10
13.01066017,80.21700287,69823,69833,10
13.01037979,80.21630859,69833,69843,10
13.01008034,80.2158432,69843,69853,10
13.00984001,80.215271,69853,69864,11
13.00942039,80.21472931,69864,69874,10
13.00905991,80.21424866,69874,69884,10
13.00881958,80.21395111,69884,69914,30
13.00881958,80.21395111,69914,69924,10
13.00868034,80.21373749,69924,69934,10
13.00846958,80.21350861,69934,70005,71
13.00846958,80.21350861,70005,70015,10
13.00821018,80.21334076,70015,70025,10
13.00790024,80.21318817,70025,70045,20
13.00790024,80.21318817,70045,70056,11
13.00765991,80.21295929,70056,70066,10
13.00718975,80.21279144,70066,70076,10
13.0065403,80.21272278,70076,70086,10
13.00586033,80.21295929,70086,70096,10
13.00527,80.21269989,70096,70106,10
13.0048399,80.21244049,70106,70116,10
13.00419044,80.21215057,70116,70126,10
13.00389004,80.21199799,70126,70136,10
13.00368023,80.21188354,70136,70146,10
13.00362968,80.21160889,70146,70159,13
13.00358963,80.21127319,70159,70169,10
13.00354004,80.21076965,70169,70178,9
13.00349045,80.21034241,70178,70189,11
13.00345039,80.20979309,70189,70199,10
13.00339985,80.20935059,70199,70209,10
13.00306988,80.20916748,70209,70219,10
13.00247955,80.20881653,70219,70229,10
13.00183964,80.20850372,70229,70239,10
13.00113964,80.20815277,70239,70250,11
13.00039959,80.20780945,70250,70260,10
12.99971008,80.20765686,70260,70270,10
12.99925995,80.20758057,70270,70280,10
12.99890995,80.2075119,70280,70290,10
12.9987402,80.20745087,70290,70300,10
12.99833965,80.20748901,70300,70320,20
12.99833965,80.20748901,70320,70330,10
12.99827957,80.20767212,70330,70341,11
12.99824047,80.20793152,70341,70351,10
12.9981699,80.20839691,70351,70361,10
12.99810028,80.20890045,70361,70371,10
12.99790955,80.20919037,70371,70381,10
12.99767971,80.20957947,70381,70391,10
12.99748039,80.20999908,70391,70401,10
12.99742031,80.2101593,70401,70411,10
12.99732018,80.21038818,70411,70421,10
12.99713039,80.2104187,70421,70431,10
12.99707031,80.21042633,70431,70442,11
12.99676037,80.21037292,70442,70452,10
12.99647999,80.21034241,70452,70462,10
12.99596024,80.210289,70462,70472,10
12.99561977,80.21024323,70472,70482,10
12.99520016,80.21021271,70482,70492,10
12.99495983,80.21019745,70492,70502,10
12.99464989,80.21015167,70502,70512,10
12.99433041,80.21012878,70512,70522,10
12.99396992,80.21009827,70522,70533,11
12.99368954,80.21008301,70533,70543,10
12.99359989,80.21011353,70543,70553,10
12.99351025,80.21038055,70553,70563,10
12.99337006,80.21096802,70563,70573,10
12.99318981,80.21170044,70573,70583,10
12.99302006,80.21240234,70583,70593,10
12.99289989,80.21292114,70593,70603,10
12.99265003,80.2129364,70603,70613,10
12.99207973,80.21279907,70613,70623,10
12.9914999,80.21264648,70623,70644,21
12.9914999,80.21264648,70644,70654,10
12.9912796,80.21266174,70654,70664,10
12.99116039,80.2131424,70664,70674,10
12.9910202,80.21366119,70674,70690,16
12.99053955,80.21463776,70690,70702,12
12.98974991,80.21479797,70702,70710,8
12.98925972,80.21468353,70710,70721,11
12.98902035,80.21495819,70721,70733,12
12.98859978,80.21560669,70733,70743,10
12.98812962,80.21626282,70743,70753,10
12.98781967,80.21701813,70753,70763,10
12.98756981,80.21772766,70763,70773,10
12.98736,80.21833801,70773,70793,20
12.98736,80.21833801,70793,70803,10
12.98701,80.21832275,70803,70813,10
12.98694038,80.21829987,70813,70824,11
12.98666,80.21820068,70824,70833,9
12.98616028,80.21806335,70833,70844,11
12.98546028,80.21794128,70844,70854,10
12.98513985,80.21795654,70854,70864,10
12.98491955,80.21800232,70864,70884,20
12.98491955,80.21800232,70884,70894,10
12.98474979,80.2179718,70894,70904,10
12.98474026,80.2179718,70904,70914,10
12.98396969,80.21795654,70914,70985,71
12.98396969,80.21795654,70985,70995,10
12.98349953,80.2179718,70995,71005,10
12.98283005,80.21800995,71005,71026,21
12.98283005,80.21800995,71026,71036,10
12.98256016,80.21803284,71036,71056,20
12.98256016,80.21803284,71056,71066,10
12.98235035,80.21800995,71066,71076,10
12.98208046,80.2179718,71076,71096,20
12.98208046,80.2179718,71096,71106,10
12.98184013,80.2179718,71106,71248,142
12.98145962,80.21803284,71248,71319,71
12.98145962,80.21803284,71319,71329,10
12.98110008,80.21814728,71329,71379,50
12.98075008,80.21826172,71379,71430,51
12.9803896,80.21839142,71430,71460,30
12.9803896,80.21839142,71460,71470,10
12.98003006,80.21852112,71470,71480,10
12.97974968,80.21865082,71480,71490,10
12.97974014,80.21865845,71490,71500,10
12.97939968,80.21877289,71500,71511,11
12.97914028,80.21890259,71511,71521,10
12.9789896,80.21894073,71521,71531,10
12.97879028,80.21901703,71531,71612,81
12.97879028,80.21901703,71612,71622,10
12.97854042,80.21916962,71622,71632,10
12.97846031,80.21920013,71632,71642,10
12.97834015,80.21925354,71642,71652,10
12.97826004,80.21929169,71652,71834,182
12.97787952,80.21945953,71834,71915,81
12.97749996,80.2195282,71915,72127,212
12.97731018,80.21968079,72127,72178,51
12.97694016,80.21980286,72178,72359,181
12.97694016,80.21980286,72359,72369,10
12.97661972,80.21999359,72369,72541,172
12.97661972,80.21999359,72541,72551,10
12.97622013,80.22013092,72551,72572,21
12.97622013,80.22013092,72572,72582,10
12.97589016,80.22023773,72582,72622,40
12.97589016,80.22023773,72622,72632,10
12.9755497,80.22046661,72632,72642,10
12.97548008,80.22062683,72642,72652,10
12.97554016,80.22080231,72652,72662,10
12.97568989,80.22090912,72662,73269,607
12.97568989,80.22090912,73269,73279,10
12.97585964,80.221138,73279,73289,10
12.9758997,80.22116852,73289,73299,10
12.97597027,80.22129822,73299,73309,10
12.97605038,80.22145081,73309,73319,10
12.97624016,80.22174072,73319,73329,10
12.97651005,80.22215271,73329,73339,10
12.97675037,80.22252655,73339,73350,11
12.9770298,80.22277832,73350,73360,10
12.97731972,80.22271729,73360,73370,10
12.9774704,80.22250366,73370,73380,10
12.97745037,80.22206116,73380,73390,10
12.97741985,80.22162628,73390,73400,10
12.97741985,80.2213974,73400,73410,10
12.97731018,80.22126007,73410,73420,10
12.97686005,80.2212677,73420,73430,10
12.97609997,80.22133636,73430,73572,142
12.97609997,80.22133636,73572,73582,10
12.97577953,80.22123718,73582,73592,10
12.97546005,80.2208786,73592,73602,10
12.97537994,80.22071838,73602,73612,10
12.97541046,80.22058105,73612,73622,10
12.97542953,80.22055054,73622,73633,11
12.97558022,80.2203598,73633,73643,10
12.97591019,80.22016144,73643,73653,10
12.97644997,80.21990204,73653,73662,9
12.97704029,80.21965027,73662,73673,11
12.97778034,80.21933746,73673,73683,10
12.97842026,80.21907043,73683,73693,10
12.97879982,80.21891785,73693,73703,10
12.97889042,80.21888733,73703,73713,10
12.97916031,80.21878815,73713,73723,10
12.97939968,80.21871948,73723,73734,11
12.97945976,80.21869659,73734,73744,10
12.97959042,80.21865845,73744,73754,10
12.97970009,80.2186203,73754,73764,10
12.97986984,80.21852875,73764,73774,10
12.98015976,80.21839142,73774,73784,10
12.98050022,80.21824646,73784,73865,81
12.98085976,80.2181778,73865,73943,78
12.98085976,80.2181778,73943,73954,11
12.98108006,80.21804047,73954,73964,10
12.98130989,80.21794128,73964,74045,81
12.98169041,80.21785736,74045,74095,50
12.98169041,80.21785736,74095,74105,10
12.98223972,80.2178421,74105,74115,10
12.98272038,80.2178421,74115,74126,11
12.98328018,80.21785736,74126,74136,10
12.98361969,80.21784973,74136,74146,10
12.98398972,80.2178421,74146,74156,10
12.98437977,80.21784973,74156,74166,10
12.98497963,80.21785736,74166,74176,10
12.98577976,80.21791077,74176,74186,10
12.98649025,80.21807098,74186,74196,10
12.98731995,80.21822357,74196,74217,21
12.98731995,80.21822357,74217,74227,10
12.98738003,80.21823883,74227,74237,10
12.98746014,80.21817017,74237,74247,10
12.98760033,80.21772003,74247,74257,10
12.98783016,80.21700287,74257,74267,10
12.98816013,80.21620178,74267,74277,10
12.98851967,80.21569824,74277,74287,10
12.98882008,80.21524811,74287,74297,10
12.98915958,80.21476746,74297,74307,10
12.98950958,80.21470642,74307,74318,11
12.98962021,80.2147522,74318,74328,10
12.99005985,80.21485901,74328,74338,10
12.99053955,80.21460724,74338,74348,10
12.99092007,80.2141037,74348,74358,10
12.99108028,80.21350098,74358,74368,10
12.99123001,80.21295929,74368,74378,10
12.99149036,80.21266174,74378,74388,10
12.99160957,80.21269989,74388,74398,10
12.99186039,80.21276093,74398,74409,11
12.99250984,80.2129364,74409,74419,10
12.99283981,80.21302032,74419,74429,10
12.99291992,80.21282959,74429,74439,10
12.99306965,80.21231842,74439,74449,10
12.99318981,80.21176147,74449,74459,10
12.99333954,80.21118164,74459,74469,10
12.99349976,80.21056366,74469,74479,10
12.99359989,80.21013641,74479,74499,20
12.99359989,80.21013641,74499,74510,11
12.99380016,80.21008301,74510,74520,10
12.9941597,80.21009827,74520,74530,10
12.99433041,80.21012878,74530,74540,10
12.99458981,80.2101593,74540,74550,10
12.9949398,80.21019745,74550,74560,10
12.99526978,80.21022797,74560,74570,10
12.99567032,80.21027374,74570,74580,10
12.99615002,80.21031952,74580,74590,10
12.99650955,80.21035004,74590,74600,10
12.99674034,80.21040344,74600,74611,11
12.9971199,80.21045685,74611,74631,20
12.9971199,80.21045685,74631,74641,10
12.99728012,80.21047974,74641,74651,10
12.99738979,80.21022034,74651,74661,10
12.99757957,80.20979309,74661,74671,10
12.99785995,80.20929718,74671,74681,10
12.99810982,80.20890808,74681,74691,10
12.99814987,80.20863342,74691,74702,11
12.99822998,80.20812225,74702,74712,10
12.99831009,80.20777893,74712,74722,10
12.99839973,80.20748138,74722,74742,20
12.99839973,80.20748138,74742,74752,10
12.99878979,80.20748138,74752,74762,10
12.99903011,80.20751953,74762,74772,10
12.99934006,80.20757294,74772,74782,10
12.99985981,80.20768738,74782,74792,10
13.00034046,80.20774841,74792,74803,11
13.00080013,80.20793152,74803,74813,10
13.00156975,80.20832062,74813,74822,9
13.00228024,80.2086792,74822,74833,11
13.00290012,80.20903015,74833,74843,10
13.00335026,80.2092514,74843,74853,10
13.00347996,80.20955658,74853,74863,10
13.00352955,80.20980835,74863,74873,10
13.00358963,80.21018219,74873,74883,10
13.0036602,80.21063995,74883,74894,11
13.00372982,80.21112823,74894,74904,10
13.00374031,80.21134949,74904,74914,10
13.00378036,80.21186829,74914,74924,10
13.00428963,80.21212769,74924,74934,10
13.00487995,80.21243286,74934,74944,10
13.00555038,80.21282959,74944,74954,10
13.00613976,80.21279907,74954,74964,10
13.00681019,80.21272278,74964,74974,10
13.00747967,80.21279907,74974,74984,10
13.00786972,80.21308899,74984,75005,21
13.00786972,80.21308899,75005,75015,10
13.0080204,80.21318817,75015,75025,10
13.00835037,80.21334076,75025,75035,10
13.00874996,80.21372223,75035,75045,10
13.00922966,80.21434784,75045,75055,10
13.00957012,80.21485901,75055,75065,10
13.00959969,80.21492767,75065,75075,10
13.00986004,80.21518707,75075,75085,10
13.01025963,80.2157135,75085,75096,11
13.01072025,80.21650696,75096,75106,10
13.01097965,80.21720886,75106,75116,10
13.01132011,80.21807861,75116,75125,9
13.01165962,80.2190094,75125,75136,11
13.01198006,80.220047,75136,75146,10
13.01222038,80.22068024,75146,75156,10
13.01229954,80.22093964,75156,75166,10
13.01255989,80.22147369,75166,75176,10
13.01301003,80.22197723,75176,75187,11
13.01338959,80.22245789,75187,75197,10
13.0137701,80.22299957,75197,75207,10
13.01422977,80.22354126,75207,75217,10
13.01463032,80.22403717,75217,75227,10
13.01523018,80.22473145,75227,75237,10
13.01591015,80.22525787,75237,75247,10
13.01692009,80.22515869,75247,75257,10
13.01799965,80.22471619,75257,75267,10
13.01904011,80.22437286,75267,75277,10
13.0197401,80.2245636,75277,75288,11
13.0197897,80.22457886,75288,75298,10
13.01992035,80.22467041,75298,75308,10
13.02042007,80.22502899,75308,75318,10
13.02108002,80.22551727,75318,75328,10
13.02178001,80.22602081,75328,75338,10
13.02198982,80.2261734,75338,75348,10
13.02231979,80.22647095,75348,75358,10
13.02283001,80.22692871,75358,75368,10
13.02330971,80.22737122,75368,75378,10
13.02379036,80.22782898,75378,75389,11
13.02425957,80.22827148,75389,75399,10
13.02431011,80.22831726,75399,75409,10
13.02451992,80.22868347,75409,75419,10
13.02488041,80.22923279,75419,75429,10
13.02542973,80.2299118,75429,75439,10
13.02585983,80.23062134,75439,75449,10
13.02604961,80.23130035,75449,75459,10
13.02622032,80.23130035,75459,75469,10
13.02678013,80.23113251,75469,75480,11
13.02777004,80.23092651,75480,75490,10
13.02838039,80.23084259,75490,75500,10
13.02869987,80.23081207,75500,75510,10
13.02935028,80.23074341,75510,75560,50
13.02935028,80.23074341,75560,75570,10
13.02960014,80.23079681,75570,75581,11
13.02991962,80.2307663,75581,75591,10
13.03048992,80.23069763,75591,75601,10
13.03108025,80.23065948,75601,75611,10
13.0318203,80.23061371,75611,75620,9
13.03248978,80.23055267,75620,75631,11
13.03337002,80.23049164,75631,75641,10
13.0341301,80.23042297,75641,75672,31
13.0341301,80.23042297,75672,75682,10
13.03450966,80.23036957,75682,75692,10
13.03476048,80.23027039,75692,75702,10
13.0348196,80.23021698,75702,75712,10
13.03497028,80.2301178,75712,75722,10
13.03505993,80.22991943,75722,75732,10
13.03489971,80.22984314,75732,75742,10
13.03429985,80.22978973,75742,75813,71
13.03429985,80.22978973,75813,75823,10
13.03413963,80.23000336,75823,76035,212
13.03421974,80.23036194,76035,76055,20
13.03421974,80.23036194,76055,76066,11
13.03407955,80.23049164,76066,76076,10
13.0337801,80.23047638,76076,76086,10
13.0333004,80.23052979,76086,76096,10
13.03267956,80.23058319,76096,76106,10
13.03223038,80.23062134,76106,76116,10
13.03186989,80.23065948,76116,76126,10
13.03127003,80.23069763,76126,76136,10
13.03079987,80.23074341,76136,76146,10
13.03063011,80.23075867,76146,76157,11
13.03038979,80.2307663,76157,76167,10
13.02993965,80.23084259,76167,76177,10
13.02958965,80.23088837,76177,76187,10
13.02917004,80.2309494,76187,76197,10
13.02863026,80.23098755,76197,76207,10
13.02810955,80.23104858,76207,76217,10
13.02772045,80.23114014,76217,76227,10
13.02772045,80.23158264,76227,76237,10
13.02773952,80.23200989,76237,76247,10
13.02783966,80.23253632,76247,76258,11
13.02756023,80.23287201,76258,76268,10
13.02688026,80.2329483,76268,76308,40
13.02688026,80.2329483,76308,76318,10
13.02672958,80.23300171,76318,76328,10
13.02641964,80.2329483,76328,76338,10
13.02620983,80.23242188,76338,76349,11
13.02598953,80.23161316,76349,76359,10
13.02579021,80.23091888,76359,76369,10
13.02542973,80.23016357,76369,76379,10
13.02501965,80.22958374,76379,76389,10
13.02460003,80.22898865,76389,76399,10
13.02422047,80.22850037,76399,76409,10
13.02394009,80.22821808,76409,76419,10
13.02367973,80.22789764,76419,76429,10
13.02338028,80.22760773,76429,76439,10
13.02303982,80.22744751,76439,76460,21
13.02303982,80.22744751,76460,76470,10
13.02285957,80.22731018,76470,76480,10
13.02266979,80.22701263,76480,76490,10
13.02235985,80.22664642,76490,76500,10
13.0218401,80.22621918,76500,76510,10
13.02138042,80.22585297,76510,76520,10
13.02083969,80.22544098,76520,76530,10
13.02033997,80.22511292,76530,76540,10
13.02000999,80.2248764,76540,76551,11
13.02000046,80.22486115,76551,76561,10
13.0199604,80.22483826,76561,76571,10
13.01968002,80.22463226,76571,76587,16
13.01842022,80.22463989,76587,76599,12
13.01727962,80.22512054,76599,76608,9
13.01669979,80.22535706,76608,76619,11
13.01576042,80.22570038,76619,76629,10
13.01517963,80.22592926,76629,76639,10
13.01401043,80.22641754,76639,76658,19
13.01401043,80.22641754,76658,76670,12
13.01369953,80.22653198,76670,76680,10
13.01315975,80.22672272,76680,76690,10
13.01235962,80.22699738,76690,76700,10
13.01152039,80.22733307,76700,76709,9
13.01064014,80.22767639,76709,76719,10
13.0098896,80.22795105,76719,76730,11
13.00957012,80.22753143,76730,76741,11
13.00990009,80.22679138,76741,76751,10
13.01027966,80.22598267,76751,76761,10
13.01058006,80.22525024,76761,76771,10
13.01074982,80.22476196,76771,76781,10
13.01095009,80.22422028,76781,76791,10
13.01109028,80.22386932,76791,76801,10
13.01130009,80.22342682,76801,76811,10
13.01154995,80.22277832,76811,76821,10
13.01179981,80.2220993,76821,76831,10
13.01200008,80.2215271,76831,76848,17
13.01214981,80.22100067,76848,76860,12
13.01189995,80.22025299,76860,76870,10
13.01165962,80.2195282,76870,76880,10
13.01130009,80.21843719,76880,76890,10
13.01095963,80.21755981,76890,76900,10
13.01062965,80.21679688,76900,76910,10
13.01027012,80.21613312,76910,76920,10
13.00994015,80.21543121,76920,76930,10
13.00946999,80.21472168,76930,77032,102
13.00942039,80.21465302,77032,77062,30
13.00942039,80.21465302,77062,77072,10
13.00922012,80.21440887,77072,77082,10
13.0088501,80.21389771,77082,77092,10
13.00829029,80.21338654,77092,77123,31
13.00829029,80.21338654,77123,77133,10
13.00796032,80.21321869,77133,77143,10
13.00761986,80.2129364,77143,77153,10
13.00699043,80.21279144,77153,77163,10
13.00619984,80.21286774,77163,77173,10
13.00545979,80.21285248,77173,77182,9
13.00471973,80.21237946,77182,77192,10
13.00389957,80.21208191,77192,77203,11
13.00370979,80.21169281,77203,77213,10
13.00364017,80.21109009,77213,77224,11
13.00354004,80.21031952,77224,77234,10
13.00352955,80.20977783,77234,77244,10
13.00345039,80.20935059,77244,77253,9
13.00306988,80.20915222,77253,77264,11
13.00247002,80.20880127,77264,77273,9
13.00187969,80.20850372,77273,77284,11
13.00129986,80.20819855,77284,77294,10
13.00065041,80.20787048,77294,77304,10
13.00000954,80.2077713,77304,77314,10
12.99938011,80.2076416,77314,77324,10
12.99909973,80.20762634,77324,77335,11
12.99888039,80.2075882,77335,77345,10
12.99872017,80.20752716,77345,77355,10
12.99866009,80.20751953,77355,77365,10
12.99837017,80.20748138,77365,77385,20
12.99837017,80.20748138,77385,77395,10
12.99831963,80.2077179,77395,77405,10
12.99825001,80.20819092,77405,77416,11
12.9981699,80.2086792,77416,77426,10
12.99816036,80.20870972,77426,77436,10
12.99812031,80.20887756,77436,77446,10
12.99790955,80.20934296,77446,77456,10
12.99765968,80.20976257,77456,77466,10
12.99748039,80.21009064,77466,77476,10
12.99744987,80.21013641,77476,77486,10
12.99738979,80.210289,77486,77496,10
12.99726963,80.21051788,77496,77506,10
12.99713039,80.21047974,77506,77517,11
12.99687958,80.21045685,77517,77527,10
12.99668026,80.21044159,77527,77537,10
12.99645042,80.21041107,77537,77547,10
12.99612045,80.21038055,77547,77557,10
12.99586964,80.21035004,77557,77567,10
12.99559021,80.21031952,77567,77577,10
12.99507999,80.21028137,77577,77587,10
12.99464035,80.21024323,77587,77597,10
12.99431038,80.21019745,77597,77608,11
12.99400043,80.21018219,77608,77618,10
12.99380016,80.21016693,77618,77628,10
12.99374962,80.21016693,77628,77638,10
12.99355984,80.21025085,77638,77648,10
12.99351978,80.21041107,77648,77658,10
12.99345016,80.21076202,77658,77668,10
12.99326038,80.21143341,77668,77678,10
12.99306011,80.21230316,77678,77688,10
12.99277973,80.21311188,77688,77709,21
12.99277973,80.21311188,77709,77719,10
12.9926796,80.21307373,77719,77729,10
12.99219036,80.21292114,77729,77739,10
12.9914999,80.2127533,77739,77749,10
12.99145031,80.21273804,77749,77759,10
12.99122047,80.21289063,77759,77769,10
12.99108028,80.21349335,77769,77779,10
12.99094009,80.21404266,77779,77789,10
12.99057961,80.21466064,77789,77800,11
12.98980999,80.21486664,77800,77810,10
12.98925972,80.21472931,77810,77820,10
12.98913956,80.21482086,77820,77830,10
12.98884964,80.21520996,77830,77840,10
12.98847961,80.21578979,77840,77850,10
12.98808002,80.21637726,77850,77860,10
12.98779964,80.21707916,77860,77870,10
12.98756981,80.21778107,77870,77880,10
12.98740959,80.21822357,77880,77890,10
12.98738956,80.21823883,77890,77901,11
12.9872303,80.21842194,77901,77911,10
12.98690987,80.21833801,77911,77921,10
12.98684025,80.21832275,77921,77931,10
12.98637962,80.21819305,77931,77941,10
12.98554039,80.21800232,77941,77951,10
12.98464012,80.21800232,77951,77961,10
12.98398972,80.21798706,77961,77971,10
12.98392963,80.21797943,77971,77981,10
12.98359013,80.21797943,77981,77992,11
12.98279953,80.21797943,77992,78002,10
12.98184013,80.21797943,78002,78012,10
12.98087978,80.21823883,78012,78022,10
12.98015976,80.21849823,78022,78032,10
12.97974014,80.21867371,78032,78042,10
12.97902012,80.21897888,78042,78052,10
12.97842979,80.21920013,78052,78068,16
12.97719955,80.21974182,78068,78080,12
12.97663021,80.22003174,78080,78194,114
12.97663021,80.22003174,78194,78204,10
12.97644997,80.2201004,78204,78213,9
12.97630024,80.22013855,78213,78224,11
12.97628021,80.22016144,78224,78234,10
12.97609043,80.22023773,78234,78396,162
12.97609043,80.22023773,78396,78406,10
12.97574043,80.2203598,78406,78416,10
12.97554016,80.22048187,78416,78426,10
12.97544956,80.22080994,78426,78436,10
12.97605991,80.22149658,78436,78466,30
12.97605991,80.22149658,78466,78477,11
12.97609997,80.22161865,78477,78487,10
12.97638035,80.22206879,78487,78497,10
12.97679043,80.22270966,78497,78506,9
12.97716045,80.22329712,78506,78517,11
12.9776001,80.22398376,78517,78527,10
12.9780798,80.22470093,78527,78537,10
12.97813988,80.224823,78537,78547,10
12.97832966,80.22509003,78547,78557,10
12.97867012,80.22566986,78557,78567,10
12.97910023,80.22638702,78567,78578,11
12.9795599,80.22718048,78578,78588,10
12.98001003,80.22792053,78588,78598,10
12.98044968,80.22868347,78598,78608,10
12.98077965,80.22924042,78608,78618,10
12.98118973,80.22988892,78618,78628,10
12.98157978,80.23046112,78628,78638,10
12.98165035,80.23058319,78638,78648,10
12.98173046,80.23075104,78648,78658,10
12.98192024,80.23130798,78658,78669,11
12.98200989,80.23220062,78669,78679,10
12.9818697,80.23291016,78679,78689,10
12.98171997,80.23327637,78689,78699,10
12.98163033,80.23348236,78699,78709,10
12.98134995,80.23406219,78709,78719,10
12.98118973,80.23480988,78719,78729,10
12.98120022,80.23547363,78729,78739,10
12.98124981,80.23660278,78739,78749,10
12.9812603,80.23750305,78749,78759,10
12.98128986,80.23847961,78759,78790,31
12.98128986,80.23847961,78790,78800,10
12.98130989,80.2387619,78800,78810,10
12.98132038,80.23930359,78810,78820,10
12.98134041,80.23988342,78820,78830,10
12.98134041,80.24066925,78830,78840,10
12.98134041,80.24156189,78840,78850,10
12.98136997,80.2423172,78850,78861,11
12.98136997,80.24265289,78861,78871,10
12.98136997,80.24285889,78871,78881,10
12.98136044,80.24349976,78881,78891,10
12.98120975,80.24440765,78891,78901,10
12.98106956,80.24552917,78901,78911,10
12.98095036,80.24664307,78911,78921,10
12.98083973,80.24783325,78921,78931,10
12.98075008,80.24902344,78931,78941,10
12.98066044,80.24983978,78941,78951,10
12.9804697,80.25066376,78951,78962,11
12.98019981,80.25170135,78962,78972,10
12.98011017,80.25244904,78972,79002,30
12.98011017,80.25244904,79002,79012,10
12.9802599,80.25260162,79012,79022,10
12.98089027,80.25263977,79022,79032,10
12.9818697,80.25261688,79032,79042,10
12.98311996,80.25254822,79042,79052,10
12.98449039,80.25224304,79052,79063,11
12.98579025,80.25187683,79063,79073,10
12.98668957,80.25164032,79073,79083,10
12.98746014,80.25140381,79083,79152,69
12.98746014,80.25140381,79152,79162,10
12.98766041,80.25135803,79162,79172,10
12.98795986,80.25196838,79172,79182,10
12.98791981,80.25296783,79182,79192,10
12.98783016,80.25395203,79192,79202,10
12.98775005,80.25498962,79202,79212,10
12.98770046,80.25575256,79212,79273,61
12.98770046,80.25575256,79273,79283,10
12.98760033,80.2562027,79283,79293,10
12.98756027,80.25672913,79293,79303,10
12.98752975,80.25705719,79303,79313,10
12.98746967,80.25766754,79313,79323,10
12.98742008,80.25836945,79323,79333,10
12.98735046,80.2589798,79333,79343,10
12.98715973,80.25958252,79343,79374,31
12.98715973,80.25958252,79374,79384,10
12.98682022,80.25959015,79384,79424,40
12.98682022,80.25959015,79424,79434,10
12.98672962,80.25962067,79434,79455,21
12.98672962,80.25962067,79455,79465,10
12.98661995,80.25956726,79465,79475,10
