13.03462029,80.2299881,15,9226,9211
13.03454018,80.23011017,9226,9356,130
13.03454018,80.23011017,9356,18534,9178
13.03452969,80.23008728,18534,18727,193
13.03419971,80.23000336,18727,19627,900
13.03419971,80.2299118,19627,19708,81
13.03419971,80.2299118,19708,19718,10
13.03415966,80.23023224,19718,19738,20
13.03415966,80.23023224,19738,19748,10
13.03417969,80.23042297,19748,19758,10
13.03404999,80.23047638,19758,19768,10
13.03355026,80.2305069,19768,19778,10
13.03285027,80.23053741,19778,19788,10
13.03217983,80.23062134,19788,19799,11
13.03143978,80.23068237,19799,19809,10
13.03081989,80.23072052,19809,19819,10
13.03013992,80.23078156,19819,19829,10
13.02989006,80.23082733,19829,19840,11
13.02952003,80.23088074,19840,19850,10
13.0288496,80.23092651,19850,19860,10
13.02818966,80.23101044,19860,19870,10
13.02777004,80.23104858,19870,19880,10
13.02770042,80.23145294,19880,19890,10
13.02777958,80.23207092,19890,19901,11
13.02789021,80.23271942,19901,19911,10
13.02733994,80.23290253,19911,19921,10
13.02692986,80.2329483,19921,19931,10
13.02657032,80.23296356,19931,19941,10
13.02622032,80.23235321,19941,19951,10
13.0259304,80.23126984,19951,19961,10
13.02544022,80.23005676,19961,19971,10
13.02466011,80.22901154,19971,19981,10
13.02408028,80.22836304,19981,19991,10
13.02394009,80.2281723,19991,20001,10
13.02361965,80.22779083,20001,20011,10
13.02315998,80.22730255,20011,20022,11
13.02237034,80.22657013,20022,20032,10
13.02140999,80.22580719,20032,20048,16
13.01972008,80.22458649,20048,20060,12
13.01813984,80.22470856,20060,20069,9
13.01708031,80.22518158,20069,20080,11
13.01634979,80.22535706,20080,20091,11
13.0158596,80.22563171,20091,20101,10
13.01506996,80.2259903,20101,20111,10
13.01453972,80.22621918,20111,20122,11
13.01443958,80.22625732,20122,20132,10
13.01418018,80.22635651,20132,20142,10
13.01362038,80.22654724,20142,20152,10
13.01266956,80.22692871,20152,20162,10
13.01150036,80.22741699,20162,20172,10
13.01023006,80.22789764,20172,20182,10
13.00916004,80.22859955,20182,20192,10
13.00889015,80.22991943,20192,20202,10
13.0086298,80.23130798,20202,20220,18
13.00825977,80.23336029,20220,20232,12
13.00800037,80.23455811,20232,20242,10
13.0078001,80.23561859,20242,20254,12
13.00749016,80.23722839,20254,20264,10
13.00726032,80.23851013,20264,20274,10
13.00702,80.2395401,20274,20284,10
13.00689983,80.24015045,20284,20294,10
13.00687981,80.24069977,20294,20303,9
13.00679016,80.24140167,20303,20314,11
13.00675964,80.24279022,20314,20324,10
13.00673008,80.24388123,20324,20334,10
13.00671959,80.24501038,20334,20346,12
13.00677967,80.24633026,20346,20356,10
13.00677013,80.24730682,20356,20366,10
13.00677967,80.24851227,20366,20376,10
13.00691032,80.24954987,20376,20385,9
13.00687981,80.25022125,20385,20396,11
13.00683022,80.25131989,20396,20406,10
13.00660992,80.25273895,20406,20416,10
13.00660038,80.25411224,20416,20426,10
13.00664997,80.25527191,20426,20436,10
13.00664997,80.25647736,20436,20447,11
13.00683022,80.25772095,20447,20457,10
13.00751972,80.25858307,20457,20467,10
13.00769997,80.25866699,20467,20477,10
13.00780964,80.25871277,20477,20487,10
13.00831985,80.25888062,20487,20497,10
13.00930977,80.25904083,20497,20507,10
13.0105896,80.25907898,20507,20517,10
13.01193047,80.25906372,20517,20527,10
13.01333046,80.25911713,20527,20537,10
13.01474953,80.2591629,20537,20547,10
13.01593018,80.25939941,20547,20558,11
13.01665974,80.25981903,20558,20568,10
13.01675987,80.25990295,20568,20578,10
13.01731014,80.26026917,20578,20588,10
13.01811981,80.26084137,20588,20598,10
13.01887989,80.26139069,20598,20608,10
13.0195303,80.26197052,20608,20618,10
13.02019978,80.26260376,20618,20628,10
13.02056026,80.26277924,20628,20638,10
13.02130032,80.2629776,20638,20648,10
13.02202034,80.26329803,20648,20658,10
13.02229977,80.26344299,20658,20669,11
13.02324009,80.26393127,20669,20679,10
13.02423954,80.26454163,20679,20689,10
13.02499008,80.2651062,20689,20699,10
13.02563,80.26553345,20699,20708,9
13.0261898,80.26584625,20708,20719,11
13.02635002,80.26554871,20719,20729,10
13.02643013,80.26480103,20729,20739,10
13.02651024,80.26428986,20739,20749,10
13.02661037,80.26352692,20749,20759,10
13.02721024,80.26342773,20759,20769,10
13.02812958,80.26364899,20769,20780,11
13.02902985,80.26387787,20780,20790,10
13.02931976,80.26425934,20790,20800,10
13.02935982,80.26509094,20800,20810,10
13.02931976,80.26598358,20810,20820,10
13.02923965,80.2664566,20820,20830,10
13.02931023,80.26654053,20830,20840,10
13.02978992,80.26657104,20840,20850,10
13.03071976,80.26672363,20850,20860,10
13.03186989,80.26699829,20860,20870,10
13.03273964,80.26748657,20870,20880,10
13.03390026,80.26786041,20880,20901,21
13.03390026,80.26786041,20901,20911,10
13.03439999,80.26793671,20911,20921,10
13.03464985,80.26799774,20921,20931,10
13.03442001,80.26804352,20931,20951,20
13.03442001,80.26804352,20951,20961,10
13.03419018,80.26796722,20961,20971,10
13.03367043,80.2678833,20971,20981,10
13.03326035,80.26779938,20981,20991,10
13.03262043,80.2675705,20991,21002,11
13.03178024,80.26712036,21002,21011,9
13.03089046,80.26682281,21011,21022,11
13.02989006,80.26663971,21022,21032,10
13.02923012,80.26651001,21032,21042,10
13.02861977,80.26634216,21042,21052,10
13.02779961,80.26618958,21052,21062,10
13.0269804,80.26608276,21062,21072,10
13.02637959,80.26596832,21072,21082,10
13.02595997,80.26576996,21082,21092,10
13.02560043,80.26554108,21092,21102,10
13.02532005,80.26535797,21102,21113,11
13.02521992,80.26528168,21113,21123,10
13.02478981,80.26490021,21123,21133,10
13.02398014,80.26435089,21133,21143,10
13.02301979,80.26378632,21143,21153,10
13.02250004,80.26358032,21153,21163,10
13.02215958,80.2634201,21163,21179,16
13.02190018,80.26328278,21179,21191,12
13.02103996,80.26303101,21191,21201,10
13.02013016,80.2629776,21201,21211,10
13.01937008,80.26290894,21211,21222,11
13.01889992,80.26261902,21222,21232,10
13.01877022,80.2616806,21232,21242,10
13.01815987,80.26093292,21242,21252,10
13.01725006,80.26030731,21252,21262,10
13.0163002,80.25974274,21262,21272,10
13.01611042,80.25965881,21272,21282,10
13.01576042,80.25950623,21282,21292,10
13.01498032,80.25932312,21292,21302,10
13.01391983,80.25926208,21302,21323,21
13.01117992,80.25917053,21323,21336,13
13.00990963,80.25921631,21336,21346,10
13.0097599,80.25921631,21346,21355,9
13.00926018,80.25921631,21355,21366,11
13.00870037,80.25917053,21366,21376,10
13.00811005,80.25919342,21376,21386,10
13.00739956,80.25926208,21386,21396,10
13.00716972,80.25869751,21396,21406,10
13.00708961,80.25852203,21406,21416,10
13.00673962,80.25789642,21416,21426,10
13.00650978,80.25743103,21426,21437,11
13.00650978,80.25701904,21437,21447,10
13.00652981,80.25637054,21447,21457,10
13.00652027,80.25556946,21457,21467,10
13.0065403,80.25469208,21467,21476,9
13.0065403,80.25408173,21476,21487,11
13.00654984,80.25312042,21487,21497,10
13.00664997,80.25193787,21497,21507,10
13.00673008,80.25081635,21507,21517,10
13.00671959,80.24939728,21517,21527,10
13.00664043,80.24813843,21527,21537,10
13.00662041,80.24754333,21537,21548,11
13.00662994,80.24688721,21548,21557,9
13.00662041,80.24664307,21557,21568,11
13.00662994,80.24659729,21568,21578,10
13.00667,80.24617767,21578,21588,10
13.00667953,80.2452774,21588,21598,10
13.00666046,80.24411011,21598,21608,10
13.00662994,80.24295807,21608,21618,10
13.00658989,80.24163818,21618,21628,10
13.00677013,80.24033356,21628,21638,10
13.00701046,80.23905182,21638,21648,10
13.00726032,80.23773956,21648,21659,11
13.00741005,80.23674011,21659,21669,10
13.0074501,80.23658752,21669,21679,10
13.00755978,80.23615265,21679,21689,10
13.00776005,80.23525238,21689,21699,10
13.0080204,80.23410034,21699,21709,10
13.0082798,80.23264313,21709,21718,9
13.00852013,80.23127747,21718,21728,10
13.00881004,80.22981262,21728,21739,11
13.00914001,80.22833252,21739,21749,10
13.00977039,80.22679138,21749,21759,10
13.01037979,80.22543335,21759,21770,11
13.01105976,80.22396851,21770,21780,10
13.0116396,80.22270203,21780,21790,10
13.0120697,80.22158051,21790,21800,10
13.01251984,80.22171021,21800,21810,10
13.01307964,80.2224884,21810,21820,10
13.01391029,80.2233429,21820,21830,10
13.01430035,80.22392273,21830,21840,10
13.0148201,80.22451782,21840,21850,10
13.01500034,80.224617,21850,21860,10
13.01515961,80.22470093,21860,21870,10
13.01541996,80.22492218,21870,21887,17
13.01550961,80.22496033,21887,21899,12
13.01597023,80.22525024,21899,21909,10
13.01651955,80.22528839,21909,21919,10
13.01776981,80.22483826,21919,21929,10
13.01867008,80.22447968,21929,21938,9
13.01951981,80.22444153,21938,21949,11
13.02033043,80.2249527,21949,21961,12
13.02138042,80.22569275,21961,21971,10
13.02200985,80.22615051,21971,21981,10
13.02204037,80.2261734,21981,21992,11
13.02229977,80.22641754,21992,22002,10
13.02283955,80.22691345,22002,22012,10
13.02361965,80.22766113,22012,22022,10
13.02439976,80.22849274,22022,22032,10
13.02493,80.22926331,22032,22042,10
13.02560043,80.23017883,22042,22052,10
13.02606964,80.23108673,22052,22062,10
13.0264101,80.23126221,22062,22072,10
13.02729034,80.23104095,22072,22082,10
13.02822018,80.23085785,22082,22093,11
13.02898979,80.23078918,22093,22103,10
13.02958012,80.23074341,22103,22113,10
13.03032017,80.23069763,22113,22123,10
13.03116035,80.23062897,22123,22133,10
13.03205967,80.2305603,22133,22143,10
13.03300953,80.23049164,22143,22153,10
13.03402996,80.23043823,22153,22199,46
13.03402996,80.23043823,22199,22212,13
13.03437042,80.23040009,22212,22222,10
13.03477001,80.2303009,22222,22232,10
13.03507996,80.23001862,22232,22343,111
13.03507996,80.23001862,22343,22353,10
13.03487015,80.2297821,22353,22363,10
13.03444004,80.2297287,22363,22373,10
13.03421974,80.22987366,22373,22383,10
13.03421021,80.22988129,22383,22393,10
13.03402042,80.22981262,22393,22454,61
13.03402042,80.22981262,22454,22464,10
13.03374958,80.22975922,22464,23342,878
13.03341007,80.2299881,23342,23877,535
13.03369999,80.22976685,23877,23978,101
13.03369999,80.22976685,23978,23988,10
13.03376961,80.22958374,23988,23998,10
13.03400993,80.22969818,23998,24058,60
13.03400993,80.22969818,24058,24069,11
13.03425026,80.2299118,24069,24220,151
13.03423977,80.23030853,24220,24250,30
13.03423977,80.23030853,24250,24260,10
13.03392982,80.23043823,24260,24270,10
13.03339958,80.23045349,24270,24280,10
13.03248978,80.23052216,24280,24290,10
13.03147984,80.23062134,24290,24301,11
13.03057957,80.23069763,24301,24317,16
13.02985954,80.23078156,24317,24329,12
13.02952003,80.2308197,24329,24339,10
13.02900982,80.23085022,24339,24349,10
13.02820969,80.23091888,24349,24359,10
13.0278101,80.23095703,24359,24368,9
13.02762985,80.23111725,24368,24379,11
13.02768993,80.23174286,24379,24389,10
13.02777958,80.23226929,24389,24399,10
13.02785015,80.23274994,24399,24410,11
13.02696991,80.23293304,24410,24450,40
13.02696991,80.23293304,24450,24460,10
13.02676964,80.23297882,24460,24470,10
13.02665043,80.23300171,24470,24480,10
13.02626991,80.23275757,24480,24490,10
13.02614975,80.23201752,24490,24500,10
13.02597046,80.23119354,24500,24511,11
13.02556038,80.23020172,24511,24521,10
13.02501011,80.22946167,24521,24531,10
13.02445984,80.22875214,24531,24541,10
13.02408028,80.22834015,24541,24551,10
13.02406979,80.22831726,24551,24561,10
13.02383041,80.22795868,24561,24571,10
13.02320004,80.2273407,24571,24581,10
13.02237034,80.22660065,24581,24591,10
13.02136993,80.22579193,24591,24601,10
13.02040005,80.22506714,24601,24611,10
13.01959038,80.22454071,24611,24622,11
13.01863003,80.22450256,24622,24632,10
13.0177002,80.22489166,24632,24642,10
13.01690006,80.22521973,24642,24652,10
13.01628017,80.22550964,24652,24662,10
13.01556015,80.22575378,24662,24672,10
13.01480007,80.22606659,24672,24688,16
13.01438999,80.22622681,24688,24700,12
13.01406002,80.22634125,24700,24710,10
13.01329994,80.22663879,24710,24720,10
13.01226044,80.22705841,24720,24730,10
13.01105976,80.22753143,24730,24741,11
13.00967979,80.22810364,24741,24751,10
13.00909042,80.22898865,24751,24761,10
13.00885963,80.23023987,24761,24771,10
13.00860023,80.23158264,24771,24781,10
13.00837994,80.23269653,24781,24791,10
13.00825977,80.23355103,24791,24801,10
13.0081501,80.23397827,24801,24811,10
13.00802994,80.23458099,24811,24821,10
13.00784016,80.23552704,24821,24831,10
13.00757027,80.23677826,24831,24842,11
13.00730991,80.23809052,24842,24851,9
13.0071497,80.23898315,24851,24862,11
13.00702953,80.23960876,24862,24872,10
13.00697994,80.23995209,24872,24882,10
13.00683975,80.24062347,24882,24892,10
13.00679016,80.24118042,24892,24902,10
13.00677967,80.24127197,24902,24912,10
13.00675011,80.24178314,24912,24922,10
13.00673008,80.2425766,24922,24932,10
13.00669956,80.24349976,24932,24942,10
13.00667953,80.24434662,24942,24953,11
13.00671005,80.24521637,24953,24963,10
13.00675011,80.24600983,24963,24973,10
13.00677013,80.24668121,24973,24983,10
13.00677013,80.24726105,24983,24993,10
13.00675011,80.24806976,24993,25003,10
13.00681019,80.24893188,25003,25013,10
13.00687027,80.24939728,25013,25023,10
13.00687981,80.24941254,25023,25033,10
13.00687981,80.24986267,25033,25043,10
13.00683975,80.25067902,25043,25053,10
13.00685978,80.25115967,25053,25064,11
13.00681973,80.25144196,25064,25074,10
13.00667,80.25209808,25074,25084,10
13.00660038,80.2530899,25084,25094,10
13.00660992,80.25415802,25094,25104,10
13.00664043,80.25511169,25104,25114,10
13.00664043,80.25611115,25114,25124,10
13.00673962,80.25720215,25124,25154,30
13.00673962,80.25720215,25154,25164,10
13.00675964,80.25737762,25164,25175,11
13.00706005,80.25804138,25175,25185,10
13.00765991,80.25861359,25185,25195,10
13.00858021,80.25900269,25195,25205,10
13.00984001,80.25907898,25205,25215,10
13.01121998,80.25907135,25215,25225,10
13.01261997,80.25908661,25225,25235,10
13.01406956,80.25914764,25235,25245,10
13.01550007,80.2592392,25245,25255,10
13.01640034,80.25965118,25255,25265,10
13.01648045,80.25971222,25265,25275,10
13.01669025,80.25988007,25275,25286,11
13.01739979,80.26036835,25286,25296,10
13.01832962,80.26101685,25296,25306,10
13.01924992,80.26174164,25306,25316,10
13.02005959,80.26254272,25316,25326,10
13.02097988,80.26290894,25326,25336,10
13.02171993,80.26318359,25336,25346,10
13.02213955,80.26338196,25346,25356,10
13.02264023,80.26365662,25356,25365,9
13.02305031,80.26389313,25365,25376,11
13.02320957,80.26402283,25376,25387,11
13.02371979,80.264328,25387,25397,10
13.02453995,80.26481628,25397,25407,10
13.02523041,80.26528168,25407,25417,10
13.02585983,80.26570892,25417,25427,10
13.02630043,80.26576233,25427,25437,10
13.02637959,80.26538086,25437,25447,10
13.02637959,80.26535797,25447,25457,10
13.02645969,80.26496887,25457,25467,10
13.02655983,80.26423645,25467,25477,10
13.02659988,80.2639389,25477,25487,10
13.02655983,80.26378632,25487,25498,11
13.02682018,80.26345825,25498,25508,10
13.02744007,80.26361847,25508,25518,10
13.02812004,80.26377106,25518,25528,10
13.02888012,80.26399231,25528,25538,10
13.02931976,80.26416016,25538,25547,9
13.02939987,80.26450348,25547,25558,11
13.0292902,80.26541138,25558,25568,10
13.02925014,80.2661438,25568,25578,10
13.02923012,80.26628113,25578,25588,10
13.0294199,80.26656342,25588,25598,10
13.03009987,80.2666626,25598,25609,11
13.03114033,80.26685333,25609,25619,10
13.03168011,80.26705933,25619,25629,10
13.03213978,80.26728821,25629,25639,10
13.03283978,80.26763916,25639,25649,10
13.03363991,80.26780701,25649,25669,20
13.03363991,80.26780701,25669,25679,10
13.03374004,80.26786041,25679,25689,10
13.03415012,80.26795959,25689,25699,10
13.03454018,80.26799774,25699,25709,10
13.03460979,80.26811981,25709,25720,11
13.03460026,80.2681427,25720,25730,10
13.03429985,80.26805878,25730,25740,10
13.03392029,80.26796722,25740,25750,10
13.0333004,80.26785278,25750,26335,585
13.0333004,80.26785278,26335,26345,10
13.03306007,80.26776123,26345,26355,10
13.03254986,80.26750183,26355,26365,10
13.03192997,80.26721954,26365,26376,11
13.0309,80.26685333,26376,26386,10
13.03022957,80.26670074,26386,26396,10
13.02976036,80.26657867,26396,26406,10
13.02968025,80.26657867,26406,26416,10
13.02939987,80.26656342,26416,26426,10
13.02912045,80.26648712,26426,26436,10
13.02836037,80.26625824,26436,26446,10
13.02744961,80.26609039,26446,26456,10
13.02665997,80.26599121,26456,26466,10
13.02606964,80.26582336,26466,26477,11
13.02554989,80.26548767,26477,26487,10
13.02528954,80.26532745,26487,26497,10
13.02521992,80.26528931,26497,26507,10
13.02497959,80.26509857,26507,26517,10
13.02439976,80.26470184,26517,26527,10
13.02353001,80.26413727,26527,26537,10
13.02278042,80.26373291,26537,26547,10
13.0222702,80.26351929,26547,26557,10
13.02223015,80.26348877,26557,26567,10
13.0220499,80.26338196,26567,26577,10
13.02173996,80.26325226,26577,26588,11
13.02091026,80.26303864,26588,26598,10
13.02029991,80.26300812,26598,26608,10
13.0197401,80.26294708,26608,26618,10
13.01916981,80.26289368,26618,26628,10
13.01895046,80.26254272,26628,26638,10
13.01877975,80.26181793,26638,26648,10
13.01869965,80.2614212,26648,26658,10
13.01830006,80.2611084,26658,26668,10
13.01793957,80.26085663,26668,26678,10
13.01735973,80.26043701,26678,26688,10
13.01659012,80.2599411,26688,26699,11
13.01628017,80.25977325,26699,26709,10
13.01611996,80.25968933,26709,26719,10
13.01562977,80.25948334,26719,26728,9
13.01488018,80.25932312,26728,26738,10
13.01391029,80.25927734,26738,26749,11
13.01292992,80.2592392,26749,26759,10
13.01187992,80.25920105,26759,26769,10
13.01097012,80.25917816,26769,26779,10
13.01000977,80.25920868,26779,26789,10
13.00957966,80.25920868,26789,26799,10
13.00901031,80.25920105,26799,26810,11
13.00854969,80.2591629,26810,26820,10
13.00784016,80.2592392,26820,26830,10
13.00736046,80.25895691,26830,26840,10
13.00728035,80.25878906,26840,26850,10
13.00714016,80.25852203,26850,26860,10
13.00660038,80.25763702,26860,26880,20
13.00660038,80.25763702,26880,26890,10
13.00656033,80.25720978,26890,26900,10
13.0065403,80.25655365,26900,26910,10
13.00656033,80.25567627,26910,26920,10
13.00658989,80.25492859,26920,26931,11
13.00656033,80.25399017,26931,26947,16
13.00658035,80.25315857,26947,26959,12
13.00658989,80.25273895,26959,26969,10
13.00666046,80.25215149,26969,26978,9
13.00675011,80.25164032,26978,26989,11
13.00687981,80.25076294,26989,27001,12
13.00685024,80.2496109,27001,27011,10
13.00685024,80.2494278,27011,27021,10
13.00681019,80.2488327,27021,27032,11
13.00673008,80.24748993,27032,27112,80
13.00673008,80.24748993,27112,27122,10
13.00667,80.24719238,27122,27132,10
13.00662041,80.24656677,27132,27143,11
13.00667,80.24609375,27143,27153,10
13.00667,80.24524689,27153,27163,10
13.00666046,80.24427032,27163,27173,10
13.00662994,80.24315643,27173,27183,10
13.00660038,80.24202728,27183,27193,10
13.00660038,80.241539,27193,27203,10
13.00658989,80.24143982,27203,27213,10
13.00664997,80.24095917,27213,27223,10
13.00681973,80.24019623,27223,27233,10
13.00702,80.23915863,27233,27243,10
13.00720024,80.23806,27243,27254,11
13.00739956,80.23700714,27254,27264,10
13.00743961,80.23661804,27264,27274,10
13.00751972,80.23639679,27274,27284,10
13.00767994,80.23574829,27284,27294,10
13.00788021,80.23477936,27294,27304,10
13.00813961,80.23355103,27304,27314,10
13.00839996,80.23220062,27314,27324,10
13.00864983,80.23088074,27324,27334,10
13.00889969,80.2296524,27334,27344,10
13.00911999,80.22853851,27344,27354,10
13.00959969,80.22727966,27354,27365,11
13.01014996,80.22609711,27365,27375,10
13.01060963,80.22519684,27375,27385,10
13.01103973,80.22428131,27385,27395,10
13.01138973,80.22344208,27395,27405,10
13.01169968,80.22270203,27405,27415,10
13.01208973,80.22162628,27415,27425,10
13.01253986,80.22161865,27425,27435,10
13.01301003,80.22228241,27435,27445,10
13.01373959,80.2230835,27445,27455,10
13.01432991,80.22377014,27455,27465,10
13.01486969,80.22431183,27465,27476,11
13.01525974,80.22473145,27476,27486,10
13.01548958,80.2249527,27486,27496,10
13.01595974,80.22531891,27496,27506,10
13.01679993,80.22525787,27506,27516,10
13.01791954,80.22480011,27516,27526,10
13.01893997,80.22440338,27526,27536,10
13.01949978,80.22444153,27536,27545,9
13.01988029,80.224617,27545,27556,11
13.02054024,80.22509766,27556,27566,10
13.02114964,80.22554016,27566,27576,10
13.02175999,80.22599792,27576,27587,11
13.02210999,80.22624969,27587,27597,10
13.02219963,80.22634888,27597,27607,10
13.02266026,80.22679138,27607,27617,10
13.02342033,80.22747803,27617,27627,10
13.02416039,80.22815704,27627,27637,10
13.02441025,80.22843933,27637,27647,10
13.02458954,80.22872162,27647,27657,10
13.0250597,80.22936249,27657,27667,10
13.02558994,80.23007965,27667,27677,10
13.02602005,80.23085022,27677,27687,10
13.02612019,80.23132324,27687,27698,11
13.02668953,80.23120117,27698,27708,10
13.02744007,80.23101807,27708,27718,10
13.02799988,80.23095703,27718,27728,10
13.02832985,80.23092651,27728,27738,10
13.02851963,80.23091888,27738,27754,16
13.02937984,80.23084259,27754,27766,12
13.0300703,80.2307663,27766,27774,8
13.03050995,80.23074341,27774,27786,12
13.03054047,80.23072815,27786,27796,10
13.03071976,80.23071289,27796,27806,10
13.03110027,80.23068237,27806,27817,11
13.03209019,80.23059845,27817,27827,10
13.03308964,80.23052216,27827,27837,10
13.03413963,80.23045349,27837,27877,40
13.03431034,80.23033905,27877,28664,787
13.03431034,80.23033905,28664,28675,11
13.03417015,80.23053741,28675,28755,80
13.03417969,80.23047638,28755,28816,61
13.03421974,80.23053741,28816,29250,434
13.03427982,80.23046112,29250,29401,151
13.03427982,80.23046112,29401,29411,10
13.03437042,80.23045349,29411,29502,91
13.03431034,80.23047638,29502,29532,30
13.03431034,80.23047638,29532,29542,10
13.03369999,80.23042297,29542,29553,11
13.0335598,80.23043823,29553,29563,10
13.03302956,80.23047638,29563,29573,10
13.03223991,80.2305603,29573,29583,10
13.03135967,80.2306366,29583,29593,10
13.03063965,80.23069763,29593,29602,9
13.03003979,80.23078156,29602,29612,10
13.02989006,80.23079681,29612,29623,11
13.02974987,80.23078918,29623,29633,10
13.02929974,80.23084259,29633,29643,10
13.02861023,80.23085022,29643,29653,10
13.02791023,80.23090363,29653,29664,11
13.02775955,80.23143768,29664,29674,10
13.02783966,80.23227692,29674,29684,10
13.02766991,80.23281097,29684,29694,10
13.02690029,80.23294067,29694,29744,50
13.02690029,80.23294067,29744,29754,10
13.02657032,80.2329483,29754,29764,10
13.02632046,80.23255157,29764,29775,11
13.02602959,80.23158264,29775,29785,10
13.02563953,80.23042297,29785,29795,10
13.02503014,80.22949219,29795,29805,10
13.02457047,80.22889709,29805,29815,10
13.02416992,80.22840881,29815,29825,10
13.02400017,80.2282486,29825,29835,10
13.02396011,80.22821808,29835,29845,10
13.0236702,80.22786713,29845,29855,10
13.02305984,80.22725677,29855,29865,10
13.02225018,80.22650146,29865,29875,10
13.02147961,80.22586823,29875,29886,11
13.02046967,80.22512054,29886,29896,10
13.01933956,80.22445679,29896,29906,10
13.01797962,80.22476959,29906,29922,16
13.01638031,80.22547913,29922,29934,12
13.01560974,80.22576141,29934,29944,10
13.01509953,80.22596741,29944,29954,10
13.01428032,80.22625732,29954,29974,20
13.01428032,80.22625732,29974,29984,10
13.01391029,80.22640228,29984,29995,11
13.01303959,80.22673798,29995,30005,10
13.01194954,80.22717285,30005,30016,11
13.01062012,80.22772217,30016,30026,10
13.0095396,80.22815704,30026,30036,10
13.00907993,80.22891998,30036,30046,10
13.00889969,80.22989655,30046,30056,10
13.00872993,80.23081207,30056,30066,10
13.00856972,80.23158264,30066,30076,10
13.00841045,80.23238373,30076,30086,10
13.00829983,80.23300934,30086,30096,10
13.0082798,80.23332977,30096,30107,11
13.00825024,80.2334137,30107,30117,10
13.00821018,80.23361969,30117,30127,10
13.00813007,80.23394012,30127,30137,10
13.00802994,80.23445129,30137,30147,10
13.00792027,80.23499298,30147,30157,10
13.00780964,80.23554993,30157,30167,10
13.00765991,80.2363205,30167,30177,10
13.00753975,80.23692322,30177,30187,10
13.00741005,80.23760223,30187,30197,10
13.0072403,80.23861694,30197,30207,10
13.00704002,80.23966217,30207,30218,11
13.00689983,80.24041748,30218,30228,10
13.00691986,80.2405014,30228,30238,10
13.00687027,80.24073029,30238,30248,10
13.00685024,80.24091339,30248,30258,10
13.00679016,80.24150085,30258,30268,10
13.00677967,80.24243164,30268,30277,9
13.00673962,80.24324036,30277,30287,10
13.00673008,80.24403381,30287,30298,11
13.00671959,80.24497223,30298,30308,10
13.00673962,80.2457428,30308,30318,10
13.00677967,80.24652863,30318,30329,11
13.00675964,80.24712372,30329,30339,10
13.00673962,80.24771881,30339,30349,10
13.00677013,80.24852753,30349,30359,10
13.00687027,80.2492981,30359,30369,10
13.00687981,80.24945831,30369,30379,10
13.00689983,80.24951172,30379,30389,10
13.00689983,80.2496109,30389,30399,10
13.00687027,80.25006104,30399,30415,16
13.00677967,80.25157928,30415,30427,12
13.00654984,80.25279999,30427,30435,8
13.00654984,80.2532196,30435,30448,13
13.00654984,80.25415039,30448,30458,10
13.00660992,80.25502014,30458,30468,10
13.00664043,80.25585938,30468,30478,10
13.00664997,80.25656128,30478,30488,10
13.00667953,80.25708771,30488,30518,30
13.00667953,80.25708771,30518,30528,10
13.00666046,80.25723267,30528,30539,11
13.00675964,80.25771332,30539,30550,11
13.00716019,80.25840759,30550,30560,10
13.0075798,80.25863647,30560,30570,10
13.00769997,80.2587204,30570,30580,10
13.00823021,80.25894928,30580,30590,10
13.0092001,80.25911713,30590,30600,10
13.01047993,80.2591095,30600,30610,10
13.01183033,80.25913239,30610,30620,10
13.01323032,80.25920105,30620,30630,10
13.01463985,80.25921631,30630,30640,10
13.01591015,80.25940704,30640,30650,10
13.0165596,80.25975037,30650,30671,21
13.0165596,80.25975037,30671,30681,10
13.01675034,80.26000977,30681,30691,10
13.01741028,80.26043701,30691,30701,10
13.01830006,80.26100922,30701,30711,10
13.01902008,80.26157379,30711,30721,10
13.01953983,80.26209259,30721,30731,10
13.02013969,80.2625885,30731,30741,10
13.02023029,80.26264191,30741,30751,10
13.02046013,80.26275635,30751,30761,10
13.02103996,80.26293945,30761,30772,11
13.02180004,80.26325226,30772,30782,10
13.02212048,80.26339722,30782,30792,10
13.02295971,80.26383209,30792,30812,20
13.02295971,80.26383209,30812,30822,10
13.02311993,80.26397705,30822,30838,16
13.02408028,80.26448059,30838,30850,12
13.02464008,80.26486206,30850,30858,8
13.02492046,80.26513672,30858,30870,12
13.02565956,80.26560211,30870,30881,11
13.02614975,80.26583862,30881,30891,10
13.02632999,80.26567078,30891,30901,10
13.02633953,80.26524353,30901,30911,10
13.02643013,80.26461792,30911,30921,10
13.02649975,80.26407623,30921,30931,10
13.02651024,80.26406097,30931,30941,10
13.02655983,80.26374054,30941,30951,10
13.02668953,80.2633667,30951,30961,10
13.02721977,80.26351929,30961,30971,10
13.02787971,80.26371002,30971,30981,10
13.02859974,80.26390076,30981,30992,11
13.02929974,80.26413727,30992,31002,10
13.02931976,80.26467133,31002,31012,10
13.02929974,80.26545715,31012,31022,10
13.02925968,80.26615143,31022,31032,10
13.02923965,80.26631927,31032,31042,10
13.02923965,80.26638031,31042,31052,10
13.02935982,80.2665863,31052,31062,10
13.02997017,80.2666626,31062,31072,10
13.03055954,80.26674652,31072,31082,10
13.03170967,80.26711273,31082,31092,10
13.03252029,80.26751709,31092,31103,11
13.03347015,80.26782227,31103,31123,20
13.03347015,80.26782227,31123,31133,10
13.03367996,80.26776123,31133,31143,10
13.03417015,80.26790619,31143,31153,10
13.03458023,80.26795959,31153,31173,20
13.03458023,80.26795959,31173,31183,10
13.03435993,80.26805115,31183,31193,10
13.0335598,80.2678833,31193,31706,513
13.03328037,80.26795197,31706,31979,273
13.03330994,80.26786041,31979,32039,60
13.03330994,80.26786041,32039,32049,10
13.03283978,80.26776123,32049,32069,20
13.03283978,80.26776123,32069,32079,10
13.03264046,80.26754761,32079,32090,11
13.03223991,80.26735687,32090,32100,10
13.03186035,80.26714325,32100,32110,10
13.03143978,80.26698303,32110,32120,10
13.0309,80.26685333,32120,32130,10
13.02997017,80.26660156,32130,32151,21
13.02997017,80.26660156,32151,32161,10
13.02960968,80.26660156,32161,32171,10
13.02945042,80.26660156,32171,32181,10
13.02914047,80.26654816,32181,32191,10
13.02851963,80.26634216,32191,32202,11
13.02777958,80.26618195,32202,32212,10
13.02696991,80.26609802,32212,32222,10
13.02633953,80.26596069,32222,32244,22
13.02540016,80.26534271,32244,32256,12
13.02519989,80.26528168,32256,32264,8
13.02488995,80.26506805,32264,32276,12
13.02406979,80.26432037,32276,32284,8
13.02355957,80.26406097,32284,32296,12
13.02272034,80.26361847,32296,32306,10
13.02223969,80.26345825,32306,32316,10
13.02210045,80.26338196,32316,32327,11
13.02178955,80.26322174,32327,32337,10
13.02108002,80.26306915,32337,32347,10
13.02033997,80.26304626,32347,32357,10
13.01970959,80.2629776,32357,32367,10
13.01912022,80.26290131,32367,32377,10
13.01893997,80.26225281,32377,32387,10
13.01879025,80.26139069,32387,32397,10
13.01844025,80.26113129,32397,32407,10
13.01776981,80.26068115,32407,32417,10
13.01702976,80.26016235,32417,32428,11
13.01628971,80.25971985,32428,32438,10
13.01611996,80.25965881,32438,32448,10
13.01603985,80.2596817,32448,32458,10
13.01554012,80.25946808,32458,32468,10
13.01476002,80.25933075,32468,32478,10
13.01379967,80.25926208,32478,32488,10
13.01261997,80.25923157,32488,32498,10
13.01140022,80.25919342,32498,32508,10
13.01047993,80.2592392,32508,32518,10
13.00990963,80.25924683,32518,32528,10
13.00979042,80.25924683,32528,32539,11
13.00924969,80.2592392,32539,32549,10
13.00883961,80.25917053,32549,32559,10
13.00837994,80.25906372,32559,32569,10
13.00771046,80.25933075,32569,32579,10
13.00734043,80.25875854,32579,32589,10
13.00724983,80.2585907,32589,32599,10
13.00699997,80.25821686,32599,32609,10
13.00662041,80.25762177,32609,32650,41
13.0064497,80.25762939,32650,32750,100
13.0064497,80.25762939,32750,32761,11
13.00646019,80.25711823,32761,32771,10
13.0064497,80.25640106,32771,32781,10
13.00646019,80.25552368,32781,32791,10
13.00650024,80.25466919,32791,32801,10
13.00646973,80.25363922,32801,32811,10
13.00648975,80.25318909,32811,32831,20
13.00648975,80.25318909,32831,32841,10
13.00652027,80.25302124,32841,32851,10
13.0065403,80.25218964,32851,32872,21
13.0065403,80.25218964,32872,32882,10
13.00658035,80.25202179,32882,32892,10
13.00666046,80.2516098,32892,32902,10
13.00673008,80.25086212,32902,32912,10
13.00675011,80.24996185,32912,32922,10
13.00675011,80.24960327,32922,32932,10
13.00675011,80.24939728,32932,32942,10
13.00669956,80.24874878,32942,32952,10
13.00664043,80.24791718,32952,32962,10
13.00656986,80.24661255,32962,32983,21
13.00656986,80.24661255,32983,32993,10
13.00658989,80.24642181,32993,33003,10
13.00662041,80.24581909,33003,33013,10
13.00658989,80.24488831,33013,33023,10
13.00660038,80.2437973,33023,33033,10
13.00654984,80.24285126,33033,33043,10
13.00652027,80.24172974,33043,33053,10
13.00652981,80.24144745,33053,33063,10
13.00656033,80.2412796,33063,33073,10
13.00660992,80.24080658,33073,33083,10
13.00671959,80.24021149,33083,33094,11
13.00695992,80.2392807,33094,33104,10
13.0071497,80.23816681,33104,33114,10
13.00737,80.23697662,33114,33124,10
13.00741005,80.23673248,33124,33134,10
13.00743961,80.23665619,33134,33144,10
13.00755978,80.23625946,33144,33154,10
13.0076704,80.23568726,33154,33164,10
13.00776005,80.23526001,33164,33174,10
13.00788021,80.23461914,33174,33184,10
13.00807953,80.23368835,33184,33195,11
13.00835037,80.23230743,33195,33205,10
13.00862026,80.23092651,33205,33215,10
13.00891018,80.22949982,33215,33225,10
13.00924015,80.22805786,33225,33235,10
13.00984001,80.22672272,33235,33245,10
13.01037025,80.22567749,33245,33255,10
13.01074028,80.22493744,33255,33265,10
13.0110302,80.22422028,33265,33275,10
13.01136971,80.22338867,33275,33285,10
13.01173019,80.2224884,33285,33295,10
13.0120697,80.22158813,33295,33305,10
13.01237965,80.22151947,33305,33315,10
13.01268005,80.22203064,33315,33326,11
13.01327038,80.22265625,33326,33336,10
13.01381969,80.22322845,33336,33346,10
13.01408005,80.22353363,33346,33356,10
13.01422024,80.22379303,33356,33366,10
13.01463032,80.22428131,33366,33376,10
13.01525974,80.224823,33376,33396,20
13.01525974,80.224823,33396,33406,10
13.01554012,80.22502899,33406,33417,11
13.01603031,80.22530365,33417,33427,10
13.01667976,80.22525787,33427,33437,10
13.01743031,80.22496796,33437,33447,10
13.01819992,80.22463989,33447,33457,10
13.01895046,80.2243576,33457,33467,10
13.0196104,80.22438049,33467,33497,30
13.0196104,80.22438049,33497,33507,10
13.01970005,80.224617,33507,33517,10
13.02003956,80.22486877,33517,33527,10
13.02064991,80.22528076,33527,33538,11
13.02128029,80.22576141,33538,33548,10
13.02190018,80.22618866,33548,33568,20
13.02190018,80.22618866,33568,33578,10
13.02210999,80.22631073,33578,33588,10
13.02229977,80.22647858,33588,33598,10
13.02280998,80.22693634,33598,33608,10
13.02332973,80.22741699,33608,33618,10
13.02367973,80.22770691,33618,33628,10
13.02390003,80.22795868,33628,33639,11
13.02425957,80.22839355,33639,33649,10
13.02447987,80.2286911,33649,33659,10
13.02462006,80.22888947,33659,33669,10
13.02474022,80.22905731,33669,33679,10
13.02501965,80.22943878,33679,33689,10
13.02552986,80.2301178,33689,33699,10
13.02589989,80.23078156,33699,33709,10
13.02598,80.2313385,33709,33719,10
13.02649021,80.23127747,33719,33729,10
13.02737999,80.23105621,33729,33739,10
13.02820969,80.23091888,33739,33749,10
13.02855015,80.23088074,33749,33760,11
13.02875996,80.23085785,33760,33770,10
13.02884007,80.23085785,33770,33780,10
13.02912045,80.23084259,33780,33796,16
13.02968979,80.23079681,33796,33809,13
13.03003979,80.23075867,33809,33819,10
13.0303297,80.23074341,33819,33829,10
13.03057957,80.23072052,33829,33838,9
13.03081036,80.23069763,33838,33849,11
13.03135014,80.23065948,33849,33859,10
13.03197002,80.23061371,33859,33869,10
13.03265953,80.23055267,33869,33880,11
13.03326035,80.23049927,33880,33910,30
13.03326035,80.23049927,33910,33920,10
13.03332996,80.23049927,33920,33930,10
13.03361034,80.23049164,33930,33991,61
13.03361034,80.23049164,33991,34000,9
13.03392029,80.23045349,34000,34011,11
13.03423977,80.23040009,34011,34021,10
13.0348196,80.23027039,34021,34051,30
13.0348196,80.23027039,34051,34061,10
13.03507996,80.23017883,34061,34071,10
13.03522968,80.22998047,34071,34081,10
13.0350399,80.22979736,34081,34092,11
13.03470039,80.22975159,34092,34203,111
13.03431034,80.22971344,34203,34314,111
13.03431034,80.22971344,34314,34324,10
13.03376961,80.22973633,34324,34334,10
13.0335598,80.2297821,34334,34344,10
13.03347015,80.2298584,34344,34364,20
13.03347015,80.2298584,34364,34374,10
13.03372002,80.22984314,34374,35091,717
13.03372002,80.22984314,35091,35101,10
13.03359985,80.22975159,35101,35111,10
13.03369045,80.22969055,35111,39398,4287
13.03337955,80.22989655,39398,39478,80
13.03334999,80.22992706,39478,39981,503
13.03334999,80.22992706,39981,39991,10
13.03332043,80.23007202,39991,40021,30
13.03332043,80.23007202,40021,40031,10
13.0333004,80.23017883,40031,40062,31
13.03328037,80.23030853,40062,40112,50
13.03332043,80.2301712,40112,40132,20
13.03335953,80.2300415,40132,40183,51
13.03335953,80.22994232,40183,40516,333
13.03335953,80.22994232,40516,40526,10
13.03339005,80.23014069,40526,40657,131
13.03341961,80.22995758,40657,40899,242
13.03341961,80.22995758,40899,40909,10
13.03335953,80.23005676,40909,41141,232
13.03335953,80.23005676,41141,41151,10
13.03332996,80.2302475,41151,41293,142
13.03334999,80.2304306,41293,42201,908
13.03332043,80.23039246,42201,42332,131
13.03334045,80.23052979,42332,42605,273
13.03312969,80.2305069,42605,43442,837
13.03345966,80.23052216,43442,45390,1948
13.03357983,80.2304306,45390,47035,1645
13.03332996,80.23017883,47035,47640,605
13.03314018,80.23032379,47640,47691,51
13.03314018,80.23032379,47691,47701,10
13.0333004,80.23016357,47701,49215,1514
13.03324032,80.23007965,49215,49376,161
13.03314018,80.23007202,49376,49417,41
13.03328037,80.2299881,49417,49457,40
13.03328037,80.2299881,49457,49467,10
13.03355026,80.22984314,49467,49477,10
13.03374958,80.22978973,49477,49739,262
13.03409004,80.22992706,49739,49972,233
13.03394032,80.22979736,49972,50284,312
13.03404045,80.2298584,50284,53221,2937
13.03404045,80.2298584,53221,53231,10
13.03402042,80.22969818,53231,58628,5397
13.03402042,80.22969818,58628,58636,8
13.0340004,80.22995758,58636,59245,609
13.03423977,80.23021698,59245,59508,263
13.03423977,80.23021698,59508,59517,9
13.03462029,80.23045349,59517,59529,12
13.03481007,80.2303772,59529,59539,10
13.03493977,80.23034668,59539,59549,10
13.03518009,80.23033905,59549,59559,10
13.0353899,80.2303772,59559,59567,8
13.03563023,80.23042297,59567,59580,13
13.03594971,80.23052979,59580,59590,10
13.03623962,80.23062134,59590,59600,10
13.03647995,80.23069,59600,59610,10
13.03656006,80.23068237,59610,59621,11
13.03752995,80.23091888,59621,59631,10
13.03833008,80.23127747,59631,59641,10
13.0391798,80.23152161,59641,59651,10
13.04001999,80.23175812,59651,59674,23
13.04214001,80.23233032,59674,59686,12
13.04327011,80.23239136,59686,59696,10
13.04401016,80.23243713,59696,59706,10
13.04469967,80.23255157,59706,59716,10
13.04522991,80.23262024,59716,59726,10
13.04563999,80.23265839,59726,59737,11
13.04609013,80.23274994,59737,59747,10
13.04656029,80.23284149,59747,59757,10
13.04706001,80.23298645,59757,59767,10
13.04710007,80.23300171,59767,59777,10
13.04741955,80.23297882,59777,59787,10
13.04743958,80.23262787,59787,59797,10
13.04749966,80.23204803,59797,59807,10
13.04755974,80.23146057,59807,59817,10
13.04761982,80.23088074,59817,59827,10
13.04765987,80.23049927,59827,59837,10
13.04738998,80.23005676,59837,59848,11
13.04666042,80.22981262,59848,59858,10
13.04586029,80.22968292,59858,59868,10
13.04508018,80.22952271,59868,59877,9
13.04458046,80.22943878,59877,59886,9
13.04424,80.22936249,59886,59897,11
13.04382992,80.22917938,59897,59908,11
13.04395962,80.22872162,59908,59919,11
13.04417992,80.22802734,59919,59929,10
13.04432011,80.22743988,59929,59939,10
13.04452038,80.22682953,59939,59950,11
13.04473019,80.22598267,59950,59958,8
13.0448904,80.22583008,59958,59969,11
13.04541969,80.22589874,59969,59980,11
13.04617977,80.22608185,59980,59989,9
13.04664993,80.22624207,59989,59999,10
13.04734039,80.22646332,59999,60010,11
13.0481596,80.22667694,60010,60020,10
13.04876041,80.22686005,60020,60030,10
13.04951,80.22699738,60030,60040,10
13.0503397,80.22717285,60040,60051,11
13.05088043,80.22724152,60051,60061,10
13.05161953,80.22740936,60061,60070,9
13.0520401,80.22750854,60070,60081,11
13.05206966,80.22750854,60081,60091,10
13.05243969,80.22757721,60091,60101,10
13.05282021,80.22766113,60101,60111,10
13.05335045,80.2277832,60111,60121,10
13.05358982,80.22782898,60121,60131,10
13.05379963,80.2277832,60131,60141,10
13.05385017,80.22759247,60141,60151,10
13.05379963,80.22702789,60151,60171,20
13.05379963,80.22702789,60171,60182,11
13.05381012,80.22691345,60182,60193,11
13.05373955,80.22631836,60193,60203,10
13.05366039,80.22577667,60203,60213,10
13.05354977,80.22519684,60213,60223,10
13.05337048,80.22441864,60223,60233,10
13.05323029,80.22377014,60233,60243,10
13.0530901,80.22306061,60243,60253,10
13.05301952,80.22277832,60253,60264,11
13.05288029,80.22231293,60264,60274,10
13.05270004,80.22170258,60274,60284,10
13.05257034,80.22125244,60284,60294,10
13.05249023,80.22094727,60294,60304,10
13.05241013,80.22064209,60304,60314,10
13.05237961,80.22051239,60314,60324,10
13.05228043,80.2201767,60324,60334,10
13.05216026,80.21977234,60334,60344,10
13.05214024,80.21967316,60344,60354,10
13.0520401,80.21929932,60354,60364,10
13.05195045,80.21900177,60364,60375,11
13.05171967,80.21826935,60375,60385,10
13.05146027,80.21753693,60385,60395,10
13.05119991,80.21678162,60395,60405,10
13.05095005,80.21602631,60405,60415,10
13.05084038,80.2155838,60415,60424,9
13.05070019,80.21511841,60424,60435,11
13.05047035,80.21466064,60435,60445,10
13.04973984,80.21468353,60445,60466,21
13.04973984,80.21468353,60466,60477,11
13.04934978,80.21463776,60477,60487,10
13.04878044,80.2145462,60487,60497,10
13.04804993,80.21446991,60497,60507,10
13.04753971,80.21443939,60507,60517,10
13.04679966,80.21446991,60517,60527,10
13.04588032,80.2146225,60527,60537,10
13.04504013,80.21472931,60537,60547,10
13.04450035,80.21466064,60547,60557,10
13.04446983,80.21414185,60557,60567,10
13.04442024,80.2129364,60567,60646,79
13.04442024,80.2129364,60646,60656,10
13.04436016,80.21260071,60656,60666,10
13.04440022,80.21228027,60666,60675,9
13.04475021,80.21224213,60675,60686,11
13.04555035,80.21222687,60686,60696,10
13.04642963,80.21221924,60696,60707,11
13.04687977,80.21221161,60707,60717,10
13.04730034,80.21218109,60717,60727,10
13.04751968,80.21214294,60727,60737,10
13.04786015,80.21212006,60737,60746,9
13.04806042,80.21212006,60746,60757,11
13.0481596,80.21209717,60757,60767,10
13.04854012,80.21205902,60767,60828,61
13.04854012,80.21205902,60828,60838,10
13.04887009,80.21192932,60838,60848,10
13.04887962,80.21193695,60848,60858,10
13.04913044,80.21198273,60858,60868,10
13.04950047,80.21198273,60868,60908,40
13.04950047,80.21198273,60908,60918,10
13.04988956,80.21192169,60918,60929,11
13.05014992,80.21193695,60929,60949,20
13.05014992,80.21193695,60949,60959,10
13.05051994,80.21204376,60959,60969,10
13.05078983,80.21201324,60969,60979,10
13.05150986,80.21208954,60979,60989,10
13.05235958,80.21192932,60989,60999,10
13.0532198,80.21170044,60999,61009,10
13.05414009,80.21150208,61009,61019,10
13.05496979,80.21141815,61019,61029,10
13.05576992,80.21144104,61029,61040,11
13.05636024,80.21140289,61040,61050,10
13.05714989,80.21154022,61050,61060,10
13.0574398,80.21143341,61060,61070,10
13.05772972,80.21143341,61070,61080,10
13.0583601,80.21150208,61080,61090,10
13.05916023,80.21148682,61090,61100,10
13.0601902,80.21157074,61100,61110,10
13.0612402,80.21166992,61110,61120,10
13.06214046,80.21170044,61120,61130,10
13.06305027,80.21166229,61130,61140,10
13.06350994,80.2115097,61140,61161,21
13.06350994,80.2115097,61161,61171,10
13.06377029,80.21147156,61171,61181,10
13.06435966,80.21147156,61181,61191,10
13.06517029,80.21096802,61191,61201,10
13.06599998,80.21028137,61201,61211,10
13.06680012,80.20954132,61211,61220,9
13.06733036,80.2087326,61220,61230,10
13.06787968,80.20787811,61230,61241,11
13.06838989,80.20710754,61241,61251,10
13.06890011,80.20633698,61251,61262,11
13.06927967,80.20571136,61262,61272,10
13.06931973,80.2056427,61272,61282,10
13.06945038,80.20539093,61282,61292,10
13.06968021,80.20498657,61292,61302,10
13.06958008,80.20478058,61302,61312,10
13.0692997,80.2049408,61312,61322,10
13.06890965,80.20539856,61322,61332,10
13.06873035,80.20510864,61332,61362,30
13.06873035,80.20510864,61362,61373,11
13.06879997,80.20475769,61373,61383,10
13.06882,80.20474243,61383,61393,10
13.06896019,80.20468903,61393,61403,10
13.06931973,80.20468903,61403,61413,10
13.06941032,80.20471191,61413,61423,10
13.06952,80.20478058,61423,61433,10
13.06978989,80.20484924,61433,61443,10
13.07015038,80.2045517,61443,61453,10
13.07059956,80.2039566,61453,61463,10
13.07124043,80.20317841,61463,61473,10
13.07164955,80.20262146,61473,61484,11
13.07192039,80.20227814,61484,61494,10
13.07215977,80.20200348,61494,61504,10
13.07252979,80.20159149,61504,61514,10
13.07289028,80.20115662,61514,61524,10
13.07320976,80.20081329,61524,61534,10
13.07328987,80.20072174,61534,61544,10
13.07339001,80.2006073,61544,61554,10
13.07367039,80.20030212,61554,61564,10
13.07394981,80.19998169,61564,61574,10
13.07419968,80.1996994,61574,61584,10
13.07456017,80.19934845,61584,61594,10
13.07530022,80.19902802,61594,61605,11
13.07573032,80.19844055,61605,61615,10
13.07551956,80.19745636,61615,61625,10
13.07528973,80.19647217,61625,61634,9
13.07511997,80.19571686,61634,61645,11
13.07497978,80.19544983,61645,61655,10
13.07495022,80.19538879,61655,61665,10
13.07462025,80.1949234,61665,61675,10
13.07423973,80.19438171,61675,61685,10
13.07402992,80.1934967,61685,61695,10
13.07406044,80.19252777,61695,61706,11
13.07404995,80.19145203,61706,61716,10
13.07367992,80.19058228,61716,61726,10
13.07297993,80.18972778,61726,61736,10
13.07244015,80.1886673,61736,61746,10
13.07196045,80.18763733,61746,61756,10
13.07155991,80.1866684,61756,61766,10
13.07141018,80.18623352,61766,61776,10
13.0713501,80.18596649,61776,61786,10
13.07118988,80.18531799,61786,61796,10
13.07104015,80.18460083,61796,61806,10
13.07091999,80.18411255,61806,61817,11
13.07077026,80.1835022,61817,61827,10
13.07046986,80.18279266,61827,61837,10
13.07021046,80.18228912,61837,61847,10
13.06993008,80.18177795,61847,61857,10
13.06978035,80.18157959,61857,61867,10
13.0693903,80.18105316,61867,61877,10
13.06888008,80.18028259,61877,61887,10
13.06832027,80.17948151,61887,61897,10
13.06776047,80.1786499,61897,61907,10
13.06744003,80.17784119,61907,61917,10
13.06739998,80.17704773,61917,61928,11
13.06729984,80.17611694,61928,61938,10
13.06696987,80.17545319,61938,61948,10
13.06655979,80.17482758,61948,61958,10
13.06653023,80.1747818,61958,61968,10
13.06645966,80.17465973,61968,61978,10
13.06626034,80.17437744,61978,61988,10
13.06606007,80.17410278,61988,61998,10
13.06562042,80.17347717,61998,62008,10
13.06503963,80.17263794,62008,62018,10
13.06447983,80.17182159,62018,62028,10
13.06410027,80.17102051,62028,62039,11
13.06402016,80.17006683,62039,62049,10
13.06406021,80.16924286,62049,62059,10
13.06396961,80.16845703,62059,62069,10
13.06369972,80.16783905,62069,62079,10
13.06322956,80.16725159,62079,62089,10
13.06291962,80.16693115,62089,62099,10
13.06282997,80.1668396,62099,62115,16
13.06219006,80.16606903,62115,62127,12
13.06149006,80.16532135,62127,62135,8
13.0613203,80.16493225,62135,62148,13
13.06130028,80.16481018,62148,62158,10
13.06118965,80.16439819,62158,62188,30
13.06116962,80.16423798,62188,62208,20
13.06116962,80.16423798,62208,62218,10
13.06116009,80.16416931,62218,62228,10
13.06116009,80.16377258,62228,62238,10
13.06118011,80.1633606,62238,62248,10
13.06120014,80.16285706,62248,62259,11
13.06122017,80.16207123,62259,62269,10
13.06126022,80.16124725,62269,62279,10
13.06128979,80.16026306,62279,62289,10
13.06142998,80.15911865,62289,62299,10
13.06153965,80.15799713,62299,62309,10
13.06120014,80.15692139,62309,62319,10
13.06072998,80.15602875,62319,62329,10
13.06046009,80.15505219,62329,62349,20
13.06046009,80.15505219,62349,62359,10
13.06044006,80.15476227,62359,62370,11
13.0605402,80.1541214,62370,62380,10
13.06070042,80.15329742,62380,62390,10
13.06089973,80.15249634,62390,62400,10
13.06124973,80.15171814,62400,62410,10
13.06163979,80.15099335,62410,62420,10
13.06198025,80.15007782,62420,62430,10
13.06198025,80.14916229,62430,62440,10
13.06196976,80.14810181,62440,62450,10
13.0619297,80.14701843,62450,62460,10
13.0618,80.14586639,62460,62476,16
13.06161022,80.14424896,62476,62489,13
13.06145,80.14283752,62489,62499,10
13.06138039,80.14196777,62499,62509,10
13.06130028,80.14061737,62509,62519,10
13.06122971,80.13957214,62519,62529,10
13.06114006,80.1388092,62529,62539,10
13.06114006,80.13848114,62539,62559,20
13.06114006,80.13848114,62559,62569,10
13.06120014,80.1383667,62569,62579,10
13.06136036,80.13829803,62579,62589,10
13.06138992,80.13829041,62589,62609,20
13.06186008,80.13825989,62609,62621,12
13.06260967,80.13838959,62621,62631,10
13.06295967,80.13822174,62631,62639,8
13.0632,80.13813782,62639,62651,12
13.06400013,80.13828278,62651,62661,10
13.0642004,80.13804626,62661,62671,10
13.06435013,80.13755798,62671,62681,10
13.06482029,80.13755798,62681,62691,10
13.0656004,80.13764954,62691,62701,10
13.06581974,80.13703918,62701,62712,11
13.06597042,80.13645935,62712,62722,10
13.06645966,80.13652802,62722,62732,10
13.06665039,80.13594818,62732,62742,10
13.06671047,80.13504791,62742,62752,10
13.06684017,80.13401794,62752,62762,10
13.06700039,80.13314056,62762,62772,10
13.06725025,80.1322403,62772,62782,10
13.06748009,80.1315918,62782,62792,10
13.06760025,80.1307373,62792,62802,10
13.06760025,80.13014221,62802,62813,11
13.06758022,80.12957764,62813,62823,10
13.06758976,80.12950134,62823,62833,10
13.06770992,80.1289978,62833,62843,10
13.06787968,80.12825012,62843,62853,10
13.06803989,80.12741852,62853,62863,10
13.06816959,80.12674713,62863,62873,10
13.06826973,80.12613678,62873,62883,10
13.06830978,80.12599182,62883,62893,10
13.06844997,80.12542725,62893,62903,10
13.06861973,80.1247406,62903,62913,10
13.06865978,80.1245575,62913,62924,11
13.0686903,80.12445831,62924,62934,10
13.06875992,80.12423706,62934,62944,10
13.06894016,80.12418365,62944,62954,10
13.06939983,80.12416077,62954,63004,50
13.06939983,80.12416077,63004,63014,10
13.06978989,80.1242218,63014,63024,10
13.06984043,80.12397766,63024,63035,11
13.06952,80.12384033,63035,63045,10
13.06923008,80.12397766,63045,63093,48
13.06923008,80.12397766,63093,63102,9
13.06906986,80.12415314,63102,63113,11
13.06879044,80.12429047,63113,63123,10
13.0686903,80.12454224,63123,63133,10
13.06851959,80.12519073,63133,63143,10
13.0683403,80.1259613,63143,63154,11
13.06824017,80.1264801,63154,63164,10
13.06816959,80.12683105,63164,63173,9
13.06814957,80.12693787,63173,63184,11
13.06803989,80.12751007,63184,63194,10
13.06787014,80.12841034,63194,63204,10
13.06768036,80.12921143,63204,63214,10
13.06758022,80.12963867,63214,63224,10
13.06758022,80.12966919,63224,63234,10
13.06760025,80.13023376,63234,63244,10
13.06762028,80.13075256,63244,63255,11
13.06748962,80.13152313,63255,63265,10
13.06719017,80.13243103,63265,63275,10
13.06696987,80.13342285,63275,63285,10
13.06678963,80.13446808,63285,63295,10
13.06672955,80.13516235,63295,63305,10
13.06665993,80.13591003,63305,63315,10
13.06647015,80.13655853,63315,63325,10
13.06608009,80.13651276,63325,63335,10
13.06597996,80.13645935,63335,63345,10
13.06581974,80.13661957,63345,63355,10
13.06583023,80.13722229,63355,63365,10
13.06548023,80.13768005,63365,63376,11
13.0646801,80.13755798,63376,63386,10
13.06424046,80.1377182,63386,63396,10
13.06414032,80.13829803,63396,63406,10
13.06387997,80.13828278,63406,63416,10
13.06342983,80.13819885,63416,63426,10
13.06307983,80.13818359,63426,63436,10
13.06291962,80.13834381,63436,63445,9
13.06260014,80.13842773,63445,63466,21
13.06260014,80.13842773,63466,63476,10
13.06235981,80.13839722,63476,63487,11
13.06173038,80.13829041,63487,63497,10
13.06128979,80.13877869,63497,63517,20
13.06128979,80.13877869,63517,63527,10
13.06128979,80.13896942,63527,63537,10
13.0613203,80.13960266,63537,63547,10
13.0613699,80.14051819,63547,63557,10
13.06142998,80.14167786,63557,63567,10
13.06153965,80.14299011,63567,63577,10
13.0616703,80.14437866,63577,63588,11
13.06182957,80.14585876,63588,63598,10
13.06198025,80.14716339,63598,63608,10
13.06202984,80.14836121,63608,63618,10
13.06204987,80.14946747,63618,63628,10
13.06198025,80.15048981,63628,63638,10
13.06159973,80.15138245,63638,63648,10
13.06120014,80.15213013,63648,63658,10
13.06091976,80.15283966,63658,63674,16
13.06075954,80.15370941,63674,63686,12
13.06062984,80.15440369,63686,63694,8
13.06058979,80.15467072,63694,63707,13
13.06058025,80.15483093,63707,63716,9
13.06058025,80.15505981,63716,63726,10
13.06058025,80.15506744,63726,63736,10
13.06058025,80.15514374,63736,63747,11
13.06060982,80.15548706,63747,63758,11
13.06083012,80.15608978,63758,63768,10
13.06128979,80.1569519,63768,63778,10
13.06159019,80.15779114,63778,63788,10
13.0615797,80.15866089,63788,63798,10
13.06155014,80.15905762,63798,63809,11
13.06153011,80.15912628,63809,63819,10
13.06145954,80.15956879,63819,63829,10
13.06136036,80.16036987,63829,63839,10
13.06132984,80.16133881,63839,63849,10
13.06130028,80.16233826,63849,63859,10
13.06128979,80.16316223,63859,63869,10
13.06128025,80.16352081,63869,63879,10
13.06128025,80.16387939,63879,63889,10
13.06134987,80.16454315,63889,63919,30
13.06134987,80.16454315,63919,63930,11
13.06140041,80.16477966,63930,63940,10
13.0615797,80.1652832,63940,63950,10
13.06204033,80.165802,63950,63960,10
13.06266022,80.16629791,63960,63970,10
13.06328011,80.16703796,63970,63980,10
13.06363964,80.16755676,63980,63990,10
13.0638504,80.16786194,63990,64000,10
13.06385994,80.16786957,64000,64010,10
13.06389046,80.16790009,64010,64020,10
13.06404018,80.16818237,64020,64030,10
13.06422043,80.16879272,64030,64041,11
13.06424999,80.16960144,64041,64057,16
13.06425953,80.17098999,64057,64069,12
13.06470013,80.17189026,64069,64079,10
13.06505966,80.17240906,64079,64089,10
13.06552982,80.17311096,64089,64099,10
13.06599045,80.17375946,64099,64109,10
13.06643963,80.17443085,64109,64119,10
13.0668602,80.17503357,64119,64129,10
13.06711006,80.17539215,64129,64170,41
13.06711006,80.17539215,64170,64180,10
13.06721973,80.17556763,64180,64190,10
13.06752014,80.17610168,64190,64311,121
13.06752014,80.17610168,64311,64321,10
13.06750965,80.1760788,64321,64331,10
13.06758022,80.17646027,64331,64341,10
13.06758022,80.17710114,64341,64351,10
13.06760979,80.17784119,64351,64362,11
13.06779957,80.1784668,64362,64372,10
13.0679903,80.17881775,64372,64382,10
13.06826019,80.17925262,64382,64392,10
13.06857967,80.17970276,64392,64402,10
13.06886959,80.18009186,64402,64412,10
13.06902981,80.18031311,64412,64422,10
13.06935024,80.18080902,64422,64432,10
13.06968975,80.1812973,64432,64442,10
13.06970024,80.18131256,64442,64452,10
13.0698204,80.18147278,64452,64462,10
13.0700798,80.18186188,64462,64472,10
13.07032013,80.18225861,64472,64483,11
13.0705204,80.18270874,64483,64493,10
13.07077026,80.18328094,64493,64503,10
13.07098007,80.18386078,64503,64513,10
13.07108974,80.18435669,64513,64523,10
13.0712204,80.18489838,64523,64533,10
13.07141972,80.18565369,64533,64553,20
13.07141972,80.18565369,64553,64563,10
13.07149029,80.18582153,64563,64573,10
13.07164001,80.18634796,64573,64584,11
13.07194042,80.18717194,64584,64594,10
13.07233047,80.18801117,64594,64604,10
13.07269955,80.18884277,64604,64614,10
13.0730896,80.18959808,64614,64624,10
13.07355976,80.19029999,64624,64634,10
13.07417011,80.19097137,64634,64644,10
13.07431984,80.19156647,64644,64654,10
13.07423019,80.19243622,64654,64664,10
13.07419014,80.19335175,64664,64674,10
13.0743103,80.19419861,64674,64684,10
13.07458019,80.19455719,64684,64695,11
13.07493019,80.19480133,64695,64705,10
13.07511997,80.19521332,64705,64715,10
13.07530975,80.19589233,64715,64755,40
13.07530975,80.19589233,64755,64765,10
13.07542992,80.19615173,64765,64775,10
13.07553005,80.19670105,64775,64785,10
13.07567978,80.19732666,64785,64795,10
13.07586002,80.19805908,64795,64805,10
13.07602978,80.19866943,64805,64816,11
13.07621956,80.19946289,64816,64826,10
13.07647991,80.20011139,64826,64836,10
13.0768404,80.19979858,64836,64846,10
13.07653046,80.19922638,64846,64856,10
13.07608986,80.1993103,64856,64866,10
13.07569981,80.19947815,64866,64876,10
13.07520962,80.1993866,64876,64886,10
13.07495975,80.19949341,64886,64906,20
13.07495975,80.19949341,64906,64917,11
13.07479954,80.19954681,64917,64927,10
13.07437992,80.19982147,64927,64937,10
13.07390022,80.20025635,64937,64947,10
13.07374001,80.20041656,64947,64957,10
13.07359982,80.20059204,64957,64967,10
13.07326984,80.2009964,64967,64977,10
13.07293034,80.20143127,64977,64987,10
13.07279015,80.20162201,64987,64997,10
13.07269001,80.20173645,64997,65007,10
13.07262993,80.20178223,65007,65017,10
13.07252026,80.20191956,65017,65028,11
13.07221985,80.20223236,65028,65038,10
13.07178974,80.20265198,65038,65048,10
13.07120991,80.20332336,65048,65058,10
13.07059956,80.20406342,65058,65068,10
13.07011986,80.2046814,65068,65078,10
13.06999016,80.20490265,65078,65088,10
13.06997967,80.2049408,65088,65098,10
13.06987,80.20507813,65098,65108,10
13.06962013,80.20497894,65108,65118,10
13.06937981,80.20488739,65118,65128,10
13.06908989,80.20533752,65128,65139,11
13.06853962,80.20548248,65139,65149,10
13.06805992,80.20545959,65149,65199,50
13.06805992,80.20545959,65199,65209,10
13.06795979,80.2053299,65209,65219,10
13.06818008,80.20497894,65219,65229,10
13.06861973,80.20481873,65229,65239,10
13.06949043,80.20478821,65239,65300,61
13.06949043,80.20478821,65300,65310,10
13.06976032,80.20490265,65310,65320,10
13.0698204,80.20529175,65320,65330,10
13.06947041,80.20585632,65330,65340,10
13.06896973,80.20664978,65340,65350,10
13.06840992,80.20751953,65350,65361,11
13.06787014,80.20839691,65361,65371,10
13.06742001,80.20906067,65371,65381,10
13.06688023,80.20977783,65381,65391,10
13.06618023,80.21038055,65391,65401,10
13.06521988,80.21118927,65401,65421,20
13.06521988,80.21118927,65421,65431,10
13.06507015,80.21125031,65431,65441,10
13.06414986,80.21169281,65441,65461,20
13.06414986,80.21169281,65461,65472,11
13.06414032,80.21170044,65472,65482,10
13.06383991,80.21174622,65482,65492,10
13.06342983,80.21177673,65492,65502,10
13.06289959,80.21182251,65502,65512,10
13.06221008,80.21183777,65512,65522,10
13.06173992,80.21172333,65522,65532,10
13.06083012,80.21170807,65532,65542,10
13.05992985,80.21169281,65542,65552,10
13.0590601,80.21166229,65552,65563,11
13.05852032,80.2116394,65563,65573,10
13.05799961,80.21160889,65573,65584,11
13.05760002,80.21160889,65584,65594,10
13.05755997,80.21160889,65594,65604,10
13.05710983,80.21160126,65604,65614,10
13.05630016,80.21159363,65614,65624,10
13.05533028,80.21157837,65624,65634,10
13.05445957,80.21160126,65634,65644,10
13.05370045,80.21172333,65644,65654,10
13.05266953,80.21199799,65654,65664,10
13.05183983,80.21221924,65664,65674,10
13.05101013,80.21221161,65674,65684,10
13.05027962,80.21217346,65684,65695,11
13.04990005,80.21222687,65695,65705,10
13.04994011,80.21263885,65705,65715,10
13.05002022,80.21307373,65715,65735,20
13.05002022,80.21307373,65735,65745,10
13.05002975,80.21321869,65745,65755,10
13.05010033,80.21369934,65755,65765,10
13.05027008,80.2142868,65765,65775,10
13.05047989,80.21470642,65775,65785,10
13.05062008,80.21515656,65785,65795,10
13.0506897,80.21543121,65795,65806,11
13.05080032,80.21573639,65806,65816,10
13.05097961,80.21636963,65816,65826,10
13.05125999,80.21703339,65826,65836,10
13.05132008,80.21713257,65836,65846,10
13.05144024,80.21743774,65846,65856,10
13.05160046,80.21804047,65856,65866,10
13.05195045,80.21904755,65866,65886,20
13.05195045,80.21904755,65886,65896,10
13.05202961,80.21929932,65896,65906,10
13.05218029,80.21987152,65906,65955,49
13.05218029,80.21987152,65955,65963,8
13.05230045,80.22020721,65963,65974,11
13.05243015,80.22071075,65974,65986,12
13.05259991,80.22142029,65986,65996,10
13.05263042,80.22151947,65996,66006,10
13.05274963,80.22187042,66006,66016,10
13.05292034,80.2224884,66016,66027,11
13.05305004,80.22290039,66027,66037,10
13.05315971,80.22324371,66037,66048,11
13.05325985,80.22364807,66048,66058,10
13.05333996,80.22406769,66058,66068,10
13.05344963,80.22463226,66068,66078,10
13.05358028,80.22527313,66078,66088,10
13.05366039,80.22556305,66088,66098,10
13.05366039,80.22557068,66098,66108,10
13.05370045,80.22576904,66108,66118,10
13.05373001,80.22589874,66118,66129,11
13.05379963,80.2263031,66129,66139,10
13.05391979,80.22717285,66139,66159,20
13.05391979,80.22717285,66159,66169,10
13.05395985,80.22730255,66169,66179,10
13.05397987,80.2277832,66179,66189,10
13.0539999,80.22802734,66189,66199,10
13.05401993,80.22834778,66199,66209,10
13.05405998,80.22882843,66209,66219,10
13.05410004,80.22940063,66219,66260,41
13.05410004,80.22940063,66260,66270,10
13.05414009,80.22989655,66270,66280,10
13.05414963,80.2305069,66280,66290,10
13.0539999,80.23065186,66290,66300,10
13.05372047,80.23061371,66300,66310,10
13.05313969,80.23052979,66310,66320,10
13.05247974,80.23043823,66320,66330,10
13.05195045,80.23036194,66330,66351,21
13.05195045,80.23036194,66351,66361,10
13.05150986,80.23023987,66361,66371,10
13.05076981,80.23014069,66371,66381,10
13.05000019,80.23004913,66381,66391,10
13.04924011,80.23004913,66391,66407,16
13.04808044,80.2301178,66407,66419,12
13.04765987,80.23065948,66419,66429,10
13.04755974,80.23148346,66429,66439,10
13.0474596,80.23233032,66439,66449,10
13.04738998,80.23291779,66449,66459,10
13.04751015,80.23307037,66459,66470,11
13.04802036,80.23316956,66470,66479,9
13.04850006,80.23326874,66479,66560,81
13.04850006,80.23326874,66560,66571,11
13.04885006,80.23339844,66571,66601,30
13.04885006,80.23339844,66601,66611,10
13.04899979,80.23361969,66611,66621,10
13.04893017,80.23394775,66621,66631,10
13.04883957,80.23445892,66631,66641,10
13.04860973,80.23448944,66641,66651,10
13.04848003,80.23448181,66651,66661,10
13.04817963,80.23442078,66661,66671,10
13.04808044,80.23457336,66671,66682,11
13.04792023,80.2352066,66682,66692,10
13.04780006,80.23574066,66692,66702,10
13.04767036,80.23589325,66702,66712,10
13.0473299,80.23577118,66712,66722,10
13.04712963,80.23568726,66722,66732,10
13.04716015,80.23539734,66732,66742,10
13.04722023,80.23480988,66742,66752,10
13.04722023,80.23413849,66752,66762,10
13.04736042,80.23365784,66762,66772,10
13.04736996,80.23348236,66772,66782,10
13.04722023,80.23316193,66782,66793,11
13.04652023,80.23296356,66793,66803,10
13.0457201,80.23274994,66803,66813,10
13.04553986,80.2326889,66813,66823,10
13.04537964,80.23262787,66823,66833,10
13.04502964,80.23256683,66833,66843,10
13.0447998,80.23252869,66843,66853,10
13.04423046,80.23246002,66853,66863,10
13.04335976,80.23232269,66863,66873,10
13.04255962,80.23230743,66873,66883,10
13.04197979,80.23227692,66883,66893,10
13.04133034,80.23213959,66893,66904,11
13.0405302,80.23191071,66904,66914,10
13.0397501,80.23169708,66914,66923,9
13.03927994,80.23130798,66923,66933,10
13.03785038,80.23097992,66933,67045,112
13.03785038,80.23097992,67045,67055,10
13.03750992,80.23090363,67055,67065,10
13.03715992,80.23078156,67065,67095,30
13.03715992,80.23078156,67095,67105,10
13.03695011,80.23079681,67105,67216,111
13.03654957,80.23071289,67216,67267,51
13.03654957,80.23071289,67267,67277,10
13.03635025,80.23058319,67277,67287,10
13.03606987,80.23049927,67287,67297,10
13.03561974,80.23036194,67297,67489,192
13.03561974,80.23036194,67489,67499,10
13.03544044,80.23032379,67499,67509,10
13.03524017,80.23030853,67509,67519,10
13.03499031,80.23001862,67519,67539,20
13.03499031,80.23001862,67539,67549,10
13.03497028,80.2297821,67549,67560,11
13.03479958,80.22976685,67560,67570,10
13.03433037,80.22971344,67570,67630,60
13.03433037,80.22971344,67630,67640,10
13.03419971,80.23000336,67640,67891,251
13.03419971,80.23000336,67891,67901,10
13.03415966,80.2304306,67901,67911,10
13.03419971,80.23047638,67911,67921,10
13.03435993,80.23040009,67921,67941,20
13.03435993,80.23040009,67941,67951,10
13.03450966,80.23032379,67951,67961,10
13.03479958,80.23023987,67961,67971,10
13.03497982,80.23018646,67971,67981,10
13.03505993,80.23020172,67981,67991,10
13.03542042,80.23033905,67991,68002,11
13.03588963,80.23049164,68002,68012,10
13.03610039,80.2305603,68012,68032,20
13.03610039,80.2305603,68032,68042,10
13.0363903,80.23069,68042,68052,10
13.03649044,80.23072052,68052,68062,10
13.03662968,80.23078918,68062,68072,10
13.03672981,80.23084259,68072,68082,10
13.03707027,80.23095703,68082,68092,10
13.03724003,80.2309494,68092,68102,10
13.03756046,80.23104095,68102,68113,11
13.03800011,80.23114014,68113,68123,10
13.03841972,80.23124695,68123,68133,10
13.03884029,80.23139191,68133,68143,10
13.03927994,80.23155212,68143,68153,10
13.0398798,80.23168945,68153,68163,10
13.04059029,80.23191071,68163,68173,10
13.04125977,80.23213959,68173,68183,10
13.0420599,80.23232269,68183,68193,10
13.04290009,80.23235321,68193,68203,10
13.04378033,80.23239899,68203,68213,10
13.04448032,80.23249817,68213,68223,10
13.04500008,80.23258209,68223,68244,21
13.04500008,80.23258209,68244,68254,10
13.04518986,80.2326889,68254,68264,10
13.04555035,80.23275757,68264,68274,10
13.04609966,80.23284912,68274,68284,10
13.04666042,80.23291779,68284,68314,30
13.04666042,80.23291779,68314,68324,10
13.04683971,80.23300171,68324,68335,11
13.04703999,80.23303986,68335,68345,10
13.04724979,80.23304749,68345,68355,10
13.04743004,80.23287201,68355,68365,10
13.04747963,80.23249054,68365,68375,10
13.04751015,80.23203278,68375,68385,10
13.0475502,80.23162079,68385,68395,10
13.04757023,80.23126221,68395,68405,10
13.04759979,80.23092651,68405,68415,10
13.04759979,80.23065948,68415,68425,10
13.04743958,80.23040009,68425,68435,10
13.04730034,80.23007202,68435,68446,11
13.04699993,80.22978973,68446,68456,10
13.04638004,80.22969818,68456,68466,10
13.04574013,80.22960663,68466,68475,9
13.04520035,80.22950745,68475,68486,11
13.04463959,80.22940826,68486,68496,10
13.04440975,80.22934723,68496,68506,10
13.04397964,80.22924042,68506,68516,10
13.04386997,80.22904968,68516,68526,10
13.04397964,80.22857666,68526,68536,10
13.04411983,80.22808838,68536,68547,11
13.04423046,80.2275238,68547,68557,10
13.04440975,80.22688293,68557,68567,10
13.04469013,80.22582245,68567,68597,30
13.04469013,80.22582245,68597,68607,10
13.04508972,80.2257309,68607,68617,10
13.0459404,80.22599792,68617,68637,20
13.0459404,80.22599792,68637,68647,10
13.04607964,80.22605133,68647,68657,10
13.0464201,80.22615814,68657,68668,11
13.04683018,80.22631836,68668,68684,16
13.04759026,80.22653961,68684,68696,12
13.04810047,80.22670746,68696,68704,8
13.04848957,80.22685242,68704,68716,12
13.04916,80.2269516,68716,68726,10
13.04981041,80.22704315,68726,68736,10
13.05047035,80.22718811,68736,68746,10
13.05099964,80.22728729,68746,68756,10
13.05163002,80.22743988,68756,68767,11
13.05210018,80.22753906,68767,68777,10
13.05249023,80.22762299,68777,68787,10
13.05290031,80.22769165,68787,68797,10
13.05338001,80.22776794,68797,68807,10
13.05381012,80.2277832,68807,68827,20
13.05381012,80.2277832,68827,68837,10
13.05395985,80.22756958,68837,68847,10
13.05387974,80.22727203,68847,68888,41
13.05387974,80.22727203,68888,68898,10
13.05381966,80.22714996,68898,68908,10
13.05379009,80.22686768,68908,68918,10
13.05375004,80.22653198,68918,68928,10
13.05366039,80.22596741,68928,68938,10
13.05354977,80.22535706,68938,68948,10
13.05346966,80.22486877,68948,68958,10
13.05338955,80.22437286,68958,68968,10
13.05327988,80.22386169,68968,68978,10
13.05321026,80.22348022,68978,68988,10
13.05315018,80.22312927,68988,68999,11
13.05305958,80.22280884,68999,69009,10
13.05301952,80.22260284,69009,69019,10
13.05298042,80.22239685,69019,69029,10
13.05288029,80.22206116,69029,69039,10
13.05272961,80.22158051,69039,69049,10
13.05261993,80.22123718,69049,69065,16
13.05249023,80.22081757,69065,69077,12
13.05241966,80.22058105,69077,69097,20
13.05228043,80.22006989,69097,69108,11
13.05214024,80.21956635,69108,69148,40
13.05214024,80.21956635,69148,69158,10
13.05202007,80.21930695,69158,69168,10
13.05195999,80.21906281,69168,69178,10
13.05187988,80.21872711,69178,69188,10
13.05171013,80.2181778,69188,69198,10
13.05154037,80.21764374,69198,69208,10
13.05136013,80.21710205,69208,69219,11
13.05113029,80.21643829,69219,69229,10
13.05097008,80.21589661,69229,69239,10
13.05084038,80.21543884,69239,69249,10
13.05072975,80.21501923,69249,69259,10
13.05068016,80.21488953,69259,69269,10
13.05047035,80.21469116,69269,69285,16
13.04967022,80.21465302,69285,69328,43
13.04967022,80.21465302,69328,69338,10
13.04940033,80.21466064,69338,69348,10
13.04893017,80.21459961,69348,69357,9
13.04854965,80.21453857,69357,69368,11
13.04806042,80.21447754,69368,69378,10
13.04759026,80.21440125,69378,69388,10
13.04712009,80.21440887,69388,69398,10
13.04646969,80.21446991,69398,69408,10
13.04574013,80.21456909,69408,69418,10
13.0450201,80.21469116,69418,69429,11
13.04450989,80.21463013,69429,69439,10
13.0444603,80.21425629,69439,69529,90
13.0444603,80.21425629,69529,69540,11
13.04444981,80.21391296,69540,69550,10
13.04442024,80.21356201,69550,69560,10
13.04440022,80.21311951,69560,69570,10
13.04436016,80.212677,69570,69580,10
13.0443697,80.21234131,69580,69590,10
13.04491997,80.21228027,69590,69600,10
13.04568005,80.21224976,69600,69610,10
13.04652023,80.21221924,69610,69620,10
13.04724979,80.21218872,69620,69630,10
13.04813957,80.21205139,69630,69671,41
13.04813957,80.21205139,69671,69681,10
13.04852962,80.21198273,69681,69691,10
13.04911995,80.21195984,69691,69751,60
13.04911995,80.21195984,69751,69762,11
13.04924011,80.21195984,69762,69772,10
13.04942989,80.21195221,69772,69782,10
13.04959011,80.21192932,69782,69792,10
13.0496397,80.21192932,69792,69802,10
13.04988003,80.2118988,69802,69822,20
13.04988003,80.2118988,69822,69832,10
13.05025959,80.21192932,69832,69842,10
13.05070019,80.21199036,69842,69852,10
13.05136967,80.21201324,69852,69861,9
13.05220032,80.21192169,69861,69873,12
13.05317974,80.21166992,69873,69883,10
13.05370045,80.21150208,69883,69953,70
13.05370045,80.21150208,69953,69963,10
13.05405998,80.21138,69963,69973,10
13.05436993,80.21135712,69973,70032,59
13.05436993,80.21135712,70032,70041,9
13.05465984,80.21135712,70041,70052,11
13.05521965,80.21138763,70052,70060,8
13.05585957,80.21141815,70060,70072,12
13.05749989,80.21138,70072,70082,10
13.05757999,80.21138,70082,70113,31
13.05757999,80.21138,70113,70123,10
13.05776978,80.2113266,70123,70133,10
13.05821991,80.21135712,70133,70143,10
13.05879974,80.21137238,70143,70153,10
13.0594902,80.21143341,70153,70163,10
13.06025028,80.21147919,70163,70173,10
13.06110001,80.21151733,70173,70183,10
13.06179047,80.2115097,70183,70193,10
13.06260014,80.21150208,70193,70204,11
13.06336021,80.21144867,70204,70224,20
13.06336021,80.21144867,70224,70234,10
13.06355,80.2114563,70234,70284,50
13.06355,80.2114563,70284,70294,10
13.06377983,80.21147156,70294,70304,10
13.06424999,80.21141815,70304,70315,11
13.0650301,80.21103668,70315,70325,10
13.0657196,80.21051025,70325,70335,10
13.06637955,80.20993805,70335,70345,10
13.06700039,80.209198,70345,70355,10
13.06754971,80.20832062,70355,70365,10
13.06801987,80.2075882,70365,70375,10
13.06844997,80.20690155,70375,70385,10
13.06894016,80.2061615,70385,70395,10
13.06933975,80.20558167,70395,70405,10
13.06943035,80.20539856,70405,70415,10
13.06958961,80.20514679,70415,70432,17
13.06954002,80.20478058,70432,70445,13
13.06919003,80.20507813,70445,70455,10
13.06886005,80.20535278,70455,70465,10
13.06871986,80.20507813,70465,70505,40
13.0686903,80.20493317,70505,70525,20
13.0686903,80.20493317,70525,70536,11
13.06882,80.20471191,70536,70546,10
13.06917953,80.20467377,70546,70556,10
13.06941986,80.20471954,70556,70566,10
13.06956005,80.20475769,70566,70576,10
13.06984043,80.2048111,70576,70586,10
13.07019997,80.20439911,70586,70596,10
13.07071018,80.20375824,70596,70606,10
13.07133961,80.20300293,70606,70616,10
13.0720396,80.20217896,70616,70657,41
13.0720396,80.20217896,70657,70667,10
13.07219982,80.20198822,70667,70677,10
13.07250977,80.20162964,70677,70687,10
13.07297039,80.20108795,70687,70697,10
13.07320976,80.20082855,70697,70707,10
13.07339001,80.20062256,70707,70717,10
13.07345963,80.20052338,70717,70727,10
13.07376003,80.20018768,70727,70743,16
13.07433033,80.19960785,70743,70756,13
13.07513046,80.19908142,70756,70766,10
13.07573986,80.19869232,70766,70776,10
13.0756197,80.19795227,70776,70786,10
13.07540989,80.19708252,70786,70795,9
13.07528019,80.19644165,70795,70805,10
13.07505035,80.19544983,70805,70836,31
13.07505035,80.19544983,70836,70846,10
13.07497978,80.19532776,70846,70856,10
13.07472992,80.19496155,70856,70867,11
13.07429028,80.19439697,70867,70877,10
13.07402039,80.1937027,70877,70887,10
13.07402039,80.19293976,70887,70897,10
13.07404995,80.1921463,70897,70907,10
13.07411957,80.19120789,70907,70917,10
13.07376003,80.1905899,70917,70927,10
13.07324028,80.19004059,70927,70937,10
13.07279015,80.18948364,70937,70968,31
13.07279015,80.18948364,70968,70978,10
13.07277966,80.18946075,70978,70988,10
13.07258987,80.18910217,70988,70998,10
13.07229996,80.1884613,70998,71008,10
13.07196045,80.18768311,71008,71018,10
13.07164001,80.18694305,71018,71028,10
13.07141018,80.18639374,71028,71038,10
13.07141018,80.18637848,71038,71048,10
13.07133961,80.18611908,71048,71058,10
13.07120991,80.18562317,71058,71068,10
13.07104015,80.18492126,71068,71079,11
13.07085991,80.18411255,71079,71089,10
13.07067966,80.18344116,71089,71099,10
13.07038975,80.18274689,71099,71109,10
13.07011986,80.18221283,71109,71119,10
13.06984997,80.18177795,71119,71129,10
13.06978989,80.1816864,71129,71139,10
13.06970978,80.18158722,71139,71149,10
13.06945038,80.18119049,71149,71159,10
13.0690403,80.18054199,71159,71169,10
13.06855011,80.1798172,71169,71179,10
13.06805992,80.17912292,71179,71190,11
13.06754971,80.17829132,71190,71200,10
13.06737041,80.17742157,71200,71210,10
13.0673399,80.1764679,71210,71220,10
13.06704044,80.17556,71220,71230,10
13.06663036,80.17494202,71230,71240,10
13.06630993,80.17445374,71240,71250,10
13.06628036,80.17442322,71250,71260,10
13.06616974,80.17427826,71260,71270,10
13.06587029,80.17384338,71270,71280,10
13.06542015,80.17315674,71280,71290,10
13.06492996,80.17246246,71290,71301,11
13.06439972,80.17165375,71301,71310,9
13.06410027,80.17089844,71310,71321,11
13.06404972,80.16983032,71321,71331,10
13.06404018,80.16887665,71331,71341,10
13.06379032,80.16802979,71341,71351,10
13.06338024,80.16744232,71351,71361,10
13.06282043,80.16683197,71361,71371,10
13.06268978,80.16667938,71371,71381,10
13.06256008,80.16651917,71381,71391,10
13.06223011,80.16615295,71391,71401,10
13.06171036,80.16564941,71401,71412,11
13.06126022,80.16488647,71412,71422,10
13.06112957,80.16433716,71422,71452,30
13.06112957,80.16433716,71452,71462,10
13.06110954,80.16414642,71462,71472,10
13.06110954,80.16410828,71472,71482,10
13.06110001,80.16394043,71482,71492,10
13.06112003,80.16355133,71492,71502,10
13.06114006,80.1631012,71502,71513,11
13.06116009,80.1622467,71513,71522,9
13.06118965,80.16149902,71522,71533,11
13.06122017,80.16055298,71533,71543,10
13.06130028,80.15966034,71543,71553,10
13.06142998,80.15878296,71553,71563,10
13.0614996,80.15782166,71563,71573,10
13.06116009,80.15689087,71573,71583,10
13.06072044,80.15605927,71583,71593,10
13.06048965,80.15531158,71593,71603,10
13.06042004,80.15471649,71603,71613,10
13.06042004,80.15470123,71613,71623,10
13.06044006,80.15450287,71623,71634,11
13.06058025,80.15377808,71634,71644,10
13.06072044,80.15302277,71644,71654,10
13.06097984,80.15216064,71654,71664,10
13.06136036,80.15136719,71664,71674,10
13.06180954,80.15054321,71674,71684,10
13.06194019,80.1496582,71684,71694,10
13.0619297,80.14878082,71694,71704,10
13.06190968,80.14782715,71704,71714,10
13.06184959,80.14688873,71714,71724,10
13.06177998,80.14614105,71724,71735,11
13.06165981,80.1452179,71735,71745,10
13.0615797,80.14466095,71745,71755,10
13.0614996,80.14388275,71755,71765,10
13.06142998,80.14293671,71765,71775,10
13.06134987,80.14199066,71775,71785,10
13.06128025,80.14102173,71785,71795,10
13.06122971,80.14006805,71795,71805,10
13.06116009,80.13922882,71805,71815,10
13.06107998,80.1384964,71815,71856,41
13.06107998,80.1384964,71856,71866,10
13.06107998,80.13841248,71866,71876,10
13.06122017,80.13829803,71876,71886,10
13.06134033,80.13825989,71886,71896,10
13.06159019,80.13822174,71896,71906,10
13.06186008,80.13825226,71906,71916,10
13.06229019,80.13834381,71916,71926,10
13.06282043,80.13838196,71926,71936,10
13.06303024,80.13815308,71936,71946,10
13.06338978,80.13816071,71946,71957,11
13.06404018,80.13829803,71957,71967,10
13.0642004,80.13802338,71967,71977,10
13.06441021,80.13752747,71977,71987,10
13.06507969,80.13760376,71987,71997,10
13.06569958,80.13762665,71997,72007,10
13.06581974,80.13710022,72007,72017,10
13.06587982,80.13648224,72017,72027,10
13.06634998,80.13652039,72027,72037,10
13.06657028,80.13619995,72037,72047,10
13.06663036,80.13580322,72047,72057,10
13.0666399,80.13580322,72057,72067,10
13.06667995,80.13551331,72067,72078,11
13.06669998,80.13487244,72078,72088,10
13.06678963,80.1341629,72088,72104,16
13.06698036,80.13308716,72104,72116,12
13.06725979,80.13214874,72116,72126,10
13.06748009,80.13150024,72126,72135,9
13.06758976,80.13053131,72135,72146,11
13.06754971,80.13002014,72146,72156,10
13.06754017,80.12969971,72156,72166,10
13.06754971,80.12957001,72166,72176,10
13.06766987,80.12901306,72176,72187,11
13.06789017,80.12806702,72187,72197,10
13.06803036,80.12732697,72197,72207,10
13.06816959,80.12667084,72207,72217,10
13.06826019,80.12610626,72217,72227,10
13.06826973,80.12600708,72227,72237,10
13.06828022,80.12593079,72237,72247,10
13.06838036,80.12550354,72247,72257,10
13.06849957,80.12506104,72257,72267,10
13.06861973,80.12454987,72267,72277,10
13.06900024,80.12409973,72277,72298,21
13.06900024,80.12409973,72298,72308,10
13.06933022,80.12409973,72308,72358,50
13.06933022,80.12409973,72358,72368,10
13.06947994,80.12416077,72368,72378,10
13.06970024,80.1241684,72378,72395,17
13.06984997,80.12391663,72395,72417,22
13.06966019,80.12375641,72417,72589,172
13.06966019,80.12375641,72589,72599,10
13.06927967,80.12380981,72599,72609,10
13.06921959,80.12389374,72609,72620,11
13.06910992,80.12406921,72620,72630,10
13.0689497,80.12413025,72630,72640,10
13.06875992,80.12425995,72640,72650,10
13.06867981,80.1244278,72650,72660,10
13.06855965,80.12487793,72660,72670,10
13.06846046,80.12532043,72670,72680,10
13.06832027,80.12586212,72680,72690,10
13.06822968,80.12626648,72690,72700,10
13.06820965,80.12644958,72700,72710,10
13.06812954,80.12686157,72710,72720,10
13.06803036,80.12728119,72720,72731,11
13.06793976,80.12785339,72731,72741,10
13.06781006,80.12841797,72741,72751,10
13.06756973,80.12947845,72751,72771,20
13.06756973,80.12947845,72771,72781,10
13.06754017,80.12983704,72781,72790,9
13.06758022,80.13043976,72790,72801,11
13.06754971,80.13098145,72801,72811,10
13.06742954,80.13163757,72811,72821,10
13.06721973,80.13227081,72821,72831,10
13.06700993,80.1328125,72831,72842,11
13.06688976,80.13355255,72842,72852,10
13.06676006,80.13433838,72852,72862,10
13.06667995,80.1350708,72862,72872,10
13.06667042,80.13569641,72872,72882,10
13.06655979,80.1362381,72882,72892,10
13.06645966,80.13657379,72892,72902,10
13.06630039,80.13655853,72902,72912,10
13.06602001,80.13648224,72912,72922,10
13.06583023,80.13674164,72922,72932,10
13.0658102,80.13725281,72932,72942,10
13.06564045,80.13765717,72942,72953,11
13.06517982,80.13762665,72953,72963,10
13.06466961,80.13754272,72963,72973,10
13.06425953,80.13761139,72973,72983,10
13.06418991,80.13813019,72983,72993,10
13.06387997,80.13828278,72993,73003,10
13.06336021,80.13818359,73003,73013,10
13.06293964,80.13825226,73013,73023,10
13.06268978,80.13842773,73023,73033,10
13.06208992,80.13831329,73033,73043,10
13.0614996,80.13828278,73043,73053,10
13.06134033,80.13838196,73053,73064,11
13.06124973,80.13860321,73064,73074,10
13.06126022,80.13887787,73074,73084,10
13.06128979,80.13951111,73084,73094,10
13.06134033,80.14031982,73094,73104,10
13.06140995,80.14125824,73104,73114,10
13.06147957,80.14222717,73114,73124,10
13.06155968,80.14328003,73124,73134,10
13.0616703,80.14434052,73134,73144,10
13.06177044,80.14520264,73144,73154,10
13.06186962,80.14608002,73154,73164,10
13.06194019,80.14676666,73164,73175,11
13.06200981,80.14775085,73175,73185,10
13.06202984,80.14878082,73185,73195,10
13.06204033,80.14964294,73195,73205,10
13.0620203,80.15019989,73205,73215,10
13.06184959,80.15080261,73215,73225,10
13.06163025,80.15120697,73225,73235,10
13.06140041,80.15161133,73235,73245,10
13.06107044,80.15228271,73245,73255,10
13.06087017,80.15286255,73255,73272,17
13.06064034,80.15400696,73272,73284,12
13.06052971,80.15461731,73284,73294,10
13.06052971,80.15467834,73294,73304,10
13.06054974,80.15483093,73304,73314,10
13.06054974,80.15498352,73314,73324,10
13.06056023,80.15525055,73324,73334,10
13.06070995,80.1558609,73334,73344,10
13.06097984,80.15646362,73344,73354,10
13.06134033,80.15709686,73354,73364,10
13.06163025,80.15796661,73364,73375,11
13.06151009,80.15917969,73375,73395,20
13.06151009,80.15917969,73395,73405,10
13.06142044,80.15956116,73405,73415,10
13.06134033,80.1603775,73415,73425,10
13.06128979,80.16133118,73425,73435,10
13.06128979,80.16233826,73435,73445,10
13.06130028,80.16323853,73445,73455,10
13.06130028,80.1638031,73455,73465,10
13.06130028,80.16398621,73465,73475,10
13.06130981,80.16432953,73475,73485,10
13.06136036,80.16461945,73485,73496,11
13.06142044,80.16487885,73496,73506,10
13.06173038,80.16555023,73506,73516,10
13.06221962,80.16605377,73516,73526,10
13.06272984,80.16651154,73526,73536,10
13.06332016,80.16718292,73536,73546,10
13.06348991,80.16739655,73546,73556,10
13.06352043,80.16742706,73556,73566,10
13.06369019,80.1676712,73566,73576,10
13.06387997,80.16796112,73576,73586,10
13.06398964,80.16815948,73586,73596,10
13.06418037,80.16870117,73596,73607,11
13.06422043,80.16938782,73607,73617,10
13.0642004,80.17034149,73617,73627,10
13.0643301,80.17134094,73627,73637,10
13.0648098,80.17214966,73637,73653,16
13.06558037,80.17321777,73653,73665,12
13.06612968,80.17402649,73665,73675,10
13.06651974,80.17458344,73675,73685,10
13.06696033,80.17526245,73685,73695,10
13.06709957,80.17543793,73695,73705,10
13.0673399,80.17584229,73705,73715,10
13.0675602,80.17665863,73715,73726,11
13.0675602,80.177742,73726,73736,10
13.06785011,80.17865753,73736,73746,10
13.06840992,80.17945862,73746,73756,10
13.06882,80.17999268,73756,73765,9
13.06908989,80.18041992,73765,73776,11
13.06949043,80.18106842,73776,73786,10
13.06976986,80.18148041,73786,73796,10
13.07028961,80.18229675,73796,73806,10
13.07059002,80.18295288,73806,73816,10
13.07094002,80.18386841,73816,73826,10
13.07118988,80.18486786,73826,73837,11
13.07137966,80.18566132,73837,73847,10
13.07155037,80.1862793,73847,73857,10
13.07178974,80.18694305,73857,73867,10
13.07219982,80.18788147,73867,73877,10
13.07264996,80.18888092,73877,73888,11
13.07320023,80.18982697,73888,73898,10
13.07402992,80.19078827,73898,73908,10
13.07429981,80.19159698,73908,73918,10
13.07421017,80.19238281,73918,73928,10
13.07415009,80.19329834,73928,73939,11
13.07423019,80.19413757,73939,73949,10
13.07458973,80.19458771,73949,73959,10
13.07503033,80.19496918,73959,73969,10
13.07518959,80.19554901,73969,73979,10
13.07530022,80.19589996,73979,73989,10
13.07532024,80.19599152,73989,73999,10
13.0753603,80.19631195,73999,74009,10
13.07555008,80.19703674,74009,74019,10
13.07575035,80.19779205,74019,74029,10
13.0760603,80.19898224,74029,74039,10
13.07631969,80.19996643,74039,74050,11
13.07682037,80.19985962,74050,74060,10
13.07653046,80.19921875,74060,74070,10
13.07602024,80.19921875,74070,74080,10
13.07534027,80.19928741,74080,74090,10
13.07462978,80.19957733,74090,74100,10
13.0740099,80.20005035,74100,74110,10
13.07349968,80.20063782,74110,74120,10
13.07299995,80.20127869,74120,74130,10
13.07262993,80.20172119,74130,74140,10
13.07242966,80.20197296,74140,74150,10
13.07221985,80.20223999,74150,74161,11
13.07174015,80.20278931,74161,74171,10
13.07110023,80.20348358,74171,74181,10
13.07054043,80.20413208,74181,74191,10
13.07019043,80.20458221,74191,74201,10
13.07011986,80.20474243,74201,74211,10
13.07007027,80.20484161,74211,74221,10
13.06997967,80.20498657,74221,74251,30
13.06997967,80.20498657,74251,74261,10
13.0698204,80.20509338,74261,74272,11
13.06958008,80.20494843,74272,74282,10
13.06927013,80.20500183,74282,74292,10
13.06896019,80.20543671,74292,74302,10
13.0686903,80.205513,74302,74312,10
13.0685997,80.20546722,74312,74322,10
13.06865978,80.2052536,74322,74332,10
13.06875038,80.20487213,74332,74342,10
13.06949997,80.20478058,74342,74433,91
13.06949997,80.20478058,74433,74443,10
13.0698204,80.2049408,74443,74453,10
13.06987,80.20529175,74453,74463,10
13.06945038,80.20587158,74463,74473,10
13.06888008,80.20671844,74473,74483,10
13.06830978,80.20761871,74483,74494,11
13.06760025,80.20870209,74494,74504,10
13.06698036,80.20963287,74504,74514,10
13.06620026,80.21038055,74514,74524,10
13.06542969,80.21105194,74524,74534,10
13.06507969,80.21131134,74534,74543,9
13.06507969,80.21131897,74543,74554,11
13.06472015,80.21150208,74554,74564,10
13.06424999,80.21164703,74564,74574,10
13.06414032,80.21167755,74574,74584,10
13.06379032,80.21174622,74584,74595,11
13.06324005,80.2117691,74595,74605,10
13.06256008,80.21183777,74605,74615,10
13.0620203,80.21179962,74615,74625,10
13.0613203,80.2117691,74625,74635,10
13.06052971,80.21172333,74635,74645,10
13.05978966,80.21170044,74645,74655,10
13.05891991,80.21167755,74655,74665,10
13.05830956,80.21166992,74665,74675,10
13.05774021,80.21164703,74675,74685,10
13.05770016,80.2116394,74685,74702,17
13.05751038,80.21167755,74702,74714,12
13.05659962,80.21163177,74714,74724,10
13.05572987,80.21161652,74724,74734,10
13.05461025,80.21161652,74734,74744,10
13.05420971,80.21157074,74744,74753,9
13.05358982,80.21170807,74753,74764,11
13.0525198,80.21208191,74764,74774,10
13.05198002,80.21222687,74774,74784,10
13.05130005,80.21222687,74784,74794,10
13.05070019,80.21222687,74794,74803,9
13.0500803,80.21230316,74803,74815,12
13.04986954,80.21237946,74815,74825,10
13.04998016,80.21292114,74825,74855,30
13.04998016,80.21292114,74855,74865,10
13.05002022,80.21311951,74865,74875,10
13.05004978,80.21330261,74875,74885,10
13.05012035,80.21365356,74885,74895,10
13.05023956,80.21405792,74895,74905,10
13.05035973,80.21439362,74905,74915,10
13.05051041,80.21468353,74915,74926,11
13.05066013,80.21511841,74926,74936,10
13.05076027,80.21540833,74936,74946,10
13.05084038,80.21560669,74946,74956,10
13.05091953,80.21589661,74956,74966,10
13.05113029,80.21659851,74966,74976,10
13.05134964,80.21710205,74976,74986,10
13.05140018,80.21724701,74986,74996,10
13.05142021,80.2173996,74996,75012,16
13.05177975,80.21832275,75012,75024,12
13.05206013,80.21916199,75024,75032,8
13.05228043,80.22003174,75032,75075,43
13.05228043,80.22003174,75075,75085,10
13.05230045,80.22019196,75085,75095,10
13.05245972,80.22074127,75095,75105,10
13.05263042,80.22149658,75105,75115,10
13.05272007,80.22168732,75115,75125,10
13.05278015,80.2218399,75125,75135,10
13.05292034,80.22238159,75135,75146,11
13.05317974,80.22322845,75146,75156,10
13.05333996,80.22389984,75156,75226,70
13.05333996,80.22389984,75226,75236,10
13.05331993,80.22408295,75236,75246,10
13.05340004,80.22454834,75246,75257,11
13.05354977,80.22521973,75257,75267,10
13.05370998,80.22595215,75267,75277,10
13.0537796,80.22640228,75277,75287,10
13.05383015,80.22672272,75287,75297,10
13.05391979,80.22731781,75297,75307,10
13.05391979,80.22733307,75307,75316,9
13.05393982,80.22754669,75316,75327,11
13.05403042,80.22814178,75327,75336,9
13.05407047,80.22850037,75336,75347,11
13.05412006,80.22914886,75347,75357,10
13.05412006,80.22981262,75357,75368,11
13.0541296,80.23049927,75368,75378,10
13.0541296,80.23066711,75378,75388,10
13.05395985,80.23062897,75388,75398,10
13.05348969,80.23052216,75398,75408,10
13.05278015,80.23040009,75408,75418,10
13.05216026,80.23033905,75418,75428,10
13.05212975,80.23033905,75428,75438,10
13.05200958,80.23040009,75438,75448,10
13.05183029,80.23033142,75448,75458,10
13.05132961,80.23016357,75458,75468,10
13.05058002,80.23008728,75468,75479,11
13.04967976,80.2300415,75479,75489,10
13.04891968,80.23007965,75489,75499,10
13.04819965,80.23007965,75499,75509,10
13.04771042,80.23047638,75509,75525,16
13.04751015,80.23178864,75525,75537,12
13.04743004,80.23271942,75537,75547,10
13.04751968,80.23309326,75547,75557,10
13.0480299,80.23316193,75557,75567,10
13.04876041,80.23330688,75567,75578,11
13.04891014,80.23377991,75578,75598,20
13.04891014,80.23377991,75598,75608,10
13.04887009,80.23410034,75608,75618,10
13.04880047,80.23451996,75618,75627,9
13.04852962,80.23448181,75627,75638,11
13.04817009,80.23438263,75638,75648,10
13.04806042,80.23471832,75648,75658,10
13.04796028,80.23519897,75658,75668,10
13.04784012,80.23564148,75668,75678,10
13.04775047,80.23586273,75678,75689,11
13.04761982,80.23586273,75689,75699,10
13.04722977,80.23576355,75699,75709,10
13.04714012,80.23574066,75709,75719,10
13.04710007,80.23555756,75719,75729,10
13.04710007,80.23504639,75729,75739,10
13.0472002,80.23417664,75739,75749,10
13.04726982,80.23349762,75749,75759,10
13.04728031,80.23306274,75759,75769,10
13.04681969,80.23300934,75769,75779,10
13.04621983,80.23284149,75779,75790,11
13.04553986,80.23274231,75790,75799,9
13.04529953,80.2326889,75799,75810,11
13.04518032,80.2326889,75810,75820,10
13.04487038,80.23259735,75820,75830,10
13.04477978,80.23258209,75830,75840,10
13.04434013,80.23248291,75840,75850,10
13.04351997,80.23233795,75850,75860,10
13.04263973,80.23233032,75860,75870,10
13.0417099,80.2322464,75870,75880,10
13.04078007,80.23200226,75880,75890,10
13.03989983,80.2317276,75890,75900,10
13.03913021,80.23148346,75900,75911,11
13.03827953,80.23121643,75911,75921,10
13.03738022,80.23092651,75921,75931,10
13.03672028,80.23082733,75931,75957,26
13.03672028,80.23082733,75957,75969,12
13.03668022,80.23085022,75969,75979,10
13.03645992,80.23071289,75979,75989,10
13.03569031,80.23040771,75989,76060,71
13.03569031,80.23040771,76060,76070,10
13.03557014,80.23036194,76070,76080,10
13.03530025,80.23030853,76080,76090,10
13.03501987,80.23014832,76090,76100,10
13.03477001,80.23001862,76100,77533,1433
13.0343399,80.23014069,77533,77685,152
13.03407955,80.23036194,77685,79027,1342
13.03407955,80.23036194,79027,79037,10
13.03398037,80.2305603,79037,79047,10
13.03372955,80.23052216,79047,79057,10
13.03337955,80.23052979,79057,79068,11
13.03295994,80.23052979,79068,79078,10
13.03258038,80.23056793,79078,79088,10
13.03219986,80.23062134,79088,79098,10
13.03182983,80.23065948,79098,79108,10
13.03137016,80.23069763,79108,79118,10
13.03096962,80.23072052,79118,79128,10
13.03065014,80.23075104,79128,79138,10
13.03026009,80.23078156,79138,79148,10
13.0298996,80.23081207,79148,79158,10
13.02962971,80.23085022,79158,79168,10
13.02925968,80.23090363,79168,79179,11
13.02877045,80.23094177,79179,79189,10
13.02832031,80.23098755,79189,79199,10
13.02789974,80.23104095,79199,79209,10
13.02770042,80.23117065,79209,79219,10
13.02770996,80.23162079,79219,79229,10
13.02772999,80.23213959,79229,79239,10
13.02777958,80.23262787,79239,79249,10
13.02754021,80.23284912,79249,79259,10
13.02713013,80.23294067,79259,79269,10
13.0268898,80.23300171,79269,79279,10
13.02665043,80.23303223,79279,79289,10
13.02639008,80.23290253,79289,79300,11
13.02616978,80.23223114,79300,79310,10
13.02602005,80.23155212,79310,79320,10
13.02587032,80.23090363,79320,79330,10
13.02554989,80.2303009,79330,79602,272
13.02554989,80.2303009,79602,79613,11
13.02536964,80.23014069,79613,79623,10
13.02509975,80.22976685,79623,79633,10
13.0248003,80.22936249,79633,79643,10
13.02455044,80.22905731,79643,79653,10
13.02425957,80.22865295,79653,79663,10
13.02396011,80.22823334,79663,79673,10
13.02320004,80.22744751,79673,79703,30
13.02320004,80.22744751,79703,79713,10
13.0229702,80.22725677,79713,79723,10
13.02256012,80.22689819,79723,79734,11
13.02194023,80.22637939,79734,79744,10
13.02145958,80.22595215,79744,79754,10
13.02095985,80.22551727,79754,79764,10
13.02025986,80.22506714,79764,79774,10
13.01953983,80.224617,79774,79790,16
13.01813984,80.22473145,79790,79802,12
13.01698017,80.22521973,79802,79810,8
13.01628017,80.22550964,79810,79821,11
13.01535034,80.2258606,79821,79832,11
13.01422024,80.2263031,79832,79863,31
13.01422024,80.2263031,79863,79872,9
13.0139904,80.22637939,79872,79883,11
13.01346016,80.2265625,79883,79893,10
13.01284027,80.22680664,79893,79902,9
13.01198006,80.22715759,79902,79913,11
13.01095963,80.22757721,79913,79922,9
13.01019955,80.22788239,79922,79933,11
13.00949955,80.22788239,79933,79943,10
13.00959015,80.22731781,79943,79954,11
13.00990009,80.22660828,79954,79964,10
13.01025963,80.22583008,79964,79974,10
13.01064968,80.22498322,79974,79984,10
13.01099968,80.22411346,79984,79994,10
13.01130962,80.22322845,79994,80004,10
13.01158047,80.22276306,80004,80014,10
13.01165009,80.22264099,80014,80024,10
13.01175976,80.22213745,80024,80034,10
13.01198006,80.22133636,80034,80044,10
13.01191998,80.22061157,80044,80055,11
13.01159954,80.21959686,80055,80065,10
13.0112896,80.21856689,80065,80075,10
13.01095963,80.21764374,80075,80085,10
13.01064014,80.21682739,80085,80095,10
13.01025009,80.21611023,80095,80105,10
13.00988007,80.21543121,80105,80115,10
13.00948048,80.21473694,80115,80124,9
13.00912952,80.21427917,80124,80135,11
13.00841999,80.21341705,80135,80155,20
13.00841999,80.21341705,80155,80166,11
13.00829029,80.21330261,80166,80176,10
13.00794029,80.21311951,80176,80186,10
13.00749016,80.21286774,80186,80196,10
13.00685024,80.21273041,80196,80206,10
13.00607967,80.21285248,80206,80216,10
13.00547028,80.21283722,80216,80226,10
13.00479984,80.21240234,80226,80236,10
13.00405979,80.21209717,80236,80246,10
13.00362968,80.21201324,80246,80256,10
13.00296974,80.21204376,80256,80266,10
13.00249004,80.21209717,80266,80277,11
13.00212002,80.21225739,80277,80287,10
13.00166988,80.21256256,80287,80297,10
13.00119019,80.21295166,80297,80307,10
13.00080013,80.21327209,80307,80317,10
13.00035954,80.21366119,80317,80327,10
12.99981022,80.2141571,80327,80337,10
12.99944019,80.21450043,80337,80347,10
12.99903965,80.21482849,80347,80357,10
12.9988203,80.2150116,80357,80367,10
12.99824047,80.21549225,80367,80377,10
12.99742985,80.21620941,80377,80398,21
12.99742985,80.21620941,80398,80408,10
12.99726009,80.21643829,80408,80438,30
12.99726009,80.21643829,80438,80448,10
12.99703979,80.21659088,80448,80458,10
12.99664021,80.21658325,80458,80468,10
12.9960804,80.21663666,80468,80478,10
12.99540997,80.21684265,80478,80488,10
12.9949398,80.21713257,80488,80498,10
12.99446011,80.21746063,80498,80509,11
12.99407959,80.21772003,80509,80519,10
12.99374008,80.21794891,80519,80529,10
12.99318981,80.21835327,80529,80539,10
12.99252987,80.21881104,80539,80549,10
12.99180031,80.21936035,80549,80559,10
12.9911499,80.21983337,80559,80569,10
12.99077034,80.22013092,80569,80579,10
12.99075985,80.22013092,80579,80589,10
12.99067974,80.22020721,80589,80599,10
12.99028015,80.22054291,80599,80609,10
12.9897604,80.22103882,80609,80620,11
12.98921967,80.22167969,80620,80630,10
12.98880005,80.22219849,80630,80640,10
12.9883604,80.22264099,80640,80650,10
12.98801994,80.22290802,80650,80660,10
12.98756027,80.2231369,80660,80680,20
12.98756027,80.2231369,80680,80690,10
12.98725033,80.22309875,80690,80700,10
12.98682022,80.22303772,80700,80710,10
12.9864502,80.22296143,80710,80721,11
12.98573971,80.2230072,80721,80731,10
12.98523998,80.22328949,80731,80741,10
12.98462963,80.2230835,80741,80751,10
12.98416042,80.22277832,80751,80761,10
12.98361969,80.22251129,80761,80771,10
12.9832201,80.22222137,80771,80781,10
12.98316956,80.22218323,80781,80791,10
12.98303032,80.22210693,80791,80801,10
12.98262978,80.2219162,80801,80811,10
12.98194981,80.22167969,80811,80821,10
12.98130035,80.22122192,80821,80832,11
12.98042011,80.22104645,80832,80842,10
12.97947979,80.22113037,80842,80852,10
12.97856045,80.22119141,80852,80862,10
12.97774982,80.22118378,80862,80872,10
12.97677994,80.22122192,80872,80882,10
12.97597027,80.22126007,80882,80912,30
12.97597027,80.22126007,80912,80922,10
12.97556019,80.22106171,80922,80993,71
12.97556019,80.22106171,80993,81003,10
12.97541046,80.22093964,81003,81013,10
12.97519016,80.22077942,81013,81023,10
12.97488976,80.22068024,81023,81033,10
12.97430038,80.22039795,81033,81043,10
12.97369957,80.22010803,81043,81054,11
12.97292042,80.21977997,81054,81064,10
12.97214031,80.21949768,81064,81074,10
12.97107983,80.2191391,81074,81094,20
12.97107983,80.2191391,81094,81104,10
12.97082043,80.21906281,81104,81114,10
12.97029018,80.21881866,81114,81124,10
12.96961021,80.21853638,81124,81134,10
12.96889973,80.21827698,81134,81144,10
12.96821022,80.21800232,81144,81155,11
12.9674902,80.21772003,81155,81165,10
12.96687984,80.21746063,81165,81175,10
12.96613979,80.21716309,81175,81185,10
12.96529007,80.21681213,81185,81195,10
12.96434021,80.21642303,81195,81205,10
12.96339989,80.21601105,81205,81215,10
12.96288013,80.21578979,81215,81245,30
12.96288013,80.21578979,81245,81255,10
12.96259975,80.21569824,81255,81266,11
12.96197987,80.21546173,81266,81276,10
12.96119976,80.2151413,81276,81286,10
12.96030045,80.21476746,81286,81296,10
12.95928001,80.21437073,81296,81306,10
12.95820045,80.21392059,81306,81316,10
12.95709038,80.21347046,81316,81326,10
12.9559803,80.21302032,81326,81336,10
12.95491028,80.21263123,81336,81344,8
12.95417976,80.21233368,81344,81356,12
12.95374012,80.21218872,81356,81366,10
12.95363998,80.21212769,81366,81377,11
12.95318985,80.21192932,81377,81387,10
12.9525404,80.21167755,81387,81397,10
12.95170975,80.21135712,81397,81407,10
12.95073986,80.21098328,81407,81417,10
12.94970036,80.21057892,81417,81427,10
12.94873047,80.21021271,81427,81437,10
12.94777966,80.20983887,81437,81447,10
12.94672012,80.20941925,81447,81457,10
12.94556999,80.20896912,81457,81467,10
12.94416046,80.2084198,81467,81498,31
12.94416046,80.2084198,81498,81508,10
12.94392967,80.20829773,81508,81518,10
12.94342995,80.20809937,81518,81528,10
12.94281006,80.20761871,81528,81538,10
12.94215965,80.20684814,81538,81548,10
12.94130039,80.20622253,81548,81558,10
12.94099998,80.20606232,81558,81568,10
12.94089985,80.20597839,81568,81578,10
12.94048023,80.20581055,81578,81588,10
12.93986034,80.2056427,81588,81599,11
12.93902016,80.2053833,81599,81609,10
12.93820953,80.20511627,81609,81619,10
12.93737984,80.20490265,81619,81629,10
12.93645954,80.20464325,81629,81639,10
12.9355402,80.20436859,81639,81649,10
12.93478966,80.20401764,81649,81659,10
12.93375969,80.20391846,81659,81679,20
12.93375969,80.20391846,81679,81689,10
12.93373966,80.20393372,81689,81706,17
12.93290997,80.20372772,81706,81718,12
12.93192005,80.20337677,81718,81728,10
12.93117046,80.20313263,81728,81738,10
12.93008995,80.20285797,81738,81748,10
12.92953968,80.20281219,81748,81758,10
12.92940998,80.20278931,81758,81768,10
12.9293499,80.20279694,81768,81778,10
12.92908955,80.20276642,81778,81787,9
12.92856026,80.20263672,81787,81798,11
12.92842007,80.20185089,81798,81808,10
12.92838955,80.20092773,81808,81819,11
12.92827988,80.1998291,81819,81829,10
12.92794037,80.19895935,81829,81839,10
12.92743015,80.19817352,81839,81849,10
12.9266901,80.19770813,81849,81859,10
12.92613029,80.1975708,81859,81869,10
12.92601013,80.1975708,81869,81879,10
12.92558002,80.19754791,81879,81889,10
12.92523956,80.19754028,81889,81899,10
12.92465973,80.1975174,81899,81909,10
12.92389011,80.19750977,81909,81919,10
12.92300034,80.19743347,81919,81930,11
12.9221096,80.19732666,81930,81940,10
12.92201996,80.1973114,81940,81950,10
12.92169952,80.19721222,81950,81960,10
12.92113018,80.1969986,81960,81970,10
12.92047024,80.19676208,81970,81980,10
12.91975975,80.19650269,81980,81990,10
12.91907978,80.19612122,81990,82000,10
12.91856956,80.19567871,82000,82010,10
12.91802979,80.1951828,82010,82020,10
12.91736031,80.19455719,82020,82030,10
12.91701031,80.19407654,82030,82041,11
12.91695976,80.19342041,82041,82051,10
12.91703033,80.19264984,82051,82061,10
12.91716003,80.1919632,82061,82071,10
12.91720963,80.19143677,82071,82081,10
12.91720963,80.19142914,82081,82091,10
12.91722965,80.19138336,82091,82101,10
12.91728973,80.19091034,82101,82111,10
12.91738987,80.19007874,82111,82121,10
12.91775036,80.18904877,82121,82131,10
12.91847992,80.18811798,82131,82142,11
12.91917992,80.18730927,82142,82152,10
12.9200201,80.18636322,82152,82162,10
12.92053986,80.18533325,82162,82172,10
12.92026997,80.18421173,82172,82182,10
12.92002964,80.18321228,82182,82192,10
12.91985989,80.18251801,82192,82212,20
12.91985989,80.18251801,82212,82222,10
12.91977024,80.18212128,82222,82232,10
12.91959953,80.18134308,82232,82242,10
12.91940022,80.18034363,82242,82260,18
12.9187603,80.17887115,82260,82273,13
12.91856003,80.17861938,82273,82283,10
12.91816044,80.17800903,82283,82293,10
12.91821003,80.17710876,82293,82303,10
12.91827011,80.17666626,82303,82313,10
12.91833019,80.17642212,82313,82323,10
12.91849041,80.17578125,82323,82333,10
12.91868019,80.17498016,82333,82343,10
12.91897964,80.17378235,82343,82353,10
12.91928005,80.1727066,82353,82363,10
12.9197998,80.1709137,82363,82384,21
12.9197998,80.1709137,82384,82394,10
12.91994953,80.17047882,82394,82404,10
12.92020035,80.16967773,82404,82414,10
12.92051983,80.16860199,82414,82424,10
12.92088032,80.16752625,82424,82434,10
12.92123985,80.16635132,82434,82444,10
12.92169952,80.16488647,82444,82464,20
12.92169952,80.16488647,82464,82475,11
12.9218502,80.16448212,82475,82485,10
12.92206955,80.16378021,82485,82495,10
12.92236996,80.16281128,82495,82505,10
12.92271042,80.16172791,82505,82515,10
12.92298985,80.16075134,82515,82525,10
12.92308044,80.16046906,82525,82535,10
12.92321968,80.1599884,82535,82545,10
12.92333031,80.15910339,82545,82555,10
12.92343998,80.15799713,82555,82565,10
12.92354965,80.15679169,82565,82575,10
12.92333031,80.15486908,82575,82596,21
12.92333031,80.15486908,82596,82606,10
12.92321968,80.15442657,82606,82616,10
12.9230299,80.15367889,82616,82626,10
12.92280006,80.152771,82626,82636,10
12.92263031,80.15180969,82636,82646,10
12.92261028,80.15081787,82646,82656,10
12.92257977,80.14972687,82656,82665,9
12.92253971,80.14875793,82665,82676,11
12.92251968,80.14759064,82676,82686,10
12.92251015,80.14649963,82686,82697,11
12.92247963,80.14530182,82697,82707,10
12.92245007,80.14421844,82707,82717,10
12.92240047,80.14328766,82717,82727,10
12.92238998,80.14298248,82727,82737,10
12.92238998,80.14241028,82737,82747,10
12.92236042,80.14163208,82747,82757,10
12.92234993,80.14096069,82757,82767,10
12.9223299,80.14000702,82767,82777,10
12.9223299,80.13907623,82777,82787,10
12.92238998,80.13822174,82787,82797,10
12.92241955,80.13742828,82797,82808,11
12.92247963,80.13655853,82808,82818,10
12.92251968,80.13559723,82818,82828,10
12.9225502,80.13443756,82828,82838,10
12.92259026,80.13327026,82838,82848,10
12.92261982,80.13233948,82848,82858,10
12.92263985,80.1314621,82858,82868,10
12.92265034,80.13127136,82868,82878,10
12.92265987,80.13089752,82878,82888,10
12.92271042,80.13014221,82888,82898,10
12.92278004,80.12928772,82898,82909,11
12.92282009,80.12844849,82909,82919,10
12.92286015,80.12773132,82919,82929,10
12.9229002,80.12686157,82929,82939,10
12.92292023,80.12580872,82939,82949,10
12.92296982,80.12484741,82949,82959,10
12.92298985,80.1237793,82959,82968,9
12.9230299,80.12280273,82968,82979,11
12.92308998,80.12158203,82979,82989,10
12.92319012,80.12033844,82989,83009,20
12.92319012,80.12033844,83009,83019,10
12.9232502,80.12017822,83019,83030,11
12.92331982,80.11949158,83030,83040,10
12.92329979,80.11878204,83040,83050,10
12.92333984,80.11820984,83050,83060,10
12.92343998,80.11746216,83060,83070,10
12.92341995,80.1167984,83070,83090,20
12.92341995,80.1167984,83090,83100,10
12.92356014,80.11689758,83100,83110,10
12.92350006,80.11747742,83110,83120,10
12.92352962,80.11804199,83120,83131,11
12.92343998,80.11904907,83131,83141,10
12.92333984,80.12006378,83141,83151,10
12.92327976,80.1205368,83151,83363,212
12.92308998,80.1207962,83363,83605,242
12.92308998,80.1207962,83605,83615,10
12.92321968,80.12085724,83615,83625,10
12.92321968,80.12111664,83625,83635,10
12.92323017,80.12142181,83635,83645,10
12.92321968,80.12156677,83645,83655,10
12.92321968,80.12174225,83655,83665,10
12.92321968,80.12191772,83665,83676,11
12.92321968,80.12210083,83676,83686,10
12.92321968,80.12226105,83686,83696,10
12.92319965,80.12242889,83696,83706,10
12.92317963,80.12258911,83706,83716,10
12.92317009,80.12275696,83716,83726,10
12.9231596,80.12291718,83726,83736,10
12.9231596,80.12300873,83736,83746,10
12.9231596,80.12322998,83746,83756,10
12.9231596,80.12339783,83756,83766,10
12.92317009,80.12355804,83766,83776,10
12.92315006,80.12374115,83776,83787,11
12.9231596,80.12391663,83787,83797,10
12.9231596,80.12407684,83797,83807,10
12.92313957,80.12425232,83807,83817,10
12.92313957,80.12442017,83817,83827,10
12.92313004,80.12458038,83827,83837,10
12.92311954,80.1247406,83837,83847,10
12.92311954,80.12492371,83847,83857,10
12.92310047,80.12509918,83857,83867,10
12.92308998,80.12526703,83867,83877,10
12.92308044,80.12542725,83877,83887,10
12.92306995,80.12558746,83887,83898,11
12.92304993,80.12576294,83898,83908,10
12.92302036,80.12595367,83908,83918,10
12.92300034,80.1262207,83918,83928,10
12.92298031,80.12679291,83928,83938,10
12.92292976,80.12756348,83938,83948,10
12.92286015,80.12830353,83948,83958,10
12.92280006,80.12904358,83958,83968,10
12.92276001,80.12989807,83968,83978,10
12.92273998,80.1307373,83978,83988,10
12.92273998,80.1312027,83988,83998,10
12.92275047,80.13127899,83998,84009,11
12.92275047,80.13143921,84009,84025,16
12.92271996,80.13243866,84025,84037,12
12.92265034,80.13359833,84037,84047,10
12.92257977,80.13478088,84047,84055,8
12.92253971,80.13578796,84055,84067,12
12.92247009,80.13720703,84067,84077,10
12.92240047,80.1383667,84077,84087,10
12.9223299,80.13952637,84087,84097,10
12.92234993,80.14060974,84097,84107,10
12.92236996,80.14170074,84107,84117,10
12.92241955,80.14267731,84117,84128,11
12.92245007,80.14296722,84128,84138,10
12.92243958,80.14333344,84138,84148,10
12.92247963,80.14380646,84148,84158,10
12.92247963,80.14385223,84158,84168,10
12.92249966,80.14389801,84168,84178,10
12.92251968,80.14414215,84178,84188,10
12.92253971,80.14482117,84188,84198,10
12.92257977,80.14582062,84198,84208,10
12.92263031,80.14726257,84208,84229,21
12.92263031,80.14726257,84229,84239,10
12.92263985,80.14762115,84239,84249,10
12.92263031,80.14835358,84249,84259,10
12.92263985,80.14932251,84259,84269,10
12.92265987,80.15036011,84269,84279,10
12.92271042,80.15135193,84279,84289,10
12.92271996,80.15164185,84289,84299,10
12.92271996,80.15168762,84299,84309,10
12.92276001,80.15216064,84309,84319,10
12.92292023,80.15296173,84319,84330,11
12.92321968,80.15408325,84330,84340,10
12.9233799,80.15461731,84340,84350,10
12.92341042,80.15471649,84350,84360,10
12.92354012,80.15527344,84360,84370,10
12.92368984,80.15618134,84370,84380,10
12.92358017,80.15735626,84380,84390,10
12.92346954,80.15843201,84390,84400,10
12.92339993,80.15927887,84400,84410,10
12.92333031,80.16002655,84410,84420,10
12.92325974,80.1603775,84420,84430,10
12.92323017,80.16049957,84430,84441,11
12.92302036,80.16114807,84441,84451,10
12.92271042,80.16210175,84451,84461,10
12.92230988,80.16330719,84461,84471,10
12.92189026,80.16461182,84471,84481,10
12.92152977,80.165802,84481,84491,10
12.92111969,80.167099,84491,84501,10
12.92070007,80.16842651,84501,84511,10
12.92031956,80.16969299,84511,84521,10
12.91998005,80.17080688,84521,84531,10
12.91977024,80.17134857,84531,84541,10
12.91971016,80.17167664,84541,84552,11
12.9196701,80.17180634,84552,84562,10
12.91956043,80.17230988,84562,84572,10
12.91930008,80.17318726,84572,84582,10
12.91903973,80.17421722,84582,84592,10
12.91876984,80.17536163,84592,84602,10
12.91851997,80.17630768,84602,84612,10
12.91845036,80.17675018,84612,84622,10
12.91839981,80.17707825,84622,84632,10
12.9183197,80.17791748,84632,84642,10
12.91888046,80.17884827,84642,84652,10
12.91942024,80.17993927,84652,84663,11
12.9197197,80.18138123,84663,84681,18
12.92024994,80.1837616,84681,84693,12
12.92053986,80.18492126,84693,84703,10
12.92066002,80.18546295,84703,84713,10
12.92066956,80.1855011,84713,84723,10
12.92063046,80.18585968,84723,84733,10
12.92022038,80.18637085,84733,84743,10
12.91948986,80.18717957,84743,84753,10
12.91882038,80.18792725,84753,84763,10
12.91810989,80.18871307,84763,84774,11
12.91757965,80.18968201,84774,84784,10
12.91742039,80.19042969,84784,84794,10
12.91734028,80.19122314,84794,84804,10
12.91722965,80.19219971,84804,84814,10
12.91713047,80.19307709,84814,84824,10
12.91711998,80.19320679,84824,84834,10
12.91709995,80.19335938,84834,84844,10
12.91711044,80.19384766,84844,84854,10
12.91718006,80.19420624,84854,84864,10
12.91755962,80.19461823,84864,84874,10
12.91808033,80.19509888,84874,84885,11
12.91870022,80.19570923,84885,84895,10
12.9193697,80.19625092,84895,84905,10
12.92014027,80.19658661,84905,84915,10
12.9208498,80.19680023,84915,84925,10
12.92152977,80.19706726,84925,84935,10
12.92232037,80.19728088,84935,84945,10
12.92313004,80.19738007,84945,84955,10
12.92395973,80.19745636,84955,84965,10
12.92477989,80.19744873,84965,84975,10
12.92518044,80.19741821,84975,84985,10
12.92551994,80.19741821,84985,84996,11
12.92623997,80.19747162,84996,85012,16
12.92675018,80.19763184,85012,85024,12
12.92755985,80.19818878,85024,85034,10
12.9279604,80.19882202,85034,85043,9
12.92833042,80.19970703,85043,85054,11
12.92846966,80.20088196,85054,85064,10
12.9285202,80.20185852,85064,85074,10
12.92893028,80.20266724,85074,85084,10
12.92943954,80.20274353,85084,85094,10
12.9294796,80.20275879,85094,85105,11
12.93002987,80.20279694,85105,85115,10
12.93080997,80.20294189,85115,85125,10
12.93169975,80.20323944,85125,85135,10
12.93266964,80.20355988,85135,85145,10
12.93352985,80.20381165,85145,85155,10
12.93430042,80.20387268,85155,85165,10
12.93492031,80.20397186,85165,85175,10
12.93585014,80.20429993,85175,85185,10
12.93696976,80.20465851,85185,85195,10
12.93807983,80.20490265,85195,85206,11
12.93925953,80.20533752,85206,85216,10
12.9400301,80.20558929,85216,85226,10
12.94019032,80.20565796,85226,85236,10
12.94083023,80.20585632,85236,85246,10
12.94165039,80.20628357,85246,85256,10
12.94252968,80.20700073,85256,85266,10
12.94320011,80.20783997,85266,85276,10
12.94427967,80.20832825,85276,85286,10
12.94546986,80.20877075,85286,85296,10
12.94672966,80.20922852,85296,85306,10
12.94787979,80.20967102,85306,85317,11
12.94900036,80.21009827,85317,85327,10
12.95009995,80.21053314,85327,85337,10
12.95123005,80.21099854,85337,85347,10
12.95230007,80.21141815,85347,85357,10
12.95304012,80.21176147,85357,85367,10
12.9537096,80.21199799,85367,85377,10
12.95382023,80.2120285,85377,85387,10
12.95444965,80.21227264,85387,85397,10
12.95541954,80.212677,85397,85407,10
12.95656013,80.21311951,85407,85417,10
12.9578104,80.21363068,85417,85428,11
12.95913982,80.21417236,85428,85438,10
12.96016026,80.21457672,85438,85448,10
12.96111012,80.21495819,85448,85458,10
12.96210003,80.21533966,85458,85468,10
12.96304035,80.2157135,85468,85477,9
12.96372986,80.21598053,85477,85488,11
12.96455956,80.21631622,85488,85498,10
12.96570015,80.21678925,85498,85508,10
12.96677017,80.21723175,85508,85518,10
12.96765995,80.21761322,85518,85528,10
12.96821022,80.21781921,85528,85539,11
12.96899986,80.21813202,85539,85549,10
12.96992016,80.21851349,85549,85559,10
12.97097969,80.21891785,85559,85569,10
12.97200966,80.21929932,85569,85579,10
12.97299957,80.2196579,85579,85589,10
12.97387981,80.22001648,85589,85599,10
12.97478008,80.22039795,85599,85609,10
12.97533035,80.22059631,85609,85619,10
12.97568035,80.22081757,85619,85629,10
12.97614002,80.22122955,85629,85650,21
12.97614002,80.22122955,85650,85660,10
12.97651005,80.22122955,85660,85670,10
12.97716999,80.22119904,85670,85680,10
12.97793007,80.22113037,85680,85690,10
12.97877979,80.22109985,85690,85700,10
12.97966003,80.22103882,85700,85710,10
12.9805603,80.22093964,85710,85720,10
12.98141956,80.22122192,85720,85730,10
12.9822197,80.22171783,85730,85740,10
12.98287964,80.22194672,85740,85750,10
12.98291016,80.2219696,85750,85761,11
12.98332024,80.22225189,85761,85771,10
12.98383999,80.22257996,85771,85781,10
12.98456955,80.22309113,85781,85791,10
12.98534966,80.22331238,85791,85801,10
12.98596954,80.22296906,85801,85811,10
12.98666954,80.2229538,85811,85821,10
12.98694038,80.22299957,85821,85831,10
12.9875803,80.22299957,85831,85841,10
12.9883604,80.22264099,85841,85851,10
12.98902988,80.22199249,85851,85861,10
12.98970032,80.22107697,85861,85872,11
12.99038982,80.22036743,85872,85882,10
12.99050999,80.22028351,85882,85892,10
12.99085045,80.21994781,85892,85902,10
12.99147987,80.21948242,85902,85912,10
12.99232006,80.21888733,85912,85928,16
12.99359989,80.21807098,85928,85940,12
12.99452972,80.21736908,85940,85950,10
12.9951601,80.21688843,85950,85959,9
12.99577999,80.21663666,85959,85969,10
12.99664021,80.21645355,85969,85980,11
12.9973402,80.21621704,85980,85992,12
12.99752998,80.21607971,85992,86002,10
12.99789047,80.21573639,86002,86012,10
12.99849987,80.215271,86012,86022,10
12.99903965,80.21482849,86022,86032,10
12.99925995,80.21459198,86032,86042,10
12.99973965,80.21417999,86042,86052,10
13.00002956,80.21392822,86052,86062,10
13.00072956,80.21330261,86062,86071,9
13.00144005,80.21278381,86071,86082,11
13.00236034,80.21219635,86082,86093,11
13.00329971,80.21202087,86093,86103,10
13.00419044,80.21204376,86103,86113,10
13.00502014,80.21250153,86113,86123,10
13.00597,80.21291351,86123,86133,10
13.00681019,80.21273041,86133,86143,10
13.00763988,80.212883,86143,86153,10
13.00786018,80.21308899,86153,86163,10
13.00794029,80.21315765,86163,86173,10
13.00841045,80.21336365,86173,86183,10
13.00889969,80.21405792,86183,86194,11
13.00938034,80.21472931,86194,86204,10
13.00981998,80.21526337,86204,86214,10
13.0104599,80.21600342,86214,86224,10
13.01084995,80.21698761,86224,86234,10
13.01132011,80.21800995,86234,86243,9
13.01169968,80.21923828,86243,86254,11
13.01210976,80.22059631,86254,86264,10
13.01237011,80.22151947,86264,86274,10
13.01264,80.2219162,86274,86284,10
13.01309967,80.2224884,86284,86294,10
13.01356983,80.22303772,86294,86305,11
13.01395988,80.22345734,86305,86315,10
13.01412964,80.22370148,86315,86325,10
13.01420021,80.22382355,86325,86335,10
13.01430035,80.22393799,86335,86345,10
13.01480961,80.2244873,86345,86355,10
13.01541996,80.22502899,86355,86365,10
13.01554966,80.22509003,86365,86375,10
13.01601982,80.22528839,86375,86385,10
