13.01455021,80.22492981,15,4667,4652
13.01445961,80.22514343,4667,5557,890
13.01465034,80.22498322,5557,10230,4673
13.01465034,80.22498322,10230,10240,10
13.01453972,80.2250824,10240,10331,91
13.01447964,80.22505188,10331,20515,10184
13.01447964,80.22505188,20515,20525,10
13.01428986,80.22531128,20525,20536,11
13.01422024,80.22563934,20536,20566,30
13.01422024,80.22563934,20566,20576,10
13.01422024,80.22605896,20576,20606,30
13.01422024,80.22605896,20606,20616,10
13.01416016,80.22634888,20616,20627,11
13.01414013,80.22634888,20627,20637,10
13.01401043,80.22634888,20637,20647,10
13.01368046,80.22648621,20647,20657,10
13.01329994,80.22663879,20657,20667,10
13.01270008,80.22689819,20667,20677,10
13.01196003,80.22720337,20677,20687,10
13.01107979,80.22754669,20687,20697,10
13.01006031,80.22795868,20697,20707,10
13.00922966,80.2284317,20707,20718,11
13.00901985,80.22940826,20718,20728,10
13.00881958,80.23043823,20728,20738,10
13.00860023,80.23155212,20738,20748,10
13.00839043,80.2326889,20748,20758,10
13.00825977,80.23352051,20758,20768,10
13.00823021,80.23365784,20768,20778,10
13.00813007,80.23406219,20778,20788,10
13.00800037,80.23470306,20788,20798,10
13.00784969,80.23547363,20798,20809,11
13.00765038,80.23647308,20809,20819,10
13.00743008,80.23757935,20819,20829,10
13.0072403,80.23866272,20829,20839,10
13.00702953,80.23961639,20839,20849,10
13.00687027,80.24040985,20849,20859,10
13.00685024,80.24078369,20859,20869,10
13.00681973,80.24091339,20869,20879,10
13.00677013,80.24147034,20879,20889,10
13.00675964,80.24227905,20889,20900,11
13.00673962,80.24324799,20900,20910,10
13.00677013,80.24410248,20910,20920,10
13.00677967,80.24507904,20920,20930,10
13.00677013,80.24607849,20930,20940,10
13.00677967,80.2469635,20940,20950,10
13.00646019,80.24739075,20950,20960,10
13.00613976,80.24736023,20960,20970,10
13.00596046,80.24733734,20970,20980,10
13.0053997,80.24733734,20980,20991,11
13.00452042,80.24742126,20991,21001,10
13.00352001,80.24756622,21001,21011,10
13.00245953,80.2477417,21011,21021,10
13.0013504,80.24800873,21021,21031,10
13.0002203,80.24829865,21031,21041,10
12.9990797,80.24858856,21041,21051,10
12.9980402,80.24884033,21051,21061,10
12.99674034,80.24916077,21061,21071,10
12.99559021,80.24947357,21071,21082,11
12.99423027,80.24981689,21082,21092,10
12.99293995,80.2501297,21092,21102,10
12.99168968,80.25045013,21102,21112,10
12.99110031,80.25063324,21112,21122,10
12.99104977,80.25064087,21122,21132,10
12.99057007,80.25074768,21132,21142,10
12.98978996,80.25093842,21142,21152,10
12.98888969,80.25115967,21152,21162,10
12.98826027,80.25134277,21162,21173,11
12.98771954,80.2514801,21173,21183,10
12.98715973,80.2516098,21183,21193,10
12.98643017,80.25177765,21193,21203,10
12.98556042,80.25199127,21203,21213,10
12.98445034,80.25228882,21213,21223,10
12.9832201,80.25260162,21223,21233,10
12.98196983,80.25269318,21233,21243,10
12.98066998,80.25270081,21243,21253,10
12.97970009,80.25269318,21253,21264,11
12.97865963,80.25256348,21264,21274,10
12.97844982,80.25250244,21274,21284,10
12.97836018,80.25244141,21284,21294,10
12.9779501,80.25209808,21294,21304,10
12.97731018,80.2515564,21304,21314,10
12.97636032,80.25119019,21314,21324,10
12.97527981,80.25087738,21324,21334,10
12.9741497,80.25055695,21334,21345,11
12.97290039,80.25022125,21345,21355,10
12.97179985,80.24992371,21355,21365,10
12.97068024,80.2496109,21365,21375,10
12.96955967,80.24920654,21375,21385,10
12.96844006,80.24874115,21385,21395,10
12.96737957,80.24830627,21395,21405,10
12.96642971,80.24784851,21405,21415,10
12.96553993,80.24749756,21415,21425,10
12.96527004,80.24742126,21425,21436,11
12.96504974,80.24729919,21436,21446,10
12.96465969,80.24716187,21446,21456,10
12.9640398,80.24693298,21456,21466,10
12.96327972,80.24661255,21466,21476,10
12.96238041,80.24617004,21476,21486,10
12.96133995,80.24565887,21486,21496,10
12.96028996,80.24519348,21496,21506,10
12.95952988,80.24488831,21506,21516,10
12.95942974,80.24484253,21516,21527,11
12.95909023,80.24465179,21527,21537,10
12.95847034,80.24437714,21537,21547,10
12.9577198,80.24407959,21547,21557,10
12.95689964,80.24382019,21557,21567,10
12.95641994,80.2436676,21567,21577,10
12.95602036,80.24349976,21577,21587,10
12.95532036,80.24314117,21587,21597,10
12.95444012,80.24273682,21597,21607,10
12.95347023,80.2423172,21607,21618,11
12.95236969,80.24188995,21618,21628,10
12.95151043,80.24156952,21628,21638,10
12.95049953,80.24124908,21638,21648,10
12.94939995,80.24092102,21648,21658,10
12.94855976,80.24059296,21658,21668,10
12.94777966,80.24025726,21668,21678,10
12.9470396,80.23999786,21678,21688,10
12.94699955,80.23996735,21688,21698,10
12.9465704,80.23977661,21698,21709,11
12.94581985,80.23947144,21709,21719,10
12.94509029,80.2390213,21719,21729,10
12.94437981,80.23825836,21729,21739,10
12.94357014,80.23738861,21739,21749,10
12.94272041,80.23664856,21749,21759,10
12.94165039,80.23626709,21759,21769,10
12.94054031,80.23600006,21769,21779,10
12.93978977,80.23578644,21779,21789,10
12.9394598,80.23564148,21789,21800,11
12.93873978,80.2352829,21800,21810,10
12.93795967,80.23490143,21810,21820,10
12.93710041,80.23448181,21820,21830,10
12.9362402,80.23406982,21830,21840,10
12.93552017,80.23374176,21840,21850,10
12.93463039,80.23330688,21850,21860,10
12.93377972,80.23294067,21860,21870,10
12.93301964,80.23259735,21870,21880,10
12.93208027,80.23226166,21880,21891,11
12.93087006,80.23184204,21891,21901,10
12.92973995,80.23152161,21901,21911,10
12.92881012,80.2313385,21911,21921,10
12.92780972,80.23117828,21921,21931,10
12.92619991,80.23101807,21931,21951,20
12.92619991,80.23101807,21951,21961,10
12.92590046,80.23098755,21961,21971,10
12.92525959,80.23091125,21971,21982,11
12.92434978,80.23079681,21982,21992,10
12.92331982,80.23065948,21992,22002,10
12.92216015,80.23049164,22002,22012,10
12.92096996,80.23032379,22012,22022,10
12.91975975,80.23016357,22022,22032,10
12.91858006,80.23001099,22032,22042,10
12.91742039,80.22984314,22042,22052,10
12.9162302,80.22968292,22052,22062,10
12.91504002,80.22952271,22062,22073,11
12.91382027,80.22936249,22073,22083,10
12.91329956,80.22931671,22083,22093,10
12.91314983,80.22928619,22093,22103,10
12.91261005,80.22918701,22103,22113,10
12.91182041,80.22908783,22113,22123,10
12.91077995,80.22894287,22123,22133,10
12.90974998,80.2287674,22133,22143,10
12.90847015,80.2285614,22143,22153,10
12.90734005,80.22840118,22153,22164,11
12.90645981,80.22830963,22164,22174,10
12.90618992,80.228302,22174,22184,10
12.90567017,80.22825623,22184,22194,10
12.90485954,80.22821045,22194,22204,10
12.9039402,80.22815704,22204,22214,10
12.90297031,80.22810364,22214,22224,10
12.90190029,80.22805023,22224,22234,10
12.90100956,80.22799683,22234,22244,10
12.90058041,80.22798157,22244,22255,11
12.89982033,80.22792816,22255,22265,10
12.89933014,80.2279129,22265,22275,10
12.89927006,80.22789764,22275,22285,10
12.89881992,80.2279129,22285,22295,10
12.89813995,80.22782898,22295,22305,10
12.89727974,80.22776794,22305,22315,10
12.89628983,80.22772217,22315,22325,10
12.89521027,80.22769165,22325,22336,11
12.89408016,80.22762299,22336,22346,10
12.89303017,80.22750092,22346,22356,10
12.89194012,80.22740173,22356,22366,10
12.89078045,80.22738647,22366,22376,10
12.8895998,80.22738647,22376,22386,10
12.88840961,80.22737122,22386,22396,10
12.88726044,80.22724152,22396,22406,10
12.88611031,80.22698212,22406,22416,10
12.88502979,80.22676086,22416,22427,11
12.88481998,80.22676086,22427,22437,10
12.88442039,80.22673798,22437,22447,10
12.88368988,80.22675323,22447,22457,10
12.88272953,80.22676086,22457,22467,10
12.88158035,80.22676086,22467,22477,10
12.88041019,80.22678375,22477,22487,10
12.87922001,80.22679901,22487,22497,10
12.87798977,80.22686768,22497,22507,10
12.8768301,80.22696686,22507,22518,11
12.87584019,80.22699738,22518,22528,10
12.87477016,80.22689056,22528,22538,10
12.87362003,80.22675323,22538,22548,10
12.87279987,80.22673035,22548,22558,10
12.87252045,80.22673035,22558,22568,10
12.87203979,80.22672272,22568,22578,10
12.87125969,80.22667694,22578,22588,10
12.87026024,80.22660828,22588,22598,10
12.86909962,80.22647095,22598,22609,11
12.86781025,80.22641754,22609,22619,10
12.86668968,80.22653961,22619,22629,10
12.86561966,80.22663116,22629,22639,10
12.86445045,80.22660065,22639,22649,10
12.86330032,80.22653961,22649,22659,10
12.8621397,80.22657776,22659,22669,10
12.86114979,80.22663116,22669,22679,10
12.86102009,80.22662354,22679,22689,10
12.86060047,80.22659302,22689,22700,11
12.85974979,80.22646332,22700,22710,10
12.85886955,80.22633362,22710,22720,10
12.85811996,80.22628021,22720,22730,10
12.85725021,80.22631836,22730,22740,10
12.8562603,80.22641754,22740,22750,10
12.85515022,80.22653961,22750,22760,10
12.85396957,80.22666168,22760,22770,10
12.8527298,80.22673035,22770,22780,10
12.85147953,80.22666931,22780,22791,11
12.85031986,80.22663116,22791,22801,10
12.85011959,80.22663116,22801,22811,10
12.84990978,80.22662354,22811,22821,10
12.84932041,80.22662354,22821,22831,10
12.84852028,80.22660828,22831,22841,10
12.84761047,80.22660828,22841,22851,10
12.84665966,80.22660828,22851,22861,10
12.84587955,80.22663116,22861,22871,10
12.84537029,80.22663879,22871,22882,11
12.84517002,80.22663879,22882,22892,10
12.84461975,80.22666931,22892,22902,10
12.84385967,80.22673035,22902,22912,10
12.84294987,80.22688293,22912,22922,10
12.84193039,80.22708893,22922,22932,10
12.84084034,80.22737885,22932,22942,10
12.84012032,80.22756195,22942,22952,10
12.83971977,80.22766876,22952,22962,10
12.8394804,80.22775269,22962,22973,11
12.83876991,80.22795868,22973,22983,10
12.83790016,80.2281723,22983,22993,10
12.83681965,80.22834015,22993,23003,10
12.83568954,80.22850037,23003,23013,10
12.83454037,80.22868347,23013,23023,10
12.83337975,80.22891998,23023,23033,10
12.8325901,80.2290802,23033,23043,10
12.83234024,80.22911835,23043,23053,10
12.83168983,80.22924805,23053,23064,11
12.83092022,80.22949982,23064,23074,10
12.82999039,80.22984314,23074,23084,10
12.82892036,80.23027802,23084,23094,10
12.82785988,80.23085022,23094,23104,10
12.82686996,80.23130035,23104,23114,10
12.82577038,80.23139954,23114,23124,10
12.82476044,80.23142242,23124,23134,10
12.82396984,80.2312088,23134,23145,11
12.82285023,80.23085785,23145,23155,10
12.82174969,80.23053741,23155,23165,10
12.82065964,80.23046112,23165,23175,10
12.81952,80.23052216,23175,23185,10
12.8189497,80.2305069,23185,23195,10
12.81867981,80.23040771,23195,23205,10
12.81805992,80.23011017,23205,23215,10
12.81721973,80.22972107,23215,23225,10
12.81610012,80.22946167,23225,23236,11
12.8148098,80.22927094,23236,23246,10
12.81365967,80.22901154,23246,23256,10
12.81264019,80.22866821,23256,23266,10
12.81153965,80.22827911,23266,23276,10
12.81052971,80.22788239,23276,23286,10
12.80955982,80.22744751,23286,23296,10
12.80869007,80.22686005,23296,23306,10
12.80780983,80.22612,23306,23316,10
12.80702019,80.22544098,23316,23327,11
12.80630016,80.22479248,23327,23337,10
12.80566025,80.22425079,23337,23347,10
12.80515003,80.22403717,23347,23357,10
12.80496979,80.22399902,23357,23367,10
12.80453014,80.22393799,23367,23377,10
12.80389977,80.22389221,23377,23387,10
12.80319023,80.22383118,23387,23397,10
12.80241013,80.22371674,23397,23407,10
12.80142021,80.22361755,23407,23418,11
12.80023003,80.22351074,23418,23428,10
12.79905033,80.2233963,23428,23438,10
12.7978096,80.22322845,23438,23448,10
12.7966404,80.22306824,23448,23458,10
12.79588032,80.22293854,23458,23468,10
12.79568958,80.22292328,23468,23478,10
12.79516029,80.22281647,23478,23488,10
12.79442024,80.22267914,23488,23498,10
12.79343033,80.22252655,23498,23509,11
12.7921896,80.22232056,23509,23519,10
12.79106045,80.22203827,23519,23529,10
12.78999996,80.22177124,23529,23539,10
12.78929996,80.22155762,23539,23549,10
12.78864002,80.22129822,23549,23559,10
12.78794956,80.22102356,23559,23569,10
12.78736973,80.22080231,23569,23579,10
12.78678036,80.22058105,23579,23610,31
12.78678036,80.22058105,23610,23620,10
12.78654003,80.22048187,23620,23630,10
12.78629971,80.22038269,23630,23640,10
12.78617001,80.22051239,23640,23650,10
12.78619003,80.22090149,23650,23660,10
12.78621006,80.22155762,23660,23701,41
12.78621006,80.22155762,23701,23711,10
12.78625965,80.22197723,23711,24287,576
12.78625965,80.22197723,24287,24297,10
12.7863903,80.22170258,24297,24308,11
12.78629017,80.22141266,24308,24318,10
12.78625965,80.22103882,24318,24328,10
12.78623009,80.2206192,24328,24338,10
12.78647995,80.22042084,24338,24358,20
12.78647995,80.22042084,24358,24368,10
12.78670025,80.22052002,24368,24378,10
12.78717995,80.22070313,24378,24388,10
12.78775024,80.22091675,24388,24399,11
12.78851986,80.22122192,24399,24409,10
12.78931046,80.22151947,24409,24419,10
12.79004955,80.22176361,24419,24429,10
12.79096985,80.22200012,24429,24439,10
12.79209042,80.22228241,24439,24449,10
12.79331017,80.2224884,24449,24459,10
12.79456043,80.22267914,24459,24469,10
12.79578018,80.2228775,24469,24479,10
12.79636002,80.22296143,24479,24490,11
12.79664993,80.22302246,24490,24500,10
12.79722023,80.22312164,24500,24510,10
12.79796028,80.22324371,24510,24520,10
12.79881001,80.22335052,24520,24530,10
12.79979038,80.22345734,24530,24540,10
12.80080032,80.22354126,24540,24550,10
12.80150986,80.22358704,24550,24560,10
12.80177975,80.22363281,24560,24570,10
12.80241966,80.22370911,24570,24581,11
12.80319023,80.22382355,24581,24591,10
12.80397034,80.22387695,24591,24601,10
12.80473995,80.22395325,24601,24611,10
12.80541992,80.22409821,24611,24621,10
12.80556965,80.22413635,24621,24631,10
12.80585003,80.22434998,24631,24641,10
12.8064003,80.22483063,24641,24651,10
12.80712986,80.22547913,24651,24661,10
12.80793953,80.2261734,24661,24672,11
12.80893993,80.22701263,24672,24682,10
12.8099699,80.22760773,24682,24692,10
12.81107998,80.22808075,24692,24702,10
12.81231022,80.22853088,24702,24712,10
12.81352997,80.2289505,24712,24722,10
12.81474018,80.22924805,24722,24732,10
12.81599045,80.22943115,24732,24742,10
12.81719971,80.22966766,24742,24752,10
12.81826019,80.23014069,24752,24763,11
12.81896973,80.23045349,24763,24773,10
12.81929016,80.23047638,24773,24783,10
12.81970978,80.23046112,24783,24793,10
12.81978035,80.23045349,24793,24803,10
12.82019043,80.23046875,24803,24813,10
12.82098007,80.23045349,24813,24823,10
12.82199955,80.23056793,24823,24833,10
12.82314014,80.23091125,24833,24843,10
12.82425022,80.23119354,24843,24854,11
12.82544994,80.23137665,24854,24864,10
12.82662964,80.23130798,24864,24874,10
12.82771969,80.23091888,24874,24884,10
12.82878971,80.23032379,24884,24894,10
12.82973957,80.22989655,24894,24904,10
12.83094978,80.22940063,24904,24914,10
12.83108044,80.22934723,24914,24924,10
12.83148003,80.22921753,24924,24934,10
12.83209038,80.22904968,24934,24945,11
12.83302021,80.22888947,24945,24955,10
12.83409977,80.22872162,24955,24965,10
12.8352499,80.22852325,24965,24975,10
12.83644009,80.22834778,24975,24985,10
12.83773041,80.22814178,24985,24995,10
12.83887959,80.22788239,24995,25005,10
12.83944988,80.22773743,25005,25015,10
12.83988953,80.22759247,25015,25026,11
12.84072018,80.2273407,25026,25036,10
12.84169006,80.2270813,25036,25046,10
12.84284019,80.22682953,25046,25056,10
12.84405041,80.22663116,25056,25066,10
12.84519958,80.22650909,25066,25076,10
12.84547043,80.22650146,25076,25086,10
12.84578037,80.22648621,25086,25096,10
12.84646988,80.22647858,25096,25106,10
12.84741974,80.22650909,25106,25117,11
12.84864998,80.22651672,25117,25127,10
12.84976006,80.22650146,25127,25137,10
12.85007954,80.22648621,25137,25147,10
12.85050964,80.22650146,25147,25157,10
12.85124969,80.22653961,25157,25167,10
12.85219002,80.22659302,25167,25177,10
12.85334969,80.22660828,25177,25187,10
12.85451984,80.22650146,25187,25197,10
12.85581017,80.22637177,25197,25208,11
12.85731983,80.22622681,25208,25218,10
12.85848045,80.22618103,25218,25228,10
12.85956955,80.22631836,25228,25238,10
12.8606596,80.22647095,25238,25248,10
12.86081982,80.22648621,25248,25258,10
12.86104965,80.22653961,25258,25268,10
12.86159992,80.22653198,25268,25278,10
12.86244011,80.22651672,25278,25288,10
12.86345005,80.22648621,25288,25299,11
12.86474037,80.22653961,25299,25309,10
12.86596966,80.22653961,25309,25319,10
12.86688042,80.22647095,25319,25329,10
12.86804962,80.22634888,25329,25339,10
12.86933994,80.22640991,25339,25349,10
12.8706398,80.22654724,25349,25359,10
12.87187004,80.22660065,25359,25369,10
12.87283993,80.22662354,25369,25379,10
12.87386036,80.22666168,25379,25390,11
12.87516022,80.2268219,25390,25400,10
12.87623978,80.22689819,25400,25410,10
12.87666988,80.22686768,25410,25420,10
12.87675953,80.22686005,25420,25430,10
12.87716007,80.22682953,25430,25440,10
12.87788963,80.22676849,25440,25450,10
12.87882996,80.22670746,25450,25460,10
12.87989044,80.22666168,25460,25470,10
12.88097954,80.22666168,25470,25481,11
12.88228035,80.22664642,25481,25491,10
12.88358974,80.22663879,25491,25501,10
12.88457966,80.22662354,25501,25511,10
12.88490009,80.22663116,25511,25521,10
12.88527966,80.22663879,25521,25531,10
12.88543987,80.22666931,25531,25541,10
12.88609982,80.22683716,25541,25551,10
12.88683987,80.22705841,25551,25561,10
12.88745975,80.22718048,25561,25572,11
12.88782024,80.22721863,25572,25582,10
12.8884201,80.22727203,25582,25592,10
12.88924026,80.22730255,25592,25602,10
12.89027977,80.22730255,25602,25612,10
12.89142036,80.22730255,25612,25622,10
12.8924799,80.2273407,25622,25632,10
12.89356995,80.22747803,25632,25642,10
12.8947401,80.22756195,25642,25652,10
12.89597988,80.22762299,25652,25663,11
12.89729977,80.22769928,25663,25673,10
12.89855957,80.22773743,25673,25683,10
12.89972973,80.22781372,25683,25693,10
12.90069962,80.2278595,25693,25703,10
12.90151978,80.22792053,25703,25713,10
12.90233994,80.22794342,25713,25723,10
12.9025898,80.22795868,25723,25733,10
12.90262032,80.22795868,25733,25743,10
12.90305042,80.2279892,25743,25754,11
12.90377998,80.22805023,25754,25764,10
12.90470028,80.22808838,25764,25774,10
12.90565968,80.22814178,25774,25784,10
12.90618992,80.22814941,25784,25794,10
12.90643024,80.22815704,25794,25804,10
12.90672016,80.22821808,25804,25814,10
12.90707016,80.22823334,25814,25824,10
12.90732002,80.22825623,25824,25834,10
12.90787029,80.22836304,25834,25845,11
12.90892029,80.2285614,25845,25855,10
12.9100399,80.22875214,25855,25865,10
12.9112196,80.22892761,25865,25875,10
12.91240978,80.22908783,25875,25885,10
12.9134798,80.2292099,25885,25895,10
12.91382027,80.22924805,25895,25905,10
12.91403961,80.22927856,25905,25915,10
12.91460991,80.22936249,25915,25926,11
12.91545963,80.22949982,25926,25936,10
12.91644001,80.22966003,25936,25946,10
12.91757011,80.22981262,25946,25956,10
12.9187603,80.22998047,25956,25966,10
12.91993999,80.23014069,25966,25976,10
12.9211998,80.23029327,25976,25986,10
12.92253017,80.23047638,25986,25996,10
12.92381954,80.23066711,25996,26006,10
12.92504978,80.2308197,26006,26017,11
12.92634964,80.23097992,26017,26027,10
12.9275198,80.23110962,26027,26037,10
12.92873001,80.23126221,26037,26047,10
12.92986965,80.23150635,26047,26057,10
12.93103027,80.23179626,26057,26067,10
12.9321804,80.23216248,26067,26077,10
12.93327045,80.2325592,26077,26087,10
12.93377018,80.23278046,26087,26097,10
12.93389988,80.23284912,26097,26108,11
12.93441963,80.23310089,26108,26118,10
12.93515968,80.23342133,26118,26128,10
12.93603039,80.23383331,26128,26138,10
12.93708992,80.23432159,26138,26148,10
12.93820953,80.23487854,26148,26158,10
12.93906021,80.23529816,26158,26168,10
12.9396801,80.23554993,26168,26178,10
12.93970966,80.23555756,26178,26188,10
12.93992996,80.23564911,26188,26199,11
12.9405899,80.23592377,26199,26209,10
12.94122028,80.23609924,26209,26219,10
12.94242001,80.23641968,26219,26229,10
12.94340038,80.23700714,26229,26239,10
12.94425011,80.23793793,26239,26249,10
12.94519043,80.23892975,26249,26259,10
12.94631958,80.23957825,26259,26269,10
12.94727039,80.23993683,26269,26279,10
12.94762039,80.24008942,26279,26290,11
12.94824028,80.24035645,26290,26300,10
12.94874001,80.24056244,26300,26310,10
12.94888973,80.24060822,26310,26320,10
12.94925022,80.2407608,26320,26330,10
12.94987011,80.24095917,26330,26340,10
12.95059967,80.24118042,26340,26350,10
12.95112038,80.24134064,26350,26360,10
12.95129967,80.2414093,26360,26370,10
12.95188046,80.24162292,26370,26381,11
12.95269966,80.2419281,26381,26391,10
12.9535799,80.24230194,26391,26401,10
12.95444012,80.24262238,26401,26411,10
12.9551897,80.24291229,26411,26421,10
12.95600033,80.24314117,26421,26431,10
12.95643997,80.24330139,26431,26441,10
12.95681953,80.24346924,26441,26451,10
12.95746994,80.2437973,26451,26461,10
12.95823002,80.24414063,26461,26472,11
12.95897007,80.24442291,26472,26482,10
12.95909977,80.24449158,26482,26492,10
12.95952988,80.24471283,26492,26502,10
12.96018028,80.24501038,26502,26512,10
12.96100044,80.24539948,26512,26522,10
12.96197987,80.24590302,26522,26532,10
12.96292973,80.24639893,26532,26542,10
12.96337032,80.24655914,26542,26583,41
12.96337032,80.24655914,26583,26593,10
12.96350956,80.24655151,26593,26603,10
12.96391964,80.24677277,26603,26613,10
12.96455956,80.24701691,26613,26623,10
12.96535969,80.24727631,26623,26633,10
12.96627998,80.247612,26633,26643,10
12.96654987,80.24774933,26643,26654,11
12.96664047,80.24781036,26654,26664,10
12.96697044,80.24797821,26664,26674,10
12.9671402,80.24809265,26674,26684,10
12.96769047,80.24832153,26684,26694,10
12.96844006,80.24861145,26694,26704,10
12.96938992,80.2489624,26704,26714,10
12.97043991,80.24941254,26714,26724,10
12.97163963,80.24977875,26724,26734,10
12.97292995,80.25012207,26734,26745,11
12.97451973,80.2505722,26745,26755,10
12.97587013,80.25096893,26755,26765,10
12.97716999,80.25138092,26765,26775,10
12.97807026,80.25202942,26775,26785,10
12.97858047,80.25231934,26785,26795,10
12.9787302,80.25241852,26795,26805,10
12.97931957,80.25257111,26805,26815,10
12.98017979,80.25263977,26815,26826,11
12.98134041,80.25261688,26826,26836,10
12.98246002,80.25260925,26836,26846,10
12.98361969,80.25247955,26846,26856,10
12.98472977,80.25218201,26856,26866,10
12.98571014,80.25189972,26866,26876,10
12.98657036,80.25167847,26876,26886,10
12.98756981,80.25137329,26886,26957,71
12.98756981,80.25137329,26957,26967,10
12.98781967,80.25131989,26967,26977,10
12.98832035,80.25119781,26977,26987,10
12.9890604,80.25099945,26987,26997,10
12.98937035,80.2509079,26997,27008,11
12.98968029,80.25083923,27008,27018,10
12.99028015,80.25068665,27018,27029,11
12.99106026,80.25051117,27029,27038,9
12.99203968,80.25028229,27038,27049,11
12.99330997,80.24996948,27049,27059,10
12.9946003,80.24964142,27059,27069,10
12.99584961,80.24931335,27069,27079,10
12.99662018,80.24906921,27079,27088,9
12.99682999,80.24903107,27088,27100,12
12.99746037,80.24887848,27100,27110,10
12.99825001,80.24868774,27110,27120,10
12.99925995,80.24845123,27120,27130,10
13.00039005,80.24816132,27130,27140,10
13.00158024,80.2478714,27140,27150,10
13.00267982,80.24761963,27150,27160,10
13.00382042,80.24742889,27160,27170,10
13.00502014,80.24726105,27170,27180,10
13.00603962,80.24698639,27180,27191,11
13.00650978,80.24643707,27191,27201,10
13.00656033,80.24632263,27201,27211,10
13.00660992,80.24584198,27211,27221,10
13.00664043,80.24513245,27221,27231,10
13.00664043,80.24424744,27231,27241,10
13.00660992,80.24317932,27241,27251,10
13.00656986,80.24201965,27251,27261,10
13.00662994,80.24098206,27261,27271,10
13.0067997,80.240242,27271,27282,11
13.00691986,80.23947144,27282,27292,10
13.00706959,80.23861694,27292,27302,10
13.00726986,80.23769379,27302,27312,10
13.00736046,80.23713684,27312,27322,10
13.00737953,80.23708344,27322,27332,10
13.00747967,80.23673248,27332,27342,10
13.00761986,80.23609924,27342,27352,10
13.00776958,80.2353363,27352,27362,10
13.0079298,80.23452759,27362,27373,11
13.0081501,80.2334137,27373,27383,10
13.0083704,80.23223877,27383,27393,10
13.00856018,80.23101044,27393,27403,10
13.00881958,80.22976685,27403,27413,10
13.00905991,80.22859192,27413,27423,10
13.00946045,80.2275238,27423,27433,10
13.00994968,80.22647095,27433,27443,10
13.01047039,80.22547913,27443,27453,10
13.01091957,80.22451782,27453,27464,11
13.01134014,80.22354889,27464,27474,10
13.01142979,80.22332001,27474,27484,10
13.0114603,80.22328186,27484,27494,10
13.01161957,80.22290039,27494,27504,10
13.01187992,80.22218323,27504,27514,10
13.01218033,80.22149658,27514,27524,10
13.01249027,80.22164154,27524,27534,10
13.0128603,80.22216034,27534,27544,10
13.01338959,80.22277069,27544,27555,11
13.0141201,80.22355652,27555,27565,10
13.01467037,80.22409058,27565,27575,10
13.01506042,80.22451782,27575,27585,10
13.01554966,80.22493744,27585,27605,20
13.01554966,80.22493744,27605,27615,10
13.0157299,80.22515869,27615,27625,10
13.01622963,80.2253418,27625,27636,11
13.01706982,80.22512054,27636,27646,10
13.0180397,80.22473907,27646,27656,10
13.01900959,80.22437286,27656,27666,10
13.01965046,80.22445679,27666,27676,10
13.01966953,80.22447968,27676,27686,10
13.01988983,80.22466278,27686,27696,10
13.02029991,80.2249527,27696,27706,10
13.02091026,80.22537994,27706,27716,10
13.02159023,80.22592163,27716,27727,11
13.02245998,80.22663879,27727,27737,10
13.02326012,80.2273407,27737,27747,10
13.02388,80.22788239,27747,27757,10
13.02416992,80.22814178,27757,27848,91
13.02416992,80.22814178,27848,27858,10
13.02423,80.22818756,27858,27868,10
13.02443027,80.22841644,27868,27878,10
13.02441025,80.22859955,27878,27888,10
13.02414989,80.22843933,27888,27898,10
13.02387047,80.22807312,27898,27909,11
13.02348995,80.22769928,27909,27959,50
13.02348995,80.22769928,27959,27969,10
13.02336979,80.22753906,27969,27979,10
13.02309036,80.22724152,27979,27989,10
13.02264023,80.2268219,27989,28000,11
13.02198029,80.22624207,28000,28010,10
13.02124977,80.22567749,28010,28020,10
13.02046967,80.22512054,28020,28030,10
13.01988029,80.22476959,28030,28060,30
13.01988029,80.22476959,28060,28070,10
13.01959991,80.22466278,28070,28080,10
13.01885986,80.22451782,28080,28091,11
13.01795959,80.22485352,28091,28101,10
13.01692009,80.22524261,28101,28111,10
13.01618004,80.22551727,28111,28121,10
13.01500988,80.22598267,28121,28151,30
13.01500988,80.22598267,28151,28161,10
13.0145998,80.2261734,28161,28202,41
13.0145998,80.2261734,28202,28212,10
13.01434994,80.22625732,28212,28222,10
13.01385975,80.22646332,28222,28232,10
13.0132103,80.22666931,28232,28242,10
13.01245022,80.22696686,28242,28252,10
13.01159954,80.22730255,28252,28263,11
13.01060009,80.22769928,28263,28273,10
13.00969028,80.22807312,28273,28283,10
13.00909996,80.2287674,28283,28293,10
13.00891018,80.22978973,28293,28303,10
13.00870991,80.23088074,28303,28313,10
13.0085001,80.23197937,28313,28323,10
13.00833035,80.23297882,28323,28333,10
13.00829983,80.23342896,28333,28342,9
13.00829983,80.23343658,28342,28354,12
13.00817966,80.23381805,28354,28364,10
13.00809002,80.23433685,28364,28374,10
13.00796032,80.23496246,28374,28384,10
13.00782013,80.23577118,28384,28394,10
13.00761032,80.23671722,28394,28404,10
13.00739956,80.23773956,28404,28414,10
13.00726986,80.23879242,28414,28424,10
13.00699997,80.23995209,28424,28485,61
13.00699997,80.23995209,28485,28495,10
13.00693035,80.24015045,28495,28505,10
13.00689983,80.24046326,28505,28515,10
13.0068903,80.24047852,28515,28525,10
13.00687027,80.24062347,28525,28536,11
13.00685024,80.24069977,28536,28546,10
13.00679016,80.2410965,28546,28556,10
13.00677013,80.24176025,28556,28566,10
13.00675964,80.24256134,28566,28576,10
13.00671959,80.24344635,28576,28586,10
13.00669003,80.24449921,28586,28596,10
13.00671959,80.2454071,28596,28606,10
13.00679016,80.24636078,28606,28616,10
13.00679016,80.24704742,28616,28627,11
13.00677967,80.24710083,28627,28637,10
13.00671005,80.2473526,28637,28647,10
13.00629997,80.24742889,28647,28657,10
13.00619984,80.24743652,28657,28667,10
13.0060997,80.24745178,28667,28677,10
13.00562954,80.24742126,28677,28687,10
13.00491047,80.24742889,28687,28697,10
13.00405025,80.24751282,28697,28708,11
13.00302029,80.24768066,28708,28718,10
13.00203991,80.2478714,28718,28728,10
13.00094032,80.24813843,28728,28738,10
12.99981976,80.24842072,28738,28748,10
12.99818039,80.24886322,28748,28768,20
12.99818039,80.24886322,28768,28778,10
12.99785995,80.24891663,28778,28788,10
12.99722004,80.24904633,28788,28799,11
12.99633026,80.24925995,28799,28809,10
12.99534035,80.24954224,28809,28819,10
12.99419022,80.24983978,28819,28829,10
12.99295998,80.25012207,28829,28839,10
12.99195957,80.25036621,28839,28849,10
12.99112034,80.25061798,28849,28859,10
12.9910202,80.25064087,28859,28869,10
12.99050999,80.25074768,28869,28879,10
12.98972988,80.25093842,28879,28890,11
12.98873997,80.25119781,28890,28900,10
12.98812962,80.25137329,28900,28991,91
12.98812962,80.25137329,28991,29001,10
12.98799992,80.25144958,29001,29011,10
12.98762035,80.25151825,29011,29021,10
12.98698044,80.25170135,29021,29031,10
12.98614979,80.25189972,29031,29041,10
12.98513985,80.25213623,29041,29051,10
12.98400974,80.25244904,29051,29061,10
12.98285961,80.25266266,29061,29072,11
12.98159027,80.25270081,29072,29082,10
12.98050976,80.25273895,29082,29092,10
12.97976017,80.25273132,29092,29102,10
12.97894955,80.2526474,29102,29112,10
12.97859955,80.25256348,29112,29122,10
12.97846031,80.25247192,29122,29132,10
12.97801971,80.2521286,29132,29142,10
12.97739983,80.2516098,29142,29152,10
12.97647953,80.2512207,29152,29163,11
12.97529984,80.25086975,29163,29173,10
12.97416973,80.2505188,29173,29183,10
12.9730196,80.25022125,29183,29193,10
12.97185993,80.24990845,29193,29203,10
12.97058964,80.24954224,29203,29213,10
12.9693203,80.24906158,29213,29223,10
12.96796036,80.24854279,29223,29233,10
12.96679974,80.24803162,29233,29243,10
12.96586037,80.24761963,29243,29254,11
12.96504974,80.24736023,29254,29264,10
12.9649601,80.24732971,29264,29274,10
12.9647398,80.24725342,29274,29284,10
12.96420002,80.24701691,29284,29294,10
12.96370029,80.24681854,29294,29304,10
12.96341038,80.24667358,29304,29314,10
12.96282959,80.24642181,29314,29324,10
12.96208954,80.24604797,29324,29334,10
12.9611702,80.24559021,29334,29345,11
12.96004009,80.24507141,29345,29355,10
12.95938015,80.24479675,29355,29365,10
12.9593401,80.24476624,29365,29375,10
12.95897961,80.24459076,29375,29385,10
12.95837975,80.24432373,29385,29395,10
12.95769978,80.24407959,29395,29405,10
12.95695019,80.24385071,29405,29415,10
12.95643997,80.24371338,29415,29426,11
12.95643997,80.24369812,29426,29436,10
12.95627022,80.2436676,29436,29446,10
12.95584011,80.24340057,29446,29456,10
12.95518017,80.24304962,29456,29466,10
12.95438004,80.24269104,29466,29476,10
12.9534502,80.24230194,29476,29486,10
12.95242977,80.24188995,29486,29496,10
12.95168972,80.24167633,29496,29506,10
12.95158005,80.24163818,29506,29517,11
12.95106983,80.24147034,29517,29527,10
12.95038986,80.24124908,29527,29537,10
12.94964981,80.24102783,29537,29547,10
12.94946957,80.2409668,29547,29557,10
12.94927025,80.2408905,29557,29567,10
12.94882011,80.24072266,29567,29577,10
12.94812012,80.24043274,29577,29587,10
12.94744015,80.24015045,29587,29597,10
12.94727039,80.24006653,29597,29608,11
12.94717979,80.24002075,29608,29618,10
12.94674015,80.23983765,29618,29628,10
12.94608974,80.23956299,29628,29638,10
12.94536018,80.23918152,29638,29648,10
12.94466019,80.23851776,29648,29658,10
12.94388962,80.23767853,29658,29668,10
12.94309044,80.23683929,29668,29678,10
12.94204044,80.23634338,29678,29688,10
12.94085979,80.23606873,29688,29699,11
12.93986034,80.23581696,29699,29709,10
12.93968964,80.23574829,29709,29719,10
12.93949032,80.23564911,29719,29729,10
12.9389801,80.23538971,29729,29739,10
12.93828011,80.23503113,29739,29749,10
12.93743992,80.23461151,29749,29759,10
12.93651962,80.23416138,29759,29769,10
12.93605995,80.23394775,29769,29779,10
12.9358902,80.23387909,29779,29790,11
12.93533039,80.23361969,29790,29800,10
12.93463993,80.23329163,29800,29810,10
12.93395996,80.23300934,29810,29820,10
12.93385983,80.23296356,29820,29830,10
12.9335804,80.23282623,29830,29840,10
12.93305969,80.23258209,29840,29850,10
12.93233967,80.2322998,29850,29860,10
12.93142986,80.231987,29860,29870,10
12.93035984,80.23166656,29870,29881,11
12.92897034,80.2313385,29881,29901,20
12.92897034,80.2313385,29901,29911,10
12.92866993,80.23130035,29911,29921,10
12.92805004,80.23120117,29921,29931,10
12.92724991,80.23110199,29931,29941,10
12.92640018,80.23103333,29941,29951,10
12.92605972,80.23101807,29951,29961,10
12.92591,80.23098755,29961,29972,11
12.92537022,80.23094177,29972,29982,10
12.92467022,80.23088074,29982,29992,10
12.9238596,80.23075867,29992,30002,10
12.92288971,80.23061371,30002,30012,10
12.92177963,80.2304306,30012,30022,10
12.92061996,80.2302475,30022,30032,10
12.9194603,80.23007965,30032,30042,10
12.91833019,80.22991943,30042,30052,10
12.91724968,80.22979736,30052,30063,11
12.91615009,80.22963715,30063,30073,10
12.91506004,80.22949982,30073,30083,10
12.91407013,80.2293396,30083,30093,10
12.91349983,80.22930145,30093,30103,10
12.91345978,80.22930145,30103,30113,10
12.91308022,80.22924805,30113,30123,10
12.91242027,80.22917938,30123,30133,10
12.91158009,80.22904205,30133,30143,10
12.91055012,80.22886658,30143,30154,11
12.90929985,80.22866821,30154,30164,10
12.90822983,80.228508,30164,30174,10
12.90711021,80.2283783,30174,30224,50
12.90711021,80.2283783,30224,30234,10
12.90686989,80.22836304,30234,30245,11
12.90633965,80.22830963,30245,30255,10
12.90614033,80.22825623,30255,30265,10
12.90563965,80.22825623,30265,30275,10
12.90487003,80.22821808,30275,30285,10
12.90400982,80.2281723,30285,30295,10
12.90299988,80.2281189,30295,30305,10
12.90205956,80.22808075,30305,30315,10
12.90126038,80.2280426,30315,30366,51
12.90126038,80.2280426,30366,30376,10
12.90112972,80.2280426,30376,30386,10
12.90071011,80.22798157,30386,30396,10
12.90003967,80.22792816,30396,30406,10
12.89941025,80.22789764,30406,30417,11
12.89883995,80.22792816,30417,30427,10
12.89869976,80.22792053,30427,30437,10
12.89824009,80.2278595,30437,30447,10
12.89754009,80.22779846,30447,30457,10
12.89669037,80.22776794,30457,30467,10
12.89568043,80.2277298,30467,30477,10
12.89344978,80.22759247,30477,30487,10
12.89344978,80.22759247,30487,30497,10
12.8928299,80.2275238,30497,30508,11
12.89282036,80.2275238,30508,30518,10
12.89264011,80.22747803,30518,30528,10
12.89241982,80.22743225,30528,30538,10
12.89190006,80.22741699,30538,30550,12
12.89113998,80.22740936,30550,30560,10
12.89013004,80.22740936,30560,30570,10
12.88906002,80.22740936,30570,30580,10
12.88790989,80.2273407,30580,30589,9
12.88724041,80.22724152,30589,30601,12
12.88636017,80.22705841,30601,30611,10
12.8854599,80.22682953,30611,30621,10
12.88500023,80.22676086,30621,30631,10
12.88492012,80.22675323,30631,30641,10
12.88451004,80.22673798,30641,30651,10
12.8838501,80.22673798,30651,30661,10
12.88298988,80.22676086,30661,30671,10
12.88197994,80.22676849,30671,30681,10
12.88092041,80.22676849,30681,30692,11
12.87961006,80.22676849,30692,30702,10
12.87829971,80.22682953,30702,30712,10
12.87662029,80.22698212,30712,30742,30
12.87662029,80.22698212,30742,30752,10
12.87637997,80.22696686,30752,30762,10
12.87582016,80.22693634,30762,30772,10
12.87504005,80.22688293,30772,30783,11
12.87397957,80.22676849,30783,30793,10
12.87310028,80.22672272,30793,30803,10
12.87283993,80.22673798,30803,30813,10
12.87279987,80.22673798,30813,30823,10
12.87230015,80.22673035,30823,30833,10
12.87154007,80.22669983,30833,30843,10
12.87061977,80.22666931,30843,30853,10
12.86952019,80.22654724,30853,30863,10
12.86832047,80.22641754,30863,30874,11
12.86693954,80.22651672,30874,30884,10
12.86577988,80.22662354,30884,30894,10
12.86460018,80.22660828,30894,30904,10
12.8633604,80.2265625,30904,30914,10
12.86211967,80.22660065,30914,30924,10
12.86108017,80.22663879,30924,30934,10
12.86091995,80.22663879,30934,30944,10
12.86042023,80.22657013,30944,30954,10
12.85964966,80.22646332,30954,30965,11
12.85877037,80.22633362,30965,30975,10
12.8579998,80.22628021,30975,30985,10
12.85708046,80.22634125,30985,30995,10
12.85603046,80.22644806,30995,31005,10
12.85486031,80.22657776,31005,31015,10
12.8536396,80.22669983,31015,31025,10
12.85231972,80.22670746,31025,31035,10
12.85101986,80.22666168,31035,31045,10
12.85009956,80.22663879,31045,31056,11
12.84994984,80.22664642,31056,31066,10
12.84947968,80.22663879,31066,31076,10
12.84875965,80.22662354,31076,31086,10
12.84782982,80.22663116,31086,31096,10
12.84673023,80.22663879,31096,31106,10
12.84601021,80.22664642,31106,31116,10
12.84593964,80.22663879,31116,31126,10
12.84584045,80.22662354,31126,31136,10
12.84543991,80.22663879,31136,31147,11
12.84541988,80.22663879,31147,31157,10
12.84514046,80.22663879,31157,31167,10
12.84453964,80.22667694,31167,31177,10
12.84375,80.22676086,31177,31187,10
12.84280014,80.22692871,31187,31197,10
12.84167957,80.22718048,31197,31207,10
12.84057999,80.2274704,31207,31217,10
12.83998013,80.22760773,31217,31227,10
12.8398304,80.2276535,31227,31238,11
12.83977985,80.22766113,31238,31258,20
12.83977985,80.22766113,31258,31268,10
12.83918953,80.22782135,31268,31278,10
12.83848,80.22801208,31278,31288,10
12.83767986,80.22818756,31288,31298,10
12.83681965,80.22834015,31298,31308,10
12.83580017,80.22849274,31308,31318,10
12.83460045,80.22868347,31318,31329,11
12.83323956,80.22894287,31329,31339,10
12.83238029,80.22914124,31339,31359,20
12.83238029,80.22914124,31359,31369,10
12.83209038,80.22917175,31369,31379,10
12.83156967,80.22928619,31379,31389,10
12.83080959,80.22952271,31389,31399,10
12.82985973,80.22987366,31399,31409,10
12.82882023,80.23032379,31409,31420,11
12.82769966,80.2309494,31420,31430,10
12.82668018,80.2313385,31430,31440,10
12.82557964,80.23143005,31440,31450,10
12.82460976,80.23136902,31450,31460,10
12.82357979,80.23108673,31460,31470,10
12.82246971,80.23075867,31470,31480,10
12.82133961,80.23049927,31480,31490,10
12.82017994,80.23049164,31490,31500,10
12.81908035,80.23052216,31500,31511,11
12.81892967,80.23052216,31511,31521,10
12.81861019,80.23036194,31521,31531,10
12.81795025,80.23005676,31531,31541,10
12.81704044,80.22966766,31541,31551,10
12.81591988,80.22943878,31551,31561,10
12.81476021,80.22927856,31561,31571,10
12.81361008,80.22901917,31571,31581,10
12.8125,80.22865295,31581,31592,11
12.81126022,80.22820282,31592,31602,10
12.81015968,80.22776794,31602,31612,10
12.80908966,80.22722626,31612,31622,10
12.8081398,80.22644043,31622,31632,10
12.80723,80.22566223,31632,31642,10
12.80655003,80.22502899,31642,31652,10
12.80587959,80.22442627,31652,31662,10
12.80533981,80.22409821,31662,31672,10
12.80508995,80.22405243,31672,31683,11
12.80506992,80.22405243,31683,31693,10
12.80492973,80.22406769,31693,31703,10
12.80440998,80.22399139,31703,31713,10
12.80364037,80.22390747,31713,31723,10
12.80284023,80.22380829,31723,31733,10
12.80193996,80.22367859,31733,31743,10
12.80113029,80.22363281,31743,31753,10
12.80101967,80.22363281,31753,31763,10
12.8007803,80.22357941,31763,31774,11
12.80010986,80.22348022,31774,31784,10
12.79928017,80.22342682,31784,31794,10
12.79821968,80.22331238,31794,31804,10
12.79701042,80.22312164,31804,31814,10
12.79601002,80.22296906,31814,31824,10
12.79586983,80.22296143,31824,31834,10
12.7954998,80.2228775,31834,31844,10
12.79485035,80.22277832,31844,31854,10
12.79393005,80.2226181,31854,31865,11
12.79273033,80.22241974,31865,31875,10
12.79160023,80.22218323,31875,31885,10
12.79049015,80.22190857,31885,31895,10
12.78971958,80.22167969,31895,31905,10
12.78950024,80.22161865,31905,31915,10
12.78913021,80.22148895,31915,31925,10
12.78851032,80.22126007,31925,31935,10
12.78787994,80.2210083,31935,31945,10
12.78687954,80.22065735,31945,31976,31
12.78687954,80.22065735,31976,31986,10
12.78649998,80.22045898,31986,32006,20
12.78649998,80.22045898,32006,32016,10
12.78643036,80.22045135,32016,32026,10
12.78625965,80.22039032,32026,32036,10
12.78619957,80.22042084,32036,32047,11
12.78619003,80.22071838,32047,32057,10
12.78621006,80.22116852,32057,32067,10
12.78625011,80.2216568,32067,32077,10
12.78623962,80.22209167,32077,34425,2348
12.78623962,80.22209167,34425,34435,10
12.7862196,80.22162628,34435,34445,10
12.7862196,80.22158813,34445,34455,10
12.78617954,80.22133636,34455,34466,11
12.78619003,80.22104645,34466,34476,10
12.78617001,80.22080994,34476,34486,10
12.78617954,80.22064972,34486,34496,10
12.78619003,80.22062683,34496,34506,10
12.78619957,80.22045898,34506,34587,81
12.78619957,80.22045898,34587,34597,10
12.78666019,80.22048187,34597,34637,40
12.78666019,80.22048187,34637,34648,11
12.78695011,80.22064209,34648,34658,10
12.78746033,80.22083282,34658,34668,10
12.78808975,80.22106171,34668,34678,10
12.78880024,80.22133636,34678,34688,10
12.78952026,80.22160339,34688,34698,10
12.79018974,80.22180176,34698,34708,10
12.79102993,80.22200775,34708,34718,10
12.79203033,80.22225189,34718,34728,10
12.79319,80.22245789,34728,34739,11
12.79450035,80.22265625,34739,34749,10
12.79563999,80.22284698,34749,34759,10
12.79634953,80.22293854,34759,34769,10
12.79638958,80.2229538,34769,34779,10
12.7967701,80.22302246,34779,34789,10
12.79736042,80.22312927,34789,34799,10
12.79810047,80.22324371,34799,34809,10
12.79889965,80.22332001,34809,34819,10
12.79977989,80.22341919,34819,34830,11
12.80134964,80.22354126,34830,34850,20
12.80134964,80.22354126,34850,34860,10
12.80167961,80.22360229,34860,34870,10
12.80231953,80.22366333,34870,34880,10
12.80303955,80.22376251,34880,34890,10
12.80381966,80.22384644,34890,34900,10
12.80467033,80.22392273,34900,34910,10
12.80560017,80.22413635,34910,34931,21
12.80560017,80.22413635,34931,34941,10
12.80572033,80.22425842,34941,34951,10
12.80613995,80.224617,34951,34961,10
12.80669975,80.22512054,34961,34971,10
12.80737972,80.22570801,34971,34981,10
12.80815983,80.22637939,34981,34991,10
12.80897045,80.22705841,34991,35001,10
12.80978966,80.22753906,35001,35012,11
12.81074047,80.22794342,35012,35022,10
12.81167984,80.22827911,35022,35032,10
12.81274033,80.22868347,35032,35042,10
12.81379986,80.22902679,35042,35052,10
12.8146801,80.22924042,35052,35062,10
12.81571007,80.22937775,35062,35072,10
12.81688023,80.22956848,35072,35082,10
12.81801033,80.23002625,35082,35092,10
12.8190403,80.23043823,35092,35103,11
12.81970024,80.23043823,35103,35113,10
12.81991005,80.2304306,35113,35123,10
12.8205204,80.23040771,35123,35133,10
12.82137012,80.23043823,35133,35143,10
12.82240009,80.23065948,35143,35153,10
12.82351017,80.23101044,35153,35163,10
12.82462978,80.23127747,35163,35173,10
12.82579994,80.2313385,35173,35183,10
12.82695961,80.23121643,35183,35194,11
12.82812023,80.23065948,35194,35204,10
12.82917976,80.23008728,35204,35214,10
12.83024979,80.22966766,35214,35224,10
12.83100033,80.2293396,35224,35234,10
12.83106995,80.22930908,35234,35244,10
12.83131027,80.22924042,35244,35254,10
12.83156967,80.22914886,35254,35285,31
12.83156967,80.22914886,35285,35295,10
12.83162975,80.22913361,35295,35305,10
12.83201981,80.22904205,35305,35315,10
12.83265972,80.22891998,35315,35325,10
12.83349991,80.2287674,35325,35335,10
12.83448982,80.22859192,35335,35345,10
12.83549976,80.22844696,35345,35355,10
12.83662033,80.22825623,35355,35365,10
12.83775043,80.22808075,35365,35376,11
12.83882046,80.22782135,35376,35386,10
12.8393898,80.22766876,35386,35406,20
12.8393898,80.22766876,35406,35416,10
12.83948994,80.22763824,35416,35446,30
12.83948994,80.22763824,35446,35456,10
12.83990955,80.2275238,35456,35467,11
12.84064007,80.22733307,35467,35477,10
12.84146976,80.22711945,35477,35487,10
12.84249973,80.22688293,35487,35497,10
12.8436203,80.22667694,35497,35507,10
12.84477043,80.2265625,35507,35517,10
12.84545994,80.22650146,35517,35527,10
12.84560013,80.22650146,35527,35537,10
12.84615993,80.22650146,35537,35547,10
12.84694958,80.22648621,35547,35558,11
12.84799957,80.22648621,35558,35568,10
12.84910011,80.22648621,35568,35578,10
12.84986019,80.22647095,35578,35588,10
12.85002041,80.22647095,35588,35598,10
12.85044956,80.22647858,35598,35608,10
12.85114002,80.22650909,35608,35618,10
12.85200024,80.2265625,35618,35628,10
12.85301971,80.22660828,35628,35638,10
12.85422993,80.22650146,35638,35649,11
12.85577965,80.22634888,35649,35659,10
12.85733986,80.22618103,35659,35669,10
12.85867023,80.22618103,35669,35679,10
12.85995007,80.22637177,35679,35689,10
12.86122036,80.22650146,35689,35699,10
12.86242008,80.22646332,35699,35709,10
12.86359024,80.22644043,35709,35719,10
12.86480045,80.22648621,35719,35729,10
12.86602974,80.22650146,35729,35740,11
12.8674202,80.22637939,35740,35750,10
12.86867046,80.22631073,35750,35760,10
12.86991978,80.22646332,35760,35770,10
12.87115002,80.22657776,35770,35780,10
12.87230968,80.22657776,35780,35800,20
12.87230968,80.22657776,35800,35810,10
12.87257004,80.22657776,35810,35820,10
12.87267971,80.22659302,35820,35831,11
12.87306976,80.22660828,35831,35841,10
12.87376022,80.22664642,35841,35851,10
12.87462044,80.22676086,35851,35861,10
12.87565994,80.22688293,35861,35871,10
12.8762598,80.22688293,35871,35881,10
12.87648964,80.22686005,35881,35891,10
12.87668037,80.22683716,35891,35901,10
12.8770504,80.2268219,35901,35911,10
12.87773991,80.22676849,35911,35922,11
12.87872028,80.22669983,35922,35932,10
12.87981033,80.22666168,35932,35942,10
12.88094997,80.22664642,35942,35952,10
12.88212013,80.22663879,35952,35962,10
12.88327026,80.22663116,35962,35972,10
12.8844099,80.22660828,35972,35982,10
12.88519955,80.22663116,35982,35992,10
12.88521957,80.22663879,35992,36002,10
12.88525963,80.22663879,36002,36013,11
12.88570023,80.22673035,36013,36023,10
12.8863802,80.22692108,36023,36033,10
12.88726044,80.22712708,36033,36043,10
12.88831997,80.22725677,36043,36053,10
12.88947964,80.22728729,36053,36063,10
12.89066982,80.22727966,36063,36073,10
12.89171028,80.22727966,36073,36083,10
12.89253998,80.22733307,36083,36093,10
12.8934803,80.22746277,36093,36104,11
12.89466953,80.22756195,36104,36114,10
12.89575958,80.22762299,36114,36124,10
12.8969202,80.2276535,36124,36134,10
12.89811039,80.22772217,36134,36144,10
12.89918995,80.2277832,36144,36154,10
12.89997959,80.22782135,36154,36164,10
12.90038013,80.22782898,36164,36205,41
12.90038013,80.22782898,36205,36215,10
12.90054989,80.2277832,36215,36225,10
12.90079021,80.22781372,36225,36235,10
12.90108013,80.22783661,36235,36245,10
12.90149021,80.22788239,36245,36255,10
12.90233994,80.2279129,36255,36286,31
12.90233994,80.2279129,36286,36296,10
12.90252972,80.22792816,36296,36306,10
12.90275955,80.22794342,36306,36316,10
12.90328979,80.22798157,36316,36326,10
12.90406036,80.22801971,36326,36336,10
12.90495968,80.22808075,36336,36346,10
12.90583992,80.22811127,36346,36356,10
12.90625,80.22812653,36356,36387,31
12.90625,80.22812653,36387,36397,10
12.90637016,80.22811127,36397,36407,10
12.90666962,80.22814178,36407,36417,10
12.90692043,80.2281723,36417,36427,10
12.90723038,80.22821808,36427,36437,10
12.9078598,80.22831726,36437,36447,10
12.90872002,80.22846985,36447,36457,10
12.90970039,80.2286377,36457,36468,11
12.91110039,80.22885132,36468,36478,10
12.91230011,80.22902679,36478,36488,10
12.91331959,80.22914886,36488,36498,10
12.91374969,80.22920227,36498,36508,10
12.91380978,80.22924042,36508,36518,10
12.91407967,80.22924805,36518,36528,10
12.91429996,80.22927856,36528,36538,10
12.91473961,80.2293396,36538,36548,10
12.91541958,80.22943878,36548,36559,11
12.91639996,80.229599,36559,36569,10
12.91724014,80.22972107,36569,36579,10
12.91816998,80.2298584,36579,36589,10
12.91928005,80.23001099,36589,36599,10
12.92041969,80.23016357,36599,36609,10
12.92156982,80.2303009,36609,36619,10
12.92271996,80.23047638,36619,36629,10
12.92387962,80.23065186,36629,36639,10
12.92500019,80.23078918,36639,36650,11
12.9261198,80.23088837,36650,36660,10
12.92642975,80.23091888,36660,36670,10
12.92673016,80.2309494,36670,36680,10
12.92733002,80.23103333,36680,36690,10
12.92811966,80.23111725,36690,36700,10
12.92870045,80.23119354,36700,36710,10
12.92908955,80.23126984,36710,36720,10
12.92973042,80.23139954,36720,36730,10
12.93050957,80.23159027,36730,36741,11
12.93153954,80.23191071,36741,36751,10
12.93251991,80.23223877,36751,36761,10
12.93342972,80.23258972,36761,36771,10
12.93369007,80.23271942,36771,36781,10
12.93395996,80.23284912,36781,36791,10
12.93455029,80.23313141,36791,36801,10
12.93525982,80.23345947,36801,36811,10
12.93562031,80.23365021,36811,36821,10
12.93614006,80.23390198,36821,36832,11
12.9369297,80.23429108,36832,36842,10
12.93782043,80.23471832,36842,36852,10
12.93881989,80.2352066,36852,36862,10
12.93953991,80.23558044,36862,36872,10
12.93972015,80.23564148,36872,36882,10
12.94003963,80.23577118,36882,36892,10
12.94069004,80.23596954,36892,36902,10
12.9415102,80.23616791,36902,36912,10
12.94248962,80.23645782,36912,36923,11
12.94347954,80.23716736,36923,36933,10
12.94427967,80.23803711,36933,36943,10
12.94509983,80.23890686,36943,36953,10
12.94610023,80.23951721,36953,36963,10
12.94694996,80.23985291,36963,36973,10
12.94711971,80.23992157,36973,36983,10
12.94731998,80.24002075,36983,36993,10
12.94779015,80.24021912,36993,37003,10
12.94839954,80.24047852,37003,37014,11
12.94861031,80.24056244,37014,37024,10
12.94884014,80.24064636,37024,37034,10
12.94939041,80.24085236,37034,37044,10
12.95011997,80.24107361,37044,37054,10
12.95094967,80.24127197,37054,37064,10
12.95114994,80.24134827,37064,37074,10
12.95153999,80.24150085,37074,37084,10
12.95217991,80.24175262,37084,37095,11
12.9530201,80.2420578,37095,37105,10
12.95372963,80.24234772,37105,37115,10
12.95394039,80.24243164,37115,37125,10
12.95438004,80.24259949,37125,37135,10
12.95501041,80.24284363,37135,37145,10
12.95575047,80.24308014,37145,37155,10
12.95631981,80.24327087,37155,37165,10
12.95646954,80.24333954,37165,37175,10
12.95699978,80.24362946,37175,37186,11
12.95779037,80.24398041,37186,37196,10
12.95849991,80.2442627,37196,37206,10
12.95872974,80.24437714,37206,37216,10
12.95891953,80.24450684,37216,37226,10
12.9594202,80.24472809,37226,37236,10
12.96006966,80.24501038,37236,37246,10
12.96088028,80.24536896,37246,37256,10
12.9618597,80.24584961,37256,37266,10
12.9626503,80.24623108,37266,37277,11
12.96292973,80.24639893,37277,37287,10
12.96306038,80.24649811,37287,37297,10
12.96341991,80.24668121,37297,37307,10
12.96383953,80.24685669,37307,37317,10
12.96444988,80.24707031,37317,37327,10
12.96516991,80.24732208,37327,37337,10
12.96594048,80.24758148,37337,37347,10
12.96648026,80.24778748,37347,37357,10
12.96656036,80.24781799,37357,37368,11
12.96683979,80.24801636,37368,37378,10
12.9673996,80.2482605,37378,37388,10
12.96819973,80.24858856,37388,37398,10
12.96903992,80.24893951,37398,37408,10
12.96990967,80.24928284,37408,37418,10
12.97095966,80.24965668,37418,37428,10
12.97206974,80.24996185,37428,37438,10
12.97317982,80.25023651,37438,37448,10
12.97418976,80.25051117,37448,37459,11
12.97541046,80.25086212,37459,37469,10
12.9765501,80.25118256,37469,37479,10
12.97751999,80.2516098,37479,37489,10
12.97852039,80.25231934,37489,37509,20
12.97852039,80.25231934,37509,37519,10
12.97881985,80.25247955,37519,37529,10
12.97939968,80.25257111,37529,37550,21
12.97939968,80.25257111,37550,37560,10
12.97961998,80.25257874,37560,37570,10
12.98007965,80.25263214,37570,37580,10
12.98081017,80.25260925,37580,37590,10
12.98169994,80.25258636,37590,37600,10
12.98279953,80.25254822,37600,37610,10
12.98394966,80.25234985,37610,37620,10
12.9849596,80.25206757,37620,37630,10
12.98589993,80.25180054,37630,37641,11
12.98666,80.2516098,37641,37651,10
12.98707962,80.2514801,37651,37661,10
12.98764038,80.25131989,37661,37671,10
12.98917007,80.25095367,37671,37681,10
12.98917007,80.25095367,37681,37691,10
12.98964024,80.25080109,37691,37701,10
12.98968029,80.25080109,37701,37711,10
12.99007034,80.25073242,37711,37721,10
12.9907198,80.25055695,37721,37732,11
12.99164963,80.25032806,37732,37743,11
12.99269962,80.25007629,37743,37753,10
12.9938097,80.24978638,37753,37763,10
12.99505997,80.24949646,37763,37773,10
12.99610043,80.2492218,37773,37783,10
12.99670982,80.24902344,37783,37793,10
12.99699974,80.24897003,37793,37803,10
12.9975996,80.2488327,37803,37813,10
12.99841022,80.24862671,37813,37824,11
12.99952984,80.24835205,37824,37834,10
13.00065041,80.24806976,37834,37844,10
13.00175953,80.24778748,37844,37854,10
13.00277996,80.24755859,37854,37864,10
13.0039196,80.24736786,37864,37874,10
13.00496006,80.24725342,37874,37884,10
13.00586033,80.24703979,37884,37894,10
13.00629044,80.24674988,37894,37904,10
13.00636959,80.24665833,37904,37915,11
13.00654984,80.24619293,37915,37925,10
13.00660038,80.2455368,37925,37935,10
13.00662041,80.24490356,37935,37945,10
13.00660038,80.24440765,37945,37955,10
13.00658989,80.24394989,37955,37965,10
13.00658035,80.24362183,37965,37975,10
13.00654984,80.24314117,37975,37985,10
13.0065403,80.24246216,37985,37995,10
13.0065403,80.24162292,37995,38006,11
13.00667,80.24067688,38006,38016,10
13.00673962,80.24015808,38016,38026,10
13.00685024,80.23953247,38026,38036,10
13.00699043,80.23863983,38036,38046,10
13.00720024,80.23777771,38046,38056,10
13.0073204,80.23718262,38056,38066,10
13.00734043,80.23709106,38066,38076,10
13.00736046,80.2370224,38076,38086,10
13.00741005,80.23664856,38086,38097,11
13.00753975,80.23605347,38097,38107,10
13.00763988,80.23549652,38107,38117,10
13.00769997,80.2352066,38117,38127,10
13.0078001,80.23470306,38127,38137,10
13.00796986,80.23394775,38137,38147,10
13.00817013,80.23296356,38147,38157,10
13.00837994,80.23188019,38157,38167,10
13.00854969,80.23091888,38167,38177,10
13.00874043,80.22985077,38177,38188,11
13.0089798,80.2286377,38188,38198,10
13.00936985,80.22759247,38198,38208,10
13.0098896,80.22653198,38208,38218,10
13.01033974,80.22572327,38218,38228,10
13.01066017,80.22503662,38228,38238,10
13.01086998,80.22454834,38238,38248,10
13.01113033,80.22389984,38248,38258,10
13.01140022,80.2232132,38258,38268,10
13.01171017,80.22241211,38268,38279,11
13.01208019,80.2215271,38279,38289,10
13.01233006,80.22148895,38289,38299,10
13.01257992,80.2218399,38299,38309,10
13.01296043,80.22229004,38309,38319,10
13.01327991,80.22264099,38319,38329,10
13.01362991,80.22306061,38329,38339,10
13.01403046,80.22355652,38339,38349,10
13.01436996,80.22392273,38349,38359,10
13.0148201,80.2243576,38359,38370,11
13.01515961,80.22470856,38370,38380,10
13.01525974,80.22480774,38380,38390,10
13.01531029,80.22486115,38390,38400,10
13.01546001,80.2249527,38400,38410,10
13.0156002,80.22509766,38410,38420,10
13.01599979,80.2253418,38420,38430,10
13.01669025,80.22522736,38430,38440,10
13.01755047,80.22489166,38440,38450,10
13.0184803,80.22451782,38450,38461,11
13.01918983,80.22428894,38461,38491,30
13.01918983,80.22428894,38491,38501,10
13.01924038,80.2243576,38501,38511,10
13.01961994,80.22447968,38511,38542,31
13.01961994,80.22447968,38542,38552,10
13.01976013,80.22463226,38552,38562,10
13.02007961,80.22486877,38562,38572,10
13.02054024,80.22518158,38572,38582,10
13.02108002,80.22554779,38582,38592,10
13.02167034,80.22602081,38592,38602,10
13.02225971,80.22650146,38602,38612,10
13.02291012,80.22702789,38612,38622,10
13.02346039,80.22756195,38622,38633,11
13.02398968,80.22801971,38633,38643,10
13.02422047,80.22823334,38643,38653,10
13.02425957,80.22827911,38653,38663,10
13.02435017,80.22843933,38663,38673,10
13.02431965,80.22856903,38673,38683,10
13.02414036,80.22850037,38683,38693,10
13.02392006,80.22818756,38693,38703,10
13.02367973,80.22792053,38703,38713,10
13.0230999,80.22738647,38713,38966,253
13.0230999,80.22722626,38966,39249,283
13.0230999,80.22722626,39249,39260,11
13.02301025,80.22709656,39260,39270,10
13.02272987,80.22689819,39270,39330,60
13.02272987,80.22689819,39330,39340,10
13.02260017,80.22679901,39340,39351,11
13.02225018,80.22646332,39351,39361,10
13.02167988,80.22601318,39361,39371,10
13.02099037,80.22550201,39371,39381,10
13.02027988,80.22499847,39381,39391,10
13.01963997,80.22457886,39391,39401,10
13.01885033,80.22444916,39401,39411,10
13.01801014,80.22476196,39411,39421,10
13.01716042,80.22511292,39421,39431,10
13.01634979,80.22545624,39431,39442,11
13.01562023,80.22572327,39442,39452,10
13.01502037,80.22602081,39452,39462,10
13.01498032,80.22602844,39462,39472,10
13.01474953,80.22612,39472,39482,10
13.0143404,80.22628784,39482,39492,10
13.01430035,80.2263031,39492,39502,10
13.01401043,80.22638702,39502,39512,10
13.01356983,80.2265625,39512,39522,10
13.01301956,80.22679138,39522,39533,11
13.01216984,80.22712708,39533,39543,10
13.01130009,80.22746277,39543,39553,10
13.01041985,80.22781372,39553,39563,10
13.00967979,80.22814178,39563,39573,10
13.00914001,80.22872162,39573,39583,10
13.00895977,80.22953033,39583,39593,10
13.00876999,80.23046875,39593,39603,10
13.00860977,80.2312088,39603,39613,10
13.00844955,80.23204803,39613,39624,11
13.00829983,80.23296356,39624,39634,10
13.00825024,80.2334671,39634,39644,10
13.00817966,80.23361969,39644,39654,10
13.00809956,80.23397827,39654,39664,10
13.00802994,80.23444366,39664,39674,10
13.00790024,80.23503113,39674,39684,10
13.00776005,80.23571777,39684,39694,10
13.00763035,80.23641205,39694,39704,10
13.00749016,80.23710632,39704,39715,11
13.00734997,80.2378006,39715,39725,10
13.00724983,80.23840332,39725,39735,10
13.00714016,80.23893738,39735,39745,10
13.00693035,80.23976135,39745,39826,81
13.00693035,80.23976135,39826,39836,10
13.00691986,80.2400589,39836,39846,10
13.00685978,80.24041748,39846,39856,10
13.00681973,80.2405777,39856,39866,10
13.00683022,80.2407608,39866,39876,10
13.00677013,80.24111938,39876,39886,10
13.00671005,80.24181366,39886,39897,11
13.00669956,80.24256134,39897,39907,10
13.00667953,80.24320984,39907,39917,10
13.00667953,80.24391937,39917,39927,10
13.00667,80.24471283,39927,39937,10
13.00667953,80.24546814,39937,39947,10
13.00669003,80.24624634,39947,39957,10
13.00671005,80.24707031,39957,39967,10
13.00631046,80.24739838,39967,39977,10
13.00613022,80.24738312,39977,39988,11
13.00599957,80.24733734,39988,39998,10
13.00547028,80.24732208,39998,40008,10
13.00471973,80.24736786,40008,40018,10
13.00380993,80.24749756,40018,40028,10
13.0027504,80.24768066,40028,40038,10
13.00164032,80.24796295,40038,40048,10
13.00053978,80.24823761,40048,40058,10
12.99942017,80.2485199,40058,40068,10
12.99839973,80.24880219,40068,40079,11
12.99812984,80.24886322,40079,40089,10
12.99796963,80.24889374,40089,40099,10
12.99744034,80.24902344,40099,40109,10
12.99666023,80.24919891,40109,40119,10
12.99569988,80.24945831,40119,40129,10
12.99460983,80.2497406,40129,40139,10
12.99347973,80.25002289,40139,40149,10
12.99232006,80.25029755,40149,40159,10
12.99125957,80.25060272,40159,40170,11
12.99104977,80.2506485,40170,40180,10
12.99063015,80.25074005,40180,40190,10
12.98995972,80.25090027,40190,40200,10
12.98913002,80.25110626,40200,40210,10
12.98838043,80.2513504,40210,40261,51
12.98838043,80.2513504,40261,40271,10
12.98810005,80.25141907,40271,40281,10
12.98787975,80.25147247,40281,40291,10
12.98748016,80.25154114,40291,40301,10
12.98680973,80.25173187,40301,40311,10
12.98604012,80.25189972,40311,40321,10
12.98513985,80.25212097,40321,40331,10
12.98414993,80.25237274,40331,40342,11
12.98307991,80.25261688,40342,40352,10
12.98219013,80.25267792,40352,40362,10
12.98130989,80.25269318,40362,40372,10
12.98068047,80.25272369,40372,40382,10
12.98048019,80.25276184,40382,40392,10
12.98046017,80.25276947,40392,40402,10
12.98019981,80.25279999,40402,40412,10
12.97988987,80.25280762,40412,40422,10
12.97951031,80.25272369,40422,40433,11
12.97885036,80.25266266,40433,40443,10
12.97863007,80.25260162,40443,40453,10
12.97840977,80.25247955,40453,40463,10
12.97793961,80.25211334,40463,40473,10
12.97731018,80.2515564,40473,40483,10
12.97638988,80.25119019,40483,40493,10
12.97531986,80.25087738,40493,40503,10
12.97432041,80.25058746,40503,40513,10
12.97332954,80.25032043,40513,40524,11
12.97239971,80.25007629,40524,40534,10
12.97138023,80.24981689,40534,40544,10
12.97027969,80.2494812,40544,40554,10
12.96920013,80.24904633,40554,40564,10
12.96811008,80.24862671,40564,40574,10
12.96714973,80.24822235,40574,40584,10
12.96634007,80.24784851,40584,40594,10
12.96545982,80.24751282,40594,40604,10
12.96498966,80.24736786,40604,40615,11
12.96487999,80.24730682,40615,40625,10
12.96444035,80.24712372,40625,40635,10
12.96397972,80.24691772,40635,40645,10
12.96376991,80.24685669,40645,40655,10
12.96343994,80.24671936,40655,40665,10
12.96282959,80.24639893,40665,40675,10
12.96201992,80.24598694,40675,40685,10
12.96105957,80.24552155,40685,40695,10
12.96010971,80.24508667,40695,40706,11
12.95942974,80.24482727,40706,40716,10
12.95940971,80.24481964,40716,40726,10
12.95907974,80.24465179,40726,40736,10
12.95849991,80.2443924,40736,40746,10
12.95783043,80.24411774,40746,40756,10
12.95680046,80.24378967,40756,40797,41
12.95670033,80.24375916,40797,40877,80
12.95670033,80.24375916,40877,40888,11
12.95654011,80.24368286,40888,40898,10
12.95643044,80.24365997,40898,40908,10
12.95637989,80.24365997,40908,40918,10
12.95604038,80.24352264,40918,40928,10
12.95549965,80.24323273,40928,40938,10
12.95477962,80.2428894,40938,40948,10
12.95396042,80.24255371,40948,40958,10
12.95304966,80.24214172,40958,40968,10
12.95158005,80.24166107,40968,40989,21
12.95158005,80.24166107,40989,40999,10
12.95151997,80.24163055,40999,41009,10
12.95110989,80.24147797,41009,41019,10
12.95044041,80.24124146,41019,41029,10
12.94964027,80.24101257,41029,41039,10
12.94894981,80.2407608,41039,41049,10
12.94820023,80.24043274,41049,41059,10
12.94711018,80.24002075,41059,41080,21
12.94711018,80.24002075,41080,41090,10
12.94680977,80.23986053,41090,41100,10
12.94626045,80.23963928,41100,41110,10
12.94554996,80.23931885,41110,41120,10
12.94486046,80.23877716,41120,41130,10
12.94414043,80.23799896,41130,41140,10
12.94340038,80.23713684,41140,41150,10
12.94244003,80.23648071,41150,41161,11
12.9411602,80.23613739,41161,41171,10
12.94005966,80.23586273,41171,41181,10
12.93972015,80.23574829,41181,41191,10
12.93968964,80.23571777,41191,41201,10
12.93931007,80.2355423,41201,41211,10
12.93865967,80.23519897,41211,41221,10
12.93787003,80.2348175,41221,41231,10
12.93690968,80.23435211,41231,41241,10
12.9358902,80.2338562,41241,41252,11
12.93474007,80.2333374,41252,41262,10
12.93389034,80.23297882,41262,41272,10
12.93385983,80.23296356,41272,41282,10
12.9335804,80.23282623,41282,41292,10
12.93299007,80.23256683,41292,41302,10
12.93220997,80.23227692,41302,41312,10
12.93122959,80.23194885,41312,41322,10
12.93012047,80.2315979,41322,41332,10
12.92916012,80.23137665,41332,41343,11
12.92829037,80.23121643,41343,41353,10
12.92728043,80.23110199,41353,41363,10
12.92632961,80.23101807,41363,41373,10
12.9260397,80.23101044,41373,41383,10
12.92568016,80.2309494,41383,41393,10
12.92510033,80.23088074,41393,41403,10
12.92434025,80.23079681,41403,41413,10
12.92343998,80.23066711,41413,41423,10
12.92234993,80.23049927,41423,41434,11
12.92105961,80.23032379,41434,41444,10
12.91985989,80.23016357,41444,41454,10
12.91862965,80.22998047,41454,41464,10
12.91744995,80.22984314,41464,41474,10
12.91637993,80.22966766,41474,41484,10
12.91526985,80.22953033,41484,41494,10
12.91413021,80.2293396,41494,41504,10
12.91326046,80.22930145,41504,41514,10
12.91314983,80.22927856,41514,41525,11
12.91275978,80.2292099,41525,41535,10
12.91207981,80.22908783,41535,41545,10
12.91123009,80.22895813,41545,41555,10
12.91028023,80.2288208,41555,41565,10
12.9092598,80.2286377,41565,41575,10
12.9084301,80.228508,41575,41585,10
12.90783024,80.22840881,41585,41595,10
12.90719986,80.2283783,41595,41606,11
12.9071703,80.22837067,41606,41616,10
12.90692043,80.22834015,41616,41626,10
12.90657997,80.228302,41626,41636,10
12.9060297,80.22825623,41636,41646,10
12.90526009,80.22823334,41646,41656,10
12.90435982,80.2281723,41656,41666,10
12.90334988,80.22810364,41666,41676,10
12.90225029,80.22805786,41676,41686,10
12.90147018,80.22801971,41686,41727,41
12.90147018,80.22801971,41727,41737,10
12.90133953,80.2279892,41737,41747,10
12.90089035,80.22795105,41747,41757,10
12.90038013,80.22792053,41757,41767,10
12.89984989,80.22789764,41767,41777,10
12.89945984,80.2278595,41777,41788,11
12.89910984,80.22788239,41788,41798,10
12.89883995,80.22792053,41798,41808,10
12.89873028,80.22789764,41808,41818,10
12.89826965,80.22783661,41818,41828,10
12.89768982,80.2277832,41828,41838,10
12.89688969,80.22772217,41838,41848,10
12.89589024,80.22767639,41848,41858,10
12.89474964,80.22763062,41858,41868,10
12.89358044,80.22753906,41868,41879,11
12.89253998,80.22743988,41879,41889,10
12.89167976,80.22737122,41889,41899,10
12.89064026,80.22736359,41899,41909,10
12.88959026,80.22736359,41909,41919,10
12.88868999,80.22734833,41919,41929,10
12.88803005,80.22731781,41929,41939,10
12.8877697,80.22730255,41939,41949,10
12.88747025,80.22727966,41949,41959,10
12.88691998,80.22717285,41959,41970,11
12.88611031,80.22696686,41970,41980,10
12.88523006,80.22678375,41980,41990,10
12.88477993,80.22673798,41990,42000,10
12.88465977,80.22673798,42000,42010,10
12.88414955,80.22673798,42010,42020,10
12.88339996,80.22673798,42020,42030,10
12.88243961,80.22673798,42030,42040,10
12.88136005,80.22675323,42040,42050,10
12.88020039,80.22676086,42050,42061,11
12.87887955,80.22679901,42061,42071,10
12.87771988,80.22689056,42071,42081,10
12.87650967,80.22699738,42081,42101,20
12.87650967,80.22699738,42101,42111,10
12.87648964,80.22698975,42111,42121,10
12.87615967,80.22699738,42121,42131,10
12.87553978,80.22698212,42131,42141,10
12.87473011,80.22688293,42141,42152,11
12.87357998,80.22675323,42152,42162,10
12.87275028,80.22673798,42162,42172,10
12.87263966,80.22673798,42172,42182,10
12.87254047,80.22673035,42182,42192,10
12.87207985,80.22672272,42192,42202,10
12.8713398,80.22667694,42202,42212,10
12.87043953,80.22660828,42212,42222,10
12.86937046,80.22648621,42222,42232,10
12.86822033,80.22638702,42232,42243,11
12.86693954,80.22650146,42243,42253,10
12.86581039,80.22660828,42253,42263,10
12.86466026,80.22659302,42263,42273,10
12.86349964,80.22653961,42273,42283,10
12.86231995,80.2265625,42283,42293,10
12.86114025,80.22659302,42293,42303,10
12.85993958,80.22647095,42303,42313,10
12.85898972,80.22634125,42313,42323,10
12.85842991,80.22628021,42323,42334,11
12.85758972,80.22627258,42334,42344,10
12.85669041,80.22634888,42344,42354,10
12.85562992,80.22646332,42354,42364,10
12.85447025,80.22657013,42364,42374,10
12.8532896,80.22667694,42374,42384,10
12.85208988,80.22667694,42384,42394,10
12.85087013,80.22663879,42394,42404,10
12.85000992,80.22660828,42404,42414,10
12.84988976,80.22660065,42414,42425,11
12.84936047,80.22660065,42425,42435,10
12.84858036,80.22660828,42435,42445,10
12.84759045,80.22660828,42445,42455,10
12.84644985,80.22662354,42455,42465,10
12.84591007,80.22663116,42465,42475,10
12.84589958,80.22663116,42475,42485,10
12.84570026,80.22662354,42485,42495,10
12.84537983,80.22663879,42495,42505,10
12.84514999,80.22662354,42505,42516,11
12.84455013,80.22666931,42516,42526,10
12.84381962,80.22673035,42526,42536,10
12.8429203,80.22688293,42536,42546,10
12.84185982,80.22711945,42546,42556,10
12.84080982,80.22738647,42556,42566,10
12.84016991,80.2276001,42566,42576,10
12.8398304,80.22769928,42576,42627,51
12.8398304,80.22769928,42627,42637,10
12.83940029,80.22782135,42637,42647,10
12.83882046,80.22796631,42647,42657,10
12.83806038,80.22815704,42657,42667,10
12.83707047,80.22834015,42667,42677,10
12.83590984,80.22850037,42677,42687,10
12.83473969,80.22868347,42687,42698,11
12.8334198,80.22891998,42698,42708,10
12.83224964,80.22914886,42708,42728,20
12.83224964,80.22914886,42728,42738,10
12.83195972,80.2292099,42738,42748,10
12.83135033,80.22936249,42748,42758,10
12.83055973,80.22962189,42758,42768,10
12.82958031,80.2299881,42768,42778,10
12.82853985,80.23046875,42778,42789,11
12.82742023,80.23110199,42789,42799,10
12.82629967,80.23136902,42799,42809,10
12.82509041,80.23142242,42809,42819,10
12.82388973,80.23117828,42819,42829,10
12.82271004,80.2308197,42829,42839,10
12.82153988,80.2305069,42839,42849,10
12.82040024,80.23046112,42849,42859,10
12.81939983,80.23049927,42859,42869,10
12.81892967,80.23049927,42869,42880,11
12.81853962,80.23034668,42880,42890,10
12.81789017,80.23001099,42890,42900,10
12.81700993,80.22963715,42900,42910,10
12.81589985,80.22942352,42910,42920,10
12.81472969,80.22924042,42920,42930,10
12.81357956,80.22898102,42930,42940,10
12.81245995,80.22859955,42940,42950,10
12.81134033,80.22821045,42950,42960,10
12.81023979,80.22776794,42960,42971,11
12.80908012,80.22718811,42971,42981,10
12.80815983,80.22644043,42981,42991,10
12.80729008,80.22570038,42991,43001,10
12.80655956,80.22505188,43001,43011,10
12.80591965,80.22447968,43011,43021,10
12.80533028,80.22408295,43021,43031,10
12.80523968,80.22406769,43031,43041,10
12.80500031,80.22402191,43041,43051,10
12.80438995,80.22393799,43051,43062,11
12.80360031,80.22387695,43062,43072,10
12.80280018,80.22379303,43072,43082,10
12.80183029,80.22364807,43082,43092,10
12.80084991,80.22355652,43092,43102,10
12.79990005,80.2234726,43102,43112,10
12.79895973,80.22338867,43112,43122,10
12.79794025,80.22328186,43122,43132,10
12.79699993,80.22312164,43132,43142,10
12.79613972,80.22299194,43142,43153,11
12.79594994,80.2229538,43153,43163,10
12.79576015,80.22290039,43163,43173,10
12.79520988,80.22277832,43173,43183,10
12.7943697,80.22264862,43183,43193,10
12.79333973,80.2224884,43193,43203,10
12.79220963,80.22231293,43203,43213,10
12.79121971,80.22206116,43213,43223,10
12.79028988,80.22183228,43223,43233,10
12.7896204,80.22164917,43233,43244,11
12.78909016,80.22148132,43244,43254,10
12.78835964,80.22119141,43254,43264,10
12.78759003,80.22090149,43264,43274,10
12.78701973,80.22065735,43274,43304,30
12.78701973,80.22065735,43304,43314,10
12.78689957,80.22057343,43314,43324,10
12.78651047,80.22045135,43324,43335,11
12.78617954,80.22041321,43335,43345,10
12.78614044,80.22057343,43345,43355,10
12.78614998,80.2208786,43355,43365,10
12.78614998,80.22125244,43365,43375,10
12.78619957,80.22167969,43375,43385,10
12.78617001,80.22206879,43385,43800,415
12.78617001,80.22206879,43800,43810,10
12.78619957,80.2218399,43810,43820,10
12.7862196,80.22138214,43820,43850,30
12.7862196,80.22138214,43850,43860,10
12.78619957,80.22103119,43860,43891,31
12.78619957,80.22103119,43891,43901,10
12.78610992,80.22068787,43901,43941,40
12.78610992,80.22068787,43941,43951,10
12.78617001,80.22051239,43951,43962,11
12.78625965,80.22036743,43962,43972,10
12.78670979,80.22052002,43972,44002,30
12.78670979,80.22052002,44002,44012,10
12.78697014,80.22061157,44012,44022,10
12.78730965,80.22074127,44022,44032,10
12.78775024,80.22090149,44032,44042,10
12.78824043,80.22107697,44042,44053,11
12.78894043,80.22133636,44053,44063,10
12.78958035,80.22158813,44063,44073,10
12.79014015,80.22176361,44073,44083,10
12.79092026,80.22196198,44083,44093,10
12.79191017,80.22221375,44093,44103,10
12.79306984,80.22242737,44103,44113,10
12.79426956,80.22261047,44113,44123,10
12.79539967,80.22280121,44123,44133,10
12.7964201,80.22297668,44133,44144,11
12.79763031,80.2232132,44144,44154,10
12.79876041,80.22332764,44154,44164,10
12.79990005,80.22344208,44164,44174,10
12.8009901,80.22354126,44174,44184,10
12.80202961,80.22364044,44184,44194,10
12.8029604,80.22376251,44194,44204,10
12.80383968,80.22383881,44204,44214,10
12.80465031,80.22390747,44214,44224,10
12.8052702,80.22403717,44224,44235,11
12.80554008,80.22412109,44235,44245,10
12.80585003,80.22434998,44245,44255,10
12.80638027,80.224823,44255,44265,10
12.80702972,80.22541046,44265,44275,10
12.8077898,80.22605896,44275,44285,10
12.80863953,80.22679138,44285,44295,10
12.8096199,80.22746277,44295,44305,10
12.81072044,80.22792816,44305,44315,10
12.81186962,80.22834778,44315,44326,11
12.8130703,80.22879028,44326,44336,10
12.81398964,80.22907257,44336,44346,10
12.8148098,80.22920227,44346,44356,10
12.81583023,80.22936249,44356,44366,10
12.81696987,80.22956848,44366,44376,10
12.81793976,80.2299881,44376,44386,10
12.81875038,80.23036194,44386,44396,10
12.81958008,80.23046112,44396,44406,10
12.82028961,80.23045349,44406,44417,11
12.82135963,80.23046112,44417,44427,10
12.82250023,80.23071289,44427,44437,10
12.8236599,80.23104858,44437,44447,10
12.82479954,80.23133087,44447,44457,10
12.82600021,80.2313385,44457,44467,10
12.82713985,80.23116302,44467,44477,10
12.82820034,80.23059082,44477,44487,10
12.8292799,80.23004913,44487,44497,10
12.83036041,80.22962189,44497,44508,11
12.83108997,80.22930908,44508,44518,10
12.83119011,80.22928619,44518,44528,10
12.83164978,80.22915649,44528,44538,10
12.83238029,80.22899628,44538,44548,10
12.83333015,80.2288208,44548,44558,10
12.83444977,80.22862244,44558,44568,10
12.83561993,80.22843933,44568,44578,10
12.83679962,80.22827911,44578,44588,10
12.83798027,80.22807312,44588,44599,11
12.83893967,80.22779083,44599,44609,10
12.83936024,80.22763062,44609,44659,50
12.83936024,80.22763062,44659,44669,10
12.83944988,80.2276001,44669,44679,10
12.83959961,80.22756195,44679,44690,11
12.84016037,80.22747803,44690,44700,10
12.84090042,80.22727966,44700,44710,10
12.84185982,80.22704315,44710,44720,10
12.84296036,80.2268219,44720,44730,10
12.84407997,80.22664642,44730,44740,10
12.84514046,80.22657776,44740,44750,10
12.84549046,80.22653961,44750,44760,10
12.84556007,80.22654724,44760,44770,10
12.84597969,80.22654724,44770,44781,11
12.84683037,80.2265625,44781,44791,10
12.84782028,80.2265625,44791,44801,10
12.84895992,80.22654724,44801,44811,10
12.84996033,80.22650909,44811,44821,10
12.85011959,80.22648621,44821,44831,10
12.85037994,80.22650146,44831,44841,10
12.85099983,80.22653961,44841,44851,10
12.85184002,80.22657776,44851,44861,10
12.85293961,80.22662354,44861,44872,11
12.85422993,80.22653198,44872,44882,10
12.85540009,80.2264328,44882,44892,10
12.8566103,80.2263031,44892,44902,10
12.85787964,80.22618103,44902,44912,10
12.85916042,80.22627258,44912,44922,10
12.86044025,80.22647095,44922,44932,10
12.86170006,80.22651672,44932,44942,10
12.86291981,80.22646332,44942,44952,10
12.86404037,80.22647858,44952,44963,11
12.86515999,80.22653198,44963,44973,10
12.86625957,80.22647858,44973,44983,10
12.86736965,80.22638702,44983,44993,10
12.86855984,80.22631836,44993,45003,10
12.86977005,80.22647858,45003,45013,10
12.87100029,80.22660065,45013,45023,10
12.87207031,80.22663879,45023,45033,10
12.87275982,80.22662354,45033,45043,10
12.87279987,80.22662354,45043,45054,11
12.87324047,80.22663879,45054,45064,10
12.87395,80.22669983,45064,45074,10
12.8748703,80.2268219,45074,45084,10
12.8759203,80.22691345,45084,45094,10
12.87658978,80.22688293,45094,45104,10
12.87668037,80.22686768,45104,45114,10
12.87679005,80.22686768,45114,45124,10
12.87726974,80.22683716,45124,45134,10
12.87804985,80.22678375,45134,45145,11
12.8791399,80.22670746,45145,45155,10
12.88029003,80.2266922,45155,45165,10
12.88146019,80.22667694,45165,45175,10
12.88263988,80.22666931,45175,45185,10
12.88383007,80.22664642,45185,45195,10
12.88494968,80.22664642,45195,45205,10
12.88531017,80.22667694,45205,45215,10
12.88551044,80.22672272,45215,45225,10
12.88609028,80.22686768,45225,45236,11
12.88700008,80.22708893,45236,45246,10
12.88794041,80.22724152,45246,45256,10
12.88908005,80.22730255,45256,45266,10
12.89027023,80.22728729,45266,45276,10
12.89194012,80.2273407,45276,45296,20
12.89194012,80.2273407,45296,45306,10
12.89206028,80.2273407,45306,45316,10
12.89256001,80.22737885,45316,45327,11
12.89336967,80.2274704,45327,45337,10
12.89412022,80.22754669,45337,45347,10
12.89492989,80.22756958,45347,45357,10
12.89597034,80.22762299,45357,45367,10
12.89713001,80.22766876,45367,45377,10
12.8983202,80.22773743,45377,45387,10
12.8993597,80.22781372,45387,45397,10
12.90048027,80.2278595,45397,45448,51
12.90048027,80.2278595,45448,45458,10
12.90089989,80.22794342,45458,45468,10
12.90126991,80.22795868,45468,45478,10
12.90192032,80.2279892,45478,45488,10
12.90264034,80.22801208,45488,45498,10
12.90279007,80.22801208,45498,45509,11
12.90289974,80.22801971,45509,45519,10
12.90342999,80.22805023,45519,45529,10
12.90419006,80.22808838,45529,45539,10
12.90515041,80.22812653,45539,45549,10
12.90590954,80.22815704,45549,45559,10
12.90629005,80.22817993,45559,45569,10
12.90639019,80.22818756,45569,45579,10
12.90655994,80.22820282,45579,45610,31
12.90655994,80.22820282,45610,45620,10
12.90684032,80.22824097,45620,45630,10
12.90699005,80.2282486,45630,45640,10
12.9075098,80.22831726,45640,45650,10
12.90828991,80.22843933,45650,45660,10
12.90904045,80.2285614,45660,45670,10
12.91032028,80.2287674,45670,45680,10
12.91147041,80.2289505,45680,45691,11
12.91277027,80.22914124,45691,45701,10
12.91394997,80.22927094,45701,45731,30
12.91394997,80.22927094,45731,45741,10
12.9144001,80.22936249,45741,45751,10
12.91508961,80.22944641,45751,45761,10
12.91598034,80.22958374,45761,45771,10
12.9170599,80.22972107,45771,45782,11
12.91831017,80.22989655,45782,45792,10
12.9194603,80.23005676,45792,45802,10
12.92061996,80.23020935,45802,45812,10
12.92177963,80.23036194,45812,45822,10
12.92294025,80.23055267,45822,45832,10
12.92411995,80.23071289,45832,45842,10
12.92533016,80.23085022,45842,45852,10
12.92656994,80.23100281,45852,45862,10
12.92780972,80.23114014,45862,45873,11
12.92889977,80.23129272,45873,45883,10
12.92971039,80.23148346,45883,45893,10
12.93068027,80.2317276,45893,45903,10
12.93179035,80.23207855,45903,45913,10
12.93282986,80.23242188,45913,45923,10
12.93328953,80.23256683,45923,45933,10
12.9333601,80.23261261,45933,45943,10
12.9334898,80.23269653,45943,45953,10
12.93362999,80.23275757,45953,45964,11
12.93408012,80.23297119,45964,45974,10
12.93478012,80.23329163,45974,45984,10
12.93562031,80.2336731,45984,46004,20
12.93562031,80.2336731,46004,46014,10
12.93589973,80.23381805,46014,46024,10
12.93645954,80.23406982,46024,46034,10
12.93721008,80.23442841,46034,46044,10
12.93809032,80.23486328,46044,46055,11
12.93916035,80.23538208,46055,46065,10
12.93986034,80.23571014,46065,46075,10
12.93999004,80.23577118,46075,46085,10
12.94050026,80.2359314,46085,46095,10
12.94122982,80.23612213,46095,46105,10
12.94209003,80.23635101,46105,46115,10
12.94305992,80.23679352,46115,46125,10
12.94386005,80.23757935,46125,46135,10
12.94464016,80.23845673,46135,46146,11
12.94567966,80.23932648,46146,46156,10
12.94680023,80.2397995,46156,46166,10
12.94729996,80.23999023,46166,46176,10
12.94731045,80.23999023,46176,46186,10
12.94756985,80.2401123,46186,46196,10
12.94812012,80.24034119,46196,46206,10
12.94882011,80.24060059,46206,46247,41
12.94882011,80.24060059,46247,46257,10
12.9489603,80.24064636,46257,46267,10
12.94931984,80.24079895,46267,46277,10
12.94995975,80.24099731,46277,46287,10
12.95073986,80.24121857,46287,46297,10
12.9511404,80.24134827,46297,46307,10
12.95143032,80.24147034,46307,46318,11
12.95205975,80.24169159,46318,46328,10
12.95277023,80.24195862,46328,46338,10
12.95349979,80.24226379,46338,46348,10
12.95436001,80.24260712,46348,46358,10
12.9551096,80.24288177,46358,46368,10
12.95584011,80.24311829,46368,46378,10
12.95643044,80.24330902,46378,46398,20
12.95643044,80.24330902,46398,46409,11
12.95689964,80.24353027,46409,46419,10
12.95755005,80.24385834,46419,46429,10
12.95823002,80.24417114,46429,46439,10
12.95882034,80.2443924,46439,46449,10
12.95895958,80.24449158,46449,46459,10
12.95936012,80.24472046,46459,46469,10
12.9600296,80.24501038,46469,46479,10
12.96082973,80.24537659,46479,46489,10
12.96183968,80.24585724,46489,46500,11
12.96304035,80.24639893,46500,46520,20
12.96304035,80.24639893,46520,46530,10
12.96321011,80.24649048,46530,46540,10
12.96356964,80.24668121,46540,46550,10
12.96411991,80.24690247,46550,46560,10
12.96479988,80.24716187,46560,46570,10
12.96560001,80.24742126,46570,46580,10
12.96634007,80.24771881,46580,46591,11
12.96708012,80.24807739,46591,46611,20
12.96708012,80.24807739,46611,46621,10
12.96753025,80.24826813,46621,46631,10
12.96819973,80.24854279,46631,46641,10
12.96905994,80.24887848,46641,46651,10
12.97002983,80.24928284,46651,46661,10
12.97099972,80.2496109,46661,46671,10
12.97194958,80.24990082,46671,46682,11
12.97311974,80.25021362,46682,46692,10
12.97420025,80.25048065,46692,46702,10
12.97533035,80.25081635,46702,46712,10
12.97646046,80.25115967,46712,46722,10
12.97752953,80.25160217,46722,46732,10
12.97838974,80.2522583,46732,46742,10
12.97858047,80.25235748,46742,46752,10
12.97889996,80.25250244,46752,46762,10
12.97961998,80.25260162,46762,46793,31
12.97961998,80.25260162,46793,46803,10
12.97980976,80.25263214,46803,46813,10
12.98033047,80.25263977,46813,46823,10
12.98106956,80.25261688,46823,46833,10
12.98198032,80.25260162,46833,46843,10
12.98303032,80.25254059,46843,46853,10
12.98406029,80.25231934,46853,46864,11
12.98515987,80.25202179,46864,46874,10
12.9861002,80.25177002,46874,46884,10
12.98707962,80.25148773,46884,47005,121
12.98707962,80.25148773,47005,47015,10
12.98719025,80.2514801,47015,47025,10
12.98760986,80.25135803,47025,47035,10
12.98816013,80.25124359,47035,47046,11
12.98900032,80.2510376,47046,47056,10
12.98952007,80.25086975,47056,47066,10
12.98974991,80.25084686,47066,47076,10
12.99026012,80.25070953,47076,47086,10
12.99096012,80.2505188,47086,47096,10
12.99182034,80.25032043,47096,47106,10
12.99281979,80.25006104,47106,47116,10
12.99392033,80.24977875,47116,47126,10
12.99505043,80.24951935,47126,47137,11
12.99629974,80.24918365,47137,47147,10
12.99744987,80.24889374,47147,47157,10
12.99860001,80.24859619,47157,47167,10
12.99973965,80.24832153,47167,47177,10
13.00088978,80.24803162,47177,47187,10
13.00203991,80.24774933,47187,47197,10
13.00319958,80.24752045,47197,47207,10
13.00434017,80.24736023,47207,47217,10
13.0054903,80.24716187,47217,47228,11
13.00642014,80.24661255,47228,47238,10
13.00650024,80.24640656,47238,47248,10
13.0065403,80.24620819,47248,47258,10
13.00658035,80.24568176,47258,47268,10
13.00656986,80.24500275,47268,47278,10
13.00658035,80.24436188,47278,47288,10
13.0065403,80.24365234,47288,47298,10
13.00652981,80.24294281,47298,47308,10
13.00652981,80.24210358,47308,47319,11
13.00658035,80.24104309,47319,47329,10
13.00660992,80.24054718,47329,47339,10
13.00664997,80.24025726,47339,47349,10
13.00671959,80.23967743,47349,47359,10
13.00685024,80.23887634,47359,47369,10
13.00708961,80.23803711,47369,47379,10
13.00728989,80.23722076,47379,47389,10
13.00734043,80.23684692,47389,47399,10
13.00736046,80.23680878,47399,47410,11
13.00749016,80.23639679,47410,47420,10
13.00761032,80.2358017,47420,47430,10
13.00776005,80.2350769,47430,47440,10
13.0079298,80.23428345,47440,47450,10
13.00807953,80.23349762,47450,47460,10
13.00833035,80.23222351,47460,47470,10
13.00852966,80.23119354,47470,47480,10
13.00872993,80.2301712,47480,47490,10
13.00891972,80.22920227,47490,47501,11
13.00916958,80.22808838,47501,47511,10
13.00957966,80.22714233,47511,47521,10
13.01002979,80.22618103,47521,47531,10
13.01043987,80.2254715,47531,47541,10
13.01070976,80.2249527,47541,47551,10
13.01097965,80.22418976,47551,47561,10
13.01132011,80.22329712,47561,47571,10
13.01158047,80.22245789,47571,47582,11
13.01191044,80.22157288,47582,47592,10
13.01222038,80.22142792,47592,47602,10
13.01243019,80.22168732,47602,47612,10
13.01278973,80.22216797,47612,47622,10
13.01319981,80.22265625,47622,47632,10
13.01366997,80.22319031,47632,47642,10
13.0141201,80.22370911,47642,47652,10
13.01457977,80.22412872,47652,47662,10
13.01523018,80.22476196,47662,47693,31
13.01523018,80.22476196,47693,47703,10
13.01548004,80.22502899,47703,47713,10
13.01589966,80.22530365,47713,47723,10
13.01659012,80.22527313,47723,47733,10
13.01741982,80.2249527,47733,47743,10
13.01830006,80.22458649,47743,47753,10
13.0190897,80.2243576,47753,47764,11
13.01968002,80.22447968,47764,47784,20
13.01968002,80.22447968,47784,47794,10
13.01980972,80.22460938,47794,47804,10
13.0200901,80.224823,47804,47814,10
13.02056026,80.22515869,47814,47824,10
13.02105999,80.22554016,47824,47834,10
13.02157021,80.22595215,47834,47844,10
13.02215004,80.22637939,47844,47855,11
13.02283955,80.22696686,47855,47865,10
13.02344036,80.22750854,47865,47875,10
13.02396011,80.22798157,47875,47885,10
13.02423954,80.22824097,47885,47895,10
13.02441025,80.22846222,47895,47935,40
13.02441025,80.22846222,47935,47946,11
13.02422047,80.22853851,47946,47956,10
13.02396965,80.22817993,47956,47966,10
13.02353954,80.22767639,47966,47976,10
13.02295017,80.22714996,47976,47986,10
13.02235031,80.22660065,47986,47996,10
13.02169991,80.2260437,47996,48006,10
13.02103996,80.22550964,48006,48016,10
13.02036953,80.22503662,48016,48026,10
13.01974964,80.22463226,48026,48037,11
13.01889992,80.22444153,48037,48047,10
13.01809978,80.22473145,48047,48057,10
13.01733971,80.22502899,48057,48067,10
13.01665974,80.22531128,48067,48077,10
13.01638985,80.22544861,48077,48087,10
13.01578999,80.22563934,48087,48097,10
13.01546001,80.22573853,48097,48107,10
13.01535988,80.22576904,48107,48117,10
13.01517963,80.2258606,48117,48128,11
13.01496029,80.22592926,48128,48138,10
13.01461983,80.22605896,48138,48148,10
13.01428032,80.22615814,48148,48158,10
13.01420021,80.22592163,48158,48168,10
13.01412964,80.22567749,48168,48939,771
13.01406956,80.22530365,48939,49030,91
13.01406956,80.22530365,49030,49040,10
13.01418018,80.22519684,49040,49050,10
13.01449966,80.22538757,49050,49060,10
13.01436043,80.22576141,49060,49070,10
13.01418018,80.2258606,49070,49080,10
13.01416969,80.22605896,49080,49090,10
13.01395035,80.22624969,49090,49100,10
13.01336956,80.22647858,49100,49111,11
13.01261044,80.22679138,49111,49121,10
13.01175976,80.22714233,49121,49131,10
13.01076031,80.22754669,49131,49141,10
13.00988007,80.22788239,49141,49151,10
13.00963974,80.22737885,49151,49161,10
13.00992012,80.22669983,49161,49171,10
13.01029968,80.22582245,49171,49181,10
13.0105896,80.22518158,49181,49191,10
13.01062965,80.22511292,49191,49202,11
13.01074982,80.2248764,49202,49212,10
13.01097965,80.22425842,49212,49222,10
13.0112896,80.2233963,49222,49232,10
13.01156998,80.22268677,49232,49242,10
13.01191044,80.22176361,49242,49252,10
13.01222992,80.22141266,49252,49262,10
13.01255989,80.22186279,49262,49272,10
13.01305008,80.22242737,49272,49282,10
13.01371956,80.22315216,49282,49293,11
13.01441956,80.22399139,49293,49303,10
13.01506042,80.22467041,49303,49313,10
13.0157299,80.2252121,49313,49323,10
13.01634026,80.22528839,49323,49333,10
13.01712036,80.22503662,49333,49343,10
13.01811028,80.22463989,49343,49353,10
13.01908016,80.2243576,49353,49363,10
13.01937008,80.2243576,49363,49373,10
13.01966,80.22447968,49373,49384,11
13.02005005,80.22476196,49384,49394,10
13.02054024,80.22512817,49394,49404,10
13.02103043,80.22551727,49404,49414,10
13.02157021,80.22593689,49414,49424,10
13.02206039,80.22628784,49424,49434,10
13.02247047,80.22664642,49434,49444,10
13.02299976,80.22714996,49444,49454,10
13.02353001,80.22763062,49454,49464,10
13.02420044,80.22824097,49464,49485,21
13.02441025,80.22844696,49485,49535,50
13.02441025,80.22844696,49535,49545,10
13.02431965,80.22863007,49545,49555,10
13.02408981,80.22843933,49555,49566,11
13.02377033,80.22801208,49566,49576,10
13.02350044,80.22776031,49576,49899,323
13.02350044,80.22776031,49899,49909,10
13.02328968,80.2274704,49909,49920,11
13.02295017,80.22709656,49920,49930,10
13.02237988,80.22660828,49930,49940,10
13.02175045,80.22608948,49940,49950,10
13.02126026,80.22572327,49950,49960,10
13.02071953,80.22531128,49960,49970,10
13.02025986,80.22501373,49970,49980,10
13.01996994,80.224823,49980,49990,10
13.0199604,80.224823,49990,50000,10
13.01972008,80.22467804,50000,50011,11
13.01912975,80.22447205,50011,50021,10
13.01834011,80.22466278,50021,50031,10
13.0174799,80.22501373,50031,50041,10
13.01667976,80.22534943,50041,50051,10
13.01611042,80.22556305,50051,50061,10
13.01550961,80.22577667,50061,50071,10
13.01473999,80.22608185,50071,50081,10
13.01426029,80.22628021,50081,50091,10
13.01414013,80.22631836,50091,50102,11
13.01356983,80.22653961,50102,50112,10
13.01280022,80.2268219,50112,50122,10
13.01202011,80.22712708,50122,50132,10
13.01115036,80.22750092,50132,50142,10
13.01008987,80.22792053,50142,50152,10
13.00918007,80.22849274,50152,50162,10
13.0089798,80.2293396,50162,50172,10
13.00893021,80.2297821,50172,50182,10
13.00893021,80.22994232,50182,50193,11
13.00885963,80.23023987,50193,50213,20
13.00885963,80.23023987,50213,50223,10
13.00881004,80.23052979,50223,50233,10
13.00876045,80.23081207,50233,50253,20
13.00876045,80.23081207,50253,50263,10
13.00866032,80.23126221,50263,50273,10
13.00858974,80.23155212,50273,50284,11
13.00852966,80.23188782,50284,50294,10
13.0085001,80.23207092,50294,50304,10
13.00846004,80.23236084,50304,50314,10
13.00846004,80.23242188,50314,50324,10
13.00841045,80.23256683,50324,50334,10
13.00835991,80.23291016,50334,50344,10
13.00829029,80.2333374,50344,50354,10
13.00825024,80.23358154,50354,50364,10
13.00817966,80.23384094,50364,50375,11
13.0081501,80.23390198,50375,50385,10
13.00811005,80.23404694,50385,50395,10
13.0080204,80.23445129,50395,50405,10
13.00788021,80.23516846,50405,50415,10
13.00784016,80.23539734,50415,50425,10
13.00778961,80.23568726,50425,50435,10
13.00774956,80.23593903,50435,50445,10
13.00769043,80.23622894,50445,50455,10
13.00759983,80.23668671,50455,50466,11
13.00751972,80.23709869,50466,50476,10
13.00743008,80.23750305,50476,50486,10
13.00730038,80.23812866,50486,50546,60
13.00730038,80.23812866,50546,50557,11
13.0072298,80.2383728,50557,50567,10
13.00712013,80.23905945,50567,50627,60
13.00712013,80.23905945,50627,50637,10
13.00708008,80.23927307,50637,50648,11
13.00691986,80.24002075,50648,50718,70
13.00691986,80.24002075,50718,50728,10
13.00683975,80.2401886,50728,50739,11
13.00675964,80.24069977,50739,50749,10
13.00671959,80.24136353,50749,50759,10
13.00673008,80.24224854,50759,50769,10
13.00671959,80.24278259,50769,50779,10
13.00671959,80.24281311,50779,50789,10
13.00669003,80.24294281,50789,50799,10
13.00671005,80.2432785,50799,50809,10
13.00669956,80.24369049,50809,50819,10
13.00669956,80.244133,50819,50830,11
13.00673008,80.24472809,50830,50840,10
13.00669956,80.24494171,50840,50850,10
13.00669003,80.24514771,50850,50860,10
13.00669003,80.24530029,50860,50870,10
13.00669956,80.24565125,50870,50880,10
13.00673962,80.24626923,50880,50890,10
13.00675964,80.24707031,50890,50900,10
13.00638008,80.24732208,50900,50910,10
13.00615978,80.24738312,50910,50921,11
13.00611019,80.24739838,50921,50931,10
13.00586033,80.24742889,50931,50941,10
13.00526047,80.24742126,50941,50951,10
13.00444031,80.2474823,50951,50961,10
13.00347042,80.24761963,50961,50971,10
13.00255966,80.24775696,50971,50981,10
13.00189972,80.24790192,50981,50991,10
13.00109005,80.24810791,50991,51001,10
13.00006008,80.24835968,51001,51012,11
12.9988203,80.24868011,51012,51022,10
12.99812984,80.24887848,51022,51032,10
12.99767017,80.24899292,51032,51042,10
12.9969101,80.24916077,51042,51052,10
12.99592018,80.24942017,51052,51062,10
12.99477959,80.24971771,51062,51072,10
12.99361992,80.25000763,51072,51082,10
12.9924202,80.25028992,51082,51092,10
12.99129963,80.25058746,51092,51103,11
12.99083042,80.25071716,51103,51113,10
12.99036026,80.25083923,51113,51123,10
12.98978043,80.25097656,51123,51133,10
12.98960972,80.2510376,51133,51143,10
12.98952961,80.25106049,51143,51153,10
12.98935032,80.25110626,51153,51163,10
12.98933029,80.25112152,51163,51173,10
12.98902035,80.25119781,51173,51183,10
12.98863029,80.25131226,51183,51194,11
12.98812962,80.25144958,51194,51204,10
12.98756027,80.2515564,51204,51214,10
12.98696995,80.25171661,51214,51224,10
12.98663044,80.25180817,51224,51234,10
12.98614025,80.25192261,51234,51244,10
12.98538017,80.25209045,51244,51254,10
12.98443031,80.25234222,51254,51264,10
12.98363972,80.25254059,51264,51274,10
12.98274994,80.25267792,51274,51285,11
12.98136997,80.25272369,51285,51295,10
12.98050022,80.25276184,51295,51305,10
12.97999954,80.25279999,51305,51315,10
12.97933006,80.25272369,51315,51325,10
12.97865963,80.25261688,51325,51335,10
12.97854042,80.25256348,51335,51345,10
12.97817993,80.25231934,51345,51355,10
12.97760963,80.25180054,51355,51366,11
12.9766798,80.251297,51366,51376,10
12.97562027,80.25096893,51376,51386,10
12.9744997,80.2506485,51386,51396,10
12.97336006,80.25032043,51396,51406,10
12.9721899,80.25002289,51406,51416,10
12.97097969,80.24970245,51416,51426,10
12.96982956,80.24929047,51426,51436,10
12.96875954,80.24887848,51436,51446,10
12.96772003,80.24845886,51446,51457,11
12.96660042,80.24797058,51457,51467,10
12.96580029,80.24759674,51467,51477,10
12.96512032,80.24738312,51477,51487,10
12.96498966,80.24732208,51487,51497,10
12.96457958,80.24716187,51497,51507,10
12.96407986,80.24697876,51507,51527,20
12.96407986,80.24697876,51527,51537,10
12.9637804,80.24687958,51537,51548,11
12.96321011,80.24659729,51548,51558,10
12.96247005,80.24622345,51558,51568,10
12.96158981,80.24578094,51568,51578,10
12.96057987,80.24530792,51578,51588,10
12.95962048,80.24490356,51588,51598,10
12.9594202,80.24481201,51598,51608,10
12.95895958,80.24456787,51608,51618,10
12.95820045,80.24424744,51618,51628,10
12.95738029,80.24395752,51628,51639,11
12.95672035,80.24376678,51639,51659,20
12.95664978,80.24373627,51659,51679,20
12.95664978,80.24373627,51679,51689,10
12.95654964,80.24369812,51689,51750,61
12.95654964,80.24369812,51750,51760,10
12.95629025,80.24362183,51760,51770,10
12.95571995,80.24333191,51770,51780,10
12.95493984,80.24295807,51780,51790,10
12.95394993,80.24253845,51790,51800,10
12.95287037,80.24210358,51800,51810,10
12.95188999,80.24172974,51810,51821,11
12.95151997,80.24160004,51821,51831,10
12.95116043,80.24143982,51831,51841,10
12.95049953,80.24121857,51841,51851,10
12.9496603,80.2409668,51851,51861,10
12.94876957,80.24066162,51861,51871,10
12.94781017,80.24024963,51871,51881,10
12.94674015,80.2397995,51881,51891,10
12.94565964,80.23934174,51891,51901,10
12.9447403,80.23860168,51901,51912,11
12.94384956,80.23763275,51912,51922,10
12.9429903,80.23679352,51922,51932,10
12.94190025,80.23632813,51932,51942,10
12.94073009,80.23603058,51942,51952,10
12.93978024,80.23576355,51952,51962,10
12.93972015,80.23574066,51962,51972,10
12.93935013,80.23557281,51972,51982,10
12.93869972,80.23523712,51982,51992,10
12.93785954,80.2348175,51992,52003,11
12.93675995,80.23426056,52003,52013,10
12.93605042,80.23390198,52013,52023,10
12.9358902,80.23381805,52023,52033,10
12.93542004,80.2335968,52033,52043,10
12.93402004,80.23301697,52043,52063,20
12.93402004,80.23301697,52063,52073,10
12.93377018,80.23290253,52073,52083,10
12.93321037,80.23264313,52083,52094,11
12.93235016,80.23232269,52094,52104,10
12.9313097,80.23197174,52104,52114,10
12.93015957,80.23162842,52114,52124,10
12.9289999,80.23139191,52124,52134,10
12.92798042,80.2312088,52134,52144,10
12.9268198,80.23104858,52144,52154,10
12.92562008,80.23088074,52154,52164,10
12.92444992,80.2307663,52164,52174,10
12.92327976,80.23062897,52174,52185,11
12.92195988,80.2304306,52185,52195,10
12.9207201,80.23027039,52195,52205,10
12.9194603,80.23011017,52205,52215,10
12.91849995,80.22995758,52215,52225,10
12.91744041,80.22982025,52225,52235,10
12.91627026,80.22966003,52235,52245,10
12.91508007,80.22947693,52245,52255,10
12.91390038,80.2293396,52255,52265,10
12.91333961,80.22930145,52265,52276,11
12.91289043,80.2292099,52276,52286,10
12.91213989,80.22910309,52286,52296,10
12.91119003,80.22895813,52296,52306,10
12.91005993,80.22879791,52306,52316,10
12.90890026,80.22859955,52316,52326,10
12.90775967,80.22841644,52326,52336,10
12.90721989,80.22836304,52336,52346,10
12.90688038,80.22831726,52346,52356,10
12.90629005,80.2282486,52356,52367,11
12.90585995,80.22827911,52367,52377,10
12.90534973,80.22823334,52377,52387,10
12.90454006,80.2281723,52387,52397,10
12.90349007,80.22811127,52397,52407,10
12.90233994,80.22805023,52407,52417,10
12.90143967,80.22799683,52417,52427,10
12.90091991,80.22798157,52427,52437,10
12.90046024,80.22795868,52437,52447,10
12.90009022,80.22794342,52447,52458,11
12.89925003,80.22789764,52458,52478,20
12.89925003,80.22789764,52478,52488,10
12.89894962,80.22785187,52488,52498,10
12.89830971,80.22782135,52498,52508,10
12.89748001,80.22776794,52508,52518,10
12.89645958,80.22772217,52518,52528,10
12.89535999,80.22767639,52528,52538,10
12.89424992,80.22760773,52538,52549,11
12.89323044,80.22750854,52549,52559,10
12.89272022,80.22746277,52559,52609,50
12.89272022,80.22746277,52609,52619,10
12.8926897,80.22747803,52619,52629,10
12.89233971,80.22741699,52629,52640,11
12.89157963,80.22736359,52640,52650,10
12.8906002,80.22736359,52650,52660,10
12.88943958,80.22737122,52660,52670,10
12.88823032,80.22733307,52670,52680,10
12.88706017,80.22718048,52680,52690,10
12.88588047,80.22689819,52690,52700,10
12.88465977,80.22670746,52700,52710,10
12.88341045,80.22672272,52710,52720,10
12.8821497,80.22673035,52720,52731,11
12.88076019,80.22675323,52731,52741,10
12.87950039,80.22676086,52741,52751,10
12.87823009,80.2268219,52751,52761,10
12.87707996,80.22692108,52761,52771,10
12.87646008,80.22698212,52771,52781,10
12.87627983,80.22698212,52781,52791,10
12.87580013,80.22698212,52791,52801,10
12.87502956,80.22691345,52801,52811,10
12.87403011,80.22679138,52811,52822,11
12.8728199,80.22669983,52822,52832,10
12.87168026,80.22666168,52832,52842,10
12.87053967,80.22660065,52842,52852,10
12.86938953,80.22647095,52852,52862,10
12.8682003,80.22637939,52862,52872,10
12.86701965,80.22647858,52872,52882,10
12.86585045,80.22657776,52882,52892,10
12.86468983,80.22657013,52892,52902,10
12.86351013,80.22650909,52902,52913,11
12.86221027,80.22653961,52913,52923,10
12.86118031,80.22657776,52923,52933,10
12.8610096,80.22659302,52933,52943,10
12.86058044,80.2265625,52943,52953,10
12.85984039,80.22644806,52953,52963,10
12.85896015,80.22631073,52963,52973,10
12.85799026,80.22624207,52973,52983,10
12.85688019,80.22631836,52983,52993,10
12.85571957,80.2264328,52993,53004,11
12.8544302,80.22657013,53004,53014,10
12.85323048,80.2266922,53014,53024,10
12.85198975,80.22664642,53024,53034,10
12.85072994,80.22660065,53034,53044,10
12.84947968,80.22657776,53044,53054,10
12.84821987,80.22657776,53054,53064,10
12.84694958,80.22657776,53064,53074,10
12.84576035,80.22657776,53074,53084,10
12.84514046,80.22660828,53084,53095,11
12.84486008,80.22662354,53095,53105,10
12.84424019,80.22666931,53105,53115,10
12.84335995,80.22679901,53115,53125,10
12.8422699,80.22701263,53125,53135,10
12.84109974,80.22730255,53135,53145,10
12.84012985,80.22756195,53145,53155,10
12.83971977,80.22769165,53155,53165,10
12.83967018,80.22772217,53165,53175,10
12.83924961,80.22782135,53175,53186,11
12.83843994,80.22801208,53186,53196,10
12.83747959,80.22821808,53196,53206,10
12.83633041,80.22840118,53206,53216,10
12.83514977,80.22857666,53216,53226,10
12.83395004,80.22878265,53226,53236,10
12.83277035,80.22899628,53236,53246,10
12.8322401,80.22911835,53246,53256,10
12.83218002,80.22913361,53256,53266,10
12.83174992,80.22921753,53266,53277,11
12.83096027,80.22946167,53277,53287,10
12.83003998,80.2297821,53287,53297,10
12.82894039,80.23021698,53297,53307,10
12.82783031,80.2308197,53307,53317,10
12.82668018,80.23129272,53317,53327,10
12.82540989,80.23137665,53327,53337,10
12.82413006,80.23121643,53337,53347,10
12.82285976,80.23084259,53347,53357,10
12.82159042,80.23049164,53357,53368,11
12.82036972,80.23043823,53368,53378,10
12.81923008,80.23049927,53378,53388,10
12.81890011,80.23046875,53388,53398,10
12.81844044,80.23026276,53398,53408,10
12.81764984,80.22987366,53408,53418,10
12.81665039,80.22950745,53418,53428,10
12.81546021,80.22931671,53428,53438,10
12.8142004,80.22913361,53438,53448,10
12.81297016,80.22875977,53448,53459,11
12.81163025,80.22827148,53459,53469,10
12.81042957,80.22779846,53469,53479,10
12.80926991,80.22724915,53479,53489,10
12.8082304,80.22644806,53489,53499,10
12.80733013,80.22567749,53499,53509,10
12.80650997,80.22496033,53509,53519,10
12.80566978,80.22422791,53519,53529,10
12.80510044,80.22399139,53529,53539,10
12.80490017,80.22395325,53539,53550,11
12.80455971,80.22389984,53550,53560,10
12.80395031,80.22386169,53560,53570,10
12.80313015,80.22379303,53570,53580,10
12.80228996,80.22367859,53580,53590,10
12.80128956,80.22357178,53590,53600,10
12.80012035,80.22345734,53600,53610,10
12.79893017,80.22335815,53610,53620,10
12.79763985,80.2232132,53620,53630,10
12.79636955,80.22299194,53630,53641,11
12.79578972,80.22290802,53641,53651,10
12.79559994,80.2228775,53651,53661,10
12.79504013,80.22277832,53661,53671,10
12.79419994,80.22264099,53671,53681,10
12.79316998,80.22247314,53681,53691,10
12.79203987,80.22225189,53691,53701,10
12.79092026,80.22197723,53701,53711,10
12.78981018,80.22167969,53711,53721,10
12.78899956,80.22138214,53721,53732,11
12.78835964,80.22112274,53732,53742,10
12.78816986,80.2210083,53742,53752,10
12.78798962,80.22093201,53752,53772,20
12.78798962,80.22093201,53772,53782,10
12.78789997,80.22084808,53782,53792,10
12.78767967,80.22077942,53792,53802,10
12.78748035,80.22073364,53802,53812,10
12.78732967,80.22068024,53812,53823,11
12.78724003,80.22064972,53823,53833,10
12.78715992,80.22062683,53833,53843,10
12.78678036,80.22049713,53843,53863,20
12.78678036,80.22049713,53863,53873,10
12.78660965,80.22042084,53873,53883,10
12.78625011,80.22029114,53883,53893,10
12.78617001,80.22042084,53893,53903,10
12.78617954,80.22083282,53903,53914,11
12.78619957,80.22123718,53914,53924,10
12.78625011,80.22164154,53924,53944,20
12.78621006,80.22181702,53944,54803,859
12.78621006,80.22181702,54803,54814,11
12.78614998,80.22161102,54814,54824,10
12.78612041,80.22132874,54824,54834,10
12.78612995,80.22104645,54834,54844,10
12.78612995,80.22070313,54844,54864,20
12.78612995,80.22070313,54864,54874,10
12.78614044,80.22033691,54874,54894,20
12.78614044,80.22033691,54894,54905,11
12.78639984,80.22036743,54905,54925,20
12.78639984,80.22036743,54925,54935,10
12.78672981,80.22054291,54935,54945,10
12.78719997,80.22071838,54945,54955,10
12.78783989,80.22096252,54955,54965,10
12.78853989,80.22122955,54965,54975,10
12.78934002,80.2215271,54975,54985,10
12.7901001,80.22176361,54985,54996,11
12.79115963,80.22202301,54996,55006,10
12.79220963,80.22226715,55006,55016,10
12.79312038,80.22242737,55016,55026,10
12.79409027,80.22257996,55026,55036,10
12.79473972,80.22268677,55036,55046,10
12.79535007,80.22277832,55046,55056,10
12.79640961,80.22296143,55056,55076,20
12.79640961,80.22296143,55076,55087,11
12.7967701,80.22303009,55087,55097,10
12.79734993,80.22312927,55097,55107,10
12.79811954,80.22324371,55107,55117,10
12.79901028,80.22332764,55117,55127,10
12.80002975,80.22341919,55127,55137,10
12.8010397,80.22353363,55137,55147,10
12.80136013,80.22355652,55147,55157,10
12.80144978,80.22358704,55157,55167,10
12.80200005,80.22364807,55167,55178,11
12.8028698,80.22379303,55178,55188,10
12.80373001,80.22386932,55188,55198,10
12.80455971,80.22393799,55198,55208,10
12.80529976,80.22408295,55208,55218,10
12.80547047,80.22412872,55218,55228,10
12.80562019,80.22418976,55228,55238,10
12.80605984,80.22454834,55238,55248,10
12.80671978,80.22512054,55248,55258,10
12.80757046,80.22586823,55258,55269,11
12.80856037,80.22669983,55269,55279,10
12.80953979,80.22740173,55279,55289,10
12.8103199,80.22775269,55289,55299,10
12.81074047,80.22792816,55299,55309,10
12.8114996,80.22823334,55309,55319,10
12.8125,80.22857666,55319,55329,10
12.81361961,80.22895813,55329,55339,10
12.81476974,80.22923279,55339,55349,10
12.81595993,80.22940063,55349,55360,11
12.81723022,80.22968292,55360,55370,10
12.81832027,80.2301712,55370,55380,10
12.8193903,80.23043823,55380,55390,10
12.81976032,80.2304306,55390,55400,10
12.81999016,80.2304306,55400,55410,10
12.82069016,80.23040009,55410,55420,10
12.82166004,80.23047638,55420,55430,10
12.82279968,80.23078156,55430,55440,10
12.82396984,80.23110199,55440,55451,11
12.82526016,80.2313385,55451,55461,10
12.8264904,80.23129272,55461,55471,10
12.82763958,80.23091888,55471,55481,10
12.82872963,80.23032379,55481,55491,10
12.82983971,80.22982025,55491,55501,10
12.83084011,80.22940826,55501,55511,10
12.83100033,80.22934723,55511,55521,10
12.83106995,80.2293396,55521,55531,10
12.83146954,80.2292099,55531,55542,11
12.8320303,80.22907257,55542,55552,10
12.83251953,80.22895813,55552,55562,10
12.83267021,80.22891235,55562,55572,10
12.83320999,80.22881317,55572,55582,10
12.83403969,80.22866821,55582,55592,10
12.83510971,80.22850037,55592,55602,10
12.83627033,80.22834015,55602,55612,10
12.83745003,80.22815704,55612,55622,10
12.8386097,80.22789001,55622,55633,11
12.8394804,80.22759247,55633,55653,20
12.8394804,80.22759247,55653,55663,10
12.83975983,80.22750854,55663,55673,10
12.84033012,80.22743225,55673,55683,10
12.84109974,80.22721863,55683,55693,10
12.84206963,80.22698212,55693,55703,10
12.84323978,80.22675323,55703,55713,10
12.84438038,80.22657013,55713,55724,11
12.84525967,80.22651672,55724,55734,10
12.84535027,80.22651672,55734,55744,10
12.84549046,80.22653198,55744,55754,10
12.84564018,80.22651672,55754,55764,10
12.84578037,80.22651672,55764,55774,10
12.84632969,80.22650909,55774,55784,10
12.84714031,80.22650909,55784,55794,10
12.84813976,80.22651672,55794,55804,10
12.84922981,80.22651672,55804,55815,11
12.85011005,80.22648621,55815,55825,10
12.85035038,80.22647095,55825,55835,10
12.85074043,80.22647858,55835,55845,10
12.85144043,80.22653198,55845,55855,10
12.85231972,80.2265625,55855,55865,10
12.85344028,80.22657776,55865,55875,10
12.85457993,80.22647858,55875,55885,10
12.85575008,80.22635651,55885,55895,10
12.85694027,80.22624969,55895,55906,11
12.85828972,80.22618103,55906,55916,10
12.85951042,80.22631836,55916,55926,10
12.86054993,80.22644806,55926,55936,10
12.86079025,80.22647858,55936,55946,10
12.86116028,80.22651672,55946,55956,10
12.86182022,80.22650146,55956,55966,10
12.86264992,80.22644806,55966,55976,10
12.86365986,80.22644806,55976,55986,10
12.86483955,80.22648621,55986,55997,11
12.86620045,80.22647095,55997,56007,10
12.86730003,80.22637939,56007,56017,10
12.8677702,80.22631836,56017,56027,10
12.86853981,80.22631073,56027,56037,10
12.8695097,80.22640991,56037,56047,10
12.87065983,80.22653198,56047,56057,10
12.87183952,80.22657776,56057,56067,10
12.87265968,80.2265625,56067,56077,10
12.87277985,80.2265625,56077,56088,11
12.87329006,80.22657776,56088,56098,10
12.87405014,80.22663879,56098,56108,10
12.87497997,80.22676849,56108,56118,10
12.87605953,80.22685242,56118,56128,10
12.8766098,80.22680664,56128,56138,10
12.87674999,80.22680664,56138,56148,10
12.87718964,80.22676849,56148,56158,10
12.87802029,80.22672272,56158,56168,10
12.87915993,80.22666168,56168,56179,11
12.8803196,80.22664642,56179,56189,10
12.88150978,80.22663879,56189,56199,10
12.88271046,80.22663116,56199,56209,10
12.88389969,80.22660065,56209,56219,10
12.88484001,80.22660828,56219,56229,10
12.88584042,80.22678375,56229,56239,10
12.88691044,80.22705841,56239,56249,10
12.88796997,80.22724152,56249,56259,10
12.88908958,80.22727966,56259,56270,11
12.89044952,80.22725677,56270,56280,10
12.89163971,80.22725677,56280,56290,10
12.89210987,80.22727203,56290,56300,10
12.89223957,80.22727966,56300,56310,10
12.89276028,80.2273407,56310,56320,10
12.89358044,80.22743988,56320,56330,10
12.8946104,80.2275238,56330,56340,10
12.89571953,80.22756195,56340,56350,10
12.89702034,80.22760773,56350,56361,11
12.89824009,80.22767639,56361,56371,10
12.89929008,80.22773743,56371,56381,10
12.90025043,80.2277832,56381,56391,10
12.90073967,80.22779846,56391,56442,51
12.90073967,80.22779846,56442,56452,10
12.90098,80.22783661,56452,56462,10
12.90145969,80.22786713,56462,56472,10
12.90203953,80.22789001,56472,56482,10
12.90246964,80.22789764,56482,56492,10
12.90301991,80.22794342,56492,56502,10
12.90375042,80.22798157,56502,56512,10
12.90464973,80.2280426,56512,56522,10
12.90561962,80.22808075,56522,56533,11
12.90625,80.22810364,56533,56543,10
12.90631008,80.22811127,56543,56553,10
12.90674019,80.22814941,56553,56563,10
12.90740967,80.22824097,56563,56573,10
12.90830994,80.22839355,56573,56583,10
12.90937042,80.2285614,56583,56593,10
12.9105196,80.22875977,56593,56603,10
12.91172028,80.22892761,56603,56613,10
12.91289997,80.22908783,56613,56624,11
12.91384029,80.2292099,56624,56634,10
12.91397953,80.22926331,56634,56644,10
12.91438007,80.22933197,56644,56654,10
12.91510963,80.22940826,56654,56664,10
12.91606998,80.22956085,56664,56674,10
12.9170599,80.22969055,56674,56684,10
12.91808987,80.2298584,56684,56694,10
12.91907024,80.22998047,56694,56704,10
12.92016983,80.2301178,56704,56715,11
12.92144966,80.23027802,56715,56725,10
12.92261028,80.23046112,56725,56735,10
12.92380047,80.23062134,56735,56745,10
12.92500019,80.23075867,56745,56755,10
12.92601967,80.23085785,56755,56765,10
12.92623997,80.23088837,56765,56775,10
12.92658997,80.2309494,56775,56785,10
12.92724991,80.23104095,56785,56795,10
12.92807961,80.23114014,56795,56806,11
12.9292202,80.2313385,56806,56816,10
12.93033028,80.2315979,56816,56826,10
12.93146038,80.23194122,56826,56836,10
12.93257046,80.2322998,56836,56846,10
12.93344975,80.23265076,56846,56856,10
12.93362045,80.23271942,56856,56866,10
12.93373966,80.23280334,56866,56876,10
12.93420029,80.23301697,56876,56886,10
12.93492031,80.2333374,56886,56897,11
12.93550014,80.23358917,56897,56907,10
12.93583965,80.23377991,56907,56917,10
12.93645,80.23407745,56917,56927,10
12.93721962,80.23445129,56927,56937,10
12.93813992,80.23490143,56937,56947,10
12.93910027,80.23536682,56947,56957,10
12.93970013,80.23565674,56957,56967,10
12.93974018,80.23567963,56967,56977,10
12.93999004,80.23578644,56977,56988,11
12.94064045,80.23597717,56988,56998,10
12.9414196,80.23618317,56998,57008,10
12.94235992,80.23641968,57008,57018,10
12.94330025,80.23699188,57018,57028,10
12.94410038,80.23784637,57028,57038,10
12.9447403,80.23854065,57038,57048,10
12.94583988,80.23940277,57048,57058,10
12.94686031,80.2397995,57058,57068,10
12.94715023,80.23992157,57068,57079,11
12.94729996,80.23999786,57079,57089,10
12.94775963,80.2401886,57089,57099,10
12.94839954,80.24047089,57099,57109,10
12.9488802,80.2406311,57109,57119,10
12.94952965,80.24088287,57119,57129,10
12.95026016,80.24111176,57129,57139,10
12.95065975,80.2412262,57139,57149,10
12.9507103,80.24124146,57149,57159,10
12.9510603,80.24136353,57159,57170,11
12.95172977,80.24160767,57170,57180,10
12.95252037,80.24189758,57180,57190,10
12.95343971,80.24226379,57190,57200,10
12.95438957,80.24263763,57200,57210,10
12.95510006,80.24291229,57210,57220,10
12.95576,80.24311829,57220,57230,10
12.95619011,80.24324036,57230,57250,20
12.95619011,80.24324036,57250,57261,11
12.95650005,80.24330902,57261,57271,10
12.95701981,80.24358368,57271,57281,10
12.95773029,80.243927,57281,57291,10
12.95845985,80.2442627,57291,57301,10
12.9587698,80.24437714,57301,57311,10
12.95891953,80.24446106,57311,57321,10
12.95938015,80.24469757,57321,57331,10
12.96006966,80.24501801,57331,57341,10
12.96090984,80.24539948,57341,57352,11
12.96199989,80.24591827,57352,57362,10
12.96294975,80.24639893,57362,57372,10
12.96327972,80.24649811,57372,57422,50
12.96327972,80.24649811,57422,57432,10
12.96343994,80.24659729,57432,57443,11
12.96380997,80.24680328,57443,57453,10
12.96442986,80.24703979,57453,57463,10
12.96520042,80.24730682,57463,57473,10
12.96605968,80.24759674,57473,57483,10
12.96669006,80.2478714,57483,57493,10
12.96687984,80.24796295,57493,57503,10
12.96702003,80.24804688,57503,57513,10
12.96745968,80.24823761,57513,57523,10
12.96823978,80.24852753,57523,57534,11
12.96926022,80.24889374,57534,57544,10
12.97017956,80.24929047,57544,57554,10
12.97124958,80.24967194,57554,57564,10
12.97237968,80.24996185,57564,57574,10
12.97350025,80.2502594,57574,57584,10
12.97463989,80.25057983,57584,57594,10
12.97579002,80.25093079,57594,57604,10
12.97694969,80.25126648,57604,57614,10
12.97793961,80.25192261,57614,57625,11
12.97859955,80.25234985,57625,57635,10
12.97861958,80.25235748,57635,57645,10
12.97896957,80.25250244,57645,57655,10
12.97939968,80.25256348,57655,57675,20
12.97939968,80.25256348,57675,57685,10
12.97959995,80.25260162,57685,57695,10
12.9801302,80.25263977,57695,57705,10
12.98085976,80.25263214,57705,57716,11
12.9818697,80.25258636,57716,57726,10
12.98297024,80.25254059,57726,57736,10
12.98408985,80.25231171,57736,57746,10
12.98501015,80.25205994,57746,57756,10
12.98583031,80.25182343,57756,57766,10
12.98651981,80.25164032,57766,57776,10
12.98729992,80.25141144,57776,57786,10
12.98812008,80.25121307,57786,57796,10
12.98904037,80.25097656,57796,57807,11
12.98927021,80.25090027,57807,57817,10
12.98939037,80.25089264,57817,57827,10
12.98987961,80.25080109,57827,57837,10
12.99061966,80.25063324,57837,57847,10
12.99153996,80.25039673,57847,57857,10
12.99263954,80.25012207,57857,57867,10
12.99376011,80.24983978,57867,57877,10
12.99489021,80.2495575,57877,57887,10
12.99604034,80.24923706,57887,57898,11
12.99734974,80.24891663,57898,57908,10
12.99853992,80.24861908,57908,57918,10
12.99973011,80.24832153,57918,57928,10
13.00092983,80.24800873,57928,57938,10
13.00214005,80.24771881,57938,57948,10
13.00333023,80.24748993,57948,57958,10
13.00452042,80.24732208,57958,57968,10
13.00555992,80.24713135,57968,57978,10
13.00629997,80.2467804,57978,57989,11
13.00650024,80.24636841,57989,57999,10
13.00652981,80.24627686,57999,58009,10
13.00656986,80.24581909,58009,58019,10
13.00660038,80.24508667,58019,58029,10
13.00660992,80.24420929,58029,58039,10
13.00658989,80.24311066,58039,58049,10
13.00658035,80.24195099,58049,58059,10
13.00664043,80.24091339,58059,58069,10
13.00669003,80.2403717,58069,58100,31
13.00669003,80.2403717,58100,58110,10
13.00675011,80.23996735,58110,58120,10
13.00689983,80.23937988,58120,58130,10
13.00704956,80.23864746,58130,58140,10
13.00718021,80.23799133,58140,58150,10
13.00730038,80.23738861,58150,58160,10
13.00741959,80.23661804,58160,58181,21
13.00741959,80.23661804,58181,58191,10
13.00753975,80.23628235,58191,58201,10
13.00765038,80.23574066,58201,58211,10
13.00778961,80.2350235,58211,58221,10
13.00798035,80.23413086,58221,58231,10
13.00815964,80.23326111,58231,58241,10
13.00844002,80.23175812,58241,58251,10
13.00866985,80.23049164,58251,58262,11
13.00895023,80.22917938,58262,58272,10
13.00920963,80.22812653,58272,58281,9
13.00969028,80.22702789,58281,58292,11
13.01016045,80.22602081,58292,58302,10
13.01029968,80.22575378,58302,58312,10
13.01039982,80.2256012,58312,58322,10
13.01056957,80.2252121,58322,58332,10
13.01074028,80.22479248,58332,58342,10
13.01093006,80.22434998,58342,58353,11
13.01105976,80.22403717,58353,58363,10
13.01105976,80.22396088,58363,58373,10
13.01123047,80.22358704,58373,58383,10
13.01152039,80.22290802,58383,58393,10
13.01181984,80.22197723,58393,58403,10
13.01226997,80.22145844,58403,58413,10
13.01259041,80.22186279,58413,58423,10
13.01307964,80.22245026,58423,58433,10
13.01362038,80.22306061,58433,58444,11
13.01424026,80.22386169,58444,58454,10
13.01490021,80.22445679,58454,58464,10
13.0153904,80.22479248,58464,58474,10
13.01546955,80.22483063,58474,58484,10
13.01581955,80.22515869,58484,58494,10
13.0165596,80.22519684,58494,58504,10
13.01735973,80.22492218,58504,58514,10
13.01817036,80.22460938,58514,58524,10
13.01887035,80.22434998,58524,58535,11
13.01947975,80.22434235,58535,58555,20
13.01947975,80.22434235,58555,58565,10
13.01953983,80.22440338,58565,58575,10
13.0197401,80.22451782,58575,58585,10
13.01974964,80.22451782,58585,58595,10
13.01982975,80.22457123,58595,58605,10
13.02015972,80.22483826,58605,58615,10
13.02077007,80.22531128,58615,58626,11
13.02140045,80.22579956,58626,58636,10
13.02206039,80.2263031,58636,58646,10
13.02268982,80.22682953,58646,58656,10
13.02322006,80.22728729,58656,58666,10
13.02363968,80.22769928,58666,58676,10
13.02408028,80.22812653,58676,58686,10
13.02441978,80.22846985,58686,58696,10
13.02435017,80.22859955,58696,58706,10
13.02396011,80.22825623,58706,58717,11
13.02353001,80.22781372,58717,58808,91
13.02336025,80.22756195,58808,59607,799
13.02336025,80.22756195,59607,59617,10
13.0233202,80.22762299,59617,59627,10
13.0230999,80.22738647,59627,59637,10
13.02280998,80.22711945,59637,59647,10
13.02264977,80.2269516,59647,59657,10
13.02254963,80.22679901,59657,59667,10
13.02221966,80.22653961,59667,59677,10
13.02176952,80.22618103,59677,59687,10
13.0212698,80.22579193,59687,59698,11
13.02071953,80.22537231,59698,59708,10
13.02013969,80.22499084,59708,59718,10
13.0196104,80.22463226,59718,59728,10
13.01891994,80.22450256,59728,59738,10
13.01813984,80.22477722,59738,59748,10
13.01731014,80.22512054,59748,59758,10
13.01648998,80.22544098,59758,59768,10
13.01585007,80.22566223,59768,59778,10
13.01533985,80.22586823,59778,59789,11
13.01486969,80.22608948,59789,59799,10
13.01445007,80.22624207,59799,59819,20
13.01445007,80.22624207,59819,59829,10
13.01414013,80.22635651,59829,59839,10
13.01362038,80.2265625,59839,59849,10
13.01296997,80.22680664,59849,59859,10
13.01220036,80.22711182,59859,59869,10
13.01142025,80.22741699,59869,59880,11
13.01049995,80.2277832,59880,59890,10
13.00961971,80.22812653,59890,59900,10
13.00909042,80.22872162,59900,59910,10
13.00891972,80.22960663,59910,59920,10
13.00874043,80.23058319,59920,59930,10
13.00858021,80.23152924,59930,59940,10
13.00841045,80.23248291,59940,59950,10
13.0082798,80.23339081,59950,59960,10
13.00817966,80.23377228,59960,59971,11
13.00806999,80.23432159,59971,59981,10
13.00800991,80.23448944,59981,59991,10
13.00792027,80.23496246,59991,60001,10
13.00778008,80.23570251,60001,60011,10
13.00761986,80.23665619,60011,60021,10
13.00737953,80.23783112,60021,60031,10
13.00714016,80.23905182,60031,60041,10
13.00695038,80.24008179,60041,60132,91
13.00695038,80.24008179,60132,60142,10
13.00691032,80.2405777,60142,60153,11
13.00681019,80.24108887,60153,60163,10
13.00677013,80.24186707,60163,60173,10
13.00675011,80.24282837,60173,60183,10
13.00673962,80.24356079,60183,60193,10
13.00673962,80.2442627,60193,60203,10
13.00675011,80.24495697,60203,60213,10
13.00675011,80.2455368,60213,60223,10
13.00677967,80.24620819,60223,60233,10
13.00677967,80.24677277,60233,60284,51
13.00677967,80.24677277,60284,60294,10
13.00673008,80.2472229,60294,60304,10
13.00642967,80.24743652,60304,60314,10
13.00621033,80.24742889,60314,60324,10
13.00611973,80.24739838,60324,60335,11
13.00559998,80.24736023,60335,60345,10
13.00485992,80.24739075,60345,60355,10
13.00393963,80.24749756,60355,60365,10
13.00294971,80.24765015,60365,60375,10
13.00195026,80.2478714,60375,60385,10
13.00088978,80.2481308,60385,60395,10
12.99979973,80.24839783,60395,60405,10
12.99866009,80.24868774,60405,60415,10
12.99750042,80.24897766,60415,60426,11
12.99621964,80.2492981,60426,60436,10
12.99505997,80.24960327,60436,60446,10
12.99388981,80.24992371,60446,60456,10
12.99269962,80.25019836,60456,60466,10
12.99112034,80.25061798,60466,60486,20
12.99112034,80.25061798,60486,60496,10
12.99092007,80.25067902,60496,60506,10
12.9903698,80.25080109,60506,60517,11
12.98954964,80.25100708,60517,60527,10
12.98888016,80.25119019,60527,60587,60
12.98888016,80.25119019,60587,60598,11
12.98851013,80.25128174,60598,60608,10
12.98797989,80.25141144,60608,60618,10
12.98754025,80.25151062,60618,60628,10
12.98725986,80.25158691,60628,60638,10
12.9868803,80.25170135,60638,60648,10
12.98626995,80.25184631,60648,60658,10
12.98548031,80.25205231,60658,60668,10
12.98445988,80.25231934,60668,60678,10
12.98334026,80.25260162,60678,60689,11
12.98219013,80.25267792,60689,60699,10
12.9812603,80.25272369,60699,60709,10
12.98036003,80.25276947,60709,60719,10
12.97994995,80.25276947,60719,60729,10
12.97951031,80.25270844,60729,60739,10
12.97894955,80.25266266,60739,60749,10
12.97875023,80.25261688,60749,60759,10
12.97867966,80.25260162,60759,60769,10
12.9782896,80.25238037,60769,60780,11
12.97766018,80.25183868,60780,60790,10
12.97679996,80.25132751,60790,60800,10
12.97570038,80.25100708,60800,60810,10
12.9745903,80.25067902,60810,60820,10
12.9734602,80.25036621,60820,60830,10
12.9723196,80.25006866,60830,60840,10
12.9711504,80.2497406,60840,60850,10
12.97000027,80.24935913,60850,60860,10
12.96887016,80.248909,60860,60871,11
12.96763992,80.24842072,60871,60881,10
12.96658039,80.24793243,60881,60891,10
12.96572971,80.24755859,60891,60901,10
12.96510983,80.24739838,60901,60911,10
12.96500969,80.24736023,60911,60921,10
12.96463013,80.2472229,60921,60931,10
12.96397018,80.24697113,60931,60941,10
12.96315002,80.24659729,60941,60951,10
12.96214008,80.24609375,60951,60962,11
12.96098042,80.24552155,60962,60972,10
12.95991993,80.24501801,60972,60982,10
12.95884991,80.24453735,60982,60992,10
12.95790005,80.24416351,60992,61002,10
12.9570303,80.24385834,61002,61012,10
12.95646954,80.24363708,61012,61073,61
12.95646954,80.24363708,61073,61083,10
12.95637035,80.24362183,61083,61093,10
12.95590019,80.2434082,61093,61103,10
12.95522022,80.24310303,61103,61113,10
12.95438957,80.24272156,61113,61123,10
12.95347977,80.24233246,61123,61133,10
12.95248032,80.24195099,61133,61144,11
12.9517498,80.24172211,61144,61154,10
12.95160961,80.24167633,61154,61164,10
12.95112991,80.24150085,61164,61174,10
12.95038986,80.24127197,61174,61184,10
12.94946003,80.24098206,61184,61194,10
12.94839001,80.24056244,61194,61204,10
12.94742012,80.24017334,61204,61214,10
12.94703007,80.24002075,61214,61224,10
12.94676018,80.23990631,61224,61235,11
12.94614983,80.23964691,61235,61245,10
12.94544029,80.23928833,61245,61255,10
12.9447298,80.23863983,61255,61265,10
12.94396019,80.23780823,61265,61275,10
12.94316006,80.23695374,61275,61285,10
12.94207954,80.23641205,61285,61295,10
12.94112015,80.23616791,61295,61305,10
12.93976021,80.23577881,61305,61315,10
12.93869972,80.23526001,61315,61326,11
12.93752956,80.23468018,61326,61336,10
12.93645954,80.23416901,61336,61346,10
12.93537998,80.23365021,61346,61356,10
12.93432999,80.23320007,61356,61366,10
12.93397045,80.23304749,61366,61376,10
12.93395996,80.23304749,61376,61386,10
12.93371964,80.23290253,61386,61396,10
12.93317986,80.23265076,61396,61406,10
12.93241978,80.23236084,61406,61417,11
12.93136978,80.23201752,61417,61427,10
12.9302597,80.23168182,61427,61437,10
12.92910004,80.23142242,61437,61447,10
12.92790985,80.23121643,61447,61457,10
12.92669964,80.23104858,61457,61467,10
12.92547035,80.23091125,61467,61477,10
12.92428017,80.2307663,61477,61487,10
12.92311001,80.23062134,61487,61497,10
12.92191982,80.23042297,61497,61508,11
12.9205904,80.2302475,61508,61518,10
12.91936016,80.23010254,61518,61528,10
12.91814041,80.22992706,61528,61538,10
12.91691971,80.22976685,61538,61548,10
12.91578007,80.22960663,61548,61558,10
12.9146204,80.22943878,61558,61568,10
12.9134903,80.22931671,61568,61578,10
12.91318035,80.22930908,61578,61588,10
12.91292953,80.22924042,61588,61599,11
12.91228008,80.22914886,61599,61609,10
12.91149044,80.22902679,61609,61619,10
12.91055012,80.22888947,61619,61629,10
12.90944958,80.2286911,61629,61639,10
12.9083004,80.22850037,61639,61649,10
12.90721035,80.22834015,61649,61659,10
12.90655994,80.22827911,61659,61669,10
12.90625,80.2282486,61669,61679,10
12.90581989,80.22824097,61679,61690,11
12.90503979,80.22820282,61690,61700,10
12.90415001,80.22814941,61700,61710,10
12.90310955,80.22808075,61710,61720,10
12.90205002,80.22802734,61720,61730,10
12.90168953,80.22801971,61730,61811,81
12.90168953,80.22801971,61811,61821,10
12.90135002,80.2280426,61821,61831,10
12.90114975,80.22801971,61831,61841,10
12.90081024,80.22798157,61841,61851,10
12.90028,80.2279129,61851,61861,10
12.89949989,80.22789001,61861,61872,11
12.89920998,80.22789001,61872,61882,10
12.89898968,80.22786713,61882,61892,10
12.89844036,80.22782898,61892,61902,10
12.89766026,80.2277832,61902,61912,10
12.89669991,80.2277298,61912,61922,10
12.8955698,80.22769165,61922,61932,10
12.89439964,80.22763824,61932,61942,10
12.89338017,80.22753906,61942,61952,10
12.89291954,80.22750092,61952,61963,11
12.89284992,80.22750092,61963,61973,10
12.89276981,80.22747803,61973,61983,10
12.89229965,80.22741699,61983,61993,10
12.89155006,80.22738647,61993,62003,10
12.89058971,80.22738647,62003,62013,10
12.88949013,80.22738647,62013,62023,10
12.88838005,80.22737122,62023,62033,10
12.88755035,80.22727966,62033,62043,10
12.88675022,80.22714233,62043,62054,11
12.88566971,80.22686768,62054,62064,10
12.88502026,80.22675323,62064,62074,10
12.88436985,80.22672272,62074,62084,10
12.88348961,80.22673798,62084,62094,10
12.88239002,80.22675323,62094,62104,10
12.88121986,80.22676086,62104,62114,10
12.88004017,80.22676086,62114,62124,10
12.87882042,80.22679138,62124,62134,10
12.87769985,80.22686005,62134,62145,11
12.87677956,80.22695923,62145,62155,10
12.87623978,80.22701263,62155,62165,10
12.87600994,80.22699738,62165,62175,10
12.87543011,80.22698212,62175,62185,10
12.87462044,80.22688293,62185,62195,10
12.87360954,80.22676086,62195,62205,10
12.87267971,80.22673035,62205,62215,10
12.87263012,80.22673035,62215,62225,10
12.87236023,80.22673035,62225,62236,11
12.87164974,80.22670746,62236,62246,10
12.87080002,80.22666168,62246,62256,10
12.86977005,80.22657013,62256,62266,10
12.86861992,80.22644043,62266,62276,10
12.86744976,80.22647095,62276,62286,10
12.86629963,80.22657776,62286,62296,10
12.86515999,80.22662354,62296,62306,10
12.86398983,80.22657013,62306,62316,10
12.86283016,80.22654724,62316,62327,11
12.86153984,80.22662354,62327,62337,10
12.86098957,80.22662354,62337,62347,10
12.86081028,80.22662354,62347,62357,10
12.86028004,80.2265625,62357,62367,10
12.85947037,80.2264328,62367,62377,10
12.85849953,80.22631073,62377,62387,10
12.85737991,80.22631073,62387,62397,10
12.85624027,80.22641754,62397,62407,10
12.85507965,80.22653961,62407,62418,11
12.85379028,80.22666931,62418,62428,10
12.8526001,80.22672272,62428,62438,10
12.85136986,80.22666168,62438,62448,10
12.85015965,80.22662354,62448,62458,10
12.84895039,80.22662354,62458,62468,10
12.84770966,80.22662354,62468,62478,10
12.84654045,80.22662354,62478,62488,10
12.84582996,80.22663879,62488,62498,10
12.84517002,80.22666168,62498,62519,21
12.84517002,80.22666168,62519,62529,10
12.8449297,80.22666931,62529,62539,10
12.84434032,80.22672272,62539,62549,10
12.84352016,80.2268219,62549,62559,10
12.84249973,80.22698975,62559,62569,10
12.8413496,80.22727203,62569,62579,10
12.84033012,80.22754669,62579,62589,10
12.83990002,80.22773743,62589,62600,11
12.83971977,80.22782135,62600,62610,10
12.83934975,80.22792053,62610,62620,10
12.83870983,80.22801971,62620,62630,10
12.83788967,80.22820282,62630,62640,10
12.83683968,80.22837067,62640,62650,10
12.83568001,80.22855377,62650,62660,10
12.83448982,80.22872925,62660,62670,10
12.83331013,80.2289505,62670,62680,10
12.83238983,80.22914124,62680,62691,11
12.83222961,80.22917175,62691,62701,10
12.83201981,80.22921753,62701,62711,10
12.83168983,80.22927856,62711,62721,10
12.83106995,80.22944641,62721,62731,10
12.83022976,80.22973633,62731,62741,10
12.82919025,80.23014069,62741,62751,10
12.82812977,80.23068237,62751,62761,10
12.82707024,80.23123932,62761,62771,10
12.82588959,80.23139954,62771,62782,11
12.82454014,80.23136902,62782,62792,10
12.82336044,80.23104095,62792,62802,10
12.82217979,80.23065948,62802,62812,10
12.82098961,80.23046875,62812,62822,10
12.81995964,80.23049164,62822,62832,10
12.81902027,80.23049164,62832,62842,10
12.81795979,80.23005676,62842,62852,10
12.81682014,80.229599,62852,62862,10
12.81562042,80.22937775,62862,62873,11
12.81429958,80.22918701,62873,62883,10
12.81313992,80.22885132,62883,62893,10
12.81198978,80.22843933,62893,62903,10
12.81083965,80.22801971,62903,62913,10
12.80970955,80.22753906,62913,62923,10
12.80869961,80.22689056,62923,62933,10
12.80774975,80.22609711,62933,62943,10
12.80681992,80.22530365,62943,62953,10
12.80599976,80.2245636,62953,62964,11
12.80537987,80.22412109,62964,62974,10
12.80508041,80.22402191,62974,62984,10
12.80451965,80.22392273,62984,62994,10
12.80387974,80.22387695,62994,63004,10
12.8031702,80.22382355,63004,63014,10
12.80224037,80.22368622,63014,63024,10
12.80156994,80.22364044,63024,63034,10
12.8009901,80.22358704,63034,63044,10
12.80076981,80.22355652,63044,63055,11
12.80010986,80.22348785,63055,63065,10
12.79930019,80.22342682,63065,63075,10
12.79823017,80.22329712,63075,63085,10
12.79701042,80.2231369,63085,63095,10
12.79603004,80.22296143,63095,63105,10
12.79582024,80.22292328,63105,63115,10
12.79537964,80.22283936,63115,63125,10
12.79463959,80.22270966,63125,63135,10
12.79372025,80.22257996,63135,63146,11
12.79249954,80.22238159,63146,63156,10
12.79137993,80.22210693,63156,63166,10
12.79026031,80.2218399,63166,63176,10
12.78927994,80.2215271,63176,63186,10
12.78855038,80.22126007,63186,63196,10
12.78827,80.22115326,63196,63206,10
12.78806973,80.22104645,63206,63216,10
12.78754997,80.22087097,63216,63257,41
12.78754997,80.22087097,63257,63267,10
12.78734016,80.22077942,63267,63277,10
12.78719997,80.22071838,63277,63287,10
12.78697968,80.22065735,63287,63297,10
12.78662014,80.22051239,63297,63307,10
12.78629017,80.22038269,63307,63338,31
12.78629017,80.22038269,63338,63348,10
12.78619003,80.22038269,63348,63358,10
12.78616047,80.22065735,63358,63368,10
12.78617954,80.22109222,63368,63378,10
12.78619003,80.22116089,63378,63388,10
12.7862196,80.22149658,63388,63398,10
12.78627968,80.22177887,63398,63409,11
12.78625011,80.2219162,63409,63419,10
12.78629017,80.222229,63419,64369,950
12.78629017,80.222229,64369,64379,10
12.78629971,80.22202301,64379,64389,10
12.78627014,80.2218399,64389,64400,11
12.7862196,80.22149658,64400,64410,10
12.78619957,80.22125244,64410,64420,10
12.78617001,80.22075653,64420,64470,50
12.78617001,80.22075653,64470,64481,11
12.78619003,80.22039795,64481,64491,10
12.78656006,80.22049713,64491,64511,20
12.78656006,80.22049713,64511,64521,10
12.78668022,80.22054291,64521,64531,10
12.78693962,80.22064972,64531,64541,10
12.78715038,80.22071838,64541,64551,10
12.78757954,80.2208786,64551,64561,10
12.78781986,80.22096252,64561,64572,11
12.78802967,80.22106171,64572,64582,10
12.78855038,80.22126007,64582,64592,10
12.78913975,80.22148132,64592,64602,10
12.78954983,80.22161865,64602,64612,10
12.78989983,80.22174072,64612,64622,10
12.79059982,80.2219162,64622,64632,10
12.79150009,80.22215271,64632,64642,10
12.79253006,80.22238922,64642,64652,10
12.79351997,80.22254944,64652,64663,11
12.79461956,80.22271729,64663,64673,10
12.79535961,80.22284698,64673,64683,10
12.79599953,80.22296143,64683,64693,10
12.79664993,80.22306824,64693,64703,10
12.79705048,80.22312164,64703,64713,10
12.79757977,80.22322083,64713,64723,10
12.79843998,80.22332764,64723,64733,10
12.79934978,80.22342682,64733,64743,10
12.80023003,80.22351074,64743,64754,11
12.8011198,80.22360229,64754,64764,10
12.80202007,80.22368622,64764,64774,10
12.80298996,80.22382355,64774,64784,10
12.80389023,80.22390747,64784,64794,10
12.80461979,80.22396088,64794,64804,10
12.80531979,80.22409821,64804,64814,10
12.80554962,80.22418213,64814,64824,10
12.80572033,80.22428131,64824,64834,10
12.80615997,80.22464752,64834,64845,11
12.80688,80.22530365,64845,64855,10
12.80772972,80.22602844,64855,64865,10
12.80862999,80.22679138,64865,64875,10
12.80959988,80.22747803,64875,64885,10
12.81066036,80.22794342,64885,64895,10
12.81177998,80.22836304,64895,64905,10
12.81289959,80.2287674,64905,64915,10
12.81400967,80.22911835,64915,64925,10
12.81515026,80.22933197,64925,64936,11
12.8164196,80.22950745,64936,64946,10
12.81750965,80.22981262,64946,64956,10
12.81838036,80.23023224,64956,64966,10
12.81917953,80.23049927,64966,64976,10
12.81976032,80.23046875,64976,64986,10
12.81984997,80.23046875,64986,64996,10
12.82026005,80.23046112,64996,65006,10
12.8210001,80.23043823,65006,65016,10
12.82192039,80.23056793,65016,65027,11
12.82312012,80.23094177,65027,65037,10
12.82425022,80.23123169,65037,65047,10
12.82540989,80.23139954,65047,65057,10
12.82660007,80.2313385,65057,65067,10
12.82767963,80.2309494,65067,65077,10
12.82855988,80.23040771,65077,65087,10
12.82952023,80.22995758,65087,65097,10
12.83104038,80.22939301,65097,65138,41
12.83104038,80.22939301,65138,65148,10
12.83123016,80.2293396,65148,65158,10
12.83131027,80.22930908,65158,65168,10
12.83148003,80.22927094,65168,65178,10
12.83176041,80.22918701,65178,65188,10
12.83222961,80.22907257,65188,65198,10
12.83290958,80.22894287,65198,65209,11
12.83378029,80.22878265,65209,65219,10
12.83465958,80.22862244,65219,65229,10
12.83559036,80.22846985,65229,65239,10
12.83648014,80.22834015,65239,65249,10
12.83736992,80.22820282,65249,65259,10
12.83804035,80.22808075,65259,65269,10
12.83883953,80.22786713,65269,65279,10
12.83922005,80.2277298,65279,65289,10
12.8394804,80.22760773,65289,65320,31
12.8394804,80.22760773,65320,65330,10
12.83969975,80.22750854,65330,65340,10
12.84016037,80.22747803,65340,65350,10
12.84070015,80.22736359,65350,65360,10
12.84134007,80.22718811,65360,65370,10
12.84202957,80.22701263,65370,65380,10
12.84280014,80.22686005,65380,65391,11
12.84368992,80.22670746,65391,65401,10
12.84445953,80.22663116,65401,65411,10
12.8453598,80.2265625,65411,65441,30
12.8453598,80.2265625,65441,65451,10
12.84556961,80.22654724,65451,65461,10
12.84595966,80.22654724,65461,65471,10
12.84654045,80.22653961,65471,65482,11
12.84737968,80.22653961,65482,65492,10
12.84815979,80.22653961,65492,65502,10
12.84891987,80.22653198,65502,65512,10
12.85009003,80.22650909,65512,65532,20
12.85009003,80.22650909,65532,65542,10
12.85015965,80.22653198,65542,65552,10
12.85054016,80.22653961,65552,65562,10
12.85112953,80.22657013,65562,65573,11
12.85194016,80.22660828,65573,65583,10
12.85239983,80.22666168,65583,65593,10
12.85278034,80.22666931,65593,65603,10
12.85344028,80.22663879,65603,65613,10
12.85422993,80.22654724,65613,65623,10
12.85511971,80.22646332,65623,65633,10
12.85614014,80.22634888,65633,65643,10
12.85723019,80.22622681,65643,65653,10
12.85820961,80.22619629,65653,65664,11
12.85914993,80.22628784,65664,65674,10
12.86015987,80.22644043,65674,65684,10
12.86075974,80.22650146,65684,65694,10
12.86087036,80.22651672,65694,65704,10
12.8613596,80.22653961,65704,65714,10
12.86225033,80.22650146,65714,65724,10
12.86341,80.22647095,65724,65734,10
12.86474037,80.22653198,65734,65744,10
12.86614037,80.22653198,65744,65755,11
12.86765003,80.22640228,65755,65765,10
12.86903954,80.22640991,65765,65775,10
12.87042046,80.2265625,65775,65785,10
12.87170029,80.22663879,65785,65795,10
12.87263012,80.22663879,65795,65805,10
12.87283993,80.22663116,65805,65815,10
12.87290955,80.22663879,65815,65825,10
12.87345982,80.22666931,65825,65835,10
12.8744297,80.22676849,65835,65846,11
12.87545967,80.22689819,65846,65856,10
12.87675953,80.22688293,65856,65876,20
12.87675953,80.22688293,65876,65885,9
12.87697983,80.22688293,65885,65896,11
12.87773991,80.2268219,65896,65906,10
12.87868023,80.22675323,65906,65916,10
12.87979984,80.22670746,65916,65927,11
12.88115978,80.2266922,65927,65937,10
12.88247013,80.22667694,65937,65947,10
12.88376045,80.22666168,65947,65957,10
12.88484955,80.22663879,65957,65967,10
12.88519001,80.22664642,65967,65977,10
12.88553047,80.22670746,65977,65987,10
12.88624001,80.22691345,65987,65997,10
12.88718987,80.22714233,65997,66007,10
12.88831997,80.22727966,66007,66018,11
12.88963032,80.22730255,66018,66028,10
12.89095974,80.22731018,66028,66038,10
12.89229965,80.2273407,66038,66048,10
12.8933897,80.22747803,66048,66058,10
12.89412022,80.22756958,66058,66068,10
12.89501953,80.22762299,66068,66078,10
12.89595032,80.22766113,66078,66088,10
12.89694977,80.22769928,66088,66098,10
12.89803982,80.22776794,66098,66109,11
12.89885998,80.22781372,66109,66119,10
12.89957047,80.22785187,66119,66129,10
12.90009022,80.22782135,66129,66139,10
12.90017986,80.22782135,66139,66149,10
12.90040016,80.22782898,66149,66159,10
12.90044022,80.22783661,66159,66169,10
12.90069008,80.2278595,66169,66179,10
12.90108967,80.2279129,66179,66189,10
12.90143967,80.22794342,66189,66200,11
12.90200043,80.22798157,66200,66210,10
12.90256023,80.22799683,66210,66220,10
12.90310955,80.22798157,66220,66230,10
12.90312004,80.22798157,66230,66240,10
12.90326023,80.22798157,66240,66250,10
12.90375042,80.22805786,66250,66260,10
12.90437031,80.22808838,66260,66270,10
12.9051199,80.22814178,66270,66280,10
12.90575027,80.22815704,66280,66331,51
12.90575027,80.22815704,66331,66341,10
12.90600967,80.22823334,66341,66351,10
12.90625,80.22823334,66351,66361,10
12.90666008,80.22825623,66361,66371,10
12.90688038,80.22827911,66371,66382,11
12.90723038,80.22834015,66382,66392,10
12.90804958,80.22846985,66392,66402,10
12.90911961,80.2286377,66402,66412,10
12.91040039,80.22885132,66412,66422,10
12.91170979,80.22902679,66422,66432,10
12.91296959,80.22918701,66432,66442,10
12.91384983,80.22928619,66442,66452,10
12.91394043,80.22930145,66452,66462,10
12.91432953,80.22936249,66462,66473,11
12.91522026,80.22949982,66473,66483,10
12.91619015,80.2296524,66483,66493,10
12.91722012,80.22979736,66493,66503,10
12.91827965,80.22994232,66503,66513,10
12.91944027,80.23008728,66513,66523,10
12.92041016,80.23020935,66523,66533,10
12.92183971,80.23040009,66533,66542,9
12.92294025,80.2305603,66542,66553,11
12.92428017,80.23074341,66553,66564,11
12.92562962,80.23091125,66564,66574,10
12.92689037,80.23105621,66574,66584,10
12.92811012,80.2312088,66584,66594,10
12.92930984,80.23140717,66594,66604,10
12.93048,80.23168945,66604,66614,10
12.93163013,80.23204041,66614,66624,10
12.93276024,80.23242188,66624,66634,10
12.93346977,80.23271179,66634,66644,10
12.93348026,80.23271942,66644,66655,11
12.93373013,80.23287964,66655,66665,10
12.93428993,80.23313141,66665,66675,10
12.93507957,80.23348236,66675,66685,10
12.9360199,80.23390961,66685,66695,10
12.93706036,80.23442078,66695,66705,10
12.93813992,80.23491669,66705,66715,10
12.93918037,80.23544312,66715,66725,10
12.93953991,80.23561859,66725,66735,10
12.93959999,80.23565674,66735,66746,11
12.94005966,80.23586273,66746,66756,10
12.94079018,80.2360611,66756,66766,10
12.94165993,80.23626709,66766,66776,10
12.9426899,80.23660278,66776,66786,10
12.94359016,80.23731232,66786,66796,10
12.94439983,80.23819733,66796,66806,10
12.94524956,80.23908234,66806,66816,10
12.94633961,80.23964691,66816,66826,10
12.94715977,80.2399826,66826,66837,11
12.94723988,80.24001312,66837,66847,10
12.94748974,80.2401123,66847,66857,10
12.94804001,80.24034119,66857,66867,10
12.94878006,80.24066162,66867,66877,10
12.9495697,80.2409668,66877,66887,10
12.9503603,80.24118042,66887,66897,10
12.95090008,80.24131775,66897,66907,10
12.95090961,80.24131775,66907,66917,10
12.95123959,80.24143982,66917,66928,11
12.95186996,80.24166107,66928,66938,10
12.95259953,80.2419281,66938,66948,10
12.9534502,80.24227905,66948,66958,10
12.95442009,80.24266815,66958,66968,10
12.95512009,80.24297333,66968,66978,10
12.95584011,80.24321747,66978,66988,10
12.95629025,80.24334717,66988,67019,31
12.95629025,80.24334717,67019,67029,10
12.95656013,80.24344635,67029,67039,10
12.95718002,80.24372864,67039,67049,10
12.95788002,80.24404144,67049,67059,10
12.95855045,80.24430084,67059,67069,10
12.95868015,80.24436188,67069,67079,10
12.95882034,80.24443054,67079,67089,10
12.9593401,80.24469757,67089,67100,11
12.96028042,80.24510193,67100,67110,10
12.9612999,80.24556732,67110,67120,10
12.96222019,80.24601746,67120,67130,10
12.96290016,80.24635315,67130,67160,30
12.96290016,80.24635315,67160,67170,10
12.96313953,80.246521,67170,67180,10
12.96348,80.24665833,67180,67191,11
12.96385956,80.2468338,67191,67201,10
12.96442032,80.24703979,67201,67211,10
12.96512985,80.24729156,67211,67221,10
12.96590042,80.24756622,67221,67231,10
12.96675968,80.24790955,67231,67251,20
12.96675968,80.24790955,67251,67261,10
12.96679974,80.24793243,67261,67271,10
12.96720982,80.24815369,67271,67282,11
12.96807957,80.24851227,67282,67292,10
12.96901989,80.24889374,67292,67302,10
12.96994972,80.24928284,67302,67312,10
12.97093964,80.24964142,67312,67322,10
12.97202015,80.24993896,67322,67332,10
12.97307968,80.25022125,67332,67342,10
12.97416019,80.25050354,67342,67352,10
12.97527981,80.2508316,67352,67362,10
12.97640991,80.25115967,67362,67373,11
12.97747993,80.25160217,67373,67383,10
12.97824955,80.25219727,67383,67393,10
12.97856045,80.25237274,67393,67403,10
12.97869968,80.25243378,67403,67413,10
12.97914982,80.25256348,67413,67423,10
12.97935009,80.25258636,67423,67433,10
12.97943974,80.25260162,67433,67443,10
12.9799099,80.25266266,67443,67453,10
12.98050976,80.25266266,67453,67464,11
12.98126984,80.2526474,67464,67474,10
12.98209,80.25263214,67474,67484,10
12.9829998,80.25257874,67484,67494,10
12.98390007,80.25240326,67494,67504,10
12.98472023,80.25215912,67504,67524,20
12.98472023,80.25215912,67524,67534,10
12.98497009,80.25209808,67534,67544,10
12.98558998,80.25192261,67544,67555,11
12.98633957,80.25173187,67555,67565,10
12.98680019,80.25160217,67565,67575,10
12.98733044,80.2514267,67575,67585,10
12.98766994,80.25134277,67585,67595,10
12.98826027,80.25119781,67595,67605,10
12.98908997,80.25096893,67605,67615,10
12.98943043,80.25087738,67615,67625,10
12.9896698,80.25084686,67625,67635,10
12.99036026,80.25067902,67635,67646,11
12.99133968,80.2504425,67646,67656,10
12.99234009,80.25019073,67656,67666,10
12.99343967,80.24990082,67666,67676,10
12.99456024,80.24961853,67676,67686,10
12.99567986,80.24932861,67686,67696,10
12.99645996,80.24910736,67696,67706,10
12.99670982,80.2490387,67706,67716,10
12.99707031,80.2489624,67716,67725,9
12.99777985,80.24878693,67725,67737,12
12.99888039,80.2485199,67737,67747,10
12.99997044,80.2482605,67747,67757,10
13.00109959,80.24797821,67757,67767,10
13.00207043,80.24772644,67767,67777,10
13.00294018,80.24755859,67777,67787,10
13.00382042,80.24742889,67787,67797,10
13.0047102,80.24730682,67797,67807,10
13.00557041,80.24713898,67807,67817,10
13.00627041,80.24681854,67817,67828,11
13.00648975,80.24642181,67828,67838,10
13.0065403,80.24630737,67838,67848,10
13.00658035,80.24584961,67848,67858,10
13.00658035,80.24530029,67858,67868,10
13.00656033,80.24503326,67868,67878,10
13.0065403,80.24475861,67878,67888,10
13.0065403,80.24465179,67888,67898,10
13.00656033,80.24427795,67898,67908,10
13.00654984,80.24388123,67908,67919,11
13.00654984,80.24355316,67919,67929,10
13.00652027,80.24305725,67929,67939,10
13.0065403,80.24243164,67939,67949,10
13.0065403,80.24146271,67949,67959,10
13.00660038,80.24079132,67959,67969,10
13.00666046,80.24018097,67969,67979,10
13.00681019,80.23953247,67979,67989,10
13.00699043,80.23872375,67989,68000,11
13.00722027,80.23767853,68000,68010,10
13.00734997,80.23696899,68010,68030,20
13.00734997,80.23696899,68030,68040,10
13.00747967,80.23658752,68040,68050,10
13.00761986,80.23583221,68050,68060,10
13.00782013,80.23478699,68060,68070,10
13.00804043,80.23365784,68070,68080,10
13.00825977,80.23251343,68080,68091,11
13.00848961,80.23126221,68091,68101,10
13.00870037,80.2301712,68101,68111,10
13.00891018,80.22913361,68111,68121,10
13.00916004,80.22808075,68121,68131,10
13.00959969,80.2270813,68131,68141,10
13.01008987,80.22608185,68141,68151,10
13.01049995,80.2252121,68151,68161,10
13.01095963,80.22412872,68161,68182,21
13.01095963,80.22412872,68182,68192,10
13.01103973,80.22395325,68192,68202,10
13.01123047,80.22348785,68202,68212,10
13.01148033,80.22290039,68212,68222,10
13.01175976,80.22210693,68222,68232,10
13.01214027,80.22147369,68232,68242,10
13.01239967,80.22171021,68242,68252,10
13.01294994,80.22238922,68252,68262,10
13.01352024,80.22302246,68262,68273,11
13.01418018,80.22382355,68273,68283,10
13.01474953,80.22440338,68283,68293,10
13.01519966,80.22476196,68293,68303,10
13.01550007,80.22492218,68303,68313,10
13.01566029,80.2250824,68313,68323,10
13.01568031,80.22512054,68323,68333,10
13.01605988,80.22532654,68333,68343,10
13.0167799,80.22519684,68343,68353,10
13.01762009,80.22486115,68353,68364,11
13.01858044,80.22447968,68364,68374,10
13.01941013,80.22432709,68374,68404,30
13.01941013,80.22432709,68404,68414,10
13.01963043,80.22444916,68414,68424,10
13.01994991,80.22467804,68424,68434,10
13.02033043,80.22496796,68434,68444,10
13.02070045,80.22522736,68444,68455,11
13.02105999,80.22550964,68455,68465,10
13.02140045,80.22576904,68465,68475,10
13.02173996,80.22599792,68475,68485,10
13.0221796,80.22634888,68485,68495,10
13.02258015,80.22669983,68495,68505,10
13.02297974,80.22705078,68505,68515,10
13.02315998,80.22721863,68515,68525,10
13.02328014,80.22734833,68525,68535,10
13.02340031,80.22747803,68535,68546,11
13.02373981,80.2277832,68546,68556,10
13.02412033,80.22810364,68556,68626,70
13.02435017,80.22837067,68626,68738,112
13.02435017,80.22837067,68738,68748,10
13.02433014,80.2285614,68748,68758,10
13.02412033,80.22846985,68758,68768,10
13.02379036,80.22805786,68768,68778,10
13.02342987,80.22773743,68778,69294,516
13.02342987,80.22773743,69294,69304,10
13.02311993,80.22737122,69304,69314,10
13.02293015,80.22718811,69314,69324,10
13.02283955,80.22708893,69324,69334,10
13.02256966,80.22679901,69334,69355,21
13.02256966,80.22679901,69355,69365,10
13.02219963,80.22646332,69365,69375,10
13.02169991,80.22606659,69375,69385,10
13.02116966,80.22566986,69385,69395,10
13.02058983,80.22522736,69395,69405,10
13.02007008,80.22489166,69405,69415,10
13.01990986,80.22476959,69415,69425,10
13.01970959,80.22464752,69425,69436,11
13.01912022,80.22444916,69436,69446,10
13.01834965,80.224617,69446,69456,10
13.01751995,80.2249527,69456,69466,10
13.01667023,80.22530365,69466,69476,10
13.01591015,80.22557831,69476,69486,10
13.01509953,80.22589111,69486,69496,10
13.01439953,80.2261734,69496,69506,10
13.01420021,80.22627258,69506,69516,10
13.01408005,80.22631836,69516,69527,11
13.0135498,80.22650146,69527,69537,10
13.01282024,80.22676849,69537,69547,10
13.01198959,80.22711182,69547,69557,10
13.0110302,80.22749329,69557,69567,10
13.00998974,80.22789764,69567,69577,10
13.00918007,80.22834778,69577,69587,10
13.00895977,80.22921753,69587,69597,10
13.00876045,80.23026276,69597,69607,10
13.00854969,80.23135376,69607,69618,11
13.00833988,80.23253632,69618,69628,10
13.00823021,80.2333374,69628,69638,10
13.00819969,80.23352051,69638,69648,10
13.00817013,80.23361206,69648,69658,10
13.00807953,80.23397827,69658,69668,10
13.00796032,80.23457336,69668,69678,10
13.00780964,80.2353363,69678,69688,10
13.00767994,80.23594666,69688,69698,10
13.00759029,80.2364502,69698,69709,11
13.00753975,80.23677063,69709,69719,10
13.00747967,80.23708344,69719,69729,10
13.00737953,80.23753357,69729,69739,10
13.00732994,80.23783112,69739,69749,10
13.00728035,80.23813629,69749,69759,10
13.00716972,80.23864746,69759,69769,10
13.00712967,80.23886108,69769,69779,10
13.00704956,80.23925781,69779,69789,10
13.00701046,80.23953247,69789,69800,11
13.00689983,80.23986053,69800,69810,10
13.00677967,80.24046326,69810,69820,10
13.00669003,80.24108887,69820,69830,10
13.00667953,80.24185181,69830,69840,10
13.00669003,80.24259186,69840,69850,10
13.00667953,80.24299622,69850,69870,20
13.00667953,80.24299622,69870,69880,10
13.00667953,80.24343872,69880,69891,11
13.00667953,80.24391937,69891,69901,10
13.00667953,80.2441864,69901,69911,10
13.00667,80.24434662,69911,69951,40
13.00666046,80.24468994,69951,69971,20
13.00666046,80.24468994,69971,69982,11
13.00664043,80.24491882,69982,69992,10
13.00666046,80.24520111,69992,70002,10
13.00667953,80.24562836,70002,70012,10
13.00669956,80.24606323,70012,70022,10
13.00671005,80.24664307,70022,70032,10
13.00667953,80.24717712,70032,70042,10
13.00625992,80.24739838,70042,70052,10
13.00617027,80.24742889,70052,70062,10
13.00601006,80.24742889,70062,70073,11
13.00535965,80.24739838,70073,70083,10
13.00457954,80.24745941,70083,70093,10
13.00366974,80.24755096,70093,70103,10
13.00267982,80.24771881,70103,70113,10
13.00162029,80.24796295,70113,70123,10
13.00047016,80.24822998,70123,70133,10
12.99930954,80.24848938,70133,70143,10
12.99812984,80.2487793,70143,70154,11
12.99680042,80.24913025,70154,70166,12
12.99536037,80.24951935,70166,70176,10
12.99417973,80.24981689,70176,70186,10
12.99308968,80.25007629,70186,70196,10
12.99205971,80.25034332,70196,70206,10
12.99125957,80.25055695,70206,70216,10
12.99096966,80.25063324,70216,70226,10
12.99077034,80.25067902,70226,70236,10
12.99013996,80.2508316,70236,70247,11
12.98915005,80.251091,70247,70257,10
12.98789978,80.25144958,70257,70339,82
12.98789978,80.25144958,70339,70349,10
12.98781967,80.25147247,70349,70359,10
12.98723984,80.25157928,70359,70369,10
12.98631954,80.25183868,70369,70379,10
12.9854002,80.25206757,70379,70389,10
12.98429966,80.25235748,70389,70399,10
12.98313046,80.25260925,70399,70409,10
12.98182964,80.25267792,70409,70419,10
12.98069954,80.25270844,70419,70430,11
12.97966957,80.25274658,70430,70440,10
12.97879982,80.25266266,70440,70450,10
12.97858047,80.25258636,70450,70460,10
12.97834015,80.25244141,70460,70470,10
12.97784042,80.25200653,70470,70480,10
12.97710991,80.25144196,70480,70490,10
12.97605991,80.25108337,70490,70500,10
12.9749403,80.25074768,70500,70510,10
12.97379017,80.25041962,70510,70521,11
12.97247982,80.25007629,70521,70531,10
12.97130013,80.24977875,70531,70541,10
12.97019958,80.24944305,70541,70551,10
12.96914005,80.24902344,70551,70561,10
12.96809959,80.24859619,70561,70571,10
12.96714973,80.24819946,70571,70581,10
12.96638012,80.24781799,70581,70591,10
12.96562004,80.24752045,70591,70601,10
12.96535015,80.24745941,70601,70612,11
12.96529007,80.24749756,70612,70622,10
12.9648304,80.24729919,70622,70632,10
12.96407032,80.24700165,70632,70642,10
12.96341991,80.24671936,70642,70652,10
12.96265984,80.24632263,70652,70662,10
12.96175957,80.2458725,70662,70672,10
12.96072006,80.24537659,70672,70682,10
12.95979023,80.24497986,70682,70692,10
12.95954037,80.24488068,70692,70703,11
12.95944977,80.24481964,70703,70713,10
12.95890045,80.24456787,70713,70723,10
12.9581604,80.2442627,70723,70733,10
12.95759964,80.24404144,70733,70743,10
12.95691013,80.24382019,70743,70753,10
12.95646,80.2436676,70753,70763,10
12.9563303,80.24362183,70763,70773,10
12.95582008,80.24336243,70773,70783,10
12.95508957,80.24295807,70783,70794,11
12.95440006,80.24266815,70794,70804,10
12.95388985,80.24247742,70804,70814,10
12.95326042,80.24221802,70814,70824,10
12.95258999,80.24195862,70824,70833,9
12.95184994,80.24167633,70833,70844,11
12.95145988,80.24160004,70844,70854,10
12.95116043,80.24147797,70854,70864,10
12.95040989,80.24124146,70864,70874,10
12.9491396,80.24085999,70874,70915,41
12.9491396,80.24085999,70915,70925,10
12.94869041,80.24064636,70925,70935,10
12.94793987,80.24034119,70935,70945,10
12.94717026,80.24004364,70945,70955,10
12.94686985,80.23992157,70955,70965,10
12.94664001,80.23980713,70965,70976,11
12.94598007,80.23953247,70976,70986,10
12.94519997,80.23911285,70986,70996,10
12.94447994,80.23835754,70996,71006,10
12.94369984,80.23751831,71006,71016,10
12.94285965,80.23671722,71016,71026,10
12.94171047,80.23625946,71026,71036,10
12.94083977,80.23606873,71036,71046,10
12.93978024,80.23578644,71046,71056,10
12.93970013,80.23574829,71056,71067,11
12.93914032,80.23547363,71067,71077,10
12.93830013,80.23503876,71077,71087,10
12.93731022,80.23454285,71087,71097,10
12.9363203,80.23406219,71097,71107,10
12.93579006,80.23381042,71107,71117,10
12.93570042,80.23375702,71117,71127,10
12.93517971,80.23355103,71127,71137,10
12.93387032,80.23297882,71137,71158,21
12.93387032,80.23297882,71158,71168,10
12.93360996,80.23284149,71168,71178,10
12.93292999,80.23252869,71178,71188,10
12.93204975,80.23220062,71188,71198,10
12.93101025,80.23184967,71198,71208,10
12.92986012,80.23152924,71208,71218,10
12.9287796,80.23136139,71218,71228,10
12.92765999,80.23119354,71228,71239,11
12.92644978,80.23105621,71239,71249,10
12.92603016,80.23101807,71249,71259,10
12.92582989,80.23098755,71259,71269,10
12.92521954,80.23091125,71269,71279,10
12.9243803,80.23081207,71279,71289,10
12.92337036,80.23065948,71289,71299,10
12.92224979,80.23049164,71299,71309,10
12.92103958,80.23033142,71309,71319,10
12.9198103,80.2301712,71319,71330,11
12.91843033,80.22998047,71330,71340,10
12.91718006,80.22982025,71340,71350,10
12.91594028,80.2296524,71350,71360,10
12.91471958,80.22947693,71360,71370,10
12.91386032,80.22937012,71370,71380,10
12.91335011,80.22934723,71380,71390,10
12.91331005,80.22933197,71390,71400,10
12.91308022,80.22926331,71400,71410,10
12.91242981,80.22917175,71410,71421,11
12.91145039,80.22902679,71421,71431,10
12.91042995,80.22888184,71431,71441,10
12.9093399,80.22869873,71441,71451,10
12.90826035,80.22853088,71451,71461,10
12.90723991,80.2283783,71461,71501,40
12.90723991,80.2283783,71501,71512,11
12.90715981,80.22840881,71512,71522,10
12.90680027,80.22836304,71522,71532,10
12.90647984,80.22831726,71532,71542,10
12.90641022,80.22828674,71542,71552,10
12.90594959,80.22827148,71552,71562,10
12.90522003,80.22821808,71562,71572,10
12.90433979,80.2281723,71572,71582,10
12.90334034,80.2281189,71582,71592,10
12.90227985,80.22805786,71592,71603,11
12.90132046,80.2279892,71603,71613,10
12.90069962,80.22794342,71613,71623,10
12.90042019,80.22792053,71623,71633,10
12.89945984,80.22789001,71633,71653,20
12.89945984,80.22789001,71653,71663,10
12.89943027,80.22788239,71663,71673,10
12.89904022,80.22785187,71673,71683,10
12.89838982,80.22781372,71683,71694,11
12.89750004,80.22776031,71694,71704,10
12.89653969,80.22772217,71704,71714,10
12.89550018,80.22766876,71714,71724,10
12.89445019,80.22763062,71724,71734,10
12.89350986,80.22754669,71734,71744,10
12.89301014,80.22747803,71744,71764,20
12.89301014,80.22747803,71764,71774,10
12.8926897,80.22743988,71774,71785,11
12.8924799,80.22741699,71785,71795,10
12.89218998,80.22740173,71795,71805,10
12.89136028,80.22737885,71805,71815,10
12.89025021,80.22737885,71815,71825,10
12.88904953,80.22737885,71825,71835,10
12.88788033,80.22731781,71835,71845,10
12.8867197,80.22712708,71845,71855,10
12.88558006,80.22685242,71855,71865,10
12.8847599,80.22676086,71865,71876,11
12.88465023,80.22675323,71876,71886,10
12.8844099,80.22672272,71886,71896,10
12.88391018,80.22670746,71896,71906,10
12.88313961,80.22670746,71906,71916,10
12.88222027,80.22670746,71916,71926,10
12.88117981,80.22672272,71926,71936,10
12.8800602,80.22672272,71936,71946,10
12.87887955,80.22676086,71946,71956,10
12.87771988,80.22683716,71956,71967,11
12.8767004,80.22695923,71967,71977,10
12.87650967,80.22698212,71977,71987,10
12.87631989,80.22698212,71987,71997,10
12.87570953,80.22695923,71997,72007,10
12.87487984,80.22688293,72007,72017,10
12.87386036,80.22676086,72017,72027,10
12.8728199,80.22673035,72027,72037,10
12.87244034,80.22672272,72037,72047,10
12.87187004,80.22670746,72047,72058,11
12.87092018,80.22666168,72058,72068,10
12.86991024,80.22657776,72068,72078,10
12.86880016,80.22644806,72078,72088,10
12.86769962,80.22646332,72088,72098,10
12.86668015,80.2265625,72098,72108,10
12.86561012,80.22660828,72108,72118,10
12.86450005,80.22657013,72118,72128,10
12.86345005,80.22653198,72128,72138,10
12.86235046,80.22657013,72138,72149,11
12.86122036,80.22663116,72149,72159,10
12.86104012,80.22662354,72159,72169,10
12.86061001,80.22657776,72169,72179,10
12.85988998,80.22647858,72179,72189,10
12.8591404,80.22637177,72189,72199,10
12.85881042,80.22631836,72199,72209,10
12.85820961,80.22628784,72209,72219,10
12.85727978,80.22631836,72219,72230,11
12.85606956,80.22644043,72230,72240,10
12.85488987,80.2265625,72240,72250,10
12.85367966,80.22667694,72250,72260,10
12.85243034,80.22672272,72260,72270,10
12.85144997,80.22666931,72270,72280,10
12.85052967,80.22663879,72280,72290,10
12.84994984,80.22663879,72290,72300,10
12.8499403,80.22663879,72300,72310,10
12.84947968,80.22662354,72310,72321,11
12.84862995,80.22660828,72321,72331,10
12.84786034,80.22660065,72331,72341,10
12.84712029,80.22660828,72341,72351,10
12.84619045,80.22662354,72351,72361,10
12.84543037,80.22663116,72361,72371,10
12.84531021,80.22662354,72371,72381,10
12.84514046,80.22659302,72381,72391,10
12.84453011,80.22663116,72391,72401,10
12.84366989,80.22672272,72401,72412,11
12.84255028,80.22692108,72412,72422,10
12.8414402,80.22718811,72422,72432,10
12.84041977,80.2274704,72432,72442,10
12.83990955,80.22763062,72442,72452,10
12.83965969,80.22770691,72452,72462,10
12.83953953,80.22776031,72462,72472,10
12.83907986,80.22788239,72472,72482,10
12.83837032,80.22805023,72482,72492,10
12.83759975,80.22820282,72492,72503,11
12.8365097,80.22837067,72503,72513,10
12.83535957,80.2285614,72513,72523,10
12.83417034,80.2287674,72523,72533,10
12.83298016,80.22898865,72533,72543,10
12.8322897,80.22914124,72543,72553,10
12.83220959,80.22914886,72553,72563,10
12.83174992,80.22924042,72563,72573,10
12.83111954,80.22937775,72573,72583,10
12.8302803,80.22969055,72583,72594,11
12.8291502,80.23013306,72594,72604,10
12.82810974,80.23066711,72604,72614,10
12.82705975,80.2312088,72614,72624,10
12.82590961,80.23137665,72624,72634,10
12.82472038,80.23137665,72634,72644,10
12.82357979,80.23108673,72644,72654,10
12.82244015,80.23074341,72654,72664,10
12.82133961,80.23047638,72664,72674,10
12.82021999,80.23046875,72674,72685,11
12.81896019,80.23046875,72685,72695,10
12.81789017,80.2300415,72695,72705,10
12.81684017,80.22960663,72705,72715,10
12.81579971,80.22940826,72715,72725,10
12.81464005,80.22924805,72725,72735,10
12.81348038,80.22898865,72735,72745,10
12.81245995,80.2286377,72745,72755,10
12.81140041,80.22827911,72755,72765,10
12.81033039,80.22783661,72765,72776,11
12.80918026,80.22727966,72776,72786,10
12.80825996,80.22654724,72786,72796,10
12.80737019,80.22577667,72796,72806,10
12.80655956,80.22505951,72806,72816,10
12.80576992,80.22437286,72816,72826,10
12.80512047,80.22402954,72826,72836,10
12.80490017,80.22399902,72836,72846,10
12.80475044,80.22396088,72846,72856,10
12.80420017,80.22389984,72856,72867,11
12.80340958,80.22383881,72867,72877,10
12.80266953,80.22376251,72877,72887,10
12.80177975,80.22364044,72887,72897,10
12.80101013,80.22360229,72897,72907,10
12.80068016,80.22357941,72907,72917,10
12.80002975,80.22351074,72917,72927,10
12.79920959,80.22345734,72927,72937,10
12.79817963,80.22332764,72937,72947,10
12.79699993,80.22315216,72947,72958,11
12.79590988,80.22296906,72958,72968,10
12.79578972,80.22293854,72968,72978,10
12.79537964,80.22286987,72978,72988,10
12.79463005,80.2227478,72988,72998,10
12.79368973,80.22261047,72998,73008,10
12.79265022,80.22245789,73008,73018,10
12.79176044,80.22225952,73018,73028,10
12.79100037,80.22206116,73028,73038,10
12.79024029,80.22186279,73038,73049,11
12.78969002,80.22173309,73049,73059,10
12.78938007,80.22160339,73059,73069,10
12.78899956,80.22142792,73069,73079,10
12.78845978,80.22122955,73079,73089,10
12.78794003,80.22102356,73089,73099,10
12.7874403,80.22084045,73099,73109,10
12.78693962,80.22064972,73109,73119,10
12.78662014,80.22052002,73119,73129,10
12.78635025,80.22039795,73129,73200,71
12.78635025,80.22039795,73200,73210,10
12.78614044,80.22049713,73210,73261,51
12.78614044,80.22049713,73261,73271,10
12.78614998,80.22093964,73271,73281,10
12.78617001,80.22142029,73281,73291,10
12.78614998,80.2219162,73291,74576,1285
12.78614998,80.2219162,74576,74586,10
12.7862196,80.22174072,74586,74596,10
12.78617954,80.22141266,74596,74606,10
12.78616047,80.22102356,74606,74616,10
12.78612995,80.22068787,74616,74646,30
12.78612995,80.22068787,74646,74657,11
12.78616047,80.2203598,74657,74697,40
12.78616047,80.2203598,74697,74707,10
12.78664017,80.22051239,74707,74717,10
12.78711987,80.22070313,74717,74727,10
12.78771019,80.22090912,74727,74737,10
12.78827953,80.221138,74737,74748,11
12.78899956,80.22141266,74748,74758,10
12.78981972,80.22171021,74758,74768,10
12.79084015,80.2219696,74768,74778,10
12.79197025,80.22225189,74778,74788,10
12.79318047,80.22248077,74788,74798,10
12.79440975,80.22264862,74798,74808,10
12.79563999,80.22286224,74808,74818,10
12.79664993,80.22303772,74818,74828,10
12.79784012,80.22324371,74828,74839,11
12.79901028,80.22335815,74839,74849,10
12.80023003,80.22345734,74849,74859,10
12.80132961,80.22355652,74859,74869,10
12.80243969,80.22367859,74869,74879,10
12.80338955,80.22380066,74879,74889,10
12.80414963,80.22386169,74889,74899,10
12.80488968,80.22395325,74899,74909,10
12.80547047,80.22409821,74909,74919,10
12.80605984,80.22453308,74919,74930,11
12.80677986,80.22516632,74930,74940,10
12.80749989,80.22577667,74940,74950,10
12.80823994,80.2264328,74950,74960,10
12.80904007,80.2270813,74960,74970,10
12.80933952,80.22727966,74970,74980,10
12.80970001,80.22749329,74980,74990,10
12.81025028,80.2277298,74990,75000,10
12.81095028,80.22801971,75000,75011,11
12.81194019,80.22837067,75011,75021,10
12.81280041,80.22868347,75021,75031,10
12.81369019,80.22898865,75031,75041,10
12.81474972,80.22923279,75041,75051,10
12.81597042,80.22939301,75051,75061,10
12.81729984,80.22971344,75061,75071,10
12.81846046,80.23023224,75071,75081,10
12.81962013,80.23046875,75081,75091,10
12.82083988,80.23045349,75091,75102,11
12.82219028,80.23062134,75102,75112,10
12.82339954,80.23100281,75112,75122,10
12.82460022,80.23129272,75122,75132,10
12.82581997,80.23136902,75132,75142,10
12.82703018,80.23123169,75142,75152,10
12.82812023,80.23066711,75152,75162,10
12.82921028,80.23008728,75162,75172,10
12.83034039,80.22966003,75172,75182,10
12.83110046,80.2293396,75182,75193,11
12.83187008,80.22910309,75193,75203,10
12.83277035,80.22892761,75203,75213,10
12.83386993,80.22875214,75213,75223,10
12.83504009,80.2285614,75223,75233,10
12.83621979,80.2283783,75233,75243,10
12.83740997,80.22820282,75243,75253,10
12.83852959,80.22796631,75253,75263,10
12.83909988,80.22779083,75263,75273,10
12.83936977,80.22775269,75273,75284,11
12.83946991,80.22772217,75284,75294,10
12.83985996,80.22760773,75294,75304,10
12.84057999,80.22743225,75304,75314,10
12.84148026,80.22718048,75314,75324,10
12.8425703,80.22689819,75324,75334,10
12.84372997,80.2266922,75334,75344,10
12.84486008,80.2265625,75344,75354,10
12.8452301,80.22653961,75354,75364,10
12.84533978,80.22653198,75364,75375,11
12.84584045,80.22650909,75375,75385,10
12.84657955,80.22653198,75385,75395,10
12.84749985,80.22653198,75395,75405,10
12.84854031,80.22653198,75405,75415,10
12.84965992,80.22651672,75415,75425,10
12.85068035,80.22653198,75425,75435,10
12.85184002,80.2265625,75435,75445,10
12.85305023,80.22660828,75445,75455,10
12.85426044,80.22651672,75455,75466,11
12.85558987,80.22637939,75466,75476,10
12.85682011,80.22624207,75476,75486,10
12.85807991,80.2261734,75486,75496,10
12.85925961,80.22628021,75496,75506,10
12.86044025,80.22644806,75506,75516,10
12.86081982,80.22647858,75516,75526,10
12.86110973,80.22647858,75526,75536,10
12.86184025,80.22647858,75536,75546,10
12.86279964,80.22644043,75546,75557,11
12.86406994,80.22646332,75557,75567,10
12.86532021,80.22650909,75567,75577,10
12.86655045,80.22646332,75577,75587,10
12.86775017,80.22633362,75587,75597,10
12.8688097,80.22633362,75597,75607,10
12.86989975,80.22646332,75607,75617,10
12.87115002,80.22659302,75617,75627,10
12.87269974,80.22660828,75627,75648,21
12.87269974,80.22660828,75648,75658,10
12.87283993,80.22657776,75658,75668,10
12.87357044,80.22663879,75668,75678,10
12.87464046,80.22676086,75678,75688,10
12.8758297,80.22688293,75688,75698,10
12.87660027,80.22688293,75698,75708,10
12.87691975,80.22682953,75708,75718,10
12.87771034,80.22676849,75718,75728,10
12.87872982,80.22669983,75728,75739,11
12.87996006,80.22667694,75739,75749,10
12.88115978,80.22666168,75749,75759,10
12.88239956,80.22664642,75759,75769,10
12.88368034,80.22663879,75769,75779,10
12.88473034,80.22662354,75779,75789,10
12.88537025,80.22666931,75789,75799,10
12.88615036,80.22685242,75799,75809,10
12.88702965,80.2270813,75809,75819,10
12.88792992,80.22721863,75819,75830,11
12.88914013,80.22728729,75830,75840,10
12.89033985,80.22727966,75840,75850,10
12.89150047,80.22727966,75850,75860,10
12.89212036,80.22727203,75860,75870,10
12.89220047,80.22727203,75870,75880,10
12.89264011,80.22733307,75880,75890,10
12.89328003,80.22740173,75890,75900,10
12.89410973,80.22750854,75900,75910,10
12.8950901,80.22756195,75910,75921,11
12.89628983,80.22760773,75921,75931,10
12.89743996,80.22766113,75931,75941,10
12.89852047,80.22773743,75941,75951,10
12.89953995,80.2277832,75951,75961,10
12.90028,80.22781372,75961,75971,10
12.90052986,80.22781372,75971,75981,10
12.90073013,80.22781372,75981,76022,41
12.90073013,80.22781372,76022,76032,10
12.90089989,80.22782135,76032,76042,10
12.90143967,80.22789001,76042,76052,10
12.90213966,80.22792816,76052,76062,10
12.90248966,80.22795868,76062,76072,10
12.90281963,80.22798157,76072,76082,10
12.90351963,80.22801971,76082,76092,10
12.90437984,80.22805786,76092,76103,11
12.90538979,80.22811127,76103,76113,10
12.90627003,80.22814941,76113,76123,10
12.90678024,80.22820282,76123,76133,10
12.90694046,80.22821045,76133,76143,10
12.90769005,80.22833252,76143,76153,10
12.90876007,80.228508,76153,76163,10
12.90997982,80.22870636,76163,76173,10
12.91129017,80.22891235,76173,76183,10
12.9126997,80.22910309,76183,76194,11
12.91388035,80.22924805,76194,76204,10
12.91493034,80.22940063,76204,76214,10
12.91615009,80.22958374,76214,76224,10
12.91740036,80.22975922,76224,76234,10
12.91866016,80.22992706,76234,76244,10
12.91993999,80.23010254,76244,76254,10
12.92123985,80.23026276,76254,76264,10
12.92253971,80.23046112,76264,76274,10
12.92385006,80.23065186,76274,76285,11
12.92529964,80.2308197,76285,76295,10
12.92665005,80.23097992,76295,76305,10
12.9279604,80.23114014,76305,76315,10
12.92907047,80.23130798,76315,76325,10
12.93000031,80.23152161,76325,76335,10
12.9309597,80.23175812,76335,76345,10
12.93202972,80.23210144,76345,76355,10
12.93307972,80.23248291,76355,76365,10
12.93367004,80.23274231,76365,76376,11
12.93373013,80.23275757,76376,76386,10
12.93422031,80.23300171,76386,76396,10
12.93498039,80.23335266,76396,76406,10
12.9357996,80.23371124,76406,76416,10
12.93665028,80.23412323,76416,76426,10
12.93764019,80.23459625,76426,76436,10
12.93869019,80.23512268,76436,76446,10
12.93964005,80.23560333,76446,76456,10
12.9398098,80.235672,76456,76467,11
12.94036007,80.23587799,76467,76477,10
12.94122982,80.23610687,76477,76487,10
12.94225979,80.23636627,76487,76497,10
12.94328976,80.23692322,76497,76507,10
12.94414043,80.23782349,76507,76517,10
12.94501019,80.2387619,76517,76527,10
12.94602013,80.23947144,76527,76537,10
12.94713974,80.23992157,76537,76548,11
12.94828033,80.24040222,76548,76558,10
12.9489603,80.24067688,76558,76588,30
12.9489603,80.24067688,76588,76598,10
12.94904995,80.24075317,76598,76608,10
12.94958019,80.24092865,76608,76618,10
12.95036983,80.24115753,76618,76628,10
12.95125961,80.24143219,76628,76639,11
12.95230961,80.24181366,76639,76649,10
12.95331955,80.24220276,76649,76659,10
12.95419025,80.24255371,76659,76669,10
12.95497036,80.24285889,76669,76679,10
12.95571995,80.24314117,76679,76689,10
12.95631981,80.24329376,76689,76700,11
12.95652008,80.24336243,76700,76709,9
12.95695972,80.24356842,76709,76720,11
12.9575901,80.24389648,76720,76731,11
12.95843983,80.24427032,76731,76741,10
12.95901966,80.24453735,76741,76751,10
12.9597702,80.24488068,76751,76761,10
12.9607296,80.24530029,76761,76771,10
12.96179008,80.2457962,76771,76781,10
12.96290016,80.24635315,76781,76791,10
12.96374035,80.2467804,76791,76801,10
12.96457958,80.24710083,76801,76811,10
12.96560001,80.24743652,76811,76822,11
12.96656036,80.24781799,76822,76832,10
12.96671009,80.24787903,76832,76842,10
12.96706009,80.24807739,76842,76852,10
12.96782017,80.24842072,76852,76862,10
12.96881962,80.24881744,76862,76872,10
12.96996021,80.24926758,76872,76882,10
12.97117996,80.24970245,76882,76892,10
12.97243977,80.25003815,76892,76902,10
12.97367954,80.25035858,76902,76913,11
12.97506046,80.25074005,76913,76923,10
12.97630978,80.25110626,76923,76933,10
12.97751045,80.25154877,76933,76943,10
12.97844028,80.25228119,76943,76953,10
12.97873974,80.25241852,76953,76963,10
12.97912025,80.25254822,76963,76973,10
12.98007965,80.25266266,76973,76983,10
12.98099995,80.25263214,76983,76993,10
12.98196983,80.25260162,76993,77004,11
12.98316956,80.25254059,77004,77014,10
12.98427963,80.25228119,77014,77024,10
12.98521042,80.25202179,77024,77034,10
12.98589993,80.25182343,77034,77044,10
12.98641014,80.25170898,77044,77054,10
12.98674011,80.2516098,77054,77064,10
12.98676968,80.25160217,77064,77074,10
12.98717976,80.25148773,77074,77084,10
12.98766041,80.25134277,77084,77095,11
12.98814011,80.25124359,77095,77105,10
12.98900032,80.25102997,77105,77115,10
12.99003983,80.25076294,77115,77125,10
12.99104977,80.25050354,77125,77135,10
12.99215031,80.25022125,77135,77145,10
12.99324989,80.24994659,77145,77155,10
12.9942503,80.24968719,77155,77165,10
12.99534035,80.24942017,77165,77175,10
12.99647045,80.24912262,77175,77186,11
12.99775028,80.24880219,77186,77196,10
12.99890995,80.24849701,77196,77206,10
13.00010014,80.24820709,77206,77216,10
13.00129986,80.24790192,77216,77226,10
13.00249004,80.24761963,77226,77236,10
13.00370026,80.24742889,77236,77246,10
13.00492001,80.24727631,77246,77256,10
13.00588989,80.24703979,77256,77266,10
13.00640011,80.24658966,77266,77277,11
13.0064497,80.24646759,77277,77287,10
13.00652027,80.24622345,77287,77297,10
13.00654984,80.2456131,77297,77307,10
13.0065403,80.24485779,77307,77317,10
13.0065403,80.24414063,77317,77327,10
13.0065403,80.24333954,77327,77337,10
13.00650978,80.24247742,77337,77347,10
13.00650978,80.24141693,77347,77357,10
13.00656033,80.2405777,77357,77368,11
13.00660992,80.24024963,77368,77378,10
13.0067997,80.23959351,77378,77388,10
13.00697994,80.2387619,77388,77398,10
13.00716972,80.23786163,77398,77408,10
13.00734997,80.23708344,77408,77418,10
13.00736046,80.23696899,77418,77428,10
13.0074501,80.23660278,77428,77438,10
13.00757027,80.23597717,77438,77448,10
13.00771999,80.23519897,77448,77459,11
13.00788021,80.23439026,77459,77469,10
13.00804043,80.23358917,77469,77479,10
13.00823021,80.23265076,77479,77489,10
13.00844002,80.23155975,77489,77499,10
13.00862026,80.23059082,77499,77509,10
13.00883007,80.22956085,77509,77519,10
13.00903034,80.22859192,77519,77529,10
13.00936031,80.22766876,77529,77539,10
13.00977993,80.22676849,77539,77550,11
13.01035023,80.22557831,77550,77560,10
13.01074982,80.22476196,77560,77570,10
13.01101971,80.22406769,77570,77580,10
13.01126957,80.22350311,77580,77590,10
13.01136017,80.22328949,77590,77600,10
13.01140022,80.22315216,77600,77610,10
13.01158047,80.22264099,77610,77620,10
13.01187992,80.22187805,77620,77630,10
13.01231956,80.22161865,77630,77641,11
13.01278019,80.22223663,77641,77651,10
13.01336956,80.22283936,77651,77661,10
13.01393986,80.22348022,77661,77671,10
13.01451015,80.22412109,77671,77681,10
13.01513958,80.22476959,77681,77691,10
13.01560974,80.22509766,77691,77701,10
13.01572037,80.22524261,77701,77711,10
13.01620007,80.22537994,77711,77722,11
13.01702023,80.22512817,77722,77732,10
13.01786041,80.22479248,77732,77742,10
13.01871967,80.22442627,77742,77752,10
13.01926994,80.22434235,77752,77762,10
13.01928043,80.22434235,77762,77772,10
13.01937008,80.22438049,77772,77782,10
13.01980972,80.22463226,77782,77792,10
13.02035046,80.22503662,77792,77802,10
13.02093029,80.22547913,77802,77813,11
13.02165985,80.22602844,77813,77823,10
13.02241993,80.22664642,77823,77833,10
13.0230999,80.22724915,77833,77843,10
13.0235796,80.22769928,77843,77853,10
13.02398014,80.22811127,77853,77863,10
13.02427006,80.22840118,77863,77873,10
13.02437973,80.22852325,77873,77934,61
13.02437973,80.22852325,77934,77944,10
13.02425957,80.22865295,77944,77954,10
13.0240097,80.22834015,77954,77964,10
13.02355003,80.22781372,77964,77974,10
13.02293015,80.22724152,77974,77984,10
13.02219009,80.22657776,77984,77995,11
13.0214901,80.22599792,77995,78005,10
13.02089977,80.22554016,78005,78015,10
13.02013969,80.22499847,78015,78035,20
13.02013969,80.22499847,78035,78045,10
13.01994991,80.22486877,78045,78055,10
13.01947021,80.22457886,78055,78065,10
13.01871967,80.22454071,78065,78075,10
13.01793003,80.22485352,78075,78086,11
13.01698017,80.22524261,78086,78096,10
13.01640987,80.22547913,78096,78106,10
13.01583958,80.22566986,78106,78116,10
13.01517963,80.22592163,78116,78126,10
13.01484013,80.22601318,78126,78136,10
13.01441956,80.22612762,78136,78197,61
13.01441956,80.22612762,78197,78207,10
13.01420021,80.22619629,78207,78217,10
13.01410961,80.22612,78217,78227,10
13.01414013,80.22569275,78227,78308,81
13.01414013,80.22569275,78308,78318,10
13.01418018,80.22563171,78318,78328,10
13.0142498,80.22543335,78328,78338,10
