13.02637005,80.26637268,15,803,788
13.02618027,80.26629639,803,914,111
13.0264101,80.26631165,914,2075,1161
13.0264101,80.26631165,2075,2085,10
13.02626991,80.26644135,2085,2358,273
13.02643967,80.26625824,2358,2771,413
13.02630043,80.26629639,2771,4770,1999
13.02661037,80.26634216,4770,5245,475
13.02659035,80.26634216,5245,5477,232
13.02655029,80.26631165,5477,8041,2564
13.02643967,80.26629639,8041,8324,283
13.02649975,80.26624298,8324,10153,1829
13.02651024,80.26629639,10153,10355,202
13.02655029,80.26634216,10355,13293,2938
13.02632999,80.26638031,13293,13939,646
13.02651978,80.26629639,13939,20078,6139
13.02651024,80.26628113,20078,20220,142
13.02651024,80.26628113,20220,20230,10
13.02632999,80.26634979,20230,20240,10
13.02622986,80.26638794,20240,20250,10
13.02610016,80.2663269,20250,20260,10
13.02606964,80.26625061,20260,20270,10
13.02620029,80.26599884,20270,20280,10
13.02630997,80.26573944,20280,20290,10
13.02639008,80.26548767,20290,20533,243
13.02632999,80.26525879,20533,21643,1110
13.0264101,80.26537323,21643,23026,1383
13.0264101,80.26537323,23026,23036,10
13.02635956,80.26516724,23036,23046,10
13.02639961,80.26483917,23046,23056,10
13.02649975,80.26399994,23056,23077,21
13.02649975,80.26399994,23077,23087,10
13.02657986,80.2635498,23087,23097,10
13.02665043,80.26277924,23097,23107,10
13.02674961,80.26200104,23107,23117,10
13.02686977,80.26117706,23117,23127,10
13.02700996,80.26036835,23127,23137,10
13.02705002,80.25965881,23137,23147,10
13.0269804,80.25878143,23147,23157,10
13.02702999,80.25778198,23157,23167,10
13.02702045,80.25691223,23167,23178,11
13.02707958,80.2559967,23178,23198,20
13.02707958,80.2559967,23198,23208,10
13.02703953,80.25553894,23208,23218,10
13.02707958,80.25478363,23218,23228,10
13.0271101,80.25406647,23228,23238,10
13.02713966,80.25389862,23238,23248,10
13.02725029,80.25334167,23248,23258,10
13.02742004,80.2525177,23258,23268,10
13.02775002,80.25151825,23268,23279,11
13.02826977,80.25055695,23279,23289,10
13.0287199,80.24981689,23289,23299,10
13.02896976,80.24913788,23299,23309,10
13.02902985,80.24900818,23309,23319,10
13.02915955,80.24852753,23319,23329,10
13.0292902,80.24771881,23329,23339,10
13.0294199,80.2468338,23339,23350,11
13.02958012,80.24593353,23350,23361,11
13.02910042,80.24571991,23361,23371,10
13.02828979,80.24562836,23371,23382,11
13.02754974,80.24521637,23382,23392,10
13.0273304,80.24434662,23392,23402,10
13.02647018,80.24388885,23402,23412,10
13.02548027,80.24356079,23412,23423,11
13.02449036,80.24323273,23423,23433,10
13.02361965,80.24295044,23433,23443,10
13.02262974,80.24263763,23443,23453,10
13.02198029,80.24240875,23453,23463,10
13.02188015,80.24237823,23463,23473,10
13.02132034,80.2421875,23473,23483,10
13.0204401,80.24188995,23483,23494,11
13.01953983,80.24160004,23494,23504,10
13.01893997,80.24143219,23504,23514,10
13.01887035,80.24140167,23514,23524,10
13.01861,80.24131012,23524,23534,10
13.01791954,80.24108887,23534,23544,10
13.01696014,80.2408371,23544,23554,10
13.01591969,80.24062347,23554,23564,10
13.01533985,80.24054718,23564,23574,10
13.01449966,80.24046326,23574,23584,10
13.01338959,80.24041748,23584,23595,11
13.01191044,80.24044037,23595,23605,10
13.01047039,80.24047852,23605,23615,10
13.00903988,80.24049377,23615,23625,10
13.00771999,80.24040985,23625,23635,10
13.00681973,80.24021912,23635,23645,10
13.00687027,80.23957825,23645,23655,10
13.00702,80.23885345,23655,23665,10
13.00720024,80.23796082,23665,23675,10
13.00739002,80.23703766,23675,23685,10
13.00743008,80.23670197,23685,23695,10
13.00747967,80.23658752,23695,23706,11
13.00763035,80.23600006,23706,23716,10
13.0078001,80.23512268,23716,23726,10
13.0080204,80.23401642,23726,23736,10
13.00827026,80.23271942,23736,23746,10
13.00852966,80.23137665,23746,23756,10
13.00879955,80.23013306,23756,23766,10
13.00905991,80.22888947,23766,23776,10
13.00934982,80.22788239,23776,23786,10
13.01004028,80.22634888,23786,23796,10
13.01064014,80.22509766,23796,23807,11
13.01117992,80.22383118,23807,23816,9
13.01156044,80.22280884,23816,23827,11
13.01196957,80.22155762,23827,23837,10
13.01208973,80.22077942,23837,23847,10
13.0118103,80.21981812,23847,23856,9
13.0114603,80.21877289,23856,23867,11
13.01097965,80.21750641,23867,23877,10
13.01053047,80.21647644,23877,23887,10
13.01008034,80.21569824,23887,23897,10
13.0096302,80.21491241,23897,23908,11
13.0089798,80.2140274,23908,23918,10
13.00829029,80.21336365,23918,23938,20
13.00829029,80.21336365,23938,23948,10
13.00819016,80.21331787,23948,23958,10
13.00813007,80.21328735,23958,23968,10
13.00800037,80.21322632,23968,23978,10
13.00782013,80.21305847,23978,23988,10
13.0078001,80.21304321,23988,23998,10
13.00751019,80.21286011,23998,24008,10
13.00681019,80.21273804,24008,24019,11
13.00594044,80.21298218,24019,24029,10
13.00524044,80.21264648,24029,24039,10
13.00463963,80.21231842,24039,24049,10
13.00387955,80.21208191,24049,24059,10
13.00370979,80.2114563,24059,24069,10
13.00364017,80.21063232,24069,24079,10
13.00354004,80.20979309,24079,24089,10
13.00368023,80.20890808,24089,24099,10
13.00432968,80.20874023,24099,24108,9
13.00529003,80.20916748,24108,24120,12
13.00656033,80.20961761,24120,24130,10
13.00687027,80.20970154,24130,24140,10
13.00722027,80.20979309,24140,24150,10
13.00794029,80.20993805,24150,24160,10
13.0081501,80.20967102,24160,24170,10
13.00800037,80.20896912,24170,24180,10
13.00790024,80.20809937,24180,24190,10
13.00769997,80.20700836,24190,24200,10
13.00745964,80.20574188,24200,24210,10
13.00702953,80.20462799,24210,24219,9
13.00634003,80.20343781,24219,24231,12
13.00562,80.20223236,24231,24241,10
13.00477982,80.20140076,24241,24250,9
13.00434971,80.20124817,24250,24261,11
13.00419998,80.20121765,24261,24271,10
13.00360012,80.20098114,24271,24281,10
13.00269985,80.20069885,24281,24291,10
13.00181007,80.19996643,24291,24301,10
13.00166988,80.1991272,24301,24311,10
13.00187969,80.19774628,24311,24321,10
13.00174999,80.19650269,24321,24332,11
13.00086021,80.1953125,24332,24342,10
13.00008011,80.19429779,24342,24352,10
12.99927998,80.19332123,24352,24362,10
12.99841976,80.19228363,24362,24372,10
12.99752998,80.19114685,24372,24382,10
12.99660015,80.19000244,24382,24391,9
12.99573994,80.18894196,24391,24401,10
12.99507046,80.18766022,24401,24412,11
12.99456024,80.18666077,24412,24422,10
12.99419975,80.18598175,24422,24433,11
12.9939003,80.18537903,24433,24443,10
12.99359989,80.18482208,24443,24453,10
12.9932003,80.18412018,24453,24463,10
12.99277973,80.1833725,24463,24473,10
12.99227047,80.18258667,24473,24483,10
12.99184036,80.18196869,24483,24493,10
12.99151993,80.18151855,24493,24503,10
12.99094963,80.18080139,24503,24513,10
12.99020004,80.17984772,24513,24523,10
12.98945045,80.17890167,24523,24533,10
12.98851013,80.17765808,24533,24544,11
12.98766041,80.17648315,24544,24554,10
12.98696995,80.17549896,24554,24564,10
12.98655987,80.17491913,24564,24584,20
12.98655987,80.17491913,24584,24594,10
12.98647022,80.17481232,24594,24604,10
12.98620033,80.17440033,24604,24614,10
12.9857502,80.17375946,24614,24624,10
12.98519993,80.17292786,24624,24634,10
12.98453999,80.17191315,24634,24645,11
12.98386002,80.17080688,24645,24655,10
12.98318005,80.16970062,24655,24665,10
12.98243999,80.16847992,24665,24675,10
12.98169994,80.16732025,24675,24685,10
12.98106003,80.16613007,24685,24695,10
12.98044968,80.16488647,24695,24705,10
12.98003006,80.16355133,24705,24715,10
12.97937965,80.16220856,24715,24735,20
12.97937965,80.16220856,24735,24745,10
12.97916031,80.16187286,24745,24756,11
12.97858047,80.16107941,24756,24766,10
12.97786999,80.16001892,24766,24776,10
12.97710037,80.15886688,24776,24786,10
12.97636032,80.15769958,24786,24796,10
12.97560024,80.1565094,24796,24806,10
12.97480011,80.15534973,24806,24816,10
12.97402,80.15419769,24816,24826,10
12.97332954,80.15325165,24826,24846,20
12.97332954,80.15325165,24846,24857,11
12.97311974,80.15293121,24857,24867,10
12.9726696,80.15219116,24867,24877,10
12.9719696,80.15133667,24877,24887,10
12.97082996,80.15074921,24887,24897,10
12.96969986,80.15028381,24897,24907,10
12.96922016,80.15009308,24907,24917,10
12.96910954,80.14997864,24917,24927,10
12.96858025,80.14969635,24927,24937,10
12.96778011,80.14933014,24937,24947,10
12.96683979,80.14888763,24947,24957,10
12.96601963,80.14846039,24957,24968,11
12.96506023,80.14794922,24968,24978,10
12.96405983,80.14740753,24978,24994,16
12.96259975,80.14672089,24994,25006,12
12.9616003,80.14620209,25006,25016,10
12.96080971,80.14578247,25016,25025,9
12.96030045,80.14555359,25025,25036,11
12.95940018,80.14504242,25036,25046,10
12.95831013,80.1444397,25046,25056,10
12.95730019,80.14382172,25056,25066,10
12.95648956,80.14341736,25066,25076,10
12.95615005,80.14324188,25076,25088,12
12.95543957,80.1428299,25088,25098,10
12.9545002,80.1423111,25098,25108,10
12.9538002,80.141922,25108,25117,9
12.95326042,80.14163208,25117,25128,11
12.95275021,80.1413269,25128,25138,10
12.95254993,80.1411972,25138,25148,10
12.95236015,80.14105225,25148,25158,10
12.95189953,80.14070129,25158,25179,21
12.95189953,80.14070129,25179,25189,10
12.95182037,80.14058685,25189,25199,10
12.95139027,80.14026642,25199,25209,10
12.95079041,80.13983154,25209,25219,10
12.9506197,80.13973999,25219,25229,10
12.95044041,80.13960266,25229,25239,10
12.9500103,80.13923645,25239,25249,10
12.94937038,80.13865662,25249,25259,10
12.94851971,80.1379776,25259,25269,10
12.9476099,80.13735199,25269,25280,11
12.94645977,80.13648224,25280,25290,10
12.94532013,80.1355896,25290,25300,10
12.94416046,80.13468933,25300,25310,10
12.94311047,80.13375854,25310,25320,10
12.94215012,80.13278198,25320,25330,10
12.94112968,80.13175964,25330,25340,10
12.94011021,80.13072205,25340,25350,10
12.93908024,80.12978363,25350,25360,10
12.93822002,80.12909698,25360,25370,10
12.93787956,80.12880707,25370,25381,11
12.9375,80.12848663,25381,25391,10
12.93747997,80.12847137,25391,25401,10
12.93725014,80.12821198,25401,25411,10
12.93712044,80.12808228,25411,25421,10
12.9370203,80.12799072,25421,25431,10
12.93612003,80.12724304,25431,25471,40
12.93612003,80.12724304,25471,25481,10
12.93583012,80.12693787,25481,25492,11
12.93521023,80.12638092,25492,25502,10
12.9343996,80.12561798,25502,25512,10
12.93338966,80.12464142,25512,25522,10
12.93231964,80.12355804,25522,25532,10
12.93126011,80.12249756,25532,25542,10
12.93035984,80.12158203,25542,25552,10
12.92996025,80.12117004,25552,25562,10
12.92998028,80.12081146,25562,25572,10
12.93006039,80.12036133,25572,25582,10
12.9301796,80.11962128,25582,25593,11
12.93033028,80.11863708,25593,25603,10
12.93043995,80.11789703,25603,25613,10
12.93019009,80.11773682,25613,25623,10
12.92949963,80.11766815,25623,25633,10
12.92860031,80.11756897,25633,25643,10
12.92833042,80.1177597,25643,25653,10
12.92829037,80.11837769,25653,25663,10
12.92825031,80.11891174,25663,25683,20
12.92825031,80.11907959,25683,26643,960
12.92825031,80.11907959,26643,26653,10
12.92844009,80.11946106,26653,26673,20
12.92844009,80.11946106,26673,26683,10
12.92862034,80.11963654,26683,26693,10
12.92893982,80.11997223,26693,26703,10
12.92936993,80.12042236,26703,26713,10
12.92986965,80.12093353,26713,26723,10
12.9303503,80.1213913,26723,26733,10
12.93093014,80.12197876,26733,26744,11
12.93146992,80.12254333,26744,26754,10
12.93196011,80.12303925,26754,26764,10
12.9324398,80.1235199,26764,26774,10
12.93293953,80.12400055,26774,26784,10
12.93344021,80.1244812,26784,26794,10
12.93395042,80.12497711,26794,26804,10
12.93445015,80.12547302,26804,26814,10
12.93498039,80.12590027,26814,26824,10
12.93550014,80.1263504,26824,26834,10
12.93603992,80.12684631,26834,26905,71
12.93603992,80.12684631,26905,26921,16
12.93634033,80.12712097,26921,26933,12
12.93677044,80.12740326,26933,26941,8
12.93690014,80.12719727,26941,26953,12
12.93741035,80.12692261,26953,26964,11
12.93754005,80.12776184,26964,26984,20
12.93754005,80.12776184,26984,26993,9
12.93739986,80.12799072,26993,27004,11
12.93756008,80.12815094,27004,27014,10
12.93799973,80.12857819,27014,27024,10
12.93869019,80.12921143,27024,27034,10
12.93957043,80.12999725,27034,27044,10
12.94058037,80.13101196,27044,27054,10
12.94165039,80.1321106,27054,27065,11
12.94268036,80.13323975,27065,27075,10
12.94363022,80.13421631,27075,27085,10
12.94445038,80.1348877,27085,27095,10
12.94542027,80.13564301,27095,27113,18
12.94715977,80.13697052,27113,27125,12
12.94824982,80.1377182,27125,27133,8
12.94909,80.13829803,27133,27145,12
12.95049953,80.13935089,27145,27165,20
12.95049953,80.13935089,27165,27176,11
12.95065975,80.13950348,27176,27186,10
12.95137978,80.13996887,27186,27215,29
12.95137978,80.13996887,27215,27226,11
12.95156956,80.14009857,27226,27236,10
12.95201015,80.14044189,27236,27245,9
12.95215988,80.14073181,27245,27255,10
12.95256996,80.14108276,27255,27266,11
12.95277977,80.14125061,27266,27277,11
12.95347023,80.14163208,27277,27287,10
12.95438004,80.14206696,27287,27297,10
12.95538998,80.14257813,27297,27307,10
12.95608044,80.14292908,27307,27317,10
12.95617962,80.14296722,27317,27327,10
12.95641994,80.14311218,27327,27337,10
12.95699024,80.14341736,27337,27347,10
12.95777988,80.14385223,27347,27357,10
12.95872021,80.1443634,27357,27367,10
12.95985985,80.14497375,27367,27377,10
12.96109962,80.14563751,27377,27388,11
12.96251011,80.14644623,27388,27398,10
12.96380043,80.14714813,27398,27408,10
12.96500969,80.14781952,27408,27418,10
12.96609974,80.14839935,27418,27428,10
12.96700001,80.1488266,27428,27438,10
12.96755981,80.14910889,27438,27448,10
12.96807957,80.14936066,27448,27458,10
12.96875954,80.1496582,27458,27489,31
12.96875954,80.1496582,27489,27499,10
12.96879005,80.14968109,27499,27509,10
12.96910954,80.14987183,27509,27519,10
12.96971989,80.15016174,27519,27529,10
12.97049046,80.15052032,27529,27539,10
12.97134972,80.15091705,27539,27549,10
12.97179985,80.15113831,27549,27559,10
12.97212029,80.15131378,27559,27569,10
12.97255993,80.15180206,27569,27579,10
12.97297955,80.15241241,27579,27589,10
12.97342968,80.15306854,27589,27600,11
12.97395039,80.15386963,27600,27610,10
12.97447968,80.15463257,27610,27620,10
12.97502995,80.15544128,27620,27630,10
12.97558022,80.15628052,27630,27640,10
12.97616005,80.15712738,27640,27650,10
12.97677994,80.15802765,27650,27660,10
12.97735977,80.15886688,27660,27670,10
12.97795963,80.15975189,27670,27680,10
12.97856045,80.16059875,27680,27690,10
12.9790802,80.16132355,27690,27701,11
12.97964001,80.16207123,27701,27711,10
12.97996044,80.16252899,27711,27727,16
12.98003006,80.16265106,27727,27739,12
12.98005009,80.16271973,27739,27749,10
12.98011971,80.16306305,27749,27759,10
12.98027039,80.16358185,27759,27769,10
12.98052979,80.16442108,27769,27779,10
12.98089981,80.16533661,27779,27789,10
12.98141003,80.1662674,27789,27799,10
12.98173046,80.16677856,27799,27830,31
12.98173046,80.16677856,27830,27840,10
12.98192024,80.16708374,27840,27850,10
12.98225021,80.16767883,27850,27860,10
12.98272038,80.16847992,27860,27870,10
12.98326015,80.16938019,27870,27880,10
12.98377991,80.17025757,27880,27890,10
12.98402977,80.17069244,27890,27900,10
12.98410034,80.17086792,27900,27921,21
12.98410034,80.17086792,27921,27931,10
12.98419952,80.17101288,27931,27991,60
12.98439026,80.17134094,27991,28042,51
12.98439026,80.17134094,28042,28052,10
12.98453045,80.17165375,28052,28062,10
12.98462963,80.17182159,28062,28072,10
12.98466969,80.17189026,28072,28082,10
12.98474026,80.17204285,28082,28092,10
12.98480034,80.17221069,28092,28102,10
12.98507023,80.17263794,28102,28112,10
12.98552036,80.17328644,28112,28123,11
12.98610973,80.17414856,28123,28133,10
12.98647976,80.17469788,28133,28143,10
12.98649979,80.17474365,28143,28153,10
12.98663998,80.17494202,28153,28163,10
12.98700047,80.17546082,28163,28173,10
12.98752975,80.17617798,28173,28183,10
12.98818016,80.17709351,28183,28193,10
12.98892975,80.17809296,28193,28203,10
12.98974037,80.17915344,28203,28213,10
12.9905901,80.18022156,28213,28223,10
12.99145031,80.18132782,28223,28234,11
12.99240017,80.18260193,28234,28244,10
12.9931097,80.18377686,28244,28254,10
12.99378014,80.18495941,28254,28264,10
12.99438,80.18617249,28264,28274,10
12.99501038,80.18740082,28274,28284,10
12.99563026,80.18860626,28284,28294,10
12.99639034,80.18965149,28294,28304,10
12.99717999,80.1905365,28304,28314,10
12.99781036,80.19130707,28314,28324,10
12.99837971,80.19203186,28324,28334,10
12.99897957,80.19275665,28334,28344,10
12.99954987,80.19348907,28344,28355,11
13.0002203,80.19429779,28355,28365,10
13.00082016,80.19503021,28365,28375,10
13.00144005,80.19580078,28375,28385,10
13.00201988,80.19664001,28385,28395,10
13.00214005,80.19773865,28395,28405,10
13.00193024,80.19872284,28405,28415,10
13.00185966,80.19950104,28415,28425,10
13.00222969,80.20030212,28425,28435,10
13.00360012,80.20075226,28435,28466,31
13.00360012,80.20075226,28466,28476,10
13.00370026,80.20075226,28476,28486,10
13.00407982,80.20089722,28486,28496,10
13.0047102,80.20111847,28496,28506,10
13.00543976,80.20159149,28506,28516,10
13.00597,80.20240021,28516,28526,10
13.00646973,80.20310974,28526,28536,10
13.00714016,80.20352173,28536,28546,10
13.00794029,80.2036972,28546,28557,11
13.00848961,80.20333862,28557,28567,10
13.00811005,80.20281982,28567,28577,10
13.00759029,80.20323181,28577,28587,10
13.00765991,80.20406342,28587,28597,10
13.00765991,80.20500183,28597,28607,10
13.00772953,80.20610046,28607,28617,10
13.00794029,80.2073822,28617,28627,10
13.00815964,80.20861816,28627,28637,10
13.00842953,80.2097702,28637,28647,10
13.00877953,80.21047211,28647,28658,11
13.00911045,80.21076202,28658,28668,10
13.0092802,80.21092224,28668,28678,10
13.00940037,80.21105957,28678,28688,10
13.0092802,80.21128845,28688,28718,30
13.0092802,80.21128845,28718,28728,10
13.00911999,80.21141815,28728,28738,10
13.00909996,80.21174622,28738,28748,10
13.0092802,80.21234131,28748,28759,11
13.00955963,80.21311951,28759,28769,10
13.00984001,80.21383667,28769,28779,10
13.01012993,80.21457672,28779,28789,10
13.01025009,80.21546173,28789,28799,10
13.0105896,80.21634674,28799,28809,10
13.01097012,80.21717072,28809,28819,10
13.01142025,80.21820831,28819,28829,10
13.01191998,80.21949768,28829,28839,10
13.01229954,80.22074127,28839,28849,10
13.01243973,80.22147369,28849,28859,10
13.01264,80.22190857,28859,28870,11
13.01317978,80.22252655,28870,28880,10
13.01379013,80.22319031,28880,28889,9
13.0143404,80.22387695,28889,28900,11
13.01502991,80.2246933,28900,28910,10
13.01541996,80.22519684,28910,28920,10
13.01543999,80.2256012,28920,28930,10
13.01506042,80.22592926,28930,28940,10
13.0143404,80.22622681,28940,28950,10
13.01348972,80.22657776,28950,28960,10
13.01249981,80.22698212,28960,28970,10
13.0114603,80.22737122,28970,28981,11
13.01031971,80.22785187,28981,28991,10
13.00944996,80.22821808,28991,29001,10
13.0090704,80.22898102,29001,29011,10
13.00889015,80.22994232,29011,29021,10
13.00870991,80.23097992,29021,29031,10
13.00852013,80.23195648,29031,29041,10
13.00841045,80.2326889,29041,29051,10
13.00833035,80.23326111,29051,29092,41
13.00833035,80.23326111,29092,29108,16
13.0081501,80.23381805,29108,29120,12
13.00802994,80.23455811,29120,29130,10
13.00790024,80.23519897,29130,29140,10
13.00774002,80.2361908,29140,29150,10
13.00751972,80.23722839,29150,29160,10
13.00734997,80.2382431,29160,29170,10
13.00724983,80.23885345,29170,29180,10
13.00716019,80.23922729,29180,29191,11
13.00699043,80.24004364,29191,29210,19
13.00699043,80.24004364,29210,29221,11
13.00728035,80.24024963,29221,29231,10
13.00734997,80.24025726,29231,29241,10
13.00747967,80.24030304,29241,29251,10
13.00798035,80.2403717,29251,29261,10
13.00879955,80.24043274,29261,29271,10
13.0097599,80.24038696,29271,29281,10
13.01093006,80.24034882,29281,29292,11
13.01229,80.24034119,29292,29302,10
13.01354027,80.24033356,29302,29312,10
13.0148201,80.24041748,29312,29322,10
13.01620007,80.24060059,29322,29332,10
13.01739025,80.24088287,29332,29342,10
13.01863956,80.24127197,29342,29362,20
13.01863956,80.24127197,29362,29372,10
13.01877975,80.24137878,29372,29382,10
13.01928997,80.24150085,29382,29393,11
13.02019978,80.24176025,29393,29403,10
13.02118015,80.24207306,29403,29413,10
13.02221012,80.24240112,29413,29423,10
13.02326965,80.24272156,29423,29443,20
13.02326965,80.24272156,29443,29453,10
13.02357006,80.24282074,29453,29463,10
13.02404976,80.24299622,29463,29473,10
13.02443981,80.2431488,29473,29483,10
13.02499008,80.24334717,29483,29493,10
13.02556038,80.24355316,29493,29504,11
13.02639008,80.24382782,29504,29514,10
13.0272398,80.24417114,29514,29524,10
13.02764034,80.24504089,29524,29534,10
13.02808952,80.2455368,29534,29544,10
13.0291996,80.24562073,29544,29594,50
13.0291996,80.24562073,29594,29605,11
13.02956009,80.2455368,29605,29615,10
13.02962017,80.24588013,29615,29625,10
13.02950954,80.24645233,29625,29635,10
13.02935982,80.24719238,29635,29645,10
13.02927971,80.2478714,29645,29655,10
13.02915001,80.24868011,29655,29665,10
13.02902031,80.24920654,29665,29705,40
13.02898026,80.24951935,29705,29726,21
13.02898026,80.24951935,29726,29736,10
13.02890968,80.24977875,29736,29746,10
13.02857018,80.25026703,29746,29756,10
13.0281496,80.25102234,29756,29766,10
13.02772999,80.25182343,29766,29776,10
13.0274601,80.25263214,29776,29786,10
13.02737045,80.25318146,29786,29796,10
13.02731991,80.25334167,29796,29806,10
13.02727985,80.25361633,29806,29817,11
13.02717972,80.25424194,29817,29837,20
13.02717972,80.25424194,29837,29847,10
13.02719975,80.25463104,29847,29857,10
13.02715969,80.25536346,29857,29867,10
13.02713966,80.25624084,29867,29887,20
13.02713966,80.25624084,29887,29897,10
13.02711964,80.25672913,29897,29907,10
13.02709961,80.25739288,29907,29917,10
13.02709007,80.25839996,29917,29928,11
13.02707958,80.25930786,29928,29938,10
13.02703953,80.2602005,29938,29948,10
13.02692032,80.26100922,29948,29958,10
13.02682972,80.26171112,29958,29968,10
13.0267601,80.26245117,29968,29978,10
13.02668953,80.263237,29978,29988,10
13.02703953,80.26341248,29988,29998,10
13.02764988,80.2635498,29998,30008,10
13.02826977,80.26374054,30008,30018,10
13.02906036,80.26399231,30018,30028,10
13.02935982,80.26423645,30028,30039,11
13.02933979,80.26480865,30039,30049,10
13.02929974,80.26596069,30049,30069,20
13.02929974,80.26596069,30069,30079,10
13.02925968,80.26608276,30079,30089,10
13.02923965,80.2664566,30089,30099,10
13.02964973,80.26660156,30099,30109,10
13.03044987,80.26672363,30109,30119,10
13.0311203,80.26687622,30119,30129,10
13.03211021,80.26724243,30129,30140,11
13.03277969,80.26763916,30140,30150,10
13.03341007,80.26782227,30150,30160,10
13.03396034,80.26793671,30160,30180,20
13.03396034,80.26793671,30180,30190,10
13.03402996,80.26805878,30190,30200,10
13.03452015,80.26808167,30200,30210,10
13.03509998,80.26796722,30210,30220,10
13.03596973,80.26783752,30220,30230,10
13.03678036,80.26766205,30230,30241,11
13.03707981,80.26685333,30241,30252,11
13.03736019,80.26576233,30252,30262,10
13.03759956,80.2646637,30262,30272,10
13.03802013,80.26438141,30272,30282,10
13.0384798,80.26450348,30282,30292,10
13.03882027,80.26457214,30292,30302,10
13.03954029,80.26464844,30302,30312,10
13.04034042,80.26457214,30312,30322,10
13.04084015,80.26461029,30322,30332,10
13.04141998,80.26477051,30332,30342,10
13.04131985,80.26547241,30342,30352,10
13.04125977,80.26599884,30352,30363,11
13.0411396,80.26682281,30363,30373,10
13.04108047,80.26715851,30373,30383,10
13.04096985,80.2677002,30383,30399,16
13.04127979,80.26815033,30399,30411,12
13.04139996,80.26817322,30411,30421,10
13.04154015,80.26821899,30421,30431,10
13.04214954,80.26815796,30431,30441,10
13.04283047,80.2678833,30441,30451,10
13.04325008,80.26757813,30451,30461,10
13.04388046,80.26712036,30461,30472,11
13.04461956,80.26699066,30472,30482,10
13.04461956,80.26699066,30482,30492,10
13.04459,80.26783752,30492,30502,10
13.04452038,80.26882172,30502,30512,10
13.04438019,80.2696991,30512,30522,10
13.0441103,80.27091217,30522,30532,10
13.04380989,80.27230072,30532,30542,10
13.04364014,80.27327728,30542,30552,10
13.04360008,80.27342224,30552,30562,10
13.04353046,80.27358246,30562,30573,11
13.0434103,80.27427673,30573,30583,10
13.04333973,80.27519989,30583,30593,10
13.04333019,80.27601624,30593,30603,10
13.04337978,80.27696228,30603,30613,10
13.04337978,80.27767944,30613,30623,10
13.04337978,80.27770996,30623,30633,10
13.04335976,80.27783966,30633,30643,10
13.04335976,80.27850342,30643,30653,10
13.04339027,80.27944946,30653,30664,11
13.0441103,80.27984619,30664,30674,10
13.04483032,80.27996826,30674,30684,10
13.04584026,80.28011322,30684,30694,10
13.0468502,80.28028107,30694,30704,10
13.04810047,80.28044128,30704,30714,10
13.04946995,80.28063202,30714,30724,10
13.05080986,80.28082275,30724,30734,10
13.05220985,80.28103638,30734,30744,10
13.05368042,80.28125,30744,30754,10
13.05512047,80.28151703,30754,30764,10
13.05626011,80.28176117,30764,30774,10
13.05655956,80.28179932,30774,30785,11
13.05677986,80.28186035,30785,30795,10
13.0574398,80.28199768,30795,30805,10
13.05844975,80.28221893,30805,30815,10
13.05972004,80.28247833,30815,30825,10
13.06105995,80.28276062,30825,30835,10
13.06225967,80.28302002,30835,30845,10
13.06328964,80.28325653,30845,30855,10
13.06412029,80.28344727,30855,30865,10
13.06507969,80.28365326,30865,30875,10
13.0662899,80.28395081,30875,30886,11
13.06746006,80.28421783,30886,30895,9
13.06783962,80.28426361,30895,30906,11
13.06851959,80.28437042,30906,30916,10
13.06968975,80.28466034,30916,30926,10
13.07098961,80.2849884,30926,30935,9
13.07221985,80.28530121,30935,30946,11
13.07406044,80.28568268,30946,30966,20
13.07406044,80.28568268,30966,30976,10
13.07433033,80.28600311,30976,30986,10
13.07495975,80.28645325,30986,30997,11
13.0759201,80.28697968,30997,31007,10
13.07715988,80.287323,31007,31016,9
13.07839966,80.28762817,31016,31027,11
13.07956982,80.28803253,31027,31037,10
13.07997036,80.28807068,31037,31047,10
13.08043957,80.28822327,31047,31057,10
13.08117962,80.28845215,31057,31067,10
13.0821104,80.28874207,31067,31077,10
13.08304024,80.28916168,31077,31087,10
13.0841198,80.28916931,31087,31098,11
13.0852499,80.28913879,31098,31108,10
13.08638954,80.28939819,31108,31118,10
13.08751011,80.28977203,31118,31128,10
13.08835983,80.29010773,31128,31138,10
13.08883953,80.29017639,31138,31194,56
13.08883953,80.29017639,31194,31206,12
13.08878994,80.29029846,31206,31215,9
13.08858013,80.29042816,31215,31225,10
13.08796024,80.29012299,31225,31236,11
13.08705997,80.28977966,31236,31247,11
13.08615971,80.28955078,31247,31257,10
13.08563042,80.28926086,31257,31267,10
13.08528042,80.28865814,31267,31277,10
13.08510017,80.28768158,31277,31287,10
13.08518982,80.28653717,31287,31297,10
13.08530998,80.28540802,31297,31307,10
13.08528996,80.28437805,31307,31318,11
13.08539963,80.28379822,31318,31328,10
13.08547974,80.28360748,31328,31338,10
13.08555984,80.28353119,31338,31348,10
13.08586979,80.28353882,31348,31358,10
13.08631039,80.28357697,31358,31368,10
13.08658028,80.28382111,31368,31378,10
13.08677006,80.28394318,31378,31388,10
13.08693981,80.28394318,31388,31540,152
13.08683014,80.28379059,31540,32549,1009
13.08683014,80.28379059,32549,32559,10
13.0872097,80.2838974,32559,32569,10
13.08743954,80.28392029,32569,32579,10
13.08778954,80.28394318,32579,32670,91
13.08812046,80.28373718,32670,32690,20
13.08812046,80.28373718,32690,32701,11
13.08817959,80.28354645,32701,32711,10
13.08827972,80.28340912,32711,32721,10
13.08829975,80.28305054,32721,32731,10
13.08829021,80.28244781,32731,32741,10
13.08812046,80.28172302,32741,32751,10
13.08821011,80.28140259,32751,32761,10
13.08858967,80.28163147,32761,32771,10
13.08848,80.28218842,32771,32781,10
13.08841991,80.28250122,32781,32791,10
13.08833981,80.28305817,32791,32801,10
13.08835983,80.28383636,32801,32812,11
13.08845997,80.2851181,32812,32913,101
13.08845997,80.2851181,32913,32923,10
13.08850956,80.28560638,32923,32933,10
13.08854961,80.28608704,32933,32943,10
13.08858967,80.28649139,32943,32953,10
13.08858967,80.28695679,32953,32963,10
13.08862972,80.28749084,32963,32973,10
13.08868027,80.28785706,32973,32983,10
13.08874035,80.28849792,32983,32993,10
13.08874989,80.28869629,32993,33003,10
13.08880043,80.28945923,33003,33024,21
13.08880043,80.28945923,33024,33034,10
13.08880043,80.28986359,33034,33044,10
13.08880043,80.29026794,33044,33094,50
13.08880043,80.29026794,33094,33104,10
13.08872032,80.29051208,33104,33114,10
13.08843994,80.29038239,33114,33124,10
13.08778,80.29003906,33124,33135,11
13.08683968,80.28964996,33135,33145,10
13.08565998,80.2893219,33145,33155,10
13.0845499,80.28913879,33155,33165,10
13.08343983,80.2891922,33165,33175,10
13.08242989,80.28894806,33175,33185,10
13.08141994,80.28858185,33185,33195,10
13.08049965,80.28832245,33195,33205,10
13.07999992,80.28820038,33205,33215,10
13.07952976,80.28811646,33215,33225,10
13.07876015,80.28781891,33225,33236,11
13.07758045,80.28746796,33236,33246,10
13.07635975,80.28716278,33246,33256,10
13.07542038,80.28681946,33256,33266,10
13.07472992,80.28639984,33266,33276,10
13.07369995,80.28603363,33276,33286,10
13.07260036,80.28553772,33286,33295,9
13.07145977,80.28518677,33295,33306,11
13.06993008,80.28481293,33306,33316,10
13.06861973,80.28450775,33316,33326,10
13.06758022,80.28433228,33326,33336,10
13.06637955,80.28408051,33336,33347,11
13.06499004,80.28376007,33347,33357,10
13.06396961,80.28352356,33357,33367,10
13.0625,80.28314209,33367,33387,20
13.0625,80.28314209,33387,33397,10
13.06245995,80.28314209,33397,33407,10
13.06198025,80.28302765,33407,33417,10
13.06118011,80.28285217,33417,33427,10
13.06013966,80.28263855,33427,33437,10
13.05897045,80.28240204,33437,33448,11
13.05790043,80.28218079,33448,33458,10
13.05667973,80.28192902,33458,33478,20
13.05667973,80.28192902,33478,33488,10
13.05642033,80.28186035,33488,33498,10
13.0557003,80.28170776,33498,33508,10
13.05471039,80.2815094,33508,33518,10
13.05348015,80.28127289,33518,33528,10
13.05216026,80.28106689,33528,33538,10
13.05076981,80.28086853,33538,33548,10
13.04936028,80.28066254,33548,33559,11
13.04780006,80.28044128,33559,33569,10
13.04633999,80.28022766,33569,33579,10
13.04491043,80.28003693,33579,33589,10
13.04337978,80.27979279,33589,33700,111
13.04337978,80.27979279,33700,33710,10
13.04325962,80.27951813,33710,33720,10
13.04325962,80.278862,33720,33730,10
13.04325962,80.27748108,33730,33750,20
13.04325962,80.27748108,33750,33760,10
13.04329967,80.27725983,33760,33771,11
13.04331017,80.27658081,33771,33781,10
13.0433197,80.27574158,33781,33791,10
13.04335022,80.27461243,33791,33801,10
13.04356003,80.27342224,33801,33811,10
13.0437603,80.27232361,33811,33821,10
13.04401016,80.27111816,33821,33831,10
13.04421043,80.27010345,33831,33841,10
13.04450035,80.2685318,33841,33861,20
13.04450035,80.2685318,33861,33871,10
13.04454994,80.26837158,33871,33882,11
13.04395962,80.26831818,33882,33892,10
13.04302979,80.26824951,33892,33901,9
13.04240036,80.26817322,33901,33912,11
13.04174995,80.26824188,33912,33922,10
13.04094982,80.26821136,33922,33932,10
13.04045963,80.26805878,33932,33942,10
13.03997993,80.26782227,33942,33952,10
13.03946972,80.26764679,33952,33962,10
13.03882027,80.26760101,33962,33972,10
13.03800011,80.26763916,33972,33982,10
13.03724957,80.26760101,33982,34073,91
13.03724957,80.26760101,34073,34083,10
13.03693962,80.26756287,34083,34094,11
13.03647995,80.26766205,34094,34104,10
13.03588009,80.26776123,34104,34114,10
13.03538036,80.26785278,34114,34124,10
13.0350399,80.26789856,34124,34134,10
13.03433037,80.26799011,34134,34164,30
13.03433037,80.26799011,34164,34174,10
13.03388023,80.26792908,34174,34184,10
13.03337002,80.26782227,34184,34194,10
13.03299999,80.26776123,34194,34205,11
13.03264046,80.26761627,34205,34215,10
13.03234005,80.26746368,34215,34225,10
13.03176022,80.26715851,34225,34235,10
13.03110027,80.266922,34235,34245,10
13.03036022,80.26677704,34245,34255,10
13.02980042,80.26670074,34255,34265,10
13.02976036,80.26669312,34265,34275,10
13.02960968,80.26663208,34275,34285,10
13.02939034,80.2665863,34285,34295,10
13.0290699,80.26635742,34295,34306,11
13.02847958,80.26628113,34306,34316,10
13.02795982,80.2661972,34316,34326,10
13.02713966,80.2661438,34326,34336,10
13.02639961,80.26603699,34336,34346,10
13.02635956,80.26563263,34346,34356,10
13.02637005,80.2650528,34356,34366,10
13.02649021,80.26405334,34366,34386,20
13.02649021,80.26405334,34386,34396,10
13.02655983,80.26371765,34396,34406,10
13.02663994,80.26322937,34406,34417,11
13.02672958,80.26248169,34417,34427,10
13.02678013,80.2618866,34427,34437,10
13.02682972,80.26120758,34437,34446,9
13.02696991,80.2604599,34446,34457,11
13.02702045,80.25971985,34457,34467,10
13.02702045,80.25888062,34467,34477,10
13.02702045,80.25801086,34477,34487,10
13.02702045,80.25682831,34487,34568,81
13.02702045,80.25682831,34568,34578,10
13.02707005,80.25653076,34578,34588,10
13.02705956,80.25624847,34588,34598,10
13.02703953,80.25592041,34598,34608,10
13.02705002,80.25567627,34608,34618,10
13.02703953,80.25527191,34618,34629,11
13.02705956,80.25463867,34629,34639,10
13.02707005,80.2541275,34639,34669,30
13.02707005,80.2541275,34669,34679,10
13.02715969,80.25366211,34679,34689,10
13.02731037,80.25298309,34689,34699,10
13.02750015,80.25213623,34699,34709,10
13.0278101,80.25135803,34709,34719,10
13.02814007,80.25076294,34719,34730,11
13.02873993,80.24977112,34730,34750,20
13.02873993,80.24977112,34750,34760,10
13.02880955,80.24965668,34760,34770,10
13.02894974,80.24913788,34770,34780,10
13.02896976,80.2490387,34780,34790,10
13.02900982,80.24887848,34790,34800,10
13.02912045,80.24841309,34800,34810,10
13.02925968,80.24767303,34810,34820,10
13.02939987,80.24681091,34820,34830,10
13.02952003,80.24595642,34830,34841,11
13.02908039,80.24568939,34841,34851,10
13.02834988,80.24569702,34851,34861,10
13.02785969,80.2456131,34861,34871,10
13.02748966,80.24497223,34871,34881,10
13.02713966,80.24420166,34881,34891,10
13.02635956,80.2438736,34891,34901,10
13.02542973,80.24356079,34901,34911,10
13.02443981,80.24321747,34911,34921,10
13.02355957,80.24292755,34921,34931,10
13.02260017,80.24263763,34931,34941,10
13.02190971,80.24241638,34941,34952,11
13.02186012,80.24240112,34952,34962,10
13.02155972,80.24224854,34962,34972,10
13.0209198,80.24204254,34972,34982,10
13.0202198,80.2417984,34982,34992,10
13.01955986,80.24160004,34992,35002,10
13.01889038,80.24140167,35002,35022,20
13.01889038,80.24140167,35022,35032,10
13.01869965,80.24137115,35032,35042,10
13.01828957,80.24121857,35042,35053,11
13.01813984,80.24114227,35053,35063,10
13.01799011,80.24107361,35063,35073,10
13.01756001,80.24095917,35073,35083,10
13.01683044,80.24079132,35083,35093,10
13.01597977,80.24062347,35093,35103,10
13.01541996,80.24054718,35103,35113,10
13.01465988,80.24047089,35113,35123,10
13.01369953,80.24043274,35123,35133,10
13.01255989,80.24044037,35133,35143,10
13.01134014,80.24047089,35143,35153,10
13.01006985,80.24050903,35153,35164,11
13.0087204,80.2405014,35164,35174,10
13.00778961,80.24044037,35174,35184,10
13.00741959,80.24037933,35184,35204,20
13.00741959,80.24037933,35204,35214,10
13.00716019,80.2403717,35214,35224,10
13.00689983,80.24012756,35224,35234,10
13.00702,80.23951721,35234,35244,10
13.00708961,80.23863983,35244,35254,10
13.00726986,80.23767853,35254,35264,10
13.00741005,80.23670197,35264,35285,21
13.00741005,80.23670197,35285,35295,10
13.00747013,80.23644257,35295,35305,10
13.00759983,80.23586273,35305,35315,10
13.00776005,80.23503876,35315,35325,10
13.00796986,80.23406219,35325,35335,10
13.00823021,80.23282623,35335,35345,10
13.0085001,80.23143005,35345,35355,10
13.00876999,80.23001862,35355,35365,10
13.00901985,80.22878265,35365,35376,11
13.0095396,80.22724152,35376,35386,10
13.01010036,80.22602081,35386,35396,10
13.01070023,80.22486115,35396,35406,10
13.01113987,80.22383118,35406,35416,10
13.01132011,80.22328186,35416,35426,10
13.01132011,80.22325897,35426,35436,10
13.01140022,80.22306824,35436,35446,10
13.01154995,80.22276306,35446,35456,10
13.01175976,80.22200012,35456,35466,10
13.01210976,80.22104645,35466,35476,10
13.01198006,80.22023773,35476,35487,11
13.01163006,80.2191391,35487,35497,10
13.01123047,80.21801758,35497,35507,10
13.01074982,80.21691895,35507,35517,10
13.01027966,80.21607208,35517,35527,10
13.00990963,80.21530914,35527,35537,10
13.00965023,80.21489716,35537,35547,10
13.00916004,80.2142334,35547,35557,10
13.00866032,80.21357727,35557,35567,10
13.00837994,80.21338654,35567,35587,20
13.00837994,80.21338654,35587,35598,11
13.00819016,80.21327972,35598,35628,30
13.00819016,80.21327972,35628,35644,16
13.00786018,80.21308899,35644,35656,12
13.00714016,80.21278381,35656,35666,10
13.00650978,80.21276093,35666,35676,10
13.00572014,80.21292877,35676,35686,10
13.00496006,80.21248627,35686,35696,10
13.00417995,80.21218109,35696,35707,11
13.00376987,80.21204376,35707,35717,10
13.00372982,80.21177673,35717,35727,10
13.00372028,80.21127319,35727,35737,10
13.00366974,80.21060181,35737,35746,9
13.00358009,80.21002197,35746,35757,11
13.00358963,80.2092514,35757,35765,8
13.00368023,80.20879364,35765,35777,12
13.00434017,80.20871735,35777,35787,10
13.00504017,80.20905304,35787,35797,10
13.00562954,80.20932007,35797,35808,11
13.00613976,80.2095108,35808,35818,10
13.00685978,80.20973206,35818,35838,20
13.00685978,80.20973206,35838,35848,10
13.00708961,80.20983124,35848,35858,10
13.00753021,80.2098999,35858,35868,10
13.00792027,80.20996094,35868,35878,10
13.00794029,80.20996857,35878,35888,10
13.00811005,80.20996857,35888,35898,10
13.00807953,80.20947266,35898,35909,11
13.00794983,80.2085495,35909,35919,10
13.00778961,80.20742035,35919,35929,10
13.00759029,80.20638275,35929,35939,10
13.00736046,80.20542908,35939,35949,10
13.00701046,80.20458221,35949,35959,10
13.00658989,80.2037735,35959,35969,10
13.00605965,80.20304871,35969,35979,10
13.00576973,80.20250702,35979,35989,10
13.0054903,80.2019577,35989,35999,10
13.00481987,80.20142365,35999,36009,10
13.00434017,80.20124054,36009,36020,11
13.0042696,80.20123291,36020,36030,10
13.00378036,80.20101929,36030,36040,10
13.00298023,80.20075989,36040,36050,10
13.0021801,80.20039368,36050,36060,10
13.0017004,80.19966125,36060,36070,10
13.0017004,80.19904327,36070,36080,10
13.00183964,80.19825745,36080,36090,10
13.00193977,80.1973114,36090,36100,10
13.00164986,80.1963501,36100,36110,10
13.00098038,80.19548035,36110,36119,9
13.00035954,80.19470215,36119,36131,12
12.99954033,80.19374847,36131,36141,10
12.99907017,80.19315338,36141,36151,10
12.99857998,80.19249725,36151,36161,10
12.99792957,80.19168091,36161,36171,10
12.99726009,80.19081879,36171,36181,10
12.99662971,80.19010162,36181,36191,10
12.9960804,80.18963623,36191,36201,10
12.99592972,80.1894989,36201,36211,10
12.99569988,80.1890564,36211,36221,10
12.99530983,80.18826294,36221,36232,11
12.99473953,80.1871109,36232,36242,10
12.99425983,80.18611145,36242,36252,10
12.99403,80.18566895,36252,36262,10
12.99402046,80.18566132,36262,36272,10
12.99400043,80.18560791,36272,36282,10
12.99382019,80.1852417,36282,36292,10
12.99343014,80.18451691,36292,36302,10
12.99289036,80.18354797,36302,36312,10
12.9921999,80.18242645,36312,36322,10
12.99135017,80.1812973,36322,36332,10
12.99046993,80.18016815,36332,36343,11
12.98952007,80.17899323,36343,36353,10
12.98865986,80.1778717,36353,36363,10
12.98791981,80.17687225,36363,36373,10
12.98727989,80.1759491,36373,36383,10
12.98672962,80.17519379,36383,36393,10
12.98649025,80.17485046,36393,36403,10
12.98612022,80.17427063,36403,36413,10
12.98563957,80.17350769,36413,36423,10
12.98513031,80.1727829,36423,36433,10
12.98460007,80.17198181,36433,36444,11
12.9839201,80.17088318,36444,36454,10
12.98320007,80.16972351,36454,36464,10
12.98246002,80.16851807,36464,36474,10
12.98167992,80.16729736,36474,36484,10
12.98095989,80.16603851,36484,36494,10
12.98033047,80.16477203,36494,36504,10
12.97992992,80.16342163,36504,36514,10
12.97935963,80.16220093,36514,36534,20
12.97935963,80.16220093,36534,36544,10
12.97928047,80.16201782,36544,36555,11
12.97883034,80.16139221,36555,36565,10
12.97824001,80.16053772,36565,36575,10
12.97758007,80.15955353,36575,36585,10
12.97686005,80.15843964,36585,36595,10
12.97618961,80.15737152,36595,36605,10
12.97556019,80.15641785,36605,36615,10
12.97494984,80.15551758,36615,36625,10
12.97432995,80.15461731,36625,36635,10
12.97377968,80.15383911,36635,36645,10
12.97350025,80.15344238,36645,36666,21
12.97350025,80.15344238,36666,36676,10
12.97344971,80.15338135,36676,36686,10
12.97319031,80.15299225,36686,36696,10
12.97274971,80.15232849,36696,36706,10
12.97231007,80.15170288,36706,36716,10
12.97159958,80.15112305,36716,36726,10
12.97076035,80.15072632,36726,36736,10
12.97006035,80.15039825,36736,36746,10
12.96944046,80.15020752,36746,36767,21
12.96944046,80.15020752,36767,36777,10
12.96936035,80.15016174,36777,36787,10
12.96893024,80.14990997,36787,36797,10
12.96848011,80.14971161,36797,36807,10
12.96819973,80.14955902,36807,36817,10
12.9677,80.14935303,36817,36827,10
12.96716976,80.14907837,36827,36837,10
12.96671009,80.14884186,36837,36847,10
12.96629047,80.14862061,36847,36857,10
12.96588039,80.14839935,36857,36867,10
12.96539974,80.14814758,36867,36878,11
12.96475029,80.14779663,36878,36888,10
12.96391964,80.14733887,36888,36898,10
12.96286964,80.14675903,36898,36908,10
12.96173,80.14614105,36908,36918,10
12.96072006,80.14559937,36918,36928,10
12.95973969,80.14508057,36928,36938,10
12.95868015,80.14453125,36938,36948,10
12.95788002,80.14409637,36948,36958,10
12.95716953,80.14373016,36958,36968,10
12.95660973,80.14347076,36968,36979,11
12.95594025,80.14308929,36979,36988,9
12.95545006,80.1428299,36988,36999,11
12.95473957,80.14244843,36999,37009,10
12.95411968,80.14209747,37009,37019,10
12.95349026,80.14176941,37019,37029,10
12.95296001,80.14147949,37029,37049,20
12.95296001,80.14147949,37049,37059,10
12.95281029,80.14137268,37059,37069,10
12.95242023,80.14105988,37069,37079,10
12.95207977,80.14077759,37079,37090,11
12.95151997,80.14038086,37090,37100,10
12.95119953,80.14012909,37100,37110,10
12.95051956,80.1396637,37110,37140,30
12.95051956,80.1396637,37140,37150,10
12.95046997,80.13964081,37150,37160,10
12.95014954,80.13935852,37160,37170,10
12.94958973,80.13887024,37170,37180,10
12.9488802,80.13825226,37180,37190,10
12.94793034,80.13755798,37190,37201,11
12.94684982,80.13678741,37201,37211,10
12.94575977,80.13594055,37211,37221,10
12.94460964,80.13506317,37221,37231,10
12.94361973,80.13427734,37231,37241,10
12.94285011,80.13353729,37241,37251,10
12.94256973,80.13330078,37251,37261,10
12.94217968,80.13288879,37261,37271,10
12.94155025,80.13220978,37271,37281,10
12.9407196,80.13137054,37281,37291,10
12.93988991,80.13050842,37291,37302,11
12.93892002,80.12962341,37302,37312,10
12.93776035,80.12867737,37312,37342,30
12.93776035,80.12867737,37342,37352,10
12.93768024,80.12859344,37352,37362,10
12.93737984,80.12828827,37362,37372,10
12.93696022,80.12792206,37372,37382,10
12.93630981,80.12737274,37382,37392,10
12.93556023,80.12667084,37392,37402,10
12.93482971,80.12599945,37402,37413,11
12.93395996,80.12516785,37413,37423,10
12.93307972,80.12428284,37423,37432,9
12.93225002,80.12348175,37432,37443,11
12.93146038,80.12268066,37443,37453,10
12.93064976,80.12184906,37453,37463,10
12.93000031,80.12123871,37463,37503,40
12.93000031,80.12123871,37503,37514,11
12.92998028,80.1210022,37514,37524,10
12.93000031,80.12081146,37524,37534,10
12.93002033,80.12064362,37534,37544,10
12.93008995,80.12023926,37544,37554,10
12.93017006,80.11965179,37554,37564,10
12.9302597,80.11901855,37564,37574,10
12.93035984,80.11846161,37574,37584,10
12.93041992,80.11775208,37584,37594,10
12.93006039,80.1177063,37594,37604,10
12.92967987,80.11768341,37604,37614,10
12.92905998,80.11763,37614,37625,11
12.9282999,80.11763763,37625,37645,20
12.9282999,80.11763763,37645,37655,10
12.92825985,80.11789703,37655,37665,10
12.92827988,80.11826324,37665,37675,10
12.92821026,80.11889648,37675,37715,40
12.92821026,80.11889648,37715,37725,10
12.92837048,80.11940002,37725,38483,758
12.92837048,80.11940002,38483,38493,10
12.9284296,80.11952972,38493,38503,10
12.92862034,80.11975861,38503,38513,10
12.92895985,80.12007904,38513,38523,10
12.92936993,80.1204834,38523,38533,10
12.92984962,80.12091827,38533,38563,30
12.92984962,80.12091827,38563,38573,10
12.93012047,80.12120056,38573,38583,10
12.93056011,80.12168121,38583,38594,11
12.93120003,80.12230682,38594,38604,10
12.93163013,80.12277985,38604,38644,40
12.93163013,80.12277985,38644,38654,10
12.93177986,80.12291718,38654,38664,10
12.93223953,80.12338257,38664,38674,10
12.93284988,80.12399292,38674,38684,10
12.9335804,80.12471771,38684,38695,11
12.93441963,80.12554169,38695,38705,10
12.93515968,80.12619019,38705,38715,10
12.93589973,80.12673187,38715,38735,20
12.93589973,80.12673187,38735,38745,10
12.93597031,80.12684631,38745,38755,10
12.93607044,80.12695313,38755,38765,10
12.93647957,80.12729645,38765,38775,10
12.93704033,80.1277771,38775,38795,20
12.93704033,80.1277771,38795,38806,11
12.93743992,80.12812805,38806,38816,10
12.93809032,80.12870026,38816,38826,10
12.93894005,80.1294632,38826,38836,10
12.93990993,80.13036346,38836,38846,10
12.94097042,80.13143921,38846,38856,10
12.94200039,80.13244629,38856,38866,10
12.94279957,80.13329315,38866,38876,10
12.94340038,80.13394165,38876,38886,10
12.94408035,80.134552,38886,38896,10
12.94484997,80.13513947,38896,38907,11
12.94589996,80.13596344,38907,38917,10
12.94696045,80.1368103,38917,38927,10
12.94810963,80.13762665,38927,38937,10
12.94927979,80.13848114,38937,38947,10
12.95013046,80.13912201,38947,38957,10
12.95069027,80.13954926,38957,38967,10
12.95123959,80.13990784,38967,38977,10
12.95135975,80.13999939,38977,38987,10
12.95145035,80.14000702,38987,38997,10
12.95176983,80.14025879,38997,39007,10
12.9519701,80.14038849,39007,39018,11
12.95221996,80.14080048,39018,39028,10
12.9525404,80.14099884,39028,39038,10
12.9526701,80.14108276,39038,39048,10
12.95296001,80.14129639,39048,39058,10
12.95361042,80.14170074,39058,39068,10
12.95446968,80.1421814,39068,39078,10
12.95555973,80.14272308,39078,39088,10
12.95643997,80.14318085,39088,39098,10
12.95781994,80.14392853,39098,39108,10
12.95897961,80.14453125,39108,39118,10
12.96008015,80.14511871,39118,39129,11
12.96121025,80.14575195,39129,39139,10
12.9622097,80.14630127,39139,39149,10
12.96329975,80.14688873,39149,39159,10
12.96434021,80.14743042,39159,39169,10
12.96506977,80.14785767,39169,39179,10
12.96578026,80.14823914,39179,39189,10
12.9665699,80.14864349,39189,39199,10
12.96730995,80.14897919,39199,39209,10
12.96790028,80.14927673,39209,39219,10
12.96866035,80.14961243,39219,39240,21
12.96866035,80.14961243,39240,39250,10
12.96883011,80.14971924,39250,39266,16
12.96986961,80.15026855,39266,39278,12
12.97089958,80.15074158,39278,39288,10
12.97146988,80.15100098,39288,39298,10
12.97235012,80.15154266,39298,39308,10
12.97286034,80.15228271,39308,39318,10
12.97292995,80.1523819,39318,39328,10
12.97305012,80.15255737,39328,39338,10
12.97323036,80.15280914,39338,39349,11
12.97360039,80.15337372,39349,39359,10
12.9740696,80.15406799,39359,39369,10
12.97463036,80.1548996,39369,39378,9
12.97519016,80.15572357,39378,39389,11
12.97576046,80.15659332,39389,39399,10
12.97644997,80.15756989,39399,39409,10
12.97706985,80.15847015,39409,39419,10
12.97760963,80.15927124,39419,39429,10
12.97811031,80.16000366,39429,39439,10
12.97861958,80.16069794,39439,39450,11
12.97924042,80.16152191,39450,39460,10
12.97976017,80.16226196,39460,39470,10
12.97999954,80.16268921,39470,39480,10
12.98013973,80.16295624,39480,39490,10
12.98019981,80.16304016,39490,39500,10
12.98025036,80.16343689,39500,39510,10
12.98042011,80.16413879,39510,39520,10
12.98071957,80.16500854,39520,39529,9
12.98112965,80.16580963,39529,39540,11
12.98155022,80.16648102,39540,39550,10
12.9816103,80.16654205,39550,39561,11
12.98178959,80.16687012,39561,39571,10
12.98215008,80.1674118,39571,39581,10
12.9825201,80.16808319,39581,39591,10
12.98289967,80.16877747,39591,39601,10
12.98336029,80.16954803,39601,39611,10
12.98386002,80.17047882,39611,39621,10
12.98433018,80.1713028,39621,39631,10
12.9847002,80.17201233,39631,39641,10
12.98519039,80.17275238,39641,39651,10
12.9857502,80.17357635,39651,39662,11
12.98624039,80.17431641,39662,39672,10
12.98655987,80.17475891,39672,39682,10
12.98672009,80.17498016,39682,39692,10
12.98682022,80.17514038,39692,39702,10
12.98684025,80.1751709,39702,39712,10
12.98696041,80.17539978,39712,39722,10
12.98707008,80.17558289,39722,39732,10
12.98721981,80.17581177,39732,39742,10
12.98744011,80.17610931,39742,39752,10
12.98785973,80.17668152,39752,39762,10
12.98838043,80.17739105,39762,39773,11
12.98896027,80.17817688,39773,39783,10
12.9893198,80.17855835,39783,39793,10
12.9893198,80.17857361,39793,39803,10
12.98943996,80.1787262,39803,39813,10
12.98958015,80.17896271,39813,39823,10
12.98991966,80.17938232,39823,39833,10
12.9904604,80.18003845,39833,39843,10
12.99110031,80.18087769,39843,39853,10
12.99180984,80.18183136,39853,39863,10
12.99252033,80.18280792,39863,39874,11
12.99314022,80.1838913,39874,39884,10
12.99363995,80.18476105,39884,39894,10
12.99392033,80.18520355,39894,39904,10
12.9941597,80.18579865,39904,39914,10
12.99458981,80.18662262,39914,39924,10
12.99512005,80.18766022,39924,39934,10
12.99559021,80.18850708,39934,39944,10
12.99580002,80.18884277,39944,39954,10
12.99590015,80.18895721,39954,39974,20
12.99590015,80.18895721,39974,39985,11
12.99596977,80.18900299,39985,39995,10
12.99621964,80.18932343,39995,40005,10
12.9964304,80.18958282,40005,40015,10
12.99652958,80.18968964,40015,40025,10
12.99666023,80.18982697,40025,40035,10
12.99697018,80.19017029,40035,40045,10
12.99709988,80.19033813,40045,40055,10
12.99720001,80.19046021,40055,40065,10
12.99730968,80.19061279,40065,40075,10
12.99740028,80.19071198,40075,40085,10
12.99755955,80.19091034,40085,40096,11
12.99775028,80.19113922,40096,40106,10
12.99796963,80.19143677,40106,40116,10
12.99812984,80.19164276,40116,40126,10
12.99831963,80.19187927,40126,40136,10
12.99849987,80.19210052,40136,40146,10
12.99862957,80.19228363,40146,40156,10
12.99878979,80.19249725,40156,40166,10
12.9989996,80.19278717,40166,40176,10
12.99919033,80.19303894,40176,40186,10
12.99938965,80.1933136,40186,40196,10
12.99964046,80.19364929,40196,40207,11
13.00020027,80.19426727,40207,40217,10
13.00082016,80.19502258,40217,40227,10
13.00135994,80.19566345,40227,40237,10
13.00179958,80.19624329,40237,40247,10
13.00218964,80.1969986,40247,40257,10
13.00203991,80.19806671,40257,40267,10
13.00183964,80.19914246,40267,40277,10
13.00203991,80.20007324,40277,40287,10
13.00292015,80.20063782,40287,40297,10
13.00366974,80.20078278,40297,40308,11
13.00370026,80.20081329,40308,40318,10
13.00407982,80.20098114,40318,40328,10
13.00481987,80.20124054,40328,40338,10
13.00564957,80.20189667,40338,40348,10
13.00623989,80.20290375,40348,40358,10
13.00702,80.20349884,40358,40368,10
13.00798988,80.20371246,40368,40378,10
13.00846958,80.20314789,40378,40388,10
13.00776958,80.20287323,40388,40398,10
13.0075798,80.2037735,40398,40408,10
13.00763035,80.20496368,40408,40419,11
13.00776005,80.20646667,40419,40429,10
13.00794983,80.20774078,40429,40439,10
13.00813961,80.20896149,40439,40448,9
13.00844955,80.21003723,40448,40459,11
13.00912952,80.21077728,40459,40469,10
13.00936985,80.21099854,40469,40479,10
13.00920963,80.21128082,40479,40519,40
13.00920963,80.21128082,40519,40530,11
13.00905037,80.21144104,40530,40540,10
13.00907993,80.21179199,40540,40550,10
13.00926018,80.21244049,40550,40560,10
13.00953007,80.21320343,40560,40570,10
13.00986004,80.21398926,40570,40586,16
13.01016998,80.21508026,40586,40598,12
13.01031971,80.21591187,40598,40608,10
13.01062965,80.21653748,40608,40618,10
13.01117039,80.21765137,40618,40628,10
13.01158047,80.21871948,40628,40639,11
13.01204014,80.22003937,40639,40649,10
13.01235008,80.221138,40649,40659,10
13.01259041,80.22187805,40659,40668,9
13.01309967,80.22238922,40668,40679,11
13.01369953,80.22309875,40679,40689,10
13.01420021,80.22367859,40689,40698,9
13.01463032,80.22427368,40698,40708,10
13.01513958,80.22476959,40708,40719,11
13.01515961,80.22476959,40719,40729,10
13.01525974,80.22473907,40729,40740,11
13.0155201,80.22516632,40740,40750,10
13.01535988,80.22567749,40750,40760,10
13.01471996,80.22598267,40760,40770,10
13.01383018,80.22631836,40770,40780,10
13.01280975,80.22675323,40780,40790,10
13.01198959,80.2270813,40790,40800,10
13.01130009,80.22738647,40800,40810,10
13.01043987,80.22775269,40810,40820,10
13.00959015,80.22812653,40820,40830,10
13.0090704,80.2288208,40830,40840,10
13.00885963,80.22985077,40840,40851,11
13.0086298,80.23100281,40851,40861,10
13.00844002,80.23200989,40861,40871,10
13.00829029,80.23287964,40871,40881,10
13.00825024,80.23338318,40881,40901,20
13.00825024,80.23338318,40901,40911,10
13.00807953,80.23377228,40911,40921,10
13.00796032,80.23441315,40921,40931,10
13.00780964,80.23519897,40931,40941,10
13.00765038,80.23612213,40941,40951,10
13.00743008,80.23721313,40951,40962,11
13.00722027,80.23832703,40962,40972,10
13.00704002,80.23931122,40972,40982,10
13.00691986,80.24015045,40982,40992,10
13.00739956,80.240242,40992,41002,10
13.00747967,80.24025726,41002,41012,10
13.00794983,80.24034882,41012,41022,10
13.00879002,80.24041748,41022,41032,10
13.00992012,80.24044037,41032,41042,10
13.01119995,80.24040222,41042,41052,10
13.01255989,80.24040222,41052,41063,11
13.01406002,80.2403717,41063,41073,10
13.01544952,80.24051666,41073,41083,10
13.01661968,80.2407074,41083,41093,10
13.01776981,80.24095917,41093,41103,10
13.01821995,80.24108124,41103,41113,10
13.01848984,80.24118042,41113,41123,10
13.01850033,80.24118805,41123,41133,10
13.01869011,80.24127197,41133,41143,10
13.01931,80.24146271,41143,41153,10
13.01992989,80.24165344,41153,41163,10
13.02058983,80.24185944,41163,41174,11
13.02151966,80.24214935,41174,41184,10
13.02241039,80.24246216,41184,41194,10
13.0230999,80.24263763,41194,41204,10
13.02334023,80.24272156,41204,41214,10
13.02388954,80.24291992,41214,41224,10
13.0247097,80.24324036,41224,41234,10
13.02558041,80.2435379,41234,41244,10
13.02635002,80.24381256,41244,41254,10
13.02733994,80.2442627,41254,41264,10
13.02762032,80.24504089,41264,41275,11
13.02816963,80.24552917,41275,41285,10
13.02867985,80.24555969,41285,41325,40
13.02863979,80.24556732,41325,41396,71
13.02863979,80.24556732,41396,41406,10
13.02867031,80.24569702,41406,41416,10
13.02904034,80.24568939,41416,41426,10
13.02949047,80.24575806,41426,41436,10
13.02952003,80.24610138,41436,41446,10
13.02952003,80.24610901,41446,41456,10
13.02945995,80.24635315,41456,41497,41
13.02945995,80.24635315,41497,41507,10
13.02935028,80.24690247,41507,41517,10
13.02927971,80.24726868,41517,41527,10
13.02923012,80.24777985,41527,41537,10
13.02915001,80.24835968,41537,41547,10
13.02906036,80.24884033,41547,41557,10
13.02904034,80.24893188,41557,41567,10
13.02896976,80.2492981,41567,41587,20
13.02896976,80.2492981,41587,41598,11
13.02882957,80.24970245,41598,41608,10
13.02847958,80.25032043,41608,41618,10
13.02812004,80.2509613,41618,41628,10
13.02781963,80.25151825,41628,41638,10
13.02756977,80.25218201,41638,41648,10
13.02740002,80.25287628,41648,41658,10
13.02731991,80.25328064,41658,41698,40
13.02731991,80.25328064,41698,41709,11
13.0272398,80.25363922,41709,41719,10
13.02719975,80.25399017,41719,41729,10
13.02717018,80.25411224,41729,41739,10
13.02713966,80.25453186,41739,41749,10
13.02709961,80.25517273,41749,41759,10
13.02707958,80.25605011,41759,41830,71
13.02707958,80.25605011,41830,41840,10
13.02707958,80.25627136,41840,41850,10
13.02705956,80.25641632,41850,41860,10
13.02707005,80.2568512,41860,41870,10
13.02705956,80.25740051,41870,41886,16
13.02702045,80.25862122,41886,41898,12
13.02700996,80.25914001,41898,41908,10
13.02702045,80.25937653,41908,41918,10
13.02700996,80.26004791,41918,41928,10
13.0268898,80.26081848,41928,41939,11
13.02684021,80.26154327,41939,41949,10
13.02680016,80.26184845,41949,41959,10
13.02672005,80.26236725,41959,41969,10
13.02667999,80.2628479,41969,41979,10
13.02680016,80.26334381,41979,41988,9
13.02725029,80.26338196,41988,41998,10
13.02764988,80.2634964,41998,42008,10
13.02808952,80.26365662,42008,42019,11
13.02855968,80.2638092,42019,42030,11
13.02910042,80.26392365,42030,42040,10
13.02923965,80.26435089,42040,42050,10
13.0292902,80.26500702,42050,42060,10
13.02925968,80.26576996,42060,42100,40
13.02925968,80.26576996,42100,42110,10
13.02921009,80.26625824,42110,42120,10
13.0291996,80.26643372,42120,42130,10
13.02939987,80.2665329,42130,42141,11
13.02972031,80.26651764,42141,42151,10
13.03003979,80.26651764,42151,42161,10
13.03065968,80.26664734,42161,42171,10
13.03122997,80.26683807,42171,42181,10
13.03180981,80.26702881,42181,42191,10
13.0323801,80.26728058,42191,42201,10
13.03271008,80.26753998,42201,42211,10
13.0329504,80.26763153,42211,42221,10
13.03295994,80.26763916,42221,42231,10
13.03328037,80.26770782,42231,42241,10
13.03361988,80.26779175,42241,42272,31
13.03361988,80.26779175,42272,42282,10
13.03382969,80.26786041,42282,42292,10
13.03415966,80.26790619,42292,42302,10
13.03452015,80.26795197,42302,42312,10
13.03479004,80.26790619,42312,42322,10
13.03546047,80.2678299,42322,42332,10
13.03592014,80.26776123,42332,42342,10
13.03654003,80.26766205,42342,42353,11
13.03693962,80.26724243,42353,42363,10
13.03711033,80.26656342,42363,42373,10
13.03730965,80.26569366,42373,42383,10
13.03757,80.26467896,42383,42393,10
13.03767014,80.26438904,42393,42403,10
13.03806019,80.26441193,42403,42413,10
13.0384798,80.26447296,42413,42423,10
13.03880978,80.26452637,42423,42433,10
13.0394001,80.26460266,42433,42443,10
13.03967953,80.26457977,42443,42453,10
13.04004002,80.26455688,42453,42464,11
13.04039001,80.26457214,42464,42474,10
13.04063034,80.26457977,42474,42484,10
13.04108047,80.26460266,42484,42494,10
13.04139996,80.26490021,42494,42504,10
13.04129982,80.26529694,42504,42514,10
13.04125023,80.26566315,42514,42524,10
13.04119968,80.2663269,42524,42534,10
13.04111004,80.26692963,42534,42544,10
13.04104996,80.26724243,42544,42554,10
13.04094028,80.26780701,42554,42564,10
13.04113007,80.26811218,42564,42575,11
13.04156971,80.26811981,42575,42595,20
13.04156971,80.26811981,42595,42605,10
13.0417099,80.26820374,42605,42614,9
13.04199982,80.26815796,42614,42625,11
13.04220009,80.26812744,42625,42635,10
13.04242992,80.26808167,42635,42645,10
13.04267025,80.26799774,42645,42655,10
13.04281998,80.26790619,42655,42665,10
13.04294968,80.26782227,42665,42676,11
13.04335022,80.26753998,42676,42686,10
13.04368973,80.26730347,42686,42696,10
13.04391003,80.26714325,42696,42706,10
13.04417038,80.26702118,42706,42716,10
13.04450035,80.26712799,42716,42726,10
13.04452038,80.26792145,42726,42736,10
13.04446983,80.26876831,42736,42746,10
13.04442024,80.26943207,42746,42756,10
13.04428959,80.27017212,42756,42766,10
13.04409027,80.27114868,42766,42776,10
13.04382992,80.27227783,42776,42787,11
13.04366016,80.27320862,42787,42797,10
13.04364014,80.27326965,42797,42807,10
13.04362011,80.27335358,42807,42817,10
13.04360008,80.27339172,42817,42827,10
13.04356003,80.2735672,42827,42837,10
13.04349995,80.27391052,42837,42867,30
13.04349995,80.27391052,42867,42877,10
13.0434103,80.27416229,42877,42887,10
13.0433197,80.2747879,42887,42898,11
13.04329014,80.27580261,42898,42908,10
13.0433197,80.27623749,42908,42918,10
13.04333973,80.27696228,42918,42928,10
13.04333973,80.27773285,42928,42938,10
13.0433197,80.27781677,42938,42948,10
13.04333019,80.2783432,42948,42958,10
13.04333019,80.27922058,42958,42968,10
13.04368973,80.27977753,42968,42978,10
13.04473972,80.27998352,42978,42988,10
13.04605007,80.28015137,42988,42999,11
13.04759979,80.28035736,42999,43009,10
13.04901981,80.28056335,43009,43019,10
13.05023956,80.28072357,43019,43029,10
13.05107975,80.28083801,43029,43039,10
13.05195999,80.2809906,43039,43049,10
13.05315971,80.28115845,43049,43059,10
13.05445004,80.2813797,43059,43069,10
13.0556097,80.28161621,43069,43078,9
13.05642033,80.28179932,43078,43089,11
13.05673981,80.28183746,43089,43099,10
13.05696011,80.28188324,43099,43110,11
13.05751991,80.28199768,43110,43119,9
13.0581398,80.28215027,43119,43130,11
13.0592804,80.28238678,43130,43140,10
13.06056976,80.28265381,43140,43150,10
13.06186008,80.28292084,43150,43160,10
13.06299019,80.28314209,43160,43170,10
13.06317997,80.28318024,43170,43179,9
13.06348038,80.28324127,43179,43189,10
13.06379986,80.28330231,43189,43200,11
13.0643301,80.28347015,43200,43210,10
13.06511974,80.28369141,43210,43221,11
13.06634998,80.28397369,43221,43231,10
13.06754017,80.28417969,43231,43241,10
13.06840038,80.28433228,43241,43251,10
13.06958961,80.28462982,43251,43261,10
13.07091999,80.2849884,43261,43271,10
13.0722599,80.28530884,43271,43281,10
13.07349968,80.28533173,43281,43291,10
13.07419014,80.28591156,43291,43301,10
13.07513046,80.28658295,43301,43311,10
13.07600975,80.28701019,43311,43322,11
13.07752037,80.28740692,43322,43332,10
13.07886028,80.28778076,43332,43342,10
13.08003044,80.28811646,43342,43352,10
13.08082962,80.28830719,43352,43362,10
13.08096027,80.28835297,43362,43372,10
13.08148956,80.2885437,43372,43382,10
13.08209038,80.28872681,43382,43392,10
13.08288002,80.28912354,43392,43402,10
13.08397961,80.28916931,43402,43412,10
13.08524036,80.28913116,43412,43422,10
13.08648968,80.28943634,43422,43433,11
13.08775997,80.28990173,43433,43443,10
13.08858967,80.2901001,43443,43453,10
13.08870029,80.2901001,43453,43463,10
13.08872986,80.2902832,43463,43473,10
13.08852959,80.2904129,43473,43483,10
13.08792019,80.2901001,43483,43493,10
13.08712006,80.28981781,43493,43503,10
13.08633995,80.2895813,43503,43513,10
13.08565998,80.2893219,43513,43523,10
13.08522987,80.28855896,43523,43533,10
13.08510017,80.28739166,43533,43544,11
13.08518982,80.28611755,43544,43554,10
13.08530998,80.28495026,43554,43564,10
13.08518982,80.28421783,43564,43574,10
13.08518982,80.28417206,43574,43584,10
13.08524036,80.28404236,43584,43594,10
13.08539963,80.28369904,43594,43604,10
13.08559036,80.28352356,43604,43614,10
13.08598042,80.28353882,43614,43624,10
13.08627987,80.28357697,43624,43634,10
13.08658028,80.28383636,43634,43645,11
13.08708954,80.2838974,43645,44079,434
13.08710003,80.28388977,44079,44159,80
13.08710003,80.28388977,44159,44169,10
13.0873003,80.28385925,44169,44179,10
13.08757973,80.28391266,44179,44190,11
13.0880003,80.28392029,44190,44260,70
13.08827972,80.283638,44260,44341,81
13.08837986,80.2832489,44341,44361,20
13.08837986,80.2832489,44361,44371,10
13.08837032,80.28282928,44371,44381,10
13.08833981,80.28259277,44381,44391,10
13.08833027,80.28231812,44391,44402,11
13.08827972,80.2819519,44402,44412,10
13.08806038,80.28160095,44412,44422,10
13.08804989,80.28160095,44422,44432,10
13.08854008,80.28159332,44432,44452,20
13.08854008,80.28159332,44452,44462,10
13.08856964,80.28188324,44462,44472,10
13.08845997,80.28240967,44472,44482,10
13.08833981,80.28292084,44482,44492,10
13.08831978,80.28354645,44492,44502,10
13.08837032,80.28407288,44502,44513,11
13.08839989,80.28504944,44513,44614,101
13.08839989,80.28504944,44614,44624,10
13.08845043,80.28547668,44624,44634,10
13.08841991,80.28581238,44634,44644,10
13.08841991,80.28633118,44644,44654,10
13.0884304,80.28656006,44654,44664,10
13.08843994,80.28700256,44664,44674,10
13.08850002,80.2873764,44674,44684,10
13.08850956,80.28755951,44684,44694,10
13.08856964,80.28804779,44694,44704,10
13.08862019,80.28855133,44704,44714,10
13.08862972,80.28875732,44714,44725,11
13.08870029,80.28936005,44725,44735,10
13.08870983,80.28938293,44735,44745,10
13.08874035,80.29025269,44745,44795,50
13.08874035,80.29025269,44795,44805,10
13.08866024,80.29049683,44805,44815,10
13.08831024,80.29038239,44815,44825,10
13.08769035,80.29004669,44825,44836,11
13.08675003,80.28964996,44836,44846,10
13.08555031,80.28932953,44846,44856,10
13.08438015,80.28914642,44856,44866,10
13.0832901,80.28920746,44866,44876,10
13.08230019,80.28887939,44876,44886,10
13.08145046,80.28858948,44886,44896,10
13.08063984,80.28836823,44896,44906,10
13.08018017,80.28822327,44906,44916,10
13.08012009,80.28820801,44916,44926,10
13.07983971,80.28816223,44926,44936,10
13.07921982,80.28800201,44936,44947,11
13.07824039,80.28762054,44947,44963,16
13.07639027,80.28714752,44963,44975,12
13.07532978,80.28679657,44975,44985,10
13.07481956,80.28648376,44985,44995,10
13.07394028,80.28610229,44995,45004,9
13.07312012,80.28587341,45004,45016,12
13.07192039,80.28531647,45016,45026,10
13.07061005,80.28498077,45026,45036,10
13.06937981,80.28466034,45036,45046,10
13.06811047,80.28439331,45046,45057,11
13.06674004,80.28411865,45057,45067,10
13.06536961,80.28382874,45067,45077,10
13.06429958,80.28357697,45077,45087,10
13.06350994,80.28336334,45087,45097,10
13.06256008,80.28315735,45097,45117,20
13.06256008,80.28315735,45117,45127,10
13.06243038,80.2831192,45127,45137,10
13.0619297,80.28299713,45137,45147,10
13.06130981,80.28283691,45147,45158,11
13.06040955,80.28269958,45158,45168,10
13.05939007,80.28247833,45168,45178,10
13.05830956,80.28225708,45178,45188,10
13.05770016,80.28212738,45188,45198,10
13.0573597,80.28205872,45198,45208,10
13.0567503,80.28192902,45208,45228,20
13.0567503,80.28192902,45228,45238,10
13.05648994,80.28186035,45238,45248,10
13.05587959,80.28172302,45248,45258,10
13.0550499,80.28154755,45258,45269,11
13.05389023,80.28134155,45269,45279,10
13.05276012,80.28114319,45279,45289,10
13.05167007,80.2809906,45289,45299,10
13.05082035,80.2808609,45299,45309,10
13.04996967,80.2807312,45309,45319,10
13.04891968,80.28057861,45319,45329,10
13.0476799,80.28038788,45329,45339,10
13.04648972,80.28022766,45339,45349,10
13.04547977,80.28009796,45349,45359,10
13.04456043,80.27998352,45359,45370,11
13.04399967,80.27989197,45370,45390,20
13.04399967,80.27989197,45390,45400,10
13.04384995,80.27987671,45400,45410,10
13.04368973,80.27986145,45410,45420,10
13.04337978,80.27980042,45420,45430,10
13.04321957,80.27935791,45430,45440,10
13.04325008,80.27852631,45440,45450,10
13.04325008,80.27739716,45450,45470,20
13.04325008,80.27739716,45470,45481,11
13.04333019,80.27696228,45481,45491,10
13.04329967,80.27629089,45491,45501,10
13.04327965,80.275383,45501,45511,10
13.04319,80.27480316,45511,45551,40
13.04319,80.27480316,45551,45561,10
13.04331017,80.27464294,45561,45571,10
13.04329967,80.2743988,45571,45581,10
13.0433197,80.27393341,45581,45592,11
13.04349995,80.27297974,45592,45602,10
13.04374027,80.27201843,45602,45612,10
13.04389954,80.27100372,45612,45622,10
13.04411983,80.2699585,45622,45632,10
13.04426956,80.26850891,45632,45652,20
13.04426956,80.26850891,45652,45662,10
13.04440022,80.26833344,45662,45672,10
13.04413033,80.26828766,45672,45682,10
13.04249001,80.26815796,45682,45693,11
13.04249001,80.26815796,45693,45703,10
13.04170036,80.26821136,45703,45713,10
13.04098988,80.26821136,45713,45723,10
13.04065037,80.26815796,45723,45733,10
13.04024029,80.268013,45733,45743,10
13.03991032,80.2678833,45743,45753,10
13.0397501,80.26783752,45753,45764,11
13.03952026,80.26777649,45764,45775,11
13.03907013,80.26767731,45775,45784,9
13.0384798,80.26763153,45784,45794,10
13.03777981,80.26767731,45794,45805,11
13.03767967,80.26766205,45805,45815,10
13.03724003,80.26760864,45815,45885,70
13.03724003,80.26760864,45885,45895,10
13.03689957,80.26766205,45895,45906,11
13.03666973,80.26770782,45906,45916,10
13.0363102,80.26776123,45916,45926,10
13.03590965,80.26783752,45926,45936,10
13.03557968,80.26782227,45936,45946,10
13.03514004,80.26786041,45946,45956,10
13.03431988,80.26799774,45956,45996,40
13.03431988,80.26799774,45996,46006,10
13.03392029,80.26793671,46006,46027,21
13.03392029,80.26793671,46027,46037,10
13.0337801,80.26793671,46037,46047,10
13.03367996,80.26790619,46047,46057,10
13.03349972,80.26786041,46057,46066,9
13.03310013,80.26776123,46066,46077,11
13.03256989,80.26750946,46077,46086,9
13.03215981,80.26735687,46086,46096,10
13.03133965,80.26705933,46096,46107,11
13.03059959,80.26682281,46107,46117,10
13.02995014,80.26670074,46117,46128,11
13.0291996,80.26644897,46128,46138,10
13.02853966,80.26634979,46138,46148,10
13.02787971,80.26628113,46148,46158,10
13.02713013,80.26618958,46158,46168,10
13.02651024,80.26605225,46168,46188,20
13.02651024,80.26605225,46188,46198,10
13.02626991,80.26586914,46198,46208,10
13.02624989,80.26544952,46208,46218,10
13.02618027,80.26496124,46218,46235,17
13.02641964,80.26399231,46235,46257,22
13.02641964,80.26399231,46257,46267,10
13.02649975,80.26367188,46267,46277,10
13.02657986,80.26306915,46277,46287,10
13.02659988,80.26244354,46287,46295,8
13.02665997,80.2617569,46295,46307,12
13.02680016,80.26094055,46307,46317,10
13.02690029,80.2602005,46317,46327,10
13.02694988,80.25962067,46327,46338,11
13.02696037,80.25868225,46338,46348,10
13.0269804,80.25785065,46348,46358,10
13.02700996,80.25720215,46358,46368,10
13.02702999,80.2567215,46368,46388,20
13.02702999,80.2567215,46388,46398,10
13.02711964,80.25656128,46398,46408,10
13.02694035,80.25588226,46408,46449,41
13.02694035,80.25588226,46449,46459,10
13.02696037,80.25534821,46459,46469,10
13.02700043,80.25462341,46469,46479,10
13.02709007,80.25370789,46479,46489,10
13.02721977,80.25311279,46489,46499,10
13.02737999,80.25231171,46499,46509,10
13.02762032,80.25161743,46509,46519,10
13.02793026,80.25102997,46519,46529,10
13.02818012,80.25070953,46529,46539,10
13.02830029,80.25051117,46539,46549,10
13.02851963,80.25009918,46549,46560,11
13.0287199,80.24983215,46560,46570,10
13.02896023,80.24925995,46570,46600,30
13.02896023,80.24925995,46600,46610,10
13.02902031,80.24880981,46610,46630,20
13.02902031,80.24880981,46630,46640,10
13.02910042,80.24833679,46640,46782,142
13.02910042,80.24833679,46782,46792,10
13.02919006,80.24803925,46792,46802,10
13.0291996,80.24801636,46802,46812,10
13.02921009,80.24794006,46812,46822,10
13.02923965,80.24762726,46822,46832,10
13.02929974,80.24720001,46832,46842,10
13.02947998,80.24627686,46842,46933,91
13.02947998,80.24627686,46933,46943,10
13.02952003,80.24591827,46943,46953,10
13.02910995,80.24575806,46953,46963,10
13.02855015,80.24571991,46963,46973,10
13.02793026,80.2456131,46973,46984,11
13.02752018,80.24511719,46984,46994,10
13.02735996,80.24447632,46994,47004,10
13.02680969,80.24404144,47004,47014,10
13.02600956,80.24375153,47014,47024,10
13.02509975,80.24343872,47024,47034,10
13.02435017,80.24317932,47034,47044,10
13.02381992,80.24299622,47044,47054,10
13.02311993,80.2427063,47054,47064,10
13.0223999,80.24250031,47064,47074,10
13.02210045,80.24241638,47074,47084,10
13.02202988,80.24240112,47084,47095,11
13.02180958,80.2423172,47095,47125,30
13.02180958,80.2423172,47125,47135,10
13.02157021,80.24226379,47135,47145,10
13.02140045,80.2421875,47145,47155,10
13.02122021,80.24211884,47155,47165,10
13.02064037,80.24189758,47165,47236,71
13.02064037,80.24189758,47236,47246,10
13.02029037,80.24182892,47246,47256,10
13.02009964,80.24176025,47256,47266,10
13.0197401,80.24163055,47266,47327,61
13.0197401,80.24163055,47327,47337,10
13.01920033,80.24149323,47337,47347,10
13.01889992,80.24137878,47347,47357,10
13.01889992,80.24137115,47357,47367,10
13.01871014,80.24133301,47367,47407,40
13.01871014,80.24133301,47407,47418,11
13.01854038,80.24133301,47418,47428,10
13.01817036,80.24118042,47428,47438,10
13.0177803,80.24108887,47438,47448,10
13.01704979,80.24088287,47448,47458,10
13.01616955,80.24067688,47458,47468,10
13.01564026,80.24060059,47468,47478,10
13.01508045,80.24053955,47478,47488,10
13.0142498,80.24044037,47488,47498,10
13.01323986,80.24044037,47498,47508,10
13.01202011,80.24046326,47508,47518,10
13.01078033,80.24049377,47518,47529,11
13.00944042,80.24053192,47529,47539,10
13.00831985,80.24050903,47539,47549,10
13.00716019,80.24034119,47549,47599,50
13.00716019,80.24034119,47599,47609,10
13.00683022,80.24025726,47609,47619,10
13.00681973,80.23969269,47619,47629,10
13.00693035,80.23886108,47629,47640,11
13.00714016,80.23787689,47640,47650,10
13.00730991,80.23695374,47650,47690,40
13.00730991,80.23695374,47690,47700,10
13.00737953,80.23673248,47700,47710,10
13.00751972,80.23625183,47710,47720,10
13.00765038,80.23555756,47720,47730,10
13.00778008,80.23490143,47730,47740,10
13.0079298,80.23413086,47740,47751,11
13.0081501,80.233078,47751,47761,10
13.00835037,80.23206329,47761,47771,10
13.00854969,80.23107147,47771,47781,10
13.00874996,80.2300415,47781,47791,10
13.00893021,80.22911835,47791,47801,10
13.00911999,80.22824097,47801,47811,10
13.00942039,80.22747803,47811,47821,10
13.00981045,80.22660065,47821,47831,10
13.01021004,80.22573853,47831,47841,10
13.01054001,80.22502136,47841,47852,11
13.01070023,80.22473907,47852,47862,10
13.01099014,80.22408295,47862,47872,10
13.01134014,80.22309113,47872,47882,10
13.01165962,80.22210693,47882,47892,10
13.01194,80.22132874,47892,47902,10
13.01204014,80.22119904,47902,47912,10
13.01210976,80.22088623,47912,47922,10
13.01198006,80.2203064,47922,47932,10
13.01169014,80.21942902,47932,47942,10
13.01136017,80.21846008,47942,47952,10
13.01099014,80.21753693,47952,47963,11
13.01058006,80.21663666,47963,47973,10
13.01019955,80.21600342,47973,47983,10
13.00984955,80.21526337,47983,47993,10
13.00942993,80.21465302,47993,48003,10
13.00864983,80.21366119,48003,48023,20
13.00864983,80.21366119,48023,48033,10
13.00860977,80.21359253,48033,48043,10
13.00842953,80.21343231,48043,48053,10
13.00827026,80.21334076,48053,48063,10
13.00817966,80.21331024,48063,48074,11
13.00790024,80.21311951,48074,48084,10
13.0075798,80.212883,48084,48094,10
13.00699043,80.21276855,48094,48104,10
13.00638008,80.2127533,48104,48114,10
13.00584984,80.21295929,48114,48124,10
13.00520992,80.21263123,48124,48134,10
13.00457954,80.21234131,48134,48144,10
13.00393009,80.21209717,48144,48154,10
13.00370979,80.21176147,48154,48164,10
13.00368023,80.21105957,48164,48175,11
13.0035696,80.21018219,48175,48185,10
13.00352001,80.20954132,48185,48195,10
13.00364017,80.20887756,48195,48205,10
13.00417995,80.20864868,48205,48215,10
13.00494957,80.20900726,48215,48225,10
13.00572014,80.2093277,48225,48235,10
13.00640011,80.20957184,48235,48245,10
13.00666046,80.20964813,48245,48255,10
13.00671005,80.20964813,48255,48265,10
13.00695992,80.20974731,48265,48275,10
13.00726986,80.20982361,48275,48286,11
13.0078001,80.2098999,48286,48296,10
13.00811958,80.20982361,48296,48306,10
13.00800991,80.209198,48306,48316,10
13.00786972,80.20834351,48316,48326,10
13.00771046,80.20733643,48326,48336,10
13.0075798,80.20648193,48336,48346,10
13.00749016,80.2059021,48346,48356,10
13.00728035,80.20523071,48356,48366,10
13.00695038,80.20448303,48366,48383,17
13.00611973,80.20320892,48383,48395,12
13.00582027,80.20272827,48395,48405,10
13.00564003,80.20227814,48405,48415,10
13.00512028,80.20169067,48415,48425,10
13.00417995,80.20121765,48425,48444,19
13.00417995,80.20121765,48444,48454,10
13.00391006,80.20101166,48454,48465,11
13.00317001,80.20079803,48465,48475,10
13.00232029,80.20044708,48475,48485,10
13.00170994,80.19970703,48485,48495,10
13.0017004,80.19879913,48495,48506,11
13.00187969,80.19773865,48506,48515,9
13.00185966,80.19696808,48515,48526,11
13.00133991,80.195961,48526,48536,10
13.00059032,80.19499207,48536,48546,10
12.99981976,80.19399261,48546,48556,10
12.99921989,80.19329834,48556,48566,10
12.99886036,80.19290924,48566,48576,10
12.99835968,80.19225311,48576,48586,10
12.9976902,80.19139862,48586,48596,10
12.9969101,80.19037628,48596,48606,10
12.99602032,80.18940735,48606,48617,11
12.99528027,80.1882019,48617,48627,10
12.99485016,80.18734741,48627,48637,10
12.99448013,80.18663788,48637,48647,10
12.99431992,80.18630981,48647,48657,10
12.99403954,80.1857605,48657,48667,10
12.99368,80.18508148,48667,48677,10
12.99326038,80.18431091,48677,48687,10
12.99283981,80.18356323,48687,48697,10
12.99240971,80.1828537,48697,48707,10
12.99195004,80.18218231,48707,48717,10
12.99155045,80.18164825,48717,48728,11
12.99100018,80.18093109,48728,48744,16
12.9900198,80.17967224,48744,48756,12
12.98950005,80.17903137,48756,48766,10
12.98913956,80.17854309,48766,48776,10
12.98841953,80.17758179,48776,48786,10
12.98785019,80.1767807,48786,48796,10
12.98746967,80.17623901,48796,48806,10
12.98703003,80.17563629,48806,48816,10
12.98661995,80.17501831,48816,48826,10
12.9861002,80.17424774,48826,48837,11
12.9854002,80.17324829,48837,48847,10
12.98474026,80.17228699,48847,48857,10
12.98414993,80.17131805,48857,48867,10
12.98353004,80.17028046,48867,48877,10
12.98287964,80.16918945,48877,48887,10
12.98211956,80.16802216,48887,48897,10
12.98141956,80.16687012,48897,48907,10
12.98073006,80.1656723,48907,48917,10
12.9802103,80.16442108,48917,48927,10
12.97994041,80.16345978,48927,48938,11
12.97966003,80.16268158,48938,48948,10
12.97931004,80.162117,48948,48958,10
12.97929001,80.16210938,48958,48968,10
12.97914028,80.16188049,48968,48978,10
12.97875977,80.16132355,48978,48988,10
12.9781599,80.16047668,48988,48998,10
12.9776001,80.15962219,48998,49008,10
12.97692966,80.15860748,49008,49018,10
12.97624969,80.157547,49018,49028,10
12.97566032,80.15667725,49028,49038,10
12.97511959,80.15586853,49038,49049,11
12.97461033,80.15509796,49049,49059,10
12.97418022,80.15450287,49059,49069,10
12.97385979,80.15406036,49069,49079,10
12.97367001,80.15377808,49079,49089,10
12.97352028,80.15354156,49089,49099,10
12.97317982,80.15305328,49099,49109,10
12.9726696,80.15226746,49109,49125,16
12.9718399,80.15126801,49125,49137,12
12.97091961,80.15081024,49137,49147,10
12.97014046,80.15045166,49147,49157,10
12.96914005,80.15000916,49157,49176,19
12.96914005,80.15000916,49176,49187,11
12.96899033,80.14994049,49187,49198,11
12.96891022,80.14985657,49198,49208,10
12.96850967,80.14964294,49208,49218,10
12.96792984,80.14936829,49218,49227,9
12.96728039,80.14907837,49227,49238,11
12.96675968,80.1488266,49238,49248,10
12.9663496,80.14865875,49248,49259,11
12.96588039,80.14842224,49259,49269,10
12.96523952,80.14807129,49269,49279,10
12.96452045,80.14768219,49279,49289,10
12.9636898,80.1472168,49289,49299,10
12.96273041,80.14668274,49299,49309,10
12.96170044,80.14614105,49309,49319,10
12.96057034,80.14552307,49319,49329,10
12.95950985,80.14494324,49329,49339,10
12.95856953,80.14444733,49339,49355,16
12.95742035,80.14382935,49355,49367,12
12.95660973,80.14340973,49367,49378,11
12.95586014,80.143013,49378,49388,10
12.95506954,80.14260101,49388,49398,10
12.95454025,80.14231873,49398,49408,10
12.95392036,80.14199066,49408,49418,10
12.95316029,80.14157867,49418,49428,10
12.95246983,80.14111328,49428,49438,10
12.95201015,80.14077759,49438,49447,9
12.95170021,80.14057922,49447,49458,11
12.95166969,80.14055634,49458,49468,10
12.95153999,80.14048767,49468,49480,12
12.9510603,80.14006042,49480,49490,10
12.95034027,80.13950348,49490,49500,10
12.94944954,80.13876343,49500,49510,10
12.94869041,80.13812256,49510,49520,10
12.94797039,80.13761139,49520,49530,10
12.94744968,80.13723755,49530,49540,10
12.94680977,80.1367569,49540,49550,10
12.94591045,80.13606262,49550,49560,10
12.94487,80.13526154,49560,49570,10
12.94392967,80.13453674,49570,49580,10
12.94312954,80.13384247,49580,49591,11
12.94244003,80.1332016,49591,49601,10
12.94184017,80.13253784,49601,49611,10
12.94126034,80.13189697,49611,49621,10
12.94054985,80.13117218,49621,49631,10
12.93982029,80.13043213,49631,49641,10
12.93912029,80.12979889,49641,49651,10
12.93834019,80.12911987,49651,49661,10
12.93793011,80.12880707,49661,49692,31
12.93793011,80.12880707,49692,49702,10
12.93785,80.12875366,49702,49712,10
12.93760967,80.12854767,49712,49722,10
12.93710041,80.1280899,49722,49752,30
12.93710041,80.1280899,49752,49762,10
12.93688011,80.12792969,49762,49772,10
12.93663025,80.12770844,49772,49782,10
12.9364996,80.12757874,49782,49792,10
12.93632984,80.12743378,49792,49803,11
12.93593025,80.12705994,49803,49813,10
12.93527985,80.1264801,49813,49823,10
12.93455982,80.12580109,49823,49833,10
12.93369961,80.12499237,49833,49843,10
12.93295956,80.12420654,49843,49853,10
12.93235016,80.12358093,49853,49863,10
12.93192005,80.12313843,49863,49873,10
12.93188953,80.12310028,49873,49883,10
12.93175983,80.12299347,49883,49893,10
12.93136024,80.12258148,49893,49903,10
12.93083954,80.12204742,49903,49914,11
12.93000031,80.1212616,49914,49934,20
12.93000031,80.1212616,49934,49944,10
12.92994022,80.1211319,49944,49954,10
12.92998028,80.12078094,49954,49964,10
12.93008041,80.12023163,49964,49974,10
12.93021011,80.11937714,49974,49984,10
12.93033981,80.11844635,49984,49994,10
12.93043041,80.11782074,49994,50004,10
12.93002033,80.11772156,50004,50014,10
12.92938042,80.11766052,50014,50025,11
12.92883015,80.11756134,50025,50035,10
12.92844009,80.11756134,50035,50065,30
12.92844009,80.11756134,50065,50075,10
12.92825985,80.11782074,50075,50085,10
12.92823982,80.11818695,50085,50095,10
12.92823982,80.11856842,50095,50105,10
12.92825985,80.11921692,50105,50668,563
12.92825985,80.11921692,50668,50679,11
12.92829037,80.11930847,50679,50689,10
12.92835045,80.11936951,50689,50699,10
12.92840958,80.11943817,50699,50709,10
12.92866039,80.11975098,50709,50719,10
12.92912006,80.12021637,50719,50729,10
12.92959976,80.12068176,50729,50739,10
12.93002033,80.12107849,50739,50749,10
12.93039989,80.12148285,50749,50759,10
12.93136978,80.12245178,50759,50779,20
12.93136978,80.12245178,50779,50790,11
12.93146038,80.12255096,50790,50800,10
12.93175983,80.1228714,50800,50810,10
12.93231964,80.1234436,50810,50820,10
12.93305016,80.12418365,50820,50830,10
12.93393993,80.12503815,50830,50840,10
12.93490028,80.12593842,50840,50850,10
12.9358902,80.12673187,50850,50891,41
12.9358902,80.12673187,50891,50901,10
12.93597031,80.12680054,50901,50911,10
12.93622017,80.12705994,50911,50921,10
12.93655014,80.12734985,50921,50941,20
12.93675995,80.12756348,50941,50961,20
12.93675995,80.12756348,50961,50971,10
12.93690014,80.12767792,50971,50981,10
12.93715,80.1279068,50981,50991,10
12.93764973,80.12834167,50991,51002,11
12.93852043,80.12905884,51002,51012,10
12.93953037,80.12993622,51012,51022,10
12.94060993,80.1309967,51022,51032,10
12.94157028,80.13201141,51032,51042,10
12.94227982,80.13275146,51042,51052,10
12.94303989,80.13356018,51052,51062,10
12.94377995,80.13432312,51062,51072,10
12.94443035,80.13484955,51072,51082,10
12.94526005,80.13549805,51082,51092,10
12.94629955,80.13627625,51092,51102,10
12.94742966,80.13710022,51102,51113,11
12.94859028,80.13793945,51113,51123,10
12.94964027,80.13871765,51123,51133,10
12.95038986,80.13928223,51133,51153,20
12.95038986,80.13928223,51153,51163,10
12.95055962,80.13939667,51163,51173,10
12.95084,80.13957214,51173,51183,10
12.95110035,80.13974762,51183,51193,10
12.95112038,80.13977051,51193,51203,10
12.9512701,80.13989258,51203,51219,16
12.9517498,80.14026642,51219,51232,13
12.95193005,80.14044952,51232,51241,9
12.95223045,80.14087677,51241,51253,12
12.95252991,80.14109039,51253,51263,10
12.95287991,80.14131165,51263,51273,10
12.95353985,80.14167023,51273,51283,10
12.95452976,80.14217377,51283,51293,10
12.95551014,80.14266205,51293,51303,10
12.95633984,80.14311218,51303,51313,10
12.95716,80.14357758,51313,51323,10
12.9580698,80.14405823,51323,51334,11
12.95909977,80.14459991,51334,51344,10
12.96000957,80.14511871,51344,51354,10
12.96080971,80.14557648,51354,51364,10
12.96125984,80.14584351,51364,51374,10
12.96201992,80.14624023,51374,51384,10
12.96284962,80.14668274,51384,51394,10
12.96385956,80.1472168,51394,51404,10
12.96469975,80.1476593,51404,51414,10
12.96560001,80.14817047,51414,51424,10
12.96650028,80.14861298,51424,51435,11
12.96751976,80.14910889,51435,51445,10
12.96809959,80.1493988,51445,51455,10
12.96866989,80.14961243,51455,51465,10
12.96874046,80.14965057,51465,51475,10
12.96881008,80.14968872,51475,51485,10
12.96897984,80.14978027,51485,51495,10
12.96928978,80.14997101,51495,51505,10
12.96996021,80.15029144,51505,51515,10
12.97087955,80.15071869,51515,51525,10
12.97173023,80.15110779,51525,51535,10
12.97247982,80.15180969,51535,51546,11
12.97305965,80.15260315,51546,51556,10
12.97319984,80.15278625,51556,51566,10
12.97348976,80.15325928,51566,51576,10
12.9739399,80.15392303,51576,51586,10
12.97447968,80.15464783,51586,51596,10
12.97506046,80.15551758,51596,51606,10
12.97574043,80.15653229,51606,51616,10
12.97644043,80.15753937,51616,51626,10
12.9771204,80.1585083,51626,51635,9
12.9778204,80.15950775,51635,51646,11
12.97871971,80.16078186,51646,51657,11
12.9795599,80.16197968,51657,51667,10
12.98007965,80.16288757,51667,51677,10
12.98034,80.16396332,51677,51687,10
12.98079014,80.16519165,51687,51697,10
12.98139,80.16631317,51697,51707,10
12.98165989,80.16674805,51707,51727,20
12.98165989,80.16674805,51727,51737,10
12.98171997,80.16678619,51737,51747,10
12.98200035,80.16729736,51747,51757,10
12.98248959,80.16815186,51757,51768,11
12.9832201,80.16932678,51768,51778,10
12.98394966,80.17054749,51778,51788,10
12.98458004,80.17176819,51788,51798,10
12.9853096,80.17295837,51798,51808,10
12.98606968,80.17404938,51808,51818,10
12.98653984,80.17472076,51818,51828,10
12.98696041,80.17534637,51828,51838,10
12.98738956,80.17595673,51838,51848,10
12.98793983,80.17672729,51848,51858,10
12.98859024,80.17761993,51858,51868,10
12.9891901,80.17839813,51868,51879,11
12.98980045,80.17917633,51879,51889,10
12.99042988,80.18002319,51889,51899,10
12.99106026,80.18083191,51899,51909,10
12.99182034,80.18180084,51909,51919,10
12.99263,80.18292236,51919,51929,10
12.99335957,80.18419647,51929,51939,10
12.99405003,80.18547821,51939,51949,10
12.99468994,80.18676758,51949,51959,10
12.99530029,80.18797302,51959,51969,10
12.99565029,80.18859863,51969,51990,21
12.99565029,80.18859863,51990,52000,10
12.99567032,80.18860626,52000,52010,10
12.99577045,80.18878174,52010,52020,10
12.99594021,80.18901825,52020,52060,40
12.99594021,80.18901825,52060,52070,10
12.99604034,80.18917084,52070,52080,10
12.99637032,80.18955994,52080,52091,11
12.99666977,80.18987274,52091,52101,10
12.99670982,80.18991852,52101,52111,10
12.99693012,80.19016266,52111,52131,20
12.99693012,80.19016266,52131,52141,10
12.9971199,80.19039154,52141,52151,10
12.99717999,80.19046021,52151,52161,10
12.99722958,80.19052124,52161,52171,10
12.99742031,80.19075775,52171,52181,10
12.99757004,80.19094849,52181,52192,11
12.99757957,80.19097137,52192,52203,11
12.99771976,80.19114685,52203,52213,10
12.9978199,80.19129181,52213,52223,10
12.99802017,80.19154358,52223,52232,9
12.99820042,80.1917572,52232,52243,11
12.9983902,80.19199371,52243,52253,10
12.99855995,80.19220734,52253,52262,9
12.99868011,80.19238281,52262,52272,10
12.99876022,80.19246674,52272,52283,11
12.99895954,80.19273376,52283,52293,10
12.99917984,80.19300079,52293,52304,11
12.99930954,80.19317627,52304,52314,10
12.99948978,80.19341278,52314,52324,10
12.99965,80.1936264,52324,52334,10
12.99991989,80.19396973,52334,52344,10
13.00039959,80.19454193,52344,52354,10
13.00100994,80.19532013,52354,52364,10
13.00175953,80.19628906,52364,52374,10
13.00209045,80.19754791,52374,52384,10
13.00187016,80.19876862,52384,52400,16
13.00199986,80.20008087,52400,52412,12
13.0028801,80.20066071,52412,52423,11
13.00370979,80.20076752,52423,52432,9
13.00378036,80.20079803,52432,52443,11
13.00397968,80.20089722,52443,52453,10
13.00463963,80.20111847,52453,52463,10
13.00539017,80.20159912,52463,52473,10
13.00607967,80.2026825,52473,52482,9
13.00669003,80.20333099,52482,52492,10
13.00784016,80.2036972,52492,52503,11
13.00844002,80.20310974,52503,52513,10
13.00767994,80.20292664,52513,52524,11
13.00761032,80.20410156,52524,52534,10
13.00763988,80.20548248,52534,52544,10
13.00782013,80.2068634,52544,52554,10
13.0079298,80.207901,52554,52564,10
13.00806999,80.20900726,52564,52574,10
13.00846004,80.2101593,52574,52584,10
13.00899982,80.21103668,52584,52594,10
13.00914001,80.2114563,52594,52625,31
13.00914001,80.2114563,52625,52635,10
13.00905991,80.21151733,52635,52645,10
13.00903988,80.21179199,52645,52655,10
13.00924015,80.21240997,52655,52665,10
13.00951958,80.21318817,52665,52675,10
13.00984955,80.21398163,52675,52685,10
13.01012993,80.21484375,52685,52695,10
13.01035976,80.21595001,52695,52705,10
13.01082039,80.21695709,52705,52715,10
13.01124954,80.21794128,52715,52725,10
13.01159954,80.21885681,52725,52736,11
13.01196957,80.21990204,52736,52746,10
13.01231956,80.22096252,52746,52756,10
13.0124197,80.22170258,52756,52766,10
13.01288033,80.22221375,52766,52782,16
13.01379013,80.22325897,52782,52794,12
13.01438046,80.22400665,52794,52804,10
13.01502037,80.22473907,52804,52812,8
13.01535034,80.22512054,52812,52823,11
13.01544952,80.22541809,52823,52834,11
13.01529026,80.22576141,52834,52845,11
13.01457977,80.22605896,52845,52855,10
13.01414013,80.22628021,52855,52865,10
13.01340008,80.22657776,52865,52875,10
13.01247025,80.22698212,52875,52885,10
13.01154041,80.22736359,52885,52895,10
13.01056957,80.22773743,52895,52905,10
13.00957966,80.22814178,52905,52915,10
13.00907993,80.22888947,52915,52925,10
13.00889969,80.22988129,52925,52935,10
13.00874996,80.23087311,52935,52945,10
13.00856018,80.23179626,52945,52956,11
13.00831985,80.23293304,52956,52966,10
13.00821972,80.23362732,52966,52976,10
13.00821972,80.23364258,52976,52986,10
13.00815964,80.23374176,52986,52996,10
13.00804996,80.23422241,52996,53006,10
13.00796986,80.23477936,53006,53016,10
13.00794983,80.23496246,53016,53026,10
13.00784016,80.23542023,53026,53036,10
13.0076704,80.23629761,53036,53046,10
13.00743961,80.23739624,53046,53057,11
13.0072403,80.23848724,53057,53067,10
13.00706005,80.23947906,53067,53077,10
13.00697994,80.24012756,53077,53097,20
13.00697994,80.24012756,53097,53107,10
13.00728035,80.24028015,53107,53117,10
13.00734043,80.24024963,53117,53127,10
13.00782967,80.24035645,53127,53137,10
13.0087204,80.24040222,53137,53147,10
13.00979042,80.24041748,53147,53157,10
13.01070023,80.24037933,53157,53168,11
13.01175022,80.24034119,53168,53178,10
13.01292038,80.2403183,53178,53188,10
13.01414013,80.24034882,53188,53198,10
13.01521969,80.24047089,53198,53208,10
13.01613045,80.24063873,53208,53218,10
13.01708984,80.24078369,53218,53228,10
13.01756954,80.24089813,53228,53248,20
13.01756954,80.24089813,53248,53258,10
13.01766014,80.24092102,53258,53269,11
13.01815987,80.24105835,53269,53279,10
13.01885033,80.2412796,53279,53289,10
13.01949978,80.24147034,53289,53299,10
13.02019978,80.24172211,53299,53309,10
13.02097988,80.24199677,53309,53319,10
13.02198029,80.24230194,53319,53329,10
13.02291965,80.24259949,53329,53339,10
13.02324009,80.24269867,53339,53349,10
13.02350998,80.24285126,53349,53359,10
13.02425957,80.24314117,53359,53369,10
13.02513027,80.24343872,53369,53380,11
13.0262804,80.24382782,53380,53390,10
13.0272398,80.24421692,53390,53400,10
13.02754974,80.24498749,53400,53410,10
13.02810955,80.24552155,53410,53420,10
13.02890015,80.24562073,53420,53430,10
13.02910042,80.24562073,53430,53440,10
13.02945995,80.24571991,53440,53450,10
13.02945042,80.24597931,53450,53460,10
13.02943993,80.24623871,53460,53470,10
13.02937984,80.24655914,53470,53480,10
13.02929974,80.24719238,53480,53491,11
13.0291996,80.24797821,53491,53501,10
13.02908993,80.24871063,53501,53511,10
13.02900028,80.24919891,53511,53531,20
13.02900028,80.24919891,53531,53541,10
13.02900028,80.24929047,53541,53551,10
13.02886009,80.24965668,53551,53561,10
13.0287199,80.24997711,53561,53571,10
13.02855015,80.25015259,53571,53581,10
13.02830029,80.25057983,53581,53592,11
13.02783966,80.25145721,53592,53602,10
13.02756023,80.25222015,53602,53612,10
13.02735043,80.25299072,53612,53622,10
13.0272398,80.25369263,53622,53632,10
13.02715015,80.25422668,53632,53642,10
13.02713013,80.25443268,53642,53652,10
13.02713013,80.25496674,53652,53662,10
13.02709961,80.25550842,53662,53672,10
13.02707958,80.25575256,53672,53682,10
13.02713013,80.25627899,53682,53719,37
13.02713013,80.25627899,53719,53731,12
13.02700996,80.25650024,53731,53739,8
13.02702045,80.25695038,53739,53751,12
13.02702045,80.25795746,53751,53760,9
13.02702999,80.25900269,53760,53770,10
13.02705002,80.25994873,53770,53779,9
13.02690983,80.26065063,53779,53791,12
13.02682018,80.26174164,53791,53801,10
13.02672005,80.26249695,53801,53812,11
13.02661991,80.26309204,53812,53822,10
13.02694035,80.26335907,53822,53832,10
13.0275898,80.26361847,53832,53841,9
13.0283699,80.26383209,53841,53852,11
13.02912045,80.26403046,53852,53862,10
13.02921963,80.26416016,53862,53872,10
13.02929974,80.2647171,53872,53882,10
13.02929974,80.26534271,53882,53892,10
13.02923965,80.26605988,53892,53913,21
13.02923965,80.26605988,53913,53923,10
13.02915955,80.26622009,53923,53933,10
13.02902031,80.26629639,53933,53943,10
13.02855968,80.26631165,53943,53953,10
13.02801991,80.2661972,53953,53963,10
13.0274601,80.26615906,53963,53973,10
13.02680969,80.26609802,53973,53983,10
13.02678013,80.26609039,53983,53993,10
13.02655983,80.26605225,53993,54024,31
13.02655983,80.26605225,54024,54034,10
13.02616024,80.26608276,54034,54044,10
13.02624035,80.26638031,54044,54082,38
13.02643967,80.26634216,54082,55861,1779
13.02643967,80.26634216,55861,55871,10
13.02622986,80.26638031,55871,55881,10
13.02616024,80.26608276,55881,55901,20
13.02616024,80.26608276,55901,55911,10
13.02616024,80.26598358,55911,55921,10
13.02628994,80.26567841,55921,55931,10
13.02651024,80.26544189,55931,57466,1535
13.02651024,80.26544189,57466,57476,10
13.02643967,80.26541901,57476,57486,10
13.02635956,80.26535034,57486,57496,10
13.02637959,80.26493073,57496,57506,10
13.02649975,80.26403046,57506,57526,20
13.02649975,80.26403046,57526,57536,10
13.0265398,80.26384735,57536,57546,10
13.02659988,80.26339722,57546,57556,10
13.02663994,80.26274109,57556,57567,11
13.02672005,80.26229858,57567,57577,10
13.02678967,80.26171875,57577,57587,10
13.02692986,80.26096344,57587,57597,10
13.02702045,80.26027679,57597,57607,10
13.02705002,80.25966644,57607,57617,10
13.02705002,80.25927734,57617,57627,10
13.02705002,80.25872803,57627,57637,10
13.02709007,80.25759125,57637,57647,10
13.02688026,80.25668335,57647,57688,41
13.02688026,80.25668335,57688,57698,10
13.02696991,80.25644684,57698,57708,10
13.02700043,80.25595856,57708,57718,10
13.02700996,80.25585938,57718,57728,10
13.02703953,80.25579071,57728,57738,10
13.02705956,80.25536346,57738,57748,10
13.02709961,80.25504303,57748,57758,10
13.02713013,80.25444031,57758,57768,10
13.02709961,80.25402069,57768,57778,10
13.02713013,80.25376892,57778,57789,11
13.02727032,80.25321198,57789,57799,10
13.02744007,80.25235748,57799,57809,10
13.02775002,80.25144958,57809,57819,10
13.02820015,80.25068665,57819,57829,10
13.0285902,80.25003052,57829,57845,16
13.02900982,80.24912262,57845,57877,32
13.02900982,80.24912262,57877,57887,10
13.02908993,80.24886322,57887,57898,11
13.0291996,80.24813843,57898,57908,10
13.02933025,80.2473526,57908,57916,8
13.02943993,80.24665833,57916,57959,43
13.02943993,80.24665833,57959,57969,10
13.02945995,80.246521,57969,57979,10
13.02952003,80.24604797,57979,57989,10
13.02906036,80.2457962,57989,58000,11
13.02808952,80.24569702,58000,58023,23
13.02692032,80.24408722,58023,58035,12
13.02579975,80.24369049,58035,58045,10
13.02482033,80.24334717,58045,58055,10
13.02377033,80.24298096,58055,58065,10
13.02272034,80.24266052,58065,58075,10
13.02202034,80.24243927,58075,58085,10
13.02194023,80.24240112,58085,58095,10
13.0219202,80.24234772,58095,58105,10
13.02147007,80.24220276,58105,58116,11
13.02060032,80.24191284,58116,58125,9
13.01984024,80.24166107,58125,58136,11
13.01889038,80.2414093,58136,58156,20
13.01889038,80.2414093,58156,58166,10
13.01867962,80.24131775,58166,58176,10
13.01813984,80.24112701,58176,58186,10
13.01760006,80.24098206,58186,58196,10
13.01673985,80.24078369,58196,58206,10
13.01587963,80.24060822,58206,58216,10
13.01535988,80.24054718,58216,58227,11
13.01451015,80.24046326,58227,58243,16
13.0127697,80.24046326,58243,58255,12
13.01142979,80.24046326,58255,58265,10
13.01047993,80.2405014,58265,58275,10
13.00957966,80.24051666,58275,58285,10
13.0085001,80.24047852,58285,58295,10
13.00771999,80.24041748,58295,58305,10
13.00728989,80.24034882,58305,58315,10
13.00685024,80.24025726,58315,58326,11
13.00689983,80.23967743,58326,58336,10
13.00699997,80.23903656,58336,58346,10
13.00712013,80.23838806,58346,58356,10
13.00720024,80.23803711,58356,58366,10
13.0073204,80.23747253,58366,58376,10
13.00739956,80.23683167,58376,58396,20
13.00739956,80.23683167,58396,58406,10
13.00751019,80.23645782,58406,58416,10
13.00763988,80.2358017,58416,58426,10
13.00772953,80.23531342,58426,58437,11
13.00776005,80.23516083,58437,58447,10
13.00788021,80.23462677,58447,58457,10
13.00804996,80.23377991,58457,58467,10
13.00825977,80.23274231,58467,58477,10
13.0085001,80.23166656,58477,58487,10
13.00872993,80.23042297,58487,58497,10
13.0089798,80.22920227,58497,58507,10
13.00922012,80.22808075,58507,58517,10
13.00965977,80.22707367,58517,58527,10
13.01019955,80.22592163,58527,58537,10
13.01060009,80.22502136,58537,58548,11
13.01088047,80.22447968,58548,58558,10
13.01111031,80.22383118,58558,58568,10
13.01123047,80.22355652,58568,58578,10
13.01140976,80.2231369,58578,58588,10
13.01165009,80.22254944,58588,58598,10
13.01189041,80.22187805,58598,58608,10
13.0120697,80.22149658,58608,58618,10
13.0121603,80.22115326,58618,58628,10
13.01200008,80.22057343,58628,58638,10
13.0118103,80.21993256,58638,58649,11
13.01159,80.21927643,58649,58659,10
13.01134014,80.2184906,58659,58669,10
13.01099968,80.21762085,58669,58679,10
13.01064014,80.21681213,58679,58689,10
13.01029015,80.21620178,58689,58699,10
13.00992012,80.21543884,58699,58709,10
13.00951004,80.21482086,58709,58719,10
13.00903034,80.21417999,58719,58729,10
13.00864029,80.21369171,58729,58760,31
13.00864029,80.21369171,58760,58770,10
13.00837994,80.21343231,58770,58780,10
13.00825977,80.21336365,58780,58790,10
13.00804996,80.21327209,58790,58810,20
13.00804996,80.21327209,58810,58820,10
13.00790024,80.21315765,58820,58830,10
13.00782013,80.21307373,58830,58840,10
13.00741005,80.21283722,58840,58850,10
13.00664043,80.21276093,58850,58861,11
13.00576019,80.21299744,58861,58871,10
13.00496006,80.21253204,58871,58881,10
13.00401974,80.21212006,58881,58891,10
13.0036602,80.21192932,58891,58901,10
13.00368023,80.21138,58901,58911,10
13.00360966,80.21064758,58911,58921,10
13.00352001,80.20990753,58921,58931,10
13.00358009,80.20925903,58931,58941,10
13.0037899,80.20864868,58941,58951,10
13.00448036,80.20883179,58951,58961,10
13.00520039,80.20915985,58961,58972,11
13.00578022,80.20939636,58972,58982,10
13.00621033,80.20957184,58982,58992,10
13.00646019,80.20964813,58992,59002,10
13.0067997,80.20974731,59002,59012,10
13.0067997,80.20973206,59012,59022,10
13.00685978,80.20968628,59022,59032,10
13.00716972,80.20980835,59032,59042,10
13.00778008,80.20987701,59042,59052,10
13.00813007,80.20986938,59052,59062,10
13.00802994,80.20929718,59062,59073,11
13.00790024,80.20845795,59073,59083,10
13.00778961,80.2076416,59083,59093,10
13.00765991,80.20690918,59093,59103,10
13.00755978,80.20622253,59103,59113,10
13.00734997,80.20549011,59113,59123,10
13.00699997,80.20464325,59123,59133,10
13.00652027,80.20379639,59133,59143,10
13.00599957,80.20305634,59143,59153,10
13.0057497,80.2026825,59153,59163,10
13.00564957,80.20240021,59163,59173,10
13.00529957,80.20185089,59173,59184,11
13.00446987,80.20133209,59184,59194,10
13.00434971,80.20127869,59194,59204,10
13.00424004,80.20117188,59204,59214,10
13.00374031,80.2009964,59214,59224,10
13.00292015,80.20075226,59224,59234,10
13.00205994,80.20027924,59234,59244,10
13.00166035,80.19954681,59244,59254,10
13.00174046,80.1987381,59254,59264,10
13.00191021,80.1977005,59264,59274,10
13.00179958,80.19667816,59274,59284,10
13.00156975,80.19635773,59284,59295,11
13.00139046,80.19612122,59295,59305,10
13.00102997,80.19564056,59305,59315,10
13.00045013,80.19487762,59315,59324,9
12.99987984,80.19416809,59324,59335,11
12.99942017,80.19361877,59335,59346,11
12.99917984,80.19332886,59346,59356,10
12.99897957,80.19307709,59356,59365,9
12.99878025,80.19281006,59365,59375,10
12.99860001,80.19255829,59375,59386,11
12.99841022,80.19230652,59386,59397,11
12.99792004,80.19168091,59397,59407,10
12.99730015,80.19088745,59407,59417,10
12.9965601,80.18995667,59417,59427,10
12.99608994,80.18945313,59427,59437,10
12.9960804,80.18943787,59437,59447,10
12.99598026,80.18930054,59447,59457,10
12.99561024,80.18875885,59457,59467,10
12.9951601,80.1879425,59467,59477,10
12.99470043,80.1870575,59477,59487,10
12.99429989,80.18627167,59487,59497,10
12.9939003,80.1855011,59497,59508,11
12.99345016,80.18466949,59508,59518,10
12.99300957,80.18388367,59518,59528,10
12.99254036,80.18306732,59528,59538,10
12.9920702,80.18235779,59538,59548,10
12.99164009,80.18177795,59548,59558,10
12.99120045,80.18119812,59558,59568,10
12.99063015,80.18045807,59568,59578,10
12.99013996,80.17984009,59578,59588,10
12.98989964,80.17954254,59588,59598,10
12.98964024,80.17922974,59598,59609,11
12.98921967,80.17868805,59609,59619,10
12.98867035,80.177948,59619,59629,10
12.98806,80.17711639,59629,59639,10
12.98754978,80.17639923,59639,59649,10
12.98700047,80.17562866,59649,59659,10
12.98633003,80.17465973,59659,59669,10
12.98563957,80.17366028,59669,59679,10
12.98495007,80.17262268,59679,59689,10
12.98431969,80.17163849,59689,59699,10
12.98367977,80.17060089,59699,59709,10
12.98299026,80.16944122,59709,59720,11
12.98213005,80.16809845,59720,59730,10
12.98147964,80.16699219,59730,59740,10
12.98081017,80.16581726,59740,59750,10
12.9802103,80.16461945,59750,59760,10
12.97986031,80.16342163,59760,59770,10
12.97949982,80.16252136,59770,59780,10
12.97893047,80.16159058,59780,59790,10
12.97813988,80.16049194,59790,59800,10
12.97731018,80.15927124,59800,59810,10
12.97651958,80.15801239,59810,59820,10
12.97574043,80.1568222,59820,59831,11
12.97490978,80.15557861,59831,59841,10
12.97426033,80.15460205,59841,59851,10
12.97387028,80.15406036,59851,59861,10
12.97364044,80.15373993,59861,59871,10
12.97325039,80.1531601,59871,59881,10
12.97301006,80.15276337,59881,59891,10
12.97270012,80.15232086,59891,59901,10
12.97227955,80.15174866,59901,59911,10
12.97181988,80.15132141,59911,59921,10
12.97119999,80.15100098,59921,59932,11
12.97054005,80.15070343,59932,59942,10
12.96988964,80.15039063,59942,59952,10
12.9693203,80.15019226,59952,59962,10
12.96930981,80.150177,59962,59972,10
12.96918011,80.15006256,59972,59982,10
12.96844006,80.14972687,59982,60011,29
12.96844006,80.14972687,60011,60021,10
12.96831036,80.14968872,60021,60032,11
12.96813965,80.14959717,60032,60043,11
12.96765041,80.14936829,60043,60093,50
12.96765041,80.14936829,60093,60103,10
12.96734047,80.14920044,60103,60113,10
12.96685982,80.14893341,60113,60123,10
12.96640015,80.14871216,60123,60133,10
12.96613979,80.1485672,60133,60143,10
12.96568012,80.14833832,60143,60154,11
12.96481037,80.14788055,60154,60164,10
12.96389008,80.14737701,60164,60174,10
12.96277046,80.14676666,60174,60184,10
12.96179008,80.14621735,60184,60194,10
12.96137047,80.14600372,60194,60204,10
12.96131039,80.14597321,60204,60214,10
12.96090031,80.14575195,60214,60224,10
12.96022034,80.14539337,60224,60234,10
12.95940018,80.14492798,60234,60244,10
12.95839977,80.14440155,60244,60255,11
12.95720959,80.14376831,60255,60265,10
12.95646,80.14337158,60265,60275,10
12.95627022,80.14324951,60275,60285,10
12.95598984,80.14309692,60285,60295,10
12.95526028,80.14273834,60295,60305,10
12.95435047,80.14227295,60305,60315,10
12.95376015,80.14196014,60315,60325,10
12.95353031,80.14183807,60325,60335,10
12.95339966,80.14177704,60335,60345,10
12.95322037,80.14169312,60345,60355,10
12.95314026,80.14164734,60355,60366,11
12.95308971,80.14160156,60366,60376,10
12.95287991,80.14144897,60376,60386,10
12.9527998,80.14138794,60386,60396,10
12.95263958,80.14128876,60396,60406,10
12.95242023,80.14111328,60406,60416,10
12.95166969,80.14057159,60416,60436,20
12.95166969,80.14057159,60436,60446,10
12.95149994,80.14041901,60446,60456,10
12.95102024,80.14002228,60456,60467,11
12.95020962,80.13942719,60467,60477,10
12.94939041,80.13874817,60477,60487,10
12.94845963,80.13796997,60487,60497,10
12.94762993,80.13739777,60497,60507,10
12.94674969,80.13677979,60507,60517,10
12.94575024,80.13600159,60517,60527,10
12.94480038,80.13526154,60527,60537,10
12.94390965,80.13455963,60537,60547,10
12.94316006,80.13394165,60547,60557,10
12.94266033,80.13343048,60557,60567,10
12.94262028,80.13334656,60567,60578,11
12.94227982,80.13300323,60578,60588,10
12.94171047,80.13240814,60588,60598,10
12.94099998,80.13168335,60598,60608,10
12.94019032,80.13082886,60608,60618,10
12.9393301,80.12999725,60618,60628,10
12.9385004,80.12928772,60628,60638,10
12.93793011,80.12886047,60638,60648,10
12.93756962,80.12853241,60648,60658,10
12.93735981,80.1283493,60658,60668,10
12.93721962,80.12818909,60668,60678,10
12.93714046,80.12812042,60678,60689,11
12.93688011,80.12786865,60689,60699,10
12.93630981,80.12741852,60699,60709,10
12.93568039,80.12686157,60709,60719,10
12.93494987,80.12619019,60719,60729,10
12.93410015,80.12539673,60729,60739,10
12.93315983,80.12445831,60739,60749,10
12.93237972,80.1236496,60749,60759,10
12.93179035,80.12304688,60759,60779,20
12.93179035,80.12304688,60779,60790,11
12.93153,80.12277222,60790,60800,10
12.93099022,80.1222229,60800,60810,10
12.93033981,80.12156677,60810,60820,10
12.93000984,80.1212616,60820,60830,10
12.92994022,80.12114716,60830,60840,10
12.92998981,80.12068939,60840,60850,10
12.93010998,80.11994934,60850,60860,10
12.93023968,80.11908722,60860,60870,10
12.93035984,80.11820984,60870,60880,10
12.93033028,80.11773682,60880,60890,10
12.93004036,80.11773682,60890,60901,11
12.92928982,80.11766052,60901,60911,10
12.92854977,80.1175766,60911,60921,10
12.92827988,80.11766052,60921,60931,10
12.92827034,80.11811066,60931,60941,10
12.92823982,80.11888885,60941,60951,10
12.92833996,80.11936951,60951,61698,747
12.92833996,80.11936951,61698,61708,10
12.9285202,80.11965942,61708,61718,10
12.92895985,80.12010193,61718,61728,10
12.92945957,80.1206131,61728,61738,10
12.9298296,80.12103271,61738,61748,10
12.92986965,80.12107849,61748,61759,11
12.92994976,80.12114716,61759,61769,10
12.93013954,80.12135315,61769,61779,10
12.93060017,80.12181854,61779,61789,10
12.93118954,80.12241364,61789,61799,10
12.93146038,80.12268829,61799,61809,10
12.93152046,80.1227417,61809,61819,10
12.93177032,80.12297821,61819,61829,10
12.93227959,80.12348175,61829,61839,10
12.93293953,80.12413788,61839,61849,10
12.9335804,80.12478638,61849,61859,10
12.93410015,80.12532043,61859,61870,11
12.93435955,80.1255722,61870,61880,10
12.93482971,80.12597656,61880,61930,50
12.93482971,80.12597656,61930,61940,10
12.93500042,80.12613678,61940,61950,10
12.93517017,80.126297,61950,61960,10
12.93546009,80.12653351,61960,61970,10
12.93575001,80.1267395,61970,61981,11
12.93620968,80.12712097,61981,61991,10
12.9363203,80.12724304,61991,62001,10
12.93663025,80.12747955,62001,62021,20
12.93663025,80.12747955,62021,62031,10
12.93669033,80.12757874,62031,62041,10
12.93696022,80.12782288,62041,62061,20
12.93696022,80.12782288,62061,62071,10
12.93725967,80.12808228,62071,62081,10
12.93782043,80.12859344,62081,62092,11
12.9386797,80.12937164,62092,62102,10
12.9396801,80.13024139,62102,62112,10
12.94066048,80.13118744,62112,62122,10
12.94176006,80.13227081,62122,62132,10
12.94227028,80.13279724,62132,62142,10
12.94274044,80.1333313,62142,62152,10
12.94340038,80.13401794,62152,62162,10
12.94392967,80.13448334,62162,62172,10
12.9442997,80.13478088,62172,62182,10
12.94491959,80.13527679,62182,62193,11
12.94583035,80.1359787,62193,62203,10
12.9468298,80.1367569,62203,62213,10
12.94777966,80.13741302,62213,62223,10
12.94882965,80.13815308,62223,62233,10
12.94989967,80.13900757,62233,62243,10
12.95079994,80.13961792,62243,62253,10
12.95131016,80.1399231,62253,62269,16
12.95147991,80.14006042,62269,62281,12
12.95170975,80.14022064,62281,62291,10
12.95180988,80.14028168,62291,62302,11
12.9519701,80.14040375,62302,62312,10
12.95211983,80.14069366,62312,62322,10
12.95226002,80.14082336,62322,62332,10
12.95258045,80.1410675,62332,62342,10
12.95298958,80.1414032,62342,62351,9
12.95372009,80.14183044,62351,62362,11
12.95458984,80.14230347,62362,62371,9
12.95543003,80.14272308,62371,62381,10
12.95569038,80.14283752,62381,62392,11
12.95608997,80.14305115,62392,62403,11
12.95676994,80.14344788,62403,62413,10
12.95755005,80.14389801,62413,62423,10
12.95843029,80.14437866,62423,62433,10
12.95938969,80.14488983,62433,62443,10
12.96037006,80.14539337,62443,62453,10
12.96103954,80.14576721,62453,62463,10
12.96170044,80.14613342,62463,62473,10
12.9625597,80.14659119,62473,62483,10
12.96345997,80.14707947,62483,62493,10
12.96424961,80.14752197,62493,62503,10
12.96479988,80.14784241,62503,62514,11
12.96547031,80.1481781,62514,62524,10
12.96615982,80.14853668,62524,62534,10
12.96677017,80.14884186,62534,62544,10
12.96718025,80.14904022,62544,62554,10
12.96784019,80.14933777,62554,62564,10
12.9686203,80.1496582,62564,62594,30
12.9686203,80.1496582,62594,62604,10
12.96875,80.14971161,62604,62615,11
12.96924019,80.14998627,62615,62625,10
12.97004986,80.150383,62625,62635,10
12.97087955,80.15074158,62635,62645,10
12.97144985,80.15097046,62645,62655,10
12.97189045,80.15117645,62655,62665,10
12.97243977,80.15167236,62665,62675,10
12.97309017,80.15260315,62675,62715,40
12.97309017,80.15260315,62715,62726,11
12.97327995,80.15290833,62726,62736,10
12.97364044,80.15344238,62736,62746,10
12.97410011,80.15412903,62746,62756,10
12.97461033,80.1548996,62756,62766,10
12.97519016,80.15576935,62766,62776,10
12.97579956,80.15666199,62776,62786,10
12.97640038,80.157547,62786,62796,10
12.97694969,80.15836334,62796,62806,10
12.97739029,80.15894318,62806,62816,10
12.97791958,80.15973663,62816,62826,10
12.97844028,80.16047668,62826,62837,11
12.97877979,80.16094208,62837,62847,10
12.97918987,80.16149902,62847,62857,10
12.97966003,80.16216278,62857,62867,10
12.9799099,80.16255951,62867,62877,10
12.98011971,80.16306305,62877,62887,10
12.98011971,80.16306305,62887,62897,10
12.98015976,80.16320038,62897,62907,10
12.98027992,80.16371918,62907,62917,10
12.98050022,80.16452026,62917,62927,10
12.98087978,80.16539764,62927,62937,10
12.98130035,80.16618347,62937,62949,12
12.98155022,80.16661835,62949,62962,13
12.98161983,80.16673279,62962,62972,10
12.98188972,80.16713715,62972,62982,10
12.98233986,80.1678772,62982,62992,10
12.98287964,80.16882324,62992,63002,10
12.98342991,80.16973114,63002,63012,10
12.98398018,80.17067719,63012,63022,10
12.98453045,80.17172241,63022,63032,10
12.98515987,80.1727829,63032,63042,10
12.98581028,80.17373657,63042,63053,11
12.98620033,80.17421722,63053,63063,10
12.9864502,80.17459106,63063,63073,10
12.98678017,80.17510986,63073,63083,10
12.98698997,80.17542267,63083,63093,10
12.98715973,80.1756897,63093,63103,10
12.98733997,80.17594147,63103,63113,10
12.98760033,80.17630768,63113,63123,10
12.98795986,80.17681122,63123,63133,10
12.98830986,80.1772995,63133,63143,10
12.98869038,80.17781067,63143,63154,11
12.98902035,80.17823029,63154,63174,20
12.98902035,80.17823029,63174,63184,10
12.98915958,80.17842865,63184,63194,10
12.98952007,80.17888641,63194,63204,10
12.99003029,80.17958069,63204,63214,10
12.99067974,80.18039703,63214,63224,10
12.99147987,80.18141174,63224,63234,10
12.99225044,80.18242645,63234,63244,10
12.99295998,80.18354034,63244,63254,10
12.99339008,80.18431854,63254,63265,11
12.99382019,80.18508911,63265,63275,10
12.9941597,80.18576813,63275,63285,10
12.9946003,80.18663025,63285,63295,10
12.99507999,80.18759918,63295,63304,9
12.99559021,80.18859863,63304,63325,21
12.99559021,80.18859863,63325,63335,10
12.99559975,80.18863678,63335,63345,10
12.9958601,80.1890564,63345,63355,10
12.99631023,80.18962097,63355,63365,10
12.99693966,80.19030762,63365,63376,11
12.99748993,80.19097137,63376,63386,10
12.99773979,80.19126129,63386,63396,10
12.99798012,80.19155884,63396,63406,10
12.99808025,80.19168854,63406,63416,10
12.99829006,80.1919632,63416,63426,10
12.99853992,80.19228363,63426,63436,10
12.99878025,80.19259644,63436,63446,10
12.99911022,80.19300842,63446,63456,10
12.99938011,80.19332886,63456,63466,10
12.99979973,80.19387817,63466,63477,11
13.00037956,80.1946106,63477,63487,10
13.00096035,80.19528961,63487,63497,10
13.00150013,80.19595337,63497,63507,10
13.00199986,80.19664764,63507,63517,10
13.00214005,80.19750977,63517,63527,10
13.0020504,80.19789886,63527,63537,10
13.00199986,80.19809723,63537,63547,10
13.00197029,80.19827271,63547,63557,10
13.00193024,80.19846344,63557,63567,10
13.00187969,80.19877625,63567,63577,10
13.00181007,80.19915009,63577,63588,11
13.00189972,80.19988251,63588,63598,10
13.00244045,80.20050812,63598,63608,10
13.00335979,80.20078278,63608,63618,10
13.00368023,80.20079803,63618,63628,10
13.00374031,80.20085144,63628,63638,10
13.00415039,80.20101166,63638,63648,10
13.00489998,80.20127869,63648,63658,10
13.00566006,80.20194244,63658,63668,10
13.00613976,80.20281219,63668,63678,10
13.0067997,80.20343781,63678,63689,11
13.00778008,80.20375061,63689,63699,10
13.00846004,80.20340729,63699,63709,10
13.00806046,80.20278931,63709,63719,10
13.00755978,80.20355988,63719,63729,10
13.00763035,80.20481873,63729,63739,10
13.00769997,80.20603943,63739,63749,10
13.00788975,80.2072525,63749,63759,10
13.00806046,80.20860291,63759,63769,10
13.00835991,80.20983887,63769,63779,10
13.0088501,80.21061707,63779,63789,10
13.00930023,80.21095276,63789,63800,11
13.00938034,80.21105194,63800,63810,10
13.00930023,80.21131134,63810,63860,50
13.00930023,80.21131134,63860,63876,16
13.00911999,80.21186829,63876,63888,12
13.0093298,80.2125473,63888,63896,8
13.00951958,80.21308899,63896,63909,13
13.00992012,80.21408844,63909,63919,10
13.01018047,80.21494293,63919,63929,10
13.01031017,80.21578217,63929,63939,10
13.01064968,80.21661377,63939,63949,10
13.01107979,80.21748352,63949,63958,9
13.01134014,80.21823883,63958,63969,11
13.01173973,80.21936035,63969,63980,11
13.01210022,80.2203598,63980,63989,9
13.01247025,80.22132111,63989,63999,10
13.01264,80.22158051,63999,64010,11
13.0131197,80.22213745,64010,64020,10
13.01350975,80.22264862,64020,64030,10
13.01387978,80.22316742,64030,64040,10
13.01418018,80.22370148,64040,64050,10
13.01455021,80.22415924,64050,64060,10
13.01511955,80.22483826,64060,64070,10
13.01535034,80.22521973,64070,64080,10
13.01544952,80.22537994,64080,64090,10
13.01535034,80.22576141,64090,64100,10
13.01513004,80.22586823,64100,64110,10
13.01486015,80.22596741,64110,64121,11
13.01430988,80.22618103,64121,64131,10
13.01389027,80.22638702,64131,64141,10
13.01317024,80.22666931,64141,64151,10
13.01247025,80.22695923,64151,64161,10
13.01148987,80.22736359,64161,64171,10
13.01051044,80.22775269,64171,64181,10
13.00942993,80.22824097,64181,64191,10
13.00901031,80.22920227,64191,64201,10
13.00876999,80.23043823,64201,64211,10
13.00852966,80.23178864,64211,64221,10
13.00823021,80.23365784,64221,64242,21
13.00823021,80.23365784,64242,64252,10
13.00819969,80.23370361,64252,64262,10
13.00809002,80.23409271,64262,64272,10
13.00794029,80.23480225,64272,64282,10
13.00774956,80.2358017,64282,64292,10
13.00751019,80.2370224,64292,64302,10
13.00730038,80.23815918,64302,64312,10
13.00712013,80.2390976,64312,64322,10
13.00697041,80.23996735,64322,64333,11
13.00695992,80.2401886,64333,64343,10
13.0072403,80.2403183,64343,64353,10
13.00737953,80.2403183,64353,64363,10
13.00741959,80.2403183,64363,64373,10
13.00784016,80.24037933,64373,64383,10
13.00860977,80.240448,64383,64393,10
13.00959015,80.24047852,64393,64403,10
13.01074028,80.24044037,64403,64413,10
13.01191044,80.24041748,64413,64423,10
13.01301003,80.24040985,64423,64433,10
13.01414013,80.24040985,64433,64444,11
13.01537037,80.24053192,64444,64454,10
13.01648045,80.24073029,64454,64464,10
13.01764011,80.24095917,64464,64494,30
13.01764011,80.24095917,64494,64504,10
13.01784039,80.24102783,64504,64514,10
13.01861,80.24124908,64514,64534,20
13.01861,80.24124908,64534,64545,11
13.01902008,80.24138641,64545,64555,10
13.01976013,80.24163055,64555,64565,10
13.02073956,80.24194336,64565,64575,10
13.02180004,80.24230194,64575,64585,10
13.02324009,80.2427597,64585,64605,20
13.02324009,80.2427597,64605,64615,10
13.02336979,80.24282074,64615,64625,10
13.02375984,80.24297333,64625,64635,10
13.02427959,80.24314117,64635,64645,10
13.02501011,80.24339294,64645,64656,11
13.0258503,80.2436676,64656,64666,10
13.02657986,80.243927,64666,64676,10
13.02727032,80.24421692,64676,64686,10
13.02756023,80.24490356,64686,64696,10
13.02791023,80.24555969,64696,64746,50
13.02791023,80.24555969,64746,64756,10
13.0281496,80.24564362,64756,64767,11
13.0284996,80.24565887,64767,64777,10
13.02890015,80.24565887,64777,64868,91
13.02890015,80.24565887,64868,64878,10
13.02900028,80.24562073,64878,64888,10
13.02931976,80.2456131,64888,64898,10
13.02952003,80.24593353,64898,64908,10
13.02947044,80.24645233,64908,64918,10
13.02937031,80.24701691,64918,64928,10
13.02927017,80.24748993,64928,64938,10
13.02925968,80.24778748,64938,64948,10
13.02923965,80.2480011,64948,64958,10
13.02917957,80.24845886,64958,64968,10
13.0290699,80.24893951,64968,64979,11
13.02898026,80.24932861,64979,64989,10
13.02900028,80.24945831,64989,65059,70
13.02900028,80.24945831,65059,65069,10
13.02908993,80.24954987,65069,65080,11
13.02896023,80.24976349,65080,65090,10
13.02877045,80.25005341,65090,65100,10
13.02842045,80.25055695,65100,65110,10
13.02801991,80.25124359,65110,65120,10
13.02764034,80.25205994,65120,65130,10
13.02740002,80.25301361,65130,65140,10
13.02727985,80.25354767,65140,65191,51
13.02727985,80.25354767,65191,65201,10
13.02717972,80.25379181,65201,65211,10
13.02713966,80.25430298,65211,65221,10
13.02713966,80.2545166,65221,65231,10
13.02713013,80.25482941,65231,65241,10
13.02709961,80.25543976,65241,65251,10
13.02709007,80.25637817,65251,65332,81
13.02709007,80.25637817,65332,65342,10
13.02705956,80.25688934,65342,65352,10
13.02707958,80.25749207,65352,65368,16
13.02707005,80.2588501,65368,65380,12
13.02707958,80.25971222,65380,65389,9
13.02709007,80.26023102,65389,65400,11
13.02692032,80.26101685,65400,65411,11
13.02682018,80.26180267,65411,65420,9
13.02672005,80.26233673,65420,65431,11
13.02665997,80.26302338,65431,65440,9
13.0267601,80.26335144,65440,65451,11
13.02719975,80.26344299,65451,65461,10
13.02748966,80.26351929,65461,65471,10
13.02795982,80.26371002,65471,65481,10
13.02840042,80.26383972,65481,65491,10
13.02865028,80.26392365,65491,65501,10
13.02894974,80.26399994,65501,65512,11
13.02927971,80.26415253,65512,65522,10
13.02929974,80.26452637,65522,65532,10
13.02931976,80.26502228,65532,65542,10
13.02933025,80.26534271,65542,65552,10
13.02933025,80.26558685,65552,65562,10
13.02927971,80.26598358,65562,65572,10
13.02927971,80.26599121,65572,65582,10
13.02923965,80.2661438,65582,65592,10
13.0291996,80.26647949,65592,65602,10
13.02943993,80.26660919,65602,65613,11
13.02999973,80.2666626,65613,65623,10
13.03079987,80.26680756,65623,65633,10
13.03151989,80.26703644,65633,65643,10
13.03215027,80.26731873,65643,65653,10
13.03232002,80.26740265,65653,65663,10
13.03267002,80.26760864,65663,65693,30
13.03267002,80.26760864,65693,65703,10
13.03297997,80.26777649,65703,65714,11
13.03369999,80.26793671,65714,65744,30
13.03398991,80.26799011,65744,65774,30
13.03398991,80.26799011,65774,65784,10
13.03439045,80.26806641,65784,65794,10
13.03462982,80.26805878,65794,65804,10
13.03489971,80.26799774,65804,65814,10
13.03532028,80.26793671,65814,65825,11
13.03598976,80.2678299,65825,65835,10
13.03654003,80.26773071,65835,65845,10
13.03686047,80.26741028,65845,65855,10
13.03707027,80.26672363,65855,65865,10
13.03726006,80.26583862,65865,65866,1
13.03728962,80.26574707,65866,65867,1
13.03732014,80.26566315,65867,65913,46
13.03876972,80.2646637,65913,65923,10
13.03938007,80.26474762,65923,65934,11
13.0399704,80.26463318,65934,65944,10
13.04041004,80.2646637,65944,65954,10
13.04065037,80.2646637,65954,65964,10
13.0410099,80.26468658,65964,65974,10
13.04146004,80.26480103,65974,65984,10
13.04146004,80.26513672,65984,65995,11
13.04137993,80.26544952,65995,66005,10
13.04129982,80.26589966,66005,66017,12
13.04121971,80.26657867,66017,66027,10
13.04117966,80.26686096,66027,66037,10
13.0411396,80.2670517,66037,66048,11
13.04106045,80.26737976,66048,66058,10
13.04098034,80.26786041,66058,66067,9
13.04096985,80.26815033,66067,66078,11
13.04164028,80.26818848,66078,66097,19
13.04164028,80.26818848,66097,66108,11
13.04172993,80.26821899,66108,66118,10
13.04218006,80.26818085,66118,66128,10
13.04267979,80.26802063,66128,66138,10
13.04290009,80.2678833,66138,66149,11
13.04323959,80.26766205,66149,66159,10
13.04366016,80.26737976,66159,66169,10
13.04393959,80.26717377,66169,66179,10
13.04440022,80.26689911,66179,66260,81
13.04440022,80.26689911,66260,66270,10
13.04473019,80.2670517,66270,66280,10
13.04469967,80.26757813,66280,66290,10
13.04465961,80.26824188,66290,66300,10
13.04459953,80.26870728,66300,66310,10
13.04448986,80.26933289,66310,66320,10
13.04428959,80.27018738,66320,66330,10
13.04407024,80.27114105,66330,66340,10
13.04384995,80.27211761,66340,66350,10
13.04364014,80.27313995,66350,66371,21
13.04360008,80.27330017,66371,66411,40
13.04345036,80.27342224,66411,66461,50
13.04345036,80.27342224,66461,66472,11
13.04343987,80.27381897,66472,66482,10
13.04341984,80.27409363,66482,66492,10
13.04333973,80.27462769,66492,66502,10
13.04333019,80.27536011,66502,66512,10
13.04331017,80.27601624,66512,66522,10
13.0433197,80.27613068,66522,66538,16
13.04335976,80.27649689,66538,66550,12
13.04333973,80.27736664,66550,66558,8
13.04335022,80.27783966,66558,66570,12
13.04335022,80.27786255,66570,66581,11
13.04333973,80.27819061,66581,66590,9
13.04335976,80.27876282,66590,66600,10
13.04339981,80.27947235,66600,66611,11
13.04380989,80.27987671,66611,66621,10
13.04452038,80.28000641,66621,66630,9
13.04543972,80.28012085,66630,66641,11
13.04644966,80.28025055,66641,66651,10
13.04728031,80.28037262,66651,66661,10
13.0481596,80.28050232,66661,66671,10
13.04903984,80.28061676,66671,66682,11
13.05002022,80.28076935,66682,66692,10
13.05095005,80.28092194,66692,66702,10
13.05191994,80.28105927,66702,66712,10
13.0528698,80.28119659,66712,66722,10
13.05381966,80.28135681,66722,66732,10
13.05477047,80.28151703,66732,66742,10
13.05556965,80.28167725,66742,66752,10
13.05589008,80.28173828,66752,66762,10
13.0564003,80.28185272,66762,66772,10
13.05644035,80.28185272,66772,66783,11
13.05653,80.28186798,66783,66793,10
13.05692959,80.2819519,66793,66803,10
13.05727005,80.2820282,66803,66813,10
13.05762005,80.28209686,66813,66823,10
13.05834007,80.28225708,66823,66833,10
13.05924034,80.28246307,66833,66843,10
13.06015968,80.28263855,66843,66853,10
13.06103039,80.28282166,66853,66863,10
13.06175995,80.28298187,66863,66873,10
13.06256008,80.28315735,66873,66883,10
13.06305981,80.2832489,66883,66914,31
13.06305981,80.2832489,66914,66924,10
13.06336021,80.28331757,66924,66934,10
13.06375027,80.28340149,66934,66944,10
13.06422043,80.28352356,66944,66954,10
13.0649004,80.28366852,66954,66964,10
13.06581974,80.2838974,66964,66974,10
13.06696987,80.28417969,66974,66984,10
13.0679903,80.2843399,66984,66995,11
13.06919956,80.2845993,66995,67005,10
13.07019997,80.28486633,67005,67015,10
13.07081985,80.28498077,67015,67025,10
13.07155991,80.28517151,67025,67035,10
13.07242966,80.28533936,67035,67045,10
13.07328033,80.28527069,67045,67075,30
13.07328033,80.28527069,67075,67085,10
13.07345963,80.28527832,67085,67095,10
13.07349968,80.28529358,67095,67104,9
13.07359982,80.28530884,67104,67115,11
13.07400036,80.28572083,67115,67135,20
13.07400036,80.28572083,67135,67146,11
13.07404041,80.28578186,67146,67156,10
13.07439995,80.28617859,67156,67166,10
13.07507992,80.28662109,67166,67175,9
13.07565022,80.28694153,67175,67185,10
13.07645988,80.28721619,67185,67196,11
13.07752037,80.28749084,67196,67206,10
13.07833958,80.28768158,67206,67217,11
13.07938004,80.28807068,67217,67227,10
13.08038998,80.28827667,67227,67237,10
13.08088017,80.28842163,67237,67247,10
13.08137035,80.28858185,67247,67257,10
13.08211994,80.2888031,67257,67267,10
13.08292007,80.2891922,67267,67277,10
13.08391953,80.28923798,67277,67287,10
13.08475971,80.28922272,67287,67297,10
13.08619976,80.28943634,67297,67307,10
13.0873003,80.28975677,67307,67318,11
13.0885601,80.29019928,67318,67388,70
13.0885601,80.29019928,67388,67398,10
13.08885956,80.29029083,67398,67408,10
13.0887804,80.2904892,67408,67419,11
13.08835983,80.29033661,67419,67429,10
13.08765984,80.2900238,67429,67439,10
13.08693027,80.28978729,67439,67449,10
13.08644009,80.28965759,67449,67459,10
13.08586979,80.28952789,67459,67469,10
13.08547974,80.28900909,67469,67479,10
13.08514023,80.28813934,67479,67489,10
13.08514977,80.28710175,67489,67499,10
13.08524036,80.28591919,67499,67509,10
13.08533001,80.28469086,67509,67519,10
13.08530998,80.28404236,67519,67530,11
13.08535957,80.28394318,67530,67540,10
13.08543968,80.28366089,67540,67550,10
13.08568954,80.28357697,67550,67560,10
13.08613968,80.28360748,67560,67570,10
13.08681965,80.28397369,67570,68032,462
13.08681965,80.28397369,68032,68042,10
13.08679008,80.28401947,68042,68305,263
13.08679008,80.28401947,68305,68315,10
13.08716011,80.28401184,68315,68325,10
13.08716011,80.28399658,68325,68335,10
13.08734035,80.28399658,68335,68345,10
13.08757973,80.28401947,68345,68355,10
13.08788967,80.28404999,68355,68476,121
13.08812046,80.28369904,68476,68497,21
13.08812046,80.28369904,68497,68507,10
13.08827019,80.28343964,68507,68517,10
13.0882597,80.28298187,68517,68527,10
13.08825016,80.28262329,68527,68537,10
13.08821011,80.28231812,68537,68547,10
13.08810997,80.28185272,68547,68557,10
13.08808994,80.28146362,68557,68567,10
13.08841991,80.28153992,68567,68577,10
13.08852959,80.28188324,68577,68587,10
13.08847046,80.28218079,68587,68598,11
13.08839035,80.2827301,68598,68608,10
13.08833981,80.28330231,68608,68618,10
13.08835983,80.28379059,68618,68628,10
13.08837986,80.28423309,68628,68638,10
13.08841991,80.28520966,68638,68678,40
13.08841991,80.28520966,68678,68688,10
13.08841038,80.28560638,68688,68699,11
13.08841991,80.28601074,68699,68709,10
13.0884304,80.28650665,68709,68719,10
13.08841991,80.28682709,68719,68729,10
13.08845997,80.28730774,68729,68739,10
13.08852005,80.28774261,68739,68749,10
13.0885601,80.28807068,68749,68759,10
13.08862019,80.28872681,68759,68769,10
13.08862972,80.28909302,68769,68779,10
13.08870029,80.289711,68779,68799,20
13.08870029,80.289711,68799,68810,11
13.08870983,80.29026031,68810,68850,40
13.08870983,80.29026031,68850,68860,10
13.08870029,80.29046631,68860,68870,10
13.08852959,80.29057312,68870,68880,10
13.08819962,80.2903595,68880,68896,16
13.0872097,80.28987885,68896,68908,12
13.08621979,80.28952026,68908,68919,11
13.08514023,80.28923798,68919,68927,8
13.08438015,80.28926086,68927,68938,11
13.08331013,80.28930664,68938,68949,11
13.08230019,80.28900146,68949,68958,9
13.08174038,80.2888031,68958,68970,12
13.08086967,80.28849792,68970,68979,9
13.08043003,80.28838348,68979,68990,11
13.08008957,80.28829956,68990,69000,10
13.07999992,80.28827667,69000,69010,10
13.0795002,80.28816986,69010,69021,11
13.07861996,80.28781891,69021,69031,10
13.07775974,80.28759003,69031,69041,10
13.07699966,80.2873764,69041,69051,10
13.07594013,80.287117,69051,69061,10
13.07511044,80.28675079,69061,69071,10
13.07435036,80.28627014,69071,69081,10
13.07351971,80.28605652,69081,69091,10
13.07268047,80.2856369,69091,69101,10
13.07155991,80.28527832,69101,69111,10
13.07036972,80.2849884,69111,69121,10
13.06925964,80.28472137,69121,69132,11
13.06807995,80.28447723,69132,69152,20
13.06807995,80.28447723,69152,69162,10
13.06783962,80.28443146,69162,69172,10
13.06711006,80.28430176,69172,69182,10
13.06622028,80.28408813,69182,69198,16
13.06472969,80.28376007,69198,69210,12
13.06435966,80.28366089,69210,69218,8
13.06410027,80.28359985,69218,69230,12
13.06361961,80.28346252,69230,69241,11
13.06249046,80.28320313,69241,69281,40
13.06249046,80.28320313,69281,69290,9
13.06215954,80.28309631,69290,69301,11
13.06149006,80.28295135,69301,69311,10
13.06107998,80.28289032,69311,69321,10
13.06107998,80.28289795,69321,69330,9
13.06083965,80.28282928,69330,69342,12
13.06002045,80.28265381,69342,69351,9
13.05924034,80.28249359,69351,69362,11
13.0583601,80.28233337,69362,69372,10
13.05792046,80.28224182,69372,69382,10
13.05749035,80.28214264,69382,69392,10
13.05667973,80.28199005,69392,69412,20
13.05667973,80.28199005,69412,69422,10
13.05648041,80.28193665,69422,69432,10
13.05589962,80.2818222,69432,69453,21
13.05589962,80.2818222,69453,69463,10
13.05560017,80.28176117,69463,69473,10
13.05490017,80.28160095,69473,69483,10
13.05395985,80.28141022,69483,69493,10
13.05311012,80.28128052,69493,69503,10
13.05251026,80.28118896,69503,69513,10
13.0516901,80.28105927,69513,69523,10
13.05111027,80.28099823,69523,69533,10
13.05093002,80.28096771,69533,69543,10
13.05047035,80.28089142,69543,69554,11
13.05027008,80.28086853,69554,69564,10
13.05014038,80.28085327,69564,69574,10
13.04959965,80.28076172,69574,69584,10
13.04881954,80.28063965,69584,69594,10
13.04784012,80.28047943,69594,69604,10
13.04671001,80.28031921,69604,69614,10
13.04553986,80.280159,69614,69624,10
13.04487991,80.28012085,69624,69634,10
13.04467964,80.28009796,69634,69644,10
13.04432011,80.28005219,69644,69655,11
13.04374981,80.27996063,69655,69665,10
13.04319954,80.27983856,69665,69675,10
13.04321957,80.27925873,69675,69685,10
13.04323959,80.27844238,69685,69695,10
13.04325008,80.27773285,69695,69705,10
13.04323959,80.27761078,69705,69715,10
13.04325962,80.27739716,69715,69725,10
13.04323959,80.2771225,69725,69735,10
13.04325962,80.27696228,69735,69745,10
13.04323959,80.27649689,69745,69755,10
13.04325008,80.27568817,69755,69766,11
13.04329014,80.27494812,69766,69877,111
13.04329014,80.27494812,69877,69887,10
13.04333019,80.27449799,69887,69897,10
13.04341984,80.27384186,69897,69907,10
13.04354954,80.27307129,69907,69917,10
13.04370022,80.27230072,69917,69927,10
13.04382038,80.2717514,69927,69937,10
13.04397964,80.27101898,69937,69947,10
13.04417992,80.27004242,69947,69957,10
13.04442978,80.26853943,69957,69978,21
13.04442978,80.26853943,69978,69988,10
13.04442978,80.26835632,69988,69998,10
13.04428959,80.26834869,69998,70008,10
13.04380035,80.26831818,70008,70018,10
13.04294968,80.26828766,70018,70028,10
13.0424099,80.26822662,70028,70038,10
13.04199028,80.26825714,70038,70048,10
13.04146004,80.26831055,70048,70058,10
13.04141045,80.26830292,70058,70068,10
13.04131985,80.26828766,70068,70078,10
13.04098034,80.26828003,70078,70089,11
13.04098034,80.26828003,70089,70099,10
13.04047966,80.26818085,70099,70109,10
13.04001045,80.26799774,70109,70119,10
13.03952026,80.26782227,70119,70129,10
13.03896046,80.26773834,70129,70139,10
13.0380497,80.2677002,70139,70181,42
13.0380497,80.2677002,70181,70193,12
13.03767967,80.26776123,70193,70202,9
13.03757954,80.2677536,70202,70213,11
13.03730011,80.26772308,70213,70222,9
13.03699017,80.26767731,70222,70294,72
13.03699017,80.26767731,70294,70304,10
13.03680038,80.2677002,70304,70314,10
13.03651047,80.26777649,70314,70324,10
13.03604984,80.26786804,70324,70334,10
13.0357399,80.26792908,70334,70344,10
13.03561974,80.26795197,70344,70354,10
13.03540039,80.26793671,70354,70364,10
13.03493023,80.26802063,70364,70374,10
13.03435993,80.26812744,70374,70425,51
13.03435993,80.26812744,70425,70435,10
13.03404999,80.26808929,70435,70445,10
13.03374004,80.26804352,70445,70455,10
13.03341007,80.26793671,70455,70465,10
13.03306007,80.26785278,70465,70475,10
13.03267956,80.2677536,70475,70485,10
13.03267002,80.2677536,70485,70495,10
13.03244972,80.26759338,70495,70506,11
13.03197002,80.26737213,70506,70516,10
13.03139019,80.26712799,70516,70526,10
13.03073978,80.26689911,70526,70536,10
13.03017998,80.26679993,70536,70546,10
13.02972031,80.26670074,70546,70556,10
13.02956009,80.26669312,70556,70566,10
13.02931976,80.26667023,70566,70576,10
13.02914047,80.26657104,70576,70586,10
13.02857971,80.26644135,70586,70596,10
13.02783966,80.26628113,70596,70606,10
13.02721977,80.26622772,70606,70617,11
13.02684975,80.26609039,70617,70627,10
13.02667046,80.26573181,70627,70637,10
13.02641964,80.26547241,70637,70647,10
13.02639961,80.2650528,70647,70657,10
13.02649975,80.26403809,70657,70677,20
13.02649975,80.26403809,70677,70697,20
13.02657986,80.26344299,70697,70709,12
13.02665997,80.26277924,70709,70720,11
13.02672005,80.26210785,70720,70729,9
13.02676964,80.26165771,70729,70740,11
13.02690029,80.26091766,70740,70750,10
13.02702045,80.26016998,70750,70760,10
13.02702045,80.25943756,70760,70770,10
13.02703953,80.25856018,70770,70780,10
13.02703953,80.25782776,70780,70789,9
13.02703953,80.25753784,70789,70800,11
13.02700043,80.25708771,70800,70810,10
13.02700996,80.2568512,70810,70820,10
13.02703953,80.25666809,70820,70831,11
13.02700996,80.25614929,70831,70841,10
13.02700043,80.25595093,70841,70851,10
13.02696037,80.25585938,70851,70861,10
13.02702045,80.25553131,70861,70871,10
13.02707005,80.25502014,70871,70881,10
13.0271101,80.25447845,70881,70891,10
13.02709961,80.25418854,70891,70901,10
13.02709961,80.25418091,70901,70911,10
13.02713966,80.25402069,70911,70921,10
13.02719975,80.25356293,70921,70932,11
13.02737045,80.25279236,70932,70942,10
13.02760983,80.25193787,70942,70952,10
13.02797031,80.25119019,70952,70963,11
13.02834034,80.25051117,70963,70971,8
13.02857971,80.25007629,70971,71002,31
13.02857971,80.25007629,71002,71012,10
13.02865028,80.24989319,71012,71022,10
13.02875996,80.24967194,71022,71032,10
13.02888012,80.2492218,71032,71043,11
13.02892017,80.24906158,71043,71053,10
13.02896023,80.2489624,71053,71063,10
13.0290699,80.2485199,71063,71073,10
13.02917957,80.24784088,71073,71083,10
13.02927971,80.2472229,71083,71093,10
13.02939034,80.24658966,71093,71103,10
13.02943039,80.24622345,71103,71113,10
13.02943039,80.24585724,71113,71123,10
13.02906036,80.2458725,71123,71133,10
13.02830029,80.2457962,71133,71144,11
13.02754974,80.24542999,71144,71154,10
13.02740002,80.24481201,71154,71164,10
13.02698994,80.2441864,71164,71174,10
13.02616024,80.24388885,71174,71184,10
13.02521992,80.24356079,71184,71194,10
13.02429008,80.24324799,71194,71204,10
13.02369976,80.24307251,71204,71214,10
13.02311993,80.24288177,71214,71224,10
13.02194023,80.24252319,71224,71255,31
13.02194023,80.24252319,71255,71265,10
13.0213604,80.24230194,71265,71275,10
13.02073002,80.24207306,71275,71285,10
13.02000999,80.24178314,71285,71295,10
13.01939964,80.24163055,71295,71305,10
13.01889992,80.24153137,71305,71315,10
13.01887989,80.24152374,71315,71325,10
13.01871967,80.24146271,71325,71335,10
13.01826954,80.24131775,71335,71396,61
13.01826954,80.24131775,71396,71406,10
13.0180397,80.24127197,71406,71416,10
13.01758003,80.2411499,71416,71426,10
13.01677036,80.24093628,71426,71436,10
13.01581001,80.24073029,71436,71446,10
13.01488018,80.24060059,71446,71456,10
13.01385021,80.24051666,71456,71467,11
13.01249981,80.24054718,71467,71477,10
13.01123047,80.2405777,71477,71487,10
13.00988007,80.24060822,71487,71497,10
13.00848007,80.24057007,71497,71507,10
13.00699043,80.24040222,71507,71547,40
13.00699043,80.24040222,71547,71557,10
13.0068903,80.24037933,71557,71568,11
13.00677967,80.24004364,71568,71578,10
13.00693035,80.23941803,71578,71588,10
13.00706005,80.23848724,71588,71598,10
13.0072403,80.23764038,71598,71608,10
13.00732994,80.23690033,71608,71638,30
13.00732994,80.23690033,71638,71648,10
13.00743008,80.23648071,71648,71658,10
13.00755024,80.23592377,71658,71668,10
13.00771999,80.23513031,71668,71679,11
13.00794983,80.23412323,71679,71689,10
13.00817966,80.23301697,71689,71699,10
13.00839996,80.23188019,71699,71709,10
13.00862026,80.23072815,71709,71719,10
13.00885963,80.22953796,71719,71729,10
13.00901031,80.22875977,71729,71739,10
13.0093298,80.22770691,71739,71749,10
13.00967979,80.22693634,71749,71759,10
13.01021004,80.22585297,71759,71769,10
13.01064968,80.22501373,71769,71780,11
13.01105976,80.22399902,71780,71789,9
13.01140022,80.22312164,71789,71800,11
13.01177979,80.22190857,71800,71810,10
13.01196003,80.22129822,71810,71820,10
13.01200008,80.22097015,71820,71830,10
13.01179981,80.22032166,71830,71840,10
13.01154995,80.21945953,71840,71850,10
13.0112896,80.21865082,71850,71860,10
13.01105022,80.21795654,71860,71870,10
13.01074982,80.21720886,71870,71879,9
13.01043987,80.21655273,71879,71891,12
13.01000977,80.21575165,71891,71901,10
13.00959015,80.21502686,71901,71911,10
13.00914955,80.21443939,71911,71921,10
13.00868034,80.21382141,71921,71931,10
13.00846004,80.21356201,71931,71992,61
13.00846004,80.21356201,71992,72002,10
13.00811958,80.21337891,72002,72012,10
13.00784969,80.21321869,72012,72032,20
13.00784969,80.21321869,72032,72042,10
13.00771999,80.21304321,72042,72052,10
13.00736046,80.21289063,72052,72062,10
13.0067997,80.21282959,72062,72072,10
13.00611973,80.21296692,72072,72082,10
13.00551987,80.21298218,72082,72092,10
13.00496006,80.2126236,72092,72103,11
13.00403023,80.21218872,72103,72113,10
13.0036602,80.21190643,72113,72123,10
13.00364017,80.21130371,72123,72133,10
13.00354004,80.21047211,72133,72143,10
13.00347042,80.20963287,72143,72153,10
13.00362015,80.20890045,72153,72163,10
13.00415039,80.20876312,72163,72173,10
13.00489998,80.20909119,72173,72183,10
13.00566006,80.20942688,72183,72193,10
13.00640011,80.20968628,72193,72204,11
13.00666046,80.20976257,72204,72214,10
13.00667953,80.20977783,72214,72224,10
13.00706005,80.2098999,72224,72234,10
13.00771999,80.20999908,72234,72244,10
13.00813007,80.21002197,72244,72254,10
13.00806046,80.20960236,72254,72264,10
13.00796986,80.20892334,72264,72274,10
13.00782013,80.20800781,72274,72284,10
13.0076704,80.20717621,72284,72294,10
13.00751019,80.20628357,72294,72304,10
13.0072403,80.20536041,72304,72315,11
13.00685024,80.20445251,72315,72325,10
13.00638962,80.20368195,72325,72335,10
13.00586033,80.20294189,72335,72345,10
13.00553989,80.20231628,72345,72355,10
13.00502014,80.20166779,72355,72365,10
13.00432014,80.20127869,72365,72385,20
13.00432014,80.20127869,72385,72395,10
13.00395012,80.20113373,72395,72405,10
13.00327969,80.20092773,72405,72416,11
13.00238037,80.2006073,72416,72426,10
13.00174046,80.19988251,72426,72436,10
13.00172043,80.19883728,72436,72446,10
13.00189018,80.19776154,72446,72456,10
13.00175953,80.19658661,72456,72466,10
13.00105953,80.1957016,72466,72476,10
13.00041962,80.19493866,72476,72486,10
12.99946976,80.19374084,72486,72496,10
12.99890041,80.19304657,72496,72506,10
12.99845982,80.19248199,72506,72516,10
12.99792004,80.19180298,72516,72527,11
12.9971199,80.19078064,72527,72537,10
12.99627018,80.18977356,72537,72547,10
12.99545956,80.18869019,72547,72557,10
12.99489975,80.18759918,72557,72567,10
12.99437046,80.18654633,72567,72587,20
12.99437046,80.18654633,72587,72597,10
12.9942503,80.18628693,72597,72607,10
12.99396992,80.18573761,72607,72617,10
12.99363041,80.18508148,72617,72627,10
12.99322987,80.18435669,72627,72638,11
12.99281979,80.1836319,72638,72648,10
12.99238014,80.18287659,72648,72658,10
12.9918499,80.18215179,72658,72668,10
12.99137974,80.18154144,72668,72678,10
12.99090958,80.18093872,72678,72688,10
12.99032021,80.18019867,72688,72698,10
12.98974037,80.17945862,72698,72708,10
12.9891901,80.17878723,72708,72718,10
12.9886198,80.17800903,72718,72728,10
12.98801994,80.17720795,72728,72739,11
12.98748016,80.17646027,72739,72749,10
12.98700047,80.17578125,72749,72759,10
12.98672962,80.17540741,72759,72769,10
12.98663998,80.17527771,72769,72779,10
12.98645973,80.17503357,72779,72789,10
12.98618031,80.17459869,72789,72799,10
12.98577976,80.17401886,72799,72809,10
12.98528004,80.17326355,72809,72819,10
12.98474026,80.17243958,72819,72829,10
12.98419952,80.17157745,72829,72840,11
12.98365974,80.17069244,72840,72850,10
12.98311043,80.1697464,72850,72860,10
12.98250961,80.16873169,72860,72870,10
12.98180008,80.1676178,72870,72880,10
12.98112011,80.16648102,72880,72890,10
12.98048019,80.16526794,72890,72899,9
12.98007965,80.1641922,72899,72910,11
12.97980022,80.16317749,72910,72920,10
12.97964001,80.16275787,72920,72930,10
12.97929955,80.16227722,72930,72940,10
12.97918034,80.16213989,72940,72951,11
12.97896957,80.16177368,72951,72961,10
12.97852993,80.16110992,72961,72971,10
12.97795963,80.16027069,72971,72981,10
12.97733974,80.15936279,72981,72991,10
12.97673035,80.15840149,72991,73007,16
12.9756403,80.15673828,73007,73019,12
12.97492981,80.1556778,73019,73029,10
12.97436047,80.15484619,73029,73039,10
12.97387981,80.15415192,73039,73049,10
12.97360992,80.15380096,73049,73059,10
12.97342968,80.15357971,73059,73070,11
12.97313976,80.15315247,73070,73080,10
12.97270012,80.15245056,73080,73090,10
12.97227955,80.15183258,73090,73100,10
12.97171021,80.15131378,73100,73110,10
12.97089958,80.15090942,73110,73120,10
12.97029972,80.1506424,73120,73130,10
12.96971989,80.150383,73130,73140,10
12.96944046,80.15028381,73140,73151,11
12.96944046,80.15026855,73151,73162,11
12.9693203,80.150177,73162,73172,10
12.96887016,80.14993286,73172,73182,10
12.96844006,80.14972687,73182,73192,10
12.9684,80.14971161,73192,73202,10
12.96823025,80.1496582,73202,73212,10
12.96788979,80.14949799,73212,73222,10
12.9676199,80.14938354,73222,73232,10
12.96730995,80.14923859,73232,73242,10
12.96697998,80.14907074,73242,73252,10
12.96652985,80.14885712,73252,73262,10
12.9662199,80.1486969,73262,73273,11
12.96595955,80.14855957,73273,73283,10
12.96557045,80.14835358,73283,73293,10
12.96485996,80.14798737,73293,73303,10
12.96401024,80.14750671,73303,73313,10
12.96300983,80.1469574,73313,73323,10
12.96201992,80.14642334,73323,73333,10
12.96103954,80.14589691,73333,73343,10
12.95995998,80.14530945,73343,73353,10
12.95905018,80.14483643,73353,73363,10
12.95831013,80.1444397,73363,73374,11
12.95779037,80.14415741,73374,73384,10
12.95730972,80.14389801,73384,73394,10
12.95676041,80.14364624,73394,73404,10
12.95646,80.14350891,73404,73414,10
12.9559803,80.14322662,73414,73424,10
12.95524979,80.14282227,73424,73434,10
12.95458031,80.14247131,73434,73444,10
12.95405006,80.14217377,73444,73454,10
12.95361996,80.14195251,73454,73464,10
12.95353031,80.14189911,73464,73474,10
12.95318985,80.14170074,73474,73485,11
12.95269966,80.14141083,73485,73495,10
12.9523201,80.14115143,73495,73505,10
12.95213985,80.14102173,73505,73515,10
12.95201969,80.14090729,73515,73525,10
12.95160007,80.14063263,73525,73555,30
12.95160007,80.14063263,73555,73565,10
12.95145988,80.14053345,73565,73575,10
12.95125961,80.14031982,73575,73585,10
12.95088005,80.14002228,73585,73596,11
12.95032978,80.13960266,73596,73606,10
12.94968987,80.1390686,73606,73616,10
12.94882011,80.13835907,73616,73632,16
12.94746971,80.13739777,73632,73644,12
12.94661999,80.13674927,73644,73652,8
12.94594955,80.13623047,73652,73664,12
12.94497967,80.13548279,73664,73674,10
12.94328022,80.13414764,73674,73684,10
12.94328022,80.13414764,73684,73694,10
12.94277,80.13365936,73694,73705,11
12.94221973,80.1330719,73705,73715,10
12.94155979,80.13237,73715,73725,10
12.94081974,80.13159943,73725,73735,10
12.94013977,80.13088226,73735,73745,10
12.93943977,80.13020325,73745,73755,10
12.93873024,80.12960052,73755,73765,10
12.9380703,80.12902832,73765,73775,10
12.9375,80.12854767,73775,73785,10
12.93721008,80.12832642,73785,73795,10
12.93708992,80.12821198,73795,73806,11
12.93706036,80.1281662,73806,73816,10
12.93673038,80.12783051,73816,73826,10
12.93610001,80.12731934,73826,73836,10
12.93537998,80.12666321,73836,73846,10
12.93451023,80.12587738,73846,73856,10
12.93369007,80.12509155,73856,73867,11
12.93295002,80.1243515,73867,73877,10
12.93216038,80.12358093,73877,73887,10
12.93150043,80.12290955,73887,73897,10
12.93080044,80.12216949,73897,73908,11
12.93023968,80.12162018,73908,73918,10
12.92996979,80.12133789,73918,73998,80
12.92996979,80.12133789,73998,74008,10
12.9299202,80.12116241,74008,74019,11
12.92998028,80.12069702,74019,74029,10
12.93006039,80.12020111,74029,74039,10
12.93015957,80.11955261,74039,74049,10
12.9302702,80.11882019,74049,74059,10
12.93037987,80.11808777,74059,74069,10
12.9302702,80.11785126,74069,74079,10
12.92988968,80.11782074,74079,74089,10
12.92936039,80.11773682,74089,74099,10
12.92889023,80.11766815,74099,74109,10
12.92852974,80.11763763,74109,74120,11
12.92831039,80.1177063,74120,74130,10
12.92827988,80.11799622,74130,74140,10
12.92823982,80.11849976,74140,74150,10
12.9282198,80.11888123,74150,74160,10
12.9281702,80.11927032,74160,74259,99
12.9281702,80.11927032,74259,74269,10
12.92827988,80.11949921,74269,74875,606
12.92848969,80.11971283,74875,75167,292
12.92844009,80.11955261,75167,75531,364
12.92844009,80.11955261,75531,75541,10
12.92842007,80.11968231,75541,75551,10
12.92860031,80.11985016,75551,75561,10
12.92891026,80.12016296,75561,75571,10
12.92940998,80.1206665,75571,75581,10
12.93008041,80.12135315,75581,75591,10
12.93080997,80.1220932,75591,75601,10
12.93150043,80.12280273,75601,75632,31
12.93150043,80.12280273,75632,75642,10
12.93155956,80.12286377,75642,75652,10
12.93173981,80.12303925,75652,75662,10
12.93223,80.12352753,75662,75672,10
12.93290043,80.12419128,75672,75682,10
12.93373966,80.12503052,75682,75692,10
12.93463993,80.12589264,75692,75702,10
12.93540955,80.12653351,75702,75712,10
12.93585014,80.12683105,75712,75733,21
12.93585014,80.12683105,75733,75743,10
12.93599033,80.1269989,75743,75753,10
12.93634033,80.12734222,75753,75763,10
12.9365797,80.12757874,75763,75773,10
12.93675041,80.1277771,75773,75783,10
12.93704987,80.12799835,75783,75793,10
12.93712044,80.12802887,75793,75803,10
12.93729019,80.12818146,75803,75813,10
12.93764019,80.12847137,75813,75824,11
12.93836021,80.12909698,75824,75834,10
12.93922997,80.12988281,75834,75844,10
12.94023991,80.13082123,75844,75854,10
12.94118977,80.13179779,75854,75864,10
12.94198036,80.13259888,75864,75874,10
12.94242001,80.13308716,75874,75884,10
12.9429903,80.1337204,75884,75894,10
12.94363022,80.13433838,75894,75904,10
12.94414043,80.134758,75904,75914,10
12.94470978,80.13523865,75914,75924,10
12.94550037,80.13584137,75924,75941,17
12.94694996,80.13694,75941,75953,12
12.94789982,80.13758087,75953,75963,10
12.94855976,80.13802338,75963,75973,10
12.94954967,80.13876343,75973,75983,10
12.95024014,80.13929749,75983,75993,10
12.95094013,80.1397171,75993,76003,10
12.95121002,80.13990021,76003,76013,10
12.95127964,80.13993835,76013,76023,10
12.95151997,80.14013672,76023,76032,9
12.9518404,80.14038849,76032,76044,12
12.95215034,80.14083099,76044,76054,10
12.95281029,80.14135742,76054,76064,10
12.95361996,80.14186096,76064,76074,10
12.95442009,80.14228058,76074,76084,10
12.95514011,80.14266968,76084,76094,10
12.95576,80.14299774,76094,76104,10
12.95610046,80.14315033,76104,76114,10
12.95666981,80.14347839,76114,76124,10
12.95744038,80.14389038,76124,76134,10
12.95837021,80.14440155,76134,76145,11
12.95956039,80.14504242,76145,76155,10
12.96051025,80.14553833,76155,76165,10
12.96080971,80.14572144,76165,76185,20
12.96080971,80.14572144,76185,76195,10
12.96113968,80.14585876,76195,76205,10
12.96173,80.1461792,76205,76215,10
12.96259975,80.14665985,76215,76225,10
12.96358967,80.1472168,76225,76235,10
12.96448994,80.14769745,76235,76245,10
12.96537018,80.1481781,76245,76256,11
12.96638012,80.1486969,76256,76266,10
12.96712017,80.14901733,76266,76276,10
12.96735954,80.1491394,76276,76286,10
12.96741009,80.14919281,76286,76296,10
12.96780968,80.14942932,76296,76306,10
12.96864986,80.14975739,76306,76336,30
12.96864986,80.14975739,76336,76346,10
12.96883011,80.14984894,76346,76357,11
12.96924973,80.15010071,76357,76367,10
12.96996975,80.15045166,76367,76377,10
12.97091007,80.15090942,76377,76387,10
12.97177029,80.15132141,76387,76403,16
12.97200012,80.15144348,76403,76415,12
12.97231007,80.1517334,76415,76423,8
12.97264004,80.15219116,76423,76435,12
12.97315979,80.15294647,76435,76445,10
12.97327042,80.15312958,76445,76455,10
12.97344017,80.15338898,76455,76465,10
12.97385979,80.15399933,76465,76476,11
12.97451973,80.15493774,76476,76486,10
12.97525024,80.15599823,76486,76496,10
12.97603035,80.15715027,76496,76506,10
12.97681999,80.15828705,76506,76516,10
12.97751999,80.15927124,76516,76526,10
12.97817039,80.16023254,76526,76535,9
12.97871017,80.16095734,76535,76545,10
12.97922039,80.16165924,76545,76556,11
12.97986984,80.16252899,76556,76566,10
12.98007965,80.16294861,76566,76577,11
12.98007965,80.16297913,76577,76587,10
12.98015022,80.16336823,76587,76597,10
12.98031044,80.16404724,76597,76607,10
12.98058033,80.16494751,76607,76617,10
12.98110008,80.16596985,76617,76627,10
12.98165989,80.16687012,76627,76637,10
12.98217964,80.16773224,76637,76647,10
12.98278999,80.16876984,76647,76657,10
12.98346043,80.16988373,76657,76667,10
12.98406982,80.17095947,76667,76678,11
12.98462009,80.17201996,76678,76688,10
12.98523998,80.17301941,76688,76698,10
12.98600006,80.17414856,76698,76708,10
12.98674011,80.17523193,76708,76718,10
12.98740959,80.17622375,76718,76728,10
12.98797989,80.17701721,76728,76738,10
12.98857021,80.17780304,76738,76748,10
12.98915958,80.17855835,76748,76758,10
12.98952007,80.17903137,76758,76768,10
12.99001026,80.1796875,76768,76778,10
12.99063969,80.18048859,76778,76789,11
12.99135971,80.18141937,76789,76799,10
12.99209976,80.18240356,76799,76808,9
12.99271011,80.18328857,76808,76819,11
12.99324989,80.18421936,76819,76829,10
12.99372959,80.18505096,76829,76839,10
12.99392033,80.18540192,76839,76849,10
12.99413013,80.18588257,76849,76859,10
12.99454975,80.1866684,76859,76869,10
12.99505997,80.18763733,76869,76879,10
12.99549961,80.18852234,76879,76890,11
12.9958601,80.18916321,76890,76900,10
12.99596024,80.18927765,76900,76910,10
12.99627018,80.18966675,76910,76920,10
12.99685955,80.19030762,76920,76930,10
12.99744034,80.19100189,76930,76940,10
12.99790001,80.19158173,76940,76950,10
12.99841976,80.19223785,76950,76960,10
12.99905968,80.19303131,76960,76970,10
12.99960995,80.19374847,76970,76980,10
13.0002203,80.19452667,76980,76990,10
13.0009203,80.19538879,76990,77001,11
13.00154972,80.19618225,77001,77011,10
13.00207043,80.19702911,77011,77021,10
13.00193024,80.19828033,77021,77031,10
13.00174999,80.19940948,77031,77041,10
13.00216007,80.20040131,77041,77051,10
13.00366974,80.20088959,77051,77071,20
13.00366974,80.20088959,77071,77081,10
13.00372028,80.20095062,77081,77091,10
13.00419044,80.20111084,77091,77102,11
13.00508022,80.20152283,77102,77112,10
13.00584984,80.20243835,77112,77122,10
13.0065403,80.20337677,77122,77132,10
13.00728989,80.20372772,77132,77142,10
13.00817013,80.20378113,77142,77152,10
13.00829029,80.20301819,77152,77162,10
13.00759029,80.20320892,77162,77172,10
13.00763988,80.2041626,77172,77182,10
13.00765991,80.20540619,77182,77192,10
13.00782013,80.20670319,77192,77202,10
13.00800037,80.20797729,77202,77213,11
13.00825977,80.20948029,77213,77222,9
13.00858021,80.21040344,77222,77233,11
13.00926018,80.21102142,77233,77243,10
13.0092802,80.21135712,77243,77283,40
13.0092802,80.21135712,77283,77293,10
13.00955963,80.21170807,77293,77364,71
13.00955963,80.21170807,77364,77374,10
13.00911999,80.21154785,77374,77394,20
13.00911999,80.21154785,77394,77404,10
13.00909996,80.21180725,77404,77414,10
13.00924015,80.21219635,77414,77425,11
13.00946045,80.21291351,77425,77435,10
13.00975037,80.21369171,77435,77445,10
13.01006985,80.21446991,77445,77455,10
13.01027012,80.21543121,77455,77465,10
13.01056957,80.21639252,77465,77475,10
13.01101017,80.21736145,77475,77485,10
13.01144028,80.21845245,77485,77495,10
13.01191044,80.21981812,77495,77505,10
13.01229,80.22104645,77505,77514,9
13.01239014,80.22161102,77514,77526,12
13.01278019,80.22215271,77526,77536,10
13.01323032,80.22267151,77536,77546,10
13.01366997,80.22319794,77546,77556,10
13.01416016,80.22380829,77556,77566,10
13.01463032,80.22444153,77566,77576,10
13.01523018,80.22505188,77576,77586,10
13.01546001,80.22541809,77586,77596,10
13.01539993,80.22567749,77596,77606,10
13.01506042,80.22598267,77606,77616,10
13.01439953,80.22622681,77616,77626,10
13.01362038,80.22660065,77626,77637,11
13.01249981,80.22705078,77637,77647,10
13.01126957,80.22753143,77647,77657,10
13.01004982,80.2279892,77657,77667,10
13.00912952,80.22847748,77667,77677,10
13.00889969,80.22947693,77677,77687,10
13.00866985,80.23075867,77687,77697,10
13.00842953,80.23213959,77697,77707,10
13.00819969,80.23364258,77707,77727,20
13.00819969,80.23364258,77727,77738,11
13.00804043,80.23400879,77738,77748,10
13.00790024,80.23477936,77748,77758,10
13.00769997,80.23586273,77758,77768,10
13.00743961,80.23710632,77768,77778,10
13.00724983,80.23828888,77778,77788,10
13.00710011,80.23916626,77788,77798,10
13.00691986,80.2399826,77798,77808,10
13.00695992,80.24025726,77808,77818,10
13.00730038,80.24031067,77818,77828,10
13.00732994,80.2403183,77828,77838,10
13.00753021,80.24038696,77838,77849,11
13.00821972,80.240448,77849,77859,10
13.00909042,80.24049377,77859,77869,10
13.01014996,80.24047089,77869,77879,10
13.01136971,80.24044037,77879,77889,10
13.01272964,80.24041748,77889,77899,10
13.01414967,80.24043274,77899,77909,10
13.01558018,80.24060059,77909,77919,10
13.01692963,80.24085999,77919,77929,10
13.01793957,80.24111938,77929,77970,41
13.01793957,80.24111938,77970,77980,10
13.01815987,80.24127197,77980,77990,10
13.01877975,80.2414093,77990,78000,10
13.01970959,80.24167633,78000,78010,10
13.02083969,80.24205017,78010,78020,10
13.02194977,80.24243164,78020,78030,10
13.02320957,80.24282074,78030,78050,20
13.02320957,80.24282074,78050,78061,11
13.02342033,80.24286652,78061,78071,10
13.02390003,80.24308777,78071,78081,10
13.02462959,80.24336243,78081,78091,10
13.0255003,80.24365997,78091,78101,10
13.02649975,80.24401093,78101,78111,10
13.02735043,80.24452972,78111,78121,10
13.02766991,80.24546051,78121,78131,10
13.02840042,80.24565887,78131,78141,10
13.02921009,80.24568176,78141,78151,10
13.02947998,80.24620056,78151,78162,11
13.02937984,80.24707031,78162,78172,10
13.02921963,80.24781799,78172,78182,10
13.02910995,80.24865723,78182,78192,10
13.02896976,80.24926758,78192,78202,10
13.02896976,80.24933624,78202,78212,10
13.02892971,80.24945068,78212,78222,10
13.02890968,80.24971008,78222,78262,40
13.02890968,80.24971008,78262,78273,11
13.02879047,80.24978638,78273,78283,10
13.02861023,80.25022125,78283,78293,10
13.02828979,80.25073242,78293,78303,10
13.02787018,80.25140381,78303,78313,10
13.02762032,80.25209808,78313,78323,10
13.02742958,80.25276184,78323,78333,10
13.02725983,80.25354767,78333,78343,10
13.02717018,80.25418854,78343,78353,10
13.02713966,80.25434113,78353,78363,10
13.02709007,80.25475311,78363,78374,11
13.02705002,80.25556183,78374,78384,10
13.02705956,80.25643921,78384,78434,50
13.02705956,80.25643921,78434,78444,10
13.02709961,80.25673676,78444,78454,10
13.02707005,80.25708771,78454,78464,10
13.02702999,80.25760651,78464,78474,10
13.02703953,80.25839233,78474,78485,11
13.02703953,80.25920868,78485,78495,10
13.02707958,80.2599411,78495,78505,10
13.02690983,80.26033783,78505,78515,10
13.02682018,80.26119995,78515,78525,10
13.02672005,80.26194763,78525,78535,10
13.02665997,80.2627182,78535,78545,10
13.02665997,80.26334381,78545,78555,10
13.02713966,80.26347351,78555,78565,10
13.02779961,80.2636795,78565,78575,10
13.02847004,80.26387024,78575,78585,10
13.02912998,80.26406097,78585,78596,11
13.02931023,80.26413727,78596,78606,10
13.02929974,80.26452637,78606,78616,10
13.0292902,80.2651062,78616,78626,10
13.02921963,80.26586151,78626,78646,20
13.02921963,80.26586151,78646,78656,10
13.02919006,80.26616669,78656,78666,10
13.02912045,80.26643372,78666,78676,10
13.02886009,80.26634979,78676,78686,10
13.02857971,80.26634216,78686,78697,11
13.0280304,80.2662735,78697,78707,10
13.02738953,80.26622009,78707,78717,10
13.02686977,80.26609802,78717,78727,10
13.02682972,80.26609802,78727,78737,10
13.02639961,80.26598358,78737,78777,40
13.02639961,80.26598358,78777,78787,10
13.02620983,80.26596069,78787,78798,11
13.02626991,80.26560974,78798,78808,10
13.02632046,80.26519012,78808,78818,10
13.02637959,80.26444244,78818,78898,80
13.02645016,80.26422119,78898,79070,172
13.02647972,80.26423645,79070,79161,91
13.02663994,80.26412201,79161,79423,262
13.02651024,80.26434326,79423,80564,1141
13.02628994,80.26423645,80564,80675,111
13.02653027,80.26413727,80675,80817,142
13.02643013,80.26428223,80817,81545,728
13.02628994,80.26418304,81545,84090,2545
13.0265398,80.2641983,84090,84120,30
13.02647972,80.2638092,84120,84160,40
13.02649975,80.26412964,84160,85109,949
13.02651024,80.26442719,85109,85584,475
13.02641964,80.26403809,85584,86068,484
