13.0339098,80.2053299,19,433,414
13.03382969,80.20532227,433,6197,5764
13.03388023,80.20555115,6197,6954,757
13.03380013,80.20545197,6954,7125,171
13.03380013,80.2053833,7125,7852,727
13.03380013,80.2053833,7852,7862,10
13.03398037,80.20530701,7862,8538,676
13.03394032,80.2053299,8538,8639,101
13.03398991,80.20529175,8639,10597,1958
13.0340004,80.20549011,10597,10849,252
13.03384018,80.20543671,10849,11031,182
13.03384018,80.20543671,11031,11041,10
13.0340004,80.20558167,11041,12534,1493
13.03386974,80.20543671,12534,18560,6026
13.03425026,80.20554352,18560,18600,40
13.03425026,80.20554352,18600,18610,10
13.03460979,80.20558167,18610,18620,10
13.03477955,80.20554352,18620,18631,11
13.03483963,80.20536041,18631,18641,10
13.03479004,80.20523071,18641,18651,10
13.03437996,80.2052002,18651,18822,171
13.03400993,80.20507813,18822,19276,454
13.03392029,80.20517731,19276,19438,162
13.03396034,80.20513916,19438,19478,40
13.03394032,80.20509338,19478,19720,242
13.03394032,80.20509338,19720,19730,10
13.03402042,80.20503235,19730,22616,2886
13.0343399,80.20510101,22616,26582,3966
13.0343399,80.20510101,26582,26592,10
13.03427982,80.20513153,26592,26602,10
13.03442955,80.20554352,26602,26611,9
13.03464031,80.20559692,26611,26622,11
13.03485012,80.20545197,26622,26632,10
13.03485012,80.20543671,26632,26643,11
13.03487968,80.20530701,26643,26653,10
13.03512001,80.20516205,26653,26733,80
13.03512001,80.20516205,26733,26743,10
13.03553009,80.20517731,26743,26895,152
13.03553009,80.20517731,26895,26905,10
13.03571987,80.20527649,26905,26915,10
13.03588009,80.20533752,26915,26925,10
13.03588963,80.20561218,26925,26935,10
13.03581047,80.20600891,26935,26945,10
13.03571987,80.20648193,26945,26955,10
13.03559017,80.20728302,26955,26965,10
13.03549004,80.20815277,26965,26976,11
13.03544998,80.2084198,26976,26986,10
13.03540993,80.20858002,26986,26996,10
13.03532028,80.20916748,26996,27006,10
13.03520012,80.2098999,27006,27016,10
13.03507996,80.21047974,27016,27026,10
13.03501987,80.21099091,27026,27036,10
13.03501034,80.21122742,27036,27046,10
13.03499031,80.21141815,27046,27056,10
13.03491974,80.21195984,27056,27066,10
13.03544044,80.21222687,27066,27076,10
13.03619957,80.21227264,27076,27087,11
13.03717041,80.21230316,27087,27097,10
13.03740978,80.21266174,27097,27107,10
13.03771019,80.21315765,27107,27117,10
13.03837967,80.21363831,27117,27127,10
13.03915977,80.21417999,27127,27137,10
13.0399704,80.21473694,27137,27147,10
13.04071045,80.21524811,27147,27157,10
13.04144001,80.21575928,27157,27167,10
13.04203987,80.21614838,27167,27177,10
13.04220009,80.21623993,27177,27187,10
13.04253006,80.21647644,27187,27198,11
13.04316044,80.21694183,27198,27208,10
13.04370975,80.2173233,27208,27218,10
13.04424953,80.2177124,27218,27228,10
13.04500008,80.21823883,27228,27238,10
13.04592037,80.21855164,27238,27248,10
13.04679966,80.21878815,27248,27258,10
13.04726982,80.21893311,27258,27268,10
13.04755974,80.21901703,27268,27278,10
13.04821968,80.21920013,27278,27288,10
13.04901981,80.21942902,27288,27298,10
13.04981995,80.21965027,27298,27309,11
13.05070972,80.21988678,27309,27319,10
13.05154991,80.22013855,27319,27329,10
13.05208015,80.22013855,27329,27345,16
13.05247021,80.22048187,27345,27357,12
13.05268955,80.22132111,27357,27367,10
13.05292988,80.22225189,27367,27377,10
13.0531702,80.22305298,27377,27386,9
13.05329037,80.22348022,27386,27397,11
13.05335045,80.22367859,27397,27407,10
13.05338955,80.22386932,27407,27417,10
13.05348015,80.22437286,27417,27428,11
13.05364037,80.22512054,27428,27438,10
13.05377007,80.22577667,27438,27447,9
13.05383015,80.22614288,27447,27458,11
13.05383015,80.22615051,27458,27468,10
13.05385971,80.2264328,27468,27478,10
13.05391026,80.22705841,27478,27488,10
13.05401993,80.22788239,27488,27498,10
13.05405998,80.22814178,27498,27508,10
13.05408001,80.22850037,27508,27518,10
13.05412006,80.22904205,27518,27529,11
13.05416012,80.22975922,27529,27539,10
13.05416965,80.23040771,27539,27549,10
13.05416012,80.23062897,27549,27558,9
13.05389023,80.23059845,27558,27568,10
13.05333996,80.23053741,27568,27579,11
13.05247974,80.23039246,27579,27589,10
13.05212975,80.23036194,27589,27599,10
13.0520401,80.23034668,27599,27609,10
13.05171013,80.23029327,27609,27619,10
13.05099964,80.23018646,27619,27629,10
13.05012989,80.23008728,27629,27640,11
13.04916,80.23007965,27640,27650,10
13.04833031,80.23005676,27650,27659,9
13.04794025,80.2303009,27659,27670,11
13.0476799,80.23101044,27670,27680,10
13.04755974,80.23197937,27680,27690,10
13.04747963,80.23272705,27690,27700,10
13.04767036,80.23307037,27700,27710,10
13.04829025,80.23317719,27710,27720,10
13.04911041,80.23336792,27720,27730,10
13.04990005,80.23358917,27730,27740,10
13.05058002,80.2337265,27740,27750,10
13.05072975,80.23377991,27750,27761,11
13.05136967,80.23390198,27761,27771,10
13.05222034,80.23409271,27771,27781,10
13.05319023,80.23435974,27781,27791,10
13.05373001,80.23451233,27791,27807,16
13.05377007,80.23484802,27807,27819,12
13.05360031,80.235672,27819,27829,10
13.05346966,80.23625183,27829,27839,10
13.05337048,80.23680115,27839,27849,10
13.05327988,80.23729706,27849,27859,10
13.0531702,80.23800659,27859,27870,11
13.05300045,80.23883057,27870,27880,10
13.05278969,80.23969269,27880,27890,10
13.0526104,80.24041748,27890,27900,10
13.05255032,80.24121094,27900,27909,9
13.05282021,80.24169922,27909,27920,11
13.05350971,80.24201965,27920,27929,9
13.05362034,80.24207306,27929,27940,11
13.05403996,80.24224091,27940,27950,10
13.05475998,80.2423172,27950,27960,10
13.05564022,80.24224091,27960,27970,10
13.05655956,80.24260712,27970,28011,41
13.05655956,80.24260712,28011,28021,10
13.05708027,80.2427063,28021,28031,10
13.05770016,80.2427597,28031,28041,10
13.05838013,80.24263763,28041,28051,10
13.05897999,80.24255371,28051,28061,10
13.05908966,80.24252319,28061,28071,10
13.05937958,80.24250031,28071,28081,10
13.06004047,80.24272156,28081,28092,11
13.06091976,80.2430191,28092,28102,10
13.06163979,80.24320984,28102,28112,10
13.0619297,80.24324036,28112,28122,10
13.06243992,80.24333191,28122,28132,10
13.06311989,80.24344635,28132,28142,10
13.06369972,80.24349976,28142,28152,10
13.06414986,80.24352264,28152,28162,10
13.0648098,80.2435379,28162,28172,10
13.06536007,80.24359894,28172,28182,10
13.06604004,80.24365997,28182,28192,10
13.06620026,80.2443924,28192,28203,11
13.06637955,80.24543762,28203,28213,10
13.06694031,80.24609375,28213,28223,10
13.06776047,80.24651337,28223,28233,10
13.06795979,80.24730682,28233,28243,10
13.06791019,80.24790192,28243,28253,10
13.06789017,80.2481308,28253,28263,10
13.06785965,80.24845123,28263,28273,10
13.06774998,80.24913788,28273,28283,10
13.06762981,80.24983978,28283,28293,10
13.06748009,80.25067902,28293,28304,11
13.06737995,80.251297,28304,28314,10
13.06739998,80.25193787,28314,28324,10
13.06801987,80.25243378,28324,28334,10
13.06816006,80.25305176,28334,28344,10
13.06756973,80.25356293,28344,28354,10
13.06739998,80.25366974,28354,28364,10
13.06700993,80.25395966,28364,28374,10
13.06711006,80.25447845,28374,28384,10
13.0676899,80.25505066,28384,28394,10
13.06832027,80.25569916,28394,28404,10
13.06898022,80.25637054,28404,28414,10
13.06960011,80.25698853,28414,28425,11
13.07034969,80.25776672,28425,28435,10
13.07096004,80.25845337,28435,28445,10
13.07147026,80.25895691,28445,28455,10
13.0715704,80.25907898,28455,28465,10
13.07164001,80.25917816,28465,28475,10
13.07194042,80.25948334,28475,28485,10
13.07231045,80.25990295,28485,28495,10
13.0728302,80.26049805,28495,28505,10
13.07328987,80.26077271,28505,28515,10
13.07338047,80.2612381,28515,28525,10
13.07388973,80.26177979,28525,28536,11
13.07431984,80.26229858,28536,28546,10
13.07487011,80.26302338,28546,28556,10
13.07540989,80.26376343,28556,28566,10
13.07584,80.26423645,28566,28576,10
13.07629013,80.26421356,28576,28586,10
13.07691956,80.26412964,28586,28596,10
13.07750034,80.2639389,28596,28606,10
13.07785988,80.26363373,28606,28616,10
13.07831955,80.26361847,28616,28637,21
13.07831955,80.26361847,28637,28647,10
13.07835007,80.26384735,28647,28657,10
13.07843971,80.26441193,28657,28667,10
13.0785799,80.2651062,28667,28677,10
13.07896996,80.26534271,28677,28687,10
13.07971001,80.26522827,28687,28697,10
13.08063984,80.26512146,28697,28727,30
13.08063984,80.26512146,28727,28737,10
13.08067036,80.26512146,28737,28747,10
13.08078957,80.26535034,28747,28758,11
13.08078003,80.26608276,28758,28768,10
13.08076,80.26703644,28768,28778,10
13.08076,80.26817322,28778,28788,10
13.08078957,80.26920319,28788,28798,10
13.08082008,80.27010345,28798,28808,10
13.08088017,80.27072144,28808,28818,10
13.08096981,80.27098083,28818,28828,10
13.08131027,80.2714386,28828,28838,10
13.08150959,80.2722168,28838,28848,10
13.08146954,80.27297974,28848,28857,9
13.08152008,80.27364349,28857,28869,12
13.08201981,80.27427673,28869,28878,9
13.08205986,80.2751236,28878,28910,32
13.08205986,80.2751236,28910,28920,10
13.08207035,80.27528381,28920,28930,10
13.08211994,80.27557373,28930,28940,10
13.08203983,80.27591705,28940,28950,10
13.08185959,80.27615356,28950,28960,10
13.08191967,80.27670288,28960,28970,10
13.08201981,80.27748871,28970,28981,11
13.08216,80.27809906,28981,28991,10
13.08216953,80.2781601,28991,29001,10
13.08218002,80.27850342,29001,29011,10
13.08220005,80.27919769,29011,29021,10
13.08228016,80.28015137,29021,29031,10
13.0823698,80.28115845,29031,29041,10
13.08253956,80.28185272,29041,29051,10
13.08304024,80.28211975,29051,29061,10
13.08308029,80.28211975,29061,29071,10
13.08339977,80.28233337,29071,29081,10
13.08397961,80.28270721,29081,29092,11
13.08469963,80.28325653,29092,29102,10
13.08520985,80.28369904,29102,29112,10
13.08555984,80.28359222,29112,29122,10
13.08598995,80.28357697,29122,29132,10
13.08638,80.283638,29132,29142,10
13.08675003,80.28373718,29142,29152,10
13.08714962,80.28368378,29152,29213,61
13.08753014,80.28366852,29213,29263,50
13.08753014,80.28366852,29263,29273,10
13.08784008,80.28366852,29273,29334,61
13.08784008,80.28366852,29334,29344,10
13.08806038,80.28368378,29344,29354,10
13.08819962,80.28363037,29354,29364,10
13.08835983,80.28340912,29364,29374,10
13.08833027,80.28278351,29374,29384,10
13.08823967,80.28204346,29384,29394,10
13.08780956,80.28146362,29394,29404,10
13.08699989,80.28124237,29404,29415,11
13.08662033,80.2811203,29415,29425,10
13.08635044,80.28105164,29425,29435,10
13.08590031,80.28089905,29435,29445,10
13.08563995,80.28034973,29445,29455,10
13.0853796,80.27960205,29455,29465,10
13.0846796,80.27928925,29465,29475,10
13.08388996,80.27916718,29475,29485,10
13.08312035,80.27887726,29485,29495,10
13.08242989,80.27858734,29495,29515,20
13.08242989,80.27858734,29515,29526,11
13.0822897,80.27852631,29526,29536,10
13.08199978,80.27822113,29536,29546,10
13.08185959,80.27742004,29546,29576,30
13.08185959,80.27742004,29576,29586,10
13.08181953,80.27709961,29586,29596,10
13.08180046,80.27661896,29596,29606,10
13.08164024,80.27590179,29606,29616,10
13.08156967,80.27555847,29616,29626,10
13.08156967,80.27555084,29626,29637,11
13.08154011,80.27516174,29637,29647,10
13.08156013,80.27493286,29647,29657,10
13.08150005,80.27455139,29657,29667,10
13.08146,80.27417755,29667,29677,10
13.08145046,80.27385712,29677,29687,10
13.08137989,80.27339935,29687,29697,10
13.08131027,80.2730484,29697,29717,20
13.08131027,80.2730484,29717,29727,10
13.08139992,80.27278137,29727,29737,10
13.08139038,80.27217102,29737,29748,11
13.08119011,80.27144623,29748,29758,10
13.08092022,80.27120972,29758,29768,10
13.08090973,80.27118683,29768,29778,10
13.08082008,80.27092743,29778,29788,10
13.08073997,80.27037811,29788,29798,10
13.08076954,80.26959991,29798,29808,10
13.08075047,80.26866913,29808,29818,10
13.08073044,80.26790619,29818,29828,10
13.08071041,80.26753998,29828,29838,10
13.08069992,80.26698303,29838,29848,10
13.08069992,80.26616669,29848,29858,10
13.08069038,80.26537323,29858,29869,11
13.08061028,80.26522827,29869,29879,10
13.08030987,80.26525116,29879,29895,16
13.07958031,80.26531982,29895,29907,12
13.07901001,80.26538086,29907,29917,10
13.07866001,80.26538086,29917,29927,10
13.07845974,80.2647171,29927,29938,11
13.07831955,80.26399994,29938,29948,10
13.0778904,80.26365662,29948,29968,20
13.0778904,80.26365662,29968,29979,11
13.07775021,80.26374054,29979,29989,10
13.07740021,80.26394653,29989,29999,10
13.07705021,80.26409912,29999,30009,10
13.07693958,80.26410675,30009,30019,10
13.07653046,80.2641983,30019,30029,10
13.07588959,80.26426697,30029,30039,10
13.07548046,80.2639389,30039,30049,10
13.07503986,80.26329041,30049,30059,10
13.0745697,80.26264954,30059,30069,10
13.07415962,80.26215363,30069,30079,10
13.0737896,80.26174927,30079,30089,10
13.07371044,80.26167297,30089,30100,11
13.07363987,80.26159668,30100,30110,10
13.07332993,80.26138306,30110,30120,10
13.07306004,80.26106262,30120,30130,10
13.07279015,80.26052856,30130,30140,10
13.07254028,80.26026154,30140,30269,129
13.07254028,80.26026154,30269,30278,9
13.07231998,80.2599411,30278,30288,10
13.07196045,80.25953674,30288,30299,11
13.07188034,80.25946808,30299,30309,10
13.07168007,80.25926971,30309,30319,10
13.07133961,80.25891876,30319,30330,11
13.0707798,80.25830078,30330,30340,10
13.07028961,80.25775909,30340,30350,10
13.06989956,80.25733948,30350,30359,9
13.06933975,80.25676727,30359,30370,11
13.06871033,80.25611877,30370,30379,9
13.06814957,80.25554657,30379,30389,10
13.06748009,80.25495911,30389,30400,11
13.06688023,80.25435638,30400,30410,10
13.06680965,80.25427246,30410,30420,10
13.06688023,80.25395966,30420,30431,11
13.06727028,80.25361633,30431,30441,10
13.06729984,80.25361633,30441,30451,10
13.0676403,80.25341034,30451,30461,10
13.06814957,80.25296783,30461,30471,10
13.06725979,80.25192261,30471,30481,10
13.06725979,80.25192261,30481,30491,10
13.0673399,80.25125885,30491,30501,10
13.06752014,80.25015259,30501,30521,20
13.06752014,80.25015259,30521,30531,10
13.06758022,80.24996185,30531,30542,11
13.06766987,80.24936676,30542,30553,11
13.06779003,80.2485199,30553,30563,10
13.0675602,80.24794006,30563,30573,10
13.06684971,80.24787903,30573,30583,10
13.06669998,80.24786377,30583,30592,9
13.06655979,80.24787903,30592,30603,11
13.06612015,80.24784088,30603,30613,10
13.06544018,80.24774933,30613,30623,10
13.06478024,80.24770355,30623,30633,10
13.06387043,80.24764252,30633,30644,11
13.06293964,80.24759674,30644,30654,10
13.06219959,80.24761963,30654,30664,10
13.06159973,80.24736023,30664,30673,9
13.06140995,80.24688721,30673,30684,11
13.06184006,80.24627686,30684,30694,10
13.06204987,80.2454071,30694,30704,10
13.06270981,80.24472809,30704,30714,10
13.06317997,80.24423218,30714,30724,10
13.0632,80.2441864,30724,30734,10
13.0633297,80.24394226,30734,30744,10
13.06338024,80.24349976,30744,30755,11
13.0627203,80.24337769,30755,30765,10
13.0620203,80.24323273,30765,30775,10
13.06120014,80.24308777,30775,30785,10
13.06035995,80.24284363,30785,30795,10
13.05967999,80.24262238,30795,30805,10
13.05924034,80.24256134,30805,30815,10
13.05877972,80.24259949,30815,30825,10
13.05875969,80.24259949,30825,30835,10
13.05854034,80.24259949,30835,30845,10
13.05811977,80.24268341,30845,30855,10
13.05737019,80.24281311,30855,30866,11
13.05685997,80.2427597,30866,30876,10
13.05636024,80.2425766,30876,30886,10
13.05576992,80.24233246,30886,30896,10
13.05496025,80.24240112,30896,30906,10
13.0537796,80.24226379,30906,30936,30
13.0537796,80.24226379,30936,30946,10
13.05364037,80.24217987,30946,30956,10
13.05323982,80.24198151,30956,30966,10
13.05259991,80.24169159,30966,30977,11
13.05212021,80.24105072,30977,30987,10
13.05185032,80.24073792,30987,30997,10
13.05152035,80.24063873,30997,31007,10
13.05105972,80.24056244,31007,31017,10
13.05095005,80.24053955,31017,31027,10
13.05053997,80.24046326,31027,31037,10
13.04990005,80.24031067,31037,31047,10
13.04922009,80.24017334,31047,31057,10
13.04872036,80.2400589,31057,31067,10
13.04798985,80.23992157,31067,31077,10
13.04740047,80.2397995,31077,31088,11
13.04658031,80.23961639,31088,31098,10
13.04625988,80.23937988,31098,31108,10
13.04638004,80.23890686,31108,31118,10
13.0465498,80.2381134,31118,31128,10
13.04673958,80.23722839,31128,31138,10
13.04689026,80.23641968,31138,31148,10
13.0469799,80.23602295,31148,31158,10
13.04703045,80.23564911,31158,31168,10
13.04708004,80.23531342,31168,31178,10
13.04716015,80.23468781,31178,31188,10
13.04726982,80.23390198,31188,31199,11
13.04736042,80.23301697,31199,31209,10
13.04749012,80.23232269,31209,31219,10
13.04757977,80.2315979,31219,31229,10
13.04765987,80.23088074,31229,31238,9
13.04759979,80.23032379,31238,31249,11
13.04708958,80.2298584,31249,31259,10
13.04619026,80.2297287,31259,31269,10
13.04520035,80.22955322,31269,31279,10
13.04463005,80.22943878,31279,31289,10
13.04442024,80.22937012,31289,31299,10
13.04397964,80.22924805,31299,31310,11
13.04395962,80.22894287,31310,31320,10
13.04409981,80.22836304,31320,31330,10
13.04421043,80.22801971,31330,31340,10
13.04432011,80.22760773,31340,31350,10
13.04448986,80.22695923,31350,31360,10
13.04469967,80.22621155,31360,31370,10
13.04485989,80.22573853,31370,31380,10
13.0453701,80.22580719,31380,31390,10
13.04596043,80.2259903,31390,31400,10
13.04601002,80.22602081,31400,31410,10
13.04613972,80.22605896,31410,31421,11
13.04658985,80.22619629,31421,31431,10
13.04718971,80.22641754,31431,31441,10
13.04784012,80.22662354,31441,31451,10
13.04827976,80.22675323,31451,31461,10
13.0489502,80.22692108,31461,31477,16
13.05031967,80.22711945,31477,31489,12
13.05107975,80.22727203,31489,31498,9
13.05167961,80.22740936,31498,31509,11
13.05239964,80.22756195,31509,31519,10
13.0528698,80.22767639,31519,31529,10
13.05352974,80.22779083,31529,31540,11
13.05385971,80.22743225,31540,31560,20
13.05385971,80.22743225,31560,31570,10
13.05385017,80.22734833,31570,31580,10
13.05383015,80.22692871,31580,31590,10
13.05375004,80.22625732,31590,31600,10
13.05358982,80.22540283,31600,31610,10
13.05338001,80.22460175,31610,31630,20
13.05338001,80.22460175,31630,31640,10
13.05338001,80.22454834,31640,31651,11
13.05331993,80.22412109,31651,31660,9
13.0532198,80.22358704,31660,31671,11
13.0530901,80.22302246,31671,31681,10
13.05294991,80.22252655,31681,31691,10
13.05280018,80.22197723,31691,31701,10
13.0526104,80.22129822,31701,31711,10
13.05241013,80.22062683,31711,31721,10
13.05181026,80.22028351,31721,31762,41
13.05181026,80.22028351,31762,31772,10
13.05152035,80.22013855,31772,31782,10
13.05101967,80.21997833,31782,31792,10
13.05027962,80.21977997,31792,31802,10
13.04957962,80.21959686,31802,31812,10
13.04881954,80.21942139,31812,31822,10
13.04796982,80.21917725,31822,31832,10
13.04714966,80.21896362,31832,31842,10
13.04654026,80.21881104,31842,31852,10
13.04648972,80.21880341,31852,31862,10
13.04636002,80.21869659,31862,31873,11
13.04588032,80.21858215,31873,31883,10
13.04516983,80.21836853,31883,31893,10
13.04463959,80.21801758,31893,31903,10
13.04417992,80.21775818,31903,31913,10
13.04405022,80.21768188,31913,31923,10
13.04399967,80.21761322,31923,31933,10
13.04372978,80.21740723,31933,31943,10
13.04333019,80.21710968,31943,31953,10
13.0427599,80.21674347,31953,31963,10
13.04185963,80.21614838,31963,31984,21
13.04185963,80.21614838,31984,31994,10
13.04156971,80.21595001,31994,32004,10
13.04115009,80.21565247,32004,32014,10
13.04053974,80.21524811,32014,32024,10
13.0398798,80.21476746,32024,32034,10
13.03942013,80.2144165,32034,32044,10
13.03913021,80.2142334,32044,32054,10
13.03880978,80.2140274,32054,32070,16
13.0384903,80.21383667,32070,32082,12
13.03785992,80.21337128,32082,32091,9
13.0373497,80.21286011,32091,32102,11
13.03717995,80.21243286,32102,32112,10
13.03672028,80.21240234,32112,32123,11
13.0359602,80.21237183,32123,32133,10
13.03522968,80.21231842,32133,32142,9
13.0343399,80.21215057,32142,32163,21
13.0343399,80.21215057,32163,32173,10
13.03429031,80.21214294,32173,32184,11
13.0340004,80.21204376,32184,32194,10
13.03339005,80.21193695,32194,32205,11
13.03250027,80.21179199,32205,32215,10
13.03199959,80.21147919,32215,32225,10
13.03211021,80.21073914,32225,32235,10
13.03223038,80.2098999,32235,32245,10
13.03267956,80.20976257,32245,32255,10
13.03355026,80.20986938,32255,32265,10
13.03452015,80.20996094,32265,32275,10
13.03516006,80.2097168,32275,32285,10
13.0352602,80.20886993,32285,32316,31
13.0352602,80.20886993,32316,32326,10
13.03528976,80.20854187,32326,32336,10
13.03540039,80.20805359,32336,32346,10
13.03567028,80.20800018,32346,32356,10
13.0362196,80.20809174,32356,32366,10
13.0369997,80.20822144,32366,32376,10
13.03748989,80.2082901,32376,32386,10
13.03812981,80.20839691,32386,32396,10
13.0385704,80.20844269,32396,32406,10
13.03864956,80.20844269,32406,32416,10
13.03894043,80.20848846,32416,32427,11
13.03954029,80.20858002,32427,32437,10
13.04034042,80.20871735,32437,32447,10
13.04129028,80.20886993,32447,32457,10
13.04214001,80.20899963,32457,32467,10
13.04300976,80.2091217,32467,32477,10
13.0436697,80.20921326,32477,32487,10
13.04409027,80.20912933,32487,32497,10
13.04407978,80.20899963,32497,32507,10
13.04405975,80.2087326,32507,32517,10
13.04403973,80.20809937,32517,32527,10
13.04378986,80.20729065,32527,32538,11
13.04319,80.20645905,32538,32548,10
13.04265022,80.20571899,32548,32558,10
13.04201984,80.20535278,32558,32568,10
13.04131985,80.20522308,32568,32578,10
13.04094028,80.20516968,32578,32588,10
13.04074001,80.20513916,32588,32598,10
13.04043007,80.20510101,32598,32608,10
13.0401001,80.2050705,32608,32618,10
13.0397501,80.20501709,32618,32628,10
13.0391798,80.20490265,32628,32638,10
13.03845978,80.20478058,32638,32649,11
13.03816032,80.20461273,32649,32659,10
13.03820038,80.20426178,32659,32669,10
13.03829956,80.20358276,32669,32679,10
13.03841972,80.20279694,32679,32689,10
13.03845024,80.20240021,32689,32699,10
13.03849983,80.20201874,32699,32709,10
13.03851986,80.20188141,32709,32719,10
13.0385704,80.20156097,32719,32729,10
13.03864002,80.20113373,32729,32739,10
13.03872013,80.20046234,32739,32749,10
13.03884983,80.19970703,32749,32759,10
13.0389204,80.19922638,32759,32770,11
13.03892994,80.1990509,32770,32780,10
13.03901005,80.19854736,32780,32790,10
13.03913021,80.19776917,32790,32800,10
13.03925037,80.19696808,32800,32810,10
13.03925991,80.19686127,32810,32820,10
13.03931046,80.19667053,32820,32830,10
13.03936005,80.19625854,32830,32840,10
13.03942013,80.19568634,32840,32850,10
13.0395298,80.19493103,32850,32860,10
13.0396204,80.19425201,32860,32870,10
13.03973007,80.19345856,32870,32881,11
13.03975964,80.19316864,32881,32891,10
13.03944969,80.19300842,32891,32907,16
13.03874016,80.19290924,32907,32919,12
13.03872967,80.19290924,32919,32927,8
13.0384798,80.19286346,32927,32939,12
13.03796005,80.19287109,32939,32949,10
13.03767014,80.19312286,32949,32959,10
13.03754997,80.19387817,32959,32968,9
13.03742981,80.19470978,32968,32979,11
13.03730011,80.19563293,32979,32990,11
13.03724003,80.19602203,32990,33000,10
13.03721046,80.19612885,33000,33010,10
13.03715038,80.19645691,33010,33020,10
13.0370903,80.19683838,33020,33030,10
13.03697968,80.19757843,33030,33040,10
13.03687954,80.19837952,33040,33049,9
13.03684998,80.19856262,33049,33060,11
13.03680992,80.19864655,33060,33070,10
13.0367403,80.19914246,33070,33080,10
13.03664017,80.19994354,33080,33090,10
13.03651047,80.20082092,33090,33101,11
13.03647041,80.20126343,33101,33111,10
13.0364399,80.20134735,33111,33121,10
13.03635979,80.20157623,33121,33131,10
13.0363102,80.20207977,33131,33141,10
13.03619957,80.20291138,33141,33151,10
13.03608036,80.20378113,33151,33161,10
13.03600025,80.20437622,33161,33171,10
13.03590965,80.20501709,33171,33181,10
13.03579998,80.20571136,33181,33191,10
13.03559971,80.20606232,33191,33201,10
13.03540993,80.20601654,33201,33212,11
13.03530025,80.20545959,33212,34089,877
13.03530025,80.20545959,34089,34100,11
13.03534031,80.20533752,34100,34110,10
13.03553009,80.20523071,34110,34120,10
13.03577042,80.2052002,34120,34130,10
13.03584957,80.20477295,34130,34140,10
13.03592968,80.20422363,34140,34150,10
13.03598976,80.20388031,34150,34162,12
13.03610992,80.20316315,34162,34172,10
13.0362196,80.2024231,34172,34182,10
13.03629971,80.2016983,34182,34193,11
13.0363102,80.20152283,34193,34202,9
13.0363102,80.20144653,34202,34213,11
13.03637028,80.20120239,34213,34223,10
13.03645992,80.2006073,34223,34233,10
13.03658009,80.19976807,34233,34243,10
13.03668022,80.1988678,34243,34253,10
13.0367403,80.19837952,34253,34263,10
13.03676033,80.19824219,34263,34273,10
13.03684998,80.19777679,34273,34283,10
13.03689957,80.1974411,34283,34293,10
13.0369997,80.19685364,34293,34303,10
13.03707027,80.19631195,34303,34313,10
13.03707981,80.19629669,34313,34324,11
13.03715038,80.19593811,34324,34334,10
13.03722,80.19548798,34334,34344,10
13.03734016,80.19465637,34344,34354,10
13.03746033,80.19386292,34354,34364,10
13.03754997,80.19309998,34364,34374,10
13.03783035,80.19274902,34374,34384,10
13.03824997,80.19277954,34384,34394,10
13.03870964,80.19284821,34394,34404,10
13.03874016,80.19284821,34404,34414,10
13.03899956,80.19287872,34414,34425,11
13.03958035,80.19300079,34425,34435,10
13.03987026,80.19303894,34435,34445,10
13.04026031,80.19312286,34445,34455,10
13.0408802,80.19319916,34455,34465,10
13.04160023,80.1933136,34465,34475,10
13.04179001,80.19358826,34475,34485,10
13.04176998,80.19393921,34485,34495,10
13.04176044,80.19400787,34495,34505,10
13.0417099,80.19439697,34505,34515,10
13.04164028,80.19503784,34515,34526,11
13.04152966,80.19573975,34526,34535,9
13.04144955,80.19619751,34535,34546,11
13.04139996,80.19673157,34546,34556,10
13.04137993,80.19686127,34556,34566,10
13.04133034,80.19725037,34566,34576,10
13.04125977,80.19789886,34576,34586,10
13.0411396,80.1986618,34586,34596,10
13.04109001,80.19927216,34596,34606,10
13.04104996,80.19937134,34606,34616,10
13.04098034,80.19979095,34616,34626,10
13.04086971,80.20053864,34626,34636,10
13.04074001,80.20142365,34636,34646,10
13.04063988,80.2019577,34646,34657,11
13.04055023,80.20253754,34657,34667,10
13.04043007,80.20330048,34667,34677,10
13.04032993,80.2040329,34677,34687,10
13.04028988,80.20448303,34687,34697,10
13.04024982,80.20464325,34697,34707,10
13.04024982,80.20493317,34707,34717,10
13.04080009,80.20509338,34717,34727,10
13.04117966,80.20513916,34727,34737,10
13.04127979,80.20516968,34737,34747,10
13.04174042,80.20523071,34747,34757,10
13.04244041,80.20536804,34757,34768,11
13.04294014,80.20599365,34768,34778,10
13.04345036,80.20671082,34778,34787,9
13.04389954,80.20733643,34787,34798,11
13.04415989,80.20825958,34798,34808,10
13.04421997,80.20894623,34808,34818,10
13.04421997,80.20902252,34818,34828,10
13.04417992,80.20921326,34828,34838,10
13.04397011,80.20924377,34838,34848,10
13.04347038,80.20916748,34848,34858,10
13.0427103,80.20906067,34858,34868,10
13.04187012,80.20894623,34868,34879,11
13.04098988,80.20883942,34879,34889,10
13.04001999,80.20868683,34889,34899,10
13.03925037,80.20858002,34899,34909,10
13.03890038,80.20851898,34909,34919,10
13.03884983,80.20851898,34919,34929,10
13.03853035,80.20845795,34929,34939,10
13.03791046,80.20835876,34939,34949,10
13.03715992,80.20825958,34949,34959,10
13.03629971,80.20812225,34959,34969,10
13.03557014,80.20806885,34969,34979,10
13.03546047,80.20845795,34979,35010,31
13.03546047,80.20845795,35010,35020,10
13.03536987,80.2088623,35020,35030,10
13.0352602,80.2095108,35030,35040,10
13.03520012,80.21013641,35040,35050,10
13.03505993,80.21060181,35050,35060,10
13.03505039,80.21128845,35060,35080,20
13.03505039,80.21128845,35080,35090,10
13.03497982,80.21170044,35090,35151,61
13.03497982,80.21170044,35151,35161,10
13.03495026,80.21205902,35161,35171,10
13.03530979,80.21221924,35171,35212,41
13.03530979,80.21221924,35212,35222,10
13.03563023,80.21225739,35222,35232,10
13.03584003,80.21227264,35232,35262,30
13.03584003,80.21227264,35262,35272,10
13.0363102,80.21228027,35272,35312,40
13.0363102,80.21228027,35312,35323,11
13.03656006,80.21224213,35323,35333,10
13.03697968,80.21225739,35333,35343,10
13.03736973,80.2122879,35343,35353,10
13.0374403,80.21269989,35353,35363,10
13.03761959,80.21309662,35363,35373,10
13.03812027,80.21347046,35373,35383,10
13.03876019,80.21392059,35383,35393,10
13.0390501,80.21411133,35393,35403,10
13.03909016,80.21417236,35403,35413,10
13.03940964,80.21440125,35413,35423,10
13.03991032,80.21475983,35423,35434,11
13.04055023,80.21518707,35434,35444,10
13.04086018,80.21540833,35444,35454,10
13.04115963,80.21559906,35454,35494,40
13.04115963,80.21559906,35494,35504,10
13.04139042,80.21578979,35504,35514,10
13.04166031,80.21598053,35514,35524,10
13.04209042,80.21623993,35524,35534,10
13.04218006,80.21630096,35534,35545,11
13.0424099,80.21646118,35545,35555,10
13.04321957,80.21701813,35555,35605,50
13.04321957,80.21701813,35605,35615,10
13.04333973,80.21704865,35615,35625,10
13.04358006,80.21724701,35625,35635,10
13.04397011,80.21753693,35635,35645,10
13.04456043,80.2179718,35645,35656,11
13.04526997,80.21839142,35656,35666,10
13.04598045,80.21858978,35666,35676,10
13.04654026,80.21874237,35676,35686,10
13.04693985,80.21884918,35686,35696,10
13.04706001,80.21891022,35696,35706,10
13.04716969,80.21898651,35706,35716,10
13.04757977,80.21907806,35716,35726,10
13.04823971,80.21923828,35726,35736,10
13.04878044,80.21939087,35736,35746,10
13.04916,80.21949768,35746,35756,10
13.04971981,80.21964264,35756,35767,11
13.05027962,80.2197876,35767,35777,10
13.05101013,80.21999359,35777,35787,10
13.05146027,80.22013855,35787,35797,10
13.05150986,80.22015381,35797,35807,10
13.0519104,80.22013855,35807,35817,10
13.05200958,80.22013092,35817,35827,10
13.05216026,80.22013092,35827,35837,10
13.05237961,80.22025299,35837,35847,10
13.05249023,80.22064972,35847,35857,10
13.05263996,80.22128296,35857,35867,10
13.05288029,80.22206116,35867,35878,11
13.05311012,80.2228775,35878,35888,10
13.05329037,80.2234726,35888,35908,20
13.05329037,80.2234726,35908,35918,10
13.05333042,80.22368622,35918,35928,10
13.05346012,80.22424316,35928,35938,10
13.05362034,80.22496796,35938,35948,10
13.05377007,80.22561646,35948,35958,10
13.0538702,80.22627258,35958,35978,20
13.0538702,80.22627258,35978,35989,11
13.0538702,80.2264328,35989,35999,10
13.05391026,80.22688293,35999,36009,10
13.05399036,80.22756195,36009,36019,10
13.05408955,80.2280426,36019,36029,10
13.05412006,80.22859955,36029,36039,10
13.05414963,80.22913361,36039,36049,10
13.05414963,80.2297287,36049,36059,10
13.05414009,80.23036957,36059,36069,10
13.05412006,80.23065948,36069,36079,10
13.05393982,80.23065186,36079,36089,10
13.05356026,80.23059845,36089,36100,11
13.05300999,80.23049927,36100,36110,10
13.05253029,80.2304306,36110,36120,10
13.05202961,80.2303772,36120,36140,20
13.05202961,80.2303772,36140,36150,10
13.05171967,80.2303009,36150,36160,10
13.05115986,80.23020935,36160,36170,10
13.05045986,80.2301178,36170,36180,10
13.04971981,80.23005676,36180,36190,10
13.04897976,80.23007965,36190,36200,10
13.04827023,80.23004913,36200,36211,11
13.04775047,80.23047638,36211,36221,10
13.04761982,80.23135376,36221,36231,10
13.04747963,80.23240662,36231,36241,10
13.04741955,80.23298645,36241,36251,10
13.04780006,80.23312378,36251,36261,10
13.04843044,80.23325348,36261,36271,10
13.04915047,80.23342896,36271,36287,16
13.05031013,80.23370361,36287,36299,12
13.05095959,80.23383331,36299,36307,8
13.05138016,80.23390961,36307,36319,12
13.05214977,80.23407745,36319,36330,11
13.05298996,80.23432159,36330,36340,10
13.05362988,80.23448181,36340,36350,10
13.05372047,80.23503876,36350,36380,30
13.05372047,80.23503876,36380,36389,9
13.05358028,80.23561096,36389,36410,21
13.05358028,80.23561096,36410,36420,10
13.05350018,80.23583984,36420,36430,10
13.05346966,80.23609161,36430,36441,11
13.05342007,80.23636627,36441,36451,10
13.05338001,80.2365799,36451,36461,10
13.05333042,80.23683929,36461,36471,10
13.05331993,80.23686981,36471,36481,10
13.05323982,80.23725128,36481,36491,10
13.05315971,80.23782349,36491,36500,9
13.05305004,80.23845673,36500,36510,10
13.05286026,80.23928833,36510,36520,10
13.05255985,80.24062347,36520,36582,62
13.05255985,80.24062347,36582,36592,10
13.05255985,80.24082184,36592,36602,10
13.05255985,80.24130249,36602,36612,10
13.05290985,80.24176025,36612,36622,10
13.05354977,80.24202728,36622,36632,10
13.05366039,80.24208832,36632,36642,10
13.05389977,80.24221802,36642,36652,10
13.05445957,80.24234009,36652,36663,11
13.05521011,80.24221039,36663,36713,50
13.05521011,80.24221039,36713,36723,10
13.05562973,80.24224854,36723,36733,10
13.05578041,80.24227905,36733,36743,10
13.05589962,80.24233246,36743,36752,9
13.05607986,80.24240875,36752,36763,11
13.05632019,80.24253082,36763,36804,41
13.05632019,80.24253082,36804,36814,10
13.05657959,80.24263763,36814,36824,10
13.05696964,80.24269867,36824,36834,10
13.05749035,80.24279785,36834,36844,10
13.05772972,80.24276733,36844,36854,10
13.05803013,80.24276733,36854,36864,10
13.05856037,80.24265289,36864,36874,10
13.05908012,80.2425766,36874,36885,11
13.05982971,80.24272156,36885,36895,10
13.06025982,80.24282074,36895,36904,9
13.06074047,80.24297333,36904,36915,11
13.06120014,80.24310303,36915,36925,10
13.06194973,80.24324036,36925,36945,20
13.06194973,80.24324036,36945,36955,10
13.06237984,80.24331665,36955,36965,10
13.06301022,80.24343872,36965,36975,10
13.06369972,80.24347687,36975,36985,10
13.06420994,80.24353027,36985,36996,11
13.06495953,80.24358368,36996,37006,10
13.0657196,80.24360657,37006,37016,10
13.06610966,80.24417877,37016,37026,10
13.06624985,80.24503326,37026,37036,10
13.06643009,80.2457962,37036,37046,10
13.0671196,80.24620819,37046,37056,10
13.06779957,80.24662781,37056,37066,10
13.06791019,80.24733734,37066,37076,10
13.06783009,80.24810791,37076,37086,10
13.06783962,80.24833679,37086,37096,10
13.06779957,80.24865723,37096,37107,11
13.06766987,80.24936676,37107,37117,10
13.06752014,80.25026703,37117,37127,10
13.06739998,80.25102234,37127,37137,10
13.06739998,80.25109863,37137,37147,10
13.06731987,80.25138092,37147,37157,10
13.06739044,80.25189209,37157,37167,10
13.06793976,80.25235748,37167,37177,10
13.06816959,80.25296783,37177,37187,10
13.0675602,80.253479,37187,37197,10
13.06739044,80.25359344,37197,37207,10
13.0673399,80.25366974,37207,37218,11
13.0669899,80.25395966,37218,37228,10
13.0669899,80.25437927,37228,37238,10
13.06735992,80.25473785,37238,37248,10
13.06785011,80.25520325,37248,37258,10
13.06787014,80.25524139,37258,37268,10
13.06797028,80.25541687,37268,37278,10
13.06826019,80.25572968,37278,37288,10
13.06861973,80.25608826,37288,37298,10
13.06904984,80.25650024,37298,37308,10
13.06952953,80.2569809,37308,37318,10
13.07013988,80.25760651,37318,37328,10
13.07081985,80.25833893,37328,37339,11
13.07141972,80.25895691,37339,37349,10
13.07151985,80.25907135,37349,37359,10
13.07153034,80.25911713,37359,37369,10
13.07176971,80.25939941,37369,37379,10
13.07217026,80.25982666,37379,37389,10
13.07269955,80.26042938,37389,37399,10
13.07306957,80.26074219,37399,37409,10
13.07332039,80.26048279,37409,37419,10
13.07336044,80.26042938,37419,37429,10
13.07349968,80.26007843,37429,37440,11
13.07392979,80.25940704,37440,37450,10
13.07464027,80.25882721,37450,37460,10
13.07522964,80.2583313,37460,37470,10
13.07555962,80.25859833,37470,37480,10
13.07575989,80.25926208,37480,37490,10
13.07621002,80.25977325,37490,37500,10
13.07664013,80.26013947,37500,37510,10
13.07697964,80.26049042,37510,37520,10
13.07726002,80.26087952,37520,37530,10
13.07744026,80.2612381,37530,37540,10
13.07754993,80.26155853,37540,37550,10
13.07767963,80.26184845,37550,37571,21
13.07767963,80.26184845,37571,37581,10
13.07777023,80.26213074,37581,37591,10
13.07781982,80.26228333,37591,37601,10
13.07787037,80.26254272,37601,37611,10
13.07793999,80.26287079,37611,37621,10
13.07808971,80.26316071,37621,37631,10
13.07824039,80.26345062,37631,37641,10
13.07828045,80.26364136,37641,37651,10
13.07831955,80.26399994,37651,37662,11
13.07843971,80.26461029,37662,37672,10
13.07861042,80.26524353,37672,37682,10
13.0791502,80.26528168,37682,37692,10
13.07991982,80.2651825,37692,37702,10
13.08051968,80.26508331,37702,37712,10
13.08076,80.26541901,37712,37722,10
13.08075047,80.26602173,37722,37732,10
13.08075047,80.26674652,37732,37742,10
13.08071995,80.26740265,37742,37752,10
13.08073997,80.26811981,37752,37762,10
13.08075047,80.26899719,37762,37771,9
13.08078003,80.26998138,37771,37793,22
13.08078003,80.26998138,37793,37803,10
13.08076954,80.2701416,37803,37813,10
13.08078957,80.27057648,37813,37823,10
13.0809803,80.27104187,37823,37833,10
13.0813303,80.27149963,37833,37843,10
13.08146,80.27211761,37843,37853,10
13.08152962,80.27262878,37853,37863,10
13.08139992,80.27314758,37863,37873,10
13.08164978,80.27384186,37873,37883,10
13.08189964,80.27406311,37883,37894,11
13.08197975,80.27419281,37894,37904,10
13.08199978,80.27462769,37904,37914,10
13.08201981,80.27500153,37914,37924,10
13.08205986,80.27542877,37924,37954,30
13.08205986,80.27542877,37954,37964,10
13.08205032,80.27545929,37964,37974,10
13.08207035,80.27577209,37974,37984,10
13.08185005,80.27593994,37984,37994,10
13.08183956,80.27629852,37994,38005,11
13.08193016,80.27713776,38005,38015,10
13.08205986,80.27802277,38015,38025,10
13.08211994,80.27889252,38025,38035,10
13.08220005,80.27986145,38035,38045,10
13.0822897,80.28073883,38045,38055,10
13.08234024,80.28144073,38055,38065,10
13.08255959,80.28183746,38065,38075,10
13.08290958,80.2820282,38075,38085,10
13.08302975,80.28211975,38085,38095,10
13.08345032,80.28238678,38095,38105,10
13.08403015,80.28276825,38105,38116,11
13.08465958,80.2832489,38116,38126,10
13.0851202,80.28368378,38126,38136,10
13.08537006,80.28369141,38136,38146,10
13.08557987,80.28354645,38146,38156,10
13.08584023,80.28356171,38156,38166,10
13.08600044,80.28356934,38166,38176,10
13.08621025,80.28359985,38176,38186,10
13.08637047,80.28366089,38186,38196,10
13.08670044,80.28369141,38196,38226,30
13.08670044,80.28369141,38226,38237,11
13.08685017,80.28368378,38237,38247,10
13.08714962,80.28366852,38247,38287,40
13.08714962,80.28366852,38287,38297,10
13.08763981,80.28368378,38297,38307,10
13.08792019,80.28362274,38307,38660,353
13.08792019,80.28362274,38660,38670,10
13.08829021,80.28341675,38670,38681,11
13.08827972,80.28304291,38681,38691,10
13.08827972,80.28260803,38691,38701,10
13.08823967,80.2822113,38701,38711,10
13.08806038,80.28166199,38711,38721,10
13.08780003,80.28144073,38721,38731,10
13.08728981,80.28130341,38731,38741,10
13.08672047,80.28112793,38741,38751,10
13.08602047,80.28093719,38751,38761,10
13.08568954,80.28061676,38761,38771,10
13.08557034,80.28015137,38771,38781,10
13.08528996,80.27951813,38781,38792,11
13.08452988,80.27926636,38792,38802,10
13.0837698,80.27913666,38802,38812,10
13.0831604,80.27889252,38812,38822,10
13.08275032,80.27871704,38822,38832,10
13.08267021,80.27870178,38832,38842,10
13.0822897,80.27854156,38842,38903,61
13.0822897,80.27854156,38903,38913,10
13.08199024,80.2783432,38913,38923,10
13.08180046,80.27729034,38923,38943,20
13.08180046,80.27729034,38943,38953,10
13.08178997,80.27696228,38953,38963,10
13.08180046,80.27690887,38963,38973,10
13.08176994,80.27670288,38973,38989,16
13.08156013,80.27545929,38989,39061,72
13.08156013,80.27545929,39061,39072,11
13.08156013,80.27532959,39072,39080,8
13.08156013,80.27513123,39080,39092,12
13.08154964,80.27481842,39092,39102,10
13.08146,80.27438354,39102,39112,10
13.08139992,80.27375031,39112,39122,10
13.08133984,80.27336884,39122,39133,11
13.08131027,80.27317047,39133,39143,10
13.08129025,80.27301025,39143,39153,10
13.08135033,80.27282715,39153,39163,10
13.08143044,80.27252197,39163,39173,10
13.08131981,80.2719574,39173,39183,10
13.08117008,80.27140808,39183,39193,10
13.0808897,80.2711792,39193,39203,10
13.08073997,80.27071381,39203,39213,10
13.08069992,80.26998138,39213,39223,10
13.08071041,80.26914978,39223,39233,10
13.08067989,80.26811981,39233,39244,11
13.08067036,80.2670517,39244,39254,10
13.08069038,80.26603699,39254,39264,10
13.08067989,80.26550293,39264,39322,58
13.08067989,80.26550293,39322,39332,10
13.08067036,80.26548004,39332,39342,10
13.08049965,80.26515961,39342,39353,11
13.07997036,80.26519775,39353,39363,10
13.07942009,80.26525879,39363,39373,10
13.07882023,80.26537323,39373,39383,10
13.07849026,80.26521301,39383,39393,10
13.07839966,80.26467133,39393,39402,9
13.07828045,80.26399231,39402,39413,11
13.07796955,80.26351929,39413,39424,11
13.07781982,80.26361847,39424,39434,10
13.07758999,80.26377106,39434,39444,10
13.07719994,80.26399994,39444,39453,9
13.07676029,80.26409149,39453,39464,11
13.07600021,80.26418304,39464,39475,11
13.07540989,80.26380157,39475,39485,10
13.0749197,80.26318359,39485,39495,10
13.07454014,80.26270294,39495,39505,10
13.07419968,80.26229095,39505,39515,10
13.07386017,80.26187897,39515,39525,10
13.07376003,80.26174927,39525,39535,10
13.07359028,80.26155853,39535,39545,10
13.07324028,80.26133728,39545,39555,10
13.07306004,80.26097107,39555,39565,10
13.07277966,80.26052856,39565,39575,10
13.07231045,80.25998688,39575,39586,11
13.07184982,80.25946808,39586,39606,20
13.07184982,80.25946808,39606,39616,10
13.07162952,80.25921631,39616,39626,10
13.07131004,80.25888824,39626,39636,10
13.07083035,80.25837708,39636,39646,10
13.07032967,80.25782776,39646,39656,10
13.0698204,80.2572937,39656,39666,10
13.06935024,80.25681305,39666,39675,9
13.06873989,80.25617981,39675,39686,11
13.06801987,80.25544739,39686,39697,11
13.06746006,80.25493622,39697,39727,30
13.06746006,80.25493622,39727,39737,10
13.06715012,80.25470734,39737,39747,10
13.06684971,80.25440216,39747,39757,10
13.06676006,80.25415802,39757,39767,10
13.06704998,80.25380707,39767,39777,10
13.06723022,80.25366974,39777,39787,10
13.06742954,80.25354004,39787,39797,10
13.06791019,80.2531662,39797,39808,11
13.0678997,80.25254059,39808,39818,10
13.06723976,80.25202179,39818,39828,10
13.06729984,80.25134277,39828,39838,10
13.06746006,80.25029755,39838,39858,20
13.06746006,80.25029755,39858,39868,10
13.06752014,80.24990082,39868,39878,10
13.0676403,80.2492981,39878,39888,10
13.06774998,80.24864197,39888,39898,10
13.0676403,80.2480011,39898,39908,10
13.06694031,80.24790955,39908,39919,11
13.06678009,80.24790955,39919,39935,16
13.06639957,80.24788666,39935,39947,12
13.06552029,80.24784088,39947,39957,10
13.06494999,80.24777985,39957,39965,8
13.06412029,80.24770355,39965,39976,11
13.06326962,80.24765778,39976,39987,11
13.06256008,80.24764252,39987,39999,12
13.06169987,80.24754333,39999,40009,10
13.06132984,80.24700165,40009,40019,10
13.06165981,80.24662018,40019,40030,11
13.06188011,80.24604797,40030,40040,10
13.06206036,80.24530029,40040,40050,10
13.06264019,80.24481964,40050,40058,8
13.06305981,80.24443054,40058,40070,12
13.06313038,80.24430847,40070,40079,9
13.06330013,80.24403381,40079,40090,11
13.06338024,80.24353027,40090,40100,10
13.06264973,80.24339294,40100,40109,9
13.06217003,80.24326324,40109,40119,10
13.06151962,80.2431488,40119,40130,11
13.06091976,80.24302673,40130,40140,10
13.06042004,80.24288177,40140,40151,11
13.05980015,80.24268341,40151,40161,10
13.05943012,80.2425766,40161,40171,10
13.05914021,80.24256134,40171,40181,10
13.05881023,80.24259949,40181,40191,10
13.0587101,80.24263,40191,40201,10
13.05830002,80.24269867,40201,40211,10
13.05768013,80.24279785,40211,40221,10
13.05696011,80.24281311,40221,40231,10
13.05638027,80.24259949,40231,40241,10
13.05574036,80.24234009,40241,40251,10
13.05498028,80.24237823,40251,40262,11
13.05414009,80.24236298,40262,40272,10
13.05373001,80.24227905,40272,40282,10
13.05366993,80.24224091,40282,40292,10
13.05344009,80.24208069,40292,40302,10
13.0532198,80.24195099,40302,40312,10
13.05278969,80.24182129,40312,40322,10
13.05224991,80.24127197,40322,40332,10
13.0520401,80.24091339,40332,40342,10
13.0519104,80.24076843,40342,40352,10
13.05169964,80.2407074,40352,40362,10
13.05150032,80.24064636,40362,40373,11
13.05119038,80.24060822,40373,40393,20
13.05119038,80.24060822,40393,40403,10
13.05093956,80.24056244,40403,40413,10
13.05074978,80.24053955,40413,40423,10
13.05051994,80.24049377,40423,40433,10
13.05051041,80.24047852,40433,40443,10
13.05018044,80.24040985,40443,40453,10
13.04998016,80.2403717,40453,40463,10
13.04967976,80.24028015,40463,40473,10
13.04920959,80.2401886,40473,40484,11
13.04854965,80.2400589,40484,40494,10
13.04804039,80.23995972,40494,40504,10
13.04786015,80.23989868,40504,40514,10
13.04755974,80.23983765,40514,40524,10
13.0472002,80.23976898,40524,40544,20
13.0472002,80.23976898,40544,40554,10
13.04687977,80.23976135,40554,40564,10
13.04658031,80.23969269,40564,40574,10
13.04621029,80.23944855,40574,40584,10
13.04634953,80.23899841,40584,40595,11
13.04652023,80.2381897,40595,40605,10
13.04666996,80.23738861,40605,40621,16
13.04683971,80.23660278,40621,40633,12
13.04695034,80.2360611,40633,40643,10
13.04699039,80.23577881,40643,40651,8
13.04703045,80.23560333,40651,40663,12
13.0471096,80.23503876,40663,40673,10
13.04716969,80.23448181,40673,40683,10
13.04720974,80.23432159,40683,40693,10
13.04724979,80.23387146,40693,40703,10
13.04732037,80.23316193,40703,40744,41
13.04732037,80.23316193,40744,40754,10
13.04740047,80.23278046,40754,40764,10
13.04749966,80.23216248,40764,40774,10
13.04757977,80.23143768,40774,40784,10
13.04765987,80.23071289,40784,40794,10
13.04749012,80.23016357,40794,40804,10
13.04695988,80.22982788,40804,40814,10
13.04617977,80.22972107,40814,40825,11
13.04526997,80.22955322,40825,40835,10
13.04461002,80.22943115,40835,40845,10
13.0443697,80.22937775,40845,40855,10
13.04393005,80.22928619,40855,40865,10
13.04388046,80.22899628,40865,40881,16
13.04417992,80.22799683,40881,40893,12
13.0443697,80.22721863,40893,40901,8
13.04454041,80.22667694,40901,40913,12
13.04475975,80.2258606,40913,40923,10
13.04512978,80.22575378,40923,40934,11
13.04576969,80.22590637,40934,40944,10
13.0458498,80.22592926,40944,40954,10
13.04609966,80.22602844,40954,40964,10
13.04646969,80.22614288,40964,40974,10
13.04683018,80.22625732,40974,40984,10
13.04730034,80.2264328,40984,40994,10
13.04782963,80.22660828,40994,41004,10
13.04843998,80.22676086,41004,41014,10
13.04891968,80.22689056,41014,41025,11
13.04967022,80.22696686,41025,41035,10
13.05037975,80.22711945,41035,41046,11
13.05068016,80.22718811,41046,41056,10
13.05119038,80.22727966,41056,41066,10
13.05195045,80.22743988,41066,41076,10
13.05235958,80.22750092,41076,41086,10
13.05282974,80.2276001,41086,41096,10
13.05327988,80.22769928,41096,41106,10
13.0536499,80.22769928,41106,41116,10
13.05381012,80.22743988,41116,41136,20
13.05381012,80.22743988,41136,41147,11
13.05381966,80.22702789,41147,41157,10
13.05375004,80.22644043,41157,41167,10
13.05362988,80.22569275,41167,41177,10
13.05348015,80.22496796,41177,41187,10
13.05340958,80.22467041,41187,41217,30
13.05340958,80.22467041,41217,41233,16
13.05335045,80.22441101,41233,41245,12
13.05329037,80.22403717,41245,41255,10
13.05317974,80.22344971,41255,41265,10
13.05301952,80.22277832,41265,41276,11
13.05263996,80.2213974,41276,41286,10
13.05263996,80.2213974,41286,41296,10
13.05243969,80.22070313,41296,41306,10
13.05200958,80.22026062,41306,41316,10
13.05173969,80.22023773,41316,41326,10
13.05158043,80.22022247,41326,41336,10
13.05119991,80.22006989,41336,41346,10
13.05051041,80.21988678,41346,41356,10
13.04979992,80.2197113,41356,41366,10
13.04907036,80.21949768,41366,41376,10
13.04833984,80.2193222,41376,41387,11
13.04736996,80.21907043,41387,41395,8
13.04683971,80.21898651,41395,41408,13
13.04654026,80.2188797,41408,41418,10
13.04646015,80.21881866,41418,41428,10
13.04611969,80.21871948,41428,41438,10
13.0454998,80.21853638,41438,41448,10
13.0447197,80.21810913,41448,41458,10
13.04397964,80.21765137,41458,41524,66
13.04397964,80.21765137,41524,41534,10
13.04354,80.2173233,41534,41544,10
13.04314041,80.2170105,41544,41554,10
13.04238987,80.2164917,41554,41564,10
13.04179955,80.21611786,41564,41574,10
13.04178047,80.21608734,41574,41584,10
13.04148006,80.21585846,41584,41594,10
13.0410099,80.21549988,41594,41604,10
13.04036999,80.21508026,41604,41615,11
13.03954983,80.21453094,41615,41625,10
13.03890038,80.21408844,41625,41635,10
13.03862953,80.21386719,41635,41645,10
13.0384903,80.21376038,41645,41664,19
13.0374403,80.21305847,41664,41676,12
13.03709984,80.21237183,41676,41686,10
13.03654957,80.21234894,41686,41694,8
13.03569031,80.21234894,41694,41706,12
13.03487968,80.21227264,41706,41716,10
13.03460026,80.21224976,41716,41727,11
13.0343504,80.21218872,41727,41737,10
13.03427982,80.2121582,41737,41747,10
13.03386021,80.21209717,41747,41757,10
13.03322029,80.21193695,41757,41767,10
13.03244972,80.21180725,41767,41777,10
13.03195953,80.21164703,41777,41787,10
13.03205013,80.21099854,41787,41797,10
13.0321703,80.21011353,41797,41816,19
13.03320026,80.2098465,41816,41828,12
13.03415012,80.20990753,41828,41837,9
13.0348196,80.2099762,41837,41849,12
13.03516006,80.20947266,41849,41859,10
13.03522015,80.20883179,41859,41868,9
13.03522015,80.20874786,41868,41879,11
13.03528976,80.20835114,41879,41888,9
13.0353899,80.20802307,41888,41900,12
13.03559971,80.20800018,41900,41910,10
13.03612995,80.20809937,41910,41920,10
13.03697014,80.20823669,41920,41930,10
13.03738022,80.20828247,41930,41940,10
13.03792,80.20836639,41940,41951,11
13.03870964,80.20848846,41951,41961,10
13.03942966,80.20858765,41961,41970,9
13.04018974,80.20871735,41970,41981,11
13.04108047,80.20883179,41981,41991,10
13.04170036,80.2089386,41991,42001,10
13.04242039,80.20903778,42001,42011,10
13.04308987,80.20912933,42011,42021,10
13.04364014,80.20919037,42021,42031,10
13.04403973,80.20915985,42031,42042,11
13.0440197,80.20883179,42042,42052,10
13.04403019,80.20877838,42052,42063,11
13.04403019,80.20831299,42063,42073,10
13.04391956,80.20760345,42073,42083,10
13.04382992,80.20733643,42083,42093,10
13.04353046,80.20693207,42093,42103,10
13.0430603,80.20629883,42103,42113,10
13.04249954,80.20558929,42113,42123,10
13.04172039,80.20529175,42123,42133,10
13.04096031,80.20517731,42133,42143,10
13.04074001,80.20516205,42143,42153,10
13.04036045,80.20510101,42153,42163,10
13.03981018,80.20501709,42163,42174,11
13.03911018,80.20490265,42174,42184,10
13.0383997,80.20480347,42184,42194,10
13.03808975,80.20465088,42194,42204,10
13.03812981,80.20436096,42204,42214,10
13.03824043,80.20368195,42214,42224,10
13.03835964,80.20287323,42224,42234,10
13.03845978,80.20220947,42234,42244,10
13.03851032,80.20185089,42244,42254,10
13.0385704,80.20155334,42254,42264,10
13.03864956,80.20108032,42264,42274,10
13.03874016,80.20059204,42274,42285,11
13.0388298,80.19991302,42285,42295,10
13.03888988,80.1993866,42295,42305,10
13.03890038,80.19924927,42305,42315,10
13.03899002,80.19876099,42315,42325,10
13.03907013,80.19815826,42325,42335,10
13.03919983,80.19743347,42335,42345,10
13.03925991,80.19695282,42345,42355,10
13.03925991,80.19683075,42355,42365,10
13.03929043,80.1966095,42365,42375,10
13.03934956,80.19625092,42375,42385,10
13.03944016,80.19548798,42385,42396,11
13.03958035,80.19467926,42396,42406,10
13.03969955,80.19389343,42406,42416,10
13.03977013,80.19332123,42416,42446,30
13.03977013,80.19332123,42446,42456,10
13.03956032,80.19302368,42456,42466,10
13.03929043,80.19296265,42466,42476,10
13.03923035,80.19294739,42476,42486,10
13.03892994,80.19293976,42486,42496,10
13.03857994,80.19287109,42496,42507,11
13.03810024,80.19283295,42507,42517,10
13.0376997,80.19313812,42517,42527,10
13.03756046,80.19384003,42527,42537,10
13.03742027,80.19473267,42537,42547,10
13.03728962,80.19555664,42547,42557,10
13.03724957,80.19589996,42557,42567,10
13.03719044,80.19615936,42567,42577,10
13.03713989,80.19658661,42577,42587,10
13.03703976,80.19724274,42587,42597,10
13.03693008,80.19798279,42597,42607,10
13.03686047,80.19846344,42607,42618,11
13.03684998,80.19851685,42618,42628,10
13.03682041,80.1987381,42628,42638,10
13.03674984,80.1991806,42638,42648,10
13.03668022,80.19972992,42648,42658,10
13.03658009,80.20037842,42658,42668,10
13.03647041,80.20111084,42668,42678,10
13.03641033,80.20153809,42678,42687,9
13.03633022,80.20198822,42687,42697,10
13.03623962,80.20263672,42697,42708,11
13.03614998,80.20337677,42708,42718,10
13.03604984,80.20404053,42718,42728,10
13.0359602,80.20458221,42728,42739,11
13.03586006,80.2052536,42739,42749,10
13.03577042,80.20585632,42749,42759,10
13.03571033,80.20603943,42759,42769,10
13.0355196,80.20603943,42769,42779,10
13.03540039,80.20581818,42779,42789,10
13.03544998,80.20554352,42789,43354,565
13.03544998,80.20554352,43354,43364,10
13.03540039,80.20530701,43364,43687,323
13.03540039,80.20530701,43687,43697,10
13.03544044,80.20527649,43697,43707,10
13.03565025,80.2052536,43707,43727,20
13.03565025,80.2052536,43727,43738,11
13.03581047,80.20501709,43738,43748,10
13.03584957,80.20459747,43748,43758,10
13.03590965,80.20410156,43758,43768,10
13.03602028,80.20353699,43768,43778,10
13.03610039,80.20287323,43778,43788,10
13.0362196,80.20211029,43788,43798,10
13.03629017,80.2015686,43798,43808,10
13.03629971,80.20156097,43808,43818,10
13.0363102,80.20134735,43818,43828,10
13.03637981,80.20098114,43828,43838,10
13.03643036,80.20054626,43838,43849,11
13.0365696,80.19965363,43849,43859,10
13.03668022,80.19879913,43859,43869,10
13.03672981,80.19844055,43869,43879,10
13.03678989,80.19822693,43879,43889,10
13.03684044,80.19779205,43889,43899,10
13.03687954,80.19764709,43899,43909,10
13.03693962,80.1971817,43909,43919,10
13.03703976,80.19650269,43919,43929,10
13.03707027,80.19635773,43929,43945,16
13.03713989,80.19579315,43945,43957,12
13.03726006,80.19493866,43957,43965,8
13.03738022,80.1942215,43965,43976,11
13.03783989,80.19277954,43976,43997,21
13.03783989,80.19277954,43997,44007,10
13.03822041,80.19277954,44007,44018,11
13.03866959,80.19286346,44018,44038,20
13.03866959,80.19286346,44038,44048,10
13.03888988,80.19290161,44048,44058,10
13.03936958,80.19297791,44058,44068,10
13.03967953,80.19303894,44068,44079,11
13.04016972,80.1931076,44079,44089,10
13.04080009,80.1932373,44089,44099,10
13.04150009,80.19335938,44099,44109,10
13.0417099,80.19361877,44109,44119,10
13.04170036,80.1939621,44119,44129,10
13.04170036,80.19407654,44129,44139,10
13.04162979,80.19454956,44139,44149,10
13.04152012,80.19525909,44149,44159,10
13.04141045,80.19595337,44159,44169,10
13.04135036,80.19642639,44169,44180,11
13.04131031,80.19674683,44180,44190,10
13.04131031,80.19676971,44190,44200,10
13.04127026,80.1969986,44200,44210,10
13.04119015,80.19747925,44210,44220,10
13.04106998,80.19815826,44220,44230,10
13.04098988,80.19886017,44230,44240,10
13.04094982,80.19924927,44240,44250,10
13.04096031,80.1993866,44250,44260,10
13.04086971,80.19980621,44260,44270,10
13.04076004,80.20049286,44270,44280,10
13.0406599,80.20137787,44280,44291,11
13.0405798,80.20198059,44291,44301,10
13.04049969,80.20246887,44301,44311,10
13.04037952,80.20317841,44311,44321,10
13.0402298,80.20410919,44321,44331,10
13.04016018,80.20475006,44331,44341,10
13.04028034,80.20503998,44341,44351,10
13.04119968,80.20517731,44351,44371,20
13.04119968,80.20517731,44371,44381,10
13.04148006,80.20522308,44381,44391,10
13.04201031,80.20529175,44391,44401,10
13.0426302,80.20549011,44401,44411,10
13.04294968,80.20603943,44411,44422,11
13.04347038,80.20675659,44422,44432,10
13.04389954,80.20751953,44432,44440,8
13.04403019,80.20822144,44440,44452,12
13.04409981,80.20874023,44452,44462,10
13.04413986,80.20903778,44462,44482,20
13.04413986,80.20903778,44482,44492,10
13.04411983,80.20922852,44492,44502,10
13.04378033,80.20924377,44502,44513,11
13.04310036,80.20915222,44513,44522,9
13.04238987,80.20905304,44522,44532,10
13.04201031,80.20900726,44532,44543,11
13.04162025,80.20894623,44543,44553,10
13.0410099,80.20884705,44553,44563,10
13.04022026,80.20874023,44563,44573,10
13.03940964,80.20863342,44573,44583,10
13.03886986,80.20858002,44583,44593,10
13.03886032,80.20858002,44593,44603,10
13.03862,80.20855713,44603,44613,10
13.03824043,80.20850372,44613,44623,10
13.03754997,80.20838165,44623,44634,11
13.03682995,80.20825195,44634,44644,10
13.03604031,80.20813751,44644,44654,10
13.03546047,80.20835876,44654,44684,30
13.03546047,80.20835876,44684,44694,10
13.03530025,80.20871735,44694,44704,10
13.03522015,80.20925903,44704,44714,10
13.03512001,80.2100296,44714,44724,10
13.03497982,80.21060181,44724,44734,10
13.03499031,80.21115112,44734,44735,1
13.03499031,80.21121216,44735,44775,40
13.03487968,80.21195984,44775,44805,30
13.03487968,80.21195984,44805,44815,10
13.0349102,80.21212769,44815,44825,10
13.03528976,80.21222687,44825,44835,10
13.03590012,80.21227264,44835,44845,10
13.03658009,80.21231842,44845,44855,10
13.03730011,80.21230316,44855,44893,38
13.03730011,80.21230316,44893,44903,10
13.03746033,80.2122879,44903,44913,10
13.03748035,80.21257019,44913,44923,10
13.03754044,80.21298218,44923,44933,10
13.03798962,80.21334076,44933,44943,10
13.03853989,80.21376038,44943,44953,10
13.03907013,80.21414185,44953,44973,20
13.03907013,80.21414185,44973,44984,11
13.03915977,80.21427155,44984,44994,10
13.03946972,80.21446991,44994,45004,10
13.03995037,80.21478271,45004,45014,10
13.04055023,80.21521759,45014,45024,10
13.04146004,80.2158432,45024,45074,50
13.04146004,80.2158432,45074,45084,10
13.04172993,80.21600342,45084,45095,11
13.04214001,80.21627045,45095,45105,10
13.04214954,80.21627808,45105,45115,10
13.04218006,80.21630859,45115,45125,10
13.04255962,80.21656799,45125,45135,10
13.04337978,80.21716309,45135,45206,71
13.04337978,80.21716309,45206,45216,10
13.04364014,80.21734619,45216,45226,10
13.0440197,80.21761322,45226,45236,10
13.04456043,80.21800232,45236,45246,10
13.04516029,80.21838379,45246,45256,10
13.0459404,80.21858215,45256,45266,10
13.04644966,80.21871185,45266,45276,10
13.0466404,80.21878052,45276,45286,10
13.04697037,80.21890259,45286,45296,10
13.0469799,80.21890259,45296,45307,11
13.04718971,80.21901703,45307,45317,10
13.04765987,80.21913147,45317,45327,10
13.04835033,80.21927643,45327,45337,10
13.04916,80.21951294,45337,45347,10
13.04969025,80.21964264,45347,45357,10
13.05014992,80.21977234,45357,45367,10
13.05049992,80.219841,45367,45377,10
13.05105972,80.22000122,45377,45387,10
13.05206966,80.22010803,45387,45496,109
13.05206966,80.22010803,45496,45506,10
13.05228043,80.22016907,45506,45516,10
13.05239964,80.22039032,45516,45526,10
13.05249977,80.22088623,45526,45536,10
13.05265045,80.22154236,45536,45547,11
13.05290985,80.22245026,45547,45557,10
13.05313015,80.22328186,45557,45567,10
13.05327034,80.22396851,45567,45597,30
13.05327034,80.22396851,45597,45607,10
13.05333996,80.22419739,45607,45617,10
13.05346012,80.22471619,45617,45627,10
13.05362034,80.22545624,45627,45637,10
13.05375957,80.22631836,45637,45658,21
13.05375957,80.22631836,45658,45668,10
13.05381966,80.22647858,45668,45678,10
13.05385017,80.22692871,45678,45688,10
13.05391026,80.22750854,45688,45698,10
13.05387974,80.22801971,45698,45708,10
13.05397034,80.22862244,45708,45718,10
13.0539999,80.22907257,45718,45728,10
13.05405045,80.22956848,45728,45744,16
13.05405998,80.23036194,45744,45756,12
13.05405045,80.23062134,45756,45767,11
13.0538702,80.23062897,45767,45777,10
13.05335045,80.2305603,45777,45787,10
13.05265999,80.23049927,45787,45797,10
13.05218029,80.23040771,45797,45807,10
13.05198956,80.23040009,45807,45817,10
13.05193043,80.23040009,45817,45827,10
13.05148983,80.23029327,45827,45837,10
13.05076027,80.2301712,45837,45847,10
13.05006981,80.23007965,45847,45857,10
13.04934025,80.23007965,45857,45867,10
13.04860973,80.23007965,45867,45877,10
13.04800987,80.23016357,45877,45888,11
13.04763985,80.23071289,45888,45907,19
13.04745007,80.23226929,45907,45919,12
13.04730988,80.23285675,45919,45929,10
13.04763031,80.23310852,45929,45939,10
13.04819965,80.23323059,45939,45949,10
13.04880047,80.23336029,45949,45959,10
13.04918957,80.23345947,45959,45969,10
13.04950047,80.23355865,45969,45979,10
13.04996967,80.2336731,45979,45989,10
13.05053043,80.23377228,45989,46001,12
13.05074024,80.23381805,46001,46011,10
13.05113983,80.23388672,46011,46021,10
13.05173016,80.23397827,46021,46031,10
13.05235004,80.23416138,46031,46041,10
13.05294991,80.23430634,46041,46052,11
13.05338001,80.23445892,46052,46062,10
13.0535202,80.23448181,46062,46072,10
13.05373001,80.23452759,46072,46082,10
13.05377007,80.23478699,46082,46092,10
13.0536499,80.2352829,46092,46103,11
13.05346966,80.23590088,46103,46113,10
13.05338001,80.2363205,46113,46123,10
13.05325985,80.23679352,46123,46143,20
13.05325985,80.23679352,46143,46153,10
13.05323029,80.23690796,46153,46163,10
13.05315018,80.23731232,46163,46172,9
13.05307961,80.23789215,46172,46183,11
13.05290031,80.2387619,46183,46193,10
13.05268955,80.23989868,46193,46214,21
13.05268955,80.23989868,46214,46224,10
13.05265999,80.24012756,46224,46234,10
13.0525198,80.24073792,46234,46324,90
13.0525198,80.24073792,46324,46335,11
13.05253983,80.24085236,46335,46345,10
13.05255985,80.24130249,46345,46355,10
13.05294037,80.24176788,46355,46365,10
13.05354977,80.24201965,46365,46375,10
13.0536499,80.24208069,46375,46385,10
13.05368042,80.24211121,46385,46395,10
13.05403996,80.24224854,46395,46405,10
13.05465031,80.2423172,46405,46415,10
13.05539989,80.24221802,46415,46425,10
13.05648994,80.24256897,46425,46466,41
13.05648994,80.24256897,46466,46476,10
13.05681992,80.24259949,46476,46486,10
13.05725956,80.24279022,46486,46496,10
13.05760956,80.24276733,46496,46506,10
13.05770969,80.24279022,46506,46516,10
13.05805969,80.24275208,46516,46526,10
13.05863953,80.24262238,46526,46536,10
13.0592804,80.24252319,46536,46546,10
13.0597496,80.24266052,46546,46557,11
13.06048965,80.24289703,46557,46567,10
13.06114006,80.24310303,46567,46577,10
13.06130028,80.24315643,46577,46587,10
13.06167984,80.24324036,46587,46604,17
13.0620203,80.24327087,46604,46617,13
13.06217003,80.24329376,46617,46627,10
13.06268024,80.24337769,46627,46637,10
13.06320953,80.24347687,46637,46647,10
13.0638504,80.24352264,46647,46657,10
13.06445026,80.24353027,46657,46667,10
13.06507969,80.24356079,46667,46678,11
13.06519985,80.24356079,46678,46688,10
13.06532955,80.24356079,46688,46698,10
13.06575966,80.24356079,46698,46708,10
13.06612968,80.24389648,46708,46718,10
13.06620026,80.24474335,46718,46728,10
13.06626987,80.24530029,46728,46738,10
13.0665102,80.24590302,46738,46748,10
13.06727028,80.24626923,46748,46758,10
13.06787014,80.24674225,46758,46768,10
13.06787968,80.24746704,46768,46779,11
13.06787968,80.2483902,46779,46799,20
13.06787968,80.2483902,46799,46809,10
13.0678196,80.24852753,46809,46819,10
13.06774044,80.24894714,46819,46829,10
13.06762028,80.24949646,46829,46839,10
13.06754017,80.24996948,46839,46849,10
13.06742954,80.25060272,46849,46859,10
13.06735992,80.25108337,46859,46869,10
13.06735992,80.251091,46869,46880,11
13.06735039,80.251297,46880,46889,9
13.06727982,80.25170135,46889,46900,11
13.06772995,80.25228119,46900,46910,10
13.06828976,80.25276947,46910,46920,10
13.06783962,80.25331879,46920,46930,10
13.06739044,80.25361633,46930,46940,10
13.06739044,80.25363159,46940,46950,10
13.0673399,80.25367737,46950,46960,10
13.06704998,80.25388336,46960,46970,10
13.0668602,80.2542572,46970,46980,10
13.0672102,80.25462341,46980,46990,10
13.06758976,80.25492859,46990,47001,11
13.06764984,80.25498962,47001,47011,10
13.06770992,80.25508118,47011,47021,10
13.06805992,80.25543976,47021,47031,10
13.06853962,80.2559433,47031,47041,10
13.06906033,80.25643921,47041,47051,10
13.06954956,80.25694275,47051,47061,10
13.07011986,80.2575531,47061,47071,10
13.07073021,80.25820923,47071,47081,10
13.07155991,80.2591095,47081,47101,20
13.07155991,80.2591095,47101,47112,11
13.07172012,80.2592926,47112,47122,10
13.07207966,80.25965881,47122,47132,10
13.07258034,80.26022339,47132,47142,10
13.07306957,80.26074219,47142,47152,10
13.07332039,80.26084137,47152,47162,10
13.07334042,80.26116943,47162,47172,10
13.0738802,80.26177979,47172,47202,30
13.0738802,80.26177979,47202,47212,10
13.07409954,80.26206207,47212,47222,10
13.07450008,80.26251984,47222,47233,11
13.07499027,80.26319885,47233,47243,10
13.07549953,80.26389313,47243,47253,10
13.07590961,80.26422882,47253,47263,10
13.07651997,80.26416016,47263,47273,10
13.0771904,80.26403809,47273,47283,10
13.07765007,80.26373291,47283,47293,10
13.07793045,80.26351166,47293,47303,10
13.07828999,80.26361084,47303,47323,20
13.07828999,80.26361084,47323,47333,10
13.07831955,80.26374054,47333,47344,11
13.07839012,80.26425171,47344,47354,10
13.07849979,80.2647934,47354,47364,10
13.07866001,80.26529694,47364,47374,10
13.07903957,80.26528931,47374,47384,10
13.07970047,80.26519012,47384,47394,10
13.08014011,80.26512146,47394,47403,9
13.08016968,80.26512146,47403,47414,11
13.08030033,80.26509094,47414,47424,10
13.08067989,80.26508331,47424,47434,10
13.08073044,80.26554108,47434,47445,11
13.08069992,80.26624298,47445,47455,10
13.08067989,80.26699066,47455,47465,10
13.08065033,80.26773071,47465,47475,10
13.08065987,80.26850891,47475,47485,10
13.0806303,80.26976776,47485,47505,20
13.0806303,80.26976776,47505,47515,10
13.08063984,80.26992035,47515,47525,10
13.08063984,80.27033997,47525,47535,10
13.08080959,80.27086639,47535,47545,10
13.08119965,80.27137756,47545,47556,11
13.08139038,80.27205658,47556,47566,10
13.08148956,80.2726593,47566,47576,10
13.08143044,80.27335358,47576,47586,10
13.08166027,80.27385712,47586,47596,10
13.08199024,80.27429962,47596,47606,10
13.08199024,80.2749176,47606,47616,10
13.08203983,80.27539825,47616,47693,77
13.08203983,80.27539825,47693,47705,12
13.0820303,80.27577972,47705,47715,10
13.08180046,80.27600098,47715,47725,10
13.08181953,80.27633667,47725,47735,10
13.08187008,80.27693939,47735,47745,10
13.08195019,80.27776337,47745,47755,10
13.08207989,80.27858734,47755,47765,10
13.0821104,80.27912903,47765,47775,10
13.08216953,80.27970886,47775,47785,10
13.08226013,80.28057098,47785,47796,11
13.08234024,80.28151703,47796,47806,10
13.08275032,80.28195953,47806,47816,10
13.08298016,80.2820816,47816,47826,10
13.08308983,80.2821579,47826,47836,10
13.08347988,80.28240204,47836,47846,10
13.08407974,80.28278351,47846,47856,10
13.08463955,80.28321838,47856,47866,10
13.08516026,80.28379822,47866,47875,9
13.08545971,80.28359222,47875,47886,11
13.08590984,80.28353119,47886,47896,10
13.08623981,80.28353882,47896,47907,11
13.08660984,80.283638,47907,47917,10
13.08691978,80.28369141,47917,47927,10
13.08714008,80.28365326,47927,47937,10
13.08740044,80.28362274,47937,47997,60
13.08740044,80.28362274,47997,48008,11
13.08786011,80.28359222,48008,48098,90
13.08786011,80.28359222,48098,48108,10
13.0880003,80.28362274,48108,48118,10
13.08800983,80.28362274,48118,48129,11
13.08823967,80.28354645,48129,48139,10
13.08825016,80.28353882,48139,48149,10
13.08829975,80.28324127,48149,48159,10
13.08829021,80.28282166,48159,48169,10
13.08827972,80.28247833,48169,48179,10
13.08827019,80.28233337,48179,48189,10
13.08823013,80.28201294,48189,48199,10
13.08806038,80.28160095,48199,48209,10
13.08786011,80.28144073,48209,48219,10
13.08751965,80.28135681,48219,48229,10
13.08712006,80.28124237,48229,48239,10
13.08666992,80.2811203,48239,48250,11
13.08596992,80.28092194,48250,48260,10
13.08568954,80.28054047,48260,48276,16
13.08539009,80.27960205,48276,48288,12
13.08471966,80.27928162,48288,48298,10
13.08436966,80.27922058,48298,48308,10
13.08393002,80.27916718,48308,48318,10
13.08337021,80.27899933,48318,48328,10
13.08285999,80.27879333,48328,48338,10
13.0824604,80.27864838,48338,48379,41
13.0824604,80.27864838,48379,48389,10
13.08218002,80.27850342,48389,48398,9
13.08189964,80.27816772,48398,48409,11
13.08183956,80.27758789,48409,48419,10
13.08178043,80.27703857,48419,48438,19
13.08178043,80.27703857,48438,48449,11
13.08176041,80.27683258,48449,48460,11
13.08170986,80.27649689,48460,48470,10
13.08158016,80.27588654,48470,48480,10
13.08150005,80.27545929,48480,48490,10
13.08148003,80.27529907,48490,48550,60
13.08148003,80.27529907,48550,48560,10
13.08150005,80.27523804,48560,48570,10
13.08152008,80.27500153,48570,48581,11
13.08148003,80.27462006,48581,48591,10
13.08143044,80.27413177,48591,48601,10
13.08139038,80.2735672,48601,48611,10
13.08129978,80.27301788,48611,48621,10
13.08129978,80.27292633,48621,48631,10
13.08143997,80.27255249,48631,48641,10
13.08131981,80.2718811,48641,48651,10
13.08106995,80.27131653,48651,48661,10
13.08088017,80.27111053,48661,48671,10
13.08078003,80.27081299,48671,48681,10
13.08073997,80.27026367,48681,48692,11
13.08071995,80.26934052,48692,48702,10
13.08067989,80.26831818,48702,48712,10
13.08067036,80.26734924,48712,48722,10
13.08065987,80.26634979,48722,48732,10
13.08067036,80.26567078,48732,48742,10
13.08067036,80.26563263,48742,48758,16
13.08061981,80.2651825,48758,48770,12
13.08010006,80.2651825,48770,48780,10
13.07964039,80.26524353,48780,48790,10
13.07911968,80.26531982,48790,48801,11
13.07872009,80.26538086,48801,48811,10
13.07865047,80.26537323,48811,48821,10
13.07847023,80.26499939,48821,48831,10
13.07831001,80.26421356,48831,48839,8
13.07818985,80.26364136,48839,48850,11
13.07779026,80.26361084,48850,48861,11
13.0776701,80.26364136,48861,48872,11
13.07721043,80.26393127,48872,48882,10
13.07658005,80.26407623,48882,48892,10
13.07586002,80.26418304,48892,48902,10
13.07567024,80.2641983,48902,48913,11
13.07540989,80.26386261,48913,48922,9
13.07509041,80.26338196,48922,48933,11
13.07472992,80.26289368,48933,48943,10
13.07419968,80.26223755,48943,48953,10
13.07380009,80.26177979,48953,48963,10
13.07376003,80.26174164,48963,48973,10
13.07363033,80.26157379,48973,48983,10
13.07324028,80.26132202,48983,48993,10
13.07304955,80.26101685,48993,49003,10
13.07293987,80.26069641,49003,49013,10
13.07256031,80.26026154,49013,49024,11
13.07184982,80.25945282,49024,49054,30
13.07184982,80.25945282,49054,49070,16
13.07159996,80.25917816,49070,49082,12
13.07120991,80.25874329,49082,49090,8
13.07079029,80.25830078,49090,49101,11
13.07028008,80.25775909,49101,49113,12
13.06962013,80.25704956,49113,49123,10
13.06906986,80.25649261,49123,49133,10
13.06844044,80.25583649,49133,49144,11
13.06762028,80.25505829,49144,49184,40
13.06762028,80.25505829,49184,49194,10
13.06742001,80.25489044,49194,49204,10
13.0671196,80.25460052,49204,49214,10
13.06680965,80.25428772,49214,49234,20
13.06680965,80.25428772,49234,49245,11
13.06676006,80.25415802,49245,49255,10
13.06692982,80.25386047,49255,49265,10
13.06727982,80.2536087,49265,49275,10
13.06729031,80.2536087,49275,49285,10
13.06756973,80.25340271,49285,49295,10
13.06805992,80.25296783,49295,49305,10
13.06783009,80.25243378,49305,49315,10
13.06721973,80.25193787,49315,49325,10
13.06725979,80.2514801,49325,49335,10
13.06737995,80.25086975,49335,49345,10
13.06746006,80.25028992,49345,49356,11
13.06746006,80.25022125,49356,49366,10
13.06746006,80.25003815,49366,49376,10
13.0675602,80.24954224,49376,49386,10
13.06770992,80.2488327,49386,49396,10
13.06777,80.24806213,49396,49406,10
13.0671196,80.24787903,49406,49416,10
13.06663036,80.24786377,49416,49426,10
13.06653976,80.24787903,49426,49436,10
13.06614017,80.24784851,49436,49446,10
13.06536961,80.24783325,49446,49456,10
13.06447983,80.24772644,49456,49466,10
13.06363964,80.24765778,49466,49476,10
13.06287003,80.247612,49476,49487,11
13.06196976,80.24758911,49487,49497,10
13.06144047,80.24726868,49497,49507,10
13.06138039,80.24684143,49507,49517,10
13.06169987,80.24662018,49517,49527,10
13.06184006,80.24635315,49527,49537,10
13.06196022,80.24571991,49537,49547,10
13.06215954,80.24504852,49547,49557,10
13.06266975,80.24472046,49557,49567,10
13.06299019,80.24442291,49567,49577,10
13.06315041,80.24417877,49577,49587,10
13.06320953,80.24417877,49587,49598,11
13.06340027,80.24378204,49598,49614,16
13.06282997,80.24337769,49614,49626,12
13.06223965,80.2432785,49626,49636,10
13.06175995,80.24317932,49636,49646,10
13.06116009,80.24310303,49646,49656,10
13.06056023,80.24289703,49656,49666,10
13.06005955,80.24272156,49666,49676,10
13.05951023,80.24255371,49676,49686,10
13.05912971,80.24252319,49686,49696,10
13.05877018,80.24256897,49696,49707,11
13.05873013,80.24259186,49707,49717,10
13.05852032,80.24266052,49717,49726,9
13.05842018,80.24263763,49726,49737,11
13.05803013,80.2427063,49737,49747,10
13.05704975,80.24276733,49747,49777,30
13.05704975,80.24276733,49777,49787,10
13.05673981,80.24268341,49787,49797,10
13.05624008,80.24249268,49797,49808,11
13.05550957,80.24224091,49808,49818,10
13.05467033,80.24237061,49818,49828,10
13.05383968,80.24227142,49828,49838,10
13.05364037,80.2421875,49838,49848,10
13.05362034,80.2421875,49848,49858,10
13.05331993,80.24201202,49858,49868,10
13.05286026,80.24185944,49868,49898,30
13.05286026,80.24185944,49898,49908,10
13.05257988,80.24172211,49908,49919,11
13.05220032,80.24121857,49919,49929,10
13.05200958,80.2408905,49929,49939,10
13.05169964,80.24069214,49939,49949,10
13.05121994,80.24059296,49949,49959,10
13.05066967,80.2405014,49959,49969,10
13.05027008,80.24041748,49969,49979,10
13.05006981,80.24038696,49979,50009,30
13.05006981,80.24038696,50009,50019,10
13.04971981,80.24028015,50019,50029,10
13.04930019,80.24017334,50029,50040,11
13.0486002,80.24002838,50040,50050,10
13.04776955,80.23986053,50050,50060,10
13.04697037,80.23966217,50060,50070,10
13.04631996,80.23956299,50070,50080,10
13.04621983,80.23930359,50080,50090,10
13.04636002,80.23883057,50090,50100,10
13.04652023,80.23815918,50100,50110,10
13.04664993,80.2374115,50110,50120,10
13.04677963,80.23664856,50120,50130,10
13.04691982,80.23612213,50130,50140,10
13.04701042,80.23574066,50140,50151,11
13.04703999,80.2355423,50151,50161,10
13.04710007,80.23512268,50161,50171,10
13.0472002,80.23448181,50171,50181,10
13.04722023,80.23423767,50181,50191,10
13.04726982,80.23377228,50191,50201,10
13.04728031,80.2334137,50201,50211,10
13.04734039,80.23319244,50211,50221,10
13.04741001,80.23274231,50221,50231,10
13.04749966,80.23213196,50231,50241,10
13.04759026,80.23149109,50241,50251,10
13.04765987,80.23081207,50251,50262,11
13.04747963,80.23014069,50262,50272,10
13.0469799,80.22982788,50272,50282,10
13.04627037,80.2297287,50282,50292,10
13.0454998,80.229599,50292,50302,10
13.04483032,80.2294693,50302,50312,10
13.04454041,80.22940826,50312,50322,10
13.04417038,80.22930908,50322,50332,10
13.04386044,80.22911072,50332,50342,10
13.0440197,80.22862244,50342,50352,10
13.04421043,80.22799683,50352,50362,10
13.0443697,80.22736359,50362,50373,11
13.04459953,80.22650146,50373,50383,10
13.04479027,80.22582245,50383,50393,10
13.04504013,80.2257309,50393,50403,10
13.04551029,80.22583771,50403,50413,10
13.04596043,80.22599792,50413,50423,10
13.04621983,80.22608185,50423,50433,10
13.04668045,80.22624969,50433,50443,10
13.04730988,80.22644806,50443,50453,10
13.04788017,80.22660065,50453,50469,16
13.0489397,80.22682953,50469,50481,12
13.04965019,80.22692108,50481,50491,10
13.05045033,80.22708893,50491,50502,11
13.05117989,80.22724152,50502,50512,10
13.05167961,80.22737122,50512,50522,10
13.05218983,80.22744751,50522,50532,10
13.05284977,80.22763824,50532,50540,8
13.05327988,80.22769928,50540,50552,12
13.05385017,80.22756958,50552,50562,10
13.05381966,80.22740173,50562,50572,10
13.05381966,80.22731781,50572,50582,10
13.05381012,80.22686768,50582,50592,10
13.05372047,80.22618103,50592,50602,10
13.05358028,80.22538757,50602,50613,11
13.05342007,80.22473907,50613,50623,10
13.05340004,80.22453308,50623,50633,10
13.05337048,80.22406769,50633,50643,10
13.05325031,80.2234726,50643,50653,10
13.05307961,80.22281647,50653,50663,10
13.0529604,80.2223587,50663,50673,10
13.05284023,80.22194672,50673,50683,10
13.05265999,80.22141266,50683,50693,10
13.05249023,80.22080994,50693,50703,10
13.05222988,80.22029877,50703,50714,11
13.05177021,80.22022247,50714,50724,10
13.05175972,80.22022247,50724,50734,10
13.05150986,80.22015381,50734,50744,10
13.05101967,80.21999359,50744,50754,10
13.05031013,80.2197876,50754,50764,10
13.04959965,80.21961212,50764,50774,10
13.04899979,80.2194519,50774,50784,10
13.04823017,80.21926117,50784,50794,10
13.04740047,80.2190094,50794,50804,10
13.04669952,80.21884918,50804,50814,10
13.04652977,80.21880341,50814,50825,11
13.04648018,80.21878052,50825,50835,10
13.04613972,80.21864319,50835,50845,10
13.0454998,80.21846771,50845,50861,16
13.04438019,80.21782684,50861,50873,12
13.04374981,80.21742249,50873,50892,19
13.04374981,80.21742249,50892,50903,11
13.04339027,80.21717834,50903,50913,10
13.04275036,80.21672058,50913,50923,10
13.04201984,80.21623993,50923,50933,10
13.04179001,80.21608734,50933,50944,11
13.04160976,80.2159729,50944,50964,20
13.04160976,80.2159729,50964,50974,10
13.04135036,80.21578979,50974,50984,10
13.04084969,80.21542358,50984,50994,10
13.04016018,80.21494293,50994,51003,9
13.03942966,80.21444702,51003,51013,10
13.03864002,80.21388245,51013,51024,11
13.03767014,80.21320343,51024,51034,10
13.03724003,80.2126236,51034,51044,10
13.03722954,80.2124176,51044,51055,11
13.03689957,80.21234894,51055,51065,10
13.03635025,80.21231842,51065,51075,10
13.03569031,80.21234131,51075,51085,10
13.03522968,80.21230316,51085,51105,20
13.03522968,80.21230316,51105,51115,10
13.03514004,80.21225739,51115,51125,10
13.03487968,80.21224213,51125,51135,10
13.03464985,80.21218872,51135,51145,10
13.03442001,80.21215057,51145,51155,10
13.03439999,80.21215057,51155,51166,11
13.03407955,80.21205902,51166,51182,16
13.03297043,80.21186829,51182,51194,12
13.03221989,80.21173859,51194,51204,10
13.03195953,80.21150208,51204,51213,9
13.0320797,80.21083832,51213,51224,11
13.03219032,80.21002197,51224,51233,9
13.03242016,80.20967865,51233,51244,11
13.03312016,80.20977783,51244,51254,10
13.03388977,80.20986176,51254,51264,10
13.03472042,80.20996094,51264,51274,10
13.03511047,80.20973206,51274,51285,11
13.03518963,80.20909119,51285,51295,10
13.03522015,80.20877838,51295,51305,10
13.03522968,80.20871735,51305,51315,10
13.03530025,80.20832062,51315,51325,10
13.03547001,80.20793915,51325,51335,10
13.0359602,80.20803833,51335,51345,10
13.03670025,80.2081604,51345,51355,10
13.03738976,80.20823669,51355,51365,10
13.03806019,80.20834351,51365,51375,10
13.03847027,80.2084198,51375,51386,11
13.03864002,80.20847321,51386,51396,10
13.03915977,80.20854187,51396,51406,10
13.03993988,80.20867157,51406,51416,10
13.04090977,80.2088089,51416,51426,10
13.04181004,80.2089386,51426,51436,10
13.04265022,80.20906067,51436,51446,10
13.04353046,80.209198,51446,51456,10
13.04403019,80.20881653,51456,51476,20
13.04403019,80.20881653,51476,51486,10
13.04403973,80.20845795,51486,51496,10
13.04397964,80.20778656,51496,51513,17
13.04318047,80.20641327,51513,51525,12
13.04234028,80.20542908,51525,51534,9
13.04152966,80.2052002,51534,51545,11
13.04076958,80.20510864,51545,51555,10
13.04076004,80.20510864,51555,51565,10
13.04069996,80.20509338,51565,51575,10
13.04028034,80.20503998,51575,51584,9
13.0396204,80.20494843,51584,51594,10
13.03890038,80.20484924,51594,51605,11
13.03816986,80.20472717,51605,51616,11
13.03812027,80.20455933,51616,51626,10
13.03818035,80.20413208,51626,51636,10
13.03829956,80.20340729,51636,51646,10
13.03841019,80.20262146,51646,51656,10
13.0384903,80.20200348,51656,51666,10
13.03853989,80.20157623,51666,51676,10
13.03862,80.20107269,51676,51686,10
13.03874016,80.2003479,51686,51696,10
13.03884983,80.19960785,51696,51706,10
13.03892994,80.19898224,51706,51716,10
13.03903008,80.19825745,51716,51727,11
13.03913975,80.19743347,51727,51737,10
13.03919983,80.19699097,51737,51747,10
13.03923988,80.19677734,51747,51757,10
13.03929996,80.19648743,51757,51767,10
13.03938961,80.19597626,51767,51777,10
13.03946972,80.19528198,51777,51787,10
13.03956032,80.19458771,51787,51797,10
13.03966045,80.19378662,51797,51807,10
13.03971958,80.19325256,51807,51817,10
13.03975964,80.19315338,51817,51827,10
13.03950977,80.19297791,51827,51837,10
13.03897953,80.19290161,51837,51848,11
13.03868961,80.19284821,51848,51864,16
13.03855038,80.19283295,51864,51876,12
13.03804016,80.19280243,51876,51884,8
13.0376997,80.19291687,51884,51896,12
13.03752041,80.19387817,51896,51906,10
13.03738976,80.19477844,51906,51916,10
13.03726006,80.19573975,51916,51926,10
13.03724003,80.19600677,51926,51936,10
13.03719997,80.19618225,51936,51946,10
13.03711987,80.19657898,51946,51957,11
13.0369997,80.19740295,51957,51967,10
13.03687954,80.19819641,51967,51977,10
13.03684998,80.19851685,51977,51987,10
13.03682041,80.19869995,51987,51997,10
13.0367403,80.19924164,51997,52007,10
13.03664017,80.19992065,52007,52017,10
13.03654003,80.20056152,52017,52027,10
13.03647995,80.20114136,52027,52037,10
13.03645992,80.20118713,52037,52047,10
13.03643036,80.20137787,52047,52057,10
13.03635025,80.20184326,52057,52068,11
13.03623962,80.20262909,52068,52078,10
13.03614044,80.20330048,52078,52088,10
13.03606033,80.20391083,52088,52098,10
13.03600979,80.20423889,52098,52108,10
13.03600025,80.20433807,52108,52118,10
13.0359602,80.20462036,52118,52128,10
13.0358696,80.20517731,52128,52138,10
13.03542995,80.2052536,52138,52187,49
13.03542995,80.2052536,52187,52197,10
13.03524971,80.20516968,52197,52207,10
13.03491974,80.20527649,52207,52217,10
13.03485966,80.20562744,52217,52287,70
13.03485966,80.20574188,52287,52531,244
13.03485966,80.20574188,52531,52541,10
13.03479958,80.20596313,52541,52692,151
13.03479958,80.20596313,52692,52702,10
13.03454971,80.20561981,52702,52712,10
13.03460979,80.20496368,52712,53599,887
13.03460979,80.20496368,53599,53609,10
13.03442001,80.2050705,53609,53619,10
13.03448009,80.20546722,53619,53629,10
13.03464985,80.20591736,53629,54608,979
13.03464985,80.20591736,54608,54618,10
13.03462982,80.20558167,54618,54628,10
13.03474998,80.2053299,54628,54638,10
13.03497028,80.20510101,54638,54648,10
13.03528976,80.20517731,54648,54699,51
13.03565979,80.20520782,54699,54800,101
13.03565979,80.20520782,54800,54810,10
13.03581047,80.20509338,54810,54820,10
13.03584003,80.2048111,54820,54830,10
13.03590012,80.20449066,54830,54840,10
13.0359602,80.2040863,54840,54850,10
13.03604984,80.20353699,54850,54860,10
13.03614044,80.20278931,54860,54870,10
13.03625011,80.20198822,54870,54880,10
13.03629017,80.20152283,54880,54891,11
13.03629017,80.2014389,54891,54901,10
13.03633976,80.20121765,54901,54911,10
13.03643036,80.20066071,54911,54921,10
13.03652954,80.19988251,54921,54931,10
13.03666019,80.19896698,54931,54941,10
13.03672981,80.19837952,54941,54951,10
13.03676033,80.19825745,54951,54961,10
13.03684044,80.19782257,54961,54971,10
13.03691959,80.197258,54971,54981,10
13.0369997,80.19669342,54981,54991,10
13.03705025,80.19637299,54991,55002,11
13.03705978,80.19631958,55002,55012,10
13.03711033,80.19599152,55012,55022,10
13.03719997,80.19547272,55022,55032,10
13.03730011,80.19474792,55032,55042,10
13.03742027,80.19393158,55042,55052,10
13.03752995,80.19303131,55052,55062,10
13.03791046,80.19274139,55062,55072,10
13.03857994,80.19283295,55072,55092,20
13.03857994,80.19283295,55092,55102,10
13.03890038,80.19287872,55102,55113,11
13.0394001,80.19296265,55113,55123,10
13.03991032,80.19303131,55123,55133,10
13.04051018,80.19316101,55133,55143,10
13.04115009,80.19328308,55143,55153,10
13.04162025,80.19335938,55153,55163,10
13.0417099,80.19371033,55163,55173,10
13.0417099,80.19380188,55173,55183,10
13.04168987,80.19406891,55183,55193,10
13.04162979,80.19460297,55193,55203,10
13.04156971,80.19525909,55203,55213,10
13.04150009,80.19576263,55213,55224,11
13.04137993,80.1964035,55224,55234,10
13.0413599,80.19656372,55234,55244,10
13.04129982,80.1967926,55244,55254,10
13.04123974,80.1971817,55254,55264,10
13.04115963,80.19773102,55264,55274,10
13.04108047,80.19844818,55274,55284,10
13.04102039,80.19902039,55284,55294,10
13.04100037,80.19917297,55294,55304,10
13.04094028,80.19959259,55304,55314,10
13.04084015,80.2002182,55314,55324,10
13.04073048,80.2010498,55324,55335,11
13.04059029,80.20189667,55335,55345,10
13.04051971,80.2022934,55345,55355,10
13.04043007,80.20298767,55355,55365,10
13.04030991,80.20378876,55365,55375,10
13.04020977,80.20439148,55375,55385,10
13.04016018,80.20490265,55385,55395,10
13.04051971,80.20501709,55395,55405,10
13.04113007,80.20510864,55405,55415,10
13.04127026,80.20513916,55415,55425,10
13.0417099,80.2052002,55425,55435,10
13.0419302,80.20523834,55435,55446,11
13.04232979,80.20535278,55446,55456,10
13.04269028,80.20561981,55456,55466,10
13.04308987,80.20620728,55466,55476,10
13.04364014,80.2069397,55476,55486,10
13.04405975,80.20786285,55486,55496,10
13.04411983,80.20870209,55496,55506,10
13.04413986,80.20894623,55506,55516,10
13.04413986,80.20908356,55516,55526,10
13.04413033,80.20913696,55526,55536,10
13.04403973,80.20925903,55536,55546,10
13.04372978,80.20925903,55546,55557,11
13.04312992,80.20918274,55557,55567,10
13.04255962,80.20909882,55567,55577,10
13.04195976,80.20902252,55577,55587,10
13.04129982,80.2089386,55587,55597,10
13.04061031,80.20883179,55597,55607,10
13.03977013,80.20870972,55607,55617,10
13.03899956,80.20858765,55617,55627,10
13.0388298,80.20854187,55627,55637,10
13.03868008,80.20847321,55637,55647,10
13.03829956,80.20841217,55647,55657,10
13.03759956,80.20831299,55657,55667,10
13.03689957,80.20822144,55667,55678,11
13.03547955,80.20822144,55678,55688,10
13.03547955,80.20822144,55688,55698,10
13.03544998,80.20834351,55698,55708,10
13.0353899,80.20841217,55708,55718,10
13.03532028,80.20883942,55718,55728,10
13.03522015,80.2094574,55728,55738,10
13.03512001,80.2101593,55738,55749,11
13.03497028,80.21128082,55749,55770,21
13.03497028,80.21128082,55770,55780,10
13.03495026,80.21138,55780,55791,11
13.03489971,80.21174622,55791,55801,10
13.03487968,80.21201324,55801,55811,10
13.03518963,80.21217346,55811,55821,10
13.03565979,80.21221924,55821,55831,10
13.03627968,80.21224976,55831,55841,10
13.03676033,80.21225739,55841,55851,10
13.03697968,80.21224213,55851,55861,10
13.03715992,80.21221924,55861,55871,10
13.03730011,80.21250153,55871,55881,10
13.03748035,80.21298218,55881,55891,10
13.03802967,80.21334839,55891,55902,11
13.03874016,80.21388245,55902,55912,10
13.03901005,80.21404266,55912,55922,10
13.03909969,80.21414185,55922,55932,10
13.03948975,80.21440887,55932,55942,10
13.04010963,80.21484375,55942,55952,10
13.0408802,80.21537018,55952,55962,10
13.04139996,80.21572876,55962,56002,40
13.04139996,80.21572876,56002,56013,11
13.04160023,80.21587372,56013,56023,10
13.04197025,80.21611786,56023,56033,10
13.04211998,80.21621704,56033,56043,10
13.04222965,80.21630096,56043,56053,10
13.04263973,80.21659851,56053,56063,10
13.04362011,80.21729279,56063,56154,91
13.04362011,80.21729279,56154,56164,10
13.04389954,80.21753693,56164,56174,10
13.04450035,80.21795654,56174,56184,10
13.04516983,80.21838379,56184,56194,10
13.04592991,80.21858215,56194,56204,10
13.04650021,80.21872711,56204,56214,10
13.04699993,80.21885681,56214,56224,10
13.04718971,80.21893311,56224,56235,11
13.04773998,80.21909332,56235,56245,10
13.04854965,80.21929932,56245,56255,10
13.04940987,80.2195282,56255,56265,10
13.05023956,80.21974182,56265,56275,10
13.05080986,80.21990204,56275,56285,10
13.05146027,80.2201004,56285,56295,10
13.05206966,80.22007751,56295,56315,20
13.05206966,80.22007751,56315,56325,10
13.0523901,80.22039795,56325,56335,10
13.0525198,80.22104645,56335,56346,11
13.05278969,80.22203827,56346,56356,10
13.05305958,80.22296143,56356,56366,10
13.05327988,80.22387695,56366,56376,10
13.05346012,80.22470093,56376,56386,10
13.05362034,80.22547913,56386,56396,10
13.05373001,80.22612762,56396,56406,10
13.05375957,80.22627258,56406,56416,10
13.05375004,80.22640991,56416,56426,10
13.05381966,80.22689056,56426,56436,10
13.05385017,80.22737122,56436,56446,10
13.05393982,80.22795868,56446,56457,11
13.05399036,80.22872925,56457,56467,10
13.05405998,80.22937012,56467,56477,10
13.05412006,80.23047638,56477,56497,20
13.05412006,80.23047638,56497,56507,10
13.0539999,80.23059845,56507,56517,10
13.05368042,80.23059082,56517,56527,10
13.05311012,80.23052216,56527,56537,10
13.05237961,80.23042297,56537,56547,10
13.05208969,80.23040009,56547,56557,10
13.05200005,80.2303772,56557,56568,11
13.05171967,80.23030853,56568,56578,10
13.0511198,80.23021698,56578,56588,10
13.05041027,80.23014069,56588,56598,10
13.04967022,80.23007965,56598,56608,10
13.0489397,80.23008728,56608,56618,10
13.04823971,80.23005676,56618,56627,9
13.0478096,80.23036194,56627,56638,11
13.04761982,80.23110199,56638,56648,10
13.04747009,80.23223114,56648,56658,10
13.04738998,80.23291779,56658,56668,10
13.04765034,80.23303986,56668,56678,10
13.0481596,80.23316193,56678,56689,11
13.04880047,80.23329926,56689,56699,10
13.04913998,80.23343658,56699,56709,10
13.04951954,80.2335434,56709,56719,10
13.05010986,80.2336731,56719,56729,10
13.05058002,80.23377228,56729,56739,10
13.0511198,80.2338562,56739,56749,10
13.05175018,80.23397064,56749,56759,10
13.05239964,80.23413849,56759,56769,10
13.05319023,80.23435974,56769,56779,10
13.05366039,80.23448944,56779,56789,10
13.05362988,80.23496246,56789,56800,11
13.05354977,80.2355423,56800,56810,10
13.05338955,80.23625946,56810,56820,10
13.05329037,80.23677063,56820,56830,10
13.05327034,80.23684692,56830,56840,10
13.05325031,80.23708344,56840,56850,10
13.05315971,80.23757172,56850,56860,10
13.05303955,80.23829651,56860,56869,9
13.05288029,80.23903656,56869,56879,10
13.05265999,80.24001312,56879,56890,11
13.05257034,80.24047089,56890,56921,31
13.05257034,80.24047089,56921,56931,10
13.05253983,80.24076843,56931,56941,10
13.05253983,80.24134827,56941,56951,10
13.05294991,80.24182129,56951,56961,10
13.05358982,80.24208832,56961,56971,10
13.05368042,80.24214172,56971,56981,10
13.05385971,80.24220276,56981,56991,10
13.0543499,80.2423172,56991,57001,10
13.05515003,80.24223328,57001,57011,10
13.05597973,80.24236298,57011,57022,11
13.05661964,80.2425766,57022,57032,10
13.05704021,80.24272156,57032,57042,10
13.05760002,80.24272919,57042,57052,10
13.05772018,80.24272919,57052,57062,10
13.0581398,80.24266052,57062,57072,10
13.05883026,80.24250793,57072,57082,10
13.05943012,80.24249268,57082,57092,10
13.06005955,80.2427063,57092,57102,10
13.06077003,80.24295044,57102,57112,10
13.0613203,80.24311066,57112,57122,10
13.06192017,80.24320221,57122,57133,11
13.06204033,80.24321747,57133,57143,10
13.06245995,80.24330902,57143,57153,10
13.06315041,80.24344635,57153,57163,10
13.06381989,80.24349213,57163,57173,10
13.06457043,80.24355316,57173,57183,10
13.0652504,80.24356842,57183,57193,10
13.06591988,80.24360657,57193,57203,10
13.06610012,80.24430084,57203,57213,10
13.06626034,80.24521637,57213,57222,9
13.06657982,80.24591827,57222,57232,10
13.06748009,80.24635315,57232,57244,12
13.06789017,80.24716187,57244,57254,10
13.06783962,80.24797821,57254,57264,10
13.06783009,80.24828339,57264,57273,9
13.06779957,80.24842834,57273,57284,11
13.06774044,80.24890137,57284,57294,10
13.0676403,80.24951172,57294,57304,10
13.06750965,80.2502594,57304,57314,10
13.06739044,80.25102234,57314,57324,10
13.06737041,80.25112152,57324,57333,9
13.06729984,80.25150299,57333,57344,11
13.06754971,80.25213623,57344,57355,11
13.06824017,80.25263977,57355,57365,10
13.06785011,80.25328064,57365,57375,10
13.06737995,80.25364685,57375,57385,10
13.06725025,80.2537384,57385,57395,10
13.06690025,80.25402069,57395,57405,10
13.06702995,80.25444794,57405,57416,11
13.06748009,80.25488281,57416,57425,9
13.06774044,80.25509644,57425,57435,10
13.06814957,80.25553894,57435,57445,10
13.06867027,80.25605011,57445,57455,10
13.06919956,80.25657654,57455,57466,11
13.06980038,80.25720215,57466,57476,10
13.0705204,80.25797272,57476,57486,10
13.0714798,80.25900269,57486,57506,20
13.0714798,80.25900269,57506,57516,10
13.07157993,80.25911713,57516,57526,10
13.07194042,80.25950623,57526,57536,10
13.0724802,80.26010132,57536,57546,10
13.07301998,80.26068878,57546,57556,10
13.07326031,80.26096344,57556,57566,10
13.07357979,80.26145172,57566,57576,10
13.07390976,80.2618103,57576,57587,11
13.07402992,80.26196289,57587,57597,10
13.07439041,80.26241302,57597,57607,10
13.07489967,80.26304626,57607,57617,10
13.07538986,80.26374817,57617,57627,10
13.07592964,80.2641983,57627,57637,10
13.07645988,80.26416016,57637,57647,10
13.07701015,80.26407623,57647,57657,10
13.07758999,80.26383209,57657,57668,11
13.07804012,80.26351166,57668,57677,9
13.07828045,80.26360321,57677,57687,10
13.07830048,80.26367188,57687,57698,11
13.07831955,80.26373291,57698,57708,10
13.07837009,80.26409912,57708,57718,10
13.07849979,80.26473999,57718,57728,10
13.0787096,80.26534271,57728,57738,10
13.07933044,80.26526642,57738,57748,10
13.08006001,80.26515961,57748,57758,10
13.08030987,80.2651062,57758,57768,10
13.08065987,80.26509857,57768,57778,10
13.08076954,80.26555634,57778,57788,10
13.08075047,80.26624298,57788,57798,10
13.08071995,80.26696014,57798,57809,11
13.08071995,80.2678299,57809,57819,10
13.08073997,80.26873016,57819,57829,10
13.08078003,80.26966095,57829,57839,10
13.08078957,80.27047729,57839,57859,20
13.08078957,80.27047729,57859,57869,10
13.08078003,80.27055359,57869,57879,10
13.0808897,80.27092743,57879,57889,10
13.08125973,80.27143097,57889,57899,10
13.08143997,80.27213287,57899,57909,10
13.08146954,80.27284241,57909,57920,11
13.08148003,80.27358246,57920,57930,10
13.08185005,80.27401733,57930,57940,10
13.08199978,80.27435303,57940,57950,10
13.08199024,80.27490997,57950,57960,10
13.08201981,80.27519989,57960,57970,10
13.0819397,80.27546692,57970,57989,19
13.0819397,80.27546692,57989,57999,10
13.08199978,80.27570343,57999,58010,11
13.08187008,80.27601624,58010,58020,10
13.08183002,80.27638245,58020,58031,11
13.08191013,80.27707672,58031,58041,10
13.08205986,80.27813721,58041,58081,40
13.08205986,80.27813721,58081,58091,10
13.08207989,80.2783432,58091,58101,10
13.0821104,80.27873993,58101,58111,10
13.08216,80.27941895,58111,58121,10
13.08222008,80.28018188,58121,58131,10
13.08232975,80.28117371,58131,58141,10
13.08242035,80.2817688,58141,58152,11
13.08312035,80.28224182,58152,58162,10
13.08391953,80.28272247,58162,58172,10
13.08463001,80.28324127,58172,58182,10
13.0853796,80.28373718,58182,58212,30
13.0853796,80.28373718,58212,58222,10
13.08545017,80.28356934,58222,58232,10
13.08570004,80.28356171,58232,58242,10
13.08611965,80.28356171,58242,58253,11
13.08652973,80.28370667,58253,58263,10
13.08689022,80.28372955,58263,58394,131
13.08689022,80.28372955,58394,58404,10
13.08718014,80.28372192,58404,58414,10
13.08742046,80.28370667,58414,58434,20
13.08742046,80.28370667,58434,58444,10
13.08763981,80.28372955,58444,58454,10
13.08767986,80.28379059,58454,58465,11
13.08780003,80.2838974,58465,58475,10
13.08767033,80.28365326,58475,58535,60
13.08767033,80.28365326,58535,58545,10
13.08800983,80.28359985,58545,58596,51
13.08800983,80.28359985,58596,58606,10
13.08829975,80.28334045,58606,58616,10
13.08829975,80.28321838,58616,58626,10
13.08829975,80.28309631,58626,58636,10
13.08831024,80.28283691,58636,58646,10
13.08831024,80.28259277,58646,58656,10
13.08827019,80.28231049,58656,58666,10
13.0882597,80.28218079,58666,58676,10
13.08823013,80.28205872,58676,58686,10
13.08819962,80.28195953,58686,58697,11
13.08813953,80.28183746,58697,58707,10
13.08802032,80.28160095,58707,58727,20
13.08802032,80.28160095,58727,58737,10
13.08778,80.28144836,58737,58757,20
13.08778,80.28144836,58757,58767,10
13.08743954,80.28134155,58767,58777,10
13.08738041,80.28131866,58777,58787,10
13.08712959,80.28127289,58787,58797,10
13.08677959,80.28115845,58797,58808,11
13.08619976,80.28098297,58808,58818,10
13.08580017,80.28083038,58818,58828,10
13.08565044,80.28047943,58828,58838,10
13.08553028,80.27996063,58838,58848,10
13.08516979,80.27945709,58848,58858,10
13.08479023,80.27931976,58858,58868,10
13.08450985,80.27926636,58868,58878,10
13.08413029,80.27919769,58878,58888,10
13.08351994,80.27903748,58888,58898,10
13.08288002,80.27876282,58898,58908,10
13.08236027,80.27858734,58908,58949,41
13.08236027,80.27858734,58949,58959,10
13.0821104,80.27850342,58959,58969,10
13.08189964,80.27810669,58969,58979,10
13.08183002,80.27742004,58979,58997,18
13.08181,80.27723694,58997,59009,12
13.08178043,80.2766571,59009,59019,10
13.08166027,80.27591705,59019,59029,10
13.08156967,80.27520752,59029,59041,12
13.08154011,80.27481842,59041,59051,10
13.08150959,80.27467346,59051,59061,10
13.08146954,80.2743988,59061,59071,10
13.08141994,80.27398682,59071,59081,10
13.08141041,80.27368927,59081,59090,9
13.08137035,80.27340698,59090,59101,11
13.0813303,80.27321625,59101,59111,10
13.08133984,80.27294922,59111,59122,11
13.08139992,80.27223969,59122,59132,10
13.0812397,80.2714386,59132,59142,10
13.0809803,80.27120972,59142,59153,11
13.08090019,80.27108002,59153,59163,10
13.08076,80.27063751,59163,59173,10
13.08071995,80.26981354,59173,59183,10
13.08069992,80.2686615,59183,59193,10
13.08067989,80.26750946,59193,59203,10
13.08067036,80.26644135,59203,59213,10
13.08065987,80.26555634,59213,59223,10
13.08061028,80.26522064,59223,59233,10
13.0802002,80.26519775,59233,59243,10
13.07964039,80.26528168,59243,59253,10
13.07865047,80.26541138,59253,59274,21
13.07865047,80.26541138,59274,59284,10
13.07849026,80.26496124,59284,59294,10
13.07837963,80.26444244,59294,59304,10
13.07828999,80.26400757,59304,59314,10
13.0777998,80.2636795,59314,59334,20
13.0777998,80.2636795,59334,59344,10
13.07765007,80.26383209,59344,59354,10
13.07724953,80.26407623,59354,59364,10
13.07658005,80.26421356,59364,59375,11
13.07586002,80.26431274,59375,59385,10
13.07559967,80.26418304,59385,59395,10
13.07524014,80.26364899,59395,59405,10
13.07474995,80.2629776,59405,59415,10
13.0742197,80.2623291,59415,59425,10
13.07378006,80.26181793,59425,59435,10
13.07363987,80.26165771,59435,59445,10
13.07343006,80.26145935,59445,59455,10
13.07326984,80.26138306,59455,59473,18
13.07297993,80.26080322,59473,59485,12
13.07244968,80.26017761,59485,59496,11
13.07194042,80.25958252,59496,59506,10
13.07184029,80.25948334,59506,59516,10
13.07176971,80.25937653,59516,59526,10
13.07149982,80.25910187,59526,59535,9
13.07104969,80.25861359,59535,59546,11
13.07065964,80.25818634,59546,59556,10
13.07024956,80.25775146,59556,59566,10
13.06968975,80.25715637,59566,59576,10
13.06916046,80.25660706,59576,59585,9
13.06851959,80.25595856,59585,59597,12
13.06777954,80.25524139,59597,59607,10
13.06752014,80.25505829,59607,59617,10
13.06746006,80.25498962,59617,59627,10
13.06717968,80.2547226,59627,59637,10
13.06680965,80.25430298,59637,59646,9
13.06684017,80.25393677,59646,59657,11
13.06717968,80.25367737,59657,59667,10
13.06727982,80.25363922,59667,59677,10
13.0676899,80.25335693,59677,59687,10
13.06818008,80.25280762,59687,59697,10
13.06762028,80.25234985,59697,59708,11
13.06719971,80.25177002,59708,59718,10
13.06733036,80.25113678,59718,59728,10
13.06742954,80.25060272,59728,59738,10
13.06748009,80.25028992,59738,59748,10
13.06752968,80.25005341,59748,59758,10
13.06762981,80.24945831,59758,59768,10
13.06774998,80.2486496,59768,59778,10
13.06756973,80.24799347,59778,59788,10
13.06682014,80.24793243,59788,59798,10
13.06659985,80.24793243,59798,59808,10
13.0664196,80.24790955,59808,59819,11
13.06575966,80.24784851,59819,59829,10
13.06484032,80.24777985,59829,59839,10
13.06379986,80.24770355,59839,59849,10
13.06303978,80.24764252,59849,59859,10
13.06231022,80.24764252,59859,59869,10
13.06159973,80.24739838,59869,59879,10
13.06138992,80.24691772,59879,59889,10
13.06169033,80.24667358,59889,59899,10
13.06186008,80.24620819,59899,59908,9
13.06202984,80.24550629,59908,59918,10
13.06315041,80.24436951,59918,59940,22
13.06315041,80.24436951,59940,59950,10
13.06322002,80.24423981,59950,59960,10
13.06342983,80.24378204,59960,59970,10
13.06311989,80.24349213,59970,59980,10
13.06249046,80.24334717,59980,59990,10
13.06184959,80.24324036,59990,60000,10
13.06130028,80.24313354,60000,60010,10
13.06075954,80.24298859,60010,60020,10
13.06044006,80.24289703,60020,60030,10
13.06005001,80.24273682,60030,60041,11
13.05945015,80.24256897,60041,60051,10
13.05898952,80.24260712,60051,60061,10
13.0588398,80.24263,60061,60071,10
13.0585804,80.24268341,60071,60081,10
13.05813026,80.24276733,60081,60091,10
13.05731964,80.24285889,60091,60111,20
13.05731964,80.24285889,60111,60121,10
13.05729008,80.24285889,60121,60131,10
13.05698013,80.24282074,60131,60141,10
13.05653954,80.24266815,60141,60152,11
13.05587959,80.24234772,60152,60162,10
13.05515003,80.24234009,60162,60171,9
13.05383968,80.24230194,60171,60192,21
13.05383968,80.24230194,60192,60202,10
13.05372047,80.24227905,60202,60212,10
13.05338001,80.24207306,60212,60222,10
13.05292034,80.24186707,60222,60263,41
13.05292034,80.24186707,60263,60273,10
13.05270958,80.24178314,60273,60283,10
13.05233955,80.24143219,60283,60293,10
13.05210018,80.24099731,60293,60303,10
13.0519104,80.2407608,60303,60313,10
13.05175972,80.24072266,60313,60323,10
13.05138016,80.24063873,60323,60333,10
13.05093956,80.24056244,60333,60343,10
13.05082035,80.24053955,60343,60353,10
13.05041981,80.240448,60353,60363,10
13.04977989,80.24031067,60363,60373,10
13.04930973,80.24019623,60373,60384,11
13.04856014,80.24005127,60384,60394,10
13.04775047,80.23988342,60394,60404,10
13.04673958,80.23967743,60404,60424,20
13.04673958,80.23967743,60424,60434,10
13.04671001,80.23973846,60434,60450,16
13.04638958,80.2396698,60450,60470,20
13.04638958,80.2396698,60470,60482,12
13.04617977,80.23953247,60482,60492,10
13.04627991,80.23922729,60492,60503,11
13.04642963,80.2385788,60503,60513,10
13.04656982,80.23787689,60513,60522,9
13.04671955,80.23719788,60522,60533,11
13.04683018,80.23654175,60533,60542,9
13.04693031,80.23609161,60542,60553,11
13.04699993,80.23576355,60553,60563,10
13.04703999,80.23545837,60563,60573,10
13.0471096,80.23490906,60573,60583,10
13.04718971,80.23419952,60583,60593,10
13.04730034,80.23339844,60593,60604,11
13.04740047,80.23271179,60604,60614,10
13.04749966,80.23204803,60614,60624,10
13.04759979,80.23132324,60624,60634,10
13.04765987,80.23065948,60634,60643,9
13.04741955,80.23007202,60643,60654,11
13.04679966,80.22982788,60654,60664,10
13.04601002,80.22972107,60664,60674,10
13.04524994,80.22956848,60674,60684,10
13.04465961,80.22943878,60684,60694,10
13.04436016,80.22937012,60694,60704,10
13.04421997,80.2293396,60704,60715,11
13.04391956,80.22924805,60715,60725,10
13.04391956,80.22888947,60725,60735,10
13.04407024,80.2283783,60735,60745,10
13.04424,80.22779846,60745,60755,10
13.04428959,80.2276001,60755,60765,10
13.04440022,80.22714233,60765,60775,10
13.04461002,80.22640991,60775,60785,10
13.04477978,80.22580719,60785,60795,10
13.04508018,80.22577667,60795,60805,10
13.04564953,80.22593689,60805,60815,10
13.0459404,80.22602081,60815,60826,11
13.04603004,80.2260437,60826,60836,10
13.04648972,80.22619629,60836,60846,10
13.04716969,80.22644806,60846,60856,10
13.04775047,80.22663116,60856,60866,10
13.04831982,80.22679138,60866,60876,10
13.0490303,80.22698975,60876,60886,10
13.04973984,80.22705078,60886,60896,10
13.05049992,80.22722626,60896,60906,10
13.05113029,80.2273407,60906,60916,10
13.05177975,80.22747803,60916,60926,10
13.05235004,80.2276001,60926,60937,11
13.05294037,80.22770691,60937,60947,10
13.05350018,80.22781372,60947,60957,10
13.05379963,80.22743225,60957,60977,20
13.05379963,80.22743225,60977,60987,10
13.05379963,80.22724152,60987,60997,10
13.05379963,80.22722626,60997,61007,10
13.05379963,80.22682953,61007,61017,10
13.05370045,80.22619629,61017,61027,10
13.05358028,80.22537994,61027,61037,10
13.05344009,80.22467804,61037,61048,11
13.05335045,80.22415924,61048,61078,30
13.05335045,80.22415924,61078,61088,10
13.05335045,80.22415161,61088,61098,10
13.05325985,80.22377777,61098,61108,10
13.05313015,80.22312927,61108,61118,10
13.05292034,80.22234344,61118,61128,10
13.05265045,80.22142792,61128,61138,10
13.05243969,80.22068024,61138,61148,10
13.05193996,80.22026062,61148,61159,11
13.05171967,80.22025299,61159,61169,10
13.05163002,80.22023773,61169,61179,10
13.05140018,80.22013855,61179,61189,10
13.05091953,80.21997833,61189,61199,10
13.05025005,80.21980286,61199,61209,10
13.04948997,80.21958923,61209,61219,10
13.04870033,80.21938324,61219,61229,10
13.04806042,80.21920013,61229,61239,10
13.04730034,80.21901703,61239,61249,10
13.04660034,80.21881866,61249,61259,10
13.04654026,80.21880341,61259,61270,11
13.04640007,80.21875,61270,61280,10
13.04596043,80.2186203,61280,61290,10
13.04526043,80.21842957,61290,61300,10
13.04459953,80.21803284,61300,61310,10
13.0441103,80.21772003,61310,61319,9
13.04407978,80.21769714,61319,61330,11
13.04397964,80.21764374,61330,61340,10
13.04372978,80.21746826,61340,61350,10
13.04329967,80.2171402,61350,61360,10
13.04269981,80.21672058,61360,61369,9
13.04176998,80.21611023,61369,61421,52
13.04176998,80.21611023,61421,61431,10
13.04154968,80.21594238,61431,61441,10
13.04119968,80.21568298,61441,61451,10
13.04063034,80.21526337,61451,61461,10
13.03989029,80.21475983,61461,61471,10
13.03911018,80.21421814,61471,61481,10
13.03833961,80.21369934,61481,61491,10
13.03757954,80.21315765,61491,61502,11
13.03722954,80.21246338,61502,61522,20
13.03722954,80.21246338,61522,61532,10
13.03687,80.21234131,61532,61542,10
13.03627014,80.21234894,61542,61552,10
13.03565979,80.21234131,61552,61562,10
13.03536987,80.21231842,61562,61572,10
13.03499031,80.21227264,61572,61582,10
13.03464031,80.21219635,61582,61592,10
13.0343399,80.21217346,61592,61602,10
13.03431034,80.21217346,61602,61613,11
13.0342598,80.2121582,61613,61623,10
13.03413963,80.21214294,61623,61633,10
13.03388977,80.21208954,61633,61643,10
13.03347969,80.21196747,61643,61653,10
13.03289986,80.21186066,61653,61663,10
13.03227043,80.2117691,61663,61673,10
13.03197956,80.21143341,61673,61683,10
13.03209972,80.21071625,61683,61693,10
13.03223038,80.20986938,61693,61703,10
13.03277969,80.20980072,61703,61713,10
13.0335598,80.20990753,61713,61724,11
13.03456974,80.20999146,61724,61734,10
13.03514957,80.20970154,61734,61744,10
13.03522015,80.20908356,61744,61754,10
13.0352602,80.20868683,61754,61764,10
13.0352602,80.2086792,61764,61774,10
13.0352602,80.20858765,61774,61784,10
13.03532982,80.20819092,61784,61794,10
13.03567982,80.20802307,61794,61804,10
13.03631973,80.20809174,61804,61814,10
13.03721046,80.20825958,61814,61824,10
13.03808022,80.20841217,61824,61835,11
13.03853989,80.20848846,61835,61845,10
13.03864002,80.20848846,61845,61855,10
13.03897953,80.20852661,61855,61865,10
13.03958988,80.20861816,61865,61875,10
13.04036045,80.20874786,61875,61885,10
13.04127026,80.20890808,61885,61895,10
13.04199028,80.20903015,61895,61905,10
13.04259968,80.20913696,61905,61915,10
13.04323959,80.20922852,61915,61925,10
13.04388046,80.20929718,61925,61946,21
13.04388046,80.20929718,61946,61956,10
13.04403973,80.20932007,61956,61966,10
13.0441103,80.20903778,61966,61976,10
13.04409027,80.2088623,61976,61986,10
13.04409027,80.20848846,61986,61996,10
13.0440197,80.20781708,61996,62006,10
13.04364014,80.20709229,62006,62016,10
13.04314995,80.20639038,62016,62026,10
13.04265022,80.20574951,62026,62036,10
13.04197979,80.20536041,62036,62046,10
13.04082966,80.20516968,62046,62067,21
13.04082966,80.20516968,62067,62077,10
13.04047966,80.20511627,62077,62087,10
13.03987026,80.20501709,62087,62097,10
13.03921986,80.20488739,62097,62107,10
13.03851986,80.2048111,62107,62117,10
13.03812027,80.20465851,62117,62127,10
13.03816986,80.20430756,62127,62137,10
13.03826046,80.20371246,62137,62147,10
13.03835964,80.20301056,62147,62157,10
13.03845024,80.20243073,62157,62168,11
13.03853989,80.20175171,62168,62178,10
13.03861046,80.20131683,62178,62188,10
13.0387001,80.20063782,62188,62198,10
13.03880024,80.20001984,62198,62208,10
13.03888988,80.19934082,62208,62218,10
13.03890991,80.19927979,62218,62228,10
13.03894997,80.19889832,62228,62238,10
13.0390501,80.19827271,62238,62248,10
13.03915977,80.19750977,62248,62258,10
13.03923988,80.1969223,62258,62268,10
13.03927994,80.19682312,62268,62279,11
13.03931046,80.19650269,62279,62289,10
13.03938007,80.1960907,62289,62299,10
13.03946018,80.19544983,62299,62309,10
13.03954029,80.19481659,62309,62319,10
13.03964043,80.19412231,62319,62329,10
13.0397501,80.193367,62329,62339,10
13.0397501,80.19325256,62339,62349,10
13.03966045,80.19306183,62349,62359,10
13.0392704,80.19300079,62359,62369,10
13.03874016,80.19287872,62369,62379,10
13.0387001,80.19287872,62379,62390,11
13.0385704,80.19287872,62390,62400,10
13.03816032,80.19281006,62400,62410,10
13.03765011,80.19309235,62410,62420,10
13.03752995,80.1938324,62420,62430,10
13.03740978,80.19467926,62430,62440,10
13.03730965,80.19538116,62440,62450,10
13.03722,80.19606781,62450,62470,20
13.03722,80.19606781,62470,62480,10
13.03715992,80.19642639,62480,62490,10
13.03707027,80.19696808,62490,62501,11
13.03695965,80.19776154,62501,62511,10
13.03686047,80.19844055,62511,62521,10
13.03684044,80.19870758,62521,62531,10
13.03680992,80.19886017,62531,62541,10
13.03672981,80.19934082,62541,62551,10
13.03662014,80.20005035,62551,62561,10
13.03649998,80.20082092,62561,62571,10
13.0364399,80.2013092,62571,62581,10
13.0364399,80.20131683,62581,62591,10
13.03641987,80.20142365,62591,62601,10
13.03637028,80.2016983,62601,62612,11
13.03627014,80.20231628,62612,62622,10
13.03617001,80.20304108,62622,62632,10
13.03608036,80.20368958,62632,62642,10
13.03600979,80.20417786,62642,62652,10
13.03594971,80.2046814,62652,62662,10
13.0358696,80.20519257,62662,62672,10
13.03569984,80.20532227,62672,62682,10
13.03534985,80.2052536,62682,62945,263
13.03553963,80.20558929,62945,63045,100
13.03540039,80.20536804,63045,63600,555
13.03540039,80.20549011,63600,63641,41
13.03540039,80.20549011,63641,63651,10
13.03542042,80.20540619,63651,63661,10
13.03547955,80.20532227,63661,63671,10
13.03565979,80.20529938,63671,63681,10
13.03579998,80.20509338,63681,63691,10
13.0358696,80.20458984,63691,63701,10
13.0359602,80.20410156,63701,63711,10
13.03604984,80.20349884,63711,63722,11
13.03617001,80.20265961,63722,63732,10
13.03625965,80.20198059,63732,63742,10
13.0363102,80.20153809,63742,63752,10
13.03629971,80.20153809,63752,63762,10
13.03633976,80.20126343,63762,63772,10
13.0364399,80.20072174,63772,63782,10
13.03654003,80.20014191,63782,63792,10
13.03666019,80.19920349,63792,63802,10
13.03676033,80.19847107,63802,63812,10
13.03676987,80.198349,63812,63822,10
13.03680038,80.19818115,63822,63833,11
13.03689003,80.19766235,63833,63843,10
13.0369997,80.19700623,63843,63853,10
13.03707981,80.19641876,63853,63863,10
13.03707981,80.19632721,63863,63873,10
13.03713036,80.19605255,63873,63883,10
13.03722954,80.19545746,63883,63893,10
13.0373497,80.19464874,63893,63903,10
13.03748035,80.19364929,63903,63913,10
13.03767967,80.19281769,63913,63923,10
13.03800011,80.19275665,63923,63933,10
13.03859043,80.19286346,63933,63964,31
13.03859043,80.19286346,63964,63974,10
13.03894997,80.19291687,63974,63984,10
13.03938007,80.19300842,63984,63994,10
13.03993988,80.1931076,63994,64004,10
13.04043007,80.19319153,64004,64014,10
13.04084015,80.19326019,64014,64024,10
13.04133987,80.19333649,64024,64034,10
13.04174995,80.19345856,64034,64044,10
13.04174042,80.19387817,64044,64055,11
13.04174042,80.1939621,64055,64065,10
13.0417099,80.19429779,64065,64075,10
13.04162979,80.19489288,64075,64085,10
13.04154015,80.1955719,64085,64095,10
13.04144955,80.19613647,64095,64105,10
13.0413599,80.19680023,64105,64125,20
13.0413599,80.19680023,64125,64135,10
13.04133987,80.19702911,64135,64145,10
13.04127026,80.19750214,64145,64155,10
13.04119968,80.19799805,64155,64166,11
13.04111004,80.19862366,64166,64176,10
13.04104042,80.19922638,64176,64186,10
13.04102039,80.19931793,64186,64196,10
13.04096985,80.19963074,64196,64206,10
13.04090023,80.20021057,64206,64216,10
13.04080009,80.20091248,64216,64226,10
13.04069996,80.20162201,64226,64236,10
13.04059982,80.20211792,64236,64246,10
13.04051971,80.20272064,64246,64256,10
13.04039955,80.20346832,64256,64266,10
13.04030037,80.20417023,64266,64277,11
13.04020977,80.20471191,64277,64287,10
13.04026985,80.2050705,64287,64297,10
13.0406599,80.20511627,64297,64307,10
13.04117966,80.20519257,64307,64327,20
13.04117966,80.20519257,64327,64337,10
13.04146957,80.2052536,64337,64347,10
13.04201984,80.20532227,64347,64357,10
13.04259968,80.20552063,64357,64367,10
13.04298973,80.20610046,64367,64377,10
13.04343033,80.20671844,64377,64388,11
13.04386997,80.2073288,64388,64398,10
13.04411983,80.20809174,64398,64408,10
13.04415989,80.20887756,64408,64418,10
13.04417038,80.20903015,64418,64428,10
13.04417992,80.20916748,64428,64438,10
13.04409027,80.20926666,64438,64448,10
13.04378033,80.20925903,64448,64458,10
13.04329014,80.20918274,64458,64468,10
13.04269981,80.20909119,64468,64478,10
13.04203033,80.20899963,64478,64488,10
13.04127026,80.20889282,64488,64499,11
13.04037952,80.20877075,64499,64509,10
13.03956032,80.20864105,64509,64519,10
13.03890991,80.20854187,64519,64529,10
13.03884029,80.20852661,64529,64539,10
13.03857994,80.20850372,64539,64549,10
13.03808975,80.20839691,64549,64559,10
13.03754044,80.20832062,64559,64569,10
13.0369997,80.20823669,64569,64579,10
13.03635979,80.20815277,64579,64589,10
13.03571033,80.20803833,64589,64599,10
13.03546047,80.20839691,64599,64620,21
13.03546047,80.20839691,64620,64630,10
13.03536987,80.20870209,64630,64640,10
13.03526974,80.20928955,64640,64650,10
13.03518009,80.20999908,64650,64660,10
13.03503036,80.21058655,64660,64670,10
13.03501034,80.21131897,64670,64690,20
13.03501034,80.21131897,64690,64700,10
13.03497982,80.21143341,64700,64710,10
13.03493977,80.21170044,64710,64721,11
13.03489971,80.21199036,64721,64731,10
13.03514004,80.21221161,64731,64741,10
13.03571033,80.21225739,64741,64751,10
13.03621006,80.21230316,64751,64761,10
13.03658009,80.21225739,64761,64771,10
13.03703022,80.2122879,64771,64781,10
13.0373497,80.21247101,64781,64791,10
13.03742981,80.21292877,64791,64801,10
13.03794003,80.21336365,64801,64811,10
13.03853989,80.21379089,64811,64820,9
13.03901005,80.21411133,64820,64832,12
13.03921032,80.2142334,64832,64842,10
13.0392704,80.21427917,64842,64852,10
13.03950977,80.21446228,64852,64862,10
13.03999043,80.21479797,64862,64872,10
13.04061985,80.21524048,64872,64882,10
13.04131985,80.21573639,64882,64892,10
13.04181004,80.21607971,64892,64902,10
13.04220963,80.21631622,64902,64922,20
13.04220963,80.21631622,64922,64932,10
13.0422802,80.21631622,64932,64943,11
13.04263973,80.21659088,64943,64953,10
13.04345036,80.21717834,64953,65013,60
13.04345036,80.21717834,65013,65023,10
13.04364967,80.21734619,65023,65033,10
13.04401016,80.21762085,65033,65043,10
13.04454041,80.21800232,65043,65053,10
13.04514027,80.21839905,65053,65064,11
13.04592037,80.21864319,65064,65074,10
13.04660988,80.21881866,65074,65084,10
13.04701996,80.21894836,65084,65104,20
13.04701996,80.21894836,65104,65114,10
13.04728985,80.21904755,65114,65124,10
13.04778004,80.21917725,65124,65134,10
13.04841995,80.21935272,65134,65144,10
13.04885006,80.21946716,65144,65154,10
13.04932976,80.21958923,65154,65164,10
13.05002975,80.21977997,65164,65175,11
13.05070972,80.21994781,65175,65185,10
13.05150986,80.22019196,65185,65195,10
13.05210018,80.22016144,65195,65286,91
13.05210018,80.22016144,65286,65296,10
13.0522604,80.22013855,65296,65306,10
13.05239964,80.22032928,65306,65316,10
13.0525198,80.22081757,65316,65326,10
13.05268002,80.22151184,65326,65336,10
13.05290985,80.22225952,65336,65346,10
13.05315971,80.22303772,65346,65477,131
13.05315971,80.22303772,65477,65487,10
13.05315971,80.22338104,65487,65497,10
13.05323982,80.22367096,65497,65508,11
13.05331993,80.22405243,65508,65518,10
13.05340958,80.22451782,65518,65528,10
13.05358028,80.22518158,65528,65538,10
13.05368042,80.22566986,65538,65548,10
13.05373001,80.22595978,65548,65558,10
13.05379009,80.22628784,65558,65578,20
13.05379009,80.22628784,65578,65588,10
13.0537796,80.22653961,65588,65598,10
13.05383968,80.22692871,65598,65608,10
13.05385971,80.22718811,65608,65619,11
13.05393028,80.22762299,65619,65629,10
13.05393028,80.2277298,65629,65639,10
13.05395985,80.2279892,65639,65649,10
13.05399036,80.22833252,65649,65659,10
13.05403996,80.22886658,65659,65669,10
13.05408955,80.22926331,65669,65679,10
13.05412006,80.22969818,65679,65689,10
13.05412006,80.23040009,65689,65699,10
13.05403996,80.23065948,65699,65709,10
13.05385017,80.23062134,65709,65719,10
13.05358982,80.23059845,65719,65730,11
13.05298042,80.23052979,65730,65740,10
13.05233955,80.23042297,65740,65750,10
13.05193043,80.23036194,65750,65770,20
13.05193043,80.23036194,65770,65780,10
13.05165958,80.23029327,65780,65790,10
13.05119991,80.23020935,65790,65800,10
13.05060005,80.23013306,65800,65810,10
13.04994011,80.23005676,65810,65820,10
13.04920959,80.23007965,65820,65830,10
13.04848003,80.23005676,65830,65840,10
13.04792976,80.23023987,65840,65851,11
13.04765034,80.23082733,65851,65861,10
13.04753971,80.23179626,65861,65871,10
13.04741955,80.23274994,65871,65881,10
13.04753971,80.23309326,65881,65891,10
13.04802036,80.23320007,65891,65901,10
13.04864025,80.23335266,65901,65911,10
13.04930019,80.2335434,65911,65921,10
13.05000019,80.23368073,65921,65931,10
13.05074978,80.23381805,65931,65941,10
13.05140972,80.23396301,65941,65952,11
13.05195999,80.23406219,65952,65962,10
13.05272961,80.23429871,65962,65972,10
13.05344963,80.23448181,65972,65982,10
13.05362034,80.23448181,65982,65992,10
13.05370045,80.23449707,65992,66002,10
13.05366993,80.23491669,66002,66012,10
13.05364037,80.23519897,66012,66063,51
13.05364037,80.23519897,66063,66073,10
13.05358028,80.23555756,66073,66083,10
13.05356979,80.23564148,66083,66093,10
13.0535202,80.2358017,66093,66103,10
13.05346012,80.23618317,66103,66123,20
13.05346012,80.23618317,66123,66133,10
13.05344009,80.2363205,66133,66143,10
13.05337048,80.23667145,66143,66153,10
13.05333996,80.23681641,66153,66163,10
13.05331993,80.23690033,66163,66174,11
13.05327988,80.23718262,66174,66184,10
13.05323029,80.23741913,66184,66234,50
13.05323029,80.23741913,66234,66244,10
13.05311012,80.23806763,66244,66254,10
13.05300045,80.23867035,66254,66264,10
13.05280972,80.23947906,66264,66274,10
13.05249977,80.24085236,66274,66355,81
13.05249977,80.24085236,66355,66365,10
13.05249977,80.24102783,66365,66375,10
13.05257988,80.24149323,66375,66385,10
13.05307961,80.24185944,66385,66396,11
13.05358982,80.24208069,66396,66426,30
13.05358982,80.24208069,66426,66436,10
13.05383015,80.2421875,66436,66446,10
13.05430984,80.24230957,66446,66456,10
13.05500031,80.24227905,66456,66466,10
13.05576992,80.24228668,66466,66476,10
13.05626011,80.24250793,66476,66486,10
13.05659962,80.24262238,66486,66502,16
13.0566597,80.24262238,66502,66515,13
13.05714989,80.24279785,66515,66525,10
13.05762959,80.24279785,66525,66535,10
13.0576601,80.24279785,66535,66544,9
13.05792999,80.24278259,66544,66554,10
13.05838966,80.24266052,66554,66564,10
13.05902004,80.24255371,66564,66575,11
13.05965996,80.24260712,66575,66585,10
13.06011963,80.24278259,66585,66596,11
13.06035995,80.24285889,66596,66605,9
13.06058025,80.24292755,66605,66617,12
13.06101036,80.24308014,66617,66627,10
13.06142044,80.24317169,66627,66637,10
13.06200027,80.24326324,66637,66657,20
13.06210041,80.24327087,66657,66677,20
13.06210041,80.24327087,66677,66687,10
13.06239033,80.24331665,66687,66697,10
13.06274033,80.24339294,66697,66713,16
13.0636301,80.24349976,66713,66725,12
13.06433964,80.24355316,66725,66736,11
13.06517982,80.24359894,66736,66746,10
13.06593037,80.24365997,66746,66756,10
13.06614017,80.24420929,66756,66766,10
13.06626034,80.24497986,66766,66776,10
13.06643009,80.24581146,66776,66786,10
13.06707954,80.24620056,66786,66796,10
13.06777,80.24658203,66796,66806,10
13.06791019,80.2472229,66806,66815,9
13.06787968,80.24786377,66815,66826,11
13.06785965,80.24845123,66826,66837,11
13.06785965,80.24846649,66837,66846,9
13.06783962,80.24854279,66846,66857,11
13.06774044,80.24902344,66857,66867,10
13.06764984,80.24961853,66867,66877,10
13.06750011,80.25039673,66877,66887,10
13.06742001,80.2510376,66887,66897,10
13.06739998,80.25115204,66897,66907,10
13.06735039,80.25140381,66907,66917,10
13.06744957,80.25208282,66917,66927,10
13.06807995,80.2525177,66927,66937,10
13.06809998,80.25311279,66937,66948,11
13.0674696,80.2536087,66948,66958,10
13.06735992,80.25369263,66958,66968,10
13.06729984,80.25372314,66968,66978,10
13.06698036,80.25396729,66978,66988,10
13.06698036,80.25440216,66988,66998,10
13.06715012,80.25456238,66998,67008,10
13.06729031,80.25469971,67008,67018,10
13.06742954,80.25480652,67018,67028,10
13.06772995,80.25507355,67028,67048,20
13.06772995,80.25507355,67048,67059,11
13.06791019,80.25531769,67059,67069,10
13.06824017,80.25569916,67069,67079,10
13.0685997,80.25605774,67079,67089,10
13.0689497,80.25640106,67089,67099,10
13.06927967,80.25672913,67099,67109,10
13.06960011,80.25705719,67109,67119,10
13.07011032,80.25759125,67119,67129,10
13.07073021,80.25824738,67129,67139,10
13.07129955,80.25887299,67139,67149,10
13.07149982,80.25911713,67149,67170,21
13.07149982,80.25911713,67170,67180,10
13.07170963,80.25936127,67180,67190,10
13.07209969,80.25977325,67190,67200,10
13.07256985,80.26029205,67200,67210,10
13.07301998,80.26074219,67210,67226,16
13.07336044,80.26039886,67226,67238,12
13.07338047,80.26033783,67238,67248,10
13.07349014,80.26010132,67248,67258,10
13.07386017,80.2594986,67258,67267,9
13.07425976,80.25914001,67267,67278,11
13.07472992,80.25875854,67278,67289,11
13.07493019,80.25855255,67289,67299,10
13.07501984,80.25846863,67299,67309,10
13.07520962,80.25830078,67309,67319,10
13.07542992,80.25853729,67319,67328,9
13.07553959,80.25901794,67328,67339,11
13.07594013,80.2596283,67339,67349,10
13.0763998,80.25998688,67349,67359,10
13.0767498,80.26029968,67359,67369,10
13.07707024,80.26065063,67369,67379,10
13.07730007,80.26101685,67379,67389,10
13.07746029,80.26133728,67389,67400,11
13.07765961,80.26187897,67400,67410,10
13.07781982,80.2623291,67410,67460,50
13.07781982,80.2623291,67460,67470,10
13.07785988,80.26262665,67470,67480,10
13.07794952,80.26296234,67480,67490,10
13.07818985,80.26335907,67490,67500,10
13.07826042,80.26378632,67500,67511,11
13.07837009,80.264328,67511,67521,10
13.07847977,80.26487732,67521,67531,10
13.07865047,80.26535034,67531,67541,10
13.07907963,80.26531982,67541,67551,10
13.07973003,80.26522064,67551,67561,10
13.08038044,80.26513672,67561,67650,89
13.08038044,80.26513672,67650,67660,10
13.08069038,80.26512909,67660,67669,9
13.08076,80.26554108,67669,67680,11
13.08073044,80.26624298,67680,67690,10
13.08071041,80.26699066,67690,67700,10
13.08069992,80.26770782,67700,67710,10
13.08071041,80.26847839,67710,67720,10
13.08071995,80.26928711,67720,67741,21
13.08071995,80.26928711,67741,67751,10
13.08071995,80.26952362,67751,67761,10
13.08071995,80.26972961,67761,67771,10
13.08071041,80.27001953,67771,67781,10
13.08073044,80.27049255,67781,67791,10
13.0808897,80.27095795,67791,67801,10
13.0812397,80.27140045,67801,67811,10
13.08137035,80.27185822,67811,67827,16
13.08150005,80.27262115,67827,67839,12
13.08137989,80.27313232,67839,67850,11
13.08146,80.27359772,67850,67860,10
13.08162022,80.27384186,67860,67870,10
13.08193016,80.27411652,67870,67880,10
13.08197975,80.27464294,67880,67909,29
13.08197975,80.27464294,67909,67920,11
13.08199024,80.27481079,67920,67951,31
13.08199024,80.27481079,67951,67961,10
13.08199978,80.27497864,67961,67971,10
13.08201981,80.27519226,67971,67981,10
13.08203983,80.27545166,67981,68001,20
13.08203983,80.27545166,68001,68011,10
13.08209038,80.27568054,68011,68021,10
13.08191967,80.27593231,68021,68031,10
13.08181,80.27619934,68031,68041,10
13.08185959,80.27667999,68041,68051,10
13.08193016,80.27747345,68051,68062,11
13.08199024,80.27800751,68062,68102,40
13.08199024,80.27800751,68102,68112,10
13.08207035,80.27835846,68112,68122,10
13.08209038,80.27870178,68122,68131,9
13.08211994,80.27931213,68131,68143,12
13.08220959,80.28031158,68143,68153,10
13.08228016,80.28127289,68153,68163,10
13.08240032,80.28173828,68163,68174,11
13.08302021,80.2821579,68174,68184,10
13.08374977,80.28260803,68184,68194,10
13.08442974,80.28307343,68194,68204,10
13.08487988,80.28352356,68204,68214,10
13.08518028,80.28383636,68214,68224,10
13.0853796,80.28369141,68224,68234,10
13.08555984,80.28353882,68234,68244,10
13.08588028,80.28354645,68244,68254,10
13.08619022,80.28356171,68254,68264,10
13.08648014,80.28372192,68264,68274,10
13.08681011,80.28369904,68274,68285,11
13.08722019,80.28366852,68285,68295,10
13.08753014,80.28379822,68295,68759,464
13.08753014,80.28379822,68759,68769,10
13.0879097,80.28370667,68769,68779,10
13.08808041,80.28365326,68779,68819,40
13.08808041,80.28365326,68819,68829,10
13.08823967,80.28334808,68829,68840,11
13.08823013,80.2831192,68840,68850,10
13.08823967,80.2827301,68850,68860,10
13.08821964,80.28235626,68860,68870,10
13.08819008,80.28205872,68870,68880,10
13.08810043,80.28173828,68880,68890,10
13.08788967,80.28146362,68890,68900,10
13.08751011,80.28134918,68900,68910,10
13.08697987,80.28119659,68910,68920,10
13.08664036,80.28109741,68920,68930,10
13.0860796,80.28093719,68930,68940,10
13.08568954,80.28067017,68940,68950,10
13.08557987,80.28024292,68950,68961,11
13.08543968,80.27970886,68961,68971,10
13.08510971,80.27941895,68971,68981,10
13.08483982,80.27931976,68981,68991,10
13.08458042,80.27925873,68991,69001,10
13.08430004,80.27922058,69001,69011,10
13.08393002,80.27915955,69011,69021,10
13.08355999,80.27906036,69021,69031,10
13.08288956,80.27876282,69031,69041,10
13.0825901,80.27866364,69041,69072,31
13.0825901,80.27866364,69072,69082,10
13.08244038,80.2786026,69082,69092,10
13.08211994,80.27845764,69092,69102,10
13.08191967,80.27823639,69102,69112,10
13.08187008,80.27786255,69112,69122,10
13.08181,80.27754974,69122,69132,10
13.08174992,80.27723694,69132,69142,10
13.08172989,80.27719879,69142,69152,10
13.08172035,80.27684784,69152,69162,10
13.08166027,80.27664948,69162,69172,10
13.08164024,80.27619934,69172,69203,31
13.08164024,80.27619934,69203,69213,10
13.08160019,80.27594757,69213,69223,10
13.08154964,80.27570343,69223,69233,10
13.08150959,80.27526855,69233,69243,10
13.08148956,80.2749176,69243,69253,10
13.08148956,80.27484131,69253,69263,10
13.08145046,80.27461243,69263,69273,10
13.08141994,80.27442932,69273,69283,10
13.08143044,80.27432251,69283,69294,11
13.08141994,80.27410889,69294,69304,10
13.08137035,80.2736969,69304,69314,10
13.08123016,80.2730484,69314,69334,20
13.08123016,80.2730484,69334,69344,10
13.08129978,80.272789,69344,69354,10
13.0813303,80.2722168,69354,69364,10
13.08113956,80.27140808,69364,69374,10
13.08084011,80.27105713,69374,69384,10
13.08069038,80.27050018,69384,69395,11
13.08065987,80.26967621,69395,69405,10
13.08063984,80.26882172,69405,69415,10
13.08063984,80.26798248,69415,69425,10
13.08057976,80.26731873,69425,69435,10
13.08057976,80.26718903,69435,69445,10
13.08061981,80.26708984,69445,69455,10
13.0806303,80.26664734,69455,69465,10
13.0806303,80.26592255,69465,69475,10
13.08061981,80.26538849,69475,69505,30
13.08061981,80.26538849,69505,69516,11
13.08061981,80.26528931,69516,69526,10
13.08026981,80.26516724,69526,69536,10
13.07983017,80.26522064,69536,69546,10
13.07929039,80.26529694,69546,69555,9
13.07868004,80.26538086,69555,69577,22
13.07868004,80.26538086,69577,69587,10
13.07845974,80.26506805,69587,69597,10
13.07831955,80.26435852,69597,69607,10
13.07814026,80.26361847,69607,69617,10
13.07793999,80.26348877,69617,69628,11
13.07781029,80.26358795,69628,69638,10
13.0777998,80.26358032,69638,69648,10
13.07765007,80.26365662,69648,69658,10
13.07732964,80.26390076,69658,69668,10
13.07691002,80.26403809,69668,69678,10
13.07631969,80.26412201,69678,69687,9
13.07583046,80.26418304,69687,69698,11
13.07540989,80.26383972,69698,69708,10
13.07501984,80.26332855,69708,69718,10
13.07476044,80.26300049,69718,69728,10
13.07444,80.2625885,69728,69739,11
13.07404995,80.26213837,69739,69749,10
13.07376003,80.26181793,69749,69759,10
13.0736599,80.26167297,69759,69769,10
13.07349014,80.26148224,69769,69779,10
13.07316017,80.26129913,69779,69789,10
13.07299042,80.26112366,69789,69799,10
13.07295036,80.26078033,69799,69809,10
13.07260036,80.26036072,69809,69819,10
13.07219028,80.25987244,69819,69829,10
13.0718298,80.25946045,69829,69840,11
13.07176971,80.25939941,69840,69850,10
13.0715704,80.25917816,69850,69860,10
13.07129955,80.25888062,69860,69870,10
13.07089043,80.25843048,69870,69880,10
13.07040024,80.25791168,69880,69890,10
13.06991005,80.25737762,69890,69900,10
13.06949043,80.25694275,69900,69910,10
13.06884003,80.25628662,69910,69920,10
13.06828022,80.25570679,69920,69930,10
13.06777954,80.25523376,69930,69940,10
13.06748009,80.25498962,69940,69951,11
13.06735039,80.25485992,69951,69961,10
13.06707954,80.25457764,69961,69971,10
13.06692028,80.25444031,69971,69981,10
13.06678009,80.25428009,69981,69991,10
13.06674004,80.25398254,69991,70001,10
13.06711006,80.25369263,70001,70011,10
13.06715012,80.25366974,70011,70021,10
13.06737995,80.25354004,70021,70031,10
13.06783962,80.25319672,70031,70041,10
13.06812,80.2526474,70041,70051,10
13.06752014,80.25228119,70051,70062,11
13.06717014,80.25170898,70062,70072,10
13.06727982,80.25110626,70072,70082,10
13.06739998,80.2504425,70082,70092,10
13.06752968,80.24965668,70092,70102,10
13.06766033,80.24887085,70102,70112,10
13.06776047,80.24816132,70112,70122,10
13.06742001,80.24794006,70122,70132,10
13.06688976,80.24790192,70132,70142,10
13.06661034,80.24790192,70142,70152,10
13.06645966,80.24790192,70152,70162,10
13.06595993,80.24784088,70162,70173,11
13.06513023,80.24777985,70173,70183,10
13.06424046,80.24770355,70183,70193,10
13.06330013,80.24761963,70193,70203,10
13.06233978,80.24759674,70203,70213,10
13.0615797,80.24739838,70213,70223,10
13.06126976,80.24691772,70223,70233,10
13.06149006,80.24665833,70233,70243,10
13.06171989,80.24619293,70243,70253,10
13.06188011,80.2454834,70253,70263,10
13.06219959,80.24501801,70263,70273,10
13.06266022,80.24472046,70273,70284,11
13.06305981,80.24427032,70284,70294,10
13.06309986,80.24423218,70294,70304,10
13.06326008,80.2440033,70304,70314,10
13.06338978,80.2435379,70314,70324,10
13.06313992,80.24343872,70324,70334,10
13.06280041,80.24337769,70334,70344,10
13.06254005,80.24333954,70344,70354,10
13.06223965,80.2432785,70354,70364,10
13.06186008,80.24320984,70364,70374,10
13.0615797,80.24315643,70374,70384,10
13.0612402,80.24310303,70384,70395,11
13.06077957,80.24298859,70395,70405,10
13.06035042,80.24282837,70405,70415,10
13.05970955,80.24263,70415,70425,10
13.05916023,80.24253845,70425,70435,10
13.05877972,80.24259949,70435,70445,10
13.05869007,80.24260712,70445,70455,10
13.05834961,80.24268341,70455,70465,10
13.05795956,80.24273682,70465,70481,16
13.05772018,80.2427597,70481,70493,12
13.05708027,80.24279785,70493,70514,21
13.05708027,80.24279785,70514,70524,10
13.05698013,80.24276733,70524,70534,10
13.0566597,80.24266815,70534,70544,10
13.05618,80.24249268,70544,70553,9
13.05582047,80.2423172,70553,70564,11
13.05519962,80.24230194,70564,70574,10
13.05461979,80.24240875,70574,70584,10
13.05370045,80.24223328,70584,70604,20
13.05370045,80.24223328,70604,70614,10
13.05350018,80.24211884,70614,70625,11
13.05323982,80.24196625,70625,70635,10
13.0528698,80.24183655,70635,70645,10
13.05241966,80.24154663,70645,70655,10
13.0521698,80.2410965,70655,70665,10
13.05202007,80.24085999,70665,70675,10
13.05183983,80.24073029,70675,70685,10
13.05156994,80.24066162,70685,70695,10
13.05113029,80.2405777,70695,70705,10
13.0508604,80.24053192,70705,70715,10
13.05070972,80.24050903,70715,70725,10
13.05021,80.24040222,70725,70736,11
13.04963017,80.24028015,70736,70746,10
13.04897022,80.24014282,70746,70756,10
13.04835987,80.24001312,70756,70766,10
13.04778004,80.23989868,70766,70776,10
13.04718971,80.23977661,70776,70786,10
13.04638958,80.23960114,70786,70806,20
13.04638958,80.23960114,70806,70816,10
13.04617977,80.23944855,70816,70826,10
13.04627037,80.23918915,70826,70836,10
13.04638004,80.2387085,70836,70847,11
13.04650021,80.23808289,70847,70857,10
13.04664993,80.23742676,70857,70867,10
13.04675961,80.23690033,70867,70883,16
13.04691982,80.23612213,70883,70895,12
13.04699039,80.23577881,70895,70905,10
13.04699993,80.23561096,70905,70914,9
13.04706955,80.23512268,70914,70925,11
13.04718971,80.23428345,70925,70935,10
13.04728031,80.23339844,70935,70945,10
13.04738045,80.23269653,70945,70956,11
13.04745007,80.23213959,70956,70966,10
13.04753017,80.2315979,70966,70976,10
13.04757977,80.23107147,70976,70986,10
13.04763031,80.23053741,70986,70996,10
13.04749012,80.23018646,70996,71006,10
13.04718971,80.22987366,71006,71016,10
13.04644012,80.22975159,71016,71026,10
13.04568005,80.22962189,71026,71036,10
13.04489994,80.2294693,71036,71046,10
13.04450989,80.22940063,71046,71056,10
13.04417992,80.22931671,71056,71067,11
13.04384041,80.22920227,71067,71077,10
13.04391003,80.22889709,71077,71087,10
13.04405975,80.22834015,71087,71097,10
13.04424,80.22770691,71097,71107,10
13.04442024,80.22698212,71107,71117,10
13.04461002,80.22631836,71117,71127,10
13.04475021,80.22582245,71127,71137,10
13.04489994,80.22569275,71137,71147,10
13.04522038,80.22579956,71147,71157,10
13.04568005,80.22592926,71157,71167,10
13.04596996,80.2260437,71167,71178,11
13.04607964,80.22605896,71178,71188,10
13.04646015,80.22618103,71188,71198,10
13.04679012,80.22628784,71198,71208,10
13.04724026,80.22644043,71208,71218,10
13.04771042,80.22659302,71218,71228,10
13.04802036,80.2266922,71228,71238,10
13.04846001,80.22682953,71238,71248,10
13.04897976,80.2269516,71248,71258,10
13.04959011,80.22698975,71258,71268,10
13.05027962,80.22711945,71268,71278,10
13.05072975,80.22721863,71278,71289,11
13.05113029,80.22733307,71289,71299,10
13.05163002,80.22743988,71299,71309,10
13.05206966,80.2275238,71309,71319,10
13.05228043,80.22756958,71319,71329,10
13.05276966,80.22769165,71329,71339,10
13.05344963,80.2277832,71339,71349,10
13.05383968,80.22763824,71349,71359,10
13.05381012,80.22740936,71359,71379,20
13.05381012,80.22740936,71379,71389,10
13.05375957,80.22731018,71389,71400,11
13.05373955,80.22693634,71400,71410,10
13.05370045,80.22640228,71410,71420,10
13.05362034,80.22580719,71420,71430,10
13.05348969,80.22512054,71430,71440,10
13.05337048,80.22458649,71440,71450,10
13.05337048,80.22457886,71450,71460,10
13.05335045,80.22451019,71460,71470,10
13.0532999,80.22422028,71470,71480,10
13.05319977,80.22371674,71480,71490,10
13.0530901,80.2232132,71490,71500,10
13.05300045,80.22284698,71500,71511,11
13.05292034,80.22257996,71511,71521,10
13.05282974,80.22221375,71521,71531,10
13.05272007,80.22181702,71531,71541,10
13.05255985,80.22126007,71541,71551,10
13.05245972,80.22090912,71551,71561,10
13.05245018,80.2208786,71561,71571,10
13.05239964,80.22065735,71571,71581,10
13.05228043,80.22039795,71581,71591,10
13.05175018,80.22025299,71591,71622,31
13.05175018,80.22025299,71622,71632,10
13.05140018,80.22013855,71632,71642,10
13.05107975,80.22001648,71642,71652,10
13.05066013,80.21990967,71652,71662,10
13.05004025,80.21974182,71662,71672,10
13.0493803,80.21955872,71672,71682,10
13.04874039,80.21936798,71682,71692,10
13.04806042,80.21917725,71692,71702,10
13.04730034,80.21897888,71702,71712,10
13.04660988,80.21881866,71712,71722,10
13.04652023,80.21880341,71722,71733,11
13.04623032,80.21871185,71733,71743,10
13.04580021,80.21859741,71743,71753,10
13.04520035,80.21842957,71753,71763,10
13.04461956,80.21806335,71763,71773,10
13.04391956,80.21756744,71773,71783,10
13.04343033,80.21723938,71783,71793,10
13.04281044,80.21681976,71793,71803,10
13.04222012,80.21642303,71803,71813,10
13.0417099,80.21611023,71813,71823,10
13.0417099,80.2161026,71823,71833,10
13.04162025,80.21600342,71833,71844,11
13.04127026,80.21573639,71844,71854,10
13.04076004,80.21539307,71854,71864,10
13.04020977,80.2150116,71864,71873,9
13.03962994,80.2146225,71873,71884,11
13.03894043,80.21412659,71884,71894,10
13.03864002,80.21392822,71894,71904,10
13.03837967,80.21373749,71904,71914,10
13.03783989,80.21337128,71914,71924,10
13.03734016,80.21298218,71924,71934,10
13.03722954,80.21250153,71934,71944,10
13.03707981,80.21237946,71944,71955,11
13.03662014,80.21233368,71955,71965,10
13.0359602,80.21231842,71965,71975,10
13.03557014,80.21233368,71975,71985,10
13.03542042,80.21233368,71985,72001,16
13.03514957,80.21231842,72001,72013,12
13.03477001,80.21225739,72013,72023,10
13.03462029,80.21221924,72023,72033,10
13.03427982,80.21218109,72033,72053,20
13.03427982,80.21218109,72053,72064,11
13.03417969,80.21219635,72064,72074,10
13.03388977,80.21212769,72074,72084,10
13.03357029,80.2120285,72084,72094,10
13.0330801,80.21192169,72094,72103,9
13.03252029,80.21183777,72103,72114,11
13.03195953,80.2116394,72114,72124,10
13.03203011,80.21092224,72124,72134,10
13.03213978,80.21022034,72134,72144,10
13.03232002,80.20970154,72144,72154,10
13.03287029,80.20977783,72154,72164,10
13.0335598,80.20986176,72164,72175,11
13.03442001,80.20993042,72175,72185,10
13.03503036,80.20987701,72185,72195,10
13.03512001,80.20954132,72195,72205,10
13.03518963,80.20887756,72205,72225,20
13.03518963,80.20887756,72225,72235,10
13.0352602,80.20850372,72235,72245,10
13.03536034,80.20806122,72245,72255,10
13.03555012,80.20796967,72255,72265,10
13.03598976,80.20806122,72265,72275,10
13.03660011,80.2081604,72275,72286,11
13.03722954,80.20825958,72286,72296,10
13.03757954,80.20831299,72296,72306,10
13.03808022,80.20838928,72306,72316,10
13.03849983,80.20844269,72316,72326,10
13.03851032,80.20844269,72326,72336,10
13.03882027,80.20848083,72336,72346,10
13.03969955,80.20864868,72346,72366,20
13.03969955,80.20864868,72366,72376,10
13.04006004,80.20871735,72376,72386,10
13.04061985,80.20877838,72386,72397,11
13.04139996,80.20893097,72397,72407,10
13.04197979,80.20900726,72407,72417,10
13.04259014,80.20908356,72417,72427,10
13.04314041,80.20915985,72427,72437,10
13.04378033,80.20925903,72437,72447,10
13.04405975,80.20908356,72447,72457,10
13.04403973,80.20861816,72457,72467,10
13.04399967,80.20793915,72467,72477,10
13.04374027,80.20722961,72477,72487,10
13.04325962,80.20655823,72487,72496,9
13.04283047,80.20596313,72496,72508,12
13.04226017,80.20542145,72508,72518,10
13.04179955,80.20529175,72518,72529,11
13.04156971,80.20526123,72529,72539,10
13.04131985,80.20523071,72539,72549,10
13.04115963,80.20520782,72549,72559,10
13.04094982,80.20517731,72559,72569,10
13.04080009,80.20516205,72569,72579,10
13.04049015,80.20511627,72579,72589,10
13.04012012,80.20506287,72589,72599,10
13.03954029,80.20498657,72599,72609,10
13.03888035,80.20487976,72609,72620,11
13.03820992,80.20478058,72620,72630,10
13.03808022,80.20459747,72630,72640,10
13.03816032,80.20420074,72640,72650,10
13.03824997,80.20365906,72650,72660,10
13.03833961,80.20298767,72660,72670,10
13.0383997,80.20250702,72670,72680,10
13.0384798,80.20201111,72680,72690,10
13.0384798,80.20194244,72690,72700,10
13.03853989,80.20159912,72700,72710,10
13.03861046,80.20115662,72710,72720,10
13.0387001,80.20059967,72720,72731,11
13.03880024,80.19999695,72731,72741,10
13.03888035,80.1993866,72741,72751,10
13.0389204,80.19895935,72751,72761,10
13.03901958,80.19841003,72761,72770,9
13.03911018,80.19773865,72770,72781,11
13.03919983,80.19721985,72781,72791,10
13.03925991,80.19683075,72791,72801,10
13.03925991,80.19677734,72801,72811,10
13.03929996,80.1964798,72811,72821,10
13.03936958,80.19612885,72821,72831,10
13.03944016,80.19545746,72831,72842,11
13.03956032,80.19471741,72842,72852,10
13.03964996,80.19402313,72852,72862,10
13.0397501,80.19313812,72862,72882,20
13.0397501,80.19313812,72882,72892,10
13.03956985,80.19302368,72892,72902,10
13.0392704,80.19297028,72902,72912,10
13.03884029,80.19290924,72912,72922,10
13.03864002,80.19287872,72922,72932,10
13.03857994,80.19287109,72932,72942,10
13.03829956,80.19283295,72942,72953,11
13.03787041,80.19286346,72953,72963,10
13.03759956,80.19322205,72963,72973,10
13.03748035,80.19394684,72973,72983,10
13.03736019,80.19480133,72983,72993,10
13.03724003,80.19557953,72993,73003,10
13.03717995,80.19608307,73003,73013,10
13.03711987,80.19638062,73013,73023,10
13.03703022,80.1968689,73023,73033,10
13.03697014,80.19731903,73033,73043,10
13.03689003,80.19782257,73043,73053,10
13.03680038,80.19860077,73053,73074,21
13.03680038,80.19860077,73074,73084,10
13.03676033,80.19879913,73084,73094,10
13.03668976,80.19918823,73094,73104,10
13.03662014,80.1996994,73104,73114,10
13.03651047,80.20031738,73114,73124,10
13.0363903,80.20127106,73124,73144,20
13.0363903,80.20127106,73144,73154,10
13.03635025,80.20149994,73154,73164,10
13.03627968,80.20195007,73164,73175,11
13.03617001,80.20272064,73175,73185,10
13.03606987,80.20330811,73185,73195,10
13.03602028,80.20371246,73195,73205,10
13.0359602,80.20420837,73205,73215,10
13.03590012,80.20456696,73215,73231,16
13.03575993,80.20526123,73231,73243,12
13.0355196,80.20526123,73243,73253,10
13.03530025,80.20529938,73253,74607,1354
13.03530025,80.20529938,74607,74618,11
13.03571987,80.2052536,74618,74628,10
13.03581047,80.20491791,74628,74638,10
13.03588009,80.20448303,74638,74648,10
13.0359602,80.20398712,74648,74658,10
13.03604031,80.20340729,74658,74668,10
13.03614044,80.20275116,74668,74678,10
13.03623962,80.20205688,74678,74688,10
13.03629017,80.20153046,74688,74698,10
13.03629971,80.20146942,74698,74708,10
13.03633976,80.20123291,74708,74718,10
13.03639984,80.20088196,74718,74729,11
13.03652,80.20015717,74729,74739,10
13.03662014,80.19940186,74739,74748,9
13.03668976,80.19882202,74748,74759,11
13.03672981,80.19841766,74759,74769,10
13.03676033,80.19824982,74769,74779,10
13.03682041,80.19788361,74779,74789,10
13.03689957,80.1974411,74789,74799,10
13.0369997,80.19680023,74799,74809,10
13.03703976,80.19635773,74809,74819,10
13.03705025,80.19631958,74819,74829,10
13.03709984,80.19609833,74829,74840,11
13.03715992,80.19571686,74840,74850,10
13.03724003,80.19515991,74850,74860,10
13.03734016,80.19451141,74860,74870,10
13.0374403,80.19377136,74870,74880,10
13.03754044,80.19302368,74880,74890,10
13.0377903,80.19277191,74890,74900,10
13.03808022,80.19274902,74900,74910,10
13.03876019,80.19284821,74910,74940,30
13.03876019,80.19284821,74940,74951,11
13.03907967,80.19287872,74951,74961,10
13.03944016,80.19293976,74961,74971,10
13.03981972,80.19300842,74971,74987,16
13.04051971,80.19312286,74987,74999,12
13.04117012,80.19322968,74999,75009,10
13.04154015,80.19328308,75009,75019,10
13.04172993,80.19358063,75019,75029,10
13.04172039,80.19390106,75029,75039,10
13.04172993,80.19402313,75039,75049,10
13.04166985,80.19447327,75049,75059,10
13.04160023,80.19506073,75059,75070,11
13.0414896,80.19567108,75070,75080,10
13.04146004,80.19618225,75080,75090,10
13.04143047,80.19664001,75090,75100,10
13.04141998,80.19676208,75100,75110,10
13.0413599,80.19706726,75110,75118,8
13.04129028,80.19747162,75118,75130,12
13.04121017,80.19808197,75130,75140,10
13.04111958,80.19862366,75140,75150,10
13.04102039,80.19914246,75150,75160,10
13.04102039,80.19921875,75160,75170,10
13.04098034,80.19947052,75170,75181,11
13.0408802,80.20005798,75181,75191,10
13.0407896,80.20072937,75191,75201,10
13.04069996,80.20137024,75201,75211,10
13.04061985,80.20189667,75211,75221,10
13.04055977,80.20230103,75221,75231,10
13.04047966,80.20287323,75231,75241,10
13.04036999,80.20352173,75241,75251,10
13.04028034,80.2041626,75251,75261,10
13.04022026,80.20462799,75261,75271,10
13.04024029,80.20497131,75271,75281,10
13.04063034,80.20503998,75281,75292,11
13.04121017,80.20514679,75292,75312,20
13.04121017,80.20514679,75312,75322,10
13.0415802,80.20519257,75322,75338,16
13.04251957,80.20539856,75338,75350,12
13.0428896,80.20590973,75350,75360,10
13.04335022,80.2065506,75360,75370,10
13.04380989,80.20720673,75370,75380,10
13.04411983,80.20799255,75380,75388,8
13.04415035,80.20865631,75388,75400,12
13.04413986,80.209198,75400,75460,60
13.04413986,80.209198,75460,75471,11
13.04401016,80.20928192,75471,75481,10
13.04376984,80.20924377,75481,75491,10
13.04337978,80.20918274,75491,75500,9
13.04294014,80.20910645,75500,75512,12
13.04222965,80.20903015,75512,75522,10
13.04156971,80.2089386,75522,75532,10
13.04084969,80.20881653,75532,75542,10
13.04014969,80.20871735,75542,75552,10
13.03948021,80.20861816,75552,75562,10
13.03899956,80.20855713,75562,75572,10
13.03866959,80.20851135,75572,75582,10
13.03820038,80.20845795,75582,75592,10
13.03787041,80.20839691,75592,75602,10
13.03732014,80.20832825,75602,75612,10
13.03666019,80.20819092,75612,75623,11
13.03602028,80.20809174,75623,75633,10
13.03559017,80.2081604,75633,75643,10
13.03553009,80.2084198,75643,75653,10
13.0355196,80.20842743,75653,75669,16
13.03536987,80.20905304,75669,75681,12
13.03526974,80.20976257,75681,75689,8
13.03524017,80.20993805,75689,75701,12
13.03512955,80.21038055,75701,75711,10
13.03501987,80.21092987,75711,75721,10
13.03501987,80.21128082,75721,75742,21
13.03501987,80.21128082,75742,75751,9
13.03495979,80.21143341,75751,75762,11
13.03495026,80.21163177,75762,75772,10
13.03491974,80.21192932,75772,75782,10
13.03503036,80.2121582,75782,75792,10
13.03549957,80.21224213,75792,75802,10
13.03617954,80.21230316,75802,75812,10
13.03719997,80.21230316,75812,75832,20
13.03719997,80.21230316,75832,75843,11
13.03734016,80.21233368,75843,75853,10
13.03742027,80.2128067,75853,75863,10
13.03783035,80.21327209,75863,75873,10
13.03851032,80.21376038,75873,75883,10
13.03917027,80.21417999,75883,75899,16
13.03948021,80.21443176,75899,75911,12
13.04016018,80.21489716,75911,75919,8
13.04063988,80.21524048,75919,75931,12
13.04150009,80.21585083,75931,75941,10
13.04211044,80.21624756,75941,75951,10
13.0421896,80.21630096,75951,75961,10
13.04226971,80.21633148,75961,75972,11
13.04265022,80.2166214,75972,75983,11
13.04327965,80.21707153,75983,75993,10
13.04399967,80.21759033,75993,76003,10
13.04473972,80.21808624,76003,76013,10
13.04539967,80.21845245,76013,76024,11
13.04605961,80.21861267,76024,76034,10
13.04644012,80.21871185,76034,76044,10
13.04666042,80.21877289,76044,76054,10
13.04697037,80.21884918,76054,76065,11
13.04708004,80.2188797,76065,76075,10
13.04728031,80.21894073,76075,76085,10
13.04778004,80.21906281,76085,76095,10
13.04843044,80.21927643,76095,76105,10
13.04903984,80.21943665,76105,76115,10
13.04967976,80.21961975,76115,76125,10
13.05029964,80.21977997,76125,76135,10
13.05093002,80.21996307,76135,76145,10
13.05154037,80.22016144,76145,76155,10
13.05210972,80.22012329,76155,76196,41
13.05210972,80.22012329,76196,76206,10
13.05230045,80.22013092,76206,76216,10
13.05245972,80.22039795,76216,76226,10
13.05257988,80.22097015,76226,76236,10
13.05278015,80.22174835,76236,76246,10
13.05303955,80.22267151,76246,76262,16
13.05331993,80.22379303,76262,76274,12
13.05348015,80.22450256,76274,76284,10
13.05362988,80.22519684,76284,76294,10
13.05375957,80.2258606,76294,76304,10
13.05385971,80.22635651,76304,76315,11
13.05385971,80.22640228,76315,76325,10
13.05387974,80.22673798,76325,76335,10
13.05391979,80.22715759,76335,76345,10
13.05399036,80.22779083,76345,76355,10
13.05405045,80.2282486,76355,76365,10
13.05407047,80.22853851,76365,76375,10
13.05410004,80.22895813,76375,76385,10
13.0541296,80.22927856,76385,76395,10
13.05416965,80.22968292,76395,76406,11
13.05416012,80.23029327,76406,76415,9
13.05416012,80.2304306,76415,76426,11
13.05414009,80.23058319,76426,76436,10
13.05412006,80.23065948,76436,76446,10
13.05393028,80.23062134,76446,76456,10
13.05350971,80.23059845,76456,76465,9
13.05300045,80.2305069,76465,76476,11
13.05235958,80.23042297,76476,76486,10
13.05200958,80.2303772,76486,76496,10
13.05195999,80.2303772,76496,76506,10
13.05185032,80.23033905,76506,76517,11
13.05150032,80.23027802,76517,76527,10
13.05095005,80.23018646,76527,76537,10
13.05031967,80.23011017,76537,76547,10
13.04959011,80.23007965,76547,76557,10
13.04883957,80.23008728,76557,76567,10
13.04817963,80.23007965,76567,76577,10
13.04778004,80.2304306,76577,76587,10
13.04765987,80.23088837,76587,76597,10
13.04757977,80.23168182,76597,76607,10
13.0474596,80.2325592,76607,76617,10
13.04741955,80.23300934,76617,76628,11
13.04786968,80.23313904,76628,76638,10
13.04856014,80.23329163,76638,76648,10
13.04926968,80.2334671,76648,76658,10
13.04979992,80.23361969,76658,76668,10
13.05010986,80.2336731,76668,76678,10
13.0503397,80.23371887,76678,76688,10
13.05068016,80.23377228,76688,76698,10
13.05117035,80.23387909,76698,76708,10
13.05177975,80.23397827,76708,76718,10
13.05243969,80.23416138,76718,76729,11
13.05319977,80.23435974,76729,76739,10
13.05354977,80.23445129,76739,76749,10
13.05375957,80.23451233,76749,76759,10
13.05370045,80.23496246,76759,76769,10
13.05358982,80.23552704,76769,76779,10
13.05346012,80.23615265,76779,76789,10
13.05331993,80.23687744,76789,76809,20
13.05331993,80.23687744,76809,76819,10
13.05325985,80.2372818,76819,76829,10
13.05317974,80.23773956,76829,76840,11
13.0530901,80.2383194,76840,76850,10
13.0529604,80.23887634,76850,76860,10
13.05276966,80.23973846,76860,76870,10
13.05257988,80.24067688,76870,76920,50
13.05257988,80.24067688,76920,76930,10
13.05257988,80.2407608,76930,76940,10
13.05255985,80.24114227,76940,76951,11
13.05263996,80.24157715,76951,76961,10
13.05303955,80.24182892,76961,76971,10
13.05372047,80.24211884,76971,76990,19
13.05372047,80.24211884,76990,77001,11
13.05408955,80.24224854,77001,77011,10
13.05469036,80.24233246,77011,77021,10
13.05545998,80.24223328,77021,77031,10
13.05620003,80.24243927,77031,77041,10
13.05673027,80.24259949,77041,77051,10
13.05770016,80.24278259,77051,77072,21
13.05770016,80.24278259,77072,77082,10
13.05799961,80.24272156,77082,77092,10
13.05852032,80.2425766,77092,77102,10
13.05926991,80.2424469,77102,77112,10
13.05990028,80.24260712,77112,77113,1
13.05996037,80.24263,77113,77114,1
13.06002045,80.24265289,77114,77165,51
13.0622797,80.2432785,77165,77176,11
13.0622797,80.2432785,77176,77186,10
13.0625,80.24331665,77186,77196,10
13.06280041,80.24339294,77196,77206,10
13.06320953,80.24347687,77206,77216,10
13.06365967,80.24349976,77216,77226,10
13.06396961,80.24350739,77226,77236,10
13.06424046,80.24350739,77236,77246,10
13.06480026,80.24355316,77246,77257,11
13.06552029,80.24359131,77257,77268,11
13.06612015,80.24388885,77268,77278,10
13.06622028,80.24465179,77278,77289,11
13.06639004,80.24559784,77289,77299,10
13.06702042,80.24617004,77299,77309,10
13.06777954,80.24661255,77309,77319,10
13.0678997,80.24710083,77319,77329,10
13.06787014,80.2477417,77329,77339,10
13.06785011,80.24835205,77339,77348,9
13.0678196,80.24854279,77348,77360,12
13.06779003,80.24867249,77360,77370,10
13.06770992,80.24909973,77370,77380,10
13.06758022,80.24980164,77380,77390,10
13.06744003,80.25054169,77390,77401,11
13.06729984,80.25131989,77401,77411,10
13.06735039,80.25202942,77411,77421,10
13.06791973,80.25247192,77421,77431,10
13.06822014,80.25293732,77431,77441,10
13.06776047,80.25337982,77441,77451,10
13.06733036,80.25370789,77451,77462,11
13.06717968,80.25382996,77462,77472,10
13.06682968,80.2541275,77472,77482,10
13.06709003,80.2545929,77482,77492,10
13.06752968,80.25498962,77492,77502,10
13.06766033,80.25511932,77502,77513,11
13.06783962,80.25536346,77513,77523,10
13.06822968,80.25576019,77523,77533,10
13.06869984,80.25624084,77533,77543,10
13.06919956,80.25673676,77543,77553,10
13.06954002,80.25708008,77553,77563,10
13.0700798,80.25762939,77563,77573,10
13.07069969,80.25830841,77573,77583,10
13.07129002,80.25892639,77583,77593,10
13.07147026,80.25914001,77593,77603,10
13.07153034,80.25920868,77603,77613,10
13.07180023,80.2594986,77613,77624,11
13.0722599,80.26000977,77624,77634,10
13.07273006,80.26055908,77634,77644,10
13.07297993,80.26078796,77644,77654,10
13.07316971,80.26080322,77654,77664,10
13.07322979,80.26112366,77664,77674,10
13.07351971,80.26151276,77674,77684,10
13.07390022,80.26191711,77684,77694,10
13.07390976,80.26193237,77694,77704,10
13.07404041,80.26210785,77704,77714,10
13.07433033,80.26246643,77714,77725,11
13.07478046,80.26306152,77725,77735,10
13.07518005,80.26363373,77735,77745,10
13.07557011,80.26415253,77745,77755,10
13.07586956,80.26431274,77755,77765,10
13.07621956,80.26425934,77765,77775,10
13.07670975,80.2641983,77775,77785,10
13.07695961,80.26413727,77785,77795,10
13.07717991,80.26409912,77795,77805,10
13.07752037,80.26387787,77805,77815,10
13.07785034,80.26360321,77815,77825,10
13.07814026,80.26348114,77825,77835,10
13.07824039,80.2636795,77835,77846,11
13.07824039,80.26368713,77846,77856,10
13.07824039,80.26371765,77856,77866,10
13.07831955,80.26407623,77866,77876,10
13.07841969,80.26464081,77876,77892,16
13.07878017,80.26538849,77892,77904,12
13.07938957,80.26529694,77904,77914,10
13.08049965,80.26515961,77914,77985,71
13.08049965,80.26515961,77985,77995,10
13.08069038,80.26522064,77995,78005,10
13.08073044,80.26570892,78005,78015,10
13.08071995,80.26641083,78015,78025,10
13.08069038,80.26712799,78025,78035,10
13.08069992,80.26825714,78035,78045,10
13.08071995,80.26915741,78045,78055,10
13.08073997,80.26998901,78055,78066,11
13.08084011,80.27089691,78066,78116,50
13.08084011,80.27089691,78116,78126,10
13.08086014,80.27094269,78126,78136,10
13.08108997,80.2713089,78136,78146,10
13.08135986,80.27185822,78146,78156,10
13.08150005,80.27252197,78156,78257,101
13.08150005,80.27252197,78257,78267,10
13.08150005,80.27250671,78267,78277,10
13.08150005,80.27274323,78277,78288,11
13.08143997,80.27294159,78288,78358,70
13.08143997,80.27294159,78358,78368,10
13.08148003,80.27345276,78368,78388,20
13.08150005,80.27368164,78388,78429,41
13.08150005,80.27368164,78429,78439,10
13.08172035,80.27394867,78439,78449,10
13.08197021,80.27430725,78449,78459,10
13.08197021,80.27490997,78459,78469,10
13.08199978,80.27523804,78469,78479,10
13.08207989,80.27567291,78479,78520,41
13.08207989,80.27567291,78520,78530,10
13.08205032,80.27591705,78530,78540,10
13.08181953,80.27610016,78540,78550,10
13.08178043,80.27628326,78550,78560,10
13.08185005,80.27680206,78560,78570,10
13.08195972,80.27763367,78570,78580,10
13.08209991,80.2783432,78580,78590,10
13.08216,80.27947235,78590,78600,10
13.08226013,80.28056335,78600,78610,10
13.08234978,80.28147125,78610,78621,11
13.08251953,80.28188324,78621,78631,10
13.08314991,80.2822876,78631,78641,10
13.08386993,80.28275299,78641,78651,10
13.08456039,80.28325653,78651,78661,10
13.08498955,80.28376007,78661,78671,10
13.08522034,80.28388214,78671,78681,10
13.08549023,80.28360748,78681,78691,10
13.08574009,80.28359985,78691,78701,10
13.08611965,80.28359985,78701,78711,10
13.08646011,80.28378296,78711,78721,10
13.08677006,80.28378296,78721,78732,11
13.08712006,80.28373718,78732,78742,10
13.08747959,80.28385162,78742,78891,149
13.08747959,80.28385162,78891,78901,10
13.0876503,80.28372192,78901,78911,10
13.08786011,80.28369141,78911,78921,10
13.08796978,80.28366089,78921,78930,9
13.08815956,80.28359222,78930,78940,10
13.08819008,80.28356171,78940,78952,12
13.08827019,80.28341675,78952,78962,10
13.08827019,80.28304291,78962,78972,10
13.08827972,80.28251648,78972,78982,10
13.08821011,80.28195953,78982,78992,10
13.08798981,80.28151703,78992,79002,10
13.0876503,80.28140259,79002,79012,10
13.08716011,80.28127289,79012,79022,10
13.08683968,80.28118896,79022,79032,10
13.08662033,80.28112793,79032,79042,10
13.08611012,80.28096771,79042,79052,10
13.08572006,80.28076172,79052,79062,10
13.0855999,80.28027344,79062,79073,11
13.08532047,80.27954865,79073,79083,10
13.08462048,80.27928162,79083,79093,10
13.08395958,80.27916718,79093,79103,10
13.08339977,80.27902222,79103,79113,10
13.08216,80.27848816,79113,79184,71
13.08216,80.27848816,79184,79194,10
13.0820303,80.27838898,79194,79204,10
13.08191013,80.2780838,79204,79214,10
13.08187962,80.27761078,79214,79224,10
13.08181953,80.27723694,79224,79234,10
13.08183002,80.27723694,79234,79244,10
13.08185959,80.27706909,79244,79254,10
13.08181953,80.2766037,79254,79264,10
13.08166027,80.27600098,79264,79274,10
13.08154011,80.27548218,79274,79295,21
13.08154011,80.27548218,79295,79305,10
13.08150959,80.27533722,79305,79315,10
13.08152008,80.27497864,79315,79325,10
13.08148003,80.27467346,79325,79335,10
13.08146,80.2743988,79335,79345,10
13.08141994,80.27398682,79345,79355,10
13.08139992,80.27368164,79355,79365,10
13.08133984,80.27326202,79365,79375,10
13.08127975,80.27297974,79375,79385,10
13.08131027,80.2729187,79385,79396,11
13.08141994,80.27256775,79396,79406,10
13.08131981,80.27194977,79406,79416,10
13.08106041,80.27131653,79416,79426,10
13.08075047,80.27079773,79426,79436,10
13.08069038,80.26998138,79436,79446,10
13.08073044,80.26902008,79446,79456,10
13.08069992,80.26804352,79456,79466,10
13.08065033,80.2671814,79466,79476,10
13.08063984,80.26628113,79476,79486,10
13.08063984,80.26548767,79486,79497,11
13.0805397,80.26516724,79497,79507,10
13.08012009,80.26519775,79507,79517,10
13.07956982,80.26526642,79517,79527,10
13.07894039,80.26537323,79527,79537,10
13.07859993,80.26540375,79537,79546,9
13.07849979,80.26535034,79546,79556,10
13.07843971,80.26495361,79556,79567,11
13.07826996,80.26416016,79567,79577,10
13.07808018,80.26352692,79577,79587,10
13.07787991,80.26358032,79587,79597,10
13.07781029,80.26364136,79597,79607,10
13.07758045,80.26380157,79607,79618,11
13.0770998,80.26405334,79618,79628,10
13.07666969,80.26413727,79628,79638,10
13.07625961,80.26421356,79638,79648,10
13.07569981,80.26428223,79648,79658,10
13.07540035,80.2639389,79658,79668,10
13.07497025,80.26334381,79668,79678,10
13.07462978,80.2628479,79678,79688,10
13.07429028,80.26244354,79688,79698,10
13.07386017,80.26190948,79698,79708,10
13.07363033,80.26165771,79708,79718,10
13.07357025,80.26159668,79718,79729,11
13.07334042,80.26142883,79729,79739,10
13.0730896,80.26132202,79739,79749,10
13.07301044,80.26103973,79749,79759,10
13.0729599,80.26080322,79759,79769,10
13.07258034,80.26035309,79769,79779,10
13.07207966,80.25978088,79779,79789,10
13.07164955,80.25932312,79789,79799,10
13.07120991,80.25884247,79799,79809,10
13.0706501,80.25823975,79809,79819,10
13.0700798,80.25762177,79819,79829,10
13.06952,80.25702667,79829,79840,11
13.06892014,80.25640106,79840,79850,10
13.06838036,80.25585938,79850,79860,10
13.06777954,80.25531006,79860,79870,10
13.06719017,80.25476074,79870,79880,10
13.06682968,80.25437164,79880,79890,10
13.0667696,80.25430298,79890,79900,10
13.06680012,80.25395966,79900,79916,16
13.06715965,80.25369263,79916,79928,12
13.06737995,80.25354767,79928,79936,8
13.06770039,80.25332642,79936,79949,13
13.06818008,80.25283813,79949,79959,10
13.06770039,80.252388,79959,79969,10
13.0672102,80.25196075,79969,79979,10
13.06727028,80.25135803,79979,79989,10
13.06737995,80.25081635,79989,79999,10
13.06744003,80.25039673,79999,80009,10
13.06756973,80.24964142,80009,80019,10
13.06768036,80.24889374,80019,80029,10
13.0676899,80.24806213,80029,80039,10
13.06704044,80.24790955,80039,80048,9
13.06636047,80.24786377,80048,80060,12
13.06536007,80.24781036,80060,80070,10
13.06412029,80.24770355,80070,80080,10
13.06311989,80.24762726,80080,80090,10
13.06214046,80.24759674,80090,80100,10
13.06138992,80.2472229,80100,80110,10
13.06149006,80.24671173,80110,80120,10
13.06175995,80.24629211,80120,80130,10
13.06194019,80.2454071,80130,80140,10
13.06239986,80.24485779,80140,80150,10
13.06295013,80.24449158,80150,80160,10
13.06313992,80.24421692,80160,80171,11
13.0632,80.24417114,80171,80181,10
13.06334972,80.24381256,80181,80191,10
13.06320953,80.24344635,80191,80201,10
13.06272984,80.24334717,80201,80211,10
13.06233978,80.24330139,80211,80221,10
13.06190014,80.24320984,80221,80231,10
13.06144047,80.24314117,80231,80241,10
13.06112957,80.24308014,80241,80251,10
13.06066036,80.24294281,80251,80261,10
13.06005001,80.24273682,80261,80271,10
13.05930996,80.24250031,80271,80282,11
13.05871964,80.24256134,80282,80292,10
13.05854034,80.24260712,80292,80302,10
13.05805969,80.24272156,80302,80312,10
13.05737019,80.24282074,80312,80328,16
13.05653,80.24266052,80328,80340,12
13.05570984,80.24230194,80340,80348,8
13.05502987,80.24230194,80348,80358,10
13.05426979,80.24234009,80358,80370,12
13.05358028,80.24217987,80370,80380,10
13.0535202,80.24214172,80380,80391,11
13.05307007,80.2419281,80391,80401,10
13.05247974,80.24166107,80401,80411,10
13.05212021,80.24108887,80411,80421,10
13.05189991,80.24078369,80421,80431,10
13.05154037,80.24067688,80431,80441,10
13.0509901,80.24056244,80441,80451,10
13.05023956,80.24041748,80451,80461,10
13.04948044,80.24025726,80461,80471,10
13.0487299,80.2401123,80471,80481,10
13.04786968,80.23992157,80481,80491,10
13.04706001,80.23973846,80491,80510,19
13.04615974,80.2395401,80510,80522,12
13.0461998,80.23919678,80522,80532,10
13.04633045,80.23877716,80532,80542,10
13.04652023,80.23796082,80542,80552,10
13.04668999,80.23709869,80552,80562,10
13.04685974,80.23622131,80562,80572,10
13.04691982,80.23586273,80572,80582,10
13.04697037,80.23561096,80582,80592,10
13.04703999,80.23516846,80592,80602,10
13.04712963,80.23451996,80602,80612,10
13.04718018,80.23384857,80612,80623,11
13.04726982,80.23342896,80623,80633,10
13.04730988,80.23312378,80633,80653,20
13.04730988,80.23312378,80653,80663,10
13.0473299,80.23284149,80663,80673,10
13.04741001,80.23242188,80673,80683,10
13.04747963,80.23191071,80683,80693,10
13.04755974,80.23130798,80693,80703,10
13.04763031,80.23061371,80703,80713,10
13.04736996,80.23001862,80713,80724,11
13.04664993,80.22979736,80724,80734,10
13.04576015,80.22966003,80734,80744,10
13.04485989,80.22947693,80744,80754,10
13.04450035,80.22942352,80754,80764,10
13.04403973,80.22930145,80764,80774,10
13.04382992,80.22913361,80774,80784,10
13.04395962,80.2286377,80784,80794,10
13.04417038,80.22795868,80794,80804,10
13.04438972,80.2270813,80804,80814,10
13.04463959,80.22614288,80814,80824,10
13.04479027,80.22572327,80824,80835,11
13.04528046,80.22582245,80835,80845,10
13.04594994,80.2260437,80845,80855,10
13.04658985,80.22622681,80855,80865,10
13.04710007,80.22640991,80865,80875,10
13.04755974,80.22654724,80875,80885,10
13.04819965,80.22676086,80885,80895,10
13.04891014,80.22693634,80895,80905,10
13.04957962,80.22701263,80905,80915,10
13.05023956,80.22712708,80915,80925,10
13.05090046,80.22727966,80925,80935,10
13.05154991,80.22740936,80935,80946,11
13.05233955,80.22756195,80946,80956,10
13.05305004,80.2277298,80956,80966,10
13.05360031,80.2277832,80966,80976,10
13.0537796,80.22743225,80976,80986,10
13.05377007,80.22733307,80986,80996,10
13.05379009,80.22724915,80996,81006,10
13.05377007,80.22692108,81006,81016,10
13.05370045,80.22628784,81016,81026,10
13.05356026,80.22547913,81026,81036,10
13.05338001,80.22458649,81036,81046,10
13.05327034,80.22408295,81046,81057,11
13.05313969,80.22335815,81057,81066,9
13.05298042,80.22264862,81066,81077,11
13.05272961,80.22177124,81077,81087,10
13.05247021,80.22084045,81087,81097,10
13.05210018,80.22029877,81097,81107,10
13.05173016,80.2202301,81107,81117,10
13.05154037,80.2201767,81117,81127,10
13.05113029,80.22003174,81127,81137,10
13.05053043,80.21987152,81137,81147,10
13.04985046,80.21968079,81147,81157,10
13.04913044,80.21949005,81157,81168,11
13.04821968,80.21926117,81168,81178,10
13.04749966,80.21906281,81178,81188,10
13.04669952,80.21885681,81188,81204,16
13.04638958,80.21875763,81204,81216,12
13.04578972,80.21858215,81216,81226,10
13.0452404,80.21839905,81226,81235,9
13.04450989,80.21794891,81235,81246,11
13.04382038,80.21749878,81246,81256,10
13.04349995,80.21727753,81256,81266,10
13.04292011,80.21688843,81266,81277,11
13.04211998,80.21633148,81277,81287,10
13.04144001,80.21585083,81287,81295,8
13.04086018,80.21543884,81295,81306,11
13.03999043,80.21484375,81306,81318,12
13.03905964,80.21421051,81318,81328,10
13.03808975,80.21353912,81328,81338,10
13.03728962,80.21291351,81338,81346,8
13.03715992,80.21240234,81346,81358,12
13.03637981,80.21234131,81358,81368,10
13.03547001,80.21233368,81368,81378,10
13.03474998,80.21228027,81378,81389,11
13.03444958,80.21221924,81389,81399,10
13.0342598,80.21218872,81399,81409,10
13.03417969,80.21214294,81409,81419,10
13.03396034,80.21212006,81419,81429,10
13.03363037,80.21205139,81429,81439,10
13.03302002,80.21189117,81439,81449,10
13.03236008,80.21180725,81449,81459,10
13.03203011,80.21166229,81459,81469,10
13.03201008,80.2111969,81469,81479,10
13.03211021,80.21048737,81479,81489,10
13.03223038,80.20979309,81489,81500,11
13.03291988,80.20980835,81500,81510,10
13.03374958,80.2098999,81510,81520,10
13.03454018,80.20999908,81520,81530,10
13.03485966,80.20999146,81530,81540,10
13.03511047,80.20966339,81540,81550,10
13.03518963,80.20903778,81550,81560,10
13.03522015,80.20880127,81560,81570,10
13.0352602,80.20854187,81570,81580,10
13.03532982,80.20807648,81580,81590,10
13.03581047,80.20806122,81590,81600,10
13.03645992,80.2081604,81600,81611,11
13.03736019,80.20829773,81611,81621,10
13.03814983,80.2084198,81621,81631,10
13.03876972,80.20851135,81631,81647,16
13.03999996,80.20870972,81647,81659,12
13.04098034,80.2088623,81659,81669,10
13.04154968,80.2089386,81669,81679,10
13.04248047,80.2090683,81679,81689,10
13.04331017,80.20919037,81689,81699,10
13.04378986,80.20926666,81699,81709,10
13.04405022,80.209198,81709,81719,10
13.04403019,80.20883179,81719,81730,11
13.04403973,80.20868683,81730,81740,10
13.0440197,80.20821381,81740,81750,10
13.04393005,80.20768738,81750,81760,10
13.04358959,80.20703125,81760,81770,10
13.04306984,80.20630646,81770,81780,10
13.04253006,80.2056427,81780,81790,10
13.0418396,80.20529175,81790,81800,10
13.04117966,80.20520782,81800,81810,10
13.04061985,80.20511627,81810,81820,10
13.04010963,80.20504761,81820,81830,10
13.03950024,80.20494843,81830,81841,11
13.03868008,80.20482635,81841,81851,10
13.03812027,80.20471191,81851,81867,16
13.03816032,80.20404053,81867,81879,12
13.03824997,80.20342255,81879,81889,10
13.03831959,80.20292664,81889,81899,10
13.03845024,80.20211792,81899,81909,10
13.03851986,80.20156097,81909,81919,10
13.03859997,80.20098114,81919,81929,10
13.03870964,80.20041656,81929,81939,10
13.03880024,80.19967651,81939,81949,10
13.03886032,80.19927216,81949,81960,11
13.03890038,80.19892883,81960,81970,10
13.03899956,80.19828033,81970,81980,10
13.03913021,80.19745636,81980,81990,10
13.03919983,80.19695282,81990,82000,10
13.03921032,80.19692993,82000,82010,10
13.0392704,80.19654083,82010,82020,10
13.03931999,80.19616699,82020,82030,10
13.03940964,80.19555664,82030,82040,10
13.03948975,80.19481659,82040,82050,10
13.03958988,80.19400024,82050,82061,11
13.03971958,80.1932373,82061,82071,10
13.03971958,80.19309235,82071,82081,10
13.03942013,80.19302368,82081,82091,10
13.03886032,80.19291687,82091,82101,10
13.03864956,80.19288635,82101,82117,16
13.03804016,80.19281769,82117,82129,12
13.03757954,80.19332886,82129,82139,10
13.03744984,80.19418335,82139,82149,10
13.03730011,80.19519806,82149,82159,10
13.03719044,80.195961,82159,82169,10
13.03717041,80.19609833,82169,82180,11
13.03709984,80.19637299,82180,82190,10
13.03701019,80.1969986,82190,82200,10
13.03689957,80.19780731,82200,82210,10
13.03680038,80.19854736,82210,82220,10
13.03676987,80.19877625,82220,82230,10
13.03670979,80.19909668,82230,82240,10
13.03660011,80.19978333,82240,82250,10
13.03647041,80.20069122,82250,82260,10
13.0363903,80.20133209,82260,82270,10
13.03637028,80.20142365,82270,82281,11
13.03629017,80.20187378,82281,82291,10
13.03619003,80.20252991,82291,82301,10
13.03608036,80.20336914,82301,82311,10
13.0359602,80.20420074,82311,82321,10
13.03588009,80.20482635,82321,82331,10
13.03582001,80.20519257,82331,82341,10
13.03582001,80.2052002,82341,82351,10
13.03573036,80.20532227,82351,82361,10
13.03555965,80.20527649,82361,82371,10
13.03536987,80.20523834,82371,82412,41
13.03536987,80.20523834,82412,82422,10
13.03514004,80.20517731,82422,82432,10
13.03470993,80.20513916,82432,82452,20
13.03470993,80.20513916,82452,82462,10
13.03454018,80.20527649,82462,82472,10
13.03435993,80.20558167,82472,82482,10
