12.99740028,80.25689697,18,4839,4821
12.99740028,80.25689697,4839,4849,10
12.9974699,80.25672913,4849,4980,131
12.99748993,80.25682068,4980,18795,13815
12.99757004,80.25682831,18795,18866,71
12.9975996,80.25685883,18866,20762,1896
12.9975996,80.25685883,20762,20772,10
12.99761963,80.25704956,20772,20782,10
12.99775982,80.2569809,20782,20792,10
12.99777985,80.25685883,20792,20802,10
12.99775028,80.25656128,20802,20811,9
12.99771976,80.25628662,20811,20893,82
12.99771976,80.25628662,20893,20903,10
12.99750996,80.25596619,20903,23223,2320
12.99750996,80.25596619,23223,23233,10
12.99730015,80.25585175,23233,23243,10
12.99695015,80.25591278,23243,23263,20
12.99695015,80.25591278,23263,23273,10
12.99662018,80.25589752,23273,23283,10
12.99606037,80.25589752,23283,23293,10
12.99543953,80.25592804,23293,23302,9
12.99481964,80.25595856,23302,23314,12
12.99396038,80.25605011,23314,23324,10
12.99312019,80.25608063,23324,23334,10
12.99223995,80.25608826,23334,23344,10
12.99135017,80.25605011,23344,23354,10
12.99061012,80.256073,23354,23364,10
12.98974991,80.25605774,23364,23374,10
12.98892021,80.25598145,23374,23384,10
12.98838997,80.25589752,23384,23425,41
12.98838997,80.25589752,23425,23435,10
12.98822021,80.2558136,23435,23445,10
12.9878397,80.25578308,23445,23546,101
12.9878397,80.25578308,23546,23556,10
12.98781967,80.25575256,23556,23566,10
12.98744011,80.25569916,23566,23576,10
12.98672009,80.25559235,23576,23586,10
12.98593044,80.25543213,23586,23596,10
12.98523045,80.25530243,23596,23606,10
12.98441029,80.25514984,23606,23616,10
12.98353004,80.25491333,23616,23626,10
12.98276043,80.25470734,23626,23636,10
12.98209953,80.25430298,23636,23646,10
12.98182011,80.25347137,23646,23655,9
12.98157978,80.25289154,23655,23667,12
12.98093987,80.25279999,23667,23676,9
12.98011017,80.25273895,23676,23727,51
12.98011017,80.25273895,23727,23737,10
12.97984982,80.25257111,23737,23747,10
12.97992039,80.25224304,23747,23798,51
12.97992039,80.25224304,23798,23808,10
12.97996044,80.25208282,23808,23818,10
12.98005009,80.25176239,23818,23828,10
12.98021984,80.25125885,23828,23838,10
12.98040962,80.25064087,23838,23848,10
12.98058033,80.24996948,23848,23858,10
12.98069954,80.24925232,23858,23868,10
12.98075008,80.24848175,23868,23878,10
12.98079967,80.24770355,23878,23888,10
12.98087025,80.24685669,23888,23899,11
12.98097992,80.24588013,23899,23909,10
12.98108006,80.24495697,23909,23919,10
12.98118019,80.24410248,23919,23929,10
12.98128033,80.2436676,23929,23939,10
12.98134995,80.24334717,23939,23949,10
12.98134995,80.2428894,23949,23969,20
12.98134995,80.2428894,23969,23979,10
12.98136997,80.24273682,23979,23989,10
12.98139,80.24240875,23989,23999,10
12.98136997,80.24182892,23999,24009,10
12.98136997,80.24111938,24009,24020,11
12.98134995,80.2403183,24020,24030,10
12.98134041,80.23959351,24030,24040,10
12.98132038,80.2388382,24040,24050,10
12.98128986,80.23808289,24050,24060,10
12.98128986,80.23789978,24060,24070,10
12.98128033,80.23751831,24070,24080,10
12.98128033,80.23683167,24080,24090,10
12.9812603,80.23593903,24090,24100,10
12.98122025,80.23500824,24100,24110,10
12.98132038,80.23409271,24110,24120,10
12.9816103,80.2334137,24120,24131,11
12.98165989,80.23329926,24131,24141,10
12.98186016,80.23290253,24141,24151,10
12.98202038,80.23232269,24151,24161,10
12.98200035,80.23194122,24161,24171,10
12.98198032,80.23143005,24171,24181,10
12.98182011,80.23091888,24181,24191,10
12.98147964,80.23032379,24191,24201,10
12.98106003,80.22963715,24201,24211,10
12.98079967,80.22921753,24211,24221,10
12.98066044,80.22898102,24221,24231,10
12.98040009,80.2285614,24231,24240,9
12.9802103,80.22814178,24240,24252,12
12.9797802,80.22741699,24252,24262,10
12.97929001,80.22660828,24262,24272,10
12.97877026,80.22575378,24272,24282,10
12.97828007,80.22490692,24282,24292,10
12.97787952,80.22438812,24292,24302,10
12.97780991,80.22427368,24302,24312,10
12.97758007,80.22389221,24312,24322,10
12.97725964,80.22335052,24322,24332,10
12.97698975,80.2228775,24332,24342,10
12.97712994,80.22267914,24342,24352,10
12.97723961,80.22267914,24352,24362,10
12.97751045,80.22258759,24362,24373,11
12.97751045,80.22212982,24373,24383,10
12.97747993,80.22154236,24383,24393,10
12.97747993,80.22131348,24393,24403,10
12.97766018,80.22120667,24403,24413,10
12.9781599,80.22116089,24413,24423,10
12.97893047,80.22109222,24423,24433,10
12.97972012,80.22103882,24433,24443,10
12.98052979,80.22097015,24443,24453,10
12.98108959,80.22100067,24453,24463,10
12.98169994,80.22131348,24463,24473,10
12.98211002,80.22161865,24473,24482,9
12.98276043,80.22184753,24482,24504,22
12.98276043,80.22184753,24504,24514,10
12.98313046,80.22207642,24514,24524,10
12.98355007,80.22238159,24524,24534,10
12.98418045,80.22271729,24534,24544,10
12.98476028,80.22309113,24544,24554,10
12.98521042,80.22325134,24554,24564,10
12.98550987,80.22319031,24564,24574,10
12.98591995,80.2229538,24574,24584,10
12.98626041,80.22293854,24584,24594,10
12.98649979,80.22293854,24594,24605,11
12.98698997,80.22299957,24605,24615,10
12.98760033,80.22303772,24615,24625,10
12.98818016,80.22273254,24625,24635,10
12.98875046,80.22222137,24635,24645,10
12.98925972,80.22164154,24645,24655,10
12.98978043,80.22096252,24655,24665,10
12.9903698,80.22045135,24665,24675,10
12.99050999,80.22033691,24675,24685,10
12.99083996,80.22010803,24685,24695,10
12.99133968,80.21968079,24695,24705,10
12.99201965,80.21920013,24705,24715,10
12.99283028,80.21859741,24715,24726,11
12.9938097,80.21790314,24726,24736,10
12.99458981,80.2173233,24736,24746,10
12.99536037,80.21681213,24746,24756,10
12.99621964,80.21653748,24756,24766,10
12.99697018,80.21645355,24766,24776,10
12.99734974,80.21626282,24776,24786,10
12.99736023,80.21623993,24786,24796,10
12.99757004,80.21607971,24796,24806,10
12.99802017,80.2157135,24806,24816,10
12.99862003,80.21520233,24816,24826,10
12.99905014,80.21482849,24826,24835,9
12.99925041,80.21465302,24835,24847,12
12.99979973,80.21417999,24847,24857,10
13.00024986,80.21379852,24857,24867,10
13.00080967,80.21328735,24867,24877,10
13.00140953,80.21282196,24877,24887,10
13.00199986,80.21240997,24887,24897,10
13.00251007,80.21214294,24897,24907,10
13.00308037,80.21208191,24907,24917,10
13.00362968,80.21198273,24917,24927,10
13.00370026,80.21174622,24927,24937,10
13.00370979,80.21109772,24937,24947,10
13.00362968,80.21038818,24947,24957,10
13.00354958,80.20967865,24957,24968,11
13.00368977,80.20890045,24968,24978,10
13.00426006,80.20871735,24978,24988,10
13.00510025,80.20909882,24988,24998,10
13.00588036,80.20942688,24998,25008,10
13.00658989,80.20964813,25008,25018,10
13.00714016,80.20980072,25018,25028,10
13.00765038,80.20983887,25028,25058,30
13.00765038,80.20983887,25058,25068,10
13.00782013,80.20987701,25068,25079,11
13.00811958,80.20993805,25079,25089,10
13.00813007,80.20957947,25089,25099,10
13.00798035,80.20879364,25099,25109,10
13.00784016,80.20777893,25109,25119,10
13.00769043,80.20674133,25119,25129,10
13.00755024,80.20562744,25129,25139,10
13.00753975,80.20455933,25139,25149,10
13.00745964,80.20361328,25149,25159,10
13.00726032,80.20272064,25159,25169,10
13.00658989,80.20276642,25169,25179,10
13.00687027,80.20336151,25179,25189,10
13.00761032,80.20365906,25189,25200,11
13.00870991,80.20368958,25200,25210,10
13.00992012,80.20362091,25210,25220,10
13.01126003,80.20368195,25220,25230,10
13.01257992,80.20388794,25230,25240,10
13.01352024,80.2041626,25240,25250,10
13.01360035,80.20417786,25250,25260,10
13.01368999,80.20427704,25260,25270,10
13.01360989,80.2046814,25270,25280,10
13.01333046,80.20543671,25280,25290,10
13.01309967,80.20641327,25290,25299,9
13.01303005,80.20722961,25299,25310,11
13.01294041,80.2077179,25310,25321,11
13.01290035,80.20822144,25321,25331,10
13.01284981,80.20855713,25331,25341,10
13.01296997,80.20915985,25341,25351,10
13.01323986,80.20973969,25351,25361,10
13.01319027,80.21031189,25361,25371,10
13.01301956,80.21099854,25371,25381,10
13.01263046,80.21170807,25381,25391,10
13.01229,80.21225739,25391,25401,10
13.01200008,80.21266937,25401,25411,10
13.01181984,80.21276093,25411,25421,10
13.01138973,80.21247101,25421,25432,11
13.01068974,80.21195984,25432,25512,80
13.01068974,80.21195984,25512,25522,10
13.01051044,80.21176147,25522,25532,10
13.01027966,80.21160126,25532,25542,10
13.00979996,80.21127319,25542,25593,51
13.00951004,80.21109772,25593,25946,353
13.00938034,80.21105957,25946,26168,222
13.00951958,80.21103668,26168,26400,232
13.00932026,80.21096039,26400,26470,70
13.00932026,80.21096039,26470,26480,10
13.00911999,80.21131897,26480,26489,9
13.0090704,80.21140289,26489,26500,11
13.00903988,80.21169281,26500,26511,11
13.00909996,80.21188354,26511,26521,10
13.00928974,80.21240234,26521,26531,10
13.00953007,80.21305847,26531,26541,10
13.00979996,80.21373749,26541,26551,10
13.01008034,80.2144165,26551,26561,10
13.01023006,80.21527863,26561,26571,10
13.01056957,80.21627045,26571,26581,10
13.0110302,80.21727753,26581,26591,10
13.01146984,80.21835327,26591,26601,10
13.01187038,80.21955109,26601,26611,10
13.01222038,80.22065735,26611,26622,11
13.01243973,80.22142792,26622,26632,10
13.01255989,80.22170258,26632,26642,10
13.01294994,80.22225952,26642,26652,10
13.01352978,80.22290039,26652,26662,10
13.01416969,80.22357941,26662,26672,10
13.01473999,80.22428131,26672,26682,10
13.01537037,80.22496796,26682,26692,10
13.01550007,80.22540283,26692,26702,10
13.01523972,80.22580719,26702,26712,10
13.01461029,80.22606659,26712,26722,10
13.01379013,80.22638702,26722,26732,10
13.01292038,80.22675323,26732,26743,11
13.01189041,80.22718048,26743,26753,10
13.01089001,80.22756958,26753,26763,10
13.00992012,80.22792816,26763,26773,10
13.00961018,80.22743988,26773,26783,10
13.00992966,80.22670746,26783,26793,10
13.01029015,80.22589111,26793,26803,10
13.01070023,80.22496796,26803,26813,10
13.01107979,80.22399139,26813,26823,10
13.01128006,80.22322845,26823,26833,10
13.01076031,80.22293854,26833,26843,10
13.01002979,80.22255707,26843,26853,10
13.00918007,80.2220993,26853,26864,11
13.00817013,80.22155762,26864,26874,10
13.0072298,80.22103119,26874,26884,10
13.00634003,80.22061157,26884,26894,10
13.00535965,80.22039795,26894,26904,10
13.00467014,80.22022247,26904,26914,10
13.00450039,80.22019196,26914,26924,10
13.00395966,80.22006989,26924,26934,10
13.00317001,80.21987915,26934,26944,10
13.00236034,80.21936035,26944,26954,10
13.0017004,80.21871948,26954,26964,10
13.00098991,80.21819305,26964,26975,11
13.00016975,80.21765137,26975,26985,10
12.99938011,80.21717072,26985,26995,10
12.99849987,80.2167511,26995,27005,10
12.99767971,80.21656036,27005,27015,10
12.99742985,80.21655273,27015,27025,10
12.99732971,80.21655273,27025,27035,10
12.9969101,80.21656799,27035,27045,10
12.99629021,80.21665955,27045,27055,10
12.99559021,80.21692657,27055,27065,10
12.99499035,80.21723938,27065,27075,10
12.99442959,80.21759033,27075,27085,10
12.99384975,80.21803284,27085,27096,11
12.99300957,80.21858215,27096,27106,10
12.9921999,80.21916962,27106,27116,10
12.99137974,80.21977234,27116,27126,10
12.99085045,80.2201767,27126,27136,10
12.99075031,80.22025299,27136,27146,10
12.99038982,80.22052765,27146,27156,10
12.98987007,80.22100067,27156,27166,10
12.98943043,80.22147369,27166,27176,10
12.98919964,80.2217865,27176,27186,10
12.98878002,80.22226715,27186,27196,10
12.98770046,80.22309875,27196,27217,21
12.98770046,80.22309875,27217,27227,10
12.98731995,80.22306824,27227,27237,10
12.98686981,80.22299957,27237,27247,10
12.98631001,80.2229538,27247,27257,10
12.98571968,80.22312164,27257,27267,10
12.98528004,80.22325897,27267,27277,10
12.9847002,80.22303009,27277,27287,10
12.98406982,80.22265625,27287,27297,10
12.98363018,80.22242737,27297,27307,10
12.98328018,80.22222137,27307,27316,9
12.98326969,80.22219849,27316,27328,12
12.98295975,80.22205353,27328,27338,10
12.98258018,80.22190857,27338,27348,10
12.98206997,80.22167206,27348,27358,10
12.98149014,80.22129822,27358,27368,10
12.98073959,80.22109985,27368,27378,10
12.97986984,80.22118378,27378,27388,10
12.97896957,80.22119904,27388,27398,10
12.97813034,80.22116089,27398,27408,10
12.97751999,80.22120667,27408,27418,10
12.97684002,80.22129822,27418,27428,10
12.97626019,80.2213974,27428,27438,10
12.97640991,80.22183228,27438,27479,41
12.97640991,80.22183228,27479,27489,10
12.97649956,80.22225189,27489,27499,10
12.97684002,80.22268677,27499,27509,10
12.97723961,80.22325134,27509,27519,10
12.97770977,80.22399902,27519,27529,10
12.97817993,80.22471619,27529,27539,10
12.97854996,80.22531128,27539,27549,10
12.97863007,80.22544098,27549,27558,9
12.97883987,80.22576904,27558,27570,12
12.97924995,80.22646332,27570,27580,10
12.97966003,80.22717285,27580,27590,10
12.98007011,80.22783661,27590,27600,10
12.98046017,80.22852325,27600,27610,10
12.98091984,80.22926331,27610,27620,10
12.98139954,80.23001862,27620,27630,10
12.98169994,80.23045349,27630,27640,10
12.98174,80.23052979,27640,27650,10
12.98190975,80.23097229,27650,27660,10
12.98204041,80.23171234,27660,27670,10
12.98198032,80.23259735,27670,27681,11
12.98165989,80.23345947,27681,27691,10
12.98159981,80.23358154,27691,27701,10
12.98139954,80.23397064,27701,27711,10
12.98120975,80.23464203,27711,27721,10
12.98122978,80.2355423,27721,27731,10
12.98126984,80.23657227,27731,27741,10
12.98130035,80.23757935,27741,27751,10
12.98130989,80.23842621,27751,27761,10
12.98132038,80.23867035,27761,27771,10
12.98130989,80.23890686,27771,27781,10
12.98132992,80.2395401,27781,27791,10
12.98134995,80.2403717,27791,27802,11
12.98136044,80.24141693,27802,27812,10
12.98136997,80.24226379,27812,27822,10
12.98139,80.24272919,27822,27832,10
12.98138046,80.24275208,27832,27842,10
12.98138046,80.24307251,27842,27852,10
12.98136044,80.24360657,27852,27862,10
12.98124981,80.24440765,27862,27872,10
12.98112965,80.24539948,27872,27882,10
12.98099995,80.24653625,27882,27892,10
12.98089981,80.24771118,27892,27902,10
12.9808197,80.24884796,27902,27912,10
12.98064995,80.24997711,27912,27923,11
12.98034,80.25115967,27923,27933,10
12.98013973,80.2519989,27933,27943,10
12.97994995,80.25247955,27943,27973,30
12.97994995,80.25247955,27973,27983,10
12.97992039,80.25274658,27983,27993,10
12.97961044,80.2527771,27993,28003,10
12.97902966,80.25269318,28003,28013,10
12.97883987,80.25267029,28013,28023,10
12.97871017,80.25261688,28023,28033,10
12.9782896,80.25238037,28033,28044,11
12.9776001,80.25177002,28044,28054,10
12.97669029,80.251297,28054,28064,10
12.97562027,80.25099182,28064,28074,10
12.97453022,80.25067902,28074,28084,10
12.97344971,80.2503891,28084,28094,10
12.97274971,80.25022888,28094,28104,10
12.97274017,80.25022888,28104,28114,10
12.97237968,80.25012207,28114,28124,10
12.97167015,80.24993134,28124,28134,10
12.97074032,80.24964905,28134,28144,10
12.96971035,80.24926758,28144,28154,10
12.96864986,80.2488327,28154,28165,11
12.96745968,80.24835968,28165,28175,10
12.96662998,80.24797058,28175,28185,10
12.96584034,80.24762726,28185,28195,10
12.9651804,80.24742126,28195,28205,10
12.96516037,80.24741364,28205,28215,10
12.96510983,80.24739075,28215,28225,10
12.96475029,80.24723053,28225,28235,10
12.9641304,80.24700165,28235,28245,10
12.96366978,80.24681854,28245,28255,10
12.96312046,80.24655151,28255,28265,10
12.96234035,80.24617004,28265,28276,11
12.96125984,80.24564362,28276,28286,10
12.96020031,80.24517059,28286,28296,10
12.95934963,80.24481964,28296,28306,10
12.95930004,80.24479675,28306,28316,10
12.95913982,80.24472809,28316,28326,10
12.95868969,80.24449921,28326,28336,10
12.95800972,80.24420166,28336,28346,10
12.95740032,80.24395752,28346,28356,10
12.95664024,80.24365234,28356,28366,10
12.95635986,80.2435379,28366,28376,10
12.95582008,80.24330139,28376,28386,10
12.95512009,80.24298859,28386,28397,11
12.95419979,80.24262238,28397,28407,10
12.95320034,80.24221802,28407,28417,10
12.95228004,80.24188232,28417,28427,10
12.95172977,80.24167633,28427,28437,10
12.95168972,80.2416687,28437,28447,10
12.95153046,80.24160767,28447,28457,10
12.95102978,80.24143219,28457,28467,10
12.95028019,80.24120331,28467,28477,10
12.9492197,80.24088287,28477,28497,20
12.9492197,80.24088287,28497,28507,10
12.94880009,80.24073029,28507,28518,11
12.94806957,80.24041748,28518,28528,10
12.94752979,80.24021149,28528,28548,20
12.94752979,80.24021149,28548,28558,10
12.94734001,80.24012756,28558,28568,10
12.94684029,80.23992157,28568,28578,10
12.94610977,80.23960876,28578,28588,10
12.94526958,80.23916626,28588,28598,10
12.94452,80.23840332,28598,28608,10
12.94377995,80.23760986,28608,28617,9
12.94332027,80.23713684,28617,28629,12
12.94312,80.23693848,28629,28639,10
12.9425602,80.23658752,28639,28649,10
12.94169044,80.23631287,28649,28659,10
12.94069004,80.2360611,28659,28669,10
12.94011021,80.23592377,28669,28679,10
12.9399004,80.23586273,28679,28689,10
12.93988991,80.23586273,28689,28699,10
12.93976974,80.23578644,28699,28709,10
12.93937969,80.23560333,28709,28719,10
12.93871975,80.23526001,28719,28729,10
12.93787003,80.23484802,28729,28739,10
12.93688011,80.23438263,28739,28749,10
12.93587017,80.23387909,28749,28760,11
12.93488979,80.23342896,28760,28770,10
12.93426037,80.23316956,28770,28780,10
12.93424988,80.23316193,28780,28790,10
12.93410015,80.23306274,28790,28800,10
12.93387985,80.23294067,28800,28810,10
12.93325043,80.23267365,28810,28820,10
12.93243027,80.23236084,28820,28830,10
12.93140984,80.23200989,28830,28840,10
12.93029976,80.23166656,28840,28850,10
12.92930031,80.23143005,28850,28860,10
12.92875957,80.23130798,28860,28871,11
12.92798996,80.23119354,28871,28881,10
12.92706013,80.2310791,28881,28891,10
12.92619991,80.23101044,28891,28901,10
12.92605019,80.23100281,28901,28911,10
12.92582989,80.23097229,28911,28921,10
12.92527008,80.23091125,28921,28931,10
12.92448997,80.23082733,28931,28941,10
12.92354012,80.23071289,28941,28951,10
12.92243004,80.23053741,28951,28961,10
12.92125988,80.23036194,28961,28971,10
12.92004967,80.23020935,28971,28982,11
12.91919041,80.2301178,28982,28992,10
12.91915989,80.23011017,28992,29002,10
12.91878033,80.2300415,29002,29012,10
12.91808033,80.22994995,29012,29022,10
12.91713047,80.22982025,29022,29032,10
12.9160099,80.22966766,29032,29042,10
12.9148798,80.22950745,29042,29052,10
12.91380978,80.22937012,29052,29062,10
12.91343021,80.2293396,29062,29072,10
12.91335964,80.22931671,29072,29082,10
12.91289997,80.22921753,29082,29092,10
12.91211987,80.22910309,29092,29103,11
12.91098976,80.22892761,29103,29113,10
12.90985966,80.22875977,29113,29123,10
12.90872002,80.22856903,29123,29133,10
12.90762997,80.22840881,29133,29143,10
12.90709019,80.22837067,29143,29173,30
12.90709019,80.22837067,29173,29183,10
12.90686035,80.22834015,29183,29193,10
12.90627956,80.228302,29193,29203,10
12.90544987,80.22824097,29203,29213,10
12.90447044,80.22820282,29213,29224,11
12.90338993,80.22812653,29224,29234,10
12.90248013,80.2280426,29234,29244,10
12.90141964,80.22799683,29244,29254,10
12.90058994,80.22795105,29254,29264,10
12.89982986,80.22792053,29264,29294,30
12.89982986,80.22792053,29294,29304,10
12.89974022,80.22794342,29304,29314,10
12.89939976,80.22792053,29314,29324,10
12.89937973,80.22792053,29324,29334,10
12.89898968,80.22788239,29334,29345,11
12.89818954,80.22782135,29345,29355,10
12.89721966,80.22776794,29355,29365,10
12.89608955,80.22772217,29365,29375,10
12.89494038,80.22767639,29375,29385,10
12.89379978,80.22760773,29385,29395,10
12.89317989,80.22753906,29395,29405,10
12.89301968,80.22750854,29405,29415,10
12.8924799,80.22743988,29415,29425,10
12.89173985,80.22738647,29425,29435,10
12.89074039,80.22738647,29435,29445,10
12.88963032,80.22737885,29445,29456,11
12.88864994,80.22740173,29456,29466,10
12.88844013,80.22738647,29466,29476,10
12.88796997,80.22734833,29476,29486,10
12.88722992,80.22724152,29486,29496,10
12.88626003,80.22702026,29496,29506,10
12.88525009,80.22679138,29506,29516,10
12.8848896,80.22675323,29516,29526,10
12.88459969,80.22675323,29526,29536,10
12.88391972,80.22673798,29536,29546,10
12.88296032,80.22673798,29546,29556,10
12.88185978,80.22675323,29556,29565,9
12.88080025,80.22675323,29565,29577,12
12.87934017,80.22676086,29577,29587,10
12.87808037,80.22683716,29587,29597,10
12.87703037,80.2269516,29597,29607,10
12.87662029,80.22698212,29607,29617,10
12.87654972,80.2269516,29617,29627,10
12.87644005,80.22666931,29627,29647,20
12.87644005,80.22666931,29647,29657,10
12.87646008,80.22647858,29657,29667,10
12.87652016,80.22595215,29667,29677,10
12.87660027,80.22511292,29677,29688,11
12.87677002,80.22398376,29688,29698,10
12.87701988,80.22286224,29698,29708,10
12.8773098,80.22164917,29708,29718,10
12.87759972,80.22041321,29718,29728,10
12.8778801,80.21916199,29728,29738,10
12.87816048,80.21788788,29738,29748,10
12.87841034,80.2166214,29748,29758,10
12.87868023,80.21536255,29758,29768,10
12.87893009,80.21408844,29768,29778,10
12.87915993,80.21282959,29778,29788,10
12.87940025,80.21159363,29788,29798,10
12.87944031,80.21109772,29798,29809,11
12.87907028,80.2109375,29809,29829,20
12.87907028,80.2109375,29829,29839,10
12.87897968,80.21092987,29839,29849,10
12.87849998,80.21086121,29849,29859,10
12.87779999,80.21073151,29859,29869,10
12.87703991,80.21058655,29869,29879,10
12.87629032,80.21044159,29879,29889,10
12.87569046,80.21035004,29889,29899,10
12.87499046,80.21022034,29899,29909,10
12.87454987,80.21012115,29909,29930,21
12.87454987,80.21012115,29930,29940,10
12.87444019,80.21008301,29940,29950,10
12.87442017,80.20980835,29950,29960,10
12.87462997,80.20957947,29960,29970,10
12.87469959,80.20983887,29970,30141,171
12.87469959,80.20983887,30141,30151,10
12.87469006,80.20992279,30151,30161,10
12.87469006,80.21009064,30161,30172,11
12.87487984,80.21016693,30172,30182,10
12.87520981,80.21022797,30182,30192,10
12.87572002,80.21031952,30192,30202,10
12.87631989,80.2104187,30202,30212,10
12.87693977,80.21056366,30212,30222,10
12.87759018,80.21067047,30222,30232,10
12.87823963,80.21080017,30232,30242,10
12.8789196,80.21092224,30242,30252,10
12.87930012,80.21099854,30252,30272,20
12.87930012,80.21099854,30272,30282,10
12.87940025,80.21103668,30282,30293,11
12.87950993,80.21121979,30293,30303,10
12.87944984,80.21157837,30303,30313,10
12.87934017,80.2121582,30313,30323,10
12.87921047,80.212883,30323,30333,10
12.87905979,80.21363068,30333,30343,10
12.87891006,80.21443176,30343,30353,10
12.87874031,80.21533966,30353,30625,272
12.87874031,80.21533966,30625,30635,10
12.87868023,80.21556854,30635,30644,9
12.87860012,80.21591949,30644,30656,12
12.87845993,80.21656799,30656,30666,10
12.87833977,80.21717834,30666,30676,10
12.87821007,80.21779633,30676,30686,10
12.87808037,80.21845245,30686,30696,10
12.87792969,80.21910858,30696,30706,10
12.87777996,80.21977997,30706,30716,10
12.87761021,80.22045898,30716,30726,10
12.87744045,80.22119141,30726,30736,10
12.87724972,80.22199249,30736,30746,10
12.8770504,80.22284698,30746,30756,10
12.87685013,80.22371674,30756,30767,11
12.8767004,80.22470093,30767,30777,10
12.87660027,80.22561646,30777,30787,10
12.87646961,80.2264328,30787,30797,10
12.8764801,80.22679138,30797,30827,30
12.8764801,80.22679138,30827,30837,10
12.87652969,80.22683716,30837,30847,10
12.87666035,80.22689056,30847,30857,10
12.8769598,80.22686005,30857,30867,10
12.87761974,80.22679901,30867,30877,10
12.87841034,80.22673798,30877,30888,11
12.87940979,80.22670746,30888,30898,10
12.8803997,80.22669983,30898,30908,10
12.88140965,80.22669983,30908,30918,10
12.88230991,80.22670746,30918,30928,10
12.88331032,80.22669983,30928,30938,10
12.88512039,80.22664642,30938,30958,20
12.88512039,80.22664642,30958,30968,10
12.88525009,80.22666168,30968,30978,10
12.88531971,80.22666931,30978,30988,10
12.88560009,80.22673035,30988,30997,9
12.88607025,80.22685242,30997,31009,12
12.88696003,80.2270813,31009,31019,10
12.88778019,80.227211,31019,31029,10
12.88848972,80.22727203,31029,31039,10
12.88854027,80.22727203,31039,31049,10
12.88866043,80.22727203,31049,31059,10
12.88912964,80.22730255,31059,31069,10
12.88984966,80.22730255,31069,31079,10
12.89072037,80.22731018,31079,31089,10
12.89173985,80.22731018,31089,31099,10
12.89221001,80.22731018,31099,31109,10
12.89221954,80.22731018,31109,31119,10
12.8923502,80.2273407,31119,31130,11
12.89256001,80.22736359,31130,31140,10
12.89309025,80.22740936,31140,31150,10
12.89424992,80.22753143,31150,31170,20
12.89424992,80.22753143,31170,31180,10
12.89445972,80.22756958,31180,31190,10
12.89500046,80.2276001,31190,31200,10
12.89577961,80.22763062,31200,31210,10
12.89673042,80.22766876,31210,31220,10
12.89776039,80.22772217,31220,31230,10
12.89875984,80.22779846,31230,31240,10
12.89976025,80.22785187,31240,31251,11
12.90058041,80.22792053,31251,31271,20
12.90058041,80.22792053,31271,31281,10
12.90087986,80.22795105,31281,31291,10
12.90122986,80.2279892,31291,31301,10
12.90186977,80.22798157,31301,31311,10
12.90264034,80.22798157,31311,31321,10
12.90310001,80.22796631,31321,31331,10
12.90310955,80.22796631,31331,31341,10
12.9032402,80.22798157,31341,31351,10
12.90369034,80.22805023,31351,31361,10
12.90437984,80.22810364,31361,31372,11
12.9052496,80.22814178,31372,31382,10
12.90614986,80.2281723,31382,31392,10
12.90688038,80.22824097,31392,31402,10
12.90709972,80.22824097,31402,31412,10
12.90715027,80.22821045,31412,31422,10
12.9076004,80.228302,31422,31432,10
12.90834999,80.22843933,31432,31442,10
12.90927029,80.22859955,31442,31452,10
12.91028976,80.2287674,31452,31462,10
12.91141033,80.22894287,31462,31472,10
12.91252995,80.22911072,31472,31483,11
12.91384029,80.22926331,31483,31503,20
12.91384029,80.22926331,31503,31513,10
12.91415024,80.22931671,31513,31523,10
12.91469955,80.22934723,31523,31533,10
12.91549015,80.22947693,31533,31543,10
12.91650009,80.22962952,31543,31553,10
12.91757011,80.22978973,31553,31563,10
12.91866016,80.22994232,31563,31573,10
12.91921997,80.23000336,31573,31583,10
12.91924,80.23000336,31583,31592,9
12.91944981,80.23001862,31592,31604,12
12.92018986,80.23013306,31604,31614,10
12.92101002,80.23023987,31614,31624,10
12.92203999,80.2303772,31624,31634,10
12.92315006,80.23055267,31634,31644,10
12.9242897,80.23072052,31644,31654,10
12.92539024,80.23085022,31654,31664,10
12.92597961,80.23090363,31664,31674,10
12.92597961,80.23088837,31674,31684,10
12.9261198,80.23091888,31684,31694,10
12.92663002,80.23097992,31694,31704,10
12.92733955,80.23107147,31704,31714,10
12.92821026,80.23117828,31714,31725,11
12.92881966,80.23126984,31725,31735,10
12.92908955,80.23132324,31735,31745,10
12.92965984,80.23143768,31745,31755,10
12.93037987,80.23162079,31755,31765,10
12.93124962,80.23188782,31765,31775,10
12.93227959,80.23223114,31775,31785,10
12.93319988,80.2325592,31785,31795,10
12.93379021,80.23278809,31795,31815,20
12.93379021,80.23278809,31815,31825,10
12.93387985,80.23282623,31825,31835,10
12.93416977,80.23296356,31835,31846,11
12.93484974,80.23326874,31846,31856,10
12.93564987,80.23364258,31856,31866,10
12.93653965,80.23406219,31866,31876,10
12.93747997,80.23451996,31876,31886,10
12.93846035,80.23500061,31886,31896,10
12.93939972,80.23547363,31896,31916,20
12.93939972,80.23547363,31916,31926,10
12.93949032,80.23551941,31926,31936,10
12.93982983,80.23568726,31936,31946,10
12.94052982,80.23593903,31946,31955,9
12.94130039,80.23612976,31955,31967,12
12.94250965,80.2364502,31967,31977,10
12.94342995,80.23705292,31977,31987,10
12.94377995,80.2374115,31987,31997,10
12.94386959,80.23755646,31997,32007,10
12.94423962,80.2379837,32007,32017,10
12.94476986,80.23858643,32017,32027,10
12.94550037,80.23922729,32027,32037,10
12.94643974,80.23964691,32037,32047,10
12.94719982,80.23993683,32047,32057,10
12.94731998,80.23999023,32057,32067,10
12.94736958,80.24001312,32067,32078,11
12.9477396,80.24015808,32078,32088,10
12.94826031,80.24037933,32088,32098,10
12.9488802,80.2406311,32098,32108,10
12.94948959,80.24085999,32108,32118,10
12.95018959,80.24105835,32118,32128,10
12.95086002,80.24124908,32128,32148,20
12.95086002,80.24124908,32148,32158,10
12.95102024,80.24130249,32158,32168,10
12.95143986,80.24147034,32168,32178,10
12.95205975,80.24169159,32178,32188,10
12.95277023,80.24196625,32188,32199,11
12.95366955,80.24233246,32199,32209,10
12.95425034,80.24256134,32209,32219,10
12.95491028,80.24282074,32219,32229,10
12.95555973,80.24304962,32229,32239,10
12.95625973,80.24324036,32239,32249,10
12.95652008,80.24337006,32249,32259,10
12.95701981,80.24360657,32259,32269,10
12.95771027,80.24394989,32269,32279,10
12.95845032,80.2442627,32279,32289,10
12.95897961,80.24446869,32289,32309,20
12.95897961,80.24446869,32309,32320,11
12.95923996,80.24462891,32320,32330,10
12.95975018,80.24487305,32330,32340,10
12.96045017,80.24517822,32340,32350,10
12.96125984,80.24555969,32350,32360,10
12.96216011,80.24600983,32360,32370,10
12.96298027,80.24640656,32370,32380,10
12.96358013,80.24671173,32380,32390,10
12.96415997,80.2469635,32390,32400,10
12.96483994,80.24717712,32400,32410,10
12.96560001,80.24743652,32410,32420,10
12.96634007,80.24771881,32420,32451,31
12.96634007,80.24771881,32451,32461,10
12.96652985,80.24777985,32461,32471,10
12.96687031,80.24796295,32471,32481,10
12.9673996,80.24820709,32481,32491,10
12.96815968,80.24854279,32491,32501,10
12.96901035,80.24887848,32501,32511,10
12.96994019,80.24926758,32511,32521,10
12.97091007,80.24961853,32521,32531,10
12.97194004,80.24990082,32531,32541,10
12.97294998,80.25016785,32541,32551,10
12.97437,80.25051117,32551,32582,31
12.97437,80.25051117,32582,32592,10
12.97465992,80.25058746,32592,32602,10
12.97521973,80.25076294,32602,32612,10
12.97591019,80.2509613,32612,32622,10
12.97661972,80.25115967,32622,32632,10
12.97735023,80.25145721,32632,32642,10
12.97803974,80.2519989,32642,32652,10
12.97881031,80.25245667,32652,32662,10
12.97951984,80.25254059,32662,32671,9
12.97994041,80.25225067,32671,32703,32
12.97994041,80.25225067,32703,32713,10
12.98001003,80.25203705,32713,32723,10
12.98011971,80.25164795,32723,32733,10
12.98029995,80.25105286,32733,32743,10
12.98052025,80.25025177,32743,32753,10
12.98069954,80.24932861,32753,32763,10
12.98077011,80.24832916,32763,32773,10
12.98085022,80.24729156,32773,32783,10
12.98095036,80.24620056,32783,32793,10
12.98106956,80.24510193,32793,32804,11
12.98118019,80.2440033,32804,32814,10
12.98130989,80.24359894,32814,32824,10
12.98134041,80.24324799,32824,32834,10
12.98136044,80.24279785,32834,32854,20
12.98136044,80.24279785,32854,32864,10
12.98139954,80.2427597,32864,32874,10
12.98139954,80.24234772,32874,32884,10
12.98136997,80.24165344,32884,32894,10
12.98136044,80.24082947,32894,32904,10
12.98134041,80.23992157,32904,32915,11
12.98132038,80.239151,32915,32925,10
12.98128986,80.23844147,32925,32935,10
12.9812603,80.23777771,32935,32955,20
12.9812603,80.23777771,32955,32965,10
12.98126984,80.23764038,32965,32975,10
12.98124981,80.23738098,32975,32985,10
12.98124027,80.23690033,32985,32995,10
12.98122025,80.23616028,32995,33005,10
12.98118973,80.23535156,33005,33015,10
12.98118973,80.23446655,33015,33025,10
12.98145962,80.2336731,33025,33036,11
12.98167038,80.23323822,33036,33046,10
12.98167992,80.23323822,33046,33056,10
12.98169994,80.23316956,33056,33066,10
12.98182964,80.23291779,33066,33076,10
12.9819603,80.23248291,33076,33086,10
12.98196983,80.23201752,33086,33096,10
12.98192978,80.23152161,33096,33106,10
12.98178959,80.23092651,33106,33116,10
12.98143005,80.23030853,33116,33126,10
12.98103046,80.22962189,33126,33136,10
12.98060989,80.2289505,33136,33167,31
12.98060989,80.2289505,33167,33177,10
12.98050022,80.22872925,33177,33187,10
12.98029995,80.22833252,33187,33197,10
12.9800396,80.22788239,33197,33207,10
12.97970009,80.22731018,33207,33217,10
12.97928047,80.22664642,33217,33227,10
12.97883987,80.22590637,33227,33237,10
12.97842026,80.22521973,33237,33247,10
12.97805977,80.22463226,33247,33257,10
12.97778988,80.22431183,33257,33267,10
12.97776985,80.22428131,33267,33278,11
12.97770023,80.22413635,33278,33288,10
12.97745991,80.22371674,33288,33298,10
12.97706985,80.22309875,33298,33308,10
12.97696018,80.22280884,33308,33318,10
12.97725964,80.22268677,33318,33348,30
12.97725964,80.22268677,33348,33358,10
12.97749996,80.22260284,33358,33368,10
12.97749043,80.22229004,33368,33378,10
12.97745037,80.22177124,33378,33389,11
12.97743988,80.22133636,33389,33399,10
12.97751045,80.22126007,33399,33409,10
12.97789955,80.22122192,33409,33419,10
12.97850037,80.22115326,33419,33429,10
12.97922039,80.22109985,33429,33439,10
12.97984028,80.22107697,33439,33449,10
12.98044014,80.2210083,33449,33459,10
12.98108006,80.22104645,33459,33469,10
12.98167992,80.22138214,33469,33479,10
12.98208046,80.22164154,33479,33489,10
12.98252964,80.22177887,33489,33499,10
12.98291969,80.2219162,33499,33510,11
12.98303986,80.22197723,33510,33520,10
12.9832201,80.22210693,33520,33530,10
12.98359013,80.22236633,33530,33540,10
12.98419952,80.22273254,33540,33550,10
12.98493004,80.2231369,33550,33560,10
12.98544979,80.22322083,33560,33570,10
12.98587036,80.22296906,33570,33580,10
12.98641968,80.2229538,33580,33590,10
12.98653984,80.22296143,33590,33600,10
12.98668957,80.22296906,33600,33610,10
12.98701954,80.22303009,33610,33620,10
12.98752022,80.22306061,33620,33631,11
12.98822021,80.22270203,33631,33641,10
12.98882961,80.22212219,33641,33651,10
12.98939991,80.22142792,33651,33661,10
12.98997974,80.22075653,33661,33671,10
12.99042034,80.22036743,33671,33681,10
12.99044037,80.2203598,33681,33691,10
12.99067974,80.22019196,33691,33701,10
12.99110031,80.21985626,33701,33711,10
12.99147987,80.2195816,33711,33721,10
12.9919796,80.21922302,33721,33731,10
12.99262047,80.21874237,33731,33741,10
12.99332047,80.21823883,33741,33752,11
12.99394035,80.2177887,33752,33762,10
12.99438,80.21746063,33762,33782,20
12.99438,80.21746063,33782,33792,10
12.99446964,80.2173996,33792,33802,10
12.99472046,80.21721649,33802,33812,10
12.99475956,80.2171936,33812,33822,10
12.9948597,80.21713257,33822,33832,10
12.99518967,80.21691132,33832,33842,10
12.99575996,80.21668243,33842,33852,10
12.99633026,80.21653748,33852,33861,9
12.99662971,80.21647644,33861,33873,12
12.99709034,80.21645355,33873,33883,10
12.99744034,80.21620178,33883,33893,10
12.99755955,80.21608734,33893,33903,10
12.99765015,80.21601868,33903,33913,10
12.9979496,80.21573639,33913,33923,10
12.99845982,80.215271,33923,33933,10
12.99903965,80.21478271,33933,33943,10
12.99932003,80.21453094,33943,33953,10
12.9997797,80.21414948,33953,33963,10
13.00026035,80.21372223,33963,33973,10
13.00080967,80.21324921,33973,33983,10
13.0011797,80.21295166,33983,33994,11
13.00160027,80.21266174,33994,34004,10
13.00199986,80.21237946,34004,34014,10
13.00224972,80.21224213,34014,34024,10
13.00242043,80.2121582,34024,34034,10
13.00282001,80.21208954,34034,34044,10
13.0034399,80.21205139,34044,34054,10
13.00364017,80.21192932,34054,34064,10
13.00368977,80.21180725,34064,34074,10
13.00370979,80.21131134,34074,34084,10
13.00364971,80.21070862,34084,34094,10
13.0035696,80.21013641,34094,34104,10
13.00352955,80.20954895,34104,34115,11
13.0036602,80.20890045,34115,34125,10
13.00411987,80.20867157,34125,34135,10
13.0048399,80.20900726,34135,34145,10
13.00562,80.20935059,34145,34155,10
13.00629044,80.20957947,34155,34165,10
13.00681973,80.20973206,34165,34175,10
13.00706005,80.20974731,34175,34205,30
13.00706005,80.20974731,34205,34215,10
13.00753975,80.20983887,34215,34225,10
13.00765038,80.20986938,34225,34236,11
13.00782013,80.20992279,34236,34246,10
13.00804996,80.20996094,34246,34256,10
13.00813961,80.2098465,34256,34266,10
13.00804996,80.20939636,34266,34276,10
13.00790024,80.20867157,34276,34286,10
13.00776958,80.20773315,34286,34296,10
13.00763988,80.20677948,34296,34306,10
13.00749969,80.20575714,34306,34316,10
13.00751972,80.20475006,34316,34326,10
13.00745964,80.20379639,34326,34336,10
13.00728989,80.20290375,34336,34346,10
13.00667953,80.20259857,34346,34357,11
13.00664043,80.20321655,34357,34367,10
13.00718021,80.20355225,34367,34377,10
13.00798988,80.20372009,34377,34387,10
13.00895023,80.20368958,34387,34397,10
13.01012993,80.20362854,34397,34407,10
13.01136971,80.20371246,34407,34417,10
13.01253033,80.2039032,34417,34427,10
13.01331043,80.20410919,34427,34437,10
13.01368046,80.20429993,34437,34447,10
13.01368046,80.20453644,34447,34478,31
13.01368046,80.20453644,34478,34488,10
13.01352978,80.20491028,34488,34498,10
13.01336002,80.20543671,34498,34508,10
13.01313972,80.20629883,34508,34518,10
13.01305962,80.20726776,34518,34528,10
13.01296043,80.20780182,34528,34538,10
13.01292038,80.20815277,34538,34548,10
13.01292038,80.2081604,34548,34558,10
13.01290035,80.20848083,34558,34568,10
13.01294041,80.20883179,34568,34578,10
13.01307964,80.20934296,34578,34589,11
13.01315022,80.20983887,34589,34599,10
13.0131197,80.21056366,34599,34609,10
13.01288033,80.21131897,34609,34619,10
13.01249027,80.21204376,34619,34629,10
13.0120697,80.21256256,34629,34679,50
13.0120697,80.21256256,34679,34689,10
13.01194,80.2127533,34689,34699,10
13.01191044,80.21279144,34699,34710,11
13.01200962,80.21299744,34710,34720,10
13.01228046,80.21315765,34720,34962,242
13.01228046,80.21315765,34962,34972,10
13.0124197,80.21327972,34972,34982,10
13.01245975,80.21331024,34982,34992,10
13.01292992,80.21356964,34992,35012,20
13.01292992,80.21356964,35012,35022,10
13.01307011,80.21366119,35022,35032,10
13.0134201,80.21386719,35032,35042,10
13.01387978,80.21414185,35042,35052,10
13.01445007,80.21446228,35052,35062,10
13.01504993,80.21479034,35062,35073,11
13.01566029,80.21518707,35073,35083,10
13.01601982,80.21546173,35083,35093,10
13.01638031,80.21601105,35093,35103,10
13.01669979,80.21665955,35103,35113,10
13.01708031,80.21723938,35113,35123,10
13.01749039,80.21788025,35123,35133,10
13.01799965,80.21842194,35133,35143,10
13.01838017,80.21878815,35143,35153,10
13.01856041,80.21898651,35153,35163,10
13.01881981,80.21920776,35163,35173,10
13.01910973,80.2193985,35173,35183,10
13.01916981,80.21942139,35183,35194,11
13.01968956,80.21942139,35194,35204,10
13.02013969,80.21943665,35204,35214,10
13.02056026,80.21943665,35214,35224,10
13.02112007,80.21943665,35224,35234,10
13.02147961,80.21945953,35234,35244,10
13.02175999,80.21949005,35244,35254,10
13.02225018,80.21952057,35254,35264,10
13.02268028,80.21954346,35264,35274,10
13.02324963,80.21961212,35274,35284,10
13.02388,80.21967316,35284,35294,10
13.02410984,80.2197113,35294,35305,11
13.02423954,80.2197113,35305,35315,10
13.02427006,80.21959686,35315,35325,10
13.02425003,80.21923828,35325,35335,10
13.02423,80.21868134,35335,35345,10
13.02422047,80.21819305,35345,35355,10
13.02420044,80.21781158,35355,35365,10
13.02420044,80.21723938,35365,35375,10
13.02423,80.21681213,35375,35405,30
13.02423,80.21681213,35405,35415,10
13.02457047,80.2166214,35415,35425,10
13.02464008,80.21682739,35425,35436,11
13.02466965,80.21717834,35436,35446,10
13.02470016,80.21749878,35446,35456,10
13.02472019,80.21761322,35456,35466,10
13.02472019,80.21768188,35466,35476,10
13.02474976,80.21803284,35476,35547,71
13.02462006,80.21838379,35547,35668,121
13.02462006,80.21838379,35668,35678,10
13.0248003,80.21862793,35678,35688,10
13.02484989,80.21890259,35688,35698,10
13.02484989,80.21894836,35698,35708,10
13.02488041,80.21929169,35708,35718,10
13.02492046,80.21961975,35718,35839,121
13.02492046,80.21961975,35839,35849,10
13.02457047,80.21975708,35849,35879,30
13.02457047,80.21975708,35879,35889,10
13.02412987,80.21974182,35889,35899,10
13.02390957,80.2197113,35899,35909,10
13.02359962,80.21965027,35909,35930,21
13.02359962,80.21965027,35930,35940,10
13.02330971,80.21961975,35940,35950,10
13.02299976,80.21959686,35950,35960,10
13.02250957,80.21956635,35960,35970,10
13.02202988,80.21955109,35970,35980,10
13.0216198,80.21954346,35980,35990,10
13.02140999,80.21952057,35990,36000,10
13.02105045,80.21951294,36000,36010,10
13.02048016,80.21948242,36010,36019,9
13.02011967,80.21949768,36019,36041,22
13.02011967,80.21949768,36041,36051,10
13.01980019,80.2194519,36051,36061,10
13.01957035,80.21945953,36061,36071,10
13.01926041,80.21942139,36071,36081,10
13.01904964,80.21933746,36081,36091,10
13.01873016,80.21910858,36091,36101,10
13.01858044,80.21897888,36101,36111,10
13.01825047,80.21868896,36111,36121,10
13.01788998,80.21833038,36121,36131,10
13.01756954,80.2179718,36131,36141,10
13.01718998,80.21742249,36141,36152,11
13.01671028,80.21666718,36152,36162,10
13.01634979,80.21588898,36162,36172,10
13.01605988,80.2155304,36172,36182,10
13.01576042,80.21530151,36182,36192,10
13.01525021,80.21494293,36192,36202,10
13.01488018,80.21473694,36202,36212,10
13.01438046,80.21443939,36212,36222,10
13.01362038,80.21398163,36222,36232,10
13.01274967,80.21347809,36232,36242,10
13.01202011,80.21298981,36242,36252,10
13.01169014,80.21273804,36252,36262,10
13.01121044,80.21237183,36262,36273,11
13.01033974,80.21164703,36273,36353,80
13.01006031,80.2114563,36353,36382,29
13.01006031,80.2114563,36382,36394,12
13.00992966,80.21134949,36394,36404,10
13.00983047,80.21127319,36404,36444,40
13.00951004,80.21102905,36444,36464,20
13.00930023,80.21114349,36464,36484,20
13.00930023,80.21114349,36484,36494,10
13.00912952,80.21143341,36494,36504,10
13.00911045,80.21147919,36504,36515,11
13.00911999,80.21179962,36515,36525,10
13.00918961,80.21205139,36525,36535,10
13.0092802,80.21234894,36535,36545,10
13.00940037,80.21276855,36545,36555,10
13.00955963,80.21321106,36555,36565,10
13.0097599,80.21376038,36565,36575,10
13.01002026,80.21440887,36575,36585,10
13.01018047,80.21523285,36585,36595,10
13.01045036,80.21611786,36595,36605,10
13.01068974,80.21665955,36605,36615,10
13.01084995,80.21694946,36615,36625,10
13.01097965,80.2171936,36625,36636,11
13.01103973,80.21733856,36636,36646,10
13.01117039,80.21769714,36646,36656,10
13.01142979,80.21839905,36656,36665,9
13.01173019,80.21930695,36665,36676,11
13.01212978,80.22052002,36676,36686,10
13.01235008,80.22141266,36686,36696,10
13.01266956,80.2219696,36696,36706,10
13.01325035,80.22257233,36706,36716,10
13.01385975,80.22328949,36716,36726,10
13.01441002,80.22398376,36726,36736,10
13.01511002,80.22480774,36736,36746,10
13.01537037,80.22512054,36746,36757,11
13.01541996,80.22547913,36757,36767,10
13.01521969,80.22579193,36767,36777,10
13.01471043,80.22601318,36777,36787,10
13.01403999,80.22625732,36787,36797,10
13.01340961,80.22651672,36797,36807,10
13.01259041,80.22689056,36807,36817,10
13.01156998,80.22730255,36817,36827,10
13.01049995,80.2277298,36827,36837,10
13.00948048,80.22818756,36837,36847,10
13.00909996,80.22899628,36847,36857,10
13.00891972,80.2301178,36857,36867,10
13.00870037,80.23097992,36867,36878,11
13.00856018,80.23207855,36878,36887,9
13.00835991,80.23310089,36887,36898,11
13.00821972,80.23371887,36898,36908,10
13.0081501,80.23401642,36908,36918,10
13.00811005,80.23435974,36918,36928,10
13.00798988,80.2349472,36928,36938,10
13.00786018,80.23551178,36938,36948,10
13.00774002,80.23609924,36948,36958,10
13.00759983,80.23667145,36958,36968,10
13.00751019,80.23713684,36968,36978,10
13.00737953,80.23777771,36978,36988,10
13.00726986,80.23838043,36988,36999,11
13.00710011,80.23914337,36999,37009,10
13.00695038,80.23983765,37009,37019,10
13.00681019,80.240448,37019,37028,9
13.00669003,80.24118805,37028,37039,11
13.00666046,80.24211884,37039,37049,10
13.00671005,80.24282837,37049,37059,10
13.00679016,80.24343109,37059,37069,10
13.00675011,80.24414825,37069,37079,10
13.00679016,80.24530029,37079,37089,10
13.00683022,80.24638367,37089,37099,10
13.00683022,80.24706268,37099,37109,10
13.00652981,80.24736023,37109,37120,11
13.00572968,80.2473526,37120,37130,10
13.00477028,80.24741364,37130,37140,10
13.00360012,80.24752045,37140,37150,10
13.00244045,80.24771881,37150,37160,10
13.00133038,80.24797821,37160,37170,10
13.00020027,80.24825287,37170,37180,10
12.99903965,80.24852753,37180,37190,10
12.99787998,80.24880981,37190,37200,10
12.99672985,80.24910736,37200,37210,10
12.99557018,80.24942017,37210,37220,10
12.99438953,80.2497406,37220,37230,10
12.9932003,80.25003052,37230,37241,11
12.99186039,80.25035095,37241,37251,10
12.99067974,80.25064087,37251,37261,10
12.98950958,80.25093842,37261,37271,10
12.98816013,80.25132751,37271,37382,111
12.98816013,80.25132751,37382,37392,10
12.98799992,80.25138855,37392,37402,10
12.98764992,80.25147247,37402,37412,10
12.98701954,80.25164032,37412,37422,10
12.98631954,80.25182343,37422,37432,10
12.98546028,80.25202942,37432,37442,10
12.98447037,80.25228119,37442,37452,10
12.98342991,80.25254059,37452,37461,9
12.98239994,80.25263977,37461,37472,11
12.98112965,80.25267792,37472,37483,11
12.98011017,80.25279236,37483,37513,30
12.98011017,80.25279236,37513,37523,10
12.97978973,80.25270844,37523,37533,10
12.97922039,80.25263977,37533,37543,10
12.97846031,80.25241089,37543,37553,10
12.97770023,80.25182343,37553,37563,10
12.97671986,80.25128174,37563,37573,10
12.97560024,80.25093842,37573,37582,9
12.97457981,80.2506485,37582,37593,11
12.97332954,80.25031281,37593,37604,11
12.97204971,80.24997711,37604,37614,10
12.97087002,80.24965668,37614,37624,10
12.96971989,80.24925995,37624,37634,10
12.96858025,80.2488327,37634,37644,10
12.96747971,80.24839783,37644,37654,10
12.96652985,80.24793243,37654,37664,10
12.96551037,80.24748993,37664,37674,10
12.96442986,80.24712372,37674,37684,10
12.96372986,80.24681854,37684,37714,30
12.96372986,80.24681854,37714,37725,11
12.96329975,80.24658966,37725,37735,10
12.96267986,80.24629974,37735,37745,10
12.96185017,80.24590302,37745,37755,10
12.96084023,80.2454071,37755,37765,10
12.95979023,80.24492645,37765,37775,10
12.95872974,80.24446106,37775,37785,10
12.95786953,80.24411011,37785,37795,10
12.95720959,80.24388885,37795,37805,10
12.95662975,80.24373627,37805,37815,10
12.95652008,80.24369812,37815,37856,41
12.95652008,80.24369812,37856,37866,10
12.95613956,80.24355316,37866,37876,10
12.95553017,80.24321747,37876,37886,10
12.95477009,80.24285889,37886,37896,10
12.95388985,80.24250031,37896,37906,10
12.95304012,80.24215698,37906,37916,10
12.95201969,80.24175262,37916,37926,10
12.95090008,80.24137115,37926,37936,10
12.94983959,80.24105072,37936,37946,10
12.94927025,80.24085236,37946,37957,11
12.94874001,80.24063873,37957,37967,10
12.94797993,80.24033356,37967,37977,10
12.94701958,80.23993683,37977,37987,10
12.94596004,80.23950195,37987,37997,10
12.94499969,80.23887634,37997,38007,10
12.94421005,80.23806763,38007,38017,10
12.94340038,80.23722076,38017,38027,10
12.94244003,80.23652649,38027,38037,10
12.94128036,80.2361908,38037,38047,10
12.94011974,80.23587799,38047,38057,10
12.93904972,80.23538208,38057,38067,10
12.9379797,80.23484802,38067,38078,11
12.9368,80.23428345,38078,38088,10
12.93587017,80.23383331,38088,38098,10
12.93500042,80.23343658,38098,38108,10
12.93400955,80.23300171,38108,38118,10
12.93299961,80.23252869,38118,38128,10
12.93190002,80.23213959,38128,38138,10
12.93074989,80.23178101,38138,38148,10
12.92959023,80.23148346,38148,38158,10
12.92844009,80.23126221,38158,38168,10
12.92724037,80.23110199,38168,38178,10
12.92609024,80.23097229,38178,38188,10
12.92514992,80.23084259,38188,38199,11
12.92399025,80.23071289,38199,38209,10
12.92284966,80.2305603,38209,38219,10
12.92168045,80.23036194,38219,38229,10
12.92049026,80.23021698,38229,38239,10
12.91926003,80.23007202,38239,38249,10
12.91804028,80.2299118,38249,38259,10
12.9168396,80.22975159,38259,38269,10
12.91565037,80.22958374,38269,38279,10
12.91446018,80.22940063,38279,38289,10
12.91329002,80.22924042,38289,38299,10
12.91211033,80.2290802,38299,38309,10
12.91090012,80.22891998,38309,38320,11
12.90958023,80.22869873,38320,38330,10
12.90841961,80.228508,38330,38340,10
12.90750027,80.2283783,38340,38350,10
12.90695953,80.22833252,38350,38360,10
12.90643978,80.22827911,38360,38370,10
12.90565014,80.22821045,38370,38380,10
12.90462017,80.2281723,38380,38390,10
12.90357971,80.22810364,38390,38400,10
12.90250015,80.2280426,38400,38410,10
12.90157032,80.22795868,38410,38430,20
12.90157032,80.22795868,38430,38441,11
12.90141964,80.22795105,38441,38451,10
12.9009304,80.22792816,38451,38461,10
12.90027046,80.22788239,38461,38471,10
12.89951038,80.22782898,38471,38481,10
12.89873981,80.22779083,38481,38491,10
12.89791965,80.22776794,38491,38501,10
12.89696026,80.2277298,38501,38511,10
12.89603996,80.22766113,38511,38521,10
12.89527988,80.22763062,38521,38531,10
12.89466,80.22763062,38531,38541,10
12.89395046,80.2276001,38541,38551,10
12.89350986,80.22754669,38551,38562,11
12.89325047,80.22753143,38562,38572,10
12.89253044,80.22744751,38572,38622,50
12.89253044,80.22744751,38622,38632,10
12.89237022,80.22734833,38632,38642,10
12.89266968,80.22728729,38642,38652,10
12.89330006,80.22737122,38652,38662,10
12.89408016,80.22743988,38662,39760,1098
12.89408016,80.22743988,39760,39771,11
12.89445972,80.22753143,39771,39782,11
12.89525032,80.22756958,39782,39792,10
12.89601994,80.2276001,39792,39802,10
12.8968401,80.2276535,39802,39812,10
12.89768028,80.22769165,39812,39822,10
12.89853954,80.22773743,39822,39832,10
12.89931011,80.22779083,39832,39842,10
12.89995956,80.22783661,39842,39852,10
12.90044975,80.22786713,39852,39913,61
12.90044975,80.22786713,39913,39923,10
12.90054989,80.22786713,39923,39933,10
12.90083981,80.22788239,39933,39943,10
12.90135002,80.2279129,39943,39953,10
12.90248966,80.22792816,39953,39993,40
12.90248966,80.22792816,39993,40003,10
12.90273952,80.22795868,40003,40012,9
12.90320969,80.22798157,40012,40024,12
12.90404987,80.22802734,40024,40034,10
12.90460014,80.22808075,40034,40044,10
12.9051199,80.22811127,40044,40054,10
12.90528011,80.22808838,40054,40064,10
12.90548992,80.22811127,40064,40074,10
12.9059,80.22814941,40074,40084,10
12.90629959,80.2281723,40084,40094,10
12.90676975,80.22820282,40094,40104,10
12.90703964,80.22824097,40104,40114,10
12.90721989,80.22827911,40114,40124,10
12.90781975,80.22836304,40124,40134,10
12.90870953,80.22850037,40134,40145,11
12.9098196,80.22869873,40145,40155,10
12.91090965,80.22885895,40155,40165,10
12.91203022,80.22901154,40165,40175,10
12.9131403,80.22917938,40175,40185,10
12.91372967,80.22924042,40185,40195,10
12.91374016,80.22924042,40195,40205,10
12.9139204,80.22930145,40205,40215,10
12.91434956,80.2293396,40215,40225,10
12.91506958,80.22940063,40225,40235,10
12.91606045,80.22956848,40235,40245,10
12.91720009,80.22975159,40245,40256,11
12.91847038,80.22991943,40256,40266,10
12.91930962,80.23000336,40266,40276,10
12.91940022,80.23001862,40276,40286,10
12.91985035,80.23007965,40286,40296,10
12.92063046,80.2301712,40296,40306,10
12.92160034,80.23029327,40306,40316,10
12.92271042,80.23046875,40316,40326,10
12.9238596,80.2306366,40326,40336,10
12.92496014,80.2307663,40336,40346,10
12.92599964,80.23090363,40346,40356,10
12.92636013,80.23092651,40356,40365,9
12.92638016,80.23091888,40365,40377,12
12.92689037,80.23098755,40377,40387,10
12.92765999,80.2310791,40387,40397,10
12.92858028,80.23119354,40397,40407,10
12.9294796,80.23137665,40407,40417,10
12.93043995,80.2315979,40417,40427,10
12.93152046,80.23195648,40427,40437,10
12.93262959,80.23230743,40437,40447,10
12.93348026,80.23265076,40447,40457,10
12.93356037,80.23268127,40457,40467,10
12.93381023,80.2328186,40467,40477,10
12.93437004,80.23309326,40477,40487,10
12.93513966,80.23343658,40487,40498,11
12.93589973,80.2338028,40498,40508,10
12.9366703,80.23415375,40508,40518,10
12.93754959,80.23455811,40518,40528,10
12.93848038,80.23500061,40528,40538,10
12.93978024,80.23564148,40538,40558,20
12.93978024,80.23564148,40558,40568,10
12.94001961,80.23576355,40568,40578,10
12.94067001,80.23596191,40578,40588,10
12.94147968,80.23616791,40588,40598,10
12.94246006,80.23642731,40598,40608,10
12.94334984,80.23699951,40608,40619,11
12.94410992,80.23780823,40619,40629,10
12.94431019,80.23802948,40629,40639,10
12.94449043,80.23822021,40639,40649,10
12.94493961,80.23872375,40649,40659,10
12.94563961,80.23930359,40659,40669,10
12.9471302,80.23989868,40669,40689,20
12.9471302,80.23989868,40689,40699,10
12.94736004,80.2399826,40699,40709,10
12.94787979,80.24021149,40709,40719,10
12.94855976,80.24049377,40719,40729,10
12.9492197,80.24073792,40729,40740,11
12.94954967,80.24085999,40740,40750,10
12.9500103,80.24101257,40750,40760,10
12.9509201,80.24125671,40760,40780,20
12.9509201,80.24125671,40780,40790,10
12.9510603,80.24133301,40790,40800,10
12.95153046,80.24152374,40800,40810,10
12.95226955,80.2417984,40810,40820,10
12.95318031,80.24214172,40820,40830,10
12.95390034,80.24237061,40830,40840,10
12.95407963,80.2424469,40840,40850,10
12.95458031,80.24266052,40850,40861,11
12.95520973,80.24291992,40861,40871,10
12.95594978,80.24321747,40871,40881,10
12.95631981,80.2434082,40881,40891,10
12.95645046,80.24343109,40891,40901,10
12.95689964,80.24360657,40901,40911,10
12.9574604,80.24385834,40911,40921,10
12.95800972,80.24407959,40921,40931,10
12.95866013,80.24433899,40931,40941,10
12.95884991,80.24443054,40941,40951,10
12.95897007,80.24452209,40951,40961,10
12.95942974,80.24474335,40961,40971,10
12.96016026,80.24506378,40971,40982,11
12.96115017,80.24550629,40982,40992,10
12.96216965,80.24601746,40992,41002,10
12.96302032,80.24643707,41002,41012,10
12.96350956,80.24668884,41012,41022,10
12.96418953,80.24694824,41022,41032,10
12.96504021,80.24723816,41032,41042,10
12.96595955,80.24755096,41042,41052,10
12.96658993,80.24778748,41052,41072,20
12.96658993,80.24778748,41072,41082,10
12.96679974,80.24794769,41082,41092,10
12.9670496,80.24806976,41092,41103,11
12.96743011,80.24825287,41103,41113,10
12.96811008,80.24852753,41113,41123,10
12.96895981,80.24887085,41123,41133,10
12.96996021,80.24925995,41133,41143,10
12.97095966,80.24964142,41143,41153,10
12.97200012,80.24992371,41153,41163,10
12.97307014,80.25018311,41163,41173,10
12.97406006,80.25042725,41173,41183,10
12.97441006,80.25051117,41183,41193,10
12.9744997,80.25054169,41193,41203,10
12.9748497,80.25066376,41203,41213,10
12.97542953,80.2508316,41213,41224,11
12.97628021,80.25106812,41224,41234,10
12.97712994,80.2513504,41234,41244,10
12.97791004,80.25189209,41244,41254,10
12.97869968,80.25243378,41254,41264,10
12.97949982,80.25254822,41264,41274,10
12.9799099,80.25228119,41274,41294,20
12.9799099,80.25228119,41294,41304,10
12.97994995,80.25203705,41304,41314,10
12.98011971,80.25158691,41314,41324,10
12.98033047,80.25087738,41324,41333,9
12.98054028,80.25006104,41333,41345,12
12.98071957,80.24878693,41345,41355,10
12.9808197,80.24768829,41355,41365,10
12.98091984,80.24652863,41365,41375,10
12.98104954,80.24533081,41375,41385,10
12.98114967,80.2441864,41385,41395,10
12.98122025,80.24369812,41395,41405,10
12.98132992,80.24344635,41405,41415,10
12.98134041,80.24276733,41415,41435,20
12.98134041,80.24276733,41435,41445,10
12.98136044,80.24259186,41445,41455,10
12.98134041,80.2420578,41455,41466,11
12.98134995,80.2411499,41466,41476,10
12.98134041,80.24018097,41476,41486,10
12.98132038,80.23956299,41486,41496,10
12.98130035,80.23901367,41496,41506,10
12.98126984,80.2379303,41506,41526,20
12.98126984,80.2379303,41526,41536,10
12.98126984,80.2378006,41536,41546,10
12.98124981,80.2372818,41546,41556,10
12.98122978,80.23648834,41556,41566,10
12.98120022,80.23558044,41566,41577,11
12.98118973,80.23455811,41577,41587,10
12.98139954,80.23381805,41587,41597,10
12.98159027,80.23339844,41597,41607,10
12.98159981,80.23339081,41607,41617,10
12.98163986,80.23325348,41617,41627,10
12.98180962,80.23290253,41627,41637,10
12.9819603,80.23246765,41637,41647,10
12.98198032,80.23220062,41647,41657,10
12.9819603,80.23182678,41657,41667,10
12.98192978,80.23150635,41667,41677,10
12.98186016,80.23117828,41677,41687,10
12.98163986,80.23065186,41687,41698,11
12.98120022,80.2299881,41698,41708,10
12.98085022,80.22940063,41708,41718,10
12.98066044,80.22911072,41718,41728,10
12.98058033,80.22897339,41728,41738,10
12.98054028,80.22888947,41738,41748,10
12.98034954,80.22853088,41748,41758,10
12.98017979,80.22815704,41758,41768,10
12.97984982,80.22763824,41768,41778,10
12.97945023,80.22698212,41778,41788,10
12.9789896,80.22619629,41788,41798,10
12.97848034,80.22537231,41798,41808,10
12.97809982,80.224823,41808,41819,11
12.97801971,80.22467041,41819,41829,10
12.97784042,80.22441101,41829,41839,10
12.97754955,80.22392273,41839,41849,10
12.97716045,80.22328186,41849,41859,10
12.97690964,80.22283936,41859,41869,10
12.97694016,80.22277069,41869,41879,10
12.97721004,80.22268677,41879,41899,20
12.97721004,80.22268677,41899,41909,10
12.9773798,80.22264099,41909,41919,10
12.97747993,80.22260284,41919,41929,10
12.97749043,80.22235107,41929,41940,11
12.97745991,80.2217865,41940,41950,10
12.97747993,80.22136688,41950,41960,10
12.97764015,80.22123718,41960,41970,10
12.97801971,80.22109985,41970,41980,10
12.97865963,80.22103882,41980,41990,10
12.9793396,80.22099304,41990,42000,10
12.98001003,80.22100067,42000,42010,10
12.98062038,80.22094727,42010,42020,10
12.98124027,80.22109222,42020,42030,10
12.98174953,80.22144318,42030,42040,10
12.98227978,80.22167969,42040,42050,10
12.98270035,80.22183228,42050,42061,11
12.98281002,80.22184753,42061,42071,10
12.98307991,80.22200775,42071,42091,20
12.98307991,80.22200775,42091,42101,10
12.98336029,80.22221375,42101,42111,10
12.98357964,80.22235107,42111,42121,10
12.9837904,80.2224884,42121,42131,10
12.9842701,80.22277069,42131,42141,10
12.98480988,80.2230835,42141,42151,10
12.98540974,80.22318268,42151,42161,10
12.98593998,80.22290802,42161,42171,10
12.9864502,80.22293091,42171,42182,11
12.98649979,80.22296143,42182,42192,10
12.98680973,80.22299957,42192,42202,10
12.98721981,80.22303772,42202,42212,10
12.98773956,80.22296143,42212,42222,10
12.9883604,80.22252655,42222,42232,10
12.98894024,80.22184753,42232,42242,10
12.98945999,80.22107697,42242,42252,10
12.99015999,80.22048187,42252,42262,10
12.99040985,80.2203064,42262,42272,10
12.99048996,80.22028351,42272,42282,10
12.9907999,80.22000122,42282,42292,10
12.99131966,80.21965027,42292,42303,11
12.99151039,80.2195816,42303,42313,10
12.99190998,80.21925354,42313,42323,10
12.99252033,80.21878052,42323,42333,10
12.99310017,80.21835327,42333,42343,10
12.99335957,80.21820831,42343,42373,30
12.99335957,80.21820831,42373,42383,10
12.99353027,80.21816254,42383,42393,10
12.99359989,80.21811676,42393,42403,10
12.99392986,80.21787262,42403,42434,31
12.99392986,80.21787262,42434,42444,10
12.99417973,80.21768188,42444,42454,10
12.99423027,80.21765137,42454,42464,10
12.99440002,80.21749878,42464,42474,10
12.9946003,80.21733856,42474,42484,10
12.99491978,80.21710968,42484,42494,10
12.99542999,80.21679688,42494,42504,10
12.99602032,80.21652222,42504,42514,10
12.99660969,80.21637726,42514,42524,10
12.99701977,80.21633148,42524,42534,10
12.99728012,80.21614838,42534,42545,11
12.99738979,80.21611786,42545,42555,10
12.99767017,80.21588898,42555,42565,10
12.99820042,80.21537781,42565,42575,10
12.99884033,80.21481323,42575,42585,10
12.99915028,80.21459961,42585,42595,10
12.99960995,80.21424866,42595,42605,10
13.00012016,80.21382141,42605,42615,10
13.00065994,80.21330261,42615,42625,10
13.00129032,80.21282196,42625,42635,10
13.00193024,80.21237946,42635,42644,9
13.00234032,80.21218109,42644,42655,11
13.00286007,80.21206665,42655,42666,11
13.00333977,80.21196747,42666,42676,10
13.00335026,80.21196747,42676,42686,10
13.00362968,80.21190643,42686,42696,10
13.0036602,80.21144104,42696,42706,10
13.00360966,80.21071625,42706,42716,10
13.00352955,80.21000671,42716,42726,10
13.00354958,80.20932007,42726,42736,10
13.00378036,80.20864868,42736,42746,10
13.00457954,80.20886993,42746,42756,10
13.00551987,80.20928192,42756,42766,10
13.00623035,80.20953369,42766,42777,11
13.00666046,80.20967865,42777,42787,10
13.0071497,80.20976257,42787,42817,30
13.0071497,80.20976257,42817,42827,10
13.00737953,80.20982361,42827,42837,10
13.00784016,80.20993805,42837,42847,10
13.00806046,80.20996094,42847,42857,10
13.00809956,80.20963287,42857,42867,10
13.00796032,80.20899963,42867,42877,10
13.00784016,80.20818329,42877,42887,10
13.00769997,80.2073288,42887,42898,11
13.00757027,80.20633698,42898,42908,10
13.00751019,80.20536804,42908,42918,10
13.00751972,80.20446014,42918,42928,10
13.00743008,80.20362854,42928,42938,10
13.0072298,80.20275116,42938,42948,10
13.00654984,80.20275116,42948,42958,10
13.00671959,80.20330811,42958,42968,10
13.00732994,80.20362091,42968,42978,10
13.00815964,80.20372009,42978,42988,10
13.00922966,80.20365143,42988,42998,10
13.01049042,80.20362091,42998,43007,9
13.01169014,80.20372772,43007,43019,12
13.0131197,80.20407104,43019,43029,10
13.01362038,80.20424652,43029,43049,20
13.01362038,80.20424652,43049,43059,10
13.01369953,80.20432281,43059,43069,10
13.01366997,80.20452881,43069,43079,10
13.01346016,80.2050705,43079,43089,10
13.01323986,80.20578003,43089,43099,10
13.01309013,80.20652771,43099,43109,10
13.01301956,80.20729828,43109,43119,10
13.01294994,80.20771027,43119,43129,10
13.01290989,80.20789337,43129,43140,11
13.0128603,80.20832825,43140,43150,10
13.01290989,80.20870209,43150,43160,10
13.01298046,80.209198,43160,43170,10
13.01311016,80.2095871,43170,43180,10
13.01317024,80.20999908,43180,43190,10
13.01305962,80.21073914,43190,43200,10
13.01272011,80.2115097,43200,43210,10
13.01226997,80.21219635,43210,43220,10
13.01196957,80.21264648,43220,43230,10
13.01173019,80.21279144,43230,43240,10
13.01156044,80.212677,43240,43250,10
13.01109982,80.21234894,43250,43261,11
13.01054001,80.21188354,43261,43271,10
13.01018047,80.21160126,43271,43281,10
13.00971985,80.21122742,43281,43331,50
13.00938034,80.21111298,43331,43775,444
13.00938034,80.21111298,43775,43785,10
13.00926971,80.21109772,43785,43795,10
13.00912952,80.21131897,43795,43805,10
13.00901985,80.21160126,43805,43815,10
13.0090704,80.21186066,43815,43825,10
13.00916004,80.21221924,43825,43835,10
13.00930977,80.21263885,43835,43845,10
13.00948048,80.21308136,43845,43855,10
13.00969982,80.21363068,43855,43866,11
13.01000977,80.21440125,43866,43876,10
13.01016045,80.21518707,43876,43886,10
13.01039028,80.21601868,43886,43896,10
13.01072025,80.21676636,43896,43906,10
13.01136971,80.21833038,43906,43916,10
13.01136971,80.21833038,43916,43926,10
13.0117197,80.21929169,43926,43935,9
13.01198959,80.22013092,43935,43954,19
13.01233006,80.22132111,43954,43964,10
13.01249981,80.22167969,43964,43974,10
13.0128603,80.22216797,43974,43985,11
13.0134201,80.2226181,43985,43995,10
13.0138998,80.22319794,43995,44005,10
13.01424026,80.22368622,44005,44015,10
13.0146904,80.22425079,44015,44025,10
13.01515007,80.22483063,44025,44035,10
13.0152998,80.22509766,44035,44045,10
13.01541996,80.22537994,44045,44055,10
13.01533031,80.22572327,44055,44065,10
13.01527023,80.22583008,44065,44075,10
13.01502991,80.22593689,44075,44085,10
13.01463032,80.22609711,44085,44095,10
13.01393986,80.22635651,44095,44106,11
13.01313972,80.22664642,44106,44116,10
13.01239014,80.2269516,44116,44126,10
13.01154041,80.22727203,44126,44136,10
13.01064014,80.22762299,44136,44146,10
13.00984001,80.22792053,44146,44156,10
13.00951004,80.22759247,44156,44166,10
13.00973988,80.22705078,44166,44176,10
13.01006985,80.22624969,44176,44186,10
13.01039028,80.22548676,44186,44196,10
13.01051044,80.22525024,44196,44206,10
13.01064014,80.22499847,44206,44215,9
13.01084042,80.22460175,44215,44227,12
13.01117039,80.22382355,44227,44237,10
13.01124954,80.22353363,44237,44247,10
13.01109982,80.22318268,44247,44257,10
13.01039982,80.22292328,44257,44267,10
13.01025009,80.22280121,44267,44277,10
13.00996017,80.22258759,44277,44287,10
13.00944042,80.22228241,44287,44297,10
13.00876999,80.22189331,44297,44307,10
13.00798988,80.22145844,44307,44317,10
13.00710964,80.22107697,44317,44327,10
13.00623035,80.22071838,44327,44337,10
13.00524998,80.2204895,44337,44348,11
13.00469017,80.22029877,44348,44358,10
13.00448036,80.22023773,44358,44368,10
13.00397015,80.22012329,44368,44378,10
13.00323963,80.21999359,44378,44388,10
13.00249004,80.21959686,44388,44398,10
13.00185966,80.21891022,44398,44408,10
13.00117016,80.21835327,44408,44418,10
13.00049019,80.21782684,44418,44428,10
12.99965954,80.21737671,44428,44438,10
12.99876022,80.21688843,44438,44448,10
12.99787998,80.21659088,44448,44458,10
12.99730968,80.21653748,44458,44469,11
12.99730015,80.21653748,44469,44479,10
12.99707985,80.21655273,44479,44489,10
12.99650955,80.21661377,44489,44499,10
12.99590969,80.21678925,44499,44509,10
12.99510956,80.21710205,44509,44519,10
12.99446964,80.21749878,44519,44529,10
12.99396992,80.2178421,44529,44539,10
12.99339962,80.21826935,44539,44549,10
12.99281979,80.21865082,44549,44559,10
12.99217033,80.2191391,44559,44569,10
12.99151993,80.21961975,44569,44579,10
12.99087048,80.22006989,44579,44590,11
12.9906702,80.22022247,44590,44600,10
12.99057961,80.22029114,44600,44610,10
12.99022961,80.22057343,44610,44620,10
12.98966026,80.22113037,44620,44630,10
12.98927975,80.22158051,44630,44640,10
12.98886013,80.22205353,44640,44650,10
12.98838997,80.22251892,44650,44660,10
12.98754025,80.22309875,44660,44680,20
12.98754025,80.22309875,44680,44690,10
12.98719978,80.22306824,44690,44700,10
12.98684025,80.2230072,44700,44711,11
12.98624992,80.22296143,44711,44721,10
12.98554993,80.2232132,44721,44731,10
12.98505974,80.22324371,44731,44741,10
12.98472023,80.2231369,44741,44852,111
12.98472023,80.2231369,44852,44862,10
12.98447037,80.22299957,44862,44872,10
12.98410988,80.22279358,44872,44882,10
12.98363018,80.22254944,44882,44892,10
12.98328972,80.22231293,44892,44912,20
12.98328972,80.22231293,44912,44922,10
12.98307037,80.22206879,44922,44932,10
12.98262024,80.22196198,44932,44942,10
12.98200989,80.22180176,44942,44953,11
12.98134041,80.22138214,44953,44963,10
12.98066044,80.22118378,44963,44973,10
12.9800396,80.22116852,44973,44983,10
12.97939968,80.22118378,44983,44993,10
12.97891998,80.22120667,44993,45003,10
12.97836018,80.22118378,45003,45013,10
12.97791004,80.22122192,45013,45023,10
12.97745991,80.22126007,45023,45033,10
12.97679043,80.2212677,45033,45043,10
12.97618008,80.22132874,45043,45053,10
12.97636032,80.2218399,45053,45074,21
12.97636032,80.2218399,45074,45084,10
12.97646999,80.22203827,45084,45094,10
12.97673988,80.22251892,45094,45104,10
12.9771204,80.22312927,45104,45114,10
12.97754955,80.22383118,45114,45124,10
12.97795963,80.22447205,45124,45134,10
12.97821045,80.22492218,45134,45144,10
12.97850037,80.22535706,45144,45154,10
12.9785099,80.22537994,45154,45164,10
12.97867966,80.22569275,45164,45173,9
12.97894001,80.22611237,45173,45184,11
12.9793396,80.22678375,45184,45195,11
12.97970963,80.22738647,45195,45205,10
12.9801302,80.22808838,45205,45215,10
12.98056984,80.22884369,45215,45225,10
12.98095036,80.22947693,45225,45235,10
12.98163986,80.23055267,45235,45255,20
12.98163986,80.23055267,45255,45265,10
12.98178005,80.23085785,45265,45275,10
12.98192978,80.23145294,45275,45285,10
12.98200035,80.2321701,45285,45295,10
12.9818697,80.23280334,45295,45305,10
12.9816103,80.23345947,45305,45316,11
12.98153973,80.23358917,45316,45326,10
12.98139954,80.23381805,45326,45336,10
12.98116016,80.23442841,45336,45346,10
12.9811697,80.23529816,45346,45356,10
12.98118973,80.23632813,45356,45366,10
12.98120975,80.23719025,45366,45376,10
12.98124027,80.23769379,45376,45386,10
12.9812603,80.23834991,45386,45396,10
12.98126984,80.23870087,45396,45406,10
12.98128033,80.23872375,45406,45415,9
12.9812603,80.23902893,45415,45427,12
12.98128033,80.2397995,45427,45437,10
12.98128986,80.24060822,45437,45447,10
12.98130035,80.24157715,45447,45457,10
12.98132992,80.24243164,45457,45467,10
12.98130989,80.24286652,45467,45477,10
12.98132992,80.24295044,45477,45487,10
12.98132038,80.24337769,45487,45497,10
12.98122978,80.24407959,45497,45507,10
12.98112965,80.24501038,45507,45517,10
12.98101044,80.24604797,45517,45527,10
12.98089981,80.24710083,45527,45537,10
12.98079967,80.2482605,45537,45548,11
12.98068047,80.24948883,45548,45558,10
12.98044968,80.25057983,45558,45568,10
12.98019028,80.25163269,45568,45578,10
12.98001003,80.25218964,45578,45588,10
12.97988033,80.25247955,45588,45598,10
12.97988033,80.25251007,45598,45608,10
12.97988987,80.25267792,45608,45618,10
12.97982979,80.25279236,45618,45628,10
12.97941971,80.25276184,45628,45638,10
12.97877026,80.25267792,45638,45648,10
12.97865963,80.25263977,45648,45658,10
12.97830009,80.25243378,45658,45669,11
12.97764969,80.25186157,45669,45679,10
12.97673035,80.25134277,45679,45689,10
12.9756403,80.25099182,45689,45699,10
12.97451019,80.2506485,45699,45709,10
12.97338963,80.25035095,45709,45719,10
12.97253036,80.25016785,45719,45729,10
12.97235966,80.25012207,45729,45739,10
12.97189045,80.24999237,45739,45749,10
12.97111988,80.24977875,45749,45759,10
12.97014046,80.2494812,45759,45769,10
12.96914959,80.2490387,45769,45779,10
12.96807003,80.24862671,45779,45790,11
12.96708012,80.24819946,45790,45800,10
12.96646023,80.24790955,45800,45810,10
12.96570015,80.24758148,45810,45820,10
12.96502972,80.24736786,45820,45830,10
12.96494961,80.24733734,45830,45840,10
12.96450996,80.24716187,45840,45850,10
12.96376038,80.24688721,45850,45870,20
12.96376038,80.24688721,45870,45880,10
12.96343994,80.24674225,45880,45890,10
12.96278,80.24642181,45890,45900,10
12.96197033,80.24597931,45900,45911,11
12.96109962,80.2455368,45911,45921,10
12.9601202,80.24510956,45921,45931,10
12.95938015,80.24481964,45931,45941,10
12.95938015,80.24481201,45941,45951,10
12.95905972,80.24465179,45951,45961,10
12.95841026,80.24436951,45961,45971,10
12.95775032,80.24411011,45971,45981,10
12.95670986,80.24378204,45981,46052,71
12.95643044,80.24368286,46052,46092,40
12.95643044,80.24368286,46092,46102,10
12.95610046,80.24356079,46102,46112,10
12.9555397,80.24326324,46112,46122,10
12.95477009,80.2428894,46122,46132,10
12.95394993,80.24256897,46132,46141,9
12.95335007,80.24226379,46141,46153,12
12.95230961,80.24186707,46153,46163,10
12.95164967,80.24166107,46163,46173,10
12.95156956,80.24166107,46173,46183,10
12.95110035,80.24147797,46183,46193,10
12.95032978,80.2412262,46193,46203,10
12.94911957,80.24086761,46203,46233,30
12.94911957,80.24086761,46233,46243,10
12.94884968,80.24079132,46243,46253,10
12.94828987,80.24051666,46253,46262,9
12.94754982,80.24021149,46262,46274,12
12.94701004,80.23999786,46274,46284,10
12.94696045,80.2399826,46284,46294,10
12.94653988,80.23980713,46294,46304,10
12.94585991,80.23950195,46304,46314,10
12.9450798,80.2390213,46314,46324,10
12.9442997,80.2381897,46324,46334,10
12.94344997,80.23738098,46334,46344,10
12.94326019,80.23716736,46344,46354,10
12.94309998,80.23697662,46354,46364,10
12.9425602,80.23660278,46364,46374,10
12.94165039,80.23631287,46374,46384,10
12.94056034,80.23603821,46384,46395,11
12.93976021,80.2358017,46395,46405,10
12.93974018,80.2358017,46405,46415,10
12.93941021,80.23564911,46415,46425,10
12.93877029,80.23532867,46425,46435,10
12.93791962,80.2348938,46435,46445,10
12.93690014,80.23438263,46445,46455,10
12.93599033,80.23397064,46455,46465,10
12.93537045,80.2336731,46465,46475,10
12.93455982,80.23329926,46475,46485,10
12.93385983,80.23298645,46485,46495,10
12.93383026,80.23296356,46495,46504,9
12.93348026,80.23280334,46504,46516,12
12.93264008,80.23245239,46516,46526,10
12.93165016,80.23210907,46526,46536,10
12.93052006,80.23177338,46536,46546,10
12.9295702,80.23152924,46546,46556,10
12.92875004,80.23136902,46556,46566,10
12.92790985,80.23123169,46566,46576,10
12.92689037,80.23110962,46576,46586,10
12.92607021,80.23103333,46586,46596,10
12.92597961,80.23103333,46596,46606,10
12.92560959,80.23097992,46606,46616,10
12.92494965,80.23088837,46616,46626,10
12.9240799,80.2307663,46626,46637,11
12.92288017,80.23059082,46637,46647,10
12.92168999,80.23040009,46647,46657,10
12.92045975,80.23023987,46657,46667,10
12.91932964,80.23013306,46667,46677,10
12.91905022,80.23008728,46677,46687,10
12.91899967,80.23007202,46687,46697,10
12.91854,80.23000336,46697,46707,10
12.91777039,80.22988892,46707,46717,10
12.91676998,80.22975159,46717,46727,10
12.91563034,80.22958374,46727,46737,10
12.91448021,80.22940826,46737,46747,10
12.91349983,80.22931671,46747,46758,11
12.91337967,80.22930908,46758,46768,10
12.91310978,80.22924805,46768,46778,10
12.91246033,80.22914124,46778,46788,10
12.91152954,80.22898865,46788,46798,10
12.91040039,80.22884369,46798,46808,10
12.90923023,80.22866058,46808,46818,10
12.90806961,80.22847748,46818,46828,10
12.90705967,80.22834778,46828,46838,10
12.90649986,80.22827911,46838,46848,10
12.90618038,80.22824097,46848,46858,10
12.90606022,80.22818756,46858,46868,10
12.90555954,80.22814178,46868,46879,11
12.90460014,80.22811127,46879,46889,10
12.90345955,80.22808075,46889,46899,10
12.90227032,80.2280426,46899,46909,10
12.90108013,80.22796631,46909,47000,91
12.90108013,80.22796631,47000,47010,10
12.90097046,80.2279892,47010,47020,10
12.90050983,80.22795105,47020,47030,10
12.89927959,80.22789764,47030,47050,20
12.89927959,80.22789764,47050,47060,10
12.89906025,80.22789001,47060,47070,10
12.89844036,80.22785187,47070,47080,10
12.89756966,80.22779846,47080,47090,10
12.89651966,80.22775269,47090,47100,10
12.89540958,80.22769928,47100,47110,10
12.89430046,80.22763824,47110,47121,11
12.8933897,80.22756958,47121,47131,10
12.89321041,80.22754669,47131,47141,10
12.8927803,80.22747803,47141,47151,10
12.8920002,80.22738647,47151,47161,10
12.89107037,80.22738647,47161,47171,10
12.88996029,80.22738647,47171,47181,10
12.88836956,80.22740173,47181,47201,20
12.88836956,80.22740173,47201,47211,10
12.88801956,80.22734833,47211,47221,10
12.88733959,80.22727203,47221,47231,10
12.88642025,80.22707367,47231,47242,11
12.88527012,80.22679138,47242,47252,10
12.88483047,80.22676086,47252,47262,10
12.88463974,80.22676086,47262,47272,10
12.88401985,80.22673798,47272,47282,10
12.88307953,80.22673035,47282,47292,10
12.88193989,80.22673798,47292,47302,10
12.88076019,80.22676086,47302,47312,10
12.87954044,80.22676849,47312,47322,10
12.87829971,80.22682953,47322,47332,10
12.87709045,80.22693634,47332,47342,10
12.87644005,80.22689819,47342,47352,10
12.87639046,80.22654724,47352,47363,11
12.87639046,80.22653961,47363,47373,10
12.87639046,80.22650146,47373,47383,10
12.87644005,80.22609711,47383,47393,10
12.87650967,80.2253418,47393,47403,10
12.87662029,80.22437286,47403,47413,10
12.87685966,80.22325897,47413,47423,10
12.87712955,80.22206116,47423,47433,10
12.87740993,80.22081757,47433,47443,10
12.87769985,80.2195816,47443,47453,10
12.87798023,80.21835327,47453,47463,10
12.87823009,80.2171402,47463,47473,10
12.87847042,80.21600342,47473,47484,11
12.87874985,80.21469879,47484,47494,10
12.87897968,80.21347809,47494,47504,10
12.87921047,80.21228027,47504,47514,10
12.87940025,80.21125031,47514,47524,10
12.87911034,80.21096802,47524,47534,10
12.87909031,80.21096802,47534,47544,10
12.87897968,80.21095276,47544,47554,10
12.87854958,80.21086121,47554,47564,10
12.87792015,80.21074677,47564,47574,10
12.87734032,80.21063232,47574,47584,10
12.87666988,80.21048737,47584,47594,10
12.87588024,80.21034241,47594,47605,11
12.87462044,80.21012878,47605,47635,30
12.87462044,80.21012878,47635,47645,10
12.87444973,80.21008301,47645,47653,8
12.87436962,80.20987701,47653,47673,20
12.8747797,80.2096405,47673,48804,1131
12.87502003,80.20970154,48804,49097,293
12.87491989,80.20967102,49097,49308,211
12.87489986,80.20951843,49308,49500,192
12.87481976,80.20960236,49500,49712,212
12.87481976,80.20960236,49712,49722,10
12.87487984,80.20955658,49722,49732,10
12.87493992,80.20934296,49732,49752,20
12.87493992,80.20934296,49752,49762,10
12.87471008,80.20980835,49762,49772,10
12.87471962,80.21011353,49772,49782,10
12.8751297,80.21018982,49782,49792,10
12.87567043,80.210289,49792,49803,11
12.87633991,80.21038055,49803,49813,10
12.87699986,80.21051788,49813,49823,10
12.87771034,80.21067047,49823,49833,10
12.87841988,80.21080017,49833,49843,10
12.87895966,80.21086884,49843,49853,10
12.8792696,80.21111298,49853,49863,10
12.87932968,80.21161652,49863,49873,10
12.87921047,80.21240234,49873,49883,10
12.87905025,80.21331787,49883,49893,10
12.87887955,80.21424866,49893,49903,10
12.87870026,80.21517181,49903,49913,10
12.87851048,80.21611786,49913,49924,11
12.8783102,80.21717072,49924,49934,10
12.8781004,80.21813965,49934,49944,10
12.87790012,80.21909332,49944,49954,10
12.87767029,80.22007751,49954,49964,10
12.87747002,80.22104645,49964,49974,10
12.87726974,80.22193909,49974,49984,10
12.87714958,80.22251892,49984,49994,10
12.87705994,80.2229538,49994,50004,10
12.87689018,80.22360229,50004,50014,10
12.87675953,80.22422791,50014,50024,10
12.87664032,80.22496796,50024,50034,10
12.87654018,80.22582245,50034,50045,11
12.87644005,80.22646332,50045,50055,10
12.87642002,80.22679901,50055,50065,10
12.87639999,80.2268219,50065,50075,10
12.87668991,80.22685242,50075,50085,10
12.87736988,80.22680664,50085,50095,10
12.87831974,80.22672272,50095,50105,10
12.87938976,80.22664642,50105,50115,10
12.88049984,80.22663116,50115,50125,10
12.88166046,80.22660828,50125,50135,10
12.88280964,80.22660065,50135,50145,10
12.88393974,80.22657776,50145,50155,10
12.88496017,80.22659302,50155,50166,11
12.88607025,80.22679901,50166,50176,10
12.88708973,80.22705841,50176,50186,10
12.88809013,80.22718811,50186,50196,10
12.88914967,80.22724915,50196,50206,10
12.89023018,80.22725677,50206,50216,10
12.89132023,80.22725677,50216,50226,10
12.89214993,80.22724152,50226,50246,20
12.89214993,80.22724152,50246,50256,10
12.89233971,80.22724152,50256,50266,10
12.89272022,80.22727966,50266,50276,10
12.8933897,80.22737122,50276,50287,11
12.89404964,80.22740936,50287,51507,1220
12.89404964,80.22740936,51507,51517,10
12.89431,80.2275238,51517,51527,10
12.89482975,80.22754669,51527,51537,10
12.89558983,80.22757721,51537,51547,10
12.89657021,80.22762299,51547,51557,10
12.89766026,80.22767639,51557,51567,10
12.89873981,80.22773743,51567,51577,10
12.89970016,80.22781372,51577,51587,10
12.90067959,80.22786713,51587,51597,10
12.90124035,80.22789764,51597,51607,10
12.90182018,80.22792053,51607,51618,11
12.90262032,80.22796631,51618,51628,10
12.90351009,80.22801971,51628,51638,10
12.90427971,80.22805786,51638,51648,10
12.90497017,80.22812653,51648,51658,10
12.90559959,80.22814941,51658,51668,10
12.90594006,80.22814941,51668,51698,30
12.90594006,80.22814941,51698,51708,10
12.90596008,80.22821808,51708,51718,10
12.90631962,80.22823334,51718,51729,11
12.90688992,80.22827148,51729,51739,10
12.90764046,80.22834778,51739,51749,10
12.90853024,80.22846985,51749,51759,10
12.90952015,80.2286377,51759,51769,10
12.91057968,80.22879028,51769,51779,10
12.9116497,80.22894287,51779,51789,10
12.91273975,80.22910309,51789,51799,10
12.91378975,80.22924805,51799,51809,10
12.91477966,80.22936249,51809,51819,10
12.91574001,80.22949982,51819,51829,10
12.91672039,80.22962952,51829,51839,10
12.91769028,80.22975922,51839,51849,10
12.91862965,80.22989655,51849,51860,11
12.91969967,80.2300415,51860,51870,10
12.92070961,80.23014832,51870,51880,10
12.9217701,80.23029327,51880,51890,10
12.92284966,80.23045349,51890,51900,10
12.92395973,80.23059845,51900,51910,10
12.92506981,80.23075867,51910,51920,10
12.92617989,80.23091888,51920,51930,10
12.92728996,80.23104858,51930,51940,10
12.92837048,80.23119354,51940,51950,10
12.9293499,80.23136902,51950,51960,10
12.9302702,80.23159027,51960,51970,10
12.93124008,80.23188782,51970,51981,11
12.9323101,80.23223877,51981,51991,10
12.93325043,80.23258972,51991,52001,10
12.93397999,80.23291779,52001,52011,10
12.93478966,80.23327637,52011,52021,10
12.93548965,80.23361206,52021,52031,10
12.93605995,80.23387146,52031,52041,10
12.9368,80.23422241,52041,52051,10
12.93774033,80.23467255,52051,52061,10
12.93877983,80.23518372,52061,52071,10
12.93972969,80.23565674,52071,52081,10
12.94075966,80.23599243,52081,52091,10
12.94184971,80.23625183,52091,52102,11
12.94301033,80.23673248,52102,52110,8
12.94367981,80.23735809,52110,52128,18
12.94511986,80.23892212,52128,52140,12
12.94637966,80.23959351,52140,52150,10
12.9473896,80.24002075,52150,52160,10
12.94839001,80.24043274,52160,52170,10
12.94941044,80.2408371,52170,52180,10
12.95048046,80.24118042,52180,52190,10
12.95141029,80.24150085,52190,52200,10
12.95221043,80.24178314,52200,52210,10
12.9531498,80.24214172,52210,52221,11
12.95429039,80.24259949,52221,52231,10
12.95503998,80.2428894,52231,52241,10
12.95575047,80.24320221,52241,52251,10
12.95641041,80.24346924,52251,52261,10
12.95693016,80.24365234,52261,52271,10
12.95757008,80.24389648,52271,52281,10
12.95833015,80.24423218,52281,52291,10
12.95895958,80.24452209,52291,52301,10
12.95971966,80.24488068,52301,52311,10
12.96068001,80.24532318,52311,52321,10
12.96173954,80.24581146,52321,52331,10
12.96275997,80.24630737,52331,52342,11
12.9633503,80.24659729,52342,52382,40
12.9633503,80.24659729,52382,52392,10
12.96348,80.2466507,52392,52402,10
12.96382999,80.24681091,52402,52412,10
12.96442986,80.24703979,52412,52422,10
12.96520042,80.24729156,52422,52432,10
12.96611023,80.24761963,52432,52442,10
12.96683979,80.24796295,52442,52452,10
12.96695042,80.24803925,52452,52463,11
12.96732998,80.24816895,52463,52473,10
12.96800995,80.24845123,52473,52483,10
12.96885967,80.24880219,52483,52493,10
12.96990013,80.24916077,52493,52503,10
12.97099018,80.24957275,52503,52513,10
12.97212982,80.24987793,52513,52523,10
12.97325039,80.25019073,52523,52533,10
12.97437,80.25050354,52533,52543,10
12.97550964,80.25083923,52543,52553,10
12.97665977,80.25118256,52553,52563,10
12.9777298,80.2517395,52563,52574,11
12.97877979,80.25245667,52574,52584,10
12.97980976,80.25261688,52584,52594,10
12.9805603,80.25263214,52594,52604,10
12.98136044,80.25258636,52604,52614,10
12.98223972,80.25256348,52614,52634,20
12.98223972,80.25256348,52634,52644,10
12.98241043,80.25256348,52644,52654,10
12.98246002,80.25254822,52654,52664,10
12.98258018,80.2525177,52664,52684,20
12.98258018,80.2525177,52684,52695,11
12.9829998,80.25250244,52695,52705,10
12.98338032,80.25244904,52705,52866,161
12.98371983,80.25232697,52866,52896,30
12.98371983,80.25232697,52896,52906,10
12.98381996,80.25231171,52906,52916,10
12.98410034,80.25222778,52916,52927,11
12.98443985,80.25213623,52927,53037,110
12.98443985,80.25213623,53037,53047,10
12.98480034,80.25203705,53047,53058,11
12.98519039,80.25195313,53058,53068,10
12.98571968,80.25180817,53068,53078,10
12.98633957,80.25163269,53078,53189,111
12.98633957,80.25163269,53189,53199,10
12.98666,80.25151825,53199,53209,10
12.98700047,80.25144958,53209,53219,10
12.98746014,80.25131989,53219,53229,10
12.98797989,80.25122833,53229,53239,10
12.98875999,80.25102997,53239,53249,10
12.98980999,80.2507782,53249,53259,10
12.99094009,80.25051117,53259,53269,10
12.99205971,80.25022125,53269,53279,10
12.99318981,80.24993134,53279,53289,10
12.99433041,80.24963379,53289,53300,11
12.9956398,80.24929047,53300,53310,10
12.9968996,80.24897003,53310,53320,10
12.99818039,80.2486496,53320,53330,10
12.99940968,80.24833679,53330,53340,10
13.00063992,80.24801636,53340,53350,10
13.00193977,80.24771118,53350,53360,10
13.00317955,80.24746704,53360,53370,10
13.00440979,80.24729156,53370,53380,10
13.00551987,80.24710846,53380,53390,10
13.00627995,80.24680328,53390,53400,10
13.00656033,80.24630737,53400,53410,10
13.00658035,80.24571228,53410,53421,11
13.00658035,80.24519348,53421,53431,10
13.00658035,80.24478912,53431,53441,10
13.00656033,80.24452972,53441,53451,10
13.00654984,80.24414825,53451,53461,10
13.00652027,80.24359894,53461,53471,10
13.00652027,80.24279785,53471,53481,10
13.0065403,80.24185944,53481,53491,10
13.0065403,80.24108124,53491,53501,10
13.00660038,80.24075317,53501,53511,10
13.00667,80.24043274,53511,53521,10
13.00675964,80.23989868,53521,53531,10
13.00685978,80.23902893,53531,53542,11
13.00710011,80.23808289,53542,53552,10
13.00736046,80.23706055,53552,53562,10
13.00761986,80.23593903,53562,53572,10
13.00776958,80.23518372,53572,53582,10
13.00780964,80.23503876,53582,53592,10
13.00790024,80.23462677,53592,53602,10
13.00804043,80.23391724,53602,53612,10
13.00821972,80.23291779,53612,53622,10
13.00846958,80.23162079,53622,53632,10
13.00874996,80.23021698,53632,53641,9
13.00899029,80.22901154,53641,53653,12
13.00944042,80.22753143,53653,53663,10
13.00996017,80.22637177,53663,53673,10
13.0104599,80.22532654,53673,53683,10
13.01078987,80.224617,53683,53693,10
13.01105976,80.22376251,53693,53713,20
13.01105976,80.22376251,53713,53723,10
13.0111599,80.22355652,53723,53733,10
13.01132011,80.22312927,53733,53743,10
13.01158047,80.2224884,53743,53753,10
13.01194,80.22167206,53753,53763,10
13.01210976,80.22106934,53763,53774,11
13.01194954,80.22046661,53774,53784,10
13.01173019,80.21968079,53784,53794,10
13.01144028,80.21880341,53794,53804,10
13.01111984,80.21785736,53804,53814,10
13.01074982,80.21698761,53814,53824,10
13.01037979,80.21614838,53824,53834,10
13.01008034,80.21533203,53834,53844,10
13.0098896,80.21433258,53844,53854,10
13.00946045,80.21327209,53854,53864,10
13.00911999,80.21237946,53864,53874,10
13.00895977,80.21195221,53874,53884,10
13.00872993,80.21130371,53884,53895,11
13.00844955,80.21045685,53895,53905,10
13.00815964,80.20957947,53905,53915,10
13.00796986,80.20855713,53915,53925,10
13.00782013,80.2075119,53925,53935,10
13.0076704,80.20664978,53935,53945,10
13.00755978,80.20580292,53945,53955,10
13.00753021,80.20496368,53955,53965,10
13.00751972,80.20423126,53965,53975,10
13.00739956,80.20340729,53975,53985,10
13.0071497,80.20259094,53985,53995,10
13.00654984,80.20275116,53995,54004,9
13.00667,80.20323944,54004,54016,12
13.00726986,80.20355988,54016,54026,10
13.00804043,80.20368195,54026,54036,10
13.00903988,80.20362091,54036,54046,10
13.01029015,80.20359802,54046,54056,10
13.0116396,80.20371246,54056,54066,10
13.01282978,80.20394135,54066,54076,10
13.01325035,80.20404053,54076,54086,10
13.01360989,80.20427704,54086,54096,10
13.01350975,80.20464325,54096,54106,10
13.01329041,80.20535278,54106,54116,10
13.01307011,80.20622253,54116,54126,10
13.01296997,80.20706177,54126,54137,11
13.01290035,80.20770264,54137,54147,10
13.01282978,80.20805359,54147,54157,10
13.0128603,80.20847321,54157,54167,10
13.01288986,80.208992,54167,54177,10
13.01317024,80.20954895,54177,54187,10
13.01319027,80.20995331,54187,54197,10
13.01301956,80.21074677,54197,54207,10
13.01264954,80.21161652,54207,54217,10
13.01218033,80.21237946,54217,54227,10
13.01196003,80.21270752,54227,54237,10
13.01196003,80.21292114,54237,54248,11
13.01243973,80.21325684,54248,54258,10
13.01303959,80.21366882,54258,54268,10
13.0135498,80.21398163,54268,54278,10
13.01418972,80.21434784,54278,54288,10
13.01486015,80.21472931,54288,54298,10
13.01550961,80.21511841,54298,54308,10
13.01599979,80.21543884,54308,54318,10
13.01640987,80.21605682,54318,54328,10
13.01673985,80.21674347,54328,54338,10
13.01718998,80.2173996,54338,54348,10
13.01766968,80.21807861,54348,54358,10
13.01825047,80.21865845,54358,54368,10
13.01842976,80.21887207,54368,54379,11
13.01871014,80.21913147,54379,54389,10
13.01895046,80.21930695,54389,54399,10
13.01933956,80.21942902,54399,54409,10
13.01966953,80.2193985,54409,54419,10
13.02021027,80.21942902,54419,54429,10
13.02073002,80.21949005,54429,54439,10
13.02110958,80.21948242,54439,54449,10
13.02130985,80.21946716,54449,54459,10
13.02171993,80.21949768,54459,54469,10
13.02210045,80.21952057,54469,54479,10
13.02254963,80.21954346,54479,54490,11
13.02313995,80.2195816,54490,54500,10
13.02388,80.2196579,54500,54540,40
13.02388,80.2196579,54540,54550,10
13.02420998,80.21948242,54550,54560,10
13.02418995,80.21907043,54560,54570,10
13.02416992,80.21843719,54570,54580,10
13.02418995,80.21793365,54580,54590,10
13.02420998,80.21756744,54590,54600,10
13.02423954,80.21691895,54600,54611,11
13.0243597,80.2166214,54611,54621,10
13.02455044,80.21669006,54621,54631,10
13.02460003,80.21711731,54631,54641,10
13.02466011,80.21755981,54641,54651,10
13.02468967,80.21806335,54651,54812,161
13.02468967,80.21806335,54812,54822,10
13.02470016,80.21836853,54822,54832,10
13.02478981,80.21885681,54832,54841,9
13.02484035,80.21949768,54841,54873,32
13.02484035,80.21949768,54873,54883,10
13.02474022,80.21974945,54883,54893,10
13.02443027,80.21977234,54893,54903,10
13.0239296,80.21974182,54903,54913,10
13.02326012,80.21961975,54913,54923,10
13.02272034,80.21956635,54923,54933,10
13.02233028,80.21955872,54933,54943,10
13.0218401,80.21955109,54943,54953,10
13.02153969,80.21955872,54953,54963,10
13.0212698,80.21956635,54963,54974,11
13.02103043,80.21954346,54974,54984,10
13.02081013,80.21951294,54984,54994,10
13.02050972,80.21955872,54994,55004,10
13.02003956,80.21955109,55004,55014,10
13.01963997,80.21954346,55014,55024,10
13.01898956,80.21936035,55024,55074,50
13.01898956,80.21936035,55074,55084,10
13.01850033,80.21894073,55084,55095,11
13.01801014,80.21843719,55095,55105,10
13.0174799,80.21788025,55105,55114,9
13.01708984,80.21730042,55114,55125,11
13.01665974,80.21661377,55125,55135,10
13.01632977,80.21591187,55135,55145,10
13.01593971,80.2154007,55145,55155,10
13.01572037,80.215271,55155,55165,10
13.01525974,80.2150116,55165,55175,10
13.01473045,80.21469116,55175,55185,10
13.01422977,80.21437836,55185,55195,10
13.01369953,80.21405029,55195,55205,10
13.01296997,80.21365356,55205,55216,11
13.01210976,80.21309662,55216,55226,10
13.01175976,80.21283722,55226,55236,10
13.01142025,80.21253967,55236,55246,10
13.01089954,80.2121582,55246,55256,10
13.01045036,80.21179199,55256,55266,10
13.01029968,80.21166992,55266,55276,10
13.00992012,80.21137238,55276,55326,50
13.00961018,80.21115112,55326,55417,91
13.00942039,80.21089172,55417,55437,20
13.00942039,80.21089172,55437,55448,11
13.00930023,80.21083069,55448,55458,10
13.00920963,80.21105194,55458,55468,10
13.00916004,80.21118927,55468,55478,10
13.00903988,80.21137238,55478,55488,10
13.0089798,80.21148682,55488,55498,10
13.00901985,80.21179199,55498,55508,10
13.00914955,80.21217346,55508,55518,10
13.00934029,80.21273041,55518,55528,10
13.00959015,80.21338654,55528,55538,10
13.00988007,80.2141037,55538,55547,9
13.01010036,80.21476746,55547,55558,11
13.01016045,80.21530151,55558,55569,11
13.01041031,80.2161026,55569,55579,10
13.01082993,80.21698761,55579,55589,10
13.01126003,80.21800995,55589,55599,10
13.01161957,80.21907806,55599,55609,10
13.01198006,80.22020721,55609,55619,10
13.01226044,80.22103119,55619,55629,10
13.01235008,80.22142029,55629,55639,10
13.01243019,80.22158051,55639,55649,10
13.01278019,80.22199249,55649,55659,10
13.01327991,80.22261047,55659,55669,10
13.01385975,80.22331238,55669,55680,11
13.01418972,80.22374725,55680,55689,9
13.0146904,80.22428894,55689,55700,11
13.01523972,80.22496796,55700,55709,9
13.01537991,80.22538757,55709,55720,11
13.01531029,80.22576141,55720,55730,10
13.0149498,80.22596741,55730,55740,10
13.01428986,80.22622681,55740,55750,10
13.01358986,80.22650146,55750,55760,10
13.01274014,80.2268219,55760,55770,10
13.01185989,80.22714996,55770,55780,10
13.01089001,80.2275238,55780,55790,10
13.00990963,80.2279129,55790,55800,10
13.00953007,80.22750092,55800,55811,11
13.0098896,80.22666931,55811,55821,10
13.0102396,80.22589111,55821,55831,10
13.01054001,80.22515106,55831,55851,20
13.01054001,80.22515106,55851,55861,10
13.01072979,80.22483826,55861,55871,10
13.01099968,80.22421265,55871,55881,10
13.01124001,80.22351074,55881,55891,10
13.01097965,80.22306061,55891,55901,10
13.01035023,80.22274017,55901,55911,10
13.0102396,80.22267151,55911,55921,10
13.00983047,80.22245026,55921,55932,11
13.00911045,80.22206116,55932,55942,10
13.00825977,80.22161102,55942,55952,10
13.00728989,80.22107697,55952,55962,10
13.00636005,80.22064209,55962,55972,10
13.00529957,80.22038269,55972,55982,10
13.00442028,80.22016907,55982,55992,10
13.00360966,80.22000885,55992,56002,10
13.0028801,80.21977997,56002,56012,10
13.00220013,80.21926117,56012,56022,10
13.00168991,80.21874237,56022,56032,10
13.00102043,80.2182312,56032,56042,10
13.00037956,80.21779633,56042,56053,11
12.99958992,80.21730804,56053,56063,10
12.99886036,80.21692657,56063,56073,10
12.99824047,80.21668243,56073,56083,10
12.99785995,80.21659088,56083,56093,10
12.99759007,80.21656036,56093,56103,10
12.99755955,80.21656036,56103,56113,10
12.99744034,80.21653748,56113,56123,10
12.99732018,80.21655273,56123,56133,10
12.99707031,80.21656036,56133,56143,10
12.99697018,80.21656799,56143,56153,10
12.99674988,80.21656799,56153,56163,10
12.99652004,80.21659851,56163,56184,21
12.99652004,80.21659851,56184,56194,10
12.99617958,80.21666718,56194,56204,10
12.99594975,80.2167511,56204,56214,10
12.99565983,80.21684265,56214,56234,20
12.99536037,80.21690369,56234,56254,20
12.99536037,80.21690369,56254,56264,10
12.99507999,80.21704102,56264,56273,9
12.99487972,80.21716309,56273,56284,11
12.99435997,80.21752167,56284,56295,11
12.99382019,80.21790314,56295,56305,10
12.99318981,80.2183075,56305,56315,10
12.99256039,80.21875763,56315,56325,10
12.99180031,80.21932983,56325,56335,10
12.99123955,80.21974945,56335,56345,10
12.99073029,80.22016144,56345,56355,10
12.99063969,80.22023773,56355,56365,10
12.99030972,80.22054291,56365,56375,10
12.98983002,80.22106934,56375,56385,10
12.98923969,80.22176361,56385,56395,10
12.98863029,80.22245789,56395,56406,11
12.98799038,80.22297668,56406,56416,10
12.98758984,80.22309875,56416,56426,10
12.98748016,80.22309875,56426,56436,10
12.98709011,80.22309113,56436,56446,10
12.98676014,80.22299194,56446,56456,10
12.98616028,80.22299957,56456,56466,10
12.98556995,80.22322083,56466,56476,10
12.98501015,80.22319794,56476,56486,10
12.98445034,80.22290039,56486,56496,10
12.98388004,80.22255707,56496,56506,10
12.98324013,80.22216034,56506,56525,19
12.98324013,80.22216034,56525,56537,12
12.98291969,80.22194672,56537,56547,10
12.98241043,80.22180176,56547,56557,10
12.98180008,80.22145081,56557,56567,10
12.98118973,80.22112274,56567,56577,10
12.98056984,80.22103882,56577,56587,10
12.97978973,80.22113037,56587,56597,10
12.97898006,80.22116852,56597,56607,10
12.9781599,80.22119904,56607,56617,10
12.97741032,80.22122955,56617,56627,10
12.9766798,80.22126007,56627,56637,10
12.97614956,80.22136688,56637,56648,11
12.97630024,80.22171021,56648,56708,60
12.97630024,80.22171021,56708,56718,10
12.97630024,80.22200012,56718,56728,10
12.97657967,80.22236633,56728,56738,10
12.97694016,80.22284698,56738,56748,10
12.97735023,80.22350311,56748,56758,10
12.97782993,80.22422791,56758,56769,11
12.97817039,80.22480774,56769,56779,10
12.97848034,80.22531128,56779,56789,10
12.97854042,80.22538757,56789,56799,10
12.97861004,80.22548676,56799,56809,10
12.9788599,80.22592163,56809,56819,10
12.97922993,80.22654724,56819,56829,10
12.97961998,80.22717285,56829,56839,10
12.98003006,80.22786713,56839,56849,10
12.98046017,80.2286377,56849,56859,10
12.98083019,80.22924042,56859,56869,10
12.98106003,80.2296524,56869,56880,11
12.98151016,80.23030853,56880,56890,10
12.98157978,80.2304306,56890,56900,10
12.98165989,80.23056793,56900,56910,10
12.98184013,80.23100281,56910,56920,10
12.98190975,80.23164368,56920,56930,10
12.98192024,80.23238373,56930,56940,10
12.98169041,80.23319244,56940,56950,10
12.98155022,80.2335434,56950,56960,10
12.98151016,80.23361969,56960,56970,10
12.98126984,80.23406982,56970,56980,10
12.98116016,80.23473358,56980,56990,10
12.98118019,80.23561859,56990,57001,11
12.98120975,80.23668671,57001,57011,10
12.98124981,80.23760223,57011,57021,10
12.9812603,80.23834229,57021,57031,10
12.9812603,80.2386322,57031,57041,10
12.9812603,80.23864746,57041,57051,10
12.98124981,80.23903656,57051,57061,10
12.9812603,80.23960876,57061,57071,10
12.98128986,80.24035645,57071,57081,10
12.98128986,80.24124146,57081,57091,10
12.98130989,80.24269104,57091,57111,20
12.98130989,80.24269104,57111,57120,9
12.98128033,80.24284363,57120,57132,12
12.98132038,80.24307251,57132,57142,10
12.98130989,80.24356842,57142,57152,10
12.98120975,80.24437714,57152,57162,10
12.98106956,80.2454071,57162,57172,10
12.98093987,80.24656677,57172,57182,10
12.98083973,80.2477417,57182,57192,10
12.98075008,80.24893188,57192,57202,10
12.98058033,80.25006104,57202,57212,10
12.98029995,80.25118256,57212,57222,10
12.98005962,80.25209808,57222,57232,10
12.9799099,80.25250244,57232,57242,10
12.97970009,80.2527771,57242,57253,11
12.97859955,80.25257874,57253,57273,20
12.97859955,80.25257874,57273,57283,10
12.97830963,80.25241089,57283,57293,10
12.97778988,80.25196075,57293,57303,10
12.97710037,80.25145721,57303,57313,10
12.97616005,80.25115204,57313,57323,10
12.97513008,80.2508316,57323,57333,10
12.97408009,80.25052643,57333,57343,10
12.9732399,80.25029755,57343,57353,10
12.97255039,80.25013733,57353,57363,10
12.97251034,80.25010681,57363,57374,11
12.97208023,80.24997711,57374,57384,10
12.97138023,80.24977875,57384,57394,10
12.97045994,80.24951935,57394,57404,10
12.96940994,80.24912262,57404,57414,10
12.96839046,80.24871063,57414,57424,10
12.96745014,80.24833679,57424,57434,10
12.96665001,80.24797821,57434,57444,10
12.96605968,80.24771118,57444,57454,10
12.96508026,80.24736786,57454,57474,20
12.96508026,80.24736786,57474,57483,9
12.96477032,80.24725342,57483,57495,12
12.9639101,80.24693298,57495,57525,30
12.9639101,80.24693298,57525,57535,10
12.96376038,80.24687195,57535,57545,10
12.96331024,80.24668884,57545,57555,10
12.96253967,80.24629974,57555,57565,10
12.96158028,80.24582672,57565,57575,10
12.9605999,80.24536896,57575,57585,10
12.95969009,80.24497223,57585,57595,10
12.95932961,80.24481964,57595,57605,10
12.95907974,80.24468994,57605,57616,11
12.95839977,80.2443924,57616,57626,10
12.95783997,80.24414825,57626,57636,10
12.95716953,80.24391937,57636,57646,10
12.95652008,80.24372101,57646,57716,70
12.95635033,80.24372864,57716,57747,31
12.95635033,80.24372864,57747,57757,10
12.95619011,80.24365997,57757,57767,10
12.95571995,80.2434082,57767,57777,10
12.95501995,80.24304962,57777,57787,10
12.95417976,80.24266815,57787,57797,10
12.95330048,80.24230194,57797,57807,10
12.95232964,80.24192047,57807,57817,10
12.9516201,80.24167633,57817,57827,10
12.95158958,80.24166107,57827,57837,10
12.95141983,80.24157715,57837,57847,10
12.95088959,80.24140167,57847,57858,11
12.95003033,80.24111938,57858,57868,10
12.94911003,80.24085236,57868,57888,20
12.94911003,80.24085236,57888,57898,10
12.94886971,80.24073792,57898,57908,10
12.94828033,80.2405014,57908,57918,10
12.94754028,80.2401886,57918,57928,10
12.94701004,80.23999023,57928,57938,10
12.94696999,80.2399826,57938,57948,10
12.94664001,80.23983765,57948,57958,10
12.94602013,80.23957062,57958,57969,11
12.94521046,80.23912048,57969,57979,10
12.94447041,80.2383728,57979,57989,10
12.94371033,80.23754883,57989,57999,10
12.94326973,80.23712158,57999,58009,10
12.94322968,80.23706818,58009,58019,10
12.94285011,80.23677826,58019,58029,10
12.94209957,80.23644257,58029,58039,10
12.9411602,80.2361908,58039,58049,10
12.93976021,80.2358017,58049,58069,20
12.93976021,80.2358017,58069,58078,9
12.93949032,80.23570251,58078,58089,11
12.9388504,80.23535919,58089,58100,11
12.93793011,80.23490143,58100,58110,10
12.93696022,80.23442841,58110,58120,10
12.93605995,80.23397827,58120,58180,60
12.93605995,80.23397827,58180,58190,10
12.93560982,80.23375702,58190,58200,10
12.93498993,80.23348999,58200,58211,11
12.93385029,80.23297882,58211,58231,20
12.93385029,80.23297882,58231,58241,10
12.93354034,80.23284912,58241,58251,10
12.93292999,80.23258209,58251,58261,10
12.93206978,80.23226929,58261,58271,10
12.93099022,80.23190308,58271,58281,10
12.92986965,80.23158264,58281,58291,10
12.9289999,80.23136902,58291,58301,10
12.92854977,80.23130798,58301,58311,10
12.92778969,80.23121643,58311,58320,9
12.92687988,80.23110199,58320,58332,12
12.9260397,80.23101807,58332,58342,10
12.92601967,80.23101807,58342,58352,10
12.92562008,80.23095703,58352,58362,10
12.92492962,80.23085785,58362,58372,10
12.92403984,80.23075867,58372,58382,10
12.92306042,80.23062897,58382,58392,10
12.92199039,80.23046112,58392,58402,10
12.92084026,80.23030853,58402,58412,10
12.9196701,80.2301712,58412,58422,10
12.9191103,80.23010254,58422,58432,10
12.91882038,80.23005676,58432,58442,10
12.91818047,80.22998047,58442,58453,11
12.91724014,80.22984314,58453,58463,10
12.91623974,80.22969818,58463,58473,10
12.91520023,80.22956085,58473,58483,10
12.91421986,80.22940826,58483,58493,10
12.91359043,80.2293396,58493,58503,10
12.91351032,80.2293396,58503,58513,10
12.91335011,80.22933197,58513,58523,10
12.91292,80.22924805,58523,58533,10
12.91215038,80.22911835,58533,58543,10
12.91114044,80.22895813,58543,58553,10
12.90999985,80.22879028,58553,58563,10
12.90884972,80.22859192,58563,58574,11
12.90740013,80.22840881,58574,58614,40
12.90740013,80.22840881,58614,58624,10
12.90725994,80.22836304,58624,58634,10
12.90692997,80.22833252,58634,58644,10
12.90653992,80.228302,58644,58654,10
12.9064703,80.228302,58654,58664,10
12.90627003,80.22827911,58664,58674,10
12.90569973,80.2282486,58674,58685,11
12.90472984,80.22817993,58685,58695,10
12.90369034,80.2281189,58695,58705,10
12.90264988,80.22807312,58705,58715,10
12.90192032,80.22805023,58715,58725,10
12.90186024,80.2280426,58725,58735,10
12.90182018,80.22802734,58735,58745,10
12.90151978,80.22801971,58745,58755,10
12.9011097,80.22801208,58755,58765,10
12.90065956,80.22795868,58765,58775,10
12.90013981,80.22792816,58775,58785,10
12.89958954,80.2279129,58785,58795,10
12.89937019,80.22789764,58795,58805,10
12.89935017,80.22789764,58805,58816,11
12.89931011,80.22789764,58816,58826,10
12.89914036,80.22789001,58826,58836,10
12.89875984,80.22785187,58836,58846,10
12.89813042,80.22781372,58846,58856,10
12.89733982,80.22776794,58856,58866,10
12.89634991,80.22772217,58866,58876,10
12.89533997,80.22767639,58876,58886,10
12.89433002,80.22763824,58886,58896,10
12.89361954,80.2276001,58896,58906,10
12.89354038,80.22759247,58906,58916,10
12.89323044,80.22753143,58916,58926,10
12.89256001,80.22744751,58926,58987,61
12.89256001,80.22744751,58987,58997,10
12.89243031,80.22743988,58997,59007,10
12.8919096,80.22738647,59007,59017,10
12.89109039,80.22737885,59017,59027,10
12.89008045,80.22737885,59027,59037,10
12.8889904,80.22737885,59037,59047,10
12.88836956,80.22736359,59047,59058,11
12.88836002,80.22736359,59058,59068,10
12.88807964,80.2273407,59068,59078,10
12.88745022,80.22725677,59078,59088,10
12.88661003,80.22709656,59088,59098,10
12.88564968,80.22686005,59098,59108,10
12.88484955,80.22675323,59108,59118,10
12.88481998,80.22675323,59118,59128,10
12.8845396,80.22673798,59128,59138,10
12.88387966,80.22673035,59138,59147,9
12.88307953,80.22673035,59147,59158,11
12.88195038,80.22673798,59158,59169,11
12.88078022,80.22673035,59169,59179,10
12.87967014,80.22673035,59179,59189,10
12.87849045,80.22678375,59189,59199,10
12.8773098,80.22688293,59199,59209,10
12.8764801,80.22692108,59209,59219,10
12.87642002,80.22689056,59219,59229,10
12.87639999,80.22659302,59229,59239,10
12.87639999,80.2265625,59239,59249,10
12.87644005,80.22627258,59249,59259,10
12.87652016,80.22563934,59259,59269,10
12.8766098,80.22477722,59269,59279,10
12.87677956,80.22374725,59279,59289,10
12.87703991,80.2226181,59289,59300,11
12.87734032,80.22131348,59300,59309,9
12.87757969,80.22025299,59309,59320,11
12.87777996,80.21936798,59320,59330,10
12.87794018,80.21861267,59330,59340,10
12.87816048,80.21762085,59340,59350,10
12.87839031,80.2164917,59350,59360,10
12.87864017,80.21531677,59360,59370,10
12.87887001,80.21414948,59370,59380,10
12.87909985,80.21295929,59380,59389,9
12.87930012,80.21186829,59389,59400,11
12.87903023,80.21096039,59400,59421,21
12.87903023,80.21096039,59421,59431,10
12.87893963,80.21096039,59431,59441,10
12.87852001,80.21087646,59441,59451,10
12.87784004,80.21076202,59451,59461,10
12.87701988,80.21058655,59461,59471,10
12.87621021,80.21044159,59471,59481,10
12.87539959,80.21031189,59481,59491,10
12.87452984,80.21015167,59491,59520,29
12.87452984,80.21015167,59520,59532,12
12.87446976,80.21011353,59532,59542,10
12.87436962,80.20980072,59542,59552,10
12.87464046,80.20957947,59552,59562,10
12.87467957,80.2098465,59562,59864,302
12.87467957,80.2098465,59864,59874,10
12.87467957,80.21006012,59874,59884,10
12.87491035,80.21016693,59884,59895,11
12.87539959,80.21028137,59895,59905,10
12.87598038,80.2104187,59905,59915,10
12.87662029,80.21051025,59915,59925,10
12.87736034,80.21066284,59925,59935,10
12.87814045,80.21079254,59935,59945,10
12.87922001,80.21102142,59945,59965,20
12.87944031,80.21112061,59965,60016,51
12.87944031,80.21112061,60016,60026,10
12.87944984,80.21115112,60026,60036,10
12.87946987,80.21135712,60036,60046,10
12.87942028,80.21157074,60046,60056,10
12.87934017,80.21206665,60056,60066,10
12.87919044,80.21283722,60066,60076,10
12.87899971,80.21383667,60076,60086,10
12.87878036,80.21499634,60086,60096,10
12.87852955,80.21611023,60096,60106,10
12.87829971,80.21724701,60106,60116,10
12.87806988,80.21840668,60116,60126,10
12.87780952,80.21954346,60126,60137,11
12.87751961,80.22078705,60137,60147,10
12.87724972,80.22193909,60147,60157,10
12.87699032,80.22309875,60157,60167,10
12.87674046,80.22427368,60167,60177,10
12.87658978,80.22541809,60177,60187,10
12.87646008,80.22634888,60187,60197,10
12.87644958,80.22685242,60197,60217,20
12.87644958,80.22685242,60217,60227,10
12.87662029,80.22693634,60227,60237,10
12.87714005,80.22686768,60237,60247,10
12.87798977,80.22679138,60247,60258,11
12.87921047,80.22670746,60258,60268,10
12.88039017,80.2266922,60268,60278,10
12.88158989,80.22667694,60278,60288,10
12.88278961,80.22667694,60288,60298,10
12.88397026,80.22667694,60298,60308,10
12.88504028,80.22666168,60308,60318,10
12.88525963,80.22666931,60318,60328,10
12.88554001,80.22673035,60328,60338,10
12.88615036,80.22689819,60338,60348,10
12.88702965,80.22711182,60348,60358,10
12.88862038,80.22731018,60358,60379,21
12.88862038,80.22731018,60379,60389,10
12.88879013,80.22731781,60389,60399,10
12.88938046,80.22731781,60399,60409,10
12.89021969,80.22731781,60409,60419,10
12.89126015,80.22731018,60419,60429,10
12.89241028,80.22734833,60429,60468,39
12.89241028,80.22734833,60468,60479,11
12.89280987,80.22737885,60479,60490,11
12.89350033,80.22746277,60490,60500,10
12.89404011,80.2275238,60500,60510,10
12.89404964,80.22753143,60510,60520,10
12.8941803,80.2275238,60520,60530,10
12.89463043,80.22756195,60530,60540,10
12.89523983,80.22759247,60540,60550,10
12.89605045,80.22763824,60550,60560,10
12.89702034,80.22769928,60560,60569,9
12.89797974,80.22773743,60569,60580,11
12.89916992,80.22782135,60580,60590,10
12.90001965,80.22786713,60590,60601,11
12.9004097,80.22786713,60601,60651,50
12.9004097,80.22786713,60651,60661,10
12.90044022,80.22788239,60661,60671,10
12.90048027,80.22789764,60671,60681,10
12.90073967,80.22792816,60681,60690,9
12.90098,80.22796631,60690,60701,11
12.90139008,80.22799683,60701,60711,10
12.90248013,80.22799683,60711,60731,20
12.90248013,80.22799683,60731,60742,11
12.90260029,80.2279892,60742,60752,10
12.90307045,80.2280426,60752,60762,10
12.90380001,80.22810364,60762,60772,10
12.90452957,80.22812653,60772,60782,10
12.90491962,80.22814941,60782,60792,10
12.90491962,80.22815704,60792,60802,10
12.90524006,80.2281723,60802,60811,9
12.90555,80.22815704,60811,60822,11
12.90590954,80.22817993,60822,60832,10
12.90645981,80.22821045,60832,60913,81
12.90645981,80.22821045,60913,60923,10
12.90686989,80.22827148,60923,60933,10
12.90752029,80.22834778,60933,60943,10
12.90845966,80.22850037,60943,60953,10
12.90960979,80.2286911,60953,60964,11
12.91092014,80.22891235,60964,60974,10
12.91213036,80.2290802,60974,60984,10
12.91331005,80.22924805,60984,60994,10
12.91446018,80.22942352,60994,61004,10
12.91565037,80.22958374,61004,61014,10
12.91687012,80.22975159,61014,61024,10
12.91804981,80.22989655,61024,61034,10
12.91915035,80.2300415,61034,61044,10
12.91940022,80.23005676,61044,61054,10
12.91971016,80.23011017,61054,61064,10
12.92039013,80.23020172,61064,61074,10
12.92129993,80.23030853,61074,61085,11
12.92249966,80.23047638,61085,61095,10
12.92366028,80.23065186,61095,61105,10
12.92492008,80.23081207,61105,61115,10
12.92619991,80.23095703,61115,61125,10
12.9264698,80.23097992,61125,61135,10
12.92683983,80.23103333,61135,61145,10
12.92753983,80.23111725,61145,61155,10
12.92846012,80.23123932,61155,61165,10
12.92940044,80.23139954,61165,61175,10
12.93048,80.23168182,61175,61185,10
12.93159962,80.23203278,61185,61195,10
12.93272018,80.23239899,61195,61206,11
12.93367958,80.23278809,61206,61216,10
12.93373013,80.2328186,61216,61226,10
12.93397045,80.23291016,61226,61236,10
12.93461037,80.23322296,61236,61246,10
12.93540001,80.23358917,61246,61256,10
12.93626022,80.23400879,61256,61266,10
12.93721962,80.23445892,61266,61276,10
12.93826008,80.23497009,61276,61286,10
12.93968964,80.23567963,61286,61306,20
12.93968964,80.23567963,61306,61316,10
12.94001007,80.2358017,61316,61327,11
12.94075966,80.23605347,61327,61337,10
12.94165039,80.23626709,61337,61347,10
12.94264984,80.2365799,61347,61357,10
12.94349957,80.23719025,61357,61367,10
12.94369984,80.23738098,61367,61377,10
12.94377041,80.23748779,61377,61387,10
12.94412994,80.23789215,61387,61397,10
12.94466972,80.23847961,61397,61407,10
12.94538975,80.23918152,61407,61417,10
12.9463501,80.23964691,61417,61427,10
12.94717026,80.23999023,61427,61437,10
12.94740009,80.24006653,61437,61448,11
12.94740963,80.24008179,61448,61458,10
12.94750977,80.2401123,61458,61468,10
12.94793034,80.24028778,61468,61478,10
12.94849014,80.24050903,61478,61488,10
12.94882965,80.24063873,61488,61498,10
12.9493103,80.24085999,61498,61508,10
12.94987965,80.24104309,61508,61518,10
12.95112038,80.24140167,61518,61538,20
12.95112038,80.24140167,61538,61548,10
12.95131016,80.24147797,61548,61558,10
12.95182991,80.24167633,61558,61569,11
12.95261955,80.24195862,61569,61579,10
12.95347977,80.24230957,61579,61589,10
12.95419979,80.24262238,61589,61599,10
12.95493031,80.24289703,61599,61609,10
12.95563984,80.24313354,61609,61619,10
12.95631981,80.24333191,61619,61629,10
12.95660973,80.24346161,61629,61639,10
12.95722008,80.24378204,61639,61649,10
12.9579401,80.24411011,61649,61659,10
12.95880985,80.24446869,61659,61679,20
12.95880985,80.24446869,61679,61690,11
12.95893002,80.24453735,61690,61700,10
12.95921993,80.24468994,61700,61710,10
12.95973969,80.24491882,61710,61720,10
12.9604702,80.24523926,61720,61730,10
12.96138,80.24565887,61730,61740,10
12.96234035,80.2461319,61740,61750,10
12.96296978,80.24643707,61750,61760,10
12.96312046,80.24653625,61760,61770,10
12.96341991,80.24668884,61770,61779,9
12.96380043,80.24685669,61779,61790,11
12.96455956,80.24713898,61790,61801,11
12.96549988,80.24745941,61801,61811,10
12.96636009,80.24780273,61811,61821,10
12.96695042,80.24806213,61821,61841,20
12.96695042,80.24806213,61841,61851,10
12.96718025,80.24816132,61851,61861,10
12.96770954,80.24839783,61861,61871,10
12.96844006,80.248703,61871,61881,10
12.96928024,80.2490387,61881,61891,10
12.97014046,80.24938965,61891,61901,10
12.97113991,80.24974823,61901,61910,9
12.97212982,80.25000763,61910,61922,12
12.9734602,80.25036621,61922,61932,10
12.97428036,80.25054169,61932,61942,10
12.97443008,80.2505722,61942,61952,10
12.97447968,80.25058746,61952,61962,10
12.97488022,80.25070953,61962,61972,10
12.97550964,80.25089264,61972,61982,10
12.97630024,80.25112152,61982,61992,10
12.97721004,80.2514267,61992,62002,10
12.97801018,80.25202942,62002,62012,10
12.97883987,80.2525177,62012,62022,10
12.97951031,80.25261688,62022,62032,10
12.97994995,80.25228882,62032,62063,31
12.97994995,80.25228882,62063,62073,10
12.97999001,80.25211334,62073,62083,10
12.98009014,80.25174713,62083,62093,10
12.98025036,80.25118256,62093,62103,10
12.98048019,80.25041962,62103,62113,10
12.98066998,80.24954987,62113,62123,10
12.98073959,80.24861908,62123,62133,10
12.98079014,80.24770355,62133,62143,10
12.98085976,80.24681091,62143,62152,9
12.98095036,80.24595642,62152,62163,11
12.98106003,80.24494171,62163,62174,11
12.98116016,80.24398041,62174,62184,10
12.98130035,80.24359131,62184,62194,10
12.98134041,80.24291992,62194,62234,40
12.98134041,80.24291992,62234,62244,10
12.98136044,80.24262238,62244,62254,10
12.98134995,80.24211121,62254,62264,10
12.98134995,80.24140167,62264,62274,10
12.98134041,80.2405777,62274,62284,10
12.98132992,80.23976898,62284,62295,11
12.98130989,80.23921204,62295,62305,10
12.98128986,80.23851776,62305,62315,10
12.98126984,80.23782349,62315,62335,20
12.98126984,80.23782349,62335,62345,10
12.98126984,80.23757935,62345,62355,10
12.9812603,80.23706055,62355,62365,10
12.98122978,80.2363205,62365,62375,10
12.98120975,80.23558044,62375,62385,10
12.98118973,80.23471832,62385,62394,9
12.98167038,80.23329163,62394,62426,32
12.98167038,80.23329163,62426,62436,10
12.98178959,80.23307037,62436,62446,10
12.98194981,80.23264313,62446,62456,10
12.98198032,80.23216248,62456,62466,10
12.98198032,80.23171997,62466,62476,10
12.98192024,80.23127747,62476,62486,10
12.98173046,80.23079681,62486,62496,10
12.98139954,80.23026276,62496,62506,10
12.98099041,80.22962189,62506,62516,10
12.98058033,80.22894287,62516,62537,21
12.98058033,80.22894287,62537,62547,10
12.98052025,80.22882843,62547,62557,10
12.98033047,80.22847748,62557,62567,10
12.9801302,80.22807312,62567,62577,10
12.97976017,80.22746277,62577,62587,10
12.97937012,80.22679901,62587,62597,10
12.9790802,80.22631836,62597,62607,10
12.97879982,80.22585297,62607,62617,10
12.97844028,80.22525024,62617,62627,10
12.97811985,80.2247467,62627,62637,10
12.97784042,80.22438049,62637,62648,11
12.97774982,80.22427368,62648,62658,10
12.97766018,80.22409821,62658,62668,10
12.97741985,80.22364807,62668,62678,10
12.97708035,80.22309875,62678,62688,10
12.97692966,80.22280884,62688,62698,10
12.97723961,80.22271729,62698,62728,30
12.97723961,80.22271729,62728,62738,10
12.97747993,80.2226181,62738,62748,10
12.97749043,80.22234344,62748,62759,11
12.97743988,80.22174835,62759,62769,10
12.97743988,80.22135162,62769,62779,10
12.97760963,80.2212677,62779,62789,10
12.97801971,80.22119904,62789,62799,10
12.97867012,80.22119141,62799,62809,10
12.97941971,80.22115326,62809,62819,10
12.98019028,80.22106934,62819,62829,10
12.98089981,80.22103119,62829,62838,9
12.98147964,80.22128296,62838,62849,11
12.98211002,80.22167969,62849,62869,20
12.98211002,80.22167969,62869,62880,11
12.9825201,80.22180939,62880,62890,10
12.98301983,80.22199249,62890,62919,29
12.98301983,80.22199249,62919,62930,11
12.98340034,80.22225189,62930,62940,10
12.98365974,80.22241974,62940,62950,10
12.98404026,80.22264862,62950,62960,10
12.98453999,80.2229538,62960,62970,10
12.98511028,80.22322083,62970,62980,10
12.98550987,80.22318268,62980,62990,10
12.98593044,80.22296143,62990,63001,11
12.98612022,80.22296143,63001,63011,10
12.98657036,80.22299194,63011,63041,30
12.98657036,80.22299194,63041,63051,10
12.98684025,80.22303009,63051,63061,10
12.98719025,80.2230835,63061,63071,10
12.98773956,80.22306824,63071,63081,10
12.98826027,80.22274017,63081,63091,10
12.98880959,80.22219849,63091,63101,10
12.98902988,80.22194672,63101,63111,10
12.98929977,80.22161865,63111,63122,11
12.98970985,80.22107697,63122,63132,10
12.99046993,80.22036743,63132,63162,30
12.99046993,80.22036743,63162,63172,10
12.9907198,80.22019958,63172,63182,10
12.99090958,80.22001648,63182,63192,10
12.99122047,80.21974945,63192,63202,10
12.99166965,80.2193985,63202,63212,10
12.9921999,80.21903992,63212,63222,10
12.99273014,80.21867371,63222,63231,9
12.9931097,80.21838379,63231,63243,12
12.99376011,80.2179184,63243,63253,10
12.99413013,80.21765137,63253,63263,10
12.99435997,80.21749115,63263,63273,10
12.99464989,80.21726227,63273,63283,10
12.99503994,80.2170105,63283,63293,10
12.99563026,80.21671295,63293,63303,10
12.99612045,80.21658325,63303,63313,10
12.99664974,80.21650696,63313,63343,30
12.99664974,80.21650696,63343,63353,10
12.99703979,80.21647644,63353,63364,11
12.99726009,80.21630859,63364,63374,10
12.99755001,80.21607971,63374,63394,20
12.99755001,80.21607971,63394,63404,10
12.99777985,80.21585083,63404,63414,10
12.99814034,80.21550751,63414,63424,10
12.99866962,80.21505737,63424,63434,10
12.99911976,80.21472168,63434,63444,10
12.99948025,80.21440887,63444,63454,10
12.99993992,80.2140274,63454,63464,10
13.00045967,80.21357727,63464,63475,11
13.00107002,80.21311188,63475,63485,10
13.00162029,80.21266174,63485,63495,10
13.00222015,80.21225739,63495,63505,10
13.00269985,80.21211243,63505,63515,10
13.00316048,80.21202087,63515,63525,10
13.00356007,80.21193695,63525,63555,30
13.00356007,80.21193695,63555,63565,10
13.00366974,80.21173859,63565,63575,10
13.00370026,80.21167755,63575,63585,10
13.00370979,80.21141815,63585,63596,11
13.00368977,80.21095276,63596,63606,10
13.00362968,80.21053314,63606,63616,10
13.00354958,80.21006012,63616,63626,10
13.00352955,80.20957947,63626,63636,10
13.00360966,80.2091217,63636,63646,10
13.00366974,80.20889282,63646,63656,10
13.00386047,80.20867157,63656,63666,10
13.00438023,80.20881653,63666,63676,10
13.00516987,80.20918274,63676,63686,10
13.00607014,80.20951843,63686,63696,10
13.00687981,80.20976257,63696,63706,10
13.00757027,80.20986176,63706,63737,31
13.00757027,80.20986176,63737,63747,10
13.00788021,80.20993805,63747,63757,10
13.00819016,80.20986938,63757,63767,10
13.00809956,80.20944214,63767,63777,10
13.00796986,80.20868683,63777,63787,10
13.00782013,80.2077713,63787,63797,10
13.00769043,80.20683289,63797,63807,10
13.00755978,80.20587921,63807,63817,10
13.00753021,80.20493317,63817,63827,10
13.00751019,80.20404053,63827,63838,11
13.00734043,80.20305634,63838,63848,10
13.00681973,80.20256042,63848,63858,10
13.00654984,80.20307159,63858,63868,10
13.00693989,80.20345306,63868,63878,10
13.00761032,80.2036972,63878,63888,10
13.00848007,80.20372009,63888,63898,10
13.00944042,80.20366669,63898,63908,10
13.01041031,80.20365906,63908,63918,10
13.01136971,80.20374298,63918,63928,10
13.01241016,80.20391083,63928,63938,10
13.01317024,80.20404816,63938,63949,11
13.0135603,80.20423889,63949,63959,10
13.01356983,80.20424652,63959,63969,10
13.0136404,80.20446777,63969,63979,10
13.01358032,80.20471191,63979,64009,30
13.01358032,80.20471191,64009,64019,10
13.01344013,80.20509338,64019,64029,10
13.01321983,80.2057724,64029,64039,10
13.01303005,80.20661163,64039,64049,10
13.01296997,80.20739746,64049,64059,10
13.01288986,80.20780945,64059,64069,10
13.01284981,80.20822906,64069,64080,11
13.0128603,80.20851898,64080,64090,10
13.01290035,80.20881653,64090,64100,10
13.01296997,80.20929718,64100,64110,10
13.0132103,80.20982361,64110,64120,10
13.01313972,80.21044159,64120,64130,10
13.01292038,80.21118164,64130,64140,10
13.01249981,80.21192169,64140,64150,10
13.01204014,80.21263123,64150,64160,10
13.01183033,80.21282196,64160,64170,10
13.01150036,80.21259308,64170,64180,10
13.01101017,80.21218872,64180,64191,11
13.01062965,80.21183777,64191,64201,10
13.01016045,80.2115097,64201,64917,716
13.01016045,80.2115097,64917,64927,10
13.00983047,80.21134949,64927,64977,50
13.00951958,80.21109772,64977,65027,50
13.00951958,80.21109772,65027,65038,11
13.00918961,80.21122742,65038,65048,10
13.00903034,80.21153259,65048,65058,10
13.00911999,80.21198273,65058,65068,10
13.00930023,80.21253967,65068,65078,10
13.00951004,80.21311951,65078,65088,10
13.00975037,80.21372986,65088,65098,10
13.00998974,80.21433258,65098,65108,10
13.01016045,80.21495819,65108,65118,10
13.01025009,80.21563721,65118,65128,10
13.01054001,80.21633911,65128,65138,10
13.01091957,80.21717072,65138,65147,9
13.0112896,80.21797943,65147,65159,12
13.01167965,80.21910858,65159,65169,10
13.01198006,80.22006989,65169,65179,10
13.01226044,80.22093201,65179,65189,10
13.01235008,80.22135162,65189,65199,10
13.01253033,80.22176361,65199,65209,10
13.01296997,80.22229767,65209,65219,10
13.01344013,80.22280121,65219,65229,10
13.01393986,80.22338104,65229,65239,10
13.01426029,80.22383118,65239,65249,10
13.01476955,80.22438812,65249,65259,10
13.01523018,80.22493744,65259,65269,10
13.01541996,80.22528076,65269,65280,11
13.01539993,80.22554779,65280,65290,10
13.01523972,80.22583008,65290,65300,10
13.01486015,80.2259903,65300,65310,10
13.01428986,80.22619629,65310,65320,10
13.01366043,80.22644806,65320,65330,10
13.01294994,80.22675323,65330,65340,10
13.01218033,80.22708893,65340,65350,10
13.01136971,80.22740173,65350,65360,10
13.0104599,80.22776031,65360,65370,10
13.00967979,80.22792816,65370,65380,10
13.00957966,80.2274704,65380,65390,10
13.00984001,80.22688293,65390,65401,11
13.01021004,80.22608185,65401,65411,10
13.01054001,80.22537994,65411,65421,10
13.01074028,80.22490692,65421,65431,10
13.01088047,80.22453308,65431,65441,10
13.01107979,80.22399139,65441,65451,10
13.01130009,80.22348022,65451,65461,10
13.01121998,80.22319794,65461,65471,10
13.01082993,80.22299957,65471,65481,10
13.01078033,80.22296906,65481,65491,10
13.01045036,80.22281647,65491,65501,10
13.01031971,80.22274017,65501,65512,11
13.01000023,80.22255707,65512,65522,10
13.00948048,80.22229004,65522,65532,10
13.00883007,80.22190857,65532,65542,10
13.00806999,80.22155762,65542,65552,10
13.00718975,80.22104645,65552,65562,10
13.00629997,80.22064972,65562,65572,10
13.00535011,80.22045135,65572,65582,10
13.00473976,80.22032928,65582,65592,10
13.0046196,80.22028351,65592,65602,10
13.00428963,80.22019958,65602,65612,10
13.00370979,80.22003937,65612,65622,10
13.00302029,80.21981812,65622,65633,11
13.00224018,80.21923828,65633,65643,10
13.00172043,80.21869659,65643,65653,10
13.00119972,80.21829987,65653,65663,10
13.00074005,80.21797943,65663,65673,10
13.0002203,80.21768951,65673,65683,10
12.99960995,80.2173233,65683,65693,10
12.99890995,80.21695709,65693,65703,10
12.99814034,80.21663666,65703,65713,10
12.99777985,80.21659088,65713,65733,20
12.99777985,80.21659088,65733,65742,9
12.9975996,80.21655273,65742,65754,12
12.9973402,80.21652985,65754,65764,10
12.99709988,80.21655273,65764,65774,10
12.99685955,80.21656799,65774,65784,10
12.99660969,80.21658325,65784,65804,20
12.99660969,80.21658325,65804,65814,10
12.99627972,80.21663666,65814,65824,10
12.99610043,80.21668243,65824,65834,10
12.99584961,80.21672821,65834,65844,10
12.99569035,80.21678162,65844,65854,10
12.99534988,80.21691132,65854,65885,31
12.99534988,80.21691132,65885,65895,10
12.99505997,80.21707916,65895,65905,10
12.99491978,80.21716309,65905,65915,10
12.9946003,80.21737671,65915,65925,10
12.99411011,80.21774292,65925,65935,10
12.99357986,80.21813965,65935,65945,10
12.99302006,80.21855164,65945,65955,10
12.99236965,80.21903992,65955,65965,10
12.99174023,80.21952057,65965,65975,10
12.99143028,80.21968842,65975,65985,10
12.99102974,80.2199707,65985,65996,11
12.99069023,80.22026825,65996,66016,20
12.99069023,80.22026825,66016,66026,10
12.99055004,80.2203598,66026,66036,10
12.99024963,80.2206192,66036,66046,10
12.98968983,80.22116089,66046,66066,20
12.98968983,80.22116089,66066,66076,10
12.98948002,80.22133636,66076,66086,10
12.98927975,80.22167969,66086,66096,10
12.98902035,80.22200775,66096,66107,11
12.9885397,80.22248077,66107,66117,10
12.98777962,80.22306061,66117,66137,20
12.98777962,80.22306061,66137,66147,10
12.98760986,80.2230835,66147,66157,10
12.98742962,80.22309113,66157,66167,10
12.98727989,80.22306824,66167,66177,10
12.98696995,80.22302246,66177,66217,40
12.98696995,80.22302246,66217,66228,11
12.9865799,80.22296906,66228,66238,10
12.98641968,80.22296143,66238,66248,10
12.98633957,80.2229538,66248,66258,10
12.98614025,80.2229538,66258,66268,10
12.98596001,80.22297668,66268,66278,10
12.9856596,80.22309113,66278,66288,10
12.98540974,80.22329712,66288,66298,10
12.98499012,80.22319031,66298,66308,10
12.9844799,80.22293854,66308,66318,10
12.98414993,80.22274017,66318,66328,10
12.98392963,80.22263336,66328,66338,10
12.98388958,80.22261047,66338,66349,11
12.98355961,80.22244263,66349,66359,10
12.98314953,80.22215271,66359,66389,30
12.98314953,80.22215271,66389,66399,10
12.98281956,80.2219696,66399,66409,10
12.98250008,80.22186279,66409,66419,10
12.98217964,80.22176361,66419,66429,10
12.98174,80.22147369,66429,66439,10
12.9812603,80.22122192,66439,66449,10
12.98087978,80.22109985,66449,66459,10
12.9802599,80.22110748,66459,66470,11
12.97941971,80.22116852,66470,66480,10
12.97879028,80.22116852,66480,66490,10
12.97819042,80.22122955,66490,66500,10
12.97774029,80.22125244,66500,66509,9
12.9771204,80.22126007,66509,66520,11
12.97638035,80.22128296,66520,66530,10
12.97618008,80.22154236,66530,66540,10
12.97642994,80.22187042,66540,66601,61
12.97642994,80.22187042,66601,66611,10
12.97653008,80.22209167,66611,66621,10
12.97669983,80.22241211,66621,66631,10
12.97696018,80.22280121,66631,66641,10
12.97723961,80.22325134,66641,66651,10
12.97758007,80.22382355,66651,66661,10
12.97793961,80.22438812,66661,66671,10
12.97830009,80.22498322,66671,66681,10
12.9786396,80.22554016,66681,66691,10
12.97891045,80.22599792,66691,66701,10
12.9792099,80.22648621,66701,66712,11
12.9795599,80.22705078,66712,66722,10
12.97992039,80.2276535,66722,66732,10
12.9802599,80.22824097,66732,66742,10
12.98056984,80.22879028,66742,66752,10
12.98083973,80.22923279,66752,66762,10
12.98114967,80.22973633,66762,66772,10
12.98174953,80.23065948,66772,66792,20
12.98174953,80.23065948,66792,66802,10
12.98174953,80.23069,66802,66811,9
12.98186016,80.2309494,66811,66823,12
12.9819603,80.23155212,66823,66833,10
12.98198032,80.23220062,66833,66843,10
12.98188972,80.23278809,66843,66853,10
12.98180008,80.23307037,66853,66863,10
12.98155975,80.23361206,66863,66893,30
12.98155975,80.23361206,66893,66903,10
12.9815197,80.23371124,66903,66913,10
12.98138046,80.23397827,66913,66923,10
12.98122025,80.23449707,66923,66933,10
12.98120975,80.23526764,66933,66944,11
12.98122978,80.23616791,66944,66954,10
12.98124981,80.23693085,66954,66964,10
12.98126984,80.23760986,66964,66974,10
12.98128986,80.23809814,66974,66984,10
12.98130035,80.23866272,66984,67014,30
12.98130035,80.23866272,67014,67024,10
12.98128033,80.23882294,67024,67034,10
12.98130035,80.2394104,67034,67054,20
12.98130035,80.2394104,67054,67065,11
12.98130035,80.2396698,67065,67075,10
12.98132992,80.23995972,67075,67085,10
12.98134041,80.24043274,67085,67095,10
12.98134995,80.2411499,67095,67105,10
12.98136044,80.24188995,67105,67115,10
12.98138046,80.24250031,67115,67125,10
12.98139,80.24298859,67125,67155,30
12.98139,80.24298859,67155,67165,10
12.98138046,80.24327087,67165,67175,10
12.98134041,80.24376678,67175,67186,11
12.98122978,80.24456024,67186,67196,10
12.98112011,80.24542236,67196,67206,10
12.98101044,80.24636841,67206,67216,10
12.9809103,80.24738312,67216,67226,10
12.98081017,80.24836731,67226,67236,10
12.98073006,80.24932098,67236,67246,10
12.98056984,80.25022125,67246,67256,10
12.98033047,80.25109863,67256,67266,10
12.98011017,80.25196075,67266,67276,10
12.97992992,80.25261688,67276,67347,71
12.97992992,80.25261688,67347,67357,10
12.97980022,80.25280762,67357,67367,10
12.97939014,80.25273895,67367,67377,10
12.97852993,80.25257111,67377,67407,30
12.97852993,80.25257111,67407,67417,10
12.97830963,80.25241089,67417,67428,11
12.97782993,80.2519989,67428,67438,10
12.97723961,80.25151062,67438,67448,10
12.97642994,80.2512207,67448,67458,10
12.97550964,80.25096893,67458,67468,10
12.97451019,80.25067139,67468,67478,10
12.97352982,80.25041962,67478,67488,10
12.97282028,80.25026703,67488,67498,10
12.97249031,80.25019073,67498,67508,10
12.97241974,80.25015259,67508,67518,10
12.97204018,80.25002289,67518,67528,10
12.97136974,80.24983978,67528,67539,11
12.97043991,80.24958038,67539,67549,10
12.96949959,80.2492218,67549,67559,10
12.96854019,80.24886322,67559,67569,10
12.96763039,80.24849701,67569,67579,10
12.96685982,80.24813843,67579,67589,10
12.96646976,80.24791718,67589,67599,10
12.96592045,80.24768066,67599,67609,10
12.9654398,80.24749756,67609,67619,10
12.96510029,80.24736786,67619,67649,30
12.96500015,80.24733734,67649,67670,21
12.96500015,80.24733734,67670,67680,10
12.96475983,80.2472229,67680,67690,10
12.96424961,80.24701691,67690,67700,10
12.9637804,80.24681854,67700,67710,10
12.96376038,80.24681091,67710,67720,10
12.96370029,80.24677277,67720,67730,10
12.96333027,80.24659729,67730,67740,10
12.96277046,80.24635315,67740,67750,10
12.96210957,80.24606323,67750,67760,10
12.96138,80.24569702,67760,67770,10
12.96057034,80.24533081,67770,67781,11
12.95956039,80.24491119,67781,67801,20
12.95956039,80.24491119,67801,67811,10
12.95948029,80.24488068,67811,67821,10
12.95919037,80.24472809,67821,67831,10
12.95870972,80.24449921,67831,67841,10
12.95812035,80.24427795,67841,67851,10
12.95777988,80.244133,67851,67861,10
12.95726013,80.24394226,67861,67871,10
12.95662022,80.24375916,67871,67881,10
12.95633984,80.24365234,67881,67891,10
12.95613003,80.24356842,67891,67902,11
12.95559025,80.2432785,67902,67912,10
12.95487976,80.24294281,67912,67922,10
12.95407963,80.24259949,67922,67932,10
12.95326042,80.24224854,67932,67942,10
12.95238972,80.24192047,67942,67952,10
12.9518404,80.24170685,67952,67962,10
12.95176983,80.24169922,67962,67972,10
12.95160007,80.24163055,67972,67982,10
12.95110989,80.24146271,67982,67992,10
12.95034981,80.24124908,67992,68002,10
12.9495697,80.24101257,68002,68012,10
12.94919968,80.2408905,68012,68023,11
12.94880009,80.24072266,68023,68033,10
12.94814014,80.24044037,68033,68043,10
12.94738007,80.24012756,68043,68053,10
12.94699001,80.2399826,68053,68073,20
12.94699001,80.2399826,68073,68083,10
12.94668007,80.23986053,68083,68093,10
12.94614029,80.23961639,68093,68103,10
12.94546986,80.23930359,68103,68113,10
12.94478989,80.23873901,68113,68123,10
12.94417,80.23806763,68123,68134,11
12.94346046,80.23734283,68134,68144,10
12.94322014,80.23709106,68144,68154,10
12.94314003,80.23699188,68154,68164,10
12.94277954,80.23670959,68164,68174,10
12.94213009,80.23642731,68174,68184,10
12.94130039,80.23621368,68184,68194,10
12.94040966,80.23599243,68194,68204,10
12.9396801,80.23574066,68204,68214,10
12.93959045,80.23570251,68214,68224,10
12.93955994,80.23567963,68224,68234,10
12.93920994,80.23551178,68234,68243,9
12.9386797,80.23522949,68243,68255,12
12.93776035,80.23477936,68255,68265,10
12.93684959,80.23435211,68265,68275,10
12.93593025,80.23391724,68275,68285,10
12.93517017,80.23356628,68285,68295,10
12.93385029,80.23300171,68295,68315,20
12.93385029,80.23300171,68315,68325,10
12.93377972,80.2329483,68325,68335,10
12.93340015,80.23277283,68335,68345,10
12.93276024,80.23251343,68345,68355,10
12.93196011,80.23223114,68355,68365,10
12.93103981,80.23191071,68365,68376,11
12.93006992,80.2315979,68376,68386,10
12.92930984,80.23140717,68386,68396,10
12.92852974,80.23126984,68396,68406,10
12.92755985,80.23113251,68406,68416,10
12.92652988,80.23100281,68416,68426,10
12.92597008,80.23097229,68426,68436,10
12.92588043,80.23095703,68436,68446,10
12.92580986,80.2309494,68446,68456,10
12.92547989,80.23090363,68456,68466,10
12.92490959,80.23087311,68466,68476,10
12.92416954,80.2307663,68476,68486,10
12.92335987,80.23065186,68486,68497,11
12.92228985,80.23049164,68497,68507,10
12.92121029,80.23033142,68507,68517,10
12.92006969,80.23018646,68517,68527,10
12.91915989,80.23007965,68527,68537,10
12.91907978,80.23007965,68537,68547,10
12.91893005,80.2300415,68547,68557,10
12.91843033,80.22998047,68557,68567,10
12.91765976,80.22987366,68567,68577,10
12.91687012,80.2297821,68577,68587,10
12.91598988,80.22966003,68587,68597,10
12.91504955,80.22952271,68597,68608,11
12.91405964,80.22937775,68608,68618,10
12.91318989,80.22926331,68618,68638,20
12.91318989,80.22926331,68638,68648,10
12.91310978,80.22924805,68648,68658,10
12.91265965,80.22917938,68658,68668,10
12.91193962,80.2290802,68668,68678,10
12.91104984,80.22895813,68678,68688,10
12.91007996,80.22879791,68688,68698,10
12.90902042,80.22862244,68698,68708,10
12.9079504,80.2284317,68708,68718,10
12.90682983,80.22831726,68718,68809,91
12.90682983,80.22831726,68809,68819,10
12.9066,80.22828674,68819,68829,10
12.9061203,80.22825623,68829,68839,10
12.90606976,80.22825623,68839,68850,11
12.90587044,80.22825623,68850,68860,10
12.9053297,80.22821808,68860,68870,10
12.9045496,80.22815704,68870,68880,10
12.90363979,80.22810364,68880,68890,10
12.90272999,80.22805023,68890,68900,10
12.90207958,80.2280426,68900,68930,30
12.90207958,80.2280426,68930,68940,10
12.90188026,80.22801971,68940,68950,10
12.90149021,80.2279892,68950,68960,10
12.90104008,80.22799683,68960,68971,11
12.90052986,80.22792816,68971,68981,10
12.90023041,80.22792816,68981,68991,10
12.89993954,80.22792053,68991,69001,10
12.89964008,80.2279129,69001,69011,10
12.89927006,80.22788239,69011,69021,10
12.8990097,80.22788239,69021,69061,40
12.8990097,80.22788239,69061,69070,9
12.89883041,80.22788239,69070,69081,11
12.89836979,80.22779846,69081,69092,11
12.89764023,80.22775269,69092,69102,10
12.89682961,80.22770691,69102,69112,10
12.89589977,80.22766876,69112,69122,10
12.89496994,80.22763824,69122,69132,10
12.89420986,80.22762299,69132,69152,20
12.89420986,80.22762299,69152,69162,10
12.89402008,80.22759247,69162,69172,10
12.89344978,80.22756195,69172,69233,61
12.89344978,80.22756195,69233,69243,10
12.89336014,80.22756958,69243,69253,10
12.8930397,80.22750854,69253,69263,10
12.89266014,80.22746277,69263,69334,71
12.89266014,80.22746277,69334,69344,10
12.89237976,80.22741699,69344,69354,10
12.89183044,80.22737885,69354,69364,10
12.89105988,80.22737885,69364,69374,10
12.89019012,80.22737885,69374,69384,10
12.88928032,80.22736359,69384,69394,10
12.88834,80.22736359,69394,69414,20
12.88834,80.22736359,69414,69424,10
12.88801003,80.22731781,69424,69434,10
12.88745022,80.22724915,69434,69445,11
12.88659,80.2270813,69445,69455,10
12.88566971,80.22683716,69455,69465,10
12.8849802,80.22670746,69465,69485,20
12.8849802,80.22670746,69485,69495,10
12.88479042,80.22669983,69495,69505,10
12.88430977,80.22669983,69505,69515,10
12.88366032,80.22669983,69515,69525,10
12.88290024,80.22669983,69525,69535,10
12.88202953,80.2266922,69535,69545,10
12.88105965,80.22669983,69545,69555,10
12.8800602,80.22672272,69555,69566,11
12.87884045,80.22675323,69566,69576,10
12.87771034,80.22682953,69576,69586,10
12.87675953,80.22692108,69586,69596,10
12.87640953,80.22683716,69596,69606,10
12.87637997,80.22640991,69606,69646,40
12.87637997,80.22640991,69646,69656,10
12.87640953,80.22618103,69656,69666,10
12.87646961,80.22570801,69666,69677,11
12.87656021,80.2249527,69677,69687,10
12.87666035,80.22419739,69687,69697,10
12.87681007,80.22341156,69697,69707,10
12.87701035,80.22257233,69707,69717,10
12.87720966,80.22168732,69717,69727,10
12.87742043,80.22077942,69727,69737,10
12.87761974,80.21988678,69737,69747,10
12.87782001,80.21903992,69747,69757,10
12.8780098,80.2181778,69757,69767,10
12.87819004,80.21729279,69767,69777,10
12.87835979,80.21640015,69777,69787,10
12.87856007,80.21546936,69787,69798,11
12.87878036,80.21440887,69798,69808,10
12.87895966,80.21341705,69808,69818,10
12.87915039,80.2124176,69818,69828,10
12.87932014,80.21151733,69828,69838,10
12.87899017,80.21092224,69838,69888,50
12.87899017,80.21092224,69888,69898,10
12.87886047,80.21092224,69898,69908,10
12.87858009,80.21086121,69908,69919,11
12.87829018,80.21077728,69919,69928,9
12.87798023,80.21073914,69928,69939,11
12.87742043,80.21063232,69939,69949,10
12.8768301,80.21051025,69949,69959,10
12.87637997,80.21042633,69959,69969,10
12.87526989,80.21022034,69969,69979,10
12.87526989,80.21022034,69979,69989,10
12.87479973,80.21013641,69989,69998,9
12.87446976,80.21009064,69998,70048,50
12.87446976,80.21009064,70048,70058,10
12.8744297,80.21006012,70058,70068,10
12.87432003,80.2098465,70068,70078,10
12.87471962,80.20970154,70078,70088,10
12.87471962,80.20970154,70088,70098,10
12.87465954,80.20993805,70098,70231,133
12.87462044,80.21011353,70231,70261,30
12.87535954,80.21025085,70261,70292,31
12.87535954,80.21025085,70292,70312,20
12.8762598,80.21040344,70312,70322,10
12.87656975,80.21047974,70322,70332,10
12.87701035,80.21056366,70332,70342,10
12.8775301,80.21067047,70342,70352,10
12.8780899,80.21076965,70352,70362,10
12.87868023,80.21086884,70362,70372,10
12.87915039,80.21096802,70372,70382,10
12.87922001,80.21099091,70382,70393,11
12.87938976,80.21108246,70393,70403,10
12.87942982,80.21131897,70403,70413,10
12.87934971,80.21173096,70413,70423,10
12.87924957,80.21219635,70423,70433,10
12.87917042,80.21269989,70433,70443,10
12.87907028,80.21320343,70443,70453,10
12.87895966,80.21367645,70453,70463,10
12.87884045,80.21427155,70463,70473,10
12.87870026,80.21495819,70473,70483,10
12.87854004,80.21576691,70483,70493,10
12.87837029,80.21662903,70493,70503,10
12.87819004,80.2175293,70503,70514,11
12.87798977,80.21855164,70514,70524,10
12.87777996,80.21949005,70524,70534,10
12.87755966,80.22044373,70534,70544,10
12.87732983,80.22141266,70544,70554,10
12.87710953,80.22241211,70554,70564,10
12.87687969,80.22338867,70564,70574,10
12.87668037,80.22437286,70574,70584,10
12.87656021,80.22531891,70584,70594,10
12.87646961,80.22608185,70594,70604,10
12.87640953,80.22680664,70604,70624,20
12.87640953,80.22680664,70624,70635,11
12.87656021,80.22689819,70635,70645,10
12.87693024,80.22683716,70645,70655,10
12.87767982,80.22678375,70655,70665,10
12.87860012,80.22670746,70665,70675,10
12.87952995,80.22666931,70675,70685,10
12.88047981,80.22664642,70685,70695,10
12.88148975,80.22663879,70695,70705,10
12.88253021,80.22663116,70705,70715,10
12.8836298,80.22660828,70715,70725,10
12.88465977,80.22660065,70725,70735,10
12.88518047,80.22662354,70735,70746,11
12.88535023,80.22664642,70746,70756,10
12.88586998,80.22676849,70756,70766,10
12.88654995,80.22695923,70766,70776,10
12.88724041,80.22711945,70776,70786,10
12.88803005,80.227211,70786,70796,10
12.8885603,80.22724152,70796,70806,10
12.8887701,80.22724152,70806,70816,10
12.88936043,80.22724915,70816,70826,10
12.89019966,80.22724915,70826,70836,10
12.89122963,80.22724152,70836,70846,10
12.89233971,80.22727203,70846,70856,10
12.89344025,80.22740173,70856,70867,11
12.89422989,80.2274704,70867,70877,10
12.89445019,80.22747803,70877,70887,10
12.89500999,80.2275238,70887,70897,10
12.89577961,80.22756195,70897,70907,10
12.89682961,80.22762299,70907,70917,10
12.89797974,80.22769165,70917,70927,10
12.8991003,80.22776031,70927,70937,10
12.90009975,80.22779846,70937,70947,10
12.90065002,80.22781372,70947,71048,101
12.90065002,80.22781372,71048,71058,10
12.9008503,80.22786713,71058,71068,10
12.90124035,80.22792053,71068,71078,10
12.90182018,80.22794342,71078,71088,10
12.90250015,80.22795105,71088,71098,10
12.90305042,80.22794342,71098,71119,21
12.90305042,80.22794342,71119,71129,10
12.90326023,80.22794342,71129,71139,10
12.90361977,80.22799683,71139,71149,10
12.90421963,80.22805023,71149,71159,10
12.90497017,80.22808838,71159,71169,10
12.90583992,80.22814941,71169,71179,10
12.90645027,80.22815704,71179,71189,10
12.90664005,80.22817993,71189,71199,10
12.90701962,80.22821808,71199,71208,9
12.90709019,80.22823334,71208,71220,12
12.90752029,80.22827148,71220,71230,10
12.90806007,80.22834778,71230,71240,10
12.90890026,80.22849274,71240,71250,10
12.90991974,80.22868347,71250,71260,10
12.9109602,80.22885132,71260,71270,10
12.91199017,80.22901154,71270,71280,10
12.91300011,80.22914124,71280,71290,10
12.91366959,80.2292099,71290,71300,10
12.91376019,80.22921753,71300,71310,10
12.91415024,80.22928619,71310,71320,10
12.91485977,80.22937775,71320,71330,10
12.91580963,80.22953033,71330,71341,11
12.91699028,80.22969055,71341,71351,10
12.9180603,80.22984314,71351,71361,10
12.91886997,80.22994232,71361,71371,10
12.91913033,80.22995758,71371,71381,10
12.91926956,80.22998047,71381,71391,10
12.91981983,80.23004913,71391,71401,10
12.92061996,80.23016357,71401,71411,10
12.92158031,80.23027802,71411,71421,10
12.9225502,80.2304306,71421,71431,10
12.92362022,80.23058319,71431,71441,10
12.92473984,80.23072052,71441,71451,10
12.9257803,80.23082733,71451,71462,11
12.92623997,80.23088837,71462,71472,10
12.92642975,80.23094177,71472,71482,10
12.92700005,80.23101807,71482,71492,10
12.92782974,80.23111725,71492,71502,10
12.92864037,80.23123932,71502,71512,10
12.92936039,80.23137665,71512,71522,10
12.93029976,80.2315979,71522,71532,10
12.93136978,80.23194122,71532,71542,10
12.93241024,80.23226166,71542,71552,10
12.93334961,80.23259735,71552,71562,10
12.93358994,80.23271179,71562,71571,9
12.93369007,80.23275757,71571,71583,12
12.93428993,80.23301697,71583,71593,10
12.93505001,80.23336792,71593,71603,10
12.93574047,80.23370361,71603,71613,10
12.93651009,80.23407745,71613,71623,10
12.93745041,80.23454285,71623,71633,10
12.93846035,80.2350235,71633,71643,10
12.93939018,80.23547363,71643,71653,10
12.93966961,80.23560333,71653,71663,10
12.93992996,80.23571014,71663,71673,10
12.9406004,80.23593903,71673,71683,10
12.9415102,80.23616028,71683,71694,11
12.94266033,80.23651886,71694,71704,10
12.94342995,80.23708344,71704,71714,10
12.9436903,80.23735809,71714,71724,10
12.94390965,80.23763275,71724,71734,10
12.94439983,80.23818207,71734,71744,10
12.94509029,80.23893738,71744,71754,10
12.94606018,80.23950958,71754,71764,10
12.94701004,80.23988342,71764,71774,10
12.94723988,80.23995972,71774,71784,10
12.94764996,80.24014282,71784,71794,10
12.94830036,80.24040985,71794,71803,9
12.94894028,80.24067688,71803,71815,12
12.94985008,80.24099731,71815,71825,10
12.95065975,80.24124146,71825,71835,10
12.95104027,80.24134064,71835,71845,10
12.95116043,80.24137878,71845,71855,10
12.95168018,80.24156952,71855,71865,10
12.95240974,80.24185944,71865,71875,10
12.95331001,80.2421875,71875,71885,10
12.95411968,80.24253082,71885,71895,10
12.95481968,80.24281311,71895,71905,10
12.95547009,80.24304199,71905,71915,10
12.95617008,80.24323273,71915,71925,10
12.95635986,80.2432785,71925,71936,11
12.95648956,80.24331665,71936,71946,10
12.95697975,80.24356842,71946,71956,10
12.9577198,80.24394989,71956,71966,10
12.95855999,80.24430084,71966,71976,10
12.95893955,80.24445343,71976,71986,10
12.95928001,80.24462128,71986,71996,10
12.95993996,80.24494171,71996,72006,10
12.96080017,80.2453537,72006,72016,10
12.96175957,80.24581146,72016,72026,10
12.96308994,80.24645996,72026,72067,41
12.96308994,80.24645996,72067,72077,10
12.96319962,80.24653625,72077,72087,10
12.96354008,80.24671173,72087,72097,10
12.96409035,80.24691772,72097,72107,10
12.96477985,80.24716949,72107,72117,10
12.96555042,80.24742126,72117,72127,10
12.96627998,80.24768066,72127,72137,10
12.96642017,80.2477417,72137,72147,10
12.96654034,80.24780273,72147,72157,10
12.96683979,80.24797058,72157,72168,11
12.96751976,80.2482605,72168,72178,10
12.9684,80.24862671,72178,72188,10
12.96907997,80.24890137,72188,72198,10
12.96973991,80.24918365,72198,72208,10
12.97064018,80.24951935,72208,72218,10
12.97163963,80.24980927,72218,72228,10
12.97268009,80.25007629,72228,72238,10
12.97373009,80.25035095,72238,72248,10
12.97482014,80.2506485,72248,72258,10
12.97593021,80.25099182,72258,72268,10
12.97708035,80.25134277,72268,72278,10
12.97805023,80.25202942,72278,72289,11
12.97900009,80.25253296,72289,72299,10
12.97963047,80.25254059,72299,72309,10
12.97990036,80.25240326,72309,72319,10
12.97992039,80.25229645,72319,72329,10
12.97994995,80.25202179,72329,72339,10
12.98011971,80.25150299,72339,72349,10
12.98033047,80.25074768,72349,72359,10
12.9805603,80.24977875,72359,72369,10
12.98069,80.248909,72369,72379,10
12.98077011,80.24790192,72379,72389,10
12.98085976,80.24680328,72389,72399,10
12.98097992,80.24564362,72399,72410,11
12.98110962,80.24436188,72410,72420,10
12.98116016,80.24385071,72420,72430,10
12.98122025,80.2436676,72430,72440,10
12.98130035,80.24344635,72440,72450,10
12.98130035,80.24314117,72450,72460,10
12.98132038,80.2428894,72460,72470,10
12.98132992,80.24286652,72470,72480,10
12.98134995,80.24259186,72480,72490,10
12.98134041,80.24214172,72490,72500,10
12.98132992,80.24156952,72500,72510,10
12.98132038,80.24091339,72510,72521,11
12.98130989,80.24008942,72521,72531,10
12.98130035,80.23976898,72531,72541,10
12.98128033,80.23956299,72541,72551,10
12.98126984,80.2390213,72551,72561,10
12.98124981,80.23834229,72561,72571,10
12.98124981,80.23796082,72571,72581,10
12.98124027,80.23761749,72581,72591,10
12.98122025,80.23693085,72591,72601,10
12.98120022,80.23609924,72601,72611,10
12.9811697,80.23525238,72611,72621,10
12.9811697,80.23445892,72621,72631,10
12.98134995,80.2338562,72631,72642,11
12.98155975,80.23343658,72642,72652,10
12.98159027,80.23338318,72652,72662,10
12.98173046,80.23310852,72662,72672,10
12.98188972,80.23265839,72672,72682,10
12.98194981,80.23242188,72682,72692,10
12.98194981,80.23220062,72692,72702,10
12.98194027,80.23182678,72702,72712,10
12.98190022,80.23146057,72712,72722,10
12.98180008,80.23107147,72722,72732,10
12.98161983,80.23068237,72732,72742,10
12.98128986,80.2301178,72742,72751,9
12.98103046,80.22972107,72751,72763,12
12.98097992,80.2296524,72763,72773,10
12.98085976,80.22943115,72773,72783,10
12.98073006,80.22921753,72783,72793,10
12.98062038,80.22904205,72793,72803,10
12.9803896,80.22868347,72803,72813,10
12.98025036,80.22836304,72813,72823,10
12.98007965,80.22805023,72823,72833,10
12.97976971,80.2275238,72833,72843,10
12.97939968,80.22691345,72843,72853,10
12.97902966,80.2263031,72853,72863,10
12.97867966,80.22572327,72863,72873,10
12.97834015,80.22515869,72873,72884,11
12.97809029,80.2247467,72884,72894,10
12.97789001,80.22450256,72894,72904,10
12.97766018,80.22412109,72904,72914,10
12.97751045,80.22386932,72914,72924,10
12.97731018,80.22354889,72924,72934,10
12.97698975,80.22302246,72934,72944,10
12.97688961,80.22277069,72944,72954,10
12.97704983,80.22268677,72954,72964,10
12.97710991,80.22267151,72964,72974,10
12.97727966,80.22264099,72974,72984,10
12.9774704,80.22254181,72984,72995,11
12.97745037,80.22206879,72995,73005,10
12.97743034,80.22144318,73005,73015,10
12.97743988,80.22129822,73015,73025,10
12.97754002,80.22120667,73025,73035,10
12.97786045,80.22119904,73035,73045,10
12.97840977,80.22115326,73045,73055,10
12.97908974,80.22109985,73055,73065,10
12.97982025,80.22104645,73065,73075,10
12.98048973,80.22100067,73075,73085,10
12.98091984,80.22099304,73085,73095,10
12.98136997,80.22119904,73095,73105,10
12.98182964,80.22151947,73105,73116,11
12.98225021,80.22171021,73116,73126,10
12.98241043,80.22177124,73126,73136,10
12.98258018,80.2218399,73136,73146,10
12.98285961,80.22193146,73146,73156,10
12.98295975,80.22197723,73156,73166,10
12.98313046,80.2220993,73166,73176,10
12.98338985,80.22228241,73176,73186,10
12.98377991,80.22251129,73186,73196,10
12.98410988,80.22271729,73196,73206,10
12.98433971,80.22284698,73206,73216,10
12.98476028,80.22309875,73216,73226,10
12.98526001,80.2232666,73226,73237,11
12.98563004,80.22303772,73237,73247,10
12.98600006,80.22296143,73247,73257,10
12.98622036,80.22296143,73257,73277,20
12.98622036,80.22296143,73277,73287,10
12.98647022,80.22299194,73287,73297,10
12.98676968,80.2230072,73297,73307,10
12.98692036,80.22303009,73307,73317,10
12.98717976,80.22306061,73317,73327,10
12.98760033,80.22305298,73327,73336,9
12.98801041,80.22286224,73336,73358,22
12.98801041,80.22286224,73358,73368,10
12.98838043,80.22254181,73368,73378,10
12.98859978,80.22234344,73378,73398,20
12.98859978,80.22234344,73398,73408,10
12.98882961,80.22206879,73408,73418,10
12.98892021,80.22196198,73418,73428,10
12.98913956,80.22167969,73428,73438,10
12.98945999,80.22129059,73438,73448,10
12.98989964,80.2207489,73448,73458,10
12.99020004,80.2204895,73458,73469,11
12.99040031,80.2203598,73469,73479,10
12.9910202,80.21988678,73479,73620,141
12.9910202,80.21988678,73620,73630,10
12.9914999,80.2195816,73630,73640,10
12.99205971,80.21920013,73640,73660,20
12.99219036,80.21909332,73660,73680,20
12.99219036,80.21909332,73680,73690,10
12.99240017,80.21891022,73690,73700,10
12.99256992,80.21877289,73700,73711,11
12.99273014,80.21865845,73711,73751,40
12.99335957,80.21816254,73751,73772,21
12.99335957,80.21816254,73772,73782,10
12.99355984,80.21801758,73782,73792,10
12.99357033,80.21801758,73792,73802,10
12.99392033,80.21778107,73802,73843,41
12.99425983,80.21755219,73843,73893,50
12.99425983,80.21755219,73893,73903,10
12.99473953,80.2171936,73903,73913,10
12.99501991,80.21698761,73913,73923,10
12.99555016,80.21671295,73923,73933,10
12.9959898,80.21658325,73933,73954,21
12.9959898,80.21658325,73954,73964,10
12.9965601,80.21647644,73964,73994,30
12.9965601,80.21647644,73994,74004,10
12.99691963,80.21646881,74004,74014,10
12.99722958,80.21627808,74014,74024,10
12.9973402,80.2162323,74024,74034,10
12.99765968,80.21595001,74034,74044,10
12.99812984,80.21549988,74044,74053,9
12.99862003,80.21504211,74053,74065,12
12.99907017,80.21465302,74065,74075,10
12.99946976,80.21433258,74075,74085,10
12.99995995,80.21394348,74085,74095,10
13.00045013,80.21351624,74095,74105,10
13.00102043,80.21304321,74105,74115,10
13.00154018,80.21263885,74115,74125,10
13.00201035,80.21230316,74125,74135,10
13.0025301,80.21209717,74135,74145,10
13.00306988,80.21204376,74145,74155,10
13.00343037,80.21201324,74155,74165,10
13.00360966,80.2118988,74165,74174,9
13.00364017,80.21153259,74174,74186,12
13.00360966,80.21083069,74186,74196,10
13.00352955,80.21019745,74196,74206,10
13.00349998,80.2095871,74206,74216,10
13.00360966,80.208992,74216,74226,10
13.00407028,80.20864868,74226,74236,10
13.00485039,80.20900726,74236,74246,10
13.00559998,80.2093277,74246,74256,10
13.00611019,80.2095108,74256,74266,10
13.00660992,80.20967865,74266,74296,30
13.00660992,80.20967865,74296,74307,11
13.00695992,80.20980835,74307,74317,10
13.00734997,80.20986938,74317,74327,10
13.00782013,80.20992279,74327,74337,10
13.00807953,80.20996094,74337,74347,10
13.00809956,80.20970154,74347,74357,10
13.00796986,80.2090683,74357,74367,10
13.00786018,80.20828247,74367,74377,10
13.00772953,80.20742035,74377,74387,10
13.00759983,80.20655823,74387,74397,10
13.00751019,80.2056427,74397,74407,10
13.00749969,80.20475769,74407,74417,10
13.00745964,80.20394897,74417,74428,11
13.0073204,80.20305634,74428,74438,10
13.00681973,80.20252228,74438,74448,10
13.00650024,80.20307159,74448,74458,10
13.00704002,80.20349884,74458,74468,10
13.00774956,80.20368958,74468,74478,10
13.00858974,80.20368958,74478,74488,10
13.0096302,80.2036438,74488,74498,10
13.01080036,80.20366669,74498,74508,10
13.01202011,80.20381165,74508,74518,10
13.01305008,80.20401764,74518,74528,10
13.01362038,80.20426941,74528,74539,11
13.01366043,80.20433807,74539,74549,10
13.0135498,80.20472717,74549,74559,10
13.0134201,80.2052002,74559,74569,10
13.01327038,80.20575714,74569,74579,10
13.01313972,80.20613098,74579,74589,10
13.01305962,80.20674896,74589,74599,10
13.01303005,80.20713043,74599,74609,10
13.01296043,80.20758057,74609,74619,10
13.01290035,80.20794678,74619,74629,10
13.01288033,80.20848846,74629,74639,10
13.01290989,80.20897675,74639,74649,10
13.01311016,80.20954895,74649,74660,11
13.01315022,80.21012115,74660,74670,10
13.01305008,80.21073914,74670,74680,10
13.01278973,80.21137238,74680,74690,10
13.01247025,80.21195984,74690,74700,10
13.01204014,80.21257019,74700,74710,10
13.01183033,80.21279144,74710,74720,10
13.0115099,80.21259308,74720,74730,10
13.01093006,80.21218109,74730,74740,10
13.01043034,80.21188354,74740,74750,10
13.01012039,80.21154785,74750,74760,10
13.00959969,80.21118927,74760,74891,131
13.00938988,80.21099854,74891,74962,71
13.00938988,80.21099854,74962,74972,10
13.00922012,80.21121216,74972,74982,10
13.00907993,80.21157074,74982,74992,10
13.00912952,80.21204376,74992,75002,10
13.00932026,80.21260071,75002,75012,10
13.0095396,80.21321869,75012,75023,11
13.00984001,80.21391296,75023,75033,10
13.01008034,80.21450043,75033,75043,10
13.01018047,80.2151413,75043,75053,10
13.01035023,80.21588898,75053,75063,10
13.01074982,80.21674347,75063,75073,10
13.01117039,80.21764374,75073,75083,10
13.01154995,80.21862793,75083,75093,10
13.01187992,80.21968842,75093,75103,10
13.01220036,80.22070313,75103,75113,10
13.01237965,80.22145081,75113,75123,10
13.01270008,80.22197723,75123,75134,11
13.01319027,80.22257233,75134,75144,10
13.01364994,80.22309113,75144,75154,10
13.01404953,80.22354126,75154,75164,10
13.01443005,80.22402954,75164,75174,10
13.01488972,80.2245636,75174,75184,10
13.01517963,80.2248764,75184,75194,10
13.01527977,80.22498322,75194,75204,10
13.01543999,80.22527313,75204,75214,10
13.01541042,80.22557831,75214,75224,10
13.01515961,80.22585297,75224,75234,10
13.01478958,80.22601318,75234,75243,9
13.01441002,80.22615814,75243,75255,12
13.01358032,80.22647095,75255,75265,10
13.01278019,80.2268219,75265,75275,10
13.01191998,80.22718048,75275,75285,10
13.0109396,80.22754669,75285,75295,10
13.01010036,80.22788239,75295,75305,10
13.00955009,80.22779083,75305,75315,10
13.00959969,80.22743988,75315,75325,10
13.00981045,80.2269516,75325,75335,10
13.0101099,80.22624969,75335,75345,10
13.0104599,80.22543335,75345,75355,10
13.01074982,80.22470856,75355,75366,11
13.01107025,80.22390747,75366,75376,10
13.01128006,80.22335052,75376,75386,10
13.01101971,80.22306824,75386,75396,10
13.01076031,80.22292328,75396,75406,10
13.01039982,80.22271729,75406,75416,10
13.00994015,80.22248077,75416,75426,10
13.00946045,80.22222137,75426,75436,10
13.00889969,80.22190857,75436,75446,10
13.00823021,80.22158051,75446,75456,10
13.00751019,80.22118378,75456,75466,10
13.00677967,80.22078705,75466,75476,10
13.00599003,80.22057343,75476,75487,11
13.0051899,80.22039795,75487,75497,10
13.00516033,80.22039032,75497,75507,10
13.00483036,80.2203064,75507,75517,10
13.00454998,80.22026062,75517,75527,10
13.00397015,80.22013092,75527,75537,10
13.00341988,80.22000122,75537,75547,10
13.00282001,80.21977997,75547,75557,10
13.00232029,80.21936035,75557,75567,10
13.00201035,80.21901703,75567,75577,10
13.00162029,80.21864319,75577,75587,10
13.0011301,80.21826935,75587,75597,10
13.00065994,80.21794891,75597,75608,11
13.0001297,80.21759796,75608,75618,10
12.99956989,80.21726227,75618,75628,10
12.99901009,80.21697998,75628,75638,10
12.99831963,80.21669006,75638,75648,10
12.99810028,80.21662903,75648,75658,10
12.99781036,80.21658325,75658,75678,20
12.99759007,80.21656036,75678,75698,20
12.99759007,80.21656036,75698,75708,10
12.99732971,80.21656036,75708,75718,10
12.99709988,80.21656036,75718,75729,11
12.99670029,80.21658325,75729,75739,10
12.99615002,80.21672058,75739,75749,10
12.99561024,80.21688843,75749,75759,10
12.99532986,80.21698761,75759,75769,10
12.99518967,80.21705627,75769,75779,10
12.99497032,80.21717834,75779,75789,10
12.9946003,80.21743774,75789,75799,10
12.99415016,80.21775818,75799,75809,10
12.99365997,80.21813202,75809,75819,10
12.99316025,80.2184906,75819,75829,10
12.99265003,80.2188797,75829,75839,10
12.99190998,80.21941376,75839,75850,11
12.99168015,80.21955872,75850,75860,10
12.99143028,80.21968842,75860,75870,10
12.99118996,80.21985626,75870,75880,10
12.99090958,80.22007751,75880,75890,10
12.99083042,80.22013092,75890,75900,10
12.99046993,80.22042847,75900,75910,10
12.98997974,80.22102356,75910,75920,10
12.98935032,80.22174072,75920,75930,10
12.98869038,80.22241211,75930,75940,10
12.98808956,80.22290802,75940,75950,10
12.98770046,80.22309875,75950,75960,10
12.98748016,80.22309875,75960,75971,11
12.98711967,80.2230835,75971,75981,10
12.98682976,80.22303772,75981,75991,10
12.98626995,80.22303772,75991,76001,10
12.98565006,80.22324371,76001,76011,10
12.98530006,80.22335052,76011,76021,10
12.98501968,80.22325897,76021,76031,10
12.98470974,80.22312164,76031,76041,10
12.98433971,80.22289276,76041,76051,10
12.98379993,80.22258759,76051,76082,31
12.98379993,80.22258759,76082,76092,10
12.98346043,80.22232819,76092,76102,10
12.98344994,80.22232056,76102,76112,10
12.98316002,80.22215271,76112,76122,10
12.9829998,80.22206879,76122,76132,10
12.98272991,80.22194672,76132,76142,10
12.98219967,80.22174072,76142,76152,10
12.98167038,80.2213974,76152,76162,10
12.98118019,80.22113037,76162,76172,10
12.9805603,80.22112274,76172,76182,10
12.97980022,80.22116089,76182,76192,10
12.97902966,80.22120667,76192,76203,11
12.97852039,80.22122192,76203,76213,10
12.97805977,80.22122955,76213,76223,10
12.97743034,80.22126007,76223,76233,10
12.97671986,80.22128296,76233,76273,40
12.97671986,80.22128296,76273,76283,10
12.97636986,80.22109985,76283,76334,51
12.97636986,80.22109985,76334,76344,10
12.97607994,80.22129822,76344,76354,10
12.97618008,80.22158051,76354,76374,20
12.97618008,80.22158051,76374,76384,10
12.97630978,80.22177887,76384,76394,10
12.97638988,80.22196198,76394,76404,10
12.97661018,80.22234344,76404,76414,10
12.97694016,80.22283936,76414,76424,10
12.97731018,80.22342682,76424,76433,9
12.9777298,80.22411346,76433,76445,12
12.97819042,80.224823,76445,76455,10
12.97858047,80.22543335,76455,76465,10
12.97883034,80.22585297,76465,76475,10
12.97908974,80.2263031,76475,76485,10
12.97941017,80.22682953,76485,76495,10
12.9796896,80.22728729,76495,76505,10
12.97999001,80.2277832,76505,76515,10
12.98034954,80.22839355,76515,76525,10
12.98069954,80.22899628,76525,76535,10
12.9809103,80.22937012,76535,76545,10
12.98120022,80.22984314,76545,76556,11
12.98155022,80.23032379,76556,76566,10
12.98159981,80.23039246,76566,76576,10
12.98182011,80.23081207,76576,76586,10
12.98202038,80.23145294,76586,76596,10
12.98204994,80.23213959,76596,76606,10
12.9819603,80.23269653,76606,76616,10
12.98176956,80.23323059,76616,76626,10
12.98165989,80.23342133,76626,76636,10
12.98165989,80.23342133,76636,76646,10
12.98147011,80.23381042,76646,76656,10
12.98122978,80.23446655,76656,76677,21
12.98124981,80.23625946,76677,76687,10
12.98126984,80.23708344,76687,76697,10
12.98128033,80.23784637,76697,76707,10
12.98128986,80.23840332,76707,76717,10
12.98130035,80.23841095,76717,76727,10
12.98130035,80.23854065,76727,76737,10
12.98130989,80.23903656,76737,76747,10
12.98132038,80.23954773,76747,76757,10
12.98134041,80.24012756,76757,76767,10
12.98134041,80.24086761,76767,76777,10
12.98136044,80.24163818,76777,76786,9
12.98136997,80.24220276,76786,76798,12
12.98139,80.24259949,76798,76808,10
12.98139954,80.24263763,76808,76818,10
12.98139,80.24289703,76818,76828,10
12.98138046,80.24342346,76828,76838,10
12.98128986,80.24423218,76838,76848,10
12.98116016,80.24530792,76848,76858,10
12.98101997,80.24648285,76858,76868,10
12.9809103,80.24765015,76868,76877,9
12.98083973,80.24868011,76877,76888,11
12.98071957,80.24973297,76888,76898,10
12.98052025,80.25060272,76898,76908,10
12.9802599,80.25160217,76908,76919,11
12.98011971,80.25219727,76919,76929,10
12.98011971,80.25222015,76929,76939,10
12.98009014,80.25235748,76939,76949,10
12.9802599,80.25258636,76949,76959,10
12.98077965,80.25263977,76959,76969,10
12.98163033,80.25261688,76969,76979,10
12.98272038,80.25257874,76979,76989,10
12.98390007,80.25241089,76989,76999,10
12.98501968,80.25212097,76999,77009,10
12.98591995,80.25187683,77009,77019,10
12.98628044,80.25179291,77019,77029,10
12.9863596,80.25177002,77029,77040,11
12.98680019,80.25166321,77040,77050,10
12.98698044,80.2516098,77050,77060,10
12.98717022,80.25154877,77060,77070,10
12.9874897,80.25144958,77070,77080,10
12.98783016,80.25144958,77080,77090,10
12.98797989,80.25190735,77090,77100,10
12.98797989,80.25270844,77100,77110,10
12.98791027,80.25348663,77110,77120,10
12.9878397,80.25424194,77120,77130,10
12.98783016,80.25485229,77130,77191,61
12.98783016,80.25485229,77191,77201,10
12.98779964,80.25511169,77201,77211,10
12.98777008,80.25534821,77211,77221,10
12.98775959,80.25559235,77221,77231,10
12.98775005,80.25578308,77231,77241,10
12.98820972,80.25585938,77241,77251,10
12.98861027,80.25589752,77251,77260,9
12.9889698,80.25592804,77260,77272,12
12.98980999,80.25595856,77272,77282,10
12.99042988,80.25595856,77282,77292,10
12.9910202,80.25598907,77292,77302,10
12.99174976,80.25601196,77302,77312,10
12.99248981,80.25598145,77312,77322,10
12.99324989,80.25596619,77322,77332,10
12.99394989,80.25592041,77332,77342,10
12.99466038,80.255867,77342,77352,10
12.99540997,80.25583649,77352,77362,10
12.99637032,80.255867,77362,77393,31
12.99637032,80.255867,77393,77403,10
12.99664021,80.25589752,77403,77413,10
12.99695015,80.25591278,77413,77423,10
12.99744034,80.25592041,77423,77443,20
12.99744034,80.25592041,77443,77453,10
12.99763966,80.25601959,77453,77463,10
12.99765968,80.25618744,77463,77473,10
12.99761009,80.25665283,77473,78340,867
12.99761009,80.25665283,78340,78351,11
12.99765015,80.25707245,78351,78361,10
12.9980402,80.25700378,78361,78371,10
12.99802017,80.25657654,78371,78381,10
12.9978199,80.25678253,78381,79561,1180
12.9978199,80.25678253,79561,79571,10
12.9975996,80.25700378,79571,79672,101
12.9975996,80.25700378,79672,79682,10
12.99761963,80.25698853,79682,79692,10
12.99787998,80.25711823,79692,79702,10
12.99827957,80.25708771,79702,79712,10
12.9982996,80.25666046,79712,79722,10
12.99806023,80.25636292,79722,80831,1109
12.99798965,80.25639343,80831,80861,30
12.99798965,80.25639343,80861,80872,11
12.99796009,80.25678253,80872,80882,10
12.99802017,80.25710297,80882,80892,10
12.9982996,80.25705719,80892,80902,10
