13.01408958,80.22530365,14,4851,4837
13.01408958,80.22551727,4851,5752,901
13.01408005,80.22538757,5752,6914,1162
13.01395988,80.2253418,6914,7674,760
13.01418972,80.22540283,7674,8017,343
13.01418972,80.22535706,8017,8565,548
13.01414013,80.22537994,8565,9679,1114
13.0142498,80.2254715,9679,10469,790
13.01410007,80.22532654,10469,20017,9548
13.01410007,80.22544098,20017,20250,233
13.01416016,80.22537231,20250,21687,1437
13.01401997,80.22550201,21687,21940,253
13.01403999,80.22541809,21940,22556,616
13.01403999,80.22541809,22556,22566,10
13.01408958,80.22559357,22566,22576,10
13.0141201,80.22585297,22576,22587,11
13.01418018,80.22615814,22587,22597,10
13.01395988,80.22633362,22597,22607,10
13.01338959,80.22657013,22607,22617,10
13.01263046,80.22686005,22617,22627,10
13.0117197,80.227211,22627,22637,10
13.01076984,80.22757721,22637,22647,10
13.00996971,80.2279129,22647,22657,10
13.00955963,80.22754669,22657,22666,9
13.00986004,80.22691345,22666,22677,11
13.01035976,80.22583008,22677,22688,11
13.01084042,80.22471619,22688,22698,10
13.01124001,80.22367096,22698,22708,10
13.01156998,80.22286987,22708,22718,10
13.01189995,80.22193909,22718,22728,10
13.01212025,80.22086334,22728,22738,10
13.01177025,80.21977234,22738,22748,10
13.01140022,80.2186203,22748,22758,10
13.01099968,80.21753693,22758,22768,10
13.01064014,80.21671295,22768,22778,10
13.01023006,80.21600342,22778,22789,11
13.00984001,80.21518707,22789,22799,10
13.00934029,80.21450806,22799,22809,10
13.00876999,80.21376038,22809,22819,10
13.00835991,80.21340179,22819,22849,30
13.00835991,80.21340179,22849,22859,10
13.00821972,80.21334076,22859,22869,10
13.00811958,80.21327209,22869,22879,10
13.00798035,80.21322632,22879,22889,10
13.00774002,80.21302032,22889,22899,10
13.0072298,80.21279907,22899,22911,12
13.00634003,80.21278381,22911,22919,8
13.00576019,80.21295166,22919,22931,12
13.00479031,80.21234894,22931,22940,9
13.00384998,80.21205139,22940,22951,11
13.00294971,80.21208191,22951,22961,10
13.00226974,80.21224976,22961,22970,9
13.00199986,80.21240997,22970,22982,12
13.0012598,80.2129364,22982,22992,10
13.00055981,80.21356964,22992,23002,10
12.99989986,80.21417999,23002,23012,10
12.99940968,80.21459961,23012,23022,10
12.9990797,80.21486664,23022,23032,10
12.99855995,80.21526337,23032,23042,10
12.99777985,80.21591949,23042,23052,10
12.99732971,80.21640778,23052,23062,10
12.99683952,80.21650696,23062,23070,8
12.99625015,80.21658325,23070,23083,13
12.99520969,80.21697235,23083,23093,10
12.99458981,80.2173996,23093,23103,10
12.99394989,80.21788025,23103,23113,10
12.99314976,80.21842957,23113,23123,10
12.99232006,80.2190094,23123,23133,10
12.99143028,80.21967316,23133,23143,10
12.99088955,80.22010803,23143,23153,10
12.99048996,80.22042084,23153,23163,10
12.98987961,80.22097778,23163,23173,10
12.98927975,80.22174072,23173,23184,11
12.98857975,80.22252655,23184,23194,10
12.98785019,80.22306824,23194,23204,10
12.98756027,80.22309875,23204,23214,10
12.98709965,80.22305298,23214,23224,10
12.98655987,80.22296143,23224,23234,10
12.98587036,80.22299957,23234,23243,9
12.98548985,80.22325897,23243,23254,11
12.98495007,80.2231369,23254,23264,10
12.98431015,80.22279358,23264,23275,11
12.98353004,80.22235107,23275,23285,10
12.98324966,80.22216034,23285,23295,10
12.98314953,80.2220993,23295,23305,10
12.98276043,80.22190857,23305,23315,10
12.98235035,80.22180176,23315,23325,10
12.98192978,80.22155762,23325,23335,10
12.98124027,80.221138,23335,23345,10
12.98040962,80.22107697,23345,23355,10
12.97957993,80.22113037,23355,23365,10
12.97867966,80.22118378,23365,23376,11
12.97770023,80.22119141,23376,23386,10
12.97706985,80.22119904,23386,23396,10
12.97632027,80.22120667,23396,23406,10
12.97626019,80.22155762,23406,23416,10
12.97634983,80.22167969,23416,23426,10
12.97640038,80.22180176,23426,23436,10
12.97663021,80.22225189,23436,23446,10
12.97704029,80.22293091,23446,23456,10
12.97752953,80.22371674,23456,23466,10
12.97809029,80.22460938,23466,23477,11
12.97861004,80.22550201,23477,23487,10
12.97910023,80.22627258,23487,23497,10
12.97953033,80.2269516,23497,23507,10
12.9800396,80.22775269,23507,23517,10
12.98050976,80.22856903,23517,23527,10
12.98077965,80.2290802,23527,23537,10
12.9808197,80.22917938,23537,23547,10
12.98091984,80.2293396,23547,23557,10
12.98120975,80.2297821,23557,23567,10
12.98165035,80.23040009,23567,23578,11
12.98176956,80.23061371,23578,23588,10
12.98196983,80.23117065,23588,23598,10
12.98208046,80.23206329,23598,23608,10
12.98192978,80.23287964,23608,23618,10
12.98155975,80.23370361,23618,23628,10
12.98124981,80.23461914,23628,23638,10
12.9812603,80.23570251,23638,23648,10
12.98130989,80.23686981,23648,23658,10
12.98134041,80.23793793,23658,23668,10
12.98136997,80.23861694,23668,23679,11
12.98136044,80.23914337,23679,23689,10
12.98138046,80.23992157,23689,23699,10
12.98139,80.24085236,23699,23709,10
12.98139954,80.24256134,23709,23729,20
12.98139954,80.24256134,23729,23739,10
12.98139954,80.24281311,23739,23749,10
12.98139954,80.24337769,23749,23759,10
12.98128033,80.24421692,23759,23770,11
12.98112965,80.2453537,23770,23780,10
12.98099995,80.24649811,23780,23790,10
12.98089027,80.24772644,23790,23800,10
12.98081017,80.24902344,23800,23810,10
12.98060036,80.25032043,23810,23820,10
12.98029041,80.25151825,23820,23830,10
12.98011971,80.25215149,23830,23841,11
12.98017979,80.25248718,23841,23851,10
12.98050976,80.25263977,23851,23860,9
12.98110008,80.25263214,23860,23872,12
12.98225021,80.25260162,23872,23882,10
12.98340988,80.25250244,23882,23892,10
12.98464012,80.25221252,23892,23902,10
12.98585987,80.25187683,23902,23911,9
12.98684978,80.2516098,23911,23921,10
12.98756981,80.25138855,23921,23973,52
12.98756981,80.25138855,23973,23983,10
12.98789024,80.2514801,23983,23993,10
12.98801041,80.25202942,23993,24003,10
12.98797035,80.25286102,24003,24013,10
12.98791981,80.25366211,24013,24023,10
12.98785973,80.25450134,24023,24033,10
12.98773956,80.25553131,24033,24053,20
12.98768997,80.2556076,24053,24074,21
12.98768997,80.2556076,24074,24084,10
12.98762989,80.25605011,24084,24094,10
12.98756027,80.25679779,24094,24104,10
12.98750019,80.25762939,24104,24114,10
12.98746967,80.25836945,24114,24124,10
12.98738003,80.25894165,24124,24134,10
12.98727036,80.2594223,24134,24144,10
12.9872303,80.259552,24144,24154,10
12.98717976,80.25959778,24154,24164,10
12.98688984,80.25956726,24164,24974,810
12.98688984,80.25956726,24974,24984,10
12.98680019,80.2594986,24984,24994,10
12.9865799,80.25937653,24994,25004,10
12.98666954,80.2591095,25004,25024,20
12.98666954,80.2591095,25024,25034,10
12.9868803,80.25910187,25034,25054,20
12.9868803,80.25910187,25054,25065,11
12.98703003,80.2591095,25065,25075,10
12.98721027,80.2591095,25075,25085,10
12.98735046,80.2589035,25085,25095,10
12.98738956,80.25837708,25095,25105,10
12.98744011,80.25772858,25105,25115,10
12.98754025,80.25689697,25115,25125,10
12.98760033,80.2559433,25125,25176,51
12.98760033,80.2559433,25176,25186,10
12.9875803,80.25582123,25186,25196,10
12.98771954,80.25540924,25196,25206,10
12.98779011,80.25454712,25206,25216,10
12.98787022,80.25348663,25216,25226,10
12.98797035,80.25231171,25226,25236,10
12.98771954,80.25160217,25236,25246,10
12.98721981,80.25164032,25246,25256,10
12.98651028,80.25177002,25256,25267,11
12.98542023,80.25202942,25267,25277,10
12.98425961,80.25234222,25277,25287,10
12.98301983,80.25263214,25287,25297,10
12.98174953,80.25266266,25297,25307,10
12.98052025,80.25270081,25307,25317,10
12.97992992,80.25267792,25317,25327,10
12.97988987,80.25237274,25327,25337,10
12.9799099,80.25228119,25337,25347,10
12.9800396,80.25183868,25347,25357,10
12.98029995,80.25102234,25357,25368,11
12.98054981,80.25003815,25368,25378,10
12.98071957,80.24900818,25378,25388,10
12.9808197,80.24777985,25388,25398,10
12.98093987,80.24642181,25398,25408,10
12.98110962,80.24501038,25408,25418,10
12.98118973,80.24388123,25418,25428,10
12.98130989,80.24359131,25428,25438,10
12.98136044,80.24311829,25438,25448,10
12.98136997,80.24278259,25448,25458,10
12.98141956,80.24241638,25458,25469,11
12.98139,80.24157715,25469,25479,10
12.98139,80.2405777,25479,25489,10
12.98136997,80.23957062,25489,25499,10
12.98134041,80.2387619,25499,25509,10
12.98132038,80.23805237,25509,25519,10
12.98130989,80.23782349,25519,25529,10
12.98128986,80.23724365,25529,25539,10
12.98126984,80.2363205,25539,25549,10
12.98124981,80.23526764,25549,25558,9
12.9812603,80.23426819,25558,25570,12
12.98167992,80.23323822,25570,25580,10
12.98180962,80.23297882,25580,25590,10
12.98200989,80.23233032,25590,25600,10
12.98200035,80.23171234,25600,25610,10
12.98190022,80.2310791,25610,25620,10
12.98163986,80.23049164,25620,25630,10
12.98118019,80.2297287,25630,25640,10
12.98089981,80.22930908,25640,25650,10
12.98075962,80.22908783,25650,25661,11
12.98048019,80.22859192,25661,25671,10
12.98036003,80.22833252,25671,25681,10
12.98009968,80.22789001,25681,25691,10
12.97964001,80.22714996,25691,25701,10
12.97910023,80.22624969,25701,25711,10
12.97856045,80.22534943,25711,25721,10
12.97811985,80.22463989,25721,25731,10
12.97778034,80.22415924,25731,25741,10
12.97741985,80.22357941,25741,25751,10
12.97704983,80.22293854,25751,25763,12
12.97721004,80.22267151,25763,25773,10
12.97752953,80.22248077,25773,25783,10
12.97751999,80.22190094,25783,25793,10
12.97747993,80.22131348,25793,25801,8
12.97719002,80.22126007,25801,25811,10
12.97657013,80.22126007,25811,25884,73
12.97657013,80.22126007,25884,25894,10
12.97640038,80.22109222,25894,26207,313
12.97640038,80.22109222,26207,26217,10
12.97624969,80.22104645,26217,26227,10
12.97609997,80.22115326,26227,26237,10
12.9763298,80.22167206,26237,26256,19
12.9763298,80.22167206,26256,26268,12
12.97642994,80.22193909,26268,26278,10
12.97665024,80.22234344,26278,26288,10
12.97704029,80.22293854,26288,26298,10
12.97747993,80.22364807,26298,26308,10
12.97786999,80.22427368,26308,26318,10
12.97836018,80.2250824,26318,26328,10
12.97889996,80.22595215,26328,26338,10
12.97933006,80.22666931,26338,26348,10
12.9796896,80.22722626,26348,26358,10
12.9801302,80.22795868,26358,26369,11
12.98069954,80.22894287,26369,26379,10
12.9811697,80.22969818,26379,26389,10
12.98169041,80.23045349,26389,26399,10
12.98198986,80.23119354,26399,26409,10
12.98208046,80.23217773,26409,26418,9
12.98182964,80.23314667,26418,26430,12
12.98141003,80.23400879,26430,26440,10
12.98124027,80.23484039,26440,26450,10
12.98122978,80.23574829,26450,26461,11
12.98128033,80.23677826,26461,26471,10
12.98130035,80.23777771,26471,26481,10
12.98134041,80.23867035,26481,26491,10
12.98132992,80.23882294,26491,26501,10
12.98134041,80.23943329,26501,26511,10
12.98136044,80.24030304,26511,26521,10
12.98136997,80.2412796,26521,26531,10
12.98138046,80.24230194,26531,26541,10
12.98139,80.24298096,26541,26551,10
12.98136044,80.24368286,26551,26562,11
12.98122978,80.24469757,26562,26572,10
12.98110008,80.24581909,26572,26582,10
12.98097992,80.24707031,26582,26592,10
12.98087978,80.24839783,26592,26602,10
12.98073006,80.24976349,26602,26612,10
12.98042011,80.25105286,26612,26622,10
12.98021984,80.25193024,26622,26633,11
12.98015022,80.25225067,26633,26643,10
12.98015022,80.25244141,26643,26653,10
12.98048973,80.25263214,26653,26662,9
12.98114967,80.25260925,26662,26672,10
12.98215008,80.25258636,26672,26684,12
12.98357964,80.25245667,26684,26693,9
12.98468971,80.25216675,26693,26704,11
12.98591042,80.25183868,26704,26713,9
12.98694992,80.25157928,26713,26723,10
12.98785973,80.25147247,26723,26733,10
12.98803043,80.25209808,26733,26743,10
12.98797989,80.25302887,26743,26753,10
12.98789024,80.25414276,26753,26765,12
12.98777008,80.25531006,26765,26823,58
12.98777008,80.25531006,26823,26835,12
12.98768997,80.25546265,26835,26845,10
12.98768044,80.25570679,26845,26853,8
12.98762035,80.2559967,26853,26866,13
12.98756981,80.25662231,26866,26876,10
12.98752975,80.2572403,26876,26886,10
12.98748016,80.2580719,26886,26896,10
12.98744011,80.25842285,26896,26906,10
12.98740959,80.25878143,26906,26916,10
12.98729992,80.25924683,26916,26936,20
12.98729992,80.25924683,26936,26946,10
12.98727036,80.25943756,26946,26977,31
12.98727036,80.25943756,26977,26987,10
12.98690987,80.25952148,26987,26997,10
12.98674965,80.25952148,26997,27007,10
12.98666,80.2594223,27007,27017,10
12.98670006,80.2591095,27017,27047,30
12.98670006,80.2591095,27047,27057,10
12.98682022,80.25907135,27057,27068,11
12.98696041,80.25907898,27068,27078,10
12.98707962,80.25907135,27078,27300,222
12.98735046,80.2591629,27300,27502,202
12.98735046,80.2591629,27502,27512,10
12.98746967,80.25894928,27512,27522,10
12.98746967,80.25868225,27522,27532,10
12.98748016,80.25816345,27532,27542,10
12.98750019,80.25778198,27542,27552,10
12.98754025,80.25717163,27552,27564,12
12.98760033,80.2562027,27564,27574,10
12.98764992,80.2557373,27574,27582,8
12.98773956,80.25541687,27582,27594,12
12.98775005,80.25505829,27594,27604,10
12.98775005,80.25491333,27604,27612,8
12.98775959,80.25483704,27612,27624,12
12.9878397,80.25424957,27624,27634,10
12.98789978,80.25344086,27634,27644,10
12.98797989,80.25243378,27644,27653,9
12.98781967,80.25176239,27653,27665,12
12.98771954,80.25167847,27665,27675,10
12.98729992,80.25166321,27675,27685,10
12.98645973,80.25182343,27685,27695,10
12.98536015,80.25205231,27695,27703,8
12.98435974,80.25232697,27703,27713,10
12.9829998,80.25263214,27713,27724,11
12.98141956,80.25269318,27724,27734,10
12.98027039,80.25272369,27734,27746,12
12.97988033,80.25260162,27746,27756,10
12.97988033,80.25234985,27756,27767,11
12.97992039,80.25219727,27767,27777,10
12.98001003,80.25193787,27777,27787,10
12.98023033,80.25137329,27787,27797,10
12.98042011,80.25074005,27797,27807,10
12.98058033,80.25012207,27807,27817,10
12.98073959,80.24919128,27817,27827,10
12.98081017,80.24807739,27827,27837,10
12.98089027,80.24684906,27837,27847,10
12.98104954,80.24550629,27847,27857,10
12.98118019,80.24421692,27857,27868,11
12.98130989,80.24358368,27868,27878,10
12.98134995,80.2431488,27878,27888,10
12.98134995,80.24301147,27888,27898,10
12.98136997,80.24279022,27898,27908,10
12.98138046,80.24228668,27908,27918,10
12.98136997,80.24141693,27918,27928,10
12.98136044,80.24035645,27928,27938,10
12.98134041,80.23941803,27938,27948,10
12.98128986,80.23818207,27948,27969,21
12.98128986,80.23818207,27969,27979,10
12.98128986,80.23796082,27979,27989,10
12.98126984,80.23764801,27989,27999,10
12.98124981,80.23706055,27999,28009,10
12.98122978,80.23613739,28009,28019,10
12.98120022,80.23519897,28019,28029,10
12.98122025,80.23430634,28029,28039,10
12.98149014,80.23362732,28039,28049,10
12.9816103,80.23339081,28049,28058,9
12.98169041,80.23323822,28058,28070,12
12.98192024,80.23271942,28070,28080,10
12.98200035,80.23217773,28080,28090,10
12.98198986,80.23162842,28090,28100,10
12.98190022,80.23110962,28100,28110,10
12.98176003,80.23079681,28110,28120,10
12.98143959,80.23023987,28120,28130,10
12.98106956,80.22966003,28130,28140,10
12.98093033,80.22943878,28140,28149,9
12.98066044,80.22902679,28149,28171,22
12.98066044,80.22902679,28171,28181,10
12.98060989,80.22898102,28181,28191,10
12.98042011,80.2286377,28191,28201,10
12.98013973,80.22807312,28201,28211,10
12.97972965,80.22737122,28211,28221,10
12.97931957,80.22669983,28221,28231,10
12.97893047,80.22605896,28231,28241,10
12.97854996,80.22540283,28241,28251,10
12.97819042,80.224823,28251,28262,11
12.97801971,80.22457886,28262,28272,10
12.97774029,80.22415924,28272,28282,10
12.97743034,80.22366333,28282,28292,10
12.97706985,80.22306824,28292,28302,10
12.97700024,80.22271729,28302,28312,10
12.97741985,80.22267914,28312,28322,10
12.97751999,80.22226715,28322,28332,10
12.97751045,80.22158051,28332,28342,10
12.97749996,80.22128296,28342,28352,10
12.97766972,80.22120667,28352,28363,11
12.97836018,80.22119904,28363,28373,10
12.97926998,80.22112274,28373,28383,10
12.98019028,80.22104645,28383,28393,10
12.98106956,80.22103119,28393,28403,10
12.98169041,80.22135925,28403,28413,10
12.98227978,80.22174072,28413,28423,10
12.98297024,80.2219696,28423,28433,10
12.98305035,80.22200775,28433,28444,11
12.98342037,80.22228241,28444,28453,9
12.9839201,80.22257996,28453,28465,12
12.98478985,80.22309875,28465,28473,8
12.98542023,80.22328949,28473,28485,12
12.98614025,80.22296143,28485,28495,10
12.9865799,80.22296143,28495,28504,9
12.98680019,80.22299194,28504,28515,11
12.98733044,80.22306824,28515,28524,9
12.98793983,80.22296143,28524,28534,10
12.98855019,80.22248077,28534,28545,11
12.98917007,80.22176361,28545,28555,10
12.98980999,80.22091675,28555,28564,9
12.99040031,80.2203598,28564,28574,10
12.99046993,80.22032166,28574,28584,10
12.99063015,80.22022247,28584,28594,10
12.99102974,80.21990204,28594,28604,10
12.99166965,80.21942139,28604,28614,10
12.99246025,80.21884918,28614,28624,10
12.99337006,80.21819305,28624,28636,12
12.99438,80.21746826,28636,28644,8
12.99495983,80.21704102,28644,28654,10
12.99577045,80.21665955,28654,28667,13
12.9966898,80.2164917,28667,28677,10
12.99705029,80.21646118,28677,28687,10
12.99752998,80.21607971,28687,28707,20
12.99752998,80.21607971,28707,28717,10
12.99771976,80.21591187,28717,28727,10
12.99814034,80.21553802,28727,28737,10
12.99876022,80.21501923,28737,28747,10
12.99886036,80.21492004,28747,28758,11
12.99895954,80.21484375,28758,28768,10
12.99923038,80.21459198,28768,28778,10
12.99973011,80.21421814,28778,28788,10
13.00018978,80.21381378,28788,28798,10
13.00072002,80.21333313,28798,28808,10
13.00137043,80.21286011,28808,28818,10
13.00209999,80.21234131,28818,28828,10
13.00280952,80.21208191,28828,28838,10
13.00358009,80.2120285,28838,28848,10
13.00421047,80.21211243,28848,28858,10
13.00489044,80.21248627,28858,28869,11
13.00586033,80.21295166,28869,28879,10
13.00664043,80.21273041,28879,28889,10
13.00743008,80.21279144,28889,28899,10
13.00782967,80.21299744,28899,28909,10
13.00784016,80.21299744,28909,28919,10
13.00792027,80.21307373,28919,28929,10
13.00829029,80.21330261,28929,28939,10
13.0088501,80.21379089,28939,28949,10
13.00946999,80.21463776,28949,28960,11
13.01008034,80.21549988,28960,28970,10
13.01064014,80.21630096,28970,28980,10
13.0110302,80.21726227,28980,28990,10
13.01150036,80.21845245,28990,29000,10
13.01198006,80.21977234,29000,29009,9
13.01235008,80.22087097,29009,29021,12
13.01292992,80.22190857,29021,29031,10
13.01360035,80.22274017,29031,29041,10
13.01420975,80.22357178,29041,29051,10
13.01459026,80.22418976,29051,29062,11
13.01527977,80.22486115,29062,29072,10
13.01556015,80.22501373,29072,29082,10
13.01566029,80.22511292,29082,29092,10
13.01613045,80.22535706,29092,29102,10
13.01706028,80.22512817,29102,29112,10
13.01813984,80.2246933,29112,29122,10
13.01922035,80.22438049,29122,29132,10
13.02009964,80.22476196,29132,29142,10
13.02068996,80.22516632,29142,29152,10
13.02122021,80.22559357,29152,29163,11
13.02194023,80.22609711,29163,29173,10
13.02208996,80.22619629,29173,29183,10
13.0222702,80.22638702,29183,29193,10
13.02283001,80.22688293,29193,29203,10
13.02350044,80.22750854,29203,29213,10
13.02381992,80.22781372,29213,29223,10
13.02431011,80.22833252,29223,29233,10
13.0247097,80.22888947,29233,29243,10
13.02503014,80.22934723,29243,29253,10
13.02554035,80.23002625,29253,29264,11
13.02602005,80.23097992,29264,29274,10
13.0261898,80.23136139,29274,29284,10
13.02674961,80.2312088,29284,29295,11
13.02779961,80.23097992,29295,29304,9
13.02857971,80.23088074,29304,29314,10
13.02879047,80.23085785,29314,29325,11
13.02937031,80.2308197,29325,29334,9
13.02974987,80.23078918,29334,29344,10
13.03050995,80.23072052,29344,29354,10
13.03085995,80.23069,29354,29366,12
13.03162003,80.23065186,29366,29375,9
13.03252029,80.2305603,29375,29385,10
13.03351974,80.23049927,29385,29395,10
13.03439045,80.2303772,29395,29415,20
13.03439045,80.2303772,29415,29425,10
13.03474998,80.2303009,29425,29477,52
13.03474998,80.2303009,29477,29487,10
13.03464031,80.2300415,29487,29598,111
13.03427982,80.23008728,29598,30174,576
13.03427982,80.23008728,30174,30184,10
13.03427982,80.22995758,30184,30244,60
13.0342598,80.23008728,30244,30408,164
13.03423023,80.2299118,30408,30560,152
13.03421974,80.2301178,30560,30692,132
13.03419018,80.22998047,30692,30783,91
13.03419971,80.23007202,30783,31106,323
13.03413963,80.23034668,31106,31136,30
13.03413963,80.23034668,31136,31146,10
13.03396034,80.23043823,31146,31156,10
13.03353977,80.23046112,31156,31165,9
13.0329504,80.23049927,31165,31178,13
13.03188038,80.23062134,31178,31188,10
13.03108978,80.23072815,31188,31198,10
13.03038025,80.23079681,31198,31208,10
13.02993011,80.23085022,31208,31218,10
13.02980995,80.23088074,31218,31228,10
13.02933025,80.23091125,31228,31238,10
13.02787971,80.23271179,31238,31278,40
13.02723026,80.23291779,31278,31313,35
13.0261898,80.23230743,31313,31343,30
13.02530003,80.22995758,31343,31373,30
13.0248003,80.2293396,31373,31403,30
13.0241003,80.2283783,31403,31436,33
13.0241003,80.2283783,31436,31455,19
13.02346039,80.22766113,31455,31464,9
13.02307987,80.22743225,31464,31487,23
13.02307987,80.22743225,31487,31497,10
13.02272034,80.2270813,31497,31507,10
13.02270031,80.22704315,31507,31517,10
13.02262974,80.2269516,31517,31527,10
13.02241039,80.22669983,31527,31537,10
13.02190018,80.22625732,31537,31547,10
13.02114964,80.22567749,31547,31557,10
13.02031994,80.22509766,31557,31567,10
13.01933956,80.22451782,31567,31577,10
13.01815033,80.22476196,31577,31588,11
13.01683998,80.22528076,31588,31598,10
13.01611996,80.22556305,31598,31608,10
13.01552963,80.22579193,31608,31618,10
13.01486969,80.22605896,31618,31628,10
13.01445961,80.22625732,31628,31638,10
13.01432991,80.2263031,31638,31648,10
13.01397991,80.22640228,31648,31658,10
13.01327038,80.22663879,31658,31668,10
13.01233959,80.22699738,31668,31678,10
13.01130009,80.22740173,31678,31689,11
13.01008034,80.22789001,31689,31699,10
13.00951004,80.22763062,31699,31709,10
13.00981045,80.2269516,31709,31719,10
13.01019955,80.22614288,31719,31729,10
13.01062012,80.22519684,31729,31739,10
13.01105976,80.22412109,31739,31749,10
13.01132011,80.2234726,31749,31769,20
13.01132011,80.2234726,31769,31779,10
13.01142025,80.22315216,31779,31790,11
13.0117197,80.22238159,31790,31800,10
13.01200008,80.22151947,31800,31810,10
13.01206017,80.22074127,31810,31820,10
13.01175976,80.21977997,31820,31830,10
13.01142979,80.21871948,31830,31840,10
13.01105976,80.21769714,31840,31850,10
13.01066017,80.21684265,31850,31860,10
13.01025009,80.21607971,31860,31870,10
13.00992012,80.21536255,31870,31881,11
13.00946999,80.21469116,31881,31891,10
13.00899982,80.2141037,31891,31901,10
13.00856972,80.21356201,31901,31911,10
13.00829983,80.21338654,31911,31941,30
13.00813961,80.21330261,31941,31992,51
13.00813961,80.21330261,31992,32002,10
13.00784969,80.21312714,32002,32012,10
13.00755024,80.21289825,32012,32022,10
13.00714016,80.21278381,32022,32032,10
13.00669003,80.2127533,32032,32042,10
13.00621986,80.21289825,32042,32052,10
13.00568008,80.2129364,32052,32062,10
13.00504971,80.2125473,32062,32072,10
13.00434017,80.21218872,32072,32083,11
13.00349998,80.21212006,32083,32093,10
13.00300026,80.21214294,32093,32103,10
13.00244999,80.21224976,32103,32113,10
13.00199986,80.21246338,32113,32123,10
13.00162983,80.21266937,32123,32133,10
13.00111961,80.21307373,32133,32143,10
13.00051975,80.21360016,32143,32152,9
12.99989986,80.21418762,32152,32163,11
12.99932957,80.21466064,32163,32173,10
12.99903965,80.21492767,32173,32184,11
12.99849033,80.21539307,32184,32194,10
12.99777031,80.21601868,32194,32204,10
12.99755955,80.21623993,32204,32214,10
12.99730968,80.2164917,32214,32224,10
12.9968996,80.21655273,32224,32234,10
12.99617004,80.21671295,32234,32244,10
12.99520969,80.21701813,32244,32254,10
12.99456024,80.21743011,32254,32264,10
12.99400043,80.21781921,32264,32274,10
12.99337006,80.21826935,32274,32284,10
12.99269009,80.21874237,32284,32294,10
12.99209976,80.21911621,32294,32304,10
12.99153042,80.21955109,32304,32314,10
12.99098015,80.21999359,32314,32325,11
12.99085999,80.2201004,32325,32334,9
12.99057961,80.22032166,32334,32345,11
12.98993015,80.2208786,32345,32355,10
12.9895401,80.22138214,32355,32365,10
12.98921013,80.22171021,32365,32376,11
12.98890018,80.22206879,32376,32385,9
12.98849964,80.22247314,32385,32395,10
12.98781967,80.22299957,32395,32405,10
12.98766041,80.22306824,32405,32415,10
12.98721981,80.22305298,32415,32425,10
12.98663998,80.2229538,32425,32435,10
12.98583984,80.22299957,32435,32445,10
12.98536015,80.22329712,32445,32455,10
12.98478031,80.22310638,32455,32465,10
12.98419952,80.22277832,32465,32475,10
12.98381996,80.22252655,32475,32488,13
12.98363972,80.22245026,32488,32498,10
12.98353958,80.22238922,32498,32508,10
12.98328972,80.22223663,32508,32528,20
12.98328972,80.22223663,32528,32538,10
12.98297024,80.22209167,32538,32548,10
12.98272038,80.22193909,32548,32558,10
12.98235035,80.22180939,32558,32568,10
12.98178959,80.22147369,32568,32578,10
12.98110008,80.22109985,32578,32589,11
12.98048019,80.22106934,32589,32599,10
12.97984028,80.221138,32599,32609,10
12.97924995,80.22116089,32609,32619,10
12.97848034,80.22119141,32619,32629,10
12.97772026,80.22122192,32629,32639,10
12.97706985,80.22126007,32639,32649,10
12.97657013,80.22123718,32649,32659,10
12.97626019,80.22161102,32659,32690,31
12.97626019,80.22161102,32690,32700,10
12.97636986,80.22193146,32700,32710,10
12.97657013,80.22232056,32710,32720,10
12.97696018,80.22290039,32720,32730,10
12.97749043,80.22373962,32730,32740,10
12.97799015,80.22450256,32740,32750,10
12.97813988,80.22476959,32750,32760,10
12.97840977,80.22522736,32760,32770,10
12.97887993,80.2259903,32770,32780,10
12.9794302,80.22686005,32780,32791,11
12.97994041,80.22775269,32791,32801,10
12.98042011,80.22853088,32801,32811,10
12.98066044,80.22899628,32811,32821,10
12.98081017,80.22923279,32821,32831,10
12.98101044,80.22953796,32831,32841,10
12.98143005,80.2301712,32841,32851,10
12.98169994,80.23056793,32851,32861,10
12.98174953,80.23066711,32861,32871,10
12.98192978,80.23114014,32871,32881,10
12.98202991,80.23194122,32881,32892,11
12.98192024,80.23285675,32892,32902,10
12.98163033,80.23351288,32902,32912,10
12.98132992,80.23410034,32912,32922,10
12.98120975,80.23499298,32922,32932,10
12.98124027,80.23603821,32932,32942,10
12.9812603,80.23712158,32942,32952,10
12.98130035,80.2376709,32952,32972,20
12.98130035,80.2376709,32972,32981,9
12.98130035,80.2378006,32981,32993,12
12.98130989,80.23787689,32993,33003,10
12.98132038,80.2381897,33003,33013,10
12.98134041,80.23854828,33013,33023,10
12.98132992,80.23877716,33023,33033,10
12.98134041,80.23941803,33033,33043,10
12.98136044,80.24022675,33043,33053,10
12.98138046,80.24102783,33053,33063,10
12.98136997,80.24181366,33063,33073,10
12.98139,80.24243927,33073,33083,10
12.98139954,80.24259186,33083,33094,11
12.98139,80.24294281,33094,33104,10
12.98136044,80.2436676,33104,33114,10
12.98120022,80.24465942,33114,33124,10
12.98106956,80.24578094,33124,33134,10
12.98093033,80.24697876,33134,33144,10
12.98083973,80.2482605,33144,33154,10
12.98073006,80.24951935,33154,33164,10
12.98048019,80.25067902,33164,33174,10
12.9801302,80.25218964,33174,33195,21
12.9801302,80.25218964,33195,33205,10
12.98009968,80.25231934,33205,33216,11
12.98033047,80.25260162,33216,33225,9
12.98085976,80.25260925,33225,33235,10
12.98169994,80.25260162,33235,33245,10
12.9826498,80.25258636,33245,33255,10
12.98365974,80.25244904,33255,33265,10
12.98474979,80.25215149,33265,33275,10
12.98554039,80.25192261,33275,33285,10
12.9858799,80.25182343,33285,33295,10
12.98593998,80.25179291,33295,33305,10
12.98614979,80.25173187,33305,33316,11
12.98670006,80.25160217,33316,33326,10
12.98727036,80.25144196,33326,33336,10
12.98756981,80.25135803,33336,33346,10
12.98775005,80.25135803,33346,33356,10
12.98793983,80.25150299,33356,33365,9
12.98795033,80.25154877,33365,33376,11
12.98795033,80.25173187,33376,33386,10
12.98795986,80.25189209,33386,33396,10
12.98801041,80.25215149,33396,33408,12
12.98795986,80.25299072,33408,33416,8
12.98789024,80.25376892,33416,33428,12
12.98781967,80.25473785,33428,33468,40
12.98781967,80.25473785,33468,33478,10
12.98779964,80.25479889,33478,33488,10
12.98777008,80.25514221,33488,33499,11
12.98771,80.2556076,33499,33509,10
12.98762035,80.2561264,33509,33519,10
12.98760033,80.25656891,33519,33529,10
12.98756981,80.25708771,33529,33539,10
12.98752022,80.25785828,33539,33549,10
12.98740959,80.25910187,33549,33592,43
12.98740959,80.25910187,33592,33602,10
12.98729038,80.2594223,33602,33612,10
12.98721981,80.25958252,33612,33622,10
12.98707962,80.25955963,33622,33632,10
12.98688984,80.2594986,33632,33642,10
12.98666954,80.25942993,33642,33652,10
12.98661995,80.2592392,33652,33743,91
12.98661995,80.2592392,33743,33753,10
12.98694992,80.25908661,33753,33783,30
12.98694992,80.25908661,33783,33794,11
12.98735046,80.2589798,33794,33804,10
12.98736954,80.25884247,33804,33814,10
12.98740005,80.25853729,33814,33824,10
12.98742008,80.25814819,33824,33834,10
12.98744965,80.25759888,33834,33844,10
12.98750973,80.25692749,33844,33854,10
12.98758984,80.25627899,33854,33965,111
12.97992039,80.25261688,33965,34237,272
12.97992039,80.25261688,34237,34247,10
12.97982025,80.25256348,34247,34257,10
12.97982025,80.25247192,34257,34267,10
12.97984982,80.25228882,34267,34277,10
12.97988033,80.25224304,34277,34287,10
12.97992039,80.25212097,34287,34297,10
12.98001003,80.25184631,34297,34308,11
12.98025036,80.25115204,34308,34318,10
12.98050022,80.25025177,34318,34328,10
12.98068047,80.24923706,34328,34338,10
12.98077011,80.24812317,34338,34348,10
12.98087025,80.24698639,34348,34358,10
12.98099041,80.2457428,34358,34368,10
12.98114014,80.24452209,34368,34378,10
12.98118973,80.24378967,34378,34388,10
12.98130035,80.24356842,34388,34397,9
12.98132992,80.24324036,34397,34409,12
12.98134041,80.24310303,34409,34419,10
12.98134041,80.24289703,34419,34429,10
12.98134995,80.24278259,34429,34439,10
12.98134041,80.24241638,34439,34449,10
12.98134041,80.24191284,34449,34459,10
12.98132038,80.24130249,34459,34469,10
12.98132038,80.24069214,34469,34479,10
12.98130989,80.24015808,34479,34489,10
12.98130989,80.23976898,34489,34498,9
12.98128986,80.23935699,34498,34510,12
12.98128033,80.23869324,34510,34520,10
12.98128033,80.23861694,34520,34530,10
12.9812603,80.23845673,34530,34540,10
12.98124981,80.23825836,34540,34550,10
12.9812603,80.23806,34550,34560,10
12.98126984,80.23790741,34560,34570,10
12.98124981,80.23754883,34570,34580,10
12.98122978,80.23690033,34580,34590,10
12.98120022,80.23597717,34590,34600,10
12.98118019,80.23496246,34600,34611,11
12.98134041,80.2339325,34611,34621,10
12.98155975,80.23343658,34621,34641,20
12.98155975,80.23343658,34641,34651,10
12.98163033,80.23327637,34651,34661,10
12.98182011,80.23285675,34661,34671,10
12.98196983,80.23226166,34671,34681,10
12.9819603,80.23181152,34681,34691,10
12.98192024,80.23130798,34691,34701,10
12.98174,80.23071289,34701,34712,11
12.98124027,80.22987366,34712,34722,10
12.98089981,80.22931671,34722,34732,10
12.98068047,80.22899628,34732,34742,10
12.98068047,80.22888947,34742,34752,10
12.98042011,80.22847748,34752,34762,10
12.98011971,80.22792053,34762,34773,11
12.97961998,80.22712708,34773,34783,10
12.97918034,80.22637939,34783,34793,10
12.97869015,80.22557068,34793,34803,10
12.97826958,80.22483826,34803,34814,11
12.97811985,80.22460175,34814,34824,10
12.97786999,80.22425842,34824,34834,10
12.97774029,80.22408295,34834,34844,10
12.9774704,80.22360992,34844,34854,10
12.97717953,80.22310638,34854,34864,10
12.9770298,80.22281647,34864,34874,10
12.9772501,80.22270203,34874,34884,10
12.97751999,80.22265625,34884,34893,9
12.97751045,80.22231293,34893,34906,13
12.97747993,80.22147369,34906,34916,10
12.97749996,80.22126007,34916,34926,10
12.97772026,80.22120667,34926,34936,10
12.97836018,80.22119141,34936,34946,10
12.97931957,80.22112274,34946,34956,10
12.98031998,80.22103882,34956,34966,10
12.98122025,80.22107697,34966,34976,10
12.98198032,80.22155762,34976,34986,10
12.98297024,80.22196198,34986,35007,21
12.98297024,80.22196198,35007,35017,10
12.98316002,80.22209167,35017,35027,10
12.98348045,80.22229004,35027,35037,10
12.98408031,80.22263336,35037,35047,10
12.98472977,80.22302246,35047,35057,10
12.9854002,80.22322083,35057,35067,10
12.98579979,80.2229538,35067,35077,10
12.98649025,80.22292328,35077,35087,10
12.9865303,80.22292328,35087,35097,10
12.98674011,80.22296906,35097,35108,11
12.98711967,80.22303772,35108,35118,10
12.98768044,80.22306061,35118,35128,10
12.98834038,80.22265625,35128,35138,10
12.98888969,80.22212982,35138,35148,10
12.98945999,80.22145081,35148,35158,10
12.99013996,80.22059631,35158,35168,10
12.99044037,80.2203598,35168,35178,10
12.99048996,80.22032928,35178,35188,10
12.99083042,80.22009277,35188,35197,9
12.99131966,80.2197113,35197,35209,12
12.99157047,80.21949768,35209,35219,10
12.99203968,80.2191925,35219,35229,10
12.9927597,80.21868134,35229,35239,10
12.99351978,80.21811676,35239,35249,10
12.99413013,80.21768951,35249,35259,10
12.99468994,80.2172699,35259,35269,10
12.99489021,80.21710968,35269,35279,10
12.99524021,80.21688843,35279,35289,10
12.99584961,80.21663666,35289,35299,10
12.99662971,80.21649933,35299,35310,11
12.99726963,80.21630096,35310,35320,10
12.99750042,80.21611023,35320,35330,10
12.99761963,80.21601868,35330,35340,10
12.99804974,80.21568298,35340,35350,10
12.99864006,80.21520996,35350,35360,10
12.99913025,80.21475983,35360,35370,10
12.99950027,80.21443176,35370,35380,10
12.99993038,80.21405792,35380,35389,9
13.00034046,80.21369934,35389,35400,11
13.00086021,80.21322632,35400,35411,11
13.00150013,80.21276093,35411,35421,10
13.00189018,80.21244812,35421,35431,10
13.00214005,80.21231079,35431,35441,10
13.00216007,80.21230316,35441,35451,10
13.00232983,80.21221161,35451,35461,10
13.00271034,80.21208191,35461,35471,10
13.00333023,80.21205139,35471,35481,10
13.00395966,80.21199799,35481,35491,10
13.00446033,80.21219635,35491,35501,10
13.00494003,80.21246338,35501,35512,11
13.00557995,80.21283722,35512,35522,10
13.00623035,80.21276093,35522,35532,10
13.0068903,80.21272278,35532,35542,10
13.00751972,80.21279907,35542,35552,10
13.00765038,80.21285248,35552,35562,10
13.00769997,80.21291351,35562,35572,10
13.00784969,80.21308899,35572,35582,10
13.00806999,80.21320343,35582,35592,10
13.00856972,80.21346283,35592,35602,10
13.00909042,80.21414948,35602,35613,11
13.00961971,80.21494293,35613,35623,10
13.00994015,80.21531677,35623,35633,10
13.01049995,80.2159729,35633,35643,10
13.01084042,80.21684265,35643,35653,10
13.01117039,80.217659,35653,35663,10
13.01146984,80.21852875,35663,35673,10
13.01181984,80.21959686,35673,35684,11
13.01220036,80.22074127,35684,35694,10
13.01243973,80.22133636,35694,35704,10
13.01264954,80.22164917,35704,35716,12
13.01301003,80.22212982,35716,35726,10
13.01331043,80.22247314,35726,35734,8
13.0135498,80.22276306,35734,35744,10
13.01387978,80.2232132,35744,35754,10
13.01410961,80.22348022,35754,35764,10
13.01434994,80.22377014,35764,35774,10
13.01471043,80.22422028,35774,35784,10
13.01511955,80.2246933,35784,35794,10
13.01513004,80.22470856,35794,35804,10
13.01529026,80.22492218,35804,35817,13
13.01558971,80.22512054,35817,35827,10
13.0157299,80.22525787,35827,35837,10
13.01628017,80.22538757,35837,35847,10
13.01704979,80.22512817,35847,35857,10
13.01788998,80.22479248,35857,35867,10
13.01871014,80.22445679,35867,35877,10
13.0197401,80.22457123,35877,35907,30
13.0197401,80.22457123,35907,35918,11
13.01990032,80.2246933,35918,35928,10
13.02038002,80.22505951,35928,35938,10
13.0211401,80.22563171,35938,35948,10
13.02190018,80.22614288,35948,35958,10
13.02196026,80.22619629,35958,35968,10
13.02200985,80.22624969,35968,35978,10
13.02229977,80.22650146,35978,35988,10
13.0228796,80.22698212,35988,35998,10
13.02346039,80.2275238,35998,36007,9
13.02390003,80.22789764,36007,36019,12
13.02408028,80.22810364,36019,36029,10
13.02416039,80.22820282,36029,36039,10
13.02439976,80.22852325,36039,36049,10
13.02453995,80.22873688,36049,36059,10
13.02472973,80.22904205,36059,36069,10
13.02490044,80.22927094,36069,36079,10
13.02530003,80.2297821,36079,36089,10
13.02565002,80.2302475,36089,36099,10
13.02575016,80.23043823,36099,36109,10
13.02583981,80.23062134,36109,36120,11
13.02591991,80.2307663,36120,36130,10
13.02600002,80.23104095,36130,36140,10
13.02598953,80.23119354,36140,36150,10
13.02622032,80.23133087,36150,36160,10
13.02692032,80.23117065,36160,36170,10
13.02783966,80.23097229,36170,36180,10
13.02898026,80.23085022,36180,36200,20
13.02898026,80.23085022,36200,36210,10
13.02923965,80.23082733,36210,36221,11
13.0297699,80.23078156,36221,36241,20
13.0297699,80.23078156,36241,36251,10
13.02980042,80.23081207,36251,36261,10
13.02997017,80.23079681,36261,36271,10
13.03015995,80.2307663,36271,36281,10
13.03032017,80.23074341,36281,36291,10
13.03050041,80.23072052,36291,36301,10
13.03077984,80.23069,36301,36311,10
13.03114033,80.23065948,36311,36322,11
13.03174019,80.23061371,36322,36332,10
13.03248024,80.23053741,36332,36342,10
13.03324032,80.23049164,36342,36352,10
13.03372002,80.23046112,36352,36372,20
13.03372002,80.23046112,36372,36382,10
13.03396988,80.23046875,36382,36392,10
13.03425026,80.23045349,36392,36402,10
13.03466988,80.23033142,36402,36412,10
13.03485012,80.2302475,36412,36433,21
13.03485012,80.2302475,36433,36443,10
13.0350399,80.23011017,36443,36453,10
13.03511047,80.22985077,36453,36493,40
13.03511047,80.22985077,36493,36503,10
13.03442001,80.22972107,36503,36604,101
13.03421021,80.2300415,36604,36755,151
13.03421021,80.2300415,36755,36765,10
13.03419971,80.23040771,36765,36775,10
13.03419971,80.23042297,36775,36785,10
13.03411007,80.23047638,36785,36795,10
13.03370953,80.23042297,36795,36805,10
13.03316021,80.23049164,36805,36815,10
13.03234005,80.2305603,36815,36828,13
13.03157997,80.2306366,36828,36838,10
13.03133011,80.23069,36838,36848,10
13.03110981,80.23068237,36848,37019,171
13.03110981,80.23068237,37019,37030,11
13.03063011,80.23072815,37030,37040,10
13.03028011,80.2307663,37040,37050,10
13.03003025,80.23078918,37050,37060,10
13.02991962,80.23078918,37060,37070,10
13.02972984,80.23082733,37070,37080,10
13.02933025,80.23085785,37080,37090,10
13.0287199,80.23087311,37090,37100,10
13.02818966,80.23087311,37100,37110,10
13.02779961,80.23101807,37110,37120,10
13.02779007,80.23155975,37120,37131,11
13.02785969,80.23239899,37131,37141,10
13.02762032,80.23278809,37141,37151,10
13.0269804,80.23294067,37151,37242,91
13.0269804,80.23294067,37242,37252,10
13.02663994,80.23301697,37252,37262,10
13.02639961,80.23287964,37262,37272,10
13.0262804,80.23243713,37272,37282,10
13.02622032,80.23213196,37282,37292,10
13.02612972,80.2317276,37292,37302,10
13.02600956,80.23135376,37302,37312,10
13.02577972,80.23065186,37312,37322,10
13.02521992,80.22975159,37322,37333,11
13.02464008,80.22905731,37333,37343,10
13.02427959,80.22856903,37343,37353,10
13.02367973,80.22785187,37353,37363,10
13.02305031,80.22740173,37363,37383,20
13.02305031,80.22740173,37383,37393,10
13.02278996,80.22718811,37393,37403,10
13.02264023,80.2269516,37403,37413,10
13.02248955,80.22678375,37413,37423,10
13.02210999,80.22638702,37423,37434,11
13.02143002,80.22583771,37434,37444,10
13.02068043,80.22531128,37444,37454,10
13.01994038,80.22480011,37454,37464,10
13.01893997,80.22447968,37464,37474,10
13.0177803,80.2248764,37474,37484,10
13.01675987,80.22530365,37484,37494,10
13.01632023,80.22545624,37494,37504,10
13.01595974,80.22557068,37504,37514,10
13.01533031,80.22579956,37514,37524,10
13.01463032,80.22609711,37524,37535,11
13.01451015,80.22615814,37535,37545,10
13.01428032,80.22627258,37545,37555,10
13.01368999,80.22648621,37555,37565,10
13.01288986,80.22676849,37565,37575,10
13.01196003,80.22711945,37575,37585,10
13.01093006,80.22750092,37585,37595,10
13.00990009,80.22789001,37595,37605,10
13.0095396,80.22744751,37605,37615,10
13.00986958,80.22669983,37615,37625,10
13.01029968,80.22573853,37625,37636,11
13.0105896,80.22514343,37636,37646,10
13.0106802,80.22496796,37646,37656,10
13.01088047,80.22442627,37656,37666,10
13.01119995,80.22366333,37666,37676,10
13.01142025,80.22303772,37676,37686,10
13.01173973,80.22219849,37686,37695,9
13.01200962,80.22144318,37695,37706,11
13.01206017,80.22067261,37706,37716,10
13.01175976,80.21970367,37716,37726,10
13.01140022,80.2186203,37726,37738,12
13.01088047,80.21729279,37738,37747,9
13.01049042,80.21643066,37747,37758,11
13.01004028,80.21562958,37758,37768,10
13.00957012,80.21485138,37768,37778,10
13.00911045,80.21425629,37778,37788,10
13.00877953,80.21381378,37788,37798,10
13.00858974,80.21359253,37798,37808,10
13.00839043,80.21343994,37808,37818,10
13.00833035,80.21340942,37818,37828,10
13.00813007,80.21331024,37828,37849,21
13.00813007,80.21331024,37849,37859,10
13.00794029,80.21318817,37859,37869,10
13.00776958,80.21302795,37869,37879,10
13.00730038,80.21282959,37879,37889,10
13.00667,80.21276093,37889,37899,10
13.00619984,80.21283722,37899,37908,9
13.00568962,80.21289825,37908,37919,11
13.00494003,80.21246338,37919,37929,10
13.00415039,80.21212006,37929,37940,11
13.00339031,80.21208191,37940,37950,10
13.0028801,80.21208191,37950,37960,10
13.00263023,80.21211243,37960,37970,10
13.00226974,80.21224213,37970,37980,10
13.00209999,80.21230316,37980,37990,10
13.00201035,80.21237946,37990,38000,10
13.00193977,80.2124176,38000,38010,10
13.00181961,80.21250153,38010,38020,10
13.00156021,80.21269989,38020,38030,10
13.00109959,80.21307373,38030,38041,11
13.0005703,80.21350098,38041,38051,10
12.99995995,80.21407318,38051,38061,10
12.99944973,80.21450043,38061,38071,10
12.99907017,80.21484375,38071,38081,10
12.99864006,80.21521759,38081,38088,7
12.99818993,80.21549225,38088,38101,13
12.99761963,80.21598816,38101,38111,10
12.99728012,80.21642303,38111,38131,20
12.99728012,80.21642303,38131,38142,11
12.99709988,80.21652222,38142,38152,10
12.99660969,80.21656036,38152,38162,10
12.99590969,80.21669006,38162,38172,10
12.99561977,80.2167511,38172,38182,10
12.9955101,80.21678925,38182,38192,10
12.99526978,80.21690369,38192,38202,10
12.99505043,80.21704102,38202,38211,9
12.99481964,80.21720886,38211,38222,11
12.99423981,80.21764374,38222,38232,10
12.9938097,80.21794128,38232,38243,11
12.99312019,80.21843719,38243,38253,10
12.99248981,80.21890259,38253,38263,10
12.99174023,80.21946716,38263,38273,10
12.99120045,80.219841,38273,38283,10
12.99081039,80.22013855,38283,38293,10
12.99067974,80.22026062,38293,38303,10
12.99013996,80.22071075,38303,38313,10
12.98958015,80.22132111,38313,38323,10
12.98925972,80.22173309,38323,38333,10
12.98898029,80.22199249,38333,38344,11
12.98845005,80.22255707,38344,38354,10
12.98773956,80.22306061,38354,38364,10
12.98758984,80.22306061,38364,38374,10
12.98709011,80.22303009,38374,38384,10
12.98668003,80.22296143,38384,38394,10
12.9860096,80.22296143,38394,38404,10
12.98558998,80.2232132,38404,38414,10
12.98519039,80.2232132,38414,38424,10
12.98468971,80.22303009,38424,38434,10
12.98429012,80.22280121,38434,38445,11
12.98400021,80.22264099,38445,38455,10
12.9835701,80.22238922,38455,38465,10
12.98338032,80.22228241,38465,38475,10
12.9832201,80.22219849,38475,38485,10
12.98297977,80.22206116,38485,38495,10
12.98237038,80.22181702,38495,38506,11
12.98176003,80.22148132,38506,38516,10
12.98126984,80.22122955,38516,38526,10
12.98064041,80.22109222,38526,38536,10
12.97974968,80.22119141,38536,38546,10
12.97896004,80.22122192,38546,38556,10
12.97807026,80.22119904,38556,38566,10
12.97704983,80.22125244,38566,38576,10
12.9764204,80.22129059,38576,38586,10
12.97624016,80.22126007,38586,38596,10
12.97612,80.22138977,38596,38606,10
12.9764204,80.22181702,38606,38649,43
12.9764204,80.22181702,38649,38659,10
12.97661972,80.22229767,38659,38669,10
12.97700024,80.22290802,38669,38679,10
12.97752953,80.22377014,38679,38689,10
12.97807026,80.22460938,38689,38699,10
12.97832966,80.22506714,38699,38709,10
12.97856045,80.22541046,38709,38719,10
12.97859001,80.22541809,38719,38729,10
12.97877979,80.22573853,38729,38739,10
12.97910976,80.22633362,38739,38750,11
12.9793396,80.22673798,38750,38760,10
12.97966957,80.22731018,38760,38770,10
12.98017979,80.2281189,38770,38780,10
12.98069954,80.22898865,38780,38790,10
12.98097992,80.22950745,38790,38800,10
12.98147964,80.23021698,38800,38810,10
12.98165035,80.23052216,38810,38820,10
12.98184967,80.23098755,38820,38830,10
12.98200989,80.23179626,38830,38840,10
12.98196983,80.23255157,38840,38851,11
12.98167038,80.23336792,38851,38861,10
12.98159981,80.23351288,38861,38871,10
12.98153973,80.23361206,38871,38881,10
12.98128986,80.23407745,38881,38891,10
12.9811697,80.23490906,38891,38901,10
12.98118973,80.23600769,38901,38911,10
12.9812603,80.23715973,38911,38921,10
12.9812603,80.23764038,38921,38931,10
12.98128033,80.23834229,38931,38941,10
12.98130035,80.23870087,38941,38952,11
12.98130035,80.23925018,38952,38962,10
12.98130989,80.23995972,38962,38972,10
12.98132992,80.24079895,38972,38982,10
12.98134041,80.2416687,38982,38992,10
12.98136044,80.24253082,38992,39002,10
12.98136044,80.24282074,39002,39012,10
12.98134995,80.24305725,39012,39022,10
12.98132992,80.24359894,39022,39032,10
12.98122025,80.24440765,39032,39042,10
12.98110008,80.24542236,39042,39053,11
12.98095036,80.24668884,39053,39063,10
12.98085022,80.24793243,39063,39073,10
12.98073959,80.24922943,39073,39083,10
12.98050022,80.25045013,39083,39093,10
12.9802103,80.2516098,39093,39103,10
12.98009968,80.25209045,39103,39113,10
12.98007965,80.25222015,39113,39123,10
12.98015022,80.25251007,39123,39133,10
12.98069954,80.25261688,39133,39143,10
12.98159027,80.25258636,39143,39154,11
12.98279953,80.25254059,39154,39164,10
12.98400974,80.25231171,39164,39174,10
12.98521042,80.25196838,39174,39184,10
12.98618031,80.25170898,39184,39194,10
12.98676014,80.25157928,39194,39204,10
12.98756027,80.25134277,39204,39214,10
12.98795986,80.25167084,39214,39224,10
12.98805046,80.25205231,39224,39234,10
12.98803043,80.25247192,39234,39244,10
12.98797035,80.25296783,39244,39255,11
12.98789978,80.25354004,39255,39265,10
12.98777008,80.25467682,39265,39315,50
12.98777008,80.25467682,39315,39325,10
12.98775959,80.25493622,39325,39335,10
12.98771,80.25538635,39335,39345,10
12.98764038,80.25588989,39345,39356,11
12.98756027,80.25655365,39356,39366,10
12.98754025,80.25678253,39366,39376,10
12.98750973,80.25711823,39376,39386,10
12.98746967,80.2576828,39386,39396,10
12.98742008,80.25839233,39396,39406,10
12.98738003,80.2589035,39406,39416,10
12.98736954,80.25904083,39416,39426,10
12.98727036,80.25933075,39426,39436,10
12.98725033,80.2594223,39436,39446,10
12.98721981,80.25958252,39446,39456,10
12.98707008,80.25965118,39456,39466,10
12.98694038,80.25959778,39466,39476,10
12.98666954,80.25953674,39476,39537,61
12.98666954,80.25953674,39537,39546,9
12.9867897,80.25908661,39546,39617,71
12.98715019,80.25914001,39617,39730,113
12.98715019,80.25914001,39730,39740,10
12.98733997,80.25891113,39740,39750,10
12.98736,80.25849152,39750,39761,11
12.98738003,80.25829315,39761,39771,10
12.98738003,80.25814056,39771,39781,10
12.98740959,80.25766754,39781,39791,10
12.98742962,80.25702667,39791,39801,10
12.98744965,80.25626373,39801,39850,49
12.98744965,80.25626373,39850,39862,12
12.98752022,80.25605011,39862,39872,10
12.98754025,80.25592804,39872,39882,10
12.98766041,80.25552368,39882,39892,10
12.98770046,80.25479126,39892,39902,10
12.98779011,80.25388336,39902,39912,10
12.98787022,80.25279236,39912,39922,10
12.98781967,80.25184631,39922,39932,10
12.98775959,80.25167847,39932,39942,10
12.98742962,80.25157928,39942,39952,10
12.98676968,80.25167847,39952,39963,11
12.98581982,80.25192261,39963,39973,10
12.98480034,80.25218201,39973,39983,10
12.9836998,80.25247192,39983,39993,10
12.98254967,80.25263977,39993,40003,10
12.98145008,80.25267029,40003,40013,10
12.98077011,80.25267792,40013,40023,10
12.98036003,80.25270081,40023,40033,10
12.98007965,80.25272369,40033,40043,10
12.97984028,80.25241852,40043,40053,10
12.97986984,80.25227356,40053,40064,11
12.97992039,80.25196838,40064,40074,10
12.98011971,80.25144958,40074,40084,10
12.98036957,80.25061798,40084,40094,10
12.98060036,80.24964905,40094,40104,10
12.98071957,80.24855042,40104,40114,10
12.98081017,80.24738312,40114,40124,10
12.98093987,80.24616241,40124,40134,10
12.98108006,80.24490356,40134,40144,10
12.98116016,80.24388885,40144,40154,10
12.98130989,80.24343872,40154,40165,11
12.98134041,80.24281311,40165,40175,10
12.98134041,80.24273682,40175,40185,10
12.98136044,80.24234772,40185,40195,10
12.98132992,80.24163818,40195,40205,10
12.98132992,80.24073029,40205,40215,10
12.98130989,80.23982239,40215,40225,10
12.98128986,80.23912048,40225,40235,10
12.9812603,80.23834991,40235,40245,10
12.98124027,80.23787689,40245,40255,10
12.98122978,80.23777771,40255,40266,11
12.98122025,80.23729706,40266,40276,10
12.98120975,80.23654938,40276,40286,10
12.98118973,80.23574066,40286,40296,10
12.98116016,80.23490906,40296,40306,10
12.98128033,80.23401642,40306,40316,10
12.98157024,80.23345184,40316,40336,20
12.98157024,80.23345184,40336,40346,10
12.98161983,80.2333374,40346,40356,10
12.98171997,80.23313904,40356,40367,11
12.98190975,80.23265839,40367,40377,10
12.9819603,80.23213959,40377,40387,10
12.98194981,80.2315979,40387,40397,10
12.9818697,80.23123169,40397,40407,10
12.98169994,80.23075867,40407,40417,10
12.98136997,80.2301712,40417,40427,10
12.98099041,80.22955322,40427,40437,10
12.98075008,80.22921753,40437,40447,10
12.98058033,80.2289505,40447,40457,10
12.98056984,80.22894287,40457,40468,11
12.98034,80.22853851,40468,40478,10
12.98015976,80.22812653,40478,40487,9
12.97982979,80.2276001,40487,40498,11
12.97931004,80.22673035,40498,40508,10
12.97879028,80.22588348,40508,40518,10
12.9782896,80.22499847,40518,40527,9
12.97793007,80.22451782,40527,40538,11
12.97770023,80.22412872,40538,40548,10
12.97745991,80.22373962,40548,40558,10
12.97698021,80.22284698,40558,40590,32
12.97698021,80.22284698,40590,40600,10
12.97719002,80.22270203,40600,40620,20
12.97719002,80.22270203,40620,40630,10
12.9774704,80.22252655,40630,40640,10
12.9774704,80.2219162,40640,40650,10
12.9774704,80.22131348,40650,40660,10
12.97752953,80.22119141,40660,40671,11
12.97797966,80.22116852,40671,40681,10
12.97879028,80.22109985,40681,40691,10
12.9795599,80.22107697,40691,40701,10
12.98011971,80.22104645,40701,40711,10
12.98062038,80.22099304,40711,40721,10
12.98124027,80.22115326,40721,40731,10
12.98180962,80.22145844,40731,40741,10
12.98223019,80.22167206,40741,40751,10
12.98264027,80.22180176,40751,40760,9
12.98287964,80.2219162,40760,40772,12
12.98289013,80.2219162,40772,40782,10
12.98305988,80.22202301,40782,40792,10
12.98332024,80.22221375,40792,40802,10
12.98375034,80.2224884,40802,40812,10
12.98437977,80.22283936,40812,40822,10
12.98499966,80.22318268,40822,40832,10
12.98550034,80.22309113,40832,40842,10
12.98610973,80.22293854,40842,40852,10
12.9864397,80.22293091,40852,40862,10
12.98651981,80.22293854,40862,40873,11
12.98694038,80.22299957,40873,40883,10
12.98715973,80.22303772,40883,40893,10
12.98770046,80.2229538,40893,40903,10
12.9883604,80.2224884,40903,40913,10
12.98890972,80.22193146,40913,40923,10
12.98952007,80.22118378,40923,40933,10
12.99022007,80.22048187,40933,40943,10
12.99048042,80.22028351,40943,40953,10
12.99063015,80.22016907,40953,40963,10
12.9910202,80.21981049,40963,40974,11
12.99137974,80.21954346,40974,40984,10
12.99182987,80.21923065,40984,40994,10
12.99250984,80.21874237,40994,41004,10
12.99328995,80.2181778,41004,41014,10
12.99402046,80.21765137,41014,41024,10
12.99458981,80.21726227,41024,41034,10
12.99507046,80.21694183,41034,41044,10
12.99571037,80.21665192,41044,41054,10
12.99645996,80.21652985,41054,41064,10
12.99687958,80.21646118,41064,41075,11
12.99713993,80.21637726,41075,41085,10
12.99744987,80.21608734,41085,41095,10
12.9974699,80.21607208,41095,41105,10
12.99775982,80.21585846,41105,41115,10
12.99827957,80.21537018,41115,41125,10
12.99892044,80.21482086,41125,41135,10
12.99925995,80.21456146,41135,41145,10
12.99975014,80.21420288,41145,41155,10
13.00022984,80.21378326,41155,41165,10
13.00080013,80.21330261,41165,41176,11
13.00152016,80.21269989,41176,41186,10
13.00224018,80.21221161,41186,41194,8
13.00279045,80.21204376,41194,41206,12
13.00368977,80.21198273,41206,41216,10
13.00432014,80.21214294,41216,41226,10
13.00471973,80.21234131,41226,41235,9
13.00518036,80.2126236,41235,41247,12
13.00597954,80.21282959,41247,41257,10
13.00667953,80.21269226,41257,41267,10
13.00722027,80.21276855,41267,41277,10
13.00743961,80.21276855,41277,41287,10
13.00772953,80.21292877,41287,41308,21
13.00772953,80.21292877,41308,41320,12
13.00786018,80.21308136,41320,41331,11
13.00829983,80.21327972,41331,41341,10
13.00883961,80.21383667,41341,41351,10
13.0094099,80.2146225,41351,41361,10
13.00990009,80.21523285,41361,41371,10
13.01035023,80.21589661,41371,41382,11
13.01078033,80.21678162,41382,41392,10
13.01111984,80.21756744,41392,41402,10
13.01136971,80.21824646,41402,41412,10
13.01165962,80.2190094,41412,41422,10
13.01226997,80.22090149,41422,41432,10
13.01226997,80.22090149,41432,41442,10
13.01233006,80.22147369,41442,41452,10
13.01249981,80.22186279,41452,41464,12
13.01313019,80.2224884,41464,41474,10
13.01369953,80.22309113,41474,41485,11
13.01406956,80.22358704,41485,41495,10
13.01430035,80.22387695,41495,41505,10
13.01478958,80.22431946,41505,41515,10
13.01527977,80.22479248,41515,41525,10
13.01550961,80.22496033,41525,41535,10
13.0155201,80.22496796,41535,41545,10
13.01578999,80.22527313,41545,41555,10
13.01626015,80.22534943,41555,41565,10
13.01692009,80.22515106,41565,41575,10
13.01764965,80.2248764,41575,41586,11
13.01856995,80.22450256,41586,41596,10
13.01916027,80.22432709,41596,41606,10
13.01926994,80.22431183,41606,41616,10
13.01947021,80.22431946,41616,41626,10
13.01966,80.22444153,41626,41636,10
13.01994991,80.22463989,41636,41646,10
13.02031994,80.22492218,41646,41656,10
13.02058983,80.22511292,41656,41666,10
13.02083969,80.22531891,41666,41676,10
13.02103043,80.22550201,41676,41687,11
13.02122974,80.22570038,41687,41697,10
13.02165031,80.22599792,41697,41707,10
13.02194023,80.22618866,41707,41717,10
13.0219698,80.22618866,41717,41727,10
13.0222702,80.22647858,41727,41737,10
13.02276993,80.22692871,41737,41747,10
13.02336979,80.22749329,41747,41757,10
13.02383995,80.22794342,41757,41767,10
13.02441025,80.22860718,41767,41777,10
13.02501011,80.22940063,41777,41788,11
13.02569962,80.23033142,41788,41809,21
13.02569962,80.23033142,41809,41819,10
13.02579975,80.23047638,41819,41829,10
13.02591038,80.23075104,41829,41838,9
13.02595997,80.23097992,41838,41849,11
13.02604008,80.23133087,41849,41859,10
13.0265398,80.23123169,41859,41869,10
13.02748966,80.23101807,41869,41881,12
13.0283699,80.23090363,41881,41889,8
13.02844048,80.23091125,41889,41901,12
13.02923012,80.23078156,41901,41951,50
13.02923012,80.23078156,41951,41961,10
13.0295496,80.23078918,41961,41971,10
13.02991009,80.23074341,41971,41982,11
13.03034019,80.23068237,41982,41992,10
13.03055,80.23068237,41992,42002,10
13.03102016,80.23065948,42002,42012,10
13.03151035,80.23061371,42012,42022,10
13.0321703,80.23058319,42022,42032,10
13.0326004,80.23053741,42032,42042,10
13.03289032,80.23055267,42042,42083,41
13.03289032,80.23055267,42083,42093,10
13.03316021,80.23049927,42093,42103,10
13.03351974,80.23046112,42103,42113,10
13.03372002,80.23045349,42113,42123,10
13.03382015,80.23043823,42123,42133,10
13.03415966,80.2303772,42133,42143,10
13.03444004,80.23033905,42143,42153,10
13.0346899,80.23027802,42153,42184,31
13.0346899,80.23027802,42184,42194,10
13.03479958,80.2303009,42194,42204,10
13.03495979,80.23016357,42204,42214,10
13.03505993,80.22994995,42214,42224,10
13.03477955,80.22984314,42224,42325,101
13.03439999,80.2297821,42325,42527,202
13.03423023,80.23013306,42527,42608,81
13.03423023,80.23013306,42608,42618,10
13.03396034,80.23043823,42618,42628,10
13.03367043,80.23049164,42628,42638,10
13.03324986,80.23052216,42638,42649,11
13.03262997,80.23059082,42649,42659,10
13.03194046,80.2306366,42659,42669,10
13.03118992,80.23068237,42669,42679,10
13.03069973,80.23072815,42679,42689,10
13.03028011,80.2307663,42689,42699,10
13.03005981,80.23079681,42699,42709,10
13.02982044,80.23082733,42709,42719,10
13.0295496,80.23087311,42719,42729,10
13.02886009,80.23091125,42729,42739,10
13.02807045,80.23094177,42739,42749,10
13.0278101,80.23097229,42749,42759,10
13.02764034,80.23119354,42759,42769,10
13.02768993,80.23181152,42769,42779,10
13.02783012,80.23262024,42779,42789,10
13.02711964,80.23291779,42789,42842,53
13.02711964,80.23291779,42842,42852,10
13.02686977,80.23298645,42852,42862,10
13.02661991,80.23300934,42862,42872,10
13.02626991,80.23265076,42872,42882,10
13.0260601,80.23191071,42882,42889,7
13.02595997,80.23149872,42889,42903,14
13.02550983,80.23027802,42903,42913,10
13.02503967,80.22962189,42913,42923,10
13.02486038,80.22942352,42923,42933,10
13.02468967,80.2292099,42933,42943,10
13.02441025,80.22884369,42943,42953,10
13.02414989,80.22846222,42953,42963,10
13.02369976,80.22792816,42963,42973,10
13.02313995,80.22754669,42973,42993,20
13.02313995,80.22754669,42993,43004,11
13.02299023,80.22743988,43004,43014,10
13.02270985,80.22718811,43014,43024,10
13.02254009,80.22688293,43024,43034,10
13.0219698,80.22637939,43034,43044,10
13.02128029,80.22585297,43044,43054,10
13.02075958,80.22545624,43054,43064,10
13.02054977,80.22528839,43064,43073,9
13.02046013,80.22522736,43073,43084,11
13.02011013,80.22499084,43084,43094,10
13.01947021,80.22457886,43094,43105,11
13.01846027,80.22463226,43105,43115,10
13.01753998,80.22499084,43115,43125,10
13.01673985,80.22531891,43125,43135,10
13.0164299,80.22544861,43135,43145,10
13.01597977,80.2256012,43145,43155,10
13.01535034,80.22583008,43155,43165,10
13.01490974,80.22601318,43165,43175,10
13.01441002,80.22619629,43175,43185,10
13.01416016,80.22631836,43185,43195,10
13.01389027,80.2264328,43195,43206,11
13.01323986,80.22664642,43206,43216,10
13.01249027,80.22692108,43216,43226,10
13.01161957,80.22727203,43226,43236,10
13.01068974,80.22760773,43236,43246,10
13.00992966,80.2279129,43246,43256,10
13.00948048,80.22779083,43256,43266,10
13.0096302,80.22725677,43266,43276,10
13.01002026,80.22644043,43276,43286,10
13.01045036,80.22550201,43286,43296,10
13.0105896,80.22519684,43296,43307,11
13.01062965,80.22509766,43307,43317,10
13.01084995,80.22460938,43317,43327,10
13.01113033,80.22389221,43327,43337,10
13.01144981,80.22315979,43337,43347,10
13.01181984,80.22231293,43347,43357,10
13.01220989,80.22160339,43357,43367,10
13.01222992,80.22104645,43367,43377,10
13.01198006,80.22032928,43377,43387,10
13.01167965,80.21949768,43387,43397,10
13.01136971,80.21859741,43397,43408,11
13.01095009,80.21755219,43408,43418,10
13.0105896,80.21672821,43418,43429,11
13.01014042,80.21591949,43429,43439,10
13.00975037,80.2151413,43439,43449,10
13.0092802,80.21453094,43449,43459,10
13.00879955,80.21385956,43459,43469,10
13.00825024,80.21337891,43469,43489,20
13.00825024,80.21337891,43489,43499,10
13.00815964,80.21331787,43499,43510,11
13.00796032,80.21320343,43510,43520,10
13.00776005,80.21304321,43520,43530,10
13.0075798,80.21292114,43530,43540,10
13.00718975,80.2128067,43540,43550,10
13.00650024,80.21279907,43550,43561,11
13.00578022,80.21299744,43561,43570,9
13.00526047,80.21266937,43570,43580,10
13.00487041,80.21240997,43580,43590,10
13.00415039,80.21218109,43590,43602,12
13.0032196,80.21214294,43602,43612,10
13.00257969,80.2121582,43612,43622,10
13.00207043,80.21237946,43622,43632,10
13.00162029,80.21269226,43632,43642,10
13.00107002,80.21309662,43642,43652,10
13.00051022,80.21356201,43652,43662,10
12.99991989,80.2141037,43662,43672,10
12.9995203,80.21443939,43672,43682,10
12.99921989,80.21470642,43682,43692,10
12.99890041,80.21495819,43692,43702,10
12.99827957,80.21547699,43702,43713,11
12.99765968,80.21602631,43713,43723,10
12.9975996,80.21607208,43723,43733,10
12.99750042,80.21617889,43733,43743,10
12.99728966,80.21643829,43743,43753,10
12.9968996,80.21656036,43753,43763,10
12.99625015,80.21665955,43763,43773,10
12.99545956,80.21685791,43773,43804,31
12.99545956,80.21685791,43804,43814,10
12.99524975,80.21691895,43814,43824,10
12.99514961,80.21697998,43824,43834,10
12.99491978,80.21713257,43834,43844,10
12.99446964,80.21743774,43844,43854,10
12.99398041,80.21781158,43854,43864,10
12.99343967,80.21820068,43864,43874,10
12.99289036,80.2186203,43874,43884,10
12.99225998,80.21907043,43884,43894,10
12.99151993,80.21961212,43894,43904,10
12.99085045,80.22006989,43904,43915,11
12.99018955,80.22061157,43915,43925,10
12.9896698,80.22116852,43925,43935,10
12.98927975,80.22164917,43935,43945,10
12.98900032,80.22199249,43945,43955,10
12.98855972,80.22244263,43955,43965,10
12.98791981,80.22299194,43965,43975,10
12.98777008,80.2230835,43975,43985,10
12.98758984,80.22312164,43985,43995,10
12.98717976,80.22309113,43995,44005,10
12.98684025,80.22302246,44005,44016,11
12.9864397,80.22299194,44016,44026,10
12.98589993,80.22299194,44026,44036,10
12.98548985,80.22332001,44036,44046,10
12.98488998,80.22319031,44046,44056,10
12.98429966,80.22296906,44056,44066,10
12.9839201,80.22273254,44066,44076,10
12.98359013,80.2224884,44076,44086,10
12.98355007,80.22247314,44086,44096,10
12.98328018,80.22231293,44096,44117,21
12.98328018,80.22231293,44117,44127,10
12.98314953,80.22218323,44127,44137,10
12.98291969,80.22203827,44137,44147,10
12.9826498,80.22190094,44147,44157,10
12.98223019,80.22174072,44157,44167,10
12.98176003,80.22144318,44167,44177,10
12.98106956,80.22120667,44177,44187,10
12.98050022,80.22116089,44187,44197,10
12.97980976,80.22116089,44197,44207,10
12.97918034,80.22116852,44207,44218,11
12.97834015,80.221138,44218,44228,10
12.97751999,80.22122192,44228,44238,10
12.97673035,80.2212677,44238,44248,10
12.97614956,80.22135162,44248,44258,10
12.97628021,80.22168732,44258,44268,10
12.97626972,80.22168732,44268,44278,10
12.97634983,80.22193909,44278,44288,10
12.97651958,80.22223663,44288,44298,10
12.97690964,80.22286224,44298,44308,10
12.97747993,80.22379303,44308,44319,11
12.97799969,80.2245636,44319,44329,10
12.97824001,80.22499847,44329,44339,10
12.97854042,80.22544098,44339,44349,10
12.97861958,80.22554016,44349,44359,10
12.97889042,80.22598267,44359,44369,10
12.97931957,80.22672272,44369,44380,11
12.9797802,80.22744751,44380,44389,9
12.98017025,80.22808838,44389,44400,11
12.98060989,80.22885895,44400,44410,10
12.98083973,80.22924805,44410,44420,10
12.98124027,80.22987366,44420,44430,10
12.98167038,80.23052216,44430,44440,10
12.98169994,80.23065186,44440,44450,10
12.98190975,80.23117065,44450,44460,10
12.98202038,80.23203278,44460,44470,10
12.98194027,80.23272705,44470,44480,10
12.98167038,80.23339844,44480,44490,10
12.98157024,80.23361969,44490,44500,10
12.98145008,80.23384094,44500,44511,11
12.98120022,80.23457336,44511,44523,12
12.98118973,80.23555756,44523,44533,10
12.98120022,80.23621368,44533,44543,10
12.98124027,80.23696136,44543,44553,10
12.98124981,80.23755646,44553,44563,10
12.98126984,80.23802948,44563,44573,10
12.98130035,80.23863983,44573,44583,10
12.98130989,80.23874664,44583,44593,10
12.98130989,80.23906708,44593,44603,10
12.98130989,80.23967743,44603,44613,10
12.98132992,80.24040985,44613,44624,11
12.98134041,80.24138641,44624,44634,10
12.98134995,80.24272156,44634,44654,20
12.98134995,80.24272156,44654,44664,10
12.98130989,80.24298096,44664,44674,10
12.98130989,80.24360657,44674,44684,10
12.98122025,80.24443054,44684,44694,10
12.98108006,80.24555969,44694,44704,10
12.98093033,80.24687195,44704,44712,8
12.98083019,80.2480011,44712,44725,13
12.98068047,80.24963379,44725,44735,10
12.98040962,80.25084686,44735,44745,10
12.98015022,80.25193024,44745,44755,10
12.98007965,80.25231934,44755,44765,10
12.98009968,80.252388,44765,44775,10
12.98036957,80.25266266,44775,44785,10
12.98110962,80.2526474,44785,44795,10
12.98215961,80.25263214,44795,44805,10
12.98340988,80.2525177,44805,44815,10
12.98468018,80.25218964,44815,44826,11
12.98571968,80.25190735,44826,44836,10
12.9862299,80.25177765,44836,44846,10
12.98694992,80.25160217,44846,44856,10
12.98762035,80.25141907,44856,44866,10
12.98791981,80.25170135,44866,44876,10
12.98797989,80.25199127,44876,44886,10
12.98799992,80.252388,44886,44896,10
12.98791981,80.25289154,44896,44906,10
12.98787975,80.25338745,44906,44916,10
12.9878397,80.25380707,44916,44927,11
12.98779964,80.25421143,44927,44937,10
12.98777008,80.25457764,44937,44947,10
12.98766041,80.25528717,44947,45078,131
12.98760033,80.25550079,45078,45098,20
12.98760033,80.25550079,45098,45108,10
12.98760986,80.25559998,45108,45118,10
12.9875803,80.25592041,45118,45129,11
12.98750973,80.25652313,45129,45139,10
12.98742962,80.25724792,45139,45149,10
12.98735046,80.25807953,45149,45159,10
12.98727989,80.2587738,45159,45169,10
12.98719978,80.25946808,45169,45189,20
12.98719978,80.25946808,45189,45199,10
12.98727989,80.25958252,45199,45209,10
12.98727036,80.25961304,45209,45219,10
12.98703957,80.25955963,45219,45230,11
12.98709965,80.2592926,45230,45391,161
12.98709965,80.2592926,45391,45401,10
12.98729992,80.2589035,45401,45411,10
12.98731995,80.25830841,45411,45421,10
12.98738956,80.25739288,45421,45431,10
12.98746967,80.25652313,45431,45441,10
12.98750973,80.25588989,45441,45451,10
12.98764992,80.25534058,45451,45461,10
12.98770046,80.25479126,45461,45471,10
12.98775959,80.25447083,45471,45481,10
12.9878397,80.25364685,45481,45491,10
12.98793983,80.25254822,45491,45502,11
12.98783016,80.25184631,45502,45534,32
12.98783016,80.25184631,45534,45544,10
12.98771954,80.25167084,45544,45554,10
12.98711967,80.25166321,45554,45564,10
12.98616982,80.25186157,45564,45574,10
12.98499966,80.25215149,45574,45584,10
12.98367023,80.25251007,45584,45594,10
12.98221016,80.25269318,45594,45604,10
12.98087978,80.25272369,45604,45612,8
12.98025036,80.25273132,45612,45635,23
12.98025036,80.25273132,45635,45645,10
12.97999001,80.25270081,45645,45655,10
12.97986031,80.25232697,45655,45665,10
12.97988033,80.25222778,45665,45675,10
12.98003006,80.25177002,45675,45685,10
12.98027992,80.25099945,45685,45695,10
12.9805603,80.24990082,45695,45705,10
12.98069954,80.24873352,45705,45714,9
12.98077965,80.24767303,45714,45725,11
12.98087978,80.24630737,45725,45736,11
12.98108006,80.24482727,45736,45746,10
12.98114014,80.24401093,45746,45756,10
12.98114967,80.2438736,45756,45766,10
12.98118019,80.24372101,45766,45776,10
12.98128986,80.24352264,45776,45786,10
12.98130989,80.24310303,45786,45796,10
12.98132038,80.24285889,45796,45806,10
12.98132992,80.2427597,45806,45816,10
12.98134041,80.24243927,45816,45826,10
12.98132038,80.2417984,45826,45837,11
12.98132992,80.24072266,45837,45847,10
12.98130989,80.23986816,45847,45857,10
12.98130035,80.23934174,45857,45867,10
12.98128033,80.23879242,45867,45877,10
12.98124981,80.2379837,45877,45887,10
12.98124027,80.23773193,45887,45897,10
12.98122025,80.23705292,45897,45907,10
12.98118973,80.23606873,45907,45917,10
12.98118973,80.23560333,45917,45926,9
12.98118019,80.23531342,45926,45938,12
12.98116016,80.23455811,45938,45948,10
12.98143005,80.23368835,45948,45958,10
12.98161983,80.2333374,45958,45968,10
12.98174953,80.23304749,45968,45978,10
12.98194027,80.2324295,45978,45988,10
12.98192978,80.23181152,45988,45998,10
12.98190022,80.23136902,45998,46006,8
12.98178959,80.23103333,46006,46018,12
12.98153019,80.23053741,46018,46028,10
12.98112011,80.22987366,46028,46039,11
12.98083973,80.22942352,46039,46049,10
12.98066044,80.22914124,46049,46059,10
12.98042011,80.22869873,46059,46069,10
12.98019981,80.22823334,46069,46079,10
12.97986031,80.22763062,46079,46089,10
12.97945976,80.22696686,46089,46099,10
12.97908974,80.22633362,46099,46109,10
12.97865963,80.22561646,46109,46119,10
12.97836971,80.22512817,46119,46129,10
12.9782896,80.22502136,46129,46140,11
12.97817993,80.224823,46140,46150,10
12.97799015,80.22458649,46150,46160,10
12.97774982,80.22422028,46160,46170,10
12.97745991,80.22373199,46170,46180,10
12.97698021,80.2229538,46180,46200,20
12.97698021,80.2229538,46200,46210,10
12.97710037,80.22271729,46210,46220,10
12.97714996,80.22270203,46220,46230,10
12.97749996,80.2226181,46230,46241,11
12.97747993,80.22223663,46241,46251,10
12.97743988,80.2216568,46251,46261,10
12.97741032,80.22132874,46261,46271,10
12.97768021,80.22125244,46271,46281,10
12.97821999,80.22120667,46281,46291,10
12.97896957,80.22113037,46291,46301,10
12.97992039,80.22106171,46301,46311,10
12.98083973,80.22100067,46311,46321,10
12.98167038,80.22138214,46321,46331,10
12.98235989,80.22174835,46331,46352,21
12.98235989,80.22174835,46352,46361,9
12.98250008,80.2218399,46361,46371,10
12.98270988,80.22190094,46371,46382,11
12.98278046,80.22190857,46382,46392,10
12.98285961,80.22193146,46392,46402,10
12.98307037,80.22203064,46402,46411,9
12.98326015,80.22215271,46411,46422,11
12.98367977,80.22244263,46422,46432,10
12.98418999,80.22273254,46432,46444,12
12.98478031,80.22306824,46444,46454,10
12.9851799,80.22322845,46454,46464,10
12.98554039,80.22309113,46464,46474,10
12.98612022,80.2229538,46474,46484,10
12.98665047,80.22296906,46484,46494,10
12.98690987,80.2230072,46494,46504,10
12.98746967,80.2230835,46504,46514,10
12.98820019,80.22270966,46514,46524,10
12.9888401,80.22209167,46524,46534,10
12.98933983,80.22147369,46534,46545,11
12.98995018,80.22070313,46545,46555,10
12.99061012,80.2201767,46555,46565,10
12.99079037,80.22003937,46565,46575,10
12.99096012,80.2199173,46575,46585,10
12.99147987,80.2195282,46585,46595,10
12.99223042,80.21897125,46595,46605,10
12.99302959,80.21839905,46605,46615,10
12.99365997,80.21793365,46615,46625,10
12.99407005,80.21764374,46625,46635,10
12.99452019,80.2173233,46635,46646,11
12.99518013,80.2168808,46646,46656,10
12.99588013,80.21662903,46656,46666,10
12.99658966,80.21649933,46666,46676,10
12.99711037,80.21640778,46676,46686,10
12.99744987,80.21605682,46686,46696,10
12.99748039,80.21604919,46696,46706,10
12.99769974,80.21588135,46706,46716,10
12.99812031,80.21546173,46716,46726,10
12.99878979,80.21491241,46726,46736,10
12.99913979,80.21459961,46736,46747,11
12.99969959,80.21412659,46747,46757,10
13.00022984,80.21366882,46757,46767,10
13.00088024,80.21315002,46767,46777,10
13.00139999,80.2127533,46777,46787,10
13.00193024,80.21238708,46787,46797,10
13.00259018,80.21209717,46797,46807,10
13.00319004,80.21205902,46807,46817,10
13.00372028,80.21199799,46817,46827,10
13.00444984,80.21222687,46827,46837,10
13.00524998,80.21269226,46837,46848,11
13.00607967,80.21282196,46848,46858,10
13.00691032,80.21273041,46858,46868,10
13.00765991,80.21292114,46868,46888,20
13.00765991,80.21292114,46888,46898,10
13.00776958,80.21302032,46898,46908,10
13.00784969,80.21308899,46908,46918,10
13.00817966,80.21325684,46918,46928,10
13.00872993,80.21372986,46928,46938,10
13.00932026,80.21450043,46938,46948,10
13.00981998,80.21515656,46948,46959,11
13.0103302,80.21575928,46959,46969,10
13.01066017,80.216362,46969,46979,10
13.01086044,80.21700287,46979,46989,10
13.01121044,80.21788025,46989,46999,10
13.01159954,80.21897888,46999,47009,10
13.01202011,80.2202301,47009,47019,10
13.01239967,80.22119141,47019,47029,10
13.01261997,80.22158051,47029,47039,10
13.01284027,80.22197723,47039,47048,9
13.01309967,80.22228241,47048,47060,12
13.01329994,80.22251129,47060,47070,10
13.0135498,80.22277832,47070,47080,10
13.0137701,80.22306061,47080,47090,10
13.01403999,80.22338867,47090,47100,10
13.01426029,80.22364807,47100,47110,10
13.01451015,80.22393036,47110,47120,10
13.01502037,80.22457886,47120,47130,10
13.01541996,80.22492218,47130,47140,10
13.01541996,80.22493744,47140,47150,10
13.01550961,80.22505951,47150,47161,11
13.01609039,80.22534943,47161,47171,10
13.01702976,80.22509766,47171,47181,10
13.01817036,80.22466278,47181,47191,10
13.01928997,80.22440338,47191,47201,10
13.02007008,80.22480774,47201,47211,10
13.02070999,80.22521973,47211,47221,10
13.02122021,80.22561646,47221,47232,11
13.02188015,80.22609711,47232,47242,10
13.02235985,80.22648621,47242,47252,10
13.02301979,80.2270813,47252,47262,10
13.02375031,80.22779083,47262,47272,10
13.02420998,80.2282486,47272,47282,10
13.02460003,80.22879028,47282,47292,10
13.02488995,80.22921753,47292,47302,10
13.02532005,80.22975922,47302,47312,10
13.02579975,80.23053741,47312,47322,10
13.02595043,80.23104095,47322,47332,10
13.0260601,80.23129272,47332,47342,10
13.02702999,80.2310791,47342,47375,33
13.02719975,80.23104858,47375,47415,40
13.02719975,80.23104858,47415,47425,10
13.02752018,80.23095703,47425,47435,10
13.02764034,80.2309494,47435,47445,10
13.02791977,80.23091888,47445,47455,10
13.02832031,80.23088074,47455,47466,11
13.02892971,80.23082733,47466,47476,10
13.02935028,80.23079681,47476,47486,10
13.02956009,80.23078156,47486,47496,10
13.02966022,80.23075867,47496,47506,10
13.02991009,80.23074341,47506,47516,10
13.03020954,80.23071289,47516,47526,10
13.03044987,80.23069763,47526,47536,10
13.03057957,80.23069763,47536,47546,10
13.03094959,80.23065948,47546,47557,11
13.03127003,80.23065186,47557,47567,10
13.03157997,80.2306366,47567,47577,10
13.0318203,80.23062134,47577,47587,10
13.03219032,80.23058319,47587,47597,10
13.0323,80.23056793,47597,47607,10
13.03269005,80.2305603,47607,47617,10
13.03304958,80.2305069,47617,47627,10
13.03343964,80.23049164,47627,47637,10
13.03369045,80.23046112,47637,47647,10
13.03409958,80.23043823,47647,47657,10
13.03460979,80.2303009,47657,47678,21
13.03460979,80.2303009,47678,47688,10
13.03485966,80.23023987,47688,47698,10
13.03509045,80.23032379,47698,47708,10
13.03483009,80.23033905,47708,47718,10
13.03437042,80.23043823,47718,47728,10
13.03378963,80.23046112,47728,47738,10
13.03314018,80.23049927,47738,47748,10
13.0324297,80.2305603,47748,47758,10
13.0317297,80.23062134,47758,47769,11
13.03085995,80.23069,47769,47779,10
13.0302496,80.23075104,47779,47789,10
13.02974033,80.23081207,47789,47799,10
13.02968025,80.23082733,47799,47809,10
13.02937031,80.23085785,47809,47819,10
13.02880001,80.23088837,47819,47829,10
13.0280304,80.2309494,47829,47839,10
13.0276804,80.23108673,47839,47849,10
13.02770042,80.23164368,47849,47859,10
13.02775955,80.23214722,47859,47870,11
13.02779961,80.23277283,47870,47880,10
13.02752972,80.23284149,47880,47890,10
13.0274601,80.23287201,47890,47900,10
13.0272398,80.23291779,47900,47910,10
13.02678013,80.23297882,47910,47991,81
13.02678013,80.23297882,47991,48001,10
13.02647972,80.23300934,48001,48011,10
13.02626038,80.23262024,48011,48021,10
13.02608967,80.23190308,48021,48031,10
13.02591038,80.23120117,48031,48041,10
13.02560043,80.23034668,48041,48051,10
13.02497959,80.22947693,48051,48061,10
13.02455044,80.22892761,48061,48072,11
13.02418041,80.22843933,48072,48082,10
13.02371979,80.2278595,48082,48092,10
13.02303982,80.22718811,48092,48102,10
13.02231979,80.2265625,48102,48112,10
13.02169037,80.22602081,48112,48122,10
13.02103996,80.22551727,48122,48132,10
13.02050972,80.22515106,48132,48142,10
13.02011013,80.2248764,48142,48152,10
13.01943016,80.22447968,48152,48162,10
13.01848984,80.2245636,48162,48172,10
13.01760006,80.22493744,48172,48182,10
13.01683044,80.22525024,48182,48192,10
13.01648045,80.22538757,48192,48203,11
13.01622009,80.22553253,48203,48212,9
13.01570034,80.22567749,48212,48223,11
13.01513004,80.22589111,48223,48233,10
13.01445961,80.22608185,48233,48487,254
13.01445961,80.22608185,48487,48497,10
13.01436043,80.22615051,48497,48506,9
13.01420975,80.22615814,48506,48519,13
13.01416969,80.22593689,48519,48529,10
13.01416016,80.22567749,48529,48539,10
13.01420021,80.22528839,48539,48559,20
13.01420021,80.22528839,48559,48570,11
13.01412964,80.22532654,48570,48590,20
13.01418018,80.22537231,48590,48771,181
13.01418018,80.22537231,48771,48782,11
13.01420975,80.22570038,48782,48792,10
13.01420021,80.22588348,48792,48802,10
13.01438999,80.22583771,48802,48812,10
13.01486015,80.22557831,48812,49520,708
13.01482964,80.22538757,49520,50470,950
13.01482964,80.22538757,50470,50480,10
13.01478958,80.22564697,50480,50500,20
13.01478958,80.22564697,50500,50510,10
13.01463985,80.22569275,50510,50944,434
13.01453972,80.22557831,50944,51188,244
13.01461029,80.22559357,51188,55183,3995
13.01461029,80.22559357,55183,55193,10
13.01443005,80.22559357,55193,55203,10
13.01410007,80.22556305,55203,55213,10
13.01434994,80.22545624,55213,55224,11
13.0144701,80.22585297,55224,74607,19383
13.0144701,80.22585297,74607,74616,9
13.01449966,80.22579193,74616,74628,12
13.01443005,80.22564697,74628,74638,10
13.01438046,80.22576141,74638,74648,10
