12.98663998,80.25894165,15,855,840
12.98657036,80.25892639,855,1706,851
12.98672962,80.2588501,1706,6080,4374
12.9867897,80.25892639,6080,6262,182
12.98672962,80.2589035,6262,19265,13003
12.98672962,80.2589035,19265,19275,10
12.98701954,80.25904846,19275,19285,10
12.98725986,80.25908661,19285,19295,10
12.98731995,80.25907898,19295,19306,11
12.98738956,80.25891113,19306,19316,10
12.98740005,80.25859833,19316,19326,10
12.98740005,80.25858307,19326,19336,10
12.98740959,80.25826263,19336,19346,10
12.98742008,80.25776672,19346,19620,274
12.98754025,80.25773621,19620,19640,20
12.98754025,80.25773621,19640,19650,10
12.98754978,80.25759125,19650,19660,10
12.98756027,80.25711823,19660,19670,10
12.98760033,80.2564621,19670,19680,10
12.98762035,80.25582886,19680,19690,10
12.98736,80.25569153,19690,19700,10
12.98670959,80.25557709,19700,19711,11
12.98583984,80.25538635,19711,19721,10
12.98495007,80.25521088,19721,19731,10
12.98425961,80.25504303,19731,19741,10
12.98357964,80.25488281,19741,19752,11
12.98285961,80.25469208,19752,19762,10
12.9821701,80.25437927,19762,19772,10
12.98186016,80.25367737,19772,19783,11
12.98159981,80.25287628,19783,19793,10
12.9809103,80.2527771,19793,19803,10
12.9801302,80.25273895,19803,19813,10
12.97914982,80.25263977,19813,19823,10
12.97813988,80.25221252,19823,19833,10
12.97710991,80.2514267,19833,19843,10
12.97579956,80.25100708,19843,19853,10
12.97443962,80.25061035,19853,19863,10
12.9728899,80.25016785,19863,19874,11
12.9715004,80.24980164,19874,19884,10
12.97012997,80.24938202,19884,19894,10
12.96881008,80.24887085,19894,19904,10
12.96753979,80.24836731,19904,19914,10
12.96632004,80.24778748,19914,19924,10
12.96529961,80.24738312,19924,19934,10
12.96494007,80.24725342,19934,19944,10
12.96469021,80.24716187,19944,19955,11
12.9641304,80.24697876,19955,19965,10
12.96370983,80.24693298,19965,19975,10
12.96323967,80.24669647,19975,19985,10
12.96280956,80.24648285,19985,19995,10
12.96240044,80.24620056,19995,20005,10
12.96179008,80.24585724,20005,20015,10
12.96088028,80.2454071,20015,20025,10
12.95983028,80.24495697,20025,20036,11
12.95855045,80.24437714,20036,20046,10
12.95769024,80.24404907,20046,20056,10
12.95687962,80.2436676,20056,20066,10
12.95643997,80.24347687,20066,20076,10
12.95619011,80.24337769,20076,20086,10
12.95547009,80.24308777,20086,20096,10
12.9545002,80.24269867,20096,20106,10
12.95337963,80.24223328,20106,20117,11
12.95199966,80.24169922,20117,20127,10
12.95067978,80.24125671,20127,20137,10
12.94935989,80.24088287,20137,20147,10
12.94814014,80.24038696,20147,20157,10
12.94684982,80.23983765,20157,20167,10
12.94556046,80.23928833,20167,20177,10
12.94447994,80.2383194,20177,20187,10
12.94351959,80.2372818,20187,20198,11
12.94225979,80.23642731,20198,20208,10
12.94085979,80.23606873,20208,20218,10
12.93978024,80.23574829,20218,20228,10
12.9382,80.23499298,20228,20238,10
12.93712044,80.23445892,20238,20248,10
12.93562031,80.23374939,20248,20258,10
12.93432999,80.23316193,20258,20268,10
12.93303013,80.23256683,20268,20279,11
12.93153954,80.23204041,20279,20289,10
12.93015003,80.23161316,20289,20299,10
12.92875004,80.23130798,20299,20309,10
12.92728996,80.23110199,20309,20319,10
12.92582989,80.23094177,20319,20329,10
12.92455959,80.23079681,20329,20339,10
12.92341995,80.23065186,20339,20349,10
12.92208004,80.23045349,20349,20360,11
12.92043018,80.23023224,20360,20370,10
12.91886997,80.2300415,20370,20380,10
12.91734982,80.22984314,20380,20390,10
12.91584969,80.22963715,20390,20400,10
12.9144001,80.22943878,20400,20410,10
12.91312027,80.22927856,20410,20420,10
12.91170025,80.22910309,20420,20430,10
12.91022015,80.22886658,20430,20441,11
12.90855026,80.22859955,20441,20451,10
12.90699959,80.22836304,20451,20461,10
12.90548038,80.22824097,20461,20471,10
12.90390968,80.22814941,20471,20481,10
12.90233994,80.22807312,20481,20491,10
12.90098953,80.2279892,20491,20501,10
12.89992046,80.22792816,20501,20511,10
12.8994503,80.22792053,20511,20522,11
12.8994503,80.22789764,20522,20532,10
12.89904976,80.22786713,20532,20542,10
12.89828014,80.22782135,20542,20552,10
12.89725971,80.22776031,20552,20562,10
12.89599991,80.22769928,20562,20572,10
12.89457989,80.2276535,20572,20582,10
12.89307022,80.22750092,20582,20592,10
12.89150047,80.22738647,20592,20603,11
12.88971043,80.22738647,20603,20613,10
12.88809967,80.22736359,20613,20623,10
12.88656044,80.22711182,20623,20633,10
12.8852396,80.22679901,20633,20643,10
12.88479996,80.22676086,20643,20653,10
12.88471985,80.22675323,20653,20663,10
12.88424015,80.22673798,20663,20673,10
12.88335991,80.22676086,20673,20684,11
12.88210011,80.22676086,20684,20694,10
12.88076019,80.22678375,20694,20704,10
12.87932014,80.22679901,20704,20714,10
12.87782001,80.22688293,20714,20724,10
12.87650967,80.22698975,20724,20734,10
12.87516022,80.22693634,20734,20744,10
12.87372017,80.22676849,20744,20754,10
12.87275028,80.22673035,20754,20765,11
12.87257004,80.22673035,20765,20775,10
12.87207031,80.22672272,20775,20785,10
12.87123013,80.22667694,20785,20795,10
12.87012959,80.22660065,20795,20805,10
12.8688097,80.22644043,20805,20815,10
12.86736012,80.22647095,20815,20825,10
12.86590004,80.22660828,20825,20835,10
12.86441994,80.22657776,20835,20846,11
12.86277962,80.22653961,20846,20856,10
12.86137009,80.22660065,20856,20866,10
12.85993004,80.22647858,20866,20876,10
12.85873985,80.22631836,20876,20886,10
12.85768032,80.22628021,20886,20896,10
12.85641956,80.22638702,20896,20906,10
12.85499954,80.22653961,20906,20916,10
12.85348034,80.22669983,20916,20927,11
12.85175991,80.22667694,20927,20937,10
12.85027027,80.22660828,20937,20947,10
12.84906006,80.22659302,20947,20957,10
12.8476696,80.22660065,20957,20967,10
12.84622955,80.22660828,20967,20977,10
12.8453598,80.22663879,20977,20987,10
12.84519958,80.22663879,20987,20997,10
12.84457016,80.22667694,20997,21008,11
12.84350967,80.22679901,21008,21018,10
12.84230042,80.22702789,21018,21028,10
12.84101009,80.22736359,21028,21038,10
12.83994961,80.22766876,21038,21099,61
12.83994961,80.22766876,21099,21109,10
12.83942032,80.22782898,21109,21119,10
12.83872032,80.22801971,21119,21129,10
12.83775997,80.22824097,21129,21139,10
12.83656025,80.22841644,21139,21149,10
12.83520031,80.22859955,21149,21159,10
12.83380032,80.22885132,21159,21170,11
12.83240986,80.22911835,21170,21180,10
12.83203983,80.2292099,21180,21190,10
12.83172989,80.22928619,21190,21200,10
12.83110046,80.22946167,21200,21210,10
12.83024025,80.2297821,21210,21220,10
12.82919979,80.2301712,21220,21230,10
12.82812023,80.23072052,21230,21240,10
12.82709026,80.23124695,21240,21251,11
12.82577991,80.23142242,21251,21261,10
12.82464981,80.23139954,21261,21271,10
12.82376003,80.23117065,21271,21281,10
12.82264996,80.23082733,21281,21291,10
12.82143974,80.23052216,21291,21301,10
12.82019997,80.23049927,21301,21311,10
12.81902027,80.23052216,21311,21321,10
12.81791973,80.23005676,21321,21331,10
12.81665993,80.22956848,21331,21342,11
12.81507969,80.22930908,21342,21352,10
12.81361961,80.22899628,21352,21362,10
12.81217957,80.22850037,21362,21372,10
12.81074047,80.22795868,21372,21382,10
12.80935001,80.22733307,21382,21392,10
12.80815029,80.22640991,21392,21402,10
12.80731964,80.22570801,21402,21412,10
12.80663013,80.22509766,21412,21423,11
12.80597019,80.22450256,21423,21433,10
12.8052702,80.22406769,21433,21443,10
12.80473995,80.22395325,21443,21453,10
12.80399036,80.22389984,21453,21463,10
12.80313969,80.22383118,21463,21473,10
12.80208969,80.22370148,21473,21483,10
12.80088043,80.22357941,21483,21493,10
12.79959965,80.22345734,21493,21504,11
12.79810047,80.22332001,21504,21514,10
12.79671001,80.22309875,21514,21524,10
12.79539967,80.22286224,21524,21534,10
12.79409981,80.22264099,21534,21544,10
12.79284954,80.22245789,21544,21554,10
12.79176998,80.22223663,21554,21564,10
12.79082012,80.22200775,21564,21574,10
12.7898798,80.22177124,21574,21585,11
12.78913975,80.22151947,21585,21595,10
12.78827,80.22119141,21595,21605,10
12.78752041,80.22088623,21605,21615,10
12.78674984,80.22059631,21615,21625,10
12.78617954,80.22039795,21625,21635,10
12.78616047,80.22086334,21635,21645,10
12.78619957,80.22155762,21645,21655,10
12.78623962,80.22207642,21655,21666,11
12.78610992,80.22196198,21666,21676,10
12.78619957,80.22161102,21676,21686,10
12.78621006,80.22154999,21686,21696,10
12.78619957,80.22141266,21696,21706,10
12.78617954,80.22102356,21706,21716,10
12.78614044,80.22052002,21716,21726,10
12.78654003,80.22044373,21726,21767,41
12.78654003,80.22044373,21767,21777,10
12.78680992,80.22057343,21777,21787,10
12.78730011,80.22075653,21787,21797,10
12.78794956,80.22100067,21797,21807,10
12.78878021,80.22132111,21807,21817,10
12.78962994,80.22162628,21817,21828,11
12.79051971,80.22187805,21828,21838,10
12.79152966,80.22213745,21838,21848,10
12.79263973,80.22239685,21848,21858,10
12.79386044,80.22257996,21858,21868,10
12.79510021,80.22277832,21868,21878,10
12.79621983,80.22296143,21878,21888,10
12.79656029,80.2230072,21888,21898,10
12.7969799,80.22309875,21898,21909,11
12.79786015,80.22324371,21909,21919,10
12.79881954,80.22335815,21919,21929,10
12.79990005,80.22345734,21929,21939,10
12.80107021,80.22357178,21939,21949,10
12.80222034,80.22368622,21949,21959,10
12.8032999,80.22383118,21959,21969,10
12.80428982,80.22392273,21969,21979,10
12.80550003,80.22412109,21979,22010,31
12.80550003,80.22412109,22010,22020,10
12.8056097,80.22413635,22020,22030,10
12.8059597,80.22440338,22030,22040,10
12.80650997,80.22489166,22040,22050,10
12.80722046,80.22551727,22050,22060,10
12.80799961,80.22618103,22060,22071,11
12.80898952,80.22701263,22071,22081,10
12.8100996,80.2276535,22081,22091,10
12.81134033,80.2281723,22091,22101,10
12.81266975,80.2286377,22101,22111,10
12.81404018,80.22908783,22111,22121,10
12.81546974,80.2293396,22121,22131,10
12.81688976,80.22958374,22131,22141,10
12.81807995,80.23002625,22141,22152,11
12.81912041,80.23045349,22152,22162,10
12.81980038,80.23046112,22162,22172,10
12.81991959,80.23045349,22172,22182,10
12.82044983,80.23043823,22182,22192,10
12.82131958,80.23043823,22192,22202,10
12.82236004,80.23065186,22202,22212,10
12.82353973,80.23101044,22212,22222,10
12.82468987,80.23130035,22222,22233,11
12.82596016,80.23135376,22233,22243,10
12.82625961,80.23133087,22243,22253,10
12.8266201,80.23130798,22253,22263,10
12.82721996,80.23117065,22263,22273,10
12.82796955,80.2307663,22273,22283,10
12.82890034,80.23026276,22283,22293,10
12.83001041,80.22982025,22293,22303,10
12.83090973,80.22946167,22303,22314,11
12.83104038,80.22940063,22314,22324,10
12.83106041,80.22937775,22324,22334,10
12.83141041,80.22926331,22334,22344,10
12.83170986,80.22917175,22344,22354,10
12.83213997,80.22907257,22354,22364,10
12.83288002,80.22892761,22364,22374,10
12.83382034,80.2287674,22374,22384,10
12.83491993,80.22857666,22384,22395,11
12.83621025,80.22839355,22395,22405,10
12.83740044,80.22821045,22405,22415,10
12.83848,80.22799683,22415,22425,10
12.83948994,80.22775269,22425,22455,30
12.83948994,80.22775269,22455,22465,10
12.83965969,80.22769165,22465,22476,11
12.84014034,80.22756195,22476,22486,10
12.8408699,80.22736359,22486,22496,10
12.84179974,80.22711945,22496,22506,10
12.84290981,80.22688293,22506,22516,10
12.84407997,80.22667694,22516,22526,10
12.84541988,80.22654724,22526,22546,20
12.84541988,80.22654724,22546,22557,11
12.8457098,80.22653198,22557,22567,10
12.84584999,80.22651672,22567,22577,10
12.84642982,80.22651672,22577,22587,10
12.84733009,80.22650909,22587,22597,10
12.84840012,80.22650909,22597,22607,10
12.84947014,80.22650909,22607,22617,10
12.85002041,80.22650146,22617,22627,10
12.8501997,80.22650146,22627,22638,11
12.85091019,80.22653198,22638,22648,10
12.85182953,80.22657776,22648,22658,10
12.85291958,80.22663116,22658,22668,10
12.85414982,80.22653961,22668,22678,10
12.85544968,80.22640991,22678,22688,10
12.85680008,80.22627258,22688,22698,10
12.85811996,80.22618866,22698,22708,10
12.85925961,80.22628784,22708,22719,11
12.86056042,80.22647095,22719,22729,10
12.86083031,80.22650146,22729,22739,10
12.86108017,80.22653198,22739,22749,10
12.86168003,80.22650909,22749,22759,10
12.86260986,80.22646332,22759,22769,10
12.86373997,80.22647858,22769,22779,10
12.8650198,80.22654724,22779,22789,10
12.86637974,80.22650146,22789,22800,11
12.86793995,80.22635651,22800,22810,10
12.86935997,80.22644043,22810,22820,10
12.87077045,80.22657776,22820,22830,10
12.87205029,80.22660828,22830,22840,10
12.8728199,80.22660065,22840,22850,10
12.87296009,80.22660828,22850,22860,10
12.87347984,80.22663879,22860,22870,10
12.8743,80.22672272,22870,22881,11
12.87541962,80.22688293,22881,22891,10
12.87640953,80.22689819,22891,22901,10
12.87668991,80.22688293,22901,22911,10
12.87687016,80.22685242,22911,22921,10
12.87745953,80.22680664,22921,22931,10
12.87833977,80.22676086,22931,22941,10
12.87940979,80.22669983,22941,22951,10
12.88062,80.22667694,22951,22962,11
12.88202953,80.22667694,22962,22972,10
12.88333988,80.22666931,22972,22982,10
12.88459015,80.22664642,22982,22992,10
12.88521957,80.22666931,22992,23002,10
12.88537025,80.2266922,23002,23012,10
12.88586998,80.22679901,23012,23022,10
12.88667011,80.22702026,23022,23032,10
12.88764,80.22721863,23032,23043,11
12.88887978,80.22733307,23043,23053,10
12.89013004,80.2273407,23053,23063,10
12.89142036,80.2273407,23063,23073,10
12.8926897,80.22740173,23073,23083,10
12.89398956,80.22756958,23083,23093,10
12.89535046,80.22763824,23093,23103,10
12.89675999,80.22769928,23103,23113,10
12.89818001,80.2277832,23113,23124,11
12.89962006,80.2278595,23124,23134,10
12.90038967,80.2278595,23134,23144,10
12.90065956,80.22788239,23144,23154,10
12.90095043,80.22789764,23154,23164,10
12.9016304,80.22792816,23164,23194,30
12.9016304,80.22792816,23194,23205,11
12.90207005,80.22795868,23205,23215,10
12.9026804,80.2279892,23215,23225,10
12.90297985,80.22799683,23225,23235,10
12.90347004,80.2280426,23235,23245,10
12.90429974,80.22808075,23245,23255,10
12.90532017,80.22812653,23255,23265,10
12.90639973,80.22817993,23265,23275,10
12.90688038,80.22821045,23275,23285,10
12.90697956,80.22824097,23285,23296,11
12.90746975,80.22830963,23296,23306,10
12.90828991,80.22844696,23306,23316,10
12.90931034,80.22859955,23316,23326,10
12.91044998,80.22878265,23326,23336,10
12.91172028,80.22897339,23336,23346,10
12.91296005,80.22914124,23346,23356,10
12.91386032,80.22924805,23356,23366,10
12.91403961,80.22927856,23366,23377,11
12.91431046,80.22930908,23377,23387,10
12.91493034,80.22940826,23387,23397,10
12.91580009,80.22953796,23397,23407,10
12.91689014,80.22969055,23407,23417,10
12.91812038,80.2298584,23417,23427,10
12.91936016,80.23001862,23427,23437,10
12.92051983,80.23016357,23437,23447,10
12.92179966,80.23032379,23447,23458,11
12.92333984,80.2305603,23458,23468,10
12.92461967,80.23074341,23468,23478,10
12.92572021,80.23085785,23478,23488,10
12.92673969,80.23097229,23488,23498,10
12.92782021,80.23110199,23498,23508,10
12.92879963,80.23123169,23508,23518,10
12.92978954,80.23145294,23518,23528,10
12.93103981,80.23184204,23528,23539,11
12.93229961,80.23223877,23539,23549,10
12.93338013,80.23264313,23549,23559,10
12.93373013,80.23278809,23559,23569,10
12.93393993,80.23287964,23569,23579,10
12.93457985,80.23316956,23579,23589,10
12.93542957,80.23355865,23589,23599,10
12.93636036,80.23401642,23599,23609,10
12.93752956,80.23458099,23609,23620,11
12.93865967,80.23513794,23620,23630,10
12.93964958,80.23561096,23630,23650,20
12.93964958,80.23561096,23650,23660,10
12.93992996,80.23574066,23660,23670,10
12.94050026,80.2359314,23670,23680,10
12.94159031,80.23622131,23680,23690,10
12.94268036,80.23655701,23690,23701,11
12.94373989,80.23742676,23701,23711,10
12.94464016,80.23842621,23711,23721,10
12.94559956,80.23928833,23721,23731,10
12.94674015,80.23976135,23731,23741,10
12.94729996,80.23996735,23741,23751,10
12.94742012,80.24002075,23751,23761,10
12.94789982,80.24022675,23761,23771,10
12.94863987,80.24051666,23771,23782,11
12.94939995,80.2408371,23782,23792,10
12.95024014,80.24107361,23792,23802,10
12.95102024,80.24130249,23802,23812,10
12.95110035,80.24133301,23812,23822,10
12.95133018,80.24143219,23822,23832,10
12.9519701,80.24166107,23832,23842,10
12.9528904,80.24201202,23842,23852,10
12.9539299,80.24243164,23852,23863,11
12.95491982,80.24282837,23863,23873,10
12.95569038,80.24308777,23873,23883,10
12.95635986,80.24330139,23883,23893,10
12.95648956,80.24336243,23893,23903,10
12.95689964,80.2435379,23903,23913,10
12.95748997,80.24382019,23913,23923,10
12.95853043,80.24427032,23923,23933,10
12.95899963,80.24447632,23933,23944,11
12.9591198,80.24455261,23944,23954,10
12.95960045,80.24476624,23954,23964,10
12.9603796,80.24511719,23964,23974,10
12.96133995,80.24555969,23974,23984,10
12.96240997,80.24607086,23984,23994,10
12.96321964,80.24649048,23994,24004,10
12.96378994,80.2467804,24004,24014,10
12.96450043,80.24704742,24014,24025,11
12.96543026,80.24736023,24025,24035,10
12.96638012,80.24771881,24035,24045,10
12.96697044,80.24797821,24045,24055,10
12.96700001,80.24799347,24055,24065,10
12.96730042,80.24816895,24065,24075,10
12.96798038,80.24845886,24075,24085,10
12.96887016,80.24880981,24085,24095,10
12.96996021,80.24922943,24095,24106,11
12.97124958,80.24967957,24106,24116,10
12.97251987,80.25003052,24116,24126,10
12.97385979,80.25039673,24126,24136,10
12.97517967,80.2507782,24136,24146,10
12.97644997,80.25113678,24146,24156,10
12.97762012,80.25166321,24156,24166,10
12.97834015,80.25222015,24166,24176,10
12.97842026,80.2522583,24176,24187,11
12.97867966,80.25244141,24187,24197,10
12.97937965,80.25260162,24197,24207,10
12.9802599,80.25263214,24207,24217,10
12.98128986,80.25260162,24217,24227,10
12.98248959,80.25256348,24227,24237,10
12.98375988,80.25240326,24237,24247,10
12.98505974,80.25205994,24247,24257,10
12.98614025,80.25176239,24257,24268,11
12.98649025,80.25166321,24268,24278,10
12.98688984,80.25151825,24278,24288,10
12.98692989,80.25151825,24288,24298,10
12.9871397,80.25148773,24298,24308,10
12.98771,80.25132751,24308,24318,10
12.98847008,80.25115204,24318,24328,10
12.98931026,80.25090027,24328,24338,10
12.98948956,80.25084686,24338,24349,11
12.98985958,80.25077057,24349,24359,10
12.9905901,80.25060272,24359,24369,10
12.99158955,80.25035095,24369,24379,10
12.99279976,80.25006104,24379,24389,10
12.99411011,80.24971008,24389,24399,10
12.99543953,80.24939728,24399,24409,10
12.99666023,80.24907684,24409,24419,10
12.99822044,80.248703,24419,24430,11
12.99985027,80.24829865,24430,24440,10
13.00129986,80.24794006,24440,24450,10
13.00228977,80.24768829,24450,24460,10
13.00319958,80.24752045,24460,24470,10
13.00426006,80.2473526,24470,24480,10
13.0051899,80.2472229,24480,24490,10
13.00632954,80.2467804,24490,24500,10
13.00652981,80.2463913,24500,24511,11
13.00652981,80.24638367,24511,24521,10
13.00658989,80.24610138,24521,24531,10
13.00664043,80.24549866,24531,24541,10
13.00664043,80.24465942,24541,24551,10
13.00667953,80.24372101,24551,24561,10
13.00662041,80.24266052,24561,24571,10
13.00660992,80.24144745,24571,24581,10
13.00675011,80.24025726,24581,24592,11
13.00699043,80.23899841,24592,24602,10
13.0072403,80.23782349,24602,24612,10
13.00739002,80.23690033,24612,24622,10
13.00743961,80.23664093,24622,24632,10
13.00745964,80.23660278,24632,24642,10
13.0075798,80.2361908,24642,24652,10
13.00771999,80.23545837,24652,24662,10
13.00790977,80.23454285,24662,24673,11
13.0081501,80.23330688,24673,24683,10
13.00837994,80.23209381,24683,24693,10
13.00862026,80.23087311,24693,24703,10
13.00887966,80.22958374,24703,24713,10
13.00914001,80.22830963,24713,24723,10
13.00965023,80.22707367,24723,24733,10
13.01019955,80.22588348,24733,24743,10
13.01066017,80.2248764,24743,24754,11
13.01113033,80.22373962,24754,24764,10
13.01150036,80.22302246,24764,24774,10
13.0117197,80.22223663,24774,24784,10
13.01218033,80.22149658,24784,24794,10
13.01249981,80.22186279,24794,24804,10
13.01303005,80.22248077,24804,24814,10
13.01369953,80.22324371,24814,24824,10
13.01426029,80.22393036,24824,24835,11
13.01496983,80.22457886,24835,24845,10
13.01558018,80.2250824,24845,24855,10
13.01568985,80.22515106,24855,24865,10
13.01591969,80.22528076,24865,24875,10
13.01657963,80.22527313,24875,24885,10
13.01747036,80.22493744,24885,24895,10
13.01840019,80.22457886,24895,24905,10
13.01963997,80.22444153,24905,24946,41
13.01963997,80.22444153,24946,24956,10
13.0197401,80.22457123,24956,24966,10
13.01998997,80.22473907,24966,24976,10
13.02036953,80.22502136,24976,24986,10
13.02087975,80.22537994,24986,24997,11
13.02143955,80.22582245,24997,25007,10
13.02204037,80.22625732,25007,25017,10
13.02266979,80.22679901,25017,25027,10
13.02324009,80.2273407,25027,25037,10
13.02385044,80.22788239,25037,25047,10
13.02429008,80.22831726,25047,25057,10
13.02443981,80.22852325,25057,25067,10
13.02420044,80.22850037,25067,25078,11
13.02387047,80.22808075,25078,25088,10
13.02344036,80.22769928,25088,25574,486
13.02344036,80.22769928,25574,25584,10
13.02336025,80.22746277,25584,25999,415
13.02317047,80.22740173,25999,26161,162
13.02317047,80.22740173,26161,26171,10
13.02322006,80.22734833,26171,26181,10
13.02313042,80.22725677,26181,26191,10
13.02309036,80.22721863,26191,26202,11
13.02303982,80.22717285,26202,26212,10
13.02280045,80.22695923,26212,26222,10
13.02245998,80.22662354,26222,26232,10
13.02200985,80.22621918,26232,26242,10
13.02153015,80.22586823,26242,26252,10
13.02101994,80.22545624,26252,26262,10
13.02052975,80.22512817,26262,26272,10
13.02015972,80.22492218,26272,26283,11
13.0199604,80.22476959,26283,26293,10
13.01959991,80.22454071,26293,26303,10
13.01893044,80.22442627,26303,26313,10
13.01811981,80.22470856,26313,26323,10
13.01721001,80.22509003,26323,26333,10
13.01640987,80.22543335,26333,26343,10
13.01568985,80.22569275,26343,26353,10
13.01513958,80.22592926,26353,26364,11
13.01449966,80.2261734,26364,26384,20
13.01449966,80.2261734,26384,26394,10
13.01432037,80.22621155,26394,26404,10
13.01381016,80.22641754,26404,26414,10
13.01315022,80.22666931,26414,26424,10
13.01233006,80.22699738,26424,26434,10
13.01142025,80.22736359,26434,26444,10
13.01049042,80.22773743,26444,26455,11
13.00961018,80.22810364,26455,26465,10
13.00911999,80.22870636,26465,26475,10
13.0089798,80.22969818,26475,26485,10
13.00881004,80.23069763,26485,26495,10
13.00864029,80.23168182,26495,26505,10
13.00844002,80.23265076,26505,26515,10
13.00831985,80.23338318,26515,26526,11
13.00829029,80.23355865,26526,26536,10
13.00821972,80.23374939,26536,26546,10
13.00809956,80.23416901,26546,26556,10
13.00796986,80.23477936,26556,26566,10
13.00782013,80.23558807,26566,26576,10
13.00765991,80.23645782,26576,26586,10
13.00747967,80.23742676,26586,26596,10
13.00728989,80.23844147,26596,26606,10
13.0071497,80.23935699,26606,26617,11
13.00708961,80.23983765,26617,26627,10
13.00702,80.24021149,26627,26637,10
13.00695992,80.24051666,26637,26647,10
13.00691032,80.2406311,26647,26657,10
13.00687981,80.24089813,26657,26667,10
13.00681973,80.24152374,26667,26677,10
13.00677967,80.24230957,26677,26687,10
13.00673962,80.24314117,26687,26698,11
13.00667953,80.24401093,26698,26708,10
13.00667953,80.24494934,26708,26718,10
13.00671005,80.24581146,26718,26728,10
13.00675011,80.24674225,26728,26738,10
13.00671005,80.24733734,26738,26768,30
13.00671005,80.24733734,26768,26779,11
13.00660992,80.24739838,26779,26789,10
13.00611973,80.24742126,26789,26809,20
13.00611973,80.24742126,26809,26819,10
13.00590992,80.24738312,26819,26829,10
13.00557995,80.24733734,26829,26839,10
13.00500965,80.24736023,26839,26849,10
13.00415993,80.24743652,26849,26860,11
13.0031004,80.24764252,26860,26870,10
13.00212955,80.24781799,26870,26880,10
13.00107956,80.24809265,26880,26890,10
12.99997044,80.24836731,26890,26900,10
12.99892998,80.24864197,26900,26910,10
12.99820042,80.24884796,26910,26920,10
12.99812984,80.24886322,26920,26930,10
12.99775982,80.24893188,26930,26941,11
12.99697971,80.24909973,26941,26952,11
12.99600983,80.24933624,26952,26963,11
12.99499035,80.24960327,26963,26973,10
12.99378014,80.24992371,26973,26983,10
12.99260998,80.25021362,26983,26994,11
12.99153996,80.25050354,26994,27003,9
12.99106026,80.25064087,27003,27014,11
12.99094009,80.25067139,27014,27025,11
12.99022007,80.25081635,27025,27035,10
12.98939991,80.25102234,27035,27045,10
12.98857021,80.25122833,27045,27055,10
12.98822021,80.25134277,27055,27065,10
12.98820972,80.25134277,27065,27075,10
12.98789978,80.25141144,27075,27085,10
12.98736954,80.25154114,27085,27095,10
12.98659992,80.25176239,27095,27106,11
12.98561954,80.25200653,27106,27116,10
12.98462963,80.25228119,27116,27126,10
12.9835701,80.25256348,27126,27136,10
12.98246956,80.25267792,27136,27146,10
12.98143959,80.25270844,27146,27156,10
12.98054028,80.25274658,27156,27166,10
12.97970963,80.25273132,27166,27176,10
12.97873974,80.25261688,27176,27197,21
12.97873974,80.25261688,27197,27207,10
12.97844028,80.25245667,27207,27217,10
12.97789955,80.25202942,27217,27227,10
12.97714996,80.25145721,27227,27237,10
12.97612,80.25112152,27237,27247,10
12.97500038,80.25079346,27247,27257,10
12.97381973,80.2504425,27257,27268,11
12.97247028,80.25006866,27268,27278,10
12.97124958,80.2497406,27278,27288,10
12.97000027,80.24932098,27288,27298,10
12.96872044,80.24878693,27298,27308,10
12.96745968,80.24822998,27308,27318,10
12.96630955,80.24771881,27318,27328,10
12.9650898,80.24726868,27328,27349,21
12.9650898,80.24726868,27349,27359,10
12.96485996,80.2472229,27359,27369,10
12.96434021,80.24706268,27369,27379,10
12.96374989,80.24678802,27379,27389,10
12.9636097,80.24672699,27389,27399,10
12.96350002,80.24667358,27399,27409,10
12.96310043,80.24649048,27409,27419,10
12.96234989,80.24610901,27419,27430,11
12.96129036,80.24559784,27430,27440,10
12.96022034,80.24511719,27440,27450,10
12.9594202,80.24478912,27450,27460,10
12.95936012,80.24476624,27460,27470,10
12.95921993,80.24471283,27470,27480,10
12.95882034,80.24449158,27480,27490,10
12.95812988,80.2441864,27490,27500,10
12.95738029,80.24391937,27500,27511,11
12.95652008,80.24363708,27511,27521,10
12.95641041,80.24363708,27521,27531,10
12.95588017,80.24337769,27531,27541,10
12.95512009,80.2430191,27541,27551,10
12.95419979,80.24262238,27551,27561,10
12.95316982,80.24217987,27561,27571,10
12.95217991,80.24181366,27571,27581,10
12.95166016,80.24166107,27581,27602,21
12.95166016,80.24166107,27602,27612,10
12.95147991,80.24160767,27612,27622,10
12.95092964,80.24140167,27622,27632,10
12.95007992,80.24112701,27632,27642,10
12.94925022,80.24082184,27642,27652,10
12.94863033,80.2405777,27652,27662,10
12.94781017,80.24028015,27662,27673,11
12.9471302,80.24002075,27673,27703,30
12.9471302,80.24002075,27703,27713,10
12.94674969,80.2397995,27713,27723,10
12.94614029,80.23954773,27723,27733,10
12.94534016,80.23914337,27733,27743,10
12.94458008,80.23841095,27743,27754,11
12.94373989,80.23748779,27754,27764,10
12.94289017,80.23670197,27764,27774,10
12.94172001,80.23625946,27774,27784,10
12.94048977,80.23597717,27784,27794,10
12.93978024,80.2358017,27794,27804,10
12.93974972,80.23577881,27804,27814,10
12.93966007,80.23574829,27814,27824,10
12.93916988,80.23548126,27824,27835,11
12.93834019,80.23506165,27835,27845,10
12.93741989,80.23461151,27845,27855,10
12.93644047,80.23413849,27855,27865,10
12.93544006,80.23365784,27865,27875,10
12.93389034,80.23297119,27875,27895,20
12.93389034,80.23297119,27895,27905,10
12.93352032,80.23278046,27905,27916,11
12.93278027,80.23246765,27916,27926,10
12.93190002,80.23216248,27926,27936,10
12.93087959,80.23182678,27936,27946,10
12.92975044,80.23152161,27946,27956,10
12.92854977,80.23130035,27956,27966,10
12.92730045,80.23113251,27966,27976,10
12.92605972,80.23101044,27976,27997,21
12.92605972,80.23101044,27997,28007,10
12.92576027,80.23095703,28007,28017,10
12.92512035,80.23088074,28017,28027,10
12.92424011,80.23078156,28027,28037,10
12.92323971,80.2306366,28037,28047,10
12.92208004,80.23046875,28047,28057,10
12.92080975,80.2303009,28057,28067,10
12.91952038,80.23013306,28067,28078,11
12.91812992,80.22994232,28078,28088,10
12.91685963,80.22976685,28088,28098,10
12.9155798,80.22959137,28098,28108,10
12.91431999,80.22940063,28108,28118,10
12.91329002,80.22928619,28118,28138,20
12.91329002,80.22928619,28138,28148,10
12.91312027,80.22927094,28148,28159,11
12.91250038,80.22915649,28159,28169,10
12.91170025,80.22904205,28169,28179,10
12.9107399,80.22889709,28179,28189,10
12.90964031,80.22872162,28189,28199,10
12.90847969,80.22855377,28199,28209,10
12.90740967,80.22839355,28209,28219,10
12.90676022,80.22831726,28219,28229,10
12.90637016,80.22825623,28229,28240,11
12.90629005,80.22827148,28240,28250,10
12.90594006,80.22824097,28250,28260,10
12.90526009,80.22820282,28260,28270,10
12.90437984,80.22814941,28270,28280,10
12.9033699,80.22808838,28280,28290,10
12.90242958,80.22805023,28290,28300,10
12.90155029,80.22798157,28300,28310,10
12.9011898,80.2279892,28310,28331,21
12.9011898,80.2279892,28331,28341,10
12.90087986,80.22796631,28341,28351,10
12.90028,80.22792053,28351,28361,10
12.89958954,80.22789764,28361,28381,20
12.89958954,80.22789764,28381,28391,10
12.89943027,80.22786713,28391,28402,11
12.89888,80.22782898,28402,28412,10
12.89811993,80.22779846,28412,28422,10
12.89721012,80.22775269,28422,28432,10
12.8961401,80.22769928,28432,28442,10
12.89496994,80.22766113,28442,28452,10
12.89379025,80.22757721,28452,28462,10
12.89251041,80.22743225,28462,28483,21
12.89251041,80.22743225,28483,28493,10
12.89227009,80.22740173,28493,28503,10
12.89167976,80.22737885,28503,28513,10
12.89081955,80.22737122,28513,28523,10
12.88976955,80.22736359,28523,28533,10
12.88862038,80.22733307,28533,28543,10
12.88761997,80.22725677,28543,28553,10
12.88679028,80.22711945,28553,28564,11
12.88568974,80.22683716,28564,28574,10
12.88492012,80.22672272,28574,28584,10
12.88479996,80.22672272,28584,28594,10
12.88465977,80.22669983,28594,28604,10
12.88418961,80.22669983,28604,28614,10
12.88342953,80.22669983,28614,28624,10
12.88251019,80.22670746,28624,28634,10
12.88144016,80.22672272,28634,28645,11
12.88014984,80.22673035,28645,28655,10
12.8789196,80.22676849,28655,28665,10
12.87769032,80.22685242,28665,28675,10
12.87668991,80.2269516,28675,28685,10
12.8764801,80.22698212,28685,28695,10
12.87633991,80.22698975,28695,28705,10
12.87582016,80.22698212,28705,28715,10
12.87504005,80.22691345,28715,28726,11
12.87403011,80.22679138,28726,28736,10
12.87312031,80.22673035,28736,28746,10
12.87267971,80.22673035,28746,28766,20
12.87267971,80.22673035,28766,28776,10
12.8723402,80.22669983,28776,28786,10
12.87162971,80.2266922,28786,28796,10
12.87055969,80.22663879,28796,28807,11
12.86917973,80.22647858,28807,28817,10
12.8677597,80.22644043,28817,28827,10
12.86625957,80.22657013,28827,28837,10
12.86468983,80.22657776,28837,28847,10
12.86310005,80.22653961,28847,28857,10
12.86176014,80.22660828,28857,28867,10
12.86100006,80.22662354,28867,28877,10
12.86089993,80.22660065,28877,28888,11
12.86028004,80.22653961,28888,28898,10
12.85937023,80.22640991,28898,28908,10
12.85842037,80.22628784,28908,28918,10
12.85727978,80.22628021,28918,28928,10
12.85595989,80.2264328,28928,28938,10
12.85449028,80.22657776,28938,28948,10
12.85293007,80.22669983,28948,28958,10
12.8513298,80.22663116,28958,28968,10
12.84996033,80.22660828,28968,28979,11
12.84963989,80.22660828,28979,28989,10
12.84926033,80.22659302,28989,28999,10
12.84848022,80.22657776,28999,29009,10
12.84739971,80.22657776,29009,29019,10
12.84619999,80.22659302,29019,29029,10
12.84525967,80.22662354,29029,29039,10
12.84519005,80.22662354,29039,29049,10
12.8450098,80.22662354,29049,29060,11
12.84432983,80.22666931,29060,29070,10
12.84342003,80.22679901,29070,29080,10
12.84232044,80.22702026,29080,29090,10
12.8410902,80.2273407,29090,29100,10
12.8401804,80.22759247,29100,29110,10
12.83977985,80.22769165,29110,29120,10
12.83977985,80.22767639,29120,29130,10
12.83930016,80.22782135,29130,29141,11
12.8383503,80.22808075,29141,29151,10
12.83724976,80.22830963,29151,29161,10
12.83596992,80.22850037,29161,29171,10
12.83458042,80.22872925,29171,29181,10
12.83331013,80.22898102,29181,29191,10
12.83232975,80.22917175,29191,29201,10
12.83160973,80.2293396,29201,29222,21
12.83160973,80.2293396,29222,29232,10
12.83148003,80.22939301,29232,29242,10
12.83094978,80.22955322,29242,29252,10
12.83008957,80.2298584,29252,29262,10
12.82903957,80.2302475,29262,29272,10
12.82789993,80.23084259,29272,29282,10
12.82670975,80.2313385,29282,29292,10
12.82594013,80.23145294,29292,29303,11
12.82575035,80.23143768,29303,29313,10
12.82538033,80.23143768,29313,29323,10
12.82462025,80.23136902,29323,29333,10
12.82363033,80.23110199,29333,29343,10
12.82244015,80.23071289,29343,29353,10
12.82143974,80.23047638,29353,29363,10
12.82071972,80.23045349,29363,29373,10
12.81993008,80.23049164,29373,29384,11
12.81902027,80.23049927,29384,29394,10
12.81888008,80.23047638,29394,29404,10
12.81844997,80.23026276,29404,29414,10
12.8176403,80.22988129,29414,29424,10
12.81653976,80.22949982,29424,29434,10
12.81521988,80.22930908,29434,29444,10
12.81383038,80.22904968,29444,29454,10
12.81252003,80.22862244,29454,29465,11
12.81122017,80.22817993,29465,29475,10
12.81002045,80.2276535,29475,29485,10
12.80883026,80.22696686,29485,29495,10
12.80768967,80.22599792,29495,29505,10
12.80679035,80.2252121,29505,29515,10
12.80607033,80.22457123,29515,29525,10
12.8053503,80.22406006,29525,29535,10
12.80502033,80.22399902,29535,29546,11
12.80467987,80.22393799,29546,29556,10
12.80395031,80.22387695,29556,29566,10
12.80303001,80.22380066,29566,29576,10
12.80191994,80.22366333,29576,29586,10
12.80105972,80.22360229,29586,29596,10
12.80090046,80.22358704,29596,29606,10
12.80039978,80.22354889,29606,29616,10
12.79955959,80.22348022,29616,29627,11
12.79839993,80.22335815,29627,29637,10
12.79712963,80.22319031,29637,29647,10
12.79609013,80.22299957,29647,29657,10
12.79590988,80.22296143,29657,29667,10
12.79584026,80.22293854,29667,29677,10
12.79535961,80.22284698,29677,29687,10
12.79450035,80.22270203,29687,29697,10
12.7934103,80.22252655,29697,29708,11
12.79203033,80.22228241,29708,29718,10
12.79071999,80.22196198,29718,29728,10
12.78956985,80.22164154,29728,29738,10
12.78859997,80.2212677,29738,29748,10
12.78787994,80.22097778,29748,29758,10
12.78746033,80.22084045,29758,29778,20
12.78746033,80.22084045,29778,29789,11
12.78740978,80.22081757,29789,29799,10
12.78722954,80.2207489,29799,29809,10
12.78719997,80.22074127,29809,29819,10
12.7867403,80.22055817,29819,29859,40
12.7867403,80.22055817,29859,29870,11
12.78652954,80.22048187,29870,29880,10
12.78633022,80.22039032,29880,29890,10
12.78617001,80.22048187,29890,29900,10
12.78619003,80.22093201,29900,29910,10
12.78619003,80.22128296,29910,29920,10
12.78619957,80.22148132,29920,29930,10
12.78623962,80.22187805,29930,29961,31
12.78623962,80.22187805,29961,29971,10
12.78623962,80.22226715,29971,31725,1754
12.78623962,80.22226715,31725,31735,10
12.78631973,80.22194672,31735,31755,20
12.78631973,80.22194672,31755,31765,10
12.78627014,80.22158051,31765,31775,10
12.78623962,80.22142029,31775,31785,10
12.7862196,80.22126007,31785,31795,10
12.7862196,80.22104645,31795,31806,11
12.78619957,80.22068787,31806,31816,10
12.78619957,80.22038269,31816,31826,10
12.78619957,80.2203598,31826,31836,10
12.7864399,80.22035217,31836,31866,30
12.7864399,80.22035217,31866,31876,10
12.78676033,80.22057343,31876,31886,10
12.78717041,80.22071838,31886,31897,11
12.78773975,80.22090912,31897,31907,10
12.78824043,80.22110748,31907,31917,10
12.78884029,80.22132874,31917,31927,10
12.78950024,80.22158051,31927,31937,10
12.78991985,80.22171783,31937,31947,10
12.79045963,80.22186279,31947,31957,10
12.79115963,80.22202301,31957,31967,10
12.79193974,80.22222137,31967,31978,11
12.79286957,80.22241974,31978,31988,10
12.7937603,80.22255707,31988,31998,10
12.79467964,80.22270203,31998,32008,10
12.79559994,80.22286224,32008,32018,10
12.79636002,80.22296143,32018,32028,10
12.79646969,80.22299194,32028,32038,10
12.79669952,80.22302246,32038,32048,10
12.79722023,80.22312164,32048,32059,11
12.79802036,80.22325134,32059,32069,10
12.7988596,80.2233429,32069,32079,10
12.79975033,80.2233963,32079,32089,10
12.80070972,80.22348022,32089,32099,10
12.80140018,80.22354126,32099,32109,10
12.8014698,80.22355652,32109,32119,10
12.80187988,80.22361755,32119,32129,10
12.8025198,80.22370911,32129,32140,11
12.80333996,80.22382355,32140,32150,10
12.80418015,80.22387695,32150,32160,10
12.80496979,80.22396088,32160,32170,10
12.80554008,80.22411346,32170,32180,10
12.80560017,80.22413635,32180,32190,10
12.80587959,80.22434235,32190,32200,10
12.80634975,80.22476196,32200,32210,10
12.80694008,80.22530365,32210,32221,11
12.8075304,80.22579956,32221,32231,10
12.80809975,80.22628784,32231,32241,10
12.80883026,80.22691345,32241,32251,10
12.80970955,80.22749329,32251,32261,10
12.81066036,80.22789764,32261,32271,10
12.81167984,80.22828674,32271,32281,10
12.81276989,80.22868347,32281,32291,10
12.81389999,80.22904968,32291,32302,11
12.81523991,80.22930908,32302,32312,10
12.81643963,80.22949219,32312,32322,10
12.81756973,80.22981262,32322,32332,10
12.81853008,80.23026276,32332,32342,10
12.81966972,80.23045349,32342,32362,20
12.81966972,80.23045349,32362,32372,10
12.81991005,80.23045349,32372,32383,11
12.82063007,80.2304306,32383,32393,10
12.82149029,80.23046112,32393,32403,10
12.82248974,80.23069763,32403,32413,10
12.82355022,80.23101807,32413,32423,10
12.82460022,80.23127747,32423,32433,10
12.8256197,80.23135376,32433,32443,10
12.82618999,80.23130798,32443,32453,10
12.82631016,80.23132324,32453,32464,11
12.82688046,80.23123932,32464,32474,10
12.82763958,80.2309494,32474,32484,10
12.82849979,80.23046875,32484,32494,10
12.82946968,80.23000336,32494,32504,10
12.83047009,80.229599,32504,32514,10
12.83102989,80.22936249,32514,32524,10
12.83104992,80.22936249,32524,32534,10
12.83119011,80.22931671,32534,32545,11
12.83119965,80.22931671,32545,32555,10
12.83135986,80.22924805,32555,32565,10
12.83162022,80.22917938,32565,32575,10
12.83170033,80.22914886,32575,32585,10
12.83189011,80.2290802,32585,32595,10
12.83238029,80.22898865,32595,32605,10
12.83312035,80.22885895,32605,32615,10
12.83403015,80.22870636,32615,32626,11
12.83514023,80.22853088,32626,32636,10
12.8361702,80.2283783,32636,32646,10
12.83720016,80.22823334,32646,32656,10
12.83819008,80.2280426,32656,32666,10
12.83936024,80.2277298,32666,32707,41
12.83936024,80.2277298,32707,32717,10
12.83971977,80.22760773,32717,32727,10
12.84025002,80.22747803,32727,32737,10
12.84101009,80.22727203,32737,32747,10
12.84191036,80.22702789,32747,32757,10
12.84298992,80.2268219,32757,32767,10
12.8441,80.22666168,32767,32777,10
12.84541035,80.22654724,32777,32798,21
12.84541035,80.22654724,32798,32808,10
12.84552002,80.2265625,32808,32818,10
12.84578037,80.2265625,32818,32828,10
12.84626961,80.22657776,32828,32838,10
12.8470602,80.22657776,32838,32848,10
12.84799957,80.22657776,32848,32858,10
12.84899998,80.22657013,32858,32868,10
12.84990978,80.2265625,32868,32879,11
12.85015011,80.22654724,32879,32889,10
12.85044003,80.2265625,32889,32899,10
12.85109997,80.22660065,32899,32909,10
12.85196972,80.22663879,32909,32919,10
12.85297966,80.22667694,32919,32929,10
12.85404968,80.22660065,32929,32939,10
12.85515976,80.22647095,32939,32949,10
12.85632038,80.22634888,32949,32960,11
12.85760021,80.22622681,32960,32970,10
12.85875988,80.22624969,32970,32980,10
12.85990047,80.22640228,32980,32990,10
12.86069965,80.22650146,32990,33000,10
12.86085033,80.22653198,33000,33010,10
12.86104965,80.22653961,33010,33020,10
12.86161041,80.22653198,33020,33030,10
12.86242008,80.22650146,33030,33041,11
12.86343956,80.22647095,33041,33051,10
12.86446953,80.22653198,33051,33061,10
12.86557961,80.22654724,33061,33071,10
12.86670971,80.22647858,33071,33081,10
12.86791039,80.22637939,33081,33091,10
12.86911964,80.22640228,33091,33101,10
12.87032032,80.22654724,33101,33111,10
12.87137985,80.22663116,33111,33122,11
12.8728199,80.22663879,33122,33142,20
12.8728199,80.22663879,33142,33152,10
12.87310028,80.22666931,33152,33162,10
12.87374973,80.22672272,33162,33172,10
12.87460041,80.22679901,33172,33182,10
12.87561989,80.22692108,33182,33192,10
12.87642002,80.22692108,33192,33203,11
12.87674999,80.22689056,33203,33213,10
12.87681007,80.22688293,33213,33223,10
12.87718964,80.22686005,33223,33233,10
12.87794018,80.22679901,33233,33243,10
12.87887001,80.22673035,33243,33253,10
12.87994003,80.22669983,33253,33263,10
12.88107967,80.2266922,33263,33273,10
12.88226032,80.22667694,33273,33284,11
12.88356018,80.22666931,33284,33294,10
12.88465977,80.22664642,33294,33304,10
12.88521957,80.22666168,33304,33314,10
12.88537979,80.2266922,33314,33324,10
12.8859396,80.22682953,33324,33334,10
12.88661957,80.22701263,33334,33344,10
12.88780022,80.22722626,33344,33354,10
12.88891983,80.22731018,33354,33365,11
12.89025974,80.22731781,33365,33375,10
12.89146042,80.22731781,33375,33385,10
12.89237022,80.22730255,33385,33415,30
12.89237022,80.22730255,33415,33425,10
12.89272022,80.22736359,33425,33435,10
12.89344025,80.22746277,33435,33445,10
12.89445972,80.22756958,33445,33456,11
12.89577007,80.22763824,33456,33466,10
12.89700031,80.22769928,33466,33476,10
12.89828014,80.22776794,33476,33486,10
12.8994503,80.22783661,33486,33496,10
12.90062046,80.22783661,33496,33516,20
12.90062046,80.22783661,33516,33526,10
12.90069962,80.22788239,33526,33537,11
12.90110016,80.22794342,33537,33547,10
12.90161991,80.22796631,33547,33557,10
12.90227985,80.2279892,33557,33567,10
12.90291977,80.22801208,33567,33577,10
12.90293026,80.22799683,33577,33587,10
12.9030304,80.22796631,33587,33597,10
12.90347004,80.22799683,33597,33607,10
12.90419006,80.22807312,33607,33618,11
12.9052,80.22811127,33618,33628,10
12.90618038,80.22814178,33628,33638,10
12.90680981,80.22820282,33638,33648,10
12.90688992,80.22821808,33648,33658,10
12.90727043,80.22827911,33658,33668,10
12.90797997,80.2283783,33668,33678,10
12.90894032,80.22853088,33678,33688,10
12.91005039,80.22870636,33688,33699,11
12.91131973,80.22889709,33699,33709,10
12.91250038,80.22907257,33709,33719,10
12.91399956,80.22927856,33719,33739,20
12.91399956,80.22927856,33739,33749,10
12.91425991,80.22933197,33749,33759,10
12.91485977,80.22940826,33759,33769,10
12.91567039,80.22955322,33769,33780,11
12.91679955,80.22971344,33780,33790,10
12.91784,80.2298584,33790,33800,10
12.91897011,80.23001099,33800,33810,10
12.92020988,80.23016357,33810,33820,10
12.92148018,80.23030853,33820,33830,10
12.92249966,80.23046875,33830,33840,10
12.92383957,80.23066711,33840,33850,10
12.92516041,80.23085785,33850,33861,11
12.92623043,80.23095703,33861,33871,10
12.92636967,80.23095703,33871,33881,10
12.92675018,80.23101044,33881,33891,10
12.92739964,80.2310791,33891,33901,10
12.92825031,80.23119354,33901,33911,10
12.92885971,80.23130798,33911,33921,10
12.92955017,80.23143768,33921,33931,10
12.93050003,80.23168182,33931,33942,11
12.93177032,80.23207092,33942,33952,10
12.9328804,80.2324295,33952,33962,10
12.9335804,80.2326889,33962,33972,10
12.93365002,80.23271942,33972,33982,10
12.93397999,80.23293304,33982,33992,10
12.93476009,80.23329163,33992,34002,10
12.93560982,80.23368073,34002,34012,10
12.9363203,80.23400879,34012,34023,11
12.93731976,80.23449707,34023,34033,10
12.93830967,80.23497772,34033,34043,10
12.93924046,80.23542786,34043,34053,10
12.93970966,80.23564148,34053,34073,20
12.93970966,80.23564148,34073,34083,10
12.93984032,80.23568726,34083,34093,10
12.94038963,80.23590088,34093,34104,11
12.94130039,80.23613739,34104,34114,10
12.94223976,80.23636627,34114,34124,10
12.94316006,80.23681641,34124,34133,9
12.94384003,80.23750305,34133,34144,11
12.94468021,80.23844147,34144,34154,10
12.94548988,80.23921204,34154,34164,10
12.9464798,80.23966217,34164,34174,10
12.94723034,80.23995209,34174,34195,21
12.94723034,80.23995209,34195,34205,10
12.94756985,80.24011993,34205,34215,10
12.94818974,80.24037933,34215,34225,10
12.94886971,80.24066925,34225,34286,61
12.94886971,80.24066925,34286,34296,10
12.94929028,80.24085236,34296,34306,10
12.94985962,80.24102783,34306,34316,10
12.95049953,80.24120331,34316,34326,10
12.95108986,80.24137115,34326,34336,10
12.95114994,80.24141693,34336,34347,11
12.95158958,80.24156952,34347,34357,10
12.95224953,80.2417984,34357,34367,10
12.9530201,80.24208832,34367,34377,10
12.95372009,80.24237823,34377,34387,10
12.9544096,80.24265289,34387,34397,10
12.95501041,80.24291229,34397,34407,10
12.95559978,80.24311829,34407,34417,10
12.95631981,80.2434082,34417,34458,41
12.95631981,80.2434082,34458,34468,10
12.95648003,80.24344635,34468,34478,10
12.9569397,80.24365234,34478,34488,10
12.95750046,80.2438736,34488,34498,10
12.9581604,80.24416351,34498,34509,11
12.95884991,80.24445343,34509,34519,10
12.9588604,80.24445343,34519,34529,10
12.9591198,80.24456024,34529,34539,10
12.95960045,80.24482727,34539,34549,10
12.96028042,80.24514771,34549,34559,10
12.96111965,80.2455368,34559,34569,10
12.96205997,80.2460022,34569,34579,10
12.9630003,80.24646759,34579,34590,11
12.96339989,80.24667358,34590,34600,10
12.96360016,80.24677277,34600,34610,10
12.96409988,80.24697876,34610,34620,10
12.96477985,80.2472229,34620,34630,10
12.96564007,80.24752045,34630,34640,10
12.96654034,80.24787903,34640,34650,10
12.96695042,80.24806976,34650,34660,10
12.96695995,80.24806976,34660,34670,10
12.96704006,80.24813843,34670,34681,11
12.96747971,80.24833679,34681,34691,10
12.96831036,80.248703,34691,34701,10
12.96936989,80.24913025,34701,34711,10
12.97054005,80.24958801,34711,34721,10
12.97181988,80.24996185,34721,34731,10
12.97309971,80.25028992,34731,34741,10
12.97437954,80.2506485,34741,34751,10
12.97570992,80.25099182,34751,34762,11
12.97716045,80.25144196,34762,34772,10
12.97817039,80.25215912,34772,34782,10
12.97858047,80.252388,34782,34792,10
12.97859955,80.25240326,34792,34802,10
12.97894001,80.25256348,34802,34812,10
12.9793396,80.25260162,34812,34822,10
12.97984028,80.25266266,34822,34832,10
12.98031998,80.25267792,34832,34843,11
12.98099995,80.25266266,34843,34853,10
12.98182011,80.25263977,34853,34863,10
12.98278046,80.25260162,34863,34873,10
12.98375988,80.25244904,34873,34883,10
12.98468971,80.25219727,34883,34893,10
12.98548031,80.25199127,34893,34903,10
12.98606968,80.25180054,34903,34954,51
12.98606968,80.25180054,34954,34964,10
12.98616982,80.25174713,34964,34974,10
12.98661041,80.25166321,34974,34984,10
12.98723984,80.2514801,34984,34994,10
12.98789024,80.251297,34994,35005,11
12.98873997,80.25109863,35005,35015,10
12.98939991,80.25090027,35015,35025,10
12.98950958,80.25086975,35025,35035,10
12.98956013,80.25086212,35035,35045,10
12.99003029,80.25077057,35045,35055,10
12.9907999,80.25057983,35055,35065,10
12.99166965,80.25035095,35065,35075,10
12.99269009,80.25010681,35075,35086,11
12.99421978,80.24968719,35086,35096,10
12.99543953,80.24939728,35096,35106,10
12.99645042,80.24910736,35106,35116,10
12.99672985,80.24902344,35116,35126,10
12.99703026,80.24897003,35126,35136,10
12.99765968,80.24884033,35136,35146,10
12.99849033,80.24861908,35146,35156,10
12.99952984,80.24835968,35156,35167,11
13.00078964,80.24803925,35167,35177,10
13.00191975,80.24775696,35177,35187,10
13.0030098,80.24752808,35187,35197,10
13.00417995,80.24736786,35197,35207,10
13.00529957,80.2472229,35207,35217,10
13.00623989,80.24688721,35217,35227,10
13.00652027,80.24643707,35227,35237,10
13.00652027,80.24642181,35237,35248,11
13.00658989,80.24595642,35248,35258,10
13.00662041,80.24526215,35258,35268,10
13.00660038,80.24475861,35268,35278,10
13.00660992,80.24456024,35278,35288,10
13.00662994,80.24420166,35288,35298,10
13.00662041,80.24384308,35298,35308,10
13.00662994,80.24372101,35308,35318,10
13.00662041,80.24333191,35318,35329,11
13.00656033,80.24250793,35329,35339,10
13.00656986,80.24152374,35339,35349,10
13.00667953,80.24040222,35349,35379,30
13.00667953,80.24040222,35379,35389,10
13.0067997,80.23999023,35389,35399,10
13.00691986,80.23938751,35399,35410,11
13.00710964,80.2383728,35410,35420,10
13.0073204,80.23744202,35420,35430,10
13.00739956,80.23681641,35430,35440,10
13.00739956,80.23680115,35440,35450,10
13.00747967,80.23664856,35450,35460,10
13.00759983,80.23625946,35460,35470,10
13.00771046,80.23561096,35470,35480,10
13.00786972,80.23471832,35480,35491,11
13.00811005,80.2335968,35491,35501,10
13.00835991,80.23233795,35501,35511,10
13.00864029,80.23090363,35511,35521,10
13.00891972,80.2294693,35521,35531,10
13.0092001,80.22817993,35531,35541,10
13.0096302,80.22712708,35541,35551,10
13.01012039,80.22606659,35551,35561,10
13.01060009,80.22509766,35561,35572,11
13.01095009,80.22428131,35572,35582,10
13.01126003,80.22351837,35582,35592,10
13.01159954,80.22279358,35592,35602,10
13.01189995,80.22184753,35602,35612,10
13.01220989,80.22141266,35612,35622,10
13.01243973,80.22167206,35622,35632,10
13.01266956,80.22225189,35632,35642,10
13.01329994,80.22281647,35642,35653,11
13.01391029,80.22344208,35653,35663,10
13.01420021,80.22382355,35663,35673,10
13.01471996,80.22437286,35673,35683,10
13.01504993,80.22466278,35683,35693,10
13.01506042,80.22466278,35693,35703,10
13.01527977,80.22483826,35703,35713,10
13.01558018,80.22511292,35713,35723,10
13.01572037,80.22522736,35723,35734,11
13.0158596,80.2253418,35734,35744,10
13.01638031,80.22538757,35744,35754,10
13.01706982,80.22515869,35754,35764,10
13.01797009,80.22476959,35764,35774,10
13.01885986,80.22441864,35774,35784,10
13.01951027,80.22441101,35784,35825,41
13.01951027,80.22441101,35825,35835,10
13.01955032,80.2244873,35835,35845,10
13.01982975,80.22467041,35845,35855,10
13.02023029,80.22498322,35855,35865,10
13.02066994,80.22528839,35865,35875,10
13.02106953,80.22561646,35875,35885,10
13.02151966,80.22598267,35885,35896,11
13.02167988,80.22608185,35896,35906,10
13.02190018,80.22625732,35906,35916,10
13.02235985,80.22662354,35916,35926,10
13.02293015,80.22714233,35926,35936,10
13.02328014,80.22744751,35936,35946,10
13.02365017,80.22776031,35946,35956,10
13.02398968,80.22807312,35956,35966,10
13.02429962,80.22834778,35966,35997,31
13.02429962,80.22834778,35997,36007,10
13.02441978,80.22850037,36007,36017,10
13.02425957,80.22859192,36017,36027,10
13.02388,80.22814178,36027,36037,10
13.02344036,80.22770691,36037,36361,324
13.02340031,80.22753906,36361,37070,709
13.02340031,80.22753906,37070,37080,10
13.02318001,80.22727966,37080,37090,10
13.02309036,80.22722626,37090,37100,10
13.02289009,80.22705078,37100,37111,11
13.02280045,80.22698975,37111,37121,10
13.02266026,80.2268219,37121,37131,10
13.02245045,80.22663116,37131,37141,10
13.02219009,80.22637939,37141,37151,10
13.02173996,80.22602844,37151,37161,10
13.02122021,80.22560883,37161,37171,10
13.02064037,80.22518158,37171,37181,10
13.02015972,80.2248764,37181,37192,11
13.01994038,80.22471619,37192,37202,10
13.01982021,80.22463989,37202,37212,10
13.01941013,80.22447968,37212,37222,10
13.01871014,80.22451782,37222,37232,10
13.01793957,80.22483063,37232,37242,10
13.01710987,80.22516632,37242,37252,10
13.01644993,80.22544861,37252,37262,10
13.01591015,80.22563934,37262,37273,11
13.01533985,80.22583771,37273,37283,10
13.01476002,80.22608948,37283,37293,10
13.01436996,80.22625732,37293,37303,10
13.01436043,80.22625732,37303,37313,10
13.01416969,80.22633362,37313,37323,10
13.01373959,80.22647858,37323,37333,10
13.01317024,80.2266922,37333,37343,10
13.01247025,80.22695923,37343,37354,11
13.01161957,80.22730255,37354,37364,10
13.01078033,80.22762299,37364,37374,10
13.00992012,80.22795868,37374,37384,10
13.00916004,80.22844696,37384,37394,10
13.00899982,80.22931671,37394,37404,10
13.00885963,80.23020172,37404,37414,10
13.00866985,80.23120117,37414,37424,10
13.00846004,80.2321167,37424,37434,10
13.00831985,80.23300934,37434,37445,11
13.00825024,80.23361969,37445,37455,10
13.00823021,80.23364258,37455,37465,10
13.00815964,80.23370361,37465,37475,10
13.00806046,80.23409271,37475,37485,10
13.00796032,80.23468018,37485,37495,10
13.0078001,80.23544312,37495,37505,10
13.00765038,80.23629761,37505,37515,10
13.00745964,80.2372818,37515,37526,11
13.00730038,80.23815918,37526,37536,10
13.00716019,80.23885345,37536,37546,10
13.00706005,80.23959351,37546,37556,10
13.00695038,80.23999786,37556,37586,30
13.00695038,80.23999786,37586,37596,10
13.00687981,80.24021149,37596,37607,11
13.00685978,80.24064636,37607,37617,10
13.00685024,80.24069214,37617,37627,10
13.00677967,80.24095917,37627,37637,10
13.00677013,80.24150085,37637,37647,10
13.0067997,80.2423172,37647,37657,10
13.00675011,80.24314117,37657,37667,10
13.00675011,80.24362183,37667,37677,10
13.00689983,80.24594116,37677,37688,11
13.00689983,80.24594116,37688,37698,10
13.00687981,80.24671173,37698,37708,10
13.00685978,80.24680328,37708,37718,10
13.00683022,80.24700928,37718,37728,10
13.00679016,80.24726105,37728,37738,10
13.00660992,80.24736023,37738,37750,12
13.00625992,80.24736023,37750,37760,10
13.00617027,80.24738312,37760,37771,11
13.00603008,80.24739075,37771,37781,10
13.00564003,80.24739838,37781,37791,10
13.00510025,80.24742126,37791,37801,10
13.00432014,80.24745941,37801,37811,10
13.00351048,80.24754333,37811,37821,10
13.00255966,80.24770355,37821,37831,10
13.00160027,80.24793243,37831,37841,10
13.00057983,80.24816895,37841,37852,11
12.99948025,80.24845123,37852,37862,10
12.99800014,80.24886322,37862,37882,20
12.99800014,80.24886322,37882,37892,10
12.99765968,80.24894714,37892,37902,10
12.99703979,80.2490921,37902,37912,10
12.99619961,80.24925232,37912,37922,10
12.99526024,80.24947357,37922,37933,11
12.99417019,80.24978638,37933,37943,10
12.99314022,80.25005341,37943,37953,10
12.99213982,80.25028992,37953,37963,10
12.99098969,80.25061798,37963,37983,20
12.99098969,80.25061798,37983,37993,10
12.99065971,80.25066376,37993,38003,10
12.98999023,80.2507782,38003,38014,11
12.98904037,80.25102234,38014,38024,10
12.98795033,80.25138855,38024,38226,202
12.98795033,80.25138855,38226,38236,10
12.98775959,80.25141907,38236,38246,10
12.98725986,80.25154877,38246,38257,11
12.98651981,80.25176239,38257,38267,10
12.98575974,80.25193787,38267,38277,10
12.98488998,80.25216675,38277,38287,10
12.98394012,80.25244141,38287,38297,10
12.98295021,80.25263214,38297,38307,10
12.98192024,80.25267792,38307,38317,10
12.98093033,80.25272369,38317,38327,10
12.98021984,80.25276184,38327,38338,11
12.97964954,80.25272369,38338,38348,10
12.97894001,80.2526474,38348,38358,10
12.97861004,80.25257874,38358,38368,10
12.97848988,80.25253296,38368,38378,10
12.97805023,80.25218964,38378,38388,10
12.97741985,80.25164795,38388,38398,10
12.97653961,80.25122833,38398,38408,10
12.97552013,80.25092316,38408,38419,11
12.97437954,80.25058746,38419,38429,10
12.97325993,80.2502594,38429,38439,10
12.97212982,80.24996948,38439,38449,10
12.97099018,80.24965668,38449,38459,10
12.96990967,80.24932861,38459,38469,10
12.96883011,80.24887085,38469,38479,10
12.96774006,80.2484436,38479,38489,10
12.96671963,80.2480011,38489,38500,11
12.96580029,80.24758148,38500,38510,10
12.96498013,80.24733734,38510,38530,20
12.96498013,80.24733734,38530,38540,10
12.96485996,80.24730682,38540,38550,10
12.96438026,80.24712372,38550,38560,10
12.96376991,80.24687195,38560,38570,10
12.96310997,80.24652863,38570,38581,11
12.96220016,80.24607849,38581,38591,10
12.96131039,80.24564362,38591,38601,10
12.96030998,80.24520111,38601,38611,10
12.95950985,80.24490356,38611,38621,10
12.9594202,80.24485779,38621,38631,10
12.95934963,80.24482727,38631,38641,10
12.95895958,80.24462128,38641,38651,10
12.95829964,80.24433899,38651,38662,11
12.9575901,80.24408722,38662,38672,10
12.95639992,80.24368286,38672,38692,20
12.95639992,80.24368286,38692,38702,10
12.95608997,80.2435379,38702,38712,10
12.95540047,80.24318695,38712,38722,10
12.95448971,80.24275208,38722,38732,10
12.95343971,80.24230957,38732,38743,11
12.95224953,80.24185944,38743,38753,10
12.95168018,80.24169159,38753,38763,10
12.95162964,80.24166107,38763,38773,10
12.9514904,80.24156189,38773,38783,10
12.95112038,80.24141693,38783,38793,10
12.95020008,80.24114227,38793,38803,10
12.94929981,80.2408905,38803,38813,10
12.94836998,80.24053192,38813,38823,10
12.9471302,80.24005127,38823,38844,21
12.9471302,80.24005127,38844,38854,10
12.94676018,80.23988342,38854,38864,10
12.94608021,80.23959351,38864,38874,10
12.94522953,80.23914337,38874,38884,10
12.94441032,80.23832703,38884,38894,10
12.94355965,80.23741913,38894,38904,10
12.94252968,80.23661041,38904,38915,11
12.94110012,80.23619843,38915,38925,10
12.93978024,80.23583221,38925,38945,20
12.93978024,80.23583221,38945,38955,10
12.93935013,80.23560333,38955,38965,10
12.93861008,80.2352066,38965,38975,10
12.93768978,80.23475647,38975,38985,10
12.93665981,80.23428345,38985,38996,11
12.93558025,80.23375702,38996,39006,10
12.93453026,80.23327637,39006,39016,10
12.93395042,80.23303986,39016,39026,10
12.9339304,80.23303986,39026,39036,10
12.93352032,80.23284912,39036,39046,10
12.93282032,80.23252106,39046,39056,10
12.93187046,80.23217773,39056,39066,10
12.93076992,80.23181915,39066,39077,11
12.92959976,80.23152161,39077,39087,10
12.92860031,80.23135376,39087,39097,10
12.92755032,80.23120117,39097,39107,10
12.9265604,80.2310791,39107,39117,10
12.92605019,80.23103333,39117,39127,10
12.92597961,80.23101044,39127,39136,9
12.92547989,80.23092651,39136,39147,11
12.92477989,80.23085785,39147,39158,11
12.92348003,80.23069,39158,39168,10
12.92228985,80.23047638,39168,39178,10
12.92098045,80.2303009,39178,39188,10
12.91967964,80.23014069,39188,39198,10
12.91851044,80.2299881,39198,39208,10
12.91755962,80.22988129,39208,39218,10
12.91679955,80.22979736,39218,39228,10
12.91582966,80.2296524,39228,39239,11
12.91460991,80.22946167,39239,39249,10
12.91329956,80.22931671,39249,39269,20
12.91329956,80.22931671,39269,39279,10
12.91298008,80.22924805,39279,39289,10
12.91228962,80.22914124,39289,39299,10
12.91135025,80.22899628,39299,39309,10
12.9102602,80.22884369,39309,39320,11
12.90898991,80.2286377,39320,39330,10
12.90783024,80.22844696,39330,39340,10
12.9070797,80.22834778,39340,39370,30
12.9070797,80.22834778,39370,39380,10
12.90684986,80.22834015,39380,39390,10
12.90622997,80.22827148,39390,39401,11
12.90530968,80.22821808,39401,39411,10
12.90449047,80.22817993,39411,39421,10
12.90361023,80.22814178,39421,39431,10
12.90270996,80.22810364,39431,39441,10
12.90203953,80.22808075,39441,39451,10
12.90165997,80.2280426,39451,39482,31
12.90165997,80.2280426,39482,39492,10
12.90141964,80.22794342,39492,39502,10
12.9009304,80.22792816,39502,39512,10
12.90054989,80.22789001,39512,39522,10
12.89993,80.22789001,39522,39532,10
12.89920998,80.22786713,39532,39552,20
12.89920998,80.22786713,39552,39563,11
12.8990202,80.2278595,39563,39573,10
12.89869976,80.22783661,39573,39583,10
12.89807987,80.22779846,39583,39593,10
12.8972702,80.22776031,39593,39603,10
12.89626026,80.22770691,39603,39613,10
12.89540005,80.22767639,39613,39623,10
12.89453983,80.22763824,39623,39633,10
12.89365959,80.22757721,39633,39644,11
12.89309978,80.2274704,39644,39654,10
12.89291954,80.22743988,39654,39664,10
12.8927002,80.22743225,39664,39674,10
12.89239025,80.22740173,39674,39684,10
12.89165974,80.22737885,39684,39694,10
12.89060974,80.22737122,39694,39704,10
12.88951015,80.22737122,39704,39714,10
12.88846016,80.22737122,39714,39724,10
12.88772011,80.22730255,39724,39735,11
12.88753986,80.22728729,39735,39745,10
12.88714027,80.22720337,39745,39755,10
12.88636971,80.22702789,39755,39765,10
12.88543987,80.22679901,39765,39775,10
12.88486004,80.22673798,39775,39785,10
12.88477993,80.22673798,39785,39795,10
12.8843298,80.22672272,39795,39805,10
12.88352013,80.22673035,39805,39816,11
12.88241959,80.22672272,39816,39826,10
12.88132954,80.22672272,39826,39836,10
12.88014984,80.22673798,39836,39846,10
12.87891006,80.22679138,39846,39856,10
12.87796021,80.22685242,39856,39866,10
12.87677956,80.22696686,39866,39876,10
12.87644005,80.22699738,39876,39886,10
12.87639999,80.22699738,39886,39897,11
12.87592983,80.22699738,39897,39907,10
12.87518978,80.2269516,39907,39917,10
12.87434006,80.22683716,39917,39927,10
12.87335968,80.22673798,39927,39937,10
12.87279034,80.22673035,39937,39947,10
12.87277985,80.22672272,39947,39957,10
12.87244987,80.22672272,39957,39967,10
12.87174034,80.2266922,39967,39978,11
12.87067032,80.22663879,39978,39988,10
12.86954975,80.22653198,39988,39998,10
12.86841011,80.22640991,39998,40008,10
12.86725044,80.22646332,40008,40018,10
12.86604023,80.22657776,40018,40028,10
12.86476994,80.22660065,40028,40038,10
12.8635397,80.2265625,40038,40048,10
12.86240005,80.2265625,40048,40059,11
12.86124039,80.22662354,40059,40069,10
12.86095047,80.22663116,40069,40079,10
12.86061001,80.22659302,40079,40089,10
12.85988998,80.22648621,40089,40099,10
12.85902023,80.22635651,40099,40109,10
12.85848045,80.2263031,40109,40119,10
12.85778999,80.22628021,40119,40129,10
12.85680008,80.22634125,40129,40140,11
12.85554981,80.22647095,40140,40150,10
12.85429001,80.22660065,40150,40160,10
12.85297966,80.22672272,40160,40170,10
12.85161972,80.22666931,40170,40180,10
12.85056019,80.22662354,40180,40190,10
12.8499403,80.22662354,40190,40200,10
12.84978008,80.22662354,40200,40210,10
12.8491497,80.22659302,40210,40221,11
12.8481102,80.22660065,40221,40231,10
12.84698009,80.22660828,40231,40241,10
12.84609985,80.22662354,40241,40251,10
12.84574032,80.22662354,40251,40261,10
12.84535027,80.22663116,40261,40271,10
12.84521961,80.22663116,40271,40281,10
12.84469986,80.22666168,40281,40291,10
12.84389973,80.22673035,40291,40302,11
12.84278965,80.22691345,40302,40312,10
12.84162998,80.22714996,40312,40322,10
12.84049988,80.22746277,40322,40332,10
12.83983994,80.22766113,40332,40342,10
12.83965015,80.22773743,40342,40352,10
12.83961964,80.22773743,40352,40362,10
12.83930969,80.22782898,40362,40372,10
12.8385601,80.22801971,40372,40383,11
12.83747959,80.2282486,40383,40393,10
12.83623981,80.22841644,40393,40403,10
12.83495998,80.22859955,40403,40413,10
12.83374977,80.22879791,40413,40423,10
12.83255959,80.22904205,40423,40433,10
12.83168983,80.22924042,40433,40443,10
12.83154964,80.22928619,40443,40453,10
12.83137035,80.22934723,40453,40464,11
12.83067989,80.22958374,40464,40474,10
12.82981014,80.22989655,40474,40484,10
12.82880974,80.23032379,40484,40494,10
12.82777977,80.23088074,40494,40504,10
12.82674026,80.23132324,40504,40514,10
12.82559013,80.23142242,40514,40524,10
12.82437992,80.2313385,40524,40534,10
12.82322979,80.23098755,40534,40545,11
12.82186985,80.23056793,40545,40555,10
12.82059956,80.23046875,40555,40565,10
12.81947041,80.23049927,40565,40575,10
12.81875992,80.23045349,40575,40585,10
12.81853008,80.23033905,40585,40595,10
12.81793022,80.2300415,40595,40605,10
12.81707954,80.22966766,40605,40615,10
12.81599998,80.22943115,40615,40625,10
12.81478024,80.22924805,40625,40636,11
12.81348038,80.22895813,40636,40646,10
12.81229973,80.22853851,40646,40656,10
12.81103992,80.22807312,40656,40666,10
12.80986023,80.22757721,40666,40676,10
12.80877972,80.22692871,40676,40686,10
12.80780029,80.22612,40686,40696,10
12.80698967,80.22541809,40696,40706,10
12.80632973,80.22483826,40706,40717,11
12.80589962,80.22444153,40717,40767,50
12.80589962,80.22444153,40767,40777,10
12.80556965,80.22419739,40777,40787,10
12.80529976,80.22409058,40787,40798,11
12.80504036,80.22402954,40798,40808,10
12.80502987,80.22402191,40808,40818,10
12.80473995,80.22396088,40818,40828,10
12.80420017,80.22389984,40828,40838,10
12.80346012,80.22383881,40838,40848,10
12.80257034,80.22373962,40848,40858,10
12.80163002,80.22361755,40858,40868,10
12.8009901,80.22357941,40868,40879,11
12.80080986,80.22357941,40879,40889,10
12.80023956,80.22351837,40889,40899,10
12.79942036,80.22345734,40899,40909,10
12.79846954,80.22332764,40909,40919,10
12.79738045,80.22319031,40919,40929,10
12.79638958,80.22302246,40929,40939,10
12.79582024,80.22293091,40939,40949,10
12.79578972,80.22290802,40949,40960,11
12.79531956,80.22281647,40960,40970,10
12.79458046,80.22267151,40970,40980,10
12.79362011,80.22252655,40980,40990,10
12.79251003,80.22238159,40990,41000,10
12.79166985,80.22216797,41000,41010,10
12.79045963,80.22187042,41010,41020,10
12.78966999,80.2216568,41020,41030,10
12.78915024,80.22148132,41030,41041,11
12.78847027,80.22123718,41041,41051,10
12.78783989,80.22096252,41051,41061,10
12.78722954,80.22075653,41061,41071,10
12.78670025,80.22058105,41071,41081,10
12.78627968,80.22041321,41081,41101,20
12.78627968,80.22041321,41101,41111,10
12.78623009,80.22032928,41111,41122,11
12.78614044,80.22049713,41122,41132,10
12.78617001,80.22093201,41132,41142,10
12.78617001,80.22144318,41142,41152,10
12.78623009,80.22181702,41152,41162,10
12.78629017,80.22206116,41162,41557,395
12.78629017,80.22206116,41557,41567,10
12.78627014,80.22183228,41567,41577,10
12.78619957,80.22151947,41577,41597,20
12.78619957,80.22151947,41597,41608,11
12.78616047,80.22122192,41608,41618,10
12.78617001,80.22090149,41618,41628,10
12.78617001,80.22068024,41628,41648,20
12.78617001,80.22068024,41648,41658,10
12.78614998,80.22051239,41658,41668,10
12.7862196,80.22039795,41668,41678,10
12.78660965,80.22049713,41678,41709,31
12.78660965,80.22049713,41709,41719,10
12.78680038,80.22059631,41719,41729,10
12.78721046,80.2207489,41729,41739,10
12.78781033,80.22096252,41739,41749,10
12.78851032,80.22122955,41749,41759,10
12.78931046,80.22151947,41759,41769,10
12.78993034,80.22174072,41769,41780,11
12.79071999,80.22193909,41780,41790,10
12.79168987,80.22216797,41790,41800,10
12.79277039,80.22241974,41800,41810,10
12.79389954,80.22257996,41810,41820,10
12.79512024,80.22276306,41820,41830,10
12.79621029,80.22292328,41830,41840,10
12.79644966,80.22296143,41840,41850,10
12.79677963,80.22303009,41850,41861,11
12.79741955,80.22315216,41861,41871,10
12.79825974,80.2232666,41871,41881,10
12.79924011,80.22335815,41881,41891,10
12.80031967,80.22345734,41891,41901,10
12.80144978,80.22355652,41901,41921,20
12.80144978,80.22355652,41921,41931,10
12.80173016,80.22358704,41931,41942,11
12.80243015,80.22367859,41942,41952,10
12.80301952,80.22377014,41952,41962,10
12.80383968,80.22384644,41962,41972,10
12.80473995,80.22393799,41972,41982,10
12.80543995,80.22409058,41982,41992,10
12.80554008,80.22412109,41992,42002,10
12.80587959,80.2243576,42002,42012,10
12.80646038,80.22486115,42012,42023,11
12.80727959,80.22557068,42023,42033,10
12.80809975,80.22628021,42033,42043,10
12.8090601,80.22707367,42043,42053,10
12.81021023,80.22769165,42053,42063,10
12.81142998,80.22817993,42063,42073,10
12.8127203,80.22865295,42073,42083,10
12.81406975,80.2290802,42083,42093,10
12.81544971,80.22931671,42093,42104,11
12.81700993,80.22959137,42104,42114,10
12.81830978,80.23014069,42114,42124,10
12.81941986,80.23046875,42124,42134,10
12.82011986,80.23043823,42134,42144,10
12.82106972,80.23040009,42144,42154,10
12.82215977,80.2305603,42154,42164,10
12.82328033,80.23091888,42164,42174,10
12.82444954,80.23120117,42174,42185,11
12.82567024,80.2313385,42185,42195,10
12.82676029,80.23126221,42195,42205,10
12.82787037,80.23081207,42205,42215,10
12.82890987,80.23020935,42215,42225,10
12.83003998,80.22975159,42225,42235,10
12.83092022,80.22937775,42235,42245,10
12.83113003,80.22937012,42245,42255,10
12.83131027,80.22930908,42255,42266,11
12.8316803,80.22914886,42266,42276,10
12.83222961,80.22904205,42276,42286,10
12.83304977,80.22888947,42286,42296,10
12.83405972,80.22869873,42296,42306,10
12.83514023,80.22852325,42306,42316,10
12.8362999,80.22834778,42316,42326,10
12.83747005,80.2281723,42326,42336,10
12.83854008,80.22795105,42336,42347,11
12.8394804,80.22759247,42347,42377,30
12.8394804,80.22759247,42377,42387,10
12.83971977,80.22754669,42387,42397,10
12.84022045,80.2274704,42397,42407,10
12.84101963,80.22724152,42407,42417,10
12.84195995,80.22699738,42417,42428,11
12.84307957,80.22678375,42428,42438,10
12.8442297,80.22666931,42438,42448,10
12.84510994,80.22660065,42448,42458,10
12.84535027,80.22657776,42458,42468,10
12.84570026,80.2265625,42468,42478,10
12.84582996,80.22657013,42478,42488,10
12.84611034,80.22657013,42488,42498,10
12.84681988,80.22654724,42498,42509,11
12.84792042,80.22654724,42509,42519,10
12.84902954,80.22653961,42519,42529,10
12.85002041,80.22651672,42529,42539,10
12.85035038,80.22650909,42539,42549,10
12.85099983,80.22646332,42549,42559,10
12.85198021,80.22653198,42559,42569,10
12.85313988,80.22660065,42569,42579,10
12.8543396,80.22650146,42579,42589,10
12.85562038,80.22635651,42589,42600,11
12.85680008,80.22624207,42600,42610,10
12.85797977,80.2261734,42610,42620,10
12.85914993,80.22627258,42620,42630,10
12.86021996,80.2264328,42630,42640,10
12.86079979,80.22647858,42640,42650,10
12.86093044,80.22646332,42650,42660,10
12.86153984,80.22648621,42660,42670,10
12.86242962,80.22646332,42670,42681,11
12.8636198,80.22644043,42681,42691,10
12.86478043,80.22650146,42691,42701,10
12.86600018,80.22651672,42701,42711,10
12.86721039,80.22640991,42711,42721,10
12.86843014,80.22631836,42721,42731,10
12.86964035,80.22644043,42731,42741,10
12.8708601,80.22657013,42741,42751,10
12.87197018,80.22660828,42751,42762,11
12.87275028,80.22660828,42762,42772,10
12.87279034,80.22662354,42772,42782,10
12.87314034,80.22664642,42782,42792,10
12.8738699,80.2266922,42792,42802,10
12.87481022,80.22679901,42802,42812,10
12.87578964,80.22689056,42812,42822,10
12.87644958,80.22689056,42822,42832,10
12.8767004,80.22688293,42832,42843,11
12.87677002,80.22688293,42843,42853,10
12.87720013,80.22682953,42853,42863,10
12.87798023,80.22676849,42863,42873,10
12.87889957,80.22670746,42873,42883,10
12.87996006,80.22666931,42883,42893,10
12.8810997,80.22666168,42893,42903,10
12.88358021,80.22666168,42903,42913,10
12.88358021,80.22666168,42913,42924,11
12.88481998,80.22663116,42924,42934,10
12.88516045,80.22663879,42934,42944,10
12.88543987,80.22669983,42944,42954,10
12.88609982,80.22686005,42954,42964,10
12.88698006,80.22708893,42964,42976,12
12.88803005,80.22724152,42976,42986,10
12.88943958,80.22728729,42986,42996,10
12.89062977,80.22727966,42996,43007,11
12.89173985,80.22728729,43007,43017,10
12.89272022,80.22736359,43017,43027,10
12.89358044,80.22747803,43027,43037,10
12.89453983,80.22756195,43037,43047,10
12.89550018,80.22762299,43047,43057,10
12.89651012,80.22766876,43057,43067,10
12.89745998,80.22772217,43067,43077,10
12.89836979,80.22776031,43077,43088,11
12.89923954,80.22781372,43088,43098,10
12.90011024,80.22788239,43098,43108,10
12.90079975,80.22792053,43108,43118,10
12.90120983,80.22794342,43118,43128,10
12.90172005,80.22795105,43128,43138,10
12.90213966,80.22796631,43138,43148,10
12.90221977,80.2279892,43148,43158,10
12.90240002,80.22805786,43158,43169,11
12.90310955,80.22810364,43169,43179,10
12.9040699,80.22811127,43179,43189,10
12.90491962,80.22814178,43189,43199,10
12.9052,80.22812653,43199,43209,10
12.90573978,80.22814178,43209,43250,41
12.90573978,80.22814178,43250,43260,10
12.90600014,80.228302,43260,43270,10
12.90639973,80.22833252,43270,43280,10
12.90662956,80.22833252,43280,43290,10
12.90692997,80.22834015,43290,43300,10
12.90754032,80.2283783,43300,43310,10
12.90839958,80.22850037,43310,43320,10
12.90946007,80.22866821,43320,43331,11
12.91077995,80.22885895,43331,43341,10
12.91203976,80.22902679,43341,43351,10
12.91327953,80.22923279,43351,43361,10
12.91396046,80.22928619,43361,43371,10
12.91397953,80.22930145,43371,43381,10
12.9144001,80.22939301,43381,43391,10
12.91516972,80.22949982,43391,43401,10
12.91619968,80.22966003,43401,43412,11
12.91736031,80.22979736,43412,43422,10
12.91847992,80.22994995,43422,43432,10
12.91942024,80.23007202,43432,43442,10
12.9204998,80.23020172,43442,43452,10
12.92168045,80.23033142,43452,43462,10
12.92294979,80.23052216,43462,43472,10
12.92430019,80.23071289,43472,43482,10
12.92564964,80.23088074,43482,43493,11
12.92714024,80.23105621,43493,43503,10
12.92827988,80.23120117,43503,43513,10
12.92918015,80.23139191,43513,43523,10
12.93021011,80.23164368,43523,43533,10
12.93138027,80.23197937,43533,43543,10
12.9326601,80.23239899,43543,43553,10
12.93350029,80.23269653,43553,43563,10
12.93354034,80.23271942,43563,43574,11
12.93358994,80.23277283,43574,43584,10
12.93402958,80.23297882,43584,43594,10
12.93480015,80.23330688,43594,43604,10
12.93546963,80.23361969,43604,43614,10
12.93577957,80.2338028,43614,43624,10
12.93634987,80.23403168,43624,43634,10
12.93721962,80.23445892,43634,43644,10
12.93830013,80.23499298,43644,43655,11
12.93937969,80.23548889,43655,43665,10
12.93964005,80.23562622,43665,43675,10
12.93964005,80.23564148,43675,43685,10
12.93984032,80.23571777,43685,43695,10
12.94044018,80.23593903,43695,43705,10
12.9412899,80.23618317,43705,43715,10
12.94225979,80.23641968,43715,43725,10
12.94320965,80.23693085,43725,43736,11
12.94406033,80.23786163,43736,43746,10
12.94489956,80.23879242,43746,43756,10
12.94592953,80.23947144,43756,43766,10
12.94699955,80.23989105,43766,43776,10
12.94727993,80.23999023,43776,43786,10
12.94740963,80.24005127,43786,43796,10
12.94791985,80.24025726,43796,43806,10
12.94869995,80.24057007,43806,43837,31
12.94869995,80.24057007,43837,43847,10
12.94894028,80.2407608,43847,43857,10
12.94946957,80.24095917,43857,43867,10
12.95030022,80.24118805,43867,43877,10
12.95102978,80.24140167,43877,43887,10
12.95106983,80.2414093,43887,43897,10
12.95137978,80.24153137,43897,43908,11
12.9520998,80.24178314,43908,43918,10
12.95287037,80.24204254,43918,43928,10
12.95361042,80.24233246,43928,43938,10
12.95411968,80.24253082,43938,43948,10
12.9547596,80.24279022,43948,43958,10
12.95536995,80.2430191,43958,43968,10
12.95610046,80.24323273,43968,43978,10
12.95631981,80.24331665,43978,43989,11
12.95660019,80.24342346,43989,43999,10
12.95720959,80.24372864,43999,44009,10
12.9579401,80.24407959,44009,44019,10
12.95870018,80.2443924,44019,44029,10
12.95888042,80.24449158,44029,44039,10
12.95913029,80.24465179,44039,44049,10
12.95971966,80.24492645,44049,44059,10
12.96051979,80.2452774,44059,44070,11
12.96158028,80.24578094,44070,44080,10
12.96249962,80.24622345,44080,44090,10
12.96306992,80.24645996,44090,44110,20
12.96306992,80.24645996,44110,44120,10
12.96321964,80.24653625,44120,44130,10
12.96354008,80.24671173,44130,44140,10
12.96418953,80.24700165,44140,44151,11
12.96516037,80.24732971,44151,44161,10
12.96615982,80.24770355,44161,44171,10
12.9669199,80.24801636,44171,44181,10
12.96697044,80.24806213,44181,44191,10
12.96712017,80.24812317,44191,44201,10
12.9675703,80.24832153,44201,44211,10
12.96831036,80.2486496,44211,44221,10
12.96924973,80.24902344,44221,44232,11
12.97045994,80.24952698,44232,44242,10
12.9715004,80.2498703,44242,44252,10
12.9725399,80.2501297,44252,44262,10
12.97367001,80.25039673,44262,44272,10
12.97498035,80.2507782,44272,44282,10
12.97630024,80.25115204,44282,44292,10
12.97756004,80.25169373,44292,44302,10
12.97840023,80.25231934,44302,44313,11
12.97850037,80.25238037,44313,44323,10
12.97869968,80.25247955,44323,44333,10
12.97939968,80.25261688,44333,44343,10
12.97999001,80.25266266,44343,44353,10
12.98013973,80.2526474,44353,44363,10
12.98031998,80.25266266,44363,44373,10
12.98083019,80.25263977,44373,44383,10
12.98173046,80.25263214,44383,44394,11
12.98293018,80.25256348,44394,44404,10
12.98410034,80.25229645,44404,44414,10
12.98499012,80.25203705,44414,44454,40
12.98499012,80.25203705,44454,44464,10
12.98536968,80.25193024,44464,44475,11
12.98587036,80.25180817,44475,44485,10
12.98604012,80.2517395,44485,44495,10
12.98637962,80.25167847,44495,44505,10
12.98694992,80.2515564,44505,44515,10
12.98760986,80.25140381,44515,44525,10
12.98789978,80.2516098,44525,44535,10
12.98799992,80.25202942,44535,44544,9
12.98801041,80.2521286,44544,44556,12
12.98799992,80.25248718,44556,44566,10
12.98791981,80.2531662,44566,44576,10
12.98785019,80.25395966,44576,44606,30
12.98785019,80.25395966,44606,44616,10
12.98783016,80.2541275,44616,44626,10
12.98777962,80.25450897,44626,44637,11
12.98777008,80.2547226,44637,44647,10
12.98768997,80.25505829,44647,44657,10
12.98766041,80.25514221,44657,44667,10
12.98760033,80.25547028,44667,44829,162
12.98760033,80.25547028,44829,44839,10
12.98756027,80.25588989,44839,44849,10
12.98748016,80.25650024,44849,44859,10
12.98738003,80.25726318,44859,44869,10
12.98733044,80.2582016,44869,44880,11
12.98721981,80.25858307,44880,44900,20
12.98721981,80.25858307,44900,44910,10
12.98711967,80.25858307,44910,44920,10
12.98686028,80.25866699,44920,44940,20
12.98686028,80.25866699,44940,44952,12
12.98674011,80.25891876,44952,47332,2380
12.98674011,80.25891876,47332,47342,10
12.98698997,80.25911713,47342,47352,10
12.98715019,80.2591095,47352,47382,30
12.98715019,80.2591095,47382,47393,11
12.98735046,80.25894165,47393,47403,10
12.98736,80.25849152,47403,47413,10
12.98740005,80.25791931,47413,47423,10
12.98748016,80.25701904,47423,47565,142
12.98748016,80.25701904,47565,47575,10
12.9874897,80.25665283,47575,47585,10
12.98752975,80.25627899,47585,47595,10
12.98756027,80.25582123,47595,47605,10
12.98713017,80.25565338,47605,47615,10
12.98612976,80.25552368,47615,47646,31
12.98612976,80.25552368,47646,47656,10
12.98587036,80.25543976,47656,47666,10
12.98538017,80.25533295,47666,47676,10
12.98470974,80.25520325,47676,47686,10
12.98400021,80.25499725,47686,47696,10
12.9833498,80.25482941,47696,47706,10
12.9827404,80.25463867,47706,47717,11
12.98206043,80.25415802,47717,47727,10
12.98182011,80.2533493,47727,47737,10
12.98145962,80.25279999,47737,47747,10
12.98073959,80.25276947,47747,47757,10
12.9801302,80.2527771,47757,47767,10
12.97951984,80.25273132,47767,47777,10
12.97881985,80.25267792,47777,47787,10
12.97861958,80.25261688,47787,47798,11
12.9782896,80.252388,47798,47808,10
12.97764969,80.25183105,47808,47818,10
12.97675991,80.25128937,47818,47828,10
12.97564983,80.2509613,47828,47838,10
12.97445011,80.25061798,47838,47848,10
12.97319984,80.2502594,47848,47858,10
12.97198963,80.24994659,47858,47868,10
12.97072983,80.24961853,47868,47879,11
12.96938992,80.24912262,47879,47889,10
12.9681797,80.24861145,47889,47899,10
12.96704006,80.24815369,47899,47909,10
12.96601963,80.24765778,47909,47919,10
12.96506977,80.2473526,47919,47929,10
12.96494961,80.24732208,47929,47939,10
12.96485996,80.24727631,47939,47949,10
12.96430016,80.24706268,47949,47960,11
12.96374035,80.2468338,47960,47970,10
12.96339989,80.24667358,47970,47980,10
12.96263027,80.24627686,47980,47990,10
12.9616003,80.24577332,47990,48000,10
12.96049976,80.24524689,48000,48010,10
12.95962048,80.24490356,48010,48020,10
12.95944023,80.24482727,48020,48030,10
12.95932007,80.24475861,48030,48041,11
12.95876026,80.24447632,48041,48051,10
12.95804977,80.2441864,48051,48061,10
12.95757961,80.24401855,48061,48071,10
12.95685005,80.24382782,48071,48081,10
12.95666027,80.24378204,48081,48091,10
12.95646,80.24372101,48091,48111,20
12.95646,80.24372101,48111,48122,11
12.95596981,80.24350739,48122,48132,10
12.9552803,80.24313354,48132,48142,10
12.95444012,80.24273682,48142,48152,10
12.95359993,80.24239349,48152,48162,10
12.95263004,80.24198914,48162,48172,10
12.95191956,80.24173737,48172,48182,10
12.95164013,80.24165344,48182,48192,10
12.95121002,80.24150085,48192,48203,11
12.95038986,80.24121857,48203,48213,10
12.94952011,80.24095917,48213,48233,20
12.94952011,80.24095917,48233,48243,10
12.94919968,80.24078369,48243,48263,20
12.94919968,80.24078369,48263,48273,10
12.94886017,80.24069214,48273,48283,10
12.94826984,80.24044037,48283,48294,11
12.94740963,80.24009705,48294,48304,10
12.94723988,80.24004364,48304,48314,10
12.94715977,80.24001312,48314,48324,10
12.9467802,80.23983765,48324,48334,10
12.94602966,80.23951721,48334,48344,10
12.94513988,80.23899841,48344,48354,10
12.94431019,80.23812103,48354,48364,10
12.94344997,80.23719025,48364,48375,11
12.94227982,80.2364502,48375,48385,10
12.94097996,80.23612213,48385,48395,10
12.94009018,80.23587799,48395,48405,10
12.93972969,80.23576355,48405,48415,10
12.93964958,80.23570251,48415,48425,10
12.93920994,80.23545837,48425,48435,10
12.93848991,80.23509216,48435,48445,10
12.93760967,80.23465729,48445,48456,11
12.93653011,80.23416138,48456,48466,10
12.93570042,80.23375702,48466,48476,10
12.93478012,80.23335266,48476,48486,10
12.93387985,80.23298645,48486,48506,20
12.93387985,80.23298645,48506,48516,10
12.93363953,80.23287201,48516,48526,10
12.93307972,80.23259735,48526,48537,11
12.93218994,80.23226166,48537,48547,10
12.93122005,80.23190308,48547,48557,10
12.9301796,80.23156738,48557,48567,10
12.9291296,80.23135376,48567,48577,10
12.92798996,80.23117065,48577,48587,10
12.92687988,80.23104858,48587,48597,10
12.92613983,80.23097992,48597,48607,10
12.92609024,80.23097992,48607,48618,11
12.92564964,80.23094177,48618,48628,10
12.92492008,80.23084259,48628,48638,10
12.92397976,80.23074341,48638,48648,10
12.92288017,80.23059082,48648,48658,10
12.92162037,80.23039246,48658,48668,10
12.92035007,80.23021698,48668,48678,10
12.91917038,80.23007202,48678,48688,10
12.91816044,80.22991943,48688,48699,11
12.91755962,80.22984314,48699,48709,10
12.91714954,80.22981262,48709,48719,10
12.91637039,80.22969055,48719,48729,10
12.91543007,80.22955322,48729,48739,10
12.91452026,80.22943878,48739,48749,10
12.91364002,80.2293396,48749,48759,10
12.91345978,80.22933197,48759,48769,10
12.9130497,80.22924805,48769,48780,11
12.91219997,80.22911835,48780,48790,10
12.91149998,80.22901154,48790,48800,10
12.91061974,80.22886658,48800,48810,10
12.90950966,80.2286911,48810,48820,10
12.90828991,80.22847748,48820,48830,10
12.90709972,80.22833252,48830,48840,10
12.90625954,80.22824097,48840,48850,10
12.90487957,80.2281723,48850,48861,11
12.90347958,80.22808838,48861,48871,10
12.90221977,80.22801971,48871,48881,10
12.90122986,80.22795105,48881,48891,10
12.90046978,80.2279129,48891,48901,10
12.89943027,80.22786713,48901,48942,41
12.89943027,80.22786713,48942,48952,10
12.89922047,80.2278595,48952,48962,10
12.89873028,80.22779083,48962,48972,10
12.89799023,80.22775269,48972,48982,10
12.89713001,80.22769928,48982,48992,10
12.89614964,80.22766113,48992,49002,10
12.89517021,80.22762299,49002,49012,10
12.89420033,80.22756195,49012,49022,10
12.89319038,80.22746277,49022,49033,11
12.89227962,80.22736359,49033,49043,10
12.89134979,80.2273407,49043,49053,10
12.89031029,80.22733307,49053,49063,10
12.88924026,80.22733307,49063,49073,10
12.88815022,80.22727966,49073,49083,10
12.88704967,80.22714233,49083,49093,10
12.88601971,80.22688293,49093,49103,10
12.88516998,80.22672272,49103,49114,11
12.88496017,80.2266922,49114,49124,10
12.88479042,80.22666931,49124,49134,10
12.88424015,80.22666931,49134,49144,10
12.88337994,80.22667694,49144,49154,10
12.88239956,80.22669983,49154,49164,10
12.88131046,80.22669983,49164,49174,10
12.88012981,80.22672272,49174,49184,10
12.8789196,80.22673798,49184,49195,11
12.87761974,80.22683716,49195,49205,10
12.87668991,80.22692871,49205,49215,10
12.87644005,80.2269516,49215,49225,10
12.87629032,80.22695923,49225,49235,10
12.87576962,80.22693634,49235,49245,10
12.87495995,80.22686768,49245,49255,10
12.87395954,80.22675323,49255,49265,10
12.8730402,80.2266922,49265,49276,11
12.87277985,80.2266922,49276,49286,10
12.87265968,80.2266922,49286,49296,10
12.87213993,80.22666931,49296,49306,10
12.87135029,80.22664642,49306,49316,10
12.87042046,80.22657776,49316,49326,10
12.86940002,80.22647858,49326,49336,10
12.86833,80.22637939,49336,49346,10
12.86725044,80.22644043,49346,49357,11
12.8660202,80.22657776,49357,49367,10
12.86485004,80.22657776,49367,49377,10
12.8636198,80.22653198,49377,49387,10
12.86244965,80.22651672,49387,49397,10
12.86145973,80.22657776,49397,49407,10
12.86100006,80.22657776,49407,49417,10
12.86087036,80.22657013,49417,49427,10
12.86042023,80.22653198,49427,49438,11
12.85958958,80.22640991,49438,49448,10
12.85873985,80.22628021,49448,49458,10
12.85785961,80.22624207,49458,49468,10
12.85684013,80.22631073,49468,49478,10
12.85571957,80.2264328,49478,49488,10
12.85453987,80.2265625,49488,49498,10
12.85328007,80.22667694,49498,49508,10
12.85196018,80.22666168,49508,49519,11
12.85068035,80.22659302,49519,49529,10
12.85007954,80.2265625,49529,49539,10
12.84996033,80.2265625,49539,49549,10
12.84943962,80.22654724,49549,49559,10
12.84866047,80.22653961,49559,49569,10
12.84770966,80.22653961,49569,49579,10
12.84673977,80.22653198,49579,49589,10
12.84626007,80.22651672,49589,49600,11
12.84554005,80.2265625,49600,49620,20
12.84554005,80.2265625,49620,49630,10
12.84529972,80.22654724,49630,49640,10
12.84473038,80.22660065,49640,49650,10
12.84395981,80.22666168,49650,49660,10
12.84307957,80.22679901,49660,49670,10
12.84210968,80.22701263,49670,49681,11
12.8409996,80.22730255,49681,49691,10
12.84020042,80.22753906,49691,49701,10
12.83975983,80.22775269,49701,49711,10
12.83967972,80.2277832,49711,49721,10
12.83913994,80.22789001,49721,49731,10
12.83833981,80.22805023,49731,49741,10
12.83732033,80.2282486,49741,49751,10
12.83613014,80.22843933,49751,49761,10
12.83487034,80.22863007,49761,49772,11
12.83345032,80.22888184,49772,49782,10
12.8322401,80.2290802,49782,49802,20
12.8322401,80.2290802,49802,49812,10
12.83216953,80.22910309,49812,49822,10
12.83176041,80.22918701,49822,49832,10
12.83102036,80.22940826,49832,49842,10
12.83008957,80.22976685,49842,49853,11
12.82896042,80.23021698,49853,49863,10
12.82791996,80.23078156,49863,49873,10
12.82688046,80.23126984,49873,49883,10
12.82606983,80.23137665,49883,49893,10
12.82594967,80.23137665,49893,49903,10
12.82571983,80.23137665,49903,49913,10
12.82503986,80.23136902,49913,49923,10
12.82404995,80.23117065,49923,49934,11
12.82269955,80.2307663,49934,49944,10
12.82131958,80.23043823,49944,49954,10
12.81993008,80.23043823,49954,49964,10
12.81896019,80.23046112,49964,49974,10
12.81892014,80.23045349,49974,49984,10
12.81865025,80.23036957,49984,49994,10
12.81797981,80.2300415,49994,50004,10
12.81696033,80.22962189,50004,50015,11
12.81556988,80.22936249,50015,50025,10
12.8142004,80.22914124,50025,50035,10
12.81280041,80.22872162,50035,50045,10
12.81138039,80.22821045,50045,50055,10
12.81007957,80.22769165,50055,50065,10
12.80893993,80.22705841,50065,50075,10
12.80786991,80.22618103,50075,50085,10
12.80692959,80.22537994,50085,50096,11
12.80615997,80.2246933,50096,50106,10
12.80548,80.22413635,50106,50116,10
12.80502033,80.22399139,50116,50126,10
12.80496025,80.22398376,50126,50136,10
12.80494022,80.22399902,50136,50146,10
12.8044796,80.22393036,50146,50156,10
12.80368996,80.22386932,50156,50166,10
12.80270958,80.22377014,50166,50177,11
12.80090046,80.22358704,50177,50197,20
12.80090046,80.22358704,50197,50207,10
12.80056,80.22354126,50207,50217,10
12.79985046,80.2234726,50217,50227,10
12.79880047,80.22335815,50227,50237,10
12.79753971,80.2232132,50237,50247,10
12.79584026,80.22293854,50247,50268,21
12.79584026,80.22293854,50268,50278,10
12.7957201,80.22292328,50278,50288,10
12.79514027,80.22279358,50288,50298,10
12.79423046,80.22264099,50298,50308,10
12.79312038,80.22248077,50308,50318,10
12.79191017,80.22223663,50318,50328,10
12.79076004,80.22194672,50328,50339,11
12.7895298,80.22161865,50339,50379,40
12.7895298,80.22161865,50379,50389,10
12.7894001,80.22158813,50389,50399,10
12.78894043,80.22141266,50399,50409,10
12.78812027,80.22109222,50409,50419,10
12.78724003,80.22075653,50419,50430,11
12.78635979,80.22042084,50430,50460,30
12.78635979,80.22042084,50460,50470,10
12.78614044,80.22039795,50470,50480,10
12.78614998,80.2206192,50480,50490,10
12.78616047,80.22096252,50490,50500,10
12.78623009,80.22167969,50500,50521,21
12.78623009,80.22167969,50521,50531,10
12.78623009,80.22200775,50531,50592,61
12.78619957,80.22190094,50592,50733,141
12.78627968,80.2218399,50733,51432,699
12.78619957,80.22161865,51432,51462,30
12.78619957,80.22161865,51462,51472,10
12.78619957,80.22148895,51472,51483,11
12.78614998,80.22128296,51483,51493,10
12.78616047,80.22093201,51493,51503,10
12.78616047,80.22035217,51503,51523,20
12.78641033,80.22039032,51523,51564,41
12.78641033,80.22039032,51564,51574,10
12.78658009,80.22049713,51574,51584,10
12.78691006,80.22059631,51584,51594,10
12.78736973,80.2207489,51594,51604,10
12.78789997,80.22090912,51604,51614,10
12.78853989,80.22116852,51614,51624,10
12.78923988,80.22144318,51624,51634,10
12.78971958,80.22161865,51634,51645,11
12.79036045,80.22177887,51645,51655,10
12.7911396,80.22197723,51655,51665,10
12.79203987,80.22222137,51665,51675,10
12.7929697,80.22239685,51675,51685,10
12.79391956,80.22254944,51685,51695,10
12.79487991,80.22267914,51695,51705,10
12.79578018,80.22283936,51705,51715,10
12.79638958,80.22293854,51715,51726,11
12.79640961,80.2229538,51726,51736,10
12.79654026,80.22296906,51736,51746,10
12.7969799,80.22303772,51746,51756,10
12.79763985,80.22316742,51756,51766,10
12.7983799,80.22325897,51766,51776,10
12.79922962,80.2233429,51776,51786,10
12.80012035,80.22341919,51786,51796,10
12.80144024,80.22355652,51796,51817,21
12.80144024,80.22355652,51817,51827,10
12.80179977,80.22361755,51827,51837,10
12.80241966,80.22367859,51837,51847,10
12.80307961,80.22377777,51847,51857,10
12.80381966,80.22383881,51857,51867,10
12.80459023,80.22389984,51867,51877,10
12.80554008,80.22409821,51877,51898,21
12.80554008,80.22409821,51898,51908,10
12.80572987,80.22422028,51908,51918,10
12.80615997,80.22457886,51918,51928,10
12.80673981,80.22509766,51928,51938,10
12.80741978,80.22567749,51938,51948,10
12.80817032,80.22631836,51948,51958,10
12.80900002,80.22702026,51958,51968,10
12.80998993,80.22759247,51968,51979,11
12.81107998,80.22805023,51979,51989,10
12.81214046,80.2284317,51989,51999,10
12.81326008,80.22882843,51999,52009,10
12.81437016,80.22915649,52009,52019,10
12.81558037,80.22934723,52019,52029,10
12.8167696,80.22953796,52029,52039,10
12.81785965,80.22994232,52039,52049,10
12.81882954,80.2303772,52049,52060,11
12.81966972,80.2304306,52060,52070,10
12.8197403,80.23042297,52070,52080,10
12.81993008,80.23040009,52080,52090,10
12.82054996,80.23036957,52090,52100,10
12.82137966,80.23039246,52100,52110,10
12.82227039,80.23058319,52110,52120,10
12.82322025,80.23088074,52120,52130,10
12.82413006,80.23113251,52130,52141,11
12.82518959,80.23132324,52141,52153,12
12.82602024,80.23129272,52153,52163,10
12.8261404,80.23127747,52163,52173,10
12.82639027,80.23126221,52173,52183,10
12.82711983,80.23114014,52183,52193,10
12.82785034,80.2307663,52193,52203,10
12.82870007,80.23030853,52203,52213,10
12.82960033,80.22989655,52213,52224,11
12.83110046,80.22930145,52224,52264,40
12.83110046,80.22930145,52264,52274,10
12.83143997,80.22921753,52274,52284,10
12.83156013,80.22917175,52284,52294,10
12.83193016,80.22907257,52294,52305,11
12.83263969,80.22891998,52305,52315,10
12.83347034,80.22878265,52315,52325,10
12.83440971,80.22862244,52325,52335,10
12.83543015,80.22846222,52335,52345,10
12.83646965,80.22830963,52345,52355,10
12.83757973,80.22814178,52355,52365,10
12.83858013,80.22792816,52365,52375,10
12.83942032,80.22772217,52375,52426,51
12.83942032,80.22772217,52426,52436,10
12.83992958,80.2276001,52436,52446,10
12.84057045,80.22740936,52446,52456,10
12.84140968,80.22717285,52456,52467,11
12.84247017,80.22691345,52467,52477,10
12.84350014,80.22673035,52477,52487,10
12.84461975,80.22657776,52487,52497,10
12.84541988,80.22650146,52497,52517,20
12.84541988,80.22650146,52517,52527,10
12.8458004,80.22647858,52527,52537,10
12.84636021,80.22647858,52537,52548,11
12.84727955,80.22647858,52548,52558,10
12.84823036,80.22647095,52558,52568,10
12.8491497,80.22647095,52568,52578,10
12.84996033,80.22646332,52578,52588,10
12.85011959,80.22646332,52588,52598,10
12.85023022,80.22647095,52598,52608,10
12.85070038,80.22647858,52608,52618,10
12.85144043,80.22653961,52618,52629,11
12.85241985,80.22663879,52629,52639,10
12.85344028,80.22662354,52639,52649,10
12.85451984,80.22650909,52649,52659,10
12.85566998,80.22637939,52659,52669,10
12.85682011,80.22624969,52669,52679,10
12.85793972,80.2261734,52679,52689,10
12.85904026,80.22624207,52689,52699,10
12.86009979,80.22637939,52699,52710,11
12.86077976,80.22647095,52710,52720,10
12.86085987,80.22648621,52720,52730,10
12.86122036,80.2265625,52730,52740,10
12.86196041,80.22653198,52740,52750,10
12.86289024,80.22647095,52750,52760,10
12.86394978,80.22647095,52760,52770,10
12.86507034,80.22650909,52770,52780,10
12.86616993,80.22648621,52780,52791,11
12.86750984,80.22634888,52791,52801,10
12.86874008,80.2263031,52801,52811,10
12.86989975,80.22646332,52811,52821,10
12.87104988,80.22657776,52821,52831,10
12.87209034,80.22662354,52831,52841,10
12.87271976,80.22662354,52841,52871,30
12.87271976,80.22662354,52871,52882,11
12.87298965,80.22660828,52882,52892,10
12.87351036,80.22662354,52892,52902,10
12.87425041,80.22669983,52902,52912,10
12.87508965,80.22679901,52912,52922,10
12.87596035,80.22686768,52922,52932,10
12.87662029,80.22683716,52932,52942,10
12.87675953,80.22682953,52942,52952,10
12.87681007,80.2268219,52952,52963,11
12.87724972,80.22679901,52963,52973,10
12.87794971,80.22673035,52973,52983,10
12.87876034,80.22666931,52983,52993,10
12.87967968,80.22663879,52993,53003,10
12.88072014,80.22663879,53003,53013,10
12.88181973,80.22663879,53013,53023,10
12.8829298,80.22663116,53023,53033,10
12.88403988,80.22662354,53033,53044,11
12.88502026,80.22662354,53044,53054,10
12.88519001,80.22663879,53054,53064,10
12.88527966,80.22666168,53064,53074,10
12.88576031,80.22675323,53074,53084,10
12.8865099,80.22693634,53084,53094,10
12.8874197,80.22715759,53094,53104,10
12.88848019,80.22725677,53104,53114,10
12.8895998,80.22727966,53114,53125,11
12.89087963,80.22727966,53125,53135,10
12.89202023,80.22728729,53135,53145,10
12.89313984,80.22740936,53145,53155,10
12.89426994,80.22756195,53155,53165,10
12.89542961,80.22762299,53165,53175,10
12.89659023,80.22766876,53175,53185,10
12.89774036,80.2277298,53185,53195,10
12.89883995,80.2277832,53195,53206,11
12.89974022,80.22782135,53206,53216,10
12.90027046,80.22779846,53216,53246,30
12.90027046,80.22779846,53246,53256,10
12.90056038,80.22779846,53256,53266,10
12.90095997,80.22785187,53266,53276,10
12.90149975,80.22789764,53276,53287,11
12.90200996,80.22795868,53287,53307,20
12.90200996,80.22795868,53307,53317,10
12.90209961,80.22799683,53317,53327,10
12.90248966,80.22801971,53327,53337,10
12.90312958,80.2280426,53337,53347,10
12.90392971,80.22805023,53347,53357,10
12.90482044,80.22810364,53357,53368,11
12.90575981,80.22814941,53368,53378,10
12.90633965,80.2281723,53378,53408,30
12.90633965,80.2281723,53408,53418,10
12.90643978,80.22821045,53418,53428,10
12.90672016,80.22821808,53428,53438,10
12.9071703,80.22827911,53438,53449,11
12.90799046,80.22840118,53449,53459,10
12.9089098,80.22853088,53459,53469,10
12.90991974,80.22869873,53469,53479,10
12.91100979,80.22885895,53479,53489,10
12.91211987,80.22904205,53489,53499,10
12.91320038,80.22917938,53499,53509,10
12.91401005,80.22927094,53509,53530,21
12.91401005,80.22927094,53530,53540,10
12.91407013,80.22930145,53540,53550,10
12.91450024,80.22936249,53550,53560,10
12.91508007,80.22943115,53560,53570,10
12.91590023,80.22955322,53570,53580,10
12.91687965,80.22966766,53580,53590,10
12.91794014,80.22981262,53590,53600,10
12.91899967,80.22994232,53600,53611,11
12.92024994,80.23011017,53611,53621,10
12.92144966,80.2302475,53621,53631,10
12.92265987,80.23043823,53631,53641,10
12.92391014,80.23061371,53641,53651,10
12.92502975,80.23078156,53651,53661,10
12.92597961,80.23091125,53661,53671,10
12.92630959,80.23091888,53671,53681,10
12.92644024,80.23094177,53681,53692,11
12.92702961,80.23098755,53692,53702,10
12.92780018,80.2310791,53702,53712,10
12.92860031,80.23120117,53712,53722,10
12.92947006,80.23137665,53722,53732,10
12.93045998,80.23165131,53732,53742,10
12.93155003,80.23200226,53742,53752,10
12.93257999,80.23236084,53752,53762,10
12.93362045,80.23274994,53762,53783,21
12.93362045,80.23274994,53783,53793,10
12.93385983,80.23285675,53793,53803,10
12.9344902,80.23316193,53803,53813,10
12.93527985,80.23348999,53813,53823,10
12.93616009,80.23387146,53823,53833,10
12.93710041,80.23433685,53833,53843,10
12.93807983,80.23484039,53843,53853,10
12.93900013,80.2352829,53853,53864,11
12.93968964,80.23561859,53864,53874,10
12.93970966,80.23561859,53874,53884,10
12.93978977,80.23561096,53884,53894,10
12.9401598,80.23576355,53894,53904,10
12.94081974,80.23593903,53904,53914,10
12.94161987,80.23616028,53914,53924,10
12.94254017,80.2364502,53924,53934,10
12.94338989,80.2370224,53934,53945,11
12.94417953,80.23787689,53945,53955,10
12.94487953,80.23867035,53955,53965,10
12.94571972,80.23928833,53965,53975,10
12.94670963,80.23970032,53975,53985,10
12.94727993,80.23992157,53985,53995,10
12.94734001,80.2399292,53995,54005,10
12.94771004,80.24008942,54005,54015,10
12.94820976,80.24030304,54015,54026,11
12.94857979,80.24043274,54026,54036,10
12.94869995,80.24047852,54036,54046,10
12.94911003,80.24066162,54046,54056,10
12.94962025,80.24085999,54056,54066,10
12.95028973,80.24108887,54066,54076,10
12.95088005,80.24127197,54076,54086,10
12.95096016,80.2412796,54086,54096,10
12.95108032,80.24131012,54096,54107,11
12.95153046,80.24147797,54107,54117,10
12.9521904,80.24170685,54117,54127,10
12.95294952,80.24198151,54127,54137,10
12.95376015,80.24230957,54137,54147,10
12.95444012,80.2425766,54147,54157,10
12.95526981,80.24289703,54157,54167,10
12.95592022,80.24311066,54167,54177,10
12.95619011,80.24317932,54177,54188,11
12.95619965,80.24318695,54188,54198,10
12.95627975,80.24323273,54198,54208,10
12.95639992,80.24330139,54208,54218,10
12.95680046,80.24346161,54218,54228,10
12.95748997,80.24382019,54228,54238,10
12.95818043,80.244133,54238,54248,10
12.95872021,80.24433136,54248,54258,10
12.95874977,80.24433899,54258,54269,11
12.95901012,80.24443817,54269,54279,10
12.95958042,80.24469757,54279,54289,10
12.96035004,80.24507141,54289,54299,10
12.96125984,80.24550629,54299,54309,10
12.96220016,80.24597168,54309,54319,10
12.9630003,80.24636078,54319,54329,10
12.96362019,80.2466507,54329,54339,10
12.96450996,80.24701691,54339,54350,11
12.96557045,80.24739075,54350,54360,10
12.96646976,80.24772644,54360,54370,10
12.96691036,80.24791718,54370,54380,10
12.96693993,80.24791718,54380,54390,10
12.96695995,80.24794006,54390,54400,10
12.96722031,80.24812317,54400,54410,10
12.96786976,80.24835968,54410,54420,10
12.96870041,80.24865723,54420,54431,11
12.96977997,80.24899292,54431,54441,10
12.9708004,80.24944305,54441,54451,10
12.97179985,80.2497406,54451,54461,10
12.97278976,80.24996948,54461,54471,10
12.97377968,80.2502594,54471,54481,10
12.97476006,80.25055695,54481,54491,10
12.97572994,80.25086212,54491,54501,10
12.97673988,80.25113678,54501,54512,11
12.97766018,80.25161743,54512,54522,10
12.97854042,80.25228119,54522,54542,20
12.97854042,80.25228119,54542,54552,10
12.9788599,80.25244141,54552,54562,10
12.97935009,80.25253296,54562,54572,10
12.9797802,80.25257111,54572,54582,10
12.98031998,80.25260162,54582,54593,11
12.98112965,80.25257111,54593,54603,10
12.98188972,80.25254822,54603,54613,10
12.98233986,80.2525177,54613,54623,10
12.98235989,80.2525177,54623,54633,10
12.98256016,80.25250244,54633,54643,10
12.98301983,80.25247955,54643,54653,10
12.98373985,80.25234985,54653,54704,51
12.98373985,80.25234985,54704,54714,10
12.9839201,80.25228882,54714,54724,10
12.98418045,80.25222015,54724,54765,41
12.98418045,80.25222015,54765,54775,10
12.9842701,80.25222778,54775,54785,10
12.98466969,80.25212097,54785,54795,10
12.98515987,80.25198364,54795,54805,10
12.98546028,80.25187683,54805,54815,10
12.98589993,80.2517395,54815,54876,61
12.98589993,80.2517395,54876,54886,10
12.98643017,80.25164795,54886,54896,10
12.98696041,80.25150299,54896,54906,10
12.98762035,80.25131226,54906,54917,11
12.98841,80.25112915,54917,54927,10
12.98943996,80.25083923,54927,54947,20
12.98943996,80.25083923,54947,54957,10
12.98950958,80.25086212,54957,54967,10
12.98987007,80.2508316,54967,54977,10
12.99030972,80.2507019,54977,54987,10
12.99129009,80.2504425,54987,54998,11
12.99230957,80.25018311,54998,55008,10
12.99326038,80.24993134,55008,55018,10
12.99425983,80.24967957,55018,55028,10
12.9952898,80.24942017,55028,55038,10
12.99623966,80.24916077,55038,55048,10
12.9966898,80.24904633,55048,55058,10
12.99674034,80.2490387,55058,55068,10
12.99713039,80.24893951,55068,55079,11
12.99792004,80.24878693,55079,55089,10
12.99884033,80.24855804,55089,55099,10
12.99981976,80.24829865,55099,55109,10
13.00086021,80.24803162,55109,55119,10
13.0019598,80.24775696,55119,55129,10
13.00310993,80.24752045,55129,55139,10
13.00426006,80.24733734,55139,55149,10
13.00527954,80.24716949,55149,55159,10
13.00613976,80.24684143,55159,55170,11
13.00642967,80.24646759,55170,55190,20
13.00642967,80.24646759,55190,55200,10
13.00648975,80.24630737,55200,55210,10
13.00656986,80.2458725,55210,55220,10
13.00662041,80.24523926,55220,55230,10
13.00664043,80.24447632,55230,55240,10
13.00658989,80.24365997,55240,55251,11
13.00656986,80.24295044,55251,55261,10
13.00654984,80.24208832,55261,55271,10
13.0065403,80.24137115,55271,55281,10
13.0065403,80.24118042,55281,55291,10
13.00656033,80.24099731,55291,55301,10
13.00660992,80.24060822,55301,55311,10
13.00671005,80.24005127,55311,55321,10
13.0067997,80.23967743,55321,55332,11
13.00689983,80.23916626,55332,55342,10
13.00702953,80.23851013,55342,55352,10
13.00720024,80.23774719,55352,55362,10
13.00737,80.23670197,55362,55382,20
13.00737,80.23670197,55382,55392,10
13.00745964,80.2364502,55392,55402,10
13.00757027,80.23590088,55402,55413,11
13.00771046,80.23529053,55413,55423,10
13.00782967,80.23470306,55423,55433,10
13.00800991,80.23387146,55433,55443,10
13.00817966,80.23287964,55443,55453,10
13.00837994,80.23188019,55453,55463,10
13.00858021,80.23088837,55463,55473,10
13.00879955,80.22979736,55473,55483,10
13.00901985,80.22869873,55483,55494,11
13.00938034,80.2276001,55494,55504,10
13.00984955,80.22657776,55504,55514,10
13.01025009,80.22575378,55514,55524,10
13.01043034,80.22532654,55524,55534,10
13.01058006,80.22502136,55534,55544,10
13.01076984,80.22458649,55544,55554,10
13.01099968,80.22409821,55554,55564,10
13.01107025,80.22389984,55564,55575,11
13.01111984,80.22355652,55575,55585,10
13.01126957,80.2230835,55585,55595,10
13.01165962,80.22267914,55595,55605,10
13.01191044,80.22194672,55605,55615,10
13.0121603,80.22158813,55615,55625,10
13.01239967,80.22177887,55625,55635,10
13.01280022,80.22225189,55635,55645,10
13.01329994,80.22270203,55645,55656,11
13.01381969,80.22331238,55656,55666,10
13.01416969,80.22383881,55666,55676,10
13.01484013,80.22451782,55676,55686,10
13.01556969,80.2250824,55686,55706,20
13.01556969,80.2250824,55706,55716,10
13.0159502,80.22525787,55716,55726,10
13.01661968,80.2252121,55726,55737,11
13.01749992,80.22486115,55737,55748,11
13.01836014,80.22451782,55748,55758,10
13.01937008,80.22429657,55758,55799,41
13.01937008,80.22429657,55799,55809,10
13.01945972,80.22438812,55809,55820,11
13.01959991,80.2244873,55820,55830,10
13.01986027,80.22463226,55830,55840,10
13.02013016,80.22485352,55840,55850,10
13.02035046,80.22499847,55850,55860,10
13.02058983,80.22515869,55860,55870,10
13.02089977,80.22541046,55870,55880,10
13.0212698,80.22569275,55880,55890,10
13.02171993,80.2259903,55890,55901,11
13.02225018,80.22637939,55901,55911,10
13.02266026,80.22673798,55911,55921,10
13.02305984,80.22714996,55921,55931,10
13.02344036,80.22747803,55931,55941,10
13.02381039,80.22782135,55941,55951,10
13.02412033,80.22812653,55951,55961,10
13.02431965,80.22836304,55961,56022,61
13.02431965,80.22836304,56022,56032,10
13.02429962,80.2286377,56032,56042,10
13.0240202,80.22840881,56042,56052,10
13.02373028,80.22799683,56052,56063,11
13.02342987,80.22773743,56063,56538,475
13.02324963,80.22747803,56538,56873,335
13.02324963,80.22747803,56873,56883,10
13.02317047,80.22740173,56883,56893,10
13.02289009,80.22714233,56893,56903,10
13.02254009,80.22679138,56903,56913,10
13.02208042,80.22637939,56913,56923,10
13.0216198,80.22599792,56923,56933,10
13.02118015,80.22566223,56933,56943,10
13.02085018,80.22535706,56943,56954,11
13.02042961,80.22509766,56954,56964,10
13.01992989,80.22480011,56964,56974,10
13.01937962,80.22447968,56974,56984,10
13.01858997,80.22451782,56984,56994,10
13.01780987,80.22485352,56994,57004,10
13.01710987,80.22515106,57004,57014,10
13.01661015,80.22535706,57014,57024,10
13.01640034,80.22544861,57024,57035,11
13.01605034,80.22557068,57035,57045,10
13.01554012,80.22575378,57045,57055,10
13.0152998,80.22589111,57055,57065,10
13.01496029,80.22602081,57065,57075,10
13.01441002,80.22624969,57075,57095,20
13.01441002,80.22624969,57095,57105,10
13.01414013,80.22635651,57105,57116,11
13.01352978,80.22659302,57116,57126,10
13.01282978,80.22686005,57126,57136,10
13.01202011,80.22718048,57136,57146,10
13.0111599,80.22750854,57146,57156,10
13.01029015,80.2278595,57156,57166,10
13.00944996,80.22823334,57166,57176,10
13.00905037,80.22898102,57176,57186,10
13.00885963,80.2299881,57186,57197,11
13.00864029,80.23111725,57197,57207,10
13.00841999,80.23220062,57207,57217,10
13.00829983,80.23316193,57217,57227,10
13.00827026,80.23352814,57227,57237,10
13.00825024,80.23364258,57237,57247,10
13.0081501,80.23387909,57247,57257,10
13.00806046,80.23444366,57257,57267,10
13.00788975,80.23516083,57267,57278,11
13.00771999,80.2360611,57278,57288,10
13.00753975,80.23696136,57288,57298,10
13.00736046,80.23789215,57298,57308,10
13.0072298,80.23873138,57308,57318,10
13.00716972,80.23919678,57318,57328,10
13.00704956,80.23970032,57328,57338,10
13.00695992,80.23995209,57338,57348,10
13.00691032,80.2403717,57348,57369,21
13.00691032,80.2403717,57369,57379,10
13.00683022,80.24073029,57379,57389,10
13.00675964,80.24124908,57389,57399,10
13.00675964,80.2420578,57399,57409,10
13.00671959,80.24295044,57409,57419,10
13.00675011,80.24375916,57419,57429,10
13.00671005,80.24453735,57429,57440,11
13.00675011,80.24564362,57440,57450,10
13.00675011,80.24656677,57450,57460,10
13.00675011,80.24727631,57460,57521,61
13.00675011,80.24727631,57521,57531,10
13.00660992,80.24754333,57531,57541,10
13.00627041,80.24752808,57541,57571,30
13.00627041,80.24752808,57571,57581,10
13.0058403,80.24741364,57581,57591,10
13.00524998,80.24739075,57591,57602,11
13.0044899,80.24743652,57602,57612,10
13.00372028,80.24755859,57612,57622,10
13.0028801,80.24768829,57622,57632,10
13.00199032,80.24788666,57632,57642,10
13.00100994,80.24813843,57642,57652,10
13.0,80.24839783,57652,57662,10
12.99899006,80.2486496,57662,57672,10
12.99820995,80.24887085,57672,57683,11
12.9980402,80.24890137,57683,57693,10
12.99790001,80.24894714,57693,57703,10
12.99740982,80.24906158,57703,57713,10
12.99666977,80.24923706,57713,57723,10
12.99582005,80.24945831,57723,57733,10
12.99485016,80.24971008,57733,57743,10
12.99384022,80.24996948,57743,57752,9
12.99287987,80.25019836,57752,57764,12
12.99166012,80.25050354,57764,57774,10
12.99106026,80.25067902,57774,57784,10
12.99100018,80.25070953,57784,57794,10
12.99059963,80.25081635,57794,57804,10
12.98991966,80.25097656,57804,57814,10
12.98921967,80.25115967,57814,57824,10
12.98886967,80.25125885,57824,57834,10
12.98873043,80.25128937,57834,57845,11
12.98865986,80.25128937,57845,57855,10
12.98834038,80.25138855,57855,57865,10
12.98797989,80.25145721,57865,57875,10
12.98750019,80.2515564,57875,57885,10
12.98700047,80.25170135,57885,57895,10
12.98641014,80.25184631,57895,57905,10
12.98569012,80.25202179,57905,57915,10
12.98482037,80.2522583,57915,57925,10
12.98388958,80.25251007,57925,57936,11
12.98291969,80.25269318,57936,57946,10
12.98200989,80.25273132,57946,57956,10
12.98112965,80.25276184,57956,57966,10
12.9804697,80.25279236,57966,57976,10
12.9799099,80.25279999,57976,57996,20
12.9799099,80.25279999,57996,58006,10
12.97980022,80.25276947,58006,58017,11
12.97941017,80.25270844,58017,58027,10
12.97883987,80.2526474,58027,58037,10
12.97861958,80.25260162,58037,58047,10
12.9785099,80.25254059,58047,58057,10
12.97811985,80.25227356,58057,58067,10
12.97756004,80.25177002,58067,58077,10
12.97679043,80.2513504,58077,58087,10
12.97585011,80.25106049,58087,58098,11
12.97476959,80.25074005,58098,58108,10
12.97375965,80.2504425,58108,58118,10
12.97268009,80.25016022,58118,58128,10
12.97154999,80.24984741,58128,58138,10
12.97039986,80.24951172,58138,58148,10
12.9693203,80.24907684,58148,58158,10
12.96823978,80.2486496,58158,58168,10
12.96718025,80.24820709,58168,58179,11
12.96621037,80.2477417,58179,58189,10
12.96551037,80.24749756,58189,58199,10
12.96522999,80.24736786,58199,58209,10
12.96512985,80.24732208,58209,58219,10
12.96471024,80.24716187,58219,58229,10
12.96413994,80.24694824,58229,58239,10
12.96399975,80.24688721,58239,58249,10
12.96374035,80.24678802,58249,58260,11
12.96308994,80.24649048,58260,58270,10
12.9623003,80.24610138,58270,58280,10
12.96138,80.24565887,58280,58290,10
12.96043968,80.24523163,58290,58300,10
12.95963001,80.24490356,58300,58310,10
12.95932961,80.24478149,58310,58320,10
12.95907974,80.24465942,58320,58330,10
12.95851994,80.24442291,58330,58341,11
12.95788002,80.24414063,58341,58351,10
12.95730019,80.24394226,58351,58361,10
12.95662975,80.24375153,58361,58411,50
12.95662975,80.24375153,58411,58422,11
12.95650005,80.24375153,58422,58432,10
12.95631981,80.24365997,58432,58442,10
12.95582962,80.24342346,58442,58452,10
12.95514011,80.24307251,58452,58462,10
12.95429993,80.2427063,58462,58472,10
12.95343971,80.24234772,58472,58482,10
12.95250034,80.24198151,58482,58492,10
12.9518404,80.24175262,58492,58503,11
12.95166016,80.24167633,58503,58513,10
12.95125961,80.24153137,58513,58523,10
12.95059013,80.24128723,58523,58533,10
12.94979954,80.24105835,58533,58543,10
12.94892025,80.2407608,58543,58553,10
12.94801998,80.24040222,58553,58563,10
12.94731998,80.24011993,58563,58573,10
12.94719028,80.24006653,58573,58584,11
12.94715023,80.2400589,58584,58594,10
12.9467802,80.23989868,58594,58604,10
12.94614983,80.23963165,58604,58614,10
12.94536972,80.23924255,58614,58624,10
12.94464016,80.23856354,58624,58634,10
12.94390011,80.23777008,58634,58644,10
12.94324017,80.23699188,58644,58654,10
12.9421196,80.23636627,58654,58665,11
12.94083023,80.23607635,58665,58675,10
12.93995953,80.23586273,58675,58685,10
12.93972015,80.23577118,58685,58695,10
12.9396801,80.23574066,58695,58705,10
12.9393301,80.23558044,58705,58715,10
12.93873978,80.23526001,58715,58725,10
12.93803978,80.23490906,58725,58735,10
12.93725967,80.23451996,58735,58746,11
12.93634033,80.23409271,58746,58756,10
12.93550014,80.23368835,58756,58766,10
12.93465042,80.23330688,58766,58776,10
12.93404961,80.23303986,58776,58796,20
12.93404961,80.23303986,58796,58806,10
12.93381977,80.23291779,58806,58816,10
12.93323994,80.23265839,58816,58827,11
12.93233967,80.23232269,58827,58837,10
12.93132973,80.23197937,58837,58847,10
12.9302702,80.23165894,58847,58857,10
12.92926979,80.23142242,58857,58867,10
12.92866039,80.23127747,58867,58877,10
12.92792988,80.23116302,58877,58887,10
12.92698002,80.23105621,58887,58897,10
12.92623997,80.23101044,58897,58908,11
12.92611027,80.23100281,58908,58918,10
12.92570019,80.2309494,58918,58928,10
12.92506981,80.23088074,58928,58938,10
12.92422009,80.2307663,58938,58948,10
12.92327976,80.23065186,58948,58958,10
12.92226028,80.23049927,58958,58968,10
12.92113018,80.23033142,58968,58978,10
12.91993999,80.2301712,58978,58989,11
12.9187603,80.23001862,58989,58999,10
12.9176302,80.22987366,58999,59009,10
12.91644955,80.22971344,59009,59019,10
12.91528034,80.22953796,59019,59029,10
12.91415977,80.22940063,59029,59039,10
12.91345024,80.2293396,59039,59049,10
12.91335964,80.22931671,59049,59059,10
12.91320992,80.22930908,59059,59070,11
12.91263008,80.2292099,59070,59080,10
12.91187954,80.22908783,59080,59090,10
12.91092968,80.22894287,59090,59100,10
12.90983963,80.22875977,59100,59110,10
12.90869045,80.22856903,59110,59120,10
12.90760994,80.22841644,59120,59130,10
12.90678024,80.22834778,59130,59211,81
12.90678024,80.22834778,59211,59221,10
12.9066,80.22831726,59221,59231,10
12.90627003,80.22828674,59231,59242,11
12.90608025,80.22827911,59242,59252,10
12.90552044,80.22823334,59252,59262,10
12.90470028,80.22815704,59262,59272,10
12.90367985,80.22811127,59272,59282,10
12.90260029,80.22807312,59282,59292,10
12.90170002,80.2280426,59292,59302,10
12.9010601,80.2280426,59302,59343,41
12.9010601,80.2280426,59343,59353,10
12.90075016,80.2279892,59353,59363,10
12.90032959,80.22795105,59363,59373,10
12.89964962,80.22792053,59373,59383,10
12.89929008,80.2279129,59383,59393,10
12.89922047,80.22789764,59393,59404,11
12.89881039,80.2278595,59404,59414,10
12.89809036,80.22782135,59414,59424,10
12.8971796,80.22776794,59424,59434,10
12.89612961,80.22770691,59434,59444,10
12.89507961,80.22766113,59444,59454,10
12.89400959,80.22760773,59454,59464,10
12.89299965,80.22749329,59464,59474,10
12.8920002,80.22738647,59474,59485,11
12.89070034,80.22736359,59485,59495,10
12.88936996,80.22734833,59495,59505,10
12.88815975,80.22733307,59505,59515,10
12.88702965,80.22718811,59515,59525,10
12.88586044,80.22691345,59525,59535,10
12.88492966,80.22676086,59535,59545,10
12.88475037,80.22676086,59545,59555,10
12.88448048,80.22675323,59555,59566,11
12.88379955,80.22675323,59566,59576,10
12.88296986,80.22676086,59576,59586,10
12.88195992,80.22678375,59586,59596,10
12.88080978,80.22678375,59596,59606,10
12.87957954,80.22679138,59606,59616,10
12.87833977,80.22683716,59616,59626,10
12.87712955,80.22692108,59626,59636,10
12.87646008,80.22698975,59636,59647,11
12.87629986,80.22699738,59647,59657,10
12.87578011,80.22699738,59657,59667,10
12.87497997,80.22692108,59667,59677,10
12.8739996,80.22680664,59677,59687,10
12.87296009,80.22675323,59687,59697,10
12.8725996,80.22676086,59697,59707,10
12.87236023,80.22675323,59707,59717,10
12.87170029,80.22673035,59717,59728,11
12.87067986,80.22666931,59728,59738,10
12.86958027,80.22657013,59738,59748,10
12.86835957,80.22644043,59748,59758,10
12.86713982,80.22651672,59758,59768,10
12.86592007,80.22662354,59768,59778,10
12.86466026,80.22660828,59778,59788,10
12.86343002,80.22657013,59788,59798,10
12.86223984,80.22659302,59798,59809,11
12.86120033,80.22663879,59809,59819,10
12.86104965,80.22663879,59819,59829,10
12.86095047,80.22663879,59829,59839,10
12.86050034,80.22659302,59839,59849,10
12.85972977,80.22647858,59849,59859,10
12.85886002,80.22634125,59859,59869,10
12.85803032,80.22628021,59869,59879,10
12.85698986,80.22633362,59879,59890,11
12.85569954,80.22646332,59890,59900,10
12.85453033,80.22657776,59900,59910,10
12.85330009,80.22669983,59910,59920,10
12.85202026,80.22666931,59920,59930,10
12.85089016,80.22662354,59930,59940,10
12.85011959,80.22662354,59940,59950,10
12.85004044,80.22662354,59950,59960,10
12.84961987,80.22662354,59960,59971,11
12.84879971,80.22662354,59971,59981,10
12.84786987,80.22662354,59981,59991,10
12.84679985,80.22662354,59991,60001,10
12.84609032,80.22663879,60001,60011,10
12.84572029,80.22663879,60011,60021,10
12.84533978,80.22663879,60021,60031,10
12.84525967,80.22663116,60031,60041,10
12.84475994,80.22664642,60041,60052,11
12.84393024,80.22672272,60052,60062,10
12.84292984,80.22686005,60062,60072,10
12.84183979,80.22708893,60072,60082,10
12.84080982,80.22736359,60082,60092,10
12.84014034,80.22756958,60092,60102,10
12.83971024,80.2277832,60102,60112,10
12.83953953,80.2278595,60112,60122,10
12.83891964,80.22794342,60122,60133,11
12.83798981,80.2281189,60133,60143,10
12.83699036,80.22828674,60143,60153,10
12.83592987,80.22843933,60153,60163,10
12.83483982,80.22860718,60163,60173,10
12.83374023,80.22879791,60173,60183,10
12.83277988,80.22898102,60183,60193,10
12.83222008,80.22910309,60193,60203,10
12.83213997,80.22911835,60203,60214,11
12.83162022,80.22921753,60214,60224,10
12.83086014,80.22943115,60224,60234,10
12.82995033,80.2297821,60234,60244,10
12.82890987,80.23020935,60244,60254,10
12.82785988,80.23078918,60254,60264,10
12.82680988,80.23126221,60264,60274,10
12.82594013,80.23139191,60274,60284,10
12.82584,80.23139954,60284,60295,11
12.82544041,80.23140717,60295,60305,10
12.82474041,80.23137665,60305,60315,10
12.82386017,80.23116302,60315,60325,10
12.82281017,80.23082733,60325,60335,10
12.8217001,80.23052216,60335,60345,10
12.82050991,80.23045349,60345,60355,10
12.81943035,80.23047638,60355,60365,10
12.81886005,80.23047638,60365,60376,11
12.81865025,80.23040771,60376,60386,10
12.81805038,80.23011017,60386,60396,10
12.81721973,80.2297287,60396,60406,10
12.81622028,80.22946167,60406,60416,10
12.81509018,80.22928619,60416,60426,10
12.81389999,80.22908783,60426,60436,10
12.81274033,80.22872925,60436,60446,10
12.81155968,80.22830963,60446,60456,10
12.81033993,80.22782898,60456,60467,11
12.80908966,80.22721863,60467,60477,10
12.8081398,80.22646332,60477,60487,10
12.80731964,80.22575378,60487,60497,10
12.80663967,80.22515106,60497,60507,10
12.80597973,80.22454834,60507,60517,10
12.80543041,80.22413635,60517,60527,10
12.8049202,80.22398376,60527,60537,10
12.80488968,80.22396088,60537,60548,11
12.80449963,80.22389984,60548,60558,10
12.80383968,80.22386169,60558,60568,10
12.80300999,80.22380066,60568,60578,10
12.80200958,80.22367096,60578,60588,10
12.80107975,80.22360992,60588,60598,10
12.80088043,80.22360992,60598,60608,10
12.80045986,80.22357178,60608,60618,10
12.79969978,80.22351074,60618,60629,11
12.79864979,80.22342682,60629,60639,10
12.79751015,80.22328186,60639,60649,10
12.79644966,80.22309113,60649,60659,10
12.79580021,80.22297668,60659,60669,10
12.79561996,80.22293854,60669,60679,10
12.79500008,80.22281647,60679,60689,10
12.79411983,80.22267914,60689,60699,10
12.79308987,80.22251892,60699,60710,11
12.79189968,80.22226715,60710,60720,10
12.79082012,80.22200775,60720,60730,10
12.78983974,80.22176361,60730,60740,10
12.78927994,80.22155762,60740,60750,10
12.78862,80.22129822,60750,60760,10
12.78789997,80.2210083,60760,60770,10
12.78728962,80.22077942,60770,60780,10
12.78635979,80.22042847,60780,60821,41
12.78617001,80.22038269,60821,60841,20
12.78617001,80.22038269,60841,60851,10
12.78610992,80.22055054,60851,60861,10
12.78614044,80.22088623,60861,60872,11
12.7862196,80.22148132,60872,60902,30
12.7862196,80.22148132,60902,60912,10
12.78623962,80.22200775,60912,61722,810
12.78623962,80.22200775,61722,61732,10
12.78612041,80.22164917,61732,61742,10
12.78614044,80.22148895,61742,61752,10
12.78614044,80.22126007,61752,61763,11
12.78614044,80.22090149,61763,61773,10
12.78612041,80.22062683,61773,61783,10
12.78616047,80.22039795,61783,61793,10
12.78652,80.22045898,61793,61813,20
12.78652,80.22045898,61813,61823,10
12.78678989,80.22059631,61823,61833,10
12.78722,80.22075653,61833,61844,11
12.78781986,80.22099304,61844,61854,10
12.78853989,80.22129059,61854,61864,10
12.78927994,80.22155762,61864,61874,10
12.78985023,80.22177124,61874,61884,10
12.7905798,80.22194672,61884,61894,10
12.79146004,80.22216797,61894,61904,10
12.79238987,80.22239685,61904,61914,10
12.79337978,80.22257233,61914,61925,11
12.7944603,80.22274017,61925,61935,10
12.79545975,80.22290039,61935,61945,10
12.79627991,80.22302246,61945,61955,10
12.79640961,80.22303772,61955,61965,10
12.79668045,80.22310638,61965,61975,10
12.79724026,80.2232132,61975,61985,10
12.79796028,80.22332001,61985,61995,10
12.79878044,80.22341919,61995,62006,11
12.79975986,80.22353363,62006,62016,10
12.80070019,80.22361755,62016,62026,10
12.80138969,80.22364807,62026,62036,10
12.80144024,80.22364044,62036,62046,10
12.80183983,80.22368622,62046,62056,10
12.80253029,80.22377777,62056,62066,10
12.80327988,80.22389221,62066,62076,10
12.80410957,80.22395325,62076,62087,11
12.8049202,80.22402191,62087,62097,10
12.80548954,80.22415924,62097,62107,10
12.80562973,80.22422791,62107,62117,10
12.80591965,80.22444153,62117,62127,10
12.80638981,80.22486115,62127,62137,10
12.80698967,80.22540283,62137,62147,10
12.80768967,80.2259903,62147,62157,10
12.80846977,80.22664642,62157,62168,11
12.80943012,80.22737885,62168,62178,10
12.81048965,80.2278595,62178,62188,10
12.8115797,80.22828674,62188,62198,10
12.8127203,80.22869873,62198,62208,10
12.81387997,80.22907257,62208,62218,10
12.81511021,80.22931671,62218,62228,10
12.81639004,80.22949982,62228,62238,10
12.81758022,80.22985077,62238,62249,11
12.81875038,80.2303772,62249,62259,10
12.8196497,80.23049164,62259,62269,10
12.81978989,80.23047638,62269,62279,10
12.82019997,80.23047638,62279,62289,10
12.82096004,80.23046112,62289,62299,10
12.82188034,80.2305603,62299,62309,10
12.82289028,80.23082733,62309,62319,10
12.82390022,80.23111725,62319,62330,11
12.82499981,80.23137665,62330,62340,10
12.82606983,80.23137665,62340,62350,10
12.82717037,80.23121643,62350,62360,10
12.82820988,80.23065948,62360,62370,10
12.82929039,80.23010254,62370,62380,10
12.83038044,80.22966766,62380,62390,10
12.83094978,80.22943878,62390,62400,10
12.83096027,80.22943115,62400,62411,11
12.83104992,80.22939301,62411,62421,10
12.83135033,80.22930145,62421,62431,10
12.83152008,80.22926331,62431,62441,10
12.83156967,80.22927094,62441,62451,10
12.83197975,80.22915649,62451,62461,10
12.83267021,80.22901917,62461,62471,10
12.83358002,80.22886658,62471,62481,10
12.83460999,80.22868347,62481,62492,11
12.83574009,80.228508,62492,62502,10
12.83683968,80.22834778,62502,62512,10
12.83792019,80.2281723,62512,62522,10
12.83889008,80.22792053,62522,62532,10
12.83940029,80.22769928,62532,62542,10
12.83979034,80.2276001,62542,62552,10
12.84045982,80.22747803,62552,62562,10
12.84132004,80.22724152,62562,62573,11
12.84245968,80.22698212,62573,62583,10
12.84356022,80.22676849,62583,62593,10
12.84463978,80.22666168,62593,62603,10
12.84539986,80.22660065,62603,62613,10
12.84543037,80.22659302,62613,62623,10
12.84560966,80.22660065,62623,62643,20
12.84560966,80.22660065,62643,62654,11
12.84601974,80.22660065,62654,62664,10
12.84669971,80.22659302,62664,62674,10
12.84757996,80.22659302,62674,62684,10
12.84856033,80.22659302,62684,62694,10
12.84953976,80.22657776,62694,62704,10
12.85011959,80.22657013,62704,62714,10
12.8506403,80.22657776,62714,62724,10
12.8514204,80.22662354,62724,62735,11
12.85249043,80.22667694,62735,62745,10
12.85356045,80.22666168,62745,62755,10
12.85470963,80.22654724,62755,62765,10
12.85589027,80.22641754,62765,62775,10
12.85708046,80.2263031,62775,62785,10
12.85826015,80.22624969,62785,62795,10
12.85941029,80.22637177,62795,62805,10
12.86046028,80.22653198,62805,62815,10
12.86137009,80.22657776,62815,62826,11
12.86256027,80.22653961,62826,62836,10
12.8637104,80.22653198,62836,62846,10
12.86489964,80.22657776,62846,62856,10
12.86608982,80.22657776,62856,62866,10
12.86728954,80.22647858,62866,62876,10
12.86849976,80.22640228,62876,62886,10
12.8696804,80.22651672,62886,62896,10
12.87096977,80.22663879,62896,62907,11
12.87205029,80.22666931,62907,62917,10
12.87292957,80.22666931,62917,62937,20
12.87292957,80.22666931,62937,62947,10
12.87312031,80.22669983,62947,62957,10
12.87370014,80.22673035,62957,62967,10
12.87456036,80.2268219,62967,62977,10
12.87551975,80.22693634,62977,62988,11
12.87650013,80.22693634,62988,62998,10
12.87685966,80.22691345,62998,63008,10
12.87732983,80.22686768,63008,63018,10
12.87816048,80.22680664,63018,63028,10
12.87915993,80.22676849,63028,63038,10
12.88027,80.22675323,63038,63048,10
12.88142014,80.22673798,63048,63058,10
12.88253975,80.22673035,63058,63069,11
12.88376999,80.22670746,63069,63079,10
12.88463974,80.22667694,63079,63089,10
12.88512993,80.22669983,63089,63099,10
12.88531017,80.22672272,63099,63109,10
12.88576984,80.2268219,63109,63119,10
12.88650036,80.22702026,63119,63129,10
12.88731003,80.22721863,63129,63139,10
12.88813019,80.22733307,63139,63150,11
12.8893404,80.22737122,63150,63160,10
12.89052963,80.22737122,63160,63170,10
12.8916502,80.22737122,63170,63180,10
12.89227962,80.22740173,63180,63210,30
12.89227962,80.22740173,63210,63220,10
12.89229012,80.22741699,63220,63231,11
12.89276981,80.22744751,63231,63241,10
12.89354992,80.22754669,63241,63251,10
12.8945303,80.22763824,63251,63261,10
12.8956604,80.22769165,63261,63271,10
12.89690018,80.22773743,63271,63281,10
12.89813995,80.22779846,63281,63291,10
12.89927006,80.22786713,63291,63301,10
12.90011978,80.22788239,63301,63312,11
12.90025043,80.22788239,63312,63322,10
12.90040016,80.22789001,63322,63332,10
12.90065002,80.22788239,63332,63342,10
12.90098953,80.22794342,63342,63352,10
12.90151024,80.2279892,63352,63362,10
12.9022398,80.22805023,63362,63372,10
12.90279007,80.2280426,63372,63382,10
12.90285969,80.22802734,63382,63393,11
12.9033699,80.2280426,63393,63403,10
12.90400028,80.22810364,63403,63413,10
12.90478039,80.22815704,63413,63423,10
12.90559959,80.22820282,63423,63433,10
12.90629005,80.22823334,63433,63474,41
12.90629005,80.22823334,63474,63484,10
12.90666962,80.22825623,63484,63494,10
12.90723038,80.22831726,63494,63504,10
12.90800953,80.22841644,63504,63514,10
12.90892029,80.2285614,63514,63524,10
12.90989017,80.22872162,63524,63534,10
12.91092968,80.22888184,63534,63544,10
12.91203976,80.22904205,63544,63555,11
12.91316032,80.22920227,63555,63565,10
12.91394997,80.22927856,63565,63585,20
12.91394997,80.22927856,63585,63595,10
12.9142704,80.22931671,63595,63605,10
12.91493988,80.22942352,63605,63615,10
12.91578007,80.22955322,63615,63625,10
12.9167099,80.22969055,63625,63636,11
12.91734982,80.2297821,63636,63646,10
12.91808987,80.22987366,63646,63656,10
12.9190197,80.2299881,63656,63666,10
12.92008018,80.23013306,63666,63676,10
12.92121029,80.23027039,63676,63686,10
12.92236996,80.2304306,63686,63696,10
12.92352962,80.23059845,63696,63706,10
12.92469978,80.23075104,63706,63717,11
12.9257803,80.23090363,63717,63727,10
12.92640018,80.23097229,63727,63737,10
12.92650032,80.23097992,63737,63747,10
12.92702007,80.23103333,63747,63757,10
12.92782974,80.23113251,63757,63767,10
12.92873955,80.23126221,63767,63777,10
12.92969036,80.23146057,63777,63787,10
12.9307003,80.2317276,63787,63798,11
12.9317503,80.23207092,63798,63808,10
12.93272972,80.23239899,63808,63818,10
12.93354988,80.23272705,63818,63828,10
12.9337101,80.23281097,63828,63838,10
12.93375969,80.23284912,63838,63848,10
12.93410015,80.23300171,63848,63858,10
12.93472004,80.23329926,63858,63868,10
12.93535995,80.23358154,63868,63879,11
12.93612957,80.23396301,63879,63889,10
12.93694019,80.23435211,63889,63899,10
12.93778992,80.23474884,63899,63909,10
12.93865967,80.23518372,63909,63919,10
12.93945026,80.23555756,63919,63929,10
12.93968964,80.23570251,63929,63939,10
12.93974018,80.23571777,63939,63949,10
12.94005966,80.23583984,63949,63960,11
12.9408102,80.2360611,63960,63970,10
12.94169044,80.23625946,63970,63980,10
12.9426403,80.23655701,63980,63990,10
12.94349957,80.23716736,63990,64000,10
12.94421959,80.23796844,64000,64010,10
12.9449501,80.23877716,64010,64020,10
12.94573021,80.23940277,64020,64029,9
12.94670963,80.2397995,64029,64041,12
12.94727039,80.24002075,64041,64051,10
12.94727993,80.24002075,64051,64061,10
12.94738007,80.2400589,64061,64071,10
12.94781971,80.24022675,64071,64081,10
12.94836044,80.240448,64081,64091,10
12.9486599,80.24053955,64091,64111,20
12.9486599,80.24053955,64111,64122,11
12.9489603,80.24066925,64122,64132,10
12.94943047,80.24086761,64132,64142,10
12.95009041,80.24108124,64142,64152,10
12.95081997,80.24130249,64152,64162,10
12.95100975,80.24136353,64162,64172,10
12.95108986,80.24140167,64172,64182,10
12.95131969,80.24149323,64182,64192,10
12.95193958,80.24172211,64192,64203,11
12.95281029,80.24205017,64203,64213,10
12.9533596,80.24226379,64213,64223,10
12.9538002,80.24243927,64223,64233,10
12.95435047,80.24266815,64233,64243,10
12.95505047,80.24291992,64243,64253,10
12.95559025,80.24308014,64253,64263,10
12.95592022,80.24317932,64263,64324,61
12.95592022,80.24317932,64324,64334,10
12.95633984,80.24333191,64334,64344,10
12.95639992,80.24333954,64344,64354,10
12.95676994,80.24353027,64354,64365,11
12.95748997,80.24388885,64365,64375,10
12.95823956,80.24423218,64375,64385,10
12.95876026,80.24446106,64385,64395,10
12.9587698,80.24446869,64395,64405,10
12.95890045,80.24452972,64405,64415,10
12.95932961,80.24471283,64415,64425,10
12.95997047,80.24498749,64425,64435,10
12.96078968,80.24536133,64435,64446,11
12.96181011,80.24582672,64446,64456,10
12.96261978,80.24622345,64456,64466,10
12.96304989,80.24645996,64466,64516,50
12.96304989,80.24645996,64516,64527,11
12.96323967,80.24662018,64527,64537,10
12.96372986,80.24684906,64537,64547,10
12.96444988,80.24710846,64547,64557,10
12.96527958,80.24739075,64557,64567,10
12.96632957,80.24777222,64567,64587,20
12.96632957,80.24777222,64587,64597,10
12.96646976,80.24781799,64597,64608,11
12.96673012,80.24794769,64608,64618,10
12.96722031,80.24817657,64618,64628,10
12.96796036,80.24849701,64628,64638,10
12.96875954,80.2488327,64638,64648,10
12.96963024,80.24920654,64648,64658,10
12.97056007,80.24957275,64658,64668,10
12.97155952,80.24987793,64668,64678,10
12.9725399,80.2501297,64678,64688,10
12.97354031,80.25041199,64688,64699,11
12.97451973,80.25067902,64699,64709,10
12.97546959,80.25093079,64709,64719,10
12.97651005,80.25122833,64719,64729,10
12.97749996,80.25161743,64729,64739,10
12.97859001,80.252388,64739,64759,20
12.97859001,80.252388,64759,64769,10
12.97887993,80.25250244,64769,64780,11
12.97959042,80.25261688,64780,64800,20
12.97959042,80.25261688,64800,64810,10
12.97980022,80.25263977,64810,64820,10
12.9802599,80.2526474,64820,64830,10
12.98066044,80.25266266,64830,64840,10
12.98134041,80.25263214,64840,64850,10
12.98221016,80.25260925,64850,64861,11
12.98328018,80.25254059,64861,64871,10
12.98423958,80.25231171,64871,64881,10
12.98499966,80.25209808,64881,64891,10
12.98569965,80.25190735,64891,64901,10
12.98641968,80.25171661,64901,64911,10
12.98700047,80.25154877,64911,64921,10
12.98719978,80.2514801,64921,65012,91
12.98719978,80.2514801,65012,65023,11
12.98754025,80.25140381,65023,65033,10
12.9878397,80.25147247,65033,65043,10
12.98795986,80.25187683,65043,65053,10
12.98799992,80.25251007,65053,65063,10
12.9879303,80.25328827,65063,65072,9
12.98785019,80.25409698,65072,65083,11
12.98777008,80.25493622,65083,65104,21
12.98777008,80.25493622,65104,65114,10
12.98766041,80.25576782,65114,65266,152
12.98766041,80.25576782,65266,65276,10
12.98756027,80.25608063,65276,65286,10
12.98752022,80.25668335,65286,65296,10
12.98746014,80.25744629,65296,65306,10
12.98740959,80.25829315,65306,65316,10
12.98721981,80.25861359,65316,65347,31
12.98721981,80.25861359,65347,65357,10
12.98703003,80.25853729,65357,65367,10
12.9865799,80.25856781,65367,66623,1256
12.9865799,80.25856781,66623,66634,11
12.98666954,80.25879669,66634,66806,172
12.98637962,80.25859833,66806,68132,1326
12.98643017,80.25882721,68132,68193,61
12.98647976,80.25871277,68193,68770,577
12.98647976,80.25871277,68770,68780,10
12.98678017,80.25895691,68780,73519,4739
12.98678017,80.25895691,73519,73529,10
12.98668003,80.25875092,73529,73549,20
12.98668003,80.25875092,73549,73559,10
12.98682976,80.25843048,73559,73772,213
12.98703957,80.25852966,73772,74239,467
12.98701954,80.25865936,74239,74259,20
12.98701954,80.25865936,74259,74269,10
12.98692036,80.25865173,74269,74279,10
12.98672009,80.25878143,74279,74441,162
12.98643017,80.25866699,74441,74542,101
12.98645973,80.2587204,74542,75160,618
12.9864397,80.25865173,75160,75292,132
12.98647022,80.25866699,75292,77732,2440
12.98651028,80.25863647,77732,78036,304
12.98639965,80.25862122,78036,81245,3209
12.98637962,80.25878906,81245,81407,162
12.98643017,80.2587204,81407,83625,2218
12.98643017,80.2587204,83625,83635,10
