13.01430035,80.22557068,21,19248,19227
13.01438046,80.22566223,19248,19673,425
13.01436996,80.22557831,19673,20572,899
13.01436996,80.22557831,20572,20582,10
13.01424026,80.22582245,20582,20643,61
13.01424026,80.22582245,20643,20653,10
13.01426029,80.22595978,20653,20663,10
13.01424026,80.22612762,20663,20683,20
13.01424026,80.22612762,20683,20694,11
13.01416016,80.22633362,20694,20704,10
13.01381969,80.22644806,20704,20714,10
13.01327991,80.22664642,20714,20724,10
13.01264,80.22689056,20724,20734,10
13.01194954,80.22715759,20734,20744,10
13.01121998,80.22743988,20744,20754,10
13.01039982,80.22775269,20754,20764,10
13.00973988,80.2279129,20764,20774,10
13.0096302,80.22736359,20774,20784,10
13.00992012,80.22672272,20784,20794,10
13.01025963,80.22595978,20794,20805,11
13.01070023,80.22498322,20805,20815,10
13.01105022,80.22412872,20815,20825,10
13.0113802,80.22329712,20825,20835,10
13.01167965,80.22248077,20835,20845,10
13.01198006,80.22157288,20845,20855,10
13.0120697,80.22080231,20855,20865,10
13.01183987,80.22006989,20865,20875,10
13.01154995,80.21911621,20875,20886,11
13.01121998,80.2181778,20886,20896,10
13.01089954,80.21736908,20896,20906,10
13.01066017,80.21678162,20906,20916,10
13.01041031,80.21627808,20916,20926,10
13.01008034,80.21572876,20926,20936,10
13.00973988,80.21507263,20936,20946,10
13.00930023,80.2144928,20946,20956,10
13.00876045,80.21378326,20956,20966,10
13.00823975,80.21334076,20966,20976,10
13.0080204,80.21324921,20976,20997,21
13.0080204,80.21324921,20997,21007,10
13.00782013,80.21307373,21007,21017,10
13.00747013,80.21286011,21017,21027,10
13.00683975,80.2127533,21027,21037,10
13.00615025,80.21286774,21037,21047,10
13.00549984,80.21283722,21047,21057,10
13.00494957,80.21247864,21057,21067,10
13.00399971,80.21208954,21067,21078,11
13.00366974,80.21161652,21078,21088,10
13.00360966,80.21092224,21088,21098,10
13.00352955,80.21015167,21098,21108,10
13.00349998,80.20954132,21108,21118,10
13.00335026,80.20926666,21118,21128,10
13.00277996,80.20896912,21128,21138,10
13.00209045,80.20861053,21138,21148,10
13.00146008,80.20828247,21148,21158,10
13.00078964,80.20794678,21158,21169,11
13.00014973,80.20774841,21169,21179,10
12.99946976,80.20761108,21179,21189,10
12.99909973,80.20755005,21189,21199,10
12.99860954,80.20742798,21199,21209,10
12.99792004,80.20728302,21209,21219,10
12.99717045,80.20713806,21219,21229,10
12.99658966,80.20702362,21229,21239,10
12.99604034,80.20688629,21239,21249,10
12.99565029,80.20681,21249,21259,10
12.99505997,80.20667267,21259,21270,11
12.99460983,80.20657349,21270,21280,10
12.99456024,80.20648193,21280,21290,10
12.99460983,80.20614624,21290,21300,10
12.99466991,80.2056427,21300,21310,10
12.99472046,80.20513916,21310,21320,10
12.99470043,80.20484924,21320,21330,10
12.99479961,80.204422,21330,21340,10
12.99493027,80.20388031,21340,21350,10
12.99505997,80.20336151,21350,21361,11
12.99505043,80.20301056,21361,21371,10
12.99503994,80.20272064,21371,21381,10
12.99508953,80.20236969,21381,21391,10
12.99507999,80.20181274,21391,21401,10
12.99501991,80.2014389,21401,21411,10
12.99501991,80.20098877,21411,21421,10
12.99487019,80.20043945,21421,21431,10
12.99427986,80.20027924,21431,21611,180
12.99427986,80.20027924,21611,21621,10
12.99409008,80.20017242,21621,21631,10
12.99372959,80.20005035,21631,21641,10
12.99335003,80.19978333,21641,21652,11
12.99297047,80.19941711,21652,21662,10
12.99258041,80.1991272,21662,21672,10
12.99203014,80.19882202,21672,21682,10
12.99131012,80.19857025,21682,21692,10
12.99055958,80.19841766,21692,21702,10
12.98976994,80.19818878,21702,21712,10
12.98880959,80.19792175,21712,21722,10
12.9878397,80.19763947,21722,21732,10
12.98686981,80.19743347,21732,21743,11
12.9865799,80.19737244,21743,21753,10
12.98624039,80.19728851,21753,21763,10
12.98563957,80.19719696,21763,21773,10
12.98497963,80.19732666,21773,21783,10
12.98429012,80.19722748,21783,21793,10
12.98363972,80.19686127,21793,21803,10
12.98311996,80.1965332,21803,21813,10
12.98279953,80.19664001,21813,21823,10
12.98235989,80.19703674,21823,21834,11
12.9821701,80.19705963,21834,21844,10
12.98241043,80.19676971,21844,21854,10
12.98276043,80.19647217,21854,21864,10
12.98272991,80.19628143,21864,21873,9
12.98243999,80.19613647,21873,21884,11
12.98163986,80.19573975,21884,21904,20
12.98163986,80.19573975,21904,21914,10
12.98139954,80.19560242,21914,21924,10
12.98095989,80.19538116,21924,21935,11
12.98033047,80.19506836,21935,21945,10
12.97976017,80.19470978,21945,21955,10
12.9792099,80.19434357,21955,21965,10
12.97858047,80.19402313,21965,21975,10
12.97797966,80.19387054,21975,21985,10
12.97760963,80.19381714,21985,21995,10
12.97758007,80.19380188,21995,22005,10
12.97725964,80.19371033,22005,22015,10
12.97671986,80.19348907,22015,22025,10
12.97630024,80.19316864,22025,22036,11
12.97591019,80.19290161,22036,22046,10
12.9755497,80.19264221,22046,22062,16
12.97461987,80.19226074,22062,22074,12
12.97399998,80.1920166,22074,22084,10
12.97358036,80.19187164,22084,22093,9
12.97296047,80.1916275,22093,22105,12
12.97224045,80.19135284,22105,22115,10
12.97216988,80.19132233,22115,22126,11
12.97187996,80.19117737,22126,22136,10
12.97132015,80.19093323,22136,22146,10
12.97082043,80.1907196,22146,22156,10
12.97021008,80.19046021,22156,22166,10
12.96961021,80.19019318,22166,22176,10
12.96912956,80.18997192,22176,22186,10
12.96862984,80.18974304,22186,22196,10
12.96811008,80.1894989,22196,22206,10
12.96809959,80.1894989,22206,22216,10
12.96784973,80.18937683,22216,22227,11
12.96722984,80.18911743,22227,22237,10
12.96658039,80.18885803,22237,22247,10
12.96605968,80.18863678,22247,22257,10
12.96560001,80.1884613,22257,22267,10
12.9650898,80.18824005,22267,22277,10
12.96475983,80.18814087,22277,22287,10
12.96461964,80.18807983,22287,22297,10
12.96411991,80.1879425,22297,22307,10
12.96348,80.18772888,22307,22318,11
12.96265984,80.18753815,22318,22328,10
12.96199036,80.18740082,22328,22338,10
12.96119976,80.18727112,22338,22348,10
12.96068954,80.18720245,22348,22358,10
12.96053982,80.18717957,22358,22368,10
12.96026039,80.18714142,22368,22378,10
12.95979977,80.18708038,22378,22388,10
12.95909977,80.18701935,22388,22398,10
12.95833969,80.18699646,22398,22409,11
12.95748043,80.18701935,22409,22419,10
12.95674038,80.1869812,22419,22429,10
12.95598984,80.18694305,22429,22439,10
12.95580006,80.1869278,22439,22449,10
12.9556303,80.18688202,22449,22459,10
12.95526028,80.18682098,22459,22469,10
12.95460033,80.1867218,22469,22479,10
12.95382023,80.18659973,22479,22489,10
12.95294952,80.18647766,22489,22499,10
12.95201969,80.18624115,22499,22510,11
12.95094013,80.18591309,22510,22520,10
12.95005035,80.18560028,22520,22530,10
12.9492197,80.18536377,22530,22540,10
12.94851971,80.18511963,22540,22550,10
12.94769001,80.18476105,22550,22560,10
12.94690037,80.18418884,22560,22570,10
12.94664955,80.18399811,22570,22580,10
12.94657993,80.18393707,22580,22590,10
12.94616985,80.18359375,22590,22601,11
12.94550991,80.1831131,22601,22611,10
12.9447298,80.18305206,22611,22621,10
12.94456005,80.18305206,22621,22631,10
12.94427967,80.1830368,22631,22641,10
12.94361973,80.18296814,22641,22651,10
12.94274998,80.18295288,22651,22661,10
12.9417696,80.18283081,22661,22671,10
12.94083023,80.18274689,22671,22681,10
12.93982029,80.18266296,22681,22762,81
12.93982029,80.18266296,22762,22772,10
12.93951035,80.18256378,22772,22782,10
12.9392004,80.18247986,22782,22793,11
12.93902016,80.18244934,22793,22803,10
12.93877983,80.18238068,22803,22813,10
12.93850994,80.18231964,22813,22823,10
12.93793964,80.18222809,22823,22833,10
12.93723011,80.18222046,22833,22843,10
12.93638039,80.18225861,22843,22853,10
12.93554974,80.18237305,22853,22863,10
12.93517971,80.18240356,22863,22873,10
12.93494987,80.18235779,22873,22883,10
12.93432999,80.18218994,22883,22894,11
12.93338966,80.18196869,22894,22904,10
12.93229008,80.18170929,22904,22914,10
12.93128014,80.18157196,22914,22924,10
12.93101025,80.18154907,22924,22934,10
12.93082047,80.18151855,22934,22944,10
12.93021965,80.18160248,22944,22954,10
12.92943001,80.18180084,22954,22964,10
12.92858028,80.18202209,22964,22974,10
12.92763996,80.18224335,22974,22985,11
12.92654991,80.18247223,22985,22995,10
12.92566013,80.18264008,22995,23005,10
12.92477036,80.1827774,23005,23015,10
12.92385006,80.18293762,23015,23025,10
12.92296028,80.18308258,23025,23035,10
12.92206955,80.1833725,23035,23045,10
12.92119026,80.18372345,23045,23055,10
12.92041016,80.18403625,23055,23096,41
12.92041016,80.18403625,23096,23106,10
12.92026997,80.18401337,23106,23116,10
12.92012024,80.18357086,23116,23126,10
12.92000008,80.1829834,23126,23136,10
12.9198904,80.18251801,23136,23146,10
12.91987991,80.18247223,23146,23156,10
12.91975975,80.18240356,23156,23166,10
12.91948032,80.18218994,23166,23349,183
12.91948032,80.18218994,23349,23360,11
12.91961002,80.18193817,23360,23371,11
12.91977978,80.18195343,23371,23381,10
12.9198904,80.18208313,23381,23392,11
12.92000008,80.18256378,23392,23402,10
12.92016983,80.18328094,23402,23412,10
12.92033005,80.18376923,23412,23463,51
12.92033005,80.18376923,23463,23473,10
12.9203701,80.1838913,23473,23483,10
12.92053032,80.18399048,23483,23493,10
12.92070007,80.18390656,23493,23503,10
12.92080021,80.18386078,23503,23513,10
12.92121029,80.18370056,23513,23523,10
12.92181015,80.18344879,23523,23533,10
12.92259979,80.18315125,23533,23543,10
12.92346001,80.18299103,23543,23553,10
12.92430973,80.18283844,23553,23564,11
12.92475986,80.18276215,23564,23574,10
12.92500019,80.18273163,23574,23584,10
12.92560005,80.18263245,23584,23594,10
12.92636013,80.18250275,23594,23604,10
12.92720032,80.18232727,23604,23614,10
12.92805958,80.18213654,23614,23624,10
12.92889977,80.18193817,23624,23634,10
12.92975044,80.18173218,23634,23644,10
12.93058014,80.1815033,23644,23655,11
12.9314003,80.18151855,23655,23665,10
12.93144035,80.18153381,23665,23675,10
12.93161964,80.18157959,23675,23685,10
12.93202019,80.18166351,23685,23695,10
12.93235016,80.18170929,23695,23705,10
12.9330101,80.18183899,23705,23715,10
12.93381977,80.18203735,23715,23725,10
12.93465996,80.18225861,23725,23735,10
12.93500042,80.18231964,23735,23745,10
12.93517971,80.18235779,23745,23756,11
12.9351902,80.18235779,23756,23766,10
12.93540001,80.18240356,23766,23776,10
12.93564987,80.18241882,23776,23786,10
12.93620968,80.18232727,23786,23796,10
12.93690014,80.18226624,23796,23806,10
12.93750954,80.18225861,23806,23816,10
12.93817997,80.18228912,23816,23826,10
12.93879032,80.18238831,23826,23847,21
12.93879032,80.18238831,23847,23857,10
12.93894005,80.18244171,23857,23867,10
12.93902969,80.18247986,23867,23877,10
12.93931961,80.18251038,23877,23968,91
12.93931961,80.18251038,23968,23978,10
12.9399004,80.18261719,23978,23988,10
12.94040966,80.18270111,23988,23998,10
12.94108009,80.18271637,23998,24008,10
12.94194031,80.18280792,24008,24018,10
12.94285965,80.18292236,24018,24028,10
12.94382,80.18293762,24028,24039,11
12.94456005,80.18295288,24039,24049,10
12.94462013,80.18295288,24049,24059,10
12.94501972,80.1829834,24059,24069,10
12.94567966,80.18312073,24069,24079,10
12.94631958,80.18361664,24079,24089,10
12.94680023,80.18399811,24089,24099,10
12.94752026,80.18456268,24099,24109,10
12.94830036,80.18499756,24109,24119,10
12.94884014,80.18515015,24119,24129,10
12.94886971,80.18515778,24129,24140,11
12.94902039,80.18521118,24140,24150,10
12.94948959,80.18538666,24150,24160,10
12.95016956,80.18560791,24160,24170,10
12.95094013,80.18586731,24170,24180,10
12.95176029,80.18614197,24180,24190,10
12.9524498,80.18634033,24190,24200,10
12.95324039,80.18650055,24200,24210,10
12.9540596,80.18663025,24210,24220,10
12.95485973,80.18673706,24220,24231,11
12.95557022,80.18683624,24231,24241,10
12.95611,80.18689728,24241,24261,20
12.95611,80.18689728,24261,24271,10
12.95627022,80.18691254,24271,24281,10
12.95672989,80.18695831,24281,24291,10
12.95726967,80.18699646,24291,24301,10
12.9579401,80.18701935,24301,24311,10
12.95868015,80.18702698,24311,24321,10
12.95936966,80.1870575,24321,24332,11
12.96016026,80.18711853,24332,24342,10
12.96070957,80.18718719,24342,24352,10
12.96129036,80.18727875,24352,24362,10
12.96154022,80.18730927,24362,24372,10
12.96166039,80.18733978,24372,24382,10
12.96210003,80.18742371,24382,24392,10
12.96273994,80.18753815,24392,24402,10
12.96337032,80.18768311,24402,24412,10
12.96401978,80.18786621,24412,24423,11
12.96475029,80.18810272,24423,24433,10
12.96533966,80.1883316,24433,24443,10
12.96555042,80.18842316,24443,24453,10
12.9657402,80.18849182,24453,24463,10
12.96609974,80.18863678,24463,24473,10
12.96654987,80.18882751,24473,24483,10
12.96716022,80.18907928,24483,24493,10
12.96780968,80.18934631,24493,24503,10
12.96831989,80.18958282,24503,24520,17
12.96840954,80.18966675,24520,24532,12
12.96862984,80.1897583,24532,24542,10
12.96891022,80.18987274,24542,24551,9
12.96934032,80.19007874,24551,24561,10
12.96984959,80.19029999,24561,24572,11
12.97041988,80.19058228,24572,24582,10
12.97099972,80.19080353,24582,24592,10
12.9715004,80.19103241,24592,24602,10
12.97191048,80.19120026,24602,24612,10
12.97278023,80.19155884,24612,24633,21
12.97278023,80.19155884,24633,24643,10
12.97297001,80.19161987,24643,24653,10
12.97340965,80.19180298,24653,24663,10
12.97399998,80.19203186,24663,24673,10
12.97461033,80.19226074,24673,24683,10
12.97521973,80.19248199,24683,24693,10
12.97583008,80.19278717,24693,24703,10
12.97640038,80.19322205,24703,24714,11
12.97710037,80.19364929,24714,24724,10
12.97760963,80.19378662,24724,24734,10
12.97805023,80.19386292,24734,24744,10
12.97817993,80.19387817,24744,24754,10
12.97826004,80.19390106,24754,24764,10
12.97865963,80.19403076,24764,24774,10
12.97916985,80.19429779,24774,24784,10
12.97968006,80.19463348,24784,24794,10
12.98017979,80.19494629,24794,24805,11
12.98089981,80.1953125,24805,24815,10
12.98103046,80.19535828,24815,24825,10
12.9812603,80.19551086,24825,24835,10
12.98171997,80.19573212,24835,24845,10
12.98231983,80.19602966,24845,24855,10
12.98285961,80.19632721,24855,24865,10
12.98314953,80.19628906,24865,24875,10
12.98348045,80.19625092,24875,24885,10
12.98328018,80.19642639,24885,24895,10
12.9833498,80.19663239,24895,24906,11
12.98388958,80.19695282,24906,24916,10
12.98456955,80.1973114,24916,24926,10
12.98536968,80.19721985,24926,24936,10
12.98622036,80.19724274,24936,24946,10
12.9867897,80.19734192,24946,24956,10
12.98692989,80.19738007,24956,24966,10
12.98748016,80.1975174,24966,24976,10
12.98824024,80.19772339,24976,24986,10
12.98908997,80.19796753,24986,24997,11
12.99009037,80.19824982,24997,25007,10
12.9910202,80.19846344,25007,25017,10
12.99176025,80.19863129,25017,25027,10
12.99186039,80.19867706,25027,25037,10
12.99217987,80.19885254,25037,25047,10
12.99260044,80.1991272,25047,25056,9
12.99302959,80.19947052,25056,25067,11
12.99353981,80.19986725,25067,25077,10
12.99386024,80.20005798,25077,25087,10
12.99423981,80.20021057,25087,25098,11
12.99466038,80.20027924,25098,25118,20
12.99466038,80.20027924,25118,25128,10
12.99481964,80.20034027,25128,25138,10
12.9950304,80.20065308,25138,25148,10
12.99505997,80.20111084,25148,25158,10
12.99507999,80.20159912,25158,25168,10
12.99510002,80.20223999,25168,25178,10
12.99503994,80.20284271,25178,25189,11
12.99512005,80.20316315,25189,25199,10
12.99501991,80.20355988,25199,25209,10
12.99489975,80.2040863,25209,25219,10
12.99477959,80.20461273,25219,25229,10
12.99475956,80.2050705,25229,25239,10
12.99472046,80.20555115,25239,25248,9
12.99466991,80.20610046,25248,25258,10
12.99460983,80.20649719,25258,25269,11
12.9946003,80.20671844,25269,25279,10
12.99462032,80.20675659,25279,25290,11
12.99473,80.20684814,25290,25300,10
12.99466038,80.20678711,25300,25310,10
12.99458027,80.2067337,25310,25724,414
12.99458027,80.2067337,25724,25734,10
12.9946003,80.20670319,25734,25744,10
12.99460983,80.2065506,25744,25754,10
12.99462032,80.20632172,25754,25765,11
12.99466991,80.20584869,25765,25775,10
12.99470043,80.20535278,25775,25785,10
12.99470043,80.20501709,25785,25795,10
12.99472046,80.20475006,25795,25805,10
12.9948101,80.20432281,25805,25815,10
12.9949398,80.20378113,25815,25825,10
12.99505997,80.20330048,25825,25835,10
12.99508953,80.20310974,25835,25845,10
12.9950304,80.20285797,25845,25855,10
12.99510002,80.20245361,25855,25866,11
12.99510956,80.20191193,25866,25876,10
12.99505997,80.20140076,25876,25886,10
12.99503994,80.20092773,25886,25896,10
12.99493027,80.2004776,25896,25906,10
12.99466991,80.20031738,25906,25916,10
12.99425983,80.20023346,25916,26007,91
12.99425983,80.20023346,26007,26017,10
12.99407959,80.20014191,26017,26027,10
12.99368,80.20001221,26027,26037,10
12.99333954,80.19972992,26037,26047,10
12.99316025,80.19956207,26047,26058,11
12.9927702,80.19924927,26058,26068,10
12.99219036,80.19889832,26068,26078,10
12.99155045,80.19862366,26078,26088,10
12.99094009,80.19846344,26088,26098,10
12.99030972,80.19830322,26098,26108,10
12.98956013,80.1980896,26108,26118,10
12.98875999,80.19786835,26118,26128,10
12.98797989,80.19766235,26128,26138,10
12.9871397,80.19745636,26138,26149,11
12.98663044,80.19735718,26149,26159,10
12.98637962,80.19728851,26159,26169,10
12.98583984,80.19719696,26169,26179,10
12.98519993,80.19724274,26179,26189,10
12.98453045,80.19728851,26189,26199,10
12.98386002,80.19693756,26199,26209,10
12.98334026,80.19663239,26209,26219,10
12.98303986,80.19647217,26219,26229,10
12.98270035,80.1967392,26229,26239,10
12.98233032,80.19708252,26239,26250,11
12.98217964,80.19708252,26250,26260,10
12.98235989,80.19682312,26260,26270,10
12.98274994,80.19647217,26270,26280,10
12.98274994,80.19628143,26280,26290,10
12.98231983,80.19603729,26290,26300,10
12.98176003,80.19577026,26300,26310,10
12.98167992,80.19573212,26310,26326,16
12.98155022,80.19564056,26326,26338,12
12.98106003,80.19538116,26338,26349,11
12.98044014,80.19509125,26349,26358,9
12.97992992,80.1947937,26358,26369,11
12.9793396,80.19436646,26369,26379,10
12.97869968,80.19403839,26379,26391,12
12.97786045,80.19381714,26391,26401,10
12.97764015,80.19380951,26401,26411,10
12.97756004,80.19377136,26411,26421,10
12.97714043,80.19364929,26421,26431,10
12.97659016,80.193367,26431,26441,10
12.97616005,80.19303131,26441,26452,11
12.97579956,80.19275665,26452,26462,10
12.97548962,80.19258881,26462,26472,10
12.9749403,80.19238281,26472,26482,10
12.97445965,80.19219208,26482,26492,10
12.97385979,80.19197845,26492,26502,10
12.97319031,80.19172668,26502,26512,10
12.97262001,80.19154358,26512,26522,10
12.97216034,80.19133759,26522,26533,11
12.97210026,80.19129181,26533,26543,10
12.9717598,80.19113159,26543,26553,10
12.97122002,80.19093323,26553,26563,10
12.97062969,80.19065857,26563,26573,10
12.97008991,80.1904068,26573,26583,10
12.96951962,80.19013977,26583,26593,10
12.96905994,80.18995667,26593,26603,10
12.96860027,80.18974304,26603,26613,10
12.96809006,80.18949127,26613,26623,10
12.96805954,80.18943787,26623,26634,11
12.96765041,80.18927002,26634,26644,10
12.96706009,80.18901825,26644,26654,10
12.9664402,80.18878937,26654,26664,10
12.96605015,80.18865204,26664,26674,10
12.96557045,80.1884613,26674,26684,10
12.96502972,80.18824005,26684,26694,10
12.96485043,80.18816376,26694,26704,10
12.96479988,80.18813324,26704,26714,10
12.96440029,80.18798828,26714,26725,11
12.96370983,80.18779755,26725,26735,10
12.96306038,80.18762207,26735,26745,10
12.96238041,80.18747711,26745,26755,10
12.96168041,80.18736267,26755,26765,10
12.96100998,80.1872406,26765,26775,10
12.96072006,80.18718719,26775,26785,10
12.96045971,80.18714905,26785,26795,10
12.9600296,80.1871109,26795,26805,10
12.95946026,80.1870575,26805,26816,11
12.95872021,80.18701935,26816,26826,10
12.95800972,80.18701935,26826,26836,10
12.9572401,80.18701172,26836,26846,10
12.95584011,80.18689728,26846,26866,20
12.95575047,80.18688965,26866,26886,20
12.95575047,80.18688965,26886,26896,10
12.95551968,80.1868515,26896,26906,10
12.95510006,80.18679047,26906,26917,11
12.9544096,80.18669891,26917,26927,10
12.95368958,80.18657684,26927,26937,10
12.95283985,80.18647003,26937,26947,10
12.95195007,80.18624115,26947,26963,16
12.95053959,80.18578339,26963,26975,12
12.94956017,80.18544769,26975,26985,10
12.94909,80.18531799,26985,26995,10
12.94857025,80.18514252,26995,27005,10
12.94791985,80.18489075,27005,27017,12
12.94709969,80.18434143,27017,27027,10
12.94672012,80.18403625,27027,27037,10
12.94664955,80.18398285,27037,27047,10
12.94624043,80.1836319,27047,27057,10
12.94561958,80.18315125,27057,27067,10
12.94482994,80.1830368,27067,27078,11
12.94451046,80.18305969,27078,27088,10
12.94437981,80.1830368,27088,27098,10
12.94400024,80.18302155,27098,27109,11
12.94336987,80.18296814,27109,27119,10
12.94260979,80.18295288,27119,27129,10
12.94182014,80.18283844,27129,27139,10
12.94102001,80.18276215,27139,27149,10
12.94034958,80.18274689,27149,27159,10
12.93957043,80.18261719,27159,27179,20
12.93957043,80.18261719,27179,27189,10
12.93937969,80.18257141,27189,27199,10
12.93902969,80.18247986,27199,27210,11
12.93867016,80.18237305,27210,27220,10
12.93801022,80.18225861,27220,27230,10
12.93725967,80.18224335,27230,27240,10
12.93644047,80.18228912,27240,27250,10
12.93562031,80.18238831,27250,27260,10
12.93521976,80.18241119,27260,27270,10
12.93511963,80.18237305,27270,27280,10
12.93463039,80.18224335,27280,27290,10
12.93395042,80.18208313,27290,27301,11
12.93303967,80.18186951,27301,27311,10
12.93216038,80.18170166,27311,27321,10
12.93117046,80.18160248,27321,27341,20
12.93117046,80.18160248,27341,27351,10
12.93103027,80.1815567,27351,27361,10
12.93045998,80.18157196,27361,27371,10
12.92969036,80.1817627,27371,27381,10
12.92885017,80.18196869,27381,27391,10
12.9279604,80.18218231,27391,27402,11
12.92700958,80.18238831,27402,27412,10
12.92615986,80.18256378,27412,27422,10
12.92545033,80.18267822,27422,27432,10
12.92455959,80.18280792,27432,27442,10
12.92362976,80.1829834,27442,27452,10
12.92298031,80.18309784,27452,27462,10
12.92218971,80.18334198,27462,27472,10
12.92129993,80.18369293,27472,27482,10
12.92041969,80.18402863,27482,27513,31
12.92041969,80.18402863,27513,27523,10
12.92028046,80.184021,27523,27533,10
12.92010021,80.18353271,27533,27543,10
12.91996002,80.18286133,27543,27553,10
12.91993999,80.18276215,27553,27563,10
12.91993046,80.18273163,27563,27573,10
12.91991997,80.18267822,27573,27583,10
12.91987991,80.18250275,27583,27594,11
12.91975975,80.18240356,27594,27604,10
12.91944027,80.18216705,27604,27816,212
12.91944027,80.18216705,27816,27826,10
12.91959953,80.18195343,27826,27836,10
12.91975021,80.18193817,27836,27846,10
12.91991997,80.18206787,27846,27856,10
12.92004967,80.18270111,27856,27866,10
12.92022991,80.1833725,27866,27877,11
12.92022991,80.18340302,27877,27887,10
12.92022038,80.18344116,27887,27897,10
12.92033005,80.18376923,27897,27917,20
12.92033005,80.18376923,27917,27927,10
12.92045975,80.18398285,27927,27937,10
12.9205904,80.18392944,27937,27947,10
12.92090034,80.18380737,27947,27957,10
12.9214201,80.18360901,27957,27967,10
12.92210007,80.18334198,27967,27978,11
12.92294979,80.18308258,27978,27988,10
12.92362022,80.18296051,27988,27998,10
12.92442036,80.18280029,27998,28008,10
12.92523956,80.18267822,28008,28018,10
12.92607975,80.18254089,28018,28028,10
12.92695999,80.18235779,28028,28038,10
12.92788029,80.18216705,28038,28048,10
12.9287796,80.18195343,28048,28058,10
12.92965031,80.18174744,28058,28069,11
12.93066025,80.18148041,28069,28079,10
12.93142986,80.18151093,28079,28089,10
12.93146038,80.18151855,28089,28099,10
12.93155003,80.18154907,28099,28109,10
12.93175983,80.18160248,28109,28119,10
12.93222046,80.18167877,28119,28129,10
12.93295956,80.18183136,28129,28139,10
12.9338398,80.18205261,28139,28149,10
12.93490982,80.18229675,28149,28170,21
12.93490982,80.18229675,28170,28180,10
12.93494034,80.18228912,28180,28190,10
12.93533993,80.18235779,28190,28200,10
12.93599987,80.18231201,28200,28210,10
12.93679047,80.18222046,28210,28220,10
12.93758965,80.18221283,28220,28230,10
12.93883991,80.18234253,28230,28281,51
12.93883991,80.18234253,28281,28291,10
12.93914032,80.18241882,28291,28301,10
12.93943024,80.18253326,28301,28321,20
12.93943024,80.18253326,28321,28331,10
12.93955994,80.18257141,28331,28341,10
12.93984985,80.18266296,28341,28351,10
12.94040012,80.18274689,28351,28362,11
12.94112968,80.18276215,28362,28372,10
12.94194031,80.18283844,28372,28382,10
12.94285965,80.18293762,28382,28392,10
12.94371986,80.18295288,28392,28402,10
12.94460964,80.18296814,28402,28432,30
12.94460964,80.18296814,28432,28442,10
12.94493008,80.18300629,28442,28453,11
12.94559002,80.18309021,28453,28463,10
12.9462204,80.18354797,28463,28473,10
12.94680977,80.18396759,28473,28483,10
12.94690037,80.18405914,28483,28493,10
12.94701004,80.18418121,28493,28503,10
12.94744015,80.18450928,28503,28513,10
12.9480896,80.18493652,28513,28523,10
12.94882965,80.18518829,28523,28564,41
12.94882965,80.18518829,28564,28574,10
12.94911003,80.18530273,28574,28584,10
12.94960976,80.18547058,28584,28594,10
12.95030022,80.18567657,28594,28604,10
12.95106983,80.18592072,28604,28614,10
12.95189953,80.186203,28614,28624,10
12.95267963,80.186409,28624,28634,10
12.95341969,80.18653107,28634,28645,11
12.95421982,80.18663788,28645,28655,10
12.9549799,80.18675232,28655,28665,10
12.95561028,80.18683624,28665,28675,10
12.95627975,80.1869278,28675,28705,30
12.95627975,80.1869278,28705,28715,10
12.95635986,80.18695831,28715,28725,10
12.95670033,80.18699646,28725,28735,10
12.95730019,80.18704224,28735,28746,11
12.95810986,80.1870575,28746,28756,10
12.95884037,80.1870575,28756,28766,10
12.9595499,80.18708801,28766,28776,10
12.96018028,80.18713379,28776,28786,10
12.96074009,80.18720245,28786,28796,10
12.96135998,80.18730927,28796,28806,10
12.96156979,80.18731689,28806,28816,10
12.96166039,80.18731689,28816,28826,10
12.96205997,80.18742371,28826,28837,11
12.96269989,80.18753815,28837,28853,16
12.96372986,80.18778229,28853,28865,12
12.96453953,80.1880188,28865,28875,10
12.96514034,80.18826294,28875,28885,10
12.96549034,80.18840027,28885,28895,10
12.96553993,80.18842316,28895,28905,10
12.96592045,80.18856049,28905,28915,10
12.96640015,80.18875885,28915,28925,10
12.96689987,80.18895721,28925,28936,11
12.96765041,80.18926239,28936,28945,9
12.96835995,80.18956757,28945,28966,21
12.96835995,80.18956757,28966,28976,10
12.96868038,80.18972778,28976,28986,10
12.96909046,80.18990326,28986,28996,10
12.96961975,80.19016266,28996,29006,10
12.97021008,80.19042969,29006,29016,10
12.97064972,80.19064331,29016,29027,11
12.97117996,80.19087982,29027,29037,10
12.97179985,80.19113922,29037,29047,10
12.97245026,80.19142151,29047,29057,10
12.97280025,80.19155121,29057,29067,10
12.97282028,80.19155121,29067,29077,10
12.97313023,80.19168091,29077,29087,10
12.97362041,80.19185638,29087,29097,10
12.97422028,80.19206238,29097,29107,10
12.97482967,80.19229889,29107,29117,10
12.97537994,80.19251251,29117,29128,11
12.97601032,80.19290161,29128,29138,10
12.97640038,80.19319916,29138,29148,10
12.97694016,80.193573,29148,29158,10
12.97751045,80.19376373,29158,29168,10
12.97821999,80.19387054,29168,29188,20
12.97821999,80.19387054,29188,29198,10
12.97852039,80.19396973,29198,29208,10
12.97902966,80.19418335,29208,29219,11
12.97961044,80.19455719,29219,29229,10
12.98013973,80.19490051,29229,29239,10
12.98108006,80.19538116,29239,29259,20
12.98108006,80.19538116,29259,29269,10
12.9812603,80.19550323,29269,29279,10
12.98163033,80.1957016,29279,29289,10
12.98213959,80.195961,29289,29299,10
12.98270035,80.19622803,29299,29309,10
12.98297977,80.19635773,29309,29320,11
12.98340034,80.19615936,29320,29330,10
12.9833498,80.1964035,29330,29340,10
12.98328018,80.19658661,29340,29350,10
12.98371983,80.19685364,29350,29360,10
12.9843502,80.19721985,29360,29370,10
12.98507977,80.19730377,29370,29380,10
12.98593998,80.19718933,29380,29390,10
12.98672009,80.1973114,29390,29400,10
12.98680019,80.19732666,29400,29411,11
12.9871397,80.19743347,29411,29421,10
12.98781013,80.19759369,29421,29431,10
12.9886198,80.19782257,29431,29441,10
12.98950005,80.19806671,29441,29451,10
12.99042034,80.19831848,29451,29461,10
12.99135017,80.19851685,29461,29471,10
12.99180031,80.19862366,29471,29481,10
12.9918499,80.19863892,29481,29491,10
12.99213982,80.19882202,29491,29502,11
12.99262047,80.19909668,29502,29512,10
12.99306011,80.19944763,29512,29522,10
12.99347019,80.19982147,29522,29532,10
12.99394989,80.20008087,29532,29542,10
12.99454975,80.20025635,29542,29572,30
12.99454975,80.20025635,29572,29582,10
12.99470043,80.20024872,29582,29592,10
12.99485016,80.20030212,29592,29603,11
12.99501038,80.20053864,29603,29613,10
12.99505997,80.20117188,29613,29693,80
12.99505997,80.20117188,29693,29704,11
12.99505043,80.20150757,29704,29714,10
12.99507046,80.20184326,29714,29724,10
12.99507999,80.20220184,29724,29734,10
12.99503994,80.20263672,29734,29744,10
12.99503994,80.20298767,29744,29754,10
12.99507999,80.20327759,29754,29764,10
12.99495983,80.20378876,29764,29774,10
12.99481964,80.20439911,29774,29784,10
12.99470043,80.20496368,29784,29795,11
12.99473953,80.20535278,29795,29805,10
12.99466991,80.20593262,29805,29815,10
12.99458981,80.2067337,29815,29835,20
12.99458981,80.2067337,29835,29845,10
12.9946003,80.20681763,29845,29855,10
12.99475002,80.20700836,29855,29865,10
12.99472046,80.20675659,29865,30593,728
12.9946003,80.20677185,30593,30724,131
12.99466038,80.20680237,30724,31351,627
12.99466038,80.20680237,31351,31361,10
12.99454021,80.20667267,31361,31411,50
12.99454975,80.20652771,31411,31431,20
12.99454975,80.20652771,31431,31442,11
12.99456978,80.20630646,31442,31452,10
12.99462032,80.20590973,31452,31462,10
12.99466038,80.20543671,31462,31472,10
12.9946804,80.20501709,31472,31482,10
12.99472046,80.2046814,31482,31492,10
12.99483013,80.20422363,31492,31502,10
12.99495029,80.20375824,31502,31512,10
12.99507999,80.20326233,31512,31522,10
12.9950304,80.20297241,31522,31532,10
12.99503994,80.20265961,31532,31543,11
12.99507999,80.20220184,31543,31553,10
12.99505997,80.20185852,31553,31563,10
12.99505997,80.20176697,31563,31573,10
12.9950304,80.20160675,31573,31583,10
12.99499989,80.20124054,31583,31593,10
12.99499989,80.20079803,31593,31603,10
12.99483967,80.20040131,31603,31613,10
12.9948101,80.20037842,31613,31623,10
12.99452019,80.20031738,31623,31633,10
12.99437046,80.20030212,31633,31650,17
12.99425983,80.20024109,31650,31884,234
12.99425983,80.20024109,31884,31894,10
12.99409962,80.20018005,31894,31904,10
12.99378014,80.20005798,31904,31914,10
12.99343014,80.1998291,31914,31925,11
12.99306965,80.1995163,31925,31935,10
12.99271011,80.19921112,31935,31945,10
12.9924202,80.19902039,31945,31956,11
12.99215031,80.19889832,31956,31966,10
12.99153996,80.19863892,31966,31976,10
12.99073982,80.1984787,31976,32006,30
12.99073982,80.1984787,32006,32016,10
12.99055004,80.19841003,32016,32027,11
12.98999023,80.19825745,32027,32037,10
12.98929024,80.19805908,32037,32047,10
12.98851967,80.19783783,32047,32057,10
12.98770046,80.19760895,32057,32067,10
12.98663044,80.1973877,32067,32087,20
12.98663044,80.1973877,32087,32097,10
12.9865303,80.19730377,32097,32107,10
12.98606968,80.19722748,32107,32118,11
12.98536968,80.19721222,32118,32128,10
12.98472023,80.19734192,32128,32138,10
12.98414993,80.1971283,32138,32148,10
12.98361015,80.19683075,32148,32158,10
12.98309994,80.19651794,32158,32168,10
12.9827404,80.1967392,32168,32178,10
12.98235989,80.19711304,32178,32188,10
12.98225975,80.19718933,32188,32198,10
12.98225975,80.19693756,32198,32208,10
12.98260021,80.19661713,32208,32219,11
12.98279953,80.19638062,32219,32229,10
12.98256016,80.19619751,32229,32239,10
12.98217964,80.19602203,32239,32249,10
12.98202038,80.19595337,32249,32259,10
12.98167992,80.19577789,32259,32269,10
12.98161983,80.19574738,32269,32279,10
12.98157024,80.19573975,32279,32289,10
12.98130989,80.19560242,32289,32299,10
12.98091984,80.19538879,32299,32309,10
12.98042965,80.19513702,32309,32320,11
12.97982979,80.19477844,32320,32330,10
12.97937012,80.19444275,32330,32340,10
12.97883034,80.19412994,32340,32350,10
12.9782896,80.1939621,32350,32360,10
12.97772026,80.19386292,32360,32400,40
12.97772026,80.19386292,32400,32411,11
12.97745991,80.19377899,32411,32421,10
12.97704029,80.19364166,32421,32431,10
12.97653008,80.19335175,32431,32441,10
12.97616959,80.19306183,32441,32451,10
12.97572041,80.19273376,32451,32461,10
12.97511959,80.19245148,32461,32471,10
12.97457981,80.19226074,32471,32481,10
12.97408009,80.19206238,32481,32491,10
12.97364998,80.19190216,32491,32501,10
12.97325993,80.19172668,32501,32512,11
12.9727602,80.19154358,32512,32522,10
12.97210026,80.19126892,32522,32542,20
12.97210026,80.19126892,32542,32552,10
12.97206974,80.19126892,32552,32562,10
12.97175026,80.19113159,32562,32572,10
12.97120953,80.19087982,32572,32592,20
12.97120953,80.19087982,32592,32603,11
12.97076988,80.19069672,32603,32613,10
12.97052956,80.19059753,32613,32623,10
12.97014999,80.19043732,32623,32633,10
12.96969032,80.19023132,32633,32643,10
12.96920013,80.18995667,32643,32653,10
12.96874046,80.1897583,32653,32663,10
12.96805,80.18946075,32663,32683,20
12.96805,80.18946075,32683,32693,10
12.96796989,80.18943787,32693,32704,11
12.9674902,80.1892395,32704,32714,10
12.96689987,80.1889801,32714,32724,10
12.96627998,80.1887207,32724,32734,10
12.96594048,80.18858337,32734,32744,10
12.96553993,80.18843079,32744,32754,10
12.96483994,80.18814087,32754,32774,20
12.96483994,80.18814087,32774,32784,10
12.96450043,80.18804169,32784,32794,10
12.96393967,80.18785858,32794,32805,11
12.96319962,80.18766022,32805,32815,10
12.96257973,80.18752289,32815,32825,10
12.96195984,80.18740082,32825,32835,10
12.96133041,80.18728638,32835,32845,10
12.96078014,80.18723297,32845,32855,10
12.96070004,80.18721771,32855,32865,10
12.96043015,80.18720245,32865,32875,10
12.95998001,80.1871109,32875,32885,10
12.9594202,80.18707275,32885,32896,11
12.95874023,80.18702698,32896,32906,10
12.95810032,80.18704224,32906,32916,10
12.95748997,80.18704224,32916,32926,10
12.95680046,80.18698883,32926,32936,10
12.95575047,80.18692017,32936,32966,30
12.95575047,80.18692017,32966,32976,10
12.95559025,80.18691254,32976,32986,10
12.95520973,80.18682861,32986,32997,11
12.95452976,80.18672943,32997,33007,10
12.95376968,80.18662262,33007,33017,10
12.95291042,80.18650055,33017,33027,10
12.95195007,80.18625641,33027,33037,10
12.9509697,80.18592834,33037,33047,10
12.95011044,80.18562317,33047,33057,10
12.94935989,80.18540192,33057,33067,10
12.94871044,80.18518066,33067,33077,10
12.94810963,80.1849823,33077,33088,11
12.94746017,80.1845932,33088,33098,10
12.94686031,80.18415833,33098,33108,10
12.94666958,80.18401337,33108,33118,10
12.94662952,80.18396759,33118,33128,10
12.94629955,80.18369293,33128,33138,10
12.9457798,80.18328094,33138,33148,10
12.94515038,80.18302917,33148,33158,10
12.94468021,80.18305969,33158,33168,10
12.94460964,80.18306732,33168,33178,10
12.94417,80.1830368,33178,33195,17
12.94297028,80.18296814,33195,33207,12
12.94200039,80.18287659,33207,33217,10
12.94120026,80.1827774,33217,33227,10
12.94052982,80.1827774,33227,33237,10
12.94003963,80.18271637,33237,33247,10
12.9394598,80.18257904,33247,33277,30
12.9394598,80.18257904,33277,33288,11
12.93916988,80.18250275,33288,33297,9
12.93890953,80.18242645,33297,33308,11
12.9385004,80.18232727,33308,33318,10
12.93774033,80.18224335,33318,33328,10
12.93692017,80.18225098,33328,33338,10
12.93612003,80.18231964,33338,33348,10
12.93515968,80.18241882,33348,33368,20
12.93515968,80.18241882,33368,33379,11
12.93474007,80.18232727,33379,33389,10
12.93416023,80.18216705,33389,33399,10
12.93346977,80.18197632,33399,33409,10
12.93262959,80.18179321,33409,33419,10
12.93171978,80.18164063,33419,33429,10
12.93101025,80.18157959,33429,33439,10
12.93097019,80.18158722,33439,33449,10
12.93076992,80.18157959,33449,33465,16
12.92984009,80.18173981,33465,33477,12
12.92891979,80.18196106,33477,33488,11
12.92792034,80.18219757,33488,33498,10
12.92695045,80.18240356,33498,33508,10
12.92601013,80.18258667,33508,33518,10
12.92506027,80.18274689,33518,33528,10
12.92440987,80.18286133,33528,33538,10
12.92413044,80.18289948,33538,33548,10
12.92362976,80.18299103,33548,33558,10
12.92302036,80.18309021,33558,33568,10
12.92234039,80.18328094,33568,33579,11
12.92148972,80.18361664,33579,33589,10
12.92045975,80.18403625,33589,33649,60
12.92045975,80.18403625,33649,33659,10
12.92031956,80.18405914,33659,33669,10
12.92010975,80.18353271,33669,33680,11
12.91991997,80.18266296,33680,33700,20
12.91991997,80.18266296,33700,33710,10
12.91989994,80.18253326,33710,33720,10
12.9197998,80.18235016,33720,33730,10
12.91961002,80.18240356,33730,33740,10
12.91940022,80.18218231,33740,34306,566
12.91940022,80.18218231,34306,34316,10
12.9196701,80.18193817,34316,34336,20
12.9196701,80.18193817,34336,34346,10
12.9198904,80.18200684,34346,34357,11
12.9200201,80.18251038,34357,34367,10
12.92016029,80.18312836,34367,34377,10
12.92026043,80.18348694,34377,34397,20
12.92026043,80.18348694,34397,34407,10
12.92029953,80.18361664,34407,34417,10
12.92033958,80.18383789,34417,34427,10
12.92049026,80.18399811,34427,34437,10
12.92078018,80.18386841,34437,34448,11
12.92133999,80.18363953,34448,34458,10
12.92195034,80.18338013,34458,34468,10
12.92261028,80.18315125,34468,34478,10
12.92329979,80.18302917,34478,34488,10
12.92399025,80.18289185,34488,34498,10
12.9246397,80.18276978,34498,34508,10
12.92475986,80.18274689,34508,34518,10
12.92496014,80.18271637,34518,34528,10
12.9254303,80.18264771,34528,34538,10
12.9260397,80.18254852,34538,34549,11
12.92675972,80.18241882,34549,34559,10
12.9275198,80.18225098,34559,34569,10
12.92833042,80.18206024,34569,34579,10
12.92914963,80.18186188,34579,34589,10
12.92996979,80.18166351,34589,34599,10
12.93080997,80.18145752,34599,34609,10
12.93146038,80.18151855,34609,34619,10
12.93150043,80.18153381,34619,34629,10
12.93167973,80.18157959,34629,34640,11
12.93220997,80.18167877,34640,34650,10
12.9328804,80.18180084,34650,34660,10
12.93363953,80.18199921,34660,34670,10
12.9343996,80.18219757,34670,34680,10
12.93496037,80.18232727,34680,34690,10
12.93498039,80.18232727,34690,34700,10
12.93531036,80.18240356,34700,34710,10
12.93585968,80.18235779,34710,34720,10
12.9364996,80.18226624,34720,34730,10
12.93725967,80.18222809,34730,34741,11
12.93875027,80.18232727,34741,34831,90
12.93875027,80.18232727,34831,34842,11
12.93912029,80.18244171,34842,34852,10
12.93931961,80.18251801,34852,34862,10
12.93951988,80.18257904,34862,34872,10
12.9399004,80.18267822,34872,34882,10
12.94050026,80.18274689,34882,34891,9
12.94102001,80.18276215,34891,34902,11
12.94182968,80.18283844,34902,34912,10
12.9426899,80.18293762,34912,34922,10
12.94357014,80.18296051,34922,34933,11
12.9447298,80.18299103,34933,34953,20
12.9447298,80.18299103,34953,34963,10
12.94495964,80.18300629,34963,34973,10
12.94548035,80.18306732,34973,34983,10
12.94602013,80.18341827,34983,34993,10
12.94686031,80.18405151,34993,35013,20
12.94686031,80.18405151,35013,35023,10
12.94696045,80.18417358,35023,35034,11
12.94738007,80.18450165,35034,35044,10
12.94795036,80.18489075,35044,35054,10
12.94884014,80.18518829,35054,35125,71
12.94884014,80.18518829,35125,35135,10
12.94923973,80.18525696,35135,35145,10
12.94979,80.18546295,35145,35155,10
12.95044994,80.18567657,35155,35165,10
12.95108032,80.18589783,35165,35175,10
12.95172977,80.18611908,35175,35185,10
12.95248032,80.18634033,35185,35195,10
12.95326996,80.18649292,35195,35205,10
12.95413971,80.18663025,35205,35215,10
12.95493031,80.18675232,35215,35226,11
12.95551968,80.18682861,35226,35236,10
12.95610046,80.18691254,35236,35266,30
12.95610046,80.18691254,35266,35276,10
12.95633984,80.18698883,35276,35286,10
12.95685959,80.18704224,35286,35296,10
12.9574604,80.1870575,35296,35306,10
12.95812988,80.18707275,35306,35317,11
12.95890045,80.18707275,35317,35327,10
12.95958996,80.18711853,35327,35337,10
12.96022034,80.18715668,35337,35347,10
12.9608202,80.18723297,35347,35357,10
12.96140003,80.18730927,35357,35367,10
12.96146965,80.18731689,35367,35377,10
12.96177006,80.1873703,35377,35387,10
12.96232033,80.18746185,35387,35397,10
12.96300983,80.18759918,35397,35407,10
12.96366024,80.18776703,35407,35418,11
12.96436977,80.18798828,35418,35428,10
12.96485043,80.1881485,35428,35438,10
12.96557999,80.18843842,35438,35458,20
12.96557999,80.18843842,35458,35468,10
12.96580029,80.18852997,35468,35478,10
12.96607971,80.18865967,35478,35488,10
12.96642971,80.188797,35488,35498,10
12.96687984,80.18900299,35498,35508,10
12.96730042,80.18916321,35508,35519,11
12.96833992,80.18959808,35519,35539,20
12.96833992,80.18959808,35539,35549,10
12.96852016,80.18971252,35549,35559,10
12.96881008,80.18984222,35559,35569,10
12.9691,80.18997955,35569,35579,10
12.96947956,80.19017029,35579,35589,10
12.97002029,80.19042206,35589,35599,10
12.9704504,80.19059753,35599,35610,11
12.97087002,80.19077301,35610,35620,10
12.97097969,80.19081879,35620,35630,10
12.97124004,80.19091797,35630,35640,10
12.97173023,80.19114685,35640,35650,10
12.9721899,80.19135284,35650,35660,10
12.97270012,80.19155121,35660,35690,30
12.97270012,80.19155121,35690,35700,10
12.97299957,80.19167328,35700,35711,11
12.97346973,80.19185638,35711,35721,10
12.97406006,80.19206238,35721,35731,10
12.97463989,80.19228363,35731,35741,10
12.97509956,80.19245148,35741,35751,10
12.97564983,80.19271088,35751,35761,10
12.97607994,80.19306183,35761,35771,10
12.97646999,80.19333649,35771,35781,10
12.97692966,80.1936264,35781,35791,10
12.97739983,80.19377899,35791,35802,11
12.97762012,80.19380951,35802,35812,10
12.97803974,80.19387817,35812,35822,10
12.97824001,80.19391632,35822,35832,10
12.97830009,80.19393158,35832,35842,10
12.97867012,80.19405365,35842,35852,10
12.97918034,80.19432068,35852,35862,10
12.97966003,80.19465637,35862,35872,10
12.98021984,80.19502258,35872,35882,10
12.98087978,80.19532776,35882,35903,21
12.98087978,80.19532776,35903,35913,10
12.98095036,80.19537354,35913,35923,10
12.98132038,80.19555664,35923,35943,20
12.98132038,80.19555664,35943,35953,10
12.98141003,80.19561005,35953,35963,10
12.98165989,80.19573975,35963,35973,10
12.98209953,80.19597626,35973,35983,10
12.98264027,80.19622803,35983,35993,10
12.98293018,80.19637299,35993,36004,11
12.98338032,80.19618225,36004,36014,10
12.98328018,80.1964035,36014,36024,10
12.98326015,80.19660187,36024,36034,10
12.98367977,80.19683838,36034,36044,10
12.98421955,80.19716644,36044,36054,10
12.98486042,80.19734192,36054,36064,10
12.98560047,80.1971817,36064,36074,10
12.98637962,80.19728088,36074,36084,10
12.98676014,80.19734192,36084,36095,11
12.98692036,80.1973877,36095,36105,10
12.98738003,80.19750214,36105,36115,10
12.98803043,80.19766998,36115,36125,10
12.98873997,80.19788361,36125,36135,10
12.98948956,80.19808197,36135,36145,10
12.99024963,80.19828033,36145,36155,10
12.9910202,80.19846344,36155,36165,10
12.99168015,80.19860077,36165,36175,10
12.99176025,80.19863892,36175,36185,10
12.99201965,80.1987915,36185,36196,11
12.99234962,80.19898987,36196,36206,10
12.99262047,80.19915771,36206,36216,10
12.99300957,80.19947052,36216,36226,10
12.99333,80.19973755,36226,36236,10
12.99343967,80.19985199,36236,36246,10
12.99372959,80.20002747,36246,36256,10
12.99407959,80.20014191,36256,36266,10
12.99425983,80.2002182,36266,36276,10
12.99462032,80.20027161,36276,36307,31
12.99462032,80.20027161,36307,36317,10
12.99475956,80.20033264,36317,36327,10
12.99495983,80.20056152,36327,36337,10
12.99499989,80.20079803,36337,36347,10
12.99501991,80.20120239,36347,36357,10
12.99503994,80.20146179,36357,36367,10
12.99507999,80.20194244,36367,36377,10
12.99505043,80.20249939,36377,36388,11
12.99499989,80.20290375,36388,36398,10
12.99505997,80.20319366,36398,36408,10
12.99497032,80.2035675,36408,36418,10
12.9948597,80.20401764,36418,36428,10
12.99475956,80.204422,36428,36438,10
12.9946804,80.20484924,36438,36448,10
12.99473,80.20516968,36448,36458,10
12.99468994,80.20558929,36458,36468,10
12.99464035,80.20612335,36468,36479,11
12.9946003,80.20649719,36479,36489,10
12.99458027,80.20674133,36489,36509,20
12.99470043,80.20684814,36509,36529,20
12.99470043,80.20684814,36529,36539,10
12.99472046,80.20687866,36539,36549,10
12.99473953,80.20690918,36549,36559,10
12.99485016,80.20696259,36559,36569,10
12.99501991,80.20674133,36569,36590,21
12.99501991,80.20674133,36590,36600,10
12.99477959,80.20671082,36600,37105,505
12.99477959,80.20671082,37105,37115,10
12.99452019,80.20665741,37115,37125,10
12.99454021,80.20648956,37125,37135,10
12.99456024,80.20636749,37135,37145,10
12.9946003,80.20609283,37145,37155,10
12.99464035,80.20565033,37155,37166,11
12.99466991,80.20526123,37166,37176,10
12.99464035,80.20503235,37176,37186,10
12.9946804,80.20478821,37186,37196,10
12.99475956,80.20442963,37196,37206,10
12.99483967,80.20404053,37206,37216,10
12.99497032,80.20355988,37216,37226,10
12.99507046,80.20313263,37226,37236,10
12.99497986,80.20288086,37236,37246,10
12.99501991,80.20262146,37246,37257,11
12.99505997,80.20217896,37257,37267,10
12.99505043,80.20173645,37267,37277,10
12.99501991,80.2014389,37277,37287,10
12.99501991,80.20128632,37287,37297,10
12.99499989,80.20092773,37297,37307,10
12.99495029,80.20053101,37307,37317,10
12.99473953,80.20030212,37317,37327,10
12.99464035,80.20027161,37327,37337,10
12.99421978,80.20021057,37337,37438,101
12.99421978,80.20021057,37438,37449,11
12.99403,80.20012665,37449,37459,10
12.99370003,80.20004272,37459,37469,10
12.99347973,80.19988251,37469,37479,10
12.99330997,80.19976807,37479,37489,10
12.9931097,80.19957733,37489,37499,10
12.99275017,80.1992569,37499,37539,40
12.99275017,80.1992569,37539,37550,11
12.99242973,80.19901276,37550,37560,10
12.99213028,80.1988678,37560,37570,10
12.99170971,80.19864655,37570,37580,10
12.99104023,80.1984787,37580,37590,10
12.99075985,80.19844055,37590,37600,10
12.99051952,80.19837189,37600,37610,10
12.98995972,80.19824219,37610,37620,10
12.98921013,80.19803619,37620,37630,10
12.98841,80.19782257,37630,37640,10
12.98762035,80.19760132,37640,37651,11
12.98676968,80.19741821,37651,37661,10
12.98659039,80.19738007,37661,37671,10
12.98624039,80.19730377,37671,37681,10
12.98571014,80.19721985,37681,37691,10
12.98513031,80.19727325,37691,37701,10
12.98456955,80.1973114,37701,37711,10
12.98402023,80.19705963,37711,37721,10
12.98344994,80.19674683,37721,37731,10
12.98311043,80.19651031,37731,37741,10
12.98283005,80.19657898,37741,37752,11
12.98235989,80.19700623,37752,37762,10
12.98219967,80.19714355,37762,37772,10
12.98215008,80.19695282,37772,37782,10
12.9825201,80.19664001,37782,37792,10
12.98278999,80.19638824,37792,37802,10
12.98262024,80.19622803,37802,37812,10
12.98225975,80.19606018,37812,37822,10
12.98157978,80.19570923,37822,37842,20
12.98157978,80.19570923,37842,37859,17
12.98112011,80.19544983,37859,37871,12
12.98060036,80.19519806,37871,37879,8
12.9802103,80.19500732,37879,37891,12
12.97959042,80.19458771,37891,37901,10
12.97910023,80.19425964,37901,37910,9
12.97858047,80.19400024,37910,37921,11
12.97789001,80.19386292,37921,37931,10
12.9776001,80.19381714,37931,37942,11
12.97749043,80.19378662,37942,37952,10
12.9771204,80.19367218,37952,37962,10
12.97659969,80.19341278,37962,37972,10
12.97620964,80.1931076,37972,37982,10
12.97574997,80.19275665,37982,37992,10
12.97519016,80.19248962,37992,38002,10
12.97463989,80.19229126,38002,38012,10
12.97420979,80.19213104,38012,38022,10
12.97375011,80.19194794,38022,38032,10
12.97323036,80.19177246,38032,38043,11
12.97268963,80.19156647,38043,38053,10
12.97216034,80.19136047,38053,38073,20
12.97216034,80.19136047,38073,38082,9
12.97202969,80.19129181,38082,38093,11
12.97163963,80.1911087,38093,38103,10
12.97140026,80.19098663,38103,38113,10
12.97103977,80.19082642,38113,38123,10
12.97054958,80.19065857,38123,38134,11
12.97008038,80.19046021,38134,38144,10
12.96961975,80.19023132,38144,38154,10
12.96914959,80.19000244,38154,38164,10
12.96874046,80.18979645,38164,38174,10
12.96807003,80.18949127,38174,38194,20
12.96807003,80.18949127,38194,38204,10
12.96796989,80.18946838,38204,38214,10
12.96759033,80.18930054,38214,38224,10
12.96702003,80.18904877,38224,38235,11
12.96644974,80.18881989,38235,38245,10
12.96632957,80.18876648,38245,38255,10
12.96625042,80.18875885,38255,38265,10
12.96607971,80.18868256,38265,38275,10
12.96580029,80.18858337,38275,38285,10
12.96533012,80.18837738,38285,38295,10
12.96492958,80.18821716,38295,38305,10
12.96481037,80.18817902,38305,38315,10
12.96442986,80.18805695,38315,38326,11
12.96380043,80.18788147,38326,38336,10
12.96313953,80.18769836,38336,38346,10
12.96245956,80.18756866,38346,38356,10
12.96183968,80.18743896,38356,38366,10
12.96119976,80.18733215,38366,38376,10
12.96067047,80.18723297,38376,38386,10
12.96037006,80.18717957,38386,38396,10
12.95993996,80.18711853,38396,38406,10
12.95938015,80.18708801,38406,38416,10
12.95897961,80.18704224,38416,38427,11
12.95864964,80.18702698,38427,38437,10
12.95812035,80.18702698,38437,38447,10
12.95750046,80.18702698,38447,38457,10
12.95699978,80.18701172,38457,38467,10
12.95629978,80.18695831,38467,38477,10
12.95576,80.1869278,38477,38497,20
12.95576,80.1869278,38497,38507,10
12.95551968,80.18688965,38507,38517,10
12.95503044,80.18681335,38517,38528,11
12.95423985,80.18669891,38528,38538,10
12.95341015,80.1865921,38538,38548,10
12.95250988,80.18643951,38548,38558,10
12.95164013,80.18618774,38558,38574,16
12.95030975,80.1857605,38574,38586,12
12.94981003,80.18559265,38586,38596,10
12.94927979,80.18541718,38596,38688,92
12.94927979,80.18541718,38688,38698,10
12.94894981,80.18530273,38698,38708,10
12.94843006,80.18512726,38708,38719,11
12.94775009,80.18483734,38719,38729,10
12.94721985,80.1844635,38729,38739,10
12.94659996,80.18398285,38739,38749,10
12.94589996,80.18341064,38749,38759,10
12.94522953,80.18305969,38759,38768,9
12.94478989,80.1830368,38768,38779,11
12.94460011,80.18305206,38779,38789,10
12.94439983,80.18299866,38789,38799,10
12.94384003,80.18296814,38799,38809,10
12.94314003,80.18293762,38809,38820,11
12.94219017,80.18287659,38820,38830,10
12.9412899,80.1827774,38830,38840,10
12.9405899,80.18276978,38840,38850,10
12.93999958,80.18271637,38850,38860,10
12.93992043,80.18270874,38860,38870,10
12.93984032,80.18267822,38870,38880,10
12.93945026,80.18257904,38880,38890,10
12.93902969,80.18248749,38890,38900,10
12.9387598,80.18240356,38900,38910,10
12.93817043,80.18229675,38910,38921,11
12.9372797,80.18225861,38921,38931,10
12.93659019,80.18228149,38931,38941,10
12.93597984,80.18235016,38941,38951,10
12.93531036,80.18241882,38951,38967,16
12.93420029,80.18222046,38967,38979,12
12.93299961,80.18193054,38979,38987,8
12.93222046,80.1817627,38987,38999,12
12.93132019,80.181633,38999,39009,10
12.93099022,80.18160248,39009,39018,9
12.93089008,80.18157959,39018,39030,12
12.93025017,80.181633,39030,39040,10
12.92945957,80.18182373,39040,39049,9
12.92866039,80.18202209,39049,39060,11
12.92759991,80.18225861,39060,39069,9
12.92679024,80.18244171,39069,39080,11
12.92564011,80.18266296,39080,39089,9
12.92483044,80.18279266,39089,39099,10
12.9239397,80.18293762,39099,39110,11
12.92306995,80.18309021,39110,39121,11
12.92224979,80.18331146,39121,39131,10
12.92183971,80.18345642,39131,39191,60
12.92183971,80.18345642,39191,39201,10
12.92168045,80.18347168,39201,39212,11
12.92127037,80.18361664,39212,39262,50
12.92127037,80.18361664,39262,39272,10
12.92117977,80.18367767,39272,39282,10
12.92068958,80.1838913,39282,39292,10
12.92022038,80.18396759,39292,39302,10
12.92004013,80.18321991,39302,39313,11
12.91991043,80.18270874,39313,39323,10
12.9198904,80.18257904,39323,39333,10
12.91977978,80.18234253,39333,39343,10
12.9194603,80.18225861,39343,40323,980
12.9194603,80.18225861,40323,40333,10
12.91948986,80.18206787,40333,40343,10
12.91973019,80.18196106,40343,40373,30
12.91973019,80.18196106,40373,40384,11
12.91991043,80.18206024,40384,40394,10
12.9200201,80.18257141,40394,40404,10
12.92022991,80.18343353,40404,40434,30
12.92022991,80.18343353,40434,40444,10
12.92029953,80.18373108,40444,40454,10
12.92043972,80.18399048,40454,40464,10
12.92059994,80.18392944,40464,40474,10
12.92090988,80.18379974,40474,40485,11
12.92119026,80.18367004,40485,40495,10
12.92152023,80.18354797,40495,40505,10
12.92206955,80.18334198,40505,40515,10
12.92269039,80.18312073,40515,40525,10
12.92333984,80.18299866,40525,40535,10
12.92401981,80.18286133,40535,40545,10
12.92475033,80.18273926,40545,40555,10
12.92545986,80.18263245,40555,40565,10
12.92615986,80.18251038,40565,40576,11
12.92691994,80.18235016,40576,40586,10
12.92759991,80.18221283,40586,40596,10
12.92827034,80.18206024,40596,40606,10
12.92893982,80.18190002,40606,40616,10
12.92955971,80.18174744,40616,40626,10
12.93023014,80.18157196,40626,40636,10
12.93138027,80.1815033,40636,40656,20
12.93138027,80.1815033,40656,40666,10
12.93142986,80.18151093,40666,40677,11
12.93183041,80.18157959,40677,40687,10
12.93243027,80.1816864,40687,40697,10
12.9331398,80.18183899,40697,40707,10
12.93389034,80.18202972,40707,40717,10
12.93457985,80.18221283,40717,40727,10
12.93504047,80.18229675,40727,40737,10
12.93509007,80.18231964,40737,40747,10
12.93515015,80.18232727,40747,40757,10
12.93533039,80.18237305,40757,40767,10
12.93581009,80.18235779,40767,40778,11
12.93651962,80.18225861,40778,40788,10
12.93721962,80.18222809,40788,40798,10
12.93789959,80.18224335,40798,40808,10
12.93883991,80.18235779,40808,40858,50
12.93883991,80.18235779,40858,40869,11
12.93904972,80.18238831,40869,40879,10
12.93924046,80.18247223,40879,40889,10
12.93962002,80.18258667,40889,40899,10
12.94015026,80.18270874,40899,40909,10
12.94079971,80.18273926,40909,40919,10
12.94149971,80.18276978,40919,40929,10
12.94225979,80.18286133,40929,40939,10
12.94305992,80.18292236,40939,40949,10
12.94386005,80.18293762,40949,40959,10
12.94454956,80.18296051,40959,40970,11
12.94460011,80.18296814,40970,40980,10
12.94470024,80.1829834,40980,40990,10
12.94515038,80.18302155,40990,41000,10
12.94573975,80.18319702,41000,41010,10
12.94631958,80.18364716,41010,41026,16
12.94680023,80.18398285,41026,41038,12
12.94696045,80.18412018,41038,41046,8
12.94729996,80.18438721,41046,41058,12
12.94799995,80.18488312,41058,41068,10
12.94863033,80.18511963,41068,41108,40
12.94863033,80.18511963,41108,41118,10
12.94863033,80.18515015,41118,41129,11
12.94911003,80.18527222,41129,41139,10
12.94970036,80.18547058,41139,41149,10
12.95038033,80.18567657,41149,41160,11
12.95102978,80.18589783,41160,41170,10
12.9516201,80.18608856,41170,41180,10
12.95240021,80.18630981,41180,41190,10
12.95326042,80.18647766,41190,41200,10
12.95388031,80.18656921,41200,41210,10
12.95452023,80.1866684,41210,41220,10
12.95483017,80.1867218,41220,41230,10
12.95506001,80.18673706,41230,41261,31
12.95506001,80.18673706,41261,41271,10
12.95534992,80.18682861,41271,41281,10
12.95561028,80.18686676,41281,41291,10
12.95613956,80.18689728,41291,41321,30
12.95613956,80.18689728,41321,41331,10
12.95656013,80.18694305,41331,41341,10
12.95709038,80.18698883,41341,41358,17
12.95761967,80.18699646,41358,41370,12
12.95827961,80.18699646,41370,41380,10
12.95855045,80.18701172,41380,41390,10
12.95893002,80.18701935,41390,41400,10
12.9593401,80.1870575,41400,41410,10
12.95969963,80.18710327,41410,41420,10
12.95997047,80.18710327,41420,41429,9
12.96006012,80.18710327,41429,41440,11
12.96043015,80.18711853,41440,41450,10
12.96061993,80.18715668,41450,41461,11
12.96090031,80.18721008,41461,41471,10
12.96113968,80.1872406,41471,41481,10
12.96127987,80.18726349,41481,41491,10
12.96133995,80.18727875,41491,41501,10
12.96173954,80.18734741,41501,41511,10
12.96236992,80.18746948,41511,41521,10
12.96312046,80.18760681,41521,41531,10
12.96345043,80.18772125,41531,41541,10
12.96372986,80.18778992,41541,41551,10
12.96428967,80.18795776,41551,41562,11
12.96502018,80.1882019,41562,41572,10
12.96560001,80.1884079,41572,41592,20
12.96560001,80.1884079,41592,41602,10
12.96568012,80.18845367,41602,41612,10
12.96603012,80.18859863,41612,41622,10
12.9663496,80.1887207,41622,41632,10
12.96687984,80.18894196,41632,41642,10
12.96753979,80.18920898,41642,41653,11
12.96833992,80.18955994,41653,41673,20
12.96833992,80.18955994,41673,41683,10
12.96852016,80.18968201,41683,41693,10
12.96860027,80.18972015,41693,41703,10
12.96868038,80.18974304,41703,41713,10
12.96895981,80.18987274,41713,41723,10
12.96932983,80.19004822,41723,41733,10
12.96990013,80.19030762,41733,41743,10
12.97043991,80.19056702,41743,41754,11
12.97101974,80.19080353,41754,41764,10
12.97111988,80.1908493,41764,41774,10
12.97150993,80.19098663,41774,41784,10
12.97187996,80.19116211,41784,41794,10
12.97189045,80.19116974,41794,41804,10
12.97206974,80.19126129,41804,41946,142
12.97239971,80.19143677,41946,42036,90
12.97239971,80.19143677,42036,42047,11
12.97270966,80.19159698,42047,42057,10
12.97294044,80.19165039,42057,42067,10
12.97319031,80.19171906,42067,42077,10
12.97325993,80.19174194,42077,42087,10
12.97356033,80.19184113,42087,42097,10
12.97383976,80.19194031,42097,42107,10
12.9741497,80.19206238,42107,42117,10
12.97439957,80.19213104,42117,42127,10
12.97480965,80.19228363,42127,42138,11
12.97525024,80.19245148,42138,42148,10
12.97566032,80.19267273,42148,42158,10
12.9759903,80.19293213,42158,42168,10
12.97647953,80.19329834,42168,42178,10
12.97706985,80.19364166,42178,42188,10
12.97739983,80.19374084,42188,42198,10
12.97776985,80.19380951,42198,42208,10
12.97811985,80.19387054,42208,42218,10
12.97813988,80.19387817,42218,42228,10
12.97823048,80.19391632,42228,42239,11
12.97856045,80.19400024,42239,42249,10
12.97904968,80.1942215,42249,42259,10
12.97957039,80.19455719,42259,42269,10
12.98005009,80.19487,42269,42279,10
12.98101044,80.19535828,42279,42299,20
12.98101044,80.19535828,42299,42309,10
12.98103046,80.19538879,42309,42319,10
12.98132038,80.19555664,42319,42329,10
12.98182011,80.19582367,42329,42340,11
12.98241997,80.19611359,42340,42350,10
12.9828701,80.19635773,42350,42360,10
12.98318958,80.19622803,42360,42370,10
12.98340034,80.19634247,42370,42380,10
12.98316956,80.19647217,42380,42396,16
12.98371029,80.19687653,42396,42408,12
12.98441029,80.19727325,42408,42416,8
12.9849596,80.19732666,42416,42428,12
12.98585987,80.19721222,42428,42439,11
12.98668003,80.19735718,42439,42449,10
12.98698044,80.19740295,42449,42459,10
12.9871397,80.1974411,42459,42469,10
12.9875803,80.19754791,42469,42479,10
12.98830986,80.19774628,42479,42489,10
12.98902035,80.1979599,42489,42499,10
12.98983955,80.19818115,42499,42508,9
12.99057007,80.19835663,42508,42519,11
12.99141026,80.19853973,42519,42530,11
12.99162006,80.19859314,42530,42540,10
12.99166012,80.1986084,42540,42550,10
12.99193954,80.1987381,42550,42560,10
12.99225998,80.19889832,42560,42570,10
12.99265957,80.19914246,42570,42580,10
12.99300003,80.19943237,42580,42590,10
12.99335957,80.19972992,42590,42600,10
12.99351978,80.19986725,42600,42610,10
12.99388981,80.20001221,42610,42620,10
12.99400043,80.20005035,42620,42631,11
12.99460983,80.20018005,42631,42681,50
12.99460983,80.20018005,42681,42691,10
12.99487972,80.20041656,42691,42701,10
12.99499035,80.20079041,42701,42711,10
12.99501038,80.2011795,42711,42722,11
12.99505997,80.2016983,42722,42732,10
12.99507999,80.20217896,42732,42742,10
12.9950304,80.20271301,42742,42752,10
12.99503994,80.20301819,42752,42762,10
12.99507999,80.20314789,42762,42772,10
12.99505997,80.20330048,42772,42782,10
12.99499989,80.20343781,42782,42792,10
12.99487972,80.20391083,42792,42802,10
12.99475956,80.20443726,42802,42812,10
12.99464035,80.20500946,42812,42823,11
12.9946804,80.20542908,42823,42833,10
12.99464035,80.20604706,42833,42843,10
12.99458027,80.20652771,42843,42853,10
12.99454975,80.20674133,42853,42863,10
12.99454975,80.20683289,42863,42873,10
12.99456024,80.20687866,42873,42883,10
12.99470997,80.20700073,42883,42893,10
12.99495029,80.20696259,42893,42903,10
12.9948597,80.20675659,42903,43235,332
12.9948597,80.20675659,43235,43245,10
12.99456978,80.20670319,43245,43609,364
12.99456978,80.20670319,43609,43619,10
12.99452019,80.20644379,43619,43629,10
12.99458027,80.20619202,43629,43639,10
12.99460983,80.20597839,43639,43649,10
12.99464035,80.20568848,43649,43659,10
12.9946804,80.20539093,43659,43669,10
12.99470043,80.20513916,43669,43679,10
12.99466991,80.2049408,43679,43689,10
12.99473,80.20465088,43689,43700,11
12.99481964,80.20423126,43700,43710,10
12.99493027,80.20378113,43710,43720,10
12.99501991,80.20333862,43720,43730,10
12.99503994,80.20323944,43730,43740,10
12.99501991,80.20304871,43740,43750,10
12.99501991,80.20281982,43750,43760,10
12.99505043,80.20250702,43760,43770,10
12.99505997,80.2022934,43770,43780,10
12.99503994,80.20200348,43780,43790,10
12.99501991,80.20168304,43790,43801,11
12.99499989,80.20149994,43801,43811,10
12.99499035,80.20121765,43811,43831,20
12.99499035,80.20121765,43831,43841,10
12.99497032,80.20078278,43841,43851,10
12.99483967,80.20046234,43851,43861,10
12.99438953,80.20031738,43861,44003,142
12.99438953,80.20031738,44003,44013,10
12.99403954,80.20014191,44013,44023,10
12.99372005,80.20005798,44023,44033,10
12.9934597,80.19988251,44033,44043,10
12.99318981,80.19970703,44043,44053,10
12.99283981,80.19940186,44053,44063,10
12.99248028,80.1991272,44063,44073,10
12.99203014,80.1989212,44073,44083,10
12.99151993,80.19864655,44083,44094,11
12.99090958,80.19851685,44094,44104,10
12.99081993,80.19850159,44104,44114,10
12.99059963,80.19843292,44114,44124,10
12.9901104,80.19828796,44124,44134,10
12.98948956,80.19812012,44134,44144,10
12.98878956,80.19793701,44144,44154,10
12.98808956,80.19773102,44154,44164,10
12.98736,80.19754791,44164,44174,10
12.98668957,80.19741821,44174,44185,11
12.98657036,80.19735718,44185,44195,10
12.98618031,80.19727325,44195,44205,10
12.98558998,80.19719696,44205,44215,10
12.98497963,80.19731903,44215,44225,10
12.98437023,80.197258,44225,44235,10
12.9837904,80.19696808,44235,44245,10
12.98322964,80.19664764,44245,44255,10
12.98285961,80.19657898,44255,44265,10
12.98248005,80.19689178,44265,44275,10
12.9822998,80.19706726,44275,44286,11
12.9821701,80.19714355,44286,44296,10
12.9821701,80.19695282,44296,44306,10
12.9825201,80.19664764,44306,44316,10
12.98276043,80.19641876,44316,44326,10
12.98262024,80.19625854,44326,44336,10
12.98248005,80.19618225,44336,44346,10
12.98237038,80.19609833,44346,44362,16
12.98188972,80.19592285,44362,44374,12
12.9816103,80.19577789,44374,44385,11
12.98153973,80.19574738,44385,44395,10
12.98120975,80.1955719,44395,44405,10
12.98083019,80.19538879,44405,44415,10
12.98033047,80.19512939,44415,44424,9
12.97990036,80.19487762,44424,44435,11
12.9793396,80.1944809,44435,44445,10
12.97885036,80.19418335,44445,44455,10
12.97840023,80.19399261,44455,44465,10
12.9776001,80.1938324,44465,44486,21
12.9776001,80.1938324,44486,44496,10
12.97729015,80.19374084,44496,44506,10
12.97679996,80.19355774,44506,44516,10
12.97630024,80.19319916,44516,44526,10
12.97583008,80.19284058,44526,44536,10
12.97533035,80.19255829,44536,44546,10
12.97476006,80.19235992,44546,44556,10
12.97451973,80.19226837,44556,44566,10
12.97414017,80.19210052,44566,44577,11
12.97358036,80.1918869,44577,44587,10
12.97303963,80.19168854,44587,44597,10
12.97274017,80.19159698,44597,44607,10
12.97239971,80.19146729,44607,44617,10
12.97216988,80.19133759,44617,44627,10
12.97210026,80.19129944,44627,44637,10
12.97144985,80.19101715,44637,44746,109
12.97109985,80.19087982,44746,44767,21
12.97109985,80.19087982,44767,44777,10
12.97082043,80.19075012,44777,44787,10
12.97039986,80.19059753,44787,44807,20
12.97039986,80.19059753,44807,44817,10
12.97014046,80.19049072,44817,44827,10
12.96980953,80.19033051,44827,44837,10
12.96949005,80.19017792,44837,44847,10
12.96945,80.19016266,44847,44857,10
12.96940041,80.19016266,44857,44868,11
12.96912003,80.19000244,44868,44878,10
12.96811008,80.18952179,44878,44887,9
12.96811008,80.18952179,44887,44898,11
12.96804047,80.1894989,44898,44908,10
12.96772003,80.18939209,44908,44918,10
12.96720028,80.18917084,44918,44928,10
12.96665001,80.1889801,44928,44938,10
12.9662199,80.18875885,44938,44960,22
12.9662199,80.18875885,44960,44971,11
12.96597958,80.18863678,44971,44980,9
12.9656601,80.18852234,44980,44991,11
12.96531963,80.18837738,44991,45000,9
12.96494961,80.18823242,45000,45011,11
12.96485996,80.18821716,45011,45021,10
12.96444988,80.18807983,45021,45031,10
12.96393967,80.18791199,45031,45041,10
12.96327972,80.18773651,45041,45051,10
12.9626503,80.18759155,45051,45062,11
12.96193027,80.18743896,45062,45072,10
12.96092033,80.18727875,45072,45102,30
12.96092033,80.18727875,45102,45112,10
12.96074009,80.18726349,45112,45122,10
12.96051979,80.18721771,45122,45132,10
12.96035957,80.18717957,45132,45142,10
12.96006012,80.18714142,45142,45152,10
12.9595499,80.18710327,45152,45163,11
12.95899963,80.1870575,45163,45173,10
12.95853996,80.18704224,45173,45183,10
12.95798969,80.18702698,45183,45193,10
12.95751953,80.18704224,45193,45223,30
12.95751953,80.18704224,45223,45233,10
12.9572401,80.18704987,45233,45254,21
12.9572401,80.18704987,45254,45264,10
12.95716953,80.18704224,45264,45274,10
12.95707989,80.18701935,45274,45284,10
12.95697021,80.18701172,45284,45294,10
12.95666027,80.18699646,45294,45334,40
12.95666027,80.18699646,45334,45344,10
12.95631981,80.18698883,45344,45355,11
12.95600986,80.1869812,45355,45385,30
12.95600986,80.1869812,45385,45395,10
12.95586967,80.18695831,45395,45405,10
12.95561028,80.18689728,45405,45425,20
12.95561028,80.18689728,45425,45435,10
12.9552002,80.18682098,45435,45445,10
12.95446968,80.18673706,45445,45456,11
12.95353031,80.18659973,45456,45466,10
12.95256042,80.18644714,45466,45476,10
12.95158005,80.18617249,45476,45486,10
12.9511404,80.18601227,45486,45496,10
12.95077991,80.18589783,45496,45506,10
12.95024014,80.18570709,45506,45516,10
12.94952011,80.18547821,45516,45526,10
12.9487896,80.18522644,45526,45536,10
12.94826984,80.18506622,45536,45547,11
12.94775963,80.18483734,45547,45557,10
12.94742012,80.18460846,45557,45567,10
12.94698048,80.18424988,45567,45577,10
12.94661999,80.18399811,45577,45587,10
12.94655037,80.18392944,45587,45597,10
12.94620037,80.18363953,45597,45607,10
12.94567013,80.18321991,45607,45617,10
12.94497967,80.18305969,45617,45627,10
12.94458008,80.18306732,45627,45637,10
12.94437981,80.18305206,45637,45648,11
12.94390965,80.18302917,45648,45658,10
12.94361973,80.18299103,45658,45668,10
12.94322014,80.1829834,45668,45678,10
12.94254971,80.18295288,45678,45688,10
12.94174004,80.18283844,45688,45698,10
12.94085979,80.18279266,45698,45708,10
12.94019985,80.18276215,45708,45718,10
12.93947029,80.18260956,45718,45749,31
12.93947029,80.18260956,45749,45759,10
12.93922043,80.18251038,45759,45769,10
12.93906021,80.18247986,45769,45779,10
12.93885994,80.18242645,45779,45789,10
12.93836975,80.18232727,45789,45799,10
12.9377203,80.18225861,45799,45809,10
12.9370203,80.18225861,45809,45819,10
12.93628025,80.18231201,45819,45829,10
12.93550014,80.18240356,45829,45840,11
12.93515968,80.18240356,45840,45850,10
12.93507004,80.18238831,45850,45860,10
12.9346199,80.18228149,45860,45870,10
12.93395996,80.18212128,45870,45880,10
12.93319988,80.18193817,45880,45890,10
12.9323597,80.18177032,45890,45900,10
12.93152046,80.18164825,45900,45910,10
12.93085957,80.18157959,45910,45920,10
12.93076038,80.18157959,45920,45930,10
12.93035984,80.18160248,45930,45941,11
12.92959976,80.18177795,45941,45951,10
12.92879009,80.18197632,45951,45961,10
12.92794037,80.18218231,45961,45971,10
12.92710972,80.18235779,45971,45981,10
12.92636013,80.18253326,45981,45991,10
12.92558002,80.18267059,45991,46001,10
12.92479038,80.18280029,46001,46011,10
12.9243803,80.18286133,46011,46021,10
12.9240799,80.18289948,46021,46031,10
12.92343044,80.18300629,46031,46042,11
12.92263985,80.18315887,46042,46052,10
12.92191982,80.18341827,46052,46062,10
12.92113972,80.18373871,46062,46072,10
12.92041969,80.18402863,46072,46092,20
12.92041969,80.18402863,46092,46102,10
12.92020035,80.18399048,46102,46112,10
12.92004013,80.18338013,46112,46122,10
12.9198904,80.18270874,46122,46132,10
12.91985035,80.18251801,46132,46143,11
12.91983986,80.18244171,46143,46153,10
12.91969967,80.18240356,46153,46163,10
12.91952038,80.18218994,46163,48893,2730
12.91952038,80.18218994,48893,48903,10
12.91965961,80.18192291,48903,48943,40
12.91965961,80.18192291,48943,48953,10
12.91989994,80.18202972,48953,48963,10
12.9200201,80.18260193,48963,48973,10
12.92018986,80.18327332,48973,49014,41
12.92018986,80.18327332,49014,49024,10
12.9202404,80.18343353,49024,49064,40
12.9202404,80.18343353,49064,49074,10
12.92028999,80.18373871,49074,49085,11
12.92053032,80.18388367,49085,49095,10
12.92101955,80.18370056,49095,49105,10
12.92162991,80.18347168,49105,49115,10
12.9223299,80.18321228,49115,49125,10
12.9230299,80.18302917,49125,49135,10
12.92366028,80.1829071,49135,49145,10
12.9243803,80.18276978,49145,49155,10
12.92481995,80.18270111,49155,49165,10
12.92506027,80.18266296,49165,49175,10
12.92558002,80.18257904,49175,49186,11
12.92621994,80.18247986,49186,49196,10
12.9266901,80.18238068,49196,49206,10
12.92735958,80.18224335,49206,49216,10
12.92805004,80.18209076,49216,49226,10
12.92879009,80.18190765,49226,49236,10
12.92953968,80.18171692,49236,49246,10
12.93033028,80.18151093,49246,49256,10
12.93113995,80.18144226,49256,49266,10
12.93146038,80.1815033,49266,49276,10
12.93150997,80.18151093,49276,49287,11
12.93198013,80.18161011,49287,49297,10
12.93264008,80.18171692,49297,49307,10
12.9332304,80.18186188,49307,49317,10
12.93402958,80.18206787,49317,49327,10
12.93476009,80.18224335,49327,49337,10
12.93488026,80.18225861,49337,49347,10
12.93490982,80.18232727,49347,49357,10
12.93527985,80.18238068,49357,49367,10
12.93583965,80.18232727,49367,49378,11
12.93640041,80.18224335,49378,49388,10
12.9370203,80.18218994,49388,49398,10
12.93772984,80.18218231,49398,49408,10
12.93883038,80.18231964,49408,49428,20
12.93883038,80.18231964,49428,49438,10
12.93889046,80.18237305,49438,49448,10
12.93906021,80.18237305,49448,49458,10
12.93933964,80.18250275,49458,49468,10
12.93986034,80.18263245,49468,49478,10
12.94048977,80.18270111,49478,49489,11
12.94124985,80.18271637,49489,49499,10
12.94200993,80.18280029,49499,49509,10
12.94287014,80.18287659,49509,49519,10
12.94373035,80.18289948,49519,49529,10
12.94445038,80.1829071,49529,49539,10
12.94452,80.18292236,49539,49549,10
12.94464016,80.18295288,49549,49559,10
12.94511986,80.18296814,49559,49569,10
12.9457798,80.18318939,49569,49580,11
12.94647026,80.18373108,49580,49590,10
12.94684029,80.18399811,49590,49600,10
12.94684029,80.18401337,49600,49610,10
12.94699955,80.18415833,49610,49620,10
12.94734955,80.18443298,49620,49630,10
12.94789982,80.18482208,49630,49640,10
12.94859028,80.18506622,49640,49671,31
12.94859028,80.18506622,49671,49681,10
12.94882011,80.18511963,49681,49691,10
12.94929981,80.18528748,49691,49701,10
12.94985962,80.18547058,49701,49711,10
12.95042038,80.18566132,49711,49721,10
12.9509697,80.18583679,49721,49731,10
12.95156002,80.18605804,49731,49741,10
12.9520998,80.186203,49741,49751,10
12.95277023,80.18637085,49751,49761,10
12.95349026,80.18647766,49761,49771,10
12.95421982,80.18660736,49771,49782,11
12.95501995,80.18672943,49782,49792,10
12.95561981,80.18681335,49792,49802,10
12.95613956,80.18688202,49802,49822,20
12.95613956,80.18688202,49822,49832,10
12.9563303,80.18689728,49832,49842,10
12.95674992,80.18697357,49842,49852,10
12.95734978,80.18701172,49852,49862,10
12.95781994,80.18699646,49862,49873,11
12.95849991,80.18701935,49873,49883,10
12.95917034,80.18702698,49883,49893,10
12.95983982,80.18708038,49893,49903,10
12.96045971,80.1871109,49903,49913,10
12.96105003,80.1872406,49913,49923,10
12.96148968,80.18727875,49923,49933,10
12.96154022,80.18728638,49933,49943,10
12.96185017,80.1873703,49943,49953,10
12.96238041,80.18747711,49953,49970,17
12.96343994,80.18769073,49970,49982,12
12.96422005,80.18789673,49982,49992,10
12.96465969,80.18805695,49992,50002,10
12.96512032,80.18821716,50002,50012,10
12.9654398,80.18836212,50012,50032,20
12.9654398,80.18836212,50032,50042,10
12.9656601,80.18843079,50042,50052,10
12.9660902,80.18860626,50052,50062,10
12.96640015,80.18874359,50062,50073,11
12.96706009,80.18900299,50073,50083,10
12.9677496,80.18927765,50083,50093,10
12.96833038,80.18953705,50093,50103,10
12.96835995,80.18958282,50103,50113,10
12.96837044,80.18965912,50113,50123,10
12.96868038,80.18978119,50123,50133,10
12.96910954,80.18994141,50133,50143,10
12.96965981,80.19017792,50143,50153,10
12.97025967,80.19045258,50153,50164,11
12.97091961,80.19071198,50164,50174,10
12.97152996,80.19097137,50174,50184,10
12.97192001,80.19114685,50184,50194,10
12.97237015,80.19135284,50194,50204,10
12.97274971,80.1914978,50204,50214,10
12.97278023,80.19151306,50214,50224,10
12.97296047,80.19156647,50224,50234,10
12.97325993,80.1917038,50234,50244,10
12.97366047,80.19184875,50244,50254,10
12.97416019,80.19204712,50254,50265,11
12.97484016,80.19229126,50265,50275,10
12.97546959,80.19252777,50275,50285,10
12.97601986,80.19291687,50285,50295,10
12.97651958,80.19329071,50295,50305,10
12.97710037,80.19361115,50305,50315,10
12.97760963,80.19376373,50315,50325,10
12.9780798,80.19381714,50325,50335,10
12.97819996,80.19384766,50335,50345,10
12.97830963,80.19387817,50345,50355,10
12.97867966,80.19400787,50355,50366,11
12.97920036,80.19425964,50366,50376,10
12.97982025,80.19467926,50376,50385,9
12.98031998,80.19499969,50385,50396,11
12.98104,80.19535065,50396,50416,20
12.98104,80.19535065,50416,50426,10
12.98128033,80.19548035,50426,50436,10
12.9816103,80.19567108,50436,50446,10
12.98198032,80.19586182,50446,50456,10
12.98243999,80.19608307,50456,50467,11
12.98285961,80.19629669,50467,50477,10
12.98318958,80.19619751,50477,50487,10
12.98346996,80.19624329,50487,50497,10
12.98320961,80.19641113,50497,50507,10
12.98338032,80.19661713,50507,50517,10
12.98381996,80.19689178,50517,50527,10
12.98435974,80.19719696,50527,50537,10
12.98501015,80.19728851,50537,50547,10
12.98573971,80.19715881,50547,50558,11
12.98661041,80.19730377,50558,50568,10
12.98733997,80.19747925,50568,50578,10
12.98801994,80.19764709,50578,50588,10
12.98882961,80.19788361,50588,50598,10
12.98964024,80.19809723,50598,50608,10
12.9904604,80.19831085,50608,50618,10
12.99125004,80.19848633,50618,50628,10
12.99176025,80.19863129,50628,50638,10
12.99182034,80.19862366,50638,50648,10
12.99213028,80.19877625,50648,50659,11
12.99246979,80.1989975,50659,50669,10
12.99283981,80.19927979,50669,50679,10
12.99322987,80.19962311,50679,50689,10
12.99361992,80.19991302,50689,50699,10
12.99392986,80.20004272,50699,50709,10
12.99409008,80.20011902,50709,50719,10
12.99458981,80.2002182,50719,50750,31
12.99458981,80.2002182,50750,50760,10
12.99479961,80.20027924,50760,50770,10
12.99499989,80.20053864,50770,50780,10
12.99501991,80.20062256,50780,50790,10
12.99501038,80.20072174,50790,50800,10
12.99501038,80.20110321,50800,50810,10
12.9950304,80.20146942,50810,50820,10
12.99507046,80.20185852,50820,50830,10
12.99505997,80.20231628,50830,50840,10
12.99499035,80.20282745,50840,50851,11
12.99505997,80.20300293,50851,50861,10
12.99501991,80.20334625,50861,50871,10
12.99491024,80.20385742,50871,50881,10
12.9948101,80.2042923,50881,50891,10
12.9946804,80.20487213,50891,50901,10
12.99472046,80.20510101,50901,50911,10
12.99468994,80.20536041,50911,50921,10
12.99464035,80.20580292,50921,50931,10
12.99458027,80.20632935,50931,50941,10
12.99452019,80.20671844,50941,50962,21
12.99452019,80.20671844,50962,50972,10
12.99458027,80.20687866,50972,50982,10
12.99473953,80.2069931,50982,50992,10
12.99489021,80.20690155,50992,51002,10
12.99477959,80.20677185,51002,51942,940
12.99477959,80.20677185,51942,51952,10
12.99470043,80.20680237,51952,51962,10
12.99452019,80.2066803,51962,51982,20
12.99452019,80.2066803,51982,51992,10
12.99454021,80.20645142,51992,52002,10
12.99458027,80.20612335,52002,52012,10
12.99462032,80.20571899,52012,52023,11
12.99466991,80.20523834,52023,52033,10
12.99462986,80.20493317,52033,52043,10
12.9946804,80.2046814,52043,52053,10
12.99477005,80.20426941,52053,52063,10
12.99489021,80.20379639,52063,52073,10
12.99501038,80.20334625,52073,52083,10
12.99503994,80.20314026,52083,52093,10
12.99497986,80.20295715,52093,52103,10
12.99499035,80.20269775,52103,52113,10
12.99499989,80.2025528,52113,52123,10
12.99503994,80.20224762,52123,52134,11
12.99503994,80.20191956,52134,52144,10
12.9950304,80.20171356,52144,52154,10
12.99499035,80.20136261,52154,52164,10
12.99499035,80.20108032,52164,52174,10
12.99497032,80.20072937,52174,52184,10
12.99495983,80.20057678,52184,52194,10
12.9948597,80.20039368,52194,52204,10
12.99464035,80.20027924,52204,52214,10
12.99462986,80.20027924,52214,52225,11
12.99433994,80.20024872,52225,52406,181
12.99433994,80.20024872,52406,52417,11
12.99413013,80.20014191,52417,52427,10
12.99388981,80.20010376,52427,52437,10
12.99353027,80.19991302,52437,52447,10
12.9932003,80.19963074,52447,52457,10
12.99283981,80.19930267,52457,52467,10
12.99256992,80.19909668,52467,52477,10
12.99221039,80.1989212,52477,52487,10
12.99174976,80.19864655,52487,52497,10
12.99110031,80.1984787,52497,52507,10
12.99077988,80.19844055,52507,52518,11
12.99073982,80.19841766,52518,52528,10
12.99036026,80.19833374,52528,52538,10
12.98974991,80.19815826,52538,52548,10
12.98902988,80.19795227,52548,52558,10
12.9882803,80.19773102,52558,52568,10
12.98752022,80.19754028,52568,52578,10
12.98676014,80.19738007,52578,52588,10
12.98661041,80.19734955,52588,52598,10
12.98637962,80.19728851,52598,52609,11
12.98575974,80.1971817,52609,52619,10
12.98513031,80.19722748,52619,52629,10
12.9844799,80.197258,52629,52639,10
12.98386955,80.19693756,52639,52649,10
12.98342991,80.19667816,52649,52659,10
12.98326969,80.19658661,52659,52669,10
12.98295021,80.19645691,52669,52679,10
12.98254013,80.1967926,52679,52689,10
12.98227978,80.19706726,52689,52699,10
12.98213959,80.19706726,52699,52710,11
12.98237991,80.19676208,52710,52720,10
12.98266029,80.19651031,52720,52730,10
12.98278999,80.19638062,52730,52740,10
12.98268986,80.19625092,52740,52750,10
12.98237038,80.19606781,52750,52760,10
12.98159981,80.19566345,52760,52780,20
12.98159981,80.19566345,52780,52790,10
12.98143005,80.19555664,52790,52800,10
12.98101997,80.19535065,52800,52811,11
12.98038006,80.19503021,52811,52821,10
12.9797802,80.19467926,52821,52831,10
12.97922039,80.19429016,52831,52841,10
12.97858047,80.1939621,52841,52851,10
12.97791958,80.19381714,52851,52861,10
12.97762966,80.19377899,52861,52871,10
12.97758007,80.19377136,52871,52881,10
12.97727966,80.19367981,52881,52891,10
12.97684002,80.19351959,52891,52901,10
12.97638035,80.19319916,52901,52912,11
12.97583961,80.19281006,52912,52922,10
12.97539043,80.19254303,52922,52932,10
12.97486019,80.19233704,52932,52942,10
12.97443962,80.19217682,52942,52952,10
12.97397041,80.19200134,52952,52962,10
12.9733696,80.19178009,52962,52972,10
12.97286987,80.19158173,52972,52982,10
12.97233963,80.1913681,52982,52992,10
12.97214031,80.19129181,52992,53003,11
12.97196007,80.19120789,53003,53013,10
12.97150993,80.19100189,53013,53023,10
12.97103024,80.19080353,53023,53033,10
12.97043037,80.19055176,53033,53043,10
12.96992016,80.19030762,53043,53053,10
12.96930981,80.1900177,53053,53063,10
12.96891022,80.18981934,53063,53073,10
12.96848965,80.18959808,53073,53083,10
12.96805954,80.18939209,53083,53093,10
12.96805,80.18939209,53093,53104,11
12.96778011,80.18926239,53104,53114,10
12.96732044,80.1890564,53114,53124,10
12.96673965,80.18884277,53124,53134,10
12.96615028,80.18862152,53134,53144,10
12.96568012,80.18843079,53144,53154,10
12.96514988,80.18824005,53154,53164,10
12.96479988,80.1881485,53164,53174,10
12.96475029,80.18811798,53174,53184,10
12.96442032,80.18800354,53184,53194,10
12.96391964,80.18785095,53194,53205,11
12.96333981,80.18769073,53205,53215,10
12.96286011,80.18757629,53215,53225,10
12.96226025,80.18746185,53225,53235,10
12.96162987,80.18734741,53235,53245,10
12.96098995,80.18724823,53245,53255,10
12.96072006,80.18720245,53255,53265,10
12.96061993,80.18717194,53265,53275,10
12.96022034,80.1871109,53275,53285,10
12.95975971,80.18707275,53285,53295,10
12.95917034,80.18701935,53295,53306,11
12.95845985,80.1869812,53306,53316,10
12.95773983,80.18698883,53316,53332,16
12.95658016,80.1869278,53332,53344,12
12.95573044,80.18686676,53344,53374,30
12.95573044,80.18686676,53374,53384,10
12.95540047,80.18679047,53384,53394,10
12.9548502,80.1867218,53394,53404,10
12.95413017,80.18663025,53404,53415,11
12.95326042,80.18650055,53415,53424,9
12.95248032,80.18634796,53424,53435,11
12.95156002,80.18608856,53435,53445,10
12.95053959,80.18573761,53445,53455,10
12.94935036,80.18534851,53455,53526,71
12.94935036,80.18534851,53526,53536,10
12.94904995,80.18527222,53536,53546,10
12.94863033,80.18512726,53546,53556,10
12.94803047,80.18491364,53556,53566,10
12.94748974,80.1845932,53566,53576,10
12.94725037,80.18441772,53576,53586,10
12.94676018,80.18406677,53586,53597,11
12.94659042,80.18392181,53597,53607,10
12.94629955,80.18367767,53607,53617,10
12.94581985,80.18328094,53617,53627,10
12.9451704,80.18300629,53627,53636,9
12.94462013,80.18299866,53636,53647,11
12.94456005,80.18299866,53647,53657,10
12.94416046,80.18296814,53657,53667,10
12.9435997,80.18292999,53667,53677,10
12.94291973,80.1829071,53677,53687,10
12.94209003,80.18283081,53687,53698,11
12.94114017,80.18271637,53698,53708,10
12.9403801,80.18270874,53708,53718,10
12.93945026,80.18254852,53718,53748,30
12.93945026,80.18254852,53748,53758,10
12.93925953,80.18247986,53758,53768,10
12.93896008,80.18241882,53768,53778,10
12.9386301,80.18231964,53778,53789,11
12.93795013,80.18222046,53789,53799,10
12.93719959,80.18218994,53799,53809,10
12.93644047,80.18222809,53809,53819,10
12.93570042,80.18231964,53819,53829,10
12.93519974,80.18235016,53829,53839,10
12.9351902,80.18235016,53839,53849,10
12.93498993,80.18231964,53849,53859,10
12.93447018,80.18219757,53859,53869,10
12.93377972,80.18202209,53869,53879,10
12.93301964,80.18183136,53879,53890,11
12.93216038,80.18166351,53890,53900,10
12.93089962,80.18151855,53900,53920,20
12.93089962,80.18151855,53920,53936,16
12.93029976,80.1815567,53936,53948,12
12.92945957,80.18177032,53948,53958,10
12.92881966,80.18193817,53958,53968,10
12.92780972,80.18218231,53968,53978,10
12.92695999,80.18237305,53978,53989,11
12.9260397,80.18254089,53989,53998,9
12.92537975,80.18264008,53998,54009,11
12.92453957,80.1827774,54009,54019,10
12.92372036,80.18289948,54019,54029,10
12.92288017,80.1830368,54029,54039,10
12.92203999,80.18331909,54039,54049,10
12.92125988,80.18366241,54049,54059,10
12.92045021,80.18399048,54059,54110,51
12.92045021,80.18399048,54110,54120,10
12.92012978,80.18389893,54120,54130,10
12.9200201,80.18331146,54130,54140,10
12.91989994,80.18273926,54140,54150,10
12.9198904,80.18271637,54150,54160,10
12.91985989,80.18257904,54160,54170,10
12.91977978,80.18235016,54170,54181,11
12.91961002,80.18238068,54181,54191,10
12.91948986,80.18215179,54191,55716,1525
12.91948986,80.18215179,55716,55726,10
12.91952038,80.18206787,55726,55736,10
12.91965961,80.18195343,55736,55746,10
12.9197998,80.18196869,55746,55757,11
12.91993999,80.18226624,55757,55767,10
12.92004967,80.1827774,55767,55777,10
12.92022991,80.18347931,55777,55817,40
12.92022991,80.18347931,55817,55827,10
12.92028046,80.18364716,55827,56060,233
12.92028046,80.18364716,56060,56070,10
12.92029953,80.18379211,56070,56080,10
12.92037964,80.18395996,56080,56090,10
12.92053986,80.1838913,56090,56100,10
12.92098999,80.18373108,56100,56110,10
12.92158985,80.18347931,56110,56120,10
12.92228031,80.18321228,56120,56130,10
12.92310047,80.18302155,56130,56140,10
12.92391968,80.18287659,56140,56151,11
12.92485046,80.18270111,56151,56161,10
12.92568016,80.18254852,56161,56171,10
12.92650986,80.18240356,56171,56181,10
12.92735004,80.18222809,56181,56191,10
12.92815018,80.18205261,56191,56201,10
12.92897987,80.18186188,56201,56211,10
12.92978001,80.18166351,56211,56221,10
12.93058968,80.18144989,56221,56231,10
12.93132973,80.1815033,56231,56241,10
12.93144989,80.18151093,56241,56252,11
12.93153,80.18153381,56252,56262,10
12.93200016,80.18161774,56262,56272,10
12.93268013,80.18174744,56272,56282,10
12.93344975,80.18193054,56282,56292,10
12.93424034,80.18212128,56292,56302,10
12.93488979,80.18225861,56302,56312,10
12.93494034,80.18228149,56312,56322,10
12.93535995,80.18234253,56322,56332,10
12.93597031,80.18228149,56332,56343,11
12.93673992,80.18218994,56343,56353,10
12.93747044,80.18218231,56353,56363,10
12.93820953,80.18222046,56363,56373,10
12.93883991,80.18231964,56373,56413,40
12.93883991,80.18231964,56413,56423,10
12.93898964,80.18237305,56423,56433,10
12.93922043,80.18247986,56433,56444,11
12.93966007,80.18260193,56444,56454,10
12.94032001,80.18270874,56454,56464,10
12.94110012,80.18270874,56464,56474,10
12.94200039,80.18280029,56474,56484,10
12.94291973,80.18287659,56484,56494,10
12.94377995,80.18292236,56494,56504,10
12.94449997,80.18293762,56504,56514,10
12.94458008,80.18295288,56514,56524,10
12.94491959,80.1829834,56524,56534,10
12.94554996,80.18306732,56534,56545,11
12.94626045,80.18360138,56545,56555,10
12.94678974,80.18398285,56555,56565,10
12.94690037,80.18406677,56565,56575,10
12.94729996,80.18440247,56575,56585,10
12.94789028,80.18482208,56585,56595,10
12.94880009,80.18514252,56595,56646,51
12.94880009,80.18514252,56646,56656,10
12.94894028,80.18520355,56656,56666,10
12.94941044,80.18536377,56666,56676,10
12.95009041,80.18557739,56676,56686,10
12.95084,80.18582916,56686,56696,10
12.95149994,80.18605042,56696,56706,10
12.9521904,80.18624878,56706,56716,10
12.95283985,80.186409,56716,56726,10
12.95355034,80.18650055,56726,56737,11
12.95431995,80.18663788,56737,56747,10
12.95501995,80.18672943,56747,56757,10
12.95543957,80.1867981,56757,56767,10
12.95580006,80.1868515,56767,56777,10
12.95611954,80.18685913,56777,56797,20
12.95611954,80.18685913,56797,56807,10
12.95621967,80.18688202,56807,56817,10
12.95656967,80.1869278,56817,56827,10
12.95709991,80.18697357,56827,56838,11
12.95781994,80.18699646,56838,56848,10
12.95847988,80.18698883,56848,56858,10
12.95911026,80.18702698,56858,56868,10
12.95975971,80.18707275,56868,56878,10
12.96033955,80.1871109,56878,56888,10
12.96086025,80.18721771,56888,56898,10
12.96137047,80.18728638,56898,56908,10
12.96142006,80.18728638,56908,56918,10
12.96148014,80.18727875,56918,56929,11
12.96187019,80.18736267,56929,56939,10
12.96243954,80.18747711,56939,56949,10
12.96302032,80.18759918,56949,56959,10
12.96366978,80.1877594,56959,56969,10
12.96436977,80.18797302,56969,56979,10
12.96500015,80.1882019,56979,56989,10
12.96547985,80.1884079,56989,56999,10
12.96549988,80.18842316,56999,57009,10
12.96564007,80.1884613,57009,57019,10
12.96597958,80.18862152,57019,57030,11
12.96648979,80.18881989,57030,57040,10
12.9671402,80.1890564,57040,57050,10
12.96782017,80.18934631,57050,57060,10
12.96833038,80.18958282,57060,57076,16
12.96842003,80.18963623,57076,57088,12
12.96885967,80.18984222,57088,57098,10
12.96922016,80.19000244,57098,57108,10
12.96990967,80.19032288,57108,57118,10
12.97045994,80.19056702,57118,57129,11
12.97109032,80.19084167,57129,57139,10
12.97171021,80.1911087,57139,57149,10
12.9721899,80.19132233,57149,57158,9
12.97255039,80.19148254,57158,57169,11
12.97270012,80.19154358,57169,57178,9
12.97274971,80.19155884,57178,57189,11
12.97303009,80.19167328,57189,57199,10
12.97360992,80.19187927,57199,57209,10
12.97416019,80.19210052,57209,57219,10
12.97472954,80.19229889,57219,57230,11
12.97539997,80.19257355,57230,57240,10
12.97593975,80.19293213,57240,57250,10
12.97632027,80.19320679,57250,57260,10
12.97686005,80.19352722,57260,57270,10
12.97735977,80.19371033,57270,57280,10
12.97811985,80.19384766,57280,57300,20
12.97811985,80.19384766,57300,57310,10
12.97832012,80.19390106,57310,57321,11
12.97863007,80.19400787,57321,57331,10
12.97906971,80.19422913,57331,57341,10
12.97959042,80.19458008,57341,57351,10
12.98015022,80.19493103,57351,57361,10
12.98101044,80.19535065,57361,57381,20
12.98101044,80.19535065,57381,57391,10
12.98114014,80.19544983,57391,57401,10
12.98153019,80.19566345,57401,57411,10
12.98209953,80.195961,57411,57422,11
12.98276043,80.19628906,57422,57432,10
12.98305988,80.19628906,57432,57442,10
12.98340988,80.19621277,57442,57452,10
12.98320007,80.19638824,57452,57462,10
12.98330975,80.1966095,57462,57472,10
12.98381996,80.1969223,57472,57482,10
12.9844799,80.19727325,57482,57492,10
12.98519993,80.19724274,57492,57502,10
12.98589993,80.1971817,57502,57513,11
12.98670006,80.1973114,57513,57523,10
12.98684025,80.19735718,57523,57533,10
12.98723984,80.19745636,57533,57543,10
12.98785973,80.19761658,57543,57553,10
12.98855019,80.19780731,57553,57563,10
12.98929024,80.19802094,57563,57573,10
12.99009037,80.19824219,57573,57583,10
12.99092007,80.19844055,57583,57593,10
12.99157047,80.19859314,57593,57603,10
12.99166012,80.19862366,57603,57614,11
12.99190044,80.1987381,57614,57624,10
12.99228001,80.19893646,57624,57634,10
12.9927597,80.19922638,57634,57644,10
12.99318981,80.19957733,57644,57654,10
12.99365044,80.1999588,57654,57664,10
12.99421024,80.20017242,57664,57674,10
12.99456024,80.20024109,57674,57704,30
12.99456024,80.20024109,57704,57715,11
12.99468994,80.20031738,57715,57725,10
12.99487019,80.20040894,57725,57735,10
12.99499989,80.20072937,57735,57745,10
12.99501038,80.2011795,57745,57755,10
12.99503994,80.20153046,57755,57765,10
12.99510002,80.20202637,57765,57775,10
12.99505997,80.20259857,57775,57791,16
12.9950304,80.20298767,57791,57803,12
12.99507999,80.20324707,57803,57814,11
12.99493027,80.20384216,57814,57824,10
12.99473953,80.20464325,57824,57844,20
12.99473953,80.20464325,57844,57854,10
12.99468994,80.20504761,57854,57864,10
12.99470043,80.20548248,57864,57874,10
12.99462032,80.20617676,57874,57884,10
12.99456024,80.20659637,57884,57894,10
12.99454021,80.20677185,57894,57905,11
12.99454021,80.20687103,57905,57915,10
12.99468994,80.20702362,57915,57925,10
12.99487972,80.2069397,57925,57935,10
12.99477959,80.20678711,57935,58177,242
12.99477959,80.20678711,58177,58187,10
12.99462986,80.20681763,58187,58198,11
12.99452019,80.20661163,58198,58208,10
12.99472046,80.20655823,58208,58228,20
12.99472046,80.20655823,58228,58238,10
12.99489975,80.20661926,58238,58248,10
12.9952898,80.20671082,58248,58258,10
12.99578953,80.20684052,58258,58268,10
12.99608994,80.20690918,58268,58278,10
12.99662018,80.20702362,58278,58288,10
12.99730968,80.20716858,58288,58299,11
12.99806976,80.2073288,58299,58309,10
12.99833965,80.20738983,58309,58319,10
12.99847984,80.20742798,58319,58329,10
12.99878979,80.20747375,58329,58339,10
12.99913979,80.20755768,58339,58355,16
12.99991035,80.20770264,58355,58367,12
13.00051975,80.20781708,58367,58375,8
13.00094986,80.20802307,58375,58387,12
13.00154972,80.20829773,58387,58398,11
13.00185966,80.20845795,58398,58406,8
13.00201035,80.20851898,58406,58417,11
13.00212955,80.20861053,58417,58429,12
13.00238991,80.2087326,58429,58438,9
13.00282955,80.20896912,58438,58449,11
13.00331974,80.20924377,58449,58459,10
13.00345993,80.20961761,58459,58469,10
13.00352001,80.20989227,58469,58479,10
13.00360012,80.21038055,58479,58490,11
13.00370026,80.2110672,58490,58499,9
13.00372982,80.21166229,58499,58510,11
13.00403023,80.21198273,58510,58520,10
13.0044899,80.21219635,58520,58530,10
13.00494957,80.21244812,58530,58540,10
13.00564957,80.21283722,58540,58550,10
13.00632,80.21269989,58550,58560,10
13.00695992,80.21270752,58560,58570,10
13.00784016,80.21305847,58570,58591,21
13.00784016,80.21305847,58591,58601,10
13.00815964,80.21324158,58601,58611,10
13.00850964,80.21340179,58611,58621,10
13.00870037,80.21366119,58621,58631,10
13.00911999,80.21421814,58631,58641,10
13.00953007,80.21482086,58641,58651,10
13.00988007,80.21524811,58651,58661,10
13.01039028,80.21575928,58661,58671,10
13.01074028,80.21656036,58671,58681,10
13.01103973,80.21733856,58681,58692,11
13.01142025,80.2183075,58692,58702,10
13.01179981,80.21939087,58702,58712,10
13.01216984,80.22054291,58712,58721,9
13.01249981,80.22136688,58721,58732,11
13.01288033,80.2218399,58732,58742,10
13.01325989,80.22235107,58742,58752,10
13.01358032,80.22276306,58752,58762,10
13.01391983,80.2232132,58762,58772,10
13.01420975,80.22354889,58772,58783,11
13.01457024,80.22395325,58783,58793,10
13.01502037,80.22454071,58793,58803,10
13.01546955,80.22490692,58803,58813,10
13.0156002,80.22499847,58813,58823,10
13.01591015,80.22521973,58823,58833,10
13.01640034,80.22525787,58833,58843,10
13.01704025,80.22503662,58843,58853,10
13.01776981,80.22476196,58853,58863,10
13.01848984,80.22447968,58863,58873,10
13.01916027,80.22428131,58873,58884,11
13.01957989,80.22440338,58884,58904,20
13.01957989,80.22440338,58904,58914,10
13.01970959,80.2244873,58914,58924,10
13.02003956,80.22476959,58924,58934,10
13.02056026,80.22515106,58934,58944,10
13.0211401,80.22557831,58944,58954,10
13.02180004,80.22608948,58954,58964,10
13.02250004,80.22666168,58964,58975,11
13.02320957,80.22730255,58975,58985,10
13.02375984,80.22779846,58985,58995,10
13.02418995,80.22821808,58995,59005,10
13.02437973,80.22841644,59005,59065,60
13.02437973,80.22841644,59065,59076,11
13.02433014,80.22859192,59076,59086,10
13.02406025,80.22834778,59086,59096,10
13.02365971,80.22789764,59096,59106,10
13.02317047,80.22741699,59106,59116,10
13.02260017,80.22691345,59116,59126,10
13.02196026,80.22634888,59126,59136,10
13.02128029,80.22582245,59136,59146,10
13.02056026,80.22528076,59146,59156,10
13.01982021,80.22476959,59156,59166,10
13.01895046,80.22447968,59166,59177,11
13.01797962,80.224823,59177,59187,10
13.01721001,80.22512817,59187,59197,10
13.0165596,80.22538757,59197,59207,10
13.01620007,80.22554016,59207,59217,10
13.01568985,80.22572327,59217,59227,10
13.01509953,80.22593689,59227,59237,10
13.01473999,80.22602081,59237,59247,10
13.0145998,80.22605896,59247,59257,10
13.01428032,80.22618866,59257,59268,11
13.01414967,80.2260437,59268,59278,10
13.01408005,80.22551727,59278,59298,20
13.01408005,80.22538757,59298,59411,113
13.01408005,80.22538757,59411,59422,11
13.01410961,80.22527313,59422,59432,10
13.0143404,80.22563171,59432,59725,293
13.0143404,80.22563171,59725,59735,10
13.0143404,80.22566986,59735,59745,10
13.01424026,80.22589874,59745,59756,11
13.01420021,80.22618866,59756,59766,10
13.01406002,80.22631836,59766,59776,10
13.01358986,80.22650146,59776,59786,10
13.01298046,80.22673798,59786,59796,10
13.01237011,80.22698212,59796,59806,10
13.01173973,80.22722626,59806,59816,10
13.01105976,80.22747803,59816,59826,10
13.01037025,80.22776031,59826,59836,10
13.00979996,80.22795105,59836,59846,10
13.00949001,80.22756958,59846,59857,11
13.00979042,80.22692871,59857,59867,10
13.0101099,80.22624207,59867,59877,10
13.01043034,80.22553253,59877,59887,10
13.01074028,80.22483826,59887,59897,10
13.01097965,80.22422028,59897,59907,10
13.01103973,80.22405243,59907,59917,10
13.0111599,80.22376251,59917,59927,10
13.01136017,80.22329712,59927,59937,10
13.01156998,80.2227478,59937,59948,11
13.01183033,80.22199249,59948,59958,10
13.01204014,80.2213974,59958,59968,10
13.01212025,80.22103882,59968,59978,10
13.01196003,80.22052765,59978,59988,10
13.01177025,80.2199173,59988,59998,10
13.01154995,80.21933746,59998,60008,10
13.01134014,80.21865845,60008,60018,10
13.01107979,80.2179184,60018,60028,10
13.01074982,80.2171402,60028,60038,10
13.01051044,80.21656799,60038,60049,11
13.01006031,80.21572876,60049,60059,10
13.00981045,80.21520233,60059,60069,10
13.00967979,80.21502686,60069,60079,10
13.00934029,80.21457672,60079,60088,9
13.00899982,80.21411896,60088,60099,11
13.00881958,80.21389008,60099,60109,10
13.00852013,80.21353912,60109,60160,51
13.00852013,80.21353912,60160,60170,10
13.00825024,80.21337128,60170,60190,20
13.00825024,80.21337128,60190,60200,10
13.00790977,80.21321106,60200,60220,20
13.00790977,80.21321106,60220,60230,10
13.00774956,80.21304321,60230,60241,11
13.00726032,80.21282959,60241,60251,10
13.00656986,80.2127533,60251,60261,10
13.00594997,80.21298218,60261,60271,10
13.0053196,80.2127533,60271,60281,10
13.00465012,80.21233368,60281,60291,10
13.00384998,80.21205139,60291,60301,10
13.00366974,80.21167755,60301,60311,10
13.00362015,80.21105957,60311,60321,10
13.00352955,80.21034241,60321,60331,10
13.00349998,80.20973969,60331,60342,11
13.00335979,80.20928192,60342,60352,10
13.00282955,80.20900726,60352,60361,9
13.00242043,80.20879364,60361,60372,11
13.00216007,80.20865631,60372,60382,10
13.0019598,80.20854187,60382,60392,10
13.00166988,80.20838928,60392,60402,10
13.00115967,80.20813751,60402,60412,10
13.0005703,80.20786285,60412,60422,10
12.99997997,80.20774841,60422,60433,11
12.99934006,80.20760345,60433,60443,10
12.99915981,80.20757294,60443,60453,10
12.99903965,80.20755768,60453,60463,10
12.99884987,80.2075119,60463,60473,10
12.99855042,80.20744324,60473,60483,10
12.99804974,80.2073288,60483,60493,10
12.99767971,80.20726013,60493,60503,10
12.99755001,80.20723724,60503,60513,10
12.99713039,80.20715332,60513,60523,10
12.99645996,80.20700073,60523,60540,17
12.99567032,80.20680237,60540,60552,12
12.99495983,80.20664215,60552,60562,10
12.99462032,80.20658112,60562,60582,20
12.99462032,80.20658112,60582,60591,9
12.99454975,80.20639038,60591,60602,11
12.99462986,80.20581055,60602,60612,10
12.99468994,80.20514679,60612,60622,10
12.99466038,80.20503998,60622,60634,12
12.9946804,80.20480347,60634,60644,10
12.99475956,80.20439911,60644,60654,10
12.99489021,80.2039032,60654,60664,10
12.99495983,80.20362091,60664,60674,10
12.99503994,80.20326996,60674,60684,10
12.99505043,80.20307922,60684,60694,10
12.99499035,80.20282745,60694,60704,10
12.99503994,80.2024231,60704,60714,10
12.99505043,80.2019577,60714,60725,11
12.99501038,80.20156097,60725,60745,20
12.99501038,80.20156097,60745,60755,10
12.99501038,80.20131683,60755,60765,10
12.99499989,80.20108032,60765,60775,10
12.99495983,80.20066833,60775,60785,10
12.99483013,80.20043182,60785,60795,10
12.99431038,80.20031738,60795,60947,152
12.99431038,80.20031738,60947,60957,10
12.99405003,80.20015717,60957,60967,10
12.99376965,80.20005035,60967,60977,10
12.99343967,80.19985962,60977,60987,10
12.99308968,80.19956207,60987,60997,10
12.9927597,80.19927979,60997,61007,10
12.99228954,80.19896698,61007,61018,11
12.99164009,80.1986618,61018,61028,10
12.99100018,80.19851685,61028,61037,9
12.9907999,80.19848633,61037,61048,11
12.9905901,80.19843292,61048,61058,10
12.99005985,80.19828033,61058,61068,10
12.9893198,80.1980896,61068,61078,10
12.98847961,80.19783783,61078,61088,10
12.98771954,80.19763947,61088,61098,10
12.98688984,80.19744873,61098,61108,10
12.98655987,80.19738007,61108,61119,11
12.98637962,80.19734192,61119,61129,10
12.98585987,80.19724274,61129,61139,10
12.98521996,80.197258,61139,61149,10
12.98458004,80.19734192,61149,61159,10
12.98394012,80.19702911,61159,61169,10
12.98328018,80.1966629,61169,61179,10
12.98295021,80.19651794,61179,61189,10
12.98258972,80.19683838,61189,61199,10
12.98227978,80.1971817,61199,61210,11
12.9821701,80.19705963,61210,61220,10
12.98248005,80.19670868,61220,61230,10
12.98276997,80.1964035,61230,61240,10
12.98262024,80.19622803,61240,61250,10
12.98219967,80.19602203,61250,61260,10
12.9816103,80.19573975,61260,61290,30
12.9816103,80.19573975,61290,61300,10
12.98141956,80.19566345,61300,61311,11
12.98091984,80.19541931,61311,61321,10
12.98034,80.19509888,61321,61331,10
12.97972965,80.1947403,61331,61341,10
12.97920036,80.1943512,61341,61351,10
12.97861004,80.19402313,61351,61361,10
12.9776001,80.19381714,61361,61381,20
12.9776001,80.19381714,61381,61391,10
12.97739983,80.19377899,61391,61401,10
12.97692966,80.19361877,61401,61412,11
12.97636986,80.1932373,61412,61422,10
12.97595978,80.19293213,61422,61438,16
12.97515965,80.19245911,61438,61450,12
12.97455978,80.19223785,61450,61459,9
12.97410011,80.19206238,61459,61470,11
12.97348022,80.19184113,61470,61480,10
12.97309971,80.19168854,61480,61490,10
12.97259998,80.19151306,61490,61500,10
12.97216034,80.19132233,61500,61511,11
12.97202015,80.19126129,61511,61521,10
12.97189045,80.19122314,61521,61531,10
12.97146034,80.19101715,61531,61541,10
12.97095966,80.19078064,61541,61551,10
12.97050953,80.19061279,61551,61561,10
12.97004986,80.1904068,61561,61571,10
12.96953964,80.19017029,61571,61581,10
12.96914959,80.18997192,61581,61591,10
12.96860981,80.18974304,61591,61602,11
12.96802044,80.18946838,61602,61612,10
12.96798992,80.18946075,61612,61622,10
12.96778965,80.18937683,61622,61632,10
12.96730042,80.18917084,61632,61642,10
12.96667957,80.18891907,61642,61652,10
12.96611977,80.18869019,61652,61662,10
12.96560001,80.18847656,61662,61672,10
12.96541977,80.18839264,61672,61682,10
12.96525955,80.18831635,61682,61698,16
12.96479988,80.18816376,61698,61711,13
12.96471024,80.18813324,61711,61721,10
12.96444988,80.18804169,61721,61731,10
12.96382999,80.18785095,61731,61741,10
12.96325016,80.18768311,61741,61751,10
12.96269035,80.18756104,61751,61761,10
12.96201038,80.18742371,61761,61771,10
12.96152973,80.18734741,61771,61781,10
12.96096039,80.18726349,61781,61792,11
12.96074009,80.18721771,61792,61802,10
12.96051025,80.18717957,61802,61812,10
12.96006012,80.18711853,61812,61823,11
12.95948029,80.18707275,61823,61833,10
12.95888042,80.18701935,61833,61843,10
12.9582901,80.18701935,61843,61853,10
12.95777035,80.18704224,61853,61863,10
12.95707989,80.18701935,61863,61873,10
12.9559803,80.18697357,61873,61894,21
12.9559803,80.18697357,61894,61904,10
12.95580959,80.18694305,61904,61914,10
12.95571041,80.1869278,61914,61924,10
12.95555019,80.18689728,61924,61934,10
12.9551096,80.18682098,61934,61944,10
12.9544096,80.1867218,61944,61954,10
12.95355988,80.1865921,61954,61964,10
12.95263958,80.18644714,61964,61974,10
12.95176029,80.18621063,61974,61985,11
12.95090008,80.18592072,61985,61995,10
12.95034027,80.1857605,61995,62005,10
12.95028019,80.18573761,62005,62015,10
12.94989014,80.18557739,62015,62025,10
12.94944,80.18541718,62025,62045,20
12.94944,80.18541718,62045,62055,10
12.94931984,80.18540192,62055,62065,10
12.94890022,80.18522644,62065,62075,10
12.94832039,80.18505859,62075,62086,11
12.94762993,80.18470764,62086,62096,10
12.9470396,80.1842804,62096,62106,10
12.94664001,80.18399048,62106,62116,10
12.94651985,80.18386841,62116,62126,10
12.94608974,80.18351746,62126,62136,10
12.94557953,80.18312836,62136,62146,10
12.94489956,80.18302155,62146,62155,9
12.94431973,80.1830368,62155,62166,11
12.94417,80.18302917,62166,62176,10
12.94365978,80.1829834,62176,62187,11
12.94279957,80.18296051,62187,62197,10
12.94182014,80.18283844,62197,62207,10
12.94085979,80.18276215,62207,62217,10
12.94007015,80.18271637,62217,62227,10
12.93947983,80.18260193,62227,62237,10
12.93947029,80.18258667,62237,62247,10
12.93941975,80.18257141,62247,62257,10
12.93906021,80.18247986,62257,62267,10
12.93875027,80.18238068,62267,62278,11
12.9380703,80.18228149,62278,62288,10
12.93725967,80.18224335,62288,62298,10
12.93642044,80.18228912,62298,62308,10
12.93560028,80.18238831,62308,62318,10
12.93523026,80.18241882,62318,62328,10
12.93517971,80.18241882,62328,62338,10
12.93478966,80.18235016,62338,62348,10
12.93416977,80.18218231,62348,62358,10
12.93338013,80.18197632,62358,62368,10
12.93251038,80.18179321,62368,62379,11
12.93159962,80.18164063,62379,62389,10
12.93087959,80.18157959,62389,62399,10
12.93078041,80.18157196,62399,62409,10
12.93052006,80.18157959,62409,62425,16
12.92945957,80.18180847,62425,62437,12
12.92842007,80.18206787,62437,62447,10
12.92753983,80.18226624,62447,62457,10
12.92665958,80.18247223,62457,62467,10
12.92580986,80.18261719,62467,62477,10
12.92504025,80.18274689,62477,62488,11
12.92415047,80.18289185,62488,62498,10
12.92327976,80.18305969,62498,62508,10
12.92241001,80.18325043,62508,62517,9
12.92168045,80.18353271,62517,62528,11
12.92055988,80.18399811,62528,62579,51
12.92055988,80.18399811,62579,62589,10
12.92033958,80.18405914,62589,62599,10
12.92012024,80.1836319,62599,62609,10
12.91987991,80.18251038,62609,62639,30
12.91987991,80.18251038,62639,62649,10
12.91975975,80.18238831,62649,62659,10
12.91956997,80.18221283,62659,63165,506
12.91956997,80.18221283,63165,63175,10
12.91959953,80.18196869,63175,63185,10
12.91971016,80.18193817,63185,63195,10
12.91991043,80.18200684,63195,63205,10
12.92000961,80.18242645,63205,63215,10
12.92014027,80.18300629,63215,63225,10
12.92031956,80.18363953,63225,63357,132
12.92031956,80.18363953,63357,63367,10
12.92033958,80.18373871,63367,63377,10
12.92043972,80.184021,63377,63387,10
12.92076015,80.18392181,63387,63397,10
12.92136002,80.18367004,63397,63407,10
12.92201996,80.18341827,63407,63417,10
12.92269993,80.1831665,63417,63427,10
12.92346954,80.18302917,63427,63437,10
12.92422962,80.18289185,63437,63448,11
12.92504025,80.18276215,63448,63458,10
12.92580986,80.18263245,63458,63468,10
12.92658043,80.18247986,63468,63478,10
12.92737961,80.18231964,63478,63488,10
12.92815018,80.18213654,63488,63498,10
12.92893982,80.18195343,63498,63508,10
12.92971992,80.1817627,63508,63518,10
12.93050957,80.18154144,63518,63528,10
12.93128967,80.18154144,63528,63539,11
12.93153,80.18157196,63539,63549,10
12.93177986,80.181633,63549,63559,10
12.93235016,80.18173218,63559,63569,10
12.93303967,80.18186951,63569,63579,10
12.93377972,80.18206024,63579,63589,10
12.93500996,80.18235779,63589,63650,61
12.93500996,80.18235779,63650,63660,10
12.93502045,80.18234253,63660,63670,10
12.93533993,80.18238831,63670,63680,10
12.93587017,80.18237305,63680,63690,10
12.93653011,80.18228149,63690,63700,10
12.93719959,80.18225861,63700,63710,10
12.93789005,80.18225861,63710,63720,10
12.93887997,80.18238068,63720,63761,41
12.93887997,80.18238068,63761,63771,10
12.9392004,80.18247986,63771,63781,10
12.93953991,80.18257904,63781,63791,10
12.93997002,80.18270111,63791,63801,10
12.9405899,80.18276215,63801,63811,10
12.94126987,80.1827774,63811,63821,10
12.94204998,80.18287659,63821,63832,11
12.94291973,80.18296051,63832,63842,10
12.94361019,80.1829834,63842,63852,10
12.94416046,80.18299103,63852,63862,10
12.94458961,80.18299866,63862,63872,10
12.94466019,80.18300629,63872,63882,10
12.94501972,80.1830368,63882,63892,10
12.94561005,80.18312836,63892,63902,10
12.94614029,80.18354034,63902,63912,10
12.94661999,80.18392181,63912,63922,10
12.94686985,80.18408966,63922,63933,11
12.94699955,80.18421173,63933,63943,10
12.94705963,80.1842804,63943,63953,10
12.94736004,80.18450928,63953,63963,10
12.94787025,80.18488312,63963,63973,10
12.94888973,80.18521881,63973,64003,30
12.94888973,80.18521881,64003,64013,10
12.94917965,80.18533325,64013,64023,10
12.94976997,80.18553162,64023,64034,11
12.95051956,80.18578339,64034,64050,16
12.95178032,80.18618774,64050,64062,12
12.95271969,80.18644714,64062,64072,10
12.95337009,80.18656158,64072,64082,10
12.95423985,80.18669128,64082,64092,10
12.95503044,80.1867981,64092,64102,10
12.95543957,80.18685913,64102,64112,10
12.95549965,80.18686676,64112,64122,10
12.95559025,80.18688965,64122,64133,11
12.95569038,80.18691254,64133,64143,10
12.95615959,80.1869278,64143,64163,20
12.95615959,80.1869278,64163,64173,10
12.95631981,80.18695831,64173,64183,10
12.95676041,80.18701935,64183,64193,10
12.95697021,80.18704224,64193,64203,10
12.95707035,80.1870575,64203,64213,10
12.95732021,80.18707275,64213,64224,11
12.95777035,80.18707275,64224,64234,10
12.95833015,80.18708038,64234,64244,10
12.95882034,80.18708038,64244,64254,10
12.95940018,80.1871109,64254,64264,10
12.95995045,80.18715668,64264,64274,10
12.96049976,80.18720245,64274,64284,10
12.96100998,80.18727875,64284,64294,10
12.96138,80.18733215,64294,64304,10
12.96150017,80.18736267,64304,64314,10
12.96181965,80.18743134,64314,64325,11
12.96238041,80.18753815,64325,64335,10
12.96290016,80.18763733,64335,64351,16
12.96374989,80.18785858,64351,64363,12
12.96428967,80.1880188,64363,64373,10
12.96479988,80.18817902,64373,64403,30
12.96479988,80.18817902,64403,64414,11
12.96516037,80.18830872,64414,64424,10
12.96529007,80.18836975,64424,64434,10
12.96553993,80.1884613,64434,64443,9
12.96555042,80.18846893,64443,64454,11
12.96574974,80.18855286,64454,64464,10
12.96595955,80.18862915,64464,64474,10
12.96638966,80.18881989,64474,64484,10
12.96695995,80.18904877,64484,64494,10
12.96753979,80.18927765,64494,64504,10
12.96815014,80.18953705,64504,64515,11
12.96837044,80.18963623,64515,64525,10
12.96846008,80.18969727,64525,64535,10
12.96877956,80.18984985,64535,64545,10
12.96901035,80.18994904,64545,64555,10
12.96945,80.19016266,64555,64565,10
12.97000027,80.19042206,64565,64575,10
12.97045994,80.19062042,64575,64585,10
12.97084045,80.19078064,64585,64595,10
12.97111988,80.19088745,64595,64606,11
12.97165012,80.19111633,64606,64616,10
12.97208977,80.19132996,64616,64626,10
12.97235012,80.19143677,64626,64636,10
12.97251987,80.19151306,64636,64646,10
12.97272015,80.19158173,64646,64656,10
12.97284985,80.1916275,64656,64666,10
12.97319984,80.1917572,64666,64676,10
12.97367001,80.19194031,64676,64686,10
12.97416019,80.19212341,64686,64696,10
12.97463989,80.19229889,64696,64707,11
12.97513008,80.19248962,64707,64717,10
12.97562027,80.19271088,64717,64727,10
12.9759798,80.19297028,64727,64737,10
12.97634983,80.1932373,64737,64747,10
12.97677994,80.19355774,64747,64757,10
12.97727966,80.19376373,64757,64767,10
12.97766018,80.19384003,64767,64777,10
12.97809029,80.19390106,64777,64787,10
12.97821999,80.19391632,64787,64798,11
12.97846985,80.19399261,64798,64808,10
12.97881031,80.19412231,64808,64818,10
12.97914028,80.19429779,64818,64828,10
12.97953033,80.19455719,64828,64838,10
12.97994041,80.19484711,64838,64848,10
12.98042011,80.19515228,64848,64858,10
12.98099995,80.19541168,64858,64909,51
12.98099995,80.19541168,64909,64919,10
12.9812603,80.19555664,64919,64929,10
12.9815197,80.19568634,64929,64939,10
12.98174953,80.19582367,64939,64949,10
12.98204041,80.19597626,64949,64959,10
12.98239994,80.19615173,64959,64969,10
12.98262024,80.19625854,64969,64979,10
12.98287964,80.1964035,64979,64989,10
12.98326015,80.19624329,64989,65000,11
12.9834404,80.19631195,65000,65010,10
12.9832201,80.19647217,65010,65020,10
12.9833498,80.19667816,65020,65030,10
12.98386955,80.19699097,65030,65040,10
12.98449993,80.19734192,65040,65050,10
12.98515987,80.1973114,65050,65060,10
12.98596954,80.19724274,65060,65070,10
12.98674965,80.19737244,65070,65080,10
12.98684978,80.1973877,65080,65097,17
12.98762989,80.19759369,65097,65109,12
12.98851967,80.1978302,65109,65119,10
12.98935032,80.19806671,65119,65129,10
12.9902401,80.19830322,65129,65139,10
12.99094009,80.19846344,65139,65149,10
12.99153996,80.19860077,65149,65159,10
12.99164009,80.19863129,65159,65169,10
12.99180031,80.19870758,65169,65178,9
12.99203014,80.19882202,65178,65190,12
12.99230957,80.19898224,65190,65200,10
12.99256992,80.19915009,65200,65210,10
12.99265957,80.19921875,65210,65220,10
12.99289036,80.19940186,65220,65230,10
12.99314022,80.19962311,65230,65240,10
12.99347019,80.19991302,65240,65250,10
12.9938097,80.2000885,65250,65260,10
12.99444008,80.20027924,65260,65281,21
12.99444008,80.20027924,65281,65291,10
12.99454021,80.20030975,65291,65301,10
12.99472046,80.20034027,65301,65311,10
12.9948597,80.20043182,65311,65321,10
12.99499035,80.20069885,65321,65331,10
12.99501991,80.20108032,65331,65341,10
12.9950304,80.20137787,65341,65351,10
12.99507046,80.20172119,65351,65361,10
12.99510002,80.20211029,65361,65371,10
12.99507999,80.2024765,65371,65388,17
12.99508953,80.20310974,65388,65400,12
12.99505997,80.20340729,65400,65410,10
12.99501038,80.20362091,65410,65420,10
12.99489975,80.20410156,65420,65430,10
12.99479008,80.20456696,65430,65440,10
12.99473,80.20490265,65440,65450,10
12.99473953,80.20513153,65450,65460,10
12.99472046,80.20555878,65460,65469,9
12.99464035,80.2064209,65469,65521,52
12.99464035,80.2064209,65521,65531,10
12.99458981,80.20667267,65531,65541,10
12.99460983,80.20690918,65541,65551,10
12.99475956,80.2070694,65551,65561,10
12.99477005,80.20684814,65561,66198,637
12.99477005,80.20684814,66198,66208,10
12.99458027,80.20671844,66208,66339,131
12.99458027,80.20671844,66339,66350,11
12.99454021,80.20652008,66350,66360,10
12.99456978,80.20626068,66360,66370,10
12.99462986,80.20585632,66370,66380,10
12.99464989,80.20539856,66380,66390,10
12.99464035,80.20503998,66390,66400,10
12.99466991,80.20487213,66400,66410,10
12.99472046,80.20464325,66410,66420,10
12.99475956,80.20443726,66420,66430,10
12.9948597,80.20407104,66430,66440,10
12.99505043,80.20324707,66440,66461,21
12.99505043,80.20324707,66461,66471,10
12.99503994,80.20307922,66471,66487,16
12.99503994,80.20272064,66487,66499,12
12.99507046,80.20233917,66499,66507,8
12.99507999,80.20214844,66507,66519,12
12.99503994,80.201828,66519,66529,10
12.99499035,80.20137787,66529,66570,41
12.99499035,80.20137787,66570,66579,9
12.99499989,80.20101166,66579,66590,11
12.99499989,80.20084381,66590,66600,10
12.9948597,80.20050812,66600,66630,30
12.9948597,80.20050812,66630,66641,11
12.99483013,80.20036316,66641,66651,10
12.99473953,80.20033264,66651,66661,10
12.99454975,80.20033264,66661,66701,40
12.99454975,80.20033264,66701,66711,10
12.99429989,80.20027924,66711,66721,10
12.99405956,80.20018768,66721,66732,11
12.99368954,80.2000885,66732,66742,10
12.9934597,80.19989777,66742,66752,10
12.99312019,80.19962311,66752,66762,10
12.99287033,80.19940186,66762,66772,10
12.99256039,80.1991806,66772,66782,10
12.99217987,80.19896698,66782,66792,10
12.99184036,80.19880676,66792,66802,10
12.99081993,80.19854736,66802,66822,20
12.99081993,80.19854736,66822,66833,11
12.99051952,80.19844818,66833,66843,10
12.98999977,80.19831848,66843,66853,10
12.98935986,80.19814301,66853,66863,10
12.98867035,80.1979599,66863,66873,10
12.98795986,80.19776154,66873,66883,10
12.98719025,80.1975708,66883,66893,10
12.98659992,80.19745636,66893,66923,30
12.98659992,80.19745636,66923,66934,11
12.98639965,80.19741821,66934,67025,91
12.98639965,80.19741821,67025,67035,10
12.98622036,80.19737244,67035,67045,10
12.98569012,80.19730377,67045,67055,10
12.98507023,80.19737244,67055,67065,10
12.9844799,80.19738007,67065,67075,10
12.98400974,80.19714355,67075,67085,10
12.98371029,80.19696045,67085,67095,10
12.9832201,80.1966629,67095,67105,10
12.98291016,80.19658661,67105,67115,10
12.98254967,80.19689941,67115,67126,11
12.98225975,80.1971817,67126,67136,10
12.98213959,80.197052,67136,67146,10
12.98239994,80.19677734,67146,67156,10
12.98276043,80.19635773,67156,67196,40
12.98276043,80.19635773,67196,67206,10
12.98262978,80.19625854,67206,67217,11
12.98217964,80.19603729,67217,67257,40
12.98217964,80.19603729,67257,67267,10
12.98163986,80.19580078,67267,67303,36
12.98163986,80.19580078,67303,67316,13
12.98147011,80.19571686,67316,67326,10
12.98112011,80.19554138,67326,67366,40
12.98079014,80.19534302,67366,67386,20
12.98079014,80.19534302,67386,67396,10
12.98048973,80.19519806,67396,67407,11
12.98007965,80.19497681,67407,67417,10
12.97974014,80.19477081,67417,67427,10
12.97941017,80.19451904,67427,67437,10
12.97896004,80.19422913,67437,67447,10
12.97854042,80.19403839,67447,67457,10
12.97768021,80.19389343,67457,67497,40
12.97768021,80.19389343,67497,67508,11
12.97739983,80.19384003,67508,67518,10
12.97704029,80.19371796,67518,67528,10
12.97669029,80.19354248,67528,67538,10
12.97653961,80.19342804,67538,67548,10
12.97626019,80.19317627,67548,67558,10
12.97585011,80.19288635,67558,67568,10
12.97535992,80.19259644,67568,67578,10
12.97482014,80.19239807,67578,67588,10
12.97451973,80.19228363,67588,67619,31
12.97451973,80.19228363,67619,67629,10
12.97416019,80.19213867,67629,67710,81
12.97416019,80.19213867,67710,67720,10
12.97367001,80.19197845,67720,67730,10
12.97348022,80.19190979,67730,67760,30
12.97348022,80.19190979,67760,67770,10
12.97321987,80.19178009,67770,67780,10
12.97301006,80.19171906,67780,67790,10
12.97286034,80.19165802,67790,67821,31
12.97286034,80.19165802,67821,67831,10
12.97268963,80.19161987,67831,67851,20
12.97268963,80.19161987,67851,67861,10
12.97243023,80.19152069,67861,67871,10
12.97212029,80.19139099,67871,67892,21
12.97212029,80.19139099,67892,67902,10
12.97202015,80.19132233,67902,67912,10
12.97177029,80.19122314,67912,67922,10
12.97152042,80.19109344,67922,67932,10
12.97115993,80.19094086,67932,67952,20
12.97115993,80.19094086,67952,67962,10
12.97087955,80.19081116,67962,67972,10
12.97062969,80.19069672,67972,67982,10
12.97031975,80.19058228,67982,67993,11
12.96990013,80.19039154,67993,68003,10
12.96944046,80.19017029,68003,68013,10
12.96903992,80.18997955,68013,68023,10
12.96866989,80.18981934,68023,68033,10
12.96800995,80.18952179,68033,68063,30
12.96800995,80.18952179,68063,68073,10
12.96776962,80.18942261,68073,68084,11
12.9672699,80.18920135,68084,68094,10
12.96675014,80.18900299,68094,68104,10
12.96619987,80.18878174,68104,68114,10
12.96603966,80.18871307,68114,68124,10
12.96570015,80.18856812,68124,68134,10
12.9653101,80.1884079,68134,68144,10
12.96473026,80.18820953,68144,68164,20
12.96473026,80.18820953,68164,68174,10
12.96461964,80.18816376,68174,68185,11
12.96420002,80.1880188,68185,68195,10
12.96372032,80.18788147,68195,68205,10
12.96321011,80.18773651,68205,68215,10
12.96277046,80.18763733,68215,68225,10
12.96230984,80.18753815,68225,68234,9
12.96177959,80.18746185,68234,68245,11
12.96078968,80.18730927,68245,68265,20
12.96078968,80.18730927,68265,68276,11
12.96065044,80.18728638,68276,68286,10
12.96030998,80.18721771,68286,68296,10
12.95985985,80.18717957,68296,68306,10
12.95950031,80.18717194,68306,68316,10
12.95915031,80.18713379,68316,68326,10
12.95862007,80.18710327,68326,68336,10
12.95806026,80.18711853,68336,68346,10
12.95750046,80.18711853,68346,68356,10
12.9572401,80.1871109,68356,68366,10
12.95689011,80.18710327,68366,68377,11
12.95643997,80.1870575,68377,68407,30
12.95611954,80.18707275,68407,68467,60
12.95611954,80.18707275,68467,68478,11
12.9558897,80.1870575,68478,68538,60
12.9558897,80.1870575,68538,68548,10
12.95555973,80.18697357,68548,68558,10
12.95536995,80.1869278,68558,68569,11
12.95491028,80.18685913,68569,68579,10
12.95421982,80.18675995,68579,68589,10
12.95347023,80.18663788,68589,68599,10
12.95258045,80.18649292,68599,68609,10
12.95164013,80.18623352,68609,68619,10
12.95075035,80.18592072,68619,68629,10
12.94989014,80.1856308,68629,68639,10
12.94927025,80.18544769,68639,68730,91
12.94927025,80.18544769,68730,68740,10
12.94911957,80.18537903,68740,68750,10
12.94876003,80.18525696,68750,68761,11
12.94832039,80.18512726,68761,68771,10
12.94783974,80.18492126,68771,68781,10
12.94736004,80.1845932,68781,68791,10
12.94682026,80.18421173,68791,68801,10
12.94664955,80.18405914,68801,68811,10
12.94655991,80.18398285,68811,68821,10
12.94618988,80.18367767,68821,68831,10
12.94569969,80.1832962,68831,68841,10
12.94505024,80.1831131,68841,68851,10
12.94462013,80.18312836,68851,68872,21
12.94462013,80.18312836,68872,68882,10
12.94445992,80.18312073,68882,68892,10
12.94410992,80.18309021,68892,68902,10
12.94353962,80.1830368,68902,68912,10
12.9428196,80.18302917,68912,68922,10
12.94207954,80.18293762,68922,68932,10
12.94136047,80.18286133,68932,68942,10
12.94069958,80.18283844,68942,68952,10
12.94023991,80.18280792,68952,68961,9
12.93966007,80.18271637,68961,68993,32
12.93966007,80.18271637,68993,69003,10
12.93955994,80.18267822,69003,69013,10
12.93916035,80.18257904,69013,69023,10
12.93894958,80.18253326,69023,69033,10
12.93855,80.18241882,69033,69043,10
12.93793964,80.18232727,69043,69054,11
12.93723965,80.18231201,69054,69064,10
12.93663979,80.18232727,69064,69074,10
12.93601036,80.18240356,69074,69084,10
12.93521023,80.18247223,69084,69114,30
12.93521023,80.18247223,69114,69124,10
12.93488026,80.18241882,69124,69134,10
12.93426991,80.18226624,69134,69144,10
12.93354034,80.18208313,69144,69155,11
12.93264961,80.18187714,69155,69165,10
12.93181038,80.18173218,69165,69175,10
12.93103981,80.18164063,69175,69195,20
12.93103981,80.18164063,69195,69205,10
12.93080044,80.18160248,69205,69215,10
12.93025017,80.18167877,69215,69225,10
12.92961979,80.18183899,69225,69235,10
12.92891026,80.18202209,69235,69246,11
12.92805004,80.18222046,69246,69256,10
12.92728043,80.18241119,69256,69266,10
12.92646027,80.18257904,69266,69276,10
12.92566967,80.18271637,69276,69286,10
12.92496967,80.18283844,69286,69296,10
12.92424965,80.18293762,69296,69306,10
12.92354012,80.18305969,69306,69316,10
12.92294979,80.18315887,69316,69326,10
12.92228031,80.18335724,69326,69336,10
12.92160034,80.18361664,69336,69347,11
12.92070007,80.18398285,69347,69407,60
12.92070007,80.18398285,69407,69417,10
12.92035961,80.18412018,69417,69427,10
12.92012024,80.18370819,69427,69438,11
12.9198904,80.18271637,69438,69468,30
12.9198904,80.18271637,69468,69478,10
12.91987038,80.18263245,69478,69488,10
12.91979027,80.18245697,69488,69498,10
12.91959953,80.18248749,69498,69508,10
12.91946983,80.18222809,69508,69720,212
12.91946983,80.18222809,69720,69731,11
12.91969013,80.18202972,69731,69771,40
12.91969013,80.18202972,69771,69781,10
12.91991043,80.18228149,69781,69791,10
12.92002964,80.18280792,69791,69801,10
12.92022991,80.18360138,69801,69822,21
12.92022991,80.18360138,69822,69832,10
12.92026043,80.18373871,69832,69842,10
12.92031002,80.18393707,69842,69852,10
12.92047977,80.18405151,69852,69862,10
12.92053986,80.18402863,69862,69872,10
12.92082024,80.18390656,69872,69882,10
12.92133999,80.18370056,69882,69892,10
12.92195988,80.18345642,69892,69902,10
12.92263031,80.18321991,69902,69912,10
12.92319012,80.18309784,69912,69923,11
12.92380047,80.18299103,69923,69933,10
12.92446995,80.18286133,69933,69943,10
12.92516041,80.18276215,69943,69953,10
12.92591,80.18264771,69953,69963,10
12.92667007,80.18250275,69963,69973,10
12.92743969,80.18234253,69973,69983,10
12.9281702,80.18216705,69983,69993,10
12.92891026,80.18199921,69993,70003,10
12.92963982,80.18182373,70003,70013,10
12.93043995,80.18161011,70013,70024,11
12.93128014,80.18158722,70024,70034,10
12.93150043,80.18161774,70034,70044,10
12.93159962,80.18166351,70044,70054,10
12.93202019,80.18173981,70054,70064,10
12.93260956,80.18184662,70064,70074,10
12.9332304,80.18199158,70074,70084,10
12.93383026,80.18215179,70084,70094,10
12.93443966,80.18229675,70094,70104,10
12.93492985,80.18241882,70104,70115,11
12.93494034,80.18241882,70115,70125,10
12.9350996,80.18247986,70125,70135,10
12.9355402,80.18251038,70135,70145,10
12.93607998,80.18242645,70145,70155,10
12.93671036,80.18235016,70155,70165,10
12.93731976,80.18232727,70165,70175,10
12.93776035,80.18232727,70175,70185,10
12.93836021,80.18238831,70185,70195,10
12.93890953,80.18247986,70195,70206,11
12.93898964,80.18248749,70206,70216,10
12.93916035,80.18254852,70216,70226,10
12.93931961,80.18261719,70226,70236,10
12.93972015,80.18273163,70236,70246,10
12.94019985,80.18283081,70246,70256,10
12.94079018,80.1828537,70256,70266,10
12.94134045,80.18286896,70266,70276,10
12.94221973,80.18296814,70276,70286,10
12.94297981,80.1830368,70286,70296,10
12.94373989,80.18305206,70296,70307,11
12.94449043,80.18308258,70307,70317,10
12.94460011,80.18308258,70317,70327,10
12.94491959,80.1831131,70327,70337,10
12.94550037,80.18318176,70337,70347,10
12.94608021,80.18357086,70347,70357,10
12.94664955,80.18399048,70357,70367,10
12.94688034,80.1841507,70367,70377,10
12.94711971,80.18435669,70377,70387,10
12.94752026,80.18464661,70387,70397,10
12.94804955,80.18501282,70397,70408,11
12.94880009,80.18527222,70408,70488,80
12.94880009,80.18527222,70488,70498,10
12.94908047,80.18536377,70498,70509,11
12.94950008,80.1855011,70509,70519,10
12.94989967,80.18562317,70519,70529,10
12.95042038,80.18579102,70529,70539,10
12.95104027,80.18599701,70539,70549,10
12.95162964,80.186203,70549,70559,10
12.95226955,80.18637848,70559,70569,10
12.95291996,80.1865387,70569,70579,10
12.95353031,80.18663788,70579,70589,10
12.95403004,80.1867218,70589,70600,11
12.95448971,80.18678284,70600,70660,60
12.95448971,80.18678284,70660,70670,10
12.95479965,80.18681335,70670,70749,79
12.95518017,80.18688202,70749,70800,51
12.95518017,80.18688202,70800,70810,10
12.95555973,80.18697357,70810,70820,10
12.95571995,80.18698883,70820,70830,10
12.95608997,80.18699646,70830,70840,10
12.95613003,80.18701172,70840,70850,10
12.9563303,80.1870575,70850,70860,10
12.95674038,80.18710327,70860,70870,10
12.95711994,80.18713379,70870,70880,10
12.9573698,80.18714142,70880,70891,11
12.95798016,80.18714142,70891,70901,10
12.95860004,80.18714905,70901,70911,10
12.95909023,80.18717194,70911,70921,10
12.95944023,80.18718719,70921,70931,10
12.95971966,80.18720245,70931,70941,10
12.96008015,80.18723297,70941,70951,10
12.96053982,80.18727112,70951,70961,10
12.96107006,80.18734741,70961,70971,10
12.9615202,80.18742371,70971,70981,10
12.96173,80.18747711,70981,70992,11
12.96220016,80.18756104,70992,71002,10
12.96265984,80.18766022,71002,71012,10
12.96313953,80.18773651,71012,71022,10
12.96370983,80.18788147,71022,71032,10
12.96422958,80.18804169,71032,71042,10
12.96469975,80.18818665,71042,71052,10
12.96502972,80.1883316,71052,71062,10
12.96520042,80.18840027,71062,71072,10
12.9654398,80.18850708,71072,71083,11
12.96549034,80.18852997,71083,71093,10
12.96572018,80.18862152,71093,71103,10
12.96611023,80.18878174,71103,71113,10
12.96650982,80.18894196,71113,71123,10
12.96706009,80.18916321,71123,71133,10
12.96765041,80.18939209,71133,71143,10
12.96813011,80.18959808,71143,71153,10
12.96835041,80.18972015,71153,71163,10
12.96844006,80.18978119,71163,71173,10
12.96877003,80.18991852,71173,71184,11
12.96899986,80.19003296,71184,71194,10
12.96938038,80.19020844,71194,71204,10
12.96984005,80.19042206,71204,71214,10
12.97017956,80.19058228,71214,71224,10
12.97047043,80.19071198,71224,71234,10
12.97082996,80.1908493,71234,71244,10
12.97099972,80.19091034,71244,71264,20
12.97099972,80.19091034,71264,71275,11
12.97117043,80.19098663,71275,71285,10
12.97144032,80.1911087,71285,71295,10
12.97185993,80.19129944,71295,71305,10
12.97272015,80.19165802,71305,71325,20
12.97272015,80.19165802,71325,71335,10
12.97286034,80.19171906,71335,71345,10
12.97317982,80.19184113,71345,71355,10
12.97364044,80.19200897,71355,71365,10
12.97404957,80.19216156,71365,71376,11
12.97453976,80.19232941,71376,71386,10
12.97496986,80.19249725,71386,71396,10
12.97548008,80.19270325,71396,71406,10
12.97583008,80.19291687,71406,71416,10
12.97616005,80.19319153,71416,71426,10
12.97653961,80.19342804,71426,71436,10
12.9770298,80.19371796,71436,71446,10
12.97745991,80.19384766,71446,71456,10
12.97787952,80.19393158,71456,71467,11
12.9781599,80.19396973,71467,71477,10
12.97832012,80.19402313,71477,71487,10
12.97867966,80.19413757,71487,71497,10
12.97908974,80.19434357,71497,71507,10
12.97972965,80.19477081,71507,71537,30
12.97992992,80.19490051,71537,71628,91
12.98019028,80.19503784,71628,71689,61
12.98019028,80.19503784,71689,71699,10
12.98052025,80.19525146,71699,71739,40
12.98052025,80.19525146,71739,71755,16
12.9808197,80.19539642,71755,71768,13
12.98085976,80.19541931,71768,71777,9
12.98108006,80.19554138,71777,71837,60
12.98130035,80.19566345,71837,71889,52
12.98130035,80.19566345,71889,71899,10
12.98176003,80.19589233,71899,71909,10
12.98208046,80.19606018,71909,71919,10
12.98219013,80.19611359,71919,71929,10
12.98250961,80.19625854,71929,71939,10
12.9828701,80.19645691,71939,71950,11
12.98326969,80.19628143,71950,71960,10
12.98336029,80.19644165,71960,71970,10
12.98316956,80.19654846,71970,71980,10
12.98338985,80.19676971,71980,71990,10
12.98390961,80.19708252,71990,72000,10
12.9843998,80.19735718,72000,72010,10
12.98499966,80.19740295,72010,72020,10
12.98563004,80.19727325,72020,72030,10
12.98635006,80.19737244,72030,72041,11
12.98725986,80.1975708,72041,72051,10
12.98810959,80.19779205,72051,72061,10
12.98890972,80.19801331,72061,72071,10
12.98980999,80.19825745,72071,72081,10
12.99081039,80.19850159,72081,72091,10
12.99160004,80.19869995,72091,72101,10
12.99174023,80.19875336,72101,72111,10
12.99193954,80.19882965,72111,72121,10
12.99228001,80.19902802,72121,72131,10
12.99262047,80.19924164,72131,72142,11
12.99293995,80.19949341,72142,72152,10
12.99320984,80.19972992,72152,72162,10
12.99347973,80.19991302,72162,72172,10
12.99367046,80.20002747,72172,72182,10
12.9939003,80.20012665,72182,72192,10
12.99421978,80.20027161,72192,72202,10
12.99454975,80.20031738,72202,72233,31
12.99454975,80.20031738,72233,72243,10
12.99468994,80.2003479,72243,72253,10
12.99483967,80.20044708,72253,72263,10
12.99495983,80.20068359,72263,72272,9
12.99497986,80.20101166,72272,72283,11
12.99499035,80.20113373,72283,72293,10
12.99499035,80.20133209,72293,72303,10
12.99499989,80.20159912,72303,72313,10
12.9950304,80.20200348,72313,72324,11
12.9950304,80.20240021,72324,72333,9
12.99499989,80.20266724,72333,72344,11
12.99495983,80.20301819,72344,72364,20
12.99495983,80.20301819,72364,72374,10
12.99503994,80.20329285,72374,72384,10
12.99495029,80.20362854,72384,72394,10
12.99483013,80.20413208,72394,72404,10
12.99472046,80.20462036,72404,72414,10
12.99462986,80.20498657,72414,72424,10
12.99466991,80.20539093,72424,72435,11
12.9946003,80.20610046,72435,72445,10
12.99454021,80.20657349,72445,72455,10
12.99452972,80.20671082,72455,72465,10
12.99460983,80.20690155,72465,72637,172
12.99460983,80.20690155,72637,72647,10
12.99454021,80.20649719,72647,72657,10
12.99456024,80.20629883,72657,72667,10
12.9946003,80.20594025,72667,72677,10
12.99462986,80.20552826,72677,72687,10
12.9946804,80.20513916,72687,72697,10
12.99462032,80.20487213,72697,72707,10
12.99472046,80.20448303,72707,72717,10
12.99483013,80.20400238,72717,72728,11
12.99497986,80.20343018,72728,72738,10
12.99503994,80.20314789,72738,72748,10
12.9949398,80.20301056,72748,72758,10
12.99497986,80.20281982,72758,72768,10
12.99501038,80.20256042,72768,72778,10
12.9950304,80.2022171,72778,72788,10
12.99499989,80.20185852,72788,72798,10
12.99499035,80.20176697,72798,72808,10
12.99497986,80.20146942,72808,72829,21
12.9949398,80.20121002,72829,72849,20
12.9949398,80.20121002,72849,72859,10
12.99495983,80.20095825,72859,72869,10
12.99483967,80.20050812,72869,72900,31
12.99483967,80.20050812,72900,72910,10
12.9946003,80.20036316,72910,72960,50
12.9946003,80.20036316,72960,72970,10
12.99440002,80.2003479,72970,72980,10
12.99417973,80.20028687,72980,72990,10
12.99388027,80.20015717,72990,73000,10
12.99337959,80.19989777,73000,73021,21
12.99337959,80.19989777,73021,73031,10
12.99324036,80.19972229,73031,73041,10
12.99298,80.19950867,73041,73051,10
12.99258995,80.19921112,73051,73061,10
12.99221992,80.19901276,73061,73071,10
12.99201012,80.19889832,73071,73081,10
12.99170971,80.19876099,73081,73091,10
12.99133015,80.19864655,73091,73101,10
12.9909296,80.19856262,73101,73111,10
12.99081993,80.19853973,73111,73122,11
12.99075031,80.19851685,73122,73132,10
12.99048996,80.19844818,73132,73142,10
12.99007034,80.198349,73142,73152,10
12.98950958,80.19819641,73152,73162,10
12.98888969,80.19805145,73162,73172,10
12.98826027,80.19786835,73172,73182,10
12.98760033,80.1977005,73182,73193,11
12.98682022,80.1975174,73193,73203,10
12.98628998,80.19743347,73203,73283,80
12.98628998,80.19743347,73283,73293,10
12.98593998,80.1973114,73293,73304,11
12.98536968,80.19728088,73304,73314,10
12.98478031,80.19741821,73314,73324,10
12.9842701,80.19730377,73324,73334,10
12.98379993,80.19702911,73334,73344,10
12.98326969,80.19673157,73344,73354,10
12.98293972,80.19654083,73354,73364,10
12.98264027,80.19677734,73364,73374,10
12.98227978,80.19712067,73374,73385,11
12.98213005,80.1971817,73385,73395,10
12.9821701,80.19696808,73395,73405,10
12.98248005,80.19667816,73405,73415,10
12.98272991,80.19645691,73415,73425,10
12.98270988,80.19634247,73425,73435,10
12.98246002,80.19621277,73435,73445,10
12.98204994,80.19600677,73445,73461,16
12.98159981,80.19580841,73461,73484,23
12.98159981,80.19580841,73484,73494,10
12.98147011,80.19573212,73494,73504,10
12.98130989,80.19564056,73504,73514,10
12.98112965,80.19554901,73514,73524,10
12.9808197,80.19539642,73524,73534,10
12.98040009,80.19519043,73534,73544,10
12.97992039,80.1949234,73544,73554,10
12.9795599,80.19467926,73554,73565,11
12.97914028,80.19438934,73565,73575,10
12.97871971,80.19416046,73575,73586,11
12.97821045,80.19400024,73586,73596,10
12.97766018,80.19391632,73596,73616,20
12.97766018,80.19391632,73616,73626,10
12.97749996,80.19386292,73626,73636,10
12.97710037,80.19376373,73636,73646,10
12.97663975,80.19354248,73646,73656,10
12.97630978,80.19328308,73656,73666,10
12.97599983,80.19306183,73666,73677,11
12.97556019,80.19274139,73677,73687,10
12.97515011,80.19255066,73687,73697,10
12.97474003,80.19239807,73697,73707,10
12.97436047,80.19223785,73707,73717,10
12.97395992,80.19207764,73717,73727,10
12.97358036,80.19194794,73727,73737,10
12.9732399,80.19181061,73737,73747,10
12.97294044,80.1917038,73747,73757,10
12.9726696,80.19158936,73757,73767,10
12.97204018,80.19133759,73767,73798,31
12.97204018,80.19133759,73798,73808,10
12.97175026,80.19120789,73808,73818,10
12.97126007,80.19100189,73818,73828,10
12.97078991,80.19078827,73828,73838,10
12.97029018,80.19058228,73838,73848,10
12.97002029,80.19045258,73848,73858,10
12.96959019,80.19026947,73858,73869,11
12.96922016,80.19010162,73869,73879,10
12.9689703,80.18997955,73879,73889,10
12.96860027,80.18979645,73889,73899,10
12.96794033,80.18952179,73899,73919,20
12.96794033,80.18952179,73919,73929,10
12.96784019,80.18950653,73929,73939,10
12.96749973,80.18934631,73939,73949,10
12.96700001,80.18914795,73949,73959,10
12.96652031,80.18894196,73959,73970,11
12.96597004,80.18871307,73970,73990,20
12.96597004,80.18871307,73990,74000,10
12.96562958,80.18856812,74000,74010,10
12.96514034,80.18836212,74010,74020,10
12.96479988,80.18824005,74020,74030,10
12.96479988,80.18823242,74030,74040,10
12.96465969,80.18817139,74040,74050,10
12.96434021,80.1880722,74050,74061,11
12.9637804,80.18789673,74061,74071,10
12.96321011,80.18773651,74071,74081,10
12.96273994,80.1876297,74081,74091,10
12.96222019,80.1875,74091,74101,10
12.96170044,80.18740845,74101,74111,10
12.96121025,80.18733978,74111,74121,10
12.96063995,80.18727875,74121,74151,30
12.96063995,80.18727875,74151,74162,11
12.96053028,80.18724823,74162,74172,10
12.96022034,80.18720245,74172,74182,10
12.95979023,80.18717194,74182,74192,10
12.95917034,80.18711853,74192,74202,10
12.95868969,80.18708801,74202,74212,10
12.95818996,80.18710327,74212,74222,10
12.95765972,80.18711853,74222,74232,10
12.95705986,80.18710327,74232,74242,10
12.95602989,80.18702698,74242,74293,51
12.95576,80.18701172,74293,74323,30
12.95576,80.18701172,74323,74333,10
12.95545959,80.18694305,74333,74343,10
12.95514965,80.18688965,74343,74354,11
12.95456982,80.1867981,74354,74364,10
12.95388031,80.18669891,74364,74374,10
12.95312977,80.1865921,74374,74384,10
12.95230961,80.18641663,74384,74394,10
12.95147991,80.186203,74394,74404,10
12.95088959,80.18598938,74404,74414,10
12.95034027,80.18579865,74414,74424,10
12.94937038,80.18547058,74424,74445,21
12.94937038,80.18547058,74445,74455,10
12.94935036,80.18541718,74455,74465,10
12.94902039,80.18533325,74465,74475,10
12.94867992,80.18521881,74475,74485,10
12.94832039,80.185112,74485,74495,10
12.9478302,80.18492889,74495,74505,10
12.94723034,80.18451691,74505,74515,10
12.94666958,80.18411255,74515,74525,10
12.94659042,80.18403625,74525,74535,10
12.94647026,80.18393707,74535,74546,11
12.94604015,80.18360138,74546,74556,10
12.94550037,80.18319702,74556,74566,10
12.94460011,80.18312836,74566,74586,20
12.94460011,80.18312836,74586,74596,10
12.94445038,80.18309784,74596,74606,10
12.94396019,80.18305969,74606,74616,10
12.94334984,80.18302155,74616,74626,10
12.94266987,80.18302155,74626,74637,11
12.94184971,80.18292236,74637,74647,10
12.94122028,80.18283844,74647,74657,10
12.94062042,80.18282318,74657,74667,10
12.94011974,80.18280029,74667,74677,10
12.93943024,80.18264771,74677,74707,30
12.93943024,80.18264771,74707,74717,10
12.93924999,80.18257904,74717,74727,10
12.93894005,80.18251038,74727,74738,11
12.93854046,80.18240356,74738,74748,10
12.93795967,80.18231964,74748,74758,10
12.93735981,80.18229675,74758,74768,10
12.93669987,80.18231964,74768,74778,10
12.93599987,80.18238831,74778,74788,10
12.93533039,80.18247986,74788,74798,10
12.9351902,80.18248749,74798,74808,10
12.93511963,80.18247986,74808,74818,10
12.93476009,80.18240356,74818,74828,10
12.93416023,80.18225861,74828,74839,11
12.93338013,80.18205261,74839,74849,10
12.93260002,80.18186951,74849,74859,10
12.9317503,80.18171692,74859,74869,10
12.93095016,80.181633,74869,74889,20
12.93095016,80.181633,74889,74899,10
12.93060017,80.18161011,74899,74909,10
12.92998981,80.18170929,74909,74919,10
12.92926979,80.18190002,74919,74930,11
12.92844009,80.18209839,74930,74940,10
12.92765045,80.18229675,74940,74950,10
12.9268198,80.18247986,74950,74960,10
12.92595959,80.18264008,74960,74970,10
12.92510986,80.18279266,74970,74980,10
12.92434025,80.1829071,74980,74990,10
12.92356014,80.18305969,74990,75000,10
12.92276955,80.18318939,75000,75010,10
12.92193985,80.18345642,75010,75020,10
12.92115974,80.18376923,75020,75031,11
12.92051983,80.18403625,75031,75041,10
12.92010021,80.18385315,75041,75051,10
12.91996002,80.18315887,75051,75061,10
12.91981983,80.18257904,75061,75081,20
12.91981983,80.18257904,75081,75091,10
12.91973972,80.18244171,75091,75101,10
12.91956043,80.18247986,75101,75111,10
12.91942024,80.18224335,75111,75233,122
12.91942024,80.18224335,75233,75243,10
12.91942978,80.18213654,75243,75253,10
12.91969967,80.18200684,75253,75273,20
12.91969967,80.18200684,75273,75283,10
12.9198904,80.18228912,75283,75293,10
12.9200201,80.18286133,75293,75303,10
12.92016983,80.18344116,75303,75314,11
12.92028999,80.18385315,75314,75344,30
12.92028999,80.18385315,75344,75354,10
12.92031002,80.18398285,75354,75364,10
12.92047977,80.184021,75364,75374,10
12.92088032,80.18385315,75374,75384,10
12.92144012,80.18363953,75384,75394,10
12.92206955,80.18340302,75394,75404,10
12.92275047,80.18318176,75404,75415,11
12.92352009,80.1830368,75415,75425,10
12.92426014,80.18289185,75425,75435,10
12.92494011,80.1827774,75435,75445,10
12.92572021,80.18266296,75445,75455,10
12.92650986,80.18251801,75455,75465,10
12.92728996,80.18235779,75465,75475,10
12.92803955,80.18218994,75475,75485,10
12.9287796,80.18202209,75485,75495,10
12.92949009,80.18183899,75495,75506,11
12.9302702,80.181633,75506,75516,10
12.93103981,80.18154144,75516,75526,10
12.93142033,80.18160248,75526,75536,10
12.93171024,80.18167114,75536,75546,10
12.93229008,80.18177032,75546,75556,10
12.93290043,80.1818924,75556,75566,10
12.93365002,80.18208313,75566,75576,10
12.93435001,80.18225861,75576,75586,10
12.93492031,80.18238831,75586,75596,10
12.93509007,80.18240356,75596,75607,11
12.93535995,80.18244171,75607,75617,10
12.93583965,80.18240356,75617,75627,10
12.93642998,80.18232727,75627,75637,10
12.93702984,80.18229675,75637,75647,10
12.93768024,80.18228912,75647,75657,10
12.93838024,80.18235779,75657,75667,10
12.93892002,80.18244171,75667,75677,10
12.93900967,80.18244171,75677,75687,10
12.93927956,80.18257141,75687,75698,11
12.93953991,80.18264771,75698,75708,10
12.93992996,80.18273926,75708,75718,10
12.94054031,80.18280029,75718,75728,10
12.94122028,80.18282318,75728,75738,10
12.94192028,80.1829071,75738,75748,10
12.94274998,80.18299866,75748,75758,10
12.94355965,80.18302155,75758,75768,10
12.94431973,80.1830368,75768,75778,10
12.94454956,80.1830368,75778,75788,10
12.94476986,80.18308258,75788,75799,11
12.94528961,80.18312073,75799,75809,10
12.94585037,80.18338013,75809,75819,10
12.94639969,80.18382263,75819,75829,10
12.94676018,80.18406677,75829,75839,10
12.94680977,80.18412018,75839,75849,10
12.94690037,80.18422699,75849,75859,10
12.94729042,80.18453979,75859,75869,10
12.94781971,80.18491364,75869,75879,10
12.94845963,80.18518066,75879,75900,21
12.94845963,80.18518066,75900,75910,10
12.9486599,80.18522644,75910,75920,10
12.94913006,80.18536377,75920,75930,10
12.94970036,80.18553925,75930,75940,10
12.95030022,80.18573761,75940,75950,10
12.95092964,80.18595123,75950,75960,10
12.95156002,80.18617249,75960,75970,10
12.9523201,80.18639374,75970,75980,10
12.95300007,80.18654633,75980,75991,11
12.95372009,80.18663788,75991,76001,10
12.95433998,80.18673706,76001,76011,10
12.95503998,80.18683624,76011,76061,50
12.95545006,80.18691254,76061,76092,31
12.95545006,80.18691254,76092,76102,10
12.95608997,80.1869812,76102,76122,20
12.95608997,80.1869812,76122,76132,10
12.95621967,80.18701935,76132,76142,10
12.95664024,80.18704987,76142,76152,10
12.95718002,80.18708801,76152,76162,10
12.95773029,80.1871109,76162,76172,10
12.95831966,80.1871109,76172,76183,11
12.95893002,80.18711853,76183,76193,10
12.95950985,80.18717194,76193,76203,10
12.96006966,80.18721008,76203,76213,10
12.96051979,80.18724823,76213,76223,10
12.96100998,80.18733215,76223,76233,10
12.96148014,80.18737793,76233,76243,10
12.96162987,80.18742371,76243,76253,10
12.96197987,80.18747711,76253,76269,16
12.96286011,80.18765259,76269,76282,13
12.96348,80.18778992,76282,76292,10
12.96395969,80.18795013,76292,76302,10
12.96446037,80.18810272,76302,76312,10
12.96475983,80.18820953,76312,76322,10
12.9651804,80.18836212,76322,76332,10
12.96537018,80.18845367,76332,76342,10
12.96545982,80.18847656,76342,76352,10
12.96564007,80.18855286,76352,76362,10
12.9659996,80.18871307,76362,76373,11
12.96636009,80.18885803,76373,76383,10
12.96687984,80.1890564,76383,76393,10
12.96743011,80.18929291,76393,76403,10
12.96802044,80.18953705,76403,76413,10
12.96829987,80.18965912,76413,76423,10
12.96846962,80.18975067,76423,76433,10
12.96875,80.189888,76433,76443,10
12.96910954,80.19004822,76443,76453,10
12.96955967,80.19026947,76453,76464,11
12.9700098,80.19046783,76464,76474,10
12.97027016,80.1905899,76474,76484,10
12.97070026,80.19077301,76484,76494,10
12.97117043,80.19097137,76494,76504,10
12.97165012,80.19117737,76504,76514,10
12.97204971,80.19136047,76514,76524,10
12.97233009,80.1914978,76524,76534,10
12.9726696,80.19161987,76534,76544,10
12.97270012,80.1916275,76544,76554,10
12.9730196,80.19174957,76554,76565,11
12.97311974,80.19178772,76565,76575,10
12.97321987,80.19184113,76575,76585,10
12.97352028,80.19194794,76585,76595,10
12.97395992,80.19212341,76595,76605,10
12.97437954,80.19226074,76605,76615,10
12.97482014,80.19242096,76615,76625,10
12.97527981,80.19261169,76625,76635,10
12.97572041,80.19286346,76635,76645,10
12.9760704,80.19312286,76645,76686,41
12.9760704,80.19312286,76686,76696,10
12.97628021,80.19326019,76696,76706,10
12.97646999,80.19342041,76706,76726,20
12.97646999,80.19342041,76726,76736,10
12.97669029,80.19354248,76736,76746,10
12.97688961,80.19367218,76746,76757,11
12.97725964,80.19378662,76757,76767,10
12.97764015,80.19387054,76767,76777,10
12.97805977,80.19393921,76777,76787,10
12.97819996,80.19397736,76787,76797,10
12.97852039,80.19407654,76797,76807,10
12.97893047,80.19425964,76807,76817,10
12.97937012,80.19452667,76817,76827,10
12.97970009,80.19477081,76827,76837,10
12.98021984,80.19509888,76837,76847,10
12.98073959,80.19537354,76847,76858,11
12.98101997,80.19548798,76858,76868,10
12.98118973,80.19560242,76868,76878,10
12.9815197,80.19576263,76878,76888,10
12.98194027,80.19599915,76888,76898,10
12.98246002,80.19622803,76898,76908,10
12.98278046,80.19641113,76908,76918,10
12.98303032,80.19638062,76918,76928,10
12.9833498,80.19622803,76928,76938,10
12.98330021,80.19644165,76938,76949,11
12.98314953,80.19658661,76949,76959,10
12.98340988,80.19676971,76959,76969,10
12.98384953,80.19705963,76969,76979,10
12.9843998,80.19734955,76979,76988,9
12.98495007,80.1973877,76988,76999,11
12.98571014,80.197258,76999,77009,10
12.98645973,80.19737244,77009,77019,10
12.9872303,80.19754791,77019,77029,10
12.98799038,80.19773865,77029,77039,10
12.98873997,80.1979599,77039,77050,11
12.98956013,80.19818115,77050,77060,10
12.99032021,80.19837952,77060,77070,10
12.99104977,80.19853973,77070,77080,10
12.99147987,80.1986618,77080,77090,10
12.99158955,80.19870758,77090,77100,10
12.99170017,80.19876099,77100,77110,10
12.99193001,80.19886017,77110,77120,10
12.99221039,80.1989975,77120,77130,10
12.99234009,80.19908142,77130,77141,11
12.99256992,80.19921875,77141,77151,10
12.99279022,80.19937897,77151,77161,10
12.99300003,80.19957733,77161,77171,10
12.99322033,80.19976044,77171,77191,20
12.99322033,80.19976044,77191,77201,10
12.99353027,80.20002747,77201,77211,10
12.99392986,80.20018005,77211,77221,10
12.99427986,80.20030212,77221,77231,10
12.99454975,80.20033264,77231,77242,11
12.99456024,80.20033264,77242,77252,10
12.9946804,80.20036316,77252,77262,10
12.99485016,80.2004776,77262,77272,10
12.99495983,80.200737,77272,77282,10
12.99495983,80.20115662,77282,77291,9
12.99497032,80.20149231,77291,77305,14
12.99501038,80.20205688,77305,77315,10
12.99499989,80.2024231,77315,77325,10
12.99495983,80.20281982,77325,77336,11
12.9950304,80.20317078,77336,77346,10
12.99497032,80.20350647,77346,77356,10
12.9948597,80.20397949,77356,77366,10
12.99473,80.20449066,77366,77376,10
12.99462986,80.20500183,77376,77386,10
12.9946804,80.20526886,77386,77396,10
12.99464035,80.20565796,77396,77406,10
12.99458027,80.20622253,77406,77416,10
12.99454021,80.2067337,77416,77437,21
12.99454021,80.2067337,77437,77447,10
12.99431992,80.20674133,77447,80124,2677
12.99454021,80.2068634,80124,81064,940
12.99433994,80.20687103,81064,84146,3082
12.99433994,80.20687103,84146,84156,10
