12.99789047,80.25682831,16,5027,5011
12.99785042,80.2568512,5027,5644,617
12.99785042,80.2568512,5644,5654,10
12.99804974,80.25692749,5654,19467,13813
12.99810028,80.25686646,19467,19528,61
12.99802017,80.25685883,19528,20416,888
12.99802017,80.25685883,20416,20426,10
12.9979496,80.25705719,20426,20437,11
12.99775982,80.25701904,20437,20447,10
12.99775028,80.25662231,20447,20457,10
12.99771976,80.25630188,20457,20487,30
12.99771976,80.25630188,20487,20497,10
12.99775028,80.25601959,20497,20507,10
12.9975996,80.25592041,20507,20517,10
12.99732971,80.25591278,20517,20527,10
12.99693012,80.25591278,20527,20537,10
12.99658012,80.25588226,20537,20548,11
12.99592972,80.25588226,20548,20558,10
12.99534035,80.25588226,20558,20568,10
12.99466991,80.25591278,20568,20578,10
12.99392033,80.25595856,20578,20588,10
12.99302006,80.25601959,20588,20598,10
12.99199009,80.25605011,20598,20608,10
12.9910202,80.2559967,20608,20618,10
12.99018955,80.25598907,20618,20628,10
12.98921967,80.25595856,20628,20638,10
12.98820019,80.25585938,20638,20649,11
12.98779011,80.25582886,20649,20659,10
12.98762035,80.25614929,20659,20669,10
12.98756027,80.25682831,20669,20679,10
12.98748016,80.25772095,20679,20689,10
12.98742008,80.25856781,20689,20699,10
12.98738956,80.25894928,20699,20709,10
12.98729038,80.2594986,20709,20719,10
12.98707962,80.25956726,20719,20729,10
12.98682976,80.25952148,20729,20739,10
12.98659992,80.25933838,20739,20750,11
12.98682976,80.25910187,20750,20770,20
12.98692036,80.25908661,20770,20800,30
12.98711967,80.25914001,20800,20830,30
12.98711967,80.25914001,20830,20840,10
12.98736,80.2589798,20840,20850,10
12.98740005,80.2585907,20850,20861,11
12.98740959,80.25807953,20861,20871,10
12.98744965,80.25752258,20871,20881,10
12.98752022,80.25676727,20881,20891,10
12.98756981,80.25601196,20891,20901,10
12.9878397,80.25576782,20901,20911,10
12.98841953,80.25582886,20911,20931,20
12.98841953,80.25582886,20931,20941,10
12.98845959,80.25583649,20941,20951,10
12.98880959,80.25588989,20951,20962,11
12.98941994,80.2559433,20962,20972,10
12.99015045,80.25596619,20972,20982,10
12.99083042,80.25598907,20982,20992,10
12.99166965,80.25604248,20992,21002,10
12.99263,80.25605011,21002,21012,10
12.99365044,80.25596619,21012,21022,10
12.99464989,80.25591278,21022,21032,10
12.99555969,80.25588226,21032,21042,10
12.99617958,80.25588989,21042,21052,10
12.99680996,80.25588226,21052,21063,11
12.99726963,80.25588226,21063,21073,10
12.99783993,80.25592041,21073,21083,10
12.9987402,80.2559967,21083,21103,20
12.9987402,80.2559967,21103,21113,10
12.99882984,80.25602722,21113,21123,10
12.99909019,80.25605774,21123,21143,20
12.99909019,80.25605774,21143,21153,10
12.99940968,80.25614166,21153,21163,10
13.0,80.25624847,21163,21174,11
13.00096035,80.25643158,21174,21184,10
13.00191021,80.25657654,21184,21194,10
13.00292969,80.25676727,21194,21204,10
13.00393963,80.25695801,21204,21214,10
13.00492001,80.25713348,21214,21224,10
13.00568008,80.2572403,21224,21234,10
13.00631046,80.25734711,21234,21244,10
13.00658035,80.25714874,21244,21254,10
13.00656033,80.25669861,21254,21263,9
13.0065403,80.25604248,21263,21275,12
13.00652981,80.25489807,21275,21285,10
13.00650978,80.25379181,21285,21295,10
13.00650024,80.25321198,21295,21305,10
13.00650978,80.25302887,21305,21315,10
13.00652027,80.25247955,21315,21325,10
13.00669003,80.25167847,21325,21335,10
13.00677013,80.2507019,21335,21345,10
13.00675964,80.24947357,21345,21355,10
13.00667953,80.24819946,21355,21365,10
13.00664043,80.24751282,21365,21386,21
13.00664043,80.24751282,21386,21396,10
13.00664043,80.24733734,21396,21406,10
13.00662994,80.24684906,21406,21416,10
13.00656986,80.24656677,21416,21426,10
13.00658035,80.24652863,21426,21436,10
13.00666046,80.24611664,21436,21446,10
13.00666046,80.24539948,21446,21456,10
13.00664043,80.24450684,21456,21466,10
13.00662041,80.24368286,21466,21477,11
13.00660038,80.24272156,21477,21487,10
13.00658989,80.24169159,21487,21497,10
13.00666046,80.24079132,21497,21507,10
13.00685024,80.23988342,21507,21517,10
13.00708008,80.23869324,21517,21527,10
13.00730038,80.23767853,21527,21537,10
13.00739956,80.23690796,21537,21547,10
13.00743008,80.23679352,21547,21557,10
13.00747967,80.23657227,21557,21567,10
13.00761986,80.23603821,21567,21577,10
13.00778008,80.23526764,21577,21588,11
13.00796986,80.23426819,21588,21598,10
13.00819969,80.23309326,21598,21608,10
13.00846004,80.23174286,21608,21618,10
13.0087204,80.23033905,21618,21628,10
13.00899029,80.2289505,21628,21638,10
13.00934982,80.22775269,21638,21648,10
13.00988007,80.22657776,21648,21658,10
13.01043987,80.22544861,21658,21668,10
13.01089001,80.22447205,21668,21678,10
13.01134968,80.22341156,21678,21689,11
13.01185989,80.22216797,21689,21699,10
13.01231956,80.22148895,21699,21709,10
13.01264,80.22186279,21709,21719,10
13.01313019,80.22254181,21719,21729,10
13.01381016,80.22331238,21729,21739,10
13.01447964,80.22419739,21739,21749,10
13.01508045,80.22473907,21749,21759,10
13.01548958,80.22496796,21759,21769,10
13.01554012,80.22501373,21769,21779,10
13.01568985,80.22514343,21779,21790,11
13.01605988,80.22531128,21790,21800,10
13.01642036,80.22531128,21800,21810,10
13.0170002,80.22512817,21810,21820,10
13.01780033,80.22483063,21820,21830,10
13.01846981,80.22453308,21830,21840,10
13.01939964,80.22429657,21840,21879,39
13.01939964,80.22429657,21879,21890,11
13.01970959,80.22447968,21890,21901,11
13.02023029,80.22486115,21901,21911,10
13.0209198,80.22537994,21911,21921,10
13.02169991,80.22602081,21921,21931,10
13.0226202,80.22676086,21931,21941,10
13.02353954,80.2276001,21941,21951,10
13.02425003,80.22831726,21951,21961,10
13.0247097,80.22895813,21961,21971,10
13.02534008,80.22982025,21971,21981,10
13.02587986,80.2308197,21981,21991,10
13.02606964,80.23152924,21991,22002,11
13.02630997,80.23238373,22002,22012,10
13.02667999,80.23322296,22012,22022,10
13.02727032,80.23416901,22022,22032,10
13.02781963,80.23513794,22032,22042,10
13.02847004,80.23599243,22042,22052,10
13.0291996,80.23673248,22052,22062,10
13.02968025,80.23725128,22062,22072,10
13.02978992,80.23742676,22072,22082,10
13.0300703,80.23792267,22082,22092,10
13.03046989,80.23864746,22092,22103,11
13.03092003,80.23940277,22103,22113,10
13.03112984,80.23970795,22113,22123,10
13.03133011,80.24006653,22123,22133,10
13.03143978,80.24069214,22133,22143,10
13.03178024,80.24147797,22143,22153,10
13.0322504,80.24230194,22153,22163,10
13.03293991,80.24317932,22163,22173,10
13.03369999,80.24421692,22173,22183,10
13.03446007,80.24523926,22183,22193,10
13.0350399,80.24588013,22193,22204,11
13.0351696,80.24598694,22204,22214,10
13.03563976,80.24613953,22214,22224,10
13.03577995,80.24617767,22224,22234,10
13.03594017,80.24629974,22234,22244,10
13.03656006,80.24643707,22244,22254,10
13.03732014,80.24648285,22254,22264,10
13.03796959,80.246521,22264,22274,10
13.03880024,80.24674988,22274,22284,10
13.03952026,80.24691772,22284,22294,10
13.04039001,80.24706268,22294,22303,9
13.04082966,80.24716187,22303,22315,12
13.04104996,80.24720001,22315,22325,10
13.04162979,80.24732208,22325,22335,10
13.04242039,80.24752808,22335,22345,10
13.04308033,80.24775696,22345,22355,10
13.04380989,80.24784851,22355,22365,10
13.04442024,80.24788666,22365,22375,10
13.04504013,80.24813843,22375,22385,10
13.04574013,80.2483902,22385,22395,10
13.04652023,80.24845123,22395,22405,10
13.04701042,80.24839783,22405,22416,11
13.0472002,80.24848175,22416,22426,10
13.04763031,80.24884033,22426,22436,10
13.04825974,80.2494278,22436,22446,10
13.04897976,80.24967957,22446,22456,10
13.04988003,80.24986267,22456,22466,10
13.05090046,80.25007629,22466,22476,10
13.05183029,80.25048828,22476,22486,10
13.05263042,80.25140381,22486,22496,10
13.05346012,80.25251007,22496,22506,10
13.05428028,80.25363922,22506,22517,11
13.05502987,80.25457764,22517,22527,10
13.05552006,80.25527954,22527,22537,10
13.05607033,80.25602722,22537,22547,10
13.05671978,80.25679016,22547,22567,20
13.05671978,80.25679016,22567,22577,10
13.05692959,80.25702667,22577,22587,10
13.0574398,80.25749207,22587,22597,10
13.05807018,80.25808716,22597,22607,10
13.05867004,80.25887299,22607,22618,11
13.05928993,80.25981903,22618,22628,10
13.06002045,80.26052856,22628,22638,10
13.06064987,80.26122284,22638,22648,10
13.06074047,80.2613678,22648,22658,10
13.06095982,80.26170349,22658,22668,10
13.06144047,80.2621994,22668,22678,10
13.06198025,80.26293182,22678,22688,10
13.06266975,80.26376343,22688,22698,10
13.06324959,80.26435089,22698,22708,10
13.06336021,80.26455688,22708,22718,10
13.06365013,80.26508331,22718,22729,11
13.06422043,80.26586914,22729,22739,10
13.06484985,80.26663208,22739,22749,10
13.06550026,80.26721191,22749,22759,10
13.06610966,80.26793671,22759,22769,10
13.06702995,80.26856995,22769,22789,20
13.06702995,80.26856995,22789,22799,10
13.06709003,80.26860809,22799,22809,10
13.06750965,80.26891327,22809,22819,10
13.06807041,80.26927185,22819,22830,11
13.06838989,80.26924133,22830,22840,10
13.06844997,80.26875305,22840,22850,10
13.06873035,80.26805115,22850,22860,10
13.06908989,80.26718903,22860,22870,10
13.06978989,80.26647186,22870,22880,10
13.07040024,80.26583862,22880,22890,10
13.07044029,80.26579285,22890,22899,9
13.07050037,80.26571655,22899,22910,11
13.07091045,80.26529694,22910,22920,10
13.07149982,80.26470184,22920,22931,11
13.07223034,80.26386261,22931,22941,10
13.07254982,80.2631073,22941,22951,10
13.07268047,80.26270294,22951,22961,10
13.07283974,80.26223755,22961,22971,10
13.07293987,80.26193237,22971,22981,10
13.07303047,80.26171875,22981,22991,10
13.07314014,80.2612381,22991,23001,10
13.07328033,80.26114655,23001,23011,10
13.07359028,80.26145935,23011,23021,10
13.07409,80.26206207,23021,23032,11
13.07470036,80.26281738,23032,23042,10
13.07518005,80.26348877,23042,23052,10
13.07577991,80.26422882,23052,23062,10
13.07662964,80.26416779,23062,23102,40
13.07662964,80.26416779,23102,23112,10
13.07695961,80.26409912,23112,23122,10
13.07740974,80.26396942,23122,23132,10
13.07787037,80.26361847,23132,23143,11
13.0781002,80.26325226,23143,23153,10
13.07791996,80.26273346,23153,23163,10
13.07775021,80.26216888,23163,23173,10
13.07759953,80.26177979,23173,23183,10
13.07748032,80.26146698,23183,23213,30
13.07748032,80.26146698,23213,23223,10
13.07742023,80.26117706,23223,23233,10
13.07730961,80.26087952,23233,23254,21
13.07730961,80.26087952,23254,23264,10
13.07728958,80.26081848,23264,23274,10
13.07711029,80.26055145,23274,23284,10
13.07678032,80.26024628,23284,23293,9
13.07645035,80.25994873,23293,23304,11
13.07590008,80.25949097,23304,23314,10
13.07561016,80.25887299,23314,23324,10
13.07557964,80.25878143,23324,23333,9
13.07553005,80.25858307,23333,23345,12
13.07544994,80.25829315,23345,23355,10
13.07559013,80.2580719,23355,23365,10
13.07598972,80.25773621,23365,23375,10
13.07643032,80.25733948,23375,23385,10
13.07701015,80.25689697,23385,23395,10
13.07775021,80.25668335,23395,23405,10
13.07874012,80.25660706,23405,23415,10
13.07907963,80.25637817,23415,23425,10
13.07903004,80.25579834,23425,23435,10
13.07892036,80.25489807,23435,23445,10
13.07929039,80.25454712,23445,23456,11
13.07979965,80.2545929,23456,23466,10
13.08006001,80.25463104,23466,23476,10
13.08069038,80.25473022,23476,23486,10
13.0813303,80.25478363,23486,23496,10
13.08174992,80.25437927,23496,23506,10
13.08183956,80.25379181,23506,23516,10
13.08187962,80.25308228,23516,23526,10
13.08152008,80.25238037,23526,23536,10
13.08139992,80.25164032,23536,23546,10
13.08137989,80.25105286,23546,23557,11
13.08137035,80.25054169,23557,23567,10
13.08131981,80.24983978,23567,23577,10
13.08181953,80.24967194,23577,23587,10
13.08261967,80.24978638,23587,23597,10
13.08347034,80.24994659,23597,23607,10
13.08430004,80.25007629,23607,23617,10
13.08469009,80.25013733,23617,23627,10
13.0850296,80.25021362,23627,23637,10
13.08559036,80.25028992,23637,23647,10
13.08586025,80.25,23647,23658,11
13.08586979,80.24913788,23658,23668,10
13.08582973,80.24822998,23668,23678,10
13.08582973,80.24717712,23678,23688,10
13.08578014,80.24629211,23688,23698,10
13.08567047,80.24533844,23698,23759,61
13.08567047,80.24533844,23759,23769,10
13.08572006,80.24516296,23769,23779,10
13.08611012,80.24485779,23779,23789,10
13.08673954,80.24433899,23789,23799,10
13.08749962,80.24371338,23799,23809,10
13.08786011,80.24298096,23809,23819,10
13.08806992,80.24217224,23819,23829,10
13.08887005,80.24156952,23829,23839,10
13.08969975,80.24101257,23839,23849,10
13.09068012,80.24082184,23849,23859,10
13.09167957,80.24085999,23859,23870,11
13.09247017,80.24089813,23870,23880,10
13.09304047,80.24093628,23880,23890,10
13.09387016,80.24108887,23890,23900,10
13.0943203,80.2411499,23900,23910,10
13.09440041,80.2411499,23910,23920,10
13.09484959,80.24124908,23920,23930,10
13.09558964,80.24144745,23930,23940,10
13.09638023,80.24172974,23940,23950,10
13.09702015,80.24199677,23950,23971,21
13.09702015,80.24199677,23971,23981,10
13.09729958,80.24207306,23981,23991,10
13.09768963,80.2421875,23991,24001,10
13.09858036,80.24228668,24001,24021,20
13.09858036,80.24228668,24021,24031,10
13.09875011,80.24214935,24031,24041,10
13.09877014,80.24186707,24041,24051,10
13.09852982,80.24185944,24051,24060,9
13.09852982,80.24211121,24060,24788,728
13.09852982,80.24211121,24788,24798,10
13.09825039,80.24234772,24798,24809,11
13.09774017,80.24224854,24809,24819,10
13.09727955,80.24211884,24819,24829,10
13.09667969,80.24192047,24829,24839,10
13.09603024,80.24175262,24839,24849,10
13.09539032,80.24150848,24849,24859,10
13.0948801,80.24134064,24859,24869,10
13.09451962,80.24124908,24869,24879,10
13.09364033,80.2410965,24879,24899,20
13.09364033,80.2410965,24899,24910,11
13.09344006,80.24105072,24910,24920,10
13.09309959,80.24098969,24920,24930,10
13.09253979,80.24092102,24930,24940,10
13.0919199,80.24089813,24940,24950,10
13.09107018,80.24086761,24950,24960,10
13.09010983,80.24089813,24960,24970,10
13.08928967,80.24131012,24970,24980,10
13.08864975,80.24176025,24980,24990,10
13.08804035,80.24234009,24990,24999,9
13.08786964,80.24302673,24999,25011,12
13.08778,80.24337769,25011,25021,10
13.08734989,80.24388123,25021,25031,10
13.08670998,80.24442291,25031,25041,10
13.08603001,80.24497223,25041,25051,10
13.08561993,80.24558258,25051,25061,10
13.08568954,80.24640656,25061,25071,10
13.08570957,80.24674225,25071,25081,10
13.08568954,80.24700928,25081,25091,10
13.08578014,80.24764252,25091,25101,10
13.08580971,80.24851227,25101,25111,10
13.08586025,80.24951172,25111,25122,11
13.08590031,80.25041962,25122,25132,10
13.0858202,80.2511673,25132,25142,10
13.08570004,80.2519989,25142,25152,10
13.08563995,80.25283813,25152,25162,10
13.08557034,80.25350189,25162,25172,10
13.08563995,80.25418091,25172,25182,10
13.08563995,80.25463867,25182,25192,10
13.08537006,80.25467682,25192,25201,9
13.08479977,80.25466919,25201,25212,11
13.0841198,80.2545929,25212,25233,21
13.0841198,80.2545929,25233,25243,10
13.0839901,80.25456238,25243,25253,10
13.08347988,80.25453949,25253,25263,10
13.08271027,80.25449371,25263,25273,10
13.0822401,80.25449371,25273,25283,10
13.08160019,80.25479889,25283,25293,10
13.08106041,80.25482178,25293,25303,10
13.08088017,80.25479889,25303,25313,10
13.08038044,80.25475311,25313,25324,11
13.07938957,80.25463104,25324,25374,50
13.07938957,80.25463104,25374,25384,10
13.07931042,80.2545929,25384,25394,10
13.07898045,80.25476837,25394,25404,10
13.07903004,80.25538635,25404,25414,10
13.07907009,80.25627899,25414,25424,10
13.07886028,80.25666046,25424,25435,11
13.0782299,80.25663757,25435,25445,10
13.0776701,80.25669098,25445,25455,10
13.07709026,80.25685883,25455,25465,10
13.07647991,80.25731659,25465,25475,10
13.07583046,80.25795746,25475,25485,10
13.07549953,80.25840759,25485,25495,10
13.07569027,80.25907898,25495,25505,10
13.07573032,80.25924683,25505,25515,10
13.07588959,80.25946045,25515,25525,10
13.07621956,80.25978851,25525,25556,31
13.07621956,80.25978851,25556,25566,10
13.07653999,80.26000977,25566,25576,10
13.07654953,80.2600174,25576,25586,10
13.07670021,80.26020813,25586,25596,10
13.07688046,80.26038361,25596,25606,10
13.07715988,80.26062012,25606,25616,10
13.07732964,80.26098633,25616,25626,10
13.07761002,80.26171875,25626,25647,21
13.07761002,80.26171875,25647,25657,10
13.07767963,80.26197815,25657,25737,80
13.07767963,80.26197815,25737,25748,11
13.07777977,80.26233673,25748,25758,10
13.07785034,80.26251984,25758,25768,10
13.07791042,80.26277161,25768,25778,10
13.0780201,80.26312256,25778,25788,10
13.07816982,80.26339722,25788,25798,10
13.0777998,80.26367188,25798,25808,10
13.07740021,80.26396179,25808,25818,10
13.07693958,80.26409912,25818,25828,10
13.07649994,80.26416779,25828,25838,10
13.0759201,80.26422882,25838,25849,11
13.07557011,80.26399994,25849,25859,10
13.07516003,80.26338959,25859,25869,10
13.07460022,80.26265717,25869,25879,10
13.07402039,80.26191711,25879,25889,10
13.07376003,80.26158905,25889,25899,10
13.07371044,80.26152802,25899,25909,10
13.07334995,80.26136017,25909,25919,10
13.07299042,80.26177216,25919,25929,10
13.07277012,80.26245117,25929,25938,9
13.07268047,80.26293945,25938,25950,12
13.07231998,80.26357269,25950,25960,10
13.07192039,80.26419067,25960,25970,10
13.07155037,80.26464081,25970,25980,10
13.07153988,80.2646637,25980,25990,10
13.07135963,80.26487732,25990,26000,10
13.07094002,80.26528168,26000,26010,10
13.07036972,80.26587677,26010,26020,10
13.06970024,80.26656342,26020,26030,10
13.06900978,80.26730347,26030,26039,9
13.06877041,80.26805115,26039,26050,11
13.06851959,80.26883698,26050,26061,11
13.0683403,80.26963806,26061,26071,10
13.06820965,80.27049255,26071,26081,10
13.06791019,80.27097321,26081,26091,10
13.06737995,80.27050018,26091,26101,10
13.06719017,80.27030182,26101,26111,10
13.06709957,80.27020264,26111,26121,10
13.0667696,80.26985931,26121,26131,10
13.06651974,80.2691803,26131,26141,10
13.06628036,80.2682724,26141,26151,10
13.06519985,80.26754761,26151,26172,21
13.06519985,80.26754761,26172,26182,10
13.06488991,80.26750183,26182,26192,10
13.06435013,80.26743317,26192,26202,10
13.06355,80.26722717,26202,26212,10
13.06276035,80.26708984,26212,26222,10
13.06215954,80.2664032,26222,26232,10
13.06153011,80.26564789,26232,26242,10
13.06093979,80.26513672,26242,26252,10
13.06044006,80.26544189,26252,26263,11
13.06042004,80.26544189,26263,26273,10
13.06007004,80.26554871,26273,26283,10
13.05947018,80.26554108,26283,26293,10
13.05863953,80.26544189,26293,26303,10
13.0581398,80.26477051,26303,26313,10
13.05799961,80.26367188,26313,26323,10
13.05786991,80.26239777,26323,26333,10
13.05764008,80.26119995,26333,26343,10
13.05731964,80.26011658,26343,26353,10
13.05694008,80.2589035,26353,26363,10
13.05667019,80.2578125,26363,26374,11
13.05655956,80.2572937,26374,26384,10
13.05653,80.25720215,26384,26394,10
13.05648041,80.25708008,26394,26404,10
13.05640984,80.25670624,26404,26414,10
13.05618,80.25617218,26414,26424,10
13.05568981,80.25547028,26424,26434,10
13.05510044,80.25463867,26434,26444,10
13.05447006,80.25383759,26444,26454,10
13.05426025,80.25354004,26454,26464,10
13.05416965,80.25340271,26464,26475,11
13.05381012,80.25289154,26475,26485,10
13.05331993,80.25221252,26485,26495,10
13.05280018,80.25148773,26495,26505,10
13.05231953,80.2508316,26505,26515,10
13.05163956,80.25023651,26515,26525,10
13.05060959,80.24992371,26525,26535,10
13.04936981,80.24973297,26535,26545,10
13.04833031,80.24948883,26545,26555,10
13.04749966,80.24880219,26555,26565,10
13.04699039,80.24855804,26565,26576,11
13.04687977,80.24855804,26576,26586,10
13.04640961,80.24851227,26586,26596,10
13.04570007,80.24833679,26596,26606,10
13.04512978,80.24810028,26606,26616,10
13.04432964,80.24797058,26616,26626,10
13.04343987,80.24781799,26626,26636,10
13.04246044,80.24759674,26636,26646,10
13.04172993,80.2474823,26646,26656,10
13.04168034,80.24745941,26656,26666,10
13.0414896,80.24739838,26666,26677,11
13.04084969,80.24726105,26677,26687,10
13.04016972,80.24713898,26687,26697,10
13.03987026,80.2470932,26697,26707,10
13.03948021,80.24697876,26707,26717,10
13.03890991,80.24685669,26717,26727,10
13.03845978,80.24677277,26727,26737,10
13.03810978,80.24671173,26737,26747,10
13.03754044,80.24662018,26747,26757,10
13.03697968,80.246521,26757,26767,10
13.03633022,80.2463913,26767,26777,10
13.03582954,80.24623871,26777,26788,11
13.03540039,80.24604797,26788,26808,20
13.03540039,80.24604797,26808,26818,10
13.03522015,80.24594879,26818,26828,10
13.03485012,80.24568939,26828,26838,10
13.03468037,80.24549103,26838,26848,10
13.0343504,80.24491119,26848,26858,10
13.03380966,80.24436188,26858,26868,10
13.03314018,80.24349976,26868,26878,10
13.0324297,80.24250031,26878,26889,11
13.03174973,80.24134827,26889,26899,10
13.03143978,80.24066162,26899,26909,10
13.03143024,80.24059296,26909,26919,10
13.03139973,80.24043274,26919,26929,10
13.03127956,80.24018097,26929,26939,10
13.03110981,80.2397995,26939,26949,10
13.0307703,80.23915863,26949,26959,10
13.03030968,80.23834991,26959,26969,10
13.02980042,80.23748779,26969,26979,10
13.02923965,80.23683167,26979,26990,11
13.02914047,80.236763,26990,27000,10
13.02886009,80.23648071,27000,27010,10
13.02840042,80.23596191,27010,27020,10
13.02787971,80.2352829,27020,27030,10
13.02737999,80.23442841,27030,27040,10
13.02694988,80.23370361,27040,27050,10
13.02684021,80.23348236,27050,27060,10
13.02659988,80.23306274,27060,27070,10
13.02635002,80.23248291,27070,27079,9
13.02626038,80.23204041,27079,27091,12
13.02610016,80.23149872,27091,27101,10
13.02595043,80.23085022,27101,27111,10
13.02552986,80.2300415,27111,27121,10
13.02488041,80.22926331,27121,27131,10
13.02431011,80.22856903,27131,27141,10
13.02398968,80.22823334,27141,27151,10
13.02398968,80.22821808,27151,27161,10
13.02381992,80.22795105,27161,27171,10
13.02334976,80.2275238,27171,27180,9
13.02280998,80.2269516,27180,27191,11
13.02210045,80.22628021,27191,27202,11
13.02122974,80.22563171,27202,27212,10
13.0205698,80.22515106,27212,27222,10
13.02027988,80.22496796,27222,27232,10
13.01992035,80.22473145,27232,27242,10
13.01933956,80.22447205,27242,27252,10
13.01887989,80.22447205,27252,27262,10
13.01860046,80.22454834,27262,27272,10
13.01836967,80.22464752,27272,27282,10
13.01788044,80.22485352,27282,27292,10
13.01714039,80.22518158,27292,27303,11
13.01628017,80.22557068,27303,27313,10
13.01556969,80.22577667,27313,27323,10
13.01473999,80.22608948,27323,27333,10
13.01420975,80.22631073,27333,27343,10
13.01414013,80.22634125,27343,27353,10
13.01371002,80.22650146,27353,27363,10
13.01303005,80.22675323,27363,27373,10
13.01214981,80.22708893,27373,27383,10
13.01109982,80.2275238,27383,27393,10
13.00994015,80.22798157,27393,27404,11
13.00909042,80.2288208,27404,27414,10
13.00885963,80.22998047,27414,27424,10
13.00858974,80.23120117,27424,27434,10
13.00835037,80.23252869,27434,27444,10
13.00829029,80.23316956,27444,27454,10
13.00825977,80.2334671,27454,27464,10
13.00825024,80.23352051,27464,27474,10
13.00819016,80.2337265,27474,27484,10
13.00806046,80.23419952,27484,27494,10
13.00790024,80.2349472,27494,27504,10
13.00769997,80.23594666,27504,27515,11
13.00745964,80.23719025,27515,27525,10
13.00726986,80.23822784,27525,27535,10
13.00708961,80.23899078,27535,27545,10
13.00691032,80.23989868,27545,27595,50
13.00691032,80.23989868,27595,27605,10
13.00697041,80.24009705,27605,27616,11
13.00687027,80.24066162,27616,27636,20
13.00687027,80.24066162,27636,27646,10
13.00677967,80.24095917,27646,27656,10
13.00675964,80.24165344,27656,27666,10
13.00675011,80.24246979,27666,27676,10
13.00671959,80.24330139,27676,27686,10
13.00669956,80.24429321,27686,27696,10
13.00671005,80.24536896,27696,27705,9
13.00675011,80.24627686,27705,27717,12
13.00677967,80.24716187,27717,27727,10
13.00673008,80.24774933,27727,27737,10
13.00677967,80.2485199,27737,27747,10
13.00679016,80.248703,27747,27757,10
13.0067997,80.24915314,27757,27767,10
13.00683022,80.24993896,27767,27777,10
13.00683975,80.25125885,27777,27828,51
13.00683975,80.25125885,27828,27838,10
13.00673962,80.25166321,27838,27848,10
13.00658035,80.25219727,27848,27858,10
13.00652981,80.25315094,27858,27868,10
13.00654984,80.2542572,27868,27878,10
13.00662041,80.25514221,27878,27888,10
13.00662041,80.25531006,27888,27898,10
13.00660992,80.25582123,27898,27908,10
13.00660992,80.25653839,27908,27918,10
13.00666046,80.25710297,27918,27929,11
13.00673008,80.25743866,27929,27939,10
13.00621986,80.25752258,27939,27949,10
13.00545025,80.25730896,27949,27959,10
13.00440979,80.25708771,27959,27969,10
13.00345039,80.25686646,27969,27979,10
13.00261974,80.25669861,27979,27989,10
13.00193977,80.25657654,27989,27999,10
13.00150967,80.25655365,27999,28040,41
13.00150967,80.25655365,28040,28050,10
13.00133038,80.25656891,28050,28060,10
13.00088024,80.25647736,28060,28070,10
13.0001297,80.25634003,28070,28080,10
12.99930954,80.25615692,28080,28090,10
12.9985199,80.25605774,28090,28119,29
12.9985199,80.25605774,28119,28130,11
12.99833012,80.25608063,28130,28141,11
12.99806023,80.25596619,28141,28151,10
12.99765015,80.25589752,28151,28161,10
12.99709034,80.25589752,28161,28171,10
12.9966898,80.25585938,28171,28181,10
12.99625969,80.25588226,28181,28211,30
12.99625969,80.25588226,28211,28221,10
12.99610043,80.25588989,28221,28231,10
12.99571037,80.25588226,28231,28242,11
12.99501038,80.25591278,28242,28252,10
12.99409962,80.25596619,28252,28262,10
12.99300957,80.25604248,28262,28272,10
12.99193001,80.256073,28272,28282,10
12.99108028,80.25602722,28282,28292,10
12.99026012,80.25601959,28292,28302,10
12.98948002,80.2559967,28302,28312,10
12.98855972,80.25592804,28312,28353,41
12.98855972,80.25592804,28353,28363,10
12.98836994,80.25588989,28363,28373,10
12.98803043,80.25582886,28373,28383,10
12.98764038,80.25601959,28383,28393,10
12.98758984,80.25678253,28393,28403,10
12.98752022,80.25773621,28403,28413,10
12.98731995,80.2592926,28413,28444,31
12.98731995,80.2592926,28444,28454,10
12.98727989,80.25942993,28454,28464,10
12.98717976,80.25955963,28464,28474,10
12.98703003,80.25952148,28474,28484,10
12.98678017,80.25946045,28484,28494,10
12.98670959,80.25942993,28494,28504,10
12.98674965,80.25904846,28504,28666,162
12.98668957,80.25926971,28666,29049,383
12.98661995,80.25914001,29049,30069,1020
12.98661995,80.25914001,30069,30079,10
12.98696995,80.25914001,30079,30109,30
12.98696995,80.25914001,30109,30119,10
12.98736,80.25904846,30119,30130,11
12.98740005,80.25846863,30130,30140,10
12.98742008,80.25818634,30140,30150,10
12.98746014,80.25769806,30150,30160,10
12.98750019,80.25702667,30160,30170,10
12.98754025,80.25679016,30170,30180,10
12.98760033,80.25589752,30180,30261,81
12.98760033,80.25589752,30261,30271,10
12.98762989,80.25585938,30271,30281,10
12.98789978,80.25576782,30281,30291,10
12.98830032,80.25582886,30291,30301,10
12.98878002,80.25588989,30301,30321,20
12.98878002,80.25588989,30321,30331,10
12.9890604,80.2559433,30331,30342,11
12.98966026,80.2559967,30342,30352,10
12.99034977,80.25601959,30352,30362,10
12.99083996,80.25602722,30362,30372,10
12.99155998,80.25605774,30372,30382,10
12.99256992,80.256073,30382,30392,10
12.99363041,80.25598145,30392,30402,10
12.99460983,80.25592041,30402,30412,10
12.99553013,80.25585938,30412,30422,10
12.99615955,80.255867,30422,30431,9
12.99672031,80.25585938,30431,30443,12
12.99742031,80.25588989,30443,30453,10
12.99796009,80.25592041,30453,30463,10
12.99860954,80.25601196,30463,30473,10
12.99890041,80.25605774,30473,30483,10
12.99897957,80.256073,30483,30493,10
12.99934959,80.25614166,30493,30503,10
12.99995041,80.25627136,30503,30513,10
13.00072956,80.25639343,30513,30523,10
13.00150013,80.25653076,30523,30533,10
13.00230026,80.25666809,30533,30543,10
13.00319958,80.25684357,30543,30556,13
13.00417042,80.25701904,30556,30566,10
13.00477982,80.25714111,30566,30576,10
13.00555992,80.25724792,30576,30586,10
13.00597954,80.25730133,30586,30596,10
13.00646019,80.25737,30596,30605,9
13.00652981,80.25692749,30605,30616,11
13.00646973,80.256073,30616,30626,10
13.00652027,80.25502014,30626,30636,10
13.00650978,80.25386047,30636,30646,10
13.00648975,80.2531662,30646,30657,11
13.00650024,80.25305176,30657,30667,10
13.00652981,80.25253296,30667,30677,10
13.00664997,80.25182343,30677,30758,81
13.00664997,80.25182343,30758,30768,10
13.00677967,80.2515564,30768,30779,11
13.00683022,80.2509613,30779,30789,10
13.00681019,80.25012207,30789,30799,10
13.00677013,80.2490387,30799,30809,10
13.00667,80.24806976,30809,30819,10
13.00667,80.24723816,30819,30829,10
13.00658989,80.24653625,30829,30839,10
13.00660992,80.24645996,30839,30849,10
13.00666046,80.24629211,30849,30859,10
13.00664997,80.24569702,30859,30870,11
13.00664043,80.24481964,30870,30880,10
13.00662994,80.24417877,30880,30890,10
13.00660992,80.24359131,30890,30900,10
13.00658035,80.24295807,30900,30910,10
13.00658035,80.24212646,30910,30920,10
13.00662041,80.24115753,30920,30930,10
13.00671959,80.2405014,30930,30940,10
13.00681973,80.23999786,30940,30950,10
13.00702953,80.23915863,30950,30960,10
13.00718021,80.23819733,30960,30971,11
13.00736046,80.23738098,30971,30981,10
13.00743008,80.23677826,30981,30991,10
13.00743008,80.23674774,30991,31001,10
13.00749016,80.23652649,31001,31011,10
13.00761986,80.23602295,31011,31021,10
13.00776958,80.23532104,31021,31031,10
13.00794029,80.23445129,31031,31040,9
13.0081501,80.23352814,31040,31052,12
13.00846004,80.23200226,31052,31062,10
13.0087204,80.23059845,31062,31073,11
13.00901985,80.22904205,31073,31083,10
13.00942039,80.22769928,31083,31093,10
13.00992966,80.22657776,31093,31103,10
13.01033974,80.22579956,31103,31113,10
13.01064014,80.22524261,31113,31123,10
13.01086998,80.22470856,31123,31133,10
13.01117992,80.22396851,31133,31143,10
13.01134968,80.22353363,31143,31153,10
13.01134968,80.22351837,31153,31163,10
13.01148987,80.22315979,31163,31173,10
13.01167011,80.22257233,31173,31184,11
13.01200008,80.22171021,31184,31194,10
13.01235962,80.22161102,31194,31204,10
13.01268005,80.22205353,31204,31214,10
13.01317978,80.22255707,31214,31224,10
13.01373005,80.22316742,31224,31234,10
13.01416969,80.22357178,31234,31244,10
13.01453972,80.22396851,31244,31254,10
13.01513958,80.22467041,31254,31274,20
13.01513958,80.22467041,31274,31285,11
13.0153904,80.22492218,31285,31295,10
13.01558971,80.22506714,31295,31315,20
13.01558971,80.22506714,31315,31325,10
13.01574039,80.22524261,31325,31335,10
13.01613998,80.22534943,31335,31345,10
13.01671982,80.22525024,31345,31355,10
13.01731968,80.22502136,31355,31365,10
13.01791,80.22477722,31365,31375,10
13.01846027,80.22454834,31375,31384,9
13.01935005,80.22429657,31384,31416,32
13.01935005,80.22429657,31416,31426,10
13.01949978,80.22428131,31426,31436,10
13.01976967,80.22445679,31436,31446,10
13.02017021,80.22480011,31446,31456,10
13.02071953,80.2252121,31456,31466,10
13.02110004,80.22550964,31466,31476,10
13.02153969,80.22586823,31476,31486,10
13.02208042,80.22628021,31486,31497,11
13.02258968,80.22672272,31497,31507,10
13.0230999,80.22718811,31507,31517,10
13.02357006,80.22763062,31517,31527,10
13.02406025,80.22808838,31527,31537,10
13.02453041,80.2286911,31537,31547,10
13.02486992,80.22917938,31547,31557,10
13.02490044,80.22920227,31557,31567,10
13.02513981,80.22949982,31567,31577,10
13.02552032,80.23001862,31577,31587,10
13.02577972,80.23040771,31587,31598,11
13.02589035,80.23068237,31598,31608,10
13.02595997,80.23091888,31608,31618,10
13.02602005,80.23129272,31618,31628,10
13.02616978,80.23182678,31628,31638,10
13.02639008,80.23258209,31638,31648,10
13.02682018,80.2334137,31648,31658,10
13.02737045,80.23430634,31658,31668,10
13.02789021,80.23523712,31668,31678,10
13.02861977,80.23612213,31678,31690,12
13.02935028,80.23690796,31690,31701,11
13.02958965,80.23722076,31701,31711,10
13.02960014,80.23731995,31711,31721,10
13.02985954,80.23770142,31721,31731,10
13.03013992,80.2381134,31731,31739,8
13.03038025,80.23854828,31739,31751,12
13.03081989,80.23927307,31751,31771,20
13.03092957,80.23943329,31771,31801,30
13.03092957,80.23943329,31801,31812,11
13.03108025,80.23966217,31812,31822,10
13.03118992,80.23989105,31822,31832,10
13.03137016,80.24015045,31832,31842,10
13.03145027,80.24075317,31842,31852,10
13.03170967,80.24131012,31852,31862,10
13.03197002,80.24188232,31862,31872,10
13.03248978,80.24252319,31872,31882,10
13.03304005,80.24330902,31882,31892,10
13.03361988,80.24407196,31892,31901,9
13.03409958,80.24475861,31901,31913,12
13.03477001,80.24558258,31913,31923,10
13.03579998,80.24617004,31923,31953,30
13.03579998,80.24617004,31953,31963,10
13.03606033,80.24619293,31963,31973,10
13.03666019,80.24636078,31973,31983,10
13.03736019,80.2463913,31983,31993,10
13.03806019,80.24649811,31993,32003,10
13.03872013,80.24671173,32003,32084,81
13.03872013,80.24671173,32084,32094,10
13.03901005,80.24697113,32094,32104,10
13.03936958,80.24700165,32104,32114,10
13.03966045,80.24701691,32114,32125,11
13.04024029,80.24710846,32125,32135,10
13.0407896,80.24720764,32135,32145,10
13.04082012,80.2472229,32145,32155,10
13.04102993,80.24723816,32155,32165,10
13.04156017,80.24733734,32165,32175,10
13.04189014,80.24736786,32175,32185,10
13.04230022,80.24748993,32185,32195,10
13.04259014,80.24761963,32195,32205,10
13.04294968,80.24777222,32205,32214,9
13.04345036,80.24786377,32214,32226,12
13.04399014,80.24778748,32226,32236,10
13.04448032,80.2478714,32236,32246,10
13.04493046,80.24800873,32246,32256,10
13.0453701,80.24823761,32256,32266,10
13.04598999,80.24848175,32266,32276,10
13.04689026,80.24841309,32276,32296,20
13.04689026,80.24841309,32296,32306,10
13.0471096,80.2484436,32306,32316,10
13.04757023,80.24877167,32316,32326,10
13.04815006,80.24938202,32326,32337,11
13.04881954,80.24970245,32337,32347,10
13.04965973,80.24981689,32347,32357,10
13.05058002,80.25,32357,32367,10
13.05142021,80.25022888,32367,32377,10
13.05216026,80.2507782,32377,32387,10
13.05280018,80.25164032,32387,32397,10
13.05346966,80.25253296,32397,32407,10
13.0539999,80.25328064,32407,32417,10
13.05428028,80.2536087,32417,32426,9
13.05440044,80.25379181,32426,32438,12
13.05451965,80.25395966,32438,32448,10
13.05461025,80.25406647,32448,32458,10
13.05475998,80.25424957,32458,32468,10
13.05490971,80.25443268,32468,32478,10
13.05506039,80.25466156,32478,32488,10
13.05517006,80.25482941,32488,32498,10
13.05537987,80.25518036,32498,32508,10
13.05562019,80.25546265,32508,32518,10
13.05580044,80.25569153,32518,32530,12
13.05595016,80.25588226,32530,32541,11
13.05615044,80.25617981,32541,32551,10
13.05636978,80.25647736,32551,32560,9
13.05673027,80.25681305,32560,32570,10
13.05681038,80.25689697,32570,32581,11
13.05681992,80.2568512,32581,32590,9
13.05712032,80.25714111,32590,32601,11
13.05757046,80.25759125,32601,32611,10
13.05776978,80.25776672,32611,32621,10
13.05809975,80.25817108,32621,32631,10
13.05858994,80.25875854,32631,32641,10
13.05914974,80.25961304,32641,32652,11
13.0598402,80.26032257,32652,32662,10
13.06048965,80.26101685,32662,32672,10
13.06074047,80.26136017,32672,32682,10
13.06075954,80.26145935,32682,32692,10
13.06103039,80.26180267,32692,32702,10
13.06145954,80.26232147,32702,32712,10
13.06188965,80.26281738,32712,32722,10
13.06225967,80.26325989,32722,32732,10
13.06274033,80.26383209,32732,32742,10
13.06322956,80.26434326,32742,32753,11
13.06326008,80.26441956,32753,32763,10
13.06336975,80.26467133,32763,32773,10
13.06369019,80.2651825,32773,32783,10
13.06400967,80.26564026,32783,32793,10
13.0644598,80.2661972,32793,32803,10
13.06484032,80.26667786,32803,32813,10
13.06521034,80.26702881,32813,32823,10
13.06575012,80.26753998,32823,32831,8
13.06622028,80.26811981,32831,32843,12
13.06688976,80.26850128,32843,32854,11
13.06704998,80.26860046,32854,32864,10
13.06719971,80.26870728,32864,32874,10
13.06768036,80.26899719,32874,32886,12
13.06822968,80.26931,32886,32896,10
13.06838989,80.26904297,32896,32906,10
13.06855011,80.26850128,32906,32916,10
13.06879044,80.2678299,32916,32926,10
13.06912041,80.26714325,32926,32936,10
13.06974983,80.26654816,32936,32946,10
13.07021046,80.2660675,32946,32957,11
13.07026005,80.26600647,32957,32967,10
13.07050037,80.26580048,32967,32977,10
13.07089043,80.26540375,32977,32987,10
13.07127953,80.2649765,32987,32997,10
13.07180977,80.26439667,32997,33007,10
13.07223034,80.26387787,33007,33017,10
13.07248974,80.26335907,33017,33027,10
13.07266045,80.26281738,33027,33037,10
13.07289028,80.26203156,33037,33057,20
13.07289028,80.26203156,33057,33068,11
13.07293034,80.2617569,33068,33078,10
13.07304001,80.2614212,33078,33088,10
13.07306957,80.2610321,33088,33098,10
13.07322025,80.26065826,33098,33108,10
13.07349968,80.26017761,33108,33118,10
13.07382011,80.25964355,33118,33128,10
13.07433033,80.2591095,33128,33138,10
13.07483959,80.2587204,33138,33148,10
13.07518959,80.25842285,33148,33158,10
13.07534027,80.25824738,33158,33168,10
13.07551956,80.25810242,33168,33189,21
13.07551956,80.25810242,33189,33199,10
13.07557011,80.25804138,33199,33209,10
13.07584953,80.25785828,33209,33219,10
13.07625008,80.25752258,33219,33229,10
13.07666969,80.25713348,33229,33239,10
13.07715988,80.25682068,33239,33249,10
13.07793045,80.25663757,33249,33261,12
13.07886028,80.25656891,33261,33271,10
13.07896996,80.25653076,33271,33280,9
13.07909966,80.25634766,33280,33290,10
13.07901001,80.25576019,33290,33300,10
13.07894039,80.25515747,33300,33312,12
13.0789299,80.25505066,33312,33322,10
13.07894039,80.25480652,33322,33332,10
13.07911015,80.25460815,33332,33342,10
13.07958984,80.25457764,33342,33352,10
13.07977009,80.25460052,33352,33362,10
13.07991982,80.2546463,33362,33372,10
13.08022976,80.25467682,33372,33383,11
13.08076954,80.25476837,33383,33393,10
13.08148003,80.25482178,33393,33403,10
13.08183002,80.25434113,33403,33413,10
13.08187008,80.25379181,33413,33423,10
13.08181953,80.25293732,33423,33433,10
13.08148003,80.25219727,33433,33443,10
13.08137989,80.25132751,33443,33453,10
13.08137989,80.25097656,33453,33463,10
13.08135986,80.25057983,33463,33473,10
13.08131027,80.24994659,33473,33483,10
13.08172989,80.24971771,33483,33494,11
13.08257008,80.24981689,33494,33504,10
13.0834198,80.24993134,33504,33514,10
13.08430004,80.25007629,33514,33524,10
13.08450031,80.25007629,33524,33534,10
13.08471966,80.25009155,33534,33544,10
13.08520031,80.25022125,33544,33554,10
13.08567047,80.25032043,33554,33564,10
13.08588982,80.25025177,33564,33574,10
13.08590031,80.24999237,33574,33584,10
13.08588028,80.24942017,33584,33595,11
13.08584023,80.24861145,33595,33605,10
13.0858202,80.24788666,33605,33615,10
13.08578014,80.24669647,33615,33635,20
13.08578014,80.24669647,33635,33645,10
13.08574963,80.24632263,33645,33655,10
13.08563995,80.24539948,33655,33716,61
13.08563995,80.24539948,33716,33726,10
13.08567047,80.24517059,33726,33736,10
13.08605957,80.24487305,33736,33746,10
13.08668041,80.24440765,33746,33756,10
13.08749962,80.24373627,33756,33766,10
13.08788013,80.24302673,33766,33776,10
13.08798981,80.24230194,33776,33786,10
13.08858013,80.24178314,33786,33796,10
13.08936977,80.24124146,33796,33807,11
13.0904398,80.2408371,33807,33817,10
13.09148026,80.24088287,33817,33827,10
13.09218979,80.24092102,33827,33837,10
13.0927,80.24093628,33837,33847,10
13.09321976,80.24099731,33847,33857,10
13.09412003,80.2411499,33857,33897,40
13.09412003,80.2411499,33897,33908,11
13.09440041,80.24124146,33908,33918,10
13.09494972,80.24134064,33918,33928,10
13.09572029,80.24156952,33928,33938,10
13.09644985,80.24181366,33938,33948,10
13.09702015,80.24199677,33948,33998,50
13.09702015,80.24199677,33998,34008,10
13.09726048,80.24204254,34008,34019,11
13.09772968,80.24217987,34019,34029,10
13.09829998,80.24230194,34029,34039,10
13.09852028,80.24230194,34039,34049,10
13.09860992,80.24230194,34049,34059,10
13.09875011,80.24221039,34059,34069,10
13.09873962,80.24194336,34069,34079,10
13.09852028,80.24181366,34079,34089,10
13.09848976,80.24208832,34089,34799,710
13.09848976,80.24208832,34799,34809,10
13.09832001,80.24230194,34809,34819,10
13.09794998,80.24223328,34819,34829,10
13.09755993,80.2421875,34829,34839,10
13.09720993,80.24207306,34839,34849,10
13.09657955,80.24185181,34849,34860,11
13.09585953,80.24163055,34860,34870,10
13.09562016,80.24153137,34870,34880,10
13.09549046,80.24147797,34880,34890,10
13.09525967,80.24140167,34890,34900,10
13.09494972,80.2412796,34900,34910,10
13.09473991,80.2412262,34910,34920,10
13.09440041,80.24115753,34920,34930,10
13.0936203,80.24105835,34930,34950,20
13.0936203,80.24105835,34950,34961,11
13.09342003,80.24102783,34961,34970,9
13.09300041,80.24098206,34970,34982,12
13.09228039,80.24091339,34982,34992,10
13.09160042,80.24086761,34992,35000,8
13.09088993,80.24085999,35000,35011,11
13.08985996,80.24095917,35011,35022,11
13.08905029,80.24147034,35022,35031,9
13.08847046,80.24189758,35031,35041,10
13.08796978,80.24252319,35041,35052,11
13.08790016,80.24299622,35052,35062,10
13.08780956,80.24333954,35062,35103,41
13.08780956,80.24333954,35103,35112,9
13.08749962,80.24376678,35112,35122,10
13.08710003,80.24407196,35122,35131,9
13.08666992,80.24446106,35131,35142,11
13.08605957,80.24495697,35142,35153,11
13.08568001,80.24550629,35153,35163,10
13.08570004,80.2467804,35163,35204,41
13.08570004,80.2467804,35204,35214,10
13.08582973,80.24698639,35214,35224,10
13.08582973,80.24756622,35224,35234,10
13.08582973,80.24839783,35234,35244,10
13.08590984,80.2494278,35244,35254,10
13.08590031,80.25031281,35254,35274,20
13.08590031,80.25031281,35274,35285,11
13.08590031,80.25067902,35285,35295,10
13.08580017,80.25126648,35295,35305,10
13.08570957,80.25193787,35305,35315,10
13.08559036,80.25266266,35315,35325,10
13.08557987,80.25325775,35325,35335,10
13.08555984,80.25377655,35335,35345,10
13.08565998,80.25444031,35345,35355,10
13.08549976,80.25467682,35355,35365,10
13.08504009,80.25467682,35365,35375,10
13.08430004,80.25457764,35375,35386,11
13.08407021,80.25456238,35386,35396,10
13.0838604,80.25453186,35396,35406,10
13.08337975,80.25449371,35406,35416,10
13.08265972,80.25447083,35416,35426,10
13.08218002,80.2545166,35426,35436,10
13.08154011,80.25479889,35436,35446,10
13.08111,80.25482178,35446,35456,10
13.08086967,80.25479126,35456,35466,10
13.08071995,80.25476074,35466,35476,10
13.08034992,80.25467682,35476,35487,11
13.07979965,80.25460052,35487,35497,10
13.07933044,80.25463104,35497,35537,40
13.07933044,80.25463104,35537,35547,10
13.07903957,80.25476074,35547,35557,10
13.0790596,80.25531006,35557,35567,10
13.07911968,80.25650024,35567,35598,31
13.07911968,80.25650024,35598,35608,10
13.07913971,80.25665283,35608,35618,10
13.07882977,80.2567215,35618,35628,10
13.07841015,80.25668335,35628,35638,10
13.07793045,80.25669861,35638,35648,10
13.0774498,80.25675201,35648,35658,10
13.0769701,80.25694275,35658,35668,10
13.07637024,80.25743103,35668,35678,10
13.0757103,80.25803375,35678,35688,10
13.07555008,80.258461,35688,35699,11
13.07567024,80.25908661,35699,35709,10
13.07608986,80.25971985,35709,35719,10
13.07658958,80.26014709,35719,35729,10
13.07695961,80.26055908,35729,35739,10
13.07730961,80.26103973,35739,35749,10
13.07752037,80.26145172,35749,35759,10
13.0775404,80.26146698,35759,35769,10
13.07765961,80.26171875,35769,35779,10
13.07775974,80.26203918,35779,35870,91
13.0778904,80.26239777,35870,35900,30
13.0778904,80.26239777,35900,35911,11
13.07800007,80.26296234,35911,35921,10
13.07804966,80.26335144,35921,35931,10
13.07773972,80.26370239,35931,35941,10
13.07713985,80.26403809,35941,35951,10
13.07625961,80.26412201,35951,35961,10
13.0756197,80.26397705,35961,35971,10
13.07509041,80.26331329,35971,35981,10
13.07462025,80.26273346,35981,35991,10
13.07415962,80.26217651,35991,36001,10
13.07384968,80.26178741,36001,36011,10
13.07384014,80.26177216,36011,36023,12
13.0737896,80.26165771,36023,36033,10
13.07353973,80.26139832,36033,36043,10
13.07310009,80.2614975,36043,36051,8
13.07289982,80.26209259,36051,36063,12
13.07260036,80.26303101,36063,36071,8
13.07246971,80.26345062,36071,36083,12
13.07203007,80.26412201,36083,36092,9
13.07168007,80.26457214,36092,36103,11
13.07159996,80.26461029,36103,36112,9
13.07149982,80.2647171,36112,36124,12
13.07106018,80.26522064,36124,36134,10
13.07083988,80.26541901,36134,36142,8
13.0705204,80.26579285,36142,36154,12
13.0698204,80.26647186,36154,36164,10
13.06917,80.26708221,36164,36172,8
13.06884956,80.26773834,36172,36184,12
13.06863976,80.26843262,36184,36194,10
13.06853962,80.26864624,36194,36202,8
13.06846046,80.26888275,36202,36212,10
13.06830025,80.26941681,36212,36224,12
13.06824017,80.26979828,36224,36235,11
13.06816006,80.27040863,36235,36245,10
13.06805992,80.27089691,36245,36255,10
13.06783009,80.27098083,36255,36265,10
13.06752014,80.27068329,36265,36275,10
13.06717968,80.27036285,36275,36285,10
13.06715965,80.27031708,36285,36295,10
13.06682014,80.26995087,36295,36305,10
13.06657028,80.26950836,36305,36315,10
13.06645966,80.2689209,36315,36325,10
13.06634998,80.26834106,36325,36336,11
13.06587029,80.26777649,36336,36346,10
13.0655098,80.26763916,36346,36356,10
13.06548977,80.26763916,36356,36366,10
13.06538963,80.26760101,36366,36376,10
13.0652504,80.26760864,36376,36386,10
13.06486034,80.26751709,36386,36396,10
13.06420994,80.26741791,36396,36406,10
13.06357956,80.2673111,36406,36416,10
13.06293964,80.26718903,36416,36426,10
13.06245041,80.26673889,36426,36436,10
13.0620203,80.26615906,36436,36447,11
13.0614996,80.26551819,36447,36457,10
13.06077003,80.26525879,36457,36477,20
13.06077003,80.26525879,36477,36487,10
13.06070042,80.26531982,36487,36497,10
13.06046009,80.26542664,36497,36507,10
13.0599699,80.26558685,36507,36517,10
13.0593996,80.26554871,36517,36527,10
13.05873966,80.26541901,36527,36537,10
13.05815983,80.26509857,36537,36548,11
13.05805016,80.26429749,36548,36558,10
13.05797005,80.2635498,36558,36568,10
13.05792046,80.26287842,36568,36578,10
13.05784035,80.26238251,36578,36588,10
13.05772972,80.2618866,36588,36598,10
13.05764008,80.26130676,36598,36608,10
13.05747032,80.26072693,36608,36618,10
13.05723,80.26010132,36618,36628,10
13.05698013,80.25952911,36628,36638,10
13.05679989,80.2589035,36638,36649,11
13.0567503,80.258461,36649,36659,10
13.05663013,80.25795746,36659,36669,10
13.05655956,80.25747681,36669,36679,10
13.05657005,80.25744629,36679,36689,10
13.05653954,80.25727844,36689,36699,10
13.05646038,80.25695801,36699,36709,10
13.05634022,80.2565918,36709,36719,10
13.05599976,80.25602722,36719,36729,10
13.05550003,80.25533295,36729,36739,10
13.05498028,80.25457764,36739,36748,9
13.05451012,80.2539978,36748,36760,12
13.0542202,80.25357819,36760,36770,10
13.05416965,80.25344086,36770,36780,10
13.05387974,80.25299835,36780,36790,10
13.05344963,80.25237274,36790,36800,10
13.05290031,80.25166321,36800,36810,10
13.05239964,80.25099945,36810,36820,10
13.05175972,80.25035858,36820,36830,10
13.05072021,80.24996185,36830,36840,10
13.04940033,80.24976349,36840,36850,10
13.04850006,80.24960327,36850,36861,11
13.04782963,80.24913025,36861,36871,10
13.04716969,80.24867249,36871,36881,10
13.04691029,80.24861145,36881,36891,10
13.04689026,80.24859619,36891,36901,10
13.04650021,80.24855804,36901,36911,10
13.04578018,80.24842834,36911,36921,10
13.04496002,80.24810028,36921,36931,10
13.04405022,80.24793243,36931,36941,10
13.04312992,80.24777222,36941,36951,10
13.04248047,80.24767303,36951,36961,10
13.04176044,80.24752045,36961,36972,11
13.04154015,80.24746704,36972,36982,10
13.04133987,80.24736023,36982,36992,10
13.04076958,80.24723816,36992,37002,10
13.03981018,80.24710846,37002,37032,30
13.03981018,80.24710846,37032,37043,11
13.03960037,80.24697876,37043,37053,10
13.03919983,80.24688721,37053,37062,9
13.03866005,80.2467804,37062,37072,10
13.03789997,80.24667358,37072,37082,10
13.03701019,80.24651337,37082,37094,12
13.03629017,80.2463913,37094,37104,10
13.03610039,80.24636078,37104,37114,10
13.03584957,80.24623108,37114,37124,10
13.03530979,80.24601746,37124,37133,9
13.03520012,80.24598694,37133,37143,10
13.03512001,80.24591827,37143,37153,10
13.0348196,80.24565887,37153,37163,10
13.0345602,80.24529266,37163,37172,9
13.03415966,80.24478912,37172,37183,11
13.03353024,80.24408722,37183,37193,10
13.03281021,80.2431488,37193,37205,12
13.03205967,80.24214172,37205,37215,10
13.03172016,80.24137115,37215,37223,8
13.0314703,80.24088287,37223,37233,10
13.03141975,80.2407074,37233,37243,10
13.0313797,80.2405777,37243,37253,10
13.03116989,80.24012756,37253,37263,10
13.03089046,80.23947906,37263,37275,12
13.03032017,80.23844147,37275,37286,11
13.0296402,80.23731995,37286,37296,10
13.02910042,80.23677063,37296,37306,10
13.02906036,80.23670959,37306,37316,10
13.02877998,80.23638916,37316,37326,10
13.02828026,80.23583984,37326,37336,10
13.02775002,80.23509979,37336,37346,10
13.0272398,80.23417664,37346,37356,10
13.02670002,80.23330688,37356,37366,10
13.0262804,80.23249817,37366,37376,10
13.0260601,80.2318573,37376,37387,11
13.02593994,80.23127747,37387,37397,10
13.02567959,80.23045349,37397,37407,10
13.02517986,80.22969055,37407,37417,10
13.02507973,80.22956848,37417,37427,10
13.02488041,80.22937012,37427,37437,10
13.02466965,80.22910309,37437,37447,10
13.0243597,80.22866821,37447,37457,10
13.02398968,80.22825623,37457,37467,10
13.02394009,80.22818756,37467,37477,10
13.02385044,80.22802734,37477,37487,10
13.02352047,80.22769165,37487,37498,11
13.0229702,80.22715759,37498,37508,10
13.02235031,80.22657013,37508,37518,10
13.02173996,80.22602081,37518,37528,10
13.0211401,80.22557068,37528,37538,10
13.02048969,80.22514343,37538,37548,10
13.01978016,80.22463989,37548,37558,10
13.01867962,80.22450256,37558,37568,10
13.01751041,80.22501373,37568,37578,10
13.01679993,80.22531128,37578,37588,10
13.01659966,80.22540283,37588,37599,11
13.0163002,80.22551727,37599,37609,10
13.01581001,80.22566986,37609,37619,10
13.0152998,80.2258606,37619,37629,10
13.01457024,80.22614288,37629,37639,10
13.01410007,80.22631836,37639,37649,10
13.0138998,80.22637177,37649,37659,10
13.01333046,80.22657776,37659,37669,10
13.0125103,80.22689056,37669,37679,10
13.0115099,80.22730255,37679,37689,10
13.01049995,80.22769928,37689,37699,10
13.00963974,80.22805786,37699,37709,10
13.00905037,80.22885895,37709,37722,13
13.00874043,80.2304306,37722,37732,10
13.00854015,80.23155212,37732,37742,10
13.00835037,80.23258972,37742,37752,10
13.0082798,80.2333374,37752,37762,10
13.00823975,80.2334671,37762,37772,10
13.00813007,80.2338562,37772,37782,10
13.00800037,80.23452759,37782,37792,10
13.00790977,80.23497772,37792,37802,10
13.00778961,80.23552704,37802,37814,12
13.0075798,80.23654175,37814,37822,8
13.00743008,80.23728943,37822,37832,10
13.00724983,80.23822021,37832,37844,12
13.00706959,80.23914337,37844,37852,8
13.00702,80.23951721,37852,37862,10
13.00702,80.23953247,37862,37874,12
13.00691986,80.2399826,37874,37903,29
13.00691986,80.2399826,37903,37915,12
13.00689983,80.24053955,37915,37935,20
13.00689983,80.24053955,37935,37945,10
13.00685024,80.24059296,37945,37955,10
13.00677013,80.2410202,37955,37964,9
13.00675964,80.24170685,37964,37974,10
13.00675964,80.24259949,37974,37983,9
13.00673962,80.24326324,37983,37994,11
13.00673008,80.24407959,37994,38005,11
13.00669003,80.24482727,38005,38014,9
13.00667953,80.24519348,38014,38026,12
13.00671005,80.24604034,38026,38056,30
13.00671005,80.24604034,38056,38066,10
13.00671959,80.24643707,38066,38076,10
13.00675964,80.24703217,38076,38086,10
13.00669003,80.24777985,38086,38096,10
13.00669956,80.2486496,38096,38106,10
13.00673008,80.24958038,38106,38116,10
13.00675964,80.25041962,38116,38127,11
13.00675964,80.25097656,38127,38137,10
13.00671005,80.25154877,38137,38147,10
13.00660992,80.25206757,38147,38157,10
13.00652027,80.25293732,38157,38167,10
13.00650024,80.25392151,38167,38177,10
13.00656033,80.25479126,38177,38187,10
13.00658035,80.25505829,38187,38197,10
13.00658035,80.25518036,38197,38207,10
13.00658035,80.25559998,38207,38217,10
13.00658989,80.25626373,38217,38227,10
13.00662041,80.25646973,38227,38238,11
13.00664997,80.25691986,38238,38248,10
13.00664997,80.25736237,38248,38258,10
13.00638962,80.25747681,38258,38268,10
13.00611019,80.25746155,38268,38278,10
13.00574017,80.25737762,38278,38288,10
13.00527,80.25727844,38288,38298,10
13.00467968,80.25713348,38298,38308,10
13.00407982,80.25702667,38308,38318,10
13.00362968,80.25694275,38318,38328,10
13.00319004,80.25685883,38328,38339,11
13.00242043,80.2567215,38339,38389,50
13.00242043,80.2567215,38389,38399,10
13.00228977,80.25665283,38399,38409,10
13.00199986,80.25662231,38409,38419,10
13.00152016,80.25656891,38419,38429,10
13.00074959,80.25644684,38429,38439,10
12.99967957,80.25627899,38439,38490,51
12.99967957,80.25627899,38490,38500,10
12.99948978,80.25618744,38500,38510,10
12.99909019,80.25610352,38510,38520,10
12.99860954,80.25605011,38520,38530,10
12.99810028,80.25598145,38530,38540,10
12.99796963,80.25595856,38540,38551,11
12.99771976,80.2559433,38551,38571,20
12.99771976,80.2559433,38571,38581,10
12.99765968,80.2561264,38581,38591,10
12.99771976,80.25644684,38591,38601,10
12.99777985,80.25691986,38601,38611,10
12.99757957,80.25688171,38611,38682,71
12.99757957,80.25688171,38682,38692,10
12.99757957,80.25665283,38692,38702,10
12.99767971,80.25608826,38702,38722,20
12.99767971,80.25608826,38722,38732,10
12.99728012,80.25592041,38732,38813,81
12.99728012,80.25592041,38813,38825,12
12.99719048,80.25592041,38825,38835,10
12.99693966,80.25592041,38835,38845,10
12.99660015,80.25588989,38845,38855,10
12.99592972,80.25588226,38855,38864,9
12.9953804,80.25588989,38864,38876,12
12.99460983,80.25591278,38876,38884,8
12.99419022,80.25595093,38884,38894,10
12.99343014,80.2559967,38894,38904,10
12.99246025,80.25604248,38904,38914,10
12.99147034,80.25601959,38914,38924,10
12.99073029,80.2559967,38924,38934,10
12.99022007,80.25596619,38934,38944,10
12.98950005,80.25595856,38944,38956,12
12.9887104,80.25592041,38956,38964,8
12.98855019,80.25588989,38964,38977,13
12.98814011,80.25582886,38977,38987,10
12.98775959,80.25579834,38987,38997,10
12.98756981,80.25623322,38997,39007,10
12.98752975,80.25688934,39007,39016,9
12.98752022,80.25763702,39016,39027,11
12.98742962,80.25843811,39027,39037,10
12.98740005,80.25882721,39037,39047,10
12.98731995,80.25914764,39047,39074,27
12.98731995,80.25914764,39074,39088,14
12.98721981,80.25948334,39088,39098,10
12.98707962,80.25959015,39098,39108,10
12.9868803,80.25953674,39108,39118,10
12.9865303,80.25927734,39118,39259,141
12.9865303,80.25927734,39259,39269,10
12.98672962,80.2589798,39269,39360,91
12.98672962,80.2589798,39360,39370,10
12.98701954,80.25907135,39370,39411,41
12.98701954,80.25907135,39411,39421,10
12.98731041,80.25907135,39421,39431,10
12.98735046,80.25874329,39431,39441,10
12.98738003,80.25856018,39441,39451,10
12.98742008,80.25824738,39451,39461,10
12.98744965,80.2578125,39461,39471,10
12.98752022,80.25713348,39471,39480,9
12.98762989,80.25582123,39480,39643,163
12.98762989,80.25582123,39643,39653,10
12.98787975,80.25569916,39653,39663,10
12.98840046,80.2558136,39663,39673,10
12.98880959,80.25585938,39673,39683,10
12.98882008,80.25585938,39683,39693,10
12.98915958,80.25592041,39693,39703,10
12.98978043,80.2559967,39703,39713,10
12.99044991,80.25596619,39713,39724,11
12.99129009,80.25604248,39724,39734,10
12.99258995,80.25601959,39734,39774,40
12.99258995,80.25601959,39774,39784,10
12.99281979,80.25605011,39784,39794,10
12.99302959,80.25602722,39794,39804,10
12.99361038,80.2559433,39804,39885,81
12.99361038,80.2559433,39885,39895,10
12.99382019,80.25598145,39895,39905,10
12.99398041,80.25598907,39905,39916,11
12.99407959,80.25598145,39916,39925,9
12.99444008,80.25592804,39925,39937,12
12.99491978,80.255867,39937,39947,10
12.9952898,80.25585938,39947,39957,10
12.99578953,80.25585938,39957,39967,10
12.99641991,80.25585938,39967,40078,111
12.99641991,80.25585938,40078,40088,10
12.99683952,80.255867,40088,40098,10
12.99724007,80.255867,40098,40108,10
12.99779034,80.25588989,40108,40118,10
12.99860954,80.2559967,40118,40149,31
12.99860954,80.2559967,40149,40159,10
12.99917984,80.25611115,40159,40209,50
12.99917984,80.25611115,40209,40219,10
12.9993,80.25614166,40219,40229,10
12.99967003,80.25621796,40229,40239,10
13.00028992,80.25636292,40239,40249,10
13.0009203,80.2564621,40249,40270,21
13.0009203,80.2564621,40270,40280,10
13.00111008,80.25653839,40280,40290,10
13.00166035,80.25662994,40290,40300,10
13.0023098,80.25669861,40300,40310,10
13.0028801,80.25679016,40310,40320,10
13.00358009,80.25691223,40320,40330,10
13.00405979,80.25701904,40330,40340,10
13.00405979,80.25702667,40340,40349,9
13.00428963,80.2571106,40349,40361,12
13.00489998,80.25721741,40361,40371,10
13.00557041,80.25730133,40371,40381,10
13.00588989,80.25736237,40381,40421,40
13.00588989,80.25736237,40421,40431,10
13.00632,80.2574234,40431,40441,10
13.00650024,80.25717163,40441,40451,10
13.00646019,80.25650024,40451,40461,10
13.00646973,80.25563812,40461,40472,11
13.00648022,80.25524902,40472,40482,10
13.00652027,80.2547226,40482,40492,10
13.00648975,80.25389099,40492,40502,10
13.00648022,80.25325775,40502,40512,10
13.00648022,80.25322723,40512,40522,10
13.00646973,80.25298309,40522,40532,10
13.00648975,80.25289154,40532,40542,10
13.00650024,80.25247192,40542,40562,20
13.00650024,80.25247192,40562,40573,11
13.00658035,80.25206757,40573,40583,10
13.00671005,80.25145721,40583,40593,10
13.00675964,80.25060272,40593,40603,10
13.00675011,80.24980927,40603,40613,10
13.00673962,80.24942017,40613,40623,10
13.00669956,80.24884033,40623,40633,10
13.00666046,80.2482605,40633,40643,10
13.00664043,80.24809265,40643,40653,10
13.00664043,80.24758911,40653,40663,10
13.00656033,80.24665833,40663,40684,21
13.00656033,80.24665833,40684,40694,10
13.00656033,80.24658966,40694,40704,10
13.00662994,80.24613953,40704,40714,10
13.00662994,80.24542236,40714,40724,10
13.00664997,80.24472046,40724,40734,10
13.00662994,80.24427795,40734,40744,10
13.00664043,80.24372101,40744,40754,10
13.00660038,80.24315643,40754,40764,10
13.00658989,80.24241638,40764,40774,10
13.00660992,80.24152374,40774,40784,10
13.00666046,80.24078369,40784,40796,12
13.00669003,80.2406311,40796,40804,8
13.00671959,80.24041748,40804,40814,10
13.00683975,80.23993683,40814,40824,10
13.00693989,80.23919678,40824,40836,12
13.0071497,80.23818207,40836,40845,9
13.00734043,80.23732758,40845,40855,10
13.00741005,80.23670197,40855,40866,11
13.00741959,80.23664856,40866,40876,10
13.00751972,80.23634338,40876,40886,10
13.00765038,80.23576355,40886,40896,10
13.00780964,80.23500061,40896,40907,11
13.00802994,80.23403931,40907,40917,10
13.00825024,80.23288727,40917,40926,9
13.00848007,80.23175049,40926,40936,10
13.0087204,80.23046875,40936,40947,11
13.00895977,80.22926331,40947,40956,9
13.00916958,80.22828674,40956,40966,10
13.00957966,80.22731018,40966,40976,10
13.01002979,80.22633362,40976,40986,10
13.01045036,80.22547913,40986,40998,12
13.01088047,80.22463989,40998,41006,8
13.01113987,80.22406769,41006,41018,12
13.01142979,80.22332001,41018,41028,10
13.01173019,80.22255707,41028,41038,10
13.0120697,80.22177887,41038,41048,10
13.01233959,80.22149658,41048,41058,10
13.01255989,80.22171783,41058,41068,10
13.01299953,80.22229767,41068,41078,10
13.01354027,80.22296906,41078,41088,10
13.01403999,80.22364044,41088,41098,10
13.01453972,80.22416687,41098,41109,11
13.01496029,80.22457886,41109,41119,10
13.01552963,80.22502899,41119,41149,30
13.01552963,80.22502899,41149,41159,10
13.01564026,80.22521973,41159,41169,10
13.01591969,80.22544861,41169,41179,10
13.01638031,80.22540283,41179,41189,10
13.01688957,80.22519684,41189,41199,10
13.01733017,80.22499847,41199,41210,11
13.01772022,80.22483826,41210,41220,10
13.01776981,80.224823,41220,41230,10
13.01780033,80.22480774,41230,41240,10
13.01817036,80.22466278,41240,41250,10
13.01912022,80.22431946,41250,41280,30
13.01912022,80.22431946,41280,41290,10
13.01918983,80.22431183,41290,41300,10
13.01947975,80.22434235,41300,41310,10
13.01974964,80.2244873,41310,41320,10
13.02011967,80.22476959,41320,41331,11
13.02048969,80.22503662,41331,41341,10
13.02077007,80.22528076,41341,41351,10
13.02103996,80.22554016,41351,41361,10
13.02141953,80.22586823,41361,41371,10
13.02176952,80.22611237,41371,41381,10
13.02225971,80.22648621,41381,41391,10
13.02283001,80.22699738,41391,41401,10
13.02340031,80.22753906,41401,41411,10
13.02383995,80.22792053,41411,41422,11
13.02404976,80.22814178,41422,41432,10
13.0243597,80.2285614,41432,41442,10
13.02460957,80.2289505,41442,41452,10
13.02497005,80.22943115,41452,41462,10
13.02542019,80.23001862,41462,41472,10
13.02569008,80.23045349,41472,41492,20
13.02569008,80.23045349,41492,41502,10
13.02573013,80.23059082,41502,41512,10
13.02581978,80.23088074,41512,41523,11
13.02597046,80.23123932,41523,41553,30
13.02597046,80.23123932,41553,41563,10
13.02604008,80.23139954,41563,41573,10
13.02616024,80.2318573,41573,41583,10
13.02637005,80.23252106,41583,41593,10
13.02667999,80.23313141,41593,41603,10
13.02705002,80.23378754,41603,41613,10
13.02748966,80.23454285,41613,41623,10
13.02787971,80.23529053,41623,41634,11
13.0284996,80.23605347,41634,41644,10
13.02906036,80.23664856,41644,41654,10
13.02950001,80.23713684,41654,41664,10
13.02950954,80.23716736,41664,41674,10
13.02945995,80.23725891,41674,41684,10
13.02968979,80.2375412,41684,41694,10
13.03005981,80.23815918,41694,41704,10
13.03050041,80.2388382,41704,41714,10
13.03069973,80.23908234,41714,41724,10
13.03085041,80.23932648,41724,41734,10
13.03100967,80.23961639,41734,41745,11
13.03106976,80.23975372,41745,41755,10
13.03118038,80.23995972,41755,41765,10
13.03135967,80.24021912,41765,41775,10
13.03141022,80.24079132,41775,41785,10
13.0316,80.2411499,41785,41795,10
13.0318203,80.241539,41795,41805,10
13.03211021,80.24211884,41805,41815,10
13.03265953,80.24276733,41815,41825,10
13.03324986,80.24362946,41825,41835,10
13.03384972,80.24449921,41835,41845,10
13.03441048,80.24523163,41845,41857,12
13.03501987,80.24594116,41857,41867,10
13.03573036,80.24620819,41867,41895,28
13.03573036,80.24620819,41895,41906,11
13.03579998,80.24629211,41906,41917,11
13.03600025,80.24640656,41917,41927,10
13.03652,80.246521,41927,41936,9
13.03719044,80.24658203,41936,41946,10
13.03779984,80.246521,41946,41958,12
13.03876972,80.24680328,41958,41986,28
13.03876972,80.24680328,41986,41996,10
13.0388298,80.2468338,41996,42008,12
13.03905964,80.24691772,42008,42016,8
13.03934956,80.2469635,42016,42026,10
13.03967953,80.24700928,42026,42036,10
13.04016018,80.24710083,42036,42046,10
13.04063988,80.24717712,42046,42059,13
13.04065037,80.24719238,42059,42069,10
13.04084969,80.2472229,42069,42079,10
13.04131985,80.24732971,42079,42089,10
13.04191971,80.24746704,42089,42099,10
13.04228973,80.24761963,42099,42109,10
13.04230976,80.24764252,42109,42119,10
13.04246044,80.24781799,42119,42129,10
13.04263973,80.24787903,42129,42139,10
13.04281998,80.24793243,42139,42149,10
13.04319954,80.2480011,42149,42160,11
13.04368973,80.2480011,42160,42170,10
13.04389954,80.24790955,42170,42180,10
13.04417038,80.24790192,42180,42190,10
13.04463959,80.24797058,42190,42200,10
13.04512024,80.24822235,42200,42210,10
13.04570961,80.24845886,42210,42220,10
13.04640961,80.24845886,42220,42230,10
13.04699993,80.2484436,42230,42240,10
13.04701042,80.24845123,42240,42250,10
13.04716969,80.24852753,42250,42260,10
13.04749966,80.2487793,42260,42271,11
13.04786015,80.24919891,42271,42281,10
13.04792023,80.2492981,42281,42291,10
13.04821014,80.24954224,42291,42301,10
13.04874039,80.24977875,42301,42311,10
13.04936028,80.24981689,42311,42321,10
13.05014992,80.24993896,42321,42331,10
13.05093956,80.25010681,42331,42341,10
13.05163956,80.25038147,42341,42351,10
13.05222034,80.25093079,42351,42361,10
13.05270958,80.25158691,42361,42372,11
13.05323029,80.25227356,42372,42382,10
13.05383968,80.2530899,42382,42392,10
13.05455971,80.2539978,42392,42402,10
13.05512047,80.25469208,42402,42412,10
13.05548,80.25525665,42412,42422,10
13.05566025,80.25554657,42422,42432,10
13.05576038,80.25572968,42432,42442,10
13.05597019,80.25601196,42442,42452,10
13.05615044,80.25627136,42452,42462,10
13.05636024,80.25656891,42462,42472,10
13.0566597,80.25676727,42472,42483,11
13.05683994,80.25686646,42483,42493,10
13.05698013,80.2569809,42493,42503,10
13.0573597,80.25730896,42503,42513,10
13.05784988,80.2578125,42513,42523,10
13.05834961,80.25836182,42523,42533,10
13.05871964,80.25884247,42533,42543,10
13.05910015,80.2593689,42543,42553,10
13.05943966,80.25997925,42553,42563,10
13.05996037,80.26042938,42563,42573,10
13.06050968,80.2610321,42573,42584,11
13.06062031,80.26114655,42584,42594,10
13.06064987,80.26122284,42594,42604,10
13.06091976,80.26161957,42604,42614,10
13.06136036,80.26210022,42614,42624,10
13.06171036,80.26255798,42624,42634,10
13.06215,80.26319122,42634,42644,10
13.06262016,80.26374054,42644,42654,10
13.06315041,80.26428986,42654,42664,10
13.06320953,80.26439667,42664,42674,10
13.06344986,80.2648468,42674,42684,10
13.06377983,80.26535797,42684,42695,11
13.06431961,80.26605988,42695,42703,8
13.06459999,80.26637268,42703,42715,12
13.06482983,80.26667786,42715,42725,10
13.06523037,80.26703644,42725,42735,10
13.06575012,80.26754761,42735,42745,10
13.06632042,80.26821899,42745,42755,10
13.06680965,80.26849365,42755,42765,10
13.06704044,80.26863098,42765,42775,10
13.06715965,80.26872253,42775,42785,10
13.06756973,80.26902008,42785,42796,11
13.06803989,80.26930237,42796,42806,10
13.06826019,80.26931763,42806,42818,12
13.06838036,80.26889038,42818,42828,10
13.06849957,80.26856995,42828,42838,10
13.06867981,80.26802826,42838,42847,9
13.06879997,80.26772308,42847,42858,11
13.06902027,80.26718903,42858,42868,10
13.06937981,80.26683807,42868,42878,10
13.0696497,80.26651764,42878,42887,9
13.07009029,80.26612091,42887,42909,22
13.07009029,80.26612091,42909,42917,8
13.07026958,80.26595306,42917,42929,12
13.07061958,80.26554108,42929,42939,10
13.07096004,80.26519775,42939,42949,10
13.07135963,80.26480865,42949,42959,10
13.07174969,80.26437378,42959,42969,10
13.07201958,80.26405334,42969,42979,10
13.07231998,80.26355743,42979,42989,10
13.07254982,80.26300049,42989,42999,10
13.07273006,80.26248932,42999,43010,11
13.07283974,80.26213837,43010,43020,10
13.07289028,80.26203156,43020,43030,10
13.07301998,80.26164246,43030,43040,10
13.07308006,80.26139832,43040,43050,10
13.07320976,80.26122284,43050,43060,10
13.07351017,80.26145935,43060,43070,10
13.07388973,80.26186371,43070,43080,10
13.0742197,80.26226807,43080,43090,10
13.07462978,80.26274872,43090,43100,10
13.07495975,80.26320648,43100,43110,10
13.07544041,80.2638092,43110,43121,11
13.07590008,80.26422119,43121,43131,10
13.0761404,80.26422119,43131,43141,10
13.07635975,80.26421356,43141,43151,10
13.07676983,80.26412201,43151,43161,10
13.07705975,80.26409149,43161,43171,10
13.07740021,80.26396942,43171,43181,10
13.07787991,80.26363373,43181,43191,10
13.07806969,80.26329803,43191,43201,10
13.0778904,80.26268768,43201,43211,10
13.0776701,80.26203918,43211,43222,11
13.07744026,80.2613678,43222,43232,10
13.07721996,80.26081848,43232,43252,20
13.07721996,80.26081848,43252,43262,10
13.07713032,80.26062012,43262,43272,10
13.07676029,80.26033783,43272,43282,10
13.07616997,80.25988007,43282,43292,10
13.07559013,80.25926971,43292,43302,10
13.07548046,80.25849915,43302,43363,61
13.07548046,80.25849915,43363,43373,10
13.07542038,80.25818634,43373,43383,10
13.07579994,80.25788116,43383,43393,10
13.07616043,80.25758362,43393,43403,10
13.07651043,80.2572403,43403,43413,10
13.07693005,80.25694275,43413,43423,10
13.07752037,80.2567215,43423,43434,11
13.07843018,80.25662231,43434,43444,10
13.07901955,80.25644684,43444,43454,10
13.07896996,80.25578308,43454,43464,10
13.07892036,80.25492859,43464,43524,60
13.07892036,80.25492859,43524,43535,11
13.07896996,80.2547226,43535,43545,10
13.07915974,80.25456238,43545,43555,10
13.07958031,80.25454712,43555,43565,10
13.07983971,80.25457764,43565,43575,10
13.07997036,80.25463104,43575,43585,10
13.08028984,80.25469971,43585,43595,10
13.08071995,80.25473022,43595,43605,10
13.08123016,80.25482178,43605,43615,10
13.08160019,80.2547226,43615,43625,10
13.08174992,80.25424194,43625,43634,9
13.08189011,80.25366974,43634,43646,12
13.08180046,80.25296021,43646,43656,10
13.08148956,80.25263977,43656,43666,10
13.08141994,80.25164032,43666,43676,10
13.08139038,80.25110626,43676,43686,10
13.08135986,80.2508316,43686,43696,10
13.08131027,80.2502594,43696,43706,10
13.08133984,80.24977112,43706,43716,10
13.08170986,80.24968719,43716,43726,10
13.08224964,80.24971008,43726,43736,10
13.08263016,80.24980927,43736,43747,11
13.08321953,80.24989319,43747,43756,9
13.08351994,80.24994659,43756,43766,10
13.08384991,80.25,43766,43778,12
13.08475971,80.25019836,43778,43796,18
13.08475971,80.25019836,43796,43807,11
13.08514977,80.25028229,43807,43817,10
13.08565044,80.25035858,43817,43828,11
13.08580017,80.25005341,43828,43837,9
13.08580971,80.24942017,43837,43848,11
13.08578014,80.24851227,43848,43859,11
13.0857296,80.24758911,43859,43869,10
13.08568954,80.24664307,43869,43898,29
13.08568954,80.24664307,43898,43908,10
13.08568954,80.24645233,43908,43918,10
13.08568001,80.24582672,43918,43929,11
13.08563995,80.24556732,43929,43948,19
13.08563995,80.24556732,43948,43960,12
13.08563042,80.24539948,43960,43970,10
13.08576965,80.24511719,43970,43980,10
13.08611012,80.24482727,43980,43990,10
13.08668041,80.24437714,43990,44000,10
13.08724022,80.24391937,44000,44010,10
13.08763981,80.24350739,44010,44020,10
13.08780003,80.24324799,44020,44030,10
13.08790016,80.24265289,44030,44040,10
13.08823967,80.24199677,44040,44050,10
13.08895969,80.24147797,44050,44060,10
13.08965969,80.2410202,44060,44071,11
13.09062958,80.24085999,44071,44081,10
13.0915699,80.24089813,44081,44091,10
13.09232998,80.24092102,44091,44101,10
13.09305954,80.24099731,44101,44111,10
13.09426975,80.24118042,44111,44131,20
13.09426975,80.24118042,44131,44141,10
13.0945797,80.24124908,44141,44151,10
13.09512997,80.24140167,44151,44161,10
13.09564018,80.24156952,44161,44172,11
13.09626007,80.24176025,44172,44182,10
13.09720039,80.24205017,44182,44293,111
13.09720039,80.24205017,44293,44303,10
13.09764957,80.24223328,44303,44313,10
13.09811974,80.24233246,44313,44323,10
13.09858036,80.24234009,44323,44333,10
13.0985899,80.24234009,44333,44343,10
13.09871006,80.24224854,44343,44353,10
13.09873962,80.24199677,44353,44363,10
13.09848976,80.24215698,44363,44483,120
13.09840965,80.24237061,44483,44575,92
13.09840965,80.24237061,44575,44585,10
13.09838009,80.24233246,44585,44596,11
13.09813976,80.2423172,44596,44606,10
13.09778023,80.24226379,44606,44696,90
13.09778023,80.24226379,44696,44707,11
13.09757042,80.24221802,44707,44717,10
13.09733963,80.24217987,44717,44727,10
13.09702969,80.24205017,44727,44737,10
13.09659004,80.24189758,44737,44747,10
13.09613037,80.24176788,44747,44757,10
13.09589005,80.24167633,44757,44767,10
13.09549999,80.24156189,44767,44777,10
13.09545994,80.241539,44777,44787,10
13.09512997,80.24146271,44787,44798,11
13.09469986,80.24137878,44798,44807,9
13.09445,80.24130249,44807,44817,10
13.09360027,80.24114227,44817,44837,20
13.09360027,80.24114227,44837,44847,10
13.09313965,80.2410202,44847,44859,12
13.09249973,80.24098969,44859,44867,8
13.09199047,80.2410202,44867,44878,11
13.09113026,80.24095917,44878,44887,9
13.09023952,80.24093628,44887,44900,13
13.08918953,80.24137878,44900,44908,8
13.08864975,80.24169922,44908,44917,9
13.08806992,80.24212646,44917,44930,13
13.08780003,80.2427597,44930,44938,8
13.08775997,80.2431488,44938,44948,10
13.08769035,80.24342346,44948,44960,12
13.08722019,80.243927,44960,44968,8
13.08668995,80.2443924,44968,44978,10
13.08605003,80.24492645,44978,44988,10
13.08570004,80.24520874,44988,45008,20
13.08570004,80.24520874,45008,45021,13
13.08551025,80.24546051,45021,45031,10
13.08555984,80.24594116,45031,45041,10
13.08565998,80.24678802,45041,45060,19
13.08565998,80.24678802,45060,45072,12
13.08574009,80.24745941,45072,45082,10
13.08578014,80.24825287,45082,45092,10
13.08580017,80.24932098,45092,45123,31
13.08580017,80.24932098,45123,45133,10
13.08584023,80.24961853,45133,45183,50
13.08586979,80.25,45183,45203,20
13.08586979,80.25,45203,45213,10
13.08586979,80.25012207,45213,45223,10
13.08582973,80.25038147,45223,45234,11
13.08567047,80.25076294,45234,45244,10
13.08563042,80.251297,45244,45254,10
13.08555031,80.25177002,45254,45264,10
13.0854702,80.25212097,45264,45274,10
13.08543015,80.252388,45274,45294,20
13.08543015,80.252388,45294,45304,10
13.0853796,80.25302887,45304,45314,10
13.08539963,80.25366974,45314,45324,10
13.08551979,80.25418091,45324,45335,11
13.08549976,80.25460815,45335,45345,10
13.08535957,80.25463867,45345,45355,10
13.08485985,80.25462341,45355,45365,10
13.08390045,80.25457764,45365,45385,20
13.08390045,80.25457764,45385,45395,10
13.08356953,80.25457764,45395,45405,10
13.08292961,80.25450897,45405,45415,10
13.08250046,80.25449371,45415,45425,10
13.08197021,80.25463104,45425,45435,10
13.08102036,80.25483704,45435,45456,21
13.08102036,80.25483704,45456,45466,10
13.08069992,80.25483704,45466,45476,10
13.08024979,80.25479889,45476,45486,10
13.07936954,80.25467682,45486,45627,141
13.07936954,80.25467682,45627,45637,10
13.07884026,80.25475311,45637,45647,10
13.0789299,80.25543213,45647,45658,11
13.07901955,80.25630188,45658,45668,10
13.07903957,80.25653076,45668,45678,10
13.07872009,80.25669861,45678,45688,10
13.07818031,80.25668335,45688,45698,10
13.07763004,80.25672913,45698,45708,10
13.07705975,80.25688171,45708,45719,11
13.07637024,80.25740814,45719,45728,9
13.07573032,80.2579422,45728,45739,11
13.07538986,80.25852203,45739,45748,9
13.07565975,80.2592392,45748,45758,10
13.07621002,80.2598114,45758,45768,10
13.07678032,80.26033783,45768,45778,10
13.07713032,80.26074219,45778,45788,10
13.07738018,80.26129913,45788,45800,12
13.07777977,80.26222992,45800,45830,30
13.07777977,80.26222992,45830,45839,9
13.07781982,80.26244354,45839,45850,11
13.07785034,80.26271057,45850,45859,9
13.07798004,80.26307678,45859,45871,12
13.07816029,80.26351166,45871,45879,8
13.0777998,80.26367188,45879,45889,10
13.07724953,80.26397705,45889,45899,10
13.07695961,80.26407623,45899,45909,10
13.07672977,80.26409149,45909,45919,10
13.07631969,80.26416779,45919,45929,10
13.07579041,80.26421356,45929,45939,10
13.07542038,80.26377869,45939,45949,10
13.07495975,80.26325226,45949,45959,10
13.07460022,80.26280212,45959,45972,13
13.07402039,80.26210785,45972,45982,10
13.07373047,80.26168823,45982,45992,10
13.07369995,80.26165771,45992,46002,10
13.07357979,80.2614975,46002,46012,10
13.0733099,80.26139832,46012,46022,10
13.07310009,80.26145935,46022,46032,10
13.07283974,80.26191711,46032,46042,10
13.07258987,80.26238251,46042,46052,10
13.07250023,80.26289368,46052,46062,10
13.07231045,80.2633667,46062,46072,10
13.07211018,80.2638092,46072,46083,11
13.07196999,80.26397705,46083,46093,10
13.07174015,80.26425934,46093,46103,10
13.07131004,80.26463318,46103,46113,10
13.07127953,80.26464081,46113,46123,10
13.07112026,80.26480103,46123,46133,10
13.07091999,80.26508331,46133,46143,10
13.0706501,80.26540375,46143,46153,10
13.07024002,80.26586151,46153,46184,31
13.07024002,80.26586151,46184,46194,10
13.07001972,80.26615143,46194,46204,10
13.06978989,80.26629639,46204,46214,10
13.06964016,80.26644897,46214,46224,10
13.0693903,80.2666626,46224,46234,10
13.06931019,80.26676178,46234,46244,10
13.06916046,80.26696014,46244,46254,10
13.06882954,80.26730347,46254,46264,10
13.06857014,80.26795197,46264,46274,10
13.06847,80.2686615,46274,46295,21
13.06847,80.2686615,46295,46305,10
13.06840992,80.26889038,46305,46315,10
13.06830025,80.26941681,46315,46325,10
13.06818008,80.27005768,46325,46335,10
13.06812,80.2706604,46335,46345,10
13.06791019,80.2710495,46345,46355,10
13.06713963,80.27039337,46355,46375,20
13.06713963,80.27039337,46375,46385,10
13.06694031,80.27017975,46385,46396,11
13.06653023,80.26966858,46396,46406,10
13.06637955,80.26911163,46406,46416,10
13.06637001,80.26853943,46416,46426,10
13.06560993,80.26766968,46426,46446,20
13.06560993,80.26766968,46446,46456,10
13.06529045,80.26760864,46456,46466,10
13.06515026,80.26760864,46466,46476,10
13.06486988,80.26754761,46476,46486,10
13.06443977,80.26747131,46486,46507,21
13.06443977,80.26747131,46507,46517,10
13.06402969,80.26738739,46517,46527,10
13.06379986,80.26735687,46527,46537,10
13.06334019,80.26728058,46537,46557,20
13.06334019,80.26728058,46557,46567,10
13.06291962,80.26721954,46567,46577,10
13.06270981,80.26708221,46577,46587,10
13.06252003,80.26690674,46587,46597,10
13.06237984,80.26672363,46597,46608,11
13.06223965,80.26656342,46608,46618,10
13.06212044,80.26643372,46618,46628,10
13.06194973,80.26616669,46628,46638,10
13.06173992,80.26589966,46638,46648,10
13.06147003,80.26563263,46648,46658,10
13.06109047,80.26531982,46658,46668,10
13.0605402,80.26544952,46668,46688,20
13.0605402,80.26544952,46688,46698,10
13.06037998,80.26550293,46698,46708,10
13.0598402,80.26560211,46708,46719,11
13.05943012,80.26554108,46719,46729,10
13.05914974,80.26550293,46729,46739,10
13.0584898,80.26538849,46739,46750,11
13.05811977,80.26476288,46750,46760,10
13.05807018,80.26407623,46760,46769,9
13.05799961,80.26367188,46769,46779,10
13.05795002,80.26306915,46779,46790,11
13.05784035,80.26264954,46790,46800,10
13.05772972,80.26210785,46800,46810,10
13.05762005,80.2615509,46810,46819,9
13.05753994,80.2612381,46819,46830,11
13.0574398,80.2609787,46830,46840,10
13.05741978,80.26069641,46840,46851,11
13.05720043,80.25997162,46851,46861,10
13.05694962,80.25939941,46861,46871,10
13.05683041,80.2590332,46871,46880,9
13.0567503,80.2587738,46880,46889,9
13.05663013,80.25836945,46889,46900,11
13.05659008,80.25776672,46900,46910,10
13.05653,80.25753784,46910,46921,11
13.05648041,80.25734711,46921,46932,11
13.05636024,80.25691223,46932,46942,10
13.05626011,80.25652313,46942,46952,10
13.05599022,80.25604248,46952,46962,10
13.05556011,80.25538635,46962,46972,10
13.05510044,80.2547226,46972,46982,10
13.05453014,80.25402069,46982,46992,10
13.05426025,80.25364685,46992,47002,10
13.0542202,80.25357819,47002,47012,10
13.05397987,80.2532196,47012,47022,10
13.05358982,80.25263977,47022,47033,11
13.05298996,80.25183868,47033,47043,10
13.05251026,80.25119781,47043,47053,10
13.05193996,80.25054169,47053,47063,10
13.05123997,80.25013733,47063,47073,10
13.05037022,80.24993896,47073,47083,10
13.04955959,80.24980927,47083,47093,10
13.0489502,80.24977112,47093,47103,10
13.04852009,80.24964905,47103,47113,10
13.04798985,80.2492981,47113,47123,10
13.0473299,80.24871826,47123,47133,10
13.04701996,80.2485733,47133,47144,11
13.04681969,80.24852753,47144,47154,10
13.04625034,80.24845886,47154,47164,10
13.04555988,80.24826813,47164,47174,10
13.04500961,80.24807739,47174,47184,10
13.04444981,80.2480011,47184,47194,10
13.04405975,80.24794769,47194,47204,10
13.04376984,80.24793243,47204,47214,10
13.04335976,80.24784851,47214,47224,10
13.04283047,80.24775696,47224,47234,10
13.04172993,80.24751282,47234,47255,21
13.04172993,80.24751282,47255,47265,10
13.04133034,80.24736023,47265,47275,10
13.0406599,80.24720764,47275,47285,10
13.03983974,80.24706268,47285,47295,10
13.03892994,80.24681854,47295,47305,10
13.03835964,80.24672699,47305,47315,10
13.03806019,80.24671936,47315,47325,10
13.03779984,80.24668121,47325,47335,10
13.03752995,80.24662781,47335,47345,10
13.03719044,80.24655914,47345,47356,11
13.03664017,80.24643707,47356,47366,10
13.0360899,80.24633026,47366,47376,10
13.03563976,80.24617767,47376,47386,10
13.03511047,80.24597931,47386,47406,20
13.03511047,80.24597931,47406,47416,10
13.03497028,80.24588013,47416,47426,10
13.03466034,80.24542236,47426,47436,10
13.03413963,80.24478912,47436,47445,9
13.0336504,80.2442627,47445,47457,12
13.03287983,80.24320221,47457,47557,100
13.03287983,80.24320221,47557,47568,11
13.03281975,80.24297333,47568,47578,10
13.03264999,80.2427063,47578,47608,30
13.03264999,80.2427063,47608,47618,10
13.03242016,80.24246216,47618,47719,101
13.03242016,80.24246216,47719,47729,10
13.03221989,80.24224854,47729,47739,10
13.03203964,80.24199677,47739,47749,10
13.03182983,80.24150085,47749,47759,10
13.03157997,80.2408905,47759,47831,72
13.03157997,80.2408905,47831,47839,8
13.03155994,80.24078369,47839,47849,10
13.03139019,80.24041748,47849,47860,11
13.03116989,80.23995972,47860,47870,10
13.03085995,80.23935699,47870,47880,10
13.03040028,80.23854065,47880,47890,10
13.02995014,80.23770905,47890,47900,10
13.02949047,80.23712921,47900,47912,12
13.0291996,80.23686218,47912,47920,8
13.02912045,80.23673248,47920,47930,10
13.02877045,80.23638153,47930,47940,10
13.02822971,80.23578644,47940,47950,10
13.02770042,80.23500824,47950,47960,10
13.02715015,80.23403931,47960,47970,10
13.0265398,80.23301697,47970,47981,11
13.02624035,80.23227692,47981,47993,12
13.02612019,80.23179626,47993,48003,10
13.02606964,80.23164368,48003,48013,10
13.02591991,80.23113251,48013,48023,10
13.02558994,80.23033905,48023,48033,10
13.02503967,80.22956848,48033,48043,10
13.02474022,80.22921753,48043,48053,10
13.02453041,80.2289505,48053,48063,10
13.0240097,80.22831726,48063,48083,20
13.0240097,80.22831726,48083,48094,11
13.02390957,80.22812653,48094,48104,10
13.02353001,80.22770691,48104,48114,10
13.02299023,80.22717285,48114,48124,10
13.02233982,80.2265625,48124,48134,10
13.02153015,80.22589111,48134,48144,10
13.02075958,80.22528839,48144,48154,10
13.02007961,80.22483826,48154,48164,10
13.01920986,80.22444153,48164,48174,10
13.01817036,80.2246933,48174,48184,10
13.01710987,80.22514343,48184,48193,9
13.0166502,80.22534943,48193,48205,12
13.01642036,80.22545624,48205,48215,10
13.01599026,80.2256012,48215,48225,10
13.01535034,80.22580719,48225,48235,10
13.01469994,80.22606659,48235,48245,10
13.01453972,80.22611237,48245,48255,10
13.01432037,80.22621155,48255,48265,10
13.01383018,80.22637939,48265,48275,10
13.01329994,80.22659302,48275,48285,10
13.01257992,80.22686005,48285,48295,10
13.01177979,80.227211,48295,48306,11
13.01064968,80.22766876,48306,48316,10
13.00973988,80.22805023,48316,48326,10
13.00912952,80.22853088,48326,48336,10
13.00893974,80.22940826,48336,48346,10
13.00872993,80.23055267,48346,48356,10
13.00854015,80.23164368,48356,48366,10
13.00831985,80.2328186,48366,48376,10
13.00821972,80.23358154,48376,48388,12
13.00821018,80.2335968,48388,48398,10
13.00811958,80.23377991,48398,48408,10
13.0080204,80.23422241,48408,48419,11
13.00784016,80.23493195,48419,48429,10
13.00765991,80.23576355,48429,48439,10
13.00745964,80.23679352,48439,48449,10
13.00726986,80.23779297,48449,48459,10
13.00710964,80.23867035,48459,48469,10
13.00691986,80.23992157,48469,48520,51
13.00691986,80.23992157,48520,48530,10
13.00693035,80.24015808,48530,48540,10
13.00681019,80.24060059,48540,48550,10
13.00677967,80.24085236,48550,48560,10
13.00673962,80.24105835,48560,48570,10
13.00669003,80.24160767,48570,48580,10
13.00660038,80.24234009,48580,48590,10
13.00664997,80.24342346,48590,48600,10
13.00660038,80.24453735,48600,48610,10
13.00662041,80.24543762,48610,48620,10
13.00671005,80.24624634,48620,48630,10
13.00669956,80.24674225,48630,48640,10
13.00669956,80.24713898,48640,48650,10
13.00666046,80.24774933,48650,48661,11
13.00673008,80.24858093,48661,48671,10
13.00673962,80.24868011,48671,48681,10
13.00673962,80.2487793,48681,48692,11
13.00675964,80.24939728,48692,48701,9
13.00677013,80.25019073,48701,48711,10
13.00675011,80.25125122,48711,48743,32
13.00675011,80.25125122,48743,48751,8
13.0067997,80.2513504,48751,48761,10
13.00666046,80.25173187,48761,48771,10
13.00650978,80.25250244,48771,48781,10
13.00646973,80.25340271,48781,48791,10
13.00650978,80.2545166,48791,48801,10
13.0065403,80.25523376,48801,48811,10
13.00654984,80.25537872,48811,48821,10
13.0065403,80.25589752,48821,48831,10
13.00660992,80.25715637,48831,48934,103
13.00660992,80.25715637,48934,48941,7
13.00673008,80.2574234,48941,48955,14
13.00605965,80.25743866,48955,48965,10
13.00555992,80.25734711,48965,48975,10
13.0048399,80.25717926,48975,48985,10
13.00397968,80.25695038,48985,48995,10
13.00325012,80.25682831,48995,49005,10
13.00279045,80.25673676,49005,49015,10
13.00247955,80.25669098,49015,49025,10
13.0018301,80.2565918,49025,49086,61
13.0018301,80.2565918,49086,49096,10
13.00133991,80.25650787,49096,49106,10
13.0008297,80.25641632,49106,49116,10
13.00018024,80.25634003,49116,49126,10
12.99965,80.25626373,49126,49156,30
12.99965,80.25626373,49156,49167,11
12.99929047,80.25611115,49167,49177,10
12.99870014,80.25601959,49177,49187,10
12.99818993,80.25592804,49187,49207,20
12.99818993,80.25592804,49207,49217,10
12.99773979,80.25595093,49217,49268,51
12.99773979,80.25595093,49268,49278,10
12.99775982,80.25653839,49278,49288,10
12.99773979,80.2569809,49288,49298,10
12.99761009,80.25682068,49298,49439,141
12.99761009,80.25682068,49439,49449,10
12.99771976,80.25662231,49449,49459,10
12.9978199,80.25685883,49459,49469,10
12.99759007,80.25697327,49469,49478,9
12.99717999,80.25691223,49478,49642,164
12.99687958,80.25689697,49642,51381,1739
12.99687958,80.25689697,51381,51391,10
12.9972496,80.25694275,51391,51401,10
12.99728012,80.25694275,51401,51412,11
12.99740982,80.25682831,51412,51422,10
12.99755001,80.25657654,51422,51552,130
12.99755001,80.25657654,51552,51563,11
12.99765015,80.2562027,51563,52341,778
12.99779987,80.25605774,52341,52360,19
12.99779987,80.25605774,52360,52372,12
12.99792004,80.25592041,52372,52382,10
12.99876022,80.2559967,52382,52402,20
12.99876022,80.2559967,52402,52412,10
12.9989996,80.25602722,52412,52422,10
12.99938011,80.25611115,52422,52432,10
12.99979019,80.2562027,52432,52442,10
13.00008965,80.25628662,52442,52452,10
13.00049973,80.25639343,52452,52462,10
13.00070953,80.25643158,52462,52472,10
13.00109959,80.25649261,52472,52483,11
13.00150013,80.25653839,52483,52494,11
13.00191975,80.25663757,52494,52504,10
13.00244045,80.25670624,52504,52514,10
13.00298977,80.25682068,52514,52523,9
13.00347996,80.25688171,52523,52533,10
13.0041399,80.25702667,52533,52543,10
13.00465965,80.25705719,52543,52553,10
13.00518036,80.25714874,52553,52564,11
13.00580025,80.25730133,52564,52573,9
13.00609016,80.25737,52573,52595,22
13.00609016,80.25737,52595,52604,9
13.00617981,80.25737,52604,52615,11
13.0065403,80.25736237,52615,52625,10
13.00648022,80.25666809,52625,52634,9
13.00646973,80.25605011,52634,52645,11
13.00652981,80.25508118,52645,52654,9
13.00652981,80.2543335,52654,52663,9
13.00652981,80.25395966,52663,52674,11
13.00654984,80.25354767,52674,52736,62
13.00654984,80.25354767,52736,52746,10
13.00658035,80.25330353,52746,52766,20
13.00658035,80.25330353,52766,52776,10
13.00656033,80.25295258,52776,52786,10
13.00658035,80.25238037,52786,52857,71
13.00658035,80.25238037,52857,52867,10
13.00664997,80.25215149,52867,52877,10
13.00671005,80.25169373,52877,52887,10
13.00677967,80.25121307,52887,52897,10
13.00677013,80.25054169,52897,52908,11
13.0067997,80.24958801,52908,52918,10
13.00677013,80.24880219,52918,52928,10
13.00669003,80.24810028,52928,52938,10
13.00666046,80.24752808,52938,53029,91
13.00666046,80.24752808,53029,53039,10
13.00667953,80.24726868,53039,53049,10
13.00664997,80.24693298,53049,53059,10
13.00660992,80.24640656,53059,53069,10
13.00660992,80.24639893,53069,53079,10
13.00664043,80.24594879,53079,53089,10
13.00662994,80.24517822,53089,53099,10
13.00662994,80.24430847,53099,53109,10
13.00662041,80.2434082,53109,53120,11
13.00660038,80.24243164,53120,53130,10
13.00658035,80.24137878,53130,53140,10
13.00662994,80.24060059,53140,53150,10
13.00666046,80.24049377,53150,53160,10
13.00675011,80.2401886,53160,53170,10
13.0068903,80.23953247,53170,53180,10
13.00704002,80.23863983,53180,53190,10
13.00724983,80.23770905,53190,53200,10
13.00737953,80.23693848,53200,53210,10
13.00741959,80.23668671,53210,53220,10
13.00743961,80.23665619,53220,53231,11
13.00753975,80.23625946,53231,53241,10
13.00769997,80.23555756,53241,53251,10
13.00786972,80.23465729,53251,53261,10
13.00809956,80.2335434,53261,53271,10
13.00833988,80.2322998,53271,53281,10
13.00854015,80.23107147,53281,53291,10
13.00881004,80.22982788,53291,53301,10
13.00905037,80.22865295,53301,53311,10
13.0094099,80.22763824,53311,53321,10
13.00988007,80.22657776,53321,53332,11
13.01033974,80.22563171,53332,53342,10
13.01064014,80.22506714,53342,53352,10
13.01080036,80.22476196,53352,53362,10
13.01093006,80.22438812,53362,53372,10
13.01126003,80.22357941,53372,53402,30
13.01126003,80.22357941,53402,53412,10
13.01126003,80.2232132,53412,53422,10
13.01152039,80.22276306,53422,53432,10
13.01185036,80.22197723,53432,53443,11
13.01229,80.22136688,53443,53453,10
13.01253986,80.22176361,53453,53463,10
13.01305962,80.22239685,53463,53473,10
13.01368999,80.22305298,53473,53483,10
13.01420021,80.22377014,53483,53493,10
13.01484013,80.22447205,53493,53503,10
13.01554966,80.22501373,53503,53523,20
13.01554966,80.22501373,53523,53534,11
13.01566982,80.22522736,53534,53545,11
13.01624966,80.22535706,53545,53555,10
13.01694012,80.22515869,53555,53565,10
13.01764965,80.22485352,53565,53573,8
13.01825047,80.22460175,53573,53583,10
13.01898956,80.22431183,53583,53593,10
13.01931,80.22428131,53593,53605,12
13.01941967,80.22434235,53605,53614,9
13.01951981,80.22444916,53614,53625,11
13.01998043,80.2247467,53625,53633,8
13.02044964,80.2250824,53633,53646,13
13.02120018,80.22566986,53646,53656,10
13.02180004,80.22611237,53656,53666,10
13.02241993,80.22659302,53666,53676,10
13.02313042,80.22720337,53676,53686,10
13.02377987,80.22783661,53686,53696,10
13.02427006,80.2283783,53696,53706,10
13.02429962,80.22841644,53706,53716,10
13.02433968,80.22849274,53716,53724,8
13.02449989,80.22873688,53724,53734,10
13.02492046,80.2293396,53734,53744,10
13.02548027,80.23010254,53744,53757,13
13.02602005,80.2313385,53757,53767,10
13.02624035,80.23206329,53767,53777,10
13.0264101,80.23258209,53777,53807,30
13.0264101,80.23258209,53807,53817,10
13.02655029,80.23297119,53817,53827,10
13.02668953,80.23319244,53827,53837,10
13.02694988,80.23358917,53837,53847,10
13.02737999,80.23433685,53847,53858,11
13.0279398,80.23535919,53858,53868,10
13.02869987,80.23625183,53868,53878,10
13.02939987,80.23696136,53878,53888,10
13.02950001,80.23703766,53888,53898,10
13.02970028,80.23744965,53898,53908,10
13.0300703,80.23799896,53908,53918,10
13.03038979,80.23853302,53918,53928,10
13.03071022,80.23912811,53928,53938,10
13.03100967,80.23961639,53938,53948,10
13.03127003,80.23999023,53948,53958,10
13.03139973,80.24046326,53958,53969,11
13.03155994,80.24092865,53969,53979,10
13.03180027,80.24143982,53979,53989,10
13.03205967,80.24201965,53989,53999,10
13.03244972,80.24246979,53999,54009,10
13.0328598,80.24302673,54009,54019,10
13.03339958,80.24375153,54019,54029,10
13.03407001,80.24466705,54029,54039,10
13.03466034,80.24537659,54039,54049,10
13.03522015,80.24581909,54049,54059,10
13.03542995,80.24595642,54059,54070,11
13.03575039,80.24611664,54070,54080,10
13.03581047,80.24617767,54080,54090,10
13.03610992,80.24632263,54090,54098,8
13.03649998,80.24642181,54098,54110,12
13.03719997,80.24651337,54110,54120,10
13.03769016,80.24645233,54120,54130,10
13.03831959,80.24664307,54130,54140,10
13.03868008,80.24680328,54140,54150,10
13.03894997,80.24690247,54150,54160,10
13.03946972,80.2469635,54160,54170,10
13.04006004,80.24707794,54170,54181,11
13.04067993,80.24714661,54181,54191,10
13.0407896,80.24720764,54191,54201,10
13.04125977,80.24732208,54201,54211,10
13.04199982,80.24738312,54211,54221,10
13.04255009,80.24762726,54221,54231,10
13.04316998,80.24786377,54231,54241,10
13.04376984,80.24790192,54241,54251,10
13.04417992,80.24787903,54251,54261,10
13.04473972,80.24784088,54261,54271,10
13.04510021,80.24807739,54271,54282,11
13.04563046,80.24832916,54282,54292,10
13.04631996,80.24848175,54292,54302,10
13.04677963,80.24841309,54302,54312,10
13.0468502,80.24841309,54312,54322,10
13.04726028,80.24854279,54322,54332,10
13.0478096,80.24906921,54332,54342,10
13.04843044,80.24957275,54342,54352,10
13.04932022,80.24971008,54352,54362,10
13.05039978,80.24992371,54362,54372,10
13.05146027,80.25023651,54372,54382,10
13.05230045,80.2509613,54382,54393,11
13.05307961,80.25202179,54393,54403,10
13.05383015,80.25301361,54403,54413,10
13.05451012,80.25389862,54413,54423,10
13.05498981,80.25444794,54423,54433,10
13.05541039,80.25505829,54433,54443,10
13.05585003,80.25566864,54443,54453,10
13.05620003,80.25614929,54453,54463,10
13.05681038,80.25675964,54463,54483,20
13.05681038,80.25675964,54483,54494,11
13.05722046,80.25701141,54494,54504,10
13.05772972,80.25749969,54504,54514,10
13.05811977,80.25808716,54514,54524,10
13.05856991,80.25862885,54524,54534,10
13.05904961,80.25932312,54534,54544,10
13.05945969,80.2599411,54544,54554,10
13.06002998,80.26049805,54554,54564,10
13.06042957,80.26096344,54564,54574,10
13.06068039,80.26132202,54574,54585,11
13.06064034,80.26143646,54585,54595,10
13.06093979,80.26174164,54595,54604,9
13.06142044,80.26207733,54604,54614,10
13.06182957,80.26267242,54614,54624,10
13.06239033,80.2633667,54624,54636,12
13.06293964,80.26406097,54636,54644,8
13.06311989,80.26422119,54644,54656,12
13.06328964,80.26445007,54656,54665,9
13.06359005,80.26490021,54665,54675,10
13.06394958,80.26538086,54675,54685,10
13.06427002,80.26583099,54685,54695,10
13.06447029,80.26612854,54695,54707,12
13.06449032,80.26618195,54707,54717,10
13.0646801,80.26644135,54717,54725,8
13.06482029,80.26661682,54725,54735,10
13.06517982,80.26696014,54735,54745,10
13.06548977,80.2671814,54745,54755,10
13.06583023,80.26763153,54755,54765,10
13.06614971,80.26808167,54765,54775,10
13.0664196,80.26831055,54775,54785,10
13.06702995,80.26860046,54785,54807,22
13.06702995,80.26860046,54807,54818,11
13.06731033,80.26879883,54818,54828,10
13.06783962,80.26917267,54828,54838,10
13.06822968,80.26934052,54838,54848,10
13.0683403,80.26889038,54848,54860,12
13.0685997,80.26811218,54860,54870,10
13.06884956,80.26744843,54870,54880,10
13.06921959,80.26698303,54880,54890,10
13.06960011,80.26657867,54890,54900,10
13.0699501,80.26616669,54900,54910,10
13.07022953,80.26589203,54910,54921,11
13.07026005,80.26584625,54921,54931,10
13.07059002,80.26550293,54931,54941,10
13.07094002,80.26513672,54941,54951,10
13.07131958,80.26481628,54951,54961,10
13.07176018,80.26426697,54961,54971,10
13.07213974,80.26374054,54971,54981,10
13.07242966,80.26296234,54981,54991,10
13.07271004,80.26229095,54991,55001,10
13.07285023,80.26187897,55001,55011,10
13.07291985,80.26174164,55011,55022,11
13.07308006,80.26125336,55022,55032,10
13.07326984,80.26117706,55032,55042,10
13.07363033,80.2615509,55042,55052,10
13.07406998,80.2620697,55052,55062,10
13.07441998,80.26254272,55062,55072,10
13.07483959,80.26306915,55072,55082,10
13.07534027,80.26376343,55082,55092,10
13.07583046,80.26425171,55092,55102,10
13.07635975,80.26415253,55102,55112,10
13.07715034,80.26406097,55112,55122,10
13.07748985,80.26371765,55122,55133,11
13.07793045,80.263237,55133,55143,10
13.07777977,80.26261902,55143,55153,10
13.07756996,80.26186371,55153,55163,10
13.07723045,80.26087189,55163,55183,20
13.07723045,80.26087189,55183,55193,10
13.07724953,80.26074982,55193,55203,10
13.07703018,80.26042938,55203,55213,10
13.07658958,80.25997925,55213,55223,10
13.07588005,80.25943756,55223,55234,11
13.07553005,80.25861359,55234,55244,10
13.07549953,80.25846863,55244,55254,10
13.07549,80.25839996,55254,55264,10
13.07546997,80.25810242,55264,55274,10
13.07588959,80.25778961,55274,55285,11
13.07637024,80.25737,55285,55295,10
13.07691956,80.25692749,55295,55305,10
13.07761002,80.25668335,55305,55315,10
13.0784502,80.25660706,55315,55326,11
13.07894993,80.25644684,55326,55335,9
13.07898045,80.2561264,55335,55346,11
13.07894993,80.25553131,55346,55357,11
13.07892036,80.25512695,55357,55367,10
13.07890987,80.25496674,55367,55376,9
13.0789299,80.25462341,55376,55386,10
13.07966995,80.25453949,55386,55436,50
13.07966995,80.25453949,55436,55448,12
13.08006954,80.25466919,55448,55458,10
13.08057022,80.25478363,55458,55468,10
13.08108044,80.25475311,55468,55478,10
13.08154964,80.25437927,55478,55488,10
13.08178997,80.25376129,55488,55498,10
13.08183956,80.25337982,55498,55508,10
13.08185005,80.25334167,55508,55518,10
13.08181,80.25292969,55518,55528,10
13.08160019,80.25251007,55528,55538,10
13.08141994,80.25184631,55538,55548,10
13.08137035,80.25113678,55548,55559,11
13.08135033,80.25071716,55559,55569,10
13.08129978,80.25003052,55569,55579,10
13.08162022,80.24965668,55579,55589,10
13.0822401,80.24971008,55589,55599,10
13.08275986,80.24977112,55599,55609,10
13.08327007,80.24990082,55609,55619,10
13.08364964,80.24990082,55619,55629,10
13.08368969,80.24990082,55629,55639,10
13.0839901,80.25002289,55639,55649,10
13.08448029,80.25007629,55649,55660,11
13.0850296,80.25022125,55660,55670,10
13.08545971,80.25022125,55670,55680,10
13.08565998,80.24989319,55680,55690,10
13.08576965,80.24916077,55690,55700,10
13.08574009,80.2482605,55700,55710,10
13.08563995,80.24559021,55710,55750,40
13.08563995,80.24559021,55750,55774,24
13.08638,80.24446106,55774,55784,10
13.08701038,80.24391174,55784,55794,10
13.08747959,80.24349976,55794,55804,10
13.08771038,80.24324036,55804,55814,10
13.08784008,80.24268341,55814,55824,10
13.08808041,80.2420578,55824,55834,10
13.08850002,80.24160767,55834,55844,10
13.08897018,80.24111938,55844,55854,10
13.08940029,80.24089813,55854,55864,10
13.09010983,80.24076843,55864,55875,11
13.09099007,80.24082184,55875,55887,12
13.09189987,80.24088287,55887,55895,8
13.0922699,80.24086761,55895,55905,10
13.09255028,80.24085236,55905,55916,11
13.09344959,80.24098206,55916,55927,11
13.09412956,80.24114227,55927,55936,9
13.09416962,80.2411499,55936,55947,11
13.09428024,80.24118805,55947,55957,10
13.09465981,80.24124908,55957,55966,9
13.09496021,80.24130249,55966,55978,12
13.09562016,80.24156189,55978,55986,8
13.09568024,80.24157715,55986,55996,10
13.09642029,80.24186707,55996,56026,30
13.09642029,80.24186707,56026,56036,10
13.09700012,80.24202728,56036,56099,63
13.09724045,80.24208069,56099,56129,30
13.09724045,80.24208069,56129,56139,10
13.09733963,80.24211884,56139,56149,10
13.09772015,80.24221039,56149,56159,10
13.09848976,80.24224854,56159,56200,41
13.09848976,80.24224854,56200,56210,10
13.0987196,80.24194336,56210,56220,10
13.09848022,80.24207306,56220,56563,343
13.09848022,80.24207306,56563,56573,10
13.09821987,80.24239349,56573,56583,10
13.09774017,80.24230194,56583,56593,10
13.09733963,80.24217987,56593,56602,9
13.0971899,80.24211121,56602,56614,12
13.09687996,80.24201202,56614,56624,10
13.09638977,80.24183655,56624,56634,10
13.09566021,80.24157715,56634,56644,10
13.09517956,80.24138641,56644,56654,10
13.0948801,80.24127197,56654,56664,10
13.0945797,80.24118805,56664,56674,10
13.09420013,80.24114227,56674,56684,10
13.09358978,80.2410202,56684,56694,10
13.09344959,80.24098969,56694,56704,10
13.09296036,80.24093628,56704,56715,11
13.09202003,80.24085999,56715,56725,10
13.09101963,80.24082947,56725,56735,10
13.08994961,80.24089813,56735,56745,10
13.08901978,80.24144745,56745,56755,10
13.08819008,80.24207306,56755,56765,10
13.08790016,80.24266052,56765,56775,10
13.08784962,80.24298859,56775,56785,10
13.08778954,80.24324036,56785,56795,10
13.08749962,80.24371338,56795,56805,10
13.08685017,80.24423981,56805,56815,10
13.08619976,80.24474335,56815,56826,11
13.08580971,80.24504089,56826,56846,20
13.08580971,80.24504089,56846,56857,11
13.08572006,80.24513245,56857,56866,9
13.0855999,80.24536133,56866,56877,11
13.08565998,80.2457962,56877,56887,10
13.08570957,80.24610138,56887,56896,9
13.08578014,80.24655151,56896,56907,11
13.08578014,80.24658203,56907,56916,9
13.08570957,80.24685669,56916,56926,10
13.08580017,80.24739838,56926,56938,12
13.08584023,80.24855804,56938,56947,9
13.08590031,80.24996948,56947,56997,50
13.08590031,80.24996948,56997,57007,10
13.0858202,80.25038147,57007,57018,11
13.08576965,80.25084686,57018,57027,9
13.08570004,80.25141907,57027,57039,12
13.08567047,80.25180054,57039,57049,10
13.08563995,80.25209045,57049,57059,10
13.08563042,80.25257111,57059,57069,10
13.08559036,80.25308228,57069,57079,10
13.08555984,80.25341034,57079,57089,10
13.0855999,80.25386047,57089,57099,10
13.08563995,80.25428772,57099,57109,10
13.08551025,80.25466156,57109,57119,10
13.08504009,80.25466919,57119,57129,10
13.08444023,80.25460815,57129,57140,11
13.0838604,80.25453949,57140,57150,10
13.08374023,80.2545166,57150,57160,10
13.08325958,80.25450134,57160,57170,10
13.0825901,80.25444794,57170,57180,10
13.08203983,80.25453949,57180,57190,10
13.08133984,80.25482178,57190,57200,10
13.08100033,80.25483704,57200,57210,10
13.08078003,80.25482178,57210,57220,10
13.08067036,80.25480652,57220,57230,10
13.08022022,80.2547226,57230,57241,11
13.07979965,80.25460815,57241,57251,10
13.0794096,80.25460052,57251,57291,40
13.0794096,80.25460052,57291,57301,10
13.07925987,80.25453949,57301,57311,10
13.07900047,80.25463867,57311,57321,10
13.07896996,80.25505066,57321,57331,10
13.07901955,80.25567627,57331,57340,9
13.07903004,80.25598907,57340,57352,12
13.0790596,80.25615692,57352,57362,10
13.0790596,80.25649261,57362,57372,10
13.07863045,80.25662231,57372,57382,10
13.07824039,80.25662231,57382,57392,10
13.07773018,80.25666809,57392,57402,10
13.07715034,80.25682068,57402,57412,10
13.0764904,80.25727081,57412,57422,10
13.07581997,80.25789642,57422,57432,10
13.07538033,80.25839233,57432,57441,9
13.07557964,80.25904083,57441,57453,12
13.07623959,80.25984192,57453,57463,10
13.07670975,80.26029205,57463,57473,10
13.07688046,80.26046753,57473,57483,10
13.07715988,80.26081085,57483,57493,10
13.07740021,80.26133728,57493,57503,10
13.07758045,80.26184845,57503,57513,10
13.07775021,80.26213074,57513,57523,10
13.07775021,80.26213837,57523,57533,10
13.07781982,80.26235962,57533,57543,10
13.07791042,80.26274872,57543,57551,8
13.07810974,80.26319122,57551,57564,13
13.07802963,80.26354218,57564,57574,10
13.07783985,80.2636795,57574,57584,10
13.07763958,80.26386261,57584,57594,10
13.07717037,80.26410675,57594,57604,10
13.07664013,80.26422119,57604,57614,10
13.07602978,80.26429749,57614,57624,10
13.07559967,80.26413727,57624,57634,10
13.07524967,80.26361084,57634,57644,10
13.07487965,80.26309204,57644,57653,9
13.07448006,80.2625885,57653,57665,12
13.07380962,80.26174927,57665,57685,20
13.07380962,80.26174927,57685,57695,10
13.07351971,80.26141357,57695,57705,10
13.07314014,80.26148987,57705,57715,10
13.07287025,80.26210022,57715,57725,10
13.07269001,80.26264191,57725,57735,10
13.07246017,80.26328278,57735,57745,10
13.07211018,80.26396942,57745,57755,10
13.07172966,80.26441956,57755,57765,10
13.0714798,80.26470184,57765,57776,11
13.07135963,80.26481628,57776,57786,10
13.07096004,80.26524353,57786,57796,10
13.07040024,80.26580811,57796,57806,10
13.06999969,80.26622772,57806,57816,10
13.0697403,80.26650238,57816,57826,10
13.06952953,80.26672363,57826,57836,10
13.06921959,80.26703644,57836,57846,10
13.06888962,80.26747894,57846,57856,10
13.06865978,80.26811218,57856,57866,10
13.06851959,80.26864624,57866,57878,12
13.06836987,80.26909637,57878,57888,10
13.06826973,80.26960754,57888,57898,10
13.06814957,80.270401,57898,57918,20
13.06814957,80.270401,57918,57928,10
13.06816006,80.27046967,57928,57938,10
13.06812,80.27078247,57938,57948,10
13.06770992,80.27085876,57948,57958,10
13.0672102,80.27037811,57958,57967,9
13.0671196,80.27030182,57967,57980,13
13.06672955,80.26979065,57980,57990,10
13.06645966,80.26917267,57990,57997,7
13.0664196,80.26857758,57997,58010,13
13.06581974,80.26780701,58010,58020,10
13.06567001,80.26772308,58020,58030,10
13.06548023,80.26767731,58030,58040,10
13.06519032,80.26763153,58040,58060,20
13.06519032,80.26763153,58060,58070,10
13.06474018,80.26750946,58070,58080,10
13.06425953,80.26743317,58080,58091,11
13.06379032,80.26734924,58091,58101,10
13.0633297,80.26728058,58101,58111,10
13.06303978,80.26722717,58111,58121,10
13.0626297,80.26699066,58121,58131,10
13.06212997,80.2664032,58131,58141,10
13.06173992,80.26592255,58141,58151,10
13.06142998,80.26554871,58151,58161,10
13.06099987,80.2651825,58161,58171,10
13.06052971,80.26538086,58171,58181,10
13.06048012,80.26541138,58181,58192,11
13.06033039,80.26548004,58192,58202,10
13.06021023,80.26554108,58202,58212,10
13.0597496,80.26560211,58212,58222,10
13.0592804,80.26554108,58222,58232,10
13.05897045,80.26550293,58232,58242,10
13.05846977,80.26538086,58242,58252,10
13.05807972,80.26495361,58252,58262,10
13.0580101,80.26441956,58262,58272,10
13.05795002,80.26399994,58272,58282,10
13.0578804,80.26339722,58282,58292,10
13.05780029,80.26275635,58292,58303,11
13.05768967,80.2620697,58303,58313,10
13.05757046,80.26135254,58313,58323,10
13.05737019,80.26048279,58323,58333,10
13.05710983,80.25959778,58333,58343,10
13.05688,80.2589035,58343,58353,10
13.05673981,80.25845337,58353,58363,10
13.05667019,80.25807953,58363,58373,10
13.05655003,80.25759125,58373,58383,10
13.05646038,80.25727081,58383,58393,10
13.05640984,80.25714111,58393,58404,11
13.0563097,80.25657654,58404,58414,10
13.05611038,80.25617981,58414,58424,10
13.05578995,80.25572968,58424,58434,10
13.0553503,80.25512695,58434,58444,10
13.05482006,80.25443268,58444,58454,10
13.05410957,80.25356293,58454,58474,20
13.05410957,80.25356293,58474,58484,10
13.05393028,80.25327301,58484,58494,10
13.05364037,80.25286102,58494,58504,10
13.0532198,80.25227356,58504,58515,11
13.05268002,80.25153351,58515,58525,10
13.05218029,80.25086212,58525,58535,10
13.05150032,80.25026703,58535,58545,10
13.05053997,80.24996948,58545,58555,10
13.04953003,80.24980164,58555,58565,10
13.04874039,80.24970245,58565,58575,10
13.04798985,80.2492981,58575,58585,10
13.04743958,80.2487793,58585,58595,10
13.04697037,80.24861145,58595,58605,10
13.0468998,80.24861145,58605,58616,11
13.04666996,80.24859619,58616,58626,10
13.04605961,80.24846649,58626,58636,10
13.04535007,80.24816132,58636,58646,10
13.04450035,80.24799347,58646,58656,10
13.04380035,80.24790955,58656,58666,10
13.04339027,80.24783325,58666,58676,10
13.04267979,80.24765778,58676,58686,10
13.04211044,80.24755859,58686,58696,10
13.04176998,80.24749756,58696,58706,10
13.04150963,80.24745178,58706,58716,10
13.04123974,80.24736786,58716,58727,11
13.04051971,80.24723816,58727,58737,10
13.03969955,80.24710083,58737,58787,50
13.03969955,80.24710083,58787,58798,11
13.03936005,80.24701691,58798,58807,9
13.0388298,80.24687195,58807,58817,10
13.03814983,80.24671173,58817,58829,12
13.03726959,80.24656677,58829,58837,8
13.03654957,80.24642944,58837,58847,10
13.03567982,80.24617767,58847,58857,10
13.03516006,80.24601746,58857,58869,12
13.03507042,80.24590302,58869,58879,10
13.03477955,80.24562836,58879,58888,9
13.03439045,80.24511719,58888,58899,11
13.03394032,80.24452972,58899,58908,9
13.03357983,80.24404144,58908,58919,11
13.03289986,80.24314117,58919,58980,61
13.03289986,80.24314117,58980,58988,8
13.03287983,80.24311066,58988,59000,12
13.03269005,80.24288177,59000,59010,10
13.03258038,80.2427063,59010,59018,8
13.03242016,80.24250793,59018,59121,103
13.03242016,80.24250793,59121,59128,7
13.0321703,80.24221039,59128,59141,13
13.03197956,80.24196625,59141,59152,11
13.03174973,80.24149323,59152,59162,10
13.03153038,80.24105072,59162,59242,80
13.03155041,80.2409668,59242,59263,21
13.03155041,80.2409668,59263,59273,10
13.0314703,80.24082947,59273,59283,10
13.03124046,80.2403717,59283,59293,10
13.0310297,80.23988342,59293,59303,10
13.03063965,80.23918152,59303,59313,10
13.0301199,80.23827362,59313,59323,10
13.02952957,80.23729706,59323,59333,10
13.02900982,80.23674011,59333,59343,10
13.02875042,80.23644257,59343,59354,11
13.02820015,80.23583221,59354,59364,10
13.02766991,80.23506927,59364,59374,10
13.02709961,80.23404694,59374,59384,10
13.02649021,80.233078,59384,59394,10
13.0261898,80.23233032,59394,59404,10
13.02612972,80.23207855,59404,59414,10
13.02602005,80.23162842,59414,59424,10
13.02583981,80.2309494,59424,59434,10
13.02542019,80.23014832,59434,59444,10
13.02497959,80.22955322,59444,59454,10
13.0247097,80.22920227,59454,59465,11
13.02433014,80.22869873,59465,59475,10
13.02394009,80.22827911,59475,59485,10
13.02392006,80.2282486,59485,59495,10
13.02387047,80.22815704,59495,59505,10
13.02359009,80.2277832,59505,59515,10
13.02303982,80.22724152,59515,59525,10
13.02239037,80.22666168,59525,59535,10
13.02173996,80.22612,59535,59545,10
13.02105999,80.22557831,59545,59554,9
13.02062988,80.22525024,59554,59566,12
13.02052021,80.22518158,59566,59576,10
13.02017975,80.2249527,59576,59586,10
13.01959038,80.2245636,59586,59596,10
13.01865005,80.22454071,59596,59606,10
13.01760006,80.22499084,59606,59616,10
13.01673985,80.22534943,59616,59626,10
13.01628971,80.22551727,59626,59636,10
13.01578045,80.22567749,59636,59646,10
13.01515007,80.22592163,59646,59656,10
13.01459026,80.2261734,59656,59687,31
13.01459026,80.2261734,59687,59697,10
13.01422024,80.22625732,59697,59707,10
13.01354027,80.22650909,59707,59717,10
13.01264954,80.22686005,59717,59727,10
13.01169968,80.22724915,59727,59737,10
13.01072979,80.22763062,59737,59747,10
13.00969982,80.22802734,59747,59757,10
13.00905991,80.22875977,59757,59767,10
13.00881958,80.22994232,59767,59778,11
13.00856018,80.23139954,59778,59788,10
13.00831985,80.23272705,59788,59798,10
13.00823021,80.23352051,59798,59808,10
13.0081501,80.23377228,59808,59818,10
13.00802994,80.23432922,59818,59829,11
13.00790024,80.23500061,59829,59839,10
13.00774002,80.23583984,59839,59848,9
13.00757027,80.23668671,59848,59859,11
13.00736046,80.23777008,59859,59868,9
13.00720024,80.23861694,59868,59878,10
13.00695038,80.23989105,59878,60001,123
13.00695038,80.23989105,60001,60011,10
13.00685024,80.24025726,60011,60021,10
13.00675011,80.24092865,60021,60031,10
13.00667953,80.24167633,60031,60041,10
13.00669003,80.24260712,60041,60051,10
13.00667953,80.24342346,60051,60061,10
13.00667,80.24423981,60061,60071,10
13.00669003,80.24484253,60071,60081,10
13.00667953,80.24524689,60081,60091,10
13.00669956,80.2455368,60091,60102,11
13.00669956,80.24604034,60102,60112,10
13.00669956,80.24640656,60112,60122,10
13.00671005,80.24664307,60122,60132,10
13.00673962,80.24700928,60132,60142,10
13.00671959,80.24743652,60142,60152,10
13.00669956,80.24813843,60152,60162,10
13.00675011,80.24910736,60162,60172,10
13.00677967,80.25009155,60172,60182,10
13.0067997,80.25138092,60182,60233,51
13.0067997,80.25138092,60233,60243,10
13.00675011,80.25164032,60243,60253,10
13.00662041,80.25222015,60253,60262,9
13.00656033,80.25302124,60262,60273,11
13.00654984,80.25418091,60273,60283,10
13.00660038,80.25505829,60283,60293,10
13.00658989,80.25521088,60293,60304,11
13.00660038,80.25575256,60304,60314,10
13.00662041,80.25650024,60314,60324,10
13.00662041,80.25705719,60324,60334,10
13.00662994,80.25710297,60334,60344,10
13.00666046,80.25743866,60344,60354,10
13.00627995,80.25756836,60354,60364,10
13.00562,80.25740051,60364,60374,10
13.00506973,80.25723267,60374,60384,10
13.00438023,80.25708008,60384,60394,10
13.00364971,80.25694275,60394,60404,10
13.00269985,80.25675964,60404,60435,31
13.00269985,80.25675964,60435,60445,10
13.00251007,80.25672913,60445,60455,10
13.00193024,80.25662231,60455,60465,10
13.00127029,80.25655365,60465,60475,10
13.00057983,80.25644684,60475,60485,10
13.00018024,80.25637817,60485,60495,10
13.00008011,80.25631714,60495,60505,10
12.99975967,80.25627899,60505,60526,21
12.99975967,80.25627899,60526,60536,10
12.99967003,80.25630188,60536,60546,10
12.99936008,80.25621796,60546,60556,10
12.9988699,80.2561264,60556,60566,10
12.99847031,80.25608063,60566,60576,10
12.99843979,80.25608063,60576,60586,10
12.9980402,80.25598145,60586,60596,10
12.99717999,80.25592041,60596,60606,10
12.99654007,80.25588226,60606,60615,9
12.9958601,80.25588989,60615,60627,12
12.99505997,80.25592041,60627,60637,10
12.99419022,80.2559967,60637,60647,10
12.99324989,80.25605774,60647,60657,10
12.99223995,80.25610352,60657,60667,10
12.99158955,80.256073,60667,60677,10
12.99147987,80.25605774,60677,60687,10
12.99141026,80.256073,60687,60697,10
12.99110031,80.25602722,60697,60707,10
12.99057961,80.25601196,60707,60717,10
12.99013042,80.2559967,60717,60728,11
12.98970032,80.25598907,60728,60748,20
12.98970032,80.25598907,60748,60758,10
12.9894104,80.25598145,60758,60768,10
12.98935986,80.25598145,60768,60778,10
12.98917007,80.25596619,60778,60788,10
12.98898029,80.25595093,60788,60798,10
12.98865986,80.25592041,60798,60808,10
12.98820972,80.25588226,60808,60818,10
12.98779011,80.25585175,60818,60828,10
12.98758984,80.25627136,60828,60838,10
12.98756027,80.25666046,60838,60848,10
12.98754978,80.25688934,60848,60858,10
12.98750019,80.25733948,60858,60870,12
12.98744011,80.25829315,60870,60878,8
12.98738956,80.25872803,60878,60890,12
12.98735046,80.25895691,60890,60900,10
12.98733044,80.25911713,60900,60910,10
12.98725033,80.25932312,60910,60920,10
12.98711967,80.25961304,60920,60941,21
12.98711967,80.25961304,60941,60951,10
12.98696041,80.25956726,60951,60960,9
12.98672962,80.25950623,60960,60970,10
12.98672009,80.2591095,60970,61021,51
12.9868803,80.2591629,61021,61092,71
12.9868803,80.2591629,61092,61102,10
12.98721027,80.25917816,61102,61112,10
12.98731041,80.25910187,61112,61122,10
12.98736,80.25881195,61122,61132,10
12.98736954,80.25859833,61132,61142,10
12.98740005,80.25823212,61142,61153,11
12.98740959,80.2580719,61153,61173,20
12.98740959,80.2580719,61173,61183,10
12.98744965,80.25791931,61183,61193,10
12.98746014,80.25766754,61193,61203,10
12.98746014,80.25727844,61203,61213,10
12.98748016,80.25708771,61213,61223,10
12.98750973,80.25672913,61223,61233,10
12.98754978,80.25601196,61233,61243,10
12.98791027,80.25579834,61243,61252,9
12.98803997,80.25583649,61252,61264,12
12.98832989,80.25588226,61264,61274,10
12.98841,80.25589752,61274,61284,10
12.98851013,80.25592041,61284,61294,10
12.98873043,80.25595093,61294,61304,10
12.98884964,80.25598145,61304,61314,10
12.98939991,80.25602722,61314,61324,10
12.99016953,80.25608063,61324,61334,10
12.99071026,80.25608063,61334,61344,10
12.99131966,80.25608826,61344,61354,10
12.99228001,80.25605011,61354,61425,71
12.99228001,80.25605011,61425,61435,10
12.99271011,80.25604248,61435,61445,10
12.99277973,80.25604248,61445,61455,10
12.99293995,80.25605011,61455,61465,10
12.99302959,80.25602722,61465,61476,11
12.99326038,80.25601959,61476,61486,10
12.99357986,80.2559967,61486,61516,30
12.99357986,80.2559967,61516,61526,10
12.99380016,80.25601959,61526,61536,10
12.99407005,80.25601196,61536,61577,41
12.99407005,80.25601196,61577,61587,10
12.99425983,80.25605774,61587,61597,10
12.99446011,80.25602722,61597,61607,10
12.99477959,80.25598145,61607,61617,10
12.99501991,80.25595093,61617,61627,10
12.99528027,80.25592804,61627,61637,10
12.9957304,80.25591278,61637,61647,10
12.99615955,80.25589752,61647,61718,71
12.99629974,80.25595093,61718,61738,20
12.99629974,80.25595093,61738,61748,10
12.99643993,80.25595856,61748,61758,10
12.99678993,80.25592804,61758,61768,10
12.99713039,80.25592804,61768,61778,10
12.99775028,80.2559433,61778,61789,11
12.99868965,80.25608063,61789,61809,20
12.99868965,80.25608063,61809,61821,12
12.9989996,80.2561264,61821,61831,10
12.99962997,80.25624084,61831,61841,10
13.00004005,80.2563324,61841,61851,10
13.00059032,80.25643158,61851,61860,9
13.00119972,80.25653839,61860,61871,11
13.00168991,80.25662231,61871,61881,10
13.00203037,80.25665283,61881,61890,9
13.00228977,80.25669098,61890,61900,10
13.00249004,80.25673676,61900,61912,12
13.00298977,80.25684357,61912,61920,8
13.00347996,80.25692749,61920,61930,10
13.00395966,80.25701904,61930,61942,12
13.00432968,80.25708008,61942,61952,10
13.00457954,80.25710297,61952,61982,30
13.00457954,80.25710297,61982,61992,10
13.00489044,80.25714111,61992,62003,11
13.0053997,80.25724792,62003,62013,10
13.00576973,80.25733948,62013,62023,10
13.00634956,80.25746918,62023,62033,10
13.00652981,80.25711823,62033,62043,10
13.00650024,80.25627136,62043,62053,10
13.00650024,80.25527954,62053,62063,10
13.00652027,80.2543335,62063,62073,10
13.00652027,80.25369263,62073,62083,10
13.00650024,80.25315094,62083,62093,10
13.00650024,80.25301361,62093,62104,11
13.00652027,80.25256348,62104,62114,10
13.00656033,80.25228119,62114,62124,10
13.00667953,80.25177765,62124,62134,10
13.00675964,80.2509613,62134,62144,10
13.00675964,80.24999237,62144,62154,10
13.00673962,80.24913025,62154,62164,10
13.00664997,80.24812317,62164,62235,71
13.00664997,80.24812317,62235,62245,10
13.00664997,80.24761963,62245,62255,10
13.00666046,80.24720764,62255,62265,10
13.00664043,80.2468338,62265,62275,10
13.00660992,80.24649811,62275,62285,10
13.00662994,80.2463913,62285,62295,10
13.00664043,80.24591827,62295,62305,10
13.00664997,80.24549866,62305,62316,11
13.00664043,80.24497986,62316,62326,10
13.00662994,80.24450684,62326,62336,10
13.00662041,80.24407959,62336,62346,10
13.00660038,80.24358368,62346,62356,10
13.00656986,80.24299622,62356,62366,10
13.00656986,80.24211884,62366,62376,10
13.00660992,80.24114227,62376,62386,10
13.00667,80.24067688,62386,62406,20
13.00667,80.24067688,62406,62416,10
13.00671005,80.24037933,62416,62427,11
13.0068903,80.23964691,62427,62437,10
13.00706005,80.23877716,62437,62447,10
13.00722027,80.23799133,62447,62457,10
13.00734043,80.23744965,62457,62467,10
13.00743008,80.23705292,62467,62477,10
13.00743008,80.23674774,62477,62487,10
13.00743008,80.23673248,62487,62497,10
13.00753975,80.23641205,62497,62507,10
13.00765038,80.23590088,62507,62516,9
13.00771999,80.23551941,62516,62528,12
13.0078001,80.23512268,62528,62538,10
13.0079298,80.23446655,62538,62548,10
13.00811958,80.23355865,62548,62558,10
13.00833035,80.23242188,62558,62568,10
13.00854969,80.23129272,62568,62578,10
13.00879002,80.23008728,62578,62588,10
13.00903034,80.22892761,62588,62598,10
13.0093298,80.22788239,62598,62608,10
13.00979996,80.22682953,62608,62618,10
13.01027966,80.22583771,62618,62628,10
13.01060009,80.22528076,62628,62639,11
13.01082993,80.22467804,62639,62649,10
13.0111599,80.22383118,62649,62669,20
13.0111599,80.22383118,62669,62679,10
13.01124954,80.22367096,62679,62689,10
13.01142025,80.22328949,62689,62699,10
13.01167011,80.22245026,62699,62709,10
13.01208019,80.22167206,62709,62719,10
13.01251984,80.22186279,62719,62729,10
13.01303005,80.22248077,62729,62740,11
13.0136404,80.2231369,62740,62750,10
13.01420021,80.22380829,62750,62760,10
13.01465034,80.22434998,62760,62770,10
13.01523018,80.22486877,62770,62780,10
13.0156002,80.22509003,62780,62790,10
13.01566982,80.22516632,62790,62801,11
13.01613045,80.22541046,62801,62810,9
13.01677036,80.22530365,62810,62820,10
13.01753044,80.22499084,62820,62830,10
13.01834011,80.22463989,62830,62842,12
13.01922035,80.22432709,62842,62850,8
13.01930046,80.22434235,62850,62860,10
13.01941013,80.22438049,62860,62872,12
13.01974964,80.2245636,62872,62891,19
13.01974964,80.2245636,62891,62901,10
13.01978016,80.22464752,62901,62912,11
13.02013969,80.22489166,62912,62922,10
13.02077007,80.22532654,62922,62932,10
13.02155018,80.22592163,62932,62942,10
13.02233982,80.2265625,62942,62953,11
13.02326012,80.22737885,62953,62961,8
13.02431965,80.2284317,62961,62991,30
13.02431965,80.2284317,62991,63003,12
13.02443027,80.22860718,63003,63011,8
13.02466011,80.2289505,63011,63021,10
13.02501965,80.22946167,63021,63031,10
13.02542973,80.23001099,63031,63041,10
13.02556992,80.23020935,63041,63054,13
13.0257597,80.23062134,63054,63064,10
13.02585983,80.23091888,63064,63074,10
13.02595997,80.23126221,63074,63084,10
13.0261097,80.23178864,63084,63094,10
13.02628994,80.2324295,63094,63104,10
13.02663994,80.23316956,63104,63114,10
13.02709007,80.2339325,63114,63124,10
13.02756023,80.23471832,63124,63134,10
13.02797985,80.23545837,63134,63144,10
13.02857971,80.23613739,63144,63154,10
13.02960014,80.23721313,63154,63175,21
13.02960014,80.23721313,63175,63185,10
13.02974987,80.23748779,63185,63193,8
13.03001976,80.23792267,63193,63205,12
13.03048038,80.23869324,63205,63215,10
13.03073978,80.23918915,63215,63225,10
13.03092003,80.23944855,63225,63306,81
13.03092003,80.23944855,63306,63316,10
13.03108978,80.23976898,63316,63326,10
13.03118992,80.23995972,63326,63336,10
13.03135967,80.24018097,63336,63346,10
13.03141022,80.24066925,63346,63356,10
13.03157043,80.24111938,63356,63366,10
13.03184032,80.2416687,63366,63377,11
13.03229046,80.24236298,63377,63387,10
13.03277969,80.24299622,63387,63397,10
13.03328037,80.2436676,63397,63407,10
13.03378963,80.24437714,63407,63417,10
13.03437996,80.24511719,63417,63427,10
13.03493977,80.2457962,63427,63437,10
13.03536034,80.24604034,63437,63447,10
13.03559971,80.24613953,63447,63488,41
13.03559971,80.24613953,63488,63498,10
13.0357399,80.24617767,63498,63508,10
13.03617001,80.24636841,63508,63518,10
13.03691959,80.24653625,63518,63528,10
13.03757954,80.24646759,63528,63537,9
13.03820992,80.24662781,63537,63548,11
13.0389204,80.24681854,63548,63579,31
13.0389204,80.24681854,63579,63589,10
13.03917027,80.24693298,63589,63599,10
13.03969002,80.24704742,63599,63609,10
13.04084015,80.24723816,63609,63629,20
13.04084015,80.24723816,63629,63639,10
13.04109955,80.24727631,63639,63649,10
13.04166031,80.24739075,63649,63659,10
13.04205036,80.24745941,63659,63669,10
13.04244041,80.24758148,63669,63679,10
13.04292011,80.24777985,63679,63690,11
13.04360962,80.24790955,63690,63700,10
13.04409027,80.24783325,63700,63710,10
13.04461956,80.24794006,63710,63720,10
13.04506016,80.24816895,63720,63730,10
13.04570007,80.2484436,63730,63740,10
13.04638958,80.24854279,63740,63750,10
13.04679966,80.2485199,63750,63760,10
13.04699993,80.24846649,63760,63770,10
13.04712009,80.24849701,63770,63780,10
13.04747963,80.24874115,63780,63791,11
13.0479002,80.24915314,63791,63801,10
13.04835987,80.24958038,63801,63812,11
13.04901981,80.24971771,63812,63822,10
13.04938984,80.24980927,63822,63830,8
13.04986,80.24990082,63830,63841,11
13.05072975,80.25009155,63841,63851,10
13.05148029,80.25032043,63851,63861,10
13.05210972,80.25080109,63861,63871,10
13.05253029,80.25134277,63871,63882,11
13.05276966,80.25163269,63882,63891,9
13.0529604,80.25184631,63891,63902,11
13.05296993,80.2518692,63902,63913,11
13.05309963,80.25202942,63913,63923,10
13.05338001,80.25241089,63923,63932,9
13.05373955,80.25293732,63932,63943,11
13.05430031,80.25372314,63943,63952,9
13.05477047,80.25431824,63952,63963,11
13.0551796,80.25489807,63963,63973,10
13.05552006,80.25537872,63973,63983,10
13.0559597,80.25596619,63983,63993,10
13.05646038,80.25656128,63993,64004,11
13.05673981,80.25681305,64004,64014,10
13.05679989,80.25688171,64014,64024,10
13.05720043,80.25723267,64024,64034,10
13.05776024,80.25773621,64034,64044,10
13.05823994,80.25830841,64044,64054,10
13.0587101,80.2589035,64054,64064,10
13.05908966,80.25940704,64064,64074,10
13.05947018,80.2600174,64074,64084,10
13.06007004,80.26055908,64084,64094,10
13.06048965,80.26100159,64094,64105,11
13.06052017,80.26107788,64105,64115,10
13.06074047,80.2613678,64115,64125,10
13.06120014,80.26196289,64125,64135,10
13.06161976,80.26241302,64135,64145,10
13.06210041,80.26304626,64145,64155,10
13.06268024,80.26376343,64155,64165,10
13.06319046,80.26434326,64165,64175,10
13.06322002,80.26438141,64175,64185,10
13.0634203,80.26473999,64185,64195,10
13.06375027,80.26528931,64195,64205,10
13.0639801,80.26560974,64205,64216,11
13.06406975,80.26570892,64216,64226,10
13.06431961,80.26602936,64226,64236,10
13.06451035,80.2662735,64236,64246,10
13.06466007,80.2664566,64246,64256,10
13.06476021,80.2665863,64256,64266,10
13.06490993,80.26677704,64266,64276,10
13.06532001,80.26712036,64276,64286,10
13.06566048,80.26737213,64286,64296,10
13.06593037,80.26776886,64296,64306,10
13.06622028,80.26818085,64306,64317,11
13.06643009,80.26834869,64317,64327,10
13.0666399,80.26841736,64327,64337,10
13.06678963,80.26844788,64337,64347,10
13.06686974,80.26847839,64347,64357,10
13.06702042,80.26856995,64357,64367,10
13.06706047,80.26859283,64367,64377,10
13.06744003,80.26886749,64377,64387,10
13.06797028,80.2692337,64387,64397,10
13.06832027,80.26931,64397,64407,10
13.06842041,80.26888275,64407,64418,11
13.06865978,80.26822662,64418,64428,10
13.06890965,80.26750946,64428,64438,10
13.06921959,80.26701355,64438,64448,10
13.06931973,80.266922,64448,64458,10
13.06947041,80.26670074,64458,64468,10
13.06974983,80.26648712,64468,64478,10
13.06993008,80.26631927,64478,64488,10
13.07019997,80.2660675,64488,64498,10
13.07026005,80.26602936,64498,64508,10
13.07050037,80.26574707,64508,64518,10
13.07089043,80.26535034,64518,64529,11
13.07126999,80.2649231,64529,64539,10
13.07162952,80.26457214,64539,64549,10
13.07199955,80.26416779,64549,64559,10
13.07242966,80.26348114,64559,64569,10
13.07262993,80.26286316,64569,64579,10
13.07285023,80.26226044,64579,64589,10
13.07299042,80.26165771,64589,64599,10
13.07301044,80.26155853,64599,64609,10
13.0730896,80.26104736,64609,64619,10
13.07318974,80.26069641,64619,64630,11
13.07334042,80.26048279,64630,64640,10
13.07341957,80.26030731,64640,64650,10
13.07351971,80.2600708,64650,64660,10
13.07376003,80.259758,64660,64670,10
13.07429028,80.25924683,64670,64680,10
13.07495022,80.25869751,64680,64690,10
13.07524014,80.25839233,64690,64700,10
13.07553005,80.25811768,64700,64710,10
13.07557011,80.25808716,64710,64720,10
13.07569981,80.25801086,64720,64730,10
13.07608032,80.25769806,64730,64741,11
13.07653999,80.25724792,64741,64751,10
13.07713032,80.25686646,64751,64761,10
13.07793045,80.25668335,64761,64771,10
13.07900047,80.25653839,64771,64791,20
13.07900047,80.25653839,64791,64801,10
13.07905006,80.25652313,64801,64811,10
13.07903957,80.25614929,64811,64821,10
13.07901001,80.25569153,64821,64830,9
13.07896996,80.25552368,64830,64842,12
13.07896042,80.25533295,64842,64851,9
13.0789299,80.25492859,64851,64863,12
13.07921982,80.25456238,64863,64873,10
13.07960033,80.2545929,64873,64913,40
13.07960033,80.2545929,64913,64923,10
13.07991982,80.25469971,64923,64933,10
13.0799799,80.25470734,64933,64944,11
13.08026028,80.25473785,64944,64954,10
13.0805397,80.25479889,64954,64964,10
13.08102989,80.25488281,64964,64974,10
13.08148003,80.25488281,64974,64984,10
13.08178043,80.25449371,64984,64994,10
13.08187008,80.25395203,64994,65004,10
13.08193016,80.25350189,65004,65014,10
13.08187962,80.25308228,65014,65024,10
13.08162975,80.25263977,65024,65034,10
13.08141994,80.2521286,65034,65043,9
13.08139038,80.25161743,65043,65055,12
13.08137989,80.25118256,65055,65065,10
13.08137035,80.25097656,65065,65075,10
13.08137035,80.25080109,65075,65085,10
13.08135986,80.25055695,65085,65095,10
13.08135986,80.25034332,65095,65105,10
13.08131027,80.25002289,65105,65115,10
13.08148003,80.24967957,65115,65125,10
13.08205032,80.24976349,65125,65135,10
13.08248997,80.24981689,65135,65145,10
13.08306026,80.24990082,65145,65156,11
13.08384037,80.25006104,65156,65166,10
13.08456993,80.25016785,65166,65176,10
13.08475971,80.25022125,65176,65186,10
13.08489037,80.2502594,65186,65196,10
13.08530998,80.25032806,65196,65206,10
13.08555031,80.25036621,65206,65216,10
13.08570004,80.25038147,65216,65226,10
13.08588982,80.25026703,65226,65236,10
13.08588982,80.24978638,65236,65246,10
13.08584023,80.24903107,65246,65256,10
13.0858202,80.24816132,65256,65267,11
13.08584023,80.2472229,65267,65277,10
13.08578014,80.24674225,65277,65287,10
13.08574963,80.24655914,65287,65297,10
13.08568001,80.24555969,65297,65327,30
13.0855999,80.24530792,65327,65388,61
13.0855999,80.24530792,65388,65398,10
13.08574009,80.24513245,65398,65408,10
13.08613968,80.24479675,65408,65418,10
13.08673,80.24433136,65418,65428,10
13.0873003,80.24385834,65428,65438,10
13.08765984,80.24350739,65438,65448,10
13.08782005,80.24318695,65448,65458,10
13.08792019,80.24263763,65458,65468,10
13.08819962,80.24204254,65468,65479,11
13.08882999,80.24162292,65479,65489,10
13.08944035,80.24121094,65489,65499,10
13.09029961,80.24086761,65499,65509,10
13.09130001,80.24088287,65509,65519,10
13.0920496,80.24092865,65519,65529,10
13.09265995,80.24095917,65529,65539,10
13.09342957,80.24107361,65539,65549,10
13.09416008,80.24118042,65549,65559,10
13.09432983,80.24121094,65559,65569,10
13.09451962,80.2412262,65569,65580,11
13.09519958,80.24140167,65580,65590,10
13.09591961,80.24165344,65590,65600,10
13.09657955,80.24189758,65600,65610,10
13.09696007,80.24202728,65610,65670,60
13.09696007,80.24202728,65670,65681,11
13.09722996,80.24214935,65681,65691,10
13.09766006,80.24224854,65691,65701,10
13.09799957,80.24230957,65701,65711,10
13.09864044,80.24230957,65711,65731,20
13.09864044,80.24230957,65731,65741,10
13.09873962,80.24223328,65741,65751,10
13.09867001,80.24188995,65751,65761,10
13.0984602,80.24217224,65761,65924,163
13.0984602,80.24217224,65924,65934,10
13.09838009,80.24243927,65934,65944,10
13.09832001,80.24240875,65944,65954,10
13.09774017,80.24227142,65954,65994,40
13.09774017,80.24227142,65994,66005,11
13.09751034,80.2421875,66005,66015,10
13.09724045,80.24211121,66015,66025,10
13.0968399,80.24199677,66025,66035,10
13.09626961,80.24182129,66035,66045,10
13.09576035,80.24163818,66045,66055,10
13.09533978,80.24149323,66055,66065,10
13.09506035,80.24138641,66065,66075,10
13.09461975,80.24125671,66075,66085,10
13.09424019,80.24118042,66085,66095,10
13.09358025,80.24107361,66095,66106,11
13.09313965,80.24099731,66106,66116,10
13.0926199,80.24093628,66116,66126,10
13.09224987,80.24091339,66126,66136,10
13.09162998,80.24085999,66136,66146,10
13.09070969,80.24080658,66146,66156,10
13.08979988,80.24092865,66156,66166,10
13.08918953,80.24131012,66166,66176,10
13.08854961,80.24178314,66176,66186,10
13.08794022,80.24237823,66186,66195,9
13.08780956,80.24295044,66195,66207,12
13.08775997,80.24327087,66207,66217,10
13.08751011,80.24368286,66217,66227,10
13.08708954,80.2440033,66227,66237,10
13.08666992,80.24440002,66237,66247,10
13.08642006,80.24462128,66247,66257,10
13.08640957,80.24462891,66257,66267,10
13.08605003,80.24492645,66267,66277,10
13.08567047,80.24521637,66277,66287,10
13.0855999,80.24582672,66287,66297,10
13.08565998,80.24646759,66297,66307,10
13.08567047,80.24677277,66307,66318,11
13.08570957,80.24700928,66318,66328,10
13.08574009,80.24754333,66328,66338,10
13.08576965,80.24832153,66338,66348,10
13.0858202,80.24909973,66348,66358,10
13.08584976,80.24989319,66358,66368,10
13.08582973,80.25045776,66368,66378,10
13.08580971,80.25073242,66378,66388,10
13.08576012,80.25118256,66388,66398,10
13.08570957,80.25153351,66398,66439,41
13.08570957,80.25153351,66439,66449,10
13.08565998,80.25205994,66449,66469,20
13.08565998,80.25205994,66469,66479,10
13.08563042,80.25238037,66479,66499,20
13.08561039,80.25263977,66499,66540,41
13.08561039,80.25263977,66540,66550,10
13.08557034,80.25321198,66550,66560,10
13.08555031,80.25341797,66560,66570,10
13.08553982,80.2537384,66570,66580,10
13.0855999,80.25406647,66580,66590,10
13.08561993,80.25450897,66590,66610,20
13.08561993,80.25450897,66610,66620,10
13.08541012,80.25467682,66620,66631,11
13.08497047,80.25466919,66631,66641,10
13.08448029,80.25462341,66641,66651,10
13.08397007,80.25457001,66651,66661,10
13.08380985,80.25454712,66661,66671,10
13.08333015,80.25450897,66671,66681,10
13.08269978,80.25450134,66681,66691,10
13.08224964,80.2545166,66691,66701,10
13.08166027,80.25476074,66701,66711,10
13.08127022,80.25483704,66711,66720,9
13.08104992,80.25483704,66720,66732,12
13.08069038,80.25480652,66732,66762,30
13.08069038,80.25480652,66762,66772,10
13.08026028,80.2547226,66772,66792,20
13.08026028,80.2547226,66792,66802,10
13.08001995,80.25469208,66802,66812,10
13.07977962,80.25463867,66812,66822,10
13.07929993,80.25460052,66822,66833,11
13.07898045,80.25482178,66833,66843,10
13.07903004,80.2556076,66843,66853,10
13.0790596,80.25630188,66853,66873,20
13.0790596,80.25630188,66873,66883,10
13.07907963,80.25657654,66883,66923,40
13.07874966,80.25663757,66923,66933,10
13.07874966,80.25663757,66933,66944,11
13.07822037,80.25663757,66944,66953,9
13.07779026,80.25668335,66953,66964,11
13.07730007,80.25676727,66964,66974,10
13.07676029,80.25704193,66974,66984,10
13.07610035,80.25765228,66984,66994,10
13.07548046,80.25821686,66994,67004,10
13.07551956,80.25894928,67004,67014,10
13.07596016,80.2596283,67014,67024,10
13.07651997,80.26013947,67024,67034,10
13.07703972,80.26064301,67034,67045,11
13.07744026,80.2613678,67045,67055,10
13.07756996,80.26174927,67055,67065,10
13.07769012,80.26200867,67065,67085,20
13.07769012,80.26200867,67085,67095,10
13.07771969,80.26207733,67095,67105,10
13.07773972,80.26215363,67105,67115,10
13.07779026,80.26229858,67115,67125,10
13.07781982,80.26246643,67125,67135,10
13.07785988,80.26261902,67135,67144,9
13.07789993,80.26284027,67144,67156,12
13.07804966,80.26334381,67156,67166,10
13.07787991,80.26358795,67166,67176,10
13.07730961,80.26394653,67176,67186,10
13.07656002,80.26412201,67186,67196,10
13.07583046,80.2641983,67196,67206,10
13.07540035,80.26376343,67206,67216,10
13.07493973,80.26319885,67216,67226,10
13.07458019,80.26273346,67226,67236,10
13.07411003,80.26217651,67236,67246,10
13.07376003,80.26174927,67246,67257,11
13.07361031,80.26158142,67257,67267,10
13.07341957,80.26138306,67267,67277,10
13.07299042,80.26159668,67277,67287,10
13.0727396,80.26232147,67287,67297,10
13.07250977,80.26300812,67297,67307,10
13.0722599,80.26358032,67307,67317,10
13.07188034,80.26416016,67317,67327,10
13.07155037,80.26452637,67327,67337,10
13.07153034,80.26454926,67337,67347,10
13.07135963,80.26470947,67347,67358,11
13.07098007,80.26506042,67358,67368,10
13.07056999,80.26553345,67368,67378,10
13.07019997,80.26584625,67378,67388,10
13.0699501,80.26611328,67388,67398,10
13.06987,80.2662735,67398,67408,10
13.06958008,80.26651001,67408,67418,10
13.06947041,80.26663208,67418,67428,10
13.06929016,80.26683044,67428,67438,10
13.06896973,80.26721954,67438,67448,10
13.06871033,80.26792908,67448,67457,9
13.06851959,80.26847839,67457,67469,12
13.06836033,80.2690506,67469,67479,10
13.06824017,80.26972198,67479,67489,10
13.06812954,80.27050781,67489,67499,10
13.06805992,80.27092743,67499,67509,10
13.06766033,80.27086639,67509,67519,10
13.06721973,80.27040863,67519,67529,10
13.06717968,80.27036285,67529,67539,10
13.06698036,80.2700882,67539,67549,10
13.06657982,80.26957703,67549,67559,10
13.06643009,80.26898193,67559,67570,11
13.06622028,80.2682724,67570,67580,10
13.06571007,80.26772308,67580,67590,10
13.06540966,80.26760864,67590,67600,10
13.06517982,80.26760101,67600,67610,10
13.06517029,80.26760101,67610,67620,10
13.06497002,80.26754761,67620,67630,10
13.06437969,80.2674408,67630,67640,10
13.06377029,80.26728058,67640,67650,10
13.06317997,80.26721191,67650,67660,10
13.06285,80.26717377,67660,67671,11
13.06245041,80.26685333,67671,67681,10
13.06206989,80.26634979,67681,67691,10
13.06165981,80.26582336,67691,67701,10
13.0612402,80.26531982,67701,67711,10
13.06079006,80.26522064,67711,67721,10
13.06066036,80.26526642,67721,67731,10
13.06058979,80.26531219,67731,67741,10
13.06029987,80.26544952,67741,67751,10
13.05992985,80.26558685,67751,67761,10
13.05982018,80.26560974,67761,67772,11
13.05959988,80.26557159,67772,67782,10
13.05939007,80.26551819,67782,67792,10
13.05922985,80.26548004,67792,67802,10
13.05895996,80.26544189,67802,67812,10
13.05891037,80.26544189,67812,67822,10
13.05879974,80.26542664,67822,67832,10
13.05854988,80.26538086,67832,67842,10
13.0581398,80.26519775,67842,67852,10
13.05799007,80.26461029,67852,67862,10
13.05792999,80.26409912,67862,67872,10
13.05780983,80.26348877,67872,67883,11
13.05774975,80.26270294,67883,67893,10
13.05766964,80.26216888,67893,67903,10
13.05757999,80.26171875,67903,67913,10
13.05749989,80.26132202,67913,67923,10
13.05737972,80.26081848,67923,67933,10
13.05723,80.26026154,67933,67943,10
13.05710983,80.25978851,67943,67953,10
13.05696964,80.25946808,67953,67963,10
13.05679989,80.25891113,67963,67973,10
13.0567503,80.25869751,67973,67984,11
13.05661011,80.25811768,67984,67994,10
13.05646992,80.25740051,67994,68014,20
13.05646992,80.25740051,68014,68024,10
13.05644035,80.25720215,68024,68034,10
13.05632019,80.25672913,68034,68044,10
13.05597973,80.25608826,68044,68054,10
13.05550957,80.25540924,68054,68064,10
13.05502033,80.25463867,68064,68074,10
13.05438042,80.25383759,68074,68083,9
13.05412006,80.25350189,68083,68095,12
13.05391026,80.25318146,68095,68105,10
13.05348969,80.25257874,68105,68115,10
13.05294037,80.25183868,68115,68125,10
13.05241966,80.25112152,68125,68135,10
13.05181026,80.2504425,68135,68145,10
13.05088043,80.25,68145,68155,10
13.04986,80.24980164,68155,68165,10
13.04887009,80.24968719,68165,68175,10
13.04810047,80.2493515,68175,68185,10
13.04691029,80.24859619,68185,68206,21
13.04691029,80.24859619,68206,68216,10
13.04658031,80.24855042,68216,68226,10
13.04584026,80.2483902,68226,68236,10
13.0451498,80.24813843,68236,68246,10
13.0443697,80.24799347,68246,68256,10
13.04354,80.24781799,68256,68266,10
13.04298973,80.2477417,68266,68276,10
13.04244995,80.24772644,68276,68286,10
13.04170036,80.24755096,68286,68297,11
13.04152012,80.24746704,68297,68307,10
13.04127026,80.24739075,68307,68317,10
13.04063988,80.24723053,68317,68327,10
13.03967953,80.24707031,68327,68384,57
13.03967953,80.24707031,68384,68397,13
13.03905964,80.24687958,68397,68408,11
13.03831959,80.24674225,68408,68418,10
13.03750038,80.24659729,68418,68428,10
13.03676033,80.24645996,68428,68438,10
13.03619003,80.24629974,68438,68447,9
13.03563976,80.24613953,68447,68458,11
13.03522015,80.24598694,68458,68468,10
13.03511047,80.24590302,68468,68478,10
13.03479004,80.24559021,68478,68488,10
13.03439999,80.24508667,68488,68498,10
13.03388977,80.24450684,68498,68509,11
13.03320026,80.24359131,68509,68519,10
13.03254986,80.2427597,68519,68529,10
13.03201962,80.24208069,68529,68539,10
13.03166962,80.24134827,68539,68549,10
13.03116035,80.24028015,68549,68579,30
13.03116035,80.24028015,68579,68589,10
13.03114033,80.24017334,68589,68599,10
13.0310297,80.23989868,68599,68610,11
13.03069973,80.23922729,68610,68620,10
13.03026009,80.2384491,68620,68630,10
13.02974033,80.23751831,68630,68640,10
13.0291996,80.23684692,68640,68650,10
13.0289402,80.23658752,68650,68660,10
13.02853012,80.23613739,68660,68670,10
13.02797985,80.23548889,68670,68680,10
13.02754974,80.23484039,68680,68690,10
13.02738953,80.23458099,68690,68700,10
13.02713013,80.23416138,68700,68781,81
13.02713013,80.23416138,68781,68791,10
13.02696037,80.23391724,68791,68801,10
13.02678013,80.23361969,68801,68811,10
13.02659035,80.23329163,68811,68822,11
13.02633953,80.23284912,68822,68832,10
13.02626038,80.23265076,68832,68842,10
13.02622986,80.23251343,68842,68852,10
13.02622032,80.23230743,68852,68862,10
13.02616978,80.2321167,68862,68872,10
13.02616024,80.23201752,68872,68882,10
13.02614975,80.23188019,68882,68892,10
13.02602959,80.23153687,68892,68902,10
13.02583981,80.23092651,68902,68911,9
13.02546978,80.23014832,68911,68922,11
13.02482033,80.22931671,68922,68933,11
13.02445984,80.22885132,68933,68943,10
13.02387047,80.22815704,68943,68973,30
13.02387047,80.22815704,68973,68983,10
13.02369976,80.22785187,68983,68993,10
13.02322006,80.22738647,68993,69003,10
13.0225296,80.22676086,69003,69013,10
13.0217104,80.22606659,69013,69023,10
13.0210104,80.22551727,69023,69034,11
13.02038956,80.22506714,69034,69044,10
13.01984978,80.22470093,69044,69054,10
13.01930046,80.22442627,69054,69064,10
13.01844025,80.22454834,69064,69074,10
13.0174799,80.22496033,69074,69084,10
13.01669025,80.22530365,69084,69094,10
13.01638031,80.22545624,69094,69104,10
13.01593018,80.2256012,69104,69114,10
13.01544952,80.22577667,69114,69123,9
13.01504993,80.22593689,69123,69135,12
13.01445007,80.22615814,69135,69145,10
13.01426983,80.22621155,69145,69155,10
13.01414013,80.22622681,69155,69165,10
13.01364994,80.2264328,69165,69175,10
13.01294994,80.22672272,69175,69185,10
13.01214027,80.22702789,69185,69195,10
13.01136017,80.22736359,69195,69205,10
13.01047993,80.22769165,69205,69215,10
13.00961018,80.22805786,69215,69225,10
13.0090704,80.22875214,69225,69235,10
13.00887966,80.22972107,69235,69246,11
13.00866032,80.23079681,69246,69256,10
13.00844955,80.23184967,69256,69266,10
13.0082798,80.23285675,69266,69276,10
13.00821018,80.23348236,69276,69286,10
13.00819969,80.23349762,69286,69296,10
13.00811958,80.23374939,69296,69306,10
13.00798988,80.23433685,69306,69316,10
13.00784969,80.23506165,69316,69326,10
13.00767994,80.23596191,69326,69336,10
13.00753021,80.23673248,69336,69347,11
13.00743961,80.23712921,69347,69357,10
13.00737953,80.23742676,69357,69367,10
13.00732994,80.23764801,69367,69377,10
13.00730038,80.23783112,69377,69387,10
13.00722027,80.23825836,69387,69397,10
13.00710011,80.23893738,69397,69437,40
13.00710011,80.23893738,69437,69448,11
13.00701046,80.2394104,69448,69458,10
13.00683022,80.24002075,69458,69468,10
13.00675011,80.24075317,69468,69478,10
13.00673008,80.24088287,69478,69488,10
13.00669003,80.24141693,69488,69498,10
13.00667953,80.24211121,69498,69508,10
13.00667953,80.24237823,69508,69518,10
13.00667953,80.24269867,69518,69528,10
13.00667,80.24289703,69528,69538,10
13.00666046,80.24311066,69538,69547,9
13.00667,80.24329376,69547,69559,12
13.00666046,80.24356842,69559,69569,10
13.00664997,80.24395752,69569,69579,10
13.00664997,80.24443817,69579,69589,10
13.00664997,80.24484253,69589,69599,10
13.00666046,80.24530029,69599,69609,10
13.00669003,80.24585724,69609,69619,10
13.00673008,80.24649811,69619,69629,10
13.00671959,80.2472229,69629,69639,10
13.00669003,80.24781799,69639,69649,10
13.00671005,80.24867249,69649,69660,11
13.00675011,80.24958801,69660,69670,10
13.00677967,80.25045776,69670,69680,10
13.0067997,80.25112152,69680,69690,10
13.0067997,80.25115967,69690,69700,10
13.00675964,80.25135803,69700,69710,10
13.00664043,80.25187683,69710,69720,10
13.00652027,80.25273132,69720,69730,10
13.00650024,80.25379944,69730,69740,10
13.00654984,80.25462341,69740,69750,10
13.00656033,80.25498962,69750,69761,11
13.00654984,80.25528717,69761,69771,10
13.00654984,80.2559967,69771,69781,10
13.00656986,80.25679779,69781,69791,10
13.00658989,80.25717163,69791,69872,81
13.00658989,80.25717163,69872,69882,10
13.00658989,80.25720978,69882,69892,10
13.0065403,80.25744629,69892,69902,10
13.00605011,80.25746155,69902,69912,10
13.0054903,80.25736237,69912,69922,10
13.00485992,80.25717163,69922,69932,10
13.00446987,80.25708008,69932,69942,10
13.0042696,80.25702667,69942,69952,10
13.00399971,80.2569809,69952,69962,10
13.00354004,80.25688934,69962,69983,21
13.00354004,80.25688934,69983,69993,10
13.00321007,80.25684357,69993,70104,111
13.00321007,80.25684357,70104,70114,10
13.00269032,80.2567215,70114,70124,10
13.00236034,80.25666046,70124,70134,10
13.00203991,80.25662231,70134,70144,10
13.00150013,80.25655365,70144,70225,81
13.00150013,80.25655365,70225,70235,10
13.0013504,80.25653839,70235,70245,10
13.00100994,80.25649261,70245,70255,10
13.00026989,80.25637054,70255,70265,10
12.99967957,80.25624084,70265,70296,31
12.99967957,80.25624084,70296,70306,10
12.99944019,80.25617981,70306,70316,10
12.99894047,80.25608063,70316,70326,10
12.99843979,80.25604248,70326,70336,10
12.99818039,80.25596619,70336,70346,10
12.99806023,80.25595093,70346,70356,10
12.99769974,80.25588989,70356,70417,61
12.99769974,80.25588989,70417,70427,10
12.99738026,80.25592041,70427,70437,10
12.99711037,80.25588989,70437,70447,10
12.9968996,80.255867,70447,70457,10
12.99683952,80.25585938,70457,70467,10
12.99664974,80.25585938,70467,70477,10
12.99629974,80.25582886,70477,70486,9
12.99575996,80.25583649,70486,70498,12
12.99520969,80.25585175,70498,70508,10
12.99456024,80.25588989,70508,70518,10
12.99394989,80.25595093,70518,70528,10
12.99316025,80.2559967,70528,70538,10
12.9921999,80.25604248,70538,70548,10
12.9913702,80.2559967,70548,70558,10
12.99090958,80.25598907,70558,70568,10
12.99073982,80.25598907,70568,70578,10
12.99061966,80.2559967,70578,70588,10
12.99032021,80.25598145,70588,70599,11
12.98980045,80.25596619,70599,70609,10
12.98917007,80.25592804,70609,70619,10
12.98863983,80.25591278,70619,70629,10
12.9886198,80.25591278,70629,70639,10
12.9882803,80.255867,70639,70649,10
12.98801994,80.25582123,70649,70659,10
12.9878397,80.25582886,70659,70669,10
12.98760986,80.25595093,70669,70679,10
12.98754025,80.2565918,70679,70689,10
12.98746967,80.25713348,70689,70699,10
12.98740959,80.25788879,70699,70710,11
12.98733997,80.25875854,70710,70720,10
12.98721981,80.25937653,70720,70760,40
12.98721981,80.25937653,70760,70770,10
12.98717022,80.25958252,70770,70780,10
12.98700047,80.25950623,70780,70790,10
12.98700047,80.25926208,70790,71679,889
12.98700047,80.25926208,71679,71689,10
12.98725033,80.25913239,71689,71699,10
12.98731995,80.25904083,71699,71709,10
12.98735046,80.25872803,71709,71719,10
12.98738956,80.25807953,71719,71749,30
12.98738956,80.25807953,71749,71760,11
12.98744965,80.25782013,71760,71770,10
12.98748016,80.25746918,71770,71780,10
12.9874897,80.2569809,71780,71790,10
12.98756027,80.25660706,71790,71810,20
12.98756027,80.25660706,71810,71820,10
12.98760033,80.25640106,71820,72002,182
12.98744965,80.25626373,72002,72042,40
12.98744965,80.25626373,72042,72052,10
12.98750973,80.256073,72052,72061,9
12.98752975,80.25583649,72061,72073,12
12.98787975,80.25575256,72073,72083,10
12.98830032,80.25582123,72083,72093,10
12.98840046,80.25583649,72093,72103,10
12.98849964,80.255867,72103,72113,10
12.98880005,80.25591278,72113,72123,10
12.98937988,80.25598145,72123,72133,10
12.98999023,80.25601196,72133,72143,10
12.99077988,80.25601959,72143,72153,10
12.99153996,80.25605774,72153,72163,10
12.99273014,80.25604248,72163,72214,51
12.99273014,80.25604248,72214,72224,10
12.99281025,80.25602722,72224,72234,10
12.99302006,80.25602722,72234,72244,10
12.99324036,80.25601196,72244,72254,10
12.99324036,80.2559967,72254,72264,10
12.9934597,80.25598907,72264,72273,9
12.99363041,80.25596619,72273,72285,12
12.9939003,80.25598145,72285,72315,30
12.9939003,80.25598145,72315,72325,10
12.99446964,80.25598907,72325,72335,10
12.99475002,80.25595093,72335,72345,10
12.99501038,80.2559433,72345,72355,10
12.99540043,80.25592804,72355,72466,111
12.99540043,80.25592804,72466,72476,10
12.99565029,80.25596619,72476,72486,10
12.99604034,80.25595856,72486,72497,11
12.99672031,80.2559433,72497,72507,10
12.99713039,80.25592041,72507,72517,10
12.99740028,80.25592041,72517,72527,10
12.99765015,80.2559433,72527,72537,10
12.99825001,80.2559967,72537,72547,10
12.99864006,80.25604248,72547,72557,10
12.99892998,80.25608826,72557,72586,29
12.99892998,80.25608826,72586,72598,12
12.99903011,80.25608826,72598,72608,10
12.99940968,80.25615692,72608,72618,10
12.99991989,80.25626373,72618,72628,10
13.00047016,80.25637817,72628,72638,10
13.00065994,80.25641632,72638,72648,10
13.00088024,80.25644684,72648,72658,10
13.00123024,80.25650787,72658,72668,10
13.00181007,80.25660706,72668,72678,10
13.00257015,80.25673676,72678,72688,10
13.00319958,80.25685883,72688,72699,11
13.00393963,80.25700378,72699,72709,10
13.00459957,80.2571106,72709,72719,10
13.00524044,80.25723267,72719,72729,10
13.00543976,80.25726318,72729,72739,10
13.00590038,80.25737,72739,72749,10
13.0064497,80.25743866,72749,72759,10
13.00652027,80.25701904,72759,72769,10
13.00648975,80.25637054,72769,72779,10
13.00646973,80.25563812,72779,72789,10
13.00652027,80.25511932,72789,72799,10
13.00650024,80.25453186,72799,72810,11
13.00646973,80.2539978,72810,72830,20
13.00646973,80.2539978,72830,72840,10
13.00646973,80.25382996,72840,72850,10
13.00646019,80.25379181,72850,72860,10
13.00646973,80.25372314,72860,72870,10
13.00648022,80.25337219,72870,72880,10
13.00648975,80.25321198,72880,72890,10
13.00648022,80.25273132,72890,72961,71
13.00648022,80.25273132,72961,72971,10
13.00650978,80.25263214,72971,72981,10
13.0065403,80.25232697,72981,72991,10
13.00664997,80.25174713,72991,73001,10
13.00675011,80.25093079,73001,73012,11
13.00675011,80.25021362,73012,73022,10
13.00673008,80.24958038,73022,73032,10
13.00662994,80.24836731,73032,73112,80
13.00662994,80.24836731,73112,73123,11
13.00658035,80.24804688,73123,73133,10
13.00660038,80.24759674,73133,73143,10
13.00660992,80.24700165,73143,73153,10
13.00660038,80.24688721,73153,73163,10
13.00660992,80.24669647,73163,73173,10
13.00662994,80.24606323,73173,73183,10
13.00662041,80.24517822,73183,73193,10
13.00660038,80.24433136,73193,73203,10
13.00658035,80.24359894,73203,73213,10
13.00656033,80.24284363,73213,73224,11
13.00656033,80.24186707,73224,73234,10
13.00658035,80.24108124,73234,73244,10
13.00664043,80.2406311,73244,73254,10
13.00671959,80.24028778,73254,73264,10
13.00687981,80.23963165,73264,73274,10
13.00704956,80.2387619,73274,73284,10
13.00724983,80.23782349,73284,73294,10
13.00737953,80.23699951,73294,73304,10
13.00741959,80.23671722,73304,73314,10
13.00745964,80.2366333,73314,73325,11
13.0075798,80.23615265,73325,73335,10
13.00769043,80.23565674,73335,73345,10
13.00774956,80.23529053,73345,73355,10
13.00784016,80.23483276,73355,73365,10
13.00798988,80.23412323,73365,73375,10
13.00817966,80.23317719,73375,73385,10
13.00839996,80.23200989,73385,73395,10
13.00864983,80.23078156,73395,73405,10
13.00889015,80.22953033,73405,73415,10
13.00911999,80.2283783,73415,73425,10
13.0095396,80.22734833,73425,73436,11
13.01008034,80.22618103,73436,73446,10
13.01054955,80.22515869,73446,73456,10
13.01095009,80.22428131,73456,73466,10
13.01126003,80.22366333,73466,73476,10
13.01144028,80.22329712,73476,73486,10
13.01169014,80.22263336,73486,73496,10
13.01194954,80.2218399,73496,73506,10
13.01233006,80.22154236,73506,73516,10
13.01261997,80.22194672,73516,73525,9
13.01305962,80.2224884,73525,73537,12
13.01381969,80.22332001,73537,73547,10
13.01451015,80.22412872,73547,73557,10
13.0151701,80.22480774,73557,73567,10
13.01558018,80.2250824,73567,73577,10
13.01558971,80.22509003,73577,73587,10
13.01572037,80.22518921,73587,73597,10
13.01620007,80.22532654,73597,73607,10
13.01698971,80.22512054,73607,73616,9
13.01780033,80.22480011,73616,73627,11
13.01935959,80.22431183,73627,73649,22
13.01935959,80.22431183,73649,73659,10
13.01955032,80.22442627,73659,73669,10
13.02001953,80.22476959,73669,73679,10
13.0206604,80.22525024,73679,73689,10
13.02132034,80.22576141,73689,73699,10
13.02190018,80.22618866,73699,73708,9
13.02219009,80.22644043,73708,73719,11
13.02258968,80.22679901,73719,73729,10
13.0230999,80.22725677,73729,73739,10
13.02359962,80.22772217,73739,73750,11
13.02423,80.22840881,73750,73760,10
13.0248003,80.22918701,73760,73770,10
13.02542019,80.23001862,73770,73780,10
13.02598,80.23130035,73780,73830,50
13.02598,80.23130035,73830,73840,10
13.02602959,80.23145294,73840,73851,11
13.02616024,80.23194122,73851,73861,10
13.02637959,80.23259735,73861,73871,10
13.02678967,80.23342133,73871,73881,10
13.02737999,80.23438263,73881,73891,10
13.02799988,80.23548889,73891,73901,10
13.0288496,80.23645782,73901,73911,10
13.02952003,80.23715973,73911,73921,10
13.02960014,80.23731995,73921,73931,10
13.02987003,80.23773956,73931,73941,10
13.03020954,80.23827362,73941,73950,9
13.03054047,80.23886871,73950,73962,12
13.03085995,80.23944855,73962,73972,10
13.03100967,80.2396698,73972,73982,10
13.03106976,80.23977661,73982,73992,10
13.03118992,80.23995972,73992,74002,10
13.03133965,80.24024963,74002,74012,10
13.0313797,80.2407074,74012,74022,10
13.03157043,80.2410965,74022,74032,10
13.03176022,80.24150085,74032,74042,10
13.03203011,80.2420578,74042,74052,10
13.03244972,80.24252319,74052,74063,11
13.03264999,80.24281311,74063,74073,10
13.03300953,80.24331665,74073,74083,10
13.03341007,80.2438736,74083,74093,10
13.03372955,80.2443924,74093,74103,10
13.03407001,80.24478912,74103,74113,10
13.03446007,80.24524689,74113,74123,10
13.03493023,80.2457962,74123,74133,10
13.03530979,80.24604034,74133,74143,10
13.03567028,80.24614716,74143,74153,10
13.03571987,80.24617004,74153,74164,11
13.03604984,80.24629974,74164,74174,10
13.03670025,80.24645996,74174,74184,10
13.03736019,80.24643707,74184,74194,10
13.03804016,80.24655914,74194,74204,10
13.03866959,80.24674988,74204,74234,30
13.03866959,80.24674988,74234,74244,10
13.03896046,80.24687195,74244,74254,10
13.0394001,80.2469635,74254,74264,10
13.03981972,80.24701691,74264,74275,11
13.04043007,80.24713135,74275,74285,10
13.04063034,80.24716949,74285,74295,10
13.04074001,80.24719238,74295,74305,10
13.04127979,80.24727631,74305,74315,10
13.04197025,80.24742126,74315,74325,10
13.04246998,80.24759674,74325,74335,10
13.0428896,80.24777985,74335,74345,10
13.04345036,80.24788666,74345,74355,10
13.04397964,80.24781036,74355,74365,10
13.04444027,80.24790192,74365,74376,11
13.04498959,80.2481308,74376,74386,10
13.04543972,80.24828339,74386,74396,10
13.0459404,80.24848938,74396,74406,10
13.04654026,80.24849701,74406,74416,10
13.04699993,80.2484436,74416,74426,10
13.04703999,80.24848175,74426,74436,10
13.04738998,80.24865723,74436,74446,10
13.04773998,80.24903107,74446,74456,10
13.04806042,80.24933624,74456,74466,10
13.04839039,80.2496109,74466,74477,11
13.04891968,80.24971008,74477,74487,10
13.04971981,80.24981689,74487,74497,10
13.05062962,80.25000763,74497,74507,10
13.05138969,80.25022888,74507,74517,10
13.05200005,80.2506485,74517,74527,10
13.05245972,80.2512207,74527,74537,10
13.05292988,80.25186157,74537,74547,10
13.05350018,80.25263214,74547,74557,10
13.0539999,80.2533493,74557,74567,10
13.05449963,80.2539978,74567,74577,10
13.05498981,80.25463104,74577,74588,11
13.05550003,80.25534821,74588,74598,10
13.05593967,80.25592041,74598,74608,10
13.05624008,80.25631714,74608,74618,10
13.05661964,80.25669861,74618,74628,10
13.05685997,80.25689697,74628,74638,10
13.05692959,80.25695801,74638,74648,10
13.0573597,80.25736237,74648,74658,10
13.05790997,80.2579422,74658,74668,10
13.05846024,80.2585907,74668,74678,10
13.05895042,80.25917816,74678,74689,11
13.0592804,80.25984955,74689,74699,10
13.05980015,80.26027679,74699,74709,10
13.06033993,80.26091766,74709,74719,10
13.06095982,80.26167297,74719,74729,10
13.0614996,80.26226044,74729,74739,10
13.06177044,80.26265717,74739,74749,10
13.06217957,80.26316071,74749,74759,10
13.06266022,80.26371765,74759,74769,10
13.06315994,80.26426697,74769,74778,9
13.06324959,80.26438904,74778,74790,12
13.0635004,80.26481628,74790,74800,10
13.06389046,80.26544189,74800,74810,10
13.06441021,80.26609802,74810,74820,10
13.06484032,80.26664734,74820,74830,10
13.0651598,80.26699066,74830,74840,10
13.06566048,80.26737213,74840,74850,10
13.06608009,80.26792908,74850,74860,10
13.06639004,80.26824188,74860,74870,10
13.06667042,80.26841736,74870,74880,10
13.06690025,80.26850891,74880,74890,10
13.06700039,80.26856995,74890,74901,11
13.06739044,80.26883698,74901,74911,10
13.06783962,80.26914978,74911,74921,10
13.06818962,80.26933289,74921,74931,10
13.0683403,80.26908112,74931,74941,10
13.06846046,80.26863098,74941,74951,10
13.06863022,80.26818085,74951,74961,10
13.06882954,80.26763916,74961,74971,10
13.06906033,80.26715088,74971,74981,10
13.06931019,80.26686096,74981,74990,9
13.06958961,80.26656342,74990,75002,12
13.06986046,80.26628113,75002,75012,10
13.07001972,80.26612854,75012,75022,10
13.07021999,80.26596832,75022,75032,10
13.07048988,80.26569366,75032,75042,10
13.07075024,80.26544189,75042,75052,10
13.07118034,80.26496887,75052,75062,10
13.07151031,80.26464081,75062,75072,10
13.07174015,80.26439667,75072,75082,10
13.07205009,80.26402283,75082,75092,10
13.07233047,80.26357269,75092,75103,11
13.07256031,80.26299286,75103,75113,10
13.07271957,80.26251984,75113,75123,10
13.07287025,80.26213837,75123,75133,10
13.0729599,80.26177979,75133,75143,10
13.07304955,80.26148987,75143,75153,10
13.07316017,80.26120758,75153,75163,10
13.07345963,80.26138306,75163,75173,10
13.07392979,80.26190948,75173,75183,10
13.07439041,80.26246643,75183,75193,10
13.07485008,80.26304626,75193,75203,10
13.07532024,80.26368713,75203,75214,11
13.07590008,80.26425171,75214,75224,10
13.07649994,80.26418304,75224,75234,10
13.07678986,80.26415253,75234,75244,10
13.07701015,80.26410675,75244,75254,10
13.07750988,80.26389313,75254,75264,10
13.07781029,80.26365662,75264,75274,10
13.07798004,80.26355743,75274,75284,10
13.07808971,80.26332092,75284,75294,10
13.07791996,80.26281738,75294,75303,9
13.07775974,80.26228333,75303,75315,12
13.07752037,80.26158905,75315,75325,10
13.07736969,80.26120758,75325,75335,10
13.07723045,80.26088715,75335,75355,20
13.07723045,80.26088715,75355,75365,10
13.07711983,80.26062012,75365,75375,10
13.07666969,80.26016235,75375,75385,10
13.0760603,80.25965881,75385,75395,10
13.07567978,80.2591629,75395,75405,10
13.07555008,80.25878906,75405,75456,51
13.07555008,80.25878906,75456,75466,10
13.07544041,80.258461,75466,75476,10
13.07549,80.25811768,75476,75486,10
13.07596016,80.25778198,75486,75496,10
13.07647991,80.25730133,75496,75506,10
13.07705975,80.25688171,75506,75516,10
13.07773972,80.25668335,75516,75527,11
13.07859039,80.25662231,75527,75537,10
13.07898998,80.25652313,75537,75547,10
13.07907009,80.25611115,75547,75557,10
13.07898045,80.25543976,75557,75567,10
13.07892036,80.25505829,75567,75628,61
13.07886028,80.25473785,75628,75698,70
13.07886028,80.25473785,75698,75708,10
13.07929993,80.2545929,75708,75728,20
13.07946968,80.25456238,75728,75789,61
13.07946968,80.25456238,75789,75799,10
13.07983971,80.25463867,75799,75819,20
13.07983971,80.25463867,75819,75829,10
13.08014011,80.25466156,75829,75840,11
13.08014965,80.25466156,75840,75850,10
13.08040047,80.2547226,75850,75860,10
13.08057976,80.25475311,75860,75870,10
13.08111954,80.25483704,75870,75880,10
13.08166981,80.25463867,75880,75890,10
13.08183956,80.25402069,75890,75900,10
13.08193016,80.25325775,75900,75910,10
13.08164978,80.25256348,75910,75920,10
13.08139038,80.25182343,75920,75929,9
13.08137035,80.2512207,75929,75941,12
13.08137035,80.25070953,75941,75951,10
13.08133984,80.25018311,75951,75961,10
13.08137035,80.24976349,75961,75971,10
13.08166981,80.24963379,75971,75981,10
13.08232975,80.24974823,75981,75991,10
13.0829401,80.24983978,75991,76001,10
13.08356953,80.24996185,76001,76011,10
13.08419991,80.25007629,76011,76021,10
13.08462048,80.25009918,76021,76040,19
13.08462048,80.25009918,76040,76052,12
13.08481026,80.25010681,76052,76062,10
13.08533955,80.25025177,76062,76072,10
13.08574009,80.25032806,76072,76082,10
13.0858202,80.25034332,76082,76092,10
13.08590984,80.24996185,76092,76102,10
13.08586025,80.2492218,76102,76112,10
13.08580971,80.2483902,76112,76122,10
13.08578968,80.24755096,76122,76132,10
13.08574009,80.24671936,76132,76141,9
13.08574963,80.24661255,76141,76153,12
13.08570957,80.24626923,76153,76163,10
13.08567047,80.24555969,76163,76193,30
13.08567047,80.24555969,76193,76203,10
13.08568001,80.24526215,76203,76213,10
13.08592987,80.24501801,76213,76223,10
13.08637047,80.24466705,76223,76233,10
13.08693027,80.2441864,76233,76243,10
13.08738041,80.24382019,76243,76254,11
13.08767033,80.24350739,76254,76264,10
13.08775997,80.24334717,76264,76274,10
13.08788013,80.24295044,76274,76284,10
13.08798027,80.24234772,76284,76294,10
13.08845043,80.24188232,76294,76304,10
13.08895016,80.24152374,76304,76314,10
13.08932018,80.24124908,76314,76324,10
13.08975029,80.24098206,76324,76334,10
13.0904398,80.24082947,76334,76344,10
13.09132004,80.24086761,76344,76354,10
13.0921402,80.24091339,76354,76365,11
13.09288025,80.24095154,76365,76375,10
13.09368038,80.24108887,76375,76385,10
13.09428978,80.24118805,76385,76405,20
13.09428978,80.24118805,76405,76415,10
13.09469986,80.2412796,76415,76425,10
13.09531021,80.24143982,76425,76435,10
13.09589958,80.24165344,76435,76445,10
13.09659004,80.24189758,76445,76455,10
13.09731007,80.24211884,76455,76466,11
13.09780979,80.24224854,76466,76476,10
13.09829044,80.24234772,76476,76486,10
13.09862041,80.24230194,76486,76506,20
13.09862041,80.24230194,76506,76516,10
13.09881973,80.24217987,76516,76526,10
13.09864998,80.2417984,76526,76536,10
13.09844971,80.24205017,76536,76718,182
13.09846973,80.2421875,76718,76748,30
13.09846973,80.2421875,76748,76758,10
13.09817028,80.24230957,76758,76767,9
13.09768963,80.24221802,76767,76799,32
13.09768963,80.24221802,76799,76809,10
13.09722042,80.24205017,76809,76819,10
13.09663963,80.24185944,76819,76829,10
13.09584999,80.24160767,76829,76839,10
13.09517956,80.24138641,76839,76849,10
13.09461021,80.24124908,76849,76859,10
13.09393978,80.24111938,76859,76868,9
13.09325981,80.2409668,76868,76880,12
13.09237003,80.24095154,76880,76890,10
13.09152985,80.24091339,76890,76900,10
13.09057999,80.24085999,76900,76910,10
13.0898304,80.24099731,76910,76920,10
13.08917999,80.24138641,76920,76930,10
13.08847046,80.24188232,76930,76940,10
13.08794975,80.24259949,76940,76950,10
13.08784008,80.24320984,76950,76960,10
13.08767033,80.24356842,76960,76970,10
13.08712959,80.24404907,76970,76980,10
13.0865202,80.24456787,76980,76991,11
13.08594036,80.24500275,76991,77001,10
13.08570004,80.24526215,77001,77011,10
13.08565998,80.2457428,77011,77021,10
13.0857296,80.24642181,77021,77031,10
13.08578968,80.24727631,77031,77041,10
13.08586979,80.24819946,77041,77051,10
13.08588982,80.24916077,77051,77061,10
13.08592033,80.24996948,77061,77071,10
13.08584023,80.25064087,77071,77081,10
13.08574009,80.25164795,77081,77102,21
13.08574009,80.25164795,77102,77112,10
13.08570004,80.25183868,77112,77122,10
13.08565998,80.25215912,77122,77132,10
13.08561993,80.25266266,77132,77142,10
13.08557034,80.25315857,77142,77152,10
13.08555031,80.2536087,77152,77162,10
13.08557987,80.25404358,77162,77172,10
13.08561993,80.25441742,77172,77182,10
13.08565044,80.25457001,77182,77193,11
13.08561993,80.25467682,77193,77203,10
13.08539963,80.25469971,77203,77213,10
13.08481979,80.25466156,77213,77223,10
13.08413982,80.25457764,77223,77233,10
13.08370018,80.25453949,77233,77243,10
13.08318043,80.25449371,77243,77253,10
13.08255005,80.25447083,77253,77263,10
13.08197021,80.25463104,77263,77273,10
13.08152008,80.25485229,77273,77283,10
13.08117962,80.25485229,77283,77293,10
13.0808897,80.25482178,77293,77304,11
13.08086014,80.25482178,77304,77314,10
13.08065033,80.25478363,77314,77354,40
13.08065033,80.25478363,77354,77364,10
13.08008957,80.25473022,77364,77374,10
13.07987976,80.25467682,77374,77384,10
13.07971001,80.2546463,77384,77394,10
13.07942009,80.25462341,77394,77465,71
13.07942009,80.25462341,77465,77475,10
13.0791502,80.25460052,77475,77485,10
13.07898998,80.25463867,77485,77495,10
13.07894039,80.25505829,77495,77506,11
13.07896996,80.2557373,77506,77516,10
13.07901955,80.25639343,77516,77526,10
13.07901001,80.25665283,77526,77536,10
13.07868004,80.2567215,77536,77546,10
13.07816029,80.25670624,77546,77556,10
13.07759953,80.25675964,77556,77566,10
13.07701969,80.25691223,77566,77576,10
13.07639027,80.25737762,77576,77586,10
13.07584953,80.25789642,77586,77596,10
13.07544994,80.25830078,77596,77605,9
13.07549,80.25868988,77605,77617,12
13.07581997,80.25949097,77617,77627,10
13.07629967,80.2599411,77627,77637,10
13.07666016,80.26026154,77637,77647,10
13.07693005,80.26056671,77647,77657,10
13.07713985,80.26084137,77657,77667,10
13.07730007,80.26112366,77667,77677,10
13.07744026,80.2614975,77677,77687,10
13.07763004,80.26194763,77687,77718,31
13.07763004,80.26194763,77718,77728,10
13.07765007,80.26209259,77728,77738,10
13.07775021,80.26238251,77738,77748,10
13.07777977,80.26251221,77748,77758,10
13.0777998,80.26264191,77758,77768,10
13.07791042,80.2629776,77768,77778,10
13.07816029,80.2633667,77778,77788,10
13.07794952,80.26358795,77788,77798,10
13.0775404,80.26389313,77798,77808,10
13.07721043,80.26405334,77808,77819,11
13.07678032,80.26415253,77819,77829,10
13.07643032,80.26419067,77829,77839,10
13.07602024,80.26422119,77839,77849,10
13.07567978,80.26422119,77849,77859,10
13.07538033,80.26383972,77859,77869,10
13.07497978,80.26329041,77869,77879,10
13.07462978,80.26281738,77879,77889,10
13.07423973,80.26233673,77889,77899,10
13.07386017,80.26187134,77899,77909,10
13.07367992,80.2616806,77909,77919,10
13.0735302,80.26148224,77919,77930,11
13.07314014,80.26139069,77930,77940,10
13.07291985,80.26183319,77940,77950,10
13.07275009,80.26236725,77950,77960,10
13.07254028,80.2629776,77960,77970,10
13.07231045,80.26358795,77970,77980,10
13.07199001,80.26415253,77980,77990,10
13.0717001,80.26445007,77990,78000,10
13.07139015,80.26477814,78000,78010,10
13.07133007,80.26487732,78010,78019,9
13.07116032,80.26506042,78019,78031,12
13.07069016,80.26554108,78031,78041,10
13.07009983,80.26609039,78041,78051,10
13.0696497,80.26657867,78051,78061,10
13.06941032,80.26685333,78061,78071,10
13.0690403,80.2671814,78071,78081,10
13.06869984,80.26796722,78081,78091,10
13.06842995,80.26879883,78091,78101,10
13.0682497,80.26960754,78101,78111,10
13.06807995,80.27057648,78111,78121,10
13.06776047,80.27094269,78121,78131,10
13.06717968,80.27046204,78131,78142,11
13.06653023,80.26959991,78142,78152,10
13.06636047,80.26888275,78152,78162,10
13.0661602,80.26831055,78162,78172,10
13.06567001,80.26776123,78172,78182,10
13.06525993,80.26766968,78182,78192,10
13.06517982,80.26766968,78192,78202,10
13.06472969,80.26757813,78202,78212,10
13.06402969,80.26747894,78212,78222,10
13.06338024,80.26734161,78222,78232,10
13.06266022,80.2671814,78232,78243,11
13.06212044,80.26654053,78243,78253,10
13.06169987,80.26598358,78253,78263,10
13.06118965,80.26535797,78263,78273,10
13.06062984,80.26529694,78273,78293,20
13.06062984,80.26529694,78293,78303,10
13.06052971,80.26538086,78303,78313,10
13.06011963,80.26555634,78313,78323,10
13.05941963,80.26560974,78323,78333,10
13.05887032,80.26551056,78333,78344,11
13.05850029,80.26544952,78344,78354,10
13.05811977,80.26519775,78354,78364,10
13.05797005,80.26451874,78364,78374,10
13.0578804,80.26392365,78374,78384,10
13.05784035,80.26309204,78384,78394,10
13.05770016,80.26226044,78394,78404,10
13.05755043,80.26141357,78404,78414,10
13.05733967,80.26062012,78414,78424,10
13.05710983,80.2598114,78424,78434,10
13.05692959,80.2593689,78434,78445,11
13.05671024,80.2587738,78445,78455,10
13.05663013,80.25840759,78455,78465,10
13.05655956,80.25805664,78465,78475,10
13.05644035,80.25740051,78475,78495,20
13.05644035,80.25740051,78495,78505,10
13.05638027,80.2572403,78505,78515,10
13.05624008,80.25669861,78515,78525,10
13.05583954,80.25598145,78525,78535,10
13.05527973,80.25512695,78535,78545,10
13.05459976,80.25421143,78545,78556,11
13.05414963,80.25361633,78556,78566,10
13.05403042,80.25341034,78566,78576,10
13.0536499,80.25286102,78576,78586,10
13.05313015,80.25213623,78586,78596,10
13.05255985,80.25140381,78596,78606,10
13.05200958,80.25067902,78606,78616,10
13.05107975,80.25010681,78616,78626,10
13.04981041,80.24986267,78626,78636,10
13.04862022,80.24971771,78636,78646,10
13.04788971,80.24928284,78646,78657,11
13.0471096,80.24865723,78657,78667,10
13.0468502,80.24862671,78667,78677,10
13.04662037,80.24861908,78677,78687,10
13.04596996,80.24848938,78687,78697,10
13.04528046,80.24816132,78697,78707,10
13.04448032,80.24803162,78707,78717,10
13.04351044,80.24784088,78717,78727,10
13.04261017,80.24767303,78727,78737,10
13.04160976,80.24745178,78737,78747,10
13.04049969,80.24726105,78747,78758,11
13.03950977,80.24704742,78758,78768,10
13.03896999,80.24691772,78768,78778,10
13.03841972,80.24674988,78778,78788,10
13.03789997,80.24671173,78788,78798,10
13.03719044,80.24658203,78798,78808,10
13.03652,80.24645233,78808,78818,10
13.03612995,80.24633789,78818,78828,10
13.03577042,80.24623871,78828,78838,10
13.03544044,80.24604034,78838,78848,10
13.03497982,80.24590302,78848,78858,10
13.03474998,80.24564362,78858,78869,11
13.03448009,80.24526978,78869,78879,10
13.03400993,80.24468994,78879,78889,10
13.03343964,80.24398041,78889,78899,10
13.03269958,80.24304962,78899,78909,10
13.03205013,80.24211884,78909,78919,10
13.03164005,80.24121857,78919,78929,10
13.03135967,80.24053955,78929,78949,20
13.03135967,80.24053955,78949,78959,10
13.03135014,80.240448,78959,78970,11
13.03122997,80.24021912,78970,78980,10
13.0310297,80.23979187,78980,78990,10
13.03065014,80.23908234,78990,79000,10
13.03013992,80.23818207,79000,79010,10
13.02949047,80.23719788,79010,79020,10
13.0290699,80.23679352,79020,79030,10
13.02884007,80.23651886,79030,79040,10
13.02838039,80.23600769,79040,79050,10
13.02783012,80.23532104,79050,79060,10
13.02731991,80.23439789,79060,79071,11
13.02661991,80.23329926,79071,79101,30
13.02661991,80.23329926,79101,79111,10
13.02643967,80.23291779,79111,79121,10
13.02620983,80.23230743,79121,79131,10
13.02604008,80.23162079,79131,79141,10
13.02583981,80.23084259,79141,79151,10
13.02542019,80.23005676,79151,79161,10
13.02490044,80.22937775,79161,79171,10
13.02453041,80.22894287,79171,79182,11
13.02390003,80.2281723,79182,79202,20
13.02390003,80.2281723,79202,79212,10
13.02388954,80.22815704,79212,79222,10
13.02363968,80.22782135,79222,79232,10
13.0230999,80.22730255,79232,79242,10
13.02237034,80.22662354,79242,79252,10
13.02151966,80.22589874,79252,79262,10
13.02077007,80.22532654,79262,79272,10
13.02015018,80.22493744,79272,79283,11
13.01998043,80.22483063,79283,79293,10
13.01988029,80.22476196,79293,79303,10
13.0194397,80.22454834,79303,79313,10
13.01861,80.22458649,79313,79323,10
13.01762009,80.22498322,79323,79333,10
13.01667023,80.22535706,79333,79343,10
13.01603031,80.22560883,79343,79353,10
13.01541996,80.22580719,79353,79363,10
13.0146904,80.22611237,79363,79373,10
13.01416969,80.22631836,79373,79384,11
13.01391983,80.22641754,79384,79394,10
13.01325989,80.22664642,79394,79404,10
13.01233959,80.22698975,79404,79414,10
13.01123047,80.22744751,79414,79424,10
13.01006985,80.22792816,79424,79434,10
13.00911999,80.22855377,79434,79444,10
13.00885963,80.22975159,79444,79454,10
13.00862026,80.23100281,79454,79464,10
13.00839043,80.2321701,79464,79474,10
13.00817966,80.23329926,79474,79484,10
13.00796032,80.23429108,79484,79495,11
13.00776005,80.2352829,79495,79505,10
13.00753975,80.23641205,79505,79515,10
13.00730038,80.23763275,79515,79525,10
13.00708961,80.23877716,79525,79535,10
13.00689983,80.23976135,79535,79545,10
13.00673008,80.24079132,79545,79555,10
13.00666046,80.24198151,79555,79565,10
13.00662041,80.24308014,79565,79575,10
13.00658035,80.24420166,79575,79585,10
13.00660038,80.24537659,79585,79595,10
13.00664997,80.24642944,79595,79606,11
13.00664997,80.24754333,79606,79616,10
13.00667,80.2485733,79616,79626,10
13.00671005,80.24949646,79626,79636,10
13.00675011,80.25032043,79636,79646,10
13.00679016,80.25109863,79646,79666,20
13.00679016,80.25109863,79666,79676,10
13.00681019,80.25125122,79676,79685,9
13.00675964,80.25158691,79685,79697,12
13.00654984,80.25244141,79697,79707,10
13.00650978,80.25327301,79707,79717,10
13.00652027,80.25421906,79717,79727,10
13.00656986,80.25488281,79727,79737,10
13.00656033,80.25502777,79737,79747,10
13.00654984,80.25544739,79747,79757,10
13.00654984,80.2562027,79757,79767,10
13.00656033,80.25694275,79767,79777,10
13.00654984,80.25752258,79777,79787,10
13.00601959,80.25749969,79787,79797,10
13.00541019,80.25737,79797,79808,11
13.0046196,80.25717163,79808,79818,10
13.00393963,80.25701141,79818,79828,10
13.00335026,80.25689697,79828,79838,10
13.00271034,80.25675964,79838,79848,10
13.0020504,80.25665283,79848,79858,10
13.00137997,80.25655365,79858,79868,10
13.00061989,80.25641632,79868,79878,10
12.99979973,80.25627899,79878,79898,20
12.99979973,80.25627899,79898,79909,11
12.99932003,80.25617218,79909,79919,10
12.99874973,80.25608063,79919,79929,10
12.99812984,80.2559967,79929,79959,30
12.99812984,80.2559967,79959,79969,10
12.99775028,80.25592041,79969,79979,10
12.9974699,80.25592041,79979,79989,10
12.99713039,80.25589752,79989,79999,10
12.99666977,80.25588226,79999,80010,11
12.99588013,80.25585175,80010,80020,10
12.99505043,80.25588226,80020,80030,10
12.99417973,80.25595856,80030,80040,10
12.99324989,80.25604248,80040,80050,10
12.99205017,80.256073,80050,80060,10
12.99120045,80.2559967,80060,80070,10
12.99069977,80.2559967,80070,80080,10
12.98978996,80.25598145,80080,80121,41
12.98978996,80.25598145,80121,80131,10
12.98956966,80.25598907,80131,80141,10
12.98921967,80.25595856,80141,80151,10
12.98863029,80.25592041,80151,80211,60
12.98863029,80.25592041,80211,80222,11
12.98824024,80.25585938,80222,80232,10
12.98806,80.2558136,80232,80242,10
12.98783016,80.25582123,80242,80252,10
12.98756027,80.25621796,80252,80262,10
12.98750019,80.25697327,80262,80272,10
12.98742008,80.2579422,80272,80282,10
12.98735046,80.25866699,80282,80292,10
12.98711967,80.25914001,80292,80333,41
12.98711967,80.25914001,80333,80343,10
12.98729992,80.25881958,80343,80353,10
12.98736,80.25827789,80353,80363,10
12.98738956,80.25749207,80363,80373,10
12.98750973,80.25652313,80373,80383,10
12.98754978,80.25595856,80383,80393,10
12.98756027,80.2559433,80393,80403,10
12.98758984,80.255867,80403,80413,10
12.98758984,80.25582886,80413,80423,10
12.98777962,80.25572205,80423,80434,11
12.98853016,80.25583649,80434,80444,10
12.98929024,80.25592041,80444,80454,10
12.98981953,80.25598907,80454,80464,10
12.99030018,80.25601196,80464,80474,10
12.99077988,80.25601959,80474,80484,10
12.99147034,80.25604248,80484,80494,10
12.9921999,80.256073,80494,80504,10
12.99295044,80.25605011,80504,80514,10
12.99367046,80.2559967,80514,80524,10
12.99438,80.2559433,80524,80535,11
12.99516964,80.25589752,80535,80545,10
12.99584961,80.25588226,80545,80555,10
12.99608994,80.25588226,80555,80565,10
12.99643993,80.255867,80565,80575,10
12.99682045,80.25585938,80575,80585,10
12.99717045,80.25588226,80585,80595,10
12.99748993,80.25589752,80595,80605,10
12.99763012,80.25598907,80605,80928,323
12.99763012,80.25598907,80928,80938,10
12.99771976,80.25621796,80938,81090,152
12.99761009,80.25634766,81090,81110,20
12.99761009,80.25634766,81110,81120,10
12.99757957,80.25662231,81120,81130,10
12.99742985,80.25701904,81130,81302,172
12.99730968,80.25717926,81302,81675,373
12.99761963,80.25710297,81675,81696,21
12.99761963,80.25710297,81696,81706,10
12.9978199,80.25710297,81706,81716,10
12.9980402,80.25704956,81716,81726,10
