12.99785995,80.25663757,18,4368,4350
12.99806023,80.25701904,4368,6145,1777
12.99806023,80.25701904,6145,6155,10
12.9980402,80.25717163,6155,6165,10
12.99822998,80.25715637,6165,6175,10
12.99831963,80.25689697,6175,6185,10
12.99843979,80.25656128,6185,6256,71
12.99837971,80.25660706,6256,8325,2069
12.99845028,80.25655365,8325,8557,232
12.9982996,80.25646973,8557,9143,586
12.99841976,80.25652313,9143,10243,1100
12.9985199,80.25662231,10243,11202,959
12.99829006,80.25657654,11202,11616,414
12.99841976,80.25669861,11616,11999,383
12.99835014,80.25653839,11999,18389,6390
12.99837971,80.25663757,18389,18520,131
12.99837971,80.25650787,18520,18944,424
12.99833965,80.25659943,18944,19590,646
12.99833965,80.25659943,19590,19600,10
12.99841976,80.25646973,19600,19610,10
12.99841976,80.2564621,19610,19620,10
12.9981699,80.25636292,19620,19630,10
12.99775028,80.2561264,19630,19661,31
12.99775028,80.2561264,19661,19671,10
12.99765968,80.25595093,19671,19681,10
12.99742985,80.2559433,19681,19691,10
12.99705982,80.25595093,19691,19701,10
12.99664974,80.25592041,19701,19711,10
12.9960804,80.25589752,19711,19721,10
12.99549961,80.25592041,19721,19731,10
12.99483967,80.25592804,19731,19741,10
12.99431992,80.25595093,19741,19752,11
12.99359035,80.25601959,19752,19762,10
12.99289036,80.25605774,19762,19772,10
12.99221039,80.25608063,19772,19782,10
12.99160004,80.25608826,19782,19792,10
12.9909296,80.25605774,19792,19802,10
12.99024963,80.25605774,19802,19812,10
12.98948956,80.2559967,19812,19822,10
12.98875046,80.2559433,19822,19832,10
12.98814011,80.25585938,19832,19842,10
12.98773956,80.25579071,19842,19853,11
12.98701954,80.25565338,19853,19863,10
12.98639965,80.25553894,19863,19873,10
12.98581028,80.25540924,19873,19883,10
12.98497963,80.25521088,19883,19893,10
12.98400021,80.25492859,19893,19903,10
12.98297977,80.25469208,19903,19913,10
12.98211002,80.25424957,19913,19923,10
12.98180008,80.25325012,19923,19933,10
12.98118973,80.2527771,19933,19943,10
12.98044014,80.25276947,19943,19953,10
12.97949982,80.25267792,19953,19964,11
12.97826004,80.25231171,19964,19974,10
12.97716045,80.25145721,19974,19984,10
12.97579002,80.25102234,19984,19994,10
12.9744997,80.2506485,19994,20004,10
12.97313976,80.25028229,20004,20014,10
12.9718399,80.24993134,20014,20024,10
12.97049046,80.24954224,20024,20034,10
12.96920967,80.24902344,20034,20044,10
12.96794033,80.24855042,20044,20054,10
12.96671963,80.24797821,20054,20065,11
12.96551991,80.24746704,20065,20075,10
12.96492004,80.24723816,20075,20115,40
12.96492004,80.24723816,20115,20125,10
12.9647398,80.24717712,20125,20135,10
12.96446037,80.24710846,20135,20145,10
12.96395969,80.24694824,20145,20155,10
12.96356964,80.24684143,20155,20164,9
12.9630003,80.24656677,20164,20175,11
12.96242046,80.24619293,20175,20186,11
12.96160984,80.24578857,20186,20196,10
12.96059036,80.24530792,20196,20206,10
12.95936966,80.24476624,20206,20216,10
12.95818996,80.24427032,20216,20226,10
12.95781994,80.24416351,20226,20236,10
12.95744038,80.24401855,20236,20246,10
12.95662975,80.24378967,20246,20256,10
12.95633984,80.24369049,20256,20266,10
12.95600033,80.24352264,20266,20276,10
12.95526028,80.24313354,20276,20287,11
12.95417976,80.24263,20287,20297,10
12.95306015,80.24214172,20297,20307,10
12.95188999,80.24172211,20307,20317,10
12.95063972,80.24131012,20317,20327,10
12.9493103,80.2408905,20327,20337,10
12.94812012,80.24041748,20337,20347,10
12.94701004,80.23995972,20347,20357,10
12.94596958,80.23950195,20357,20367,10
12.94497967,80.23886871,20367,20377,10
12.94421959,80.23806,20377,20388,11
12.94340992,80.23715973,20388,20398,10
12.94233036,80.2364502,20398,20408,10
12.94106007,80.23612976,20408,20418,10
12.93992043,80.23583221,20418,20428,10
12.93881035,80.23531342,20428,20438,10
12.93768978,80.23474121,20438,20448,10
12.93651962,80.23416138,20448,20458,10
12.93572044,80.23377991,20458,20468,10
12.93480015,80.23335266,20468,20478,10
12.93363953,80.2328186,20478,20487,9
12.93245983,80.23238373,20487,20499,12
12.93083,80.23184967,20499,20509,10
12.92936039,80.23146057,20509,20519,10
12.92784977,80.23117828,20519,20529,10
12.92636013,80.23100281,20529,20539,10
12.92490005,80.23084259,20539,20549,10
12.92341042,80.23065186,20549,20559,10
12.92189026,80.23042297,20559,20569,10
12.92033958,80.23023224,20569,20579,10
12.91888046,80.23004913,20579,20589,10
12.91746044,80.2298584,20589,20600,11
12.91592026,80.22963715,20600,20610,10
12.91446972,80.22943115,20610,20620,10
12.91326046,80.22926331,20620,20630,10
12.91191959,80.22907257,20630,20640,10
12.91046047,80.22885895,20640,20650,10
12.90898037,80.22862244,20650,20660,10
12.90748024,80.2283783,20660,20670,10
12.90633965,80.22827911,20670,20680,10
12.9061203,80.22825623,20680,20690,10
12.90538979,80.22821045,20690,20701,11
12.90415955,80.22812653,20701,20711,10
12.90281963,80.22805786,20711,20721,10
12.90145016,80.2279892,20721,20731,10
12.90046978,80.22792816,20731,20741,10
12.89964962,80.22789764,20741,20761,20
12.89964962,80.22789764,20761,20771,10
12.89923954,80.22786713,20771,20781,10
12.89844036,80.22782135,20781,20791,10
12.89735031,80.22776031,20791,20800,9
12.89618969,80.22770691,20800,20812,12
12.89455986,80.22763824,20812,20822,10
12.89315987,80.22747803,20822,20832,10
12.89175987,80.22737885,20832,20842,10
12.89027977,80.22737885,20842,20852,10
12.88887978,80.22737122,20852,20862,10
12.88770962,80.22728729,20862,20872,10
12.88677025,80.22711945,20872,20882,10
12.88560009,80.22683716,20882,20892,10
12.8849802,80.22676086,20892,20901,9
12.88479996,80.22673798,20901,20912,11
12.8840704,80.22673798,20912,20923,11
12.88296032,80.22673798,20923,20933,10
12.88169003,80.22675323,20933,20943,10
12.88029003,80.22676086,20943,20953,10
12.87880039,80.22679138,20953,20963,10
12.87732983,80.22691345,20963,20973,10
12.87640953,80.22699738,20973,20983,10
12.87637043,80.22701263,20983,20993,10
12.87600994,80.22701263,20993,21003,10
12.87524033,80.2269516,21003,21013,10
12.87415028,80.22679901,21013,21024,11
12.8729496,80.22673035,21024,21034,10
12.87238979,80.22673035,21034,21044,10
12.87193966,80.22670746,21044,21054,10
12.87110043,80.22667694,21054,21064,10
12.86995983,80.22657776,21064,21074,10
12.86861992,80.2264328,21074,21084,10
12.86715984,80.22648621,21084,21094,10
12.86569023,80.22662354,21094,21104,10
12.8641901,80.22657776,21104,21113,9
12.86283016,80.22654724,21113,21124,11
12.86131954,80.22662354,21124,21134,10
12.86069012,80.22660828,21134,21145,11
12.8603096,80.22654724,21145,21155,10
12.85951996,80.2264328,21155,21165,10
12.85857964,80.2263031,21165,21175,10
12.85741997,80.22628784,21175,21185,10
12.85606956,80.22640991,21185,21195,10
12.85461998,80.22654724,21195,21205,10
12.85311031,80.2266922,21205,21215,10
12.85155964,80.22663879,21215,21225,10
12.84996986,80.22657776,21225,21235,10
12.84838963,80.22657776,21235,21246,11
12.84669971,80.22659302,21246,21256,10
12.84549999,80.22662354,21256,21266,10
12.84525967,80.22664642,21266,21276,10
12.84480953,80.22667694,21276,21286,10
12.84401035,80.22673798,21286,21296,10
12.84290028,80.22689819,21296,21306,10
12.8415699,80.22718811,21306,21316,10
12.84043026,80.22753143,21316,21326,10
12.83987045,80.22769928,21326,21336,10
12.83971024,80.22776794,21336,21347,11
12.83915043,80.22789764,21347,21357,10
12.83827972,80.22811127,21357,21367,10
12.83710957,80.22831726,21367,21377,10
12.83580971,80.228508,21377,21387,10
12.83456993,80.22868347,21387,21397,10
12.83327961,80.22891998,21397,21407,10
12.83228016,80.22911835,21407,21417,10
12.83218002,80.22915649,21417,21427,10
12.83172989,80.22924805,21427,21437,10
12.83092976,80.22949219,21437,21448,11
12.82973957,80.22994995,21448,21458,10
12.82855988,80.23047638,21458,21468,10
12.82740021,80.23111725,21468,21478,10
12.82608032,80.23139191,21478,21488,10
12.82476044,80.23139954,21488,21498,10
12.82367992,80.23114014,21498,21508,10
12.82244968,80.23075104,21508,21518,10
12.82118988,80.23047638,21518,21528,10
12.81997967,80.23049927,21528,21538,10
12.81877995,80.23045349,21538,21547,9
12.81779957,80.23000336,21547,21558,11
12.81643009,80.22952271,21558,21569,11
12.8149004,80.22927856,21569,21579,10
12.81357002,80.22899628,21579,21589,10
12.81223011,80.22853088,21589,21599,10
12.81089973,80.22801971,21599,21609,10
12.80963039,80.22750092,21609,21619,10
12.80844021,80.22666931,21619,21629,10
12.80741024,80.22577667,21629,21639,10
12.80653954,80.22502136,21639,21649,10
12.80574036,80.22431183,21649,21659,10
12.8048296,80.22398376,21659,21680,21
12.8048296,80.22398376,21680,21690,10
12.80467987,80.22396851,21690,21700,10
12.80418968,80.22392273,21700,21710,10
12.80344009,80.22386169,21710,21720,10
12.80247021,80.22373962,21720,21730,10
12.80132961,80.22361755,21730,21740,10
12.80016041,80.22350311,21740,21750,10
12.79893017,80.22338867,21750,21761,11
12.79738045,80.22318268,21761,21771,10
12.79601955,80.22293854,21771,21781,10
12.7946701,80.22271729,21781,21791,10
12.79323006,80.22251129,21791,21801,10
12.79176998,80.222229,21801,21811,10
12.79039001,80.22189331,21811,21821,10
12.7894001,80.22158813,21821,21831,10
12.78853035,80.22126007,21831,21841,10
12.78767014,80.22093201,21841,21851,10
12.7869997,80.22067261,21851,21861,10
12.7863102,80.22038269,21861,21882,21
12.7863102,80.22038269,21882,21892,10
12.78610039,80.22026825,21892,21902,10
12.78571033,80.22012329,21902,21912,10
12.78512955,80.21983337,21912,21922,10
12.78477001,80.2196579,21922,21932,10
12.78474045,80.2196579,21932,21942,10
12.78458023,80.2195816,21942,21952,10
12.78402042,80.21923828,21952,21962,10
12.78318977,80.21878052,21962,21972,10
12.78209972,80.2181778,21972,21982,10
12.78087044,80.21750641,21982,21993,11
12.77947998,80.2167511,21993,22003,10
12.7781496,80.21605682,22003,22013,10
12.77674007,80.21546173,22013,22023,10
12.77528,80.21486664,22023,22033,10
12.77381039,80.21427917,22033,22043,10
12.77239037,80.21372986,22043,22053,10
12.77124023,80.21331787,22053,22063,10
12.77071953,80.21308136,22063,22073,10
12.77081966,80.212883,22073,22084,11
12.7709198,80.21263885,22084,22094,10
12.77101994,80.21202087,22094,22104,10
12.77132988,80.21116638,22104,22114,10
12.7718401,80.21022797,22114,22124,10
12.77233982,80.20899963,22124,22134,10
12.77268028,80.2077713,22134,22144,10
12.77295017,80.20675659,22144,22154,10
12.77313042,80.20622253,22154,22164,10
12.77318954,80.20594025,22164,22174,10
12.77334023,80.2052536,22174,22184,10
12.77348042,80.2042923,22184,22195,11
12.77371979,80.20291901,22195,22205,10
12.77387047,80.20162964,22205,22215,10
12.77396011,80.2006073,22215,22225,10
12.77396965,80.20052338,22225,22235,10
12.77400017,80.20002747,22235,22245,10
12.77406979,80.1991806,22245,22255,10
12.77416992,80.1980896,22255,22265,10
12.77422047,80.1969223,22265,22275,10
12.77427959,80.19566345,22275,22285,10
12.77451038,80.19439697,22285,22296,11
12.77472973,80.19355011,22296,22306,10
12.77478027,80.19342041,22306,22316,10
12.77497959,80.19299316,22316,22326,10
12.77538967,80.19228363,22326,22335,9
12.77525043,80.19149017,22335,22346,11
12.77476978,80.19051361,22346,22356,10
12.7739296,80.18965149,22356,22366,10
12.77268028,80.18916321,22366,22376,10
12.77145958,80.1887207,22376,22386,10
12.77103043,80.18791962,22386,22396,10
12.77093983,80.18718719,22396,22406,10
12.77091026,80.1868515,22406,22417,11
12.77087021,80.18657684,22417,22427,10
12.7707901,80.18599701,22427,22437,10
12.77077007,80.18517303,22437,22447,10
12.77048016,80.18463898,22447,22457,10
12.77035046,80.18460083,22457,22467,10
12.77015972,80.18454742,22467,22477,10
12.76957989,80.18435669,22477,22487,10
12.76898956,80.18405914,22487,22497,10
12.76858044,80.18367767,22497,22507,10
12.76805019,80.18335724,22507,22518,11
12.76731968,80.1831131,22518,22528,10
12.76659012,80.1827774,22528,22538,10
12.76585007,80.18263245,22538,22548,10
12.76535034,80.18257904,22548,22558,10
12.76457977,80.18247986,22558,22568,10
12.76391983,80.18238068,22568,22578,10
12.76348972,80.18260193,22578,22588,10
12.76333046,80.1831665,22588,22598,10
12.76319981,80.1836319,22598,22607,9
12.76309967,80.18396759,22607,22619,12
12.76311016,80.18440247,22619,22629,10
12.76303959,80.18488312,22629,22639,10
12.76266956,80.18495941,22639,22649,10
12.76216984,80.18492889,22649,22659,10
12.76173973,80.18491364,22659,22669,10
12.76154995,80.18469238,22669,23214,545
12.76154995,80.18469238,23214,23224,10
12.7616396,80.18486786,23224,23234,10
12.76189995,80.18489838,23234,23244,10
12.76222038,80.18492889,23244,23255,11
12.76259041,80.18495941,23255,23265,10
12.76296043,80.18495178,23265,23275,10
12.76307011,80.18456268,23275,23285,10
12.76303005,80.18421173,23285,23294,9
12.76307011,80.18386841,23294,23305,11
12.7632103,80.18348694,23305,23315,10
12.76323032,80.18344879,23315,23325,10
12.76333046,80.18308258,23325,23335,10
12.76348972,80.18257141,23335,23345,10
12.7639904,80.18247986,23345,23356,11
12.76486015,80.18257904,23356,23366,10
12.7657299,80.18267059,23366,23376,10
12.7664299,80.1827774,23376,23386,10
12.76721954,80.1831131,23386,23396,10
12.76790047,80.18334961,23396,23406,10
12.76852036,80.18363953,23406,23416,10
12.76891041,80.18399811,23416,23426,10
12.76920986,80.18421936,23426,23436,10
12.76949024,80.1843338,23436,23446,10
12.77005959,80.18453979,23446,23456,10
12.77056026,80.18467712,23456,23467,11
12.77068996,80.18475342,23467,23477,10
12.77077961,80.18521881,23477,23487,10
12.77079964,80.18604279,23487,23497,10
12.77091026,80.18681335,23497,23507,10
12.7710104,80.18771362,23507,23517,10
12.77132034,80.18871307,23517,23527,10
12.77237034,80.18908691,23527,23537,10
12.7735796,80.18955994,23537,23547,10
12.77462006,80.19039154,23547,23556,9
12.77523994,80.1913681,23556,23568,12
12.77534962,80.19258881,23568,23578,10
12.7748003,80.19342041,23578,23588,10
12.77470016,80.19377136,23588,23598,10
12.77466011,80.19386292,23598,23608,10
12.77453995,80.1943512,23608,23618,10
12.7743597,80.19519043,23618,23628,10
12.77423954,80.1962738,23628,23638,10
12.77418041,80.1975708,23638,23648,10
12.77412033,80.19882965,23648,23658,10
12.77398968,80.20014954,23658,23667,9
12.77392006,80.20102692,23667,23678,11
12.77390957,80.20118713,23678,23689,11
12.77387047,80.2016983,23689,23699,10
12.77381039,80.20252991,23699,23709,10
12.77357006,80.20359802,23709,23719,10
12.77342033,80.20484161,23719,23729,10
12.77320957,80.20600128,23729,23739,10
12.77305031,80.20655823,23739,23749,10
12.77289009,80.20706177,23749,23759,10
12.77264023,80.20793152,23759,23769,10
12.77235031,80.20903778,23769,23779,10
12.77184963,80.210289,23779,23790,11
12.77122974,80.21154022,23790,23800,10
12.77097034,80.2126236,23800,23810,10
12.77089977,80.21312714,23810,23820,10
12.77091026,80.2131424,23820,23830,10
12.77124023,80.21324158,23830,23840,10
12.7719202,80.21349335,23840,23850,10
12.77285004,80.21382141,23850,23860,10
12.77398968,80.21430206,23860,23870,10
12.77528,80.21482086,23870,23879,9
12.77651978,80.21533203,23879,23891,12
12.77818966,80.21602631,23891,23901,10
12.7795496,80.21672821,23901,23911,10
12.78092003,80.21748352,23911,23921,10
12.78230953,80.21824646,23921,23931,10
12.7836504,80.21897888,23931,23941,10
12.78477955,80.21962738,23941,23951,10
12.78569031,80.22007751,23951,23961,10
12.78633976,80.22038269,23961,23981,20
12.78633976,80.22038269,23981,23991,10
12.78649044,80.22042084,23991,24002,11
12.78695011,80.2206192,24002,24012,10
12.78775024,80.22090149,24012,24022,10
12.78872013,80.22129059,24022,24032,10
12.78960991,80.22160339,24032,24042,10
12.79010963,80.22174835,24042,24052,10
12.79096031,80.22194672,24052,24062,10
12.79207993,80.22222137,24062,24072,10
12.79339981,80.22247314,24072,24082,10
12.79475975,80.22268677,24082,24092,10
12.79586983,80.2228775,24092,24103,11
12.79636002,80.2229538,24103,24113,10
12.79640007,80.22296143,24113,24123,10
12.79685974,80.22303772,24123,24133,10
12.79761028,80.22316742,24133,24143,10
12.79852962,80.2232666,24143,24153,10
12.79957962,80.22338104,24153,24163,10
12.80148029,80.22355652,24163,24183,20
12.80148029,80.22355652,24183,24193,10
12.80185032,80.22363281,24193,24203,10
12.80257988,80.22371674,24203,24214,11
12.80352974,80.22384644,24214,24224,10
12.80434036,80.22390747,24224,24234,10
12.80508995,80.22400665,24234,24244,10
12.80550003,80.22412109,24244,24254,10
12.80558014,80.22415161,24254,24264,10
12.80597973,80.22444153,24264,24274,10
12.80661964,80.22501373,24274,24284,10
12.80737972,80.22567749,24284,24294,10
12.80830956,80.22644806,24294,24304,10
12.80937958,80.22728729,24304,24315,11
12.81083012,80.22795105,24315,24325,10
12.81225967,80.22847748,24325,24335,10
12.81371975,80.22895813,24335,24345,10
12.81523037,80.22930908,24345,24355,10
12.8167696,80.22953796,24355,24365,10
12.81820011,80.23011017,24365,24375,10
12.81945038,80.23047638,24375,24385,10
12.81982994,80.23045349,24385,24395,10
12.82013035,80.23043823,24395,24405,10
12.82089996,80.23042297,24405,24415,10
12.82194996,80.23053741,24415,24426,11
12.82334042,80.2309494,24426,24436,10
12.82466984,80.23127747,24436,24446,10
12.8259697,80.23135376,24446,24456,10
12.82736969,80.23110199,24456,24466,10
12.82863998,80.23034668,24466,24476,10
12.8299799,80.2297821,24476,24486,10
12.83106041,80.22933197,24486,24496,10
12.83113003,80.22931671,24496,24506,10
12.83152008,80.22920227,24506,24516,10
12.8322401,80.22902679,24516,24527,11
12.83335972,80.22882843,24527,24537,10
12.83463001,80.22859955,24537,24547,10
12.83600998,80.22840118,24547,24557,10
12.83742046,80.2281723,24557,24567,10
12.83880043,80.22786713,24567,24577,10
12.83944988,80.22767639,24577,24587,10
12.83957958,80.22763824,24587,24597,10
12.84010983,80.22750092,24597,24607,10
12.84094048,80.22727966,24607,24617,10
12.84206009,80.22698975,24617,24628,11
12.84352016,80.22672272,24628,24637,9
12.84539986,80.22650909,24637,24658,21
12.84539986,80.22650909,24658,24668,10
12.84568024,80.22650909,24668,24678,10
12.84636021,80.22650146,24678,24688,10
12.84733009,80.22650146,24688,24698,10
12.84856987,80.22650146,24698,24708,10
12.84972,80.22648621,24708,24718,10
12.85006046,80.22647858,24718,24728,10
12.85044956,80.22650146,24728,24739,11
12.8513298,80.22653961,24739,24749,10
12.85239029,80.22659302,24749,24759,10
12.85367012,80.22657013,24759,24769,10
12.85505962,80.22641754,24769,24779,10
12.85653019,80.22628021,24779,24789,10
12.85801983,80.22615051,24789,24799,10
12.85927963,80.22627258,24799,24809,10
12.86036968,80.2264328,24809,24819,10
12.86087036,80.22647095,24819,24829,10
12.86093998,80.22650909,24829,24839,10
12.86153984,80.22653961,24839,24850,11
12.86256981,80.22647095,24850,24860,10
12.86378002,80.22646332,24860,24870,10
12.86509991,80.22650909,24870,24880,10
12.8664999,80.22647858,24880,24890,10
12.86798,80.22634125,24890,24900,10
12.86950016,80.22641754,24900,24910,10
12.87094021,80.22657776,24910,24920,10
12.87228012,80.22662354,24920,24929,9
12.87341022,80.22664642,24929,24940,11
12.87491989,80.22679901,24940,24951,11
12.87629986,80.22689819,24951,24961,10
12.8767004,80.22686005,24961,24971,10
12.87679005,80.22685242,24971,24981,10
12.87722969,80.2268219,24981,24991,10
12.87804031,80.22676086,24991,25001,10
12.87911034,80.22669983,25001,25011,10
12.88039017,80.22666931,25011,25020,9
12.88158035,80.22666168,25020,25031,11
12.88302994,80.22664642,25031,25041,10
12.88420963,80.22663116,25041,25051,10
12.88506031,80.22663116,25051,25062,11
12.88518047,80.22663879,25062,25072,10
12.88543034,80.22667694,25072,25082,10
12.88597012,80.2268219,25082,25092,10
12.88675976,80.22704315,25092,25102,10
12.88747025,80.22718048,25102,25112,10
12.88823032,80.22725677,25112,25122,10
12.88928032,80.22728729,25122,25132,10
12.89048004,80.22728729,25132,25142,10
12.89169979,80.22728729,25142,25152,10
12.89284039,80.22737122,25152,25163,11
12.89418983,80.22754669,25163,25173,10
12.89554977,80.22762299,25173,25183,10
12.89702988,80.22766876,25183,25193,10
12.89853954,80.22775269,25193,25203,10
12.89986992,80.22782135,25203,25213,10
12.90079975,80.22785187,25213,25223,10
12.90137959,80.22789001,25223,25233,10
12.90266037,80.22795105,25233,25263,30
12.90266037,80.22795105,25263,25274,11
12.90289974,80.22794342,25274,25284,10
12.90347004,80.2279892,25284,25294,10
12.90433979,80.2280426,25294,25304,10
12.90538979,80.22808838,25304,25314,10
12.90616035,80.22814941,25314,25324,10
12.90622044,80.22814941,25324,25334,10
12.90647984,80.22815704,25334,25344,10
12.90655994,80.22815704,25344,25354,10
12.90664005,80.22815704,25354,25364,10
12.9070797,80.22824097,25364,25374,10
12.90787029,80.22837067,25374,25385,11
12.90904999,80.2285614,25385,25395,10
12.91034031,80.22875214,25395,25405,10
12.91160965,80.22891998,25405,25415,10
12.91273022,80.2290802,25415,25425,10
12.91380024,80.22923279,25425,25435,10
12.91471958,80.22936249,25435,25445,10
12.91592979,80.22950745,25445,25455,10
12.91722012,80.22969055,25455,25465,10
12.91858959,80.22988129,25465,25475,10
12.92004013,80.2300415,25475,25486,11
12.92175961,80.23026276,25486,25496,10
12.92335033,80.23052979,25496,25506,10
12.92490005,80.23074341,25506,25516,10
12.92607975,80.23085785,25516,25526,10
12.92625046,80.23087311,25526,25536,10
12.92665005,80.23091888,25536,25546,10
12.92741966,80.23101807,25546,25556,10
12.92844009,80.23114777,25556,25566,10
12.92953014,80.23136139,25566,25576,10
12.93078995,80.23171234,25576,25587,11
12.93225956,80.23217773,25587,25597,10
12.93340969,80.23261261,25597,25607,10
12.93379021,80.23278046,25607,25617,10
12.9339304,80.23284912,25617,25627,10
12.93451977,80.23313141,25627,25637,10
12.93537998,80.23349762,25637,25647,10
12.93649006,80.23401642,25647,25657,10
12.93772984,80.23462677,25657,25667,10
12.93883991,80.23516846,25667,25677,10
12.93949032,80.23549652,25677,25687,10
12.93953991,80.2355423,25687,25698,11
12.93964005,80.23560333,25698,25708,10
12.93992996,80.23574066,25708,25718,10
12.94052029,80.23593903,25718,25728,10
12.94139957,80.23613739,25728,25738,10
12.94252014,80.23644257,25738,25748,10
12.94351959,80.23712921,25748,25758,10
12.94433975,80.23802948,25758,25768,10
12.94513035,80.2388916,25768,25778,10
12.94616032,80.23950195,25778,25788,10
12.94696999,80.23983765,25788,25798,10
12.94715977,80.23990631,25798,25809,11
12.94742012,80.24002075,25809,25819,10
12.94810009,80.24033356,25819,25829,10
12.94886971,80.24060822,25829,25869,40
12.94886971,80.24060822,25869,25879,10
12.94909,80.2407074,25879,25889,10
12.94974995,80.24093628,25889,25898,9
12.95055962,80.24120331,25898,25910,12
12.95108986,80.24134064,25910,25920,10
12.95133018,80.24140167,25920,25930,10
12.95195961,80.24162292,25930,25940,10
12.95261002,80.24186707,25940,25950,10
12.95335007,80.24217224,25950,25960,10
12.95421982,80.24252319,25960,25970,10
12.95503044,80.24282074,25970,25980,10
12.95584011,80.24308777,25980,25990,10
12.95637989,80.24324799,25990,26000,10
12.95650959,80.2432785,26000,26010,10
12.95705032,80.24356079,26010,26021,11
12.95785046,80.2440033,26021,26031,10
12.95847988,80.24430084,26031,26041,10
12.95890045,80.24440765,26041,26051,10
12.95901966,80.24443817,26051,26061,10
12.95940971,80.24465942,26061,26071,10
12.96008015,80.24495697,26071,26080,9
12.96092033,80.24533844,26080,26091,11
12.96207047,80.24594116,26091,26101,10
12.96298981,80.24643707,26101,26111,10
12.96333027,80.24649811,26111,26122,11
12.96370029,80.24671173,26122,26132,10
12.96422005,80.2469101,26132,26142,10
12.96500015,80.24720001,26142,26152,10
12.96592045,80.24749756,26152,26162,10
12.96648026,80.24772644,26162,26172,10
12.96650028,80.2477417,26172,26182,10
12.96671009,80.24786377,26182,26192,10
12.96695995,80.24803162,26192,26202,10
12.96749973,80.24828339,26202,26212,10
12.96835995,80.24864197,26212,26222,10
12.96961975,80.24909973,26222,26233,11
12.97107983,80.24961853,26233,26243,10
12.97251987,80.24999237,26243,26253,10
12.97391987,80.25035095,26253,26263,10
12.97529984,80.25076294,26263,26273,10
12.97661018,80.25113678,26273,26283,10
12.97780991,80.25176239,26283,26293,10
12.97846031,80.25228119,26293,26303,10
12.97852039,80.25231934,26303,26313,10
12.97906017,80.25253296,26313,26323,10
12.97996044,80.25263214,26323,26334,11
12.98110008,80.25261688,26334,26344,10
12.98233032,80.25245667,26344,26354,10
12.98351002,80.25234222,26354,26364,10
12.98451042,80.25213623,26364,26374,10
12.98556042,80.25187683,26374,26384,10
12.98628998,80.25169373,26384,26394,10
12.98682022,80.25157166,26394,26404,10
12.98750019,80.25140381,26404,26414,10
12.98799992,80.25167847,26414,26424,10
12.98806953,80.25206757,26424,26434,10
12.98805046,80.25218964,26434,26445,11
12.98799038,80.25279236,26445,26455,10
12.98791981,80.25361633,26455,26465,10
12.98785019,80.25440979,26465,26475,10
12.98777962,80.25514221,26475,26546,71
12.98777962,80.25514221,26546,26556,10
12.98770046,80.25549316,26556,26566,10
12.98789978,80.25578308,26566,26576,10
12.98869991,80.25588226,26576,26596,20
12.98869991,80.25588226,26596,26606,10
12.98917961,80.25592804,26606,26616,10
12.98987961,80.25601959,26616,26626,10
12.99053955,80.25598907,26626,26636,10
12.99123001,80.25605011,26636,26646,10
12.99217033,80.25605774,26646,26657,11
12.99330044,80.25598907,26657,26667,10
12.9942503,80.25592804,26667,26677,10
12.99510956,80.255867,26677,26687,10
12.99613953,80.25588226,26687,26697,10
12.9967804,80.25585175,26697,26707,10
12.9971199,80.25582886,26707,26717,10
12.99761009,80.25585938,26717,26727,10
12.99808979,80.25591278,26727,26737,10
12.99878979,80.25595856,26737,26746,9
12.99888992,80.2559967,26746,26758,12
12.99903965,80.25602722,26758,26768,10
12.99936008,80.25611115,26768,26778,10
12.99993992,80.25621796,26778,26788,10
13.00067997,80.25634766,26788,26798,10
13.00139046,80.25652313,26798,26808,10
13.0023098,80.25666046,26808,26818,10
13.0028801,80.25676727,26818,26828,10
13.00352001,80.25689697,26828,26838,10
13.00440979,80.25705719,26838,26847,9
13.0051403,80.25717926,26847,26859,12
13.00623035,80.25740814,26859,26869,10
13.00660038,80.25717926,26869,26879,10
13.00658035,80.25656128,26879,26889,10
13.00656986,80.25566864,26889,26899,10
13.00660038,80.25489044,26899,26907,8
13.00656033,80.2543335,26907,26920,13
13.00658989,80.25325012,26920,26930,10
13.00662994,80.25263214,26930,26940,10
13.0067997,80.25260162,26940,26960,20
13.0067997,80.25260162,26960,26971,11
13.00675011,80.25276947,26971,26981,10
13.00667953,80.25306702,26981,27122,141
13.00671005,80.25325012,27122,28495,1373
13.00666046,80.25321198,28495,29353,858
13.00666046,80.25321198,29353,29363,10
13.00664043,80.25334167,29363,29373,10
13.00664997,80.25377655,29373,29383,10
13.00666046,80.2542038,29383,29393,10
13.00664997,80.25460815,29393,29403,10
13.00664997,80.25521088,29403,29413,10
13.00666046,80.25615692,29413,29423,10
13.00669003,80.25718689,29423,29433,10
13.00629997,80.25749207,29433,29444,11
13.00572014,80.25733948,29444,29454,10
13.00514984,80.25717163,29454,29464,10
13.00440025,80.25704956,29464,29474,10
13.00352955,80.25686646,29474,29484,10
13.00263977,80.2567215,29484,29494,10
13.00146008,80.25656128,29494,29555,61
13.00146008,80.25656128,29555,29565,10
13.00127029,80.25653839,29565,29575,10
13.0008297,80.25647736,29575,29585,10
13.00006008,80.25631714,29585,29595,10
12.9993,80.25617981,29595,29605,10
12.99876976,80.25611877,29605,29615,10
12.99872017,80.25610352,29615,29625,10
12.99860954,80.256073,29625,29635,10
12.99843979,80.25604248,29635,29656,21
12.99843979,80.25604248,29656,29666,10
12.99835014,80.25598145,29666,29676,10
12.99804974,80.25595093,29676,29686,10
12.99757957,80.25592041,29686,29716,30
12.99757957,80.25592041,29716,29726,10
12.99713039,80.25589752,29726,29736,10
12.99682999,80.25589752,29736,29746,10
12.9964304,80.25589752,29746,29756,10
12.99594021,80.255867,29756,29767,11
12.99542999,80.25589752,29767,29777,10
12.99495983,80.25585175,29777,29787,10
12.99429989,80.25592804,29787,29797,10
12.99343967,80.25601959,29797,29807,10
12.99234962,80.25608063,29807,29817,10
12.9913702,80.25605774,29817,29827,10
12.99057007,80.25604248,29827,29837,10
12.98983955,80.25596619,29837,29847,10
12.98908043,80.2559433,29847,29857,10
12.98822975,80.25588226,29857,29867,10
12.98789024,80.25585938,29867,29928,61
12.98789024,80.25585938,29928,29938,10
12.98731041,80.2557373,29938,29948,10
12.98612022,80.25554657,29948,29968,20
12.98612022,80.25554657,29968,29978,10
12.98596954,80.25547791,29978,29989,11
12.98573971,80.25546265,29989,29999,10
12.98517036,80.25523376,29999,30009,10
12.98433971,80.25502777,30009,30019,10
12.98340988,80.25488281,30019,30029,10
12.98287964,80.25467682,30029,30039,10
12.98227024,80.25443268,30039,30049,10
12.98190975,80.25370026,30049,30059,10
12.98163986,80.25289917,30059,30069,10
12.98118973,80.25279236,30069,30079,10
12.98062038,80.25279999,30079,30089,10
12.97986031,80.25273895,30089,30100,11
12.97902012,80.25263977,30100,30110,10
12.97871017,80.25260925,30110,30120,10
12.97861004,80.25257874,30120,30130,10
12.9781599,80.25228119,30130,30140,10
12.97751999,80.25170135,30140,30150,10
12.97651958,80.2512207,30150,30160,10
12.9752903,80.25086212,30160,30170,10
12.97393036,80.25047302,30170,30180,10
12.97251034,80.25007629,30180,30190,10
12.9710598,80.24968719,30190,30201,11
12.96947956,80.24913025,30201,30211,10
12.96807003,80.24855804,30211,30221,10
12.96685982,80.24801636,30221,30231,10
12.96586037,80.24759674,30231,30241,10
12.9653101,80.24739838,30241,30251,10
12.9653101,80.24739075,30251,30261,10
12.96512032,80.2472229,30261,30271,10
12.96453953,80.24710083,30271,30281,10
12.96393013,80.24684143,30281,30291,10
12.96343994,80.24664307,30291,30301,10
12.96278954,80.24633789,30301,30312,11
12.96177959,80.24584198,30312,30322,10
12.96061993,80.24529266,30322,30332,10
12.95954037,80.24481201,30332,30342,10
12.95923042,80.24471283,30342,30352,10
12.95903015,80.24459839,30352,30362,10
12.95841026,80.24432373,30362,30372,10
12.95767975,80.24407196,30372,30382,10
12.95643044,80.24368286,30382,30402,20
12.95643044,80.24368286,30402,30412,10
12.95606995,80.2435379,30412,30423,11
12.95538044,80.24317932,30423,30433,10
12.95452023,80.24276733,30433,30443,10
12.95345974,80.24233246,30443,30453,10
12.9523201,80.24185181,30453,30463,10
12.95172977,80.24166107,30463,30473,10
12.95153999,80.24157715,30473,30483,10
12.95094967,80.24134827,30483,30492,9
12.95020008,80.24112701,30492,30503,11
12.94904995,80.24075317,30503,30513,10
12.94793034,80.24030304,30513,30524,11
12.94701004,80.23995209,30524,30534,10
12.94692993,80.23992157,30534,30544,10
12.94653988,80.23976135,30544,30554,10
12.94585991,80.23946381,30554,30564,10
12.9450798,80.23899078,30564,30574,10
12.94423962,80.23809814,30574,30584,10
12.94330978,80.23709869,30584,30594,10
12.94211006,80.23642731,30594,30604,10
12.94073963,80.23610687,30604,30614,10
12.93994045,80.23587799,30614,30624,10
12.93986034,80.23583984,30624,30635,11
12.93935013,80.23561859,30635,30645,10
12.93855953,80.23519897,30645,30655,10
12.93754959,80.23468018,30655,30665,10
12.93638039,80.23412323,30665,30675,10
12.93564034,80.23374176,30675,30685,10
12.93492031,80.23342133,30685,30695,10
12.93412971,80.23307037,30695,30705,10
12.93387032,80.23296356,30705,30715,10
12.93379974,80.23294067,30715,30725,10
12.93330002,80.23269653,30725,30735,10
12.93249035,80.23236847,30735,30746,11
12.93138981,80.23200226,30746,30756,10
12.93021965,80.23164368,30756,30766,10
12.92928982,80.23142242,30766,30776,10
12.92903996,80.23142242,30776,30786,10
12.92899036,80.23142242,30786,30796,10
12.9285202,80.23130798,30796,30806,10
12.92778969,80.23117828,30806,30816,10
12.92673969,80.23105621,30816,30826,10
12.92609024,80.23101807,30826,30836,10
12.92591,80.23100281,30836,30847,11
12.92523956,80.23091888,30847,30857,10
12.9243803,80.23079681,30857,30867,10
12.92331028,80.23065948,30867,30877,10
12.92212009,80.23046875,30877,30887,10
12.92076969,80.23029327,30887,30897,10
12.91938972,80.23013306,30897,30907,10
12.91798973,80.22994232,30907,30917,10
12.91664028,80.22975159,30917,30927,10
12.91539001,80.22955322,30927,30937,10
12.91423035,80.22940826,30937,30947,10
12.91343021,80.2293396,30947,30958,11
12.91324997,80.22930145,30958,30968,10
12.91312027,80.22927094,30968,30978,10
12.91259956,80.22917938,30978,30988,10
12.91178036,80.22905731,30988,30998,10
12.91077042,80.22888947,30998,31008,10
12.91001034,80.22879028,31008,31018,10
12.90911961,80.22866058,31018,31028,10
12.90799999,80.22846222,31028,31038,10
12.90678024,80.22831726,31038,31069,31
12.90678024,80.22831726,31069,31079,10
12.90641975,80.22827911,31079,31089,10
12.90569019,80.2282486,31089,31099,10
12.90470982,80.22817993,31099,31109,10
12.90353966,80.2281189,31109,31119,10
12.90231037,80.22805023,31119,31129,10
12.90112019,80.22798157,31129,31180,51
12.90112019,80.22798157,31180,31190,10
12.90075016,80.22799683,31190,31200,10
12.90023041,80.22795105,31200,31210,10
12.89945984,80.22792053,31210,31220,10
12.89904022,80.2279129,31220,31230,10
12.89894962,80.2279129,31230,31240,10
12.8984499,80.2278595,31240,31250,10
12.89764023,80.22779083,31250,31260,10
12.89663029,80.22772217,31260,31270,10
12.89546967,80.22766876,31270,31281,11
12.89416027,80.2276001,31281,31291,10
12.89338017,80.22753906,31291,31301,10
12.89288998,80.22747803,31301,31311,10
12.89239979,80.22741699,31311,31321,10
12.89161968,80.22737885,31321,31331,10
12.89058018,80.22738647,31331,31341,10
12.88949966,80.22738647,31341,31351,10
12.88842964,80.22736359,31351,31361,10
12.88794994,80.22731781,31361,31371,10
12.88790035,80.22730255,31371,31381,10
12.88757992,80.22727203,31381,31392,11
12.88689041,80.22711945,31392,31402,10
12.88599968,80.22689819,31402,31412,10
12.88514042,80.22673035,31412,31422,10
12.88467979,80.22673798,31422,31432,10
12.88465023,80.22675323,31432,31442,10
12.88418961,80.22675323,31442,31452,10
12.88339043,80.22673035,31452,31462,10
12.88241959,80.22673798,31462,31472,10
12.88123035,80.22676086,31472,31482,10
12.87992001,80.22676849,31482,31493,11
12.87839985,80.2268219,31493,31503,10
12.87705994,80.2269516,31503,31513,10
12.87644005,80.22699738,31513,31523,10
12.87631989,80.22699738,31523,31533,10
12.87582016,80.22698975,31533,31543,10
12.87504005,80.22692871,31543,31553,10
12.87397957,80.22679138,31553,31563,10
12.87283993,80.22672272,31563,31573,10
12.87244987,80.22672272,31573,31583,10
12.87215042,80.22670746,31583,31592,9
12.87154007,80.22667694,31592,31604,12
12.87040997,80.22660828,31604,31614,10
12.86923027,80.22647095,31614,31624,10
12.86791992,80.22641754,31624,31634,10
12.86666012,80.22653961,31634,31644,10
12.8654604,80.22660065,31644,31654,10
12.86413956,80.22653961,31654,31664,10
12.86279011,80.22650909,31664,31674,10
12.86157036,80.22659302,31674,31684,10
12.86102962,80.22660828,31684,31694,10
12.86075974,80.22659302,31694,31703,9
12.86017036,80.22650909,31703,31715,12
12.85906982,80.22634888,31715,31725,10
12.85814953,80.22625732,31725,31735,10
12.85700035,80.22631073,31735,31745,10
12.85571003,80.22644043,31745,31755,10
12.85431957,80.22660065,31755,31765,10
12.85284996,80.22670746,31765,31775,10
12.85136032,80.22666168,31775,31785,10
12.84984016,80.22657776,31785,31795,10
12.84831047,80.22657013,31795,31805,10
12.8468504,80.22657776,31805,31816,11
12.84549046,80.22662354,31816,31836,20
12.84549046,80.22662354,31836,31846,10
12.84541988,80.22663116,31846,31856,10
12.84500027,80.22662354,31856,31866,10
12.84426975,80.22666931,31866,31876,10
12.84325981,80.22679901,31876,31886,10
12.84202957,80.22702789,31886,31896,10
12.84084034,80.2273407,31896,31906,10
12.84016037,80.22756195,31906,31957,51
12.83985996,80.2276001,31957,31987,30
12.83985996,80.2276001,31987,31997,10
12.83936977,80.22779083,31997,32007,10
12.83864021,80.22801208,32007,32017,10
12.83767986,80.22821808,32017,32027,10
12.83646965,80.22840881,32027,32038,11
12.83498955,80.22863007,32038,32048,10
12.8336401,80.22885895,32048,32058,10
12.83253956,80.22908783,32058,32068,10
12.83215046,80.22918701,32068,32078,10
12.83195972,80.22923279,32078,32088,10
12.83137989,80.22937012,32088,32098,10
12.83051014,80.22966003,32098,32108,10
12.82940006,80.23007202,32108,32118,10
12.82818985,80.23069763,32118,32128,10
12.82693005,80.23130798,32128,32139,11
12.82544041,80.23143005,32139,32149,10
12.82404995,80.23123169,32149,32159,10
12.82262039,80.23078918,32159,32169,10
12.82116032,80.23046875,32169,32179,10
12.81978989,80.23049164,32179,32189,10
12.81906986,80.23049164,32189,32199,10
12.81890011,80.23047638,32199,32209,10
12.81832981,80.23023224,32209,32219,10
12.81744957,80.22982025,32219,32229,10
12.81626987,80.22949219,32229,32238,9
12.81505966,80.22930145,32238,32250,12
12.81336975,80.22891998,32250,32260,10
12.81198025,80.2284317,32260,32270,10
12.81060982,80.22792053,32270,32280,10
12.8094902,80.22743225,32280,32290,10
12.80846024,80.22667694,32290,32300,10
12.80745983,80.22583771,32300,32310,10
12.80679989,80.22527313,32310,32320,10
12.80626965,80.22479248,32320,32330,10
12.80566978,80.22428131,32330,32340,10
12.80517006,80.22408295,32340,32351,11
12.80515957,80.22406769,32351,32361,10
12.80486012,80.22399902,32361,32371,10
12.80420017,80.22392273,32371,32381,10
12.80329037,80.22383118,32381,32391,10
12.80216026,80.22367859,32391,32401,10
12.80119991,80.22360229,32401,32411,10
12.80105972,80.22360992,32411,32421,10
12.80047035,80.22355652,32421,32431,10
12.79983997,80.22350311,32431,32441,10
12.79955959,80.22344971,32441,32450,9
12.79911041,80.22341156,32450,32462,12
12.79800034,80.22328186,32462,32472,10
12.79671955,80.22306061,32472,32482,10
12.79580021,80.22293854,32482,32492,10
12.79568005,80.22293091,32492,32502,10
12.7951498,80.22280884,32502,32512,10
12.79434967,80.22267151,32512,32522,10
12.79319954,80.22248077,32522,32532,10
12.79199982,80.22225189,32532,32542,10
12.79076004,80.2219696,32542,32552,10
12.78977013,80.22173309,32552,32562,10
12.78907967,80.22145081,32562,32573,11
12.7881403,80.22109222,32573,32583,10
12.78738022,80.22078705,32583,32593,10
12.78651047,80.22045898,32593,32613,20
12.78651047,80.22045898,32613,32623,10
12.78629971,80.22041321,32623,32633,10
12.78594017,80.2202301,32633,32643,10
12.78542995,80.21999359,32643,32653,10
12.78501034,80.21981049,32653,33269,616
12.78501034,80.21981049,33269,33279,10
12.7848196,80.2197113,33279,33289,10
12.78431988,80.21943665,33289,33299,10
12.78353024,80.21898651,33299,33309,10
12.78250027,80.21842194,33309,33319,10
12.78131962,80.21778107,33319,33330,11
12.78003025,80.21707916,33330,33340,10
12.77906036,80.21659851,33340,33350,10
12.77793026,80.21598816,33350,33360,10
12.77661991,80.21543884,33360,33370,10
12.77525997,80.21488953,33370,33380,10
12.77385998,80.21433258,33380,33390,10
12.77245998,80.21378326,33390,33400,10
12.77112961,80.21330261,33400,33410,10
12.77073956,80.21305084,33410,33420,10
12.77085018,80.212883,33420,33431,11
12.77095985,80.21244049,33431,33441,10
12.77112007,80.2116394,33441,33451,10
12.77163029,80.21060944,33451,33461,10
12.77221012,80.2093811,33461,33471,10
12.77258968,80.20803833,33471,33481,10
12.77293015,80.20683289,33481,33491,10
12.77326012,80.20568848,33491,33501,10
12.77344036,80.20462036,33501,33511,10
12.77361012,80.20336151,33511,33521,10
12.77385044,80.20204163,33521,33531,10
12.77392006,80.20111847,33531,33542,11
12.7740097,80.20005798,33542,33552,10
12.77410984,80.19882965,33552,33562,10
12.77416992,80.19763947,33562,33572,10
12.77423,80.19671631,33572,33582,10
12.77423,80.19667816,33582,33592,10
12.77423954,80.19641113,33592,33602,10
12.77427959,80.19568634,33602,33612,10
12.7744503,80.1947403,33612,33622,10
12.77464962,80.19376373,33622,33632,10
12.7747097,80.19355774,33632,33642,10
12.77484989,80.19315338,33642,33653,11
12.77536011,80.19239044,33653,33663,10
12.77523041,80.19145203,33663,33673,10
12.77472973,80.19049835,33673,33683,10
12.77387047,80.18962097,33683,33693,10
12.77268982,80.18917084,33693,33703,10
12.77155972,80.18875122,33703,33713,10
12.77106953,80.18816376,33713,33723,10
12.77095032,80.18721771,33723,33733,10
12.77087975,80.18660736,33733,33742,9
12.77085972,80.18650055,33742,33754,12
12.77077961,80.18585968,33754,33764,10
12.77073956,80.18498993,33764,33774,10
12.77029037,80.18457031,33774,33784,10
12.76949978,80.18431091,33784,33794,10
12.76885986,80.18392944,33794,33804,10
12.76830959,80.18345642,33804,33814,10
12.76753044,80.1831665,33814,33824,10
12.76667023,80.18280029,33824,33834,10
12.76576996,80.18260956,33834,33844,10
12.76508999,80.18254089,33844,33854,10
12.76420975,80.18241119,33854,33865,11
12.76358986,80.18232727,33865,33875,10
12.76344013,80.18273163,33875,33885,10
12.76323986,80.18340302,33885,33895,10
12.76305962,80.18390656,33895,33905,10
12.76305008,80.18431091,33905,33915,10
12.76303959,80.18470764,33915,33925,10
12.76274967,80.18499756,33925,33935,10
12.76228046,80.18489838,33935,33945,10
12.76173019,80.18486786,33945,33955,10
12.76154995,80.18466949,33955,33965,10
12.76152039,80.18479919,33965,34299,334
12.76152039,80.18479919,34299,34309,10
12.76175976,80.18486786,34309,34319,10
12.76208973,80.18489838,34319,34329,10
12.76243973,80.18492126,34329,34339,10
12.76278019,80.1849823,34339,34349,10
12.76299953,80.18470764,34349,34359,10
12.76303005,80.18434143,34359,34369,10
12.76299,80.18405914,34369,34379,10
12.76305962,80.18374634,34379,34389,10
12.76315975,80.18348694,34389,34399,10
12.76319981,80.18343353,34399,34410,11
12.76333046,80.18299103,34410,34420,10
12.7634697,80.18251801,34420,34430,10
12.76393986,80.18244934,34430,34440,10
12.76463032,80.18253326,34440,34450,10
12.76543045,80.18260956,34450,34460,10
12.76618004,80.18270111,34460,34470,10
12.76692009,80.18293762,34470,34480,10
12.76762962,80.18321991,34480,34490,10
12.76832008,80.18347931,34490,34500,10
12.7687397,80.18385315,34500,34511,11
12.76920033,80.18419647,34511,34521,10
12.76928043,80.18424225,34521,34531,10
12.76966953,80.18440247,34531,34541,10
12.77019978,80.18457031,34541,34551,10
12.77064037,80.18469238,34551,34581,30
12.77064037,80.18469238,34581,34591,10
12.77077961,80.18505859,34591,34601,10
12.77079964,80.18567657,34601,34611,10
12.77083015,80.18643951,34611,34622,11
12.77097988,80.1873703,34622,34632,10
12.77112007,80.18840027,34632,34642,10
12.77194023,80.18894196,34642,34652,10
12.77299976,80.18934631,34652,34662,10
12.7740202,80.18974304,34662,34672,10
12.77484989,80.19061279,34672,34682,10
12.77519035,80.19129181,34682,34692,10
12.77532959,80.1920166,34692,34702,10
12.77521992,80.19273376,34702,34712,10
12.77466965,80.19380951,34712,34733,21
12.77466965,80.19380951,34733,34743,10
12.77462959,80.19386292,34743,34753,10
12.77451038,80.19439697,34753,34763,10
12.77433014,80.19525146,34763,34773,10
12.77425003,80.19603729,34773,34783,10
12.77423954,80.1960907,34783,34793,10
12.77420998,80.19651794,34793,34802,9
12.77418995,80.19718933,34802,34813,11
12.77414989,80.1982193,34813,34823,10
12.77404976,80.19933319,34823,34834,11
12.77398014,80.20017242,34834,34844,10
12.77390957,80.20105743,34844,34854,10
12.77388954,80.20128632,34854,34864,10
12.77387047,80.20156097,34864,34874,10
12.77383041,80.20224762,34874,34884,10
12.77365971,80.20320129,34884,34894,10
12.77348042,80.20439911,34894,34904,10
12.77330017,80.20558167,34904,34914,10
12.77309036,80.20644379,34914,34924,10
12.77307034,80.20648956,34924,34933,9
12.77295017,80.20681,34933,34945,12
12.77268982,80.2077179,34945,34955,10
12.77243996,80.20865631,34955,34965,10
12.77208042,80.20979309,34965,34975,10
12.77151012,80.21089935,34975,34985,10
12.77105045,80.21195984,34985,34995,10
12.77085972,80.21295929,34995,35005,10
12.77085972,80.21315002,35005,35015,10
12.77130032,80.21330261,35015,35025,10
12.77206993,80.21353912,35025,35035,10
12.77305031,80.21389771,35035,35045,10
12.77425003,80.21437836,35045,35056,11
12.77571964,80.21498108,35056,35066,10
12.77715015,80.21556091,35066,35076,10
12.77867031,80.21620941,35076,35086,10
12.78019047,80.21704865,35086,35096,10
12.78170013,80.21787262,35096,35106,10
12.78299999,80.21858215,35106,35116,10
12.78400993,80.21914673,35116,35126,10
12.78458977,80.21949005,35126,35136,10
12.78516006,80.21977997,35136,35146,10
12.78565025,80.22003937,35146,35157,11
12.78602028,80.22020721,35157,35167,10
12.7864399,80.22041321,35167,35197,30
12.7864399,80.22041321,35197,35207,10
12.78670979,80.22059631,35207,35217,10
12.78724957,80.22077942,35217,35227,10
12.78794003,80.22099304,35227,35237,10
12.78851032,80.22118378,35237,35247,10
12.78925991,80.22145081,35247,35257,10
12.78983974,80.2216568,35257,35268,11
12.79074001,80.22189331,35268,35278,10
12.7918396,80.22213745,35278,35288,10
12.79314995,80.22239685,35288,35298,10
12.79452038,80.22261047,35298,35308,10
12.79570007,80.22281647,35308,35318,10
12.79633999,80.22292328,35318,35328,10
12.79638958,80.22293091,35328,35338,10
12.79683018,80.22303009,35338,35348,10
12.79757977,80.22315979,35348,35358,10
12.79854012,80.22328949,35358,35368,10
12.79967976,80.22338867,35368,35379,11
12.80078983,80.22351074,35379,35389,10
12.80150986,80.22355652,35389,35399,10
12.80185986,80.22360229,35399,35409,10
12.80253029,80.22368622,35409,35419,10
12.8028698,80.22374725,35419,35429,10
12.80333996,80.22380829,35429,35439,10
12.80405998,80.22386932,35439,35449,10
12.80490017,80.22396851,35449,35459,10
12.80545998,80.22409058,35459,35469,10
12.80548954,80.22411346,35469,35480,11
12.80566025,80.22419739,35480,35490,10
12.80620003,80.22467041,35490,35500,10
12.80696011,80.2253418,35500,35510,10
12.80792046,80.22614288,35510,35520,10
12.80897999,80.22702026,35520,35530,10
12.81023026,80.22770691,35530,35540,10
12.81161022,80.22825623,35540,35550,10
12.81303024,80.2287674,35550,35560,10
12.81451988,80.22917938,35560,35570,10
12.81606007,80.22940063,35570,35579,9
12.81741047,80.22972107,35579,35591,12
12.81902027,80.23042297,35591,35601,10
12.82013988,80.2304306,35601,35611,10
12.82135963,80.23043823,35611,35621,10
12.8226099,80.23069763,35621,35631,10
12.82386017,80.23105621,35631,35641,10
12.82513046,80.2313385,35641,35651,10
12.8264904,80.23129272,35651,35661,10
12.82769966,80.23091125,35661,35671,10
12.82882023,80.23027039,35671,35681,10
12.82993031,80.22976685,35681,35691,10
12.83065987,80.22949219,35691,35702,11
12.83067036,80.22947693,35702,35712,10
12.83086967,80.22946167,35712,35722,10
12.83094978,80.22943878,35722,35732,10
12.83113956,80.22936249,35732,35742,10
12.83168983,80.22918701,35742,35752,10
12.83242989,80.22901917,35752,35762,10
12.83343983,80.22884369,35762,35771,9
12.83456039,80.22863007,35771,35782,11
12.83594036,80.22840118,35782,35792,10
12.83728981,80.22818756,35792,35802,10
12.83843994,80.22798157,35802,35813,11
12.83893013,80.22782135,35813,35823,10
12.83920002,80.2277298,35823,35903,80
12.83920002,80.2277298,35903,35914,11
12.83971977,80.22757721,35914,35924,10
12.84010983,80.22747803,35924,35934,10
12.84088039,80.22725677,35934,35944,10
12.84202003,80.22695923,35944,35954,10
12.84335041,80.22669983,35954,35964,10
12.84453011,80.22660828,35964,35974,10
12.84531975,80.22654724,35974,35994,20
12.84531975,80.22654724,35994,36004,10
12.84562969,80.22653198,36004,36013,9
12.84620953,80.22653961,36013,36025,12
12.84741974,80.22653961,36025,36035,10
12.8485899,80.22651672,36035,36045,10
12.84982014,80.22650909,36045,36055,10
12.85116959,80.22653961,36055,36065,10
12.85258007,80.22662354,36065,36075,10
12.85408974,80.22654724,36075,36085,10
12.85562038,80.22637939,36085,36095,10
12.8571701,80.22621155,36095,36105,10
12.85851955,80.2261734,36105,36115,10
12.85982037,80.22633362,36115,36124,9
12.86069965,80.22644043,36124,36136,12
12.86093044,80.22647095,36136,36146,10
12.86151981,80.22647858,36146,36156,10
12.86248016,80.22644043,36156,36166,10
12.86367989,80.2264328,36166,36176,10
12.86505985,80.22650146,36176,36186,10
12.86655998,80.22644043,36186,36196,10
12.86806965,80.2263031,36196,36206,10
12.86962032,80.22644043,36206,36216,10
12.87115002,80.22657776,36216,36226,10
12.87228012,80.22660065,36226,36237,11
12.87255955,80.22657776,36237,36247,10
12.87273026,80.22657776,36247,36257,10
12.87331963,80.22660828,36257,36267,10
12.87419987,80.22667694,36267,36277,10
12.87528038,80.22680664,36277,36287,10
12.87607002,80.22686005,36287,36297,10
12.87652969,80.22682953,36297,36307,10
12.87664986,80.22682953,36307,36317,10
12.87699032,80.2268219,36317,36327,10
12.8777504,80.22675323,36327,36337,10
12.87876034,80.22666931,36337,36348,11
12.8801403,80.22663116,36348,36358,10
12.88144016,80.22663116,36358,36368,10
12.88284969,80.22662354,36368,36378,10
12.88422966,80.22660828,36378,36388,10
12.88502026,80.22662354,36388,36398,10
12.88512039,80.22663116,36398,36408,10
12.88539028,80.22666168,36408,36418,10
12.88601971,80.22680664,36418,36428,10
12.88689041,80.22704315,36428,36438,10
12.88801003,80.227211,36438,36448,10
12.88930035,80.22727203,36448,36459,11
12.89076996,80.22728729,36459,36469,10
12.89196968,80.22725677,36469,36499,30
12.89196968,80.22725677,36499,36509,10
12.89221954,80.22724915,36509,36519,10
12.89266014,80.22728729,36519,36529,10
12.89336014,80.22737122,36529,36539,10
12.89424038,80.22746277,36539,36549,10
12.89519978,80.2275238,36549,36560,11
12.89618969,80.22757721,36560,36570,10
12.89706039,80.22763062,36570,36580,10
12.89805984,80.22769928,36580,36590,10
12.89916992,80.22775269,36590,36600,10
12.90011978,80.22779083,36600,36610,10
12.90071964,80.22779083,36610,36630,20
12.90071964,80.22779083,36630,36640,10
12.9009304,80.22782898,36640,36650,10
12.90151978,80.22789001,36650,36660,10
12.90256023,80.22792816,36660,36681,21
12.90256023,80.22792816,36681,36691,10
12.90291977,80.22796631,36691,36701,10
12.90361977,80.22799683,36701,36711,10
12.90452003,80.22805786,36711,36721,10
12.90559959,80.22810364,36721,36731,10
12.90618038,80.2281189,36731,36741,10
12.90629005,80.22811127,36741,36751,10
12.90649986,80.2281189,36751,36761,10
12.90684032,80.22817993,36761,36782,21
12.90684032,80.22817993,36782,36792,10
12.9073,80.22827911,36792,36802,10
12.9080801,80.22839355,36802,36812,10
12.9091301,80.2285614,36812,36822,10
12.91034985,80.22875214,36822,36832,10
12.91164017,80.22891998,36832,36842,10
12.91265011,80.22908783,36842,36852,10
12.91353035,80.22918701,36852,36862,10
12.91407013,80.22924805,36862,36872,10
12.91419983,80.22926331,36872,36883,11
12.91477013,80.22934723,36883,36893,10
12.91551971,80.22947693,36893,36903,10
12.91654015,80.22960663,36903,36913,10
12.9176302,80.22976685,36913,36923,10
12.91889,80.22991943,36923,36933,10
12.92024994,80.23008728,36933,36943,10
12.92168045,80.23029327,36943,36953,10
12.92313957,80.23052216,36953,36963,10
12.92457962,80.23069763,36963,36973,10
12.92588043,80.23085785,36973,36982,9
12.92693043,80.23098755,36982,36994,12
12.92848015,80.23120117,36994,37004,10
12.92978954,80.23145294,37004,37014,10
12.93109035,80.23178864,37014,37024,10
12.93227959,80.23216248,37024,37034,10
12.93367004,80.23271942,37034,37054,20
12.93367004,80.23271942,37054,37064,10
12.93404007,80.23294067,37064,37074,10
12.93472004,80.23323059,37074,37084,10
12.93550968,80.23358154,37084,37094,10
12.93644047,80.23401642,37094,37105,11
12.93768978,80.23462677,37105,37115,10
12.93887043,80.2352066,37115,37125,10
12.93959999,80.23558807,37125,37135,10
12.93978977,80.235672,37135,37145,10
12.93986988,80.23571777,37145,37155,10
12.94034958,80.23589325,37155,37165,10
12.94114017,80.23609924,37165,37175,10
12.9421196,80.23635101,37175,37185,10
12.94309044,80.23680878,37185,37195,10
12.94377995,80.23748779,37195,37206,11
12.94464016,80.2384491,37206,37216,10
12.94561958,80.23928833,37216,37226,10
12.94733047,80.23995972,37226,37246,20
12.94733047,80.23995972,37246,37256,10
12.94766998,80.24008942,37256,37266,10
12.94834042,80.2403717,37266,37276,10
12.94890976,80.24059296,37276,37317,41
12.94890976,80.24059296,37317,37327,10
12.94904995,80.2406311,37327,37337,10
12.94954014,80.24079895,37337,37347,10
12.95032024,80.24105835,37347,37357,10
12.95106983,80.24133301,37357,37367,10
12.95116043,80.24137115,37367,37377,10
12.95164013,80.24156189,37377,37387,10
12.95232964,80.24185944,37387,37397,10
12.95324039,80.24220276,37397,37406,9
12.95411015,80.24253082,37406,37417,11
12.95499039,80.24285126,37417,37428,11
12.95578957,80.24313354,37428,37438,10
12.95631027,80.24327087,37438,37448,10
12.95635986,80.2432785,37448,37458,10
12.95650005,80.24334717,37458,37468,10
12.9570303,80.24360657,37468,37478,10
12.9578104,80.24397278,37478,37488,10
12.95858002,80.24430847,37488,37498,10
12.95891953,80.24447632,37498,37508,10
12.95903015,80.24455261,37508,37518,10
12.95952988,80.24478149,37518,37529,11
12.96039963,80.24516296,37529,37539,10
12.9614296,80.24562073,37539,37549,10
12.96255016,80.24617767,37549,37559,10
12.96337032,80.24658966,37559,37628,69
12.96337032,80.24658966,37628,37640,12
12.96385002,80.24685669,37640,37650,10
12.96459007,80.24710846,37650,37660,10
12.96551037,80.24741364,37660,37670,10
12.96640968,80.24777222,37670,37680,10
12.96656036,80.24781799,37680,37690,10
12.96667957,80.24788666,37690,37700,10
12.96716976,80.24812317,37700,37709,9
12.96788025,80.24841309,37709,37720,11
12.96897984,80.24884796,37720,37730,10
12.97004986,80.24928284,37730,37740,10
12.97115993,80.24970245,37740,37751,11
12.97233009,80.25003052,37751,37761,10
12.97332001,80.25029755,37761,37771,10
12.97430038,80.25054932,37771,37781,10
12.97546959,80.25084686,37781,37791,10
12.97665977,80.25119781,37791,37801,10
12.97770977,80.25170135,37801,37811,10
12.97852993,80.25231934,37811,37821,10
12.97861958,80.25235748,37821,37831,10
12.97894001,80.25250244,37831,37841,10
12.97957039,80.25258636,37841,37852,11
12.98042011,80.25266266,37852,37862,10
12.98138046,80.25260925,37862,37872,10
12.98243046,80.25257111,37872,37882,10
12.98355007,80.25244904,37882,37892,10
12.98466015,80.25215912,37892,37902,10
12.98542023,80.25196075,37902,37912,10
12.98567963,80.25189972,37912,37932,20
12.98567963,80.25189972,37932,37942,10
12.98608017,80.25180054,37942,37951,9
12.98651028,80.25170135,37951,37963,12
12.98705959,80.25151825,37963,38033,70
12.98705959,80.25151825,38033,38043,10
12.98721027,80.25150299,38043,38053,10
12.98746014,80.25141907,38053,38063,10
12.98775959,80.25140381,38063,38074,11
12.98797035,80.25179291,38074,38084,10
12.98797989,80.25258636,38084,38094,10
12.98789978,80.25354767,38094,38104,10
12.9878397,80.25463867,38104,38114,10
12.98777962,80.25549316,38114,38235,121
12.98777962,80.25549316,38235,38245,10
12.98770046,80.25575256,38245,38255,10
12.9882803,80.25582886,38255,38275,20
12.9882803,80.25582886,38275,38286,11
12.98867035,80.25588989,38286,38296,10
12.98915005,80.2559433,38296,38306,10
12.98978996,80.25598145,38306,38316,10
12.99036026,80.25595856,38316,38326,10
12.99096012,80.25598145,38326,38336,10
12.99168015,80.2559967,38336,38346,10
12.99252987,80.25601196,38346,38356,10
12.99349976,80.2559433,38356,38376,20
12.99349976,80.2559433,38376,38385,9
12.99378967,80.25595093,38385,38397,12
12.99419022,80.25595856,38397,38407,10
12.99477959,80.255867,38407,38417,10
12.99510002,80.25585938,38417,38497,80
12.99510002,80.25585938,38497,38508,11
12.99545956,80.25588989,38508,38518,10
12.99584007,80.25589752,38518,38528,10
12.99660969,80.25585938,38528,38609,81
12.99660969,80.25585938,38609,38619,10
12.99701023,80.25588989,38619,38629,10
12.99750996,80.25589752,38629,38649,20
12.99750996,80.25589752,38649,38659,10
12.99761963,80.25592041,38659,38669,10
12.99767017,80.2559433,38669,38679,10
12.99771023,80.25615692,38679,38689,10
12.99777985,80.25660706,38689,38699,10
12.99765968,80.25697327,38699,38708,9
12.99761963,80.2567215,38708,38841,133
12.99761963,80.2567215,38841,38851,10
12.99767971,80.25655365,38851,38861,10
12.99748993,80.25655365,38861,38871,10
12.99720001,80.25697327,38871,38962,91
12.99685955,80.25692749,38962,39335,373
12.99685955,80.25692749,39335,39345,10
12.99722958,80.25686646,39345,39355,10
12.99763012,80.25624847,39355,39598,243
12.99763012,80.25624847,39598,39608,10
12.99802017,80.25592041,39608,39618,10
12.99890041,80.25605774,39618,39648,30
12.99890041,80.25605774,39648,39658,10
12.99913979,80.25608826,39658,39668,10
12.99950981,80.25615692,39668,39678,10
12.99993992,80.25624084,39678,39688,10
13.00039005,80.25634003,39688,39699,11
13.00045967,80.25636292,39699,39709,10
13.00057983,80.25639343,39709,39719,10
13.00096035,80.25644684,39719,39729,10
13.0012598,80.25649261,39729,39739,10
13.00150013,80.25653839,39739,39749,10
13.00177956,80.25657654,39749,39759,10
13.00230026,80.25663757,39759,39769,10
13.00292015,80.25673676,39769,39779,10
13.00366974,80.25686646,39779,39789,10
13.00399971,80.25695801,39789,39800,11
13.00415039,80.2569809,39800,39810,10
13.00477028,80.25708771,39810,39820,10
13.00557041,80.25727844,39820,39850,30
13.00557041,80.25727844,39850,39860,10
13.00580978,80.25737762,39860,39870,10
13.00613976,80.25740051,39870,39880,10
13.00644016,80.25720215,39880,39890,10
13.00644016,80.25653076,39890,39900,10
13.00642967,80.25570679,39900,39911,11
13.00646019,80.25495911,39911,39921,10
13.00646019,80.25408173,39921,39931,10
13.00646019,80.2530365,39931,39941,10
13.00648975,80.25254059,39941,39951,10
13.00667,80.25253296,39951,39961,10
13.00662994,80.25315094,39961,40193,232
13.00662994,80.25315094,40193,40203,10
13.00656986,80.25340271,40203,40617,414
13.00660038,80.25322723,40617,40890,273
13.00660038,80.25322723,40890,40900,10
13.00666046,80.25369263,40900,40910,10
13.00666046,80.25428009,40910,40920,10
13.00660038,80.25467682,40920,40930,10
13.00660992,80.25485992,40930,40940,10
13.00660038,80.25508881,40940,40950,10
13.00658035,80.25579834,40950,40960,10
13.00658989,80.25652313,40960,40970,10
13.00662994,80.25669098,40970,40980,10
13.00664043,80.25691223,40980,40990,10
13.00664997,80.2574234,40990,41001,11
13.00638962,80.25752258,41001,41011,10
13.00609016,80.25746918,41011,41021,10
13.00566959,80.25739288,41021,41031,10
13.00529957,80.25727844,41031,41041,10
13.00475979,80.25717163,41041,41051,10
13.00422001,80.25705719,41051,41132,81
13.00422001,80.25705719,41132,41142,10
13.00391006,80.25708771,41142,41152,10
13.0037899,80.25704193,41152,41162,10
13.0035696,80.2569809,41162,41172,10
13.00329018,80.25691223,41172,41182,10
13.00290012,80.25682831,41182,41192,10
13.00244999,80.25675201,41192,41293,101
13.00244999,80.25675201,41293,41303,10
13.00209999,80.25668335,41303,41313,10
13.00160027,80.25662231,41313,41324,11
13.00069046,80.25649261,41324,41334,10
12.99995995,80.25634003,41334,41344,10
12.99989033,80.25631714,41344,41354,10
12.99962044,80.25624084,41354,41364,10
12.99921989,80.25615692,41364,41374,10
12.99849033,80.25608063,41374,41404,30
12.99849033,80.25608063,41404,41414,10
12.99816036,80.2559967,41414,41424,10
12.99777985,80.25595856,41424,41435,11
12.99713993,80.25598145,41435,41445,10
12.99676037,80.25592041,41445,41455,10
12.99612045,80.2559433,41455,41465,10
12.99540997,80.25595093,41465,41475,10
12.99483967,80.25592804,41475,41485,10
12.9941597,80.2559967,41485,41495,10
12.99330997,80.25604248,41495,41505,10
12.9921999,80.25604248,41505,41515,10
12.99147987,80.25601959,41515,41525,10
12.99106979,80.25602722,41525,41535,10
12.99079037,80.25604248,41535,41546,11
12.99030018,80.25601959,41546,41556,10
12.98964024,80.2559967,41556,41616,60
12.98964024,80.2559967,41616,41626,10
12.98892975,80.25592804,41626,41636,10
12.98841953,80.25589752,41636,41647,11
12.98799992,80.25585175,41647,41657,10
12.98750973,80.25578308,41657,41667,10
12.98678017,80.25563812,41667,41677,10
12.98624039,80.25554657,41677,41687,10
12.98608017,80.25553131,41687,41707,20
12.98608017,80.25553131,41707,41717,10
12.98596001,80.25550079,41717,41727,10
12.98560047,80.25540924,41727,41737,10
12.98486996,80.25523376,41737,41747,10
12.98402977,80.25501251,41747,41758,11
12.98386955,80.25496674,41758,41768,10
12.98355961,80.25489807,41768,41778,10
12.9829998,80.25473785,41778,41788,10
12.98237038,80.25453949,41788,41798,10
12.98198032,80.25399017,41798,41808,10
12.98176956,80.2531662,41808,41818,10
12.98136997,80.25279999,41818,41828,10
12.98118019,80.25279999,41828,41838,10
12.98087978,80.25279999,41838,41848,10
12.98060989,80.25279236,41848,41858,10
12.98007011,80.25283051,41858,41889,31
12.98007011,80.25283051,41889,41899,10
12.97961998,80.25270081,41899,41909,10
12.97926998,80.2526474,41909,41919,10
12.97861004,80.25253296,41919,41929,10
12.97784042,80.25202942,41929,41939,10
12.97682953,80.25138092,41939,41949,10
12.97550964,80.2509613,41949,41959,10
12.97412014,80.25055695,41959,41969,10
12.97268963,80.25018311,41969,41980,11
12.97109032,80.2497406,41980,41990,10
12.96963024,80.24925232,41990,42000,10
12.96835995,80.24873352,42000,42010,10
12.96712017,80.24822235,42010,42020,10
12.96605968,80.24772644,42020,42030,10
12.96522045,80.24742126,42030,42040,10
12.96504974,80.24732208,42040,42050,10
12.96450996,80.24713135,42050,42060,10
12.96389008,80.24690247,42060,42070,10
12.96331024,80.24664307,42070,42079,9
12.96257019,80.24627686,42079,42091,12
12.96131992,80.24571991,42091,42101,10
12.96045971,80.24532318,42101,42111,10
12.95960045,80.24497986,42111,42121,10
12.95938015,80.24488831,42121,42131,10
12.95909977,80.24474335,42131,42141,10
12.95847034,80.24445343,42141,42151,10
12.95781994,80.24417114,42151,42161,10
12.95713997,80.24394226,42161,42171,10
12.95652008,80.24369049,42171,42212,41
12.95652008,80.24369049,42212,42222,10
12.9562397,80.24359894,42222,42232,10
12.95567989,80.24333191,42232,42242,10
12.95483971,80.24291992,42242,42252,10
12.95386028,80.24252319,42252,42262,10
12.95285988,80.24211121,42262,42272,10
12.95180035,80.24173737,42272,42282,10
12.95168018,80.24169922,42282,42292,10
12.95123959,80.24154663,42292,42303,11
12.95034027,80.24124146,42303,42313,10
12.94908047,80.2408371,42313,42333,20
12.94908047,80.2408371,42333,42343,10
12.94898033,80.24079895,42343,42353,10
12.94849014,80.2405777,42353,42363,10
12.94762993,80.24022675,42363,42373,10
12.94651985,80.23976898,42373,42383,10
12.94530964,80.23921204,42383,42393,10
12.94431973,80.23821259,42393,42403,10
12.94332027,80.23712921,42403,42414,11
12.94194984,80.23635864,42414,42424,10
12.9406004,80.23603058,42424,42434,10
12.93976974,80.23580933,42434,42444,10
12.93964005,80.23578644,42444,42454,10
12.9392004,80.23555756,42454,42464,10
12.9384203,80.23516083,42464,42474,10
12.93745995,80.23468018,42474,42484,10
12.93640041,80.23416901,42484,42494,10
12.93554974,80.23377991,42494,42504,10
12.93476963,80.23342896,42504,42513,9
12.93410969,80.23313904,42513,42525,12
12.93379021,80.23296356,42525,42535,10
12.93321991,80.23267365,42535,42545,10
12.93231964,80.23232269,42545,42555,10
12.93113041,80.23193359,42555,42565,10
12.92988014,80.23155975,42565,42575,10
12.92868996,80.2313385,42575,42585,10
12.92743969,80.23114014,42585,42595,10
12.92626953,80.23101044,42595,42605,10
12.92605019,80.23100281,42605,42615,10
12.92562008,80.2309494,42615,42626,11
12.92483044,80.23084259,42626,42636,10
12.92383957,80.23072815,42636,42646,10
12.9226799,80.2305603,42646,42656,10
12.92133999,80.2303772,42656,42666,10
12.91989994,80.23017883,42666,42676,10
12.91862965,80.23000336,42676,42686,10
12.9174099,80.22985077,42686,42696,10
12.91606998,80.22966766,42696,42706,10
12.91469002,80.22946167,42706,42716,10
12.91361046,80.2293396,42716,42726,10
12.91329956,80.22930145,42726,42737,11
12.91318989,80.22924805,42737,42747,10
12.91265011,80.22914886,42747,42757,10
12.91176033,80.22901154,42757,42767,10
12.91069031,80.22888184,42767,42777,10
12.90944958,80.22869873,42777,42787,10
12.90814018,80.22850037,42787,42797,10
12.90719032,80.22834778,42797,42827,30
12.90719032,80.22834778,42827,42836,9
12.90688038,80.228302,42836,42848,12
12.90627003,80.22825623,42848,42858,10
12.90550995,80.22824097,42858,42868,10
12.90445995,80.2281723,42868,42878,10
12.90361023,80.2281189,42878,42888,10
12.90275955,80.22808075,42888,42898,10
12.90180016,80.22802734,42898,42908,10
12.90130043,80.22795868,42908,42948,40
12.90130043,80.22795868,42948,42959,11
12.9010601,80.22776794,42959,42969,10
12.90050983,80.22779846,42969,42979,10
12.90001011,80.22782135,42979,42989,10
12.89949989,80.22783661,42989,42999,10
12.89939022,80.22785187,42999,43009,10
12.89933014,80.22786713,43009,43019,10
12.89894009,80.22785187,43019,43029,10
12.89820004,80.22781372,43029,43039,10
12.89719963,80.22775269,43039,43049,10
12.89606953,80.22769928,43049,43059,10
12.89482021,80.22766113,43059,43070,11
12.89336967,80.22750092,43070,43080,10
12.8920002,80.22737122,43080,43090,10
12.89054012,80.22734833,43090,43100,10
12.88932991,80.22737122,43100,43110,10
12.88838959,80.2273407,43110,43120,10
12.88780022,80.22730255,43120,43130,10
12.88743973,80.22727966,43130,43140,10
12.88677979,80.22714996,43140,43150,10
12.88582993,80.22691345,43150,43160,10
12.88504982,80.22678375,43160,43171,11
12.88496017,80.22676849,43171,43181,10
12.88451958,80.22675323,43181,43191,10
12.8837204,80.22675323,43191,43201,10
12.88265991,80.22676086,43201,43211,10
12.88136959,80.22676849,43211,43221,10
12.88002014,80.22676086,43221,43231,10
12.87860966,80.22680664,43231,43241,10
12.87718964,80.22693634,43241,43251,10
12.87652016,80.22701263,43251,43261,10
12.87639046,80.22702026,43261,43271,10
12.87580013,80.22702026,43271,43282,11
12.87477016,80.22691345,43282,43292,10
12.87357998,80.22673798,43292,43302,10
12.8726902,80.22673035,43302,43312,10
12.87197018,80.22672272,43312,43322,10
12.87094021,80.22667694,43322,43332,10
12.86970043,80.22654724,43332,43342,10
12.86833,80.22641754,43342,43352,10
12.86695004,80.22650909,43352,43362,10
12.86594009,80.22664642,43362,43372,10
12.86474991,80.22663879,43372,43382,10
12.86341,80.22657013,43382,43393,11
12.86186028,80.22662354,43393,43403,10
12.86095047,80.22663879,43403,43413,10
12.86081028,80.22662354,43413,43423,10
12.86028957,80.22657013,43423,43433,10
12.85943985,80.2264328,43433,43443,10
12.85849953,80.22631836,43443,43453,10
12.85741997,80.2263031,43453,43463,10
12.85616016,80.2264328,43463,43473,10
12.85480022,80.22657013,43473,43483,10
12.85334015,80.22673798,43483,43494,11
12.85167027,80.22669983,43494,43504,10
12.85013008,80.22660828,43504,43514,10
12.8487196,80.22660065,43514,43524,10
12.84799957,80.22663116,43524,43534,10
12.84797001,80.22663116,43534,43544,10
12.84745026,80.22663116,43544,43554,10
12.84654045,80.22662354,43554,43564,10
12.84560966,80.22662354,43564,43574,10
12.84533978,80.22666168,43574,43584,10
12.84504032,80.2266922,43584,43594,10
12.84434032,80.22673798,43594,43605,11
12.84331036,80.2268219,43605,43615,10
12.84216022,80.22695923,43615,43625,10
12.84086037,80.22728729,43625,43635,10
12.84039974,80.22743225,43635,43645,10
12.84014988,80.22753143,43645,43726,81
12.84014988,80.22753143,43726,43736,10
12.8398304,80.22766876,43736,43746,10
12.83967018,80.22770691,43746,43756,10
12.83899975,80.22789001,43756,43766,10
12.83806992,80.2281189,43766,43776,10
12.83689022,80.22834015,43776,43786,10
12.83559036,80.22853851,43786,43796,10
12.83421993,80.22875214,43796,43806,10
12.83288002,80.22899628,43806,43816,10
12.8322401,80.22914886,43816,43827,11
12.83218956,80.22914886,43827,43837,10
12.83176041,80.22924805,43837,43847,10
12.83100986,80.22946167,43847,43857,10
12.83014965,80.22972107,43857,43867,10
12.82919979,80.23014069,43867,43877,10
12.82853031,80.23047638,43877,43887,10
12.82785988,80.23088074,43887,43897,10
12.82697964,80.23126984,43897,43907,10
12.8259201,80.23139954,43907,43917,10
12.82460976,80.23137665,43917,43926,9
12.82338047,80.23105621,43926,43938,12
12.8217001,80.23056793,43938,43948,10
12.82040024,80.2305069,43948,43958,10
12.81921959,80.23053741,43958,43968,10
12.81888008,80.23052216,43968,43978,10
12.81884956,80.2305069,43978,43988,10
12.81844044,80.23034668,43988,43998,10
12.81764984,80.22994995,43998,44008,10
12.81659031,80.22956085,44008,44018,10
12.81527996,80.22934723,44018,44028,10
12.81387043,80.22910309,44028,44037,9
12.81260014,80.22868347,44037,44049,12
12.81087017,80.22805023,44049,44059,10
12.80945015,80.22741699,44059,44069,10
12.80823994,80.22653198,44069,44079,10
12.80727005,80.22572327,44079,44089,10
12.80671978,80.22522736,44089,44099,10
12.80611992,80.22467804,44099,44109,10
12.80537987,80.22415924,44109,44119,10
12.80488968,80.22406006,44119,44129,10
12.80488014,80.22406006,44129,44139,10
12.80478001,80.22402191,44139,44148,9
12.80436039,80.22396088,44148,44160,12
12.80331993,80.22386932,44160,44170,10
12.80255032,80.22377014,44170,44180,10
12.80161953,80.22367096,44180,44190,10
12.80095959,80.22364807,44190,44200,10
12.80093002,80.22364807,44200,44210,10
12.80088997,80.22358704,44210,44220,10
12.80039024,80.22354889,44220,44230,10
12.79957962,80.22348785,44230,44240,10
12.79848957,80.22345734,44240,44249,9
12.79728985,80.22325897,44249,44261,12
12.79590034,80.22299194,44261,44271,10
12.79574013,80.22296906,44271,44281,10
12.7953701,80.22290039,44281,44291,10
12.79463005,80.22276306,44291,44301,10
12.79366016,80.22261047,44301,44311,10
12.79248047,80.22242737,44311,44321,10
12.79121971,80.22210693,44321,44331,10
12.79008007,80.22180939,44331,44341,10
12.78929996,80.22158051,44341,44351,10
12.78868961,80.22135162,44351,44361,10
12.78794956,80.22102356,44361,44372,11
12.78736973,80.22080231,44372,44382,10
12.78709984,80.22071075,44382,44392,10
12.78684044,80.2206192,44392,44422,30
12.78684044,80.2206192,44422,44432,10
12.78660965,80.22052002,44432,44462,30
12.78660965,80.22052002,44462,44472,10
12.78637981,80.22041321,44472,44483,11
12.78614044,80.22029877,44483,44493,10
12.78581047,80.2201767,44493,44503,10
12.78536987,80.21997833,44503,44513,10
12.78489971,80.21974182,44513,44523,10
12.78466034,80.21962738,44523,44553,30
12.78466034,80.21962738,44553,44563,10
12.78419018,80.21935272,44563,44573,10
12.78349972,80.21897125,44573,44582,9
12.78269005,80.21852112,44582,44594,12
12.78133011,80.21778107,44594,44604,10
12.78011036,80.21710968,44604,44614,10
12.77884007,80.21643829,44614,44624,10
12.77742004,80.21576691,44624,44634,10
12.7758503,80.21511841,44634,44644,10
12.77422047,80.21446991,44644,44654,10
12.77264977,80.21385193,44654,44664,10
12.7712698,80.21334076,44664,44674,10
12.77077007,80.212883,44674,44694,20
12.77077007,80.212883,44694,44705,11
12.77089977,80.21244812,44705,44715,10
12.77108002,80.21164703,44715,44725,10
12.77153969,80.21070099,44725,44735,10
12.77210045,80.20954895,44735,44745,10
12.77250957,80.20825195,44745,44755,10
12.77283001,80.20706177,44755,44765,10
12.77307034,80.20628357,44765,44775,10
12.77313995,80.20607758,44775,44785,10
12.77328968,80.20539093,44785,44794,9
12.77342987,80.20451355,44794,44806,12
12.77367973,80.20301056,44806,44816,10
12.77390003,80.20108032,44816,44836,20
12.77390003,80.20108032,44836,44846,10
12.77390003,80.20098114,44846,44856,10
12.77394009,80.20044708,44856,44866,10
12.7740097,80.19960785,44866,44876,10
12.77410984,80.19850159,44876,44886,10
12.77414989,80.19747925,44886,44896,10
12.77420998,80.19631958,44896,44906,10
12.77431965,80.19502258,44906,44915,9
12.77453995,80.19397736,44915,44926,11
12.77462006,80.19368744,44926,44937,11
12.77466965,80.19358826,44937,44947,10
12.77488995,80.19303131,44947,44957,10
12.77532959,80.19226837,44957,44967,10
12.77513981,80.19120789,44967,44977,10
12.77439022,80.19017792,44977,44987,10
12.7733202,80.18946075,44987,44997,10
12.77202034,80.18894958,44997,45007,10
12.77105045,80.18834686,45007,45017,10
12.77089977,80.18717194,45017,45028,11
12.77083015,80.1867218,45028,45038,10
12.77077961,80.18624878,45038,45048,10
12.77073002,80.18544006,45048,45058,10
12.77054977,80.18466187,45058,45068,10
12.7702198,80.18460083,45068,45078,10
12.76965046,80.1844635,45078,45088,10
12.76893997,80.18409729,45088,45098,10
12.76838017,80.18357849,45098,45108,10
12.7677002,80.18328094,45108,45118,10
12.76679039,80.18289948,45118,45128,10
12.76585007,80.18266296,45128,45139,11
12.76511955,80.18256378,45139,45149,10
12.76418972,80.18245697,45149,45159,10
12.7635498,80.18247986,45159,45169,10
12.76319027,80.18351746,45169,45199,30
12.76319027,80.18351746,45199,45209,10
12.76305008,80.1837616,45209,45219,10
12.76296043,80.18421936,45219,45229,10
12.76298046,80.18460083,45229,45239,10
12.76272964,80.18499756,45239,45250,11
12.76224041,80.1849823,45250,45260,10
12.76210022,80.18495941,45260,45270,10
12.76152039,80.1847229,45270,45361,91
12.76152039,80.1847229,45361,45371,10
12.76161003,80.18489838,45371,45381,10
12.76181984,80.18489838,45381,45613,232
12.76181984,80.18489838,45613,45623,10
12.76204014,80.18495941,45623,45633,10
12.7624197,80.18493652,45633,45643,10
12.76282024,80.18499756,45643,45653,10
12.76299953,80.18460846,45653,45663,10
12.76299,80.18419647,45663,45672,9
12.76303959,80.18386078,45672,45684,12
12.76323986,80.18319702,45684,45693,9
12.76338959,80.18261719,45693,45704,11
12.76395035,80.18244171,45704,45714,10
12.76476002,80.18254089,45714,45724,10
12.76574993,80.18266296,45724,45734,10
12.76653957,80.18282318,45734,45744,10
12.7673502,80.1831665,45744,45754,10
12.76791,80.1833725,45754,45764,10
12.76844025,80.18360901,45764,45774,10
12.76877975,80.18392944,45774,45784,10
12.76922035,80.18424988,45784,45795,11
12.76926041,80.18427277,45795,45805,10
12.76957035,80.18440247,45805,45815,10
12.77003956,80.18454742,45815,45825,10
12.77056026,80.18470001,45825,45835,10
12.77073956,80.18524933,45835,45845,10
12.77075958,80.18608856,45845,45855,10
12.77089024,80.18695831,45855,45865,10
12.7710104,80.1880188,45865,45875,10
12.77147007,80.18878937,45875,45885,10
12.77233982,80.18908691,45885,45894,9
12.7730999,80.18943787,45894,45906,12
12.77416992,80.18997192,45906,45916,10
12.77492046,80.19081116,45916,45926,10
12.77528,80.19191742,45926,45936,10
12.77525997,80.19264221,45936,45946,10
12.77474022,80.19335175,45946,45956,10
12.77462006,80.19374084,45956,45966,10
12.77455044,80.19400787,45966,45976,10
12.77441978,80.19473267,45976,45986,10
12.77422047,80.19573212,45986,45995,9
12.77416992,80.19670868,45995,46006,11
12.77412033,80.19793701,46006,46017,11
12.7740202,80.19920349,46017,46027,10
12.77394009,80.20027161,46027,46037,10
12.77385998,80.20114899,46037,46047,10
12.77383995,80.20137024,46047,46057,10
12.7737999,80.20198059,46057,46067,10
12.77371979,80.20288086,46067,46077,10
12.77348042,80.2040329,46077,46087,10
12.77334023,80.20523834,46087,46097,10
12.77309036,80.20629883,46097,46106,9
12.77293968,80.2066803,46106,46118,12
12.77268982,80.20757294,46118,46128,10
12.77243042,80.20852661,46128,46138,10
12.77212048,80.20954895,46138,46148,10
12.77155972,80.21073151,46148,46158,10
12.77108002,80.21173859,46158,46168,10
12.7707901,80.21309662,46168,46188,20
12.7707901,80.21309662,46188,46198,10
12.77103996,80.21324158,46198,46208,10
12.77165985,80.21343994,46208,46218,10
12.77254963,80.21375275,46218,46229,11
12.7737999,80.2142334,46229,46239,10
12.77509975,80.21475983,46239,46249,10
12.77647972,80.21530914,46249,46259,10
12.77777958,80.21585846,46259,46269,10
12.77912045,80.21652222,46269,46279,10
12.78046036,80.21723938,46279,46289,10
12.7818203,80.2179718,46289,46299,10
12.78304958,80.21865082,46299,46309,10
12.78405952,80.21923065,46309,46319,10
12.78474045,80.21961212,46319,46329,10
12.78507996,80.2197876,46329,46340,11
12.78561974,80.22007751,46340,46350,10
12.78612995,80.22028351,46350,46410,60
12.78612995,80.22028351,46410,46420,10
12.78645039,80.22044373,46420,46430,10
12.78649044,80.22045898,46430,46440,10
12.78658009,80.22048187,46440,46451,11
12.78697968,80.22062683,46451,46461,10
12.78775024,80.22088623,46461,46471,10
12.78859997,80.22119904,46471,46481,10
12.78934956,80.22148132,46481,46491,10
12.78954983,80.22155762,46491,46501,10
12.79004002,80.22171783,46501,46511,10
12.79082012,80.2219162,46511,46521,10
12.7918396,80.22219086,46521,46531,10
12.79304028,80.22241974,46531,46541,10
12.79440022,80.2226181,46541,46552,11
12.79636955,80.22293854,46552,46572,20
12.79636955,80.22293854,46572,46582,10
12.79679966,80.22302246,46582,46592,10
12.79751968,80.22315979,46592,46602,10
12.7983799,80.2232666,46602,46612,10
12.79940033,80.22332001,46612,46622,10
12.80068016,80.22344971,46622,46632,10
12.80171013,80.22357941,46632,46642,10
12.80247021,80.22367859,46642,46652,10
12.8029604,80.22374725,46652,46663,11
12.80370045,80.22380066,46663,46673,10
12.80449963,80.22387695,46673,46683,10
12.80521965,80.22400665,46683,46693,10
12.80547047,80.22409821,46693,46703,10
12.80552959,80.22415161,46703,46713,10
12.80587006,80.22438049,46713,46723,10
12.80650043,80.22489929,46723,46733,10
12.80727959,80.22557831,46733,46743,10
12.80819988,80.22635651,46743,46753,10
12.80922031,80.22718048,46753,46763,10
12.81040001,80.22775269,46763,46774,11
12.81186962,80.22834015,46774,46784,10
12.81330967,80.22882843,46784,46794,10
12.81480026,80.2292099,46794,46804,10
12.81634045,80.22943115,46804,46814,10
12.81777954,80.22989655,46814,46824,10
12.81894016,80.23040009,46824,46834,10
12.8197298,80.23042297,46834,46844,10
12.81980991,80.23042297,46844,46854,10
12.81993008,80.2304306,46854,46864,10
12.82046986,80.23040771,46864,46873,9
12.82126045,80.23042297,46873,46885,12
12.82246971,80.23066711,46885,46895,10
12.82361984,80.23103333,46895,46905,10
12.82489967,80.23133087,46905,46915,10
12.82631969,80.23130035,46915,46925,10
12.82767963,80.23090363,46925,46935,10
12.82896996,80.23020172,46935,46945,10
12.83022022,80.22968292,46945,46955,10
12.83100033,80.22934723,46955,46965,10
12.83108044,80.22933197,46965,46975,10
12.83133984,80.22927856,46975,46984,9
12.83143997,80.22924805,46984,46996,12
12.83193016,80.22910309,46996,47006,10
12.83267975,80.22895813,47006,47016,10
12.83370972,80.22878265,47016,47026,10
12.83498955,80.22855377,47026,47036,10
12.83638,80.22834778,47036,47046,10
12.83782005,80.22811127,47046,47056,10
12.83940029,80.22766876,47056,47097,41
12.83940029,80.22766876,47097,47107,10
12.83963013,80.2276001,47107,47117,10
12.84016037,80.2274704,47117,47127,10
12.84101009,80.22725677,47127,47137,10
12.84210968,80.22701263,47137,47147,10
12.84337044,80.22678375,47147,47157,10
12.84469032,80.22662354,47157,47167,10
12.84541988,80.22654724,47167,47177,10
12.84543991,80.2265625,47177,47187,10
12.84576988,80.22653198,47187,47197,10
12.84611988,80.22653198,47197,47208,11
12.84689999,80.22651672,47208,47218,10
12.84780025,80.22651672,47218,47228,10
12.84895992,80.22650909,47228,47238,10
12.85000038,80.22650146,47238,47248,10
12.85013962,80.22648621,47248,47258,10
12.85035992,80.22650909,47258,47268,10
12.8509798,80.22653961,47268,47278,10
12.85188007,80.22659302,47278,47288,10
12.85307026,80.22663116,47288,47298,10
12.85441017,80.22650909,47298,47307,9
12.85558987,80.22637939,47307,47319,12
12.85711002,80.22622681,47319,47329,10
12.85832024,80.22618103,47329,47339,10
12.85937023,80.22628784,47339,47349,10
12.86044025,80.22644043,47349,47359,10
12.86075974,80.22647858,47359,47369,10
12.86083984,80.22648621,47369,47379,10
12.86116028,80.22650146,47379,47389,10
12.86135006,80.22651672,47389,47399,10
12.86190987,80.22648621,47399,47409,10
12.86275959,80.22644806,47409,47419,10
12.86382961,80.22644806,47419,47430,11
12.86522007,80.22653198,47430,47440,10
12.86645985,80.22647095,47440,47450,10
12.86783028,80.22634888,47450,47460,10
12.86927986,80.22637939,47460,47470,10
12.87069035,80.22653961,47470,47480,10
12.87197018,80.22662354,47480,47490,10
12.87279034,80.22659302,47490,47500,10
12.87281036,80.22659302,47500,47510,10
12.87296009,80.22660828,47510,47519,9
12.87343025,80.22663116,47519,47531,12
12.87436008,80.22673035,47531,47541,10
12.87549019,80.22686005,47541,47551,10
12.87646961,80.22688293,47551,47561,10
12.87679958,80.22683716,47561,47571,10
12.87699986,80.22680664,47571,47581,10
12.87767029,80.22676086,47581,47591,10
12.87858963,80.22669983,47591,47601,10
12.87977982,80.22664642,47601,47611,10
12.88113022,80.22663116,47611,47621,10
12.88255978,80.22660828,47621,47631,10
12.88399982,80.22660065,47631,47642,11
12.88519001,80.22660828,47642,47652,10
12.88543987,80.22664642,47652,47662,10
12.88605022,80.22680664,47662,47672,10
12.88691998,80.22704315,47672,47682,10
12.88790989,80.227211,47682,47692,10
12.88903999,80.22727203,47692,47702,10
12.89019966,80.22727966,47702,47712,10
12.89138985,80.22725677,47712,47722,10
12.89237976,80.22727966,47722,47732,10
12.89319038,80.22738647,47732,47741,9
12.8940897,80.22750854,47741,47753,12
12.89531994,80.22756958,47753,47763,10
12.89632034,80.22760773,47763,47773,10
12.89721966,80.2276535,47773,47783,10
12.89817047,80.2277298,47783,47793,10
12.89914989,80.22779083,47793,47803,10
12.89988995,80.22776794,47803,47843,40
12.89988995,80.22776794,47843,47852,9
12.90019989,80.22779083,47852,47864,12
12.90046978,80.22781372,47864,47874,10
12.90067959,80.22783661,47874,47884,10
12.90097046,80.22786713,47884,47894,10
12.90151024,80.22789001,47894,47904,10
12.90227985,80.22792053,47904,47914,10
12.90242958,80.22792053,47914,47924,10
12.90250969,80.22792816,47924,47934,10
12.90285015,80.22796631,47934,47944,10
12.90359974,80.22802734,47944,47954,10
12.90437984,80.22805786,47954,47965,11
12.90534973,80.2281189,47965,47975,10
12.90622997,80.2281189,47975,47995,20
12.90622997,80.2281189,47995,48005,10
12.90643978,80.22808075,48005,48015,10
12.90682983,80.22815704,48015,48025,10
12.90705967,80.22825623,48025,48035,10
12.90767956,80.22834778,48035,48045,10
12.90863991,80.22850037,48045,48055,10
12.90974998,80.22868347,48055,48065,10
12.91088009,80.22886658,48065,48076,11
12.91226006,80.22904968,48076,48086,10
12.91345978,80.2292099,48086,48096,10
12.91399002,80.22927094,48096,48106,10
12.91411972,80.22930145,48106,48116,10
12.91458035,80.22936249,48116,48126,10
12.91528034,80.2294693,48126,48136,10
12.91625023,80.22959137,48136,48146,10
12.91734028,80.2297287,48146,48156,10
12.91858006,80.22988892,48156,48166,10
12.91996002,80.23007965,48166,48176,10
12.92138958,80.23023987,48176,48187,11
12.92304993,80.2305069,48187,48197,10
12.92455959,80.23068237,48197,48207,10
12.92588043,80.23084259,48207,48217,10
12.92621994,80.23088074,48217,48227,10
12.92650032,80.23092651,48227,48237,10
12.92718983,80.23101044,48237,48247,10
12.92811012,80.23113251,48247,48257,10
12.92910957,80.23130798,48257,48267,10
12.93027973,80.23156738,48267,48277,10
12.93159962,80.23195648,48277,48288,11
12.93356037,80.23264313,48288,48308,20
12.93356037,80.23264313,48308,48318,10
12.93389034,80.23278809,48318,48328,10
12.93453979,80.23310852,48328,48338,10
12.93521023,80.23342896,48338,48348,10
12.93531036,80.23348236,48348,48358,10
12.93568993,80.23365021,48358,48368,10
12.93638039,80.23397064,48368,48378,10
12.93731022,80.23442078,48378,48387,9
12.93824959,80.23490143,48387,48399,12
12.93937969,80.23544312,48399,48409,10
12.93964958,80.2355423,48409,48419,10
12.93986034,80.23561859,48419,48429,10
12.94054985,80.23583984,48429,48439,10
12.94147968,80.23609161,48439,48449,10
12.94264984,80.23645782,48449,48459,10
12.9436903,80.23731995,48459,48469,10
12.94460964,80.23832703,48469,48479,10
12.94567013,80.2392807,48479,48489,10
12.94694042,80.23983765,48489,48499,10
12.94824028,80.24037933,48499,48509,10
12.94952011,80.24085999,48509,48520,11
12.95086956,80.24128723,48520,48530,10
12.9519701,80.24166107,48530,48540,10
12.95261002,80.24188995,48540,48550,10
12.95331955,80.24214935,48550,48560,10
12.95411015,80.24239349,48560,48570,10
12.9549799,80.24275208,48570,48580,10
12.95635033,80.24324799,48580,48600,20
12.95635033,80.24324799,48600,48610,10
12.95666981,80.24343109,48610,48621,11
12.95751953,80.24385834,48621,48631,10
12.95839977,80.24423981,48631,48641,10
12.95907021,80.24452209,48641,48651,10
12.95923996,80.24459839,48651,48661,10
12.95985985,80.24488831,48661,48671,10
12.96072006,80.24530029,48671,48681,10
12.96181011,80.24581146,48681,48691,10
12.96271038,80.24624634,48691,48701,10
12.96329021,80.24655151,48701,48711,10
12.96393967,80.24687958,48711,48722,11
12.96471977,80.24717712,48722,48732,10
12.9656601,80.24745178,48732,48742,10
12.96632004,80.24771118,48742,48752,10
12.96640968,80.2477417,48752,48762,10
12.9665699,80.24781036,48762,48772,10
12.96689034,80.24794769,48772,48782,10
12.96710968,80.24804688,48782,48792,10
12.96770954,80.24835205,48792,48802,10
12.96856022,80.24867249,48802,48812,10
12.96959972,80.24910736,48812,48822,10
12.97054958,80.2494812,48822,48833,11
12.97179031,80.24983978,48833,48843,10
12.97309971,80.25013733,48843,48853,10
12.97451019,80.2505188,48853,48863,10
12.97593975,80.25093842,48863,48873,10
12.97733021,80.25141907,48873,48883,10
12.97826004,80.25218201,48883,48893,10
12.97875977,80.25240326,48893,48903,10
12.9788599,80.25244904,48903,48913,10
12.97935009,80.25254822,48913,48923,10
12.97947025,80.25254822,48923,48933,10
12.97972012,80.25258636,48933,48944,11
12.98031998,80.25260162,48944,48954,10
12.98099995,80.25258636,48954,48964,10
12.98184013,80.25257874,48964,48974,10
12.98293018,80.25253296,48974,48984,10
12.98402023,80.25231934,48984,48994,10
12.98495007,80.25205994,48994,49004,10
12.98612022,80.25173187,49004,49105,101
12.98612022,80.25173187,49105,49115,10
12.9863596,80.25164795,49115,49125,10
12.98666,80.2516098,49125,49135,10
12.98711014,80.25145721,49135,49145,10
12.98742008,80.25137329,49145,49156,11
12.98777962,80.25137329,49156,49166,10
12.98789978,80.25163269,49166,49176,10
12.98797989,80.25224304,49176,49186,10
12.98791981,80.25309753,49186,49196,10
12.98787022,80.25392151,49196,49206,10
12.98789024,80.25431824,49206,49216,10
12.98814011,80.25435638,49216,49226,10
12.98824978,80.25473022,49226,49236,10
12.98820972,80.25531006,49236,49246,10
12.9881897,80.25562286,49246,49256,10
12.98857975,80.25576782,49256,49267,11
12.98886013,80.25579834,49267,49277,10
12.98904037,80.25588989,49277,49287,10
12.98950958,80.25592041,49287,49297,10
12.99022961,80.2559967,49297,49307,10
12.99081039,80.2559967,49307,49317,10
12.99155998,80.25601959,49317,49327,10
12.99263954,80.25601196,49327,49337,10
12.99347019,80.25595856,49337,49347,10
12.99380016,80.25595093,49347,49357,10
12.99390984,80.25592804,49357,49368,11
12.99442959,80.25588989,49368,49418,50
12.99442959,80.25588989,49418,49428,10
12.99489975,80.25585938,49428,49458,30
12.99489975,80.25585938,49458,49468,10
12.99526978,80.25582123,49468,49489,21
12.99526978,80.25582123,49489,49499,10
12.99549007,80.25582123,49499,49509,10
12.99571991,80.25585175,49509,49549,40
12.99571991,80.25585175,49549,49559,10
12.9963398,80.25582123,49559,49610,51
12.9963398,80.25582123,49610,49620,10
12.9966898,80.25592804,49620,49630,10
12.99691963,80.25592041,49630,49640,10
12.99750996,80.25588989,49640,49689,49
12.99750996,80.25588989,49689,49701,12
12.99767971,80.25615692,49701,49711,10
12.99767971,80.2563324,49711,49721,10
12.99767017,80.25663757,49721,49731,10
12.99740028,80.25669861,49731,50084,353
12.99722004,80.25666809,50084,50498,414
12.99738979,80.2567215,50498,50740,242
12.99738979,80.2567215,50740,50750,10
12.99761963,80.25656128,50750,50760,10
12.99763966,80.25640106,50760,50770,10
12.99761963,80.25624084,50770,51275,505
12.99779987,80.25605774,51275,51295,20
12.99779987,80.25605774,51295,51305,10
12.99798965,80.25589752,51305,51315,10
12.99825954,80.2559433,51315,51324,9
12.9988699,80.2559967,51324,51356,32
12.9988699,80.2559967,51356,51366,10
12.99911022,80.25608826,51366,51376,10
12.99946022,80.25614166,51376,51386,10
12.99975967,80.25621796,51386,51396,10
13.00051975,80.25640869,51396,51416,20
13.00051975,80.25640869,51416,51426,10
13.00074005,80.25643158,51426,51436,10
13.00115967,80.2564621,51436,51447,11
13.00170994,80.25653076,51447,51457,10
13.00234032,80.25660706,51457,51467,10
13.00294971,80.25673676,51467,51477,10
13.00352001,80.25688171,51477,51487,10
13.00413036,80.25695801,51487,51497,10
13.00492954,80.25704193,51497,51507,10
13.00568008,80.25723267,51507,51517,10
13.00619984,80.25743866,51517,51568,51
13.00619984,80.25743866,51568,51578,10
13.00650024,80.2572937,51578,51588,10
13.00648022,80.25681305,51588,51598,10
13.00648022,80.25601959,51598,51608,10
13.00650024,80.25543976,51608,51618,10
13.0065403,80.25488281,51618,51628,10
13.00650024,80.25411224,51628,51638,10
13.00650024,80.25366211,51638,51648,10
13.00650978,80.25360107,51648,51659,11
13.00656033,80.25340271,51659,51679,20
13.00656033,80.25340271,51679,51689,10
13.00658989,80.25328064,51689,51699,10
13.00656033,80.25301361,51699,51709,10
13.00660038,80.25260162,51709,51719,10
13.00675011,80.25260162,51719,51729,10
13.00667953,80.2529068,51729,51739,10
13.00666046,80.25319672,51739,51749,10
13.00664997,80.25346375,51749,51820,71
13.0065403,80.25363159,51820,51971,151
13.0065403,80.25363159,51971,51981,10
13.00660038,80.25377655,51981,51992,11
13.00658989,80.25428009,51992,52002,10
13.00656986,80.25466919,52002,52012,10
13.00656033,80.25511169,52012,52022,10
13.00656033,80.25579071,52022,52032,10
13.00658035,80.25643921,52032,52042,10
13.00660038,80.25697327,52042,52123,81
13.00660038,80.25697327,52123,52133,10
13.00654984,80.25705719,52133,52143,10
13.00625038,80.25746918,52143,52163,20
13.00594997,80.25737762,52163,52183,20
13.00594997,80.25737762,52183,52193,10
13.00557041,80.25733948,52193,52202,9
13.00520992,80.25723267,52202,52214,12
13.00430012,80.25704956,52214,52254,40
13.00430012,80.25704956,52254,52264,10
13.00399017,80.25695038,52264,52274,10
13.00364971,80.25688171,52274,52284,10
13.00331974,80.25679779,52284,52294,10
13.00321007,80.25679016,52294,52304,10
13.00298977,80.25675964,52304,52365,61
13.00298977,80.25675964,52365,52375,10
13.00259018,80.25668335,52375,52385,10
13.00216961,80.25662231,52385,52395,10
13.00168037,80.25656128,52395,52466,71
13.00168037,80.25656128,52466,52476,10
13.00142002,80.25662231,52476,52486,10
13.00086975,80.25650787,52486,52496,10
13.00016975,80.25634003,52496,52506,10
12.99934959,80.25614929,52506,52516,10
12.9982996,80.25595856,52516,52547,31
12.9982996,80.25595856,52547,52557,10
12.99810982,80.25595856,52557,52567,10
12.99781036,80.25595093,52567,52577,10
12.99742031,80.25592041,52577,52587,10
12.99701023,80.25591278,52587,52597,10
12.99676037,80.25588989,52597,52607,10
12.99629021,80.25588989,52607,52617,10
12.9960804,80.255867,52617,52627,10
12.99567032,80.25588989,52627,52637,10
12.99520016,80.255867,52637,52648,11
12.99444008,80.25588989,52648,52658,10
12.99359989,80.25595093,52658,52668,10
12.9925499,80.25601959,52668,52678,10
12.99157047,80.25601196,52678,52688,10
12.99075031,80.25595856,52688,52698,10
12.99007988,80.25598145,52698,52728,30
12.99007988,80.25598145,52728,52738,10
12.98976994,80.25598145,52738,52748,10
12.98931026,80.25595093,52748,52759,11
12.98869991,80.25588226,52759,52789,30
12.9884901,80.25582123,52789,52829,40
12.98810959,80.25579071,52829,52859,30
12.98810959,80.25579071,52859,52870,11
12.98768044,80.25576019,52870,52880,10
12.98729038,80.25567627,52880,52890,10
12.98705006,80.25565338,52890,52900,10
12.98608971,80.25544739,52900,52920,20
12.98608971,80.25544739,52920,52930,10
12.98571014,80.25538635,52930,52940,10
12.98511982,80.25525665,52940,52950,10
12.98441029,80.25511932,52950,52960,10
12.98363018,80.25488281,52960,52971,11
12.9832201,80.25475311,52971,52981,10
12.98272038,80.25460815,52981,52991,10
12.98209953,80.25411224,52991,53001,10
12.98182011,80.25325775,53001,53011,10
12.98136044,80.25274658,53011,53021,10
12.98087978,80.25274658,53021,53031,10
12.9808197,80.25274658,53031,53041,10
12.98048973,80.25273132,53041,53051,10
12.98005962,80.25273132,53051,53061,10
12.97964954,80.25267792,53061,53070,9
12.9789896,80.25257874,53070,53082,12
12.97799015,80.25208282,53082,53092,10
12.97698975,80.25140381,53092,53102,10
12.97583008,80.25105286,53102,53112,10
12.97476006,80.25073242,53112,53122,10
12.97362995,80.25041962,53122,53132,10
12.97247982,80.25012207,53132,53142,10
12.97130013,80.24976349,53142,53152,10
12.97006035,80.24938965,53152,53162,10
12.9688797,80.24893951,53162,53172,10
12.96767044,80.24848938,53172,53182,10
12.96706963,80.24816132,53182,53193,11
12.96650028,80.24784851,53193,53203,10
12.96578026,80.24754333,53203,53213,10
12.96514988,80.2473526,53213,53223,10
12.96494007,80.24729919,53223,53233,10
12.96467018,80.24720001,53233,53243,10
12.96399975,80.2469635,53243,53253,10
12.96323013,80.24659729,53253,53263,10
12.96222973,80.24610901,53263,53273,10
12.96105957,80.24549103,53273,53283,10
12.95991993,80.24497986,53283,53292,9
12.95952034,80.24485016,53292,53304,12
12.95940971,80.24479675,53304,53314,10
12.95891953,80.24456024,53314,53324,10
12.95814991,80.24420929,53324,53334,10
12.95736027,80.24391937,53334,53344,10
12.95650959,80.24365997,53344,53374,30
12.95650959,80.24365997,53374,53384,10
12.95619965,80.24356079,53384,53394,10
12.9555397,80.24323273,53394,53405,11
12.95454979,80.2427597,53405,53415,10
12.95366955,80.24237823,53415,53425,10
12.95287037,80.24204254,53425,53435,10
12.9519701,80.24172211,53435,53445,10
12.95164967,80.24160767,53445,53455,10
12.95145988,80.24150848,53455,53465,10
12.95094013,80.24134064,53465,53475,10
12.95022964,80.24114227,53475,53485,10
12.94950008,80.24089813,53485,53495,10
12.94880962,80.24063873,53495,53504,9
12.94803047,80.2403183,53504,53516,12
12.94696045,80.23988342,53516,53526,10
12.9460001,80.23950195,53526,53536,10
12.94497967,80.23886871,53536,53546,10
12.94406986,80.23805237,53546,53556,10
12.94295979,80.23686981,53556,53566,10
12.9416399,80.23629761,53566,53576,10
12.94025993,80.2359314,53576,53586,10
12.93974972,80.23573303,53586,53596,10
12.93953991,80.23560333,53596,53606,10
12.93887997,80.23522949,53606,53616,10
12.93799973,80.23480988,53616,53627,11
12.93675041,80.23423767,53627,53637,10
12.93566036,80.23371124,53637,53647,10
12.93465042,80.23326874,53647,53657,10
12.93395996,80.23297119,53657,53667,10
12.93389988,80.23291779,53667,53677,10
12.93346024,80.23271179,53677,53687,10
12.93268967,80.23239899,53687,53697,10
12.93167973,80.23206329,53697,53707,10
12.93052006,80.23168945,53707,53717,10
12.92942047,80.23142242,53717,53727,10
12.92823982,80.23121643,53727,53738,11
12.92683029,80.23100281,53738,53748,10
12.92588997,80.23092651,53748,53758,10
12.92570019,80.23088074,53758,53768,10
12.92506981,80.23078156,53768,53778,10
12.92416954,80.23071289,53778,53788,10
12.92306042,80.2305603,53788,53798,10
12.92173004,80.23034668,53798,53808,10
12.92031002,80.23016357,53808,53818,10
12.91897011,80.2299881,53818,53828,10
12.91771984,80.22985077,53828,53839,11
12.91619968,80.22963715,53839,53849,10
12.91479015,80.22943115,53849,53859,10
12.91362953,80.22928619,53859,53869,10
12.91327953,80.22924805,53869,53879,10
12.91289997,80.22917175,53879,53889,10
12.91211987,80.22901154,53889,53899,10
12.9110899,80.22885132,53899,53909,10
12.90985012,80.22866821,53909,53919,10
12.90847015,80.22846222,53919,53929,10
12.9073,80.22825623,53929,53939,10
12.90695,80.22821808,53939,53950,11
12.90645981,80.22817993,53950,53960,10
12.90563965,80.22814178,53960,53970,10
12.9045496,80.22808838,53970,53980,10
12.90322971,80.22802734,53980,53990,10
12.90203953,80.22795105,53990,54000,10
12.90100002,80.22789764,54000,54010,10
12.90019989,80.22786713,54010,54020,10
12.89986038,80.2278595,54020,54030,10
12.89960003,80.22782898,54030,54040,10
12.89947033,80.22782135,54040,54050,10
12.89914036,80.22781372,54050,54061,11
12.89842987,80.22776794,54061,54071,10
12.89760017,80.2277298,54071,54081,10
12.89663029,80.22769165,54081,54091,10
12.89554977,80.22763824,54091,54101,10
12.89443016,80.22759247,54101,54111,10
12.89336014,80.22747803,54111,54121,10
12.8927002,80.22737122,54121,54141,20
12.8927002,80.22737122,54141,54151,10
12.89258957,80.22734833,54151,54161,10
12.89218044,80.22731781,54161,54172,11
12.8913002,80.22730255,54172,54182,10
12.89021015,80.22731018,54182,54192,10
12.88901997,80.22731018,54192,54202,10
12.88780022,80.22725677,54202,54212,10
12.88656998,80.22704315,54212,54222,10
12.88527966,80.22673798,54222,54232,10
12.8846302,80.22672272,54232,54242,10
12.8844099,80.22672272,54242,54252,10
12.88374996,80.22670746,54252,54262,10
12.88278008,80.22672272,54262,54273,11
12.88144016,80.22673035,54273,54283,10
12.88027954,80.22672272,54283,54293,10
12.87917042,80.22675323,54293,54303,10
12.87786961,80.22682953,54303,54313,10
12.87672043,80.22693634,54313,54323,10
12.87642956,80.22695923,54323,54333,10
12.87631035,80.22698212,54333,54343,10
12.87578011,80.22695923,54343,54353,10
12.87491989,80.22689056,54353,54363,10
12.87380028,80.22675323,54363,54373,10
12.87257957,80.22667694,54373,54384,11
12.87117004,80.22662354,54384,54394,10
12.86979961,80.22651672,54394,54404,10
12.86835957,80.22637939,54404,54414,10
12.86693954,80.22647858,54414,54424,10
12.86555004,80.22657776,54424,54434,10
12.86417007,80.22651672,54434,54444,10
12.86277008,80.22647858,54444,54454,10
12.86137962,80.2265625,54454,54464,10
12.85997963,80.22644043,54464,54474,10
12.85861015,80.22627258,54474,54484,10
12.85733986,80.22624207,54484,54495,11
12.85581017,80.22640228,54495,54505,10
12.85435009,80.22654724,54505,54515,10
12.85291958,80.22666168,54515,54525,10
12.85144043,80.22660065,54525,54535,10
12.85000038,80.2265625,54535,54545,10
12.8485899,80.2265625,54545,54555,10
12.84706974,80.2265625,54555,54565,10
12.84589005,80.22657013,54565,54575,10
12.84531975,80.22660828,54575,54585,10
12.84523964,80.22660828,54585,54595,10
12.84515953,80.22662354,54595,54606,11
12.84463978,80.22666168,54606,54616,10
12.84389973,80.22667694,54616,54626,10
12.84290981,80.22683716,54626,54636,10
12.84173012,80.22709656,54636,54646,10
12.8405304,80.22743988,54646,54656,10
12.83985043,80.22763824,54656,54666,10
12.83946991,80.22776031,54666,54676,10
12.83885956,80.2279129,54676,54686,10
12.83802032,80.2281189,54686,54696,10
12.83691978,80.22831726,54696,54706,10
12.83576965,80.22850037,54706,54717,11
12.83458042,80.22866058,54717,54727,10
12.83333969,80.22888947,54727,54737,10
12.83207989,80.22915649,54737,54757,20
12.83207989,80.22915649,54757,54767,10
12.83174038,80.22923279,54767,54777,10
12.83115959,80.22937012,54777,54787,10
12.83032036,80.22966766,54787,54797,10
12.82921028,80.23008728,54797,54807,10
12.82806015,80.23069,54807,54818,11
12.82680988,80.23124695,54818,54828,10
12.82546997,80.23137665,54828,54838,10
12.82409,80.23123169,54838,54848,10
12.82268047,80.23079681,54848,54858,10
12.82127953,80.23047638,54858,54868,10
12.81991959,80.23049164,54868,54878,10
12.81875038,80.2304306,54878,54888,10
12.81754017,80.22987366,54888,54898,10
12.8161602,80.22946167,54898,54908,10
12.81470013,80.22924805,54908,54918,10
12.81330013,80.22891235,54918,54929,11
12.81175995,80.22834778,54929,54939,10
12.81046963,80.22785187,54939,54949,10
12.80943966,80.22738647,54949,54959,10
12.80854034,80.22676086,54959,54969,10
12.80780029,80.22612762,54969,54979,10
12.80720043,80.22561646,54979,54989,10
12.80681992,80.22528076,54989,54999,10
12.80644035,80.22492981,54999,55009,10
12.80630016,80.22480011,55009,55019,10
12.80617046,80.2246933,55019,55029,10
12.80591011,80.22444916,55029,55040,11
12.80552006,80.22416687,55040,55050,10
12.80531025,80.22406769,55050,55060,10
12.80515003,80.22402954,55060,55070,10
12.80494976,80.22399139,55070,55080,10
12.80494022,80.22399139,55080,55090,10
12.80488968,80.22398376,55090,55100,10
12.80455971,80.22393036,55100,55110,10
12.80399036,80.22389221,55110,55120,10
12.80315971,80.22380829,55120,55130,10
12.80212021,80.22366333,55130,55140,10
12.80109978,80.22357941,55140,55151,11
12.80084038,80.22355652,55151,55161,10
12.80066967,80.22351074,55161,55171,10
12.80023956,80.22348022,55171,55181,10
12.79944992,80.22341156,55181,55191,10
12.79833984,80.22319031,55191,55201,10
12.79708004,80.22306061,55201,55211,10
12.79594994,80.22289276,55211,55221,10
12.79568005,80.22286224,55221,55231,10
12.79537964,80.22281647,55231,55241,10
12.79465008,80.22267914,55241,55251,10
12.79364967,80.22254181,55251,55262,11
12.79236031,80.22232819,55262,55272,10
12.7911396,80.22203827,55272,55282,10
12.78989029,80.22171021,55282,55292,10
12.78876972,80.22132111,55292,55302,10
12.78792953,80.22099304,55302,55312,10
12.78736019,80.22080231,55312,55332,20
12.78736019,80.22080231,55332,55342,10
12.78726006,80.22073364,55342,55352,10
12.78709984,80.22068024,55352,55363,11
12.78687954,80.22059631,55363,55373,10
12.78668022,80.22052765,55373,55383,10
12.78637028,80.22039795,55383,55403,20
12.78637028,80.22039795,55403,55413,10
12.78619003,80.22032928,55413,55423,10
12.78594971,80.22022247,55423,55433,10
12.78530025,80.2199173,55433,55443,10
12.7845602,80.21955872,55443,55462,19
12.7845602,80.21955872,55462,55474,12
12.78450012,80.21945953,55474,55484,10
12.78415966,80.21927643,55484,55494,10
12.78347015,80.21891022,55494,55504,10
12.7825098,80.21840668,55504,55514,10
12.78135014,80.21778107,55514,55524,10
12.78011036,80.21710968,55524,55534,10
12.77882957,80.21640778,55534,55544,10
12.77744007,80.21575165,55544,55554,10
12.77600002,80.21515656,55554,55564,10
12.77451992,80.21456146,55564,55573,9
12.77318001,80.21401978,55573,55585,12
12.77141953,80.21337128,55585,55595,10
12.77077007,80.21286011,55595,55615,20
12.77077007,80.21286011,55615,55625,10
12.77085972,80.212677,55625,55635,10
12.77085018,80.21208191,55635,55645,10
12.7711401,80.21130371,55645,55655,10
12.77157974,80.21051788,55655,55665,10
12.77208042,80.20954132,55665,55675,10
12.77245998,80.2082901,55675,55685,10
12.77282047,80.20713043,55685,55696,11
12.77313995,80.20597839,55696,55706,10
12.77338028,80.20487213,55706,55716,10
12.77352047,80.20353699,55716,55726,10
12.77379036,80.20220184,55726,55736,10
12.77387047,80.20105743,55736,55746,10
12.77388,80.20088959,55746,55756,10
12.77392006,80.20043182,55756,55766,10
12.77398968,80.19960785,55766,55776,10
12.77408981,80.19853973,55776,55785,9
12.77412987,80.19743347,55785,55797,12
12.77422047,80.19586182,55797,55807,10
12.77441025,80.19468689,55807,55817,10
12.77460003,80.19380951,55817,55827,10
12.77466011,80.19360352,55827,55837,10
12.77474976,80.19332886,55837,55847,10
12.77513027,80.19274139,55847,55857,10
12.77528,80.19184875,55857,55867,10
12.77493,80.19075775,55867,55877,10
12.77402973,80.1897583,55877,55887,10
12.77280045,80.18923187,55887,55897,10
12.77151012,80.18872833,55897,55908,11
12.77097988,80.18782806,55908,55918,10
12.77085972,80.18682861,55918,55928,10
12.77085018,80.18673706,55928,55938,10
12.77075005,80.18556213,55938,55948,10
12.77075005,80.18556213,55948,55958,10
12.77064037,80.18475342,55958,55966,8
12.76721954,80.18308258,55966,56037,71
12.76721954,80.18308258,56037,56057,20
12.76558018,80.18260193,56057,56067,10
12.76515961,80.18256378,56067,56077,10
12.76486969,80.18251038,56077,56087,10
12.76418018,80.18241119,56087,56097,10
12.76352978,80.18238831,56097,56107,10
12.76331997,80.18302155,56107,56117,10
12.76317024,80.18354797,56117,56128,11
12.76307964,80.18383026,56128,56138,10
12.76303005,80.18425751,56138,56148,10
12.76301956,80.18473053,56148,56158,10
12.76264,80.18492126,56158,56168,10
12.76196957,80.18489838,56168,56178,10
12.76148987,80.18482208,56178,56188,10
12.76121998,80.18479919,56188,56198,10
12.76128006,80.18476868,56198,56208,10
12.7614603,80.18482208,56208,57056,848
12.7614603,80.18482208,57056,57066,10
12.76152039,80.18486023,57066,57076,10
12.76179028,80.18493652,57076,57086,10
12.76214027,80.18495178,57086,57096,10
12.76261997,80.18496704,57096,57106,10
12.76299,80.18477631,57106,57117,11
12.76301003,80.18425751,57117,57127,10
12.76301956,80.18390656,57127,57137,10
12.76317024,80.1835022,57137,57157,20
12.76317024,80.1835022,57157,57167,10
12.76323032,80.18334198,57167,57177,10
12.76336002,80.18289185,57177,57187,10
12.7635603,80.18235779,57187,57197,10
12.76414013,80.18241119,57197,57207,10
12.76488018,80.18251801,57207,57217,10
12.76562977,80.18260956,57217,57228,11
12.76640987,80.18274689,57228,57238,10
12.76710987,80.18305206,57238,57248,10
12.76772022,80.18328094,57248,57258,10
12.76836014,80.18353271,57258,57268,10
12.76875973,80.1838913,57268,57278,10
12.76916027,80.18418884,57278,57288,10
12.76922035,80.18424225,57288,57298,10
12.76930046,80.18428802,57298,57308,10
12.76968002,80.18444824,57308,57318,10
12.77027988,80.18462372,57318,57329,11
12.77068996,80.18482208,57329,57339,10
12.77073956,80.18518066,57339,57349,10
12.77075958,80.18588257,57349,57359,10
12.77087021,80.18669891,57359,57369,10
12.7709198,80.1870575,57369,57379,10
12.77095985,80.18740082,57379,57389,10
12.77105045,80.18810272,57389,57399,10
12.77145958,80.18874359,57399,57409,10
12.7723999,80.18907928,57409,57419,10
12.77344036,80.18952942,57419,57428,9
12.77431965,80.19010162,57428,57440,12
12.77517986,80.19126892,57440,57450,10
12.77536011,80.19229889,57450,57460,10
12.77490997,80.19307709,57460,57470,10
12.77474976,80.19345856,57470,57480,10
12.77466965,80.19367981,57480,57490,10
12.77464008,80.19378662,57490,57500,10
12.77453041,80.19423676,57500,57510,10
12.7743597,80.19506073,57510,57520,10
12.77423,80.19608307,57520,57530,10
12.77418995,80.19711304,57530,57540,10
12.77414989,80.19818878,57540,57551,11
12.77402973,80.19944,57551,57561,10
12.77394009,80.20053101,57561,57571,10
12.77388,80.2011795,57571,57581,10
12.77385998,80.20140839,57581,57591,10
12.77381992,80.20205688,57591,57601,10
12.77371979,80.20290375,57601,57611,10
12.77350998,80.20391846,57611,57621,10
12.77336979,80.20500946,57621,57631,10
12.77317047,80.20597839,57631,57641,10
12.7728796,80.20697021,57641,57650,9
12.77264023,80.2078476,57650,57662,12
12.77229977,80.2091217,57662,57672,10
12.77180004,80.21034241,57672,57682,10
12.77124023,80.21144104,57682,57692,10
12.77097034,80.21238708,57692,57702,10
12.77081966,80.21302795,57702,57712,10
12.77081013,80.21307373,57712,57722,10
12.7709198,80.21320343,57722,57732,10
12.77145958,80.21337128,57732,57742,10
12.7722702,80.21366119,57742,57751,9
12.77318954,80.21399689,57751,57763,12
12.77466011,80.21459198,57763,57773,10
12.7758503,80.21508789,57773,57783,10
12.77705956,80.2155838,57783,57793,10
12.77836037,80.21616364,57793,57803,10
12.77962971,80.21681213,57803,57813,10
12.78065014,80.21736145,57813,57823,10
12.78178024,80.2179718,57823,57833,10
12.7829504,80.2186203,57833,57843,10
12.78394985,80.21917725,57843,57853,10
12.78454018,80.21951294,57853,57863,10
12.78466034,80.21955109,57863,57874,11
12.7851696,80.21980286,57874,57954,80
12.7851696,80.21980286,57954,57964,10
12.78565979,80.220047,57964,57985,21
12.78565979,80.220047,57985,57995,10
12.78598022,80.22016907,57995,58025,30
12.78598022,80.22016907,58025,58035,10
12.78641987,80.22041321,58035,58045,10
12.7864399,80.22042084,58045,58055,10
12.78664017,80.22052002,58055,58065,10
12.78719997,80.22071075,58065,58075,10
12.78796005,80.2210083,58075,58085,10
12.78892994,80.22136688,58085,58096,11
12.7897501,80.2216568,58096,58106,10
12.79014969,80.22177887,58106,58116,10
12.79082966,80.22193146,58116,58126,10
12.79178047,80.22216034,58126,58136,10
12.79298019,80.22241211,58136,58146,10
12.79428959,80.22263336,58146,58156,10
12.79555988,80.22286987,58156,58166,10
12.79631996,80.22296143,58166,58176,10
12.7964201,80.22297668,58176,58186,10
12.79671001,80.22303772,58186,58197,11
12.79741001,80.22316742,58197,58207,10
12.79829025,80.22332764,58207,58217,10
12.79936981,80.22344208,58217,58227,10
12.80058002,80.22355652,58227,58237,10
12.80144024,80.22361755,58237,58247,10
12.80158997,80.22367096,58247,58257,10
12.80218029,80.22373962,58257,58267,10
12.80280018,80.22382355,58267,58277,10
12.80327034,80.22386169,58277,58287,10
12.80368042,80.22387695,58287,58297,10
12.80416965,80.22389984,58297,58308,11
12.80447006,80.22392273,58308,58318,10
12.80459976,80.22393036,58318,58328,10
12.80477047,80.22396851,58328,58338,10
12.80545044,80.22412872,58338,58358,20
12.80545044,80.22412872,58358,58368,10
12.80554008,80.22413635,58368,58378,10
12.80593967,80.22442627,58378,58388,10
12.80657959,80.22499847,58388,58398,10
12.80739021,80.22570801,58398,58408,10
12.8083601,80.22651672,58408,58419,11
12.80955982,80.22740173,58419,58429,10
12.81087017,80.22795868,58429,58439,10
12.81227016,80.22846985,58439,58449,10
12.81371975,80.22898102,58449,58459,10
12.81521988,80.22930145,58459,58469,10
12.81672955,80.22953796,58469,58479,10
12.81812954,80.23007965,58479,58489,10
12.81929016,80.23046875,58489,58499,10
12.81976032,80.23045349,58499,58509,10
12.82001972,80.23045349,58509,58519,10
12.82063007,80.23043823,58519,58530,11
12.82166958,80.2305069,58530,58540,10
12.8228302,80.2308197,58540,58550,10
12.82411003,80.23117065,58550,58560,10
12.82548046,80.23137665,58560,58570,10
12.82686043,80.23126984,58570,58580,10
12.82818031,80.23065186,58580,58590,10
12.82952976,80.22995758,58590,58600,10
12.8308897,80.22940063,58600,58631,31
12.8308897,80.22940063,58631,58641,10
12.83104038,80.22940063,58641,58651,10
12.83143997,80.22927856,58651,58661,10
12.83189964,80.22914886,58661,58671,10
12.83261967,80.22898865,58671,58681,10
12.83360958,80.2288208,58681,58691,10
12.83483982,80.22862244,58691,58701,10
12.83613968,80.22841644,58701,58711,10
12.83751011,80.22820282,58711,58721,10
12.83872986,80.22795868,58721,58730,9
12.83920956,80.22776031,58730,58742,12
12.83942986,80.22766113,58742,58752,10
12.83965969,80.22756958,58752,58762,10
12.84033966,80.22744751,58762,58772,10
12.84127998,80.22722626,58772,58782,10
12.84245968,80.22698975,58782,58792,10
12.84375954,80.22678375,58792,58802,10
12.84537983,80.22657776,58802,58822,20
12.84537983,80.22657776,58822,58832,10
12.84570026,80.22657776,58832,58842,10
12.84642029,80.22657776,58842,58853,11
12.84751987,80.22657776,58853,58863,10
12.84871006,80.22653961,58863,58873,10
12.84980011,80.22653961,58873,58883,10
12.85015965,80.22653198,58883,58893,10
12.85074043,80.22657013,58893,58903,10
12.85157967,80.22663116,58903,58913,10
12.85264015,80.22673035,58913,58923,10
12.85385036,80.22667694,58923,58933,10
12.85519981,80.22653961,58933,58942,9
12.85647011,80.22640228,58942,58954,12
12.85813999,80.22624207,58954,58964,10
12.85929966,80.22633362,58964,58974,10
12.86079979,80.22653961,58974,58994,20
12.86079979,80.22653961,58994,59004,10
12.86106968,80.22657013,59004,59014,10
12.86182022,80.22659302,59014,59024,10
12.86277008,80.22653198,59024,59034,10
12.86392021,80.22654724,59034,59044,10
12.86522007,80.22663879,59044,59054,10
12.86641979,80.22654724,59054,59065,11
12.86783028,80.22640991,59065,59075,10
12.86917019,80.22644806,59075,59085,10
12.87055016,80.22660065,59085,59095,10
12.87185955,80.22667694,59095,59105,10
12.8726902,80.22666931,59105,59135,30
12.8726902,80.22666931,59135,59145,10
12.8728199,80.22667694,59145,59155,10
12.8733902,80.22672272,59155,59165,10
12.87421989,80.22678375,59165,59176,11
12.87532997,80.22689819,59176,59186,10
12.87672997,80.22686768,59186,59226,40
12.87672997,80.22686768,59226,59236,10
12.87703991,80.22682953,59236,59246,10
12.87775993,80.22676086,59246,59256,10
12.87862968,80.22669983,59256,59266,10
12.87959957,80.22663879,59266,59277,11
12.88088989,80.22664642,59277,59287,10
12.88220978,80.22666168,59287,59297,10
12.88352966,80.22664642,59297,59298,1
12.88366032,80.22664642,59298,59317,19
12.88518047,80.22663879,59317,59327,10
12.88521957,80.22666168,59327,59337,10
12.88564014,80.22673035,59337,59347,10
12.88636971,80.22692108,59347,59357,10
12.88731956,80.22715759,59357,59367,10
12.8884201,80.22728729,59367,59377,10
12.88953972,80.22730255,59377,59388,11
12.89089966,80.22728729,59388,59398,10
12.89210033,80.22727966,59398,59408,10
12.89321041,80.22737885,59408,59418,10
12.89418983,80.22753906,59418,59428,10
12.89523029,80.22763062,59428,59438,10
12.89636993,80.22767639,59438,59448,10
12.89766026,80.2277298,59448,59458,10
12.89869976,80.2277832,59458,59468,10
12.89914036,80.22781372,59468,59478,10
12.8997097,80.22788239,59478,59488,10
12.90034008,80.22792816,59488,59499,11
12.90077019,80.22795105,59499,59509,10
12.9008503,80.22795105,59509,59519,10
12.90108013,80.22795868,59519,59529,10
12.90147972,80.22798157,59529,59539,10
12.9019804,80.22801971,59539,59549,10
12.9029398,80.22799683,59549,59569,20
12.9029398,80.22799683,59569,59579,10
12.90310955,80.22796631,59579,59589,10
12.90369987,80.22802734,59589,59599,10
12.9044199,80.2281189,59599,59610,11
12.90462971,80.22814178,59610,59620,10
12.90485954,80.2281723,59620,59630,10
12.90528965,80.22815704,59630,59640,10
12.90571976,80.22812653,59640,59650,10
12.90600967,80.2281723,59650,59721,71
12.90600967,80.2281723,59721,59731,10
12.9064703,80.2282486,59731,59741,10
12.90680027,80.2282486,59741,59751,10
12.90688038,80.22827148,59751,59761,10
12.9073801,80.22831726,59761,59771,10
12.9082098,80.22846222,59771,59781,10
12.90925026,80.2286377,59781,59791,10
12.91038036,80.22882843,59791,59801,10
12.91152954,80.22901154,59801,59811,10
12.91269016,80.22915649,59811,59822,11
12.91374016,80.22927094,59822,59832,10
12.9138298,80.22927856,59832,59842,10
12.91401958,80.22934723,59842,59852,10
12.91454983,80.22943115,59852,59862,10
12.91524982,80.22955322,59862,59872,10
12.91627979,80.22969818,59872,59882,10
12.91730022,80.22979736,59882,59892,10
12.91833019,80.22994995,59892,59902,10
12.91948986,80.23010254,59902,59912,10
12.92082977,80.23026276,59912,59922,10
12.92224026,80.2304306,59922,59933,11
12.92385006,80.23065186,59933,59943,10
12.9253397,80.23085022,59943,59953,10
12.92671967,80.23101807,59953,59963,10
12.92792034,80.23116302,59963,59973,10
12.92870045,80.23126984,59973,59983,10
12.92893982,80.23130798,59983,59993,10
12.92951012,80.23143005,59993,60003,10
12.93035984,80.23165131,60003,60013,10
12.93142033,80.23197937,60013,60023,10
12.93262005,80.23238373,60023,60034,11
12.93352032,80.2326889,60034,60044,10
12.93360996,80.23274231,60044,60054,10
12.93369007,80.23278809,60054,60064,10
12.93385983,80.23284912,60064,60074,10
12.9344101,80.23310089,60074,60084,10
12.93515968,80.2334671,60084,60094,10
12.93554974,80.23361969,60094,60104,10
12.93570042,80.23371887,60104,60114,10
12.93624973,80.23399353,60114,60124,10
12.93700981,80.23435974,60124,60134,10
12.93797016,80.23483276,60134,60145,11
12.93912029,80.23538971,60145,60155,10
12.9396801,80.23565674,60155,60165,10
12.93976021,80.23568726,60165,60175,10
12.94023037,80.23589325,60175,60185,10
12.94108963,80.23612976,60185,60195,10
12.94219971,80.23641205,60195,60205,10
12.94332027,80.2370224,60205,60215,10
12.94427013,80.23802185,60215,60225,10
12.94524956,80.23903656,60225,60235,10
12.94639969,80.23966217,60235,60245,10
12.94717026,80.23993683,60245,60256,11
12.94725037,80.23996735,60256,60266,10
12.94764042,80.24012756,60266,60276,10
12.9486599,80.24051666,60276,60326,50
12.9486599,80.24051666,60326,60336,10
12.94898987,80.24069214,60336,60346,10
12.94954014,80.24089813,60346,60357,11
12.95034981,80.24115753,60357,60367,10
12.9510603,80.24140167,60367,60377,10
12.9517498,80.24163055,60377,60387,10
12.95263004,80.24195862,60387,60397,10
12.95363045,80.24237061,60397,60407,10
12.95448017,80.24268341,60407,60417,10
12.95530033,80.24298859,60417,60427,10
12.95619011,80.24329376,60427,60457,30
12.95619011,80.24329376,60457,60468,11
12.95654011,80.2434082,60468,60478,10
12.95720959,80.24373627,60478,60488,10
12.95802021,80.24411011,60488,60498,10
12.95872974,80.24440765,60498,60508,10
12.95886993,80.24447632,60508,60518,10
12.95928955,80.24468231,60518,60528,10
12.96000957,80.24501038,60528,60538,10
12.96092987,80.24543762,60538,60548,10
12.96191978,80.24593353,60548,60558,10
12.96247005,80.24616241,60558,60568,10
12.96261978,80.24620056,60568,60579,11
12.96302032,80.24642181,60579,60589,10
12.96345997,80.2466507,60589,60599,10
12.9640398,80.2469101,60599,60609,10
12.96481037,80.24720001,60609,60619,10
12.9656601,80.24748993,60619,60629,10
12.96611977,80.24768066,60629,60639,10
12.96630001,80.2477417,60639,60649,10
12.96646976,80.24781799,60649,60659,10
12.96665001,80.24790192,60659,60669,10
12.96675968,80.24794769,60669,60680,11
12.96722984,80.24816132,60680,60690,10
12.96800041,80.24849701,60690,60700,10
12.96901035,80.24891663,60700,60710,10
12.97021008,80.24939728,60710,60720,10
12.97152996,80.24981689,60720,60730,10
12.97284985,80.25016785,60730,60740,10
12.97408962,80.25048065,60740,60750,10
12.97511959,80.25079346,60750,60760,10
12.97618961,80.251091,60760,60770,10
12.97729015,80.2514801,60770,60780,10
12.97813034,80.25209045,60780,60791,11
12.97854042,80.25234985,60791,60801,10
12.97859001,80.25238037,60801,60811,10
12.97902966,80.25256348,60811,60821,10
12.97968006,80.25261688,60821,60831,10
12.98034,80.25263977,60831,60841,10
12.98099041,80.2526474,60841,60851,10
12.98178959,80.25263977,60851,60861,10
12.98281956,80.25260925,60861,60871,10
12.98384953,80.25241089,60871,60881,10
12.98472023,80.25215912,60881,60891,10
12.98546982,80.25195313,60891,60902,11
12.98600006,80.25180054,60902,60962,60
12.98600006,80.25180054,60962,60972,10
12.9863596,80.25167847,60972,60982,10
12.98663998,80.25163269,60982,60992,10
12.98705959,80.25151825,60992,61003,11
12.98746014,80.25138855,61003,61013,10
12.98789024,80.2515564,61013,61023,10
12.98799992,80.25205231,61023,61032,9
12.98797989,80.25267029,61032,61043,11
12.98789024,80.25363922,61043,61053,10
12.9878397,80.2543335,61053,61063,10
12.98806,80.25444794,61063,61073,10
12.98824024,80.25463867,61073,61083,10
12.98824024,80.25521851,61083,61093,10
12.98822021,80.25556183,61093,61103,10
12.98830032,80.25579834,61103,61114,11
12.9886198,80.25583649,61114,61124,10
12.98867989,80.25583649,61124,61134,10
12.98878002,80.25585175,61134,61144,10
12.9891901,80.25582886,61144,61154,10
12.98987961,80.25595856,61154,61164,10
12.99069023,80.25596619,61164,61174,10
12.99143028,80.25598907,61174,61184,10
12.99248981,80.25589752,61184,61194,10
12.99322033,80.25579834,61194,61204,10
12.99345016,80.25585175,61204,61214,10
12.99359989,80.255867,61214,61225,11
12.99378967,80.25589752,61225,61265,40
12.99417019,80.25598145,61265,61356,91
12.99417019,80.25598145,61356,61366,10
12.99452972,80.25598907,61366,61376,10
12.99464989,80.25598145,61376,61386,10
12.9948101,80.2559433,61386,61396,10
12.99487019,80.25592041,61396,61406,10
12.99507999,80.25591278,61406,61416,10
12.99526978,80.25589752,61416,61426,10
12.99559021,80.255867,61426,61437,11
12.99654007,80.25588226,61437,61517,80
12.99654007,80.25588226,61517,61527,10
12.99685955,80.25585938,61527,61536,9
12.99722004,80.25585938,61536,61548,12
12.99777031,80.25583649,61548,61558,10
12.99831963,80.25585175,61558,61568,10
12.9988699,80.25598145,61568,61598,30
12.9988699,80.25598145,61598,61608,10
12.99913025,80.25618744,61608,61618,10
12.99958038,80.25623322,61618,61628,10
13.00006962,80.25630951,61628,61637,9
13.00065041,80.25640106,61637,61648,11
13.00144958,80.25653839,61648,61659,11
13.0019598,80.25660706,61659,61669,10
13.00251961,80.25669861,61669,61679,10
13.00298023,80.25679016,61679,61689,10
13.00317001,80.25682831,61689,61699,10
13.00333023,80.25685883,61699,61709,10
13.00358009,80.25689697,61709,61719,10
13.00384998,80.25695801,61719,61729,10
13.00405979,80.25701141,61729,61739,10
13.00440979,80.25705719,61739,61749,10
13.00504017,80.25713348,61749,61800,51
13.00504017,80.25713348,61800,61810,10
13.0053997,80.25727844,61810,61820,10
13.00557995,80.25731659,61820,61829,9
13.00640011,80.25749969,61829,61881,52
13.00640011,80.25749969,61881,61891,10
13.00656033,80.25737762,61891,61901,10
13.0065403,80.25700378,61901,61911,10
13.00650024,80.25643158,61911,61921,10
13.00648975,80.2558136,61921,61931,10
13.00652027,80.25541687,61931,61941,10
13.00654984,80.25479126,61941,61951,10
13.00650978,80.25395203,61951,61961,10
13.00650978,80.25324249,61961,61971,10
13.00648975,80.25292969,61971,61982,11
13.00660038,80.25260162,61982,61992,10
13.00669003,80.25286102,61992,62002,10
13.00664043,80.25318146,62002,63294,1292
13.00664043,80.25318146,63294,63304,10
13.00662994,80.25343323,63304,63314,10
13.00662041,80.25399017,63314,63324,10
13.00662041,80.25437927,63324,63334,10
13.00660038,80.2546463,63334,63344,10
13.00658035,80.25511932,63344,63354,10
13.00658989,80.25595093,63354,63364,10
13.00662041,80.25676727,63364,63374,10
13.00666046,80.25746155,63374,63385,11
13.00613976,80.25752258,63385,63395,10
13.00547981,80.25731659,63395,63405,10
13.00459957,80.25714111,63405,63415,10
13.00411034,80.25701141,63415,63425,10
13.0039196,80.25695801,63425,63435,10
13.00366974,80.25689697,63435,63445,10
13.00341988,80.2568512,63445,63455,10
13.00317001,80.25679779,63455,63465,10
13.00310993,80.25679779,63465,63475,10
13.0028801,80.25675964,63475,63485,10
13.00236988,80.25666809,63485,63586,101
13.00236988,80.25666809,63586,63595,9
13.0020504,80.25656891,63595,63607,12
13.00146008,80.25653839,63607,63617,10
13.00084019,80.25647736,63617,63627,10
13.00006008,80.25636292,63627,63637,10
12.99962997,80.25624084,63637,63667,30
12.99962997,80.25624084,63667,63677,10
12.99927998,80.25624084,63677,63687,10
12.99876022,80.25617218,63687,63697,10
12.99847984,80.25611115,63697,63718,21
12.99847984,80.25611115,63718,63728,10
12.99843979,80.25605774,63728,63738,10
12.99829006,80.25602722,63738,63748,10
12.99808979,80.25601959,63748,63758,10
12.99773979,80.25598145,63758,63768,10
12.99740028,80.2559433,63768,63778,10
12.99699974,80.25592041,63778,63788,10
12.99674034,80.25591278,63788,63798,10
12.99623013,80.25591278,63798,63808,10
12.99569988,80.25589752,63808,63819,11
12.99522972,80.25589752,63819,63829,10
12.99472046,80.25592804,63829,63839,10
12.99425983,80.25598145,63839,63849,10
12.99359035,80.25604248,63849,63859,10
12.99269009,80.25608063,63859,63869,10
12.9917202,80.256073,63869,63879,10
12.99104023,80.25604248,63879,63889,10
12.99057961,80.25602722,63889,63899,10
12.98999023,80.25601196,63899,64010,111
12.98999023,80.25601196,64010,64020,10
12.98970985,80.25596619,64020,64031,11
12.98933029,80.25595093,64031,64041,10
12.98886013,80.25595856,64041,64051,10
12.98836994,80.25591278,64051,64061,10
12.98777962,80.25582886,64061,64071,10
12.98725033,80.25570679,64071,64081,10
12.98610973,80.25552368,64081,64202,121
12.98610973,80.25552368,64202,64212,10
12.98593998,80.25547028,64212,64222,10
12.98575974,80.25544739,64222,64232,10
12.98526001,80.25534821,64232,64242,10
12.98456955,80.25517273,64242,64253,11
12.98384953,80.25499725,64253,64263,10
12.98324013,80.25483704,64263,64273,10
12.98254013,80.2546463,64273,64283,10
12.98200035,80.25402069,64283,64293,10
12.98178959,80.25328827,64293,64303,10
12.98128033,80.25280762,64303,64313,10
12.98040009,80.2527771,64313,64323,10
12.97959042,80.25270081,64323,64333,10
12.97871971,80.25260162,64333,64343,10
12.97858047,80.25256348,64343,64354,11
12.97842026,80.25247955,64354,64364,10
12.97793007,80.25208282,64364,64374,10
12.97719955,80.25150299,64374,64384,10
12.97609043,80.25112152,64384,64394,10
12.97484016,80.25076294,64394,64404,10
12.97350979,80.25038147,64404,64414,10
12.97216988,80.25002289,64414,64424,10
12.97078037,80.24967957,64424,64434,10
12.96938038,80.24916077,64434,64444,10
12.96798038,80.24861908,64444,64453,9
12.96697044,80.24816132,64453,64465,12
12.96609974,80.24772644,64465,64475,10
12.96547985,80.24752045,64475,64485,10
12.96525002,80.24742889,64485,64495,10
12.96512985,80.2473526,64495,64505,10
12.96461964,80.24716949,64505,64515,10
12.96389961,80.24691772,64515,64525,10
12.96304989,80.24649811,64525,64535,10
12.96193981,80.24595642,64535,64545,10
12.96088028,80.24543762,64545,64555,10
12.95979023,80.24495697,64555,64566,11
12.95938015,80.24481201,64566,64576,10
12.9593401,80.24482727,64576,64586,10
12.95897961,80.24463654,64586,64596,10
12.95825958,80.24430847,64596,64606,10
12.95757008,80.24401855,64606,64616,10
12.95639992,80.24362946,64616,64636,20
12.95639992,80.24362946,64636,64646,10
12.95604992,80.24346924,64646,64656,10
12.95536041,80.24314117,64656,64665,9
12.95458031,80.24276733,64665,64677,12
12.95324993,80.24221039,64677,64687,10
12.95205975,80.24176788,64687,64697,10
12.95174026,80.2416687,64697,64707,10
12.9516201,80.24163055,64707,64717,10
12.95108032,80.24143982,64717,64727,10
12.95024967,80.24117279,64727,64737,10
12.94919968,80.24085236,64737,64747,10
12.94820023,80.24040985,64747,64757,10
12.94725037,80.24005127,64757,64767,10
12.94705009,80.2399826,64767,64776,9
12.9469099,80.2399292,64776,64788,12
12.94624043,80.23966217,64788,64798,10
12.94548035,80.23930359,64798,64808,10
12.94468021,80.23860168,64808,64818,10
12.94386005,80.23769379,64818,64828,10
12.94324017,80.23705292,64828,64838,10
12.94235992,80.23651886,64838,64848,10
12.94116974,80.23616791,64848,64858,10
12.93999958,80.23586273,64858,64868,10
12.93966007,80.23573303,64868,64878,10
12.93949032,80.23564911,64878,64888,10
12.93892956,80.23538208,64888,64899,11
12.93803024,80.23493958,64899,64909,10
12.93706989,80.23445892,64909,64919,10
12.93610954,80.23400116,64919,64929,10
12.93527031,80.2335968,64929,64939,10
12.93381023,80.2329483,64939,64959,20
12.93381023,80.2329483,64959,64969,10
12.93352032,80.2328186,64969,64979,10
12.93286991,80.23252869,64979,64989,10
12.93200016,80.23222351,64989,65000,11
12.93074989,80.23178864,65000,65010,10
12.92949963,80.23146057,65010,65020,10
12.92885017,80.23130798,65020,65030,10
12.92837048,80.23124695,65030,65040,10
12.92755032,80.23116302,65040,65050,10
12.92652035,80.23104095,65050,65060,10
12.92611027,80.23101044,65060,65070,10
12.92607021,80.23101807,65070,65080,10
12.92562008,80.2309494,65080,65090,10
12.92492008,80.23085785,65090,65100,10
12.92405987,80.2307663,65100,65111,11
12.92294025,80.23061371,65111,65121,10
12.92177963,80.2304306,65121,65131,10
12.92049026,80.23026276,65131,65141,10
12.91919041,80.23008728,65141,65151,10
12.91784,80.22989655,65151,65161,10
12.91674042,80.22975922,65161,65171,10
12.91555977,80.22956848,65171,65181,10
12.91431046,80.22943115,65181,65191,10
12.9133997,80.22930908,65191,65201,10
12.91324997,80.22931671,65201,65212,11
12.91324043,80.22930908,65212,65222,10
12.91283035,80.22923279,65222,65232,10
12.91211987,80.22910309,65232,65242,10
12.91114044,80.2289505,65242,65252,10
12.90995026,80.22875214,65252,65262,10
12.90863037,80.22853088,65262,65272,10
12.90738964,80.22836304,65272,65282,10
12.9068203,80.228302,65282,65353,71
12.9068203,80.228302,65353,65363,10
12.90668964,80.22830963,65363,65373,10
12.90614033,80.22823334,65373,65383,10
12.90530968,80.22818756,65383,65393,10
12.90421963,80.2281189,65393,65403,10
12.90299988,80.22805023,65403,65413,10
12.90194035,80.22799683,65413,65422,9
12.90102959,80.22796631,65422,65474,52
12.90102959,80.22796631,65474,65484,10
12.90089989,80.22781372,65484,65494,10
12.90050983,80.22779846,65494,65504,10
12.8994503,80.22779846,65504,65534,30
12.8994503,80.22779846,65534,65545,11
12.89902973,80.22779846,65545,65555,10
12.89832973,80.22776031,65555,65565,10
12.89743996,80.22772217,65565,65575,10
12.89634037,80.22767639,65575,65585,10
12.89513016,80.22762299,65585,65595,10
12.89393997,80.22753906,65595,65605,10
12.89330959,80.2274704,65605,65615,10
12.89328003,80.2274704,65615,65625,10
12.89299965,80.22741699,65625,65635,10
12.89253998,80.22737885,65635,65696,61
12.89253998,80.22737885,65696,65706,10
12.89225006,80.22736359,65706,65716,10
12.89157009,80.22733307,65716,65726,10
12.89066029,80.22733307,65726,65736,10
12.88955975,80.22733307,65736,65746,10
12.88838005,80.22731781,65746,65757,11
12.88729,80.22720337,65757,65767,10
12.88619995,80.22695923,65767,65777,10
12.88506031,80.22673798,65777,65787,10
12.8847599,80.22673798,65787,65797,10
12.88449001,80.22673035,65797,65807,10
12.88383961,80.22673035,65807,65817,10
12.88292027,80.22673035,65817,65827,10
12.8817997,80.22673035,65827,65837,10
12.88051987,80.22672272,65837,65846,9
12.8792696,80.22673035,65846,65858,12
12.87761021,80.22685242,65858,65868,10
12.87664986,80.22695923,65868,65878,10
12.87652016,80.22698212,65878,65888,10
12.87642956,80.22698975,65888,65898,10
12.87590027,80.22698212,65898,65908,10
12.87506962,80.22692108,65908,65918,10
12.87401962,80.22679138,65918,65928,10
12.87296963,80.22670746,65928,65938,10
12.87263012,80.22672272,65938,65948,10
12.87259007,80.22672272,65948,65958,10
12.87213993,80.22670746,65958,65969,11
12.87125969,80.22666168,65969,65979,10
12.87020969,80.22659302,65979,65988,9
12.86911964,80.22647095,65988,65999,11
12.86765003,80.22644043,65999,66009,10
12.86623955,80.22657013,66009,66019,10
12.86480999,80.22659302,66019,66029,10
12.86334991,80.22653198,66029,66039,10
12.86200047,80.22657776,66039,66049,10
12.86116982,80.22660065,66049,66059,10
12.86112976,80.22660065,66059,66069,10
12.86108971,80.22662354,66069,66080,11
12.8605299,80.2265625,66080,66090,10
12.85966969,80.22644043,66090,66100,10
12.85894012,80.22634888,66100,66110,10
12.85875034,80.22631836,66110,66120,10
12.85822964,80.22628021,66120,66130,10
12.85741043,80.22628784,66130,66140,10
12.85639954,80.22637939,66140,66150,10
12.85519028,80.22650909,66150,66160,10
12.85389042,80.22663879,66160,66170,10
12.85262966,80.22669983,66170,66181,11
12.85134029,80.22666168,66181,66191,10
12.85025978,80.22660828,66191,66201,10
12.8499403,80.22660828,66201,66211,10
12.84988976,80.22662354,66211,66221,10
12.84943962,80.22663116,66221,66231,10
12.84864998,80.22662354,66231,66241,10
12.84762001,80.22659302,66241,66251,10
12.84654045,80.22660065,66251,66261,10
12.8458004,80.22660065,66261,66271,10
12.84554005,80.22662354,66271,66281,10
12.84552002,80.22662354,66281,66292,11
12.84537029,80.22660828,66292,66302,10
12.84486961,80.22662354,66302,66312,10
12.84410954,80.22666168,66312,66322,10
12.84311008,80.22680664,66322,66332,10
12.84191036,80.2270813,66332,66342,10
12.84078979,80.22736359,66342,66352,10
12.84012032,80.2276001,66352,66362,10
12.83971977,80.22776794,66362,66372,10
12.83959961,80.22782898,66372,66381,9
12.83940983,80.22786713,66381,66393,12
12.83895969,80.22795105,66393,66403,10
12.83821011,80.22811127,66403,66413,10
12.83724976,80.22828674,66413,66423,10
12.83605957,80.22846985,66423,66433,10
12.83475018,80.22866058,66433,66443,10
12.83345985,80.22888184,66443,66453,10
12.83218002,80.22913361,66453,66473,20
12.83218002,80.22913361,66473,66483,10
12.8319397,80.22917175,66483,66493,10
12.83135986,80.22930908,66493,66504,11
12.83043003,80.22962189,66504,66514,10
12.82936001,80.23002625,66514,66524,10
12.82824993,80.23059082,66524,66534,10
12.8270998,80.23119354,66534,66544,10
12.82586956,80.23137665,66544,66554,10
12.82450962,80.23135376,66554,66564,10
12.82312965,80.23095703,66564,66574,10
12.82174015,80.23055267,66574,66584,10
12.82038021,80.23047638,66584,66594,10
12.81910038,80.2305069,66594,66615,21
12.81910038,80.2305069,66615,66625,10
12.81904984,80.2305069,66625,66635,10
12.81861019,80.23036957,66635,66645,10
12.81789017,80.23001099,66645,66655,10
12.81692028,80.22962189,66655,66665,10
12.81571007,80.22939301,66665,66675,10
12.81441975,80.22920227,66675,66685,10
12.81330013,80.22888947,66685,66695,10
12.81233025,80.2285614,66695,66705,10
12.81116962,80.22815704,66705,66716,11
12.8099699,80.2276535,66716,66726,10
12.80912018,80.22720337,66726,66736,10
12.8083601,80.22660065,66736,66746,10
12.80764008,80.2259903,66746,66756,10
12.80718994,80.2256012,66756,66766,10
12.80663967,80.22512054,66766,66776,10
12.80609989,80.22463989,66776,66786,10
12.80560017,80.22422791,66786,66796,10
12.8053503,80.22411346,66796,66806,10
12.80531025,80.22409821,66806,66816,10
12.80521965,80.22406769,66816,66827,11
12.80486012,80.22398376,66827,66837,10
12.80424023,80.22389984,66837,66847,10
12.80358982,80.22386169,66847,66857,10
12.80303955,80.22380829,66857,66867,10
12.80230045,80.22368622,66867,66877,10
12.80144024,80.22360229,66877,66887,10
12.80101967,80.22357941,66887,66897,10
12.80088997,80.22355652,66897,66907,10
12.80041027,80.22351074,66907,66917,10
12.79992962,80.22345734,66917,66928,11
12.7990799,80.2233963,66928,66938,10
12.79804039,80.22316742,66938,66948,10
12.7971096,80.22309875,66948,66958,10
12.7961998,80.22296143,66958,66968,10
12.79582024,80.22290802,66968,66978,10
12.79572964,80.22292328,66978,66988,10
12.79520988,80.22280121,66988,66998,10
12.79442978,80.22267914,66998,67008,10
12.79341984,80.22252655,67008,67018,10
12.79224014,80.22232819,67018,67028,10
12.79111958,80.22205353,67028,67039,11
12.78995037,80.22174835,67039,67049,10
12.78960991,80.22167206,67049,67059,10
12.78921032,80.22149658,67059,67069,10
12.78837013,80.22116089,67069,67109,40
12.78837013,80.22116089,67109,67119,10
12.78818989,80.22106171,67119,67129,10
12.7880497,80.2210083,67129,67139,10
12.78789997,80.22096252,67139,67150,11
12.78769016,80.22087097,67150,67160,10
12.78748035,80.22080994,67160,67170,10
12.78726959,80.22074127,67170,67220,50
12.78726959,80.22074127,67220,67230,10
12.78709984,80.22068024,67230,67239,9
12.78676033,80.22055817,67239,67422,183
12.78676033,80.22055817,67422,67432,10
12.78643036,80.22042084,67432,67442,10
12.78627968,80.22036743,67442,67452,10
12.78617001,80.22032928,67452,67473,21
12.78617001,80.22032928,67473,67483,10
12.78575039,80.22016144,67483,67493,10
12.7853899,80.2199707,67493,67503,10
12.78462029,80.21959686,67503,67543,40
12.78462029,80.21959686,67543,67553,10
12.78452969,80.21954346,67553,67563,10
12.78421974,80.21936798,67563,67574,11
12.78357983,80.21900177,67574,67584,10
12.78314018,80.21877289,67584,67594,10
12.7826004,80.21846008,67594,67604,10
12.78182983,80.21804047,67604,67614,10
12.7809,80.2175293,67614,67624,10
12.77993965,80.21700287,67624,67634,10
12.77894974,80.21646881,67634,67644,10
12.77791023,80.21595001,67644,67654,10
12.7767601,80.21546173,67654,67664,10
12.77571964,80.21504211,67664,67674,10
12.77464008,80.21459961,67674,67685,11
12.77344036,80.21411896,67685,67695,10
12.77227974,80.21366882,67695,67705,10
12.77114964,80.21327209,67705,67715,10
12.77077007,80.21286011,67715,67735,20
12.77077007,80.21286011,67735,67745,10
12.77081966,80.21279907,67745,67755,10
12.77089977,80.21240234,67755,67765,10
12.77103043,80.21167755,67765,67775,10
12.77141953,80.21085358,67775,67786,11
12.77202034,80.20973206,67786,67796,10
12.77239037,80.20858765,67796,67806,10
12.77256966,80.20789337,67806,67816,10
12.77280998,80.20706177,67816,67826,10
12.77301979,80.20636749,67826,67836,10
12.77301979,80.20635986,67836,67846,10
12.77311993,80.20601654,67846,67856,10
12.77328014,80.2053299,67856,67866,10
12.77342033,80.20436096,67866,67876,10
12.77359962,80.20316315,67876,67886,10
12.77377987,80.20207214,67886,67897,11
12.77383995,80.20120239,67897,67907,10
12.77385998,80.20110321,67907,67917,10
12.77388954,80.20085907,67917,67927,10
12.7739296,80.20027161,67927,67937,10
12.77398968,80.1995697,67937,67947,10
12.77406025,80.19882202,67947,67957,10
12.77412987,80.19808197,67957,67967,10
12.77414989,80.197258,67967,67977,10
12.77418041,80.19645691,67977,67987,10
12.77422047,80.19592285,67987,67997,10
12.77422047,80.1958313,67997,68008,11
12.77425003,80.19539642,68008,68018,10
12.7743597,80.19486237,68018,68028,10
12.77449036,80.19426727,68028,68038,10
12.77460957,80.19374084,68038,68058,20
12.77460957,80.19374084,68058,68068,10
12.77466965,80.19355011,68068,68078,10
12.77476025,80.19326782,68078,68088,10
12.77509975,80.19275665,68088,68098,10
12.77532959,80.1921463,68098,68109,11
12.77517033,80.19139862,68109,68119,10
12.77482033,80.19064331,68119,68129,10
12.77410984,80.18988037,68129,68139,10
12.77311993,80.18939972,68139,68149,10
12.77213955,80.18898773,68149,68159,10
12.77122974,80.18863678,68159,68169,10
12.77097988,80.18797302,68169,68179,10
12.77087975,80.18710327,68179,68189,10
12.77085972,80.18686676,68189,68199,10
12.77081013,80.18659973,68199,68209,10
12.77073002,80.1860733,68209,68220,11
12.77070999,80.18524933,68220,68230,10
12.77050018,80.18463135,68230,68240,10
12.77040005,80.18460846,68240,68250,10
12.77025032,80.18454742,68250,68260,10
12.76976967,80.18443298,68260,68270,10
12.76947975,80.18430328,68270,68280,10
12.76912975,80.18415833,68280,68290,10
12.76910973,80.1841507,68290,68300,10
12.76889038,80.18399048,68300,68310,10
12.76850033,80.18361664,68310,68321,11
12.76788998,80.1832962,68321,68331,10
12.76716995,80.18305206,68331,68341,10
12.7664299,80.18273926,68341,68351,10
12.76576996,80.18260193,68351,68361,10
12.76511955,80.18253326,68361,68371,10
12.76428986,80.18241882,68371,68381,10
12.7636404,80.18231964,68381,68391,10
12.76340008,80.18267822,68391,68401,10
12.76317978,80.18347931,68401,68421,20
12.76317978,80.18347931,68421,68432,11
12.76317024,80.18353271,68432,68442,10
12.76303959,80.18388367,68442,68452,10
12.76301956,80.18428802,68452,68462,10
12.76303959,80.18460846,68462,68472,10
12.76294994,80.1849823,68472,68482,10
12.76268005,80.18496704,68482,68492,10
12.76228046,80.18492126,68492,68502,10
12.76179028,80.18489838,68502,68512,10
12.76150036,80.18466949,68512,69057,545
12.76150036,80.18466949,69057,69066,9
12.76152992,80.18486023,69066,69078,12
12.76183987,80.18491364,69078,69088,10
12.76214027,80.18492889,69088,69098,10
12.7625103,80.18495178,69098,69108,10
12.76290035,80.18489075,69108,69118,10
12.76296997,80.18450165,69118,69128,10
12.76294041,80.18412018,69128,69138,10
12.76299953,80.18380737,69138,69148,10
12.76313972,80.18343353,69148,69158,10
12.76327038,80.18299103,69158,69168,10
12.7634201,80.18247986,69168,69179,11
12.76377964,80.18238831,69179,69189,10
12.76418972,80.18244934,69189,69199,10
12.7646904,80.18251801,69199,69209,10
12.76533031,80.18258667,69209,69219,10
12.7659502,80.18267822,69219,69229,10
12.76653957,80.18280792,69229,69239,10
12.76706028,80.18305206,69239,69249,10
12.76756954,80.1832428,69249,69259,10
12.76811028,80.18341827,69259,69269,10
12.76852989,80.18369293,69269,69280,11
12.76889992,80.184021,69280,69290,10
12.76924992,80.18424225,69290,69300,10
12.76966,80.1844101,69300,69310,10
12.7700901,80.18454742,69310,69320,10
12.77058029,80.18469238,69320,69330,10
12.77071953,80.18495941,69330,69340,10
12.77075958,80.18551636,69340,69350,10
12.77079964,80.18625641,69350,69359,9
12.77087975,80.1867981,69359,69370,11
12.77097988,80.18772125,69370,69380,10
12.77120018,80.18865204,69380,69391,11
12.7719202,80.18895721,69391,69401,10
12.77280045,80.18927002,69401,69411,10
12.77388954,80.18966675,69411,69421,10
12.77476978,80.19058228,69421,69431,10
12.77523041,80.19151306,69431,69441,10
12.77536011,80.19230652,69441,69451,10
12.77499008,80.19297028,69451,69461,10
12.77464008,80.19376373,69461,69490,29
12.77464008,80.19376373,69490,69502,12
12.77453995,80.19409943,69502,69512,10
12.7744503,80.19454956,69512,69522,10
12.77429008,80.19523621,69522,69532,10
12.77420998,80.19603729,69532,69542,10
12.77416992,80.19689941,69542,69552,10
12.77414989,80.19734955,69552,69562,10
12.77414036,80.19801331,69562,69572,10
12.77408028,80.1988678,69572,69582,10
12.77400017,80.19979858,69582,69592,10
12.77396011,80.20046234,69592,69603,11
12.77390003,80.20104218,69603,69613,10
12.77385998,80.20140076,69613,69623,10
12.77381039,80.20210266,69623,69633,10
12.77367973,80.20301819,69633,69643,10
12.77346992,80.20413208,69643,69653,10
12.77334023,80.2052536,69653,69663,10
12.77311993,80.20617676,69663,69693,30
12.77311993,80.20617676,69693,69703,10
12.77303982,80.20645905,69703,69714,11
12.77287006,80.20703125,69714,69724,10
12.77266026,80.20774078,69724,69734,10
12.77248001,80.20836639,69734,69744,10
12.77221966,80.20929718,69744,69754,10
12.77188015,80.21012878,69754,69764,10
12.77140045,80.21103668,69764,69774,10
12.77103996,80.21192169,69774,69784,10
12.77087021,80.21276093,69784,69794,10
12.77077961,80.21307373,69794,69804,10
12.77083015,80.21315765,69804,69814,10
12.77128029,80.21330261,69814,69825,11
12.77210999,80.21360016,69825,69835,10
12.77303982,80.21394348,69835,69845,10
12.77404022,80.21433258,69845,69855,10
12.77513027,80.21478271,69855,69865,10
12.77639008,80.21527863,69865,69875,10
12.77758026,80.21576691,69875,69885,10
12.77847004,80.21617889,69885,69895,10
12.77939987,80.21665955,69895,69905,10
12.78044033,80.21721649,69905,69915,10
12.78151989,80.21781158,69915,69926,11
12.7827301,80.21846771,69926,69936,10
12.78357983,80.21894836,69936,69946,10
12.7842598,80.21932983,69946,69956,10
12.7848196,80.21962738,69956,69966,10
12.78528976,80.21987915,69966,69976,10
12.78571987,80.22007751,69976,69986,10
12.78617001,80.22028351,69986,70006,20
12.78617001,80.22028351,70006,70016,10
12.7863903,80.22041321,70016,70037,21
12.7863903,80.22041321,70037,70047,10
12.78656006,80.22048187,70047,70057,10
12.78697014,80.22064972,70057,70067,10
12.78748989,80.22083282,70067,70077,10
12.78808975,80.22106171,70077,70087,10
12.78872013,80.22129822,70087,70097,10
12.78936005,80.22154999,70097,70107,10
12.78983974,80.22171021,70107,70117,10
12.79047966,80.22187042,70117,70127,10
12.79141998,80.22210693,70127,70138,11
12.79269981,80.22238922,70138,70148,10
12.79374981,80.22254181,70148,70158,10
12.7947197,80.22268677,70158,70168,10
12.79566956,80.22284698,70168,70178,10
12.79644966,80.22299194,70178,70188,10
12.79660988,80.22299957,70188,70198,10
12.79681015,80.22303772,70198,70208,10
12.7974596,80.22315979,70208,70218,10
12.79831982,80.2232666,70218,70228,10
12.79936981,80.22337341,70228,70238,10
12.80055046,80.2234726,70238,70249,11
12.8016901,80.22358704,70249,70259,10
12.80270004,80.22371674,70259,70269,10
12.80348969,80.22382355,70269,70279,10
12.80424976,80.22387695,70279,70289,10
12.80504036,80.22399902,70289,70299,10
12.80550003,80.22412872,70299,70309,10
12.80556011,80.22415924,70309,70319,10
12.80597019,80.22447205,70319,70328,9
12.80611992,80.22460175,70328,70339,11
12.80652046,80.2249527,70339,70350,11
12.80723,80.22557831,70350,70360,10
12.80803967,80.22624969,70360,70370,10
12.80889988,80.22696686,70370,70380,10
12.80982971,80.22753143,70380,70390,10
12.8108902,80.22798157,70390,70400,10
12.81214046,80.22844696,70400,70410,10
12.81342983,80.22888947,70410,70420,10
12.81472015,80.22920227,70420,70430,10
12.81610966,80.22940063,70430,70440,10
12.81741047,80.22972107,70440,70449,9
12.81828022,80.23014832,70449,70461,12
12.81945992,80.23046112,70461,70471,10
12.81984043,80.2304306,70471,70481,10
12.81986046,80.2304306,70481,70491,10
12.82026005,80.23042297,70491,70501,10
12.82108021,80.23040771,70501,70511,10
12.82213974,80.23058319,70511,70521,10
12.82330036,80.23092651,70521,70531,10
12.82448006,80.23121643,70531,70540,9
12.82557011,80.2313385,70540,70551,11
12.82689953,80.23121643,70551,70561,10
12.82800961,80.23071289,70561,70572,11
12.82917976,80.23007965,70572,70582,10
12.83030987,80.22963715,70582,70592,10
12.83098984,80.22936249,70592,70602,10
12.83111954,80.22930145,70602,70612,10
12.8312397,80.22928619,70612,70622,10
12.83172989,80.22914886,70622,70632,10
12.83248997,80.22899628,70632,70642,10
12.83353996,80.22879791,70642,70652,10
12.83479023,80.22857666,70652,70662,10
12.83613968,80.2283783,70662,70673,11
12.83757973,80.22814941,70673,70683,10
12.83866024,80.22789764,70683,70693,10
12.83913994,80.22776031,70693,70703,10
12.83944988,80.22760773,70703,70713,10
12.8397398,80.22753143,70713,70723,10
12.84041023,80.22741699,70723,70733,10
12.84130001,80.22718811,70733,70743,10
12.84247017,80.22692871,70743,70752,9
12.84354019,80.22673798,70752,70763,11
12.84531975,80.2265625,70763,70784,21
12.84531975,80.2265625,70784,70794,10
12.84550953,80.2265625,70794,70804,10
12.84603024,80.22653961,70804,70814,10
12.84681034,80.22653961,70814,70824,10
12.84784031,80.22653961,70824,70834,10
12.84902,80.22653198,70834,70844,10
12.84998989,80.22653198,70844,70854,10
12.85017014,80.22653198,70854,70864,10
12.85031986,80.2265625,70864,70874,10
12.85095024,80.22657013,70874,70885,11
12.85196972,80.22662354,70885,70895,10
12.85315037,80.22666168,70895,70905,10
12.85447979,80.22653961,70905,70915,10
12.85587978,80.22637939,70915,70925,10
12.8573103,80.22622681,70925,70935,10
12.85869026,80.22622681,70935,70945,10
12.8600502,80.22640991,70945,70955,10
12.8607502,80.22650146,70955,70965,10
12.86085033,80.22653961,70965,70975,10
12.86137009,80.22654724,70975,70985,10
12.86219978,80.22650909,70985,70996,11
12.86338997,80.22647858,70996,71006,10
12.86470985,80.22653198,71006,71016,10
12.86616993,80.22650909,71016,71026,10
12.86769009,80.22637939,71026,71036,10
12.86923981,80.22640991,71036,71046,10
12.87077045,80.22657776,71046,71056,10
12.87211037,80.22663116,71056,71066,10
12.87294006,80.22666168,71066,71076,10
12.8738203,80.22670746,71076,71086,10
12.87493038,80.22685242,71086,71097,11
12.87615013,80.22692108,71097,71107,10
12.87664032,80.22686768,71107,71117,10
12.87674046,80.22686768,71117,71127,10
12.87724972,80.22683716,71127,71137,10
12.87814045,80.22676849,71137,71147,10
12.8792696,80.22672272,71147,71157,10
12.88057995,80.2266922,71157,71167,10
12.88197994,80.22667694,71167,71177,10
12.88341045,80.22666931,71177,71187,10
12.88469982,80.22664642,71187,71197,10
12.88516045,80.22663879,71197,71208,11
12.88535023,80.22667694,71208,71218,10
12.88597012,80.22682953,71218,71228,10
12.88679028,80.22705078,71228,71238,10
12.88772964,80.22721863,71238,71248,10
12.88879967,80.22730255,71248,71258,10
12.89006042,80.22730255,71258,71268,10
12.89130974,80.22731018,71268,71278,10
12.89202023,80.22727203,71278,71298,20
12.89202023,80.22727203,71298,71309,11
12.89212036,80.22727203,71309,71319,10
12.8926096,80.22731018,71319,71329,10
12.8933897,80.22743225,71329,71339,10
12.89439011,80.22753143,71339,71349,10
12.89560032,80.22759247,71349,71359,10
12.89684963,80.22763824,71359,71369,10
12.89801979,80.22769928,71369,71379,10
12.89904022,80.22776794,71379,71389,10
12.89986038,80.22782135,71389,71399,10
12.9004097,80.2278595,71399,71409,10
12.90085983,80.22789001,71409,71420,11
12.90124035,80.22792053,71420,71430,10
12.90186024,80.22795105,71430,71440,10
12.90235996,80.22801208,71440,71450,10
12.90287018,80.22798157,71450,71460,10
12.90291023,80.22798157,71460,71470,10
12.90299988,80.22795868,71470,71480,10
12.90357971,80.22801208,71480,71490,10
12.90431976,80.22807312,71490,71500,10
12.90515995,80.2281189,71500,71510,10
12.90579987,80.22817993,71510,71519,9
12.90606976,80.22821808,71519,71571,52
12.90606976,80.22821808,71571,71581,10
12.90622997,80.22824097,71581,71591,10
12.90657997,80.22827911,71591,71601,10
12.90690994,80.22828674,71601,71611,10
12.90760994,80.22839355,71611,71620,9
12.90853024,80.22853088,71620,71632,12
12.91005993,80.22878265,71632,71642,10
12.91137028,80.22898102,71642,71652,10
12.91250038,80.22913361,71652,71662,10
12.91337967,80.22924042,71662,71672,10
12.91421032,80.22936249,71672,71682,10
12.91526985,80.22950745,71682,71692,10
12.91633987,80.22966003,71692,71702,10
12.91736984,80.22978973,71702,71712,10
12.91847038,80.22991943,71712,71722,10
12.91963959,80.23007965,71722,71731,9
12.92082977,80.23021698,71731,71743,12
12.92240047,80.23045349,71743,71753,10
12.92374039,80.2306366,71753,71763,10
12.9250803,80.23082733,71763,71773,10
12.92615986,80.23092651,71773,71783,10
12.92632008,80.2309494,71783,71793,10
12.92665958,80.23098755,71793,71803,10
12.9273901,80.23107147,71803,71813,10
12.92825031,80.23117828,71813,71823,10
12.92860985,80.23123169,71823,71833,10
12.92910004,80.23132324,71833,71844,11
12.92996025,80.23152924,71844,71854,10
12.93099976,80.23181915,71854,71864,10
12.93214989,80.23220825,71864,71874,10
12.93317032,80.2325592,71874,71884,10
12.93352985,80.23271179,71884,71894,10
12.93373966,80.23281097,71894,71904,10
12.93430996,80.23307037,71904,71914,10
12.93505001,80.23339844,71914,71924,10
12.93560028,80.23365021,71924,71934,10
12.93616962,80.23391724,71934,71944,10
12.93694973,80.23429871,71944,71955,11
12.93807983,80.23484039,71955,71965,10
12.93939972,80.23548889,71965,71985,20
12.93939972,80.23548889,71985,71995,10
12.93962002,80.23561859,71995,72005,10
12.9399004,80.23576355,72005,72015,10
12.94062996,80.23599243,72015,72025,10
12.94163036,80.23623657,72025,72035,10
12.94277954,80.2366333,72035,72045,10
12.94375992,80.23748779,72045,72055,10
12.94464016,80.2384491,72055,72066,11
12.94573021,80.23937225,72066,72076,10
12.94688034,80.23986053,72076,72086,10
12.94795036,80.24030304,72086,72096,10
12.94886971,80.24066162,72096,72106,10
12.94966984,80.24095917,72106,72116,10
12.9506197,80.24121857,72116,72126,10
12.95108032,80.24134064,72126,72136,10
12.9512701,80.2414093,72136,72146,10
12.95182037,80.24163818,72146,72156,10
12.95259953,80.24192047,72156,72167,11
12.95366955,80.24234009,72167,72177,10
12.95454979,80.24269867,72177,72187,10
12.9552803,80.24295807,72187,72197,10
12.95608044,80.24324036,72197,72207,10
12.95641041,80.24337006,72207,72217,10
12.95680046,80.24353027,72217,72227,10
12.95757008,80.24388123,72227,72237,10
12.95843029,80.2442627,72237,72247,10
12.95874977,80.24437714,72247,72257,10
12.95888042,80.24443817,72257,72268,11
12.95936012,80.24468994,72268,72278,10
12.95998001,80.24495697,72278,72288,10
12.96080017,80.24533844,72288,72298,10
12.96175003,80.2457962,72298,72308,10
12.96267033,80.2462616,72308,72318,10
12.96302986,80.24645996,72318,72328,10
12.96323967,80.24658203,72328,72338,10
12.96348,80.24669647,72338,72348,10
12.96397018,80.24690247,72348,72358,10
12.96465015,80.24713898,72358,72368,10
12.96545029,80.24742126,72368,72379,11
12.96652985,80.24780273,72379,72399,20
12.96652985,80.24780273,72399,72409,10
12.96675968,80.24793243,72409,72419,10
12.96712971,80.24810028,72419,72429,10
12.9676199,80.24832916,72429,72439,10
12.96823978,80.24861145,72439,72449,10
12.96893978,80.24887848,72449,72459,10
12.96971989,80.24918365,72459,72469,10
12.97056961,80.24949646,72469,72478,9
12.97134972,80.2497406,72478,72490,12
12.97245979,80.25003052,72490,72500,10
12.97332954,80.25026703,72500,72510,10
12.97422981,80.25051117,72510,72520,10
12.97525024,80.25080109,72520,72530,10
12.97618961,80.25106812,72530,72540,10
12.97708988,80.25135803,72540,72550,10
12.97791004,80.25192261,72550,72560,10
12.97850037,80.25234222,72560,72570,10
12.97856045,80.25237274,72570,72580,10
12.97900009,80.25254059,72580,72591,11
12.97970963,80.25263214,72591,72601,10
12.98031044,80.2526474,72601,72611,10
12.98083019,80.25263977,72611,72621,10
12.98159027,80.25261688,72621,72631,10
12.98256016,80.25258636,72631,72641,10
12.98359966,80.25244904,72641,72651,10
12.9844799,80.25222015,72651,72661,10
12.98509026,80.25205994,72661,72671,10
12.98571968,80.2518692,72671,72681,10
12.98641968,80.25170135,72681,72690,9
12.98692036,80.25158691,72690,72742,52
12.98692036,80.25158691,72742,72752,10
12.98694038,80.25158691,72752,72762,10
12.98719978,80.25151062,72762,72772,10
12.98746014,80.25144196,72772,72782,10
12.98775005,80.25144196,72782,72791,9
12.98785973,80.25167084,72791,72803,12
12.98795033,80.25212097,72803,72813,10
12.98793983,80.25250244,72813,72823,10
12.98787975,80.25299835,72823,72833,10
12.98785973,80.25328827,72833,72843,10
12.98781967,80.2537384,72843,72853,10
12.98779011,80.25431061,72853,72863,10
12.98773956,80.25469971,72863,72873,10
12.98771,80.25495911,72873,72883,10
12.98764992,80.25531769,72883,72893,10
12.98764992,80.25569916,72893,72903,10
12.98822975,80.25582886,72903,72924,21
12.98822975,80.25582886,72924,72934,10
12.98834038,80.255867,72934,72944,10
12.98855972,80.25588989,72944,72954,10
12.98880005,80.25589752,72954,72964,10
12.98915958,80.25595093,72964,72974,10
12.98958015,80.25592804,72974,72984,10
12.9901104,80.25598145,72984,72994,10
12.99065971,80.25598145,72994,73004,10
12.99122047,80.25601196,73004,73014,10
12.99193001,80.25605774,73014,73025,11
12.9927597,80.25601959,73025,73035,10
12.99343967,80.25595856,73035,73115,80
12.99343967,80.25595856,73115,73126,11
12.99386024,80.25595093,73126,73136,10
12.99409962,80.2559433,73136,73146,10
12.99435997,80.25592804,73146,73156,10
12.99475956,80.25589752,73156,73166,10
12.99514008,80.255867,73166,73176,10
12.99557018,80.25582886,73176,73186,10
12.99577999,80.25583649,73186,73196,10
12.99588013,80.25585938,73196,73206,10
12.99615002,80.25585938,73206,73307,101
12.99615002,80.25585938,73307,73317,10
12.99625969,80.25598145,73317,73327,10
12.9965601,80.25589752,73327,73338,11
12.99695015,80.25585938,73338,73348,10
12.99732018,80.25588226,73348,73428,80
12.99732018,80.25588226,73428,73438,10
12.99765015,80.25604248,73438,73449,11
12.99765968,80.25614166,73449,73459,10
12.99773979,80.25675964,73459,73904,445
12.99773979,80.25675964,73904,73914,10
12.99790001,80.25689697,73914,74590,676
12.99790001,80.25689697,74590,74600,10
12.99789047,80.25701904,74600,74610,10
12.99825954,80.25707245,74610,74913,303
12.99822998,80.2571106,74913,79364,4451
12.9983902,80.25710297,79364,80343,979
12.9982996,80.2569809,80343,80525,182
