13.02637959,80.26589966,19,745,726
13.02637959,80.26589966,745,755,10
13.02579975,80.26667786,755,765,10
13.02626991,80.26629639,765,776,11
13.02626038,80.2664566,776,816,40
13.02626038,80.2664566,816,826,10
13.02624989,80.26641083,826,836,10
13.02626038,80.26644135,836,846,10
13.02620983,80.26656342,846,856,10
13.02612019,80.26676178,856,1056,200
13.02612019,80.26676178,1056,1066,10
13.02678013,80.26656342,1066,1076,10
13.02665997,80.26644897,1076,1086,10
13.0266304,80.2665863,1086,1137,51
13.0266304,80.2665863,1137,1147,10
13.02661037,80.26638031,1147,1672,525
13.02633953,80.26648712,1672,1803,131
13.0260601,80.26624298,1803,1853,50
13.0260601,80.26624298,1853,1864,11
13.0261898,80.26596069,1864,1904,40
13.02618027,80.26602173,1904,1934,30
13.02606964,80.26602936,1934,2015,81
13.02606964,80.26602936,2015,2025,10
13.02581024,80.26634216,2025,2035,10
13.02614021,80.26605225,2035,2923,888
13.02616024,80.2661438,2923,3468,545
13.02616978,80.26599884,3468,4992,1524
13.02622032,80.26603699,4992,5103,111
13.0261898,80.26605225,5103,5467,364
13.02643967,80.26589203,5467,5709,242
13.02622032,80.26612091,5709,6062,353
13.02604008,80.26618195,6062,6224,162
13.02612972,80.26605225,6224,8374,2150
13.02612972,80.26605225,8374,8384,10
13.02610016,80.26603699,8384,8414,30
13.02610016,80.26603699,8414,8424,10
13.02612972,80.26592255,8424,8434,10
13.02630043,80.26538849,8434,8464,30
13.02630043,80.26538849,8464,8475,11
13.02610016,80.26599121,8475,8485,10
13.02608013,80.26596069,8485,8495,10
13.0260601,80.26582336,8495,8505,10
13.02608013,80.26596832,8505,8515,10
13.02624035,80.26592255,8515,8525,10
13.02618027,80.26595306,8525,8535,10
13.0260601,80.26602173,8535,8545,10
13.02560997,80.26567841,8545,8555,10
13.02462006,80.26489258,8555,8575,20
13.02591038,80.26647949,8575,8596,21
13.02591038,80.26647949,8596,8606,10
13.02571011,80.26638031,8606,8616,10
13.02616978,80.2660675,8616,8626,10
13.02614021,80.26608276,8626,8636,10
13.02632046,80.26612091,8636,8646,10
13.02643967,80.26629639,8646,8656,10
13.02632999,80.26611328,8656,8666,10
13.02622032,80.26593781,8666,8676,10
13.02614975,80.26589966,8676,8686,10
13.02614975,80.26602936,8686,8697,11
13.02612019,80.26609802,8697,8727,30
13.02595997,80.26618958,8727,8757,30
13.02595997,80.26618958,8757,8767,10
13.02602005,80.26593781,8767,8777,10
13.02608013,80.26598358,8777,8808,31
13.02608013,80.26598358,8808,8818,10
13.02608013,80.26603699,8818,8888,70
13.02608013,80.26603699,8888,8899,11
13.02600956,80.26603699,8899,8909,10
13.02608967,80.26593781,8909,8960,51
13.02608967,80.26593781,8960,8970,10
13.02620029,80.26596069,8970,8980,10
13.02616978,80.26600647,8980,8999,19
13.02616978,80.26600647,8999,9011,12
13.02610016,80.26605988,9011,9021,10
13.02626038,80.26599884,9021,9051,30
13.02626038,80.26599884,9051,9061,10
13.02624035,80.26602936,9061,9102,41
13.02593994,80.26603699,9102,9122,20
13.02577972,80.26629639,9122,9142,20
13.02595043,80.26612091,9142,9172,30
13.02595043,80.26612091,9172,9182,10
13.02548027,80.26576233,9182,9192,10
13.02620029,80.26621246,9192,9202,10
13.02649021,80.2661972,9202,9213,11
13.02647972,80.26618195,9213,9223,10
13.02667046,80.2662735,9223,9233,10
13.02610016,80.26602173,9233,9243,10
13.0260601,80.26608276,9243,9263,20
13.0260601,80.26608276,9263,9273,10
13.02645016,80.26573181,9273,9344,71
13.02645016,80.26573181,9344,9354,10
13.02635956,80.26615906,9354,9485,131
13.02614021,80.26598358,9485,9606,121
13.02614021,80.26598358,9606,9616,10
13.0260601,80.26605225,9616,9626,10
13.02567005,80.26612091,9626,15753,6127
13.02567005,80.26612091,15753,15763,10
13.02620983,80.26593018,15763,15773,10
13.02626038,80.26580048,15773,15783,10
13.02624035,80.26596069,15783,16904,1121
13.02626038,80.26605988,16904,17884,980
13.0262804,80.2660675,17884,17924,40
13.0262804,80.2660675,17924,17934,10
13.0262804,80.26612091,17934,18408,474
13.02622986,80.26603699,18408,18691,283
13.02622986,80.26603699,18691,18701,10
13.02624035,80.2660675,18701,18752,51
13.02622986,80.26605988,18752,18772,20
13.02620029,80.26609039,18772,19054,282
13.02612019,80.26609039,19054,19135,81
13.02624035,80.26599121,19135,19458,323
13.02616024,80.26602173,19458,19549,91
13.02620983,80.26596832,19549,19630,81
13.02612972,80.26599884,19630,19821,191
13.02618027,80.26605988,19821,20054,233
13.02616024,80.26605225,20054,20124,70
13.02620029,80.26598358,20124,20175,51
13.02618027,80.26605988,20175,21245,1070
13.02620983,80.26598358,21245,21325,80
13.02633953,80.26598358,21325,21709,384
13.02622032,80.26598358,21709,22113,404
13.02622032,80.26598358,22113,22123,10
13.02608967,80.26618195,22123,22385,262
13.02608967,80.26618195,22385,22395,10
13.02612972,80.26605225,22395,22405,10
13.0261898,80.26593781,22405,22416,11
13.02595997,80.26577759,22416,22426,10
13.02554989,80.26548767,22426,22436,10
13.02530003,80.26532745,22436,22446,10
13.02521992,80.26528168,22446,22456,10
13.02499008,80.2651062,22456,22466,10
13.02462959,80.26486206,22466,22476,10
13.02410984,80.26447296,22476,22486,10
13.02353954,80.26418304,22486,22496,10
13.02293968,80.26383972,22496,22506,10
13.02231979,80.26351929,22506,22516,10
13.0221796,80.26342773,22516,22527,11
13.02190018,80.26328278,22527,22537,10
13.0213604,80.26307678,22537,22547,10
13.02054024,80.26300812,22547,22557,10
13.01990986,80.26296997,22557,22567,10
13.01926041,80.26291656,22567,22577,10
13.01896,80.2627182,22577,22587,10
13.01885033,80.2620163,22587,22597,10
13.01869011,80.26136017,22597,22607,10
13.01805973,80.26087952,22607,22617,10
13.01729012,80.26036072,22617,22628,11
13.01648045,80.25987244,22628,22638,10
13.01616001,80.25971222,22638,22648,10
13.01601982,80.25964355,22648,22658,10
13.01543045,80.25942993,22658,22668,10
13.01455975,80.25932312,22668,22678,10
13.0135603,80.25926971,22678,22688,10
13.01257038,80.25923157,22688,22698,10
13.01165009,80.25919342,22698,22708,10
13.01078033,80.25917816,22708,22718,10
13.01004028,80.2592392,22718,22728,10
13.00977993,80.25923157,22728,22738,10
13.00922966,80.25920868,22738,22749,11
13.00876045,80.25923157,22749,22759,10
13.00833035,80.25923157,22759,22769,10
13.00759029,80.25939941,22769,22779,10
13.00716972,80.2588501,22779,22789,10
13.00716019,80.2587204,22789,22799,10
13.00697994,80.25827789,22799,22809,10
13.00669956,80.25782776,22809,22819,10
13.00656033,80.25762177,22819,22829,10
13.00656033,80.25730896,22829,22839,10
13.00654984,80.25656128,22839,22850,11
13.0065403,80.25553131,22850,22860,10
13.00656033,80.2545166,22860,22870,10
13.00656033,80.25354004,22870,22879,9
13.00656986,80.25319672,22879,22890,11
13.00654984,80.25293732,22890,22900,10
13.00658035,80.25245667,22900,22910,10
13.00666046,80.25208282,22910,22920,10
13.00667953,80.25195313,22920,22930,10
13.00673962,80.2514801,22930,22940,10
13.00677967,80.25057983,22940,22951,11
13.00679016,80.24932098,22951,22960,9
13.00669956,80.24832153,22960,22971,11
13.00667,80.24746704,22971,22981,10
13.00666046,80.24716187,22981,22991,10
13.00664043,80.24681854,22991,23001,10
13.00662994,80.24680328,23001,23011,10
13.00664043,80.24646759,23011,23021,10
13.00666046,80.24598694,23021,23031,10
13.00664043,80.2452774,23031,23041,10
13.00666046,80.24453735,23041,23051,10
13.00666046,80.24384308,23051,23061,10
13.00664043,80.24308777,23061,23072,11
13.00658035,80.24210358,23072,23082,10
13.00660038,80.24128723,23082,23092,10
13.00671005,80.24057007,23092,23102,10
13.00687027,80.23983765,23102,23112,10
13.00702,80.23899078,23112,23122,10
13.00720024,80.23812103,23122,23132,10
13.00739002,80.23729706,23132,23142,10
13.00747967,80.23680878,23142,23152,10
13.00763988,80.23607635,23152,23163,11
13.00784969,80.23504639,23163,23173,10
13.00804996,80.23410034,23173,23183,10
13.00825977,80.23304749,23183,23193,10
13.00848007,80.23195648,23193,23203,10
13.00870037,80.23081207,23203,23213,10
13.00891972,80.22966003,23213,23223,10
13.00914955,80.22846222,23223,23233,10
13.00959969,80.22734833,23233,23243,10
13.01006985,80.2263031,23243,23253,10
13.01058006,80.22525024,23253,23263,10
13.01099968,80.22434235,23263,23274,11
13.0112896,80.22357941,23274,23284,10
13.0116396,80.22274017,23284,23294,10
13.01189041,80.22194672,23294,23304,10
13.01216984,80.2215271,23304,23314,10
13.01247978,80.22180176,23314,23324,10
13.01294041,80.22239685,23324,23334,10
13.01368999,80.22318268,23334,23344,10
13.01422024,80.22382355,23344,23354,10
13.01455021,80.22425079,23354,23364,10
13.01506042,80.22473907,23364,23368,4
13.01517963,80.22483063,23368,23369,1
13.01519012,80.22483826,23369,23415,46
13.01685047,80.22519684,23415,23425,10
13.01774025,80.22483826,23425,23435,10
13.01860046,80.2244873,23435,23445,10
13.01945019,80.22441864,23445,23455,10
13.02027988,80.22493744,23455,23465,10
13.02093983,80.22541809,23465,23475,10
13.0214901,80.22582245,23475,23485,10
13.02180958,80.22605896,23485,23497,12
13.02215958,80.22634888,23497,23507,10
13.02276039,80.22688293,23507,23519,12
13.02373028,80.22776794,23519,23529,10
13.02466011,80.22891235,23529,23549,20
13.02466011,80.22891235,23549,23559,10
13.02490044,80.22921753,23559,23569,10
13.02542973,80.22991943,23569,23579,10
13.02591991,80.23082733,23579,23589,10
13.02604008,80.2313385,23589,23600,11
13.0265398,80.23123932,23600,23610,10
13.02733994,80.23103333,23610,23620,10
13.02820015,80.23091888,23620,23630,10
13.02886009,80.23084259,23630,23640,10
13.02935982,80.2307663,23640,23650,10
13.02991009,80.23075867,23650,23660,10
13.03048038,80.23069763,23660,23670,10
13.03098011,80.23062897,23670,23680,10
13.03160954,80.23062134,23680,23690,10
13.03242016,80.23053741,23690,23700,10
13.0333004,80.23046875,23700,23710,10
13.03398037,80.23040771,23710,23721,11
13.03419971,80.2303772,23721,23731,10
13.03431988,80.23036194,23731,23741,10
13.03454018,80.23030853,23741,23751,10
13.03487968,80.23020172,23751,23761,10
13.03512955,80.23016357,23761,23771,10
13.03505993,80.23033142,23771,23780,9
13.03477001,80.23029327,23780,23790,10
13.03448009,80.23036194,23790,23801,11
13.03417015,80.23040771,23801,23812,11
13.03374958,80.23045349,23812,23822,10
13.03330994,80.23049927,23822,23832,10
13.03295994,80.23049927,23832,24044,212
13.03312016,80.23053741,24044,24569,525
13.03312016,80.23053741,24569,24579,10
13.03332996,80.23062897,24579,24629,50
13.03308964,80.23049927,24629,24659,30
13.03285027,80.2302475,24659,24690,31
13.0330801,80.23040771,24690,24791,101
13.03289032,80.2303009,24791,24841,50
13.03302956,80.23056793,24841,24922,81
13.0328598,80.23052216,24922,25053,131
13.0328598,80.23052216,25053,25063,10
13.0328598,80.23049927,25063,25073,10
13.03258038,80.23052216,25073,25083,10
13.03186035,80.23059082,25083,25093,10
13.0310297,80.23068237,25093,25103,10
13.03050041,80.23072815,25103,25114,11
13.02995968,80.23079681,25114,25124,10
13.02980042,80.23082733,25124,25134,10
13.02947998,80.23088074,25134,25144,10
13.02917004,80.23090363,25144,25154,10
13.02871037,80.23090363,25154,25164,10
13.02814007,80.23097992,25164,25174,10
13.02775955,80.23101807,25174,25184,10
13.02775002,80.23152161,25184,25194,10
13.02775955,80.231987,25194,25204,10
13.02785969,80.23239136,25204,25215,11
13.02775002,80.23281097,25215,25225,10
13.02692032,80.23296356,25225,25255,30
13.02692032,80.23296356,25255,25265,10
13.02674007,80.23300171,25265,25275,10
13.02651024,80.2329483,25275,25285,10
13.02630043,80.2322998,25285,25295,10
13.0260601,80.23121643,25295,25305,10
13.02550983,80.22995758,25305,25315,10
13.02488995,80.22921753,25315,25326,11
13.02453041,80.22875214,25326,25336,10
13.02410984,80.22830963,25336,25346,10
13.02406979,80.22827148,25346,25356,10
13.02394009,80.22808075,25356,25366,10
13.0235796,80.22769928,25366,25376,10
13.02320957,80.2273407,25376,25386,10
13.02272987,80.22691345,25386,25396,10
13.02237034,80.22657776,25396,25406,10
13.02180004,80.22612,25406,25416,10
13.02114964,80.22566223,25416,25426,10
13.02052975,80.22519684,25426,25437,11
13.02019978,80.22498322,25437,25447,10
13.02015018,80.22493744,25447,25457,10
13.01990032,80.22476196,25457,25467,10
13.01928043,80.22445679,25467,25477,10
13.01854038,80.22460175,25477,25494,17
13.01685047,80.22531891,25494,25506,12
13.01576042,80.22575378,25506,25514,8
13.01474953,80.22612,25514,25547,33
13.01474953,80.22612,25547,25557,10
13.01453018,80.22618866,25557,25576,19
13.01453018,80.22618866,25576,25587,11
13.01449013,80.22622681,25587,25597,10
13.01414013,80.22637177,25597,25608,11
13.01373959,80.22653198,25608,25618,10
13.01329994,80.22666168,25618,25628,10
13.01270008,80.22689819,25628,25638,10
13.01228046,80.22702026,25638,25649,11
13.01156044,80.22736359,25649,25659,10
13.01078033,80.22767639,25659,25669,10
13.01000977,80.2279892,25669,25679,10
13.0093298,80.22836304,25679,25689,10
13.00911999,80.22904968,25689,25699,10
13.00897026,80.2296524,25699,25709,10
13.00891972,80.2299118,25709,25719,10
13.00885963,80.23021698,25719,25739,20
13.00885963,80.23021698,25739,25749,10
13.00876999,80.23068237,25749,25760,11
13.00862026,80.23133087,25760,25770,10
13.00848007,80.23207092,25770,25780,10
13.00833035,80.2328186,25780,25790,10
13.00825024,80.23352051,25790,25800,10
13.00825024,80.23355865,25800,25809,9
13.00819969,80.23374939,25809,25820,11
13.00804043,80.23442078,25820,25830,10
13.00784969,80.23538208,25830,25840,10
13.00761032,80.23651123,25840,25850,10
13.00737953,80.23760223,25850,25860,10
13.0072403,80.2385025,25860,25871,11
13.00704956,80.23956299,25871,25881,10
13.00685024,80.2407608,25881,25901,20
13.00685024,80.2407608,25901,25911,10
13.00679016,80.24121857,25911,25921,10
13.00675011,80.24208832,25921,25931,10
13.00669003,80.24308014,25931,25941,10
13.00671005,80.24378204,25941,25951,10
13.00666046,80.24466705,25951,25961,10
13.00662994,80.24555969,25961,25971,10
13.00666046,80.24639893,25971,25982,11
13.00669003,80.24730682,25982,25992,10
13.00671959,80.24829102,25992,26002,10
13.00681019,80.24916077,26002,26012,10
13.00687027,80.24957275,26012,26022,10
13.00681973,80.24961853,26022,26032,10
13.00681019,80.25009918,26032,26042,10
13.00681019,80.25080872,26042,26052,10
13.00683975,80.25118256,26052,26062,10
13.00683022,80.25135803,26062,26072,10
13.00675964,80.25182343,26072,26083,11
13.00660992,80.25267792,26083,26093,10
13.00660038,80.25357819,26093,26103,10
13.00662041,80.25449371,26103,26113,10
13.00660992,80.25521851,26113,26123,10
13.00664043,80.25604248,26123,26133,10
13.00671005,80.25676727,26133,26143,10
13.00675964,80.25727844,26143,26173,30
13.00675964,80.25727844,26173,26183,10
13.00679016,80.25737,26183,26194,11
13.00702953,80.25788879,26194,26204,10
13.00751972,80.25852203,26204,26214,10
13.00771999,80.25859833,26214,26224,10
13.0080204,80.25875092,26224,26234,10
13.00864029,80.25898743,26234,26244,10
13.00924969,80.25904083,26244,26254,10
13.01016045,80.25904846,26254,26264,10
13.01130009,80.2590332,26264,26274,10
13.01261997,80.25908661,26274,26284,10
13.01403999,80.25914764,26284,26300,16
13.01603985,80.25943756,26300,26313,13
13.01648998,80.25968933,26313,26323,10
13.01653004,80.25971985,26323,26333,10
13.0167799,80.25995636,26333,26343,10
13.0174799,80.26042175,26343,26353,10
13.01834011,80.26100159,26353,26363,10
13.01885986,80.26141357,26363,26372,9
13.01912022,80.26164246,26372,26383,11
13.01957989,80.26197052,26383,26393,10
13.02025986,80.26261902,26393,26414,21
13.02025986,80.26261902,26414,26424,10
13.02058983,80.26280975,26424,26434,10
13.02128983,80.26302338,26434,26444,10
13.02204037,80.26331329,26444,26454,10
13.02235985,80.26347351,26454,26464,10
13.02291965,80.26376343,26464,26474,10
13.02307987,80.26383972,26474,26484,10
13.02336025,80.26407623,26484,26494,10
13.0240097,80.26438141,26494,26504,10
13.02466011,80.26480103,26504,26514,10
13.02511978,80.26515961,26514,26525,11
13.02579021,80.26560974,26525,26535,10
13.02632046,80.26586914,26535,26545,10
13.02641964,80.26548004,26545,26555,10
13.02649021,80.26473236,26555,26565,10
13.02659035,80.26400757,26565,26575,10
13.02661991,80.26392365,26575,26585,10
13.02667999,80.26347351,26585,26595,10
13.02672005,80.26341248,26595,26605,10
13.02688026,80.26348114,26605,26615,10
13.02737999,80.26357269,26615,26626,11
13.02834034,80.26377106,26626,26646,20
13.02834034,80.26377106,26646,26656,10
13.02863979,80.26387024,26656,26666,10
13.02908039,80.26400757,26666,26676,10
13.02925968,80.26435089,26676,26686,10
13.02933025,80.2649765,26686,26696,10
13.02925968,80.26569366,26696,26706,10
13.02923965,80.26580048,26706,26716,10
13.02923012,80.26609802,26716,26726,10
13.02921009,80.2661972,26726,26737,11
13.02931023,80.26643372,26737,26747,10
13.02970028,80.26654053,26747,26757,10
13.0303297,80.2666626,26757,26767,10
13.0311203,80.26683044,26767,26777,10
13.03178024,80.26708221,26777,26786,9
13.03240013,80.26734924,26786,26797,11
13.03351974,80.26779938,26797,26817,20
13.03351974,80.26779938,26817,26827,10
13.03376007,80.2678833,26827,26837,10
13.03402996,80.26793671,26837,26848,11
13.03446007,80.26798248,26848,26858,10
13.03456974,80.26798248,26858,26868,10
13.03448963,80.26811218,26868,26878,10
13.03442955,80.26808929,26878,26888,10
13.03423023,80.26799774,26888,26898,10
13.03337955,80.26786041,26898,26957,59
13.03337955,80.26786041,26957,26967,10
13.03306007,80.26772308,26967,26977,10
13.03269005,80.26754761,26977,26987,10
13.03211021,80.26725006,26987,26997,10
13.03122997,80.26687622,26997,27005,8
13.03048992,80.26669312,27005,27017,12
13.02972031,80.26660919,27017,27027,10
13.02933025,80.26648712,27027,27037,10
13.02871037,80.26634216,27037,27047,10
13.0279398,80.26618195,27047,27057,10
13.02727985,80.26605225,27057,27068,11
13.02665043,80.26599884,27068,27078,10
13.02608013,80.26584625,27078,27088,10
13.02556038,80.26551819,27088,27098,10
13.02536964,80.26538086,27098,27108,10
13.02523994,80.26525879,27108,27118,10
13.02492046,80.26499939,27118,27128,10
13.02445984,80.26461792,27128,27138,10
13.02385044,80.26428223,27138,27148,10
13.02299023,80.26390076,27148,27158,10
13.02235985,80.26361847,27158,27169,11
13.02231026,80.26358032,27169,27179,10
13.02208042,80.26339722,27179,27189,10
13.02180958,80.26329803,27189,27199,10
13.0209198,80.26309967,27199,27209,10
13.02023983,80.26306152,27209,27219,10
13.01955032,80.26296234,27219,27229,10
13.01906013,80.26286316,27229,27239,10
13.01895046,80.26222992,27239,27249,10
13.01877022,80.26139069,27249,27259,10
13.01803017,80.26085663,27259,27269,10
13.01708031,80.26022339,27269,27280,11
13.0162096,80.25975037,27280,27290,10
13.01616955,80.25972748,27290,27300,10
13.01611042,80.2596817,27300,27310,10
13.01562023,80.25948334,27310,27320,10
13.01482964,80.25930023,27320,27330,10
13.01389027,80.25927734,27330,27340,10
13.01284027,80.25926208,27340,27350,10
13.01185989,80.25920868,27350,27360,10
13.0109396,80.25919342,27360,27370,10
13.01008987,80.25917816,27370,27380,10
13.00938988,80.25920105,27380,27391,11
13.00877953,80.25920868,27391,27401,10
13.00839043,80.25917816,27401,27411,10
13.0076704,80.25933838,27411,27421,10
13.0073204,80.25888062,27421,27431,10
13.00710964,80.25843811,27431,27441,10
13.00671959,80.25788879,27441,27461,20
13.00671959,80.25788879,27461,27471,10
13.00656986,80.25765991,27471,27481,10
13.00654984,80.25720215,27481,27491,10
13.00660038,80.2565918,27491,27502,11
13.00658035,80.25562286,27502,27512,10
13.00660038,80.25473785,27512,27528,16
13.00660992,80.25347137,27528,27540,12
13.00664997,80.25341797,27540,27550,10
13.00671005,80.2531662,27550,27558,8
13.00669003,80.25250244,27558,27571,13
13.00675964,80.25157928,27571,27581,10
13.00679016,80.25079346,27581,27591,10
13.00675011,80.25,27591,27602,11
13.00677967,80.24967957,27602,27612,10
13.0067997,80.24949646,27612,27622,10
13.00671005,80.24836731,27622,27642,20
13.00671005,80.24836731,27642,27652,10
13.00669003,80.24826813,27652,27662,10
13.00667,80.24788666,27662,27672,10
13.00667953,80.24733734,27672,27682,10
13.00667953,80.2469635,27682,27692,10
13.00662994,80.24669647,27692,27702,10
13.00662041,80.24668121,27702,27713,11
13.00664043,80.24643707,27713,27723,10
13.00666046,80.24568176,27723,27733,10
13.00667,80.24476624,27733,27743,10
13.00667,80.24378204,27743,27753,10
13.00662041,80.24289703,27753,27763,10
13.00660992,80.24198151,27763,27773,10
13.00660038,80.24105835,27773,27783,10
13.0067997,80.24012756,27783,27793,10
13.00706005,80.23901367,27793,27802,9
13.00728035,80.23780823,27802,27814,12
13.00743008,80.23687744,27814,27824,10
13.00743008,80.23680878,27824,27834,10
13.00749969,80.23657227,27834,27844,10
13.00763988,80.2360611,27844,27854,10
13.00778961,80.23532104,27854,27864,10
13.00800037,80.23438263,27864,27874,10
13.00823021,80.23316193,27874,27884,10
13.0085001,80.23184967,27884,27894,10
13.00876999,80.2305603,27894,27904,10
13.00901985,80.22927094,27904,27914,10
13.00926971,80.22805786,27914,27924,10
13.00977993,80.22689819,27924,27935,11
13.0103302,80.22569275,27935,27945,10
13.01084995,80.22466278,27945,27955,10
13.01126003,80.22371674,27955,27971,16
13.01167011,80.22258759,27971,27983,12
13.01200962,80.22148132,27983,27993,10
13.01239014,80.2215271,27993,28003,10
13.01290989,80.22232819,28003,28013,10
13.01360989,80.22303772,28013,28023,10
13.0142498,80.22370148,28023,28033,10
13.01449013,80.22403717,28033,28044,11
13.01498985,80.22444916,28044,28054,10
13.01515961,80.22463989,28054,28064,10
13.01548958,80.22486877,28064,28074,10
13.01550007,80.22486877,28074,28084,10
13.01580048,80.22512817,28084,28094,10
13.01636028,80.22531128,28094,28104,10
13.01727962,80.22502899,28104,28114,10
13.01834011,80.22460938,28114,28124,10
13.01931953,80.22438049,28124,28133,9
13.01982021,80.22457886,28133,28155,22
13.01982021,80.22457886,28155,28165,10
13.02000046,80.22473145,28165,28175,10
13.02035999,80.22499084,28175,28185,10
13.02085972,80.2253418,28185,28195,10
13.02145004,80.22577667,28195,28205,10
13.02194023,80.22612,28205,28215,10
13.02198029,80.2261734,28215,28225,10
13.02233982,80.22648621,28225,28235,10
13.02299023,80.22705841,28235,28245,10
13.02363014,80.22766113,28245,28256,11
13.02433968,80.22837067,28256,28276,20
13.02433968,80.22837067,28276,28286,10
13.02455997,80.22866058,28286,28296,10
13.02493,80.22917938,28296,28306,10
13.02542973,80.22982025,28306,28316,10
13.02591991,80.23069763,28316,28326,10
13.02616024,80.2313385,28326,28336,10
13.02680969,80.23117828,28336,28346,10
13.02770042,80.23097992,28346,28357,11
13.02851963,80.23091125,28357,28367,10
13.02859974,80.23091888,28367,28376,9
13.02877998,80.23091125,28376,28387,11
13.02929974,80.23088074,28387,28396,9
13.02937984,80.23085785,28396,28407,11
13.02943993,80.23084259,28407,28417,10
13.02956963,80.23081207,28417,28427,10
13.03013039,80.23075867,28427,28437,10
13.03065968,80.23071289,28437,28447,10
13.03118038,80.23066711,28447,28457,10
13.03164005,80.23065948,28457,28468,11
13.0320797,80.23062897,28468,28478,10
13.03279018,80.2305603,28478,28488,10
13.0335598,80.23049164,28488,28489,1
13.03363037,80.23047638,28489,28528,39
13.03491974,80.23027039,28528,28538,10
13.0350399,80.2301712,28538,28548,10
13.0351696,80.22995758,28548,28558,10
13.03483963,80.22984314,28558,28609,51
13.03448963,80.22973633,28609,29845,1236
13.03448963,80.22973633,29845,29855,10
13.03423977,80.23002625,29855,29865,10
13.03421021,80.23017883,29865,29876,11
13.03417015,80.23033142,29876,29896,20
13.03417015,80.23033142,29896,29906,10
13.03357983,80.23043823,29906,29936,30
13.03357983,80.23043823,29936,29946,10
13.03318024,80.23047638,29946,29956,10
13.03252029,80.2305603,29956,29966,10
13.03180027,80.23065186,29966,29977,11
13.03044033,80.23084259,29977,30179,202
13.03044033,80.23084259,30179,30188,9
13.02517033,80.22966003,30188,30198,10
13.02490044,80.22940826,30198,30209,11
13.02472019,80.22920227,30209,30219,10
13.02445984,80.22882843,30219,30229,10
13.02423,80.22857666,30229,30239,10
13.02377987,80.22810364,30239,30431,192
13.01562023,80.22572327,30431,30633,202
13.00841045,80.23137665,30633,30730,97
13.00841045,80.23137665,30730,30741,11
13.00765991,80.23709869,30741,30752,11
13.00749016,80.2376709,30752,30762,10
13.00687981,80.23899841,30762,30782,20
13.00687981,80.23899841,30782,30792,10
13.00699997,80.2400589,30792,30802,10
13.00702,80.24015045,30802,30811,9
13.00706005,80.2401886,30811,30893,82
13.00706005,80.2401886,30893,30903,10
13.00667,80.24391937,30903,30913,10
13.00671959,80.24492645,30913,30923,10
13.00673008,80.24581146,30923,30933,10
13.00673962,80.24668121,30933,30943,10
13.00673008,80.24742126,30943,30953,10
13.00671959,80.24826813,30953,30964,11
13.00683975,80.24932098,30964,30974,10
13.00687981,80.24967957,30974,30994,20
13.00687981,80.24967957,30994,31004,10
13.00685024,80.24999237,31004,31014,10
13.00683022,80.25060272,31014,31024,10
13.00681019,80.2513504,31024,31054,30
13.00681019,80.2513504,31054,31065,11
13.00677967,80.25151062,31065,31075,10
13.00660992,80.25245667,31075,31085,10
13.00646019,80.25335693,31085,31095,10
13.00652981,80.2544632,31095,31105,10
13.00658035,80.25537109,31105,31115,10
13.00660038,80.25628662,31115,31125,10
13.00666046,80.25721741,31125,31165,40
13.00666046,80.25721741,31165,31175,10
13.00673008,80.25736237,31175,31186,11
13.00701046,80.25800323,31186,31196,10
13.00753975,80.25871277,31196,31206,10
13.00776005,80.25866699,31206,31216,10
13.0078001,80.25871277,31216,31226,10
13.00813007,80.2588501,31226,31236,10
13.00874996,80.25904846,31236,31246,10
13.00948048,80.25907135,31246,31256,10
13.0104599,80.25907898,31256,31266,10
13.01161957,80.25904846,31266,31276,10
13.01294994,80.2591095,31276,31286,10
13.01430035,80.25917816,31286,31297,11
13.01564026,80.25927734,31297,31307,10
13.01642036,80.25968933,31307,31327,20
13.01642036,80.25968933,31327,31337,10
13.01650047,80.25972748,31337,31347,10
13.01690006,80.26003265,31347,31357,10
13.01729012,80.26032257,31357,31367,10
13.01823997,80.26107025,31367,31377,10
13.01896,80.26155853,31377,31387,10
13.0196104,80.26200104,31387,31397,10
13.01963043,80.26280975,31397,31408,11
13.02005959,80.26306915,31408,31418,10
13.0202198,80.26264954,31418,31428,10
13.02056026,80.26277924,31428,31438,10
13.02103043,80.26286316,31438,31448,10
13.02151012,80.26287842,31448,31499,51
13.0233202,80.26399994,31499,31579,80
13.0233202,80.26399994,31579,31589,10
13.02633953,80.26403046,31589,31599,10
13.02665997,80.26393127,31599,31609,10
13.02661991,80.26360321,31609,31619,10
13.02665997,80.2628479,31619,31860,241
13.02665997,80.2628479,31860,31870,10
13.03374004,80.26779938,31870,31880,10
13.03380966,80.26795197,31880,31930,50
13.03380966,80.26795197,31930,31941,11
13.03444004,80.26802826,31941,31981,40
13.03444004,80.26802826,31981,31991,10
13.03349972,80.26777649,31991,32011,20
13.03355026,80.26772308,32011,32062,51
13.03353977,80.26783752,32062,32102,40
13.03324032,80.26782227,32102,32304,202
13.03314018,80.26756287,32304,32475,171
13.03314018,80.26756287,32475,32485,10
13.03322983,80.26776123,32485,32627,142
13.03320026,80.26772308,32627,32667,40
13.03328037,80.2678299,32667,32960,293
13.03328037,80.2678299,32960,32970,10
13.03285027,80.26767731,32970,32980,10
13.03264046,80.26754761,32980,32990,10
13.03240013,80.26746368,32990,33000,10
13.03190041,80.26717377,33000,33010,10
13.03129005,80.26689911,33010,33020,10
13.03063011,80.26673126,33020,33030,10
13.03001976,80.26663208,33030,33040,10
13.02982044,80.2665863,33040,33052,12
13.02968025,80.26657104,33052,33062,10
13.02945995,80.26651764,33062,33072,10
13.02925014,80.26647186,33072,33082,10
13.02875996,80.26635742,33082,33091,9
13.02826023,80.26624298,33091,33102,11
13.02766991,80.26612091,33102,33112,10
13.0269804,80.26608276,33112,33122,10
13.0265398,80.26605988,33122,33132,10
13.02628994,80.26596832,33132,33142,10
13.02602005,80.26580811,33142,33153,11
13.02569008,80.26561737,33153,33163,10
13.02540016,80.26541901,33163,33173,10
13.02532959,80.26537323,33173,33183,10
13.02523994,80.26526642,33183,33192,9
13.02497005,80.26503754,33192,33203,11
13.02449989,80.26476288,33203,33213,10
13.02406025,80.26444244,33213,33223,10
13.02289009,80.26367188,33223,33474,251
13.02289009,80.26367188,33474,33484,10
13.01027966,80.25798798,33484,33494,10
13.01019001,80.25920868,33494,33504,10
13.00959969,80.25914001,33504,33514,10
13.00959969,80.25914764,33514,33524,10
13.0093298,80.25914764,33524,33565,41
13.0093298,80.25914764,33565,33574,9
13.00712967,80.25849915,33574,33585,11
13.00704956,80.25839233,33585,33595,10
13.00642014,80.25765228,33595,33615,20
13.00642014,80.25765228,33615,33625,10
13.00687027,80.25711823,33625,33635,10
13.00640011,80.25772095,33635,33645,10
13.00642014,80.25775146,33645,34232,587
13.00679016,80.24041748,34232,34302,70
13.00679016,80.24041748,34302,34312,10
13.00763988,80.23613739,34312,34322,10
13.0075798,80.23628998,34322,34333,11
13.00786018,80.23560333,34333,34373,40
13.00786018,80.23560333,34373,34383,10
13.00887966,80.22973633,34383,34393,10
13.00911999,80.22856903,34393,34403,10
13.00949955,80.22753906,34403,34413,10
13.0098896,80.22669983,34413,34423,10
13.01031017,80.2256012,34423,34443,20
13.01031017,80.2256012,34443,34453,10
13.01070023,80.22537994,34453,34464,11
13.01080036,80.22467041,34464,34474,10
13.01103973,80.22412872,34474,34484,10
13.0112896,80.22354126,34484,34494,10
13.01161003,80.2228775,34494,34504,10
13.01191044,80.22186279,34504,34545,41
13.01191044,80.22186279,34545,34554,9
13.01348972,80.22281647,34554,34565,11
13.01389027,80.22341156,34565,34595,30
13.01566029,80.2244873,34595,34625,30
13.01566029,80.2244873,34625,34635,10
13.0158596,80.22515869,34635,34645,10
13.0165596,80.22528076,34645,34656,11
13.0173502,80.22505951,34656,34666,10
13.01906013,80.22457886,34666,34702,36
13.01906013,80.22457886,34702,34713,11
13.02005005,80.224823,34713,34725,12
13.02056026,80.22518158,34725,34735,10
13.02108002,80.22553253,34735,34755,20
13.02198982,80.22611237,34755,34775,20
13.02198982,80.22611237,34775,34786,11
13.02215958,80.22634125,34786,34796,10
13.02250004,80.22666168,34796,34806,10
13.02297974,80.22711182,34806,34816,10
13.02369976,80.22738647,34816,34826,10
13.02385044,80.22796631,34826,34836,10
13.0240097,80.22872925,34836,34846,10
13.02418995,80.22949982,34846,34856,10
13.02447987,80.22863007,34856,34866,10
13.02464962,80.22873688,34866,34887,21
13.02460957,80.22885895,34887,34967,80
13.02460957,80.22885895,34967,34977,10
13.02737999,80.2310791,34977,34988,11
13.02836037,80.23116302,34988,34998,10
13.02935028,80.23126221,34998,35157,159
13.03386974,80.2303772,35157,35187,30
13.03386974,80.2303772,35187,35197,10
13.03388023,80.23036957,35197,35207,10
13.03409958,80.23034668,35207,35216,9
13.03427982,80.2302475,35216,35228,12
13.03450966,80.23026276,35228,35238,10
13.03472042,80.23023224,35238,35247,9
13.03493023,80.23014069,35247,35268,21
13.03493023,80.23014069,35268,35278,10
13.03507996,80.22995758,35278,35288,10
13.03512955,80.2298584,35288,35298,10
13.03501034,80.2298584,35298,35309,11
13.03489017,80.22987366,35309,35318,9
13.03409958,80.2299881,35318,35389,71
13.03409958,80.2299881,35389,35399,10
13.03417015,80.2297821,35399,35490,91
13.03417015,80.22987366,35490,35581,91
13.03417015,80.22987366,35581,35591,10
13.03419018,80.23023987,35591,35601,10
13.03417015,80.23033142,35601,35611,10
13.03415966,80.23049927,35611,35621,10
13.03392982,80.23047638,35621,35631,10
13.03353024,80.23046875,35631,35641,10
13.03349972,80.23047638,35641,35651,10
13.03328037,80.23049927,35651,35662,11
13.03267956,80.23052216,35662,35672,10
13.03192997,80.23059845,35672,35682,10
13.03110981,80.23068237,35682,35692,10
13.03085995,80.23069763,35692,35702,10
13.03069973,80.23071289,35702,35712,10
13.03015041,80.2307663,35712,35722,10
13.02984047,80.23079681,35722,35732,10
13.02980042,80.23081207,35732,35742,10
13.02939034,80.23084259,35742,35752,10
13.02869987,80.23090363,35752,35763,11
13.02795029,80.23100281,35763,35773,10
13.02717018,80.23113251,35773,35793,20
13.02752972,80.23243713,35793,35894,101
13.02752972,80.23243713,35894,35904,10
13.0266304,80.23303986,35904,35914,10
13.02676964,80.23300934,35914,35924,10
13.02672005,80.23301697,35924,35934,10
13.02643967,80.23296356,35934,35944,10
13.02624035,80.23232269,35944,35954,10
13.02608013,80.23155975,35954,35964,10
13.0258503,80.23062897,35964,35974,10
13.02519035,80.22960663,35974,35985,11
13.0241003,80.22827148,35985,36035,50
13.0241003,80.22827148,36035,36045,10
13.02400017,80.22839355,36045,36055,10
13.02385044,80.22859955,36055,36065,10
13.02394009,80.22840881,36065,36075,10
13.02390003,80.22879028,36075,36086,11
13.02385998,80.22907257,36086,36096,10
13.02318954,80.22736359,36096,36106,10
13.02280045,80.22698212,36106,36116,10
13.02225971,80.22650909,36116,36126,10
13.02155972,80.22595215,36126,36136,10
13.02085972,80.22545624,36136,36146,10
13.02040005,80.22501373,36146,36156,10
13.01992035,80.2246933,36156,36166,10
13.01949978,80.22434235,36166,36176,10
13.01852989,80.22463226,36176,36186,10
13.01772022,80.22480774,36186,36196,10
13.01665974,80.22550964,36196,36257,61
13.01665974,80.22550964,36257,36267,10
13.01420021,80.22640991,36267,36277,10
13.01418018,80.22648621,36277,36287,10
13.01327038,80.22664642,36287,36297,10
13.01255989,80.22693634,36297,36307,10
13.01179028,80.22727966,36307,36318,11
13.01082993,80.22773743,36318,36328,10
13.00977993,80.22818756,36328,36570,242
13.00977993,80.22818756,36570,36580,10
13.00603008,80.24034119,36580,36590,10
13.00615978,80.240242,36590,36600,10
13.00675011,80.24011993,36600,36610,10
13.00683975,80.24022675,36610,36621,11
13.00695992,80.24040985,36621,36742,121
13.00695992,80.24040985,36742,36752,10
13.00671005,80.24651337,36752,36762,10
13.00673962,80.24713898,36762,36772,10
13.0067997,80.24790955,36772,36782,10
13.00683022,80.24887085,36782,36792,10
13.00699997,80.2494812,36792,36802,10
13.00683975,80.24964142,36802,36822,20
13.00689983,80.24958801,36822,36944,122
13.00689983,80.24958801,36944,36953,9
13.00671005,80.25669861,36953,36963,10
13.00681019,80.25753021,36963,36974,11
13.00712013,80.25829315,36974,36984,10
13.00786972,80.25891876,36984,37004,20
13.00786972,80.25891876,37004,37014,10
13.00813961,80.25888062,37014,37024,10
13.00876999,80.25907135,37024,37034,10
13.01000023,80.25914001,37034,37085,51
13.01000023,80.25914001,37085,37095,10
13.01646042,80.25974274,37095,37115,20
13.01646042,80.25974274,37115,37125,10
13.01653004,80.25982666,37125,37135,10
13.01692963,80.26010132,37135,37145,10
13.01749039,80.26048279,37145,37155,10
13.01805973,80.260849,37155,37165,10
13.01850986,80.26119995,37165,37175,10
13.01885033,80.26148224,37175,37185,10
13.01910973,80.26167297,37185,37196,11
13.01937008,80.26187134,37196,37206,10
13.01970959,80.2621994,37206,37216,10
13.02023029,80.26261139,37216,37236,20
13.02023029,80.26261139,37236,37246,10
13.02058983,80.26278687,37246,37256,10
13.02120018,80.26300049,37256,37266,10
13.02182961,80.26325226,37266,37276,10
13.02213001,80.26341248,37276,37286,10
13.02299023,80.26387024,37286,37307,21
13.02299023,80.26387024,37307,37317,10
13.02313995,80.26402283,37317,37327,10
13.02355957,80.26422119,37327,37337,10
13.02416992,80.26454163,37337,37347,10
13.02453995,80.26477814,37347,37357,10
13.02492046,80.2650528,37357,37367,10
13.02527046,80.26531219,37367,37377,10
13.02552986,80.26551819,37377,37387,10
13.02573967,80.26567078,37387,37397,10
13.02608013,80.26586914,37397,37408,11
13.02632999,80.26573944,37408,37418,10
13.02639008,80.26531982,37418,37428,10
13.02639961,80.26500702,37428,37438,10
13.02641964,80.26457977,37438,37448,10
13.02651978,80.26416779,37448,37458,10
13.02655029,80.26402283,37458,37468,10
13.02657986,80.2638092,37468,37478,10
13.02659988,80.26334381,37478,37488,10
13.02682018,80.26338196,37488,37498,10
13.02725983,80.26347351,37498,37508,10
13.02766991,80.26364136,37508,37519,11
13.02830029,80.26377106,37519,37529,10
13.02882957,80.26390839,37529,37539,10
13.02950001,80.26407623,37539,37559,20
13.0292902,80.26397705,37559,37650,91
13.03164005,80.26705933,37650,37700,50
13.03164005,80.26705933,37700,37710,10
13.03330994,80.26779938,37710,37731,21
13.03330994,80.26776886,37731,37783,52
13.03330994,80.26776886,37783,37793,10
13.0345602,80.26802063,37793,37803,10
13.03460026,80.26796722,37803,37813,10
13.03429985,80.26796722,37813,37823,10
13.03409958,80.2678833,37823,37832,9
13.03396988,80.26780701,37832,37844,12
13.03359985,80.26772308,37844,37854,10
13.03357983,80.26782227,37854,37874,20
13.03357983,80.26782227,37874,37884,10
13.03334045,80.26782227,37884,38447,563
13.03334045,80.26782227,38447,38457,10
13.0329504,80.26767731,38457,38467,10
13.03265953,80.26763916,38467,38477,10
13.03240013,80.26748657,38477,38487,10
13.03188992,80.26727295,38487,38497,10
13.0313797,80.26708221,38497,38508,11
13.03081036,80.26664734,38508,38518,10
13.03003979,80.26548004,38518,38589,71
13.03003979,80.26548004,38589,38598,9
13.0272398,80.26593018,38598,38608,10
13.02674961,80.26599884,38608,38619,11
13.02633953,80.26573944,38619,38639,20
13.02630997,80.26571655,38639,38800,161
13.02630997,80.26571655,38800,38810,10
13.02038956,80.26300049,38810,38820,10
13.01992035,80.2629776,38820,38831,11
13.01906967,80.26264954,38831,38861,30
13.01906967,80.26264954,38861,38871,10
13.01844978,80.26120758,38871,38881,10
13.01786995,80.2609024,38881,38891,10
13.0172596,80.2605896,38891,38901,10
13.01644993,80.25982666,38901,38911,10
13.01591015,80.2596817,38911,38921,10
13.01591969,80.2596817,38921,38931,10
13.01587963,80.25965118,38931,38942,11
13.0155201,80.25956726,38942,38952,10
13.01469994,80.2593689,38952,38962,10
13.01373959,80.25911713,38962,38992,30
13.01373959,80.25911713,38992,39002,10
13.01095963,80.25913239,39002,39012,10
13.00984001,80.25921631,39012,39022,10
13.00977993,80.2592392,39022,39032,10
13.00949955,80.25919342,39032,39042,10
13.00903034,80.25917816,39042,39053,11
13.00874043,80.25921631,39053,39063,10
13.00846958,80.25920868,39063,39073,10
13.00796986,80.25926971,39073,39083,10
13.00737953,80.25927734,39083,39093,10
13.00714016,80.25875854,39093,39113,20
13.00714016,80.25875854,39113,39123,10
13.00697994,80.25832367,39123,39133,10
13.00677967,80.25804138,39133,39143,10
13.00662994,80.25779724,39143,39153,10
13.00652027,80.25759888,39153,39164,11
13.00648975,80.25708008,39164,39174,10
13.0065403,80.25650024,39174,39183,9
13.00648975,80.25579834,39183,39194,11
13.00650024,80.25498199,39194,39204,10
13.00650978,80.25414276,39204,39214,10
13.00656033,80.25340271,39214,39224,10
13.0065403,80.25330353,39224,39234,10
13.00648975,80.25293732,39234,39244,10
13.0065403,80.25218201,39244,39254,10
13.00669956,80.25131989,39254,39264,10
13.00675011,80.2505188,39264,39275,11
13.00671005,80.24987793,39275,39285,10
13.00669956,80.24967957,39285,39295,10
13.00669956,80.24958038,39295,39305,10
13.00667953,80.24903107,39305,39315,10
13.00666046,80.24842072,39315,39345,30
13.00666046,80.24842072,39345,39355,10
13.00664997,80.24823761,39355,39365,10
13.00664043,80.24775696,39365,39376,11
13.00662041,80.24703217,39376,39386,10
13.00660992,80.24694824,39386,39396,10
13.00660992,80.24688721,39396,39406,10
13.00652027,80.24668121,39406,39416,10
13.00652027,80.24667358,39416,39426,10
13.00662041,80.24642944,39426,39436,10
13.00664997,80.24595642,39436,39446,10
13.00664043,80.24520111,39446,39456,10
13.00664043,80.24456024,39456,39466,10
13.00662994,80.244133,39466,39476,10
13.00662041,80.24359894,39476,39487,11
13.00656986,80.24272156,39487,39496,9
13.00654984,80.24160767,39496,39517,21
13.00654984,80.24160767,39517,39527,10
13.00658035,80.24131775,39527,39537,10
13.00662994,80.24082184,39537,39547,10
13.00669003,80.24046326,39547,39557,10
13.00679016,80.23996735,39557,39567,10
13.00691032,80.23916626,39567,39577,10
13.00710011,80.23828888,39577,39587,10
13.00728989,80.23748779,39587,39598,11
13.00736046,80.23693848,39598,39608,10
13.00737953,80.23684692,39608,39618,10
13.00739956,80.23674011,39618,39628,10
13.00753021,80.23636627,39628,39638,10
13.00765038,80.23576355,39638,39648,10
13.00778961,80.23506927,39648,39658,10
13.00796986,80.23432159,39658,39668,10
13.00815964,80.23342133,39668,39678,10
13.00835037,80.23249817,39678,39688,10
13.00852966,80.23139191,39688,39698,10
13.00872993,80.2303772,39698,39709,11
13.00893974,80.22926331,39709,39719,10
13.00916958,80.22825623,39719,39729,10
13.00957012,80.22730255,39729,39739,10
13.00998974,80.22637177,39739,39749,10
13.01037979,80.22557068,39749,39759,10
13.01051044,80.22531128,39759,39775,16
13.01078033,80.22476196,39775,39787,12
13.01101971,80.22422791,39787,39795,8
13.01121044,80.22380829,39795,39807,12
13.01124001,80.22374725,39807,39817,10
13.01130962,80.22351837,39817,39827,10
13.01148033,80.22310638,39827,39838,11
13.01161957,80.22274017,39838,39848,10
13.01212978,80.22155762,39848,39858,10
13.01247025,80.22161865,39858,39868,10
13.01264,80.22194672,39868,39878,10
13.01278973,80.22219086,39878,39888,10
13.01299953,80.22239685,39888,39898,10
13.01323986,80.22260284,39898,39908,10
13.01358032,80.22299194,39908,39918,10
13.01393032,80.22337341,39918,39929,11
13.01420975,80.22380829,39929,39939,10
13.01473045,80.22442627,39939,39948,9
13.01513958,80.22471619,39948,39959,11
13.01546001,80.22496033,39959,39969,10
13.01554012,80.22499084,39969,39979,10
13.01562023,80.22499847,39979,39989,10
13.01593971,80.22525024,39989,39999,10
13.0165596,80.22527313,39999,40009,10
13.01727009,80.22501373,40009,40019,10
13.01797962,80.22476196,40019,40029,10
13.01858997,80.22450256,40029,40040,11
13.01916027,80.22434235,40040,40050,10
13.01947021,80.22440338,40050,40060,10
13.01965046,80.22451019,40060,40070,10
13.01996994,80.22473907,40070,40080,10
13.02038002,80.22501373,40080,40090,10
13.02075005,80.22524261,40090,40100,10
13.02114964,80.22554016,40100,40110,10
13.02161026,80.22589874,40110,40120,10
13.02194977,80.22611237,40120,40130,10
13.02196026,80.22611237,40130,40140,10
13.0221796,80.2263031,40140,40151,11
13.02270985,80.22679901,40151,40161,10
13.02326965,80.22731018,40161,40171,10
13.02381992,80.22782898,40171,40181,10
13.02425957,80.22827911,40181,40191,10
13.02431011,80.22836304,40191,40201,10
13.0243597,80.22847748,40201,40211,10
13.02451992,80.22870636,40211,40221,10
13.02470016,80.22898102,40221,40231,10
13.02490044,80.22927094,40231,40241,10
13.02525043,80.22971344,40241,40251,10
13.02565002,80.2303009,40251,40262,11
13.02589035,80.23081207,40262,40292,30
13.02589035,80.23081207,40292,40302,10
13.02600002,80.23101807,40302,40312,10
13.02612972,80.23130798,40312,40322,10
13.02649975,80.23121643,40322,40332,10
13.02705956,80.23110199,40332,40342,10
13.02766991,80.23098755,40342,40352,10
13.02812004,80.2309494,40352,40362,10
13.02842999,80.23091125,40362,40383,21
13.02842999,80.23091125,40383,40393,10
13.02869034,80.23084259,40393,40403,10
13.02925014,80.23081207,40403,40463,60
13.02925014,80.23081207,40463,40480,17
13.02976036,80.23069763,40480,40492,12
13.02982044,80.23075867,40492,40502,10
13.03001022,80.23072815,40502,40512,10
13.03034019,80.23075104,40512,40522,10
13.03075027,80.23072052,40522,40532,10
13.03120041,80.23071289,40532,40542,10
13.03155041,80.23075867,40542,40551,9
13.03184032,80.23062897,40551,40562,11
13.0323,80.23062134,40562,40572,10
13.03281975,80.23059845,40572,40580,8
13.03318024,80.23053741,40580,40593,13
13.03367043,80.23043823,40593,40613,20
13.03367043,80.23043823,40613,40623,10
13.03351974,80.23053741,40623,40633,10
13.03450966,80.23039246,40633,40643,10
13.03485966,80.2303009,40643,40653,10
13.03483963,80.23005676,40653,40663,10
13.03450966,80.23001862,40663,40683,20
13.03450966,80.23001862,40683,40694,11
13.03441048,80.2300415,40694,40704,10
13.03411007,80.2301178,40704,40762,58
13.03411007,80.2301178,40762,40772,10
13.03433037,80.23008728,40772,40974,202
13.03427982,80.23008728,40974,41511,537
13.03417969,80.2301178,41511,41541,30
13.03417969,80.2301178,41541,41551,10
13.03411007,80.23032379,41551,41561,10
13.03396988,80.2303772,41561,41571,10
13.03359032,80.23043823,41571,41592,21
13.03359032,80.23043823,41592,41602,10
13.03316021,80.23043823,41602,41612,10
13.03248024,80.23052216,41612,41622,10
13.03174973,80.23059082,41622,41632,10
13.03118038,80.2306366,41632,41642,10
13.03079987,80.23068237,41642,41651,9
13.0304203,80.23072052,41651,41661,10
13.02985954,80.23078156,41661,41713,52
13.02985954,80.23078156,41713,41723,10
13.02931976,80.23085785,41723,41733,10
13.02890968,80.23088837,41733,41743,10
13.02845955,80.23091888,41743,41753,10
13.02828026,80.2309494,41753,41763,10
13.02791023,80.23095703,41763,41773,10
13.0276804,80.23119354,41773,41783,10
13.02770042,80.23165894,41783,41793,10
13.02773952,80.23207092,41793,41803,10
13.02783966,80.23261261,41803,41814,11
13.02738953,80.2328186,41814,41824,10
13.02684975,80.2329483,41824,41844,20
13.02684975,80.2329483,41844,41854,10
13.02657986,80.23297119,41854,41864,10
13.02630043,80.23265076,41864,41874,10
13.02600002,80.23169708,41874,41894,20
13.02600002,80.23169708,41894,41904,10
13.0259304,80.23136902,41904,41915,11
13.02577019,80.23074341,41915,41925,10
13.02530956,80.22994995,41925,41935,10
13.02460003,80.2290802,41935,41965,30
13.02460003,80.2290802,41965,41975,10
13.02441978,80.22885895,41975,41985,10
13.0239296,80.22824097,41985,42005,20
13.0239296,80.22824097,42005,42022,17
13.02348042,80.22772217,42022,42034,12
13.02301979,80.22724152,42034,42044,10
13.02258968,80.2268219,42044,42054,10
13.02180004,80.22611237,42054,42064,10
13.02116966,80.22563171,42064,42073,9
13.02042007,80.22505188,42073,42115,42
13.02042007,80.22505188,42115,42124,9
13.01904011,80.22454071,42124,42135,11
13.01795006,80.22483063,42135,42145,10
13.01681995,80.22528076,42145,42155,10
13.01605034,80.22559357,42155,42165,10
13.01533985,80.2258606,42165,42175,10
13.0145998,80.22618103,42175,42185,10
13.01410007,80.22637939,42185,42195,10
13.01391983,80.22646332,42195,42205,10
13.01403046,80.22640991,42205,42215,10
13.01369953,80.22651672,42215,42225,10
13.01317978,80.22669983,42225,42256,31
13.01317978,80.22669983,42256,42272,16
13.00969982,80.22805786,42272,42284,12
13.00914001,80.22849274,42284,42293,9
13.00899982,80.22928619,42293,42304,11
13.00874996,80.23043823,42304,42314,10
13.00856972,80.23149872,42314,42324,10
13.00833988,80.23267365,42324,42334,10
13.00823975,80.23355865,42334,42344,10
13.00823021,80.23358917,42344,42355,11
13.00811958,80.23387146,42355,42365,10
13.00798988,80.23442841,42365,42375,10
13.00790977,80.2348938,42375,42385,10
13.00780964,80.23535919,42385,42395,10
13.00765991,80.23607635,42395,42405,10
13.00749969,80.23692322,42405,42415,10
13.0073204,80.23773956,42415,42425,10
13.00722027,80.2384491,42425,42435,10
13.00706005,80.23918915,42435,42445,10
13.00693989,80.2400589,42445,42476,31
13.00693989,80.2400589,42476,42486,10
13.00673962,80.24019623,42486,42506,20
13.00693035,80.24012756,42506,42567,61
13.00693035,80.24012756,42567,42577,10
13.00681019,80.2407608,42577,42587,10
13.00673962,80.24120331,42587,42597,10
13.00667953,80.24204254,42597,42607,10
13.00664043,80.24299622,42607,42617,10
13.00662994,80.24395752,42617,42627,10
13.00660038,80.24487305,42627,42637,10
13.00662041,80.24565125,42637,42647,10
13.00666046,80.24617004,42647,42657,10
13.00669956,80.24678802,42657,42667,10
13.00673008,80.24710083,42667,42677,10
13.00673008,80.24739838,42677,42688,11
13.00673962,80.24812317,42688,42698,10
13.00679016,80.24894714,42698,42708,10
13.00687981,80.24958801,42708,42718,10
13.00687981,80.24964142,42718,42728,10
13.00687027,80.24970245,42728,42738,10
13.00685978,80.25007629,42738,42748,10
13.00687027,80.25060272,42748,42758,10
13.00685978,80.25092316,42758,42768,10
13.00683022,80.25110626,42768,42778,10
13.0067997,80.25153351,42778,42788,10
13.00666046,80.25218201,42788,42799,11
13.00656033,80.25309753,42799,42809,10
13.00660992,80.25409698,42809,42819,10
13.00664043,80.25489044,42819,42829,10
13.00664043,80.25562286,42829,42839,10
13.00662994,80.25637054,42839,42849,10
13.00667,80.25691223,42849,42859,10
13.00667953,80.25724792,42859,42869,10
13.00683975,80.2578125,42869,42879,10
13.0076704,80.25859833,42879,42910,31
13.0076704,80.25859833,42910,42920,10
13.00792027,80.25871277,42920,42930,10
13.00837994,80.2589035,42930,42940,10
13.00901985,80.2590332,42940,42950,10
13.00986004,80.25906372,42950,42960,10
13.01068974,80.25907898,42960,42970,10
13.0115099,80.25907135,42970,42980,10
13.01249981,80.25904083,42980,42990,10
13.01352978,80.25914001,42990,43000,10
13.01455975,80.25917816,43000,43010,10
13.01546955,80.2592392,43010,43021,11
13.01642036,80.2596817,43021,43051,30
13.01642036,80.2596817,43051,43067,16
13.01686001,80.26004028,43067,43079,12
13.01739025,80.26036072,43079,43089,10
13.0180397,80.26087189,43089,43099,10
13.01858044,80.2611618,43099,43109,10
13.01889992,80.26142883,43109,43119,10
13.01931953,80.26177979,43119,43129,10
13.02015972,80.26261139,43129,43161,32
13.02015972,80.26261139,43161,43171,10
13.02060032,80.26275635,43171,43182,11
13.0212698,80.2629776,43182,43192,10
13.02192974,80.26326752,43192,43202,10
13.02204037,80.26334381,43202,43223,21
13.02204037,80.26334381,43223,43233,10
13.02305031,80.26377106,43233,43243,10
13.02326012,80.2638092,43243,43253,10
13.02361012,80.26412964,43253,43263,10
13.02414036,80.26438904,43263,43273,10
13.02513981,80.26502991,43273,43293,20
13.02513981,80.26502991,43293,43303,10
13.02569008,80.26554871,43303,43313,10
13.0260601,80.26582336,43313,43324,11
13.02633953,80.26587677,43324,43333,9
13.02635002,80.26550293,43333,43344,11
13.02635956,80.26493073,43344,43353,9
13.02651978,80.26399994,43353,43374,21
13.02651978,80.26399994,43374,43384,10
13.02655029,80.26387787,43384,43394,10
13.02665997,80.26342773,43394,43404,10
13.02705956,80.2633667,43404,43435,31
13.02838039,80.26381683,43435,43455,20
13.02838039,80.26381683,43455,43465,10
13.02906036,80.26399231,43465,43475,10
13.02935028,80.26403046,43475,43505,30
13.02947044,80.26574707,43505,43566,61
13.02947044,80.26574707,43566,43576,10
13.02947998,80.26654816,43576,43586,10
13.02972984,80.26656342,43586,43596,10
13.02993011,80.26650238,43596,43626,30
13.02993011,80.26650238,43626,43636,10
13.03213024,80.26721954,43636,43646,10
13.03258038,80.26738739,43646,43656,10
13.0330801,80.26766968,43656,43666,10
13.03376961,80.2678833,43666,43707,41
13.03376007,80.26786041,43707,43798,91
13.03376007,80.26786041,43798,43808,10
13.03359985,80.26851654,43808,43868,60
13.0333004,80.26763916,43868,43939,71
13.03324032,80.26767731,43939,44060,121
13.03324032,80.26767731,44060,44070,10
13.03330994,80.26766205,44070,44121,51
13.03326988,80.26766968,44121,44212,91
13.03320026,80.26764679,44212,44353,141
13.03320026,80.26764679,44353,44363,10
13.03314972,80.26766205,44363,44373,10
13.03310013,80.26761627,44373,44555,182
13.03304005,80.26772308,44555,45090,535
13.03304005,80.26772308,45090,45101,11
13.03020954,80.26699829,45101,45120,19
13.03020954,80.26699829,45120,45131,11
13.0275898,80.26605225,45131,45141,10
13.02665043,80.26596832,45141,45151,10
13.02651978,80.26602173,45151,45161,10
13.02637959,80.26598358,45161,45171,10
13.02589035,80.26587677,45171,45181,10
13.02595997,80.26593781,45181,45191,10
13.02614021,80.26611328,45191,45201,10
13.02509975,80.26515198,45201,45211,10
13.02482033,80.2649231,45211,45221,10
13.02439976,80.26464081,45221,45232,11
13.02414989,80.2644577,45232,45242,10
13.02295971,80.26384735,45242,45252,10
13.02282047,80.26374054,45252,45262,10
13.02237988,80.26365662,45262,45272,10
13.02254009,80.26370239,45272,45282,10
13.02233028,80.26351929,45282,45292,10
13.02210045,80.26338196,45292,45302,10
13.02196026,80.26332092,45302,45313,11
13.02151966,80.26313782,45313,45322,9
13.02052021,80.26303864,45322,45332,10
13.01959038,80.26319122,45332,45343,11
13.01856995,80.26334381,45343,45353,10
13.01881981,80.26236725,45353,45373,20
13.01881981,80.26236725,45373,45383,10
13.01873016,80.26136017,45383,45393,10
13.01860046,80.26126099,45393,45403,10
13.01830959,80.26104736,45403,45413,10
13.01813984,80.26094055,45413,45423,10
13.01737976,80.26039886,45423,45433,10
13.01667976,80.25991821,45433,45444,11
13.01597023,80.25945282,45444,45454,10
13.0156002,80.25920868,45454,45464,10
13.01583958,80.25956726,45464,45474,10
13.01525974,80.2593689,45474,45484,10
13.01451015,80.2592392,45484,45494,10
13.01354027,80.25926971,45494,45504,10
13.01235962,80.25933075,45504,45514,10
13.01126003,80.25930023,45514,45524,10
13.01025963,80.25933838,45524,45534,10
13.0097599,80.25936127,45534,45544,10
13.00895023,80.25919342,45544,45565,21
13.00889969,80.2590332,45565,45595,30
13.00889969,80.2590332,45595,45605,10
13.00736046,80.25913239,45605,45615,10
13.00673962,80.25823975,45615,45625,10
13.00683975,80.25784302,45625,45706,81
13.00683975,80.25784302,45706,45716,10
13.00656033,80.25769806,45716,45726,10
13.00662994,80.25779724,45726,45736,10
13.00664043,80.25765228,45736,45746,10
13.00685024,80.25726318,45746,45756,10
13.00685978,80.25679016,45756,45766,10
13.00667953,80.2561264,45766,45776,10
13.00667953,80.25550842,45776,45787,11
13.00673962,80.25509644,45787,45797,10
13.00671959,80.25444031,45797,45807,10
13.00669003,80.25405884,45807,45843,36
13.00669003,80.25405884,45843,45855,12
13.00656986,80.25405121,45855,45863,8
13.00654984,80.25383759,45863,45875,12
13.00658989,80.25370789,45875,45885,10
13.00664043,80.25363922,45885,45896,11
13.00664043,80.25338745,45896,45906,10
13.00664043,80.25337982,45906,45916,10
13.00652027,80.2530365,45916,45925,9
13.00658035,80.25289154,45925,45976,51
13.00658035,80.25289154,45976,45986,10
13.00669003,80.25279236,45986,45996,10
13.00654984,80.25263214,45996,46007,11
13.00650978,80.25224304,46007,46047,40
13.00650978,80.25224304,46047,46057,10
13.00679016,80.25209808,46057,46097,40
13.00679016,80.25209808,46097,46107,10
13.00669956,80.25202179,46107,46118,11
13.00671959,80.2514801,46118,46128,10
13.00671959,80.25066376,46128,46138,10
13.00671959,80.24980164,46138,46148,10
13.00669956,80.24954987,46148,46158,10
13.00662994,80.24891663,46158,46168,10
13.00660992,80.24852753,46168,46218,50
13.00660992,80.24852753,46218,46229,11
13.00667953,80.24841309,46229,46239,10
13.00666046,80.24839783,46239,46249,10
13.00662041,80.24797821,46249,46259,10
13.00660992,80.24749756,46259,46269,10
13.00656986,80.24685669,46269,46279,10
13.00658035,80.246521,46279,46289,10
13.00652027,80.24645996,46289,46299,10
13.00642967,80.24617767,46299,46309,10
13.00660038,80.24514771,46309,46319,10
13.00662041,80.24478149,46319,46329,10
13.00666046,80.24432373,46329,46340,11
13.00708961,80.24301147,46340,46360,20
13.00708961,80.24301147,46360,46370,10
13.00638962,80.24137878,46370,46380,10
13.00615978,80.24082184,46380,46390,10
13.00652981,80.23970795,46390,46399,9
13.00685024,80.23886108,46399,46410,11
13.00714016,80.23782349,46410,46420,10
13.00728035,80.23712158,46420,46430,10
13.0074501,80.23664093,46430,46440,10
13.00743961,80.23667908,46440,46451,11
13.00751019,80.2365036,46451,46461,10
13.0076704,80.23593903,46461,46471,10
13.00771046,80.23544312,46471,46481,10
13.00790024,80.23465729,46481,46491,10
13.00825024,80.23368073,46491,46501,10
13.0085001,80.23255157,46501,46511,10
13.00860023,80.23161316,46511,46521,10
13.00876999,80.23033905,46521,46531,10
13.00903034,80.22917175,46531,46541,10
13.0092802,80.22801971,46541,46552,11
13.0097599,80.22689819,46552,46562,10
13.01023006,80.22595978,46562,46572,10
13.01060009,80.22515869,46572,46582,10
13.01093006,80.2245636,46582,46592,10
13.01111984,80.22412109,46592,46602,10
13.01111031,80.22368622,46602,46612,10
13.01111984,80.22357941,46612,46622,10
13.01111984,80.22319794,46622,46632,10
13.01140022,80.22257233,46632,46642,10
13.01158047,80.22215271,46642,46652,10
13.01235008,80.22145844,46652,46663,11
13.01259995,80.2219162,46663,46673,10
13.01303005,80.22244263,46673,46683,10
13.01368999,80.2230835,46683,46693,10
13.01414013,80.22354126,46693,46703,10
13.01432991,80.22380066,46703,46713,10
13.01453972,80.22412109,46713,46723,10
13.01486015,80.22450256,46723,46733,10
13.01506042,80.22463989,46733,46743,10
13.01523972,80.22490692,46743,46753,10
13.01560974,80.22515106,46753,46763,10
13.01564026,80.22515869,46763,46773,10
13.01580048,80.22528076,46773,46784,11
13.01638985,80.2253418,46784,46794,10
13.01710987,80.22505951,46794,46804,10
13.01799965,80.22470093,46804,46814,10
13.01875973,80.22440338,46814,46824,10
13.01945972,80.22438812,46824,46844,20
13.01945972,80.22438812,46844,46854,10
13.01968956,80.22454071,46854,46864,10
13.02000046,80.2247467,46864,46874,10
13.02052975,80.22512054,46874,46885,11
13.02103043,80.22551727,46885,46895,10
13.02198029,80.22618866,46895,46915,20
13.02198029,80.22618866,46915,46925,10
13.0221796,80.22635651,46925,46935,10
13.02268982,80.22685242,46935,46945,10
13.02336025,80.22744751,46945,46955,10
13.02396011,80.22805023,46955,46965,10
13.02447033,80.22868347,46965,46975,10
13.02486038,80.22924042,46975,46985,10
13.02536011,80.22984314,46985,46996,11
13.02563953,80.23020172,46996,47006,10
13.02577972,80.23052979,47006,47016,10
13.02587986,80.23079681,47016,47026,10
13.0259304,80.23104095,47026,47036,10
13.02593994,80.23132324,47036,47046,10
13.0261898,80.23123169,47046,47056,10
13.02688026,80.23104095,47056,47086,30
13.02688026,80.23104095,47086,47096,10
13.02735996,80.2309494,47096,47147,51
13.02735996,80.2309494,47147,47157,10
13.02775955,80.23094177,47157,47167,10
13.02834034,80.23088074,47167,47228,61
13.02834034,80.23088074,47228,47238,10
13.02884007,80.23082733,47238,47248,10
13.02921009,80.23075867,47248,47258,10
13.02950001,80.23068237,47258,47268,10
13.02985001,80.23068237,47268,47278,10
13.03013992,80.23062134,47278,47288,10
13.03020954,80.23062897,47288,47298,10
13.03048038,80.23062134,47298,47308,10
13.03073978,80.23059082,47308,47318,10
13.03089046,80.23055267,47318,47329,11
13.03143024,80.23052216,47329,47339,10
13.0320797,80.23045349,47339,47349,10
13.03267002,80.23043823,47349,47359,10
13.0330801,80.23033905,47359,47369,10
13.03357029,80.23032379,47369,47379,10
13.0340004,80.2303009,47379,47449,70
13.03439045,80.2303009,47449,47530,81
13.03439045,80.2303009,47530,47540,10
13.03472042,80.23020935,47540,47551,11
13.03499031,80.23001099,47551,47561,10
13.03503036,80.22979736,47561,47571,10
13.03487015,80.2297821,47571,47581,10
13.03444958,80.22972107,47581,47591,10
13.03427982,80.2298584,47591,47601,10
13.03421021,80.23008728,47601,47742,141
13.03421021,80.23008728,47742,47752,10
13.03407955,80.23020172,47752,47762,10
13.03398037,80.23034668,47762,47773,11
13.03359032,80.2303772,47773,47783,10
13.03341961,80.2304306,47783,47793,10
13.03318024,80.23045349,47793,47803,10
13.03252029,80.23052216,47803,47813,10
13.03178978,80.23059082,47813,47823,10
13.03110027,80.23062897,47823,47833,10
13.03061008,80.23068237,47833,47842,9
13.03028965,80.23072052,47842,47852,10
13.03015041,80.23072052,47852,47863,11
13.02974987,80.23078156,47863,47904,41
13.02974987,80.23078156,47904,47914,10
13.02947044,80.23082733,47914,47924,10
13.02890015,80.23087311,47924,47934,10
13.02812004,80.23094177,47934,47944,10
13.02752972,80.23104858,47944,47954,10
13.02758026,80.23143768,47954,47964,10
13.02762032,80.23195648,47964,47974,10
13.02777004,80.23258972,47974,47984,10
13.02727985,80.23287964,47984,48005,21
13.02727985,80.23287964,48005,48015,10
13.02702045,80.23294067,48015,48025,10
13.02680969,80.23296356,48025,48035,10
13.02647972,80.23296356,48035,48045,10
13.02626038,80.23253632,48045,48055,10
13.02618027,80.23223114,48055,48065,10
13.02616024,80.23204803,48065,48075,10
13.02606964,80.23164368,48075,48085,10
13.02595043,80.23116302,48085,48096,11
13.02569962,80.23045349,48096,48106,10
13.02523994,80.22981262,48106,48116,10
13.02484989,80.22936249,48116,48126,10
13.02466011,80.22914886,48126,48136,10
13.02458954,80.22904205,48136,48146,10
13.02437973,80.22875214,48146,48156,10
13.02408028,80.22837067,48156,48207,51
13.02408028,80.22837067,48207,48217,10
13.0240202,80.22808075,48217,48227,10
13.02369022,80.22769928,48227,48237,10
13.0233202,80.22743225,48237,48247,10
13.02293015,80.22705841,48247,48257,10
13.02235985,80.22659302,48257,48267,10
13.02155972,80.22596741,48267,48277,10
13.02077961,80.22537994,48277,48287,10
13.02035046,80.22518158,48287,48297,10
13.02001953,80.22496033,48297,48307,10
13.02001953,80.2249527,48307,48318,11
13.01984978,80.22480011,48318,48328,10
13.01959038,80.22463989,48328,48338,10
13.01889992,80.22451782,48338,48348,10
13.01813984,80.22476959,48348,48358,10
13.01739025,80.22505951,48358,48368,10
13.01673985,80.2253418,48368,48378,10
13.01632023,80.22548676,48378,48388,10
13.01589966,80.22560883,48388,48398,10
13.01500034,80.22596741,48398,48418,20
13.01500034,80.22596741,48418,48428,10
13.01490021,80.22602844,48428,48439,11
13.01432037,80.22625732,48439,48459,20
13.01432037,80.22625732,48459,48475,16
13.01377964,80.22640991,48475,48487,12
13.01294041,80.22673798,48487,48495,8
13.01231956,80.22698975,48495,48506,11
13.01148987,80.22733307,48506,48517,11
13.01037025,80.22776794,48517,48527,10
13.00949955,80.22814178,48527,48537,10
13.00905991,80.2288208,48537,48548,11
13.00883961,80.22978973,48548,48558,10
13.00862026,80.23081207,48558,48568,10
13.00841999,80.23181915,48568,48578,10
13.0082798,80.23274994,48578,48588,10
13.0081501,80.2335968,48588,48608,20
13.0081501,80.2335968,48608,48618,10
13.00804043,80.23396301,48618,48628,10
13.00796032,80.23448181,48628,48638,10
13.00790977,80.23480225,48638,48649,11
13.00786018,80.23503113,48649,48659,10
13.00772953,80.23549652,48659,48669,10
13.00757027,80.2364502,48669,48679,10
13.00739956,80.2374115,48679,48689,10
13.00722027,80.23828125,48689,48699,10
13.00710011,80.23899841,48699,48709,10
13.00695992,80.23992157,48709,48749,40
13.00695992,80.23992157,48749,48760,11
13.00697994,80.24015808,48760,48770,10
13.00685024,80.24069214,48770,48800,30
13.00685024,80.24069214,48800,48810,10
13.00666046,80.24095917,48810,48820,10
13.00662994,80.24163055,48820,48830,10
13.00664997,80.24247742,48830,48840,10
13.00662041,80.2432785,48840,48850,10
13.00660992,80.24420166,48850,48860,10
13.00654984,80.24514008,48860,48871,11
13.00664043,80.24584961,48871,48891,20
13.00664043,80.24584961,48891,48901,10
13.00669003,80.24640656,48901,48911,10
13.00667,80.24707031,48911,48921,10
13.00667953,80.24790955,48921,48931,10
13.00673008,80.24884033,48931,48941,10
13.00677967,80.2494278,48941,48961,20
13.00677967,80.2494278,48961,48971,10
13.00675964,80.24952698,48971,48982,11
13.00673008,80.25012207,48982,48992,10
13.00675964,80.25099945,48992,49042,50
13.00675964,80.25099945,49042,49052,10
13.00669003,80.25154114,49052,49062,10
13.00654984,80.25231934,49062,49072,10
13.00650024,80.2533493,49072,49082,10
13.00652027,80.25441742,49082,49093,11
13.0065403,80.25566864,49093,49103,10
13.00656033,80.2564621,49103,49113,10
13.00664043,80.25721741,49113,49123,10
13.00695992,80.25794983,49123,49133,10
13.00765991,80.25862885,49133,49153,20
13.00765991,80.25862885,49153,49162,9
13.00771046,80.25868225,49162,49172,10
13.00809002,80.2588501,49172,49183,11
13.00864983,80.25900269,49183,49193,10
13.00920963,80.25904083,49193,49204,11
13.01004982,80.25904083,49204,49214,10
13.01091003,80.25904083,49214,49224,10
13.01179981,80.25904083,49224,49234,10
13.01272964,80.25908661,49234,49244,10
13.01377964,80.25910187,49244,49254,10
13.01484966,80.25914001,49254,49264,10
13.01576042,80.2592926,49264,49274,10
13.01640034,80.25965881,49274,49294,20
13.01640034,80.25965881,49294,49304,10
13.01646996,80.25975037,49304,49315,11
13.01696968,80.26010132,49315,49325,10
13.01760006,80.26055145,49325,49335,10
13.01813984,80.26091766,49335,49345,10
13.01860046,80.26123047,49345,49355,10
13.01871967,80.26130676,49355,49365,10
13.01900959,80.26157379,49365,49375,10
13.01935959,80.26187134,49375,49385,10
13.01966,80.26219177,49385,49395,10
13.02015972,80.26261139,49395,49405,10
13.02019024,80.26264191,49405,49415,10
13.02042961,80.26277161,49415,49426,11
13.02114964,80.2629776,49426,49436,10
13.02190018,80.26331329,49436,49446,10
13.02221012,80.26344299,49446,49456,10
13.0229702,80.26389313,49456,49476,20
13.0229702,80.26389313,49476,49486,10
13.02328014,80.26412201,49486,49496,10
13.02388954,80.26442719,49496,49506,10
13.02437019,80.26470184,49506,49516,10
13.02472019,80.26496124,49516,49526,10
13.02509022,80.26524353,49526,49537,11
13.02556992,80.26554871,49537,49547,10
13.02600002,80.26580048,49547,49557,10
13.0262804,80.26582336,49557,49567,10
13.02635956,80.26528931,49567,49577,10
13.02647018,80.26450348,49577,49587,10
13.02657032,80.26390076,49587,49597,10
13.02657986,80.26387787,49597,49607,10
13.02665997,80.26351929,49607,49617,10
13.02680016,80.2633667,49617,49627,10
13.02727985,80.26347351,49627,49637,10
13.02793026,80.26365662,49637,49648,11
13.02826023,80.26376343,49648,49658,10
13.02853966,80.26383972,49658,49668,10
13.02900982,80.2639389,49668,49678,10
13.02923012,80.2640686,49678,49688,10
13.0291996,80.26429749,49688,49698,10
13.02923012,80.26486206,49698,49708,10
13.0291996,80.26538849,49708,49718,10
13.0291996,80.26596069,49718,49728,10
13.0291996,80.26608276,49728,49738,10
13.02915955,80.26625824,49738,49748,10
13.02917957,80.26641846,49748,49759,11
13.02947044,80.26651001,49759,49769,10
13.02976036,80.26657867,49769,49779,10
13.03069019,80.26670074,49779,49789,10
13.03151989,80.26698303,49789,49799,10
13.0321703,80.26728821,49799,49809,10
13.03256035,80.26748657,49809,49819,10
13.03295994,80.26770782,49819,49829,10
13.03367043,80.26785278,49829,49870,41
13.03367043,80.26785278,49870,49880,10
13.0340004,80.26789093,49880,49890,10
13.03437996,80.26793671,49890,49940,50
13.03450012,80.26805878,49940,49981,41
13.03450012,80.26805878,49981,49991,10
13.03411961,80.26799011,49991,50001,10
13.03363991,80.2678833,50001,50011,10
13.03328037,80.26780701,50011,50021,10
13.03322029,80.26779175,50021,50031,10
13.03320026,80.26776123,50031,50041,10
13.03306007,80.26772308,50041,50051,10
13.03275967,80.26767731,50051,50061,10
13.03267956,80.26763916,50061,50071,10
13.03252029,80.26753998,50071,50082,11
13.03199005,80.26721954,50082,50092,10
13.03139973,80.26699066,50092,50102,10
13.03077984,80.26683044,50102,50112,10
13.0301199,80.26669312,50112,50122,10
13.02978039,80.26663971,50122,50132,10
13.02966976,80.26660919,50132,50142,10
13.02937031,80.26657867,50142,50152,10
13.02921963,80.26650238,50152,50162,10
13.02877998,80.2664032,50162,50172,10
13.02814007,80.26629639,50172,50181,9
13.02760029,80.26616669,50181,50193,12
13.02702999,80.26612091,50193,50203,10
13.02684021,80.26598358,50203,50213,10
13.02657032,80.26561737,50213,50324,111
13.02657032,80.26561737,50324,50334,10
13.02678013,80.26577759,50334,50344,10
13.0267601,80.26570129,50344,50354,10
13.02674007,80.26567841,50354,50364,10
13.02672005,80.26566315,50364,50576,212
13.02672005,80.26566315,50576,50586,10
13.02657986,80.26557922,50586,50596,10
13.02665043,80.26561737,50596,50687,91
13.02665043,80.26561737,50687,50697,10
13.02657032,80.26557159,50697,50728,31
13.02655983,80.26557159,50728,50768,40
13.02655983,80.26557159,50768,50778,10
13.02659988,80.26551819,50778,50788,10
13.02655983,80.26557922,50788,50818,30
13.0265398,80.26554871,50818,50879,61
13.0265398,80.26554871,50879,50889,10
13.02655029,80.26555634,50889,51161,272
13.02651024,80.26564026,51161,52243,1082
13.02647018,80.26540375,52243,52263,20
13.02647018,80.26540375,52263,52273,10
13.02639961,80.26506042,52273,52284,11
13.02643967,80.26461792,52284,52294,10
13.02649021,80.26425934,52294,52304,10
13.0265398,80.26383972,52304,52314,10
13.02661037,80.26339722,52314,52324,10
13.02694988,80.26342773,52324,52334,10
13.02731991,80.26358032,52334,52344,10
13.02783012,80.26368713,52344,52354,10
13.02830982,80.26383209,52354,52364,10
13.02877045,80.26396942,52364,52374,10
13.02917957,80.26406097,52374,52395,21
13.02917957,80.26406097,52395,52405,10
13.0292902,80.26452637,52405,52415,10
13.02931976,80.26506805,52415,52425,10
13.02927971,80.26563263,52425,52435,10
13.02921963,80.26615906,52435,52445,10
13.0291996,80.2662735,52445,52455,10
13.0292902,80.26648712,52455,52465,10
13.02960014,80.2665863,52465,52475,10
13.03003979,80.26664734,52475,52485,10
13.03055954,80.26676941,52485,52495,10
13.03118038,80.26690674,52495,52506,11
13.03178024,80.26714325,52506,52516,10
13.03232002,80.26738739,52516,52526,10
13.03273964,80.26761627,52526,52536,10
13.03318024,80.26776123,52536,52546,10
13.03351974,80.26783752,52546,52556,10
13.03382969,80.26789856,52556,52566,10
13.03411961,80.26793671,52566,52576,10
13.03452969,80.26799011,52576,52627,51
13.03452969,80.26799011,52627,52637,10
13.03429985,80.26798248,52637,52647,10
13.03421974,80.26795959,52647,52657,10
13.03394032,80.26792145,52657,52667,10
13.03390026,80.26792145,52667,52677,10
13.03382015,80.26792908,52677,52687,10
13.03341007,80.26785278,52687,52960,273
13.03316975,80.2677002,52960,52980,20
13.03316975,80.2677002,52980,52990,10
13.03302956,80.26769257,52990,53000,10
13.03297043,80.26769257,53000,53010,10
13.03264046,80.26757813,53010,53020,10
13.0323,80.26731873,53020,53030,10
13.03174973,80.26708221,53030,53039,9
13.03120995,80.26690674,53039,53051,12
13.03034019,80.26669312,53051,53061,10
13.02984047,80.26667023,53061,53071,10
13.02976036,80.26663971,53071,53081,10
13.02952003,80.26657867,53081,53091,10
13.02921009,80.26651001,53091,53101,10
13.02892017,80.26644135,53101,53111,10
13.02840042,80.26634979,53111,53121,10
13.02783966,80.26622772,53121,53131,10
13.02713013,80.26615906,53131,53141,10
13.02651024,80.26599884,53141,53151,10
13.02635002,80.26596069,53151,53162,11
13.0261097,80.26589203,53162,53172,10
13.02563953,80.26557922,53172,53182,10
13.02521992,80.26529694,53182,53192,10
13.02519989,80.26528168,53192,53202,10
13.02511978,80.26522064,53202,53212,10
13.02474022,80.2649231,53212,53222,10
13.02418041,80.26448822,53222,53232,10
13.02348995,80.26412201,53232,53242,10
13.02274036,80.26376343,53242,53252,10
13.02212048,80.26339722,53252,53262,10
13.02208042,80.26338196,53262,53273,11
13.02194023,80.26329041,53273,53283,10
13.02153015,80.2631073,53283,53293,10
13.02081966,80.26299286,53293,53303,10
13.02015972,80.26296234,53303,53313,10
13.01945972,80.26289368,53313,53323,10
13.01904964,80.26284027,53323,53333,10
13.01893997,80.26271057,53333,53343,10
13.01891041,80.26255035,53343,53353,10
13.01879978,80.26171112,53353,53363,10
13.01856041,80.26119995,53363,53373,10
13.01799965,80.26081848,53373,53384,11
13.0172596,80.26032257,53384,53394,10
13.01673985,80.25998688,53394,53404,10
13.01616001,80.25968933,53404,53414,10
13.01613998,80.2596817,53414,53424,10
13.01611996,80.25965118,53424,53434,10
13.01562023,80.25943756,53434,53444,10
13.01478958,80.2592926,53444,53454,10
13.01381969,80.25924683,53454,53470,16
13.01196003,80.25917816,53470,53482,12
13.01080036,80.25914001,53482,53490,8
13.01006031,80.25917816,53490,53502,12
13.00979996,80.25920105,53502,53513,11
13.00940037,80.25919342,53513,53523,10
13.00889969,80.25919342,53523,53533,10
13.00862026,80.25919342,53533,53543,10
13.00792027,80.25927734,53543,53552,9
13.00747967,80.2592926,53552,53563,11
13.00726986,80.25882721,53563,53572,9
13.00726032,80.25875854,53572,53583,11
13.00702,80.25829315,53583,53593,10
13.00660038,80.25765991,53593,53694,101
13.00660038,80.25765991,53694,53704,10
13.00648022,80.25737762,53704,53715,11
13.00648022,80.25697327,53715,53725,10
13.00644016,80.25626373,53725,53735,10
13.00648975,80.25547028,53735,53745,10
13.00652027,80.25475311,53745,53755,10
13.00652981,80.25396729,53755,53765,10
13.00656033,80.25328827,53765,53785,20
13.00656033,80.25328827,53785,53795,10
13.00658989,80.25283813,53795,53805,10
13.00660992,80.25224304,53805,53904,99
13.00652027,80.25222778,53904,53925,21
13.00652027,80.25222778,53925,53935,10
13.00677967,80.24971771,53935,53945,10
13.00681019,80.24874115,53945,53955,10
13.00667,80.24771881,53955,54084,129
13.00667,80.24771881,54084,54094,10
13.00660992,80.24748993,54094,54103,9
13.00662994,80.24713135,54103,54114,11
13.00664043,80.24640656,54114,54124,10
13.00664997,80.24559021,54124,54134,10
13.00666046,80.24466705,54134,54144,10
13.00664997,80.24382782,54144,54155,11
13.00662041,80.24314117,54155,54165,10
13.00660038,80.24247742,54165,54175,10
13.00658035,80.24170685,54175,54185,10
13.00658035,80.24154663,54185,54195,10
13.00660038,80.24131012,54195,54205,10
13.00669003,80.24073029,54205,54215,10
13.00685024,80.23999023,54215,54225,10
13.00697041,80.23915863,54225,54235,10
13.00716972,80.23809814,54235,54245,10
13.00734997,80.23735809,54245,54255,10
13.00741959,80.23674774,54255,54266,11
13.00741959,80.23671722,54266,54276,10
13.00743008,80.23668671,54276,54286,10
13.00755978,80.23629761,54286,54296,10
13.00769997,80.23561859,54296,54306,10
13.00790024,80.23473358,54306,54316,10
13.00811958,80.23364258,54316,54325,9
13.00831985,80.23258209,54325,54336,11
13.00852013,80.23162079,54336,54346,10
13.00874043,80.23053741,54346,54356,10
13.00895023,80.22949219,54356,54366,10
13.00911999,80.22863007,54366,54377,11
13.00942993,80.22763062,54377,54387,10
13.00984001,80.2266922,54387,54397,10
13.01025009,80.22580719,54397,54407,10
13.01051044,80.22521973,54407,54417,10
13.01062012,80.22502136,54417,54427,10
13.01084042,80.224617,54427,54437,10
13.0111599,80.22409058,54437,54447,10
13.01130009,80.22360992,54447,54457,10
13.01152992,80.2229538,54457,54467,10
13.01179028,80.22236633,54467,54477,10
13.01204967,80.22180176,54477,54488,11
13.01237965,80.22145844,54488,54498,10
13.01253033,80.2216568,54498,54508,10
13.01274014,80.22200775,54508,54518,10
13.01323986,80.22229767,54518,54528,10
13.01381969,80.22309875,54528,54538,10
13.01453018,80.22399902,54538,54548,10
13.01508045,80.2245636,54548,54558,10
13.01550007,80.22489929,54558,54568,10
13.01550961,80.22490692,54568,54578,10
13.01558018,80.22496033,54578,54588,10
13.01589966,80.22516632,54588,54599,11
13.01663017,80.22515869,54599,54609,10
13.01745987,80.224823,54609,54619,10
13.01826,80.22451019,54619,54629,10
13.01908016,80.22425842,54629,54638,9
13.01953983,80.22432709,54638,54649,11
13.0199604,80.224617,54649,54659,10
13.02031994,80.22490692,54659,54669,10
13.02068996,80.22515869,54669,54679,10
13.02112007,80.22550201,54679,54689,10
13.02180004,80.22599792,54689,54710,21
13.02180004,80.22599792,54710,54720,10
13.02188015,80.22609711,54720,54730,10
13.0220499,80.22621918,54730,54740,10
13.02260017,80.22670746,54740,54750,10
13.02334023,80.22737885,54750,54760,10
13.0239296,80.22795105,54760,54770,10
13.02423,80.22824097,54770,54780,10
13.02447987,80.22859955,54780,54790,10
13.02476025,80.22901154,54790,54800,10
13.02523994,80.22963715,54800,54810,10
13.02569962,80.2303009,54810,54821,11
13.02577019,80.23047638,54821,54830,9
13.02581978,80.2305603,54830,54841,11
13.02591038,80.23082733,54841,54851,10
13.02593994,80.23107147,54851,54861,10
13.02612019,80.23120117,54861,54871,10
13.02678967,80.23105621,54871,54881,10
13.02754974,80.23088074,54881,54891,10
13.02814007,80.23084259,54891,54900,9
13.02828026,80.23084259,54900,54911,11
13.02851963,80.23082733,54911,54921,10
13.02921963,80.23075104,54921,54982,61
13.02921963,80.23075104,54982,54992,10
13.02964973,80.23074341,54992,55002,10
13.0302,80.23069763,55002,55012,10
13.03081989,80.23065948,55012,55022,10
13.03125,80.23062134,55022,55032,10
13.03184032,80.2305603,55032,55043,11
13.03258991,80.23046875,55043,55052,9
13.03302956,80.23040771,55052,55062,10
13.03357983,80.23036957,55062,55073,11
13.03390026,80.23036957,55073,55083,10
13.03423023,80.2303772,55083,55093,10
13.03472996,80.23023224,55093,55103,10
13.0348196,80.22994995,55103,55174,71
13.03446007,80.23001862,55174,55366,192
13.03437042,80.23001862,55366,55386,20
13.03407955,80.22966003,55386,55426,40
13.03407955,80.22966003,55426,55436,10
13.03429985,80.23002625,55436,55446,10
13.03423023,80.22997284,55446,55618,172
13.03423023,80.22997284,55618,55628,10
13.03427029,80.23001862,55628,55638,10
13.03439045,80.23004913,55638,55791,153
13.03425026,80.2300415,55791,56145,354
13.03425026,80.2300415,56145,56155,10
13.03431988,80.23011017,56155,56266,111
13.03431988,80.23011017,56266,56276,10
13.03415966,80.2302475,56276,56286,10
13.03411961,80.23034668,56286,56296,10
13.03384972,80.23039246,56296,56306,10
13.03349972,80.23040771,56306,56316,10
13.0330801,80.23047638,56316,56326,10
13.03258038,80.23053741,56326,56336,10
13.03192043,80.23065948,56336,56346,10
13.03124046,80.23068237,56346,56357,11
13.03075981,80.23069763,56357,56367,10
13.03048038,80.23071289,56367,56377,10
13.03013992,80.23075867,56377,56387,10
13.02985954,80.23078918,56387,56397,10
13.02980042,80.23078156,56397,56407,10
13.0296402,80.23079681,56407,56417,10
13.02923012,80.23084259,56417,56427,10
13.02865982,80.23088074,56427,56437,10
13.02816963,80.23091125,56437,56447,10
13.02773952,80.23095703,56447,56458,11
13.02766037,80.23130798,56458,56468,10
13.02770042,80.23181915,56468,56478,10
13.02777958,80.23233795,56478,56488,10
13.02766037,80.23271179,56488,56498,10
13.02719021,80.23282623,56498,56518,20
13.02719021,80.23282623,56518,56528,10
13.02692986,80.23290253,56528,56538,10
13.02668953,80.23294067,56538,56548,10
13.02635002,80.23275757,56548,56558,10
13.02620029,80.23220825,56558,56568,10
13.02610016,80.23164368,56568,56579,11
13.02593994,80.23110962,56579,56589,10
13.02565956,80.23040009,56589,56599,10
13.02513027,80.22963715,56599,56609,10
13.02460003,80.22898102,56609,56619,10
13.02427959,80.22853851,56619,56629,10
13.02396011,80.22821045,56629,56649,20
13.02396011,80.22821045,56649,56659,10
13.02390003,80.22811127,56659,56669,10
13.02365017,80.22785187,56669,56679,10
13.02320004,80.22740936,56679,56690,11
13.02254963,80.22673798,56690,56700,10
13.02192974,80.22622681,56700,56710,10
13.0212698,80.22570801,56710,56720,10
13.0206604,80.22524261,56720,56730,10
13.02033997,80.22503662,56730,56740,10
13.01994991,80.22477722,56740,56750,10
13.01939011,80.22447968,56750,56760,10
13.01856041,80.22454071,56760,56770,10
13.01764965,80.22492218,56770,56780,10
13.01683998,80.22525787,56780,56791,11
13.01646042,80.22541809,56791,56801,10
13.01597977,80.22557831,56801,56811,10
13.01535988,80.22580719,56811,56821,10
13.01492023,80.22601318,56821,56831,10
13.01471996,80.22608948,56831,56841,10
13.01426029,80.22625732,56841,56851,10
13.01422024,80.22628784,56851,56861,10
13.01401043,80.22637939,56861,56871,10
13.01348019,80.22657776,56871,56881,10
13.01282024,80.22683716,56881,56891,10
13.01200962,80.22714996,56891,56902,11
13.01103973,80.2275238,56902,56912,10
13.01006985,80.22792053,56912,56922,10
13.00918961,80.2284317,56922,56932,10
13.00893021,80.22949219,56932,56942,10
13.00870037,80.2307663,56942,56952,10
13.00844955,80.23201752,56952,56962,10
13.00815964,80.23365784,56962,56982,20
13.00815964,80.23365784,56982,56992,10
13.00807953,80.23403931,56992,57002,10
13.00798035,80.23454285,57002,57013,11
13.00788021,80.23503113,57013,57023,10
13.00776005,80.23558044,57023,57033,10
13.00761986,80.23629761,57033,57043,10
13.00749016,80.23692322,57043,57053,10
13.00736046,80.23760223,57053,57063,10
13.0072403,80.23829651,57063,57073,10
13.00712013,80.23889923,57073,57083,10
13.00699997,80.23947144,57083,57093,10
13.00689983,80.23995209,57093,57113,20
13.00689983,80.23995209,57113,57124,11
13.00683975,80.24072266,57124,57144,20
13.00683975,80.24072266,57144,57154,10
13.00677967,80.24098969,57154,57164,10
13.00671959,80.2414093,57164,57174,10
13.00669003,80.24201965,57174,57184,10
13.00666046,80.2427597,57184,57194,10
13.00662994,80.24365234,57194,57204,10
13.00660992,80.24456024,57204,57214,10
13.00660992,80.24546051,57214,57224,10
13.00666046,80.24635315,57224,57235,11
13.00669003,80.24685669,57235,57245,10
13.00669956,80.24732208,57245,57255,10
13.00666046,80.24797821,57255,57265,10
13.0067997,80.24958038,57265,57295,30
13.0067997,80.24958038,57295,57305,10
13.00677013,80.2497406,57305,57315,10
13.00677013,80.25029755,57315,57325,10
13.00677013,80.25086212,57325,57335,10
13.00677013,80.251297,57335,57346,11
13.00658035,80.25221252,57346,57356,10
13.00652981,80.2530899,57356,57366,10
13.0065403,80.25405884,57366,57376,10
13.00656986,80.25469971,57376,57386,10
13.00656986,80.25528717,57386,57396,10
13.00656986,80.25614929,57396,57406,10
13.00660992,80.25711823,57406,57487,81
13.00660992,80.25711823,57487,57497,10
13.00664043,80.25730133,57497,57507,10
13.00681019,80.25772095,57507,57517,10
13.00720024,80.25829315,57517,57527,10
13.00767994,80.25859833,57527,57537,10
13.00772953,80.25862122,57537,57547,10
13.00790024,80.25868988,57547,57557,10
13.00835037,80.2589035,57557,57568,11
13.00887966,80.2590332,57568,57578,10
13.00949001,80.2590332,57578,57588,10
13.01045036,80.25904083,57588,57598,10
13.01154995,80.25904083,57598,57608,10
13.01270962,80.25907898,57608,57618,10
13.01385975,80.25911713,57618,57628,10
13.01500034,80.2591629,57628,57638,10
13.01589012,80.25937653,57638,57648,10
13.01636028,80.2596283,57648,57658,10
13.01638031,80.25966644,57658,57668,10
13.01642036,80.25971985,57668,57679,11
13.01667976,80.2599411,57679,57689,10
13.01716042,80.26024628,57689,57699,10
13.01776981,80.26067352,57699,57709,10
13.01834011,80.26107025,57709,57719,10
13.01885033,80.26142883,57719,57729,10
13.01931953,80.2618103,57729,57739,10
13.01970005,80.26213074,57739,57749,10
13.02011967,80.26251221,57749,57759,10
13.02029037,80.26264191,57759,57769,10
13.02081966,80.26284027,57769,57780,11
13.02159977,80.26309204,57780,57790,10
13.02202034,80.26332855,57790,57800,10
13.02243996,80.2635498,57800,57810,10
13.02287006,80.26377869,57810,57820,10
13.0228796,80.2638092,57820,57830,10
13.02322006,80.26402283,57830,57839,9
13.02369976,80.26425934,57839,57850,11
13.0244503,80.2647171,57850,57860,10
13.02472019,80.26490021,57860,57870,10
13.02493954,80.26503754,57870,57880,10
13.02544022,80.26535797,57880,57890,10
13.02600002,80.26573181,57890,57901,11
13.02628994,80.26551819,57901,57911,10
13.02641964,80.26474762,57911,57921,10
13.02649975,80.26402283,57921,57930,9
13.02651024,80.26392365,57930,57941,11
13.02653027,80.26380157,57941,57951,10
13.02661991,80.26338196,57951,57961,10
13.02700043,80.26342773,57961,57971,10
13.02750015,80.26355743,57971,57981,10
13.02810001,80.26373291,57981,57991,10
13.02822971,80.26376343,57991,58002,11
13.02840042,80.26381683,58002,58011,9
13.02869034,80.26386261,58011,58022,11
13.02915955,80.26399994,58022,58032,10
13.02927017,80.264328,58032,58042,10
13.02929974,80.26483154,58042,58052,10
13.02927017,80.26551056,58052,58062,10
13.02923965,80.26612091,58062,58072,10
13.02919006,80.26624298,58072,58082,10
13.02923012,80.26644897,58082,58092,10
13.02952957,80.26651764,58092,58102,10
13.03009033,80.26656342,58102,58113,11
13.03092003,80.26672363,58113,58123,10
13.03162956,80.2670517,58123,58133,10
13.03219986,80.26728821,58133,58143,10
13.03264999,80.26757813,58143,58153,10
13.03335953,80.26779175,58153,58193,40
13.03335953,80.26779175,58193,58203,10
13.03376007,80.26789856,58203,58213,10
13.03382969,80.26789856,58213,58224,11
13.03439045,80.26798248,58224,58254,30
13.03439045,80.26798248,58254,58264,10
13.03454018,80.26809692,58264,58274,10
13.03437042,80.26805878,58274,58284,10
13.0340004,80.26795959,58284,58294,10
13.03339958,80.26782227,58294,58375,81
13.03339958,80.26782227,58375,58385,10
13.03328037,80.26776123,58385,58466,81
13.03328037,80.26776123,58466,58476,10
13.0334301,80.26761627,58476,58516,40
13.0334301,80.26761627,58516,58527,11
13.03335953,80.26772308,58527,58536,9
13.03337002,80.2677002,58536,58668,132
13.03328037,80.2677536,58668,58970,302
13.03328037,80.2677536,58970,58980,10
13.02947044,80.26657104,58980,58991,11
13.02925014,80.26654816,58991,59001,10
13.0290699,80.26643372,59001,59011,10
13.02869987,80.26635742,59011,59021,10
13.02822971,80.26625824,59021,59031,10
13.0276804,80.26615906,59031,59041,10
13.02700043,80.26605225,59041,59051,10
13.02651024,80.26596832,59051,59061,10
13.02632999,80.26590729,59061,59071,10
13.02602959,80.26583862,59071,59081,10
13.02563953,80.26560974,59081,59091,10
13.02523041,80.26531982,59091,59112,21
13.02523041,80.26531982,59112,59122,10
13.02499008,80.26508331,59122,59132,10
13.02462006,80.26483917,59132,59142,10
13.02408028,80.26448059,59142,59152,10
13.02344036,80.26412201,59152,59162,10
13.02266979,80.26371002,59162,59172,10
13.02206993,80.26342773,59172,59202,30
13.02206993,80.26342773,59202,59213,11
13.02182961,80.26328278,59213,59223,10
13.02147961,80.26313782,59223,59233,10
13.02091026,80.26303864,59233,59243,10
13.0203104,80.26302338,59243,59253,10
13.01976013,80.26296997,59253,59263,10
13.0191803,80.26290131,59263,59273,10
13.01889038,80.26255798,59273,59283,10
13.0188303,80.26174164,59283,59293,10
13.01850033,80.26110077,59293,59303,10
13.01791,80.26074219,59303,59313,10
13.01716042,80.26026154,59313,59324,11
13.01601982,80.25965881,59324,59344,20
13.01601982,80.25965881,59344,59354,10
13.01587963,80.25958252,59354,59364,10
13.01535034,80.25937653,59364,59374,10
13.01463985,80.25932312,59374,59384,10
13.01373959,80.2592926,59384,59394,10
13.01282024,80.25926208,59394,59404,10
13.01194954,80.25921631,59404,59414,10
13.01111984,80.25919342,59414,59424,10
13.01019955,80.2592392,59424,59435,11
13.00914955,80.25920105,59435,59445,10
13.00874996,80.25920105,59445,59455,10
13.00835991,80.25920868,59455,59465,10
13.00778008,80.25936127,59465,59475,10
13.0072403,80.25887299,59475,59495,20
13.0072403,80.25887299,59495,59505,10
13.00720978,80.25871277,59505,59515,10
13.00699997,80.25833893,59515,59525,10
13.00664043,80.25778198,59525,59556,31
13.00664043,80.25778198,59556,59566,10
13.00650978,80.25744629,59566,59576,10
13.00652027,80.25708008,59576,59586,10
13.00648022,80.25653839,59586,59596,10
13.00646019,80.25566101,59596,59606,10
13.00652981,80.25498962,59606,59616,10
13.00648975,80.25415802,59616,59626,10
13.00646019,80.25346375,59626,59636,10
13.00644016,80.25322723,59636,59647,11
13.0064497,80.25312042,59647,59657,10
13.00648022,80.2531662,59657,59667,10
13.00646973,80.25293732,59667,59677,10
13.00656986,80.25206757,59677,59776,99
13.00656986,80.25206757,59776,59785,9
13.00671005,80.25189972,59785,59796,11
13.00677967,80.25134277,59796,59806,10
13.00675011,80.25048828,59806,59816,10
13.00673962,80.24987793,59816,59826,10
13.00673008,80.24928284,59826,59836,10
13.00667953,80.24855042,59836,59846,10
13.00664997,80.24761963,59846,59856,10
13.00656986,80.24671173,59856,59877,21
13.00656986,80.24671173,59877,59887,10
13.00660038,80.24649811,59887,59897,10
13.00662041,80.24588013,59897,59907,10
13.00662041,80.24507904,59907,59917,10
13.00662041,80.24447632,59917,59927,10
13.00660038,80.24401093,59927,59937,10
13.00654984,80.24356079,59937,59947,10
13.0065403,80.24294281,59947,59957,10
13.00654984,80.2421875,59957,59967,10
13.00654984,80.24169922,59967,59977,10
13.00654984,80.24166107,59977,59988,11
13.00656986,80.2412262,59988,59998,10
13.00662994,80.24085236,59998,60008,10
13.00664043,80.24079895,60008,60018,10
13.00667,80.24060822,60018,60028,10
13.00673962,80.24015808,60028,60038,10
13.00691032,80.2394104,60038,60048,10
13.00697994,80.23861694,60048,60058,10
13.00720024,80.23799133,60058,60068,10
13.00734997,80.23722076,60068,60099,31
13.00734997,80.23722076,60099,60109,10
13.00736046,80.23693848,60109,60129,20
13.00736046,80.23693848,60129,60139,10
13.00753021,80.23647308,60139,60149,10
13.00737953,80.2360611,60149,60159,10
13.00771999,80.23506927,60159,60169,10
13.00800037,80.23413086,60169,60179,10
13.00819016,80.23327637,60179,60189,10
13.00841045,80.23220825,60189,60200,11
13.0086298,80.23091125,60200,60210,10
13.00885963,80.22981262,60210,60220,10
13.00909996,80.2286377,60220,60230,10
13.00949001,80.22754669,60230,60240,10
13.0099802,80.22646332,60240,60250,10
13.01041985,80.22550964,60250,60260,10
13.01070976,80.22492981,60260,60270,10
13.01089954,80.2244873,60270,60280,10
13.01121998,80.22383118,60280,60290,10
13.01130009,80.22364044,60290,60300,10
13.01130962,80.22353363,60300,60311,11
13.01152039,80.22309113,60311,60321,10
13.01167011,80.22229767,60321,60331,10
13.01212025,80.22157288,60331,60341,10
13.0124197,80.2216568,60341,60351,10
13.01284027,80.22216034,60351,60361,10
13.01296997,80.22231293,60361,60371,10
13.01325989,80.22263336,60371,60381,10
13.01371956,80.22315979,60381,60391,10
13.01428032,80.22384644,60391,60401,10
13.01494026,80.22440338,60401,60411,10
13.01511955,80.22464752,60411,60422,11
13.01523018,80.22480011,60422,60432,10
13.01554012,80.22501373,60432,60442,10
13.01554966,80.22501373,60442,60452,10
13.01564026,80.22503662,60452,60462,10
13.01605034,80.22530365,60462,60472,10
13.01659012,80.22535706,60472,60482,10
13.01766968,80.224823,60482,60492,10
13.01854992,80.22451782,60492,60502,10
13.01933956,80.22437286,60502,60512,10
13.0197897,80.22454834,60512,60523,11
13.02015972,80.22489929,60523,60533,10
13.02079964,80.22560883,60533,60573,40
13.02079964,80.22560883,60573,60583,10
13.02231026,80.2265625,60583,60593,10
13.02268982,80.2268219,60593,60603,10
13.02318001,80.22718048,60603,60613,10
13.02375984,80.22779846,60613,60623,10
13.02422047,80.22815704,60623,60633,10
13.02493,80.2292099,60633,60664,31
13.02493,80.2292099,60664,60674,10
13.02589035,80.23074341,60674,60684,10
13.02589989,80.23075867,60684,60694,10
13.0260601,80.23127747,60694,60703,9
13.02610016,80.23142242,60703,60714,11
13.02643967,80.23146057,60714,60724,10
13.02754974,80.23104095,60724,60734,10
13.02818012,80.23088074,60734,60745,11
13.02857971,80.23088074,60745,60755,10
13.02857971,80.23092651,60755,60765,10
13.02882957,80.23091125,60765,60775,10
13.02906036,80.23090363,60775,60785,10
13.02941036,80.23087311,60785,60795,10
13.02980042,80.23081207,60795,60805,10
13.03015041,80.23074341,60805,60815,10
13.03044987,80.23074341,60815,60825,10
13.03048038,80.23074341,60825,60835,10
13.03061962,80.23075867,60835,60845,10
13.03081989,80.23075104,60845,60856,11
13.03127003,80.23071289,60856,60866,10
13.03176022,80.23084259,60866,60876,10
13.0323801,80.2304306,60876,60886,10
13.03310013,80.23052979,60886,60896,10
13.03312969,80.23046875,60896,60916,20
13.03312969,80.23046875,60916,60926,10
13.03322029,80.2305069,60926,60936,10
13.03353024,80.23052216,60936,60946,10
13.03353977,80.23052979,60946,60956,10
13.03374004,80.2305603,60956,60977,21
13.03388977,80.23047638,60977,61088,111
13.03388977,80.23047638,61088,61098,10
13.03411961,80.23045349,61098,61108,10
13.03454018,80.23039246,61108,61118,10
13.03485966,80.23027039,61118,61128,10
13.0349102,80.23008728,61128,61138,10
13.03474998,80.23008728,61138,61148,10
13.03462982,80.23014069,61148,61159,11
13.03429985,80.23008728,61159,61168,9
13.03435993,80.23011017,61168,61179,11
13.03437042,80.23007965,61179,61189,10
13.03429985,80.23008728,61189,61199,10
13.03423977,80.23030853,61199,61209,10
13.03417969,80.23055267,61209,61219,10
13.0343399,80.23004913,61219,61350,131
13.0343399,80.23004913,61350,61360,10
13.0343399,80.23011017,61360,61376,16
13.03431988,80.23007965,61376,61399,23
13.03431988,80.23008728,61399,61691,292
13.03431988,80.23008728,61691,61701,10
13.03435993,80.2301178,61701,61711,10
13.03431988,80.23008728,61711,61742,31
13.03431988,80.23008728,61742,61752,10
13.03433037,80.22998047,61752,61762,10
13.03427029,80.22995758,61762,61772,10
13.03427982,80.22989655,61772,61792,20
13.03427982,80.22989655,61792,61802,10
13.03417969,80.23000336,61802,61883,81
13.03435993,80.2301178,61883,61903,20
13.03435993,80.2301178,61903,61913,10
13.03604984,80.2297821,61913,61923,10
13.03409958,80.23008728,61923,61933,10
13.03433037,80.23001099,61933,61944,11
13.0345602,80.2299881,61944,61954,10
13.03458023,80.2299881,61954,61964,10
13.03462029,80.22998047,61964,61974,10
13.03468037,80.22991943,61974,61984,10
13.03452015,80.22991943,61984,62024,40
13.03452015,80.22991943,62024,62034,10
13.03520966,80.22979736,62034,62044,10
13.03454018,80.22972107,62044,62055,11
13.03415966,80.23001862,62055,62065,10
13.03382015,80.23011017,62065,62105,40
13.03409958,80.23002625,62105,62166,61
13.03409958,80.23002625,62166,62176,10
13.03407001,80.23017883,62176,62186,10
13.03411961,80.23027802,62186,62196,10
13.03396034,80.2304306,62196,62206,10
13.03353977,80.23043823,62206,62216,10
13.03302956,80.23047638,62216,62226,10
13.03240967,80.23053741,62226,62236,10
13.0317297,80.23062134,62236,62246,10
13.03114986,80.23068237,62246,62256,10
13.0311203,80.23068237,62256,62267,11
13.03104019,80.23066711,62267,62277,10
13.03075027,80.23068237,62277,62287,10
13.03028011,80.23072052,62287,62297,10
13.02980995,80.23072815,62297,62337,40
13.02980995,80.23072815,62337,62347,10
13.02966976,80.2307663,62347,62357,10
13.02925014,80.23081207,62357,62367,10
13.02863979,80.23088074,62367,62378,11
13.02795982,80.23091888,62378,62388,10
13.02766037,80.23095703,62388,62398,10
13.02764988,80.23148346,62398,62408,10
13.02772045,80.23209381,62408,62418,10
13.02783966,80.23268127,62418,62428,10
13.02746964,80.23282623,62428,62438,10
13.02686024,80.23290253,62438,62468,30
13.02686024,80.23290253,62468,62478,10
13.02651978,80.23297119,62478,62489,11
13.02622032,80.23233795,62489,62499,10
13.02608967,80.23181915,62499,62509,10
13.02598,80.23139954,62509,62519,10
13.02562046,80.23042297,62519,62529,10
13.02499008,80.22949219,62529,62539,10
13.02441978,80.2287674,62539,62549,10
13.02400017,80.22831726,62549,62559,10
13.02392006,80.22820282,62559,62569,10
13.02363968,80.22783661,62569,62579,10
13.02295017,80.22720337,62579,62589,10
13.02221012,80.22657013,62589,62600,11
13.02163029,80.22608185,62600,62610,10
13.02103043,80.22560883,62610,62620,10
13.02058983,80.22531891,62620,62630,10
13.02007961,80.22496796,62630,62640,10
13.01949024,80.22460938,62640,62656,16
13.01807022,80.22483826,62656,62668,12
13.01708984,80.22519684,62668,62676,8
13.01663971,80.22537994,62676,62688,12
13.01628971,80.22548676,62688,62698,10
13.01574039,80.22569275,62698,62709,11
13.01498032,80.2259903,62709,62719,10
13.01432037,80.22622681,62719,62729,10
13.01424026,80.22628784,62729,62739,10
13.01414013,80.22633362,62739,62749,10
13.01352024,80.22654724,62749,62759,10
13.01255035,80.22693634,62759,62769,10
13.01144028,80.22737885,62769,62779,10
13.0102396,80.22788239,62779,62789,10
13.00916004,80.22860718,62789,62799,10
13.00891972,80.2299118,62799,62809,10
13.00870037,80.23100281,62809,62820,11
13.00854969,80.23217773,62820,62830,10
13.00833035,80.23306274,62830,62840,10
13.00813961,80.23381805,62840,62860,20
13.00813961,80.23381805,62860,62870,10
13.00806999,80.23419952,62870,62880,10
13.00800037,80.23499298,62880,62890,10
13.00786018,80.23506927,62890,62900,10
13.0078001,80.23535156,62900,62910,10
13.00771999,80.23609924,62910,62921,11
13.00755978,80.23744202,62921,62931,10
13.00730038,80.23851776,62931,62941,10
13.00706005,80.23967743,62941,62951,10
13.00691032,80.24069214,62951,62971,20
13.00691032,80.24069214,62971,62981,10
13.00673008,80.24101257,62981,62992,11
13.00654984,80.24204254,62992,63003,11
13.00673008,80.24297333,63003,63013,10
13.00667953,80.24334717,63013,63043,30
13.00664043,80.24339294,63043,63185,142
13.00664043,80.24339294,63185,63195,10
13.00689983,80.24958038,63195,63205,10
13.00683975,80.25006866,63205,63215,10
13.00687981,80.25050354,63215,63225,10
13.00687981,80.25051117,63225,63235,10
13.00706005,80.25028229,63235,63246,11
13.00726986,80.24970245,63246,63256,10
13.00695992,80.25074768,63256,63365,109
13.00695992,80.25074768,63365,63375,10
13.00702,80.25810242,63375,63385,10
13.00749969,80.2587204,63385,63395,10
13.00794983,80.25919342,63395,63405,10
13.00798035,80.25885773,63405,63415,10
13.00774002,80.25869751,63415,63425,10
13.00835991,80.25882721,63425,63435,10
13.00926971,80.25878143,63435,63445,10
13.00951004,80.25836945,63445,63466,21
13.00951004,80.25836945,63466,63476,10
13.01416016,80.25939178,63476,63486,10
13.01667023,80.26006317,63486,63496,10
13.01992035,80.26080322,63496,63506,10
13.02332973,80.26152039,63506,63516,10
13.01663017,80.25984955,63516,63526,10
13.01710987,80.26026154,63526,63536,10
13.01793957,80.26071167,63536,63546,10
13.01906013,80.26117706,63546,63587,41
13.01906013,80.26117706,63587,63597,10
13.02077961,80.26275635,63597,63607,10
13.02186966,80.26287079,63607,63637,30
13.02186966,80.26287079,63637,63647,10
13.02266026,80.26373291,63647,63657,10
13.02352047,80.26407623,63657,64301,644
13.02914047,80.26667023,64301,64432,131
13.02914047,80.26667023,64432,64442,10
13.02499008,80.26516724,64442,64452,10
13.02462959,80.26495361,64452,64463,11
13.02394962,80.26441956,64463,64473,10
13.02336025,80.26415253,64473,64483,10
13.02276993,80.26399994,64483,64493,10
13.02219009,80.2634964,64493,64503,10
13.02206993,80.2633667,64503,64512,9
13.0219202,80.26332092,64512,64522,10
13.02180958,80.26309967,64522,64533,11
13.02038956,80.2629776,64533,64543,10
13.01970959,80.26296234,64543,64553,10
13.01910019,80.26291656,64553,64564,11
13.01883984,80.26226044,64564,64574,10
13.01871014,80.2614975,64574,64584,10
13.01821995,80.26098633,64584,64594,10
13.01749039,80.26052094,64594,64604,10
13.01665974,80.26000214,64604,64614,10
13.01603985,80.25968933,64614,64634,20
13.01603985,80.25968933,64634,64644,10
13.0158596,80.25959778,64644,64654,10
13.01517963,80.25939178,64654,64664,10
13.01430988,80.25933838,64664,64675,11
13.01317978,80.25927734,64675,64685,10
13.01212025,80.25927734,64685,64695,10
13.01107979,80.2592392,64695,64705,10
13.01006031,80.25930786,64705,64715,10
13.00981998,80.25927734,64715,64725,10
13.00949955,80.25921631,64725,64735,10
13.00899029,80.25914001,64735,64745,10
13.00862026,80.25920105,64745,64755,10
13.00798035,80.25917816,64755,64765,10
13.00741005,80.2592926,64765,64775,10
13.00716019,80.25875092,64775,64786,11
13.00712013,80.25862122,64786,64796,10
13.00706005,80.25850677,64796,64806,10
13.00644016,80.25752258,64806,64816,10
13.00638962,80.25708771,64816,64826,10
13.00629997,80.2567215,64826,64836,10
13.00646973,80.25579834,64836,64846,10
13.00646019,80.25547791,64846,64856,10
13.00650024,80.25505829,64856,64866,10
13.00648022,80.25418854,64866,64876,10
13.00650024,80.25330353,64876,64897,21
13.00650024,80.25330353,64897,64907,10
13.00648975,80.25305176,64907,64917,10
13.00648975,80.25285339,64917,64927,10
13.00650024,80.25245667,64927,64937,10
13.00650024,80.25209808,64937,64947,10
13.00669003,80.25251007,64947,64957,10
13.00656986,80.25245667,64957,64967,10
13.00662041,80.2519989,64967,64977,10
13.00664997,80.25140381,64977,64988,11
13.0061903,80.25066376,64988,65329,341
13.0061903,80.25066376,65329,65339,10
13.00658035,80.24156189,65339,65349,10
13.00658035,80.24091339,65349,65359,10
13.00660038,80.24073792,65359,65369,10
13.00667953,80.24043274,65369,65379,10
13.00673962,80.24021149,65379,65389,10
13.00669956,80.23989868,65389,65399,10
13.00708008,80.23908997,65399,65409,10
13.00720024,80.23815918,65409,65420,11
13.00751972,80.23686981,65420,65470,50
13.00751972,80.23686981,65470,65480,10
13.00747967,80.23713684,65480,65490,10
13.00745964,80.2370224,65490,65500,10
13.00743961,80.23696136,65500,65510,10
13.00745964,80.2366333,65510,65520,10
13.00755978,80.23626709,65520,65530,10
13.00763988,80.23583221,65530,65540,10
13.00776005,80.23522186,65540,65561,21
13.00776005,80.23522186,65561,65571,10
13.00782967,80.23487854,65571,65581,10
13.00796986,80.23415375,65581,65591,10
13.00819016,80.233078,65591,65601,10
13.00833988,80.23187256,65601,65611,10
13.00844002,80.23062134,65611,65621,10
13.00895023,80.22956085,65621,65631,10
13.0096302,80.2283783,65631,65672,41
13.0096302,80.2283783,65672,65682,10
13.01126957,80.2233963,65682,65692,10
13.01156998,80.22260284,65692,65702,10
13.01187038,80.22168732,65702,65793,91
13.01187038,80.22168732,65793,65803,10
13.01578045,80.22528076,65803,65813,10
13.01653957,80.2253418,65813,65823,10
13.01741982,80.22501373,65823,65833,10
13.01922989,80.22425079,65833,65853,20
13.01922989,80.22425079,65853,65863,10
13.01992035,80.2246933,65863,65873,10
13.02035046,80.22503662,65873,65884,11
13.02083969,80.22595978,65884,65894,10
13.02128983,80.22699738,65894,65904,10
13.02200031,80.22618866,65904,65930,26
13.02202034,80.2261734,65930,66185,255
13.02202034,80.2261734,66185,66195,10
13.02674007,80.23123932,66195,66206,11
13.02686024,80.23117065,66206,66236,30
13.02686024,80.23117065,66236,66246,10
13.02725029,80.23103333,66246,66358,112
13.02725029,80.23103333,66358,66368,10
13.02785969,80.23101044,66368,66398,30
13.02785969,80.23101044,66398,66408,10
13.02808952,80.23105621,66408,66419,11
13.02822971,80.23101807,66419,66429,10
13.02838993,80.23098755,66429,66439,10
13.02865028,80.23094177,66439,66509,70
13.02865028,80.23094177,66509,66519,10
13.02906036,80.23088837,66519,66530,11
13.02937984,80.23082733,66530,66540,10
13.02970028,80.23078156,66540,66550,10
13.02985954,80.23081207,66550,66562,12
13.02995968,80.23078918,66562,66572,10
13.03017998,80.23075104,66572,66581,9
13.03040028,80.23074341,66581,66602,21
13.03040028,80.23074341,66602,66612,10
13.03071976,80.2307663,66612,66622,10
13.03112984,80.2307663,66622,66632,10
13.03168011,80.23071289,66632,66643,11
13.03229046,80.2306366,66643,66653,10
13.03291988,80.2305603,66653,66663,10
13.03345966,80.23052216,66663,66673,10
13.0340004,80.23046875,66673,66723,50
13.03417969,80.23047638,66723,66784,61
13.03417969,80.23047638,66784,66794,10
13.03439999,80.23047638,66794,66804,10
13.03442001,80.23047638,66804,66814,10
13.03487968,80.2302475,66814,66834,20
13.03487968,80.2302475,66834,66844,10
13.03477001,80.23007965,66844,66855,11
13.0343399,80.23011017,66855,66905,50
13.03417969,80.23020935,66905,66925,20
13.03417969,80.23020935,66925,66935,10
13.03405952,80.23043823,66935,66945,10
13.03390026,80.23040771,66945,66955,10
13.0335598,80.2303772,66955,66966,11
13.03332996,80.23040771,66966,66976,10
13.03271008,80.23049164,66976,66986,10
13.03188038,80.23071289,66986,66996,10
13.03139973,80.23082733,66996,67006,10
13.03116035,80.23087311,67006,67016,10
13.03083992,80.23098755,67016,67077,61
13.03083992,80.23098755,67077,67093,16
13.03083992,80.23078156,67093,67115,22
13.03071976,80.23078918,67115,67135,20
13.03071976,80.23078918,67135,67145,10
13.03054047,80.2307663,67145,67155,10
13.03001976,80.23082733,67155,67166,11
13.02993011,80.23027802,67166,67176,10
13.03007984,80.2297287,67176,67187,11
13.02845001,80.23097229,67187,67247,60
13.02845001,80.23097229,67247,67257,10
13.02723026,80.23290253,67257,67267,10
13.02694988,80.23294067,67267,67277,10
13.02725983,80.23288727,67277,67298,21
13.02713966,80.23285675,67298,67570,272
13.02713966,80.23285675,67570,67580,10
13.01834965,80.22471619,67580,67591,11
13.01803017,80.22477722,67591,67651,60
13.01420021,80.22625732,67651,67671,20
13.01420021,80.22625732,67671,67681,10
13.01253986,80.22688293,67681,67691,10
13.01167011,80.22725677,67691,67701,10
13.01054001,80.22782135,67701,67711,10
13.00951004,80.22812653,67711,67722,11
13.00899029,80.22915649,67722,67732,10
13.00874043,80.23052216,67732,67742,10
13.00846958,80.23191833,67742,67752,10
13.00825024,80.23343658,67752,67782,30
13.00825024,80.23343658,67782,67792,10
13.00821972,80.23352814,67792,67802,10
13.00798035,80.2338028,67802,67813,11
13.00790024,80.23474121,67813,67823,10
13.00774002,80.23503876,67823,67863,40
13.00774002,80.23503876,67863,67873,10
13.00716972,80.23858643,67873,67883,10
13.00704002,80.23934937,67883,67903,20
13.00704002,80.23937988,67903,67924,21
13.00712013,80.23956299,67924,68226,302
13.00712013,80.23956299,68226,68236,10
13.00681019,80.2503891,68236,68246,10
13.00681973,80.25128174,68246,68307,61
13.00681973,80.25128174,68307,68317,10
13.00685024,80.2515564,68317,68327,10
13.00671005,80.25184631,68327,68337,10
13.00656033,80.25261688,68337,68347,10
13.0065403,80.25321198,68347,68357,10
13.00652981,80.2539978,68357,68367,10
13.00660992,80.25498962,68367,68378,11
13.00660038,80.25615692,68378,68388,10
13.00658989,80.25752258,68388,68489,101
13.00658989,80.25752258,68489,68499,10
13.00662041,80.25743866,68499,68509,10
13.00691032,80.25795746,68509,68519,10
13.00769997,80.25869751,68519,68539,20
13.00769997,80.25869751,68539,68549,10
13.00774956,80.25875854,68549,68559,10
13.00806999,80.25891113,68559,68569,10
13.00879955,80.25913239,68569,68579,10
13.00949955,80.25911713,68579,68589,10
13.01037979,80.25911713,68589,68600,11
13.01126003,80.25911713,68600,68610,10
13.01239014,80.25914001,68610,68620,10
13.01373959,80.25921631,68620,68630,10
13.01502037,80.25932312,68630,68640,10
13.01632977,80.25945282,68640,68691,51
13.01632977,80.25945282,68691,68701,10
13.01716042,80.26016998,68701,68711,10
13.0178299,80.26074219,68711,68721,10
13.01854992,80.2612381,68721,68731,10
13.01896,80.26154327,68731,68741,10
13.01902962,80.26157379,68741,68751,10
13.01931,80.26184082,68751,68761,10
13.01978016,80.26235199,68761,68771,10
13.02013969,80.26264191,68771,68781,10
13.02029037,80.2627182,68781,68791,10
13.02073956,80.26289368,68791,68801,10
13.02128029,80.26309967,68801,68812,11
13.02188015,80.26334381,68812,68822,10
13.02223015,80.26355743,68822,68832,10
13.0227499,80.26384735,68832,68842,10
13.02299023,80.26399994,68842,68852,10
13.02301025,80.26399994,68852,68862,10
13.02334976,80.26419067,68862,68872,10
13.02390003,80.26448059,68872,68882,10
13.02449989,80.2648468,68882,68892,10
13.02482033,80.26508331,68892,68902,10
13.02499962,80.26522064,68902,68912,10
13.02519989,80.26531219,68912,68923,11
13.02573967,80.26564026,68923,68933,10
13.0260601,80.26584625,68933,68943,10
13.02635956,80.26586151,68943,68953,10
13.02637005,80.26531219,68953,68963,10
13.02641964,80.26470947,68963,68973,10
13.02647972,80.26407623,68973,68983,10
13.02655983,80.26403046,68983,68999,16
13.02661037,80.26348877,68999,69011,12
13.02709961,80.26351929,69011,69019,8
13.02752018,80.26368713,69019,69031,12
13.02810955,80.2638092,69031,69042,11
13.02847004,80.26393127,69042,69052,10
13.02888012,80.2640686,69052,69062,10
13.02925014,80.2641983,69062,69072,10
13.02925968,80.26441956,69072,69082,10
13.02927971,80.2647934,69082,69092,10
13.02927971,80.26519775,69092,69102,10
13.02923965,80.26605988,69102,69122,20
13.02923965,80.26605988,69122,69132,10
13.02917957,80.26631927,69132,69143,11
13.02917957,80.26651764,69143,69153,10
13.02921963,80.26660919,69153,69163,10
13.02956009,80.26667786,69163,69173,10
13.03003025,80.26673889,69173,69193,20
13.03092003,80.26689911,69193,69205,12
13.03116035,80.26699066,69205,69213,8
13.03143024,80.26709747,69213,69235,22
13.03143024,80.26709747,69235,69245,10
13.0317297,80.26718903,69245,69256,11
13.03199005,80.2673111,69256,69276,20
13.03199005,80.2673111,69276,69286,10
13.03223991,80.26743317,69286,69296,10
13.03252029,80.2675705,69296,69306,10
13.03271961,80.26773071,69306,69316,10
13.03293037,80.2678299,69316,69326,10
13.03337002,80.26795959,69326,69346,20
13.03337002,80.26795959,69346,69357,11
13.03349972,80.26793671,69357,69367,10
13.03372955,80.26799774,69367,69377,10
13.03411961,80.26805115,69377,69457,80
13.03448009,80.26805878,69457,69599,142
13.03448009,80.26805878,69599,69609,10
13.03421974,80.2681427,69609,69619,10
13.03404045,80.26805878,69619,69629,10
13.0337801,80.26798248,69629,69639,10
13.03339005,80.26795197,69639,70013,374
13.03339005,80.26795197,70013,70023,10
13.03316021,80.26776123,70023,70033,10
13.03293991,80.26770782,70033,70043,10
13.03264046,80.26766968,70043,70073,30
13.03264046,80.26766968,70073,70083,10
13.03201962,80.26730347,70083,70093,10
13.03160954,80.26714325,70093,70103,10
13.03116989,80.266922,70103,70113,10
13.03071976,80.26673889,70113,70124,11
13.02976036,80.26660919,70124,70154,30
13.02976036,80.26660919,70154,70164,10
13.02947998,80.26663971,70164,70174,10
13.02923012,80.2665863,70174,70184,10
13.02906036,80.2665329,70184,70194,10
13.02859974,80.26638031,70194,70204,10
13.02820015,80.26629639,70204,70214,10
13.02779961,80.26625061,70214,70224,10
13.02729034,80.26618195,70224,70235,11
13.02672005,80.26612091,70235,70245,10
13.02616978,80.26583862,70245,70255,10
13.02571011,80.26560211,70255,70265,10
13.02470016,80.26470184,70265,70382,117
13.02470016,80.26470184,70382,70394,12
13.0217104,80.26358032,70394,70402,8
13.02130032,80.26328278,70402,70414,12
13.01912975,80.26399231,70414,70616,202
13.01912975,80.26399231,70616,70626,10
13.01004028,80.25936127,70626,70636,10
13.0092802,80.2592926,70636,70646,10
13.00895977,80.25924683,70646,70657,11
13.00848007,80.25926208,70657,70828,171
13.00848007,80.25926208,70828,70838,10
13.00537968,80.25652313,70838,70848,10
13.00644016,80.25679779,70848,70858,10
13.00648022,80.25589752,70858,70868,10
13.0065403,80.25509644,70868,70878,10
13.00648022,80.25428772,70878,70909,31
13.00648022,80.25428772,70909,70919,10
13.00646973,80.25390625,70919,70929,10
13.00648022,80.25372314,70929,70939,10
13.00648975,80.25331116,70939,70967,28
13.00648975,80.25331116,70967,70975,8
13.00648975,80.2532196,70975,70987,12
13.00652027,80.25253296,70987,71048,61
13.00652027,80.25253296,71048,71058,10
13.0065403,80.25222778,71058,71068,10
13.00669956,80.25148773,71068,71078,10
13.00671959,80.25064087,71078,71088,10
13.00669003,80.25002289,71088,71099,11
13.00669956,80.24974823,71099,71109,10
13.00673962,80.24967957,71109,71119,10
13.00666046,80.24886322,71119,71169,50
13.00666046,80.24886322,71169,71179,10
13.00667953,80.24858093,71179,71189,10
13.00664043,80.24833679,71189,71199,10
13.00660992,80.24812317,71199,71210,11
13.00660038,80.24784088,71210,71240,30
13.00671005,80.247612,71240,71321,81
13.00671005,80.247612,71321,71331,10
13.00664997,80.24732208,71331,71341,10
13.00662041,80.24681854,71341,71351,10
13.00660038,80.2466507,71351,71361,10
13.00660992,80.24658966,71361,71371,10
13.00662041,80.24610138,71371,71381,10
13.00662041,80.24536896,71381,71391,10
13.00660038,80.24501038,71391,71401,10
13.00658035,80.24472809,71401,71411,10
13.00660038,80.24462128,71411,71421,10
13.00660038,80.24429321,71421,71432,11
13.00660992,80.24403381,71432,71442,10
13.00658035,80.24362183,71442,71452,10
13.0065403,80.2430191,71452,71462,10
13.0065403,80.24211884,71462,71472,10
13.00656986,80.24163055,71472,71482,10
13.00658035,80.24156189,71482,71492,10
13.00664043,80.2410965,71492,71502,10
13.00666046,80.24069214,71502,71512,10
13.00664997,80.24067688,71512,71522,10
13.00666046,80.2403183,71522,71532,10
13.00677967,80.23969269,71532,71543,11
13.00702,80.23885345,71543,71553,10
13.00718975,80.23813629,71553,71563,10
13.00734997,80.23750305,71563,71573,10
13.0074501,80.23677826,71573,71593,20
13.0074501,80.23677826,71593,71603,10
13.00755978,80.23641205,71603,71613,10
13.00772953,80.23562622,71613,71623,10
13.00782967,80.23522949,71623,71633,10
13.00788021,80.23509216,71633,71644,11
13.00800037,80.23435974,71644,71654,10
13.00821018,80.23329926,71654,71664,10
13.00844955,80.23200226,71664,71674,10
13.00866032,80.23066711,71674,71684,10
13.00891972,80.22857666,71684,71741,57
13.00891972,80.22857666,71741,71753,12
13.01105976,80.22353363,71753,71763,10
13.01161957,80.22206116,71763,71773,10
13.01177979,80.22158051,71773,71783,10
13.01229954,80.22170258,71783,71792,9
13.01270962,80.22218323,71792,71804,12
13.01350021,80.22276306,71804,71824,20
13.01350021,80.22276306,71824,71834,10
13.01486015,80.22450256,71834,71844,10
13.0152998,80.22499847,71844,71865,21
13.01535988,80.22515869,71865,71946,81
13.01535988,80.22515869,71946,71955,9
13.01957989,80.22437286,71955,71965,10
13.01982975,80.2248764,71965,71976,11
13.02068996,80.22535706,71976,71986,10
13.02126026,80.22586823,71986,71996,10
13.02182961,80.22621155,71996,72006,10
13.02200985,80.22625732,72006,72016,10
13.02198029,80.22614288,72016,72026,10
13.02208996,80.22634888,72026,72036,10
13.02256966,80.22679901,72036,72046,10
13.0232296,80.22741699,72046,72056,10
13.0237999,80.22798157,72056,72066,10
13.02431011,80.2285614,72066,72093,27
13.02431011,80.2285614,72093,72105,12
13.02455997,80.22875214,72105,72115,10
13.02476025,80.22918701,72115,72125,10
13.02528954,80.2299118,72125,72135,10
13.02577972,80.23075867,72135,72145,10
13.02600002,80.23121643,72145,72155,10
13.02602959,80.23132324,72155,72165,10
13.02600002,80.23117065,72165,72175,10
13.02639961,80.23132324,72175,72185,10
13.02717972,80.23113251,72185,72196,11
13.02783966,80.23104095,72196,72205,9
13.02844048,80.23097229,72205,72216,11
13.0284996,80.23091125,72216,72225,9
13.02857018,80.23082733,72225,72236,11
13.02937031,80.2308197,72236,72317,81
13.02937031,80.2308197,72317,72327,10
13.02943993,80.23082733,72327,72337,10
13.02980042,80.23081207,72337,72347,10
13.03001022,80.23081207,72347,72357,10
13.03001976,80.23081207,72357,72367,10
13.03022957,80.2307663,72367,72377,10
13.03044987,80.2307663,72377,72397,20
13.03044987,80.2307663,72397,72408,11
13.03055954,80.2307663,72408,72418,10
13.03104019,80.23075104,72418,72428,10
13.03186035,80.23069763,72428,72438,10
13.03264999,80.2306366,72438,72448,10
13.03318977,80.23059082,72448,72478,30
13.03318977,80.23059082,72478,72488,10
13.03343964,80.2305603,72488,72498,10
13.03367996,80.23053741,72498,72508,10
13.03396034,80.23052979,72508,72519,11
13.0345602,80.23043823,72519,72529,10
13.03483963,80.23029327,72529,72539,10
13.03477955,80.23011017,72539,72668,129
13.03441048,80.23011017,72668,73354,686
13.0343399,80.23026276,73354,73385,31
13.03425026,80.2301178,73385,73657,272
13.03425026,80.2301178,73657,73667,10
13.03417015,80.23040009,73667,73687,20
13.03417015,80.23040009,73687,73697,10
13.0340004,80.23059845,73697,73707,10
13.03386021,80.2305603,73707,73718,11
13.0335598,80.23039246,73718,73768,50
13.0335598,80.23039246,73768,73784,16
13.03172016,80.23075104,73784,73796,12
13.03096962,80.23079681,73796,73804,8
13.03065968,80.23079681,73804,73816,12
13.03009033,80.23085785,73816,73837,21
13.03009033,80.23085785,73837,73847,10
13.02968025,80.23092651,73847,73856,9
13.02945995,80.23075867,73856,73887,31
13.02945995,80.23075867,73887,73897,10
13.02758026,80.23119354,73897,73907,10
13.02762032,80.23161316,73907,73917,10
13.02764988,80.23195648,73917,73928,11
13.02773952,80.23240662,73928,73939,11
13.02781963,80.23278046,73939,73949,10
13.02762032,80.23291779,73949,73959,10
13.0274601,80.2329483,73959,73969,10
13.02686977,80.23304749,73969,74019,50
13.02686977,80.23304749,74019,74029,10
13.02647972,80.23306274,74029,74040,11
13.02645016,80.233078,74040,74050,10
13.02618027,80.23220825,74050,74060,10
13.02591991,80.23136902,74060,74070,10
13.02571011,80.23058319,74070,74080,10
13.02490044,80.22952271,74080,74090,10
13.02458954,80.22918701,74090,74100,10
13.02466011,80.22924042,74100,74110,10
13.02462959,80.22915649,74110,74120,10
13.02435017,80.22882843,74120,74130,10
13.0240097,80.22841644,74130,74141,11
13.02396011,80.22836304,74141,74151,10
13.02381992,80.22815704,74151,74161,10
13.02355003,80.22786713,74161,74170,9
13.02315044,80.22747803,74170,74181,11
13.02256966,80.22691345,74181,74191,10
13.02198029,80.22640228,74191,74201,10
13.02145004,80.22596741,74201,74211,10
13.02091026,80.22551727,74211,74221,10
13.02027035,80.22509766,74221,74231,10
13.01992989,80.22486115,74231,74241,10
13.01990032,80.22483826,74241,74251,10
13.01984024,80.22477722,74251,74262,11
13.01920033,80.22450256,74262,74272,10
13.01821995,80.22473907,74272,74282,10
13.01718044,80.22518921,74282,74292,10
13.01632023,80.22554016,74292,74302,10
13.01548958,80.22582245,74302,74312,10
13.01473999,80.22615814,74312,74322,10
13.01426983,80.22631836,74322,74332,10
13.01424026,80.22633362,74332,74342,10
13.01418972,80.22635651,74342,74352,10
13.0139904,80.22644043,74352,74362,10
13.01327038,80.22673035,74362,74379,17
13.01226997,80.22725677,74379,74391,12
13.01196003,80.22746277,74391,74401,10
13.01051998,80.22781372,74401,74410,9
13.00965977,80.2281723,74410,74421,11
13.00901031,80.22852325,74421,74431,10
13.00887966,80.22989655,74431,74441,10
13.00866985,80.2309494,74441,74452,11
13.0087204,80.23204041,74452,74461,9
13.00860977,80.23275757,74461,74471,10
13.00823021,80.23358154,74471,74480,9
13.00821972,80.23362732,74480,74492,12
13.00817966,80.23375702,74492,74502,10
13.00811958,80.23391724,74502,74512,10
13.00800991,80.23471832,74512,74522,10
13.00782967,80.23544312,74522,74532,10
13.00769997,80.23621368,74532,74542,10
13.00722027,80.23806763,74542,74572,30
13.00722027,80.23806763,74572,74583,11
13.00704002,80.23970795,74583,74593,10
13.00697994,80.24014282,74593,74603,10
13.00695038,80.24019623,74603,74633,30
13.00695038,80.24019623,74633,74643,10
13.00697994,80.24012756,74643,74653,10
13.00695992,80.24031067,74653,74663,10
13.00693989,80.24041748,74663,74673,10
13.00687981,80.24082184,74673,74683,10
13.00681019,80.24092102,74683,74694,11
13.00675964,80.24111938,74694,74704,10
13.00625038,80.241539,74704,74714,10
13.00660038,80.24259186,74714,74724,10
13.00650024,80.24356079,74724,74744,20
13.00650024,80.24356079,74744,74754,10
13.00656986,80.24546051,74754,74764,10
13.00664997,80.246521,74764,74774,10
13.00667953,80.24742126,74774,74784,10
13.00666046,80.24826813,74784,74794,10
13.00673962,80.2492218,74794,74805,11
13.00675011,80.24974823,74805,74825,20
13.00675011,80.24974823,74825,74835,10
13.00677967,80.25018311,74835,74845,10
13.00679016,80.25087738,74845,74861,16
13.00664997,80.25222015,74861,74873,12
13.00650024,80.25328827,74873,74881,8
13.00648022,80.2539978,74881,74893,12
13.00650978,80.25498199,74893,74903,10
13.00652027,80.25585938,74903,74914,11
13.00656986,80.25684357,74914,74924,10
13.00667953,80.25758362,74924,74934,10
13.00702,80.25839996,74934,74944,10
13.00734043,80.2591629,74944,74954,10
13.00765991,80.25871277,74954,74964,10
13.00763035,80.25858307,74964,74974,10
13.00788021,80.25884247,74974,74984,10
13.0081501,80.25907135,74984,74994,10
13.00819969,80.25911713,74994,75004,10
13.01021004,80.25895691,75004,75014,10
13.01142979,80.2591095,75014,75025,11
13.01274014,80.25914764,75025,75035,10
13.01397991,80.25906372,75035,75044,9
13.01484966,80.2589798,75044,75055,11
13.01677036,80.25964355,75055,75135,80
13.01992035,80.2624588,75135,75207,72
13.02280045,80.26384735,75207,75227,20
13.02280045,80.26384735,75227,75237,10
13.02420998,80.26448822,75237,75247,10
13.02455044,80.26483917,75247,75257,10
13.02451038,80.26473999,75257,75277,20
13.02451038,80.26473999,75277,75287,10
13.02632046,80.26564789,75287,75297,10
13.02620029,80.26513672,75297,75337,40
13.02620029,80.26513672,75337,75348,11
13.02661991,80.26326752,75348,75358,10
13.02709961,80.2635498,75358,75368,10
13.02785015,80.26361084,75368,75981,613
13.02785015,80.26361084,75981,75991,10
13.03341961,80.26789856,75991,76526,535
13.03349018,80.26777649,76526,76960,434
13.03349018,80.26777649,76960,76970,10
13.0330801,80.26782227,76970,76981,11
13.03267002,80.26772308,76981,76991,10
13.03246975,80.26759338,76991,77001,10
13.0322504,80.26747131,77001,77011,10
13.03190041,80.26728058,77011,77021,10
13.03153992,80.26708221,77021,77031,10
13.03104019,80.26698303,77031,77041,10
13.03048992,80.26687622,77041,77051,10
13.0297699,80.26670074,77051,77071,20
13.0297699,80.26670074,77071,77081,10
13.02952003,80.2666626,77081,77092,11
13.02927017,80.26661682,77092,77102,10
13.02910042,80.26650238,77102,77112,10
13.02880001,80.26641083,77112,77122,10
13.02873993,80.2664032,77122,77132,10
13.02857018,80.26635742,77132,77148,16
13.02816963,80.2663269,77148,77160,12
13.0276804,80.26625824,77160,77168,8
13.02719975,80.26618195,77168,77179,11
13.02674007,80.26609802,77179,77190,11
13.0262804,80.26602936,77190,77201,11
13.02589989,80.26580048,77201,77212,11
13.02546024,80.26555634,77212,77222,10
13.02521038,80.26541901,77222,77232,10
13.02511024,80.26535797,77232,77242,10
13.02480984,80.26513672,77242,77252,10
13.02433968,80.26477051,77252,77262,10
13.02371025,80.26435852,77262,77272,10
13.02315044,80.26393127,77272,77282,10
13.02252007,80.26361084,77282,77292,10
13.0223999,80.26357269,77292,77302,10
13.02212048,80.26344299,77302,77313,11
13.02210999,80.26342773,77313,77323,10
13.02198029,80.2633667,77323,77333,10
13.02175045,80.26320648,77333,77343,10
13.02108955,80.26304626,77343,77353,10
13.02029037,80.26303101,77353,77363,10
13.01968002,80.26300812,77363,77373,10
13.01902008,80.26293182,77373,77383,10
13.01887035,80.26246643,77383,77393,10
13.01879025,80.26174927,77393,77403,10
13.01860046,80.26136017,77403,77414,11
13.01795959,80.26091003,77414,77424,10
13.01718044,80.26039886,77424,77434,10
13.01624966,80.25982666,77434,77444,10
13.01498032,80.25906372,77444,77706,262
13.01498032,80.25906372,77706,77716,10
13.00644016,80.2571106,77716,77726,10
13.00636005,80.25659943,77726,77736,10
13.00638962,80.25572968,77736,77747,11
13.00640965,80.25498962,77747,77757,10
13.00640011,80.25443268,77757,77767,10
13.00636005,80.25383759,77767,77777,10
13.00636959,80.25327301,77777,77787,10
13.00638962,80.25328064,77787,77797,10
13.00644016,80.2532196,77797,77807,10
13.00644016,80.25296783,77807,77817,10
13.00642967,80.25296783,77817,77827,10
13.00646019,80.25256348,77827,77837,10
13.00646973,80.25216675,77837,77888,51
13.0065403,80.25205231,77888,77928,40
13.0065403,80.25205231,77928,77938,10
13.00648975,80.25190735,77938,77948,10
13.00658035,80.25141144,77948,77959,11
13.00669956,80.2503891,77959,77969,10
13.00669003,80.24945831,77969,77979,10
13.00664043,80.24861908,77979,77989,10
13.00658035,80.24804688,77989,77999,10
13.00656986,80.24794769,77999,78009,10
13.00656033,80.247612,78009,78019,10
13.00658035,80.24698639,78019,78029,10
13.0065403,80.24659729,78029,78039,10
13.00656033,80.24662018,78039,78049,10
13.00667,80.24626923,78049,78059,10
13.00666046,80.24542236,78059,78070,11
13.00662041,80.24446106,78070,78080,10
13.00656986,80.2437973,78080,78090,10
13.00652981,80.24295044,78090,78100,10
13.00650978,80.24199677,78100,78109,9
13.00652027,80.24156189,78109,78119,10
13.0065403,80.24121857,78119,78130,11
13.00662041,80.2405014,78130,78181,51
13.00662041,80.2405014,78181,78191,10
13.00669956,80.24015808,78191,78201,10
13.00675964,80.23963165,78201,78211,10
13.00702,80.23867035,78211,78221,10
13.00728035,80.23764801,78221,78231,10
13.00734997,80.2370224,78231,78241,10
13.00743961,80.23668671,78241,78251,10
13.00747013,80.23655701,78251,78261,10
13.00759029,80.23603821,78261,78271,10
13.00776005,80.23518372,78271,78281,10
13.00800037,80.23409271,78281,78292,11
13.00829029,80.23258972,78292,78302,10
13.00858021,80.23108673,78302,78312,10
13.00887966,80.22950745,78312,78322,10
13.00914955,80.22815704,78322,78332,10
13.00965977,80.22704315,78332,78342,10
13.01025963,80.22592163,78342,78352,10
13.01144028,80.22395325,78352,78382,30
13.01144028,80.22395325,78382,78393,11
13.01218033,80.22147369,78393,78403,10
13.01233959,80.2219162,78403,78413,10
13.01243019,80.22241974,78413,78423,10
13.01418018,80.22383118,78423,78453,30
13.0157299,80.2250824,78453,78484,31
13.0157299,80.2250824,78484,78493,9
13.01741982,80.22485352,78493,78504,11
13.01858997,80.22447968,78504,78514,10
13.02001953,80.22398376,78514,78744,230
13.03050995,80.23065948,78744,78774,30
13.03050995,80.23065948,78774,78784,10
13.03186989,80.23062897,78784,78794,10
13.03240967,80.23053741,78794,78804,10
13.03324986,80.23059082,78804,78814,10
13.03392982,80.23043823,78814,78824,10
13.03439045,80.23058319,78824,78835,11
13.03431988,80.23049927,78835,78855,20
13.03431988,80.23049927,78855,78865,10
13.03462029,80.23040009,78865,78875,10
13.0350399,80.23017883,78875,78885,10
13.0350399,80.23000336,78885,78895,10
13.03495979,80.22987366,78895,78905,10
13.03468037,80.22982788,78905,78915,10
13.0343399,80.2297821,78915,78925,10
13.03421974,80.2299118,78925,78936,11
13.03415966,80.23023224,78936,80056,1120
13.03415966,80.23023224,80056,80066,10
13.0340004,80.23047638,80066,80076,10
13.0337801,80.23047638,80076,80086,10
13.03351974,80.23049164,80086,80096,10
13.03328037,80.23049164,80096,80106,10
13.03306961,80.23047638,80106,80116,10
13.03277016,80.2305069,80116,80126,10
13.03234959,80.2305603,80126,80137,11
13.03182983,80.23061371,80137,80147,10
13.03125,80.23068237,80147,80157,10
13.03022957,80.23101807,80157,80167,10
13.02867031,80.23165894,80167,80228,61
13.02867031,80.23165894,80228,80236,8
13.02762032,80.23104858,80236,80248,12
13.02737999,80.23155975,80248,80258,10
13.02791977,80.2322998,80258,80268,10
13.02783012,80.23271942,80268,80278,10
13.02754021,80.23303223,80278,80288,10
13.02715015,80.23312378,80288,80298,10
13.02694988,80.23313904,80298,80318,20
13.02707005,80.23326111,80318,80409,91
13.02707005,80.23326111,80409,80419,10
13.02515984,80.2297821,80419,80429,10
13.02472019,80.22924805,80429,80439,10
13.02462959,80.22910309,80439,80449,10
13.02449989,80.22891998,80449,80459,10
13.02398014,80.22830963,80459,80480,21
13.02398014,80.22830963,80480,80490,10
13.02377033,80.2280426,80490,80499,9
13.0235796,80.22782898,80499,80510,11
13.02336979,80.22756958,80510,80520,10
13.02282047,80.22705841,80520,80530,10
13.02225018,80.2265625,80530,80540,10
13.02167988,80.22608948,80540,80550,10
13.02110004,80.22563934,80550,80560,10
13.02060986,80.22528839,80560,80571,11
13.02017021,80.22498322,80571,80581,10
13.01970005,80.22466278,80581,80591,10
13.01895046,80.22447968,80591,80601,10
13.01809025,80.22476196,80601,80611,10
13.01718044,80.22512054,80611,80621,10
13.01653957,80.22540283,80621,80637,16
13.01591969,80.22561646,80637,80649,12
13.01513958,80.22589874,80649,80657,8
13.01449013,80.22614288,80657,80669,12
13.01420021,80.22625732,80669,80679,10
13.01397991,80.22631836,80679,80690,11
13.01329994,80.22660828,80690,80700,10
13.01245022,80.22693634,80700,80709,9
13.01154041,80.22730255,80709,80720,11
13.01035023,80.2277832,80720,80730,10
13.0093298,80.22821808,80730,80740,10
13.00893974,80.22910309,80740,80750,10
13.00870991,80.23034668,80750,80760,10
13.00846004,80.23171234,80760,80770,10
13.00823021,80.23304749,80770,80780,10
13.00815964,80.2335968,80780,80791,11
13.00809002,80.23381805,80791,80801,10
13.00794029,80.23449707,80801,80811,10
13.00778008,80.23535156,80811,80821,10
13.0075798,80.23636627,80821,80831,10
13.00734043,80.23760223,80831,80841,10
13.00710964,80.23879242,80841,80851,10
13.00689983,80.23977661,80851,80861,10
13.00683022,80.24046326,80861,80871,10
13.00675964,80.24079895,80871,80881,10
13.00671005,80.24104309,80881,80891,10
13.00664997,80.24178314,80891,80902,11
13.00664043,80.24284363,80902,80912,10
13.00660038,80.24382019,80912,80922,10
13.00658989,80.24497223,80922,80932,10
13.00662041,80.24610138,80932,80942,10
13.00667953,80.24697113,80942,80952,10
13.00667953,80.24743652,80952,80962,10
13.00669956,80.24823761,80962,80972,10
13.00679016,80.24923706,80972,80982,10
13.00693989,80.24987793,80982,80992,10
13.00677967,80.24964142,80992,81002,10
13.00677013,80.24994659,81002,81013,11
13.00675964,80.25071716,81013,81023,10
13.00671005,80.25150299,81023,81033,10
13.00650024,80.25244904,81033,81043,10
13.00646019,80.25337982,81043,81053,10
13.0064497,80.25428772,81053,81063,10
13.00656986,80.25489807,81063,81073,10
13.00656986,80.25623322,81073,81083,10
13.00671005,80.25759125,81083,81093,10
13.00765991,80.25868225,81093,81114,21
13.00765991,80.25868225,81114,81124,10
13.0076704,80.25863647,81124,81134,10
13.00800991,80.25879669,81134,81144,10
13.00868034,80.25901794,81144,81154,10
13.00961018,80.25906372,81154,81164,10
13.01086044,80.25908661,81164,81174,10
13.01202011,80.25907135,81174,81184,10
13.01331043,80.25911713,81184,81194,10
13.0145998,80.25917053,81194,81204,10
13.0156002,80.25927734,81204,81214,10
13.01634026,80.2596283,81214,81225,11
13.0164299,80.25971222,81225,81235,10
13.01679993,80.25998688,81235,81245,10
13.0174799,80.2604599,81245,81255,10
13.01832962,80.26101685,81255,81265,10
13.01914978,80.26171875,81265,81275,10
13.01988029,80.26239014,81275,81285,10
13.02015018,80.26264954,81285,81295,10
13.02035999,80.26274109,81295,81305,10
13.02099991,80.26287079,81305,81315,10
13.02182961,80.26322174,81315,81325,10
13.02221966,80.2634201,81325,81336,11
13.02283955,80.26378632,81336,81346,10
13.02301979,80.2639389,81346,81356,10
13.02348995,80.26428986,81356,81366,10
13.02425957,80.26452637,81366,81376,10
13.02493,80.26508331,81376,81386,10
13.02550983,80.26551819,81386,81396,10
13.0261898,80.26584625,81396,81406,10
13.02630997,80.26551819,81406,81416,10
13.02635956,80.26496124,81416,81426,10
13.02628994,80.26490021,81426,81436,10
13.02639961,80.26448822,81436,81446,10
13.02651024,80.26387787,81446,81457,11
13.02668953,80.2633667,81457,81628,171
13.02668953,80.2633667,81628,81638,10
13.03318024,80.26677704,81638,81648,10
13.03320026,80.26763916,81648,81659,11
13.03349972,80.26777649,81659,81669,10
13.03341961,80.26779938,81669,81679,10
13.03345013,80.26773071,81679,81689,10
13.03392029,80.26795197,81689,81699,10
13.03413963,80.268013,81699,81709,10
13.03454971,80.268013,81709,81719,10
13.03472042,80.26804352,81719,81749,30
13.03472042,80.26804352,81749,81760,11
13.03347015,80.26872253,81760,81770,10
13.03326035,80.26779938,81770,81780,10
13.03273964,80.26770782,81780,81790,10
13.03244972,80.26750183,81790,81800,10
13.03219986,80.26737213,81800,81810,10
13.03170967,80.26714325,81810,81820,10
13.03106022,80.26689911,81820,81830,10
13.03034019,80.26673889,81830,81840,10
13.02972984,80.26663971,81840,81850,10
13.02921963,80.26651764,81850,81860,10
13.02882957,80.26638794,81860,81870,10
13.02834988,80.26631165,81870,81881,11
13.02773952,80.2661972,81881,81891,10
13.02717972,80.2661438,81891,81901,10
13.02686977,80.26609039,81901,81910,9
13.02665997,80.26605988,81910,81921,11
13.02639961,80.26602173,81921,81931,10
13.02618027,80.26602173,81931,81941,10
13.0260601,80.26615143,81941,81951,10
13.02612019,80.26638031,81951,82335,384
13.02632046,80.26641846,82335,82375,40
13.02632046,80.26641846,82375,82385,10
13.02626991,80.26643372,82385,82426,41
13.02630043,80.26634979,82426,82506,80
13.02630043,80.26634979,82506,82516,10
13.02645969,80.2661972,82516,82537,21
13.02630043,80.26629639,82537,82769,232
13.02630043,80.26629639,82769,82779,10
13.02600002,80.26634979,82779,82789,10
13.02583981,80.2665863,82789,82799,10
13.02569962,80.26676941,82799,82809,10
13.02562046,80.26689148,82809,82819,10
13.02534008,80.26730347,82819,83485,666
13.02534008,80.26730347,83485,83495,10
13.02517986,80.26747131,83495,83506,11
13.02499008,80.2677536,83506,83516,10
13.02497959,80.26792908,83516,83546,30
13.02497959,80.26792908,83546,83556,10
13.02509975,80.26770782,83556,83566,10
13.02523041,80.26746368,83566,83576,10
13.02528,80.26738739,83576,83586,10
13.02554035,80.26703644,83586,83596,10
13.02569962,80.2667923,83596,83606,10
13.02608013,80.26638794,83606,83627,21
13.02608013,80.26638794,83627,83637,10
13.02622032,80.2664032,83637,83647,10
13.02651024,80.26637268,83647,84727,1080
13.02657032,80.26615143,84727,84777,50
13.02657032,80.26615143,84777,84787,10
13.02651024,80.2662735,84787,84797,10
13.02649975,80.2662735,84797,84807,10
13.02628994,80.2663269,84807,84818,11
13.02612019,80.2663269,84818,84828,10
13.02604961,80.26621246,84828,84838,10
13.02616024,80.26605225,84838,84848,10
13.02618027,80.26600647,84848,84858,10
13.02632046,80.26567078,84858,84868,10
13.02635956,80.26535797,84868,84877,9
13.02637959,80.26500702,84877,84888,11
13.0264101,80.26464844,84888,84898,10
13.02647018,80.26428223,84898,84909,11
13.02674961,80.26355743,84909,84999,90
13.02674961,80.26355743,84999,85009,10
13.02925014,80.26564026,85009,85019,10
13.0291996,80.26599121,85019,85029,10
13.02915955,80.2664032,85029,85040,11
13.02892017,80.26635742,85040,85050,10
13.02844048,80.2662735,85050,85066,16
13.02768993,80.26615143,85066,85078,12
13.02705956,80.26609039,85078,85086,8
13.02665997,80.26605225,85086,85118,32
13.02665997,80.26605225,85118,85129,11
13.02641964,80.2660675,85129,85138,9
13.02626038,80.26612854,85138,85149,11
13.02653027,80.26605988,85149,85159,10
13.02649975,80.26602173,85159,85179,20
13.02651978,80.26605225,85179,85472,293
13.02651978,80.26605225,85472,85482,10
