13.05053043,80.20645905,18,3399,3381
13.05047989,80.20633698,3399,5003,1604
13.05058002,80.2064209,5003,20256,15253
13.05058002,80.2064209,20256,20266,10
13.05051994,80.20665741,20266,20286,20
13.05047035,80.20680237,20286,20306,20
13.05047035,80.20680237,20306,20316,10
13.05021954,80.20680237,20316,20326,10
13.04990005,80.20678711,20326,20336,10
13.04967976,80.20681,20336,20357,21
13.04967976,80.20681,20357,20366,9
13.0493803,80.2068634,20366,20377,11
13.04924965,80.20690918,20377,20387,10
13.04911995,80.2070694,20387,20397,10
13.0490799,80.20729828,20397,20407,10
13.0490799,80.20760345,20407,20417,10
13.04924011,80.20803833,20417,20427,10
13.04942036,80.20877838,20427,20437,10
13.04946995,80.20939636,20437,20447,10
13.04959965,80.21013641,20447,20457,10
13.04967976,80.21085358,20457,20467,10
13.04988003,80.21169281,20467,20518,51
13.04988003,80.21169281,20518,20528,10
13.05014038,80.21195221,20528,20538,10
13.05068016,80.21196747,20538,20548,10
13.05154037,80.21199799,20548,20558,10
13.05243969,80.21190643,20558,20568,10
13.05362034,80.21163177,20568,20578,10
13.05471039,80.21141815,20578,20589,11
13.05593014,80.21143341,20589,20599,10
13.05708027,80.21144867,20599,20609,10
13.05825996,80.21144867,20609,20619,10
13.0594101,80.2115097,20619,20629,10
13.06056976,80.21157074,20629,20639,10
13.0616703,80.21160126,20639,20649,10
13.06258011,80.21160126,20649,20659,10
13.06369972,80.21153259,20659,20669,10
13.06482029,80.21124268,20669,20679,10
13.06575966,80.21057892,20679,20690,11
13.06672001,80.20976257,20690,20700,10
13.06737041,80.20879364,20700,20710,10
13.06793976,80.20787048,20710,20720,10
13.06844997,80.20704651,20720,20730,10
13.06875992,80.20668793,20730,20740,10
13.06912041,80.2061615,20740,20750,10
13.06935978,80.20578766,20750,20760,10
13.06945038,80.2056427,20760,20770,10
13.06964016,80.20533752,20770,20790,20
13.06964016,80.20533752,20790,20801,11
13.06968021,80.20516205,20801,20821,20
13.06968021,80.20516205,20821,20831,10
13.0697298,80.20501709,20831,20841,10
13.06960011,80.20485687,20841,20851,10
13.06929016,80.20490265,20851,20861,10
13.06902027,80.20529175,20861,20871,10
13.06863976,80.20527649,20871,20881,10
13.06809998,80.20526886,20881,21315,434
13.06809998,80.20526886,21315,21325,10
13.06809998,80.20500183,21325,21335,10
13.06822014,80.20500183,21335,21345,10
13.06855965,80.20488739,21345,21356,11
13.06896019,80.20477295,21356,21366,10
13.06916046,80.20472717,21366,21376,10
13.06925011,80.20475006,21376,21386,10
13.06947994,80.20478821,21386,21396,10
13.06958008,80.20480347,21396,21406,10
13.06980038,80.20491028,21406,21416,10
13.06978989,80.20526886,21416,21426,10
13.06945038,80.20580292,21426,21436,10
13.06898975,80.20651245,21436,21446,10
13.06842995,80.20741272,21446,21456,10
13.06781006,80.20838928,21456,21466,10
13.06717968,80.2093811,21466,21477,11
13.06630993,80.21029663,21477,21487,10
13.06540966,80.21102142,21487,21497,10
13.06443024,80.21154022,21497,21507,10
13.0633297,80.21172333,21507,21517,10
13.06231976,80.21173096,21517,21527,10
13.0612402,80.21169281,21527,21537,10
13.06004047,80.21164703,21537,21547,10
13.05889034,80.21160126,21547,21557,10
13.05797005,80.21157074,21557,21567,10
13.05745983,80.21161652,21567,21578,11
13.05716991,80.2116394,21578,21588,10
13.05659962,80.2116394,21588,21598,10
13.05582047,80.21161652,21598,21608,10
13.05486012,80.21160126,21608,21618,10
13.05385971,80.21172333,21618,21628,10
13.05282021,80.21195984,21628,21638,10
13.05189991,80.21219635,21638,21648,10
13.05109978,80.21217346,21648,21658,10
13.05031967,80.21219635,21658,21668,10
13.04967976,80.21221924,21668,21678,10
13.04965019,80.21222687,21678,21689,11
13.04928017,80.21219635,21689,21699,10
13.04874992,80.21221161,21699,21709,10
13.04819965,80.21222687,21709,21719,10
13.04743958,80.2122879,21719,21729,10
13.04650021,80.21230316,21729,21739,10
13.04555035,80.21231842,21739,21749,10
13.04483986,80.21238708,21749,21759,10
13.04432964,80.21240234,21759,21769,10
13.04407024,80.21238708,21769,21779,10
13.04345989,80.21237946,21779,21789,10
13.04267979,80.21237946,21789,21800,11
13.04162025,80.21237183,21800,21816,16
13.03979015,80.21237946,21816,21828,12
13.03841972,80.21234894,21828,21838,10
13.03754044,80.21234894,21838,21848,10
13.03730965,80.21231079,21848,21858,10
13.03686047,80.2122879,21858,21868,10
13.03608036,80.2122879,21868,21878,10
13.03526974,80.21227264,21878,21888,10
13.03450012,80.21217346,21888,21898,10
13.03421021,80.21212006,21898,21909,11
13.03411961,80.21208191,21909,21919,10
13.03376961,80.21204376,21919,21929,10
13.03314972,80.21190643,21929,21939,10
13.03234959,80.21180725,21939,21949,10
13.03190041,80.2115097,21949,21959,10
13.03199959,80.2108078,21959,21969,10
13.03211975,80.20995331,21969,21979,10
13.03197956,80.20967102,21979,21989,10
13.03157997,80.20957947,21989,21999,10
13.03092003,80.20935822,21999,22009,10
13.03032017,80.20919037,22009,22020,11
13.02991962,80.20906067,22020,22030,10
13.0295496,80.20893097,22030,22040,10
13.02943039,80.20890808,22040,22050,10
13.02894974,80.20881653,22050,22060,10
13.02818012,80.20857239,22060,22076,16
13.02690029,80.20783997,22076,22088,12
13.02571011,80.20716095,22088,22096,8
13.0248003,80.2069931,22096,22108,12
13.02355003,80.20665741,22108,22118,10
13.02245045,80.20645142,22118,22129,11
13.02118015,80.20641327,22129,22139,10
13.02009964,80.2064209,22139,22149,10
13.01910019,80.20632172,22149,22159,10
13.01902962,80.20630646,22159,22169,10
13.0187397,80.20622253,22169,22179,10
13.01811981,80.20603943,22179,22188,9
13.01749992,80.20580292,22188,22198,10
13.01665974,80.205513,22198,22209,11
13.01548004,80.2050705,22209,22218,9
13.01457977,80.20467377,22218,22230,12
13.01369953,80.20439911,22230,22240,10
13.0135498,80.20471954,22240,22250,10
13.01336956,80.20526123,22250,22260,10
13.01315022,80.20606232,22260,22270,10
13.01303959,80.20709991,22270,22280,10
13.01290989,80.20800781,22280,22290,10
13.01292038,80.20857239,22290,22300,10
13.01299953,80.20908356,22300,22310,10
13.01325989,80.20974731,22310,22320,10
13.01317024,80.21047974,22320,22330,10
13.01286983,80.2113266,22330,22340,10
13.01229954,80.21224213,22340,22351,11
13.01185989,80.21276855,22351,22361,10
13.01154995,80.2126236,22361,22371,10
13.01105976,80.21221924,22371,22381,10
13.01043987,80.21176147,22381,22397,16
13.00955963,80.21112061,22397,22409,12
13.00951958,80.2110672,22409,22419,10
13.00938034,80.21105957,22419,22429,10
13.00926018,80.21121216,22429,22439,10
13.00903988,80.21153259,22439,22449,10
13.0092001,80.21209717,22449,22460,11
13.00944996,80.21289063,22460,22470,10
13.00971985,80.21360779,22470,22480,10
13.01000977,80.21430206,22480,22490,10
13.01019001,80.21510315,22490,22500,10
13.01043987,80.2161026,22500,22510,10
13.01093006,80.2171936,22510,22520,10
13.01142025,80.21842194,22520,22530,10
13.01187992,80.21974182,22530,22540,10
13.01226997,80.22097778,22540,22550,10
13.01259041,80.22180939,22550,22561,11
13.01317978,80.22254181,22561,22571,10
13.01373005,80.22316742,22571,22581,10
13.01418972,80.22370911,22581,22591,10
13.0145998,80.22431183,22591,22601,10
13.01523018,80.2249527,22601,22611,10
13.01541996,80.22547913,22611,22621,10
13.01513958,80.22583008,22621,22631,10
13.01449966,80.22611237,22631,22641,10
13.01371002,80.2264328,22641,22651,10
13.01274014,80.2268219,22651,22661,10
13.01167965,80.22724915,22661,22671,10
13.01060963,80.22767639,22671,22682,11
13.0096302,80.22783661,22682,22692,10
13.00971985,80.22714996,22692,22702,10
13.0101099,80.22625732,22702,22712,10
13.01058006,80.22521973,22712,22722,10
13.01097965,80.22418976,22722,22732,10
13.01130009,80.22331238,22732,22742,10
13.01086044,80.22296143,22742,22752,10
13.01012993,80.22260284,22752,22762,10
13.00930977,80.22212219,22762,22772,10
13.00835037,80.22160339,22772,22782,10
13.00734043,80.22106934,22782,22793,11
13.00617981,80.22057343,22793,22803,10
13.0050602,80.22032166,22803,22813,10
13.00397015,80.22006989,22813,22823,10
13.00286961,80.21977997,22823,22833,10
13.00197983,80.21903229,22833,22849,16
13.00049973,80.21788788,22849,22862,13
12.99919987,80.21708679,22862,22872,10
12.99812031,80.2166214,22872,22882,10
12.99750996,80.21652222,22882,22892,10
12.99732971,80.21649933,22892,22903,11
12.99685001,80.21652222,22903,22913,10
12.99617958,80.21662903,22913,22923,10
12.99532986,80.21690369,22923,22932,9
12.99458027,80.2173996,22932,22943,11
12.99388981,80.21791077,22943,22953,10
12.99322987,80.21835327,22953,22962,9
12.99258995,80.21884918,22962,22974,12
12.99158955,80.21954346,22974,22984,10
12.99092007,80.21936798,22984,22994,10
12.9900198,80.21904755,22994,23005,11
12.98882008,80.21862793,23005,23015,10
12.98770046,80.2183609,23015,23025,10
12.9865799,80.21813965,23025,23035,10
12.9854002,80.21791077,23035,23045,10
12.98431015,80.2179184,23045,23055,10
12.98402023,80.21794128,23055,23065,10
12.98365021,80.21794128,23065,23075,10
12.98297024,80.21793365,23075,23085,10
12.98206997,80.21793365,23085,23095,10
12.98103046,80.21813202,23095,23105,10
12.98011971,80.21845245,23105,23116,11
12.97941017,80.21875763,23116,23126,10
12.97867966,80.21904755,23126,23136,10
12.97784996,80.21939087,23136,23146,10
12.97686005,80.21980286,23146,23156,10
12.97585964,80.22023773,23156,23166,10
12.97546959,80.22070313,23166,23176,10
12.97570992,80.22094727,23176,23186,10
12.97634029,80.22177887,23186,23202,16
12.97634029,80.22177887,23202,23214,12
12.9764204,80.22200775,23214,23222,8
12.97653008,80.22219086,23222,23233,11
12.9769001,80.22274017,23233,23245,12
12.97747993,80.22367859,23245,23255,10
12.97799969,80.2244873,23255,23264,9
12.97859955,80.22547913,23264,23275,11
12.97924995,80.22654724,23275,23284,9
12.97976017,80.22738647,23284,23296,12
12.98042011,80.22850037,23296,23306,10
12.98075962,80.22911835,23306,23316,10
12.98093033,80.22936249,23316,23326,10
12.98114967,80.2297287,23326,23336,10
12.98153973,80.23034668,23336,23347,11
12.9819603,80.23123169,23347,23359,12
12.98200989,80.23248291,23359,23369,10
12.98165035,80.23343658,23369,23379,10
12.98124027,80.23442841,23379,23389,10
12.98122978,80.23555756,23389,23399,10
12.98124981,80.23657227,23399,23409,10
12.98126984,80.23729706,23409,23419,10
12.98128033,80.23809814,23419,23429,10
12.98128986,80.2386322,23429,23439,10
12.98130035,80.23866272,23439,23450,11
12.98128986,80.23914337,23450,23460,10
12.98130035,80.23989105,23460,23470,10
12.98130989,80.24085999,23470,23480,10
12.98132038,80.24199677,23480,23490,10
12.98132992,80.24288177,23490,23500,10
12.98134041,80.24292755,23500,23510,10
12.98136044,80.24308014,23510,23520,10
12.98136044,80.24362183,23520,23530,10
12.98124981,80.24446106,23530,23540,10
12.98112011,80.24549866,23540,23550,10
12.98099041,80.24665833,23550,23561,11
12.98087978,80.24794769,23561,23571,10
12.98079967,80.24913025,23571,23581,10
12.98062038,80.25028992,23581,23591,10
12.98011971,80.25219727,23591,23611,20
12.98011971,80.25219727,23611,23621,10
12.98009014,80.25232697,23621,23631,10
12.98033047,80.25257874,23631,23641,10
12.98095989,80.25261688,23641,23651,10
12.98186016,80.25260925,23651,23661,10
12.98283005,80.25257874,23661,23672,11
12.98418999,80.25231934,23672,23681,9
12.98521996,80.25202942,23681,23692,11
12.98631954,80.25177002,23692,23702,10
12.9874897,80.25145721,23702,23712,10
12.98799038,80.25179291,23712,23722,10
12.98806,80.2522583,23722,23732,10
12.98803043,80.25266266,23732,23742,10
12.98795033,80.25350189,23742,23752,10
12.98785973,80.25453186,23752,23762,10
12.98775005,80.25537109,23762,23793,31
12.98775005,80.25537109,23793,23803,10
12.98771,80.25559235,23803,23813,10
12.98764038,80.2559967,23813,23823,10
12.98758984,80.25653839,23823,23833,10
12.98754025,80.2572403,23833,23843,10
12.98746967,80.2580719,23843,23853,10
12.98742008,80.2585907,23853,23863,10
12.98733997,80.25907135,23863,23873,10
12.98721981,80.25956726,23873,23974,101
12.98721981,80.25956726,23974,23984,10
12.98680019,80.25950623,23984,23994,10
12.98682022,80.25920105,23994,24903,909
12.98721981,80.25911713,24903,24923,20
12.98721981,80.25911713,24923,24933,10
12.98738003,80.25901031,24933,24943,10
12.98740005,80.25875092,24943,24953,10
12.98744011,80.25839996,24953,24963,10
12.98750973,80.25785828,24963,24973,10
12.98756981,80.25708771,24973,24983,10
12.98762989,80.25630951,24983,24994,11
12.98768044,80.25563812,24994,25004,10
12.98773956,80.25495911,25004,25014,10
12.9878397,80.25415039,25014,25024,10
12.98791027,80.25325775,25024,25034,10
12.98795986,80.25234222,25034,25044,10
12.98789024,80.25183868,25044,25054,10
12.98787975,80.25180054,25054,25064,10
12.98779011,80.25164795,25064,25074,10
12.98725986,80.25164032,25074,25084,10
12.9864397,80.25180054,25084,25094,10
12.98544025,80.25205231,25094,25105,11
12.9842701,80.25234985,25105,25115,10
12.9832201,80.25257874,25115,25125,10
12.98211956,80.25267029,25125,25135,10
12.98097992,80.25269318,25135,25145,10
12.98001957,80.25270844,25145,25155,10
12.97990036,80.25228882,25155,25185,30
12.97990036,80.25228882,25185,25195,10
12.97999001,80.25222015,25195,25205,10
12.98007011,80.25189972,25205,25216,11
12.98025036,80.25128174,25216,25226,10
12.98046017,80.25052643,25226,25236,10
12.98066044,80.24967957,25236,25246,10
12.98077965,80.24868011,25246,25256,10
12.98085022,80.24765778,25256,25266,10
12.98095036,80.24658966,25266,25276,10
12.98106956,80.24546051,25276,25286,10
12.98120022,80.24437714,25286,25296,10
12.9812603,80.24372101,25296,25306,10
12.98134041,80.24359894,25306,25316,10
12.98136044,80.24337769,25316,25327,11
12.98139,80.24285889,25327,25337,10
12.98139954,80.24281311,25337,25347,10
12.98141003,80.24268341,25347,25357,10
12.98143005,80.24227905,25357,25367,10
12.98143005,80.24178314,25367,25377,10
12.98143005,80.2410965,25377,25387,10
12.98141956,80.2403183,25387,25397,10
12.98139954,80.23947144,25397,25407,10
12.98138046,80.23856354,25407,25417,10
12.98136044,80.23796082,25417,25427,10
12.98136044,80.23795319,25427,25438,11
12.98134041,80.23753357,25438,25448,10
12.98132992,80.23692322,25448,25458,10
12.98132038,80.2361908,25458,25468,10
12.98128033,80.23535919,25468,25478,10
12.98128033,80.23452759,25478,25488,10
12.98149967,80.23375702,25488,25498,10
12.98165989,80.23336792,25498,25508,10
12.98165989,80.23336029,25508,25518,10
12.98169041,80.23329163,25518,25528,10
12.98182011,80.23301697,25528,25538,10
12.9819603,80.23259735,25538,25549,11
12.98200989,80.23222351,25549,25559,10
12.98202038,80.23179626,25559,25569,10
12.98202038,80.23139954,25569,25579,10
12.98188972,80.23097992,25579,25589,10
12.98165989,80.2305603,25589,25599,10
12.98130989,80.22998047,25599,25609,10
12.98097038,80.22939301,25609,25619,10
12.98075008,80.22905731,25619,25629,10
12.98071957,80.22901154,25629,25639,10
12.98058987,80.22878265,25639,25649,10
12.9803896,80.22846985,25649,25660,11
12.98017979,80.22805023,25660,25670,10
12.97982025,80.22744751,25670,25680,10
12.97939968,80.22673798,25680,25690,10
12.97894001,80.22595978,25690,25700,10
12.97846031,80.22512817,25700,25710,10
12.97799969,80.22444916,25710,25720,10
12.97762012,80.22386932,25720,25730,10
12.97721958,80.22322083,25730,25740,10
12.97688007,80.22265625,25740,25750,10
12.97655964,80.22216797,25750,25760,10
12.97614002,80.22158051,25760,25771,11
12.97574043,80.22109985,25771,25781,10
12.97570038,80.22103882,25781,25791,10
12.97562027,80.22093201,25791,25872,81
12.97562027,80.22093201,25872,25882,10
12.97535038,80.22065735,25882,25892,10
12.97552967,80.22048187,25892,25902,10
12.97577,80.22028351,25902,25912,10
12.97630024,80.22001648,25912,25922,10
12.97702026,80.2197113,25922,25932,10
12.97784996,80.21936798,25932,25942,10
12.97858047,80.21910095,25942,25952,10
12.97916985,80.2188797,25952,25962,10
12.97988987,80.21858215,25962,25972,10
12.98064995,80.21827698,25972,25982,10
12.98153973,80.21795654,25982,25993,11
12.98260021,80.21788025,25993,26003,10
12.98355961,80.2178421,26003,26013,10
12.98383999,80.2178421,26013,26023,10
12.9839201,80.21785736,26023,26033,10
12.98427963,80.21787262,26033,26043,10
12.9849596,80.21785736,26043,26053,10
12.98581982,80.21791077,26053,26063,10
12.98733997,80.21823883,26063,26083,20
12.98733997,80.21823883,26083,26093,10
12.98756027,80.21829987,26093,26104,11
12.98826027,80.21843719,26104,26114,10
12.98910046,80.21865845,26114,26124,10
12.99003983,80.21897888,26124,26134,10
12.99110031,80.21930695,26134,26144,10
12.99193954,80.21927643,26144,26154,10
12.9925499,80.21881866,26154,26164,10
12.99351978,80.21806335,26164,26174,10
12.99427986,80.21752167,26174,26184,10
12.99491978,80.21707916,26184,26194,10
12.99561977,80.21671295,26194,26204,10
12.99641991,80.21659851,26204,26215,11
12.99726963,80.21642303,26215,26225,10
12.99744034,80.21620941,26225,26235,10
12.99750996,80.21614838,26235,26245,10
12.99781036,80.21587372,26245,26255,10
12.99825954,80.21543121,26255,26265,10
12.99890041,80.21491241,26265,26275,10
12.99921989,80.21463776,26275,26285,10
12.99967957,80.21427917,26285,26295,10
13.00010967,80.21392059,26295,26305,10
13.00067043,80.21337128,26305,26316,11
13.00142002,80.21282196,26316,26326,10
13.00214958,80.21231842,26326,26336,10
13.00296021,80.21212006,26336,26346,10
13.00360012,80.21195984,26346,26356,10
13.00372028,80.21134186,26356,26366,10
13.00368023,80.21058655,26366,26376,10
13.00358963,80.20986176,26376,26386,10
13.00366974,80.20910645,26386,26396,10
13.00409031,80.20864105,26396,26406,10
13.00494003,80.20903778,26406,26416,10
13.00594997,80.20944977,26416,26426,10
13.00673008,80.20970154,26426,26437,11
13.00726986,80.20980072,26437,26447,10
13.00728035,80.20980072,26447,26457,10
13.00745964,80.20983887,26457,26467,10
13.00782967,80.20992279,26467,26477,10
13.00794029,80.20993805,26477,26487,10
13.00821018,80.20987701,26487,26497,10
13.00809002,80.20934296,26497,26507,10
13.00796032,80.2085495,26507,26517,10
13.00782013,80.20768738,26517,26527,10
13.00765991,80.20674133,26527,26537,10
13.00753975,80.20574188,26537,26548,11
13.00755024,80.20469666,26548,26558,10
13.00751019,80.20385742,26558,26568,10
13.00734997,80.20295715,26568,26578,10
13.00669956,80.20263672,26578,26588,10
13.00673962,80.20329285,26588,26598,10
13.00734997,80.20359039,26598,26608,10
13.00811958,80.2036972,26608,26618,10
13.00918007,80.20365906,26618,26628,10
13.01041985,80.20361328,26628,26638,10
13.01173019,80.20372772,26638,26648,10
13.01299953,80.2039566,26648,26659,11
13.01403046,80.20427704,26659,26669,10
13.01482964,80.2045517,26669,26679,10
13.01502991,80.20459747,26679,26689,10
13.01541042,80.20475006,26689,26699,10
13.01611042,80.20501709,26699,26716,17
13.01708984,80.2052002,26716,26728,12
13.01828003,80.20571899,26728,26736,8
13.01856041,80.20585632,26736,26748,12
13.01869965,80.20594025,26748,26758,10
13.01920033,80.20613861,26758,26769,11
13.02001953,80.2062912,26769,26779,10
13.02099991,80.2062912,26779,26789,10
13.0217104,80.2062912,26789,26799,10
13.02235985,80.20635986,26799,26808,9
13.02309036,80.20648956,26808,26819,11
13.0240202,80.20665741,26819,26829,10
13.02449989,80.20675659,26829,26839,10
13.02493954,80.2068634,26839,26849,10
13.02565002,80.20709229,26849,26859,10
13.02651024,80.20754242,26859,26869,10
13.0274601,80.20812225,26869,26880,11
13.02863979,80.20861053,26880,26890,10
13.0302,80.20897675,26890,26910,20
13.0302,80.20897675,26910,26920,10
13.03048038,80.20903015,26920,26930,10
13.03098965,80.209198,26930,26940,10
13.03160954,80.20937347,26940,26950,10
13.03184986,80.20944977,26950,26960,10
13.03236008,80.20957947,26960,26970,10
13.03308964,80.20976257,26970,26981,11
13.03409958,80.20995331,26981,26991,10
13.03489971,80.21012115,26991,27001,10
13.03499031,80.2105484,27001,27011,10
13.03501034,80.21118164,27011,27021,10
13.03499031,80.21130371,27021,27031,10
13.03493977,80.2116394,27031,27041,10
13.03507042,80.21217346,27041,27051,10
13.03577995,80.21222687,27051,27061,10
13.03666019,80.21227264,27061,27071,10
13.03728008,80.21227264,27071,27081,10
13.03765965,80.21225739,27081,27091,10
13.03833008,80.21225739,27091,27102,11
13.03931046,80.21222687,27102,27112,10
13.04036045,80.21222687,27112,27122,10
13.04152012,80.21221924,27122,27132,10
13.04265976,80.21224976,27132,27142,10
13.04384041,80.21221924,27142,27152,10
13.04487991,80.21219635,27152,27162,10
13.04588032,80.21217346,27162,27178,16
13.04716015,80.21217346,27178,27190,12
13.04798985,80.21208191,27190,27198,8
13.04829979,80.21206665,27198,27209,11
13.04854012,80.21202087,27209,27220,11
13.04862022,80.21201324,27220,27232,12
13.04899979,80.21193695,27232,27242,10
13.04979992,80.21192169,27242,27272,30
13.04979992,80.21192169,27272,27282,10
13.04994965,80.21195984,27282,27292,10
13.05027962,80.21199799,27292,27302,10
13.05093956,80.2120285,27302,27312,10
13.05175972,80.21199036,27312,27323,11
13.05311966,80.21170044,27323,27333,10
13.05424976,80.21143341,27333,27343,10
13.05508041,80.21138763,27343,27353,10
13.05607986,80.21140289,27353,27363,10
13.05723,80.21140289,27363,27373,10
13.05774975,80.21141815,27373,27383,10
13.05803013,80.21143341,27383,27393,10
13.05867004,80.21143341,27393,27403,10
13.05955029,80.21150208,27403,27413,10
13.06062031,80.21154022,27413,27423,10
13.06177998,80.21157837,27423,27434,11
13.06299973,80.21151733,27434,27444,10
13.06346035,80.21147919,27444,27454,10
13.06379032,80.21147919,27454,27464,10
13.06441975,80.21138,27464,27474,10
13.06523037,80.21095276,27474,27484,10
13.06608009,80.21027374,27484,27494,10
13.06678009,80.20966339,27494,27504,10
13.06737995,80.20870209,27504,27514,10
13.06742001,80.20861816,27514,27524,10
13.06754017,80.20841217,27524,27534,10
13.06785011,80.207901,27534,27545,11
13.06832027,80.20717621,27545,27555,10
13.06886005,80.20639801,27555,27565,10
13.06935978,80.20568085,27565,27575,10
13.06958008,80.20532227,27575,27585,10
13.0697403,80.20497894,27585,27595,10
13.06941986,80.2048111,27595,27605,10
13.06908035,80.2052002,27605,27615,10
13.06879044,80.20529938,27615,27625,10
13.06844044,80.20516205,27625,27827,202
13.06807995,80.20516205,27827,28342,515
13.06807995,80.20516205,28342,28352,10
13.06809044,80.20516205,28352,28362,10
13.06803989,80.20503235,28362,28372,10
13.06820011,80.20497131,28372,28382,10
13.06832027,80.20496368,28382,28392,10
13.06857967,80.20487213,28392,28402,10
13.06877041,80.2048111,28402,28412,10
13.06884003,80.20480347,28412,28421,9
13.06916046,80.20474243,28421,28433,12
13.06968021,80.20481873,28433,28443,10
13.06991005,80.20510101,28443,28453,10
13.06962013,80.20558929,28453,28463,10
13.06919003,80.20626068,28463,28473,10
13.06867027,80.20706177,28473,28483,10
13.06812,80.20796204,28483,28493,10
13.0676899,80.20861816,28493,28503,10
13.06735992,80.20921326,28503,28513,10
13.06694031,80.20982361,28513,28523,10
13.0661602,80.21050262,28523,28533,10
13.06509972,80.21130371,28533,28554,21
13.06509972,80.21130371,28554,28564,10
13.06462002,80.21150208,28564,28574,10
13.06387997,80.21169281,28574,28624,50
13.06387997,80.21169281,28624,28634,10
13.06361008,80.21170044,28634,28644,10
13.06303024,80.21173096,28644,28655,11
13.06229973,80.21177673,28655,28665,10
13.06134033,80.21170807,28665,28675,10
13.0601902,80.21164703,28675,28685,10
13.05914021,80.21157837,28685,28695,10
13.05809021,80.21157074,28695,28705,10
13.0576601,80.21157837,28705,28715,10
13.05762005,80.21157074,28715,28725,10
13.05729961,80.21160889,28725,28741,16
13.05628967,80.21161652,28741,28753,12
13.05539036,80.21154022,28753,28764,11
13.05461979,80.21154022,28764,28774,10
13.05370045,80.21170807,28774,28784,10
13.05282021,80.21195984,28784,28794,10
13.05206013,80.21214294,28794,28802,8
13.05146027,80.2121582,28802,28814,12
13.05080032,80.2122879,28814,28824,10
13.05025959,80.21221924,28824,28854,30
13.05025959,80.21221924,28854,28865,11
13.04981041,80.21219635,28865,28885,20
13.04981041,80.21219635,28885,28895,10
13.04969025,80.21205902,28895,28905,10
13.04932976,80.21209717,28905,28915,10
13.04874992,80.21214294,28915,28925,10
13.04798985,80.21222687,28925,28935,10
13.04705048,80.21225739,28935,28945,10
13.04596043,80.21230316,28945,28955,10
13.04535007,80.21234894,28955,28965,10
13.04510021,80.21238708,28965,28986,21
13.04510021,80.21238708,28986,28996,10
13.04504967,80.21240997,28996,29006,10
13.04461956,80.21240234,29006,29016,10
13.04397964,80.21234894,29016,29026,10
13.04314995,80.21234131,29026,29036,10
13.04228973,80.21230316,29036,29046,10
13.04141998,80.21235657,29046,29056,10
13.04043961,80.21231079,29056,29066,10
13.03954029,80.21234131,29066,29076,10
13.03866005,80.21243286,29076,29086,10
13.03806973,80.21243286,29086,29097,11
13.03806019,80.21243286,29097,29107,10
13.03796005,80.21240234,29107,29123,16
13.03717041,80.21238708,29123,29136,13
13.03625011,80.21234131,29136,29146,10
13.0356102,80.21234894,29146,29156,10
13.03549957,80.21234131,29156,29165,9
13.03538036,80.21234131,29165,29176,11
13.03493977,80.21230316,29176,29186,10
13.03454018,80.21221161,29186,29196,10
13.03415012,80.21212769,29196,29207,11
13.03407955,80.21212769,29207,29217,10
13.03374958,80.21205902,29217,29227,10
13.03316975,80.21192169,29227,29237,10
13.03244019,80.21180725,29237,29247,10
13.03201008,80.21144104,29247,29257,10
13.03207016,80.21074677,29257,29267,10
13.03213978,80.21006012,29267,29277,10
13.03201008,80.20960999,29277,29287,10
13.03141022,80.20944214,29287,29297,10
13.03034019,80.20922852,29297,29328,31
13.03034019,80.20922852,29328,29338,10
13.02956009,80.20896149,29338,29358,20
13.02956009,80.20896149,29358,29368,10
13.02945995,80.20884705,29368,29378,10
13.02904034,80.20874023,29378,29388,10
13.02830982,80.20855713,29388,29398,10
13.02760983,80.2082901,29398,29408,10
13.02690029,80.20787811,29408,29419,11
13.02600956,80.20733643,29419,29429,10
13.0250597,80.20702362,29429,29439,10
13.02408028,80.20683289,29439,29449,10
13.02303982,80.20662689,29449,29459,10
13.0219202,80.20648956,29459,29469,10
13.02081966,80.20645142,29469,29479,10
13.01970959,80.2064209,29479,29489,10
13.01912975,80.20632935,29489,29499,10
13.01910973,80.20632172,29499,29509,10
13.01887989,80.20623016,29509,29519,10
13.01840019,80.20604706,29519,29530,11
13.01774025,80.20581055,29530,29540,10
13.01723957,80.20565796,29540,29550,10
13.01696014,80.20568085,29550,29560,10
13.01609993,80.20526886,29560,29570,10
13.01531029,80.2049408,29570,29580,10
13.01436996,80.20458984,29580,29591,11
13.01371956,80.20437622,29591,29601,10
13.01362991,80.20443726,29601,29611,10
13.01360035,80.20458221,29611,29621,10
13.01350021,80.20491028,29621,29631,10
13.01333046,80.20546722,29631,29642,11
13.01309967,80.20617676,29642,29652,10
13.01303959,80.2067337,29652,29662,10
13.01296997,80.20739746,29662,29672,10
13.01288986,80.2078476,29672,29682,10
13.01286983,80.20836639,29682,29692,10
13.01290035,80.20874786,29692,29702,10
13.01294994,80.2090683,29702,29712,10
13.01299953,80.20922089,29712,29722,10
13.01319981,80.20964813,29722,29732,10
13.01319981,80.21019745,29732,29742,10
13.01307011,80.21083832,29742,29752,10
13.01278019,80.21147919,29752,29763,11
13.01231956,80.21221924,29763,29779,16
13.01194,80.21270752,29779,29791,12
13.01169968,80.21273804,29791,29801,10
13.01142025,80.21253967,29801,29811,10
13.01095963,80.21218872,29811,29821,10
13.01078033,80.21204376,29821,29830,9
13.01060963,80.21192169,29830,29841,11
13.01021957,80.21160126,29841,29851,10
13.0099802,80.21141052,29851,29861,10
13.0097599,80.21128082,29861,29892,31
13.0097599,80.21128082,29892,29902,10
13.00965023,80.21118164,29902,29912,10
13.00948048,80.21105957,29912,29922,10
13.00932026,80.21109009,29922,29932,10
13.00920963,80.21128845,29932,29942,10
13.00905991,80.21154022,29942,29952,10
13.00916004,80.21195984,29952,29962,10
13.00936985,80.21260834,29962,29972,10
13.00961971,80.21331024,29972,29983,11
13.00992012,80.21408844,29983,29993,10
13.01016045,80.21479797,29993,30003,10
13.01027966,80.21562195,30003,30013,10
13.01060009,80.21646118,30013,30023,10
13.01099968,80.21730042,30023,30033,10
13.01146984,80.21842194,30033,30043,10
13.01185989,80.21949005,30043,30053,10
13.01220989,80.22058105,30053,30062,9
13.01255989,80.22145081,30062,30072,10
13.01282978,80.22203064,30072,30083,11
13.01344013,80.22254944,30083,30094,11
13.01393032,80.22319031,30094,30104,10
13.01439953,80.22380066,30104,30114,10
13.01488018,80.22447205,30114,30123,9
13.01539993,80.22509003,30123,30134,11
13.01539993,80.22557831,30134,30144,10
13.0151701,80.2258606,30144,30154,10
13.01463032,80.22608185,30154,30164,10
13.01383972,80.22637177,30164,30174,10
13.01290035,80.22672272,30174,30184,10
13.01183033,80.22714996,30184,30194,10
13.01076984,80.2276001,30194,30205,11
13.00977039,80.22792053,30205,30215,10
13.00959969,80.22743988,30215,30225,10
13.00988007,80.22679138,30225,30235,10
13.01021957,80.22601318,30235,30245,10
13.01064968,80.22503662,30245,30255,10
13.01109028,80.22402954,30255,30265,10
13.01134014,80.22322845,30265,30275,10
13.01074028,80.2228775,30275,30285,10
13.01004028,80.22250366,30285,30295,10
13.00922012,80.22206879,30295,30305,10
13.0082798,80.22155762,30305,30316,11
13.00716972,80.22097778,30316,30353,37
13.00352001,80.2199707,30353,30366,13
13.00247955,80.21948242,30366,30376,10
13.00175953,80.21875763,30376,30386,10
13.00127029,80.2183609,30386,30396,10
13.00080967,80.21806335,30396,30406,10
13.00012016,80.21761322,30406,30415,9
12.99946022,80.21720886,30415,30427,12
12.99841976,80.21666718,30427,30437,10
12.99757957,80.21649933,30437,30456,19
12.99757957,80.21649933,30456,30467,11
12.99754047,80.21647644,30467,30477,10
12.99666977,80.21653748,30477,30487,10
12.99666977,80.21653748,30487,30497,10
12.99606037,80.21666718,30497,30507,10
12.99534035,80.21690369,30507,30517,10
12.99475002,80.21727753,30517,30527,10
12.99419022,80.21768188,30527,30538,11
12.99353027,80.21814728,30538,30548,10
12.99285984,80.21862793,30548,30560,12
12.99195957,80.21929932,30560,30569,9
12.99145985,80.2195816,30569,30580,11
12.99081993,80.21930695,30580,30590,10
12.98999977,80.21903229,30590,30600,10
12.9890604,80.21868896,30600,30609,9
12.98818016,80.21842194,30609,30619,10
12.98690987,80.21823883,30619,30651,32
12.98690987,80.21823883,30651,30661,10
12.98666954,80.2181778,30661,30671,10
12.98616028,80.21804047,30671,30681,10
12.98532963,80.21791077,30681,30691,10
12.98443985,80.2179184,30691,30701,10
12.98388958,80.21794128,30701,30711,10
12.9837904,80.2179184,30711,30721,10
12.9833498,80.2179184,30721,30731,10
12.9826498,80.2179184,30731,30741,10
12.98200989,80.21793365,30741,30751,10
12.98124981,80.21807098,30751,30762,11
12.98034,80.21838379,30762,30772,10
12.97972965,80.21864319,30772,30782,10
12.97902966,80.21893311,30782,30792,10
12.97824955,80.21922302,30792,30802,10
12.97733974,80.21961975,30802,30812,10
12.97632027,80.22006226,30812,30822,10
12.97568035,80.22036743,30822,30852,30
12.97566032,80.22023773,30852,30873,21
12.97566032,80.22023773,30873,30883,10
12.97562981,80.22020721,30883,30893,10
12.97550011,80.22048187,30893,30903,10
12.97564983,80.22090912,30903,30913,10
12.97622967,80.22158051,30913,30943,30
12.97622967,80.22158051,30943,30953,10
12.97638035,80.2218399,30953,30963,10
12.97657013,80.22223663,30963,30974,11
12.97698021,80.22284698,30974,30984,10
12.97743034,80.22354889,30984,30994,10
12.97791958,80.22432709,30994,31004,10
12.97842979,80.22518921,31004,31014,10
12.97896957,80.2260437,31014,31024,10
12.97947979,80.22689819,31024,31034,10
12.97999954,80.22773743,31034,31044,10
12.98052979,80.2286377,31044,31054,10
12.98095036,80.2293396,31054,31064,10
12.98139954,80.2300415,31064,31074,10
12.98173046,80.23053741,31074,31084,10
12.98174,80.23059082,31084,31095,11
12.98186016,80.23084259,31095,31105,10
12.98200035,80.23129272,31105,31115,10
12.98208046,80.23194122,31115,31125,10
12.98200989,80.23259735,31125,31135,10
12.98174,80.23327637,31135,31145,10
12.98161983,80.23356628,31145,31155,10
12.98159027,80.23361206,31155,31164,9
12.98145008,80.23387909,31164,31174,10
12.98124027,80.23445892,31174,31185,11
12.98120975,80.23535156,31185,31195,10
12.9812603,80.23628235,31195,31206,11
12.98128033,80.23738098,31206,31216,10
12.98132992,80.23872375,31216,31236,20
12.98132992,80.23872375,31236,31246,10
12.98132038,80.23882294,31246,31256,10
12.98132992,80.23924255,31256,31266,10
12.98134995,80.23988342,31266,31276,10
12.98136997,80.24063873,31276,31286,10
12.98138046,80.24147797,31286,31296,10
12.98139954,80.24266815,31296,31317,21
12.98139954,80.24266815,31317,31327,10
12.98138046,80.24278259,31327,31337,10
12.98138046,80.24323273,31337,31347,10
12.98132038,80.24389648,31347,31357,10
12.98122025,80.24475861,31357,31367,10
12.98110008,80.2457428,31367,31377,10
12.98097992,80.24681091,31377,31387,10
12.98089027,80.24794006,31387,31397,10
12.98079014,80.2490921,31397,31407,10
12.98062038,80.25009918,31407,31416,9
12.9803896,80.25100708,31416,31428,12
12.98013973,80.25211334,31428,31458,30
12.98013973,80.25211334,31458,31468,10
12.98009014,80.25229645,31468,31478,10
12.9801302,80.25247955,31478,31488,10
12.98044968,80.25261688,31488,31498,10
12.98103046,80.25260162,31498,31508,10
12.98182964,80.25258636,31508,31518,10
12.98285007,80.25254822,31518,31528,10
12.98396015,80.25234222,31528,31539,11
12.9851799,80.2519989,31539,31549,10
12.98600006,80.25177002,31549,31559,10
12.98620033,80.25173187,31559,31569,10
12.98641968,80.25167847,31569,31579,10
12.98647022,80.25167084,31579,31589,10
12.98680019,80.25158691,31589,31599,10
12.98735046,80.25141907,31599,31609,10
12.98791027,80.25145721,31609,31619,10
12.98795986,80.25177002,31619,31629,10
12.98803997,80.25219727,31629,31640,11
12.98797035,80.25293732,31640,31650,10
12.98787975,80.25372314,31650,31660,10
12.98777962,80.25469971,31660,31670,10
12.98768997,80.25572968,31670,31680,10
12.98762989,80.25634766,31680,31690,10
12.98762035,80.25649261,31690,31700,10
12.9875803,80.25653076,31700,31710,10
12.98754025,80.25688934,31710,31720,10
12.98748016,80.25756073,31720,31730,10
12.98742008,80.25837708,31730,31740,10
12.98725986,80.25933838,31740,31781,41
12.98725986,80.25933838,31781,31791,10
12.98725986,80.2594223,31791,31801,10
12.98723984,80.25948334,31801,31811,10
12.98707962,80.25959015,31811,31821,10
12.98690987,80.25952148,31821,31831,10
12.98668003,80.25950623,31831,31841,10
12.98659992,80.25935364,31841,31851,10
12.98670006,80.25901794,31851,33728,1877
12.98670006,80.25901794,33728,33738,10
12.98703957,80.25913239,33738,33779,41
12.98703957,80.25913239,33779,33789,10
12.98742962,80.25894165,33789,33799,10
12.98742008,80.25881195,33799,33809,10
12.98742008,80.25852966,33809,33819,10
12.98742962,80.25821686,33819,33828,9
12.98746014,80.25776672,33828,33839,11
12.98752975,80.2569809,33839,33849,10
12.98752975,80.25611877,33849,33970,121
12.98752975,80.25611877,33970,33981,11
12.9875803,80.25585938,33981,33991,10
12.98770046,80.25543213,33991,34001,10
12.98771954,80.25486755,34001,34011,10
12.98775005,80.2547226,34011,34021,10
12.98779011,80.25418854,34021,34031,10
12.98781967,80.25341797,34031,34041,10
12.98791027,80.25245667,34041,34051,10
12.98781013,80.25173187,34051,34061,10
12.98768997,80.2516098,34061,34071,10
12.98723984,80.25164032,34071,34081,10
12.98663044,80.25176239,34081,34092,11
12.98573971,80.2519989,34092,34102,10
12.98464012,80.25228119,34102,34112,10
12.98348999,80.25257111,34112,34122,10
12.98239994,80.25270844,34122,34132,10
12.98128986,80.25272369,34132,34142,10
12.98071957,80.25273895,34142,34152,10
12.98052025,80.25273132,34152,34162,10
12.98017979,80.25274658,34162,34172,10
12.98009968,80.25273132,34172,34182,10
12.97990036,80.25272369,34182,34213,31
12.97990036,80.25272369,34213,34223,10
12.97988033,80.25256348,34223,34233,10
12.97992992,80.25228882,34233,34243,10
12.97994041,80.25224304,34243,34253,10
12.97999954,80.25202179,34253,34263,10
12.9801302,80.25154877,34263,34273,10
12.98036003,80.25086212,34273,34283,10
12.98060989,80.24993896,34283,34293,10
12.98075962,80.24880981,34293,34303,10
12.98083973,80.24761963,34303,34313,10
12.98093987,80.24645996,34313,34324,11
12.98110008,80.24513245,34324,34334,10
12.98118973,80.2440567,34334,34344,10
12.9812603,80.24371338,34344,34354,10
12.98136044,80.24347687,34354,34364,10
12.98136997,80.24305725,34364,34374,10
12.98136997,80.24289703,34374,34384,10
12.98139,80.24253845,34384,34394,10
12.98136997,80.24182129,34394,34404,10
12.98136997,80.24092102,34404,34414,10
12.98134995,80.23999786,34414,34424,10
12.98136044,80.23983765,34424,34435,11
12.98134041,80.23947906,34435,34445,10
12.98130035,80.23874664,34445,34455,10
12.98128033,80.23802948,34455,34465,10
12.98128986,80.23790741,34465,34475,10
12.9812603,80.23750305,34475,34485,10
12.98124027,80.23674011,34485,34495,10
12.98120022,80.23576355,34495,34505,10
12.98118973,80.23461151,34505,34515,10
12.98143005,80.23377991,34515,34525,10
12.9815197,80.23358917,34525,34535,10
12.98161983,80.23343658,34535,34551,16
12.98169041,80.23326111,34551,34564,13
12.98192978,80.23269653,34564,34574,10
12.98202038,80.23229218,34574,34584,10
12.98200035,80.23193359,34584,34594,10
12.9819603,80.23148346,34594,34604,10
12.98190022,80.23108673,34604,34614,10
12.98173046,80.23068237,34614,34624,10
12.98141003,80.23008728,34624,34634,10
12.98097038,80.22943115,34634,34644,10
12.98066044,80.22895813,34644,34665,21
12.98066044,80.22895813,34665,34675,10
12.98048973,80.22868347,34675,34685,10
12.98029041,80.22824097,34685,34695,10
12.97994995,80.22766113,34695,34705,10
12.9795599,80.22702789,34705,34715,10
12.9792099,80.22644043,34715,34725,10
12.97881031,80.22579193,34725,34735,10
12.97840023,80.22512054,34735,34745,10
12.9780798,80.22457886,34745,34755,10
12.97782993,80.22422791,34755,34766,11
12.97749996,80.22366333,34766,34776,10
12.97717953,80.2231369,34776,34786,10
12.97706985,80.22290802,34786,34796,10
12.97694016,80.22273254,34796,34806,10
12.9766798,80.22236633,34806,34816,10
12.97630024,80.22180176,34816,34826,10
12.97609997,80.22145844,34826,34836,10
12.97609997,80.22138977,34836,34846,10
12.97593021,80.22122192,34846,34856,10
12.97570038,80.2210083,34856,34866,10
12.97552013,80.22084045,34866,34947,81
12.97552013,80.22084045,34947,34957,10
12.97542953,80.22058105,34957,34967,10
12.97564983,80.22033691,34967,34977,10
12.9762001,80.22009277,34977,34988,11
12.97698975,80.21974945,34988,34998,10
12.9778204,80.21938324,34998,35008,10
12.97856998,80.21909332,35008,35018,10
12.97908974,80.21888733,35018,35028,10
12.9797802,80.21859741,35028,35038,10
12.98044014,80.21832275,35038,35048,10
12.98122978,80.21804047,35048,35058,10
12.98209953,80.21785736,35058,35068,10
12.98303986,80.21782684,35068,35078,10
12.98373985,80.21781158,35078,35088,10
12.98383045,80.21781158,35088,35099,11
12.98400021,80.21781921,35099,35109,10
12.98445034,80.21781921,35109,35119,10
12.98519039,80.21781921,35119,35129,10
12.98610973,80.21794891,35129,35139,10
12.98740005,80.21820068,35139,35169,30
12.98740005,80.21820068,35169,35179,10
12.9875803,80.21826935,35179,35189,10
12.98799992,80.21836853,35189,35199,10
12.98869038,80.21855927,35199,35210,11
12.98962021,80.2188797,35210,35220,10
12.99057007,80.21922302,35220,35230,10
12.99155045,80.21943665,35230,35240,10
12.99230003,80.21897888,35240,35250,10
12.99312973,80.21836853,35250,35260,10
12.99382973,80.21784973,35260,35270,10
12.99442005,80.21746063,35270,35280,10
12.99475956,80.2171936,35280,35290,10
12.99507999,80.21697235,35290,35300,10
12.99561024,80.21672058,35300,35310,10
12.9963398,80.21655273,35310,35321,11
12.99709034,80.21645355,35321,35331,10
12.99738979,80.21614075,35331,35341,10
12.99742031,80.21611786,35341,35351,10
12.99767017,80.21589661,35351,35361,10
12.99806023,80.2155304,35361,35371,10
12.99860954,80.21508026,35371,35381,10
12.99911022,80.21470642,35381,35391,10
12.99940968,80.21440887,35391,35401,10
12.9997797,80.2141037,35401,35411,10
13.00043011,80.21353912,35411,35421,10
13.0009203,80.21309662,35421,35432,11
13.00150967,80.21269989,35432,35442,10
13.00191975,80.21244049,35442,35452,10
13.00201988,80.21237183,35452,35462,10
13.00228024,80.21221924,35462,35472,10
13.0024004,80.21215057,35472,35482,10
13.00280952,80.21206665,35482,35492,10
13.00360012,80.21192169,35492,35512,20
13.00360012,80.21192169,35512,35522,10
13.00366974,80.21157837,35522,35532,10
13.00368977,80.21096039,35532,35543,11
13.00360012,80.2101593,35543,35553,10
13.0035696,80.20941162,35553,35563,10
13.00376987,80.2086792,35563,35573,10
13.00442028,80.20879364,35573,35583,10
13.00541973,80.20924377,35583,35593,10
13.00636959,80.20957947,35593,35603,10
13.00677967,80.20974731,35603,35613,10
13.00712967,80.20980835,35613,35623,10
13.00739956,80.20983887,35623,35633,10
13.00749969,80.20983887,35633,35643,10
13.00780964,80.20990753,35643,35653,10
13.00806046,80.20995331,35653,35664,11
13.00817966,80.20977783,35664,35674,10
13.00806999,80.20922089,35674,35684,10
13.00794983,80.20847321,35684,35694,10
13.00778961,80.20758057,35694,35704,10
13.00763988,80.20661163,35704,35714,10
13.00753021,80.205513,35714,35724,10
13.00753021,80.20449829,35724,35734,10
13.00741005,80.20352173,35734,35744,10
13.00706005,80.20253754,35744,35754,10
13.00652981,80.20305634,35754,35764,10
13.00708961,80.20348358,35764,35775,11
13.00782013,80.20368195,35775,35785,10
13.00866032,80.20365906,35785,35795,10
13.00971985,80.20361328,35795,35811,16
13.01173973,80.20372009,35811,35823,12
13.01315975,80.20400238,35823,35833,10
13.01393986,80.20427704,35833,35843,10
13.01471996,80.20455933,35843,35853,10
13.01498032,80.20462799,35853,35863,10
13.01502037,80.20461273,35863,35873,10
13.01539993,80.20474243,35873,35883,10
13.0159502,80.20500183,35883,35894,11
13.01636982,80.20513916,35894,35903,9
13.01659966,80.20523834,35903,35914,11
13.01706028,80.20536041,35914,35924,10
13.01721001,80.20542908,35924,35934,10
13.0174799,80.20545197,35934,35944,10
13.01776028,80.20558929,35944,35954,10
13.01823997,80.20574951,35954,35964,10
13.01873016,80.20591736,35964,35974,10
13.01883984,80.20599365,35974,35984,10
13.01926041,80.20613098,35984,35995,11
13.01994038,80.20626068,35995,36004,9
13.02079964,80.20628357,36004,36010,6
13.02128983,80.20628357,36010,36014,4
13.02153015,80.20629883,36014,36079,65
13.02532959,80.2069931,36079,36089,10
13.02624035,80.2073822,36089,36098,9
13.02715015,80.20787811,36098,36110,12
13.02832031,80.20848083,36110,36120,10
13.02927017,80.20871735,36120,36130,10
13.03015995,80.20896149,36130,36150,20
13.03015995,80.20896149,36150,36160,10
13.03034973,80.208992,36160,36170,10
13.03079033,80.20915985,36170,36180,10
13.03157997,80.20935822,36180,36200,20
13.03157997,80.20935822,36200,36210,10
13.03194046,80.20948029,36210,36221,11
13.03256035,80.20960236,36221,36231,10
13.03334045,80.20970917,36231,36241,10
13.0342598,80.20987701,36241,36251,10
13.0350399,80.21009064,36251,36261,10
13.03501987,80.21044922,36261,36271,10
13.03501034,80.21109772,36271,36291,20
13.03501034,80.21109772,36291,36301,10
13.03495979,80.21131897,36301,36311,10
13.03491974,80.21173859,36311,36321,10
13.03499985,80.21221161,36321,36332,11
13.03555965,80.21230316,36332,36341,9
13.0362196,80.21228027,36341,36362,21
13.0362196,80.21228027,36362,36372,10
13.03660965,80.21231079,36372,36412,40
13.03660965,80.21231079,36412,36422,10
13.03703022,80.21227264,36422,36432,10
13.03719044,80.21224976,36432,36442,10
13.03761005,80.21225739,36442,36453,11
13.03837967,80.21225739,36453,36463,10
13.03921986,80.21224213,36463,36473,10
13.03993988,80.21234131,36473,36483,10
13.04098034,80.21240234,36483,36493,10
13.04199028,80.21251678,36493,36503,10
13.04405022,80.21230316,36503,36662,159
13.04405022,80.21230316,36662,36673,11
13.04456997,80.21222687,36673,36683,10
13.0451498,80.21231842,36683,36693,10
13.04601955,80.21225739,36693,36703,10
13.0468998,80.21231079,36703,36712,9
13.04773998,80.21225739,36712,36723,11
13.04846954,80.21205902,36723,36733,10
13.04850006,80.21205902,36733,36743,10
13.04874039,80.21199799,36743,36753,10
13.04946041,80.21195984,36753,36773,20
13.04946041,80.21195984,36773,36784,11
13.04959965,80.21195984,36784,36794,10
13.04990959,80.21193695,36794,36804,10
13.05020046,80.21195221,36804,36814,10
13.05068016,80.21204376,36814,36824,10
13.05121994,80.21212006,36824,36834,10
13.05237961,80.21195221,36834,36844,10
13.05338955,80.21170044,36844,36854,10
13.05445957,80.21147156,36854,36864,10
13.05547047,80.21153259,36864,36874,10
13.05665016,80.21151733,36874,36884,10
13.0578804,80.21148682,36884,36895,11
13.05910015,80.21154785,36895,36905,10
13.06027985,80.21157837,36905,36915,10
13.06145954,80.21160126,36915,36925,10
13.06210995,80.21202087,36925,36935,10
13.0629797,80.21177673,36935,36945,10
13.06346035,80.21161652,36945,36955,10
13.06379986,80.21154022,36955,36965,10
13.06439972,80.21141815,36965,36975,10
13.06492996,80.21105957,36975,36985,10
13.06575966,80.2104187,36985,36995,10
13.06661987,80.20973969,36995,37006,11
13.06731033,80.2088623,37006,37016,10
13.06735992,80.20880127,37016,37026,10
13.06746006,80.20864105,37026,37036,10
13.06774044,80.20816803,37036,37046,10
13.06820011,80.20747375,37046,37056,10
13.06875038,80.20662689,37056,37066,10
13.06925964,80.20581818,37066,37076,10
13.06962013,80.20513916,37076,37086,10
13.06947041,80.20480347,37086,37096,10
13.0690403,80.2052002,37096,37137,41
13.0690403,80.2052002,37137,37147,10
13.06875038,80.20523834,37147,37167,20
13.06875038,80.20523834,37167,37177,10
13.06863976,80.20498657,37177,37187,10
13.06828976,80.20500183,37187,37197,10
13.06805992,80.20507813,37197,37762,565
13.06805992,80.20507813,37762,37772,10
13.06814003,80.20494843,37772,37782,10
13.06832027,80.20496368,37782,37793,11
13.06861973,80.20485687,37793,37803,10
13.06898975,80.20475006,37803,37813,10
13.0692997,80.20475006,37813,37823,10
13.06972027,80.20484161,37823,37843,20
13.06972027,80.20484161,37843,37853,10
13.06978989,80.20500183,37853,37863,10
13.06966972,80.20539856,37863,37873,10
13.06933975,80.2059021,37873,37883,10
13.06888962,80.20659637,37883,37893,10
13.06844044,80.20735168,37893,37904,11
13.06779957,80.20835876,37904,37914,10
13.06729984,80.2091217,37914,37924,10
13.06672001,80.20983887,37924,37933,9
13.06601048,80.21045685,37933,37944,11
13.06527996,80.21109772,37944,37964,20
13.06527996,80.21109772,37964,37974,10
13.06507015,80.21121216,37974,37983,9
13.06474972,80.21138763,37983,37993,10
13.06427002,80.21156311,37993,38004,11
13.06365967,80.21166229,38004,38015,11
13.06297016,80.21172333,38015,38025,10
13.06258965,80.21176147,38025,38035,10
13.06206989,80.21173096,38035,38045,10
13.06145954,80.21172333,38045,38055,10
13.06064034,80.21163177,38055,38065,10
13.05970001,80.21166229,38065,38075,10
13.05871964,80.21157837,38075,38085,10
13.0582304,80.21157837,38085,38115,30
13.0582304,80.21157837,38115,38126,11
13.05776978,80.21157074,38126,38136,10
13.05749989,80.21157837,38136,38146,10
13.0571003,80.21160889,38146,38156,10
13.05636024,80.21157074,38156,38166,10
13.05548,80.21154022,38166,38176,10
13.05447006,80.21154022,38176,38186,10
13.05337048,80.21174622,38186,38196,10
13.05235004,80.21204376,38196,38206,10
13.05181026,80.21214294,38206,38216,10
13.05132008,80.21212006,38216,38226,10
13.05060005,80.21230316,38226,38247,21
13.05023956,80.21221161,38247,38287,40
13.05023956,80.21221161,38287,38297,10
13.04992008,80.21214294,38297,38307,10
13.04959011,80.21215057,38307,38338,31
13.04959011,80.21215057,38338,38348,10
13.04913998,80.21214294,38348,38358,10
13.04858971,80.21217346,38358,38367,9
13.04790974,80.21222687,38367,38378,11
13.04693985,80.2122879,38378,38388,10
13.04592037,80.21233368,38388,38398,10
13.04508018,80.21237946,38398,38408,10
13.04448986,80.21240234,38408,38418,10
13.04386044,80.21240997,38418,38428,10
13.04306984,80.21237946,38428,38438,10
13.04226017,80.21235657,38438,38448,10
13.04148006,80.21237946,38448,38459,11
13.04047966,80.21243286,38459,38469,10
13.03952026,80.21240234,38469,38479,10
13.03876019,80.2124176,38479,38489,10
13.03816986,80.21240234,38489,38499,10
13.03808975,80.2124176,38499,38509,10
13.03773975,80.21237946,38509,38519,10
13.03726006,80.21234131,38519,38529,10
13.03668022,80.21231079,38529,38539,10
13.03608036,80.21237183,38539,38549,10
13.03549004,80.21231079,38549,38559,10
13.03489971,80.21225739,38559,38569,10
13.03466034,80.21219635,38569,38580,11
13.03407955,80.21212769,38580,38600,20
13.03407955,80.21212769,38600,38610,10
13.03384972,80.21206665,38610,38620,10
13.03334045,80.21195984,38620,38630,10
13.0326004,80.21183014,38630,38640,10
13.03195953,80.21160889,38640,38650,10
13.03201008,80.21099854,38650,38660,10
13.0320797,80.21025848,38660,38670,10
13.03211975,80.20973206,38670,38680,10
13.03172016,80.20954895,38680,38691,11
13.03075981,80.20932007,38691,38711,20
13.03075981,80.20932007,38711,38721,10
13.03061962,80.20928955,38721,38731,10
13.03024006,80.20919037,38731,38741,10
13.02976036,80.20903778,38741,38761,20
13.02945995,80.20894623,38761,38781,20
13.02945995,80.20894623,38781,38791,10
13.02917957,80.20883942,38791,38802,11
13.02855968,80.20867157,38802,38812,10
13.02783966,80.20842743,38812,38822,10
13.02713966,80.20803833,38822,38832,10
13.02633953,80.20755768,38832,38842,10
13.02544022,80.20710754,38842,38852,10
13.0243597,80.20687866,38852,38862,10
13.02334976,80.20661926,38862,38872,10
13.02256012,80.20654297,38872,38882,10
13.02163982,80.20645905,38882,38892,10
13.02081013,80.20644379,38892,38902,10
13.01984978,80.20642853,38902,38913,11
13.01906967,80.20630646,38913,38923,10
13.01889992,80.20623016,38923,38933,10
13.01850033,80.20610046,38933,38943,10
13.01788044,80.2059021,38943,38953,10
13.01702023,80.20558929,38953,38963,10
13.0160799,80.20526123,38963,38972,9
13.01515961,80.20485687,38972,38983,11
13.01401043,80.20445251,38983,38993,10
13.01352978,80.20471191,38993,39013,20
13.01352978,80.20471191,39013,39024,11
13.01346016,80.20485687,39024,39034,10
13.01334953,80.20527649,39034,39044,10
13.01313972,80.20600891,39044,39054,10
13.01303005,80.20687866,39054,39064,10
13.01290989,80.20757294,39064,39074,10
13.01284027,80.20799255,39074,39084,10
13.01284027,80.20845795,39084,39094,10
13.01288033,80.20881653,39094,39104,10
13.01301956,80.20929718,39104,39114,10
13.01317978,80.20973969,39114,39124,10
13.01311016,80.21027374,39124,39135,11
13.01290989,80.21112061,39135,39145,10
13.01247978,80.21192932,39145,39155,10
13.01196003,80.21266174,39155,39165,10
13.01173019,80.21279907,39165,39181,16
13.01126003,80.21246338,39181,39193,12
13.01064968,80.21202087,39193,39201,8
13.01006985,80.21154022,39201,39264,63
13.01006985,80.21154022,39264,39274,10
13.00996017,80.21141052,39274,39284,10
13.00971985,80.21125793,39284,39324,40
13.00971985,80.21125793,39324,39334,10
13.00936031,80.21099854,39334,39365,31
13.00918007,80.21125793,39365,39405,40
13.00918007,80.21125793,39405,39415,10
13.0089798,80.21160126,39415,39425,10
13.00911999,80.21198273,39425,39435,10
13.00930023,80.2125473,39435,39445,10
13.00951958,80.21315765,39445,39455,10
13.00979042,80.21382141,39455,39465,10
13.01004982,80.21444702,39465,39481,16
13.01019955,80.21552277,39481,39494,13
13.01058006,80.21652222,39494,39504,10
13.01101971,80.21743011,39504,39514,10
13.01140022,80.21843719,39514,39523,9
13.01173019,80.21942902,39523,39534,11
13.01212978,80.22065735,39534,39543,9
13.01231956,80.22119904,39543,39554,11
13.01259995,80.22187805,39554,39564,10
13.0131197,80.22254181,39564,39574,10
13.01369953,80.2231369,39574,39584,10
13.01430988,80.22390747,39584,39595,11
13.01506042,80.22479248,39595,39605,10
13.01543999,80.22524261,39605,39615,10
13.01543999,80.22540283,39615,39625,10
13.01531029,80.22577667,39625,39635,10
13.01484013,80.2259903,39635,39645,10
13.01422977,80.22621918,39645,39655,10
13.01344967,80.22650146,39655,39665,10
13.01257992,80.22685242,39665,39675,10
13.01161003,80.22724152,39675,39685,10
13.01060963,80.22763062,39685,39695,10
13.01000023,80.22789001,39695,39706,11
13.0095396,80.22789001,39706,39716,10
13.00946999,80.22769928,39716,39726,10
13.00957012,80.22740936,39726,39736,10
13.00977993,80.22693634,39736,39746,10
13.01008987,80.22627258,39746,39756,10
13.01035976,80.22566223,39756,39766,10
13.01047039,80.22535706,39766,39776,10
13.01066971,80.22492218,39776,39786,10
13.01086998,80.22441101,39786,39796,10
13.01107025,80.22393799,39796,39806,10
13.01111031,80.22389221,39806,39817,11
13.01123047,80.22357941,39817,39827,10
13.01124001,80.22315979,39827,39837,10
13.01072025,80.22290039,39837,39847,10
13.01006031,80.22255707,39847,39857,10
13.00936031,80.22218323,39857,39867,10
13.00862026,80.22177124,39867,39877,10
13.00782013,80.22135162,39877,39887,10
13.00697041,80.22090149,39887,39897,10
13.00611973,80.22057343,39897,39907,10
13.0051899,80.22036743,39907,39917,10
13.00450039,80.22016907,39917,39928,11
13.00376034,80.22001648,39928,39938,10
13.00304985,80.21985626,39938,39948,10
13.00236034,80.21946716,39948,39958,10
13.00175953,80.21878815,39958,39968,10
13.00039959,80.2178421,39968,39978,10
13.00039959,80.2178421,39978,39988,10
12.99979973,80.21748352,39988,39998,10
12.9991703,80.21711731,39998,40008,10
12.99862957,80.21684265,40008,40018,10
12.99792004,80.21659088,40018,40028,10
12.99740982,80.21653748,40028,40039,11
12.99740982,80.21652985,40039,40052,13
12.99719048,80.21647644,40052,40062,10
12.9967804,80.21650696,40062,40072,10
12.99621964,80.21663666,40072,40082,10
12.99553967,80.21679688,40082,40091,9
12.9949398,80.21711731,40091,40102,11
12.99431038,80.21755219,40102,40112,10
12.99396038,80.21781921,40112,40121,9
12.99363995,80.2180481,40121,40131,10
12.99304008,80.21845245,40131,40142,11
12.99238014,80.21897888,40142,40153,11
12.99162006,80.2195282,40153,40163,10
12.99104977,80.21945953,40163,40173,10
12.99034023,80.21922302,40173,40183,10
12.98945999,80.21891785,40183,40193,10
12.9885397,80.21858978,40193,40203,10
12.98779964,80.21842957,40203,40213,10
12.9868803,80.21826172,40213,40233,20
12.9868803,80.21826172,40233,40243,10
12.98666954,80.21822357,40243,40253,10
12.98618031,80.21807861,40253,40264,11
12.98530006,80.21794128,40264,40274,10
12.9844799,80.21794128,40274,40284,10
12.98396015,80.21795654,40284,40293,9
12.98396015,80.21794891,40293,40304,11
12.98355007,80.21793365,40304,40314,10
12.98291016,80.21793365,40314,40324,10
12.98217964,80.21794128,40324,40334,10
12.98132038,80.21804047,40334,40344,10
12.98050976,80.21833038,40344,40354,10
12.97996998,80.21853638,40354,40364,10
12.97951984,80.21872711,40364,40375,11
12.97887039,80.21894073,40375,40385,10
12.97832966,80.2191391,40385,40395,10
12.9776001,80.21943665,40395,40405,10
12.97673035,80.21985626,40405,40415,10
12.97611046,80.22013855,40415,40425,10
12.97601986,80.2201767,40425,40435,10
12.97577953,80.22026825,40435,40445,10
12.9755497,80.22042847,40445,40455,10
12.97552967,80.22077942,40455,40465,10
12.97593021,80.22119904,40465,40475,10
12.9764204,80.22187805,40475,40506,31
12.9764204,80.22187805,40506,40516,10
12.9764204,80.22200012,40516,40526,10
12.97659969,80.22232056,40526,40536,10
12.9769001,80.2227478,40536,40546,10
12.97727013,80.22338867,40546,40556,10
12.97772026,80.22409821,40556,40566,10
12.97811985,80.22473907,40566,40576,10
12.97850037,80.22534943,40576,40586,10
12.97893047,80.22606659,40586,40596,10
12.97935009,80.22676086,40596,40607,11
12.9797802,80.22746277,40607,40617,10
12.98007011,80.22792816,40617,40627,10
12.98046017,80.22857666,40627,40637,10
12.98085976,80.22924042,40637,40647,10
12.9812603,80.22984314,40647,40657,10
12.98163986,80.23042297,40657,40667,10
12.98169041,80.2305603,40667,40677,10
12.98182011,80.23088837,40677,40687,10
12.98198986,80.23143005,40687,40697,10
12.98202038,80.23216248,40697,40707,10
12.98190022,80.23281097,40707,40718,11
12.98174,80.23319244,40718,40728,10
12.98159981,80.23351288,40728,40738,10
12.98159027,80.23352814,40738,40748,10
12.98155975,80.23358917,40748,40758,10
12.98136044,80.23397064,40758,40768,10
12.98118973,80.23462677,40768,40778,10
12.98120022,80.23542786,40778,40788,10
12.98124027,80.23621368,40788,40798,10
12.98124981,80.2370224,40798,40808,10
12.98128033,80.23787689,40808,40818,10
12.98130989,80.23861694,40818,40829,11
12.98130989,80.23874664,40829,40839,10
12.98132038,80.23915863,40839,40849,10
12.98134041,80.2396698,40849,40859,10
12.98134041,80.23995972,40859,40869,10
12.98134995,80.2405014,40869,40879,10
12.98136044,80.24121094,40879,40889,10
12.98136044,80.2419281,40889,40899,10
12.98138046,80.24250031,40899,40909,10
12.98136997,80.24282074,40909,40919,10
12.98136044,80.24285126,40919,40929,10
12.98134041,80.24320984,40929,40940,11
12.98130989,80.2437973,40940,40950,10
12.98120975,80.24456024,40950,40960,10
12.98110008,80.2454834,40960,40970,10
12.98097992,80.24656677,40970,40980,10
12.98087025,80.24771881,40980,40990,10
12.98081017,80.24859619,40990,41000,10
12.98066044,80.24977875,41000,41010,10
12.98044968,80.25068665,41010,41020,10
12.9802103,80.25167847,41020,41030,10
12.98009968,80.25218201,41030,41040,10
12.98009968,80.25218964,41040,41051,11
12.98005009,80.25240326,41051,41061,10
12.98017025,80.25257874,41061,41071,10
12.9805603,80.2526474,41071,41081,10
12.98120022,80.25263214,41081,41091,10
12.98202038,80.25260162,41091,41101,10
12.98295975,80.25254822,41101,41111,10
12.98398972,80.25235748,41111,41127,16
12.98569012,80.25187683,41127,41139,12
12.98680019,80.25157928,41139,41148,9
12.98721981,80.25144196,41148,41230,82
12.98721981,80.25144196,41230,41239,9
12.98738956,80.25138855,41239,41249,10
12.98773956,80.25134277,41249,41260,11
12.98795986,80.25176239,41260,41271,11
12.98801041,80.252388,41271,41281,10
12.98791981,80.25318909,41281,41291,10
12.98783016,80.25399017,41291,41301,10
12.98777962,80.25460815,41301,41311,10
12.98773956,80.25515747,41311,41482,171
12.98773956,80.25515747,41482,41492,10
12.98768044,80.25537872,41492,41503,11
12.98766041,80.25572968,41503,41513,10
12.9875803,80.25614166,41513,41523,10
12.98756027,80.25653839,41523,41533,10
12.98752975,80.2569809,41533,41543,10
12.98748016,80.25753021,41543,41553,10
12.98746967,80.25807953,41553,41563,10
12.98742008,80.25855255,41563,41573,10
12.98736,80.2588501,41573,41583,10
12.98725033,80.25933075,41583,41624,41
12.98725033,80.25933075,41624,41634,10
12.9872303,80.25952148,41634,41644,10
12.98709011,80.25962067,41644,41654,10
12.98680019,80.25959015,41654,41664,10
12.98661995,80.25917053,41664,42318,654
12.98661995,80.25917053,42318,42328,10
12.98676014,80.25904083,42328,42338,10
12.98703957,80.25910187,42338,42368,30
12.98703957,80.25910187,42368,42378,10
12.98735046,80.2590332,42378,42388,10
12.98736,80.25874329,42388,42399,11
12.98740005,80.25830078,42399,42409,10
12.98742008,80.25814819,42409,42419,10
12.98744011,80.25791931,42419,42429,10
12.98746014,80.25749207,42429,42439,10
12.98754025,80.25679779,42439,42560,121
12.98754025,80.25679779,42560,42570,10
12.98756027,80.25643158,42570,42580,10
12.98756981,80.25604248,42580,42590,10
12.98764038,80.25563812,42590,42600,10
12.98768044,80.25514221,42600,42610,10
12.98768997,80.25491333,42610,42620,10
12.98773003,80.25478363,42620,42631,11
12.98777008,80.25431061,42631,42641,10
12.98781967,80.2536087,42641,42651,10
12.98785973,80.25308228,42651,42661,10
12.9878397,80.25192261,42661,42742,81
12.9878397,80.25192261,42742,42752,10
12.98775005,80.25160217,42752,42762,10
12.98738956,80.2516098,42762,42772,10
12.98684025,80.25169373,42772,42782,10
12.98612022,80.25184631,42782,42792,10
12.98532009,80.25203705,42792,42802,10
12.98441982,80.25229645,42802,42812,10
12.98348045,80.25254059,42812,42822,10
12.98243999,80.25266266,42822,42832,10
12.98138046,80.25267792,42832,42842,10
12.98044968,80.25270844,42842,42853,11
12.97999001,80.25276184,42853,42863,10
12.97998047,80.25276184,42863,42873,10
12.9799099,80.2522583,42873,42903,30
12.9799099,80.2522583,42903,42913,10
12.97999001,80.25198364,42913,42923,10
12.98015022,80.25154114,42923,42933,10
12.98036003,80.25084686,42933,42943,10
12.98054981,80.25006104,42943,42953,10
12.98069954,80.24918365,42953,42964,11
12.98077965,80.24807739,42964,42974,10
12.98085022,80.24723816,42974,42984,10
12.98095036,80.24623871,42984,42994,10
12.98108959,80.24507904,42994,43004,10
12.98118973,80.24401093,43004,43014,10
12.98124981,80.24369812,43014,43024,10
12.98132992,80.24343872,43024,43034,10
12.98134041,80.24292755,43034,43044,10
12.98134995,80.24284363,43044,43054,10
12.98136997,80.24268341,43054,43064,10
12.98136044,80.24224854,43064,43074,10
12.98134041,80.24157715,43074,43085,11
12.98132038,80.24069977,43085,43095,10
12.98130989,80.23989105,43095,43105,10
12.98128033,80.23947144,43105,43115,10
12.9812603,80.23893738,43115,43125,10
12.98124027,80.23796082,43125,43145,20
12.98124027,80.23796082,43145,43155,10
12.98124981,80.23777008,43155,43165,10
12.98122978,80.23729706,43165,43175,10
12.98120975,80.2365799,43175,43185,10
12.98118973,80.23574066,43185,43202,17
12.98122025,80.23429108,43202,43214,12
12.98161983,80.23338318,43214,43234,20
12.98161983,80.23338318,43234,43244,10
12.98176003,80.23313904,43244,43254,10
12.98190022,80.23275757,43254,43264,10
12.98200035,80.23226929,43264,43274,10
12.98198032,80.23194122,43274,43284,10
12.98192024,80.23148346,43284,43294,10
12.98176003,80.23092651,43294,43304,10
12.98143005,80.23040009,43304,43315,11
12.98103046,80.22975159,43315,43325,10
12.98069,80.2292099,43325,43335,10
12.9805603,80.22899628,43335,43345,10
12.98052979,80.2289505,43345,43355,10
12.98040009,80.22879791,43355,43365,10
12.98023987,80.2284317,43365,43375,10
12.98003006,80.22801971,43375,43385,10
12.97970963,80.22743988,43385,43395,10
12.97929001,80.22673798,43395,43405,10
12.97885036,80.22601318,43405,43415,10
12.97846985,80.22532654,43415,43426,11
12.97805977,80.22479248,43426,43446,20
12.97805977,80.22479248,43446,43456,10
12.97787952,80.22457123,43456,43466,10
12.97764969,80.22419739,43466,43476,10
12.97745991,80.22386169,43476,43486,10
12.97735977,80.22364807,43486,43496,10
12.97727013,80.22344208,43496,43506,10
12.97712994,80.22324371,43506,43516,10
12.97702026,80.22306061,43516,43526,10
12.97681046,80.22277832,43526,43537,11
12.9765501,80.22235107,43537,43547,10
12.97624969,80.22187805,43547,43557,10
12.97595978,80.22147369,43557,43577,20
12.97595978,80.22147369,43577,43587,10
12.97568989,80.221138,43587,43627,40
12.97568989,80.221138,43627,43638,11
12.97542953,80.22093201,43638,43648,10
12.97542,80.2206192,43648,43668,20
12.97542,80.2206192,43668,43678,10
12.97560024,80.22042084,43678,43688,10
12.97581959,80.22026825,43688,43698,10
12.97628021,80.22006226,43698,43708,10
12.97698975,80.21977997,43708,43718,10
12.9778204,80.21942902,43718,43728,10
12.97858047,80.2191391,43728,43738,10
12.97916031,80.21891022,43738,43748,10
12.97982979,80.21867371,43748,43759,11
12.98038006,80.21843719,43759,43769,10
12.98106956,80.21820068,43769,43779,10
12.98184013,80.21797943,43779,43789,10
12.98211956,80.21794128,43789,43799,10
12.98227978,80.21795654,43799,43809,10
12.98246956,80.21797943,43809,43819,10
12.98291016,80.21797943,43819,43835,16
12.98373985,80.21794128,43835,43847,12
12.98375988,80.21795654,43847,43855,8
12.98381996,80.21798706,43855,43867,12
12.98423958,80.21797943,43867,43877,10
12.98458004,80.2179718,43877,43887,10
12.98519993,80.21795654,43887,43898,11
12.98604965,80.21804047,43898,43908,10
12.98735046,80.21826172,43908,43928,20
12.98735046,80.21826172,43928,43938,10
12.98746014,80.2183075,43938,43948,10
12.98785973,80.21839905,43948,43958,10
12.9885397,80.21853638,43958,43968,10
12.9894104,80.21884918,43968,43979,11
12.99050999,80.21920776,43979,43989,10
12.9914999,80.21948242,43989,43999,10
12.99213982,80.21911621,43999,44009,10
12.99293995,80.21851349,44009,44039,30
12.99293995,80.21851349,44039,44049,10
12.99322987,80.21829987,44049,44059,10
12.99337006,80.21820068,44059,44069,10
12.99349976,80.21811676,44069,44079,10
12.99359035,80.21806335,44079,44089,10
12.99376011,80.21794891,44089,44100,11
12.99392033,80.21785736,44100,44110,10
12.99396038,80.21781921,44110,44120,10
12.99415016,80.21769714,44120,44130,10
12.99440002,80.21752167,44130,44140,10
12.99456024,80.21739197,44140,44150,10
12.99472046,80.21726227,44150,44160,10
12.99505997,80.21704102,44160,44170,10
12.99555016,80.21675873,44170,44180,10
12.99623966,80.21658325,44180,44190,10
12.99685955,80.21652222,44190,44200,10
12.99726963,80.21630859,44200,44217,17
12.99752045,80.2161026,44217,44229,12
12.99765015,80.21601105,44229,44239,10
12.9978199,80.21588135,44239,44249,10
12.99825001,80.21546173,44249,44259,10
12.99876976,80.21501923,44259,44268,9
12.99909973,80.21473694,44268,44279,11
12.99944019,80.21443939,44279,44289,10
12.99979973,80.21411133,44289,44299,10
13.00034046,80.21363831,44299,44309,10
13.00088978,80.21318054,44309,44320,11
13.00150013,80.21273041,44320,44330,10
13.0020504,80.21234131,44330,44340,10
13.00267029,80.21212006,44340,44350,10
13.00312996,80.21212006,44350,44360,10
13.00335979,80.21211243,44360,44370,10
13.00362015,80.21196747,44370,44390,20
13.00362015,80.21196747,44390,44400,10
13.00370026,80.21164703,44400,44410,10
13.00366974,80.21109009,44410,44420,10
13.00360966,80.21042633,44420,44431,11
13.00354004,80.20961761,44431,44441,10
13.00366974,80.20886993,44441,44451,10
13.00428963,80.20876312,44451,44461,10
13.00520039,80.20918274,44461,44471,10
13.00601959,80.2095108,44471,44481,10
13.00634003,80.20961761,44481,44491,10
13.00646973,80.20967865,44491,44501,10
13.00683975,80.20976257,44501,44511,10
13.00730991,80.20983124,44511,44541,30
13.00730991,80.20983124,44541,44552,11
13.00751019,80.2098999,44552,44562,10
13.00774002,80.20996094,44562,44572,10
13.00776005,80.20996094,44572,44582,10
13.00786972,80.20996094,44582,44592,10
13.00811958,80.20999146,44592,44602,10
13.00809956,80.20955658,44602,44612,10
13.00798035,80.20894623,44612,44622,10
13.00788021,80.20815277,44622,44632,10
13.00772953,80.2072525,44632,44642,10
13.00761032,80.2064209,44642,44652,10
13.00755978,80.20555878,44652,44663,11
13.00753975,80.20475769,44663,44673,10
13.00751972,80.20404053,44673,44683,10
13.00739002,80.20323944,44683,44693,10
13.00697994,80.20250702,44693,44703,10
13.00650024,80.20301819,44703,44713,10
13.00695992,80.20343781,44713,44723,10
13.00755978,80.20365906,44723,44733,10
13.00835037,80.20368958,44733,44743,10
13.00946045,80.20362091,44743,44753,10
13.01078987,80.20362854,44753,44763,10
13.01220036,80.20381165,44763,44774,11
13.0135603,80.20419312,44774,44784,10
13.01451969,80.20446777,44784,44794,10
13.01498032,80.20465088,44794,44804,10
13.01506042,80.20469666,44804,44814,10
13.01544952,80.20484161,44814,44824,10
13.01603985,80.20507813,44824,44834,10
13.01655006,80.20522308,44834,44844,10
13.01737022,80.20545959,44844,44854,10
13.01826,80.20583344,44854,44863,9
13.01867008,80.20597076,44863,44874,11
13.01875019,80.20600128,44874,44885,11
13.01877022,80.20601654,44885,44895,10
13.01908016,80.20613861,44895,44905,10
13.01966953,80.20626068,44905,44915,10
13.02044964,80.2062912,44915,44925,10
13.0212698,80.20628357,44925,44935,10
13.02204037,80.20630646,44935,44945,10
13.02268982,80.20648956,44945,44955,10
13.02355003,80.20664215,44955,44965,10
13.02423,80.20674133,44965,44975,10
13.02423954,80.20674133,44975,44984,9
13.02437973,80.20674133,44984,44996,12
13.02488041,80.20684814,44996,45006,10
13.02562046,80.20709229,45006,45016,10
13.02624035,80.20744324,45016,45026,10
13.02696991,80.20786285,45026,45036,10
13.02777958,80.20834351,45036,45046,10
13.02865028,80.20863342,45046,45056,10
13.02935028,80.20880127,45056,45066,10
13.02984047,80.2089386,45066,45076,10
13.02985954,80.2089386,45076,45086,10
13.03009033,80.20900726,45086,45096,10
13.03061962,80.20915985,45096,45106,10
13.03133011,80.20935059,45106,45117,11
13.03145027,80.20938873,45117,45127,10
13.03155041,80.2094574,45127,45137,10
13.03197956,80.20957947,45137,45147,10
13.03264046,80.20967102,45147,45157,10
13.03349018,80.20980072,45157,45167,10
13.03437996,80.20996857,45167,45177,10
13.03497982,80.21025085,45177,45187,10
13.03489017,80.21064758,45187,45197,10
13.03491974,80.21115875,45197,45207,10
13.03491974,80.21125793,45207,45224,17
13.0348196,80.21190643,45224,45257,33
13.0348196,80.21190643,45257,45267,10
13.03487968,80.21214294,45267,45277,10
13.03520966,80.21224213,45277,45287,10
13.03581047,80.21225739,45287,45297,10
13.0365696,80.21231842,45297,45307,10
13.03734016,80.21231842,45307,45317,10
13.03808022,80.21231079,45317,45327,10
13.03884029,80.2122879,45327,45338,11
13.03966045,80.21230316,45338,45348,10
13.04047966,80.21225739,45348,45358,10
13.04139996,80.21222687,45358,45368,10
13.0425396,80.21228027,45368,45378,10
13.04409981,80.21230316,45378,45469,91
13.04409981,80.21230316,45469,45479,10
13.04426956,80.21237183,45479,45489,10
13.04458046,80.21234894,45489,45499,10
13.04504013,80.21231842,45499,45509,10
13.04557991,80.21231079,45509,45519,10
13.04625988,80.21230316,45519,45529,10
13.04697037,80.21225739,45529,45539,10
13.04773998,80.21217346,45539,45549,10
13.04854965,80.21205902,45549,45570,21
13.04854965,80.21205902,45570,45580,10
13.04876041,80.21202087,45580,45590,10
13.04957962,80.21195984,45590,45620,30
13.04957962,80.21195984,45620,45630,10
13.04983044,80.21192169,45630,45640,10
13.05027008,80.21193695,45640,45650,10
13.05068016,80.21196747,45650,45660,10
13.05140018,80.21195984,45660,45670,10
13.05243015,80.21183777,45670,45681,11
13.05372047,80.21157837,45681,45691,10
13.05477047,80.21144867,45691,45701,10
13.05582047,80.21151733,45701,45711,10
13.05690956,80.2114563,45711,45721,10
13.05745029,80.21141815,45721,45731,10
13.0576601,80.21140289,45731,45741,10
13.05819988,80.21141815,45741,45751,10
13.05889988,80.21144104,45751,45761,10
13.0597496,80.21150208,45761,45771,10
13.06064034,80.21154785,45771,45782,11
13.06151962,80.21157074,45782,45792,10
13.06239986,80.2116394,45792,45802,10
13.06317997,80.21156311,45802,45812,10
13.06328011,80.21151733,45812,45822,10
13.06361008,80.21147919,45822,45832,10
13.06424999,80.21140289,45832,45842,10
13.06482029,80.21115875,45842,45852,10
13.06575966,80.21047974,45852,45860,8
13.06636047,80.20996094,45860,45872,12
13.06706047,80.20919037,45872,45882,10
13.06742954,80.20864105,45882,45893,11
13.06774044,80.20812225,45893,45903,10
13.06816959,80.2074585,45903,45913,10
13.06865978,80.20671844,45913,45923,10
13.06914043,80.20597839,45923,45933,10
13.06943989,80.20548248,45933,45943,10
13.06954956,80.20526886,45943,45953,10
13.06962967,80.20507813,45953,45963,10
13.06966972,80.20493317,45963,45973,10
13.06927013,80.20487213,45973,45983,10
13.06892967,80.20532227,45983,45993,10
13.06873035,80.20516968,45993,46114,121
13.06873035,80.20516968,46114,46125,11
13.06869984,80.20532227,46125,46135,10
13.06851006,80.20539093,46135,46145,10
13.0683403,80.20539856,46145,46205,60
13.06801033,80.20542145,46205,46225,20
13.06801033,80.20542145,46225,46236,11
13.06803036,80.20510101,46236,47245,1009
13.06801987,80.20510101,47245,47275,30
13.06801987,80.20510101,47275,47285,10
13.06805038,80.20496368,47285,47295,10
13.06838036,80.20491791,47295,47305,10
13.06888008,80.20475006,47305,47315,10
13.06960011,80.20480347,47315,47345,30
13.06960011,80.20480347,47345,47355,10
13.06984043,80.20503998,47355,47366,11
13.06962967,80.20549774,47366,47376,10
13.06921005,80.20613861,47376,47386,10
13.06869984,80.20693207,47386,47396,10
13.06814003,80.20783234,47396,47406,10
13.06750965,80.20877838,47406,47416,10
13.06688023,80.20973206,47416,47426,10
13.06608009,80.21044159,47426,47436,10
13.06532001,80.2110672,47436,47446,10
13.06501961,80.21125793,47446,47456,10
13.06482029,80.21134949,47456,47466,10
13.06429958,80.21154785,47466,47477,11
13.06381989,80.21167755,47477,47487,10
13.06346035,80.21169281,47487,47497,10
13.06284046,80.21170807,47497,47507,10
13.06210995,80.2116394,47507,47517,10
13.06122017,80.21163177,47517,47527,10
13.06015968,80.21160889,47527,47537,10
13.05914974,80.21157837,47537,47547,10
13.05844975,80.21157074,47547,47557,10
13.05776024,80.21156311,47557,47567,10
13.05704021,80.21156311,47567,47577,10
13.05622005,80.21153259,47577,47588,11
13.05519962,80.21150208,47588,47598,10
13.05455017,80.21154785,47598,47618,20
13.05455017,80.21154785,47618,47628,10
13.05412006,80.21160889,47628,47638,10
13.05364037,80.21166229,47638,47648,10
13.05294991,80.21186066,47648,47658,10
13.05228996,80.21205139,47658,47668,10
13.05171967,80.21212769,47668,47678,10
13.05136013,80.21212006,47678,47688,10
13.0508604,80.21205902,47688,47699,11
13.05004978,80.21208954,47699,47709,10
13.04959965,80.21212769,47709,47720,11
13.04953957,80.21212006,47720,47730,10
13.04942989,80.21211243,47730,47740,10
13.04909039,80.21212006,47740,47750,10
13.04848957,80.2121582,47750,47760,10
13.04780006,80.21227264,47760,47770,10
13.04660034,80.21231842,47770,47851,81
13.04660034,80.21231842,47851,47861,10
13.04609966,80.21234894,47861,47871,10
13.04549026,80.21240234,47871,47881,10
13.04487991,80.21240997,47881,47891,10
13.0443697,80.21237946,47891,47901,10
13.04362011,80.21234894,47901,47911,10
13.04267025,80.21231079,47911,47922,11
13.04172039,80.21234131,47922,47932,10
13.04074001,80.21233368,47932,47942,10
13.03983974,80.21235657,47942,47952,10
13.03901958,80.21235657,47952,47962,10
13.03833008,80.21237183,47962,48012,50
13.03833008,80.21237183,48012,48022,10
13.03792,80.21238708,48022,48032,10
13.03750038,80.21238708,48032,48049,17
13.03649998,80.21231842,48049,48061,12
13.03592014,80.21234131,48061,48071,10
13.03549004,80.21230316,48071,48081,10
13.03507996,80.21225739,48081,48091,10
13.03470039,80.21218872,48091,48101,10
13.03452969,80.21217346,48101,48111,10
13.03435993,80.2121582,48111,48121,10
13.03419971,80.21211243,48121,48131,10
13.03404045,80.21205902,48131,48141,10
13.03363991,80.21198273,48141,48152,11
13.03291035,80.21186066,48152,48162,10
13.03215981,80.2117691,48162,48172,10
13.03186035,80.21141815,48172,48182,10
13.03195,80.2108078,48182,48192,10
13.03205013,80.21013641,48192,48202,10
13.03199959,80.2096405,48202,48212,10
13.03153992,80.2095108,48212,48222,10
13.03083992,80.2093277,48222,48232,10
13.03054047,80.2092514,48232,48242,10
13.03026009,80.20915985,48242,48252,10
13.02980995,80.20899963,48252,48263,11
13.02954006,80.20892334,48263,48273,10
13.02945995,80.20887756,48273,48283,10
13.02902031,80.20877075,48283,48293,10
13.02828026,80.20854187,48293,48303,10
13.02748013,80.20819855,48303,48313,10
13.02661991,80.20768738,48313,48323,10
13.02563953,80.20715332,48323,48333,10
13.02453995,80.20693207,48333,48343,10
13.02361012,80.20671082,48343,48353,10
13.02262974,80.20651245,48353,48363,10
13.0218401,80.20648193,48363,48373,10
13.02130032,80.20644379,48373,48384,11
13.02044964,80.20642853,48384,48394,10
13.0196104,80.20638275,48394,48404,10
13.01898956,80.20628357,48404,48414,10
13.01887989,80.20622253,48414,48424,10
13.01850033,80.20606995,48424,48440,16
13.01758957,80.20575714,48440,48452,12
13.01706982,80.20555115,48452,48460,8
13.01661968,80.20536041,48460,48472,12
13.01554012,80.20498657,48472,48482,10
13.0145998,80.20469666,48482,48493,11
13.01371002,80.20439911,48493,48503,10
13.0135498,80.20462036,48503,48513,10
13.01338959,80.20511627,48513,48523,10
13.01315022,80.20581818,48523,48533,10
13.01299953,80.20671844,48533,48543,10
13.01290989,80.20758057,48543,48553,10
13.01284981,80.2080307,48553,48563,10
13.01284027,80.20844269,48563,48573,10
13.01288033,80.20884705,48573,48581,8
13.01296997,80.20928192,48581,48594,13
13.01311016,80.20996094,48594,48604,10
13.01301956,80.21061707,48604,48615,11
13.01272011,80.21144867,48615,48625,10
13.01228046,80.21218872,48625,48635,10
13.01191998,80.212677,48635,48645,10
13.01173019,80.21276093,48645,48655,10
13.01140022,80.21248627,48655,48665,10
13.01101971,80.21219635,48665,48675,10
13.01072025,80.21198273,48675,48695,20
13.01072025,80.21198273,48695,48705,10
13.01037025,80.21170044,48705,48715,10
13.01000977,80.21141815,48715,48725,10
13.0097599,80.21125793,48725,48786,61
13.00949955,80.21105194,48786,48816,30
13.00949955,80.21105194,48816,48826,10
13.00922012,80.21102905,48826,48837,11
13.00911999,80.21121979,48837,48847,10
13.00903034,80.21137238,48847,48856,9
13.00899029,80.21151733,48856,48867,11
13.00905991,80.21182251,48867,48876,9
13.00918007,80.21224213,48876,48887,11
13.00940037,80.21292877,48887,48897,10
13.00963974,80.21356201,48897,48907,10
13.00994015,80.21425629,48907,48917,10
13.01012993,80.21502686,48917,48927,10
13.01029968,80.21588898,48927,48937,10
13.01074028,80.2168808,48937,48948,11
13.0112896,80.21811676,48948,48958,10
13.01175976,80.21942139,48958,48968,10
13.0121603,80.22067261,48968,48978,10
13.01245022,80.22171783,48978,48988,10
13.01315975,80.22254944,48988,48998,10
13.01387978,80.22332764,48998,49008,10
13.0142498,80.22384644,49008,49018,10
13.01476002,80.22442627,49018,49028,10
13.01517963,80.224823,49028,49038,10
13.01541996,80.22524261,49038,49048,10
13.01533031,80.22566223,49048,49059,11
13.01486969,80.22593689,49059,49069,10
13.01428032,80.22618103,49069,49079,10
13.01354027,80.22647858,49079,49089,10
13.01270008,80.2268219,49089,49099,10
13.01185989,80.22720337,49099,49109,10
13.01086044,80.22756958,49109,49119,10
13.00988007,80.22792053,49119,49129,10
13.0095396,80.22743988,49129,49139,10
13.0098896,80.22673035,49139,49149,10
13.01027012,80.22589874,49149,49159,10
13.01064014,80.22505188,49159,49170,11
13.01101017,80.22408295,49170,49180,10
13.01111031,80.22366333,49180,49190,10
13.01117992,80.22344971,49190,49200,10
13.01121044,80.22310638,49200,49210,10
13.01078033,80.22296143,49210,49220,10
13.01018047,80.22265625,49220,49230,10
13.00944042,80.22225952,49230,49240,10
13.00860023,80.22177887,49240,49250,10
13.00765991,80.22126007,49250,49260,10
13.0067997,80.22084808,49260,49270,10
13.00594997,80.22052002,49270,49280,10
13.00498009,80.22032166,49280,49291,11
13.00415039,80.2201004,49291,49301,10
13.00329971,80.2199173,49301,49311,10
13.00244045,80.21948242,49311,49327,16
13.00158024,80.21859741,49327,49339,12
13.00102043,80.21820068,49339,49349,10
13.00049973,80.21787262,49349,49359,10
12.99991989,80.21749878,49359,49369,10
12.99921036,80.21710205,49369,49379,10
12.99849033,80.21675873,49379,49389,10
12.99777985,80.21655273,49389,49400,11
12.99740028,80.21649933,49400,49419,19
12.99740028,80.21649933,49419,49430,11
12.99722004,80.2164917,49430,49440,10
12.99705029,80.21650696,49440,49450,10
12.99693012,80.21652222,49450,49460,10
12.99658012,80.21656036,49460,49470,10
12.99648952,80.21656799,49470,49480,10
12.99631977,80.2166214,49480,49490,10
12.99588966,80.21669769,49490,49521,31
12.99588966,80.21669769,49521,49531,10
12.99551964,80.21679688,49531,49541,10
12.99534988,80.21685791,49541,49551,10
12.99514008,80.21695709,49551,49561,10
12.99495029,80.21705627,49561,49571,10
12.99452019,80.21737671,49571,49581,10
12.99403954,80.21775055,49581,49591,10
12.99355984,80.21808624,49591,49601,10
12.99291992,80.21852112,49601,49611,10
12.99221992,80.21904755,49611,49622,11
12.99153996,80.21955109,49622,49632,10
12.99098969,80.21938324,49632,49641,9
12.99032021,80.21914673,49641,49652,11
12.9894104,80.21882629,49652,49662,10
12.98855019,80.21853638,49662,49672,10
12.9875803,80.21833801,49672,49682,10
12.98707962,80.21826935,49682,49692,10
12.98705959,80.21826935,49692,49702,10
12.98670959,80.2181778,49702,49712,10
12.98614025,80.21801758,49712,49722,10
12.98523998,80.21788788,49722,49733,11
12.98423004,80.21791077,49733,49742,9
12.98386955,80.21794128,49742,49753,11
12.98361969,80.21794128,49753,49763,10
12.98303986,80.21790314,49763,49773,10
12.98223972,80.21791077,49773,49783,10
12.98130035,80.21804047,49783,49793,10
12.98036957,80.21833801,49793,49803,10
12.97959042,80.21865082,49803,49813,10
12.97891998,80.21893311,49813,49823,10
12.97859955,80.21907806,49823,49833,10
12.97809982,80.21927643,49833,49843,10
12.97737026,80.21954346,49843,49854,11
12.97663975,80.21984863,49854,49863,9
12.97589016,80.22016907,49863,49904,41
12.97574043,80.22016907,49904,49954,50
12.97570992,80.22026062,49954,49995,41
12.97570992,80.22026062,49995,50005,10
12.97558022,80.22038269,50005,50015,10
12.97550011,80.22071838,50015,50025,10
12.97583961,80.22107697,50025,50035,10
12.97630978,80.22167969,50035,50055,20
12.97636032,80.22184753,50055,50076,21
12.97636032,80.22184753,50076,50086,10
12.97642994,80.22203827,50086,50096,10
12.97659969,80.22231293,50096,50106,10
12.97694016,80.22280884,50106,50116,10
12.97733021,80.22341156,50116,50126,10
12.97772026,80.22409821,50126,50136,10
12.97801971,80.22451782,50136,50146,10
12.9782896,80.22492218,50146,50156,10
12.97850037,80.22528839,50156,50166,10
12.97869968,80.22563934,50166,50176,10
12.97904015,80.22622681,50176,50187,11
12.97935009,80.22672272,50187,50197,10
12.97968006,80.22727203,50197,50207,10
12.98005009,80.2279129,50207,50217,10
12.98042965,80.228508,50217,50227,10
12.98087025,80.22926331,50227,50237,10
12.98136997,80.23007965,50237,50247,10
12.9819603,80.23116302,50247,50267,20
12.9819603,80.23116302,50267,50277,10
12.98204041,80.2313385,50277,50288,11
12.98206997,80.23190308,50288,50298,10
12.9819603,80.23258209,50298,50308,10
12.98171997,80.23325348,50308,50318,10
12.9816103,80.23352814,50318,50328,10
12.98153019,80.23365784,50328,50338,10
12.98126984,80.23416138,50338,50348,10
12.98118973,80.23490143,50348,50358,10
12.98122025,80.23567963,50358,50368,10
12.98122025,80.23648071,50368,50378,10
12.98124981,80.23712921,50378,50388,10
12.9812603,80.23722839,50388,50398,10
12.98124981,80.23748779,50398,50409,11
12.98124981,80.23795319,50409,50419,10
12.98128033,80.23847198,50419,50429,10
12.98128033,80.23867035,50429,50439,10
12.98130989,80.23885345,50439,50449,10
12.98130035,80.23914337,50449,50459,10
12.98130989,80.23950195,50459,50469,10
12.98130989,80.23986053,50469,50485,16
12.98134041,80.24085999,50485,50497,12
12.98134041,80.24182892,50497,50505,8
12.98132038,80.24226379,50505,50517,12
12.98134995,80.2427063,50517,50528,11
12.98136044,80.24272919,50528,50538,10
12.98139954,80.24282074,50538,50548,10
12.98139,80.24324036,50548,50558,10
12.98132038,80.24388123,50558,50568,10
12.98122025,80.24461365,50568,50578,10
12.98110008,80.24562073,50578,50588,10
12.98097992,80.24668884,50588,50598,10
12.98085976,80.24784851,50598,50608,10
12.98077965,80.24902344,50608,50618,10
12.98058033,80.25018311,50618,50628,10
12.98027992,80.25128937,50628,50639,11
12.98007011,80.25235748,50639,50659,20
12.98007011,80.25235748,50659,50669,10
12.98009968,80.25250244,50669,50679,10
12.98036957,80.25257874,50679,50689,10
12.98089981,80.25257111,50689,50699,10
12.98167992,80.25254059,50699,50709,10
12.98266983,80.25250244,50709,50719,10
12.98377037,80.25234985,50719,50729,10
12.98488045,80.25202942,50729,50740,11
12.98604012,80.25171661,50740,50750,10
12.98746967,80.25131989,50750,50931,181
12.98746967,80.25131989,50931,50941,10
12.98783016,80.25141144,50941,50951,10
12.98793983,80.25189209,50951,50961,10
12.98795986,80.25251007,50961,50972,11
12.9878397,80.25385284,50972,50982,10
12.98775959,80.25482941,50982,50992,10
12.98768044,80.25553894,50992,51002,10
12.9875803,80.25640106,51002,51022,20
12.9875803,80.25640106,51022,51032,10
12.98752022,80.25673676,51032,51042,10
12.98744965,80.25734711,51042,51052,10
12.98740005,80.25814056,51052,51062,10
12.98735046,80.25888062,51062,51072,10
12.98727989,80.25926208,51072,51093,21
12.98727989,80.25926208,51093,51103,10
12.98723984,80.25943756,51103,51113,10
12.98721981,80.25950623,51113,51123,10
12.98709965,80.25958252,51123,51133,10
12.98694992,80.25952911,51133,51143,10
12.98672962,80.25950623,51143,51153,10
12.98659992,80.25927734,51153,51163,10
12.98670006,80.25907898,51163,51173,10
12.98684978,80.2591095,51173,51183,10
12.98711967,80.25914001,51183,53292,2109
12.98711967,80.25914001,53292,53302,10
12.98735046,80.25888062,53302,53312,10
12.98736,80.25862122,53312,53322,10
12.98738003,80.25849915,53322,53332,10
12.98736,80.25823212,53332,53343,11
12.98740959,80.25765991,53343,53353,10
12.98750019,80.25686646,53353,53363,10
12.98754025,80.25601959,53363,53373,10
12.98760986,80.25569916,53373,53383,10
12.98771,80.25498962,53383,53403,20
12.98771,80.25498962,53403,53413,10
12.98771,80.25475311,53413,53423,10
12.98777008,80.25430298,53423,53433,10
12.98781013,80.25363922,53433,53443,10
12.98785973,80.25289154,53443,53453,10
12.98787975,80.25237274,53453,53504,51
12.98787975,80.25237274,53504,53514,10
12.98783016,80.25177002,53514,53544,30
12.98783016,80.25177002,53544,53554,10
12.98762989,80.2515564,53554,53564,10
12.98721981,80.25161743,53564,53575,11
12.98686981,80.25167084,53575,53585,10
12.9864397,80.25177002,53585,53595,10
12.98593998,80.25187683,53595,53605,10
12.98519993,80.25205994,53605,53615,10
12.98433971,80.25229645,53615,53625,10
12.98346996,80.2525177,53625,53635,10
12.9825201,80.25266266,53635,53645,10
12.98149967,80.25269318,53645,53655,10
12.98040962,80.25270081,53655,53665,10
12.97988033,80.25258636,53665,53675,10
12.97988987,80.25227356,53675,53706,31
12.97988987,80.25227356,53706,53716,10
12.97996044,80.25205994,53716,53726,10
12.98005009,80.2517395,53726,53736,10
12.98017979,80.25126648,53736,53746,10
12.98034954,80.25066376,53746,53756,10
12.98050976,80.25003052,53756,53766,10
12.98064041,80.24938202,53766,53776,10
12.98069954,80.24859619,53776,53786,10
12.98077965,80.24774933,53786,53797,11
12.98087978,80.24668884,53797,53807,10
12.98097992,80.24571228,53807,53817,10
12.98110008,80.24468994,53817,53827,10
12.9811697,80.2437973,53827,53837,10
12.98132992,80.24339294,53837,53847,10
12.98134995,80.24282837,53847,53877,30
12.98134995,80.24282837,53877,53887,10
12.98134995,80.24260712,53887,53897,10
12.98136997,80.24236298,53897,53907,10
12.98136044,80.24185944,53907,53918,11
12.98136044,80.24111938,53918,53928,10
12.98136044,80.24034882,53928,53938,10
12.98134041,80.23963165,53938,53948,10
12.98132992,80.23908997,53948,53958,10
12.98130989,80.23845673,53958,53968,10
12.98130035,80.23809814,53968,54008,40
12.98130035,80.23809814,54008,54018,10
12.9812603,80.23767853,54018,54029,11
12.98124027,80.23715973,54029,54039,10
12.98122978,80.23648071,54039,54049,10
12.98120975,80.23574066,54049,54059,10
12.98120022,80.23496246,54059,54069,10
12.98124981,80.23415375,54069,54079,10
12.98161983,80.2333374,54079,54099,20
12.98161983,80.2333374,54099,54109,10
12.98167992,80.23326111,54109,54119,10
12.98180008,80.23303986,54119,54129,10
12.98192024,80.23264313,54129,54140,11
12.98198032,80.23213196,54140,54150,10
12.98198032,80.23168182,54150,54160,10
12.98192024,80.23119354,54160,54170,10
12.98171997,80.23068237,54170,54180,10
12.98141956,80.23014069,54180,54190,10
12.98099995,80.2294693,54190,54200,10
12.98064041,80.22888947,54200,54230,30
12.98064041,80.22888947,54230,54240,10
12.9804697,80.22866821,54240,54261,21
12.9804697,80.22866821,54261,54271,10
12.98031998,80.2283783,54271,54281,10
12.9802103,80.22808075,54281,54291,10
12.97994041,80.2276535,54291,54301,10
12.9795599,80.22705841,54301,54311,10
12.97920036,80.2264328,54311,54321,10
12.97879982,80.22575378,54321,54331,10
12.97836971,80.22502136,54331,54341,10
12.9779501,80.22440338,54341,54351,10
12.97762012,80.22383118,54351,54362,11
12.97723961,80.22316742,54362,54372,10
12.97684002,80.22251129,54372,54382,10
12.97642994,80.22189331,54382,54392,10
12.97603989,80.22136688,54392,54402,10
12.97562027,80.22091675,54402,54493,91
12.97541046,80.2207489,54493,54523,30
12.97541046,80.2207489,54523,54533,10
12.97544003,80.22045135,54533,54542,9
12.97548962,80.22039795,54542,54553,11
12.97560978,80.22029877,54553,54563,10
12.97595024,80.22013855,54563,54573,10
12.97632027,80.22009277,54573,54583,10
12.97700977,80.21977234,54583,54594,11
12.97797012,80.21930695,54594,54604,10
12.97861004,80.21909332,54604,54614,10
12.97914028,80.21888733,54614,54624,10
12.97982025,80.21865845,54624,54634,10
12.9804697,80.2183609,54634,54644,10
12.98116016,80.21804047,54644,54654,10
12.98198986,80.21784973,54654,54664,10
12.98295021,80.21784973,54664,54674,10
12.98371983,80.2177887,54674,54705,31
12.98371983,80.2177887,54705,54715,10
12.98412991,80.2177887,54715,54725,10
12.98472023,80.21781921,54725,54735,10
12.98548985,80.2178421,54735,54745,10
12.98630047,80.21800995,54745,54755,10
12.98729038,80.2181778,54755,54785,30
12.98729038,80.2181778,54785,54795,10
12.98756027,80.21824646,54795,54805,10
12.98799992,80.21838379,54805,54815,10
12.98865986,80.21855164,54815,54826,11
12.98954964,80.21885681,54826,54836,10
12.99050045,80.21916199,54836,54846,10
12.99143028,80.21942139,54846,54856,10
12.99203968,80.21910095,54856,54866,10
12.9926796,80.21865082,54866,54876,10
12.99326992,80.21813965,54876,54886,10
12.99370956,80.2178421,54886,54916,30
12.99370956,80.2178421,54916,54926,10
12.99405003,80.21769714,54926,54947,21
12.99405003,80.21769714,54947,54957,10
12.99444008,80.21743011,54957,54967,10
12.99460983,80.2172699,54967,54977,10
12.99472046,80.21716309,54977,54987,10
12.99495983,80.2170105,54987,54997,10
12.99536037,80.21674347,54997,55007,10
12.99604034,80.21658325,55007,55017,10
12.9967804,80.21655273,55017,55027,10
12.99707031,80.21643829,55027,55037,10
12.99740028,80.21613312,55037,55048,11
12.99748993,80.21604919,55048,55058,10
12.99763966,80.21594238,55058,55068,10
12.99794006,80.21568298,55068,55078,10
12.99839973,80.21530151,55078,55088,10
12.99895954,80.21488953,55088,55098,10
12.99923992,80.21459961,55098,55108,10
12.99960041,80.2142334,55108,55118,10
13.00014019,80.21379852,55118,55134,16
13.00102997,80.21295929,55134,55146,12
13.00168037,80.21250916,55146,55155,9
13.00181961,80.21244049,55155,55167,12
13.00220013,80.21221924,55167,55177,10
13.00279999,80.21205902,55177,55187,10
13.00341988,80.21198273,55187,55197,10
13.00352001,80.21193695,55197,55207,10
13.00360012,80.21176147,55207,55217,10
13.00362015,80.21124268,55217,55227,10
13.00356007,80.21051025,55227,55236,9
13.00349045,80.20986938,55236,55246,10
13.0035696,80.20910645,55246,55257,11
13.00409985,80.20867157,55257,55267,10
13.00500965,80.20908356,55267,55278,11
13.00607967,80.20948792,55278,55288,10
13.00685978,80.20973969,55288,55298,10
13.00714016,80.20976257,55298,55348,50
13.00714016,80.20976257,55348,55358,10
13.00761032,80.20986176,55358,55368,10
13.00807953,80.20993805,55368,55378,10
13.00800991,80.20939636,55378,55389,11
13.00788975,80.20854187,55389,55399,10
13.00772953,80.20751953,55399,55409,10
13.00755024,80.20636749,55409,55419,10
13.00745964,80.20526886,55419,55429,10
13.00745964,80.20426178,55429,55439,10
13.0073204,80.20326996,55439,55449,10
13.00679016,80.2025528,55449,55459,10
13.00658989,80.20320129,55459,55469,10
13.00712013,80.20350647,55469,55479,10
13.00782967,80.20368195,55479,55489,10
13.00870991,80.20365906,55489,55499,10
13.00986958,80.20359039,55499,55516,17
13.01212978,80.2037735,55516,55528,12
13.01350975,80.20410919,55528,55538,10
13.01441956,80.20443726,55538,55548,10
13.01490021,80.20464325,55548,55558,10
13.01490974,80.20464325,55558,55568,10
13.01523972,80.20474243,55568,55578,10
13.01566029,80.20494843,55578,55588,10
13.01607037,80.20519257,55588,55598,10
13.01638031,80.20506287,55598,55609,11
13.01661968,80.20523834,55609,55619,10
13.01702976,80.20543671,55619,55629,10
13.01760006,80.20558929,55629,55639,10
13.0181303,80.20587921,55639,55649,10
13.01860046,80.20601654,55649,55659,10
13.01863003,80.20601654,55659,55669,10
13.01893997,80.20606232,55669,55679,10
13.01943016,80.20619202,55679,55689,10
13.02003956,80.2062912,55689,55699,10
13.02085972,80.20632172,55699,55709,10
13.02190018,80.20646667,55709,55719,10
13.02285004,80.20674896,55719,55730,11
13.02383995,80.20680237,55730,55740,10
13.02462959,80.20687103,55740,55751,11
13.0255003,80.20707703,55751,55762,11
13.02651024,80.2075882,55762,55772,10
13.02742958,80.20812988,55772,55782,10
13.02828026,80.20851135,55782,55792,10
13.02900028,80.20871735,55792,55802,10
13.02993965,80.20897675,55802,55843,41
13.02993965,80.20897675,55843,55853,10
13.03020954,80.20897675,55853,55863,10
13.03059959,80.20910645,55863,55873,10
13.03155041,80.2094574,55873,55893,20
13.03155041,80.2094574,55893,55903,10
13.03178024,80.20957947,55903,55913,10
13.03227997,80.20961761,55913,55923,10
13.03308964,80.20987701,55923,55933,10
13.03396034,80.21002197,55933,55943,10
13.03483009,80.21016693,55943,55954,11
13.03483009,80.21061707,55954,55964,10
13.03485966,80.21090698,55964,55974,10
13.03487968,80.21125793,55974,55984,10
13.03485966,80.21127319,55984,55994,10
13.0348196,80.21138,55994,56004,10
13.03479958,80.21167755,56004,56014,10
13.03483963,80.21205902,56014,56024,10
13.03520966,80.21221924,56024,56034,10
13.03575993,80.21224213,56034,56043,9
13.03623009,80.21225739,56043,56053,10
13.03670025,80.21224213,56053,56065,12
13.0374403,80.21224213,56065,56075,10
13.03829956,80.21225739,56075,56085,10
13.03911972,80.21237946,56085,56095,10
13.04006004,80.2125473,56095,56105,10
13.04106998,80.21289063,56105,56115,10
13.04234982,80.21256256,56115,56125,10
13.04319954,80.21234894,56125,56135,10
13.04345036,80.21224976,56135,56145,10
13.04378986,80.21222687,56145,56155,10
13.04415035,80.21221924,56155,56165,10
13.04463959,80.21230316,56165,56176,11
13.04539013,80.21228027,56176,56186,10
13.04615974,80.21221924,56186,56196,10
13.04695988,80.2121582,56196,56206,10
13.04775047,80.21205902,56206,56216,10
13.04821014,80.21199036,56216,56226,10
13.04823017,80.21199036,56226,56236,10
13.04858017,80.21198273,56236,56246,10
13.04880047,80.21195221,56246,56256,10
13.04881001,80.21195221,56256,56272,16
13.04928017,80.21190643,56272,56284,12
13.04961967,80.21188354,56284,56305,21
13.04961967,80.21188354,56305,56315,10
13.05000019,80.21193695,56315,56325,10
13.05041027,80.21199799,56325,56335,10
13.05080032,80.21212006,56335,56345,10
13.05138016,80.21205902,56345,56355,10
13.05251026,80.21186829,56355,56365,10
13.05358028,80.21160889,56365,56375,10
13.05397034,80.21153259,56375,56385,10
13.05403042,80.21153259,56385,56395,10
13.05443954,80.21141052,56395,56406,11
13.05488014,80.21138,56406,56417,11
13.05558014,80.2114563,56417,56427,10
13.05646992,80.21140289,56427,56437,10
13.05727959,80.21137238,56437,56447,10
13.05848026,80.21148682,56447,56457,10
13.05957031,80.2115097,56457,56467,10
13.0606699,80.21156311,56467,56477,10
13.06163025,80.21172333,56477,56486,9
13.06233025,80.21169281,56486,56496,10
13.06315994,80.21157837,56496,56528,32
13.06315994,80.21157837,56528,56538,10
13.0634203,80.21157074,56538,56548,10
13.06373024,80.21150208,56548,56558,10
13.06429958,80.21143341,56558,56568,10
13.06499004,80.21109009,56568,56578,10
13.06573963,80.21053314,56578,56588,10
13.06649971,80.20996857,56588,56598,10
13.06707001,80.20935822,56598,56608,10
13.06739998,80.20874786,56608,56618,10
13.06764984,80.20825195,56618,56629,11
13.06812954,80.20751953,56629,56639,10
13.06861973,80.20677185,56639,56649,10
13.06919003,80.20590973,56649,56659,10
13.06952,80.20532227,56659,56679,20
13.06952,80.20532227,56679,56689,10
13.06958008,80.20511627,56689,56699,10
13.06962013,80.20484161,56699,56709,10
13.06927967,80.20490265,56709,56719,10
13.06902981,80.2053299,56719,56729,10
13.06882,80.2053299,56729,56739,10
13.06853008,80.2052002,56739,57163,424
13.06853008,80.2052002,57163,57173,10
13.06836033,80.20511627,57173,57183,10
13.06816006,80.20514679,57183,57970,787
13.06816006,80.20514679,57970,57980,10
13.06799984,80.20500183,57980,57991,11
13.06801987,80.20498657,57991,58001,10
13.06826019,80.2049408,58001,58011,10
13.06847954,80.20488739,58011,58021,10
13.06869984,80.20481873,58021,58031,10
13.06921005,80.20472717,58031,58061,30
13.06921005,80.20472717,58061,58071,10
13.06960011,80.20478058,58071,58081,10
13.06980991,80.20509338,58081,58091,10
13.06945992,80.20568085,58091,58102,11
13.06894016,80.2065506,58102,58112,10
13.0683403,80.20749664,58112,58122,10
13.06776047,80.20838165,58122,58132,10
13.06766033,80.20860291,58132,58142,10
13.0675602,80.20877838,58142,58152,10
13.06725979,80.20919037,58152,58162,10
13.0667696,80.20980835,58162,58172,10
13.06604004,80.21044922,58172,58182,10
13.0653801,80.21102905,58182,58192,10
13.06503963,80.21125031,58192,58202,10
13.0648098,80.21134186,58202,58213,11
13.06422043,80.21157837,58213,58223,10
13.06383038,80.21169281,58223,58233,10
13.06348038,80.21172333,58233,58243,10
13.06291008,80.21176147,58243,58252,9
13.06241035,80.21177673,58252,58262,10
13.06225014,80.21183014,58262,58273,11
13.06103039,80.21177673,58273,58281,8
13.06027985,80.21173096,58281,58293,12
13.05920029,80.2116394,58293,58302,9
13.05862045,80.21163177,58302,58313,11
13.05792999,80.21160126,58313,58324,11
13.05729961,80.21160126,58324,58334,10
13.05650043,80.21157837,58334,58344,10
13.05568027,80.21157837,58344,58354,10
13.05467987,80.21154022,58354,58364,10
13.05364037,80.21164703,58364,58374,10
13.05278015,80.21190643,58374,58384,10
13.05230045,80.21208954,58384,58394,10
13.05189037,80.2121582,58394,58404,10
13.0513401,80.21219635,58404,58414,10
13.05097961,80.21221924,58414,58424,10
13.05074978,80.21219635,58424,58435,11
13.05010986,80.21219635,58435,58445,10
13.04942036,80.21219635,58445,58465,20
13.04942036,80.21219635,58465,58481,16
13.04926014,80.21218109,58481,58493,12
13.04874039,80.21222687,58493,58501,8
13.04821968,80.21225739,58501,58513,12
13.04728031,80.21234131,58513,58523,10
13.04611969,80.21237946,58523,58533,10
13.04545021,80.21240234,58533,58543,10
13.04506969,80.21244049,58543,58554,11
13.04469013,80.21244049,58554,58564,10
13.04436016,80.21244049,58564,58574,10
13.0440197,80.21243286,58574,58583,9
13.04347992,80.2124176,58583,58594,11
13.04263973,80.21243286,58594,58604,10
13.04152012,80.21235657,58604,58614,10
13.04024982,80.21234894,58614,58624,10
13.0392704,80.21235657,58624,58634,10
13.0383997,80.21240234,58634,58654,20
13.0383997,80.21240234,58654,58665,11
13.03810978,80.21248627,58665,58675,10
13.03767014,80.21240997,58675,58685,10
13.03709984,80.21235657,58685,58695,10
13.03639984,80.21234894,58695,58705,10
13.03565979,80.21234131,58705,58715,10
13.03524017,80.21231842,58715,58725,10
13.0349102,80.21224976,58725,58755,30
13.0349102,80.21224976,58755,58765,10
13.03454971,80.21219635,58765,58776,11
13.03415012,80.21212006,58776,58786,10
13.03374004,80.21204376,58786,58796,10
13.03370953,80.21204376,58796,58812,16
13.0335598,80.21202087,58812,58824,12
13.03302956,80.21193695,58824,58834,10
13.03252029,80.21188354,58834,58843,9
13.03186989,80.2116394,58843,58854,11
13.03197002,80.21089172,58854,58864,10
13.0320797,80.21008301,58864,58873,9
13.03199959,80.20973206,58873,58884,11
13.03145981,80.20944214,58884,58893,9
13.03081036,80.20931244,58893,58903,10
13.03015995,80.2091217,58903,58915,12
13.02968025,80.20896912,58915,58925,10
13.02945995,80.20887756,58925,58935,10
13.02921009,80.20877075,58935,58945,10
13.0285902,80.20865631,58945,58955,10
13.02779961,80.20842743,58955,58964,9
13.02719975,80.20807648,58964,58975,11
13.02637959,80.2075882,58975,58984,9
13.02569008,80.20720673,58984,58996,12
13.02470016,80.20697021,58996,59006,10
13.02410984,80.20684814,59006,59016,10
13.02355957,80.20667267,59016,59026,10
13.02278042,80.20652008,59026,59036,10
13.02198029,80.20644379,59036,59046,10
13.02110958,80.20642853,59046,59056,10
13.02011013,80.20642853,59056,59066,10
13.01912022,80.20629883,59066,59086,20
13.01912022,80.20629883,59086,59096,10
13.01898003,80.20628357,59096,59106,10
13.01869011,80.20620728,59106,59117,11
13.01799965,80.20597839,59117,59127,10
13.01741982,80.20575714,59127,59137,10
13.01681042,80.20545197,59137,59147,10
13.01607037,80.20527649,59147,59157,10
13.01543999,80.20501709,59157,59167,10
13.01426029,80.20459747,59167,59177,10
13.01366997,80.20445251,59177,59187,10
13.0135603,80.20459747,59187,59238,51
13.0135603,80.20459747,59238,59248,10
13.01348972,80.20469666,59248,59258,10
13.01338959,80.20510864,59258,59268,10
13.01315975,80.20578766,59268,59278,10
13.01298046,80.20770264,59278,59288,10
13.01298046,80.20770264,59288,59298,10
13.01290989,80.20836639,59298,59308,10
13.01292038,80.20861053,59308,59318,10
13.01298046,80.20903015,59318,59328,10
13.01315975,80.20954895,59328,59339,11
13.0132103,80.21006012,59339,59349,10
13.01315022,80.21060181,59349,59360,11
13.0128603,80.21138763,59360,59370,10
13.01243019,80.21205139,59370,59380,10
13.01200008,80.21266174,59380,59390,10
13.01177025,80.2128067,59390,59400,10
13.01154041,80.21264648,59400,59410,10
13.01107025,80.21230316,59410,59420,10
13.01049042,80.21188354,59420,59430,10
13.01000023,80.21147919,59430,59440,10
13.00951004,80.21114349,59440,59504,64
13.00951004,80.21114349,59504,59514,10
13.00912952,80.21135712,59514,59524,10
13.00899982,80.21157837,59524,59533,9
13.00912952,80.21198273,59533,59544,11
13.00940037,80.21273041,59544,59554,10
13.00971031,80.21350098,59554,59565,11
13.01004028,80.21425629,59565,59573,8
13.01019001,80.21485138,59573,59585,12
13.01035976,80.21585083,59585,59595,10
13.01078987,80.21679688,59595,59604,9
13.01117039,80.21759033,59604,59615,11
13.01165009,80.21896362,59615,59625,10
13.01204014,80.22019958,59625,59635,10
13.01243973,80.22115326,59635,59645,10
13.01270962,80.22161102,59645,59655,10
13.01329994,80.22239685,59655,59665,10
13.01387024,80.2230835,59665,59676,11
13.01420021,80.22348785,59676,59686,10
13.01471996,80.22399902,59686,59696,10
13.01496029,80.22454834,59696,59706,10
13.01511002,80.22476196,59706,59716,10
13.01531982,80.2250824,59716,59726,10
13.01539993,80.22525024,59726,59736,10
13.01537991,80.22557068,59736,59746,10
13.01519966,80.22580719,59746,59756,10
13.01502037,80.22589874,59756,59789,33
13.01502037,80.22589874,59789,59835,46
13.01371956,80.22647858,59835,59845,10
13.01288986,80.22680664,59845,59855,10
13.01187992,80.227211,59855,59865,10
13.0108099,80.2276535,59865,59875,10
13.00984001,80.22801208,59875,59885,10
13.0095396,80.22756195,59885,59895,10
13.00984955,80.22696686,59895,59906,11
13.01025009,80.22605896,59906,59916,10
13.01062965,80.22512054,59916,59927,11
13.0109396,80.22425079,59927,59937,10
13.01119041,80.22358704,59937,59947,10
13.01124001,80.22322083,59947,59957,10
13.01089001,80.22296906,59957,59966,9
13.01023006,80.22267914,59966,59976,10
13.00948048,80.22229004,59976,59987,11
13.00868034,80.22186279,59987,59997,10
13.00806046,80.22149658,59997,60008,11
13.0072298,80.22106171,60008,60019,11
13.00617027,80.2206192,60019,60029,10
13.00508022,80.22039032,60029,60039,10
13.00424004,80.2201767,60039,60049,10
13.00327969,80.21996307,60049,60059,10
13.00238037,80.21943665,60059,60069,10
13.00162029,80.21864319,60069,60079,10
13.00074005,80.21803284,60079,60089,10
12.99989986,80.21749115,60089,60099,10
12.99909973,80.21704865,60099,60109,10
12.99827003,80.21669006,60109,60119,10
12.99752998,80.21655273,60119,60130,11
12.99732018,80.21653748,60130,60140,10
12.99719048,80.21653748,60140,60150,10
12.99687004,80.21653748,60150,60160,10
12.99641991,80.21659851,60160,60170,10
12.99582005,80.21672058,60170,60180,10
12.99528027,80.21690369,60180,60190,10
12.99495029,80.21710205,60190,60200,10
12.9946804,80.2173233,60200,60210,10
12.99421978,80.21768951,60210,60220,10
12.99363995,80.21813965,60220,60230,10
12.99298,80.21858978,60230,60241,11
12.99221039,80.2191391,60241,60250,9
12.99158955,80.21958923,60250,60261,11
12.99112034,80.2195282,60261,60271,10
12.99108028,80.21951294,60271,60281,10
12.99096966,80.21941376,60281,60291,10
12.99048042,80.21927643,60291,60301,10
12.98972034,80.21903229,60301,60311,10
12.98878002,80.21868896,60311,60321,10
12.98773956,80.21843719,60321,60331,10
12.98688984,80.21829987,60331,60341,10
12.98674011,80.21824646,60341,60352,11
12.98630047,80.21811676,60352,60362,10
12.98548985,80.2179718,60362,60372,10
12.98468018,80.21795654,60372,60382,10
12.9840498,80.21795654,60382,60392,10
12.98381996,80.21797943,60392,60402,10
12.98351955,80.2179718,60402,60412,10
12.98283005,80.21794891,60412,60422,10
12.9819603,80.21794891,60422,60432,10
12.98093033,80.21820068,60432,60442,10
12.98007011,80.21852875,60442,60452,10
12.97947979,80.21878052,60452,60463,11
12.97883987,80.21907043,60463,60473,10
12.97828007,80.2193222,60473,60483,10
12.97735977,80.21970367,60483,60513,30
12.97735977,80.21970367,60513,60523,10
12.97710037,80.219841,60523,60553,30
12.97710037,80.219841,60553,60563,10
12.97673988,80.21997833,60563,60685,122
12.97673988,80.21997833,60685,60695,10
12.97618008,80.22025299,60695,60876,181
12.97618008,80.22025299,60876,60886,10
12.97579956,80.22033691,60886,60896,10
12.9756403,80.22042847,60896,60907,11
12.97550011,80.22068787,60907,60917,10
12.97570992,80.22100067,60917,60927,10
12.9760704,80.22145844,60927,60937,10
12.97634983,80.22177124,60937,60956,19
12.97634983,80.22177124,60956,60967,11
12.97644997,80.22206116,60967,60977,10
12.97657967,80.22228241,60977,60987,10
12.97679996,80.22258759,60987,60997,10
12.97716045,80.22316742,60997,61007,10
12.97758961,80.22386169,61007,61018,11
12.97811985,80.22467804,61018,61028,10
12.97865009,80.22553253,61028,61038,10
12.97918034,80.22637939,61038,61048,10
12.97953987,80.22698975,61048,61058,10
12.97996998,80.22769928,61058,61068,10
12.9804697,80.22853851,61068,61078,10
12.98091984,80.22931671,61078,61088,10
12.98118973,80.22975159,61088,61098,10
12.98157978,80.23034668,61098,61108,10
12.98192024,80.23104095,61108,61118,10
12.98206997,80.23194122,61118,61129,11
12.98184013,80.23303986,61129,61139,10
12.98155975,80.23365021,61139,61149,10
12.98143959,80.23387909,61149,61159,10
12.98124981,80.23442078,61159,61169,10
12.98122978,80.23518372,61169,61179,10
12.98122978,80.23599243,61179,61189,10
12.98126984,80.23693848,61189,61199,10
12.98128986,80.23773956,61199,61209,10
12.98130989,80.23828125,61209,61219,10
12.98132038,80.2387085,61219,61229,10
12.98132038,80.23880768,61229,61240,11
12.98132038,80.23931885,61240,61250,10
12.98134041,80.23973846,61250,61260,10
12.98136044,80.24022675,61260,61270,10
12.98136997,80.24099731,61270,61280,10
12.98136997,80.24189758,61280,61290,10
12.98139,80.24259949,61290,61300,10
12.98139954,80.24282074,61300,61310,10
12.98138046,80.24317169,61310,61320,10
12.98134041,80.24382782,61320,61330,10
12.98122978,80.24469757,61330,61340,10
12.98110008,80.24575043,61340,61351,11
12.98095989,80.24701691,61351,61361,10
12.98087025,80.24816132,61361,61371,10
12.98077011,80.24932861,61371,61381,10
12.98054028,80.25048065,61381,61391,10
12.98023987,80.25157928,61391,61401,10
12.98007965,80.25222778,61401,61411,10
12.98009014,80.25235748,61411,61421,10
12.98009968,80.25240326,61421,61431,10
12.98027992,80.25256348,61431,61441,10
12.98066044,80.25260925,61441,61451,10
12.98138046,80.25260925,61451,61462,11
12.98244953,80.25257111,61462,61472,10
12.98355961,80.25245667,61472,61482,10
12.98466015,80.25215912,61482,61492,10
12.98563004,80.25187683,61492,61502,10
12.98624039,80.25171661,61502,61512,10
12.98684978,80.2515564,61512,61522,10
12.98744965,80.25137329,61522,61532,10
12.98787975,80.2516098,61532,61542,10
12.98799992,80.25205231,61542,61552,10
12.98799992,80.25244904,61552,61562,10
12.98793983,80.25292969,61562,61573,11
12.98793983,80.25299835,61573,61583,10
12.98791027,80.2533493,61583,61593,10
12.98787022,80.25398254,61593,61603,10
12.98783016,80.25444031,61603,61613,10
12.98779964,80.25480652,61613,61673,60
12.98775005,80.25488281,61673,61784,111
12.98779011,80.25488281,61784,61845,61
12.98779011,80.25488281,61845,61855,10
12.98777962,80.25507355,61855,61865,10
12.98773003,80.25552368,61865,61875,10
12.98766041,80.25595093,61875,61885,10
12.98760033,80.25657654,61885,61895,10
12.98752975,80.25734711,61895,61906,11
12.9874897,80.25821686,61906,61916,10
12.98742008,80.25888824,61916,61926,10
12.98731041,80.25936127,61926,61956,30
12.98731041,80.25936127,61956,61966,10
12.9872303,80.25956726,61966,61976,10
12.98709011,80.25958252,61976,61986,10
12.98690987,80.25953674,61986,61996,10
12.98668003,80.25952148,61996,62007,11
12.98661041,80.25913239,62007,62761,754
12.98696995,80.25914764,62761,62812,51
12.98696995,80.25914764,62812,62822,10
12.98736,80.25901794,62822,62832,10
12.98738003,80.25866699,62832,62842,10
12.98740959,80.25826263,62842,62852,10
12.98742008,80.2579422,62852,62862,10
12.98742962,80.25740051,62862,62872,10
12.98748016,80.2568512,62872,63052,180
12.98748016,80.2568512,63052,63062,10
12.98760033,80.25650787,63062,63072,10
12.9875803,80.25601959,63072,63082,10
12.98768997,80.25541687,63082,63092,10
12.98773003,80.25473785,63092,63102,10
12.98781967,80.25388336,63102,63112,10
12.98785973,80.25298309,63112,63122,10
12.98789024,80.25221252,63122,63131,9
12.98779011,80.25180817,63131,63172,41
12.98779011,80.25180817,63172,63183,11
12.98764038,80.25161743,63183,63193,10
12.98711967,80.25169373,63193,63203,10
12.98641968,80.2518692,63203,63213,10
12.98560047,80.25209045,63213,63223,10
12.98464012,80.25237274,63223,63233,10
12.98357964,80.25263977,63233,63243,10
12.98248959,80.25274658,63243,63254,11
12.98136997,80.2527771,63254,63264,10
12.98034,80.25279236,63264,63274,10
12.97994041,80.25254822,63274,63284,10
12.97994995,80.25215149,63284,63294,10
12.97998047,80.25205231,63294,63304,10
12.98007965,80.25167084,63304,63314,10
12.98027992,80.25100708,63314,63324,10
12.98054028,80.25016022,63324,63334,10
12.98069954,80.24938202,63334,63344,10
12.98081017,80.2480011,63344,63354,10
12.9809103,80.24681091,63354,63365,11
12.98104954,80.24539948,63365,63375,10
12.98118019,80.24417114,63375,63385,10
12.98128033,80.24363708,63385,63395,10
12.98134995,80.24330139,63395,63405,10
12.98136044,80.24285889,63405,63415,10
12.98136997,80.24285126,63415,63425,10
12.98139954,80.2425766,63425,63435,10
12.98136997,80.24198151,63435,63445,10
12.98136044,80.24117279,63445,63455,10
12.98134041,80.24043274,63455,63465,10
12.98134995,80.24014282,63465,63476,11
12.98132992,80.2397995,63476,63486,10
12.98132038,80.23953247,63486,63496,10
12.98130035,80.23898315,63496,63506,10
12.98128986,80.23832703,63506,63516,10
12.98130035,80.23795319,63516,63526,10
12.98130035,80.23777771,63526,63536,10
12.98126984,80.23729706,63536,63546,10
12.98124027,80.23660278,63546,63556,10
12.98122025,80.23584747,63556,63566,10
12.98120022,80.23522949,63566,63576,10
12.98120022,80.23470306,63576,63587,11
12.98128033,80.23419952,63587,63597,10
12.98143005,80.2338028,63597,63607,10
12.9815197,80.23356628,63607,63617,10
12.98161983,80.2333374,63617,63647,30
12.98161983,80.2333374,63647,63657,10
12.98174953,80.23306274,63657,63667,10
12.98192024,80.23262787,63667,63677,10
12.98200035,80.2322464,63677,63687,10
12.98198986,80.23181152,63687,63697,10
12.98190022,80.23127747,63697,63708,11
12.98163033,80.23066711,63708,63718,10
12.98128033,80.23007965,63718,63728,10
12.98108006,80.22975159,63728,63738,10
12.98095036,80.22953796,63738,63748,10
12.98087978,80.22937775,63748,63758,10
12.98073959,80.22917938,63758,63839,81
12.98073959,80.22917938,63839,63849,10
12.98058033,80.22899628,63849,63859,10
12.9803896,80.22866821,63859,63869,10
12.98023033,80.22827148,63869,63879,10
12.97996044,80.22776794,63879,63895,16
12.97929955,80.22663116,63895,63908,13
12.97869968,80.2256012,63908,63918,10
12.97823048,80.224823,63918,63929,11
12.97780037,80.22425842,63929,63939,10
12.97758007,80.22393036,63939,63949,10
12.97739029,80.22367096,63949,63959,10
12.9773798,80.22366333,63959,63969,10
12.97725964,80.22344971,63969,63979,10
12.97710991,80.22318268,63979,63989,10
12.97700024,80.22296143,63989,63999,10
12.97692013,80.22284698,63999,64009,10
12.97684002,80.22274017,64009,64019,10
12.97665024,80.22245026,64019,64029,10
12.97653961,80.22223663,64029,64040,11
12.97636032,80.22194672,64040,64060,20
12.97636032,80.22194672,64060,64070,10
12.97624016,80.22170258,64070,64080,10
12.97595024,80.2212677,64080,64100,20
12.97595024,80.2212677,64100,64110,10
12.97574997,80.22112274,64110,64120,10
12.97558975,80.22097778,64120,64140,20
12.97558975,80.22097778,64140,64151,11
12.97539997,80.22084808,64151,64241,90
12.97539997,80.22084808,64241,64251,10
12.97548008,80.2204895,64251,64262,11
12.97581005,80.2202301,64262,64272,10
12.9764204,80.21994781,64272,64282,10
12.97716999,80.21961975,64282,64292,10
12.97803974,80.21926117,64292,64302,10
12.97867012,80.2190094,64302,64312,10
12.97924042,80.21877289,64312,64322,10
12.97951031,80.21865082,64322,64332,10
12.97966003,80.21858978,64332,64342,10
12.97994041,80.21851349,64342,64352,10
12.98042011,80.21832275,64352,64362,10
12.98112011,80.21806335,64362,64373,11
12.98198032,80.21785736,64373,64383,10
12.98227978,80.21788025,64383,64393,10
12.98276997,80.21788025,64393,64403,10
12.98348999,80.21788025,64403,64413,10
12.98379993,80.21787262,64413,64423,10
12.98384953,80.21788025,64423,64433,10
12.98419952,80.21788025,64433,64443,10
12.98437023,80.21785736,64443,64453,10
12.9848299,80.21785736,64453,64463,10
12.98554993,80.21785736,64463,64473,10
12.98633957,80.2180481,64473,64484,11
12.98738003,80.21824646,64484,64514,30
12.98738003,80.21824646,64514,64524,10
12.98777008,80.21838379,64524,64534,10
12.98826981,80.21849823,64534,64544,10
12.9889698,80.21868896,64544,64554,10
12.98981953,80.21897125,64554,64564,10
12.99079037,80.21925354,64564,64574,10
12.99166965,80.21943665,64574,64584,10
12.99223995,80.21903992,64584,64595,11
12.99312973,80.21836853,64595,64605,10
12.99384022,80.21788788,64605,64615,10
12.99413967,80.21768188,64615,64625,10
12.99421978,80.21762085,64625,64635,10
12.99435997,80.21746826,64635,64645,10
12.99470043,80.21723175,64645,64655,10
12.99507999,80.21695709,64655,64665,10
12.99551964,80.21672058,64665,64675,10
12.99588013,80.21656799,64675,64685,10
12.99596977,80.21655273,64685,64695,10
12.99637032,80.21653748,64695,64726,31
12.99637032,80.21653748,64726,64736,10
12.99666023,80.21652985,64736,64746,10
12.99697971,80.21652222,64746,64756,10
12.99726009,80.21633911,64756,64766,10
12.99732018,80.21620178,64766,64776,10
12.99748039,80.2161026,64776,64786,10
12.99781036,80.21585846,64786,64796,10
12.99827957,80.2154007,64796,64806,10
12.9988699,80.21489716,64806,64817,11
12.99917984,80.21459961,64817,64827,10
12.99960041,80.21425629,64827,64837,10
13.00006962,80.21389008,64837,64847,10
13.00057983,80.21343231,64847,64857,10
13.00104046,80.21298218,64857,64867,10
13.00164032,80.21256256,64867,64877,10
13.00216961,80.21224213,64877,64887,10
13.00273037,80.21211243,64887,64897,10
13.00333977,80.21206665,64897,64907,10
13.00364017,80.21192169,64907,64917,10
13.00370026,80.21179199,64917,64928,11
13.00366974,80.21124268,64928,64938,10
13.00358009,80.21061707,64938,64948,10
13.00352001,80.21008301,64948,64958,10
13.00347996,80.20974731,64958,64968,10
13.00352001,80.2094574,64968,64988,20
13.00352001,80.2094574,64988,64998,10
13.00358009,80.20918274,64998,65008,10
13.00362015,80.20896149,65008,65018,10
13.00364017,80.20884705,65018,65028,10
13.00384998,80.20864105,65028,65039,11
13.00450993,80.20887756,65039,65049,10
13.00535965,80.20924377,65049,65058,9
13.00603962,80.2095108,65058,65069,11
13.00642014,80.2096405,65069,65079,10
13.00687027,80.2097702,65079,65089,10
13.00712013,80.20980072,65089,65099,10
13.00741005,80.20983887,65099,65119,20
13.00741005,80.20983887,65119,65129,10
13.00759029,80.20987701,65129,65139,10
13.00786018,80.20996094,65139,65150,11
13.00811005,80.20996094,65150,65160,10
13.00809002,80.20954132,65160,65170,10
13.00798988,80.20896912,65170,65180,10
13.00784969,80.20815277,65180,65190,10
13.00769997,80.20729828,65190,65200,10
13.00759983,80.20665741,65200,65210,10
13.00753975,80.20600128,65210,65220,10
13.00749969,80.20536804,65220,65230,10
13.00749016,80.20461273,65230,65240,10
13.00743008,80.20381165,65240,65250,10
13.00726032,80.20291901,65250,65261,11
13.00662994,80.20265961,65261,65271,10
13.00667953,80.20326233,65271,65281,10
13.00728989,80.20359039,65281,65291,10
13.00798035,80.20372009,65291,65301,10
13.00877953,80.20368195,65301,65311,10
13.00971985,80.20362854,65311,65321,10
13.01078033,80.20362091,65321,65331,10
13.01194954,80.20375824,65331,65341,10
13.01305962,80.20397949,65341,65351,10
13.01389027,80.2042923,65351,65361,10
13.01463032,80.2045517,65361,65372,11
13.01519966,80.20462036,65372,65382,10
13.01585007,80.20484924,65382,65392,10
13.01620007,80.20493317,65392,65402,10
13.0164299,80.2049408,65402,65412,10
13.01681042,80.20507813,65412,65422,10
13.01708031,80.20543671,65422,65432,10
13.0173502,80.20554352,65432,65442,10
13.01766014,80.20558929,65442,65452,10
13.0180397,80.20568085,65452,65462,10
13.01828003,80.20578003,65462,65472,10
13.01844978,80.20581818,65472,65482,10
13.01881027,80.20594788,65482,65493,11
13.01959991,80.20619202,65493,65503,10
13.02038002,80.20626831,65503,65513,10
13.0212698,80.20629883,65513,65523,10
13.02202034,80.20630646,65523,65533,10
13.02258015,80.20645905,65533,65543,10
13.0230999,80.20657349,65543,65553,10
13.02383041,80.20667267,65553,65563,10
13.02420044,80.20671844,65563,65573,10
13.02472019,80.20681763,65573,65583,10
13.0251503,80.20690918,65583,65594,11
13.02565956,80.2071991,65594,65634,40
13.02565956,80.2071991,65634,65644,10
13.02587986,80.20733643,65644,65654,10
13.02624035,80.20747375,65654,65664,10
13.02665997,80.20764923,65664,65674,10
13.02703953,80.20786285,65674,65684,10
13.02731991,80.2080307,65684,65694,10
13.02752972,80.2081604,65694,65725,31
13.02752972,80.2081604,65725,65735,10
13.02787971,80.20835876,65735,65745,10
13.02816963,80.20847321,65745,65755,10
13.02853012,80.20857239,65755,65765,10
13.02894974,80.20867157,65765,65775,10
13.02927971,80.20874023,65775,65795,20
13.02927971,80.20874023,65795,65805,10
13.02945995,80.20870209,65805,65816,11
13.02974987,80.20879364,65816,65826,10
13.03019047,80.20896149,65826,65836,10
13.03069019,80.2091217,65836,65846,10
13.03120995,80.20925903,65846,65856,10
13.03125954,80.20926666,65856,65866,10
13.03164005,80.20935822,65866,65876,10
13.03223038,80.20944214,65876,65886,10
13.03306007,80.20966339,65886,65896,10
13.03386021,80.20986176,65896,65906,10
13.03466034,80.20999146,65906,65916,10
13.03487968,80.21006012,65916,65926,10
13.03497982,80.21034241,65926,65937,11
13.03495979,80.21083069,65937,65957,20
13.03495979,80.21083069,65957,65967,10
13.03497982,80.21102142,65967,65977,10
13.03499031,80.21109009,65977,65987,10
13.03501034,80.21125031,65987,65997,10
13.03491974,80.21147919,65997,66007,10
13.03485966,80.21186829,66007,66017,10
13.03499031,80.21214294,66017,66027,10
13.03544044,80.21225739,66027,66037,10
13.03590012,80.21228027,66037,66078,41
13.03590012,80.21228027,66078,66088,10
13.03623962,80.2122879,66088,66098,10
13.03641987,80.21227264,66098,66108,10
13.03666973,80.21227264,66108,66118,10
13.0369997,80.21228027,66118,66134,16
13.03794003,80.21224976,66134,66146,12
13.03897953,80.21221161,66146,66157,11
13.03999043,80.21224976,66157,66167,10
13.04117966,80.21224213,66167,66175,8
13.0420599,80.21224976,66175,66188,13
13.04314041,80.21224213,66188,66198,10
13.04358006,80.21224213,66198,66208,10
13.04417038,80.21224213,66208,66410,202
13.04417038,80.21224213,66410,66420,10
13.04448986,80.21221924,66420,66430,10
13.04502964,80.21224213,66430,66440,10
13.04576015,80.21221924,66440,66449,9
13.04660034,80.21219635,66449,66460,11
13.04755974,80.21214294,66460,66470,10
13.04843044,80.21208954,66470,66480,10
13.04862976,80.21201324,66480,66491,11
13.0488596,80.21195984,66491,66501,10
13.04950047,80.21193695,66501,66511,10
13.05012035,80.21190643,66511,66521,10
13.05056953,80.21199036,66521,66531,10
13.05095959,80.2120285,66531,66541,10
13.05177975,80.21198273,66541,66551,10
13.05282021,80.21183777,66551,66561,10
13.05366039,80.21160889,66561,66571,10
13.05438042,80.21147919,66571,66581,10
13.05484009,80.21147156,66581,66591,10
13.05552959,80.21154022,66591,66601,10
13.05648041,80.21148682,66601,66612,11
13.05725002,80.2114563,66612,66622,10
13.05751991,80.21147919,66622,66632,10
13.05770969,80.21141815,66632,66642,10
13.05799961,80.2114563,66642,66652,10
13.0583601,80.21150208,66652,66662,10
13.05891037,80.21151733,66662,66672,10
13.05974007,80.21156311,66672,66682,10
13.06058979,80.21159363,66682,66691,9
13.06128979,80.21160126,66691,66702,11
13.06184006,80.21160889,66702,66713,11
13.06268978,80.21160126,66713,66723,10
13.06319046,80.21160126,66723,66733,10
13.06352043,80.21154785,66733,66753,20
13.06352043,80.21154785,66753,66763,10
13.06369019,80.21150208,66763,66773,10
13.06396008,80.21150208,66773,66783,10
13.0644598,80.21134949,66783,66793,10
13.06499958,80.21099091,66793,66803,10
13.06577015,80.21045685,66803,66812,9
13.06645012,80.2098999,66812,66824,12
13.0672102,80.20896149,66824,66834,10
13.06776047,80.20806885,66834,66844,10
13.06840038,80.20716095,66844,66853,9
13.0689497,80.20626831,66853,66864,11
13.06935978,80.20556641,66864,66874,10
13.06962967,80.20504761,66874,66884,10
13.0696497,80.20496368,66884,66894,10
13.06947041,80.20482635,66894,66904,10
13.06921005,80.20509338,66904,66914,10
13.06892967,80.20533752,66914,66924,10
13.06869984,80.20519257,66924,66935,11
13.06838989,80.2052002,66935,67419,484
13.06838989,80.2052002,67419,67429,10
13.06814957,80.20511627,67429,67722,293
13.06814957,80.20511627,67722,67732,10
13.06838036,80.20491791,67732,67752,20
13.06838036,80.20491791,67752,67762,10
13.06863022,80.20484161,67762,67772,10
13.06914997,80.20471954,67772,67782,10
13.06970024,80.20488739,67782,67812,30
13.06970024,80.20488739,67812,67822,10
13.06978035,80.2050705,67822,67833,11
13.06968975,80.20536041,67833,67843,10
13.06937027,80.20583344,67843,67853,10
13.06890011,80.2065506,67853,67863,10
13.06836987,80.20742035,67863,67873,10
13.06777954,80.20839691,67873,67883,10
13.06719971,80.20931244,67883,67893,10
13.06661987,80.21002197,67893,67903,10
13.06556034,80.21086884,67903,67913,10
13.06507969,80.21125793,67913,67923,10
13.06503963,80.21128845,67923,67933,10
13.0649004,80.21134186,67933,67944,11
13.06453037,80.21154022,67944,67954,10
13.06451035,80.21156311,67954,67964,10
13.06429005,80.2116394,67964,67974,10
13.06400967,80.21170044,67974,67984,10
13.0636301,80.21170807,67984,67994,10
13.06303024,80.21172333,67994,68004,10
13.06237984,80.21173859,68004,68014,10
13.06173992,80.21173859,68014,68024,10
13.0610199,80.21169281,68024,68034,10
13.06037045,80.21166229,68034,68044,10
13.0596199,80.21160889,68044,68055,11
13.05906963,80.21160126,68055,68065,10
13.05873966,80.21159363,68065,68075,10
13.05832958,80.21157837,68075,68085,10
13.05803967,80.21157074,68085,68095,10
13.05774021,80.21156311,68095,68105,10
13.05729008,80.21156311,68105,68115,10
13.05657959,80.21153259,68115,68125,10
13.0557003,80.21150208,68125,68135,10
13.05482006,80.21147919,68135,68145,10
13.05463028,80.2115097,68145,68155,10
13.0542202,80.21160126,68155,68166,11
13.05348969,80.21176147,68166,68176,10
13.05272961,80.21196747,68176,68186,10
13.05181026,80.21219635,68186,68216,30
13.05181026,80.21219635,68216,68226,10
13.05150032,80.21218872,68226,68236,10
13.05113029,80.21214294,68236,68246,10
13.05080986,80.21212006,68246,68256,10
13.04969025,80.2121582,68256,68297,41
13.04969025,80.2121582,68297,68307,10
13.0492897,80.21214294,68307,68317,10
13.04881954,80.2121582,68317,68327,10
13.04810047,80.21221924,68327,68337,10
13.04726028,80.21230316,68337,68347,10
13.04601955,80.21234894,68347,68478,131
13.04601955,80.21234894,68478,68488,10
13.0457201,80.21235657,68488,68499,11
13.04549026,80.21237946,68499,68509,10
13.0452404,80.21240234,68509,68519,10
13.04496002,80.2124176,68519,68529,10
13.04456043,80.2124176,68529,68539,10
13.0440197,80.21237946,68539,68549,10
13.04327965,80.21235657,68549,68559,10
13.04253006,80.21228027,68559,68569,10
13.04162025,80.21231079,68569,68579,10
13.04051971,80.21234894,68579,68589,10
13.03938007,80.21235657,68589,68599,10
13.0384798,80.21237946,68599,68610,11
13.03773975,80.21240997,68610,68620,10
13.03754997,80.21240234,68620,68630,10
13.03732014,80.21237183,68630,68640,10
13.03709984,80.21234131,68640,68656,16
13.03612995,80.21234894,68656,68678,22
13.03612995,80.21234894,68678,68686,8
13.03573036,80.21234131,68686,68698,12
13.03534031,80.21233368,68698,68709,11
13.03518963,80.21231842,68709,68720,11
13.03485966,80.21228027,68720,68729,9
13.03460979,80.21221924,68729,68740,11
13.03423977,80.21214294,68740,68781,41
13.03423977,80.21214294,68781,68791,10
13.03384018,80.21202087,68791,68801,10
13.03334045,80.21192932,68801,68811,10
13.03256035,80.21183777,68811,68821,10
13.03190041,80.21161652,68821,68832,11
13.03190994,80.21085358,68832,68842,10
13.03195,80.21006012,68842,68852,10
13.03190041,80.20966339,68852,68862,10
13.03162003,80.20957184,68862,68872,10
13.03100967,80.20932007,68872,68882,10
13.03024006,80.20908356,68882,68892,10
13.02960014,80.20889282,68892,68912,20
13.02960014,80.20889282,68912,68922,10
13.02929974,80.20877838,68922,68932,10
13.02849007,80.20858002,68932,68943,11
13.02762032,80.20822906,68943,68959,16
13.02624035,80.20744324,68959,68971,12
13.02503967,80.20697021,68971,68981,10
13.02427959,80.2068634,68981,68991,10
13.02425957,80.20684052,68991,69001,10
13.02390003,80.20677185,69001,69011,10
13.0233202,80.20667267,69011,69021,10
13.02311993,80.20687103,69021,69031,10
13.02215958,80.20664978,69031,69041,10
13.02165985,80.20645142,69041,69052,11
13.0211401,80.20644379,69052,69062,10
13.02038002,80.20641327,69062,69072,10
13.01922035,80.20635223,69072,69102,30
13.01922035,80.20635223,69102,69112,10
13.01898956,80.20626068,69112,69122,10
13.01861,80.2061615,69122,69132,10
13.01817989,80.20600891,69132,69142,10
13.01813984,80.20601654,69142,69152,10
13.01786995,80.20593262,69152,69163,11
13.01743984,80.20571899,69163,69173,10
13.01723003,80.20561218,69173,69183,10
13.01667023,80.20527649,69183,69193,10
13.01572037,80.20498657,69193,69203,10
13.01486969,80.20471954,69203,69213,10
13.01414013,80.20449066,69213,69223,10
13.01364994,80.20452118,69223,69243,20
13.01364994,80.20452118,69243,69252,9
13.01348019,80.20474243,69252,69262,10
13.01333046,80.20519257,69262,69274,12
13.01309013,80.20600128,69274,69284,10
13.01299,80.20678711,69284,69294,10
13.01292038,80.20748901,69294,69304,10
13.01282978,80.20812225,69304,69314,10
13.01288033,80.20858765,69314,69324,10
13.01290989,80.20903778,69324,69334,10
13.01313972,80.20963287,69334,69344,10
13.0131197,80.2101593,69344,69354,10
13.01303005,80.21077728,69354,69364,10
13.01270962,80.21140289,69364,69374,10
13.01247025,80.21186829,69374,69385,11
13.01220036,80.21219635,69385,69395,10
13.01191044,80.21264648,69395,69405,10
13.01175976,80.2127533,69405,69415,10
13.01154041,80.2126236,69415,69425,10
13.01117039,80.21234894,69425,69435,10
13.01066017,80.21192932,69435,69445,10
13.01012039,80.21150208,69445,69465,20
13.00979042,80.21128845,69465,69496,31
13.00948048,80.2110672,69496,69536,40
13.00924015,80.21103668,69536,69565,29
13.00924015,80.21103668,69565,69575,10
13.00899982,80.21150208,69575,69585,10
13.00907993,80.21186829,69585,69596,11
13.00926971,80.21250153,69596,69607,11
13.00951004,80.21320343,69607,69617,10
13.00977993,80.21388245,69617,69627,10
13.01006031,80.2145462,69627,69637,10
13.01019001,80.21536255,69637,69647,10
13.01039982,80.21607971,69647,69657,10
13.01070023,80.2167511,69657,69667,10
13.01105022,80.21743774,69667,69677,10
13.0113802,80.2183075,69677,69687,10
13.01167965,80.21920776,69687,69697,10
13.01200008,80.2203064,69697,69706,9
13.01228046,80.22113037,69706,69718,12
13.01255989,80.22186279,69718,69728,10
13.01282024,80.22225189,69728,69738,10
13.01307011,80.2224884,69738,69748,10
13.01336956,80.22277069,69748,69758,10
13.01373959,80.22315216,69758,69768,10
13.01397038,80.22341156,69768,69778,10
13.01418018,80.22373199,69778,69788,10
13.01455975,80.22427368,69788,69798,10
13.01498032,80.22467804,69798,69808,10
13.01533985,80.22509766,69808,69818,10
13.0153904,80.22545624,69818,69829,11
13.01513004,80.22577667,69829,69839,10
13.01469994,80.22592163,69839,69849,10
13.01408958,80.22621155,69849,69859,10
13.01340961,80.22647858,69859,69869,10
13.01270008,80.22679901,69869,69879,10
13.01187992,80.22711945,69879,69889,10
13.01099014,80.22747803,69889,69899,10
13.0101099,80.22779083,69899,69909,10
13.00946045,80.22769928,69909,69919,10
13.0096302,80.22715759,69919,69929,10
13.00992966,80.22653961,69929,69940,11
13.01029968,80.22563934,69940,69950,10
13.0106802,80.22477722,69950,69960,10
13.01095009,80.22400665,69960,69970,10
13.01117992,80.22329712,69970,69980,10
13.01091003,80.22299957,69980,69990,10
13.01041985,80.2227478,69990,70000,10
13.00981998,80.22245026,70000,70010,10
13.00918007,80.2220993,70010,70020,10
13.00852013,80.22174835,70020,70030,10
13.00769997,80.22135925,70030,70040,10
13.00697041,80.22096252,70040,70051,11
13.00592041,80.22055817,70051,70061,10
13.00502968,80.22032166,70061,70071,10
13.00421047,80.22010803,70071,70081,10
13.00329971,80.21988678,70081,70091,10
13.00251961,80.2195282,70091,70101,10
13.0019598,80.21898651,70101,70111,10
13.00168991,80.21871185,70111,70121,10
13.00152016,80.21858215,70121,70131,10
13.00146008,80.21852112,70131,70141,10
13.00123978,80.21839142,70141,70151,10
13.00104046,80.21823883,70151,70161,10
13.00082016,80.2180481,70161,70172,11
13.00053978,80.21788025,70172,70182,10
13.00010967,80.21765137,70182,70214,32
13.00010967,80.21765137,70214,70224,10
12.99971008,80.21736908,70224,70234,10
12.99952984,80.21724701,70234,70244,10
12.99936008,80.21716309,70244,70254,10
12.99923038,80.21710205,70254,70263,9
12.99913979,80.21704102,70263,70275,12
12.99890041,80.21694183,70275,70285,10
12.99868965,80.21687317,70285,70295,10
12.99853992,80.21681213,70295,70305,10
12.99829006,80.21669769,70305,70315,10
12.99827003,80.21669006,70315,70325,10
12.99792957,80.21661377,70325,70345,20
12.99773026,80.21653748,70345,70396,51
12.99773026,80.21653748,70396,70406,10
12.99755001,80.21650696,70406,70416,10
12.99736023,80.21650696,70416,70426,10
12.99711037,80.21652222,70426,70436,10
12.99685955,80.21656036,70436,70456,20
12.99685955,80.21656036,70456,70466,10
12.99656963,80.21656799,70466,70476,10
12.99637032,80.21661377,70476,70486,10
12.99629974,80.21662903,70486,70497,11
12.99598026,80.21669769,70497,70507,10
12.99571037,80.21678162,70507,70517,10
12.99542046,80.21684265,70517,70527,10
12.9951601,80.21698761,70527,70537,10
12.99501991,80.21701813,70537,70547,10
12.99473,80.21727753,70547,70557,10
12.99429989,80.2175827,70557,70567,10
12.99400997,80.21781158,70567,70577,10
12.99386024,80.2179184,70577,70587,10
12.99363995,80.21807861,70587,70597,10
12.99341965,80.21822357,70597,70608,11
12.99328041,80.21832275,70608,70618,10
12.99320984,80.2183609,70618,70628,10
12.99291992,80.21855927,70628,70638,10
12.99246025,80.2188797,70638,70648,10
12.99182987,80.21932983,70648,70658,10
12.99155998,80.21956635,70658,70668,10
12.99127007,80.21951294,70668,70678,10
12.99090004,80.21938324,70678,70688,10
12.99024963,80.2191925,70688,70698,10
12.98952961,80.21894836,70698,70708,10
12.98867989,80.21862793,70708,70719,11
12.98777962,80.21842957,70719,70729,10
12.98709965,80.2183075,70729,70749,20
12.98709965,80.2183075,70749,70759,10
12.98676968,80.21823883,70759,70769,10
12.98620987,80.21808624,70769,70779,10
12.98548985,80.2179184,70779,70789,10
12.98499012,80.21794128,70789,70860,71
12.98499012,80.21794128,70860,70870,10
12.98447037,80.2179718,70870,70880,10
12.98406029,80.21797943,70880,70890,10
12.98388958,80.21800232,70890,70900,10
12.98371983,80.21800232,70900,70910,10
12.98328972,80.21800995,70910,70920,10
12.98285961,80.21801758,70920,70930,10
12.98283005,80.21801758,70930,70941,11
12.98264027,80.21797943,70941,70961,20
12.98264027,80.21797943,70961,70971,10
12.98237038,80.21804047,70971,71031,60
12.98200035,80.21795654,71031,71122,91
12.98200035,80.21795654,71122,71132,10
12.9816103,80.21800232,71132,71243,111
12.98122978,80.21806335,71243,71304,61
12.98085022,80.21819305,71304,71364,60
12.98050976,80.21835327,71364,71405,41
12.98050976,80.21835327,71405,71415,10
12.98015022,80.21848297,71415,71425,10
12.97996998,80.21855927,71425,71435,10
12.97976017,80.21865845,71435,71445,10
12.97947979,80.21877289,71445,71465,20
12.97947979,80.21877289,71465,71475,10
12.9792099,80.2188797,71475,71485,10
12.97914028,80.2188797,71485,71496,11
12.97896957,80.21896362,71496,71506,10
12.97881031,80.21903992,71506,71516,10
12.97877979,80.21904755,71516,71526,10
12.97848034,80.21920776,71526,71617,91
12.97848034,80.21920776,71617,71627,10
12.97801971,80.2193985,71627,71677,50
12.97768021,80.21949768,71677,71849,172
12.97733021,80.21965027,71849,72121,272
12.97688007,80.21984863,72121,72182,61
12.97657967,80.220047,72182,72323,141
12.9763298,80.22007751,72323,72525,202
12.9763298,80.22007751,72525,72535,10
12.97589016,80.22026062,72535,72545,10
12.97574043,80.22032166,72545,72555,10
12.97558022,80.22042847,72555,72565,10
12.9755497,80.22083282,72565,72575,10
12.97579002,80.22112274,72575,72585,10
12.97626019,80.22161102,72585,72626,41
12.97626019,80.22161102,72626,72636,10
12.97638988,80.22187805,72636,72646,10
12.97647953,80.22212219,72646,72656,10
12.97665024,80.22239685,72656,72666,10
12.97694016,80.22280884,72666,72676,10
12.97727966,80.22338104,72676,72686,10
12.97764969,80.22398376,72686,72696,10
12.97803974,80.22457886,72696,72706,10
12.97840977,80.22518158,72706,72716,10
12.97873974,80.22573853,72716,72727,11
12.97914028,80.22640228,72727,72737,10
12.97945976,80.22692108,72737,72747,10
12.97970963,80.2273407,72747,72757,10
12.98007011,80.22795868,72757,72767,10
12.98044968,80.22856903,72767,72777,10
12.98081017,80.22917175,72777,72787,10
12.98108959,80.22962952,72787,72797,10
12.98169994,80.23053741,72797,72817,20
12.98169994,80.23053741,72817,72827,10
12.98173046,80.23068237,72827,72838,11
12.9818697,80.23104095,72838,72848,10
12.98200035,80.23158264,72848,72858,10
12.98200035,80.2322998,72858,72868,10
12.9818697,80.23288727,72868,72878,10
12.98157978,80.23355103,72878,72898,20
12.98157978,80.23355103,72898,72908,10
12.98145008,80.23377991,72908,72918,10
12.98124981,80.23423004,72918,72928,10
12.9811697,80.23477173,72928,72938,10
12.98118973,80.23551178,72938,72949,11
12.98124027,80.23638916,72949,72959,10
12.9812603,80.23719025,72959,72968,9
12.9812603,80.23786926,72968,72979,11
12.98130035,80.23858643,72979,72989,10
12.98130035,80.2387085,72989,72999,10
12.98130035,80.23880768,72999,73009,10
12.98130035,80.23921967,73009,73019,10
12.98130035,80.23970032,73019,73029,10
12.98132038,80.24024963,73029,73039,10
12.98134995,80.2409668,73039,73049,10
12.98136044,80.24175262,73049,73060,11
12.98138046,80.24246216,73060,73070,10
12.98138046,80.24282837,73070,73080,10
12.98139,80.24285889,73080,73090,10
12.98136997,80.24315643,73090,73100,10
12.98136044,80.24365234,73100,73110,10
12.98124981,80.24433899,73110,73120,10
12.98112965,80.24521637,73120,73130,10
12.98101044,80.24623871,73130,73140,10
12.98089981,80.24736786,73140,73150,10
12.98083973,80.24849701,73150,73161,11
12.98069954,80.24967194,73161,73171,10
12.98046017,80.2507019,73171,73181,10
12.98019028,80.25164795,73181,73191,10
12.98009014,80.25213623,73191,73201,10
12.98007965,80.25219727,73201,73211,10
12.98007965,80.25241852,73211,73221,10
12.98034,80.25260162,73221,73231,10
12.98087978,80.25260925,73231,73241,10
12.98165989,80.25260162,73241,73251,10
12.98262978,80.25257111,73251,73261,10
12.98367977,80.25241852,73261,73271,10
12.98476028,80.25209808,73271,73282,11
12.98585987,80.25180054,73282,73298,16
12.98715973,80.25144196,73298,73382,84
12.98715973,80.25144196,73382,73393,11
12.98719025,80.25140381,73393,73403,10
12.9874897,80.25132751,73403,73413,10
12.98777962,80.25134277,73413,73423,10
12.98789978,80.25154114,73423,73433,10
12.98795986,80.25196838,73433,73443,10
12.98797989,80.25250244,73443,73452,9
12.98789978,80.25347137,73452,73463,11
12.98781013,80.25444031,73463,73473,10
12.98781967,80.25492096,73473,73584,111
12.98781967,80.25492096,73584,73594,10
12.98777008,80.25505829,73594,73604,10
12.98775005,80.25527954,73604,73615,11
12.98773956,80.25566101,73615,73624,9
12.98766041,80.25605774,73624,73635,11
12.98760033,80.25653839,73635,73645,10
12.98754978,80.25686646,73645,73655,10
12.98748016,80.25743866,73655,73665,10
12.98744965,80.25814056,73665,73675,10
12.98740005,80.25878906,73675,73685,10
12.98731995,80.25930786,73685,73715,30
12.98731995,80.25930786,73715,73726,11
12.9872303,80.25955963,73726,73736,10
12.98709011,80.25959778,73736,73746,10
12.98707008,80.25958252,73746,73756,10
12.98663044,80.25946045,73756,73796,40
12.98655987,80.25907898,73796,74430,634
12.98651981,80.25904083,74430,74511,81
12.98655987,80.25913239,74511,74904,393
12.98694038,80.25908661,74904,75005,101
12.98694038,80.25908661,75005,75015,10
12.98736,80.25906372,75015,75025,10
12.98736,80.25885773,75025,75035,10
12.98736954,80.25856018,75035,75045,10
12.98740005,80.25816345,75045,75056,11
12.98740959,80.25752258,75056,75066,10
12.98746014,80.25689697,75066,75076,10
12.98748016,80.25634003,75076,75086,10
12.98752022,80.2559967,75086,75096,10
12.9875803,80.25569153,75096,75106,10
12.98766994,80.25514984,75106,75116,10
12.98768044,80.25491333,75116,75126,10
12.98771954,80.25469208,75126,75136,10
12.98777008,80.25408936,75136,75146,10
12.98781967,80.25331116,75146,75156,10
12.98785973,80.25196838,75156,75197,41
12.98785973,80.25196838,75197,75207,10
12.98775959,80.25164795,75207,75217,10
12.98756981,80.25164032,75217,75227,10
12.98707962,80.25167847,75227,75237,10
12.98639011,80.25183868,75237,75247,10
12.98558044,80.25205994,75247,75257,10
12.98468971,80.25228119,75257,75267,10
12.98377037,80.2525177,75267,75278,11
12.98266029,80.25269318,75278,75288,10
12.98161983,80.25273132,75288,75298,10
12.98064041,80.25274658,75298,75308,10
12.97994995,80.25274658,75308,75348,40
12.97994995,80.25274658,75348,75358,10
12.97988987,80.25269318,75358,75368,10
12.97992039,80.25222778,75368,75399,31
12.97992039,80.25222778,75399,75409,10
12.97992039,80.25200653,75409,75419,10
12.9800396,80.25173187,75419,75429,10
12.98021984,80.25119781,75429,75439,10
12.98038006,80.25048065,75439,75449,10
12.98054028,80.24983978,75449,75459,10
12.98069954,80.24877167,75459,75469,10
12.98077965,80.24775696,75469,75479,10
12.98087978,80.24664307,75479,75489,10
12.98101044,80.24546051,75489,75500,11
12.98114014,80.24423981,75500,75510,10
12.98122025,80.24360657,75510,75520,10
12.98132038,80.24333954,75520,75530,10
12.98132992,80.24288177,75530,75540,10
12.98134041,80.24285889,75540,75550,10
12.98136044,80.24266815,75550,75560,10
12.98136997,80.24226379,75560,75570,10
12.98136044,80.24152374,75570,75580,10
12.98134995,80.24073792,75580,75590,10
12.98132038,80.24001312,75590,75600,10
12.98130035,80.23934174,75600,75611,11
12.98128033,80.23854065,75611,75621,10
12.9812603,80.23799133,75621,75631,10
12.9812603,80.23795319,75631,75641,10
12.98124981,80.23758698,75641,75651,10
12.98124027,80.23715973,75651,75661,10
12.98122025,80.23648071,75661,75671,10
12.98120022,80.23576355,75671,75681,10
12.98118019,80.23509979,75681,75691,10
12.98120022,80.23439789,75691,75701,10
12.98159027,80.2334137,75701,75722,21
12.98159027,80.2334137,75722,75732,10
12.98174,80.23310089,75732,75742,10
12.98192024,80.23265839,75742,75752,10
12.98194981,80.23210907,75752,75762,10
12.98192024,80.23159027,75762,75772,10
12.98186016,80.23120117,75772,75782,10
12.98169041,80.23078156,75782,75792,10
12.98143959,80.23033905,75792,75802,10
12.98110008,80.2297821,75802,75812,10
12.98089981,80.22944641,75812,75822,10
12.98073006,80.22917938,75822,75833,11
12.98064041,80.22905731,75833,75843,10
12.98054028,80.22886658,75843,75853,10
12.98036003,80.2285614,75853,75863,10
12.98019028,80.22817993,75863,75879,16
12.97966003,80.22730255,75879,75891,12
12.97924042,80.22659302,75891,75899,8
12.97893047,80.22606659,75899,75911,12
12.97846031,80.22527313,75911,75921,10
12.97809029,80.2246933,75921,75931,10
12.97770977,80.22412872,75931,75942,11
12.9773798,80.22363281,75942,75951,9
12.97714996,80.22324371,75951,75962,11
12.97694969,80.22290802,75962,75972,10
12.97671032,80.22254181,75972,76002,30
12.97671032,80.22254181,76002,76011,9
12.97663975,80.22238922,76011,76021,10
12.97653008,80.22225189,76021,76032,11
12.97636986,80.22203827,76032,76042,10
12.97636032,80.22202301,76042,76051,9
12.9762001,80.22176361,76051,76063,12
12.97605038,80.2215271,76063,76113,50
12.97579956,80.22122192,76113,76153,40
12.97560978,80.22099304,76153,76204,51
12.97560978,80.22099304,76204,76214,10
12.97535038,80.22070313,76214,76224,10
12.97533989,80.22068787,76224,76234,10
12.97548008,80.22049713,76234,76244,10
12.97568035,80.22032166,76244,76254,10
12.97605991,80.22013092,76254,76264,10
12.97657967,80.21988678,76264,76274,10
12.97714043,80.21965027,76274,76285,11
12.97780991,80.21936035,76285,76295,10
12.97842026,80.21910095,76295,76305,10
12.97889042,80.21891785,76305,76315,10
12.97953033,80.21868134,76315,76325,10
12.98005009,80.21845245,76325,76335,10
12.98060036,80.21822357,76335,76345,10
12.98130035,80.21800232,76345,76355,10
12.98209,80.21785736,76355,76365,10
12.98260021,80.21785736,76365,76375,10
12.98328018,80.2178421,76375,76385,10
12.98373985,80.21781921,76385,76396,11
12.98377037,80.21781921,76396,76406,10
12.98386955,80.2178421,76406,76416,10
12.98416042,80.21782684,76416,76426,10
12.98451996,80.21782684,76426,76436,10
12.98507023,80.21781921,76436,76446,10
12.98573971,80.21787262,76446,76456,10
12.98643017,80.2180481,76456,76466,10
12.98731995,80.21820068,76466,76497,31
12.98731995,80.21820068,76497,76507,10
12.98760033,80.21827698,76507,76517,10
12.98799992,80.21839905,76517,76527,10
12.98857975,80.21855164,76527,76537,10
12.98927975,80.21877289,76537,76547,10
12.9900198,80.21901703,76547,76557,10
12.99075985,80.21926117,76557,76567,10
12.99147034,80.2194519,76567,76577,10
12.99195957,80.21923065,76577,76587,10
12.99248028,80.21884155,76587,76597,10
12.99293995,80.21848297,76597,76607,10
12.99318027,80.21832275,76607,76618,11
12.99351025,80.21807098,76618,76628,10
12.99378014,80.21790314,76628,76638,10
12.99396038,80.21778107,76638,76648,10
12.99411964,80.21766663,76648,76658,10
12.99435997,80.21749115,76658,76668,10
12.99437046,80.21748352,76668,76678,10
12.99448013,80.21739197,76678,76688,10
12.9946003,80.21729279,76688,76698,10
12.99479008,80.21714783,76698,76708,10
12.99483967,80.21710968,76708,76718,10
12.99510002,80.21695709,76718,76729,11
12.99555969,80.21671295,76729,76739,10
12.99627018,80.21652222,76739,76789,50
12.99627018,80.21652222,76789,76799,10
12.99664021,80.2164917,76799,76809,10
12.99668026,80.2164917,76809,76819,10
12.9969101,80.21645355,76819,76829,10
12.99720955,80.21640778,76829,76840,11
12.99750996,80.21611786,76840,76850,10
12.99754047,80.21611023,76850,76860,10
12.99773979,80.21592712,76860,76870,10
12.99806023,80.2156601,76870,76880,10
12.99847031,80.21531677,76880,76890,10
12.99890995,80.21492004,76890,76900,10
12.99917984,80.21468353,76900,76910,10
12.99952984,80.21439362,76910,76926,16
13.00008965,80.21389771,76926,76938,12
13.00065994,80.21340942,76938,76949,11
13.00121021,80.21295166,76949,76958,9
13.00209999,80.21231842,76958,76980,22
13.00209999,80.21231842,76980,76990,10
13.00220013,80.21224213,76990,77000,10
13.00238991,80.2121582,77000,77010,10
13.00277042,80.21204376,77010,77020,10
13.00329971,80.21198273,77020,77030,10
13.00364017,80.21186829,77030,77040,10
13.00364971,80.21183777,77040,77050,10
13.00368977,80.21160126,77050,77061,11
13.00366974,80.21105957,77061,77071,10
13.00360966,80.21051788,77071,77081,10
13.00352955,80.20996094,77081,77091,10
13.0035696,80.20929718,77091,77101,10
13.0037899,80.20870209,77101,77111,10
13.00450039,80.20884705,77111,77121,10
13.00535965,80.20921326,77121,77131,10
13.00625992,80.20954895,77131,77141,10
13.00704956,80.20976257,77141,77151,10
13.00747967,80.20980072,77151,77172,21
13.00747967,80.20980072,77172,77182,10
13.00759983,80.20982361,77182,77192,10
13.00769043,80.20986176,77192,77202,10
13.00796032,80.20993042,77202,77212,10
13.00817966,80.20983887,77212,77222,10
13.00811005,80.20954132,77222,77232,10
13.00804043,80.20928192,77232,77242,10
13.00796986,80.20874786,77242,77258,16
13.0078001,80.20761108,77258,77270,12
13.00759029,80.20658112,77270,77281,11
13.00745964,80.20578766,77281,77289,8
13.00743961,80.2053833,77289,77301,12
13.0074501,80.20481873,77301,77311,10
13.00743961,80.20436096,77311,77321,10
13.00739956,80.20378113,77321,77331,10
13.00726986,80.20304108,77331,77341,10
13.00673962,80.20262146,77341,77351,10
13.00648975,80.20311737,77351,77361,10
13.00695992,80.20352173,77361,77371,10
13.00763988,80.20374298,77371,77381,10
13.00839996,80.20374298,77381,77392,11
13.00940037,80.20368195,77392,77403,11
13.01062965,80.20365906,77403,77412,9
13.01169968,80.20375824,77412,77423,11
13.01294041,80.20398712,77423,77434,11
13.01393032,80.20436096,77434,77446,12
13.01484966,80.20464325,77446,77456,10
13.01494026,80.20464325,77456,77466,10
13.01523018,80.20464325,77466,77476,10
13.01576996,80.20485687,77476,77486,10
13.01628017,80.20511627,77486,77496,10
13.01681042,80.20517731,77496,77507,11
13.01725006,80.20539856,77507,77517,10
13.01772976,80.20558167,77517,77527,10
13.01854992,80.20583344,77527,77557,30
13.01854992,80.20583344,77557,77568,11
13.01896954,80.20606995,77568,77578,10
13.01955032,80.20619965,77578,77588,10
13.02013969,80.20628357,77588,77598,10
13.02079964,80.20628357,77598,77609,11
13.02151966,80.20630646,77609,77619,10
13.02215958,80.20639801,77619,77629,10
13.02287006,80.20657349,77629,77639,10
13.02355957,80.20665741,77639,77649,10
13.02402973,80.20670319,77649,77659,10
13.02422047,80.2067337,77659,77669,10
13.02458954,80.20681763,77669,77679,10
13.02525997,80.20700073,77679,77689,10
13.02600956,80.20729828,77689,77699,10
13.02670002,80.20771027,77699,77709,10
13.02742958,80.20813751,77709,77719,10
13.02822971,80.20852661,77719,77730,11
13.02919006,80.20877075,77730,77740,10
13.02956009,80.2088623,77740,77750,10
13.02991962,80.20896912,77750,77766,16
13.03057003,80.20912933,77766,77778,12
13.03122997,80.2093277,77778,77788,10
13.03145981,80.20939636,77788,77798,10
13.03162003,80.20941925,77798,77808,10
13.03186989,80.2094574,77808,77816,8
13.03223991,80.20954132,77816,77826,10
13.03275967,80.20964813,77826,77840,14
13.03390026,80.20983887,77840,77850,10
13.03470039,80.21006775,77850,77860,10
13.03493977,80.21051788,77860,77870,10
13.03495979,80.21121979,77870,77890,20
13.03495979,80.21121979,77890,77900,10
13.03493023,80.21147156,77900,77910,10
13.03487968,80.21179199,77910,77933,23
13.03487015,80.21201324,77933,77945,12
13.03512001,80.21224976,77945,77956,11
13.03569984,80.21228027,77956,77966,10
13.03635025,80.21230316,77966,77976,10
13.03705025,80.2122879,77976,77986,10
13.03783035,80.21225739,77986,77994,8
13.0384798,80.21224213,77994,78006,12
13.03938007,80.21224213,78006,78016,10
13.0401001,80.21228027,78016,78026,10
13.04102039,80.21228027,78026,78036,10
13.04195976,80.2122879,78036,78046,10
13.04288006,80.21231079,78046,78056,10
13.04417992,80.21231842,78056,78118,62
13.04413986,80.21230316,78118,78158,40
13.04413986,80.21230316,78158,78169,11
13.04413033,80.21230316,78169,78179,10
13.04448032,80.21230316,78179,78189,10
13.04504967,80.21230316,78189,78199,10
13.04576015,80.21228027,78199,78209,10
13.04664993,80.21225739,78209,78219,10
13.04757023,80.2121582,78219,78229,10
13.04848003,80.21208191,78229,78239,10
13.04897976,80.21199799,78239,78249,10
13.04918957,80.21199799,78249,78259,10
13.04961967,80.21196747,78259,78269,10
13.05006027,80.21198273,78269,78280,11
13.05060959,80.2120285,78280,78290,10
13.05119991,80.21211243,78290,78300,10
13.05202961,80.2120285,78300,78310,10
13.05288029,80.21182251,78310,78320,10
13.05375004,80.21159363,78320,78330,10
13.05438995,80.21144104,78330,78340,10
13.05496025,80.21144867,78340,78350,10
13.05562019,80.21147156,78350,78360,10
13.05644035,80.2114563,78360,78370,10
13.05729008,80.21144867,78370,78380,10
13.05764961,80.21144104,78380,78391,11
13.05780029,80.2114563,78391,78401,10
13.05821991,80.21150208,78401,78411,10
13.05881977,80.2115097,78411,78421,10
13.05953026,80.21154022,78421,78431,10
13.06029987,80.21157837,78431,78440,9
13.06103992,80.21160889,78440,78451,11
13.06184006,80.21160889,78451,78461,10
13.06270027,80.2116394,78461,78471,10
13.06311035,80.21160126,78471,78481,10
13.06322956,80.21157837,78481,78491,10
13.06350994,80.21156311,78491,78502,11
13.0639801,80.2115097,78502,78512,10
13.06451988,80.21137238,78512,78522,10
13.06513023,80.21103668,78522,78532,10
13.06566048,80.21063232,78532,78542,10
13.06608963,80.21027374,78542,78552,10
13.06651974,80.20982361,78552,78562,10
13.06694031,80.20929718,78562,78572,10
13.06723976,80.20880127,78572,78582,10
13.06752014,80.20835876,78582,78592,10
13.06791973,80.2077713,78592,78602,10
13.06838989,80.20710754,78602,78613,11
13.06886005,80.20639801,78613,78623,10
13.06925011,80.20578766,78623,78633,10
13.0693903,80.20552063,78633,78643,10
13.06952,80.20526123,78643,78653,10
13.06966972,80.20500183,78653,78663,10
13.06949043,80.20484924,78663,78673,10
13.06917953,80.20491791,78673,78683,10
13.06902027,80.20520782,78683,78693,10
13.06879044,80.20535278,78693,78703,10
13.06847954,80.20519257,78703,79934,1231
13.06847954,80.20519257,79934,79945,11
13.06834984,80.2052002,79945,79955,10
13.06805038,80.20511627,79955,79975,20
13.06805038,80.20511627,79975,79985,10
13.06820011,80.20496368,79985,79995,10
13.06842995,80.20490265,79995,80005,10
13.06877041,80.20475006,80005,80035,30
13.06877041,80.20475006,80035,80045,10
13.06921959,80.20474243,80045,80076,31
13.06947041,80.20478058,80076,80096,20
13.06947041,80.20478058,80096,80106,10
13.0697403,80.20484924,80106,80116,10
13.06982994,80.20503235,80116,80126,10
13.0697298,80.20529938,80126,80136,10
13.06943989,80.20574951,80136,80146,10
13.06904984,80.20632935,80146,80156,10
13.06867027,80.20694733,80156,80167,11
13.06811047,80.20781708,80167,80177,10
13.0676899,80.20847321,80177,80187,10
13.06725979,80.20912933,80187,80197,10
13.06678009,80.20973206,80197,80207,10
13.06616974,80.21031952,80207,80217,10
13.06536961,80.21098328,80217,80227,10
13.06443024,80.21150208,80227,80237,10
13.06383991,80.21170044,80237,80247,10
13.06359959,80.21173096,80247,80257,10
13.06313992,80.21173859,80257,80267,10
13.06266022,80.21177673,80267,80278,11
13.06186008,80.21170807,80278,80288,10
13.06107998,80.21170807,80288,80298,10
13.06025028,80.21170044,80298,80307,9
13.05943012,80.21170044,80307,80318,11
13.05846977,80.2116394,80318,80328,10
13.05749035,80.21163177,80328,80338,10
13.05632973,80.21157837,80338,80348,10
13.05521965,80.21161652,80348,80358,10
13.0543499,80.21161652,80358,80368,10
13.0535202,80.21183777,80368,80378,10
13.0527401,80.21199036,80378,80389,11
13.05185986,80.21218872,80389,80399,10
13.05105972,80.2121582,80399,80409,10
13.05041027,80.21212769,80409,80419,10
13.04994011,80.21222687,80419,80429,10
13.04994011,80.21266174,80429,80439,10
13.05000019,80.21321106,80439,80449,10
13.05012035,80.21379852,80449,80459,10
13.05035973,80.21437836,80459,80469,10
13.05029964,80.21466827,80469,80479,10
13.04986954,80.21469879,80479,80489,10
13.04926014,80.21468353,80489,80500,11
13.04858017,80.21457672,80500,80510,10
13.04788017,80.21450043,80510,80520,10
13.04722977,80.21446991,80520,80530,10
13.04658985,80.21450043,80530,80540,10
13.0458498,80.21466827,80540,80550,10
13.04506016,80.21476746,80550,80560,10
13.04450035,80.21468353,80560,80570,10
13.04452038,80.2142334,80570,80580,10
13.04436016,80.21350098,80580,80590,10
13.04440022,80.21269226,80590,80621,31
13.04440022,80.21269226,80621,80631,10
13.04444027,80.2122879,80631,80641,10
13.04489994,80.2122879,80641,80651,10
13.04551983,80.21227264,80651,80661,10
13.04629993,80.21221161,80661,80671,10
13.04695034,80.21217346,80671,80691,20
13.04695034,80.21217346,80691,80701,10
13.04703999,80.21188354,80701,80711,10
13.0469799,80.21150208,80711,80722,11
13.04697037,80.21096802,80722,80732,10
13.04718018,80.21080017,80732,80742,10
13.04769039,80.2108078,80742,80752,10
13.04831028,80.21082306,80752,80762,10
13.04915047,80.21086121,80762,80782,20
13.04915047,80.21086121,80782,80792,10
13.04957962,80.2108078,80792,80802,10
13.04963017,80.21044922,80802,80812,10
13.04961014,80.2099762,80812,80822,10
13.04950047,80.20935822,80822,80833,11
13.0493803,80.20880127,80833,80843,10
13.04920959,80.20822906,80843,80853,10
13.04897976,80.20762634,80853,80863,10
13.04874039,80.20703125,80863,80873,10
13.0488596,80.20681763,80873,80883,10
13.04942036,80.20681763,80883,80923,40
13.04942036,80.20681763,80923,80933,10
13.04988003,80.20677948,80933,80943,10
13.05029011,80.20684052,80943,80954,11
13.05029964,80.20687103,80954,80964,10
13.05072021,80.20693207,80964,81307,343
13.05093956,80.20677948,81307,81377,70
13.05078983,80.20690918,81377,81408,31
13.05078983,80.20690918,81408,81418,10
13.05068016,80.20680237,81418,81428,10
13.0506897,80.2065506,81428,81438,10
13.05070972,80.20635986,81438,81448,10
13.05070972,80.20610046,81448,83083,1635
13.05070972,80.20610046,83083,83093,10
13.05101013,80.20588684,83093,84193,1100
13.05093002,80.20601654,84193,84445,252
13.05095005,80.20594025,84445,85607,1162
13.05101013,80.2060318,85607,85819,212
13.05090046,80.20622253,85819,86183,364
13.0510397,80.20596313,86183,86324,141
