12.9982996,80.25720215,14,6634,6620
12.9982996,80.25720215,6634,6644,10
12.99833965,80.25695038,6644,6654,10
12.99831963,80.25665283,6654,6664,10
12.99845982,80.25657654,6664,11205,4541
12.99839973,80.2564621,11205,15535,4330
12.99837971,80.25653076,15535,19551,4016
12.99827957,80.25646973,19551,20984,1433
12.99831963,80.25647736,20984,24314,3330
12.99831963,80.25647736,24314,24324,10
12.99827957,80.25647736,24324,24334,10
12.99829006,80.25662994,24334,24344,10
12.99824047,80.25679779,24344,24354,10
12.99806976,80.25688171,24354,24364,10
12.99773026,80.25684357,24364,24385,21
12.99773026,80.25684357,24385,24395,10
12.99775982,80.25662231,24395,24405,10
12.99775028,80.25630951,24405,24455,50
12.99775028,80.25630951,24455,24465,10
12.9974699,80.25592804,24465,24475,10
12.99709988,80.25589752,24475,24486,11
12.99695015,80.25589752,24486,24496,10
12.99664974,80.25588226,24496,24506,10
12.99623013,80.25585938,24506,24516,10
12.99575996,80.25585938,24516,24526,10
12.99520016,80.255867,24526,24536,10
12.99454975,80.25589752,24536,24546,10
12.99374962,80.25598907,24546,24556,10
12.99281025,80.25604248,24556,24566,10
12.99192047,80.25605774,24566,24576,10
12.9911499,80.25601196,24576,24586,10
12.99040031,80.25598907,24586,24597,11
12.98950005,80.25595856,24597,24607,10
12.98863029,80.25588226,24607,24617,10
12.98781013,80.25578308,24617,24704,87
12.98781013,80.25578308,24704,24716,12
12.98770046,80.25576782,24716,24726,10
12.98736,80.25569916,24726,24736,10
12.98659039,80.25556946,24736,24746,10
12.98598957,80.25543976,24746,24755,9
12.98526955,80.25528717,24755,24766,11
12.98449039,80.25509644,24766,24776,10
12.9839201,80.25496674,24776,24786,10
12.98316956,80.25475311,24786,24796,10
12.98246002,80.25453186,24796,24806,10
12.98202038,80.25408173,24806,24816,10
12.98182011,80.25340271,24816,24827,11
12.98151016,80.25280762,24827,24836,9
12.98087978,80.25276947,24836,24846,10
12.98019981,80.25272369,24846,24857,11
12.97943974,80.25266266,24857,24867,10
12.97904968,80.25263214,24867,24877,10
12.97904015,80.25263214,24877,24887,10
12.97889996,80.25260162,24887,24897,10
12.97846031,80.25243378,24897,24907,10
12.97778988,80.25190735,24907,24917,10
12.9769001,80.25134277,24917,24927,10
12.97574043,80.25099945,24927,24938,11
12.97434998,80.25060272,24938,24948,10
12.97315025,80.25026703,24948,24958,10
12.97206974,80.24997711,24958,24968,10
12.97084045,80.24964905,24968,24978,10
12.96955013,80.24919128,24978,24988,10
12.9682703,80.24865723,24988,24998,10
12.96710014,80.24816895,24998,25008,10
12.96617031,80.24771881,25008,25018,10
12.96514988,80.24736023,25018,25028,10
12.96424961,80.24701691,25028,25038,10
12.96378994,80.24684906,25038,25049,11
12.96376991,80.24684143,25049,25059,10
12.96374035,80.24678802,25059,25069,10
12.96329021,80.24658203,25069,25079,10
12.96247959,80.24620056,25079,25089,10
12.96148968,80.24571991,25089,25099,10
12.96043968,80.24524689,25099,25109,10
12.95952988,80.24485779,25109,25119,10
12.95938015,80.24479675,25119,25129,10
12.95903015,80.24462128,25129,25139,10
12.95831013,80.24430084,25139,25149,10
12.95759964,80.24401855,25149,25160,11
12.95666981,80.24378204,25160,25170,10
12.95639992,80.24369049,25170,25180,10
12.95606041,80.24355316,25180,25190,10
12.95538998,80.24317169,25190,25200,10
12.95446014,80.24273682,25200,25210,10
12.95343018,80.24230194,25210,25220,10
12.95246029,80.24191284,25220,25230,10
12.95180988,80.24169159,25230,25240,10
12.95153046,80.24157715,25240,25250,10
12.95086956,80.24136353,25250,25260,10
12.94995975,80.24107361,25260,25271,11
12.94892025,80.24073029,25271,25281,10
12.94789982,80.24030304,25281,25291,10
12.94696045,80.23990631,25291,25301,10
12.94589996,80.23947144,25301,25311,10
12.94493008,80.23880005,25311,25321,10
12.94408035,80.23790741,25321,25331,10
12.94326973,80.23708344,25331,25341,10
12.94223976,80.2364502,25341,25351,10
12.9410696,80.23616028,25351,25361,10
12.94011021,80.23590088,25361,25370,9
12.93976021,80.23577118,25370,25381,11
12.93960953,80.23570251,25381,25392,11
12.9393301,80.23555756,25392,25402,10
12.93863964,80.23519135,25402,25411,9
12.93780994,80.23477936,25411,25422,11
12.93663025,80.23420715,25422,25432,10
12.93595982,80.23391724,25432,25442,10
12.93587971,80.23388672,25442,25452,10
12.93552971,80.23371887,25452,25462,10
12.93482018,80.23338318,25462,25472,10
12.93410015,80.23303986,25472,25482,10
12.93391037,80.23297119,25482,25493,11
12.93352032,80.23278809,25493,25503,10
12.93276024,80.23246765,25503,25513,10
12.93171978,80.23210144,25513,25523,10
12.93052006,80.23171997,25523,25533,10
12.92928028,80.23142242,25533,25543,10
12.92805958,80.2312088,25543,25553,10
12.9268198,80.23105621,25553,25563,10
12.92615986,80.23098755,25563,25573,10
12.92576981,80.23094177,25573,25583,10
12.92498016,80.23084259,25583,25593,10
12.92395973,80.23069763,25593,25604,11
12.92257023,80.2305069,25604,25614,10
12.92121029,80.23032379,25614,25624,10
12.9198904,80.23016357,25624,25634,10
12.91913986,80.23007965,25634,25644,10
12.91899967,80.23005676,25644,25654,10
12.91837025,80.22998047,25654,25664,10
12.91742039,80.22984314,25664,25674,10
12.91629982,80.22966003,25674,25684,10
12.91516972,80.22949982,25684,25694,10
12.91403961,80.22934723,25694,25704,10
12.91343975,80.22930145,25704,25715,11
12.91343021,80.22930145,25715,25725,10
12.91329956,80.22926331,25725,25735,10
12.91267967,80.22914886,25735,25745,10
12.91172981,80.22902679,25745,25755,10
12.9105196,80.22885895,25755,25764,9
12.90937996,80.22868347,25764,25775,11
12.90793991,80.22843933,25775,25784,9
12.90686035,80.228302,25784,25795,11
12.90627956,80.2282486,25795,25805,10
12.90606976,80.22821808,25805,25815,10
12.90538979,80.22817993,25815,25826,11
12.90429974,80.2281189,25826,25836,10
12.90328979,80.22807312,25836,25845,9
12.9022398,80.22801971,25845,25856,11
12.90139008,80.22798157,25856,25866,10
12.90073013,80.22792816,25866,25876,10
12.90003967,80.22789764,25876,25886,10
12.89960957,80.22788239,25886,25896,10
12.89960003,80.22789001,25896,25906,10
12.89953041,80.22789001,25906,25916,10
12.89927006,80.22788239,25916,25926,10
12.89863014,80.22782135,25926,25937,11
12.89778042,80.22775269,25937,25947,10
12.89680958,80.22772217,25947,25957,10
12.89573956,80.22766876,25957,25967,10
12.89463997,80.22762299,25967,25977,10
12.89356995,80.22753906,25977,25987,10
12.89309978,80.22747803,25987,25997,10
12.89295006,80.22744751,25997,26007,10
12.89243984,80.22738647,26007,26017,10
12.89169979,80.22736359,26017,26027,10
12.89068985,80.22737122,26027,26037,10
12.88951969,80.22737122,26037,26047,10
12.88844013,80.22734833,26047,26058,11
12.88733006,80.22722626,26058,26068,10
12.8862896,80.22699738,26068,26078,10
12.88531017,80.22679138,26078,26094,16
12.8847599,80.22673035,26094,26106,12
12.88411999,80.22672272,26106,26116,10
12.88344002,80.22673035,26116,26126,10
12.8823204,80.22673798,26126,26136,10
12.88105965,80.22676086,26136,26146,10
12.87989998,80.22676086,26146,26156,10
12.87870979,80.22679901,26156,26166,10
12.87753963,80.22688293,26166,26177,11
12.87666035,80.22696686,26177,26187,10
12.8764801,80.22693634,26187,26197,10
12.87642956,80.22663116,26197,26206,9
12.87642956,80.22654724,26206,26217,11
12.87644958,80.22635651,26217,26227,10
12.87654018,80.22567749,26227,26237,10
12.87662983,80.22480011,26237,26247,10
12.87677002,80.22393799,26247,26257,10
12.87699986,80.22293091,26257,26268,11
12.87726021,80.22177887,26268,26278,10
12.87751961,80.22065735,26278,26288,10
12.87779045,80.21952057,26288,26298,10
12.87804031,80.21839905,26298,26308,10
12.87827015,80.21724701,26308,26318,10
12.87849998,80.21611023,26318,26328,10
12.87876034,80.21495819,26328,26338,10
12.87897968,80.21379089,26338,26348,10
12.87919044,80.21263885,26348,26358,10
12.87938976,80.21157074,26358,26368,10
12.87913036,80.21092987,26368,26389,21
12.87913036,80.21092987,26389,26399,10
12.87891006,80.21087646,26399,26409,10
12.87837982,80.21079254,26409,26419,10
12.87767982,80.21066284,26419,26427,8
12.87709045,80.21054077,26427,26439,12
12.87621021,80.21038818,26439,26449,10
12.87547016,80.21025848,26449,26459,10
12.87448978,80.21008301,26459,26489,30
12.87448978,80.21008301,26489,26500,11
12.87438011,80.20999146,26500,26510,10
12.87442017,80.20968628,26510,26520,10
12.87467957,80.20954895,26520,26530,10
12.87475014,80.20957947,26530,26540,10
12.87479019,80.20963287,26540,26550,10
12.87465954,80.20980072,26550,27388,838
12.87469959,80.2098999,27388,27478,90
12.87469959,80.2098999,27478,27488,10
12.87516975,80.21022797,27488,27499,11
12.87555981,80.21029663,27499,27509,10
12.87598038,80.21037292,27509,27519,10
12.87644005,80.21045685,27519,27529,10
12.87691021,80.2105484,27529,27539,10
12.87730026,80.21061707,27539,27549,10
12.87759018,80.2106781,27549,27559,10
12.8780899,80.21076965,27559,27569,10
12.87864017,80.21086121,27569,27579,10
12.87911987,80.21096039,27579,27599,20
12.87911987,80.21096039,27599,27610,11
12.87924957,80.21099091,27610,27620,10
12.87946987,80.21108246,27620,27630,10
12.87948036,80.21141815,27630,27640,10
12.87936974,80.21199799,27640,27650,10
12.87924004,80.212677,27650,27660,10
12.87909985,80.21338654,27660,27670,10
12.87895966,80.21414185,27670,27680,10
12.87882042,80.21494293,27680,27690,10
12.87862968,80.21576691,27690,27700,10
12.87843037,80.21672058,27700,27710,10
12.8782196,80.21775055,27710,27721,11
12.87794018,80.21904755,27721,27731,10
12.87763977,80.22035217,27731,27741,10
12.87734032,80.22167206,27741,27751,10
12.8770504,80.22293854,27751,27761,10
12.87677956,80.22416687,27761,27771,10
12.87662029,80.22540283,27771,27781,10
12.8764801,80.22640991,27781,27791,10
12.87652016,80.22691345,27791,27801,10
12.87666035,80.22689819,27801,27811,10
12.87679005,80.22689819,27811,27821,10
12.87736988,80.22683716,27821,27831,10
12.87823009,80.22676849,27831,27852,21
12.88055992,80.2266922,27852,27862,10
12.88171959,80.22667694,27862,27872,10
12.88286018,80.22666931,27872,27882,10
12.88395023,80.22666168,27882,27892,10
12.88483047,80.22664642,27892,27908,16
12.88529968,80.22666931,27908,27920,12
12.88584042,80.22678375,27920,27928,8
12.88646984,80.2269516,27928,27940,12
12.88747025,80.22717285,27940,27950,10
12.88833046,80.22724152,27950,27961,11
12.8885498,80.22724915,27961,27971,10
12.88869953,80.22724915,27971,27981,10
12.88930035,80.22725677,27981,27990,9
12.89000034,80.22727966,27990,28001,11
12.89116001,80.22728729,28001,28010,9
12.8919096,80.22727966,28010,28020,10
12.89218044,80.22730255,28020,28031,11
12.89239025,80.22731018,28031,28041,10
12.89295006,80.22737122,28041,28051,10
12.89360046,80.22744751,28051,28062,11
12.8941803,80.22749329,28062,28072,10
12.89431953,80.22750092,28072,28082,10
12.89490032,80.22753143,28082,28092,10
12.89573956,80.22756958,28092,28102,10
12.89682007,80.22762299,28102,28112,10
12.89799023,80.22769165,28112,28122,10
12.89922047,80.22776794,28122,28132,10
12.90017033,80.22779846,28132,28142,10
12.90056992,80.22781372,28142,28152,10
12.90081978,80.22783661,28152,28162,10
12.90126991,80.22789764,28162,28172,10
12.9019804,80.22789764,28172,28183,11
12.90272999,80.22794342,28183,28193,10
12.90285969,80.22795105,28193,28203,10
12.9029398,80.22795105,28203,28213,10
12.90345955,80.22796631,28213,28229,16
12.90485954,80.22807312,28229,28241,12
12.90594006,80.22810364,28241,28249,8
12.90624046,80.2281189,28249,28261,12
12.90635967,80.22812653,28261,28271,10
12.90670013,80.2281723,28271,28281,10
12.90695953,80.22820282,28281,28291,10
12.9073,80.22825623,28291,28302,11
12.90812969,80.2283783,28302,28312,10
12.90911961,80.22853851,28312,28322,10
12.91022968,80.22872162,28322,28331,9
12.91117001,80.22885895,28331,28342,11
12.9124403,80.22904205,28342,28352,10
12.91347027,80.22917938,28352,28362,10
12.91378021,80.22921753,28362,28372,10
12.91390038,80.22924042,28372,28382,10
12.91394997,80.22924805,28382,28392,10
12.91442013,80.22931671,28392,28403,11
12.91528988,80.22943878,28403,28413,10
12.91629028,80.229599,28413,28423,10
12.91720009,80.22972107,28423,28433,10
12.91804028,80.22982025,28433,28443,10
12.91884041,80.22991943,28443,28453,10
12.91932011,80.22998047,28453,28463,10
12.91948032,80.23000336,28463,28473,10
12.92008972,80.23008728,28473,28483,10
12.92096043,80.23020935,28483,28493,10
12.92203999,80.23034668,28493,28503,10
12.92315006,80.23052979,28503,28514,11
12.92440033,80.23068237,28514,28524,10
12.92543983,80.23079681,28524,28534,10
12.92628002,80.23088837,28534,28544,10
12.92638969,80.23090363,28544,28554,10
12.92660046,80.23091888,28554,28564,10
12.92708015,80.23098755,28564,28574,10
12.92790031,80.23110199,28574,28584,10
12.92889977,80.23124695,28584,28594,10
12.93006039,80.23150635,28594,28604,10
12.93128967,80.23187256,28604,28614,10
12.93249989,80.23226929,28614,28625,11
12.93350029,80.23265839,28625,28635,10
12.93363953,80.23271942,28635,28645,10
12.93379021,80.23281097,28645,28655,10
12.93432999,80.23306274,28655,28665,10
12.93513966,80.23343658,28665,28675,10
12.93610954,80.23387909,28675,28685,10
12.93721962,80.23442078,28685,28695,10
12.9384203,80.23500061,28695,28705,10
12.93943024,80.23549652,28705,28721,16
12.93976974,80.23565674,28721,28733,12
12.94019985,80.23583221,28733,28744,11
12.94104004,80.23605347,28744,28754,10
12.94202995,80.23629761,28754,28764,10
12.94301033,80.23670197,28764,28774,10
12.9436903,80.2372818,28774,28784,10
12.94379997,80.23739624,28784,28793,9
12.94400024,80.23764038,28793,28804,11
12.94462013,80.23834229,28804,28814,10
12.94515991,80.23890686,28814,28824,10
12.94627953,80.23956299,28824,28834,10
12.9471302,80.23989868,28834,28844,10
12.94727993,80.23995972,28844,28855,11
12.94752026,80.24006653,28855,28867,12
12.94830036,80.24040985,28867,28877,10
12.94890022,80.24060822,28877,28917,40
12.94890022,80.24060822,28917,28927,10
12.94894028,80.24060822,28927,28937,10
12.94937992,80.24079132,28937,28947,10
12.95014,80.24102783,28947,28957,10
12.95094013,80.2412796,28957,28968,11
12.95112038,80.24133301,28968,28978,10
12.95127964,80.24138641,28978,28988,10
12.9518404,80.24160004,28988,28998,10
12.95263004,80.24189758,28998,29008,10
12.95347023,80.24224091,29008,29018,10
12.95398998,80.2424469,29018,29028,10
12.95487976,80.24282074,29028,29038,10
12.9556303,80.24305725,29038,29048,10
12.9562397,80.24324036,29048,29058,10
12.95639992,80.24330902,29058,29069,11
12.95668983,80.24343109,29069,29079,10
12.95730972,80.24375916,29079,29089,10
12.95810032,80.24411011,29089,29099,10
12.95876026,80.24436951,29099,29109,10
12.9588604,80.24443054,29109,29119,10
12.95905972,80.24456024,29119,29129,10
12.95965004,80.24481964,29129,29139,10
12.96045971,80.24517059,29139,29149,10
12.96142006,80.24562073,29149,29159,10
12.96243,80.24610901,29159,29169,10
12.96337986,80.24658966,29169,29179,10
12.96432018,80.24700165,29179,29190,11
12.96549988,80.24739075,29190,29200,10
12.96642017,80.24772644,29200,29210,10
12.96695995,80.24797821,29210,29230,20
12.96695995,80.24797821,29230,29240,10
12.96722031,80.24812317,29240,29250,10
12.96786022,80.24841309,29250,29260,10
12.96872044,80.24874115,29260,29270,10
12.9697504,80.24916077,29270,29280,10
12.97089005,80.24958038,29280,29290,10
12.97210979,80.24990845,29290,29300,10
12.97321033,80.25018311,29300,29311,11
12.97408009,80.2503891,29311,29321,10
12.97436047,80.25045013,29321,29331,10
12.97451973,80.25050354,29331,29341,10
12.97509956,80.25068665,29341,29351,10
12.97593975,80.25095367,29351,29361,10
12.97694016,80.25125122,29361,29371,10
12.97786999,80.25183105,29371,29381,10
12.97873974,80.25244141,29381,29391,10
12.97941971,80.25256348,29391,29401,10
12.97996044,80.25228119,29401,29422,21
12.97996044,80.25228119,29422,29432,10
12.98001957,80.2519989,29432,29442,10
12.9802103,80.25145721,29442,29452,10
12.98044014,80.25067139,29452,29462,10
12.98064041,80.24984741,29462,29472,10
12.98077011,80.2487793,29472,29482,10
12.98083973,80.24752045,29482,29492,10
12.98097992,80.24616241,29492,29502,10
12.98112011,80.24494934,29502,29512,10
12.98122025,80.243927,29512,29523,11
12.98132038,80.24359894,29523,29533,10
12.98138046,80.24282074,29533,29553,20
12.98138046,80.24282074,29553,29563,10
12.98141003,80.24253082,29563,29573,10
12.98139954,80.24185181,29573,29583,10
12.98139954,80.24093628,29583,29593,10
12.98136997,80.23996735,29593,29603,10
12.98134995,80.23918152,29603,29613,10
12.98132038,80.23841095,29613,29623,10
12.98130989,80.23789215,29623,29634,11
12.98130989,80.23786163,29634,29644,10
12.98130035,80.23745728,29644,29654,10
12.98128033,80.23670959,29654,29664,10
12.98124981,80.23581696,29664,29674,10
12.98122025,80.23513794,29674,29684,10
12.98122978,80.23446655,29684,29694,10
12.98147964,80.23374176,29694,29704,10
12.98167992,80.23332977,29704,29724,20
12.98167992,80.23332977,29724,29734,10
12.98176956,80.23313904,29734,29745,11
12.9819603,80.23268127,29745,29755,10
12.98202038,80.23213196,29755,29765,10
12.98200035,80.2315979,29765,29775,10
12.98188019,80.23101807,29775,29785,10
12.9816103,80.23046112,29785,29795,10
12.98122025,80.22982788,29795,29805,10
12.98089027,80.22931671,29805,29815,10
12.98069,80.22904205,29815,29825,10
12.98068047,80.22901154,29825,29835,10
12.98062992,80.22894287,29835,29845,10
12.98040962,80.2285614,29845,29856,11
12.98019028,80.22805786,29856,29866,10
12.97982979,80.22747803,29866,29876,10
12.97943974,80.22682953,29876,29886,10
12.97904015,80.22615814,29886,29896,10
12.97867966,80.22556305,29896,29906,10
12.97832012,80.22498322,29906,29916,10
12.97799969,80.22454071,29916,29926,10
12.97780991,80.22428131,29926,29936,10
12.97776031,80.22421265,29936,29946,10
12.97756004,80.22383118,29946,29956,10
12.97721958,80.2232666,29956,29967,11
12.97698975,80.22277832,29967,29977,10
12.97723007,80.22270203,29977,29987,10
12.97723961,80.22268677,29987,29997,10
12.9773798,80.22267151,29997,30007,10
12.97756004,80.22241974,30007,30017,10
12.97754002,80.22187805,30017,30027,10
12.97751045,80.22133636,30027,30037,10
12.97774029,80.22120667,30037,30047,10
12.97821999,80.22119904,30047,30057,10
12.97887039,80.22113037,30057,30067,10
12.97964001,80.22107697,30067,30078,11
12.98038006,80.22102356,30078,30088,10
12.98091984,80.2210083,30088,30098,10
12.98151016,80.22125244,30098,30108,10
12.98184967,80.22149658,30108,30118,10
12.98233032,80.22176361,30118,30128,10
12.98295021,80.22199249,30128,30148,20
12.98295021,80.22199249,30148,30158,10
12.98330975,80.22219849,30158,30168,10
12.98384953,80.22255707,30168,30178,10
12.98412037,80.22270203,30178,30188,10
12.98419952,80.22273254,30188,30199,11
12.98456001,80.22293854,30199,30209,10
12.98497963,80.22318268,30209,30219,10
12.9854002,80.22332001,30219,30229,10
12.98581028,80.22302246,30229,30239,10
12.98608017,80.22296143,30239,30249,10
12.98657036,80.22296143,30249,30269,20
12.98657036,80.22296143,30269,30279,10
12.98668957,80.22296143,30279,30289,10
12.98709965,80.22303772,30289,30299,10
12.98768044,80.22306824,30299,30310,11
12.98838997,80.22263336,30310,30320,10
12.98894024,80.22206116,30320,30330,10
12.98943043,80.22145081,30330,30340,10
12.98999977,80.22077942,30340,30350,10
12.99050045,80.22033691,30350,30370,20
12.99050045,80.22033691,30370,30380,10
12.99069023,80.2202301,30380,30390,10
12.99112034,80.21987915,30390,30400,10
12.99151039,80.21955872,30400,30410,10
12.99209023,80.2191391,30410,30421,11
12.99283981,80.21861267,30421,30431,10
12.99351025,80.21813202,30431,30441,10
12.99415016,80.21768188,30441,30451,10
12.9946804,80.21727753,30451,30461,10
12.99510956,80.21698761,30461,30471,10
12.99569988,80.21669769,30471,30481,10
12.99633026,80.21656036,30481,30491,10
12.9968996,80.21649933,30491,30501,10
12.99728966,80.21636963,30501,30511,10
12.99757957,80.21608734,30511,30521,10
12.99761963,80.21605682,30521,30532,11
12.99775028,80.2159729,30532,30542,10
12.99812984,80.21562195,30542,30558,16
12.99888992,80.21494293,30558,30570,12
12.99925041,80.21463013,30570,30578,8
12.99956036,80.21439362,30578,30590,12
13.00004005,80.21395874,30590,30600,10
13.00055027,80.21350861,30600,30610,10
13.0010004,80.21312714,30610,30620,10
13.00160027,80.21266937,30620,30630,10
13.0021801,80.21228027,30630,30640,10
13.00263023,80.21209717,30640,30651,11
13.00312042,80.21208191,30651,30661,10
13.00364017,80.21198273,30661,30671,10
13.00368977,80.21192169,30671,30681,10
13.00372028,80.21160126,30681,30691,10
13.00368977,80.21095276,30691,30701,10
13.00360012,80.21024323,30701,30711,10
13.00356007,80.20950317,30711,30721,10
13.00372982,80.20876312,30721,30731,10
13.00434971,80.20876312,30731,30741,10
13.0051403,80.2091217,30741,30752,11
13.00601006,80.20948029,30752,30762,10
13.00671005,80.20968628,30762,30772,10
13.00720024,80.20980835,30772,30782,10
13.00759983,80.20986938,30782,30812,30
13.00759983,80.20986938,30812,30822,10
13.00778961,80.2098999,30822,30832,10
13.00813961,80.2099762,30832,30842,10
13.00813007,80.20951843,30842,30852,10
13.00798035,80.20874786,30852,30862,10
13.00784016,80.2078476,30862,30873,11
13.0076704,80.20674896,30873,30883,10
13.00755024,80.2056427,30883,30893,10
13.00753975,80.20461273,30893,30903,10
13.00747967,80.2036972,30903,30913,10
13.00728989,80.20272827,30913,30923,10
13.00658989,80.20274353,30923,30933,10
13.00685024,80.20337677,30933,30943,10
13.00763988,80.2036972,30943,30953,10
13.00872993,80.2036972,30953,30963,10
13.00998974,80.20362091,30963,30973,10
13.01132011,80.20368958,30973,30984,11
13.01268005,80.20393372,30984,30994,10
13.01350975,80.20417786,30994,31010,16
13.01366043,80.20464325,31010,31042,32
13.01366043,80.20464325,31042,31052,10
13.01352024,80.20493317,31052,31062,10
13.01333046,80.20543671,31062,31071,9
13.01313972,80.20606232,31071,31083,12
13.01301956,80.20694733,31083,31094,11
13.01294041,80.20767975,31094,31104,10
13.01290035,80.20807648,31104,31114,10
13.01284027,80.20818329,31114,31124,10
13.01282024,80.20855713,31124,31134,10
13.01288033,80.20896149,31134,31144,10
13.01301956,80.20957947,31144,31154,10
13.01315022,80.21005249,31154,31177,23
13.01274014,80.21147919,31177,31189,12
13.01228046,80.21222687,31189,31199,10
13.01196957,80.212677,31199,31210,11
13.01173019,80.21278381,31210,31220,10
13.01130009,80.21247101,31220,31230,10
13.01088047,80.2121582,31230,31240,10
13.01062965,80.21195984,31240,31300,60
13.01062965,80.21195984,31300,31309,9
13.01047993,80.21179199,31309,31321,12
13.01033974,80.21169281,31321,31331,10
13.01006985,80.21150208,31331,32430,1099
13.01006985,80.21150208,32430,32441,11
13.00988007,80.21131897,32441,32481,40
13.00955963,80.21109772,32481,32562,81
13.00918007,80.21121979,32562,32592,30
13.00918007,80.21121979,32592,32602,10
13.00909042,80.21177673,32602,32612,10
13.00920963,80.21221924,32612,32622,10
13.00938034,80.21272278,32622,32632,10
13.00957012,80.21324921,32632,32642,10
13.00981998,80.21383667,32642,32652,10
13.01008987,80.21447754,32652,32662,10
13.01021004,80.21518707,32662,32673,11
13.01041031,80.21600342,32673,32683,10
13.01074982,80.21678162,32683,32693,10
13.01115036,80.21761322,32693,32703,10
13.01144981,80.2184906,32703,32713,10
13.01179981,80.21942902,32713,32723,10
13.01208973,80.22039032,32723,32732,9
13.01231956,80.22115326,32732,32742,10
13.01247025,80.22167206,32742,32753,11
13.01294994,80.22231293,32753,32763,10
13.01338005,80.22277069,32763,32773,10
13.01379967,80.22325897,32773,32784,11
13.01432991,80.22386932,32784,32794,10
13.01486015,80.22450256,32794,32804,10
13.01535034,80.22515106,32804,32814,10
13.01541996,80.22557068,32814,32824,10
13.01500034,80.22590637,32824,32834,10
13.01436043,80.22615814,32834,32844,10
13.01366997,80.22644043,32844,32854,10
13.01290989,80.22673035,32854,32864,10
13.01210976,80.22704315,32864,32874,10
13.01130009,80.22736359,32874,32884,10
13.01049995,80.22767639,32884,32895,11
13.00971985,80.2279129,32895,32905,10
13.00959969,80.22737122,32905,32915,10
13.00990963,80.22669983,32915,32925,10
13.01023006,80.22592163,32925,32935,10
13.01056957,80.22511292,32935,32945,10
13.01091003,80.22437286,32945,32955,10
13.01117039,80.22367859,32955,32965,10
13.0112896,80.22316742,32965,32975,10
13.01072025,80.22289276,32975,32985,10
13.01006031,80.22254944,32985,32995,10
13.00938988,80.22219086,32995,33006,11
13.00870991,80.22181702,33006,33016,10
13.00807953,80.22148132,33016,33026,10
13.00741959,80.22112274,33026,33036,10
13.00673962,80.22077942,33036,33046,10
13.00599003,80.22055817,33046,33056,10
13.0051403,80.22038269,33056,33066,10
13.00444031,80.22019958,33066,33076,10
13.00409031,80.22006989,33076,33086,10
13.00352001,80.21997833,33086,33096,10
13.00286007,80.21974945,33096,33106,10
13.00224018,80.21927643,33106,33117,11
13.00162983,80.21862793,33117,33126,9
13.00105953,80.21822357,33126,33137,11
13.00034046,80.21774292,33137,33147,10
12.99965954,80.21733093,33147,33156,9
12.99903011,80.21698761,33156,33167,11
12.99827957,80.21665955,33167,33177,10
12.99742031,80.21652222,33177,33207,30
12.99742031,80.21652222,33207,33217,10
12.99707031,80.21653748,33217,33228,11
12.99645996,80.21661377,33228,33238,10
12.99580002,80.2167511,33238,33248,10
12.99518013,80.21697998,33248,33258,10
12.99464035,80.21734619,33258,33268,10
12.99411011,80.21772003,33268,33278,10
12.99357986,80.2181015,33278,33377,99
12.99357986,80.2181015,33377,33387,10
12.99347019,80.21807098,33387,33397,10
12.99312019,80.21833801,33397,33407,10
12.99260998,80.21871948,33407,33417,10
12.99203968,80.21917725,33417,33426,9
12.9914999,80.2195816,33426,33437,11
12.99094963,80.22000885,33437,33447,10
12.99090004,80.220047,33447,33458,11
12.99055958,80.22028351,33458,33468,10
12.98991966,80.22074127,33468,33478,10
12.98950005,80.22135162,33478,33488,10
12.9891901,80.22170258,33488,33498,10
12.9887104,80.22228241,33498,33508,10
12.98812962,80.22281647,33508,33518,10
12.98760986,80.22309113,33518,33528,10
12.98760033,80.22309113,33528,33538,10
12.98736,80.22309113,33538,33548,10
12.98707962,80.22306824,33548,33558,10
12.98684978,80.22303009,33558,33569,11
12.98626041,80.22296906,33569,33579,10
12.98569012,80.22305298,33579,33589,10
12.9853096,80.22328186,33589,33599,10
12.98474979,80.22309113,33599,33609,10
12.98418045,80.22274017,33609,33619,10
12.98371029,80.2224884,33619,33629,10
12.98338985,80.22223663,33629,33639,10
12.9832201,80.22216034,33639,33649,10
12.98320007,80.22216797,33649,33659,10
12.98303986,80.22202301,33659,33670,11
12.98276997,80.22186279,33670,33680,10
12.98237991,80.22174072,33680,33690,10
12.98190022,80.22148132,33690,33700,10
12.98130035,80.22113037,33700,33710,10
12.98071957,80.22102356,33710,33720,10
12.97999954,80.22109985,33720,33730,10
12.97922039,80.22115326,33730,33740,10
12.97832012,80.22116852,33740,33750,10
12.97743034,80.22120667,33750,33760,10
12.97669029,80.22122955,33760,33770,10
12.97626019,80.22122955,33770,33780,10
12.97624016,80.2216568,33780,33809,29
12.97624016,80.2216568,33809,33819,10
12.97620964,80.22187805,33819,33829,10
12.97634029,80.22212219,33829,33839,10
12.97644043,80.22222137,33839,33849,10
12.97681999,80.22273254,33849,33859,10
12.97727966,80.22341919,33859,33869,10
12.97772026,80.22408295,33869,33879,10
12.97813034,80.22470093,33879,33889,10
12.9785099,80.22530365,33889,33898,9
12.97889042,80.22592926,33898,33910,12
12.97939968,80.22678375,33910,33920,10
12.97984982,80.22750854,33920,33930,10
12.98027039,80.22821808,33930,33940,10
12.98064995,80.22885895,33940,33950,10
12.98097992,80.22942352,33950,33960,10
12.98134995,80.23002625,33960,33970,10
12.98161983,80.2304306,33970,33980,10
12.98163986,80.23045349,33980,33990,10
12.98178959,80.23075104,33990,34000,10
12.98200035,80.23132324,34000,34010,10
12.98204994,80.23203278,34010,34027,17
12.98184967,80.23300934,34027,34039,12
12.98163986,80.23349762,34039,34046,7
12.98163986,80.2335434,34046,34059,13
12.98136997,80.23410797,34059,34068,9
12.98124981,80.23478699,34068,34079,11
12.9812603,80.23571777,34079,34089,10
12.98128033,80.23661804,34089,34099,10
12.98128986,80.23751068,34099,34109,10
12.98130989,80.23822021,34109,34119,10
12.98130989,80.23857117,34119,34129,10
12.98132038,80.23860931,34129,34140,11
12.98132992,80.23895264,34140,34150,10
12.98134041,80.23953247,34150,34162,12
12.98136997,80.24034882,34162,34172,10
12.98138046,80.24111938,34172,34182,10
12.98139,80.24182892,34182,34192,10
12.98139954,80.24240112,34192,34202,10
12.98141956,80.24260712,34202,34212,10
12.98141003,80.2427597,34212,34222,10
12.98139,80.24289703,34222,34232,10
12.98138046,80.24321747,34232,34243,11
12.98134995,80.24373627,34243,34253,10
12.98124981,80.24452972,34253,34263,10
12.98112011,80.2454834,34263,34273,10
12.98099995,80.24656677,34273,34283,10
12.98087978,80.24775696,34283,34293,10
12.98077965,80.2490387,34293,34303,10
12.98060036,80.25019073,34303,34313,10
12.98034,80.25122833,34313,34323,10
12.98015976,80.25187683,34323,34333,10
12.97996998,80.25244141,34333,34343,10
12.97992039,80.25263214,34343,34353,10
12.97986031,80.25273132,34353,34364,11
12.97935009,80.25270844,34364,34374,10
12.97873974,80.25263214,34374,34384,10
12.97867966,80.25260925,34384,34394,10
12.9786396,80.25258636,34394,34404,10
12.9782896,80.25238037,34404,34414,10
12.97770977,80.2518692,34414,34424,10
12.9769001,80.25138092,34424,34434,10
12.97585964,80.25106049,34434,34444,10
12.97478962,80.25074768,34444,34454,10
12.97371006,80.25045013,34454,34464,10
12.97282028,80.25022888,34464,34475,11
12.9725399,80.25015259,34475,34485,10
12.97235966,80.25009918,34485,34495,10
12.97177982,80.24993896,34495,34505,10
12.97097969,80.24970245,34505,34515,10
12.97002029,80.24938202,34515,34525,10
12.96895027,80.24894714,34525,34535,10
12.96784019,80.24851227,34535,34545,10
12.9669199,80.24812317,34545,34555,10
12.96605968,80.24771118,34555,34565,10
12.96502972,80.24736023,34565,34586,21
12.96502972,80.24736023,34586,34596,10
12.96475029,80.2472229,34596,34606,10
12.96422958,80.24701691,34606,34616,10
12.96380997,80.24687195,34616,34626,10
12.96325016,80.24661255,34626,34636,10
12.96249962,80.2462616,34636,34646,10
12.96162987,80.24584198,34646,34656,10
12.96072006,80.24539948,34656,34666,10
12.95950985,80.24487305,34666,34686,20
12.95950985,80.24487305,34686,34696,10
12.95936012,80.24479675,34696,34707,11
12.95882034,80.24453735,34707,34717,10
12.9581604,80.24427032,34717,34727,10
12.9574604,80.24401855,34727,34737,10
12.95676041,80.24382782,34737,34747,10
12.95637035,80.24369812,34747,34757,10
12.95598984,80.24353027,34757,34767,10
12.95530987,80.2431488,34767,34777,10
12.95460033,80.24282837,34777,34787,10
12.95390987,80.24253845,34787,34797,10
12.95312023,80.24221802,34797,34807,10
12.95246029,80.24195862,34807,34818,11
12.95188999,80.24176025,34818,34828,10
12.9517498,80.24170685,34828,34838,10
12.95160007,80.24165344,34838,34848,10
12.95102024,80.24143982,34848,34858,10
12.95020962,80.24118805,34858,34868,10
12.94935036,80.24091339,34868,34888,20
12.94935036,80.24091339,34888,34897,9
12.94915009,80.24085236,34897,34907,10
12.94863987,80.24063873,34907,34918,11
12.94777966,80.24030304,34918,34928,10
12.94723988,80.24008179,34928,34939,11
12.94717979,80.2400589,34939,34949,10
12.94699955,80.23993683,34949,34959,10
12.94645023,80.23973846,34959,34969,10
12.94567966,80.23940277,34969,34979,10
12.94489956,80.23880768,34979,34989,10
12.94417,80.23803711,34989,34999,10
12.94357967,80.23738098,34999,35009,10
12.94340038,80.23719788,35009,35019,10
12.94316006,80.23693848,35019,35029,10
12.94250965,80.23654175,35029,35040,11
12.94151974,80.23625183,35040,35050,10
12.94062996,80.23603821,35050,35060,10
12.93997955,80.23586273,35060,35070,10
12.93984032,80.2358017,35070,35080,10
12.93970013,80.23573303,35080,35090,10
12.93908024,80.23542023,35090,35100,10
12.93828964,80.2350235,35100,35110,10
12.93741989,80.23458862,35110,35120,10
12.93661022,80.23420715,35120,35130,10
12.93614006,80.23400116,35130,35140,10
12.93554974,80.23370361,35140,35150,10
12.93488026,80.23339844,35150,35161,11
12.93416977,80.23310089,35161,35171,10
12.9340601,80.23304749,35171,35181,10
12.93391037,80.23296356,35181,35191,10
12.93348026,80.23274231,35191,35201,10
12.93270969,80.23245239,35201,35211,10
12.93175983,80.23213959,35211,35221,10
12.93072033,80.23179626,35221,35231,10
12.92971039,80.23152924,35231,35241,10
12.92858982,80.23130798,35241,35251,10
12.92743969,80.23116302,35251,35261,10
12.92652988,80.23104095,35261,35272,11
12.92609978,80.23101807,35272,35282,10
12.92597008,80.23100281,35282,35292,10
12.92543983,80.23091888,35292,35302,10
12.9246397,80.23084259,35302,35312,10
12.92370033,80.23071289,35312,35322,10
12.92263031,80.2305603,35322,35332,10
12.9215498,80.23039246,35332,35342,10
12.92055988,80.23027039,35342,35352,10
12.91963005,80.23017883,35352,35362,10
12.91924953,80.23013306,35362,35372,10
12.91907024,80.23008728,35372,35383,11
12.9184103,80.2299881,35383,35393,10
12.91753006,80.2298584,35393,35403,10
12.91641998,80.22969818,35403,35413,10
12.91520023,80.22953033,35413,35423,10
12.91405964,80.22937012,35423,35433,10
12.91337967,80.22931671,35433,35443,10
12.91327,80.22930145,35443,35453,10
12.91310024,80.22924805,35453,35463,10
12.91248989,80.22914124,35463,35473,10
12.91162014,80.22902679,35473,35483,10
12.91055965,80.22888184,35483,35494,11
12.9093504,80.22868347,35494,35504,10
12.90828037,80.22850037,35504,35514,10
12.90709972,80.22834778,35514,35554,40
12.90709972,80.22834778,35554,35564,10
12.90699959,80.22839355,35564,35574,10
12.90660954,80.22833252,35574,35584,10
12.90594006,80.22827911,35584,35594,10
12.90528965,80.2282486,35594,35604,10
12.90452957,80.2281723,35604,35615,11
12.90357971,80.22814178,35615,35625,10
12.90264034,80.22808838,35625,35635,10
12.90186977,80.22805023,35635,35645,10
12.90155029,80.22802734,35645,35664,19
12.90155029,80.22802734,35664,35675,11
12.90130043,80.22805023,35675,35685,10
12.90083981,80.22801208,35685,35695,10
12.90048981,80.22795868,35695,35705,10
12.90003014,80.22792816,35705,35715,10
12.89933968,80.22795105,35715,35746,31
12.89933968,80.22795105,35746,35756,10
12.89916992,80.22795868,35756,35766,10
12.89869976,80.2279129,35766,35776,10
12.89795017,80.22783661,35776,35786,10
12.89702988,80.22779846,35786,35796,10
12.89605999,80.22775269,35796,35806,10
12.89519024,80.22772217,35806,35816,10
12.8941803,80.22767639,35816,35826,10
12.8933897,80.2276001,35826,35837,11
12.89321995,80.22756958,35837,35847,10
12.89313984,80.22753906,35847,35857,10
12.89272976,80.22747803,35857,35877,20
12.89272976,80.22747803,35877,35887,10
12.89264011,80.22746277,35887,35897,10
12.89233017,80.22743225,35897,35907,10
12.89169025,80.22740173,35907,35917,10
12.89074039,80.22743225,35917,35927,10
12.88967991,80.22743225,35927,35937,10
12.88871002,80.22743988,35937,35948,11
12.88823986,80.22740173,35948,35958,10
12.88801956,80.22737122,35958,35968,10
12.88749027,80.22728729,35968,35978,10
12.88669968,80.22714233,35978,35988,10
12.88588047,80.22692108,35988,35998,10
12.88529015,80.22679901,35998,36008,10
12.88519001,80.22679138,36008,36018,10
12.88473988,80.22675323,36018,36028,10
12.88395023,80.22673798,36028,36038,10
12.8830204,80.22673798,36038,36048,10
12.88197994,80.22673798,36048,36059,11
12.88080025,80.22676086,36059,36069,10
12.87979984,80.22676849,36069,36079,10
12.87868977,80.22680664,36079,36089,10
12.87763977,80.22689819,36089,36099,10
12.87687969,80.22696686,36099,36109,10
12.87642002,80.22663879,36109,36180,71
12.87642002,80.22663879,36180,36190,10
12.87642002,80.22647858,36190,36200,10
12.8764801,80.2260437,36200,36210,10
12.87654972,80.22541046,36210,36220,10
12.87662029,80.22454834,36220,36230,10
12.87674999,80.22386932,36230,36240,10
12.87693977,80.22299194,36240,36250,10
12.87718964,80.2218399,36250,36260,10
12.87751961,80.22054291,36260,36270,10
12.87782001,80.21922302,36270,36280,10
12.87812042,80.21787262,36280,36291,11
12.87841988,80.216362,36291,36301,10
12.87872028,80.21498108,36301,36317,16
12.8791399,80.21282196,36317,36329,12
12.87938976,80.2114563,36329,36339,10
12.87901974,80.21092224,36339,36359,20
12.87901974,80.21092224,36359,36369,10
12.87884045,80.21090698,36369,36379,10
12.87823009,80.21080017,36379,36389,10
12.87744045,80.21064758,36389,36399,10
12.87674999,80.21051788,36399,36410,11
12.87613964,80.21040344,36410,36420,10
12.87537956,80.21028137,36420,36430,10
12.87450027,80.21012878,36430,36449,19
12.87450027,80.21012878,36449,36460,11
12.87440968,80.21008301,36460,36470,10
12.87440968,80.20970154,36470,36480,10
12.87467957,80.20977783,36480,37257,777
12.87467957,80.20977783,37257,37267,10
12.87467957,80.21003723,37267,37277,10
12.87475967,80.2101593,37277,37287,10
12.87510967,80.21021271,37287,37298,11
12.87541008,80.21027374,37298,37308,10
12.87570953,80.21032715,37308,37319,11
12.87623978,80.21042633,37319,37329,10
12.87679958,80.21054077,37329,37339,10
12.87734032,80.21063995,37339,37349,10
12.87806034,80.21076202,37349,37359,10
12.87870979,80.21089172,37359,37369,10
12.87915993,80.21098328,37369,37379,10
12.87921047,80.21099091,37379,37389,10
12.87926006,80.21099854,37389,37399,10
12.87946987,80.21112061,37399,37409,10
12.87940979,80.21161652,37409,37419,10
12.8792696,80.21233368,37419,37430,11
12.87905979,80.21338654,37430,37440,10
12.87887955,80.2143631,37440,37450,10
12.87866974,80.21539307,37450,37460,10
12.87845993,80.21630096,37460,37470,10
12.87829018,80.21717072,37470,37480,10
12.87810993,80.21804047,37480,37490,10
12.87792015,80.21891022,37490,37500,10
12.87771034,80.21980286,37500,37510,10
12.87749958,80.22071075,37510,37520,10
12.87728024,80.2216568,37520,37530,10
12.8770504,80.22265625,37530,37541,11
12.87679958,80.22373962,37541,37551,10
12.87664032,80.22467041,37551,37561,10
12.87654018,80.22566223,37561,37571,10
12.87642002,80.2268219,37571,37591,20
12.87642002,80.2268219,37591,37601,10
12.87646008,80.22689056,37601,37611,10
12.87656021,80.22691345,37611,37621,10
12.87695026,80.22686005,37621,37631,10
12.8776598,80.22679901,37631,37641,10
12.87860012,80.22672272,37641,37651,10
12.87971973,80.22666168,37651,37662,11
12.88101006,80.22664642,37662,37672,10
12.88212967,80.22663879,37672,37688,16
12.8839798,80.22662354,37688,37700,12
12.88508034,80.22662354,37700,37708,8
12.88519001,80.22662354,37708,37720,12
12.88539982,80.22666168,37720,37730,10
12.88605976,80.2268219,37730,37740,10
12.88687992,80.22704315,37740,37750,10
12.88776016,80.22718048,37750,37760,10
12.88842964,80.22724152,37760,37771,11
12.88856983,80.22725677,37771,37782,11
12.88920021,80.22727203,37782,37791,9
12.88990974,80.22725677,37791,37802,11
12.89083958,80.22725677,37802,37812,10
12.89171982,80.22725677,37812,37822,10
12.89208984,80.22727203,37822,37832,10
12.89253044,80.22731018,37832,37842,10
12.89307022,80.22736359,37842,37852,10
12.8937397,80.22744751,37852,37862,10
12.89389038,80.2274704,37862,37872,10
12.8940897,80.22750092,37872,37883,11
12.89482021,80.22753906,37883,37893,10
12.89577961,80.2276001,37893,37903,10
12.89675999,80.2276535,37903,37912,9
12.89789009,80.22770691,37912,37923,11
12.89896965,80.2277832,37923,37933,10
12.90011024,80.22783661,37933,37943,10
12.90079975,80.22788239,37943,37953,10
12.9012804,80.2279129,37953,37963,10
12.90182018,80.22792816,37963,37973,10
12.90229988,80.22795868,37973,37994,21
12.90229988,80.22795868,37994,38004,10
12.90240002,80.22796631,38004,38014,10
12.90299034,80.2279892,38014,38024,10
12.90386009,80.22805023,38024,38034,10
12.90489006,80.22810364,38034,38044,10
12.90614033,80.22814178,38044,38084,40
12.90614033,80.22814178,38084,38094,10
12.90645981,80.22814178,38094,38103,9
12.90678978,80.2281723,38103,38115,12
12.90692043,80.22820282,38115,38125,10
12.90744972,80.22825623,38125,38135,10
12.90832043,80.22840118,38135,38145,10
12.90944958,80.22859192,38145,38155,10
12.91059971,80.22878265,38155,38165,10
12.91176033,80.22895813,38165,38175,10
12.91285992,80.22910309,38175,38185,10
12.91368008,80.2292099,38185,38195,10
12.91382027,80.22921753,38195,38205,10
12.91401958,80.22924805,38205,38215,10
12.91464043,80.22934723,38215,38226,11
12.91563988,80.22950745,38226,38236,10
12.91681957,80.22966766,38236,38246,10
12.91804981,80.22984314,38246,38256,10
12.91889954,80.22997284,38256,38266,10
12.91924,80.2299881,38266,38276,10
12.91952991,80.23001862,38276,38286,10
12.9202404,80.23014069,38286,38296,10
12.92121029,80.23023987,38296,38306,10
12.92240047,80.23040771,38306,38316,10
12.92362976,80.23059845,38316,38326,10
12.92483997,80.23075867,38326,38337,11
12.92601013,80.23091888,38337,38347,10
12.92716026,80.23104095,38347,38357,10
12.92840004,80.23120117,38357,38367,10
12.92928028,80.23136139,38367,38377,10
12.9303503,80.23159027,38377,38387,10
12.93148994,80.23193359,38387,38397,10
12.93255997,80.23229218,38397,38407,10
12.93336964,80.23259735,38407,38423,16
12.93367958,80.23274231,38423,38435,12
12.93393993,80.23285675,38435,38443,8
12.93443966,80.233078,38443,38456,13
12.93552971,80.23358154,38456,38466,10
12.93649006,80.23403168,38466,38476,10
12.93756008,80.23454285,38476,38485,9
12.93852043,80.2350235,38485,38496,11
12.93943977,80.23548126,38496,38506,10
12.93976974,80.23564911,38506,38516,10
12.93978024,80.23565674,38516,38526,10
12.93994045,80.23574829,38526,38536,10
12.94052982,80.2359314,38536,38546,10
12.94141006,80.23615265,38546,38556,10
12.9424696,80.23641205,38556,38567,11
12.94349003,80.23709106,38567,38577,10
12.94427967,80.23796082,38577,38587,10
12.9450798,80.2388382,38587,38597,10
12.94608974,80.23944855,38597,38607,10
12.94701958,80.23983765,38607,38617,10
12.94731998,80.23995209,38617,38627,10
12.94734955,80.23995972,38627,38637,10
12.9477396,80.24012756,38637,38647,10
12.94873047,80.24051666,38647,38688,41
12.94873047,80.24051666,38688,38698,10
12.94880962,80.2405777,38698,38708,10
12.94923019,80.24075317,38708,38718,10
12.94989967,80.2409668,38718,38728,10
12.95073986,80.2412262,38728,38738,10
12.95123959,80.24136353,38738,38748,10
12.95123959,80.24137115,38748,38758,10
12.95156956,80.24150848,38758,38768,10
12.95226002,80.24175262,38768,38778,10
12.9531002,80.24207306,38778,38789,11
12.95384026,80.24237823,38789,38799,10
12.95452023,80.24265289,38799,38809,10
12.95524025,80.24291992,38809,38819,10
12.95602036,80.2431488,38819,38829,10
12.95641041,80.24330139,38829,38839,10
12.95668983,80.24342346,38839,38849,10
12.95732021,80.24372864,38849,38859,10
12.9581604,80.24411011,38859,38869,10
12.95886993,80.24437714,38869,38879,10
12.95895004,80.24442291,38879,38889,10
12.95913982,80.24453735,38889,38899,10
12.95971012,80.24479675,38899,38910,11
12.9605999,80.24520111,38910,38919,9
12.96146965,80.24562073,38919,38930,11
12.96243954,80.24610138,38930,38940,10
12.96292019,80.24636078,38940,38950,10
12.96298981,80.24639893,38950,38960,10
12.96306038,80.24642944,38960,38970,10
12.96339035,80.24659729,38970,38980,10
12.96395016,80.24684143,38980,38990,10
12.96471977,80.24712372,38990,39000,10
12.96557999,80.24739838,39000,39010,10
12.96632957,80.24768066,39010,39031,21
12.96632957,80.24768066,39031,39041,10
12.96671009,80.24786377,39041,39051,10
12.96730042,80.24816895,39051,39061,10
12.96815014,80.2485199,39061,39069,8
12.96893978,80.2488327,39069,39081,12
12.97015953,80.24932098,39081,39091,10
12.97117996,80.24967194,39091,39101,10
12.97222996,80.24996185,39101,39111,10
12.97327042,80.25022125,39111,39122,11
12.97420979,80.25047302,39122,39132,10
12.97441959,80.25050354,39132,39142,10
12.97453976,80.25054169,39142,39152,10
12.97507954,80.25070953,39152,39162,10
12.9758997,80.25095367,39162,39172,10
12.97681999,80.2512207,39172,39182,10
12.97768021,80.25167847,39182,39192,10
12.97842026,80.25228119,39192,39202,10
12.97926044,80.25254059,39202,39212,10
12.97994041,80.25228119,39212,39232,20
12.97994041,80.25228119,39232,39241,9
12.98001957,80.25193787,39241,39253,12
12.98023987,80.25125122,39253,39263,10
12.98048019,80.2503891,39263,39273,10
12.98069,80.2493515,39273,39283,10
12.98079967,80.24816132,39283,39292,9
12.98089027,80.24706268,39292,39303,11
12.98101044,80.24581146,39303,39313,10
12.98112965,80.24469757,39313,39323,10
12.98122025,80.24373627,39323,39333,10
12.98136044,80.24334717,39333,39343,10
12.98136997,80.24285889,39343,39353,10
12.98136997,80.24276733,39353,39364,11
12.98136997,80.24269867,39364,39374,10
12.98138046,80.24227905,39374,39384,10
12.98136044,80.24170685,39384,39394,10
12.98136044,80.24098206,39394,39404,10
12.98134041,80.24024963,39404,39414,10
12.98132038,80.23972321,39414,39424,10
12.98130989,80.23932648,39424,39434,10
12.98128033,80.23873138,39434,39444,10
12.9812603,80.2379303,39444,39464,20
12.9812603,80.2379303,39464,39475,11
12.9812603,80.23761749,39475,39485,10
12.98124027,80.23703766,39485,39495,10
12.98122025,80.23634338,39495,39505,10
12.98118973,80.23564148,39505,39515,10
12.9811697,80.23493958,39515,39525,10
12.98120975,80.23423767,39525,39535,10
12.9816103,80.23335266,39535,39555,20
12.9816103,80.23335266,39555,39565,10
12.98165035,80.23326111,39565,39576,11
12.98182964,80.23287201,39576,39585,9
12.98196983,80.23242188,39585,39596,11
12.98198032,80.23194885,39596,39606,10
12.98194027,80.23143768,39606,39616,10
12.98178005,80.23088837,39616,39626,10
12.98149014,80.23034668,39626,39636,10
12.98116016,80.22982788,39636,39646,10
12.98083973,80.22931671,39646,39656,10
12.98058033,80.22894287,39656,39676,20
12.98058033,80.22894287,39676,39686,10
12.98056984,80.22888184,39686,39697,11
12.98034,80.228508,39697,39707,10
12.98015022,80.22808075,39707,39717,10
12.97984028,80.22756958,39717,39727,10
12.97945023,80.22692108,39727,39737,10
12.97904968,80.22625732,39737,39747,10
12.97867966,80.22566223,39747,39757,10
12.97830009,80.22502899,39757,39767,10
12.9780302,80.22463226,39767,39777,10
12.97784042,80.22438812,39777,39787,10
12.97774029,80.22422791,39787,39797,10
12.9777298,80.22418976,39797,39807,10
12.97752953,80.22384644,39807,39818,11
12.97717953,80.22328186,39818,39828,10
12.97692966,80.22280884,39828,39838,10
12.97716045,80.22267914,39838,39868,30
12.97716045,80.22267914,39868,39878,10
12.97731018,80.22267914,39878,39888,10
12.97749996,80.22247314,39888,39898,10
12.97747993,80.22196198,39898,39908,10
12.97745991,80.22142029,39908,39918,10
12.97745037,80.2212677,39918,39929,11
12.97758961,80.22119141,39929,39939,10
12.97809029,80.22119141,39939,39949,10
12.97867966,80.221138,39949,39959,10
12.97935963,80.22109222,39959,39969,10
12.97999001,80.22103882,39969,39979,10
12.98050976,80.22099304,39979,39989,10
12.98108006,80.22103882,39989,39999,10
12.98155022,80.22129822,39999,40009,10
12.98188019,80.22151184,40009,40019,10
12.98215961,80.22167969,40019,40029,10
12.98246956,80.22177887,40029,40040,11
12.98279953,80.22189331,40040,40060,20
12.98279953,80.22189331,40060,40070,10
12.98291969,80.22194672,40070,40080,10
12.98316956,80.22209167,40080,40090,10
12.98349953,80.22232056,40090,40100,10
12.98383999,80.22251892,40100,40110,10
12.98416996,80.22270203,40110,40120,10
12.98456001,80.22296143,40120,40130,10
12.98515987,80.22324371,40130,40151,21
12.98626041,80.22296143,40151,40161,10
12.98647976,80.2229538,40161,40171,10
12.98668003,80.22296906,40171,40187,16
12.98696041,80.22302246,40187,40199,12
12.98762035,80.22306061,40199,40207,8
12.98803043,80.22286987,40207,40218,11
12.98851967,80.22242737,40218,40229,11
12.98902988,80.22183228,40229,40239,10
12.98943996,80.22131348,40239,40249,10
12.99001026,80.22068787,40249,40259,10
12.99042034,80.2203598,40259,40270,11
12.99042988,80.22035217,40270,40280,10
12.9907198,80.22016144,40280,40290,10
12.99114037,80.21980286,40290,40300,10
12.99145985,80.2195282,40300,40310,10
12.99199963,80.21916199,40310,40320,10
12.99271011,80.21865845,40320,40330,10
12.99339962,80.21816254,40330,40340,10
12.99400997,80.21775055,40340,40350,10
12.99433994,80.21749878,40350,40360,10
12.99450016,80.21737671,40360,40370,10
12.99487019,80.21710968,40370,40381,11
12.99532032,80.21684265,40381,40391,10
12.99590015,80.21663666,40391,40401,10
12.99654007,80.21653748,40401,40411,10
12.99730968,80.21631622,40411,40431,20
12.99730968,80.21631622,40431,40441,10
12.99754047,80.21613312,40441,40457,16
12.99839973,80.21539307,40457,40469,12
12.9989996,80.21482849,40469,40477,8
12.99913979,80.21472168,40477,40489,12
12.99946022,80.21444702,40489,40499,10
12.9998703,80.21408844,40499,40510,11
13.00035954,80.21366119,40510,40520,10
13.00078011,80.21331024,40520,40529,9
13.00135994,80.21282196,40529,40540,11
13.00197983,80.21237183,40540,40550,10
13.00247955,80.21212769,40550,40560,10
13.00306988,80.21205902,40560,40571,11
13.00356007,80.21199036,40571,40581,10
13.00360012,80.21199036,40581,40591,10
13.00370026,80.21169281,40591,40601,10
13.00366974,80.21115112,40601,40612,11
13.00358963,80.21047211,40612,40622,10
13.00351048,80.20982361,40622,40632,10
13.00360012,80.20909882,40632,40642,10
13.00395966,80.20861053,40642,40652,10
13.00467968,80.20892334,40652,40662,10
13.0053997,80.20924377,40662,40672,10
13.00607967,80.20948029,40672,40682,10
13.00666046,80.20966339,40682,40692,10
13.0072403,80.20977783,40692,40723,31
13.0072403,80.20977783,40723,40733,10
13.00741959,80.20983887,40733,40743,10
13.00759983,80.20987701,40743,40753,10
13.00790024,80.20993805,40753,40763,10
13.0081501,80.20983887,40763,40773,10
13.0080204,80.20909882,40773,40783,10
13.00788021,80.20825195,40783,40793,10
13.00771999,80.20735931,40793,40803,10
13.00757027,80.20638275,40803,40813,10
13.00747967,80.2052002,40813,40823,10
13.00745964,80.20411682,40823,40833,10
13.00732994,80.20310211,40833,40844,11
13.00662041,80.2026062,40844,40854,10
13.00671959,80.20327759,40854,40864,10
13.00736046,80.2036438,40864,40874,10
13.00829983,80.20372772,40874,40884,10
13.00948048,80.20365143,40884,40894,10
13.01068974,80.2036438,40894,40904,10
13.01194954,80.20378113,40904,40914,10
13.01303959,80.20401764,40914,40923,9
13.01362991,80.20423889,40923,40934,11
13.01371002,80.20430756,40934,40944,10
13.01371002,80.204422,40944,40955,11
13.01362038,80.20467377,40955,40965,10
13.01356983,80.20471954,40965,40975,10
13.01338005,80.20517731,40975,40985,10
13.01317024,80.20581818,40985,40995,10
13.01301956,80.2065506,40995,41005,10
13.01296043,80.20713043,41005,41015,10
13.01286983,80.2076416,41015,41025,10
13.01284027,80.20800018,41025,41036,11
13.0128603,80.20845032,41036,41045,9
13.01292038,80.20884705,41045,41056,11
13.01301003,80.20937347,41056,41066,10
13.01315975,80.20986176,41066,41076,10
13.01309967,80.21031952,41076,41086,10
13.01294994,80.21095276,41086,41096,10
13.01264954,80.21151733,41096,41106,10
13.01233006,80.21205902,41106,41116,10
13.01200008,80.21260071,41116,41126,10
13.01179028,80.21279907,41126,41136,10
13.01144981,80.21257019,41136,41146,10
13.01111031,80.21233368,41146,41156,10
13.01074982,80.21206665,41156,41166,10
13.01041031,80.21179962,41166,41177,11
13.01010036,80.21153259,41177,41187,10
13.00973988,80.21130371,41187,41257,70
13.00973988,80.21130371,41257,41267,10
13.00938034,80.21121216,41267,41924,657
13.00938034,80.21121216,41924,41934,10
13.00926018,80.21118164,41934,41944,10
13.00920963,80.21124268,41944,41954,10
13.00905037,80.21143341,41954,41965,11
13.00903988,80.21172333,41965,41975,10
13.00922966,80.21230316,41975,41985,10
13.00946045,80.21298218,41985,41994,9
13.00973034,80.21366882,41994,42004,10
13.01002979,80.21440125,42004,42015,11
13.01018047,80.21517181,42015,42025,10
13.01039028,80.21601868,42025,42035,10
13.01080036,80.21691895,42035,42045,10
13.01124001,80.21791077,42045,42055,10
13.01163006,80.21896362,42055,42065,10
13.01200962,80.2201004,42065,42074,9
13.01226997,80.22088623,42074,42086,12
13.01253986,80.22148132,42086,42096,10
13.01270008,80.22168732,42096,42106,10
13.01272964,80.22173309,42106,42116,10
13.01301003,80.22206879,42116,42126,10
13.01327991,80.22238159,42126,42136,10
13.01366043,80.22286224,42136,42146,10
13.01397991,80.2233963,42146,42156,10
13.01426029,80.22383881,42156,42166,10
13.0146904,80.22432709,42166,42176,10
13.01496029,80.22460938,42176,42186,10
13.01521969,80.22490692,42186,42197,11
13.01546001,80.22535706,42197,42207,10
13.01531982,80.22579956,42207,42217,10
13.01484013,80.22599792,42217,42227,10
13.01406956,80.2263031,42227,42237,10
13.01319027,80.22664642,42237,42247,10
13.01233006,80.22698212,42247,42257,10
13.01134014,80.22736359,42257,42267,10
13.01041031,80.22772217,42267,42277,10
13.00963974,80.2279129,42277,42287,10
13.00959015,80.22736359,42287,42297,10
13.00994015,80.22663879,42297,42308,11
13.01027966,80.22576904,42308,42318,10
13.01062012,80.22505188,42318,42328,10
13.01089954,80.22442627,42328,42338,10
13.0111599,80.22377014,42338,42348,10
13.01124001,80.22325134,42348,42358,10
13.01072979,80.22299194,42358,42368,10
13.01037979,80.22277832,42368,42378,10
13.01021957,80.22267151,42378,42388,10
13.00969028,80.22238922,42388,42398,10
13.00903034,80.22202301,42398,42408,10
13.00833988,80.22164154,42408,42418,10
13.00757027,80.22122192,42418,42429,11
13.00669956,80.22080231,42429,42439,10
13.00586033,80.22054291,42439,42455,16
13.00465012,80.22023773,42455,42467,12
13.00384045,80.22006226,42467,42477,10
13.00308037,80.21987152,42477,42487,10
13.00238991,80.21945953,42487,42497,10
13.00187969,80.21888733,42497,42507,10
13.00135994,80.21845245,42507,42517,10
13.00078964,80.21807861,42517,42527,10
13.00022984,80.21772003,42527,42538,11
12.99965,80.21734619,42538,42546,8
12.9990797,80.21704102,42546,42558,12
12.99816036,80.21662903,42558,42568,10
12.99748039,80.21652985,42568,42577,9
12.99736023,80.21652985,42577,42588,11
12.99693012,80.21653748,42588,42597,9
12.99650002,80.21656036,42597,42608,11
12.99613953,80.21663666,42608,42617,9
12.99594021,80.21669006,42617,42627,10
12.99569988,80.2167511,42627,42638,11
12.99547958,80.21681976,42638,42648,10
12.99530029,80.21691895,42648,42659,11
12.99520016,80.21697998,42659,42669,10
12.99499035,80.21710205,42669,42679,10
12.99458027,80.21737671,42679,42689,10
12.99417019,80.217659,42689,42699,10
12.99370003,80.21801758,42699,42709,10
12.9932003,80.21838379,42709,42719,10
12.99277973,80.21869659,42719,42729,10
12.9919796,80.21927643,42729,42739,10
12.9913702,80.21971893,42739,42749,10
12.99096966,80.22003174,42749,42759,10
12.9907999,80.22015381,42759,42769,10
12.99065971,80.22025299,42769,42780,11
12.99015045,80.22062683,42780,42790,10
12.98968029,80.221138,42790,42799,9
12.98923969,80.22168732,42799,42810,11
12.98876953,80.22225952,42810,42820,10
12.98818016,80.22279358,42820,42830,10
12.98764992,80.22312164,42830,42840,10
12.98762035,80.22312164,42840,42850,10
12.98731995,80.22309113,42850,42860,10
12.9868803,80.22303009,42860,42870,10
12.98633957,80.2229538,42870,42881,11
12.98567009,80.22309113,42881,42891,10
12.98530006,80.22329712,42891,42901,10
12.98478031,80.22315216,42901,42911,10
12.98429966,80.22286987,42911,42921,10
12.98392963,80.22265625,42921,42931,10
12.98361969,80.22248077,42931,42941,10
12.98355961,80.22242737,42941,42951,10
12.98342037,80.22232056,42951,42961,10
12.9832201,80.22219849,42961,42971,10
12.98305988,80.22209167,42971,42981,10
12.98254013,80.22189331,42981,43052,71
12.98254013,80.22189331,43052,43062,10
12.98211956,80.22167969,43062,43072,10
12.9819603,80.22161102,43072,43082,10
12.98178005,80.22148132,43082,43092,10
12.98143959,80.22138977,43092,43103,11
12.98089027,80.22115326,43103,43113,10
12.98017979,80.22116089,43113,43123,10
12.97961044,80.22116089,43123,43133,10
12.97896957,80.22118378,43133,43143,10
12.97824001,80.22122192,43143,43153,10
12.97749996,80.22123718,43153,43163,10
12.97690964,80.22129059,43163,43173,10
12.97640038,80.22126007,43173,43183,10
12.97634029,80.22126007,43183,43193,10
12.97609997,80.22141266,43193,43203,10
12.97634029,80.22180176,43203,43224,21
12.97634029,80.22180176,43224,43234,10
12.97644043,80.22206879,43234,43244,10
12.97671986,80.22251892,43244,43254,10
12.97716045,80.22324371,43254,43264,10
12.97766018,80.22400665,43264,43280,16
12.97823048,80.22493744,43280,43292,12
12.97867012,80.22564697,43292,43300,8
12.97896004,80.22614288,43300,43312,12
12.97943974,80.22692108,43312,43322,10
12.97978973,80.22750854,43322,43332,10
12.97994041,80.22775269,43332,43343,11
12.98029995,80.22836304,43343,43353,10
12.98071957,80.22905731,43353,43363,10
12.98116016,80.22979736,43363,43372,9
12.98157024,80.23040009,43372,43383,11
12.98165989,80.23052216,43383,43394,11
12.98171997,80.23066711,43394,43404,10
12.98192024,80.23117828,43404,43414,10
12.98202038,80.2318573,43414,43424,10
12.98200989,80.23239136,43424,43434,10
12.98188019,80.23290253,43434,43444,10
12.98165989,80.23339844,43444,43455,11
12.98159027,80.23355103,43455,43465,10
12.98138046,80.23394012,43465,43475,10
12.98118973,80.23465729,43475,43485,10
12.98118973,80.23549652,43485,43495,10
12.98122025,80.23639679,43495,43505,10
12.98124027,80.23734283,43505,43515,10
12.98124981,80.2379837,43515,43525,10
12.98128033,80.23860931,43525,43535,10
12.98128033,80.23863983,43535,43545,10
12.98128033,80.23886108,43545,43556,11
12.98128033,80.23947906,43556,43566,10
12.98128986,80.24002075,43566,43576,10
12.98130989,80.24067688,43576,43586,10
12.98132038,80.24146271,43586,43595,9
12.98132038,80.24214172,43595,43606,11
12.98134041,80.24273682,43606,43616,10
12.98134041,80.24284363,43616,43626,10
12.98134041,80.24333191,43626,43636,10
12.9812603,80.24411011,43636,43646,10
12.98112011,80.24507904,43646,43656,10
12.98099041,80.24620056,43656,43666,10
12.98087978,80.24739838,43666,43677,11
12.98075962,80.24881744,43677,43687,10
12.98058987,80.25006104,43687,43697,10
12.98029995,80.25119781,43697,43707,10
12.98009968,80.25202179,43707,43717,10
12.97988033,80.25253296,43717,43727,10
12.97980976,80.25272369,43727,43737,10
12.97947979,80.25273895,43737,43747,10
12.97879028,80.25266266,43747,43757,10
12.97854996,80.25258636,43757,43767,10
12.97838974,80.25250244,43767,43777,10
12.97789955,80.25209808,43777,43788,11
12.97704983,80.25144196,43788,43798,10
12.97585964,80.25106049,43798,43808,10
12.97463989,80.25071716,43808,43818,10
12.97356033,80.2504425,43818,43828,10
12.97274017,80.25028992,43828,43838,10
12.97253036,80.25022125,43838,43848,10
12.97222042,80.25012207,43848,43858,10
12.97154045,80.24993896,43858,43868,10
12.97066021,80.24968719,43868,43878,10
12.96959972,80.24935913,43878,43888,10
12.96858025,80.24903107,43888,43898,10
12.96776009,80.24865723,43898,43908,10
12.96716022,80.24836731,43908,43919,11
12.96675968,80.24812317,43919,43929,10
12.96629047,80.24787903,43929,43945,16
12.96518993,80.24748993,43945,43957,12
12.96502972,80.24743652,43957,43965,8
12.96498013,80.24738312,43965,43977,12
12.96457005,80.24723053,43977,43987,10
12.9642601,80.24710846,43987,43997,10
12.96387005,80.24694824,43997,44007,10
12.96350002,80.24681091,44007,44017,10
12.96284962,80.24646759,44017,44027,10
12.96199036,80.24604034,44027,44038,11
12.96096039,80.24555969,44038,44048,10
12.96006012,80.24516296,44048,44058,10
12.9594202,80.24490356,44058,44068,10
12.95938015,80.24485779,44068,44078,10
12.95897961,80.24465942,44078,44088,10
12.95823002,80.24436188,44088,44098,10
12.95755959,80.24411011,44098,44108,10
12.95701981,80.2438736,44108,44209,101
12.95666981,80.24375916,44209,44290,81
12.95666981,80.24375916,44290,44300,10
12.95625973,80.24362183,44300,44310,10
12.95571995,80.24337006,44310,44320,10
12.95493984,80.24298096,44320,44330,10
12.95401001,80.24259949,44330,44340,10
12.95300961,80.2421875,44340,44350,10
12.95209026,80.24185944,44350,44361,11
12.95166016,80.24170685,44361,44371,10
12.9516201,80.24169159,44371,44381,10
12.95121002,80.24156189,44381,44391,10
12.95046997,80.24130249,44391,44401,10
12.94952011,80.24102783,44401,44411,10
12.94874954,80.24075317,44411,44421,10
12.94785976,80.2403717,44421,44431,10
12.94713974,80.24008179,44431,44441,10
12.94701004,80.24002838,44441,44451,10
12.94680023,80.23993683,44451,44461,10
12.9462204,80.23969269,44461,44471,10
12.94544029,80.23931122,44471,44481,10
12.94464016,80.23860168,44481,44492,11
12.94375038,80.2376709,44492,44502,10
12.94330025,80.23719025,44502,44512,10
12.94318962,80.23706055,44512,44528,16
12.94219971,80.2365036,44528,44540,12
12.94095993,80.23618317,44540,44559,19
12.93970013,80.2358017,44559,44571,12
12.93953991,80.23571777,44571,44582,11
12.93887997,80.23542023,44582,44593,11
12.93793964,80.23497772,44593,44603,10
12.9369297,80.23446655,44603,44613,10
12.93593979,80.23397827,44613,44623,10
12.93486023,80.23351288,44623,44633,10
12.93400002,80.23312378,44633,44642,9
12.9338398,80.23301697,44642,44652,10
12.93379974,80.23297882,44652,44663,11
12.9332304,80.23272705,44663,44673,10
12.93243027,80.23242188,44673,44683,10
12.9314003,80.23206329,44683,44692,9
12.93031979,80.23174286,44692,44702,10
12.92930031,80.23148346,44702,44714,12
12.92844009,80.23130798,44714,44724,10
12.92747974,80.23119354,44724,44734,10
12.92607975,80.23104095,44734,44754,20
12.92607975,80.23104095,44754,44764,10
12.92607021,80.23104858,44764,44774,10
12.92564011,80.23100281,44774,44784,10
12.92492962,80.23091125,44784,44794,10
12.92401028,80.23079681,44794,44804,10
12.92286968,80.2306366,44804,44814,10
12.9215498,80.2304306,44814,44825,11
12.92014027,80.23026276,44825,44835,10
12.91926003,80.2301712,44835,44845,10
12.91909027,80.23014069,44845,44855,10
12.91907978,80.23013306,44855,44865,10
12.91864967,80.23007202,44865,44875,10
12.91685963,80.22981262,44875,44885,10
12.91685963,80.22981262,44885,44895,10
12.91567993,80.2296524,44895,44905,10
12.91448021,80.22949219,44905,44915,10
12.91331959,80.22934723,44915,44935,20
12.91331959,80.22934723,44935,44946,11
12.91285992,80.22924042,44946,44956,10
12.91201019,80.22913361,44956,44966,10
12.91090012,80.22898865,44966,44976,10
12.90962029,80.22878265,44976,44986,10
12.90847015,80.22859192,44986,44996,10
12.9074297,80.22844696,44996,45006,10
12.90703011,80.22840118,45006,45016,10
12.90701962,80.22839355,45016,45026,10
12.90662956,80.22833252,45026,45037,11
12.90604019,80.22827911,45037,45047,10
12.90526009,80.22824097,45047,45058,11
12.90410042,80.22814941,45058,45068,10
12.90287018,80.22807312,45068,45078,10
12.90192986,80.2280426,45078,45088,10
12.90116024,80.2280426,45088,45148,60
12.90116024,80.2280426,45148,45158,10
12.90106964,80.22795868,45158,45168,10
12.90056038,80.22789764,45168,45179,11
12.89982033,80.22792053,45179,45189,10
12.89929962,80.22792053,45189,45209,20
12.89929962,80.22792053,45209,45219,10
12.89925957,80.22794342,45219,45229,10
12.89883995,80.22788239,45229,45239,10
12.89809036,80.22783661,45239,45249,10
12.8971796,80.22779083,45249,45259,10
12.89608002,80.22773743,45259,45269,10
12.89488029,80.22769165,45269,45280,11
12.89367008,80.2276001,45280,45289,9
12.89319992,80.22754669,45289,45300,11
12.89317989,80.22754669,45300,45310,10
12.89262009,80.2274704,45310,45350,40
12.89262009,80.2274704,45350,45360,10
12.89245987,80.22744751,45360,45370,10
12.89188004,80.22741699,45370,45380,10
12.89099026,80.22740936,45380,45391,11
12.88990021,80.22740936,45391,45401,10
12.88889027,80.22740173,45401,45411,10
12.88846016,80.22740173,45411,45421,10
12.88840961,80.22738647,45421,45431,10
12.88796043,80.2273407,45431,45440,9
12.88726044,80.22724152,45440,45451,11
12.88619995,80.22701263,45451,45461,10
12.88525963,80.22679901,45461,45471,10
12.88479996,80.22676086,45471,45481,10
12.88469982,80.22675323,45481,45491,10
12.88418007,80.22673798,45491,45501,10
12.88333035,80.22675323,45501,45511,10
12.8822403,80.22676086,45511,45522,11
12.8808403,80.22678375,45522,45532,10
12.87952042,80.22679138,45532,45542,10
12.87819958,80.22685242,45542,45552,10
12.87720013,80.22692108,45552,45562,10
12.87658024,80.22698975,45562,45572,10
12.87639046,80.2265625,45572,45592,20
12.87639046,80.2265625,45592,45602,10
12.87640953,80.22640228,45602,45612,10
12.87646961,80.22583008,45612,45622,10
12.87654018,80.22496796,45622,45633,11
12.87666035,80.22403717,45633,45643,10
12.87685966,80.22322845,45643,45653,10
12.87709999,80.22219086,45653,45663,10
12.87734985,80.22110748,45663,45673,10
12.87759972,80.22003174,45673,45683,10
12.87784004,80.21894073,45683,45693,10
12.8780899,80.21774292,45693,45703,10
12.8783102,80.21663666,45703,45713,10
12.87854004,80.21559906,45713,45723,10
12.87878036,80.21444702,45723,45734,11
12.87903023,80.21312714,45734,45744,10
12.87924004,80.21204376,45744,45754,10
12.87938976,80.21121216,45754,45764,10
12.87915993,80.2109375,45764,45784,20
12.87915993,80.2109375,45784,45794,10
12.87903023,80.21096039,45794,45804,10
12.87864971,80.21089172,45804,45814,10
12.87792969,80.21076202,45814,45824,10
12.87709999,80.21060181,45824,45834,10
12.87631989,80.21045685,45834,45844,10
12.87559986,80.21034241,45844,45855,11
12.87442017,80.21011353,45855,45885,30
12.87442017,80.21011353,45885,45895,10
12.87436962,80.21008301,45895,45905,10
12.87438011,80.20967865,45905,45915,10
12.87460041,80.20983887,45915,46226,311
12.87462997,80.20990753,46226,46276,50
12.87460041,80.20979309,46276,46831,555
12.87460041,80.20979309,46831,46841,10
12.87465954,80.20996094,46841,46851,10
12.8747797,80.21013641,46851,46861,10
12.87504959,80.21018219,46861,46871,10
12.87547016,80.21029663,46871,46881,10
12.87609005,80.21040344,46881,46892,11
12.8768301,80.21054077,46892,46902,10
12.87742996,80.21066284,46902,46912,10
12.8780098,80.21076965,46912,46922,10
12.87849998,80.21085358,46922,46932,10
12.87893009,80.21092224,46932,46942,10
12.87917995,80.21098328,46942,46952,10
12.87944984,80.21118164,46952,46962,10
12.8793602,80.21185303,46962,46972,10
12.87917995,80.21269989,46972,46982,10
12.87897968,80.21376801,46982,46992,10
12.87876034,80.21492767,46992,47002,10
12.87851048,80.21608734,47002,47013,11
12.87823009,80.21749115,47013,47023,10
12.87794971,80.21884155,47023,47033,10
12.87763977,80.22016144,47033,47043,10
12.87736034,80.22138214,47043,47053,10
12.87709999,80.22254181,47053,47063,10
12.87681007,80.22377014,47063,47073,10
12.87662029,80.22501373,47073,47083,10
12.8764801,80.22614288,47083,47093,10
12.87642002,80.22680664,47093,47103,10
12.87662983,80.22688293,47103,47114,11
12.87668991,80.22688293,47114,47124,10
12.87691021,80.22686005,47124,47134,10
12.8775301,80.22680664,47134,47144,10
12.87837982,80.22675323,47144,47154,10
12.87938023,80.22669983,47154,47164,10
12.88057041,80.22666931,47164,47174,10
12.88183975,80.22666931,47174,47184,10
12.88311958,80.22663879,47184,47194,10
12.8843298,80.22662354,47194,47204,10
12.88512039,80.22663879,47204,47214,10
12.88531971,80.22666168,47214,47224,10
12.88595009,80.2268219,47224,47235,11
12.88687992,80.22705841,47235,47245,10
12.88753986,80.22718048,47245,47255,10
12.88821983,80.22724152,47255,47265,10
12.88854027,80.22725677,47265,47275,10
12.88924026,80.22727966,47275,47285,10
12.89023018,80.22727966,47285,47295,10
12.89134026,80.22727966,47295,47305,10
12.89251995,80.22731781,47305,47315,10
12.89363003,80.22744751,47315,47325,10
12.89414978,80.22750092,47325,47335,10
12.8941803,80.22750854,47335,47346,11
12.89470005,80.22753906,47346,47356,10
12.89556026,80.2276001,47356,47366,10
12.89665985,80.22763824,47366,47376,10
12.89793015,80.22772217,47376,47386,10
12.89887047,80.2277832,47386,47395,9
12.90009975,80.22782898,47395,47406,11
12.90075016,80.22783661,47406,47435,29
12.90075016,80.22783661,47435,47446,11
12.90095997,80.22789764,47446,47457,11
12.90149975,80.22792816,47457,47467,10
12.90248013,80.22795868,47467,47497,30
12.90248013,80.22795868,47497,47507,10
12.90289974,80.22796631,47507,47517,10
12.90355015,80.22799683,47517,47527,10
12.90429974,80.22805023,47527,47537,10
12.90517998,80.22808838,47537,47547,10
12.90614033,80.22814178,47547,47557,10
12.90684986,80.22821808,47557,47567,10
12.90727043,80.22823334,47567,47578,11
12.90758991,80.22827911,47578,47588,10
12.9083004,80.22840881,47588,47598,10
12.90927982,80.22859192,47598,47608,10
12.91046047,80.22878265,47608,47618,10
12.91154957,80.22891998,47618,47628,10
12.91248035,80.22904968,47628,47638,10
12.91331959,80.22915649,47638,47648,10
12.91378021,80.22921753,47648,47658,10
12.91378021,80.22923279,47658,47668,10
12.91403008,80.22927856,47668,47678,10
12.91464043,80.22934723,47678,47688,10
12.91549969,80.2294693,47688,47699,11
12.91662025,80.22962189,47699,47709,10
12.91771984,80.2297821,47709,47719,10
12.91870975,80.22989655,47719,47729,10
12.91932011,80.23000336,47729,47739,10
12.92004967,80.23007965,47739,47749,10
12.92103004,80.23020172,47749,47759,10
12.9222002,80.23036194,47759,47769,10
12.92339993,80.23055267,47769,47779,10
12.92465973,80.23072052,47779,47789,10
12.92576981,80.23082733,47789,47799,10
12.92638016,80.23090363,47799,47810,11
12.92650032,80.23091888,47810,47820,10
12.9270401,80.23098755,47820,47836,16
12.92844963,80.23117065,47836,47848,12
12.92977047,80.23143768,47848,47857,9
12.93072987,80.23168182,47857,47867,10
12.93204021,80.23210144,47867,47879,12
12.93328953,80.2325592,47879,47889,10
12.93369961,80.23274994,47889,47899,10
12.9338398,80.2328186,47899,47909,10
12.93437958,80.233078,47909,47920,11
12.93521976,80.2334671,47920,47930,10
12.93577957,80.23374176,47930,47941,11
12.93626022,80.23396301,47941,47951,10
12.9370203,80.23432922,47951,47961,10
12.93799019,80.23480988,47961,47971,10
12.93902016,80.23532104,47971,47981,10
12.93972015,80.23564911,47981,47991,10
12.93980026,80.23567963,47991,48001,10
12.9401598,80.23581696,48001,48011,10
12.94087982,80.23602295,48011,48021,10
12.94180012,80.23623657,48021,48032,11
12.94287968,80.23664093,48032,48042,10
12.94365978,80.23731232,48042,48052,10
12.94445992,80.23821259,48052,48062,10
12.94526958,80.23903656,48062,48072,10
12.94629002,80.23957825,48072,48082,10
12.94742012,80.24004364,48082,48102,20
12.94742012,80.24004364,48102,48112,10
12.94762039,80.2401123,48112,48122,10
12.94818974,80.24034882,48122,48132,10
12.94859028,80.24049377,48132,48142,10
12.94867039,80.24051666,48142,48153,11
12.94882011,80.24060822,48153,48163,10
12.94929981,80.24082184,48163,48173,10
12.94997025,80.24102783,48173,48183,10
12.95100975,80.24134064,48183,48203,20
12.95100975,80.24134064,48203,48213,10
12.95131969,80.24144745,48213,48223,10
12.95197964,80.24169159,48223,48233,10
12.95283985,80.24199677,48233,48242,9
12.95359993,80.24230957,48242,48253,11
12.95446014,80.24266052,48253,48264,11
12.95520973,80.24292755,48264,48274,10
12.95594025,80.24317932,48274,48284,10
12.95629025,80.24330902,48284,48324,40
12.95629025,80.24330902,48324,48334,10
12.9566803,80.24346161,48334,48344,10
12.95734024,80.24378204,48344,48354,10
12.95806026,80.24410248,48354,48364,10
12.95874023,80.2443924,48364,48375,11
12.95891953,80.24446869,48375,48385,10
12.95913982,80.24458313,48385,48395,10
12.95973969,80.24485779,48395,48405,10
12.96057034,80.24521637,48405,48415,10
12.9615202,80.2456665,48415,48425,10
12.96232033,80.24607086,48425,48435,10
12.96284962,80.24635315,48435,48445,10
12.96312046,80.24648285,48445,48455,10
12.96348,80.24668121,48455,48465,10
12.96382999,80.24681854,48465,48475,10
12.96434021,80.24700928,48475,48485,10
12.96506977,80.24726105,48485,48496,11
12.96590042,80.24756622,48496,48506,10
12.96650028,80.24780273,48506,48516,10
12.96689987,80.24797058,48516,48536,20
12.96689987,80.24797058,48536,48546,10
12.96722984,80.24815369,48546,48556,10
12.96790028,80.24845123,48556,48566,10
12.96875954,80.24880219,48566,48576,10
12.96969032,80.24916077,48576,48586,10
12.97087955,80.24958801,48586,48596,10
12.97200012,80.24990082,48596,48607,11
12.97319031,80.25022125,48607,48617,10
12.9740696,80.25042725,48617,48627,10
12.97437,80.25050354,48627,48637,10
12.97451019,80.25054169,48637,48647,10
12.97504044,80.25070953,48647,48657,10
12.97583961,80.25095367,48657,48667,10
12.97675991,80.2512207,48667,48677,10
12.97766018,80.25167847,48677,48693,16
12.9787302,80.25244904,48693,48705,12
12.97947979,80.25254059,48705,48715,10
12.97990036,80.25228882,48715,48726,11
12.97992039,80.25224304,48726,48735,9
12.97992992,80.25215149,48735,48747,12
12.98007965,80.25166321,48747,48757,10
12.98027039,80.25105286,48757,48767,10
12.98044014,80.25039673,48767,48777,10
12.98064041,80.24952698,48777,48787,10
12.98071957,80.24868774,48787,48796,9
12.98075962,80.24788666,48796,48806,10
12.98083973,80.2469635,48806,48817,11
12.98095989,80.24590302,48817,48827,10
12.98108959,80.24491882,48827,48838,11
12.98118019,80.24403381,48838,48848,10
12.98124027,80.2436676,48848,48858,10
12.98134995,80.24336243,48858,48868,10
12.98134041,80.24288177,48868,48878,10
12.98134041,80.24281311,48878,48888,10
12.98136044,80.24269867,48888,48898,10
12.98136044,80.24224091,48898,48908,10
12.98134995,80.24166107,48908,48918,10
12.98134041,80.24108887,48918,48928,10
12.98132992,80.24046326,48928,48938,10
12.98130989,80.23970032,48938,48949,11
12.98128033,80.23883057,48949,48959,10
12.98126984,80.23813629,48959,48969,10
12.9812603,80.23792267,48969,48979,10
12.9812603,80.23787689,48979,48989,10
12.98124981,80.23744202,48989,48999,10
12.98124027,80.23677063,48999,49009,10
12.98120975,80.23602295,49009,49019,10
12.98118973,80.23532104,49019,49029,10
12.98118019,80.23461151,49029,49039,10
12.98134041,80.2338562,49039,49049,10
12.98159981,80.23329926,49049,49065,16
12.98161983,80.23325348,49065,49078,13
12.98173046,80.23300171,49078,49088,10
12.98190975,80.23258209,49088,49098,10
12.9819603,80.23210144,49098,49108,10
12.9819603,80.23164368,49108,49118,10
12.98188019,80.23110962,49118,49128,10
12.98165989,80.23059845,49128,49138,10
12.98124981,80.2299118,49138,49148,10
12.98089981,80.22940063,49148,49158,10
12.98071957,80.22911835,49158,49167,9
12.98062038,80.22891998,49167,49179,12
12.98058033,80.22888184,49179,49189,10
12.98036003,80.22852325,49189,49199,10
12.9802103,80.22814178,49199,49209,10
12.9799099,80.22763824,49209,49219,10
12.97955036,80.22705841,49219,49229,10
12.97916031,80.22644043,49229,49239,10
12.97881031,80.22583008,49239,49249,10
12.97840023,80.22515869,49249,49259,10
12.97805977,80.224617,49259,49269,10
12.97778034,80.22425842,49269,49279,10
12.97772026,80.22415924,49279,49290,11
12.97751045,80.22377777,49290,49300,10
12.97716045,80.22322083,49300,49310,10
12.97692966,80.22277832,49310,49320,10
12.97712994,80.22264862,49320,49330,10
12.97723961,80.22264099,49330,49340,10
12.97731018,80.2226181,49340,49350,10
12.97751045,80.22245026,49350,49360,10
12.97745991,80.22200012,49360,49370,10
12.97743988,80.22145081,49370,49380,10
12.97745991,80.22122955,49380,49390,10
12.97776031,80.22119141,49390,49401,11
12.97842026,80.22115326,49401,49411,10
12.97922039,80.22106171,49411,49421,10
12.97992039,80.22099304,49421,49431,10
12.98058987,80.22091675,49431,49441,10
12.98124981,80.22109985,49441,49451,10
12.98190022,80.22154236,49451,49461,10
12.98244953,80.22177887,49461,49471,10
12.98289013,80.22194672,49471,49481,10
12.98293018,80.22196198,49481,49491,10
12.98307991,80.22203064,49491,49501,10
12.98332977,80.22222137,49501,49511,10
12.98367023,80.22245026,49511,49522,11
12.98421955,80.22276306,49522,49532,10
12.98476982,80.22309113,49532,49552,20
12.98491001,80.2231369,49552,49572,20
12.98491001,80.2231369,49572,49582,10
12.98499966,80.22318268,49582,49592,10
12.98528004,80.22325134,49592,49602,10
12.98558044,80.22306061,49602,49612,10
12.98612022,80.22293091,49612,49622,10
12.98651981,80.2229538,49622,49633,11
12.9865303,80.22293854,49633,49643,10
12.98666954,80.22292328,49643,49653,10
12.98676968,80.2229538,49653,49663,10
12.98709965,80.2230072,49663,49673,10
12.98756027,80.22303772,49673,49683,10
12.98801994,80.22281647,49683,49693,10
12.98859024,80.22228241,49693,49703,10
12.98917961,80.22164154,49703,49713,10
12.98974037,80.22090149,49713,49723,10
12.99028015,80.22041321,49723,49733,10
12.99040031,80.22033691,49733,49744,11
12.99057007,80.22023773,49744,49754,10
12.99096966,80.2199173,49754,49764,10
12.99133968,80.21964264,49764,49774,10
12.99164009,80.2193985,49774,49784,10
12.9921999,80.21897888,49784,49794,10
12.99289036,80.21848297,49794,49804,10
12.99353981,80.21795654,49804,49814,10
12.99407959,80.21755981,49814,49824,10
12.99444962,80.2173233,49824,49834,10
12.99470043,80.21711731,49834,49843,9
12.99477959,80.21707916,49843,49855,12
12.99520016,80.21681976,49855,49865,10
12.99588013,80.21659088,49865,49875,10
12.99643993,80.2164917,49875,49895,20
12.99643993,80.2164917,49895,49905,10
12.99668026,80.21646881,49905,49915,10
12.99687958,80.21643829,49915,49925,10
12.99701977,80.21643066,49925,49935,10
12.99730015,80.21629333,49935,49945,10
12.99757957,80.21602631,49945,49955,10
12.99763012,80.21598053,49955,49965,10
12.99792957,80.21575928,49965,49976,11
12.99833965,80.21540833,49976,49986,10
12.99886036,80.21495819,49986,49996,10
12.99919987,80.21466064,49996,50006,10
12.99952984,80.21434021,50006,50016,10
12.99995041,80.21396637,50016,50025,9
13.00041962,80.21353912,50025,50036,11
13.00098038,80.21305847,50036,50046,10
13.00150013,80.212677,50046,50056,10
13.00199032,80.21234894,50056,50066,10
13.00251961,80.21212006,50066,50076,10
13.00288963,80.21208191,50076,50087,11
13.00349045,80.2120285,50087,50097,10
13.00362015,80.21190643,50097,50107,10
13.0036602,80.21167755,50107,50117,10
13.00364971,80.21108246,50117,50127,10
13.00356007,80.21031189,50127,50137,10
13.00352001,80.20950317,50137,50147,10
13.00364971,80.2088623,50147,50157,10
13.00434971,80.20874786,50157,50167,10
13.00510025,80.20909119,50167,50177,10
13.00580025,80.2093811,50177,50187,10
13.00636959,80.20955658,50187,50208,21
13.00636959,80.20955658,50208,50218,10
13.00669956,80.20967102,50218,50228,10
13.00747013,80.20983887,50228,50258,30
13.00747013,80.20983887,50258,50268,10
13.00755978,80.20986176,50268,50278,10
13.00800991,80.20996094,50278,50288,10
13.00809002,80.20951843,50288,50298,10
13.00796986,80.2086792,50298,50308,10
13.00782013,80.20767975,50308,50319,11
13.00763988,80.20664215,50319,50329,10
13.00753975,80.20558167,50329,50339,10
13.00751972,80.20448303,50339,50349,10
13.00743008,80.20349884,50349,50359,10
13.00710011,80.20252228,50359,50369,10
13.00650978,80.20294189,50369,50379,10
13.00699043,80.20343018,50379,50389,10
13.00771046,80.2036972,50389,50399,10
13.00872993,80.20368195,50399,50409,10
13.00996971,80.20361328,50409,50419,10
13.01126003,80.20368195,50419,50430,11
13.01261997,80.20391846,50430,50440,10
13.01331043,80.20410919,50440,50450,10
13.01346016,80.20417786,50450,50466,16
13.01360035,80.20453644,50466,50478,12
13.01350021,80.20474243,50478,50488,10
13.01334953,80.20522308,50488,50498,10
13.01307011,80.2061615,50498,50508,10
13.01298046,80.20697021,50508,50517,9
13.01290989,80.20752716,50517,50527,10
13.01284027,80.20789337,50527,50537,10
13.01284981,80.20839691,50537,50549,12
13.01292038,80.20886993,50549,50559,10
13.01307964,80.20948029,50559,50569,10
13.01315022,80.21002197,50569,50579,10
13.01305008,80.21061707,50579,50589,10
13.01282024,80.21125793,50589,50599,10
13.01247978,80.21183777,50599,50609,10
13.01218033,80.21237183,50609,50619,10
13.01191044,80.21276093,50619,50629,10
13.0117197,80.21276855,50629,50639,10
13.0112896,80.21243286,50639,50650,11
13.01074028,80.21202087,50650,50660,10
13.01047993,80.21183777,50660,50670,10
13.01029968,80.21166992,50670,50680,10
13.00994015,80.21141815,50680,51356,676
13.00967979,80.21115112,51356,52143,787
13.00967979,80.21115112,52143,52153,10
13.00971031,80.21122742,52153,52163,10
13.00959015,80.21109772,52163,52193,30
13.00959015,80.21109772,52193,52203,10
13.00907993,80.21125031,52203,52213,10
13.00907993,80.2113266,52213,52223,10
13.0089798,80.21163177,52223,52233,10
13.00914955,80.21212769,52233,52244,11
13.00936985,80.21273804,52244,52254,10
13.00959969,80.21336365,52254,52264,10
13.00984001,80.21395111,52264,52274,10
13.01008034,80.2145462,52274,52284,10
13.01018047,80.21517181,52284,52294,10
13.01031971,80.21585083,52294,52304,10
13.01064968,80.21659088,52304,52314,10
13.01107979,80.21748352,52314,52324,10
13.01144028,80.21848297,52324,52334,10
13.01181984,80.21959686,52334,52344,10
13.01218987,80.22065735,52344,52355,11
13.01241016,80.22155762,52355,52366,11
13.01296043,80.22226715,52366,52376,10
13.01360035,80.2230072,52376,52386,10
13.0142498,80.22376251,52386,52396,10
13.01484013,80.22445679,52396,52406,10
13.01535988,80.2250824,52406,52416,10
13.01537991,80.2256012,52416,52426,10
13.01484966,80.22592926,52426,52446,20
13.01484966,80.22592926,52446,52456,10
13.01471996,80.22602081,52456,52466,10
13.01418972,80.22624207,52466,52477,11
13.01327991,80.22660065,52477,52487,10
13.01231003,80.22699738,52487,52497,10
13.01119995,80.22743988,52497,52507,10
13.01012993,80.22783661,52507,52517,10
13.00949001,80.22769165,52517,52527,10
13.00977039,80.2269516,52527,52536,9
13.0101099,80.22618103,52536,52547,11
13.01051044,80.22518921,52547,52557,10
13.01084995,80.22445679,52557,52567,10
13.01111031,80.22383118,52567,52577,10
13.01126957,80.22341919,52577,52587,10
13.01103973,80.22306061,52587,52597,10
13.01043987,80.22276306,52597,52608,11
13.0103302,80.22268677,52608,52618,10
13.00994968,80.22247314,52618,52628,10
13.00930023,80.22210693,52628,52638,10
13.00883007,80.2218399,52638,52648,10
13.00823021,80.22151947,52648,52658,10
13.00743961,80.22112274,52658,52668,10
13.00664997,80.22071075,52668,52678,10
13.00568008,80.22045135,52678,52688,10
13.00481987,80.22026825,52688,52698,10
13.00457954,80.22022247,52698,52709,11
13.00415039,80.22010803,52709,52719,10
13.00349045,80.21994781,52719,52729,10
13.00277996,80.2197113,52729,52745,16
13.00181007,80.21880341,52745,52757,12
13.00107002,80.21822357,52757,52766,9
13.00047016,80.21781921,52766,52777,11
12.99979973,80.21740723,52777,52786,9
12.99952984,80.21723938,52786,52797,11
12.99944019,80.21720123,52797,52807,10
12.99923038,80.21708679,52807,52817,10
12.99901009,80.21697998,52817,52828,11
12.99872017,80.21684265,52828,52838,10
12.9985199,80.21674347,52838,52877,39
12.9985199,80.21674347,52877,52888,11
12.99798012,80.21656036,52888,52939,51
12.99798012,80.21656036,52939,52949,10
12.99775982,80.21652222,52949,52959,10
12.99757004,80.21649933,52959,52969,10
12.99738979,80.21647644,52969,52979,10
12.99722004,80.21650696,52979,52989,10
12.99697971,80.21652222,52989,52999,10
12.99680996,80.21652222,52999,53009,10
12.9965601,80.21653748,53009,53019,10
12.99641991,80.21656799,53019,53039,20
12.99641991,80.21656799,53039,53049,10
12.99619961,80.2166214,53049,53060,11
12.9960804,80.2166214,53060,53070,10
12.99588966,80.21665955,53070,53080,10
12.99571991,80.21672058,53080,53090,10
12.99547958,80.21678162,53090,53100,10
12.99536037,80.21681976,53100,53110,10
12.99520016,80.21692657,53110,53120,10
12.99497986,80.21707916,53120,53130,10
12.99464035,80.21733093,53130,53140,10
12.99425983,80.21765137,53140,53150,10
12.99384975,80.21795654,53150,53160,10
12.99335003,80.21829224,53160,53171,11
12.99279976,80.21868896,53171,53181,10
12.99217033,80.2191391,53181,53191,10
12.99170017,80.21952057,53191,53201,10
12.99116993,80.21985626,53201,53211,10
12.99077988,80.22013855,53211,53221,10
12.99075985,80.22016144,53221,53231,10
12.99069977,80.22026825,53231,53241,10
12.99032021,80.22055817,53241,53251,10
12.98976994,80.22107697,53251,53261,10
12.98933029,80.22158813,53261,53271,10
12.98890018,80.2220993,53271,53282,11
12.98826981,80.22273254,53282,53292,10
12.98771,80.22309875,53292,53302,10
12.98764992,80.22309875,53302,53312,10
12.98742008,80.2230835,53312,53322,10
12.98686028,80.22299194,53322,53332,10
12.98620033,80.22296143,53332,53342,10
12.98558044,80.2231369,53342,53352,10
12.98513031,80.22324371,53352,53362,10
12.98455048,80.22293854,53362,53372,10
12.98406029,80.22264099,53372,53382,10
12.98353958,80.22235107,53382,53392,10
12.98320961,80.2220993,53392,53413,21
12.98320961,80.2220993,53413,53423,10
12.98297977,80.22194672,53423,53433,10
12.98262024,80.22186279,53433,53443,10
12.9821701,80.22171783,53443,53453,10
12.98165989,80.22132874,53453,53463,10
12.98101044,80.22104645,53463,53473,10
12.98033047,80.22106171,53473,53483,10
12.97963047,80.22109985,53483,53493,10
12.9792099,80.221138,53493,53503,10
12.97863007,80.22116089,53503,53514,11
12.97784042,80.22116089,53514,53524,10
12.97716999,80.22122192,53524,53534,10
12.97644043,80.22122955,53534,53544,10
12.9760704,80.22129822,53544,53584,40
12.9760704,80.22129822,53584,53594,10
12.97614002,80.22148132,53594,53604,10
12.97630978,80.22171021,53604,53614,10
12.97638035,80.22177124,53614,53625,11
12.97655964,80.22216034,53625,53635,10
12.97690964,80.22273254,53635,53645,10
12.9773798,80.22348785,53645,53655,10
12.97786045,80.22425079,53655,53665,10
12.97826004,80.22490692,53665,53675,10
12.97856045,80.22537994,53675,53685,10
12.97883034,80.22583771,53685,53695,10
12.97924042,80.22651672,53695,53711,16
12.97988987,80.22757721,53711,53723,12
12.98036003,80.22840118,53723,53733,10
12.98071003,80.22898102,53733,53744,11
12.98130035,80.22995758,53744,53754,10
12.98165035,80.23049164,53754,53764,10
12.98165989,80.2305069,53764,53774,10
12.98180008,80.23081207,53774,53784,10
12.98196983,80.23133087,53784,53794,10
12.98202038,80.23214722,53794,53804,10
12.98198032,80.23249817,53804,53814,10
12.98176956,80.23310089,53814,53824,10
12.9816103,80.2334671,53824,53834,10
12.98149967,80.23365784,53834,53844,10
12.98124981,80.23426819,53844,53855,11
12.98120022,80.23526764,53855,53865,10
12.98124027,80.23606873,53865,53875,10
12.9812603,80.23681641,53875,53885,10
12.98126984,80.23753357,53885,53895,10
12.98128033,80.23809814,53895,53905,10
12.98128986,80.2385788,53905,53915,10
12.98128986,80.23860168,53915,53924,9
12.98130035,80.23880768,53924,53935,11
12.98130035,80.23930359,53935,53945,10
12.98130989,80.23973846,53945,53955,10
12.98132038,80.24028778,53955,53964,9
12.98134041,80.24101257,53964,53976,12
12.98134041,80.24205017,53976,53986,10
12.98136044,80.24268341,53986,53996,10
12.98136044,80.24272919,53996,54006,10
12.98134041,80.24308777,54006,54016,10
12.98130989,80.24375916,54016,54026,10
12.98120022,80.24465179,54026,54036,10
12.98106956,80.24571991,54036,54046,10
12.98093987,80.24691772,54046,54056,10
12.98083973,80.24816895,54056,54066,10
12.98073959,80.24942017,54066,54076,10
12.9804697,80.25061798,54076,54087,11
12.98017979,80.25176239,54087,54097,10
12.97996998,80.25229645,54097,54107,10
12.97988033,80.25263214,54107,54117,10
12.97957039,80.25273895,54117,54127,10
12.97854042,80.25254822,54127,54147,20
12.97854042,80.25254822,54147,54163,16
12.97793961,80.25209045,54163,54175,12
12.97706985,80.25141907,54175,54183,8
12.97622013,80.25113678,54183,54194,11
12.97492027,80.25076294,54194,54205,11
12.97358036,80.25039673,54205,54216,11
12.97268963,80.25019073,54216,54226,10
12.9725399,80.25013733,54226,54236,10
12.97241974,80.25009918,54236,54245,9
12.97204018,80.24996948,54245,54256,11
12.97109985,80.24971771,54256,54266,10
12.97008991,80.24939728,54266,54276,10
12.96895027,80.24893951,54276,54286,10
12.96780014,80.24849701,54286,54296,10
12.9669199,80.24809265,54296,54306,10
12.96623039,80.24774933,54306,54317,11
12.96535015,80.24742126,54317,54327,10
12.96502972,80.24732971,54327,54337,10
12.96483994,80.24723053,54337,54347,10
12.96428013,80.24703979,54347,54357,10
12.96364975,80.24681091,54357,54367,10
12.9634304,80.24671173,54367,54377,10
12.96294975,80.24642944,54377,54387,10
12.96216011,80.24604797,54387,54397,10
12.96119976,80.24558258,54397,54407,10
12.96028042,80.24517059,54407,54417,10
12.95952034,80.24485016,54417,54427,10
12.95936012,80.24478149,54427,54438,11
12.95932007,80.24475861,54438,54448,10
12.95890999,80.24455261,54448,54458,10
12.95818043,80.24423981,54458,54468,10
12.9574604,80.24395752,54468,54478,10
12.9569397,80.24372101,54478,54488,10
12.95678043,80.24365234,54488,54569,81
12.95678043,80.24365234,54569,54579,10
12.95635986,80.24352264,54579,54589,10
12.95580959,80.2432785,54589,54599,10
12.95499039,80.24294281,54599,54609,10
12.95413017,80.24259949,54609,54619,10
12.95339012,80.24228668,54619,54629,10
12.95246029,80.24191284,54629,54639,10
12.95176029,80.24167633,54639,54649,10
12.95160007,80.24163055,54649,54660,11
12.95119953,80.24146271,54660,54670,10
12.95048046,80.24124146,54670,54680,10
12.94952011,80.24095917,54680,54690,10
12.94859028,80.24059296,54690,54700,10
12.94769001,80.240242,54700,54710,10
12.9471302,80.23999786,54710,54720,10
12.94705963,80.2399826,54720,54730,10
12.94684029,80.23988342,54730,54740,10
12.94624996,80.23963928,54740,54750,10
12.94546986,80.23925781,54750,54760,10
12.94468975,80.23860168,54760,54770,10
12.94394016,80.2378006,54770,54781,11
12.94330978,80.23713684,54781,54791,10
12.94324017,80.23706818,54791,54801,10
12.94297981,80.23680878,54801,54811,10
12.94229031,80.23642731,54811,54821,10
12.94132996,80.23616791,54821,54831,10
12.93974018,80.23573303,54831,54850,19
12.93974018,80.23573303,54850,54861,11
12.93931961,80.23551941,54861,54871,10
12.93859959,80.23516083,54871,54881,10
12.93770981,80.23471069,54881,54892,11
12.93665028,80.23422241,54892,54902,10
12.93587971,80.2338562,54902,54912,10
12.93521023,80.23355103,54912,54922,10
12.93381977,80.23291779,54922,54942,20
12.93381977,80.23291779,54942,54952,10
12.93354034,80.23277283,54952,54962,10
12.9328804,80.23249054,54962,54972,10
12.93196011,80.23214722,54972,54982,10
12.93083954,80.23178101,54982,54992,10
12.92971992,80.23146057,54992,55003,11
12.92846012,80.23123932,55003,55013,10
12.92728043,80.23108673,55013,55023,10
12.92638016,80.23098755,55023,55033,10
12.92607975,80.2309494,55033,55043,10
12.92588043,80.23094177,55043,55053,10
12.92531013,80.23088837,55053,55063,10
12.92450047,80.2308197,55063,55073,10
12.92350006,80.23069,55073,55083,10
12.92226982,80.23052216,55083,55093,10
12.92096043,80.23033905,55093,55109,16
12.91930008,80.23016357,55109,55123,14
12.91907024,80.2301178,55123,55133,10
12.91860008,80.23004913,55133,55143,10
12.91777992,80.22994232,55143,55153,10
12.91672039,80.2297821,55153,55161,8
12.91588974,80.22966003,55161,55172,11
12.91450977,80.22946167,55172,55184,12
12.91353035,80.2293396,55184,55194,10
12.91329956,80.22931671,55194,55204,10
12.91312027,80.22928619,55204,55215,11
12.91242027,80.22917175,55215,55225,10
12.91152,80.22902679,55225,55236,11
12.91042042,80.22885895,55236,55246,10
12.90937996,80.22870636,55246,55256,10
12.90835953,80.22855377,55256,55266,10
12.90754032,80.2284317,55266,55276,10
12.90721989,80.22840118,55276,55286,10
12.90631962,80.22827911,55286,55306,20
12.90631962,80.22827911,55306,55316,10
12.90606976,80.22824097,55316,55326,10
12.90550041,80.22821045,55326,55336,10
12.90474033,80.2281723,55336,55346,10
12.90400028,80.2281189,55346,55357,11
12.90305042,80.22808075,55357,55367,10
12.90207958,80.22802734,55367,55377,10
12.90106964,80.22798157,55377,55478,101
12.90106964,80.22798157,55478,55488,10
12.90073967,80.22801971,55488,55498,10
12.90025997,80.22796631,55498,55508,10
12.89920998,80.22792053,55508,55538,30
12.89920998,80.22792053,55538,55548,10
12.89898968,80.22792816,55548,55558,10
12.89834023,80.22788239,55558,55568,10
12.89743996,80.22779846,55568,55579,11
12.89618015,80.22775269,55579,55589,10
12.89503956,80.22769928,55589,55599,10
12.89393044,80.22763824,55599,55609,10
12.89325047,80.22757721,55609,55619,10
12.89321995,80.22759247,55619,55629,10
12.89293957,80.2275238,55629,55639,10
12.89255047,80.22747803,55639,55649,10
12.89243984,80.22746277,55649,55659,10
12.89196014,80.22740936,55659,55669,10
12.89111042,80.22737885,55669,55679,10
12.89004993,80.22738647,55679,55689,10
12.88895035,80.22740936,55689,55700,11
12.88833046,80.22740173,55700,55710,10
12.88834,80.22740173,55710,55720,10
12.88792992,80.22736359,55720,55730,10
12.88716984,80.22724152,55730,55740,10
12.88619995,80.22702789,55740,55750,10
12.88484001,80.22676086,55750,55770,20
12.88484001,80.22676086,55770,55780,10
12.88442993,80.22675323,55780,55791,11
12.88354969,80.22675323,55791,55801,10
12.88245964,80.22675323,55801,55812,11
12.88103008,80.22676086,55812,55822,10
12.87967968,80.22676086,55822,55832,10
12.87841034,80.22680664,55832,55842,10
12.87724018,80.22691345,55842,55852,10
12.87650967,80.22695923,55852,55862,10
12.87637997,80.22682953,55862,55872,10
12.87639046,80.22641754,55872,55892,20
12.87639046,80.22641754,55892,55902,10
12.87642002,80.22628784,55902,55912,10
12.87648964,80.22570801,55912,55923,11
12.87658978,80.22470093,55923,55933,10
12.87679005,80.22357941,55933,55943,10
12.87707996,80.22229004,55943,55953,10
12.8774004,80.22093964,55953,55963,10
12.87771034,80.21958923,55963,55973,10
12.8780098,80.21829224,55973,55983,10
12.87827969,80.21695709,55983,55993,10
12.87854958,80.2157135,55993,56003,10
12.87880039,80.21453857,56003,56013,10
12.87903023,80.21328735,56013,56023,10
12.8792696,80.21204376,56023,56034,11
12.87944031,80.21112823,56034,56044,10
12.87903023,80.21089935,56044,56064,20
12.87903023,80.21089935,56064,56074,10
12.87882996,80.21086884,56074,56084,10
12.87823009,80.21077728,56084,56094,10
12.87755966,80.21064758,56094,56104,10
12.87677956,80.21050262,56104,56113,9
12.87607002,80.21035767,56113,56123,10
12.87522984,80.21022797,56123,56134,11
12.87450027,80.21008301,56134,56143,9
12.87446022,80.21006775,56143,56155,12
12.87440968,80.21005249,56155,56165,10
12.87436008,80.2097168,56165,56175,10
12.87467003,80.20954895,56175,56185,10
12.87465,80.20980072,56185,56851,666
12.87465,80.20980072,56851,56861,10
12.87471008,80.20992279,56861,56871,10
12.87469006,80.21009064,56871,56881,10
12.87481976,80.2101593,56881,56891,10
12.87522984,80.21022797,56891,56901,10
12.8757,80.21031952,56901,56911,10
12.87602997,80.21035767,56911,56921,10
12.87654018,80.21044922,56921,56931,10
12.87712955,80.21056366,56931,56940,9
12.87767029,80.2106781,56940,56952,12
12.87843037,80.21082306,56952,56962,10
12.87895966,80.21090698,56962,56972,10
12.87921047,80.21096802,56972,56982,10
12.87924004,80.21098328,56982,56992,10
12.87944984,80.21115112,56992,57002,10
12.8793602,80.21179199,57002,57012,10
12.87921047,80.21256256,57012,57022,10
12.87903976,80.21346283,57022,57032,10
12.87884998,80.2144165,57032,57042,10
12.87862015,80.21550751,57042,57052,10
12.87837982,80.21663666,57052,57063,11
12.87812996,80.21790314,57063,57073,10
12.87786961,80.21910858,57073,57083,10
12.87757969,80.22032928,57083,57093,10
12.87728024,80.22164917,57093,57103,10
12.87697983,80.22299957,57103,57113,10
12.8767004,80.22425842,57113,57123,10
12.87658024,80.22538757,57123,57133,10
12.87644005,80.22628021,57133,57143,10
12.87642002,80.2268219,57143,57163,20
12.87642002,80.2268219,57163,57173,10
12.87662983,80.22689056,57173,57184,11
12.8773098,80.2268219,57184,57194,10
12.8782196,80.22673798,57194,57204,10
12.87932014,80.22666931,57204,57214,10
12.88049984,80.22664642,57214,57224,10
12.88169956,80.22663879,57224,57234,10
12.88284969,80.22663116,57234,57244,10
12.88393021,80.22662354,57244,57254,10
12.88484001,80.22660065,57254,57264,10
12.88516998,80.22662354,57264,57274,10
12.8854599,80.22666931,57274,57284,10
12.88615036,80.22688293,57284,57295,11
12.88720036,80.22711945,57295,57305,10
12.88852024,80.22724152,57305,57325,20
12.88852024,80.22724152,57325,57335,10
12.88873005,80.22724152,57335,57345,10
12.88938046,80.22724915,57345,57355,10
12.89025021,80.22725677,57355,57365,10
12.89116955,80.22725677,57365,57375,10
12.89198017,80.22724915,57375,57395,20
12.89198017,80.22724915,57395,57405,10
12.89210033,80.22724915,57405,57416,11
12.89251041,80.22728729,57416,57426,10
12.8930397,80.2273407,57426,57436,10
12.89365959,80.22741699,57436,57446,10
12.89387035,80.22744751,57446,57456,10
12.89414978,80.22747803,57456,57466,10
12.89478016,80.2275238,57466,57476,10
12.89564037,80.22756958,57476,57486,10
12.89669037,80.22762299,57486,57496,10
12.89774036,80.22767639,57496,57506,10
12.89873028,80.22773743,57506,57516,10
12.8993597,80.22776794,57516,57557,41
12.8993597,80.22776794,57557,57567,10
12.89972973,80.22776794,57567,57577,10
12.90017033,80.22781372,57577,57587,10
12.90056038,80.22783661,57587,57597,10
12.90108967,80.22788239,57597,57607,10
12.90200996,80.2279129,57607,57627,20
12.90200996,80.2279129,57627,57638,11
12.90237045,80.22795868,57638,57648,10
12.90312004,80.22801208,57648,57658,10
12.90412045,80.22805023,57658,57668,10
12.90517998,80.22811127,57668,57678,10
12.90631008,80.22821045,57678,57698,20
12.90631008,80.22821045,57698,57708,10
12.90664005,80.22821045,57708,57718,10
12.90672016,80.22821808,57718,57728,10
12.90684032,80.22823334,57728,57738,10
12.90742016,80.22830963,57738,57748,10
12.90832043,80.22846222,57748,57759,11
12.90962982,80.22866821,57759,57769,10
12.9109602,80.22888184,57769,57779,10
12.91224957,80.22905731,57779,57795,16
12.9137001,80.22924042,57795,57807,12
12.91374969,80.22924805,57807,57817,10
12.91401005,80.22931671,57817,57827,10
12.91483021,80.22943115,57827,57837,10
12.91578007,80.22956085,57837,57847,10
12.91697025,80.2297287,57847,57857,10
12.91821957,80.22988129,57857,57867,10
12.91919041,80.23001099,57867,57880,13
12.92063999,80.23018646,57880,57890,10
12.92193031,80.23036194,57890,57900,10
12.92329979,80.23058319,57900,57910,10
12.92465973,80.23075104,57910,57920,10
12.92572975,80.23085785,57920,57930,10
12.92609978,80.23091125,57930,57940,10
12.92619991,80.23094177,57940,57950,10
12.92673969,80.23100281,57950,57973,23
12.92858028,80.23123169,57973,57985,12
12.92918968,80.23135376,57985,57996,11
12.93010044,80.23155212,57996,58006,10
12.93118,80.23187256,58006,58016,10
12.93239975,80.23226166,58016,58026,10
12.93340015,80.23264313,58026,58036,10
12.93385029,80.23282623,58036,58046,10
12.93400002,80.23290253,58046,58055,9
12.93459988,80.23316956,58055,58065,10
12.93544006,80.23355865,58065,58076,11
12.93653965,80.23407745,58076,58086,10
12.93762016,80.23455811,58086,58097,11
12.93881989,80.23516083,58097,58107,10
12.93949986,80.23549652,58107,58117,10
12.93976974,80.23561859,58117,58127,10
12.93988037,80.23564911,58127,58137,10
12.94046021,80.23586273,58137,58147,10
12.94134045,80.23609161,58147,58157,10
12.94242001,80.23639679,58157,58167,10
12.94336033,80.23697662,58167,58177,10
12.94365978,80.23726654,58177,58187,10
12.94371986,80.23735046,58187,58197,10
12.94412994,80.23777771,58197,58207,10
12.9447403,80.23848724,58207,58218,11
12.94567966,80.23931885,58218,58228,10
12.94674969,80.23976135,58228,58238,10
12.94729042,80.2399826,58238,58248,10
12.94733047,80.23999786,58248,58258,10
12.94777012,80.2401886,58258,58268,10
12.94841957,80.24046326,58268,58278,10
12.94884968,80.24060822,58278,58318,40
12.94884968,80.24060822,58318,58329,11
12.94896984,80.24069214,58329,58339,10
12.94946957,80.24088287,58339,58349,10
12.95030022,80.24111938,58349,58359,10
12.95106983,80.24134827,58359,58369,10
12.95114994,80.24138641,58369,58379,10
12.95141029,80.24150085,58379,58389,10
12.95205975,80.24172211,58389,58399,10
12.95294952,80.2420578,58399,58409,10
12.95394039,80.24246216,58409,58419,10
12.95471001,80.24275208,58419,58429,10
12.95557022,80.24308014,58429,58440,11
12.95629025,80.24333191,58440,58450,10
12.95643997,80.24337006,58450,58460,10
12.95699024,80.24360657,58460,58470,10
12.9577198,80.24395752,58470,58480,10
12.95837021,80.24423218,58480,58490,10
12.95876026,80.24440002,58490,58500,10
12.95888996,80.24446106,58500,58510,10
12.95917988,80.24463654,58510,58520,10
12.95979977,80.24492645,58520,58530,10
12.96067047,80.24530792,58530,58540,10
12.96175003,80.24581909,58540,58551,11
12.96292973,80.24640656,58551,58561,10
12.96335983,80.24659729,58561,58621,60
12.96335983,80.24659729,58621,58631,10
12.96347046,80.24671173,58631,58641,10
12.96387959,80.24685669,58641,58651,10
12.96463013,80.24713135,58651,58662,11
12.96566963,80.24746704,58662,58672,10
12.96700001,80.24803925,58672,58692,20
12.96700001,80.24803925,58692,58702,10
12.96722031,80.24815369,58702,58712,10
12.9678297,80.24842072,58712,58722,10
12.96864986,80.24877167,58722,58732,10
12.96961975,80.24916077,58732,58742,10
12.97066021,80.24952698,58742,58752,10
12.97167969,80.24983978,58752,58762,10
12.9727602,80.2501297,58762,58772,10
12.97377968,80.2503891,58772,58793,21
12.97439003,80.25054932,58793,58803,10
12.97482014,80.25067902,58803,58819,16
12.97616005,80.25108337,58819,58831,12
12.97731018,80.2514801,58831,58841,10
12.97795963,80.25196075,58841,58851,10
12.97879982,80.25247955,58851,58861,10
12.97994041,80.25231934,58861,58881,20
12.97994041,80.25231934,58881,58892,11
12.97999001,80.25202942,58892,58902,10
12.98017025,80.25150299,58902,58911,9
12.98040962,80.25074768,58911,58922,11
12.98066998,80.24970245,58922,58932,10
12.98079967,80.24845123,58932,58941,9
12.98087978,80.24716187,58941,58952,11
12.98101044,80.2456665,58952,58962,10
12.98114967,80.24447632,58962,58972,10
12.98122025,80.24375153,58972,58982,10
12.98134041,80.24337769,58982,58992,10
12.98134995,80.24297333,58992,59002,10
12.98134041,80.24285889,59002,59013,11
12.98134995,80.24269867,59013,59023,10
12.98134995,80.24224854,59023,59033,10
12.98134041,80.24150848,59033,59043,10
12.98132992,80.24073029,59043,59053,10
12.98130989,80.23989868,59053,59063,10
12.98128986,80.23912048,59063,59073,10
12.9812603,80.23834229,59073,59083,10
12.98124981,80.23790741,59083,59099,16
12.98124981,80.23766327,59099,59111,12
12.98122025,80.23687744,59111,59119,8
12.98120022,80.2361908,59119,59132,13
12.98116016,80.23516846,59132,59142,10
12.98118019,80.23442841,59142,59152,10
12.98143959,80.2336731,59152,59162,10
12.98163033,80.23329926,59162,59172,10
12.98165989,80.23323822,59172,59182,10
12.98184013,80.23285675,59182,59192,10
12.98198986,80.23227692,59192,59201,9
12.98196983,80.23181152,59201,59211,10
12.98188019,80.23120117,59211,59221,10
12.98161983,80.23062134,59221,59232,11
12.98118973,80.2299118,59232,59243,11
12.98079967,80.22927094,59243,59253,10
12.98060036,80.22899628,59253,59263,10
12.98058987,80.22898865,59263,59273,10
12.98052979,80.22888947,59273,59283,10
12.98029995,80.22846222,59283,59293,10
12.98005962,80.22799683,59293,59303,10
12.9796896,80.22737885,59303,59313,10
12.97935963,80.22682953,59313,59323,10
12.97906017,80.22634125,59323,59333,10
12.97883034,80.22595215,59333,59343,10
12.97852993,80.22545624,59343,59354,11
12.97817993,80.22486877,59354,59364,10
12.97778034,80.22437286,59364,59374,10
12.97774029,80.22429657,59374,59384,10
12.97764969,80.22415924,59384,59394,10
12.97758007,80.22400665,59394,59404,10
12.97735023,80.22361755,59404,59414,10
12.97700977,80.22306061,59414,59424,10
12.97721004,80.22274017,59424,59444,20
12.97721004,80.22274017,59444,59454,10
12.97743034,80.22271729,59454,59465,11
12.97749996,80.22221375,59465,59475,10
12.97747993,80.22162628,59475,59485,10
12.97745991,80.22138214,59485,59495,10
12.97745037,80.22132874,59495,59505,10
12.97768021,80.22122955,59505,59515,10
12.97821045,80.22126007,59515,59525,10
12.97891998,80.22120667,59525,59535,10
12.97966003,80.22112274,59535,59545,10
12.98042965,80.22106171,59545,59555,10
12.98110962,80.22109985,59555,59564,9
12.9816103,80.22135162,59564,59576,12
12.98215961,80.22174835,59576,59586,10
12.98252964,80.22187805,59586,59596,10
12.98278999,80.22194672,59596,59606,10
12.9828701,80.22197723,59606,59616,10
12.98295975,80.22200775,59616,59626,10
12.98316002,80.22212219,59626,59636,10
12.98353958,80.22239685,59636,59646,10
12.98400021,80.22265625,59646,59656,10
12.98453999,80.22299194,59656,59666,10
12.98499012,80.22322083,59666,59676,10
12.98542023,80.22332001,59676,59686,10
12.98581028,80.22303772,59686,59697,11
12.98635006,80.22299957,59697,59713,16
12.98670006,80.22302246,59713,59725,12
12.98717976,80.22309875,59725,59735,10
12.98762989,80.22309875,59735,59744,9
12.98822021,80.22277069,59744,59755,11
12.98882008,80.22219849,59755,59764,9
12.98910046,80.22189331,59764,59775,11
12.98972988,80.22109222,59775,59785,10
12.9902401,80.22057343,59785,59795,10
12.99038982,80.22044373,59795,59807,12
12.99044037,80.22039795,59807,59817,10
12.99077988,80.22013855,59817,59827,10
12.99129963,80.2197113,59827,59847,20
12.99129963,80.2197113,59847,59857,10
12.99147987,80.21955872,59857,59867,10
12.99174023,80.2193985,59867,59877,10
12.99217987,80.21907806,59877,59887,10
12.99281025,80.21864319,59887,59897,10
12.99347019,80.21816254,59897,59907,10
12.99398041,80.21779633,59907,59918,11
12.99423981,80.21762085,59918,59928,10
12.99431992,80.21756744,59928,59938,10
12.9946003,80.21736908,59938,59958,20
12.9946003,80.21736908,59958,59968,10
12.99487019,80.21717072,59968,59978,10
12.99534035,80.21685791,59978,59988,10
12.99602985,80.21662903,59988,59998,10
12.99664974,80.21652985,59998,60008,10
12.99705029,80.2164917,60008,60018,10
12.99738979,80.21626282,60018,60029,11
12.99757957,80.21608734,60029,60039,10
12.99787045,80.21585846,60039,60049,10
12.99839973,80.2154007,60049,60059,10
12.99897003,80.21489716,60059,60069,10
12.99929047,80.21463013,60069,60079,10
12.99975967,80.21421814,60079,60089,10
13.00022984,80.21381378,60089,60099,10
13.00084019,80.21327209,60099,60109,10
13.00150967,80.21276093,60109,60119,10
13.00216007,80.21231842,60119,60129,10
13.00279045,80.21211243,60129,60138,9
13.00331974,80.21209717,60138,60150,12
13.00362015,80.21199036,60150,60160,10
13.00368023,80.21179199,60160,60170,10
13.00366974,80.21115875,60170,60180,10
13.00358963,80.21035767,60180,60190,10
13.00352001,80.2097702,60190,60200,10
13.00352001,80.20957184,60200,60210,10
13.00356007,80.20934296,60210,60220,10
13.00362015,80.20899963,60220,60230,10
13.00376034,80.2086792,60230,60240,10
13.00434017,80.20877075,60240,60250,10
13.00504017,80.20910645,60250,60261,11
13.00582981,80.20944214,60261,60271,10
13.00638008,80.20963287,60271,60281,10
13.00720978,80.20983887,60281,60301,20
13.00720978,80.20983887,60301,60311,10
13.0072403,80.2098465,60311,60321,10
13.00757027,80.2098999,60321,60331,10
13.00800037,80.20999908,60331,60341,10
13.00807953,80.2096405,60341,60382,41
13.00807953,80.2096405,60382,60392,10
13.00798035,80.2093811,60392,60402,10
13.00792027,80.20889282,60402,60412,10
13.00784969,80.20825958,60412,60422,10
13.00774956,80.2075882,60422,60432,10
13.00763988,80.20687103,60432,60442,10
13.0075798,80.20639038,60442,60452,10
13.00751972,80.20581818,60452,60462,10
13.00749016,80.20497894,60462,60472,10
13.00749969,80.20410156,60472,60483,11
13.0073204,80.20304108,60483,60493,10
13.00669003,80.20259094,60493,60503,10
13.00664997,80.20326996,60503,60513,10
13.00737953,80.20365906,60513,60523,10
13.00831985,80.20374298,60523,60533,10
13.00946045,80.20366669,60533,60543,10
13.01076984,80.20366669,60543,60553,10
13.01208019,80.2038269,60553,60563,10
13.01309013,80.20404053,60563,60573,10
13.01364994,80.20429993,60573,60583,10
13.01366043,80.20462036,60583,60634,51
13.01366043,80.20462036,60634,60644,10
13.01354027,80.20481873,60644,60654,10
13.01338959,80.2052536,60654,60664,10
13.01315975,80.20594788,60664,60674,10
13.01301003,80.20670319,60674,60684,10
13.01296043,80.20742798,60684,60694,10
13.01288986,80.20783997,60694,60704,10
13.01288033,80.20838165,60704,60715,11
13.01290989,80.20879364,60715,60725,10
13.01303959,80.20941925,60725,60735,10
13.01319981,80.20999146,60735,60745,10
13.01309967,80.2106781,60745,60755,10
13.01284027,80.21134949,60755,60765,10
13.01245975,80.21201324,60765,60775,10
13.01206017,80.21257782,60775,60785,10
13.01181984,80.21285248,60785,60795,10
13.01146984,80.21260071,60795,60805,10
13.01088047,80.2121582,60805,60815,10
13.01041031,80.21179199,60815,60826,11
13.01012993,80.21156311,60826,61401,575
13.01012993,80.21156311,61401,61411,10
13.00984955,80.21134186,61411,61421,10
13.00967026,80.21124268,61421,61804,383
13.00967026,80.21124268,61804,61814,10
13.00930023,80.21116638,61814,61865,51
13.00930023,80.21116638,61865,61875,10
13.00907993,80.21147156,61875,61885,10
13.00901985,80.21167755,61885,61895,10
13.00909042,80.21195221,61895,61905,10
13.00920963,80.21230316,61905,61915,10
13.00936985,80.21276855,61915,61925,10
13.00957966,80.21331024,61925,61934,9
13.00979996,80.21385193,61934,61944,10
13.01006031,80.21447754,61944,61956,12
13.01019955,80.21524811,61956,61966,10
13.01039028,80.21601105,61966,61976,10
13.01074028,80.21679688,61976,61986,10
13.01113033,80.21759033,61986,61996,10
13.01144028,80.21848297,61996,62007,11
13.01177979,80.21943665,62007,62017,10
13.01212025,80.22054291,62017,62026,9
13.01231956,80.22122192,62026,62036,10
13.01249981,80.22167206,62036,62047,11
13.01292992,80.22223663,62047,62057,10
13.01331997,80.22267914,62057,62067,10
13.0137701,80.2232132,62067,62078,11
13.01416016,80.22367859,62078,62088,10
13.01451015,80.22413635,62088,62098,10
13.01486969,80.22450256,62098,62108,10
13.01502037,80.22467804,62108,62118,10
13.01531982,80.2250824,62118,62128,10
13.01548958,80.22541046,62128,62138,10
13.01541042,80.22567749,62138,62148,10
13.01504993,80.22592926,62148,62158,10
13.01436043,80.2261734,62158,62168,10
13.01360035,80.22647858,62168,62178,10
13.01266003,80.22685242,62178,62189,11
13.01152039,80.22728729,62189,62199,10
13.0105896,80.22766113,62199,62209,10
13.00992966,80.22792816,62209,62219,10
13.00949001,80.22767639,62219,62229,10
13.00969028,80.22718811,62229,62239,10
13.01000977,80.22650146,62239,62249,10
13.01033974,80.22569275,62249,62259,10
13.01070976,80.22483826,62259,62269,10
13.0109396,80.22424316,62269,62279,10
13.01103973,80.22396088,62279,62289,10
13.01113987,80.22373962,62289,62300,11
13.01130009,80.22335815,62300,62310,10
13.01097965,80.22303772,62310,62320,10
13.01041031,80.22276306,62320,62330,10
13.01031017,80.22271729,62330,62340,10
13.00994968,80.22251892,62340,62350,10
13.00938034,80.22221375,62350,62360,10
13.00883007,80.22189331,62360,62370,10
13.00815964,80.22154999,62370,62380,10
13.00734997,80.22112274,62380,62390,10
13.00648022,80.22068787,62390,62400,10
13.00551033,80.22046661,62400,62411,11
13.00467968,80.22028351,62411,62421,10
13.00457001,80.22025299,62421,62431,10
13.00446987,80.22022247,62431,62441,10
13.0040102,80.2201004,62441,62451,10
13.00337029,80.21994781,62451,62461,10
13.00269032,80.21968842,62461,62471,10
13.00209999,80.21916199,62471,62481,10
13.00154972,80.21855927,62481,62491,10
13.0008297,80.21807098,62491,62501,10
13.00018978,80.21768188,62501,62511,10
12.99956036,80.21729279,62511,62522,11
12.99888039,80.21692657,62522,62532,10
12.9981699,80.21662903,62532,62542,10
12.99744987,80.21650696,62542,62552,10
12.99728966,80.21650696,62552,62562,10
12.99717999,80.21650696,62562,62572,10
12.99676991,80.21653748,62572,62582,10
12.99647045,80.21656799,62582,62592,10
12.99613953,80.21663666,62592,62602,10
12.99582005,80.21669769,62602,62612,10
12.99567986,80.2167511,62612,62622,10
12.99551964,80.21679688,62622,62632,10
12.99532986,80.2168808,62632,62643,11
12.99508953,80.21701813,62643,62653,10
12.99489021,80.21716309,62653,62663,10
12.99446011,80.21746826,62663,62673,10
12.99400997,80.21779633,62673,62683,10
12.99351978,80.21813965,62683,62693,10
12.99300957,80.21851349,62693,62703,10
12.99238968,80.21896362,62703,62713,10
12.99176979,80.21942902,62713,62723,10
12.99125957,80.2197876,62723,62733,10
12.99081993,80.22013092,62733,62754,21
12.99081993,80.22013092,62754,62764,10
12.9904604,80.22039795,62764,62774,10
12.98995018,80.22084045,62774,62784,10
12.98946953,80.22144318,62784,62794,10
12.98908997,80.22189331,62794,62804,10
12.98867035,80.2223587,62804,62814,10
12.98812962,80.22283936,62814,62824,10
12.98766041,80.22309875,62824,62834,10
12.98764038,80.22309875,62834,62844,10
12.98733044,80.22309875,62844,62854,10
12.9868803,80.22303009,62854,62865,11
12.9863596,80.22297668,62865,62875,10
12.98577023,80.22302246,62875,62885,10
12.98536968,80.22332001,62885,62895,10
12.98480034,80.22312927,62895,62905,10
12.98427963,80.22281647,62905,62915,10
12.98384953,80.22257233,62915,62925,10
12.9834404,80.22232819,62925,62935,10
12.98318958,80.22213745,62935,62955,20
12.98318958,80.22213745,62955,62965,10
12.9829998,80.22202301,62965,62976,11
12.98258018,80.2218399,62976,62986,10
12.98223972,80.22174835,62986,62996,10
12.98182011,80.22148132,62996,63006,10
12.98134995,80.22119141,63006,63016,10
12.9808197,80.22102356,63016,63026,10
12.98015022,80.22107697,63026,63036,10
12.97945976,80.221138,63036,63046,10
12.97871017,80.22118378,63046,63056,10
12.97805023,80.22120667,63056,63066,10
12.97741985,80.22122955,63066,63076,10
12.97671032,80.22126007,63076,63086,10
12.97614002,80.22131348,63086,63097,11
12.97620964,80.22161865,63097,63127,30
12.97620964,80.22161865,63127,63137,10
12.97626972,80.22177124,63137,63147,10
12.9763298,80.2219162,63147,63163,16
12.97647953,80.22219849,63163,63175,12
12.97692013,80.22286987,63175,63184,9
12.97735977,80.22355652,63184,63194,10
12.9778204,80.22425842,63194,63206,12
12.97819996,80.22485352,63206,63216,10
12.97858047,80.22550201,63216,63226,10
12.97900009,80.2261734,63226,63236,10
12.97926044,80.22657776,63236,63245,9
12.97928047,80.22662354,63245,63256,11
12.97939968,80.2268219,63256,63266,10
12.97957039,80.22707367,63266,63276,10
12.97972012,80.2273407,63276,63286,10
12.97994995,80.22769165,63286,63297,11
12.98023033,80.22815704,63297,63306,9
12.9805603,80.22872162,63306,63318,12
12.98101044,80.22949982,63318,63328,10
12.98143959,80.23016357,63328,63338,10
12.98165989,80.23049164,63338,63348,10
12.98171997,80.23059082,63348,63358,10
12.98192024,80.23104095,63358,63368,10
12.98204994,80.23181152,63368,63378,10
12.98202038,80.23251343,63378,63388,10
12.98184967,80.23307037,63388,63398,10
12.98171043,80.23335266,63398,63408,10
12.98163986,80.23349762,63408,63418,10
12.98145962,80.2338562,63418,63429,11
12.98120022,80.23462677,63429,63439,10
12.98122025,80.23545074,63439,63449,10
12.98124981,80.23628235,63449,63459,10
12.98128033,80.23725891,63459,63469,10
12.98130035,80.23802948,63469,63479,10
12.98130989,80.23872375,63479,63489,10
12.98134041,80.23895264,63489,63499,10
12.98134041,80.23914337,63499,63509,10
12.98134041,80.2396698,63509,63519,10
12.98136044,80.2403717,63519,63529,10
12.98136997,80.24120331,63529,63539,10
12.98136997,80.24192047,63539,63550,11
12.98139954,80.24246216,63550,63560,10
12.98139,80.24278259,63560,63570,10
12.98139,80.24279022,63570,63580,10
12.98136997,80.24304962,63580,63590,10
12.98136997,80.24359894,63590,63600,10
12.9812603,80.24442291,63600,63610,10
12.98112965,80.24539185,63610,63620,10
12.98101044,80.24643707,63620,63630,10
12.98091984,80.24755859,63630,63640,10
12.98083973,80.248703,63640,63650,10
12.98069954,80.24976349,63650,63661,11
12.98046017,80.25083923,63661,63671,10
12.98019981,80.25180054,63671,63681,10
12.97988987,80.25260162,63681,63721,40
12.97988987,80.25260162,63721,63731,10
12.97988033,80.25263977,63731,63741,10
12.97961998,80.2527771,63741,63751,10
12.97875977,80.25263977,63751,63772,21
12.97875977,80.25263977,63772,63782,10
12.97854042,80.25256348,63782,63792,10
12.97801971,80.25218201,63792,63802,10
12.97729015,80.25157928,63802,63812,10
12.97628975,80.25119781,63812,63822,10
12.97523975,80.25090027,63822,63832,10
12.97439003,80.2506485,63832,63842,10
12.97319984,80.25032043,63842,63852,10
12.9725399,80.25016785,63852,63862,10
12.97251034,80.25016785,63862,63872,10
12.97229958,80.25010681,63872,63883,11
12.97161007,80.24990845,63883,63893,10
12.97072029,80.24967194,63893,63903,10
12.96963024,80.24925995,63903,63913,10
12.96854019,80.24881744,63913,63923,10
12.96753025,80.24841309,63923,63932,9
12.96699047,80.24816895,63932,63943,11
12.96662045,80.24797058,63943,63953,10
12.9659996,80.24770355,63953,63963,10
12.96516991,80.24742126,63963,63994,31
12.96516991,80.24742126,63994,64004,10
12.96498966,80.24736023,64004,64014,10
12.96444988,80.24716187,64014,64024,10
12.96378994,80.24690247,64024,64034,10
12.96310997,80.24658966,64034,64044,10
12.96228027,80.24617004,64044,64054,10
12.96135044,80.24571228,64054,64063,9
12.96057034,80.24533081,64063,64074,11
12.95938015,80.24481964,64074,64094,20
12.95938015,80.24481964,64094,64104,10
12.95921993,80.24472046,64104,64115,11
12.95868015,80.24446869,64115,64125,10
12.9579401,80.24417114,64125,64135,10
12.95720959,80.24391937,64135,64145,10
12.95654011,80.24372101,64145,64155,10
12.95637035,80.24365997,64155,64165,10
12.95594978,80.24346161,64165,64175,10
12.95526028,80.24310303,64175,64185,10
12.95452976,80.24278259,64185,64195,10
12.95394039,80.24253845,64195,64205,10
12.95316029,80.24221802,64205,64215,10
12.9523201,80.24189758,64215,64226,11
12.95162964,80.2416687,64226,64236,10
12.95158958,80.24166107,64236,64246,10
12.95141983,80.24160004,64246,64256,10
12.95086002,80.24138641,64256,64266,10
12.95007992,80.24115753,64266,64276,10
12.94941044,80.24098206,64276,64296,20
12.94941044,80.24098206,64296,64306,10
12.94927979,80.24092102,64306,64316,10
12.9489603,80.24079132,64316,64326,10
12.94839954,80.24051666,64326,64337,11
12.94721985,80.2400589,64337,64357,20
12.94721985,80.2400589,64357,64367,10
12.94715977,80.24004364,64367,64377,10
12.94676018,80.23986816,64377,64387,10
12.94608974,80.23957825,64387,64397,10
12.9453001,80.23916626,64397,64407,10
12.94456005,80.23845673,64407,64417,10
12.94386005,80.23770905,64417,64427,10
12.94342041,80.23722839,64427,64437,10
12.94334984,80.2371521,64437,64448,11
12.94301987,80.23683167,64448,64458,10
12.94229984,80.23647308,64458,64468,10
12.94139004,80.23622131,64468,64478,10
12.94048977,80.23600006,64478,64488,10
12.93992996,80.23583221,64488,64508,20
12.93992996,80.23583221,64508,64518,10
12.93964005,80.23571014,64518,64528,10
12.93898964,80.23538971,64528,64538,10
12.93813992,80.23496246,64538,64548,10
12.93714046,80.23448181,64548,64559,11
12.9362402,80.23401642,64559,64569,10
12.93591976,80.2338562,64569,64579,10
12.93570042,80.23377228,64579,64589,10
12.93513012,80.23355103,64589,64599,10
12.93435955,80.23322296,64599,64609,10
12.93397999,80.23304749,64609,64619,10
12.93397045,80.23303986,64619,64629,10
12.93387985,80.23300171,64629,64639,10
12.93342018,80.23277283,64639,64649,10
12.93264008,80.23246002,64649,64659,10
12.93175983,80.23214722,64659,64669,10
12.93072033,80.23179626,64669,64680,11
12.92955971,80.23149109,64680,64690,10
12.92897034,80.23137665,64690,64700,10
12.92875004,80.23133087,64700,64710,10
12.92815971,80.23123169,64710,64720,10
12.92728043,80.23113251,64720,64730,10
12.9260397,80.23101044,64730,64750,20
12.9260397,80.23101044,64750,64760,10
12.92578983,80.23095703,64760,64770,10
12.92516041,80.23085785,64770,64780,10
12.92432022,80.23078918,64780,64791,11
12.92315006,80.2306366,64791,64801,10
12.92187977,80.23043823,64801,64811,10
12.92057037,80.23026276,64811,64821,10
12.91913986,80.23011017,64821,64841,20
12.91913986,80.23011017,64841,64851,10
12.91876984,80.2300415,64851,64861,10
12.91804028,80.22994232,64861,64871,10
12.91716003,80.22982025,64871,64881,10
12.91617966,80.22968292,64881,64891,10
12.91512966,80.22953796,64891,64902,11
12.91421032,80.22940063,64902,64912,10
12.9138298,80.22934723,64912,64922,10
12.91333961,80.22931671,64922,64932,10
12.91331959,80.22931671,64932,64942,10
12.91326046,80.22930908,64942,64952,10
12.91273975,80.2292099,64952,64962,10
12.91187954,80.2290802,64962,64972,10
12.91082001,80.22892761,64972,64982,10
12.90968037,80.22875214,64982,64992,10
12.9085598,80.2285614,64992,65002,10
12.90769958,80.2284317,65002,65013,11
12.9071703,80.2283783,65013,65063,50
12.9071703,80.2283783,65063,65073,10
12.90705013,80.22841644,65073,65083,10
12.90670967,80.22837067,65083,65093,10
12.90627003,80.22831726,65093,65103,10
12.90622044,80.22830963,65103,65113,10
12.90602016,80.22827148,65113,65124,11
12.90534019,80.22821808,65124,65134,10
12.90445042,80.2281723,65134,65144,10
12.90363979,80.2281189,65144,65154,10
12.90301991,80.22807312,65154,65164,10
12.9023304,80.22805786,65164,65174,10
12.90184021,80.22805023,65174,65184,10
12.90139961,80.22801971,65184,65194,10
12.90087986,80.2279892,65194,65204,10
12.9005003,80.22796631,65204,65214,10
12.89997959,80.22792816,65214,65224,10
12.89941978,80.22789764,65224,65265,41
12.89941978,80.22789764,65265,65275,10
12.8991003,80.22788239,65275,65285,10
12.89861012,80.22786713,65285,65295,10
12.89805031,80.22781372,65295,65305,10
12.89748001,80.2277832,65305,65315,10
12.89690971,80.22775269,65315,65325,10
12.89630032,80.2277298,65325,65335,10
12.89560986,80.22769928,65335,65346,11
12.89486027,80.22766113,65346,65356,10
12.89414978,80.22762299,65356,65366,10
12.89361,80.22759247,65366,65376,10
12.89354038,80.22757721,65376,65386,10
12.89332008,80.22754669,65386,65396,10
12.89291954,80.22749329,65396,65406,10
12.89216995,80.22740936,65406,65416,10
12.89151001,80.22738647,65416,65426,10
12.89083004,80.22737885,65426,65436,10
12.89008045,80.22737885,65436,65446,10
12.8893404,80.22737122,65446,65456,10
12.88869953,80.22737122,65456,65467,11
12.88840961,80.22736359,65467,65477,10
12.88831043,80.22736359,65477,65487,10
12.88778019,80.22730255,65487,65497,10
12.88694954,80.22718048,65497,65507,10
12.88595963,80.22693634,65507,65517,10
12.88479996,80.22673798,65517,65537,20
12.88479996,80.22673798,65537,65547,10
12.88459969,80.22672272,65547,65557,10
12.88395977,80.22672272,65557,65567,10
12.88304043,80.22672272,65567,65577,10
12.88191986,80.22673035,65577,65588,11
12.88051987,80.22675323,65588,65598,10
12.87919998,80.22676849,65598,65608,10
12.87792015,80.22685242,65608,65618,10
12.87695026,80.22692108,65618,65628,10
12.8764801,80.22693634,65628,65638,10
12.87639046,80.22679901,65638,65648,10
12.87640953,80.22644043,65648,65678,30
12.87640953,80.22644043,65678,65688,10
12.87646008,80.2261734,65688,65699,11
12.87656021,80.22537994,65699,65709,10
12.87666035,80.22442627,65709,65725,16
12.87703991,80.22264862,65725,65737,12
12.87738991,80.22113037,65737,65747,10
12.87761021,80.22019196,65747,65757,10
12.87786007,80.21909332,65757,65767,10
12.87810993,80.2179184,65767,65777,10
12.8783102,80.21691132,65777,65787,10
12.87854004,80.21579742,65787,65797,10
12.87880039,80.2146225,65797,65808,11
12.87903023,80.21334839,65808,65818,10
12.87924004,80.21224976,65818,65828,10
12.87940025,80.21134186,65828,65838,10
12.87905979,80.21096039,65838,65858,20
12.87905979,80.21096039,65858,65868,10
12.87887955,80.2109375,65868,65878,10
12.87829018,80.21083069,65878,65888,10
12.87755013,80.21069336,65888,65898,10
12.87677956,80.21053314,65898,65908,10
12.87623978,80.21044159,65908,65919,11
12.87543011,80.21029663,65919,65929,10
12.87444019,80.21012115,65929,65969,40
12.87444019,80.21012115,65969,65979,10
12.87434006,80.20999146,65979,65989,10
12.87438011,80.20976257,65989,65999,10
12.87460995,80.20957947,65999,66009,10
12.87471962,80.20977783,66009,66019,10
12.87467957,80.20993805,66019,66110,91
12.87467957,80.20993805,66110,66119,9
12.87475014,80.21013641,66119,66130,11
12.87497997,80.21022797,66130,66141,11
12.8752203,80.21025848,66141,66151,10
12.87528038,80.21025848,66151,66161,10
12.87555027,80.21031952,66161,66171,10
12.87590027,80.21038055,66171,66181,10
12.87631989,80.21045685,66181,66191,10
12.87681007,80.21056366,66191,66201,10
12.87734032,80.21066284,66201,66211,10
12.87780952,80.21074677,66211,66221,10
12.87833023,80.21085358,66221,66231,10
12.87882996,80.2109375,66231,66241,10
12.87917042,80.21099854,66241,66252,11
12.87921047,80.21099854,66252,66262,10
12.87940025,80.2110672,66262,66272,10
12.87946033,80.21144104,66272,66282,10
12.87932968,80.21204376,66282,66292,10
12.87917995,80.21276093,66292,66302,10
12.87905979,80.21344757,66302,66312,10
12.87891006,80.21420288,66312,66322,10
12.87872982,80.21511841,66322,66332,10
12.87849045,80.21620178,66332,66342,10
12.87827015,80.21727753,66342,66352,10
12.87806034,80.21833801,66352,66363,11
12.87779999,80.21946716,66363,66373,10
12.87755966,80.22049713,66373,66383,10
12.87732983,80.22148132,66383,66393,10
12.87709999,80.2224884,66393,66403,10
12.87685013,80.22357941,66403,66413,10
12.8767004,80.22447968,66413,66423,10
12.87658978,80.2252121,66423,66433,10
12.87650013,80.22608185,66433,66443,10
12.87642002,80.22686768,66443,66463,20
12.87642002,80.22686768,66463,66473,10
12.87668991,80.22689819,66473,66484,11
12.87740993,80.22683716,66484,66494,10
12.87841988,80.22676849,66494,66503,9
12.87942028,80.22673035,66503,66514,11
12.88105965,80.22672272,66514,66524,10
12.88243008,80.22669983,66524,66534,10
12.88360023,80.2266922,66534,66544,10
12.88451004,80.22664642,66544,66554,10
12.88554001,80.22673035,66554,66564,10
12.88636017,80.2269516,66564,66574,10
12.88726997,80.22715759,66574,66584,10
12.88823986,80.22725677,66584,66594,10
12.88877964,80.22727966,66594,66605,11
12.88936043,80.22730255,66605,66615,10
12.89025974,80.22730255,66615,66625,10
12.89126968,80.22728729,66625,66635,10
12.89212036,80.22730255,66635,66645,10
12.89291954,80.22737122,66645,66655,10
12.89365005,80.22746277,66655,66665,10
12.89414978,80.2275238,66665,66675,10
12.89426041,80.2275238,66675,66685,10
12.8947401,80.22756195,66685,66695,10
12.89560986,80.22762299,66695,66706,11
12.89680004,80.22766113,66706,66716,10
12.89791012,80.2277298,66716,66726,10
12.89904976,80.22779846,66726,66736,10
12.90021038,80.2278595,66736,66746,10
12.90075016,80.22789001,66746,66867,121
12.90075016,80.22789001,66867,66877,10
12.90104008,80.22792053,66877,66887,10
12.90174961,80.22795868,66887,66897,10
12.90258026,80.2279892,66897,66907,10
12.90328979,80.22798157,66907,66948,41
12.90328979,80.22798157,66948,66958,10
12.90353966,80.22799683,66958,66968,10
12.90417957,80.22805786,66968,66978,10
12.90493965,80.22810364,66978,66988,10
12.90587997,80.2281723,66988,67077,89
12.90587997,80.2281723,67077,67087,10
12.9061203,80.22817993,67087,67097,10
12.90645981,80.22820282,67097,67107,10
12.90723038,80.22827148,67107,67127,20
12.90723038,80.22827148,67127,67137,10
12.90742016,80.22828674,67137,67147,10
12.90799999,80.22839355,67147,67158,11
12.90876007,80.228508,67158,67168,10
12.9096899,80.22865295,67168,67228,60
12.9096899,80.22865295,67228,67238,10
12.90983009,80.2286911,67238,67248,10
12.91042995,80.22879791,67248,67258,10
12.91129971,80.22891998,67258,67269,11
12.9124403,80.22908783,67269,67279,10
12.91345024,80.22923279,67279,67289,10
12.91403961,80.22930908,67289,67299,10
12.91405964,80.22930908,67299,67309,10
12.91423988,80.22931671,67309,67319,10
12.91481018,80.22940063,67319,67329,10
12.91563988,80.22955322,67329,67339,10
12.9165802,80.22968292,67339,67349,10
12.91753006,80.22981262,67349,67359,10
12.91854,80.22994995,67359,67369,10
12.91950035,80.23007965,67369,67380,11
12.92068958,80.2302475,67380,67390,10
12.92187977,80.2303772,67390,67400,10
12.9230299,80.2305603,67400,67410,10
12.92415047,80.23071289,67410,67420,10
12.92521954,80.23084259,67420,67430,10
12.92609978,80.2309494,67430,67440,10
12.92638969,80.23097229,67440,67450,10
12.92640018,80.23097229,67450,67460,10
12.92677975,80.23101807,67460,67476,16
12.92794037,80.23117065,67476,67488,12
12.92868042,80.23126984,67488,67499,11
12.92879963,80.23127747,67499,67509,10
12.9289999,80.23133087,67509,67519,10
12.92945957,80.23142242,67519,67529,10
12.93021011,80.23159027,67529,67539,10
12.93103981,80.23182678,67539,67549,10
12.93202972,80.23214722,67549,67559,10
12.93303013,80.23249817,67559,67569,10
12.93365955,80.23278046,67569,67589,20
12.93365955,80.23278046,67589,67599,10
12.93373966,80.23284912,67599,67610,11
12.93424988,80.233078,67610,67620,10
12.93496037,80.23339081,67620,67630,10
12.93556023,80.23365784,67630,67640,10
12.93616009,80.23394775,67640,67650,10
12.93696022,80.23432159,67650,67660,10
12.93791962,80.23477936,67660,67670,10
12.93881989,80.23522186,67670,67680,10
12.93937969,80.23549652,67680,67690,10
12.93959999,80.23561096,67690,67700,10
12.93964958,80.23564148,67700,67711,11
12.94013977,80.23583984,67711,67721,10
12.94091988,80.23605347,67721,67731,10
12.94188976,80.23628235,67731,67741,10
12.94283009,80.2366333,67741,67751,10
12.94351959,80.23716736,67751,67761,10
12.94369984,80.23735046,67761,67771,10
12.94402027,80.23771667,67771,67781,10
12.94456005,80.23832703,67781,67791,10
12.94526958,80.23906708,67791,67801,10
12.94626045,80.23957825,67801,67811,10
12.94707012,80.23989105,67811,67821,10
12.9472599,80.23996735,67821,67832,11
12.94740963,80.24004364,67832,67842,10
12.94795036,80.24025726,67842,67852,10
12.94876003,80.2405777,67852,67882,30
12.94876003,80.2405777,67882,67892,10
12.94892025,80.24066162,67892,67902,10
12.94941044,80.24085999,67902,67912,10
12.95018005,80.2410965,67912,67922,10
12.95094013,80.24131775,67922,67932,10
12.95112038,80.24137878,67932,67943,11
12.9511404,80.24137878,67943,67953,10
12.95151997,80.24153137,67953,67963,10
12.9521904,80.24178314,67963,67973,10
12.95294952,80.2420578,67973,67983,10
12.95368958,80.24236298,67983,67993,10
12.95446014,80.24266815,67993,68003,10
12.95508957,80.24291229,68003,68013,10
12.95586014,80.2431488,68013,68023,10
12.95637035,80.24331665,68023,68033,10
12.9566803,80.24343872,68033,68043,10
12.95732021,80.24378204,68043,68054,11
12.95818043,80.24416351,68054,68064,10
12.95872974,80.24437714,68064,68074,10
12.95878983,80.24440765,68074,68084,10
12.95884037,80.24445343,68084,68094,10
12.95919991,80.24462891,68094,68104,10
12.95985985,80.24491882,68104,68114,10
12.96068001,80.24529266,68114,68124,10
12.96166992,80.24575806,68124,68134,10
12.96242046,80.2461319,68134,68144,10
12.96288967,80.24636841,68144,68154,10
12.96331978,80.24659729,68154,68164,10
12.96378994,80.2468338,68164,68175,11
12.96440983,80.24703979,68175,68191,16
12.96541023,80.24736786,68191,68203,12
12.96607018,80.24761963,68203,68211,8
12.96630955,80.24771881,68211,68243,32
12.96630955,80.24771881,68243,68253,10
12.96652031,80.24781799,68253,68263,10
12.96700001,80.24806213,68263,68274,11
12.96770954,80.2483902,68274,68283,9
12.96839046,80.24865723,68283,68294,11
12.96924019,80.24902344,68294,68304,10
12.97006035,80.24933624,68304,68314,10
12.97095966,80.24965668,68314,68324,10
12.97192001,80.24990082,68324,68334,10
12.97282028,80.2501297,68334,68344,10
12.97369957,80.25035858,68344,68354,10
12.97434998,80.25051117,68354,68363,9
12.97439003,80.2505188,68363,68374,11
12.97455978,80.25057983,68374,68384,10
12.97507954,80.25074005,68384,68395,11
12.97589016,80.2509613,68395,68405,10
12.9764204,80.25112152,68405,68475,70
12.9764204,80.25112152,68475,68485,10
12.97651005,80.25119781,68485,68495,10
12.97686005,80.25128937,68495,68506,11
12.97751045,80.25161743,68506,68516,10
12.97817993,80.25216675,68516,68526,10
12.97896957,80.25256348,68526,68536,10
12.97990036,80.25241852,68536,68556,20
12.97990036,80.25241852,68556,68566,10
12.97992992,80.25229645,68566,68576,10
12.97996044,80.2519989,68576,68586,10
12.98011971,80.25153351,68586,68596,10
12.98031044,80.25092316,68596,68606,10
12.98050022,80.25018311,68606,68617,11
12.98068047,80.24928284,68617,68627,10
12.98073959,80.24835968,68627,68637,10
12.98081017,80.24739075,68637,68647,10
12.98089027,80.24639893,68647,68657,10
12.98101044,80.24539185,68657,68667,10
12.98112011,80.24442291,68667,68677,10
12.98116016,80.24382019,68677,68687,10
12.98128986,80.24353027,68687,68697,10
12.98128986,80.24311066,68697,68707,10
12.98130035,80.24301147,68707,68717,10
12.98132038,80.24288177,68717,68758,41
12.98132038,80.24288177,68758,68768,10
12.98132038,80.24256134,68768,68778,10
12.98132038,80.24211884,68778,68788,10
12.98130989,80.24166107,68788,68798,10
12.98130989,80.24121857,68798,68808,10
12.98130989,80.24069214,68808,68818,10
12.98130035,80.24005127,68818,68828,10
12.98130035,80.23963165,68828,68839,11
12.98128033,80.23914337,68839,68849,10
12.98124981,80.23857117,68849,68859,10
12.98124981,80.23828125,68859,68869,10
12.98124981,80.2381897,68869,68879,10
12.98124981,80.23799896,68879,68899,20
12.98124981,80.23799896,68899,68909,10
12.98124981,80.23782349,68909,68919,10
12.98122978,80.23741913,68919,68929,10
12.98122025,80.23671722,68929,68939,10
12.98118973,80.23587799,68939,68950,11
12.9811697,80.23509979,68950,68960,10
12.9811697,80.23442078,68960,68970,10
12.98136997,80.23377991,68970,68980,10
12.9816103,80.23329163,68980,69000,20
12.9816103,80.23329163,69000,69010,10
12.98167992,80.23317719,69010,69020,10
12.98186016,80.23275757,69020,69030,10
12.98196983,80.23223114,69030,69040,10
12.98194981,80.23178101,69040,69057,17
12.98176003,80.23085785,69057,69069,12
12.98138046,80.23017883,69069,69079,10
12.98106003,80.22966766,69079,69089,10
12.98062992,80.22899628,69089,69109,20
12.98062992,80.22899628,69109,69119,10
12.98050022,80.22878265,69119,69129,10
12.98027992,80.22840118,69129,69138,9
12.98009014,80.22801208,69138,69149,11
12.97976017,80.2274704,69149,69159,10
12.97937965,80.22685242,69159,69170,11
12.97902012,80.22624969,69170,69179,9
12.97867966,80.22569275,69179,69190,11
12.97830963,80.2250824,69190,69200,10
12.97801971,80.22460175,69200,69210,10
12.97778034,80.22429657,69210,69220,10
12.97751999,80.22383881,69220,69230,10
12.97721958,80.22335052,69230,69240,10
12.97698021,80.2229538,69240,69250,10
12.97692966,80.22277832,69250,69260,10
12.97717953,80.22267151,69260,69291,31
12.97717953,80.22267151,69291,69301,10
12.97749043,80.22263336,69301,69311,10
12.97749996,80.22216034,69311,69321,10
12.97743034,80.22131348,69321,69341,20
12.97743034,80.22131348,69341,69351,10
12.97719955,80.22122192,69351,69361,10
12.97669029,80.22122955,69361,69371,10
12.97603989,80.22126007,69371,69402,31
12.97603989,80.22126007,69402,69412,10
12.97577,80.22116089,69412,69422,10
12.97560978,80.2210083,69422,69432,10
12.97541046,80.22084045,69432,69442,10
12.97541046,80.22049713,69442,69482,40
12.97541046,80.22049713,69482,69492,10
12.97583008,80.22019196,69492,69502,10
12.97628975,80.2199707,69502,69513,11
12.97692013,80.2197113,69513,69523,10
12.97751999,80.21945953,69523,69533,10
12.97815037,80.21916962,69533,69543,10
12.97859001,80.21901703,69543,69553,10
12.97914028,80.21880341,69553,69563,10
12.97972012,80.21855927,69563,69593,30
12.97972012,80.21855927,69593,69603,10
12.98007011,80.21842194,69603,69613,10
12.98040962,80.21829987,69613,69623,10
12.98069954,80.2181778,69623,69634,11
12.98083973,80.21811676,69634,69644,10
12.98112011,80.21800232,69644,69674,30
12.98112011,80.21800232,69674,69684,10
12.98147011,80.21790314,69684,69704,20
12.98147011,80.21790314,69704,69714,10
12.98163033,80.21785736,69714,69724,10
12.98180962,80.21782684,69724,69735,11
12.98202038,80.2178421,69735,69745,10
12.9822197,80.21784973,69745,69765,20
12.9822197,80.21784973,69765,69775,10
12.98241043,80.21785736,69775,69785,10
12.98291969,80.21785736,69785,69795,10
12.9835701,80.21784973,69795,69805,10
12.98386955,80.21784973,69805,69815,10
12.98398972,80.2178421,69815,69835,20
12.98398972,80.2178421,69835,69846,11
12.98423958,80.21785736,69846,69856,10
12.98460007,80.2178421,69856,69866,10
12.98528957,80.21782684,69866,69876,10
12.98606014,80.21797943,69876,69886,10
12.98668957,80.21810913,69886,69896,10
12.98717022,80.21820068,69896,69906,10
12.98735046,80.2182312,69906,69916,10
12.98766041,80.21833038,69916,69926,10
12.98814964,80.21843719,69926,69936,10
12.98886013,80.2186203,69936,69946,10
12.98935032,80.21877289,69946,69957,11
12.98978043,80.21893311,69957,69967,10
12.9904604,80.21916199,69967,69977,10
12.99104977,80.21932983,69977,69987,10
12.99123955,80.21941376,69987,69997,10
12.99184036,80.21927643,69997,70017,20
12.99184036,80.21927643,70017,70027,10
12.99213982,80.21907043,70027,70037,10
12.99265957,80.21871185,70037,70047,10
12.99304962,80.21839905,70047,70057,10
12.99343967,80.21810913,70057,70068,11
12.99396992,80.21774292,70068,70078,10
12.99440002,80.21742249,70078,70088,10
12.99472046,80.21717834,70088,70098,10
12.99518013,80.21687317,70098,70108,10
12.99578953,80.21662903,70108,70118,10
12.99639034,80.21652222,70118,70128,10
12.99683952,80.21647644,70128,70138,10
12.99713993,80.21643066,70138,70148,10
12.99750042,80.21607208,70148,70158,10
12.99754047,80.21602631,70158,70168,10
12.99761009,80.21600342,70168,70178,10
12.99792957,80.21573639,70178,70195,17
12.99874973,80.21501923,70195,70207,12
12.9991703,80.21463776,70207,70217,10
12.99950027,80.21434784,70217,70227,10
13.00008011,80.21385193,70227,70237,10
13.00061035,80.21337128,70237,70247,10
13.00107002,80.21299744,70247,70257,10
13.00166988,80.21253967,70257,70267,10
13.00232029,80.21215057,70267,70277,10
13.00288963,80.21205139,70277,70287,10
13.00347042,80.21204376,70287,70297,10
13.00362015,80.21192932,70297,70308,11
13.00364017,80.2118988,70308,70319,11
13.00364017,80.21144867,70319,70329,10
13.00358009,80.21063995,70329,70339,10
13.00349045,80.20986938,70339,70349,10
13.00356007,80.20913696,70349,70358,9
13.00378036,80.20861816,70358,70368,10
13.0044899,80.20884705,70368,70379,11
13.00541973,80.2092514,70379,70389,10
13.0060997,80.20950317,70389,70399,10
13.00675964,80.2097168,70399,70410,11
13.00741959,80.20983887,70410,70440,30
13.00741959,80.20983887,70440,70450,10
13.00755978,80.20987701,70450,70460,10
13.00790024,80.20996094,70460,70470,10
13.0081501,80.20987701,70470,70480,10
13.00802994,80.20929718,70480,70490,10
13.00790024,80.20851898,70490,70500,10
13.00778008,80.20771027,70500,70510,10
13.0076704,80.2071991,70510,70521,11
13.0075798,80.20680237,70521,70531,10
13.0075798,80.20674133,70531,70541,10
13.00753021,80.20645905,70541,70551,10
13.00747967,80.20599365,70551,70561,10
13.00745964,80.20526123,70561,70571,10
13.00747013,80.204422,70571,70581,10
13.00739956,80.20359039,70581,70591,10
13.00720024,80.20265961,70591,70601,10
13.00650024,80.20274353,70601,70611,10
13.00671959,80.20330048,70611,70621,10
13.00743008,80.20362854,70621,70632,11
13.00835037,80.20368958,70632,70642,10
13.00944042,80.20362091,70642,70652,10
13.01070023,80.20362854,70652,70662,10
13.01189995,80.2037735,70662,70672,10
13.01280022,80.20394897,70672,70682,10
13.01325989,80.2040863,70682,70692,10
13.01358032,80.20464325,70692,70720,28
13.01358032,80.20464325,70720,70728,8
13.01344967,80.20484924,70728,70740,12
13.01321983,80.20555115,70740,70751,11
13.01301003,80.20639038,70751,70761,10
13.01294041,80.20722961,70761,70771,10
13.0128603,80.20774841,70771,70781,10
13.01284027,80.20825195,70781,70791,10
13.0128603,80.20864105,70791,70801,10
13.01294041,80.20921326,70801,70811,10
13.01315022,80.20970154,70811,70821,10
13.01309013,80.21025848,70821,70831,10
13.01296997,80.21087646,70831,70841,10
13.01270962,80.21144867,70841,70851,10
13.0124197,80.21195984,70851,70862,11
13.01204014,80.21250916,70862,70872,10
13.0118103,80.21279144,70872,70882,10
13.01152992,80.21264648,70882,70892,10
13.01097965,80.21222687,70892,70902,10
13.0104599,80.21183777,70902,70912,10
13.00998974,80.21148682,70912,71003,91
13.00998974,80.21148682,71003,71013,10
13.00961018,80.21115875,71013,71174,161
13.00961018,80.21115875,71174,71184,10
13.00938988,80.21099854,71184,71689,505
13.00938988,80.21099854,71689,71699,10
13.00924969,80.21102142,71699,71709,10
13.00916958,80.21118164,71709,71719,10
13.00899982,80.21144104,71719,71729,10
13.00905991,80.2118988,71729,71739,10
13.0092802,80.21257782,71739,71749,10
13.00955963,80.21331787,71749,71760,11
13.0098896,80.21414185,71760,71770,10
13.0101099,80.21489716,71770,71780,10
13.01027012,80.21582031,71780,71790,10
13.01070976,80.21681976,71790,71799,9
13.01115036,80.21775818,71799,71810,11
13.01156044,80.21891785,71810,71820,10
13.01198006,80.22022247,71820,71829,9
13.01226044,80.22116089,71829,71840,11
13.01274967,80.22205353,71840,71850,10
13.01327991,80.22270966,71850,71860,10
13.01385975,80.22338104,71860,71872,12
13.01447964,80.22415161,71872,71882,10
13.01502037,80.22477722,71882,71892,10
13.01537037,80.22525787,71892,71902,10
13.01539993,80.22544098,71902,71912,10
13.01521969,80.22583008,71912,71922,10
13.01469994,80.22605133,71922,71932,10
13.01406002,80.2263031,71932,71942,10
13.01327038,80.22660828,71942,71952,10
13.01239967,80.22696686,71952,71962,10
13.0115099,80.22731018,71962,71972,10
13.01062965,80.22766113,71972,71988,16
13.00949001,80.2277832,71988,72001,13
13.00973034,80.22705841,72001,72011,10
13.00998974,80.22646332,72011,72020,9
13.01033974,80.22559357,72020,72032,12
13.0106802,80.22480774,72032,72042,10
13.01095009,80.22409821,72042,72051,9
13.01109982,80.22367859,72051,72062,11
13.01124954,80.22318268,72062,72072,10
13.01089954,80.2229538,72072,72082,10
13.01068974,80.22284698,72082,72093,11
13.01035976,80.22270203,72093,72103,10
13.01002979,80.22251892,72103,72113,10
13.00948048,80.22222137,72113,72123,10
13.00883007,80.22187805,72123,72133,10
13.00811958,80.22151184,72133,72143,10
13.00739002,80.22112274,72143,72153,10
13.00662041,80.22071075,72153,72163,10
13.00574017,80.2204895,72163,72173,10
13.00492954,80.2203064,72173,72183,10
13.00422001,80.22015381,72183,72193,10
13.00358963,80.22000885,72193,72204,11
13.00331974,80.21994019,72204,72214,10
13.00312996,80.21987152,72214,72224,10
13.00261974,80.21964264,72224,72234,10
13.00210953,80.21916199,72234,72244,10
13.00168991,80.21871948,72244,72254,10
13.0010004,80.21822357,72254,72264,10
13.00043964,80.2178421,72264,72274,10
12.99983978,80.21746826,72274,72284,10
12.99921036,80.21710205,72284,72294,10
12.99860954,80.21681213,72294,72304,10
12.99824047,80.21665955,72304,72314,10
12.99814987,80.21665192,72314,72325,11
12.99806023,80.21662903,72325,72335,10
12.99785995,80.21658325,72335,72345,10
12.99771976,80.21656036,72345,72355,10
12.99757004,80.21653748,72355,72365,10
12.99755955,80.21653748,72365,72375,10
12.99734974,80.21652222,72375,72415,40
12.99734974,80.21652222,72415,72425,10
12.99703979,80.21653748,72425,72436,11
12.99685955,80.21655273,72436,72446,10
12.99664021,80.21656036,72446,72456,10
12.99641991,80.21658325,72456,72466,10
12.99602032,80.21665955,72466,72486,20
12.99602032,80.21665955,72486,72496,10
12.99567986,80.21674347,72496,72506,10
12.99553967,80.21678925,72506,72516,10
12.9953804,80.21685791,72516,72526,10
12.99524021,80.21691895,72526,72536,10
12.99510956,80.21700287,72536,72547,11
12.99491978,80.21713257,72547,72557,10
12.99458981,80.21736145,72557,72567,10
12.99431992,80.2175293,72567,72577,10
12.99415016,80.21765137,72577,72587,10
12.99394989,80.21778107,72587,72597,10
12.99361038,80.21803284,72597,72607,10
12.9932003,80.21832275,72607,72617,10
12.99295044,80.2184906,72617,72627,10
12.99258041,80.21877289,72627,72637,10
12.99215984,80.21907806,72637,72647,10
12.99190044,80.2192688,72647,72698,51
12.99190044,80.2192688,72698,72708,10
12.99174976,80.21938324,72708,72718,10
12.99170017,80.21942902,72718,72728,10
12.99155998,80.21954346,72728,72730,2
12.99155998,80.21954346,72730,72777,47
12.99098969,80.2194519,72777,72787,10
12.9909296,80.21942902,72787,72797,10
12.99053955,80.21927643,72797,72807,10
12.98991013,80.21906281,72807,72817,10
12.98929977,80.21884155,72817,72827,10
12.98855972,80.21858978,72827,72837,10
12.98791027,80.21843719,72837,72847,10
12.98748016,80.21839905,72847,72857,10
12.98701954,80.21829987,72857,72869,12
12.98626041,80.21810913,72869,72879,10
12.98558998,80.2179718,72879,72890,11
12.98513031,80.2179718,72890,72899,9
12.98484993,80.21797943,72899,72950,51
12.98484993,80.21797943,72950,72960,10
12.98437023,80.2179718,72960,73031,71
12.98437023,80.2179718,73031,73041,10
12.98388004,80.21800232,73041,73061,20
12.98388004,80.21800232,73061,73071,10
12.98361969,80.21800232,73071,73081,10
12.98336983,80.21800232,73081,73102,21
12.98336983,80.21800232,73102,73112,10
12.98324013,80.21798706,73112,73122,10
12.98293018,80.21798706,73122,73132,10
12.98266983,80.21800232,73132,73142,10
12.98244953,80.21801758,73142,73172,30
12.98244953,80.21801758,73172,73182,10
12.98213005,80.21800232,73182,73253,71
12.98213005,80.21800232,73253,73263,10
12.98174953,80.21803284,73263,73344,81
12.98136997,80.21807861,73344,73384,40
12.98136997,80.21807861,73384,73394,10
12.98101044,80.21820068,73394,73424,30
12.98079967,80.21826172,73424,73445,21
12.98079967,80.21826172,73445,73455,10
12.98052979,80.21835327,73455,73495,40
12.98052979,80.21835327,73495,73505,10
12.9800396,80.21852875,73505,73515,10
12.97986031,80.2186203,73515,73524,9
12.97970963,80.21868896,73524,73534,10
12.97970009,80.21868896,73534,73545,11
12.97955036,80.21875763,73545,73556,11
12.9794302,80.21880341,73556,73566,10
12.97928047,80.21884918,73566,73576,10
12.97910023,80.21893311,73576,73737,161
12.97877026,80.2190094,73737,73770,33
12.97877026,80.2190094,73770,73781,11
12.97854042,80.21916199,73781,73801,20
12.97854042,80.21916199,73801,73811,10
12.9782896,80.21926117,73811,74103,292
12.97795963,80.21941376,74103,74124,21
12.97795963,80.21941376,74124,74134,10
12.97768021,80.2195282,74134,74214,80
12.97735977,80.21968079,74214,74406,192
12.97735977,80.21968079,74406,74416,10
12.97692966,80.21985626,74416,74426,10
12.97669029,80.21997833,74426,74477,51
12.97630978,80.22013855,74477,74648,171
12.97630978,80.22013855,74648,74658,10
12.97591019,80.22029114,74658,74668,10
12.97577,80.22032928,74668,74679,11
12.97560024,80.22042847,74679,74689,10
12.97554016,80.22083282,74689,74699,10
12.97585964,80.221138,74699,74709,10
12.97607994,80.22144318,74709,74719,10
12.97618961,80.22161865,74719,74729,10
12.97628021,80.22181702,74729,74759,30
12.97628021,80.22181702,74759,74769,10
12.9764204,80.22215271,74769,74779,10
12.97669983,80.22255707,74779,74790,11
12.97716045,80.22325134,74790,74800,10
12.97762966,80.22396851,74800,74810,10
12.97799969,80.22454071,74810,74820,10
12.97830009,80.22503662,74820,74830,10
12.97854996,80.22541809,74830,74840,10
12.97856998,80.22544861,74840,74850,10
12.9786396,80.2256012,74850,74860,10
12.97891998,80.22605133,74860,74870,10
12.97931957,80.22672272,74870,74880,10
12.97970963,80.22736359,74880,74890,10
12.98007965,80.22795868,74890,74900,10
12.9804697,80.22865295,74900,74911,11
12.98085022,80.22928619,74911,74921,10
12.98114014,80.2297821,74921,74931,10
12.9815197,80.23032379,74931,74941,10
12.98169041,80.23058319,74941,74951,10
12.98169994,80.23061371,74951,74961,10
12.98186016,80.23098755,74961,74971,10
12.98200989,80.23162079,74971,74981,10
12.98200989,80.23229218,74981,74991,10
12.98188019,80.23285675,74991,75001,10
12.98163986,80.23342133,75001,75022,21
12.98163986,80.23342133,75022,75032,10
12.98157978,80.2335434,75032,75042,10
12.98136044,80.23397064,75042,75052,10
12.98118019,80.23474121,75052,75062,10
12.98118973,80.23561859,75062,75072,10
12.98122978,80.23644257,75072,75082,10
12.98124981,80.23718262,75082,75092,10
12.9812603,80.23786163,75092,75102,10
12.98128033,80.23854828,75102,75122,20
12.98128033,80.23854828,75122,75132,10
12.98128033,80.23857117,75132,75143,11
12.98128986,80.23903656,75143,75153,10
12.98130035,80.23963928,75153,75163,10
12.98132992,80.24037933,75163,75173,10
12.98136044,80.24115753,75173,75183,10
12.98134995,80.24198914,75183,75193,10
12.98136997,80.24263763,75193,75203,10
12.98136997,80.24278259,75203,75213,10
12.98134041,80.24285889,75213,75223,10
12.98134041,80.2432785,75223,75233,10
12.98128986,80.24395752,75233,75244,11
12.98112965,80.24500275,75244,75254,10
12.98099995,80.24617004,75254,75264,10
12.98089027,80.24745941,75264,75274,10
12.98079967,80.24877167,75274,75284,10
12.98064041,80.24996185,75284,75294,10
12.98038006,80.25102234,75294,75304,10
12.98015022,80.25190735,75304,75313,9
12.97988987,80.25258636,75313,75344,31
12.97988987,80.25258636,75344,75355,11
12.97982979,80.25272369,75355,75365,10
12.97935009,80.25270844,75365,75375,10
12.97881985,80.25263977,75375,75385,10
12.97879028,80.25263214,75385,75395,10
12.97869968,80.25260162,75395,75405,10
12.97826004,80.25234985,75405,75415,10
12.97760963,80.25177765,75415,75425,10
12.97663021,80.25126648,75425,75435,10
12.97544003,80.25093842,75435,75445,10
12.9742403,80.25060272,75445,75455,10
12.97325039,80.25032043,75455,75466,11
12.97257042,80.25018311,75466,75476,10
12.97243977,80.25013733,75476,75486,10
12.97198009,80.24999237,75486,75496,10
12.97109032,80.24976349,75496,75505,9
12.97017956,80.24945831,75505,75516,11
12.9691,80.24903107,75516,75526,10
12.96784019,80.24851227,75526,75536,10
12.96693993,80.24809265,75536,75546,10
12.96630955,80.24780273,75546,75556,10
12.96560001,80.24752045,75556,75566,10
12.96514034,80.24736786,75566,75577,11
12.96514034,80.24736023,75577,75587,10
12.96487999,80.24726105,75587,75597,10
12.96430969,80.24704742,75597,75607,10
12.9636898,80.24680328,75607,75627,20
12.9636898,80.24680328,75627,75637,10
12.96341991,80.24668121,75637,75647,10
12.96282959,80.24642181,75647,75657,10
12.96199989,80.24601746,75657,75667,10
12.96102047,80.24555206,75667,75677,10
12.96004009,80.24510956,75677,75688,11
12.95940018,80.24484253,75688,75698,10
12.95938015,80.24482727,75698,75708,10
12.95915985,80.24469757,75708,75718,10
12.95855999,80.24443054,75718,75728,10
12.95792961,80.24417877,75728,75738,10
12.95720005,80.24391937,75738,75748,10
12.95643997,80.24365997,75748,75778,30
12.95643997,80.24365997,75778,75788,10
12.95598984,80.24347687,75788,75798,10
12.95528984,80.24313354,75798,75809,11
12.95433998,80.24272156,75809,75819,10
12.95349979,80.24236298,75819,75829,10
12.95252037,80.24195862,75829,75838,9
12.95180988,80.24172211,75838,75849,11
12.95166016,80.2416687,75849,75859,10
12.95164013,80.24165344,75859,75869,10
12.95123959,80.24150085,75869,75879,10
12.95049,80.24125671,75879,75889,10
12.94958019,80.24098969,75889,75899,10
12.94876003,80.24067688,75899,75909,10
12.94785976,80.24031067,75909,75920,11
12.94715977,80.23999023,75920,75930,10
12.94680977,80.23988342,75930,75940,10
12.94629002,80.2396698,75940,75950,10
12.94552994,80.23931885,75950,75960,10
12.94476032,80.23867798,75960,75970,10
12.94400978,80.23786163,75970,75980,10
12.94342041,80.2372818,75980,75990,10
12.94330025,80.23715973,75990,76000,10
12.94303989,80.23687744,76000,76010,10
12.94237995,80.23651886,76010,76020,10
12.94145966,80.23625946,76020,76031,11
12.94036961,80.23597717,76031,76041,10
12.9398098,80.23581696,76041,76051,10
12.93978024,80.2358017,76051,76061,10
12.93955994,80.23571014,76061,76071,10
12.93896961,80.23542023,76071,76087,16
12.93758011,80.23471069,76087,76099,12
12.93636036,80.23412323,76099,76109,10
12.9357996,80.2338562,76109,76119,10
12.93492031,80.23348236,76119,76129,10
12.93397999,80.23306274,76129,76160,31
12.93397999,80.23306274,76160,76170,10
12.93367958,80.23287964,76170,76180,10
12.93303013,80.23259735,76180,76190,10
12.93214035,80.23227692,76190,76200,10
12.93101978,80.23191071,76200,76210,10
12.92992973,80.23156738,76210,76220,10
12.92910957,80.23139954,76220,76230,10
12.92850018,80.23130035,76230,76240,10
12.9276104,80.23119354,76240,76251,11
12.92650032,80.23105621,76251,76261,10
12.92607975,80.23101807,76261,76271,10
12.92597008,80.23098755,76271,76281,10
12.92545033,80.23092651,76281,76291,10
12.9246397,80.23084259,76291,76301,10
12.92368031,80.23069763,76301,76311,10
12.92247963,80.23052216,76311,76321,10
12.92121983,80.23034668,76321,76331,10
12.9200201,80.23021698,76331,76341,10
12.91924,80.23014069,76341,76351,10
12.91915989,80.2301178,76351,76361,10
12.91891003,80.23007965,76361,76372,11
12.91816044,80.22998047,76372,76382,10
12.91722965,80.22985077,76382,76392,10
12.91625977,80.22969055,76392,76402,10
12.9153204,80.22956085,76402,76412,10
12.91442013,80.22944641,76412,76422,10
12.91322994,80.22931671,76422,76442,20
12.91322994,80.22931671,76442,76452,10
12.91287994,80.22924805,76452,76462,10
12.91213989,80.22914124,76462,76473,11
12.91102028,80.22898102,76473,76483,10
12.90979958,80.22879028,76483,76493,10
12.90857029,80.22856903,76493,76503,10
12.90740013,80.22839355,76503,76513,10
12.90660954,80.22831726,76513,76523,10
12.90641022,80.22828674,76523,76533,10
12.90627956,80.22828674,76533,76543,10
12.90577984,80.2282486,76543,76553,10
12.9052496,80.22821808,76553,76563,10
12.90423012,80.22814941,76563,76573,10
12.90328026,80.22811127,76573,76583,10
12.90242004,80.22805023,76583,76594,11
12.90147972,80.22801971,76594,76604,10
12.90083981,80.22798157,76604,76614,10
12.90019989,80.22795105,76614,76624,10
12.89951992,80.2279129,76624,76644,20
12.89951992,80.2279129,76644,76654,10
12.89923954,80.22789764,76654,76664,10
12.89859009,80.22783661,76664,76674,10
12.89776039,80.22779846,76674,76684,10
12.89684963,80.22775269,76684,76700,16
12.8953104,80.22769165,76700,76713,13
12.89396,80.22762299,76713,76723,10
12.89344978,80.22759247,76723,76733,10
12.89334965,80.22756958,76733,76743,10
12.89293957,80.22750092,76743,76753,10
12.89210033,80.22741699,76753,76763,10
12.89115047,80.22740173,76763,76773,10
12.89013958,80.22740173,76773,76783,10
12.88928986,80.22741699,76783,76793,10
12.88856983,80.22740173,76793,76803,10
12.88848019,80.22740173,76803,76814,11
12.88801956,80.22734833,76814,76824,10
12.88722992,80.22724152,76824,76834,10
12.8862896,80.22702789,76834,76844,10
12.88543034,80.22682953,76844,76854,10
12.88519955,80.22679138,76854,76864,10
12.88512993,80.22678375,76864,76874,10
12.88459015,80.22673798,76874,76884,10
12.8837204,80.22673798,76884,76894,10
12.88265991,80.22675323,76894,76904,10
12.8815403,80.22676086,76904,76914,10
12.88010979,80.22676849,76914,76925,11
12.87870979,80.2268219,76925,76935,10
12.87757969,80.22691345,76935,76945,10
12.87672043,80.22698975,76945,76955,10
12.87639046,80.22680664,76955,76965,10
12.87640953,80.22672272,76965,76975,10
12.87644005,80.22651672,76975,76985,10
12.87650967,80.22583771,76985,76995,10
12.87662029,80.22492218,76995,77005,10
12.87675953,80.22392273,77005,77015,10
12.87703991,80.22270203,77015,77025,10
12.8773098,80.22154999,77025,77036,11
12.87759972,80.2203064,77036,77046,10
12.8778801,80.21906281,77046,77056,10
12.87816048,80.21778107,77056,77066,10
12.87839031,80.21665955,77066,77076,10
12.87860012,80.21566772,77076,77086,10
12.87882996,80.2146225,77086,77096,10
12.87903023,80.21356201,77096,77106,10
12.87924004,80.21247101,77106,77116,10
12.87942028,80.21147919,77116,77126,10
12.87934017,80.21099854,77126,77136,10
12.87930012,80.21099091,77136,77147,11
12.87897968,80.2109375,77147,77157,10
12.87864017,80.21086884,77157,77167,10
12.87823009,80.21080017,77167,77177,10
12.87771034,80.21070099,77177,77187,10
12.8771801,80.21060944,77187,77197,10
12.87662029,80.21048737,77197,77207,10
12.87602043,80.21038055,77207,77217,10
12.87541008,80.210289,77217,77227,10
12.87489033,80.21019745,77227,77237,10
12.87454987,80.21013641,77237,77247,10
12.87454033,80.21013641,77247,77257,10
12.87450027,80.21013641,77257,77268,11
12.87430954,80.20996094,77268,77278,10
12.87448978,80.20970917,77278,77422,144
12.87448978,80.20970917,77422,77432,10
12.87458038,80.20960999,77432,77442,10
12.87473011,80.20976257,77442,77452,10
12.87464046,80.21012115,77452,77462,10
12.87502956,80.21025848,77462,77472,10
12.87557983,80.21037292,77472,77482,10
12.8761797,80.21047974,77482,77493,11
12.87687016,80.21061707,77493,77503,10
12.87742043,80.21070099,77503,77511,8
12.87779045,80.21077728,77511,77523,12
12.87845993,80.21089935,77523,77533,10
12.87884998,80.21099854,77533,77543,10
12.87911034,80.21105957,77543,77553,10
12.87944031,80.21134186,77553,77563,10
12.87928963,80.21221161,77563,77704,141
12.87928963,80.21221161,77704,77715,11
12.87919998,80.21266937,77715,77725,10
12.87905979,80.21337891,77725,77735,10
12.87891006,80.21418762,77735,77745,10
12.87874031,80.21511078,77745,77755,10
12.87852001,80.21605682,77755,77765,10
12.87831974,80.21700287,77765,77775,10
12.87814045,80.21797943,77775,77785,10
12.87792015,80.21897125,77785,77795,10
12.87769985,80.2199173,77795,77805,10
12.87747955,80.22091675,77805,77815,10
12.87724018,80.22190857,77815,77826,11
12.87699032,80.22303009,77826,77836,10
12.87677956,80.22395325,77836,77846,10
12.87664032,80.22476959,77846,77856,10
12.87656021,80.2256012,77856,77866,10
12.87644958,80.22628784,77866,77876,10
12.87639999,80.22683716,77876,77886,10
12.87642002,80.22693634,77886,77896,10
12.87677956,80.22693634,77896,77906,10
12.87755013,80.22686005,77906,77916,10
12.87849998,80.22678375,77916,77926,10
12.87950993,80.22672272,77926,77937,11
12.88062,80.22669983,77937,77947,10
12.88169003,80.2266922,77947,77957,10
12.88276958,80.22667694,77957,77967,10
12.88379955,80.22666931,77967,77977,10
12.88516045,80.2266922,77977,77997,20
12.88516045,80.2266922,77997,78007,10
12.88556957,80.22678375,78007,78017,10
12.88632011,80.22698212,78017,78027,10
12.88722992,80.22718811,78027,78037,10
12.88819981,80.22730255,78037,78048,11
12.88934994,80.2273407,78048,78058,10
12.89050961,80.2273407,78058,78068,10
12.89153004,80.2273407,78068,78078,10
12.89229965,80.22737885,78078,78088,10
12.89319992,80.2274704,78088,78098,10
12.89420986,80.22759247,78098,78108,10
12.89542961,80.22766113,78108,78118,10
12.89680958,80.22770691,78118,78128,10
12.8980999,80.22781372,78128,78138,10
12.89923,80.22786713,78138,78148,10
12.90025997,80.22792816,78148,78159,11
12.90104008,80.22796631,78159,78160,1
12.9011097,80.22798157,78160,78161,1
12.90118027,80.22798157,78161,78228,67
12.90410042,80.22811127,78228,78238,10
12.90485954,80.22815704,78238,78248,10
12.90559959,80.22821045,78248,78258,10
12.90602016,80.22824097,78258,78320,62
12.90602016,80.22824097,78320,78330,10
12.90616035,80.22824097,78330,78340,10
12.90651989,80.2282486,78340,78350,10
12.90678024,80.22825623,78350,78360,10
12.90721989,80.22831726,78360,78370,10
12.9080801,80.22844696,78370,78380,10
12.90921021,80.2286377,78380,78391,11
12.91059971,80.22885895,78391,78401,10
12.91182995,80.22904968,78401,78411,10
12.91296005,80.22921753,78411,78421,10
12.9138298,80.22934723,78421,78431,10
12.91479969,80.2294693,78431,78441,10
12.91596031,80.22962952,78441,78451,10
12.91691017,80.22975922,78451,78461,10
12.91808987,80.22991943,78461,78471,10
12.91940975,80.23011017,78471,78481,10
12.92080975,80.23027802,78481,78491,10
12.92222023,80.23049164,78491,78502,11
12.92380047,80.23072052,78502,78512,10
12.92518044,80.23088837,78512,78522,10
12.92656994,80.23104095,78522,78532,10
12.9278698,80.23120117,78532,78542,10
12.92879963,80.23130798,78542,78552,10
12.92980957,80.23153687,78552,78562,10
12.93103981,80.23187256,78562,78572,10
12.93229008,80.23227692,78572,78582,10
12.93328953,80.23265839,78582,78592,10
12.93371964,80.23284149,78592,78602,10
12.93395996,80.2329483,78602,78613,11
12.93472004,80.23329926,78613,78623,10
12.93542004,80.23361206,78623,78633,10
12.93562984,80.23371124,78633,78643,10
12.93599033,80.23387909,78643,78653,10
12.93673038,80.23423767,78653,78663,10
12.93776035,80.23471832,78663,78673,10
12.93879986,80.23526001,78673,78683,10
12.93970966,80.23573303,78683,78691,8
12.94056034,80.23603058,78691,78703,12
12.94202042,80.23638916,78703,78713,10
12.94314957,80.23692322,78713,78724,11
12.94417,80.23796082,78724,78734,10
12.9450798,80.2389679,78734,78744,10
12.9461298,80.23959351,78744,78754,10
12.94709969,80.2399826,78754,78764,10
12.94742012,80.24008179,78764,78774,10
12.94762039,80.24017334,78774,78784,10
12.94820023,80.24041748,78784,78794,10
12.94874001,80.24067688,78794,78804,10
12.94892025,80.24073792,78804,78814,10
12.94948959,80.24093628,78814,78824,10
12.95040989,80.24118042,78824,78834,10
12.95110989,80.24137878,78834,78845,11
12.95127964,80.24144745,78845,78855,10
12.95180988,80.24166107,78855,78865,10
12.95263958,80.24195862,78865,78875,10
12.95355034,80.24233246,78875,78885,10
12.95429039,80.24263763,78885,78895,10
12.95506001,80.24291992,78895,78905,10
12.95586967,80.24317932,78905,78915,10
12.95641994,80.24336243,78915,78925,10
12.95687008,80.24356842,78925,78935,10
12.95769024,80.24398041,78935,78946,11
12.95874977,80.24446106,78946,78956,10
12.95973969,80.24488068,78956,78966,10
12.96092033,80.24539948,78966,78976,10
12.96212006,80.2460022,78976,78986,10
12.96341038,80.24659729,78986,79036,50
12.96341038,80.24659729,79036,79052,16
12.9637804,80.24684143,79052,79065,13
12.96471977,80.24717712,79065,79073,8
12.96549988,80.24743652,79073,79085,12
12.96658039,80.24787903,79085,79095,10
12.96697998,80.24806213,79095,79105,10
12.96724987,80.24819946,79105,79115,10
12.96794987,80.24849701,79115,79125,10
12.96881962,80.24884796,79125,79135,10
12.97004986,80.2493515,79135,79145,10
12.97126007,80.24976349,79145,79155,10
12.97245026,80.25006866,79155,79165,10
12.97358036,80.25035858,79165,79175,10
12.97428036,80.25054169,79175,79186,11
12.97453976,80.25061798,79186,79196,10
12.97527027,80.2508316,79196,79206,10
12.97630024,80.25112152,79206,79216,10
12.97737026,80.25154114,79216,79226,10
12.97832012,80.25228119,79226,79236,10
12.97928047,80.25260925,79236,79246,10
12.97986031,80.25248718,79246,79256,10
12.97992039,80.25235748,79256,79266,10
12.97996044,80.25202942,79266,79276,10
12.98019028,80.25135803,79276,79287,11
12.98048019,80.25028992,79287,79297,10
12.98068047,80.24929047,79297,79307,10
12.98075962,80.24806213,79307,79317,10
12.98087978,80.24687958,79317,79327,10
12.98101997,80.2455368,79327,79337,10
12.98114967,80.24436188,79337,79347,10
12.98120022,80.24375153,79347,79357,10
12.98130989,80.2435379,79357,79367,10
12.98132992,80.24320984,79367,79377,10
12.98132992,80.24286652,79377,79387,10
12.98134995,80.24282837,79387,79398,11
12.98136997,80.24240112,79398,79408,10
12.98136044,80.24169159,79408,79418,10
12.98134041,80.24091339,79418,79428,10
12.98134041,80.24054718,79428,79438,10
12.98134041,80.24034882,79438,79448,10
12.98134041,80.24019623,79448,79458,10
12.98134041,80.2400589,79458,79468,10
12.98132992,80.23982239,79468,79478,10
12.98130989,80.23961639,79478,79488,10
12.98130035,80.23908234,79488,79498,10
12.98128033,80.23847961,79498,79509,11
12.98126984,80.23789215,79509,79519,10
12.98126984,80.23773956,79519,79529,10
12.98124981,80.23712158,79529,79539,10
12.98122025,80.23623657,79539,79549,10
12.98118973,80.23535919,79549,79559,10
12.98120022,80.23445892,79559,79569,10
12.98147964,80.23368835,79569,79579,10
12.98165989,80.23326111,79579,79589,10
12.98173046,80.23313141,79589,79599,10
12.98192024,80.23265076,79599,79608,9
12.98196983,80.23204041,79608,79620,12
12.98190022,80.23123932,79620,79630,10
12.98167992,80.23069,79630,79640,10
12.98130989,80.23005676,79640,79650,10
12.98095036,80.22949982,79650,79660,10
12.98071003,80.22911072,79660,79670,10
12.98064041,80.22899628,79670,79680,10
12.98044968,80.22865295,79680,79690,10
12.98027992,80.22831726,79690,79700,10
12.97996044,80.22776031,79700,79710,10
12.9795599,80.2270813,79710,79720,10
12.97924995,80.22657013,79720,79731,11
12.97879982,80.22580719,79731,79741,10
12.97842979,80.22519684,79741,79751,10
12.97805023,80.22460938,79751,79761,10
12.97778988,80.22425842,79761,79771,10
12.97770023,80.22411346,79771,79781,10
12.97735977,80.22354889,79781,79791,10
12.97700977,80.2229538,79791,79801,10
12.97704029,80.22270966,79801,79811,10
12.97716999,80.22270203,79811,79821,10
12.97743034,80.22267914,79821,79831,10
12.97745991,80.22218323,79831,79842,11
12.97743034,80.22148132,79842,79852,10
12.97741985,80.22126007,79852,79862,10
12.97762966,80.22119904,79862,79872,10
12.97823048,80.22119904,79872,79882,10
12.97900963,80.22115326,79882,79892,10
12.97982979,80.22107697,79892,79902,10
12.98060036,80.2210083,79902,79912,10
12.98122025,80.221138,79912,79922,10
12.98171997,80.22145081,79922,79932,10
12.9821701,80.22176361,79932,79942,10
12.98248959,80.22187805,79942,79952,10
12.98289967,80.22202301,79952,79963,11
12.98311043,80.22212982,79963,79973,10
12.98359013,80.22248077,79973,79983,10
12.98416042,80.22279358,79983,79993,10
12.98451042,80.22303772,79993,80003,10
12.98509026,80.22329712,80003,80013,10
12.98552036,80.22315216,80013,80023,10
12.98614025,80.22299194,80023,80033,10
12.98672009,80.22303009,80033,80043,10
12.98713017,80.2230835,80043,80053,10
12.98754025,80.22309875,80053,80063,10
12.98803043,80.2228775,80063,80074,11
12.9886198,80.22238922,80074,80084,10
12.98904037,80.22187805,80084,80094,10
12.98945999,80.22132111,80094,80104,10
12.98997021,80.22071838,80104,80114,10
12.99042034,80.22033691,80114,80124,10
12.99055004,80.2202301,80124,80140,16
12.99123001,80.21970367,80140,80152,12
12.99137974,80.21958923,80152,80162,10
12.9917202,80.2193222,80162,80172,10
12.9921999,80.21897888,80172,80183,11
12.99275017,80.21858215,80183,80192,9
12.99318981,80.21824646,80192,80203,11
12.99365044,80.21791077,80203,80212,9
12.99388027,80.21774292,80212,80223,11
12.99409008,80.21759033,80223,80233,10
12.99425983,80.21746826,80233,80243,10
12.99444008,80.21733856,80243,80253,10
12.99466038,80.21717834,80253,80263,10
12.99499035,80.21695709,80263,80273,10
12.99536037,80.21674347,80273,80283,10
12.99600029,80.21655273,80283,80294,11
12.99645042,80.21647644,80294,80304,10
12.99683952,80.21646118,80304,80324,20
12.99683952,80.21646118,80324,80334,10
12.99715996,80.21639252,80334,80344,10
12.99728966,80.21627045,80344,80354,10
12.99750996,80.21607208,80354,80364,10
12.99783993,80.21575928,80364,80374,10
12.99829006,80.21537018,80374,80384,10
12.9988203,80.21494293,80384,80394,10
12.99915028,80.21465302,80394,80405,11
12.99958992,80.21425629,80405,80415,10
12.99997997,80.21392822,80415,80425,10
13.00051975,80.21344757,80425,80435,10
13.00102043,80.21302032,80435,80445,10
13.00164032,80.21257019,80445,80455,10
13.00224972,80.21219635,80455,80465,10
13.00279045,80.21206665,80465,80475,10
13.00360012,80.21195221,80475,80495,20
13.00360012,80.21195221,80495,80505,10
13.00370026,80.21179962,80505,80515,10
13.00366974,80.21121216,80515,80526,11
13.0035696,80.21035004,80526,80536,10
13.00349998,80.20961761,80536,80546,10
13.00362015,80.20890808,80546,80556,10
13.00407028,80.20864868,80556,80566,10
13.00479984,80.208992,80566,80582,16
13.00599003,80.20948029,80582,80594,12
13.00673962,80.20970154,80594,80624,30
13.00673962,80.20970154,80624,80635,11
13.0067997,80.20973206,80635,80645,10
13.0072403,80.20986938,80645,80654,9
13.00772953,80.20995331,80654,80668,14
13.00813961,80.20995331,80668,80678,10
13.00804996,80.20948029,80678,80688,10
13.00794029,80.20883179,80688,80698,10
13.00784969,80.20809174,80698,80708,10
13.00771046,80.20733643,80708,80718,10
13.00759983,80.20652008,80718,80728,10
13.00749969,80.20549774,80728,80738,10
13.00751019,80.20449066,80738,80762,24
13.00691986,80.20253754,80762,80774,12
13.00650978,80.20316315,80774,80784,10
13.00697994,80.20349121,80784,80792,8
13.00749016,80.20366669,80792,80804,12
13.00817966,80.20365906,80804,80814,10
13.00831985,80.20297241,80814,80824,10
13.00759029,80.20300293,80824,80834,10
13.00755978,80.20400238,80834,80844,10
13.00757027,80.20514679,80844,80854,10
13.00769997,80.20626831,80854,80865,11
13.00790024,80.20754242,80865,80875,10
13.0082798,80.20973969,80875,80885,10
13.0082798,80.20973969,80885,80895,10
13.00862026,80.21076202,80895,80905,10
13.00893021,80.21160889,80905,80915,10
13.00922966,80.21248627,80915,80925,10
13.00955009,80.21337128,80925,80935,10
13.00986004,80.21408081,80935,80945,10
13.01008987,80.21475983,80945,80955,10
13.01018047,80.21543884,80955,80966,11
13.01047993,80.21633148,80966,80975,9
13.01082039,80.21707916,80975,80987,12
13.01130962,80.21822357,80987,80997,10
13.01169014,80.21926117,80997,81007,10
13.01202965,80.22025299,81007,81017,10
13.01228046,80.22118378,81017,81027,10
13.01257992,80.22180176,81027,81037,10
13.01299953,80.22235107,81037,81047,10
13.01350021,80.22296906,81047,81057,10
13.01408005,80.22366333,81057,81067,10
13.0145998,80.22431183,81067,81078,11
13.01513004,80.22492218,81078,81088,10
13.01539993,80.22544861,81088,81098,10
13.01517963,80.22585297,81098,81108,10
13.01488972,80.22602844,81108,81118,10
13.01418018,80.22627258,81118,81128,10
13.01321983,80.22666168,81128,81138,10
13.01208973,80.22711182,81138,81148,10
13.01086044,80.22763062,81148,81158,10
13.00977039,80.22807312,81158,81168,10
13.00903988,80.22873688,81168,81185,17
13.00864029,80.23081207,81185,81197,12
13.00835991,80.23226166,81197,81207,10
13.00823021,80.23297882,81207,81217,10
13.00807953,80.23384857,81217,81227,10
13.00794029,80.23448181,81227,81237,10
13.00782013,80.2350769,81237,81246,9
13.00769043,80.23574066,81246,81256,10
13.00749969,80.23670959,81256,81267,11
13.00724983,80.23803711,81267,81277,10
13.00704956,80.23911285,81277,81287,10
13.0068903,80.23992157,81287,81297,10
13.00683975,80.24043274,81297,81308,11
13.00673008,80.24108887,81308,81318,10
13.00667953,80.24179077,81318,81328,10
13.00667,80.24256134,81328,81338,10
13.00662994,80.24331665,81338,81348,10
13.00660992,80.24407959,81348,81358,10
13.00662041,80.24487305,81358,81368,10
13.00664043,80.24571228,81368,81378,10
13.00667,80.24646759,81378,81388,10
13.00667953,80.24726868,81388,81398,10
13.00667,80.24813843,81398,81408,10
13.00671005,80.24916077,81408,81419,11
13.00675011,80.25028992,81419,81429,10
13.00675964,80.251091,81429,81439,10
13.00673962,80.25141907,81439,81449,10
13.00664043,80.25182343,81449,81459,10
13.00650024,80.25244904,81459,81469,10
13.00648022,80.25311279,81469,81479,10
13.00648975,80.25383759,81479,81489,10
13.00652027,80.25463867,81489,81499,10
13.0065403,80.25550079,81499,81509,10
13.0065403,80.25637054,81509,81519,10
13.00656986,80.25720978,81519,81530,11
13.00629997,80.25760651,81530,81540,10
13.00564003,80.25743866,81540,81550,10
13.00504017,80.25727844,81550,81560,10
13.00444031,80.25714111,81560,81570,10
13.00382996,80.25700378,81570,81580,10
13.00325966,80.25688934,81580,81590,10
13.00269985,80.25679016,81590,81600,10
13.00207043,80.25668335,81600,81610,10
13.00142956,80.2565918,81610,81620,10
13.00070953,80.25649261,81620,81630,10
12.99997997,80.25636292,81630,81641,11
12.9993,80.25623322,81641,81651,10
12.99897003,80.25615692,81651,81661,10
12.99884033,80.2561264,81661,81671,10
12.99857998,80.25608063,81671,81681,10
12.99829006,80.25604248,81681,81691,10
12.99798965,80.25598907,81691,81701,10
12.99763966,80.256073,81701,81812,111
12.99763966,80.256073,81812,81822,10
12.99765968,80.25626373,81822,81832,10
12.9976902,80.2565918,81832,82599,767
12.99787045,80.2564621,82599,83033,434
12.99767017,80.25659943,83033,83891,858
12.99763966,80.2569809,83891,84022,131
12.99763966,80.2569809,84022,84032,10
12.9974699,80.25707245,84032,84052,20
12.9974699,80.25707245,84052,84062,10
12.99732971,80.25708771,84062,85999,1937
12.99732971,80.25708771,85999,86009,10
