12.99238014,80.23377228,13,13,0
12.99310017,80.23397827,13,23,10
12.99365044,80.23429108,23,33,10
12.99431992,80.23474884,33,43,10
12.99520969,80.2352066,43,54,11
12.99584961,80.23578644,54,64,10
12.99641037,80.23670959,64,74,10
12.99687004,80.2375412,74,84,10
12.99715042,80.23795319,84,94,10
12.99750996,80.23764801,94,104,10
12.99827003,80.2381134,104,478,374
12.99812984,80.23821259,478,589,111
12.99827957,80.2382431,589,690,101
12.99816036,80.23825836,690,802,112
12.99835014,80.23821259,802,822,20
12.99835014,80.23821259,822,832,10
12.9981699,80.23813629,832,842,10
12.99783993,80.23780823,842,852,10
12.99728012,80.23729706,852,862,10
12.99687958,80.23668671,862,872,10
12.99645996,80.2360611,872,882,10
12.99598026,80.23548889,882,893,11
12.99545956,80.23486328,893,903,10
12.99503994,80.23417664,903,913,10
12.99460983,80.23358154,913,923,10
12.9939003,80.23345947,923,933,10
12.99357033,80.23319244,933,943,10
12.99368,80.23262024,943,953,10
12.99353981,80.23216248,953,963,10
12.99289989,80.23200989,963,973,10
12.9921999,80.23171234,973,984,11
12.99162006,80.23171234,984,994,10
12.99098015,80.23191833,994,1004,10
12.99088001,80.23149109,1004,1014,10
12.99083042,80.23088074,1014,1024,10
12.99077034,80.23020172,1024,1034,10
12.99073029,80.22966766,1034,1044,10
12.99069977,80.22956848,1044,1054,10
12.99077988,80.22939301,1054,1075,21
12.99077988,80.22939301,1075,1085,10
12.99077988,80.22955322,1085,1095,10
12.99085045,80.23021698,1095,1105,10
12.99088955,80.23097229,1105,1115,10
12.99094009,80.23168182,1115,1125,10
12.99106979,80.23249817,1125,1135,10
12.99125957,80.23312378,1135,1145,10
12.99158955,80.23362732,1145,1155,10
12.99203968,80.23368835,1155,1166,11
12.99289989,80.23377991,1166,1176,10
12.99345016,80.23404694,1176,1186,10
12.99402046,80.23449707,1186,1196,10
12.99464989,80.23486328,1196,1206,10
12.99516964,80.23513794,1206,1216,10
12.99565029,80.2355423,1216,1226,10
12.9962101,80.23619843,1226,1236,10
12.99664021,80.23706055,1236,1246,10
12.99703026,80.23767853,1246,1256,10
12.99736023,80.23780823,1256,1267,11
12.9976902,80.23761749,1267,1277,10
12.99825001,80.23808289,1277,1307,30
12.99825001,80.23808289,1307,1317,10
12.99810028,80.23806763,1317,1327,10
12.99779034,80.23777008,1327,1337,10
12.99732971,80.23735809,1337,1347,10
12.99685955,80.23670959,1347,1358,11
12.99633026,80.23597717,1358,1368,10
12.99578953,80.23532104,1368,1378,10
12.99526978,80.23468781,1378,1388,10
12.99495983,80.23391724,1388,1398,10
12.99429989,80.23349762,1398,1408,10
12.99365997,80.23336029,1408,1418,10
12.99363995,80.23296356,1418,1428,10
12.99372005,80.23236084,1428,1438,10
12.99312019,80.23206329,1438,1449,11
12.99228954,80.23169708,1449,1459,10
12.99174023,80.23168182,1459,1469,10
12.99104023,80.23193359,1469,1479,10
12.99088955,80.23158264,1479,1489,10
12.9907999,80.23097992,1489,1499,10
12.99077034,80.23023224,1499,1509,10
12.99079037,80.22939301,1509,1529,20
12.99079037,80.22939301,1529,1540,11
12.99077034,80.22958374,1540,1570,30
12.99077034,80.22958374,1570,1580,10
12.99077988,80.22973633,1580,1590,10
12.99083996,80.23036194,1590,1600,10
12.99085999,80.23104095,1600,1610,10
12.99094009,80.23175049,1610,1620,10
12.99106026,80.2325592,1620,1631,11
12.99131966,80.23323059,1631,1641,10
12.99192047,80.23370361,1641,1651,10
12.99244022,80.23374176,1651,1661,10
12.99322033,80.23394012,1661,1671,10
12.99437046,80.23480988,1671,1681,10
12.99437046,80.23480988,1681,1691,10
12.99522972,80.23525238,1691,1701,10
12.99577045,80.23564911,1701,1711,10
12.99635029,80.23641968,1711,1721,10
12.99685001,80.23739624,1721,1732,11
12.99720001,80.23786163,1732,1743,11
12.99750042,80.23761749,1743,1753,10
12.99825954,80.23806763,1753,1783,30
12.99825954,80.23806763,1783,1793,10
12.99816036,80.23812866,1793,1803,10
12.99779034,80.23773956,1803,1812,9
12.99740028,80.23789978,1812,1824,12
12.99695969,80.23761749,1824,1834,10
12.99668026,80.23693085,1834,1844,10
12.99598026,80.23593903,1844,1854,10
12.99526978,80.23532104,1854,1864,10
12.99485016,80.23509979,1864,1874,10
12.99409962,80.23471832,1874,1884,10
12.99357986,80.23426056,1884,1894,10
12.99306011,80.23397064,1894,1904,10
12.99213028,80.23381805,1904,1915,11
12.99149036,80.23384857,1915,1925,10
12.99108028,80.23364258,1925,1935,10
12.99094009,80.233078,1935,2006,71
12.99104023,80.23312378,2006,2066,60
12.99100971,80.23314667,2066,2107,41
12.99104977,80.23312378,2107,2430,323
12.99104977,80.23312378,2430,2440,10
12.99112034,80.23297882,2440,2491,51
12.99122047,80.23310852,2491,2622,131
12.99110031,80.23323059,2622,2642,20
12.99106979,80.23319244,2642,2986,344
12.99098015,80.23300171,2986,3138,152
12.99098015,80.23300171,3138,3148,10
12.99098015,80.23293304,3148,4452,1304
12.99077034,80.23297119,4452,4573,121
12.99106979,80.2329483,4573,4604,31
12.99106979,80.2329483,4604,4614,10
12.99106979,80.23304749,4614,4846,232
12.99106979,80.23304749,4846,4856,10
12.99092007,80.23312378,4856,5038,182
12.99090958,80.23301697,5038,5089,51
12.99090958,80.23301697,5089,5099,10
12.99088001,80.23345947,5099,5109,10
12.99050045,80.23339844,5109,5119,10
12.98987961,80.23317719,5119,5129,10
12.98937035,80.23304749,5129,5139,10
12.98851013,80.23300934,5139,5150,11
12.98787022,80.23320007,5150,5160,10
12.98754978,80.23314667,5160,5170,10
12.98754978,80.23261261,5170,5180,10
12.98770046,80.23169708,5180,5190,10
12.98801994,80.23092651,5190,5200,10
12.98820972,80.23046875,5200,5210,10
12.98830032,80.23014832,5210,5220,10
12.98851967,80.22958374,5220,5230,10
12.98869991,80.22888947,5230,5241,11
12.98910046,80.22823334,5241,5251,10
12.98964024,80.22789764,5251,5261,10
12.99003983,80.22767639,5261,5271,10
12.99024963,80.22812653,5271,5281,10
12.99050045,80.2288208,5281,5291,10
12.99067974,80.22943115,5291,5301,10
12.99081993,80.23013306,5301,5311,10
12.99090958,80.23104095,5311,5321,10
12.99096966,80.23161316,5321,5331,10
12.99114037,80.23259735,5331,5342,11
12.99137974,80.23326874,5342,5352,10
12.99178028,80.23368835,5352,5362,10
12.99225998,80.23377228,5362,5372,10
12.99283981,80.23391724,5372,5382,10
12.99347019,80.23419189,5382,5392,10
12.99398994,80.23455811,5392,5402,10
12.99470043,80.23499298,5402,5412,10
12.99530029,80.23535156,5412,5422,10
12.99592972,80.23589325,5422,5433,11
12.99648952,80.236763,5433,5443,10
12.99693966,80.23758698,5443,5453,10
12.99719048,80.2379837,5453,5463,10
12.99742031,80.2378006,5463,5473,10
12.9976902,80.2376709,5473,5483,10
12.99814034,80.23799896,5483,5493,10
12.99835968,80.23819733,5493,5513,20
12.99835968,80.23819733,5513,5524,11
12.99818993,80.23806763,5524,5534,10
12.99787998,80.23774719,5534,5544,10
12.99752045,80.23789215,5544,5554,10
12.99722004,80.23796844,5554,5564,10
12.99683952,80.23739624,5564,5574,10
12.99635983,80.23655701,5574,5584,10
12.99578953,80.2358017,5584,5594,10
12.9951601,80.2352829,5594,5604,10
12.99456024,80.23491669,5604,5615,11
12.9939003,80.23446655,5615,5625,10
12.99343014,80.23413849,5625,5635,10
12.99281025,80.23390198,5635,5645,10
12.99203968,80.2338028,5645,5655,10
12.99158955,80.23384857,5655,5665,10
12.99106026,80.23355865,5665,5675,10
12.99088001,80.233078,5675,5695,20
12.99088001,80.233078,5695,5706,11
12.99073982,80.2328186,5706,5736,30
12.99075985,80.2329483,5736,5817,81
12.99075985,80.2329483,5817,5827,10
12.99085045,80.23303986,5827,6069,242
12.99085045,80.23303986,6069,6080,11
12.99098015,80.23342133,6080,6090,10
12.99139023,80.23355103,6090,6100,10
12.99195957,80.23371887,6100,6110,10
12.99250984,80.2338028,6110,6120,10
12.99324036,80.23401642,6120,6130,10
12.99374962,80.23432922,6130,6140,10
12.99427986,80.23471832,6140,6150,10
12.99508953,80.23525238,6150,6160,10
12.99561977,80.23561096,6160,6171,11
12.99629974,80.23648071,6171,6181,10
12.99680996,80.23738098,6181,6191,10
12.99713993,80.23789978,6191,6201,10
12.99738026,80.23782349,6201,6211,10
12.99771976,80.23764801,6211,6221,10
12.99812984,80.23799133,6221,6231,10
12.99825954,80.23815155,6231,6251,20
12.99825954,80.23815155,6251,6262,11
12.99808025,80.23796844,6262,6272,10
12.99771023,80.23770905,6272,6282,10
12.99740982,80.2379303,6282,6292,10
12.9971199,80.23777771,6292,6302,10
12.99682045,80.23722839,6302,6312,10
12.99631023,80.23645782,6312,6322,10
12.99577045,80.23570251,6322,6332,10
12.99520016,80.2352829,6332,6342,10
12.99466038,80.23491669,6342,6352,10
12.99378014,80.23438263,6352,6363,11
12.9932003,80.23401642,6363,6373,10
12.99246979,80.2338028,6373,6383,10
12.99190998,80.2338028,6383,6393,10
12.99129009,80.23370361,6393,6403,10
12.99088001,80.23306274,6403,7060,657
12.99088001,80.23306274,7060,7070,10
12.99094963,80.23336792,7070,7080,10
12.99125004,80.23352051,7080,7090,10
12.99129963,80.23313141,7090,7101,11
12.99106026,80.23262787,7101,7111,10
12.99094009,80.23210144,7111,7121,10
12.99085999,80.23139954,7121,7131,10
12.99073029,80.23069763,7131,7141,10
12.99065018,80.22979736,7141,7151,10
12.99044037,80.22888947,7151,7161,10
12.99032021,80.22836304,7161,7171,10
12.99011993,80.22769928,7171,7181,10
12.9900198,80.22691345,7181,7192,11
12.98999023,80.22614288,7192,7202,10
12.98978043,80.22531891,7202,7212,10
12.9895401,80.22464752,7212,7222,10
12.98945999,80.22406006,7222,7232,10
12.98927975,80.22354126,7232,7242,10
12.98886013,80.22335815,7242,7252,10
12.98841953,80.22383881,7252,20258,13006
12.98843002,80.22374725,20258,20460,202
12.98841953,80.22377777,20460,27836,7376
12.98845959,80.22382355,27836,27977,141
12.98838043,80.22383118,27977,29332,1355
12.98851013,80.22382355,29332,29443,111
12.98845959,80.22382355,29443,30697,1254
12.98841,80.22389221,30697,31000,303
12.98838997,80.22379303,31000,31536,536
12.98828983,80.22370911,31536,32921,1385
12.98828983,80.22370911,32921,32931,10
12.98853016,80.22344208,32931,32941,10
12.98873997,80.22328949,32941,32951,10
12.98933983,80.22348785,32951,32961,10
12.98950005,80.22409058,32961,32972,11
12.98966026,80.22496796,32972,32982,10
12.99009991,80.2258606,32982,32992,10
12.99007034,80.22647858,32992,33002,10
12.99018002,80.22724915,33002,33012,10
12.99040031,80.22817993,33012,33021,9
12.99057007,80.22882843,33021,33032,11
12.99079037,80.22966766,33032,33042,10
12.99116039,80.22991943,33042,33052,10
12.99155998,80.22981262,33052,33073,21
12.99155998,80.22981262,33073,33083,10
12.99123001,80.2299118,33083,33265,182
12.99123001,80.2299118,33265,33275,10
12.99098015,80.2299881,33275,33285,10
12.99085999,80.23007202,33285,33295,10
12.99092007,80.23066711,33295,33305,10
12.99094963,80.23117065,33305,33315,10
12.9910202,80.231987,33315,33325,10
12.99120045,80.23288727,33325,33335,10
12.99151993,80.23352051,33335,33346,11
12.99135017,80.23370361,33346,33356,10
12.99077988,80.23348236,33356,33366,10
12.98993015,80.23313904,33366,33376,10
12.98931026,80.23290253,33376,33386,10
12.98830032,80.23291016,33386,33396,10
12.98768044,80.23313141,33396,33406,10
12.98692036,80.23326874,33406,33416,10
12.98635006,80.23332977,33416,33426,10
12.98618984,80.23394012,33426,33437,11
12.98626995,80.23461914,33437,33447,10
12.98653984,80.23516846,33447,33457,10
12.98641968,80.23526001,33457,34518,1061
12.98641968,80.23526001,34518,34528,10
12.98633003,80.23491669,34528,34538,10
12.98616982,80.23452759,34538,34549,11
12.98612022,80.23397827,34549,34559,10
12.98612022,80.23343658,34559,34569,10
12.98676968,80.23329926,34569,34579,10
12.98742962,80.23323059,34579,34589,10
12.98795033,80.23303223,34589,34599,10
12.98880005,80.23288727,34599,34609,10
12.98960972,80.23303986,34609,34619,10
12.99009991,80.2332077,34619,34629,10
12.99085045,80.23342133,34629,34640,11
12.99145985,80.23349762,34640,34650,10
12.99193954,80.2336731,34650,34660,10
12.99244976,80.23371887,34660,34670,10
12.9932003,80.23390961,34670,34680,10
12.99368954,80.23417664,34680,34690,10
12.99423981,80.23458862,34690,34700,10
12.99497986,80.23506165,34700,34710,10
12.99553967,80.23542023,34710,34720,10
12.99612045,80.23600769,34720,34731,11
12.99670982,80.23705292,34731,34741,10
12.99707985,80.23770905,34741,34751,10
12.99746037,80.23835754,34751,34761,10
12.99800014,80.2388382,34761,34771,10
12.99870014,80.23914337,34771,34781,10
12.99934959,80.23930359,34781,34791,10
13.00026035,80.23947906,34791,34801,10
13.00117016,80.23959351,34801,34811,10
13.00191975,80.23979187,34811,34822,11
13.00267982,80.2400589,34822,34832,10
13.00354958,80.24040985,34832,34842,10
13.00397015,80.24141693,34842,34852,10
13.00477028,80.24182129,34852,34862,10
13.00545025,80.24166107,34862,34872,10
13.0058403,80.24137115,34872,34882,10
13.00625992,80.24133301,34882,34892,10
13.00650024,80.24127197,34892,34902,10
13.00660038,80.24105835,34902,34913,11
13.00664997,80.24066925,34913,34923,10
13.00666046,80.24046326,34923,34933,10
13.00689983,80.240242,34933,34943,10
13.00743961,80.24028778,34943,34953,10
13.00817966,80.2403717,34953,34963,10
13.00914955,80.24040222,34963,34973,10
13.01027966,80.24040985,34973,34983,10
13.0113802,80.24035645,34983,34993,10
13.01239967,80.24035645,34993,35004,11
13.0134697,80.24034882,35004,35015,11
13.01469994,80.24040985,35015,35025,10
13.01597977,80.24059296,35025,35035,10
13.01710987,80.24082184,35035,35045,10
13.01811981,80.24107361,35045,35055,10
13.01869011,80.24127197,35055,35065,10
13.01941013,80.24147034,35065,35075,10
13.02011013,80.24167633,35075,35085,10
13.02095985,80.24194336,35085,35095,10
13.02184963,80.24226379,35095,35106,11
13.0228796,80.24259186,35106,35116,10
13.02369022,80.24285126,35116,35126,10
13.02439976,80.24310303,35126,35136,10
13.02525043,80.24342346,35136,35146,10
13.02606964,80.24371338,35146,35156,10
13.02680969,80.24394989,35156,35166,10
13.02748013,80.24449158,35166,35176,10
13.02770042,80.24497986,35176,35186,10
13.02779961,80.24449921,35186,35197,11
13.02785969,80.24384308,35197,35207,10
13.02799988,80.24336243,35207,35217,10
13.02810001,80.24308014,35217,35227,10
13.02816963,80.24291229,35227,35237,10
13.02832031,80.24230957,35237,35247,10
13.02859974,80.24185944,35247,35257,10
13.02941036,80.24201202,35257,35267,10
13.02997971,80.24208069,35267,35277,10
13.0301199,80.2419281,35277,35288,11
13.03054047,80.24088287,35288,35298,10
13.03081036,80.23995972,35298,35308,10
13.03055954,80.23903656,35308,35318,10
13.02991962,80.2378006,35318,35328,10
13.02902031,80.23667908,35328,35338,10
13.02810001,80.23564148,35338,35348,10
13.02725983,80.23428345,35348,35358,10
13.02667046,80.23327637,35358,35368,10
13.02639961,80.23262024,35368,35379,11
13.02630043,80.23233795,35379,35389,10
13.02618027,80.23188019,35389,35399,10
13.0261097,80.23152161,35399,35550,151
13.0261097,80.23152161,35550,35560,10
13.02639008,80.23120117,35560,35571,11
13.02692032,80.2310791,35571,35581,10
13.02748013,80.2309494,35581,35591,10
13.02797985,80.23090363,35591,35601,10
13.02830029,80.23087311,35601,35611,10
13.0285902,80.23085785,35611,35621,10
13.02873039,80.23085785,35621,35631,10
13.02902031,80.23081207,35631,35641,10
13.02943993,80.23078156,35641,35651,10
13.02991962,80.23072052,35651,35682,31
13.02991962,80.23072052,35682,35692,10
13.03005028,80.23069,35692,35702,10
13.03034973,80.23068237,35702,35712,10
13.03063965,80.23065948,35712,35722,10
13.03094006,80.23062897,35722,35732,10
13.03120041,80.23062134,35732,35742,10
13.03180981,80.23059082,35742,35753,11
13.0325098,80.23055267,35753,35763,10
13.03345013,80.23049927,35763,35803,40
13.03345013,80.23049927,35803,35813,10
13.03372002,80.2305069,35813,35823,10
13.03419971,80.23045349,35823,35833,10
13.03474045,80.23032379,35833,35844,11
13.03540039,80.23032379,35844,35854,10
13.03606987,80.23052216,35854,35864,10
13.03654003,80.23066711,35864,35874,10
13.03697968,80.2308197,35874,35884,10
13.03787994,80.23105621,35884,35894,10
13.03888988,80.23136902,35894,35904,10
13.03971958,80.23158264,35904,35914,10
13.04043961,80.23178101,35914,35924,10
13.04117966,80.23207092,35924,35935,11
13.04203033,80.23226929,35935,35945,10
13.04308987,80.23232269,35945,35955,10
13.0440197,80.23236847,35955,35965,10
13.04485989,80.23252869,35965,35975,10
13.04555988,80.23265076,35975,35985,10
13.04646015,80.23281097,35985,35995,10
13.04703999,80.23294067,35995,36005,10
13.04743958,80.23303986,36005,36015,10
13.04792023,80.23313904,36015,36025,10
13.04823971,80.23322296,36025,36036,11
13.04848003,80.2332077,36036,36046,10
13.04905033,80.23329926,36046,36056,10
13.04975033,80.23348236,36056,36066,10
13.0504303,80.2336731,36066,36076,10
13.05115032,80.23381805,36076,36086,10
13.05171967,80.23391724,36086,36096,10
13.05245018,80.23412323,36096,36106,10
13.05323029,80.23433685,36106,36116,10
13.05373001,80.23442078,36116,36127,11
13.05387974,80.23394012,36127,36137,10
13.05397987,80.23312378,36137,36147,10
13.05401993,80.23258209,36147,36157,10
13.05403996,80.23223877,36157,36167,10
13.05408001,80.23182678,36167,36177,10
13.05410004,80.23145294,36177,36187,10
13.05410004,80.23103333,36187,36197,10
13.05408955,80.23049927,36197,36207,10
13.05408955,80.23001862,36207,36218,11
13.05408955,80.22955322,36218,36228,10
13.05407047,80.22889709,36228,36238,10
13.05403996,80.2281723,36238,36248,10
13.05397987,80.22750854,36248,36258,10
13.05389023,80.22686005,36258,36268,10
13.05379963,80.22625732,36268,36278,10
13.05366039,80.22557831,36278,36288,10
13.0535202,80.224823,36288,36298,10
13.05348969,80.22438049,36298,36359,61
13.05348969,80.22438049,36359,36369,10
13.05354977,80.22427368,36369,36379,10
13.05346012,80.22403717,36379,36389,10
13.05309963,80.22395325,36389,36400,11
13.05241013,80.22383118,36400,36410,10
13.05195045,80.22377777,36410,36420,10
13.05152035,80.22373199,36420,36430,10
13.05105972,80.22364807,36430,36440,10
13.05049038,80.22348022,36440,36450,10
13.05004025,80.22338867,36450,36460,10
13.04971981,80.22332764,36460,36470,10
13.04940033,80.22325134,36470,36480,10
13.04893017,80.22319794,36480,36693,213
13.04893017,80.22319794,36693,36703,10
13.04874039,80.22306824,36703,36713,10
13.04878998,80.22264099,36713,36723,10
13.04878998,80.22229767,36723,36733,10
13.04883957,80.22181702,36733,36743,10
13.04883003,80.22168732,36743,36753,10
13.0487299,80.22161865,36753,36763,10
13.04848003,80.22158051,36763,36774,11
13.04804039,80.22149658,36774,36814,40
13.04804039,80.22149658,36814,36824,10
13.04778004,80.22167969,36824,37036,212
13.04778004,80.22167969,37036,37047,11
13.04775047,80.22184753,37047,37057,10
13.04767036,80.2220993,37057,37067,10
13.04757023,80.22248077,37067,37077,10
13.04743958,80.22289276,37077,37087,10
13.0473299,80.22332764,37087,37097,10
13.04724979,80.22376251,37097,37107,10
13.04712963,80.22428894,37107,37117,10
13.04701042,80.22473907,37117,37127,10
13.04687977,80.22530365,37127,37137,10
13.04671955,80.22608185,37137,37158,21
13.04671955,80.22608185,37158,37168,10
13.0471096,80.22631836,37168,37178,10
13.04757977,80.22647858,37178,37188,10
13.04800034,80.22662354,37188,37198,10
13.04848957,80.22673035,37198,37208,10
13.04905987,80.22689056,37208,37218,10
13.04965973,80.22693634,37218,37228,10
13.05029964,80.22707367,37228,37239,11
13.05064964,80.22714233,37239,37249,10
13.05078983,80.22721863,37249,37269,20
13.05066967,80.22762299,37269,37400,131
13.05066967,80.22762299,37400,37410,10
13.05055046,80.22798157,37410,37421,11
13.05051994,80.22821808,37421,37431,10
13.05045986,80.22846222,37431,37451,20
13.05045986,80.22846222,37451,37461,10
13.05064011,80.22859192,37461,37471,10
13.05090046,80.22862244,37471,39736,2265
13.05105019,80.22853088,39736,40393,657
13.05113983,80.22865295,40393,40443,50
13.05101013,80.22853088,40443,42223,1780
13.05101967,80.22859192,42223,42415,192
13.05101967,80.22852325,42415,43132,717
13.05101967,80.22852325,43132,43142,10
13.05121994,80.22862244,43142,43153,11
13.05146027,80.2286377,43153,43163,10
13.05171967,80.22869873,43163,43173,10
13.05200958,80.2287674,43173,43183,10
13.0520401,80.22904205,43183,43193,10
13.05193043,80.22939301,43193,43203,10
13.05187988,80.22984314,43203,43213,10
13.05179024,80.2301178,43213,43223,10
13.05152988,80.23020172,43223,43233,10
13.05076981,80.23014069,43233,43244,11
13.05000019,80.23008728,43244,43254,10
13.0493803,80.23008728,43254,43264,10
13.04881954,80.23008728,43264,43274,10
13.04829979,80.23007965,43274,43284,10
13.04788017,80.23029327,43284,43294,10
13.04763031,80.23088074,43294,43304,10
13.0475502,80.23166656,43304,43314,10
13.04743004,80.23240662,43314,43324,10
13.04738998,80.23294067,43324,43335,11
13.04788017,80.23306274,43335,43345,10
13.04852009,80.23310089,43345,43355,10
13.04891968,80.23330688,43355,43365,10
13.04887009,80.23390961,43365,43375,10
13.04880047,80.23448181,43375,43385,10
13.04827976,80.23442078,43385,43395,10
13.04806042,80.23452759,43395,43405,10
13.04796028,80.23500824,43405,43415,10
13.04776955,80.23564911,43415,43426,11
13.04765034,80.23586273,43426,43436,10
13.04718018,80.23578644,43436,43446,10
13.04708004,80.23568726,43446,43456,10
13.04716015,80.23483276,43456,43466,10
13.0472002,80.23397827,43466,43476,10
13.04724979,80.2334137,43476,43486,10
13.04730034,80.23323059,43486,43496,10
13.04724979,80.23310089,43496,43506,10
13.04656982,80.23301697,43506,43517,11
13.04535961,80.23281097,43517,43527,10
13.04456043,80.23264313,43527,43537,10
13.04360008,80.23242188,43537,43547,10
13.04232025,80.23230743,43547,43557,10
13.04096031,80.23204041,43557,43567,10
13.03971958,80.23168182,43567,43577,10
13.03876019,80.23142242,43577,43587,10
13.03791046,80.23116302,43587,43597,10
13.03717041,80.23088074,43597,43607,10
13.03689003,80.23082733,43607,43618,11
13.03649044,80.23062897,43618,43628,10
13.03647041,80.23061371,43628,43638,10
13.03617001,80.23052216,43638,43648,10
13.03569031,80.23040771,43648,43658,10
13.03524017,80.23033905,43658,43668,10
13.03454018,80.23042297,43668,43709,41
13.03454018,80.23042297,43709,43719,10
13.03431034,80.23049164,43719,43729,10
13.03392982,80.23046112,43729,43739,10
13.03334045,80.2305069,43739,43749,10
13.03265953,80.23058319,43749,43759,10
13.03195953,80.23065948,43759,43769,10
13.03149986,80.23069763,43769,43830,61
13.03149986,80.23069763,43830,43840,10
13.03131008,80.23062897,43840,43850,10
13.03100014,80.23066711,43850,43860,10
13.03087044,80.23072815,43860,43870,10
13.03063965,80.23075867,43870,43880,10
13.0302496,80.23079681,43880,43891,11
13.02980042,80.23084259,43891,43901,10
13.02921963,80.23088837,43901,43911,10
13.02842045,80.23095703,43911,43921,10
13.02777004,80.23104095,43921,43931,10
13.02760029,80.23130798,43931,43941,10
13.02762985,80.23184967,43941,43951,10
13.0278101,80.23262024,43951,44032,81
13.0278101,80.23262024,44032,44042,10
13.02764988,80.23287964,44042,44052,10
13.0272398,80.23294067,44052,44062,10
13.02703953,80.23296356,44062,44103,41
13.02703953,80.23296356,44103,44113,10
13.02684021,80.23332214,44113,44123,10
13.02715015,80.2338562,44123,44133,10
13.02754021,80.23455048,44133,44143,10
13.02783966,80.23516846,44143,44153,10
13.02822971,80.23571014,44153,44163,10
13.02890015,80.2364502,44163,44174,11
13.02956963,80.23716736,44174,44184,10
13.02995968,80.23777771,44184,44194,10
13.03069019,80.23898315,44194,44254,60
13.03069019,80.23898315,44254,44265,11
13.03079033,80.23915863,44265,44275,10
13.03089046,80.23937225,44275,44285,10
13.03098011,80.2395401,44285,44295,10
13.03096008,80.24004364,44295,44305,10
13.0306797,80.24069977,44305,44315,10
13.03030014,80.24147797,44315,44325,10
13.02997017,80.24214172,44325,44335,10
13.02968025,80.24308777,44335,44345,10
13.02958965,80.24385834,44345,44356,11
13.02954006,80.24463654,44356,44396,40
13.02954006,80.24463654,44396,44406,10
13.02956009,80.24498749,44406,44416,10
13.02950001,80.24564362,44416,44426,10
13.02912045,80.24575043,44426,44436,10
13.02847958,80.2457428,44436,44447,11
13.02785969,80.24549866,44447,44457,10
13.02750015,80.24478912,44457,44467,10
13.02682972,80.24404144,44467,44477,10
13.02569008,80.24365997,44477,44487,10
13.02470016,80.24333191,44487,44497,10
13.02396011,80.24308777,44497,44507,10
13.02324963,80.24285126,44507,44517,10
13.02229977,80.24253845,44517,44527,10
13.02134037,80.24220276,44527,44537,10
13.02058029,80.24194336,44537,44548,11
13.02011013,80.24176025,44548,44558,10
13.01968002,80.24160767,44558,44568,10
13.01918983,80.24147034,44568,44578,10
13.01844025,80.24124908,44578,44608,30
13.01825047,80.24118805,44608,44639,31
13.01825047,80.24118805,44639,44649,10
13.01823997,80.24115753,44649,44659,10
13.01768017,80.24098206,44659,44669,10
13.01673031,80.24082184,44669,44679,10
13.01580048,80.24066925,44679,44689,10
13.01517963,80.2405777,44689,44699,10
13.01403999,80.24041748,44699,44709,10
13.01239967,80.24046326,44709,44719,10
13.0106802,80.24050903,44719,44730,11
13.0093298,80.24053192,44730,44740,10
13.00813007,80.2405014,44740,44750,10
13.00716972,80.24037933,44750,44760,10
13.00677967,80.24063873,44760,44770,10
13.00662041,80.24160004,44770,44780,10
13.00658035,80.24273682,44780,44790,10
13.00652027,80.24371338,44790,44800,10
13.00646019,80.24462128,44800,44810,10
13.00658989,80.24578094,44810,44821,11
13.00667953,80.24655914,44821,44831,10
13.00673962,80.24681854,44831,44841,10
13.00673962,80.24701691,44841,44851,10
13.00664043,80.24720001,44851,44861,10
13.00664043,80.24719238,44861,44871,10
13.00666046,80.2466507,44871,44881,10
13.00664997,80.24545288,44881,44891,10
13.00660038,80.24450684,44891,44901,10
13.00654984,80.24410248,44901,44912,11
13.0065403,80.24371338,44912,44922,10
13.00650978,80.24337769,44922,44932,10
13.00652027,80.2427597,44932,44942,10
13.00627995,80.2425766,44942,44952,10
13.00557995,80.24221039,44952,44962,10
13.00500965,80.24183655,44962,44972,10
13.00397015,80.24172974,44972,44984,12
13.00325966,80.24156189,44984,44995,11
13.00209045,80.24143219,44995,45005,10
13.00119019,80.24118042,45005,45016,11
13.00016975,80.24093628,45016,45026,10
12.99944019,80.24079895,45026,45036,10
12.9988203,80.24066925,45036,45046,10
12.99818993,80.24046326,45046,45056,10
12.99754047,80.24024963,45056,45066,10
12.99717999,80.23975372,45066,45076,10
12.99676991,80.23906708,45076,45086,10
12.99623013,80.23840332,45086,45096,10
12.99559021,80.23757172,45096,45107,11
12.99466038,80.23706055,45107,45117,10
12.9941597,80.23665619,45117,45127,10
12.99365044,80.23612976,45127,45137,10
12.99300957,80.23573303,45137,45147,10
12.99236012,80.23506927,45147,45157,10
12.99182034,80.23445892,45157,45167,10
12.99147034,80.23403931,45167,45177,10
12.99096012,80.23364258,45177,45186,9
12.9902401,80.2333374,45186,45198,12
12.98958969,80.23309326,45198,45208,10
12.98896027,80.2329483,45208,45218,10
12.98810005,80.2329483,45218,45228,10
12.98756027,80.23317719,45228,45238,10
12.98690033,80.23327637,45238,45248,10
12.98633003,80.23325348,45248,45258,10
12.98602009,80.23364258,45258,45268,10
12.9860096,80.23417664,45268,45278,10
12.98639965,80.23503876,45278,45319,41
12.98639965,80.23503876,45319,45329,10
12.98647022,80.23516846,45329,45339,10
12.98620987,80.23470306,45339,45349,10
12.98612976,80.23388672,45349,45359,10
12.98630047,80.23339844,45359,45369,10
12.98709011,80.23332214,45369,45380,11
12.98740005,80.23282623,45380,45390,10
12.98754025,80.23184204,45390,45400,10
12.98799992,80.23072815,45400,45410,10
12.98834991,80.22975922,45410,45420,10
12.98861027,80.22907257,45420,45430,10
12.98896027,80.22828674,45430,45440,10
12.98958015,80.22789001,45440,45450,10
12.98993969,80.2276535,45450,45460,10
12.99013996,80.22740173,45460,45470,10
12.99005985,80.22663116,45470,45481,11
12.99001026,80.22583008,45481,45491,10
12.98954964,80.22492981,45491,45501,10
12.98943043,80.22432709,45501,45511,10
12.9893198,80.22371674,45511,45521,10
12.98878956,80.22338867,45521,45531,10
12.98841953,80.22348022,45531,45541,10
12.98808002,80.22374725,45541,46593,1052
12.98803997,80.22368622,46593,46643,50
12.98803997,80.22371674,46643,46785,142
12.98797989,80.22367859,46785,46997,212
12.98791027,80.22370911,46997,47846,849
12.98810959,80.22377777,47846,48018,172
12.98799038,80.22380066,48018,48220,202
12.98808002,80.22376251,48220,48392,172
12.98797035,80.22377014,48392,49413,1021
12.98806953,80.22370911,49413,49555,142
12.98799992,80.22371674,49555,50232,677
12.98810959,80.22379303,50232,50444,212
12.98803997,80.22374725,50444,50859,415
12.98797035,80.22373962,50859,50899,40
12.98791981,80.22373962,50899,51395,496
12.98816013,80.22400665,51395,51506,111
12.98801041,80.22368622,51506,52365,859
12.98801041,80.22368622,52365,52375,10
12.98791981,80.22379303,52375,52800,425
12.98799038,80.22370148,52800,59290,6490
12.98801994,80.22364807,59290,59330,40
12.98801994,80.22377777,59330,60193,863
12.98801994,80.22377777,60193,60203,10
12.98812008,80.22393799,60203,60284,81
12.98803043,80.22376251,60284,60799,515
12.98793983,80.22354126,60799,60860,61
12.98801994,80.22373199,60860,61608,748
12.98801994,80.22373199,61608,61618,10
12.98803043,80.22384644,61618,61749,131
12.98805046,80.22368622,61749,61790,41
12.98808956,80.22387695,61790,61840,50
12.98808956,80.22387695,61840,61851,11
12.98806,80.22389221,61851,61942,91
12.98803997,80.22384644,61942,61972,30
12.98806,80.22370911,61972,62225,253
12.98797035,80.22389984,62225,62255,30
12.98799992,80.22377777,62255,62376,121
12.98810005,80.22393799,62376,62508,132
12.98799992,80.22377777,62508,62558,50
12.98799992,80.22383118,62558,62942,384
12.98818016,80.22393799,62942,63013,71
12.98810005,80.22386169,63013,63418,405
12.98803043,80.22370148,63418,63468,50
12.98803043,80.22370148,63468,63478,10
12.98814011,80.22380829,63478,63579,101
12.98799992,80.22371674,63579,63660,81
12.98810959,80.22392273,63660,63751,91
12.98808956,80.22376251,63751,63893,142
12.98816013,80.22392273,63893,63974,81
12.98816013,80.22392273,63974,63984,10
12.98814964,80.22380829,63984,64519,535
12.98799992,80.22376251,64519,64924,405
12.98799992,80.22376251,64924,64934,10
12.98812962,80.22373962,64934,65369,435
12.98812962,80.22373962,65369,65379,10
12.98803997,80.22389984,65379,65510,131
12.98803997,80.22389984,65510,65520,10
12.98810005,80.22373962,65520,67576,2056
12.98810005,80.22373962,67576,67587,11
12.98820972,80.22360229,67587,67597,10
12.98845005,80.22328949,67597,67607,10
12.98890972,80.22328186,67607,67617,10
12.98935986,80.22367096,67617,67627,10
12.98943043,80.22419739,67627,67637,10
12.98956966,80.22485352,67637,67647,10
12.98993015,80.22545624,67647,67657,10
12.99005985,80.22606659,67657,67667,10
12.99005985,80.22653961,67667,67678,11
12.99018002,80.22747803,67678,67688,10
12.9903698,80.22830963,67688,67698,10
12.99055958,80.22894287,67698,67708,10
12.99073982,80.22962952,67708,67717,9
12.99087048,80.23055267,67717,67728,11
12.99092007,80.23117065,67728,67738,10
12.99096966,80.2318573,67738,67748,10
12.99110031,80.23262787,67748,67758,10
12.99131966,80.23327637,67758,67769,11
12.99158955,80.23375702,67769,67779,10
12.9911499,80.23361969,67779,67789,10
12.99088001,80.23306274,67789,68234,445
12.99088001,80.23306274,68234,68244,10
12.99100971,80.23291779,68244,68365,121
12.99100971,80.23291779,68365,68375,10
12.99092007,80.23304749,68375,69052,677
12.99092007,80.23304749,69052,69062,10
12.99092007,80.2333374,69062,69073,11
12.99118996,80.23348236,69073,69083,10
12.9912796,80.23322296,69083,69093,10
12.99116039,80.23285675,69093,69103,10
12.99100018,80.2322998,69103,69113,10
12.9909296,80.23164368,69113,69123,10
12.99081993,80.23101044,69123,69133,10
12.99075985,80.23032379,69133,69143,10
12.99067974,80.22956848,69143,69153,10
12.99048042,80.22885895,69153,69164,11
12.99032021,80.22825623,69164,69174,10
12.99022007,80.22766876,69174,69184,10
12.9900198,80.22666931,69184,69234,50
12.9900198,80.22666931,69234,69244,10
12.98995972,80.22614288,69244,69275,31
12.98995972,80.22614288,69275,69285,10
12.99007988,80.22640228,69285,69295,10
12.99013996,80.22686768,69295,69305,10
12.99022961,80.22760773,69305,69315,10
12.99042034,80.22846985,69315,69325,10
12.99061966,80.22907257,69325,69335,10
12.9907999,80.2299118,69335,69346,11
12.99088001,80.23075867,69346,69356,10
12.99090958,80.23123932,69356,69366,10
12.99096012,80.23191833,69366,69377,11
12.99112034,80.23262024,69377,69387,10
12.99135971,80.23335266,69387,69397,10
12.99151993,80.2338028,69397,69407,10
12.99110985,80.23358917,69407,69417,10
12.99088001,80.23306274,69417,70246,829
12.99088001,80.23306274,70246,70257,11
12.99088955,80.23317719,70257,70267,10
12.99098015,80.23345947,70267,70278,11
12.99145985,80.23352051,70278,70288,10
12.99186993,80.23365021,70288,70298,10
12.99230957,80.23371124,70298,70308,10
12.99293995,80.23384857,70308,70318,10
12.99337959,80.23410034,70318,70328,10
12.99378014,80.23438263,70328,70338,10
12.99429989,80.23471832,70338,70348,10
12.99491024,80.23506927,70348,70358,10
12.99543953,80.23547363,70358,70369,11
12.99602985,80.23607635,70369,70379,10
12.99643993,80.236763,70379,70389,10
12.99687958,80.23755646,70389,70399,10
12.99713039,80.23796082,70399,70409,10
12.99738979,80.23771667,70409,70419,10
12.99773026,80.2376709,70419,70429,10
12.99822044,80.23803711,70429,70490,61
12.99822044,80.23803711,70490,70500,10
12.99814034,80.23806,70500,70510,10
12.99785042,80.2378006,70510,70520,10
12.99748039,80.23770142,70520,70530,10
12.99719048,80.23792267,70530,70540,10
12.99685955,80.23745728,70540,70551,11
12.99639034,80.23661804,70551,70561,10
12.99588013,80.23587799,70561,70571,10
12.99520016,80.23529053,70571,70580,9
12.99475002,80.2350235,70580,70591,11
12.99402046,80.23461914,70591,70601,10
12.99349976,80.23420715,70601,70611,10
12.99306011,80.23397827,70611,70621,10
12.99234009,80.23377991,70621,70631,10
12.9918499,80.2337265,70631,70641,10
12.99139977,80.23371124,70641,70652,11
12.99135017,80.2335968,70652,70662,10
12.99125004,80.23317719,70662,70672,10
12.99106979,80.23268127,70672,70682,10
12.99088001,80.23191071,70682,70692,10
12.99079037,80.23104858,70692,70702,10
12.99075985,80.23033905,70702,70712,10
12.9905901,80.22942352,70712,70722,10
12.99040985,80.22870636,70722,70732,10
12.99005985,80.22772217,70732,70753,21
12.99005985,80.22772217,70753,70763,10
12.98978043,80.22782135,70763,70773,10
12.98952007,80.22798157,70773,70783,10
12.9890604,80.22817993,70783,70793,10
12.98875999,80.22873688,70793,70803,10
12.98845005,80.22953033,70803,70813,10
12.98826981,80.23005676,70813,70822,9
12.98799038,80.23095703,70822,70834,12
12.9874897,80.23203278,70834,70844,10
12.98744965,80.23297882,70844,70854,10
12.98781967,80.23303223,70854,70864,10
12.98841953,80.23285675,70864,70874,10
12.98851013,80.23285675,70874,70884,10
12.98900032,80.23290253,70884,70894,10
12.98958969,80.23306274,70894,70904,10
12.99024963,80.23329163,70904,70914,10
12.99094009,80.23348999,70914,70925,11
12.99151039,80.23358154,70925,70935,10
12.99205971,80.23370361,70935,70945,10
12.9928503,80.23384094,70945,70955,10
12.99343967,80.23412323,70955,70965,10
12.99392986,80.23449707,70965,70975,10
12.9946003,80.23490143,70975,70985,10
12.99524021,80.2352829,70985,70995,10
12.9958601,80.23580933,70995,71005,10
12.9964304,80.23665619,71005,71015,10
12.99687958,80.2375412,71015,71026,11
12.99720955,80.23796082,71026,71036,10
12.99744987,80.2376709,71036,71046,10
12.99777985,80.23773193,71046,71056,10
12.99818993,80.23802185,71056,71096,40
12.99833965,80.23813629,71096,71117,21
12.99833965,80.23813629,71117,71127,10
12.99814987,80.23806,71127,71137,10
12.99775982,80.23766327,71137,71147,10
12.99744034,80.23783875,71147,71157,10
12.9971199,80.23783112,71157,71167,10
12.99674988,80.23725891,71167,71177,10
12.99637032,80.23652649,71177,71187,10
12.99588966,80.23583221,71187,71197,10
12.99524975,80.23532867,71197,71208,11
12.99468994,80.23500824,71208,71218,10
12.99382973,80.23448181,71218,71228,10
12.99332047,80.23410034,71228,71238,10
12.99267006,80.23384094,71238,71248,10
12.99190998,80.23375702,71248,71258,10
12.99129009,80.23370361,71258,71268,10
12.99087048,80.23355103,71268,71278,10
12.99028015,80.23332214,71278,71288,10
12.98968983,80.23307037,71288,71309,21
12.98968983,80.23307037,71309,71319,10
12.98910999,80.23297882,71319,71329,10
12.98820972,80.23300171,71329,71339,10
12.98760033,80.23319244,71339,71349,10
12.98740005,80.23298645,71349,71359,10
12.98746967,80.23232269,71359,71369,10
12.98768044,80.23155975,71369,71379,10
12.98797035,80.23071289,71379,71389,10
12.98830032,80.22975159,71389,71400,11
12.98857975,80.22911835,71400,71410,10
12.98894024,80.22827148,71410,71420,10
12.98964024,80.22785187,71420,71430,10
12.99003983,80.22762299,71430,71440,10
12.99030972,80.22827148,71440,71450,10
12.99053001,80.2289505,71450,71460,10
12.99077034,80.22979736,71460,71470,10
12.99083996,80.23062897,71470,71480,10
12.99085999,80.23082733,71480,71491,11
12.99090958,80.23133087,71491,71500,9
12.99094963,80.23191071,71500,71511,11
12.99116039,80.23280334,71511,71521,10
12.99135971,80.23336029,71521,71531,10
12.99160957,80.23374176,71531,71541,10
12.99160957,80.23375702,71541,71551,10
12.99127007,80.23368073,71551,71561,10
12.99096966,80.23355103,71561,71571,10
12.99088955,80.23307037,71571,72188,617
12.99087048,80.23300934,72188,72239,51
12.99087048,80.23300934,72239,72249,10
12.99092007,80.23306274,72249,72603,354
12.99092007,80.23313904,72603,72683,80
12.99096012,80.233078,72683,72886,203
12.99090958,80.23301697,72886,72977,91
12.99104023,80.233078,72977,73148,171
12.99098969,80.23317719,73148,73229,81
12.99088955,80.23309326,73229,73371,142
12.99088955,80.23309326,73371,73381,10
12.99085045,80.23301697,73381,73442,61
12.99085045,80.23301697,73442,73452,10
12.99098969,80.23313904,73452,73543,91
12.99092007,80.233078,73543,73684,141
12.99092007,80.233078,73684,73694,10
12.99100018,80.23352051,73694,73704,10
12.99149036,80.23356628,73704,73715,11
12.99203968,80.23370361,73715,73724,9
12.99263954,80.23377228,73724,73735,11
12.99328041,80.23399353,73735,73745,10
12.99376011,80.23432159,73745,73755,10
12.99435997,80.23474884,73755,73765,10
12.99516964,80.23519135,73765,73775,10
12.99569988,80.23558807,73775,73784,9
12.99623966,80.23629761,73784,73795,11
12.99676991,80.23729706,73795,73806,11
12.99715996,80.23793793,73806,73816,10
12.99759007,80.23854828,73816,73826,10
12.99798965,80.23889923,73826,73836,10
12.99860001,80.23914337,73836,73846,10
12.99915981,80.23927307,73846,73856,10
12.99973965,80.23937988,73856,73866,10
13.00043011,80.23947906,73866,73876,10
13.00117016,80.23959351,73876,73886,10
13.00179958,80.23976898,73886,73897,11
13.00224972,80.23963928,73897,73967,70
13.00224972,80.23963928,73967,73977,10
13.00232983,80.23928833,73977,73988,11
13.00226974,80.23908234,73988,73998,10
13.00152016,80.23876953,73998,74008,10
13.00051975,80.23834229,74008,74018,10
12.99987984,80.23808289,74018,74028,10
12.99923038,80.23806,74028,74038,10
12.99870968,80.2383728,74038,74048,10
12.99827957,80.23813629,74048,74109,61
12.99827957,80.23813629,74109,74119,10
12.99790001,80.23783112,74119,74129,10
12.99732971,80.23725128,74129,74139,10
12.99676991,80.23651886,74139,74149,10
12.99625969,80.23586273,74149,74158,9
12.99580002,80.23529053,74158,74169,11
12.99522018,80.23452759,74169,74180,11
12.99487019,80.23381805,74180,74190,10
12.99421024,80.23348999,74190,74200,10
12.99372005,80.23339844,74200,74210,10
12.99365997,80.23298645,74210,74220,10
12.99370956,80.23245239,74220,74230,10
12.99308014,80.23200989,74230,74240,10
12.99238968,80.23164368,74240,74250,10
12.99186039,80.23161316,74250,74260,10
12.99112034,80.23188019,74260,74271,11
12.99092007,80.23149109,74271,74281,10
12.99083042,80.23088074,74281,74291,10
12.99077034,80.23004913,74291,74301,10
12.99055958,80.22910309,74301,74311,10
12.99036026,80.22847748,74311,74321,10
12.99018955,80.22779083,74321,74331,10
12.98983002,80.22781372,74331,74341,10
12.98929977,80.22808838,74341,74351,10
12.98878002,80.22879791,74351,74362,11
12.98845005,80.22966003,74362,74371,9
12.98824024,80.23027802,74371,74382,11
12.98816013,80.2305603,74382,74392,10
12.98791027,80.23111725,74392,74402,10
12.98760986,80.2318573,74402,74412,10
12.98746014,80.23262787,74412,74422,10
12.98752975,80.23313141,74422,74432,10
12.98793983,80.23300934,74432,74442,10
12.98859024,80.23287201,74442,74453,11
12.98939991,80.23297882,74453,74463,10
12.98987961,80.23312378,74463,74473,10
12.99059963,80.23339081,74473,74483,10
12.99094009,80.23312378,74483,74513,30
12.99094009,80.23312378,74513,74523,10
12.99098015,80.23343658,74523,74533,10
12.99118042,80.23355865,74533,74543,10
12.99164963,80.23361206,74543,74554,11
12.99168968,80.23362732,74554,74564,10
12.9919796,80.23370361,74564,74574,10
12.99248981,80.23374176,74574,74584,10
12.99308968,80.23390198,74584,74594,10
12.99353981,80.23416138,74594,74604,10
12.99388027,80.23442841,74604,74614,10
12.99438,80.23473358,74614,74624,10
12.99507999,80.23513794,74624,74634,10
12.99561977,80.23551941,74634,74645,11
12.99619961,80.23618317,74645,74655,10
12.99658966,80.23690033,74655,74665,10
12.99697018,80.23757172,74665,74675,10
12.99722958,80.23793793,74675,74685,10
12.99746037,80.23771667,74685,74695,10
12.99773979,80.23760223,74695,74705,10
12.99827957,80.23808289,74705,74806,101
12.9982996,80.23808289,74806,74948,142
12.9982996,80.23808289,74948,74958,10
12.99820995,80.23812103,74958,74968,10
12.9979496,80.23786163,74968,74978,10
12.99732971,80.23726654,74978,74988,10
12.99687004,80.23668671,74988,74998,10
12.99680042,80.23642731,74998,75019,21
12.99680042,80.23642731,75019,75029,10
12.9971199,80.23692322,75029,75039,10
12.99777985,80.2376709,75039,75049,10
12.99825954,80.23806763,75049,75059,10
12.9983902,80.23818207,75059,75069,10
12.9987402,80.23828125,75069,75079,10
12.99929047,80.23792267,75079,75089,10
13.0,80.23806763,75089,75099,10
13.00076008,80.23838806,75099,75110,11
13.00175953,80.23879242,75110,75120,10
13.00232029,80.23902893,75120,75130,10
13.00228024,80.23956299,75130,75150,20
13.00228024,80.23956299,75150,75160,10
13.00207996,80.23988342,75160,75180,20
13.00207996,80.23988342,75180,75190,10
13.00212955,80.23988342,75190,75201,11
13.00222969,80.23959351,75201,75211,10
13.00234032,80.23922729,75211,75221,10
13.00197983,80.23899078,75221,75231,10
13.00121021,80.23861694,75231,75241,10
13.00051975,80.23829651,75241,75251,10
12.99985027,80.23799896,75251,75261,10
12.99936008,80.23792267,75261,75271,10
12.99894047,80.2381897,75271,75281,10
12.99831963,80.23812866,75281,75463,182
12.99810982,80.23812866,75463,75585,122
12.9981699,80.23805237,75585,75908,323
12.9981699,80.23805237,75908,75918,10
12.99808025,80.23799896,75918,75928,10
12.99777031,80.23767853,75928,75939,11
12.99750042,80.23777771,75939,75949,10
12.99722004,80.23795319,75949,75959,10
12.99697018,80.23755646,75959,75969,10
12.99662971,80.23699951,75969,75979,10
12.99629974,80.23638916,75979,75989,10
12.99588013,80.23574066,75989,75999,10
12.99524021,80.23525238,75999,76009,10
12.99466991,80.2349472,76009,76019,10
12.99396992,80.23448944,76019,76029,10
12.9934597,80.23416901,76029,76040,11
12.99285984,80.23388672,76040,76050,10
12.99209976,80.23377228,76050,76060,10
12.99176025,80.23378754,76060,76070,10
12.99123955,80.2336731,76070,76080,10
12.99096012,80.2334137,76080,76090,10
12.99094963,80.23310089,76090,76181,91
12.99110985,80.23322296,76181,76414,233
12.99100018,80.23301697,76414,76515,101
12.99108982,80.233078,76515,77000,485
12.99102974,80.23303986,77000,77030,30
12.99102974,80.23303986,77030,77040,10
12.99096966,80.23313141,77040,77050,10
12.99096012,80.23323822,77050,77061,11
12.99104023,80.2335434,77061,77071,10
12.99162006,80.23362732,77071,77081,10
12.99215984,80.2337265,77081,77091,10
12.99302959,80.23388672,77091,77101,10
12.99357033,80.23413086,77101,77111,10
12.99413967,80.23455811,77111,77121,10
12.99485016,80.23496246,77121,77131,10
12.99547005,80.23538208,77131,77141,10
12.9960804,80.23600769,77141,77152,11
12.99662018,80.23693085,77152,77162,10
12.99703026,80.23764801,77162,77172,10
12.99730015,80.2379837,77172,77182,10
12.99754047,80.23764038,77182,77192,10
12.99824047,80.23803711,77192,77293,101
12.99827003,80.23822784,77293,77374,81
12.99827003,80.23822784,77374,77384,10
12.99806023,80.23803711,77384,77445,61
12.99806023,80.23803711,77445,77455,10
12.9979496,80.23796082,77455,77465,10
12.99763012,80.23770905,77465,77475,10
12.99732971,80.23806763,77475,77485,10
12.99709034,80.23789215,77485,77495,10
12.99674034,80.23738098,77495,77505,10
12.99641037,80.23673248,77505,77515,10
12.99612045,80.23625946,77515,77526,11
12.99565029,80.23567963,77526,77536,10
12.99520969,80.23535156,77536,77545,9
12.99466991,80.23500061,77545,77556,11
12.99398041,80.23458099,77556,77566,10
12.99359035,80.23426056,77566,77576,10
12.99316025,80.23403168,77576,77586,10
12.99263954,80.2338562,77586,77596,10
12.99203968,80.23381805,77596,77606,10
12.99164963,80.23381805,77606,77617,11
12.99096012,80.23361969,77617,77627,10
12.99083996,80.23355103,77627,77637,10
12.99024963,80.23332977,77637,77647,10
12.98972034,80.23314667,77647,77657,10
12.98900986,80.23296356,77657,77667,10
12.98826027,80.23297882,77667,77677,10
12.98760986,80.23317719,77677,77687,10
12.98692036,80.23332214,77687,77697,10
12.98631954,80.23335266,77697,77708,11
12.98606968,80.23396301,77708,77718,10
12.98618031,80.23465729,77718,77728,10
12.98620033,80.23458099,77728,77778,50
12.98620033,80.23458099,77778,77788,10
12.98635006,80.2349472,77788,77799,11
12.98651981,80.23587036,77799,77809,10
12.9865303,80.23665619,77809,77819,10
12.98655033,80.23738861,77819,77829,10
12.9865799,80.23831177,77829,77839,10
12.9864397,80.23860931,77839,77849,10
12.98651981,80.23821259,77849,79629,1780
12.98651981,80.23821259,79629,79639,10
12.9865799,80.23789978,79639,79650,11
12.98655987,80.23699951,79650,79660,10
12.98651981,80.2363205,79660,79670,10
12.98649025,80.23560333,79670,79680,10
12.98620033,80.23473358,79680,79690,10
12.98606014,80.23388672,79690,79700,10
12.98612022,80.23336792,79700,79710,10
12.9865303,80.2333374,79710,79720,10
12.98719025,80.23329926,79720,79730,10
12.98777008,80.23312378,79730,79741,11
12.98841,80.23291779,79741,79751,10
12.98925018,80.23298645,79751,79761,10
12.98987961,80.23316956,79761,79771,10
12.99065018,80.23343658,79771,79781,10
12.99088001,80.23303986,79781,79892,111
12.99088001,80.23303986,79892,79902,10
12.99094009,80.23345184,79902,79912,10
12.99129009,80.23342896,79912,79922,10
12.99116039,80.23297882,79922,79933,11
12.99098015,80.23223877,79933,79943,10
12.99085045,80.23142242,79943,79953,10
12.99073982,80.23071289,79953,79963,10
12.99069977,80.22984314,79963,79973,10
12.9904604,80.22889709,79973,79983,10
12.99032974,80.22834778,79983,79993,10
12.99020004,80.22753906,79993,80003,10
12.99003029,80.2265625,80003,80013,10
12.99007034,80.22605896,80013,80024,11
12.98970032,80.2252121,80024,80034,10
12.98952007,80.2246933,80034,80044,10
12.98945999,80.22405243,80044,80054,10
12.98927975,80.22355652,80054,80064,10
12.98892975,80.22337341,80064,80074,10
12.98832989,80.22332764,80074,80094,20
12.98832989,80.22332764,80094,80104,10
12.98843956,80.22328186,80104,80115,11
12.98902035,80.22335052,80115,80125,10
12.9894104,80.22373962,80125,80135,10
12.98943043,80.22431946,80135,80145,10
12.98964977,80.22515106,80145,80165,20
12.98964977,80.22515106,80165,80175,10
12.98999977,80.22550964,80175,80185,10
12.98999023,80.22631836,80185,80195,10
12.99007988,80.22696686,80195,80206,11
12.99024963,80.22783661,80206,80216,10
12.99046993,80.22872162,80216,80226,10
12.99061012,80.22923279,80226,80236,10
12.99083996,80.23033905,80236,80246,10
12.99090004,80.23104858,80246,80256,10
12.99094963,80.23184967,80256,80266,10
12.9910202,80.2322998,80266,80276,10
12.99114037,80.23274994,80276,80286,10
12.99129963,80.23323822,80286,80296,10
12.99135017,80.2336731,80296,80307,11
12.99135017,80.2336731,80307,80317,10
12.99133968,80.23361206,80317,80327,10
12.99129009,80.23342896,80327,80337,10
12.99116993,80.23291016,80337,80348,11
12.99094963,80.23204041,80348,80358,10
12.99087048,80.23121643,80358,80368,10
12.99077988,80.2303009,80368,80378,10
12.9905901,80.22930145,80378,80388,10
12.99040985,80.22859955,80388,80399,11
12.99011993,80.22743988,80399,80491,92
12.99011993,80.22743988,80491,80501,10
12.99013996,80.22759247,80501,80511,10
12.99024963,80.22820282,80511,80521,10
12.99046993,80.22885895,80521,80531,10
12.99069977,80.22962952,80531,80541,10
12.99081993,80.23061371,80541,80551,10
12.99088955,80.23123932,80551,80561,10
12.99094963,80.2321167,80561,80571,10
12.99120045,80.23304749,80571,80582,11
12.99153996,80.23361206,80582,80592,10
12.99135017,80.23377991,80592,80602,10
12.99092007,80.23355103,80602,80612,10
12.99088001,80.2334137,80612,80620,8
12.99088001,80.23310852,80620,80642,22
12.99110985,80.23310089,80642,80824,182
12.99087048,80.23297882,80824,80905,81
12.99087048,80.23297882,80905,80915,10
12.9909296,80.23326111,80915,80925,10
12.99104977,80.23351288,80925,80935,10
12.99147987,80.23358154,80935,80945,10
12.99157047,80.23381042,80945,80955,10
12.99131966,80.2335434,80955,80966,11
12.99116993,80.23294067,80966,80976,10
12.99090004,80.23216248,80976,80986,10
12.99088001,80.23139954,80986,80996,10
12.99081993,80.23123932,80996,81006,10
12.99075985,80.23072052,81006,81026,20
12.99075985,80.23072052,81026,81036,10
12.99085045,80.23092651,81036,81047,11
12.99092007,80.23168182,81047,81057,10
12.99104977,80.23249054,81057,81067,10
12.99125957,80.23314667,81067,81077,10
12.99168968,80.23364258,81077,81087,10
12.9921999,80.23371887,81087,81097,10
12.99300003,80.23390198,81097,81107,10
12.99341965,80.23413849,81107,81117,10
12.99392986,80.23449707,81117,81127,10
12.99452972,80.23490143,81127,81138,11
12.99526978,80.23532104,81138,81148,10
12.99590015,80.23590088,81148,81158,10
12.99650002,80.23684692,81158,81168,10
12.99695969,80.23761749,81168,81178,10
12.99730015,80.23792267,81178,81188,10
12.99752998,80.23754883,81188,81198,10
12.99794006,80.23786926,81198,81208,10
12.99827957,80.23809814,81208,81259,51
12.99827957,80.23809814,81259,81269,10
12.99804974,80.23796082,81269,81279,10
12.99777031,80.23773956,81279,81289,10
12.99748039,80.23777771,81289,81299,10
12.99722004,80.23803711,81299,81309,10
12.9969101,80.23758698,81309,81320,11
12.99647999,80.23686981,81320,81330,10
12.99604034,80.23609161,81330,81340,10
12.99543953,80.23544312,81340,81350,10
12.99493027,80.23509979,81350,81360,10
12.99427032,80.23471832,81360,81370,10
12.99368,80.23429108,81370,81380,10
12.99306011,80.23394775,81380,81390,10
12.99228001,80.2338028,81390,81400,10
12.99176025,80.23378754,81400,81410,10
12.99162006,80.23381042,81410,81421,11
12.99129963,80.23371887,81421,81431,10
12.99094009,80.2335434,81431,81441,10
12.99087048,80.23306274,81441,81562,121
12.9910202,80.23313904,81562,81592,30
12.9907999,80.23310852,81592,81683,91
12.99104977,80.23301697,81683,81845,162
12.99104977,80.23301697,81845,81855,10
12.99100971,80.23306274,81855,81896,41
12.99100971,80.23306274,81896,81906,10
12.99096012,80.23338318,81906,81916,10
12.99118996,80.23355865,81916,81926,10
12.99158955,80.23361969,81926,81946,20
12.99158955,80.23361969,81946,81956,10
12.99172974,80.23368835,81956,81966,10
12.99203014,80.23371887,81966,81977,11
12.99246025,80.23378754,81977,81987,10
12.9931097,80.23397827,81987,81997,10
12.99361038,80.23428345,81997,82007,10
12.99421024,80.23470306,82007,82017,10
12.99497986,80.23512268,82017,82027,10
12.99553013,80.23552704,82027,82037,10
12.99612999,80.23622894,82037,82047,10
12.99660015,80.23709869,82047,82057,10
12.9969902,80.23777008,82057,82068,11
12.99730968,80.23795319,82068,82078,10
12.99757957,80.23761749,82078,82088,10
12.99767017,80.23766327,82088,82098,10
12.99796963,80.23787689,82098,82108,10
12.99814034,80.23799896,82108,82118,10
12.99820042,80.23803711,82118,82128,10
12.9985199,80.2383194,82128,82138,10
12.99884033,80.23821259,82138,82148,10
12.99927998,80.23789215,82148,82159,11
12.99987984,80.23803711,82159,82169,10
13.00039959,80.23827362,82169,82179,10
13.00094032,80.2385025,82179,82189,10
13.0014801,80.23872375,82189,82199,10
13.00201035,80.23893738,82199,82209,10
13.0026598,80.23919678,82209,82219,10
13.00325012,80.23950195,82219,82229,10
13.00339031,80.2400589,82229,82239,10
13.00356007,80.24063873,82239,82250,11
13.00391006,80.24147034,82250,82260,10
13.00450039,80.24182892,82260,82270,10
13.00522995,80.2417984,82270,82281,11
13.00572968,80.24182129,82281,82291,10
13.00590038,80.24211884,82291,82301,10
13.0057497,80.24243927,82301,82321,20
13.0057497,80.24243927,82321,82331,10
13.00564003,80.24233246,82331,82342,11
13.00518036,80.24188995,82342,82352,10
13.00450039,80.24189758,82352,82362,10
13.00387955,80.241539,82362,82372,10
13.00356007,80.24076843,82372,82382,10
13.00304985,80.24031067,82382,82392,10
13.0024004,80.24008942,82392,82402,10
13.00177956,80.23985291,82402,82412,10
13.00105,80.23963165,82412,82422,10
13.00047016,80.23953247,82422,82433,11
12.99932003,80.23937988,82433,82443,10
12.9987402,80.23924255,82443,82453,10
12.99802971,80.23898315,82453,82463,10
12.99757957,80.23860931,82463,82473,10
12.99705982,80.23786163,82473,82483,10
12.99670982,80.23734283,82483,82493,10
12.99629974,80.23654175,82493,82503,10
12.99578953,80.23577118,82503,82513,10
12.9951601,80.23529053,82513,82523,10
12.99470043,80.23497772,82523,82534,11
12.99396992,80.23458099,82534,82544,10
12.99347973,80.23413849,82544,82554,10
12.99293995,80.23391724,82554,82564,10
12.99211025,80.23377228,82564,82574,10
12.99162006,80.23377228,82574,82584,10
12.99090004,80.23348999,82584,82625,41
12.99090004,80.23348999,82625,82635,10
12.99087048,80.233078,82635,82898,263
12.99087048,80.233078,82898,82908,10
12.99088955,80.23322296,82908,82918,10
12.99094009,80.23343658,82918,82928,10
12.99129963,80.23345947,82928,82938,10
12.99122047,80.23309326,82938,82948,10
12.99096012,80.23239136,82948,82958,10
12.99088001,80.23152161,82958,82968,10
12.99079037,80.23085022,82968,82978,10
12.99073982,80.23014832,82978,82989,11
12.99057961,80.22924805,82989,82999,10
12.99038982,80.22862244,82999,83009,10
12.99013042,80.2276001,83009,83029,20
12.99013042,80.2276001,83029,83039,10
12.99005032,80.22725677,83039,83049,10
12.98997974,80.22659302,83049,83059,10
12.99005032,80.22602081,83059,83069,10
12.98980999,80.22530365,83069,83079,10
12.98950958,80.22467041,83079,83090,11
12.98943996,80.22399139,83090,83100,10
12.98925018,80.22350311,83100,83110,10
12.98843002,80.22341919,83110,83130,20
12.98843002,80.22341919,83130,83140,10
12.98828983,80.22367859,83140,83150,10
12.9882803,80.22368622,83150,83160,10
12.98820019,80.22373962,83160,83191,31
12.98820019,80.22373962,83191,83201,10
12.98838997,80.2233963,83201,83221,20
12.98838997,80.2233963,83221,83231,10
12.98843956,80.22332764,83231,83241,10
12.98847961,80.22328186,83241,83251,10
12.98859024,80.22322845,83251,83261,10
12.98902988,80.22329712,83261,83272,11
12.9894104,80.22382355,83272,83282,10
12.98948002,80.2245636,83282,83292,10
12.98968029,80.22514343,83292,83302,10
12.99005032,80.22589874,83302,83312,10
12.98997974,80.22646332,83312,83322,10
12.99011993,80.22714996,83322,83332,10
12.9902401,80.22789764,83332,83342,10
12.99048996,80.22870636,83342,83352,10
12.99063969,80.22918701,83352,83373,21
12.99063969,80.22918701,83373,83383,10
12.99073029,80.22956848,83383,83393,10
12.99083996,80.23045349,83393,83403,10
12.99088955,80.23108673,83403,83413,10
12.99096012,80.231987,83413,83423,10
12.99112034,80.2326889,83423,83433,10
12.99145985,80.23348999,83433,83454,21
12.99145985,80.23348999,83454,83464,10
12.99168015,80.23364258,83464,83514,50
12.99168015,80.23364258,83514,83524,10
12.99176025,80.23375702,83524,83534,10
12.99211979,80.23377991,83534,83545,11
12.99295998,80.23390961,83545,83555,10
12.99335003,80.23394775,83555,83575,20
12.99335003,80.23394775,83575,83585,10
12.99347019,80.23352814,83585,83595,10
12.99392033,80.23343658,83595,83605,10
12.99458981,80.23361969,83605,83615,10
12.99503994,80.23420715,83615,83625,10
12.99516964,80.23442078,83625,83635,10
12.99540043,80.23478699,83635,83646,11
12.99588013,80.2354126,83646,83656,10
12.99652004,80.23618317,83656,83666,10
12.99711037,80.23690796,83666,83676,10
12.99769974,80.23753357,83676,83686,10
12.99822044,80.23796082,83686,83706,20
12.99822044,80.23796082,83706,83715,9
12.99835968,80.23816681,83715,83726,11
12.99880028,80.2382431,83726,83737,11
12.9994297,80.23793793,83737,83747,10
13.00008011,80.23815155,83747,83757,10
13.00078011,80.23842621,83757,83767,10
13.00154018,80.2387085,83767,83777,10
13.00226021,80.2390213,83777,83787,10
13.00277042,80.23921967,83787,83797,10
13.00329018,80.23953247,83797,83807,10
13.00345039,80.24019623,83807,83817,10
13.00360012,80.24067688,83817,83828,11
13.00407028,80.24167633,83828,83838,10
13.00487995,80.24181366,83838,83848,10
13.00562954,80.24181366,83848,83858,10
13.00590038,80.24211884,83858,83868,10
13.00564957,80.24237823,83868,84262,394
13.00564957,80.24237823,84262,84272,10
13.00555992,80.24221802,84272,84282,10
13.00527954,80.24191284,84282,84293,11
13.00475979,80.24182892,84293,84303,10
13.00407028,80.24175262,84303,84313,10
13.00374031,80.24108887,84313,84323,10
13.00335026,80.24040222,84323,84333,10
13.00244999,80.24008942,84333,84343,10
13.0019598,80.23995209,84343,84353,10
13.00113964,80.23970795,84353,84363,10
13.00055027,80.23959351,84363,84373,10
12.99967957,80.23944855,84373,84384,11
12.99894047,80.23930359,84384,84394,10
12.99835014,80.23912048,84394,84404,10
12.99775028,80.23882294,84404,84414,10
12.99726009,80.23825836,84414,84424,10
12.99682999,80.23757172,84424,84434,10
12.99650002,80.23693848,84434,84444,10
12.99606991,80.23613739,84444,84454,10
12.99545956,80.23548126,84454,84464,10
12.99487019,80.23509979,84464,84475,11
12.99403954,80.23464203,84475,84485,10
12.99351978,80.23419952,84485,84495,10
12.99306011,80.23394012,84495,84505,10
12.99236965,80.23377228,84505,84515,10
12.99188042,80.23374176,84515,84525,10
12.9914999,80.2338028,84525,84535,10
12.99135017,80.2335968,84535,84545,10
12.99133015,80.23336792,84545,84554,9
12.99122047,80.23304749,84554,84566,12
12.99110031,80.23274231,84566,84576,10
12.99100018,80.23248291,84576,84586,10
12.99092007,80.23193359,84586,84596,10
12.99088001,80.23127747,84596,84606,10
12.99081993,80.23062134,84606,84616,10
12.99077988,80.2300415,84616,84626,10
12.99123955,80.22991943,84626,84636,10
12.99147034,80.22975922,84636,84646,10
12.9914999,80.22924805,84646,84656,10
12.99155045,80.22891235,84656,84667,11
12.99176979,80.22879791,84667,84768,101
12.99176979,80.22879791,84768,84778,10
12.99164009,80.22889709,84778,84788,10
12.99155045,80.22904205,84788,84798,10
12.99153996,80.22946167,84798,84808,10
12.99151039,80.22987366,84808,84818,10
12.99110031,80.22998047,84818,84828,10
12.99079037,80.22975922,84828,84838,10
12.9905901,80.22908783,84838,84849,11
12.9903698,80.22843933,84849,84859,10
12.99020004,80.22779846,84859,84869,10
12.9898901,80.22773743,84869,84879,10
12.98956966,80.2279892,84879,84889,10
12.98954964,80.22801971,84889,84899,10
12.98948002,80.22814178,84899,84909,10
12.98904037,80.228302,84909,84919,10
12.9887104,80.22891998,84919,84929,10
12.98841953,80.22962952,84929,84940,11
12.98822021,80.2301712,84940,84950,10
12.98791981,80.23091125,84950,84960,10
12.98756981,80.23179626,84960,84970,10
12.98744011,80.23274994,84970,84980,10
12.98754025,80.23310852,84980,84990,10
12.98801994,80.23297119,84990,85000,10
12.98875999,80.23284912,85000,85010,10
12.98958015,80.2329483,85010,85020,10
12.99007988,80.23317719,85020,85031,11
12.99036026,80.23330688,85031,85041,10
12.99079037,80.23345947,85041,85051,10
12.9912796,80.23352814,85051,85061,10
12.99180031,80.23368073,85061,85071,10
12.99223042,80.23371124,85071,85081,10
12.99300003,80.2338562,85081,85091,10
12.99353027,80.23415375,85091,85101,10
12.99402046,80.23451996,85101,85111,10
12.9946804,80.23496246,85111,85121,10
12.99524021,80.23526764,85121,85132,11
12.99588966,80.23580933,85132,85142,10
12.99637985,80.2365799,85142,85152,10
12.99685001,80.23744202,85152,85162,10
12.99713039,80.23786163,85162,85172,10
12.99740982,80.23773956,85172,85182,10
12.99767971,80.23760986,85182,85192,10
12.99824047,80.23806,85192,85233,41
12.99824047,80.23806,85233,85243,10
12.99808979,80.23806763,85243,85253,10
12.99779034,80.23773956,85253,85263,10
12.99750042,80.23770905,85263,85273,10
12.99734974,80.23792267,85273,85283,10
12.99703026,80.23769379,85283,85293,10
12.99674034,80.2372818,85293,85303,10
12.99639988,80.2366333,85303,85314,11
12.99588013,80.23587799,85314,85324,10
12.99524975,80.23532867,85324,85334,10
12.9948101,80.2350769,85334,85344,10
12.99411964,80.23465729,85344,85353,9
12.99368,80.23430634,85353,85363,10
12.99312973,80.23397827,85363,85374,11
12.99234009,80.23375702,85374,85384,10
12.9917202,80.23375702,85384,85415,31
12.9917202,80.23375702,85415,85425,10
12.99153996,80.23390198,85425,85435,10
12.99133968,80.23365784,85435,85485,50
12.99133968,80.23365784,85485,85495,10
12.99162006,80.23361206,85495,85506,11
12.99209976,80.23365021,85506,85516,10
12.99289989,80.23384094,85516,85526,10
12.99337959,80.23397827,85526,85536,10
12.99351025,80.23349762,85536,85546,10
12.99405956,80.23342896,85546,85556,10
12.99473,80.23364258,85556,85566,10
12.99508953,80.23426819,85566,85576,10
12.99547005,80.2348938,85576,85586,10
12.99596977,80.23548889,85586,85597,11
12.99658966,80.23625946,85597,85607,10
12.9968996,80.23665619,85607,85617,10
12.99709988,80.23695374,85617,85627,10
12.99757957,80.23751068,85627,85637,10
12.99824047,80.23806763,85637,85839,202
12.99824047,80.23806763,85839,85849,10
12.99806023,80.23806763,85849,85859,10
12.99750996,80.23777008,85859,85950,91
12.99750996,80.23777008,85950,85961,11
12.99722004,80.23803711,85961,85971,10
12.99695969,80.23766327,85971,85981,10
12.99662971,80.23712158,85981,85991,10
12.99627972,80.23644257,85991,86001,10
12.9958601,80.23578644,86001,86011,10
12.99522018,80.23529816,86011,86021,10
12.99473,80.23499298,86021,86031,10
12.99376011,80.23435974,86031,86062,31
12.99376011,80.23435974,86062,86072,10
12.99359989,80.23419952,86072,86082,10
12.99320984,80.23397827,86082,86092,10
12.99265003,80.2338028,86092,86102,10
12.99180031,80.23375702,86102,86122,20
12.99180031,80.23375702,86122,86132,10
12.99147034,80.2338028,86132,86142,10
12.99155045,80.23358917,86142,86153,11
12.99207973,80.23371124,86153,86163,10
12.99250984,80.23377991,86163,86173,10
12.99310017,80.2339325,86173,86183,10
12.99361038,80.23416138,86183,86193,10
12.99421978,80.23464203,86193,86203,10
12.99485016,80.23500061,86203,86213,10
12.99549961,80.23547363,86213,86223,10
12.99612045,80.23615265,86223,86233,10
12.99660015,80.23699188,86233,86244,11
12.99703979,80.23774719,86244,86254,10
12.9973402,80.23796844,86254,86264,10
12.99765968,80.23763275,86264,86274,10
12.99827957,80.23806763,86274,86365,91
12.99827957,80.23806763,86365,86375,10
12.99806976,80.23806763,86375,86385,10
