13.01348019,80.22657776,18,14704,14686
13.01366043,80.22667694,14704,15108,404
13.01358032,80.22662354,15108,17913,2805
13.01352024,80.22663879,17913,18438,525
13.01352024,80.22663879,18438,18448,10
13.01350021,80.22660828,18448,20396,1948
13.01350021,80.22660828,20396,20406,10
13.01331997,80.22669983,20406,23604,3198
13.01331997,80.22669983,23604,23614,10
13.01292038,80.22676086,23614,23624,10
13.01235008,80.22695923,23624,23634,10
13.01154041,80.22727203,23634,23644,10
13.01054001,80.22766113,23644,23654,10
13.00967979,80.22785187,23654,23664,10
13.00967979,80.22725677,23664,23674,10
13.01004028,80.22650146,23674,23683,9
13.01039982,80.22567749,23683,23695,12
13.01091957,80.2244873,23695,23705,10
13.0112896,80.22357178,23705,23715,10
13.01154995,80.22328186,23715,23725,10
13.0120697,80.22355652,23725,23735,10
13.01280022,80.22396851,23735,23745,10
13.01366043,80.22441101,23745,23755,10
13.01443958,80.22480011,23755,23765,10
13.01484966,80.22503662,23765,23775,10
13.01508999,80.22518158,23775,23785,10
13.01533031,80.22527313,23785,23795,10
13.01543045,80.22528076,23795,23805,10
13.01580048,80.22528076,23805,23816,11
13.01653957,80.22528076,23816,23826,10
13.01743031,80.22492981,23826,23836,10
13.01840019,80.22454834,23836,23846,10
13.01924992,80.22434235,23846,23856,10
13.01963997,80.22444153,23856,23866,10
13.0199604,80.22466278,23866,23876,10
13.0204401,80.22502899,23876,23886,10
13.02097988,80.22544098,23886,23896,10
13.02147961,80.22583771,23896,23906,10
13.02210999,80.22634125,23906,23916,10
13.02287006,80.22699738,23916,23933,17
13.02412987,80.22815704,23933,23945,12
13.02441025,80.22847748,23945,23955,10
13.02443027,80.228508,23955,23964,9
13.02455997,80.22872162,23964,23975,11
13.02495003,80.22926331,23975,23985,10
13.0255003,80.22998047,23985,23995,10
13.02589989,80.23069763,23995,24005,10
13.0260601,80.23127747,24005,24015,10
13.02645969,80.23124695,24015,24025,10
13.02729988,80.23104095,24025,24035,10
13.02818966,80.23091888,24035,24046,11
13.02904034,80.23082733,24046,24056,10
13.02950001,80.23078918,24056,24066,10
13.03009033,80.23072815,24066,24076,10
13.03063011,80.23069,24076,24086,10
13.03106976,80.23065948,24086,24096,10
13.03155994,80.23062897,24096,24106,10
13.0323,80.2305603,24106,24116,10
13.03310013,80.23049927,24116,24126,10
13.03400993,80.23042297,24126,24167,41
13.03413963,80.23040771,24167,24237,70
13.03413963,80.23040771,24237,24247,10
13.03448009,80.2303772,24247,24257,10
13.03466034,80.23032379,24257,24267,10
13.03485966,80.2302475,24267,24278,11
13.03511047,80.23026276,24278,24288,10
13.03485966,80.23034668,24288,24298,10
13.03427982,80.2304306,24298,24399,101
13.03427982,80.2304306,24399,24409,10
13.03388977,80.23047638,24409,24419,10
13.03351974,80.23047638,24419,24429,10
13.03302956,80.23049927,24429,24439,10
13.03236008,80.2305603,24439,24449,10
13.03160954,80.2306366,24449,24459,10
13.03085995,80.23071289,24459,24468,9
13.0303297,80.23075867,24468,24479,11
13.02972031,80.23079681,24479,24488,9
13.02921963,80.23085785,24488,24499,11
13.02832985,80.23091888,24499,24510,11
13.02775002,80.23098755,24510,24520,10
13.02772999,80.23149872,24520,24530,10
13.02777958,80.2321167,24530,24540,10
13.02789974,80.23256683,24540,24550,10
13.0276804,80.23282623,24550,24560,10
13.02715015,80.23293304,24560,24570,10
13.02684975,80.23297882,24570,24580,10
13.02647018,80.23291016,24580,24590,10
13.02624989,80.23232269,24590,24600,10
13.02602005,80.23139191,24600,24610,10
13.02569008,80.23040009,24610,24621,11
13.02497959,80.22940063,24621,24631,10
13.0243597,80.22859192,24631,24641,10
13.02377033,80.22788239,24641,24651,10
13.02330971,80.22750854,24651,24661,10
13.02307034,80.22737885,24661,24671,10
13.02305984,80.22737122,24671,24681,10
13.02301025,80.22737122,24681,24691,10
13.02276039,80.22717285,24691,24701,10
13.02262974,80.22689819,24701,24711,10
13.02227974,80.22653961,24711,24721,10
13.02219963,80.22646332,24721,24731,10
13.02200031,80.2263031,24731,24742,11
13.02159023,80.22595978,24742,24752,10
13.02108955,80.22556305,24752,24762,10
13.02046967,80.22512817,24762,24772,10
13.01976013,80.22467041,24772,24782,10
13.01877975,80.22453308,24782,24792,10
13.01764965,80.22496796,24792,24802,10
13.01657963,80.22541809,24802,24812,10
13.01597977,80.22564697,24812,24822,10
13.01519966,80.22592163,24822,24832,10
13.0143404,80.22622681,24832,24842,10
13.01354027,80.22651672,24842,24852,10
13.01276016,80.2268219,24852,24863,11
13.01193047,80.22714996,24863,24879,16
13.01056957,80.22767639,24879,24891,12
13.0096302,80.22781372,24891,24901,10
13.00965977,80.22731781,24901,24911,10
13.01008034,80.22638702,24911,24921,10
13.01049042,80.22544861,24921,24931,10
13.01089954,80.22454071,24931,24941,10
13.01130962,80.22353363,24941,24951,10
13.01167965,80.22251892,24951,24961,10
13.01208019,80.22136688,24961,24972,11
13.01194,80.22035217,24972,24982,10
13.01161957,80.21936035,24982,24992,10
13.01130962,80.21839142,24992,25002,10
13.01095009,80.21749878,25002,25012,10
13.01060009,80.21665955,25012,25022,10
13.01019001,80.21592712,25022,25032,10
13.00977993,80.21511841,25032,25042,10
13.00940037,80.21460724,25042,25052,10
13.00897026,80.21401978,25052,25062,10
13.00860023,80.21360016,25062,25093,31
13.00860023,80.21360016,25093,25103,10
13.00846958,80.21347046,25103,25113,10
13.00823975,80.21336365,25113,25123,10
13.00811958,80.21330261,25123,25133,10
13.00796986,80.21321106,25133,25143,10
13.00769043,80.21298218,25143,25153,10
13.00708008,80.21279907,25153,25163,10
13.00636005,80.21279907,25163,25173,10
13.00574017,80.21295929,25173,25182,9
13.0050602,80.21253967,25182,25193,11
13.00411987,80.21212006,25193,25204,11
13.00325966,80.21208954,25204,25214,10
13.00269032,80.21209717,25214,25224,10
13.00203991,80.21238708,25224,25234,10
13.00133991,80.21289825,25234,25244,10
13.00059986,80.21349335,25244,25254,10
12.99991989,80.21411133,25254,25264,10
12.9995203,80.21447754,25264,25274,10
12.99911976,80.21482849,25274,25284,10
12.99876022,80.21513367,25284,25293,9
12.99816036,80.21562195,25293,25303,10
12.99746037,80.21626282,25303,25314,11
12.99730015,80.21647644,25314,25325,11
12.99674988,80.21653748,25325,25335,10
12.99612045,80.21663666,25335,25345,10
12.99536991,80.21690369,25345,25355,10
12.99462032,80.21740723,25355,25365,10
12.99392033,80.21791077,25365,25375,10
12.99316025,80.21843719,25375,25385,10
12.99228001,80.21907806,25385,25395,10
12.99137974,80.21975708,25395,25405,10
12.99050045,80.22042084,25405,25415,10
12.98970032,80.22119141,25415,25425,10
12.98927021,80.22171021,25425,25436,11
12.98863983,80.22245026,25436,25446,10
12.98808956,80.22292328,25446,25456,10
12.98750973,80.2230835,25456,25466,10
12.98694038,80.22299957,25466,25476,10
12.98618031,80.22296143,25476,25486,10
12.98560047,80.22318268,25486,25496,10
12.98511982,80.22319794,25496,25506,10
12.98441029,80.22284698,25506,25516,10
12.98369026,80.22245026,25516,25526,10
12.98307991,80.22203827,25526,25536,10
12.9822197,80.22176361,25536,25546,10
12.98165035,80.22138214,25546,25557,11
12.9808197,80.22104645,25557,25567,10
12.97996998,80.22110748,25567,25577,10
12.97898006,80.22118378,25577,25593,16
12.97756958,80.22120667,25593,25605,12
12.97651958,80.22125244,25605,25613,8
12.97607994,80.22129059,25613,25624,11
12.97574997,80.22107697,25624,25645,21
12.97574997,80.22107697,25645,25655,10
12.97562981,80.22097778,25655,25666,11
12.97539043,80.22077942,25666,25676,10
12.97480011,80.22048187,25676,25686,10
12.97395992,80.22013855,25686,25696,10
12.97305965,80.2197876,25696,25706,10
12.9720602,80.21942139,25706,25716,10
12.9710598,80.21903992,25716,25726,10
12.97002029,80.21862793,25726,25736,10
12.96895981,80.21820831,25736,25746,10
12.96794033,80.21781921,25746,25756,10
12.9669199,80.21742249,25756,25766,10
12.96582031,80.21697998,25766,25776,10
12.96465015,80.21652222,25776,25787,11
12.96358013,80.21605682,25787,25797,10
12.96273994,80.21569061,25797,25813,16
12.96092987,80.21497345,25813,25825,12
12.95944977,80.21440887,25825,25835,10
12.95847988,80.21399689,25835,25845,10
12.95707989,80.21344757,25845,25855,10
12.95584011,80.21295166,25855,25865,10
12.95473957,80.21253204,25865,25875,10
12.95372009,80.21214294,25875,25885,10
12.95203972,80.21144867,25885,25895,10
12.9507103,80.21092224,25895,25906,11
12.94935036,80.21038055,25906,25915,9
12.94834042,80.20999146,25915,25926,11
12.94698048,80.20944977,25926,25936,10
12.94567013,80.2089386,25936,25946,10
12.94451046,80.20848083,25946,25956,10
12.94373989,80.20818329,25956,25966,10
12.94305038,80.20780182,25966,25976,10
12.94254017,80.20715332,25976,25986,10
12.94182014,80.20651245,25986,25996,10
12.94095993,80.20594788,25996,26006,10
12.94007969,80.20565796,26006,26017,11
12.93916988,80.20539093,26017,26027,10
12.9384203,80.20516968,26027,26037,10
12.93762016,80.20493317,26037,26047,10
12.93673992,80.20468903,26047,26057,10
12.93583965,80.20443726,26057,26067,10
12.93504047,80.2040863,26067,26077,10
12.93428993,80.2039566,26077,26087,10
12.93393993,80.20394135,26087,26097,10
12.93373966,80.20394135,26097,26107,10
12.93354034,80.20391083,26107,26117,10
12.93309975,80.2037735,26117,26128,11
12.93245029,80.20352173,26128,26138,10
12.93185997,80.20332336,26138,26148,10
12.93113041,80.20307922,26148,26158,10
12.93043041,80.20288849,26158,26168,10
12.9298296,80.20281982,26168,26178,10
12.92951012,80.20278168,26178,26188,10
12.92920971,80.20272064,26188,26198,10
12.92868042,80.20262146,26198,26208,10
12.92850018,80.2022171,26208,26218,10
12.92846966,80.20147705,26218,26228,10
12.92844009,80.20052338,26228,26238,10
12.92825985,80.19949341,26238,26248,10
12.92780972,80.19854736,26248,26259,11
12.92700958,80.19782257,26259,26269,10
12.92632008,80.19756317,26269,26279,10
12.9258604,80.1975174,26279,26289,10
12.92556,80.1975174,26289,26299,10
12.92539024,80.1975174,26299,26309,10
12.92492008,80.19750977,26309,26319,10
12.92413044,80.19750214,26319,26329,10
12.92329979,80.1974411,26329,26339,10
12.9224596,80.19734192,26339,26349,10
12.92201996,80.19728088,26349,26359,10
12.92179012,80.19721985,26359,26370,11
12.92129993,80.19702911,26370,26380,10
12.92063999,80.1967926,26380,26390,10
12.91996956,80.19656372,26390,26400,10
12.91942978,80.19631958,26400,26410,10
12.91888046,80.19589233,26410,26420,10
12.91829014,80.19535828,26420,26430,10
12.91765022,80.1947937,26430,26440,10
12.91711998,80.19413757,26440,26471,31
12.91711998,80.19413757,26471,26481,10
12.91709042,80.19409943,26481,26491,10
12.91701031,80.19367981,26491,26501,10
12.9170599,80.19293976,26501,26511,10
12.91716003,80.19219971,26511,26521,10
12.91724014,80.19154358,26521,26531,10
12.91726017,80.19143677,26531,26541,10
12.91730022,80.19129944,26541,26551,10
12.91736031,80.19081879,26551,26561,10
12.91740036,80.19023895,26561,26571,10
12.91755009,80.18962097,26571,26581,10
12.91796017,80.188797,26581,26591,10
12.91862011,80.18804932,26591,26602,11
12.91911983,80.18752289,26602,26612,10
12.91977024,80.18679047,26612,26622,10
12.9204998,80.18589783,26622,26632,10
12.92047977,80.1848526,26632,26642,10
12.92026997,80.18395996,26642,26652,10
12.92000008,80.18283844,26652,26672,20
12.92000008,80.18283844,26672,26682,10
12.91993999,80.18258667,26682,26692,10
12.9197998,80.18199158,26692,26703,11
12.91959953,80.18106842,26703,26713,10
12.91940022,80.18006134,26713,26723,10
12.91897964,80.17906952,26723,26733,10
12.91835022,80.17819214,26733,26743,10
12.91827965,80.17710114,26743,26753,10
12.91849041,80.1760025,26753,26763,10
12.91878033,80.17488098,26763,26773,10
12.91905975,80.17372131,26773,26783,10
12.91938019,80.17254639,26783,26793,10
12.91959953,80.17167664,26793,26803,10
12.91969967,80.17128754,26803,26813,10
12.9197998,80.17095947,26813,26824,11
12.91987038,80.17076111,26824,26834,10
12.92008018,80.17012787,26834,26844,10
12.9203701,80.1692276,26844,26854,10
12.92070007,80.16819763,26854,26864,10
12.92103004,80.1671524,26864,26874,10
12.92140007,80.16602325,26874,26884,10
12.92179012,80.16478729,26884,26894,10
12.92214966,80.16361237,26894,26904,10
12.9224596,80.1625824,26904,26920,16
12.92296028,80.16107178,26920,26932,12
12.92331028,80.15986633,26932,26941,9
12.92343044,80.15882111,26941,26953,12
12.92356014,80.15733337,26953,26963,10
12.92364025,80.15628052,26963,26973,10
12.92348957,80.15528107,26973,26983,10
12.92333984,80.15460205,26983,26993,10
12.92321968,80.15413666,26993,27001,8
12.92311954,80.15377808,27001,27012,11
12.92292023,80.15297699,27012,27022,10
12.92271996,80.15215302,27022,27033,11
12.92265987,80.15110779,27033,27043,10
12.92263985,80.15016937,27043,27053,10
12.92261982,80.14940643,27053,27064,11
12.92257023,80.14868164,27064,27074,10
12.92257977,80.1479187,27074,27084,10
12.92257023,80.14707947,27084,27094,10
12.92255974,80.14620209,27094,27104,10
12.92251968,80.14515686,27104,27114,10
12.92249966,80.1440506,27114,27124,10
12.92247963,80.14340973,27124,27164,40
12.92247963,80.14340973,27164,27175,11
12.9224596,80.14318085,27175,27185,10
12.9224596,80.14272308,27185,27195,10
12.92243958,80.14214325,27195,27205,10
12.92243958,80.14176941,27205,27215,10
12.92241955,80.14128113,27215,27225,10
12.92240047,80.14057922,27225,27235,10
12.92238998,80.13977051,27235,27245,10
12.92238998,80.13899994,27245,27255,10
12.92245007,80.13835144,27255,27265,10
12.9224596,80.13775635,27265,27275,10
12.92249966,80.13697052,27275,27285,10
12.92253971,80.13606262,27285,27296,11
12.92257023,80.13495636,27296,27306,10
12.92261028,80.13391876,27306,27316,10
12.92265034,80.1329422,27316,27326,10
12.9226799,80.13207245,27326,27336,10
12.92271996,80.13101196,27336,27346,10
12.92276001,80.12996674,27346,27356,10
12.9228096,80.12924194,27356,27366,10
12.92286015,80.12837982,27366,27376,10
12.92288971,80.12744141,27376,27386,10
12.92292023,80.12641907,27386,27397,11
12.92294979,80.12532043,27397,27407,10
12.92298031,80.12423706,27407,27417,10
12.9230299,80.12306213,27417,27427,10
12.92310047,80.12178802,27427,27437,10
12.9231596,80.12075043,27437,27447,10
12.92317009,80.12062073,27447,27457,10
12.92319012,80.12052155,27457,27467,10
12.92321968,80.12023926,27467,27477,10
12.9232502,80.11994171,27477,27487,10
12.92327023,80.11929321,27487,27497,10
12.92331028,80.11849976,27497,27507,10
12.92343998,80.11763763,27507,27517,10
12.92346954,80.11701202,27517,27538,21
12.92346954,80.11701202,27538,27548,10
12.92348957,80.11681366,27548,27558,10
12.92360973,80.11692047,27558,27568,10
12.92358017,80.11705017,27568,27578,10
12.92354965,80.11741638,27578,27588,10
12.92364979,80.11776733,27588,27598,10
12.92354965,80.11826324,27598,27608,10
12.92350006,80.1190033,27608,27618,10
12.92339993,80.11963654,27618,27628,10
12.92331982,80.12030792,27628,27639,11
12.92329979,80.12110901,27639,27840,201
12.92329979,80.12110901,27840,27850,10
12.92327023,80.12129211,27850,27861,11
12.92325974,80.12172699,27861,27871,10
12.92321968,80.12236786,27871,27881,10
12.92317963,80.12325287,27881,27891,10
12.92311954,80.12428284,27891,27901,10
12.92304993,80.12548065,27901,27921,20
12.92304993,80.12548065,27921,27931,10
12.92304993,80.12560272,27931,27941,10
12.9230299,80.12580872,27941,27951,10
12.92300034,80.12640381,27951,27961,10
12.92296982,80.12722778,27961,27971,10
12.92294025,80.12789154,27971,27982,11
12.9229002,80.12854767,27982,27992,10
12.92286968,80.12928009,27992,28002,10
12.92282009,80.12998962,28002,28012,10
12.9228096,80.13076782,28012,28022,10
12.92276955,80.13165283,28022,28032,10
12.92275047,80.13259125,28032,28042,10
12.92269993,80.13358307,28042,28052,10
12.92263985,80.134758,28052,28062,10
12.92259026,80.1359024,28062,28072,10
12.92253971,80.13694,28072,28082,10
12.92249012,80.13793182,28082,28093,11
12.92241955,80.13903046,28093,28102,9
12.92243004,80.14002228,28102,28113,11
12.92245007,80.14121246,28113,28123,10
12.92247963,80.14228058,28123,28133,10
12.92253017,80.14277649,28133,28143,10
12.92253971,80.14282227,28143,28159,16
12.92257977,80.14347839,28159,28171,12
12.92257977,80.14354706,28171,28181,10
12.92259026,80.14363098,28181,28191,10
12.9225502,80.14399719,28191,28201,10
12.92257023,80.14467621,28201,28211,10
12.92261982,80.14569092,28211,28222,11
12.92265034,80.14697266,28222,28232,10
12.9226799,80.14737701,28232,28242,10
12.9226799,80.14766693,28242,28252,10
12.92265034,80.14833069,28252,28263,11
12.9226799,80.14923859,28263,28273,10
12.92271996,80.15052032,28273,28283,10
12.92276001,80.15167999,28283,28293,10
12.92284012,80.15247345,28293,28303,10
12.92308044,80.15344238,28303,28313,10
12.92339039,80.15447998,28313,28324,11
12.92343044,80.1546402,28324,28334,10
12.92345047,80.15477753,28334,28344,10
12.92354012,80.15524292,28344,28354,10
12.92370987,80.15599823,28354,28364,10
12.92364979,80.15702057,28364,28374,10
12.92352962,80.15821838,28374,28383,9
12.92343998,80.15931702,28383,28394,11
12.92333984,80.16030884,28394,28404,10
12.92329979,80.16046906,28404,28414,10
12.92317009,80.16088104,28414,28424,10
12.92294025,80.16158295,28424,28434,10
12.92261982,80.16251373,28434,28445,11
12.9222002,80.1638031,28445,28455,10
12.92177963,80.16506195,28455,28465,10
12.92136002,80.16635132,28465,28475,10
12.92096996,80.16757965,28475,28485,10
12.92055988,80.16887665,28485,28495,10
12.92018032,80.17015839,28495,28505,10
12.91993999,80.1709671,28505,28515,10
12.91993046,80.17102051,28515,28525,10
12.91987038,80.17120361,28525,28535,10
12.91975975,80.17150116,28535,28545,10
12.91961002,80.17202759,28545,28556,11
12.9193697,80.17289734,28556,28566,10
12.91913033,80.17382813,28566,28576,10
12.91886997,80.17492676,28576,28586,10
12.91854954,80.17613983,28586,28596,10
12.91831017,80.17738342,28596,28606,10
12.91856956,80.17843628,28606,28616,10
12.91928005,80.17948151,28616,28626,10
12.91959953,80.1807785,28626,28636,10
12.91989994,80.18209076,28636,28646,10
12.92018032,80.18334198,28646,28656,10
12.92033005,80.18388367,28656,28666,10
12.92043972,80.18441772,28666,28676,10
12.92061996,80.185112,28676,28687,11
12.92063999,80.18521118,28687,28697,10
12.92063046,80.18521881,28697,28707,10
12.92068958,80.18560028,28707,28717,10
12.92037964,80.18618774,28717,28733,16
12.91944027,80.18727112,28733,28745,12
12.91891956,80.18789673,28745,28753,8
12.91851997,80.18830872,28753,28765,12
12.9178896,80.18907928,28765,28775,10
12.91759014,80.18993378,28775,28785,10
12.91746044,80.19061279,28785,28795,10
12.91738033,80.19139099,28795,28806,11
12.91722012,80.19238281,28806,28817,11
12.91714954,80.19306183,28817,28827,10
12.91714954,80.19309998,28827,28837,10
12.91714001,80.1932373,28837,28847,10
12.91711044,80.19351959,28847,28857,10
12.91716957,80.19409943,28857,28867,10
12.91761971,80.19473267,28867,28877,10
12.9183197,80.19535828,28877,28887,10
12.91911983,80.19606018,28887,28897,10
12.92008972,80.19657898,28897,28908,11
12.92103958,80.19687653,28908,28918,10
12.92169952,80.1971283,28918,28928,10
12.92249966,80.1973114,28928,28938,10
12.92329979,80.1974411,28938,28948,10
12.92378044,80.19748688,28948,28958,10
12.92448044,80.19748688,28958,28968,10
12.92525005,80.19747162,28968,28978,10
12.92555046,80.19747925,28978,28988,10
12.92615986,80.19750214,28988,28998,10
12.92695999,80.19776154,28998,29008,10
12.92765999,80.19824982,29008,29018,10
12.92813015,80.19904327,29018,29029,11
12.92850018,80.20015717,29029,29039,10
12.92856026,80.20131683,29039,29049,10
12.92860985,80.20233154,29049,29059,10
12.92914963,80.20269012,29059,29069,10
12.92943001,80.20274353,29069,29079,10
12.92963028,80.20278168,29079,29089,10
12.93021965,80.20284271,29089,29099,10
12.93101025,80.20301056,29099,29109,10
12.93181038,80.20326996,29109,29119,10
12.93270969,80.20355988,29119,29129,10
12.93346977,80.2038269,29129,29139,10
12.93397999,80.20388794,29139,29150,11
12.93402958,80.20388794,29150,29160,10
12.93445969,80.20393372,29160,29170,10
12.9350996,80.20406342,29170,29180,10
12.93581009,80.20437622,29180,29190,10
12.93642998,80.20455933,29190,29200,10
12.93719959,80.20477295,29200,29210,10
12.9380703,80.20501709,29210,29220,10
12.93900013,80.20529938,29220,29230,10
12.9399004,80.20555878,29230,29240,10
12.94003963,80.20559692,29240,29251,11
12.9402504,80.20567322,29251,29261,10
12.94079971,80.20584869,29261,29271,10
12.94153023,80.20620728,29271,29281,10
12.94229031,80.20677948,29281,29291,10
12.94293976,80.20748138,29291,29301,10
12.94367027,80.20809174,29301,29317,16
12.94425011,80.20828247,29317,29329,12
12.94464016,80.20845795,29329,29339,10
12.94511986,80.20863342,29339,29349,10
12.94608021,80.20900726,29349,29359,10
12.94686985,80.2093277,29359,29369,10
12.94760036,80.20960999,29369,29379,10
12.9483099,80.20989227,29379,29390,11
12.94919968,80.21024323,29390,29400,10
12.9502697,80.21066284,29400,29410,10
12.95133018,80.21108246,29410,29420,10
12.95250034,80.21154022,29420,29430,10
12.95322037,80.21179962,29430,29441,11
12.95386028,80.21206665,29441,29451,10
12.95477009,80.21243286,29451,29461,10
12.95571041,80.21279907,29461,29471,10
12.95629978,80.21302032,29471,29482,11
12.95707989,80.21331024,29482,29492,10
12.95792007,80.21365356,29492,29502,10
12.95884037,80.2140274,29502,29512,10
12.95969009,80.2143631,29512,29522,10
12.96051979,80.21469879,29522,29532,10
12.96121979,80.21498108,29532,29542,10
12.96195984,80.21527863,29542,29552,10
12.96286011,80.21562195,29552,29562,10
12.96358013,80.21591187,29562,29572,10
12.9640398,80.21613312,29572,29582,10
12.96475029,80.21642303,29582,29592,10
12.96557999,80.21672821,29592,29603,11
12.96638012,80.21704865,29603,29613,10
12.96708012,80.2173233,29613,29623,10
12.96778011,80.21762848,29623,29633,10
12.96846962,80.2179184,29633,29643,10
12.9693203,80.21823883,29643,29653,10
12.97025013,80.21861267,29653,29663,10
12.97103977,80.2188797,29663,29673,10
12.97119045,80.21894073,29673,29683,10
12.9714098,80.21903229,29683,29693,10
12.97194004,80.21926117,29693,29703,10
12.97268963,80.21955872,29703,29714,11
12.97367001,80.21994019,29714,29724,10
12.97455978,80.22032166,29724,29734,10
12.97500038,80.2204895,29734,29774,40
12.97500038,80.2204895,29774,29784,10
12.97509956,80.22057343,29784,29794,10
12.97531033,80.22065735,29794,29804,10
12.97562027,80.22083282,29804,29814,10
12.9759798,80.221138,29814,29845,31
12.9759798,80.221138,29845,29855,10
12.97618961,80.22119141,29855,29875,20
12.97618961,80.22119141,29875,29885,10
12.97626972,80.22119904,29885,29895,10
12.97665024,80.22122192,29895,29905,10
12.97731018,80.22122955,29905,29915,10
12.97799969,80.22122192,29915,29925,10
12.97869015,80.22116089,29925,29935,10
12.97951984,80.22107697,29935,29945,10
12.9803896,80.22102356,29945,29956,11
12.98122025,80.22107697,29956,29966,10
12.9818697,80.22148895,29966,29976,10
12.98237991,80.22177124,29976,29986,10
12.98278046,80.22187805,29986,29996,10
12.9829998,80.2219696,29996,30006,10
12.9832201,80.22210693,30006,30016,10
12.98367977,80.22242737,30016,30026,10
12.9842701,80.22277069,30026,30036,10
12.98488998,80.2231369,30036,30046,10
12.98542976,80.22329712,30046,30056,10
12.98579979,80.2230072,30056,30067,11
12.98618031,80.22293854,30067,30077,10
12.98630047,80.22293854,30077,30087,10
12.98668003,80.22296906,30087,30097,10
12.98719978,80.22305298,30097,30107,10
12.98785973,80.22302246,30107,30117,10
12.98851967,80.2224884,30117,30127,10
12.98911953,80.22180176,30127,30137,10
12.98962021,80.22115326,30137,30147,10
12.99018002,80.22054291,30147,30157,10
12.99038029,80.22038269,30157,30167,10
12.99053955,80.22028351,30167,30178,11
12.99096012,80.21994019,30178,30188,10
12.99147034,80.21955109,30188,30198,10
12.99209976,80.21911621,30198,30208,10
12.99285984,80.21858215,30208,30218,10
12.99370003,80.21797943,30218,30228,10
12.99437046,80.21749878,30228,30238,10
12.99491978,80.21710205,30238,30248,10
12.99553013,80.21674347,30248,30258,10
12.99629021,80.21653748,30258,30268,10
12.99701977,80.21646118,30268,30278,10
12.99736977,80.21627045,30278,30288,10
12.99752045,80.21611786,30288,30299,11
12.99775028,80.21591187,30299,30309,10
12.99818039,80.21552277,30309,30319,10
12.99872017,80.21504211,30319,30329,10
12.99911976,80.21469879,30329,30339,10
12.99946022,80.2144165,30339,30349,10
12.99987984,80.21405792,30349,30359,10
13.00024033,80.21375275,30359,30369,10
13.0009203,80.21315765,30369,30379,10
13.00152016,80.21269989,30379,30389,10
13.00216007,80.21225739,30389,30399,10
13.00279045,80.21205139,30399,30409,10
13.00351048,80.21202087,30409,30420,11
13.00411034,80.21204376,30420,30430,10
13.00479984,80.21237946,30430,30440,10
13.00555992,80.2128067,30440,30450,10
13.00623035,80.21279907,30450,30460,10
13.00704002,80.2127533,30460,30470,10
13.0078001,80.21292877,30470,30490,20
13.0078001,80.21292877,30490,30500,10
13.00800037,80.21312714,30500,30510,10
13.00850964,80.21336365,30510,30520,10
13.00893021,80.21389008,30520,30531,11
13.00951958,80.21472168,30531,30541,10
13.00996971,80.21530914,30541,30551,10
13.01043034,80.21594238,30551,30561,10
13.01080036,80.21671295,30561,30571,10
13.01115036,80.21753693,30571,30581,10
13.01156044,80.21855164,30581,30591,10
13.01196003,80.21970367,30591,30601,10
13.01235008,80.22071075,30601,30611,10
13.01259041,80.22135925,30611,30621,10
13.01280022,80.22177124,30621,30631,10
13.01319027,80.22218323,30631,30641,10
13.01354027,80.22267151,30641,30652,11
13.01395988,80.22324371,30652,30662,10
13.01420975,80.22354126,30662,30672,10
13.01441956,80.22380066,30672,30682,10
13.01476002,80.22422791,30682,30692,10
13.01500034,80.2244873,30692,30702,10
13.01525974,80.22476959,30702,30712,10
13.01531029,80.22483826,30712,30722,10
13.01535988,80.22490692,30722,30732,10
13.01554012,80.22505951,30732,30742,10
13.01601982,80.22531891,30742,30752,10
13.01671982,80.22525787,30752,30763,11
13.01756001,80.22490692,30763,30773,10
13.0183897,80.22457123,30773,30783,10
13.01910019,80.22434235,30783,30793,10
13.01957989,80.22441864,30793,30803,10
13.01994038,80.22463989,30803,30813,10
13.02046013,80.22502136,30813,30823,10
13.02089024,80.22532654,30823,30833,10
13.02132988,80.22567749,30833,30843,10
13.02188015,80.22605133,30843,30853,10
13.02194977,80.22611237,30853,30863,10
13.02206039,80.22619629,30863,30873,10
13.02243996,80.22653961,30873,30890,17
13.02342033,80.22743225,30890,30902,12
13.02385998,80.22782135,30902,30912,10
13.02390957,80.22788239,30912,30922,10
13.02422047,80.22821808,30922,30931,9
13.02445984,80.22853088,30931,30942,11
13.02466011,80.22885895,30942,30952,10
13.02488041,80.22917175,30952,30962,10
13.02521992,80.22960663,30962,30971,9
13.02565002,80.23021698,30971,30981,10
13.0259304,80.2307663,30981,31013,32
13.0259304,80.2307663,31013,31023,10
13.02604008,80.23110199,31023,31033,10
13.02620029,80.2313385,31033,31043,10
13.02680969,80.23117065,31043,31053,10
13.02770996,80.23097992,31053,31063,10
13.02847958,80.23090363,31063,31073,10
13.02923012,80.2308197,31073,31093,20
13.02923012,80.2308197,31093,31103,10
13.02958965,80.23078156,31103,31114,11
13.03030014,80.23071289,31114,31124,10
13.03092003,80.23068237,31124,31134,10
13.03153038,80.23065186,31134,31144,10
13.03229046,80.23058319,31144,31154,10
13.03314018,80.2305069,31154,31164,10
13.03374004,80.23046875,31164,31174,10
13.03417015,80.23040771,31174,31184,10
13.03485012,80.23026276,31184,31366,182
13.03485012,80.23026276,31366,31376,10
13.03477001,80.23000336,31376,31426,50
13.03464031,80.2300415,31426,31477,51
13.0345602,80.23007202,31477,32899,1422
13.0345602,80.23007202,32899,32909,10
13.03427029,80.23027039,32909,32919,10
13.03411007,80.2304306,32919,32929,10
13.03359985,80.23042297,32929,32939,10
13.03312016,80.23045349,32939,32949,10
13.03246021,80.23052216,32949,32959,10
13.03157997,80.23062134,32959,32969,10
13.03073025,80.23069763,32969,32979,10
13.03019047,80.23075867,32979,32990,11
13.02958012,80.23081207,32990,33000,10
13.02906036,80.23087311,33000,33010,10
13.02842999,80.23094177,33010,33020,10
13.02787018,80.23100281,33020,33030,10
13.02766991,80.23123932,33030,33040,10
13.02772999,80.23184967,33040,33050,10
13.02779961,80.23229218,33050,33060,10
13.02787018,80.23271942,33060,33076,16
13.02713013,80.23288727,33076,33139,63
13.02713013,80.23288727,33139,33149,10
13.02696037,80.23294067,33149,33159,10
13.0267601,80.23296356,33159,33169,10
13.02637005,80.23287201,33169,33179,10
13.02612972,80.23213959,33179,33189,10
13.02591038,80.23135376,33189,33199,10
13.02560043,80.23047638,33199,33209,10
13.02513027,80.22969055,33209,33220,11
13.02478981,80.22924805,33220,33230,10
13.02449989,80.22888947,33230,33240,10
13.02414989,80.22839355,33240,33250,10
13.02377987,80.22795105,33250,33260,10
13.02311993,80.22743988,33260,33290,30
13.02311993,80.22743988,33290,33300,10
13.0228796,80.22731781,33300,33310,10
13.02266979,80.22714233,33310,33320,10
13.02266026,80.22711945,33320,33330,10
13.02256966,80.22683716,33330,33341,11
13.02215958,80.22646332,33341,33351,10
13.02165031,80.22605133,33351,33361,10
13.02114964,80.22564697,33361,33371,10
13.02060986,80.22528839,33371,33381,10
13.02007961,80.22489929,33381,33401,20
13.02007961,80.22489929,33401,33411,10
13.01994038,80.224823,33411,33421,10
13.01951981,80.22457123,33421,33431,10
13.01877975,80.22451019,33431,33441,10
13.0180397,80.224823,33441,33458,17
13.01665974,80.22538757,33458,33470,12
13.01616955,80.22557831,33470,33480,10
13.01576042,80.22570801,33480,33490,10
13.01496029,80.22602844,33490,33498,8
13.01451969,80.22619629,33498,33509,11
13.01441956,80.22625732,33509,33520,11
13.01428986,80.22628784,33520,33531,11
13.01414013,80.22635651,33531,33541,10
13.01362038,80.22653198,33541,33551,10
13.01280975,80.22680664,33551,33561,10
13.01179981,80.22718811,33561,33572,11
13.01062012,80.2276535,33572,33581,9
13.00984955,80.22794342,33581,33592,11
13.00953007,80.22746277,33592,33602,10
13.00986958,80.22679138,33602,33612,10
13.01027966,80.22589874,33612,33622,10
13.01068974,80.22493744,33622,33632,10
13.01105976,80.22405243,33632,33642,10
13.01136017,80.22329712,33642,33662,20
13.01136017,80.22329712,33662,33672,10
13.01150036,80.22299957,33672,33682,10
13.01167965,80.22244263,33682,33692,10
13.01206017,80.22148895,33692,33703,11
13.01210022,80.22071838,33703,33713,10
13.01181984,80.21985626,33713,33723,10
13.01148033,80.21887207,33723,33733,10
13.01113987,80.21790314,33733,33743,10
13.01074982,80.21698761,33743,33752,9
13.01037979,80.21624756,33752,33763,11
13.00992012,80.21533966,33763,33773,10
13.00938034,80.21457672,33773,33783,10
13.00883961,80.21385956,33783,33793,10
13.00829029,80.21336365,33793,33803,10
13.00806046,80.21324921,33803,33814,11
13.00800991,80.21322632,33814,33824,10
13.00784016,80.21308136,33824,33834,10
13.00737953,80.21283722,33834,33844,10
13.00660992,80.21276093,33844,33854,10
13.00582027,80.2130127,33854,33864,10
13.00510025,80.21256256,33864,33874,10
13.00422955,80.21214294,33874,33884,10
13.00341034,80.21208191,33884,33894,10
13.0026598,80.21212769,33894,33904,10
13.00207996,80.21235657,33904,33914,10
13.0018301,80.21250916,33914,33925,11
13.00139046,80.21283722,33925,33935,10
13.0009203,80.21321869,33935,33945,10
13.00051022,80.21356201,33945,33955,10
12.99989986,80.21411896,33955,33965,10
12.99942017,80.21453857,33965,33975,10
12.99913025,80.21479034,33975,33985,10
12.99870014,80.21510315,33985,33995,10
12.99810028,80.21559906,33995,34005,10
12.99763012,80.21605682,34005,34025,20
12.99763012,80.21605682,34025,34036,11
12.99744034,80.21631622,34036,34046,10
12.9973402,80.21645355,34046,34056,10
12.99728966,80.2164917,34056,34066,10
12.9969101,80.21653748,34066,34076,10
12.99561024,80.21679688,34076,34086,10
12.99561024,80.21679688,34086,34096,10
12.99522972,80.21695709,34096,34106,10
12.99501038,80.21708679,34106,34116,10
12.99462986,80.21736145,34116,34126,10
12.99415016,80.21769714,34126,34136,10
12.99365044,80.21804047,34136,34146,10
12.99297047,80.21853638,34146,34158,12
12.99205017,80.21922302,34158,34168,10
12.99141979,80.2197113,34168,34178,10
12.99096012,80.22006226,34178,34188,10
12.99083996,80.22013855,34188,34198,10
12.99051952,80.2203598,34198,34208,10
12.99005032,80.22073364,34208,34218,10
12.98950005,80.22133636,34218,34228,10
12.98911953,80.22183228,34228,34238,10
12.98867989,80.22229004,34238,34248,10
12.98801994,80.22286987,34248,34258,10
12.9874897,80.22303772,34258,34268,10
12.98707008,80.22299957,34268,34279,11
12.98635006,80.22292328,34279,34289,10
12.98567009,80.22305298,34289,34299,10
12.98552036,80.22319794,34299,34309,10
12.98526001,80.22324371,34309,34319,10
12.98474979,80.22303772,34319,34329,10
12.98412991,80.22267914,34329,34339,10
12.98392963,80.22260284,34339,34349,10
12.98357964,80.22236633,34349,34369,20
12.98357964,80.22236633,34369,34379,10
12.98348045,80.22232819,34379,34390,11
12.98320961,80.22212982,34390,34400,10
12.98293018,80.22196198,34400,34410,10
12.98260975,80.22183228,34410,34420,10
12.98217964,80.22167969,34420,34430,10
12.98169994,80.22135162,34430,34439,9
12.98126984,80.22113037,34439,34450,11
12.9809103,80.22103882,34450,34460,10
12.98027992,80.22107697,34460,34470,10
12.97943974,80.22112274,34470,34480,10
12.97850037,80.22118378,34480,34490,10
12.97756004,80.22119904,34490,34500,10
12.97671986,80.22123718,34500,34511,11
12.97614956,80.22129059,34511,34521,10
12.9758997,80.22123718,34521,34531,10
12.97556973,80.22096252,34531,34541,10
12.97556019,80.22093964,34541,34551,10
12.97544956,80.22081757,34551,34561,10
12.97502041,80.22062683,34561,34571,10
12.97430992,80.22032166,34571,34581,10
12.97375965,80.22013855,34581,34591,10
12.97311974,80.21987152,34591,34601,10
12.97227001,80.21955109,34601,34611,10
12.97132969,80.21926117,34611,34622,11
12.97099018,80.21916199,34622,34632,10
12.97082043,80.21901703,34632,34642,10
12.97023964,80.21874237,34642,34652,10
12.96947956,80.21843719,34652,34662,10
12.96868038,80.21811676,34662,34672,10
12.96790028,80.21781921,34672,34682,10
12.9671402,80.21750641,34682,34692,10
12.9663496,80.21720123,34692,34702,10
12.96506023,80.21669006,34702,34712,10
12.96407986,80.21629333,34712,34722,10
12.96337032,80.2159729,34722,34732,10
12.96288967,80.21575928,34732,34743,11
12.96210003,80.21546173,34743,34753,10
12.96125031,80.21511078,34753,34763,10
12.96030998,80.21473694,34763,34773,10
12.95938015,80.21437836,34773,34783,10
12.95837975,80.21395874,34783,34793,10
12.95736027,80.21356964,34793,34803,10
12.95637035,80.21315002,34803,34813,10
12.95530033,80.2127533,34813,34823,10
12.9542799,80.21234894,34823,34833,10
12.95341969,80.21201324,34833,34843,10
12.95236969,80.21157837,34843,34859,16
12.95042038,80.21080017,34859,34872,13
12.94892979,80.21022034,34872,34882,10
12.94781017,80.20977783,34882,34892,10
12.9465704,80.20929718,34892,34902,10
12.9454298,80.2088623,34902,34912,10
12.94443989,80.20848846,34912,34922,10
12.9442997,80.20842743,34922,34932,10
12.94406986,80.20834351,34932,34942,10
12.94365978,80.20815277,34942,34952,10
12.94297981,80.2077179,34952,34962,10
12.94252014,80.2071228,34962,34972,10
12.94200993,80.20665741,34972,34983,11
12.94110966,80.20607758,34983,34993,10
12.94097996,80.20600128,34993,35003,10
12.94052029,80.20581818,35003,35013,10
12.93978024,80.20558929,35013,35023,10
12.93894005,80.2053299,35023,35033,10
12.93836021,80.20516205,35033,35043,10
12.93793964,80.20504761,35043,35053,10
12.93721962,80.20484161,35053,35063,10
12.9363203,80.20458221,35063,35073,10
12.93554974,80.20433044,35073,35083,10
12.93472004,80.20401764,35083,35094,11
12.93387985,80.20394135,35094,35104,10
12.93375015,80.20393372,35104,35114,10
12.93344021,80.20388031,35114,35124,10
12.93321037,80.2038269,35124,35134,10
12.93284988,80.20365906,35134,35144,10
12.93229008,80.20346832,35144,35154,10
12.93146038,80.20320129,35154,35164,10
12.93072033,80.20297241,35164,35174,10
12.93010044,80.20285797,35174,35184,10
12.92990017,80.20284271,35184,35194,10
12.92957973,80.20278931,35194,35204,10
12.92897987,80.20269775,35204,35215,11
12.9285202,80.20249176,35215,35225,10
12.92848015,80.20201874,35225,35235,10
12.92846966,80.20166016,35235,35245,10
12.92844009,80.2009201,35245,35255,10
12.92838001,80.1999588,35255,35265,10
12.92807007,80.19904327,35265,35275,10
12.92753983,80.19818115,35275,35285,10
12.92660046,80.19761658,35285,35295,10
12.92595959,80.19750977,35295,35305,10
12.92556,80.1975174,35305,35315,10
12.92533016,80.19750977,35315,35325,10
12.92471981,80.19750214,35325,35336,11
12.92376041,80.19748688,35336,35346,10
12.92288971,80.19738007,35346,35356,10
12.92214012,80.19728088,35356,35366,10
12.92146015,80.19708252,35366,35376,10
12.92109013,80.19693756,35376,35386,10
12.92022038,80.19664764,35386,35426,40
12.92022038,80.19664764,35426,35436,10
12.91994953,80.19657898,35436,35447,11
12.91954041,80.19641113,35447,35457,10
12.91897011,80.19600677,35457,35467,10
12.91835976,80.1954422,35467,35477,10
12.91767025,80.19480896,35477,35487,10
12.91722965,80.19432068,35487,35497,10
12.91707993,80.19406128,35497,35507,10
12.91701031,80.19345856,35507,35517,10
12.91707993,80.19261932,35517,35527,10
12.91718006,80.19200134,35527,35537,10
12.91726017,80.19152069,35537,35557,20
12.91726017,80.19152069,35557,35568,11
12.91732979,80.19107819,35568,35578,10
12.91740036,80.19048309,35578,35588,10
12.91751003,80.18984222,35588,35598,10
12.91773987,80.18917847,35598,35608,10
12.91818047,80.1885376,35608,35618,10
12.91866016,80.18798065,35618,35628,10
12.91919041,80.18739319,35628,35638,10
12.91989994,80.18657684,35638,35648,10
12.9205904,80.18566132,35648,35658,10
12.92049026,80.18470764,35658,35668,10
12.92037964,80.18431854,35668,35678,10
12.92033005,80.18409729,35678,35689,11
12.92018032,80.18347931,35689,35699,10
12.91998005,80.18267059,35699,35709,10
12.91994953,80.18254852,35709,35719,10
12.91987991,80.18222046,35719,35729,10
12.91973972,80.18154144,35729,35739,10
12.91954041,80.18065643,35739,35749,10
12.91930962,80.17961884,35749,35759,10
12.91882992,80.17884827,35759,35769,10
12.91829014,80.17810059,35769,35779,10
12.91827011,80.17700958,35779,35789,10
12.91853046,80.17578125,35789,35800,11
12.91888046,80.1743927,35800,35810,10
12.91919994,80.17308807,35810,35820,10
12.91950035,80.17189026,35820,35830,10
12.91973972,80.17101288,35830,35840,10
12.91977978,80.17092133,35840,35850,10
12.91987038,80.17063141,35850,35860,10
12.92008018,80.16996002,35860,35870,10
12.92037964,80.16902161,35870,35880,10
12.92074966,80.16790771,35880,35890,10
12.92111015,80.16674805,35890,35900,10
12.92152977,80.1654892,35900,35910,10
12.92193985,80.16417694,35910,35921,11
12.92236042,80.16284943,35921,35931,10
12.92275047,80.16168213,35931,35941,10
12.92308998,80.1605835,35941,35951,10
12.92335987,80.15940094,35951,35961,10
12.92350006,80.15805054,35961,35971,10
12.92358971,80.15693665,35971,35981,10
12.92366028,80.15603638,35981,35991,10
12.92343044,80.15512085,35991,36001,10
12.9233799,80.15493011,36001,36011,10
12.92335033,80.15471649,36011,36021,10
12.92321968,80.15415192,36021,36032,11
12.92300987,80.15323639,36032,36042,10
12.92275047,80.15206146,36042,36082,40
12.92275047,80.15206146,36082,36092,10
12.92276955,80.1518631,36092,36102,10
12.92273045,80.15120697,36102,36112,10
12.92269039,80.15029907,36112,36122,10
12.92265987,80.14936066,36122,36132,10
12.92259979,80.14855194,36132,36148,16
12.92257023,80.14750671,36148,36161,13
12.92259026,80.14736938,36161,36171,10
12.92261028,80.14694214,36171,36181,10
12.92261028,80.14592743,36181,36191,10
12.9225502,80.1448822,36191,36201,10
12.92247963,80.14305878,36201,36282,81
12.92247963,80.14305878,36282,36292,10
12.92241955,80.1428833,36292,36302,10
12.92243958,80.14232635,36302,36312,10
12.92243958,80.14163208,36312,36322,10
12.92241001,80.14083099,36322,36332,10
12.92241955,80.1399765,36332,36342,10
12.92241955,80.13909912,36342,36352,10
12.92245007,80.13839722,36352,36362,10
12.9224596,80.13774109,36362,36372,10
12.92249966,80.13677216,36372,36382,10
12.9225502,80.13565826,36382,36393,11
12.92259979,80.13443756,36393,36403,10
12.92265987,80.13334656,36403,36413,10
12.9226799,80.13256836,36413,36423,10
12.92271042,80.13197327,36423,36433,10
12.92273998,80.1311264,36433,36443,10
12.92276001,80.13047791,36443,36453,10
12.92278004,80.12989807,36453,36463,10
12.9228096,80.12918854,36463,36473,10
12.92286015,80.12837982,36473,36483,10
12.92288017,80.12772369,36483,36493,10
12.92288017,80.12706757,36493,36504,11
12.9229002,80.12609863,36504,36514,10
12.92294979,80.12515259,36514,36524,10
12.92300034,80.12406158,36524,36534,10
12.92306042,80.12283325,36534,36544,10
12.92311954,80.12155914,36544,36554,10
12.92313004,80.12078857,36554,36564,10
12.92313957,80.12075806,36564,36574,10
12.92321014,80.12036133,36574,36584,10
12.9232502,80.11978912,36584,36594,10
12.92325974,80.11904907,36594,36603,9
12.92329025,80.1184082,36603,36614,11
12.92339993,80.11721802,36614,37411,797
12.92339993,80.11721802,37411,37421,10
12.92343044,80.11721802,37421,37431,10
12.92345047,80.11701965,37431,37452,21
12.92345047,80.11701965,37452,37462,10
12.92358017,80.11681366,37462,37472,10
12.92358971,80.11688995,37472,37482,10
12.92352009,80.11714172,37482,37492,10
12.92348003,80.11734009,37492,37502,10
12.92352009,80.11755371,37502,37512,10
12.92360973,80.11778259,37512,37522,10
12.92354965,80.11810303,37522,37532,10
12.9235096,80.11849213,37532,37542,10
12.92348003,80.11898804,37542,37552,10
12.92339993,80.11949158,37552,37563,11
12.92331982,80.12014008,37563,37573,10
12.92325974,80.12065887,37573,37583,10
12.92325974,80.12081146,37583,37593,10
12.92331982,80.12094879,37593,37603,10
12.92333984,80.12109375,37603,37613,10
12.92329025,80.12127686,37613,37835,222
12.92329025,80.12127686,37835,37845,10
12.92325974,80.12145996,37845,37855,10
12.92321014,80.12185669,37855,37865,10
12.92319012,80.12254333,37865,37875,10
12.92315006,80.12338257,37875,37885,10
12.92308998,80.1242981,37885,37895,10
12.92304039,80.12532043,37895,37905,10
12.92298985,80.12625885,37905,37916,11
12.92294979,80.12715912,37916,37926,10
12.92290974,80.12760162,37926,37936,10
12.92290974,80.12782288,37936,37946,10
12.9229002,80.12799835,37946,37956,10
12.92286968,80.12831879,37956,37966,10
12.92284012,80.12873077,37966,37976,10
12.92282963,80.12918854,37976,37986,10
12.92280006,80.12966919,37986,37996,10
12.92276955,80.13021851,37996,38006,10
12.92276001,80.13085938,38006,38016,10
12.92276955,80.13111115,38016,38026,10
12.92276955,80.13130188,38026,38037,11
12.92276001,80.13141632,38037,38047,10
12.92275047,80.1317215,38047,38057,10
12.92275047,80.13204956,38057,38067,10
12.92275047,80.13211823,38067,38077,10
12.92271996,80.13252258,38077,38087,10
12.9226799,80.13323212,38087,38097,10
12.92263031,80.13407898,38097,38107,10
12.92259979,80.13484192,38107,38117,10
12.92255974,80.13543701,38117,38127,10
12.92253971,80.13616943,38127,38137,10
12.92249966,80.13687897,38137,38148,11
12.92247009,80.13760376,38148,38158,10
12.92245007,80.13807678,38158,38168,10
12.92245007,80.13825989,38168,38178,10
12.92238998,80.13874817,38178,38188,10
12.92238045,80.13944244,38188,38198,10
12.92240047,80.14013672,38198,38208,10
12.92241955,80.14048004,38208,38217,9
12.92241955,80.14093781,38217,38228,11
12.92243004,80.14180756,38228,38238,10
12.92247009,80.14266968,38238,38258,20
12.92247009,80.14266968,38258,38269,11
12.9224596,80.1427536,38269,38279,10
12.92249012,80.14321899,38279,38289,10
12.92251968,80.14363098,38289,38299,10
12.92251968,80.14369965,38299,38309,10
12.92251968,80.14415741,38309,38319,10
12.9225502,80.1448822,38319,38329,10
12.92257977,80.14572906,38329,38339,10
12.92259026,80.14666748,38339,38349,10
12.92263031,80.14727783,38349,38359,10
12.92263031,80.14736938,38359,38370,11
12.92261028,80.14771271,38370,38381,11
12.92257023,80.14846039,38381,38391,10
12.92261982,80.14942169,38391,38401,10
12.92265987,80.15045166,38401,38411,10
12.92267036,80.15126801,38411,38451,40
12.92267036,80.15126801,38451,38461,10
12.9226799,80.15148163,38461,38471,10
12.92269993,80.15190887,38471,38481,10
12.92282963,80.15261841,38481,38491,10
12.92304039,80.15341949,38491,38502,11
12.92325974,80.15422058,38502,38512,10
12.92339993,80.15467834,38512,38522,10
12.92346954,80.15503693,38522,38532,10
12.92362022,80.15573883,38532,38542,10
12.92362976,80.15670013,38542,38552,10
12.92352962,80.15775299,38552,38562,10
12.92343998,80.15876007,38562,38572,10
12.92333984,80.15972137,38572,38582,10
12.92317963,80.16055298,38582,38592,10
12.92288017,80.16145325,38592,38602,10
12.92257977,80.16242218,38602,38612,10
12.92230034,80.16325378,38612,38623,11
12.92195988,80.1643219,38623,38633,10
12.92160988,80.16542053,38633,38643,10
12.92125034,80.16651917,38643,38653,10
12.92101002,80.16734314,38653,38663,10
12.92090988,80.16770172,38663,38673,10
12.92070007,80.16831207,38673,38683,10
12.92043972,80.16912842,38683,38693,10
12.92014027,80.17014313,38693,38709,16
12.91989994,80.17098999,38709,38721,12
12.91987991,80.17102051,38721,38729,8
12.91977978,80.17131805,38729,38741,12
12.91952038,80.17218018,38741,38753,12
12.91921043,80.1733017,38753,38762,9
12.91895962,80.17430115,38762,38773,11
12.91868019,80.17553711,38773,38783,10
12.91841984,80.17651367,38783,38793,10
12.91821957,80.17771912,38793,38803,10
12.91872025,80.17868042,38803,38813,10
12.91915989,80.17933655,38813,38823,10
12.91948032,80.18032074,38823,38833,10
12.91973972,80.1815567,38833,38842,9
12.91998959,80.18266296,38842,38854,12
12.92033958,80.18386078,38854,38894,40
12.92033958,80.18386078,38894,38904,10
12.92031956,80.18393707,38904,38914,10
12.92039967,80.18438721,38914,38924,10
12.92055988,80.185112,38924,38934,10
12.92063999,80.18538666,38934,38944,10
12.92063999,80.1856308,38944,38954,10
12.92031956,80.18618011,38954,38964,10
12.91973972,80.18682861,38964,38975,11
12.91905975,80.18759918,38975,38985,10
12.91862011,80.18811798,38985,38995,10
12.91808033,80.18871307,38995,39005,10
12.91763973,80.18943787,39005,39015,10
12.91746044,80.19019318,39015,39025,10
12.91740036,80.19065857,39025,39035,10
12.91732025,80.19132996,39035,39045,10
12.91722965,80.19200134,39045,39055,10
12.91709042,80.19300842,39055,39085,30
12.91709042,80.19300842,39085,39096,11
12.91707993,80.19315338,39096,39106,10
12.9170599,80.19332123,39106,39116,10
12.91703033,80.1934967,39116,39126,10
12.91709042,80.1938324,39126,39136,10
12.91716957,80.19419861,39136,39146,10
12.91759014,80.19467926,39146,39156,10
12.91816044,80.19519043,39156,39166,10
12.91880035,80.19574738,39166,39176,10
12.91950035,80.19628906,39176,39186,10
12.92031002,80.19663239,39186,39196,10
12.92066956,80.19673157,39196,39207,11
12.9208498,80.1967926,39207,39217,10
12.92129993,80.19696808,39217,39227,10
12.92205048,80.19721985,39227,39237,10
12.92298031,80.19735718,39237,39247,10
12.92383003,80.19744873,39247,39257,10
12.92451954,80.19744873,39257,39267,10
12.92467022,80.19743347,39267,39283,16
12.92496967,80.19741821,39283,39295,12
12.92514992,80.19741058,39295,39303,8
12.92529964,80.19741821,39303,39315,12
12.9258604,80.19743347,39315,39325,10
12.92626953,80.19748688,39325,39336,11
12.92675018,80.19766235,39336,39346,10
12.92737961,80.19801331,39346,39356,10
12.92786026,80.19857025,39356,39366,10
12.92809963,80.1990509,39366,39376,10
12.92840958,80.19988251,39376,39386,10
12.92848015,80.20066071,39386,39396,10
12.92850018,80.20121002,39396,39406,10
12.9285202,80.20175934,39406,39416,10
12.92854977,80.20233917,39416,39426,10
12.92930984,80.2026825,39426,39447,21
12.92930984,80.2026825,39447,39457,10
12.92945004,80.20269775,39457,39467,10
12.93000031,80.20276642,39467,39477,10
12.93082047,80.20292664,39477,39487,10
12.93169022,80.20320892,39487,39497,10
12.93231964,80.20340729,39497,39507,10
12.93278027,80.20358276,39507,39517,10
12.93317986,80.20374298,39517,39527,10
12.93362045,80.20384216,39527,39537,10
12.93379974,80.20384216,39537,39547,10
12.93385983,80.20384979,39547,39557,10
12.93432999,80.20388794,39557,39568,11
12.93504047,80.20401001,39568,39578,10
12.93585968,80.20436096,39578,39588,10
12.93679047,80.20464325,39588,39598,10
12.93766022,80.20488739,39598,39608,10
12.93817043,80.20500946,39608,39618,10
12.93850994,80.20511627,39618,39628,10
12.93922043,80.20535278,39628,39638,10
12.9399004,80.20554352,39638,39648,10
12.94036007,80.20568848,39648,39658,10
12.94102955,80.20593262,39658,39668,10
12.94167995,80.20630646,39668,39679,11
12.94223976,80.20674133,39679,39689,10
12.9425602,80.20702362,39689,39699,10
12.94276047,80.20726776,39699,39709,10
12.94305992,80.20768738,39709,39719,10
12.94353962,80.2080307,39719,39729,10
12.94408035,80.20823669,39729,39739,10
12.94417953,80.20825958,39739,39749,10
12.94449997,80.20839691,39749,39759,10
12.94511986,80.20864105,39759,39769,10
12.94591045,80.20894623,39769,39779,10
12.94674015,80.20926666,39779,39789,10
12.9474802,80.20957184,39789,39800,11
12.94818974,80.2098465,39800,39810,10
12.94896984,80.21015167,39810,39820,10
12.95003033,80.21057129,39820,39830,10
12.95125961,80.21105194,39830,39840,10
12.95238972,80.21150208,39840,39850,10
12.95302963,80.21173096,39850,39860,10
12.95353985,80.21192169,39860,39870,10
12.95355034,80.21192932,39870,39880,10
12.95390034,80.21206665,39880,39890,10
12.95454025,80.21231842,39890,39900,10
12.95538044,80.21266174,39900,39910,10
12.95629978,80.21302795,39910,39921,11
12.95740032,80.21346283,39921,39931,10
12.95837021,80.21385956,39931,39941,10
12.95917034,80.21417236,39941,39951,10
12.95960045,80.2143631,39951,39961,10
12.95991039,80.2144928,39961,39971,10
12.96030998,80.21463776,39971,39981,10
12.96084023,80.21485901,39981,39991,10
12.96162033,80.21515656,39991,40001,10
12.96255016,80.21552277,40001,40017,16
12.96341991,80.21588135,40017,40029,12
12.96358013,80.21594238,40029,40040,11
12.96413994,80.21617889,40040,40050,10
12.96488953,80.21650696,40050,40060,10
12.96570969,80.21681976,40060,40070,10
12.96642017,80.21710205,40070,40080,10
12.9667902,80.21724701,40080,40090,10
12.96691036,80.21730042,40090,40100,10
12.9669199,80.21730042,40100,40110,10
12.96712971,80.21739197,40110,40119,9
12.96722031,80.21742249,40119,40130,11
12.96741962,80.21749878,40130,40171,41
12.96741962,80.21749878,40171,40181,10
12.96776962,80.21764374,40181,40191,10
12.96794033,80.2177124,40191,40201,10
12.96837044,80.21788025,40201,40211,10
12.96914959,80.21819305,40211,40221,10
12.97017002,80.21858215,40221,40231,10
12.97119045,80.21893311,40231,40251,20
12.97119045,80.21893311,40251,40261,10
12.97142982,80.21904755,40261,40272,11
12.97220039,80.21936035,40272,40352,80
12.97220039,80.21936035,40352,40362,10
12.97239971,80.21939087,40362,40372,10
12.9725399,80.21945953,40372,40382,10
12.97274971,80.21955872,40382,40393,11
12.97296047,80.2196579,40393,40403,10
12.97299957,80.21968079,40403,40413,10
12.9732399,80.21977997,40413,40534,121
12.9732399,80.21977997,40534,40544,10
12.97362995,80.2199173,40544,40554,10
12.97389984,80.22003937,40554,40564,10
12.97428036,80.22022247,40564,40574,10
12.97476006,80.22045135,40574,40584,10
12.97527981,80.22067261,40584,40594,10
12.97577,80.22100067,40594,40615,21
12.97595978,80.22116089,40615,40645,30
12.97595978,80.22116089,40645,40655,10
12.97618961,80.22126007,40655,40665,10
12.9765501,80.22122192,40665,40675,10
12.97700024,80.22120667,40675,40685,10
12.97770023,80.22116852,40685,40695,10
12.97852039,80.22113037,40695,40705,10
12.97937965,80.22106171,40705,40715,10
12.9802103,80.2210083,40715,40725,10
12.98095036,80.22097015,40725,40735,10
12.98149967,80.22122955,40735,40746,11
12.98192978,80.2215271,40746,40756,10
12.98211002,80.22167206,40756,40766,10
12.98276043,80.22187042,40766,40786,20
12.98276043,80.22187042,40786,40796,10
12.98295021,80.22194672,40796,40806,10
12.9830904,80.22202301,40806,40816,10
12.98342037,80.22225189,40816,40826,10
12.98390961,80.22254181,40826,40836,10
12.98447037,80.2228775,40836,40846,10
12.98507977,80.22319794,40846,40857,11
12.98554993,80.22309113,40857,40867,10
12.98616982,80.22293854,40867,40877,10
12.9867897,80.22296143,40877,40893,16
12.98725033,80.22303772,40893,40905,12
12.98785973,80.22293091,40905,40913,8
12.98834038,80.22255707,40913,40925,12
12.98898029,80.22194672,40925,40935,10
12.98956013,80.22122192,40935,40945,10
12.9903698,80.22033691,40945,40965,20
12.9903698,80.22033691,40965,40976,11
12.9906702,80.22013092,40976,40986,10
12.99112034,80.21977234,40986,40996,10
12.99135017,80.2195816,40996,41006,10
12.99143982,80.21949768,41006,41016,10
12.99182034,80.21920013,41016,41026,10
12.99242973,80.21878052,41026,41036,10
12.99318027,80.21826172,41036,41046,10
12.99398041,80.2177124,41046,41056,10
12.99468994,80.21720123,41056,41066,10
12.99526024,80.21681976,41066,41076,10
12.99617004,80.21653748,41076,41086,10
12.99687004,80.21643829,41086,41097,11
12.99720001,80.21633911,41097,41107,10
12.99746037,80.21611023,41107,41117,10
12.99765015,80.21598053,41117,41127,10
12.99804974,80.21562958,41127,41137,10
12.99866009,80.21510315,41137,41147,10
12.99907017,80.21475983,41147,41157,10
12.99936962,80.21450043,41157,41167,10
12.99983025,80.21411133,41167,41177,10
13.00030041,80.21369171,41177,41187,10
13.00088978,80.21315765,41187,41197,10
13.00156021,80.21263123,41197,41208,11
13.00218964,80.21224213,41208,41218,10
13.0027504,80.21206665,41218,41228,10
13.0034399,80.21202087,41228,41238,10
13.00399971,80.21202087,41238,41248,10
13.0047102,80.21231842,41248,41258,10
13.00541019,80.21272278,41258,41268,10
13.00603962,80.21286774,41268,41278,10
13.00726032,80.2127533,41278,41288,10
13.00726032,80.2127533,41288,41298,10
13.0076704,80.21282959,41298,41318,20
13.0076704,80.21282959,41318,41329,11
13.00778008,80.21291351,41329,41339,10
13.00786972,80.21305084,41339,41349,10
13.00794029,80.21311188,41349,41360,11
13.00837994,80.21331024,41360,41370,10
13.0088501,80.21382904,41370,41380,10
13.00934029,80.21446991,41380,41390,10
13.00965023,80.21494293,41390,41400,10
13.00994015,80.21533203,41400,41410,10
13.01039028,80.21591949,41410,41420,10
13.01076984,80.21671295,41420,41430,10
13.01111984,80.21753693,41430,41441,11
13.01152039,80.21861267,41441,41451,10
13.01185989,80.21956635,41451,41461,10
13.0121603,80.22045135,41461,41471,10
13.01239014,80.22103882,41471,41481,10
13.01245975,80.22123718,41481,41491,10
13.01253986,80.22142029,41491,41501,10
13.01268005,80.2216568,41501,41511,10
13.01301003,80.22206116,41511,41521,10
13.01338959,80.22251892,41521,41531,10
13.01369953,80.22293854,41531,41541,10
13.01383972,80.22312927,41541,41551,10
13.01395988,80.22328186,41551,41562,11
13.01414013,80.22351837,41562,41572,10
13.01439953,80.22383118,41572,41582,10
13.01480961,80.22425842,41582,41591,9
13.01496029,80.22441101,41591,41602,11
13.01517963,80.22470093,41602,41612,10
13.01533031,80.22483826,41612,41632,20
13.01533031,80.22483826,41632,41642,10
13.0155201,80.22502136,41642,41652,10
13.01599979,80.22531891,41652,41662,10
13.01677036,80.22518921,41662,41672,10
13.01764011,80.22483826,41672,41683,11
13.01840019,80.22454071,41683,41693,10
13.01906013,80.22431183,41693,41703,10
13.01928043,80.22428131,41703,41712,9
13.01941013,80.22431183,41712,41723,11
13.01955032,80.22437286,41723,41733,10
13.01966,80.22444153,41733,41743,10
13.01984024,80.2245636,41743,41753,10
13.02019024,80.22483063,41753,41763,10
13.02054024,80.22509766,41763,41773,10
13.02083015,80.22531128,41773,41783,10
13.02112007,80.22556305,41783,41794,11
13.02151012,80.22589874,41794,41804,10
13.02194023,80.22621918,41804,41814,10
13.02210045,80.2263031,41814,41824,10
13.02217007,80.22640228,41824,41834,10
13.02256012,80.22673035,41834,41844,10
13.02311993,80.22724152,41844,41854,10
13.02361965,80.22769165,41854,41864,10
13.02398968,80.22799683,41864,41874,10
13.02418995,80.22820282,41874,41884,10
13.02418995,80.22821045,41884,41894,10
13.02441978,80.22856903,41894,41904,10
13.02472973,80.22901917,41904,41915,11
13.02511024,80.22952271,41915,41925,10
13.02569962,80.23030853,41925,41961,36
13.02569962,80.23030853,41961,41973,12
13.02585983,80.23062134,41973,41981,8
13.02591991,80.23075867,41981,41993,12
13.02597046,80.23103333,41993,42001,8
13.02602959,80.23126221,42001,42013,12
13.02637959,80.23124695,42013,42023,10
13.02707005,80.23110199,42023,42034,11
13.02789021,80.2309494,42034,42043,9
13.02873993,80.23085785,42043,42065,22
13.02873993,80.23085785,42065,42074,9
13.02888012,80.23092651,42074,42085,11
13.02933979,80.23088074,42085,42095,10
13.02968025,80.23082733,42095,42105,10
13.03001022,80.23078156,42105,42146,41
13.03001022,80.23078156,42146,42156,10
13.03020954,80.23072052,42156,42166,10
13.03065968,80.23069,42166,42176,10
13.03118038,80.23065948,42176,42186,10
13.03168964,80.23059082,42186,42196,10
13.03240967,80.23055267,42196,42206,10
13.03318024,80.23049927,42206,42216,10
13.03380966,80.23046112,42216,42225,9
13.03423977,80.23040771,42225,42235,10
13.03456974,80.23036194,42235,42317,82
13.03456974,80.23036194,42317,42327,10
13.03487968,80.23026276,42327,42337,10
13.0349102,80.23014069,42337,42347,10
13.03450966,80.2299881,42347,44353,2006
13.03419971,80.22984314,44353,44797,444
13.03419971,80.22984314,44797,44807,10
13.03421974,80.2299881,44807,44898,91
13.03421974,80.2299881,44898,44908,10
13.0341301,80.23029327,44908,44928,20
13.0341301,80.23029327,44928,44938,10
13.03411007,80.23045349,44938,44949,11
13.03398037,80.23047638,44949,44960,11
13.03396034,80.23046875,44960,44970,10
13.0336504,80.23045349,44970,44982,12
13.03289986,80.23052216,44982,44992,10
13.0323,80.23062134,44992,45002,10
13.03197956,80.23062897,45002,45012,10
13.03147984,80.23065948,45012,45062,50
13.03147984,80.23065948,45062,45072,10
13.03120041,80.23068237,45072,45082,10
13.03100014,80.23069763,45082,45093,11
13.03071022,80.23072815,45093,45103,10
13.03034019,80.23075867,45103,45113,10
13.02993011,80.2308197,45113,45123,10
13.02962017,80.23085022,45123,45133,10
13.02941036,80.23087311,45133,45143,10
13.0291996,80.23087311,45143,45153,10
13.02871037,80.23091888,45153,45163,10
13.02805996,80.23098755,45163,45173,10
13.02766037,80.23114777,45173,45183,10
13.02766037,80.2315979,45183,45193,10
13.02775955,80.23235321,45193,45203,10
13.02766991,80.2328186,45203,45214,11
13.02725983,80.23291779,45214,45224,10
13.02725029,80.23293304,45224,45234,10
13.02700043,80.23297882,45234,45244,10
13.02684021,80.23298645,45244,45254,10
13.02645016,80.23296356,45254,45264,10
13.0261898,80.23235321,45264,45274,10
13.02598,80.2317276,45274,45290,16
13.02560997,80.23052216,45290,45302,12
13.02495003,80.22953033,45302,45310,8
13.02472019,80.22924042,45310,45322,12
13.0247097,80.22923279,45322,45333,11
13.02445984,80.22889709,45333,45343,10
13.0241003,80.22841644,45343,45353,10
13.02361012,80.2278595,45353,45363,10
13.02305031,80.22743988,45363,45393,30
13.02305031,80.22743988,45393,45403,10
13.02278996,80.22727203,45403,45413,10
13.02256966,80.22693634,45413,45423,10
13.02231979,80.22664642,45423,45433,10
13.02180004,80.22619629,45433,45455,22
13.02019978,80.22499847,45455,45468,13
13.02001953,80.2248764,45468,45478,10
13.02001953,80.224823,45478,45487,9
13.01949978,80.22451782,45487,45498,11
13.01852989,80.2245636,45498,45508,10
13.0174799,80.22501373,45508,45518,10
13.01655006,80.22538757,45518,45528,10
13.01554012,80.22575378,45528,45538,10
13.01469994,80.22608948,45538,45548,10
13.01428986,80.22625732,45548,45557,9
13.01414967,80.22633362,45557,45569,12
13.01356983,80.22653198,45569,45579,10
13.01282024,80.22679901,45579,45589,10
13.01193047,80.22715759,45589,45599,10
13.01089954,80.22756195,45599,45609,10
13.00984001,80.22792816,45609,45619,10
13.0095396,80.22744751,45619,45629,10
13.00988007,80.22673035,45629,45639,10
13.01027966,80.22582245,45639,45649,10
13.01056957,80.22511292,45649,45659,10
13.01084995,80.22444153,45659,45669,10
13.01111031,80.22380829,45669,45680,11
13.01117039,80.22350311,45680,45690,10
13.01134014,80.22309113,45690,45700,10
13.0116396,80.22241974,45700,45710,10
13.01191044,80.22161865,45710,45720,10
13.01210022,80.22099304,45720,45730,10
13.01189995,80.22029114,45730,45740,10
13.01167011,80.2195282,45740,45750,10
13.01142025,80.21881104,45750,45760,10
13.01111984,80.2180481,45760,45770,10
13.01084995,80.21733093,45770,45780,10
13.01053047,80.21659851,45780,45790,10
13.01012039,80.21589661,45790,45801,11
13.00959015,80.21495056,45801,45811,10
13.0089798,80.21411896,45811,45821,10
13.00846958,80.21350861,45821,45831,10
13.00831985,80.21340179,45831,45841,10
13.00809002,80.21328735,45841,45851,10
13.00788021,80.21318054,45851,45861,10
13.00769043,80.2130127,45861,45877,16
13.00671959,80.21276093,45877,45889,12
13.00592041,80.21298218,45889,45897,8
13.00537014,80.21276093,45897,45908,11
13.00469971,80.21240234,45908,45918,10
13.00395012,80.21215057,45918,45930,12
13.00312042,80.21211243,45930,45940,10
13.00280952,80.21208954,45940,45949,9
13.00242996,80.2121582,45949,45960,11
13.00197983,80.21240234,45960,45971,11
13.00166035,80.21263123,45971,45981,10
13.00113964,80.21298981,45981,45991,10
13.00094986,80.2131424,45991,46001,10
13.00063038,80.21340179,46001,46011,10
13.00010967,80.21388245,46011,46021,10
12.99958992,80.21434784,46021,46031,10
12.99911022,80.21473694,46031,46042,11
12.99878025,80.21501923,46042,46052,10
12.9981699,80.2155304,46052,46062,10
12.99754047,80.21607971,46062,46072,10
12.99730968,80.21633911,46072,46092,20
12.99730968,80.21633911,46092,46102,10
12.99701977,80.21652222,46102,46112,10
12.99658966,80.21656036,46112,46122,10
12.99633026,80.21659851,46122,46132,10
12.9960804,80.21663666,46132,46142,10
12.99594975,80.21665955,46142,46153,11
12.99569988,80.21672058,46153,46163,10
12.99557018,80.21676636,46163,46173,10
12.99540043,80.21684265,46173,46183,10
12.99510956,80.21700287,46183,46223,40
12.99510956,80.21700287,46223,46233,10
12.99464989,80.2173233,46233,46243,10
12.99417973,80.21768951,46243,46253,10
12.99357986,80.21811676,46253,46263,10
12.99283981,80.21864319,46263,46274,11
12.99195004,80.21929169,46274,46284,10
12.99137974,80.21971893,46284,46294,10
12.99092007,80.22006989,46294,46304,10
12.9907999,80.22016144,46304,46314,10
12.99077034,80.22019958,46314,46324,10
12.99042988,80.22045135,46324,46334,10
12.98985958,80.22096252,46334,46344,10
12.98929977,80.22161865,46344,46354,10
12.98886967,80.22215271,46354,46364,10
12.98820019,80.2227478,46364,46374,10
12.98750019,80.22309113,46374,46384,10
12.98709965,80.22305298,46384,46395,11
12.98694992,80.22303009,46395,46405,10
12.98682022,80.22299957,46405,46415,10
12.98647976,80.22296906,46415,46425,10
12.9857502,80.22305298,46425,46435,10
12.98561001,80.22312927,46435,46445,10
12.98528004,80.22328186,46445,46455,10
12.98491955,80.22312927,46455,46465,10
12.98431969,80.22281647,46465,46475,10
12.98377991,80.22254181,46475,46485,10
12.9834404,80.22234344,46485,46495,10
12.98340988,80.22231293,46495,46506,11
12.9833498,80.22226715,46506,46516,10
12.98332024,80.22225952,46516,46526,10
12.98313046,80.22216034,46526,46536,10
12.98303032,80.2220993,46536,46546,10
12.98295021,80.22203827,46546,46556,10
12.98279953,80.2219696,46556,46566,10
12.98264027,80.22189331,46566,46576,10
12.98213959,80.22171783,46576,46606,30
12.98213959,80.22171783,46606,46616,10
12.98182011,80.22148895,46616,46627,11
12.98130989,80.22123718,46627,46637,10
12.98060036,80.22110748,46637,46647,10
12.97968006,80.22115326,46647,46657,10
12.97865009,80.22119141,46657,46667,10
12.97791958,80.22122955,46667,46676,9
12.97712994,80.22126007,46676,46687,11
12.97632027,80.22123718,46687,46696,9
12.9759798,80.22129822,46696,46707,11
12.97581005,80.22118378,46707,46717,10
12.97577953,80.221138,46717,46727,10
12.97576046,80.22109222,46727,46737,10
12.97550011,80.22090149,46737,46747,10
12.97515965,80.22068787,46747,46758,11
12.97443962,80.22039032,46758,46768,10
12.97367954,80.22007751,46768,46778,10
12.97292042,80.21977997,46778,46788,10
12.97202015,80.21942902,46788,46798,10
12.97132015,80.21926117,46798,46808,10
12.97119999,80.21923828,46808,46818,10
12.97103024,80.2191925,46818,46828,10
12.97054005,80.21891022,46828,46838,10
12.96984005,80.21858215,46838,46848,10
12.96907997,80.21826935,46848,46859,11
12.96823978,80.21794891,46859,46869,10
12.96747971,80.21765137,46869,46879,10
12.96654034,80.21727753,46879,46889,10
12.96545982,80.21685028,46889,46899,10
12.96440029,80.21643066,46899,46909,10
12.96370029,80.21614075,46909,46919,10
12.96325016,80.21592712,46919,46929,10
12.96284962,80.21573639,46929,46939,10
12.96191978,80.21537781,46939,46949,10
12.96094036,80.2150116,46949,46959,10
12.95989037,80.21459198,46959,46969,10
12.95888996,80.21418762,46969,46980,11
12.95775986,80.21373749,46980,46990,10
12.95703983,80.21344757,46990,47000,10
12.95625973,80.21311951,47000,47010,10
12.95534039,80.21278381,47010,47020,10
12.9544096,80.21243286,47020,47030,10
12.95359039,80.21211243,47030,47040,10
12.9526701,80.21173859,47040,47056,16
12.95084953,80.21102905,47056,47068,12
12.94948006,80.21048737,47068,47077,9
12.94853973,80.21011353,47077,47088,11
12.94723988,80.20960236,47088,47098,10
12.9458704,80.20906067,47098,47109,11
12.9447298,80.20861053,47109,47119,10
12.94427013,80.20842743,47119,47129,10
12.94421959,80.2084198,47129,47139,10
12.94381046,80.20822144,47139,47149,10
12.94324017,80.20796204,47149,47159,10
12.94266033,80.20732117,47159,47169,10
12.94221973,80.20684814,47169,47179,10
12.94172001,80.2064209,47179,47189,10
12.94137955,80.20619965,47189,47199,10
12.94110966,80.20606995,47199,47209,10
12.94102001,80.20600891,47209,47220,11
12.94073963,80.20588684,47220,47230,10
12.94046021,80.20578766,47230,47240,10
12.93992996,80.2056427,47240,47250,10
12.93937016,80.20546722,47250,47260,10
12.93859005,80.20523071,47260,47270,10
12.93811035,80.20509338,47270,47280,10
12.93743992,80.20490265,47280,47290,10
12.93659973,80.20465851,47290,47300,10
12.93583012,80.20443726,47300,47310,10
12.93540001,80.20424652,47310,47320,10
12.93465996,80.20401764,47320,47330,10
12.93383026,80.20394897,47330,47341,11
12.93365002,80.20394135,47341,47351,10
12.93334007,80.20385742,47351,47361,10
12.9328804,80.20366669,47361,47371,10
12.93237972,80.20349884,47371,47381,10
12.93175983,80.20329285,47381,47391,10
12.93091965,80.20301819,47391,47401,10
12.92951012,80.20278168,47401,47421,20
12.92951012,80.20278168,47421,47431,10
12.92914009,80.20272064,47431,47441,10
12.92854977,80.2025528,47441,47452,11
12.92844963,80.20185089,47452,47462,10
12.92842007,80.20098877,47462,47472,10
12.92835045,80.19998169,47472,47482,10
12.92800999,80.19902802,47482,47492,10
12.92745018,80.19815063,47492,47502,10
12.92652035,80.19763947,47502,47512,10
12.92562008,80.1975174,47512,47522,10
12.92531967,80.1975174,47522,47532,10
12.92475033,80.19748688,47532,47542,10
12.92391968,80.19748688,47542,47552,10
12.92319012,80.19743347,47552,47562,10
12.92255974,80.19734192,47562,47573,11
12.92175007,80.1971817,47573,47583,10
12.92121029,80.19700623,47583,47593,10
12.92074013,80.19683075,47593,47603,10
12.92016029,80.19664001,47603,47613,10
12.91940022,80.19634247,47613,47623,10
12.91880035,80.19586945,47623,47633,10
12.91837978,80.19548798,47633,47643,10
12.91808033,80.19522858,47643,47653,10
12.91755962,80.19474792,47653,47663,10
12.91716957,80.19432068,47663,47673,10
12.91716003,80.19429779,47673,47683,10
12.91703987,80.19403839,47683,47694,11
12.91699028,80.19342804,47694,47704,10
12.91707993,80.19280243,47704,47714,10
12.91714954,80.19219971,47714,47724,10
12.91726017,80.19145203,47724,47744,20
12.91726017,80.19145203,47744,47754,10
12.91730976,80.19132996,47754,47764,10
12.91736031,80.19084167,47764,47774,10
12.91742992,80.19007874,47774,47784,10
12.91775036,80.18914795,47784,47794,10
12.91837978,80.1882782,47794,47805,11
12.91891956,80.18769073,47805,47815,10
12.91952991,80.18698883,47815,47825,10
12.92028046,80.18611908,47825,47835,10
12.92053986,80.18514252,47835,47845,10
12.92029953,80.18424988,47845,47854,9
12.92026043,80.18409729,47854,47864,10
12.92022038,80.18388367,47864,47875,11
12.92008972,80.1832962,47875,47885,10
12.91991043,80.18258667,47885,47895,10
12.91987038,80.18244171,47895,47905,10
12.91975975,80.18193054,47905,47915,10
12.91958046,80.18113708,47915,47926,11
12.91938019,80.18006897,47926,47936,10
12.91897964,80.17910767,47936,47946,10
12.91839981,80.17829132,47946,47956,10
12.91823006,80.17716217,47956,47966,10
12.91843987,80.17595673,47966,47976,10
12.91876984,80.17472076,47976,47986,10
12.91909981,80.17340851,47986,47996,10
12.91938972,80.17225647,47996,48006,10
12.91958046,80.17147064,48006,48016,10
12.91961956,80.17127991,48016,48026,10
12.91975975,80.17089844,48026,48036,10
12.91985989,80.17064667,48036,48047,11
12.92008018,80.16993713,48047,48057,10
12.92037964,80.16905212,48057,48067,10
12.92070007,80.16802979,48067,48077,10
12.92105961,80.16693115,48077,48087,10
12.9214201,80.16581726,48087,48097,10
12.92175961,80.16475677,48097,48107,10
12.9219799,80.16403961,48107,48117,10
12.92222023,80.16323853,48117,48133,16
12.92251968,80.16233826,48133,48145,12
12.92282009,80.16142273,48145,48153,8
12.92300987,80.16079712,48153,48166,13
12.92308044,80.16046143,48166,48176,10
12.92311954,80.16031647,48176,48186,10
12.9232502,80.15979004,48186,48196,10
12.92335033,80.15904999,48196,48205,9
12.92346001,80.15820313,48205,48216,11
12.92354965,80.15698242,48216,48227,11
12.92362022,80.15596771,48227,48237,10
12.92341995,80.15519714,48237,48247,10
12.9233799,80.1550827,48247,48257,10
12.92333984,80.15486908,48257,48267,10
12.92321968,80.15426636,48267,48278,11
12.92298031,80.15332031,48278,48288,10
12.92273045,80.15235901,48288,48308,20
12.92273045,80.15235901,48308,48318,10
12.92267036,80.15216064,48318,48328,10
12.92263031,80.1517868,48328,48338,10
12.92261982,80.15110779,48338,48348,10
12.92259979,80.15029907,48348,48358,10
12.92257023,80.14943695,48358,48368,10
12.92251968,80.14864349,48368,48378,10
12.92251968,80.14792633,48378,48388,10
12.92251968,80.14755249,48388,48399,11
12.92249966,80.14691925,48399,48409,10
12.92249966,80.14675903,48409,48419,10
12.92249966,80.14634705,48419,48429,10
12.92251968,80.14563751,48429,48439,10
12.92247963,80.1446991,48439,48449,10
12.9224596,80.14367676,48449,48459,10
12.92241955,80.14280701,48459,48469,10
12.92241955,80.14266968,48469,48479,10
12.92243958,80.14243317,48479,48489,10
12.92241955,80.14205933,48489,48499,10
12.92241001,80.14176178,48499,48515,16
12.92240047,80.1411438,48515,48528,13
12.92236996,80.14034271,48528,48538,10
12.92236996,80.13974762,48538,48546,8
12.92236996,80.13903046,48546,48558,12
12.92243958,80.13793945,48558,48568,10
12.92247009,80.1370163,48568,48578,10
12.92251968,80.13606262,48578,48588,10
12.92253971,80.13519287,48588,48598,10
12.92257977,80.13432312,48598,48608,10
12.92261982,80.13343811,48608,48617,9
12.92263985,80.13275146,48617,48628,11
12.9226799,80.1318512,48628,48639,11
12.92271042,80.13085938,48639,48649,10
12.92276001,80.13009644,48649,48659,10
12.92278957,80.12949371,48659,48669,10
12.9228096,80.12899017,48669,48679,10
12.92284966,80.12843323,48679,48689,10
12.92288017,80.12773895,48689,48699,10
12.9229002,80.12721252,48699,48709,10
12.9229002,80.1265564,48709,48719,10
12.92292976,80.12563324,48719,48729,10
12.92300034,80.12449646,48729,48739,10
12.92306042,80.12323761,48739,48749,10
12.92308998,80.12188721,48749,48760,11
12.9231596,80.1204834,48760,48780,20
12.9231596,80.1204834,48780,48790,10
12.92319012,80.12023926,48790,48800,10
12.9232502,80.11956787,48800,48810,10
12.92325974,80.1190033,48810,48820,10
12.92329979,80.11833954,48820,48830,10
12.92343998,80.11737823,48830,48840,10
12.92343044,80.11696625,48840,48850,10
12.92341995,80.11685944,48850,48860,10
12.9236002,80.11683655,48860,48870,10
12.92352009,80.11724091,48870,48881,11
12.92364025,80.11766052,48881,48891,10
12.92364025,80.11766815,48891,48901,10
12.92362976,80.11782074,48901,48911,10
12.92354012,80.11824799,48911,48921,10
12.92348003,80.11898041,48921,48931,10
12.92335987,80.11976624,48931,48941,10
12.92327976,80.1204834,48941,48951,10
12.92325974,80.12094116,48951,48961,10
12.92325974,80.12114716,48961,49052,91
12.92325974,80.12114716,49052,49062,10
12.92317963,80.12127686,49062,49072,10
12.92317009,80.12177277,49072,49082,10
12.92313004,80.12256622,49082,49092,10
12.92310047,80.12358856,49092,49102,10
12.92306042,80.12465668,49102,49113,11
12.92300987,80.12519836,49113,49143,30
12.92300987,80.12519836,49143,49153,10
12.92300987,80.1254425,49153,49163,10
12.92298031,80.12587738,49163,49173,10
12.92296982,80.12622833,49173,49183,10
12.92294979,80.12669373,49183,49193,10
12.92292023,80.12740326,49193,49203,10
12.92288017,80.12815857,49203,49213,10
12.92282009,80.12886047,49213,49223,10
12.92276001,80.12962341,49223,49234,11
12.92273998,80.13041687,49234,49244,10
12.92273045,80.13118744,49244,49254,10
12.92271042,80.13195801,49254,49264,10
12.92269039,80.13272858,49264,49274,10
12.92265987,80.13359833,49274,49284,10
12.92259979,80.134552,49284,49294,10
12.92255974,80.13543701,49294,49304,10
12.92253017,80.13626862,49304,49314,10
12.92247963,80.13722229,49314,49324,10
12.92245007,80.13822937,49324,49334,10
12.92238045,80.13916779,49334,49344,10
12.92238045,80.13999939,49344,49355,11
12.92238998,80.14054871,49355,49365,10
12.92240047,80.14128113,49365,49375,10
12.92241001,80.14196777,49375,49385,10
12.92241955,80.14202118,49385,49401,16
12.92243004,80.14231873,49401,49413,12
12.92245007,80.14272308,49413,49421,8
12.9224596,80.14315796,49421,49432,11
12.92247009,80.14391327,49432,49444,12
12.92251015,80.14526367,49444,49454,10
12.92255974,80.1464386,49454,49464,10
12.92259026,80.14723206,49464,49474,10
12.92259026,80.14784241,49474,49485,11
12.92257023,80.14875793,49485,49495,10
12.92263031,80.14974976,49495,49505,10
12.92265987,80.15070343,49505,49515,10
12.92269993,80.15131378,49515,49536,21
12.92269993,80.15131378,49536,49546,10
12.92271996,80.1515274,49546,49556,10
12.92271996,80.15180969,49556,49565,9
12.92278004,80.15232849,49565,49576,11
12.92300034,80.15325165,49576,49587,11
12.9232502,80.15421295,49587,49597,10
12.92341995,80.15480042,49597,49607,10
12.92350006,80.15514374,49607,49617,10
12.92366982,80.15583038,49617,49627,10
12.92364025,80.15676117,49627,49637,10
12.92352962,80.15782928,49637,49647,10
12.92343044,80.15892029,49647,49657,10
12.92331982,80.16001892,49657,49667,10
12.9230299,80.16104126,49667,49677,10
12.92267036,80.16217804,49677,49687,10
12.92234039,80.16316223,49687,49697,10
12.92201042,80.16422272,49697,49708,11
12.92160034,80.16548157,49708,49718,10
12.92123985,80.16661835,49718,49728,10
12.92092037,80.1676178,49728,49738,10
12.92066956,80.16838837,49738,49748,10
12.9203701,80.16934204,49748,49758,10
12.92004967,80.17035675,49758,49768,10
12.91979027,80.17127228,49768,49778,10
12.91956043,80.17199707,49778,49788,10
12.91930008,80.17298126,49788,49798,10
12.91901016,80.17411041,49798,49808,10
12.91874027,80.1753006,49808,49819,11
12.91847038,80.17635345,49819,49829,10
12.91829014,80.17727661,49829,49839,10
12.91839981,80.17823029,49839,49849,10
12.9190197,80.17909241,49849,49859,10
12.9194603,80.18018341,49859,49869,10
12.91969967,80.18138123,49869,49879,10
12.91994953,80.18247986,49879,49889,10
12.92014027,80.1832962,49889,49899,10
12.92024994,80.18373871,49899,49909,10
12.92035961,80.18421936,49909,49919,10
12.92047024,80.18475342,49919,49929,10
12.92053032,80.18492889,49929,49940,11
12.92061996,80.18533325,49940,49950,10
12.92063046,80.18579102,49950,49966,16
12.91987991,80.1867218,49966,49978,12
12.91928005,80.18740082,49978,49988,10
12.91907978,80.18765259,49988,49998,10
12.91886044,80.18791962,49998,50008,10
12.91854,80.18824768,50008,50018,10
12.91810989,80.1887207,50018,50028,10
12.91765022,80.18948364,50028,50038,10
12.91749001,80.19013977,50038,50048,10
12.91740036,80.19085693,50048,50059,11
12.91726971,80.19181061,50059,50069,10
12.91720009,80.19233704,50069,50079,10
12.91716003,80.19268036,50079,50109,30
12.91716003,80.19268036,50109,50119,10
12.91713047,80.19284821,50119,50129,10
12.9170599,80.19319153,50129,50139,10
12.91709042,80.19378662,50139,50149,10
12.9172802,80.1943512,50149,50159,10
12.91779995,80.19489288,50159,50169,10
12.91845989,80.19548035,50169,50180,11
12.91907978,80.19602203,50180,50189,9
12.91956043,80.19634247,50189,50200,11
12.92026043,80.19661713,50200,50210,10
12.92057037,80.19670868,50210,50220,10
12.92099953,80.19683075,50220,50230,10
12.92171001,80.19709778,50230,50240,10
12.92261028,80.19728851,50240,50250,10
12.92319012,80.19735718,50250,50260,10
12.92348003,80.19740295,50260,50270,10
12.92409039,80.1974411,50270,50280,10
12.92492008,80.19741821,50280,50291,11
12.9253397,80.19741821,50291,50301,10
12.92576981,80.19741821,50301,50311,10
12.92636013,80.19748688,50311,50321,10
12.92700958,80.19774628,50321,50331,10
12.92765999,80.19827271,50331,50341,10
12.92809963,80.19904327,50341,50351,10
12.92844009,80.20001221,50351,50361,10
12.92850018,80.20105743,50361,50371,10
12.92854977,80.20200348,50371,50381,10
12.9288702,80.20262909,50381,50391,10
12.92936993,80.2026825,50391,50401,10
12.92940998,80.20272064,50401,50412,11
12.9299202,80.20278168,50412,50422,10
12.93095016,80.20294952,50422,50442,20
12.93109035,80.20298767,50442,50482,40
12.93109035,80.20298767,50482,50492,10
12.93118,80.20300293,50492,50502,10
12.93136978,80.20305634,50502,50512,10
12.93179035,80.20320892,50512,50522,10
12.93241024,80.20342255,50522,50533,11
12.93292999,80.20359039,50533,50543,10
12.93365955,80.20381165,50543,50563,20
12.93365955,80.20381165,50563,50573,10
12.93377972,80.2038269,50573,50583,10
12.93412018,80.20387268,50583,50593,10
12.9346199,80.20391083,50593,50603,10
12.93535995,80.20413971,50603,50613,10
12.93593979,80.20437622,50613,50623,10
12.93642998,80.20452881,50623,50633,10
12.93719006,80.20475006,50633,50643,10
12.93803978,80.20498657,50643,50654,11
12.93883038,80.20523071,50654,50664,10
12.9394598,80.20542908,50664,50674,10
12.93976021,80.205513,50674,50684,10
12.94007969,80.20561218,50684,50694,10
12.94048023,80.20574188,50694,50704,10
12.94104958,80.20594788,50704,50714,10
12.94176006,80.20636749,50714,50724,10
12.94242954,80.20693207,50724,50734,10
12.94293022,80.20754242,50734,50744,10
12.94351006,80.2080307,50744,50754,10
12.94412994,80.20825958,50754,50764,10
12.94437027,80.20834351,50764,50775,11
12.9447403,80.20848083,50775,50785,10
12.94540024,80.2087326,50785,50802,17
12.94686031,80.20932007,50802,50814,12
12.94785023,80.20968628,50814,50824,10
12.94849014,80.20992279,50824,50833,9
12.9495697,80.21035004,50833,50844,11
12.95077991,80.21083832,50844,50854,10
12.95195961,80.21131897,50854,50864,10
12.95273972,80.21160126,50864,50874,10
12.95330048,80.21185303,50874,50884,10
12.95386982,80.21208191,50884,50894,10
12.95468998,80.21240234,50894,50905,11
12.95580959,80.21283722,50905,50915,10
12.95687962,80.21324158,50915,50925,10
12.95802975,80.21372223,50925,50935,10
12.95907974,80.21412659,50935,50945,10
12.95993042,80.21446991,50945,50955,10
12.96035004,80.21463776,50955,50965,10
12.96078014,80.21479797,50965,50975,10
12.96154022,80.21510315,50975,50985,10
12.96247005,80.21546936,50985,50995,10
12.96335983,80.21582031,50995,51006,11
12.9640398,80.21611786,51006,51016,10
12.96483994,80.21646118,51016,51026,10
12.96570969,80.21681213,51026,51036,10
12.96652985,80.2171402,51036,51046,10
12.96726036,80.21743011,51046,51056,10
12.96772003,80.21762848,51056,51066,10
12.96786022,80.21768951,51066,51076,10
12.96825981,80.2178421,51076,51086,10
12.96895981,80.21811676,51086,51096,10
12.96984005,80.21845245,51096,51106,10
12.97084999,80.21887207,51106,51116,10
12.9717598,80.21923828,51116,51127,11
12.97259998,80.21955109,51127,51137,10
12.97340965,80.21984863,51137,51147,10
12.97404957,80.2201004,51147,51157,10
12.97465992,80.22039795,51157,51167,10
12.97523975,80.2206192,51167,51237,70
12.97523975,80.2206192,51237,51248,11
12.97550964,80.22074127,51248,51258,10
12.97622013,80.22119904,51258,51288,30
12.97622013,80.22119904,51288,51298,10
12.97634029,80.22120667,51298,51308,10
12.97679996,80.22123718,51308,51318,10
12.97745991,80.22122192,51318,51328,10
12.97821045,80.22118378,51328,51338,10
12.97840023,80.22116089,51338,51348,10
12.9786396,80.22109985,51348,51359,11
12.97926998,80.22106171,51359,51369,10
12.98011017,80.2210083,51369,51379,10
12.98101044,80.22099304,51379,51389,10
12.98157978,80.22126007,51389,51399,10
12.98206997,80.22158813,51399,51409,10
12.98248005,80.22177124,51409,51429,20
12.98248005,80.22177124,51429,51439,10
12.9826498,80.22184753,51439,51449,10
12.98291016,80.22194672,51449,51459,10
12.98293018,80.22196198,51459,51469,10
12.98320007,80.22212982,51469,51480,11
12.98365974,80.22239685,51480,51490,10
12.9839201,80.22255707,51490,51500,10
12.9842701,80.22277832,51500,51510,10
12.98476028,80.22309113,51510,51520,10
12.98536968,80.22325897,51520,51530,10
12.98583031,80.22296143,51530,51540,10
12.98651981,80.2229538,51540,51550,10
12.98709011,80.22303772,51550,51560,10
12.98775005,80.22303772,51560,51570,10
12.98841,80.22254944,51570,51580,10
12.9889698,80.22196198,51580,51590,10
12.98950958,80.22126007,51590,51601,11
12.99026966,80.2204895,51601,51611,10
12.99048042,80.22032166,51611,51621,10
12.99051952,80.22028351,51621,51631,10
12.99069023,80.22015381,51631,51641,10
12.99104023,80.21988678,51641,51651,10
12.99139977,80.21959686,51651,51661,10
12.99182034,80.2193222,51661,51671,10
12.99209976,80.21911621,51671,51681,10
12.99258995,80.21877289,51681,51691,10
12.99324036,80.21827698,51691,51701,10
12.99392986,80.2177887,51701,51712,11
12.99442005,80.21746063,51712,51722,10
12.9948597,80.21713257,51722,51732,10
12.99551964,80.21671295,51732,51752,20
12.99551964,80.21671295,51752,51762,10
12.99582005,80.21659851,51762,51812,50
12.99582005,80.21659851,51812,51822,10
12.99621964,80.21652985,51822,51833,11
12.99645996,80.21649933,51833,51853,20
12.99680042,80.21646118,51853,51873,20
12.99701977,80.21643829,51873,51903,30
12.99701977,80.21643829,51903,51913,10
12.99724007,80.21639252,51913,51923,10
12.99754047,80.21607208,51923,51933,10
12.99806023,80.21560669,51933,51944,11
12.99876022,80.21497345,51944,51954,10
12.99919033,80.2146225,51954,51964,10
12.99956036,80.21430206,51964,51974,10
12.99995995,80.21395874,51974,51984,10
13.00045013,80.21350098,51984,51994,10
13.00104046,80.21302032,51994,52004,10
13.00162983,80.21257019,52004,52014,10
13.00226021,80.21219635,52014,52024,10
13.00280952,80.21206665,52024,52034,10
13.00349045,80.21202087,52034,52044,10
13.00376034,80.21195984,52044,52054,10
13.00399971,80.21196747,52054,52065,11
13.0042696,80.21209717,52065,52075,10
13.00477028,80.21233368,52075,52085,10
13.00543022,80.21272278,52085,52095,10
13.00615025,80.21276855,52095,52105,10
13.00699997,80.21270752,52105,52117,12
13.00786018,80.21304321,52117,52137,20
13.00786018,80.21304321,52137,52147,10
13.00809956,80.21318817,52147,52157,10
13.00860023,80.21344757,52157,52167,10
13.00911045,80.21414948,52167,52177,10
13.00961971,80.21491241,52177,52188,11
13.01016045,80.21560669,52188,52198,10
13.01068974,80.21640778,52198,52208,10
13.01101017,80.21726227,52208,52218,10
13.01142025,80.21829987,52218,52228,10
13.01183033,80.21949005,52228,52238,10
13.01218987,80.22057343,52238,52248,10
13.0125103,80.22144318,52248,52258,10
13.01288986,80.22202301,52258,52268,10
13.01342964,80.22261047,52268,52284,16
13.01418018,80.22354889,52284,52296,12
13.01478004,80.22425842,52296,52307,11
13.01531982,80.22483063,52307,52317,10
13.01546955,80.22492218,52317,52327,10
13.01556969,80.22499084,52327,52337,10
13.01595974,80.22528076,52337,52347,10
13.01675034,80.22518921,52347,52356,9
13.01758957,80.22486115,52356,52367,11
13.01867962,80.22442627,52367,52376,9
13.01970005,80.22447968,52376,52397,21
13.01970005,80.22447968,52397,52407,10
13.0197897,80.22447968,52407,52418,11
13.02007008,80.22470093,52418,52428,10
13.0205698,80.22509003,52428,52438,10
13.02124023,80.22557831,52438,52448,10
13.02188015,80.22605133,52448,52458,10
13.02202034,80.22615051,52458,52468,10
13.02204037,80.22618866,52468,52478,10
13.02237034,80.22650146,52478,52488,10
13.02293015,80.22698212,52488,52498,10
13.02342987,80.22743988,52498,52508,10
13.02385998,80.22782898,52508,52518,10
13.02431965,80.22827911,52518,52528,10
13.02447987,80.22853851,52528,52539,11
13.0247097,80.22891235,52539,52555,16
13.02544022,80.22991943,52555,52567,12
13.02591991,80.23069763,52567,52577,10
13.02595997,80.23085022,52577,52587,10
13.02600956,80.23116302,52587,52597,10
13.02643013,80.23123169,52597,52607,10
13.02703953,80.2310791,52607,52617,10
13.02793026,80.23091888,52617,52627,10
13.02882004,80.23084259,52627,52637,10
13.0291996,80.2308197,52637,52647,10
13.02937984,80.23081207,52647,52658,11
13.02991009,80.23075867,52658,52668,10
13.03048992,80.23069763,52668,52676,8
13.03067017,80.23068237,52676,52688,12
13.03102016,80.23065948,52688,52698,10
13.03147984,80.23062134,52698,52708,10
13.03223038,80.2305603,52708,52718,10
13.03310013,80.23049927,52718,52728,10
13.03386021,80.23046875,52728,52738,10
13.03411007,80.23045349,52738,52748,10
13.03435993,80.2303772,52748,52758,10
13.03472042,80.23029327,52758,52781,23
13.03487968,80.23020172,52781,52884,103
13.03487968,80.23020172,52884,52894,10
13.03501034,80.23034668,52894,52905,11
13.03464031,80.2303772,52905,52915,10
13.03404045,80.23045349,52915,52925,10
13.03341007,80.23047638,52925,52935,10
13.03283978,80.2305069,52935,52945,10
13.03221989,80.23056793,52945,52955,10
13.03155994,80.23062134,52955,52965,10
13.03085041,80.23068237,52965,52975,10
13.03036022,80.23072815,52975,52985,10
13.02982044,80.23079681,52985,52995,10
13.02950954,80.23085785,52995,53005,10
13.0288496,80.23090363,53005,53016,11
13.02830982,80.23097229,53016,53026,10
13.0280304,80.23100281,53026,53036,10
13.02777958,80.23101807,53036,53046,10
13.02766991,80.23123932,53046,53056,10
13.02772999,80.23175049,53056,53066,10
13.0278101,80.23223877,53066,53076,10
13.02783966,80.23269653,53076,53092,16
13.02700996,80.23291779,53092,53145,53
13.02700996,80.23291779,53145,53155,10
13.02692032,80.23303986,53155,53164,9
13.02665043,80.23310089,53164,53174,10
13.02632999,80.23271179,53174,53185,11
13.02612019,80.23197174,53185,53195,10
13.02598953,80.23139954,53195,53205,10
13.02571964,80.23052216,53205,53215,10
13.02517986,80.22969055,53215,53225,10
13.02484035,80.22927856,53225,53235,10
13.02482033,80.22924805,53235,53246,11
13.02472019,80.22911835,53246,53256,10
13.02451992,80.22885895,53256,53266,10
13.0243597,80.22866058,53266,53276,10
13.02406025,80.22824097,53276,53286,10
13.02350998,80.22762299,53286,53296,10
13.0227499,80.22691345,53296,53306,10
13.02202034,80.22628021,53306,53316,10
13.02140999,80.22582245,53316,53326,10
13.0207901,80.2253418,53326,53336,10
13.02023029,80.22498322,53336,53346,10
13.02009964,80.2248764,53346,53356,10
13.01990032,80.22473907,53356,53367,11
13.01926041,80.22444916,53367,53377,10
13.01846027,80.22457886,53377,53387,10
13.01756954,80.2249527,53387,53403,16
13.01661968,80.22534943,53403,53415,12
13.01646996,80.22541809,53415,53424,9
13.01622009,80.22550964,53424,53434,10
13.01574039,80.22566223,53434,53445,11
13.0155201,80.22576141,53445,53455,10
13.01539993,80.22579956,53455,53464,9
13.01513958,80.22589111,53464,53474,10
13.01498032,80.22593689,53474,53486,12
13.01439953,80.22611237,53486,53496,10
13.01414967,80.2260437,53496,53506,10
13.01406956,80.22545624,53506,53707,201
13.01406002,80.22525024,53707,53778,71
13.01406002,80.22525024,53778,53788,10
13.01408005,80.22518921,53788,53798,10
13.0143404,80.22530365,53798,53808,10
13.01443958,80.22560883,53808,53818,10
13.01453972,80.2258606,53818,54282,464
13.01453972,80.2258606,54282,54292,10
13.0144701,80.22576141,54292,54302,10
13.01436996,80.22579956,54302,54313,11
13.01410007,80.22566223,54313,54323,10
13.01406956,80.22543335,54323,54333,10
13.01436043,80.22541046,54333,54343,10
13.01438046,80.22557831,54343,54353,10
13.01418972,80.22598267,54353,54454,101
13.01418972,80.22598267,54454,54464,10
13.01408005,80.2263031,54464,54474,10
13.01362038,80.22647095,54474,54484,10
13.01294994,80.22672272,54484,54494,10
13.01243973,80.22692108,54494,54504,10
13.01198006,80.22708893,54504,54514,10
13.01130009,80.2273407,54514,54524,10
13.0104599,80.22766876,54524,54534,10
13.00975037,80.22788239,54534,54545,11
13.00959969,80.22737122,54545,54555,10
13.00992012,80.22664642,54555,54565,10
13.01033974,80.22576141,54565,54575,10
13.01072025,80.22490692,54575,54585,10
13.01107979,80.22405243,54585,54595,10
13.01134968,80.22332001,54595,54605,10
13.01169968,80.22335815,54605,54615,10
13.01222038,80.22364807,54615,54625,10
13.01282978,80.22399902,54625,54635,10
13.01366997,80.22441864,54635,54645,10
13.01451015,80.22486115,54645,54655,10
13.01515961,80.22524261,54655,54666,11
13.0157299,80.22527313,54666,54676,10
13.01644039,80.22530365,54676,54686,10
13.01718044,80.22503662,54686,54696,10
13.01805973,80.22467804,54696,54706,10
13.01887989,80.22438049,54706,54722,16
13.01966,80.2244873,54722,54734,12
13.02005959,80.22479248,54734,54742,8
13.02048016,80.2250824,54742,54754,12
13.02116013,80.22559357,54754,54764,10
13.02178955,80.22605133,54764,54774,10
13.02241993,80.22657013,54774,54785,11
13.0232296,80.22727966,54785,54795,10
13.0239296,80.22792053,54795,54805,10
13.02447033,80.22856903,54805,54815,10
13.02478027,80.22902679,54815,54825,10
13.02517986,80.22955322,54825,54835,10
13.02558041,80.23005676,54835,54845,10
13.0257597,80.23040009,54845,54855,10
13.02587986,80.23062897,54855,54865,10
13.02593994,80.23085022,54865,54875,10
13.02595997,80.23110199,54875,54885,10
13.02606964,80.23124695,54885,54895,10
13.02649975,80.23113251,54895,54906,11
13.02715015,80.23097992,54906,54916,10
13.02766037,80.23088837,54916,54926,10
13.02810001,80.23088074,54926,54936,10
13.02875996,80.23079681,54936,54982,46
13.02875996,80.23079681,54982,54994,12
13.02896023,80.23088074,54994,55005,11
13.02923965,80.23084259,55005,55015,10
13.0296402,80.2307663,55015,55026,11
13.03022003,80.23072052,55026,55036,10
13.03075027,80.23068237,55036,55046,10
13.03100014,80.23065948,55046,55056,10
13.03135967,80.23065186,55056,55065,9
13.03186035,80.23062134,55065,55075,10
13.03246021,80.2305603,55075,55086,11
13.03306007,80.23049927,55086,55096,10
13.03359032,80.23045349,55096,55106,10
13.03409958,80.23042297,55106,55116,10
13.0346899,80.23026276,55116,55207,91
13.0346899,80.23026276,55207,55217,10
13.03487968,80.23011017,55217,55227,10
13.03503036,80.22995758,55227,55237,10
13.03485012,80.2297821,55237,55247,10
13.03460026,80.22976685,55247,55348,101
13.03425026,80.22994232,55348,55429,81
13.03425026,80.22994232,55429,55439,10
13.03423977,80.23007965,55439,55449,10
13.03421974,80.23018646,55449,55459,10
13.03417015,80.23033905,55459,55469,10
13.0340004,80.23043823,55469,55479,10
13.03363037,80.23047638,55479,55490,11
13.03299046,80.23052979,55490,55500,10
13.03219986,80.23059845,55500,55510,10
13.0314703,80.23068237,55510,55520,10
13.03100014,80.23072052,55520,55540,20
13.03100014,80.23072052,55540,55550,10
13.03055,80.2307663,55550,55560,10
13.02999973,80.23084259,55560,55570,10
13.02949047,80.23088837,55570,55580,10
13.02898979,80.23091888,55580,55590,10
13.02832031,80.23101044,55590,55600,10
13.02775955,80.23105621,55600,55610,10
13.02766991,80.23133087,55610,55620,10
13.02772999,80.23188019,55620,55631,11
13.02777958,80.23258972,55631,55641,10
13.02719975,80.23285675,55641,55671,30
13.02719975,80.23285675,55671,55681,10
13.02709007,80.23288727,55681,55691,10
13.02703953,80.23290253,55691,55701,10
13.02678967,80.23297119,55701,55711,10
13.02645016,80.23296356,55711,55722,11
13.02622986,80.23242188,55722,55732,10
13.0260601,80.23177338,55732,55742,10
13.02604008,80.23168182,55742,55752,10
13.02600002,80.23152161,55752,55762,10
13.02587986,80.23097992,55762,55772,10
13.0255003,80.23017883,55772,55782,10
13.02472973,80.22917938,55782,55802,20
13.02472973,80.22917938,55802,55812,10
13.02449036,80.22888947,55812,55822,10
13.02408981,80.22840881,55822,55832,10
13.02355003,80.2277832,55832,55843,11
13.02305984,80.22741699,55843,55879,36
13.02305984,80.22741699,55879,55891,12
13.02272034,80.22718048,55891,55901,10
13.02258015,80.22689819,55901,55911,10
13.02225018,80.22651672,55911,55921,10
13.02153969,80.22595215,55921,55931,10
13.02075958,80.2253418,55931,55941,10
13.01988029,80.2247467,55941,55972,31
13.01988029,80.2247467,55972,55982,10
13.01953983,80.22454834,55982,55992,10
13.01879025,80.22445679,55992,56003,11
13.01784992,80.224823,56003,56013,10
13.0166502,80.2253418,56013,56022,9
13.01581955,80.22566986,56022,56033,11
13.01502991,80.2259903,56033,56043,10
13.01473045,80.22612,56043,56053,10
13.01430035,80.22628021,56053,56063,10
13.01414013,80.22634888,56063,56074,11
13.01360035,80.2265625,56074,56084,10
13.01296043,80.22678375,56084,56094,10
13.01216984,80.22705841,56094,56104,10
13.01121998,80.22740936,56104,56114,10
13.01018047,80.22782135,56114,56124,10
13.00949955,80.22767639,56124,56134,10
13.0097599,80.22702026,56134,56144,10
13.01004028,80.22637939,56144,56154,10
13.01062012,80.22505951,56154,56184,30
13.01062012,80.22505951,56184,56195,11
13.01078987,80.22467041,56195,56205,10
13.01109028,80.22393799,56205,56215,10
13.01148987,80.22296143,56215,56225,10
13.01194,80.22186279,56225,56235,10
13.01214027,80.22097778,56235,56245,10
13.01181984,80.22003174,56245,56255,10
13.01146984,80.21896362,56255,56265,10
13.01113987,80.21800232,56265,56275,10
13.01076031,80.2171402,56275,56284,9
13.01045036,80.21646118,56284,56294,10
13.01004028,80.2157135,56294,56305,11
13.00951004,80.21482849,56305,56316,11
13.00895977,80.21408081,56316,56326,10
13.00860023,80.21363831,56326,56356,30
13.00860023,80.21363831,56356,56366,10
13.00831032,80.21337891,56366,56386,20
13.0081501,80.21330261,56386,56406,20
13.0081501,80.21330261,56406,56416,10
13.00796032,80.21318817,56416,56427,11
13.00784969,80.21309662,56427,56437,10
13.00753975,80.21286011,56437,56447,10
13.00704956,80.21273804,56447,56457,10
13.00658989,80.21270752,56457,56467,10
13.00609016,80.21289825,56467,56477,10
13.00555038,80.21286011,56477,56487,10
13.00489998,80.21246338,56487,56497,10
13.00419998,80.21214294,56497,56507,10
13.00354004,80.21204376,56507,56517,10
13.00298023,80.21208191,56517,56527,10
13.00238991,80.21218109,56527,56537,10
13.00181961,80.21251678,56537,56548,11
13.00113964,80.21302032,56548,56558,10
13.00065041,80.21343994,56558,56568,10
13.00008965,80.21394348,56568,56578,10
12.99964046,80.21434021,56578,56588,10
12.99919987,80.21473694,56588,56598,10
12.99892998,80.21495056,56598,56608,10
12.99853992,80.21530151,56608,56618,10
12.99798965,80.21575928,56618,56628,10
12.99746037,80.21623993,56628,56638,10
12.99742031,80.21627808,56638,56648,10
12.99732971,80.216362,56648,56658,10
12.99722004,80.21647644,56658,56669,11
12.99711037,80.21656036,56669,56679,10
12.99685955,80.21656799,56679,56689,10
12.99670029,80.21658325,56689,56699,10
12.9966898,80.21658325,56699,56709,10
12.99664021,80.21656036,56709,56719,10
12.99639988,80.21659851,56719,56729,10
12.99615955,80.21663666,56729,56739,10
12.99606037,80.21665955,56739,56749,10
12.99586964,80.21672058,56749,56759,10
12.99575043,80.2167511,56759,56769,10
12.99561024,80.21679688,56769,56780,11
12.99559975,80.21681213,56780,56790,10
12.99534988,80.21690369,56790,56800,10
12.99514961,80.21701813,56800,56810,10
12.99512959,80.21703339,56810,56820,10
12.99473953,80.21727753,56820,56830,10
12.99427986,80.21762085,56830,56840,10
12.99382019,80.21794128,56840,56850,10
12.99320984,80.2183609,56850,56860,10
12.99254036,80.21884918,56860,56870,10
12.99184036,80.21938324,56870,56880,10
12.99120045,80.21985626,56880,56890,10
12.9907999,80.22016907,56890,56901,11
12.99073029,80.22022247,56901,56911,10
12.99059963,80.22032928,56911,56921,10
12.99022007,80.2206192,56921,56931,10
12.98980045,80.22100067,56931,56941,10
12.98929024,80.22158051,56941,56951,10
12.9887104,80.22226715,56951,56961,10
12.98797035,80.22293854,56961,56971,10
12.98727989,80.2230835,56971,56981,10
12.98684978,80.22302246,56981,56991,10
12.98645973,80.22299194,56991,57001,10
12.98581028,80.22303009,57001,57011,10
12.98538017,80.22329712,57011,57022,11
12.98474026,80.22309113,57022,57038,16
12.98377991,80.22251129,57038,57050,12
12.98322964,80.22216034,57050,57060,10
12.98316002,80.22212219,57060,57070,10
12.98311043,80.22207642,57070,57080,10
12.98283005,80.22196198,57080,57090,10
12.98250961,80.22186279,57090,57100,10
12.98248959,80.2218399,57100,57110,10
12.98215961,80.22171021,57110,57120,10
12.9816103,80.22135162,57120,57130,10
12.98083019,80.22103882,57130,57141,11
12.97982025,80.22110748,57141,57151,10
12.97904015,80.22119141,57151,57161,10
12.97826004,80.22122192,57161,57171,10
12.97766018,80.22123718,57171,57181,10
12.97706032,80.2212677,57181,57191,10
12.97628975,80.22128296,57191,57201,10
12.97585011,80.2212677,57201,57221,20
12.97585011,80.2212677,57221,57231,10
12.97566032,80.22113037,57231,57262,31
12.97566032,80.22113037,57262,57272,10
12.97552013,80.22096252,57272,57282,10
12.97527027,80.22075653,57282,57292,10
12.97472954,80.2204895,57292,57308,16
12.97373009,80.22006226,57308,57320,12
12.97303963,80.21980286,57320,57328,8
12.9724102,80.2195816,57328,57339,11
12.97161961,80.2193222,57339,57350,11
12.97128963,80.21923065,57350,57360,10
12.9712801,80.21922302,57360,57370,10
12.97091007,80.21903229,57370,57380,10
12.97023964,80.21875,57380,57391,11
12.96938992,80.21842194,57391,57401,10
12.96862984,80.21811676,57401,57411,10
12.96800041,80.21787262,57411,57421,10
12.96745014,80.21762085,57421,57431,10
12.96660995,80.21730042,57431,57441,10
12.96562004,80.21692657,57441,57451,10
12.9644804,80.21646881,57451,57461,10
12.96348,80.21601105,57461,57471,10
12.9625597,80.21562195,57471,57481,10
12.96146011,80.21518707,57481,57492,11
12.96018982,80.21469116,57492,57502,10
12.95897961,80.21420288,57502,57512,10
12.95779991,80.21372986,57512,57522,10
12.95674992,80.21330261,57522,57532,10
12.95559978,80.21285248,57532,57542,10
12.9544096,80.21240234,57542,57552,10
12.95351982,80.21205139,57552,57562,10
12.9520998,80.2114563,57562,57572,10
12.95086002,80.21096802,57572,57582,10
12.9496603,80.21050262,57582,57592,10
12.94859028,80.21008301,57592,57601,9
12.94756985,80.20967865,57601,57613,12
12.9460001,80.20906067,57613,57623,10
12.9448204,80.20861053,57623,57633,10
12.94417953,80.20836639,57633,57643,10
12.94406033,80.20832825,57643,57663,20
12.94406033,80.20832825,57663,57673,10
12.94390011,80.20823669,57673,57683,10
12.94336033,80.20800781,57683,57693,10
12.94276047,80.20744324,57693,57703,10
12.94207954,80.20671844,57703,57713,10
12.94132042,80.20616913,57713,57723,10
12.94102001,80.20601654,57723,57734,11
12.94075012,80.2059021,57734,57744,10
12.94019985,80.20571899,57744,57754,10
12.93947983,80.20549774,57754,57764,10
12.93869019,80.20526123,57764,57774,10
12.93791008,80.20501709,57774,57784,10
12.93708992,80.20478058,57784,57794,10
12.93630028,80.20455933,57794,57804,10
12.93568039,80.20437622,57804,57814,10
12.93505955,80.20410156,57814,57824,10
12.93424034,80.20394135,57824,57834,10
12.93363953,80.20391846,57834,57845,11
12.93356037,80.20391846,57845,57855,10
12.93319988,80.2038269,57855,57865,10
12.93270016,80.20361328,57865,57875,10
12.93202019,80.20337677,57875,57885,10
12.93124008,80.20311737,57885,57895,10
12.93078041,80.20298004,57895,57905,10
12.93033028,80.20288086,57905,57915,10
12.92980003,80.20281219,57915,57925,10
12.92940044,80.20276642,57925,57935,10
12.92910004,80.20272064,57935,57945,10
12.92854023,80.2025528,57945,57955,10
12.92844963,80.20198059,57955,57966,11
12.92842007,80.20114136,57966,57976,10
12.92838001,80.20018768,57976,57986,10
12.92817974,80.19943237,57986,57996,10
12.92798042,80.19898224,57996,58006,10
12.92761993,80.19833374,58006,58016,10
12.92689991,80.19777679,58016,58026,10
12.92597961,80.1975174,58026,58036,10
12.92545986,80.1975174,58036,58046,10
12.92512035,80.19750214,58046,58056,10
12.92442989,80.19750214,58056,58066,10
12.9236002,80.19747925,58066,58076,10
12.92284966,80.1973877,58076,58087,11
12.92208004,80.19730377,58087,58097,10
12.92197037,80.19728088,58097,58107,10
12.92164993,80.19715881,58107,58117,10
12.92107964,80.19695282,58117,58127,10
12.92035961,80.19670105,58127,58137,10
12.91959953,80.19644165,58137,58147,10
12.91897011,80.19602203,58147,58157,10
12.91843987,80.19554138,58157,58167,10
12.91786003,80.19502258,58167,58177,10
12.91718006,80.19434357,58177,58197,20
12.91718006,80.19434357,58197,58208,11
12.91701031,80.19400787,58208,58218,10
12.91697979,80.19346619,58218,58228,10
12.91703987,80.19302368,58228,58244,16
12.91714954,80.19216156,58244,58256,12
12.91726017,80.19130707,58256,58266,10
12.91724968,80.19120026,58266,58276,10
12.91732025,80.19082642,58276,58286,10
12.91738033,80.19020844,58286,58296,10
12.91753006,80.18959045,58296,58306,10
12.91786957,80.18891144,58306,58317,11
12.91849995,80.1881485,58317,58327,10
12.91889954,80.18771362,58327,58337,10
12.91944981,80.18708038,58337,58347,10
12.92012024,80.18630219,58347,58357,10
12.92057991,80.18547058,58357,58367,10
12.9203701,80.18454742,58367,58377,10
12.92014027,80.1835022,58377,58387,10
12.91991997,80.18251801,58387,58397,10
12.91983032,80.18228912,58397,58407,10
12.91977978,80.18203735,58407,58417,10
12.9196701,80.18144226,58417,58427,10
12.91948032,80.18058014,58427,58438,11
12.91921997,80.17954254,58438,58448,10
12.91864014,80.17867279,58448,58458,10
12.91816044,80.17778778,58458,58468,10
12.91829967,80.17675781,58468,58478,10
12.91856003,80.17559814,58478,58488,10
12.91886997,80.17436218,58488,58498,10
12.91915035,80.17317963,58498,58508,10
12.91944981,80.17205811,58508,58518,10
12.91969013,80.17127228,58518,58528,10
12.91977978,80.17086792,58528,58538,10
12.91983032,80.17073059,58538,58549,11
12.92004013,80.17006683,58549,58559,10
12.92029953,80.16921997,58559,58569,10
12.92063046,80.16821289,58569,58579,10
12.92096996,80.1671524,58579,58589,10
12.92136002,80.16591644,58589,58599,10
12.92175961,80.16465759,58599,58609,10
12.92212963,80.1635437,58609,58619,10
12.92243004,80.1625824,58619,58629,10
12.92271042,80.16172028,58629,58639,10
12.92306042,80.16065216,58639,58659,20
12.92306042,80.16065216,58659,58670,11
12.92311954,80.16040802,58670,58680,10
12.92325974,80.15979004,58680,58690,10
12.92335987,80.15888977,58690,58700,10
12.92345047,80.15791321,58700,58710,10
12.92356014,80.15677643,58710,58720,10
12.92358971,80.1558075,58720,58730,10
12.92339039,80.1550827,58730,58740,10
12.92337036,80.1550293,58740,58750,10
12.92331028,80.1548233,58750,58760,10
12.92317009,80.15424347,58760,58770,10
12.92298985,80.15345764,58770,58781,11
12.92273045,80.15247345,58781,58791,10
12.92263985,80.15213776,58791,58801,10
12.92263031,80.15206909,58801,58811,10
12.92259979,80.15177917,58811,58821,10
12.92259026,80.15117645,58821,58831,10
12.92257977,80.150383,58831,58841,10
12.92255974,80.14948273,58841,58851,10
12.92251968,80.14849854,58851,58861,10
12.92249966,80.1475296,58861,58871,10
12.92251968,80.14668274,58871,58881,10
12.92247963,80.14572144,58881,58891,10
12.92243958,80.1445694,58891,58901,10
12.92238998,80.14362335,58901,58912,11
12.92238045,80.14341736,58912,58922,10
12.92238998,80.14333344,58922,58938,16
12.92238045,80.14253235,58938,58950,12
12.92236042,80.14187622,58950,58960,10
12.92234039,80.14154053,58960,58970,10
12.92234039,80.14151764,58970,58980,10
12.92232037,80.1413269,58980,58990,10
12.92232037,80.14074707,58990,59000,10
12.92232037,80.14012146,59000,59010,10
12.92232037,80.13941193,59010,59020,10
12.92236042,80.13854218,59020,59031,11
12.92241955,80.13751984,59031,59041,10
12.92247009,80.13646698,59041,59051,10
12.92251015,80.13538361,59051,59061,10
12.9225502,80.13430786,59061,59071,10
12.92259979,80.13301086,59071,59081,10
12.92263985,80.13217926,59081,59091,10
12.92267036,80.13124847,59091,59101,10
12.92271996,80.13037872,59101,59111,10
12.92276001,80.1295929,59111,59121,10
12.9228096,80.12879181,59121,59131,10
12.92282963,80.12825012,59131,59142,11
12.92284012,80.12750244,59142,59152,10
12.92286968,80.12676239,59152,59162,10
12.92284966,80.12590027,59162,59172,10
12.92294025,80.12509918,59172,59182,10
12.92300034,80.12415314,59182,59192,10
12.92304993,80.12309265,59192,59202,10
12.92306995,80.1220932,59202,59212,10
12.9231596,80.12106323,59212,59222,10
12.92319965,80.12045288,59222,59242,20
12.92319965,80.12045288,59242,59253,11
12.92319965,80.12036133,59253,59263,10
12.92323971,80.11988068,59263,59273,10
12.92325974,80.11929321,59273,59283,10
12.92327976,80.1185379,59283,59293,10
12.9233799,80.11789703,59293,59303,10
12.92343998,80.1171875,59303,59313,10
12.92343998,80.11681366,59313,59343,30
12.92343998,80.11681366,59343,59353,10
12.92362022,80.11689758,59353,59363,10
12.92354965,80.11711884,59363,59374,11
12.92356014,80.1175766,59374,59384,10
12.92358971,80.11766052,59384,59394,10
12.92364979,80.11784363,59394,59404,10
12.92362022,80.11801147,59404,59414,10
12.92354012,80.11842346,59414,59424,10
12.92350006,80.11898041,59424,59434,10
12.92346954,80.11962128,59434,59555,121
12.92346954,80.11962128,59555,59565,10
12.92343998,80.11987305,59565,59575,10
12.92341995,80.12007904,59575,59585,10
12.92337036,80.1202774,59585,59595,10
12.92331982,80.12065887,59595,59605,10
12.92331028,80.12097931,59605,59616,11
12.92333031,80.12122345,59616,59706,90
12.92333031,80.12122345,59706,59716,10
12.92331982,80.12132263,59716,59727,11
12.92325974,80.12184906,59727,59737,10
12.92323017,80.12261963,59737,59747,10
12.92319965,80.12354279,59747,59757,10
12.92319965,80.12442017,59757,59767,10
12.92313957,80.12529755,59767,59777,10
12.92308998,80.12584686,59777,59787,10
12.92306995,80.12615204,59787,59797,10
12.92304039,80.1267395,59797,59807,10
12.92300034,80.12744141,59807,59817,10
12.92296982,80.12792969,59817,59827,10
12.92292976,80.12828064,59827,59837,10
12.92288971,80.12876129,59837,59848,11
12.92284966,80.12954712,59848,59858,10
12.92282009,80.13034821,59858,59868,10
12.92282963,80.13089752,59868,59878,10
12.92282009,80.13117981,59878,59888,10
12.9228096,80.13131714,59888,59898,10
12.92278004,80.13184357,59898,59908,10
12.92275047,80.13246155,59908,59918,10
12.92273998,80.13301849,59918,59928,10
12.92269039,80.1339035,59928,59938,10
12.92263031,80.13488007,59938,59948,10
12.92259979,80.13580322,59948,59958,10
12.92255974,80.1366806,59958,59969,11
12.92251968,80.13749695,59969,59979,10
12.92247963,80.13831329,59979,59989,10
12.92247009,80.1384964,59989,59999,10
12.92241955,80.13887787,59999,60009,10
12.92241001,80.13945007,60009,60019,10
12.92241955,80.14012909,60019,60029,10
12.92245007,80.14076233,60029,60039,10
12.92245007,80.14156342,60039,60049,10
12.92247963,80.14238739,60049,60059,10
12.92253017,80.143013,60059,60069,10
12.92253971,80.14318085,60069,60080,11
12.92253971,80.14322662,60080,60090,10
12.92253017,80.14363098,60090,60100,10
12.92255974,80.14440918,60100,60110,10
12.92259979,80.14547729,60110,60120,10
12.92263031,80.14658356,60120,60130,10
12.9226799,80.14737701,60130,60140,10
12.92265987,80.14813995,60140,60149,9
12.92265987,80.14887238,60149,60160,11
12.92271042,80.14987183,60160,60170,10
12.92271996,80.15075684,60170,60180,10
12.92275047,80.15132904,60180,60190,10
12.92275047,80.1517868,60190,60201,11
12.92286015,80.15254974,60201,60211,10
12.92308998,80.15348053,60211,60221,10
12.92333984,80.15440369,60221,60230,9
12.92345047,80.15473938,60230,60241,11
12.92350006,80.15499115,60241,60251,10
12.92366982,80.1556778,60251,60261,10
12.92370033,80.15666199,60261,60271,10
12.92358017,80.15783691,60271,60281,10
12.92346954,80.15908051,60281,60291,10
12.9233799,80.16015625,60291,60301,10
12.92331028,80.16046906,60301,60312,11
12.92321968,80.16068268,60312,60322,10
12.92300987,80.16133118,60322,60332,10
12.92271996,80.16223145,60332,60342,10
12.92257977,80.16274261,60342,60352,10
12.92247963,80.16291809,60352,60362,10
12.92232037,80.16345978,60362,60372,10
12.92201996,80.16442871,60372,60382,10
12.92166042,80.16555786,60382,60392,10
12.92123985,80.16681671,60392,60402,10
12.9208498,80.16811371,60402,60412,10
12.92043972,80.16938019,60412,60422,10
12.92010975,80.17044067,60422,60433,11
12.91983986,80.17138672,60433,60443,10
12.91959953,80.17217255,60443,60453,10
12.91932011,80.17314911,60453,60463,10
12.91905975,80.17415619,60463,60473,10
12.91882038,80.17514801,60473,60483,10
12.91856003,80.17613983,60483,60493,10
12.91835022,80.17720795,60493,60503,10
12.9184103,80.17828369,60503,60513,10
12.91886997,80.17890167,60513,60523,10
12.91930962,80.17960358,60523,60533,10
12.91954994,80.18057251,60533,60543,10
12.91975975,80.18157196,60543,60554,11
12.91998959,80.18256378,60554,60564,10
12.92016029,80.18331909,60564,60574,10
12.92033005,80.18399811,60574,60584,10
12.92047977,80.18476105,60584,60594,10
12.92057991,80.18517303,60594,60604,10
12.92070007,80.1855011,60604,60614,10
12.92070961,80.18566132,60614,60624,10
12.92068005,80.18582153,60624,60634,10
12.92033958,80.18630219,60634,60644,10
12.91981983,80.18685913,60644,60654,10
12.91928005,80.18746948,60654,60664,10
12.91870975,80.18811798,60664,60675,11
12.91802025,80.18887329,60675,60685,10
12.91761017,80.18963623,60685,60695,10
12.91744995,80.19042969,60695,60705,10
12.91738987,80.1911087,60705,60715,10
12.9172802,80.19193268,60715,60725,10
12.91720009,80.19255066,60725,60735,10
12.91714954,80.19288635,60735,60745,10
12.91711044,80.19306183,60745,60755,10
12.91709042,80.19373322,60755,60765,10
12.91736031,80.19448853,60765,60775,10
12.91800022,80.19510651,60775,60786,11
12.91878986,80.19582367,60786,60796,10
12.91954994,80.19638062,60796,60806,10
12.92041016,80.19671631,60806,60816,10
12.92127037,80.19700623,60816,60826,10
12.92216015,80.19730377,60826,60836,10
12.92313004,80.19741821,60836,60846,10
12.92335033,80.1974411,60846,60856,10
12.92352962,80.19747925,60856,60866,10
12.92416,80.19750977,60866,60876,10
12.92506027,80.19748688,60876,60886,10
12.92543983,80.19748688,60886,60896,10
12.92609978,80.19750977,60896,60907,11
12.92698956,80.19779968,60907,60917,10
12.92751026,80.19814301,60917,60927,10
12.92788029,80.19863129,60927,60937,10
12.92819977,80.19924927,60937,60947,10
12.92846966,80.20015717,60947,60957,10
12.92852974,80.20085144,60957,60967,10
12.92854977,80.20146179,60967,60977,10
12.92854977,80.20179749,60977,60987,10
12.92858028,80.20233154,60987,60997,10
12.92893028,80.20269775,60997,61007,10
12.9293499,80.20272827,61007,61018,11
12.92943954,80.20275116,61018,61028,10
12.92996025,80.20281982,61028,61038,10
12.93054008,80.20291138,61038,61048,10
12.93122959,80.20307922,61048,61058,10
12.93194008,80.20332336,61058,61068,10
12.93286037,80.2036438,61068,61078,10
12.9340601,80.20393372,61078,61098,20
12.9340601,80.20393372,61098,61108,10
12.93445969,80.20394897,61108,61118,10
12.93517971,80.20410919,61118,61128,10
12.93595982,80.20445251,61128,61139,11
12.93696976,80.20474243,61139,61149,10
12.93795013,80.20501709,61149,61159,10
12.93844986,80.20516968,61159,61169,10
12.93885994,80.20529175,61169,61179,10
12.93922043,80.20539856,61179,61189,10
12.93986988,80.20558929,61189,61199,10
12.94001961,80.20561981,61199,61209,10
12.94011974,80.20565033,61209,61219,10
12.94064045,80.20581818,61219,61229,10
12.94143963,80.20617676,61229,61239,10
12.94225979,80.20681,61239,61249,10
12.94297028,80.20758057,61249,61260,11
12.94392014,80.20822906,61260,61270,10
12.94501972,80.20864105,61270,61280,10
12.9462204,80.20910645,61280,61290,10
12.94734955,80.20957184,61290,61300,10
12.94841003,80.20999146,61300,61310,10
12.94954967,80.21042633,61310,61319,9
12.95069981,80.21087646,61319,61330,11
12.9519701,80.21138763,61330,61340,10
12.95287991,80.21170807,61340,61350,10
12.95318031,80.21183777,61350,61360,10
12.95324993,80.21188354,61360,61371,11
12.95363998,80.21204376,61371,61381,10
12.95394039,80.21215057,61381,61391,10
12.95419979,80.21225739,61391,61401,10
12.9544096,80.21233368,61401,61411,10
12.95458984,80.21240997,61411,61421,10
12.95483971,80.21250916,61421,61431,10
12.95506001,80.21259308,61431,61441,10
12.95524979,80.212677,61441,61451,10
12.95541954,80.21273804,61451,61461,10
12.95576,80.21286774,61461,61471,10
12.95635986,80.21308899,61471,61481,10
12.95695972,80.21331024,61481,61492,11
12.95785999,80.21369934,61492,61502,10
12.95878029,80.21405792,61502,61512,10
12.95952034,80.21434784,61512,61522,10
12.96041012,80.21472168,61522,61532,10
12.9612999,80.21508026,61532,61542,10
12.96224022,80.21540833,61542,61552,10
12.96313953,80.21575928,61552,61562,10
12.96348,80.21588898,61562,61572,10
12.96370983,80.21601105,61572,61582,10
12.9642601,80.21626282,61582,61592,10
12.96508026,80.21659851,61592,61603,11
12.9659996,80.21697998,61603,61613,10
12.96677017,80.21727753,61613,61623,10
12.96751976,80.2175827,61623,61633,10
12.96800995,80.21778107,61633,61643,10
12.9686203,80.21800232,61643,61653,10
12.96951962,80.21835327,61653,61663,10
12.97041035,80.21869659,61663,61673,10
12.97091961,80.2188797,61673,61683,10
12.97097015,80.21888733,61683,61693,10
12.97115993,80.21898651,61693,61703,10
12.97157955,80.21916199,61703,61713,10
12.97231007,80.21945953,61713,61724,11
12.97286987,80.21967316,61724,61734,10
12.97325993,80.21981812,61734,61744,10
12.97379017,80.22003174,61744,61774,30
12.97385979,80.22016144,61774,61814,40
12.97385979,80.22016144,61814,61824,10
12.97410965,80.22029114,61824,61845,21
12.97410965,80.22029114,61845,61855,10
12.97432995,80.22036743,61855,61865,10
12.97459984,80.22045898,61865,61875,10
12.97490025,80.22057343,61875,61885,10
12.97517014,80.22065735,61885,61895,10
12.97554016,80.22084045,61895,61905,10
12.97583961,80.22109222,61905,61915,10
12.97607994,80.22126007,61915,61925,10
12.97609043,80.22126007,61925,61935,10
12.97618008,80.22128296,61935,61945,10
12.97657013,80.22128296,61945,61956,11
12.97729969,80.22128296,61956,61966,10
12.97803974,80.22122955,61966,61976,10
12.97877979,80.22119141,61976,61986,10
12.97951984,80.22112274,61986,61996,10
12.98031998,80.22106171,61996,62006,10
12.9809103,80.22102356,62006,62016,10
12.98151016,80.22128296,62016,62026,10
12.98192024,80.22158051,62026,62036,10
12.9822998,80.22177124,62036,62046,10
12.98262978,80.22186279,62046,62077,31
12.98262978,80.22186279,62077,62087,10
12.98279953,80.22189331,62087,62103,16
12.98297024,80.2219696,62103,62115,12
12.98324013,80.22212982,62115,62125,10
12.98346043,80.22229767,62125,62135,10
12.98365974,80.22244263,62135,62145,10
12.9841404,80.22271729,62145,62155,10
12.9846096,80.22299957,62155,62165,10
12.98493958,80.22316742,62165,62175,10
12.98550987,80.2232132,62175,62185,10
12.98596001,80.22296906,62185,62196,11
12.98663998,80.22297668,62196,62206,10
12.98725986,80.2230835,62206,62216,10
12.98773956,80.22303009,62216,62226,10
12.9882803,80.22267151,62226,62236,10
12.98890018,80.22206116,62236,62246,10
12.98945999,80.22135162,62246,62256,10
12.99003029,80.22068024,62256,62266,10
12.99055958,80.22023773,62266,62276,10
12.99069977,80.22013855,62276,62286,10
12.99085045,80.22003937,62286,62296,10
12.99129009,80.2196579,62296,62306,10
12.99166965,80.21938324,62306,62317,11
12.99211979,80.21910095,62317,62327,10
12.99262047,80.21874237,62327,62337,10
12.99332047,80.2182312,62337,62347,10
12.99394035,80.2177887,62347,62357,10
12.99452972,80.21736908,62357,62367,10
12.99507046,80.21697998,62367,62377,10
12.99571037,80.21668243,62377,62387,10
12.99648952,80.21653748,62387,62397,10
12.99709034,80.21647644,62397,62407,10
12.99740982,80.21620941,62407,62417,10
12.99750996,80.21614075,62417,62428,11
12.99785042,80.21585083,62428,62438,10
12.99831963,80.21543884,62438,62448,10
12.99897003,80.21486664,62448,62458,10
12.99925041,80.21463013,62458,62468,10
12.99971008,80.2142334,62468,62478,10
13.00006008,80.21391296,62478,62488,10
13.00078011,80.21324921,62488,62498,10
13.00148964,80.21269989,62498,62508,10
13.00197029,80.21237946,62508,62518,10
13.00255966,80.21212769,62518,62528,10
13.00325966,80.21205902,62528,62538,10
13.00372028,80.21206665,62538,62549,11
13.00424004,80.21212769,62549,62559,10
13.00485992,80.2124176,62559,62569,10
13.00557995,80.21282196,62569,62579,10
13.00632954,80.21273804,62579,62589,10
13.00716972,80.21278381,62589,62599,10
13.00790024,80.21309662,62599,62619,20
13.00790024,80.21309662,62619,62629,10
13.0080204,80.21318817,62629,62639,10
13.00844002,80.21336365,62639,62649,10
13.00895977,80.21396637,62649,62660,11
13.0095396,80.21476746,62660,62670,10
13.00994015,80.21530914,62670,62680,10
13.01043987,80.21594238,62680,62690,10
13.01082039,80.21681976,62690,62700,10
13.01117039,80.21764374,62700,62710,10
13.01152039,80.21865845,62710,62720,10
13.01189995,80.21987152,62720,62730,10
13.01228046,80.22107697,62730,62740,10
13.01266956,80.22184753,62740,62750,10
13.01294041,80.22225189,62750,62760,10
13.01334,80.22271729,62760,62770,10
13.01395988,80.22344208,62770,62781,11
13.01465034,80.22428894,62781,62791,10
13.01519012,80.224823,62791,62811,20
13.01519012,80.224823,62811,62821,10
13.01548958,80.22496033,62821,62831,10
13.01593971,80.22531891,62831,62841,10
13.0167799,80.22524261,62841,62851,10
13.0177803,80.22486115,62851,62861,10
13.01885986,80.22445679,62861,62871,10
13.01968002,80.2245636,62871,62902,31
13.01968002,80.2245636,62902,62912,10
13.01982975,80.22467041,62912,62922,10
13.02023029,80.22496033,62922,62932,10
13.02085018,80.22537231,62932,62942,10
13.02151966,80.22585297,62942,62952,10
13.02200031,80.22618103,62952,62962,10
13.02204037,80.22621155,62962,62972,10
13.02237988,80.22653961,62972,62982,10
13.02293015,80.22702789,62982,62992,10
13.02355957,80.22760773,62992,63002,10
13.02404022,80.22805786,63002,63013,11
13.02431965,80.22836304,63013,63023,10
13.02447033,80.22859955,63023,63033,10
13.0247097,80.22895813,63033,63043,10
13.02503967,80.22940826,63043,63059,16
13.02567005,80.23023987,63059,63071,12
13.02583981,80.2305603,63071,63081,10
13.02595997,80.23087311,63081,63089,8
13.02602005,80.23114014,63089,63101,12
13.02632046,80.23136902,63101,63111,10
13.02715969,80.23114777,63111,63121,10
13.02787018,80.23101044,63121,63132,11
13.02793026,80.23100281,63132,63142,10
13.02801991,80.23097992,63142,63152,10
13.02830982,80.23091888,63152,63161,9
13.02879047,80.23088837,63161,63222,61
13.02879047,80.23088837,63222,63232,10
13.02910042,80.23085785,63232,63243,11
13.02933025,80.23084259,63243,63253,10
13.02945042,80.23082733,63253,63263,10
13.02974033,80.23078918,63263,63273,10
13.0299902,80.2307663,63273,63283,10
13.03020954,80.23075104,63283,63293,10
13.03048038,80.23072815,63293,63303,10
13.03075027,80.23072052,63303,63313,10
13.03089046,80.23071289,63313,63323,10
13.03106022,80.23069,63323,63333,10
13.03139973,80.23065948,63333,63343,10
13.03201962,80.23061371,63343,63353,10
13.03271961,80.2305603,63353,63364,11
13.03337002,80.2305069,63364,63374,10
13.03369999,80.23049927,63374,63384,10
13.03407001,80.23045349,63384,63394,10
13.03427029,80.23040009,63394,63404,10
13.03450966,80.23034668,63404,63414,10
13.03493023,80.23023224,63414,63424,10
13.03495026,80.22985077,63424,63454,30
13.03495026,80.22985077,63454,63464,10
13.03476048,80.22982788,63464,63475,11
13.03446007,80.22976685,63475,63606,131
13.03446007,80.22976685,63606,63622,16
13.03429031,80.2297287,63622,63694,72
13.03419971,80.23016357,63694,63866,172
13.03419971,80.23016357,63866,63876,10
13.03421974,80.23039246,63876,63886,10
13.03407001,80.23053741,63886,63896,10
13.03361988,80.23049927,63896,63957,61
13.03361988,80.23049927,63957,63967,10
13.03330994,80.23052979,63967,64007,40
13.03330994,80.23052979,64007,64017,10
13.03308964,80.23053741,64017,64027,10
13.0328598,80.2305603,64027,64037,10
13.03264046,80.23059082,64037,64047,10
13.0323801,80.23062134,64047,64057,10
13.03213978,80.23065186,64057,64068,11
13.03199005,80.23065948,64068,64128,60
13.03199005,80.23065948,64128,64138,10
13.03178978,80.23069763,64138,64148,10
13.03147984,80.23071289,64148,64219,71
13.03147984,80.23071289,64219,64229,10
13.03100014,80.23075104,64229,64239,10
13.03077984,80.2307663,64239,64249,10
13.03046989,80.23078918,64249,64259,10
13.03017998,80.2308197,64259,64310,51
13.03017998,80.2308197,64310,64320,10
13.03003979,80.2308197,64320,64330,10
13.02978992,80.23084259,64330,64340,10
13.02943039,80.23088074,64340,64350,10
13.02875996,80.23092651,64350,64360,10
13.02797985,80.23101044,64360,64370,10
13.02766037,80.23110962,64370,64380,10
13.02770042,80.23165894,64380,64390,10
13.0278101,80.23238373,64390,64400,10
13.02781963,80.23285675,64400,64410,10
13.02731037,80.23294067,64410,64421,11
13.02682018,80.23297882,64421,64431,10
13.02645016,80.23297119,64431,64441,10
13.02620983,80.23239899,64441,64451,10
13.02606964,80.23178864,64451,64461,10
13.02604008,80.23168182,64461,64471,10
13.02595997,80.23129272,64471,64481,10
13.02567959,80.23052979,64481,64491,10
13.02525043,80.2298584,64491,64501,10
13.02470016,80.22923279,64501,64511,10
13.02441025,80.2288208,64511,64521,10
13.0240097,80.2282486,64521,64532,11
13.02340031,80.22766876,64532,64542,10
13.02307034,80.22746277,64542,64572,30
13.02307034,80.22746277,64572,64582,10
13.02293968,80.22740173,64582,64592,10
13.0226202,80.22711182,64592,64602,10
13.02256966,80.22689819,64602,64612,10
13.02210999,80.22647858,64612,64622,10
13.02145958,80.22595215,64622,64632,10
13.0206604,80.2253418,64632,64642,10
13.01970005,80.22470093,64642,64653,11
13.01840019,80.22464752,64653,64663,10
13.01735973,80.22509003,64663,64673,10
13.01663017,80.22538757,64673,64683,10
13.01634979,80.22548676,64683,64693,10
13.01591015,80.22563171,64693,64703,10
13.01533985,80.22583771,64703,64713,10
13.01484966,80.22608185,64713,64723,10
13.01441956,80.22625732,64723,64733,10
13.01426029,80.22628784,64733,64743,10
13.0137701,80.22644043,64743,64753,10
13.01305008,80.22670746,64753,64764,11
13.01202965,80.22709656,64764,64774,10
13.01093006,80.22753143,64774,64784,10
13.01000023,80.22789001,64784,64794,10
13.00951958,80.2277298,64794,64804,10
13.00963974,80.2273407,64804,64814,10
13.00994015,80.22666931,64814,64824,10
13.01033974,80.22582245,64824,64834,10
13.01053047,80.22537994,64834,64844,10
13.01056957,80.22528076,64844,64854,10
13.01064014,80.22509003,64854,64864,10
13.01088047,80.224617,64864,64874,10
13.01111984,80.22399902,64874,64884,10
13.01132011,80.22350311,64884,64895,11
13.01159954,80.22279358,64895,64905,10
13.01193047,80.22186279,64905,64915,10
13.01212025,80.221138,64915,64924,9
13.01196003,80.22055817,64924,64934,10
13.0117197,80.2197113,64934,64945,11
13.01136017,80.21865845,64945,64955,10
13.01097965,80.21761322,64955,64965,10
13.01058006,80.21672821,64965,64975,10
13.01018047,80.21602631,64975,64985,10
13.00986004,80.21533203,64985,64996,11
13.00946045,80.2147522,64996,65006,10
13.00901985,80.21417236,65006,65016,10
13.00866032,80.21370697,65016,65046,30
13.00852966,80.21356201,65046,65086,40
13.00852966,80.21356201,65086,65096,10
13.00806999,80.21327972,65096,65117,21
13.00806999,80.21327972,65117,65127,10
13.00788975,80.21318054,65127,65147,20
13.00788975,80.21318054,65147,65157,10
13.00765038,80.2129364,65157,65167,10
13.00722027,80.21279144,65167,65177,10
13.00666046,80.21273804,65177,65187,10
13.00599003,80.21295166,65187,65197,10
13.00529003,80.21270752,65197,65207,10
13.00475979,80.21237183,65207,65217,10
13.00417042,80.21212769,65217,65227,10
13.00347042,80.21205902,65227,65238,11
13.00279999,80.21208954,65238,65248,10
13.00238037,80.21218872,65248,65258,10
13.00183964,80.21250153,65258,65268,10
13.0011797,80.21298981,65268,65278,10
13.00049973,80.21354675,65278,65288,10
12.99981976,80.2141571,65288,65298,10
12.99936008,80.21459198,65298,65308,10
12.99911976,80.21479797,65308,65318,10
12.99886036,80.21501923,65318,65328,10
12.99820042,80.21560669,65328,65338,10
12.99777985,80.2159729,65338,65349,11
12.9976902,80.21604156,65349,65359,10
12.9975996,80.21613312,65359,65369,10
12.99730968,80.21643829,65369,65379,10
12.99701977,80.21656036,65379,65389,10
12.9967804,80.21656799,65389,65399,10
12.99660969,80.21658325,65399,65409,10
12.99660015,80.21658325,65409,65419,10
12.99633026,80.21662903,65419,65429,10
12.99606037,80.21669006,65429,65439,10
12.99565029,80.21679688,65439,65459,20
12.99565029,80.21679688,65459,65470,11
12.99542999,80.2168808,65470,65480,10
12.9951601,80.21703339,65480,65500,20
12.9951601,80.21703339,65500,65510,10
12.99475002,80.21727753,65510,65520,10
12.99431992,80.21759033,65520,65530,10
12.9938097,80.2179718,65530,65540,10
12.99318027,80.21840668,65540,65550,10
12.99265003,80.21878815,65550,65560,10
12.99199963,80.2192688,65560,65570,10
12.99143982,80.21968079,65570,65581,11
12.99085999,80.2201004,65581,65591,10
12.99077988,80.2201767,65591,65601,10
12.99077988,80.22022247,65601,65611,10
12.99044037,80.22046661,65611,65621,10
12.98993969,80.22087097,65621,65631,10
12.98962021,80.22126007,65631,65641,10
12.98948002,80.22142029,65641,65651,10
12.98917961,80.22180176,65651,65661,10
12.98880959,80.22222137,65661,65671,10
12.98826981,80.22274017,65671,65681,10
12.98762035,80.22309875,65681,65691,10
12.9871397,80.22309113,65691,65702,11
12.98713017,80.22309113,65702,65712,10
12.98690987,80.22303009,65712,65722,10
12.98643017,80.2229538,65722,65732,10
12.98581028,80.22299957,65732,65742,10
12.9854002,80.22328949,65742,65752,10
12.98493958,80.22316742,65752,65762,10
12.98441029,80.22290039,65762,65772,10
12.98406029,80.22267914,65772,65782,10
12.98383045,80.22255707,65782,65792,10
12.98363972,80.22245789,65792,65802,10
12.98336029,80.22226715,65802,65823,21
12.98336029,80.22226715,65823,65833,10
12.98316002,80.22216034,65833,65843,10
12.98295975,80.22202301,65843,65853,10
12.98266983,80.22189331,65853,65873,20
12.98266983,80.22189331,65873,65883,10
12.98244953,80.22184753,65883,65893,10
12.98219013,80.22176361,65893,65903,10
12.98182011,80.22151184,65903,65913,10
12.98132992,80.22119141,65913,65923,10
12.98073006,80.22106171,65923,65934,11
12.98003006,80.22109985,65934,65944,10
12.9794302,80.22115326,65944,65954,10
12.97879028,80.22116852,65954,65964,10
12.97813988,80.22119904,65964,65974,10
12.97749043,80.22122192,65974,65984,10
12.97684956,80.22126007,65984,65994,10
12.97634029,80.22125244,65994,66004,10
12.97599983,80.22129822,66004,66014,10
12.9759798,80.22129822,66014,66024,10
12.9755497,80.22102356,66024,66073,49
12.9755497,80.22102356,66073,66083,10
12.97550011,80.22094727,66083,66093,10
12.97517967,80.22071838,66093,66103,10
12.97453022,80.22042084,66103,66113,10
12.97369957,80.22007751,66113,66123,10
12.97329998,80.21990967,66123,66133,10
12.97299957,80.2197876,66133,66144,11
12.97251034,80.21961975,66144,66154,10
12.97173977,80.21935272,66154,66165,11
12.97097969,80.21914673,66165,66185,20
12.97097969,80.21914673,66185,66195,10
12.97082996,80.21904755,66195,66205,10
12.97033978,80.21878052,66205,66215,10
12.96963978,80.21851349,66215,66225,10
12.96891022,80.21822357,66225,66235,10
12.96817017,80.21794891,66235,66245,10
12.96741962,80.21765137,66245,66255,10
12.96648979,80.2172699,66255,66265,10
12.96533966,80.21681213,66265,66275,10
12.96432018,80.21639252,66275,66286,11
12.96354008,80.21602631,66286,66296,10
12.96278954,80.21569824,66296,66306,10
12.96183968,80.21533203,66306,66316,10
12.9607296,80.21488953,66316,66326,10
12.95956993,80.21446228,66326,66336,10
12.95837975,80.21395111,66336,66346,10
12.95734024,80.21353912,66346,66356,10
12.95635986,80.2131424,66356,66366,10
12.95522022,80.21270752,66366,66376,10
12.95405006,80.21225739,66376,66386,10
12.95318031,80.21190643,66386,66396,10
12.95236015,80.21157837,66396,66407,11
12.95123959,80.21114349,66407,66417,10
12.95011997,80.21070099,66417,66427,10
12.94908047,80.21028137,66427,66437,10
12.94826031,80.20996094,66437,66447,10
12.94680977,80.20938873,66447,66457,10
12.9456501,80.20893097,66457,66467,10
12.94487953,80.20861816,66467,66477,10
12.94417953,80.20836639,66477,66487,10
12.94417953,80.20836639,66487,66497,10
12.94392967,80.20825195,66497,66507,10
12.94342995,80.20805359,66507,66518,11
12.94303989,80.20781708,66518,66528,10
12.94289017,80.20762634,66528,66538,10
12.94270992,80.20741272,66538,66548,10
12.94244957,80.20704651,66548,66559,11
12.94192982,80.20659637,66559,66569,10
12.94143963,80.20623779,66569,66579,10
12.9411602,80.20609283,66579,66589,10
12.94112968,80.20607758,66589,66599,10
12.94077015,80.20591736,66599,66609,10
12.94017029,80.20571899,66609,66620,11
12.93937969,80.20546722,66620,66629,9
12.93873978,80.20527649,66629,66641,12
12.93838024,80.20516968,66641,66651,10
12.93789959,80.20503235,66651,66661,10
12.93731976,80.20485687,66661,66671,10
12.93673992,80.20468903,66671,66681,10
12.93610001,80.20451355,66681,66691,10
12.93544006,80.20427704,66691,66701,10
12.93480968,80.20401764,66701,66711,10
12.93422031,80.20394897,66711,66721,10
12.93395042,80.20394897,66721,66731,10
12.9339304,80.20394135,66731,66741,10
12.93362045,80.20391846,66741,66752,11
12.93327045,80.20384979,66752,66762,10
12.93297005,80.20372009,66762,66772,10
12.93255997,80.20355988,66772,66782,10
12.93194008,80.20333862,66782,66792,10
12.93124008,80.20311737,66792,66802,10
12.93083954,80.20298767,66802,66812,10
12.93037033,80.20288086,66812,66822,10
12.93002987,80.20282745,66822,66832,10
12.92971992,80.20281219,66832,66842,10
12.92965031,80.20281219,66842,66852,10
12.92953014,80.20278931,66852,66862,10
12.92916965,80.20274353,66862,66873,11
12.92864037,80.20263672,66873,66883,10
12.92846012,80.20211792,66883,66893,10
12.9284296,80.20143127,66893,66903,10
12.92840004,80.20069885,66903,66913,10
12.92831993,80.19991302,66913,66923,10
12.92809963,80.19924927,66923,66933,10
12.9277401,80.19854736,66933,66943,10
12.92716026,80.1979599,66943,66953,10
12.92654037,80.19764709,66953,66963,10
12.92642021,80.19761658,66963,66973,10
12.92613983,80.19757843,66973,66984,11
12.92566967,80.1975174,66984,66994,10
12.92547035,80.19753265,66994,67004,10
12.92514992,80.19750977,67004,67014,10
12.92451,80.19750977,67014,67024,10
12.92378998,80.19748688,67024,67034,10
12.92319012,80.1974411,67034,67044,10
12.92263031,80.19735718,67044,67054,10
12.92208004,80.19728088,67054,67064,10
12.92133045,80.197052,67064,67084,20
12.92133045,80.197052,67084,67094,10
12.92109966,80.19696808,67094,67105,11
12.92070961,80.19682312,67105,67115,10
12.9201498,80.19661713,67115,67125,10
12.91959953,80.19641876,67125,67135,10
12.91913986,80.19613647,67135,67145,10
12.91876984,80.1958313,67145,67155,10
12.91833973,80.1954422,67155,67165,10
12.91771984,80.19487762,67165,67175,10
12.91730022,80.19448853,67175,67185,10
12.91716957,80.19435883,67185,67195,10
12.91716003,80.19434357,67195,67205,10
12.91701984,80.19410706,67205,67216,11
12.91693974,80.19364166,67216,67236,20
12.91693974,80.19364166,67236,67246,10
12.91697025,80.19335175,67246,67256,10
12.91699028,80.19313812,67256,67266,10
12.91703987,80.19275665,67266,67276,10
12.91709995,80.19229889,67276,67286,10
12.91714954,80.19203949,67286,67296,10
12.91720009,80.19174194,67296,67306,10
12.91724968,80.1913681,67306,67316,10
12.91724014,80.19114685,67316,67326,10
12.91726971,80.19104767,67326,67337,11
12.91730022,80.1906662,67337,67347,10
12.91730976,80.1902771,67347,67357,10
12.91746044,80.18968201,67357,67367,10
12.91775036,80.1889801,67367,67377,10
12.91827965,80.1883316,67377,67387,10
12.91868019,80.1878891,67387,67397,10
12.91924953,80.18726349,67397,67407,10
12.91991997,80.18647766,67407,67417,10
12.92047977,80.18576813,67417,67427,10
12.92041969,80.18488312,67427,67437,10
12.92026997,80.18437958,67437,67447,10
12.92026043,80.18431854,67447,67458,11
12.92022038,80.18414307,67458,67468,10
12.92010975,80.18359375,67468,67478,10
12.91985989,80.18251801,67478,67518,40
12.91985989,80.18251801,67518,67528,10
12.91983032,80.18238831,67528,67538,10
12.9197197,80.18187714,67538,67548,10
12.91956043,80.18113708,67548,67558,10
12.9193697,80.18025208,67558,67569,11
12.91897964,80.17917633,67569,67579,10
12.91831017,80.17825317,67579,67589,10
12.91816044,80.1772995,67589,67599,10
12.91835976,80.1762619,67599,67609,10
12.91866016,80.17511749,67609,67619,10
12.91893959,80.17401123,67619,67629,10
12.91921997,80.17294312,67629,67639,10
12.91946983,80.17198181,67639,67649,10
12.91965961,80.17127991,67649,67659,10
12.91975975,80.17086792,67659,67669,10
12.9197998,80.17077637,67669,67679,10
12.91998005,80.17025757,67679,67690,11
12.92026043,80.16934967,67690,67700,10
12.92055988,80.16838074,67700,67710,10
12.92078972,80.16764832,67710,67720,10
12.92105007,80.16680908,67720,67730,10
12.92136955,80.16580963,67730,67740,10
12.92171955,80.16474152,67740,67750,10
12.92201042,80.16378784,67750,67760,10
12.92230034,80.16287994,67760,67770,10
12.92259026,80.1619873,67770,67780,10
12.92286968,80.16107941,67780,67790,10
12.92300034,80.16062164,67790,67801,11
12.92308044,80.16040802,67801,67811,10
12.9232502,80.15975189,67811,67821,10
12.92335033,80.15882111,67821,67831,10
12.92343998,80.15775299,67831,67841,10
12.92352009,80.15673828,67841,67851,10
12.92358017,80.15588379,67851,67861,10
12.92337036,80.15505981,67861,67871,10
12.92323017,80.15455627,67871,67881,10
12.92321968,80.15448761,67881,67891,10
12.92315006,80.15424347,67891,67901,10
12.92308044,80.15397644,67901,67911,10
12.92300034,80.15364075,67911,67932,21
12.92296982,80.15352631,67932,67962,30
12.92296982,80.15352631,67962,67972,10
12.92294979,80.15338135,67972,67982,10
12.92288017,80.15306091,67982,67992,10
12.92269993,80.1525116,67992,68053,61
12.92269993,80.1525116,68053,68063,10
12.9226799,80.15234375,68063,68073,10
12.92265034,80.15220642,68073,68083,10
12.92263031,80.1520462,68083,68093,10
12.92261982,80.15164948,68093,68103,10
12.92259979,80.15100861,68103,68113,10
12.92257977,80.15019989,68113,68123,10
12.9225502,80.14930725,68123,68133,10
12.92249966,80.14855957,68133,68143,10
12.92251968,80.14795685,68143,68154,11
12.92249966,80.14769745,68154,68164,10
12.92249966,80.1474762,68164,68174,10
12.92247963,80.14698029,68174,68184,10
12.92247963,80.14688873,68184,68194,10
12.92249012,80.14668274,68194,68204,10
12.92247963,80.14611816,68204,68214,10
12.9224596,80.14571381,68214,68224,10
12.92243958,80.14515686,68224,68234,10
12.92241955,80.14446259,68234,68244,10
12.92241955,80.14379883,68244,68254,10
12.92236042,80.1434021,68254,68275,21
12.92236042,80.1434021,68275,68285,10
12.92236042,80.14333344,68285,68295,10
12.92234993,80.14311218,68295,68305,10
12.92234993,80.14273071,68305,68315,10
12.92236042,80.14228821,68315,68325,10
12.92234993,80.14176178,68325,68335,10
12.92232037,80.14134216,68335,68345,10
12.92230988,80.14112091,68345,68355,10
12.92230988,80.14057159,68355,68365,10
12.92232037,80.14024353,68365,68375,10
12.92230034,80.13957214,68375,68386,11
12.9223299,80.13857269,68386,68396,10
12.92238998,80.13758087,68396,68406,10
12.92243958,80.13652039,68406,68416,10
12.92247963,80.13562775,68416,68426,10
12.92247963,80.13510132,68426,68436,10
12.92249012,80.1350708,68436,68446,10
12.92249966,80.13491821,68446,68456,10
12.92251968,80.13439178,68456,68466,10
12.92255974,80.13358307,68466,68476,10
12.92257977,80.1328125,68476,68486,10
12.92261028,80.13218689,68486,68496,10
12.92263031,80.1311264,68496,68517,21
12.92263031,80.1311264,68517,68527,10
12.92265987,80.13082123,68527,68537,10
12.92269993,80.13027191,68537,68547,10
12.92271996,80.12969971,68547,68557,10
12.92275047,80.12937927,68557,68567,10
12.92278004,80.12896729,68567,68577,10
12.9228096,80.12847137,68577,68587,10
12.92282963,80.12805176,68587,68597,10
12.92284012,80.12757111,68597,68607,10
12.92282009,80.12732697,68607,68618,11
12.92284012,80.12664795,68618,68628,10
12.92286968,80.1257782,68628,68638,10
12.92292023,80.12483978,68638,68648,10
12.92296028,80.1239624,68648,68658,10
12.92300034,80.12313843,68658,68668,10
12.92304039,80.12226105,68668,68678,10
12.92310047,80.12069702,68678,68708,30
12.92310047,80.12069702,68708,68718,10
12.92313957,80.12045288,68718,68728,10
12.92319012,80.12014771,68728,68739,11
12.92321968,80.11959076,68739,68749,10
12.92319965,80.11901855,68749,68759,10
12.92323971,80.11849976,68759,68769,10
12.92333031,80.11785126,68769,68779,10
12.92339039,80.11724854,68779,68789,10
12.92339993,80.11694336,68789,68799,10
12.92339993,80.11679077,68799,68809,10
12.92341042,80.11676788,68809,68819,10
12.92356014,80.11676025,68819,68839,20
12.92356968,80.11686707,68839,69021,182
12.92356968,80.11686707,69021,69031,10
12.92358017,80.11685944,69031,69747,716
12.92358017,80.11685944,69747,69757,10
12.92358017,80.11689758,69757,69767,10
12.92354965,80.11711884,69767,69777,10
12.92350006,80.11730957,69777,69788,11
12.92348957,80.11747742,69788,69798,10
12.92358971,80.11772919,69798,69808,10
12.92352962,80.11811066,69808,69818,10
12.92348003,80.11859894,69818,69828,10
12.92343998,80.11907959,69828,69838,10
12.92341042,80.11945343,69838,69858,20
12.92341042,80.11945343,69858,69868,10
12.92337036,80.11959839,69868,69878,10
12.92333031,80.11992645,69878,69888,10
12.92331982,80.12010956,69888,69899,11
12.92329979,80.12033081,69899,69919,20
12.92329979,80.12033081,69919,69929,10
12.9232502,80.12055206,69929,69939,10
12.92323017,80.12078857,69939,69949,10
12.92321968,80.12104797,69949,69959,10
12.92319012,80.12139893,69959,69969,10
12.92323017,80.12178802,69969,70108,139
12.92323017,80.12178802,70108,70118,10
12.92317963,80.12220764,70118,70128,10
12.92313957,80.12290955,70128,70139,11
12.92311001,80.12375641,70139,70149,10
12.92310047,80.12448883,70149,70159,10
12.92304039,80.12525177,70159,70169,10
12.92298985,80.1258316,70169,70179,10
12.92296028,80.12637329,70179,70189,10
12.92294025,80.12689972,70189,70198,9
12.92292976,80.12719727,70198,70209,11
12.92288971,80.12766266,70209,70220,11
12.92288017,80.1279068,70220,70231,11
12.92286968,80.12802124,70231,70241,10
12.92284966,80.1282196,70241,70252,11
12.92284012,80.12857819,70252,70262,10
12.9228096,80.12905884,70262,70272,10
12.92278004,80.12953186,70272,70282,10
12.92275047,80.12999725,70282,70292,10
12.92273998,80.13056183,70292,70302,10
12.92273998,80.13101196,70302,70312,10
12.92271042,80.13156128,70312,70322,10
12.92269039,80.1322403,70322,70332,10
12.92265987,80.13300323,70332,70342,10
12.92261982,80.13382721,70342,70352,10
12.92259979,80.13450623,70352,70362,10
12.92257977,80.13484192,70362,70373,11
12.92255974,80.13519287,70373,70383,10
12.92253017,80.13574219,70383,70393,10
12.92249966,80.13648224,70393,70403,10
12.92247009,80.13704681,70403,70413,10
12.92243958,80.13777161,70413,70423,10
12.92241001,80.1384201,70423,70433,10
12.92236042,80.13887787,70433,70443,10
12.92234993,80.13955688,70443,70453,10
12.92236042,80.13996124,70453,70463,10
12.92238998,80.14022064,70463,70473,10
12.92238998,80.14031219,70473,70483,10
12.92238045,80.14051056,70483,70500,17
12.92238045,80.14076233,70500,70512,12
12.92238998,80.14109039,70512,70552,40
12.92238998,80.14109039,70552,70562,10
12.92241955,80.1415863,70562,70572,10
12.92241955,80.14170074,70572,70582,10
12.92241955,80.14196777,70582,70592,10
12.92243958,80.14235687,70592,70643,51
12.92243958,80.14235687,70643,70653,10
12.92247963,80.14269257,70653,70663,10
12.92247963,80.14304352,70663,70673,10
12.92247009,80.14338684,70673,70683,10
12.92247009,80.14356995,70683,70693,10
12.92247963,80.14405823,70693,70703,10
12.92249966,80.14470673,70703,70713,10
12.92251968,80.14547729,70713,70724,11
12.92255974,80.14646912,70724,70734,10
12.92257977,80.14714813,70734,70744,10
12.92259026,80.14752197,70744,70754,10
12.92257023,80.14820862,70754,70764,10
12.92261028,80.1491394,70764,70774,10
12.92263985,80.15013123,70774,70784,10
12.92265987,80.15101624,70784,70794,10
12.9226799,80.15158081,70794,70804,10
12.92273045,80.15222168,70804,70814,10
12.92294025,80.15306854,70814,70824,10
12.9231596,80.15393829,70824,70834,10
12.9233799,80.1546936,70834,70845,11
12.92348957,80.15519714,70845,70855,10
12.92364025,80.1558075,70855,70865,10
12.92364025,80.15666199,70865,70875,10
12.92354012,80.15769958,70875,70885,10
12.92343998,80.15873718,70885,70895,10
12.92335987,80.15972137,70895,70905,10
12.92317009,80.16062927,70905,70915,10
12.92284966,80.16163635,70915,70925,10
12.9224596,80.16280365,70925,70935,10
12.92212009,80.16388702,70935,70945,10
12.92177963,80.16487885,70945,70956,11
12.92138958,80.16610718,70956,70966,10
12.92099953,80.16729736,70966,70976,10
12.92068958,80.16828156,70976,70986,10
12.92041969,80.1690979,70986,70996,10
12.92012024,80.17009735,70996,71006,10
12.91987038,80.1709671,71006,71016,10
12.91969013,80.17156219,71016,71026,10
12.91948032,80.17233276,71026,71036,10
12.91921997,80.17323303,71036,71046,10
12.91897964,80.17420197,71046,71056,10
12.91874981,80.17517853,71056,71067,11
12.91845989,80.17627716,71067,71077,10
12.91829967,80.17722321,71077,71087,10
12.91839981,80.17829132,71087,71097,10
12.91895962,80.17904663,71097,71107,10
12.9193697,80.17989349,71107,71117,10
12.91959953,80.18097687,71117,71127,10
12.91983986,80.18206024,71127,71137,10
12.92006969,80.18305969,71137,71147,10
12.92022991,80.18382263,71147,71157,10
12.92039967,80.18457031,71157,71167,10
12.92057991,80.18531799,71167,71177,10
12.92039967,80.18609619,71177,71188,11
12.91973019,80.18686676,71188,71198,10
12.91917992,80.1875,71198,71208,10
12.91888046,80.18788147,71208,71218,10
12.91860962,80.18816376,71218,71228,10
12.91819,80.18862152,71228,71238,10
12.91773987,80.18920135,71238,71248,10
12.91749001,80.18995667,71248,71258,10
12.91740036,80.19049072,71258,71268,10
12.91734028,80.19104004,71268,71278,10
12.91724968,80.19171906,71278,71288,10
12.91718006,80.19230652,71288,71298,10
12.91709042,80.19309998,71298,71319,21
12.91709042,80.19309998,71319,71328,9
12.91705036,80.19326782,71328,71339,11
12.91701984,80.19351959,71339,71349,10
12.91709995,80.19402313,71349,71359,10
12.91736031,80.19450378,71359,71369,10
12.91779041,80.19490814,71369,71379,10
12.91825962,80.19534302,71379,71389,10
12.91886044,80.19587708,71389,71399,10
12.9194603,80.19631195,71399,71409,10
12.92029953,80.19664001,71409,71420,11
12.92103958,80.19689178,71420,71430,10
12.92171955,80.1971283,71430,71440,10
12.92245007,80.19728851,71440,71450,10
12.92315006,80.19738007,71450,71460,10
12.92356968,80.1974411,71460,71470,10
12.92391968,80.19745636,71470,71480,10
12.92446041,80.1974411,71480,71490,10
12.92496014,80.1974411,71490,71500,10
12.9253397,80.1974411,71500,71510,10
12.92582035,80.1974411,71510,71520,10
12.9265604,80.19757843,71520,71530,10
12.92724991,80.19793701,71530,71541,11
12.92782021,80.19854736,71541,71551,10
12.92817974,80.19921875,71551,71561,10
12.92842007,80.19996643,71561,71571,10
12.92846966,80.20095825,71571,71581,10
12.92850971,80.20173645,71581,71591,10
12.92860985,80.20252228,71591,71601,10
12.92926025,80.20269012,71601,71611,10
12.92938042,80.20269775,71611,71621,10
12.92973995,80.20275879,71621,71631,10
12.93035984,80.20284271,71631,71641,10
12.93101978,80.20300293,71641,71652,11
12.93188,80.20329285,71652,71662,10
12.9325304,80.20349884,71662,71678,16
12.93311024,80.20372009,71678,71690,12
12.93356037,80.20384216,71690,71700,10
12.93389988,80.20388031,71700,71710,10
12.93395996,80.20388031,71710,71720,10
12.93420982,80.2039032,71720,71729,9
12.93457985,80.20393372,71729,71740,11
12.93523979,80.20410919,71740,71750,10
12.93577957,80.20436096,71750,71760,10
12.93640995,80.2045517,71760,71772,12
12.93729973,80.20480347,71772,71782,10
12.93805981,80.20500946,71782,71792,10
12.93890953,80.20526886,71792,71802,10
12.93962955,80.20549011,71802,71812,10
12.94005966,80.20561981,71812,71822,10
12.94019032,80.20565796,71822,71832,10
12.94069004,80.20581818,71832,71842,10
12.94108009,80.20597839,71842,71852,10
12.94159985,80.2062912,71852,71862,10
12.94221973,80.20677948,71862,71872,10
12.94258022,80.20707703,71872,71882,10
12.9429903,80.20762634,71882,71893,11
12.9436903,80.20812988,71893,71903,10
12.94441986,80.20839691,71903,71913,10
12.94530964,80.20874023,71913,71923,10
12.94639969,80.20915985,71923,71933,10
12.94742012,80.20954895,71933,71943,10
12.94841957,80.20993805,71943,71953,10
12.94941044,80.21031952,71953,71963,10
12.95065975,80.21082306,71963,71973,10
12.95166016,80.21121216,71973,71983,10
12.95252037,80.21156311,71983,71993,10
12.95310974,80.21182251,71993,72004,11
12.95382023,80.21209717,72004,72014,10
12.95466042,80.21243286,72014,72024,10
12.95563984,80.21282196,72024,72034,10
12.95660019,80.21315765,72034,72044,10
12.95767021,80.21360779,72044,72054,10
12.95872021,80.2140274,72054,72064,10
12.95952034,80.21434784,72064,72074,10
12.96043015,80.21472168,72074,72084,10
12.96146011,80.21513367,72084,72094,10
12.96245956,80.2155304,72094,72104,10
12.96325016,80.21582794,72104,72115,11
12.96387005,80.2161026,72115,72125,10
12.96457005,80.21640778,72125,72135,10
12.96545982,80.2167511,72135,72145,10
12.96636009,80.21707916,72145,72155,10
12.96720028,80.21743011,72155,72165,10
12.96774006,80.217659,72165,72175,10
12.96805954,80.2177887,72175,72185,10
12.96868992,80.21804047,72185,72195,10
12.96955013,80.2183609,72195,72205,10
12.97006989,80.21856689,72205,72215,10
12.97033978,80.21868134,72215,72236,21
12.97033978,80.21868134,72236,72246,10
12.97049046,80.21871948,72246,72256,10
12.97076035,80.21881104,72256,72326,70
12.97109985,80.21893311,72326,72488,162
12.97148991,80.21910095,72488,72528,40
12.97185993,80.21923828,72528,72689,161
12.97185993,80.21923828,72689,72700,11
12.97206974,80.21932983,72700,72710,10
12.97229004,80.21942139,72710,72720,10
12.97253036,80.21949768,72720,72730,10
12.97270012,80.21955872,72730,72740,10
12.97290993,80.2196579,72740,72851,111
12.97290993,80.2196579,72851,72861,10
12.97319031,80.21974182,72861,72871,10
12.9734602,80.21985626,72871,72962,91
12.9734602,80.21985626,72962,72972,10
12.97362995,80.21994019,72972,72982,10
12.97387981,80.22006989,72982,72992,10
12.97410011,80.22019196,72992,73002,10
12.97439957,80.22033691,73002,73012,10
12.97480011,80.22048187,73012,73123,111
12.97515011,80.22059631,73123,73174,51
12.97515011,80.22059631,73174,73184,10
12.97556973,80.22084045,73184,73194,10
12.97612953,80.22122192,73194,73224,30
12.97612953,80.22122192,73224,73234,10
12.97642994,80.22120667,73234,73244,10
12.97696972,80.22120667,73244,73254,10
12.97743034,80.22119904,73254,73264,10
12.97787952,80.22119141,73264,73274,10
12.97830009,80.22116089,73274,73285,11
12.97879028,80.22110748,73285,73295,10
12.97935009,80.22107697,73295,73305,10
12.97996044,80.22103882,73305,73321,16
12.98085976,80.2210083,73321,73333,12
12.98149967,80.2212677,73333,73342,9
12.98190022,80.22155762,73342,73353,11
12.98235989,80.22177124,73353,73363,10
12.9826498,80.22184753,73363,73373,10
12.98289967,80.22196198,73373,73386,13
12.98291969,80.2219696,73386,73396,10
12.98318005,80.22212219,73396,73407,11
12.98346996,80.22232056,73407,73416,9
12.98373032,80.2224884,73416,73427,11
12.98398972,80.22264099,73427,73437,10
12.98441029,80.2228775,73437,73447,10
12.98488998,80.22315979,73447,73457,10
12.9853096,80.22329712,73457,73467,10
12.98558044,80.22310638,73467,73477,10
12.9861002,80.22296143,73477,73487,10
12.98649025,80.22296143,73487,73497,10
12.98676968,80.22299957,73497,73507,10
12.98694038,80.22302246,73507,73518,11
12.98719025,80.22306061,73518,73528,10
12.98750973,80.22309113,73528,73538,10
12.98801994,80.22286224,73538,73548,10
12.98843002,80.2224884,73548,73558,10
12.98863983,80.22229004,73558,73568,10
12.98882961,80.22209167,73568,73578,10
12.98913002,80.22173309,73578,73588,10
12.98956013,80.22119141,73588,73598,10
12.99007034,80.22061157,73598,73608,10
12.99034023,80.22038269,73608,73618,10
12.99034977,80.22036743,73618,73629,11
12.99050045,80.22025299,73629,73639,10
12.9907198,80.22006989,73639,73649,10
12.99098015,80.21985626,73649,73659,10
12.99135017,80.21955872,73659,73669,10
12.9916296,80.21936035,73669,73699,30
12.9916296,80.21936035,73699,73709,10
12.99195004,80.21917725,73709,73719,10
12.9919796,80.21916962,73719,73729,10
12.99211025,80.21907806,73729,73739,10
12.99223042,80.21898651,73739,73750,11
12.99236012,80.2188797,73750,73761,11
12.99248028,80.21877289,73761,73771,10
12.99252033,80.21874237,73771,73781,10
12.99265003,80.21865845,73781,73791,10
12.99273968,80.21858978,73791,73801,10
12.99291039,80.21845245,73801,73811,10
12.99316978,80.21822357,73811,73831,20
12.99316978,80.21822357,73831,73841,10
12.99332047,80.21810913,73841,73851,10
12.99343014,80.21800995,73851,73862,11
12.99363995,80.21790314,73862,73922,60
12.99363995,80.21790314,73922,73932,10
12.99398041,80.21768951,73932,73942,10
12.99419022,80.21755219,73942,73952,10
12.99433994,80.21743774,73952,73962,10
12.99454975,80.21730804,73962,73973,11
12.99475956,80.2171402,73973,73983,10
12.99499989,80.21697998,73983,73993,10
12.99545002,80.21674347,73993,74003,10
12.99594021,80.21652985,74003,74013,10
12.99606037,80.21652222,74013,74023,10
12.99625969,80.21649933,74023,74033,10
12.9965601,80.21647644,74033,74043,10
12.99709034,80.21642303,74043,74063,20
12.99709034,80.21642303,74063,74073,10
12.99724007,80.21633148,74073,74083,10
12.99761963,80.2159729,74083,74094,11
12.99825954,80.21537781,74094,74104,10
12.99884033,80.21486664,74104,74114,10
12.99913025,80.21463776,74114,74124,10
12.99954987,80.21430206,74124,74134,10
13.00002003,80.21389771,74134,74144,10
13.00055981,80.21341705,74144,74154,10
13.00105,80.2130127,74154,74164,10
13.00125027,80.21285248,74164,74174,10
13.00150967,80.21264648,74174,74184,10
13.00197983,80.21231842,74184,74194,10
13.00251007,80.21208954,74194,74204,10
13.00304031,80.21205139,74204,74215,11
13.00333977,80.21205139,74215,74225,10
13.00368977,80.21199036,74225,74235,10
13.00419998,80.21211243,74235,74245,10
13.00481987,80.21240234,74245,74255,10
13.00553036,80.21282196,74255,74265,10
13.00617027,80.21278381,74265,74275,10
13.00669003,80.21270752,74275,74285,10
13.0073204,80.21276855,74285,74295,10
13.00786018,80.21307373,74295,74315,20
13.00786018,80.21307373,74315,74326,11
13.00798035,80.21317291,74326,74336,10
13.00833988,80.21331787,74336,74346,10
13.00881004,80.21376801,74346,74356,10
13.00934029,80.2144928,74356,74366,10
13.00959969,80.21491241,74366,74376,10
13.0098896,80.21526337,74376,74386,10
13.01027966,80.21585846,74386,74396,10
13.01074028,80.21663666,74396,74406,10
13.01109028,80.21750641,74406,74416,10
13.01144981,80.21851349,74416,74426,10
13.01189041,80.21980286,74426,74437,11
13.01233006,80.22107697,74437,74446,9
13.01261997,80.22160339,74446,74457,11
13.01315022,80.22219086,74457,74467,10
13.01362991,80.22283173,74467,74477,10
13.01410007,80.22341919,74477,74487,10
13.01438046,80.22377014,74487,74497,10
13.01488018,80.22441101,74497,74507,10
13.01535034,80.22486115,74507,74517,10
13.01535988,80.22486115,74517,74527,10
13.01566982,80.22514343,74527,74537,10
13.0164299,80.22528076,74537,74547,10
13.01743031,80.22493744,74547,74558,11
13.01863003,80.22447968,74558,74568,10
13.01937962,80.22434235,74568,74578,10
13.01972961,80.22451019,74578,74588,10
13.02007008,80.22476196,74588,74598,10
13.02052975,80.22509766,74598,74608,10
13.02095032,80.22541809,74608,74618,10
13.02143955,80.22577667,74618,74628,10
13.02198029,80.22615814,74628,74638,10
13.02208042,80.22621918,74638,74648,10
13.02237988,80.22651672,74648,74658,10
13.02285004,80.22693634,74658,74669,11
13.02359962,80.22762299,74669,74679,10
13.02427006,80.22825623,74679,74699,20
13.02427006,80.22825623,74699,74709,10
13.02439976,80.22847748,74709,74719,10
13.02466965,80.22895813,74719,74729,10
13.02497959,80.22940063,74729,74739,10
13.02534008,80.2298584,74739,74749,10
13.02579975,80.23061371,74749,74759,10
13.0261097,80.2313385,74759,74769,10
13.02678013,80.23119354,74769,74779,10
13.02766991,80.23097992,74779,74790,11
13.0283699,80.23085785,74790,74800,10
13.0288496,80.23079681,74800,74820,20
13.0288496,80.23079681,74820,74830,10
13.02915955,80.2307663,74830,74840,10
13.02949047,80.23074341,74840,74850,10
13.0298996,80.23071289,74850,74860,10
13.03026009,80.23069,74860,74870,10
13.03050041,80.23068237,74870,74880,10
13.03077984,80.23065948,74880,74890,10
13.03098011,80.23065186,74890,74901,11
13.03122044,80.23062134,74901,74911,10
13.0318203,80.23059082,74911,74921,10
13.03248024,80.23052979,74921,74931,10
13.03310013,80.23049164,74931,74941,10
13.03353024,80.23046112,74941,74971,30
13.03353024,80.23046112,74971,74981,10
13.03388977,80.23045349,74981,74991,10
13.0343504,80.23039246,74991,75001,10
13.03474998,80.2303009,75001,75011,10
13.03499031,80.23011017,75011,75022,11
13.03507996,80.22991943,75022,75032,10
13.03454018,80.2297821,75032,75190,158
13.03454018,80.2297821,75190,75201,11
13.03417015,80.22989655,75201,75222,21
13.03417015,80.22989655,75222,75232,10
13.03421021,80.23011017,75232,75242,10
13.03417969,80.23023987,75242,75252,10
13.03415012,80.23040009,75252,75262,10
13.03409004,80.23046875,75262,75273,11
13.03388977,80.23045349,75273,75283,10
13.03349972,80.23045349,75283,75293,10
13.03295994,80.23049927,75293,75303,10
13.03238964,80.23056793,75303,75313,10
13.03184032,80.23062897,75313,75323,10
13.03131008,80.23066711,75323,75333,10
13.03096008,80.23071289,75333,75343,10
13.03067017,80.23074341,75343,75353,10
13.03034019,80.2307663,75353,75363,10
13.02993965,80.23081207,75363,75374,11
13.02943993,80.23087311,75374,75384,10
13.02884007,80.23091888,75384,75400,16
13.0280304,80.23101044,75400,75412,12
13.02766037,80.2310791,75412,75422,10
13.02766991,80.23158264,75422,75432,10
13.02770996,80.23206329,75432,75442,10
13.02783966,80.23256683,75442,75452,10
13.02764988,80.23285675,75452,75462,10
13.02727985,80.23291779,75462,75472,10
13.02717018,80.23294067,75472,75482,10
13.02713013,80.23293304,75482,75492,10
13.0268898,80.2329483,75492,75503,11
13.02649975,80.23297119,75503,75512,9
13.02622032,80.23246002,75512,75523,11
13.02598953,80.23155212,75523,75533,10
13.02563,80.23049927,75533,75543,10
13.02513981,80.2297287,75543,75553,10
13.0248003,80.22930908,75553,75563,10
13.02466965,80.22914886,75563,75573,10
13.02441025,80.22879028,75573,75583,10
13.02402973,80.2282486,75583,75593,10
13.02353954,80.22772217,75593,75603,10
13.02311993,80.22744751,75603,75644,41
13.02311993,80.22744751,75644,75654,10
13.0228796,80.22733307,75654,75664,10
13.02268028,80.22695923,75664,75674,10
13.02231026,80.22659302,75674,75684,10
13.0217104,80.22608185,75684,75694,10
13.02112007,80.2256012,75694,75704,10
13.02046967,80.22516632,75704,75714,10
13.0199604,80.22486115,75714,75725,11
13.01974964,80.22471619,75725,75735,10
13.01920033,80.22450256,75735,75745,10
13.01844025,80.22466278,75745,75755,10
13.01760006,80.22499847,75755,75765,10
13.01683044,80.22531128,75765,75775,10
13.01626968,80.22553253,75775,75785,10
13.0156498,80.22572327,75785,75795,10
13.01486969,80.2260437,75795,75815,20
13.01486969,80.2260437,75815,75825,10
13.01447964,80.22618866,75825,75836,11
13.0136404,80.22653198,75836,75846,10
13.01272011,80.22685242,75846,75856,10
13.01159,80.22727966,75856,75866,10
13.01039028,80.22773743,75866,75876,10
13.00951004,80.22773743,75876,75886,10
13.00975037,80.22708893,75886,75896,10
13.01008034,80.22640228,75896,75906,10
13.01043987,80.22557831,75906,75916,10
13.01076984,80.224823,75916,75926,10
13.0111599,80.22383881,75926,75936,10
13.01140976,80.22328949,75936,75946,10
13.0114603,80.22319031,75946,75957,11
13.01165009,80.22268677,75957,75967,10
13.01194,80.22180176,75967,75977,10
13.01208973,80.22087097,75977,75987,10
13.01179981,80.21987152,75987,75997,10
13.01142025,80.21869659,75997,76007,10
13.01099968,80.21756744,76007,76017,10
13.01056957,80.21658325,76017,76027,10
13.0101099,80.21582031,76027,76037,10
13.00973034,80.21507263,76037,76047,10
13.00936031,80.21456909,76047,76057,10
13.00899029,80.21408844,76057,76067,10
13.00848961,80.21350098,76067,76098,31
13.00848961,80.21350098,76098,76108,10
13.00833988,80.21341705,76108,76118,10
13.00796986,80.21324158,76118,76148,30
13.00796986,80.21324158,76148,76158,10
13.00786972,80.21317291,76158,76168,10
13.00765991,80.21295166,76168,76178,10
13.00710964,80.21279144,76178,76189,11
13.00636005,80.21278381,76189,76198,9
13.00586987,80.21298981,76198,76209,11
13.00522041,80.21266937,76209,76219,10
13.00465012,80.21230316,76219,76229,10
13.00397968,80.21212006,76229,76239,10
13.00339985,80.21208954,76239,76249,10
13.00284958,80.21209717,76249,76259,10
13.00234032,80.21221924,76259,76269,10
13.00193024,80.21244049,76269,76279,10
13.00133991,80.212883,76279,76289,10
13.00086021,80.21324921,76289,76299,10
13.00039005,80.21366119,76299,76310,11
12.9997797,80.21424103,76310,76320,10
12.99923992,80.21469879,76320,76330,10
12.99899006,80.21491241,76330,76340,10
12.99851036,80.21528625,76340,76350,10
12.99798012,80.21575165,76350,76360,10
12.99738979,80.21637726,76360,76390,30
12.99738979,80.21637726,76390,76400,10
12.99707031,80.21652222,76400,76410,10
12.99662018,80.21655273,76410,76420,10
12.99629974,80.21656799,76420,76437,17
12.99588013,80.21668243,76437,76449,12
12.99584007,80.21669769,76449,76459,10
12.99567986,80.2167511,76459,76469,10
12.99549961,80.21681976,76469,76479,10
12.99536037,80.2168808,76479,76489,10
12.99518013,80.21697998,76489,76499,10
12.99497032,80.21710968,76499,76509,10
12.99454021,80.21743011,76509,76519,10
12.99398994,80.2178421,76519,76529,10
12.99339962,80.21826172,76529,76540,11
12.99291992,80.2186203,76540,76549,9
12.99238968,80.21900177,76549,76560,11
12.99174976,80.21945953,76560,76570,10
12.99139023,80.2197113,76570,76580,10
12.99129009,80.21974945,76580,76590,10
12.99090004,80.22003937,76590,76600,10
12.99059963,80.22032928,76600,76610,10
12.99040031,80.22048187,76610,76620,10
12.98995018,80.22086334,76620,76630,10
12.98952961,80.22138214,76630,76640,10
12.98908997,80.22190094,76640,76650,10
12.98857975,80.22245789,76650,76661,11
12.98799992,80.22293854,76661,76677,16
12.98729038,80.2230835,76677,76689,12
12.98674011,80.22299957,76689,76697,8
12.98635006,80.22296906,76697,76709,12
12.98602009,80.22299194,76709,76719,10
12.9858799,80.22296906,76719,76729,10
12.98552036,80.22322083,76729,76739,10
12.9850502,80.2232132,76739,76749,10
12.98458004,80.22299957,76749,76759,10
12.9841404,80.22271729,76759,76770,11
12.98375988,80.22251892,76770,76779,9
12.98348045,80.22234344,76779,76790,11
12.98320007,80.22213745,76790,76800,10
12.98307991,80.22206116,76800,76810,10
12.98279953,80.2219162,76810,76820,10
12.98239994,80.22177887,76820,76830,10
12.98188019,80.22148132,76830,76840,10
12.9811697,80.22107697,76840,76850,10
12.98046017,80.22106171,76850,76860,10
12.97980976,80.22109222,76860,76870,10
12.97889996,80.22116089,76870,76901,31
12.97889996,80.22116089,76901,76911,10
12.97861958,80.22116089,76911,76921,10
12.97840977,80.22116852,76921,76931,10
12.97803974,80.22116852,76931,76951,20
12.97784996,80.22119904,76951,77002,51
12.97784996,80.22119904,77002,77012,10
12.97751999,80.22126007,77012,77112,100
12.97751999,80.22126007,77112,77123,11
12.97706985,80.22129822,77123,77133,10
12.97692013,80.22131348,77133,77143,10
12.97677994,80.22129822,77143,77234,91
12.97677994,80.22129822,77234,77244,10
12.97661972,80.22126007,77244,77254,10
12.97644043,80.22123718,77254,77264,10
12.97636032,80.22122955,77264,77274,10
12.97609997,80.22123718,77274,77324,50
12.97595978,80.22132874,77324,77344,20
12.97595978,80.22132874,77344,77355,11
12.97560978,80.22115326,77355,77375,20
12.97560978,80.22115326,77375,77385,10
12.97542,80.22099304,77385,77445,60
12.97542,80.22099304,77445,77455,10
12.97515011,80.22087097,77455,77465,10
12.97490025,80.22071838,77465,77476,11
12.97426987,80.22044373,77476,77486,10
12.97381973,80.22026825,77486,77496,10
12.97354984,80.22016144,77496,77506,10
12.97321033,80.22000122,77506,77516,10
12.97282028,80.21981812,77516,77526,10
12.97214031,80.21955109,77526,77536,10
12.97142982,80.2193222,77536,77546,10
12.97113991,80.21923065,77546,77556,10
12.97113991,80.21922302,77556,77566,10
12.97076988,80.21904755,77566,77576,10
12.97010994,80.21875,77576,77587,11
12.96928978,80.21842194,77587,77597,10
12.96854019,80.21811676,77597,77607,10
12.96780014,80.21781921,77607,77617,10
12.96697998,80.21748352,77617,77627,10
12.96582031,80.21703339,77627,77637,10
12.96463013,80.21656036,77637,77647,10
12.96374989,80.21618652,77647,77657,10
12.96304035,80.21585846,77657,77667,10
12.96234035,80.2155838,77667,77677,10
12.9615202,80.21524811,77677,77687,10
12.96049976,80.21485138,77687,77697,10
12.95940018,80.21443939,77697,77708,11
12.95814991,80.21391296,77708,77718,10
12.95715046,80.21351624,77718,77728,10
12.95625019,80.21315002,77728,77738,10
12.95524025,80.21276093,77738,77748,10
12.95429993,80.21240234,77748,77758,10
12.95349026,80.21208191,77758,77768,10
12.9526701,80.21176147,77768,77778,10
12.95172024,80.21140289,77778,77788,10
12.95098019,80.21112061,77788,77798,10
12.95086002,80.21108246,77798,77808,10
12.95046997,80.21092224,77808,77819,11
12.94987011,80.2106781,77819,77829,10
12.94933033,80.21047211,77829,77839,10
12.94878006,80.21025085,77839,77849,10
12.94820976,80.21002197,77849,77859,10
12.94740009,80.20968628,77859,77869,10
12.94633961,80.20926666,77869,77879,10
12.94522953,80.20883179,77879,77889,10
12.94435024,80.20848846,77889,77899,10
12.94416046,80.2084198,77899,77909,10
12.94388962,80.2082901,77909,77919,10
12.94330978,80.20803833,77919,77929,10
12.94274044,80.20749664,77929,77940,11
12.94213963,80.20684052,77940,77950,10
12.94147015,80.20632935,77950,77960,10
12.94085026,80.20597839,77960,77970,10
12.94029999,80.20578766,77970,77980,10
12.93968964,80.20561218,77980,77990,10
12.93906021,80.20540619,77990,78000,10
12.93830013,80.20519257,78000,78010,10
12.93747997,80.20496368,78010,78020,10
12.93667984,80.20471954,78020,78030,10
12.93589973,80.20449829,78030,78040,10
12.93525028,80.20423889,78040,78051,11
12.9344902,80.20404053,78051,78061,10
12.93385983,80.20398712,78061,78071,10
12.93367004,80.20397949,78071,78081,10
12.93352032,80.20394135,78081,78091,10
12.93309021,80.20384216,78091,78101,10
12.93255043,80.20361328,78101,78111,10
12.93179989,80.20336914,78111,78121,10
12.9309597,80.20310211,78121,78131,10
12.93019009,80.20291901,78131,78141,10
12.92963028,80.20285797,78141,78151,10
12.92955971,80.20284271,78151,78161,10
12.9291296,80.20278168,78161,78172,11
12.92846966,80.2025528,78172,78182,10
12.92840958,80.20189667,78182,78192,10
12.92838955,80.20124054,78192,78202,10
12.92835045,80.20034027,78202,78212,10
12.92817974,80.19956207,78212,78222,10
12.92786026,80.19882965,78222,78232,10
12.92728043,80.1980896,78232,78242,10
12.92640018,80.19763947,78242,78252,10
12.92564011,80.19754791,78252,78262,10
12.92531013,80.19756317,78262,78272,10
12.92479992,80.19754028,78272,78282,10
12.92401981,80.19754028,78282,78293,11
12.92327023,80.19748688,78293,78303,10
12.92253017,80.1973877,78303,78313,10
12.92193985,80.19731903,78313,78323,10
12.92168999,80.19724274,78323,78333,10
12.92123985,80.19708252,78333,78343,10
12.92088985,80.19693756,78343,78353,10
12.92047977,80.19680023,78353,78363,10
12.91998959,80.19663239,78363,78373,10
12.91961956,80.19650269,78373,78383,10
12.91942978,80.19642639,78383,78393,10
12.91923046,80.19628143,78393,78404,11
12.91895962,80.19608307,78404,78414,10
12.91851997,80.19567871,78414,78424,10
12.91800976,80.19522095,78424,78434,10
12.91740036,80.19465637,78434,78444,10
12.91703033,80.19413757,78444,78454,10
12.91695023,80.19361877,78454,78464,10
12.91699982,80.1931076,78464,78474,10
12.91707039,80.19249725,78474,78484,10
12.91707039,80.19245911,78484,78494,10
12.91709042,80.19223785,78494,78504,10
12.91718006,80.19174957,78504,78514,10
12.91722965,80.19145966,78514,78525,11
12.9172802,80.19139862,78525,78535,10
12.91732979,80.19094086,78535,78545,10
12.91736031,80.19035339,78545,78555,10
12.91755009,80.18955231,78555,78565,10
12.91800976,80.18869781,78565,78575,10
12.91864967,80.18798828,78575,78585,10
12.91924,80.18731689,78585,78595,10
12.91998959,80.18644714,78595,78605,10
12.92055988,80.18551636,78605,78615,10
12.92033958,80.18453979,78615,78625,10
12.92016029,80.18372345,78625,78636,11
12.91991997,80.18270111,78636,78646,10
12.91983986,80.18245697,78646,78656,10
12.9198103,80.18235779,78656,78666,10
12.91971016,80.18186188,78666,78676,10
12.91956043,80.18112946,78676,78686,10
12.9193697,80.18022156,78686,78696,10
12.91899967,80.17919922,78696,78706,10
12.91853046,80.17855835,78706,78716,10
12.91814041,80.1776886,78716,78726,10
12.9183197,80.17655945,78726,78736,10
12.91858959,80.17539215,78736,78746,10
12.91889,80.17411804,78746,78757,11
12.91926003,80.17269897,78757,78767,10
12.91948032,80.17185974,78767,78777,10
12.91969967,80.17098999,78777,78787,10
12.91975975,80.17082214,78787,78797,10
12.91985035,80.17059326,78797,78807,10
12.92004013,80.16996002,78807,78817,10
12.92033005,80.1690979,78817,78827,10
12.92064953,80.16812134,78827,78837,10
12.92098999,80.16705322,78837,78846,9
12.92129993,80.16609955,78846,78857,11
12.92164993,80.16499329,78857,78868,11
12.92197037,80.16397095,78868,78878,10
12.92228985,80.16295624,78878,78888,10
12.92259979,80.16194153,78888,78898,10
12.92292023,80.16098022,78898,78908,10
12.92319012,80.16020203,78908,78918,10
12.92333984,80.15924072,78918,78928,10
12.92343998,80.15799713,78928,78938,10
12.92356014,80.15672302,78938,78948,10
12.92354012,80.1555481,78948,78958,10
12.92331982,80.15477753,78958,78968,10
12.92329979,80.15467072,78968,78978,10
12.92323971,80.15440369,78978,78989,11
12.92306042,80.15370178,78989,78999,10
12.92286968,80.1529007,78999,79015,16
12.92263985,80.15136719,79015,79027,12
12.92261028,80.15003204,79027,79037,10
12.92257977,80.14923096,79037,79047,10
12.92253971,80.1481781,79047,79057,10
12.92251015,80.14727783,79057,79067,10
12.92249966,80.14685822,79067,79077,10
12.92251015,80.1465683,79077,79087,10
12.92251015,80.14592743,79087,79097,10
12.92247009,80.14501953,79097,79108,11
12.92245007,80.14395905,79108,79118,10
12.92238998,80.14320374,79118,79158,40
12.92238998,80.14320374,79158,79168,10
12.92240047,80.14315796,79168,79178,10
12.92241001,80.14290619,79178,79188,10
12.92241001,80.14237213,79188,79198,10
12.92238045,80.1416626,79198,79208,10
12.92236996,80.14086151,79208,79218,10
12.92236042,80.13999176,79218,79229,11
12.92234039,80.13897705,79229,79239,10
12.92240047,80.13804626,79239,79249,10
12.92243958,80.13704681,79249,79259,10
12.92247963,80.13612366,79259,79269,10
12.92251968,80.13516998,79269,79279,10
12.92255974,80.13426971,79279,79289,10
12.92261028,80.13330841,79289,79299,10
12.92263985,80.13226318,79299,79309,10
12.92269039,80.13117981,79309,79319,10
12.92271996,80.13025665,79319,79329,10
12.92276001,80.12940216,79329,79340,11
12.92284012,80.12848663,79340,79350,10
12.92286015,80.1275177,79350,79360,10
12.92288017,80.12638855,79360,79370,10
12.92294025,80.12522125,79370,79380,10
12.92298031,80.12402344,79380,79390,10
12.92300034,80.12283325,79390,79400,10
12.92306042,80.1216507,79400,79410,10
12.92310047,80.12090302,79410,79420,10
12.92311001,80.12082672,79420,79430,10
12.92313957,80.1207428,79430,79440,10
12.92317963,80.12030029,79440,79451,11
12.92323017,80.11942291,79451,79461,10
12.9232502,80.11860657,79461,79471,10
12.92335987,80.11749268,79471,79538,67
12.92335987,80.11749268,79538,79549,11
12.92343044,80.11727905,79549,79559,10
12.92341995,80.11688232,79559,79580,21
12.92341995,80.11688232,79580,79589,9
12.92346954,80.11681366,79589,79600,11
12.92356968,80.11704254,79600,79610,10
12.92348957,80.1173172,79610,79620,10
12.92350006,80.11756134,79620,79630,10
12.9236002,80.11778259,79630,79640,10
12.92352009,80.11817169,79640,79650,10
12.92346954,80.11878967,79650,79660,10
12.92343044,80.11924744,79660,79670,10
12.92335033,80.11975861,79670,79680,10
12.92331028,80.12021637,79680,79691,11
12.92327976,80.12049103,79691,79701,10
12.92323017,80.12088013,79701,79711,10
12.92323017,80.1211319,79711,79721,10
12.92323971,80.12159729,79721,79771,50
12.92323971,80.12159729,79771,79781,10
12.92319012,80.12168121,79781,79791,10
12.92317963,80.12210846,79791,79802,11
12.92315006,80.12284088,79802,79812,10
12.92311954,80.12361908,79812,79822,10
12.92311001,80.12439728,79822,79832,10
12.92304039,80.12522125,79832,79842,10
12.92296982,80.12592316,79842,79852,10
12.92294025,80.12650299,79852,79862,10
12.92292023,80.12715149,79862,79872,10
12.9229002,80.12769318,79872,79882,10
12.9229002,80.12805939,79882,79892,10
12.92286015,80.12841797,79892,79902,10
12.92282009,80.12885284,79902,79912,10
12.92280006,80.12937927,79912,79923,11
12.92278004,80.12993622,79923,79933,10
12.92276001,80.13043213,79933,79943,10
12.92275047,80.13070679,79943,79953,10
12.92273998,80.13110352,79953,79963,10
12.92271996,80.13172913,79963,79973,10
12.92269993,80.13243866,79973,79983,10
12.9226799,80.13311768,79983,79993,10
12.92263031,80.13397217,79993,80003,10
12.92257977,80.13504791,80003,80013,10
12.92253971,80.13614655,80013,80023,10
12.92249966,80.13703918,80023,80034,11
12.92243958,80.13802338,80034,80044,10
12.92238045,80.13887787,80044,80054,10
12.92236042,80.1398468,80054,80064,10
12.92238998,80.14069366,80064,80074,10
12.92240047,80.14151764,80074,80084,10
12.9224596,80.14279175,80084,80122,38
12.9224596,80.14279175,80122,80132,10
12.92249012,80.14286041,80132,80142,10
12.92249012,80.14305878,80142,80152,10
12.92249012,80.14349365,80152,80163,11
12.92247963,80.14363861,80163,80173,10
12.92249966,80.14424133,80173,80183,10
12.92253017,80.14523315,80183,80193,10
12.92257977,80.14637756,80193,80203,10
12.92259979,80.14733887,80203,80212,9
12.92257977,80.14832306,80212,80223,11
12.92263985,80.14955139,80223,80233,10
12.92267036,80.15081024,80233,80243,10
12.92269993,80.15190887,80243,80253,10
12.92294025,80.15310669,80253,80263,10
12.92327023,80.15435791,80263,80274,11
12.9236002,80.15570068,80274,80284,10
12.9236002,80.1570816,80284,80294,10
12.92346001,80.15847015,80294,80304,10
12.92333984,80.15982056,80304,80314,10
12.92304993,80.16101837,80314,80324,10
12.92265034,80.1622467,80324,80334,10
12.92230034,80.1633606,80334,80344,10
12.9218998,80.1645813,80344,80354,10
12.92150021,80.16581726,80354,80364,10
12.92109966,80.16706085,80364,80374,10
12.92072964,80.16818237,80374,80385,11
12.92039967,80.16919708,80385,80395,10
12.92018986,80.1699295,80395,80405,10
12.91994953,80.1707077,80405,80415,10
12.91977978,80.17127228,80415,80425,10
12.91969967,80.17156219,80425,80435,10
12.91952038,80.17215729,80435,80445,10
12.91928005,80.17301941,80445,80455,10
12.9190197,80.17405701,80455,80465,10
12.91878033,80.17514038,80465,80475,10
12.91849995,80.17622375,80475,80485,10
12.91827965,80.17736053,80485,80495,10
12.91849995,80.17843628,80495,80506,11
12.91911983,80.1792984,80506,80516,10
12.91948986,80.18041992,80516,80526,10
12.91975975,80.18167877,80526,80536,10
12.92000008,80.18276978,80536,80546,10
12.92022038,80.18373108,80546,80556,10
12.92041016,80.1845932,80556,80566,10
12.92061996,80.18550873,80566,80576,10
12.9202404,80.18634033,80576,80586,10
12.91950989,80.18715668,80586,80596,10
12.91893005,80.18784332,80596,80606,10
12.91845036,80.18833923,80606,80616,10
12.91784954,80.18901825,80616,80627,11
12.91746998,80.19001007,80627,80637,10
12.91734028,80.19096375,80637,80647,10
12.91722012,80.19185638,80647,80657,10
12.91714954,80.19248199,80657,80667,10
12.91707993,80.19287872,80667,80677,10
12.91705036,80.19309235,80677,80693,16
12.9170599,80.19390106,80693,80705,12
12.91720009,80.19429779,80705,80715,10
12.91738987,80.19452667,80715,80725,10
12.91790962,80.19499969,80725,80736,11
12.91851044,80.19554138,80736,80745,9
12.91897964,80.19595337,80745,80756,11
12.91911983,80.19606781,80756,80766,10
12.91930008,80.19619751,80766,80776,10
12.91961956,80.19637299,80776,80785,9
12.92022038,80.19661713,80785,80796,11
12.92101955,80.19687653,80796,80806,10
12.92185974,80.1971817,80806,80816,10
12.92261028,80.19731903,80816,80826,10
12.9231596,80.1973877,80826,80836,10
12.92362022,80.1974411,80836,80846,10
12.92424011,80.19745636,80846,80857,11
12.92496967,80.1974411,80857,80867,10
12.92521,80.1974411,80867,80877,10
12.92628956,80.1975174,80877,80887,10
12.92628956,80.1975174,80887,80897,10
12.92681026,80.1977005,80897,80907,10
12.92743015,80.19808197,80907,80917,10
12.92792034,80.19873047,80917,80927,10
12.92825985,80.19947815,80927,80937,10
12.92846012,80.20046997,80937,80948,11
12.92850018,80.20166779,80948,80959,11
12.92873955,80.20262146,80959,80970,11
12.92943954,80.20272827,80970,80980,10
12.92975998,80.20275879,80980,80990,10
12.93047047,80.20287323,80990,81000,10
12.93134022,80.20311737,81000,81010,10
12.93216991,80.20339203,81010,81020,10
12.93303967,80.20368195,81020,81030,10
12.93400955,80.20388794,81030,81040,10
12.9350996,80.20406342,81040,81050,10
12.93624973,80.20449829,81050,81060,10
12.93731976,80.20481873,81060,81070,10
12.93832016,80.20510101,81070,81080,10
12.93933964,80.20542145,81080,81091,11
12.94019032,80.20567322,81091,81101,10
12.94077015,80.20584869,81101,81111,10
12.94147015,80.20619965,81111,81121,10
12.94217014,80.20671844,81121,81131,10
12.94268036,80.20716095,81131,81141,10
12.94309044,80.20773315,81141,81151,10
12.94375992,80.20813751,81151,81161,10
12.94447041,80.20841217,81161,81171,10
12.94526958,80.20870972,81171,81181,10
12.94633007,80.20909882,81181,81191,10
12.94740963,80.20951843,81191,81202,11
12.94859028,80.20999908,81202,81212,10
12.94976997,80.21047974,81212,81222,10
12.95112038,80.21099854,81222,81232,10
12.95244026,80.21151733,81232,81242,10
12.95333958,80.21188354,81242,81252,10
12.95438004,80.21228027,81252,81262,10
12.95553017,80.21273804,81262,81278,16
12.95695972,80.21327972,81278,81290,12
12.95812988,80.21378326,81290,81298,8
12.9587698,80.2140274,81298,81310,12
12.95932007,80.21424866,81310,81321,11
12.96010017,80.21456909,81321,81331,10
12.96105957,80.21495056,81331,81341,10
12.96216011,80.21537781,81341,81351,10
12.96313953,80.21575928,81351,81360,9
12.96385956,80.21604919,81360,81371,11
12.96504021,80.21655273,81371,81381,10
12.96625042,80.21704102,81381,81391,10
12.96730995,80.21746063,81391,81401,10
12.96835995,80.21790314,81401,81411,10
12.96953964,80.2183609,81411,81421,10
12.97080994,80.2188797,81421,81432,11
12.97224045,80.21943665,81432,81442,10
12.97334003,80.21984863,81442,81452,10
12.97432995,80.22025299,81452,81462,10
12.97531033,80.22065735,81462,81472,10
12.97587967,80.22109985,81472,81482,10
12.97669029,80.22126007,81482,81492,10
12.9774704,80.22122955,81492,81502,10
12.97813988,80.22120667,81502,81512,10
12.97894001,80.22115326,81512,81522,10
12.97980022,80.22107697,81522,81532,10
12.98075008,80.22100067,81532,81542,10
12.98147964,80.22126007,81542,81553,11
12.98213959,80.22171021,81553,81563,10
12.98256016,80.2218399,81563,81573,10
12.98297977,80.22202301,81573,81583,10
12.98340034,80.22231293,81583,81593,10
12.98381042,80.22255707,81593,81603,10
12.9842701,80.22281647,81603,81613,10
12.98470974,80.22310638,81613,81623,10
12.98519039,80.22329712,81623,81633,10
12.98560047,80.2230835,81633,81643,10
12.98618984,80.22296143,81643,81653,10
12.98666,80.22297668,81653,81664,11
12.98711014,80.22306061,81664,81674,10
12.98762989,80.22306061,81674,81684,10
12.98814964,80.22277069,81684,81694,10
12.98863029,80.22234344,81694,81704,10
12.98906994,80.22181702,81704,81720,16
12.9897604,80.22093964,81720,81732,12
12.99050045,80.2203064,81732,81741,9
12.99083996,80.22003937,81741,81752,11
12.99137974,80.21959686,81752,81762,10
12.99166965,80.21938324,81762,81772,10
12.99223042,80.21897888,81772,81783,11
12.99298,80.21845245,81783,81793,10
12.9934597,80.21808624,81793,81803,10
12.9939003,80.21777344,81803,81813,10
12.99419022,80.21755981,81813,81823,10
12.99433041,80.21746063,81823,81833,10
12.99452972,80.2173233,81833,81843,10
12.99475002,80.21716309,81843,81853,10
12.99497986,80.21698761,81853,81863,10
12.9952898,80.21679688,81863,81873,10
12.99588013,80.21661377,81873,81883,10
12.99652958,80.2164917,81883,81894,11
12.99717045,80.21639252,81894,81904,10
12.99761963,80.2159729,81904,81914,10
12.9980402,80.21562195,81914,81924,10
12.99855995,80.21514893,81924,81934,10
12.99901962,80.21479034,81934,81944,10
12.9993,80.21453857,81944,81954,10
12.9997797,80.21411896,81954,81964,10
13.00018024,80.21378326,81964,81974,10
13.00078964,80.21321106,81974,81984,10
13.00133038,80.21282196,81984,81994,10
13.00195026,80.21237946,81994,82005,11
13.00253963,80.21211243,82005,82015,10
13.00298023,80.21206665,82015,82025,10
13.00354004,80.2120285,82025,82035,10
13.00389004,80.21198273,82035,82045,10
13.00444984,80.21219635,82045,82055,10
13.0050602,80.21256256,82055,82065,10
13.00580025,80.21292877,82065,82075,10
13.00646019,80.21273041,82075,82085,10
13.00714016,80.21278381,82085,82095,10
13.00774002,80.21298218,82095,82105,10
13.00821972,80.21331024,82105,82115,10
13.00874043,80.21373749,82115,82126,11
13.00920963,80.2143631,82126,82136,10
13.00955009,80.21489716,82136,82146,10
13.00992012,80.21533966,82146,82156,10
13.01035976,80.21585083,82156,82166,10
13.0106802,80.2164917,82166,82176,10
13.01091957,80.2171936,82176,82186,10
13.01132011,80.21820831,82186,82196,10
13.01173019,80.21933746,82196,82206,10
13.01206017,80.22042847,82206,82216,10
13.01229,80.22129822,82216,82226,10
13.01261997,80.2218399,82226,82237,11
13.01309967,80.22245026,82237,82247,10
13.01368046,80.22310638,82247,82257,10
13.01422977,80.22379303,82257,82267,10
13.01473999,80.22444153,82267,82277,10
13.01531029,80.22509766,82277,82287,10
13.01543045,80.22547913,82287,82297,10
13.01525021,80.22580719,82297,82307,10
13.01490021,80.22595978,82307,82317,10
13.01461029,80.22608185,82317,82327,10
13.01426029,80.22618866,82327,82347,20
13.01426029,80.22618866,82347,82358,11
13.01416016,80.2259903,82358,82368,10
13.01416016,80.2257309,82368,82507,139
13.01416016,80.2257309,82507,82517,10
13.01418018,80.22554016,82517,82527,10
13.01416969,80.22538757,82527,82537,10
13.01428032,80.22524261,82537,82547,10
13.01445961,80.22535706,82547,83163,616
13.01445961,80.22535706,83163,83173,10
13.01449013,80.22553253,83173,83183,10
13.01478004,80.22557068,83183,84201,1018
13.01478004,80.22557068,84201,84212,11
13.01469994,80.22556305,84212,84222,10
13.01455975,80.22541046,84222,84232,10
13.01430988,80.22541809,84232,84262,30
13.01430988,80.22541809,84262,84272,10
