13.07588005,80.27529907,13,326,313
13.07586002,80.275383,326,1044,718
13.07586956,80.275383,1044,5000,3956
13.07586956,80.275383,5000,5010,10
13.07586956,80.2754364,5010,6354,1344
13.07586956,80.2754364,6354,6364,10
13.07586002,80.27500153,6364,6415,51
13.07586002,80.27490234,6415,6476,61
13.07586002,80.27490234,6476,6486,10
13.07602024,80.27455902,6486,8993,2507
13.07602978,80.27445984,8993,9307,314
13.0760603,80.27458191,9307,9701,394
13.07608032,80.27449036,9701,9893,192
13.07600021,80.27454376,9893,10166,273
13.07612038,80.27442169,10166,10186,20
13.07621956,80.27422333,10186,10227,41
13.0761404,80.27439117,10227,10661,434
13.0761404,80.27439117,10661,10672,11
13.07600021,80.27455139,10672,12037,1365
13.07608032,80.27435303,12037,12087,50
13.07600021,80.27438354,12087,12310,223
13.07594967,80.27462006,12310,12390,80
13.07608032,80.27443695,12390,13219,829
13.07612991,80.27445984,13219,13401,182
13.0760603,80.27454376,13401,14453,1052
13.07579994,80.27449036,14453,14574,121
13.07604027,80.2743988,14574,15333,759
13.07604027,80.2743988,15333,15343,10
13.07600021,80.27465057,15343,15383,40
13.0759201,80.27454376,15383,15869,486
13.0759201,80.27454376,15869,15879,10
13.07616997,80.27429199,15879,16061,182
13.07608032,80.2745285,16061,16758,697
13.07586002,80.27458191,16758,16839,81
13.07569027,80.27456665,16839,16859,20
13.07583046,80.27458191,16859,16920,61
13.0759697,80.27456665,16920,17223,303
13.07608986,80.27454376,17223,17254,31
13.07594967,80.27449036,17254,18083,829
13.07604027,80.27438354,18083,18235,152
13.07598972,80.27446747,18235,18447,212
13.07598972,80.27446747,18447,18457,10
13.07594013,80.27451324,18457,18508,51
13.07600021,80.27455139,18508,19145,637
13.07596016,80.27455902,19145,19337,192
13.07598972,80.27445984,19337,19783,446
13.07600021,80.27442169,19783,19986,203
13.07600021,80.27442169,19986,19996,10
13.07602024,80.27445984,19996,20693,697
13.07594967,80.27481842,20693,20734,41
13.07594967,80.27481842,20734,20744,10
13.0759201,80.27513123,20744,20754,10
13.07590961,80.27520752,20754,20764,10
13.07600021,80.27542114,20764,20784,20
13.07600021,80.27559662,20784,20956,172
13.07604027,80.27597046,20956,21047,91
13.07590008,80.27620697,21047,21118,71
13.07590008,80.27620697,21118,21128,10
13.07610035,80.27628326,21128,21138,10
13.0763998,80.27626038,21138,21148,10
13.07678032,80.27625275,21148,21159,11
13.07721996,80.27620697,21159,21169,10
13.07775021,80.27617645,21169,21179,10
13.07818031,80.27587128,21179,21189,10
13.07843971,80.27529144,21189,21199,10
13.07903004,80.27513885,21199,21209,10
13.07971001,80.27526855,21209,21219,10
13.08051968,80.27523041,21219,21229,10
13.08146,80.27513885,21229,21270,41
13.08146,80.27513885,21270,21280,10
13.08154964,80.27513123,21280,21290,10
13.08183002,80.27520752,21290,21300,10
13.08205032,80.27568817,21300,21320,20
13.08205032,80.27568817,21320,21330,10
13.08201981,80.27577972,21330,21341,11
13.0819397,80.27599335,21341,21351,10
13.08185005,80.27612305,21351,21361,10
13.08185959,80.27638245,21361,21371,10
13.08189964,80.27681732,21371,21381,10
13.08195019,80.27745056,21381,21391,10
13.08207035,80.27803802,21391,21401,10
13.08215046,80.27841187,21401,21411,10
13.08218002,80.27896881,21411,21421,10
13.08224964,80.27970123,21421,21432,11
13.08232021,80.28063202,21432,21442,10
13.08236027,80.28144836,21442,21452,10
13.08259964,80.28191376,21452,21462,10
13.08327007,80.28230286,21462,21472,10
13.08399963,80.28275299,21472,21482,10
13.08469009,80.28328705,21482,21492,10
13.08524036,80.28372955,21492,21502,10
13.08549023,80.28362274,21502,21512,10
13.08582973,80.28354645,21512,21523,11
13.08627987,80.28356171,21523,21533,10
13.08656979,80.28385162,21533,21543,10
13.08697987,80.28397369,21543,22129,586
13.08697987,80.28397369,22129,22139,10
13.08708954,80.28397369,22139,22149,10
13.0872097,80.28401184,22149,22159,10
13.08742046,80.28399658,22159,22170,11
13.08761978,80.28398132,22170,22190,20
13.08788967,80.28394318,22190,22240,50
13.08788967,80.28394318,22240,22250,10
13.08792019,80.28401947,22250,22261,11
13.08804035,80.28385162,22261,22281,20
13.08804035,80.28385162,22281,22291,10
13.08821011,80.28352356,22291,22301,10
13.08827972,80.28333282,22301,22311,10
13.08827972,80.28299713,22311,22321,10
13.08829975,80.28256989,22321,22331,10
13.08823967,80.28211212,22331,22341,10
13.08806992,80.28164673,22341,22352,11
13.08829021,80.28144073,22352,22362,10
13.0885601,80.28172302,22362,22372,10
13.08848953,80.28217316,22372,22382,10
13.08837032,80.28263855,22382,22392,10
13.08833027,80.28294373,22392,22402,10
13.08831978,80.28321075,22402,22412,10
13.08833981,80.283638,22412,22422,10
13.0883503,80.28414154,22422,22432,10
13.08839035,80.28473663,22432,22443,11
13.08841991,80.28540039,22443,22453,10
13.08845043,80.28585052,22453,22463,10
13.08845997,80.28629303,22463,22473,10
13.08845043,80.28658295,22473,22483,10
13.08845997,80.2870636,22483,22493,10
13.08854008,80.28748322,22493,22503,10
13.08860016,80.28774261,22503,22513,10
13.08864975,80.28826904,22513,22523,10
13.0886898,80.28859711,22523,22534,11
13.08876038,80.28894806,22534,22544,10
13.08882046,80.28936768,22544,22554,10
13.08882046,80.28938293,22554,22564,10
13.08883953,80.28972626,22564,22574,10
13.08882999,80.29019928,22574,22614,40
13.08882999,80.29019928,22614,22625,11
13.08887959,80.29029083,22625,22635,10
13.08858967,80.29035187,22635,22645,10
13.08804035,80.29007721,22645,22655,10
13.08734035,80.28974915,22655,22665,10
13.08660984,80.28951263,22665,22675,10
13.08565044,80.28929138,22675,22685,10
13.08469963,80.28917694,22685,22695,10
13.0838604,80.28916931,22695,22705,10
13.08308029,80.28919983,22705,22716,11
13.08220005,80.28884888,22716,22726,10
13.08146,80.28856659,22726,22736,10
13.08073997,80.28838348,22736,22746,10
13.08010006,80.28820038,22746,22756,10
13.0794096,80.28807831,22756,22766,10
13.07861042,80.28775024,22766,22776,10
13.07773018,80.28749847,22776,22786,10
13.07674026,80.2872467,22786,22796,10
13.07575989,80.28697968,22796,22807,11
13.07495022,80.28652191,22807,22817,10
13.07419968,80.28614807,22817,22827,10
13.07349014,80.28601074,22827,22837,10
13.07283974,80.28565979,22837,22847,10
13.07207012,80.28534698,22847,22857,10
13.07120991,80.28511047,22857,22867,10
13.07032967,80.28489685,22867,22877,10
13.06943035,80.28469086,22877,22887,10
13.06863976,80.28452301,22887,22898,11
13.0678196,80.28434753,22898,22908,10
13.06692028,80.28417969,22908,22918,10
13.0659399,80.28395844,22918,22928,10
13.06499004,80.28373718,22928,22938,10
13.06412029,80.28353882,22938,22948,10
13.06324005,80.28333282,22948,22958,10
13.06254959,80.28315735,22958,22968,10
13.06252003,80.28314972,22968,22978,10
13.06215,80.28307343,22978,22989,11
13.06140995,80.28289032,22989,22999,10
13.06060028,80.28270721,22999,23009,10
13.05972004,80.28253174,23009,23019,10
13.05879021,80.28233337,23019,23029,10
13.05790997,80.2821579,23029,23039,10
13.05708027,80.28199005,23039,23049,10
13.05671978,80.28192139,23049,23059,10
13.05650043,80.28186798,23059,23069,10
13.05591965,80.28173828,23069,23079,10
13.05510044,80.28157806,23079,23090,11
13.05412006,80.2813797,23090,23100,10
13.05315971,80.28119659,23100,23110,10
13.0521698,80.28105164,23110,23120,10
13.05123043,80.28089142,23120,23130,10
13.05039978,80.2808075,23130,23140,10
13.05008984,80.28076935,23140,23150,10
13.04955959,80.28070068,23150,23160,10
13.04876995,80.28058624,23160,23170,10
13.04775047,80.28044128,23170,23181,11
13.04677963,80.28025818,23181,23191,10
13.04588032,80.28015137,23191,23201,10
13.04498005,80.28003693,23201,23211,10
13.04428005,80.27993774,23211,23221,10
13.04354,80.2798233,23221,23251,30
13.04354,80.2798233,23251,23261,10
13.04333973,80.27963257,23261,23272,11
13.04329014,80.27892303,23272,23282,10
13.04327965,80.2780838,23282,23292,10
13.04327965,80.27742767,23292,23302,10
13.04329014,80.27741241,23302,23312,10
13.04327965,80.27713013,23312,23322,10
13.04327965,80.27645874,23322,23332,10
13.04329967,80.27571869,23332,23342,10
13.04335976,80.27443695,23342,23394,52
13.04335976,80.27443695,23394,23404,10
13.0434103,80.27429962,23404,23414,10
13.04345989,80.27390289,23414,23424,10
13.04356003,80.27313995,23424,23434,10
13.04374981,80.27232361,23434,23444,10
13.04382992,80.27189636,23444,23455,11
13.04386044,80.27171326,23455,23465,10
13.04397964,80.27117157,23465,23475,10
13.04413986,80.27040863,23475,23485,10
13.04430008,80.26956177,23485,23495,10
13.04440022,80.26880646,23495,23505,10
13.04452038,80.26853943,23505,23515,10
13.04459953,80.26840973,23515,23525,10
13.04426956,80.2682724,23525,23535,10
13.04364014,80.26821899,23535,23546,11
13.04286003,80.26820374,23546,23556,10
13.04222965,80.2681427,23556,23566,10
13.04148006,80.26822662,23566,23576,10
13.04109955,80.26824188,23576,23586,10
13.04092026,80.26818848,23586,23596,10
13.0404501,80.26805878,23596,23606,10
13.03985977,80.26785278,23606,23616,10
13.0391798,80.26766968,23616,23626,10
13.03845024,80.26760864,23626,23637,11
13.03767014,80.26766968,23637,23647,10
13.03757954,80.26766205,23647,23657,10
13.03707981,80.26760101,23657,23677,20
13.03707981,80.26760101,23677,23687,10
13.03689957,80.26754761,23687,23697,10
13.0364399,80.26772308,23697,23707,10
13.03581047,80.26780701,23707,23717,10
13.03512001,80.2678833,23717,23728,11
13.03429985,80.26799011,23728,23738,10
13.03417969,80.26795197,23738,23748,10
13.03404999,80.26792908,23748,23758,10
13.03359032,80.26783752,23758,23768,10
13.03302002,80.2677536,23768,23778,10
13.03256035,80.26741791,23778,23788,10
13.03195953,80.26715851,23788,23798,10
13.03129959,80.26692963,23798,23808,10
13.03050041,80.26676178,23808,23819,11
13.0297699,80.26660919,23819,23829,10
13.02954006,80.26660156,23829,23839,10
13.02917957,80.2664566,23839,23849,10
13.02877045,80.26635742,23849,23859,10
13.02828026,80.26628876,23859,23869,10
13.02775002,80.26622009,23869,23879,10
13.02684021,80.2660675,23879,23889,10
13.02635956,80.26589966,23889,23899,10
13.02639961,80.26544189,23899,23910,11
13.02647972,80.26473999,23910,23920,10
13.02651978,80.26416016,23920,23930,10
13.0265398,80.26406097,23930,23940,10
13.02659988,80.26370239,23940,23950,10
13.02665997,80.26316071,23950,23960,10
13.02672958,80.26257324,23960,23970,10
13.02684021,80.26161194,23970,23980,10
13.02694035,80.26081085,23980,23990,10
13.02707958,80.26016998,23990,24001,11
13.02709961,80.25935364,24001,24011,10
13.02705956,80.25836945,24011,24021,10
13.02705956,80.25753021,24021,24031,10
13.02702999,80.25665283,24031,24051,20
13.02702999,80.25665283,24051,24061,10
13.02711964,80.25639343,24061,24071,10
13.02715969,80.25595856,24071,24081,10
13.0271101,80.25579071,24081,24092,11
13.02713013,80.25524139,24092,24102,10
13.02709961,80.25462341,24102,24112,10
13.02713013,80.25389862,24112,24132,20
13.02713013,80.25389862,24132,24142,10
13.02717972,80.25367737,24142,24152,10
13.02727985,80.25318909,24152,24162,10
13.02742004,80.25253296,24162,24172,10
13.02764034,80.25173187,24172,24183,11
13.02810955,80.25086212,24183,24193,10
13.02851009,80.25018311,24193,24203,10
13.02880955,80.24964142,24203,24213,10
13.02900982,80.24912262,24213,24223,10
13.02902031,80.24909973,24223,24233,10
13.02910995,80.24886322,24233,24243,10
13.02917957,80.24832153,24243,24253,10
13.02933025,80.24761963,24253,24263,10
13.02939987,80.24694824,24263,24274,11
13.02956009,80.24613953,24274,24284,10
13.02933979,80.24575043,24284,24294,10
13.02873993,80.24568939,24294,24304,10
13.02818012,80.24562073,24304,24314,10
13.02762032,80.24537659,24314,24324,10
13.02740002,80.24458313,24324,24334,10
13.0267601,80.24404144,24334,24344,10
13.02587986,80.24372864,24344,24354,10
13.02495956,80.24339294,24354,24365,11
13.02398968,80.24304962,24365,24375,10
13.02336979,80.24285126,24375,24385,10
13.02262974,80.24263,24385,24395,10
13.0219202,80.24240112,24395,24405,10
13.02188015,80.24234772,24405,24415,10
13.02151966,80.24221802,24415,24425,10
13.02089977,80.24201202,24425,24435,10
13.02015972,80.24173737,24435,24445,10
13.01953983,80.24156952,24445,24456,11
13.01902962,80.24143219,24456,24466,10
13.01891041,80.24137115,24466,24476,10
13.01879978,80.24130249,24476,24486,10
13.01817989,80.24108887,24486,24526,40
13.01817989,80.24108887,24526,24536,10
13.01801014,80.24101257,24536,24546,10
13.01755047,80.24093628,24546,24557,11
13.01675987,80.24075317,24557,24567,10
13.01593971,80.24060059,24567,24577,10
13.01548004,80.24054718,24577,24587,10
13.01488972,80.24049377,24587,24597,10
13.01410961,80.24043274,24597,24607,10
13.01323986,80.24040985,24607,24617,10
13.01231956,80.24037933,24617,24627,10
13.01128006,80.24043274,24627,24637,10
13.01012993,80.2405014,24637,24648,11
13.00897026,80.2405777,24648,24658,10
13.00786972,80.24044037,24658,24668,10
13.00710011,80.24028015,24668,24688,20
13.00714016,80.24015808,24688,24708,20
13.00714016,80.24015808,24708,24718,10
13.00702,80.24017334,24718,24728,10
13.00695992,80.23983765,24728,24739,11
13.00702,80.23908234,24739,24749,10
13.00716019,80.23828125,24749,24759,10
13.00734043,80.23739624,24759,24769,10
13.00743008,80.23673248,24769,24779,10
13.0074501,80.23667908,24779,24789,10
13.00749969,80.23654175,24789,24799,10
13.00761032,80.23609161,24799,24809,10
13.00776005,80.23535919,24809,24819,10
13.00790024,80.23449707,24819,24830,11
13.00813961,80.23335266,24830,24840,10
13.00835037,80.23217773,24840,24850,10
13.00858021,80.23101807,24850,24860,10
13.00883007,80.2298584,24860,24870,10
13.00905991,80.22872162,24870,24880,10
13.00940037,80.22762299,24880,24890,10
13.00979996,80.22676086,24890,24900,10
13.01035976,80.22550201,24900,24910,10
13.01058006,80.22502899,24910,24921,11
13.01072025,80.22473907,24921,24931,10
13.01101971,80.22406769,24931,24941,10
13.01136971,80.22322083,24941,24951,10
13.01156998,80.22255707,24951,24961,10
13.01194954,80.22167969,24961,24971,10
13.01218033,80.22102356,24971,24981,10
13.01177025,80.22000122,24981,25001,20
13.01177025,80.22000122,25001,25012,11
13.01167011,80.2195816,25012,25022,10
13.01148033,80.21893311,25022,25032,10
13.01117992,80.21816254,25032,25042,10
13.01086044,80.21729279,25042,25052,10
13.01051998,80.21646881,25052,25062,10
13.01010036,80.21572876,25062,25072,10
13.00957966,80.21479034,25072,25082,10
13.00901031,80.21385193,25082,25103,21
13.00901031,80.21385193,25103,25113,10
13.00864983,80.21351624,25113,25133,20
13.00864983,80.21351624,25133,25143,10
13.00848007,80.21344757,25143,25153,10
13.00841045,80.21340942,25153,25163,10
13.00827026,80.21336365,25163,25173,10
13.00809956,80.21325684,25173,25183,10
13.0079298,80.21311951,25183,25194,11
13.00757027,80.212883,25194,25204,10
13.00708008,80.21276093,25204,25214,10
13.00638962,80.21276093,25214,25224,10
13.00570965,80.21289063,25224,25234,10
13.00494957,80.21244812,25234,25244,10
13.00422955,80.21212769,25244,25254,10
13.00378036,80.21198273,25254,25264,10
13.00374031,80.21166992,25264,25274,10
13.00372982,80.21109009,25274,25285,11
13.00360966,80.21034241,25285,25295,10
13.00354004,80.2095871,25295,25305,10
13.00368023,80.20890045,25305,25315,10
13.00422955,80.20871735,25315,25325,10
13.00510025,80.20909882,25325,25335,10
13.00599957,80.20944214,25335,25345,10
13.00671959,80.20966339,25345,25355,10
13.00693989,80.20970154,25355,25365,10
13.00706005,80.20974731,25365,25375,10
13.00718021,80.2097702,25375,25386,11
13.00734997,80.20980072,25386,25396,10
13.00759983,80.20983887,25396,25406,10
13.00778961,80.20986938,25406,25416,10
13.00792027,80.2098999,25416,25426,10
13.00813961,80.20995331,25426,25436,10
13.00811958,80.20957947,25436,25446,10
13.00800037,80.20890808,25446,25456,10
13.00788021,80.20806885,25456,25466,10
13.00772953,80.20717621,25466,25477,11
13.00761032,80.20622253,25477,25487,10
13.00755024,80.20530701,25487,25497,10
13.00753975,80.20449829,25497,25507,10
13.00747967,80.2037735,25507,25517,10
13.0073204,80.20285797,25517,25527,10
13.00664043,80.20266724,25527,25537,10
13.00669956,80.20332336,25537,25547,10
13.00726032,80.20365906,25547,25557,10
13.00806046,80.20378876,25557,25568,11
13.0092001,80.20372009,25568,25578,10
13.01039982,80.20366669,25578,25588,10
13.01169014,80.20378113,25588,25598,10
13.01290989,80.2040329,25598,25608,10
13.0135603,80.20420074,25608,25618,10
13.01371002,80.20427704,25618,25628,10
13.01366997,80.20461273,25628,25638,10
13.01364994,80.20465088,25638,25648,10
13.01348019,80.20513153,25648,25659,11
13.01321983,80.20593262,25659,25669,10
13.01307011,80.20687103,25669,25679,10
13.01299,80.20764923,25679,25689,10
13.01290989,80.20793915,25689,25699,10
13.01288986,80.20835876,25699,25709,10
13.01290035,80.20871735,25709,25719,10
13.01305962,80.20924377,25719,25729,10
13.01325989,80.20967865,25729,25739,10
13.01321983,80.21031189,25739,25750,11
13.01296043,80.21115875,25750,25760,10
13.01249981,80.21193695,25760,25770,10
13.01204967,80.21260834,25770,25780,10
13.01185989,80.21279907,25780,25790,10
13.01158047,80.21263885,25790,25800,10
13.01111984,80.21231842,25800,25810,10
13.01062012,80.21193695,25810,25820,10
13.01035023,80.21173859,25820,25830,10
13.01010036,80.21157074,25830,25972,142
13.0098896,80.21141815,25972,26518,546
13.0098896,80.21141815,26518,26528,10
13.01002026,80.21147156,26528,26882,354
13.00983047,80.21147156,26882,27479,597
13.00961018,80.21115875,27479,27529,50
13.00961018,80.21115875,27529,27539,10
13.00926018,80.21128845,27539,27620,81
13.00926018,80.21128845,27620,27630,10
13.00899029,80.21156311,27630,27640,10
13.00907993,80.21179199,27640,27650,10
13.00922012,80.21218109,27650,27661,11
13.00936031,80.2126236,27661,27671,10
13.00948048,80.21298218,27671,27681,10
13.00961971,80.21338654,27681,27691,10
13.00979996,80.21379089,27691,27701,10
13.00996971,80.2141571,27701,27711,10
13.01014042,80.2146225,27711,27721,10
13.01023006,80.21526337,27721,27731,10
13.01039028,80.21594238,27731,27741,10
13.01074028,80.21669006,27741,27751,10
13.01111031,80.21749115,27751,27762,11
13.01146984,80.21845245,27762,27772,10
13.01177025,80.2193222,27772,27782,10
13.01204014,80.22013092,27782,27792,10
13.01222038,80.22054291,27792,27802,10
13.01231956,80.22075653,27802,27812,10
13.01239967,80.22129822,27812,27822,10
13.01266003,80.2219162,27822,27832,10
13.01307964,80.22250366,27832,27842,10
13.01366043,80.22302246,27842,27853,11
13.01422977,80.22368622,27853,27863,10
13.01467991,80.22431946,27863,27873,10
13.01523972,80.2249527,27873,27883,10
13.01544952,80.2254715,27883,27893,10
13.01498032,80.22601318,27893,27923,30
13.01498032,80.22601318,27923,27933,10
13.01480007,80.22615051,27933,27944,11
13.01428986,80.22635651,27944,27954,10
13.01418018,80.22641754,27954,27964,10
13.01401997,80.22647095,27964,27974,10
13.01358986,80.22662354,27974,27984,10
13.01298046,80.22682953,27984,27994,10
13.01226044,80.22711945,27994,28004,10
13.01154995,80.22738647,28004,28014,10
13.0108099,80.22769165,28014,28024,10
13.01000023,80.22799683,28024,28035,11
13.00922012,80.22850037,28035,28045,10
13.00903988,80.22927094,28045,28055,10
13.00887966,80.2301178,28055,28065,10
13.00868034,80.23100281,28065,28075,10
13.00852013,80.23191833,28075,28085,10
13.00837994,80.23285675,28085,28095,10
13.00831985,80.23349762,28095,28115,20
13.00831985,80.23349762,28115,28126,11
13.00819969,80.23377991,28126,28136,10
13.00809956,80.23419189,28136,28146,10
13.00798035,80.23473358,28146,28156,10
13.00782013,80.23545074,28156,28166,10
13.00769043,80.23621368,28166,28176,10
13.00749969,80.23706818,28176,28186,10
13.0073204,80.23805237,28186,28196,10
13.00710964,80.23903656,28196,28206,10
13.00693989,80.23989868,28206,28217,11
13.00753975,80.24028778,28217,28237,20
13.00753975,80.24028778,28237,28247,10
13.00771046,80.24034119,28247,28257,10
13.00825024,80.24040222,28257,28267,10
13.00891972,80.240448,28267,28277,10
13.0099802,80.24050903,28277,28358,81
13.0099802,80.24050903,28358,28368,10
13.01825047,80.24124146,28368,28378,10
13.01865959,80.2412796,28378,28399,21
13.01865959,80.2412796,28399,28409,10
13.01887989,80.24120331,28409,28419,10
13.01910973,80.24121094,28419,28459,40
13.01910973,80.24121094,28459,28469,10
13.02330017,80.2427597,28469,28480,11
13.02328968,80.2427597,28480,28490,10
13.02355957,80.24291992,28490,28500,10
13.02453041,80.24317932,28500,28510,10
13.02530003,80.24346161,28510,28520,10
13.02663994,80.24404144,28520,28571,51
13.02663994,80.24404144,28571,28581,10
13.02888966,80.24507904,28581,28591,10
13.02927971,80.2454834,28591,28641,50
13.02927971,80.2454834,28641,28651,10
13.02958965,80.24591827,28651,28661,10
13.02952003,80.24648285,28661,28672,11
13.02937031,80.24729156,28672,28682,10
13.0292902,80.2480011,28682,28692,10
13.02917004,80.248703,28692,28702,10
13.02898979,80.24938202,28702,28722,20
13.02898979,80.24938202,28722,28732,10
13.02896023,80.2496109,28732,28742,10
13.02882004,80.24990082,28742,28752,10
13.0284996,80.25042725,28752,28763,11
13.02801991,80.25125122,28763,28773,10
13.02762985,80.25208282,28773,28783,10
13.02737999,80.25301361,28783,28793,10
13.02731991,80.2536087,28793,28803,10
13.02721977,80.2539978,28803,28813,10
13.02717018,80.2544632,28813,28823,10
13.02717018,80.2545929,28823,28833,10
13.02715015,80.25493622,28833,28843,10
13.02709961,80.25563812,28843,28854,11
13.02703953,80.25640106,28854,28914,60
13.02703953,80.25640106,28914,28924,10
13.0271101,80.25666809,28924,28934,10
13.02711964,80.25714874,28934,28945,11
13.02707005,80.25785065,28945,28955,10
13.02707958,80.25871277,28955,28965,10
13.02707005,80.25926208,28965,28975,10
13.02707005,80.25932312,28975,28985,10
13.02707958,80.25965118,28985,28995,10
13.02715969,80.26010132,28995,29005,10
13.02694988,80.2609787,29005,29015,10
13.02684021,80.2616806,29015,29025,10
13.0267601,80.26235199,29025,29036,11
13.02665043,80.26300049,29036,29046,10
13.02692032,80.26339722,29046,29056,10
13.02731991,80.26363373,29056,29066,10
13.02816963,80.26376343,29066,29076,10
13.02842999,80.26381683,29076,29086,10
13.02877045,80.26390839,29086,29096,10
13.02935982,80.26406097,29096,29106,10
13.02937031,80.26450348,29106,29116,10
13.02935982,80.26512146,29116,29127,11
13.02927017,80.26602173,29127,29147,20
13.02927017,80.26602173,29147,29157,10
13.02921963,80.2663269,29157,29167,10
13.02931976,80.26654053,29167,29177,10
13.02974033,80.26657104,29177,29187,10
13.03028011,80.2666626,29187,29197,10
13.03114033,80.26677704,29197,29207,10
13.03188038,80.26702881,29207,29218,11
13.03252029,80.26746368,29218,29228,10
13.03318024,80.26776886,29228,29238,10
13.03411007,80.26789856,29238,29258,20
13.03411007,80.26789856,29258,29268,10
13.03439045,80.26799774,29268,29278,10
13.03493977,80.26792908,29278,29288,10
13.03567028,80.2678299,29288,29298,10
13.03641033,80.26776123,29298,29308,10
13.03697014,80.26763916,29308,29319,11
13.03705978,80.2666626,29319,29329,10
13.03707981,80.26644897,29329,29339,10
13.03713989,80.26625824,29339,29349,10
13.03719997,80.26579285,29349,29359,10
13.03740978,80.26509094,29359,29369,10
13.03757954,80.26441956,29369,29379,10
13.03798962,80.26438141,29379,29389,10
13.03845978,80.26447296,29389,29400,11
13.03880978,80.26454163,29400,29410,10
13.03917027,80.26460266,29410,29420,10
13.04001045,80.26460266,29420,29430,10
13.04063034,80.26460266,29430,29440,10
13.04092026,80.26461029,29440,29450,10
13.04146004,80.26477814,29450,29460,10
13.04139996,80.26534271,29460,29470,10
13.04129028,80.26599121,29470,29480,10
13.0411396,80.26670074,29480,29491,11
13.04108047,80.26709747,29491,29501,10
13.04100037,80.26750183,29501,29511,10
13.04092979,80.26796722,29511,29521,10
13.04119968,80.26818848,29521,29531,10
13.04168034,80.2681427,29531,29551,20
13.04168034,80.2681427,29551,29561,10
13.04197979,80.26811981,29561,29571,10
13.04251957,80.26802063,29571,29581,10
13.04298019,80.2677536,29581,29592,11
13.04354,80.2674408,29592,29602,10
13.04395962,80.26708221,29602,29612,10
13.04417038,80.26692963,29612,29622,10
13.04444027,80.26680756,29622,29632,10
13.04463959,80.26728058,29632,29642,10
13.04458046,80.26796722,29642,29652,10
13.04446983,80.26920319,29652,29672,20
13.04446983,80.26920319,29672,29683,11
13.04434967,80.26970673,29683,29693,10
13.04421043,80.27046967,29693,29703,10
13.04405975,80.2711792,29703,29713,10
13.04399014,80.27227783,29713,29723,10
13.04368973,80.27323151,29723,29733,10
13.04362965,80.2734375,29733,29743,10
13.04358006,80.27359772,29743,29753,10
13.04349995,80.27390289,29753,29763,10
13.04337978,80.27438354,29763,29774,11
13.04333973,80.27523041,29774,29784,10
13.04333019,80.27599335,29784,29794,10
13.04335976,80.27667999,29794,29804,10
13.04339027,80.27777863,29804,29824,20
13.04339027,80.27777863,29824,29834,10
13.04339027,80.27802277,29834,29844,10
13.04337978,80.27854919,29844,29854,10
13.04339027,80.27922058,29854,29865,11
13.0437603,80.27974701,29865,29875,10
13.04459,80.27990723,29875,29885,10
13.04543018,80.28012085,29885,29895,10
13.0464201,80.28019714,29895,29905,10
13.04720974,80.2802887,29905,29915,10
13.04800034,80.28035736,29915,29925,10
13.0490799,80.28050995,29925,29935,10
13.04942036,80.28056335,29935,29945,10
13.04971027,80.2806015,29945,29956,11
13.05037022,80.28073883,29956,29966,10
13.05113983,80.2808609,29966,29976,10
13.05202007,80.28098297,29976,29986,10
13.0529604,80.2811203,29986,29996,10
13.05393982,80.28130341,29996,30006,10
13.0549202,80.28148651,30006,30016,10
13.05644035,80.28179932,30016,30036,20
13.05644035,80.28179932,30036,30047,11
13.05659962,80.28185272,30047,30057,10
13.05708027,80.28193665,30057,30067,10
13.0577898,80.2820816,30067,30077,10
13.05862045,80.28227234,30077,30087,10
13.05959034,80.28246307,30087,30097,10
13.06066036,80.28263092,30097,30107,10
13.06175995,80.28289032,30107,30117,10
13.06278992,80.2831192,30117,30127,10
13.06320953,80.28318024,30127,30138,11
13.06326962,80.28318787,30138,30148,10
13.06371021,80.2832489,30148,30158,10
13.06447029,80.28344727,30158,30168,10
13.06536007,80.28366089,30168,30178,10
13.06634045,80.28386688,30178,30188,10
13.0676403,80.2841568,30188,30208,20
13.0676403,80.2841568,30208,30218,10
13.06774998,80.2841568,30218,30229,11
13.06830025,80.28427887,30229,30239,10
13.06906986,80.28447723,30239,30249,10
13.07003021,80.28472137,30249,30259,10
13.07108021,80.28501129,30259,30269,10
13.07209969,80.28524017,30269,30279,10
13.07324028,80.28533173,30279,30289,10
13.07404041,80.28568268,30289,30309,20
13.07404041,80.28568268,30309,30319,10
13.0742197,80.28591919,30319,30330,11
13.07466984,80.28623962,30330,30340,10
13.07472038,80.28627777,30340,30350,10
13.07485008,80.28636169,30350,30360,10
13.07526016,80.28666687,30360,30370,10
13.0759697,80.28697968,30370,30380,10
13.07691002,80.28720856,30380,30390,10
13.07794952,80.28743744,30390,30400,10
13.07894993,80.28775024,30400,30410,10
13.07989025,80.28804016,30410,30431,21
13.07989025,80.28804016,30431,30441,10
13.08032036,80.28816223,30441,30451,10
13.08086967,80.28827667,30451,30461,10
13.08090973,80.28829193,30461,30471,10
13.08100986,80.28833771,30471,30481,10
13.08146,80.28851318,30481,30491,10
13.08213997,80.28872681,30491,30501,10
13.08283043,80.28903961,30501,30512,11
13.08302021,80.28914642,30512,30522,10
13.0835104,80.2891922,30522,30532,10
13.08425999,80.28914642,30532,30542,10
13.08530998,80.28913116,30542,30552,10
13.08640957,80.28939056,30552,30562,10
13.0873003,80.28968811,30562,30572,10
13.08802032,80.2899704,30572,30582,10
13.08878994,80.29013824,30582,30603,21
13.08878994,80.29013824,30603,30613,10
13.08885002,80.29038239,30613,30623,10
13.08848,80.29032135,30623,30633,10
13.08786011,80.29006958,30633,30643,10
13.08705997,80.28977203,30643,30653,10
13.0861702,80.28954315,30653,30663,10
13.08555031,80.2890625,30663,30673,10
13.08518028,80.28822327,30673,30683,10
13.08516026,80.28716278,30683,30694,11
13.08528042,80.28595734,30694,30704,10
13.08537006,80.28486633,30704,30714,10
13.08528996,80.28427887,30714,30724,10
13.08528996,80.28426361,30724,30734,10
13.08530045,80.28404999,30734,30744,10
13.08545971,80.28372192,30744,30754,10
13.08561993,80.28352356,30754,30764,10
13.08602047,80.28353882,30764,30774,10
13.08638,80.28362274,30774,30785,11
13.0866003,80.28385162,30785,30845,60
13.0866003,80.28385162,30845,30855,10
13.08703041,80.28391266,30855,31422,567
13.08703041,80.28391266,31422,31432,10
13.08720016,80.2838974,31432,31442,10
13.08743954,80.28392029,31442,31452,10
13.08775043,80.28391266,31452,31482,30
13.08775043,80.28391266,31482,31492,10
13.08808041,80.2838974,31492,31543,51
13.08808041,80.2838974,31543,31553,10
13.08813,80.28372192,31553,31563,10
13.08823967,80.28353119,31563,31573,10
13.08829975,80.28334045,31573,31583,10
13.08831024,80.28299713,31583,31593,10
13.08829975,80.28257751,31593,31604,11
13.08823967,80.28204346,31604,31614,10
13.08808994,80.28161621,31614,31624,10
13.0883503,80.28143311,31624,31634,10
13.08858013,80.28173065,31634,31644,10
13.08848,80.2822113,31644,31654,10
13.08837032,80.28276825,31654,31664,10
13.08835983,80.28334808,31664,31674,10
13.08839035,80.28385925,31674,31684,10
13.08841991,80.28446198,31684,31695,11
13.08843994,80.28505707,31695,31715,20
13.08843994,80.28505707,31715,31725,10
13.08843994,80.28508759,31725,31735,10
13.08850002,80.28556824,31735,31745,10
13.08852005,80.2859726,31745,31755,10
13.08854008,80.28639221,31755,31765,10
13.08854961,80.28678894,31765,31775,10
13.08860016,80.28733826,31775,31785,10
13.08864021,80.28755951,31785,31796,11
13.08868027,80.28803253,31796,31806,10
13.08872986,80.28849792,31806,31816,10
13.08874035,80.28869629,31816,31826,10
13.08882999,80.2891922,31826,31836,10
13.08880997,80.28935242,31836,31846,10
13.08874989,80.28942108,31846,31856,10
13.08876038,80.289711,31856,31866,10
13.08876038,80.29019928,31866,31897,31
13.08876038,80.29019928,31897,31907,10
13.08883953,80.29032898,31907,31917,10
13.0887804,80.29048157,31917,31927,10
13.08841991,80.29029083,31927,31937,10
13.08782005,80.28999329,31937,31947,10
13.08705997,80.28965759,31947,31957,10
13.08609009,80.28938293,31957,31967,10
13.0851202,80.2891922,31967,31978,11
13.08407974,80.28919983,31978,31988,10
13.08327007,80.28923035,31988,31998,10
13.0824604,80.28897858,31998,32008,10
13.08162975,80.28869629,32008,32018,10
13.08080959,80.28843689,32018,32028,10
13.08016014,80.28826141,32028,32038,10
13.0799799,80.28822327,32038,32048,10
13.07971001,80.28816223,32048,32058,10
13.0791502,80.28798676,32058,32069,11
13.07831955,80.28765869,32069,32079,10
13.07736015,80.28739929,32079,32089,10
13.07629967,80.287117,32089,32099,10
13.07538033,80.28679657,32099,32109,10
13.07466984,80.28639221,32109,32119,10
13.07396984,80.28614807,32119,32139,20
13.07396984,80.28614807,32139,32149,10
13.07380009,80.28614044,32149,32160,11
13.07326031,80.2859726,32160,32170,10
13.07262039,80.28559113,32170,32180,10
13.07184029,80.28530884,32180,32190,10
13.07094955,80.28501892,32190,32200,10
13.06989956,80.28482819,32200,32210,10
13.06906986,80.28466034,32210,32220,10
13.06797981,80.28439331,32220,32230,10
13.06715012,80.28436279,32230,32241,11
13.06599998,80.28401184,32241,32251,10
13.06495953,80.28366089,32251,32261,10
13.06425953,80.28359985,32261,32281,20
13.06425953,80.28359985,32281,32291,10
13.06414986,80.28359985,32291,32301,10
13.06373978,80.28346252,32301,32311,10
13.06317043,80.28333282,32311,32321,10
13.06254005,80.28317261,32321,32331,10
13.0625,80.28314972,32331,32342,11
13.06223011,80.28305817,32342,32352,10
13.06173992,80.28294373,32352,32362,10
13.06099987,80.28278351,32362,32372,10
13.06025028,80.28262329,32372,32382,10
13.05939007,80.28250122,32382,32392,10
13.05867004,80.282341,32392,32402,10
13.05768967,80.28217316,32402,32412,10
13.05704021,80.2820282,32412,32422,10
13.05677986,80.28196716,32422,32433,11
13.05673027,80.28193665,32433,32443,10
13.05634975,80.28185272,32443,32453,10
13.05568981,80.28173065,32453,32463,10
13.05490017,80.28157806,32463,32473,10
13.05405045,80.28144073,32473,32483,10
13.0531702,80.28125,32483,32493,10
13.05226994,80.28115845,32493,32503,10
13.05138969,80.28098297,32503,32513,10
13.05053043,80.28083801,32513,32524,11
13.05029011,80.28079987,32524,32534,10
13.05016041,80.28077698,32534,32544,10
13.04973984,80.28073883,32544,32554,10
13.04907036,80.28064728,32554,32564,10
13.04827023,80.28054047,32564,32574,10
13.04736042,80.28044128,32574,32584,10
13.04644012,80.2802887,32584,32594,10
13.0454998,80.28006744,32594,32604,10
13.04461002,80.28002167,32604,32614,10
13.04351044,80.27983856,32614,32655,41
13.04351044,80.27983856,32655,32665,10
13.0433197,80.2796402,32665,32675,10
13.04325962,80.27911377,32675,32685,10
13.04327011,80.27835846,32685,32695,10
13.04327965,80.27742767,32695,32726,31
13.04327965,80.27742767,32726,32736,10
13.04335976,80.27723694,32736,32746,10
13.04335022,80.27675629,32746,32756,10
13.04329967,80.27610779,32756,32766,10
13.04335022,80.27519989,32766,32776,10
13.04337978,80.27443695,32776,32786,10
13.04345989,80.27388,32786,32796,10
13.04360008,80.27314758,32796,32807,11
13.04380035,80.27232361,32807,32817,10
13.04386997,80.2718277,32817,32827,10
13.04386997,80.27179718,32827,32837,10
13.04386044,80.27172089,32837,32847,10
13.04393959,80.27130127,32847,32857,10
13.04407024,80.27078247,32857,32867,10
13.04424953,80.26982117,32867,32877,10
13.04440975,80.26895905,32877,32887,10
13.04450989,80.26847076,32887,32918,31
13.04450989,80.26847076,32918,32928,10
13.04434967,80.26833344,32928,32938,10
13.04382038,80.26824951,32938,32948,10
13.0430603,80.26818085,32948,32958,10
13.04244041,80.2681427,32958,32968,10
13.0418396,80.26821136,32968,32978,10
13.04108047,80.26824951,32978,32999,21
13.04108047,80.26824951,32999,33009,10
13.0408802,80.26815033,33009,33019,10
13.04049015,80.26808929,33019,33029,10
13.0401001,80.26793671,33029,33039,10
13.03975964,80.26782227,33039,33049,10
13.03927994,80.2677536,33049,33059,10
13.03868008,80.2677536,33059,33069,10
13.03759956,80.26767731,33069,33090,21
13.03759956,80.26767731,33090,33100,10
13.0370903,80.26760101,33100,33201,101
13.0370903,80.26760101,33201,33211,10
13.03686047,80.26753235,33211,33221,10
13.03637028,80.26770782,33221,33231,10
13.03577995,80.26779938,33231,33241,10
13.03524971,80.26789856,33241,33251,10
13.03470993,80.26796722,33251,33262,11
13.03413963,80.26796722,33262,33282,20
13.03413963,80.26796722,33282,33292,10
13.0340004,80.26796722,33292,33302,10
13.03363037,80.26789856,33302,33312,10
13.0332098,80.2678299,33312,33322,10
13.0327301,80.26766968,33322,33332,10
13.03240013,80.26746368,33332,33342,10
13.03186989,80.26717377,33342,33353,11
13.03124046,80.26689911,33353,33363,10
13.03050995,80.26673889,33363,33373,10
13.02987957,80.26667023,33373,33383,10
13.02970028,80.26663971,33383,33393,10
13.02958012,80.26663208,33393,33403,10
13.02933979,80.26661682,33403,33413,10
13.02923965,80.26651001,33413,33423,10
13.02875042,80.26638794,33423,33433,10
13.02805996,80.26635742,33433,33444,11
13.02742958,80.26625061,33444,33454,10
13.02694035,80.26615906,33454,33464,10
13.02667999,80.26609802,33464,33474,10
13.0265398,80.26605225,33474,33484,10
13.02630043,80.26584625,33484,33494,10
13.02635956,80.26531982,33494,33504,10
13.02639961,80.26468658,33504,33514,10
13.02657986,80.26381683,33514,33535,21
13.02657986,80.26381683,33535,33545,10
13.02661037,80.26352692,33545,33555,10
13.02665997,80.26306915,33555,33565,10
13.02670956,80.26246643,33565,33575,10
13.02680969,80.2617569,33575,33585,10
13.02684021,80.26107025,33585,33595,10
13.0269804,80.26033783,33595,33605,10
13.02702045,80.25965118,33605,33615,10
13.02703953,80.2588501,33615,33626,11
13.02705956,80.25791168,33626,33636,10
13.02702045,80.2572403,33636,33646,10
13.02703953,80.25682068,33646,33717,71
13.02703953,80.25682068,33717,33727,10
13.02711964,80.25655365,33727,33737,10
13.02705002,80.25585175,33737,33757,20
13.02705002,80.25585175,33757,33767,10
13.0271101,80.25563049,33767,33777,10
13.02713013,80.25514984,33777,33787,10
13.02713013,80.25457764,33787,33797,10
13.02715015,80.25393677,33797,33858,61
13.02715015,80.25393677,33858,33868,10
13.02719021,80.25372314,33868,33878,10
13.02725983,80.25331116,33878,33888,10
13.02735043,80.25270081,33888,33898,10
13.0275898,80.25186157,33898,33909,11
13.02799988,80.25100708,33909,33919,10
13.02851009,80.25015259,33919,33929,10
13.02898026,80.24912262,33929,33949,20
13.02898026,80.24912262,33949,33959,10
13.02896976,80.24902344,33959,33969,10
13.02910042,80.24859619,33969,33979,10
13.02921963,80.24790955,33979,33989,10
13.02935982,80.24720764,33989,34000,11
13.02950001,80.24639893,34000,34020,20
13.02950001,80.24639893,34020,34030,10
13.02956009,80.24623108,34030,34040,10
13.02945042,80.24578094,34040,34050,10
13.02882004,80.2456665,34050,34060,10
13.02799034,80.24562073,34060,34070,10
13.02754021,80.24514008,34070,34080,10
13.02731991,80.24443817,34080,34091,11
13.02661991,80.24401855,34091,34101,10
13.02579021,80.24372101,34101,34111,10
13.02484989,80.24340057,34111,34121,10
13.0239296,80.24307251,34121,34131,10
13.02326012,80.2427597,34131,34141,10
13.02180004,80.24240112,34141,34162,21
13.02180004,80.24240112,34162,34172,10
13.02173996,80.24237823,34172,34183,11
13.02141953,80.24224091,34183,34193,10
13.02068043,80.24196625,34193,34203,10
13.01992989,80.24170685,34203,34213,10
13.01935959,80.24160004,34213,34223,10
13.01889038,80.24150085,34223,34232,9
13.01885033,80.24147034,34232,34243,11
13.01877975,80.24143219,34243,34253,10
13.01858044,80.24137878,34253,34263,10
13.01821041,80.24125671,34263,34274,11
13.01776981,80.24111938,34274,34284,10
13.01716042,80.2409668,34284,34294,10
13.01634979,80.24078369,34294,34304,10
13.01570034,80.24069214,34304,34314,10
13.01521015,80.24060059,34314,34324,10
13.01453018,80.24050903,34324,34334,10
13.01375961,80.24041748,34334,34344,10
13.01268005,80.24046326,34344,34354,10
13.01154041,80.24051666,34354,34365,11
13.01029015,80.24054718,34365,34375,10
13.00924969,80.24054718,34375,34385,10
13.00823021,80.24059296,34385,34395,10
13.00745964,80.24043274,34395,34405,10
13.00734997,80.24034882,34405,34415,10
13.00722027,80.2403183,34415,34425,10
13.00685024,80.24021149,34425,34435,10
13.00681973,80.23980713,34435,34445,10
13.00699043,80.23905182,34445,34456,11
13.00720024,80.23812103,34456,34466,10
13.00741959,80.23680115,34466,34486,20
13.00741959,80.23680115,34486,34496,10
13.00751972,80.23648071,34496,34506,10
13.00761032,80.23599243,34506,34516,10
13.00771999,80.23539734,34516,34526,10
13.00782013,80.23490143,34526,34536,10
13.00794029,80.23429871,34536,34547,11
13.0081501,80.2334137,34547,34557,10
13.00833035,80.23236084,34557,34567,10
13.00856018,80.23127747,34567,34577,10
13.00874996,80.23021698,34577,34587,10
13.00899982,80.22921753,34587,34597,10
13.00922966,80.2281189,34597,34607,10
13.00963974,80.22708893,34607,34617,10
13.01012039,80.22605133,34617,34627,10
13.01056957,80.22502899,34627,34648,21
13.01056957,80.22502899,34648,34658,10
13.01066971,80.22485352,34658,34668,10
13.01089001,80.22432709,34668,34678,10
13.01119995,80.22361755,34678,34688,10
13.01142025,80.22303772,34688,34698,10
13.01165962,80.22231293,34698,34708,10
13.01198959,80.22151184,34708,34718,10
13.01212025,80.22090912,34718,34729,11
13.01189041,80.22013092,34729,34739,10
13.01173019,80.2196579,34739,34749,10
13.01165009,80.21949768,34749,34759,10
13.01150036,80.21903992,34759,34769,10
13.01130009,80.21848297,34769,34779,10
13.01103973,80.21781921,34779,34789,10
13.01078987,80.21711731,34789,34799,10
13.01049042,80.21646118,34799,34809,10
13.01019001,80.2158432,34809,34820,11
13.00988007,80.21530151,34820,34830,10
13.00963974,80.21495056,34830,34840,10
13.00926971,80.21450806,34840,34850,10
13.00881004,80.21385193,34850,34860,10
13.00846004,80.21347809,34860,34880,20
13.00846004,80.21347809,34880,34890,10
13.00823975,80.21336365,34890,34921,31
13.00804996,80.21325684,34921,34961,40
13.00804996,80.21325684,34961,34971,10
13.00771999,80.21298218,34971,34981,10
13.00751972,80.212883,34981,34991,10
13.00712967,80.21278381,34991,35002,11
13.00640965,80.21276855,35002,35012,10
13.00578022,80.21298218,35012,35022,10
13.0051899,80.21264648,35022,35032,10
13.00457954,80.21235657,35032,35042,10
13.00387955,80.21208954,35042,35052,10
13.00372028,80.21160889,35052,35062,10
13.00368023,80.21092224,35062,35072,10
13.00360966,80.210289,35072,35082,10
13.00352001,80.20960236,35082,35093,11
13.00368023,80.20879364,35093,35103,10
13.00434017,80.20874023,35103,35113,10
13.00520039,80.20915222,35113,35123,10
13.00594044,80.20944977,35123,35133,10
13.00638962,80.2095871,35133,35143,10
13.00695038,80.20976257,35143,35153,10
13.0072403,80.20983887,35153,35173,20
13.0072403,80.20983887,35173,35184,11
13.0074501,80.20983887,35184,35194,10
13.00772953,80.20992279,35194,35204,10
13.00798988,80.20995331,35204,35214,10
13.00804996,80.20996857,35214,35224,10
13.00815964,80.2099762,35224,35234,10
13.00811958,80.20950317,35234,35244,10
13.00800037,80.20883179,35244,35254,10
13.00786972,80.20802307,35254,35264,10
13.00776005,80.20713043,35264,35275,11
13.00757027,80.20616913,35275,35285,10
13.00743008,80.20527649,35285,35295,10
13.00747013,80.20437622,35295,35305,10
13.00741959,80.20358276,35305,35315,10
13.00720978,80.20263672,35315,35325,10
13.00652027,80.20288849,35325,35335,10
13.00683975,80.20339203,35335,35345,10
13.00734043,80.20365906,35345,35355,10
13.00811005,80.20375824,35355,35365,10
13.00909996,80.20368195,35365,35376,11
13.01039982,80.20365143,35376,35386,10
13.01161957,80.20375061,35386,35396,10
13.01278019,80.2039566,35396,35406,10
13.01350021,80.20417023,35406,35416,10
13.01368999,80.20464325,35416,35436,20
13.01368999,80.20464325,35436,35446,10
13.01366043,80.20469666,35446,35456,10
13.01354027,80.2052002,35456,35467,11
13.01325989,80.20601654,35467,35477,10
13.01315975,80.20690918,35477,35487,10
13.01299953,80.20762634,35487,35497,10
13.01288033,80.20796967,35497,35507,10
13.01286983,80.2081604,35507,35517,10
13.01288986,80.20845795,35517,35527,10
13.01294994,80.20890045,35527,35537,10
13.01305962,80.20938873,35537,35546,9
13.01321983,80.20976257,35546,35558,12
13.01317978,80.21034241,35558,35568,10
13.01301956,80.21105957,35568,35578,10
13.01268005,80.21170044,35578,35588,10
13.01235008,80.21221924,35588,35598,10
13.01198959,80.21269226,35598,35608,10
13.01196957,80.21270752,35608,35618,10
13.0116396,80.21266937,35618,35628,10
13.01128006,80.21250153,35628,35638,10
13.01068974,80.21196747,35638,35649,11
13.01029015,80.21170044,35649,35659,10
13.01006031,80.21150208,35659,35669,10
13.01004028,80.21148682,35669,35679,10
13.00979042,80.21135712,35679,35740,61
13.00955963,80.21105957,35740,36265,525
13.00924969,80.21125793,36265,36326,61
13.00924969,80.21125793,36326,36336,10
13.00903988,80.21163177,36336,36346,10
13.00909996,80.21182251,36346,36356,10
13.0092001,80.21208191,36356,36366,10
13.00926018,80.21234131,36366,36377,11
13.00934029,80.21257782,36377,36387,10
13.00934029,80.21259308,36387,36397,10
13.00938034,80.21278381,36397,36407,10
13.00944042,80.21295929,36407,36417,10
13.0095396,80.21317291,36417,36437,20
13.0095396,80.21317291,36437,36447,10
13.00984001,80.21385956,36447,36457,10
13.00994015,80.21414185,36457,36468,11
13.01006985,80.21447754,36468,36478,10
13.01016998,80.21488953,36478,36488,10
13.0102396,80.21531677,36488,36498,10
13.01031971,80.21572876,36498,36508,10
13.01051998,80.21611786,36508,36518,10
13.01072025,80.21659851,36518,36528,10
13.01093006,80.21705627,36528,36538,10
13.01117992,80.21756744,36538,36751,213
13.01117992,80.21756744,36751,36761,10
13.01124001,80.21782684,36761,36771,10
13.01124954,80.2180481,36771,36781,10
13.01142025,80.21849823,36781,36791,10
13.01159,80.21891785,36791,36801,10
13.01185989,80.21961975,36801,36811,10
13.01220036,80.22058105,36811,36832,21
13.01220036,80.22058105,36832,36842,10
13.01222992,80.22071838,36842,36852,10
13.01229954,80.22106171,36852,36862,10
13.01235008,80.22142029,36862,36872,10
13.01253033,80.22177124,36872,36882,10
13.01274967,80.22221375,36882,36892,10
13.01315975,80.22260284,36892,36902,10
13.01362991,80.22310638,36902,36912,10
13.01410007,80.22363281,36912,36923,11
13.01432991,80.22393799,36923,36933,10
13.01494026,80.22466278,36933,36943,10
13.01533985,80.22512054,36943,36953,10
13.01543045,80.22550964,36953,36963,10
13.01523972,80.22579193,36963,36973,10
13.01484013,80.2260437,36973,36983,10
13.01420975,80.22631836,36983,37014,31
13.01420975,80.22631836,37014,37024,10
13.01428032,80.22640991,37024,37034,10
13.01362038,80.22653961,37034,37044,10
13.01313019,80.22669983,37044,37054,10
13.01253033,80.22693634,37054,37064,10
13.01194,80.22718048,37064,37074,10
13.01136971,80.22743225,37074,37084,10
13.01078987,80.22766113,37084,37094,10
13.01018047,80.22792053,37094,37104,10
13.00955963,80.22818756,37104,37115,11
13.00914955,80.22869873,37115,37125,10
13.00903988,80.22928619,37125,37135,10
13.00887966,80.22998047,37135,37145,10
13.0087204,80.2307663,37145,37155,10
13.00852966,80.23175049,37155,37236,81
13.00852966,80.23175049,37236,37246,10
13.00848007,80.23213196,37246,37256,10
13.00839043,80.23259735,37256,37266,10
13.00829029,80.23339844,37266,37307,41
13.00829029,80.23339844,37307,37317,10
13.00819969,80.2336731,37317,37327,10
13.00809002,80.23397827,37327,37337,10
13.00800037,80.23439026,37337,37347,10
13.00798988,80.23446655,37347,37357,10
13.00790024,80.2348938,37357,37367,10
13.0078001,80.23545074,37367,37377,10
13.00767994,80.23618317,37377,37388,11
13.00751019,80.23712158,37388,37398,10
13.00730038,80.23815155,37398,37408,10
13.00712967,80.23898315,37408,37418,10
13.00701046,80.23951721,37418,37428,10
13.00699997,80.23956299,37428,37438,10
13.00697994,80.23972321,37438,37448,10
13.00691986,80.24002838,37448,37458,10
13.00747013,80.24027252,37458,37479,21
13.00747013,80.24027252,37479,37489,10
13.00794029,80.24034882,37489,37499,10
13.00852013,80.24041748,37499,37509,10
13.00936031,80.24047852,37509,37519,10
13.01012993,80.24053192,37519,37529,10
13.01152039,80.24038696,37529,37539,10
13.01268005,80.24040222,37539,37549,10
13.01391983,80.24034882,37549,37559,10
13.01515007,80.24046326,37559,37570,11
13.01653004,80.24069977,37570,37580,10
13.01774025,80.24095154,37580,37610,30
13.01774025,80.24095154,37610,37620,10
13.01799011,80.24102783,37620,37630,10
13.01860046,80.24121094,37630,37650,20
13.01860046,80.24121094,37650,37661,11
13.01902008,80.24131775,37661,37671,10
13.01963997,80.24150085,37671,37681,10
13.02046013,80.24176788,37681,37691,10
13.02138042,80.24205017,37691,37701,10
13.0223999,80.24240112,37701,37711,10
13.02326012,80.24269867,37711,37731,20
13.02326012,80.24269867,37731,37741,10
13.0236702,80.24285889,37741,37752,11
13.02441025,80.24313354,37752,37762,10
13.0251503,80.24339294,37762,37772,10
13.0259304,80.24363708,37772,37782,10
13.02680016,80.24394989,37782,37792,10
13.0274601,80.24462128,37792,37802,10
13.02783966,80.24543762,37802,37812,10
13.02867985,80.24559784,37812,37821,9
13.02941036,80.24562073,37821,37832,11
13.02947998,80.24610138,37832,37843,11
13.02937984,80.24685669,37843,37853,10
13.02927017,80.24742126,37853,37863,10
13.0291996,80.24807739,37863,37873,10
13.02912998,80.24854279,37873,37883,10
13.02898026,80.24932098,37883,37923,40
13.02898026,80.24932098,37923,37934,11
13.02892017,80.24958038,37934,37944,10
13.02867031,80.25003052,37944,37984,40
13.02867031,80.25003052,37984,37994,10
13.02847004,80.25026703,37994,38004,10
13.02818966,80.25079346,38004,38014,10
13.02783012,80.25150299,38014,38025,11
13.02750969,80.25243378,38025,38035,10
13.02721977,80.25366974,38035,38075,40
13.02721977,80.25366974,38075,38085,10
13.02717972,80.25376892,38085,38095,10
13.02713013,80.25401306,38095,38105,10
13.0271101,80.25440979,38105,38116,11
13.0271101,80.25441742,38116,38126,10
13.02709007,80.25483704,38126,38136,10
13.02707958,80.25547028,38136,38146,10
13.02705956,80.25621033,38146,38186,40
13.02705956,80.25621033,38186,38196,10
13.02707958,80.25678253,38196,38206,10
13.02707958,80.25739288,38206,38217,11
13.02707005,80.25797272,38217,38227,10
13.02702999,80.25872803,38227,38237,10
13.02703953,80.25921631,38237,38247,10
13.02702999,80.25936127,38247,38257,10
13.02703953,80.2598877,38257,38267,10
13.0269804,80.26048279,38267,38277,10
13.02688026,80.26077271,38277,38287,10
13.02682972,80.26127625,38287,38297,10
13.0267601,80.26181793,38297,38308,11
13.02670002,80.26238251,38308,38318,10
13.0266304,80.26287079,38318,38328,10
13.02665997,80.26328278,38328,38338,10
13.02713013,80.26348114,38338,38348,10
13.02770042,80.26360321,38348,38358,10
13.02822018,80.26373291,38358,38368,10
13.02826023,80.26374054,38368,38378,10
13.0284996,80.2638092,38378,38388,10
13.0289402,80.2639389,38388,38399,11
13.02927971,80.26428986,38399,38409,10
13.0292902,80.26486206,38409,38419,10
13.02931023,80.26550293,38419,38429,10
13.02927017,80.26602173,38429,38439,10
13.02925968,80.26605225,38439,38449,10
13.02921963,80.26624298,38449,38459,10
13.02929974,80.26650238,38459,38469,10
13.02972031,80.26657867,38469,38479,10
13.03038025,80.2666626,38479,38490,11
13.03131008,80.26687622,38490,38500,10
13.03186989,80.26709747,38500,38510,10
13.03248024,80.26740265,38510,38520,10
13.03279972,80.26760864,38520,38530,10
13.03312016,80.2677002,38530,38540,10
13.03322029,80.26773071,38540,38550,10
13.03343964,80.26776886,38550,38560,10
13.03353977,80.26779938,38560,38570,10
13.03400993,80.26790619,38570,38601,31
13.03400993,80.26790619,38601,38611,10
13.03429985,80.26798248,38611,38621,10
13.03460026,80.26799774,38621,38631,10
13.03501034,80.26790619,38631,38641,10
13.03555012,80.26783752,38641,38651,10
13.03612995,80.26773071,38651,38661,10
13.03654957,80.26769257,38661,38672,11
13.03684998,80.26743317,38672,38682,10
13.03699017,80.266922,38682,38692,10
13.03705978,80.26634979,38692,38702,10
13.03709984,80.26628113,38702,38712,10
13.03719997,80.26590729,38712,38722,10
13.03732014,80.26528168,38722,38732,10
13.03752041,80.26451111,38732,38742,10
13.03777027,80.26431274,38742,38752,10
13.03814983,80.26442719,38752,38763,11
13.03851032,80.26454163,38763,38773,10
13.03888035,80.26457214,38773,38783,10
13.03954029,80.2646637,38783,38793,10
13.04014969,80.26454163,38793,38803,10
13.04059982,80.26457977,38803,38813,10
13.04082966,80.26460266,38813,38823,10
13.04133034,80.26464081,38823,38833,10
13.04135036,80.26524353,38833,38843,10
13.04125977,80.26587677,38843,38854,11
13.04115963,80.26660156,38854,38864,10
13.04106998,80.26699829,38864,38874,10
13.04100037,80.2673111,38874,38884,10
13.04092026,80.26777649,38884,38894,10
13.04104996,80.26811981,38894,38904,10
13.04154015,80.26808167,38904,38914,10
13.04166031,80.26808929,38914,38924,10
13.04181004,80.26811981,38924,38934,10
13.04226017,80.26808929,38934,38945,11
13.04277039,80.26786804,38945,38956,11
13.04294968,80.26776886,38956,38967,11
13.04321957,80.26759338,38967,38977,10
13.04353046,80.26738739,38977,38987,10
13.04384041,80.26715088,38987,38997,10
13.04426003,80.26689911,38997,39017,20
13.04426003,80.26689911,39017,39027,10
13.04452038,80.26683807,39027,39088,61
13.04452038,80.26683807,39088,39098,10
13.04461002,80.26708984,39098,39108,10
13.04459953,80.26770782,39108,39118,10
13.04456043,80.2684021,39118,39129,11
13.04446983,80.26911163,39129,39139,10
13.0444603,80.26912689,39139,39149,10
13.04438019,80.26947784,39149,39159,10
13.04423046,80.2701416,39159,39169,10
13.04405022,80.27101898,39169,39179,10
13.04382038,80.27201843,39179,39189,10
13.04356003,80.27342987,39189,39209,20
13.04356003,80.27342987,39209,39220,11
13.04349995,80.27374268,39220,39230,10
13.04347038,80.2739563,39230,39240,10
13.04335976,80.27449799,39240,39250,10
13.04333973,80.27529144,39250,39260,10
13.04333019,80.27613068,39260,39270,10
13.04335022,80.2769928,39270,39280,10
13.04335976,80.27776337,39280,39290,10
13.04335022,80.27784729,39290,39300,10
13.04333973,80.27822113,39300,39311,11
13.04333973,80.27896118,39311,39321,10
13.04349041,80.27960205,39321,39331,10
13.04403019,80.27980804,39331,39341,10
13.0447998,80.279953,39341,39351,10
13.04568958,80.2800827,39351,39361,10
13.0465498,80.28018188,39361,39371,10
13.04755974,80.28031921,39371,39381,10
13.04934025,80.2805481,39381,39402,21
13.04934025,80.2805481,39402,39412,10
13.04957962,80.28058624,39412,39422,10
13.05023003,80.2806778,39422,39432,10
13.05062962,80.28073883,39432,39452,20
13.05062962,80.28073883,39452,39462,10
13.05088043,80.28079224,39462,39472,10
13.05144024,80.28089905,39472,39482,10
13.05226994,80.28101349,39482,39493,11
13.05337048,80.28118896,39493,39503,10
13.05451965,80.28140259,39503,39513,10
13.05566978,80.2816391,39513,39523,10
13.05630016,80.28173828,39523,39533,10
13.05636024,80.28175354,39533,39543,10
13.05642033,80.28176117,39543,39553,10
13.05677986,80.28182983,39553,39563,10
13.05720043,80.28191376,39563,39573,10
13.05770969,80.28202057,39573,39584,11
13.05844021,80.28217316,39584,39594,10
13.05926991,80.28233337,39594,39604,10
13.06025982,80.28253937,39604,39614,10
13.06122017,80.28273773,39614,39624,10
13.06225967,80.28295135,39624,39634,10
13.06295013,80.28311157,39634,39644,10
13.06295967,80.2831192,39644,39654,10
13.06297016,80.28312683,39654,39664,10
13.06336021,80.28315735,39664,39675,11
13.06381035,80.2832489,39675,39695,20
13.06381035,80.2832489,39695,39705,10
13.06389046,80.28330994,39705,39715,10
13.06427956,80.28340912,39715,39725,10
13.06486988,80.28354645,39725,39735,10
13.06573963,80.28372955,39735,39745,10
13.06684971,80.28397369,39745,39755,10
13.06797028,80.28421783,39755,39766,11
13.06912994,80.28447723,39766,39776,10
13.07030964,80.28478241,39776,39786,10
13.07153988,80.28508759,39786,39796,10
13.07275963,80.28527832,39796,39806,10
13.07376003,80.2853775,39806,39816,10
13.07474041,80.28626251,39816,39836,20
13.07474041,80.28626251,39836,39846,10
13.07497025,80.28642273,39846,39857,11
13.07561016,80.28679657,39857,39867,10
13.07645988,80.2870636,39867,39877,10
13.07750988,80.28733063,39877,39887,10
13.07866001,80.28764343,39887,39897,10
13.07952023,80.28797913,39897,39907,10
13.08003998,80.28807831,39907,39917,10
13.08055019,80.28820038,39917,39927,10
13.08082008,80.28823853,39927,39937,10
13.0809803,80.28830719,39937,39948,11
13.08156967,80.2885437,39948,39958,10
13.08222961,80.28874969,39958,39968,10
13.0829401,80.28912354,39968,39978,10
13.0837698,80.28916168,39978,39988,10
13.08475971,80.28913879,39988,39998,10
13.08576012,80.28928375,39998,40008,10
13.08693981,80.2895813,40008,40018,10
13.08782959,80.28991699,40018,40028,10
13.08880043,80.29016113,40028,40069,41
13.08880043,80.29016113,40069,40079,10
13.08880043,80.29038239,40079,40089,10
13.08835983,80.2902298,40089,40099,10
13.08771038,80.28996277,40099,40109,10
13.08691978,80.289711,40109,40119,10
13.0860796,80.28949738,40119,40129,10
13.08555984,80.28912354,40129,40140,11
13.08516979,80.28839874,40140,40150,10
13.08510017,80.28749847,40150,40160,10
13.08518028,80.28646088,40160,40170,10
13.08528042,80.28552246,40170,40180,10
13.08533955,80.28472137,40180,40190,10
13.08524036,80.28411865,40190,40220,30
13.08524036,80.28411865,40220,40231,11
13.0853796,80.28383636,40231,40241,10
13.08549976,80.28354645,40241,40251,10
13.08578968,80.28352356,40251,40261,10
13.08613968,80.28352356,40261,40271,10
13.0865202,80.28376007,40271,40281,10
13.08697987,80.28397369,40281,40382,101
13.08697987,80.28397369,40382,40392,10
13.08722973,80.28383636,40392,40402,10
13.08778,80.28388977,40402,40433,31
13.08796024,80.28399658,40433,40544,111
13.08804035,80.28372192,40544,40655,111
13.08804035,80.28372192,40655,40665,10
13.0882597,80.28343201,40665,40675,10
13.08829021,80.28308868,40675,40686,11
13.0882597,80.28262329,40686,40696,10
13.08819008,80.28215027,40696,40706,10
13.0880003,80.2816391,40706,40716,10
13.08767986,80.28144836,40716,40726,10
13.08720016,80.28131104,40726,40736,10
13.08689022,80.28125,40736,40746,10
13.08656979,80.2811203,40746,40756,10
13.08596039,80.28095245,40756,40766,10
13.08565998,80.28067017,40766,40777,11
13.08551025,80.279953,40777,40787,10
13.08504009,80.27940369,40787,40797,10
13.08425045,80.2792511,40797,40807,10
13.08345985,80.27906799,40807,40817,10
13.08267021,80.27870941,40817,40827,10
13.08199024,80.27835846,40827,40837,10
13.08187008,80.27771759,40837,40847,10
13.08172989,80.27661896,40847,40868,21
13.08172989,80.27661896,40868,40878,10
13.08174992,80.27648163,40878,40888,10
13.08160019,80.27600098,40888,40979,91
13.08148956,80.27562714,40979,41090,111
13.08148956,80.27562714,41090,41100,10
13.08131027,80.27519226,41100,41110,10
13.08106041,80.27523804,41110,41120,10
13.08071041,80.27528381,41120,41130,10
13.08026028,80.27532959,41130,41140,10
13.0797596,80.275383,41140,41151,11
13.07935047,80.27533722,41151,41161,10
13.07900047,80.2752533,41161,41171,10
13.07853031,80.27526855,41171,41181,10
13.07824993,80.27574158,41181,41191,10
13.07798958,80.27622986,41191,41201,10
13.07744026,80.27628326,41201,41211,10
13.07686996,80.27632141,41211,41221,10
13.07641029,80.27635193,41221,41231,10
13.07594013,80.27638245,41231,41272,41
13.07594013,80.27638245,41272,41282,10
13.07561016,80.27638245,41282,41292,10
13.07514,80.27638245,41292,41302,10
13.07505989,80.27638245,41302,41312,10
13.07489967,80.27639008,41312,41321,9
13.07417965,80.27644348,41321,41343,22
13.07417965,80.27644348,41343,41353,10
13.07392979,80.27649689,41353,41363,10
13.07349968,80.27649689,41363,41373,10
13.0730896,80.27606201,41373,41383,10
13.07269001,80.27558136,41383,41393,10
13.07229042,80.27516937,41393,41403,10
13.07213974,80.27500153,41403,41413,10
13.07198048,80.27481842,41413,41424,11
13.07149029,80.2745285,41424,41434,10
13.07098007,80.27449036,41434,41444,10
13.07094002,80.27449036,41444,41454,10
13.0708704,80.27446747,41454,41464,10
13.07073021,80.27435303,41464,41474,10
13.07059956,80.27420807,41474,41484,10
13.07050037,80.27409363,41484,41494,10
13.07038021,80.27371979,41494,41504,10
13.07003975,80.27326965,41504,41515,11
13.06945992,80.27263641,41515,41525,10
13.06884003,80.27207184,41525,41535,10
13.06814003,80.2716217,41535,41545,10
13.06772995,80.27104187,41545,41555,10
13.06731987,80.27056122,41555,41565,10
13.06678009,80.27001953,41565,41575,10
13.06645966,80.2694397,41575,41585,10
13.06637001,80.26886749,41585,41595,10
13.06622028,80.26834869,41595,41606,11
13.06573963,80.26786804,41606,41626,20
13.06573963,80.26786804,41626,41636,10
13.06575012,80.26777649,41636,41646,10
13.06527996,80.26766205,41646,41666,20
13.06527996,80.26766205,41666,41676,10
13.0650301,80.26763916,41676,41686,10
13.06453037,80.26754761,41686,41697,11
13.06408024,80.26743317,41697,41707,10
13.06355,80.2673111,41707,41727,20
13.06355,80.2673111,41727,41737,10
13.06332016,80.26730347,41737,41747,10
13.06293011,80.26728058,41747,41757,10
13.0625,80.266922,41757,41767,10
13.06206036,80.26638031,41767,41777,10
13.06169987,80.26593018,41777,41788,11
13.06126976,80.26535797,41788,41798,10
13.06116009,80.26525116,41798,41808,10
13.06075954,80.26526642,41808,41818,10
13.0603199,80.26551819,41818,41838,20
13.0603199,80.26551819,41838,41848,10
13.05998039,80.26560974,41848,41858,10
13.05955982,80.26560974,41858,41868,10
13.05904007,80.26551056,41868,41879,11
13.05832958,80.26541138,41879,41909,30
13.05832958,80.26541138,41909,41919,10
13.05797958,80.26532745,41919,41929,10
13.05745983,80.26509094,41929,41939,10
13.05702019,80.2649231,41939,41949,10
13.05687046,80.26480103,41949,41959,10
13.05679035,80.26476288,41959,41970,11
13.05634975,80.26461792,41970,41980,10
13.05568981,80.26455688,41980,41990,10
13.0549202,80.26444244,41990,42000,10
13.05455971,80.26435852,42000,42010,10
13.05436039,80.26432037,42010,42020,10
13.05418968,80.26428986,42020,42030,10
13.05393028,80.2641983,42030,42040,10
13.05379963,80.26409149,42040,42050,10
13.05362034,80.26403046,42050,42061,11
13.05338001,80.26392365,42061,42121,60
13.05288982,80.26390839,42121,42152,31
13.05288982,80.26390839,42152,42162,10
13.0527401,80.26384735,42162,42172,10
13.05259991,80.26381683,42172,42182,10
13.05247974,80.2638092,42182,42192,10
13.05218983,80.26380157,42192,42202,10
13.05208015,80.26381683,42202,42212,10
13.05185986,80.26389313,42212,42263,51
13.05150986,80.26399994,42263,42293,30
13.05150986,80.26399994,42293,42303,10
13.0512104,80.26405334,42303,42313,10
13.05117989,80.26403809,42313,42323,10
13.05095005,80.26409912,42323,42334,11
13.05062962,80.26415253,42334,42344,10
13.05037975,80.26413727,42344,42354,10
13.05035019,80.26412964,42354,42364,10
13.04988003,80.26403046,42364,42374,10
13.04928017,80.26425934,42374,42384,10
13.04899979,80.2649231,42384,42394,10
13.04891014,80.2650528,42394,42404,10
13.04864025,80.26541138,42404,42414,10
13.0481596,80.26587677,42414,42425,11
13.04776955,80.26618958,42425,42435,10
13.04740047,80.26628113,42435,42445,10
13.04699039,80.26631927,42445,42455,10
13.04683018,80.26638031,42455,42465,10
13.04634953,80.26644897,42465,42475,10
13.04576969,80.26661682,42475,42485,10
13.04516029,80.26670074,42485,42495,10
13.04456997,80.26682281,42495,42505,10
13.04393005,80.2671814,42505,42516,11
13.04298973,80.26776123,42516,42526,10
13.04226971,80.26811981,42526,42536,10
13.04154015,80.26824188,42536,42546,10
13.04104042,80.26824951,42546,42556,10
13.04098034,80.26824188,42556,42566,10
13.04063034,80.2681427,42566,42576,10
13.03999043,80.26802063,42576,42586,10
13.03969955,80.26795197,42586,42596,10
13.03960037,80.26786804,42596,42606,10
13.03919029,80.26777649,42606,42617,11
13.03845024,80.26769257,42617,42627,10
13.03750038,80.26766968,42627,42687,60
13.03750038,80.26766968,42687,42698,11
13.03746033,80.26750183,42698,42708,10
13.03752995,80.26747131,42708,42718,10
13.03719997,80.26754761,42718,42728,10
13.03678036,80.26764679,42728,42738,10
13.03641987,80.2677536,42738,42748,10
13.03598976,80.26779938,42748,42758,10
13.03569031,80.26783752,42758,42768,10
13.03536034,80.26785278,42768,42778,10
13.03489017,80.26792145,42778,42788,10
13.03474998,80.26799011,42788,42799,11
13.03462029,80.26804352,42799,42809,10
13.03415966,80.268013,42809,42829,20
13.03415966,80.268013,42829,42839,10
13.03386974,80.26792908,42839,42849,10
13.03372955,80.26790619,42849,42859,10
13.03341007,80.2678833,42859,42869,10
13.03308964,80.26786041,42869,42879,10
13.03279972,80.26779938,42879,42890,11
13.03252983,80.26757813,42890,42900,10
13.0321703,80.26737976,42900,42910,10
13.03149033,80.26708221,42910,42920,10
13.03077984,80.26689911,42920,42930,10
13.03036022,80.26679993,42930,42940,10
13.03005981,80.26673889,42940,42950,10
13.02978992,80.2666626,42950,42970,20
13.02978992,80.2666626,42970,42981,11
13.0294199,80.26656342,42981,42991,10
13.02910995,80.26644135,42991,43001,10
13.02882004,80.2664032,43001,43011,10
13.02853966,80.26634216,43011,43021,10
13.02822018,80.2662735,43021,43031,10
13.02777004,80.26622772,43031,43041,10
13.02725983,80.2661972,43041,43051,10
13.02696991,80.26608276,43051,43061,10
13.02665043,80.26564789,43061,43163,102
13.02659988,80.26561737,43163,44558,1395
13.02659988,80.26561737,44558,44568,10
13.02637005,80.26538849,44568,44578,10
13.02645969,80.26547241,44578,44588,10
13.02630043,80.26496124,44588,44598,10
13.02639961,80.2644577,44598,44608,10
13.02647972,80.26399994,44608,44619,11
13.02641964,80.26396179,44619,44629,10
13.02651978,80.26361084,44629,44639,10
13.02682018,80.26348877,44639,44649,10
13.02737045,80.2634964,44649,44659,10
13.02793026,80.26364899,44659,44669,10
13.02840996,80.26370239,44669,44679,10
13.02875996,80.26378632,44679,44689,10
13.02904987,80.26394653,44689,44699,10
13.02915001,80.26396942,44699,44710,11
13.02927971,80.26416016,44710,44720,10
13.02923012,80.26445007,44720,44730,10
13.02917957,80.26487732,44730,44740,10
13.02915955,80.26528168,44740,44750,10
13.02915001,80.26566315,44750,44760,10
13.02912045,80.2664032,44760,44780,20
13.02912045,80.2664032,44780,44790,10
13.02943993,80.26648712,44790,44801,11
13.02987957,80.26647186,44801,44811,10
13.03036976,80.26651001,44811,44821,10
13.03081989,80.26661682,44821,44831,10
13.03125954,80.26672363,44831,44841,10
13.03164959,80.26683807,44841,44851,10
13.03221035,80.26712036,44851,44861,10
13.03264999,80.2674408,44861,44871,10
13.03316975,80.26763916,44871,44881,10
13.03343964,80.26773071,44881,44892,11
13.03361034,80.26777649,44892,44902,10
13.03376961,80.26783752,44902,44911,9
13.03400993,80.26786041,44911,44922,11
13.03407955,80.26783752,44922,44932,10
13.03415012,80.2678299,44932,44942,10
13.03442001,80.26789093,44942,44952,10
13.03489017,80.26785278,44952,44962,10
13.03534031,80.26780701,44962,44972,10
13.03598976,80.26769257,44972,44983,11
13.03666019,80.26760864,44983,44993,10
13.03691959,80.26738739,44993,45003,10
13.03703976,80.26679993,45003,45013,10
13.03705978,80.26654053,45013,45023,10
13.03709984,80.26638031,45023,45033,10
13.03717995,80.26599884,45033,45043,10
13.03740025,80.26531982,45043,45053,10
13.03757954,80.26448822,45053,45063,10
13.03806973,80.26444244,45063,45074,11
13.03845024,80.26447296,45074,45084,10
13.03890038,80.26457214,45084,45094,10
13.03948021,80.26467133,45094,45104,10
13.03993034,80.26454163,45104,45114,10
13.0404501,80.26451874,45114,45124,10
13.04078007,80.26452637,45124,45134,10
13.04127979,80.26457214,45134,45144,10
13.0413599,80.26506805,45144,45154,10
13.04127979,80.26551819,45154,45164,10
13.04121971,80.26576996,45164,45175,11
13.04121017,80.26609802,45175,45185,10
13.04111004,80.26641846,45185,45195,10
13.04102039,80.26689911,45195,45205,10
13.04098988,80.26717377,45205,45215,10
13.04082966,80.2675705,45215,45225,10
13.04092026,80.26802826,45225,45235,10
13.04144001,80.26804352,45235,45245,10
13.04150963,80.26805878,45245,45255,10
13.04166985,80.26804352,45255,45266,11
13.0427599,80.26792908,45266,45276,10
13.0427599,80.26792908,45276,45286,10
13.04333019,80.26757813,45286,45296,10
13.04389954,80.26721954,45296,45306,10
13.04456043,80.26683807,45306,45316,10
13.04526043,80.2666626,45316,45326,10
13.04605007,80.26647949,45326,45336,10
13.04675007,80.2663269,45336,45346,10
13.04714966,80.26622772,45346,45357,11
13.04726028,80.26624298,45357,45367,10
13.04745007,80.26624298,45367,45377,10
13.04784966,80.26603699,45377,45387,10
13.04821968,80.26576233,45387,45397,10
13.04868031,80.26521301,45397,45407,10
13.04889011,80.26454926,45407,45417,10
13.0490799,80.26396179,45417,45427,10
13.04965973,80.26390076,45427,45437,10
13.05023956,80.26403046,45437,45448,11
13.05066013,80.26403809,45448,45458,10
13.05088043,80.26406097,45458,45468,10
13.05136013,80.26399994,45468,45478,10
13.05167961,80.26384735,45478,45488,10
13.05185986,80.26378632,45488,45518,30
13.05185986,80.26378632,45518,45528,10
13.05214977,80.26374054,45528,45549,21
13.05214977,80.26374054,45549,45559,10
13.05233002,80.26370239,45559,45569,10
13.05233955,80.26370239,45569,45579,10
13.05257988,80.26373291,45579,45589,10
13.05265999,80.26373291,45589,45599,10
13.05298042,80.26371765,45599,45609,10
13.05335999,80.26374817,45609,45710,101
13.05335999,80.26374817,45710,45721,11
13.05375957,80.26386261,45721,45731,10
13.0542202,80.26403809,45731,45741,10
13.05455971,80.26412964,45741,45761,20
13.05455971,80.26412964,45761,45771,10
13.05469036,80.26425171,45771,45781,10
13.05508995,80.26429749,45781,45791,10
13.05558014,80.26441956,45791,45801,10
13.05603981,80.26447296,45801,45812,11
13.05659008,80.26448059,45812,45822,10
13.05710983,80.26464081,45822,45832,10
13.05714035,80.26467896,45832,45842,10
13.05720043,80.26473999,45842,45852,10
13.05755043,80.2649231,45852,45862,10
13.05795002,80.26486206,45862,45872,10
13.05793953,80.2644577,45872,45882,10
13.05786037,80.26403046,45882,45892,10
13.05782032,80.26352692,45892,45903,11
13.05782032,80.26315308,45903,45913,10
13.05786037,80.26286316,45913,45923,10
13.0577898,80.26254272,45923,45933,10
13.05774021,80.26222229,45933,45943,10
13.05768013,80.26183319,45943,45953,10
13.05766964,80.26157379,45953,45963,10
13.05758953,80.26127625,45963,45973,10
13.05793953,80.26113892,45973,45983,10
13.05827999,80.26101685,45983,45994,11
13.05877972,80.26088715,45994,46004,10
13.05920982,80.26077271,46004,46014,10
13.05937004,80.26068115,46014,46024,10
13.05974007,80.26056671,46024,46034,10
13.06011963,80.26084137,46034,46044,10
13.06050014,80.2611618,46044,46054,10
13.06091976,80.26157379,46054,46064,10
13.06122017,80.26178741,46064,46074,10
13.06142998,80.26196289,46074,46085,11
13.06159973,80.26217651,46085,46095,10
13.06190968,80.26265717,46095,46115,20
13.06190968,80.26265717,46115,46125,10
13.06198978,80.26280975,46125,46135,10
13.06229019,80.26316833,46135,46145,10
13.06276035,80.26370239,46145,46155,10
13.06291008,80.26390076,46155,46165,10
13.06307983,80.26406097,46165,46176,11
13.06315994,80.2641983,46176,46186,10
13.0634203,80.26460266,46186,46196,10
13.06371975,80.26499939,46196,46206,10
13.06387997,80.26515961,46206,46216,10
13.0639801,80.26534271,46216,46226,10
13.06406975,80.26555634,46226,46236,10
13.06427956,80.26580048,46236,46246,10
13.06445026,80.26600647,46246,46256,10
13.06449986,80.26612854,46256,46267,11
13.06459999,80.26637268,46267,46277,10
13.06470013,80.26651001,46277,46287,10
13.06484032,80.26670837,46287,46297,10
13.0651598,80.26698303,46297,46307,10
13.06556034,80.26734161,46307,46317,10
13.06602001,80.2678833,46317,46327,10
13.06637001,80.26821899,46327,46358,31
13.06637001,80.26821899,46358,46368,10
13.06655979,80.26834106,46368,46378,10
13.06686974,80.26847076,46378,46388,10
13.0669899,80.26853943,46388,46398,10
13.06713963,80.26864624,46398,46408,10
13.06750011,80.26892853,46408,46418,10
13.06791973,80.26921844,46418,46428,10
13.06818962,80.26950073,46428,46438,10
13.06812,80.2699585,46438,46449,11
13.06805038,80.27055359,46449,46459,10
13.06803036,80.27111053,46459,46469,10
13.06828022,80.27156067,46469,46479,10
13.06863976,80.27185059,46479,46489,10
13.06925011,80.27220154,46489,46499,10
13.06980038,80.27275085,46499,46509,10
13.07034969,80.27340698,46509,46519,10
13.07091045,80.27400208,46519,46529,10
13.07102966,80.27404785,46529,46540,11
13.07114029,80.27410126,46540,46550,10
13.07135963,80.27414703,46550,46580,30
13.07135963,80.27414703,46580,46590,10
13.07151985,80.27422333,46590,46600,10
13.07188988,80.27445984,46600,46610,10
13.07225037,80.27485657,46610,46620,10
13.07269955,80.27536774,46620,46631,11
13.07332039,80.27600861,46631,46641,10
13.07380962,80.27632141,46641,46651,10
13.07448959,80.27631378,46651,46661,10
13.07528019,80.27628326,46661,46671,10
13.0756197,80.27625275,46671,46681,10
13.07567978,80.27625275,46681,46691,10
13.07608032,80.27626038,46691,46701,10
13.0766201,80.27622986,46701,46711,10
13.07705021,80.27617645,46711,46722,11
13.07738018,80.27615356,46722,46732,10
13.07783985,80.27612305,46732,46742,10
13.07812023,80.27584839,46742,46752,10
13.07826996,80.27539825,46752,46762,10
13.07861996,80.27510071,46762,46772,10
13.07901955,80.2751236,46772,46782,10
13.0795002,80.27523041,46782,46792,10
13.08016968,80.27523041,46792,46802,10
13.0812397,80.27510071,46802,46833,31
13.0812397,80.27510071,46833,46843,10
13.0816803,80.27516937,46843,46853,10
13.0819397,80.27545166,46853,46893,40
13.0819397,80.27545166,46893,46903,10
13.08197021,80.27561951,46903,46914,11
13.08185959,80.27597046,46914,46924,10
13.08183002,80.27632141,46924,46934,10
13.08183956,80.27694702,46934,46944,10
13.08185005,80.27770996,46944,46954,10
13.08197021,80.27832031,46954,46964,10
13.08205032,80.27877808,46964,46974,10
13.08209038,80.27924347,46974,46984,10
13.08215046,80.27993774,46984,46993,9
13.08220005,80.2807312,46993,47005,12
13.08230972,80.28172302,47005,47015,10
13.08302021,80.28218842,47015,47025,10
13.08382988,80.2826767,47025,47035,10
13.08454037,80.28318024,47035,47045,10
13.08498955,80.28366089,47045,47055,10
13.08530045,80.28373718,47055,47065,10
13.08545971,80.28354645,47065,47075,10
13.08580017,80.28353119,47075,47085,10
13.08625031,80.28359985,47085,47096,11
13.08654022,80.28386688,47096,47166,70
13.08679008,80.28392029,47166,47187,21
13.08679008,80.28392029,47187,47197,10
13.08689976,80.28392029,47197,47207,10
13.08701992,80.2838974,47207,47217,10
13.08710003,80.28386688,47217,47227,10
13.08740997,80.28388977,47227,47237,10
13.08771038,80.28386688,47237,47318,81
13.08771038,80.28386688,47318,47328,10
13.0880003,80.28388977,47328,47348,20
13.0880003,80.28388977,47348,47358,10
13.08817959,80.28368378,47358,47379,21
13.08817005,80.28370667,47379,47409,30
13.08817005,80.28370667,47409,47419,10
13.08829975,80.28343964,47419,47429,10
13.0883503,80.28327942,47429,47439,10
13.0883503,80.2832489,47439,47449,10
13.08827972,80.28295135,47449,47460,11
13.0882597,80.28243256,47460,47470,10
13.08817005,80.28192139,47470,47480,10
13.08806038,80.28147888,47480,47500,20
13.08806038,80.28147888,47500,47510,10
13.08825016,80.28144073,47510,47520,10
13.08850956,80.28156281,47520,47530,10
13.08843994,80.28179932,47530,47540,10
13.08835983,80.28218079,47540,47551,11
13.08831978,80.28263855,47551,47561,10
13.08829021,80.28305817,47561,47571,10
13.0882597,80.2833786,47571,47581,10
13.08815002,80.28353119,47581,47591,10
13.08827972,80.28383636,47591,47601,10
13.08837032,80.28459167,47601,47621,20
13.08837032,80.28459167,47621,47631,10
13.08848,80.28524017,47631,47652,21
13.08848,80.28524017,47652,47662,10
13.0884304,80.28546906,47662,47672,10
13.08837986,80.28566742,47672,47682,10
13.08841991,80.28605652,47682,47692,10
13.08848,80.28639984,47692,47702,10
13.08854961,80.28688049,47702,47712,10
13.08858967,80.28735352,47712,47722,10
13.0886097,80.28759003,47722,47733,11
13.08860016,80.28807068,47733,47743,10
13.0886097,80.28839111,47743,47753,10
13.08862019,80.28864288,47753,47763,10
13.08862019,80.28904724,47763,47773,10
13.08868027,80.28926849,47773,47783,10
13.08872032,80.28935242,47783,47793,10
13.08868027,80.289711,47793,47803,10
13.08874035,80.29006958,47803,47854,51
13.08874035,80.29006958,47854,47864,10
13.08878994,80.29033661,47864,47874,10
13.08845997,80.2902832,47874,47884,10
13.08794022,80.29003143,47884,47894,10
13.08724022,80.28971863,47894,47904,10
13.08642006,80.2894516,47904,47915,11
13.0853796,80.28923798,47915,47925,10
13.0843401,80.28922272,47925,47935,10
13.08351994,80.28923035,47935,47945,10
13.08263016,80.28903961,47945,47955,10
13.08178043,80.28871155,47955,47965,10
13.08131027,80.28856659,47965,47975,10
13.08104992,80.28842163,47975,47985,10
13.08049965,80.28829956,47985,47995,10
13.08026028,80.28822327,47995,48005,10
13.08012009,80.28820038,48005,48016,11
13.08001041,80.28819275,48016,48026,10
13.07968044,80.28813171,48026,48036,10
13.07913971,80.28795624,48036,48046,10
13.07841015,80.28765869,48046,48056,10
13.07750988,80.28740692,48056,48066,10
13.07651043,80.28717041,48066,48076,10
13.07561016,80.28690338,48076,48086,10
13.07507992,80.28662109,48086,48096,10
13.07392979,80.28610992,48096,48117,21
13.07392979,80.28610992,48117,48127,10
13.07361031,80.28603363,48127,48137,10
13.07304955,80.28579712,48137,48147,10
13.07248974,80.28549194,48147,48157,10
13.07143021,80.28517151,48157,48167,10
13.07038021,80.28489685,48167,48177,10
13.0692997,80.28465271,48177,48187,10
13.06816006,80.28437805,48187,48198,11
13.06721973,80.28424835,48198,48208,10
13.06624985,80.28401947,48208,48218,10
13.06521988,80.28379822,48218,48228,10
13.06429958,80.28357697,48228,48238,10
13.06344032,80.28336334,48238,48248,10
13.06252003,80.28314972,48248,48268,20
13.06252003,80.28314972,48268,48278,10
13.06219959,80.28305817,48278,48289,11
13.06159973,80.28292084,48289,48299,10
13.06089973,80.28276825,48299,48309,10
13.06023026,80.28262329,48309,48319,10
13.05951023,80.2824707,48319,48329,10
13.05871964,80.28231812,48329,48339,10
13.05792046,80.28215027,48339,48349,10
13.05683994,80.28192902,48349,48369,20
13.05683994,80.28192902,48369,48380,11
13.0566597,80.2818985,48380,48390,10
13.05615997,80.28179169,48390,48400,10
13.05543995,80.2816391,48400,48410,10
13.05463028,80.28147888,48410,48420,10
13.05375957,80.28130341,48420,48430,10
13.05284023,80.28115845,48430,48440,10
13.05191994,80.28102112,48440,48450,10
13.05113029,80.28089905,48450,48460,10
13.05035973,80.28079224,48460,48471,11
13.05023956,80.28077698,48471,48481,10
13.04994965,80.2807312,48481,48491,10
13.04940987,80.28064728,48491,48501,10
13.04866028,80.28054047,48501,48511,10
13.04780006,80.28040314,48511,48521,10
13.0468502,80.28025818,48521,48531,10
13.04592991,80.28014374,48531,48541,10
13.04506969,80.28002167,48541,48553,12
13.04438019,80.27993011,48553,48564,11
13.04356003,80.27979279,48564,48626,62
13.04356003,80.27979279,48626,48636,10
13.04337025,80.27974701,48636,48646,10
13.04325008,80.27931976,48646,48657,11
13.04325008,80.27850342,48657,48667,10
13.04327011,80.27738953,48667,48687,20
13.04327011,80.27738953,48687,48697,10
13.04329967,80.27726746,48697,48707,10
13.04333019,80.2768631,48707,48717,10
13.04331017,80.27629852,48717,48727,10
13.04329967,80.2756424,48727,48737,10
13.04333019,80.27490997,48737,48748,11
13.04331017,80.27480316,48748,48758,10
13.04331017,80.27445984,48758,48768,10
13.04341984,80.27388763,48768,48778,10
13.04353046,80.2731781,48778,48788,10
13.04366016,80.27243805,48788,48798,10
13.04380989,80.27163696,48798,48818,20
13.04380989,80.27163696,48818,48828,10
13.04384041,80.27147675,48828,48839,11
13.04389954,80.27095795,48839,48849,10
13.04405022,80.2702713,48849,48859,10
13.04424953,80.2694931,48859,48869,10
13.04442024,80.26869965,48869,48879,10
13.0444603,80.26849365,48879,48889,10
13.04448032,80.26831818,48889,48899,10
13.04409981,80.26824188,48899,48909,10
13.04366016,80.26824188,48909,48919,10
13.04312992,80.26818848,48919,48930,11
13.04248047,80.26815033,48930,48940,10
13.04187965,80.26824188,48940,48950,10
13.04117966,80.26825714,48950,48960,10
13.04109001,80.26825714,48960,48970,10
13.04092979,80.26818085,48970,48980,10
13.04059982,80.26811218,48980,48990,10
13.04008007,80.26792908,48990,49000,10
13.03946018,80.26777649,49000,49010,10
13.03903961,80.26769257,49010,49021,11
13.03835964,80.26763916,49021,49031,10
13.03763962,80.26763153,49031,49041,10
13.03757954,80.26760864,49041,49051,10
13.03742027,80.26756287,49051,49061,10
13.03740025,80.26756287,49061,49071,10
13.03728962,80.2675705,49071,49081,10
13.03701973,80.26760101,49081,49091,10
13.03658009,80.26773071,49091,49101,10
13.0360899,80.26777649,49101,49112,11
13.03559971,80.26785278,49112,49122,10
13.03526974,80.26792145,49122,49132,10
13.03489017,80.26793671,49132,49142,10
13.03419971,80.26802063,49142,49162,20
13.03419971,80.26802063,49162,49172,10
13.03407955,80.26795959,49172,49182,10
13.03370953,80.2678833,49182,49192,10
13.03324986,80.26782227,49192,49203,11
13.03267002,80.26761627,49203,49213,10
13.03229046,80.26740265,49213,49223,10
13.03170013,80.26712799,49223,49233,10
13.0311203,80.266922,49233,49243,10
13.03057957,80.26689148,49243,49253,10
13.02997971,80.26673889,49253,49263,10
13.02978039,80.26670074,49263,49274,11
13.02954006,80.26667786,49274,49284,10
13.02925014,80.26654053,49284,49295,11
13.02855015,80.26634979,49295,49305,10
13.02795982,80.26622009,49305,49315,10
13.02735996,80.2661438,49315,49325,10
13.02713013,80.26608276,49325,49335,10
13.02711964,80.26615143,49335,49345,10
13.02663994,80.26611328,49345,49396,51
13.02663994,80.26611328,49396,49406,10
13.02630043,80.26593781,49406,49416,10
13.0262804,80.26576996,49416,49426,10
13.02635002,80.26534271,49426,49436,10
13.02643013,80.26470947,49436,49446,10
13.02655029,80.26403809,49446,49456,10
13.02657986,80.26392365,49456,49466,10
13.02659988,80.26373291,49466,49477,11
13.02661991,80.26332855,49477,49487,10
13.02665997,80.26283264,49487,49497,10
13.02672958,80.26226044,49497,49507,10
13.02680016,80.26159668,49507,49517,10
13.0268898,80.26097107,49517,49527,10
13.0269804,80.26026917,49527,49537,10
13.02707005,80.25959778,49537,49547,10
13.02707005,80.25881195,49547,49557,10
13.0271101,80.2579422,49557,49568,11
13.02709961,80.25714111,49568,49578,10
13.02705956,80.25656891,49578,49588,10
13.02709007,80.25618744,49588,49598,10
13.02709961,80.25601196,49598,49608,10
13.02713013,80.25579071,49608,49618,10
13.02713013,80.25549316,49618,49628,10
13.0271101,80.25498199,49628,49638,10
13.02713013,80.2546463,49638,49648,10
13.02715969,80.2541275,49648,49669,21
13.02715969,80.2541275,49669,49679,10
13.02709007,80.25392914,49679,49689,10
13.02719021,80.25350952,49689,49699,10
13.02733994,80.25283813,49699,49709,10
13.02748966,80.25205994,49709,49719,10
13.02783012,80.25126648,49719,49729,10
13.02826023,80.2505722,49729,49739,10
13.02861023,80.24994659,49739,49800,61
13.02861023,80.24994659,49800,49810,10
13.02875996,80.24971771,49810,49820,10
13.0288496,80.24952698,49820,49830,10
13.0289402,80.24906921,49830,49841,11
13.02896976,80.24900818,49841,49851,10
13.02900028,80.24884796,49851,49861,10
13.02908993,80.2483902,49861,49871,10
13.0291996,80.24780273,49871,49881,10
13.02927971,80.24727631,49881,49891,10
13.02937984,80.24668121,49891,49901,10
13.02952957,80.24593353,49901,49911,10
13.02919006,80.24578094,49911,49921,10
13.02853012,80.24571228,49921,49931,10
13.0278101,80.24555206,49931,49942,11
13.0274601,80.24478912,49942,49952,10
13.02703953,80.24411011,49952,49962,10
13.02626991,80.24382782,49962,49972,10
13.02542019,80.2435379,49972,49982,10
13.02453995,80.24323273,49982,49992,10
13.02365971,80.24291992,49992,50002,10
13.02276993,80.24265289,50002,50012,10
13.02178001,80.24234009,50012,50033,21
13.02178001,80.24234009,50033,50043,10
13.02141953,80.24221039,50043,50053,10
13.02079964,80.24201965,50053,50063,10
13.0200901,80.24178314,50063,50073,10
13.01949024,80.24160004,50073,50083,10
13.01879978,80.24140167,50083,50103,20
13.01879978,80.24140167,50103,50113,10
13.01834011,80.24124146,50113,50164,51
13.01834011,80.24124146,50164,50174,10
13.01791954,80.24104309,50174,50184,10
13.01741982,80.24095154,50184,50194,10
13.01669979,80.24079895,50194,50204,10
13.01587963,80.2406311,50204,50215,11
13.01527023,80.24054718,50215,50225,10
13.01453972,80.24047852,50225,50235,10
13.01373959,80.24041748,50235,50245,10
13.01272011,80.24041748,50245,50255,10
13.0116396,80.240448,50255,50265,10
13.01054001,80.24046326,50265,50275,10
13.00942039,80.24047852,50275,50285,10
13.00831985,80.240448,50285,50295,10
13.00710964,80.2403183,50295,50356,61
13.00710964,80.2403183,50356,50366,10
13.00691986,80.24030304,50366,50376,10
13.0067997,80.2399826,50376,50386,10
13.00691986,80.23941803,50386,50397,11
13.00704002,80.23853302,50397,50407,10
13.00720024,80.23777771,50407,50417,10
13.00734043,80.23712158,50417,50427,10
13.00741005,80.23661804,50427,50437,10
13.00741005,80.23661041,50437,50447,10
13.00743961,80.23655701,50447,50457,10
13.00753975,80.23618317,50457,50467,10
13.00761986,80.23573303,50467,50477,10
13.00769997,80.23532104,50477,50488,11
13.00784016,80.23471832,50488,50498,10
13.00800037,80.23397827,50498,50508,10
13.00813961,80.23310852,50508,50518,10
13.00835037,80.2321167,50518,50528,10
13.00852013,80.23111725,50528,50538,10
13.00870037,80.23010254,50538,50548,10
13.00887012,80.22930908,50548,50558,10
13.00912952,80.22817993,50558,50568,10
13.00949955,80.2273407,50568,50579,11
13.00994015,80.22635651,50579,50589,10
13.01037979,80.22545624,50589,50599,10
13.01060009,80.22493744,50599,50609,10
13.01062012,80.22490692,50609,50619,10
13.01078033,80.2245636,50619,50629,10
13.01095963,80.22419739,50629,50639,10
13.01101971,80.22403717,50639,50649,10
13.01121998,80.22364807,50649,50660,11
13.01140022,80.22309875,50660,50670,10
13.01163006,80.2224884,50670,50680,10
13.01187992,80.22177124,50680,50690,10
13.01208973,80.2212677,50690,50700,10
13.01202011,80.22080994,50700,50710,10
13.01179981,80.22013855,50710,50720,10
13.01158047,80.21945953,50720,50730,10
13.01136971,80.21880341,50730,50740,10
13.01117039,80.21814728,50740,50750,10
13.01093006,80.21753693,50750,50761,11
13.01062965,80.21684265,50761,50771,10
13.01039028,80.21629333,50771,50781,10
13.01006031,80.21569824,50781,50791,10
13.00959969,80.2148819,50791,50801,10
13.00901031,80.21411133,50801,50811,10
13.00817966,80.21331024,50811,50831,20
13.00817966,80.21331024,50831,50841,10
13.00798988,80.21321869,50841,50862,21
13.00798988,80.21321869,50862,50872,10
13.00786018,80.21312714,50872,50882,10
13.00774956,80.21299744,50882,50892,10
13.00743008,80.21282959,50892,50902,10
13.00697994,80.21273804,50902,50912,10
13.00634956,80.21278381,50912,50922,10
13.00576019,80.21295166,50922,50932,10
13.00494003,80.21247101,50932,50943,11
13.00411987,80.21209717,50943,50953,10
13.00370026,80.21186066,50953,50963,10
13.00366974,80.21121216,50963,50973,10
13.00360012,80.21044922,50973,50983,10
13.00351048,80.20964813,50983,50993,10
13.00360966,80.20900726,50993,51003,10
13.00434017,80.20874023,51003,51013,10
13.00527954,80.20918274,51013,51023,10
13.00621986,80.20951843,51023,51033,10
13.00704002,80.20976257,51033,51044,11
13.00749969,80.20982361,51044,51064,20
13.00749969,80.20982361,51064,51074,10
13.00763988,80.2098999,51074,51084,10
13.00811005,80.20995331,51084,51094,10
13.00806046,80.20948029,51094,51104,10
13.00794029,80.20871735,51104,51114,10
13.00782013,80.20777893,51114,51124,10
13.00763988,80.20670319,51124,51135,11
13.00751019,80.20539856,51135,51145,10
13.00749016,80.20430756,51145,51155,10
13.00736046,80.20339966,51155,51165,10
13.00712013,80.2025528,51165,51175,10
13.00650978,80.20275116,51175,51185,10
13.00671959,80.20333099,51185,51195,10
13.00736046,80.20365143,51195,51205,10
13.00813961,80.20372772,51205,51215,10
13.00918007,80.20365143,51215,51226,11
13.01047039,80.20361328,51226,51236,10
13.01165009,80.20371246,51236,51246,10
13.01278019,80.20391846,51246,51256,10
13.01362038,80.20422363,51256,51276,20
13.01362038,80.20422363,51276,51286,10
13.01354027,80.20426178,51286,51296,10
13.0134697,80.2046814,51296,51306,10
13.01329994,80.20526123,51306,51317,11
13.01307964,80.20601654,51317,51327,10
13.01299,80.20681,51327,51337,10
13.01294041,80.20728302,51337,51347,10
13.01288033,80.20776367,51347,51357,10
13.0128603,80.20823669,51357,51367,10
13.01286983,80.20835114,51367,51377,10
13.01290989,80.20871735,51377,51387,10
13.01296997,80.20918274,51387,51397,10
13.01317978,80.20960999,51397,51408,11
13.01311016,80.2104187,51408,51418,10
13.01288033,80.21112823,51418,51428,10
13.01249981,80.21183014,51428,51438,10
13.01204967,80.21253204,51438,51448,10
13.01183987,80.21279907,51448,51458,10
13.01154041,80.21264648,51458,51468,10
13.01105976,80.21230316,51468,51478,10
13.01062965,80.21198273,51478,51488,10
13.01029968,80.21172333,51488,51499,11
13.01000023,80.21147919,51499,51509,10
13.0098896,80.21140289,51509,51519,10
13.00977993,80.21131897,51519,51529,10
13.00957966,80.21118164,51529,51570,41
13.00940037,80.21105957,51570,52095,525
13.00942039,80.2110672,52095,52146,51
13.00944042,80.21109009,52146,52854,708
13.00944042,80.21109009,52854,52864,10
13.00932026,80.21114349,52864,52914,50
13.00907993,80.21141052,52914,52934,20
13.00907993,80.21141052,52934,52944,10
13.00899029,80.21151733,52944,52955,11
13.00905037,80.21174622,52955,52965,10
13.00918007,80.2121582,52965,52975,10
13.0093298,80.21257782,52975,52985,10
13.00944996,80.21285248,52985,52995,10
13.00957012,80.21311188,52995,53005,10
13.00971985,80.21351624,53005,53015,10
13.00988007,80.21388245,53015,53025,10
13.01006031,80.21430206,53025,53035,10
13.01016998,80.21478271,53035,53046,11
13.0102396,80.2154007,53046,53056,10
13.01041985,80.21598816,53056,53066,10
13.01070976,80.21665192,53066,53076,10
13.01103973,80.21730804,53076,53086,10
13.0112896,80.2179718,53086,53096,10
13.01158047,80.21871185,53096,53106,10
13.01183987,80.21942139,53106,53116,10
13.01204014,80.22000885,53116,53126,10
13.01212978,80.22032928,53126,53137,11
13.01214027,80.22044373,53137,53147,10
13.01224995,80.22065735,53147,53157,10
13.01233959,80.22109222,53157,53167,10
13.01243019,80.22155762,53167,53177,10
13.01272011,80.22197723,53177,53187,10
13.0131197,80.22238159,53187,53197,10
13.01362038,80.22299957,53197,53207,10
13.01404953,80.22351074,53207,53217,10
13.01436043,80.22371674,53217,53228,11
13.01490021,80.22418213,53228,53238,10
13.01523972,80.22489929,53238,53248,10
13.01537991,80.22532654,53248,53258,10
13.01515961,80.22573853,53258,53268,10
13.01443958,80.22618866,53268,53299,31
13.01438999,80.22624969,53299,53753,454
13.01438999,80.22624969,53753,53763,10
13.01673985,80.24069977,53763,53773,10
13.01751995,80.24095917,53773,53784,11
13.01782036,80.24105835,53784,53824,40
13.01782036,80.24105835,53824,53834,10
13.01799965,80.24099731,53834,53844,10
13.01832962,80.24115753,53844,53854,10
13.01854038,80.24121094,53854,53864,10
13.01865005,80.24120331,53864,53875,11
13.01910019,80.24134064,53875,53885,10
13.01968002,80.24157715,53885,53895,10
13.02035999,80.24178314,53895,53905,10
13.02105045,80.24199677,53905,53915,10
13.02178955,80.24228668,53915,53925,10
13.02260017,80.24253845,53925,53935,10
13.02326965,80.24272156,53935,53955,20
13.02326965,80.24272156,53955,53966,11
13.02338982,80.24272919,53966,53976,10
13.02375984,80.24286652,53976,53986,10
13.02425957,80.24307251,53986,53996,10
13.0248003,80.24326324,53996,54006,10
13.02536964,80.24346161,54006,54016,10
13.02602005,80.24368286,54016,54026,10
13.02670956,80.243927,54026,54036,10
13.02735996,80.24433899,54036,54046,10
13.02762032,80.24511719,54046,54057,11
13.02812004,80.24546814,54057,54067,10
13.02873039,80.24556732,54067,54077,10
13.02919006,80.24555969,54077,54137,60
13.02919006,80.24555969,54137,54148,11
13.02947044,80.2456131,54148,54158,10
13.02950001,80.24594116,54158,54168,10
13.02945995,80.24645996,54168,54178,10
13.02931976,80.24703217,54178,54188,10
13.02923012,80.24754333,54188,54198,10
13.02915955,80.24816132,54198,54208,10
13.02906036,80.24871063,54208,54218,10
13.02906036,80.24875641,54218,54228,10
13.02900028,80.24925995,54228,54249,21
13.02900028,80.24925995,54249,54259,10
13.02900028,80.24951935,54259,54269,10
13.02877998,80.24996185,54269,54279,10
13.02847004,80.25039673,54279,54289,10
13.02807045,80.25097656,54289,54299,10
13.02772045,80.25170898,54299,54309,10
13.02754974,80.252388,54309,54319,10
13.02737045,80.25311279,54319,54330,11
13.0271101,80.25427246,54330,54350,20
13.0271101,80.25427246,54350,54360,10
13.02715015,80.2546463,54360,54370,10
13.02711964,80.25508118,54370,54380,10
13.02709007,80.25569916,54380,54390,10
13.02713013,80.25604248,54390,54400,10
13.02709961,80.25640869,54400,54410,10
13.02707005,80.25691986,54410,54421,11
13.02707005,80.25753784,54421,54431,10
13.02709007,80.2582016,54431,54441,10
13.02702999,80.25908661,54441,54461,20
13.02702999,80.25908661,54461,54471,10
13.02703953,80.25953674,54471,54481,10
13.02702045,80.2600708,54481,54491,10
13.02690029,80.26062012,54491,54501,10
13.02686024,80.26104736,54501,54512,11
13.0267601,80.2618103,54512,54522,10
13.02665997,80.26242828,54522,54532,10
13.02663994,80.26316833,54532,54542,10
13.02696037,80.2633667,54542,54552,10
13.02740002,80.26352692,54552,54562,10
13.02793026,80.2636795,54562,54572,10
13.02808952,80.26371002,54572,54582,10
13.02840042,80.2638092,54582,54592,10
13.02880955,80.26396179,54592,54603,11
13.02910995,80.26412201,54603,54613,10
13.0291996,80.26444244,54613,54623,10
13.02931023,80.26502228,54623,54633,10
13.02927017,80.26583862,54633,54653,20
13.02927017,80.26583862,54653,54663,10
13.02921009,80.26605988,54663,54673,10
13.02923965,80.26638031,54673,54683,10
13.02949047,80.26643372,54683,54694,11
13.02976036,80.26651001,54694,54704,10
13.03020954,80.26660156,54704,54714,10
13.03075981,80.26670074,54714,54724,10
13.03131962,80.26693726,54724,54734,10
13.03176022,80.2671814,54734,54744,10
13.03221989,80.26734924,54744,54754,10
13.03264046,80.2675705,54754,54764,10
13.0332098,80.2677536,54764,54774,10
13.03394032,80.26789856,54774,54795,21
13.03394032,80.26789856,54795,54805,10
13.03411961,80.26798248,54805,54815,10
13.03454018,80.26799774,54815,54825,10
13.03499031,80.26790619,54825,54835,10
13.0355196,80.26780701,54835,54845,10
13.03610992,80.2677002,54845,54855,10
13.03652954,80.26767731,54855,54865,10
13.03676033,80.26761627,54865,54876,11
13.03691006,80.26703644,54876,54886,10
13.03705978,80.2664032,54886,54906,20
13.03705978,80.2664032,54906,54916,10
13.03715992,80.26609039,54916,54926,10
13.03724003,80.26570129,54926,54936,10
13.03738976,80.26513672,54936,54946,10
13.03752995,80.26445007,54946,54956,10
13.03785038,80.26435089,54956,54967,11
13.03833961,80.26442719,54967,54977,10
13.03864956,80.26454163,54977,54987,10
13.03907967,80.26461029,54987,54997,10
13.03971958,80.26457977,54997,55007,10
13.04028034,80.26457214,55007,55017,10
13.04063034,80.26457977,55017,55027,10
13.04096985,80.26461029,55027,55037,10
13.04131985,80.26486969,55037,55047,10
13.04123974,80.26537323,55047,55058,11
13.04119968,80.26587677,55058,55068,10
13.04111958,80.26657104,55068,55078,10
13.04111004,80.26687622,55078,55088,10
13.04104042,80.26714325,55088,55098,10
13.04092026,80.26754761,55098,55108,10
13.04096985,80.26796722,55108,55118,10
13.04152012,80.26805115,55118,55138,20
13.04152012,80.26805115,55138,55148,10
13.04181957,80.26804352,55148,55159,11
13.04232979,80.26798248,55159,55172,13
13.04273987,80.26772308,55172,55182,10
13.04325962,80.26750183,55182,55192,10
13.04364967,80.26717377,55192,55202,10
13.04389954,80.26698303,55202,55212,10
13.04430008,80.266922,55212,55244,32
13.04430008,80.266922,55244,55254,10
13.04454994,80.26687622,55254,55264,10
13.04458046,80.26727295,55264,55274,10
13.04456997,80.26780701,55274,55284,10
13.04456997,80.26831818,55284,55294,10
13.04450989,80.26892853,55294,55304,10
13.04448986,80.26898956,55304,55314,10
13.04444027,80.26908112,55314,55324,10
13.04438019,80.26952362,55324,55335,11
13.04421997,80.27018738,55335,55345,10
13.04409027,80.27079773,55345,55355,10
13.04388046,80.27156067,55355,55365,10
13.0437603,80.27243042,55365,55375,10
13.04362011,80.27320099,55375,55385,10
13.04356956,80.27336121,55385,55395,10
13.04354954,80.27336121,55395,55405,10
13.04351044,80.2735672,55405,55415,10
13.04351044,80.27364349,55415,55426,11
13.04341984,80.2740097,55426,55436,10
13.04333019,80.27456665,55436,55446,10
13.04329967,80.27529907,55446,55456,10
13.04327965,80.27599335,55456,55466,10
13.04331017,80.2768631,55466,55476,10
13.04327965,80.27758026,55476,55486,10
13.04335976,80.27792358,55486,55497,11
13.04345036,80.27819824,55497,55506,9
13.04333973,80.27800751,55506,55517,11
13.04333973,80.2786026,55517,55527,10
13.04333973,80.27922058,55527,55537,10
13.04358959,80.27970123,55537,55547,10
13.04430962,80.27986145,55547,55557,10
13.04510021,80.27996826,55557,55567,10
13.04584026,80.2800827,55567,55577,10
13.04648972,80.28018188,55577,55587,10
13.04716969,80.28025818,55587,55597,10
13.04786968,80.28034973,55597,55608,11
13.04864025,80.2804718,55608,55618,10
13.04922962,80.28054047,55618,55628,10
13.04930019,80.28056335,55628,55638,10
13.04946041,80.28057861,55638,55648,10
13.04992962,80.28066254,55648,55658,10
13.05056953,80.28076172,55658,55668,10
13.05117989,80.28083038,55668,55678,10
13.05255985,80.28105927,55678,55688,10
13.05255985,80.28105927,55688,55698,10
13.05331993,80.28117371,55698,55709,11
13.05420971,80.28131866,55709,55719,10
13.05496979,80.28150177,55719,55729,10
13.05570984,80.2816391,55729,55739,10
13.0564003,80.28177643,55739,55761,22
13.0564003,80.28177643,55761,55772,11
13.05650997,80.28179169,55772,55782,10
13.05681992,80.28186035,55782,55793,11
13.05727005,80.2819519,55793,55803,10
13.05782032,80.28205872,55803,55813,10
13.05852032,80.28220367,55813,55823,10
13.0592804,80.28234863,55823,55833,10
13.06013012,80.28253174,55833,55843,10
13.06099033,80.28272247,55843,55853,10
13.06184959,80.28291321,55853,55863,10
13.06303024,80.28315735,55863,55884,21
13.06303024,80.28315735,55884,55894,10
13.06320953,80.28320313,55894,55904,10
13.06332016,80.28321838,55904,55914,10
13.06338978,80.2832489,55914,55924,10
13.06369972,80.28330231,55924,55934,10
13.06379032,80.28331757,55934,55944,10
13.0639801,80.28337097,55944,55954,10
13.0644598,80.28347778,55954,55964,10
13.06511021,80.28363037,55964,55975,11
13.06595993,80.28379059,55975,55985,10
13.06680012,80.28397369,55985,55995,10
13.0676403,80.28414154,55995,56005,10
13.06840038,80.28430176,56005,56015,10
13.06923962,80.28447723,56015,56025,10
13.07011986,80.28472137,56025,56035,10
13.07106018,80.28497314,56035,56045,10
13.07203007,80.28521729,56045,56055,10
13.0734396,80.28518677,56055,56076,21
13.0734396,80.28518677,56076,56086,10
13.07392025,80.28559875,56086,56106,20
13.07392025,80.28559875,56106,56116,10
13.07411957,80.28585815,56116,56126,10
13.07450962,80.28617096,56126,56136,10
13.07468987,80.28627014,56136,56146,10
13.07495975,80.28643799,56146,56156,10
13.07542038,80.28672791,56156,56167,11
13.07619953,80.28700256,56167,56177,10
13.07701015,80.28720856,56177,56187,10
13.07789993,80.28748322,56187,56197,10
13.07884026,80.28774261,56197,56207,10
13.07956982,80.28804016,56207,56217,10
13.07971001,80.28806305,56217,56227,10
13.0799799,80.28810883,56227,56237,10
13.08053017,80.28822327,56237,56247,10
13.08078003,80.28829193,56247,56258,11
13.0808897,80.28833771,56258,56268,10
13.08129978,80.28848267,56268,56278,10
13.08191013,80.28868866,56278,56288,10
13.08263969,80.28900909,56288,56298,10
13.08347034,80.28914642,56298,56308,10
13.08438015,80.28913879,56308,56318,10
13.08537006,80.28916931,56318,56328,10
13.08644009,80.28942108,56328,56338,10
13.08738995,80.28974915,56338,56349,11
13.08827019,80.29006958,56349,56359,10
13.08874989,80.29013824,56359,56399,40
13.08874989,80.29013824,56399,56409,10
13.08870029,80.2904129,56409,56419,10
13.08841991,80.29031372,56419,56429,10
13.08792019,80.29009247,56429,56440,11
13.08712959,80.28981018,56440,56450,10
13.08635998,80.2895813,56450,56460,10
13.08567047,80.28930664,56460,56470,10
13.08530045,80.2886734,56470,56480,10
13.0851202,80.28794098,56480,56490,10
13.08514023,80.287117,56490,56500,10
13.08520985,80.28614807,56500,56510,10
13.08530998,80.28511047,56510,56520,10
13.08522034,80.28430176,56520,56531,11
13.08528996,80.28397369,56531,56541,10
13.08541965,80.28363037,56541,56551,10
13.08568001,80.28352356,56551,56561,10
13.08611012,80.2835083,56561,56571,10
13.0864296,80.28369141,56571,56581,10
13.08673954,80.28366852,56581,56652,71
13.08673954,80.28366852,56652,56662,10
13.08693981,80.28359222,56662,56723,61
13.0873003,80.283638,56723,56814,91
13.08765984,80.28360748,56814,56905,91
13.08765984,80.28360748,56905,56915,10
13.08790016,80.28359985,56915,56945,30
13.08790016,80.28359985,56945,56955,10
13.08823013,80.28343964,56955,56965,10
13.0882597,80.28337097,56965,56975,10
13.08831024,80.28301239,56975,56986,11
13.08831978,80.28263855,56986,56996,10
13.08829021,80.28240204,56996,57006,10
13.08823967,80.28209686,57006,57016,10
13.08808041,80.2816391,57016,57026,10
13.08778,80.28141785,57026,57036,10
13.08757019,80.28134918,57036,57046,10
13.08736038,80.28130341,57046,57056,10
13.0869503,80.28118896,57056,57066,10
13.08652973,80.28106689,57066,57076,10
13.08592033,80.28088379,57076,57087,11
13.08565998,80.2804184,57087,57097,10
13.08549976,80.27979279,57097,57107,10
13.08491039,80.27934265,57107,57117,10
13.08409977,80.27919769,57117,57127,10
13.08335972,80.2789917,57127,57137,10
13.08261967,80.27866364,57137,57147,10
13.0820303,80.27838135,57147,57157,10
13.08191967,80.27787018,57157,57168,11
13.08180046,80.27716827,57168,57178,10
13.08168983,80.27658081,57178,57188,10
13.08160973,80.27604675,57188,57208,20
13.08160973,80.27604675,57208,57218,10
13.08158016,80.27590179,57218,57228,10
13.08152962,80.27558899,57228,57238,10
13.08141041,80.27523041,57238,57248,10
13.08106041,80.27523804,57248,57258,10
13.0805397,80.27526855,57258,57269,11
13.07997036,80.27532959,57269,57279,10
13.07933998,80.27529144,57279,57289,10
13.0785799,80.27520752,57289,57299,10
13.07810974,80.27603912,57299,57309,10
13.07717991,80.27625275,57309,57319,10
13.07594013,80.27629089,57319,57349,30
13.07594013,80.27629089,57349,57360,11
13.07608032,80.27597809,57360,57461,101
13.07618999,80.27587891,57461,57683,222
13.07616997,80.27596283,57683,57754,71
13.07614994,80.27597046,57754,57774,20
13.07614994,80.27597046,57774,57784,10
13.07616997,80.27597046,57784,57794,10
13.07619953,80.27593994,57794,57804,10
13.07602978,80.27584839,57804,57815,11
13.07588959,80.27622986,57815,57825,10
13.07584953,80.27644348,57825,57835,10
13.07584,80.27648163,57835,57845,10
13.07522011,80.27639771,57845,57855,10
13.07458973,80.27639771,57855,57865,10
13.07413006,80.27681732,57865,57875,10
13.07464027,80.27739716,57875,57885,10
13.07526016,80.2780838,57885,57895,10
13.07598972,80.27876282,57895,57906,11
13.07672024,80.2796402,57906,57916,10
13.07748032,80.28044128,57916,57926,10
13.07824039,80.28128052,57926,57936,10
13.07872009,80.28175354,57936,57946,10
13.07925987,80.28199768,57946,57956,10
13.08061981,80.28166199,57956,58047,91
13.08061981,80.28166199,58047,58057,10
13.08479977,80.28394318,58057,58068,11
13.08553028,80.28354645,58068,58078,10
13.08584023,80.2832489,58078,58148,70
13.08584023,80.2832489,58148,58158,10
13.08673,80.28388214,58158,58179,21
13.08668041,80.28385162,58179,65298,7119
13.08668041,80.28385162,65298,65308,10
13.02863979,80.25013733,65308,65318,10
13.02842999,80.25042725,65318,65329,11
13.02810955,80.2510376,65329,65339,10
13.02791023,80.25141907,65339,65349,10
13.02777958,80.25167847,65349,65359,10
13.02770042,80.25187683,65359,65369,10
13.02752018,80.25254059,65369,65379,10
13.02721977,80.25372314,65379,65501,122
13.02721977,80.25372314,65501,65511,10
13.02733994,80.2545166,65511,70022,4511
13.02733994,80.2545166,70022,70032,10
13.06159973,80.2828064,70032,70042,10
13.06128025,80.28299713,70042,70052,10
13.06093025,80.28288269,70052,70073,21
13.06093025,80.28288269,70073,70083,10
13.05887032,80.28231812,70083,70093,10
13.05834007,80.28234863,70093,70103,10
13.05720043,80.28202057,70103,70143,40
13.05720043,80.28202057,70143,70153,10
13.05576038,80.2816925,70153,70163,10
13.05465031,80.28183746,70163,70174,11
13.05319977,80.28183746,70174,70467,293
13.05319977,80.28183746,70467,70477,10
13.04335976,80.27513885,70477,70507,30
13.04335976,80.27513885,70507,70518,11
13.04339027,80.27490234,70518,70527,9
13.04364967,80.27330017,70527,70538,11
13.0437603,80.27274323,70538,70548,10
13.04384041,80.27216339,70548,70558,10
13.04389954,80.27185822,70558,70568,10
13.04399967,80.27174377,70568,70578,10
13.04401016,80.27146149,70578,70588,10
13.04426956,80.27072144,70588,70598,10
13.04452991,80.26991272,70598,70608,10
13.04463005,80.26902008,70608,70618,10
13.04463005,80.26847839,70618,70628,10
13.04461002,80.26850128,70628,70639,11
13.04438972,80.26831818,70639,70649,10
13.04409981,80.26834106,70649,70659,10
13.04351997,80.26838684,70659,70669,10
13.04286957,80.26834106,70669,70679,10
13.04209995,80.26831818,70679,70689,10
13.04148006,80.26837921,70689,70699,10
13.04121017,80.26837158,70699,70709,10
13.04115963,80.26837921,70709,70720,11
13.04090023,80.26838684,70720,70730,10
13.04074955,80.26828766,70730,70740,10
13.04045963,80.26815796,70740,70760,20
13.04045963,80.26815796,70760,70770,10
13.04014015,80.26805878,70770,70780,10
13.04010963,80.26805115,70780,70790,10
13.03989983,80.26795959,70790,70800,10
13.03969955,80.26789856,70800,70810,10
13.03950024,80.26786041,70810,70821,11
13.03901005,80.26773834,70821,70831,10
13.03851986,80.26738739,70831,71448,617
13.03851986,80.26738739,71448,71458,10
13.02702045,80.26158142,71458,71599,141
13.02702045,80.26158142,71599,71609,10
13.02686977,80.25546265,71609,71620,11
13.0269804,80.25508118,71620,71630,10
13.02696037,80.25485229,71630,71640,10
13.02713013,80.25447083,71640,71650,10
13.02707958,80.25406647,71650,71660,10
13.02707958,80.25344086,71660,71710,50
13.02707958,80.25344086,71710,71720,10
13.02723026,80.25325012,71720,71731,11
13.02727985,80.25247955,71731,71741,10
13.02762985,80.25169373,71741,71751,10
13.02805042,80.25099945,71751,71761,10
13.02855968,80.25003815,71761,71842,81
13.02855968,80.25003815,71842,71852,10
13.02906036,80.24967957,71852,71862,10
13.02894974,80.24923706,71862,71872,10
13.02898026,80.24910736,71872,71882,10
13.02908039,80.2490387,71882,71892,10
13.02912045,80.24868011,71892,71903,11
13.02917004,80.24816132,71903,71913,10
13.02917957,80.24806213,71913,71923,10
13.02937984,80.24694824,71923,71933,10
13.02929974,80.24620819,71933,71953,20
13.02925014,80.24616241,71953,71973,20
13.02925014,80.24616241,71973,71984,11
13.02939987,80.24614716,71984,71993,9
13.02939987,80.24598694,71993,72003,10
13.02923012,80.24584961,72003,72014,11
13.02859974,80.24578857,72014,72024,10
13.02799988,80.24565887,72024,72034,10
13.02756977,80.24530792,72034,72044,10
13.02740002,80.24465179,72044,72054,10
13.0272398,80.24395752,72054,72064,10
13.02597046,80.24382782,72064,72074,10
13.0250597,80.24358368,72074,72085,11
13.02390003,80.24310303,72085,72095,10
13.0230999,80.24284363,72095,72105,10
13.02239037,80.24260712,72105,72115,10
13.02134037,80.24227905,72115,72145,30
13.02134037,80.24227905,72145,72155,10
13.02093983,80.24214172,72155,72165,10
13.02005005,80.24182892,72165,72175,10
13.01949978,80.24172211,72175,72185,10
13.01889992,80.24150848,72185,72206,21
13.01889992,80.24150848,72206,72216,10
13.01846027,80.24134064,72216,72226,10
13.01797962,80.24124146,72226,72246,20
13.01797962,80.24124146,72246,72256,10
13.01708984,80.24093628,72256,72266,10
13.01622963,80.2408371,72266,72276,10
13.01570988,80.24073792,72276,72287,11
13.01531982,80.2406311,72287,72297,10
13.01471043,80.2405777,72297,72307,10
13.01393032,80.24050903,72307,72317,10
13.01309013,80.24053192,72317,72327,10
13.01220989,80.24060059,72327,72337,10
13.01185989,80.24063873,72337,72347,10
13.00981998,80.24056244,72347,72357,10
13.00895023,80.24053192,72357,72368,11
13.00806046,80.24056244,72368,72378,10
13.00693989,80.24046326,72378,72388,10
13.00617981,80.24047852,72388,72398,10
13.0068903,80.23924255,72398,72408,10
13.00706005,80.23851013,72408,72418,10
13.0072403,80.23769379,72418,72428,10
13.00739002,80.23680115,72428,72458,30
13.00739002,80.23680115,72458,72469,11
13.00749016,80.23634338,72469,72479,10
13.00761032,80.2358017,72479,72489,10
13.00769043,80.23531342,72489,72499,10
13.00776005,80.23499298,72499,72509,10
13.00786018,80.23445892,72509,72519,10
13.00804043,80.23370361,72519,72529,10
13.00825977,80.23265076,72529,72540,11
13.00858974,80.23101044,72540,72630,90
13.00858974,80.23101044,72630,72641,11
13.01117992,80.22438049,72641,72651,10
13.01136971,80.22399902,72651,72711,60
13.01136971,80.22399902,72711,72721,10
13.01169968,80.22084045,72721,72752,31
13.01169968,80.22084045,72752,72762,10
13.01101971,80.21795654,72762,72772,10
13.01072025,80.2171936,72772,72782,10
13.01039982,80.21645355,72782,72792,10
13.01004982,80.21585083,72792,72802,10
13.00961971,80.21481323,72802,72833,31
13.00961971,80.21481323,72833,72843,10
13.00920963,80.21459961,72843,72853,10
13.00881958,80.21405792,72853,72863,10
13.00844002,80.21354675,72863,72914,51
13.00844002,80.21354675,72914,72924,10
13.0081501,80.21341705,72924,72934,10
13.00804996,80.21334076,72934,72944,10
13.00786972,80.21324921,72944,72954,10
13.00784016,80.21322632,72954,72964,10
13.00769997,80.21309662,72964,72974,10
13.00743008,80.21295166,72974,72984,10
13.00706959,80.21286011,72984,72994,10
13.00654984,80.21282196,72994,73004,10
13.00592041,80.21305847,73004,73015,11
13.00520992,80.21276093,73015,73025,10
13.00454998,80.21235657,73025,73035,10
13.00376034,80.21212006,73035,73045,10
13.00364017,80.21183014,73045,73055,10
13.00362968,80.21125031,73055,73065,10
13.00354958,80.21016693,73065,73126,61
13.00526047,80.20921326,73126,73156,30
13.00656033,80.20968628,73156,73298,142
13.00656033,80.20968628,73298,73308,10
13.00749016,80.20491791,73308,73318,10
13.0074501,80.20427704,73318,73328,10
13.00726986,80.20307159,73328,73409,81
13.00726986,80.20307159,73409,73419,10
13.01278019,80.20407867,73419,73429,10
13.01399994,80.20430756,73429,75574,2145
13.01399994,80.20430756,75574,75584,10
13.01076984,80.24037933,75584,75614,30
13.01076984,80.24037933,75614,75624,10
13.01303005,80.24040222,75624,75634,10
13.0138998,80.24037933,75634,75644,10
13.0149498,80.24031067,75644,75776,132
13.02130985,80.24140167,75776,75816,40
13.02130985,80.24140167,75816,75826,10
13.02431965,80.24313354,75826,75836,10
13.02493,80.24336243,75836,75846,10
13.02565002,80.24362946,75846,75857,11
13.02643967,80.243927,75857,75867,10
13.02762032,80.24443054,75867,77720,1853
13.02762032,80.24443054,77720,77730,10
13.06457043,80.28353882,77730,77740,10
13.06517982,80.28369904,77740,77750,10
13.06602001,80.28386688,77750,77761,11
13.06692028,80.28408051,77761,77771,10
13.06777,80.28427887,77771,77781,10
13.06847954,80.28430939,77781,77791,10
13.06991959,80.28468323,77791,77902,111
13.06991959,80.28468323,77902,77912,10
13.07367992,80.28526306,77912,77922,10
13.07419014,80.28600311,77922,77953,31
13.07419014,80.28600311,77953,77963,10
13.07456017,80.28627014,77963,77973,10
13.07503033,80.28656769,77973,77983,10
13.07551956,80.28695679,77983,77993,10
13.07653999,80.28716278,77993,78003,10
13.07814026,80.28762054,78003,78104,101
13.07814026,80.28762054,78104,78113,9
13.08349037,80.28929901,78113,78125,12
13.08467007,80.28926086,78125,78135,10
13.08551025,80.28936005,78135,78145,10
13.08646011,80.28941345,78145,78155,10
13.08726025,80.28965759,78155,78165,10
13.08837986,80.28984833,78165,78357,192
13.08837986,80.28984833,78357,78367,10
13.08522987,80.28588104,78367,78377,10
13.08532047,80.2849884,78377,78387,10
13.08528042,80.28427124,78387,78397,10
13.08537006,80.28385925,78397,78408,11
13.08543015,80.28357697,78408,78418,10
13.08563995,80.28347778,78418,78428,10
13.08637047,80.28343201,78428,78479,51
13.08637047,80.28343201,78479,78488,9
13.08648968,80.28383636,78488,78499,11
13.08648968,80.28385925,78499,78509,10
13.08660984,80.28373718,78509,78529,20
13.08660984,80.28373718,78529,78539,10
13.08697987,80.28372955,78539,78549,10
13.08722973,80.28373718,78549,78559,10
13.08761978,80.28369904,78559,78792,233
13.08761978,80.28369904,78792,78802,10
13.08691025,80.28135681,78802,78812,10
13.08613968,80.28109741,78812,79186,374
13.08613968,80.28109741,79186,79196,10
13.08139992,80.27533722,79196,79206,10
13.08098984,80.2752533,79206,79216,10
13.08041954,80.27536011,79216,79226,10
13.07985973,80.27545166,79226,79237,11
13.07923031,80.2754364,79237,79247,10
13.07859993,80.2752533,79247,79257,10
13.07820988,80.27568054,79257,79267,10
13.07793999,80.27619934,79267,79732,465
13.05788994,80.2651825,79732,80035,303
13.05788994,80.2651825,80035,80045,10
13.04633999,80.26651001,80045,80055,10
13.04572964,80.26663208,80055,80066,11
13.04510021,80.26672363,80066,80075,9
13.04461002,80.26679993,80075,80086,11
13.0440197,80.26712799,80086,80096,10
13.04349995,80.26748657,80096,80106,10
13.04310036,80.26772308,80106,80116,10
13.04216003,80.2681427,80116,80126,10
13.04216003,80.2681427,80126,80136,10
13.04156017,80.26812744,80136,80146,10
13.0411396,80.26821899,80146,80157,11
13.04086018,80.2682724,80157,80167,10
13.04073048,80.26821899,80167,80177,10
13.04037952,80.2681427,80177,80190,13
13.0398798,80.26793671,80190,80200,10
13.03921032,80.26773071,80200,80210,10
13.03837967,80.2677002,80210,80220,10
13.03769016,80.2677002,80220,80231,11
13.03680992,80.26760864,80231,80262,31
13.03680992,80.26760864,80262,80272,10
13.03686047,80.26761627,80272,80282,10
13.0363102,80.26776123,80282,80292,10
13.03571033,80.26785278,80292,80302,10
13.0350399,80.26786041,80302,80312,10
13.03448963,80.26802826,80312,80323,11
13.03415966,80.26799774,80323,80332,9
13.03392982,80.26811981,80332,80343,11
13.03332043,80.26782227,80343,80353,10
13.03265953,80.26772308,80353,80363,10
13.03209972,80.26748657,80363,80373,10
13.03157997,80.26709747,80373,80383,10
13.03102016,80.26676941,80383,81073,690
13.04174042,80.26480865,81073,81721,648
13.04174042,80.26480865,81721,81731,10
13.0590601,80.26074982,81731,81741,10
13.05972004,80.26077271,81741,82347,606
13.07983017,80.2753067,82347,82368,21
