12.99824047,80.25659943,14,113,99
12.99825001,80.25643158,113,206,93
12.99831009,80.25656128,206,913,707
12.9982996,80.2564621,913,1035,122
12.99841976,80.2562027,1035,1147,112
12.99827957,80.25656128,1147,1255,108
12.99845028,80.25623322,1255,1371,116
12.99845028,80.25623322,1371,1388,17
12.9982996,80.25653839,1388,1479,91
12.9982996,80.25653839,1479,1517,38
12.99831963,80.25646973,1517,1569,52
12.99831963,80.25646973,1569,1579,10
12.99825954,80.2564621,1579,18056,16477
12.99825954,80.2564621,18056,18066,10
12.99825001,80.25650787,18066,18075,9
12.99835968,80.25656891,18075,18086,11
12.9983902,80.25652313,18086,18096,10
12.99829006,80.25662231,18096,18106,10
12.99831009,80.25656891,18106,18116,10
12.99831009,80.25655365,18116,18156,40
12.99831009,80.25655365,18156,18167,11
12.99829006,80.25657654,18167,18207,40
12.99829006,80.25657654,18207,18217,10
12.99829006,80.25656891,18217,18227,10
12.9982996,80.25656128,18227,18237,10
12.99827957,80.25656128,18237,18247,10
12.99827957,80.25657654,18247,18257,10
12.99825954,80.25662231,18257,18268,11
12.99827957,80.25656891,18268,18288,20
12.99827957,80.25656891,18288,18298,10
12.99827003,80.25656891,18298,18308,10
12.99825001,80.2565918,18308,18318,10
12.99824047,80.25659943,18318,18328,10
12.99825001,80.25657654,18328,18338,10
12.99825954,80.25655365,18338,18348,10
12.99825954,80.25656128,18348,18610,262
12.99853039,80.25656128,18610,18648,38
12.99853039,80.25656128,18648,18658,10
12.99857044,80.25663757,18658,18668,10
12.99855995,80.25663757,18668,18678,10
12.99845028,80.25691986,18678,18689,11
12.99825954,80.25704956,18689,18699,10
12.99750996,80.2569809,18699,18875,176
12.99750996,80.2569809,18875,18885,10
12.99709034,80.25689697,18885,18906,21
12.99697971,80.25697327,18906,18946,40
12.99701023,80.25694275,18946,19057,111
12.99701977,80.25701904,19057,19087,30
12.99695969,80.25691223,19087,19269,182
12.99695969,80.25691223,19269,19279,10
12.99738026,80.25701904,19279,19298,19
12.99738026,80.25701904,19298,19309,11
12.99765968,80.2569809,19309,19319,10
12.99769974,80.25665283,19319,19330,11
12.99771976,80.25618744,19330,19360,30
12.99763966,80.25595856,19360,19612,252
12.99744987,80.25583649,19612,19794,182
12.99744987,80.25583649,19794,19804,10
12.99748993,80.25598145,19804,19834,30
12.99757957,80.25605774,19834,19854,20
12.9974699,80.2559967,19854,20087,233
12.9974699,80.2559967,20087,20097,10
12.99740028,80.25583649,20097,20127,30
12.99748039,80.25595093,20127,20167,40
12.99754047,80.2559433,20167,20208,41
12.99754047,80.2559433,20208,20218,10
12.99738026,80.25601959,20218,20258,40
12.99738026,80.25601959,20258,20268,10
12.99748039,80.25595093,20268,20450,182
12.99748039,80.25595093,20450,20460,10
12.99761009,80.25592041,20460,20904,444
12.99761009,80.25592041,20904,20914,10
12.99720955,80.25588989,20914,20924,10
12.9968996,80.25588989,20924,20935,11
12.99635029,80.25589752,20935,20945,10
12.99563026,80.25589752,20945,20955,10
12.9951601,80.25585938,20955,20965,10
12.99454021,80.25591278,20965,20975,10
12.99384022,80.25598907,20975,20985,10
12.99283981,80.25605774,20985,20995,10
12.99170971,80.25608063,20995,21005,10
12.99087048,80.25604248,21005,21015,10
12.98972034,80.2559967,21015,21025,10
12.9885397,80.25588989,21025,21036,11
12.98771954,80.25579071,21036,21046,10
12.98729992,80.25569153,21046,21056,10
12.98641968,80.25553131,21056,21064,8
12.98587036,80.25546265,21064,21076,12
12.98509026,80.25525665,21076,21083,7
12.98435974,80.25505829,21083,21085,2
12.98416996,80.25498962,21085,21135,50
12.98069,80.25280762,21135,21146,11
12.97976971,80.25276947,21146,21156,10
12.9786396,80.25260162,21156,21166,10
12.97776985,80.25200653,21166,21176,10
12.97688961,80.25140381,21176,21186,10
12.97568035,80.25102234,21186,21196,10
12.97437,80.25061035,21196,21206,10
12.97303009,80.25022888,21206,21216,10
12.97157955,80.24987793,21216,21226,10
12.97012043,80.24944305,21226,21236,10
12.96903992,80.24897766,21236,21246,10
12.96769047,80.24846649,21246,21256,10
12.96611023,80.2477417,21256,21267,11
12.96522999,80.24739838,21267,21287,20
12.96522999,80.24739838,21287,21297,10
12.96510029,80.24733734,21297,21307,10
12.96483994,80.24725342,21307,21317,10
12.96440983,80.24707031,21317,21326,9
12.96399975,80.2469101,21326,21336,10
12.96345043,80.24667358,21336,21347,11
12.96228027,80.24616241,21347,21357,10
12.96102047,80.24555969,21357,21367,10
12.95979977,80.24500275,21367,21378,11
12.95878029,80.24452972,21378,21388,10
12.9579401,80.24417877,21388,21396,8
12.95748997,80.24404907,21396,21408,12
12.95658016,80.24384308,21408,21418,10
12.95637989,80.24376678,21418,21428,10
12.95635033,80.24369812,21428,21438,10
12.95602989,80.24344635,21438,21448,10
12.95518017,80.24308014,21448,21458,10
12.95436001,80.24272156,21458,21468,10
12.95337963,80.24233246,21468,21479,11
12.9520998,80.24182129,21479,21489,10
12.95088959,80.24141693,21489,21499,10
12.95003033,80.24117279,21499,21507,8
12.94941044,80.24098969,21507,21520,13
12.94816017,80.240448,21520,21530,10
12.94694042,80.2399292,21530,21540,10
12.94567013,80.2394104,21540,21550,10
12.9447298,80.23867035,21550,21560,10
12.9439497,80.23783875,21560,21570,10
12.9432497,80.23706818,21570,21580,10
12.94229984,80.23648071,21580,21591,11
12.94102955,80.23616028,21591,21614,23
12.93937016,80.23567963,21614,21626,12
12.93873978,80.2353363,21626,21636,10
12.93787956,80.2348938,21636,21644,8
12.9370203,80.23445129,21644,21656,12
12.93589973,80.23390961,21656,21666,10
12.93504047,80.23349762,21666,21676,10
12.93389988,80.23297882,21676,21686,10
12.9328804,80.23251343,21686,21696,10
12.93173981,80.2321167,21696,21707,11
12.93045998,80.23171234,21707,21717,10
12.92926979,80.23140717,21717,21727,10
12.92813015,80.23121643,21727,21737,10
12.92693043,80.23105621,21737,21746,9
12.92582035,80.23094177,21746,21756,10
12.92446995,80.23079681,21756,21766,10
12.9232502,80.23065948,21766,21777,11
12.92160988,80.23040771,21777,21786,9
12.92031956,80.23023987,21786,21797,11
12.91893959,80.23005676,21797,21807,10
12.91767979,80.22989655,21807,21818,11
12.9161396,80.22968292,21818,21828,10
12.91473007,80.22949219,21828,21838,10
12.91337967,80.22928619,21838,21848,10
12.91205025,80.22910309,21848,21858,10
12.91065979,80.22888947,21858,21868,10
12.90921974,80.22866821,21868,21878,10
12.90793991,80.22846222,21878,21888,10
12.90674019,80.22831726,21888,21898,10
12.90583992,80.22821808,21898,21908,10
12.90470982,80.22815704,21908,21918,10
12.90334034,80.22810364,21918,21929,11
12.90213966,80.22801971,21929,21939,10
12.90104961,80.22795868,21939,21949,10
12.90017986,80.22792816,21949,21959,10
12.89947033,80.22789764,21959,21969,10
12.89937019,80.22789001,21969,21979,10
12.89877987,80.22788239,21979,21989,10
12.89787006,80.22779846,21989,21999,10
12.89667034,80.22772217,21999,22009,10
12.89531994,80.22769165,22009,22019,10
12.89391041,80.22760773,22019,22029,10
12.89288044,80.22747803,22029,22040,11
12.89159966,80.22737122,22040,22050,10
12.89029026,80.22736359,22050,22060,10
12.88887978,80.22737122,22060,22070,10
12.88774967,80.22728729,22070,22080,10
12.88714027,80.227211,22080,22090,10
12.88623047,80.22702789,22090,22100,10
12.8851099,80.22679138,22100,22110,10
12.88403988,80.22670746,22110,22120,10
12.88271999,80.22669983,22120,22130,10
12.88136959,80.22670746,22130,22140,10
12.87994003,80.22672272,22140,22151,11
12.87829971,80.22679901,22151,22161,10
12.87691021,80.22692108,22161,22171,10
12.87639046,80.22688293,22171,22181,10
12.87637997,80.22682953,22181,22191,10
12.87639046,80.22653198,22191,22201,10
12.87646961,80.22582245,22201,22211,10
12.87654972,80.22477722,22211,22221,10
12.87677956,80.22353363,22221,22231,10
12.87714005,80.22212219,22231,22248,17
12.87773991,80.2196579,22248,22260,12
12.87814045,80.2179184,22260,22271,11
12.8784399,80.21633148,22271,22281,10
12.87878036,80.21491241,22281,22291,10
12.87905979,80.21360779,22291,22301,10
12.87926006,80.21251678,22301,22310,9
12.87940979,80.21157074,22310,22321,11
12.87911987,80.21090698,22321,22331,10
12.87862015,80.21086121,22331,22341,10
12.87784958,80.21073151,22341,22351,10
12.87685013,80.21053314,22351,22361,10
12.87574005,80.21032715,22361,22372,11
12.87502003,80.21022034,22372,22382,10
12.87448025,80.21012115,22382,22392,10
12.87434006,80.21002197,22392,22402,10
12.87444019,80.20960236,22402,22412,10
12.87477016,80.20977783,22412,22432,20
12.87477016,80.20977783,22432,22442,10
12.87471962,80.20990753,22442,22452,10
12.87475967,80.21018219,22452,22462,10
12.87483978,80.21019745,22462,22472,10
12.87500954,80.21018982,22472,22482,10
12.87563992,80.210289,22482,22493,11
12.87639046,80.21050262,22493,22503,10
12.87738991,80.21064758,22503,22513,10
12.87841034,80.21083832,22513,22523,10
12.87909985,80.21096802,22523,22533,10
12.87952042,80.21112061,22533,22543,10
12.87946987,80.21170807,22543,22553,10
12.87928963,80.2126236,22553,22563,10
12.87903976,80.21383667,22563,22573,10
12.87876034,80.21518707,22573,22583,10
12.87847042,80.21656036,22583,22593,10
12.87819958,80.2179184,22593,22604,11
12.87788963,80.21935272,22604,22614,10
12.87759972,80.22068024,22614,22624,10
12.87728024,80.22203827,22624,22634,10
12.87693977,80.22345734,22634,22644,10
12.8767004,80.224823,22644,22654,10
12.87658024,80.22598267,22654,22664,10
12.8764801,80.22653961,22664,22674,10
12.87644958,80.22675323,22674,22684,10
12.8764801,80.22679138,22684,22694,10
12.87660027,80.22691345,22694,22704,10
12.87699986,80.22683716,22704,22715,11
12.87798023,80.22676086,22715,22725,10
12.8792696,80.22672272,22725,22735,10
12.88066006,80.22670746,22735,22745,10
12.8821497,80.2266922,22745,22755,10
12.88364983,80.22664642,22755,22765,10
12.88498974,80.22663116,22765,22775,10
12.88582039,80.22676086,22775,22785,10
12.88687992,80.22704315,22785,22795,10
12.88798046,80.22727203,22795,22805,10
12.88903999,80.2273407,22805,22815,10
12.89027023,80.22731781,22815,22825,10
12.89148998,80.22730255,22825,22842,17
12.89338017,80.22743225,22842,22854,12
12.89468002,80.22753906,22854,22864,10
12.89476013,80.22754669,22864,22872,8
12.89523029,80.22759247,22872,22884,12
12.8962698,80.22762299,22884,22894,10
12.89750004,80.22769165,22894,22904,10
12.89898014,80.22775269,22904,22914,10
12.90011978,80.22779846,22914,22924,10
12.90077972,80.22782135,22924,22934,10
12.90112972,80.22786713,22934,22945,11
12.90157032,80.22788239,22945,22954,9
12.90213013,80.22788239,22954,22965,11
12.90318012,80.22794342,22965,22974,9
12.90433025,80.2280426,22974,22985,11
12.90573978,80.22814178,22985,22994,9
12.90711021,80.22820282,22994,23005,11
12.90849972,80.22841644,23005,23015,10
12.91014004,80.22869873,23015,23024,9
12.91147041,80.22891998,23024,23035,11
12.91292953,80.22913361,23035,23045,10
12.91419983,80.22930908,23045,23056,11
12.9155302,80.22953033,23056,23066,10
12.9168396,80.22969818,23066,23076,10
12.91823006,80.22988892,23076,23086,10
12.91959,80.23007965,23086,23096,10
12.92099953,80.23023224,23096,23106,10
12.92245007,80.2304306,23106,23116,10
12.92391968,80.23065948,23116,23126,10
12.92541027,80.23084259,23126,23136,10
12.92693043,80.23104095,23136,23152,16
12.92926979,80.23136902,23152,23164,12
12.93101025,80.23179626,23164,23175,11
12.93241978,80.23222351,23175,23185,10
12.93338966,80.23255157,23185,23195,10
12.93373013,80.23271942,23195,23205,10
12.93377972,80.23269653,23205,23215,10
12.93408966,80.23284149,23215,23225,10
12.93500996,80.23329163,23225,23235,10
12.93599033,80.2337265,23235,23245,10
12.93712997,80.23429871,23245,23255,10
12.93838024,80.23490906,23255,23265,10
12.93964005,80.23555756,23265,23276,11
12.94254971,80.23642731,23276,23286,10
12.94254971,80.23642731,23286,23296,10
12.94371986,80.23725891,23296,23306,10
12.9447298,80.23844147,23306,23316,10
12.94583988,80.23937988,23316,23326,10
12.94699001,80.23983002,23326,23336,10
12.9473896,80.2399826,23336,23346,10
12.94764042,80.24006653,23346,23357,11
12.94839954,80.24037933,23357,23367,10
12.94935989,80.24079132,23367,23377,10
12.95057011,80.24115753,23377,23387,10
12.95129013,80.24133301,23387,23398,11
12.95153046,80.24141693,23398,23407,9
12.9520998,80.24166107,23407,23417,10
12.95300007,80.24201202,23417,23428,11
12.95425987,80.24250031,23428,23437,9
12.95510006,80.24282074,23437,23448,11
12.95592022,80.24308014,23448,23458,10
12.95662975,80.24333191,23458,23468,10
12.95705032,80.24355316,23468,23478,10
12.95779991,80.24391937,23478,23488,10
12.95860958,80.24429321,23488,23498,10
12.95901966,80.24443817,23498,23509,11
12.95940018,80.24461365,23509,23519,10
12.96014023,80.24497223,23519,23529,10
12.96115017,80.24546051,23529,23539,10
12.96234035,80.24603271,23539,23549,10
12.96341038,80.24655914,23549,23559,10
12.96426964,80.24691772,23559,23569,10
12.96522045,80.24723816,23569,23579,10
12.96615982,80.24755859,23579,23589,10
12.96642017,80.24764252,23589,23599,10
12.96660042,80.24778748,23599,23609,10
12.96722031,80.24806976,23609,23620,11
12.96831036,80.24849701,23620,23630,10
12.96953011,80.24900818,23630,23640,10
12.97084045,80.24954987,23640,23650,10
12.97222996,80.24993896,23650,23660,10
12.97364044,80.25032043,23660,23670,10
12.97445011,80.25048065,23670,23686,16
12.97504044,80.25066376,23686,23698,12
12.97612953,80.25100708,23698,23708,10
12.97708988,80.251297,23708,23718,10
12.97834969,80.25224304,23718,23728,10
12.97943974,80.25258636,23728,23739,11
12.9800396,80.25235748,23739,23749,10
12.97996998,80.25224304,23749,23759,10
12.9800396,80.25183868,23759,23769,10
12.9802599,80.251091,23769,23778,9
12.98048973,80.25022125,23778,23789,11
12.98068047,80.24936676,23789,23799,10
12.98077011,80.24877167,23799,23808,9
12.98083973,80.24781799,23808,23819,11
12.98089981,80.24662018,23819,23829,10
12.98104,80.24537659,23829,23839,10
12.98120975,80.24395752,23839,23850,11
12.98130989,80.24356842,23850,23860,10
12.98134995,80.24308014,23860,23870,10
12.98139,80.24239349,23870,23880,10
12.98136997,80.24169159,23880,23890,10
12.98136997,80.24078369,23890,23900,10
12.98132992,80.23983765,23900,23910,10
12.98132038,80.23905945,23910,23920,10
12.98134041,80.2385025,23920,23930,10
12.98128986,80.23831177,23930,23940,10
12.98128986,80.23800659,23940,23950,10
12.98128033,80.23789978,23950,23961,11
12.9812603,80.23728943,23961,23971,10
12.9812603,80.23638153,23971,23981,10
12.98122025,80.23552704,23981,23991,10
12.98122025,80.23457336,23991,24001,10
12.98143005,80.23381042,24001,24011,10
12.98171997,80.23327637,24011,24021,10
12.98180008,80.23301697,24021,24031,10
12.98196983,80.23258972,24031,24041,10
12.98200989,80.23213959,24041,24051,10
12.98198986,80.23161316,24051,24061,10
12.98192978,80.23114014,24061,24072,11
12.98161983,80.23049927,24072,24082,10
12.98114014,80.22978973,24082,24092,10
12.98077011,80.22914886,24092,24102,10
12.98064041,80.2289505,24102,24112,10
12.98048019,80.22878265,24112,24122,10
12.98023987,80.22825623,24122,24132,10
12.97992992,80.2276535,24132,24142,10
12.97974014,80.22736359,24142,24152,10
12.97947979,80.22699738,24152,24162,10
12.97910976,80.22634888,24162,24172,10
12.97859955,80.22556305,24172,24183,11
12.97819996,80.22486115,24183,24193,10
12.97787952,80.22445679,24193,24203,10
12.97756004,80.22393799,24203,24213,10
12.97714996,80.22325134,24213,24223,10
12.97698021,80.22283936,24223,24233,10
12.97698975,80.22279358,24233,24243,10
12.97735023,80.22271729,24243,24253,10
12.97770977,80.22232819,24253,24263,10
12.97747993,80.22174835,24263,24273,10
12.97745991,80.22131348,24273,24283,10
12.9777298,80.22119141,24283,24294,11
12.97819042,80.221138,24294,24304,10
12.9790802,80.22110748,24304,24314,10
12.98001957,80.22104645,24314,24324,10
12.98089981,80.22102356,24324,24334,10
12.98126984,80.22109222,24334,24344,10
12.98176003,80.22135162,24344,24354,10
12.98223972,80.22173309,24354,24364,10
12.98272991,80.22189331,24364,24374,10
12.9830904,80.22199249,24374,24384,10
12.98338985,80.22219849,24384,24394,10
12.98381042,80.22250366,24394,24405,11
12.98462963,80.22296906,24405,24415,10
12.98538971,80.22325897,24415,24425,10
12.98569965,80.22306061,24425,24435,10
12.98641968,80.22297668,24435,24445,10
12.98713017,80.22303772,24445,24455,10
12.98777008,80.22303772,24455,24465,10
12.98832035,80.22264862,24465,24475,10
12.98888969,80.22212982,24475,24485,10
12.98915958,80.22164154,24485,24495,10
12.98970032,80.22099304,24495,24505,10
12.99036026,80.22044373,24505,24515,10
12.99067974,80.22026825,24515,24526,11
12.9910202,80.21997833,24526,24536,10
12.99153996,80.2195816,24536,24546,10
12.99227047,80.21906281,24546,24556,10
12.99302959,80.21845245,24556,24566,10
12.9939003,80.21782684,24566,24576,10
12.99452019,80.21737671,24576,24586,10
12.99528027,80.21684265,24586,24596,10
12.99619007,80.21656036,24596,24606,10
12.99699974,80.21645355,24606,24616,10
12.99752998,80.21617889,24616,24626,10
12.99771976,80.21607208,24626,24637,11
12.99810028,80.21563721,24637,24647,10
12.99866009,80.2151413,24647,24657,10
12.9990797,80.21476746,24657,24667,10
12.99938965,80.21450043,24667,24677,10
12.99983025,80.21411896,24677,24687,10
13.00039959,80.21365356,24687,24696,9
13.00088024,80.21318817,24696,24706,10
13.00129032,80.21276093,24706,24717,11
13.00203037,80.21231079,24717,24727,10
13.00277996,80.21209717,24727,24737,10
13.00352001,80.21202087,24737,24748,11
13.00372982,80.21144104,24748,24758,10
13.00364017,80.21060944,24758,24768,10
13.00354004,80.20982361,24768,24778,10
13.0036602,80.20893097,24778,24787,9
13.00419998,80.20867157,24787,24797,10
13.0051899,80.20912933,24797,24808,11
13.00642967,80.20957184,24808,24818,10
13.0072403,80.20977783,24818,24828,10
13.00734997,80.20976257,24828,24838,10
13.00739956,80.20980072,24838,24848,10
13.00774002,80.20986176,24848,24859,11
13.00823021,80.20986176,24859,24869,10
13.00815964,80.20957184,24869,24879,10
13.00794029,80.20864105,24879,24889,10
13.00771046,80.20748901,24889,24899,10
13.00751972,80.20639038,24899,24909,10
13.00743961,80.20529175,24909,24919,10
13.00749969,80.20413971,24919,24929,10
13.00739002,80.20319366,24929,24939,10
13.00683022,80.2024765,24939,24949,10
13.00667,80.20329285,24949,24959,10
13.00732994,80.20362091,24959,24970,11
13.00831032,80.2036972,24970,24980,10
13.00938988,80.20359802,24980,24990,10
13.01060963,80.20358276,24990,25000,10
13.01181984,80.20372009,25000,25010,10
13.01292992,80.20397186,25010,25020,10
13.01369953,80.20423889,25020,25030,10
13.01371002,80.20429993,25030,25046,16
13.01379967,80.20455933,25046,25058,12
13.0135603,80.2052002,25058,25067,9
13.01331997,80.20597839,25067,25078,11
13.01317024,80.20703125,25078,25089,11
13.01299953,80.20774078,25089,25099,10
13.01296997,80.20800781,25099,25109,10
13.01296997,80.20838165,25109,25119,10
13.01305962,80.20861053,25119,25129,10
13.01329994,80.20899963,25129,25139,10
13.01338005,80.2095871,25139,25148,9
13.01327991,80.21011353,25148,25158,10
13.0131197,80.21085358,25158,25169,11
13.01268005,80.21164703,25169,25179,10
13.01224995,80.21237946,25179,25189,10
13.01194954,80.21276093,25189,25200,11
13.01171017,80.21270752,25200,25210,10
13.01113987,80.21251678,25210,25220,10
13.01056957,80.21205902,25220,25230,10
13.01051998,80.21199799,25230,25240,10
13.01035976,80.21182251,25240,25250,10
13.01019955,80.21176147,25250,25260,10
13.01004028,80.2115097,25260,25290,30
13.00994015,80.21138,25290,25331,41
13.00971031,80.21130371,25331,25351,20
13.00951004,80.21121216,25351,25401,50
13.00951004,80.21121216,25401,25411,10
13.00944996,80.21096039,25411,25462,51
13.00946999,80.21070862,25462,25533,71
13.00944042,80.21112823,25533,25633,100
13.00942993,80.21105957,25633,25694,61
13.00942993,80.21105957,25694,25704,10
13.00944996,80.2111969,25704,25734,30
13.00938988,80.21092224,25734,25754,20
13.00938988,80.21092224,25754,25765,11
13.00951958,80.21131134,25765,25775,10
13.00953007,80.21125031,25775,25785,10
13.00946045,80.21109009,25785,25795,10
13.00940037,80.21118164,25795,25835,40
13.00940037,80.21118164,25835,25845,10
13.00942039,80.21082306,25845,25886,41
13.00942039,80.21082306,25886,25896,10
13.00940037,80.2109375,25896,25906,10
13.00940037,80.21092224,25906,25976,70
13.00940037,80.21092224,25976,25987,11
13.00936031,80.21086884,25987,26017,30
13.0095396,80.21103668,26017,26067,50
13.0095396,80.21103668,26067,26077,10
13.00938988,80.21102905,26077,26138,61
13.00938988,80.21095276,26138,26219,81
13.00938988,80.21095276,26219,26229,10
13.00916004,80.21135712,26229,26249,20
13.00916004,80.21135712,26249,26259,10
13.00903988,80.21151733,26259,26269,10
13.00909042,80.21172333,26269,26279,10
13.00922012,80.21212006,26279,26289,10
13.00938034,80.21266174,26289,26299,10
13.00967979,80.21334076,26299,26309,10
13.01000023,80.21411896,26309,26320,11
13.0102396,80.21497345,26320,26330,10
13.01033974,80.21588135,26330,26340,10
13.01070023,80.21674347,26340,26350,10
13.01111031,80.21748352,26350,26360,10
13.01152039,80.21833801,26360,26370,10
13.01191044,80.2193222,26370,26380,10
13.01216984,80.22039032,26380,26390,10
13.01253033,80.22132111,26390,26400,10
13.01296043,80.2219696,26400,26409,9
13.01338005,80.22254181,26409,26419,10
13.01383018,80.22315216,26419,26431,12
13.01414967,80.22390747,26431,26441,10
13.01461983,80.22463989,26441,26451,10
13.01531029,80.22514343,26451,26461,10
13.01543999,80.22551727,26461,26471,10
13.01521969,80.2258606,26471,26481,10
13.01486969,80.22599792,26481,26491,10
13.01432037,80.22614288,26491,26501,10
13.01362038,80.22647095,26501,26511,10
13.01301956,80.22653961,26511,26521,10
13.01222992,80.22688293,26521,26531,10
13.01136971,80.22725677,26531,26542,11
13.01008987,80.22770691,26542,26552,10
13.00942039,80.22769928,26552,26562,10
13.00984001,80.22693634,26562,26572,10
13.01021004,80.22615051,26572,26582,10
13.01056957,80.22516632,26582,26592,10
13.01082039,80.22437286,26592,26602,10
13.0111599,80.22355652,26602,26612,10
13.01103973,80.22312927,26612,26622,10
13.01043034,80.22277832,26622,26632,10
13.01027966,80.22254181,26632,26642,10
13.0099802,80.22232056,26642,26652,10
13.00944996,80.22212982,26652,26663,11
13.00862026,80.22160339,26663,26673,10
13.00771999,80.22116852,26673,26683,10
13.00671005,80.22064972,26683,26693,10
13.00555038,80.22038269,26693,26703,10
13.00432968,80.22019958,26703,26713,10
13.00325012,80.21997833,26713,26723,10
13.00242043,80.21965027,26723,26733,10
13.00150013,80.2186203,26733,26743,10
13.00067997,80.21774292,26743,26753,10
12.99985981,80.21701813,26753,26763,10
12.99919033,80.21684265,26763,26774,11
12.99862003,80.21661377,26774,26784,10
12.99750042,80.21631622,26784,26804,20
12.99750042,80.21631622,26804,26814,10
12.99707031,80.21656799,26814,26824,10
12.99685955,80.21655273,26824,26834,10
12.99633026,80.21662903,26834,26844,10
12.99547958,80.21697235,26844,26854,10
12.99460983,80.21755219,26854,26864,10
12.99388027,80.21798706,26864,26874,10
12.99308014,80.21858215,26874,26885,11
12.99230003,80.2193222,26885,26895,10
12.9914999,80.21997833,26895,26905,10
12.99081993,80.22051239,26905,26915,10
12.99075031,80.22042084,26915,26925,10
12.99055958,80.22039795,26925,26935,10
12.9900198,80.22084808,26935,26945,10
12.98945045,80.22147369,26945,26961,16
12.98910046,80.2219162,26961,26973,12
12.98824978,80.22279358,26973,26981,8
12.98779964,80.2231369,26981,26993,12
12.98771,80.22318268,26993,27003,10
12.98750019,80.2232132,27003,27014,11
12.9871397,80.22324371,27014,27024,10
12.9865799,80.22350311,27024,27034,10
12.9857502,80.22332001,27034,27044,10
12.98536968,80.22324371,27044,27054,10
12.98476028,80.2230835,27054,27063,9
12.98425007,80.22284698,27063,27074,11
12.98377037,80.22251129,27074,27084,10
12.98324013,80.22221375,27084,27104,20
12.98324013,80.22221375,27104,27115,11
12.98311996,80.22213745,27115,27125,10
12.98291016,80.22197723,27125,27135,10
12.98258018,80.22183228,27135,27145,10
12.98198986,80.22158051,27145,27155,10
12.98143959,80.22097778,27155,27165,10
12.98077965,80.2208786,27165,27175,10
12.98031998,80.22116089,27175,27185,10
12.97966957,80.22132111,27185,27195,10
12.97877979,80.22149658,27195,27205,10
12.97786045,80.22148132,27205,27215,10
12.97698975,80.2215271,27215,27225,10
12.97626019,80.22149658,27225,27236,11
12.97612,80.2218399,27236,27246,10
12.97618008,80.22202301,27246,27256,10
12.97605038,80.22219849,27256,27286,30
12.97605038,80.22219849,27286,27296,10
12.97626019,80.2219162,27296,27306,10
12.97624016,80.22206116,27306,27316,10
12.97618008,80.22206116,27316,27326,10
12.97624016,80.22216797,27326,27337,11
12.97640991,80.22189331,27337,27347,10
12.97659969,80.22149658,27347,27357,10
12.97710037,80.22068787,27357,27367,10
12.97745037,80.220047,27367,27377,10
12.97743034,80.22010803,27377,27387,10
12.97716045,80.22083282,27387,27397,10
12.97673988,80.22241974,27397,27407,10
12.9771204,80.22306061,27407,27417,10
12.97756958,80.22382355,27417,27427,10
12.97805977,80.22464752,27427,27437,10
12.97852993,80.22534943,27437,27448,11
12.97856045,80.22540283,27448,27458,10
12.97875023,80.22573853,27458,27468,10
12.97906017,80.22625732,27468,27478,10
12.97935009,80.22680664,27478,27488,10
12.97961044,80.22741699,27488,27498,10
12.97988987,80.22807312,27498,27508,10
12.98056984,80.22885895,27508,27518,10
12.98101044,80.22952271,27518,27528,10
12.98157978,80.23042297,27528,27548,20
12.98157978,80.23042297,27548,27558,10
12.98167038,80.23056793,27558,27569,11
12.98198986,80.23098755,27569,27579,10
12.98213005,80.23171997,27579,27589,10
12.98204994,80.23259735,27589,27599,10
12.98169041,80.23345184,27599,27619,20
12.98169041,80.23345184,27619,27629,10
12.9815197,80.23374176,27629,27639,10
12.98130035,80.23420715,27639,27649,10
12.98122025,80.23516083,27649,27659,10
12.9812603,80.23613739,27659,27669,10
12.98128986,80.23719788,27669,27680,11
12.98130989,80.23860168,27680,27700,20
12.98130989,80.23860168,27700,27710,10
12.98136044,80.23873901,27710,27720,10
12.98134995,80.23931122,27720,27730,10
12.98136044,80.23995972,27730,27740,10
12.98138046,80.2407074,27740,27750,10
12.98136997,80.24156189,27750,27760,10
12.98138046,80.2421875,27760,27770,10
12.98139,80.2427597,27770,27791,21
12.98139,80.2427597,27791,27801,10
12.98141956,80.24310303,27801,27811,10
12.98136997,80.2436676,27811,27821,10
12.98124027,80.24453735,27821,27831,10
12.98108006,80.24549866,27831,27841,10
12.98097038,80.24659729,27841,27851,10
12.98089981,80.24765778,27851,27861,10
12.98079014,80.24851227,27861,27871,10
12.98075008,80.24932861,27871,27881,10
12.98056984,80.25035095,27881,27891,10
12.98033047,80.2513504,27891,27901,10
12.9801302,80.25216675,27901,27911,10
12.98003006,80.25245667,27911,27972,61
12.98003006,80.25245667,27972,27982,10
12.97984028,80.25272369,27982,27992,10
12.97935963,80.25270844,27992,28002,10
12.97871971,80.25260162,28002,28012,10
12.97875977,80.25244904,28012,28023,11
12.97852993,80.25234985,28023,28033,10
12.97801018,80.25208282,28033,28043,10
12.97733974,80.25166321,28043,28053,10
12.97632027,80.25126648,28053,28063,10
12.97517014,80.25074768,28063,28073,10
12.97393036,80.25039673,28073,28083,10
12.97284031,80.25048065,28083,28093,10
12.97251987,80.25028992,28093,28103,10
12.97247982,80.25002289,28103,28113,10
12.97208977,80.25000763,28113,28123,10
12.97136974,80.24993896,28123,28134,11
12.97035027,80.24968719,28134,28144,10
12.96918011,80.24897766,28144,28154,10
12.96804047,80.24862671,28154,28164,10
12.96702003,80.24816132,28164,28174,10
12.96632957,80.24771881,28174,28184,10
12.96557999,80.24739075,28184,28194,10
12.96490002,80.24726105,28194,28204,10
12.96492004,80.24727631,28204,28214,10
12.96467018,80.24726105,28214,28224,10
12.96417046,80.2472229,28224,28234,10
12.96376991,80.24697113,28234,28245,11
12.96362019,80.24684143,28245,28255,10
12.9632597,80.24662781,28255,28265,10
12.96265984,80.24626923,28265,28275,10
12.96181965,80.2458725,28275,28285,10
12.96088982,80.24543762,28285,28295,10
12.95995998,80.24503326,28295,28305,10
12.95954037,80.24491882,28305,28315,10
12.95950985,80.24488831,28315,28325,10
12.95905972,80.24472046,28325,28335,10
12.95833015,80.24442291,28335,28345,10
12.95761013,80.2440033,28345,28356,11
12.95674038,80.24375153,28356,28366,10
12.95627975,80.24391937,28366,28376,10
12.9562397,80.24391937,28376,28386,10
12.95621967,80.24384308,28386,28396,10
12.95606041,80.24363708,28396,28406,10
12.9553299,80.24339294,28406,28416,10
12.95440006,80.24295044,28416,28426,10
12.95335007,80.24237823,28426,28436,10
12.95236015,80.24198151,28436,28446,10
12.95180988,80.24183655,28446,28456,10
12.95178032,80.24173737,28456,28466,10
12.95114994,80.24111938,28466,28477,11
12.95040989,80.24107361,28477,28493,16
12.94981003,80.24093628,28493,28505,12
12.94923019,80.24082184,28505,28515,10
12.94861984,80.24062347,28515,28525,10
12.94781017,80.24044037,28525,28535,10
12.94701004,80.24019623,28535,28545,10
12.94680023,80.24015045,28545,28555,10
12.94649982,80.23989105,28555,28565,10
12.94573975,80.23957062,28565,28575,10
12.9449501,80.23889923,28575,28587,12
12.94394016,80.2378006,28587,28597,10
12.94320011,80.23709869,28597,28607,10
12.94318008,80.23697662,28607,28617,10
12.94291973,80.23667145,28617,28627,10
12.94223022,80.23645782,28627,28637,10
12.94124031,80.23623657,28637,28647,10
12.94029999,80.23597717,28647,28657,10
12.93966007,80.23565674,28657,28667,10
12.93945026,80.23564148,28667,28677,10
12.93916988,80.23560333,28677,28687,10
12.93854046,80.23529816,28687,28698,11
12.93758011,80.23478699,28698,28708,10
12.93663025,80.23430634,28708,28718,10
12.93575954,80.23396301,28718,28728,10
12.93577957,80.23400116,28728,28738,10
12.9356699,80.23384094,28738,28748,10
12.93492031,80.23355865,28748,28758,10
12.93385983,80.23309326,28758,28778,20
12.93385983,80.23309326,28778,28788,10
12.93367958,80.23296356,28788,28798,10
12.93301964,80.23262024,28798,28809,11
12.93196011,80.23220062,28809,28819,10
12.93080997,80.23178864,28819,28829,10
12.9296999,80.23152161,28829,28839,10
12.92850018,80.23136139,28839,28849,10
12.92720985,80.23119354,28849,28859,10
12.9261198,80.23110962,28859,28879,20
12.9261198,80.23110962,28879,28889,10
12.92582035,80.23104095,28889,28899,10
12.92518044,80.2309494,28899,28909,10
12.92432022,80.23084259,28909,28920,11
12.92323017,80.23069,28920,28930,10
12.92201996,80.23049164,28930,28940,10
12.92076015,80.23032379,28940,28950,10
12.91948032,80.23016357,28950,28960,10
12.91891956,80.2301178,28960,28970,10
12.91893005,80.2301178,28970,28980,10
12.91864014,80.23016357,28980,28990,10
12.91796017,80.23001099,28990,29000,10
12.91701031,80.22979736,29000,29010,10
12.91584015,80.22960663,29010,29020,10
12.91458035,80.22942352,29020,29030,10
12.91343975,80.22933197,29030,29041,11
12.91322994,80.22936249,29041,29051,10
12.9131403,80.22930908,29051,29061,10
12.91263962,80.22920227,29061,29071,10
12.91180038,80.22907257,29071,29081,10
12.9107399,80.22889709,29081,29091,10
12.90950966,80.22870636,29091,29101,10
12.90824032,80.22853851,29101,29111,10
12.9073,80.2283783,29111,29121,10
12.90695,80.22840118,29121,29131,10
12.90688038,80.22830963,29131,29162,31
12.90688038,80.22830963,29162,29178,16
12.90686035,80.22830963,29178,29190,12
12.90624046,80.22830963,29190,29200,10
12.90563011,80.22824097,29200,29208,8
12.90466022,80.22817993,29208,29219,11
12.90353966,80.22811127,29219,29231,12
12.9022398,80.22805786,29231,29241,10
12.90112972,80.22801971,29241,29251,10
12.90013981,80.22795868,29251,29262,11
12.89929008,80.22792053,29262,29292,30
12.89929008,80.22792053,29292,29302,10
12.89888954,80.22783661,29302,29312,10
12.89815998,80.22785187,29312,29322,10
12.89725018,80.22776794,29322,29332,10
12.89608955,80.22773743,29332,29342,10
12.8947897,80.22772217,29342,29352,10
12.89346027,80.2276001,29352,29362,10
12.89307976,80.22760773,29362,29373,11
12.89284039,80.22750092,29373,29383,10
12.89276028,80.22750854,29383,29393,10
12.8926096,80.2274704,29393,29403,10
12.89227962,80.22741699,29403,29413,10
12.89163971,80.22741699,29413,29423,10
12.89070034,80.22740936,29423,29433,10
12.88953018,80.22740936,29433,29443,10
12.88848019,80.22738647,29443,29453,10
12.88840961,80.22740173,29453,29463,10
12.88811016,80.22743988,29463,29473,10
12.88733959,80.22733307,29473,29484,11
12.88626957,80.22705841,29484,29494,10
12.88516045,80.22680664,29494,29504,10
12.88475037,80.22679901,29504,29514,10
12.88471985,80.22679138,29514,29524,10
12.88426018,80.22675323,29524,29534,10
12.88344002,80.22669983,29534,29544,10
12.88232994,80.22672272,29544,29554,10
12.88107967,80.22667694,29554,29564,10
12.87977982,80.22673035,29564,29574,10
12.87841034,80.22685242,29574,29584,10
12.87720013,80.22698212,29584,29595,11
12.87648964,80.22695923,29595,29615,20
12.87648964,80.22695923,29615,29625,10
12.87644005,80.22653198,29625,29645,20
12.87644005,80.22653198,29645,29655,10
12.87650013,80.22631836,29655,29665,10
12.87656021,80.2257309,29665,29675,10
12.87664032,80.22477722,29675,29685,10
12.87679958,80.22360992,29685,29695,10
12.87712955,80.22226715,29695,29705,10
12.87744999,80.22084045,29705,29716,11
12.87782001,80.21923828,29716,29726,10
12.87814045,80.21775818,29726,29736,10
12.8784399,80.21627045,29736,29746,10
12.87876987,80.21478271,29746,29756,10
12.87909031,80.21327972,29756,29766,10
12.87938023,80.21179199,29766,29776,10
12.87917995,80.21090698,29776,29796,20
12.87917995,80.21090698,29796,29806,10
12.8789196,80.21087646,29806,29816,10
12.87841988,80.2108078,29816,29827,11
12.87755013,80.21066284,29827,29837,10
12.87689018,80.21056366,29837,29847,10
12.87609959,80.21040344,29847,29857,10
12.87545967,80.21031952,29857,29866,9
12.87485027,80.21024323,29866,29877,11
12.87473965,80.21018982,29877,29887,10
12.87469959,80.21015167,29887,29897,10
12.87438965,80.2100296,29897,29907,10
12.87446976,80.20961761,29907,29917,10
12.87485981,80.20967865,29917,29927,10
12.87460995,80.20982361,29927,29967,40
12.87460995,80.20982361,29967,29978,11
12.87469006,80.2096405,29978,30079,101
12.87456036,80.20987701,30079,30109,30
12.87465,80.20993042,30109,30139,30
12.87465,80.20993042,30139,30149,10
12.87462044,80.2098999,30149,30159,10
12.8745203,80.21019745,30159,30210,51
12.8745203,80.21019745,30210,30220,10
12.87464046,80.20977783,30220,30230,10
12.87465,80.20983887,30230,30240,10
12.87458038,80.20990753,30240,30281,41
12.87458038,80.20990753,30281,30291,10
12.87464046,80.20967865,30291,30301,10
12.87460041,80.20983887,30301,30311,10
12.87460995,80.20983887,30311,30321,10
12.87465954,80.2097168,30321,30331,10
12.87465954,80.20983887,30331,30341,10
12.87462044,80.20999146,30341,30351,10
12.87462997,80.2098465,30351,30361,10
12.87452984,80.2098999,30361,30371,10
12.87464046,80.20992279,30371,30381,10
12.87465,80.20999146,30381,30392,11
12.87473965,80.21000671,30392,30572,180
12.87473965,80.21000671,30572,30582,10
12.87464046,80.20987701,30582,30593,11
12.87454987,80.20980835,30593,30603,10
12.87458038,80.20980072,30603,30613,10
12.87462997,80.20983887,30613,30624,11
12.87464046,80.20983887,30624,30634,10
12.87464046,80.20980072,30634,30644,10
12.87465,80.2097702,30644,30654,10
12.87473011,80.20993042,30654,30664,10
12.87465954,80.20986938,30664,30674,10
12.87467957,80.21002197,30674,30714,40
12.87467957,80.21002197,30714,30724,10
12.87475014,80.20986176,30724,30735,11
12.87471962,80.21011353,30735,30745,10
12.87518024,80.21022034,30745,30755,10
12.87572956,80.21031952,30755,30765,10
12.87613964,80.21041107,30765,30775,10
12.87695026,80.21056366,30775,30785,10
12.87786961,80.21073151,30785,30795,10
12.87874985,80.21089935,30795,30805,10
12.87924004,80.21098328,30805,30835,30
12.87924004,80.21098328,30835,30846,11
12.87944031,80.21105194,30846,30856,10
12.87950039,80.2114563,30856,30866,10
12.8793602,80.21206665,30866,30876,10
12.87917995,80.21285248,30876,30886,10
12.87901974,80.21376038,30886,30896,10
12.87880993,80.21485901,30896,30906,10
12.8785696,80.21595764,30906,30916,10
12.87833977,80.21717834,30916,31017,101
12.87833977,80.21717834,31017,31027,10
12.87831974,80.21724701,31027,31037,10
12.87821007,80.21764374,31037,31047,10
12.87806988,80.21827698,31047,31057,10
12.87788963,80.2191925,31057,31067,10
12.87765026,80.22022247,31067,31078,11
12.87734032,80.22157288,31078,31088,10
12.87709999,80.22254944,31088,31098,10
12.87695026,80.22331238,31098,31108,10
12.87675953,80.22422791,31108,31118,10
12.87662029,80.22538757,31118,31128,10
12.87644958,80.22644043,31128,31138,10
12.87650013,80.22689819,31138,31148,10
12.87683964,80.22685242,31148,31168,20
12.87683964,80.22685242,31168,31178,10
12.87707043,80.22679138,31178,31189,11
12.87784004,80.22673035,31189,31199,10
12.87876987,80.22666931,31199,31209,10
12.87985992,80.22663879,31209,31219,10
12.88107967,80.22666168,31219,31229,10
12.88239956,80.22663116,31229,31239,10
12.88379955,80.22663116,31239,31249,10
12.88500977,80.22662354,31249,31259,10
12.88521004,80.22662354,31259,31269,10
12.88525963,80.22663879,31269,31279,10
12.88537025,80.22666168,31279,31289,10
12.88582039,80.22673798,31289,31300,11
12.88669968,80.22698212,31300,31310,10
12.88761997,80.22718048,31310,31320,10
12.88860035,80.22724915,31320,31330,10
12.88868046,80.22724152,31330,31340,10
12.88885975,80.22725677,31340,31350,10
12.88945961,80.22727966,31350,31360,10
12.89033031,80.22727966,31360,31370,10
12.89134026,80.22730255,31370,31380,10
12.89239979,80.22730255,31380,31390,10
12.89350033,80.22743225,31390,31400,10
12.89420033,80.2274704,31400,31411,11
12.89422035,80.22747803,31411,31421,10
12.89431953,80.22749329,31421,31431,10
12.8947897,80.2275238,31431,31441,10
12.89558029,80.22753906,31441,31451,10
12.8966198,80.2276001,31451,31461,10
12.89783955,80.2276535,31461,31471,10
12.89914989,80.22773743,31471,31481,10
12.90036964,80.22782135,31481,31491,10
12.90079021,80.22782135,31491,31532,41
12.90079021,80.22782135,31532,31542,10
12.90095043,80.22782135,31542,31552,10
12.9014101,80.2278595,31552,31568,16
12.90270042,80.22792053,31568,31580,12
12.90322018,80.22789001,31580,31590,10
12.90322018,80.22789764,31590,31600,10
12.90340042,80.22794342,31600,31610,10
12.9039402,80.22799683,31610,31620,10
12.90474033,80.22805786,31620,31630,10
12.90569973,80.22810364,31630,31641,11
12.90664005,80.2281723,31641,31650,9
12.90729046,80.22821808,31650,31661,11
12.9073,80.22821045,31661,31671,10
12.9073,80.22824097,31671,31681,10
12.90787983,80.22833252,31681,31691,10
12.90865993,80.22844696,31691,31701,10
12.90972042,80.22865295,31701,31711,10
12.91092968,80.2288208,31711,31721,10
12.91226959,80.22898865,31721,31731,10
12.91355038,80.22917938,31731,31741,10
12.91409969,80.22924805,31741,31752,11
12.91409016,80.22926331,31752,31762,10
12.91438961,80.22928619,31762,31772,10
12.91504002,80.22940063,31772,31782,10
12.91590023,80.22953033,31782,31792,10
12.91701984,80.22968292,31792,31802,10
12.91816998,80.22984314,31802,31812,10
12.91913033,80.22995758,31812,31822,10
12.91938972,80.22998047,31822,31832,10
12.91967964,80.23002625,31832,31842,10
12.92035007,80.2301178,31842,31852,10
12.92125034,80.23023987,31852,31862,10
12.92230034,80.23040771,31862,31873,11
12.92364979,80.23059082,31873,31883,10
12.92488956,80.23075104,31883,31893,10
12.92619991,80.23087311,31893,31903,10
12.92663956,80.23091888,31903,31913,10
12.92663002,80.23091888,31913,31923,10
12.92683983,80.23098755,31923,31933,10
12.92739964,80.23103333,31933,31943,10
12.92823982,80.23114777,31943,31953,10
12.92901993,80.23126984,31953,31963,10
12.92988014,80.23146057,31963,31973,10
12.93089008,80.23175812,31973,31984,11
12.93212986,80.2321167,31984,31994,10
12.93350983,80.2326889,31994,32014,20
12.93350983,80.2326889,32014,32024,10
12.93365955,80.23275757,32024,32034,10
12.93418026,80.2329483,32034,32044,10
12.93492031,80.23326111,32044,32054,10
12.93577003,80.2336731,32054,32064,10
12.93669987,80.23416138,32064,32074,10
12.93776989,80.23468018,32074,32084,10
12.93889046,80.23523712,32084,32095,11
12.93970966,80.23561859,32095,32105,10
12.93978024,80.23564148,32105,32115,10
12.93982029,80.23564911,32115,32125,10
12.94027996,80.23580933,32125,32135,10
12.9409399,80.23600769,32135,32145,10
12.94182968,80.23623657,32145,32155,10
12.94283962,80.2365799,32155,32165,10
12.94361973,80.23722076,32165,32175,10
12.94377041,80.23739624,32175,32185,10
12.94386005,80.23755646,32185,32195,10
12.94423962,80.2379837,32195,32206,11
12.94487953,80.23867798,32206,32216,10
12.94563961,80.23928833,32216,32226,10
12.94657993,80.23963165,32226,32236,10
12.94719028,80.23989105,32236,32246,10
12.94721031,80.23989105,32246,32256,10
12.94729996,80.2399292,32256,32266,10
12.9477396,80.24012756,32266,32276,10
12.94839954,80.24037933,32276,32286,10
12.94869041,80.24044037,32286,32296,10
12.94869041,80.24041748,32296,32306,10
12.94886017,80.24053955,32306,32316,10
12.94917965,80.24067688,32316,32327,11
12.94983006,80.24091339,32327,32337,10
12.95098019,80.2412796,32337,32357,20
12.95098019,80.2412796,32357,32367,10
12.95116997,80.24137878,32367,32377,10
12.95174026,80.24156952,32377,32387,10
12.95250988,80.24185944,32387,32397,10
12.95339012,80.24221802,32397,32407,10
12.95392036,80.24237823,32407,32417,10
12.95464993,80.24266052,32417,32427,10
12.95536995,80.24295807,32427,32438,11
12.95635033,80.24346161,32438,32458,20
12.95635033,80.24346161,32458,32468,10
12.95670033,80.24358368,32468,32478,10
12.95748997,80.24388885,32478,32488,10
12.95831013,80.24424744,32488,32498,10
12.95913982,80.24456024,32498,32508,10
12.95919991,80.24453735,32508,32518,10
12.95923996,80.24456787,32518,32528,10
12.95960045,80.24476624,32528,32538,10
12.96030998,80.24507141,32538,32548,10
12.96119976,80.24549103,32548,32559,11
12.96240044,80.24611664,32559,32569,10
12.96310997,80.24646759,32569,32589,20
12.96310997,80.24646759,32589,32599,10
12.96339989,80.24646759,32599,32615,16
12.96418953,80.24687195,32615,32627,12
12.96514988,80.24726105,32627,32637,10
12.9659996,80.24755096,32637,32647,10
12.96658039,80.24780273,32647,32657,10
12.96689034,80.24790192,32657,32668,11
12.96689987,80.24790955,32668,32678,10
12.96706009,80.24803925,32678,32686,8
12.96747971,80.24822235,32686,32698,12
12.96842003,80.24858856,32698,32707,9
12.96932983,80.24897766,32707,32718,11
12.97054005,80.24945831,32718,32728,10
12.97192955,80.24986267,32728,32738,10
12.97317982,80.25018311,32738,32748,10
12.9742403,80.2504425,32748,32758,10
12.97453022,80.25048828,32758,32768,10
12.97465992,80.25054169,32768,32778,10
12.97517967,80.25074005,32778,32789,11
12.97614956,80.25102234,32789,32799,10
12.97721004,80.25134277,32799,32809,10
12.97813988,80.25208282,32809,32819,10
12.97904968,80.25254059,32819,32829,10
12.97982025,80.25248718,32829,32839,10
12.97998047,80.25218964,32839,32855,16
12.97999954,80.25203705,32855,32867,12
12.98023987,80.25126648,32867,32876,9
12.98050976,80.25041962,32876,32887,11
12.98077011,80.2491684,32887,32899,12
12.98081017,80.24755096,32899,32909,10
12.98089981,80.2463913,32909,32919,10
12.98116016,80.24459839,32919,32929,10
12.98126984,80.24362183,32929,32939,10
12.98136044,80.24326324,32939,32948,9
12.98136997,80.24286652,32948,32959,11
12.98136997,80.24285889,32959,32969,10
12.98141003,80.24237823,32969,32979,10
12.98134041,80.24195862,32979,32989,10
12.98130035,80.24095917,32989,32999,10
12.98130035,80.23996735,32999,33011,12
12.9812603,80.23937988,33011,33021,10
12.9812603,80.23860931,33021,33031,10
12.98124981,80.23786163,33031,33051,20
12.98124981,80.23786163,33051,33061,10
12.98124027,80.23776245,33061,33071,10
12.98122025,80.23715973,33071,33081,10
12.98122025,80.23622894,33081,33091,10
12.98118019,80.23560333,33091,33101,10
12.98116016,80.23473358,33101,33111,10
12.98139954,80.23390198,33111,33122,11
12.98163986,80.23339081,33122,33132,10
12.98165989,80.23338318,33132,33142,10
12.98169994,80.2333374,33142,33152,10
12.98188972,80.23294067,33152,33162,10
12.98204041,80.23235321,33162,33172,10
12.9819603,80.23174286,33172,33182,10
12.98184013,80.2309494,33182,33192,10
12.98147964,80.2303009,33192,33202,10
12.98101044,80.22956848,33202,33212,10
12.98071957,80.22917938,33212,33222,10
12.98062992,80.22901917,33222,33232,10
12.98052025,80.22884369,33232,33243,11
12.98029995,80.22834015,33243,33252,9
12.98015976,80.22808838,33252,33263,11
12.97992039,80.22767639,33263,33273,10
12.97953033,80.22704315,33273,33283,10
12.97918987,80.22644043,33283,33293,10
12.97879982,80.22582245,33293,33303,10
12.97840023,80.22511292,33303,33313,10
12.97817993,80.22479248,33313,33323,10
12.97797966,80.22454834,33323,33333,10
12.97780037,80.2243576,33333,33343,10
12.97774982,80.22419739,33343,33354,11
12.97756004,80.22382355,33354,33364,10
12.97725964,80.22329712,33364,33374,10
12.97716045,80.22319031,33374,33384,10
12.97700024,80.22296143,33384,33394,10
12.97704983,80.22274017,33394,33404,10
12.97716045,80.2227478,33404,33414,10
12.97714996,80.22265625,33414,33434,20
12.97714996,80.22265625,33434,33444,10
12.97745991,80.22268677,33444,33465,21
12.97745991,80.22268677,33465,33475,10
12.97752953,80.22252655,33475,33485,10
12.97754002,80.22232819,33485,33495,10
12.97758007,80.22203064,33495,33505,10
12.97756004,80.22171021,33505,33515,10
12.97770977,80.22129822,33515,33525,10
12.97815037,80.22123718,33525,33535,10
12.97887993,80.22116089,33535,33545,10
12.97968006,80.22106934,33545,33555,10
12.98058033,80.22102356,33555,33565,10
12.98139954,80.22109985,33565,33576,11
12.98206043,80.22145844,33576,33586,10
12.98260021,80.22167206,33586,33606,20
12.98260021,80.22167206,33606,33616,10
12.98272038,80.22176361,33616,33626,10
12.98270035,80.2218399,33626,33636,10
12.98278046,80.22186279,33636,33646,10
12.98301983,80.22200012,33646,33656,10
12.9832201,80.22209167,33656,33666,10
12.98338985,80.22221375,33666,33676,10
12.98367023,80.22242737,33676,33686,10
12.98419952,80.22271729,33686,33697,11
12.98493958,80.22312164,33697,33707,10
12.98558998,80.22322845,33707,33717,10
12.98596954,80.22277069,33717,33727,10
12.9864502,80.22283936,33727,33737,10
12.98647976,80.22286224,33737,33747,10
12.98676014,80.22290802,33747,33757,10
12.98707962,80.22299957,33757,33767,10
12.98740005,80.22306061,33767,33777,10
12.98789978,80.22296143,33777,33787,10
12.98853016,80.22241974,33787,33797,10
12.98913002,80.22176361,33797,33808,11
12.98954964,80.22122192,33808,33818,10
12.99003983,80.22065735,33818,33828,10
12.99050045,80.22032166,33828,33838,10
12.99061966,80.22026062,33838,33848,10
12.99094009,80.22000122,33848,33858,10
12.99133015,80.2197113,33858,33868,10
12.99155998,80.21949768,33868,33878,10
12.99207973,80.21911621,33878,33888,10
12.99273014,80.21869659,33888,33898,10
12.9935503,80.21814728,33898,33908,10
12.99411964,80.21768951,33908,33919,11
12.99438953,80.21748352,33919,33929,10
12.9946804,80.21723938,33929,33945,16
12.9948101,80.21717834,33945,33957,12
12.99495983,80.21707153,33957,33967,10
12.9952898,80.21685791,33967,33976,9
12.99582005,80.21661377,33976,33986,10
12.99629021,80.21646881,33986,33997,11
12.99697971,80.21647644,33997,34007,10
12.99755001,80.21605682,34007,34026,19
12.99755001,80.21605682,34026,34037,11
12.9978199,80.21582031,34037,34048,11
12.99835968,80.21534729,34048,34058,10
12.99895954,80.21486664,34058,34068,10
12.99917984,80.2146225,34068,34078,10
12.99958992,80.2142868,34078,34088,10
13.00008965,80.21385193,34088,34098,10
13.00070953,80.21337128,34098,34107,9
13.00119019,80.21295929,34107,34117,10
13.00189972,80.21244812,34117,34128,11
13.00259972,80.21208191,34128,34138,10
13.00314045,80.21205902,34138,34149,11
13.00364017,80.21189117,34149,34159,10
13.00364017,80.21188354,34159,34169,10
13.0036602,80.21160126,34169,34179,10
13.00362968,80.21087646,34179,34189,10
13.00352001,80.21006012,34189,34199,10
13.0035696,80.20928192,34199,34209,10
13.0039196,80.20864105,34209,34219,10
13.0047102,80.20893097,34219,34229,10
13.00566006,80.20934296,34229,34239,10
13.00644016,80.20957947,34239,34249,10
13.00714016,80.20980072,34249,34280,31
13.00714016,80.20980072,34280,34290,10
13.00747967,80.20983887,34290,34300,10
13.00784016,80.20989227,34300,34310,10
13.00800991,80.20993042,34310,34320,10
13.00819969,80.20992279,34320,34330,10
13.00815964,80.20954132,34330,34340,10
13.00800991,80.2088623,34340,34350,10
13.00786018,80.20786285,34350,34360,10
13.00765991,80.20683289,34360,34370,10
13.00759983,80.20601654,34370,34381,11
13.00761986,80.20516205,34381,34391,10
13.0074501,80.20448303,34391,34401,10
13.00737953,80.20355988,34401,34411,10
13.00716019,80.20263672,34411,34421,10
13.00634003,80.20278168,34421,34431,10
13.00702953,80.20358276,34431,34440,9
13.00774002,80.20379639,34440,34451,11
13.00881958,80.20374298,34451,34461,10
13.01004028,80.20365906,34461,34471,10
13.01130009,80.20368958,34471,34481,10
13.01261997,80.20388031,34481,34492,11
13.01362038,80.20411682,34492,34502,10
13.01366043,80.20413208,34502,34512,10
13.01368999,80.20423126,34512,34522,10
13.01368999,80.20426178,34522,34532,10
13.0136404,80.20465851,34532,34560,28
13.0136404,80.20465851,34560,34568,8
13.01352024,80.20493317,34568,34580,12
13.01331043,80.20556641,34580,34588,8
13.01307964,80.20623016,34588,34600,12
13.01294041,80.2071991,34600,34611,11
13.0128603,80.20761871,34611,34621,10
13.0128603,80.20783234,34621,34631,10
13.01278973,80.20803833,34631,34641,10
13.01278973,80.20847321,34641,34651,10
13.01288033,80.20892334,34651,34661,10
13.01301003,80.20950317,34661,34671,10
13.01313972,80.20963287,34671,34694,23
13.01305008,80.21060944,34694,34706,12
13.01251984,80.21157074,34706,34716,10
13.01224995,80.21217346,34716,34726,10
13.01194,80.212677,34726,34756,30
13.01194,80.212677,34756,34767,11
13.01202965,80.21264648,34767,34776,9
13.01204014,80.21269226,34776,34786,10
13.01198006,80.21292877,34786,34796,10
13.01204967,80.21307373,34796,34807,11
13.0120697,80.21308136,34807,34817,10
13.01231956,80.21321106,34817,34827,10
13.01259995,80.21336365,34827,35009,182
13.01259995,80.21336365,35009,35019,10
13.01284027,80.21349335,35019,35029,10
13.01309967,80.21360016,35029,35039,10
13.01340961,80.21388245,35039,35049,10
13.01399994,80.21417999,35049,35060,11
13.01457977,80.21450043,35060,35070,10
13.0151701,80.21482849,35070,35080,10
13.01574039,80.21517944,35080,35090,10
13.01607037,80.21544647,35090,35100,10
13.01644039,80.21605682,35100,35110,10
13.01675987,80.21672821,35110,35120,10
13.01710033,80.21729279,35120,35130,10
13.01739025,80.21772766,35130,35140,10
13.01788044,80.21829987,35140,35150,10
13.01826954,80.21868896,35150,35160,10
13.01844978,80.21893311,35160,35171,11
13.01867008,80.2191391,35171,35181,10
13.01891041,80.21936035,35181,35191,10
13.01922035,80.21949005,35191,35201,10
13.01966953,80.21943665,35201,35211,10
13.02007961,80.21945953,35211,35221,10
13.02060032,80.21942902,35221,35230,9
13.02105045,80.21945953,35230,35241,11
13.02147007,80.2194519,35241,35251,10
13.02167034,80.21943665,35251,35261,10
13.0219202,80.21949768,35261,35271,10
13.02231979,80.2195282,35271,35281,10
13.02264023,80.21951294,35281,35292,11
13.02317047,80.21955109,35292,35302,10
13.0240202,80.21968079,35302,35342,40
13.02406979,80.21968079,35342,35534,192
13.02406979,80.21968079,35534,35544,10
13.02431965,80.21974945,35544,35594,50
13.02429962,80.21961975,35594,35635,41
13.02429962,80.21961975,35635,35645,10
13.02420044,80.21955872,35645,35655,10
13.02412033,80.21910858,35655,35665,10
13.02425957,80.21882629,35665,35675,10
13.02394962,80.21865082,35675,35685,10
13.02390957,80.21829987,35685,35695,10
13.02402973,80.21826172,35695,35705,10
13.02408028,80.21784973,35705,35715,10
13.02416992,80.21730042,35715,35725,10
13.02416992,80.21694183,35725,35735,10
13.02420998,80.21672821,35735,35746,11
13.02423,80.21666718,35746,35756,10
13.02449036,80.21661377,35756,35796,40
13.02449036,80.21661377,35796,35806,10
13.02472973,80.2167511,35806,35816,10
13.02470016,80.21717072,35816,35826,10
13.02474022,80.2175827,35826,35836,10
13.02474022,80.21791077,35836,35846,10
13.02484989,80.21817017,35846,35857,11
13.02484035,80.21819305,35857,35867,10
13.02464008,80.21846771,35867,35927,60
13.02464008,80.21846771,35927,35937,10
13.02474022,80.21864319,35937,35998,61
13.02472019,80.21865082,35998,36028,30
13.02472019,80.21865082,36028,36038,10
13.02484989,80.21901703,36038,36058,20
13.02484989,80.21901703,36058,36068,10
13.02486992,80.21897125,36068,36089,21
13.02486992,80.21897125,36089,36099,10
13.02488041,80.21913147,36099,36109,10
13.02484989,80.21954346,36109,36159,50
13.02484989,80.21954346,36159,36169,10
13.02455997,80.21974182,36169,36179,10
13.02443981,80.21974182,36179,36189,10
13.0243597,80.21972656,36189,36200,11
13.02410984,80.21977234,36200,36210,10
13.02385998,80.21996307,36210,36220,10
13.02315998,80.21974945,36220,36230,10
13.02233982,80.21961975,36230,36240,10
13.02186012,80.2195816,36240,36250,10
13.02157974,80.21955872,36250,36260,10
13.02124977,80.21954346,36260,36270,10
13.02077007,80.21948242,36270,36280,10
13.02058029,80.21938324,36280,36290,10
13.0202198,80.21942902,36290,36300,10
13.0195303,80.21935272,36300,36310,10
13.01931953,80.21935272,36310,36321,11
13.01922035,80.21938324,36321,36331,10
13.01887989,80.21920776,36331,36341,10
13.01854992,80.21898651,36341,36351,10
13.01815033,80.21864319,36351,36361,10
13.01756001,80.21803284,36361,36371,10
13.01721001,80.21752167,36371,36381,10
13.01675034,80.21676636,36381,36391,10
13.01632023,80.21592712,36391,36400,9
13.01583004,80.21515656,36400,36411,11
13.01529026,80.21489716,36411,36421,10
13.01480961,80.21472931,36421,36432,11
13.01366997,80.2141037,36432,36442,10
13.01259995,80.21341705,36442,36452,10
13.01167011,80.21273804,36452,36462,10
13.01091003,80.21215057,36462,36472,10
13.01021957,80.21176147,36472,36482,10
13.00981998,80.2114563,36482,36492,10
13.00967979,80.21137238,36492,36502,10
13.0096302,80.21125793,36502,36532,30
13.00934029,80.21105957,36532,36563,31
13.00934029,80.21105957,36563,36573,10
13.00920963,80.21128082,36573,36603,30
13.00920963,80.21128082,36603,36613,10
13.00903988,80.21153259,36613,36623,10
13.00907993,80.21174622,36623,36633,10
13.00916004,80.21201324,36633,36643,10
13.00920963,80.21224213,36643,36653,10
13.00932026,80.21257782,36653,36664,11
13.0095396,80.21312714,36664,36674,10
13.00979996,80.21373749,36674,36683,9
13.01004028,80.21434784,36683,36694,11
13.01018047,80.21507263,36694,36704,10
13.01029015,80.21578979,36704,36713,9
13.01049042,80.21618652,36713,36724,11
13.01060963,80.21646881,36724,36734,10
13.01070976,80.21672058,36734,36744,10
13.01084042,80.21697998,36744,36754,10
13.01086044,80.21704865,36754,36764,10
13.01105976,80.21733093,36764,36775,11
13.01119995,80.21772003,36775,36785,10
13.0112896,80.21814728,36785,36795,10
13.01148987,80.21865845,36795,36805,10
13.01175022,80.21949768,36805,36815,10
13.01204014,80.22036743,36815,36824,9
13.01237965,80.22116089,36824,36835,11
13.01261997,80.22158051,36835,36845,10
13.01264,80.22202301,36845,36855,10
13.01315022,80.22247314,36855,36865,10
13.01362038,80.22293854,36865,36875,10
13.01403999,80.22348022,36875,36886,11
13.01453018,80.22415924,36886,36896,10
13.01492977,80.2245636,36896,36906,10
13.01498032,80.22466278,36906,36916,10
13.01519966,80.2249527,36916,36926,10
13.0153904,80.22525787,36926,36936,10
13.01533985,80.22547913,36936,36946,10
13.01502037,80.22583771,36946,36956,10
13.01436996,80.22612,36956,36965,9
13.01360989,80.22647095,36965,36976,11
13.01251984,80.22692108,36976,36986,10
13.01165009,80.22731018,36986,36997,11
13.01041031,80.2277832,36997,37007,10
13.00949955,80.22831726,37007,37017,10
13.0089798,80.22937775,37017,37027,10
13.00870037,80.23065948,37027,37037,10
13.00846004,80.2318573,37037,37047,10
13.00827026,80.23306274,37047,37057,10
13.00802994,80.23413086,37057,37067,10
13.00794029,80.23465729,37067,37077,10
13.00786018,80.2350769,37077,37087,10
13.0076704,80.23590851,37087,37097,10
13.00745964,80.23684692,37097,37107,10
13.00730991,80.23760223,37107,37118,11
13.00716019,80.23854065,37118,37128,10
13.00699997,80.23940277,37128,37138,10
13.00681973,80.24014282,37138,37148,10
13.00671005,80.24088287,37148,37158,10
13.00662041,80.24176025,37158,37168,10
13.00658035,80.24259186,37168,37178,10
13.00656986,80.24329376,37178,37188,10
13.00658035,80.24417877,37188,37198,10
13.00660992,80.24494171,37198,37208,10
13.00675011,80.2455368,37208,37218,10
13.00681973,80.2462616,37218,37229,11
13.00683975,80.24681091,37229,37239,10
13.00669956,80.2472229,37239,37249,10
13.00625992,80.24733734,37249,37259,10
13.00547981,80.24736786,37259,37269,10
13.00448036,80.24739838,37269,37279,10
13.00325012,80.24755859,37279,37289,10
13.00216961,80.24780273,37289,37299,10
13.00111008,80.24806213,37299,37309,10
12.99983025,80.24836731,37309,37319,10
12.99851036,80.24873352,37319,37329,10
12.99711037,80.24906158,37329,37340,11
12.99559021,80.2494812,37340,37350,10
12.99427986,80.24976349,37350,37360,10
12.99312973,80.25003815,37360,37370,10
12.99193954,80.25032043,37370,37380,10
12.99083996,80.25060272,37380,37390,10
12.98962021,80.25093842,37390,37400,10
12.98851967,80.25126648,37400,37410,10
12.98801994,80.25138855,37410,37420,10
12.98758984,80.25144958,37420,37430,10
12.98692036,80.25166321,37430,37440,10
12.98610973,80.25179291,37440,37451,11
12.98505974,80.25212097,37451,37461,10
12.98396969,80.25241089,37461,37471,10
12.98295975,80.25260162,37471,37481,10
12.98188972,80.25261688,37481,37491,10
12.98097992,80.2526474,37491,37501,10
12.98031998,80.2526474,37501,37510,9
12.98013973,80.2526474,37510,37521,11
12.97998047,80.25263977,37521,37531,10
12.97949982,80.25260925,37531,37541,10
12.97881031,80.2525177,37541,37551,10
12.9780798,80.25216675,37551,37561,10
12.97735023,80.2515564,37561,37572,11
12.97618008,80.25110626,37572,37581,9
12.97517014,80.25080109,37581,37592,11
12.97383976,80.25039673,37592,37602,10
12.97264957,80.25009155,37602,37612,10
12.97144032,80.24978638,37612,37622,10
12.97027969,80.24944305,37622,37632,10
12.96920013,80.2490387,37632,37642,10
12.96811962,80.248703,37642,37652,10
12.96712017,80.24823761,37652,37662,10
12.96623039,80.24784088,37662,37672,10
12.96512032,80.24739075,37672,37683,11
12.96380997,80.24688721,37683,37713,30
12.96380997,80.24688721,37713,37723,10
12.96350956,80.24671173,37723,37733,10
12.96308041,80.24651337,37733,37743,10
12.96222973,80.24623871,37743,37753,10
12.96133995,80.24575806,37753,37763,10
12.96032047,80.24521637,37763,37773,10
12.95915985,80.24469757,37773,37783,10
12.95802975,80.24420166,37783,37793,10
12.95750046,80.24397278,37793,37804,11
12.95678043,80.24378204,37804,37814,10
12.95656967,80.24369812,37814,37864,50
12.95656967,80.24369812,37864,37874,10
12.95611954,80.24347687,37874,37884,10
12.95541,80.24314117,37884,37894,10
12.9545002,80.24273682,37894,37904,10
12.95345974,80.24227905,37904,37915,11
12.95236969,80.24181366,37915,37925,10
12.95133018,80.24149323,37925,37935,10
12.95016003,80.2410965,37935,37945,10
12.94939041,80.24088287,37945,37955,10
12.94902039,80.24073792,37955,37965,10
12.94839954,80.24047852,37965,37975,10
12.94758034,80.24014282,37975,37985,10
12.94674969,80.23982239,37985,37995,10
12.94571018,80.23934937,37995,38005,10
12.94470978,80.23854828,38005,38015,10
12.94381046,80.23764801,38015,38026,11
12.94295025,80.23683167,38026,38036,10
12.94182968,80.23635101,38036,38046,10
12.94067955,80.2360611,38046,38056,10
12.93943977,80.23558807,38056,38066,10
12.93832016,80.23503113,38066,38076,10
12.93712044,80.23451233,38076,38086,10
12.93609047,80.23400116,38086,38096,10
12.93525982,80.23362732,38096,38106,10
12.93426991,80.23317719,38106,38116,10
12.93338013,80.23275757,38116,38126,10
12.93229961,80.23232269,38126,38136,10
12.93120003,80.23194885,38136,38147,11
12.92984009,80.23155975,38147,38157,10
12.92866993,80.23130798,38157,38167,10
12.92747974,80.23111725,38167,38177,10
12.92636013,80.23100281,38177,38187,10
12.92539978,80.23094177,38187,38197,10
12.9246397,80.23081207,38197,38207,10
12.92372036,80.23069,38207,38217,10
12.92259026,80.23053741,38217,38227,10
12.92129993,80.23033905,38227,38237,10
12.91996002,80.23017883,38237,38247,10
12.91854954,80.22995758,38247,38258,11
12.91728973,80.22982025,38258,38267,9
12.91621017,80.22966766,38267,38278,11
12.91485977,80.22946167,38278,38288,10
12.91366005,80.22926331,38288,38298,10
12.91246986,80.22910309,38298,38308,10
12.91119957,80.22891998,38308,38318,10
12.90985966,80.22875214,38318,38328,10
12.90845013,80.22852325,38328,38338,10
12.90725994,80.22831726,38338,38348,10
12.90674019,80.22827911,38348,38358,10
12.90625,80.22821045,38358,38369,11
12.90530968,80.22814941,38369,38379,10
12.9041996,80.22808075,38379,38389,10
12.90305996,80.22805786,38389,38399,10
12.90207958,80.22801208,38399,38409,10
12.90151024,80.22802734,38409,38419,10
12.90130043,80.22805023,38419,38429,10
12.90126038,80.22805786,38429,38439,10
12.90093994,80.22802734,38439,38449,10
12.90042019,80.22795105,38449,38459,10
12.89970016,80.22792053,38459,38469,10
12.89894009,80.22785187,38469,38479,10
12.89799976,80.22776794,38479,38490,11
12.89694023,80.22772217,38490,38500,10
12.89608002,80.22769928,38500,38510,10
12.89544964,80.22767639,38510,38520,10
12.8949604,80.22766113,38520,38530,10
12.89451027,80.22762299,38530,38540,10
12.89387989,80.2276001,38540,38550,10
12.89346981,80.22759247,38550,38560,10
12.89346981,80.2276001,38560,38570,10
12.89321995,80.22753906,38570,38580,10
12.89253044,80.22743988,38580,38631,51
12.89253044,80.22743988,38631,38641,10
12.89233017,80.22737122,38641,38651,10
12.89256001,80.22731018,38651,38661,10
12.89307976,80.22733307,38661,38671,10
12.89398003,80.22736359,38671,38823,152
12.8941803,80.22737885,38823,39135,312
12.8941803,80.22737885,39135,39145,10
12.89404964,80.2276001,39145,39287,142
12.89412022,80.22738647,39287,39993,706
12.89412022,80.22738647,39993,40003,10
12.89431953,80.22746277,40003,40013,10
12.89472008,80.22744751,40013,40023,10
12.89523029,80.22749329,40023,40033,10
12.89583969,80.2275238,40033,40043,10
12.89645958,80.2275238,40043,40053,10
12.89735031,80.22759247,40053,40063,10
12.89834976,80.22769165,40063,40073,10
12.89927959,80.22773743,40073,40083,10
12.90015984,80.22779846,40083,40104,21
12.90015984,80.22779846,40104,40114,10
12.90034008,80.22779846,40114,40124,10
12.90069962,80.22782135,40124,40134,10
12.90114021,80.22788239,40134,40144,10
12.90155029,80.22786713,40144,40154,10
12.90229988,80.22792053,40154,40184,30
12.90229988,80.22792053,40184,40194,10
12.90250969,80.22792816,40194,40235,41
12.90250969,80.22792816,40235,40245,10
12.90275002,80.22798157,40245,40255,10
12.90316963,80.22798157,40255,40265,10
12.90375996,80.2280426,40265,40281,16
12.90511036,80.22810364,40281,40293,12
12.90583038,80.22814941,40293,40344,51
12.90583038,80.22814941,40344,40354,10
12.90604019,80.22814178,40354,40364,10
12.90633965,80.22815704,40364,40374,10
12.90668011,80.22818756,40374,40384,10
12.90692043,80.22817993,40384,40394,10
12.90709972,80.22817993,40394,40404,10
12.90719986,80.22821808,40404,40414,10
12.90760994,80.22827911,40414,40424,10
12.90834045,80.22840881,40424,40435,11
12.90942001,80.22862244,40435,40445,10
12.91049957,80.22879791,40445,40455,10
12.91166973,80.22895813,40455,40465,10
12.91271973,80.22911072,40465,40475,10
12.91355991,80.22924042,40475,40485,10
12.91394043,80.22927094,40485,40495,10
12.91399002,80.22927094,40495,40505,10
12.91438007,80.2293396,40505,40515,10
12.91522026,80.22943878,40515,40525,10
12.91623974,80.22956848,40525,40535,10
12.91722012,80.2297287,40535,40545,10
12.91829967,80.22988129,40545,40555,10
12.91942978,80.23001862,40555,40566,11
12.92072964,80.23017883,40566,40576,10
12.92193985,80.23033905,40576,40586,10
12.92319012,80.23053741,40586,40596,10
12.92446995,80.23071289,40596,40606,10
12.92556953,80.23084259,40606,40616,10
12.92621994,80.23092651,40616,40626,10
12.9263401,80.23094177,40626,40636,10
12.92644978,80.2309494,40636,40646,10
12.92693996,80.23098755,40646,40656,10
12.92776012,80.23107147,40656,40667,11
12.92885017,80.23123932,40667,40677,10
12.92982006,80.23146057,40677,40687,10
12.93076992,80.23169708,40687,40697,10
12.93194962,80.23207092,40697,40707,10
12.93292046,80.23238373,40707,40717,10
12.93365002,80.2326889,40717,40727,10
12.93373966,80.23274994,40727,40737,10
12.93375969,80.23274231,40737,40747,10
12.93412971,80.23288727,40747,40757,10
12.93486023,80.23326111,40757,40767,10
12.93577003,80.23362732,40767,40777,10
12.93673038,80.23409271,40777,40788,11
12.93799019,80.23474884,40788,40798,10
12.93914032,80.23532867,40798,40808,10
12.93970013,80.23562622,40808,40818,10
12.93978024,80.23564911,40818,40828,10
12.94027042,80.23578644,40828,40838,10
12.9410696,80.23603058,40838,40854,16
12.94252014,80.23644257,40854,40866,12
12.94349957,80.23709869,40866,40875,9
12.9435997,80.23719788,40875,40886,11
12.94386959,80.23755646,40886,40896,10
12.94443035,80.23815918,40896,40907,11
12.94524002,80.23902893,40907,40916,9
12.9462204,80.2395401,40916,40927,11
12.94727993,80.23996735,40927,40937,10
12.94734001,80.23996735,40937,40947,10
12.94742966,80.2399826,40947,40957,10
12.94785976,80.24018097,40957,40967,10
12.94867039,80.24049377,40967,40997,30
12.94867039,80.24049377,40997,41008,11
12.94878006,80.24046326,41008,41018,10
12.94919968,80.24069977,41018,41028,10
12.94993973,80.24095154,41028,41038,10
12.95083046,80.24124146,41038,41048,10
12.95119953,80.2414093,41048,41058,10
12.95147991,80.24147797,41058,41068,10
12.95209026,80.24169159,41068,41078,10
12.95296001,80.24202728,41078,41088,10
12.95374012,80.24236298,41088,41098,10
12.95489979,80.24279022,41098,41108,10
12.95567989,80.24308777,41108,41118,10
12.95621967,80.2432785,41118,41159,41
12.95621967,80.2432785,41159,41169,10
12.95637989,80.24330139,41169,41179,10
12.95650005,80.24333954,41179,41189,10
12.95689964,80.2435379,41189,41199,10
12.95765972,80.24391174,41199,41209,10
12.95837021,80.24417877,41209,41219,10
12.95903969,80.24443817,41219,41229,10
12.95903969,80.24449158,41229,41240,11
12.95950985,80.24471283,41240,41249,9
12.96016026,80.24497986,41249,41260,11
12.9611702,80.24546051,41260,41270,10
12.96218967,80.24594116,41270,41280,10
12.96331024,80.24653625,41280,41350,70
12.96331024,80.24653625,41350,41361,11
12.9636898,80.24671173,41361,41371,10
12.96434021,80.24691772,41371,41381,10
12.96525002,80.24725342,41381,41394,13
12.96677971,80.24784851,41394,41414,20
12.96677971,80.24784851,41414,41425,11
12.9671402,80.24806976,41425,41435,10
12.96796036,80.24841309,41435,41445,10
12.96893978,80.24880219,41445,41455,10
12.97002029,80.24923706,41455,41466,11
12.97136021,80.24971008,41466,41476,10
12.97247982,80.25,41476,41484,8
12.97344971,80.25028229,41484,41495,11
12.97432995,80.25048065,41495,41506,11
12.97439957,80.25048828,41506,41515,9
12.97486019,80.25064087,41515,41526,11
12.97568035,80.25086975,41526,41536,10
12.97681046,80.25119781,41536,41546,10
12.97786045,80.25182343,41546,41556,10
12.97859955,80.25238037,41556,41566,10
12.97900009,80.2525177,41566,41576,10
12.97941971,80.25256348,41576,41587,11
12.97998047,80.25235748,41587,41597,10
12.97998047,80.25232697,41597,41607,10
12.97994995,80.25227356,41607,41617,10
12.98001957,80.25193024,41617,41627,10
12.98023033,80.25126648,41627,41637,10
12.98052025,80.25028992,41637,41647,10
12.98068047,80.24933624,41647,41657,10
12.98073006,80.24859619,41657,41666,9
12.98075962,80.24807739,41666,41677,11
12.98079014,80.24746704,41677,41687,10
12.98087978,80.24659729,41687,41698,11
12.98104954,80.24530792,41698,41708,10
12.98116016,80.24407959,41708,41718,10
12.9812603,80.24363708,41718,41728,10
12.98132038,80.2434082,41728,41738,10
12.98134041,80.24294281,41738,41748,10
12.98136044,80.24288177,41748,41758,10
12.98136044,80.24284363,41758,41768,10
12.98136044,80.2424469,41768,41778,10
12.98136044,80.24172974,41778,41788,10
12.98136997,80.2408371,41788,41798,10
12.98132038,80.23995209,41798,41809,11
12.98130035,80.23970032,41809,41819,10
12.98130989,80.2395401,41819,41829,10
12.98130035,80.23908234,41829,41839,10
12.98128033,80.23870087,41839,41849,10
12.98128033,80.23796082,41849,41869,20
12.98128033,80.23796082,41869,41879,10
12.98126984,80.23760223,41879,41889,10
12.9812603,80.23686981,41889,41899,10
12.98118973,80.23592377,41899,41909,10
12.98116016,80.2349472,41909,41919,10
12.98124027,80.23412323,41919,41930,11
12.98159027,80.23338318,41930,41940,10
12.98159981,80.23336792,41940,41950,10
12.98174953,80.23310852,41950,41960,10
12.9819603,80.23264313,41960,41970,10
12.98202038,80.23227692,41970,41980,10
12.98194981,80.2318573,41980,41990,10
12.98188972,80.23130798,41990,42000,10
12.98167992,80.23061371,42000,42010,10
12.98130989,80.23001099,42010,42020,10
12.98122025,80.22985077,42020,42030,10
12.98097992,80.22946167,42030,42041,11
12.98071003,80.22914124,42041,42051,10
12.98056984,80.22898865,42051,42061,10
12.98056984,80.22898102,42061,42071,10
12.98050022,80.22875977,42071,42081,10
12.98029995,80.22840881,42081,42091,10
12.98005009,80.2279129,42091,42101,10
12.97964001,80.22727203,42101,42111,10
12.9792099,80.2265625,42111,42121,10
12.97879982,80.22589874,42121,42131,10
12.97854042,80.22540283,42131,42141,10
12.97824001,80.22493744,42141,42152,11
12.97817039,80.22486115,42152,42162,10
12.97805977,80.22464752,42162,42172,10
12.97780991,80.22441101,42172,42182,10
12.97776031,80.22434235,42182,42192,10
12.97762012,80.22408295,42192,42202,10
12.97735977,80.22357941,42202,42212,10
12.97702026,80.22306061,42212,42222,10
12.97694969,80.22280884,42222,42232,10
12.9771204,80.22270966,42232,42242,10
12.97712994,80.22270203,42242,42252,10
12.97743034,80.22264862,42252,42262,10
12.97749043,80.22221375,42262,42273,11
12.9774704,80.22170258,42273,42283,10
12.97745991,80.22120667,42283,42303,20
12.97745991,80.22120667,42303,42313,10
12.97758007,80.22115326,42313,42323,10
12.97799969,80.22123718,42323,42333,10
12.97856045,80.22132874,42333,42343,10
12.97926044,80.221138,42343,42353,10
12.97961998,80.22103882,42353,42363,10
12.98019981,80.2210083,42363,42373,10
12.98089027,80.22093201,42373,42384,11
12.98112011,80.22083282,42384,42394,10
12.98138046,80.22099304,42394,42404,10
12.98184013,80.22120667,42404,42424,20
12.98184013,80.22120667,42424,42434,10
12.98219013,80.22136688,42434,42444,10
12.9822197,80.2213974,42444,42454,10
12.98258972,80.22160339,42454,42464,10
12.98270035,80.22177124,42464,42474,10
12.98283958,80.22180176,42474,42484,10
12.98287964,80.22181702,42484,42494,10
12.98322964,80.22200012,42494,42505,11
12.98353004,80.22222137,42505,42515,10
12.98402023,80.2224884,42515,42525,10
12.98466969,80.2228775,42525,42535,10
12.98536015,80.22315979,42535,42545,10
12.98608017,80.22277832,42545,42555,10
12.98659992,80.22277069,42555,42565,10
12.98661995,80.22277069,42565,42575,10
12.98692036,80.2229538,42575,42585,10
12.98696995,80.22296143,42585,42595,10
12.98721981,80.22290039,42595,42605,10
12.98791027,80.22265625,42605,42616,11
12.98890018,80.22206879,42616,42626,10
12.98964024,80.22122192,42626,42636,10
12.99032021,80.22039795,42636,42646,10
12.99051952,80.22025299,42646,42656,10
12.99088001,80.22003937,42656,42666,10
12.99129009,80.21968842,42666,42676,10
12.99164963,80.21942139,42676,42686,10
12.99213028,80.21910858,42686,42696,10
12.99279976,80.21862793,42696,42706,10
12.99335957,80.2181778,42706,42716,10
12.99349022,80.21806335,42716,42727,11
12.99370956,80.21794128,42727,42737,10
12.99386978,80.21788025,42737,42757,20
12.99386978,80.21788025,42757,42767,10
12.99407005,80.21775818,42767,42777,10
12.99454975,80.217453,42777,42787,10
12.99510002,80.21704102,42787,42797,10
12.99594975,80.21669769,42797,42807,10
12.99668026,80.21655273,42807,42817,10
12.99695969,80.21656799,42817,42827,10
12.99722004,80.21643829,42827,42837,10
12.99750996,80.21611023,42837,42848,11
12.99750996,80.2161026,42848,42858,10
12.99775028,80.21585083,42858,42868,10
12.99816036,80.21543884,42868,42878,10
12.99882984,80.21488953,42878,42888,10
12.9990797,80.21456146,42888,42898,10
12.99946022,80.21417236,42898,42908,10
12.99985027,80.21392059,42908,42918,10
13.00055981,80.21334076,42918,42928,10
13.00107956,80.212883,42928,42938,10
13.00133991,80.21251678,42938,42948,10
13.00197983,80.21212006,42948,42959,11
13.00244045,80.21202087,42959,42969,10
13.00284958,80.21188354,42969,42979,10
13.00316048,80.21170807,42979,42989,10
13.00337982,80.21177673,42989,42999,10
13.0035696,80.21172333,42999,43009,10
13.00352001,80.21130371,43009,43019,10
13.00341034,80.21053314,43019,43029,10
13.00343037,80.20966339,43029,43039,10
13.00362015,80.20890045,43039,43049,10
13.00411987,80.2086792,43049,43059,10
13.00498962,80.20905304,43059,43070,11
13.00592041,80.20944214,43070,43080,10
13.00648975,80.20957947,43080,43090,10
13.00699997,80.20973969,43090,43110,20
13.00699997,80.20973969,43110,43120,10
13.00710011,80.20976257,43120,43130,10
13.00737953,80.20963287,43130,43140,10
13.00796032,80.20974731,43140,43150,10
13.00813007,80.2095108,43150,43160,10
13.00794983,80.20944214,43160,43170,10
13.00784016,80.20947266,43170,43180,10
13.00763988,80.20906067,43180,43191,11
13.00743961,80.20819855,43191,43201,10
13.00734043,80.20742798,43201,43211,10
13.00743961,80.20662689,43211,43221,10
13.00743961,80.20568085,43221,43231,10
13.00749969,80.20484924,43231,43241,10
13.00747967,80.20413208,43241,43251,10
13.00734997,80.20336914,43251,43261,10
13.00695992,80.20252228,43261,43271,10
13.00650978,80.20321655,43271,43281,10
13.0073204,80.20365906,43281,43291,10
13.00831032,80.20374298,43291,43302,11
13.00983047,80.2036438,43302,43312,10
13.0112896,80.20372772,43312,43322,10
13.01270008,80.20394135,43322,43332,10
13.0136404,80.20426941,43332,43342,10
13.01371002,80.20433807,43342,43352,10
13.01364994,80.20459747,43352,43362,10
13.01358032,80.20465851,43362,43372,10
13.01344013,80.20507813,43372,43382,10
13.01323032,80.20571899,43382,43392,10
13.01296997,80.20644379,43392,43402,10
13.01288986,80.20720673,43402,43412,10
13.01282978,80.20774841,43412,43429,17
13.01274014,80.20860291,43429,43441,12
13.01282024,80.20908356,43441,43451,10
13.01299953,80.20957184,43451,43461,10
13.01309013,80.21012115,43461,43471,10
13.01299953,80.21080017,43471,43481,10
13.01278019,80.21141815,43481,43491,10
13.01216984,80.21225739,43491,43501,10
13.01183987,80.21282959,43501,43511,10
13.01175022,80.21282959,43511,43521,10
13.01142979,80.21251678,43521,43532,11
13.01072025,80.21211243,43532,43542,10
13.01031971,80.21172333,43542,43552,10
13.00979042,80.21147919,43552,43562,10
13.00961971,80.21131897,43562,43689,127
13.00961971,80.21131897,43689,43701,12
13.00967979,80.21092987,43701,43731,30
13.00949001,80.21099854,43731,43823,92
13.00949001,80.21099854,43823,43833,10
13.0093298,80.21112061,43833,43843,10
13.00955963,80.2109375,43843,43863,20
13.00934029,80.21102905,43863,43884,21
13.00949955,80.21095276,43884,43904,20
13.00949955,80.21095276,43904,43914,10
13.00926971,80.21115875,43914,43924,10
13.00928974,80.21115112,43924,43934,10
13.00922966,80.21115112,43934,43974,40
13.00914001,80.21115875,43974,43995,21
13.00914001,80.21115875,43995,44005,10
13.0094099,80.21102142,44005,44015,10
13.00940037,80.21102905,44015,44025,10
13.0093298,80.21114349,44025,44075,50
13.00934982,80.21109009,44075,44095,20
13.00936985,80.21108246,44095,44126,31
13.00936985,80.21108246,44126,44136,10
13.00951004,80.21102905,44136,44146,10
13.00949955,80.21108246,44146,44176,30
13.00949955,80.21108246,44176,44186,10
13.00924015,80.21111298,44186,44217,31
13.0095396,80.2109375,44217,44237,20
13.0095396,80.2109375,44237,44247,10
13.00957966,80.21096039,44247,44257,10
13.00959969,80.21096802,44257,44267,10
13.00938988,80.21115112,44267,44277,10
13.0093298,80.21115875,44277,44287,10
13.00949001,80.21101379,44287,44317,30
13.00949001,80.21101379,44317,44327,10
13.00949955,80.21099854,44327,44358,31
13.00926018,80.21118164,44358,44469,111
13.00944042,80.21101379,44469,44489,20
13.00944042,80.21101379,44489,44499,10
13.00930023,80.21105957,44499,44509,10
13.00922012,80.21109772,44509,44519,10
13.00912952,80.21114349,44519,44529,10
13.00914955,80.21125031,44529,44539,10
13.00905991,80.21141052,44539,44549,10
13.00901031,80.2115097,44549,44559,10
13.00895977,80.21170044,44559,44570,11
13.00905037,80.21195984,44570,44580,10
13.00914955,80.21218109,44580,44590,10
13.00926971,80.21240997,44590,44600,10
13.00942993,80.21292114,44600,44610,10
13.00963974,80.21351624,44610,44620,10
13.00990009,80.21414185,44620,44630,10
13.0101099,80.21475983,44630,44640,10
13.01019955,80.21537781,44640,44650,10
13.01041985,80.21604156,44650,44660,10
13.01074982,80.21676636,44660,44670,10
13.01105976,80.21749878,44670,44681,11
13.01138973,80.21843719,44681,44691,10
13.01165962,80.2193985,44691,44701,10
13.01206017,80.22048187,44701,44711,10
13.01226044,80.22104645,44711,44721,10
13.01247025,80.2216568,44721,44731,10
13.01268005,80.22194672,44731,44741,10
13.01307964,80.2220993,44741,44751,10
13.01354027,80.22280884,44751,44761,10
13.01408005,80.22341919,44761,44771,10
13.01430035,80.22389984,44771,44781,10
13.01453018,80.22421265,44781,44791,10
13.01500034,80.2249527,44791,44812,21
13.01500034,80.2249527,44812,44822,10
13.0153904,80.22515106,44822,44832,10
13.01531029,80.22564697,44832,44842,10
13.01502037,80.22582245,44842,44852,10
13.0146904,80.22589874,44852,44862,10
13.01410007,80.22618103,44862,44872,10
13.01329994,80.22653961,44872,44882,10
13.01247025,80.22686005,44882,44892,10
13.01165009,80.22718811,44892,44902,10
13.01078033,80.22763824,44902,44913,11
13.00994968,80.22792816,44913,44923,10
13.00949955,80.22776031,44923,44933,10
13.00969982,80.22711945,44933,44943,10
13.01008034,80.22631836,44943,44953,10
13.01047993,80.22547913,44953,44969,16
13.01074028,80.2250824,44969,44981,12
13.01074028,80.224823,44981,44991,10
13.01088047,80.22434998,44991,45001,10
13.01099968,80.22376251,45001,45011,10
13.01107979,80.22332001,45011,45020,9
13.01047993,80.2232132,45020,45031,11
13.01019955,80.22290802,45031,45042,11
13.00992012,80.22271729,45042,45052,10
13.00942993,80.22242737,45052,45061,9
13.00866032,80.22199249,45061,45072,11
13.00796986,80.22160339,45072,45082,10
13.00714016,80.22102356,45082,45092,10
13.00631046,80.2207489,45092,45102,10
13.00545025,80.2204895,45102,45112,10
13.00479031,80.2203064,45112,45121,9
13.00454044,80.22025299,45121,45132,11
13.00456047,80.2201004,45132,45143,11
13.00382996,80.21996307,45143,45153,10
13.00325012,80.2197113,45153,45163,10
13.00236034,80.21935272,45163,45173,10
13.00158978,80.21874237,45173,45183,10
13.00090027,80.21810913,45183,45193,10
13.00008011,80.21790314,45193,45203,10
12.99929047,80.21769714,45203,45213,10
12.99841976,80.21727753,45213,45223,10
12.99761963,80.21685791,45223,45233,10
12.99738026,80.21669006,45233,45243,10
12.99730015,80.21668243,45243,45254,11
12.99732971,80.21662903,45254,45264,10
12.99732018,80.21659851,45264,45284,20
12.99732018,80.21659851,45284,45294,10
12.9968996,80.21656799,45294,45304,10
12.99674988,80.21653748,45304,45314,10
12.99658012,80.21653748,45314,45324,10
12.9963398,80.21659851,45324,45354,30
12.9963398,80.21659851,45354,45364,10
12.99580956,80.21665955,45364,45375,11
12.99559021,80.21666718,45375,45385,10
12.99542046,80.21676636,45385,45395,10
12.99528027,80.21681976,45395,45405,10
12.99516964,80.21697998,45405,45415,10
12.99507999,80.21705627,45415,45425,10
12.99485016,80.21720123,45425,45435,10
12.99440002,80.21748352,45435,45445,10
12.99374962,80.2177124,45445,45455,10
12.99310017,80.21822357,45455,45465,10
12.99273968,80.21867371,45465,45475,10
12.99219036,80.21911621,45475,45486,11
12.99133968,80.21975708,45486,45496,10
12.99061012,80.22028351,45496,45516,20
12.99061012,80.22028351,45516,45526,10
12.99036026,80.22032166,45526,45536,10
12.98999977,80.22064972,45536,45546,10
12.98935032,80.22126007,45546,45562,16
12.98859978,80.22216034,45562,45574,12
12.98783016,80.22299194,45574,45584,10
12.98756027,80.22315216,45584,45594,10
12.98756027,80.22318268,45594,45605,11
12.98729038,80.22309875,45605,45615,10
12.98725986,80.2230835,45615,45624,9
12.98698044,80.22292328,45624,45635,11
12.98622036,80.22305298,45635,45645,10
12.98558044,80.22319031,45645,45655,10
12.98546028,80.22325897,45655,45665,10
12.98488998,80.22312164,45665,45695,30
12.98488998,80.22312164,45695,45705,10
12.98470974,80.22299957,45705,45716,11
12.9847002,80.22299957,45716,45726,10
12.98453999,80.22310638,45726,45746,20
12.98453999,80.22310638,45746,45756,10
12.98466969,80.22306061,45756,45766,10
12.98474026,80.22293854,45766,45776,10
12.98474026,80.22280884,45776,45786,10
12.9844799,80.22292328,45786,45796,10
12.98439026,80.22286987,45796,45806,10
12.9841404,80.22290802,45806,45816,10
12.98392963,80.22265625,45816,45826,10
12.98361969,80.22254181,45826,45837,11
12.98346043,80.22239685,45837,45847,10
12.98316956,80.22218323,45847,45857,10
12.98305035,80.22210693,45857,45867,10
12.98276043,80.22190857,45867,45877,10
12.98239994,80.22177124,45877,45887,10
12.9818697,80.22164917,45887,45897,10
12.98136044,80.22142029,45897,45907,10
12.98085976,80.22131348,45907,45917,10
12.98040962,80.22116852,45917,45927,10
12.97955036,80.22122192,45927,45937,10
12.97885036,80.22119904,45937,45948,11
12.97846031,80.22088623,45948,45958,10
12.97776031,80.22080231,45958,45968,10
12.97669029,80.22061157,45968,45978,10
12.97616005,80.22093964,45978,45988,10
12.97626019,80.22170258,45988,46008,20
12.97626019,80.22170258,46008,46024,16
12.97651958,80.22212219,46024,46036,12
12.97684956,80.22267914,46036,46044,8
12.97714996,80.2230835,46044,46056,12
12.97751999,80.22412109,46056,46066,10
12.97797012,80.22467804,46066,46077,11
12.97838974,80.22535706,46077,46087,10
12.97856045,80.22550201,46087,46097,10
12.97879982,80.22573853,46097,46107,10
12.97908974,80.22618103,46107,46117,10
12.97953033,80.22692108,46117,46127,10
12.97982025,80.22749329,46127,46137,10
12.9802103,80.22827911,46137,46147,10
12.98050022,80.22866821,46147,46157,10
12.98071003,80.22895813,46157,46167,10
12.9809103,80.22930145,46167,46178,11
12.98112011,80.22953796,46178,46188,10
12.98139954,80.22989655,46188,46198,10
12.98141956,80.22992706,46198,46208,10
12.98161983,80.23017883,46208,46218,10
12.98186016,80.23088837,46218,46228,10
12.98196983,80.23179626,46228,46238,10
12.98198032,80.23245239,46238,46248,10
12.98192978,80.23282623,46248,46258,10
12.98178005,80.23320007,46258,46268,10
12.98171997,80.23329926,46268,46278,10
12.98169041,80.23343658,46278,46288,10
12.98161983,80.23352814,46288,46299,11
12.98128033,80.23394775,46299,46309,10
12.98110008,80.23468018,46309,46319,10
12.98112011,80.23570251,46319,46329,10
12.9811697,80.23684692,46329,46345,16
12.98120975,80.23789978,46345,46357,12
12.98124027,80.23854065,46357,46367,10
12.98141003,80.23870087,46367,46376,9
12.98136997,80.23886108,46376,46387,11
12.98130989,80.23941803,46387,46397,10
12.98126984,80.23985291,46397,46407,10
12.98124981,80.2406311,46407,46418,11
12.98128033,80.24166107,46418,46428,10
12.98128986,80.24211884,46428,46438,10
12.98130989,80.2427597,46438,46448,10
12.98134041,80.24286652,46448,46458,10
12.98134041,80.24305725,46458,46468,10
12.98132992,80.24346161,46468,46478,10
12.98122025,80.24420166,46478,46488,10
12.98110008,80.24507904,46488,46498,10
12.98095989,80.24619293,46498,46508,10
12.98083019,80.24743652,46508,46518,10
12.98077965,80.24864197,46518,46529,11
12.98064995,80.2497406,46529,46539,10
12.98042011,80.2507019,46539,46548,9
12.9802103,80.25151062,46548,46559,11
12.98005962,80.25205994,46559,46570,11
12.97990036,80.25257874,46570,46600,30
12.97990036,80.25257874,46600,46610,10
12.97986984,80.25269318,46610,46620,10
12.97963047,80.25276184,46620,46630,10
12.97904968,80.25270844,46630,46641,11
12.97859955,80.25263214,46641,46651,10
12.97848034,80.25254822,46651,46661,10
12.9780302,80.25221252,46661,46671,10
12.97729969,80.25163269,46671,46681,10
12.97622967,80.25119019,46681,46691,10
12.97502041,80.25080109,46691,46701,10
12.97377014,80.25039673,46701,46711,10
12.97249031,80.25002289,46711,46721,10
12.97103024,80.24967957,46721,46731,10
12.96965027,80.2492218,46731,46741,10
12.96829987,80.24868774,46741,46751,10
12.96689987,80.24823761,46751,46762,11
12.96572971,80.24768066,46762,46772,10
12.9649601,80.24745178,46772,46782,10
12.96496964,80.24742126,46782,46792,10
12.96469021,80.24723816,46792,46802,10
12.96403027,80.24698639,46802,46812,10
12.96370029,80.24687958,46812,46822,10
12.96366978,80.24694824,46822,46832,10
12.96366978,80.24694061,46832,46842,10
12.96376038,80.24680328,46842,46852,10
12.96362972,80.24667358,46852,46862,10
12.96302032,80.24642944,46862,46873,11
12.96210003,80.24600983,46873,46883,10
12.96111965,80.24555969,46883,46893,10
12.96006966,80.24517822,46893,46903,10
12.9593401,80.24491882,46903,46913,10
12.95923996,80.24482727,46913,46923,10
12.9588604,80.24465179,46923,46933,10
12.95825005,80.24432373,46933,46943,10
12.95769978,80.24414063,46943,46953,10
12.95664024,80.24371338,46953,47044,91
12.95664024,80.24371338,47044,47054,10
12.95635033,80.24365997,47054,47064,10
12.95617962,80.24359894,47064,47074,10
12.95565987,80.24329376,47074,47084,10
12.95487022,80.24291992,47084,47094,10
12.95415974,80.24265289,47094,47105,11
12.95347977,80.24230957,47105,47115,10
12.95256042,80.24196625,47115,47125,10
12.95164013,80.24166107,47125,47135,10
12.95153046,80.2416687,47135,47145,10
12.95104027,80.24147034,47145,47155,10
12.9502697,80.24124146,47155,47165,10
12.94944954,80.2410202,47165,47175,10
12.94929981,80.24091339,47175,47185,10
12.9492197,80.24085236,47185,47195,10
12.94890022,80.24073029,47195,47205,10
12.94824982,80.24047089,47205,47216,11
12.94678974,80.23993683,47216,47236,20
12.94678974,80.23993683,47236,47246,10
12.94659996,80.23988342,47246,47256,10
12.94616985,80.23963165,47256,47266,10
12.9454298,80.23925781,47266,47276,10
12.94464016,80.23861694,47276,47286,10
12.94384956,80.23770905,47286,47296,10
12.94316006,80.2370224,47296,47306,10
12.94248009,80.2365799,47306,47316,10
12.94147015,80.23625946,47316,47326,10
12.93964005,80.23574066,47326,47347,21
12.93964005,80.23574066,47347,47357,10
12.9394598,80.23571777,47357,47367,10
12.93896008,80.2353363,47367,47377,10
12.93807983,80.23493195,47377,47386,9
12.93719959,80.23449707,47386,47397,11
12.93605995,80.23391724,47397,47407,10
12.93498993,80.23336792,47407,47417,10
12.93402958,80.23298645,47417,47427,10
12.93387985,80.23300171,47427,47437,10
12.93369961,80.23304749,47437,47448,11
12.93309021,80.23268127,47448,47458,10
12.93223,80.23232269,47458,47468,10
12.93115997,80.23195648,47468,47478,10
12.92988968,80.23165131,47478,47488,10
12.92885971,80.23142242,47488,47498,10
12.92807961,80.23127747,47498,47508,10
12.92706013,80.23114014,47508,47518,10
12.92613983,80.23100281,47518,47527,9
12.92603016,80.23103333,47527,47537,10
12.92572021,80.23101044,47537,47548,11
12.92502022,80.23087311,47548,47559,11
12.92399979,80.2307663,47559,47569,10
12.92296982,80.23062897,47569,47579,10
12.92181969,80.23047638,47579,47589,10
12.92063999,80.23029327,47589,47599,10
12.91952991,80.23014832,47599,47609,10
12.91907978,80.23014069,47609,47619,10
12.91907978,80.23014832,47619,47629,10
12.91864014,80.23010254,47629,47639,10
12.91790009,80.23000336,47639,47649,10
12.91695023,80.22979736,47649,47659,10
12.91592026,80.22958374,47659,47669,10
12.91481018,80.22931671,47669,47680,11
12.91364956,80.22921753,47680,47690,10
12.91341972,80.22923279,47690,47700,10
12.91333008,80.22918701,47700,47710,10
12.91302013,80.22897339,47710,47720,10
12.91232014,80.22885132,47720,47730,10
12.91110039,80.2287674,47730,47740,10
12.90983009,80.22859192,47740,47750,10
12.90847015,80.22844696,47750,47760,10
12.90734959,80.2283783,47760,47770,10
12.90711975,80.22846985,47770,47780,10
12.9068203,80.22821045,47780,47791,11
12.90602016,80.22810364,47791,47801,10
12.90493011,80.22810364,47801,47811,10
12.90380001,80.22801971,47811,47821,10
12.9025898,80.22796631,47821,47831,10
12.90139961,80.22798157,47831,47841,10
12.90062046,80.22796631,47841,47851,10
12.89972973,80.22792053,47851,47861,10
12.89912033,80.22789764,47861,47891,30
12.89912033,80.22789764,47891,47901,10
12.8986702,80.22789764,47901,47912,11
12.89780045,80.22782135,47912,47922,10
12.89678955,80.22775269,47922,47932,10
12.89558029,80.22769165,47932,47942,10
12.89449978,80.2276535,47942,47952,10
12.8933897,80.22756958,47952,47962,10
12.8924799,80.22750092,47962,47988,26
12.8924799,80.22750092,47988,48000,12
12.89212036,80.22744751,48000,48008,8
12.89157963,80.22738647,48008,48021,13
12.89023018,80.22743988,48021,48031,10
12.88901043,80.22746277,48031,48041,10
12.88836002,80.22740173,48041,48051,10
12.88829994,80.22733307,48051,48061,10
12.88784027,80.227211,48061,48071,10
12.88706017,80.22712708,48071,48081,10
12.88609982,80.22691345,48081,48091,10
12.88500023,80.22678375,48091,48101,10
12.88481998,80.22673798,48101,48111,10
12.88449955,80.22676086,48111,48121,10
12.88377953,80.22678375,48121,48132,11
12.88269997,80.22680664,48132,48142,10
12.88152027,80.22682953,48142,48151,9
12.88039017,80.2268219,48151,48162,11
12.87893963,80.22688293,48162,48172,10
12.87767029,80.22698975,48172,48182,10
12.87672043,80.2270813,48182,48192,10
12.87637997,80.22698212,48192,48202,10
12.87644005,80.22663879,48202,48222,20
12.87644005,80.22663879,48222,48232,10
12.87639046,80.22628784,48232,48242,10
12.87646008,80.22556305,48242,48253,11
12.87664032,80.22444916,48253,48263,10
12.87691975,80.22328949,48263,48273,10
12.87720013,80.22206116,48273,48283,10
12.87747002,80.22083282,48283,48293,10
12.8777504,80.21964264,48293,48303,10
12.87808037,80.21839905,48303,48313,10
12.87829971,80.21716309,48313,48323,10
12.87847042,80.21591949,48323,48333,10
12.8787899,80.21446228,48333,48343,10
12.87901974,80.21321869,48343,48353,10
12.87926006,80.21214294,48353,48364,11
12.87936974,80.21128082,48364,48374,10
12.87909985,80.2109375,48374,48394,20
12.87909985,80.2109375,48394,48404,10
12.87905979,80.21096802,48404,48414,10
12.87868977,80.21087646,48414,48424,10
12.87802029,80.21076202,48424,48434,10
12.8770504,80.21057129,48434,48444,10
12.87623024,80.21041107,48444,48454,10
12.87547016,80.21024323,48454,48464,10
12.87479019,80.2101593,48464,48495,31
12.87479019,80.2101593,48495,48505,10
12.87473965,80.21012878,48505,48515,10
12.87442017,80.21006012,48515,48526,11
12.87444019,80.20970917,48526,48536,10
12.87467957,80.20966339,48536,48546,10
12.87485027,80.20996094,48546,48556,10
12.87479973,80.21069336,48556,48566,10
12.87475967,80.21167755,48566,48748,182
12.87475967,80.21167755,48748,48758,10
12.87497044,80.20993805,48758,49141,383
12.87497044,80.20993805,49141,49151,10
12.87502956,80.20931244,49151,49161,10
12.87493992,80.20953369,49161,49222,61
12.87495995,80.2082901,49222,49333,111
12.87495995,80.2082901,49333,49343,10
12.87485027,80.20894623,49343,49525,182
12.87485027,80.20894623,49525,49535,10
12.87392998,80.20879364,49535,49545,10
12.87506008,80.20977783,49545,49555,10
12.87497997,80.20973206,49555,49565,10
12.87491989,80.20960236,49565,49575,10
12.87491035,80.20934296,49575,49585,10
12.87489986,80.20899963,49585,49595,10
12.87493992,80.20910645,49595,49605,10
12.87493992,80.20929718,49605,49615,10
12.875,80.2088623,49615,49625,10
12.875,80.20889282,49625,49636,11
12.87493992,80.20976257,49636,49646,10
12.87495041,80.20955658,49646,49656,10
12.87495995,80.2091217,49656,49666,10
12.87499046,80.20871735,49666,49676,10
12.87491035,80.20903778,49676,49686,10
12.8748703,80.20876312,49686,49767,81
12.8748703,80.20876312,49767,49777,10
12.87481976,80.21018219,49777,49786,9
12.87473011,80.20983887,49786,49797,11
12.87477016,80.20979309,49797,49807,10
12.87469959,80.2099762,49807,49817,10
12.87475014,80.21019745,49817,49827,10
12.87500954,80.20993805,49827,49837,10
12.87559986,80.21013641,49837,49847,10
12.87629986,80.21031952,49847,49857,10
12.87695026,80.21050262,49857,49868,11
12.87773037,80.21063232,49868,49878,10
12.8784399,80.21077728,49878,49888,10
12.87899971,80.21087646,49888,49918,30
12.87899971,80.21087646,49918,49928,10
12.87913036,80.21079254,49928,49938,10
12.87930965,80.21092987,49938,49948,10
12.87934017,80.21095276,49948,49958,10
12.87946987,80.21116638,49958,49968,10
12.87934971,80.21169281,49968,49978,10
12.87926006,80.21224976,49978,49989,11
12.87909985,80.21315765,49989,49999,10
12.8789196,80.21411133,49999,50008,9
12.87874031,80.21505737,50008,50018,10
12.87849998,80.2161026,50018,50029,11
12.87829971,80.21713257,50029,50039,10
12.87812996,80.21798706,50039,50049,10
12.87798023,80.21875,50049,50059,10
12.87777042,80.21970367,50059,50069,10
12.87751961,80.22068787,50069,50079,10
12.87734985,80.22155762,50079,50089,10
12.87712002,80.22247314,50089,50100,11
12.87689972,80.22344208,50100,50110,10
12.87672043,80.22428131,50110,50120,10
12.87662029,80.22515106,50120,50130,10
12.87652969,80.22595978,50130,50140,10
12.87642956,80.22673798,50140,50170,30
12.87642956,80.22673798,50170,50180,10
12.87677956,80.22682953,50180,50190,10
12.87728977,80.22672272,50190,50212,22
12.87905979,80.22662354,50212,50224,12
12.88018036,80.22662354,50224,50234,10
12.88107014,80.22664642,50234,50243,9
12.8817997,80.22664642,50243,50254,11
12.88280964,80.22662354,50254,50264,10
12.8836298,80.22653961,50264,50274,10
12.88469982,80.22653961,50274,50283,9
12.88539028,80.22660065,50283,50293,10
12.88624001,80.2268219,50293,50304,11
12.88726044,80.2270813,50304,50314,10
12.88815975,80.22717285,50314,50326,12
12.88920975,80.22720337,50326,50336,10
12.89008045,80.22718048,50336,50346,10
12.89095974,80.22718811,50346,50356,10
12.89173985,80.22722626,50356,50366,10
12.89218044,80.22721863,50366,50376,10
12.8926096,80.22727966,50376,50386,10
12.89323997,80.22736359,50386,50396,10
12.89398003,80.22737122,50396,51556,1160
12.89398003,80.22737122,51556,51566,10
12.89398956,80.22743988,51566,51576,10
12.89431953,80.22756195,51576,51586,10
12.89494991,80.22757721,51586,51597,11
12.89593029,80.22762299,51597,51607,10
12.89694023,80.22766113,51607,51617,10
12.89801979,80.22773743,51617,51627,10
12.89923,80.22779846,51627,51637,10
12.90032005,80.22782898,51637,51647,10
12.9007597,80.22775269,51647,51687,40
12.9007597,80.22775269,51687,51697,10
12.90116024,80.2278595,51697,51708,11
12.90190029,80.2279129,51708,51718,10
12.90283012,80.2279892,51718,51728,10
12.90396976,80.22805786,51728,51738,10
12.90524006,80.22814178,51738,51748,10
12.90649986,80.22823334,51748,51778,30
12.90649986,80.22823334,51778,51788,10
12.90657043,80.22824097,51788,51798,10
12.90701962,80.22828674,51798,51808,10
12.90779018,80.22839355,51808,51819,11
12.90894032,80.2285614,51819,51829,10
12.91018009,80.22878265,51829,51838,9
12.91139984,80.22895813,51838,51849,11
12.9127903,80.22914124,51849,51859,10
12.91436958,80.22937775,51859,51869,10
12.91580009,80.22958374,51869,51878,9
12.91707039,80.22975922,51878,51889,11
12.91864967,80.22997284,51889,51899,10
12.92008018,80.23014832,51899,51909,10
12.92136955,80.2303009,51909,51919,10
12.92294025,80.2305069,51919,51929,10
12.92440033,80.23072052,51929,51940,11
12.92601013,80.23092651,51940,51950,10
12.92745972,80.23110199,51950,51960,10
12.92881012,80.23127747,51960,51970,10
12.93008995,80.23156738,51970,51980,10
12.9314003,80.23191071,51980,51990,10
12.93270016,80.23236084,51990,52000,10
12.93362045,80.23275757,52000,52010,10
12.93445969,80.23312378,52010,52020,10
12.93527031,80.23342133,52020,52030,10
12.93595982,80.23378754,52030,52040,10
12.93669033,80.23407745,52040,52051,11
12.93764973,80.23458099,52051,52061,10
12.93859959,80.2350769,52061,52070,9
12.93941975,80.23549652,52070,52081,11
12.94036961,80.23590088,52081,52091,10
12.94147015,80.2361908,52091,52101,10
12.9426899,80.23654175,52101,52111,10
12.94363976,80.23728943,52111,52121,10
12.94445992,80.23822021,52121,52131,10
12.94528008,80.23908234,52131,52141,10
12.94624043,80.23959351,52141,52151,10
12.94717979,80.2399826,52151,52161,10
12.94797039,80.24028778,52161,52172,11
12.94898033,80.24066925,52172,52188,16
12.95081043,80.2412796,52188,52200,12
12.95193958,80.24169159,52200,52210,10
12.9526701,80.24195862,52210,52218,8
12.95368958,80.24237061,52218,52230,12
12.95464039,80.24275208,52230,52240,10
12.95538998,80.24302673,52240,52250,10
12.95619011,80.24337769,52250,52260,10
12.9565897,80.24349976,52260,52270,10
12.95728016,80.24375153,52270,52281,11
12.95816994,80.24414825,52281,52291,10
12.95880985,80.24442291,52291,52300,9
12.95926952,80.24462891,52300,52311,11
12.96014023,80.24501038,52311,52321,10
12.96109009,80.24545288,52321,52331,10
12.96216965,80.24598694,52331,52341,10
12.96308994,80.24646759,52341,52351,10
12.96329975,80.24668121,52351,52371,20
12.96335983,80.24645233,52371,52391,20
12.96335983,80.24645233,52391,52402,11
12.96364975,80.24664307,52402,52412,10
12.96420002,80.24693298,52412,52422,10
12.96498013,80.24723816,52422,52432,10
12.96588039,80.24755096,52432,52442,10
12.96667957,80.24787903,52442,52452,10
12.96681023,80.24791718,52452,52462,10
12.96695995,80.24799347,52462,52472,10
12.96730042,80.24819946,52472,52482,10
12.96805954,80.24849701,52482,52492,10
12.96895981,80.24886322,52492,52502,10
12.97006035,80.2492981,52502,52513,11
12.97142982,80.24976349,52513,52523,10
12.97276974,80.25012207,52523,52533,10
12.9741497,80.25048065,52533,52543,10
12.97548008,80.25083923,52543,52553,10
12.97667027,80.25118256,52553,52563,10
12.97766972,80.25164795,52563,52573,10
12.9785099,80.25235748,52573,52583,10
12.97953033,80.25261688,52583,52593,10
12.98033047,80.25266266,52593,52603,10
12.98110008,80.25261688,52603,52613,10
12.98209953,80.25256348,52613,52634,21
12.98209953,80.25256348,52634,52652,18
12.98231983,80.25254059,52652,52664,12
12.98243999,80.25253296,52664,52684,20
12.98243999,80.25253296,52684,52692,8
12.98264027,80.25248718,52692,52704,12
12.98320007,80.25244904,52704,52856,152
12.98320007,80.25244904,52856,52866,10
12.98357964,80.25240326,52866,52896,30
12.98357964,80.25240326,52896,52906,10
12.98375034,80.25235748,52906,52916,10
12.98433018,80.25221252,52916,53037,121
12.98433018,80.25221252,53037,53047,10
12.98468018,80.2521286,53047,53057,10
12.98499012,80.25202942,53057,53067,10
12.98552036,80.2518692,53067,53077,10
12.98620987,80.25164032,53077,53188,111
12.98620987,80.25164032,53188,53199,11
12.98647022,80.25158691,53199,53209,10
12.98682976,80.25151062,53209,53219,10
12.98727989,80.25138092,53219,53229,10
12.98775005,80.25128937,53229,53239,10
12.98841953,80.25112152,53239,53249,10
12.98939037,80.25089264,53249,53259,10
12.99028969,80.25067139,53259,53269,10
12.99176025,80.25029755,53269,53279,10
12.99312973,80.25,53279,53289,10
12.99452019,80.24964905,53289,53299,10
12.99588966,80.24928284,53299,53309,10
12.9973402,80.24887848,53309,53320,11
12.99894047,80.24848175,53320,53330,10
13.00034046,80.24816895,53330,53340,10
13.00177956,80.24778748,53340,53350,10
13.00323009,80.2474823,53350,53360,10
13.00467968,80.24729156,53360,53370,10
13.00562,80.24710846,53370,53380,10
13.0064497,80.24672699,53380,53390,10
13.00664997,80.24620056,53390,53400,10
13.00664997,80.24559784,53400,53410,10
13.00660038,80.24504089,53410,53420,10
13.00650978,80.24463654,53420,53431,11
13.0065403,80.24388123,53431,53441,10
13.00652027,80.24313354,53441,53451,10
13.00652981,80.24205017,53451,53461,10
13.00656986,80.2409668,53461,53471,10
13.00662994,80.24034882,53471,53481,10
13.00669956,80.2403183,53481,53491,10
13.00667953,80.24040222,53491,53501,10
13.00671005,80.23999023,53501,53509,8
13.00683975,80.23947906,53509,53521,12
13.00706005,80.23844147,53521,53531,10
13.00726032,80.23748779,53531,53542,11
13.00751972,80.23639679,53542,53552,10
13.00776958,80.23538208,53552,53562,10
13.00800037,80.23404694,53562,53572,10
13.00823021,80.23272705,53572,53582,10
13.00846004,80.23143768,53582,53592,10
13.00876999,80.23033905,53592,53602,10
13.00887966,80.22953796,53602,53612,10
13.00911999,80.22831726,53612,53622,10
13.00936031,80.22746277,53622,53632,10
13.00990009,80.22637939,53632,53642,10
13.01025009,80.22559357,53642,53652,10
13.01047039,80.22509766,53652,53663,11
13.01070976,80.224617,53663,53673,10
13.01095009,80.22412109,53673,53683,10
13.0111599,80.22335815,53683,53693,10
13.01121044,80.22324371,53693,53713,20
13.01121044,80.22324371,53713,53723,10
13.01132965,80.22286987,53723,53733,10
13.01159954,80.22234344,53733,53743,10
13.01212978,80.22154236,53743,53753,10
13.01206017,80.22077179,53753,53763,10
13.01179981,80.21997833,53763,53774,11
13.01152992,80.21907043,53774,53784,10
13.01124954,80.21820068,53784,53794,10
13.01091957,80.2173233,53794,53804,10
13.01051998,80.21643829,53804,53814,10
13.01012993,80.21555328,53814,53824,10
13.01000023,80.21453857,53824,53834,10
13.00959969,80.21356201,53834,53844,10
13.00922012,80.21260071,53844,53853,9
13.00899982,80.21204376,53853,53864,11
13.00883007,80.21154022,53864,53874,10
13.00858974,80.21089172,53874,53885,11
13.00829029,80.20996857,53885,53895,10
13.00802994,80.20905304,53895,53903,8
13.00788975,80.20828247,53903,53914,11
13.00769043,80.20732117,53914,53925,11
13.00761032,80.20659637,53925,53935,10
13.00751972,80.20558929,53935,53945,10
13.00749969,80.20484924,53945,53955,10
13.00747967,80.20404053,53955,53965,10
13.00730991,80.20304871,53965,53975,10
13.00664997,80.20243073,53975,53985,10
13.00669956,80.20324707,53985,53995,10
13.00743008,80.20374298,53995,54006,11
13.00823021,80.20379639,54006,54016,10
13.00938988,80.20365906,54016,54026,10
13.01066017,80.20362091,54026,54036,10
13.01194,80.20375824,54036,54046,10
13.01299953,80.20400238,54046,54056,10
13.01358986,80.20417786,54056,54066,10
13.01362991,80.20439911,54066,54076,10
13.0134697,80.20484161,54076,54086,10
13.0132103,80.20561218,54086,54096,10
13.01301956,80.2064209,54096,54106,10
13.01296043,80.20702362,54106,54117,11
13.01286983,80.20774078,54117,54127,10
13.01288986,80.20842743,54127,54137,10
13.01296043,80.20896912,54137,54153,16
13.01329041,80.20980835,54153,54165,12
13.01319981,80.21034241,54165,54175,10
13.01305962,80.21067047,54175,54184,9
13.01282978,80.21114349,54184,54194,10
13.01243973,80.21179962,54194,54205,11
13.01212025,80.21244812,54205,54215,10
13.01194954,80.21264648,54215,54225,10
13.01206017,80.21292114,54225,54236,11
13.01249981,80.21337128,54236,54246,10
13.01309013,80.21375275,54246,54256,10
13.01348019,80.21394348,54256,54266,10
13.01403999,80.21427917,54266,54276,10
13.01482964,80.21468353,54276,54286,10
13.01568031,80.21520233,54286,54295,9
13.01609039,80.21553802,54295,54305,10
13.01644039,80.21617126,54305,54316,11
13.01688957,80.21697998,54316,54326,10
13.01739025,80.21775055,54326,54336,10
13.01801968,80.21843719,54336,54347,11
13.01856995,80.2188797,54347,54356,9
13.01881027,80.21914673,54356,54367,11
13.01922989,80.21945953,54367,54377,10
13.01961994,80.21951294,54377,54387,10
13.02013016,80.21948242,54387,54397,10
13.0206604,80.21949005,54397,54407,10
13.02103043,80.21949005,54407,54417,10
13.02138042,80.21941376,54417,54427,10
13.02171993,80.21948242,54427,54437,10
13.02198029,80.21949768,54437,54447,10
13.02221966,80.21949768,54447,54457,10
13.02274036,80.21954346,54457,54468,11
13.02340031,80.21964264,54468,54478,10
13.02388954,80.21974945,54478,54488,10
13.02418041,80.2197113,54488,54504,16
13.02414989,80.21961975,54504,54516,12
13.02427959,80.21945953,54516,54526,10
13.02435017,80.2191925,54526,54536,10
13.02431965,80.2184906,54536,54546,10
13.02420044,80.21785736,54546,54556,10
13.02420044,80.21717834,54556,54566,10
13.02427959,80.2166214,54566,54577,11
13.02429008,80.21661377,54577,54587,10
13.02453041,80.21675873,54587,54597,10
13.02453995,80.21710968,54597,54607,10
13.02460003,80.21752167,54607,54617,10
13.02464008,80.21800995,54617,54627,10
13.02466011,80.21822357,54627,54637,10
13.02468967,80.21829224,54637,54647,10
13.02472973,80.21840668,54647,54667,20
13.02462959,80.21833801,54667,54698,31
13.02462959,80.21833801,54698,54708,10
13.02464008,80.21853638,54708,54748,40
13.02464008,80.21853638,54748,54758,10
13.02482033,80.21874237,54758,54768,10
13.02482986,80.21894073,54768,54778,10
13.02484989,80.21927643,54778,54788,10
13.02490044,80.2195816,54788,54798,10
13.02474976,80.21971893,54798,54809,11
13.02451038,80.21981812,54809,54819,10
13.02414036,80.2197876,54819,54829,10
13.02383995,80.21977997,54829,54839,10
13.02346039,80.21975708,54839,54849,10
13.02322006,80.21977234,54849,54859,10
13.02289963,80.2197876,54859,54869,10
13.02215958,80.21946716,54869,54879,10
13.02176952,80.21943665,54879,54889,10
13.02159023,80.2195282,54889,54899,10
13.0216198,80.21987915,54899,54909,10
13.02145958,80.21974182,54909,54920,11
13.02106953,80.21929169,54920,54930,10
13.02091026,80.2193222,54930,54940,10
13.02081013,80.21948242,54940,54950,10
13.02064037,80.21935272,54950,54960,10
13.02035999,80.21942139,54960,54970,10
13.02001953,80.21948242,54970,54980,10
13.01963043,80.21951294,54980,54990,10
13.01926041,80.21942902,54990,55000,10
13.01861954,80.21901703,55000,55020,20
13.01861954,80.21901703,55020,55030,10
13.01840973,80.21884155,55030,55041,11
13.0181303,80.21852875,55041,55051,10
13.01762962,80.21800995,55051,55061,10
13.01716995,80.21736908,55061,55071,10
13.01671982,80.21669006,55071,55081,10
13.01632977,80.21585083,55081,55097,16
13.01556969,80.21517944,55097,55109,12
13.01506996,80.21475983,55109,55117,8
13.01461983,80.21446228,55117,55129,12
13.01395035,80.21407318,55129,55139,10
13.01329994,80.21366882,55139,55150,11
13.01255035,80.21312714,55150,55160,10
13.01208019,80.21276093,55160,55169,9
13.01150036,80.21237946,55169,55180,11
13.01088047,80.21195984,55180,55190,10
13.01039982,80.2116394,55190,55200,10
13.01012993,80.21148682,55200,55210,10
13.00949955,80.21115112,55210,55240,30
13.00926018,80.21098328,55240,55281,41
13.00926018,80.21098328,55281,55291,10
13.0089798,80.21087646,55291,55301,10
13.0089798,80.21085358,55301,55311,10
13.00909042,80.21089935,55311,55327,16
13.00918007,80.21092987,55327,55410,83
13.00918007,80.21092987,55410,55420,10
13.00909996,80.21076202,55420,55541,121
13.00909996,80.21076202,55541,55551,10
13.00916958,80.21086121,55551,55561,10
13.00926018,80.21098328,55561,55571,10
13.00938988,80.21103668,55571,55632,61
13.00938988,80.21103668,55632,55642,10
13.00918007,80.21092987,55642,55652,10
13.00914955,80.21092224,55652,55662,10
13.0090704,80.21102905,55662,55672,10
13.00891972,80.21112823,55672,55682,10
13.00887966,80.2115097,55682,55692,10
13.00911045,80.21202087,55692,55702,10
13.00942039,80.21240234,55702,55712,10
13.00973034,80.21320343,55712,55722,10
13.01004028,80.21412659,55722,55733,11
13.01019001,80.21515656,55733,55743,10
13.01043034,80.21605682,55743,55753,10
13.01076031,80.21694183,55753,55763,10
13.01119995,80.21769714,55763,55773,10
13.01158047,80.21884918,55773,55783,10
13.01191998,80.21994019,55783,55793,10
13.01218987,80.22071838,55793,55803,10
13.01264,80.22147369,55803,55813,10
13.01294994,80.22193909,55813,55823,10
13.01315022,80.22219849,55823,55834,11
13.0132103,80.22225189,55834,55844,10
13.0134697,80.22270966,55844,55854,10
13.01368046,80.22322845,55854,55864,10
13.01399994,80.22358704,55864,55874,10
13.01441956,80.22392273,55874,55884,10
13.01478004,80.22445679,55884,55894,10
13.01500988,80.22492218,55894,55904,10
13.01527977,80.22515869,55904,55914,10
13.01535988,80.22550201,55914,55924,10
13.01511002,80.22589874,55924,55934,10
13.01509953,80.22590637,55934,55944,10
13.01490021,80.22601318,55944,55954,10
13.01441956,80.2261734,55954,55965,11
13.01368046,80.22644043,55965,55975,10
13.01286983,80.22672272,55975,55985,10
13.01204967,80.2270813,55985,55995,10
13.01117992,80.22743988,55995,56005,10
13.01031971,80.22775269,56005,56015,10
13.00969982,80.22792816,56015,56025,10
13.00949955,80.22743988,56025,56035,10
13.00979996,80.22689056,56035,56045,10
13.0102396,80.22614288,56045,56055,10
13.01060009,80.22531891,56055,56066,11
13.01070976,80.22509003,56066,56076,10
13.01068974,80.22499847,56076,56086,10
13.01082039,80.22467804,56086,56096,10
13.01134014,80.2243576,56096,56106,10
13.01152039,80.22364044,56106,56116,10
13.01121044,80.22310638,56116,56126,10
13.01047039,80.22273254,56126,56136,10
13.00977039,80.22238159,56136,56146,10
13.00883007,80.22189331,56146,56156,10
13.0080204,80.22138977,56156,56166,10
13.00697994,80.22084045,56166,56177,11
13.00594997,80.22052765,56177,56187,10
13.00492954,80.22032166,56187,56197,10
13.00403023,80.22016144,56197,56206,9
13.0033102,80.22000122,56206,56215,9
13.00273037,80.21968079,56215,56227,12
13.0019598,80.21901703,56227,56237,10
13.00129986,80.21846008,56237,56247,10
13.00059986,80.2179718,56247,56257,10
12.99985981,80.21753693,56257,56266,9
12.99925995,80.21713257,56266,56277,11
12.99866962,80.2168808,56277,56287,10
12.99773026,80.21655273,56287,56318,31
12.99773026,80.21655273,56318,56328,10
12.99740028,80.21656036,56328,56348,20
12.99740028,80.21656036,56348,56358,10
12.99715996,80.21656036,56358,56368,10
12.99691963,80.21652985,56368,56378,10
12.99660969,80.21650696,56378,56388,10
12.99645042,80.21659851,56388,56398,10
12.99617958,80.21658325,56398,56409,11
12.99596977,80.21668243,56409,56419,10
12.9957304,80.21681213,56419,56429,10
12.99555969,80.21684265,56429,56439,10
12.99536991,80.21688843,56439,56449,10
12.99516964,80.21698761,56449,56459,10
12.99497032,80.21713257,56459,56469,10
12.99475956,80.2173233,56469,56479,10
12.99440002,80.21759033,56479,56489,10
12.99402046,80.21787262,56489,56499,10
12.9934597,80.21826935,56499,56509,10
12.99300003,80.21855927,56509,56520,11
12.99228954,80.21907806,56520,56530,10
12.99162006,80.21961975,56530,56540,10
12.99104977,80.22007751,56540,56550,10
12.99075985,80.22012329,56550,56560,10
12.99063969,80.22020721,56560,56570,10
12.99028969,80.22058868,56570,56580,10
12.98972988,80.22112274,56580,56589,9
12.98923969,80.22158051,56589,56600,11
12.98892975,80.22197723,56600,56610,10
12.98840046,80.22252655,56610,56620,10
12.9878397,80.22293854,56620,56630,10
12.98760986,80.22303772,56630,56641,11
12.98746014,80.22303772,56641,56651,10
12.98715019,80.22306061,56651,56661,10
12.98688984,80.22296143,56661,56671,10
12.98637962,80.22293854,56671,56681,10
12.98567963,80.22299957,56681,56691,10
12.98538017,80.22325897,56691,56701,10
12.98513031,80.22322845,56701,56710,9
12.98468018,80.22303772,56710,56720,10
12.98412037,80.22268677,56720,56731,11
12.98377991,80.22251129,56731,56741,10
12.98371983,80.2224884,56741,56752,11
12.98353958,80.22236633,56752,56762,10
12.98322964,80.22213745,56762,56772,10
12.98313999,80.22206116,56772,56782,10
12.98301983,80.22203064,56782,56792,10
12.98293972,80.22197723,56792,56802,10
12.98272038,80.2218399,56802,56812,10
12.98227978,80.22174835,56812,56822,10
12.98188019,80.22149658,56822,56832,10
12.98143005,80.22123718,56832,56842,10
12.98083973,80.22103119,56842,56852,10
12.98003006,80.22109222,56852,56862,10
12.97912025,80.22113037,56862,56873,11
12.97813988,80.22118378,56873,56883,10
12.97778034,80.22119904,56883,56893,10
12.97706032,80.22126007,56893,56903,10
12.97622967,80.22126007,56903,56912,9
12.97624016,80.22160339,56912,56973,61
12.97624016,80.22160339,56973,56984,11
12.97626019,80.22164154,56984,56994,10
12.97634029,80.22176361,56994,57004,10
12.97651958,80.22210693,57004,57014,10
12.97688961,80.22267914,57014,57024,10
12.97729015,80.22335052,57024,57034,10
12.97774982,80.22409821,57034,57044,10
12.97819996,80.22473907,57044,57054,10
12.97859955,80.22537231,57054,57064,10
12.97902966,80.2261734,57064,57074,10
12.97935963,80.22675323,57074,57092,18
12.98007965,80.22798157,57092,57104,12
12.98046017,80.22857666,57104,57115,11
12.98079014,80.22917938,57115,57125,10
12.98106956,80.22966766,57125,57135,10
12.98147964,80.23008728,57135,57145,10
12.98165989,80.23032379,57145,57155,10
12.98171997,80.23055267,57155,57165,10
12.98190975,80.23103333,57165,57175,10
12.98202038,80.23169708,57175,57185,10
12.98200035,80.23232269,57185,57195,10
12.98178959,80.23301697,57195,57205,10
12.9816103,80.23343658,57205,57216,11
12.98153973,80.23358154,57216,57225,9
12.98136044,80.23399353,57225,57237,12
12.98124027,80.23486328,57237,57247,10
12.98128033,80.23586273,57247,57257,10
12.98130989,80.2370224,57257,57267,10
12.98130035,80.23796844,57267,57277,10
12.98132038,80.23854065,57277,57287,10
12.98130989,80.23860931,57287,57297,10
12.98128986,80.23882294,57297,57307,10
12.98134041,80.2394104,57307,57317,10
12.98130035,80.23983002,57317,57328,11
12.98134041,80.24063873,57328,57338,10
12.98134041,80.24150848,57338,57348,10
12.98138046,80.24236298,57348,57358,10
12.98138046,80.2430191,57358,57374,16
12.98138046,80.24311829,57374,57386,12
12.98132992,80.2436676,57386,57394,8
12.98124981,80.24437714,57394,57406,12
12.98108959,80.2456131,57406,57416,10
12.98095989,80.24680328,57416,57426,10
12.98083973,80.24796295,57426,57436,10
12.98073006,80.24912262,57436,57447,11
12.9804697,80.25051117,57447,57456,9
12.98019028,80.2516098,57456,57467,11
12.97996044,80.25235748,57467,57476,9
12.97980976,80.25266266,57476,57488,12
12.9797802,80.25270081,57488,57497,9
12.97974014,80.25286102,57497,57508,11
12.97951984,80.25283813,57508,57518,10
12.97893047,80.25273895,57518,57528,10
12.97858047,80.25257874,57528,57538,10
12.97848034,80.25251007,57538,57548,10
12.97803974,80.25216675,57548,57559,11
12.9773798,80.25157928,57559,57569,10
12.97657013,80.25118256,57569,57579,10
12.97546005,80.25086212,57579,57589,10
12.97428036,80.25052643,57589,57599,10
12.97321987,80.25028229,57599,57609,10
12.97245979,80.25018311,57609,57619,10
12.97243023,80.25016022,57619,57629,10
12.97204018,80.25005341,57629,57639,10
12.97128963,80.24984741,57639,57649,10
12.97054005,80.2496109,57649,57659,10
12.96963024,80.24925995,57659,57670,11
12.96848011,80.24871826,57670,57680,10
12.96753979,80.24835205,57680,57690,10
12.96671963,80.24799347,57690,57700,10
12.96607018,80.2477417,57700,57710,10
12.96531963,80.24745178,57710,57720,10
12.96506977,80.24743652,57720,57730,10
12.96490002,80.24732971,57730,57740,10
12.9640398,80.24700165,57740,57770,30
12.9640398,80.24700165,57770,57781,11
12.96376991,80.2469101,57781,57791,10
12.96319962,80.24664307,57791,57801,10
12.96238995,80.24623871,57801,57811,10
12.96154022,80.24584198,57811,57821,10
12.96065044,80.24542236,57821,57831,10
12.95971012,80.24497223,57831,57841,10
12.95925045,80.24476624,57841,57851,10
12.95884991,80.24462128,57851,57861,10
12.95818996,80.24432373,57861,57871,10
12.95769978,80.244133,57871,57881,10
12.95687008,80.24385834,57881,57952,71
12.95687008,80.24385834,57952,57962,10
12.95652008,80.24369812,57962,58053,91
12.95643997,80.24343872,58053,58073,20
12.95643997,80.24343872,58073,58083,10
12.95625019,80.24342346,58083,58093,10
12.95561028,80.2432785,58093,58103,10
12.95481968,80.24291992,58103,58113,10
12.9538002,80.24250793,58113,58123,10
12.95263958,80.24198151,58123,58134,11
12.95151997,80.24165344,58134,58144,10
12.95147991,80.24163818,58144,58154,10
12.95116043,80.24152374,58154,58164,10
12.95042038,80.2412796,58164,58174,10
12.94919968,80.2408905,58174,58194,20
12.94919968,80.2408905,58194,58204,10
12.94911957,80.24085236,58204,58214,10
12.94886971,80.2407608,58214,58224,10
12.94822025,80.24050903,58224,58234,10
12.94731998,80.24012756,58234,58245,11
12.94699955,80.24001312,58245,58255,10
12.94690037,80.2399826,58255,58265,10
12.94639969,80.23977661,58265,58275,10
12.94561005,80.23944092,58275,58285,10
12.94478035,80.23872375,58285,58295,10
12.9439497,80.23787689,58295,58305,10
12.94305992,80.23693848,58305,58315,10
12.94207954,80.23644257,58315,58325,10
12.94042015,80.23602295,58325,58335,10
12.93976974,80.2358017,58335,58345,10
12.93972015,80.23574066,58345,58357,12
12.93912029,80.23548126,58357,58367,10
12.93828964,80.23503876,58367,58377,10
12.93725967,80.23452759,58377,58387,10
12.93612003,80.23394775,58387,58397,10
12.93504047,80.23345947,58397,58407,10
12.93397045,80.23301697,58407,58417,10
12.93383026,80.23297119,58417,58427,10
12.93367004,80.23290253,58427,58437,10
12.93303967,80.23262024,58437,58447,10
12.93216038,80.23227692,58447,58457,10
12.93103981,80.23188019,58457,58467,10
12.92980003,80.23155212,58467,58478,11
12.92854023,80.23130798,58478,58494,16
12.92656994,80.23104095,58494,58506,12
12.92603016,80.23101044,58506,58516,10
12.92576981,80.23097992,58516,58526,10
12.92496967,80.23091888,58526,58536,10
12.92409039,80.23081207,58536,58546,10
12.92306995,80.23065186,58546,58556,10
12.92173958,80.23043823,58556,58566,10
12.92039967,80.23026276,58566,58576,10
12.91917038,80.23008728,58576,58587,11
12.91779995,80.22988129,58587,58597,10
12.91662025,80.2297287,58597,58607,10
12.91536999,80.22953796,58607,58617,10
12.91401005,80.22936249,58617,58627,10
12.91327953,80.22930145,58627,58637,10
12.91312027,80.22926331,58637,58647,10
12.91252041,80.22917175,58647,58657,10
12.91162968,80.22902679,58657,58667,10
12.91049004,80.22888184,58667,58677,10
12.90919971,80.22868347,58677,58687,10
12.90787983,80.22846985,58687,58697,10
12.90697956,80.22839355,58697,58758,61
12.90697956,80.22839355,58758,58768,10
12.90686035,80.22844696,58768,58778,10
12.90643978,80.2283783,58778,58788,10
12.90631008,80.2283783,58788,58798,10
12.90592003,80.22834015,58798,58808,10
12.90515995,80.22827911,58808,58819,11
12.90404987,80.22821045,58819,58829,10
12.90297985,80.22814941,58829,58839,10
12.90200043,80.22808838,58839,58849,10
12.90118027,80.22801971,58849,58940,91
12.90118027,80.22801971,58940,58950,10
12.90106964,80.22805786,58950,58960,10
12.90069962,80.22802734,58960,58970,10
12.89953995,80.22794342,58970,59000,30
12.89953995,80.22794342,59000,59010,10
12.89943981,80.2279129,59010,59020,10
12.8989296,80.22789001,59020,59030,10
12.89811993,80.22782135,59030,59041,11
12.89702034,80.22776794,59041,59051,10
12.89595985,80.22773743,59051,59061,10
12.89501953,80.22772217,59061,59071,10
12.89406967,80.22766113,59071,59081,10
12.89309978,80.22756195,59081,59111,30
12.89309978,80.22756195,59111,59121,10
12.89286041,80.22753906,59121,59131,10
12.89251995,80.22750854,59131,59141,10
12.89204979,80.22743988,59141,59151,10
12.89138031,80.22743988,59151,59162,11
12.8902998,80.22744751,59162,59172,10
12.88922024,80.22743988,59172,59182,10
12.8884697,80.22741699,59182,59192,10
12.88834,80.22741699,59192,59202,10
12.88782024,80.22737885,59202,59212,10
12.88696957,80.22722626,59212,59222,10
12.88589954,80.22696686,59222,59232,10
12.88500023,80.22679138,59232,59242,10
12.88481045,80.22678375,59242,59252,10
12.8847599,80.22678375,59252,59262,10
12.88418961,80.22676849,59262,59273,11
12.8831501,80.22679138,59273,59283,10
12.88195992,80.22679901,59283,59293,10
12.88062,80.22680664,59293,59303,10
12.87921047,80.22683716,59303,59313,10
12.8777504,80.22691345,59313,59323,10
12.87656021,80.22708893,59323,59333,10
12.87646008,80.22695923,59333,59343,10
12.87640953,80.22682953,59343,59353,10
12.87642002,80.22662354,59353,59363,10
12.8764801,80.22624969,59363,59373,10
12.87656975,80.22551727,59373,59383,10
12.8767004,80.22454071,59383,59394,11
12.87697983,80.22309875,59394,59404,10
12.87726974,80.22170258,59404,59414,10
12.87759018,80.2203598,59414,59424,10
12.87786961,80.21917725,59424,59434,10
12.87812996,80.21790314,59434,59450,16
12.87849998,80.21611786,59450,59462,12
12.87884998,80.21468353,59462,59472,10
12.87903023,80.21362305,59472,59482,10
12.87930965,80.2120285,59482,59492,10
12.87944984,80.21112823,59492,59502,10
12.87921047,80.21099854,59502,59513,11
12.87919998,80.21101379,59513,59522,9
12.87913036,80.21101379,59522,59533,11
12.87868977,80.21092224,59533,59544,11
12.87798023,80.21080017,59544,59553,9
12.87703991,80.21060181,59553,59564,11
12.87604046,80.21041107,59564,59574,10
12.87465,80.21013641,59574,59594,20
12.87465,80.21013641,59594,59604,10
12.87450027,80.21012878,59604,59615,11
12.87438011,80.20983124,59615,59625,10
12.87465954,80.20954132,59625,59635,10
12.87477016,80.20970917,59635,59675,40
12.87479973,80.2098999,59675,59715,40
12.87479973,80.2098999,59715,59725,10
12.87465954,80.20986176,59725,59736,11
12.87467003,80.20980835,59736,59746,10
12.87464046,80.2098465,59746,59756,10
12.87465,80.2098465,59756,59766,10
12.87465954,80.20983887,59766,59776,10
12.87475014,80.20993042,59776,59786,10
12.87483978,80.21003723,59786,59796,10
12.8747797,80.20995331,59796,59806,10
12.87471962,80.20982361,59806,59816,10
12.87473965,80.20996857,59816,59826,10
12.87473965,80.20989227,59826,59836,10
12.87473011,80.20987701,59836,59847,11
12.87471962,80.20982361,59847,59857,10
12.87469006,80.21002197,59857,59867,10
12.87481976,80.21071625,59867,59887,20
12.87481976,80.21071625,59887,59897,10
12.87462997,80.21003723,59897,59916,19
12.87462997,80.21003723,59916,59927,11
12.87465954,80.20970917,59927,59937,10
12.87467003,80.20983124,59937,60018,81
12.87467003,80.20983124,60018,60028,10
12.8744297,80.20951843,60028,60058,30
12.8744297,80.20951843,60058,60068,10
12.87458038,80.2097168,60068,60079,11
12.87452984,80.20973969,60079,60119,40
12.87467957,80.20993042,60119,60139,20
12.87467957,80.20993042,60139,60149,10
12.87462997,80.20986938,60149,60159,10
12.87454033,80.2096405,60159,60169,10
12.87440968,80.20944214,60169,60179,10
12.87440968,80.20941925,60179,60190,11
12.87440968,80.20944214,60190,60200,10
12.87458992,80.20970154,60200,60210,10
12.87460041,80.2097168,60210,60220,10
12.87462997,80.20980835,60220,60230,10
12.87464046,80.20980072,60230,60240,10
12.87458038,80.20968628,60240,60259,19
12.87458038,80.20968628,60259,60270,11
12.87454987,80.20964813,60270,60280,10
12.87456989,80.2096405,60280,60290,10
12.87471962,80.2098999,60290,60300,10
12.87471008,80.21016693,60300,60311,11
12.87491989,80.21031952,60311,60321,10
12.87524986,80.21027374,60321,60331,10
12.87582016,80.21037292,60331,60341,10
12.87640953,80.21044159,60341,60351,10
12.87712955,80.21058655,60351,60361,10
12.87761021,80.21069336,60361,60371,10
12.87833977,80.21082306,60371,60381,10
12.87895966,80.21089935,60381,60391,10
12.87919044,80.21098328,60391,60400,9
12.87926006,80.21099854,60400,60410,10
12.87950039,80.21121216,60410,60422,12
12.87934971,80.21202087,60422,60432,10
12.87922001,80.21295166,60432,60442,10
12.87901974,80.21404266,60442,60452,10
12.87876034,80.21533203,60452,60462,10
12.87849045,80.21653748,60462,60472,10
12.8782196,80.2177887,60472,60482,10
12.87794018,80.21907806,60482,60492,10
12.87769032,80.22035217,60492,60502,10
12.87740993,80.22128296,60502,60512,10
12.87718964,80.22223663,60512,60522,10
12.87697029,80.2233429,60522,60532,10
12.87674999,80.22451782,60532,60543,11
12.87660027,80.22589111,60543,60553,10
12.87644958,80.22685242,60553,60573,20
12.87644958,80.22685242,60573,60583,10
12.87650013,80.22689819,60583,60593,10
12.87652016,80.22692108,60593,60603,10
12.87683964,80.22686005,60603,60613,10
12.87759018,80.22679901,60613,60623,10
12.87866974,80.22672272,60623,60633,10
12.87994003,80.2266922,60633,60643,10
12.88125992,80.2266922,60643,60654,11
12.88278961,80.22663879,60654,60664,10
12.88418007,80.22664642,60664,60674,10
12.88525009,80.22673035,60674,60684,10
12.88525009,80.22673798,60684,60694,10
12.88553047,80.22666168,60694,60704,10
12.88617992,80.22686005,60704,60714,10
12.88708973,80.22711945,60714,60724,10
12.88815975,80.22733307,60724,60734,10
12.88875008,80.22747803,60734,60744,10
12.88869953,80.22730255,60744,60754,10
12.88922977,80.22730255,60754,60765,11
12.89017963,80.22734833,60765,60775,10
12.89105034,80.22730255,60775,60785,10
12.89188004,80.22728729,60785,60795,10
12.89194012,80.22727966,60795,60805,10
12.89200974,80.22730255,60805,60815,10
12.89233971,80.22731781,60815,60825,10
12.89291954,80.22737122,60825,60835,10
12.89406967,80.22743225,60835,60855,20
12.89406967,80.22743225,60855,60865,10
12.89430046,80.2275238,60865,60875,10
12.89494991,80.22756195,60875,60886,11
12.89593983,80.22754669,60886,60896,10
12.89712048,80.2276535,60896,60906,10
12.89838028,80.22773743,60906,60916,10
12.89949036,80.2278595,60916,60926,10
12.90044022,80.22788239,60926,60936,10
12.90118027,80.22795105,60936,60946,10
12.90190983,80.2279892,60946,60956,10
12.90246964,80.2279892,60956,60966,10
12.90299988,80.22798157,60966,60997,31
12.90299988,80.22798157,60997,61007,10
12.90326023,80.22795868,61007,61017,10
12.90392971,80.22805786,61017,61027,10
12.90480042,80.22805786,61027,61037,10
12.90554047,80.22807312,61037,61095,58
12.90554047,80.22807312,61095,61105,10
12.90583038,80.22814941,61105,61116,11
12.90637016,80.22820282,61116,61125,9
12.90664005,80.22821045,61125,61135,10
12.90703964,80.22824097,61135,61146,11
12.90697956,80.22817993,61146,61155,9
12.90711975,80.22820282,61155,61166,11
12.90762043,80.22827148,61166,61176,10
12.90855026,80.22846222,61176,61186,10
12.90954018,80.22859955,61186,61196,10
12.91061974,80.22878265,61196,61206,10
12.9117403,80.22894287,61206,61216,10
12.91294003,80.22914124,61216,61227,11
12.91382027,80.22924042,61227,61247,20
12.91382027,80.22924042,61247,61257,10
12.91421986,80.22934723,61257,61267,10
12.91495037,80.22942352,61267,61277,10
12.91586018,80.22956848,61277,61287,10
12.91699028,80.22963715,61287,61297,10
12.91818047,80.22978973,61297,61307,10
12.91911983,80.23001099,61307,61317,10
12.91930008,80.23001099,61317,61327,10
12.91963005,80.23001862,61327,61338,11
12.92045975,80.23017883,61338,61347,9
12.92129993,80.23030853,61347,61358,11
12.9225502,80.23049927,61358,61368,10
12.9238596,80.23069,61368,61378,10
12.92521954,80.23084259,61378,61388,10
12.92632008,80.23094177,61388,61398,10
12.92642021,80.23094177,61398,61408,10
12.92648029,80.23092651,61408,61418,10
12.92700005,80.23100281,61418,61428,10
12.92782021,80.2310791,61428,61438,10
12.9285202,80.23121643,61438,61449,11
12.92940998,80.23142242,61449,61459,10
12.9302597,80.2315979,61459,61469,10
12.93126011,80.23188782,61469,61479,10
12.9323101,80.23223877,61479,61489,10
12.93317986,80.23252106,61489,61499,10
12.93354034,80.2326889,61499,61509,10
12.93354034,80.23268127,61509,61519,10
12.93389988,80.23285675,61519,61529,10
12.93457985,80.23319244,61529,61539,10
12.93515015,80.23345947,61539,61549,10
12.93542004,80.23358154,61549,61560,11
12.93562031,80.2336731,61560,61570,10
12.9360199,80.23384857,61570,61580,10
12.93671989,80.23416138,61580,61590,10
12.93762016,80.23458862,61590,61600,10
12.93873978,80.23513794,61600,61610,10
12.93941021,80.23547363,61610,61620,10
12.93947983,80.23551178,61620,61630,10
12.93982983,80.23561859,61630,61640,10
12.94054031,80.23592377,61640,61650,10
12.94145012,80.23618317,61650,61660,10
12.94237995,80.2364502,61660,61670,10
12.94324017,80.23690033,61670,61681,11
12.94410038,80.23783112,61681,61691,10
12.94501972,80.23879242,61691,61701,10
12.94608974,80.23953247,61701,61711,10
12.94701958,80.23989105,61711,61721,10
12.94715977,80.23992157,61721,61731,10
12.94725037,80.24001312,61731,61741,10
12.94740009,80.24005127,61741,61751,10
12.94783974,80.24019623,61751,61761,10
12.94841003,80.24044037,61761,61771,10
12.94869995,80.24051666,61771,61792,21
12.94869995,80.24051666,61792,61802,10
12.9489603,80.2406311,61802,61812,10
12.94954014,80.24080658,61812,61822,10
12.95034027,80.24107361,61822,61832,10
12.95100021,80.24133301,61832,61842,10
12.95112038,80.24140167,61842,61852,10
12.95164013,80.24157715,61852,61862,10
12.95234013,80.24183655,61862,61872,10
12.95306015,80.24211884,61872,61882,10
12.95382023,80.24241638,61882,61892,10
12.95452976,80.2427063,61892,61902,10
12.95530033,80.24301147,61902,61913,11
12.95627975,80.24333191,61913,61933,20
12.95627975,80.24333191,61933,61943,10
12.95637035,80.24333191,61943,61953,10
12.95650005,80.24344635,61953,61963,10
12.9571104,80.24371338,61963,61973,10
12.95792007,80.2440567,61973,61983,10
12.95866013,80.24436951,61983,61993,10
12.95872021,80.24440765,61993,62003,10
12.95891953,80.24452209,62003,62013,10
12.9594698,80.24478149,62013,62024,11
12.96051979,80.24521637,62024,62034,10
12.96154976,80.24571991,62034,62044,10
12.96263981,80.24623108,62044,62054,10
12.96310997,80.24649048,62054,62064,10
12.96327972,80.24659729,62064,62104,40
12.96327972,80.24659729,62104,62114,10
12.96341038,80.24651337,62114,62124,10
12.96383953,80.24674988,62124,62135,11
12.96463966,80.24704742,62135,62145,10
12.96562958,80.24742126,62145,62154,9
12.96700001,80.24803925,62154,62175,21
12.96700001,80.24803925,62175,62185,10
12.96722984,80.24812317,62185,62195,10
12.96778965,80.2483902,62195,62205,10
12.96856976,80.248703,62205,62215,10
12.96945953,80.2490921,62215,62225,10
12.97049999,80.24949646,62225,62235,10
12.97157955,80.24980927,62235,62245,10
12.97257996,80.25007629,62245,62256,11
12.97356033,80.25035095,62256,62266,10
12.97443962,80.25055695,62266,62286,20
12.97443962,80.25055695,62286,62296,10
12.97472,80.25064087,62296,62306,10
12.97529984,80.25080109,62306,62316,10
12.97609997,80.25105286,62316,62326,10
12.97696018,80.25132751,62326,62336,10
12.97780991,80.25182343,62336,62346,10
12.97848034,80.25235748,62346,62356,10
12.97889996,80.25254059,62356,62367,11
12.97937965,80.25257874,62367,62377,10
12.97994995,80.25229645,62377,62407,30
12.97994995,80.25229645,62407,62417,10
12.98001957,80.25189972,62417,62427,10
12.98021984,80.25131989,62427,62437,10
12.98046017,80.25045013,62437,62447,10
12.98068047,80.24933624,62447,62457,10
12.98077965,80.24822235,62457,62467,10
12.98091984,80.24678802,62467,62478,11
12.98108006,80.24529266,62478,62488,10
12.98122025,80.2440567,62488,62498,10
12.98134041,80.24352264,62498,62508,10
12.98136997,80.2432785,62508,62518,10
12.98136997,80.24294281,62518,62528,10
12.98136044,80.24291229,62528,62538,10
12.98134041,80.24281311,62538,62548,10
12.98139,80.24256134,62548,62558,10
12.98138046,80.24201965,62558,62568,10
12.98136997,80.24128723,62568,62578,10
12.98132992,80.2405777,62578,62589,11
12.98130989,80.23976898,62589,62599,10
12.98126984,80.23908997,62599,62609,10
12.98128033,80.23877716,62609,62619,10
12.98126984,80.23821259,62619,62629,10
12.98128033,80.23796844,62629,62639,10
12.9812603,80.23789978,62639,62649,10
12.98128033,80.23753357,62649,62659,10
12.98128033,80.23686218,62659,62669,10
12.98122978,80.2360611,62669,62679,10
12.98122025,80.23522186,62679,62689,10
12.98120022,80.23435211,62689,62699,10
12.98165035,80.23336029,62699,62720,21
12.98165035,80.23336029,62720,62730,10
12.98180962,80.23301697,62730,62740,10
12.98196983,80.23253632,62740,62750,10
12.98194981,80.23210144,62750,62760,10
12.98188019,80.23177338,62760,62770,10
12.98184013,80.23120117,62770,62780,10
12.98167038,80.23084259,62780,62790,10
12.98138046,80.23036957,62790,62800,10
12.98104954,80.2297821,62800,62810,10
12.98081017,80.22934723,62810,62821,11
12.98062992,80.22907257,62821,62831,10
12.98062992,80.22905731,62831,62841,10
12.98046017,80.2288208,62841,62851,10
12.98029995,80.22846985,62851,62861,10
12.98015022,80.2281723,62861,62871,10
12.97996044,80.22786713,62871,62881,10
12.97984028,80.22760773,62881,62891,10
12.97953033,80.22711945,62891,62901,10
12.97926998,80.22662354,62901,62911,10
12.97896957,80.22606659,62911,62921,10
12.97863007,80.22551727,62921,62932,11
12.97830009,80.22493744,62932,62942,10
12.97819042,80.22480011,62942,62952,10
12.97809982,80.22463989,62952,62962,10
12.97791958,80.22442627,62962,62972,10
12.97784042,80.22432709,62972,62982,10
12.97764969,80.22408295,62982,62992,10
12.97735977,80.22357178,62992,63002,10
12.97700977,80.22302246,63002,63012,10
12.97694016,80.22281647,63012,63022,10
12.9771204,80.22276306,63022,63032,10
12.97721004,80.2228775,63032,63042,10
12.97731018,80.2229538,63042,63053,11
12.97749043,80.22255707,63053,63063,10
12.97749043,80.22199249,63063,63073,10
12.97747993,80.22158051,63073,63083,10
12.9774704,80.22155762,63083,63093,10
12.97752953,80.22132874,63093,63103,10
12.97793007,80.22122192,63103,63113,10
12.97848034,80.22119904,63113,63123,10
12.97922993,80.22120667,63123,63133,10
12.98001957,80.22106171,63133,63143,10
12.98071957,80.22110748,63143,63153,10
12.98141003,80.22129059,63153,63164,11
12.98223019,80.22160339,63164,63184,20
12.98223019,80.22160339,63184,63194,10
12.9826498,80.22187805,63194,63234,40
12.9826498,80.22187805,63234,63244,10
12.98295975,80.2219162,63244,63254,10
12.98307991,80.2219162,63254,63264,10
12.98334026,80.22212219,63264,63275,11
12.98359013,80.22226715,63275,63285,10
12.98388958,80.22241974,63285,63295,10
12.98416996,80.22264099,63295,63305,10
12.98445988,80.22283173,63305,63315,10
12.98482037,80.22309113,63315,63325,10
12.98528004,80.22325134,63325,63335,10
12.98558044,80.2230835,63335,63344,9
12.98604012,80.22296143,63344,63355,11
12.98651028,80.22297668,63355,63365,10
12.98661041,80.22296143,63365,63375,10
12.98663044,80.22296143,63375,63386,11
12.98709965,80.22306824,63386,63396,10
12.98746014,80.2230835,63396,63406,10
12.98801994,80.2229538,63406,63416,10
12.98841,80.22254181,63416,63426,10
12.98878956,80.22212219,63426,63436,10
12.98913956,80.22167969,63436,63446,10
12.98956966,80.22120667,63446,63456,10
12.99015045,80.2206192,63456,63466,10
12.99057961,80.2201767,63466,63476,10
12.9907999,80.22006226,63476,63486,10
12.99098015,80.2199707,63486,63496,10
12.99118042,80.21985626,63496,63517,21
12.99118042,80.21985626,63517,63527,10
12.99133015,80.21967316,63527,63537,10
12.99155045,80.21949768,63537,63547,10
12.99186039,80.21935272,63547,63557,10
12.99227047,80.21901703,63557,63567,10
12.99265957,80.21871185,63567,63577,10
12.99318981,80.21823883,63577,63587,10
12.99368,80.21788788,63587,63597,10
12.99370956,80.21788788,63597,63607,10
12.99394035,80.21772766,63607,63618,11
12.99409962,80.21762085,63618,63628,10
12.99440002,80.21740723,63628,63648,20
12.99440002,80.21740723,63648,63658,10
12.99452972,80.21727753,63658,63668,10
12.9948597,80.21710205,63668,63678,10
12.99522972,80.21684265,63678,63688,10
12.99580002,80.21662903,63688,63698,10
12.99641991,80.21656036,63698,63708,10
12.99682999,80.21652222,63708,63718,10
12.99705029,80.21656036,63718,63729,11
12.99732018,80.21640015,63729,63739,10
12.99752998,80.21614838,63739,63749,10
12.99787998,80.21578979,63749,63759,10
12.99849987,80.21533203,63759,63769,10
12.99909973,80.21489716,63769,63779,10
12.99932003,80.21463776,63779,63789,10
12.99973011,80.21425629,63789,63799,10
12.99997044,80.21401978,63799,63809,10
13.00049973,80.21354675,63809,63819,10
13.00107956,80.21307373,63819,63829,10
13.0016098,80.21263885,63829,63840,11
13.0020504,80.21222687,63840,63850,10
13.00282955,80.21208191,63850,63860,10
13.00352001,80.21202087,63860,63870,10
13.00364017,80.21186829,63870,63880,10
13.00368023,80.21140289,63880,63890,10
13.00360966,80.21060181,63890,63900,10
13.00352001,80.20973969,63900,63910,10
13.00358963,80.20916748,63910,63920,10
13.00368023,80.20889282,63920,63930,10
13.00386047,80.20864868,63930,63940,10
13.00442028,80.20881653,63940,63950,10
13.00518036,80.20915985,63950,63961,11
13.00599957,80.20948029,63961,63971,10
13.0067997,80.20973206,63971,63991,20
13.0067997,80.20973206,63991,64001,10
13.00687981,80.20976257,64001,64011,10
13.00722027,80.20982361,64011,64021,10
13.00759029,80.20986176,64021,64031,10
13.00786018,80.20990753,64031,64041,10
13.00823021,80.21005249,64041,64061,20
13.00823021,80.21005249,64061,64072,11
13.00815964,80.20967102,64072,64082,10
13.00802994,80.20896912,64082,64092,10
13.00790024,80.20796204,64092,64102,10
13.00772953,80.20710754,64102,64112,10
13.00759983,80.20612335,64112,64122,10
13.00753021,80.20498657,64122,64132,10
13.00749969,80.20404053,64132,64142,10
13.00734997,80.20323181,64142,64152,10
13.00685024,80.20259094,64152,64162,10
13.00652981,80.20320892,64162,64172,10
13.00702,80.20352173,64172,64182,10
13.00769997,80.20372772,64182,64193,11
13.0087204,80.20365906,64193,64203,10
13.00990963,80.20359039,64203,64213,10
13.01101971,80.20365143,64213,64223,10
13.01214027,80.2038269,64223,64233,10
13.01307011,80.20401764,64233,64243,10
13.01350021,80.2041626,64243,64253,10
13.01368046,80.20455933,64253,64394,141
13.01368046,80.20455933,64394,64405,11
13.0135603,80.20478821,64405,64415,10
13.0134201,80.20517731,64415,64425,10
13.01327038,80.20574951,64425,64435,10
13.01307964,80.20644379,64435,64445,10
13.01299953,80.2071991,64445,64455,10
13.01292992,80.2077179,64455,64465,10
13.01288986,80.20800018,64465,64475,10
13.01288986,80.20838165,64475,64485,10
13.01286983,80.20870209,64485,64495,10
13.01294041,80.20918274,64495,64505,10
13.01313972,80.20968628,64505,64515,10
13.01319981,80.2100296,64515,64526,11
13.0131197,80.21057129,64526,64536,10
13.01296043,80.21109772,64536,64546,10
13.01264,80.21160126,64546,64556,10
13.01245975,80.21199036,64556,64566,10
13.01208973,80.21253967,64566,64576,10
13.01183987,80.21285248,64576,64586,10
13.01161003,80.21269226,64586,64596,10
13.01113987,80.21230316,64596,64606,10
13.01051998,80.21179962,64606,64647,41
13.01033974,80.21183777,64647,64737,90
13.01027966,80.21179962,64737,64859,122
13.01029968,80.21174622,64859,64980,121
13.01029968,80.21174622,64980,64990,10
13.01033974,80.21188354,64990,65020,30
13.0102396,80.21173859,65020,65040,20
13.01019001,80.2116394,65040,65091,51
13.01019001,80.2116394,65091,65101,10
13.01019955,80.21174622,65101,65111,10
13.01029968,80.21211243,65111,65151,40
13.01029015,80.21170044,65151,65212,61
13.01029015,80.21170044,65212,65222,10
13.01004028,80.21147919,65222,65232,10
13.00969982,80.21118164,65232,65373,141
13.00969982,80.21118164,65373,65383,10
13.00936985,80.21112061,65383,65504,121
13.00936985,80.21112061,65504,65514,10
13.00911045,80.21140289,65514,65524,10
13.00907993,80.21177673,65524,65534,10
13.0092802,80.21234131,65534,65545,11
13.00951004,80.21305084,65545,65555,10
13.00977039,80.21373749,65555,65565,10
13.01006031,80.21443939,65565,65575,10
13.01019955,80.21508026,65575,65585,10
13.01029968,80.21572876,65585,65595,10
13.01060009,80.21643066,65595,65605,10
13.01095963,80.2171936,65605,65615,10
13.01130962,80.21794128,65615,65625,10
13.01158047,80.21881104,65625,65635,10
13.01191044,80.21977997,65635,65645,10
13.01220036,80.22065735,65645,65655,10
13.01243973,80.22133636,65655,65666,11
13.01274014,80.22167206,65666,65676,10
13.0131197,80.22222137,65676,65686,10
13.0134697,80.22267151,65686,65696,10
13.01385975,80.22319794,65696,65706,10
13.01406956,80.22364044,65706,65716,10
13.0143404,80.22400665,65716,65726,10
13.01467991,80.22454834,65726,65736,10
13.01515961,80.2249527,65736,65746,10
13.01527977,80.22527313,65746,65756,10
13.01535988,80.22557068,65756,65767,11
13.01521969,80.22583008,65767,65777,10
13.01521015,80.22582245,65777,65787,10
13.01511955,80.22588348,65787,65797,10
13.01478958,80.22602081,65797,65807,10
13.01428032,80.22614288,65807,65817,10
13.01358986,80.22644043,65817,65827,10
13.01274014,80.22685242,65827,65837,10
13.01179981,80.227211,65837,65847,10
13.01076031,80.22762299,65847,65857,10
13.00986958,80.22792816,65857,65867,10
13.00946999,80.22763824,65867,65878,11
13.00983047,80.227211,65878,65888,10
13.01004028,80.22640228,65888,65898,10
13.01029968,80.22563934,65898,65908,10
13.01043987,80.22479248,65908,65918,10
13.01033974,80.22425842,65918,65928,10
13.0104599,80.22363281,65928,65938,10
13.01107025,80.22325897,65938,65948,10
13.01088047,80.22303009,65948,65958,10
13.01029968,80.22274017,65958,65968,10
13.01021004,80.22258759,65968,65978,10
13.00983047,80.22244263,65978,65989,11
13.00911999,80.22200775,65989,65999,10
13.00829983,80.22162628,65999,66009,10
13.00730991,80.22115326,66009,66019,10
13.00621986,80.22065735,66019,66029,10
13.00516033,80.22045135,66029,66039,10
13.0046196,80.22032928,66039,66048,9
13.00457001,80.22039795,66048,66059,11
13.00426006,80.22026062,66059,66069,10
13.00393963,80.22012329,66069,66079,10
13.00337982,80.22000885,66079,66089,10
13.00259972,80.21965027,66089,66099,10
13.00199032,80.21909332,66099,66110,11
13.00133038,80.21846771,66110,66120,10
13.00080013,80.21811676,66120,66130,10
13.00041962,80.21772766,66130,66140,10
12.9997797,80.21743011,66140,66150,10
12.99911022,80.21710968,66150,66160,10
12.99837971,80.21672821,66160,66169,9
12.99800014,80.21661377,66169,66180,11
12.99765015,80.21659851,66180,66200,20
12.99765015,80.21659851,66200,66210,10
12.99742031,80.21656036,66210,66221,11
12.99724007,80.21653748,66221,66231,10
12.99678993,80.21658325,66231,66261,30
12.99678993,80.21658325,66261,66271,10
12.99623966,80.21672821,66271,66281,10
12.9959898,80.21681213,66281,66301,20
12.9959898,80.21681213,66301,66311,10
12.99561977,80.21676636,66311,66321,10
12.99540997,80.21681976,66321,66331,10
12.99520016,80.21700287,66331,66342,11
12.99493027,80.2171402,66342,66352,10
12.99456978,80.21734619,66352,66362,10
12.99421024,80.21764374,66362,66372,10
12.99390984,80.21790314,66372,66382,10
12.99343014,80.21829987,66382,66392,10
12.99291992,80.21862793,66392,66402,10
12.99232006,80.21906281,66402,66412,10
12.99174976,80.21952057,66412,66422,10
12.99141026,80.21977997,66422,66432,10
12.99079037,80.2202301,66432,66453,21
12.99079037,80.2202301,66453,66463,10
12.99063969,80.22033691,66463,66473,10
12.99028015,80.22061157,66473,66483,10
12.98983002,80.22084045,66483,66493,10
12.98948002,80.22116089,66493,66503,10
12.98923016,80.22154999,66503,66513,10
12.98904037,80.22190857,66513,66522,9
12.98875999,80.22219086,66522,66533,11
12.98843002,80.22258759,66533,66543,10
12.98808956,80.22290802,66543,66553,10
12.98768044,80.22316742,66553,66574,21
12.98768044,80.22316742,66574,66584,10
12.98748016,80.2231369,66584,66594,10
12.98731041,80.22309875,66594,66604,10
12.98705006,80.22303772,66604,66614,10
12.98682976,80.22303772,66614,66624,10
12.98659992,80.22302246,66624,66634,10
12.9862299,80.22302246,66634,66644,10
12.9856596,80.22306061,66644,66654,10
12.98534012,80.22332764,66654,66664,10
12.98499966,80.2232666,66664,66675,11
12.98462963,80.22312927,66675,66685,10
12.98447037,80.22286224,66685,66735,50
12.98447037,80.22286224,66735,66745,10
12.98408031,80.22274017,66745,66755,10
12.98388958,80.22264862,66755,66765,10
12.98369026,80.22254181,66765,66775,10
12.98361015,80.2224884,66775,66786,11
12.98326015,80.22222137,66786,66806,20
12.98326015,80.22222137,66806,66816,10
12.98297977,80.22203064,66816,66836,20
12.98266983,80.2219696,66836,66876,40
12.98266983,80.2219696,66876,66886,10
12.98250008,80.22187805,66886,66897,11
12.98213959,80.22174072,66897,66907,10
12.98176003,80.22142792,66907,66917,10
12.98130035,80.22123718,66917,66927,10
12.98079014,80.22109985,66927,66937,10
12.9802103,80.22099304,66937,66947,10
12.97937965,80.22107697,66947,66957,10
12.97871971,80.22119141,66957,66977,20
12.97871971,80.22119141,66977,66987,10
12.97832012,80.22115326,66987,66997,10
12.97786045,80.22104645,66997,67007,10
12.97737026,80.22115326,67007,67018,11
12.97677994,80.22112274,67018,67028,10
12.97638035,80.22128296,67028,67038,10
12.97618961,80.22145081,67038,67048,10
12.97618961,80.22161865,67048,67058,10
12.97638035,80.22167969,67058,67098,40
12.97638035,80.22167969,67098,67108,10
12.97636032,80.22171021,67108,67118,10
12.97644997,80.22196198,67118,67129,11
12.97669029,80.22241974,67129,67139,10
12.97704029,80.22303772,67139,67149,10
12.97752953,80.22379303,67149,67159,10
12.97797966,80.22454071,67159,67169,10
12.97830963,80.22502899,67169,67179,10
12.97854042,80.22537994,67179,67189,10
12.97856998,80.22547913,67189,67199,10
12.97877979,80.22577667,67199,67209,10
12.97914028,80.22634888,67209,67219,10
12.97951031,80.22698212,67219,67228,9
12.97992039,80.22756958,67228,67240,12
12.98038006,80.22836304,67240,67250,10
12.98071957,80.22891998,67250,67260,10
12.98087978,80.22926331,67260,67270,10
12.98112965,80.22968292,67270,67280,10
12.98155022,80.23032379,67280,67290,10
12.98169041,80.23049927,67290,67300,10
12.98171997,80.23055267,67300,67310,10
12.98190022,80.23098755,67310,67320,10
12.98204041,80.23169708,67320,67330,10
12.98206043,80.23226929,67330,67340,10
12.98200989,80.23259735,67340,67351,11
12.98194027,80.23284912,67351,67361,10
12.98186016,80.23310089,67361,67381,20
12.98186016,80.23310089,67381,67391,10
12.98173046,80.23336029,67391,67401,10
12.98161983,80.2335968,67401,67411,10
12.98161983,80.23358917,67411,67421,10
12.98155975,80.23370361,67421,67431,10
12.98130035,80.23423004,67431,67441,10
12.98124027,80.23493195,67441,67451,10
12.98124981,80.23577881,67451,67461,10
12.98128033,80.23665619,67461,67472,11
12.98130035,80.23770142,67472,67482,10
12.98130989,80.23793793,67482,67492,10
12.98132992,80.23827362,67492,67502,10
12.98132038,80.2387085,67502,67512,10
12.98132992,80.23880768,67512,67522,10
12.98134995,80.23912048,67522,67532,10
12.98136044,80.23935699,67532,67542,10
12.98134041,80.23950958,67542,67552,10
12.98134995,80.23960114,67552,67562,10
12.98139,80.2399292,67562,67572,10
12.98139,80.24054718,67572,67583,11
12.98141003,80.24138641,67583,67593,10
12.98139954,80.24208832,67593,67603,10
12.98139,80.24256897,67603,67613,10
12.98136997,80.24285126,67613,67629,16
12.98139,80.24323273,67629,67641,12
12.98134041,80.24388885,67641,67649,8
12.98124027,80.24463654,67649,67661,12
12.98101997,80.24603271,67661,67671,10
12.98089027,80.24726105,67671,67681,10
12.98077965,80.24858093,67681,67691,10
12.98064995,80.24983978,67691,67702,11
12.98033047,80.25109863,67702,67712,10
12.98011017,80.25203705,67712,67722,10
12.97992039,80.25244904,67722,67732,10
12.97982979,80.25273132,67732,67742,10
12.97972965,80.25283051,67742,67752,10
12.97922039,80.25276947,67752,67762,10
12.97861958,80.25272369,67762,67782,20
12.97848988,80.25257874,67782,67794,12
12.9778204,80.25208282,67794,67803,9
12.97706985,80.25150299,67803,67815,12
12.97562027,80.25105286,67815,67825,10
12.97434998,80.25070953,67825,67835,10
12.97303963,80.25032806,67835,67845,10
12.97245026,80.25016785,67845,67854,9
12.97239017,80.25013733,67854,67865,11
12.97173023,80.24993896,67865,67875,10
12.97084045,80.24971008,67875,67884,9
12.96990013,80.24938202,67884,67895,11
12.96860027,80.2488327,67895,67906,11
12.96726036,80.24829865,67906,67916,10
12.96660995,80.2480011,67916,67927,11
12.96588039,80.24772644,67927,67936,9
12.96537018,80.24754333,67936,67947,11
12.96533012,80.24752045,67947,67957,10
12.96520042,80.24745178,67957,67967,10
12.96516991,80.24743652,67967,67977,10
12.9647398,80.24729919,67977,67987,10
12.96407032,80.24701691,67987,67997,10
12.96358013,80.24684143,67997,68007,10
12.96306038,80.24658966,68007,68017,10
12.96238041,80.24627686,68017,68027,10
12.96154976,80.24584961,68027,68038,11
12.96039963,80.24533844,68038,68048,10
12.95946026,80.24491882,68048,68058,10
12.9593401,80.24485779,68058,68068,10
12.95907974,80.24472046,68068,68078,10
12.95845985,80.24446106,68078,68088,10
12.9578104,80.2441864,68088,68098,10
12.95643997,80.24365234,68098,68118,20
12.95643997,80.24365234,68118,68134,16
12.95611954,80.24356079,68134,68146,12
12.95524979,80.24317169,68146,68157,11
12.95436954,80.24282074,68157,68167,10
12.95337963,80.24233246,68167,68177,10
12.95228004,80.24189758,68177,68187,10
12.95174026,80.24172211,68187,68206,19
12.95174026,80.24172211,68206,68217,11
12.95129013,80.24153137,68217,68227,10
12.95057964,80.24131012,68227,68238,11
12.9495697,80.24102783,68238,68248,10
12.94906044,80.24088287,68248,68289,41
12.94906044,80.24088287,68289,68299,10
12.94867992,80.24072266,68299,68309,10
12.94799042,80.24044037,68309,68319,10
12.94719028,80.2401123,68319,68329,10
12.9470396,80.24005127,68329,68339,10
12.94688988,80.2399826,68339,68349,10
12.94637966,80.23973083,68349,68359,10
12.94561005,80.23935699,68359,68369,10
12.9448204,80.23872375,68369,68380,11
12.94384003,80.23753357,68380,68390,10
12.94301987,80.2366333,68390,68400,10
12.94213009,80.23634338,68400,68410,10
12.94087982,80.23606873,68410,68420,10
12.93982029,80.23581696,68420,68430,10
12.93968964,80.23574066,68430,68440,10
12.93943977,80.23564911,68440,68450,10
12.93883991,80.23538208,68450,68460,10
12.93803024,80.23500061,68460,68470,10
12.93715954,80.23457336,68470,68480,10
12.93626022,80.23404694,68480,68491,11
12.93595982,80.23394012,68491,68501,10
12.93583012,80.23387146,68501,68511,10
12.93533993,80.23365784,68511,68521,10
12.93457031,80.2333374,68521,68531,10
12.93387032,80.23300934,68531,68541,10
12.93383026,80.23297882,68541,68551,10
12.93369961,80.23287964,68551,68561,10
12.93315983,80.23265839,68561,68571,10
12.93237019,80.23239136,68571,68581,10
12.93132019,80.23200989,68581,68591,10
12.93019009,80.23168182,68591,68602,11
12.92905045,80.23142242,68602,68612,10
12.92809963,80.23123169,68612,68622,10
12.92691994,80.23113251,68622,68632,10
12.92607021,80.23104095,68632,68642,10
12.92597961,80.23107147,68642,68652,10
12.92553043,80.23104095,68652,68662,10
12.92485046,80.23092651,68662,68672,10
12.9239397,80.23087311,68672,68682,10
12.92302036,80.23072052,68682,68692,10
12.92203045,80.23052979,68692,68702,10
12.92099953,80.23036194,68702,68713,11
12.91991043,80.23021698,68713,68723,10
12.91919041,80.23017883,68723,68733,10
12.91917992,80.23017883,68733,68743,10
12.91886997,80.23008728,68743,68753,10
12.91818047,80.23002625,68753,68763,10
12.91740036,80.22992706,68763,68773,10
12.9170599,80.22978973,68773,68783,10
12.91633034,80.22972107,68783,68793,10
12.91537952,80.22958374,68793,68803,10
12.91431046,80.22943878,68803,68813,10
12.9134903,80.22937775,68813,68824,11
12.91335964,80.2293396,68824,68834,10
12.91291046,80.22924042,68834,68844,10
12.91205978,80.22907257,68844,68854,10
12.91092014,80.22894287,68854,68864,10
12.90962029,80.22878265,68864,68874,10
12.90834999,80.22860718,68874,68884,10
12.90750027,80.22843933,68884,68894,10
12.90713978,80.22837067,68894,68924,30
12.90711021,80.22830963,68924,68945,21
12.90703011,80.22827911,68945,68975,30
12.90703011,80.22827911,68975,68985,10
12.90686035,80.2283783,68985,68995,10
12.90631008,80.22830963,68995,69005,10
12.90552998,80.22814941,69005,69015,10
12.90452003,80.22811127,69015,69025,10
12.90338993,80.22810364,69025,69035,10
12.90237999,80.22807312,69035,69045,10
12.90130997,80.22802734,69045,69146,101
12.90130997,80.22802734,69146,69156,10
12.9010601,80.22805786,69156,69167,11
12.90065956,80.22795868,69167,69177,10
12.90028954,80.22792816,69177,69187,10
12.89964962,80.22795105,69187,69237,50
12.89964962,80.22795105,69237,69247,10
12.89937973,80.22794342,69247,69257,10
12.89892006,80.22788239,69257,69267,10
12.8980999,80.22783661,69267,69278,11
12.89710999,80.22782898,69278,69288,10
12.89610958,80.22776794,69288,69298,10
12.89500046,80.22772217,69298,69308,10
12.89365959,80.22769928,69308,69358,50
12.89365959,80.22769928,69358,69368,10
12.89338017,80.22759247,69368,69378,10
12.89321041,80.22756958,69378,69439,61
12.89321041,80.22756958,69439,69449,10
12.89315033,80.2276001,69449,69459,10
12.89286041,80.22749329,69459,69469,10
12.8926096,80.22744751,69469,69479,10
12.89221954,80.22740173,69479,69489,10
12.89150047,80.22737885,69489,69499,10
12.89052963,80.2273407,69499,69510,11
12.88920975,80.22736359,69510,69520,10
12.88844013,80.22734833,69520,69530,10
12.88840961,80.22734833,69530,69540,10
12.88801003,80.22731018,69540,69550,10
12.88733006,80.22722626,69550,69560,10
12.88640976,80.22702026,69560,69570,10
12.88535023,80.22679901,69570,69580,10
12.88479042,80.22672272,69580,69590,10
12.88473988,80.22673798,69590,69600,10
12.88426018,80.22669983,69600,69610,10
12.88346958,80.22666931,69610,69621,11
12.88226986,80.22666931,69621,69631,10
12.88097954,80.2266922,69631,69641,10
12.87959957,80.22670746,69641,69651,10
12.87817955,80.22676086,69651,69661,10
12.87722015,80.22688293,69661,69671,10
12.87666035,80.22688293,69671,69681,10
12.87652016,80.22688293,69681,69691,10
12.87639999,80.2268219,69691,69701,10
12.87637997,80.22667694,69701,69711,10
12.87639046,80.22647858,69711,69727,16
12.87646008,80.22557068,69727,69740,13
12.87658978,80.22451019,69740,69750,10
12.87672043,80.22357941,69750,69760,10
12.87693977,80.22255707,69760,69770,10
12.87718964,80.22155762,69770,69779,9
12.87742043,80.22065735,69779,69790,11
12.87769985,80.21952057,69790,69800,10
12.87796021,80.2183609,69800,69810,10
12.87819958,80.21717072,69810,69820,10
12.87839985,80.21620178,69820,69830,10
12.87858963,80.21528625,69830,69840,10
12.87882996,80.21418762,69840,69851,11
12.87901974,80.21321869,69851,69860,9
12.87915039,80.21247101,69860,69871,11
12.87928963,80.21167755,69871,69881,10
12.87928963,80.21098328,69881,69911,30
12.87928963,80.21098328,69911,69921,10
12.87915039,80.21096802,69921,69931,10
12.8789196,80.2109375,69931,69941,10
12.87889957,80.21092224,69941,69951,10
12.87876034,80.21087646,69951,69962,11
12.87835979,80.21080017,69962,69972,10
12.87800026,80.21073914,69972,69982,10
12.87763977,80.21066284,69982,69992,10
12.8771801,80.21057892,69992,70002,10
12.87674046,80.21048737,70002,70012,10
12.87631989,80.21040344,70012,70022,10
12.87586975,80.21034241,70022,70031,9
12.87541962,80.21025085,70031,70041,10
12.87493992,80.21016693,70041,70073,32
12.87493992,80.21016693,70073,70083,10
12.87462044,80.21008301,70083,70093,10
12.87432003,80.20993042,70093,70103,10
12.87442017,80.20953369,70103,70113,10
12.87473965,80.20973206,70113,70236,123
12.87473965,80.20973206,70236,70246,10
12.87450027,80.20986938,70246,70307,61
12.87465,80.20976257,70307,70539,232
12.87465,80.20976257,70539,70549,10
12.87465954,80.21008301,70549,70569,20
12.87465954,80.21008301,70569,70579,10
12.87483025,80.21022797,70579,70589,10
12.87532043,80.21031189,70589,70599,10
12.87576008,80.21034241,70599,70609,10
12.87615967,80.2104187,70609,70619,10
12.87642956,80.21047211,70619,70629,10
12.87693977,80.21057129,70629,70640,11
12.87742043,80.21070099,70640,70650,10
12.87786961,80.21076202,70650,70660,10
12.87829018,80.21082306,70660,70670,10
12.87887001,80.21096802,70670,70679,9
12.87915993,80.21102905,70679,70691,12
12.87921047,80.21103668,70691,70701,10
12.87934017,80.21108246,70701,70711,10
12.87948036,80.21131134,70711,70719,8
12.87938023,80.21170807,70719,70731,12
12.87919044,80.21266174,70731,70740,9
12.87903023,80.21356964,70740,70752,12
12.87878036,80.21486664,70752,70761,9
12.87854958,80.21589661,70761,70772,11
12.87829971,80.21710205,70772,70782,10
12.87806034,80.21827698,70782,70792,10
12.87777996,80.21949768,70792,70802,10
12.87749958,80.22073364,70802,70812,10
12.87722015,80.22196198,70812,70822,10
12.87693977,80.22322845,70822,70832,10
12.87668037,80.22447968,70832,70842,10
12.87654972,80.22559357,70842,70852,10
12.87650013,80.22608185,70852,70862,10
12.87644005,80.22685242,70862,70893,31
12.87644005,80.22685242,70893,70903,10
12.87683964,80.22686005,70903,70912,9
12.87755966,80.2268219,70912,70923,11
12.87862968,80.22670746,70923,70933,10
12.88000965,80.22666168,70933,70943,10
12.88117981,80.22663879,70943,70953,10
12.88237953,80.22663879,70953,70963,10
12.88364983,80.22662354,70963,70973,10
12.88492012,80.22659302,70973,70984,11
12.88619041,80.22686768,70984,70994,10
12.8874197,80.22715759,70994,71004,10
12.88873959,80.22727203,71004,71014,10
12.89013958,80.22727203,71014,71024,10
12.8919096,80.22727966,71024,71074,50
12.8919096,80.22727966,71074,71084,10
12.89221001,80.22730255,71084,71095,11
12.89290047,80.22736359,71095,71105,10
12.89385033,80.2274704,71105,71115,10
12.89488029,80.22753143,71115,71125,10
12.89583969,80.22757721,71125,71135,10
12.89684963,80.22762299,71135,71145,10
12.89782047,80.22766876,71145,71155,10
12.89873981,80.22772217,71155,71165,10
12.89957047,80.22776794,71165,71175,10
12.90025997,80.2277832,71175,71185,10
12.90071964,80.2277832,71185,71195,10
12.90097046,80.22781372,71195,71206,11
12.90137959,80.2278595,71206,71216,10
12.90207005,80.22789001,71216,71226,10
12.90268993,80.22789764,71226,71236,10
12.90272999,80.22789764,71236,71246,10
12.90277958,80.22792816,71246,71256,10
12.90310001,80.22789764,71256,71266,10
12.90371037,80.22798157,71266,71276,10
12.90462017,80.22799683,71276,71286,10
12.90565968,80.22805786,71286,71296,10
12.90635967,80.22811127,71296,71306,10
12.90655994,80.22812653,71306,71317,11
12.90701962,80.2281723,71317,71327,10
12.90767956,80.22825623,71327,71337,10
12.90863991,80.22841644,71337,71347,10
12.90987968,80.22863007,71347,71357,10
12.91117001,80.22885132,71357,71367,10
12.91240978,80.22902679,71367,71377,10
12.9135704,80.22917938,71377,71387,10
12.91378975,80.2292099,71387,71397,10
12.91390991,80.22921753,71397,71407,10
12.91454029,80.22927856,71407,71417,10
12.91549015,80.22943115,71417,71428,11
12.91678047,80.22956848,71428,71438,10
12.91802979,80.22976685,71438,71448,10
12.91921997,80.22992706,71448,71458,10
12.92051029,80.23008728,71458,71468,10
12.92191029,80.23027802,71468,71478,10
12.92331982,80.23052216,71478,71488,10
12.92475033,80.23069,71488,71498,10
12.9261198,80.23085022,71498,71508,10
12.92724037,80.23098755,71508,71518,10
12.92840958,80.23111725,71518,71528,10
12.92914963,80.23127747,71528,71538,10
12.93021965,80.23155975,71538,71549,11
12.93138027,80.23191071,71549,71559,10
12.93237019,80.2322464,71559,71569,10
12.93311977,80.23249817,71569,71579,10
12.93317032,80.23252869,71579,71589,10
12.93334007,80.23265076,71589,71599,10
12.93367958,80.23281097,71599,71609,10
12.93430042,80.23310089,71609,71619,10
12.93521023,80.23349762,71619,71629,10
12.93603039,80.23387909,71629,71639,10
12.93698025,80.23436737,71639,71649,10
12.93815041,80.23497009,71649,71660,11
12.9394598,80.23561859,71660,71670,10
12.94011974,80.23583221,71670,71680,10
12.94050026,80.23592377,71680,71690,10
12.94130039,80.23609161,71690,71700,10
12.94239998,80.23638916,71700,71710,10
12.94342041,80.23706055,71710,71720,10
12.9440403,80.23779297,71720,71730,10
12.94487953,80.23872375,71730,71740,10
12.9460001,80.23951721,71740,71750,10
12.94698048,80.23992157,71750,71760,10
12.94779968,80.24022675,71760,71771,11
12.94857025,80.24050903,71771,71781,10
12.94882011,80.24062347,71781,71791,10
12.94937992,80.24085999,71791,71801,10
12.95018005,80.24111938,71801,71811,10
12.95108032,80.2414093,71811,71821,10
12.95145988,80.24150085,71821,71831,10
12.95180035,80.24162292,71831,71841,10
12.95254993,80.24192047,71841,71851,10
12.95349979,80.24230194,71851,71861,10
12.95433998,80.24263,71861,71871,10
12.95512962,80.24292755,71871,71882,11
12.95608997,80.24326324,71882,71892,10
12.95648956,80.24340057,71892,71902,10
12.95693016,80.24359894,71902,71912,10
12.95773029,80.24395752,71912,71922,10
12.95843029,80.24424744,71922,71932,10
12.95890999,80.24443054,71932,71942,10
12.95890045,80.24443054,71942,71952,10
12.95919991,80.24463654,71952,71962,10
12.95985985,80.24492645,71962,71972,10
12.9608202,80.24536133,71972,71982,10
12.96199036,80.24593353,71982,71992,10
12.96337032,80.24662018,71992,72063,71
12.96337032,80.24662018,72063,72073,10
12.96348953,80.24674988,72073,72083,10
12.96393967,80.24693298,72083,72093,10
12.96469975,80.24717712,72093,72103,10
12.96562004,80.24746704,72103,72114,11
12.96660042,80.24784088,72114,72124,10
12.96662045,80.24787903,72124,72134,10
12.96697998,80.24809265,72134,72144,10
12.9677,80.24842072,72144,72145,1
12.96788025,80.24849701,72145,72155,10
12.96788025,80.24849701,72155,72225,70
12.97784042,80.25187683,72225,72234,9
12.97879028,80.25251007,72234,72245,11
12.97968006,80.25250244,72245,72255,10
12.97988033,80.25228119,72255,72265,10
12.97990036,80.25219727,72265,72275,10
12.97994995,80.25212097,72275,72285,10
12.97996998,80.25187683,72285,72295,10
12.98013973,80.25131989,72295,72305,10
12.9803896,80.25050354,72305,72315,10
12.98062992,80.24951935,72315,72325,10
12.98071957,80.24842834,72325,72336,11
12.9808197,80.24720764,72336,72346,10
12.98091984,80.24601746,72346,72356,10
12.98106003,80.24491119,72356,72366,10
12.98118019,80.24401855,72366,72376,10
12.98116016,80.24381256,72376,72386,10
12.98124027,80.24359894,72386,72396,10
12.98132038,80.24331665,72396,72406,10
12.98130989,80.2430191,72406,72416,10
12.98132992,80.24282837,72416,72426,10
12.98130989,80.24272156,72426,72436,10
12.98132038,80.24247742,72436,72447,11
12.98132038,80.24201965,72447,72457,10
12.98130035,80.24144745,72457,72467,10
12.98130989,80.24078369,72467,72477,10
12.98130989,80.24008942,72477,72487,10
12.98130035,80.23959351,72487,72497,10
12.98128033,80.23912048,72497,72507,10
12.9812603,80.23847198,72507,72517,10
12.98124981,80.23802185,72517,72527,10
12.98124981,80.23787689,72527,72537,10
12.98122025,80.23745728,72537,72547,10
12.98120975,80.23664093,72547,72557,10
12.98118019,80.23603821,72557,72568,11
12.98116016,80.23526001,72568,72578,10
12.9811697,80.23441315,72578,72587,9
12.98134041,80.2338562,72587,72598,11
12.98141956,80.23368835,72598,72608,10
12.98147964,80.2335434,72608,72618,10
12.9816103,80.23327637,72618,72628,10
12.98178005,80.23294067,72628,72638,10
12.98192978,80.23248291,72638,72648,10
12.98196983,80.23220825,72648,72658,10
12.98192978,80.23188019,72658,72668,10
12.98192024,80.23152161,72668,72679,11
12.98182011,80.23105621,72679,72689,10
12.98159981,80.23061371,72689,72699,10
12.98130035,80.23011017,72699,72709,10
12.98101997,80.2296524,72709,72719,10
12.9808197,80.22930908,72719,72729,10
12.98069,80.22911835,72729,72739,10
12.98056984,80.22891998,72739,72749,10
12.98036957,80.22856903,72749,72759,10
12.98023987,80.2282486,72759,72769,10
12.97999954,80.22782135,72769,72779,10
12.97972965,80.22736359,72779,72790,11
12.9794302,80.22689819,72790,72800,10
12.97922039,80.22653961,72800,72810,10
12.97891998,80.22602081,72810,72820,10
12.97848034,80.22531128,72820,72830,10
12.97809982,80.22466278,72830,72840,10
12.97786999,80.22440338,72840,72850,10
12.97778034,80.22427368,72850,72860,10
12.97760963,80.22395325,72860,72870,10
12.97723007,80.22332764,72870,72880,10
12.97694016,80.22283173,72880,72890,10
12.97698975,80.22270203,72890,72901,11
12.97706032,80.22268677,72901,72911,10
12.97727966,80.22264099,72911,72921,10
12.97749043,80.22257233,72921,72931,10
12.9774704,80.22223663,72931,72941,10
12.97745991,80.22176361,72941,72951,10
12.97745991,80.22131348,72951,72961,10
12.97745991,80.22129822,72961,72971,10
12.97758961,80.22122955,72971,72981,10
12.97797966,80.22116089,72981,72991,10
12.97856045,80.22106171,72991,73001,10
12.97924042,80.22097778,73001,73011,10
12.97988987,80.22096252,73011,73022,11
12.98060036,80.22093201,73022,73032,10
12.98093033,80.22100067,73032,73042,10
12.98145008,80.22123718,73042,73052,10
12.98190975,80.22154236,73052,73062,10
12.98225021,80.22174835,73062,73072,10
12.98254967,80.22184753,73072,73082,10
12.98283958,80.22193146,73082,73098,16
12.98301983,80.22206116,73098,73131,33
12.98301983,80.22206116,73131,73139,8
12.98328018,80.22219086,73139,73150,11
12.98359013,80.22236633,73150,73161,11
12.98383045,80.22251892,73161,73172,11
12.98408985,80.22273254,73172,73181,9
12.98433018,80.2228775,73181,73191,10
12.98468018,80.22312164,73191,73202,11
12.9851799,80.22325897,73202,73212,10
12.98546028,80.22309875,73212,73222,10
12.98587036,80.22293854,73222,73232,10
12.98614025,80.22290802,73232,73243,11
12.98624039,80.22290802,73243,73252,9
12.9864397,80.22292328,73252,73263,11
12.98661041,80.22292328,73263,73273,10
12.98680973,80.22293854,73273,73283,10
12.98694038,80.22296143,73283,73293,10
12.98709965,80.22299957,73293,73303,10
12.98740959,80.22299194,73303,73313,10
12.98779964,80.22286224,73313,73323,10
12.98803043,80.22264099,73323,73333,10
12.98814011,80.22257996,73333,73343,10
12.98830032,80.22251129,73343,73354,11
12.98834991,80.22241211,73354,73364,10
12.9885397,80.22222137,73364,73374,10
12.9887104,80.22202301,73374,73394,20
12.9887104,80.22202301,73394,73404,10
12.98902988,80.22171783,73404,73414,10
12.98927975,80.22135925,73414,73424,10
12.98968983,80.22075653,73424,73434,10
12.99032021,80.22029114,73434,73444,10
12.99034977,80.22029114,73444,73454,10
12.99073029,80.2201004,73454,73465,11
12.99122047,80.21968079,73465,73616,151
12.99122047,80.21968079,73616,73626,10
12.99178982,80.21929169,73626,73636,10
12.99213982,80.21907043,73636,73656,20
12.99213982,80.21907043,73656,73666,10
12.99236012,80.21890259,73666,73676,10
12.99256992,80.21874237,73676,73686,10
12.99256992,80.21874237,73686,73697,11
12.99275017,80.21859741,73697,73707,10
12.99304008,80.2183609,73707,73747,40
12.99304008,80.2183609,73747,73758,11
12.99339008,80.2181015,73758,73768,10
12.99370003,80.21787262,73768,73788,20
12.99370003,80.21787262,73788,73797,9
12.99386024,80.2177887,73797,73809,12
12.99405956,80.21759796,73809,73819,10
12.99417973,80.2175293,73819,73829,10
12.99429989,80.21743011,73829,73839,10
12.99431992,80.21743011,73839,73849,10
12.99450016,80.21737671,73849,73889,40
12.99450016,80.21737671,73889,73899,10
12.99497032,80.21698761,73899,73909,10
12.99547005,80.21669006,73909,73920,11
12.99619007,80.2164917,73920,73940,20
12.99619007,80.2164917,73940,73950,10
12.99654007,80.2164917,73950,73960,10
12.99682045,80.21646881,73960,73990,30
12.99682045,80.21646881,73990,74000,10
12.99730015,80.21626282,74000,74010,10
12.99775028,80.21582031,74010,74020,10
12.99833965,80.21518707,74020,74030,10
12.99892998,80.21472168,74030,74041,11
12.99929047,80.21440125,74041,74051,10
12.99983025,80.2140274,74051,74061,10
13.00035954,80.21354675,74061,74071,10
13.00086021,80.21312714,74071,74081,10
13.00123978,80.2128067,74081,74091,10
13.00170994,80.21247864,74091,74101,10
13.00234032,80.21214294,74101,74111,10
13.00269985,80.21202087,74111,74121,10
13.00345993,80.21195221,74121,74152,31
13.00345993,80.21195221,74152,74162,10
13.00366974,80.21170807,74162,74172,10
13.0036602,80.2111969,74172,74182,10
13.00358963,80.21037292,74182,74192,10
13.00351048,80.20970154,74192,74202,10
13.00358009,80.20909882,74202,74212,10
13.00382042,80.20861053,74212,74222,10
13.00450039,80.20884705,74222,74232,10
13.0051899,80.20913696,74232,74242,10
13.00590992,80.20939636,74242,74252,10
13.00669003,80.2096405,74252,74293,41
13.00669003,80.2096405,74293,74303,10
13.00699043,80.20974731,74303,74313,10
13.00736046,80.20980072,74313,74323,10
13.00784969,80.20986938,74323,74333,10
13.0081501,80.2098465,74333,74342,9
13.00809002,80.20957184,74342,74352,10
13.00796986,80.20894623,74352,74363,11
13.00784969,80.20809174,74363,74374,11
13.00769997,80.20706177,74374,74384,10
13.00755024,80.20613861,74384,74394,10
13.00753021,80.20513916,74394,74404,10
13.00751972,80.20417023,74404,74414,10
13.00737,80.20324707,74414,74424,10
13.00708961,80.20249939,74424,74434,10
13.00652027,80.20279694,74434,74444,10
13.00679016,80.20339203,74444,74454,10
13.00743961,80.20362091,74454,74464,10
13.00813007,80.2036438,74464,74474,10
13.00833035,80.20294189,74474,74485,11
13.00747967,80.20326233,74485,74495,10
13.00755978,80.20423889,74495,74505,10
13.00771046,80.20645142,74505,74515,10
13.00771046,80.20645142,74515,74523,8
13.00784969,80.20731354,74523,74535,12
13.00796032,80.20809937,74535,74545,10
13.00802994,80.20879364,74545,74555,10
13.00815964,80.20948792,74555,74565,10
13.00835991,80.21008301,74565,74575,10
13.00854015,80.21044159,74575,74585,10
13.00877953,80.21060181,74585,74747,162
13.00877953,80.21060181,74747,74757,10
13.00903988,80.21060181,74757,74828,71
13.0089798,80.21073914,74828,74999,171
13.0089798,80.21073914,74999,75009,10
13.00922966,80.21089172,75009,75019,10
13.00930023,80.21112061,75019,75029,10
13.00926018,80.21115875,75029,75039,10
13.00916958,80.21138763,75039,75050,11
13.00914001,80.21141815,75050,75060,10
13.00901985,80.21160126,75060,75070,10
13.00905991,80.21195221,75070,75080,10
13.00926018,80.21253967,75080,75090,10
13.0095396,80.21325684,75090,75100,10
13.00984955,80.21401978,75100,75110,10
13.0101099,80.21473694,75110,75120,10
13.01019001,80.21547699,75120,75130,10
13.01043987,80.21620178,75130,75140,10
13.01080036,80.21698761,75140,75150,10
13.0111599,80.21778107,75150,75160,10
13.01144981,80.21865082,75160,75171,11
13.01183987,80.21975708,75171,75181,10
13.01222038,80.22087097,75181,75191,10
13.01257992,80.22155762,75191,75201,10
13.01301003,80.22207642,75201,75211,10
13.01360989,80.2228775,75211,75221,10
13.01397991,80.22335052,75221,75231,10
13.01397991,80.22355652,75231,75241,10
13.01441956,80.22405243,75241,75251,10
13.01508999,80.22485352,75251,75271,20
13.01508999,80.22485352,75271,75282,11
13.01531982,80.22515869,75282,75292,10
13.01543999,80.2253418,75292,75302,10
13.01537991,80.2256012,75302,75312,10
13.01509953,80.22590637,75312,75322,10
13.0145998,80.22605896,75322,75338,16
13.01379013,80.2264328,75338,75350,12
13.0128603,80.2268219,75350,75358,8
13.01204014,80.22709656,75358,75370,12
13.01064968,80.22766113,75370,75380,10
13.00961971,80.22808075,75380,75390,10
13.00903034,80.22889709,75390,75401,11
13.00877953,80.23026276,75401,75411,10
13.00852966,80.23162079,75411,75421,10
13.00825977,80.23303223,75421,75431,10
13.00809002,80.23394775,75431,75441,10
13.00796986,80.23464203,75441,75451,10
13.00782013,80.23560333,75451,75461,10
13.00759983,80.23667908,75461,75471,10
13.0073204,80.23787689,75471,75481,10
13.00720978,80.2387619,75481,75491,10
13.00708008,80.23937988,75491,75501,10
13.00685978,80.24009705,75501,75512,11
13.00658035,80.2412262,75512,75522,10
13.00669003,80.24240112,75522,75532,10
13.00671005,80.24324036,75532,75542,10
13.00669956,80.24421692,75542,75552,10
13.00667953,80.24504852,75552,75562,10
13.00673962,80.2458725,75562,75572,10
13.00673008,80.24604034,75572,75582,10
13.00671959,80.24620819,75582,75592,10
13.00673008,80.24642944,75592,75602,10
13.00675011,80.24661255,75602,75612,10
13.00677967,80.24706268,75612,75623,11
13.00677013,80.24783325,75623,75633,10
13.00675964,80.248703,75633,75643,10
13.00677967,80.24964905,75643,75653,10
13.0067997,80.25076294,75653,75663,10
13.00675964,80.25158691,75663,75673,10
13.00654984,80.25250244,75673,75683,10
13.00652981,80.25347137,75683,75693,10
13.00656033,80.2545166,75693,75703,10
13.00660992,80.25534821,75703,75713,10
13.00662041,80.2556076,75713,75723,10
13.00660992,80.25631714,75723,75734,11
13.00660992,80.25733948,75734,75770,36
13.00660992,80.25733948,75770,75782,12
13.00671959,80.25746918,75782,75842,60
13.00671959,80.25746918,75842,75853,11
13.00658035,80.25765991,75853,75863,10
13.00619984,80.25753784,75863,75873,10
13.00576973,80.2574234,75873,75883,10
13.00516033,80.25720215,75883,75893,10
13.00446033,80.25708771,75893,75903,10
13.00401974,80.25701141,75903,75913,10
13.00378036,80.2569809,75913,75923,10
13.00352955,80.25694275,75923,75933,10
13.00327015,80.25686646,75933,75943,10
13.00304031,80.25682068,75943,75953,10
13.00271034,80.25676727,75953,75964,11
13.00232029,80.25673676,75964,76024,60
13.00232029,80.25673676,76024,76034,10
13.00197983,80.25662994,76034,76044,10
13.00168991,80.25657654,76044,76054,10
13.0011301,80.25650787,76054,76064,10
12.99985981,80.25634003,76064,76095,31
12.99985981,80.25634003,76095,76105,10
12.99975967,80.25624084,76105,76115,10
12.99952984,80.25624847,76115,76125,10
12.99919033,80.2562027,76125,76135,10
12.99878979,80.25610352,76135,76155,20
12.99878979,80.25610352,76155,76165,10
12.99847984,80.25598907,76165,76175,10
12.99820042,80.25595093,76175,76186,11
12.99785995,80.25595093,76186,76206,20
12.99785995,80.25595093,76206,76216,10
12.99773026,80.25624847,76216,76226,10
12.99769974,80.2565918,76226,77961,1735
12.99781036,80.25669861,77961,79838,1877
12.99765968,80.25663757,79838,80190,352
12.99765968,80.25663757,80190,80200,10
12.99767971,80.25669098,80200,81049,849
12.99767971,80.25669098,81049,81059,10
12.99767017,80.25700378,81059,81256,197
12.99767017,80.25700378,81256,81266,10
12.99789047,80.25714111,81266,81277,11
12.99825954,80.25714111,81277,81287,10
