13.09916019,80.24143219,21,10327,10306
13.09916019,80.24143219,10327,10337,10
13.09916019,80.24147797,10337,18999,8662
13.09916019,80.24147797,18999,19009,10
13.09902954,80.24130249,19009,19020,11
13.09893036,80.24141693,19020,19131,111
13.09893036,80.24141693,19131,19141,10
13.09881973,80.2417984,19141,19151,10
13.09877968,80.24208069,19151,19161,10
13.09856033,80.24224854,19161,19222,61
13.09856033,80.24224854,19222,19232,10
13.09840012,80.24224091,19232,19535,303
13.09840012,80.24224091,19535,19545,10
13.09805012,80.24227142,19545,19555,10
13.09755993,80.2421875,19555,19565,10
13.0970602,80.24204254,19565,19575,10
13.09640026,80.24183655,19575,19585,10
13.09562016,80.24156952,19585,19595,10
13.09508038,80.24138641,19595,19605,10
13.09459972,80.24128723,19605,19616,11
13.09420013,80.24121094,19616,19626,10
13.09354019,80.24108887,19626,19646,20
13.09354019,80.24108887,19646,19656,10
13.09325027,80.24105835,19656,19666,10
13.09265041,80.2409668,19666,19676,10
13.09187984,80.24092102,19676,19686,10
13.09097958,80.2408905,19686,19696,10
13.09000015,80.24093628,19696,19706,10
13.08928013,80.24133301,19706,19717,11
13.08850956,80.24186707,19717,19727,10
13.08798027,80.24256134,19727,19737,10
13.08786964,80.24320221,19737,19747,10
13.08765984,80.24362946,19747,19767,20
13.08765984,80.24362946,19767,19777,10
13.08743,80.24384308,19777,19787,10
13.08693981,80.24423218,19787,19797,10
13.08635044,80.24472046,19797,19807,10
13.08578014,80.24523926,19807,19818,11
13.08576965,80.24662018,19818,19838,20
13.08576965,80.24662018,19838,19848,10
13.08576012,80.24700928,19848,19858,10
13.0858202,80.24771118,19858,19868,10
13.08584023,80.24859619,19868,19878,10
13.08590984,80.2496109,19878,19888,10
13.08592987,80.25038147,19888,19898,10
13.0858202,80.25108337,19898,19908,10
13.08570957,80.25171661,19908,19919,11
13.08563995,80.25215912,19919,19929,10
13.08557987,80.25279236,19929,19939,10
13.08555031,80.25338745,19939,19949,10
13.08557034,80.25402832,19949,19959,10
13.08551025,80.25466156,19959,19969,10
13.08516979,80.25469971,19969,19979,10
13.08463955,80.25466156,19979,19989,10
13.08415985,80.25462341,19989,19999,10
13.08397961,80.25460815,19999,20009,10
13.0838604,80.25454712,20009,20020,11
13.08335018,80.25450897,20020,20030,10
13.08265972,80.25447845,20030,20040,10
13.08222008,80.2545166,20040,20050,10
13.08158016,80.25482178,20050,20060,10
13.08090019,80.25480652,20060,20070,10
13.0801096,80.25469971,20070,20078,8
13.07936001,80.25463867,20078,20090,12
13.07905006,80.25502777,20090,20100,10
13.07909966,80.25570679,20100,20110,10
13.07913971,80.25652313,20110,20121,11
13.07898045,80.25668335,20121,20131,10
13.07861996,80.25666809,20131,20141,10
13.07816982,80.25668335,20141,20151,10
13.07769012,80.25672913,20151,20161,10
13.0771904,80.25686646,20161,20171,10
13.07658958,80.25724792,20171,20181,10
13.07602978,80.25778961,20181,20191,10
13.07553959,80.258461,20191,20201,10
13.07575989,80.25917053,20201,20211,10
13.07623005,80.25975037,20211,20222,11
13.07664013,80.26010895,20222,20232,10
13.07691956,80.26040649,20232,20242,10
13.07711983,80.26059723,20242,20252,10
13.07736015,80.26107025,20252,20262,10
13.07752037,80.26143646,20262,20272,10
13.07769966,80.26184082,20272,20282,10
13.07783985,80.26207733,20282,20302,20
13.07783985,80.26207733,20302,20312,10
13.07793045,80.26251221,20312,20343,31
13.07793045,80.26251221,20343,20353,10
13.0780201,80.26293182,20353,20363,10
13.07826042,80.26329803,20363,20373,10
13.07808018,80.26348877,20373,20383,10
13.07777023,80.26374054,20383,20393,10
13.07721043,80.26407623,20393,20403,10
13.07660007,80.26416779,20403,20413,10
13.07588005,80.26426697,20413,20424,11
13.07544994,80.26387787,20424,20434,10
13.07499027,80.26325226,20434,20444,10
13.07452965,80.26265717,20444,20454,10
13.0739603,80.26197052,20454,20463,9
13.07373047,80.26168823,20463,20474,11
13.07359982,80.26154327,20474,20484,10
13.07324982,80.26142883,20484,20494,10
13.07293034,80.26196289,20494,20504,10
13.07269955,80.26265717,20504,20515,11
13.07244968,80.26335144,20515,20525,10
13.07213974,80.26399231,20525,20535,10
13.07161999,80.26463318,20535,20545,10
13.07155991,80.26468658,20545,20555,10
13.07135963,80.26486206,20555,20565,10
13.07085037,80.26538086,20565,20575,10
13.0703001,80.26593781,20575,20585,10
13.06966019,80.2665863,20585,20595,10
13.06902981,80.2673111,20595,20605,10
13.06867027,80.26815796,20605,20616,11
13.06847954,80.26875305,20616,20626,10
13.0683403,80.2693634,20626,20636,10
13.06822014,80.2701416,20636,20646,10
13.06812954,80.27105713,20646,20656,10
13.06840992,80.2717514,20656,20666,10
13.06816959,80.27216339,20666,20676,10
13.06768036,80.2726593,20676,20686,10
13.06719017,80.27330017,20686,20696,10
13.06680012,80.27385712,20696,20706,10
13.06647015,80.27461243,20706,20717,11
13.06610966,80.27554321,20717,20727,10
13.06577015,80.27645874,20727,20737,10
13.06536007,80.27738953,20737,20747,10
13.06474972,80.27877808,20747,20767,20
13.06474972,80.27877808,20767,20777,10
13.06470013,80.27895355,20777,20787,10
13.06457043,80.27947235,20787,20797,10
13.06439018,80.28018951,20797,20807,10
13.06443977,80.28105164,20807,20817,10
13.06449032,80.28177643,20817,20828,11
13.06424046,80.28334808,20828,20848,20
13.06424046,80.28334808,20848,20858,10
13.06394005,80.28347015,20858,20868,10
13.06256008,80.28312683,20868,20878,10
13.06256008,80.28312683,20878,20888,10
13.0623703,80.28305817,20888,20898,10
13.06196976,80.28296661,20898,20908,10
13.06130028,80.28283691,20908,20919,11
13.06037045,80.28260803,20919,20929,10
13.05939007,80.28244019,20929,20939,10
13.05830956,80.2822113,20939,20949,10
13.05723953,80.28199768,20949,20959,10
13.05638027,80.2818222,20959,20969,10
13.05558968,80.28166199,20969,20979,10
13.05465984,80.28147125,20979,20989,10
13.05358028,80.28127289,20989,20999,10
13.05247021,80.28109741,20999,21009,10
13.05134964,80.28092957,21009,21020,11
13.05016041,80.28076172,21020,21030,10
13.04905987,80.28057861,21030,21040,10
13.04794025,80.2804184,21040,21050,10
13.04681015,80.28025818,21050,21060,10
13.04598045,80.280159,21060,21070,10
13.04465961,80.27999878,21070,21080,10
13.04364014,80.27983856,21080,21090,10
13.04279995,80.27964783,21090,21100,10
13.04242039,80.27957153,21100,21110,10
13.04189968,80.27947998,21110,21121,11
13.04102993,80.27932739,21121,21131,10
13.04008007,80.2791214,21131,21141,10
13.03923988,80.27890015,21141,21151,10
13.03907013,80.278862,21151,21161,10
13.03890038,80.27880096,21161,21171,10
13.0385704,80.27866364,21171,21181,10
13.03796959,80.2784729,21181,21191,10
13.03732967,80.27825928,21191,21201,10
13.03668976,80.2780304,21201,21211,10
13.03590965,80.27786255,21211,21222,11
13.03491974,80.27767181,21222,21232,10
13.03394032,80.27745056,21232,21242,10
13.03312969,80.27748108,21242,21252,10
13.03232002,80.27754974,21252,21262,10
13.03131962,80.27752686,21262,21272,10
13.03092003,80.27728271,21272,21282,10
13.03081989,80.27723694,21282,21292,10
13.03040981,80.27696991,21292,21302,10
13.02976036,80.27670288,21302,21312,10
13.0289402,80.27646637,21312,21323,11
13.02797031,80.27609253,21323,21333,10
13.02719975,80.27577209,21333,21343,10
13.02641964,80.27542114,21343,21353,10
13.02604008,80.2752533,21353,21363,10
13.02583027,80.27516174,21363,21373,10
13.02532959,80.2749176,21373,21383,10
13.02464008,80.27456665,21383,21393,10
13.02406025,80.2739563,21393,21403,10
13.02348995,80.27323151,21403,21413,10
13.02289963,80.27243042,21413,21424,11
13.0221796,80.27149963,21424,21434,10
13.02159977,80.27072144,21434,21444,10
13.02097034,80.2699585,21444,21454,10
13.02054977,80.26946259,21454,21464,10
13.02054024,80.26940155,21464,21474,10
13.02025986,80.26905823,21474,21484,10
13.01980972,80.26851654,21484,21494,10
13.01931953,80.26790619,21494,21504,10
13.01877022,80.26717377,21504,21514,10
13.01861,80.2662735,21514,21525,11
13.01867962,80.26573944,21525,21535,10
13.01885033,80.26506805,21535,21545,10
13.01904964,80.26423645,21545,21555,10
13.01900005,80.26357269,21555,21565,10
13.01893997,80.26319122,21565,21575,10
13.01887989,80.26252747,21575,21585,10
13.01877022,80.26181793,21585,21595,10
13.01836967,80.26113892,21595,21605,10
13.01766014,80.26065826,21605,21615,10
13.01685047,80.26011658,21615,21626,11
13.01613998,80.25972748,21626,21636,10
13.01603031,80.25966644,21636,21646,10
13.01564026,80.25950623,21646,21656,10
13.01500034,80.25937653,21656,21666,10
13.01432037,80.25933075,21666,21676,10
13.01344967,80.25930023,21676,21686,10
13.01245975,80.25924683,21686,21696,10
13.01142025,80.25921631,21696,21706,10
13.01037979,80.25924683,21706,21716,10
13.00946999,80.2592392,21716,21727,11
13.00893021,80.25923157,21727,21737,10
13.00854969,80.25917816,21737,21747,10
13.00796032,80.2592926,21747,21757,10
13.00747967,80.25932312,21757,21767,10
13.0072298,80.25887299,21767,21777,10
13.00722027,80.25878906,21777,21787,10
13.00720024,80.2587204,21787,21797,10
13.00697994,80.25833893,21797,21807,10
13.00660038,80.25778198,21807,21817,10
13.00592041,80.25744629,21817,21828,11
13.00510025,80.2572403,21828,21838,10
13.00417042,80.25702667,21838,21848,10
13.00323963,80.25685883,21848,21858,10
13.0023098,80.25668335,21858,21868,10
13.00164986,80.25657654,21868,21878,10
13.00144005,80.25656128,21878,21888,10
13.00109959,80.25652313,21888,21898,10
13.00051975,80.25643158,21898,21908,10
12.99975967,80.25630951,21908,21919,11
12.99878025,80.2561264,21919,21929,10
12.99853992,80.25608063,21929,21939,10
12.99818993,80.25598907,21939,21949,10
12.99802971,80.25595856,21949,21959,10
12.9975996,80.25592804,21959,21969,10
12.99705029,80.25592041,21969,21979,10
12.99682045,80.25592804,21979,21989,10
12.99612045,80.25588989,21989,21999,10
12.9953804,80.25591278,21999,22009,10
12.99448013,80.25595093,22009,22020,11
12.99345016,80.25602722,22020,22030,10
12.99246025,80.25608826,22030,22040,10
12.9914999,80.25604248,22040,22050,10
12.9907198,80.25601196,22050,22060,10
12.98978043,80.2559967,22060,22070,10
12.98863029,80.25591278,22070,22080,10
12.98781013,80.25588989,22080,22090,10
12.98760986,80.25662994,22090,22100,10
12.98754025,80.25743866,22100,22110,10
12.98746014,80.25839996,22110,22121,11
12.98736954,80.25921631,22121,22131,10
12.98717976,80.25956726,22131,22151,20
12.98717976,80.25956726,22151,22161,10
12.98698997,80.25952148,22161,22171,10
12.98672962,80.2594986,22171,22181,10
12.98661041,80.25943756,22181,22191,10
12.98661041,80.25914764,22191,22201,10
12.98680019,80.25906372,22201,22211,10
12.98698997,80.25906372,22211,22403,192
12.98725986,80.25911713,22403,23707,1304
12.98725986,80.25911713,23707,23717,10
12.98742962,80.2591095,23717,23727,10
12.98750019,80.2589035,23727,23737,10
12.98750019,80.25855255,23737,23747,10
12.98750019,80.25811768,23747,23757,10
12.98750019,80.25752258,23757,23767,10
12.98750973,80.25684357,23767,23777,10
12.9875803,80.25591278,23777,23878,101
12.9875803,80.25591278,23878,23888,10
12.98770046,80.25576019,23888,23899,11
12.98808956,80.25575256,23899,23909,10
12.98841953,80.25579834,23909,23919,10
12.98841953,80.2558136,23919,23929,10
12.98863029,80.25585175,23929,23939,10
12.9888401,80.25588226,23939,23949,10
12.98931026,80.25592804,23949,23959,10
12.98999023,80.2559433,23959,23969,10
12.99069023,80.25595093,23969,23979,10
12.99133968,80.2559967,23979,23989,10
12.99213028,80.25601196,23989,24000,11
12.9932003,80.25598145,24000,24010,10
12.99407959,80.25592804,24010,24020,10
12.99497032,80.25588226,24020,24030,10
12.99582958,80.25582123,24030,24040,10
12.99672985,80.2558136,24040,24050,10
12.99726009,80.25582886,24050,24060,10
12.99787998,80.25588226,24060,24070,10
12.99857998,80.25595856,24070,24080,10
12.9988203,80.25601196,24080,24090,10
12.99903011,80.25604248,24090,24101,11
12.99956989,80.25614929,24101,24111,10
13.00024033,80.25627899,24111,24121,10
13.00094032,80.25640106,24121,24131,10
13.00185013,80.25653839,24131,24141,10
13.00257015,80.25666809,24141,24151,10
13.00319958,80.25678253,24151,24161,10
13.00397015,80.25691986,24161,24171,10
13.00457954,80.25704193,24171,24181,10
13.00524044,80.25713348,24181,24191,10
13.00561047,80.2572403,24191,24202,11
13.00615978,80.25733185,24202,24212,10
13.00679016,80.25772095,24212,24222,10
13.0072403,80.25837708,24222,24232,10
13.00792027,80.2587738,24232,24242,10
13.00866985,80.25900269,24242,24252,10
13.00961018,80.25907135,24252,24262,10
13.01060963,80.25907898,24262,24272,10
13.01154995,80.25907898,24272,24282,10
13.0125103,80.25913239,24282,24292,10
13.01366997,80.25917053,24292,24303,11
13.01469994,80.25920868,24303,24313,10
13.01572037,80.25936127,24313,24323,10
13.01653957,80.2598114,24323,24333,10
13.01731968,80.26032257,24333,24343,10
13.01811981,80.26085663,24343,24353,10
13.01887035,80.26138306,24353,24363,10
13.0194397,80.26190186,24363,24373,10
13.01998043,80.26238251,24373,24383,10
13.02021027,80.26293945,24383,24393,10
13.01966953,80.26293945,24393,24404,11
13.01906967,80.26300049,24404,24414,10
13.01910019,80.26358032,24414,24424,10
13.01912022,80.26438904,24424,24433,9
13.01891994,80.26513672,24433,24444,11
13.01881027,80.26554871,24444,24454,10
13.01871967,80.26618958,24454,24464,10
13.01881981,80.26696777,24464,24474,10
13.01898956,80.26734924,24474,24484,10
13.01914024,80.26760864,24484,24495,11
13.01937008,80.26805878,24495,24505,10
13.0199604,80.2687912,24505,24515,10
13.02062035,80.26954651,24515,24525,10
13.02118969,80.27030182,24525,24535,10
13.02182961,80.27108002,24535,24545,10
13.02243996,80.27179718,24545,24554,9
13.02311993,80.27263641,24554,24565,11
13.0237999,80.27355957,24565,24575,10
13.02427959,80.27422333,24575,24585,10
13.02503967,80.27475739,24585,24596,11
13.02550983,80.27497101,24596,24606,10
13.02604008,80.27523041,24606,24616,10
13.02678013,80.27555847,24616,24626,10
13.02744961,80.27590942,24626,24636,10
13.02816963,80.27622223,24636,24646,10
13.02882957,80.27648163,24646,24656,10
13.02968025,80.27670288,24656,24666,10
13.02984047,80.2767334,24666,24676,10
13.03022003,80.27689362,24676,24686,10
13.03073025,80.27716827,24686,24697,11
13.03139019,80.27752686,24697,24707,10
13.0321703,80.27748108,24707,24717,10
13.03297043,80.27738953,24717,24727,10
13.03388023,80.27744293,24727,24737,10
13.03470993,80.27761841,24737,24747,10
13.0355196,80.277771,24747,24757,10
13.03617001,80.27793884,24757,24767,10
13.03715038,80.27828979,24767,24777,10
13.03818035,80.27852631,24777,24787,10
13.03878975,80.27867889,24787,24798,11
13.03919983,80.27877808,24798,24808,10
13.03975964,80.27895355,24808,24818,10
13.04053974,80.27915192,24818,24828,10
13.04146004,80.27934265,24828,24838,10
13.04246044,80.27945709,24838,24848,10
13.04302025,80.27953339,24848,24858,10
13.04318047,80.27954865,24858,24868,10
13.04366016,80.27970123,24868,24878,10
13.04430962,80.27984619,24878,24888,10
13.04508018,80.27996826,24888,24899,11
13.04621029,80.28015137,24899,24909,10
13.04716015,80.2802887,24909,24919,10
13.04810047,80.28043365,24919,24929,10
13.0490799,80.28056335,24929,24939,10
13.05002022,80.28070068,24939,24949,10
13.05080032,80.28082275,24949,24959,10
13.05163956,80.28093719,24959,24969,10
13.05268002,80.28109741,24969,24979,10
13.05377007,80.28127289,24979,24989,10
13.05484009,80.28146362,24989,25000,11
13.0559597,80.28167725,25000,25010,10
13.05688953,80.28188324,25010,25020,10
13.0575304,80.28193665,25020,25030,10
13.05757046,80.28147888,25030,25040,10
13.05760956,80.28125,25040,25050,10
13.0576601,80.28086853,25050,25060,10
13.05774021,80.28024292,25060,25070,10
13.05786037,80.27950287,25070,25080,10
13.05792999,80.27906036,25080,25089,9
13.05801964,80.27861023,25089,25101,12
13.05803967,80.27822113,25101,25111,10
13.05807972,80.2780838,25111,25121,10
13.05813026,80.27761841,25121,25131,10
13.05846024,80.27732849,25131,25141,10
13.05897999,80.27742004,25141,25151,10
13.05957031,80.27754974,25151,25161,10
13.05978012,80.27758789,25161,25171,10
13.06017017,80.27764893,25171,25181,10
13.06074047,80.27771759,25181,25191,10
13.06138039,80.27784729,25191,25202,11
13.06206036,80.27797699,25202,25212,10
13.06247044,80.27805328,25212,25222,10
13.06297016,80.27809143,25222,25232,10
13.06361961,80.27819824,25232,25242,10
13.06416035,80.27825928,25242,25252,10
13.06459045,80.27828217,25252,25262,10
13.06509972,80.27765656,25262,25272,10
13.06550026,80.2769165,25272,25282,10
13.06589031,80.27610016,25282,25292,10
13.0661602,80.27523804,25292,25303,11
13.06653976,80.27429199,25303,25313,10
13.06692028,80.27355957,25313,25323,10
13.0674696,80.27281952,25323,25333,10
13.06799984,80.27211761,25333,25342,9
13.06822014,80.27169037,25342,25353,11
13.0679903,80.27120972,25353,25363,10
13.06772041,80.27086639,25363,25372,9
13.06709003,80.2702179,25372,25383,11
13.06663036,80.26963806,25383,25393,10
13.06651974,80.26864624,25393,25404,11
13.06690979,80.26847839,25404,25413,9
13.06702042,80.26856995,25413,25424,11
13.06723976,80.26878357,25424,25434,10
13.06776047,80.26911926,25434,25444,10
13.06828022,80.26925659,25444,25454,10
13.06840992,80.26882935,25454,25464,10
13.06851959,80.26838684,25464,25474,10
13.06886959,80.26740265,25474,25484,10
13.06943989,80.26674652,25484,25494,10
13.06993961,80.26612091,25494,25505,11
13.07021999,80.26589966,25505,25515,10
13.07061958,80.26557922,25515,25525,10
13.07100964,80.26515961,25525,25535,10
13.07145023,80.26470184,25535,25545,10
13.07199001,80.26410675,25545,25555,10
13.07229996,80.26344299,25555,25565,10
13.07254982,80.26286316,25565,25575,10
13.07275963,80.26236725,25575,25585,10
13.0729599,80.26148224,25585,25606,21
13.0729599,80.26148224,25606,25616,10
13.07330036,80.26119995,25616,25626,10
13.07361984,80.26152039,25626,25636,10
13.07411957,80.26210785,25636,25647,11
13.07468033,80.26280975,25647,25656,9
13.07518959,80.26351929,25656,25667,11
13.07577038,80.2641983,25667,25677,10
13.07633018,80.26416779,25677,25687,10
13.07686043,80.26412201,25687,25698,11
13.07705975,80.26409149,25698,25708,10
13.07736969,80.2639389,25708,25718,10
13.07765961,80.26371765,25718,25728,10
13.07783985,80.26363373,25728,25738,10
13.07791042,80.26358032,25738,25748,10
13.07806015,80.2634201,25748,25758,10
13.07798958,80.26306915,25758,25768,10
13.0777998,80.26249695,25768,25778,10
13.07761955,80.26196289,25778,25788,10
13.07730961,80.26106262,25788,25849,61
13.07730961,80.26106262,25849,25859,10
13.0773201,80.26087952,25859,25869,10
13.07728004,80.26078796,25869,25879,10
13.07707977,80.26055908,25879,25910,31
13.07707977,80.26055908,25910,25920,10
13.07697964,80.26048279,25920,25930,10
13.07666016,80.26016998,25930,25940,10
13.07621956,80.25987244,25940,25950,10
13.07571983,80.25924683,25950,25960,10
13.07544041,80.25847626,25960,25970,10
13.0756197,80.25805664,25970,25980,10
13.07602024,80.25772095,25980,25990,10
13.07641983,80.25736237,25990,26001,11
13.07688046,80.2569809,26001,26011,10
13.07742023,80.25673676,26011,26021,10
13.07820034,80.25662994,26021,26031,10
13.07896996,80.25653076,26031,26041,10
13.0790596,80.25615692,26041,26051,10
13.07903004,80.25559235,26051,26061,10
13.07894993,80.25486755,26061,26071,10
13.07903957,80.25460815,26071,26081,10
13.0795002,80.25456238,26081,26091,10
13.07983017,80.25460052,26091,26102,11
13.08012962,80.25466156,26102,26112,10
13.08061981,80.25473785,26112,26122,10
13.08127975,80.25482178,26122,26132,10
13.08168983,80.25435638,26132,26142,10
13.08181953,80.25388336,26142,26152,10
13.08193016,80.25328064,26152,26162,10
13.08164024,80.25267029,26162,26172,10
13.08143044,80.25174713,26172,26182,10
13.08141041,80.25109863,26182,26192,10
13.08135033,80.2506485,26192,26203,11
13.08131981,80.24992371,26203,26213,10
13.08174992,80.24970245,26213,26223,10
13.08253002,80.24980164,26223,26233,10
13.08331966,80.24992371,26233,26243,10
13.08390045,80.25,26243,26253,10
13.08452988,80.25010681,26253,26263,10
13.08471012,80.25015259,26263,26273,10
13.08508015,80.25023651,26273,26283,10
13.0855999,80.25031281,26283,26293,10
13.08592033,80.25019073,26293,26304,11
13.08590031,80.24981689,26304,26314,10
13.08592033,80.24916077,26314,26324,10
13.08580971,80.24828339,26324,26334,10
13.08574963,80.24736023,26334,26344,10
13.08578014,80.24653625,26344,26354,10
13.08568954,80.24542236,26354,26425,71
13.08568954,80.24542236,26425,26435,10
13.08568954,80.24513245,26435,26445,10
13.08600044,80.24485779,26445,26455,10
13.08640003,80.24456024,26455,26465,10
13.08716011,80.243927,26465,26475,10
13.08771992,80.24333191,26475,26485,10
13.08786964,80.24268341,26485,26496,11
13.08821964,80.24199677,26496,26506,10
13.08835983,80.24191284,26506,26516,10
13.08850002,80.24182129,26516,26526,10
13.08883953,80.24156189,26526,26536,10
13.08942032,80.24118042,26536,26546,10
13.09018993,80.24085999,26546,26556,10
13.09088993,80.24085236,26556,26566,10
13.09195995,80.2408905,26566,26576,10
13.09276009,80.24092865,26576,26586,10
13.09360981,80.24107361,26586,26597,11
13.0942297,80.24114227,26597,26606,9
13.09424973,80.24114227,26606,26617,11
13.09455967,80.24121094,26617,26627,10
13.09506035,80.24138641,26627,26637,10
13.09576035,80.24160004,26637,26647,10
13.09626961,80.24176025,26647,26657,10
13.09677029,80.24194336,26657,26667,10
13.09727955,80.24205017,26667,26677,10
13.09747982,80.24166107,26677,26687,10
13.09759998,80.24104309,26687,26698,11
13.09768963,80.24014282,26698,26708,10
13.09774971,80.23931122,26708,26718,10
13.09786034,80.23840332,26718,26728,10
13.09801006,80.23761749,26728,26738,10
13.09813023,80.23693085,26738,26748,10
13.09825993,80.23618317,26748,26758,10
13.09838009,80.23529816,26758,26768,10
13.09842014,80.23490906,26768,26778,10
13.09844017,80.23478699,26778,26788,10
13.09850025,80.23429871,26788,26799,11
13.09858036,80.23358154,26799,26809,10
13.09864998,80.23298645,26809,26819,10
13.09879971,80.23232269,26819,26829,10
13.09908009,80.23158264,26829,26839,10
13.09937954,80.23084259,26839,26849,10
13.09967041,80.23000336,26849,26859,10
13.09972954,80.22976685,26859,26869,10
13.09980011,80.22947693,26869,26879,10
13.09988022,80.22892761,26879,26889,10
13.10000038,80.2282486,26889,26900,11
13.10004997,80.2273407,26900,26910,10
13.09996033,80.22647858,26910,26920,10
13.09990978,80.22567749,26920,26930,10
13.09988976,80.22535706,26930,26940,10
13.09978008,80.22492218,26940,26953,13
13.09959984,80.22425842,26953,26963,10
13.09928989,80.22368622,26963,26973,10
13.0990696,80.22341156,26973,26983,10
13.09885979,80.2231369,26983,26994,11
13.09873009,80.22280884,26994,27005,11
13.09885025,80.22133636,27005,27015,10
13.09885025,80.22133636,27015,27025,10
13.09902,80.2203598,27025,27035,10
13.09916019,80.21949768,27035,27045,10
13.09922028,80.21926117,27045,27055,10
13.09930038,80.21877289,27055,27065,10
13.09939003,80.21804047,27065,27075,10
13.09957981,80.2171936,27075,27085,10
13.09988976,80.21629333,27085,27095,10
13.10015011,80.21562958,27095,27106,11
13.10017967,80.21555328,27106,27116,10
13.10025978,80.21537781,27116,27126,10
13.10048008,80.21488953,27126,27155,29
13.10048008,80.21488953,27155,27166,11
13.10062981,80.21450806,27166,27176,10
13.10085011,80.21399689,27176,27186,10
13.10112,80.21330261,27186,27197,11
13.10147953,80.21237946,27197,27207,10
13.10184956,80.21141052,27207,27217,10
13.10214043,80.21057892,27217,27227,10
13.10245991,80.2097168,27227,27237,10
13.1026001,80.20924377,27237,27247,10
13.10274029,80.20876312,27247,27257,10
13.10280991,80.2085495,27257,27267,10
13.10291958,80.20822906,27267,27277,10
13.1031599,80.2076416,27277,27287,10
13.10330963,80.20728302,27287,27298,11
13.10361958,80.20667267,27298,27308,10
13.10383987,80.20593262,27308,27318,10
13.10387993,80.20500183,27318,27328,10
13.10379982,80.20406342,27328,27338,10
13.10361958,80.20343018,27338,27348,10
13.10359001,80.20339966,27348,27358,10
13.10352039,80.20321655,27358,27368,10
13.10354042,80.20278168,27368,27378,10
13.10348034,80.20226288,27378,27388,10
13.10342026,80.20172882,27388,27399,11
13.10340023,80.20159149,27399,27409,10
13.10336971,80.20121765,27409,27419,10
13.10332012,80.20063019,27419,27429,10
13.10324955,80.19988251,27429,27439,10
13.10317039,80.19928741,27439,27449,10
13.1030798,80.19873047,27449,27459,10
13.10295963,80.19799042,27459,27469,10
13.10274982,80.19730377,27469,27479,10
13.10254002,80.19667816,27479,27489,10
13.10235023,80.1960907,27489,27500,11
13.10214996,80.19545746,27500,27510,10
13.10196018,80.19490814,27510,27520,10
13.10186958,80.19471741,27520,27530,10
13.1016798,80.19448853,27530,27540,10
13.10157967,80.19400787,27540,27550,10
13.10182953,80.19338989,27550,27560,10
13.10169029,80.19254303,27560,27570,10
13.10153008,80.19164276,27570,27580,10
13.10136986,80.19072723,27580,27590,10
13.10112953,80.19011688,27590,27601,11
13.10109997,80.19004059,27601,27611,10
13.10103989,80.18984985,27611,27621,10
13.10081005,80.18932343,27621,27631,10
13.10044003,80.1887207,27631,27641,10
13.10013962,80.18801117,27641,27650,9
13.09990025,80.18730927,27650,27661,11
13.09972,80.18659973,27661,27671,10
13.09963036,80.18599701,27671,27681,10
13.09945011,80.1852417,27681,27691,10
13.09926033,80.18453979,27691,27702,11
13.09910011,80.18408966,27702,27712,10
13.09889984,80.18341827,27712,27722,10
13.09864044,80.18257141,27722,27732,10
13.09844971,80.18186188,27732,27742,10
13.09844017,80.18179321,27742,27752,10
13.09838009,80.1815033,27752,27762,10
13.0982399,80.18097687,27762,27772,10
13.0981102,80.18045044,27772,27782,10
13.09794044,80.1796875,27782,27792,10
13.09784031,80.17877197,27792,27803,11
13.09786034,80.17765808,27803,27813,10
13.09799004,80.17668915,27813,27823,10
13.09811974,80.1760788,27823,27833,10
13.09815979,80.1756134,27833,27843,10
13.09817028,80.17516327,27843,27853,10
13.09832954,80.17453766,27853,27863,10
13.09860992,80.17375946,27863,27873,10
13.09895992,80.17294312,27873,27883,10
13.09926033,80.17208099,27883,27893,10
13.09951973,80.17131042,27893,27904,11
13.09969997,80.17050171,27904,27914,10
13.09967041,80.16990662,27914,27934,20
13.09967041,80.16990662,27934,27944,10
13.09967995,80.16977692,27944,27954,10
13.09951973,80.16963959,27954,28035,81
13.09951973,80.16963959,28035,28045,10
13.09937954,80.16973877,28045,28055,10
13.09934998,80.16970062,28055,28065,10
13.09922981,80.16957855,28065,28075,10
13.09895039,80.16966248,28075,28085,10
13.0988903,80.16943359,28085,28096,11
13.09912014,80.16951752,28096,28106,10
13.09934044,80.16960144,28106,28116,10
13.09957027,80.16976166,28116,28964,848
13.0994997,80.16999054,28964,29459,495
13.0994997,80.16999054,29459,29470,11
13.09961033,80.17015076,29470,29480,10
13.09972954,80.17053986,29480,29490,10
13.09963989,80.1709137,29490,29500,10
13.09961987,80.17105103,29500,29510,10
13.09957981,80.17120361,29510,29520,10
13.09943962,80.17166138,29520,29530,10
13.09922981,80.17230988,29530,29540,10
13.09893036,80.17311859,29540,29550,10
13.09856033,80.17395782,29550,29560,10
13.09829044,80.17475128,29560,29571,11
13.09815025,80.17572021,29571,29581,10
13.09815979,80.17604065,29581,29591,10
13.09807014,80.17648315,29591,29601,10
13.09792995,80.17717743,29601,29611,10
13.09786034,80.17803192,29611,29621,10
13.09786034,80.17893982,29621,29631,10
13.09799957,80.17980194,29631,29641,10
13.09827995,80.18086243,29641,29661,20
13.09827995,80.18086243,29661,29672,11
13.09831047,80.18100739,29672,29682,10
13.09840965,80.18132019,29682,29692,10
13.09852982,80.18193817,29692,29702,10
13.09869957,80.18269348,29702,29712,10
13.0989399,80.18351746,29712,29722,10
13.09922981,80.18440247,29722,29732,10
13.09945965,80.18527985,29732,29742,10
13.09961033,80.18591309,29742,29752,10
13.09978008,80.18656921,29752,29762,10
13.09992981,80.18721008,29762,29773,11
13.1001997,80.18804169,29773,29783,10
13.10054016,80.18876648,29783,29793,10
13.10091972,80.18926239,29793,29803,10
13.10132027,80.18968964,29803,29813,10
13.1013298,80.18974304,29813,29823,10
13.10132027,80.18984222,29823,29833,10
13.10140038,80.19030762,29833,29843,10
13.10155964,80.19096375,29843,29853,10
13.1016798,80.19159698,29853,29863,10
13.10177994,80.19219208,29863,29874,11
13.10188007,80.19280243,29874,29884,10
13.10198021,80.19335938,29884,29894,10
13.1021204,80.19387817,29894,29904,10
13.10219002,80.19444275,29904,29914,10
13.10206985,80.19487,29914,29924,10
13.10227966,80.19557953,29924,29934,10
13.10258961,80.19654846,29934,29944,10
13.10291958,80.19760132,29944,29954,10
13.10313988,80.19860077,29954,29964,10
13.10321999,80.1990509,29964,29975,11
13.1032896,80.1995163,29975,29985,10
13.10336971,80.20020294,29985,29995,10
13.10344028,80.20088196,29995,30005,10
13.10350037,80.20152283,30005,30015,10
13.10359955,80.20231628,30015,30025,10
13.10369015,80.20278931,30025,30035,10
13.10369015,80.20281982,30035,30045,10
13.10369015,80.20311737,30045,30055,10
13.10375977,80.20368195,30055,30065,10
13.10383987,80.20437622,30065,30076,11
13.10387993,80.20532227,30076,30086,10
13.1038599,80.20596313,30086,30096,10
13.10363007,80.20667267,30096,30106,10
13.1032896,80.20736694,30106,30116,10
13.1031599,80.2077179,30116,30126,10
13.10313034,80.20780945,30126,30136,10
13.10297966,80.20822144,30136,30146,10
13.10280037,80.20874023,30146,30156,10
13.10268021,80.209198,30156,30166,10
13.10258961,80.20948029,30166,30177,11
13.10237026,80.21008301,30177,30187,10
13.10214996,80.21076202,30187,30196,9
13.10184956,80.2116394,30196,30207,11
13.10146046,80.212677,30207,30217,10
13.10122013,80.21327972,30217,30227,10
13.10118008,80.21337891,30227,30237,10
13.1009798,80.21382141,30237,30247,10
13.10079002,80.21440125,30247,30257,10
13.10052013,80.21495819,30257,30267,10
13.0998497,80.21652985,30267,30278,11
13.0998497,80.21652985,30278,30288,10
13.09961987,80.21730804,30288,30298,10
13.09945965,80.21810913,30298,30308,10
13.09937,80.21881104,30308,30318,10
13.09932041,80.21907043,30318,30328,10
13.09928989,80.21933746,30328,30341,13
13.09920025,80.21977997,30341,30351,10
13.09902954,80.2206192,30351,30361,10
13.09887981,80.22145081,30361,30371,10
13.09881973,80.22261047,30371,30382,11
13.09926987,80.22350311,30382,30392,10
13.09972954,80.2243576,30392,30402,10
13.0999403,80.22528076,30402,30412,10
13.09998989,80.22570038,30412,30423,11
13.09998989,80.22575378,30423,30433,10
13.10007954,80.22627258,30433,30443,10
13.10009956,80.22707367,30443,30453,10
13.10007954,80.22783661,30453,30463,10
13.09996033,80.22865295,30463,30474,11
13.09986019,80.22926331,30474,30485,11
13.09976006,80.22979736,30485,30495,10
13.09957981,80.23047638,30495,30515,20
13.09957981,80.23047638,30515,30525,10
13.0994997,80.23062897,30525,30535,10
13.09930992,80.23108673,30535,30545,10
13.09906006,80.23162079,30545,30555,10
13.09883976,80.2322998,30555,30565,10
13.09871006,80.23288727,30565,30576,11
13.09860039,80.2337265,30576,30586,10
13.09858036,80.23422241,30586,30606,20
13.09858036,80.23422241,30606,30616,10
13.09852028,80.23473358,30616,30626,10
13.09842968,80.23539734,30626,30636,10
13.09827995,80.2361908,30636,30646,10
13.09811974,80.23712921,30646,30656,10
13.09801006,80.23777771,30656,30666,10
13.09790039,80.23834229,30666,30677,11
13.09778976,80.23914337,30677,30687,10
13.0977602,80.23983765,30687,30697,10
13.09774017,80.23999023,30697,30707,10
13.09772015,80.2403717,30707,30717,10
13.09764004,80.24104309,30717,30727,10
13.09753036,80.24183655,30727,30798,71
13.09753036,80.24183655,30798,30808,10
13.09722042,80.24211884,30808,30818,10
13.09665966,80.2419281,30818,30828,10
13.09595966,80.24169159,30828,30838,10
13.09537983,80.24147034,30838,30848,10
13.09508038,80.24137878,30848,30858,10
13.09469986,80.24128723,30858,30868,10
13.09440994,80.2412262,30868,30879,11
13.09364033,80.2410965,30879,30899,20
13.09364033,80.2410965,30899,30909,10
13.09333992,80.24104309,30909,30919,10
13.09300041,80.2409668,30919,30929,10
13.09253025,80.24093628,30929,30939,10
13.09185982,80.24091339,30939,30949,10
13.09097958,80.24088287,30949,30959,10
13.09004021,80.24095154,30959,30969,10
13.08917999,80.24137878,30969,30980,11
13.08839035,80.24198151,30980,30990,10
13.08796024,80.24259186,30990,30999,9
13.08786011,80.24310303,30999,31010,11
13.08784008,80.24323273,31010,31020,10
13.08771992,80.24349976,31020,31030,10
13.08761024,80.2436676,31030,31040,10
13.08751011,80.24375153,31040,31050,10
13.08732986,80.24394226,31050,31060,10
13.08720016,80.24403381,31060,31070,10
13.08683968,80.24437714,31070,31081,11
13.08623981,80.24485779,31081,31091,10
13.08584976,80.24516296,31091,31101,10
13.08568954,80.24558258,31101,31111,10
13.08572006,80.24658966,31111,31131,20
13.08572006,80.24658966,31131,31141,10
13.08568001,80.24694061,31141,31151,10
13.08572006,80.24746704,31151,31161,10
13.08576965,80.24815369,31161,31171,10
13.08582973,80.24903107,31171,31182,11
13.08590031,80.25009918,31182,31192,10
13.08586979,80.25054169,31192,31202,10
13.08582973,80.25084686,31202,31212,10
13.08576012,80.25147247,31212,31222,10
13.08570004,80.25184631,31222,31232,10
13.08568001,80.25192261,31232,31242,10
13.08561039,80.25234985,31242,31252,10
13.08555984,80.25292969,31252,31262,10
13.08555031,80.25350952,31262,31272,10
13.08557987,80.25409698,31272,31283,11
13.08551979,80.25469208,31283,31293,10
13.08524036,80.25469971,31293,31303,10
13.08469009,80.2546463,31303,31313,10
13.08407974,80.25457001,31313,31323,10
13.08397961,80.25454712,31323,31332,9
13.08382034,80.2545166,31332,31343,11
13.08329964,80.25447845,31343,31353,10
13.08261967,80.25444031,31353,31363,10
13.08209038,80.25454712,31363,31373,10
13.08152962,80.25485229,31373,31384,11
13.08117962,80.25485229,31384,31394,10
13.08094978,80.25483704,31394,31404,10
13.08045959,80.25473785,31404,31414,10
13.07968044,80.25457764,31414,31424,10
13.07909966,80.2547226,31424,31434,10
13.07903004,80.25508881,31434,31444,10
13.0790596,80.25576019,31444,31454,10
13.07911968,80.25634766,31454,31464,10
13.07911968,80.25660706,31464,31474,10
13.07868004,80.25668335,31474,31485,11
13.07824993,80.25666809,31485,31495,10
13.07781029,80.2567215,31495,31505,10
13.07732964,80.25681305,31505,31515,10
13.07680035,80.25708008,31515,31525,10
13.07619953,80.2576828,31525,31535,10
13.07567024,80.25814819,31535,31545,10
13.07549953,80.25836182,31545,31555,10
13.07561016,80.25881195,31555,31565,10
13.07584,80.25939178,31565,31575,10
13.07641029,80.25991058,31575,31586,11
13.07686043,80.2603302,31586,31606,20
13.07686043,80.2603302,31606,31616,10
13.07707024,80.26055908,31616,31626,10
13.07723045,80.26078796,31626,31636,10
13.0773201,80.26097107,31636,31646,10
13.07748032,80.26132202,31646,31656,10
13.07779026,80.2620163,31656,31707,51
13.07779026,80.2620163,31707,31717,10
13.07787991,80.26232147,31717,31727,10
13.07796001,80.2627182,31727,31737,10
13.07818985,80.26322174,31737,31747,10
13.0781002,80.26348114,31747,31757,10
13.07765961,80.26386261,31757,31767,10
13.07703018,80.26415253,31767,31778,11
13.07625008,80.26423645,31778,31788,10
13.07575989,80.26423645,31788,31798,10
13.07542038,80.26384735,31798,31808,10
13.07499981,80.26335907,31808,31818,10
13.07460976,80.26275635,31818,31828,10
13.07425976,80.26238251,31828,31838,10
13.07388973,80.26197052,31838,31848,10
13.07386971,80.26191711,31848,31858,10
13.07374001,80.26171875,31858,31868,10
13.0734396,80.26145172,31868,31879,11
13.07306957,80.2616272,31879,31889,10
13.07289982,80.26216125,31889,31899,10
13.07271957,80.26274109,31899,31909,10
13.07254028,80.26325226,31909,31919,10
13.0722599,80.26378632,31919,31929,10
13.07190037,80.26425934,31929,31939,10
13.07159042,80.26457214,31939,31949,10
13.07155991,80.26461029,31949,31959,10
13.07145023,80.26473236,31959,31969,10
13.07118034,80.26502228,31969,31980,11
13.07071972,80.26550293,31980,31990,10
13.07021999,80.26598358,31990,32000,10
13.06966019,80.26654816,32000,32010,10
13.06906033,80.26715088,32010,32020,10
13.06871986,80.26795959,32020,32030,10
13.06849003,80.26866913,32030,32040,10
13.0683403,80.26928711,32040,32050,10
13.06822014,80.27010345,32050,32060,10
13.06812954,80.27101898,32060,32070,10
13.06844044,80.27168274,32070,32122,52
13.06844044,80.27168274,32122,32132,10
13.0683403,80.27204895,32132,32142,10
13.06785965,80.27242279,32142,32152,10
13.06748009,80.2729187,32152,32162,10
13.06739044,80.27301788,32162,32172,10
13.06713963,80.27333069,32172,32183,11
13.06674957,80.27388763,32183,32193,10
13.06647015,80.27456665,32193,32203,10
13.06612968,80.27539063,32203,32213,10
13.06579018,80.27632141,32213,32223,10
13.06534004,80.27729797,32223,32233,10
13.06474018,80.27877045,32233,32253,20
13.06474018,80.27877045,32253,32263,10
13.06466007,80.27905273,32263,32273,10
13.06451988,80.27961731,32273,32284,11
13.06435966,80.28044128,32284,32294,10
13.06451035,80.28134155,32294,32304,10
13.06441975,80.28227997,32304,32314,10
13.06425953,80.28321838,32314,32364,50
13.06425953,80.28321838,32364,32374,10
13.0635004,80.28336334,32374,32385,11
13.0635004,80.28336334,32385,32395,10
13.0627203,80.28315735,32395,32405,10
13.06190014,80.28298187,32405,32415,10
13.06097031,80.28276825,32415,32425,10
13.05994987,80.28253937,32425,32435,10
13.05881977,80.28230286,32435,32448,13
13.05772018,80.28209686,32448,32458,10
13.05677986,80.28192139,32458,32468,10
13.05675983,80.28191376,32468,32479,11
13.05661964,80.28188324,32479,32489,10
13.05615997,80.28177643,32489,32499,10
13.05535984,80.28163147,32499,32509,10
13.0544796,80.28143311,32509,32519,10
13.05346012,80.28125,32519,32529,10
13.05259037,80.28112793,32529,32537,8
13.0514698,80.28098297,32537,32549,12
13.05060959,80.2808609,32549,32559,10
13.05002975,80.28076172,32559,32569,10
13.04926968,80.28064728,32569,32580,11
13.04829979,80.28048706,32580,32590,10
13.04726028,80.28032684,32590,32600,10
13.04625988,80.28022003,32600,32610,10
13.04572964,80.280159,32610,32620,10
13.04553986,80.28012848,32620,32630,10
13.04498959,80.28005981,32630,32640,10
13.04428005,80.27996063,32640,32650,10
13.04349041,80.27983856,32650,32660,10
13.04261017,80.27961731,32660,32671,11
13.04158974,80.27944946,32671,32682,11
13.04024029,80.27912903,32682,32692,10
13.03944016,80.27889252,32692,32702,10
13.03915024,80.27880859,32702,32712,10
13.03903008,80.27881622,32712,32722,10
13.03872013,80.27867889,32722,32732,10
13.03818035,80.27852631,32732,32742,10
13.03750038,80.2783432,32742,32752,10
13.03668022,80.27802277,32752,32762,10
13.03582954,80.27783966,32762,32772,10
13.03551006,80.27777863,32772,32783,11
13.03512955,80.27773285,32783,32793,10
13.03458023,80.27767181,32793,32803,10
13.03376007,80.27741241,32803,32813,10
13.03297997,80.27757263,32813,32823,10
13.03219986,80.27758789,32823,32833,10
13.0318203,80.27761078,32833,32843,10
13.03164005,80.27758026,32843,32853,10
13.03089046,80.27734375,32853,32873,20
13.03089046,80.27734375,32873,32884,11
13.03042984,80.27703857,32884,32894,10
13.02976036,80.27675629,32894,32904,10
13.02892017,80.27654266,32904,32914,10
13.02818012,80.27617645,32914,32923,9
13.02731037,80.27574921,32923,32934,11
13.02632999,80.27539825,32934,32944,10
13.02604008,80.27523804,32944,32954,10
13.02577972,80.2751236,32954,32964,10
13.02451038,80.27455139,32964,32974,10
13.02451038,80.27455139,32974,32985,11
13.02385044,80.27374268,32985,32995,10
13.02324009,80.27292633,32995,33005,10
13.02258968,80.27204132,33005,33015,10
13.02188015,80.27110291,33015,33025,10
13.02130032,80.27036285,33025,33036,11
13.02075958,80.26973724,33036,33047,11
13.02040005,80.26921082,33047,33168,121
13.02021027,80.2689209,33168,33310,142
13.02021027,80.2689209,33310,33320,10
13.02013969,80.26876068,33320,33330,10
13.01970005,80.26837921,33330,33381,51
13.01970005,80.26837921,33381,33391,10
13.0195303,80.26821136,33391,33401,10
13.01928997,80.26789856,33401,33411,10
13.01910019,80.26767731,33411,33461,50
13.01910019,80.26767731,33461,33471,10
13.01900005,80.26748657,33471,33482,11
13.01869965,80.26686096,33482,33492,10
13.01869965,80.26686096,33492,33502,10
13.01861954,80.26634216,33502,33512,10
13.01863956,80.26580811,33512,33522,10
13.01883984,80.26512146,33522,33532,10
13.01904011,80.26432037,33532,33542,10
13.01898956,80.26361084,33542,33552,10
13.01893997,80.26329803,33552,33562,10
13.01885986,80.26296234,33562,33572,10
13.01885986,80.26284027,33572,33583,11
13.01877975,80.26235199,33583,33594,11
13.01869965,80.26177979,33594,33603,9
13.0184803,80.26119232,33603,33614,11
13.01801968,80.26087189,33614,33624,10
13.01741982,80.26045227,33624,33634,10
13.01667976,80.25997925,33634,33644,10
13.01616955,80.25971222,33644,33654,10
13.01613998,80.25969696,33654,33664,10
13.0157299,80.25952911,33664,33674,10
13.01511955,80.25936127,33674,33685,11
13.01436996,80.25930786,33685,33695,10
13.01352978,80.25926971,33695,33705,10
13.01255989,80.2592392,33705,33715,10
13.0114603,80.25920105,33715,33725,10
13.01035023,80.25923157,33725,33735,10
13.00936985,80.2592392,33735,33745,10
13.00891018,80.2591629,33745,33755,10
13.00862026,80.25914764,33755,33765,10
13.00806046,80.2592926,33765,33775,10
13.00753975,80.25926208,33775,33786,11
13.0072298,80.25878143,33786,33796,10
13.00720024,80.25875092,33796,33806,10
13.00702,80.25842285,33806,33816,10
13.00671959,80.25795746,33816,33826,10
13.00607967,80.25759125,33826,33836,10
13.00557041,80.2576828,33836,33846,10
13.00444031,80.25734711,33846,33856,10
13.00362968,80.25704193,33856,33866,10
13.00302029,80.25695801,33866,33876,10
13.00234985,80.25679016,33876,33887,11
13.00177002,80.25660706,33887,33897,10
13.00119972,80.25653839,33897,33907,10
13.00049973,80.25653076,33907,33917,10
13.00006008,80.25650024,33917,33927,10
12.99983978,80.25637817,33927,33937,10
12.99944973,80.25626373,33937,33967,30
12.99944973,80.25626373,33967,33978,11
12.99903965,80.25614166,33978,33998,20
12.99903965,80.25614166,33998,34008,10
12.99880028,80.25610352,34008,34018,10
12.99808979,80.2559967,34018,34048,30
12.99808979,80.2559967,34048,34058,10
12.99767017,80.25595856,34058,34068,10
12.99736977,80.25598145,34068,34079,11
12.9967804,80.25595093,34079,34089,10
12.9967804,80.25595093,34089,34099,10
12.99623966,80.25595093,34099,34109,10
12.99578953,80.25588989,34109,34119,10
12.9953804,80.25595093,34119,34129,10
12.99520016,80.25591278,34129,34139,10
12.99475002,80.25595093,34139,34150,11
12.99438,80.25596619,34150,34160,10
12.99376011,80.25605011,34160,34170,10
12.99297047,80.25615692,34170,34181,11
12.99190044,80.25617218,34181,34190,9
12.99120045,80.25617981,34190,34201,11
12.99075031,80.25611115,34201,34211,10
12.99051952,80.25608063,34211,34221,10
12.99003983,80.25617981,34221,34231,10
12.98927975,80.25611877,34231,34241,10
12.98878956,80.25598907,34241,34251,10
12.98859978,80.2559433,34251,34261,10
12.98824024,80.25592041,34261,34271,10
12.98806,80.25588989,34271,34282,11
12.9878397,80.25588989,34282,34292,10
12.98764992,80.25626373,34292,34302,10
12.98756981,80.25688171,34302,34312,10
12.98752022,80.25773621,34312,34322,10
12.98746967,80.25846863,34322,34332,10
12.98735046,80.25948334,34332,34372,40
12.9872303,80.25962067,34372,34393,21
12.9872303,80.25962067,34393,34403,10
12.98672962,80.25953674,34403,34413,10
12.9865799,80.25921631,34413,35787,1374
12.9865799,80.25921631,35787,35797,10
12.98659039,80.25917816,35797,35807,10
12.98676014,80.25904846,35807,35890,83
12.98717022,80.25907135,35890,35971,81
12.98721027,80.25906372,35971,36112,141
12.98721027,80.25906372,36112,36122,10
12.98736954,80.25901794,36122,36132,10
12.98736954,80.25878143,36132,36142,10
12.98736954,80.25842285,36142,36152,10
12.98733997,80.25785828,36152,36163,11
12.98736,80.25702667,36163,36173,10
12.98746967,80.25631714,36173,36284,111
12.98746967,80.25631714,36284,36294,10
12.98746014,80.25618744,36294,36304,10
12.98746014,80.25591278,36304,36314,10
12.98770046,80.2557373,36314,36324,10
12.9883604,80.2558136,36324,36344,20
12.9883604,80.2558136,36344,36355,11
12.98857975,80.25582123,36355,36365,10
12.98875999,80.25585175,36365,36375,10
12.98925018,80.255867,36375,36385,10
12.99007988,80.25598145,36385,36395,10
12.99073982,80.25598145,36395,36405,10
12.99145985,80.25598907,36405,36415,10
12.99225998,80.2559967,36415,36425,10
12.99295998,80.25598145,36425,36435,10
12.99363041,80.25595093,36435,36445,10
12.99392033,80.25592804,36445,36456,11
12.99405956,80.25592804,36456,36466,10
12.99427986,80.25592041,36466,36476,10
12.99472046,80.25588989,36476,36486,10
12.99505997,80.25588989,36486,36496,10
12.99536991,80.255867,36496,36506,10
12.99580956,80.25589752,36506,36516,10
12.99639988,80.255867,36516,36597,81
12.99639988,80.255867,36597,36607,10
12.99676991,80.25582886,36607,36617,10
12.9972496,80.25582886,36617,36627,10
12.99765015,80.25585938,36627,36637,10
12.9982996,80.25592041,36637,36668,31
12.9982996,80.25592041,36668,36678,10
12.99855995,80.25601959,36678,36688,10
12.9988203,80.25601959,36688,36698,10
12.99892998,80.2559967,36698,36708,10
12.99942017,80.25608826,36708,36718,10
12.99987984,80.25618744,36718,36728,10
13.00041962,80.25627899,36728,36738,10
13.0010004,80.25637054,36738,36779,41
13.0010004,80.25637054,36779,36789,10
13.00115967,80.25641632,36789,36799,10
13.00162983,80.25652313,36799,36809,10
13.00232983,80.25660706,36809,36819,10
13.00296021,80.25673676,36819,36829,10
13.00397015,80.25694275,36829,36839,10
13.00465012,80.25707245,36839,36849,10
13.00483036,80.2571106,36849,36860,11
13.00492954,80.25715637,36860,36870,10
13.00522041,80.25720215,36870,36880,10
13.00549984,80.2572403,36880,36890,10
13.0061903,80.25733185,36890,36981,91
13.0061903,80.25733185,36981,36991,10
13.00644016,80.25737762,36991,37001,10
13.00675011,80.25752258,37001,37011,10
13.00701046,80.25804138,37011,37021,10
13.00749016,80.25853729,37021,37031,10
13.00821972,80.25884247,37031,37041,10
13.0085001,80.25894928,37041,37052,11
13.00876045,80.25901031,37052,37062,10
13.00895023,80.25901794,37062,37072,10
13.0094099,80.25901794,37072,37082,10
13.01012039,80.25901794,37082,37092,10
13.01101017,80.25904083,37092,37102,10
13.01200008,80.25904846,37102,37112,10
13.01309013,80.25908661,37112,37122,10
13.01428986,80.25914001,37122,37132,10
13.01541996,80.25921631,37132,37142,10
13.01618004,80.25949097,37142,37153,11
13.01638985,80.25964355,37153,37163,10
13.01650047,80.25977325,37163,37173,10
13.01688957,80.2600174,37173,37182,9
13.01751995,80.26045227,37182,37193,11
13.01809978,80.26084137,37193,37202,9
13.01861954,80.26117706,37202,37213,11
13.01893044,80.26145935,37213,37223,10
13.01914024,80.2616272,37223,37233,10
13.01928997,80.26177216,37233,37243,10
13.01955032,80.26206207,37243,37254,11
13.02007961,80.26261139,37254,37264,10
13.02017975,80.26300049,37264,37274,10
13.01980972,80.26299286,37274,37284,10
13.01920033,80.26296234,37284,37294,10
13.01906967,80.26335907,37294,37304,10
13.01914024,80.26409912,37304,37314,10
13.01893997,80.26493073,37314,37324,10
13.01881981,80.26531219,37324,37334,10
13.01869011,80.26602173,37334,37344,10
13.0187397,80.26676941,37344,37355,11
13.0191803,80.26760864,37355,37365,10
13.01982975,80.26843262,37365,37375,10
13.0204401,80.26920319,37375,37385,10
13.02089977,80.26972961,37385,37395,10
13.02143955,80.27043152,37395,37405,10
13.02276039,80.27213287,37405,37415,10
13.02276039,80.27213287,37415,37425,10
13.02344036,80.27306366,37425,37435,10
13.02387047,80.27365112,37435,37496,61
13.02387047,80.27365112,37496,37506,10
13.0241003,80.27394104,37506,37515,9
13.02455044,80.27448273,37515,37526,11
13.02515984,80.27478027,37526,37536,10
13.02536011,80.27485657,37536,37546,10
13.02567959,80.27501678,37546,37557,11
13.02626991,80.27529907,37557,37567,10
13.02686977,80.27555847,37567,37577,10
13.0274601,80.27584839,37577,37587,10
13.02795982,80.27601624,37587,37597,10
13.02822971,80.27616882,37597,37607,10
13.02857018,80.27631378,37607,37618,11
13.02906036,80.27649689,37618,37628,10
13.02935982,80.27657318,37628,37638,10
13.02956009,80.27664185,37638,37649,11
13.02987957,80.27670288,37649,37659,10
13.03007984,80.27680206,37659,37669,10
13.03059959,80.27703857,37669,37679,10
13.03120041,80.27739716,37679,37689,10
13.03195953,80.27751923,37689,37699,10
13.03279018,80.27745056,37699,37709,10
13.03341007,80.27734375,37709,37719,10
13.03398991,80.27741241,37719,37729,10
13.03460026,80.27752686,37729,37739,10
13.03509998,80.27761841,37739,37749,10
13.03553009,80.27771759,37749,37761,12
13.0362196,80.27783966,37761,37770,9
13.03691006,80.27809906,37770,37782,12
13.03711987,80.27819824,37782,37792,10
13.03736019,80.27825928,37792,37802,10
13.03796959,80.27839661,37802,37810,8
13.03841972,80.27851868,37810,37822,12
13.03882027,80.27864838,37822,37832,10
13.03905964,80.27870941,37832,37842,10
13.03944969,80.27883911,37842,37853,11
13.04020023,80.27903748,37853,37863,10
13.04106045,80.2792511,37863,37873,10
13.04201984,80.27940369,37873,37883,10
13.04277992,80.27947235,37883,37893,10
13.04296017,80.27947998,37893,37903,10
13.04314041,80.27950287,37903,37913,10
13.04356956,80.27963257,37913,37923,10
13.04415989,80.27980804,37923,37933,10
13.04493999,80.27993774,37933,37943,10
13.0458498,80.2800827,37943,37954,11
13.04697037,80.28024292,37954,37964,10
13.04806995,80.28038025,37964,37974,10
13.04920006,80.28054047,37974,37984,10
13.05056,80.28074646,37984,38004,20
13.05056,80.28074646,38004,38014,10
13.0507803,80.28076172,38014,38024,10
13.05134964,80.28085327,38024,38034,10
13.05214977,80.28096771,38034,38044,10
13.05300999,80.28109741,38044,38055,11
13.05420017,80.28131104,38055,38065,10
13.05543995,80.28156281,38065,38075,10
13.05624962,80.28172302,38075,38085,10
13.05642033,80.28173065,38085,38095,10
13.05669975,80.2818222,38095,38105,10
13.05716038,80.28191376,38105,38125,20
13.05716038,80.28191376,38125,38134,9
13.05737019,80.28195953,38134,38145,11
13.05749989,80.28173828,38145,38156,11
13.05760002,80.28108215,38156,38166,10
13.05762959,80.28093719,38166,38176,10
13.05766964,80.28044891,38176,38186,10
13.05774021,80.27979279,38186,38196,10
13.05786037,80.27915955,38196,38206,10
13.0580101,80.27819824,38206,38236,30
13.0580101,80.27819824,38236,38246,10
13.05807972,80.27780151,38246,38257,11
13.05811024,80.2773819,38257,38267,10
13.05825996,80.27726746,38267,38277,10
13.05867958,80.27731323,38277,38287,10
13.05924988,80.27739716,38287,38297,10
13.05969048,80.27749634,38297,38307,10
13.06000996,80.27754974,38307,38317,10
13.06052017,80.27761841,38317,38327,10
13.06066036,80.27763367,38327,38337,10
13.06095982,80.27768707,38337,38348,11
13.06161022,80.27784729,38348,38358,10
13.06204033,80.27790833,38358,38368,10
13.06227016,80.27796173,38368,38378,10
13.06260014,80.27806091,38378,38388,10
13.06301022,80.27812195,38388,38398,10
13.06377983,80.27818298,38398,38418,20
13.06377983,80.27818298,38418,38428,10
13.06389046,80.27819824,38428,38438,10
13.06427002,80.27822876,38438,38448,10
13.06474018,80.27818298,38448,38459,11
13.06507015,80.27760315,38459,38469,10
13.0653801,80.27693939,38469,38479,10
13.06573963,80.27613068,38479,38489,10
13.0660696,80.27529144,38489,38499,10
13.0662899,80.27468109,38499,38509,10
13.06630039,80.27467346,38509,38519,10
13.06641006,80.27429199,38519,38529,10
13.06659031,80.27387238,38529,38539,10
13.06684971,80.27349854,38539,38549,10
13.06700039,80.27333069,38549,38560,11
13.06733036,80.27288055,38560,38570,10
13.06776047,80.27237701,38570,38580,10
13.06814003,80.27185822,38580,38589,9
13.06807995,80.27137756,38589,38600,11
13.06758022,80.27078247,38600,38610,10
13.06706047,80.27027893,38610,38619,9
13.06653023,80.26965332,38619,38630,11
13.0664196,80.26891327,38630,38640,10
13.0665102,80.26841736,38640,38650,10
13.06704044,80.26854706,38650,38681,31
13.06704044,80.26854706,38681,38691,10
13.06709003,80.26859283,38691,38701,10
13.06748009,80.26883698,38701,38711,10
13.06789017,80.26914215,38711,38721,10
13.06824017,80.26924133,38721,38731,10
13.0683403,80.26889038,38731,38741,10
13.06846046,80.26849365,38741,38751,10
13.06875992,80.26785278,38751,38762,11
13.06906033,80.26715088,38762,38772,10
13.06952,80.26667786,38772,38782,10
13.07028008,80.26590729,38782,38802,20
13.07028008,80.26590729,38802,38812,10
13.07056046,80.26564026,38812,38822,10
13.07091045,80.26525116,38822,38832,10
13.0713501,80.26480103,38832,38842,10
13.07186985,80.26425934,38842,38852,10
13.07227993,80.26361084,38852,38863,11
13.07250023,80.26300812,38863,38873,10
13.07269001,80.26251221,38873,38883,10
13.07281017,80.2620697,38883,38893,10
13.07283974,80.26197815,38893,38903,10
13.07291031,80.26181793,38903,38913,10
13.07301044,80.26142883,38913,38922,9
13.07304001,80.2609024,38922,38933,11
13.0733099,80.2604599,38933,38943,10
13.0735302,80.25990295,38943,38954,11
13.07411957,80.25921631,38954,38964,10
13.07470036,80.25871277,38964,38974,10
13.07518959,80.25836182,38974,38984,10
13.07524014,80.25833893,38984,38994,10
13.07534027,80.25826263,38994,39004,10
13.07553959,80.25813293,39004,39014,10
13.07557011,80.25805664,39014,39024,10
13.07586002,80.25782013,39024,39034,10
13.07618046,80.25752258,39034,39044,10
13.07658005,80.25715637,39044,39055,11
13.07707977,80.25682831,39055,39065,10
13.07773018,80.25665283,39065,39075,10
13.0785799,80.25657654,39075,39085,10
13.07903004,80.25641632,39085,39095,10
13.07898998,80.25583649,39095,39105,10
13.07894039,80.25518036,39105,39115,10
13.07888031,80.25478363,39115,39166,51
13.07888031,80.25478363,39166,39176,10
13.07888031,80.25463867,39176,39186,10
13.07919979,80.25450897,39186,39196,10
13.07964039,80.25453949,39196,39206,10
13.07973957,80.25457001,39206,39216,10
13.07991982,80.25463104,39216,39226,10
13.08034039,80.25467682,39226,39236,10
13.0808897,80.25473022,39236,39246,10
13.08131981,80.25478363,39246,39257,11
13.08166027,80.2545929,39257,39267,10
13.08181,80.25405884,39267,39277,10
13.08189011,80.25338745,39277,39287,10
13.08174992,80.25292206,39287,39297,10
13.08146,80.25227356,39297,39307,10
13.08137989,80.25138855,39307,39317,10
13.08133984,80.25086975,39317,39327,10
13.08131027,80.25032806,39327,39337,10
13.08133984,80.24967194,39337,39347,10
13.08168983,80.24964142,39347,39358,11
13.08234024,80.24971771,39358,39368,10
13.08308983,80.24983978,39368,39378,10
13.08364964,80.24993134,39378,39388,10
13.08382988,80.24997711,39388,39398,10
13.0841198,80.25006104,39398,39408,10
13.08462048,80.25012207,39408,39418,10
13.08465958,80.25015259,39418,39428,10
13.08498955,80.25023651,39428,39438,10
13.08563042,80.25029755,39438,39448,10
13.08578014,80.25028992,39448,39459,11
13.08588982,80.24993896,39459,39469,10
13.08584023,80.24925995,39469,39479,10
13.08578014,80.24841309,39479,39489,10
13.08576012,80.24742889,39489,39499,10
13.08570004,80.24653625,39499,39509,10
13.08563995,80.24569702,39509,39570,61
13.08563995,80.24569702,39570,39580,10
13.08563042,80.24529266,39580,39590,10
13.08594036,80.24494171,39590,39600,10
13.08648014,80.24450684,39600,39610,10
13.08714008,80.24394989,39610,39620,10
13.08763981,80.24346161,39620,39630,10
13.08777046,80.24315643,39630,39640,10
13.08788013,80.24269867,39640,39650,10
13.08804989,80.24211121,39650,39661,11
13.08833981,80.24186707,39661,39671,10
13.08852005,80.24172211,39671,39681,10
13.08899975,80.24140167,39681,39691,10
13.08967972,80.24098206,39691,39701,10
13.09060955,80.24079895,39701,39711,10
13.09142971,80.24082184,39711,39721,10
13.09200001,80.24085999,39721,39731,10
13.09276962,80.2408905,39731,39741,10
13.09337044,80.24098206,39741,39751,10
13.09405994,80.24108887,39751,39762,11
13.09430027,80.24114227,39762,39772,10
13.09447956,80.24118805,39772,39782,10
13.0950098,80.24128723,39782,39792,10
13.09566975,80.24147797,39792,39801,9
13.09624004,80.24163055,39801,39812,11
13.09704971,80.24188232,39812,39832,20
13.09704971,80.24188232,39832,39842,10
13.09706974,80.24198914,39842,39893,51
13.09706974,80.24198914,39893,39903,10
13.09704971,80.24204254,39903,39913,10
13.09739971,80.24204254,39913,39923,10
13.09751034,80.24152374,39923,39933,10
13.09759045,80.2408905,39933,39943,10
13.0976696,80.23983002,39943,39954,11
13.09770966,80.23925018,39954,39964,10
13.09774017,80.23882294,39964,39974,10
13.09778023,80.23845673,39974,39984,10
13.09786987,80.23806,39984,39994,10
13.09796047,80.23767853,39994,40004,10
13.09803963,80.23722839,40004,40014,10
13.09807968,80.23695374,40014,40024,10
13.09813976,80.23651123,40024,40034,10
13.0982399,80.23590851,40034,40044,10
13.09836006,80.23516083,40044,40055,11
13.09842014,80.23484039,40055,40065,10
13.09844971,80.23464203,40065,40075,10
13.09850025,80.23416138,40075,40085,10
13.09852982,80.23384857,40085,40095,10
13.09856033,80.23355103,40095,40105,10
13.09864044,80.23298645,40105,40115,10
13.09879017,80.2322998,40115,40125,10
13.09904003,80.23158264,40125,40134,9
13.09922028,80.23117828,40134,40145,11
13.09941006,80.2307663,40145,40156,11
13.09957027,80.2303009,40156,40166,10
13.09967995,80.22987366,40166,40176,10
13.09972,80.22971344,40176,40186,10
13.09974003,80.22953796,40186,40196,10
13.09982967,80.22907257,40196,40206,10
13.09992027,80.22850037,40206,40216,10
13.09998989,80.22798157,40216,40226,10
13.10000992,80.22740173,40226,40236,10
13.09996986,80.22653198,40236,40246,10
13.09992027,80.22595978,40246,40257,11
13.09988022,80.22564697,40257,40267,10
13.09978962,80.2250824,40267,40277,10
13.09963036,80.22447968,40277,40287,10
13.09939957,80.22389221,40287,40297,10
13.09920979,80.22361755,40297,40307,10
13.09899044,80.22332764,40307,40317,10
13.09879971,80.2230835,40317,40327,10
13.09869003,80.22270203,40327,40337,10
13.09883976,80.22119904,40337,40347,10
13.09883976,80.22119904,40347,40358,11
13.09902,80.22012329,40358,40368,10
13.09912968,80.21948242,40368,40378,10
13.09918022,80.21927643,40378,40388,10
13.09924984,80.21881104,40388,40398,10
13.09936047,80.21804047,40398,40411,13
13.09953976,80.21717072,40411,40421,10
13.09980965,80.21633911,40421,40431,10
13.10000038,80.21588898,40431,40441,10
13.10015011,80.21555328,40441,40451,10
13.10019016,80.21543884,40451,40462,11
13.10037994,80.21502686,40462,40522,60
13.10037994,80.21502686,40522,40532,10
13.10052013,80.21476746,40532,40542,10
13.10062981,80.21452332,40542,40552,10
13.10074043,80.2142334,40552,40563,11
13.10087967,80.21388245,40563,40573,10
13.10107994,80.21341705,40573,40583,10
13.10132027,80.2128067,40583,40593,10
13.10153961,80.21231842,40593,40603,10
13.1017704,80.21164703,40603,40613,10
13.10194969,80.21115875,40613,40623,10
13.10208988,80.21070099,40623,40633,10
13.1022501,80.21021271,40633,40643,10
13.10243988,80.20970917,40643,40652,9
13.10256958,80.20934296,40652,40664,12
13.10274982,80.20879364,40664,40684,20
13.10274982,80.20879364,40684,40694,10
13.10276985,80.20858002,40694,40704,10
13.10284996,80.20835114,40704,40714,10
13.10301018,80.20791626,40714,40724,10
13.10319042,80.20748138,40724,40734,10
13.10334969,80.20713806,40734,40744,10
13.10356045,80.20670319,40744,40754,10
13.10375977,80.20612335,40754,40765,11
13.10383034,80.20584869,40765,40775,10
13.10381985,80.20570374,40775,40785,10
13.10381031,80.20536041,40785,40795,10
13.10379982,80.20487976,40795,40805,10
13.10377979,80.204422,40805,40815,10
13.10373974,80.20391846,40815,40825,10
13.10352993,80.20339203,40825,40835,10
13.10354042,80.20295715,40835,40845,10
13.1035099,80.20256042,40845,40855,10
13.10344028,80.20200348,40855,40866,11
13.10340977,80.20172119,40866,40876,10
13.10340023,80.20155334,40876,40886,10
13.10332012,80.20101929,40886,40896,10
13.10326004,80.20037079,40896,40906,10
13.10317993,80.19967651,40906,40916,10
13.10313988,80.19933319,40916,40926,10
13.10301971,80.19867706,40926,40936,10
13.10289001,80.19792938,40936,40946,10
13.10266972,80.19719696,40946,40956,10
13.10245037,80.1965332,40956,40967,11
13.10221958,80.19582367,40967,40977,10
13.10200024,80.19519806,40977,40987,10
13.10181046,80.1947403,40987,40997,10
13.10165977,80.19454956,40997,41007,10
13.10151005,80.19406128,41007,41017,10
13.10179996,80.19339752,41017,41027,10
13.10161972,80.19232941,41027,41037,10
13.10140991,80.19110107,41037,41047,10
13.10112953,80.19019318,41047,41058,11
13.10105991,80.19004059,41058,41068,10
13.10101032,80.18993378,41068,41078,10
13.10087967,80.18952942,41078,41087,9
13.10052013,80.18894958,41087,41098,11
13.10019016,80.1882782,41098,41108,10
13.09992027,80.18753815,41108,41118,10
13.09978962,80.18708038,41118,41128,10
13.09971046,80.1867218,41128,41138,10
13.09957981,80.18611908,41138,41149,11
13.09941959,80.18547821,41149,41159,10
13.09930038,80.18496704,41159,41169,10
13.09912014,80.18431854,41169,41179,10
13.09887028,80.18359375,41179,41189,10
13.09864998,80.18280029,41189,41199,10
13.09846973,80.18199158,41199,41209,10
13.09842014,80.18179321,41209,41219,10
13.09836006,80.1815033,41219,41229,10
13.09823036,80.18108368,41229,41239,10
13.09805965,80.1803894,41239,41249,10
13.09786034,80.17960358,41249,41260,11
13.09778023,80.17881775,41260,41270,10
13.09780025,80.17803955,41270,41280,10
13.09786034,80.17720795,41280,41290,10
13.09799004,80.1765213,41290,41300,10
13.09803009,80.17632294,41300,41310,10
13.09807014,80.17597198,41310,41320,10
13.09809971,80.17558289,41320,41330,10
13.0981102,80.17526245,41330,41340,10
13.09821987,80.17471313,41340,41350,10
13.0984602,80.17398071,41350,41361,11
13.09885025,80.17307281,41361,41371,10
13.0991497,80.17227936,41371,41381,10
13.09945965,80.17141724,41381,41391,10
13.09967995,80.17031097,41391,41482,91
13.09967995,80.17031097,41482,41492,10
13.09967995,80.17015839,41492,41502,10
13.09963989,80.16995239,41502,41512,10
13.09963036,80.16990662,41512,41522,10
13.09957027,80.16970062,41522,41563,41
13.09957027,80.16970062,41563,41573,10
13.09930992,80.16960144,41573,41583,10
13.09910965,80.16937256,41583,41765,182
13.09910965,80.16937256,41765,41775,10
13.09887981,80.16934204,41775,41785,10
13.09912014,80.16957855,41785,41795,10
13.09934044,80.1696167,41795,41805,10
13.09953022,80.16964722,41805,41866,61
13.09953022,80.16964722,41866,41876,10
13.09967041,80.1700592,41876,41886,10
13.09976006,80.17034912,41886,41896,10
13.09965038,80.17086792,41896,41916,20
13.09965038,80.17086792,41916,41926,10
13.09959984,80.17102051,41926,41936,10
13.09957981,80.17105103,41936,41947,11
13.09947968,80.1714325,41947,41957,10
13.0992403,80.17215729,41957,41967,10
13.0989399,80.17295837,41967,41977,10
13.09864044,80.17359924,41977,41987,10
13.0984602,80.17417145,41987,41997,10
13.09825993,80.17479706,41997,42007,10
13.09817982,80.17523956,42007,42017,10
13.09813976,80.17563629,42017,42027,10
13.09809971,80.17629242,42027,42037,10
13.09792995,80.17709351,42037,42047,10
13.09784985,80.17794037,42047,42058,11
13.09782028,80.17893219,42058,42068,10
13.09799004,80.17977142,42068,42078,10
13.09815979,80.18045807,42078,42088,10
13.09827995,80.18093872,42088,42098,10
13.09840012,80.18138885,42098,42108,10
13.09852028,80.18199921,42108,42118,10
13.09867954,80.18276215,42118,42128,10
13.09883976,80.18334961,42128,42137,9
13.09902,80.18388367,42137,42148,11
13.09912014,80.18409729,42148,42219,71
13.09922981,80.18447876,42219,42270,51
13.09922981,80.18447876,42270,42280,10
13.09936047,80.18486786,42280,42290,10
13.09941006,80.18505859,42290,42300,10
13.09951973,80.1855011,42300,42310,10
13.09963989,80.18583679,42310,42320,10
13.09963989,80.18608093,42320,42330,10
13.09967995,80.18631744,42330,42340,10
13.09980011,80.1866684,42340,42350,10
13.09988022,80.1870575,42350,42361,11
13.0999403,80.18733978,42361,42371,10
13.10013962,80.18791962,42371,42381,10
13.10042,80.188591,42381,42391,10
13.10074043,80.18907928,42391,42401,10
13.10130024,80.18974304,42401,42421,20
13.10130024,80.18974304,42421,42431,10
13.10132027,80.18991852,42431,42441,10
13.10138035,80.1901474,42441,42452,11
13.10151958,80.19078827,42452,42462,10
13.10163975,80.1914978,42462,42472,10
13.10173035,80.19210052,42472,42482,10
13.10181999,80.19264984,42482,42492,10
13.10192966,80.1932373,42492,42502,10
13.10206985,80.19381714,42502,42512,10
13.10217953,80.19434357,42512,42522,10
13.10208988,80.19515228,42522,42532,10
13.1023798,80.19606781,42532,42542,10
13.1027298,80.1971283,42542,42552,10
13.10303974,80.19818115,42552,42563,11
13.10317993,80.1989975,42563,42573,10
13.10324001,80.19940948,42573,42583,10
13.10332012,80.20011139,42583,42593,10
13.10338974,80.20078278,42593,42603,10
13.10348034,80.20144653,42603,42613,10
13.10356045,80.20213318,42613,42623,10
13.10367012,80.20281982,42623,42643,20
13.10367012,80.20281982,42643,42653,10
13.10369968,80.20307922,42653,42664,11
13.10377979,80.2036438,42664,42674,10
13.1038599,80.20432281,42674,42684,10
13.10387993,80.20503235,42684,42694,10
13.1038599,80.20574188,42694,42714,20
13.1038599,80.20574188,42714,42724,10
13.10377026,80.20628357,42724,42734,10
13.10346985,80.20694733,42734,42744,10
13.10324001,80.20748138,42744,42754,10
13.10311985,80.20780182,42754,42765,11
13.10309029,80.20791626,42765,42775,10
13.1030798,80.20800018,42775,42785,10
13.10291958,80.20845032,42785,42795,10
13.1027298,80.20903015,42795,42805,10
13.10266018,80.20925903,42805,42815,10
13.10254955,80.20957947,42815,42825,10
13.10231972,80.21016693,42825,42835,10
13.10206032,80.21098328,42835,42845,10
13.10163021,80.21214294,42845,42886,41
13.10163021,80.21214294,42886,42896,10
13.10146999,80.21256256,42896,42906,10
13.10126972,80.21308136,42906,42916,10
13.10116005,80.21337891,42916,42926,10
13.10095978,80.21385193,42926,42936,10
13.10079956,80.21427917,42936,42946,10
13.10066986,80.2146225,42946,42956,10
13.1005497,80.21489716,42956,42967,11
13.09992981,80.21626282,42967,42977,10
13.09992981,80.21626282,42977,42987,10
13.09963989,80.21716309,42987,42997,10
13.09945965,80.21814728,42997,43007,10
13.09928989,80.21907043,43007,43017,10
13.09922981,80.21941376,43017,43027,10
13.09912014,80.21996307,43027,43040,13
13.09902,80.22068024,43040,43050,10
13.09879971,80.22193909,43050,43061,11
13.09899998,80.2230835,43061,43071,10
13.0995903,80.22403717,43071,43081,10
13.09986973,80.22515106,43081,43091,10
13.0999403,80.22556305,43091,43101,10
13.10002041,80.22608185,43101,43112,11
13.10006046,80.22686768,43112,43121,9
13.10004044,80.22779846,43121,43132,11
13.09992027,80.22866821,43132,43142,10
13.09982014,80.22926331,43142,43152,10
13.09971046,80.22988892,43152,43163,11
13.09955025,80.23047638,43163,43173,10
13.09947014,80.23079681,43173,43183,10
13.09928989,80.23116302,43183,43193,10
13.09899998,80.23175049,43193,43203,10
13.09875965,80.23253632,43203,43213,10
13.09860039,80.23339081,43213,43223,10
13.09856987,80.23407745,43223,43243,20
13.09856987,80.23407745,43243,43254,11
13.09852028,80.23455811,43254,43264,10
13.09844017,80.2350769,43264,43274,10
13.09838009,80.23554993,43274,43284,10
13.09831047,80.23600006,43284,43294,10
13.09817982,80.23670197,43294,43304,10
13.09807014,80.23728943,43304,43314,10
13.09794998,80.23783112,43314,43324,10
13.09782028,80.23851776,43324,43334,10
13.09776974,80.23908997,43334,43344,10
13.0977602,80.23921204,43344,43354,10
13.09770012,80.23960876,43354,43365,11
13.09770012,80.23986816,43365,43375,10
13.09770012,80.24005127,43375,43385,10
13.0976696,80.2405777,43385,43395,10
13.09751987,80.24163818,43395,43466,71
13.09751987,80.24163818,43466,43476,10
13.09743977,80.2419281,43476,43486,10
13.09729004,80.2421875,43486,43496,10
13.09696007,80.24208832,43496,43506,10
13.09648037,80.2419281,43506,43516,10
13.09584999,80.24169922,43516,43526,10
13.09541035,80.24150848,43526,43536,10
13.09502029,80.24143219,43536,43546,10
13.09469986,80.24128723,43546,43556,10
13.09428978,80.2412262,43556,43567,11
13.09364033,80.2411499,43567,43577,10
13.09360981,80.24111938,43577,43587,10
13.09331989,80.24102783,43587,43597,10
13.0927,80.24098969,43597,43607,10
13.09204006,80.24092102,43607,43617,10
13.09113979,80.24085999,43617,43627,10
13.08998966,80.24095154,43627,43637,10
13.08932972,80.24125671,43637,43647,10
13.08864021,80.24173737,43647,43658,11
13.08796024,80.24266052,43658,43668,10
13.08784962,80.24320221,43668,43678,10
13.08769989,80.24356079,43678,43688,10
13.08761978,80.24365997,43688,43698,10
13.08751965,80.24378967,43698,43708,10
13.08712006,80.24407196,43708,43718,10
13.08677006,80.2443924,43718,43738,20
13.08677006,80.2443924,43738,43748,10
13.08658981,80.24452972,43748,43759,11
13.08621025,80.24479675,43759,43769,10
13.08590984,80.24504089,43769,43779,10
13.08567047,80.24542999,43779,43789,10
13.08567047,80.24607849,43789,43799,10
13.08565998,80.24674225,43799,43809,10
13.08568954,80.24677277,43809,43819,10
13.08578014,80.24688721,43819,43829,10
13.08574009,80.24742889,43829,43839,10
13.08574963,80.24825287,43839,43850,11
13.08578968,80.24912262,43850,43860,10
13.08590984,80.25019836,43860,43900,40
13.08590984,80.25019836,43900,43910,10
13.08588028,80.2506485,43910,43920,10
13.08580017,80.25109863,43920,43930,10
13.08576012,80.2513504,43930,43961,31
13.08570957,80.25173187,43961,44001,40
13.08570957,80.25173187,44001,44011,10
13.08557987,80.25205231,44011,44021,10
13.0855999,80.25219727,44021,44031,10
13.0855999,80.25237274,44031,44041,10
13.08557987,80.25238037,44041,44051,10
13.08553982,80.25260925,44051,44062,11
13.08553982,80.25263214,44062,44072,10
13.08547974,80.25289154,44072,44082,10
13.08549976,80.25328064,44082,44092,10
13.08549023,80.25369263,44092,44102,10
13.08553982,80.25414276,44102,44112,10
13.0855999,80.25462341,44112,44122,10
13.08543015,80.25475311,44122,44132,10
13.08500004,80.25467682,44132,44142,10
13.08430004,80.25463867,44142,44152,10
13.08397961,80.25457764,44152,44163,11
13.08378029,80.25457764,44163,44173,10
13.08320999,80.25456238,44173,44183,10
13.08259964,80.2545166,44183,44193,10
13.08209038,80.25460052,44193,44203,10
13.08148003,80.25482178,44203,44213,10
13.08092022,80.25482941,44213,44223,10
13.08084011,80.25483704,44223,44233,10
13.08065033,80.25485229,44233,44243,10
13.08032036,80.25479889,44243,44253,10
13.0798502,80.25469971,44253,44264,11
13.07929993,80.25470734,44264,44274,10
13.07915974,80.25507355,44274,44284,10
13.07907963,80.25579834,44284,44294,10
13.07909012,80.2563324,44294,44304,10
13.07911968,80.25650024,44304,44314,10
13.07876968,80.25669861,44314,44324,10
13.07831001,80.25670624,44324,44334,10
13.07789993,80.25670624,44334,44344,10
13.07746029,80.25675964,44344,44354,10
13.07701015,80.25691223,44354,44365,11
13.07643032,80.25736237,44365,44375,10
13.07586002,80.25791168,44375,44385,10
13.07549953,80.25827789,44385,44394,9
13.07559013,80.25894165,44394,44405,11
13.07602024,80.25965118,44405,44415,10
13.07662964,80.26013947,44415,44425,10
13.07688999,80.26039124,44425,44435,10
13.0771904,80.26075745,44435,44445,10
13.07742023,80.2612915,44445,44455,10
13.07763004,80.26180267,44455,44466,11
13.07781029,80.26226044,44466,44486,20
13.07781029,80.26226044,44486,44496,10
13.07775974,80.26248932,44496,44506,10
13.07787991,80.26289368,44506,44516,10
13.07814026,80.26331329,44516,44526,10
13.0781002,80.26345062,44526,44536,10
13.07802963,80.26329803,44536,44546,10
13.07798004,80.26278687,44546,44556,10
13.0776701,80.26203156,44556,44567,11
13.0773201,80.26113129,44567,44577,10
13.07721043,80.26084137,44577,44587,10
13.07688046,80.26056671,44587,44597,10
13.07662964,80.26033783,44597,44607,10
13.0761404,80.25993347,44607,44617,10
13.07557964,80.2593689,44617,44627,10
13.07549953,80.25871277,44627,44698,71
13.07549953,80.25871277,44698,44708,10
13.07532024,80.2583313,44708,44718,10
13.07555008,80.25817108,44718,44728,10
13.07602978,80.25771332,44728,44738,10
13.07649994,80.2572403,44738,44748,10
13.07701969,80.25688171,44748,44758,10
13.07771015,80.25665283,44758,44769,11
13.07876015,80.25657654,44769,44779,10
13.07900047,80.25634766,44779,44789,10
13.07890987,80.25546265,44789,44819,30
13.07890987,80.25546265,44819,44829,10
13.07894993,80.25533295,44829,44839,10
13.07896996,80.25496674,44839,44849,10
13.07935047,80.25460815,44849,44880,31
13.07935047,80.25460815,44880,44890,10
13.0797596,80.25463867,44890,44900,10
13.07993984,80.25466919,44900,44910,10
13.07997036,80.25466919,44910,44920,10
13.08026028,80.2547226,44920,44930,10
13.08071995,80.25478363,44930,44940,10
13.08111954,80.25482941,44940,44951,11
13.08148956,80.25480652,44951,44963,12
13.08172989,80.25428009,44963,44973,10
13.08176994,80.25396729,44973,44983,10
13.08183956,80.25363159,44983,44993,10
13.08180046,80.25299835,44993,45003,10
13.08148956,80.25234985,45003,45013,10
13.08139038,80.25141144,45013,45023,10
13.08137035,80.25093079,45023,45033,10
13.08131981,80.2504425,45033,45043,10
13.08141994,80.24973297,45043,45053,10
13.08193016,80.24970245,45053,45064,11
13.08253956,80.24978638,45064,45074,10
13.08318996,80.24987793,45074,45084,10
13.08384991,80.24999237,45084,45094,10
13.08469963,80.25016022,45094,45104,10
13.08539009,80.25028229,45104,45114,10
13.08580017,80.25031281,45114,45124,10
13.08584976,80.25006866,45124,45134,10
13.08586979,80.24951935,45134,45144,10
13.08584976,80.24868774,45144,45154,10
13.08576965,80.24780273,45154,45165,11
13.08563995,80.24662018,45165,45225,60
13.08563995,80.24662018,45225,45235,10
13.08565998,80.24611664,45235,45245,10
13.08563995,80.24582672,45245,45255,10
13.08561039,80.24542999,45255,45266,11
13.08596039,80.24498749,45266,45276,10
13.08646965,80.24452972,45276,45286,10
13.08708,80.24398804,45286,45296,10
13.08757973,80.24343872,45296,45306,10
13.08780956,80.24291992,45306,45316,10
13.08788013,80.24230957,45316,45326,10
13.08827972,80.24191284,45326,45336,10
13.08864021,80.24165344,45336,45346,10
13.08920956,80.24127197,45346,45357,11
13.08987045,80.2408905,45357,45367,10
13.09078979,80.24082947,45367,45377,10
13.09169006,80.24086761,45377,45387,10
13.09247971,80.24091339,45387,45397,10
13.09329987,80.2410202,45397,45407,10
13.09391022,80.24111938,45407,45417,10
13.09391975,80.24111938,45417,45427,10
13.09426022,80.24120331,45427,45437,10
13.09471989,80.24127197,45437,45447,10
13.09519958,80.24140167,45447,45457,10
13.09560966,80.241539,45457,45468,11
13.09609032,80.24173737,45468,45478,10
13.09685993,80.24198914,45478,45538,60
13.09685993,80.24198914,45538,45548,10
13.09694958,80.24204254,45548,45559,11
13.09727001,80.24211121,45559,45569,10
13.09772015,80.24221802,45569,45579,10
13.09819031,80.24230957,45579,45599,20
13.09819031,80.24230957,45599,45609,10
13.09844017,80.2423172,45609,45619,10
13.09858036,80.24227905,45619,45629,10
13.09869957,80.24208832,45629,45639,10
13.09873962,80.24178314,45639,45649,10
13.09875011,80.24150085,45649,45659,10
13.09854031,80.24130249,45659,46114,455
13.09854031,80.24130249,46114,46124,10
13.09844017,80.2410965,46124,46134,10
13.09866047,80.2408905,46134,46144,10
13.09885979,80.24111176,46144,46155,11
13.0988102,80.24143219,46155,46165,10
13.09873962,80.24172974,46165,46195,30
13.09873962,80.24172974,46195,46205,10
13.0985899,80.24183655,46205,46225,20
13.0984602,80.24208069,46225,46276,51
13.09862041,80.24234772,46276,47427,1151
13.09862041,80.24234772,47427,47438,11
13.09836006,80.24237823,47438,47448,10
13.0976696,80.24223328,47448,47528,80
13.0976696,80.24223328,47528,47539,11
13.09735966,80.24191284,47539,47549,10
13.09737968,80.24183655,47549,47559,10
13.09751034,80.24136353,47559,47569,10
13.09764004,80.24067688,47569,47579,10
13.09768963,80.23999786,47579,47589,10
13.09770966,80.23925781,47589,47599,10
13.0977602,80.23860931,47599,47609,10
13.09784031,80.23789215,47609,47619,10
13.09796047,80.23735046,47619,47629,10
13.09807968,80.23680115,47629,47640,11
13.09819984,80.23618317,47640,47650,10
13.09827995,80.23583984,47650,47660,10
13.09834003,80.23538208,47660,47670,10
13.09840965,80.23496246,47670,47680,10
13.09842968,80.23471069,47680,47690,10
13.09848976,80.23426819,47690,47700,10
13.09854031,80.23384094,47700,47710,10
13.09860039,80.23348236,47710,47720,10
13.09866047,80.23291779,47720,47730,10
13.09879971,80.2322464,47730,47741,11
13.09895992,80.23174286,47741,47751,10
13.09904957,80.23140717,47751,47761,10
13.09918976,80.23097992,47761,47771,10
13.09941006,80.23049927,47771,47781,10
13.09959984,80.22994995,47781,47791,10
13.09965038,80.22981262,47791,47801,10
13.09976006,80.22956848,47801,47811,10
13.09984016,80.22904205,47811,47821,10
13.09986019,80.22850037,47821,47831,10
13.09996986,80.22794342,47831,47842,11
13.10000992,80.22702026,47842,47852,10
13.09992981,80.22618103,47852,47862,10
13.09990978,80.22596741,47862,47872,10
13.09990978,80.22575378,47872,47882,10
13.09982967,80.2253418,47882,47892,10
13.09972,80.22485352,47892,47902,10
13.09959984,80.22431946,47902,47911,9
13.09953976,80.22409821,47911,47922,11
13.09934044,80.22376251,47922,47932,10
13.09912968,80.22350311,47932,47943,11
13.09887028,80.22315216,47943,47953,10
13.0987196,80.22286224,47953,47963,10
13.09879017,80.22151184,47963,47973,10
13.09879017,80.22151184,47973,47983,10
13.09897995,80.22058105,47983,47993,10
13.09912968,80.21974182,47993,48003,10
13.09918022,80.21942902,48003,48013,10
13.09918976,80.21936798,48013,48023,10
13.09926033,80.21897888,48023,48036,13
13.09936047,80.2183609,48036,48047,11
13.09955978,80.21716309,48047,48057,10
13.09980011,80.21627808,48057,48067,10
13.10013962,80.21556091,48067,48077,10
13.10017967,80.21547699,48077,48087,10
13.10035038,80.2151413,48087,48097,10
13.10042,80.21488953,48097,48107,10
13.10058975,80.2144928,48107,48117,10
13.10083008,80.21399689,48117,48127,10
13.10103035,80.21347809,48127,48137,10
13.10130024,80.2128067,48137,48148,11
13.10157013,80.21204376,48148,48158,10
13.10173988,80.21161652,48158,48168,10
13.10188007,80.21121979,48168,48178,10
13.10204983,80.21076202,48178,48188,10
13.10225964,80.21015167,48188,48198,10
13.10241985,80.20973206,48198,48208,10
13.10258961,80.20922089,48208,48218,10
13.10268974,80.20892334,48218,48228,10
13.10274982,80.20864868,48228,48238,10
13.10280991,80.20851898,48238,48249,11
13.10293961,80.20809937,48249,48259,10
13.10309982,80.2076416,48259,48268,9
13.10324001,80.20733643,48268,48279,11
13.10342026,80.20687866,48279,48289,10
13.10365963,80.20628357,48289,48299,10
13.10379028,80.20588684,48299,48309,10
13.10383987,80.20559692,48309,48319,10
13.10385036,80.20501709,48319,48329,10
13.10381985,80.20458984,48329,48339,10
13.10377979,80.20404816,48339,48350,11
13.10371017,80.20355988,48350,48360,10
13.10348034,80.20323181,48360,48370,10
13.10350037,80.20272064,48370,48380,10
13.10344028,80.20211792,48380,48390,10
13.10336018,80.20159912,48390,48400,10
13.10336018,80.20153046,48400,48410,10
13.10330963,80.2010498,48410,48420,10
13.1032896,80.20059967,48420,48430,10
13.10326004,80.20011139,48430,48441,11
13.10313988,80.19944,48441,48451,10
13.10307026,80.19901276,48451,48461,10
13.10293961,80.19834137,48461,48471,10
13.10278034,80.19760895,48471,48481,10
13.10258007,80.19695282,48481,48491,10
13.10235977,80.1963501,48491,48501,10
13.10219002,80.19579315,48501,48511,10
13.10200977,80.19525909,48511,48521,10
13.10182953,80.19471741,48521,48531,10
13.10167027,80.19454193,48531,48542,11
13.10149956,80.19416809,48542,48552,10
13.10181046,80.19361115,48552,48562,10
13.10171986,80.19265747,48562,48572,10
13.10155964,80.19181061,48572,48582,10
13.10130978,80.19052887,48582,48592,10
13.10112,80.19011688,48592,48602,10
13.10105038,80.18994141,48602,48612,10
13.10079956,80.18937683,48612,48622,10
13.10044003,80.18875885,48622,48632,10
13.10011959,80.1880722,48632,48643,11
13.09992027,80.18744659,48643,48653,10
13.09980011,80.18710327,48653,48663,10
13.09967041,80.18657684,48663,48683,20
13.09967041,80.18657684,48683,48693,10
13.09963989,80.18647003,48693,48703,10
13.0995903,80.18615723,48703,48723,20
13.0995903,80.18615723,48723,48733,10
13.09951973,80.1857605,48733,48754,21
13.09951973,80.1857605,48754,48764,10
13.09941006,80.18540955,48764,48804,40
13.09941006,80.18540955,48804,48814,10
13.09936047,80.18502045,48814,48824,10
13.09928989,80.18480682,48824,48835,11
13.09916973,80.18447113,48835,48845,10
13.09904003,80.18408966,48845,48855,10
13.09887981,80.18360138,48855,48865,10
13.09873009,80.18305969,48865,48875,10
13.09854984,80.18242645,48875,48885,10
13.09840012,80.18171692,48885,48905,20
13.09840012,80.18171692,48905,48915,10
13.09832954,80.18139648,48915,48925,10
13.09815979,80.18071747,48925,48935,10
13.09794044,80.17990875,48935,48946,11
13.09778976,80.17891693,48946,48956,10
13.09780025,80.17799377,48956,48966,10
13.09784031,80.17723846,48966,48976,10
13.09797955,80.17649841,48976,48986,10
13.09807014,80.1758728,48986,48996,10
13.0981102,80.17553711,48996,49006,10
13.09813976,80.17497253,49006,49016,10
13.09834003,80.17434692,49016,49026,10
13.09852982,80.17382813,49026,49036,10
13.09881973,80.17312622,49036,49047,11
13.09914017,80.17230225,49047,49057,10
13.09941959,80.17150116,49057,49067,10
13.09969997,80.17043304,49067,49117,50
13.09967041,80.1703186,49117,49178,61
13.09967041,80.1703186,49178,49188,10
13.09967041,80.17019653,49188,49198,10
13.09963989,80.1697998,49198,49360,162
13.09963989,80.1697998,49360,49370,10
13.09939003,80.16963959,49370,49380,10
13.09910965,80.16960144,49380,49390,10
13.09879017,80.16972351,49390,49400,10
13.09842014,80.16973877,49400,49430,30
13.09842014,80.16973877,49430,49441,11
13.09832001,80.169487,49441,49511,70
13.09832001,80.169487,49511,49521,10
13.09831047,80.16956329,49521,49532,11
13.09838963,80.16956329,49532,49542,10
13.09883976,80.16956329,49542,49552,10
13.09939957,80.16959381,49552,49582,30
13.09939957,80.16959381,49582,49592,10
13.09974003,80.16982269,49592,49602,10
13.09976006,80.17003632,49602,49612,10
13.09969997,80.17046356,49612,49622,10
13.09959984,80.17092896,49622,49632,10
13.0995903,80.1709671,49632,49643,11
13.09961033,80.17102814,49643,49653,10
13.09947968,80.17140961,49653,49663,10
13.09926987,80.17208099,49663,49673,10
13.09899044,80.17285919,49673,49683,10
13.09875011,80.17347717,49683,49693,10
13.09840012,80.17436981,49693,49703,10
13.09825993,80.17484283,49703,49713,10
13.09817982,80.17532349,49713,49723,10
13.09813976,80.17565155,49723,49733,10
13.09811974,80.17591858,49733,49744,11
13.09809971,80.17610168,49744,49754,10
13.09799957,80.17655945,49754,49764,10
13.09790993,80.17719269,49764,49774,10
13.09786034,80.17794037,49774,49784,10
13.09782982,80.17858124,49784,49794,10
13.09784031,80.17917633,49794,49804,10
13.09799957,80.17991638,49804,49814,10
13.09821987,80.18080902,49814,49834,20
13.09821987,80.18080902,49834,49845,11
13.09832001,80.18118286,49845,49855,10
13.09842014,80.18153381,49855,49865,10
13.09854031,80.18219757,49865,49875,10
13.09864998,80.18267822,49875,49885,10
13.09879971,80.18328857,49885,49895,10
13.09902954,80.18393707,49895,49905,10
13.09922028,80.18460846,49905,49915,10
13.09936047,80.18514252,49915,49966,51
13.09936047,80.18514252,49966,49976,10
13.09939957,80.18531799,49976,49986,10
13.09961033,80.18604279,49986,50036,50
13.09961033,80.18604279,50036,50047,11
13.09961987,80.18628693,50047,50057,10
13.09971046,80.18652344,50057,50067,10
13.09982014,80.1867981,50067,50077,10
13.09988976,80.18711853,50077,50087,10
13.10000992,80.18757629,50087,50097,10
13.10023975,80.18818665,50097,50107,10
13.10046959,80.18871307,50107,50117,10
13.10087013,80.18921661,50117,50127,10
13.10126019,80.18963623,50127,50138,11
13.10126972,80.18966675,50138,50148,10
13.10130978,80.18978119,50148,50158,10
13.10136032,80.1901474,50158,50168,10
13.10151005,80.19078827,50168,50178,10
13.10161018,80.19148254,50178,50188,10
13.10171986,80.19210815,50188,50198,10
13.10181046,80.19268799,50198,50208,10
13.1019001,80.19328308,50208,50218,10
13.10204029,80.19381714,50218,50228,10
13.10219002,80.1942215,50228,50238,10
13.10217953,80.19439697,50238,50249,11
13.10210037,80.19461823,50249,50259,10
13.10204983,80.19506836,50259,50269,10
13.10227966,80.19580078,50269,50279,10
13.10264015,80.19686127,50279,50289,10
13.10293961,80.19776154,50289,50299,10
13.10313988,80.19892883,50299,50309,10
13.10319996,80.19927979,50309,50319,10
13.10328007,80.19985962,50319,50329,10
13.10336971,80.20063019,50329,50339,10
13.10346031,80.20133972,50339,50350,11
13.10359955,80.20253754,50350,50370,20
13.10359955,80.20253754,50370,50380,10
13.10359955,80.20263672,50380,50390,10
13.10363007,80.20294189,50390,50400,10
13.10367966,80.20339966,50400,50410,10
13.10381985,80.20401764,50410,50420,10
13.10383987,80.20471954,50420,50430,10
13.10383987,80.20545959,50430,50440,10
13.10379028,80.20607758,50440,50451,11
13.10358047,80.20671082,50451,50461,10
13.10334015,80.20720673,50461,50471,10
13.10321045,80.20754242,50471,50481,10
13.10319996,80.20755005,50481,50491,10
13.10309029,80.20773315,50491,50501,10
13.10299015,80.20807648,50501,50511,10
13.10284042,80.20850372,50511,50521,10
13.10274982,80.20881653,50521,50531,10
13.10266972,80.20909119,50531,50542,11
13.10258961,80.20929718,50542,50552,10
13.10245991,80.20970154,50552,50562,10
13.10223961,80.21034241,50562,50572,10
13.10204029,80.21096039,50572,50582,10
13.10184002,80.21150208,50582,50592,10
13.10157013,80.21224213,50592,50602,10
13.10122013,80.21321869,50602,50622,20
13.10122013,80.21321869,50622,50632,10
13.1010704,80.21351624,50632,50643,11
13.10085011,80.21408844,50643,50653,10
13.10060024,80.21469879,50653,50662,9
13.10039997,80.21520996,50662,50673,11
13.09974003,80.21678162,50673,50683,10
13.09974003,80.21678162,50683,50693,10
13.09953022,80.21759796,50693,50703,10
13.09939957,80.21842957,50703,50713,10
13.09930038,80.21906281,50713,50723,10
13.09922981,80.21941376,50723,50733,10
13.09912968,80.21994781,50733,50747,14
13.09902,80.22075653,50747,50757,10
13.09881973,80.2219696,50757,50767,10
13.09885979,80.22296143,50767,50777,10
13.09943008,80.22376251,50777,50786,9
13.09982014,80.2247467,50786,50797,11
13.09996033,80.2256012,50797,50817,20
13.09996033,80.2256012,50817,50827,10
13.10000038,80.22602844,50827,50837,10
13.10004044,80.22666168,50837,50848,11
13.10004997,80.22757721,50848,50858,10
13.09996033,80.22836304,50858,50868,10
13.09988022,80.22888184,50868,50878,10
13.09978962,80.22946167,50878,50888,10
13.09969997,80.2298584,50888,50898,10
13.09955978,80.23045349,50898,50918,20
13.09955978,80.23045349,50918,50928,10
13.09951019,80.23062897,50928,50938,10
13.09930992,80.2310791,50938,50949,11
13.09910965,80.2315979,50949,50989,40
13.09910965,80.2315979,50989,50999,10
13.09893036,80.23204803,50999,51009,10
13.09879971,80.23252869,51009,51019,10
13.09864044,80.23339081,51019,51029,10
13.09858036,80.23403931,51029,51039,10
13.09856033,80.23415375,51039,51050,11
13.09854984,80.23426819,51050,51060,10
13.09850979,80.23462677,51060,51070,10
13.09840012,80.23522186,51070,51080,10
13.09831047,80.23597717,51080,51090,10
13.09817982,80.23680878,51090,51100,10
13.0980196,80.23766327,51100,51110,10
13.09782982,80.23867035,51110,51120,10
13.09776974,80.23927307,51120,51129,9
13.09774017,80.2397995,51129,51141,12
13.09774017,80.23982239,51141,51151,10
13.09772015,80.24008942,51151,51161,10
13.0976696,80.2406311,51161,51171,10
13.09755993,80.24138641,51171,51181,10
13.09737968,80.24204254,51181,51191,10
13.09700012,80.24201965,51191,51201,10
13.09646034,80.24186707,51201,51211,10
13.09591007,80.24165344,51211,51221,10
13.09554005,80.24152374,51221,51231,10
13.09514999,80.24138641,51231,51241,10
13.09473038,80.24131012,51241,51252,11
13.09445953,80.24124908,51252,51262,10
13.09362984,80.24108887,51262,51282,20
13.09362984,80.24108887,51282,51292,10
13.09350967,80.24105835,51292,51302,10
13.09309006,80.24099731,51302,51312,10
13.09249973,80.24093628,51312,51322,10
13.09189034,80.24091339,51322,51332,10
13.09109974,80.24085999,51332,51343,11
13.09014034,80.24088287,51343,51353,10
13.08936977,80.24121094,51353,51363,10
13.08874035,80.2416687,51363,51373,10
13.08808994,80.24226379,51373,51383,10
13.08788967,80.24308777,51383,51393,10
13.08778954,80.24333954,51393,51403,10
13.08761024,80.24358368,51403,51413,10
13.08759975,80.24359131,51413,51423,10
13.08726025,80.24391174,51423,51433,10
13.08679008,80.24434662,51433,51443,10
13.08619976,80.24479675,51443,51454,11
13.08578014,80.24514008,51454,51464,10
13.08565998,80.24549866,51464,51474,10
13.08570004,80.24609375,51474,51484,10
13.08574009,80.24662018,51484,51494,10
13.0857296,80.24668121,51494,51504,10
13.08574009,80.2469635,51504,51514,10
13.08578968,80.24742126,51514,51524,10
13.08586025,80.2481308,51524,51534,10
13.08586025,80.24902344,51534,51545,11
13.08592987,80.25006104,51545,51575,30
13.08592987,80.25006104,51575,51585,10
13.08592033,80.2502594,51585,51595,10
13.08584023,80.25051117,51595,51605,10
13.08576965,80.2510376,51605,51615,10
13.08568001,80.25177002,51615,51635,20
13.08568001,80.25177002,51635,51646,11
13.08561039,80.25222778,51646,51656,10
13.08555984,80.25282288,51656,51666,10
13.08551979,80.25335693,51666,51676,10
13.08557987,80.25396729,51676,51686,10
13.08561039,80.2545166,51686,51696,10
13.08545971,80.25463867,51696,51706,10
13.08498001,80.25460052,51706,51716,10
13.08397961,80.25454712,51716,51736,20
13.08397961,80.25454712,51736,51747,11
13.08366966,80.25447845,51747,51757,10
13.08325005,80.2544632,51757,51767,10
13.08259964,80.2544632,51767,51777,10
13.08183956,80.25466156,51777,51787,10
13.08131981,80.25480652,51787,51797,10
13.08090019,80.25482941,51797,51807,10
13.08086967,80.25482178,51807,51817,10
13.08057022,80.25476074,51817,51827,10
13.08024025,80.25475311,51827,51837,10
13.08003998,80.25473022,51837,51848,11
13.07966042,80.25460815,51848,51858,10
13.07925034,80.25466156,51858,51878,20
13.07925034,80.25466156,51878,51888,10
13.07890987,80.25482178,51888,51898,10
13.07898998,80.25540161,51898,51908,10
13.07907963,80.25595093,51908,51918,10
13.07909966,80.25624847,51918,51928,10
13.07901001,80.2565918,51928,51938,10
13.07863998,80.25663757,51938,51949,11
13.07818985,80.25666046,51949,51959,10
13.07775021,80.25670624,51959,51969,10
13.07728004,80.25679779,51969,51979,10
13.07674026,80.25707245,51979,51989,10
13.07612038,80.2576828,51989,51999,10
13.07553959,80.25818634,51999,52009,10
13.07555962,80.2585907,52009,52019,10
13.07571983,80.25911713,52019,52029,10
13.07614994,80.25971985,52029,52039,10
13.0767498,80.26026917,52039,52050,11
13.07736969,80.26114655,52050,52060,10
13.07771969,80.26187134,52060,52110,50
13.07777023,80.26219177,52110,52130,20
13.07777023,80.26219177,52130,52140,10
13.07781029,80.26232147,52140,52152,12
13.07787037,80.26260376,52152,52162,10
13.07804012,80.26303864,52162,52173,11
13.07822037,80.26329803,52173,52183,10
13.07785988,80.26358032,52183,52193,10
13.07746029,80.26384735,52193,52203,10
13.07693005,80.26405334,52203,52213,10
13.07688999,80.26406097,52213,52223,10
13.07647038,80.26416016,52223,52233,10
13.07588959,80.26423645,52233,52243,10
13.07553005,80.26399994,52243,52254,11
13.07509041,80.26338196,52254,52264,10
13.07458973,80.26274109,52264,52274,10
13.07413006,80.26217651,52274,52284,10
13.07371998,80.2616806,52284,52294,10
13.07367992,80.26164246,52294,52304,10
13.07355976,80.2614975,52304,52314,10
13.07318974,80.26138306,52314,52324,10
13.07289982,80.26190186,52324,52334,10
13.07269001,80.26261902,52334,52344,10
13.07254028,80.26316071,52344,52355,11
13.07225037,80.26374817,52355,52365,10
13.07198048,80.26412201,52365,52375,10
13.07161045,80.26451874,52375,52385,10
13.07145977,80.26461792,52385,52395,10
13.07120991,80.26489258,52395,52405,10
13.07096004,80.26516724,52405,52415,10
13.07073975,80.26540375,52415,52425,10
13.07050991,80.26564026,52425,52435,10
13.07019997,80.26596069,52435,52445,10
13.06987,80.26629639,52445,52456,11
13.06966972,80.26648712,52456,52466,10
13.06949997,80.26669312,52466,52476,10
13.06917953,80.26703644,52476,52486,10
13.06892967,80.26730347,52486,52496,10
13.06875992,80.26793671,52496,52506,10
13.06857967,80.2685318,52506,52516,10
13.06842041,80.26899719,52516,52526,10
13.06828976,80.26952362,52526,52536,10
13.06822014,80.26992035,52536,52546,10
13.06814957,80.27037811,52546,52557,11
13.06811047,80.27095795,52557,52567,10
13.06822968,80.27142334,52567,52577,10
13.06840038,80.27185822,52577,52586,9
13.06791019,80.27237701,52586,52597,11
13.06754971,80.27287292,52597,52607,10
13.06744003,80.27297974,52607,52617,10
13.0671196,80.27337646,52617,52627,10
13.06672001,80.27397156,52627,52637,10
13.06643009,80.27468109,52637,52647,10
13.06604004,80.2756424,52647,52658,11
13.06567001,80.2766037,52658,52668,10
13.06521988,80.27758789,52668,52678,10
13.06484032,80.27841949,52678,52688,10
13.0648098,80.27850342,52688,52698,10
13.0646801,80.27890015,52698,52708,10
13.06453037,80.27951813,52708,52718,10
13.06437016,80.28028107,52718,52727,9
13.0644598,80.28114319,52727,52738,11
13.06447983,80.28192139,52738,52749,11
13.06429958,80.28292847,52749,52759,10
13.06346035,80.28330231,52759,52769,10
13.06346035,80.28330231,52769,52779,10
13.06268024,80.2831192,52779,52789,10
13.06179047,80.28292847,52789,52799,10
13.06112957,80.28279114,52799,52809,10
13.0603199,80.28262329,52809,52819,10
13.05943012,80.28243256,52819,52832,13
13.05854988,80.28224182,52832,52843,11
13.05745029,80.28205109,52843,52853,10
13.05675983,80.2818985,52853,52863,10
13.0567503,80.2818985,52863,52873,10
13.05655003,80.28185272,52873,52883,10
13.05605984,80.28173828,52883,52893,10
13.05547047,80.28163147,52893,52903,10
13.05461025,80.28146362,52903,52913,10
13.05366039,80.28128815,52913,52922,9
13.05272961,80.28114319,52922,52933,11
13.05173969,80.28098297,52933,52943,10
13.05049038,80.28079987,52943,52954,11
13.04948997,80.28064728,52954,52964,10
13.04846001,80.28050232,52964,52974,10
13.04732037,80.28032684,52974,52984,10
13.04570007,80.28014374,52984,53004,20
13.04570007,80.28014374,53004,53014,10
13.04539013,80.28009033,53014,53024,10
13.0447197,80.27999115,53024,53034,10
13.04397011,80.27987671,53034,53044,10
13.04314041,80.27971649,53044,53055,11
13.04211044,80.27950287,53055,53065,10
13.04106045,80.27931976,53065,53075,10
13.03993034,80.27906799,53075,53085,10
13.03907013,80.27884674,53085,53095,10
13.03903008,80.27881622,53095,53105,10
13.03874016,80.27870941,53105,53115,10
13.03814983,80.27851868,53115,53125,10
13.03746033,80.27832031,53125,53135,10
13.03693962,80.27818298,53135,53146,11
13.0364399,80.27796936,53146,53156,10
13.03588009,80.27781677,53156,53166,10
13.03518009,80.27767181,53166,53176,10
13.03437996,80.2775116,53176,53186,10
13.03369045,80.27735901,53186,53216,30
13.03369045,80.27735901,53216,53226,10
13.03347015,80.27736664,53226,53236,10
13.03287983,80.27741241,53236,53246,10
13.03209972,80.27745056,53246,53257,11
13.03116035,80.27735901,53257,53267,10
13.03087997,80.27720642,53267,53277,10
13.03065014,80.27706909,53277,53287,10
13.03003025,80.27684021,53287,53297,10
13.02917957,80.2766037,53297,53307,10
13.02855968,80.27638245,53307,53317,10
13.02789974,80.27610779,53317,53327,10
13.02715969,80.27578735,53327,53337,10
13.02630997,80.27542114,53337,53347,10
13.02595043,80.27523804,53347,53358,11
13.02585983,80.27519226,53358,53368,10
13.02556038,80.2750473,53368,53378,10
13.02497005,80.2747879,53378,53388,10
13.02462959,80.27459717,53388,53398,10
13.02462006,80.27459717,53398,53408,10
13.02451992,80.2745285,53408,53418,10
13.02429962,80.27432251,53418,53428,10
13.02396011,80.27387238,53428,53438,10
13.02355957,80.27332306,53438,53448,10
13.02307987,80.27268219,53448,53459,11
13.02262974,80.27204895,53459,53469,10
13.02200031,80.27124023,53469,53479,10
13.02147961,80.27057648,53479,53489,10
13.02126026,80.27030945,53489,53499,10
13.02112007,80.27015686,53499,53509,10
13.02089977,80.26992798,53509,53519,10
13.02075958,80.26973724,53519,53529,10
13.02042961,80.26927948,53529,53539,10
13.01941967,80.26808167,53539,53549,10
13.01941967,80.26808167,53549,53560,11
13.01881981,80.26731873,53560,53570,10
13.01863956,80.26670074,53570,53580,10
13.01860046,80.26599121,53580,53590,10
13.01865959,80.26537323,53590,53600,10
13.01893044,80.26450348,53600,53610,10
13.01896,80.26374817,53610,53620,10
13.01896954,80.26348114,53620,53630,10
13.01891994,80.26306915,53630,53640,10
13.01883984,80.26238251,53640,53650,10
13.01869965,80.2615509,53650,53661,11
13.01836967,80.26113892,53661,53671,10
13.01788998,80.26081848,53671,53681,10
13.01739025,80.2604599,53681,53691,10
13.01661015,80.25995636,53691,53701,10
13.01636982,80.2598114,53701,53711,10
13.01601982,80.2596283,53711,53721,10
13.01599979,80.25962067,53721,53731,10
13.01562023,80.25946045,53731,53742,11
13.01496029,80.25930023,53742,53752,10
13.01430035,80.25926208,53752,53762,10
13.01348019,80.2592392,53762,53772,10
13.01253033,80.25920868,53772,53782,10
13.01156044,80.25917053,53782,53792,10
13.01072025,80.25917816,53792,53802,10
13.0101099,80.25917816,53802,53812,10
13.00940037,80.25917816,53812,53822,10
13.00885963,80.25917816,53822,53832,10
13.00879002,80.25917816,53832,53842,10
13.00839996,80.25914764,53842,53853,11
13.00782967,80.25924683,53853,53863,10
13.00728035,80.25908661,53863,53873,10
13.00714016,80.25866699,53873,53883,10
13.00716019,80.2585907,53883,53893,10
13.00699043,80.25824738,53893,53903,10
13.00662994,80.25782013,53903,53913,10
13.00601006,80.25749969,53913,53923,10
13.00533962,80.25733948,53923,53933,10
13.00475025,80.25715637,53933,53943,10
13.00430965,80.25705719,53943,53954,11
13.00407028,80.25701141,53954,53964,10
13.00405979,80.25701904,53964,53974,10
13.00384045,80.25700378,53974,53984,10
13.00349998,80.25689697,53984,54014,30
13.00349998,80.25689697,54014,54024,10
13.00319004,80.25679779,54024,54034,10
13.00271988,80.25672913,54034,54044,10
13.00214005,80.25663757,54044,54054,10
13.00148964,80.25656891,54054,54115,61
13.00148964,80.25656891,54115,54125,10
13.00137997,80.2565918,54125,54135,10
13.00086021,80.25646973,54135,54146,11
13.00010014,80.25630951,54146,54156,10
12.99946022,80.25617981,54156,54166,10
12.99868965,80.25605774,54166,54196,30
12.99868965,80.25605774,54196,54206,10
12.99843025,80.25604248,54206,54216,10
12.99812984,80.25598145,54216,54226,10
12.99775028,80.25592804,54226,54236,10
12.99699974,80.25588989,54236,54246,10
12.99660015,80.25585938,54246,54257,11
12.99588966,80.25582886,54257,54267,10
12.9953804,80.25582886,54267,54277,10
12.99499035,80.25588226,54277,54287,10
12.99454021,80.25588989,54287,54297,10
12.99411964,80.25592041,54297,54307,10
12.99365044,80.25596619,54307,54317,10
12.99269962,80.25605774,54317,54327,10
12.99184036,80.256073,54327,54337,10
12.99120045,80.25604248,54337,54347,10
12.99096012,80.25601959,54347,54358,11
12.99051952,80.2559967,54358,54368,10
12.99009991,80.25601196,54368,54378,10
12.98987961,80.25601959,54378,54388,10
12.98964024,80.2559967,54388,54398,10
12.98882961,80.2559433,54398,54418,20
12.98863029,80.25588989,54418,54499,81
12.98863029,80.25588989,54499,54509,10
12.98845005,80.255867,54509,54519,10
12.98818016,80.25583649,54519,54529,10
12.98781013,80.25579834,54529,54539,10
12.9875803,80.25610352,54539,54550,11
12.98750019,80.25672913,54550,54560,10
12.98742008,80.25756836,54560,54570,10
12.98738956,80.25842285,54570,54580,10
12.98727989,80.25940704,54580,54600,20
12.98727989,80.25940704,54600,54610,10
12.9872303,80.2594986,54610,54620,10
12.98717022,80.25953674,54620,54630,10
12.98700047,80.25958252,54630,54640,10
12.98666954,80.25956726,54640,54721,81
12.98666954,80.25956726,54721,54731,10
12.98655987,80.25921631,54731,54741,10
12.98666,80.25904846,54741,56014,1273
12.98694992,80.25904083,56014,56035,21
12.98709011,80.25906372,56035,56055,20
12.98709011,80.25906372,56055,56065,10
12.98727989,80.25904846,56065,56075,10
12.98733997,80.25874329,56075,56085,10
12.98733997,80.25830078,56085,56095,10
12.98735046,80.25807953,56095,56105,10
12.98738003,80.25782013,56105,56115,10
12.98742008,80.25740051,56115,56126,11
12.98748016,80.25649261,56126,56257,131
12.98748016,80.25649261,56257,56267,10
12.98764992,80.25614166,56267,56277,10
12.98764038,80.25608826,56277,56287,10
12.9875803,80.25592804,56287,56297,10
12.98775959,80.25569153,56297,56307,10
12.98812008,80.25572968,56307,56317,10
12.9883604,80.25575256,56317,56327,10
12.98845005,80.25578308,56327,56338,11
12.98861027,80.25582123,56338,56348,10
12.98867989,80.2558136,56348,56358,10
12.98898029,80.25582123,56358,56368,10
12.98945045,80.25583649,56368,56378,10
12.99013042,80.25585938,56378,56388,10
12.99087048,80.25589752,56388,56398,10
12.99162006,80.25592041,56398,56408,10
12.99240971,80.25591278,56408,56418,10
12.99347019,80.25601196,56418,56429,11
12.99433041,80.25595856,56429,56439,10
12.99501991,80.25583649,56439,56449,10
12.99575996,80.25576782,56449,56459,10
12.99654961,80.25575256,56459,56469,10
12.99689007,80.25576019,56469,56479,10
12.99744987,80.25578308,56479,56489,10
12.99835968,80.25588989,56489,56529,40
12.99872971,80.25598907,56529,56550,21
12.99872971,80.25598907,56550,56560,10
12.99901962,80.25602722,56560,56600,40
12.99901962,80.25602722,56600,56610,10
12.99930954,80.256073,56610,56620,10
12.99983978,80.25618744,56620,56631,11
13.00070953,80.25634003,56631,56651,20
13.00070953,80.25634003,56651,56661,10
13.00105953,80.25640106,56661,56671,10
13.00129986,80.25643921,56671,56681,10
13.00162983,80.25647736,56681,56691,10
13.00216007,80.25657654,56691,56701,10
13.00261974,80.25668335,56701,56711,10
13.00345039,80.25685883,56711,56722,11
13.00415039,80.25698853,56722,56732,10
13.00467968,80.25708008,56732,56742,10
13.00609016,80.25727844,56742,56802,60
13.00609016,80.25727844,56802,56812,10
13.00640011,80.2574234,56812,56823,11
13.00675011,80.25769043,56823,56833,10
13.00714016,80.25823975,56833,56843,10
13.00771046,80.25863647,56843,56853,10
13.00833988,80.25881958,56853,56863,10
13.00835037,80.25884247,56863,56873,10
13.0086298,80.25894928,56873,56883,10
13.00916004,80.25897217,56883,56893,10
13.00994968,80.25898743,56893,56903,10
13.01088047,80.2589798,56903,56913,10
13.01185989,80.25900269,56913,56924,11
13.01292992,80.25906372,56924,56934,10
13.01418018,80.25913239,56934,56944,10
13.01535988,80.25920868,56944,56954,10
13.01599979,80.2594223,56954,56964,10
13.01640987,80.25969696,56964,56974,10
13.01696014,80.26010895,56974,56984,10
13.0177002,80.26058197,56984,56994,10
13.01852036,80.26112366,56994,57004,10
13.01912022,80.2616806,57004,57014,10
13.01949978,80.2620163,57014,57024,10
13.0200901,80.26254272,57024,57035,11
13.02007008,80.26294708,57035,57045,10
13.01953983,80.26296234,57045,57055,10
13.01898003,80.26306915,57055,57065,10
13.01902962,80.26358032,57065,57075,10
13.01904964,80.26435852,57075,57085,10
13.01883984,80.2651825,57085,57095,10
13.01871967,80.26557159,57095,57105,10
13.01863956,80.26624298,57105,57115,10
13.01877022,80.26701355,57115,57125,10
13.01926041,80.26777649,57125,57136,11
13.02000999,80.26862335,57136,57146,10
13.02058983,80.26934814,57146,57156,10
13.02110004,80.27001953,57156,57166,10
13.0214901,80.27046204,57166,57176,10
13.02184963,80.27094269,57176,57186,10
13.02231979,80.27153778,57186,57196,10
13.02285004,80.27224731,57196,57206,10
13.02336979,80.27295685,57206,57216,10
13.02381992,80.27359772,57216,57247,31
13.02381992,80.27359772,57247,57258,11
13.02396011,80.27381897,57258,57267,9
13.02408028,80.27397156,57267,57278,11
13.02422047,80.27417755,57278,57288,10
13.02455997,80.2745285,57288,57298,10
13.02527046,80.27483368,57298,57308,10
13.0254097,80.27488708,57308,57318,10
13.02569962,80.2750473,57318,57328,10
13.02585983,80.2751236,57328,57339,11
13.02630043,80.27532959,57339,57349,10
13.02688026,80.27558136,57349,57359,10
13.02756977,80.27591705,57359,57369,10
13.02828979,80.27622223,57369,57379,10
13.02902031,80.27648163,57379,57389,10
13.0298996,80.27671814,57389,57409,20
13.0298996,80.27671814,57409,57418,9
13.03013039,80.27681732,57418,57429,11
13.03055,80.27703094,57429,57440,11
13.03127956,80.27745056,57440,57450,10
13.03207016,80.27748108,57450,57461,11
13.0327301,80.27744293,57461,57471,10
13.03361034,80.27734375,57471,57481,10
13.03423023,80.27751923,57481,57491,10
13.03489971,80.27765656,57491,57501,10
13.03549957,80.27777863,57501,57511,10
13.03606033,80.27787018,57511,57521,10
13.03689957,80.27812195,57521,57531,10
13.03722,80.27822113,57531,57542,11
13.03724003,80.27822876,57542,57552,10
13.03761005,80.27829742,57552,57562,10
13.03800964,80.27841949,57562,57572,10
13.03845978,80.27852631,57572,57582,10
13.03884983,80.27864075,57582,57592,10
13.03884983,80.27864838,57592,57602,10
13.03909969,80.27873993,57602,57612,10
13.03946972,80.278862,57612,57622,10
13.04010963,80.27905273,57622,57632,10
13.04086018,80.27924347,57632,57643,11
13.04179955,80.27940369,57643,57653,10
13.0427599,80.27951813,57653,57663,10
13.04370022,80.27974701,57663,57673,10
13.04475021,80.27993774,57673,57683,10
13.04566956,80.28005219,57683,57693,10
13.04572964,80.28006744,57693,57703,10
13.04609013,80.28012085,57703,57713,10
13.04673958,80.28019714,57713,57723,10
13.04745007,80.28029633,57723,57733,10
13.04843998,80.28044891,57733,57744,11
13.04950047,80.28058624,57744,57754,10
13.0503397,80.28072357,57754,57764,10
13.05062008,80.28076935,57764,57774,10
13.05070019,80.28079987,57774,57784,10
13.05115986,80.2808609,57784,57794,10
13.05185032,80.28098297,57794,57804,10
13.05268955,80.28111267,57804,57815,11
13.05366039,80.28125763,57815,57824,9
13.05469036,80.28144836,57824,57836,12
13.05591965,80.28170013,57836,57846,10
13.05663967,80.28186035,57846,57856,10
13.05716038,80.28196716,57856,57866,10
13.05745029,80.28199768,57866,57876,10
13.05753994,80.28166199,57876,57886,10
13.05764961,80.28099823,57886,57896,10
13.05772972,80.28019714,57896,57906,10
13.05784988,80.27925873,57906,57937,31
13.05784988,80.27925873,57937,57947,10
13.05792046,80.27905273,57947,57957,10
13.05795956,80.2786026,57957,57967,10
13.05797958,80.2781601,57967,57977,10
13.05797958,80.27812195,57977,57987,10
13.05803013,80.27797699,57987,57997,10
13.05809021,80.27754211,57997,58007,10
13.05817986,80.27728271,58007,58017,10
13.05865002,80.27735138,58017,58028,11
13.05922031,80.27745056,58028,58038,10
13.05974007,80.27757263,58038,58048,10
13.06033039,80.2776413,58048,58058,10
13.06093979,80.27776337,58058,58068,10
13.06157017,80.27783966,58068,58078,10
13.06188011,80.27786255,58078,58088,10
13.06237984,80.27794647,58088,58098,10
13.06295013,80.27813721,58098,58108,10
13.06373024,80.27822876,58108,58118,10
13.06408024,80.27825928,58118,58128,10
13.06414032,80.27826691,58128,58139,11
13.06459999,80.27829742,58139,58149,10
13.06492043,80.27803802,58149,58159,10
13.06517029,80.27739716,58159,58169,10
13.06554031,80.27657318,58169,58179,10
13.06591988,80.27565002,58179,58189,10
13.06622028,80.27481079,58189,58199,10
13.06628036,80.27471924,58199,58209,10
13.06643009,80.27440643,58209,58219,10
13.06665039,80.27378082,58219,58229,10
13.06707954,80.27323914,58229,58240,11
13.06758022,80.27262115,58240,58250,10
13.06799984,80.27204895,58250,58260,10
13.06814003,80.2715683,58260,58270,10
13.06783009,80.27098083,58270,58280,10
13.0676403,80.27069092,58280,58290,10
13.06692028,80.27004242,58290,58300,10
13.06649971,80.26931763,58300,58310,10
13.06641006,80.26866913,58310,58320,10
13.06688976,80.26850128,58320,58341,21
13.06688976,80.26850128,58341,58351,10
13.06704998,80.26860046,58351,58361,10
13.06742001,80.26883698,58361,58370,9
13.06781006,80.26914215,58370,58381,11
13.06820011,80.26931,58381,58391,10
13.06830025,80.26905823,58391,58401,10
13.06844997,80.26856232,58401,58411,10
13.06867981,80.26795959,58411,58421,10
13.06886005,80.26741028,58421,58431,10
13.06912994,80.26702118,58431,58442,11
13.06933975,80.26682281,58442,58452,10
13.06964016,80.26651764,58452,58462,10
13.07024002,80.26593018,58462,58482,20
13.07024002,80.26593018,58482,58492,10
13.07034016,80.26584625,58492,58502,10
13.07054996,80.26560974,58502,58512,10
13.07091045,80.26525116,58512,58523,11
13.07129955,80.2648468,58523,58533,10
13.07180023,80.26434326,58533,58544,11
13.07211018,80.26390839,58544,58554,10
13.07236004,80.26334381,58554,58563,9
13.07260036,80.26274109,58563,58574,11
13.07277966,80.26213074,58574,58584,10
13.07285976,80.26190186,58584,58594,10
13.07295036,80.26161957,58594,58604,10
13.07310009,80.26120758,58604,58614,10
13.07324982,80.26119995,58614,58624,10
13.07351971,80.26145935,58624,58635,11
13.07411957,80.26210785,58635,58645,10
13.07462025,80.2627182,58645,58655,10
13.07513046,80.26338959,58655,58665,10
13.07559013,80.26402283,58665,58675,10
13.07623005,80.2641983,58675,58685,10
13.07695961,80.26413727,58685,58695,10
13.07750034,80.26396942,58695,58705,10
13.07798958,80.26351929,58705,58715,10
13.07791042,80.26293182,58715,58725,10
13.07769012,80.26217651,58725,58736,11
13.07748032,80.26158142,58736,58746,10
13.07723999,80.26093292,58746,58766,20
13.07723999,80.26093292,58766,58776,10
13.07711983,80.26062012,58776,58786,10
13.07680988,80.26029968,58786,58796,10
13.07631016,80.25990295,58796,58806,10
13.07573032,80.25932312,58806,58816,10
13.07549953,80.25871277,58816,58847,31
13.07549953,80.25871277,58847,58857,10
13.07548046,80.25859833,58857,58867,10
13.07540989,80.25827789,58867,58877,10
13.07565975,80.25803375,58877,58887,10
13.07602024,80.25773621,58887,58897,10
13.07641983,80.25733948,58897,58907,10
13.07682991,80.25701141,58907,58917,10
13.07740021,80.25675201,58917,58927,10
13.07824993,80.25663757,58927,58938,11
13.07896042,80.25653839,58938,58948,10
13.07901001,80.25608063,58948,58958,10
13.07888031,80.25505829,58958,58978,20
13.07888031,80.25505829,58978,58988,10
13.07890987,80.25498962,58988,58998,10
13.07894993,80.25466156,58998,59008,10
13.07958984,80.25460815,59008,59028,20
13.07958984,80.25460815,59028,59038,10
13.07995033,80.25469208,59038,59049,11
13.08026028,80.25470734,59049,59059,10
13.08067989,80.25476074,59059,59069,10
13.0812397,80.25483704,59069,59079,10
13.08162975,80.25460052,59079,59089,10
13.08181,80.2541275,59089,59099,10
13.08189964,80.25357819,59099,59109,10
13.08180046,80.25298309,59109,59119,10
13.08154011,80.25254059,59119,59129,10
13.08139992,80.25190735,59129,59140,11
13.08137989,80.25119781,59140,59150,10
13.08135033,80.25068665,59150,59160,10
13.08131027,80.25006104,59160,59170,10
13.08137035,80.24967957,59170,59180,10
13.08191013,80.2497406,59180,59190,10
13.08255959,80.24987793,59190,59200,10
13.08316994,80.24996185,59200,59210,10
13.08374977,80.25,59210,59220,10
13.08432961,80.25006866,59220,59231,11
13.08463001,80.25019073,59231,59241,10
13.08481979,80.25021362,59241,59251,10
13.08530045,80.25029755,59251,59261,10
13.08561993,80.25034332,59261,59271,10
13.08580017,80.25028992,59271,59281,10
13.08584976,80.24983215,59281,59291,10
13.08582973,80.24916077,59291,59301,10
13.08580017,80.24845123,59301,59311,10
13.08576012,80.24768829,59311,59321,10
13.08572006,80.24687195,59321,59331,10
13.08567047,80.24659729,59331,59342,11
13.08565044,80.24640656,59342,59352,10
13.08563042,80.24578094,59352,59393,41
13.08563042,80.24578094,59393,59403,10
13.08561993,80.24552917,59403,59413,10
13.08572006,80.24510956,59413,59423,10
13.08611965,80.24479675,59423,59433,10
13.08670044,80.24433899,59433,59444,11
13.08716965,80.24394989,59444,59454,10
13.08751011,80.24362946,59454,59464,10
13.08769989,80.24334717,59464,59474,10
13.08782005,80.24284363,59474,59484,10
13.08798027,80.24224091,59484,59494,10
13.08835983,80.24188995,59494,59504,10
13.08837986,80.24188232,59504,59514,10
13.08872032,80.24163818,59514,59524,10
13.08928013,80.2412796,59524,59535,11
13.08979034,80.24098969,59535,59545,10
13.09047031,80.24085999,59545,59555,10
13.09132004,80.24085999,59555,59565,10
13.09206009,80.24089813,59565,59575,10
13.09259033,80.24092102,59575,59585,10
13.0931797,80.24098206,59585,59595,10
13.0938797,80.2410965,59595,59605,10
13.09432983,80.24115753,59605,59615,10
13.09449959,80.24121857,59615,59625,10
13.09490013,80.24125671,59625,59635,10
13.09539986,80.24137878,59635,59646,11
13.09597015,80.24160004,59646,59656,10
13.09669971,80.24185944,59656,59726,70
13.09702015,80.24205017,59726,59827,101
13.09702015,80.24205017,59827,59838,11
13.09733009,80.24215698,59838,59848,10
13.09747028,80.24173737,59848,59858,10
13.09755993,80.2410965,59858,59868,10
13.09764004,80.24028015,59868,59878,10
13.09770012,80.23950958,59878,59888,10
13.09770012,80.23925781,59888,59898,10
13.09772968,80.23890686,59898,59908,10
13.09778023,80.23842621,59908,59918,10
13.09782982,80.23825073,59918,59928,10
13.09794044,80.23773193,59928,59939,11
13.09807014,80.23696136,59939,59949,10
13.09821033,80.23615265,59949,59959,10
13.09832954,80.23542023,59959,59969,10
13.09840012,80.23487091,59969,59979,10
13.09842968,80.23474884,59979,59989,10
13.09848022,80.23432159,59989,59999,10
13.09852028,80.23371124,59999,60009,10
13.0985899,80.23316193,60009,60019,10
13.09873962,80.23248291,60019,60029,10
13.09899044,80.23169708,60029,60040,11
13.09922981,80.23113251,60040,60050,10
13.09945965,80.23059082,60050,60060,10
13.09969997,80.22969818,60060,60080,20
13.09969997,80.22969818,60080,60090,10
13.09976006,80.2294693,60090,60100,10
13.09982014,80.22898102,60100,60110,10
13.09990978,80.22846222,60110,60120,10
13.09998035,80.22776031,60120,60130,10
13.10000038,80.22704315,60130,60140,10
13.09998989,80.22667694,60140,60151,11
13.0999403,80.22609711,60151,60161,10
13.09986973,80.22541809,60161,60171,10
13.09984016,80.22519684,60171,60181,10
13.09972954,80.22470093,60181,60191,10
13.0994997,80.22399902,60191,60200,9
13.09930038,80.22370911,60200,60211,11
13.09912014,80.22344971,60211,60221,10
13.09885025,80.22310638,60221,60231,10
13.0987196,80.22283173,60231,60241,10
13.09879971,80.22136688,60241,60252,11
13.09879971,80.22136688,60252,60262,10
13.09897041,80.22042084,60262,60272,10
13.09912014,80.21949768,60272,60282,10
13.09918022,80.21901703,60282,60292,10
13.09928036,80.21833801,60292,60302,10
13.09943962,80.21748352,60302,60315,13
13.09969044,80.21659851,60315,60325,10
13.10013962,80.21559143,60325,60335,10
13.10033035,80.21517944,60335,60376,41
13.10033035,80.21517944,60376,60387,11
13.10050011,80.21478271,60387,60397,10
13.1006403,80.2144928,60397,60407,10
13.10079956,80.21414948,60407,60417,10
13.10095978,80.21376038,60417,60427,10
13.10118008,80.21312714,60427,60437,10
13.10138988,80.21257782,60437,60448,11
13.1016798,80.21183777,60448,60458,10
13.10192013,80.21116638,60458,60468,10
13.1021204,80.2105484,60468,60478,10
13.10233021,80.20999908,60478,60488,10
13.10247993,80.20961761,60488,60498,10
13.10258961,80.20925903,60498,60508,10
13.10266018,80.20899963,60508,60518,10
13.10276031,80.20863342,60518,60528,10
13.10280991,80.20847321,60528,60538,10
13.1029501,80.20806122,60538,60549,11
13.10313034,80.20754242,60549,60559,10
13.10328007,80.20720673,60559,60569,10
13.10330009,80.20717621,60569,60579,10
13.10350037,80.20687103,60579,60589,10
13.10365963,80.20644379,60589,60599,10
13.10375023,80.20607758,60599,60609,10
13.10379982,80.2056427,60609,60619,10
13.10379982,80.20487976,60619,60629,10
13.10377979,80.20432281,60629,60639,10
13.1037302,80.20372009,60639,60650,11
13.1036396,80.20348358,60650,60660,10
13.10354042,80.20320129,60660,60670,10
13.10354042,80.2026825,60670,60680,10
13.10342979,80.2019577,60680,60690,10
13.10340977,80.20176697,60690,60700,10
13.10340023,80.20152283,60700,60710,10
13.10332966,80.20105743,60710,60720,10
13.10328007,80.20049286,60720,60730,10
13.10321999,80.19978333,60730,60740,10
13.10315037,80.19931793,60740,60751,11
13.10303974,80.19872284,60751,60761,10
13.10289955,80.19799805,60761,60771,10
13.10268974,80.19730377,60771,60781,10
13.1024704,80.1966629,60781,60791,10
13.10227013,80.19605255,60791,60801,10
13.10206985,80.19548035,60801,60811,10
13.10188961,80.19493866,60811,60821,10
13.10177994,80.19470978,60821,60831,10
13.10161972,80.19450378,60831,60841,10
13.10153961,80.19399261,60841,60852,11
13.10177994,80.19320679,60852,60862,10
13.10161018,80.1922226,60862,60872,10
13.10144997,80.19129944,60872,60882,10
13.10128975,80.1905365,60882,60892,10
13.10112,80.19016266,60892,60902,10
13.10111046,80.19013977,60902,60912,10
13.10097027,80.18978119,60912,60922,10
13.10066032,80.18919373,60922,60932,10
13.10035992,80.18865204,60932,60942,10
13.10011959,80.18807983,60942,60953,11
13.09986019,80.18733978,60953,60963,10
13.09972,80.18669891,60963,60973,10
13.09955978,80.18598175,60973,60983,10
13.09939003,80.18521118,60983,60993,10
13.09922028,80.18453217,60993,61003,10
13.09902954,80.18395233,61003,61013,10
13.09885979,80.18340302,61013,61023,10
13.09867954,80.18283081,61023,61033,10
13.09860039,80.18251038,61033,61044,11
13.09854984,80.18229675,61044,61054,10
13.09848976,80.18202972,61054,61064,10
13.09846973,80.18192291,61064,61074,10
13.09842968,80.18173218,61074,61084,10
13.09832001,80.18126678,61084,61094,10
13.09813976,80.18070221,61094,61104,10
13.09799004,80.1800766,61104,61114,10
13.09796047,80.17990875,61114,61124,10
13.09792042,80.17970276,61124,61134,10
13.09788036,80.17952728,61134,61144,10
13.09782982,80.17928314,61144,61155,11
13.09780979,80.17897034,61155,61165,10
13.09778976,80.17842102,61165,61175,10
13.09780979,80.1778717,61175,61185,10
13.09786034,80.17723083,61185,61195,10
13.09797955,80.17655945,61195,61205,10
13.09805965,80.17585754,61205,61215,10
13.09807014,80.17529297,61215,61225,10
13.09819984,80.17472076,61225,61235,10
13.09836006,80.17424774,61235,61245,10
13.09850979,80.17385101,61245,61256,11
13.09883022,80.173172,61256,61266,10
13.09912968,80.17237091,61266,61276,10
13.09928036,80.17194366,61276,61286,10
13.09941959,80.17149353,61286,61296,10
13.09953976,80.17098999,61296,61306,10
13.09955025,80.17095947,61306,61316,10
13.09959984,80.17082977,61316,61326,10
13.09961987,80.17076111,61326,61336,10
13.09967041,80.17054749,61336,61347,11
13.09941006,80.17021179,61347,61387,40
13.09941006,80.17021179,61387,61397,10
13.09924984,80.1701889,61397,61407,10
13.0989399,80.17021179,61407,61508,101
13.0989399,80.17021179,61508,61518,10
13.09860039,80.17017365,61518,61528,10
13.0980196,80.17012787,61528,61539,11
13.09716034,80.17008209,61539,61549,10
13.09624004,80.17002106,61549,61559,10
13.09521961,80.16998291,61559,61569,10
13.09477997,80.16990662,61569,61579,10
13.09473991,80.16947174,61579,61589,10
13.09479046,80.16885376,61589,61599,10
13.09486008,80.16793823,61599,61609,10
13.09492016,80.16690826,61609,61619,10
13.09494019,80.1661377,61619,61629,10
13.09496021,80.16557312,61629,61640,11
13.0950098,80.16504669,61640,61650,10
13.09504986,80.16441345,61650,61660,10
13.09508991,80.16359711,61660,61670,10
13.09512043,80.16277313,61670,61680,10
13.09517956,80.16181183,61680,61700,20
13.09517956,80.16181183,61700,61710,10
13.09508038,80.16165924,61710,61720,10
13.09504986,80.16133881,61720,61731,11
13.09508991,80.16088104,61731,61741,10
13.0948801,80.16049194,61741,61772,31
13.0948801,80.16049194,61772,61782,10
13.09508038,80.16104126,61782,61883,101
13.09512997,80.16104126,61883,63056,1173
13.09512997,80.16104126,63056,63066,10
13.09500027,80.16143799,63066,63086,20
13.09500027,80.16143799,63086,63096,10
13.09506035,80.16158295,63096,63106,10
13.09506989,80.16162109,63106,63116,10
13.09521961,80.16182709,63116,63127,11
13.09519958,80.16221619,63127,63137,10
13.09515953,80.16288757,63137,63147,10
13.09512043,80.16365051,63147,63157,10
13.09506989,80.16446686,63157,63167,10
13.09502029,80.16529083,63167,63177,10
13.09498024,80.16603088,63177,63187,10
13.09490967,80.16697693,63187,63197,10
13.09486008,80.16793823,63197,63207,10
13.09479046,80.16892242,63207,63217,10
13.09473038,80.16951752,63217,63228,11
13.09479046,80.16989899,63228,63238,10
13.09504032,80.16995239,63238,63249,11
13.09545994,80.16996002,63249,63259,10
13.09632015,80.16999054,63259,63269,10
13.09720039,80.17003632,63269,63279,10
13.0980196,80.17006683,63279,63289,10
13.09893036,80.17012787,63289,63299,10
13.09967041,80.17015076,63299,63309,10
13.09974957,80.1704483,63309,63319,10
13.09961987,80.17098236,63319,63340,21
13.09961987,80.17098236,63340,63350,10
13.09949017,80.17134094,63350,63360,10
13.09930038,80.17198181,63360,63370,10
13.09902954,80.17276001,63370,63380,10
13.0987196,80.17353058,63380,63390,10
13.09840965,80.17431641,63390,63400,10
13.09819984,80.17504883,63400,63410,10
13.09815025,80.17546082,63410,63420,10
13.09813023,80.17585754,63420,63430,10
13.09807968,80.17630768,63430,63441,11
13.09797955,80.17674255,63441,63451,10
13.09790039,80.17719269,63451,63461,10
13.09786034,80.17777252,63461,63471,10
13.09784985,80.17838287,63471,63481,10
13.09784985,80.17894745,63481,63491,10
13.09790039,80.17946625,63491,63501,10
13.09805012,80.18012238,63501,63511,10
13.09817028,80.18055725,63511,63521,10
13.0982399,80.18086243,63521,63531,10
13.09825039,80.18087769,63531,63542,11
13.09836006,80.18131256,63542,63552,10
13.0984602,80.18180084,63552,63562,10
13.09852982,80.18215179,63562,63572,10
13.09858036,80.18242645,63572,63582,10
13.09873009,80.18292999,63582,63592,10
13.09887028,80.18347931,63592,63602,10
13.09908009,80.18403625,63602,63612,10
13.09930038,80.18476105,63612,63622,10
13.09943008,80.18534088,63622,63632,10
13.09957981,80.18595123,63632,63653,21
13.09957981,80.18595123,63653,63663,10
13.09957981,80.18598938,63663,63673,10
13.09961987,80.18617249,63673,63682,9
13.09963989,80.18624878,63682,63693,11
13.09974003,80.18652344,63693,63703,10
13.09982014,80.18694305,63703,63713,10
13.09998035,80.18756104,63713,63723,10
13.10027027,80.18830109,63723,63734,11
13.10056019,80.18888092,63734,63744,10
13.10128021,80.18969727,63744,63764,20
13.10128021,80.18969727,63764,63774,10
13.10130024,80.1897583,63774,63784,10
13.10134029,80.19000244,63784,63794,10
13.10146046,80.19061279,63794,63804,10
13.10157967,80.19132996,63804,63814,10
13.10169029,80.19197845,63814,63824,10
13.10179043,80.19259644,63824,63835,11
13.1019001,80.19329834,63835,63845,10
13.10204029,80.1938324,63845,63855,10
13.10219955,80.19419861,63855,63865,10
13.10208035,80.19467163,63865,63875,10
13.10216045,80.19535828,63875,63885,10
13.10247993,80.19632721,63885,63895,10
13.1028204,80.19737244,63895,63905,10
13.10305977,80.19833374,63905,63915,10
13.1031599,80.19895935,63915,63925,10
13.10319996,80.19927216,63925,63936,11
13.10330009,80.19992828,63936,63946,10
13.10334015,80.20034027,63946,63956,10
13.1033802,80.20072174,63956,63966,10
13.10344028,80.20130157,63966,63976,10
13.10350037,80.20191956,63976,63986,10
13.10361004,80.20271301,63986,64006,20
13.10361004,80.20271301,64006,64016,10
13.10361004,80.20272064,64016,64027,11
13.1036396,80.20307159,64027,64037,10
13.10371971,80.20372772,64037,64047,10
13.10381031,80.20445251,64047,64057,10
13.10383987,80.20491791,64057,64067,10
13.10385036,80.20568085,64067,64076,9
13.10373974,80.20626068,64076,64087,11
13.10350037,80.20693207,64087,64097,10
13.10328007,80.20735168,64097,64107,10
13.10311985,80.20780182,64107,64117,10
13.10309982,80.20786285,64117,64127,10
13.10293961,80.20829773,64127,64138,11
13.10270977,80.20903778,64138,64148,10
13.10262966,80.20929718,64148,64158,10
13.10252953,80.2095871,64158,64168,10
13.10231972,80.21016693,64168,64178,10
13.10206985,80.2109375,64178,64188,10
13.1017704,80.21179962,64188,64198,10
13.10146046,80.21266174,64198,64208,10
13.10122013,80.21327209,64208,64218,10
13.10118008,80.21337891,64218,64229,11
13.1009903,80.21381378,64229,64239,10
13.10083008,80.21421814,64239,64249,10
13.10062027,80.21472168,64249,64259,10
13.10042,80.21515656,64259,64269,10
13.09984016,80.21652985,64269,64279,10
13.09984016,80.21652985,64279,64289,10
13.09961033,80.2172699,64289,64299,10
13.09943008,80.2181778,64299,64309,10
13.09928036,80.21913147,64309,64319,10
13.09922028,80.21945953,64319,64330,11
13.09910965,80.22007751,64330,64340,10
13.09897041,80.22084045,64340,64350,10
13.09881973,80.22164154,64350,64360,10
13.09877968,80.22265625,64360,64370,10
13.0991497,80.22341919,64370,64380,10
13.09957027,80.22402954,64380,64390,10
13.0998497,80.22498322,64390,64400,10
13.09992981,80.2254715,64400,64410,10
13.0999403,80.22563934,64410,64420,10
13.09996033,80.22577667,64420,64431,11
13.10002041,80.22624969,64431,64441,10
13.10004044,80.2269516,64441,64451,10
13.10007,80.22750854,64451,64460,9
13.10000992,80.22805023,64460,64471,11
13.0999403,80.22857666,64471,64481,10
13.09990025,80.22888947,64481,64491,10
13.09984016,80.22928619,64491,64501,10
13.09974003,80.2297821,64501,64511,10
13.09955978,80.23047638,64511,64532,21
13.09955978,80.23047638,64532,64542,10
13.09945965,80.23074341,64542,64552,10
13.09934044,80.23103333,64552,64562,10
13.09910011,80.23153687,64562,64572,10
13.09897995,80.23194122,64572,64582,10
13.09879971,80.23252869,64582,64592,10
13.09864998,80.23326874,64592,64602,10
13.09856033,80.23375702,64602,64612,10
13.09854984,80.23413849,64612,64622,10
13.09854984,80.23419952,64622,64633,11
13.09852028,80.23432159,64633,64643,10
13.0984602,80.23480988,64643,64653,10
13.09840012,80.23522186,64653,64663,10
13.09832954,80.23571014,64663,64673,10
13.09821987,80.23635864,64673,64683,10
13.09815025,80.23687744,64683,64693,10
13.09809017,80.23722076,64693,64703,10
13.09799957,80.2376709,64703,64713,10
13.0978899,80.2381897,64713,64723,10
13.09780025,80.23870087,64723,64734,11
13.09774971,80.23931885,64734,64744,10
13.09772015,80.23963165,64744,64754,10
13.09770966,80.23988342,64754,64764,10
13.09768963,80.24004364,64764,64774,10
13.09764004,80.24056244,64774,64784,10
13.09757996,80.24120331,64784,64794,10
13.09749985,80.24179077,64794,64845,51
13.09749985,80.24179077,64845,64855,10
13.09743977,80.24204254,64855,64865,10
13.09716988,80.24211121,64865,64875,10
13.09669018,80.2419281,64875,64885,10
13.0961504,80.24172974,64885,64895,10
13.09578037,80.24160004,64895,64905,10
13.0953598,80.24143982,64905,64915,10
13.09508038,80.24134827,64915,64925,10
13.09473038,80.24125671,64925,64936,11
13.09449005,80.2412262,64936,64946,10
13.09397984,80.2411499,64946,64956,10
13.09356976,80.24107361,64956,64966,10
13.09329033,80.24099731,64966,64976,10
13.09272957,80.24095154,64976,64986,10
13.09214973,80.24092102,64986,64996,10
13.09154034,80.24088287,64996,65006,10
13.09076023,80.24085999,65006,65016,10
13.09014988,80.24092102,65016,65026,10
13.08950043,80.24118042,65026,65037,11
13.08883953,80.24163055,65037,65047,10
13.08815956,80.24215698,65047,65057,10
13.08790016,80.24286652,65057,65067,10
13.08782959,80.24321747,65067,65077,10
13.08775043,80.24342346,65077,65087,10
13.08743954,80.24382019,65087,65097,10
13.08693027,80.24423981,65097,65107,10
13.08619976,80.24490356,65107,65127,20
13.08619976,80.24490356,65127,65137,10
13.0861702,80.24500275,65137,65148,11
13.08580017,80.24520111,65148,65158,10
13.08563995,80.24569702,65158,65168,10
13.08568954,80.24633026,65168,65178,10
13.08574009,80.2467804,65178,65188,10
13.08576965,80.24701691,65188,65198,10
13.08576965,80.24758911,65198,65208,10
13.0858202,80.24835968,65208,65218,10
13.08586025,80.2491684,65218,65228,10
13.08590984,80.25013733,65228,65249,21
13.08590984,80.25013733,65249,65259,10
13.08590984,80.25028229,65259,65269,10
13.08586025,80.25067902,65269,65279,10
13.08578968,80.25106049,65279,65289,10
13.08572006,80.25160217,65289,65299,10
13.08572006,80.25173187,65299,65309,10
13.08568954,80.25187683,65309,65319,10
13.08567047,80.25212097,65319,65329,10
13.08561993,80.25247192,65329,65340,11
13.08557987,80.25280762,65340,65350,10
13.08557034,80.25296021,65350,65360,10
13.08555984,80.25314331,65360,65370,10
13.08555031,80.25335693,65370,65380,10
13.08553028,80.25370789,65380,65390,10
13.08557034,80.2541275,65390,65400,10
13.0855999,80.25460052,65400,65410,10
13.08541965,80.2547226,65410,65420,10
13.08510017,80.25469208,65420,65430,10
13.08479977,80.2546463,65430,65441,11
13.08444023,80.25462341,65441,65451,10
13.08399963,80.25457001,65451,65491,40
13.08399963,80.25457001,65491,65501,10
13.08362007,80.25453949,65501,65511,10
13.08310032,80.25444794,65511,65521,10
13.08244038,80.25441742,65521,65531,10
13.08183956,80.25469971,65531,65542,11
13.0813303,80.25486755,65542,65552,10
13.08106041,80.25482941,65552,65562,10
13.08090019,80.25480652,65562,65572,10
13.08082962,80.25482178,65572,65582,10
13.08047009,80.2547226,65582,65612,30
13.08047009,80.2547226,65612,65622,10
13.08008957,80.25469208,65622,65632,10
13.07991982,80.25462341,65632,65643,11
13.07946968,80.25456238,65643,65663,20
13.07946968,80.25456238,65663,65673,10
13.07900047,80.25466156,65673,65683,10
13.07898045,80.25509644,65683,65693,10
13.07907009,80.25579071,65693,65703,10
13.07911015,80.25626373,65703,65713,10
13.0791502,80.25646973,65713,65734,21
13.0791502,80.25646973,65734,65744,10
13.07913971,80.25662994,65744,65754,10
13.07878017,80.25673676,65754,65764,10
13.07837963,80.2567215,65764,65774,10
13.07793999,80.25672913,65774,65784,10
13.07758045,80.25679016,65784,65793,9
13.07701015,80.2569809,65793,65804,11
13.07629013,80.25756836,65804,65814,10
13.0756197,80.25816345,65814,65824,10
13.07551956,80.25861359,65824,65835,11
13.07573986,80.25933838,65835,65845,10
13.07627964,80.25991058,65845,65855,10
13.07676029,80.26036072,65855,65865,10
13.07711983,80.26074219,65865,65875,10
13.07732964,80.26110077,65875,65885,10
13.07752991,80.2616272,65885,65895,10
13.0777998,80.26222229,65895,65915,20
13.0777998,80.26222229,65915,65925,10
13.07785988,80.2623291,65925,65936,11
13.0778904,80.26264191,65936,65946,10
13.0778904,80.26268005,65946,65956,10
13.07800007,80.26309204,65956,65966,10
13.07806015,80.26344299,65966,65976,10
13.0778904,80.26367188,65976,65986,10
13.07744026,80.26399994,65986,65996,10
13.07689953,80.26418304,65996,66006,10
13.07637978,80.26423645,66006,66016,10
13.07584,80.26429749,66016,66026,10
13.07546997,80.26390076,66026,66037,11
13.07499027,80.26329803,66037,66047,10
13.07460976,80.26277924,66047,66057,10
13.07421017,80.26229858,66057,66067,10
13.07376003,80.26171875,66067,66087,20
13.07376003,80.26171875,66087,66097,10
13.07359028,80.26159668,66097,66107,10
13.07328033,80.26145172,66107,66117,10
13.07297039,80.26187897,66117,66127,10
13.07275963,80.26251221,66127,66138,11
13.07254028,80.26316833,66138,66148,10
13.07227039,80.26380157,66148,66158,10
13.07194996,80.26428223,66158,66168,10
13.07153988,80.2647171,66168,66188,20
13.07153988,80.2647171,66188,66198,10
13.07133961,80.26490021,66198,66208,10
13.07100964,80.26522827,66208,66218,10
13.07067966,80.26554871,66218,66227,9
13.07040024,80.26586914,66227,66239,12
13.06991959,80.26635742,66239,66249,10
13.06952,80.26676941,66249,66259,10
13.06914043,80.26715851,66259,66269,10
13.06882,80.26776123,66269,66279,10
13.06863976,80.26828766,66279,66289,10
13.06855011,80.26857758,66289,66299,10
13.06842995,80.26889038,66299,66309,10
13.06830025,80.26940918,66309,66319,10
13.0682497,80.2696991,66319,66329,10
13.06816006,80.27020264,66329,66339,10
13.06812954,80.27079773,66339,66350,11
13.06812,80.27136993,66350,66360,10
13.06838036,80.27185822,66360,66371,11
13.06818962,80.27226257,66371,66380,9
13.06744003,80.27307892,66380,66401,21
13.06744003,80.27307892,66401,66411,10
13.06721973,80.27333069,66411,66421,10
13.06680012,80.27387238,66421,66431,10
13.06649971,80.27454376,66431,66442,11
13.06620026,80.275383,66442,66452,10
13.06587982,80.27623749,66452,66462,10
13.06548023,80.2771225,66462,66472,10
13.06478024,80.27861023,66472,66492,20
13.06478024,80.27861023,66492,66501,9
13.0646801,80.27890778,66501,66512,11
13.06449986,80.27957153,66512,66522,10
13.06435013,80.28009796,66522,66532,10
13.0643301,80.2805481,66532,66543,11
13.06441021,80.28121948,66543,66553,10
13.06445026,80.28192139,66553,66563,10
13.06439018,80.28253937,66563,66573,10
13.0642004,80.28340149,66573,66654,81
13.0642004,80.28340149,66654,66664,10
13.06342983,80.28341675,66664,66674,10
13.06342983,80.28341675,66674,66684,10
13.06270027,80.28324127,66684,66694,10
13.06252003,80.28318024,66694,66704,10
13.06217957,80.28311157,66704,66714,10
13.06159019,80.28299713,66714,66724,10
13.06081963,80.2828064,66724,66735,11
13.05980968,80.28257751,66735,66745,10
13.05904961,80.28244019,66745,66755,10
13.05827045,80.28227997,66755,66765,10
13.05764008,80.2821579,66765,66775,10
13.05694008,80.28202057,66775,66785,10
13.05677986,80.28199005,66785,66794,9
13.05671978,80.28195953,66794,66805,11
13.05626011,80.28186035,66805,66815,10
13.05599976,80.2818222,66815,66825,10
13.05558014,80.28173065,66825,66835,10
13.05488968,80.28157806,66835,66846,11
13.05397987,80.28140259,66846,66856,10
13.05216026,80.2811203,66856,66866,10
13.05216026,80.2811203,66866,66876,10
13.05140018,80.28101349,66876,66886,10
13.05117035,80.28098297,66886,66896,10
13.0510397,80.28095245,66896,66906,10
13.05058002,80.28089142,66906,66916,10
13.0500803,80.28082275,66916,66926,10
13.04938984,80.28072357,66926,66936,10
13.04852962,80.2806015,66936,66947,11
13.04743004,80.28044891,66947,66957,10
13.04640007,80.28029633,66957,66967,10
13.04568958,80.28022003,66967,66977,10
13.04568005,80.28022003,66977,66987,10
13.04555988,80.28018951,66987,66997,10
13.04500008,80.28012085,66997,67007,10
13.04409981,80.27999878,67007,67026,19
13.04409981,80.27999878,67026,67037,11
13.04384041,80.27996826,67037,67048,11
13.0434103,80.27989197,67048,67058,10
13.04277992,80.27970886,67058,67068,10
13.04195976,80.27954865,67068,67078,10
13.0411396,80.27941132,67078,67089,11
13.04039955,80.2792511,67089,67098,9
13.03969002,80.27906036,67098,67109,11
13.03929043,80.27893066,67109,67119,10
13.03901958,80.27890015,67119,67129,10
13.03896046,80.27889252,67129,67140,11
13.03861046,80.27874756,67140,67150,10
13.03794956,80.27854919,67150,67160,10
13.03724003,80.2783432,67160,67170,10
13.03680038,80.27819824,67170,67180,10
13.0363903,80.2780304,67180,67190,10
13.03584957,80.27787781,67190,67200,10
13.03518009,80.27774811,67200,67211,11
13.03452015,80.27765656,67211,67221,10
13.03390026,80.27748108,67221,67231,10
13.03334045,80.27748871,67231,67242,11
13.03264046,80.27751923,67242,67252,10
13.03194046,80.27761841,67252,67262,10
13.0309,80.27735901,67262,67282,20
13.0309,80.27735901,67282,67292,10
13.03052998,80.27709961,67292,67302,10
13.02993965,80.27684784,67302,67312,10
13.02947044,80.27670288,67312,67322,10
13.02882004,80.2765274,67322,67332,10
13.02822971,80.27626801,67332,67343,11
13.02750015,80.27600098,67343,67353,10
13.02665997,80.27562714,67353,67363,10
13.0260601,80.27536774,67363,67373,10
13.02598953,80.27532959,67373,67383,10
13.02583981,80.27523804,67383,67393,10
13.02540016,80.27503967,67393,67403,10
13.02474022,80.27474976,67403,67413,10
13.02414036,80.27423859,67413,67423,10
13.02365971,80.27355957,67423,67433,10
13.02315998,80.27291107,67433,67444,11
13.02254009,80.27207184,67444,67454,10
13.02188015,80.27121735,67454,67464,10
13.02097988,80.27011871,67464,67484,20
13.02097988,80.27011871,67484,67494,10
13.02077007,80.26983643,67494,67504,10
13.02042961,80.26940155,67504,67514,10
13.01996994,80.26883698,67514,67524,10
13.01945019,80.26821899,67524,67534,10
13.01893997,80.26761627,67534,67545,11
13.01863003,80.26663971,67545,67555,10
13.01860046,80.26602173,67555,67565,10
13.01871967,80.26542664,67565,67575,10
13.01893044,80.26476288,67575,67585,10
13.01898956,80.26396179,67585,67595,10
13.01898003,80.26358032,67595,67605,10
13.01891994,80.26319885,67605,67615,10
13.01885033,80.26248169,67615,67624,9
13.01877975,80.26187897,67624,67635,11
13.01871967,80.26151276,67635,67646,11
13.01852036,80.26126862,67646,67656,10
13.01825047,80.26112366,67656,67666,10
13.01788044,80.26087952,67666,67676,10
13.01737976,80.26055145,67676,67686,10
13.01679039,80.26016235,67686,67696,10
13.01646042,80.2599411,67696,67706,10
13.01616955,80.25980377,67706,67716,10
13.0159502,80.25971222,67716,67757,41
13.0159502,80.25971222,67757,67767,10
13.01564026,80.25956726,67767,67777,10
13.01511002,80.25943756,67777,67787,10
13.01449966,80.25939178,67787,67797,10
13.01375961,80.25936127,67797,67807,10
13.01288986,80.25932312,67807,67817,10
13.01191044,80.2592926,67817,67827,10
13.01105976,80.25926208,67827,67837,10
13.01029968,80.25933075,67837,67848,11
13.00944996,80.2592926,67848,67858,10
13.00883961,80.25926208,67858,67868,10
13.00858021,80.25926208,67868,67878,10
13.00809002,80.25926971,67878,67888,10
13.00755978,80.25942993,67888,67898,10
13.00718021,80.25881958,67898,67918,20
13.00718021,80.25881958,67918,67928,10
13.00702,80.25846863,67928,67938,10
13.00667,80.25791168,67938,67969,31
13.00667,80.25791168,67969,67979,10
13.00652981,80.25769806,67979,67989,10
13.00607967,80.25756836,67989,67999,10
13.00543022,80.25746155,67999,68009,10
13.00494003,80.25730896,68009,68019,10
13.00426006,80.25714111,68019,68029,10
13.00345993,80.25695038,68029,68040,11
13.00249004,80.25676727,68040,68060,20
13.00249004,80.25676727,68060,68070,10
13.00242043,80.25675964,68070,68080,10
13.00214005,80.25670624,68080,68090,10
13.00177956,80.25666809,68090,68100,10
13.0011797,80.2565918,68100,68110,10
13.00045013,80.25649261,68110,68120,10
12.99993038,80.25637817,68120,68181,61
12.99993038,80.25637817,68181,68191,10
12.99971008,80.25631714,68191,68201,10
12.99938011,80.25624847,68201,68211,10
12.99866962,80.25614929,68211,68242,31
12.99866962,80.25614929,68242,68252,10
12.99820995,80.25608063,68252,68312,60
12.99820995,80.25608063,68312,68322,10
12.99781036,80.25601959,68322,68332,10
12.9975996,80.25601959,68332,68343,11
12.99726963,80.25601196,68343,68353,10
12.99680996,80.25598145,68353,68363,10
12.99637032,80.25596619,68363,68373,10
12.99604988,80.25595093,68373,68383,10
12.99565983,80.25595856,68383,68393,10
12.99526024,80.25596619,68393,68403,10
12.9948101,80.25596619,68403,68413,10
12.99446011,80.2559967,68413,68423,10
12.99423981,80.25601959,68423,68433,10
12.99380016,80.256073,68433,68444,11
12.99326038,80.25608826,68444,68454,10
12.99234962,80.25614166,68454,68464,10
12.99155998,80.2561264,68464,68474,10
12.99094009,80.25610352,68474,68484,10
12.9904604,80.256073,68484,68494,10
12.98980999,80.2561264,68494,68514,20
12.98980999,80.2561264,68514,68524,10
12.98935986,80.25608063,68524,68534,10
12.98857975,80.25602722,68534,68605,71
12.98820972,80.25595856,68605,68726,121
12.98820972,80.25595856,68726,68736,10
12.98808002,80.25595856,68736,68746,10
12.98777962,80.25595093,68746,68757,11
12.9875803,80.25627136,68757,68767,10
12.98754025,80.25688934,68767,68777,10
12.98746967,80.25765228,68777,68787,10
12.98740959,80.25842285,68787,68797,10
12.98736,80.25904083,68797,68807,10
12.98725986,80.25943756,68807,68848,41
12.98725986,80.25943756,68848,68858,10
12.98721027,80.25965881,68858,68878,20
12.98721027,80.25965881,68878,68888,10
12.98698044,80.25964355,68888,68898,10
12.98665047,80.259552,68898,68908,10
12.98666954,80.2591629,68908,69625,717
12.98666954,80.2591629,69625,69636,11
12.98711967,80.25921631,69636,69666,30
12.98711967,80.25921631,69666,69676,10
12.98735046,80.25894928,69676,69686,10
12.98736,80.25849915,69686,69696,10
12.98738003,80.25801086,69696,69706,10
12.98740959,80.25746155,69706,69716,10
12.98746014,80.25678253,69716,69726,10
12.98750019,80.256073,69726,69959,233
12.98750019,80.256073,69959,69969,10
12.98754025,80.25595093,69969,69979,10
12.98777008,80.25579834,69979,69989,10
12.98816013,80.25588226,69989,69999,10
12.98873997,80.25595093,69999,70019,20
12.98873997,80.25595093,70019,70030,11
12.9891901,80.25601959,70030,70040,10
12.98974991,80.25608826,70040,70050,10
12.99036026,80.25610352,70050,70060,10
12.99077988,80.25608826,70060,70070,10
12.99133968,80.25610352,70070,70080,10
12.99164963,80.25608826,70080,70090,10
12.99180031,80.256073,70090,70100,10
12.99232006,80.25608063,70100,70213,113
12.99232006,80.25608063,70213,70223,10
12.99291992,80.25605774,70223,70244,21
12.99291992,80.25605774,70244,70254,10
12.99326038,80.25604248,70254,70264,10
12.99330997,80.25604248,70264,70274,10
12.99347973,80.25604248,70274,70284,10
12.99368,80.25604248,70284,70294,10
12.99370956,80.25604248,70294,70304,10
12.99400997,80.25604248,70304,70314,10
12.99470997,80.25598907,70314,70457,143
12.99470997,80.25598907,70457,70467,10
12.9951601,80.25592804,70467,70477,10
12.99542046,80.25592041,70477,70487,10
12.99582005,80.25595856,70487,70497,10
12.99625015,80.25595093,70497,70507,10
12.99674034,80.25592804,70507,70538,31
12.99674034,80.25592804,70538,70548,10
12.99713039,80.25592804,70548,70558,10
12.99732018,80.25592804,70558,70568,10
12.99761963,80.25596619,70568,70578,10
12.99802971,80.25601196,70578,70587,9
12.99837971,80.25604248,70587,70608,21
12.99837971,80.25604248,70608,70618,10
12.99880981,80.25610352,70618,70629,11
12.99892998,80.25611115,70629,70639,10
12.99915028,80.25614929,70639,70689,50
12.99915028,80.25614929,70689,70699,10
12.99936962,80.25617218,70699,70709,10
12.99977016,80.25627136,70709,70719,10
13.00039005,80.25640106,70719,70730,11
13.00111961,80.25652313,70730,70790,60
13.00111961,80.25652313,70790,70800,10
13.00125027,80.25656128,70800,70810,10
13.00166988,80.25662994,70810,70820,10
13.00232029,80.25672913,70820,70830,10
13.00306988,80.25688171,70830,70841,11
13.0039196,80.25704193,70841,70851,10
13.0046196,80.25715637,70851,70861,10
13.00545025,80.25730896,70861,70871,10
13.00615978,80.25743866,70871,70901,30
13.00615978,80.25743866,70901,70911,10
13.00656986,80.25756073,70911,70921,10
13.00687027,80.25795746,70921,70932,11
13.00726032,80.25849915,70932,70942,10
13.00786972,80.25881958,70942,70952,10
13.00842953,80.25898743,70952,70962,10
13.00858974,80.25907898,70962,70972,10
13.00905037,80.25911713,70972,70982,10
13.00973034,80.25914001,70982,70992,10
13.01037025,80.25914001,70992,71002,10
13.01049995,80.25914764,71002,71012,10
13.01091957,80.25914764,71012,71022,10
13.01154041,80.25914001,71022,71033,11
13.01239014,80.25917053,71033,71043,10
13.01331997,80.25920105,71043,71053,10
13.01436996,80.25924683,71053,71063,10
13.01548004,80.25936127,71063,71073,10
13.01636982,80.25972748,71073,71093,20
13.01636982,80.25972748,71093,71103,10
13.01663017,80.25995636,71103,71113,10
13.01716042,80.26032257,71113,71123,10
13.01780987,80.26077271,71123,71134,11
13.01860046,80.26132202,71134,71144,10
13.01902008,80.26168823,71144,71154,10
13.01949024,80.26209259,71154,71164,10
13.02009964,80.26264191,71164,71174,10
13.02027988,80.26300812,71174,71184,10
13.02005959,80.26307678,71184,71194,10
13.01949024,80.26304626,71194,71204,10
13.01900959,80.26309204,71204,71214,10
13.01904011,80.26361847,71214,71224,10
13.01908016,80.26435089,71224,71235,11
13.01883984,80.26525879,71235,71244,9
13.0187397,80.26564026,71244,71255,11
13.01863956,80.2663269,71255,71265,10
13.01873016,80.266922,71265,71274,9
13.01918983,80.26776123,71274,71285,11
13.01970005,80.26841736,71285,71295,10
13.02040005,80.26931,71295,71305,10
13.02099037,80.27001953,71305,71315,10
13.02140999,80.27050018,71315,71325,10
13.02151012,80.27062988,71325,71336,11
13.02182007,80.27101135,71336,71346,10
13.02221012,80.27152252,71346,71356,10
13.02276993,80.27226257,71356,71366,10
13.02334023,80.27304077,71366,71376,10
13.02387047,80.27374268,71376,71438,62
13.02387047,80.27374268,71438,71448,10
13.02408028,80.27407074,71448,71458,10
13.02451992,80.27455902,71458,71468,10
13.02519989,80.27490997,71468,71478,10
13.0254097,80.27498627,71478,71488,10
13.02558041,80.27507782,71488,71497,9
13.02593994,80.27526855,71497,71508,11
13.02657986,80.27558136,71508,71518,10
13.02719021,80.27588654,71518,71529,11
13.02762032,80.27610016,71529,71539,10
13.02787018,80.27616882,71539,71549,10
13.02789021,80.27616882,71549,71559,10
13.02812004,80.27625275,71559,71569,10
13.02836037,80.27635193,71569,71579,10
13.02855968,80.27642822,71579,71589,10
13.02892017,80.27658081,71589,71599,10
13.02935982,80.27670288,71599,71609,10
13.02974033,80.27677917,71609,71630,21
13.02974033,80.27677917,71630,71640,10
13.03015995,80.27693939,71640,71650,10
13.03069019,80.27722168,71650,71660,10
13.03131008,80.27760315,71660,71670,10
13.03203011,80.27761078,71670,71680,10
13.03308964,80.27754211,71680,71720,40
13.03308964,80.27754211,71720,71731,11
13.03335953,80.27748108,71731,71741,10
13.03380013,80.2775116,71741,71751,10
13.03446007,80.27765656,71751,71761,10
13.03522015,80.27777863,71761,71771,10
13.03586006,80.2779007,71771,71781,10
13.03654957,80.27806854,71781,71791,10
13.03695011,80.27825165,71791,71801,10
13.03742027,80.27841949,71801,71811,10
13.03806019,80.27855682,71811,71821,10
13.03876972,80.27873993,71821,71832,11
13.03882027,80.27874756,71832,71842,10
13.03901958,80.27880859,71842,71852,10
13.03905964,80.27883148,71852,71862,10
13.03923035,80.27889252,71862,71872,10
13.03973961,80.27903748,71872,71882,10
13.0404501,80.27922821,71882,71892,10
13.04121971,80.27940369,71892,71902,10
13.0420599,80.2795105,71902,71912,10
13.04304028,80.27960968,71912,72003,91
13.04304028,80.27960968,72003,72013,10
13.04325962,80.27967834,72013,72023,10
13.0437603,80.27986145,72023,72034,11
13.04454041,80.27999878,72034,72045,11
13.04531956,80.28011322,72045,72054,9
13.04625034,80.28022766,72054,72065,11
13.04722977,80.28037262,72065,72075,10
13.04819965,80.28050995,72075,72085,10
13.04922009,80.28066254,72085,72096,11
13.04990005,80.28076172,72096,72106,10
13.05090046,80.28090668,72106,72116,10
13.05175972,80.28103638,72116,72126,10
13.05272007,80.28118896,72126,72137,11
13.05373955,80.28134918,72137,72147,10
13.05471039,80.28153229,72147,72157,10
13.05564022,80.28172302,72157,72167,10
13.0563097,80.28183746,72167,72177,10
13.05642033,80.28186035,72177,72187,10
13.05669022,80.28192139,72187,72197,10
13.05710983,80.28202057,72197,72207,10
13.05712986,80.28202057,72207,72217,10
13.05720997,80.2820282,72217,72227,10
13.05745983,80.28205109,72227,72238,11
13.05749035,80.28191376,72238,72248,10
13.05755043,80.28153229,72248,72258,10
13.05764008,80.28083038,72258,72268,10
13.05770016,80.28027344,72268,72278,10
13.05778027,80.27974701,72278,72288,10
13.05786991,80.27928162,72288,72298,10
13.05797958,80.27855682,72298,72349,51
13.05797958,80.27855682,72349,72359,10
13.05799961,80.27835846,72359,72369,10
13.05805969,80.27806854,72369,72379,10
13.05811977,80.27754974,72379,72389,10
13.05840969,80.27741241,72389,72399,10
13.05875015,80.27745819,72399,72409,10
13.05926037,80.27758026,72409,72419,10
13.05969048,80.27764893,72419,72430,11
13.06000996,80.27765656,72430,72440,10
13.06044006,80.27771759,72440,72450,10
13.06107998,80.27781677,72450,72460,10
13.06161976,80.27793884,72460,72470,10
13.06167984,80.27796173,72470,72480,10
13.06206989,80.27806091,72480,72490,10
13.06258965,80.27812958,72490,72520,30
13.06258965,80.27812958,72520,72531,11
13.06289005,80.27812195,72531,72541,10
13.06338978,80.27822113,72541,72551,10
13.06396961,80.27832031,72551,72561,10
13.06402016,80.27832794,72561,72571,10
13.06431961,80.27838898,72571,72581,10
13.0646801,80.27839661,72581,72591,10
13.06492996,80.27809906,72591,72601,10
13.0652504,80.27739716,72601,72611,10
13.06556034,80.2767334,72611,72621,10
13.06575966,80.27620697,72621,72632,11
13.06604004,80.27545166,72632,72642,10
13.06626987,80.27484131,72642,72652,10
13.0662899,80.2747879,72652,72662,10
13.06637955,80.27458954,72662,72672,10
13.06661987,80.27393341,72672,72712,40
13.06661987,80.27393341,72712,72722,10
13.0667696,80.27368927,72722,72733,11
13.06715965,80.27326202,72733,72743,10
13.06760025,80.27266693,72743,72753,10
13.06777,80.27243805,72753,72763,10
13.06785011,80.27236176,72763,72773,10
13.06799984,80.27214813,72773,72783,10
13.06807995,80.27204132,72783,72793,10
13.06814003,80.27168274,72793,72803,10
13.06785965,80.27115631,72803,72812,9
13.06744957,80.27068329,72812,72823,11
13.06684971,80.27002716,72823,72834,11
13.06647015,80.26908112,72834,72844,10
13.0664196,80.26850891,72844,72894,50
13.0664196,80.26850891,72894,72904,10
13.06692028,80.26859283,72904,72914,10
13.06692028,80.26859283,72914,72924,10
13.06692982,80.26860046,72924,72935,11
13.06723022,80.26882172,72935,72945,10
13.06770039,80.2691803,72945,72955,10
13.06820011,80.26940155,72955,72965,10
13.06830025,80.26912689,72965,72975,10
13.06844044,80.2686615,72975,72985,10
13.06861973,80.2681427,72985,72995,10
13.06884003,80.26753998,72995,73005,10
13.06906986,80.26715851,73005,73015,10
13.06925964,80.26699066,73015,73025,10
13.06956005,80.26669312,73025,73056,31
13.06956005,80.26669312,73056,73065,9
13.06987,80.2664032,73065,73076,11
13.07001972,80.26624298,73076,73086,10
13.07032013,80.26593781,73086,73096,10
13.07038975,80.26587677,73096,73106,10
13.07046986,80.26579285,73106,73116,10
13.07067013,80.26557922,73116,73126,10
13.07096958,80.26525879,73126,73137,11
13.07133007,80.26489258,73137,73147,10
13.07168007,80.26450348,73147,73157,10
13.07201958,80.26410675,73157,73167,10
13.07233047,80.26345825,73167,73177,10
13.07252026,80.26290131,73177,73187,10
13.07271957,80.26236725,73187,73197,10
13.07283974,80.26204681,73197,73207,10
13.07291031,80.26190186,73207,73217,10
13.07301044,80.26152039,73217,73227,10
13.07301998,80.2614975,73227,73238,11
13.07316971,80.26123047,73238,73248,10
13.07349968,80.2614975,73248,73258,10
13.07394981,80.26200867,73258,73268,10
13.07441044,80.26252747,73268,73278,10
13.07478046,80.26302338,73278,73288,10
13.07518959,80.26358795,73288,73298,10
13.07561016,80.26416779,73298,73308,10
13.0760603,80.26428986,73308,73318,10
13.07658958,80.26422882,73318,73329,11
13.07701969,80.26413727,73329,73339,10
13.07750988,80.26390839,73339,73349,10
13.07785988,80.26364899,73349,73359,10
13.07798004,80.26320648,73359,73369,10
13.07777977,80.26257324,73369,73379,10
13.07759953,80.26200104,73379,73389,10
13.07746029,80.26158142,73389,73399,10
13.07730961,80.26125336,73399,73419,20
13.07730961,80.26125336,73419,73430,11
13.07724953,80.26106262,73430,73440,10
13.07707024,80.26069641,73440,73450,10
13.07670975,80.26033783,73450,73460,10
13.07618046,80.25995636,73460,73470,10
13.07565022,80.25935364,73470,73480,10
13.07538033,80.25853729,73480,73662,182
13.07538033,80.25853729,73662,73672,10
13.07532978,80.25829315,73672,73682,10
13.07549,80.25808716,73682,73692,10
13.07586002,80.25782776,73692,73702,10
13.07621002,80.25752258,73702,73712,10
13.07656956,80.25720978,73712,73722,10
13.07750988,80.25675201,73722,73733,11
13.07750988,80.25675201,73733,73743,10
13.07818985,80.25668335,73743,73763,20
13.07818985,80.25668335,73763,73773,10
13.07853031,80.25665283,73773,73793,20
13.07853031,80.25665283,73793,73803,10
13.07874966,80.25660706,73803,73813,10
13.07894039,80.25659943,73813,73823,10
13.07927036,80.25668335,73823,73834,11
13.07979965,80.2567215,73834,73844,10
13.08030987,80.25682068,73844,73854,10
13.08076954,80.25688171,73854,73864,10
13.08104038,80.25691986,73864,73874,10
13.08111954,80.25670624,73874,73883,9
13.08121967,80.25630188,73883,73897,14
13.08131027,80.25595093,73897,73907,10
13.08135986,80.25567627,73907,73917,10
13.08146,80.25524139,73917,73978,61
13.08146,80.25524139,73978,73988,10
13.08162022,80.25480652,73988,73998,10
13.08174038,80.25434875,73998,74008,10
13.08180046,80.25390625,74008,74018,10
13.08183956,80.25337219,74018,74029,11
13.08166981,80.25280762,74029,74039,10
13.08146,80.25248718,74039,74049,10
13.08135033,80.25229645,74049,74059,10
13.08133984,80.25224304,74059,74069,10
13.08131027,80.25196075,74069,74079,10
13.08131027,80.25193787,74079,74089,10
13.08129025,80.25167847,74089,74109,20
13.08129025,80.25140381,74109,74130,21
13.08129025,80.25140381,74130,74140,10
13.08129025,80.25118256,74140,74150,10
13.08129978,80.25099182,74150,74160,10
13.08129978,80.25074768,74160,74170,10
13.08127975,80.25034332,74170,74220,50
13.08127975,80.25034332,74220,74231,11
13.08127975,80.24996948,74231,74241,10
13.08146,80.24970245,74241,74251,10
13.08197975,80.2497406,74251,74261,10
13.08261013,80.24984741,74261,74271,10
13.08331966,80.24996948,74271,74291,20
13.08331966,80.24996948,74291,74301,10
13.08366966,80.25003815,74301,74311,10
13.08395958,80.25007629,74311,74321,10
13.08450985,80.25019836,74321,74332,11
13.08471012,80.25023651,74332,74342,10
13.08483982,80.25025177,74342,74352,10
13.08520031,80.25032043,74352,74362,10
13.08574009,80.25039673,74362,74372,10
13.08586979,80.25032043,74372,74382,10
13.08586025,80.25003815,74382,74392,10
13.08580971,80.24923706,74392,74402,10
13.08574009,80.24845123,74402,74412,10
13.08574009,80.24774933,74412,74422,10
13.08565998,80.24694824,74422,74433,11
13.08561993,80.24664307,74433,74443,10
13.08561993,80.24636841,74443,74453,10
13.08557034,80.24585724,74453,74463,10
13.08557987,80.24571228,74463,74473,10
13.08557987,80.24555969,74473,74483,10
13.08563995,80.24526215,74483,74493,10
13.08588028,80.24501038,74493,74503,10
13.0862999,80.24465942,74503,74513,10
13.08677959,80.24423981,74513,74524,11
13.08718967,80.24391174,74524,74534,10
13.08755016,80.24356079,74534,74544,10
13.08761024,80.24347687,74544,74554,10
13.08771038,80.24333191,74554,74564,10
13.08778954,80.24294281,74564,74574,10
13.08790016,80.24237823,74574,74584,10
13.08823013,80.24199677,74584,74594,10
13.08872032,80.24163818,74594,74604,10
13.08934975,80.24121857,74604,74614,10
13.09002018,80.24092102,74614,74625,11
13.09084034,80.24089813,74625,74636,11
13.09171963,80.24093628,74636,74646,10
13.09243965,80.24095917,74646,74656,10
13.09311008,80.24102783,74656,74666,10
13.09438038,80.24124908,74666,74686,20
13.09438038,80.24124908,74686,74695,9
13.09482002,80.24137115,74695,74706,11
13.09517956,80.24146271,74706,74715,9
13.09554005,80.24157715,74715,74727,12
13.09601974,80.24176025,74727,74737,10
13.09652042,80.24195862,74737,74747,10
13.09657955,80.24196625,74747,74757,10
13.09675026,80.24201965,74757,74767,10
13.09687996,80.24204254,74767,74777,10
13.09722996,80.24214172,74777,74787,10
13.09739971,80.24188995,74787,74797,10
13.09747982,80.24140167,74797,74807,10
13.09755993,80.24072266,74807,74817,10
13.09761047,80.2401886,74817,74828,11
13.09764004,80.23961639,74828,74838,10
13.09766006,80.23934174,74838,74848,10
13.09770966,80.23886108,74848,74858,10
13.09774971,80.23847198,74858,74868,10
13.09780025,80.23825073,74868,74878,10
13.09792042,80.23769379,74878,74888,10
13.09799957,80.2372818,74888,74898,10
13.0980196,80.23705292,74898,74908,10
13.09809971,80.23670197,74908,74918,10
13.09819984,80.23615265,74918,74929,11
13.09827995,80.23555756,74929,74939,10
13.09836006,80.23503113,74939,74949,10
13.09836006,80.2350235,74949,74959,10
13.09838963,80.23484802,74959,74969,10
13.09848976,80.23401642,74969,74989,20
13.09848976,80.23401642,74989,74999,10
13.09852028,80.23361969,74999,75009,10
13.09858036,80.23316956,75009,75019,10
13.09864044,80.23280334,75019,75030,11
13.09877968,80.23226166,75030,75040,10
13.09899044,80.23165894,75040,75050,10
13.09924984,80.23108673,75050,75060,10
13.09943008,80.23062897,75060,75070,10
13.09963989,80.2298584,75070,75090,20
13.09963989,80.2298584,75090,75100,10
13.09969997,80.22956848,75100,75110,10
13.09980011,80.22899628,75110,75120,10
13.09992027,80.22833252,75120,75131,11
13.09996986,80.22753143,75131,75141,10
13.09994984,80.22673035,75141,75151,10
13.09988976,80.22605896,75151,75161,10
13.09982967,80.22559357,75161,75171,10
13.09980965,80.22540283,75171,75181,10
13.09978008,80.22512817,75181,75191,10
13.09972954,80.22492218,75191,75201,10
13.09959984,80.22442627,75201,75210,9
13.09934998,80.22386169,75210,75221,11
13.09916973,80.22364044,75221,75231,10
13.09895039,80.22335815,75231,75242,11
13.09875965,80.22309875,75242,75252,10
13.09867001,80.22274017,75252,75262,10
13.09867954,80.22212219,75262,75272,10
13.09879971,80.22126007,75272,75282,10
13.09897041,80.22026062,75282,75292,10
13.09910965,80.21942139,75292,75302,10
13.09920025,80.2188797,75302,75312,10
13.09932041,80.2181015,75312,75322,10
13.0994997,80.21724701,75322,75336,14
13.09980965,80.21630859,75336,75346,10
13.10019016,80.21546173,75346,75356,10
13.10027027,80.21526337,75356,75366,10
13.10042,80.21485901,75366,75376,10
13.10056973,80.21459961,75376,75386,10
13.10070038,80.21434784,75386,75396,10
13.10091019,80.21389771,75396,75405,9
13.10109997,80.21338654,75405,75416,11
13.10132027,80.21282959,75416,75427,11
13.10163021,80.21201324,75427,75437,10
13.10175991,80.21157837,75437,75447,10
13.10186005,80.21128845,75447,75457,10
13.10200977,80.21086121,75457,75467,10
13.10216999,80.21038055,75467,75477,10
13.10243988,80.20963287,75477,75497,20
13.10243988,80.20963287,75497,75507,10
13.1024704,80.20954132,75507,75517,10
13.10254002,80.2093277,75517,75528,11
13.10264015,80.20899963,75528,75548,20
13.10264015,80.20899963,75548,75558,10
13.10274029,80.20861816,75558,75568,10
13.10286045,80.20825195,75568,75578,10
13.1029501,80.20806122,75578,75588,10
13.10305977,80.20773315,75588,75598,10
13.10321045,80.20735931,75598,75608,10
13.10346031,80.20690155,75608,75618,10
13.10369015,80.20628357,75618,75629,11
13.10377979,80.20574951,75629,75639,10
13.10377979,80.20523071,75639,75649,10
13.10375977,80.20437622,75649,75659,10
13.1036396,80.20359039,75659,75699,40
13.1036396,80.20359039,75699,75709,10
13.10346985,80.20323181,75709,75719,10
13.10348988,80.20284271,75719,75730,11
13.10344982,80.20249176,75730,75740,10
13.10342026,80.20217896,75740,75750,10
13.10334015,80.20173645,75750,75760,10
13.10334015,80.2016983,75760,75770,10
13.10332966,80.20153809,75770,75780,10
13.10328007,80.20117188,75780,75790,10
13.10324955,80.20069122,75790,75800,10
13.10317993,80.20005035,75800,75810,10
13.10309982,80.19950104,75810,75820,10
13.10303974,80.19908142,75820,75831,11
13.10289955,80.19833374,75831,75841,10
13.1027298,80.19761658,75841,75851,10
13.10251999,80.19699097,75851,75861,10
13.10233021,80.19641876,75861,75871,10
13.10214043,80.19586945,75871,75881,10
13.10196972,80.19535828,75881,75891,10
13.10179996,80.19489288,75891,75901,10
13.10171986,80.1947403,75901,75911,10
13.10153961,80.19452667,75911,75921,10
13.10147953,80.19409943,75921,75932,11
13.1017704,80.19346619,75932,75942,10
13.10161972,80.19252777,75942,75952,10
13.10144997,80.19161987,75952,75962,10
13.10126972,80.19065857,75962,75972,10
13.10103035,80.19013214,75972,75982,10
13.10101032,80.19007874,75982,75992,10
13.10087967,80.18966675,75992,76002,10
13.1005497,80.18914032,76002,76012,10
13.10035038,80.18872833,76012,76022,10
13.10033989,80.18868256,76022,76033,11
13.1001997,80.18837738,76033,76043,10
13.10002041,80.18795013,76043,76053,10
13.09988022,80.18755341,76053,76063,10
13.09978962,80.18721771,76063,76073,10
13.09969044,80.18682861,76073,76083,10
13.09961033,80.1865387,76083,76093,10
13.09953022,80.18611908,76093,76103,10
13.09939957,80.18557739,76103,76113,10
13.09926033,80.18496704,76113,76123,10
13.09912014,80.18447113,76123,76134,11
13.09895992,80.18392944,76134,76144,10
13.09885025,80.18356323,76144,76154,10
13.0987196,80.1831665,76154,76164,10
13.09856033,80.18257904,76164,76174,10
13.09840012,80.18186188,76174,76184,10
13.09834957,80.18166351,76184,76194,10
13.09823036,80.18121338,76194,76204,10
13.09807968,80.18063354,76204,76214,10
13.09790039,80.17993927,76214,76224,10
13.0977602,80.17915344,76224,76235,11
13.09774971,80.17849731,76235,76245,10
13.09776974,80.17775726,76245,76255,10
13.09786034,80.17697906,76255,76265,10
13.09799004,80.17635345,76265,76275,10
13.09805012,80.17582703,76275,76285,10
13.09805012,80.17546844,76285,76295,10
13.09807014,80.17510223,76295,76305,10
13.09829044,80.17436981,76305,76315,10
13.09848022,80.17384338,76315,76325,10
13.09879971,80.17318726,76325,76336,11
13.09914017,80.17230225,76336,76346,10
13.09939957,80.17150116,76346,76356,10
13.09951973,80.17102814,76356,76406,50
13.09951973,80.17102814,76406,76416,10
13.09959984,80.17079926,76416,76427,11
13.09965992,80.17021179,76427,76437,10
13.09967041,80.16986847,76437,76457,20
13.09967041,80.16986847,76457,76467,10
13.09957027,80.16964722,76467,76477,10
13.09939003,80.16970825,76477,76487,10
13.0992403,80.16967773,76487,76497,10
13.09901047,80.16963196,76497,76507,10
13.09875965,80.16956329,76507,76517,10
13.09860992,80.16938782,76517,76528,11
13.09910965,80.16957092,76528,76689,161
13.09910965,80.16957092,76689,76699,10
13.09912968,80.16964722,76699,76709,10
13.09924984,80.16972351,76709,76719,10
13.0994997,80.1697998,76719,76790,71
13.0994997,80.1697998,76790,76800,10
13.09961987,80.16999817,76800,76820,20
13.09961987,80.16999817,76820,76831,11
13.09967041,80.17021942,76831,76841,10
13.09972954,80.17034149,76841,76851,10
13.09967995,80.17060852,76851,76861,10
13.09965992,80.17075348,76861,76871,10
13.09957981,80.1710434,76871,76891,20
13.09957981,80.1710434,76891,76901,10
13.0994997,80.17124176,76901,76911,10
13.09934998,80.17172241,76911,76921,10
13.09914017,80.17236328,76921,76932,11
13.09883976,80.173172,76932,76942,10
13.09852028,80.17398071,76942,76952,10
13.09823036,80.17481232,76952,76962,10
13.09809971,80.17553711,76962,76972,10
13.09805012,80.17611694,76972,76982,10
13.09794044,80.17678833,76982,76992,10
13.09782028,80.17749023,76992,77002,10
13.09780025,80.17809296,77002,77012,10
13.09778023,80.17865753,77012,77022,10
13.09778976,80.17926025,77022,77033,11
13.09799004,80.18012238,77033,77043,10
13.09815979,80.1807785,77043,77053,10
13.09817982,80.18087769,77053,77063,10
13.09821033,80.18093872,77063,77073,10
13.09831047,80.18132782,77073,77083,10
13.09842014,80.18190765,77083,77093,10
13.09854031,80.18244934,77093,77103,10
13.09866047,80.18292236,77103,77112,9
13.09879971,80.18340302,77112,77123,11
13.09897995,80.18398285,77123,77134,11
13.0992403,80.18477631,77134,77144,10
13.09934998,80.18521881,77144,77154,10
13.09947968,80.18580627,77154,77164,10
13.09961987,80.18637848,77164,77184,20
13.09961987,80.18637848,77184,77194,10
13.09969997,80.18656921,77194,77204,10
13.09976959,80.18681335,77204,77214,10
13.09982014,80.18710327,77214,77224,10
13.09988976,80.18743896,77224,77235,11
13.10006046,80.1879425,77235,77245,10
13.10023975,80.18840027,77245,77255,10
13.10046005,80.18885803,77255,77265,10
13.10085964,80.18932343,77265,77275,10
13.10118961,80.18969727,77275,77285,10
13.1012001,80.18971252,77285,77295,10
13.10130024,80.19008636,77295,77305,10
13.1014204,80.1906662,77305,77315,10
13.1015501,80.19146729,77315,77325,10
13.10165024,80.19210815,77325,77335,10
13.10173988,80.19267273,77335,77346,11
13.10184002,80.1933136,77346,77356,10
13.10194969,80.19384003,77356,77366,10
13.10214043,80.1943512,77366,77376,10
13.10198975,80.19483185,77376,77386,10
13.1021204,80.19539642,77386,77396,10
13.10239983,80.1962738,77396,77406,10
13.10270023,80.1971817,77406,77416,10
13.10295963,80.19812775,77416,77427,11
13.10309982,80.19902039,77427,77437,10
13.1031599,80.19927216,77437,77447,10
13.10321999,80.19967651,77447,77457,10
13.1032896,80.20028687,77457,77467,10
13.10336018,80.20092773,77467,77477,10
13.10342979,80.20137787,77477,77487,10
13.10348034,80.20211792,77487,77497,10
13.10356045,80.20274353,77497,77507,10
13.10358047,80.20278931,77507,77517,10
13.10361004,80.20290375,77517,77528,11
13.1036396,80.20330048,77528,77538,10
13.10371971,80.2037735,77538,77548,10
13.10377979,80.20427704,77548,77558,10
13.10379028,80.20498657,77558,77568,10
13.10379982,80.20570374,77568,77578,10
13.10367966,80.20630646,77578,77588,10
13.10344028,80.20696259,77588,77598,10
13.10317039,80.20754242,77598,77618,20
13.10317039,80.20754242,77618,77629,11
13.10301971,80.20796204,77629,77639,10
13.10289955,80.20834351,77639,77649,10
13.10280991,80.20860291,77649,77659,10
13.1027298,80.2088623,77659,77669,10
13.10264015,80.20910645,77669,77679,10
13.10258007,80.20931244,77679,77689,10
13.10251045,80.20954132,77689,77699,10
13.10235977,80.20999908,77699,77709,10
13.10219955,80.21044159,77709,77719,10
13.10196018,80.21108246,77719,77730,11
13.1016798,80.21186066,77730,77740,10
13.10140038,80.2126236,77740,77750,10
13.10118008,80.21320343,77750,77760,10
13.10118008,80.21321869,77760,77770,10
13.10103989,80.21354675,77770,77780,10
13.10093021,80.21382141,77780,77790,10
13.10079002,80.21417999,77790,77800,10
13.10072041,80.21440887,77800,77810,10
13.10060978,80.21465302,77810,77820,10
13.10041046,80.21508026,77820,77831,11
13.10015011,80.21568298,77831,77841,10
13.09969997,80.21678162,77841,77851,10
13.09969997,80.21678162,77851,77861,10
13.0994997,80.21749115,77861,77871,10
13.09936047,80.21833801,77871,77881,10
13.09922028,80.21914673,77881,77891,10
13.09916973,80.21952057,77891,77901,10
13.09914017,80.2197113,77901,77914,13
13.09908009,80.22003174,77914,77924,10
13.0989399,80.22075653,77924,77935,11
13.09877014,80.22161865,77935,77945,10
13.0987196,80.22252655,77945,77955,10
13.0990696,80.22341156,77955,77965,10
13.09955978,80.22418213,77965,77975,10
13.09978008,80.22502899,77975,77985,10
13.09986973,80.22560883,77985,77995,10
13.09990978,80.22572327,77995,78005,10
13.0999403,80.22612,78005,78015,10
13.09996986,80.22669983,78015,78026,11
13.10000038,80.2273407,78026,78035,9
13.09996033,80.22798157,78035,78046,11
13.09990978,80.22859192,78046,78056,10
13.09982967,80.22902679,78056,78066,10
13.09978008,80.22926331,78066,78076,10
13.09972,80.22963715,78076,78086,10
13.09951019,80.23049927,78086,78106,20
13.09951019,80.23049927,78106,78116,10
13.09947014,80.23069,78116,78127,11
13.09922028,80.23124695,78127,78137,10
13.09897041,80.23181915,78137,78147,10
13.09887028,80.23210144,78147,78157,10
13.09873962,80.2325592,78157,78167,10
13.09860039,80.23317719,78167,78177,10
13.09850025,80.2338028,78177,78187,10
13.09848976,80.23415375,78187,78197,10
13.09850025,80.23423004,78197,78207,10
13.09844971,80.23455811,78207,78217,10
13.09840012,80.23493958,78217,78228,11
13.09832954,80.23544312,78228,78238,10
13.09825993,80.23586273,78238,78248,10
13.09813976,80.23648071,78248,78258,10
13.0980196,80.23719788,78258,78268,10
13.09790993,80.23783112,78268,78278,10
13.09782982,80.23828125,78278,78288,10
13.09774017,80.23889923,78288,78298,10
13.0976696,80.23951721,78298,78308,10
13.09764004,80.23990631,78308,78318,10
13.0976696,80.24001312,78318,78329,11
13.09762001,80.24053192,78329,78339,10
13.0975399,80.24114227,78339,78349,10
13.09747982,80.24163055,78349,78359,10
13.09743977,80.2419281,78359,78369,10
13.09739017,80.24210358,78369,78379,10
13.09716988,80.24217224,78379,78389,10
13.09681988,80.24201202,78389,78399,10
13.09628963,80.24183655,78399,78409,10
13.09566021,80.24160767,78409,78419,10
13.09514999,80.24143982,78419,78430,11
13.09469986,80.24131775,78430,78440,10
13.09440994,80.24125671,78440,78450,10
13.09389973,80.24115753,78450,78460,10
13.0935297,80.24111938,78460,78470,10
13.09335995,80.2410965,78470,78480,10
13.09290028,80.24101257,78480,78490,10
13.09232044,80.2409668,78490,78500,10
13.09202003,80.24095154,78500,78510,10
13.09146023,80.24092102,78510,78520,10
13.09070015,80.2408905,78520,78531,11
13.08971977,80.24104309,78531,78541,10
13.08899975,80.24150848,78541,78551,10
13.0884304,80.2419281,78551,78560,9
13.0879097,80.24263763,78560,78571,11
13.08780003,80.24326324,78571,78581,10
13.08759975,80.24360657,78581,78591,10
13.08712006,80.24404144,78591,78601,10
13.08654022,80.24455261,78601,78611,10
13.08590984,80.24504089,78611,78621,10
13.08563042,80.24549103,78621,78632,11
13.08561993,80.24617004,78632,78642,10
13.08565998,80.24671936,78642,78651,9
13.08565998,80.24687195,78651,78662,11
13.0857296,80.24745941,78662,78672,10
13.08574009,80.24823761,78672,78682,10
13.08578014,80.24894714,78682,78692,10
13.08586979,80.25025177,78692,78733,41
13.08586979,80.25025177,78733,78743,10
13.08578968,80.25067902,78743,78753,10
13.08572006,80.25119019,78753,78763,10
13.08563995,80.25179291,78763,78774,11
13.08561993,80.25192261,78774,78784,10
13.08557034,80.25241089,78784,78794,10
13.08549976,80.25305176,78794,78804,10
13.0854702,80.25350952,78804,78814,10
13.08553028,80.25411224,78814,78824,10
13.08557034,80.25463867,78824,78835,11
13.08535957,80.2547226,78835,78845,10
13.08479977,80.25469208,78845,78855,10
13.08411026,80.25462341,78855,78865,10
13.08391953,80.2545929,78865,78875,10
13.08382034,80.25456238,78875,78885,10
13.08339977,80.25450897,78885,78895,10
13.0827198,80.25447845,78895,78905,10
13.08203983,80.25457764,78905,78915,10
13.08154011,80.25483704,78915,78925,10
13.08108044,80.25485229,78925,78936,11
13.08084011,80.25483704,78936,78946,10
13.08045006,80.25475311,78946,78976,30
13.08045006,80.25475311,78976,78986,10
13.07995987,80.25470734,78986,78996,10
13.07987022,80.25469208,78996,79006,10
13.0795002,80.25463104,79006,79016,10
13.07933044,80.25467682,79016,79027,11
13.07900047,80.25479126,79027,79037,10
13.07900047,80.25523376,79037,79047,10
13.07907009,80.25595856,79047,79057,10
13.07905006,80.25662994,79057,79067,10
13.07855988,80.25669098,79067,79076,9
13.07810974,80.25669098,79076,79087,11
13.0776701,80.25672913,79087,79097,10
13.0771904,80.2568512,79097,79107,10
13.07662964,80.25717926,79107,79117,10
13.07608032,80.25772858,79117,79128,11
13.07553959,80.25821686,79128,79139,11
13.07548046,80.25830841,79139,79149,10
13.07551956,80.2587738,79149,79159,10
13.07575035,80.25936127,79159,79169,10
13.07629967,80.25991821,79169,79179,10
13.07680988,80.26033783,79179,79189,10
13.07707977,80.26064301,79189,79199,10
13.07730961,80.26106262,79199,79209,10
13.07750034,80.26152039,79209,79219,10
13.07767963,80.26190186,79219,79230,11
13.0777998,80.26226807,79230,79250,20
13.0777998,80.26226807,79250,79260,10
13.07785034,80.26255798,79260,79280,20
13.07785034,80.26255798,79280,79290,10
13.07789993,80.26281738,79290,79300,10
13.0781002,80.26319885,79300,79310,10
13.07816982,80.26347351,79310,79320,10
13.07802963,80.26345062,79320,79341,21
13.07802963,80.26345062,79341,79351,10
13.07796955,80.26306915,79351,79361,10
13.07781029,80.26261902,79361,79371,10
13.07769966,80.26220703,79371,79381,10
13.07756042,80.26177979,79381,79391,10
13.07730961,80.26107788,79391,79421,30
13.07730961,80.26107788,79421,79432,11
13.0771904,80.26078033,79432,79442,10
13.07691956,80.26043701,79442,79452,10
13.07647038,80.26004028,79452,79462,10
13.07586956,80.25955963,79462,79472,10
13.07540035,80.25852203,79472,79502,30
13.07540035,80.25852203,79502,79512,10
13.07596016,80.25775146,79512,79522,10
13.07596016,80.25775146,79522,79533,11
13.07641029,80.25730133,79533,79543,10
13.07689953,80.25692749,79543,79553,10
13.0775404,80.25669861,79553,79563,10
13.07831955,80.25662231,79563,79573,10
13.07890034,80.25653839,79573,79586,13
13.07903957,80.25630951,79586,79596,10
13.07894039,80.25550079,79596,79606,10
13.07888985,80.25509644,79606,79616,10
13.07892036,80.25495148,79616,79626,10
13.0789299,80.25469208,79626,79637,11
13.07911015,80.25457764,79637,79647,10
13.07954025,80.25457764,79647,79657,10
13.07968044,80.25462341,79657,79667,10
13.07985973,80.25463867,79667,79677,10
13.08001041,80.25467682,79677,79687,10
13.08030033,80.25473022,79687,79697,10
13.08069992,80.25478363,79697,79707,10
13.0812397,80.25482941,79707,79717,10
13.08160019,80.25463104,79717,79728,11
13.08176994,80.25404358,79728,79738,10
13.08185959,80.25340271,79738,79748,10
13.08172989,80.25279999,79748,79758,10
13.08139038,80.25221252,79758,79768,10
13.08131027,80.25140381,79768,79778,10
13.08131981,80.2509613,79778,79788,10
13.08133984,80.25045776,79788,79798,10
13.0813303,80.25010681,79798,79808,10
13.08135033,80.24970245,79808,79819,11
13.08164978,80.24964142,79819,79830,11
13.08234024,80.24976349,79830,79840,10
13.08300018,80.24986267,79840,79850,10
13.08364964,80.24997711,79850,79860,10
13.08425999,80.25009918,79860,79870,10
13.08460045,80.25016785,79870,79880,10
13.08477974,80.25023651,79880,79890,10
13.08533001,80.25029755,79890,79900,10
13.08580971,80.25034332,79900,79910,10
13.08590031,80.25022125,79910,79920,10
13.08594036,80.25006104,79920,79931,11
13.08588982,80.24942017,79931,79941,10
13.08582973,80.2486496,79941,79951,10
13.08586025,80.24780273,79951,79961,10
13.08580971,80.24688721,79961,79971,10
13.08572006,80.2461319,79971,79981,10
13.08567047,80.24559021,79981,79991,10
13.08565998,80.24524689,79991,80001,10
13.08586025,80.24501801,80001,80011,10
13.08627987,80.24465179,80011,80021,10
13.0868597,80.24417877,80021,80032,11
13.08742046,80.24371338,80032,80042,10
13.08773994,80.24326324,80042,80052,10
13.08780003,80.24273682,80052,80062,10
13.08804035,80.24211121,80062,80072,10
13.08829021,80.24188995,80072,80082,10
13.08868027,80.24160004,80082,80092,10
13.08920956,80.24124908,80092,80102,10
13.08979034,80.24091339,80102,80112,10
13.09082031,80.24080658,80112,80122,10
13.09167004,80.24085999,80122,80133,11
13.09224033,80.24089813,80133,80143,10
13.0925703,80.24091339,80143,80153,10
13.09311962,80.2409668,80153,80163,10
13.09381962,80.24108887,80163,80173,10
13.09401989,80.24114227,80173,80183,10
13.09430027,80.24118042,80183,80193,10
13.09469032,80.24124908,80193,80203,10
13.09517956,80.24137878,80203,80213,10
13.09574032,80.24157715,80213,80223,10
13.09628963,80.24179077,80223,80234,11
13.09700012,80.24201965,80234,80244,10
13.09751987,80.24214935,80244,80254,10
13.09817982,80.24227905,80254,80264,10
13.09854031,80.24227905,80264,80274,10
13.09869957,80.24217224,80274,80284,10
13.09877968,80.24185944,80284,80294,10
13.09883022,80.24150848,80294,80304,10
13.09897041,80.24121857,80304,83963,3659
13.09904003,80.2410965,83963,84398,435
13.09904003,80.2411499,84398,84458,60
13.09904003,80.2411499,84458,84469,11
13.09902954,80.24107361,84469,84479,10
13.09895992,80.24050903,84479,84489,10
13.09895992,80.24047852,84489,84652,163
13.09895992,80.24047852,84652,84662,10
13.09895992,80.24030304,84662,84834,172
13.09895992,80.24030304,84834,84844,10
13.09891033,80.24021912,84844,84854,10
13.09914017,80.24033356,84854,84865,11
13.09901047,80.24064636,84865,84875,10
13.09899044,80.24082184,84875,84885,10
13.09897995,80.24095917,84885,84895,10
