13.01416016,80.22582245,13,1655,1642
13.01414013,80.22583771,1655,1939,284
13.0141201,80.22577667,1939,8253,6314
13.01406002,80.22583008,8253,8587,334
13.01426029,80.22582245,8587,9966,1379
13.01422024,80.22570038,9966,10148,182
13.01420021,80.22580719,10148,18662,8514
13.01420975,80.22566223,18662,19016,354
13.01422024,80.22570801,19016,19118,102
13.01418018,80.22570801,19118,19381,263
13.01432037,80.22575378,19381,19483,102
13.01428032,80.22567749,19483,19716,233
13.01414013,80.22573853,19716,20253,537
13.01412964,80.22566223,20253,20891,638
13.01414013,80.22566223,20891,21145,254
13.01414013,80.22566223,21145,21155,10
13.01418972,80.22561646,21155,21773,618
13.01418018,80.22566223,21773,23334,1561
13.01418018,80.22566223,23334,23344,10
13.01428032,80.22538757,23344,23354,10
13.01445007,80.22535706,23354,23364,10
13.01451969,80.22538757,23364,23375,11
13.01463985,80.2256012,23375,23385,10
13.01445961,80.22575378,23385,23415,30
13.01445961,80.22575378,23415,23425,10
13.01430035,80.22583771,23425,23435,10
13.01426983,80.22615051,23435,23466,31
13.01426983,80.22615051,23466,23476,10
13.01414013,80.22625732,23476,23486,10
13.01371002,80.22646332,23486,23496,10
13.01305008,80.22676086,23496,23506,10
13.01231003,80.22705078,23506,23516,10
13.01150036,80.22736359,23516,23527,11
13.01054001,80.22773743,23527,23537,10
13.0099802,80.22795868,23537,23547,10
13.00953007,80.22781372,23547,23557,10
13.00965977,80.22731018,23557,23567,10
13.00994015,80.22666931,23567,23577,10
13.01025963,80.22596741,23577,23587,10
13.01056957,80.22524261,23587,23597,10
13.01093006,80.22444153,23597,23608,11
13.01126003,80.22351837,23608,23618,10
13.01150036,80.22286987,23618,23628,10
13.01177025,80.22205353,23628,23638,10
13.01208973,80.22142792,23638,23648,10
13.01243973,80.22160339,23648,23658,10
13.0128603,80.22212982,23658,23668,10
13.01329994,80.22260284,23668,23679,11
13.01385975,80.22322083,23679,23689,10
13.0142498,80.22376251,23689,23699,10
13.01474953,80.22429657,23699,23709,10
13.01519966,80.22476959,23709,23719,10
13.01574993,80.22515106,23719,23729,10
13.01648045,80.22524261,23729,23739,10
13.01723957,80.22498322,23739,23750,11
13.01813984,80.22463226,23750,23760,10
13.01893997,80.22432709,23760,23770,10
13.01970005,80.22444153,23770,23780,10
13.02033997,80.22489929,23780,23790,10
13.02103043,80.22544098,23790,23800,10
13.02175045,80.2259903,23800,23810,10
13.02245045,80.22657776,23810,23820,10
13.02307034,80.22714233,23820,23831,11
13.0236702,80.2277298,23831,23841,10
13.02408028,80.22812653,23841,23851,10
13.02429008,80.22834015,23851,23861,10
13.02439022,80.2284317,23861,23871,10
13.02429962,80.2285614,23871,23881,10
13.02410984,80.22840881,23881,23891,10
13.02392006,80.22815704,23891,23902,11
13.0234499,80.22769928,23902,23932,30
13.0234499,80.22769928,23932,23942,10
13.02334976,80.22760773,23942,23952,10
13.02313995,80.22743988,23952,23962,10
13.02276993,80.22715759,23962,23972,10
13.02241993,80.22676849,23972,23983,11
13.02210045,80.22653198,23983,23993,10
13.02186012,80.22631836,23993,24003,10
13.02145004,80.22598267,24003,24013,10
13.02099991,80.22563171,24013,24023,10
13.02054024,80.22530365,24023,24033,10
13.01986027,80.22485352,24033,24094,61
13.01986027,80.22485352,24094,24104,10
13.01949978,80.224617,24104,24114,10
13.01887035,80.22454834,24114,24124,10
13.0181303,80.224823,24124,24135,11
13.01723003,80.22516632,24135,24145,10
13.01648045,80.2254715,24145,24155,10
13.01585007,80.22567749,24155,24165,10
13.01521015,80.22592926,24165,24175,10
13.01463985,80.22615814,24175,24185,10
13.01449966,80.22622681,24185,24195,10
13.01422024,80.22631836,24195,24206,11
13.01350975,80.22660828,24206,24216,10
13.01268005,80.22692871,24216,24226,10
13.0117197,80.22730255,24226,24236,10
13.0106802,80.22773743,24236,24246,10
13.00977039,80.22810364,24246,24256,10
13.00918007,80.2287674,24256,24266,10
13.00897026,80.22985077,24266,24276,10
13.00876999,80.23092651,24276,24287,11
13.0085001,80.23213959,24287,24297,10
13.00831985,80.233078,24297,24307,10
13.00831985,80.23323822,24307,24317,10
13.00827026,80.23358154,24317,24327,10
13.00813007,80.23416901,24327,24337,10
13.00798035,80.23499298,24337,24347,10
13.00778961,80.23592377,24347,24358,11
13.00755024,80.23706055,24358,24368,10
13.00734997,80.23805237,24368,24378,10
13.00720978,80.2388382,24378,24388,10
13.00699043,80.23995972,24388,24408,20
13.00699043,80.23995972,24408,24418,10
13.00691986,80.24009705,24418,24428,10
13.00693035,80.24040985,24428,24439,11
13.00691986,80.24060059,24439,24449,10
13.00691032,80.24082184,24449,24459,10
13.00681019,80.24137115,24459,24469,10
13.00677013,80.2421875,24469,24479,10
13.00675964,80.24291229,24479,24489,10
13.00675964,80.24398804,24489,24499,10
13.00671959,80.24491882,24499,24510,11
13.00673008,80.24594879,24510,24520,10
13.00675964,80.24717712,24520,24570,50
13.00675964,80.24717712,24570,24580,10
13.00660992,80.24739838,24580,24591,11
13.00631046,80.24743652,24591,24601,10
13.00627995,80.24743652,24601,24611,10
13.00611973,80.24745178,24611,24621,10
13.00566006,80.24742126,24621,24631,10
13.00502014,80.24742126,24631,24641,10
13.00422001,80.24749756,24641,24651,10
13.00331974,80.24764252,24651,24662,11
13.00236034,80.24778748,24662,24672,10
13.00146008,80.24801636,24672,24682,10
13.00045967,80.24826813,24682,24692,10
12.99946022,80.2485199,24692,24702,10
12.99849033,80.24878693,24702,24712,10
12.99820042,80.24887848,24712,24722,10
12.99775028,80.24897003,24722,24733,11
12.99697971,80.24915314,24733,24743,10
12.99606037,80.24936676,24743,24753,10
12.9950304,80.24965668,24753,24763,10
12.99386978,80.24996185,24763,24773,10
12.99263,80.25023651,24773,24783,10
12.9916296,80.25048065,24783,24793,10
12.99108982,80.25066376,24793,24803,10
12.99108028,80.25066376,24803,24814,11
12.99063969,80.25074768,24814,24824,10
12.99005985,80.25089264,24824,24834,10
12.98927975,80.25110626,24834,24844,10
12.9885397,80.25131989,24844,24854,10
12.98803997,80.25147247,24854,24945,91
12.98803997,80.25147247,24945,24955,10
12.98805046,80.25148773,24955,24966,11
12.98754025,80.25157928,24966,24976,10
12.98680019,80.25174713,24976,24986,10
12.98596001,80.25193787,24986,24996,10
12.98505974,80.25219727,24996,25006,10
12.98410034,80.25245667,25006,25016,10
12.98311043,80.2526474,25016,25026,10
12.98209953,80.25272369,25026,25037,11
12.98099041,80.25273895,25037,25047,10
12.98007011,80.25279236,25047,25057,10
12.9793396,80.25274658,25057,25067,10
12.97873974,80.25266266,25067,25077,10
12.97867966,80.25263977,25077,25087,10
12.97844028,80.2525177,25087,25097,10
12.97799969,80.25216675,25097,25107,10
12.97741032,80.25164032,25107,25118,11
12.97644997,80.25131226,25118,25128,10
12.97546959,80.25102234,25128,25138,10
12.97445011,80.25074005,25138,25148,10
12.97352028,80.25048065,25148,25158,10
12.97251034,80.25022125,25158,25168,10
12.97140026,80.24989319,25168,25178,10
12.97021961,80.2495575,25178,25189,11
12.96903038,80.24906158,25189,25199,10
12.96798992,80.24865723,25199,25209,10
12.9670496,80.24822998,25209,25219,10
12.96632004,80.24787903,25219,25229,10
12.96558952,80.24755859,25229,25239,10
12.96516991,80.24743652,25239,25249,10
12.96510983,80.24738312,25249,25259,10
12.96475983,80.24726105,25259,25270,11
12.96411991,80.24701691,25270,25280,10
12.96366024,80.24684906,25280,25290,10
12.96329975,80.24668121,25290,25300,10
12.96267033,80.24638367,25300,25310,10
12.96189976,80.24597931,25310,25320,10
12.96103954,80.24555969,25320,25330,10
12.96018982,80.24516296,25330,25341,11
12.95948982,80.24488831,25341,25351,10
12.9594202,80.24482727,25351,25361,10
12.95925999,80.24472046,25361,25371,10
12.9587698,80.24450684,25371,25381,10
12.95804024,80.2441864,25381,25391,10
12.95726013,80.2438736,25391,25401,10
12.9565897,80.24362183,25401,25422,21
12.9565897,80.24362183,25422,25432,10
12.95629025,80.24350739,25432,25442,10
12.95576,80.24327087,25442,25452,10
12.9549799,80.24295044,25452,25462,10
12.95403957,80.24256134,25462,25472,10
12.9530201,80.24214172,25472,25482,10
12.95224953,80.24185944,25482,25493,11
12.95180988,80.24173737,25493,25503,10
12.95168018,80.24169159,25503,25513,10
12.95125008,80.24152374,25513,25523,10
12.95051956,80.24131775,25523,25533,10
12.94960976,80.24105835,25533,25543,10
12.94878006,80.24073029,25543,25553,10
12.94797039,80.24037933,25553,25564,11
12.94731998,80.24011993,25564,25574,10
12.94719982,80.24008179,25574,25584,10
12.94674015,80.23989868,25584,25594,10
12.94604969,80.23959351,25594,25604,10
12.94528008,80.23921204,25604,25614,10
12.94454956,80.23845673,25614,25624,10
12.94379997,80.23773193,25624,25634,10
12.94314003,80.23709106,25634,25645,11
12.9421196,80.23651886,25645,25655,10
12.94112015,80.23625946,25655,25665,10
12.94029999,80.23602295,25665,25675,10
12.93978977,80.23586273,25675,25685,10
12.93970013,80.23583221,25685,25695,10
12.93925953,80.23561096,25695,25705,10
12.93854046,80.23522186,25705,25716,11
12.93758965,80.23474884,25716,25726,10
12.93659973,80.23426056,25726,25736,10
12.93568993,80.23381042,25736,25746,10
12.93476963,80.23339844,25746,25756,10
12.93404007,80.233078,25756,25766,10
12.93389988,80.23300934,25766,25776,10
12.93377972,80.2329483,25776,25786,10
12.93334007,80.23272705,25786,25797,11
12.93249989,80.2324295,25797,25807,10
12.93155956,80.2321167,25807,25817,10
12.93056011,80.23178864,25817,25827,10
12.92955017,80.23152924,25827,25837,10
12.92844963,80.23130035,25837,25847,10
12.92728996,80.23113251,25847,25857,10
12.92638969,80.23105621,25857,25868,11
12.92553997,80.23097992,25868,25878,10
12.92467976,80.23090363,25878,25888,10
12.92374039,80.23075867,25888,25898,10
12.92259979,80.23058319,25898,25908,10
12.92131042,80.23036194,25908,25918,10
12.91996956,80.23020172,25918,25928,10
12.91860008,80.2300415,25928,25938,10
12.91742039,80.22988892,25938,25949,11
12.91615963,80.22973633,25949,25959,10
12.91489983,80.22958374,25959,25969,10
12.91394997,80.22943878,25969,25979,10
12.91345024,80.22940063,25979,25989,10
12.91343975,80.22940063,25989,25999,10
12.91302967,80.22928619,25999,26009,10
12.91228962,80.22918701,26009,26020,11
12.91125011,80.22901154,26020,26030,10
12.91007996,80.2288208,26030,26040,10
12.90886974,80.22860718,26040,26050,10
12.90769958,80.2284317,26050,26060,10
12.90684032,80.22840118,26060,26070,10
12.90635014,80.22834778,26070,26080,10
12.90612984,80.22831726,26080,26090,10
12.90554047,80.228302,26090,26101,11
12.90454006,80.22821808,26101,26111,10
12.90353966,80.22815704,26111,26121,10
12.90260029,80.2281189,26121,26131,10
12.90221977,80.22810364,26131,26151,20
12.90221977,80.22810364,26151,26161,10
12.90209007,80.22810364,26161,26172,11
12.90165043,80.22805786,26172,26182,10
12.90112019,80.2280426,26182,26192,10
12.90071011,80.22798157,26192,26202,10
12.90036011,80.22799683,26202,26212,10
12.90001965,80.22798157,26212,26222,10
12.89978027,80.2279892,26222,26232,10
12.89972019,80.22796631,26232,26243,11
12.89923,80.22794342,26243,26253,10
12.89861012,80.22789764,26253,26263,10
12.89787006,80.22782135,26263,26273,10
12.89690971,80.22776794,26273,26283,10
12.89583969,80.22770691,26283,26293,10
12.89478016,80.22766113,26293,26303,10
12.89336014,80.22756958,26303,26334,31
12.89336014,80.22756958,26334,26344,10
12.8930397,80.22753906,26344,26354,10
12.89262009,80.22747803,26354,26364,10
12.89233017,80.22744751,26364,26374,10
12.89165974,80.22741699,26374,26384,10
12.89080048,80.22741699,26384,26395,11
12.88963985,80.22738647,26395,26405,10
12.88858986,80.22737122,26405,26415,10
12.88761044,80.22730255,26415,26425,10
12.88654041,80.2270813,26425,26435,10
12.88543987,80.2268219,26435,26445,10
12.88492012,80.22676086,26445,26455,10
12.88469982,80.22675323,26455,26465,10
12.88405991,80.22673798,26465,26476,11
12.88309956,80.22675323,26476,26486,10
12.88206005,80.22678375,26486,26496,10
12.88086033,80.22679901,26496,26506,10
12.87954044,80.22679901,26506,26516,10
12.87814999,80.22686005,26516,26526,10
12.87701988,80.22698212,26526,26536,10
12.8764801,80.22704315,26536,26547,11
12.87623978,80.22705841,26547,26557,10
12.87561989,80.22701263,26557,26567,10
12.87477016,80.22691345,26567,26577,10
12.87370968,80.22679138,26577,26587,10
12.87298965,80.22676849,26587,26597,10
12.87285995,80.22676086,26597,26607,10
12.87263966,80.22675323,26607,26617,10
12.87203979,80.22676086,26617,26628,11
12.87137985,80.22670746,26628,26638,10
12.87094021,80.22672272,26638,26648,10
12.87020969,80.22664642,26648,26658,10
12.86929989,80.22653961,26658,26668,10
12.86816025,80.22644043,26668,26678,10
12.86699009,80.2265625,26678,26688,10
12.86577988,80.22666168,26688,26699,11
12.86437988,80.22662354,26699,26709,10
12.86303043,80.22657776,26709,26719,10
12.86176014,80.22663879,26719,26729,10
12.86098003,80.22663879,26729,26739,10
12.86013985,80.22653198,26739,26749,10
12.85908031,80.22638702,26749,26759,10
12.85824966,80.22631836,26759,26769,10
12.8572197,80.22635651,26769,26780,11
12.85589027,80.22650146,26780,26790,10
12.85459042,80.22662354,26790,26800,10
12.85323048,80.22673798,26800,26810,10
12.85181046,80.22673035,26810,26820,10
12.85037041,80.22664642,26820,26830,10
12.84891033,80.22662354,26830,26840,10
12.84745979,80.22663116,26840,26851,11
12.84613037,80.22662354,26851,26861,10
12.84558964,80.22664642,26861,26871,10
12.84556007,80.22664642,26871,26881,10
12.8452301,80.22666168,26881,26891,10
12.84486961,80.22673798,26891,26901,10
12.84451962,80.22678375,26901,26911,10
12.84385014,80.22682953,26911,26921,10
12.84294033,80.22698212,26921,26932,11
12.84171963,80.22720337,26932,26942,10
12.84051991,80.2275238,26942,26952,10
12.83983994,80.22767639,26952,26962,10
12.83963013,80.2277298,26962,26972,10
12.83942986,80.22779846,26972,26982,10
12.83880997,80.2279892,26982,26992,10
12.83794022,80.22820282,26992,27003,11
12.83672047,80.22840118,27003,27013,10
12.83551025,80.22857666,27013,27023,10
12.83425045,80.22878265,27023,27033,10
12.83304024,80.22899628,27033,27043,10
12.83261013,80.22910309,27043,27053,10
12.8325901,80.22911835,27053,27063,10
12.83216953,80.22918701,27063,27074,11
12.83141041,80.22937012,27074,27084,10
12.83053017,80.22966766,27084,27094,10
12.82946014,80.23007965,27094,27104,10
12.82833958,80.23062897,27104,27114,10
12.82715988,80.23124695,27114,27124,10
12.82590961,80.23142242,27124,27134,10
12.82460022,80.23139954,27134,27144,10
12.82326984,80.23104095,27144,27155,11
12.82176971,80.23061371,27155,27165,10
12.82042027,80.23052979,27165,27175,10
12.81931019,80.23055267,27175,27185,10
12.81898975,80.23055267,27185,27195,10
12.8186903,80.23046112,27195,27205,10
12.81801987,80.2301178,27205,27215,10
12.81707954,80.22975159,27215,27225,10
12.81587029,80.22947693,27225,27236,11
12.81443024,80.22927856,27236,27246,10
12.81320953,80.22891998,27246,27256,10
12.81194973,80.22846222,27256,27266,10
12.81064034,80.22795105,27266,27276,10
12.80947971,80.22746277,27276,27286,10
12.80860996,80.22688293,27286,27296,10
12.80776024,80.2261734,27296,27307,11
12.80716991,80.22563934,27307,27317,10
12.8066597,80.22515869,27317,27327,10
12.80613995,80.22470856,27327,27337,10
12.80562019,80.22431183,27337,27347,10
12.80500984,80.22408295,27347,27367,20
12.80500984,80.22408295,27367,27378,11
12.80490971,80.22405243,27378,27388,10
12.80447006,80.22400665,27388,27398,10
12.80375004,80.22393799,27398,27408,10
12.80284977,80.22386169,27408,27418,10
12.80171967,80.22371674,27418,27428,10
12.80091953,80.22364807,27428,27438,10
12.80078983,80.22364044,27438,27448,10
12.80021954,80.22357941,27448,27459,11
12.79930973,80.22348022,27459,27469,10
12.79819012,80.22338104,27469,27479,10
12.79687977,80.22319031,27479,27489,10
12.79596996,80.22305298,27489,27499,10
12.7958498,80.22303009,27499,27509,10
12.79539967,80.22292328,27509,27519,10
12.79459,80.22279358,27519,27530,11
12.79343987,80.22261047,27530,27540,10
12.79228973,80.22241974,27540,27550,10
12.79119968,80.22213745,27550,27560,10
12.79008961,80.2218399,27560,27570,10
12.78923988,80.22155762,27570,27580,10
12.78837013,80.22122955,27580,27590,10
12.78754044,80.22090912,27590,27600,10
12.78635025,80.22048187,27600,27621,21
12.78635025,80.22048187,27621,27631,10
12.78623009,80.22044373,27631,27641,10
12.78619003,80.22077942,27641,27651,10
12.78621006,80.22116852,27651,27661,10
12.78625011,80.22158813,27661,27671,10
12.78627968,80.2218399,27671,27682,11
12.78629017,80.22212982,27682,29171,1489
12.78629017,80.22212982,29171,29182,11
12.78629017,80.22180176,29182,29192,10
12.78623962,80.22164154,29192,29202,10
12.78621006,80.22142792,29202,29212,10
12.78617954,80.22122192,29212,29222,10
12.78619003,80.22094727,29222,29232,10
12.78617001,80.22068024,29232,29242,10
12.78617954,80.22048187,29242,29252,10
12.78623009,80.22033691,29252,29263,11
12.78635025,80.22033691,29263,29273,10
12.7865696,80.22044373,29273,29303,30
12.7865696,80.22044373,29303,29313,10
12.78687954,80.22051239,29313,29323,10
12.78726959,80.22065735,29323,29334,11
12.78779984,80.22087097,29334,29344,10
12.78839016,80.22109222,29344,29354,10
12.78903961,80.22135162,29354,29364,10
12.78960037,80.2215271,29364,29374,10
12.79001999,80.22167206,29374,29384,10
12.7906599,80.22180939,29384,29394,10
12.79144955,80.22202301,29394,29405,11
12.79232025,80.222229,29405,29415,10
12.79325008,80.22242737,29415,29425,10
12.79428005,80.22257996,29425,29435,10
12.79535961,80.22274017,29435,29445,10
12.79617977,80.22286224,29445,29455,10
12.79634953,80.2228775,29455,29465,10
12.79666042,80.22293854,29465,29475,10
12.79722977,80.22306824,29475,29486,11
12.79813004,80.22319794,29486,29496,10
12.79903984,80.22329712,29496,29506,10
12.80006027,80.2233963,29506,29516,10
12.8010397,80.22350311,29516,29526,10
12.80144024,80.22354126,29526,29536,10
12.80167961,80.22357178,29536,29546,10
12.80230999,80.22363281,29546,29557,11
12.80321026,80.22373199,29557,29567,10
12.80418015,80.22380066,29567,29577,10
12.80502033,80.22390747,29577,29587,10
12.80550003,80.22405243,29587,29597,10
12.80550957,80.22406006,29597,29607,10
12.80572987,80.22418976,29607,29617,10
12.80617046,80.22454071,29617,29627,10
12.80681038,80.22509766,29627,29638,11
12.80764008,80.22582245,29638,29648,10
12.80852985,80.22657013,29648,29658,10
12.80943966,80.22725677,29658,29668,10
12.81052017,80.22776794,29668,29678,10
12.81169987,80.22821808,29678,29688,10
12.81285,80.22862244,29688,29698,10
12.81406021,80.22904205,29698,29709,11
12.81540012,80.22927094,29709,29719,10
12.81663036,80.2294693,29719,29729,10
12.81776047,80.22985077,29729,29739,10
12.8186903,80.23027039,29739,29749,10
12.81951046,80.23040009,29749,29759,10
12.81968021,80.23040009,29759,29769,10
12.81987,80.23042297,29769,29779,10
12.82056046,80.23040009,29779,29790,11
12.82145023,80.2304306,29790,29800,10
12.82250023,80.23066711,29800,29810,10
12.82363033,80.23101044,29810,29820,10
12.82483959,80.23129272,29820,29830,10
12.82610989,80.23132324,29830,29840,10
12.82721996,80.23111725,29840,29850,10
12.82798958,80.23071289,29850,29861,11
12.82903004,80.23016357,29861,29871,10
12.8301096,80.2297287,29871,29881,10
12.83088017,80.22939301,29881,29891,10
12.83102989,80.22933197,29891,29901,10
12.83113003,80.22928619,29901,29911,10
12.83148003,80.22915649,29911,29952,41
12.83148003,80.22915649,29952,29962,10
12.83183956,80.22907257,29962,29972,10
12.83242035,80.22897339,29972,29982,10
12.83320999,80.2288208,29982,29992,10
12.83419991,80.22866821,29992,30002,10
12.83532047,80.22846985,30002,30013,11
12.83666039,80.22828674,30013,30023,10
12.83786011,80.22811127,30023,30033,10
12.83882999,80.22783661,30033,30043,10
12.83928013,80.22769928,30043,30053,10
12.83940029,80.22766113,30053,30063,10
12.83955956,80.2276001,30063,30073,10
12.83985043,80.2275238,30073,30083,10
12.84045029,80.22737122,30083,30094,11
12.84136009,80.22711945,30094,30104,10
12.84228992,80.22689819,30104,30114,10
12.84335995,80.22672272,30114,30124,10
12.84436035,80.22659302,30124,30134,10
12.84533024,80.22647858,30134,30154,20
12.84533024,80.22647858,30154,30165,11
12.84552002,80.22650909,30165,30175,10
12.84582996,80.22648621,30175,30185,10
12.84648037,80.22647858,30185,30195,10
12.84735966,80.22647095,30195,30205,10
12.84838963,80.22648621,30205,30215,10
12.84951973,80.22647858,30215,30225,10
12.85060978,80.22647858,30225,30236,11
12.85196972,80.22653961,30236,30246,10
12.85326004,80.22660065,30246,30256,10
12.85457039,80.22647095,30256,30266,10
12.85593033,80.22634125,30266,30276,10
12.85731983,80.22618103,30276,30286,10
12.85867023,80.2261734,30286,30296,10
12.86001968,80.22634888,30296,30306,10
12.86073971,80.22644043,30306,30317,11
12.86077976,80.22644806,30317,30327,10
12.86122036,80.22646332,30327,30337,10
12.86196995,80.22646332,30337,30347,10
12.86285973,80.22641754,30347,30357,10
12.86390018,80.22644043,30357,30367,10
12.86503983,80.22647858,30367,30377,10
12.86622047,80.22646332,30377,30388,11
12.86744022,80.22634125,30388,30398,10
12.86870956,80.22628021,30398,30408,10
12.8700304,80.22646332,30408,30418,10
12.87129974,80.2265625,30418,30428,10
12.87215996,80.2265625,30428,30438,10
12.87261963,80.2265625,30438,30458,20
12.87261963,80.2265625,30458,30469,11
12.87275982,80.22662354,30469,30479,10
12.87399006,80.22666168,30479,30489,10
12.87399006,80.22666168,30489,30499,10
12.87491035,80.22679138,30499,30509,10
12.87598991,80.22689056,30509,30519,10
12.87662029,80.22683716,30519,30529,10
12.87666988,80.22683716,30529,30540,11
12.87685013,80.22683716,30540,30550,10
12.8774004,80.22679138,30550,30560,10
12.87821007,80.22672272,30560,30570,10
12.87907982,80.22666931,30570,30580,10
12.88033962,80.22663879,30580,30590,10
12.88158989,80.22662354,30590,30600,10
12.88282967,80.22660828,30600,30610,10
12.88409996,80.22660828,30610,30621,11
12.88516045,80.22657776,30621,30641,20
12.88516045,80.22657776,30641,30651,10
12.88521957,80.22662354,30651,30661,10
12.88570023,80.22672272,30661,30671,10
12.88642979,80.22692108,30671,30681,10
12.88733959,80.22712708,30681,30692,11
12.88840008,80.22725677,30692,30702,10
12.88951015,80.22727966,30702,30712,10
12.89072037,80.22727203,30712,30722,10
12.89194965,80.22727203,30722,30732,10
12.89256001,80.22731018,30732,30742,10
12.89319992,80.22737885,30742,30752,10
12.89398956,80.2274704,30752,30762,10
12.89488983,80.22753906,30762,30773,11
12.89608002,80.22759247,30773,30783,10
12.89729977,80.22763824,30783,30793,10
12.89857006,80.22772217,30793,30803,10
12.89974022,80.22779846,30803,30813,10
12.90040016,80.22776031,30813,30833,20
12.90040016,80.22776031,30833,30844,11
12.90073013,80.2277832,30844,30854,10
12.90102005,80.22783661,30854,30864,10
12.90137005,80.22788239,30864,30874,10
12.90190029,80.22788239,30874,30884,10
12.90297985,80.2279129,30884,30904,20
12.90297985,80.2279129,30904,30914,10
12.90316963,80.2279129,30914,30925,11
12.90377045,80.2279892,30925,30935,10
12.90445995,80.22805023,30935,30945,10
12.90528965,80.22810364,30945,30955,10
12.90622997,80.22815704,30955,30965,10
12.90678978,80.22821045,30965,30975,10
12.9068203,80.22821045,30975,30985,10
12.90713978,80.2282486,30985,30996,11
12.90787029,80.22834015,30996,31006,10
12.90872002,80.22849274,31006,31016,10
12.90977955,80.22868347,31016,31026,10
12.91098022,80.22885132,31026,31036,10
12.91224957,80.22901917,31036,31046,10
12.91394043,80.2292099,31046,31077,31
12.91394043,80.2292099,31077,31087,10
12.91394997,80.22915649,31087,31097,10
12.91436005,80.22924805,31097,31107,10
12.91501999,80.2293396,31107,31117,10
12.91586018,80.22947693,31117,31127,10
12.9168396,80.22962189,31127,31137,10
12.9178896,80.22976685,31137,31148,11
12.91909027,80.2299118,31148,31158,10
12.92024994,80.23007965,31158,31168,10
12.92146969,80.23023987,31168,31178,10
12.92263985,80.23043823,31178,31188,10
12.9238596,80.23059845,31188,31198,10
12.92500973,80.23074341,31198,31208,10
12.92599964,80.23084259,31208,31219,11
12.92632961,80.23087311,31219,31229,10
12.92636013,80.23088074,31229,31239,10
12.92675018,80.23094177,31239,31249,10
12.92737961,80.23103333,31249,31259,10
12.9281702,80.23113251,31259,31269,10
12.92868042,80.23120117,31269,31279,10
12.92924976,80.23130035,31279,31289,10
12.93000031,80.23148346,31289,31300,11
12.9309597,80.2317276,31300,31310,10
12.93190956,80.23200989,31310,31320,10
12.93292046,80.23236084,31320,31330,10
12.93360043,80.23265839,31330,31350,20
12.93360043,80.23265839,31350,31360,10
12.93367004,80.2326889,31360,31371,11
12.9340601,80.23291016,31371,31381,10
12.93472004,80.2332077,31381,31391,10
12.93550014,80.23352051,31391,31401,10
12.93638039,80.2339325,31401,31411,10
12.93735027,80.23439789,31411,31421,10
12.93838978,80.23491669,31421,31431,10
12.9394598,80.23542786,31431,31452,21
12.9394598,80.23542786,31452,31462,10
12.93953991,80.23549652,31462,31472,10
12.93984032,80.23558807,31472,31482,10
12.9406004,80.23586273,31482,31492,10
12.94149017,80.23607635,31492,31502,10
12.94231987,80.23634338,31502,31512,10
12.94312954,80.23674774,31512,31523,11
12.94382954,80.23744202,31523,31533,10
12.94449043,80.23815918,31533,31543,10
12.94528961,80.2389679,31543,31553,10
12.94620037,80.23947906,31553,31563,10
12.94707012,80.23983002,31563,31573,10
12.94715977,80.23986053,31573,31583,10
12.94719982,80.23989105,31583,31594,11
12.94766045,80.24008179,31594,31604,10
12.94830036,80.24034119,31604,31614,10
12.94886017,80.24053955,31614,31654,40
12.94886017,80.24053955,31654,31664,10
12.94902992,80.2406311,31664,31675,11
12.94948006,80.24080658,31675,31685,10
12.94997978,80.24095917,31685,31695,10
12.95063019,80.24117279,31695,31705,10
12.9509697,80.24125671,31705,31715,10
12.9509697,80.24127197,31715,31725,10
12.95110035,80.24131775,31725,31735,10
12.95133018,80.24138641,31735,31746,11
12.95188999,80.24160767,31746,31756,10
12.95258045,80.24185181,31756,31766,10
12.95337009,80.24215698,31766,31776,10
12.9539299,80.24234009,31776,31786,10
12.95446968,80.2425766,31786,31796,10
12.9551096,80.24284363,31796,31806,10
12.95571995,80.24308014,31806,31816,10
12.95631027,80.24337006,31816,31827,11
12.95646954,80.24344635,31827,31837,10
12.9569397,80.24363708,31837,31847,10
12.95765972,80.243927,31847,31857,10
12.95843983,80.24423981,31857,31867,10
12.95884037,80.24436188,31867,31877,10
12.95893955,80.2443924,31877,31887,10
12.95928955,80.24453735,31887,31898,11
12.95998001,80.24482727,31898,31908,10
12.96078014,80.24521637,31908,31918,10
12.96166992,80.24568939,31918,31928,10
12.96263981,80.24617004,31928,31938,10
12.96325016,80.24642181,31938,31989,51
12.96325016,80.24642181,31989,31999,10
12.96339989,80.24645996,31999,32009,10
12.96368027,80.24664307,32009,32019,10
12.96420002,80.24685669,32019,32029,10
12.96490002,80.24710846,32029,32039,10
12.96570969,80.24736786,32039,32050,11
12.96634007,80.24764252,32050,32060,10
12.96648979,80.24770355,32060,32070,10
12.96648979,80.24771118,32070,32080,10
12.96667957,80.24781799,32080,32090,10
12.96714973,80.24807739,32090,32100,10
12.96790028,80.24835968,32100,32110,10
12.96879959,80.24862671,32110,32121,11
12.96994972,80.24913788,32121,32131,10
12.97111988,80.24958801,32131,32141,10
12.97229958,80.24992371,32141,32151,10
12.97340012,80.25019073,32151,32161,10
12.97453022,80.25050354,32161,32171,10
12.97572041,80.25086212,32171,32181,10
12.97690964,80.25119019,32181,32191,10
12.97791004,80.25179291,32191,32202,11
12.97856998,80.25228119,32202,32212,10
12.97858047,80.25228119,32212,32222,10
12.97887993,80.25245667,32222,32232,10
12.97945023,80.25254822,32232,32242,10
12.97972965,80.25256348,32242,32293,51
12.97972965,80.25256348,32293,32303,10
12.98007011,80.25254059,32303,32313,10
12.98064041,80.25257111,32313,32323,10
12.98143959,80.25257111,32323,32333,10
12.98241997,80.25254059,32333,32343,10
12.98357964,80.25241852,32343,32354,11
12.98490047,80.25206757,32354,32364,10
12.98577023,80.25182343,32364,32374,10
12.98647976,80.25164032,32374,32384,10
12.98715019,80.2514267,32384,32394,10
12.98770046,80.25128174,32394,32404,10
12.98826981,80.25115967,32404,32414,10
12.98910046,80.25092316,32414,32425,11
12.98935986,80.25083923,32425,32435,10
12.98937035,80.25083923,32435,32445,10
12.98976994,80.2507782,32445,32455,10
12.9904604,80.25063324,32455,32465,10
12.99131966,80.25041199,32465,32475,10
12.99234009,80.25016022,32475,32485,10
12.99355984,80.24987793,32485,32495,10
12.99479961,80.24954987,32495,32506,11
12.99615955,80.24918365,32506,32516,10
12.99658966,80.24904633,32516,32526,10
12.99678993,80.24900818,32526,32536,10
12.99736977,80.24884033,32536,32546,10
12.99822998,80.24865723,32546,32556,10
12.99925041,80.24842072,32556,32566,10
13.00039005,80.24815369,32566,32577,11
13.00177002,80.24780273,32577,32587,10
13.00294018,80.24755859,32587,32597,10
13.00417042,80.2473526,32597,32607,10
13.0053196,80.24720001,32607,32617,10
13.0060997,80.24693298,32617,32627,10
13.00646019,80.24652863,32627,32637,10
13.00648975,80.24643707,32637,32647,10
13.00656033,80.24601746,32647,32658,11
13.00660038,80.24519348,32658,32668,10
13.00660038,80.24433899,32668,32678,10
13.00658989,80.24347687,32678,32688,10
13.00656033,80.24262238,32688,32698,10
13.00656986,80.24162292,32698,32708,10
13.00666046,80.24080658,32708,32718,10
13.0067997,80.24015808,32718,32729,11
13.00695992,80.2394104,32729,32739,10
13.00712013,80.23845673,32739,32749,10
13.00728989,80.23753357,32749,32759,10
13.00737,80.23693848,32759,32769,10
13.00737,80.23692322,32769,32779,10
13.00749969,80.23651886,32779,32789,10
13.00763035,80.23586273,32789,32799,10
13.00778961,80.2350769,32799,32810,11
13.00798035,80.23410034,32810,32820,10
13.00821972,80.23298645,32820,32830,10
13.00839996,80.23197937,32830,32840,10
13.00866032,80.23059082,32840,32850,10
13.00889015,80.22942352,32850,32860,10
13.00914955,80.22843933,32860,32870,10
13.00955009,80.2273407,32870,32881,11
13.01004028,80.22628021,32881,32891,10
13.01037025,80.22563934,32891,32901,10
13.0106802,80.22502136,32901,32911,10
13.01086998,80.22444916,32911,32921,10
13.01111984,80.22386169,32921,32931,10
13.01111984,80.22370911,32931,32941,10
13.01123047,80.22348022,32941,32951,10
13.01144028,80.22306061,32951,32962,11
13.01167965,80.22239685,32962,32972,10
13.01202965,80.22151947,32972,32982,10
13.0124197,80.22142029,32982,32992,10
13.01272964,80.22200775,32992,33002,10
13.01319981,80.22254181,33002,33012,10
13.01371002,80.22312164,33012,33022,10
13.01420975,80.22364044,33022,33033,11
13.01457024,80.22418976,33033,33043,10
13.01500034,80.224617,33043,33053,10
13.01523972,80.2248764,33053,33063,10
13.01570034,80.22506714,33063,33083,20
13.01570034,80.22506714,33083,33093,10
13.01595974,80.22518158,33093,33103,10
13.01651955,80.2252121,33103,33114,11
13.01723957,80.22499084,33114,33124,10
13.01805973,80.22467041,33124,33134,10
13.01879025,80.22438049,33134,33144,10
13.01949978,80.22434998,33144,33185,41
13.01949978,80.22434998,33185,33195,10
13.01966953,80.22445679,33195,33205,10
13.01988029,80.22457886,33205,33215,10
13.02019978,80.22483063,33215,33225,10
13.02070045,80.22518158,33225,33235,10
13.02116013,80.22557831,33235,33245,10
13.02169991,80.2259903,33245,33256,11
13.02235985,80.22650146,33256,33266,10
13.02303028,80.22708893,33266,33276,10
13.02355957,80.22757721,33276,33286,10
13.02398968,80.22796631,33286,33296,10
13.02418041,80.22817993,33296,33306,10
13.02437973,80.22840881,33306,33357,51
13.02437973,80.22840881,33357,33367,10
13.02443981,80.22846222,33367,33377,10
13.02441025,80.2285614,33377,33387,10
13.02418995,80.22850037,33387,33397,10
13.02355003,80.22781372,33397,33448,51
13.0233202,80.22756195,33448,34005,557
13.0233202,80.22756195,34005,34016,11
13.02322006,80.22747803,34016,34026,10
13.02295971,80.227211,34026,34036,10
13.02266026,80.22692108,34036,34046,10
13.02262974,80.22689819,34046,34056,10
13.02248001,80.22673798,34056,34066,10
13.02229977,80.22660065,34066,34076,10
13.02208996,80.22644806,34076,34087,11
13.02167988,80.22611237,34087,34097,10
13.02122021,80.22570801,34097,34107,10
13.02062035,80.22528076,34107,34117,10
13.02000046,80.22489166,34117,34137,20
13.02000046,80.22489166,34137,34147,10
13.0199604,80.22485352,34147,34157,10
13.0195303,80.22460938,34157,34168,11
13.01875973,80.22457123,34168,34178,10
13.01797009,80.22486877,34178,34188,10
13.01714039,80.22519684,34188,34198,10
13.01657963,80.22543335,34198,34208,10
13.01622009,80.22556305,34208,34218,10
13.01564026,80.2257309,34218,34228,10
13.01496029,80.22601318,34228,34239,11
13.01439953,80.22624969,34239,34249,10
13.01438046,80.22624969,34249,34259,10
13.01422977,80.22628784,34259,34269,10
13.01403046,80.22637939,34269,34279,10
13.01354027,80.22657013,34279,34289,10
13.01282024,80.22683716,34289,34299,10
13.01193047,80.22718048,34299,34310,11
13.01086044,80.22763062,34310,34320,10
13.00986004,80.22805786,34320,34330,10
13.00916958,80.22868347,34330,34340,10
13.00895023,80.22975922,34340,34350,10
13.0087204,80.23088074,34350,34360,10
13.00860023,80.23168182,34360,34370,10
13.00842953,80.23251343,34370,34380,10
13.00831985,80.23343658,34380,34421,41
13.00831985,80.23343658,34421,34431,10
13.00821972,80.23365784,34431,34441,10
13.00809956,80.23407745,34441,34451,10
13.00796032,80.23487854,34451,34462,11
13.00772953,80.23590088,34462,34472,10
13.00753975,80.23693085,34472,34482,10
13.00734997,80.2379303,34482,34492,10
13.00716972,80.23885345,34492,34502,10
13.00699043,80.23990631,34502,34553,51
13.00699043,80.23990631,34553,34563,10
13.00693989,80.24047852,34563,34573,10
13.00691032,80.24063873,34573,34583,10
13.00689983,80.24088287,34583,34593,10
13.00685024,80.24136353,34593,34603,10
13.00677967,80.24223328,34603,34614,11
13.00671959,80.24315643,34614,34624,10
13.00671959,80.24388885,34624,34633,9
13.00671959,80.24481964,34633,34644,11
13.00671959,80.2457962,34644,34654,10
13.00673962,80.24645996,34654,34664,10
13.00675011,80.24690247,34664,34674,10
13.00664043,80.24736786,34674,34684,10
13.0061903,80.24739838,34684,34695,11
13.00617981,80.24739838,34695,34705,10
13.00597,80.24742889,34705,34715,10
13.00541019,80.24739075,34715,34725,10
13.00459003,80.24741364,34725,34735,10
13.00362015,80.24754333,34735,34745,10
13.00251961,80.24775696,34745,34755,10
13.00137043,80.24799347,34755,34766,11
13.0,80.24833679,34766,34776,10
12.99876976,80.24867249,34776,34786,10
12.99827957,80.24884796,34786,34796,10
12.99822044,80.24884033,34796,34806,10
12.99773979,80.24891663,34806,34816,10
12.99699974,80.2490921,34816,34826,10
12.99606991,80.24931335,34826,34836,10
12.99485016,80.24961853,34836,34847,11
12.99361992,80.24993134,34847,34857,10
12.9923296,80.2502594,34857,34867,10
12.99137974,80.25054169,34867,34877,10
12.99123001,80.25058746,34877,34887,10
12.99092007,80.2506485,34887,34897,10
12.99022961,80.2508316,34897,34907,10
12.9893198,80.25105286,34907,34918,11
12.98845005,80.25125885,34918,34928,10
12.98801994,80.25140381,34928,34938,10
12.98750019,80.25154877,34938,34948,10
12.98692036,80.25170898,34948,34958,10
12.98620033,80.2518692,34958,34968,10
12.98530006,80.25212097,34968,34978,10
12.98419952,80.25240326,34978,34988,10
12.9829998,80.2526474,34988,34999,11
12.98204041,80.25269318,34999,35009,10
12.98120022,80.25272369,35009,35019,10
12.9809103,80.25274658,35019,35029,10
12.98083973,80.25276184,35029,35039,10
12.98066998,80.25276184,35039,35049,10
12.98015976,80.2527771,35049,35059,10
12.97980022,80.25274658,35059,35070,11
12.97922993,80.25267792,35070,35080,10
12.97881985,80.25263977,35080,35090,10
12.97881031,80.25263977,35090,35100,10
12.97854996,80.25256348,35100,35110,10
12.97793007,80.25208282,35110,35120,10
12.97717953,80.25150299,35120,35130,10
12.97609997,80.25115967,35130,35141,11
12.97476006,80.25076294,35141,35151,10
12.97358036,80.25041962,35151,35161,10
12.97239971,80.2501297,35161,35171,10
12.97117996,80.24980164,35171,35181,10
12.97000027,80.24945068,35181,35191,10
12.96881008,80.24897766,35191,35201,10
12.9676199,80.24848938,35201,35211,10
12.96665001,80.24800873,35211,35222,11
12.96576977,80.24759674,35222,35232,10
12.96510029,80.24739838,35232,35242,10
12.96498966,80.24736786,35242,35252,10
12.96477985,80.24730682,35252,35262,10
12.96420956,80.24707031,35262,35272,10
12.96345997,80.24674225,35272,35282,10
12.96251011,80.24629211,35282,35293,11
12.96127987,80.24568939,35293,35303,10
12.96018982,80.24520111,35303,35313,10
12.95987988,80.24507904,35313,35323,10
12.95971966,80.24501801,35323,35333,10
12.95952034,80.24494171,35333,35343,10
12.95923996,80.24478912,35343,35353,10
12.95847034,80.24443817,35353,35363,10
12.95779991,80.24417114,35363,35374,11
12.95660019,80.24378204,35374,35424,50
12.95660019,80.24378204,35424,35434,10
12.95602036,80.24355316,35434,35445,11
12.95532036,80.24317932,35445,35455,10
12.95452976,80.24282074,35455,35465,10
12.95372009,80.24246216,35465,35475,10
12.95281982,80.24211121,35475,35485,10
12.95203972,80.24183655,35485,35495,10
12.95174026,80.24175262,35495,35505,10
12.95158005,80.24169922,35505,35515,10
12.95106983,80.24150085,35515,35526,11
12.95046997,80.24133301,35526,35536,10
12.95022964,80.24130249,35536,35546,10
12.94972992,80.2410965,35546,35556,10
12.94931984,80.24098206,35556,35566,10
12.9488802,80.24082184,35566,35576,10
12.94816017,80.2405014,35576,35586,10
12.94764042,80.24027252,35586,35597,11
12.94758034,80.240242,35597,35607,10
12.94717979,80.24006653,35607,35617,10
12.94653988,80.23979187,35617,35627,10
12.94575024,80.23943329,35627,35637,10
12.94499969,80.23892212,35637,35647,10
12.94435024,80.23818207,35647,35657,10
12.94371986,80.23747253,35657,35667,10
12.94318008,80.23699188,35667,35678,11
12.94225025,80.23651886,35678,35688,10
12.94112968,80.23621368,35688,35698,10
12.94013977,80.23596954,35698,35708,10
12.93980026,80.23583221,35708,35718,10
12.93978024,80.2358017,35718,35728,10
12.93937969,80.23562622,35728,35738,10
12.93863964,80.23526764,35738,35749,11
12.93764019,80.23480225,35749,35759,10
12.93673992,80.23435211,35759,35769,10
12.93628979,80.23413086,35769,35779,10
12.93591976,80.23394012,35779,35789,10
12.93540001,80.23370361,35789,35799,10
12.93470955,80.2334137,35799,35809,10
12.93410969,80.23319244,35809,35819,10
12.93408966,80.23316956,35819,35830,11
12.93397999,80.23306274,35830,35840,10
12.93377018,80.23293304,35840,35850,10
12.93319988,80.23271942,35850,35860,10
12.93237972,80.23243713,35860,35870,10
12.93136978,80.23210144,35870,35880,10
12.93021965,80.23174286,35880,35890,10
12.9292202,80.23148346,35890,35901,11
12.92840958,80.23133087,35901,35911,10
12.92745018,80.23116302,35911,35921,10
12.92640018,80.23101044,35921,35931,10
12.92591,80.23101044,35931,35941,10
12.92553997,80.23095703,35941,35951,10
12.92502022,80.23092651,35951,35961,10
12.9239502,80.23079681,35961,35971,10
12.92284966,80.2306366,35971,35982,11
12.92150021,80.23043823,35982,35992,10
12.92022038,80.23023987,35992,36002,10
12.91889,80.23005676,36002,36012,10
12.91753006,80.22988129,36012,36022,10
12.91611958,80.22969818,36022,36032,10
12.91479015,80.22952271,36032,36042,10
12.91329956,80.2293396,36042,36063,21
12.91329956,80.2293396,36063,36073,10
12.91300011,80.22927856,36073,36083,10
12.91238022,80.22917938,36083,36093,10
12.91149044,80.22905731,36093,36103,10
12.91036987,80.22889709,36103,36113,10
12.9091301,80.22870636,36113,36123,10
12.90777016,80.22850037,36123,36134,11
12.90672016,80.22836304,36134,36144,10
12.90629959,80.22834778,36144,36154,10
12.9061203,80.22828674,36154,36164,10
12.90565968,80.22828674,36164,36174,10
12.90485954,80.22824097,36174,36184,10
12.9038496,80.22815704,36184,36194,10
12.90262032,80.22808838,36194,36205,11
12.9011097,80.22807312,36205,36276,71
12.9011097,80.22807312,36276,36286,10
12.90095997,80.2280426,36286,36296,10
12.90054989,80.2279892,36296,36306,10
12.90040016,80.22799683,36306,36316,10
12.90001965,80.22795105,36316,36326,10
12.89929008,80.22789764,36326,36336,10
12.89838028,80.22783661,36336,36346,10
12.89725018,80.22776794,36346,36357,11
12.89587021,80.22769928,36357,36367,10
12.89457989,80.22763824,36367,36377,10
12.89330006,80.2275238,36377,36387,10
12.89218044,80.22741699,36387,36397,10
12.89093971,80.22740936,36397,36407,10
12.8895998,80.22737885,36407,36417,10
12.88823032,80.22734833,36417,36428,11
12.88689041,80.22718048,36428,36438,10
12.88564014,80.22691345,36438,36448,10
12.88469028,80.22679901,36448,36458,10
12.88364029,80.22676849,36458,36468,10
12.88239956,80.22676086,36468,36478,10
12.88105965,80.22678375,36478,36488,10
12.87981033,80.22678375,36488,36498,10
12.87851048,80.2268219,36498,36509,11
12.87707996,80.22693634,36509,36519,10
12.8764801,80.22698975,36519,36529,10
12.87635994,80.22701263,36529,36539,10
12.8759203,80.22702026,36539,36549,10
12.87514019,80.22698212,36549,36559,10
12.87413979,80.22686005,36559,36569,10
12.8730402,80.22676849,36569,36580,11
12.87269974,80.22676086,36580,36590,10
12.87242031,80.22673035,36590,36600,10
12.87172031,80.22667694,36600,36610,10
12.87078953,80.22663116,36610,36620,10
12.86966991,80.22653961,36620,36630,10
12.86841011,80.2264328,36630,36640,10
12.86709976,80.22651672,36640,36650,10
12.86583042,80.22662354,36650,36661,11
12.86433983,80.22660828,36661,36671,10
12.86295986,80.2265625,36671,36681,10
12.86161041,80.22663116,36681,36691,10
12.86060047,80.22660065,36691,36701,10
12.85945988,80.22648621,36701,36711,10
12.85857964,80.22637177,36711,36721,10
12.85756969,80.22634125,36721,36732,11
12.85624981,80.22644043,36732,36742,10
12.85494995,80.2265625,36742,36752,10
12.85356045,80.2266922,36752,36762,10
12.8521204,80.22672272,36762,36772,10
12.8509903,80.22667694,36772,36782,10
12.85031986,80.22664642,36782,36792,10
12.85025978,80.22664642,36792,36802,10
12.84976006,80.22660828,36802,36813,11
12.8488102,80.22657776,36813,36823,10
12.84790039,80.22657776,36823,36833,10
12.84683037,80.22657776,36833,36843,10
12.84585953,80.22660065,36843,36853,10
12.84550953,80.22662354,36853,36863,10
12.84539986,80.22660065,36863,36873,10
12.84486008,80.22663879,36873,36884,11
12.84393024,80.22669983,36884,36894,10
12.84286022,80.22689056,36894,36904,10
12.84158993,80.22720337,36904,36914,10
12.84039021,80.22753906,36914,36924,10
12.83987999,80.22776031,36924,36934,10
12.83965969,80.22782898,36934,36944,10
12.83932972,80.2279129,36944,36954,10
12.83864021,80.22802734,36954,36965,11
12.83759975,80.2282486,36965,36975,10
12.83640957,80.2284317,36975,36985,10
12.83510971,80.22862244,36985,36995,10
12.83374023,80.22885895,36995,37005,10
12.83259964,80.2290802,37005,37015,10
12.8322897,80.22915649,37015,37025,10
12.83216953,80.22918701,37025,37036,11
12.83152008,80.22933197,37036,37046,10
12.83065033,80.22959137,37046,37056,10
12.82954979,80.22998047,37056,37066,10
12.82837963,80.23052216,37066,37076,10
12.82717991,80.23117065,37076,37086,10
12.82579994,80.23139954,37086,37096,10
12.82435989,80.23133087,37096,37106,10
12.82326031,80.23101807,37106,37117,11
12.82145023,80.23053741,37117,37127,10
12.8201704,80.23052216,37127,37137,10
12.81902027,80.2305603,37137,37147,10
12.81881046,80.23049927,37147,37157,10
12.81830025,80.23027802,37157,37167,10
12.81742954,80.22988129,37167,37177,10
12.81630039,80.22958374,37177,37188,11
12.81488037,80.22931671,37188,37198,10
12.81354046,80.22899628,37198,37208,10
12.81219006,80.22856903,37208,37218,10
12.81083965,80.22807312,37218,37228,10
12.80951977,80.22749329,37228,37238,10
12.80834007,80.22667694,37238,37248,10
12.80723953,80.22572327,37248,37258,10
12.80620956,80.224823,37258,37269,11
12.80574989,80.2243576,37269,37279,10
12.80564022,80.22428894,37279,37289,10
12.80552006,80.22425842,37289,37299,10
12.80533981,80.22416687,37299,37309,10
12.8050499,80.22409821,37309,37319,10
12.80484962,80.22403717,37319,37329,10
12.80465984,80.22400665,37329,37340,11
12.80447006,80.22399902,37340,37350,10
12.80424976,80.22396088,37350,37360,10
12.80397034,80.22393799,37360,37421,61
12.80397034,80.22393799,37421,37431,10
12.80373001,80.22390747,37431,37441,10
12.80354977,80.22390747,37441,37451,10
12.80333996,80.22387695,37451,37461,10
12.80309963,80.22384644,37461,37471,10
12.80257988,80.22377777,37471,37481,10
12.80179024,80.22367859,37481,37492,11
12.80105972,80.22360229,37492,37502,10
12.80101013,80.22358704,37502,37512,10
12.80064964,80.22355652,37512,37522,10
12.79996014,80.22351074,37522,37532,10
12.79909039,80.22345734,37532,37542,10
12.79802036,80.22341919,37542,37552,10
12.79708958,80.2232666,37552,37563,11
12.79615974,80.22309875,37563,37573,10
12.7960701,80.22312164,37573,37583,10
12.79592991,80.22309875,37583,37593,10
12.79555035,80.2230072,37593,37603,10
12.79491043,80.2228775,37603,37613,10
12.79409981,80.22274017,37613,37623,10
12.79312038,80.22254944,37623,37633,10
12.7920599,80.2223587,37633,37644,11
12.79094028,80.22206116,37644,37654,10
12.78999996,80.22180939,37654,37664,10
12.78960037,80.22170258,37664,37674,10
12.78931046,80.22160339,37674,37684,10
12.78892994,80.22149658,37684,37694,10
12.78847027,80.22133636,37694,37704,10
12.78800011,80.22116089,37704,37715,11
12.78759003,80.2210083,37715,37725,10
12.78756046,80.22100067,37725,37735,10
12.78740025,80.22088623,37735,37745,10
12.78719997,80.22080231,37745,37755,10
12.7869997,80.22074127,37755,37775,20
12.7869997,80.22074127,37775,37785,10
12.78676987,80.22065735,37785,37796,11
12.78629971,80.22048187,37796,37816,20
12.78629971,80.22048187,37816,37826,10
12.78617001,80.22059631,37826,37836,10
12.78619957,80.22093964,37836,37846,10
12.78619957,80.22129059,37846,37856,10
12.78625965,80.22171021,37856,37897,41
12.78625965,80.22171021,37897,37907,10
12.78635979,80.22180176,37907,37917,10
12.78631973,80.22207642,37917,38961,1044
12.78623009,80.2219162,38961,39002,41
12.78623009,80.2219162,39002,39012,10
12.78619003,80.22158813,39012,39022,10
12.78616047,80.22135925,39022,39032,10
12.78616047,80.22109985,39032,39042,10
12.78612041,80.22068787,39042,39113,71
12.78612041,80.22068787,39113,39123,10
12.78633976,80.22039032,39123,39133,10
12.78637981,80.22039795,39133,39144,11
12.7866497,80.22048187,39144,39154,10
12.78697014,80.22058868,39154,39164,10
12.78742981,80.22074127,39164,39174,10
12.78791046,80.22093964,39174,39184,10
12.7883997,80.22113037,39184,39194,10
12.78905964,80.2213974,39194,39204,10
12.78967953,80.22160339,39204,39214,10
12.7902298,80.22174072,39214,39225,11
12.7911396,80.22199249,39225,39235,10
12.79222012,80.22225952,39235,39245,10
12.79345989,80.22247314,39245,39255,10
12.79465008,80.22264099,39255,39265,10
12.79578018,80.22283173,39265,39275,10
12.79664993,80.22299957,39275,39285,10
12.79765034,80.22319794,39285,39296,11
12.79889965,80.22338104,39296,39306,10
12.80014992,80.22345734,39306,39316,10
12.80134964,80.22355652,39316,39326,10
12.80233955,80.22367096,39326,39336,10
12.8032999,80.22380066,39336,39346,10
12.80422974,80.22386169,39346,39356,10
12.80515003,80.22398376,39356,39366,10
12.80545998,80.22406006,39366,39377,11
12.80568027,80.22418976,39377,39387,10
12.80617046,80.22457886,39387,39397,10
12.80681992,80.22518158,39397,39407,10
12.80760002,80.2258606,39407,39417,10
12.80852032,80.22663116,39417,39427,10
12.80957031,80.22737885,39427,39437,10
12.81039047,80.22776031,39437,39448,11
12.81151962,80.22821808,39448,39458,10
12.81270981,80.2286377,39458,39468,10
12.81392002,80.22902679,39468,39478,10
12.81515026,80.22924805,39478,39488,10
12.81622982,80.22940826,39488,39498,10
12.81739998,80.22968292,39498,39508,10
12.81857014,80.23026276,39508,39518,10
12.8197403,80.2304306,39518,39529,11
12.82106018,80.23040771,39529,39539,10
12.82231045,80.23062134,39539,39549,10
12.82361031,80.23103333,39549,39559,10
12.8249197,80.23132324,39559,39569,10
12.82629967,80.23130798,39569,39579,10
12.82759953,80.23092651,39579,39589,10
12.82884026,80.23023987,39589,39600,11
12.83022976,80.22963715,39600,39610,10
12.83100033,80.22928619,39610,39620,10
12.83100986,80.22928619,39620,39630,10
12.83146954,80.22915649,39630,39660,30
12.83146954,80.22915649,39660,39670,10
12.83170986,80.2290802,39670,39681,11
12.83238029,80.2289505,39681,39691,10
12.83325005,80.22881317,39691,39701,10
12.83430004,80.22863007,39701,39711,10
12.83549976,80.22843933,39711,39721,10
12.83672047,80.22825623,39721,39731,10
12.83796024,80.22805786,39731,39741,10
12.83897972,80.22779846,39741,39752,11
12.83942986,80.22766113,39752,39762,10
12.83957958,80.22762299,39762,39772,10
12.84004974,80.22750854,39772,39782,10
12.84080029,80.22730255,39782,39792,10
12.84175014,80.22705078,39792,39802,10
12.84286022,80.22683716,39802,39812,10
12.84405994,80.22663116,39812,39822,10
12.84531975,80.22650909,39822,39843,21
12.84531975,80.22650909,39843,39853,10
12.84572029,80.22648621,39853,39863,10
12.84642029,80.22647095,39863,39873,10
12.84737968,80.22647095,39873,39883,10
12.84854984,80.22650146,39883,39893,10
12.84980011,80.22648621,39893,39904,11
12.85122967,80.22650146,39904,39914,10
12.85260963,80.2265625,39914,39924,10
12.85406017,80.22650146,39924,39934,10
12.85550976,80.22634125,39934,39944,10
12.8569603,80.22618866,39944,39954,10
12.85840034,80.22612762,39954,39964,10
12.85980988,80.22628784,39964,39974,10
12.86073971,80.22641754,39974,39985,11
12.86098003,80.22644043,39985,39995,10
12.86143017,80.22647858,39995,40005,10
12.86225986,80.22644806,40005,40015,10
12.8632803,80.22641754,40015,40025,10
12.86452007,80.22646332,40025,40035,10
12.8657999,80.22647858,40035,40045,10
12.86717987,80.22637177,40045,40056,11
12.86876011,80.2263031,40056,40066,10
12.87022972,80.22646332,40066,40076,10
12.87168026,80.22657013,40076,40086,10
12.87263966,80.22657013,40086,40096,10
12.87279034,80.2265625,40096,40106,10
12.8729496,80.22657013,40106,40116,10
12.87357044,80.22660828,40116,40126,10
12.87444019,80.22672272,40126,40137,11
12.87557983,80.22685242,40137,40147,10
12.87635994,80.22685242,40147,40157,10
12.87664986,80.2268219,40157,40167,10
12.87674999,80.2268219,40167,40177,10
12.87726021,80.22679901,40177,40187,10
12.87810993,80.22673035,40187,40197,10
12.87915039,80.22666168,40197,40208,11
12.88047981,80.22664642,40208,40218,10
12.88181019,80.22664642,40218,40228,10
12.88317013,80.22666168,40228,40238,10
12.88446999,80.22663116,40238,40248,10
12.88539982,80.22666931,40248,40258,10
12.88642979,80.22691345,40258,40268,10
12.88763046,80.22715759,40268,40278,10
12.88895035,80.22725677,40278,40289,11
12.89050007,80.22727966,40289,40299,10
12.89202976,80.22724915,40299,40349,50
12.89202976,80.22724915,40349,40360,11
12.89221954,80.22724915,40360,40370,10
12.8926897,80.22730255,40370,40380,10
12.89342022,80.22738647,40380,40390,10
12.89435959,80.22747803,40390,40400,10
12.89540005,80.22753906,40400,40410,10
12.89649963,80.22760773,40410,40420,10
12.8977499,80.22766113,40420,40431,11
12.89900017,80.22773743,40431,40441,10
12.89984035,80.2277832,40441,40451,10
12.90032005,80.22779846,40451,40461,10
12.90034008,80.22781372,40461,40471,10
12.90060997,80.22783661,40471,40481,10
12.90104961,80.2278595,40481,40491,10
12.90159988,80.22788239,40491,40501,10
12.90233994,80.22789764,40501,40512,11
12.90248966,80.22789764,40512,40522,10
12.90270996,80.22792816,40522,40532,10
12.90334034,80.22795105,40532,40542,10
12.90414047,80.2279892,40542,40552,10
12.90487957,80.22807312,40552,40562,10
12.90575981,80.22811127,40562,40572,10
12.90649986,80.22814178,40572,40623,51
12.90649986,80.22814178,40623,40633,10
12.90674019,80.22814178,40633,40643,10
12.90723038,80.22821808,40643,40653,10
12.90802002,80.22836304,40653,40664,11
12.90909958,80.22853088,40664,40674,10
12.9102602,80.22873688,40674,40684,10
12.91152,80.22891998,40684,40694,10
12.91283035,80.22910309,40694,40704,10
12.91384983,80.22924042,40704,40714,10
12.9139204,80.22924042,40714,40724,10
12.91427994,80.22928619,40724,40735,11
12.91502953,80.22931671,40735,40745,10
12.91584015,80.22947693,40745,40755,10
12.91674042,80.22962189,40755,40765,10
12.9175396,80.22975159,40765,40775,10
12.91849995,80.22989655,40775,40785,10
12.91961956,80.23001862,40785,40795,10
12.92086983,80.23016357,40795,40805,10
12.92218018,80.23034668,40805,40816,11
12.92366982,80.23058319,40816,40826,10
12.92506981,80.23075867,40826,40836,10
12.92617989,80.23082733,40836,40846,10
12.92628002,80.23084259,40846,40856,10
12.92669964,80.23091125,40856,40866,10
12.92743015,80.23101807,40866,40876,10
12.92827988,80.23111725,40876,40887,11
12.92930031,80.23130035,40887,40897,10
12.93033028,80.23156738,40897,40907,10
12.93140984,80.23184967,40907,40917,10
12.93251991,80.23222351,40917,40927,10
12.93340015,80.23255157,40927,40937,10
12.93352985,80.23262787,40937,40947,10
12.93385029,80.23281097,40947,40957,10
12.93451977,80.23310089,40957,40968,11
12.93531036,80.23343658,40968,40978,10
12.93601036,80.23377991,40978,40988,10
12.93686962,80.23416138,40988,40998,10
12.93782997,80.23461151,40998,41008,10
12.93887997,80.23516083,41008,41018,10
12.93964958,80.23551178,41018,41028,10
12.93976021,80.23555756,41028,41039,11
12.93997955,80.23567963,41039,41049,10
12.94056034,80.23584747,41049,41059,10
12.94139957,80.2360611,41059,41069,10
12.94239044,80.2363205,41069,41079,10
12.94336033,80.23696136,41079,41089,10
12.94421959,80.23789978,41089,41099,10
12.94513988,80.23890686,41099,41109,10
12.94633961,80.2395401,41109,41120,11
12.94715023,80.23985291,41120,41130,10
12.94723034,80.23988342,41130,41140,10
12.94760036,80.24005127,41140,41150,10
12.94826984,80.24033356,41150,41160,10
12.94882965,80.2405014,41160,41211,51
12.94882965,80.2405014,41211,41221,10
12.94904995,80.24063873,41221,41231,10
12.94958019,80.2408371,41231,41241,10
12.95034981,80.24104309,41241,41251,10
12.95123959,80.24131012,41251,41282,31
12.95123959,80.24131012,41282,41292,10
12.95137024,80.24140167,41292,41303,11
12.95182991,80.24156189,41303,41313,10
12.95269966,80.24188232,41313,41323,10
12.95353031,80.24221039,41323,41333,10
12.95446014,80.2425766,41333,41344,11
12.95530033,80.24289703,41344,41354,10
12.95611,80.2431488,41354,41364,10
12.95635986,80.24324036,41364,41374,10
12.95646,80.24327087,41374,41384,10
12.95693016,80.24350739,41384,41394,10
12.95763016,80.24385834,41394,41404,10
12.95847034,80.24421692,41404,41414,10
12.95882034,80.24433136,41414,41425,11
12.95890045,80.24436951,41425,41435,10
12.95930004,80.24458313,41435,41445,10
12.95993996,80.24488068,41445,41455,10
12.96076012,80.24526978,41455,41465,10
12.96173,80.24571991,41465,41475,10
12.96259022,80.24616241,41475,41485,10
12.96298981,80.24636078,41485,41496,11
12.96348,80.24659729,41496,41506,10
12.96393013,80.24678802,41506,41516,10
12.96459961,80.24703217,41516,41526,10
12.96539974,80.24726105,41526,41536,10
12.96658039,80.24768066,41536,41556,20
12.96658039,80.24768066,41556,41566,10
12.96675968,80.24784088,41566,41577,11
12.96732044,80.24813843,41577,41587,10
12.96807957,80.2484436,41587,41597,10
12.96903038,80.24871826,41597,41607,10
12.97008991,80.24912262,41607,41617,10
12.97124004,80.24954224,41617,41627,10
12.97239971,80.2498703,41627,41637,10
12.9737196,80.25022888,41637,41648,11
12.9751997,80.25067902,41648,41658,10
12.9765501,80.25108337,41658,41668,10
12.97770023,80.25164032,41668,41678,10
12.97858047,80.25229645,41678,41688,10
12.97865009,80.25234222,41688,41698,10
12.97904968,80.25247192,41698,41708,10
12.9796896,80.25254059,41708,41719,11
12.98042011,80.25254059,41719,41729,10
12.98122025,80.25254059,41729,41739,10
12.9821701,80.25253296,41739,41749,10
12.98316956,80.25245667,41749,41759,10
12.98394966,80.2522583,41759,41769,10
12.98468971,80.25200653,41769,41779,10
12.9856596,80.25177002,41779,41789,10
12.98653984,80.25157928,41789,41800,11
12.98742008,80.25134277,41800,41810,10
12.98820972,80.25119781,41810,41820,10
12.98915958,80.25095367,41820,41830,10
12.98954964,80.25081635,41830,41840,10
12.98948002,80.25081635,41840,41850,10
12.98972034,80.25074005,41850,41860,10
12.99053955,80.25064087,41860,41871,11
12.9914999,80.2503891,41871,41881,10
12.99256039,80.25012207,41881,41891,10
12.99372959,80.24983215,41891,41901,10
12.99493027,80.24952698,41901,41911,10
12.99619007,80.24919891,41911,41921,10
12.99664021,80.24906158,41921,41931,10
12.99680042,80.2490387,41931,41941,10
12.99734974,80.24893951,41941,41952,11
12.99822044,80.248703,41952,41962,10
12.99919987,80.24845886,41962,41972,10
13.00030041,80.24819946,41972,41982,10
13.00148964,80.24788666,41982,41992,10
13.00277996,80.24759674,41992,42002,10
13.00411987,80.24738312,42002,42012,10
13.00547028,80.24716187,42012,42023,11
13.00646019,80.24662018,42023,42033,10
13.00648975,80.24645996,42033,42043,10
13.00654984,80.24623108,42043,42053,10
13.00658035,80.24562073,42053,42063,10
13.00660038,80.24482727,42063,42073,10
13.00658035,80.24404144,42073,42083,10
13.0065403,80.24353027,42083,42093,10
13.00650978,80.24289703,42093,42104,11
13.00650024,80.24214172,42104,42114,10
13.00652027,80.24136353,42114,42124,10
13.00658035,80.2408905,42124,42134,10
13.00667953,80.24034119,42134,42144,10
13.00687027,80.23964691,42144,42154,10
13.00697994,80.23892212,42154,42164,10
13.0071497,80.23806,42164,42175,11
13.0073204,80.23729706,42175,42185,10
13.00737,80.23680878,42185,42195,10
13.00736046,80.23674011,42195,42205,10
13.00745964,80.23635864,42205,42215,10
13.00761032,80.23571777,42215,42225,10
13.00778008,80.23490143,42225,42235,10
13.00798035,80.23394012,42235,42245,10
13.00817966,80.23287201,42245,42256,11
13.00848007,80.23132324,42256,42266,10
13.00868988,80.23020935,42266,42276,10
13.00891972,80.22911835,42276,42286,10
13.00916004,80.22814178,42286,42296,10
13.00961971,80.22714996,42296,42306,10
13.01008987,80.22609711,42306,42316,10
13.01054001,80.2252121,42316,42327,11
13.01088047,80.22441101,42327,42337,10
13.01113987,80.22370911,42337,42347,10
13.0114603,80.22297668,42347,42357,10
13.01179981,80.22210693,42357,42367,10
13.01214027,80.2215271,42367,42377,10
13.01249027,80.22170258,42377,42387,10
13.01282978,80.22212982,42387,42397,10
13.01331043,80.2224884,42397,42408,11
13.01373959,80.2230072,42408,42418,10
13.01414013,80.22350311,42418,42428,10
13.01453018,80.22390747,42428,42438,10
13.01500034,80.22447968,42438,42448,10
13.01570034,80.22509003,42448,42479,31
13.01570034,80.22509003,42479,42489,10
13.01607037,80.22525024,42489,42499,10
13.01673985,80.22516632,42499,42509,10
13.01758957,80.22485352,42509,42519,10
13.0184803,80.2244873,42519,42529,10
13.01947975,80.22429657,42529,42580,51
13.01947975,80.22429657,42580,42590,10
13.01968002,80.22441864,42590,42600,10
13.01992035,80.22458649,42600,42610,10
13.02040005,80.22493744,42610,42620,10
13.02089977,80.22528076,42620,42631,11
13.02155018,80.22580719,42631,42712,81
13.02159977,80.22589111,42712,42884,172
13.02163029,80.22590637,42884,43026,142
13.02163029,80.22590637,43026,43036,10
13.02171993,80.22601318,43036,43046,10
13.02175045,80.2260437,43046,43056,10
13.02186012,80.22609711,43056,43066,10
13.02215958,80.22634125,43066,43076,10
13.02254963,80.2266922,43076,43087,11
13.02303982,80.22714996,43087,43097,10
13.02334023,80.22743225,43097,43117,20
13.02334023,80.22743225,43117,43127,10
13.02379036,80.22773743,43127,43188,61
13.02379036,80.22773743,43188,43198,10
13.02414036,80.22805786,43198,43208,10
13.02422047,80.22817993,43208,43218,10
13.02431011,80.228302,43218,43228,10
13.02437973,80.22847748,43228,43239,11
13.02427959,80.22859955,43239,43249,10
13.02402973,80.22836304,43249,43259,10
13.02350044,80.22781372,43259,43522,263
13.02350044,80.22781372,43522,43533,11
13.02318954,80.22753906,43533,43543,10
13.02301025,80.22737122,43543,43553,10
13.02293015,80.22727966,43553,43563,10
13.02272034,80.2270813,43563,43573,10
13.02245045,80.22685242,43573,43583,10
13.02210999,80.22653961,43583,43593,10
13.02173996,80.22621918,43593,43603,10
13.02130032,80.2258606,43603,43614,11
13.02064037,80.22545624,43614,43624,10
13.02013969,80.22512054,43624,43634,10
13.01966,80.22476959,43634,43644,10
13.01891994,80.22460938,43644,43654,10
13.01801014,80.22489929,43654,43664,10
13.01714039,80.22524261,43664,43674,10
13.01644993,80.22550964,43674,43685,11
13.01581955,80.22570801,43685,43695,10
13.0151701,80.22598267,43695,43705,10
13.01453018,80.22624207,43705,43715,10
13.01438046,80.22628021,43715,43725,10
13.01436043,80.22628021,43725,43735,10
13.01395035,80.2264328,43735,43745,10
13.01327991,80.22669983,43745,43755,10
13.01247978,80.22698975,43755,43766,11
13.0116396,80.2273407,43766,43776,10
13.01072025,80.22769928,43776,43786,10
13.00977039,80.22810364,43786,43796,10
13.00912952,80.2286377,43796,43806,10
13.00887966,80.2296524,43806,43816,10
13.00864029,80.23078156,43816,43826,10
13.00835991,80.23178101,43826,43837,11
13.00819969,80.2334671,43837,43857,20
13.00819969,80.2334671,43857,43867,10
13.00819969,80.23370361,43867,43877,10
13.00809956,80.23426056,43877,43887,10
13.00794983,80.23484039,43887,43897,10
13.0079298,80.23497772,43897,43907,10
13.00778961,80.2355423,43907,43918,11
13.0075798,80.23647308,43918,43928,10
13.00737953,80.23745728,43928,43938,10
13.0072298,80.23828125,43938,43948,10
13.00708961,80.23890686,43948,43958,10
13.00683975,80.2399826,43958,43989,31
13.00683975,80.2399826,43989,43999,10
13.00693035,80.24021912,43999,44009,10
13.00693989,80.24021912,44009,44019,10
13.00693035,80.2403717,44019,44029,10
13.00685978,80.24078369,44029,44039,10
13.00685978,80.24079895,44039,44049,10
13.0067997,80.2410965,44049,44060,11
13.00671005,80.24181366,44060,44070,10
13.00667,80.24266815,44070,44080,10
13.00667953,80.24349976,44080,44090,10
13.00666046,80.24449921,44090,44100,10
13.00664997,80.24552155,44100,44110,10
13.00669003,80.2463913,44110,44120,10
13.00648022,80.24736786,44120,44130,10
13.0061903,80.24738312,44130,44141,11
13.00615978,80.24736786,44141,44151,10
13.00561047,80.24743652,44151,44161,10
13.00479031,80.24745178,44161,44171,10
13.00376987,80.24754333,44171,44181,10
13.00290012,80.24768066,44181,44191,10
13.00166988,80.24797058,44191,44201,10
13.00051975,80.24826813,44201,44212,11
12.99919987,80.24861145,44212,44222,10
12.99833965,80.24887085,44222,44232,10
12.99822044,80.24889374,44232,44242,10
12.99777031,80.24899292,44242,44252,10
12.99701977,80.24915314,44252,44262,10
12.99610043,80.24938202,44262,44272,10
12.99495983,80.24971008,44272,44282,10
12.99370956,80.25005341,44282,44293,11
12.99227047,80.25039673,44293,44303,10
12.99104023,80.25074005,44303,44313,10
12.98993015,80.25100708,44313,44323,10
12.98962021,80.25102997,44323,44333,10
12.98931026,80.25105286,44333,44343,10
12.98865032,80.25118256,44343,44353,10
12.98822021,80.25138092,44353,44364,11
12.98795986,80.25147247,44364,44374,10
12.98746967,80.2516098,44374,44384,10
12.98666954,80.25180817,44384,44394,10
12.98600006,80.25196075,44394,44404,10
12.98513031,80.25219727,44404,44414,10
12.98423958,80.25243378,44414,44424,10
12.9832201,80.25266266,44424,44434,10
12.98208046,80.25273132,44434,44445,11
12.98089981,80.25276947,44445,44455,10
12.9801302,80.25280762,44455,44465,10
12.97941971,80.25272369,44465,44475,10
12.97877979,80.25266266,44475,44485,10
12.97877026,80.25266266,44485,44495,10
12.97836018,80.25245667,44495,44505,10
12.97778034,80.25198364,44505,44516,11
12.97684002,80.25141144,44516,44526,10
12.97574043,80.25108337,44526,44536,10
12.97459984,80.25073242,44536,44546,10
12.97338963,80.25041199,44546,44556,10
12.97212982,80.25009918,44556,44566,10
12.97101021,80.24978638,44566,44576,10
12.96986008,80.24942017,44576,44586,10
12.96887016,80.2490387,44586,44597,11
12.96772003,80.24858856,44597,44607,10
12.96693993,80.2482605,44607,44617,10
12.96658993,80.24806213,44617,44627,10
12.96597958,80.24781036,44627,44637,10
12.96531963,80.24755096,44637,44647,10
12.96455002,80.24726105,44647,44657,10
12.96376991,80.24697113,44657,44678,21
12.96376991,80.24697113,44678,44688,10
12.96345997,80.2467804,44688,44698,10
12.96284008,80.24646759,44698,44708,10
12.96208954,80.24607086,44708,44718,10
12.96123028,80.24568939,44718,44728,10
12.96022034,80.24524689,44728,44738,10
12.9594202,80.24491882,44738,44749,11
12.9593401,80.24488068,44749,44759,10
12.95895958,80.24469757,44759,44769,10
12.95825005,80.24443054,44769,44779,10
12.9575901,80.24417114,44779,44789,10
12.95720959,80.24401855,44789,44799,10
12.95699978,80.24394226,44799,44850,51
12.95699978,80.24394226,44850,44860,10
12.95662022,80.24382019,44860,44870,10
12.95639038,80.24372864,44870,44880,10
12.95625019,80.24368286,44880,44890,10
12.95580006,80.24343109,44890,44901,11
12.95499039,80.24304962,44901,44911,10
12.9541502,80.24266052,44911,44921,10
12.95328045,80.24230957,44921,44931,10
12.95230961,80.24195099,44931,44941,10
12.95176029,80.24178314,44941,44953,12
12.95176029,80.24176788,44953,44963,10
12.95143032,80.24165344,44963,44974,11
12.95069027,80.24137878,44974,44984,10
12.9499197,80.2411499,44984,44993,9
12.94933033,80.24095917,44993,45004,11
12.94873047,80.24073029,45004,45014,10
12.94797993,80.24040985,45014,45024,10
12.94750023,80.24021912,45024,45034,10
12.94738007,80.24018097,45034,45045,11
12.94711018,80.24006653,45045,45055,10
12.94674969,80.23993683,45055,45065,10
12.94616032,80.2396698,45065,45075,10
12.94538021,80.23931885,45075,45085,10
12.9446497,80.23867798,45085,45095,10
12.94384003,80.23792267,45095,45105,10
12.94312954,80.23712921,45105,45115,10
12.94229984,80.23654175,45115,45126,11
12.94114017,80.23622131,45126,45136,10
12.94019985,80.23597717,45136,45146,10
12.93982029,80.23586273,45146,45166,20
12.93982029,80.23586273,45166,45174,8
12.93955994,80.23577118,45174,45186,12
12.93889999,80.23544312,45186,45197,11
12.9379797,80.23496246,45197,45207,10
12.93706036,80.23452759,45207,45217,10
12.9361496,80.23407745,45217,45227,10
12.93535995,80.23370361,45227,45237,10
12.93463039,80.23336792,45237,45247,10
12.93402004,80.23307037,45247,45257,10
12.93375969,80.23296356,45257,45267,10
12.93365955,80.23291779,45267,45278,11
12.93311977,80.23265076,45278,45288,10
12.9323597,80.23239136,45288,45298,10
12.93142033,80.23207092,45298,45308,10
12.93031025,80.23174286,45308,45318,10
12.92916965,80.23149109,45318,45328,10
12.92831993,80.23130798,45328,45338,10
12.92730999,80.23116302,45338,45349,11
12.92623997,80.23101044,45349,45359,10
12.92529011,80.23088074,45359,45369,10
12.92420006,80.2307663,45369,45379,10
12.92300034,80.23062134,45379,45389,10
12.92171001,80.23040009,45389,45399,10
12.92037964,80.23021698,45399,45409,10
12.91909981,80.23005676,45409,45419,10
12.91802025,80.22992706,45419,45430,11
12.91685963,80.22978973,45430,45440,10
12.91569042,80.22962189,45440,45450,10
12.91444016,80.22947693,45450,45460,10
12.9133997,80.22937012,45460,45470,10
12.91327953,80.22936249,45470,45480,10
12.9131403,80.22930908,45480,45490,10
12.91254044,80.22920227,45490,45501,11
12.91158962,80.22907257,45501,45511,10
12.91055012,80.22891998,45511,45521,10
12.90935993,80.22872162,45521,45531,10
12.90812016,80.22852325,45531,45541,10
12.90686989,80.22833252,45541,45571,30
12.90686989,80.22833252,45571,45582,11
12.90672016,80.22834778,45582,45592,10
12.90625954,80.228302,45592,45602,10
12.90544033,80.22825623,45602,45612,10
12.90443993,80.22820282,45612,45622,10
12.90322971,80.22812653,45622,45632,10
12.90202045,80.22805786,45632,45642,10
12.90126038,80.22799683,45642,45703,61
12.90126038,80.22799683,45703,45713,10
12.90104008,80.22798157,45713,45724,11
12.90062046,80.22795868,45724,45734,10
12.89986038,80.22792816,45734,45744,10
12.89916039,80.22792053,45744,45754,10
12.89904976,80.22794342,45754,45764,10
12.89871025,80.22792816,45764,45774,10
12.89807987,80.22788239,45774,45784,10
12.89719963,80.22781372,45784,45794,10
12.8961401,80.22775269,45794,45805,11
12.89484024,80.22769165,45805,45815,10
12.89363003,80.22757721,45815,45825,10
12.89245987,80.22744751,45825,45835,10
12.89122009,80.22740173,45835,45845,10
12.8899498,80.22738647,45845,45855,10
12.88866043,80.22738647,45855,45865,10
12.88761044,80.22733307,45865,45876,11
12.88658047,80.22714233,45876,45886,10
12.88549042,80.22688293,45886,45896,10
12.88479996,80.22678375,45896,45906,10
12.88479996,80.22679901,45906,45916,10
12.88442039,80.22679138,45916,45926,10
12.88374043,80.22678375,45926,45936,10
12.88282967,80.22678375,45936,45946,10
12.88171959,80.22678375,45946,45957,11
12.88041973,80.22678375,45957,45967,10
12.87919044,80.22680664,45967,45977,10
12.87786961,80.22689819,45977,45987,10
12.87679005,80.22696686,45987,45997,10
12.87656975,80.22699738,45997,46007,10
12.87621021,80.22699738,46007,46017,10
12.87553978,80.22698975,46017,46028,11
12.87458992,80.22689056,46028,46038,10
12.87364006,80.22679901,46038,46048,10
12.8728199,80.22675323,46048,46058,10
12.87209988,80.22675323,46058,46068,10
12.87125015,80.22673035,46068,46169,101
12.87125015,80.22673035,46169,46180,11
12.87121964,80.22675323,46180,46190,10
12.87078953,80.22670746,46190,46200,10
12.87007046,80.22663879,46200,46210,10
12.86919975,80.22653961,46210,46220,10
12.86812019,80.22646332,46220,46230,10
12.86690044,80.2265625,46230,46240,10
12.8656702,80.22663879,46240,46250,10
12.86437988,80.22660828,46250,46261,11
12.86291981,80.22657013,46261,46271,10
12.86165047,80.22663879,46271,46281,10
12.86116982,80.22663879,46281,46291,10
12.8610096,80.22663879,46291,46301,10
12.86046028,80.22657776,46301,46311,10
12.85964966,80.22646332,46311,46321,10
12.85877037,80.22634888,46321,46332,11
12.85789967,80.22631836,46332,46342,10
12.8569603,80.22637177,46342,46352,10
12.85583019,80.22647858,46352,46362,10
12.85459995,80.22662354,46362,46372,10
12.85328007,80.22673798,46372,46382,10
12.8519001,80.22672272,46382,46392,10
12.85054016,80.22666168,46392,46402,10
12.84978962,80.22666168,46402,46413,11
12.84969997,80.22666168,46413,46423,10
12.84918022,80.22666168,46423,46433,10
12.84836006,80.22664642,46433,46443,10
12.84726048,80.22664642,46443,46453,10
12.84549046,80.22664642,46453,46473,20
12.84549046,80.22664642,46473,46484,11
12.84504986,80.22664642,46484,46494,10
12.84440041,80.22673035,46494,46504,10
12.84346008,80.22679901,46504,46514,10
12.84230042,80.22701263,46514,46524,10
12.84101009,80.22733307,46524,46534,10
12.84020042,80.22756958,46534,46544,10
12.83971977,80.22772217,46544,46554,10
12.83942986,80.22781372,46554,46565,11
12.8387804,80.22796631,46565,46575,10
12.83794022,80.2281723,46575,46585,10
12.83689022,80.22836304,46585,46595,10
12.83565998,80.22855377,46595,46605,10
12.8343401,80.22875977,46605,46615,10
12.83304024,80.22898865,46615,46625,10
12.83234024,80.22914886,46625,46636,11
12.83230972,80.22917175,46636,46646,10
12.83193016,80.22924805,46646,46656,10
12.83127975,80.22939301,46656,46666,10
12.83038044,80.22972107,46666,46676,10
12.8292799,80.23014832,46676,46686,10
12.82812977,80.23075867,46686,46696,10
12.82699966,80.23127747,46696,46706,10
12.82590008,80.23140717,46706,46717,11
12.82460022,80.23139191,46717,46727,10
12.8234396,80.23105621,46727,46737,10
12.82231045,80.23071289,46737,46747,10
12.82133007,80.2305069,46747,46757,10
12.82017994,80.2305069,46757,46767,10
12.81912994,80.23052979,46767,46777,10
12.81886959,80.23052216,46777,46788,11
12.81849003,80.23036194,46788,46798,10
12.81777954,80.23001862,46798,46808,10
12.81680012,80.22963715,46808,46818,10
12.8155899,80.22943115,46818,46828,10
12.81429958,80.22921753,46828,46838,10
12.81301022,80.2288208,46838,46848,10
12.81171989,80.22837067,46848,46858,10
12.81033993,80.22783661,46858,46869,11
12.80924988,80.22731018,46869,46879,10
12.80863953,80.22685242,46879,46889,10
12.80793953,80.22628021,46889,46899,10
12.8071003,80.22557831,46899,46909,10
12.80632019,80.2248764,46909,46919,10
12.80558014,80.22425842,46919,46929,10
12.8050499,80.22403717,46929,46940,11
12.80490017,80.22402191,46940,46950,10
12.80442047,80.22393799,46950,46960,10
12.80358028,80.22389221,46960,46970,10
12.80261993,80.22376251,46970,46980,10
12.80152035,80.22364807,46980,46990,10
12.8003397,80.22354126,46990,47000,10
12.79928017,80.22344208,47000,47010,10
12.79817009,80.22332764,47010,47021,11
12.79683018,80.22312164,47021,47031,10
12.79590988,80.22299957,47031,47041,10
12.79588032,80.22303009,47041,47051,10
12.79549026,80.22292328,47051,47061,10
12.7947197,80.22277069,47061,47071,10
12.79370975,80.22260284,47071,47081,10
12.79255009,80.22244263,47081,47092,11
12.79121971,80.22212982,47092,47102,10
12.7901001,80.2218399,47102,47112,10
12.78940964,80.22164154,47112,47122,10
12.78899956,80.22145844,47122,47132,10
12.78843975,80.22125244,47132,47142,10
12.78779984,80.22102356,47142,47152,10
12.78722,80.22080994,47152,47162,10
12.78689003,80.22068787,47162,47183,21
12.78689003,80.22068787,47183,47193,10
12.78682041,80.22067261,47193,47203,10
12.78652,80.22054291,47203,47213,10
12.78637981,80.22048187,47213,47223,10
12.7862196,80.22042847,47223,47233,10
12.78614044,80.22070313,47233,47244,11
12.78614044,80.22107697,47244,47254,10
12.78617954,80.22141266,47254,47274,20
12.78617954,80.22141266,47274,47284,10
12.78625965,80.22170258,47284,47315,31
12.78631973,80.22190094,47315,47953,638
12.78631973,80.22190094,47953,47963,10
12.78617954,80.22158051,47963,47973,10
12.78617001,80.22138214,47973,47983,10
12.78616047,80.22123718,47983,47994,11
12.78616047,80.22104645,47994,48004,10
12.78614044,80.22074127,48004,48014,10
12.78614044,80.22058105,48014,48024,10
12.78614044,80.22051239,48024,48034,10
12.78623009,80.22036743,48034,48044,10
12.78635979,80.2203598,48044,48085,41
12.78635979,80.2203598,48085,48095,10
12.78668976,80.22045135,48095,48105,10
12.7870903,80.22059631,48105,48115,10
12.78759003,80.22080231,48115,48125,10
12.78800964,80.22093201,48125,48135,10
12.78866005,80.22119904,48135,48146,11
12.7894001,80.22149658,48146,48156,10
12.78979015,80.22164154,48156,48166,10
12.79018974,80.22171021,48166,48176,10
12.79090977,80.22187042,48176,48186,10
12.79172993,80.22207642,48186,48196,10
12.7927103,80.22229767,48196,48206,10
12.7937603,80.22248077,48206,48216,10
12.79491043,80.22265625,48216,48227,11
12.79586029,80.22283173,48227,48237,10
12.79633999,80.22290802,48237,48247,10
12.79633999,80.22292328,48247,48257,10
12.7964201,80.22296906,48257,48267,10
12.79679966,80.22302246,48267,48277,10
12.79740047,80.22312164,48277,48287,10
12.79819012,80.22322083,48287,48298,11
12.79909039,80.22329712,48298,48308,10
12.80008984,80.22338867,48308,48318,10
12.80109978,80.2234726,48318,48328,10
12.80138016,80.22351837,48328,48338,10
12.8015604,80.22354126,48338,48348,10
12.80212021,80.22358704,48348,48358,10
12.80290031,80.22370911,48358,48369,11
12.80383968,80.22379303,48369,48379,10
12.80467987,80.22386169,48379,48389,10
12.80519962,80.22396088,48389,48399,10
12.80539036,80.22400665,48399,48409,10
12.80547047,80.22403717,48409,48419,10
12.80576038,80.22422791,48419,48429,10
12.80628014,80.22470093,48429,48439,10
12.80698013,80.22531128,48439,48450,11
12.80790997,80.22611237,48450,48460,10
12.80885029,80.22691345,48460,48470,10
12.80992985,80.22754669,48470,48480,10
12.81112957,80.22802734,48480,48490,10
12.81239986,80.22850037,48490,48500,10
12.81371975,80.22892761,48500,48510,10
12.81507015,80.22921753,48510,48520,10
12.81647015,80.22943115,48520,48531,11
12.81793022,80.22991943,48531,48541,10
12.81912994,80.23039246,48541,48552,11
12.81976986,80.2303772,48552,48563,11
12.81989956,80.2303772,48563,48573,10
12.82054043,80.23034668,48573,48583,10
12.82139969,80.23039246,48583,48593,10
12.82246017,80.23062134,48593,48604,11
12.82361984,80.23097992,48604,48614,10
12.82485008,80.23126221,48614,48624,10
12.82629967,80.23126221,48624,48634,10
12.82756042,80.23090363,48634,48644,10
12.82876015,80.23023224,48644,48654,10
12.82995033,80.22969818,48654,48664,10
12.83092022,80.22931671,48664,48675,11
12.83100986,80.22930145,48675,48685,10
12.83113003,80.22924805,48685,48695,10
12.83143997,80.22914124,48695,48705,10
12.83205032,80.22898865,48705,48715,10
12.83285999,80.2288208,48715,48725,10
12.83382988,80.22866821,48725,48735,10
12.83491993,80.22847748,48735,48745,10
12.83613968,80.22828674,48745,48756,11
12.83753014,80.22805786,48756,48766,10
12.83858967,80.22783661,48766,48776,10
12.83928013,80.22763062,48776,48867,91
12.83928013,80.22763062,48867,48877,10
12.8394804,80.2276001,48877,48887,10
12.83975983,80.22750092,48887,48897,10
12.8403101,80.22734833,48897,48908,11
12.8412199,80.22711945,48908,48918,10
12.8421402,80.22691345,48918,48928,10
12.8432703,80.22669983,48928,48938,10
12.84447956,80.22653198,48938,48948,10
12.84523964,80.22644806,48948,48958,10
12.84527969,80.22646332,48958,48968,10
12.84549046,80.22646332,48968,48979,11
12.8461504,80.22644806,48979,48989,10
12.84700012,80.22644806,48989,48999,10
12.84801006,80.22644806,48999,49009,10
12.84914017,80.22644043,49009,49019,10
12.8499403,80.22644043,49019,49029,10
12.85009003,80.22644806,49029,49039,10
12.85017014,80.22646332,49039,49049,10
12.85072994,80.22647858,49049,49060,11
12.85153008,80.22650909,49060,49070,10
12.85249996,80.2265625,49070,49080,10
12.85363007,80.22653198,49080,49090,10
12.85486984,80.22640228,49090,49100,10
12.85616016,80.22625732,49100,49110,10
12.85754013,80.22611237,49110,49120,10
12.85875034,80.22614288,49120,49131,11
12.86005974,80.22634888,49131,49141,10
12.86131954,80.22644806,49141,49151,10
12.86163998,80.22641754,49151,49161,10
12.86207008,80.22641754,49161,49171,10
12.86279011,80.22638702,49171,49181,10
12.86367035,80.22640228,49181,49191,10
12.86480045,80.22646332,49191,49201,10
12.86604977,80.22646332,49201,49211,10
12.86736012,80.22631836,49211,49222,11
12.86886978,80.22625732,49222,49232,10
12.87028027,80.22646332,49232,49241,9
12.8715601,80.22654724,49241,49252,11
12.87267971,80.22653198,49252,49272,20
12.87267971,80.22653198,49272,49283,11
12.87283039,80.22653198,49283,49293,10
12.87335014,80.22657013,49293,49303,10
12.87411976,80.22664642,49303,49313,10
12.87502956,80.22676849,49313,49323,10
12.87607002,80.22683716,49323,49333,10
12.8767004,80.22679901,49333,49343,10
12.87672043,80.22679901,49343,49354,11
12.87703037,80.22675323,49354,49364,10
12.87769032,80.22669983,49364,49374,10
12.87854958,80.22664642,49374,49384,10
12.87956047,80.22660828,49384,49394,10
12.88074017,80.22660065,49394,49404,10
12.88197041,80.22660828,49404,49414,10
12.88329029,80.22660065,49414,49424,10
12.88514042,80.22659302,49424,49445,21
12.88514042,80.22659302,49445,49455,10
12.88539028,80.22663879,49455,49465,10
12.88589954,80.22678375,49465,49475,10
12.88669968,80.22696686,49475,49485,10
12.88761997,80.22714996,49485,49495,10
12.88877964,80.22721863,49495,49506,11
12.89013958,80.22724152,49506,49516,10
12.89144993,80.22724152,49516,49526,10
12.89251995,80.22727203,49526,49536,10
12.89348984,80.22741699,49536,49546,10
12.89461994,80.2275238,49546,49556,10
12.89585018,80.22756958,49556,49566,10
12.89713955,80.22762299,49566,49576,10
12.89820957,80.22767639,49576,49587,11
12.89941025,80.22776031,49587,49597,10
12.9001503,80.22775269,49597,49607,10
12.90063,80.2277832,49607,49617,10
12.90104008,80.22781372,49617,49627,10
12.90213013,80.22783661,49627,49658,31
12.90213013,80.22783661,49658,49668,10
12.90235043,80.22792053,49668,49678,10
12.90260029,80.22792816,49678,49688,10
12.90318012,80.22795868,49688,49698,10
12.90400982,80.22801208,49698,49708,10
12.90497017,80.22805786,49708,49718,10
12.90559006,80.22805786,49718,49728,10
12.90587044,80.22805786,49728,49739,11
12.90627003,80.22807312,49739,49749,10
12.90678024,80.22811127,49749,49759,10
12.90695953,80.22815704,49759,49769,10
12.90738964,80.22821808,49769,49779,10
12.90812016,80.22831726,49779,49789,10
12.90904999,80.22849274,49789,49799,10
12.91018009,80.22869873,49799,49810,11
12.91158009,80.22891235,49810,49820,10
12.91291046,80.22908783,49820,49830,10
12.91380024,80.2292099,49830,49840,10
12.91388988,80.22921753,49840,49850,10
12.91405964,80.22924042,49850,49860,10
12.91458988,80.22928619,49860,49870,10
12.91534042,80.22939301,49870,49880,10
12.91625977,80.22950745,49880,49891,11
12.91742039,80.22968292,49891,49901,10
12.91856003,80.22985077,49901,49911,10
12.91965961,80.22998047,49911,49921,10
12.92088032,80.23013306,49921,49931,10
12.92214966,80.2303009,49931,49941,10
12.92343998,80.23049927,49941,49951,10
12.92471027,80.23069,49951,49962,11
12.92607021,80.23085785,49962,49972,10
12.92739964,80.23101807,49972,49982,10
12.92840004,80.23113251,49982,49992,10
12.92875004,80.23114777,49992,50002,10
12.92920017,80.23124695,50002,50012,10
12.92986012,80.23140717,50012,50022,10
12.93072987,80.23165894,50022,50032,10
12.93169975,80.23197174,50032,50043,11
12.93280983,80.23233795,50043,50053,10
12.93356991,80.23265839,50053,50063,10
12.93362999,80.23268127,50063,50073,10
12.93379021,80.23275757,50073,50083,10
12.9342804,80.23298645,50083,50093,10
12.93500996,80.23332214,50093,50103,10
12.9355402,80.23356628,50103,50114,11
12.93603992,80.23381805,50114,50124,10
12.93673038,80.23413086,50124,50134,10
12.93752003,80.23452759,50134,50144,10
12.93844032,80.23500061,50144,50154,10
12.93972015,80.23561096,50154,50174,20
12.93972015,80.23561096,50174,50184,10
12.93980026,80.23571014,50184,50195,11
12.94027996,80.23586273,50195,50205,10
12.9409399,80.23600769,50205,50215,10
12.9417696,80.2361908,50215,50225,10
12.94270992,80.23652649,50225,50235,10
12.9435997,80.23722839,50235,50245,10
12.94443035,80.23812103,50245,50255,10
12.94532013,80.23903656,50255,50266,11
12.94659042,80.23964691,50266,50276,10
12.9472599,80.23989868,50276,50286,10
12.9472599,80.23990631,50286,50296,10
12.94744968,80.24001312,50296,50306,10
12.9479599,80.24021149,50306,50316,10
12.94873047,80.24051666,50316,50347,31
12.94873047,80.24051666,50347,50357,10
12.94890022,80.24060059,50357,50367,10
12.94937038,80.24078369,50367,50377,10
12.95009041,80.24101257,50377,50387,10
12.95090008,80.24121094,50387,50397,10
12.95108986,80.24130249,50397,50407,10
12.95118999,80.24134827,50407,50418,11
12.95172024,80.24156952,50418,50428,10
12.95242023,80.24182129,50428,50438,10
12.9532299,80.24212646,50438,50448,10
12.95390987,80.24240112,50448,50458,10
12.95454979,80.24265289,50458,50468,10
12.95526981,80.24291229,50468,50478,10
12.95604038,80.24311829,50478,50489,11
12.95641041,80.24326324,50489,50499,10
12.95662975,80.24334717,50499,50509,10
12.95713043,80.24359894,50509,50519,10
12.95785046,80.24395752,50519,50529,10
12.9586401,80.24427795,50529,50539,10
12.95880032,80.24436951,50539,50549,10
12.95895004,80.24449921,50549,50559,10
12.9594202,80.24468994,50559,50570,11
12.96018982,80.24501801,50570,50580,10
12.96103001,80.24539948,50580,50590,10
12.96199036,80.2458725,50590,50600,10
12.96269989,80.24620056,50600,50610,10
12.96302032,80.24635315,50610,50620,10
12.96331024,80.24649811,50620,50630,10
12.96366024,80.24665833,50630,50641,11
12.96424961,80.24690247,50641,50651,10
12.96492004,80.24714661,50651,50661,10
12.96572018,80.24739838,50661,50671,10
12.96667004,80.24780273,50671,50691,20
12.96667004,80.24780273,50691,50701,10
12.96671963,80.24781799,50701,50711,10
12.9670496,80.24801636,50711,50722,11
12.96774006,80.24832916,50722,50732,10
12.96856976,80.2486496,50732,50742,10
12.96955013,80.2490387,50742,50752,10
12.97066021,80.24947357,50752,50762,10
12.97189999,80.24981689,50762,50772,10
12.97313976,80.2501297,50772,50782,10
12.97439957,80.25048065,50782,50793,11
12.97583961,80.2509079,50793,50803,10
12.9771204,80.25131989,50803,50813,10
12.97811985,80.25205994,50813,50823,10
12.97859955,80.25234222,50823,50833,10
12.97859955,80.25232697,50833,50843,10
12.9787302,80.25240326,50843,50853,10
12.97966003,80.2525177,50853,50914,61
12.97966003,80.2525177,50914,50924,10
12.97988033,80.25257874,50924,50934,10
12.98033047,80.25260162,50934,50945,11
12.98106956,80.25257111,50945,50955,10
12.9819603,80.25257111,50955,50965,10
12.98297024,80.25251007,50965,50975,10
12.98402977,80.25228119,50975,50985,10
12.98495007,80.2519989,50985,50995,10
12.98534012,80.25187683,50995,51005,10
12.98558998,80.25182343,51005,51015,10
12.98596954,80.25170135,51015,51026,11
12.98630047,80.25160217,51026,51036,10
12.98680019,80.25150299,51036,51046,10
12.98725986,80.25135803,51046,51076,30
12.98725986,80.25135803,51076,51086,10
12.98756027,80.25128174,51086,51097,11
12.98810005,80.25119019,51097,51107,10
12.98888969,80.25102997,51107,51117,10
12.98952961,80.25086212,51117,51137,20
12.98952961,80.25086212,51137,51147,10
12.98970032,80.25083923,51147,51157,10
12.99016953,80.25074005,51157,51167,10
12.99098969,80.25047302,51167,51178,11
12.99186039,80.25025177,51178,51188,10
12.99289989,80.25,51188,51198,10
12.99405003,80.24971008,51198,51208,10
12.99520969,80.24945068,51208,51218,10
12.99668026,80.24902344,51218,51238,20
12.99668026,80.24902344,51238,51249,11
12.9968996,80.24897003,51249,51259,10
12.99746037,80.24886322,51259,51269,10
12.99822998,80.24865723,51269,51279,10
12.9991703,80.24842834,51279,51289,10
13.0002203,80.24819946,51289,51299,10
13.00140953,80.24788666,51299,51309,10
13.0026598,80.24758911,51309,51319,10
13.00407028,80.24733734,51319,51330,11
13.00531006,80.24716187,51330,51340,10
13.0064497,80.24643707,51340,51360,20
13.0064497,80.24643707,51360,51370,10
13.00644016,80.2463913,51370,51380,10
13.00652027,80.24604797,51380,51390,10
13.00656033,80.24545288,51390,51401,11
13.0065403,80.24468994,51401,51411,10
13.00656986,80.2440033,51411,51421,10
13.00654984,80.2434082,51421,51431,10
13.00652981,80.24272919,51431,51441,10
13.00652027,80.24188995,51441,51451,10
13.00654984,80.24114227,51451,51461,10
13.00654984,80.2410965,51461,51472,11
13.0065403,80.24091339,51472,51482,10
13.00660992,80.24069214,51482,51492,10
13.00671005,80.2403717,51492,51502,10
13.00683975,80.23970032,51502,51512,10
13.00697994,80.23899078,51512,51522,10
13.00716019,80.23821259,51522,51532,10
13.00736046,80.23719788,51532,51553,21
13.00736046,80.23719788,51553,51563,10
13.00747967,80.23674011,51563,51573,10
13.00761032,80.23612213,51573,51583,10
13.00776005,80.23529053,51583,51593,10
13.00790977,80.23454285,51593,51603,10
13.00809002,80.23361206,51603,51612,9
13.0082798,80.23265076,51612,51624,12
13.00854015,80.23126221,51624,51634,10
13.00879955,80.23001862,51634,51644,10
13.00903988,80.22873688,51644,51654,10
13.00942993,80.22756195,51654,51663,9
13.0098896,80.22648621,51663,51674,11
13.0103302,80.2256012,51674,51684,10
13.01078987,80.22463989,51684,51694,10
13.01105022,80.22387695,51694,51705,11
13.01132011,80.22318268,51705,51715,10
13.0116396,80.22241211,51715,51725,10
13.01200962,80.22154999,51725,51735,10
13.0124197,80.22161865,51735,51745,10
13.01282024,80.22203827,51745,51755,10
13.01333046,80.22264862,51755,51765,10
13.01391983,80.22325897,51765,51776,11
13.01443005,80.22390747,51776,51786,10
13.01498032,80.22454834,51786,51796,10
13.01556015,80.22505951,51796,51806,10
13.01566029,80.22509766,51806,51816,10
13.01593018,80.22521973,51816,51826,10
13.01657009,80.22521973,51826,51836,10
13.01745987,80.22490692,51836,51846,10
13.01846027,80.22450256,51846,51857,11
13.01947021,80.22434998,51857,51897,40
13.01947021,80.22434998,51897,51907,10
13.01976013,80.22451019,51907,51917,10
13.02023983,80.22485352,51917,51928,11
13.02095032,80.22537994,51928,51938,10
13.02163982,80.22595215,51938,51948,10
13.02204037,80.22625732,51948,51958,10
13.02237034,80.22653961,51958,51968,10
13.02293015,80.22702789,51968,51978,10
13.02350998,80.22756195,51978,51988,10
13.02408981,80.2281189,51988,51998,10
13.02437019,80.22840881,51998,52019,21
13.02437019,80.22840881,52019,52029,10
13.02429962,80.2285614,52029,52039,10
13.0241003,80.22834015,52039,52049,10
13.02365971,80.2278595,52049,52059,10
13.02305031,80.22728729,52059,52069,10
13.02250957,80.22679901,52069,52080,11
13.02202034,80.22640228,52080,52090,10
13.0214901,80.22596741,52090,52100,10
13.02103043,80.2256012,52100,52110,10
13.02038956,80.22516632,52110,52120,10
13.01976013,80.22473145,52120,52130,10
13.01891041,80.22451782,52130,52140,10
13.01797962,80.22485352,52140,52151,11
13.01702023,80.22524261,52151,52162,11
13.01640034,80.22547913,52162,52172,10
13.01599979,80.22563171,52172,52182,10
13.01546955,80.22579956,52182,52192,10
13.01525974,80.22589874,52192,52202,10
13.01519012,80.22592926,52202,52212,10
13.01478004,80.22606659,52212,52222,10
13.01436996,80.22618866,52222,52233,11
13.01418018,80.22602081,52233,52243,10
13.01408005,80.22538757,52243,52415,172
13.01408005,80.22538757,52415,52425,10
13.0142498,80.22528076,52425,52435,10
13.01436996,80.22563934,52435,55222,2787
13.01436996,80.22563934,55222,55232,10
13.01441956,80.22566223,55232,55243,11
13.01438046,80.22576141,55243,55253,10
13.01430035,80.22586823,55253,55263,10
13.01430035,80.22588348,55263,55273,10
13.01422977,80.22608185,55273,55283,10
13.01422024,80.22608948,55283,55293,10
13.01418018,80.22619629,55293,55303,10
13.01371956,80.2264328,55303,55314,11
13.0128603,80.22680664,55314,55324,10
13.01210022,80.22711945,55324,55334,10
13.01140022,80.22740936,55334,55344,10
13.0106802,80.22767639,55344,55354,10
13.01016045,80.22789764,55354,55364,10
13.00959969,80.22789001,55364,55374,10
13.00963974,80.22727966,55374,55385,11
13.00996971,80.22650146,55385,55395,10
13.01027966,80.22586823,55395,55405,10
13.01047993,80.22540283,55405,55415,10
13.01049042,80.22537994,55415,55425,10
13.01062012,80.22502136,55425,55435,10
13.01086044,80.22451019,55435,55445,10
13.01109982,80.22380066,55445,55466,21
13.01109982,80.22380066,55466,55476,10
13.01111984,80.22332764,55476,55486,10
13.01142025,80.2227478,55486,55496,10
13.01179981,80.22189331,55496,55506,10
13.01229,80.22144318,55506,55516,10
13.01257992,80.22183228,55516,55526,10
13.01296043,80.22209167,55526,55537,11
13.01360989,80.22289276,55537,55547,10
13.01414967,80.22357941,55547,55557,10
13.01463032,80.22412109,55557,55567,10
13.01535988,80.22492218,55567,55577,10
13.01572037,80.22516632,55577,55587,10
13.01626968,80.22525787,55587,55597,10
13.01702976,80.22502136,55597,55607,10
13.01797962,80.22463989,55607,55618,11
13.01879025,80.22431946,55618,55628,10
13.01955032,80.22442627,55628,55658,30
13.01955032,80.22442627,55658,55668,10
13.01984978,80.224617,55668,55678,10
13.0209198,80.22541809,55678,55689,11
13.0209198,80.22541809,55689,55699,10
13.02157021,80.22592163,55699,55709,10
13.02241039,80.22657776,55709,55719,10
13.02322006,80.22730255,55719,55729,10
13.02381039,80.22783661,55729,55739,10
13.02427006,80.228302,55739,55782,43
13.02427006,80.228302,55782,55792,10
13.02422047,80.22849274,55792,55801,9
13.02394009,80.22821808,55801,55812,11
13.02340031,80.22763824,55812,56319,507
13.02340031,80.22763824,56319,56329,10
13.02309036,80.22741699,56329,56339,10
13.02270031,80.22702789,56339,56349,10
13.02254009,80.22686005,56349,56359,10
13.02219963,80.22653198,56359,56370,11
13.02165985,80.22606659,56370,56380,10
13.02114964,80.22567749,56380,56390,10
13.02058029,80.22524261,56390,56400,10
13.02027988,80.2250824,56400,56410,10
13.02005005,80.22492981,56410,56420,10
13.01990986,80.22485352,56420,56430,10
13.01963043,80.22467041,56430,56441,11
13.01891994,80.22453308,56441,56451,10
13.01813984,80.22480011,56451,56461,10
13.01731968,80.22512054,56461,56471,10
13.01657963,80.22544098,56471,56481,10
13.01613998,80.22559357,56481,56491,10
13.01554966,80.22579956,56491,56501,10
13.01506042,80.2260437,56501,56511,10
13.01453972,80.22624969,56511,56522,11
13.0143404,80.22634888,56522,56532,10
13.01406956,80.22644806,56532,56542,10
13.01350021,80.22669983,56542,56552,10
13.0127697,80.22702789,56552,56562,10
13.01191998,80.2273407,56562,56572,10
13.01099968,80.22767639,56572,56582,10
13.01010036,80.22805786,56582,56593,11
13.00926018,80.22852325,56593,56603,10
13.00901985,80.22931671,56603,56613,10
13.00876999,80.2303009,56613,56623,10
13.00856018,80.23126984,56623,56633,10
13.00839996,80.23219299,56633,56643,10
13.00827026,80.233078,56643,56653,10
13.00817966,80.23368073,56653,56663,10
13.00817013,80.2336731,56663,56674,11
13.00806046,80.23400116,56674,56684,10
13.0079298,80.23457336,56684,56694,10
13.00774956,80.23539734,56694,56704,10
13.00753021,80.2364502,56704,56714,10
13.00730991,80.23754883,56714,56724,10
13.00718021,80.23828888,56724,56734,10
13.00702953,80.23895264,56734,56745,11
13.00687027,80.23970032,56745,56775,30
13.00687027,80.23970032,56775,56785,10
13.00691986,80.23989105,56785,56795,10
13.00689983,80.2403183,56795,56805,10
13.00683975,80.24063873,56805,56815,10
13.00683975,80.24085999,56815,56826,11
13.00673962,80.24146271,56826,56836,10
13.00666046,80.24234772,56836,56846,10
13.00660992,80.24337006,56846,56856,10
13.00658989,80.24434662,56856,56866,10
13.00658989,80.24533844,56866,56876,10
13.00667,80.24613953,56876,56886,10
13.00671005,80.2466507,56886,56917,31
13.00671005,80.2466507,56917,56927,10
13.00666046,80.24723053,56927,56937,10
13.00650024,80.24738312,56937,56947,10
13.00625038,80.24736786,56947,56978,31
13.00625038,80.24736786,56978,56988,10
13.00607014,80.24745941,56988,56998,10
13.00564957,80.24748993,56998,57008,10
13.00496006,80.24749756,57008,57018,10
13.00409031,80.24759674,57018,57028,10
13.00298977,80.2477417,57028,57038,10
13.00187016,80.24796295,57038,57049,11
13.00057983,80.24823761,57049,57059,10
12.99934006,80.24852753,57059,57069,10
12.99820042,80.24886322,57069,57079,10
12.99746037,80.2490387,57079,57089,10
12.99672031,80.24923706,57089,57099,10
12.99538994,80.24958038,57099,57109,10
12.9941597,80.24989319,57109,57119,10
12.99285984,80.25018311,57119,57130,11
12.99108982,80.25066376,57130,57150,20
12.99108982,80.25066376,57150,57160,10
12.99081993,80.25074005,57160,57170,10
12.99020004,80.25090027,57170,57180,10
12.98946953,80.25108337,57180,57190,10
12.98913002,80.25115967,57190,57201,11
12.9890604,80.25119781,57201,57211,10
12.98865986,80.251297,57211,57221,10
12.98803997,80.25144958,57221,57231,10
12.98750019,80.25157928,57231,57241,10
12.98690987,80.25173187,57241,57251,10
12.98626041,80.2518692,57251,57261,10
12.98546028,80.25203705,57261,57271,10
12.98445034,80.25231934,57271,57282,11
12.98318005,80.25261688,57282,57292,10
12.98208046,80.25267792,57292,57302,10
12.98116016,80.25270081,57302,57312,10
12.9803896,80.25273895,57312,57332,20
12.9803896,80.25273895,57332,57342,10
12.98027992,80.25282288,57342,57353,11
12.97982979,80.25282288,57353,57363,10
12.97916031,80.25274658,57363,57373,10
12.97865963,80.25266266,57373,57383,10
12.97859955,80.25261688,57383,57393,10
12.97821045,80.25238037,57393,57403,10
12.97760963,80.25186157,57403,57413,10
12.97673988,80.25138092,57413,57423,10
12.97562981,80.25102997,57423,57434,11
12.97432995,80.2506485,57434,57444,10
12.97315025,80.25031281,57444,57454,10
12.97196007,80.25000763,57454,57464,10
12.97082043,80.24970245,57464,57474,10
12.96967983,80.24928284,57474,57484,10
12.9685297,80.24884033,57484,57494,10
12.96745014,80.24839783,57494,57505,11
12.96673965,80.24807739,57505,57515,10
12.96609974,80.24780273,57515,57525,10
12.9654398,80.24748993,57525,57535,10
12.96541977,80.24745941,57535,57545,10
12.96518993,80.24736023,57545,57555,10
12.96467018,80.24720001,57555,57565,10
12.96395016,80.2469635,57565,57576,11
12.9634304,80.2467804,57576,57586,10
12.96271992,80.2463913,57586,57596,10
12.96187973,80.24595642,57596,57606,10
12.96086979,80.24546051,57606,57616,10
12.95993996,80.24504852,57616,57626,10
12.95926952,80.24479675,57626,57636,10
12.95913029,80.24474335,57636,57646,10
12.95890045,80.24462128,57646,57657,11
12.95827007,80.24432373,57657,57667,10
12.95757961,80.2440567,57667,57677,10
12.95695019,80.24384308,57677,57687,10
12.95662022,80.24375916,57687,57748,61
12.95662022,80.24375916,57748,57758,10
12.95646954,80.24373627,57758,57829,71
12.95646954,80.24373627,57829,57839,10
12.9562397,80.24359131,57839,57869,30
12.9562397,80.24359131,57869,57880,11
12.95600033,80.24356842,57880,57890,10
12.95551968,80.24331665,57890,57900,10
12.95481968,80.24295807,57900,57910,10
12.95396042,80.2425766,57910,57920,10
12.95291042,80.24214172,57920,57930,10
12.9518404,80.24176025,57930,57940,10
12.95164013,80.24169922,57940,57950,10
12.95147991,80.24166107,57950,57961,11
12.95086002,80.24141693,57961,57971,10
12.94999981,80.24114227,57971,57981,10
12.9492197,80.24088287,57981,57991,10
12.94902039,80.24080658,57991,58001,10
12.94884968,80.24075317,58001,58011,10
12.94834995,80.24053955,58011,58021,10
12.94717979,80.24008942,58021,58042,21
12.94717979,80.24008942,58042,58052,10
12.94713974,80.2400589,58052,58062,10
12.94674015,80.23989868,58062,58072,10
12.94610977,80.23964691,58072,58082,10
12.94536972,80.23928833,58082,58092,10
12.94466019,80.23861694,58092,58102,10
12.94388008,80.23777771,58102,58113,11
12.94291019,80.23681641,58113,58123,10
12.94180965,80.23636627,58123,58133,10
12.94067955,80.23609924,58133,58143,10
12.93994999,80.23592377,58143,58153,10
12.93994045,80.23590851,58153,58163,10
12.9396801,80.23574066,58163,58172,9
12.93914986,80.23547363,58172,58184,12
12.93822002,80.23503113,58184,58194,10
12.93729019,80.23458099,58194,58204,10
12.9363203,80.23409271,58204,58214,10
12.93581009,80.23384857,58214,58224,10
12.93515968,80.23358154,58224,58234,10
12.93433952,80.23322296,58234,58244,10
12.93367958,80.23293304,58244,58254,10
12.93362999,80.23290253,58254,58265,11
12.93332005,80.23275757,58265,58275,10
12.93272018,80.23249817,58275,58285,10
12.93179989,80.23216248,58285,58295,10
12.93068981,80.23181915,58295,58305,10
12.92953014,80.23153687,58305,58315,10
12.9287796,80.23139954,58315,58325,10
12.92798996,80.23126984,58325,58336,11
12.92693043,80.23113251,58336,58346,10
12.9258604,80.23100281,58346,58356,10
12.92475033,80.23085785,58356,58366,10
12.92356968,80.23072815,58366,58376,10
12.92228985,80.23053741,58376,58386,10
12.92096043,80.23036194,58386,58396,10
12.91956997,80.23017883,58396,58406,10
12.91827965,80.23001862,58406,58417,11
12.91697979,80.2298584,58417,58427,10
12.91574955,80.22969818,58427,58437,10
12.91444016,80.22953796,58437,58447,10
12.91337967,80.22940063,58447,58457,10
12.91324043,80.22937775,58457,58467,10
12.91306019,80.22937775,58467,58477,10
12.91257,80.22927094,58477,58488,11
12.91170979,80.22911835,58488,58498,10
12.91075993,80.22898102,58498,58508,10
12.90964031,80.22879791,58508,58518,10
12.90843964,80.22859955,58518,58528,10
12.90692997,80.22840118,58528,58609,81
12.90692997,80.22840118,58609,58619,10
12.90674019,80.22839355,58619,58629,10
12.90635967,80.2283783,58629,58640,11
12.90629959,80.22836304,58640,58650,10
12.9059,80.22836304,58650,58660,10
12.9052,80.22830963,58660,58670,10
12.90431023,80.22821808,58670,58680,10
12.90328026,80.2281723,58680,58690,10
12.90223026,80.2281189,58690,58700,10
12.90155029,80.22808075,58700,58721,21
12.90155029,80.22808075,58721,58731,10
12.90132999,80.22808075,58731,58741,10
12.90112019,80.22805786,58741,58751,10
12.90079021,80.22801971,58751,58761,10
12.90023994,80.2279892,58761,58771,10
12.89978981,80.2279892,58771,58781,10
12.89937973,80.2279892,58781,58792,11
12.89927006,80.22795868,58792,58802,10
12.89898968,80.22795868,58802,58812,10
12.89840031,80.22792816,58812,58822,10
12.89758015,80.22786713,58822,58832,10
12.89663982,80.22781372,58832,58842,10
12.89554024,80.22775269,58842,58852,10
12.89437962,80.22769928,58852,58862,10
12.89330959,80.2276001,58862,58903,41
12.89330959,80.2276001,58903,58913,10
12.89288998,80.22750854,58913,58923,10
12.89245987,80.22746277,58923,58933,10
12.89194012,80.22744751,58933,58944,11
12.89107037,80.22749329,58944,58954,10
12.89009953,80.22750092,58954,58964,10
12.88901997,80.22744751,58964,58974,10
12.88788986,80.22740173,58974,58984,10
12.88667965,80.22718811,58984,58994,10
12.88490009,80.22679901,58994,59015,21
12.88490009,80.22679901,59015,59025,10
12.88473034,80.22676849,59025,59035,10
12.88420963,80.22676086,59035,59045,10
12.88337994,80.22676849,59045,59055,10
12.88245964,80.22679901,59055,59065,10
12.88136005,80.2268219,59065,59075,10
12.8801403,80.2268219,59075,59085,10
12.87887955,80.22685242,59085,59096,11
12.87757015,80.22693634,59096,59106,10
12.87656975,80.22702789,59106,59116,10
12.87639999,80.22704315,59116,59126,10
12.87613964,80.22705841,59126,59136,10
12.87557983,80.22705841,59136,59146,10
12.8747797,80.22696686,59146,59156,10
12.87378025,80.22685242,59156,59167,11
12.87257004,80.22679138,59167,59177,10
12.87158966,80.22673798,59177,59187,10
12.87043953,80.2266922,59187,59197,10
12.86919975,80.22654724,59197,59207,10
12.86789036,80.22648621,59207,59217,10
12.86655998,80.22660828,59217,59227,10
12.86522961,80.22666931,59227,59237,10
12.86388969,80.22662354,59237,59248,11
12.86240959,80.22662354,59248,59258,10
12.86122036,80.22667694,59258,59268,10
12.86098957,80.22664642,59268,59278,10
12.86040974,80.22657776,59278,59288,10
12.86040974,80.22657776,59288,59298,10
12.85966015,80.22647858,59298,59308,10
12.85873985,80.22634888,59308,59319,11
12.85762978,80.22631836,59319,59329,10
12.85649014,80.22644043,59329,59339,10
12.85527992,80.2265625,59339,59349,10
12.85396957,80.22667694,59349,59359,10
12.85274029,80.22676086,59359,59369,10
12.85048962,80.22666931,59369,59389,20
12.85048962,80.22666931,59389,59400,11
12.85039043,80.22666931,59400,59410,10
12.84992981,80.22663879,59410,59420,10
12.84918976,80.22664642,59420,59430,10
12.84821987,80.22663879,59430,59440,10
12.84700966,80.22666168,59440,59450,10
12.84584999,80.22666931,59450,59460,10
12.84533024,80.22670746,59460,59471,11
12.84529972,80.22666931,59471,59481,10
12.8452301,80.22666931,59481,59491,10
12.84496975,80.22667694,59491,59501,10
12.84438038,80.22673798,59501,59511,10
12.84350014,80.22680664,59511,59521,10
12.84241962,80.22698975,59521,59531,10
12.84125042,80.22727966,59531,59541,10
12.84023952,80.22756958,59541,59552,11
12.83969021,80.22769928,59552,59562,10
12.83932018,80.22781372,59562,59572,10
12.83856964,80.2279892,59572,59582,10
12.83767033,80.22820282,59582,59592,10
12.83656979,80.22841644,59592,59602,10
12.83533955,80.22860718,59602,59612,10
12.83401966,80.22882843,59612,59623,11
12.8322401,80.22917938,59623,59643,20
12.8322401,80.22917938,59643,59653,10
12.83199978,80.22926331,59653,59663,10
12.83137989,80.22936249,59663,59673,10
12.8305397,80.22966766,59673,59683,10
12.82950974,80.23007202,59683,59693,10
12.82837963,80.23059845,59693,59704,11
12.82715988,80.23124695,59704,59714,10
12.82598019,80.23140717,59714,59724,10
12.82470036,80.23140717,59724,59734,10
12.82339954,80.23105621,59734,59744,10
12.82205963,80.23065948,59744,59754,10
12.82067966,80.23049927,59754,59764,10
12.81937981,80.23053741,59764,59775,11
12.81879997,80.23052979,59775,59785,10
12.81873035,80.23049927,59785,59795,10
12.81826019,80.23027039,59795,59805,10
12.81748962,80.22991943,59805,59815,10
12.81645966,80.22958374,59815,59825,10
12.81525993,80.22937012,59825,59835,10
12.8139801,80.22914124,59835,59845,10
12.81268978,80.22872162,59845,59856,11
12.8112402,80.22821808,59856,59866,10
12.80998039,80.22769165,59866,59876,10
12.80877018,80.22698212,59876,59886,10
12.80770016,80.2260437,59886,59896,10
12.80665016,80.22512054,59896,59906,10
12.80580044,80.2243576,59906,59916,10
12.80560017,80.22422028,59916,59927,11
12.80556011,80.22422028,59927,59937,10
12.80539989,80.22416687,59937,59947,10
12.80506039,80.22409058,59947,59957,10
12.80463982,80.22400665,59957,59967,10
12.80389023,80.22392273,59967,59977,10
12.80303955,80.22384644,59977,59987,10
12.8022604,80.22373962,59987,59997,10
12.80130005,80.22364807,59997,60008,11
12.80093002,80.22361755,60008,60018,10
12.80060959,80.22358704,60018,60028,10
12.79994011,80.22354126,60028,60038,10
12.79911041,80.2234726,60038,60048,10
12.79808998,80.22332764,60048,60058,10
12.79703999,80.22316742,60058,60068,10
12.7961998,80.22303772,60068,60079,11
12.79603004,80.22302246,60079,60089,10
12.79566002,80.22296906,60089,60099,10
12.79496002,80.22283936,60099,60109,10
12.7940197,80.22268677,60109,60119,10
12.79300976,80.22254181,60119,60129,10
12.79203987,80.22232056,60129,60139,10
12.79108047,80.22207642,60139,60149,10
12.79020023,80.22186279,60149,60160,11
12.78973961,80.22174072,60160,60170,10
12.78925991,80.22157288,60170,60180,10
12.78876972,80.22138214,60180,60190,10
12.78818035,80.221138,60190,60200,10
12.78717995,80.22077942,60200,60271,71
12.78717995,80.22077942,60271,60281,10
12.7867403,80.22064209,60281,60342,61
12.7867403,80.22064209,60342,60352,10
12.78654003,80.22058868,60352,60362,10
12.7863102,80.2204895,60362,60372,10
12.78619957,80.22052765,60372,60383,11
12.78619957,80.22062683,60383,60393,10
12.78617954,80.22091675,60393,60403,10
12.78619957,80.22109222,60403,60413,10
12.78625965,80.22170258,60413,60433,20
12.78625965,80.22170258,60433,60443,10
12.78629971,80.22187042,60443,60453,10
12.78629017,80.22196198,60453,60859,406
12.78629017,80.22196198,60859,60869,10
12.78621006,80.22186279,60869,60879,10
12.78617001,80.22167969,60879,60899,20
12.78617001,80.22167969,60899,60910,11
12.78612995,80.2212677,60910,60920,10
12.78614044,80.22097778,60920,60940,20
12.78614044,80.22097778,60940,60950,10
12.78612041,80.22055054,60950,60981,31
12.78612041,80.22055054,60981,60991,10
12.78619957,80.22045898,60991,61001,10
12.78633022,80.2203598,61001,61011,10
12.78637981,80.22038269,61011,61021,10
12.78678036,80.22054291,61021,61031,10
12.78752995,80.22078705,61031,61041,10
12.78843021,80.22112274,61041,61051,10
12.78931046,80.22148132,61051,61062,11
12.78995037,80.22170258,61062,61072,10
12.79074001,80.22190094,61072,61082,10
12.79179001,80.22216797,61082,61092,10
12.7930603,80.22242737,61092,61102,10
12.79442978,80.22264099,61102,61112,10
12.79574013,80.22286224,61112,61122,10
12.79623032,80.22293854,61122,61132,10
12.79646969,80.22299194,61132,61143,11
12.79724026,80.2231369,61143,61153,10
12.79825974,80.2232666,61153,61163,10
12.79944992,80.22338104,61163,61173,10
12.80082035,80.22350311,61173,61183,10
12.80206013,80.22360992,61183,61193,10
12.80282974,80.22371674,61193,61203,10
12.80344009,80.22382355,61203,61214,11
12.80412006,80.22384644,61214,61224,10
12.80492973,80.22395325,61224,61234,10
12.80550003,80.22409058,61234,61244,10
12.80564976,80.22418976,61244,61254,10
12.80615997,80.22460938,61254,61264,10
12.80690956,80.22528076,61264,61274,10
12.80784988,80.22608185,61274,61285,11
12.80897999,80.22699738,61285,61295,10
12.81009007,80.22763062,61295,61305,10
12.81107044,80.22805023,61305,61315,10
12.81214046,80.22841644,61315,61325,10
12.81338978,80.22882843,61325,61335,10
12.81484032,80.22921753,61335,61345,10
12.81645966,80.22946167,61345,61355,10
12.81799984,80.2299881,61355,61366,11
12.81943035,80.23046875,61366,61376,10
12.82081985,80.23040009,61376,61386,10
12.8222599,80.23061371,61386,61396,10
12.82367992,80.23104095,61396,61406,10
12.8249197,80.23130798,61406,61416,10
12.82600021,80.2313385,61416,61426,10
12.82699013,80.23123169,61426,61436,10
12.82796001,80.23075104,61436,61447,11
12.82911968,80.23010254,61447,61457,10
12.83034992,80.22962189,61457,61467,10
12.83102989,80.2293396,61467,61477,10
12.83104992,80.2293396,61477,61487,10
12.83139038,80.22920227,61487,61528,41
12.83139038,80.22920227,61528,61538,10
12.83178043,80.22911835,61538,61548,10
12.83240986,80.22898102,61548,61558,10
12.83331966,80.22882843,61558,61568,10
12.83448029,80.22865295,61568,61578,10
12.83576012,80.22844696,61578,61589,11
12.83724976,80.22824097,61589,61599,10
12.83858013,80.22794342,61599,61609,10
12.8392601,80.22770691,61609,61619,10
12.83969975,80.22753906,61619,61629,10
12.84029961,80.22743988,61629,61639,10
12.84113979,80.22722626,61639,61649,10
12.84220028,80.22693634,61649,61659,10
12.84344006,80.22669983,61659,61670,11
12.84475994,80.2265625,61670,61680,10
12.84537029,80.22651672,61680,61690,10
12.84537983,80.22651672,61690,61700,10
12.8454504,80.22647095,61700,61710,10
12.84587955,80.22647858,61710,61720,10
12.84667015,80.22647858,61720,61730,10
12.84770012,80.22647095,61730,61741,11
12.84895039,80.22647095,61741,61751,10
12.84996033,80.22644806,61751,61761,10
12.85011959,80.22646332,61761,61771,10
12.85054016,80.22647095,61771,61781,10
12.85128975,80.22653198,61781,61791,10
12.8522501,80.22657776,61791,61801,10
12.85342979,80.22657776,61801,61811,10
12.85472965,80.22644043,61811,61822,11
12.85618973,80.22631073,61822,61832,10
12.85758972,80.22615814,61832,61842,10
12.85896969,80.22619629,61842,61852,10
12.86021996,80.22637939,61852,61862,10
12.86141968,80.22647858,61862,61872,10
12.86273003,80.2264328,61872,61882,10
12.86410999,80.22646332,61882,61892,10
12.86544037,80.22653198,61892,61903,11
12.86668015,80.22646332,61903,61913,10
12.86777973,80.22631836,61913,61923,10
12.86882019,80.22631836,61923,61933,10
12.86999989,80.22647858,61933,61943,10
12.87129974,80.22660065,61943,61953,10
12.87279034,80.22663116,61953,61984,31
12.87298012,80.22662354,61984,62004,20
12.87298012,80.22662354,62004,62014,10
12.87308025,80.22662354,62014,62024,10
12.8731699,80.22662354,62024,62034,10
12.87364006,80.22663116,62034,62045,11
12.87450981,80.22672272,62045,62055,10
12.8754797,80.2268219,62055,62065,10
12.87611008,80.22686005,62065,62075,10
12.87623978,80.22686005,62075,62085,10
12.87639999,80.22688293,62085,62095,10
12.87662983,80.22688293,62095,62105,10
12.87679958,80.22686768,62105,62115,10
12.8773098,80.22682953,62115,62126,11
12.87819958,80.22676086,62126,62136,10
12.87917995,80.22667694,62136,62146,10
12.88035965,80.22667694,62146,62156,10
12.88162041,80.22666168,62156,62166,10
12.8829298,80.22666168,62166,62176,10
12.88411999,80.22664642,62176,62186,10
12.88504028,80.22663879,62186,62197,11
12.88521004,80.22663879,62197,62207,10
12.88554001,80.22667694,62207,62217,10
12.88615036,80.22683716,62217,62227,10
12.88702011,80.2270813,62227,62237,10
12.88811016,80.22725677,62237,62247,10
12.88932991,80.22728729,62247,62257,10
12.89066029,80.22728729,62257,62267,10
12.89202976,80.22730255,62267,62278,11
12.89346981,80.22749329,62278,62288,10
12.89474964,80.22759247,62288,62298,10
12.89595985,80.22762299,62298,62308,10
12.89688015,80.22763062,62308,62318,10
12.8978796,80.22769165,62318,62328,10
12.89875031,80.22775269,62328,62338,10
12.89949989,80.22776031,62338,62349,11
12.90023041,80.2277832,62349,62359,10
12.90087986,80.22779846,62359,62369,10
12.90126991,80.22785187,62369,62379,10
12.90184021,80.22786713,62379,62389,10
12.90213013,80.22789764,62389,62399,10
12.90231037,80.22789764,62399,62409,10
12.90285969,80.22795105,62409,62419,10
12.90367985,80.22798157,62419,62430,11
12.90468979,80.22805023,62430,62440,10
12.90517998,80.22805786,62440,62450,10
12.90522003,80.22805023,62450,62460,10
12.90548992,80.22805023,62460,62470,10
12.90587997,80.22808075,62470,62480,10
12.90629005,80.22814178,62480,62490,10
12.90649033,80.22814178,62490,62501,11
12.90694046,80.22818756,62501,62511,10
12.90701962,80.22820282,62511,62521,10
12.9073801,80.22825623,62521,62531,10
12.90806961,80.22837067,62531,62541,10
12.9090004,80.22853088,62541,62551,10
12.91016006,80.22873688,62551,62561,10
12.91145039,80.2289505,62561,62571,10
12.91275024,80.22913361,62571,62582,11
12.91366005,80.22921753,62582,62592,10
12.91372013,80.22921753,62592,62602,10
12.91384029,80.22920227,62602,62612,10
12.9139204,80.22920227,62612,62622,10
12.91399956,80.22921753,62622,62632,10
12.91442966,80.22930145,62632,62642,10
12.91514015,80.22939301,62642,62653,11
12.91615963,80.22956848,62653,62663,10
12.91724014,80.22975159,62663,62673,10
12.91841984,80.22989655,62673,62683,10
12.91913986,80.23000336,62683,62693,10
12.91928005,80.23001862,62693,62703,10
12.91932964,80.23001862,62703,62713,10
12.91975021,80.23005676,62713,62723,10
12.92043018,80.23014069,62723,62734,11
12.92136002,80.23027039,62734,62744,10
12.92236042,80.23042297,62744,62754,10
12.92352009,80.23059082,62754,62764,10
12.9247303,80.23075867,62764,62774,10
12.92591953,80.23085785,62774,62784,10
12.92650986,80.23092651,62784,62794,10
12.92658997,80.23095703,62794,62805,11
12.92708015,80.23104095,62805,62815,10
12.92782021,80.23111725,62815,62825,10
12.92866993,80.23124695,62825,62835,10
12.92961979,80.23142242,62835,62845,10
12.93074036,80.23171234,62845,62855,10
12.93192959,80.23210144,62855,62865,10
12.9330101,80.23246002,62865,62875,10
12.93367958,80.23272705,62875,62886,11
12.93373966,80.23277283,62886,62896,10
12.93406963,80.23293304,62896,62906,10
12.93469048,80.23323059,62906,62916,10
12.93546009,80.2335434,62916,62926,10
12.93622017,80.23388672,62926,62936,10
12.93715,80.23429871,62936,62946,10
12.9382,80.2348175,62946,62957,11
12.93974018,80.23561859,62957,62977,20
12.93974018,80.23561859,62977,62987,10
12.93999004,80.23571777,62987,62997,10
12.94060993,80.23592377,62997,63007,10
12.9414196,80.23612213,63007,63017,10
12.94235039,80.23635864,63017,63028,11
12.9433403,80.23693085,63028,63038,10
12.94408989,80.23774719,63038,63048,10
12.94484997,80.23854828,63048,63058,10
12.9456501,80.23924255,63058,63068,10
12.9467001,80.23970032,63068,63078,10
12.94731045,80.23995209,63078,63088,10
12.9473896,80.23995972,63088,63098,10
12.94785976,80.24015808,63098,63109,11
12.94876003,80.2405014,63109,63159,50
12.94876003,80.2405014,63159,63169,10
12.94894981,80.24060822,63169,63180,11
12.94954014,80.24085236,63180,63190,10
12.95030022,80.24108887,63190,63200,10
12.95104027,80.24130249,63200,63210,10
12.9511404,80.24134064,63210,63220,10
12.95151043,80.24147034,63220,63230,10
12.95213032,80.24169159,63230,63240,10
12.95291042,80.24195862,63240,63250,10
12.95361996,80.24224091,63250,63261,11
12.95456982,80.24266052,63261,63271,10
12.95501041,80.24282837,63271,63281,10
12.9555397,80.2430191,63281,63291,10
12.95625019,80.24324799,63291,63321,30
12.95625019,80.24324799,63321,63332,11
12.95676994,80.24346161,63332,63342,10
12.95740032,80.24378204,63342,63352,10
12.95814037,80.24410248,63352,63362,10
12.9587698,80.24436188,63362,63372,10
12.95878029,80.24434662,63372,63382,10
12.95905972,80.24445343,63382,63392,10
12.95958042,80.24468231,63392,63402,10
12.96033955,80.24506378,63402,63413,11
12.96133995,80.2455368,63413,63423,10
12.96253014,80.24610901,63423,63443,20
12.96253014,80.24610901,63443,63453,10
12.96261024,80.24613953,63453,63463,10
12.96292019,80.24636078,63463,63473,10
12.96321011,80.24653625,63473,63484,11
12.96348953,80.24665833,63484,63494,10
12.96376991,80.24674225,63494,63504,10
12.96434021,80.24694824,63504,63514,10
12.96510983,80.2472229,63514,63524,10
12.96592045,80.2474823,63524,63534,10
12.96636009,80.24767303,63534,63554,20
12.96636009,80.24767303,63554,63565,11
12.96652031,80.24772644,63565,63575,10
12.96683979,80.24794769,63575,63585,10
12.96737003,80.24817657,63585,63595,10
12.9681797,80.24852753,63595,63605,10
12.96912003,80.24886322,63605,63615,10
12.97017956,80.24932861,63615,63625,10
12.97132969,80.24971008,63625,63636,11
12.97266006,80.25007629,63636,63646,10
12.97369003,80.25036621,63646,63656,10
12.97472,80.25064087,63656,63666,10
12.97583961,80.2509613,63666,63676,10
12.97698975,80.25128174,63676,63686,10
12.97791958,80.2518692,63686,63696,10
12.97852039,80.25228119,63696,63707,11
12.97861004,80.25234222,63707,63717,10
12.97887993,80.25248718,63717,63727,10
12.97976017,80.25261688,63727,63788,61
12.97976017,80.25261688,63788,63798,10
12.97988033,80.25260162,63798,63808,10
12.98034,80.25263977,63808,63818,10
12.98104,80.25257874,63818,63828,10
12.98188972,80.25250244,63828,63838,10
12.98299026,80.25244141,63838,63848,10
12.98421955,80.25218964,63848,63859,11
12.98558044,80.25183105,63859,63869,10
12.98661995,80.2516098,63869,63879,10
12.98731041,80.25141144,63879,64021,142
12.98731041,80.25141144,64021,64031,10
12.98746014,80.25131989,64031,64041,10
12.98785973,80.25125885,64041,64051,10
12.98845005,80.25109863,64051,64061,10
12.98964024,80.25080109,64061,64081,20
12.98964024,80.25080109,64081,64092,11
12.98991966,80.2507782,64092,64102,10
12.99046993,80.25064087,64102,64112,10
12.99123955,80.25042725,64112,64122,10
12.99211025,80.25021362,64122,64132,10
12.99318981,80.24996185,64132,64142,10
12.99438953,80.24965668,64142,64152,10
12.99563026,80.24932098,64152,64163,11
12.99672031,80.24899292,64163,64173,10
12.99683952,80.24894714,64173,64183,10
12.99707985,80.24893951,64183,64193,10
12.99765968,80.24880219,64193,64203,10
12.99843979,80.24859619,64203,64213,10
12.99938011,80.24835968,64213,64223,10
13.00049973,80.24810791,64223,64233,10
13.00172997,80.24781799,64233,64244,11
13.00314999,80.24752808,64244,64254,10
13.00446033,80.24732208,64254,64264,10
13.00564957,80.24710846,64264,64274,10
13.00646973,80.24649811,64274,64294,20
13.00646973,80.24649811,64294,64304,10
13.00654984,80.24629974,64304,64315,11
13.00656986,80.24575043,64315,64325,10
13.00658035,80.24532318,64325,64335,10
13.00658035,80.24516296,64335,64345,10
13.00654984,80.24497986,64345,64355,10
13.00656986,80.24475861,64355,64365,10
13.00656986,80.24443817,64365,64375,10
13.00656033,80.24385834,64375,64385,10
13.00656033,80.24317932,64385,64396,11
13.0065403,80.24221039,64396,64406,10
13.00658035,80.24147797,64406,64416,10
13.00660038,80.2410965,64416,64426,10
13.00671959,80.24054718,64426,64436,10
13.0068903,80.23983002,64436,64446,10
13.00706959,80.23895264,64446,64456,10
13.00718975,80.23822021,64456,64467,11
13.00730038,80.23760223,64467,64477,10
13.00739002,80.23709106,64477,64487,10
13.00739002,80.23703766,64487,64497,10
13.00741959,80.23668671,64497,64507,10
13.00743008,80.23665619,64507,64517,10
13.00747013,80.23651886,64517,64527,10
13.00755024,80.2361908,64527,64537,10
13.00765038,80.235672,64537,64548,11
13.00778961,80.23509216,64548,64558,10
13.00794029,80.23441315,64558,64568,10
13.00807953,80.23365784,64568,64578,10
13.00825977,80.23265839,64578,64588,10
13.00852013,80.23139954,64588,64598,10
13.00879002,80.23010254,64598,64608,10
13.00909042,80.2286377,64608,64619,11
13.00969028,80.22705841,64619,64629,10
13.01025963,80.22589111,64629,64639,10
13.01056957,80.22521973,64639,64649,10
13.0108099,80.22466278,64649,64659,10
13.0110302,80.22406769,64659,64669,10
13.01111031,80.22382355,64669,64679,10
13.01124954,80.22355652,64679,64690,11
13.01142025,80.2231369,64690,64700,10
13.01169968,80.22241974,64700,64710,10
13.01210022,80.22151947,64710,64720,10
13.01239967,80.2216568,64720,64730,10
13.01276016,80.22216034,64730,64740,10
13.01319981,80.22255707,64740,64750,10
13.01366043,80.22306824,64750,64760,10
13.01406002,80.22354126,64760,64771,11
13.01453972,80.22413635,64771,64781,10
13.01513004,80.22471619,64781,64791,10
13.01548958,80.22496033,64791,64801,10
13.01550007,80.22496033,64801,64811,10
13.01574993,80.22515869,64811,64821,10
13.01634026,80.22531128,64821,64831,10
13.01714993,80.22503662,64831,64842,11
13.01799011,80.22470093,64842,64852,10
13.01875019,80.22438049,64852,64862,10
13.01957989,80.22441101,64862,64902,40
13.01957989,80.22441101,64902,64912,10
13.01976967,80.22453308,64912,64923,11
13.02015972,80.224823,64923,64933,10
13.02073956,80.22521973,64933,64943,10
13.02095985,80.22537994,64943,64953,10
13.02110004,80.22556305,64953,65429,476
13.02093983,80.22567749,65429,65774,345
13.02093983,80.22567749,65774,65784,10
13.02118969,80.22576904,65784,65794,10
13.02153969,80.2259903,65794,65804,10
13.02206039,80.22635651,65804,65814,10
13.02270031,80.22689056,65814,65825,11
13.02344036,80.22759247,65825,65835,10
13.02418995,80.22827911,65835,65875,40
13.02418995,80.22827911,65875,65885,10
13.02427959,80.22834015,65885,65896,11
13.02439022,80.22843933,65896,65966,70
13.02439022,80.22843933,65966,65977,11
13.02423954,80.22853851,65977,65987,10
13.02355003,80.22781372,65987,66027,40
13.02355003,80.22781372,66027,66037,10
13.02342987,80.22775269,66037,66048,11
13.02318001,80.2275238,66048,66058,10
13.02307034,80.22738647,66058,66240,182
13.02307034,80.22738647,66240,66250,10
13.02285957,80.22714233,66250,66260,10
13.0223999,80.22669983,66260,66271,11
13.0218401,80.22621918,66271,66281,10
13.02128983,80.22577667,66281,66291,10
13.02081966,80.22544861,66291,66301,10
13.02038956,80.22519684,66301,66311,10
13.01982021,80.22479248,66311,66321,10
13.01904011,80.22451782,66321,66331,10
13.01815987,80.22479248,66331,66341,10
13.01735973,80.22512054,66341,66352,11
13.01677036,80.22535706,66352,66362,10
13.01646042,80.22547913,66362,66372,10
13.01605034,80.22560883,66372,66382,10
13.01548004,80.22580719,66382,66392,10
13.0148201,80.22608185,66392,66402,10
13.01445961,80.22624969,66402,66412,10
13.01445007,80.22625732,66412,66423,11
13.01430035,80.22631836,66423,66433,10
13.01391029,80.22644043,66433,66443,10
13.01327991,80.22666931,66443,66453,10
13.01251984,80.22699738,66453,66463,10
13.01167965,80.2273407,66463,66473,10
13.01074028,80.22769928,66473,66483,10
13.00971031,80.22814178,66483,66493,10
13.00907993,80.22904205,66493,66504,11
13.00883961,80.23040771,66504,66514,10
13.0086298,80.23165131,66514,66524,10
13.00839996,80.23274994,66524,66534,10
13.00829983,80.23336792,66534,66575,41
13.00829983,80.23336792,66575,66585,10
13.00821018,80.23365784,66585,66595,10
13.00806046,80.23417664,66595,66605,10
13.00796032,80.23467255,66605,66615,10
13.00790024,80.2350769,66615,66625,10
13.00774956,80.23577881,66625,66635,10
13.00757027,80.23670197,66635,66645,10
13.00737,80.23767853,66645,66656,11
13.00716972,80.2387619,66656,66666,10
13.00689983,80.24008179,66666,66747,81
13.00689983,80.24008179,66747,66757,10
13.00693989,80.24017334,66757,66767,10
13.00685978,80.24069214,66767,66777,10
13.00683022,80.24099731,66777,66787,10
13.00685024,80.24118042,66787,66797,10
13.00681019,80.2416687,66797,66808,11
13.00675964,80.24240875,66808,66818,10
13.00671005,80.2430191,66818,66828,10
13.00669003,80.24333954,66828,66838,10
13.00664997,80.2437973,66838,66848,10
13.00664043,80.24433136,66848,66858,10
13.00667,80.24494171,66858,66879,21
13.00667953,80.24510193,66879,66899,20
13.00667953,80.24510193,66899,66909,10
13.00673008,80.24517059,66909,66919,10
13.00673008,80.24546814,66919,66929,10
13.00673962,80.24597931,66929,66939,10
13.00675011,80.24649811,66939,66949,10
13.00671959,80.2472229,66949,66960,11
13.00634956,80.24738312,66960,66980,20
13.00634956,80.24738312,66980,66990,10
13.00621986,80.2474823,66990,67000,10
13.00584984,80.24743652,67000,67010,10
13.00512028,80.24742126,67010,67020,10
13.00422001,80.2474823,67020,67031,11
13.00302029,80.24765778,67031,67041,10
13.00195026,80.2478714,67041,67051,10
13.00080013,80.24816132,67051,67061,10
12.99958038,80.24848938,67061,67071,10
12.99837017,80.24884033,67071,67081,10
12.99800968,80.248909,67081,67091,10
12.99783993,80.24891663,67091,67102,11
12.99724007,80.24907684,67102,67112,10
12.99641991,80.24926758,67112,67122,10
12.99549961,80.24952698,67122,67132,10
12.99442959,80.24977875,67132,67142,10
12.99330997,80.25005341,67142,67152,10
12.99211025,80.25034332,67152,67162,10
12.99116039,80.25061035,67162,67172,10
12.99100971,80.25066376,67172,67183,11
12.99069977,80.25073242,67183,67193,10
12.98983002,80.25095367,67193,67213,20
12.98983002,80.25095367,67213,67223,10
12.98970032,80.25097656,67223,67233,10
12.98929977,80.25108337,67233,67243,10
12.98888969,80.25119781,67243,67254,11
12.98803043,80.25144958,67254,67385,131
12.98803043,80.25144958,67385,67395,10
12.98795986,80.25140381,67395,67406,11
12.98762035,80.25150299,67406,67416,10
12.98698044,80.25167847,67416,67426,10
12.98614979,80.25187683,67426,67436,10
12.98509979,80.25213623,67436,67446,10
12.98402023,80.25241089,67446,67456,10
12.9828701,80.25263977,67456,67466,10
12.9816103,80.25270844,67466,67476,10
12.98040962,80.25274658,67476,67487,11
12.97992992,80.2527771,67487,67497,10
12.97966003,80.2527771,67497,67507,10
12.97908974,80.25270844,67507,67517,10
12.97867966,80.2526474,67517,67527,10
12.97856998,80.25260162,67527,67537,10
12.97815037,80.25231934,67537,67547,10
12.97762012,80.25184631,67547,67558,11
12.97657013,80.25131989,67558,67568,10
12.97546005,80.25099945,67568,67578,10
12.9742403,80.25063324,67578,67588,10
12.97299957,80.25032043,67588,67598,10
12.97173023,80.24994659,67598,67608,10
12.9704504,80.24964142,67608,67618,10
12.96922016,80.2491684,67618,67628,10
12.96807003,80.248703,67628,67639,11
12.96697044,80.24819946,67639,67649,10
12.96640968,80.24790955,67649,67659,10
12.96566963,80.247612,67659,67669,10
12.96527958,80.24748993,67669,67679,10
12.96516991,80.24742889,67679,67689,10
12.96471977,80.24726105,67689,67699,10
12.96385956,80.2469635,67699,67720,21
12.96385956,80.2469635,67720,67730,10
12.96360016,80.24685669,67730,67740,10
12.96310043,80.24659729,67740,67750,10
12.96240044,80.2462616,67750,67760,10
12.96172047,80.24593353,67760,67770,10
12.96098042,80.24555206,67770,67780,10
12.96020031,80.24520874,67780,67791,11
12.95952034,80.24488831,67791,67801,10
12.9593401,80.24485016,67801,67811,10
12.95917988,80.24479675,67811,67821,10
12.95897961,80.24469757,67821,67831,10
12.95849991,80.24449158,67831,67841,10
12.95798016,80.24423218,67841,67851,10
12.95763016,80.24407959,67851,67862,11
12.95693016,80.24388123,67862,67872,10
12.95635986,80.24369049,67872,67882,10
12.95611,80.24356842,67882,67892,10
12.95559978,80.2432785,67892,67902,10
12.95487022,80.24294281,67902,67912,10
12.95403004,80.24259949,67912,67922,10
12.95341969,80.24233246,67922,67932,10
12.95267963,80.24205017,67932,67943,11
12.95189953,80.24176788,67943,67953,10
12.95168972,80.24170685,67953,67963,10
12.95160007,80.24167633,67963,67973,10
12.95112991,80.24152374,67973,67983,10
12.95040035,80.24131775,67983,67993,10
12.94952011,80.24107361,67993,68003,10
12.94902039,80.24088287,68003,68014,11
12.94845009,80.24060059,68014,68024,10
12.94769001,80.24028778,68024,68034,10
12.94713974,80.2400589,68034,68044,10
12.94707012,80.24004364,68044,68054,10
12.94680977,80.2399292,68054,68064,10
12.94626045,80.23970795,68064,68074,10
12.94552994,80.23934937,68074,68085,11
12.9447403,80.23872375,68085,68095,10
12.94398022,80.2379303,68095,68105,10
12.94316006,80.23706818,68105,68115,10
12.94211006,80.2364502,68115,68125,10
12.94089031,80.23616028,68125,68135,10
12.9400301,80.23592377,68135,68145,10
12.94001961,80.23590851,68145,68155,10
12.93994045,80.23586273,68155,68166,11
12.93947983,80.235672,68166,68176,10
12.93877983,80.23532104,68176,68186,10
12.93793964,80.23490906,68186,68196,10
12.93696976,80.23442841,68196,68206,10
12.9360199,80.23394775,68206,68216,10
12.93515968,80.23358917,68216,68226,10
12.93420982,80.23316193,68226,68237,11
12.93383026,80.23297882,68237,68247,10
12.93375015,80.2329483,68247,68257,10
12.93371964,80.23294067,68257,68267,10
12.93340969,80.23281097,68267,68277,10
12.93282986,80.23258209,68277,68287,10
12.93204975,80.23229218,68287,68297,10
12.93109989,80.23200226,68297,68307,10
12.92998981,80.23168182,68307,68318,11
12.92875957,80.23136139,68318,68328,10
12.92755032,80.23114777,68328,68338,10
12.92638016,80.23105621,68338,68348,10
12.92607975,80.23104095,68348,68358,10
12.92595005,80.23101807,68358,68368,10
12.92549992,80.2309494,68368,68378,10
12.92483997,80.23088837,68378,68389,11
12.92389011,80.23075867,68389,68399,10
12.92294025,80.23061371,68399,68409,10
12.92189026,80.2304306,68409,68419,10
12.92070007,80.23026276,68419,68429,10
12.91940022,80.23007965,68429,68439,10
12.91812038,80.2299118,68439,68449,10
12.91679001,80.22975159,68449,68459,10
12.91543007,80.22958374,68459,68470,11
12.91407967,80.22940826,68470,68480,10
12.9133997,80.22933197,68480,68500,20
12.9133997,80.22933197,68500,68510,10
12.91308022,80.22927856,68510,68520,10
12.91244984,80.22917938,68520,68530,10
12.91160965,80.2290802,68530,68541,11
12.9105196,80.22891998,68541,68551,10
12.90937996,80.22873688,68551,68561,10
12.90816021,80.22853088,68561,68571,10
12.90668964,80.22834015,68571,68601,30
12.90668964,80.22834015,68601,68611,10
12.90647984,80.22828674,68611,68622,11
12.90583038,80.22827148,68622,68632,10
12.90499973,80.22821808,68632,68642,10
12.90398026,80.22814941,68642,68652,10
12.90285969,80.22808075,68652,68662,10
12.90213966,80.22805023,68662,68682,20
12.90213966,80.22805023,68682,68693,11
12.90211964,80.22805023,68693,68703,10
12.90186977,80.22805786,68703,68713,10
12.90161037,80.2280426,68713,68723,10
12.9011898,80.2280426,68723,68733,10
12.90083027,80.2279892,68733,68743,10
12.90067005,80.22795868,68743,68753,10
12.90040016,80.22799683,68753,68774,21
12.90040016,80.22799683,68774,68784,10
12.89993954,80.2279892,68784,68794,10
12.89962006,80.22795105,68794,68804,10
12.89951038,80.22795105,68804,68814,10
12.89923,80.22795105,68814,68824,10
12.89861965,80.22788239,68824,68834,10
12.89783001,80.22782135,68834,68845,11
12.89680004,80.22776031,68845,68855,10
12.89566994,80.22767639,68855,68865,10
12.89449978,80.22763062,68865,68875,10
12.89360046,80.2276001,68875,68915,40
12.89360046,80.2276001,68915,68926,11
12.89338017,80.22756958,68926,68936,10
12.8928299,80.22749329,68936,68997,61
12.8928299,80.22749329,68997,69007,10
12.89258957,80.22746277,69007,69017,10
12.89204025,80.22740936,69017,69027,10
12.89122009,80.22736359,69027,69037,10
12.89025021,80.22736359,69037,69047,10
12.88908005,80.2273407,69047,69057,10
12.8878603,80.22730255,69057,69068,11
12.88667011,80.22711182,69068,69078,10
12.88551044,80.22685242,69078,69088,10
12.8848896,80.22676086,69088,69098,10
12.88488007,80.22676086,69098,69108,10
12.88481045,80.22673035,69108,69118,10
12.88436031,80.22672272,69118,69128,10
12.88362026,80.22669983,69128,69138,10
12.88269997,80.2266922,69138,69149,11
12.88150978,80.22669983,69149,69159,10
12.88027,80.22670746,69159,69169,10
12.87895012,80.22675323,69169,69179,10
12.87769032,80.22686005,69179,69189,10
12.87672043,80.2269516,69189,69199,10
12.87646008,80.22698212,69199,69209,10
12.87607002,80.22699738,69209,69220,11
12.87530041,80.22698212,69220,69230,10
12.87438965,80.22688293,69230,69240,10
12.87329006,80.22676849,69240,69250,10
12.87257957,80.22673798,69250,69260,10
12.87238026,80.22672272,69260,69270,10
12.87180042,80.22669983,69270,69280,10
12.87115955,80.22664642,69280,69290,10
12.87061024,80.22663879,69290,69301,11
12.86975956,80.22657776,69301,69311,10
12.86882019,80.22647858,69311,69321,10
12.8676796,80.22646332,69321,69331,10
12.86658955,80.22654724,69331,69341,10
12.86550045,80.22662354,69341,69351,10
12.86429024,80.22657776,69351,69361,10
12.86301994,80.22654724,69361,69372,11
12.86166954,80.22660065,69372,69382,10
12.86093998,80.22660828,69382,69392,10
12.86093044,80.22660828,69392,69402,10
12.86058044,80.22657776,69402,69412,10
12.85990047,80.22650146,69412,69422,10
12.85902977,80.22640228,69422,69432,10
12.85826015,80.22628021,69432,69442,10
12.85735989,80.2263031,69442,69453,11
12.85620022,80.22640228,69453,69463,10
12.85496998,80.22651672,69463,69473,10
12.85359955,80.22663879,69473,69483,10
12.85216045,80.22666931,69483,69493,10
12.85079956,80.22663879,69493,69503,10
12.85033989,80.22664642,69503,69513,10
12.85013962,80.22666168,69513,69524,11
12.84939957,80.22657013,69524,69534,10
12.84850025,80.2265625,69534,69544,10
12.84735966,80.22659302,69544,69554,10
12.8461504,80.22662354,69554,69564,10
12.84564972,80.22663879,69564,69574,10
12.84549999,80.22664642,69574,69584,10
12.84502983,80.22663879,69584,69594,10
12.8443203,80.22667694,69594,69605,11
12.84333992,80.22679138,69605,69615,10
12.84220028,80.22701263,69615,69625,10
12.84101009,80.22731781,69625,69635,10
12.84016991,80.22756958,69635,69645,10
12.83967018,80.22772217,69645,69655,10
12.8393898,80.22779083,69655,69665,10
12.83876991,80.22796631,69665,69676,11
12.83784008,80.22817993,69676,69686,10
12.83681965,80.22836304,69686,69696,10
12.83574009,80.22852325,69696,69706,10
12.83463955,80.22868347,69706,69716,10
12.83353043,80.22885895,69716,69726,10
12.83216,80.22915649,69726,69746,20
12.83216,80.22915649,69746,69757,11
12.83178997,80.22924042,69757,69767,10
12.83115959,80.22939301,69767,69777,10
12.8303299,80.22969818,69777,69787,10
12.8292799,80.23010254,69787,69797,10
12.82822037,80.23062134,69797,69807,10
12.82715988,80.23119354,69807,69817,10
12.82598019,80.23136902,69817,69828,11
12.82450962,80.23135376,69828,69838,10
12.82320023,80.23100281,69838,69848,10
12.82227039,80.23071289,69848,69858,10
12.82168007,80.23053741,69858,69868,10
12.82091999,80.23046112,69868,69878,10
12.82005978,80.23047638,69878,69888,10
12.81916046,80.2305069,69888,69898,10
12.81896019,80.2305069,69898,69909,11
12.8185997,80.23040009,69909,69919,10
12.8178997,80.23007202,69919,69929,10
12.81692982,80.22966003,69929,69939,10
12.81573009,80.22940826,69939,69949,10
12.81443977,80.2292099,69949,69959,10
12.81320953,80.22888947,69959,69969,10
12.81196976,80.22846222,69969,69980,11
12.81062031,80.22795105,69980,69990,10
12.80963039,80.22753906,69990,70000,10
12.80877972,80.22701263,70000,70010,10
12.80786037,80.22624207,70010,70020,10
12.80704021,80.22551727,70020,70030,10
12.80638027,80.22492218,70030,70040,10
12.80562973,80.22425842,70040,70050,10
12.80529976,80.22409821,70050,70081,31
12.80529976,80.22409821,70081,70091,10
12.80506992,80.22406769,70091,70101,10
12.8046999,80.22399139,70101,70111,10
12.80416012,80.22393036,70111,70121,10
12.80346012,80.22387695,70121,70132,11
12.80245972,80.22373962,70132,70142,10
12.80136967,80.22360992,70142,70152,10
12.80043983,80.22351074,70152,70162,10
12.79942036,80.22344208,70162,70172,10
12.79817009,80.22332001,70172,70181,9
12.79677963,80.22309113,70181,70192,11
12.79584026,80.22296143,70192,70202,10
12.79572964,80.22293854,70202,70213,11
12.79533005,80.22286987,70213,70223,10
12.79458046,80.22273254,70223,70233,10
12.79362011,80.22257996,70233,70243,10
12.79248047,80.22238159,70243,70253,10
12.79127979,80.22209167,70253,70263,10
12.79008961,80.22180176,70263,70273,10
12.7894001,80.22161102,70273,70284,11
12.78880978,80.2213974,70284,70294,10
12.78827,80.22116852,70294,70304,10
12.78750038,80.22088623,70304,70324,20
12.78750038,80.22088623,70324,70334,10
12.78742027,80.22086334,70334,70344,10
12.78717995,80.22077942,70344,70354,10
12.78697014,80.22071075,70354,70365,11
12.78684044,80.22065735,70365,70375,10
12.78672981,80.22059631,70375,70385,10
12.78635025,80.22042847,70385,70395,10
12.78629017,80.22041321,70395,70405,10
12.78614998,80.22059631,70405,70415,10
12.78617001,80.22103119,70415,70425,10
12.78617954,80.22136688,70425,70436,11
12.78627968,80.22173309,70436,70446,10
12.7863102,80.22180176,70446,70456,10
12.78629017,80.22210693,70456,70821,365
12.78612995,80.22199249,70821,71246,425
12.78612995,80.22199249,71246,71256,10
12.78621006,80.22180939,71256,71267,11
12.78617954,80.2215271,71267,71277,10
12.78614044,80.22132111,71277,71287,10
12.78614044,80.22106171,71287,71297,10
12.78612041,80.22071838,71297,71338,41
12.78614998,80.22051239,71338,71358,20
12.78614998,80.22051239,71358,71368,10
12.78633022,80.2203598,71368,71378,10
12.78639984,80.22042084,71378,71388,10
12.78666019,80.22051239,71388,71398,10
12.78711033,80.22065735,71398,71409,11
12.78738022,80.22075653,71409,71419,10
12.78769016,80.22087097,71419,71429,10
12.78814983,80.22102356,71429,71439,10
12.78876972,80.22125244,71439,71449,10
12.78938961,80.22149658,71449,71459,10
12.79001999,80.22170258,71459,71469,10
12.7908802,80.22190857,71469,71479,10
12.79191017,80.22218323,71479,71490,11
12.7930603,80.22239685,71490,71500,10
12.79413986,80.22257996,71500,71510,10
12.79520988,80.22276306,71510,71520,10
12.79609013,80.22290039,71520,71530,10
12.79683018,80.22303009,71530,71540,10
12.79771996,80.22318268,71540,71550,10
12.79880047,80.22329712,71550,71561,11
12.80010033,80.2233963,71561,71571,10
12.8012104,80.22351074,71571,71581,10
12.80222034,80.22360992,71581,71591,10
12.80286026,80.22370911,71591,71601,10
12.80327988,80.22376251,71601,71611,10
12.80383968,80.22380066,71611,71621,10
12.80449963,80.22386169,71621,71631,10
12.80510044,80.22396088,71631,71642,11
12.80552959,80.22409058,71642,71652,10
12.80566978,80.22418213,71652,71662,10
12.80613041,80.22457886,71662,71672,10
12.80681038,80.22518158,71672,71682,10
12.80760956,80.22588348,71682,71692,10
12.80852985,80.22663879,71692,71702,10
12.80943012,80.22733307,71702,71712,10
12.8104496,80.22776794,71712,71723,11
12.81163979,80.22823334,71723,71733,10
12.81276989,80.22863007,71733,71743,10
12.81392002,80.22898102,71743,71753,10
12.81486988,80.22917938,71753,71763,10
12.81602001,80.2293396,71763,71773,10
12.81727028,80.22962952,71773,71783,10
12.81849957,80.23020172,71783,71794,11
12.81989956,80.23040771,71794,71804,10
12.82129002,80.23040771,71804,71814,10
12.82250977,80.23065186,71814,71824,10
12.82363987,80.23100281,71824,71834,10
12.82472038,80.23124695,71834,71844,10
12.82590008,80.23130035,71844,71854,10
12.82711029,80.23111725,71854,71865,11
12.82828045,80.23049927,71865,71875,10
12.82942009,80.22994232,71875,71885,10
12.83104038,80.22930145,71885,71905,20
12.83104038,80.22930145,71905,71915,10
12.83146,80.22914124,71915,71946,31
12.83146,80.22914124,71946,71956,10
12.83160019,80.22908783,71956,71966,10
12.83199978,80.22899628,71966,71976,10
12.83267021,80.22888947,71976,71986,10
12.83360004,80.22873688,71986,71996,10
12.8347702,80.22853088,71996,72006,10
12.83605003,80.22833252,72006,72017,11
12.83740997,80.22812653,72017,72027,10
12.83854008,80.22789001,72027,72037,10
12.83911991,80.22769165,72037,72047,10
12.83944988,80.22754669,72047,72067,20
12.83944988,80.22754669,72067,72077,10
12.83959961,80.22750092,72077,72087,10
12.84002972,80.22743988,72087,72098,11
12.84051991,80.22733307,72098,72108,10
12.84127998,80.22715759,72108,72118,10
12.84226036,80.22692871,72118,72128,10
12.84333992,80.22672272,72128,72138,10
12.84436035,80.22657013,72138,72148,10
12.84533978,80.22647858,72148,72158,10
12.84541035,80.22647095,72158,72169,11
12.84547997,80.22647095,72169,72179,10
12.84599018,80.22644806,72179,72189,10
12.84679985,80.22646332,72189,72199,10
12.84780025,80.22646332,72199,72209,10
12.84885025,80.22646332,72209,72219,10
12.8502903,80.22650146,72219,72239,20
12.8502903,80.22650146,72239,72250,11
12.85062027,80.22653198,72250,72260,10
12.85124016,80.22653198,72260,72270,10
12.85204983,80.2265625,72270,72280,10
12.85291958,80.22659302,72280,72290,10
12.85396957,80.22650146,72290,72300,10
12.85511017,80.22635651,72300,72310,10
12.85624027,80.22624969,72310,72321,11
12.85748005,80.22612,72321,72331,10
12.85857964,80.22612762,72331,72341,10
12.85970974,80.22628021,72341,72351,10
12.8606596,80.22640228,72351,72361,10
12.86073017,80.2264328,72361,72371,10
12.86104012,80.22648621,72371,72381,10
12.86172962,80.22644806,72381,72391,10
12.86260033,80.22640228,72391,72402,11
12.86367989,80.22640228,72402,72412,10
12.86480045,80.22646332,72412,72422,10
12.86594963,80.22646332,72422,72432,10
12.86705971,80.22637177,72432,72442,10
12.86818981,80.22624969,72442,72452,10
12.86929035,80.22633362,72452,72462,10
12.87034035,80.22644043,72462,72473,11
12.87162971,80.22653961,72473,72483,10
12.87271023,80.22662354,72483,72493,10
12.87327957,80.22662354,72493,72503,10
12.87366009,80.22663879,72503,72513,10
12.87438965,80.22669983,72513,72523,10
12.87526035,80.22679138,72523,72533,10
12.87611008,80.22682953,72533,72543,10
12.87656975,80.22679901,72543,72554,11
12.87672043,80.22678375,72554,72564,10
12.87718964,80.22676086,72564,72574,10
12.87798977,80.22670746,72574,72584,10
12.87895966,80.22663879,72584,72594,10
12.87996006,80.22660828,72594,72604,10
12.88090038,80.22660828,72604,72614,10
12.8818903,80.22660065,72614,72625,11
12.88302994,80.22657776,72625,72635,10
12.88403988,80.2265625,72635,72645,10
12.88492012,80.2265625,72645,72655,10
12.88519955,80.22659302,72655,72665,10
12.88527966,80.22663116,72665,72675,10
12.88580036,80.22675323,72675,72685,10
12.88659954,80.22696686,72685,72695,10
12.88761997,80.22714996,72695,72706,11
12.88895035,80.22722626,72706,72716,10
12.89027977,80.22721863,72716,72726,10
12.89159966,80.22721863,72726,72736,10
12.89229965,80.22724152,72736,72746,10
12.89288044,80.22731018,72746,72756,10
12.89369011,80.22743988,72756,72766,10
12.89472008,80.22750854,72766,72777,11
12.8960104,80.22756195,72777,72787,10
12.89719009,80.2276001,72787,72797,10
12.89826012,80.22766113,72797,72807,10
12.89929962,80.2277298,72807,72817,10
12.90065956,80.2278595,72817,72898,81
12.90065956,80.2278595,72898,72908,10
12.90089035,80.22782135,72908,72918,10
12.90147018,80.2278595,72918,72929,11
12.90225029,80.2278595,72929,72939,10
12.90246964,80.22786713,72939,72949,10
12.90258026,80.22789764,72949,72959,10
12.90307999,80.22792816,72959,72969,10
12.90386009,80.22796631,72969,72979,10
12.90472031,80.22801971,72979,72989,10
12.90573978,80.22801208,72989,72999,10
12.9063797,80.22808075,72999,73060,61
12.9063797,80.22808075,73060,73070,10
12.90649033,80.22812653,73070,73081,11
12.90678024,80.2281723,73081,73091,10
12.90694046,80.22818756,73091,73101,10
12.90750027,80.22824097,73101,73111,10
12.90834045,80.22840118,73111,73121,10
12.90929031,80.22856903,73121,73131,10
12.91009045,80.22869873,73131,73141,10
12.9112196,80.22888184,73141,73151,10
12.91219044,80.22901917,73151,73162,11
12.91326046,80.22917175,73162,73172,10
12.91396046,80.22924805,73172,73182,10
12.91399956,80.22926331,73182,73192,10
12.9141798,80.22927856,73192,73202,10
12.91469002,80.2293396,73202,73212,10
12.91551018,80.2294693,73212,73222,10
12.91644001,80.22962189,73222,73233,11
12.9175396,80.22975159,73233,73243,10
12.91866016,80.2299118,73243,73253,10
12.91975021,80.2300415,73253,73263,10
12.92088985,80.23017883,73263,73273,10
12.92201042,80.23033905,73273,73283,10
12.9232502,80.23052216,73283,73293,10
12.92459965,80.23069,73293,73304,11
12.9259901,80.23087311,73304,73314,10
12.92646027,80.23088837,73314,73324,10
12.92667007,80.23091888,73324,73334,10
12.92720032,80.23098755,73334,73344,10
12.92786026,80.23107147,73344,73354,10
12.92854023,80.23119354,73354,73364,10
12.9293499,80.2313385,73364,73374,10
12.9303503,80.2315979,73374,73385,11
12.93161964,80.231987,73385,73395,10
12.93280983,80.23238373,73395,73405,10
12.93360043,80.23271179,73405,73415,10
12.93360043,80.23269653,73415,73425,10
12.93381977,80.23280334,73425,73435,10
12.93437958,80.23304749,73435,73445,10
12.93515015,80.23339844,73445,73456,11
12.9360199,80.23381042,73456,73466,10
12.93684006,80.23422241,73466,73476,10
12.93768978,80.23464966,73476,73486,10
12.93867016,80.23510742,73486,73496,10
12.93945026,80.23549652,73496,73506,10
12.93962955,80.23558044,73506,73516,10
12.93984032,80.23567963,73516,73526,10
12.94038963,80.23586273,73526,73537,11
12.94120979,80.2360611,73537,73547,10
12.9421196,80.23629761,73547,73557,10
12.94303989,80.23674774,73557,73567,10
12.94377995,80.23745728,73567,73577,10
12.94458008,80.23834229,73577,73587,10
12.94556046,80.23922729,73587,73597,10
12.94676018,80.23973846,73597,73608,11
12.94719982,80.23989868,73608,73618,10
12.94746017,80.24001312,73618,73628,10
12.94799995,80.24024963,73628,73638,10
12.94869995,80.24051666,73638,73658,20
12.94869995,80.24051666,73658,73668,10
12.94882011,80.24053955,73668,73678,10
12.95007038,80.24102783,73678,73689,11
12.95007038,80.24102783,73689,73699,10
12.95088959,80.24124908,73699,73709,10
12.95102024,80.24131012,73709,73719,10
12.95118999,80.24136353,73719,73729,10
12.95170021,80.241539,73729,73739,10
12.95244026,80.2417984,73739,73751,12
12.95331001,80.24211884,73751,73762,11
12.95442963,80.24259186,73762,73772,10
12.9549799,80.24281311,73772,73782,10
12.9556303,80.24305725,73782,73792,10
12.95615005,80.24320221,73792,73801,9
12.95643997,80.24330139,73801,73812,11
12.95687008,80.24349976,73812,73822,10
12.95753956,80.24382782,73822,73833,11
12.95872974,80.24429321,73833,73853,20
12.95872974,80.24429321,73853,73863,10
12.95905018,80.24445343,73863,73873,10
12.95960999,80.24472809,73873,73883,10
12.9603796,80.24510956,73883,73893,10
12.96133995,80.2455368,73893,73903,10
12.96245003,80.24610138,73903,73914,11
12.96370029,80.24671173,73914,73924,10
12.96481991,80.24714661,73924,73934,10
12.96597004,80.24754333,73934,73944,10
12.96664047,80.24778748,73944,73954,10
12.96667957,80.24781799,73954,73964,10
12.96685982,80.24794006,73964,73974,10
12.96741009,80.24819946,73974,73985,11
12.96827984,80.24855804,73985,73995,10
12.96928024,80.24893188,73995,74005,10
12.9704504,80.24942017,74005,74015,10
12.97169971,80.24981689,74015,74025,10
12.9730196,80.25018311,74025,74035,10
12.97426987,80.25048065,74035,74045,10
12.97556973,80.25086975,74045,74055,10
12.97686958,80.25125885,74055,74066,11
12.97854042,80.25232697,74066,74086,20
12.97854042,80.25232697,74086,74096,10
12.97879982,80.25244141,74096,74106,10
12.97974968,80.25257111,74106,74167,61
12.97974968,80.25257111,74167,74177,10
12.98007965,80.25261688,74177,74187,10
12.98071957,80.25260162,74187,74197,10
12.98155022,80.25257874,74197,74207,10
12.98254013,80.25254822,74207,74218,11
12.98377991,80.25235748,74218,74228,10
12.98499966,80.25202942,74228,74238,10
12.98614025,80.25170898,74238,74289,51
12.98614025,80.25170898,74289,74299,10
12.98641968,80.25164795,74299,74309,10
12.98694992,80.25150299,74309,74319,10
12.98746014,80.25137329,74319,74329,10
12.98793983,80.25124359,74329,74339,10
12.98869038,80.25106812,74339,74349,10
12.98939037,80.25087738,74349,74359,10
12.9895401,80.25084686,74359,74370,11
12.98974037,80.2507782,74370,74380,10
12.99034023,80.2506485,74380,74390,10
12.99112034,80.25047302,74390,74400,10
12.99192047,80.2502594,74400,74410,10
12.99263954,80.25009155,74410,74420,10
12.99351978,80.24986267,74420,74430,10
12.9946003,80.24958038,74430,74441,11
12.99588013,80.24926758,74441,74451,10
12.99674988,80.24900818,74451,74461,10
12.99701023,80.24893188,74461,74471,10
12.99761963,80.2487793,74471,74481,10
12.99847984,80.24858093,74481,74491,10
12.99954033,80.24832153,74491,74501,10
13.00059986,80.24804688,74501,74511,10
13.00187969,80.24772644,74511,74522,11
13.00304985,80.24751282,74522,74532,10
13.00415039,80.24736023,74532,74542,10
13.00524044,80.24720001,74542,74552,10
13.00601006,80.2469635,74552,74562,10
13.00636005,80.24668884,74562,74572,10
13.00636005,80.24665833,74572,74582,10
13.00646973,80.24645233,74582,74593,11
13.00658989,80.24575806,74593,74603,10
13.00660038,80.24491882,74603,74613,10
13.00656986,80.24424744,74613,74623,10
13.00652027,80.24382019,74623,74633,10
13.00650024,80.24330902,74633,74643,10
13.00650024,80.2425766,74643,74653,10
13.00650024,80.24169922,74653,74663,10
13.00658035,80.24099731,74663,74674,11
13.00658035,80.2409668,74674,74684,10
13.00662041,80.24069214,74684,74694,10
13.00662994,80.24067688,74694,74704,10
13.00671005,80.24025726,74704,74714,10
13.00681973,80.23960114,74714,74724,10
13.00701046,80.23867798,74724,74734,10
13.00718021,80.23789978,74734,74745,11
13.00739002,80.23670959,74745,74765,20
13.00739002,80.23670959,74765,74775,10
13.00743961,80.2365036,74775,74785,10
13.00755024,80.23613739,74785,74795,10
13.00769997,80.23549652,74795,74805,10
13.00788021,80.23465729,74805,74815,10
13.00807953,80.23371887,74815,74826,11
13.0082798,80.23259735,74826,74836,10
13.0085001,80.23148346,74836,74846,10
13.00870037,80.23049164,74846,74856,10
13.00887966,80.22955322,74856,74866,10
13.00907993,80.22853851,74866,74876,10
13.00942039,80.22757721,74876,74886,10
13.00984001,80.22660828,74886,74897,11
13.01035976,80.22561646,74897,74907,10
13.01072025,80.22483826,74907,74917,10
13.01099014,80.22425079,74917,74927,10
13.01107025,80.22393799,74927,74937,10
13.01121998,80.22360992,74937,74947,10
13.0114603,80.22309113,74947,74957,10
13.01167965,80.22251892,74957,74967,10
13.01204967,80.22161865,74967,74978,11
13.01229954,80.22141266,74978,74988,10
13.01251984,80.2218399,74988,74998,10
13.01299953,80.22238159,74998,75008,10
13.01358032,80.2230072,75008,75018,10
13.01410007,80.22360229,75018,75028,10
13.0146904,80.22431183,75028,75038,10
13.01513004,80.2246933,75038,75049,11
13.01556969,80.22499847,75049,75059,10
13.01568031,80.22509003,75059,75069,10
13.01583004,80.22518158,75069,75079,10
13.01638031,80.22527313,75079,75089,10
13.01702023,80.22505951,75089,75099,10
13.01819038,80.22460938,75099,75109,10
13.0191803,80.22431946,75109,75119,10
13.02011013,80.22477722,75119,75150,31
13.02011013,80.22477722,75150,75160,10
13.02040958,80.22502136,75160,75170,10
13.02099991,80.22545624,75170,75180,10
13.0216198,80.22589874,75180,75190,10
13.02213001,80.22628784,75190,75201,11
13.0226202,80.22669983,75201,75211,10
13.02318954,80.22720337,75211,75221,10
13.02377033,80.22770691,75221,75231,10
13.02416992,80.22812653,75231,75312,81
13.02423,80.22833252,75312,75363,51
13.02423,80.22833252,75363,75373,10
13.02437019,80.22841644,75373,75383,10
13.0243597,80.2285614,75383,75393,10
13.0241003,80.22844696,75393,75403,10
13.02381992,80.22811127,75403,75413,10
13.02348042,80.22775269,75413,75434,21
13.02348042,80.22775269,75434,75444,10
13.02340984,80.22770691,75444,75454,10
13.02313042,80.22740173,75454,75464,10
13.0227499,80.2270813,75464,75474,10
13.02243042,80.22676849,75474,75484,10
13.02196026,80.22634888,75484,75494,10
13.02145004,80.22592926,75494,75505,11
13.02077961,80.22540283,75505,75515,10
13.02031994,80.22509766,75515,75525,10
13.02005959,80.22493744,75525,75535,10
13.0196104,80.224617,75535,75545,10
13.01891041,80.22451019,75545,75555,10
13.01823044,80.22476196,75555,75565,10
13.01749039,80.22506714,75565,75576,11
13.01661015,80.22541809,75576,75586,10
13.01613998,80.22559357,75586,75596,10
13.01562023,80.22576141,75596,75606,10
13.01504993,80.22599792,75606,75616,10
13.0144701,80.22621918,75616,75626,10
13.01430988,80.22627258,75626,75636,10
13.01420975,80.22631836,75636,75646,10
13.01373959,80.22650146,75646,75657,11
13.01292992,80.2268219,75657,75667,10
13.0120697,80.22715759,75667,75677,10
13.01109982,80.22756195,75677,75687,10
13.01012039,80.22795868,75687,75697,10
13.00930023,80.2283783,75697,75707,10
13.00909042,80.22917938,75707,75717,10
13.00885963,80.23034668,75717,75819,102
13.00885963,80.23034668,75819,75829,10
13.00881958,80.23049927,75829,75839,10
13.00872993,80.23097992,75839,75849,10
13.00856018,80.23177338,75849,75859,10
13.00839996,80.23265839,75859,75869,10
13.00829983,80.23351288,75869,75880,11
13.00829029,80.23356628,75880,75890,10
13.00825977,80.23370361,75890,75900,10
13.0081501,80.23407745,75900,75910,10
13.0080204,80.23468018,75910,75920,10
13.00786018,80.23535156,75920,75930,10
13.00769997,80.23622131,75930,75940,10
13.00747967,80.23731995,75940,75950,10
13.00724983,80.23851776,75950,75961,11
13.00697994,80.23983765,75961,75971,10
13.00687027,80.24067688,75971,75981,10
13.00687981,80.24085999,75981,75991,10
13.00681973,80.2412262,75991,76001,10
13.00677013,80.24195862,76001,76012,11
13.00673962,80.24278259,76012,76022,10
13.00673962,80.24398804,76022,76033,11
13.00673962,80.24495697,76033,76043,10
13.00675964,80.24524689,76043,76053,10
13.00677013,80.24552155,76053,76063,10
13.00675011,80.24562073,76063,76073,10
13.00675011,80.24575043,76073,76083,10
13.00675011,80.24591827,76083,76093,10
13.00679016,80.24617004,76093,76135,42
13.00679016,80.24617004,76135,76144,9
13.00677013,80.24655914,76144,76155,11
13.00675964,80.24680328,76155,76165,10
13.00675011,80.24701691,76165,76175,10
13.00658989,80.24739075,76175,76186,11
13.00615025,80.24739075,76186,76196,10
13.00615025,80.24738312,76196,76206,10
13.00594997,80.24736023,76206,76216,10
13.00537014,80.24736023,76216,76226,10
13.00457954,80.24743652,76226,76236,10
13.00362015,80.24755859,76236,76246,10
13.00249004,80.2477417,76246,76257,11
13.00115967,80.24809265,76257,76267,10
12.99989986,80.24842072,76267,76277,10
12.99864006,80.24871063,76277,76287,10
12.99761963,80.2489624,76287,76297,10
12.99647999,80.24925232,76297,76307,10
12.99528027,80.2495575,76307,76317,10
12.99398994,80.24987793,76317,76327,10
12.99265003,80.25021362,76327,76338,11
12.99104023,80.25066376,76338,76358,20
12.99104023,80.25066376,76358,76368,10
12.99094009,80.25068665,76368,76378,10
12.9904604,80.2507782,76378,76388,10
12.98970985,80.2509613,76388,76398,10
12.98894024,80.25115204,76398,76409,11
12.98814011,80.25141144,76409,76510,101
12.98814011,80.25141144,76510,76520,10
12.98799992,80.25141144,76520,76530,10
12.98762035,80.25148773,76530,76540,10
12.98690033,80.25167847,76540,76550,10
12.98602009,80.25189972,76550,76561,11
12.98490047,80.25221252,76561,76571,10
12.98373032,80.25251007,76571,76581,10
12.98246002,80.25267792,76581,76591,10
12.98122025,80.25269318,76591,76601,10
12.98023033,80.2527771,76601,76642,41
12.98023033,80.2527771,76642,76652,10
12.97994995,80.25273132,76652,76662,10
12.97945023,80.25269318,76662,76672,10
12.97902966,80.25263977,76672,76682,10
12.97887993,80.25263214,76682,76692,10
12.97844028,80.25241852,76692,76702,10
12.97780991,80.25192261,76702,76713,11
12.97688961,80.25134277,76713,76723,10
12.97579956,80.25099945,76723,76733,10
12.97465038,80.2506485,76733,76743,10
12.97350979,80.25034332,76743,76753,10
12.97237968,80.25005341,76753,76763,10
12.97122955,80.24976349,76763,76773,10
12.97012997,80.24939728,76773,76783,10
12.96912003,80.24897003,76783,76794,11
12.96796989,80.2485199,76794,76804,10
12.96691036,80.24803925,76804,76814,10
12.96594048,80.24762726,76814,76824,10
12.96529007,80.24739838,76824,76834,10
12.96529007,80.24738312,76834,76844,10
12.96514988,80.24729156,76844,76854,10
12.96463013,80.24710846,76854,76865,11
12.96370983,80.24677277,76865,76875,10
12.96273041,80.24633026,76875,76885,10
12.96160984,80.24581146,76885,76895,10
12.96051979,80.24533081,76895,76905,10
12.95965004,80.24494171,76905,76915,10
12.95942974,80.24482727,76915,76925,10
12.95936012,80.24481201,76925,76935,10
12.9589901,80.24462128,76935,76946,11
12.95829964,80.24429321,76946,76956,10
12.95771027,80.24404907,76956,76966,10
12.95691967,80.24384308,76966,76976,10
12.95645046,80.24369812,76976,76986,10
12.95643997,80.24369049,76986,76996,10
12.95602036,80.24355316,76996,77006,10
12.95547962,80.24323273,77006,77017,11
12.95466042,80.24281311,77017,77027,10
12.9538002,80.24243164,77027,77037,10
12.95285988,80.24201202,77037,77047,10
12.95191002,80.24169159,77047,77057,10
12.95174026,80.24163055,77057,77067,10
12.95143032,80.241539,77067,77077,10
12.95081997,80.24133301,77077,77088,11
12.94991016,80.24107361,77088,77098,10
12.94923973,80.2408371,77098,77108,10
12.94917965,80.24080658,77108,77118,10
12.94890022,80.24072266,77118,77128,10
12.94830036,80.24046326,77128,77138,10
12.94752026,80.24014282,77138,77148,10
12.94715977,80.24001312,77148,77158,10
12.94701004,80.23999023,77158,77169,11
12.9464798,80.23973846,77169,77179,10
12.94579029,80.23941803,77179,77189,10
12.94507027,80.23892975,77189,77199,10
12.94435978,80.23815918,77199,77209,10
12.94353962,80.2372818,77209,77219,10
12.94252014,80.23651886,77219,77229,10
12.94124031,80.23615265,77229,77240,11
12.94013023,80.23587799,77240,77250,10
12.9399004,80.23574829,77250,77260,10
12.93982983,80.23571777,77260,77270,10
12.93939018,80.23554993,77270,77280,10
12.93871021,80.23522186,77280,77290,10
12.93787956,80.23486328,77290,77300,10
12.93686962,80.23439789,77300,77310,10
12.93583012,80.23391724,77310,77321,11
12.93470001,80.23345947,77321,77331,10
12.93387985,80.233078,77331,77341,10
12.93385983,80.23307037,77341,77353,12
12.93362999,80.23296356,77353,77363,10
12.9330101,80.2326889,77363,77373,10
12.93210983,80.23236084,77373,77383,10
12.93113995,80.23200989,77383,77394,11
12.92984962,80.23162842,77394,77405,11
12.92858028,80.23133087,77405,77414,9
12.9272604,80.23114014,77414,77425,11
12.92601013,80.23104858,77425,77435,10
12.92582035,80.23103333,77435,77445,10
12.92543983,80.23097229,77445,77455,10
12.92481995,80.23088837,77455,77466,11
12.92391968,80.23075104,77466,77476,10
12.92294025,80.23061371,77476,77486,10
12.92175961,80.23040771,77486,77496,10
12.92047024,80.23026276,77496,77506,10
12.9191103,80.23008728,77506,77516,10
12.91775036,80.22994232,77516,77526,10
12.91660976,80.22976685,77526,77536,10
12.9154501,80.22960663,77536,77547,11
12.91405964,80.22942352,77547,77557,10
12.91320038,80.22936249,77557,77567,10
12.91318035,80.2293396,77567,77577,10
12.91304016,80.22931671,77577,77587,10
12.91250038,80.22920227,77587,77597,10
12.91168022,80.22910309,77597,77607,10
12.91069031,80.2289505,77607,77618,11
12.90942001,80.22872925,77618,77628,10
12.90822029,80.22849274,77628,77637,9
12.90725994,80.22841644,77637,77658,21
12.90725994,80.22841644,77658,77668,10
12.90703011,80.22846222,77668,77678,10
12.90662003,80.22840881,77678,77688,10
12.90606022,80.22834778,77688,77699,11
12.90499973,80.22827911,77699,77709,10
12.90402031,80.22821045,77709,77719,10
12.90295982,80.22815704,77719,77729,10
12.90200043,80.22810364,77729,77739,10
12.90149975,80.22807312,77739,77800,61
12.90149975,80.22807312,77800,77810,10
12.90137005,80.22810364,77810,77820,10
12.90120029,80.22808838,77820,77830,10
12.90079975,80.2280426,77830,77840,10
12.90017986,80.2279892,77840,77851,11
12.89974976,80.22795105,77851,77861,10
12.89951992,80.22795105,77861,77871,10
12.89929008,80.22795105,77871,77881,10
12.8990202,80.22792053,77881,77891,10
12.89842033,80.22786713,77891,77901,10
12.89764023,80.22782898,77901,77911,10
12.89667034,80.22781372,77911,77922,11
12.89542007,80.22775269,77922,77932,10
12.89435959,80.22769928,77932,77942,10
12.8933897,80.2276001,77942,77952,10
12.8928299,80.22753143,77952,77962,10
12.89231968,80.22750854,77962,77972,10
12.8915596,80.22749329,77972,77982,10
12.8906002,80.22746277,77982,77992,10
12.88945007,80.22744751,77992,78003,11
12.88825989,80.22738647,78003,78013,10
12.88735008,80.22731781,78013,78023,10
12.8863802,80.22709656,78023,78033,10
12.88531971,80.22685242,78033,78043,10
12.88494015,80.22679901,78043,78053,10
12.88486958,80.22680664,78053,78063,10
12.88442039,80.2268219,78063,78074,11
12.88356018,80.22679138,78074,78084,10
12.88259029,80.22679138,78084,78094,10
12.88142014,80.22679138,78094,78104,10
12.88012981,80.22680664,78104,78114,10
12.87884045,80.22683716,78114,78124,10
12.87775993,80.22689819,78124,78134,10
12.87681007,80.22699738,78134,78144,10
12.87656021,80.22704315,78144,78155,11
12.87598038,80.22705841,78155,78165,10
12.87516022,80.22701263,78165,78175,10
12.8741703,80.22686005,78175,78185,10
12.87318039,80.22679138,78185,78195,10
12.8725996,80.22679901,78195,78205,10
12.87254047,80.22680664,78205,78215,10
12.87209988,80.22679901,78215,78226,11
12.87125969,80.22675323,78226,78236,10
12.87030029,80.22667694,78236,78246,10
12.86917973,80.22653198,78246,78257,11
12.86818027,80.22644043,78257,78266,9
12.8666296,80.22657776,78266,78277,11
12.86520958,80.22666931,78277,78287,10
12.86386013,80.22660065,78287,78297,10
12.86250019,80.22662354,78297,78308,11
12.86104965,80.22664642,78308,78318,10
12.85986996,80.22651672,78318,78328,10
12.85877991,80.22637939,78328,78338,10
12.85805988,80.22631073,78338,78348,10
12.85715008,80.22634125,78348,78358,10
12.85608006,80.22646332,78358,78368,10
12.85486031,80.22657776,78368,78379,11
12.85340977,80.22673035,78379,78389,10
12.85200977,80.22673035,78389,78399,10
12.85079956,80.22672272,78399,78409,10
12.85062027,80.22669983,78409,78419,10
12.85023975,80.22673035,78419,78429,10
12.84957981,80.22669983,78429,78439,10
12.8487196,80.22669983,78439,78450,11
12.84751034,80.22669983,78450,78460,10
12.84591961,80.22669983,78460,78500,40
12.84591961,80.22669983,78500,78510,10
12.84539986,80.22667694,78510,78531,21
12.84539986,80.22667694,78531,78541,10
12.84517002,80.22669983,78541,78551,10
12.8445797,80.22672272,78551,78561,10
12.84372997,80.22680664,78561,78571,10
12.84270954,80.22698975,78571,78581,10
12.84152985,80.22727203,78581,78591,10
12.84041023,80.22756958,78591,78602,11
12.83967972,80.22773743,78602,78622,20
12.83967972,80.22773743,78622,78632,10
12.83934975,80.22782135,78632,78642,10
12.83872032,80.2279892,78642,78652,10
12.83786964,80.22823334,78652,78662,10
12.83683968,80.22840118,78662,78672,10
12.8355999,80.22859955,78672,78683,11
12.83413982,80.2288208,78683,78693,10
12.83298016,80.22904968,78693,78703,10
12.83236027,80.22918701,78703,78713,10
12.83234978,80.22920227,78713,78723,10
12.83199978,80.22927856,78723,78733,10
12.83135033,80.22942352,78733,78743,10
12.83051014,80.22972107,78743,78754,11
12.82933044,80.23017883,78754,78764,10
12.82816029,80.23075867,78764,78774,10
12.82693958,80.23136139,78774,78784,10
12.8256197,80.23149872,78784,78794,10
12.82429028,80.23135376,78794,78804,10
12.82293034,80.23094177,78804,78814,10
12.82159042,80.2305603,78814,78824,10
12.82026005,80.23053741,78824,78835,11
12.81898975,80.23053741,78835,78845,10
12.81882,80.23052979,78845,78855,10
12.81861019,80.23040771,78855,78865,10
12.81797981,80.2301178,78865,78875,10
12.81709003,80.22973633,78875,78885,10
12.8159399,80.22950745,78885,78895,10
12.81466007,80.22931671,78895,78906,11
12.81320953,80.22891998,78906,78916,10
12.81196022,80.22847748,78916,78926,10
12.81075954,80.22801208,78926,78936,10
12.80965042,80.2275238,78936,78946,10
12.8085804,80.22679901,78946,78956,10
12.80753994,80.22593689,78956,78966,10
12.80652046,80.22505188,78966,78976,10
12.80560017,80.22427368,78976,78987,11
12.80484009,80.22406769,78987,78997,10
12.80482006,80.22406769,78997,79007,10
12.80455971,80.22402191,79007,79017,10
12.80391979,80.22396088,79017,79027,10
12.80309963,80.22389221,79027,79037,10
12.80206013,80.22373199,79037,79047,10
12.8010397,80.22364807,79047,79058,11
12.80070019,80.22364044,79058,79068,10
12.80012989,80.22357941,79068,79078,10
12.79930973,80.22348785,79078,79088,10
12.79823017,80.22338867,79088,79098,10
12.79691029,80.22316742,79098,79108,10
12.79561043,80.22293854,79108,79118,10
12.79450035,80.22274017,79118,79128,10
12.79327965,80.22257233,79128,79139,11
12.79185009,80.22232056,79139,79149,10
12.79055977,80.22200775,79149,79159,10
12.78942013,80.22167206,79159,79169,10
12.78841972,80.22128296,79169,79179,10
12.78752041,80.22096252,79179,79189,10
12.78680038,80.22070313,79189,79220,31
12.78680038,80.22070313,79220,79230,10
12.78654003,80.22054291,79230,79240,10
12.78617001,80.22045898,79240,79250,10
12.78612995,80.22084045,79250,79260,10
12.78612995,80.22138214,79260,79270,10
12.78627014,80.22180939,79270,79280,10
12.78612995,80.22180176,79280,79301,21
12.78612995,80.22180176,79301,79311,10
12.7862196,80.22155762,79311,79321,10
12.78616047,80.22112274,79321,79331,10
12.78614998,80.22061157,79331,79341,10
12.78633976,80.22039032,79341,79351,10
12.78647995,80.22042847,79351,79362,11
12.78684998,80.22058105,79362,79372,10
12.78752041,80.22080994,79372,79382,10
12.78833008,80.221138,79382,79392,10
12.78927994,80.22148132,79392,79402,10
12.79004955,80.22171021,79402,79412,10
12.79108047,80.22196198,79412,79422,10
12.79234028,80.22228241,79422,79432,10
12.79349995,80.22247314,79432,79443,11
12.79469013,80.22264099,79443,79453,10
12.7957201,80.22281647,79453,79463,10
12.79664993,80.22299957,79463,79473,10
12.79773045,80.22319794,79473,79483,10
12.79891014,80.22332001,79483,79493,10
12.80021,80.22342682,79493,79503,10
12.80130959,80.22353363,79503,79514,11
12.80163956,80.22354889,79514,79524,10
12.80228043,80.22363281,79524,79534,10
12.80313969,80.22376251,79534,79544,10
12.80420017,80.22383881,79544,79554,10
12.80519009,80.22399139,79554,79564,10
12.80607033,80.22454071,79564,79574,10
12.80677986,80.22515106,79574,79584,10
12.80735016,80.22567749,79584,79595,11
12.80819035,80.22641754,79595,79605,10
12.80912971,80.22718048,79605,79615,10
12.81025982,80.22773743,79615,79625,10
12.81145,80.22820282,79625,79635,10
12.81268024,80.22862244,79635,79645,10
12.81402016,80.22904205,79645,79655,10
12.81544971,80.22924805,79655,79666,11
12.81700993,80.22955322,79666,79676,10
12.81832981,80.23013306,79676,79686,10
12.81962013,80.2304306,79686,79696,10
12.82079983,80.2303772,79696,79706,10
12.82207012,80.23053741,79706,79716,10
12.82334042,80.23091888,79716,79726,10
12.82462025,80.23123932,79726,79737,11
12.82584,80.23130798,79737,79747,10
12.8271904,80.23111725,79747,79757,10
12.82831955,80.2305069,79757,79767,10
12.82946968,80.22992706,79767,79777,10
12.83065033,80.22947693,79777,79787,10
12.83115005,80.22928619,79787,79797,10
12.83146954,80.22915649,79797,79807,10
12.83180046,80.22907257,79807,79818,11
12.83257008,80.22891998,79818,79828,10
12.83343983,80.22879028,79828,79838,10
12.83454037,80.22860718,79838,79848,10
12.83572006,80.22841644,79848,79858,10
12.83685017,80.22824097,79858,79868,10
12.83800983,80.22802734,79868,79878,10
12.83895969,80.22779846,79878,79888,10
12.83944035,80.22766113,79888,79899,11
12.8398304,80.22754669,79899,79909,10
12.84055042,80.22733307,79909,79919,10
12.84150982,80.22705078,79919,79929,10
12.84263039,80.22680664,79929,79939,10
12.84352016,80.22666168,79939,79949,10
12.84440041,80.2265625,79949,79959,10
12.84527016,80.22648621,79959,79970,11
12.84531021,80.22647095,79970,79980,10
12.84556007,80.22644806,79980,79990,10
12.84619045,80.22646332,79990,80000,10
12.84706974,80.22646332,80000,80010,10
12.8480196,80.22647095,80010,80020,10
12.84908009,80.22646332,80020,80030,10
12.84953022,80.22646332,80030,80040,10
12.84992027,80.22644806,80040,80051,11
12.84994984,80.22644806,80051,80061,10
12.85007954,80.22646332,80061,80071,10
12.85033035,80.22644043,80071,80132,61
12.85033035,80.22644043,80132,80142,10
12.85077,80.22647858,80142,80152,10
12.85149002,80.22650909,80152,80162,10
12.85243988,80.22657013,80162,80172,10
12.85361004,80.22653198,80172,80182,10
12.85488987,80.22640228,80182,80192,10
12.85639,80.22622681,80192,80203,11
12.85772038,80.22612,80203,80213,10
12.85828972,80.22615051,80213,80223,10
12.85877991,80.2261734,80223,80233,10
12.85958004,80.22631073,80233,80243,10
12.86063004,80.22644043,80243,80253,10
12.86120033,80.22646332,80253,80263,10
12.86133957,80.22646332,80263,80274,11
12.86200047,80.22641754,80274,80284,10
12.86287975,80.22638702,80284,80294,10
12.86392021,80.22641754,80294,80304,10
12.86515045,80.22646332,80304,80314,10
12.86643982,80.2264328,80314,80324,10
12.86773968,80.22631836,80324,80334,10
12.86911964,80.22633362,80334,80344,10
12.87042046,80.22650146,80344,80355,11
12.87170982,80.22654724,80355,80365,10
12.87257957,80.22657013,80365,80375,10
12.87362957,80.22660828,80375,80385,10
12.8748703,80.22676086,80385,80395,10
12.87605,80.22685242,80395,80405,10
12.87703991,80.22680664,80405,80415,10
12.87804985,80.22673035,80415,80426,11
12.87913036,80.22667694,80426,80436,10
12.88026047,80.22663879,80436,80446,10
12.88144016,80.22662354,80446,80456,10
12.88263035,80.22660828,80456,80466,10
12.88381958,80.22659302,80466,80476,10
12.88484955,80.22657776,80476,80486,10
12.88519955,80.22660828,80486,80496,10
12.88554001,80.22666168,80496,80507,11
12.88632011,80.22688293,80507,80517,10
12.88718987,80.22708893,80517,80527,10
12.88813972,80.22718811,80527,80537,10
12.88914013,80.22722626,80537,80547,10
12.89015007,80.22724152,80547,80557,10
12.89111996,80.22725677,80557,80567,10
12.8920002,80.22725677,80567,80578,11
12.89235973,80.22725677,80578,80588,10
12.89288998,80.22733307,80588,80598,10
12.89369011,80.22743225,80598,80608,10
12.89463043,80.2275238,80608,80618,10
12.89552021,80.22754669,80618,80628,10
12.89645958,80.22757721,80628,80638,10
12.89750957,80.22760773,80638,80648,10
12.89855003,80.22766876,80648,80659,11
12.89962006,80.22775269,80659,80669,10
12.90060043,80.22779846,80669,80730,61
12.90060043,80.22779846,80730,80740,10
12.90071011,80.22779083,80740,80750,10
12.90104961,80.22782135,80750,80760,10
12.90170956,80.2278595,80760,80770,10
12.90256977,80.22789001,80770,80780,10
12.90275002,80.22789764,80780,80790,10
12.90318966,80.22794342,80790,80801,11
12.90404987,80.22801208,80801,80811,10
12.9049902,80.22810364,80811,80821,10
12.90610981,80.22818756,80821,80831,10
12.90662003,80.22817993,80831,80841,10
12.90697956,80.22817993,80841,80851,10
12.90734959,80.22824097,80851,80861,10
12.90810013,80.22834778,80861,80871,10
12.90909004,80.22853088,80871,80882,11
12.91044044,80.22875214,80882,80892,10
12.9117403,80.22894287,80892,80902,10
12.91312027,80.22913361,80902,80912,10
12.91446972,80.22930908,80912,80922,10
12.9158802,80.22949982,80922,80932,10
12.91726971,80.22968292,80932,80941,9
12.91843987,80.22985077,80941,80953,12
12.91977024,80.23002625,80953,80963,10
12.92076015,80.23014832,80963,80973,10
12.92175007,80.23029327,80973,80983,10
12.92298031,80.23046875,80983,80993,10
12.92426014,80.23065948,80993,81003,10
12.92549992,80.23079681,81003,81013,10
12.92677021,80.23097229,81013,81023,10
12.92801952,80.23114014,81023,81034,11
12.92895985,80.23127747,81034,81044,10
12.92986012,80.23146057,81044,81054,10
12.9309597,80.23175812,81054,81064,10
12.93220043,80.23214722,81064,81074,10
12.93338013,80.23258209,81074,81084,10
12.93375969,80.23272705,81084,81094,10
12.93389988,80.23280334,81094,81105,11
12.93453979,80.23310089,81105,81115,10
12.93537998,80.23348236,81115,81125,10
12.93634033,80.23394012,81125,81135,10
12.93745995,80.23449707,81135,81145,10
12.93863964,80.2350769,81145,81155,10
12.93957043,80.23552704,81155,81165,10
12.93972015,80.23558044,81165,81175,10
12.93990993,80.235672,81175,81186,11
12.94062996,80.23586273,81186,81196,10
12.94153023,80.23607635,81196,81206,10
12.94260025,80.23641205,81206,81216,10
12.94355965,80.23712921,81216,81226,10
12.9443903,80.23809814,81226,81236,10
12.94524956,80.23899841,81236,81246,10
12.94631004,80.23953247,81246,81257,11
12.94707966,80.23986053,81257,81267,10
12.94723988,80.23993683,81267,81277,10
12.94783974,80.2401886,81277,81287,10
12.9486599,80.24050903,81287,81297,10
12.94970989,80.24091339,81297,81307,10
12.95094013,80.24127197,81307,81317,10
12.95213985,80.2416687,81317,81327,10
12.95333004,80.24214172,81327,81338,11
12.95460033,80.24265289,81338,81348,10
12.95534039,80.24291229,81348,81358,10
12.95619011,80.24320221,81358,81368,10
12.95648003,80.24333191,81368,81378,10
12.95699978,80.24356842,81378,81388,10
12.95779037,80.243927,81388,81398,10
12.95882988,80.24436188,81398,81409,11
12.96016026,80.24494934,81409,81419,10
12.96140957,80.24559021,81419,81429,10
12.96267033,80.24623108,81429,81439,10
12.96327972,80.24653625,81439,81469,30
12.96327972,80.24653625,81469,81479,10
12.96364021,80.24668884,81479,81490,11
12.96442032,80.2469635,81490,81500,10
12.96535969,80.24727631,81500,81510,10
12.96636963,80.24765015,81510,81520,10
12.96662045,80.24775696,81520,81530,10
12.96681976,80.24787903,81530,81540,10
12.9673996,80.24816895,81540,81550,10
12.96819019,80.2485199,81550,81561,11
12.96934032,80.24897766,81561,81571,10
12.97056007,80.24945068,81571,81581,10
12.97189045,80.24983215,81581,81591,10
12.97327995,80.25019073,81591,81601,10
12.97467041,80.25055695,81601,81611,10
12.97609043,80.25099182,81611,81621,10
12.97741032,80.25145721,81621,81631,10
12.97844028,80.25225067,81631,81642,11
12.97877026,80.25243378,81642,81652,10
12.97918034,80.25253296,81652,81662,10
12.97951031,80.25257111,81662,81672,10
12.97964954,80.25258636,81672,81682,10
12.98019981,80.25260162,81682,81692,10
12.98097992,80.25257874,81692,81702,10
12.98196983,80.25257111,81702,81713,11
12.98334026,80.25245667,81713,81723,10
12.98453999,80.25215149,81723,81733,10
12.98577976,80.25183868,81733,81743,10
12.98690033,80.25154114,81743,81753,10
12.98806,80.25121307,81753,81763,10
12.98923016,80.25090027,81763,81773,10
12.98943043,80.25083923,81773,81783,10
12.98970985,80.25076294,81783,81794,11
12.99048042,80.25058746,81794,81804,10
12.99139977,80.25035858,81804,81814,10
12.99252033,80.25009918,81814,81824,10
12.99372959,80.24978638,81824,81834,10
12.99505043,80.24945831,81834,81844,10
12.99639034,80.2490921,81844,81854,10
12.99765968,80.24878693,81854,81865,11
12.99938011,80.24836731,81865,81875,10
13.00080013,80.2480011,81875,81885,10
13.00224018,80.24764252,81885,81895,10
13.00372028,80.24736786,81895,81905,10
13.00514984,80.24716187,81905,81915,10
13.00632,80.24671173,81915,81925,10
13.00652981,80.24601746,81925,81935,10
13.00656033,80.2452774,81935,81946,11
13.00656986,80.24421692,81946,81956,10
13.0065403,80.24308777,81956,81966,10
13.00654984,80.24217987,81966,81976,10
13.00658035,80.24107361,81976,81986,10
13.00681019,80.23982239,81986,81996,10
13.00702,80.2385025,81996,82006,10
13.00730038,80.23726654,82006,82017,11
13.00755024,80.23587036,82017,82027,10
13.00782013,80.23455811,82027,82037,10
13.00809956,80.23316956,82037,82047,10
13.00837994,80.23166656,82047,82057,10
13.00866985,80.23016357,82057,82067,10
13.00899982,80.22870636,82067,82077,10
13.00948048,80.22736359,82077,82087,10
13.01008987,80.2260437,82087,82098,11
13.01074028,80.22460175,82098,82108,10
13.01111984,80.22364044,82108,82118,10
13.01121998,80.22338867,82118,82128,10
13.01119995,80.22332764,82128,82138,10
13.01140976,80.22290039,82138,82148,10
13.01169968,80.22206879,82148,82158,10
13.01214027,80.22132874,82158,82169,11
13.01253033,80.2218399,82169,82179,10
13.01309013,80.2224884,82179,82189,10
13.01377964,80.22324371,82189,82199,10
13.01445007,80.22403717,82199,82209,10
13.01515007,80.22473907,82209,82219,10
13.01554012,80.22502899,82219,82229,10
13.01566982,80.22512054,82229,82239,10
13.01624012,80.22527313,82239,82250,11
13.01729965,80.22493744,82250,82260,10
13.01844025,80.22447968,82260,82270,10
13.02015018,80.22480774,82270,82290,20
13.02015018,80.22480774,82290,82300,10
13.02017975,80.22493744,82300,82310,10
13.02054024,80.22515869,82310,82321,11
13.02126026,80.22569275,82321,82331,10
13.02210045,80.22633362,82331,82341,10
13.0229702,80.22709656,82341,82351,10
13.02385044,80.2279129,82351,82361,10
13.0243597,80.22841644,82361,82412,51
13.0243597,80.22841644,82412,82422,10
13.02431011,80.22856903,82422,82432,10
13.02398968,80.22821045,82432,82442,10
13.02340984,80.22762299,82442,82452,10
13.0226202,80.22692108,82452,82462,10
13.02163982,80.22609711,82462,82473,11
13.0204401,80.22521973,82473,82483,10
13.01931,80.22454834,82483,82493,10
13.01805973,80.22479248,82493,82503,10
13.01694012,80.22524261,82503,82513,10
13.01599979,80.2256012,82513,82523,10
13.01513004,80.22590637,82523,82533,10
13.01443958,80.2261734,82533,82543,10
13.01414013,80.22605896,82543,82554,11
