13.09883976,80.23993683,18,2411,2393
13.09867001,80.24008179,2411,2482,71
13.09883976,80.23999023,2482,5299,2817
13.09883976,80.23999023,5299,5310,11
13.09864044,80.24015045,5310,5320,10
13.09856987,80.24044037,5320,5330,10
13.09854031,80.24056244,5330,5340,10
13.09852028,80.24079132,5340,5350,10
13.09856033,80.24089813,5350,5360,10
13.09862995,80.24108887,5360,5441,81
13.09862995,80.24108887,5441,5451,10
13.09867001,80.24093628,5451,9934,4483
13.09856033,80.2407608,9934,10752,818
13.09860039,80.24076843,10752,18715,7963
13.09860039,80.24076843,18715,18725,10
13.09858036,80.2407608,18725,22522,3797
13.09858036,80.2407608,22522,22532,10
13.09862995,80.24075317,22532,22542,10
13.09885025,80.2407608,22542,22552,10
13.09904003,80.24095917,22552,22562,10
13.09879017,80.2412796,22562,25775,3213
13.09879017,80.2412796,25775,25785,10
13.09891033,80.24131775,25785,25795,10
13.09885979,80.24150085,25795,25805,10
13.09885025,80.24167633,25805,25815,10
13.09883976,80.2419281,25815,25845,30
13.09883976,80.2419281,25845,25855,10
13.09875011,80.24230194,25855,25936,81
13.09875011,80.24230194,25936,25946,10
13.09862041,80.24240112,25946,25956,10
13.09832954,80.24237061,25956,25967,11
13.09751034,80.24221039,25967,26057,90
13.09751034,80.24221039,26057,26068,11
13.0974102,80.24204254,26068,26078,10
13.09753036,80.24156189,26078,26088,10
13.09762955,80.24085999,26088,26098,10
13.09772015,80.24002075,26098,26108,10
13.09778023,80.23925018,26108,26118,10
13.09782028,80.23860931,26118,26128,10
13.09784031,80.23847198,26128,26138,10
13.09794044,80.23800659,26138,26148,10
13.09803963,80.23754883,26148,26158,10
13.09811974,80.23703766,26158,26169,11
13.09825039,80.23628235,26169,26179,10
13.09838009,80.23558044,26179,26189,10
13.09848976,80.23468018,26189,26205,16
13.09858036,80.2338028,26205,26217,12
13.09867954,80.23301697,26217,26227,10
13.09883022,80.23230743,26227,26237,10
13.09930038,80.23117828,26237,26247,10
13.09953022,80.23062897,26247,26257,10
13.09969044,80.23007965,26257,26267,10
13.09980011,80.22959137,26267,26278,11
13.09988976,80.22898102,26278,26288,10
13.09998989,80.22840881,26288,26298,10
13.10007,80.22769928,26298,26308,10
13.10006046,80.22670746,26308,26318,10
13.0999403,80.22569275,26318,26328,10
13.09978008,80.22485352,26328,26338,10
13.09953976,80.22400665,26338,26348,10
13.09930038,80.22366333,26348,26358,10
13.09906006,80.22337341,26358,26368,10
13.09885025,80.22309113,26368,26379,11
13.09873009,80.22265625,26379,26389,10
13.09875965,80.22183228,26389,26399,10
13.09889984,80.22093964,26399,26409,10
13.09897995,80.22044373,26409,26419,10
13.09904957,80.22000885,26419,26429,10
13.09910011,80.21974182,26429,26439,10
13.09914017,80.21955872,26439,26449,10
13.09916019,80.21941376,26449,26459,10
13.09922981,80.21909332,26459,26469,10
13.09932995,80.21842194,26469,26480,11
13.09951973,80.21737671,26480,26490,10
13.09978008,80.2164917,26490,26500,10
13.09990978,80.21591187,26500,26510,10
13.10002995,80.2155838,26510,26520,10
13.10023975,80.21469116,26520,26570,50
13.10023975,80.21469116,26570,26581,11
13.10015011,80.2144928,26581,26591,10
13.09988022,80.21440125,26591,26601,10
13.09936047,80.21425629,26601,26611,10
13.09867954,80.21404266,26611,26621,10
13.09840012,80.21427917,26621,26631,10
13.09809971,80.21495819,26631,26641,10
13.09772015,80.21587372,26641,26651,10
13.09741974,80.21665192,26651,26661,10
13.09737968,80.2167511,26661,26671,10
13.09722996,80.21714783,26671,26682,11
13.09694958,80.21794891,26682,26692,10
13.09665012,80.21888733,26692,26702,10
13.09636021,80.21970367,26702,26712,10
13.09607983,80.22048187,26712,26721,9
13.09580994,80.2212677,26721,26732,11
13.09554005,80.2220993,26732,26742,10
13.09543037,80.22241211,26742,26752,10
13.09537029,80.22257233,26752,26762,10
13.09517956,80.22303009,26762,26772,10
13.09469032,80.22380829,26772,26783,11
13.09397984,80.22476196,26783,26793,10
13.09337997,80.22543335,26793,26803,10
13.09267998,80.22615051,26803,26813,10
13.0919199,80.22692108,26813,26823,10
13.09130955,80.22756958,26823,26833,10
13.09125996,80.22763062,26833,26843,10
13.09109974,80.22779846,26843,26853,10
13.09092045,80.22798157,26853,26863,10
13.09047985,80.22843933,26863,26873,10
13.08987999,80.22910309,26873,26884,11
13.08922958,80.2300415,26884,26894,10
13.08911037,80.23033905,26894,26904,10
13.08891964,80.2308197,26904,26914,10
13.08885002,80.2309494,26914,26924,10
13.0887804,80.23108673,26924,26934,10
13.08856964,80.23161316,26934,26944,10
13.08833981,80.23242188,26944,26954,10
13.08810043,80.23343658,26954,26964,10
13.08802032,80.23428345,26964,26974,10
13.08747005,80.23457336,26974,26984,10
13.08666992,80.23454285,26984,26995,11
13.08613968,80.23445892,26995,27005,10
13.08582973,80.23436737,27005,27015,10
13.08518982,80.23422241,27015,27025,10
13.08440971,80.23403168,27025,27035,10
13.08370018,80.23388672,27035,27045,10
13.08304024,80.2338028,27045,27055,10
13.08248043,80.2336731,27055,27065,10
13.08244991,80.23365784,27065,27075,10
13.08226967,80.23362732,27075,27085,10
13.0819397,80.23358917,27085,27096,11
13.08119011,80.23349762,27096,27106,10
13.08034992,80.23352051,27106,27116,10
13.07979965,80.23349762,27116,27126,10
13.07962036,80.23348236,27126,27136,10
13.07935047,80.23352051,27136,27146,10
13.07874012,80.23355865,27146,27162,16
13.07742023,80.23368835,27162,27174,12
13.07637024,80.23387909,27174,27184,10
13.0762701,80.23387909,27184,27195,11
13.0759697,80.23413086,27195,27205,10
13.07608986,80.23480225,27205,27215,10
13.07625961,80.235672,27215,27225,10
13.07639027,80.23660278,27225,27235,10
13.07654953,80.23719788,27235,27245,10
13.07656002,80.23724365,27245,27255,10
13.07656002,80.23739624,27255,27265,10
13.07670021,80.23786163,27265,27316,51
13.07670021,80.23786163,27316,27326,10
13.07674026,80.23806763,27326,27346,20
13.07699013,80.23934174,27346,27358,12
13.07721996,80.24028778,27358,27368,10
13.07736969,80.24095917,27368,27377,9
13.07754993,80.24183655,27377,27388,11
13.07773018,80.24282074,27388,27398,10
13.07785988,80.24385071,27398,27409,11
13.07787991,80.24481964,27409,27419,10
13.07798958,80.24584198,27419,27429,10
13.07814026,80.24678802,27429,27439,10
13.07831955,80.24768829,27439,27448,9
13.07847977,80.24855804,27448,27459,11
13.07866001,80.2492981,27459,27469,10
13.07876015,80.25010681,27469,27479,10
13.07853031,80.25090027,27479,27489,10
13.07861042,80.25158691,27489,27500,11
13.07810974,80.2517395,27500,27511,11
13.07723999,80.25189972,27511,27521,10
13.07629967,80.25209808,27521,27531,10
13.0752697,80.25219727,27531,27541,10
13.07441044,80.25228882,27541,27551,10
13.07406998,80.25231934,27551,27561,10
13.07380962,80.25244904,27561,27571,10
13.07334995,80.25245667,27571,27581,10
13.07285976,80.25240326,27581,27591,10
13.07233047,80.25215912,27591,27601,10
13.07213974,80.25140381,27601,27612,11
13.07188988,80.25055695,27612,27622,10
13.07164001,80.24965668,27622,27638,16
13.07120037,80.24784088,27638,27650,12
13.07067966,80.24669647,27650,27660,10
13.07019997,80.24565887,27660,27670,10
13.0697298,80.24452209,27670,27680,10
13.06939983,80.2435379,27680,27688,8
13.0692997,80.24330139,27688,27700,12
13.0692997,80.24327087,27700,27711,11
13.06925011,80.24282074,27711,27721,10
13.06879044,80.24253082,27721,27731,10
13.06801033,80.24275208,27731,27740,9
13.06729031,80.24299622,27740,27750,10
13.06645966,80.24337769,27750,27761,11
13.06620979,80.24436951,27761,27771,10
13.06639004,80.24543762,27771,27781,10
13.06700039,80.24607849,27781,27791,10
13.06785965,80.24652863,27791,27811,20
13.06785965,80.24652863,27811,27822,11
13.06797028,80.2469635,27822,27832,10
13.06793022,80.24770355,27832,27842,10
13.06729984,80.24786377,27842,27852,10
13.06637955,80.24777985,27852,27862,10
13.06540966,80.24777985,27862,27872,10
13.06406021,80.24768829,27872,27882,10
13.06295013,80.24762726,27882,27892,10
13.06186008,80.24762726,27892,27902,10
13.06138039,80.24700165,27902,27913,11
13.0618,80.24639893,27913,27923,10
13.06204033,80.2454834,27923,27933,10
13.06258011,80.24482727,27933,27943,10
13.06309986,80.24434662,27943,27953,10
13.0632,80.24420166,27953,27963,10
13.06332016,80.24401093,27963,27973,10
13.06344986,80.24352264,27973,27983,10
13.06282997,80.24339294,27983,27993,10
13.06215954,80.24324036,27993,28003,10
13.0614996,80.24313354,28003,28013,10
13.06140041,80.24308777,28013,28024,11
13.06107044,80.2430191,28024,28034,10
13.06040001,80.24279785,28034,28044,10
13.05961037,80.2425766,28044,28053,9
13.05900955,80.24256134,28053,28064,11
13.05879974,80.24259186,28064,28074,10
13.05865955,80.24262238,28074,28084,10
13.05825996,80.24269104,28084,28094,10
13.05755043,80.24278259,28094,28104,10
13.05700016,80.24278259,28104,28114,10
13.05646038,80.24259949,28114,28125,11
13.05572033,80.24230957,28125,28135,10
13.05478001,80.24240875,28135,28144,9
13.05395031,80.24230194,28144,28155,11
13.05377007,80.24224091,28155,28165,10
13.05362988,80.24215698,28165,28175,10
13.05317974,80.24195099,28175,28185,10
13.0527401,80.24182892,28185,28195,10
13.05228996,80.24133301,28195,28205,10
13.05206013,80.24091339,28205,28215,10
13.05187035,80.24075317,28215,28226,11
13.05171013,80.2407074,28226,28236,10
13.05088997,80.24053192,28236,28256,20
13.05088997,80.24053192,28256,28266,10
13.05041027,80.24044037,28266,28276,10
13.04975033,80.24025726,28276,28286,10
13.04909992,80.24012756,28286,28296,10
13.04837036,80.23999023,28296,28306,10
13.04753017,80.23983002,28306,28316,10
13.04666042,80.23963165,28316,28327,11
13.04633999,80.23931885,28327,28337,10
13.04644012,80.23867035,28337,28347,10
13.04658031,80.2379303,28347,28357,10
13.04671001,80.2371521,28357,28367,10
13.04687977,80.23635101,28367,28377,10
13.0469799,80.23596954,28377,28387,10
13.04703999,80.23561096,28387,28397,10
13.04710007,80.23516083,28397,28407,10
13.04718018,80.23445892,28407,28417,10
13.04728985,80.23349762,28417,28428,11
13.04732037,80.23332977,28428,28438,10
13.0473299,80.233078,28438,28448,10
13.04695034,80.2329483,28448,28458,10
13.04625988,80.23284912,28458,28468,10
13.04551029,80.23268127,28468,28478,10
13.04516983,80.23265076,28478,28488,10
13.0450201,80.23265076,28488,28498,10
13.04454041,80.23251343,28498,28508,10
13.04374027,80.23239136,28508,28518,10
13.04300022,80.23235321,28518,28529,11
13.04226971,80.23233795,28529,28539,10
13.04160023,80.23222351,28539,28549,10
13.04082966,80.23201752,28549,28559,10
13.03999043,80.23174286,28559,28569,10
13.03907967,80.23149109,28569,28579,10
13.03812027,80.23124695,28579,28589,10
13.03721046,80.23095703,28589,28599,10
13.03680992,80.23079681,28599,28615,16
13.03590012,80.2305069,28615,28627,12
13.03487015,80.23034668,28627,28638,11
13.03419971,80.23047638,28638,28648,10
13.03415012,80.23046875,28648,28658,10
13.0339098,80.23045349,28658,28668,10
13.03357983,80.23046875,28668,28677,9
13.03353977,80.23046112,28677,28688,11
13.03306961,80.23047638,28688,28698,10
13.03254986,80.23055267,28698,28708,10
13.03188992,80.23062897,28708,28718,10
13.03122044,80.23068237,28718,28729,11
13.03069973,80.23072052,28729,28739,10
13.02991009,80.23081207,28739,28759,20
13.02991009,80.23081207,28759,28769,10
13.02956963,80.23085022,28769,28779,10
13.02898979,80.23088837,28779,28789,10
13.02828026,80.23097992,28789,28799,10
13.02775955,80.23104858,28799,28808,9
13.02775002,80.23143005,28808,28818,10
13.02781963,80.23200989,28818,28829,11
13.02793026,80.23271942,28829,28840,11
13.02700996,80.23296356,28840,28910,70
13.02700996,80.23296356,28910,28920,10
13.02670002,80.23298645,28920,28930,10
13.02635956,80.23275757,28930,28941,11
13.02614021,80.23203278,28941,28951,10
13.0259304,80.23121643,28951,28961,10
13.02552032,80.23021698,28961,28971,10
13.02474976,80.22921753,28971,28991,20
13.02474976,80.22921753,28991,29001,10
13.02470016,80.22914886,29001,29011,10
13.02441025,80.22875977,29011,29021,10
13.0240202,80.22831726,29021,29031,10
13.02398014,80.22827911,29031,29042,11
13.02392006,80.22820282,29042,29052,10
13.02367973,80.22789764,29052,29062,10
13.02328014,80.22750854,29062,29072,10
13.0227499,80.22698212,29072,29082,10
13.02219009,80.22644043,29082,29092,10
13.02136993,80.22579956,29092,29102,10
13.02046013,80.22512817,29102,29112,10
13.01966,80.22463989,29112,29122,10
13.01881981,80.2244873,29122,29132,10
13.01795006,80.22483826,29132,29143,11
13.01696014,80.22525787,29143,29153,10
13.0164299,80.22547913,29153,29163,10
13.01597023,80.22563934,29163,29173,10
13.01521969,80.22592926,29173,29183,10
13.0145998,80.22618103,29183,29203,20
13.0145998,80.22618103,29203,29213,10
13.01451015,80.22621918,29213,29223,10
13.01428032,80.2263031,29223,29233,10
13.01379967,80.22648621,29233,29244,11
13.01329994,80.22664642,29244,29254,10
13.01253033,80.2269516,29254,29264,10
13.01154041,80.22737122,29264,29274,10
13.01041985,80.22782898,29274,29284,10
13.00932026,80.22834015,29284,29294,10
13.00899982,80.22942352,29294,29304,10
13.00877953,80.23061371,29304,29314,10
13.00856018,80.2317276,29314,29324,10
13.00837994,80.23274231,29324,29334,10
13.00831985,80.23319244,29334,29344,10
13.0082798,80.23336792,29344,29355,11
13.00817013,80.23384857,29355,29365,10
13.00806046,80.23442078,29365,29375,10
13.00790977,80.23516846,29375,29385,10
13.00776958,80.23592377,29385,29395,10
13.00759983,80.23677063,29395,29411,16
13.00730038,80.23822021,29411,29423,12
13.00712013,80.23922729,29423,29431,8
13.00702953,80.23972321,29431,29474,43
13.00702953,80.23972321,29474,29484,10
13.00704002,80.23989105,29484,29494,10
13.00691986,80.24060059,29494,29514,20
13.00691986,80.24060059,29514,29524,10
13.00685024,80.2408371,29524,29535,11
13.00677967,80.24157715,29535,29545,10
13.00677013,80.24259186,29545,29556,11
13.00675011,80.24358368,29556,29566,10
13.00673962,80.24421692,29566,29576,10
13.00673008,80.24501801,29576,29586,10
13.00675964,80.2458725,29586,29595,9
13.00679016,80.24646759,29595,29616,21
13.00679016,80.24646759,29616,29626,10
13.00677967,80.24662018,29626,29636,10
13.00679016,80.24713898,29636,29646,10
13.00677013,80.24794006,29646,29657,11
13.00681973,80.2489624,29657,29667,10
13.00691032,80.24957275,29667,29677,10
13.00689983,80.24971771,29677,29687,10
13.00687981,80.25032043,29687,29697,10
13.00687027,80.25081635,29697,29707,10
13.00687027,80.25090027,29707,29717,10
13.00687027,80.25132751,29717,29727,10
13.00673008,80.25192261,29727,29737,10
13.00660992,80.25257874,29737,29747,10
13.00658035,80.25318146,29747,29758,11
13.00658989,80.25405884,29758,29768,10
13.00664043,80.25460052,29768,29778,10
13.00666046,80.25492096,29778,29788,10
13.00666046,80.25498962,29788,29798,10
13.00667,80.25540924,29798,29808,10
13.00667,80.25618744,29808,29818,10
13.00669003,80.25704193,29818,29887,69
13.00669003,80.25704193,29887,29897,10
13.00683975,80.25727081,29897,29907,10
13.00656033,80.25752258,29907,29917,10
13.00594044,80.2574234,29917,29926,9
13.00516033,80.25723267,29926,29937,11
13.00438976,80.25705719,29937,29947,10
13.0036602,80.25692749,29947,29957,10
13.00298977,80.25681305,29957,29968,11
13.00224972,80.25669098,29968,29978,10
13.00177956,80.25662231,29978,30008,30
13.00177956,80.25662231,30008,30018,10
13.00168991,80.25662994,30018,30028,10
13.00137997,80.25657654,30028,30038,10
13.00074005,80.25647736,30038,30048,10
13.00016975,80.25641632,30048,30058,10
13.00012016,80.25637054,30058,30069,11
12.99969959,80.25628662,30069,30079,10
12.99917984,80.25615692,30079,30089,10
12.9985199,80.256073,30089,30099,10
12.99812031,80.25598907,30099,30109,10
12.9975996,80.25596619,30109,30129,20
12.9975996,80.25596619,30129,30139,10
12.99705982,80.25595856,30139,30149,10
12.99687958,80.25682831,30149,30170,21
12.99687958,80.25682831,30170,30180,10
12.99683952,80.25714874,30180,30190,10
12.99682045,80.2572937,30190,30200,10
12.99676037,80.25789642,30200,30210,10
12.99670029,80.25856781,30210,30220,10
12.99664021,80.25907135,30220,30230,10
12.9965601,80.25959778,30230,30240,10
12.99648952,80.26033783,30240,30250,10
12.99639034,80.2614212,30250,30260,10
12.99631977,80.26209259,30260,30271,11
12.99627972,80.26241302,30271,30281,10
12.99621964,80.26280975,30281,30291,10
12.99617958,80.26328278,30291,30301,10
12.99610043,80.26403046,30301,30311,10
12.99600029,80.26490021,30311,30321,10
12.99598026,80.26512146,30321,30331,10
12.99594021,80.26553345,30331,30341,10
12.99584007,80.26635742,30341,30351,10
12.99575996,80.26719666,30351,30361,10
12.9960804,80.2677002,30361,30382,21
12.9960804,80.2677002,30382,30392,10
12.99629974,80.26772308,30392,30402,10
12.99670029,80.26776123,30402,30412,10
12.9972496,80.26763153,30412,30422,10
12.99781036,80.2674408,30422,30432,10
12.99835968,80.26728058,30432,30442,10
12.99894047,80.26711273,30442,30452,10
12.99952984,80.26695251,30452,30462,10
12.99995041,80.26676941,30462,30472,10
13.00006008,80.26667786,30472,30483,11
13.00012016,80.26663208,30483,30493,10
13.00018978,80.26637268,30493,30503,10
13.00022984,80.26592255,30503,30513,10
13.00030041,80.26567841,30513,30523,10
13.00039959,80.26583862,30523,30543,20
13.00039005,80.26615143,30543,31523,980
13.00039005,80.26615143,31523,31533,10
13.00032043,80.2664566,31533,31634,101
13.00032043,80.2664566,31634,31644,10
13.00032997,80.26654816,31644,31654,10
13.00028992,80.26679993,31654,31664,10
12.99991035,80.26696014,31664,31674,10
12.99923992,80.26714325,31674,31684,10
12.99837971,80.26735687,31684,31694,10
12.99755955,80.26760101,31694,31704,10
12.99658012,80.26780701,31704,31714,10
12.99584007,80.26776123,31714,31725,11
12.99567986,80.26737213,31725,31755,30
12.99567986,80.26737213,31755,31765,10
12.99567032,80.2673111,31765,31775,10
12.99571991,80.266922,31775,31785,10
12.99580002,80.26625824,31785,31795,10
12.99582005,80.26570892,31795,31967,172
12.99582005,80.26570892,31967,31977,10
12.9958601,80.26554871,31977,31987,10
12.99590969,80.26515961,31987,31997,10
12.99600029,80.2644577,31997,32007,10
12.99610043,80.26355743,32007,32017,10
12.99615955,80.26277924,32017,32028,11
12.99621964,80.26251221,32028,32038,10
12.99625969,80.26236725,32038,32048,10
12.99627972,80.26191711,32048,32058,10
12.99637032,80.2611618,32058,32068,10
12.99645996,80.26040649,32068,32069,1
12.99647045,80.2603302,32069,32070,1
12.99647999,80.26023865,32070,32116,46
12.99672985,80.25789642,32116,32126,10
12.99685955,80.25705719,32126,32137,11
12.9969101,80.25598145,32137,32147,10
12.99722004,80.25582123,32147,32157,10
12.99785995,80.25588226,32157,32167,10
12.9988699,80.25598145,32167,32187,20
12.9988699,80.25598145,32187,32197,10
12.99923038,80.25610352,32197,32230,33
12.99923038,80.25610352,32230,32240,10
12.99946022,80.2561264,32240,32250,10
13.00006008,80.25624847,32250,32261,11
13.00096035,80.25641632,32261,32271,10
13.00162983,80.25653839,32271,32281,10
13.00238037,80.25665283,32281,32291,10
13.00306988,80.25676727,32291,32301,10
13.00372028,80.25689697,32301,32311,10
13.00450039,80.25704956,32311,32321,10
13.00527954,80.25720215,32321,32331,10
13.00562954,80.25727081,32331,32352,21
13.00562954,80.25727081,32352,32362,10
13.00578022,80.25734711,32362,32372,10
13.0061903,80.25739288,32372,32382,10
13.00652027,80.25730133,32382,32392,10
13.00646973,80.25668335,32392,32402,10
13.00648022,80.2557373,32402,32412,10
13.00650024,80.25476074,32412,32422,10
13.00648022,80.2537384,32422,32432,10
13.00646973,80.25324249,32432,32442,10
13.00648022,80.25324249,32442,32453,11
13.00650024,80.2527771,32453,32463,10
13.00660038,80.25196838,32463,32523,60
13.00660038,80.25196838,32523,32533,10
13.00667953,80.25167084,32533,32543,10
13.00675011,80.25097656,32543,32554,11
13.00671959,80.25003815,32554,32564,10
13.00669956,80.24918365,32564,32574,10
13.00664043,80.24832153,32574,32584,10
13.00660992,80.24788666,32584,32624,40
13.00660992,80.24788666,32624,32634,10
13.00666046,80.24771881,32634,32644,10
13.00666046,80.24729156,32644,32655,11
13.00660038,80.24671936,32655,32665,10
13.00658035,80.24662018,32665,32675,10
13.00658035,80.24649811,32675,32685,10
13.00660038,80.24607849,32685,32695,10
13.00658035,80.24537659,32695,32705,10
13.00656986,80.24465179,32705,32715,10
13.00658035,80.2437973,32715,32725,10
13.00656033,80.24298096,32725,32735,10
13.0065403,80.2420578,32735,32746,11
13.00652027,80.24150085,32746,32755,9
13.00658035,80.24141693,32755,32766,11
13.00664043,80.24076843,32766,32776,10
13.00671005,80.24021149,32776,32786,10
13.00687981,80.23953247,32786,32796,10
13.00697994,80.23885345,32796,32806,10
13.00677967,80.23825073,32806,32816,10
13.00739002,80.23709869,32816,32826,10
13.00743008,80.23665619,32826,32836,10
13.00743008,80.23668671,32836,32846,10
13.00741959,80.23670197,32846,32856,10
13.00755024,80.23639679,32856,32867,11
13.00769043,80.23586273,32867,32877,10
13.00786972,80.23509979,32877,32887,10
13.00811958,80.23410034,32887,32897,10
13.00827026,80.23300171,32897,32907,10
13.00841045,80.23216248,32907,32917,10
13.00860977,80.23110962,32917,32927,10
13.00883961,80.2300415,32927,32937,10
13.00901985,80.22923279,32937,32947,10
13.00926018,80.22802734,32947,32958,11
13.00975037,80.22688293,32958,32968,10
13.01025009,80.22593689,32968,32978,10
13.01053047,80.22524261,32978,32988,10
13.01064968,80.224823,32988,32998,10
13.01089954,80.22434235,32998,33008,10
13.01128006,80.2234726,33008,33018,10
13.01169968,80.22244263,33018,33027,9
13.01202965,80.22148132,33027,33037,10
13.01229954,80.22135925,33037,33048,11
13.01239967,80.22151947,33048,33058,10
13.01274014,80.22206116,33058,33068,10
13.01329994,80.22264862,33068,33079,11
13.01403999,80.2234726,33079,33089,10
13.01443005,80.22389984,33089,33099,10
13.01480961,80.22444153,33099,33109,10
13.01523018,80.22483826,33109,33119,10
13.01560974,80.22505951,33119,33129,10
13.01564026,80.2250824,33129,33139,10
13.01568031,80.22509003,33139,33149,10
13.01587963,80.22521973,33149,33159,10
13.01640034,80.22530365,33159,33169,10
13.01708984,80.22503662,33169,33180,11
13.01805973,80.22470093,33180,33196,16
13.01916981,80.22431946,33196,33208,12
13.01945972,80.22437286,33208,33216,8
13.01966,80.22447968,33216,33228,12
13.02017975,80.22486115,33228,33238,10
13.02064037,80.22518158,33238,33247,9
13.0210104,80.22545624,33247,33258,11
13.02155018,80.22585297,33258,33268,10
13.02176952,80.22599792,33268,33279,11
13.02196026,80.22614288,33279,33299,20
13.02196026,80.22614288,33299,33309,10
13.02223969,80.22637939,33309,33319,10
13.02272034,80.2268219,33319,33329,10
13.02330017,80.22734833,33329,33339,10
13.02383041,80.22783661,33339,33349,10
13.02423954,80.22827911,33349,33359,10
13.02464008,80.22882843,33359,33390,31
13.02464008,80.22882843,33390,33400,10
13.0247097,80.22895813,33400,33410,10
13.02501011,80.22937775,33410,33420,10
13.02548027,80.23000336,33420,33429,9
13.02585983,80.23068237,33429,33440,11
13.02597046,80.23098755,33440,33450,10
13.02598,80.2310791,33450,33460,10
13.02604961,80.23139191,33460,33470,10
13.02655029,80.23124695,33470,33480,10
13.02737045,80.23104095,33480,33491,11
13.02853012,80.23088837,33491,33511,20
13.02853012,80.23088837,33511,33521,10
13.02875996,80.23084259,33521,33531,10
13.02906036,80.23081207,33531,33551,20
13.02906036,80.23081207,33551,33561,10
13.0291996,80.23084259,33561,33571,10
13.02956009,80.2307663,33571,33581,10
13.03005981,80.23074341,33581,33592,11
13.03057957,80.23066711,33592,33602,10
13.03094959,80.23065186,33602,33612,10
13.03147984,80.23062897,33612,33622,10
13.03213024,80.23056793,33622,33632,10
13.03308964,80.23049164,33632,33642,10
13.03396034,80.23043823,33642,33653,11
13.03431988,80.23033905,33653,33662,9
13.03441048,80.2303009,33662,33673,11
13.03458977,80.23033905,33673,33714,41
13.03458977,80.23033905,33714,33724,10
13.03476048,80.23033905,33724,33754,30
13.03472042,80.23040009,33754,33774,20
13.03470039,80.23032379,33774,33825,51
13.03470039,80.23032379,33825,33835,10
13.03483009,80.2303009,33835,33845,10
13.03514004,80.23040771,33845,33855,10
13.03512955,80.23092651,33855,33865,10
13.03487015,80.23168182,33865,33875,10
13.03474998,80.23248291,33875,33885,10
13.03470039,80.23303223,33885,33895,10
13.03464031,80.23345184,33895,33906,11
13.03452015,80.23394012,33906,33916,10
13.03439045,80.23480988,33916,33926,10
13.03427982,80.23583221,33926,33936,10
13.0342598,80.23674774,33936,33946,10
13.03435993,80.23744202,33946,33986,40
13.03435993,80.23744202,33986,33996,10
13.03460026,80.23726654,33996,34017,21
13.03460026,80.23726654,34017,34027,10
13.0343399,80.23747253,34027,34037,10
13.03431034,80.23748016,34037,34047,10
13.03439045,80.23750305,34047,34057,10
13.03441048,80.23751068,34057,34067,10
13.03448009,80.23764801,34067,34077,10
13.03493023,80.23844147,34077,34087,10
13.03493023,80.23844147,34087,34097,10
13.03532028,80.23899841,34097,34108,11
13.03577042,80.2394104,34108,34118,10
13.0360899,80.23937988,34118,34128,10
13.03643036,80.23944092,34128,34138,10
13.03703022,80.23947906,34138,34148,10
13.03777027,80.23953247,34148,34159,11
13.03851032,80.23963928,34159,34169,10
13.0392704,80.23976898,34169,34178,9
13.03989029,80.23980713,34178,34189,11
13.04018021,80.23986053,34189,34199,10
13.04045963,80.24011993,34199,34210,11
13.04102039,80.24054718,34210,34230,20
13.04102039,80.24054718,34230,34240,10
13.04117966,80.24069214,34240,34250,10
13.04168034,80.2405777,34250,34260,10
13.04253006,80.24089813,34260,34270,10
13.04333019,80.24140167,34270,34280,10
13.04442024,80.24092102,34280,34290,10
13.04463005,80.24049377,34290,34299,9
13.04469967,80.24047852,34299,34309,10
13.04485035,80.24031067,34309,34321,12
13.04539013,80.23995209,34321,34331,10
13.04601955,80.2395401,34331,34341,10
13.04648018,80.23957062,34341,34351,10
13.04648972,80.23957825,34351,34361,10
13.04662991,80.23963165,34361,34371,10
13.04714012,80.23972321,34371,34381,10
13.04786968,80.23990631,34381,34391,10
13.04874039,80.24006653,34391,34401,10
13.04951,80.24018097,34401,34411,10
13.04969978,80.24017334,34411,34422,11
13.0493803,80.24012756,34422,34432,10
13.05056953,80.24035645,34432,34442,10
13.05125999,80.2405777,34442,34452,10
13.05150986,80.24056244,34452,34462,10
13.05175018,80.24051666,34462,34472,10
13.05228996,80.24073792,34472,34482,10
13.05233955,80.24078369,34482,34492,10
13.05247021,80.2408371,34492,34502,10
13.05257988,80.24115753,34502,34512,10
13.05259991,80.24128723,34512,34523,11
13.05261993,80.24147034,34523,34533,10
13.05280018,80.24179077,34533,34543,10
13.05346012,80.24178314,34543,34553,10
13.05401993,80.24182129,34553,34563,10
13.05395985,80.24220276,34563,34573,10
13.05424023,80.24230957,34573,34583,10
13.05449963,80.24230957,34583,34593,10
13.05519962,80.24226379,34593,34603,10
13.05599976,80.24230957,34603,34613,10
13.05671024,80.24260712,34613,34644,31
13.05669975,80.24256134,34644,34664,20
13.05669975,80.24256134,34664,34674,10
13.0566597,80.24256134,34674,34684,10
13.05714035,80.24276733,34684,34694,10
13.0575304,80.24313354,34694,34704,10
13.05815029,80.24273682,34704,34714,10
13.05854988,80.24262238,34714,34724,10
13.0588398,80.24250793,34724,34735,11
13.05976963,80.24262238,34735,34745,10
13.06058979,80.24285889,34745,34755,10
13.06110001,80.24304962,34755,34765,10
13.06151962,80.24320221,34765,34775,10
13.06194019,80.24336243,34775,34785,10
13.06231022,80.24347687,34785,34795,10
13.06256962,80.24346161,34795,34805,10
13.06270027,80.24336243,34805,34815,10
13.06322956,80.24347687,34815,34825,10
13.06392002,80.24349976,34825,34836,11
13.06567001,80.24355316,34836,34903,67
13.06567001,80.24355316,34903,34914,11
13.06569958,80.24344635,34914,34924,10
13.06569958,80.24356842,34924,34934,10
13.0661602,80.24352264,34934,34946,12
13.06672001,80.24327087,34946,34955,9
13.06715012,80.24320984,34955,34966,11
13.06793022,80.24269104,34966,34976,10
13.06882954,80.24234772,34976,34986,10
13.06952,80.24212646,34986,34996,10
13.07069969,80.24199677,34996,35016,20
13.07069969,80.24199677,35016,35026,10
13.07015991,80.2420578,35026,35037,11
13.07069016,80.24185181,35037,35047,10
13.07141018,80.24169159,35047,35057,10
13.07217979,80.24136353,35057,35067,10
13.07324028,80.24056244,35067,35077,10
13.07400036,80.24043274,35077,35087,10
13.07497025,80.24040985,35087,35097,10
13.07637978,80.2403183,35097,35178,81
13.07637978,80.2403183,35178,35188,10
13.07633018,80.23706055,35188,35198,10
13.0764904,80.23695374,35198,35208,10
13.07645035,80.23690796,35208,35218,10
13.07621002,80.23651123,35218,35228,10
13.07608032,80.23532104,35228,35238,10
13.07581043,80.23449707,35238,35249,11
13.07544994,80.23362732,35249,35259,10
13.07538986,80.2334671,35259,35269,10
13.0759201,80.2338028,35269,35279,10
13.07645035,80.23364258,35279,35289,10
13.07686996,80.23358917,35289,35299,10
13.07726955,80.23348236,35299,35340,41
13.07726955,80.23348236,35340,35349,9
13.08026028,80.23358154,35349,35360,11
13.08036995,80.23358154,35360,35370,10
13.08088017,80.23345947,35370,35380,10
13.0824604,80.23296356,35380,35448,68
13.0824604,80.23296356,35448,35459,11
13.08325958,80.23088074,35459,35469,10
13.08325958,80.23161316,35469,35479,10
13.08321953,80.23371887,35479,35519,40
13.08395958,80.23394775,35519,35570,51
13.08395958,80.23394775,35570,35580,10
13.0847702,80.23404694,35580,35590,10
13.08500004,80.23419952,35590,35600,10
13.08537006,80.23429871,35600,35610,10
13.08615971,80.23445892,35610,35620,10
13.0865202,80.23454285,35620,35630,10
13.08699989,80.23462677,35630,35640,10
13.08777046,80.23457336,35640,35651,11
13.08850002,80.23467255,35651,35691,40
13.08850002,80.23467255,35691,35701,10
13.08905029,80.23014069,35701,35752,51
13.08905029,80.23014069,35752,35761,9
13.09142017,80.22722626,35761,35772,11
13.09259987,80.22582245,35772,35792,20
13.09259987,80.22582245,35792,35802,10
13.09335995,80.22514343,35802,35812,10
13.09366989,80.2247467,35812,36055,243
13.09366989,80.2247467,36055,36064,9
13.09864044,80.21392059,36064,36075,11
13.09920025,80.21421814,36075,36085,10
13.09998035,80.21466827,36085,36145,60
13.09998035,80.21466827,36145,36155,10
13.10060978,80.21475983,36155,36165,10
13.10033989,80.21526337,36165,36175,10
13.09998035,80.2158432,36175,36186,11
13.09996033,80.21600342,36186,36196,10
13.09982014,80.21600342,36196,36206,10
13.10000038,80.21559906,36206,36216,10
13.1002903,80.21488953,36216,36933,717
13.1002903,80.21488953,36933,36943,10
13.10021973,80.21459198,36943,36963,20
13.10021973,80.21459198,36963,36973,10
13.10000038,80.21443176,36973,36983,10
13.09976959,80.21437836,36983,36993,10
13.09932041,80.2142868,36993,37003,10
13.09858036,80.2141037,37003,37013,10
13.09854031,80.21404266,37013,37024,11
13.09832954,80.21427917,37024,37034,10
13.09809971,80.21489716,37034,37044,10
13.09778976,80.21559143,37044,37054,10
13.09757042,80.21634674,37054,37064,10
13.09739017,80.21704102,37064,37074,10
13.09722996,80.21710205,37074,37084,10
13.09696007,80.21781158,37084,37094,10
13.0966301,80.21868896,37094,37104,10
13.09644985,80.21939087,37104,37114,10
13.09617996,80.22022247,37114,37125,11
13.09589958,80.22122955,37125,37135,10
13.09564972,80.22161102,37135,37145,10
13.09541035,80.22229767,37145,37155,10
13.09535027,80.22245789,37155,37165,10
13.09517956,80.22286224,37165,37175,10
13.09479046,80.22357941,37175,37185,10
13.09416008,80.22444916,37185,37195,10
13.09337997,80.22534943,37195,37205,10
13.0926199,80.22614288,37205,37215,10
13.09177971,80.22699738,37215,37231,16
13.09119034,80.22762299,37231,37244,13
13.09082985,80.22741699,37244,37254,10
13.09055996,80.22846222,37254,37446,192
13.08358002,80.23394012,37446,37466,20
13.08358002,80.23394012,37466,37476,10
13.08339977,80.23384094,37476,37486,10
13.08236027,80.2336731,37486,37506,20
13.08236027,80.2336731,37506,37516,10
13.08199024,80.23358917,37516,37526,10
13.08131981,80.23356628,37526,37537,11
13.08014011,80.23364258,37537,37668,131
13.08014011,80.23364258,37668,37678,10
13.07653999,80.23697662,37678,37688,10
13.07643032,80.23728943,37688,37698,10
13.07623005,80.23725891,37698,37708,10
13.07641983,80.2372818,37708,37718,10
13.07660007,80.23792267,37718,37728,10
13.07662964,80.23803711,37728,37738,10
13.07672024,80.2383194,37738,37749,11
13.07688046,80.23892212,37749,37759,10
13.07701015,80.23966217,37759,37769,10
13.07713985,80.24034119,37769,37809,40
13.07713985,80.24034119,37809,37819,10
13.07781982,80.24356079,37819,37830,11
13.07763958,80.24526215,37830,37850,20
13.07763958,80.24526215,37850,37860,10
13.07822037,80.24742126,37860,37890,30
13.07822037,80.24742126,37890,37900,10
13.07861996,80.25035858,37900,37910,10
13.07847023,80.2509613,37910,37920,10
13.07851982,80.25141144,37920,37930,10
13.07855034,80.25164032,37930,37940,10
13.07837963,80.25167847,37940,37951,11
13.07833004,80.25167084,37951,38021,70
13.07351971,80.25231934,38021,38052,31
13.07351971,80.25231934,38052,38062,10
13.07211971,80.25180054,38062,38072,10
13.07196045,80.25112152,38072,38153,81
13.07196045,80.25112152,38153,38163,10
13.06933022,80.24349976,38163,38173,10
13.06935024,80.24342346,38173,38183,10
13.06933975,80.24339294,38183,38193,10
13.06923962,80.24298096,38193,38203,10
13.06894016,80.24250031,38203,38213,10
13.06857967,80.24256134,38213,38223,10
13.06801987,80.24272919,38223,38233,10
13.06737041,80.24295044,38233,38243,10
13.06694031,80.24313354,38243,38253,10
13.06661987,80.24330139,38253,38263,10
13.06618977,80.24359894,38263,38273,10
13.06610012,80.24434662,38273,38284,11
13.06624985,80.24501038,38284,38294,10
13.06634998,80.24550629,38294,38304,10
13.06688023,80.24607086,38304,38314,10
13.06772041,80.24642944,38314,38334,20
13.06772041,80.24642944,38334,38344,10
13.06789017,80.24668121,38344,38354,10
13.06789017,80.24739838,38354,38364,10
13.06768036,80.24784851,38364,38375,11
13.06684971,80.24784851,38375,38385,10
13.0659399,80.24780273,38385,38395,10
13.06501961,80.24778748,38395,38405,10
13.06404972,80.24770355,38405,38415,10
13.06280041,80.24768066,38415,38476,61
13.06280041,80.24768066,38476,38486,10
13.06317997,80.24420929,38486,38506,20
13.06317997,80.24420929,38506,38516,10
13.06322956,80.24401093,38516,38526,10
13.06338978,80.24352264,38526,38536,10
13.06289005,80.24337769,38536,38546,10
13.06231022,80.2432785,38546,38556,10
13.06173038,80.24320221,38556,38566,10
13.06112957,80.24307251,38566,38576,10
13.06033993,80.24282074,38576,38587,11
13.05959988,80.2425766,38587,38597,10
13.05873966,80.2425766,38597,38617,20
13.05873966,80.2425766,38617,38627,10
13.05842972,80.24266815,38627,38637,10
13.05782986,80.24282074,38637,38647,10
13.0570097,80.24284363,38647,38678,31
13.05696964,80.24279022,38678,38758,80
13.05696964,80.24279022,38758,38768,10
13.05335999,80.24198151,38768,38778,10
13.05286026,80.24130249,38778,38799,21
13.05286026,80.24130249,38799,38815,16
13.05163956,80.24066925,38815,38827,12
13.05086994,80.24076843,38827,38847,20
13.05086994,80.24076843,38847,38857,10
13.04951954,80.24028015,38857,38867,10
13.04922962,80.24019623,38867,38877,10
13.04901981,80.24015045,38877,38887,10
13.04881954,80.2401123,38887,38898,11
13.04846001,80.24002075,38898,38908,10
13.04813004,80.2399826,38908,38918,10
13.04786968,80.23996735,38918,38928,10
13.04743958,80.23986053,38928,38938,10
13.04716969,80.23975372,38938,38949,11
13.04671955,80.23966217,38949,38959,10
13.04627037,80.23953247,38959,38969,10
13.04629993,80.23911285,38969,38979,10
13.0464201,80.23841095,38979,38989,10
13.04648972,80.23806763,38989,39000,11
13.04666042,80.23735046,39000,39010,10
13.04681969,80.23664093,39010,39020,10
13.04691029,80.23616028,39020,39030,10
13.04697037,80.23583221,39030,39040,10
13.04699993,80.23564148,39040,39050,10
13.04706001,80.23522186,39050,39060,10
13.04718018,80.23442078,39060,39069,9
13.04724026,80.23352814,39069,39100,31
13.04724026,80.23352814,39100,39111,11
13.04730034,80.23329163,39111,39121,10
13.04703999,80.23300171,39121,39131,10
13.04634953,80.23287201,39131,39141,10
13.04510021,80.23265839,39141,39161,20
13.04510021,80.23265839,39161,39171,10
13.04467964,80.2325592,39171,39181,10
13.04393959,80.23245239,39181,39191,10
13.04312992,80.23238373,39191,39201,10
13.04242039,80.23236084,39201,39212,11
13.04164982,80.23227692,39212,39222,10
13.04074955,80.23204803,39222,39231,9
13.03977966,80.23171997,39231,39242,11
13.03859997,80.23137665,39242,39252,10
13.03746986,80.23104095,39252,39262,10
13.03676987,80.23084259,39262,39272,10
13.03637028,80.23066711,39272,39282,10
13.03544044,80.23042297,39282,39373,91
13.03544044,80.23042297,39373,39383,10
13.0353899,80.23026276,39383,39393,10
13.03507996,80.23021698,39393,39403,10
13.0346899,80.23026276,39403,39414,11
13.03435993,80.23036194,39414,39424,10
13.03421021,80.23042297,39424,39434,10
13.03409958,80.23043823,39434,39444,10
13.03384972,80.23045349,39444,39454,10
13.03345966,80.23047638,39454,39464,10
13.03341961,80.23047638,39464,39474,10
13.03306961,80.2305069,39474,39484,10
13.03240967,80.2305603,39484,39494,10
13.03131962,80.23072815,39494,39753,259
13.03131962,80.23072815,39753,39765,12
13.02766991,80.23178864,39765,39775,10
13.0278101,80.23238373,39775,39785,10
13.02775955,80.23285675,39785,39795,10
13.02715015,80.2329483,39795,39805,10
13.02680016,80.23297882,39805,39815,10
13.02661991,80.23301697,39815,39825,10
13.02626038,80.23272705,39825,39835,10
13.02604008,80.23193359,39835,39846,11
13.02573967,80.23071289,39846,39856,10
13.02538013,80.22927094,39856,39927,71
13.02538013,80.22927094,39927,39937,10
13.02328014,80.22756195,39937,39947,10
13.02311039,80.22736359,39947,39957,10
13.02264023,80.2269516,39957,39967,10
13.02204037,80.22641754,39967,39977,10
13.02138996,80.22589111,39977,39987,10
13.02073002,80.22541046,39987,39997,10
13.0200901,80.22496033,39997,40007,10
13.02009964,80.22485352,40007,40017,10
13.01994991,80.22489166,40017,40027,10
13.0194397,80.22454834,40027,40037,10
13.01856041,80.22454834,40037,40048,11
13.01751995,80.22499847,40048,40058,10
13.01669979,80.2253418,40058,40068,10
13.01618004,80.22551727,40068,40078,10
13.01558018,80.22545624,40078,40159,81
13.01558018,80.22545624,40159,40169,10
13.01117039,80.22757721,40169,40179,10
13.00948048,80.22821808,40179,40189,10
13.00899982,80.22924805,40189,40199,10
13.00874043,80.23053741,40199,40209,10
13.00848007,80.23184967,40209,40219,10
13.00821018,80.23362732,40219,40239,20
13.00821018,80.23362732,40239,40250,11
13.00811005,80.23400116,40250,40260,10
13.00798988,80.23464203,40260,40270,10
13.00778008,80.23574829,40270,40280,10
13.00751972,80.23700714,40280,40290,10
13.00726986,80.23821259,40290,40300,10
13.00712013,80.23912048,40300,40310,10
13.00704956,80.23961639,40310,40320,10
13.00699043,80.24017334,40320,40330,10
13.00687981,80.24063873,40330,40340,10
13.00681019,80.24086761,40340,40350,10
13.00675964,80.24140167,40350,40361,11
13.00673962,80.24243164,40361,40371,10
13.00669956,80.24340057,40371,40381,10
13.00669956,80.24424744,40381,40391,10
13.00671959,80.24514008,40391,40401,10
13.00673008,80.24590302,40401,40411,10
13.00673962,80.24645996,40411,40421,10
13.00673962,80.24667358,40421,40431,10
13.00673962,80.2468338,40431,40441,10
13.00673962,80.24726105,40441,40451,10
13.00671959,80.24800873,40451,40462,11
13.00677967,80.24891663,40462,40472,10
13.00685024,80.2495575,40472,40482,10
13.00683975,80.24967194,40482,40492,10
13.00681973,80.25067902,40492,40512,20
13.00681973,80.25067902,40512,40522,10
13.00681019,80.25079346,40522,40532,10
13.00681019,80.25124359,40532,40542,10
13.00669003,80.2518692,40542,40552,10
13.00658035,80.25257111,40552,40563,11
13.00666046,80.25293732,40563,40573,10
13.00666046,80.25332642,40573,40583,10
13.00669956,80.25379944,40583,41058,475
13.00669956,80.25379944,41058,41067,9
13.00662994,80.25395203,41067,41077,10
13.00662994,80.25444794,41077,41088,11
13.00660992,80.25512695,41088,41098,10
13.00660992,80.25610352,41098,41108,10
13.00664043,80.25668335,41108,41118,10
13.00666046,80.25692749,41118,41128,10
13.00669003,80.25726318,41128,41138,10
13.00681973,80.25775146,41138,41148,10
13.00708008,80.2582016,41148,41158,10
13.00759983,80.25865936,41158,41168,10
13.00806046,80.25888062,41168,41178,10
13.00782013,80.25932312,41178,41189,11
13.00726032,80.25907898,41189,41199,10
13.00708008,80.25852966,41199,41209,10
13.00679016,80.25817871,41209,41239,30
13.00679016,80.25817871,41239,41249,10
13.00662041,80.25800323,41249,41259,10
13.00648022,80.25762939,41259,41373,114
13.00648022,80.25762939,41373,41383,10
13.00652027,80.25723267,41383,41393,10
13.00648022,80.25657654,41393,41403,10
13.00648022,80.25572205,41403,41414,11
13.00650978,80.25492096,41414,41424,10
13.00648022,80.25411224,41424,41434,10
13.00646973,80.25367737,41434,41444,10
13.00646973,80.25344086,41444,41474,30
13.00646973,80.25344086,41474,41484,10
13.00650024,80.25330353,41484,41494,10
13.00648975,80.2531662,41494,41504,10
13.00648975,80.25295258,41504,41515,11
13.0065403,80.25228119,41515,41603,88
13.0065403,80.25228119,41603,41614,11
13.00662041,80.25192261,41614,41624,10
13.00673962,80.25115967,41624,41634,10
13.00673008,80.25009155,41634,41644,10
13.00667,80.2487793,41644,41694,50
13.00667,80.2487793,41694,41704,10
13.00664043,80.24848175,41704,41714,10
13.00660992,80.24819946,41714,41725,11
13.00658989,80.24772644,41725,41765,40
13.0068903,80.24929047,41765,41806,41
13.0068903,80.24929047,41806,41816,10
13.00675964,80.24687958,41816,41826,10
13.00683975,80.24638367,41826,41836,10
13.00656986,80.24638367,41836,41846,10
13.00666046,80.24581146,41846,41856,10
13.00662041,80.24490356,41856,41866,10
13.00660038,80.24432373,41866,41876,10
13.00658035,80.24382019,41876,41886,10
13.00660992,80.24320221,41886,41896,10
13.00656033,80.24240112,41896,41906,10
13.00656033,80.24131775,41906,41916,10
13.00658989,80.24092865,41916,41927,11
13.00660992,80.24075317,41927,41937,10
13.00673008,80.24025726,41937,41947,10
13.00683975,80.23961639,41947,41957,10
13.00697994,80.23903656,41957,41967,10
13.00710011,80.23838806,41967,41977,10
13.00726032,80.23758698,41977,41987,10
13.00736046,80.23684692,41987,41997,10
13.00745964,80.23654175,41997,42007,10
13.00761032,80.23587799,42007,42017,10
13.00778008,80.23496246,42017,42027,10
13.00804043,80.2338562,42027,42038,11
13.00829983,80.2325592,42038,42048,10
13.00854015,80.23130035,42048,42058,10
13.00877953,80.2300415,42058,42068,10
13.00903034,80.22879791,42068,42078,10
13.00936031,80.2277298,42078,42087,9
13.00981998,80.22670746,42087,42098,11
13.0102396,80.22579956,42098,42108,10
13.01058006,80.22509766,42108,42118,10
13.01084042,80.22458649,42118,42128,10
13.01117039,80.22393036,42128,42139,11
13.01140976,80.22335052,42139,42169,30
13.01140976,80.22335052,42169,42179,10
13.01154041,80.22296906,42179,42189,10
13.01179981,80.22226715,42189,42199,10
13.01216984,80.22149658,42199,42209,10
13.01253986,80.22177124,42209,42219,10
13.01301956,80.22229004,42219,42229,10
13.01358032,80.22289276,42229,42240,11
13.01418018,80.22357941,42240,42250,10
13.01473999,80.22422028,42250,42260,10
13.01533985,80.22476959,42260,42270,10
13.0157299,80.2250824,42270,42280,10
13.01644993,80.22524261,42280,42290,10
13.01753044,80.22489166,42290,42300,10
13.01873016,80.22444153,42300,42310,10
13.01992989,80.22406006,42310,42320,10
13.01885986,80.22361755,42320,42330,10
13.01972008,80.2244873,42330,42340,10
13.02005005,80.22473907,42340,42351,11
13.02052975,80.22502136,42351,42367,16
13.02075005,80.22515106,42367,42379,12
13.02213955,80.22628021,42379,42388,9
13.02221966,80.22646332,42388,42399,11
13.02287006,80.22695923,42399,42409,10
13.02317047,80.22724152,42409,42419,10
13.02336979,80.22741699,42419,42429,10
13.02404022,80.22798157,42429,42460,31
13.02404022,80.22798157,42460,42470,10
13.02416039,80.22805023,42470,42480,10
13.02420044,80.2281189,42480,42490,10
13.02437973,80.22839355,42490,42510,20
13.02437973,80.22839355,42510,42520,10
13.02447987,80.22863007,42520,42530,10
13.02482033,80.22914124,42530,42540,10
13.02495003,80.22928619,42540,42550,10
13.0250597,80.22944641,42550,42561,11
13.02538013,80.22982025,42561,42571,10
13.02562046,80.23021698,42571,42581,10
13.02585983,80.23059082,42581,42641,60
13.02585983,80.23059082,42641,42651,10
13.02598953,80.23107147,42651,42662,11
13.02620983,80.2313385,42662,42672,10
13.02690983,80.23114777,42672,42682,10
13.02787971,80.23069,42682,42829,147
13.02787971,80.23069,42829,42841,12
13.03281975,80.23059082,42841,42851,10
13.03332996,80.23052979,42851,42861,10
13.03376961,80.23052216,42861,42872,11
13.03415966,80.23047638,42872,42912,40
13.03415966,80.23047638,42912,42922,10
13.03464985,80.23034668,42922,42932,10
13.03477001,80.23032379,42932,42942,10
13.03485012,80.2303009,42942,42952,10
13.03495026,80.23047638,42952,42962,10
13.03493023,80.2307663,42962,42972,10
13.03487968,80.23126984,42972,42983,11
13.03479004,80.23174286,42983,42993,10
13.03472042,80.23227692,42993,43003,10
13.03468037,80.23274231,43003,43013,10
13.03464031,80.23303986,43013,43023,10
13.03462029,80.2333374,43023,43033,10
13.03452969,80.23401642,43033,43043,10
13.03442001,80.2350235,43043,43053,10
13.03429985,80.23661804,43053,43164,111
13.03429985,80.23661804,43164,43174,10
13.03452969,80.23744965,43174,43185,11
13.03466034,80.2376709,43185,43195,10
13.03511047,80.23822784,43195,43205,10
13.03555965,80.2390976,43205,43225,20
13.03555965,80.2390976,43225,43235,10
13.03602982,80.23941803,43235,43245,10
13.03643036,80.23947906,43245,43255,10
13.03709984,80.23941803,43255,43296,41
13.03709984,80.23941803,43296,43306,10
13.03958035,80.23983002,43306,43356,50
13.03971958,80.23983002,43356,43437,81
13.03971958,80.23983002,43437,43447,10
13.03991985,80.23988342,43447,43457,10
13.04024029,80.23992157,43457,43467,10
13.04039955,80.24021149,43467,43477,10
13.04053974,80.24049377,43477,43498,21
13.04053974,80.24049377,43498,43508,10
13.04071999,80.24050903,43508,43518,10
13.04098034,80.24051666,43518,43528,10
13.04106998,80.24053192,43528,43538,10
13.04143047,80.24057007,43538,43548,10
13.04187965,80.24060822,43548,43558,10
13.04232025,80.2407074,43558,43574,16
13.04308033,80.24088287,43574,43586,12
13.04384041,80.24095154,43586,43594,8
13.04430008,80.24079132,43594,43647,53
13.04430008,80.24079132,43647,43657,10
13.0444603,80.24060059,43657,43666,9
13.04479027,80.2403717,43666,43677,11
13.04520035,80.24006653,43677,43687,10
13.04561043,80.23980713,43687,43697,10
13.04594994,80.23959351,43697,43708,11
13.04627991,80.23950195,43708,43718,10
13.0464201,80.23954773,43718,43728,10
13.04666042,80.23964691,43728,43738,10
13.04714012,80.23973846,43738,43748,10
13.04769039,80.23986053,43748,43758,10
13.04835987,80.23999023,43758,43768,10
13.04899979,80.24009705,43768,43778,10
13.04959011,80.240242,43778,43788,10
13.05000973,80.24030304,43788,43798,10
13.05041981,80.24040222,43798,43808,10
13.05088043,80.2405014,43808,43819,11
13.05130005,80.24057007,43819,43829,10
13.05210972,80.24075317,43829,43839,10
13.05247974,80.24101257,43839,43849,10
13.0525198,80.2411499,43849,43859,10
13.0525198,80.24118805,43859,43869,10
13.05255032,80.24136353,43869,43879,10
13.05284977,80.24173737,43879,43889,10
13.05348015,80.24204254,43889,43899,10
13.05389977,80.24220276,43899,43909,10
13.05401039,80.24224091,43909,43920,11
13.05459976,80.2423172,43920,43930,10
13.05548954,80.24221802,43930,43940,10
13.05653954,80.24256897,43940,43980,40
13.05653954,80.24256897,43980,43990,10
13.05663013,80.24253845,43990,44006,16
13.05727959,80.24273682,44006,44018,12
13.0581398,80.24266052,44018,44029,11
13.05879021,80.2425766,44029,44038,9
13.05941963,80.24250793,44038,44049,11
13.05994987,80.24269104,44049,44059,10
13.06040001,80.24282074,44059,44069,10
13.06068993,80.24292755,44069,44079,10
13.06110954,80.24308014,44079,44089,10
13.06128979,80.24311829,44089,44099,10
13.06177998,80.24320221,44099,44109,10
13.0619297,80.24323273,44109,44119,10
13.06210995,80.24326324,44119,44130,11
13.06233978,80.24330139,44130,44140,10
13.06245995,80.24330902,44140,44150,10
13.0627203,80.24337769,44150,44190,40
13.0627203,80.24337769,44190,44200,10
13.06295967,80.2434082,44200,44210,10
13.06322002,80.24347687,44210,44220,10
13.06359959,80.24349213,44220,44230,10
13.06431007,80.24356079,44230,44240,10
13.06505966,80.2435379,44240,44251,11
13.06527996,80.24355316,44251,44262,11
13.06554031,80.24353027,44262,44272,10
13.06599998,80.24349213,44272,44282,10
13.06641006,80.24337769,44282,44290,8
13.06684971,80.24320221,44290,44301,11
13.06735992,80.24295807,44301,44311,10
13.06805992,80.2427597,44311,44322,11
13.06900978,80.24243927,44322,44333,11
13.06966972,80.24224854,44333,44343,10
13.07003021,80.24211884,44343,44352,9
13.07003021,80.24211121,44352,44363,11
13.07046986,80.24195099,44363,44373,10
13.07118988,80.24181366,44373,44383,10
13.07198048,80.24134064,44383,44393,10
13.07250977,80.24099731,44393,44403,10
13.07343006,80.24085236,44403,44413,10
13.0738802,80.2405777,44413,44423,10
13.07470036,80.24049377,44423,44434,11
13.07619953,80.24043274,44434,44444,10
13.07678986,80.24054718,44444,44454,10
13.0770998,80.24059296,44454,44464,10
13.07717037,80.24035645,44464,44474,10
13.07711983,80.24006653,44474,44484,10
13.07686996,80.23937225,44484,44494,10
13.07666016,80.23876953,44494,44504,10
13.07660961,80.23864746,44504,44514,10
13.07658958,80.2383728,44514,44524,10
13.07653999,80.23809814,44524,44534,10
13.07643032,80.23777771,44534,44545,11
13.07625961,80.23703003,44545,44555,10
13.07623005,80.23677826,44555,44565,10
13.07614994,80.23597717,44565,44575,10
13.07606983,80.23532104,44575,44585,10
13.07575035,80.23423004,44585,44605,20
13.07575035,80.23423004,44605,44615,10
13.07584,80.23416138,44615,44625,10
13.07588005,80.2338562,44625,44635,10
13.07627964,80.23377991,44635,44646,11
13.07664967,80.23374176,44646,44656,10
13.07734966,80.23361969,44656,44666,10
13.07808018,80.23339844,44666,44676,10
13.07929993,80.23290253,44676,44696,20
13.08018017,80.2335968,44696,44737,41
13.08018017,80.2335968,44737,44746,9
13.08193016,80.23310089,44746,44767,21
13.08193016,80.23310089,44767,44777,10
13.08201027,80.23296356,44777,44787,10
13.08205032,80.23264313,44787,44797,10
13.0822401,80.23200226,44797,44807,10
13.08242989,80.23152924,44807,44817,10
13.08261013,80.23104095,44817,44827,10
13.08298969,80.23071289,44827,44837,10
13.08310032,80.23130035,44837,44847,10
13.0831604,80.23223114,44847,44858,11
13.08331013,80.23296356,44858,44867,9
13.08341026,80.23355103,44867,44878,11
13.08401966,80.23394775,44878,44888,10
13.08401966,80.23394775,44888,44898,10
13.08446026,80.23406219,44898,44908,10
13.08485985,80.23416138,44908,44918,10
13.08533001,80.23426819,44918,44928,10
13.08561993,80.23439026,44928,44938,10
13.08648014,80.23449707,44938,44948,10
13.08761978,80.23449707,44948,44960,12
13.08792973,80.23365784,44960,44969,9
13.08810043,80.23277283,44969,44980,11
13.08835983,80.23168945,44980,44991,11
13.08856964,80.2310791,44991,45001,10
13.08882046,80.23058319,45001,45010,9
13.08893013,80.23039246,45010,45021,11
13.08924007,80.22981262,45021,45031,10
13.08992958,80.22889709,45031,45041,10
13.09070015,80.2280426,45041,45051,10
13.09134007,80.2273407,45051,45062,11
13.09148979,80.22718048,45062,45072,10
13.09193993,80.22673035,45072,45082,10
13.09259033,80.22606659,45082,45092,10
13.09311962,80.22553253,45092,45102,10
13.09370041,80.2248764,45102,45112,10
13.09438992,80.22403717,45112,45122,10
13.09504032,80.22299194,45122,45132,10
13.09521008,80.22254944,45132,45142,10
13.09545994,80.22194672,45142,45152,10
13.09578037,80.22103882,45152,45162,10
13.09638023,80.21933746,45162,45193,31
13.09638023,80.21933746,45193,45203,10
13.09650993,80.21906281,45203,45213,10
13.09663963,80.21871185,45213,45223,10
13.0968399,80.21800995,45223,45233,10
13.09710026,80.21729279,45233,45243,10
13.09745026,80.21633911,45243,45254,11
13.09786987,80.21543121,45254,45264,10
13.09817982,80.21476746,45264,45274,10
13.09842968,80.21405792,45274,45304,30
13.09842968,80.21405792,45304,45314,10
13.09854031,80.21394348,45314,45324,10
13.09897041,80.2141571,45324,45340,16
13.09992981,80.2144165,45340,45352,12
13.10011959,80.21447754,45352,45362,10
13.10029984,80.2145462,45362,45372,10
13.10048008,80.21459961,45372,45383,11
13.10042953,80.21504211,45383,45393,10
13.10011005,80.21578217,45393,45402,9
13.09988022,80.21605682,45402,45413,11
13.10009956,80.21537018,45413,45474,61
13.10000038,80.21457672,45474,45625,151
13.10000038,80.21457672,45625,45635,10
13.10015011,80.21472168,45635,45645,10
13.10027027,80.21469879,45645,45655,10
13.10044003,80.21476746,45655,45676,21
13.10044003,80.21476746,45676,45685,9
13.10006046,80.21456146,45685,45706,21
13.10006046,80.21456146,45706,45716,10
13.1002903,80.21482086,45716,45736,20
13.1002903,80.21482086,45736,45746,10
13.10021019,80.21468353,45746,45756,10
13.10013962,80.21450043,45756,45766,10
13.10039043,80.21463776,45766,45777,11
13.10091972,80.21457672,45777,45786,9
13.10035992,80.21472931,45786,45797,11
13.10029984,80.21473694,45797,45807,10
13.10021973,80.21459961,45807,45817,10
13.09998989,80.21414948,45817,46261,444
13.09998989,80.21414948,46261,46271,10
13.0984602,80.21388245,46271,46281,10
13.09838009,80.21424103,46281,46291,10
13.09813023,80.21485901,46291,46301,10
13.09780025,80.21566772,46301,46310,9
13.09743977,80.21650696,46310,46322,12
13.09729958,80.21685028,46322,46332,10
13.09712029,80.21723175,46332,46342,10
13.09685993,80.21797943,46342,46352,10
13.09659958,80.21882629,46352,46362,10
13.09654999,80.21897888,46362,46372,10
13.09640026,80.21938324,46372,46382,10
13.09615993,80.2201004,46382,46392,10
13.09587955,80.22088623,46392,46402,10
13.09558964,80.22167969,46402,46412,10
13.09537983,80.22231293,46412,46422,10
13.09533978,80.22245789,46422,46433,11
13.0951004,80.2230072,46433,46443,10
13.09461975,80.22374725,46443,46453,10
13.09399033,80.22463989,46453,46463,10
13.09327984,80.22548676,46463,46473,10
13.09263992,80.22611237,46473,46483,10
13.09195995,80.22678375,46483,46493,10
13.09142017,80.22731018,46493,46503,10
13.09123039,80.22756195,46503,46513,10
13.09111023,80.22769928,46513,46523,10
13.09070969,80.2281189,46523,46534,11
13.0900898,80.22878265,46534,46544,10
13.08940029,80.22963715,46544,46554,10
13.08911037,80.23014832,46554,46564,10
13.08895016,80.2305603,46564,46574,10
13.08882999,80.23085785,46574,46584,10
13.08872986,80.23103333,46584,46594,10
13.08870983,80.23105621,46594,46604,10
13.08860016,80.23130798,46604,46614,10
13.08831978,80.23188019,46614,46624,10
13.08810997,80.23280334,46624,46635,11
13.08796024,80.23403168,46635,46645,10
13.0873003,80.23457336,46645,46655,10
13.0864296,80.23449707,46655,46665,10
13.08605003,80.23442841,46665,46675,10
13.08598042,80.23442078,46675,46685,10
13.08565998,80.23433685,46685,46695,10
13.08528042,80.23426056,46695,46705,10
13.08485031,80.23416901,46705,46715,10
13.08458042,80.23409271,46715,46725,10
13.08405972,80.23397827,46725,46736,11
13.08351994,80.23387909,46736,46746,10
13.08296967,80.23381805,46746,46756,10
13.08248043,80.23368835,46756,46776,20
13.08248043,80.23368835,46776,46786,10
13.08220959,80.23364258,46786,46796,10
13.08160019,80.23355865,46796,46806,10
13.08088017,80.23358917,46806,46816,10
13.08003998,80.23358917,46816,46826,10
13.07960033,80.2335434,46826,46836,10
13.07942009,80.2335434,46836,46847,11
13.07878017,80.23355103,46847,46857,10
13.07802963,80.2335968,46857,46867,10
13.07726002,80.23368073,46867,46876,9
13.07645035,80.23381805,46876,46886,10
13.07600021,80.23387909,46886,46897,11
13.07588005,80.23390961,46897,46907,10
13.07590008,80.23426056,46907,46917,10
13.07602024,80.23490143,46917,46927,10
13.0761404,80.23548889,46927,46948,21
13.0761404,80.23548889,46948,46958,10
13.07618046,80.23570251,46958,46968,10
13.07623959,80.23600006,46968,46978,10
13.07627964,80.23629761,46978,47048,70
13.07627964,80.23629761,47048,47059,11
13.07637024,80.23670959,47059,47069,10
13.07645035,80.23712158,47069,47160,91
13.07645035,80.23712158,47160,47170,10
13.07651043,80.23747253,47170,47180,10
13.07656002,80.23777771,47180,47190,10
13.07668972,80.23838806,47190,47200,10
13.07688999,80.23919678,47200,47210,10
13.07703972,80.23989868,47210,47220,10
13.0771904,80.24035645,47220,47230,10
13.07721043,80.24046326,47230,47240,10
13.07730007,80.24079895,47240,47250,10
13.07736015,80.24124908,47250,47261,11
13.07750034,80.24189758,47261,47271,10
13.07767963,80.24275208,47271,47281,10
13.07779026,80.24378204,47281,47291,10
13.07775974,80.24424744,47291,47301,10
13.0777998,80.24446869,47301,47311,10
13.07783985,80.24504089,47311,47321,10
13.07789993,80.24582672,47321,47331,10
13.07802963,80.24674988,47331,47341,10
13.07828045,80.24775696,47341,47352,11
13.07859993,80.24880981,47352,47362,10
13.07861996,80.248909,47362,47372,10
13.07847977,80.2507782,47372,47382,10
13.07853031,80.25151825,47382,47392,10
13.07851982,80.25218201,47392,47402,10
13.07775021,80.25180054,47402,47412,10
13.07610035,80.25222015,47412,47432,20
13.07610035,80.25222015,47432,47442,10
13.07441044,80.25227356,47442,47452,10
13.07402039,80.25231934,47452,47462,10
13.07353973,80.25245667,47462,47473,11
13.0728302,80.25241852,47473,47483,10
13.07229996,80.25215149,47483,47493,10
13.07213974,80.2514801,47493,47503,10
13.07196045,80.25074005,47503,47513,10
13.0717001,80.24993134,47513,47523,10
13.07145023,80.24886322,47523,47533,10
13.07116032,80.24778748,47533,47543,10
13.07077026,80.24690247,47543,47553,10
13.07036018,80.24604797,47553,47563,10
13.06999016,80.24521637,47563,47574,11
13.06958008,80.24414063,47574,47584,10
13.06929016,80.24330902,47584,47614,30
13.06929016,80.24330902,47614,47624,10
13.06925011,80.24307251,47624,47634,10
13.06912041,80.2425766,47634,47644,10
13.06861973,80.24260712,47644,47654,10
13.06793976,80.24282074,47654,47664,10
13.06725979,80.24301147,47664,47674,10
13.06671047,80.24324036,47674,47685,11
13.0662899,80.24347687,47685,47694,9
13.06614971,80.24389648,47694,47705,11
13.06618977,80.24436951,47705,47715,10
13.06618977,80.24442291,47715,47725,10
13.06618023,80.24468994,47725,47735,10
13.06620979,80.24485016,47735,47745,10
13.06624031,80.24510956,47745,47755,10
13.0662899,80.24546051,47755,47765,10
13.06665039,80.24595642,47765,47775,10
13.06742001,80.24629211,47775,47786,11
13.06770992,80.24640656,47786,47796,10
13.06774998,80.24639893,47796,47806,10
13.06789017,80.24677277,47806,47816,10
13.06787014,80.24749756,47816,47826,10
13.06744957,80.24786377,47826,47836,10
13.06678963,80.24784851,47836,47846,10
13.06612015,80.24778748,47846,47856,10
13.06527996,80.24777222,47856,47866,10
13.06447029,80.24770355,47866,47876,10
13.06361008,80.24761963,47876,47886,10
13.06280994,80.24758911,47886,47897,11
13.06182957,80.24754333,47897,47907,10
13.06140041,80.24727631,47907,47917,10
13.06145954,80.24681854,47917,47927,10
13.06171989,80.24645233,47927,47937,10
13.06182003,80.24571991,47937,47947,10
13.06212044,80.24501038,47947,47957,10
13.06282043,80.24456787,47957,47967,10
13.06295013,80.24440765,47967,47977,10
13.06301975,80.24432373,47977,47987,10
13.06303024,80.24430847,47987,47998,11
13.06317997,80.24407196,47998,48008,10
13.06336021,80.24363708,48008,48018,10
13.06303024,80.24342346,48018,48028,10
13.06243992,80.24330139,48028,48038,10
13.06212997,80.24324036,48038,48048,10
13.06169987,80.24317932,48048,48058,10
13.06128979,80.24308777,48058,48068,10
13.0612402,80.24308777,48068,48078,10
13.0608902,80.24301147,48078,48088,10
13.06040001,80.24285126,48088,48099,11
13.05967999,80.24262238,48099,48109,10
13.05910015,80.24253845,48109,48119,10
13.05891991,80.24255371,48119,48129,10
13.05877972,80.24256134,48129,48139,10
13.05832005,80.24262238,48139,48149,10
13.05772018,80.2427597,48149,48159,10
13.05725002,80.24282837,48159,48169,10
13.05712986,80.24282837,48169,48179,10
13.05681992,80.24273682,48179,48189,10
13.05636024,80.2425766,48189,48205,16
13.05539989,80.24227905,48205,48218,13
13.05440044,80.24237061,48218,48228,10
13.05375957,80.24224091,48228,48257,29
13.05375957,80.24224091,48257,48268,11
13.05356979,80.24215698,48268,48278,10
13.05323029,80.24198151,48278,48288,10
13.05270004,80.24182892,48288,48329,41
13.05270004,80.24182892,48329,48339,10
13.05255985,80.24175262,48339,48349,10
13.05224037,80.24130249,48349,48359,10
13.05198956,80.24085999,48359,48369,10
13.05167007,80.24072266,48369,48379,10
13.05119038,80.2405777,48379,48389,10
13.05045986,80.24041748,48389,48399,10
13.04985046,80.24031067,48399,48410,11
13.04934025,80.24019623,48410,48420,10
13.0486002,80.2400589,48420,48430,10
13.04769039,80.23992157,48430,48440,10
13.04673004,80.23970032,48440,48450,10
13.0461998,80.23944092,48450,48460,10
13.04633045,80.23895264,48460,48470,10
13.04648972,80.2381897,48470,48480,10
13.04668045,80.23729706,48480,48490,10
13.04683018,80.23642731,48490,48500,10
13.04693031,80.23603058,48500,48516,16
13.04703045,80.23557281,48516,48529,13
13.04714012,80.2348175,48529,48537,8
13.04718971,80.23419952,48537,48549,12
13.04728031,80.23339844,48549,48559,10
13.04728985,80.23332977,48559,48569,10
13.04724979,80.23304749,48569,48578,9
13.04675007,80.23298645,48578,48589,11
13.04598045,80.23282623,48589,48599,10
13.04518032,80.23267365,48599,48619,20
13.04518032,80.23267365,48619,48630,11
13.04498959,80.23252106,48630,48640,10
13.04485989,80.23249817,48640,48650,10
13.04436016,80.23242188,48650,48660,10
13.04354954,80.2322998,48660,48670,10
13.04279995,80.23229218,48670,48681,11
13.04207993,80.23229218,48681,48691,10
13.04137993,80.23214722,48691,48701,10
13.04024982,80.23178864,48701,48711,10
13.0392704,80.23155212,48711,48721,10
13.03804016,80.2312088,48721,48732,11
13.03701973,80.23085785,48732,48742,10
13.03666019,80.2307663,48742,48752,10
13.03610992,80.23059082,48752,48762,10
13.03563023,80.23046875,48762,48822,60
13.03563023,80.23046875,48822,48833,11
13.03530979,80.23036194,48833,48843,10
13.03485966,80.23033905,48843,48853,10
13.03444958,80.23040009,48853,48863,10
13.03411961,80.23043823,48863,48873,10
13.03398991,80.2304306,48873,48882,9
13.03347969,80.23045349,48882,48903,21
13.03347969,80.23045349,48903,48913,10
13.03324986,80.23047638,48913,48923,10
13.03267956,80.23052979,48923,48933,10
13.03188038,80.23061371,48933,48944,11
13.03090954,80.23069763,48944,48954,10
13.03030014,80.23075867,48954,48964,10
13.02982044,80.2308197,48964,48974,10
13.02970982,80.23084259,48974,48984,10
13.02943039,80.23087311,48984,48994,10
13.02882004,80.23090363,48994,49004,10
13.02805042,80.23095703,49004,49014,10
13.02766991,80.2310791,49014,49024,10
13.02770042,80.23159027,49024,49034,10
13.02777958,80.23220825,49034,49051,17
13.02737045,80.23285675,49051,49063,12
13.02725029,80.23287964,49063,49073,10
13.02705956,80.23294067,49073,49083,10
13.02690983,80.23296356,49083,49091,8
13.02665043,80.23300171,49091,49102,11
13.02635956,80.23278046,49102,49114,12
13.02626038,80.23246002,49114,49124,10
13.02618027,80.23213959,49124,49134,10
13.02604961,80.23169708,49134,49144,10
13.0258503,80.23097229,49144,49155,11
13.02540016,80.23001099,49155,49165,10
13.02488041,80.22937012,49165,49175,10
13.02466965,80.22911072,49175,49185,10
13.02441025,80.22875977,49185,49195,10
13.02394009,80.22821808,49195,49215,20
13.02394009,80.22821808,49215,49225,10
13.02387047,80.22811127,49225,49235,10
13.02355003,80.22773743,49235,49245,10
13.02301979,80.22720337,49245,49256,11
13.02229023,80.22653198,49256,49266,10
13.02140045,80.22583008,49266,49276,10
13.02050972,80.22518158,49276,49286,10
13.0197897,80.22471619,49286,49296,10
13.01891994,80.22450256,49296,49306,10
13.01797962,80.22483826,49306,49316,10
13.01714039,80.22516632,49316,49326,10
13.0165596,80.22538757,49326,49336,10
13.01624966,80.22551727,49336,49346,10
13.01574039,80.22567749,49346,49357,11
13.01508999,80.22595978,49357,49367,10
13.01453972,80.22615814,49367,49377,10
13.01453018,80.22615814,49377,49387,10
13.01424026,80.22625732,49387,49397,10
13.01360035,80.22650909,49397,49407,10
13.01278019,80.22682953,49407,49417,10
13.01187992,80.22718048,49417,49427,10
13.01093006,80.22756195,49427,49437,10
13.00992966,80.22798157,49437,49447,10
13.0092001,80.22840881,49447,49457,10
13.0089798,80.22926331,49457,49468,11
13.00874996,80.23049164,49468,49478,10
13.00854015,80.23149872,49478,49488,10
13.00837994,80.23236084,49488,49498,10
13.00823975,80.23342133,49498,49528,30
13.00819016,80.23358154,49528,49558,30
13.00819016,80.23358154,49558,49569,11
13.00809956,80.23390961,49569,49579,10
13.00807953,80.23406219,49579,49619,40
13.00807953,80.23406219,49619,49629,10
13.00798035,80.23444366,49629,49690,61
13.00798035,80.23444366,49690,49700,10
13.00790024,80.23500824,49700,49730,30
13.00790024,80.23500824,49730,49740,10
13.00786018,80.23522186,49740,49760,20
13.00786018,80.23522186,49760,49770,10
13.0078001,80.23552704,49770,49882,112
13.0078001,80.23552704,49882,49892,10
13.00769997,80.23592377,49892,49922,30
13.00769997,80.23592377,49922,49932,10
13.00765991,80.23622894,49932,49952,20
13.00765991,80.23622894,49952,49962,10
13.00763988,80.23635864,49962,49972,10
13.00761032,80.23651123,49972,49982,10
13.00759983,80.2365799,49982,49993,11
13.00757027,80.23683167,49993,50053,60
13.00757027,80.23683167,50053,50063,10
13.00749016,80.23703766,50063,50073,10
13.00741005,80.23750305,50073,50083,10
13.00730991,80.23809814,50083,50114,31
13.00730991,80.23809814,50114,50124,10
13.00726032,80.23832703,50124,50134,10
13.00720024,80.2386322,50134,50144,10
13.00714016,80.23905182,50144,50154,10
13.00706959,80.23937988,50154,50184,30
13.00706959,80.23937988,50184,50195,11
13.00704956,80.23960876,50195,50205,10
13.00695038,80.2400589,50205,50245,40
13.00695038,80.2400589,50245,50255,10
13.00699043,80.24022675,50255,50285,30
13.00699043,80.24022675,50285,50295,10
13.00702,80.24043274,50295,50306,11
13.00681973,80.2410965,50306,50316,10
13.00675011,80.24198914,50316,50326,10
13.00671959,80.24302673,50326,50336,10
13.00673008,80.243927,50336,50346,10
13.00675011,80.24462891,50346,50356,10
13.00673962,80.24521637,50356,50366,10
13.00673962,80.2456131,50366,50376,10
13.00675964,80.24598694,50376,50386,10
13.00667953,80.24636841,50386,50396,10
13.00673008,80.24703217,50396,50407,11
13.00671959,80.24755096,50407,50417,10
13.00673008,80.24833679,50417,50427,10
13.00681973,80.2493515,50427,50437,10
13.00683022,80.24964905,50437,50447,10
13.00681019,80.24978638,50447,50457,10
13.0067997,80.25032806,50457,50467,10
13.00681019,80.25102234,50467,50477,10
13.00675011,80.2515564,50477,50487,10
13.00658989,80.25244904,50487,50498,11
13.00660038,80.25354004,50498,50578,80
13.00570965,80.25736237,50578,50599,21
13.00570965,80.25736237,50599,50608,9
13.00545025,80.25740051,50608,50619,11
13.00504017,80.25733185,50619,50629,10
13.00430012,80.25707245,50629,50639,10
13.00364017,80.25691223,50639,50659,20
13.00364017,80.25691223,50659,50669,10
13.00310993,80.25679779,50669,50679,10
13.00271988,80.25673676,50679,50689,10
13.00259972,80.25670624,50689,50699,10
13.00261021,80.25669861,50699,50709,10
13.00288963,80.25656128,50709,50770,61
13.00288963,80.25656128,50770,50780,10
13.00164032,80.25659943,50780,50790,10
13.00096035,80.25649261,50790,50800,10
13.00002956,80.25636292,50800,50820,20
13.00002956,80.25636292,50820,50831,11
12.99956036,80.25626373,50831,50861,30
12.99956036,80.25626373,50861,50871,10
12.99932003,80.25617981,50871,50881,10
12.99874973,80.256073,50881,50891,10
12.99820042,80.25601959,50891,50901,10
12.99796009,80.25598907,50901,50911,10
12.99765968,80.25596619,50911,50921,10
12.9972496,80.25592804,50921,50972,51
12.9972496,80.25592804,50972,50982,10
12.99707985,80.25595093,50982,50992,10
12.99689007,80.25634003,50992,51002,10
12.99680996,80.25715637,51002,51012,10
12.99674988,80.25776672,51012,51023,11
12.99670982,80.25852966,51023,51033,10
12.9965601,80.2594223,51033,51043,10
12.99647999,80.26004791,51043,51053,10
12.99639988,80.26091766,51053,51063,10
12.99633026,80.26177216,51063,51073,10
12.99623966,80.2620697,51073,51083,10
12.9962101,80.2623291,51083,51093,10
12.99619007,80.2623291,51093,51103,10
12.9962101,80.2629776,51103,51113,10
12.99612045,80.26365662,51113,51123,10
12.99612045,80.26451111,51123,51134,11
12.99613953,80.26615906,51134,51154,20
12.9960804,80.2677002,51154,51184,30
12.9960804,80.2677002,51184,51194,10
12.99736023,80.26761627,51194,51204,10
12.99872017,80.26715851,51204,51214,10
13.00090981,80.26631927,51214,52557,1343
12.99888039,80.25598145,52557,53022,465
12.99888039,80.25598145,53022,53032,10
13.00669956,80.25138855,53032,53042,10
13.00675011,80.25060272,53042,53052,10
13.00673962,80.24951935,53052,53062,10
13.00669003,80.24894714,53062,53072,10
13.00667953,80.24871063,53072,53082,10
13.00664043,80.24822235,53082,53092,10
13.00666046,80.24741364,53092,53102,10
13.00683975,80.24616241,53102,53527,425
13.00683975,80.24616241,53527,53536,9
13.01482964,80.22431183,53536,53547,11
13.01539993,80.22485352,53547,53557,10
13.01546955,80.2248764,53557,53567,10
13.01566029,80.22502136,53567,53577,10
13.01636028,80.22531128,53577,53869,292
13.01636028,80.22531128,53869,53878,9
13.03141022,80.23062897,53878,53889,11
13.03209972,80.23058319,53889,53899,10
13.03289032,80.23049927,53899,53909,10
13.03316021,80.23049164,53909,53919,10
13.03332043,80.23036957,53919,53940,21
13.03332043,80.23036957,53940,53949,9
13.03407955,80.2305069,53949,53970,21
13.03407955,80.2305069,53970,53980,10
13.03402042,80.23033142,53980,53990,10
13.03386021,80.23029327,53990,54000,10
13.03413963,80.23034668,54000,54020,20
13.03413963,80.23034668,54020,54030,10
13.03421974,80.23042297,54030,54040,10
13.03394032,80.23066711,54040,54172,132
13.03394032,80.23066711,54172,54182,10
13.0342598,80.23731995,54182,54192,10
13.0342598,80.23735809,54192,54202,10
13.0342598,80.23738098,54202,54212,10
13.03472996,80.2382431,54212,54222,10
13.03511047,80.23872375,54222,54232,10
13.03540993,80.23916626,54232,54242,10
13.03602982,80.23931885,54242,54252,10
13.03684998,80.23940277,54252,54262,10
13.03878975,80.23959351,54262,54424,162
13.03878975,80.23959351,54424,54434,10
13.04578972,80.23944092,54434,54545,111
13.04578972,80.23944092,54545,54555,10
13.05241966,80.24108887,54555,54988,433
13.05241966,80.24108887,54988,54997,9
13.06809998,80.24260712,54997,55007,10
13.06890965,80.24237061,55007,55018,11
13.06980991,80.24207306,55018,55028,10
13.07019997,80.24198914,55028,55038,10
13.07052994,80.24195862,55038,55048,10
13.07040024,80.24153137,55048,55058,10
13.07091999,80.2410965,55058,55077,19
13.07091999,80.2410965,55077,55088,11
13.07355976,80.2405777,55088,55098,10
13.0741396,80.24056244,55098,55109,11
13.07507038,80.240242,55109,55230,121
13.07507038,80.240242,55230,55240,10
13.07602024,80.23526764,55240,55250,10
13.07579041,80.23406982,55250,55280,30
13.07581997,80.23406219,55280,55311,31
13.07581997,80.23406219,55311,55320,9
13.07594013,80.2337265,55320,55331,11
13.0764904,80.23368835,55331,55347,16
13.0775404,80.2335434,55347,55359,12
13.07831001,80.23345947,55359,55367,8
13.07872963,80.23342133,55367,55379,12
13.07966042,80.23345184,55379,55389,10
13.08006001,80.2334137,55389,55398,9
13.07987976,80.23336792,55398,55409,11
13.08082008,80.23343658,55409,55419,10
13.08166981,80.23336792,55419,55430,11
13.08203983,80.23322296,55430,55440,10
13.0821104,80.23251343,55440,55450,10
13.08230019,80.23181915,55450,55460,10
13.08265972,80.23104858,55460,55470,10
13.08292007,80.23059845,55470,55480,10
13.08312035,80.23098755,55480,55490,10
13.0831604,80.23191071,55490,55500,10
13.08325958,80.23278046,55500,55510,10
13.08339977,80.23348236,55510,55520,10
13.08366013,80.23375702,55520,55530,10
13.08401012,80.23387909,55530,55541,11
13.08440018,80.23399353,55541,55551,10
13.08508015,80.23407745,55551,55561,10
13.0860796,80.23430634,55561,55571,10
13.08714008,80.23455811,55571,55581,10
13.08724022,80.23458099,55581,55591,10
13.08813953,80.23258972,55591,55607,16
13.08870029,80.23017883,55607,55660,53
13.08870029,80.23017883,55660,55670,10
13.09101009,80.22766113,55670,55679,9
13.09134007,80.22725677,55679,55690,11
13.09152985,80.22714233,55690,55700,10
13.09189034,80.22660065,55700,55710,10
13.09270954,80.22570801,55710,55761,51
13.09270954,80.22570801,55761,55771,10
13.09554958,80.22155762,55771,55781,10
13.09578037,80.2208786,55781,55791,10
13.09599972,80.22029114,55791,55801,10
13.09611988,80.21990204,55801,55811,10
13.09624004,80.21958923,55811,55821,10
13.09632015,80.21941376,55821,55831,10
13.09634972,80.21933746,55831,55841,10
13.09644032,80.21910858,55841,55852,11
13.09661961,80.21858215,55852,55862,10
13.09687996,80.21777344,55862,55872,10
13.09716034,80.21697998,55872,55882,10
13.0973196,80.21658325,55882,55892,10
13.09762001,80.21581268,55892,55902,10
13.09805965,80.21479797,55902,55912,10
13.09838963,80.21401978,55912,55922,10
13.09842968,80.21395874,55922,55932,10
13.09852982,80.21389771,55932,55942,10
13.0988903,80.21407318,55942,55953,11
13.09943962,80.2142334,55953,55963,10
13.09990978,80.2143631,55963,55993,30
13.09990978,80.2143631,55993,56003,10
13.10017967,80.21446228,56003,56064,61
13.10017967,80.21446228,56064,56074,10
13.10054016,80.21465302,56074,56084,10
13.10029984,80.21524048,56084,56094,10
13.10002995,80.21589661,56094,56104,10
13.0998497,80.21594238,56104,56114,10
13.09998035,80.2155838,56114,56124,10
13.10027027,80.21485901,56124,56255,131
13.10027027,80.21485901,56255,56266,11
13.10021973,80.21472931,56266,56276,10
13.0999403,80.21443176,56276,56286,10
13.09959984,80.21434784,56286,56296,10
13.09897995,80.21417999,56296,56306,10
13.09850979,80.21404266,56306,56316,10
13.09829998,80.21439362,56316,56326,10
13.09797001,80.21510315,56326,56336,10
13.09757996,80.21601105,56336,56346,10
13.09727955,80.21671295,56346,56356,10
13.09698009,80.21755981,56356,56367,11
13.09663963,80.21865845,56367,56377,10
13.09642029,80.21927643,56377,56387,10
13.09611988,80.22010803,56387,56397,10
13.09580994,80.22097778,56397,56407,10
13.09558964,80.22164917,56407,56417,10
13.09535027,80.2223587,56417,56427,10
13.09529972,80.22251892,56427,56437,10
13.09514046,80.22293091,56437,56447,10
13.09477043,80.22360229,56447,56457,10
13.09418011,80.22440338,56457,56467,10
13.09352016,80.22516632,56467,56478,11
13.09270954,80.22602844,56478,56488,10
13.09195995,80.22676849,56488,56498,10
13.09043026,80.2279892,56498,56528,30
13.09043026,80.2279892,56528,56538,10
13.0901804,80.22869873,56538,56548,10
13.08950043,80.2292099,56548,56559,11
13.08874035,80.22969818,56559,56569,10
13.08866978,80.22975159,56569,56579,10
13.08858013,80.23101044,56579,56589,10
13.08872986,80.23095703,56589,56599,10
13.08862972,80.23113251,56599,56609,10
13.08845997,80.23166656,56609,56619,10
13.08835983,80.23223877,56619,56629,10
13.08796978,80.23384094,56629,56639,10
13.08749962,80.23462677,56639,56649,10
13.08644009,80.23452759,56649,56659,10
13.08565998,80.23438263,56659,56669,10
13.08502007,80.23420715,56669,56679,10
13.08444977,80.23406219,56679,56690,11
13.08368969,80.23390198,56690,56700,10
13.08308983,80.23381805,56700,56710,10
13.08246994,80.23370361,56710,56740,30
13.08246994,80.23370361,56740,56750,10
13.08238029,80.23368835,56750,56760,10
13.08203983,80.23364258,56760,56770,10
13.08154964,80.23361969,56770,56780,10
13.08076,80.23358917,56780,56791,11
13.07995987,80.23356628,56791,56801,10
13.07952023,80.23356628,56801,56811,10
13.07940006,80.23355865,56811,56821,10
13.07888031,80.23358917,56821,56831,10
13.07808018,80.23362732,56831,56841,10
13.07713985,80.2337265,56841,56851,10
13.07616997,80.23390961,56851,56861,10
13.07588959,80.23428345,56861,56871,10
13.07604027,80.23504639,56871,56881,10
13.07621002,80.23609924,56881,56892,11
13.07645988,80.23721313,56892,56912,20
13.07645988,80.23721313,56912,56922,10
13.07656002,80.23753357,56922,56932,10
13.0766201,80.23805237,56932,56942,10
13.07678032,80.23880005,56942,56952,10
13.07689953,80.23934937,56952,56962,10
13.07707024,80.23995209,56962,56972,10
13.07719994,80.24043274,56972,56982,10
13.07726955,80.24066925,56982,56993,11
13.07736969,80.24124908,56993,57003,10
13.07750034,80.24183655,57003,57013,10
13.07767963,80.24272919,57013,57023,10
13.0777998,80.24375153,57023,57033,10
13.07777977,80.24455261,57033,57043,10
13.07791042,80.24558258,57043,57053,10
13.07804012,80.24655151,57053,57063,10
13.07826042,80.24781799,57063,57073,10
13.07853985,80.24900055,57073,57083,10
13.07870007,80.25009155,57083,57093,10
13.07849979,80.25100708,57093,57104,11
13.07833004,80.25167084,57104,57113,9
13.07771969,80.25180054,57113,57124,11
13.07672024,80.25200653,57124,57134,10
13.07567978,80.25218201,57134,57144,10
13.07493019,80.25224304,57144,57154,10
13.0743103,80.25229645,57154,57164,10
13.07390022,80.25240326,57164,57174,10
13.07326984,80.25245667,57174,57184,10
13.07244968,80.25232697,57184,57193,9
13.07209969,80.25177765,57193,57205,12
13.07194996,80.25086212,57205,57215,10
13.07178974,80.25035858,57215,57225,10
13.07168007,80.25003052,57225,57235,10
13.07151985,80.24931335,57235,57245,10
13.07133007,80.24835968,57245,57255,10
13.07092953,80.24726105,57255,57265,10
13.07042027,80.24620056,57265,57275,10
13.06999969,80.2452774,57275,57284,9
13.06968021,80.24443817,57284,57294,10
13.06935024,80.24349976,57294,57306,12
13.06927013,80.24330139,57306,57316,10
13.06927967,80.24321747,57316,57326,10
13.06921005,80.24276733,57326,57336,10
13.06869984,80.24256134,57336,57346,10
13.06787968,80.24279022,57346,57355,9
13.06709003,80.24313354,57355,57366,11
13.06636047,80.24347687,57366,57376,10
13.06610012,80.24388123,57376,57386,10
13.06616974,80.24443817,57386,57396,10
13.0662899,80.24510956,57396,57407,11
13.0665102,80.24584198,57407,57417,10
13.06723976,80.24617767,57417,57427,10
13.06783009,80.24649811,57427,57447,20
13.06783009,80.24649811,57447,57457,10
13.06791019,80.24687195,57457,57467,10
13.06789017,80.24758148,57467,57477,10
13.06729031,80.24783325,57477,57487,10
13.06643009,80.24784851,57487,57497,10
13.06536961,80.24778748,57497,57507,10
13.06435013,80.24775696,57507,57518,11
13.06328011,80.24768066,57518,57528,10
13.0625,80.24765015,57528,57538,10
13.06179047,80.24759674,57538,57548,10
13.06142044,80.24725342,57548,57558,10
13.06130981,80.24690247,57558,57568,10
13.0616703,80.24652863,57568,57578,10
13.06188011,80.24584961,57578,57588,10
13.06202984,80.24530792,57588,57598,10
13.06247044,80.24491119,57598,57608,10
13.06299019,80.24447632,57608,57619,11
13.06309032,80.24433136,57619,57629,10
13.06320953,80.24411774,57629,57639,10
13.06340981,80.24362946,57639,57649,10
13.06301975,80.24346161,57649,57659,10
13.06260014,80.24339294,57659,57669,10
13.06231976,80.24336243,57669,57679,10
13.06196022,80.24330139,57679,57689,10
13.06163979,80.24324799,57689,57699,10
13.06142998,80.24317932,57699,57709,10
13.06085968,80.24304199,57709,57719,10
13.06013966,80.24278259,57719,57730,11
13.05951977,80.2425766,57730,57740,10
13.05877018,80.24266052,57740,57760,20
13.05877018,80.24266052,57760,57770,10
13.05838966,80.24273682,57770,57780,10
13.05782032,80.24288177,57780,57790,10
13.05696011,80.24285126,57790,57800,10
13.05620003,80.24253845,57800,57810,10
13.0557003,80.24234009,57810,57820,10
13.05500984,80.24239349,57820,57831,11
13.05377007,80.24230194,57831,57861,30
13.05377007,80.24230194,57861,57871,10
13.05346966,80.24214172,57871,57881,10
13.0528698,80.24189758,57881,57911,30
13.0528698,80.24189758,57911,57921,10
13.05278015,80.24188995,57921,57932,11
13.05235958,80.24157715,57932,57942,10
13.05210972,80.24114227,57942,57952,10
13.05191994,80.24082184,57952,57962,10
13.05163002,80.24073792,57962,57972,10
13.05095005,80.24060822,57972,57992,20
13.05095005,80.24060822,57992,58002,10
13.05062008,80.24053192,58002,58012,10
13.05006027,80.24040985,58012,58022,10
13.04948044,80.24028015,58022,58032,10
13.04880047,80.24014282,58032,58043,11
13.04810047,80.23999023,58043,58053,10
13.04755974,80.23986816,58053,58063,10
13.04706955,80.23976898,58063,58073,10
13.04638958,80.23963928,58073,58083,10
13.04625988,80.23934937,58083,58093,10
13.04636002,80.23876953,58093,58103,10
13.04650021,80.23816681,58103,58113,10
13.04662037,80.23760986,58113,58123,10
13.04673004,80.23693085,58123,58133,10
13.04687977,80.23634338,58133,58144,11
13.04695988,80.23599243,58144,58154,10
13.04699993,80.23583221,58154,58164,10
13.04701996,80.23564911,58164,58174,10
13.04708004,80.2352829,58174,58184,10
13.04718971,80.23455811,58184,58194,10
13.04730988,80.23339844,58194,58242,48
13.04730988,80.23339844,58242,58253,11
13.04722023,80.23304749,58253,58262,9
13.04669952,80.23297882,58262,58273,11
13.04592037,80.2328186,58273,58282,9
13.04535961,80.23272705,58282,58292,10
13.04520035,80.23269653,58292,58303,11
13.04510975,80.23265076,58303,58313,10
13.04467964,80.23256683,58313,58323,10
13.04382038,80.23240662,58323,58333,10
13.04319954,80.23236847,58333,58343,10
13.04236031,80.23240662,58343,58354,11
13.04152966,80.23217773,58354,58364,10
13.04082966,80.23171234,58364,58375,11
13.03967953,80.23164368,58375,58385,10
13.03862,80.23135376,58385,58395,10
13.03763008,80.23104858,58395,58405,10
13.03686047,80.23081207,58405,58415,10
13.03670025,80.23072052,58415,58425,10
13.03649044,80.23065948,58425,58435,10
13.03588009,80.23046875,58435,58445,10
13.03553963,80.23039246,58445,58456,11
13.03547001,80.23034668,58456,58466,10
13.03509045,80.23030853,58466,58476,10
13.03491974,80.23034668,58476,58486,10
13.0346899,80.23039246,58486,58496,10
13.03431034,80.23047638,58496,58526,30
13.03431034,80.23047638,58526,58536,10
13.03361034,80.23053741,58536,58567,31
13.03361034,80.23053741,58567,58577,10
13.03339958,80.23056793,58577,58587,10
13.03277969,80.23062134,58587,58597,10
13.03199959,80.23069,58597,58607,10
13.03135967,80.23074341,58607,58617,10
13.03106976,80.23075867,58617,58627,10
13.03087044,80.2307663,58627,58637,10
13.03065968,80.23078918,58637,58647,10
13.03020954,80.23084259,58647,58657,10
13.02972031,80.23091125,58657,58668,11
13.02925014,80.2309494,58668,58678,10
13.02853966,80.23100281,58678,58688,10
13.02783966,80.23105621,58688,58698,10
13.02764034,80.23117065,58698,58708,10
13.02772045,80.23169708,58708,58717,9
13.02779007,80.2322998,58717,58727,10
13.02783966,80.23278809,58727,58738,11
13.02715969,80.23291779,58738,58789,51
13.02715969,80.23291779,58789,58799,10
13.02700996,80.23296356,58799,58809,10
13.02682018,80.23300934,58809,58819,10
13.02649021,80.23300934,58819,58829,10
13.02624989,80.23252106,58829,58839,10
13.02606964,80.23174286,58839,58849,10
13.02585983,80.23101044,58849,58859,10
13.02546024,80.23021698,58859,58870,11
13.02478981,80.22933197,58870,58900,30
13.02478981,80.22933197,58900,58910,10
13.02458954,80.22914124,58910,58920,10
13.02408028,80.22849274,58920,58940,20
13.02408028,80.22849274,58940,58950,10
13.0240202,80.22837067,58950,58966,16
13.02361965,80.22789764,58966,58979,13
13.02301025,80.22727203,58979,58989,10
13.02262974,80.22692108,58989,58999,10
13.02213001,80.22644806,58999,59009,10
13.0214901,80.22592926,59009,59019,10
13.02081966,80.22541809,59019,59029,10
13.02025032,80.22503662,59029,59039,10
13.01978016,80.22473145,59039,59049,10
13.01908016,80.22447205,59049,59058,9
13.01830006,80.2246933,59058,59068,10
13.01743984,80.22505188,59068,59080,12
13.01661015,80.22540283,59080,59090,10
13.01628017,80.22554016,59090,59100,10
13.01576996,80.22569275,59100,59110,10
13.01463985,80.2261734,59110,59130,20
13.01463985,80.2261734,59130,59140,10
13.01441002,80.22624969,59140,59150,10
13.01393986,80.2264328,59150,59160,10
13.01317978,80.22672272,59160,59170,10
13.01224041,80.2270813,59170,59181,11
13.0110302,80.22754669,59181,59191,10
13.00994015,80.2279892,59191,59201,10
13.00912952,80.2285614,59201,59211,10
13.00887966,80.22969818,59211,59221,10
13.00866032,80.23094177,59221,59231,10
13.00846004,80.23207092,59231,59241,10
13.00829029,80.23303223,59241,59251,10
13.00823021,80.23342133,59251,59261,10
13.00813007,80.2338562,59261,59271,10
13.00800037,80.23457336,59271,59282,11
13.00794029,80.23496246,59282,59292,10
13.00784969,80.23532867,59292,59302,10
13.00769997,80.23609161,59302,59312,10
13.00749016,80.23709106,59312,59322,10
13.00730038,80.23806,59322,59332,10
13.00718975,80.2387085,59332,59341,9
13.00708008,80.23932648,59341,59352,11
13.00693989,80.23989868,59352,59514,162
13.00693989,80.23989868,59514,59524,10
13.0068903,80.24006653,59524,59534,10
13.0068903,80.24040222,59534,59544,10
13.0068903,80.24050903,59544,59554,10
13.00681973,80.24085236,59554,59564,10
13.00675011,80.24149323,59564,59574,10
13.00673962,80.24224091,59574,59584,10
13.00673962,80.24298096,59584,59595,11
13.00673962,80.24375916,59595,59605,10
13.00673008,80.24485779,59605,59625,20
13.00673008,80.24485779,59625,59635,10
13.00671959,80.24513245,59635,59645,10
13.00673008,80.24555206,59645,59655,10
13.00675964,80.24610901,59655,59665,10
13.00679016,80.24668121,59665,59675,10
13.00677967,80.24745178,59675,59685,10
13.00677013,80.24833679,59685,59696,11
13.00687027,80.24936676,59696,59716,20
13.00687027,80.24936676,59716,59726,10
13.00687027,80.2496109,59726,59736,10
13.00683975,80.25013733,59736,59746,10
13.00683975,80.2507782,59746,59756,10
13.00683975,80.25110626,59756,59766,10
13.00677967,80.25167084,59766,59776,10
13.00662041,80.25240326,59776,59786,10
13.00669003,80.25279236,59786,59796,10
13.00664043,80.25350189,59796,60130,334
13.00664043,80.25350189,60130,60140,10
13.00664997,80.25383759,60140,60150,10
13.00666046,80.25405884,60150,60160,10
13.00662994,80.25437927,60160,60170,10
13.00660992,80.25479889,60170,60180,10
13.00662041,80.25559998,60180,60190,10
13.00664043,80.25634766,60190,60200,10
13.00664043,80.25675201,60200,60210,10
13.00669003,80.2574234,60210,60221,11
13.00708961,80.25821686,60221,60231,10
13.00753975,80.25868225,60231,60241,10
13.00769997,80.25875854,60241,60251,10
13.00804043,80.25891113,60251,60261,10
13.0080204,80.25920868,60261,60271,10
13.00771999,80.25935364,60271,60281,10
13.00730038,80.25901794,60281,60291,10
13.00708008,80.25852203,60291,60301,10
13.0067997,80.25804138,60301,60311,10
13.00662994,80.25779724,60311,60321,10
13.00646973,80.25749969,60321,60338,17
13.0064497,80.25649261,60338,60350,12
13.00646019,80.25576782,60350,60358,8
13.00648975,80.25525665,60358,60370,12
13.00648022,80.25435638,60370,60380,10
13.00634003,80.25354004,60380,60390,10
13.00642014,80.25331879,60390,60399,9
13.00644016,80.25325775,60399,60410,11
13.00648975,80.25292206,60410,60441,31
13.00648975,80.25292206,60441,60452,11
13.00648975,80.25286102,60452,60482,30
13.00648975,80.25286102,60482,60492,10
13.00650978,80.25263977,60492,60502,10
13.00658035,80.25212097,60502,60512,10
13.00671959,80.25135803,60512,60522,10
13.00671959,80.25047302,60522,60533,11
13.00671005,80.24961853,60533,60543,10
13.00669003,80.24897766,60543,60553,10
13.00662041,80.24822235,60553,60563,10
13.00660992,80.24764252,60563,60634,71
13.00660992,80.2474823,60634,60674,40
13.00660992,80.2474823,60674,60684,10
13.00660038,80.24736023,60684,60694,10
13.00660992,80.24693298,60694,60704,10
13.00654984,80.24652863,60704,60714,10
13.00658035,80.24642181,60714,60724,10
13.00660038,80.2460022,60724,60734,10
13.00658989,80.24552917,60734,60745,11
13.00658035,80.24488068,60745,60755,10
13.00658035,80.24432373,60755,60765,10
13.00658035,80.24375153,60765,60775,10
13.00654984,80.24317932,60775,60785,10
13.0065403,80.24240875,60785,60794,9
13.00652027,80.24169159,60794,60805,11
13.00652027,80.24163055,60805,60815,10
13.0065403,80.24131012,60815,60825,10
13.00662041,80.2406311,60825,60834,9
13.00671005,80.24021912,60834,60846,12
13.00687981,80.23943329,60846,60856,10
13.00704956,80.2385025,60856,60866,10
13.00722027,80.23767853,60866,60876,10
13.00737953,80.23677063,60876,60896,20
13.00737953,80.23677063,60896,60906,10
13.00741959,80.23670197,60906,60916,10
13.00753975,80.23626709,60916,60926,10
13.00767994,80.23557281,60926,60936,10
13.0078001,80.23490906,60936,60947,11
13.00796986,80.23406219,60947,60957,10
13.00817013,80.23306274,60957,60967,10
13.0083704,80.23201752,60967,60977,10
13.00858021,80.23107147,60977,60987,10
13.00877953,80.23008728,60987,60997,10
13.00895977,80.22914124,60997,61007,10
13.00918007,80.22815704,61007,61017,10
13.00988007,80.22598267,61017,61038,21
13.00988007,80.22598267,61038,61047,9
13.01060009,80.22505951,61047,61058,11
13.01070023,80.22503662,61058,61068,10
13.01076031,80.22476196,61068,61078,10
13.01103973,80.22422791,61078,61088,10
13.01140022,80.22328186,61088,61098,10
13.0118103,80.22251129,61098,61108,10
13.01245022,80.22149658,61108,61118,10
13.01243973,80.22154999,61118,61128,10
13.01278973,80.22203827,61128,61138,10
13.01334,80.22270966,61138,61148,10
13.01387978,80.22329712,61148,61159,11
13.01441956,80.22406769,61159,61169,10
13.01465988,80.22483063,61169,61179,10
13.0153904,80.22499847,61179,61189,10
13.0155201,80.2248764,61189,61199,10
13.01544952,80.22486877,61199,61209,10
13.01581001,80.22531128,61209,61219,10
13.01636028,80.22537231,61219,61229,10
13.01706028,80.22514343,61229,61239,10
13.01791954,80.22483826,61239,61249,10
13.01877022,80.22444153,61249,61260,11
13.01957035,80.22445679,61260,61270,10
13.02001953,80.22471619,61270,61280,10
13.02050972,80.22509003,61280,61290,10
13.02105045,80.22547913,61290,61300,10
13.02153969,80.22586823,61300,61310,10
13.02202034,80.22618103,61310,61320,10
13.02202988,80.22618866,61320,61330,10
13.02215004,80.2263031,61330,61340,10
13.02258968,80.22673035,61340,61350,10
13.02305031,80.22712708,61350,61381,31
13.02305031,80.22712708,61381,61391,10
13.02326965,80.22738647,61391,61421,30
13.02326965,80.22738647,61421,61431,10
13.02346992,80.22756195,61431,61441,10
13.02369022,80.2277298,61441,61451,10
13.02385998,80.22786713,61451,61461,10
13.02414036,80.22817993,61461,61502,41
13.02414036,80.22817993,61502,61512,10
13.02422047,80.22831726,61512,61522,10
13.02441025,80.2285614,61522,61532,10
13.02470016,80.22898865,61532,61542,10
13.02519989,80.22968292,61542,61552,10
13.02577972,80.23049927,61552,61562,10
13.02602005,80.23110962,61562,61573,11
13.02630043,80.23136902,61573,61583,10
13.0269804,80.23119354,61583,61593,10
13.02779007,80.23101807,61593,61603,10
13.02886963,80.23088837,61603,61623,20
13.02886963,80.23088837,61623,61633,10
13.0291996,80.23084259,61633,61643,10
13.02960014,80.23079681,61643,61653,10
13.03017998,80.2307663,61653,61663,10
13.03054047,80.23074341,61663,61673,10
13.03057957,80.23074341,61673,61684,11
13.03087044,80.23069763,61684,61694,10
13.03124046,80.23066711,61694,61704,10
13.03176022,80.23062134,61704,61714,10
13.03184986,80.23062134,61714,61724,10
13.03205013,80.23059082,61724,61734,10
13.03265953,80.23055267,61734,61744,10
13.03347969,80.23049927,61744,61754,10
13.03402042,80.23045349,61754,61764,10
13.03404999,80.23043823,61764,61774,10
13.03442955,80.23034668,61774,61795,21
13.03442955,80.23034668,61795,61805,10
13.03452015,80.23036194,61805,61815,10
13.03460026,80.23036194,61815,61825,10
13.0348196,80.23034668,61825,61987,162
13.0348196,80.23034668,61987,61997,10
13.0350399,80.23059082,61997,62007,10
13.03499985,80.23094177,62007,62017,10
13.03487968,80.23158264,62017,62027,10
13.03476048,80.23240662,62027,62037,10
13.03468037,80.23307037,62037,62047,10
13.03464031,80.23336029,62047,62057,10
13.03458977,80.23368835,62057,62067,10
13.03450012,80.23435211,62067,62077,10
13.03439045,80.23523712,62077,62087,10
13.03429985,80.23605347,62087,62098,11
13.03421021,80.23692322,62098,62108,10
13.03431034,80.23739624,62108,62188,80
13.03431034,80.23739624,62188,62199,11
13.03429985,80.23755646,62199,62209,10
13.03456974,80.23795319,62209,62219,10
13.03491974,80.23847961,62219,62229,10
13.03530979,80.23908234,62229,62239,10
13.03567982,80.23940277,62239,62249,10
13.03616047,80.2394104,62249,62259,10
13.03670025,80.23950195,62259,62269,10
13.03746033,80.23959351,62269,62279,10
13.03827953,80.23970032,62279,62289,10
13.03888988,80.23976898,62289,62300,11
13.03958035,80.23983765,62300,62310,10
13.04001999,80.23986053,62310,62320,10
13.04020023,80.23990631,62320,62360,40
13.04020023,80.23990631,62360,62370,10
13.04041958,80.24002075,62370,62380,10
13.04043961,80.24034119,62380,62421,41
13.04043961,80.24034119,62421,62431,10
13.04047012,80.2405014,62431,62441,10
13.04082012,80.24056244,62441,62451,10
13.04100037,80.24060059,62451,62461,10
13.04117966,80.2406311,62461,62471,10
13.04176044,80.24069977,62471,62481,10
13.04255962,80.24078369,62481,62491,10
13.04337978,80.24092102,62491,62501,10
13.0437603,80.24095917,62501,62512,11
13.04413033,80.24089813,62512,62522,10
13.0444603,80.24066925,62522,62532,10
13.04493046,80.2403183,62532,62542,10
13.04549026,80.23995972,62542,62552,10
13.04601002,80.23960876,62552,62562,10
13.04638958,80.23953247,62562,62572,10
13.04658031,80.23956299,62572,62582,10
13.04683018,80.23963928,62582,62592,10
13.04747963,80.23977661,62592,62602,10
13.04825974,80.23999023,62602,62613,11
13.04916954,80.24017334,62613,62623,10
13.04973984,80.24024963,62623,62639,16
13.05020046,80.24033356,62639,62651,12
13.05105019,80.24050903,62651,62659,8
13.0513401,80.24047089,62659,62671,12
13.05171013,80.24062347,62671,62681,10
13.05237007,80.24080658,62681,62691,10
13.05257988,80.24118042,62691,62701,10
13.05259991,80.24138641,62701,62711,10
13.05272007,80.2416687,62711,62722,11
13.05337048,80.24199677,62722,62732,10
13.05385017,80.2421875,62732,62742,10
13.05403042,80.24227905,62742,62752,10
13.05405998,80.2423172,62752,62771,19
13.05513954,80.24230194,62771,62783,12
13.05622005,80.2424469,62783,62791,8
13.05688953,80.24272919,62791,62803,12
13.05648041,80.24256134,62803,62814,11
13.05657959,80.24269867,62814,62825,11
13.05706978,80.2427597,62825,62835,10
13.05755997,80.24278259,62835,62845,10
13.05797005,80.24256897,62845,62855,10
13.05871964,80.24259186,62855,62865,10
13.05918026,80.24252319,62865,62874,9
13.05990028,80.24262238,62874,62885,11
13.05992031,80.24259949,62885,62895,10
13.06029987,80.24279785,62895,62905,10
13.06048012,80.24291992,62905,62915,10
13.06091976,80.24304199,62915,62926,11
13.06107044,80.24311829,62926,62936,10
13.06138039,80.24314117,62936,62946,10
13.06173992,80.24320984,62946,62956,10
13.06270027,80.24337769,62956,62966,10
13.06258965,80.24331665,62966,62976,10
13.06287003,80.24340057,62976,62986,10
13.06357956,80.24349976,62986,62996,10
13.06425953,80.24355316,62996,63006,10
13.06527042,80.2435379,63006,63027,21
13.06527996,80.24365234,63027,63047,20
13.06527996,80.24365234,63047,63057,10
13.06546021,80.24352264,63057,63067,10
13.06597042,80.2435379,63067,63076,9
13.0661602,80.24349213,63076,63087,11
13.06628036,80.24343872,63087,63097,10
13.06655979,80.24333191,63097,63107,10
13.06696987,80.2431488,63107,63117,10
13.06760025,80.24285889,63117,63128,11
13.06828022,80.24268341,63128,63138,10
13.06853962,80.24260712,63138,63148,10
13.06900024,80.24240875,63148,63158,10
13.06943035,80.24224091,63158,63168,10
13.06982994,80.24208069,63168,63178,10
13.07011032,80.2420578,63178,63188,10
13.07009983,80.24211121,63188,63198,10
13.07026005,80.24201965,63198,63208,10
13.07075977,80.24186707,63208,63218,10
13.0714798,80.24160004,63218,63229,11
13.07217979,80.24124908,63229,63239,10
13.07262039,80.24095917,63239,63249,10
13.07289028,80.24082947,63249,63259,10
13.07324028,80.24073029,63259,63269,10
13.07369995,80.24060059,63269,63279,10
13.07417011,80.2405014,63279,63289,10
13.07491016,80.24047852,63289,63299,10
13.07584953,80.2405014,63299,63309,10
13.07670975,80.2405777,63309,63319,10
13.07711983,80.24051666,63319,63329,10
13.0770998,80.24018097,63329,63340,11
13.07691956,80.23941803,63340,63350,10
13.07670975,80.23864746,63350,63360,10
13.07654953,80.23806763,63360,63370,10
13.07641029,80.23735046,63370,63390,20
13.07641029,80.23735046,63390,63400,10
13.07637024,80.23722839,63400,63410,10
13.07627964,80.23667145,63410,63420,10
13.07616997,80.23590088,63420,63430,10
13.07604027,80.23522186,63430,63441,11
13.07588959,80.23464203,63441,63451,10
13.07581043,80.23417664,63451,63461,10
13.0760603,80.23378754,63461,63471,10
13.07653999,80.23371887,63471,63481,10
13.0771904,80.23364258,63481,63491,10
13.07781029,80.23358154,63491,63501,10
13.0781002,80.23355865,63501,63511,10
13.07835007,80.23355865,63511,63521,10
13.07859039,80.23352814,63521,63531,10
13.07905006,80.23352051,63531,63541,10
13.07948017,80.23352051,63541,63552,11
13.07985973,80.23348236,63552,63562,10
13.08016014,80.23352814,63562,63572,10
13.08043957,80.23355865,63572,63582,10
13.08055019,80.23352814,63582,63592,10
13.08115959,80.23352814,63592,63602,10
13.08187008,80.23355865,63602,63612,10
13.08199978,80.23327637,63612,63622,10
13.08207989,80.23265076,63622,63632,10
13.08232975,80.23191833,63632,63642,10
13.08265972,80.23111725,63642,63653,11
13.08298016,80.23066711,63653,63663,10
13.08314037,80.23107147,63663,63673,10
13.08320045,80.23188019,63673,63683,10
13.08331966,80.23275757,63683,63693,10
13.08347988,80.23335266,63693,63703,10
13.08353043,80.23365021,63703,63713,10
13.08353043,80.23365784,63713,63723,10
13.08353996,80.2338028,63723,63733,10
13.08407974,80.23400116,63733,63774,41
13.08407974,80.23400116,63774,63790,16
13.0843401,80.23407745,63790,63802,12
13.08481026,80.23419189,63802,63812,10
13.0853796,80.23432159,63812,63821,9
13.08617973,80.23449707,63821,63832,11
13.08710003,80.23461914,63832,63842,10
13.08778,80.23449707,63842,63852,10
13.08796024,80.23384094,63852,63863,11
13.08813,80.23282623,63863,63873,10
13.08835983,80.23191071,63873,63883,10
13.08868027,80.23095703,63883,63891,8
13.08885956,80.23053741,63891,63902,11
13.08887005,80.23053741,63902,63912,10
13.08889008,80.23049164,63912,63923,11
13.08911991,80.23004913,63923,63933,10
13.08952999,80.22936249,63933,63943,10
13.09020996,80.22859955,63943,63953,10
13.0909996,80.2277832,63953,63964,11
13.09140968,80.22731018,63964,63974,10
13.0914402,80.22727966,63974,63984,10
13.09171963,80.22699738,63984,63994,10
13.09222984,80.22644806,63994,64004,10
13.09288979,80.22577667,64004,64014,10
13.09325981,80.22538757,64014,64024,10
13.09348965,80.22516632,64024,64034,10
13.09393978,80.22466278,64034,64044,10
13.09449005,80.22392273,64044,64054,10
13.09508991,80.22292328,64054,64064,10
13.09525013,80.22247314,64064,64075,11
13.09529972,80.22229767,64075,64085,10
13.09552002,80.22174835,64085,64095,10
13.09582043,80.22093964,64095,64105,10
13.09630966,80.21951294,64105,64125,20
13.09630966,80.21951294,64125,64135,10
13.09642029,80.21911621,64135,64145,10
13.09652996,80.21881104,64145,64155,10
13.09677982,80.21826935,64155,64165,10
13.09700012,80.21748352,64165,64176,11
13.09716034,80.2170105,64176,64186,10
13.09722042,80.21685791,64186,64196,10
13.09737968,80.21647644,64196,64206,10
13.09768009,80.21578217,64206,64216,10
13.09809017,80.2148819,64216,64226,10
13.09840965,80.2141571,64226,64297,71
13.09840965,80.2141571,64297,64307,10
13.09860039,80.21395874,64307,64317,10
13.09914017,80.2142334,64317,64327,10
13.09967995,80.21437073,64327,64337,10
13.10019016,80.21453094,64337,64367,30
13.10019016,80.21453094,64367,64378,11
13.10039997,80.21459961,64378,64398,20
13.10039997,80.21459961,64398,64408,10
13.10048008,80.21463776,64408,64418,10
13.10056019,80.21492004,64418,64428,10
13.10025024,80.2155838,64428,64438,10
13.10002041,80.2161026,64438,64448,10
13.0999403,80.21611786,64448,64458,10
13.0999403,80.21585846,64458,64468,10
13.10002995,80.21559143,64468,64478,10
13.10029984,80.21492004,64478,65448,970
13.10029984,80.21492004,65448,65458,10
13.10021019,80.21466827,65458,65468,10
13.10013008,80.21450806,65468,65478,10
13.0999403,80.21443176,65478,65488,10
13.09961033,80.2143631,65488,65498,10
13.09918022,80.21424866,65498,65508,10
13.09864044,80.21405792,65508,65539,31
13.09864044,80.21405792,65539,65549,10
13.09854984,80.21405792,65549,65559,10
13.0983696,80.21427917,65559,65569,10
13.09813976,80.21479797,65569,65579,10
13.0978899,80.21543121,65579,65589,10
13.09772015,80.21587372,65589,65599,10
13.09745979,80.21652985,65599,65609,10
13.09737968,80.21672058,65609,65619,10
13.09733963,80.21678925,65619,65630,11
13.09716034,80.21727753,65630,65640,10
13.09691048,80.21795654,65640,65650,10
13.09669018,80.21864319,65650,65660,10
13.09644032,80.21942139,65660,65670,10
13.09619999,80.22006226,65670,65680,10
13.09599018,80.22064209,65680,65690,10
13.09578037,80.22123718,65690,65700,10
13.09560013,80.22177124,65700,65710,10
13.09539986,80.22239685,65710,65720,10
13.0953598,80.22252655,65720,65731,11
13.09510994,80.22312927,65731,65741,10
13.09463024,80.22389221,65741,65751,10
13.09393978,80.22479248,65751,65761,10
13.09315968,80.22564697,65761,65771,10
13.0926199,80.22618866,65771,65781,10
13.09208965,80.22673035,65781,65791,10
13.0912199,80.22766113,65791,65821,30
13.0912199,80.22766113,65821,65831,10
13.09103012,80.22785187,65831,65842,11
13.0905304,80.2283783,65842,65851,9
13.08994007,80.22901154,65851,65862,11
13.08928013,80.22991943,65862,65872,10
13.08913994,80.23023987,65872,65882,10
13.08901978,80.2305069,65882,65892,10
13.08883953,80.23091888,65892,65902,10
13.08883953,80.23092651,65902,65912,10
13.08874989,80.23110962,65912,65922,10
13.08872032,80.23120117,65922,65932,10
13.08858967,80.23149872,65932,65943,11
13.08837986,80.2321701,65943,65953,10
13.08813953,80.23303986,65953,65962,9
13.08802986,80.23378754,65962,65973,11
13.08788967,80.23445892,65973,65983,10
13.0873003,80.23461914,65983,65993,10
13.08668041,80.23455811,65993,66003,10
13.08613014,80.23448181,66003,66013,10
13.08598995,80.23442841,66013,66023,10
13.08545017,80.23432159,66023,66033,10
13.08491039,80.23419952,66033,66044,11
13.08462048,80.23412323,66044,66054,10
13.08421993,80.23401642,66054,66064,10
13.08374977,80.2339325,66064,66074,10
13.08372974,80.23394012,66074,66084,10
13.08380032,80.2338028,66084,66094,10
13.08356953,80.23388672,66094,66104,10
13.0831604,80.23384857,66104,66114,10
13.08236027,80.23368073,66114,66134,20
13.08236027,80.23368073,66134,66145,11
13.08207989,80.23364258,66145,66155,10
13.08146,80.23358917,66155,66165,10
13.08076,80.23356628,66165,66175,10
13.08026981,80.23356628,66175,66185,10
13.07977009,80.23355865,66185,66195,10
13.07958031,80.2335434,66195,66205,10
13.07948017,80.2335434,66205,66215,10
13.07907009,80.23356628,66215,66231,16
13.07804012,80.23361969,66231,66243,12
13.07721996,80.23368835,66243,66252,9
13.07649994,80.23381805,66252,66262,10
13.07610989,80.23390961,66262,66274,12
13.0759201,80.23387909,66274,66284,10
13.07590961,80.23432922,66284,66294,10
13.07608032,80.23513031,66294,66304,10
13.0762701,80.23613739,66304,66314,10
13.07643986,80.23709106,66314,66324,10
13.07647991,80.23726654,66324,66334,10
13.07654953,80.23755646,66334,66345,11
13.07670021,80.23831177,66345,66356,11
13.07686043,80.23903656,66356,66366,10
13.07699966,80.23956299,66366,66376,10
13.07703018,80.23963165,66376,66386,10
13.0770998,80.23979187,66386,66396,10
13.07719994,80.24025726,66396,66406,10
13.07728004,80.24062347,66406,66416,10
13.07738018,80.24107361,66416,66426,10
13.07740021,80.24128723,66426,66436,10
13.07750988,80.24178314,66436,66446,10
13.07769012,80.24256897,66446,66456,10
13.07781029,80.24362183,66456,66467,11
13.07785034,80.24475098,66467,66477,10
13.07808018,80.24678802,66477,66487,10
13.07808018,80.24678802,66487,66497,10
13.07826996,80.24774933,66497,66507,10
13.07841969,80.2484436,66507,66517,10
13.07855034,80.24894714,66517,66527,10
13.07866001,80.24951935,66527,66557,30
13.07870007,80.24967957,66557,66588,31
13.07870007,80.24967957,66588,66598,10
13.07872963,80.24989319,66598,66658,60
13.07872963,80.24989319,66658,66669,11
13.07876015,80.24992371,66669,66679,10
13.07876015,80.2502594,66679,66820,141
13.07876015,80.2502594,66820,66830,10
13.07851982,80.25055695,66830,66871,41
13.07851982,80.25055695,66871,66881,10
13.07853031,80.25102234,66881,66941,60
13.07853031,80.25102234,66941,66951,10
13.07866001,80.25138092,66951,66961,10
13.07861042,80.25158691,66961,66992,31
13.07861042,80.25158691,66992,67002,10
13.07816029,80.25170135,67002,67012,10
13.07763004,80.25180054,67012,67022,10
13.0768404,80.25196075,67022,67032,10
13.0760603,80.25209808,67032,67042,10
13.07540989,80.25215149,67042,67052,10
13.07474041,80.25221252,67052,67062,10
13.07417965,80.25224304,67062,67072,10
13.07396984,80.25229645,67072,67083,11
13.0734396,80.25243378,67083,67093,10
13.07277966,80.25235748,67093,67103,10
13.07227039,80.25218964,67103,67113,10
13.07207966,80.25158691,67113,67123,10
13.07198048,80.25090027,67123,67133,10
13.07182026,80.25047302,67133,67143,10
13.07170963,80.25013733,67143,67153,10
13.07168961,80.25009155,67153,67163,10
13.07155037,80.2496109,67163,67173,10
13.07141018,80.24881744,67173,67184,11
13.07116032,80.24787903,67184,67194,10
13.07081985,80.24707031,67194,67204,10
13.07040024,80.2462616,67204,67214,10
13.0699501,80.24519348,67214,67224,10
13.06956959,80.24416351,67224,67234,10
13.06941986,80.24372864,67234,67244,10
13.06927967,80.24340057,67244,67254,10
13.06927013,80.24334717,67254,67264,10
13.06927967,80.24330139,67264,67274,10
13.06919003,80.24285889,67274,67285,11
13.06896973,80.24256134,67285,67295,10
13.06861973,80.24256897,67295,67305,10
13.06822968,80.24269104,67305,67315,10
13.06760025,80.24288177,67315,67325,10
13.06694031,80.24318695,67325,67335,10
13.06653023,80.24336243,67335,67345,10
13.06616974,80.24360657,67345,67355,10
13.06616974,80.24436188,67355,67365,10
13.06628036,80.24520874,67365,67375,10
13.06647968,80.24590302,67375,67386,11
13.06783009,80.24656677,67386,67406,20
13.06783009,80.24656677,67406,67416,10
13.06791019,80.24680328,67416,67426,10
13.06793022,80.24743652,67426,67436,10
13.06766033,80.24794006,67436,67446,10
13.06702995,80.24790192,67446,67456,10
13.06645012,80.2478714,67456,67466,10
13.06579971,80.24784851,67466,67476,10
13.06492996,80.24781036,67476,67487,11
13.0639801,80.24771881,67487,67497,10
13.06344032,80.24765015,67497,67507,10
13.06264019,80.24761963,67507,67517,10
13.06182003,80.24758148,67517,67527,10
13.06142044,80.24727631,67527,67537,10
13.06140041,80.24685669,67537,67547,10
13.06169033,80.24646759,67547,67557,10
13.06184959,80.24581146,67557,67567,10
13.06198025,80.24529266,67567,67577,10
13.06231976,80.24494934,67577,67587,10
13.06307983,80.24432373,67587,67608,21
13.06307983,80.24432373,67608,67618,10
13.06322956,80.244133,67618,67628,10
13.06340027,80.24359894,67628,67638,10
13.06303024,80.24346161,67638,67648,10
13.06247044,80.24333954,67648,67658,10
13.06231022,80.24330902,67658,67674,16
13.06147957,80.2431488,67674,67694,20
13.06147957,80.2431488,67694,67707,13
13.06120014,80.24308014,67707,67717,10
13.06087971,80.24301147,67717,67727,10
13.06066036,80.24295807,67727,67737,10
13.06025982,80.24282074,67737,67745,8
13.05970001,80.24263763,67745,67756,11
13.0593996,80.24255371,67756,67767,11
13.05895042,80.24259186,67767,67776,9
13.05875015,80.24263,67776,67786,10
13.05862999,80.24265289,67786,67797,11
13.05815029,80.24273682,67797,67808,11
13.05710983,80.24282074,67808,67838,30
13.05710983,80.24282074,67838,67848,10
13.05679989,80.24275208,67848,67858,10
13.05626011,80.24255371,67858,67868,10
13.05566025,80.24236298,67868,67878,10
13.05486965,80.24240112,67878,67888,10
13.05372047,80.24226379,67888,67929,41
13.05372047,80.24226379,67929,67939,10
13.0535202,80.24211884,67939,67949,10
13.05317974,80.24198914,67949,67959,10
13.0527401,80.24183655,67959,68020,61
13.0527401,80.24183655,68020,68030,10
13.05239964,80.24160004,68030,68040,10
13.05206013,80.24107361,68040,68050,10
13.05187988,80.24079895,68050,68262,212
13.05150986,80.24067688,68262,68302,40
13.05150986,80.24067688,68302,68312,10
13.05109978,80.24059296,68312,68323,11
13.05088043,80.24054718,68323,68333,10
13.0508604,80.24054718,68333,68343,10
13.05074978,80.24051666,68343,68353,10
13.05043983,80.24046326,68353,68363,10
13.04990005,80.24034119,68363,68373,10
13.04918957,80.24019623,68373,68383,10
13.04831028,80.24002075,68383,68393,10
13.04745007,80.23986053,68393,68403,10
13.04706955,80.23976135,68403,68413,10
13.04646015,80.23963928,68413,68424,11
13.04625988,80.23932648,68424,68434,10
13.04625988,80.2390213,68434,68444,10
13.04640007,80.23834229,68444,68454,10
13.04654026,80.23751831,68454,68464,10
13.04671955,80.23674011,68464,68474,10
13.04685974,80.23616791,68474,68484,10
13.04693985,80.23578644,68484,68494,10
13.0469799,80.2355423,68494,68504,10
13.04701996,80.2350235,68504,68514,10
13.04712963,80.23426819,68514,68524,10
13.04722023,80.23352051,68524,68535,11
13.04724979,80.23312378,68535,68545,10
13.04695988,80.23301697,68545,68555,10
13.04650021,80.23291779,68555,68565,10
13.04596043,80.23278809,68565,68575,10
13.04518986,80.23267365,68575,68605,30
13.04518986,80.23267365,68605,68615,10
13.04487991,80.23267365,68615,68625,10
13.04423046,80.23249817,68625,68636,11
13.04337978,80.23236084,68636,68646,10
13.0426302,80.23233795,68646,68656,10
13.04189014,80.2322998,68656,68666,10
13.04108047,80.23210144,68666,68676,10
13.04022026,80.23178101,68676,68686,10
13.03921032,80.23149872,68686,68696,10
13.03831005,80.23123932,68696,68706,10
13.03756046,80.23098755,68706,68716,10
13.03719044,80.23082733,68716,68726,10
13.03711033,80.23081207,68726,68737,11
13.03691959,80.23078156,68737,68747,10
13.03637028,80.23058319,68747,68906,159
13.03637028,80.23058319,68906,68916,10
13.03614044,80.23056793,68916,68926,10
13.03584003,80.23043823,68926,68936,10
13.03534985,80.23033905,68936,69179,243
13.03534985,80.23033905,69179,69189,10
13.03516006,80.2303772,69189,69199,10
13.0348196,80.23033905,69199,69209,10
13.03448963,80.2303772,69209,69219,10
13.03427029,80.2304306,69219,69229,10
13.03407955,80.23043823,69229,69239,10
13.03396034,80.23043823,69239,69249,10
13.03376007,80.23042297,69249,69260,11
13.03349972,80.23043823,69260,69300,40
13.03349972,80.23043823,69300,69310,10
13.03306961,80.23052979,69310,69320,10
13.03184986,80.23062897,69320,69348,28
13.03184986,80.23062897,69348,69356,8
13.03153038,80.23065948,69356,69419,63
13.03153038,80.23065948,69419,69429,10
13.03116035,80.23065948,69429,69439,10
13.03096962,80.23068237,69439,69449,10
13.03063011,80.23071289,69449,69460,11
13.03020954,80.2307663,69460,69470,10
13.02982044,80.23079681,69470,69490,20
13.02982044,80.23079681,69490,69500,10
13.0296402,80.23081207,69500,69510,10
13.02921963,80.23084259,69510,69520,10
13.02855015,80.23090363,69520,69530,10
13.02787971,80.2309494,69530,69540,10
13.02762032,80.23101044,69540,69550,10
13.02764034,80.23143768,69550,69560,10
13.02772999,80.231987,69560,69571,11
13.02783966,80.23264313,69571,69581,10
13.02756977,80.23282623,69581,69591,10
13.02735996,80.23287964,69591,69601,10
13.02709007,80.23294067,69601,69611,10
13.02688026,80.23297882,69611,69621,10
13.02663994,80.23301697,69621,69631,10
13.02632046,80.2328186,69631,69641,10
13.02622986,80.23259735,69641,69651,10
13.02618027,80.23236847,69651,69661,10
13.02610016,80.23203278,69661,69672,11
13.02604961,80.23177338,69672,69682,10
13.02595997,80.23143768,69682,69692,10
13.02577972,80.23084259,69692,69702,10
13.02544975,80.2301712,69702,69712,10
13.0250597,80.22962189,69712,69722,10
13.02466011,80.22914124,69722,69732,10
13.02437019,80.22875977,69732,69742,10
13.02390003,80.22824097,69742,69762,20
13.02390003,80.22824097,69762,69773,11
13.02388,80.22821045,69773,69783,10
13.02383995,80.22814178,69783,69793,10
13.02371025,80.2279892,69793,69803,10
13.02334976,80.22763062,69803,69813,10
13.02280998,80.22712708,69813,69823,10
13.02231979,80.22663879,69823,69833,10
13.02178955,80.2261734,69833,69843,10
13.02132034,80.22580719,69843,69853,10
13.02089024,80.22545624,69853,69863,10
13.02027988,80.22505188,69863,69873,10
13.01959038,80.22457886,69873,69884,11
13.01856995,80.22451019,69884,69894,10
13.01762962,80.22490692,69894,69904,10
13.01688004,80.22521973,69904,69914,10
13.01640987,80.22541809,69914,69924,10
13.0160799,80.22554016,69924,69934,10
13.01566982,80.22567749,69934,69944,10
13.01500034,80.22595978,69944,69954,10
13.01443005,80.2261734,69954,69971,17
13.01416016,80.22628021,69971,69983,12
13.01403046,80.22634125,69983,69993,10
13.01354027,80.22653198,69993,70002,9
13.01290989,80.22678375,70002,70013,11
13.01196957,80.22715759,70013,70023,10
13.01105976,80.2275238,70023,70033,10
13.00996971,80.22795105,70033,70043,10
13.00907993,80.2285614,70043,70052,9
13.00891018,80.22962189,70052,70063,11
13.00866032,80.23091125,70063,70073,10
13.00842953,80.23213959,70073,70084,11
13.00823975,80.23330688,70084,70094,10
13.00821972,80.23355103,70094,70104,10
13.00819969,80.23361969,70104,70114,10
13.00807953,80.23397064,70114,70124,10
13.00798035,80.23457336,70124,70134,10
13.00782013,80.23532104,70134,70144,10
13.00771046,80.2358017,70144,70154,10
13.00765991,80.23609924,70154,70164,10
13.00759983,80.23638153,70164,70174,10
13.00751019,80.23684692,70174,70184,10
13.00743008,80.23721313,70184,70201,17
13.00730991,80.23792267,70201,70213,12
13.00716019,80.23872375,70213,70223,10
13.00708008,80.23911285,70223,70263,40
13.00708008,80.23911285,70263,70273,10
13.00706959,80.23918152,70273,70283,10
13.00699997,80.23950958,70283,70293,10
13.00693989,80.24006653,70293,70304,11
13.00683975,80.2407608,70304,70314,10
13.00683022,80.24078369,70314,70324,10
13.00677967,80.24092865,70324,70334,10
13.00671959,80.24150085,70334,70344,10
13.00671959,80.24214172,70344,70353,9
13.00669956,80.2423172,70353,70374,21
13.00669956,80.2423172,70374,70384,10
13.00669956,80.24246979,70384,70395,11
13.00669003,80.24273682,70395,70405,10
13.00667953,80.2430191,70405,70415,10
13.00667953,80.24323273,70415,70425,10
13.00667953,80.24346161,70425,70435,10
13.00667953,80.24394989,70435,70445,10
13.00667953,80.24462128,70445,70455,10
13.00669003,80.24510956,70455,70465,10
13.00669956,80.24559021,70465,70474,9
13.00671005,80.2457428,70474,70484,10
13.00671005,80.24588776,70484,70495,11
13.00671005,80.24590302,70495,70506,11
13.00671959,80.2462616,70506,70546,40
13.00671959,80.2462616,70546,70556,10
13.00671959,80.24681854,70556,70566,10
13.00673962,80.24732208,70566,70576,10
13.00671959,80.24800873,70576,70586,10
13.00677967,80.24893951,70586,70596,10
13.00683975,80.24952698,70596,70607,11
13.00683975,80.24964142,70607,70617,10
13.00681019,80.25006104,70617,70627,10
13.00681019,80.25071716,70627,70628,1
13.00681019,80.25076294,70628,70629,1
13.00681019,80.25079346,70629,70675,46
13.00658989,80.25227356,70675,70685,10
13.0065403,80.25287628,70685,70695,10
13.0065403,80.25366211,70695,70705,10
13.0065403,80.25431061,70705,70716,11
13.00658035,80.25493622,70716,70736,20
13.00658035,80.25493622,70736,70746,10
13.00656033,80.25508118,70746,70756,10
13.00656033,80.25565338,70756,70767,11
13.00660038,80.2569809,70767,70848,81
13.00660038,80.2569809,70848,70858,10
13.00666046,80.25708008,70858,70868,10
13.00666046,80.2574234,70868,70878,10
13.00621986,80.25752258,70878,70888,10
13.00557995,80.25737762,70888,70898,10
13.00512028,80.25727081,70898,70908,10
13.00475979,80.25720215,70908,70919,11
13.00456047,80.25715637,70919,70929,10
13.00438976,80.25711823,70929,70939,10
13.00421047,80.25708008,70939,70949,10
13.00401974,80.25704193,70949,70959,10
13.00397015,80.25704193,70959,70969,10
13.00368023,80.25698853,70969,70979,10
13.00352001,80.25695038,70979,70989,10
13.00345039,80.25691986,70989,70999,10
13.00325966,80.25686646,70999,71009,10
13.00317955,80.2568512,71009,71020,11
13.00290966,80.25679779,71020,71100,80
13.00290966,80.25679779,71100,71110,10
13.00273991,80.25675964,71110,71120,10
13.00244045,80.25669861,71120,71131,11
13.0021801,80.25666809,71131,71141,10
13.00187016,80.25662231,71141,71151,10
13.0013504,80.25655365,71151,71161,10
13.0002203,80.25640106,71161,71181,20
13.0002203,80.25640106,71181,71191,10
13.00002956,80.25634766,71191,71201,10
12.99942017,80.2562027,71201,71211,10
12.99894047,80.25611115,71211,71221,10
12.99862003,80.256073,71221,71232,11
12.99804974,80.2559967,71232,71302,70
12.99804974,80.2559967,71302,71312,10
12.99759007,80.25605774,71312,71322,10
12.99730015,80.25601959,71322,71333,11
12.99707985,80.2559967,71333,71343,10
12.99687958,80.25610352,71343,71353,10
12.99687958,80.25621796,71353,71363,10
12.99680042,80.25701141,71363,71383,20
12.99680042,80.25701141,71383,71393,10
12.9967804,80.25733185,71393,71403,10
12.99670029,80.25801086,71403,71413,10
12.99660969,80.25884247,71413,71423,10
12.99652958,80.25945282,71423,71434,11
12.99647045,80.2600708,71434,71444,10
12.99639034,80.26077271,71444,71454,10
12.99635029,80.26127625,71454,71464,10
12.99631977,80.26157379,71464,71474,10
12.99629021,80.26177216,71474,71484,10
12.99619007,80.26235199,71484,71504,20
12.99619007,80.26235199,71504,71514,10
12.99615002,80.26252747,71514,71524,10
12.99610996,80.26303864,71524,71534,10
12.99606991,80.26363373,71534,71545,11
12.99600029,80.26441956,71545,71555,10
12.99596024,80.2647934,71555,71565,10
12.99594021,80.26512909,71565,71575,10
12.99592018,80.26521301,71575,71585,10
12.99580002,80.26634979,71585,71621,36
12.99580002,80.26634979,71621,71633,12
12.99582005,80.26644135,71633,71644,11
12.99577045,80.2666626,71644,71654,10
12.99573994,80.266922,71654,71664,10
12.99569988,80.26737976,71664,71674,10
12.99612045,80.26767731,71674,71714,40
12.99612045,80.26767731,71714,71724,10
12.99656963,80.26773071,71724,71805,81
12.99656963,80.26773071,71805,71815,10
12.99680042,80.26767731,71815,71825,10
12.99713039,80.26760101,71825,71835,10
12.99763966,80.26746368,71835,71845,10
12.99818039,80.2673111,71845,71866,21
12.99818039,80.2673111,71866,71876,10
12.99860954,80.26718903,71876,71886,10
12.99938011,80.26696777,71886,71896,10
13.00002003,80.26663971,71896,71926,30
13.00002003,80.26663971,71926,71936,10
13.0001297,80.26615143,71936,71946,10
13.00028992,80.26567078,71946,71957,11
13.00030994,80.26612091,71957,72268,311
13.00030994,80.26612091,72268,72278,10
13.00026035,80.26641083,72278,72338,60
13.00026035,80.26641083,72338,72348,10
13.00026989,80.26641846,72348,72358,10
13.00028992,80.26669312,72358,72369,11
13.0,80.26689148,72369,72379,10
12.99934006,80.2670517,72379,72389,10
12.99859047,80.26724243,72389,72399,10
12.99822044,80.26735687,72399,72409,10
12.99767971,80.26750946,72409,72419,10
12.99701977,80.2677002,72419,72429,10
12.99666023,80.26779938,72429,72601,172
12.99666023,80.26779938,72601,72611,10
12.99643993,80.26782227,72611,72621,10
12.99631023,80.26779938,72621,72631,10
12.99608994,80.26779175,72631,72641,10
12.99584961,80.2677536,72641,72651,10
12.99559975,80.26757813,72651,72661,10
12.99561977,80.26734161,72661,72671,10
12.99561977,80.26732635,72671,72682,11
12.99567032,80.26702881,72682,72692,10
12.99571991,80.26648712,72692,72702,10
12.99577999,80.26589966,72702,72712,10
12.9958601,80.26519012,72712,72722,10
12.99594975,80.26452637,72722,72732,10
12.99602985,80.26383209,72732,72742,10
12.99606037,80.26339722,72742,72752,10
12.99608994,80.26312256,72752,72762,10
12.99612045,80.26275635,72762,72772,10
12.99615002,80.26260376,72772,72783,11
12.9962101,80.2620697,72783,72803,20
12.9962101,80.2620697,72803,72813,10
12.99623013,80.26197052,72813,72823,10
12.99627972,80.26157379,72823,72833,10
12.99635029,80.26084137,72833,72843,10
12.9964304,80.26020813,72843,72853,10
12.99645996,80.25994873,72853,72863,10
12.99645996,80.25975037,72863,72873,10
12.99650002,80.25937653,72873,72884,11
12.99654007,80.25892639,72884,72894,10
12.99658966,80.25858307,72894,72904,10
12.99668026,80.25762939,72904,72954,50
12.99668026,80.25762939,72954,72964,10
12.99674034,80.25726318,72964,72974,10
12.99676037,80.25714111,72974,72984,10
12.99676991,80.2568512,72984,72995,11
12.99682045,80.25621796,72995,73005,10
12.99701977,80.25583649,73005,73015,10
12.99763966,80.25588226,73015,73025,10
12.99845982,80.25595856,73025,73035,10
12.99880981,80.2559967,73035,73065,30
12.99880981,80.2559967,73065,73075,10
12.99901009,80.25604248,73075,73085,10
12.99944973,80.25614166,73085,73096,11
13.00045967,80.25631714,73096,73116,20
13.00045967,80.25631714,73116,73126,10
13.00061035,80.25637054,73126,73142,16
13.00115013,80.25643921,73142,73154,12
13.00179958,80.25656128,73154,73162,8
13.00209999,80.25660706,73162,73174,12
13.00257015,80.25669861,73174,73184,10
13.00308037,80.25679779,73184,73194,10
13.00333977,80.2568512,73194,73205,11
13.00387955,80.25694275,73205,73215,10
13.00444031,80.25704956,73215,73224,9
13.00498009,80.25714874,73224,73235,11
13.00594044,80.25736237,73235,73245,10
13.00650978,80.25739288,73245,73255,10
13.00648975,80.25689697,73255,73265,10
13.00646019,80.25608063,73265,73275,10
13.00648022,80.25512695,73275,73285,10
13.00646019,80.25434875,73285,73295,10
13.00646019,80.25399017,73295,73316,21
13.00646973,80.25382233,73316,73346,30
13.00646973,80.25382233,73346,73356,10
13.0064497,80.25369263,73356,73366,10
13.00646019,80.25341034,73366,73376,10
13.00646019,80.25335693,73376,73392,16
13.00646973,80.25327301,73392,73404,12
13.00646019,80.25282288,73404,73485,81
13.00646019,80.25282288,73485,73495,10
13.00646973,80.25257874,73495,73505,10
13.00652981,80.25213623,73505,73516,11
13.00669956,80.25132751,73516,73526,10
13.00669956,80.25041962,73526,73536,10
13.00669003,80.24967957,73536,73566,30
13.00669003,80.24967957,73566,73576,10
13.00671005,80.24945831,73576,73586,10
13.00669003,80.24912262,73586,73596,10
13.00664043,80.24861908,73596,73606,10
13.00664043,80.24858856,73606,73617,11
13.00662041,80.24842072,73617,73667,50
13.00662041,80.24842072,73667,73677,10
13.00658035,80.24793243,73677,73687,10
13.00658035,80.24793243,73687,73697,10
13.00658035,80.24742889,73697,73707,10
13.00656033,80.24675751,73707,73718,11
13.0065403,80.246521,73718,73728,10
13.00654984,80.24645233,73728,73738,10
13.00660038,80.24594116,73738,73748,10
13.00660038,80.24513245,73748,73759,11
13.00658035,80.24443054,73759,73769,10
13.00658989,80.24407959,73769,73779,10
13.00658035,80.24378967,73779,73789,10
13.0065403,80.24331665,73789,73799,10
13.0065403,80.24259949,73799,73809,10
13.00650978,80.24185944,73809,73820,11
13.00652027,80.24166107,73820,73830,10
13.00656033,80.24111176,73830,73840,10
13.00666046,80.24047852,73840,73860,20
13.00666046,80.24047852,73860,73870,10
13.00667953,80.2403717,73870,73880,10
13.00677013,80.23989868,73880,73890,10
13.00691986,80.23911285,73890,73900,10
13.00712013,80.23812866,73900,73910,10
13.00739002,80.23667908,73910,73931,21
13.00739002,80.23667908,73931,73941,10
13.00747967,80.23636627,73941,73951,10
13.00761032,80.23576355,73951,73961,10
13.00778008,80.23497009,73961,73971,10
13.00796032,80.23400879,73971,73981,10
13.00819969,80.23282623,73981,73991,10
13.00846004,80.23155212,73991,74001,10
13.00870037,80.23029327,74001,74011,10
13.00889015,80.22924805,74011,74021,10
13.00920963,80.22801971,74021,74032,11
13.00965977,80.22698212,74032,74042,10
13.01010036,80.22602844,74042,74051,9
13.01037979,80.22544098,74051,74062,11
13.01056957,80.22503662,74062,74072,10
13.0108099,80.22454834,74072,74082,10
13.01101971,80.22403717,74082,74092,10
13.01117992,80.22364044,74092,74102,10
13.01124001,80.22351837,74102,74111,9
13.01140976,80.22309113,74111,74122,11
13.01167965,80.22234344,74122,74132,10
13.01206017,80.22151184,74132,74143,11
13.01249981,80.22177124,74143,74153,10
13.01301956,80.22239685,74153,74163,10
13.01368999,80.22315216,74163,74173,10
13.01438046,80.22403717,74173,74183,10
13.01496029,80.22466278,74183,74193,10
13.01511955,80.22473145,74193,74203,10
13.01543999,80.2249527,74203,74213,10
13.01556015,80.22506714,74213,74223,10
13.01570034,80.22516632,74223,74234,11
13.01638031,80.22532654,74234,74244,10
13.01729965,80.22501373,74244,74254,10
13.01830006,80.22460938,74254,74264,10
13.01914978,80.22437286,74264,74274,10
13.01994991,80.22467041,74274,74283,9
13.02058029,80.22512817,74283,74293,10
13.0211401,80.22554779,74293,74304,11
13.02171993,80.22598267,74304,74314,10
13.02194023,80.22612762,74314,74324,10
13.02200985,80.22619629,74324,74334,10
13.02227974,80.22647095,74334,74345,11
13.02241993,80.22660828,74345,74355,10
13.0226202,80.22676086,74355,74365,10
13.02301979,80.22714233,74365,74375,10
13.02367973,80.22773743,74375,74384,9
13.02414036,80.22817993,74384,74395,11
13.02425957,80.22830963,74395,74405,10
13.0243597,80.22846222,74405,74415,10
13.02458954,80.22884369,74415,74425,10
13.02488041,80.22921753,74425,74435,10
13.02528,80.22975159,74435,74446,11
13.02577972,80.23055267,74446,74456,10
13.02600002,80.23114014,74456,74466,10
13.02622986,80.23133087,74466,74476,10
13.02690983,80.23114014,74476,74486,10
13.02777004,80.23095703,74486,74496,10
13.02836037,80.23085785,74496,74505,9
13.02847958,80.23085785,74505,74516,11
13.02867031,80.23084259,74516,74526,10
13.02886009,80.2308197,74526,74537,11
13.02927971,80.2307663,74537,74548,11
13.02970028,80.23072815,74548,74557,9
13.02995968,80.23069763,74557,74568,11
13.03036022,80.23068237,74568,74588,20
13.03036022,80.23068237,74588,74598,10
13.03055954,80.23065948,74598,74608,10
13.03094006,80.23062897,74608,74618,10
13.03135967,80.23059845,74618,74628,10
13.0320797,80.23055267,74628,74638,10
13.03279972,80.23049927,74638,74649,11
13.03347015,80.23045349,74649,74658,9
13.03411961,80.23039246,74658,74719,61
13.03411961,80.23039246,74719,74729,10
13.0343399,80.23040009,74729,74739,10
13.03477001,80.23032379,74739,74749,10
13.03495026,80.23059845,74749,74760,11
13.03487015,80.23130798,74760,74770,10
13.03477001,80.23203278,74770,74780,10
13.03466034,80.23290253,74780,74789,9
13.03462029,80.23329926,74789,74800,11
13.03456974,80.23362732,74800,74810,10
13.03448009,80.23433685,74810,74820,10
13.03439045,80.23522186,74820,74830,10
13.03427029,80.23615265,74830,74840,10
13.03419971,80.23713684,74840,74850,10
13.03456974,80.23779297,74850,74861,11
13.03497982,80.23847961,74861,74871,10
13.03528023,80.2390213,74871,74881,10
13.03561974,80.23937225,74881,74891,10
13.03637981,80.23944092,74891,74901,10
13.03689003,80.23948669,74901,74911,10
13.03754997,80.23956299,74911,74921,10
13.03824043,80.23963165,74921,74941,20
13.03824043,80.23963165,74941,74951,10
13.03874969,80.23969269,74951,74962,11
13.03938961,80.23976898,74962,74972,10
13.0401001,80.23986816,74972,75002,30
13.0401001,80.23986816,75002,75012,10
13.04039001,80.24004364,75012,75022,10
13.04045963,80.24047852,75022,75032,10
13.04092026,80.24053192,75032,75042,10
13.04106045,80.24057007,75042,75052,10
13.04160023,80.24063873,75052,75063,11
13.04244995,80.24075317,75063,75073,10
13.04333973,80.24088287,75073,75083,10
13.0440197,80.24091339,75083,75093,10
13.04407024,80.24089813,75093,75103,10
13.0443697,80.24069977,75103,75113,10
13.04475975,80.24038696,75113,75143,30
13.04475975,80.24025726,75143,75164,21
13.04475975,80.24025726,75164,75174,10
13.04483986,80.2401886,75174,75184,10
13.04520035,80.2399826,75184,75194,10
13.04576015,80.23963165,75194,75204,10
13.04623985,80.23947144,75204,75214,10
13.04640007,80.23951721,75214,75224,10
13.04652977,80.23954773,75224,75234,10
13.0467701,80.23960876,75234,75244,10
13.04740047,80.23975372,75244,75254,10
13.04821968,80.2399292,75254,75264,10
13.0490799,80.24009705,75264,75275,11
13.04967022,80.240242,75275,75285,10
13.05012035,80.2403183,75285,75295,10
13.05060005,80.24041748,75295,75305,10
13.05121994,80.24054718,75305,75315,10
13.05235958,80.24079895,75315,75355,40
13.05235958,80.24079895,75355,75365,10
13.0525198,80.24107361,75365,75376,11
13.05276966,80.24170685,75376,75386,10
13.05350018,80.24202728,75386,75396,10
13.05403042,80.24224091,75396,75406,10
13.05408001,80.24224854,75406,75416,10
13.05451012,80.24230194,75416,75426,10
13.05529976,80.24221802,75426,75436,10
13.05609989,80.24237823,75436,75446,10
13.05650043,80.24256134,75446,75456,10
13.05652046,80.24256897,75456,75466,10
13.05669022,80.24259949,75466,75477,11
13.05706024,80.24272919,75477,75487,10
13.05745983,80.24279785,75487,75497,10
13.05782032,80.2427597,75497,75507,10
13.05803967,80.24269867,75507,75517,10
13.05871964,80.24255371,75517,75527,10
13.0592804,80.24246216,75527,75537,10
13.05980968,80.24259949,75537,75547,10
13.0601902,80.24273682,75547,75557,10
13.06066036,80.24291229,75557,75567,10
13.06112003,80.24305725,75567,75578,11
13.06126022,80.24310303,75578,75588,10
13.06163979,80.24317932,75588,75598,10
13.06210041,80.24324799,75598,75608,10
13.06225967,80.2432785,75608,75618,10
13.06241035,80.24330139,75618,75628,10
13.06254959,80.24331665,75628,75637,9
13.06293011,80.2434082,75637,75648,11
13.0634203,80.24349213,75648,75658,10
13.06390953,80.24349976,75658,75668,10
13.06449986,80.24355316,75668,75678,10
13.06523991,80.24355316,75678,75689,11
13.06591988,80.24350739,75689,75699,10
13.06618023,80.24343109,75699,75709,10
13.06643963,80.24331665,75709,75719,10
13.06684017,80.24315643,75719,75729,10
13.06725025,80.24298096,75729,75739,10
13.06774044,80.24276733,75739,75749,10
13.06840038,80.24259949,75749,75759,10
13.06894016,80.24240112,75759,75775,16
13.06951046,80.24214935,75775,75788,13
13.06952,80.24214172,75788,75798,10
13.0697298,80.24212646,75798,75808,10
13.06984043,80.24210358,75808,75818,10
13.07001972,80.24208069,75818,75828,10
13.07046986,80.24194336,75828,75838,10
13.0710001,80.24178314,75838,75847,9
13.07168961,80.24147034,75847,75858,11
13.07240009,80.24102783,75858,75868,10
13.07304955,80.2407608,75868,75878,10
13.07367992,80.24059296,75878,75888,10
13.07450962,80.24047852,75888,75900,12
13.07575989,80.24046326,75900,75910,10
13.07656002,80.24053192,75910,75920,10
13.07711983,80.24044037,75920,75930,10
13.07703018,80.24001312,75930,75940,10
13.07686043,80.23928833,75940,75950,10
13.07664013,80.23851013,75950,75960,10
13.07653046,80.23803711,75960,75970,10
13.07641983,80.23748779,75970,75990,20
13.07641983,80.23748779,75990,76001,11
13.07641029,80.23728943,76001,76011,10
13.07629967,80.23673248,76011,76021,10
13.07619953,80.23600006,76021,76031,10
13.07604027,80.23532104,76031,76041,10
13.07588005,80.23455811,76041,76051,10
13.07579041,80.23394012,76051,76061,10
13.0762701,80.23375702,76061,76071,10
13.07670021,80.23368073,76071,76081,10
13.07695007,80.23364258,76081,76091,10
13.07754993,80.23355865,76091,76102,11
13.07851982,80.23349762,76102,76112,10
13.07946014,80.23348236,76112,76122,10
13.0799799,80.23345947,76122,76132,10
13.08032036,80.2334671,76132,76142,10
13.08041954,80.23348236,76142,76152,10
13.08094025,80.23348999,76152,76162,10
13.08166027,80.23348999,76162,76172,10
13.08197021,80.23349762,76172,76182,10
13.08199024,80.23316956,76182,76192,10
13.08211994,80.23248291,76192,76203,11
13.08246994,80.23152161,76203,76213,10
13.08279991,80.23071289,76213,76223,10
13.08310986,80.23078156,76223,76233,10
13.0831604,80.23146057,76233,76243,10
13.08325005,80.23242188,76243,76253,10
13.08345985,80.23322296,76253,76263,10
13.08393955,80.23390198,76263,76304,41
13.08393955,80.23390198,76304,76314,10
13.0843401,80.23401642,76314,76324,10
13.08469963,80.23410034,76324,76334,10
13.08530998,80.23422241,76334,76344,10
13.08613968,80.23444366,76344,76354,10
13.08689976,80.23455811,76354,76364,10
13.08767986,80.23451996,76364,76374,10
13.08796024,80.2338562,76374,76384,10
13.08810043,80.23291779,76384,76394,10
13.08839035,80.23178101,76394,76404,10
13.08870983,80.23088837,76404,76415,11
13.08883953,80.23059082,76415,76425,10
13.08891964,80.23043823,76425,76435,10
13.08913994,80.22998047,76435,76445,10
13.08953953,80.22930145,76445,76455,10
13.09016037,80.22859192,76455,76465,10
13.09082031,80.22788239,76465,76475,10
13.09130001,80.2273407,76475,76494,19
13.09130001,80.2273407,76494,76505,11
13.0914402,80.22722626,76505,76516,11
13.09185982,80.22680664,76516,76526,10
13.09237003,80.22625732,76526,76536,10
13.09298038,80.22566223,76536,76546,10
13.09358025,80.22501373,76546,76556,10
13.09414005,80.22429657,76556,76566,10
13.09475994,80.22344208,76566,76576,10
13.09514046,80.22264099,76576,76586,10
13.09525013,80.22238159,76586,76596,10
13.09545994,80.22184753,76596,76606,10
13.09568024,80.22122192,76606,76617,11
13.09591961,80.22054291,76617,76627,10
13.09603024,80.2202301,76627,76637,10
13.09611988,80.22000122,76637,76647,10
13.0962801,80.21949768,76647,76663,16
13.09640026,80.21916199,76663,76675,12
13.09648037,80.21897888,76675,76683,8
13.09659958,80.21865082,76683,76694,11
13.09677982,80.2181015,76694,76706,12
13.09708023,80.21717072,76706,76727,21
13.09708023,80.21717072,76727,76737,10
13.09714985,80.21701813,76737,76747,10
13.09739017,80.21640778,76747,76756,9
13.0976696,80.21573639,76756,76767,11
13.09817982,80.21460724,76767,76777,10
13.0982399,80.21446991,76777,76786,9
13.09838009,80.2141571,76786,76796,10
13.09875011,80.21399689,76796,76807,11
13.09937954,80.21425629,76807,76817,10
13.09982014,80.2143631,76817,76828,11
13.10009003,80.21444702,76828,76858,30
13.10009003,80.21444702,76858,76868,10
13.10033989,80.21453857,76868,76878,10
13.1006403,80.21466827,76878,76888,10
13.10044003,80.21518707,76888,76898,10
13.10015965,80.21582031,76898,76908,10
13.10004044,80.21605682,76908,76918,10
13.09990025,80.21594238,76918,76929,11
13.10002041,80.21559143,76929,76939,10
13.10029984,80.21489716,76939,77100,161
13.1001997,80.21482849,77100,77181,81
13.1001997,80.21482849,77181,77191,10
13.10037041,80.21469116,77191,77363,172
13.10037041,80.21469116,77363,77373,10
13.10019016,80.21463776,77373,77383,10
13.10002041,80.21450806,77383,77393,10
13.09978008,80.21444702,77393,77403,10
13.09922981,80.21430969,77403,77413,10
13.09858036,80.21408081,77413,77423,10
13.09831047,80.21434021,77423,77433,10
13.09801006,80.21504211,77433,77444,11
13.09766006,80.21588135,77444,77454,10
13.09737968,80.21662903,77454,77464,10
13.09729004,80.21685028,77464,77474,10
13.09708023,80.21739197,77474,77484,10
13.0967598,80.21827698,77484,77494,10
13.09638977,80.21942139,77494,77504,10
13.0960598,80.2203598,77504,77514,10
13.09576035,80.22120667,77514,77524,10
13.0955801,80.22174072,77524,77534,10
13.09531975,80.22250366,77534,77545,11
13.09484005,80.22355652,77545,77555,10
13.09410954,80.22454834,77555,77564,9
13.09350967,80.22530365,77564,77575,11
13.09288979,80.22595215,77575,77585,10
13.09222984,80.22660828,77585,77595,10
13.0915699,80.22728729,77595,77605,10
13.0912199,80.22767639,77605,77615,10
13.09113979,80.22773743,77615,77625,10
13.09070969,80.22818756,77625,77635,10
13.09004974,80.22889709,77635,77645,10
13.08915997,80.23018646,77645,77666,21
13.08915997,80.23018646,77666,77676,10
13.08909035,80.23030853,77676,77686,10
13.08901024,80.23046112,77686,77696,10
13.08883953,80.23087311,77696,77706,10
13.08880043,80.2309494,77706,77716,10
13.08874989,80.23107147,77716,77726,10
13.08852005,80.2315979,77726,77736,10
13.08825016,80.23248291,77736,77746,10
13.08800983,80.23361969,77746,77757,11
13.08778,80.23455811,77757,77767,10
13.08714008,80.23464203,77767,77777,10
13.0865202,80.23458099,77777,77787,10
13.08598995,80.23448181,77787,77797,10
13.08532047,80.23429871,77797,77807,10
13.0845499,80.23413086,77807,77817,10
13.08384037,80.23397064,77817,77827,10
13.08329964,80.23387146,77827,77837,10
13.08269978,80.23375702,77837,77847,10
13.08232975,80.2336731,77847,77858,11
13.0822897,80.2336731,77858,77868,10
13.08187008,80.23358917,77868,77878,10
13.08110046,80.23356628,77878,77888,10
13.08022976,80.23352051,77888,77898,10
13.07960987,80.2335434,77898,77908,10
13.07944012,80.23352051,77908,77918,10
13.07892036,80.2335434,77918,77928,10
13.07812023,80.23358154,77928,77938,10
13.07736015,80.23365021,77938,77948,10
13.07660007,80.23377991,77948,77958,10
13.07584953,80.23400116,77958,77969,11
13.07592964,80.23458862,77969,77979,10
13.07610035,80.2354126,77979,77989,10
13.07625961,80.23628235,77989,78005,16
13.0764904,80.23738098,78005,78017,12
13.07658005,80.23770905,78017,78025,8
13.0766201,80.23789978,78025,78036,11
13.07668972,80.23825073,78036,78048,12
13.07686996,80.2390976,78048,78059,11
13.07707977,80.2399826,78059,78071,12
13.07728958,80.24092102,78071,78081,10
13.07736969,80.24141693,78081,78090,9
13.07750034,80.24196625,78090,78101,11
13.07767963,80.24299622,78101,78111,10
13.0777998,80.24391937,78111,78121,10
13.07777023,80.24462128,78121,78131,10
13.07789993,80.2457428,78131,78141,10
13.0780201,80.24674225,78141,78151,10
13.07828045,80.24790192,78151,78162,11
13.07855988,80.2490921,78162,78173,11
13.07872009,80.25000763,78173,78183,10
13.07847977,80.2507782,78183,78193,10
13.0785799,80.25158691,78193,78203,10
13.0782299,80.25177002,78203,78213,10
13.07767963,80.2518692,78213,78223,10
13.07672024,80.25203705,78223,78233,10
13.07584,80.25215912,78233,78243,10
13.07513046,80.25222015,78243,78253,10
13.07435989,80.25227356,78253,78263,10
13.07402039,80.25231171,78263,78274,11
13.07347965,80.25247955,78274,78284,10
13.07275009,80.25241852,78284,78294,10
13.07221985,80.25219727,78294,78304,10
13.0720396,80.25150299,78304,78313,9
13.0719099,80.25086212,78313,78324,11
13.07174969,80.25041962,78324,78334,10
13.07151985,80.2495575,78334,78344,10
13.07131958,80.24848938,78344,78354,10
13.07106018,80.24768829,78354,78364,10
13.07073021,80.24693298,78364,78374,10
13.07028008,80.24601746,78374,78385,11
13.06980038,80.24491882,78385,78395,10
13.06947994,80.24403381,78395,78405,10
13.06931019,80.24350739,78405,78415,10
13.06929016,80.24344635,78415,78425,10
13.06919003,80.24298859,78425,78435,10
13.06886959,80.24253082,78435,78451,16
13.06760025,80.24288177,78451,78463,12
13.06665039,80.24331665,78463,78471,8
13.06612015,80.24363708,78471,78482,11
13.06614971,80.24455261,78482,78494,12
13.06634045,80.24569702,78494,78504,10
13.06694984,80.24617767,78504,78514,10
13.06762028,80.24646759,78514,78524,10
13.06768036,80.24651337,78524,78534,10
13.06779957,80.24667358,78534,78544,10
13.06787968,80.24738312,78544,78554,10
13.06762028,80.24797058,78554,78564,10
13.06682014,80.24790955,78564,78574,10
13.06567955,80.24784851,78574,78585,11
13.06435013,80.24774933,78585,78595,10
13.06322956,80.24768066,78595,78605,10
13.06223011,80.24764252,78605,78615,10
13.06153965,80.24745178,78615,78625,10
13.06126976,80.24694824,78625,78635,10
13.0615797,80.24664307,78635,78645,10
13.06182003,80.24595642,78645,78655,10
13.06196022,80.24526978,78655,78665,10
13.06235027,80.24491119,78665,78675,10
13.06282043,80.24462128,78675,78686,11
13.06307983,80.24429321,78686,78696,10
13.06317997,80.24414063,78696,78706,10
13.06338978,80.24359894,78706,78716,10
13.06291008,80.24343109,78716,78726,10
13.06245041,80.24336243,78726,78736,10
13.06192017,80.24324799,78736,78746,10
13.06144047,80.24315643,78746,78756,10
13.06095028,80.24305725,78756,78766,10
13.0605402,80.24291992,78766,78776,10
13.05986023,80.24269104,78776,78786,10
13.05922985,80.24253845,78786,78797,11
13.05865955,80.24262238,78797,78807,10
13.05795956,80.24278259,78807,78817,10
13.05739975,80.24284363,78817,78827,10
13.05733013,80.24285126,78827,78843,16
13.05661011,80.24272156,78843,78855,12
13.05597019,80.24241638,78855,78863,8
13.05548954,80.24230194,78863,78875,12
13.05461979,80.24243164,78875,78886,11
13.0537796,80.24228668,78886,78897,11
13.05366993,80.24224854,78897,78907,10
13.05346966,80.24214172,78907,78917,10
13.05305958,80.24195099,78917,78937,20
13.05305958,80.24195099,78937,78946,9
13.05290031,80.24186707,78946,78957,11
13.05241966,80.24160767,78957,78967,10
13.05206013,80.24098969,78967,78977,10
13.05183983,80.24073792,78977,78987,10
13.05152988,80.24067688,78987,78998,11
13.05082035,80.24054718,78998,79007,9
13.05010986,80.24040985,79007,79018,11
13.04940987,80.24024963,79018,79028,10
13.0490303,80.24017334,79028,79038,10
13.04854012,80.24008179,79038,79048,10
13.04788017,80.23995209,79048,79058,10
13.04724026,80.2397995,79058,79068,10
13.04652977,80.23966217,79068,79078,10
13.04615974,80.23947144,79078,79088,10
13.04627037,80.23893738,79088,79099,11
13.04648018,80.23809814,79099,79109,10
13.04666996,80.23708344,79109,79119,10
13.04687977,80.23621368,79119,79129,10
13.04695988,80.2358017,79129,79139,10
13.04699993,80.23552704,79139,79149,10
13.04706955,80.23490143,79149,79159,10
13.0472002,80.23394012,79159,79169,10
13.04730034,80.23309326,79169,79179,10
13.04681015,80.23297882,79179,79189,10
13.04592037,80.23282623,79189,79200,11
13.04522991,80.23271179,79200,79210,10
13.04508018,80.23268127,79210,79220,10
13.04448032,80.23256683,79220,79230,10
13.04354954,80.23240662,79230,79240,10
13.04255962,80.23239136,79240,79250,10
13.0414896,80.2322464,79250,79259,9
13.04045963,80.23191833,79259,79270,11
13.03927994,80.23155975,79270,79279,9
13.03839016,80.23130798,79279,79290,11
13.03722954,80.23095703,79290,79300,10
13.03672028,80.23081207,79300,79311,11
13.03610992,80.23059845,79311,79321,10
13.03524971,80.2303772,79321,79422,101
13.03524971,80.2303772,79422,79432,10
13.03501987,80.23026276,79432,79442,10
13.03462029,80.2303009,79442,79452,10
13.03444004,80.23036957,79452,79462,10
13.03435993,80.23039246,79462,79472,10
13.03421021,80.23043823,79472,79482,10
13.03396988,80.23046112,79482,79492,10
13.03341961,80.23049927,79492,79512,20
13.03341961,80.23049927,79512,79523,11
13.0329504,80.23052979,79523,79533,10
13.03219032,80.23059845,79533,79543,10
13.03164005,80.23065948,79543,79553,10
13.03092003,80.23074341,79553,79563,10
13.03063011,80.2307663,79563,79573,10
13.03017998,80.23079681,79573,79583,10
13.02958012,80.23085785,79583,79593,10
13.0291996,80.23090363,79593,79603,10
13.02847004,80.23097229,79603,79613,10
13.02772999,80.23104095,79613,79624,11
13.02762032,80.23127747,79624,79634,10
13.02766991,80.23177338,79634,79644,10
13.02775955,80.23227692,79644,79654,10
13.02783012,80.23278046,79654,79664,10
13.02731991,80.23291016,79664,79674,10
13.02702045,80.23296356,79674,79690,16
13.02674007,80.23300934,79690,79702,12
13.0262804,80.23272705,79702,79710,8
13.02612019,80.23213959,79710,79722,12
13.02598953,80.23174286,79722,79732,10
13.02595043,80.23145294,79732,79743,11
13.02571964,80.23068237,79743,79753,10
13.0251503,80.2297821,79753,79763,10
13.02457047,80.22902679,79763,79773,10
13.02398014,80.22834015,79773,79793,20
13.02398014,80.22834015,79793,79803,10
13.02369976,80.22796631,79803,79813,10
13.02342987,80.22769165,79813,79824,11
13.02330017,80.22753906,79824,79834,10
13.02324963,80.22746277,79834,79844,10
13.02293015,80.22718048,79844,79854,10
13.02245045,80.22673035,79854,79864,10
13.02175999,80.2261734,79864,79874,10
13.02101994,80.22559357,79874,79884,10
13.02017975,80.22502136,79884,79894,10
13.01924992,80.22451782,79894,79904,10
13.01821995,80.22476196,79904,79914,10
13.01727962,80.22514343,79914,79924,10
13.0164299,80.22548676,79924,79935,11
13.0156498,80.22575378,79935,79945,10
13.01500034,80.22601318,79945,79955,10
13.01443958,80.22621918,79955,79965,10
13.01408005,80.22637939,79965,79975,10
13.01393986,80.22641754,79975,79985,10
13.01348019,80.22657776,79985,79995,10
13.01274014,80.22686005,79995,80005,10
13.01187992,80.22720337,80005,80015,10
13.01099968,80.22754669,80015,80025,10
13.01019001,80.22789001,80025,80036,11
13.00916004,80.22841644,80036,80046,10
13.00891018,80.22944641,80046,80056,10
13.00866985,80.23071289,80056,80066,10
13.00844002,80.23197937,80066,80076,10
13.00823975,80.23313141,80076,80086,10
13.00819969,80.23348236,80086,80096,10
13.0081501,80.23368835,80096,80106,10
13.00804043,80.23419952,80106,80116,10
13.00786972,80.2350235,80116,80126,10
13.00765991,80.23603058,80126,80137,11
13.00741005,80.23731995,80137,80147,10
13.00720024,80.23844147,80147,80157,10
13.00699997,80.23937988,80157,80167,10
13.00691986,80.23985291,80167,80187,20
13.00691986,80.23985291,80187,80197,10
13.00691032,80.2400589,80197,80207,10
13.00683975,80.24057007,80207,80217,10
13.00675964,80.2412796,80217,80227,10
13.00673008,80.24217987,80227,80238,11
13.00667953,80.24307251,80238,80248,10
13.00667,80.243927,80248,80258,10
13.00667,80.24482727,80258,80268,10
13.00667,80.24517059,80268,80278,10
13.00667,80.24524689,80278,80288,10
13.00667953,80.24539185,80288,80298,10
13.00667953,80.24558258,80298,80308,10
13.00667953,80.2458725,80308,80338,30
13.00667953,80.2458725,80338,80349,11
13.00669003,80.24607849,80349,80359,10
13.00669956,80.24626923,80359,80369,10
13.00669956,80.24648285,80369,80379,10
13.00671005,80.24678802,80379,80389,10
13.00669003,80.24703979,80389,80399,10
13.00669003,80.24751282,80399,80409,10
13.00671959,80.24828339,80409,80419,10
13.00677013,80.24902344,80419,80429,10
13.00683022,80.24945831,80429,80439,10
13.00683022,80.24948883,80439,80450,11
13.00683022,80.24993134,80450,80460,10
13.00681019,80.25061035,80460,80469,9
13.00677967,80.2513504,80469,80480,11
13.00660038,80.25219727,80480,80490,10
13.00652981,80.25295258,80490,80500,10
13.00652981,80.2537384,80500,80510,10
13.00658989,80.25457764,80510,80540,30
13.00658989,80.25457764,80540,80551,11
13.00660038,80.25478363,80551,80561,10
13.00660038,80.25543213,80561,80571,10
13.00660992,80.25631714,80571,80581,10
13.00664997,80.2572403,80581,80621,40
13.00664997,80.2572403,80621,80631,10
13.00669956,80.25749969,80631,80641,10
13.00695038,80.25807953,80641,80652,11
13.0075798,80.25874329,80652,80662,10
13.00811005,80.25901031,80662,80672,10
13.00796032,80.2592392,80672,80682,10
13.0074501,80.25933838,80682,80692,10
13.00722027,80.25875854,80692,80702,10
13.00683022,80.25816345,80702,80712,10
13.00656033,80.25782013,80712,80742,30
13.00656033,80.25782013,80742,80753,11
13.00646019,80.25769806,80753,80762,9
13.00642967,80.2574234,80762,80773,11
13.00646973,80.25682831,80773,80783,10
13.00646019,80.2559967,80783,80793,10
13.00646019,80.25531769,80793,80803,10
13.00648975,80.25475311,80803,80813,10
13.00644016,80.25386047,80813,80823,10
13.00642967,80.25324249,80823,80833,10
13.00644016,80.25279999,80833,80853,20
13.00644016,80.25279999,80853,80864,11
13.00646019,80.25256348,80864,80874,10
13.0065403,80.25222015,80874,80923,49
13.0065403,80.25222015,80923,80934,11
13.00656986,80.25205231,80934,80944,10
13.00664997,80.25161743,80944,80954,10
13.00671005,80.2509613,80954,80965,11
13.00669956,80.25006104,80965,80975,10
13.00667953,80.24915314,80975,80985,10
13.00660992,80.24830627,80985,80995,10
13.00656986,80.24780273,80995,81035,40
13.00656986,80.24780273,81035,81045,10
13.00658035,80.24739838,81045,81055,10
13.00658989,80.2469101,81055,81066,11
13.00654984,80.24653625,81066,81076,10
13.00660038,80.24610901,81076,81086,10
13.00658035,80.24533844,81086,81096,10
13.00658035,80.24472046,81096,81106,10
13.00658035,80.24407959,81106,81116,10
13.00658035,80.24346924,81116,81126,10
13.00654984,80.24272919,81126,81136,10
13.00652027,80.24182892,81136,81146,10
13.00660992,80.24078369,81146,81156,10
13.00669956,80.240242,81156,81166,10
13.00677967,80.23976135,81166,81177,11
13.00695992,80.23883057,81177,81187,10
13.00710011,80.23808289,81187,81197,10
13.00726032,80.23739624,81197,81207,10
13.00734043,80.23695374,81207,81217,10
13.00737,80.23674011,81217,81227,10
13.00751019,80.23626709,81227,81237,10
13.00767994,80.23548126,81237,81247,10
13.00788021,80.23457336,81247,81257,10
13.00809956,80.23351288,81257,81267,10
13.00831985,80.23238373,81267,81278,11
13.00856972,80.23105621,81278,81288,10
13.00881958,80.22973633,81288,81298,10
13.0090704,80.22847748,81298,81308,10
13.00948048,80.22738647,81308,81318,10
13.01000023,80.22625732,81318,81328,10
13.01051998,80.22524261,81328,81338,10
13.01091003,80.22431183,81338,81348,10
13.01126003,80.22341919,81348,81358,10
13.0116396,80.22254181,81358,81368,10
13.01196003,80.2215271,81368,81379,11
13.01237965,80.22151947,81379,81389,10
13.0128603,80.22213745,81389,81399,10
13.01354027,80.22296906,81399,81409,10
13.01432037,80.22390747,81409,81419,10
13.0150404,80.2246933,81419,81429,10
13.01550007,80.22499847,81429,81438,9
13.01558018,80.22509003,81438,81449,11
13.01605988,80.2253418,81449,81459,10
13.01679993,80.22519684,81459,81469,10
13.01780033,80.22480011,81469,81480,11
13.01891041,80.22438812,81480,81490,10
13.01972008,80.22454834,81490,81500,10
13.02033997,80.22499084,81500,81510,10
13.0211401,80.22557068,81510,81520,10
13.0218401,80.22606659,81520,81530,10
13.02219963,80.22637939,81530,81540,10
13.02280998,80.22693634,81540,81550,10
13.02342033,80.22750092,81550,81560,10
13.02406979,80.22814941,81560,81570,10
13.02460003,80.22886658,81570,81580,10
13.02511024,80.22955322,81580,81591,11
13.02560997,80.23027039,81591,81601,10
13.02595997,80.23110199,81601,81611,10
13.0261097,80.2313385,81611,81621,10
13.02659988,80.23120117,81621,81631,10
13.02733994,80.23100281,81631,81641,10
13.02814007,80.23091888,81641,81657,16
13.02937984,80.23079681,81657,81669,12
13.03005981,80.23074341,81669,81679,10
13.03052044,80.23068237,81679,81690,11
13.03079987,80.23068237,81690,81700,10
13.03120041,80.23062897,81700,81710,10
13.03188038,80.23059082,81710,81720,10
13.03279972,80.2305069,81720,81730,10
13.03365993,80.23045349,81730,81739,9
13.03402996,80.23043823,81739,81750,11
13.03431988,80.2303772,81750,81760,10
13.03476048,80.23027039,81760,81801,41
13.03476048,80.23027039,81801,81811,10
13.03489971,80.23032379,81811,81821,10
13.03487968,80.23068237,81821,81831,10
13.03479958,80.23136139,81831,81841,10
13.03474998,80.23190308,81841,81851,10
13.03466034,80.23252869,81851,81861,10
13.03456974,80.23323822,81861,81871,10
13.03446007,80.23397827,81871,81891,20
13.03427029,80.23561096,81891,81904,13
13.03417015,80.23645782,81904,81914,10
13.03411007,80.23705292,81914,81924,10
13.03421021,80.23731232,81924,81934,10
13.03421974,80.23732758,81934,81943,9
13.03431988,80.23757935,81943,81954,11
13.03474998,80.23825073,81954,81964,10
13.03520012,80.23896027,81964,81974,10
13.03555012,80.23937225,81974,81984,10
13.03617001,80.2394104,81984,81994,10
13.03707027,80.23950195,81994,82004,10
13.03794003,80.23960114,82004,82015,11
13.03886032,80.23970795,82015,82025,10
13.0397501,80.23980713,82025,82035,10
13.04030991,80.23999023,82035,82045,10
13.04047012,80.24049377,82045,82055,10
13.04102993,80.24054718,82055,82065,10
13.04197979,80.24067688,82065,82075,10
13.04300976,80.24082947,82075,82085,10
13.04368973,80.24092102,82085,82095,10
13.04413033,80.24079132,82095,82106,11
13.0448103,80.2403183,82106,82156,50
13.0448103,80.2403183,82156,82166,10
13.04485989,80.24028015,82166,82176,10
13.04520988,80.24004364,82176,82186,10
13.0458498,80.23961639,82186,82196,10
13.04609966,80.23950195,82196,82207,11
13.04627991,80.23950195,82207,82217,10
13.04652977,80.23957062,82217,82227,10
13.04693985,80.23963165,82227,82237,10
13.04763031,80.2397995,82237,82247,10
13.04848957,80.23999023,82247,82257,10
13.04961014,80.24021912,82257,82287,30
13.04961014,80.24021912,82287,82297,10
13.04994965,80.24030304,82297,82308,11
13.05074024,80.24044037,82308,82348,40
13.05074024,80.24044037,82348,82358,10
13.0509901,80.24053192,82358,82368,10
13.05165958,80.24066162,82368,82378,10
13.05231953,80.24086761,82378,82388,10
13.0525198,80.24134064,82388,82398,10
13.05300045,80.24182892,82398,82408,10
13.05379009,80.24215698,82408,82419,11
13.0539999,80.2421875,82419,82429,10
13.05453014,80.24226379,82429,82439,10
13.05541992,80.24217987,82439,82449,10
13.05611992,80.24240112,82449,82459,10
13.05669975,80.2425766,82459,82469,10
13.05704975,80.2427063,82469,82479,10
13.05795002,80.24269104,82479,82489,10
13.05875969,80.24256134,82489,82499,10
13.05963039,80.24256134,82499,82509,10
13.06044006,80.24284363,82509,82520,11
13.06110954,80.24302673,82520,82530,10
13.06153965,80.24310303,82530,82540,10
13.06214046,80.24323273,82540,82550,10
13.06245995,80.24329376,82550,82560,10
13.0626297,80.24333191,82560,82570,10
13.06326008,80.24344635,82570,82580,10
13.06365013,80.24346924,82580,82590,10
13.06437969,80.24350739,82590,82600,10
13.06529999,80.24355316,82600,82610,10
13.06624031,80.24336243,82610,82621,11
13.06709003,80.24301147,82621,82631,10
13.06795025,80.24268341,82631,82641,10
13.06871986,80.24243164,82641,82661,20
13.06871986,80.24243164,82661,82671,10
13.06888962,80.24239349,82671,82681,10
13.06935978,80.2421875,82681,82691,10
13.06989956,80.24202728,82691,82701,10
13.07015038,80.24198151,82701,82711,10
13.07056046,80.24186707,82711,82722,11
13.07139015,80.24156189,82722,82732,10
13.0722599,80.24105072,82732,82742,10
13.07297993,80.24073029,82742,82752,10
13.07367039,80.24053192,82752,82762,10
13.07448006,80.240448,82762,82772,10
13.07538986,80.24044037,82772,82782,10
13.07616997,80.24044037,82782,82792,10
13.07654953,80.2405014,82792,82823,31
13.07654953,80.2405014,82823,82833,10
13.07689953,80.2405777,82833,82843,10
13.07703972,80.24015045,82843,82853,10
13.07682991,80.23930359,82853,82863,10
13.07656002,80.23828125,82863,82873,10
13.07639027,80.23753357,82873,82883,10
13.07635021,80.23735809,82883,82893,10
13.07631016,80.23715973,82893,82903,10
13.07618999,80.23636627,82903,82913,10
13.07602978,80.23538971,82913,82924,11
13.07573986,80.23407745,82924,82994,70
13.07573986,80.23407745,82994,83004,10
13.07569981,80.23384857,83004,83014,10
13.07586956,80.23375702,83014,83024,10
13.07645988,80.2336731,83024,83035,11
13.07744026,80.23355103,83035,83045,10
13.07847023,80.23348999,83045,83055,10
13.07936954,80.23348236,83055,83065,10
13.08010006,80.2334671,83065,83075,10
13.0808897,80.23348236,83075,83085,10
13.08172035,80.2335434,83085,83095,10
13.08195019,80.23313904,83095,83105,10
13.08211994,80.23245239,83105,83115,10
13.08238029,80.23161316,83115,83125,10
13.08257961,80.23111725,83125,83136,11
13.08285046,80.23062897,83136,83146,10
13.08308029,80.23081207,83146,83156,10
13.08314991,80.23150635,83156,83166,10
13.08323002,80.23253632,83166,83176,10
13.08341026,80.23342133,83176,83186,10
13.08360004,80.23381805,83186,83196,10
13.0842104,80.23397827,83196,83206,10
13.08500004,80.23416901,83206,83216,10
13.08596039,80.23439026,83216,83226,10
13.08691978,80.23452759,83226,83237,11
13.08782959,80.23429871,83237,83247,10
13.08796024,80.23345184,83247,83257,10
13.08813953,80.23249817,83257,83267,10
13.08839989,80.23158264,83267,83277,10
13.08866978,80.23084259,83277,83287,10
13.08885956,80.23040771,83287,83297,10
13.0891304,80.22989655,83297,83307,10
13.08963966,80.22913361,83307,83317,10
13.0904398,80.22825623,83317,83327,10
13.09113979,80.22750092,83327,83338,11
13.09136963,80.22725677,83338,83348,10
13.09173965,80.22691345,83348,83358,10
13.09218979,80.2264328,83358,83368,10
13.09272957,80.22589111,83368,83378,10
13.09335041,80.22521973,83378,83388,10
13.09379959,80.22470093,83388,83398,10
13.09434032,80.22399902,83398,83408,10
13.09494972,80.22305298,83408,83418,10
13.09541035,80.2219162,83418,83428,10
13.09582043,80.22080231,83428,83438,10
13.09617996,80.2197876,83438,83449,11
13.09652996,80.21881104,83449,83459,10
13.09681034,80.2179184,83459,83469,10
13.09716034,80.21694946,83469,83479,10
13.09764004,80.21575928,83479,83489,10
13.09813023,80.21466064,83489,83499,10
13.09848976,80.21394348,83499,83509,10
13.09901047,80.21414185,83509,83519,10
13.09974957,80.21434784,83519,83529,10
13.10015011,80.21446228,83529,83539,10
13.10033035,80.21453094,83539,83550,11
13.1005497,80.21466064,83550,83560,10
13.10037994,80.21510315,83560,83570,10
13.10006046,80.2158432,83570,83580,10
13.09967995,80.21678925,83580,83590,10
13.09947014,80.21766663,83590,83600,10
13.09932041,80.21858215,83600,83610,10
13.09922028,80.21926117,83610,83620,10
13.09916019,80.21965027,83620,83630,10
13.09904003,80.22028351,83630,83640,10
13.09891033,80.22100067,83640,83651,11
13.09877014,80.22189331,83651,83661,10
13.09873962,80.22283173,83661,83671,10
13.09918022,80.22353363,83671,83681,10
13.09961987,80.22425842,83681,83691,10
13.09980965,80.22499847,83691,83701,10
13.09992027,80.22575378,83701,83711,10
13.10000038,80.22647858,83711,83721,10
13.10002041,80.22734833,83721,83731,10
13.09996986,80.22811127,83731,83741,10
13.09988022,80.22879028,83741,83752,11
13.09980965,80.2294693,83752,83762,10
13.09963989,80.23016357,83762,83772,10
13.09943962,80.23081207,83772,83782,10
13.09918022,80.23140717,83782,83792,10
13.09889984,80.23206329,83792,83802,10
13.09869957,80.23282623,83802,83812,10
13.09856033,80.23361969,83812,83822,10
13.09850025,80.23429108,83822,83832,10
13.09844017,80.2349472,83832,83842,10
13.09834957,80.23564148,83842,83853,11
13.09821987,80.23651123,83853,83863,10
13.09807968,80.23725891,83863,83873,10
13.09797001,80.23786163,83873,83883,10
13.09788036,80.23825836,83883,83893,10
13.09778023,80.23889923,83893,83903,10
13.09772968,80.23963165,83903,83913,10
13.0976696,80.24043274,83913,83923,10
13.09757996,80.2412262,83923,83933,10
13.09747982,80.24191284,83933,83943,10
13.09762001,80.2421875,83943,83953,10
13.09786034,80.24223328,83953,83964,11
13.09809971,80.24227142,83964,83974,10
13.09850025,80.24227142,83974,83984,10
13.09869003,80.24211121,83984,83994,10
13.09873962,80.2417984,83994,84004,10
13.09881973,80.24150085,84004,84014,10
13.09904957,80.24111938,84014,84176,162
13.09904957,80.24111938,84176,84186,10
13.09895992,80.24085999,84186,84196,10
13.09893036,80.2405777,84196,84206,10
13.09873962,80.240448,84206,84216,10
13.09856033,80.2405014,84216,84226,10
13.0985899,80.24069977,84226,84236,10
13.09856987,80.24092865,84236,84246,10
