12.99705982,80.19148254,16,1540,1524
12.99705982,80.19148254,1540,1550,10
12.99713993,80.19159698,1550,2065,515
12.99701023,80.19159698,2065,2822,757
12.99707985,80.1916275,2822,3912,1090
12.99711037,80.19167328,3912,7135,3223
12.99707985,80.19167328,7135,16172,9037
12.99703026,80.19146729,16172,16425,253
12.99715996,80.19158936,16425,16677,252
12.99703979,80.19154358,16677,18878,2201
12.99699974,80.1916275,18878,19231,353
12.99707985,80.19168854,19231,19352,121
12.99701977,80.19181061,19352,19746,394
12.99701977,80.19181061,19746,19756,10
12.99722004,80.19181061,19756,19776,20
12.99722004,80.19181061,19776,19786,10
12.99736023,80.19178009,19786,19796,10
12.99740982,80.19145203,19796,19857,61
12.99740982,80.19145203,19857,19867,10
12.99722958,80.1912384,19867,19877,10
12.99697018,80.19136047,19877,19887,10
12.99695015,80.19136047,19887,19897,10
12.99680996,80.1913681,19897,19908,11
12.99662971,80.1912384,19908,19918,10
12.99658966,80.19126892,19918,19928,10
12.99650002,80.1913681,19928,19938,10
12.99637985,80.19142151,19938,19948,10
12.99629021,80.19130707,19948,19958,10
12.99619007,80.19085693,19958,19968,10
12.99604988,80.19032288,19968,19978,10
12.99590969,80.18972015,19978,19988,10
12.99594021,80.18939972,19988,19998,10
12.99594021,80.18939209,19998,20008,10
12.99613953,80.18930817,20008,20019,11
12.99654007,80.18978119,20019,20029,10
12.99705982,80.1904068,20029,20039,10
12.99771976,80.19116211,20039,20049,10
12.99835014,80.19197083,20049,20059,10
12.99892998,80.19270325,20059,20069,10
12.9995203,80.19345856,20069,20078,9
13.00000954,80.19412994,20078,20089,11
13.00067043,80.1949234,20089,20099,10
13.0013504,80.19573975,20099,20109,10
13.00197983,80.19657898,20109,20120,11
13.00203037,80.1979599,20120,20130,10
13.00181961,80.19911194,20130,20140,10
13.00193024,80.19995117,20140,20150,10
13.00261021,80.20059204,20150,20160,10
13.00351048,80.2008667,20160,20170,10
13.00407982,80.20102692,20170,20180,10
13.00452042,80.20114136,20180,20190,10
13.00508022,80.20139313,20190,20200,10
13.00564003,80.20189667,20200,20210,10
13.00599957,80.20252991,20210,20220,10
13.00646019,80.20313263,20220,20231,11
13.00718021,80.2035675,20231,20241,10
13.00796986,80.20372772,20241,20251,10
13.0085001,80.20329285,20251,20261,10
13.00790977,80.20279694,20261,20271,10
13.00759983,80.20353699,20271,20281,10
13.00765991,80.20452118,20281,20291,10
13.0076704,80.20552063,20291,20301,10
13.00782967,80.20655823,20301,20311,10
13.00796986,80.20768738,20311,20321,10
13.00809956,80.20879364,20321,20332,11
13.00839043,80.20993042,20332,20342,10
13.00877953,80.21099854,20342,20352,10
13.00907993,80.21188354,20352,20362,10
13.00926971,80.21246338,20362,20372,10
13.00951958,80.21311951,20372,20382,10
13.00983047,80.21385193,20382,20398,16
13.01019001,80.21498871,20398,20410,12
13.01041985,80.21600342,20410,20420,10
13.01080036,80.21684265,20420,20430,10
13.01124001,80.21775818,20430,20441,11
13.01165009,80.21896362,20441,20451,10
13.01198006,80.22007751,20451,20461,10
13.01237965,80.22113037,20461,20471,10
13.01282978,80.22186279,20471,20481,10
13.01311016,80.22206879,20481,20491,10
13.01336002,80.22231293,20491,20501,10
13.0134697,80.22251129,20501,20511,10
13.0135498,80.22264862,20511,20522,11
13.01364994,80.22279358,20522,20532,10
13.01371956,80.2228775,20532,20543,11
13.01381969,80.22306824,20543,20553,10
13.01387978,80.22316742,20553,20593,40
13.01387978,80.22316742,20593,20603,10
13.01397991,80.22341156,20603,20613,10
13.01399994,80.22344971,20613,20623,10
13.01412964,80.22361755,20623,20633,10
13.01445961,80.22405243,20633,20643,10
13.01498032,80.22457886,20643,20654,11
13.01566982,80.22518921,20654,20664,10
13.01644039,80.2253418,20664,20674,10
13.01735973,80.22499847,20674,20684,10
13.01817989,80.22466278,20684,20694,10
13.01916027,80.22434235,20694,20704,10
13.01986027,80.22458649,20704,20714,10
13.02068043,80.22518921,20714,20724,10
13.02145958,80.22576141,20724,20734,10
13.02221012,80.22635651,20734,20744,10
13.02297974,80.22704315,20744,20755,11
13.02385998,80.2278595,20755,20765,10
13.02443981,80.22843933,20765,20776,11
13.02445984,80.22846222,20776,20786,10
13.02427959,80.22862244,20786,20796,10
13.02416992,80.22843933,20796,20806,10
13.02406979,80.22825623,20806,20816,10
13.02363968,80.2277832,20816,20826,10
13.02336025,80.22754669,20826,20836,10
13.02318954,80.22741699,20836,20846,10
13.02285957,80.22711945,20846,20857,11
13.02219009,80.22650146,20857,20866,9
13.02147007,80.22592163,20866,20877,11
13.02058983,80.22524261,20877,20887,10
13.01972008,80.22467041,20887,20897,10
13.01865959,80.22454834,20897,20907,10
13.01753998,80.22498322,20907,20917,10
13.01671982,80.22534943,20917,20927,10
13.01648998,80.22537231,20927,20936,9
13.01626015,80.22537231,20936,20947,11
13.0158596,80.22561646,20947,20957,10
13.01527977,80.22589874,20957,20968,11
13.01461029,80.22615814,20968,20978,10
13.0143404,80.22622681,20978,20988,10
13.01403999,80.22637177,20988,20998,10
13.01348972,80.22657013,20998,21008,10
13.01261997,80.22688293,21008,21018,10
13.01169968,80.22724152,21018,21028,10
13.01070023,80.22763062,21028,21038,10
13.00986004,80.22795105,21038,21048,10
13.00951958,80.22759247,21048,21058,10
13.00979996,80.22702026,21058,21069,11
13.0102396,80.22608948,21069,21079,10
13.01072025,80.22502899,21079,21089,10
13.01113987,80.22396088,21089,21099,10
13.01158047,80.2228775,21099,21109,10
13.01196957,80.22181702,21109,21119,10
13.01214027,80.22084045,21119,21129,10
13.01175976,80.21972656,21129,21139,10
13.01140022,80.21859741,21139,21149,10
13.01103973,80.21766663,21149,21159,10
13.01060963,80.21674347,21159,21168,9
13.01019955,80.21600342,21168,21180,12
13.00973034,80.21507263,21180,21190,10
13.00924969,80.21443176,21190,21200,10
13.00864983,80.21365356,21200,21210,10
13.00804043,80.21324158,21210,21219,9
13.00788975,80.21317291,21219,21230,11
13.00769997,80.21295166,21230,21240,10
13.00708961,80.21276855,21240,21250,10
13.00632,80.21278381,21250,21260,10
13.00564957,80.21292114,21260,21270,10
13.00491047,80.21244049,21270,21281,11
13.00397968,80.21212006,21281,21291,10
13.00372028,80.21140289,21291,21301,10
13.00360966,80.21042633,21301,21311,10
13.00354004,80.20951843,21311,21321,10
13.00368977,80.20880127,21321,21331,10
13.00432014,80.20877075,21331,21341,10
13.00520992,80.20915222,21341,21351,10
13.00621033,80.20951843,21351,21361,10
13.00691986,80.2097168,21361,21371,10
13.00720024,80.20976257,21371,21381,10
13.00778961,80.20987701,21381,21392,11
13.00817966,80.20974731,21392,21402,10
13.00800037,80.20906067,21402,21412,10
13.00784016,80.20809174,21412,21422,10
13.00765038,80.20700073,21422,21432,10
13.00747967,80.20590973,21432,21442,10
13.00712967,80.20493317,21442,21452,10
13.00666046,80.20401001,21452,21462,10
13.00607014,80.20314026,21462,21472,10
13.00566006,80.2024231,21472,21482,10
13.00512981,80.20168304,21482,21492,10
13.00452042,80.20133209,21492,21533,41
13.00452042,80.20133209,21533,21543,10
13.00422001,80.20124054,21543,21553,10
13.00374985,80.20105743,21553,21569,16
13.00294018,80.20079041,21569,21581,12
13.0020504,80.20033264,21581,21591,10
13.00166988,80.19950104,21591,21601,10
13.00177956,80.19859314,21601,21612,11
13.00195026,80.19754028,21612,21622,10
13.00181007,80.19657135,21622,21632,10
13.00131035,80.19593811,21632,21642,10
13.00072002,80.19525146,21642,21653,11
13.00014019,80.19454956,21653,21663,10
12.99956036,80.19380188,21663,21673,10
12.99905968,80.19315338,21673,21683,10
12.99851036,80.19245911,21683,21693,10
12.99820995,80.19228363,21693,21703,10
12.99796009,80.19252014,21703,21714,11
12.99748039,80.19294739,21714,21724,10
12.99701977,80.1933136,21724,21734,10
12.99672031,80.19339752,21734,21744,10
12.99619961,80.19339752,21744,21754,10
12.9953804,80.19341278,21754,21764,10
12.99437046,80.19342041,21764,21774,10
12.99328995,80.19345093,21774,21784,10
12.99221992,80.19345856,21784,21794,10
12.99155998,80.19403076,21794,21804,10
12.99129963,80.19439697,21804,21815,11
12.99104977,80.19484711,21815,21825,10
12.9904604,80.1954422,21825,21835,10
12.98956013,80.19554901,21835,21845,10
12.98855019,80.19551849,21845,21855,10
12.98754025,80.19560242,21855,21865,10
12.98653984,80.19593811,21865,21875,10
12.98554993,80.19618225,21875,21885,10
12.98451996,80.19618225,21885,21895,10
12.9835701,80.19628143,21895,21905,10
12.98322964,80.19638824,21905,21916,11
12.98285961,80.19660187,21916,21926,10
12.9823904,80.19702148,21926,21936,10
12.9822998,80.19711304,21936,21946,10
12.98215961,80.19695282,21946,21966,20
12.98215961,80.19695282,21966,21976,10
12.9822197,80.19689941,21976,21986,10
12.98254013,80.19667053,21986,21996,10
12.98278046,80.1964798,21996,22006,10
12.98270035,80.19628906,22006,22016,10
12.9822998,80.19606018,22016,22027,11
12.98165035,80.19573212,22027,22037,10
12.98132038,80.19555664,22037,22047,10
12.98085976,80.19532776,22047,22057,10
12.9802103,80.19500732,22057,22067,10
12.97953987,80.19452667,22067,22077,10
12.9788599,80.19412231,22077,22087,10
12.97819042,80.19390869,22087,22097,10
12.97776031,80.19384766,22097,22107,10
12.97741032,80.19377899,22107,22117,10
12.97696018,80.19361115,22117,22128,11
12.9763298,80.19320679,22128,22158,30
12.9763298,80.19320679,22158,22168,10
12.97614002,80.19306946,22168,22178,10
12.97566032,80.19271851,22178,22188,10
12.97502995,80.19241333,22188,22198,10
12.9744997,80.19220734,22198,22208,10
12.97395992,80.19200134,22208,22218,10
12.97346973,80.19181061,22218,22228,10
12.97292042,80.19161224,22228,22239,11
12.97224045,80.19135284,22239,22249,10
12.97155952,80.19104004,22249,22259,10
12.97087955,80.19071198,22259,22269,10
12.97014999,80.1904068,22269,22279,10
12.96938992,80.19007111,22279,22289,10
12.96889973,80.18985748,22289,22299,10
12.96815014,80.18950653,22299,22309,10
12.96734047,80.18917084,22309,22319,10
12.96656036,80.18888092,22319,22329,10
12.96572018,80.18852234,22329,22340,11
12.96492958,80.18820953,22340,22350,10
12.9641304,80.18797302,22350,22360,10
12.96323013,80.18769836,22360,22370,10
12.96230984,80.1875,22370,22380,10
12.96135044,80.18733978,22380,22390,10
12.96061039,80.18721008,22390,22400,10
12.96020985,80.18714905,22400,22410,10
12.95975971,80.18710327,22410,22420,10
12.95895958,80.18701935,22420,22430,10
12.95820999,80.18701935,22430,22440,10
12.95742035,80.18704224,22440,22451,11
12.95654964,80.1869812,22451,22461,10
12.95578003,80.18694305,22461,23178,717
12.95578003,80.18694305,23178,23188,10
12.95555973,80.18683624,23188,23198,10
12.95530987,80.18682098,23198,23208,10
12.95487022,80.18675232,23208,23218,10
12.9542799,80.18668365,23218,23228,10
12.95368004,80.18659973,23228,23238,10
12.95296955,80.18649292,23238,23248,10
12.95215988,80.18630981,23248,23258,10
12.95137978,80.18608093,23258,23268,10
12.95055962,80.18580627,23268,23278,10
12.94972992,80.18553925,23278,23289,11
12.94904995,80.18533325,23289,23299,10
12.94847965,80.18512726,23299,23309,10
12.94777012,80.18482208,23309,23319,10
12.94705963,80.18430328,23319,23329,10
12.94637966,80.18377686,23329,23339,10
12.94569016,80.1832428,23339,23349,10
12.94484043,80.18305206,23349,23361,12
12.94454956,80.1830368,23361,23372,11
12.94400024,80.18300629,23372,23382,10
12.94324017,80.18296051,23382,23393,11
12.94219017,80.18287659,23393,23403,10
12.94120979,80.1827774,23403,23413,10
12.94042015,80.18274689,23413,23423,10
12.93959999,80.18260193,23423,23584,161
12.93959999,80.18260193,23584,23594,10
12.93924999,80.18254852,23594,23605,11
12.93906021,80.18250275,23605,23615,10
12.93887997,80.18242645,23615,23625,10
12.93869972,80.18240356,23625,23635,10
12.9382,80.18229675,23635,23645,10
12.93737984,80.18225861,23645,23655,10
12.93659019,80.18226624,23655,23665,10
12.93597984,80.18234253,23665,23675,10
12.93575954,80.18238068,23675,23685,10
12.93535995,80.18240356,23685,23695,10
12.93467999,80.18228912,23695,23705,10
12.9339304,80.18209076,23705,23715,10
12.93286991,80.18183899,23715,23726,11
12.93109035,80.18157196,23726,23745,19
12.93109035,80.18157196,23745,23756,11
12.93083954,80.18154907,23756,23766,10
12.93021965,80.18161011,23766,23776,10
12.92949009,80.18179321,23776,23786,10
12.92854023,80.18202209,23786,23796,10
12.92757988,80.18225861,23796,23806,10
12.92677975,80.18241882,23806,23817,11
12.92578983,80.18260956,23817,23827,10
12.92481995,80.18276978,23827,23837,10
12.9238596,80.18293762,23837,23847,10
12.92292023,80.18309784,23847,23857,10
12.92218971,80.18331909,23857,23867,10
12.92136002,80.18367004,23867,23877,10
12.92055035,80.18399811,23877,23887,10
12.92037964,80.18403625,23887,23897,10
12.92016029,80.18383026,23897,23907,10
12.92012024,80.18360138,23907,23918,11
12.92008972,80.18340302,23918,23928,10
12.91996002,80.18280029,23928,23938,10
12.91989994,80.18247223,23938,23948,10
12.91979027,80.18193054,23948,23958,10
12.91959953,80.18109894,23958,23968,10
12.91940022,80.18012238,23968,23978,10
12.9190197,80.1791687,23978,23988,10
12.91839027,80.17830658,23988,23998,10
12.91825008,80.17726898,23998,24008,10
12.91845036,80.17617798,24008,24018,10
12.91874027,80.17511749,24018,24029,11
12.91903019,80.17394257,24029,24039,10
12.91934013,80.17281342,24039,24049,10
12.91959953,80.17179108,24049,24059,10
12.91981983,80.17095184,24059,24069,10
12.92008972,80.17015839,24069,24079,10
12.92041016,80.16918182,24079,24089,10
12.92076015,80.16811371,24089,24099,10
12.92109966,80.16706085,24099,24109,10
12.92142963,80.16600037,24109,24118,9
12.92173958,80.1650238,24118,24130,12
12.92206001,80.16394043,24130,24140,10
12.92238045,80.16294098,24140,24150,10
12.92271996,80.16184235,24150,24160,10
12.92306042,80.1607666,24160,24170,10
12.9231596,80.16034698,24170,24180,10
12.92323017,80.16002655,24180,24190,10
12.92333984,80.15924072,24190,24200,10
12.92346001,80.15812683,24200,24210,10
12.92358017,80.15693665,24210,24220,10
12.92360973,80.15577698,24220,24230,10
12.9233799,80.15487671,24230,24241,11
12.92333984,80.15470886,24241,24251,10
12.92319965,80.15413666,24251,24261,10
12.92300034,80.15329742,24261,24271,10
12.92275047,80.15236664,24271,24281,10
12.92271042,80.15196991,24281,24291,10
12.92269993,80.15168762,24291,24301,10
12.92267036,80.15097046,24301,24311,10
12.92263985,80.14994049,24311,24321,10
12.92255974,80.14880371,24321,24331,10
12.92255974,80.14775085,24331,24342,11
12.92255974,80.14669037,24342,24352,10
12.92253017,80.1456604,24352,24362,10
12.92247963,80.14463806,24362,24372,10
12.92245007,80.14385223,24372,24382,10
12.92245007,80.14321136,24382,24412,30
12.92245007,80.14321136,24412,24422,10
12.92245007,80.14286041,24422,24432,10
12.92241955,80.1421814,24432,24442,10
12.92238998,80.14138031,24442,24459,17
12.92238045,80.13973999,24459,24472,13
12.92243004,80.1383667,24472,24482,10
12.92247009,80.1373291,24482,24492,10
12.92253017,80.13623047,24492,24502,10
12.92257023,80.13522339,24502,24512,10
12.92261982,80.13395691,24512,24522,10
12.92265987,80.13285828,24522,24532,10
12.92269993,80.13182068,24532,24542,10
12.92276001,80.13070679,24542,24553,11
12.9228096,80.12957764,24553,24563,10
12.92288017,80.12872314,24563,24573,10
12.9229002,80.12789917,24573,24583,10
12.9229002,80.12695313,24583,24593,10
12.9229002,80.1260376,24593,24603,10
12.92290974,80.12566376,24603,24613,10
12.92294979,80.12506104,24613,24623,10
12.92298985,80.12419891,24623,24633,10
12.92304039,80.12322998,24633,24643,10
12.92308044,80.12216187,24643,24653,10
12.9231596,80.12106323,24653,24664,11
12.92319965,80.12056732,24664,24674,10
12.92323971,80.12049866,24674,24684,10
12.92325974,80.12033844,24684,24694,10
12.92329979,80.11976624,24694,24704,10
12.92329979,80.11904907,24704,24714,10
12.92331982,80.11826324,24714,24724,10
12.92343044,80.11741638,24724,24734,10
12.92346001,80.11689758,24734,24754,20
12.92346001,80.11689758,24754,24764,10
12.92364979,80.11683655,24764,24785,21
12.92364979,80.11683655,24785,24795,10
12.9236002,80.11710358,24795,24805,10
12.92356014,80.11734772,24805,24821,16
12.92366028,80.11778259,24821,24833,12
12.92356014,80.11820984,24833,24843,10
12.92352009,80.11882782,24843,24853,10
12.92343998,80.11952972,24853,24863,10
12.92335987,80.12008667,24863,24874,11
12.92331982,80.12101746,24874,24914,40
12.92331982,80.12101746,24914,24924,10
12.92329979,80.12140656,24924,25237,313
12.92329979,80.12140656,25237,25247,10
12.92319965,80.12159729,25247,25257,10
12.92321014,80.12207031,25257,25267,10
12.92319012,80.12281036,25267,25277,10
12.92313957,80.12371826,25277,25287,10
12.92308044,80.12471008,25287,25298,11
12.92306042,80.12554932,25298,25308,10
12.9230299,80.12599945,25308,25318,10
12.92298985,80.12680817,25318,25328,10
12.92294979,80.12766266,25328,25338,10
12.92292976,80.12843323,25338,25348,10
12.92286015,80.1292038,25348,25358,10
12.92278957,80.13008118,25358,25374,16
12.92278004,80.13141632,25374,25386,12
12.92275047,80.13239288,25386,25396,10
12.92271996,80.13310242,25396,25405,9
12.92269039,80.13397217,25405,25418,13
12.92261982,80.13533783,25418,25428,10
12.92257023,80.13639832,25428,25438,10
12.92251968,80.13742065,25438,25448,10
12.92245007,80.13842773,25448,25458,10
12.92238998,80.1394577,25458,25468,10
12.92241001,80.14057922,25468,25478,10
12.92241001,80.14167786,25478,25488,10
12.9224596,80.14225769,25488,25520,32
12.9224596,80.14225769,25520,25532,12
12.92249966,80.14266968,25532,25542,10
12.9225502,80.14308167,25542,25552,10
12.92259979,80.14338684,25552,25562,10
12.92259026,80.14347839,25562,25572,10
12.92257977,80.14360809,25572,25582,10
12.92255974,80.14398956,25582,25592,10
12.92257977,80.14463043,25592,25602,10
12.92265034,80.14569855,25602,25612,10
12.9226799,80.14681244,25612,25623,11
12.92269993,80.14720917,25623,25633,10
12.92265987,80.14749908,25633,25643,10
12.92265987,80.14816284,25643,25653,10
12.92267036,80.14910126,25653,25663,10
12.92269993,80.15007782,25663,25672,9
12.92275047,80.15107727,25672,25683,11
12.92278004,80.15161896,25683,25693,10
12.9228096,80.15190887,25693,25703,10
12.92288971,80.15249634,25703,25713,10
12.92311001,80.15344238,25713,25724,11
12.92333984,80.15437317,25724,25734,10
12.92350006,80.15484619,25734,25744,10
12.92358017,80.15522766,25744,25754,10
12.92372036,80.15598297,25754,25764,10
12.92366028,80.15699768,25764,25774,10
12.92354012,80.15815735,25774,25784,10
12.92341995,80.15937042,25784,25794,10
12.92331982,80.16031647,25794,25804,10
12.92311001,80.16098022,25804,25814,10
12.92278957,80.16191101,25814,25824,10
12.92243004,80.16298676,25824,25841,17
12.92181969,80.16490173,25841,25853,12
12.92136002,80.1663208,25853,25863,10
12.92098999,80.16745758,25863,25873,10
12.92070007,80.16841888,25873,25883,10
12.92031956,80.16963959,25883,25893,10
12.92004013,80.17050934,25893,25903,10
12.91993999,80.17089844,25903,25912,9
12.91983986,80.17120361,25912,25922,10
12.91973972,80.17160034,25922,25933,11
12.91956043,80.1723175,25933,25944,11
12.91924953,80.17328644,25944,25954,10
12.9190197,80.17420197,25954,25964,10
12.91880035,80.1751709,25964,25974,10
12.91853046,80.1762085,25974,25984,10
12.9183197,80.17736816,25984,25994,10
12.91843033,80.17822266,25994,26004,10
12.91889954,80.17881775,26004,26014,10
12.91936016,80.17951202,26014,26024,10
12.91958046,80.18052673,26024,26035,11
12.91983986,80.18170929,26035,26045,10
12.92004013,80.18266296,26045,26055,10
12.92026997,80.18356323,26055,26065,10
12.92028999,80.18363953,26065,26075,10
12.92035007,80.18392181,26075,26085,10
12.92057037,80.18399048,26085,26095,10
12.92092991,80.18383026,26095,26105,10
12.92158031,80.18357849,26105,26115,10
12.92236996,80.18325806,26115,26125,10
12.92335987,80.18302155,26125,26135,10
12.92434025,80.18286133,26135,26146,11
12.92551994,80.18261719,26146,26156,10
12.92661953,80.18241882,26156,26166,10
12.92772961,80.18219757,26166,26176,10
12.92866039,80.18196869,26176,26186,10
12.92951012,80.18177032,26186,26196,10
12.9302597,80.18157196,26196,26206,10
12.93142033,80.18151855,26206,26226,20
12.93142033,80.18151855,26226,26236,10
12.93155956,80.18154907,26236,26246,10
12.9317503,80.18158722,26246,26257,11
12.93241024,80.18170929,26257,26267,10
12.93323994,80.18187714,26267,26277,10
12.93412018,80.18211365,26277,26287,10
12.93480968,80.18228912,26287,26297,10
12.93568993,80.18237305,26297,26307,10
12.93671036,80.18224335,26307,26317,10
12.93756008,80.18222046,26317,26327,10
12.93889046,80.18235779,26327,26358,31
12.93889046,80.18235779,26358,26368,10
12.93910027,80.18238068,26368,26378,10
12.93916988,80.18241119,26378,26388,10
12.93955994,80.18256378,26388,26398,10
12.94021988,80.18270111,26398,26408,10
12.94095993,80.18276215,26408,26418,10
12.94184017,80.1828537,26418,26428,10
12.94291973,80.18295288,26428,26438,10
12.94398975,80.18296814,26438,26448,10
12.94468021,80.18299103,26448,26458,10
12.94468975,80.18299103,26458,26469,11
12.94511032,80.18299866,26469,26479,10
12.94581032,80.18319702,26479,26489,10
12.94655037,80.18379211,26489,26499,10
12.94734955,80.18441772,26499,26515,16
12.94849014,80.18505096,26515,26527,12
12.94873047,80.18512726,26527,26537,10
12.94913006,80.1852417,26537,26546,9
12.94958973,80.18540955,26546,26557,11
12.95028019,80.18563843,26557,26568,11
12.95110989,80.18589783,26568,26578,10
12.9519701,80.186203,26578,26588,10
12.95293045,80.18644714,26588,26598,10
12.95372963,80.18656921,26598,26608,10
12.9545002,80.18668365,26608,26618,10
12.95520973,80.18676758,26618,26628,10
12.95563984,80.18683624,26628,26638,10
12.95604038,80.18688965,26638,26648,10
12.95606041,80.18688965,26648,26658,10
12.9562397,80.18685913,26658,26668,10
12.95674992,80.18695831,26668,26679,11
12.95748043,80.18701172,26679,26689,10
12.95820045,80.18701935,26689,26699,10
12.9588604,80.18702698,26699,26709,10
12.95952988,80.18708038,26709,26719,10
12.96016026,80.1871109,26719,26729,10
12.96068954,80.18715668,26729,26739,10
12.96121979,80.18726349,26739,26749,10
12.9615202,80.18730927,26749,26759,10
12.96162033,80.18731689,26759,26769,10
12.96207047,80.18744659,26769,26780,11
12.96280003,80.18757629,26780,26790,10
12.96352005,80.18772125,26790,26800,10
12.9642601,80.18795013,26800,26810,10
12.96498013,80.1882019,26810,26820,10
12.96545029,80.18837738,26820,26830,10
12.96549988,80.18840027,26830,26840,10
12.96578979,80.18852997,26840,26850,10
12.96623993,80.18874359,26850,26860,10
12.96681023,80.1889801,26860,26870,10
12.96745014,80.18923187,26870,26880,10
12.96807957,80.18948364,26880,26891,11
12.96821976,80.18952942,26891,26901,10
12.96829987,80.18955994,26901,26911,10
12.96856022,80.18966675,26911,26921,10
12.96893978,80.18987274,26921,26931,10
12.9693203,80.19004822,26931,26941,10
12.96984959,80.1902771,26941,26951,10
12.97031021,80.19049835,26951,26961,10
12.97076035,80.19068146,26961,26971,10
12.97134972,80.19094086,26971,26981,10
12.97192955,80.19123077,26981,26992,11
12.97264004,80.19151306,26992,27012,20
12.97264004,80.19151306,27012,27022,10
12.97296047,80.19164276,27022,27032,10
12.97350025,80.19181061,27032,27042,10
12.97418976,80.19207001,27042,27052,10
12.97482014,80.19229889,27052,27062,10
12.97541046,80.19255066,27062,27072,10
12.97591972,80.19284821,27072,27082,10
12.97634983,80.19317627,27082,27092,10
12.97688961,80.19355774,27092,27103,11
12.97749043,80.19376373,27103,27113,10
12.97799015,80.19386292,27113,27143,30
12.97799015,80.19386292,27143,27153,10
12.9783802,80.19390869,27153,27169,16
12.9792099,80.19428253,27169,27181,12
12.97988033,80.19474792,27181,27191,10
12.98034,80.19506836,27191,27201,10
12.98091984,80.19532013,27201,27212,11
12.98108959,80.19539642,27212,27222,10
12.98114967,80.19544983,27222,27232,10
12.98147011,80.19560242,27232,27242,10
12.98178005,80.19577789,27242,27252,10
12.98227024,80.19605255,27252,27261,9
12.98278999,80.19628143,27261,27271,10
12.98303032,80.19631958,27271,27282,11
12.98346996,80.19608307,27282,27292,10
12.98414993,80.195961,27292,27302,10
12.98501968,80.19597626,27302,27313,11
12.98610973,80.19589233,27313,27323,10
12.98715973,80.19555664,27323,27333,10
12.98808956,80.19539642,27333,27343,10
12.98904037,80.19545746,27343,27353,10
12.99016953,80.19542694,27353,27363,10
12.99120045,80.19450378,27363,27383,20
12.99120045,80.19450378,27383,27393,10
12.99139977,80.1942215,27393,27403,10
12.99182034,80.19358063,27403,27413,10
12.99269962,80.19329834,27413,27424,11
12.99374962,80.19332123,27424,27434,10
12.99460983,80.19332123,27434,27444,10
12.99536991,80.19329071,27444,27454,10
12.99623013,80.19328308,27454,27464,10
12.99670029,80.19326019,27464,27474,10
12.99676991,80.19293976,27474,27484,10
12.99662018,80.19236755,27484,27494,10
12.99641991,80.19165802,27494,27504,10
12.99633026,80.19132996,27504,27514,10
12.99631977,80.19129181,27514,27525,11
12.9962101,80.1908493,27525,27535,10
12.99606037,80.1902771,27535,27545,10
12.99588013,80.1894989,27545,27573,28
12.99588013,80.1894989,27573,27583,10
12.99596024,80.1893692,27583,27593,10
12.99619961,80.18930054,27593,27603,10
12.99635983,80.18950653,27603,27613,10
12.99674988,80.18997192,27613,27623,10
12.99728012,80.19062042,27623,27634,11
12.99796963,80.19148254,27634,27644,10
12.99862003,80.19232178,27644,27654,10
12.99927998,80.19317627,27654,27663,9
12.99985981,80.19393158,27663,27674,11
13.0005703,80.19481659,27674,27683,9
13.00113964,80.19554138,27683,27693,10
13.00185966,80.19642639,27693,27704,11
13.00209999,80.19760895,27704,27714,10
13.00189972,80.1987381,27714,27724,10
13.00187969,80.19973755,27724,27735,11
13.00261021,80.20053864,27735,27745,10
13.00380993,80.20082092,27745,27775,30
13.00380993,80.20082092,27775,27785,10
13.00409031,80.2009201,27785,27795,10
13.00430965,80.20098114,27795,27804,9
13.00463009,80.20110321,27804,27814,10
13.00516987,80.20137024,27814,27825,11
13.00574017,80.2019577,27825,27836,11
13.00611019,80.20265961,27836,27846,10
13.00654984,80.20317841,27846,27856,10
13.00714016,80.20352936,27856,27866,10
13.00786018,80.2036972,27866,27876,10
13.00848007,80.20342255,27876,27886,10
13.00809002,80.20278931,27886,27896,10
13.00755978,80.20339203,27896,27906,10
13.00765991,80.20445251,27906,27916,10
13.00769997,80.20554352,27916,27925,9
13.00780964,80.20657349,27925,27936,11
13.00794029,80.20768738,27936,27947,11
13.00811958,80.20892334,27947,27957,10
13.00841999,80.20999146,27957,27967,10
13.00918007,80.21083832,27967,28007,40
13.00918007,80.21083832,28007,28017,10
13.00934982,80.21096802,28017,28027,10
13.00934029,80.21115112,28027,28037,10
13.00911999,80.21141052,28037,28048,11
13.00911999,80.21186066,28048,28058,10
13.0092802,80.21253204,28058,28068,10
13.00955009,80.21336365,28068,28078,10
13.00992966,80.21420288,28078,28088,10
13.01018047,80.21507263,28088,28098,10
13.01041985,80.21598816,28098,28108,10
13.01082993,80.21690369,28108,28118,10
13.01128006,80.21793365,28118,28128,10
13.01167965,80.21904755,28128,28137,9
13.01202011,80.22012329,28137,28148,11
13.01251984,80.22136688,28148,28159,11
13.01303959,80.22219849,28159,28169,10
13.01358032,80.22293854,28169,28179,10
13.01420021,80.22364044,28179,28189,10
13.01471043,80.22403717,28189,28199,10
13.01566982,80.22509766,28199,28219,20
13.01566982,80.22509766,28219,28229,10
13.01574039,80.22512054,28229,28239,10
13.01616955,80.2253418,28239,28249,10
13.01698971,80.22515106,28249,28260,11
13.01809025,80.22470093,28260,28270,10
13.01900005,80.22437286,28270,28280,10
13.01984024,80.22457886,28280,28290,10
13.02052021,80.22506714,28290,28300,10
13.02110958,80.22551727,28300,28310,10
13.02204037,80.22618103,28310,28340,30
13.02204037,80.22618103,28340,28350,10
13.02235031,80.22647095,28350,28360,10
13.02291012,80.22693634,28360,28371,11
13.02361965,80.2276001,28371,28381,10
13.02427959,80.22825623,28381,28390,9
13.02466965,80.22884369,28390,28401,11
13.02513981,80.22947693,28401,28411,10
13.02567005,80.23018646,28411,28421,10
13.02598953,80.23092651,28421,28451,30
13.02598953,80.23092651,28451,28461,10
13.02604008,80.23116302,28461,28472,11
13.02620983,80.23136902,28472,28482,10
13.02676964,80.23119354,28482,28492,10
13.02754974,80.23098755,28492,28502,10
13.0281601,80.23095703,28502,28512,10
13.02855015,80.23088837,28512,28522,10
13.02884007,80.23085785,28522,28532,10
13.02941036,80.2308197,28532,28542,10
13.02991009,80.23078918,28542,28552,10
13.03048038,80.23072052,28552,28562,10
13.03094006,80.23065948,28562,28572,10
13.03149033,80.23062134,28572,28583,11
13.03201962,80.23059082,28583,28593,10
13.03264046,80.23053741,28593,28602,9
13.03334045,80.23049927,28602,28613,11
13.03448963,80.23040009,28613,28633,20
13.03448963,80.23040009,28633,28643,10
13.03485012,80.23023987,28643,28734,91
13.03485012,80.23023987,28734,28744,10
13.03483009,80.22994995,28744,28986,242
13.03483009,80.22994995,28986,28996,10
13.03454018,80.2299118,28996,29087,91
13.03454018,80.2299118,29087,29097,10
13.03433037,80.22982025,29097,30208,1111
13.03433037,80.22982025,30208,30218,10
13.03419971,80.23023987,30218,30228,10
13.03419971,80.23039246,30228,30238,10
13.03402042,80.23043823,30238,30248,10
13.03357029,80.23040771,30248,30258,10
13.03306007,80.23049164,30258,30269,11
13.0323801,80.23059082,30269,30279,10
13.0318203,80.2306366,30279,30289,10
13.03116035,80.23072052,30289,30299,10
13.03075981,80.2307663,30299,30309,10
13.03050041,80.23078156,30309,30319,10
13.03009033,80.2308197,30319,30329,10
13.03001022,80.23078918,30329,30339,10
13.0296402,80.23084259,30339,30349,10
13.02917957,80.23088074,30349,30359,10
13.02863979,80.23090363,30359,30369,10
13.02805996,80.23095703,30369,30380,11
13.02764988,80.23105621,30380,30390,10
13.02766991,80.23146057,30390,30400,10
13.02772045,80.2318573,30400,30410,10
13.02779961,80.23232269,30410,30420,10
13.02785969,80.23280334,30420,30430,10
13.02715969,80.23296356,30430,30460,30
13.02715969,80.23296356,30460,30470,10
13.02707005,80.23291779,30470,30481,11
13.0268898,80.23297119,30481,30491,10
13.02670002,80.23300171,30491,30501,10
13.02637005,80.23272705,30501,30511,10
13.02612972,80.23200226,30511,30521,10
13.02587986,80.2310791,30521,30531,10
13.02546978,80.23020172,30531,30541,10
13.02486992,80.22936249,30541,30551,10
13.02425957,80.22859192,30551,30561,10
13.02377987,80.22799683,30561,30570,9
13.02332973,80.22759247,30570,30580,10
13.02301025,80.22737885,30580,30602,22
13.02301025,80.22737885,30602,30612,10
13.02283955,80.22725677,30612,30622,10
13.02283001,80.22724152,30622,30632,10
13.02268982,80.22712708,30632,30642,10
13.02250957,80.22679901,30642,30652,10
13.02215958,80.22647858,30652,30662,10
13.02163982,80.22605896,30662,30672,10
13.02103043,80.22557068,30672,30682,10
13.02052975,80.22519684,30682,30693,11
13.02007008,80.22490692,30693,30703,10
13.01943016,80.22451019,30703,30713,10
13.01852036,80.224617,30713,30723,10
13.01764965,80.22499847,30723,30733,10
13.01692009,80.22530365,30733,30743,10
13.0165596,80.22545624,30743,30753,10
13.01624012,80.22557068,30753,30763,10
13.01570988,80.22575378,30763,30773,10
13.01496029,80.22605133,30773,30794,21
13.01496029,80.22605133,30794,30804,10
13.0143404,80.22628784,30804,30824,20
13.0143404,80.22628784,30824,30834,10
13.01397038,80.22641754,30834,30844,10
13.01336002,80.22663879,30844,30854,10
13.01264954,80.22688293,30854,30864,10
13.01187992,80.22717285,30864,30874,10
13.01099968,80.22750854,30874,30884,10
13.01010036,80.22788239,30884,30894,10
13.00953007,80.22769928,30894,30905,11
13.00967979,80.22727203,30905,30921,16
13.0102396,80.22612762,30921,30933,12
13.01070023,80.2250824,30933,30943,10
13.01107025,80.22418976,30943,30953,10
13.01130962,80.22364044,30953,30963,10
13.01144028,80.22325897,30963,30973,10
13.01171017,80.22260284,30973,30983,10
13.01198006,80.22180939,30983,30993,10
13.01216984,80.22096252,30993,31003,10
13.01189041,80.2201004,31003,31014,11
13.01152039,80.21897888,31014,31024,10
13.01119995,80.21801758,31024,31034,10
13.01082993,80.21705627,31034,31044,10
13.0104599,80.21626282,31044,31053,9
13.01010036,80.2156601,31053,31064,11
13.00955009,80.21476746,31064,31074,10
13.00856018,80.21353912,31074,31115,41
13.00856018,80.21353912,31115,31125,10
13.0083704,80.21338654,31125,31135,10
13.00829983,80.21331787,31135,31145,10
13.00819969,80.21328735,31145,31155,10
13.00794983,80.21318817,31155,31165,10
13.00784016,80.2131424,31165,31175,10
13.00763035,80.21292114,31175,31185,10
13.00730038,80.21279907,31185,31195,10
13.00671959,80.21276093,31195,31205,10
13.0060997,80.21291351,31205,31215,10
13.00551987,80.21283722,31215,31225,10
13.00485992,80.2124176,31225,31236,11
13.00409985,80.21208954,31236,31246,10
13.00370026,80.21188354,31246,31256,10
13.00368023,80.21135712,31256,31266,10
13.00362015,80.21063995,31266,31276,10
13.00354958,80.20993042,31276,31286,10
13.00360012,80.20915985,31286,31296,10
13.0039196,80.20860291,31296,31306,10
13.00469017,80.20892334,31306,31316,10
13.00562,80.20932007,31316,31327,11
13.00640965,80.20957947,31327,31337,10
13.0068903,80.2097168,31337,31347,10
13.00702953,80.2097702,31347,31357,10
13.00743961,80.20986938,31357,31367,10
13.00794029,80.20993805,31367,31377,10
13.00823021,80.20986176,31377,31387,10
13.00807953,80.20929718,31387,31397,10
13.0079298,80.20845795,31397,31407,10
13.00778008,80.20755768,31407,31417,10
13.00767994,80.20674133,31417,31427,10
13.00747967,80.20581818,31427,31438,11
13.00714016,80.20491791,31438,31448,10
13.00671959,80.20404053,31448,31458,10
13.00615978,80.20324707,31458,31468,10
13.00574017,80.20256042,31468,31478,10
13.0053196,80.20182037,31478,31488,10
13.00467014,80.20136261,31488,31498,10
13.0042696,80.20124817,31498,31508,10
13.00422001,80.20123291,31508,31518,10
13.00397015,80.20114136,31518,31528,10
13.00347996,80.20094299,31528,31538,10
13.00277996,80.200737,31538,31549,11
13.00199986,80.20024109,31549,31559,10
13.00166035,80.1993866,31559,31569,10
13.00179005,80.19844055,31569,31579,10
13.00191021,80.19743347,31579,31589,10
13.00170994,80.19645691,31589,31599,10
13.00104046,80.19564056,31599,31609,10
13.00034046,80.19474792,31609,31619,10
12.99967957,80.19393158,31619,31629,10
12.99911022,80.19322205,31629,31639,10
12.99853039,80.19251251,31639,31655,16
12.99771023,80.19274902,31655,31668,13
12.99701977,80.1933136,31668,31678,10
12.9966898,80.19339752,31678,31687,9
12.99623966,80.19341278,31687,31697,10
12.99545956,80.19339752,31697,31708,11
12.99437046,80.19342804,31708,31718,10
12.99343967,80.1934433,31718,31728,10
12.99223995,80.19348907,31728,31738,10
12.99157047,80.19402313,31738,31748,10
12.99133015,80.19442749,31748,31759,11
12.99120045,80.19473267,31759,31769,10
12.99114037,80.19477844,31769,31779,10
12.99088955,80.19510651,31779,31789,10
12.99024963,80.19554138,31789,31799,10
12.98937988,80.19550323,31799,31809,10
12.98843002,80.19550323,31809,31819,10
12.98744965,80.19557953,31819,31829,10
12.98649979,80.19596863,31829,31839,10
12.98542023,80.19616699,31839,31849,10
12.98431015,80.19615936,31849,31860,11
12.9834404,80.19631958,31860,31870,10
12.9832201,80.19641113,31870,31880,10
12.98289967,80.19661713,31880,31890,10
12.98243046,80.19702148,31890,31900,10
12.9823103,80.19715881,31900,31910,10
12.98215008,80.1969986,31910,31930,20
12.98215008,80.1969986,31930,31940,10
12.98221016,80.1968689,31940,31950,10
12.98254013,80.19657898,31950,31960,10
12.98278046,80.1964035,31960,31971,11
12.98256969,80.19618988,31971,31981,10
12.98215961,80.19597626,31981,31991,10
12.98171997,80.19576263,31991,32001,10
12.98167038,80.19573975,32001,32011,10
12.98149967,80.19567871,32011,32021,10
12.9811697,80.19548035,32021,32031,10
12.98069,80.19525146,32031,32041,10
12.98007011,80.19496155,32041,32051,10
12.97953033,80.19454193,32051,32061,10
12.97896004,80.19419098,32061,32072,11
12.97826958,80.19394684,32072,32082,10
12.97770023,80.1938324,32082,32092,10
12.97760963,80.19380951,32092,32102,10
12.97751045,80.19378662,32102,32112,10
12.97710037,80.19367218,32112,32122,10
12.97659016,80.19338226,32122,32132,10
12.97603035,80.19297028,32132,32142,10
12.97539997,80.19255829,32142,32152,10
12.97467995,80.19223785,32152,32162,10
12.97408962,80.1920166,32162,32172,10
12.97340012,80.19180298,32172,32183,11
12.97284031,80.19159698,32183,32193,10
12.97280025,80.19156647,32193,32203,10
12.97268963,80.19151306,32203,32213,10
12.97220039,80.19132233,32213,32233,20
12.97220039,80.19132233,32233,32243,10
12.97210979,80.19125366,32243,32253,10
12.97202015,80.19122314,32253,32263,10
12.97187042,80.19116211,32263,32273,10
12.9715004,80.19100189,32273,32284,11
12.97115993,80.1908493,32284,32294,10
12.97111034,80.1908493,32294,32304,10
12.9709301,80.19072723,32304,32314,10
12.97056007,80.1905899,32314,32324,10
12.97002029,80.19036865,32324,32334,10
12.96942043,80.19010162,32334,32344,10
12.96897984,80.18994141,32344,32354,10
12.96889019,80.18985748,32354,32364,10
12.96850014,80.18966675,32364,32374,10
12.96802044,80.18942261,32374,32384,10
12.96802044,80.18943787,32384,32395,11
12.9677496,80.18934631,32395,32405,10
12.96718025,80.18910217,32405,32415,10
12.96648979,80.18881226,32415,32425,10
12.96607971,80.18862915,32425,32435,10
12.96601963,80.18859863,32435,32445,10
12.96592045,80.18855286,32445,32455,10
12.9656601,80.18849182,32455,32465,10
12.96537018,80.18836212,32465,32475,10
12.96498966,80.18817139,32475,32485,10
12.96483994,80.18811035,32485,32495,10
12.96459961,80.18804932,32495,32506,11
12.96393967,80.18784332,32506,32516,10
12.96321011,80.18762207,32516,32526,10
12.96243954,80.1875,32526,32536,10
12.96166992,80.18734741,32536,32546,10
12.96088028,80.1872406,32546,32556,10
12.96065998,80.18720245,32556,32566,10
12.9605999,80.1872406,32566,32576,10
12.96026039,80.18711853,32576,32586,10
12.95985985,80.18704987,32586,32596,10
12.95925999,80.18704224,32596,32607,11
12.95847034,80.18702698,32607,32617,10
12.95769978,80.18704224,32617,32627,10
12.95693016,80.18698883,32627,32637,10
12.95582008,80.1869278,32637,32667,30
12.95582008,80.1869278,32667,32677,10
12.95555019,80.18688202,32677,32687,10
12.9551096,80.18681335,32687,32697,10
12.9544096,80.18673706,32697,32707,10
12.95347977,80.18659973,32707,32718,11
12.95240974,80.18639374,32718,32728,10
12.95133018,80.18605042,32728,32738,10
12.95030022,80.18569183,32738,32748,10
12.9493103,80.18543243,32748,32819,71
12.9493103,80.18543243,32819,32829,10
12.94921017,80.18537903,32829,32839,10
12.94886971,80.18521118,32839,32849,10
12.94838047,80.18505859,32849,32859,10
12.94768047,80.1847229,32859,32869,10
12.94699955,80.18422699,32869,32879,10
12.94627953,80.18367004,32879,32889,10
12.94561005,80.18314362,32889,32899,10
12.94486046,80.1830368,32899,32908,9
12.94460011,80.18305206,32908,32919,11
12.94433975,80.18302155,32919,32930,11
12.94375038,80.18296814,32930,32940,10
12.94307041,80.18296051,32940,32950,10
12.94227982,80.18289185,32950,32960,10
12.94139957,80.18279266,32960,32970,10
12.94079971,80.18274689,32970,32980,10
12.94073963,80.18274689,32980,32990,10
12.94054031,80.18271637,32990,33000,10
12.9400301,80.18266296,33000,33010,10
12.93953037,80.18260193,33010,33020,10
12.93951988,80.18260956,33020,33031,11
12.93933964,80.18257141,33031,33041,10
12.93896008,80.18244171,33041,33051,10
12.93854046,80.18228149,33051,33061,10
12.93787956,80.18221283,33061,33071,10
12.93708992,80.18221283,33071,33081,10
12.93630028,80.18228912,33081,33091,10
12.93575954,80.18238068,33091,33101,10
12.93533039,80.18241882,33101,33111,10
12.9347496,80.18229675,33111,33121,10
12.93404007,80.18212128,33121,33131,10
12.93317032,80.18187714,33131,33142,11
12.93216991,80.18170166,33142,33152,10
12.93128014,80.18161011,33152,33162,10
12.93095016,80.18157959,33162,33172,10
12.93076992,80.18154144,33172,33182,10
12.93021965,80.181633,33182,33192,10
12.92949963,80.18180084,33192,33202,10
12.92858028,80.18202972,33202,33212,10
12.92763042,80.18224335,33212,33222,10
12.92667961,80.18244934,33222,33232,10
12.92570019,80.18263245,33232,33242,10
12.92475033,80.18279266,33242,33253,11
12.92372036,80.18299103,33253,33263,10
12.92276001,80.18315887,33263,33273,10
12.92181969,80.1835022,33273,33283,10
12.92094994,80.18386078,33283,33293,10
12.92053986,80.18406677,33293,33323,30
12.92053986,80.18406677,33323,33333,10
12.92039967,80.18402863,33333,33343,10
12.92016029,80.18370819,33343,33354,11
12.92000008,80.1829834,33354,33364,10
12.91993046,80.18261719,33364,33380,16
12.91981983,80.18211365,33380,33392,12
12.91961002,80.18115997,33392,33402,10
12.91940975,80.18019867,33402,33411,9
12.91915035,80.17935944,33411,33422,11
12.91853046,80.17849731,33422,33432,10
12.91818047,80.17764282,33432,33442,10
12.91833973,80.17669678,33442,33452,10
12.91849995,80.17578888,33452,33463,11
12.91880035,80.17469788,33463,33473,10
12.91905022,80.17362213,33473,33483,10
12.91932011,80.17249298,33483,33493,10
12.91961956,80.17144012,33493,33503,10
12.91983986,80.17089081,33503,33511,8
12.91985035,80.17086792,33511,33523,12
12.92004013,80.1703186,33523,33533,10
12.92024994,80.16954041,33533,33543,10
12.92053032,80.16864777,33543,33553,10
12.92086029,80.16771698,33553,33564,11
12.92121029,80.16660309,33564,33574,10
12.9215498,80.16555786,33574,33584,10
12.92187977,80.16452026,33584,33594,10
12.92218971,80.16355133,33594,33604,10
12.9224596,80.16262054,33604,33614,10
12.92276001,80.16168213,33614,33624,10
12.92300987,80.16087341,33624,33634,10
12.92311001,80.16053772,33634,33644,10
12.92311954,80.16053772,33644,33654,10
12.92313957,80.16049194,33654,33664,10
12.92325974,80.16007233,33664,33675,11
12.92333984,80.15927887,33675,33685,10
12.92343044,80.1583786,33685,33695,10
12.92352009,80.1574173,33695,33705,10
12.9236002,80.15647888,33705,33715,10
12.92352009,80.15550232,33715,33725,10
12.92333984,80.15487671,33725,33735,10
12.92331028,80.15479279,33735,33745,10
12.9232502,80.15444183,33745,33755,10
12.92308044,80.15377045,33755,33765,10
12.92286015,80.15287781,33765,33775,10
12.92263985,80.15216827,33775,33806,31
12.92263985,80.15216827,33806,33816,10
12.92269993,80.1518631,33816,33826,10
12.92265987,80.15123749,33826,33836,10
12.92263985,80.15052032,33836,33846,10
12.92261982,80.14968872,33846,33856,10
12.92257023,80.14891052,33856,33866,10
12.9225502,80.14816284,33866,33876,10
12.92253017,80.14740753,33876,33887,11
12.92251015,80.14685822,33887,33897,10
12.92251968,80.14672089,33897,33907,10
12.92249966,80.14620209,33907,33917,10
12.92247963,80.14550018,33917,33927,10
12.92247963,80.14463043,33927,33937,10
12.9224596,80.14367676,33937,33947,10
12.92241955,80.14280701,33947,33957,10
12.92241955,80.14212799,33957,33967,10
12.92238045,80.1415863,33967,33977,10
12.92236042,80.14141083,33977,33987,10
12.92234039,80.14115143,33987,33998,11
12.92236042,80.14061737,33998,34008,10
12.92238998,80.14008331,34008,34018,10
12.92236042,80.13932037,34018,34028,10
12.92238045,80.13848114,34028,34038,10
12.92243004,80.13764191,34038,34048,10
12.92247963,80.13664246,34048,34057,9
12.92253017,80.13575745,34057,34068,11
12.92255974,80.13484192,34068,34078,10
12.92259979,80.13392639,34078,34088,10
12.92263031,80.13301849,34088,34099,11
12.92265987,80.13223267,34099,34109,10
12.92269039,80.13152313,34109,34119,10
12.9226799,80.13127899,34119,34129,10
12.92271042,80.13089752,34129,34139,10
12.92275047,80.13023376,34139,34149,10
12.92280006,80.12956238,34149,34159,10
12.92288017,80.12886047,34159,34167,8
12.92288971,80.12837219,34167,34179,12
12.9229002,80.12770844,34179,34189,10
12.9229002,80.12715912,34189,34199,10
12.92288971,80.12644196,34199,34209,10
12.92290974,80.12574005,34209,34220,11
12.92296028,80.12492371,34220,34230,10
12.92300034,80.12397766,34230,34241,11
12.9230299,80.12294006,34241,34251,10
12.92308998,80.12181854,34251,34261,10
12.92313957,80.12111664,34261,34271,10
12.92313004,80.12110138,34271,34281,10
12.92317009,80.12075806,34281,34301,20
12.92317009,80.12075806,34301,34312,11
12.9231596,80.12071228,34312,34322,10
12.92317009,80.12049103,34322,34332,10
12.92321014,80.12020874,34332,34342,10
12.9232502,80.12004089,34342,34352,10
12.92327976,80.11949158,34352,34362,10
12.92327976,80.11898041,34362,34372,10
12.92327976,80.11847687,34372,34382,10
12.92333984,80.1180191,34382,34392,10
12.92339993,80.11692047,34392,34432,40
12.92339993,80.11692047,34432,34443,11
12.9236002,80.11682129,34443,34483,40
12.9236002,80.11682129,34483,34493,10
12.9236002,80.11714172,34493,34503,10
12.92364025,80.11746216,34503,34513,10
12.92370033,80.11779785,34513,34523,10
12.92358971,80.11813354,34523,34534,11
12.92354012,80.11876678,34534,34544,10
12.92345047,80.11940002,34544,34554,10
12.9233799,80.12006378,34554,34564,10
12.92335987,80.12069702,34564,34594,30
12.92335987,80.12069702,34594,34604,10
12.92333031,80.12095642,34604,34635,31
12.92325974,80.12109375,34635,34695,60
12.92325974,80.12109375,34695,34705,10
12.92331982,80.12123108,34705,34715,10
12.92331028,80.12142181,34715,34877,162
12.92331028,80.12142181,34877,34887,10
12.92323971,80.12162018,34887,34897,10
12.92323971,80.12197876,34897,34907,10
12.92321968,80.12248993,34907,34917,10
12.92317963,80.12312317,34917,34927,10
12.92313004,80.12380981,34927,34937,10
12.92308044,80.12457275,34937,34948,11
12.92304039,80.12550354,34948,34998,50
12.92304039,80.12550354,34998,35008,10
12.92300987,80.12571716,35008,35018,10
12.92298031,80.12626648,35018,35028,10
12.92294979,80.12708282,35028,35038,10
12.92292023,80.1276474,35038,35048,10
12.92294979,80.12805176,35048,35059,11
12.9229002,80.12853241,35059,35069,10
12.92282963,80.12922668,35069,35079,10
12.92280006,80.12993622,35079,35089,10
12.92278004,80.13063812,35089,35099,10
12.92278004,80.13117981,35099,35109,10
12.92278957,80.13136292,35109,35119,10
12.92276955,80.13194275,35119,35129,10
12.92273998,80.13269806,35129,35139,10
12.92269039,80.13356018,35139,35149,10
12.92265034,80.13452911,35149,35159,10
12.92261028,80.13540649,35159,35170,11
12.92255974,80.13652039,35170,35180,10
12.92249966,80.13732147,35180,35190,10
12.92243004,80.13819122,35190,35200,10
12.92236042,80.13916779,35200,35210,10
12.92238045,80.14025116,35210,35220,10
12.92240047,80.1412735,35220,35230,10
12.92249012,80.14286041,35230,35260,30
12.92249012,80.14286041,35260,35270,10
12.92253017,80.1431427,35270,35281,11
12.9225502,80.14362335,35281,35291,10
12.9225502,80.1436615,35291,35301,10
12.92257023,80.14395905,35301,35311,10
12.92253971,80.14465332,35311,35321,10
12.92257977,80.1455307,35321,35331,10
12.92265034,80.1472702,35331,35359,28
12.92265034,80.1472702,35359,35369,10
12.92265034,80.14768219,35369,35379,10
12.92263031,80.14829254,35379,35389,10
12.92263985,80.14914703,35389,35401,12
12.92267036,80.15029907,35401,35411,10
12.92273045,80.1516037,35411,35441,30
12.92273045,80.1516037,35441,35451,10
12.92271996,80.15181732,35451,35461,10
12.92278004,80.15229797,35461,35471,10
12.92296028,80.15303802,35471,35481,10
12.92317963,80.15393829,35481,35492,11
12.92339039,80.15466309,35492,35502,10
12.92339993,80.15470123,35502,35512,10
12.92348957,80.15511322,35512,35522,10
12.92366028,80.15583801,35522,35532,10
12.92364025,80.1568222,35532,35542,10
12.92354012,80.15791321,35542,35552,10
12.92346001,80.15898895,35552,35562,10
12.92331982,80.16029358,35562,35582,20
12.92331982,80.16029358,35582,35593,11
12.92317963,80.16069794,35593,35603,10
12.92296982,80.16139984,35603,35613,10
12.92265034,80.16233826,35613,35623,10
12.92232037,80.16336823,35623,35633,10
12.92203999,80.16426086,35633,35643,10
12.92171955,80.1652298,35643,35653,10
12.92138958,80.16628265,35653,35663,10
12.92103004,80.16737366,35663,35673,10
12.92074013,80.16828156,35673,35683,10
12.92043018,80.1692276,35683,35693,10
12.92012024,80.17024231,35693,35704,11
12.91991997,80.17093658,35704,35714,10
12.91991997,80.17095184,35714,35724,10
12.91985035,80.17118073,35724,35734,10
12.91963005,80.17182159,35734,35744,10
12.91938019,80.1726532,35744,35754,10
12.91911983,80.17359924,35754,35764,10
12.91886044,80.17469788,35764,35774,10
12.91860008,80.17575836,35774,35784,10
12.91835976,80.17675781,35784,35793,9
12.91825962,80.17778778,35793,35804,11
12.91889,80.17884827,35804,35815,11
12.91940022,80.17996979,35815,35825,10
12.91963959,80.18113708,35825,35835,10
12.91983986,80.18224335,35835,35845,10
12.92012024,80.18334198,35845,35855,10
12.92029953,80.18390656,35855,35865,10
12.92045975,80.18399811,35865,35885,20
12.92045975,80.18399811,35885,35895,10
12.92090034,80.18382263,35895,35905,10
12.92154026,80.18357086,35905,35916,11
12.92249012,80.18319702,35916,35926,10
12.92341995,80.18302155,35926,35936,10
12.92430973,80.1828537,35936,35946,10
12.92535019,80.18267822,35946,35956,10
12.92646027,80.18247986,35956,35966,10
12.92761993,80.18222809,35966,35976,10
12.92881012,80.18196106,35976,35986,10
12.92990971,80.18167877,35986,35996,10
12.93142033,80.18151855,35996,36016,20
12.93142033,80.18151855,36016,36027,11
12.93165016,80.18154144,36027,36037,10
12.93225956,80.18164063,36037,36047,10
12.93309021,80.18183136,36047,36057,10
12.93397999,80.18208313,36057,36067,10
12.93478966,80.18229675,36067,36077,10
12.93535995,80.18235779,36077,36087,10
12.93542004,80.18238068,36087,36097,10
12.93558979,80.18237305,36097,36107,10
12.93587017,80.18232727,36107,36117,10
12.93610954,80.18229675,36117,36128,11
12.93644047,80.18226624,36128,36138,10
12.93696022,80.18224335,36138,36148,10
12.93770027,80.18221283,36148,36158,10
12.93883991,80.18234253,36158,36188,30
12.93883991,80.18234253,36188,36198,10
12.93902969,80.18237305,36198,36208,10
12.93916035,80.18241882,36208,36218,10
12.9395504,80.18254852,36218,36228,10
12.94019032,80.18267822,36228,36239,11
12.94104004,80.18270111,36239,36249,10
12.94188023,80.1827774,36249,36259,10
12.94287968,80.18289948,36259,36269,10
12.94386005,80.18292236,36269,36279,10
12.94456959,80.18293762,36279,36299,20
12.94456959,80.18293762,36299,36309,10
12.94495964,80.18295288,36309,36319,10
12.9456501,80.18308258,36319,36329,10
12.94633007,80.18360901,36329,36340,11
12.94705009,80.18421936,36340,36350,10
12.94764042,80.18466187,36350,36360,10
12.9483099,80.18501282,36360,36370,10
12.94876003,80.18515015,36370,36390,20
12.94876003,80.18515015,36390,36400,10
12.94886971,80.18518066,36400,36410,10
12.94917965,80.1852417,36410,36420,10
12.94944,80.18536377,36420,36430,10
12.94983959,80.1855011,36430,36440,10
12.95040035,80.18569183,36440,36451,11
12.95121956,80.18595123,36451,36461,10
12.95205975,80.18621063,36461,36471,10
12.95289993,80.18641663,36471,36481,10
12.95372963,80.18656158,36481,36491,10
12.95452976,80.18668365,36491,36501,10
12.95530987,80.18678284,36501,36511,10
12.95567036,80.18683624,36511,36521,10
12.95604992,80.18688965,36521,36541,20
12.95604992,80.18688965,36541,36552,11
12.9562397,80.18685913,36552,36562,10
12.95652962,80.18692017,36562,36572,10
12.95697975,80.1869812,36572,36582,10
12.95736027,80.18699646,36582,36592,10
12.9579401,80.18701935,36592,36602,10
12.95862007,80.18701935,36602,36612,10
12.95928001,80.18704224,36612,36622,10
12.96006012,80.18710327,36622,36632,10
12.96059036,80.18711853,36632,36642,10
12.96100044,80.18720245,36642,36652,10
12.96144009,80.18728638,36652,36663,11
12.9615202,80.18730164,36663,36673,10
12.96173954,80.18733978,36673,36683,10
12.96216965,80.18743134,36683,36693,10
12.96278,80.18753815,36693,36703,10
12.96343994,80.18768311,36703,36713,10
12.96401978,80.18785095,36713,36723,10
12.96426964,80.18791962,36723,36733,10
12.96467972,80.18805695,36733,36743,10
12.96508026,80.18818665,36743,36753,10
12.96553993,80.18840027,36753,36774,21
12.96553993,80.18840027,36774,36784,10
12.96574974,80.18847656,36784,36794,10
12.96607971,80.18862915,36794,36804,10
12.96656036,80.18881989,36804,36814,10
12.96710014,80.18904877,36814,36824,10
12.96751976,80.1892395,36824,36834,10
12.96827984,80.18953705,36834,36854,20
12.96827984,80.18953705,36854,36864,10
12.96835041,80.18962097,36864,36875,11
12.9685297,80.18972015,36875,36885,10
12.96891022,80.18988037,36885,36895,10
12.96930027,80.19006348,36895,36905,10
12.96977997,80.19024658,36905,36915,10
12.97029018,80.19049072,36915,36925,10
12.97058964,80.19061279,36925,36935,10
12.97070026,80.1906662,36935,36945,10
12.97089958,80.19074249,36945,36955,10
12.97101974,80.19078827,36955,36965,10
12.97117043,80.1908493,36965,36975,10
12.97136974,80.19091797,36975,36986,11
12.97159004,80.19106293,36986,36996,10
12.97192001,80.19120789,36996,37006,10
12.97241974,80.19142151,37006,37016,10
12.97268009,80.1914978,37016,37036,20
12.97268009,80.1914978,37036,37046,10
12.9727602,80.19152069,37046,37056,10
12.97305012,80.1916275,37056,37066,10
12.97356033,80.19181824,37066,37076,10
12.97420025,80.19204712,37076,37087,11
12.97480011,80.19228363,37087,37097,10
12.97527981,80.19246674,37097,37107,10
12.97579956,80.19277191,37107,37117,10
12.97616959,80.19309235,37117,37127,10
12.97659016,80.19339752,37127,37137,10
12.97716999,80.19367218,37137,37147,10
12.97762966,80.19377899,37147,37157,10
12.97813988,80.19387054,37157,37177,20
12.97813988,80.19387054,37177,37187,10
12.97844028,80.19393921,37187,37198,11
12.97891998,80.19412231,37198,37208,10
12.97937965,80.19439697,37208,37218,10
12.9797802,80.19467926,37218,37228,10
12.98029995,80.19503021,37228,37237,9
12.98106003,80.19538879,37237,37258,21
12.98106003,80.19538879,37258,37268,10
12.98128033,80.19551849,37268,37278,10
12.98169994,80.19573975,37278,37288,10
12.98213959,80.19597626,37288,37298,10
12.98243999,80.19609833,37298,37309,11
12.98285961,80.19632721,37309,37319,10
12.98311043,80.19628143,37319,37329,10
12.98348045,80.19608307,37329,37339,10
12.98419952,80.195961,37339,37349,10
12.98519039,80.19593811,37349,37359,10
12.98622036,80.19580078,37359,37369,10
12.98717976,80.19551086,37369,37379,10
12.98803997,80.19535828,37379,37389,10
12.98894978,80.19539642,37389,37399,10
12.98985004,80.19542694,37399,37410,11
12.99075031,80.19509125,37410,37420,10
12.99112034,80.19452667,37420,37440,20
12.99112034,80.19452667,37440,37450,10
12.99125957,80.19438171,37450,37460,10
12.99151039,80.19393921,37460,37470,10
12.99207973,80.19338989,37470,37480,10
12.99298954,80.19335938,37480,37490,10
12.99400043,80.1933136,37490,37500,10
12.99491978,80.19329834,37500,37516,16
12.99639034,80.19328308,37516,37529,13
12.9967804,80.19313812,37529,37539,10
12.99666977,80.19264221,37539,37549,10
12.99650002,80.19203949,37549,37559,10
12.99631977,80.19139862,37559,37569,10
12.99610996,80.19068146,37569,37578,9
12.99584961,80.18952179,37578,37650,72
12.99584961,80.18952179,37650,37660,10
12.99596024,80.18933868,37660,37670,10
12.99617958,80.18932343,37670,37680,10
12.99654007,80.18974304,37680,37690,10
12.99703026,80.19033813,37690,37700,10
12.99761963,80.19104767,37700,37710,10
12.99822044,80.1918335,37710,37720,10
12.99868965,80.19248199,37720,37730,10
12.99909973,80.19291687,37730,37741,11
12.99932957,80.1932373,37741,37751,10
12.99954033,80.19351959,37751,37761,10
12.99979973,80.1938324,37761,37771,10
13.00024033,80.19441986,37771,37781,10
13.00080013,80.19509125,37781,37792,11
13.00119972,80.19564056,37792,37800,8
13.00123978,80.19564819,37800,37812,12
13.00154018,80.19602203,37812,37822,10
13.00197029,80.19656372,37822,37833,11
13.00209999,80.19753265,37833,37844,11
13.00187016,80.19864655,37844,37854,10
13.00179958,80.19950867,37854,37865,11
13.00224972,80.20036316,37865,37875,10
13.00304985,80.20069122,37875,37885,10
13.00376034,80.20078278,37885,37905,20
13.00376034,80.20078278,37905,37915,10
13.00415993,80.20095062,37915,37925,10
13.00473022,80.20115662,37925,37935,10
13.00553036,80.20172119,37935,37945,10
13.00599957,80.20252228,37945,37956,11
13.00660992,80.20324707,37956,37966,10
13.00739002,80.20362091,37966,37976,10
13.00817966,80.20365143,37976,37986,10
13.00837994,80.20298004,37986,37996,10
13.00761032,80.20298004,37996,38006,10
13.00759983,80.20397949,38006,38016,10
13.00761986,80.2049408,38016,38026,10
13.00769997,80.20604706,38026,38036,10
13.00788975,80.20713806,38036,38046,10
13.00802994,80.20819092,38046,38057,11
13.00817013,80.20928955,38057,38067,10
13.00846004,80.21012878,38067,38077,10
13.00914955,80.21077728,38077,38127,50
13.00914955,80.21077728,38127,38137,10
13.00932026,80.2109375,38137,38147,10
13.0093298,80.21096039,38147,38164,17
13.00936031,80.21108246,38164,38176,12
13.00922012,80.21124268,38176,38186,10
13.00905037,80.21147156,38186,38195,9
13.00909996,80.21186066,38195,38207,12
13.00934029,80.21266174,38207,38219,12
13.00963974,80.21343994,38219,38229,10
13.00992966,80.21411133,38229,38239,10
13.01014996,80.21479797,38239,38249,10
13.01025009,80.21560669,38249,38259,10
13.01058006,80.21643829,38259,38269,10
13.01101971,80.21734619,38269,38280,11
13.01144028,80.21845245,38280,38290,10
13.01177979,80.21945953,38290,38313,23
13.0124197,80.22129822,38313,38325,12
13.01257992,80.22155762,38325,38335,10
13.01272011,80.22183228,38335,38345,10
13.01305008,80.22228241,38345,38355,10
13.01352024,80.22277832,38355,38365,10
13.01395988,80.22322083,38365,38375,10
13.01408005,80.22344208,38375,38386,11
13.01422977,80.22361755,38386,38396,10
13.01441956,80.22377014,38396,38406,10
13.01471043,80.22409821,38406,38416,10
13.01513004,80.22467804,38416,38426,10
13.01558018,80.22505951,38426,38446,20
13.01558018,80.22505951,38446,38456,10
13.01574993,80.22524261,38456,38466,10
13.01628971,80.22534943,38466,38476,10
13.01704979,80.22509003,38476,38487,11
13.01793957,80.22471619,38487,38497,10
13.0187397,80.22440338,38497,38507,10
13.01947021,80.22438049,38507,38517,10
13.01976013,80.22454834,38517,38537,20
13.01976013,80.22454834,38537,38547,10
13.01994991,80.22476959,38547,38557,10
13.02036953,80.22503662,38557,38567,10
13.02099037,80.22545624,38567,38577,10
13.02165985,80.22595215,38577,38586,9
13.02217007,80.22631836,38586,38598,12
13.02219009,80.22634888,38598,38608,10
13.02250004,80.22663116,38608,38618,10
13.02301025,80.22708893,38618,38628,10
13.02355957,80.22762299,38628,38638,10
13.02404022,80.22807312,38638,38648,10
13.02416992,80.22820282,38648,38658,10
13.02431011,80.2284317,38658,38688,30
13.02431011,80.2284317,38688,38699,11
13.02443027,80.22860718,38699,38709,10
13.02476025,80.22907257,38709,38719,10
13.02519989,80.22962189,38719,38729,10
13.02563953,80.2302475,38729,38739,10
13.02595997,80.23097992,38739,38769,30
13.02595997,80.23097992,38769,38779,10
13.02595997,80.23119354,38779,38789,10
13.02622032,80.23136902,38789,38799,10
13.02686977,80.23116302,38799,38810,11
13.02760029,80.23095703,38810,38820,10
13.02803993,80.23094177,38820,38830,10
13.02853012,80.23084259,38830,38840,10
13.02904034,80.2308197,38840,38850,10
13.02925014,80.23078918,38850,38860,10
13.02945042,80.23078918,38860,38870,10
13.02976036,80.23075867,38870,38880,10
13.03003025,80.23072815,38880,38981,101
13.03003025,80.23072815,38981,38991,10
13.03030968,80.23069763,38991,39000,9
13.03052044,80.23068237,39000,39011,11
13.03092003,80.23065186,39011,39022,11
13.0314703,80.23059845,39022,39031,9
13.03199959,80.2305603,39031,39042,11
13.03275967,80.23046875,39042,39052,10
13.03351021,80.2304306,39052,39062,10
13.03415966,80.23040771,39062,39082,20
13.03415966,80.23040771,39082,39092,10
13.03437996,80.23034668,39092,39102,10
13.03452969,80.23033142,39102,39112,10
13.03491974,80.23016357,39112,39153,41
13.03491974,80.23016357,39153,39163,10
13.03487968,80.22992706,39163,39173,10
13.03450966,80.22988129,39173,39688,515
13.03450966,80.22988129,39688,39698,10
13.03425026,80.22988129,39698,39910,212
13.03425026,80.22988129,39910,39920,10
13.03415012,80.23016357,39920,39930,10
13.03415012,80.23029327,39930,39940,10
13.03409004,80.23040009,39940,39950,10
13.0339098,80.23045349,39950,39960,10
13.03345966,80.23047638,39960,39970,10
13.03275967,80.2305603,39970,39980,10
13.03197956,80.23062134,39980,39991,11
13.03129959,80.23069,39991,40041,50
13.03129959,80.23069,40041,40051,10
13.03114986,80.23065948,40051,40061,10
13.03087044,80.23069,40061,40071,10
13.0306797,80.23072052,40071,40081,10
13.03028965,80.23075867,40081,40091,10
13.02985954,80.2307663,40091,40102,11
13.02935982,80.23085022,40102,40112,10
13.02867985,80.23090363,40112,40122,10
13.02812004,80.2309494,40122,40131,9
13.0276804,80.23097229,40131,40142,11
13.02758026,80.23121643,40142,40152,10
13.02766037,80.23178864,40152,40162,10
13.02779007,80.23239136,40162,40172,10
13.02764034,80.23281097,40172,40182,10
13.02705956,80.23291779,40182,40192,10
13.02694988,80.23291779,40192,40203,11
13.02680016,80.23291779,40203,40213,10
13.02643967,80.23291779,40213,40223,10
13.02620029,80.23239899,40223,40233,10
13.02608967,80.23207092,40233,40243,10
13.02606964,80.23200989,40243,40253,10
13.0260601,80.23188019,40253,40263,10
13.02595043,80.23146057,40263,40273,10
13.02579975,80.23088074,40273,40283,10
13.02538967,80.2301178,40283,40293,10
13.02488041,80.22939301,40293,40303,10
13.02443981,80.22885895,40303,40314,11
13.02396011,80.22827911,40314,40324,10
13.02365971,80.22789764,40324,40334,10
13.02326012,80.22754669,40334,40344,10
13.02295017,80.22737885,40344,40354,10
13.02293968,80.22737885,40354,40364,10
13.02262974,80.22711945,40364,40373,9
13.02256012,80.22695923,40373,40384,11
13.02221966,80.22653961,40384,40394,10
13.02165985,80.22605133,40394,40404,10
13.02093983,80.22548676,40404,40414,10
13.01998043,80.2248764,40414,40435,21
13.01998043,80.2248764,40435,40445,10
13.0197401,80.22467804,40445,40455,10
13.0191803,80.22447968,40455,40465,10
13.01830959,80.22466278,40465,40475,10
13.01729965,80.2250824,40475,40485,10
13.01646042,80.22541046,40485,40495,10
13.0156498,80.22569275,40495,40505,10
13.01482964,80.22602844,40505,40515,10
13.01436043,80.22619629,40515,40525,10
13.01420021,80.22625732,40525,40536,11
13.01369953,80.22641754,40536,40546,10
13.01298046,80.22669983,40546,40556,10
13.01198006,80.22707367,40556,40566,10
13.0109396,80.22750092,40566,40576,10
13.01004982,80.22783661,40576,40586,10
13.00957966,80.22779846,40586,40602,16
13.00981045,80.22691345,40602,40614,12
13.01029968,80.22577667,40614,40624,10
13.0105896,80.22512817,40624,40634,10
13.01064014,80.2250824,40634,40645,11
13.01082993,80.22450256,40645,40655,10
13.01144028,80.22328949,40655,40685,30
13.01144028,80.22328949,40685,40695,10
13.01158047,80.22296143,40695,40705,10
13.01181984,80.22228241,40705,40715,10
13.01214981,80.22136688,40715,40725,10
13.01200962,80.22045898,40725,40734,9
13.01167965,80.21952057,40734,40746,12
13.01128006,80.21829224,40746,40756,10
13.01074028,80.21697235,40756,40766,10
13.01016045,80.21598053,40766,40776,10
13.00973988,80.2151413,40776,40786,10
13.0093298,80.21459198,40786,40796,10
13.00885963,80.21395874,40796,40806,10
13.00821972,80.21336365,40806,40816,10
13.00792027,80.21318817,40816,40826,10
13.00782013,80.21309662,40826,40836,10
13.00759029,80.21289825,40836,40846,10
13.00695992,80.2127533,40846,40857,11
13.00611973,80.21282959,40857,40867,10
13.00547028,80.21279907,40867,40877,10
13.00477982,80.21244049,40877,40887,10
13.00409985,80.21212769,40887,40897,10
13.00370979,80.21196747,40897,40907,10
13.00366974,80.21157837,40907,40917,10
13.00362015,80.21085358,40917,40927,10
13.00352001,80.21003723,40927,40937,10
13.0035696,80.20919037,40937,40947,10
13.00389004,80.20861053,40947,40958,11
13.00481987,80.208992,40958,40968,10
13.00584984,80.20941162,40968,40977,9
13.0065403,80.20963287,40977,40988,11
13.0071497,80.20977783,40988,40998,10
13.00726986,80.20980072,40998,41008,10
13.00776958,80.20986938,41008,41018,10
13.00809002,80.20996094,41018,41028,10
13.00813961,80.2095871,41028,41038,10
13.00796986,80.20884705,41038,41048,10
13.00776958,80.20783234,41048,41058,10
13.00763035,80.2067337,41058,41069,11
13.00743008,80.20571899,41069,41079,10
13.00712967,80.20490265,41079,41089,10
13.00687981,80.20445251,41089,41099,10
13.00642967,80.20368195,41099,41109,10
13.00590038,80.20292664,41109,41119,10
13.00559998,80.20240021,41119,41129,10
13.00527,80.20182037,41129,41139,10
13.0046196,80.20131683,41139,41149,10
13.00399971,80.20110321,41149,41169,20
13.00399971,80.20110321,41169,41180,11
13.00405025,80.20089722,41180,41190,10
13.00374031,80.20084381,41190,41200,10
13.00314045,80.20075989,41200,41210,10
13.00238991,80.20053101,41210,41220,10
13.00183964,80.20001984,41220,41229,9
13.00164986,80.19954681,41229,41240,11
13.00166035,80.19917297,41240,41250,10
13.00177956,80.1984787,41250,41260,10
13.00187969,80.19754791,41260,41270,10
13.00177002,80.1966095,41270,41281,11
13.00113964,80.19580841,41281,41291,10
13.00055981,80.19503784,41291,41301,10
12.99993992,80.19418335,41301,41311,10
12.9991703,80.19329071,41311,41321,10
12.99857998,80.19258118,41321,41331,10
12.9980402,80.19242096,41331,41341,10
12.9974699,80.19288635,41341,41351,10
12.99707031,80.19325256,41351,41361,10
12.99691963,80.19333649,41361,41371,10
12.99658012,80.19338989,41371,41381,10
12.99588013,80.19338989,41381,41392,11
12.99477959,80.19341278,41392,41402,10
12.99363041,80.19342041,41402,41412,10
12.99262047,80.19342804,41412,41422,10
12.99178028,80.19361115,41422,41432,10
12.99139023,80.19428253,41432,41442,10
12.99129963,80.19441986,41442,41452,10
12.99116993,80.19467163,41452,41462,10
12.99106979,80.19477844,41462,41472,10
12.99073982,80.19519043,41472,41482,10
12.99007034,80.19554138,41482,41492,10
12.98904991,80.19551849,41492,41503,11
12.98781967,80.19554138,41503,41513,10
12.98678017,80.1958313,41513,41523,10
12.98558044,80.19618225,41523,41532,9
12.98441029,80.19618225,41532,41543,11
12.98338032,80.19634247,41543,41553,10
12.98311996,80.19641876,41553,41563,10
12.98272991,80.1966629,41563,41573,10
12.98229027,80.19705963,41573,41583,10
12.98223972,80.19712067,41583,41593,10
12.98209953,80.19698334,41593,41604,11
12.98213005,80.19692993,41604,41614,10
12.98241043,80.1967392,41614,41624,10
12.98274994,80.1965332,41624,41634,10
12.98272991,80.19631195,41634,41644,10
12.98237991,80.19611359,41644,41654,10
12.98163986,80.19574738,41654,41674,20
12.98163986,80.19574738,41674,41684,10
12.98159981,80.1957016,41684,41694,10
12.98136997,80.19560242,41694,41704,10
12.98087978,80.19537354,41704,41725,21
12.98087978,80.19537354,41725,41735,10
12.98083019,80.19529724,41735,41745,10
12.9803896,80.19509125,41745,41755,10
12.97972012,80.19470215,41755,41765,10
12.97916985,80.19431305,41765,41775,10
12.97854042,80.19400024,41775,41785,10
12.97764015,80.19381714,41785,41805,20
12.97764015,80.19381714,41805,41815,10
12.97745037,80.19377899,41815,41826,11
12.97704029,80.19364166,41826,41836,10
12.97663021,80.1934433,41836,41846,10
12.97626972,80.19313812,41846,41856,10
12.97581005,80.19281006,41856,41866,10
12.97509003,80.19242859,41866,41947,81
12.97486019,80.19233704,41947,42017,70
12.97486019,80.19233704,42017,42027,10
12.97463989,80.19225311,42027,42088,61
12.97463989,80.19225311,42088,42098,10
12.97441959,80.19213867,42098,42118,20
12.97441959,80.19213867,42118,42128,10
12.97418976,80.19207764,42128,42138,10
12.97389984,80.19199371,42138,42169,31
12.97389984,80.19199371,42169,42179,10
12.97360992,80.19184875,42179,42199,20
12.97360992,80.19184875,42199,42215,16
12.97354984,80.19181824,42215,42227,12
12.97340012,80.19178009,42227,42247,20
12.97340012,80.19178009,42247,42258,11
12.97331047,80.1917038,42258,42267,9
12.97315025,80.19164276,42267,42278,11
12.97299957,80.19161224,42278,42307,29
12.97299957,80.19161224,42307,42318,11
12.97284031,80.19155884,42318,42328,10
12.97278023,80.19154358,42328,42338,10
12.9727602,80.19154358,42338,42348,10
12.97257042,80.1914978,42348,42359,11
12.97216034,80.19135284,42359,42369,10
12.97212029,80.19132233,42369,42379,10
12.97200966,80.19125366,42379,42389,10
12.97173977,80.19113922,42389,42399,10
12.97171021,80.19113159,42399,42409,10
12.97144985,80.19100952,42409,42419,10
12.97132015,80.19093323,42419,42429,10
12.97122955,80.19087982,42429,42439,10
12.97109032,80.19085693,42439,42449,10
12.97101021,80.19081879,42449,42459,10
12.97072983,80.1907196,42459,42470,11
12.9702301,80.1905365,42470,42480,10
12.96973991,80.19032288,42480,42490,10
12.96907997,80.18997955,42490,42500,10
12.96870995,80.18979645,42500,42510,10
12.96804047,80.18946075,42510,42530,20
12.96804047,80.18946075,42530,42540,10
12.9676199,80.18929291,42540,42550,10
12.96708012,80.18907928,42550,42560,10
12.96652985,80.18888855,42560,42577,17
12.96611977,80.18872833,42577,42589,12
12.96584988,80.18859863,42589,42599,10
12.96539974,80.18840027,42599,42619,20
12.96539974,80.18840027,42619,42629,10
12.96510983,80.18830109,42629,42639,10
12.96494007,80.18820953,42639,42649,10
12.96492958,80.18820953,42649,42658,9
12.9647398,80.18813324,42658,42668,10
12.96432972,80.18798828,42668,42679,11
12.96358013,80.18778992,42679,42690,11
12.96277046,80.18760681,42690,42700,10
12.96191025,80.18743896,42700,42710,10
12.96113968,80.18733978,42710,42720,10
12.96063042,80.1872406,42720,42730,10
12.96032047,80.18718719,42730,42740,10
12.9598999,80.18713379,42740,42750,10
12.9594698,80.18708801,42750,42760,10
12.95897961,80.18704987,42760,42770,10
12.95849991,80.18701172,42770,42780,10
12.95794964,80.18701935,42780,42790,10
12.95718956,80.18701935,42790,42807,17
12.95592976,80.18695831,42807,42819,12
12.95584965,80.18695068,42819,42829,10
12.95573044,80.18692017,42829,42839,10
12.95559025,80.18688965,42839,42849,10
12.9552002,80.18683624,42849,42859,10
12.95458031,80.18675232,42859,42867,8
12.95396996,80.1866684,42867,42880,13
12.95277977,80.18649292,42880,42890,10
12.95178032,80.18621063,42890,42900,10
12.95077038,80.1858902,42900,42911,11
12.94958973,80.18550873,42911,42931,20
12.94958973,80.18550873,42931,42941,10
12.94956017,80.18547821,42941,42951,10
12.94929028,80.18540192,42951,42974,23
12.94845963,80.18511963,42974,42986,12
12.94785976,80.18489838,42986,42996,10
12.94738007,80.18457031,42996,43006,10
12.94680023,80.18412018,43006,43017,11
12.94608021,80.18356323,43017,43027,10
12.94540024,80.18308258,43027,43036,9
12.94466972,80.18302917,43036,43047,11
12.94433975,80.18302917,43047,43059,12
12.94367981,80.18299103,43059,43069,10
12.94297028,80.18296051,43069,43079,10
12.94217968,80.18289185,43079,43089,10
12.94134998,80.18280029,43089,43099,10
12.94069004,80.1827774,43099,43108,9
12.94019985,80.18276215,43108,43120,12
12.93949986,80.18258667,43120,43130,10
12.93949986,80.18257904,43130,43140,10
12.93935966,80.18251038,43140,43150,10
12.93896961,80.18244934,43150,43160,10
12.93865013,80.18235779,43160,43170,10
12.93795013,80.18225861,43170,43180,10
12.93704033,80.18225098,43180,43190,10
12.93605995,80.18232727,43190,43200,10
12.93537045,80.18241882,43200,43210,10
12.93515968,80.18240356,43210,43220,10
12.93492031,80.18235016,43220,43231,11
12.93435001,80.18222046,43231,43241,10
12.93352032,80.18199921,43241,43250,9
12.93262959,80.18179321,43250,43261,11
12.9309597,80.18157959,43261,43281,20
12.9309597,80.18157959,43281,43291,10
12.93085003,80.18157959,43291,43301,10
12.93031979,80.18161774,43301,43311,10
12.92957973,80.18179321,43311,43321,10
12.92870998,80.18199158,43321,43332,11
12.92759037,80.18225861,43332,43342,10
12.92654037,80.18247986,43342,43352,10
12.92558956,80.18264771,43352,43362,10
12.92459965,80.18280792,43362,43372,10
12.92374039,80.18296814,43372,43382,10
12.92313004,80.18306732,43382,43392,10
12.92253971,80.18319702,43392,43402,10
12.92183971,80.18345642,43402,43412,10
12.92127991,80.18366241,43412,43453,41
12.92127991,80.18366241,43453,43463,10
12.92117977,80.18374634,43463,43473,10
12.92088985,80.18386078,43473,43483,10
12.9205904,80.18398285,43483,43564,81
12.9205904,80.18398285,43564,43574,10
12.9201498,80.18405914,43574,43584,10
12.9200201,80.18356323,43584,43594,10
12.91989994,80.18289185,43594,43604,10
12.91983986,80.18257904,43604,43614,10
12.91979027,80.18231201,43614,43624,10
12.9196701,80.18167877,43624,43634,10
12.91952038,80.18087769,43634,43644,10
12.91932011,80.18003082,43644,43654,10
12.91893959,80.17916107,43654,43665,11
12.91835976,80.1783371,43665,43675,10
12.91819954,80.17733002,43675,43685,10
12.91839981,80.17624664,43685,43695,10
12.91868973,80.1751709,43695,43705,10
12.91897964,80.17401886,43705,43715,10
12.91926956,80.17282104,43715,43725,10
12.91954041,80.17176056,43725,43735,10
12.91977024,80.17098999,43735,43745,10
12.9197998,80.17086029,43745,43755,10
12.91991043,80.17051697,43755,43766,11
12.9201498,80.1697464,43766,43776,10
12.92047024,80.16880035,43776,43786,10
12.92078972,80.16782379,43786,43796,10
12.92111969,80.16676331,43796,43806,10
12.92148018,80.16564178,43806,43816,10
12.9218502,80.16452026,43816,43826,10
12.92208958,80.16371918,43826,43836,10
12.92234993,80.16290283,43836,43846,10
12.92263985,80.1619873,43846,43856,10
12.92294025,80.16108704,43856,43866,10
12.92319965,80.1602478,43866,43877,11
12.92337036,80.15908051,43877,43887,10
12.92345047,80.15804291,43887,43897,10
12.92352962,80.15704346,43897,43907,10
12.9236002,80.15619659,43907,43917,10
12.92350006,80.15556335,43917,43927,10
12.92339993,80.1552887,43927,43937,10
12.92339993,80.15527344,43937,43947,10
12.92333984,80.15496826,43947,43957,10
12.92321014,80.15440369,43957,43973,16
12.92302036,80.15358734,43973,43985,12
12.92284966,80.15297699,43985,43996,11
12.92271042,80.15229797,43996,44006,10
12.92261982,80.1515274,44006,44016,10
12.92259026,80.15062714,44016,44023,7
12.92257977,80.15006256,44023,44036,13
12.92251015,80.14880371,44036,44046,10
12.92253017,80.14801025,44046,44056,10
12.92251968,80.14750671,44056,44066,10
12.92251968,80.1469574,44066,44076,10
12.92253017,80.14682007,44076,44086,10
12.92253017,80.14629364,44086,44097,11
12.92247963,80.14537811,44097,44107,10
12.92234993,80.14325714,44107,44162,55
12.92234993,80.14325714,44162,44172,10
12.92240047,80.14304352,44172,44182,10
12.92241955,80.14276886,44182,44192,10
12.92241001,80.14224243,44192,44203,11
12.92241001,80.14163208,44203,44213,10
12.92238998,80.14063263,44213,44233,20
12.92238998,80.14063263,44233,44245,12
12.92238045,80.14012146,44245,44255,10
12.92236042,80.13944244,44255,44264,9
12.92241001,80.13877869,44264,44274,10
12.92247963,80.13804626,44274,44285,11
12.92249966,80.13704681,44285,44295,10
12.92253971,80.1360321,44295,44305,10
12.92253971,80.1350174,44305,44316,11
12.92257977,80.13388824,44316,44326,10
12.92261982,80.13303375,44326,44336,10
12.92259979,80.13230133,44336,44346,10
12.92263985,80.13136292,44346,44356,10
12.92269993,80.13056946,44356,44366,10
12.92275047,80.12992096,44366,44376,10
12.92276955,80.12976837,44376,44386,10
12.9228096,80.12928772,44386,44396,10
12.92286015,80.12853241,44396,44406,10
12.92288017,80.12767792,44406,44417,11
12.9229002,80.12693024,44417,44427,10
12.92288971,80.12612152,44427,44437,10
12.92288017,80.12586212,44437,44447,10
12.9229002,80.12560272,44447,44457,10
12.92292023,80.12496185,44457,44467,10
12.92296982,80.12407684,44467,44477,10
12.92298985,80.12303925,44477,44487,10
12.92304039,80.12194824,44487,44497,10
12.92317009,80.12058258,44497,44528,31
12.92317009,80.12058258,44528,44538,10
12.92317963,80.12046051,44538,44548,10
12.92317009,80.12037659,44548,44558,10
12.92319965,80.12007141,44558,44568,10
12.9232502,80.11947632,44568,44578,10
12.9232502,80.11891174,44578,44588,10
12.9232502,80.11837769,44588,44598,10
12.92331982,80.11779785,44598,44608,10
12.92339993,80.11715698,44608,45103,495
12.92339993,80.11715698,45103,45113,10
12.9235096,80.11696625,45113,45123,10
12.92346001,80.11686707,45123,45133,10
12.92360973,80.11685944,45133,45143,10
12.92358017,80.11699677,45143,45153,10
12.92352009,80.11727905,45153,45163,10
12.92354965,80.11759949,45163,45174,11
12.92354012,80.11797333,45174,45184,10
12.92346001,80.11856079,45184,45194,10
12.92339039,80.11917877,45194,45204,10
12.92331028,80.12020111,45204,45234,30
12.92331028,80.12020111,45234,45244,10
12.92329979,80.12036133,45244,45254,10
12.92327023,80.12094116,45254,45274,20
12.9232502,80.12123108,45274,45406,132
12.9232502,80.12123108,45406,45416,10
12.92321968,80.12158203,45416,45426,10
12.92321968,80.12171936,45426,45436,10
12.92321968,80.12210083,45436,45446,10
12.92319012,80.12259674,45446,45456,10
12.9231596,80.12323761,45456,45466,10
12.92313957,80.1240387,45466,45476,10
12.92308044,80.12480927,45476,45486,10
12.92308044,80.12522125,45486,45497,11
12.92306042,80.12554932,45497,45507,10
12.92298985,80.12587738,45507,45517,10
12.92294979,80.12645721,45517,45527,10
12.92292976,80.12716675,45527,45537,10
12.9229002,80.1276474,45537,45547,10
12.92286968,80.12796021,45547,45557,10
12.92284966,80.12818909,45557,45567,10
12.9228096,80.12857819,45567,45577,10
12.92278004,80.12909698,45577,45587,10
12.92276955,80.1297226,45587,45597,10
12.92273998,80.13036346,45597,45608,11
12.92276001,80.13085938,45608,45628,20
12.92276001,80.13085938,45628,45638,10
12.92278004,80.13101959,45638,45648,10
12.92275047,80.13130188,45648,45658,10
12.92275047,80.13134003,45658,45668,10
12.92271042,80.13175964,45668,45678,10
12.9226799,80.13243103,45678,45688,10
12.92265987,80.13285065,45688,45698,10
12.92263031,80.13352203,45698,45708,10
12.92255974,80.13442993,45708,45719,11
12.92253017,80.13542175,45719,45729,10
12.92249966,80.13636017,45729,45739,10
12.92245007,80.13710785,45739,45749,10
12.92240047,80.13783264,45749,45759,10
12.92236996,80.13838196,45759,45769,10
12.92236042,80.13883209,45769,45779,10
12.92234039,80.139328,45779,45789,10
12.92236042,80.14003754,45789,45799,10
12.92236996,80.14051056,45799,45809,10
12.92238045,80.14122772,45809,45819,10
12.92240047,80.14212799,45819,45830,11
12.92245007,80.14285278,45830,45840,10
12.92249966,80.1434021,45840,45870,30
12.92249966,80.1434021,45870,45880,10
12.92247963,80.14360046,45880,45896,16
12.9224596,80.14405823,45896,45908,12
12.92247963,80.1448822,45908,45918,10
12.92253971,80.14578247,45918,45928,10
12.92261028,80.1472702,45928,45949,21
12.92261028,80.1472702,45949,45959,10
12.92261028,80.14755249,45959,45968,9
12.92259979,80.14800262,45968,45979,11
12.9225502,80.14871216,45979,45989,10
12.92263031,80.14962006,45989,45997,8
12.92263985,80.150383,45997,46011,14
12.92269039,80.15132141,46011,46031,20
12.92269039,80.15132141,46031,46042,11
12.9226799,80.15158081,46042,46052,10
12.92269993,80.15209198,46052,46062,10
12.92288017,80.15281677,46062,46072,10
12.92311954,80.15377045,46072,46082,10
12.92333984,80.15447998,46082,46105,23
12.92341042,80.15480042,46105,46117,12
12.92348957,80.1552124,46117,46127,10
12.92366028,80.15585327,46127,46136,9
12.92364979,80.15646362,46136,46147,11
12.92356968,80.15724945,46147,46158,11
12.92348957,80.15794373,46158,46168,10
12.92341995,80.15844727,46168,46178,10
12.92335033,80.15927124,46178,46188,10
12.92329025,80.16002655,46188,46198,10
12.92304993,80.16079712,46198,46208,10
12.92271996,80.16184235,46208,46218,10
12.92238045,80.16284943,46218,46228,10
12.92201996,80.16400909,46228,46238,10
12.92166042,80.16517639,46238,46248,10
12.92127991,80.16635132,46248,46259,11
12.92088985,80.1676178,46259,46269,10
12.92057037,80.16847992,46269,46279,10
12.92028046,80.16950226,46279,46289,10
12.91983986,80.1710434,46289,46309,20
12.91983986,80.1710434,46309,46319,10
12.91969967,80.17144775,46319,46329,10
12.91948986,80.17214203,46329,46339,10
12.91921997,80.17311859,46339,46349,10
12.91893959,80.17420959,46349,46359,10
12.91868973,80.17534637,46359,46370,11
12.91837978,80.17653656,46370,46380,10
12.91821003,80.1776886,46380,46390,10
12.91874981,80.17870331,46390,46400,10
12.91934013,80.17971802,46400,46410,10
12.91959,80.18087769,46410,46420,10
12.91985035,80.18202209,46420,46430,10
12.92022038,80.18345642,46430,46468,38
12.92022038,80.18345642,46468,46479,11
12.92029953,80.18376923,46479,46489,10
12.92045975,80.18393707,46489,46499,10
12.9207201,80.18385315,46499,46509,10
12.92123985,80.18366241,46509,46519,10
12.92197037,80.18335724,46519,46529,10
12.92282009,80.18305969,46529,46537,8
12.92333031,80.18296814,46537,46548,11
12.92401981,80.18283081,46548,46559,11
12.92442989,80.18274689,46559,46570,11
12.92512035,80.18264771,46570,46581,11
12.92595005,80.18251038,46581,46592,11
12.92683983,80.18235016,46592,46602,10
12.92737007,80.18224335,46602,46612,10
12.92765999,80.18218994,46612,46622,10
12.92827988,80.18203735,46622,46632,10
12.92912006,80.18183899,46632,46642,10
12.92990971,80.18164063,46642,46652,10
12.93076992,80.181427,46652,46662,10
12.93146992,80.18151855,46662,46672,10
12.93150043,80.18151855,46672,46682,10
12.9316597,80.18157196,46682,46693,11
12.93216991,80.18167114,46693,46703,10
12.93286037,80.18180084,46703,46713,10
12.93365002,80.18199921,46713,46723,10
12.93457985,80.18222809,46723,46733,10
12.93558979,80.18234253,46733,46742,9
12.9364996,80.18224335,46742,46753,11
12.93762016,80.18219757,46753,46762,9
12.93850994,80.18228912,46762,46772,10
12.93896961,80.18235779,46772,46804,32
12.93896961,80.18235779,46804,46814,10
12.93931007,80.18247223,46814,46824,10
12.93992996,80.18264008,46824,46834,10
12.94091034,80.18270874,46834,46844,10
12.94204998,80.18280792,46844,46854,10
12.9432497,80.18289948,46854,46864,10
12.94417953,80.18293762,46864,46874,10
12.94487953,80.1829834,46874,46884,10
12.94489002,80.1829834,46884,46894,10
12.94517994,80.18302155,46894,46904,10
12.9457798,80.18321228,46904,46915,11
12.94653988,80.18382263,46915,46925,10
12.94731998,80.18443298,46925,46935,10
12.94814014,80.18495941,46935,46945,10
12.94882011,80.18514252,46945,46975,30
12.94882011,80.18514252,46975,46985,10
12.94890976,80.18515778,46985,46995,10
12.94933033,80.18531799,46995,47005,10
12.9499197,80.18551636,47005,47015,10
12.9507103,80.18579865,47015,47026,11
12.95160961,80.18605804,47026,47036,10
12.95186996,80.18614197,47036,47046,10
12.95240021,80.18630981,47046,47056,10
12.95324039,80.18647766,47056,47066,10
12.95417023,80.18662262,47066,47076,10
12.95473003,80.18669891,47076,47106,30
12.95501041,80.18675232,47106,47137,31
12.95501041,80.18675232,47137,47147,10
12.9551897,80.18682098,47147,47157,10
12.95543957,80.1868515,47157,47225,68
12.95543957,80.1868515,47225,47236,11
12.95578003,80.18692017,47236,47246,10
12.95619965,80.18694305,47246,47256,10
12.95623016,80.18695068,47256,47266,10
12.95637035,80.18698883,47266,47276,10
12.95674038,80.18701935,47276,47286,10
12.95732021,80.18704224,47286,47295,9
12.95790958,80.18704987,47295,47306,11
12.95860004,80.18704224,47306,47316,10
12.95934963,80.18707275,47316,47326,10
12.96002007,80.1871109,47326,47336,10
12.96057987,80.18714905,47336,47347,11
12.96162987,80.18731689,47347,47367,20
12.96162987,80.18731689,47367,47377,10
12.96203041,80.18743896,47377,47387,10
12.96263981,80.18753052,47387,47397,10
12.96327972,80.18766022,47397,47407,10
12.96397018,80.18786621,47407,47417,10
12.96457005,80.18804169,47417,47427,10
12.96487045,80.1881485,47427,47437,10
12.9651804,80.18826294,47437,47448,11
12.96549034,80.18837738,47448,47458,10
12.96551037,80.18839264,47458,47468,10
12.96578979,80.18850708,47468,47478,10
12.96615028,80.18863678,47478,47488,10
12.96658993,80.18882751,47488,47498,10
12.96716022,80.18907928,47498,47508,10
12.9678297,80.1893692,47508,47518,10
12.96837997,80.18959045,47518,47528,10
12.9684,80.18961334,47528,47538,10
12.96862984,80.18974304,47538,47548,10
12.96893978,80.18988037,47548,47559,11
12.9692297,80.19004059,47559,47569,10
12.96979046,80.19029236,47569,47579,10
12.97029972,80.19052887,47579,47589,10
12.9708004,80.19069672,47589,47599,10
12.97117996,80.19085693,47599,47609,10
12.9715004,80.19100189,47609,47619,10
12.97202015,80.19122314,47619,47629,10
12.97214985,80.19126892,47629,47639,10
12.97245026,80.19139862,47639,47649,10
12.97274017,80.19152832,47649,47670,21
12.97274017,80.19152832,47670,47680,10
12.97315025,80.19168091,47680,47690,10
12.97367001,80.19185638,47690,47700,10
12.9742403,80.19207764,47700,47710,10
12.97474957,80.19226074,47710,47720,10
12.97539997,80.19252777,47720,47730,10
12.97599983,80.19294739,47730,47740,10
12.97647953,80.19332123,47740,47750,10
12.97704029,80.19364166,47750,47760,10
12.97754955,80.19376373,47760,47770,10
12.97801971,80.1938324,47770,47781,11
12.9781599,80.19384766,47781,47791,10
12.97834015,80.19387817,47791,47801,10
12.97869015,80.19402313,47801,47811,10
12.97928047,80.19432068,47811,47821,10
12.97982025,80.19470215,47821,47831,10
12.98101997,80.19537354,47831,47861,30
12.98101997,80.19537354,47861,47871,10
12.98128033,80.19550323,47871,47882,11
12.9816103,80.19567108,47882,47892,10
12.98208046,80.19592285,47892,47902,10
12.98264027,80.19618225,47902,47912,10
12.98293018,80.19631958,47912,47922,10
12.98336029,80.19611359,47922,47932,10
12.98408985,80.19593048,47932,47942,10
12.98513985,80.19592285,47942,47952,10
12.98624039,80.19579315,47952,47962,10
12.98725986,80.19548035,47962,47972,10
12.98820019,80.19537354,47972,47982,10
12.98908043,80.19538879,47982,47993,11
12.99009991,80.19539642,47993,48003,10
12.99079037,80.19503784,48003,48013,10
12.99096012,80.1947937,48013,48023,10
12.9910202,80.19473267,48023,48033,10
12.99118042,80.19447327,48033,48043,10
12.99141026,80.19406891,48043,48053,10
12.99195957,80.19338226,48053,48063,10
12.99298954,80.19332123,48063,48073,10
12.99388027,80.19329834,48073,48083,10
12.99464035,80.19328308,48083,48093,10
12.99534988,80.19325256,48093,48104,11
12.99621964,80.1932373,48104,48114,10
12.99652004,80.19320679,48114,48124,10
12.99670029,80.19319916,48124,48134,10
12.99676037,80.19297028,48134,48144,10
12.99662018,80.19257355,48144,48154,10
12.99647045,80.19190216,48154,48164,10
12.99637032,80.19139862,48164,48174,10
12.99654961,80.19129181,48174,48184,10
12.99662018,80.19123077,48184,48194,10
12.99685001,80.19104004,48194,48204,10
12.99703979,80.19140625,48204,48245,41
12.99722004,80.19129944,48245,49216,971
12.99726009,80.1912384,49216,50942,1726
12.99715996,80.19123077,50942,51023,81
12.99715996,80.19123077,51023,51033,10
12.99715042,80.19122314,51033,51043,10
12.99687958,80.19103241,51043,51053,10
12.99647999,80.19132233,51053,51083,30
12.99647999,80.19132233,51083,51093,10
12.99635983,80.19142151,51093,51103,10
12.99633026,80.19146729,51103,51113,10
12.99645996,80.19193268,51113,51124,11
12.99662018,80.19255066,51124,51134,10
12.99676037,80.19302368,51134,51144,10
12.9969101,80.19329834,51144,51153,9
12.99674034,80.19339752,51153,51164,11
12.99617004,80.19338226,51164,51174,10
12.99532986,80.193367,51174,51184,10
12.99438,80.19338226,51184,51194,10
12.99343014,80.19338989,51194,51204,10
12.99260044,80.19338989,51204,51214,10
12.99180984,80.19364166,51214,51224,10
12.99139977,80.19425964,51224,51235,11
12.99120998,80.19458008,51235,51245,10
12.99081993,80.19510651,51245,51255,10
12.99007988,80.19554901,51255,51265,10
12.98915005,80.19551849,51265,51275,10
12.98822975,80.19550323,51275,51285,10
12.98729038,80.19563293,51285,51295,10
12.9863596,80.19597626,51295,51305,10
12.98528004,80.19615936,51305,51315,10
12.98416042,80.19615936,51315,51325,10
12.98348045,80.19628143,51325,51335,10
12.98326969,80.19637299,51335,51346,11
12.98299026,80.19647217,51346,51356,10
12.98254967,80.19680023,51356,51365,9
12.98229027,80.19706726,51365,51376,11
12.98223019,80.19712067,51376,51386,10
12.98213959,80.19695282,51386,51396,10
12.98231983,80.19680023,51396,51406,10
12.98270035,80.1965332,51406,51416,10
12.98276997,80.19632721,51416,51426,10
12.98231983,80.19606781,51426,51436,10
12.98163986,80.19573975,51436,51457,21
12.98163986,80.19573975,51457,51467,10
12.9812603,80.19555664,51467,51477,10
12.98089981,80.19539642,51477,51487,10
12.98033047,80.19509125,51487,51497,10
12.97964954,80.19464111,51497,51507,10
12.97894955,80.19418335,51507,51517,10
12.97836018,80.19393921,51517,51527,10
12.97770023,80.19381714,51527,51537,10
12.97758007,80.19380188,51537,51547,10
12.97737026,80.19374847,51547,51558,11
12.97675037,80.1934967,51558,51568,10
12.97624016,80.1931076,51568,51578,10
12.97570992,80.19273376,51578,51588,10
12.97513962,80.19245148,51588,51598,10
12.97455978,80.19223785,51598,51608,10
12.97399044,80.19203949,51608,51618,10
12.97358036,80.19187927,51618,51628,10
12.97294998,80.19165039,51628,51638,10
12.97224998,80.1913681,51638,51648,10
12.97212982,80.19129944,51648,51658,10
12.97192001,80.19120026,51658,51669,11
12.9714098,80.19097137,51669,51679,10
12.97087002,80.19072723,51679,51689,10
12.97017002,80.19043732,51689,51699,10
12.96940041,80.19007874,51699,51709,10
12.96883965,80.18981934,51709,51719,10
12.9682703,80.18952942,51719,51729,10
12.96800041,80.18943787,51729,51739,10
12.96796036,80.18943787,51739,51749,10
12.96776962,80.18933868,51749,51759,10
12.96720982,80.18910217,51759,51769,10
12.96654987,80.18885803,51769,51780,11
12.96597004,80.18862152,51780,51790,10
12.96547985,80.1884079,51790,51800,10
12.96506023,80.18826294,51800,51810,10
12.9648304,80.18818665,51810,51820,10
12.96459007,80.18808746,51820,51830,10
12.96401024,80.18791962,51830,51840,10
12.96329975,80.18771362,51840,51850,10
12.96278954,80.18759918,51850,51860,10
12.96210003,80.18743134,51860,51870,10
12.96154976,80.18734741,51870,51881,11
12.96086025,80.1872406,51881,51891,10
12.96063995,80.18718719,51891,51901,10
12.96024036,80.18714142,51901,51911,10
12.95973969,80.18710327,51911,51921,10
12.95909977,80.18704224,51921,51931,10
12.95837975,80.18701935,51931,51941,10
12.95763969,80.18704224,51941,51951,10
12.95674992,80.1869812,51951,51961,10
12.95592022,80.18691254,51961,51971,10
12.95580959,80.18689728,51971,51981,10
12.95567989,80.18689728,51981,51992,11
12.9553299,80.18682861,51992,52002,10
12.95466042,80.1867218,52002,52012,10
12.95376968,80.1865921,52012,52022,10
12.95275974,80.18643951,52022,52032,10
12.95166016,80.18614197,52032,52042,10
12.95090961,80.1858902,52042,52052,10
12.95024014,80.18566132,52052,52062,10
12.94931984,80.18538666,52062,52072,10
12.94859028,80.18514252,52072,52082,10
12.94785976,80.18486023,52082,52092,10
12.94729996,80.18447876,52092,52103,11
12.94664955,80.18398285,52103,52113,10
12.9460001,80.18345642,52113,52123,10
12.94528961,80.18305206,52123,52133,10
12.94460011,80.18302155,52133,52143,10
12.94456005,80.18302155,52143,52153,10
12.94423962,80.1829834,52153,52163,10
12.9435997,80.18293762,52163,52173,10
12.94277954,80.18292236,52173,52183,10
12.94182014,80.18282318,52183,52193,10
12.94091034,80.18273163,52193,52204,11
12.93947983,80.18257141,52204,52224,20
12.93947983,80.18257141,52224,52234,10
12.93931961,80.18251801,52234,52244,10
12.93900013,80.18247223,52244,52254,10
12.93865967,80.18235779,52254,52264,10
12.93799019,80.18225098,52264,52274,10
12.93715,80.18222046,52274,52284,10
12.93624973,80.18225861,52284,52294,10
12.93529987,80.18237305,52294,52304,10
12.93435001,80.18218231,52304,52315,11
12.93321991,80.18190002,52315,52325,10
12.93214035,80.18167114,52325,52335,10
12.93115997,80.18154907,52335,52345,10
12.93091011,80.1815033,52345,52355,10
12.93062019,80.18148041,52355,52365,10
12.92994976,80.18161774,52365,52375,10
12.92905998,80.18186188,52375,52385,10
12.92813969,80.18209076,52385,52395,10
12.92712975,80.18231964,52395,52405,10
12.9262104,80.18251038,52405,52415,10
12.92558002,80.18260956,52415,52426,11
12.9246397,80.18279266,52426,52442,16
12.92319965,80.18302917,52442,52454,12
12.92226982,80.18325806,52454,52464,10
12.92146969,80.18359375,52464,52474,10
12.92092037,80.18382263,52474,52484,10
12.92035961,80.18399811,52484,52565,81
12.92035961,80.18399811,52565,52576,11
12.92026043,80.18401337,52576,52585,9
12.92008018,80.18353271,52585,52596,11
12.91991997,80.18276215,52596,52606,10
12.91985989,80.18244934,52606,52616,10
12.91973972,80.18187714,52616,52626,10
12.91958046,80.18105316,52626,52637,11
12.91934967,80.17993927,52637,52647,10
12.91895008,80.17907715,52647,52657,10
12.91853046,80.17852783,52657,52667,10
12.91816044,80.1778717,52667,52677,10
12.91825962,80.17704773,52677,52687,10
12.91843033,80.17617798,52687,52697,10
12.91868973,80.17520905,52697,52707,10
12.91895962,80.17417145,52707,52717,10
12.91924,80.17310333,52717,52727,10
12.91944981,80.17221832,52727,52737,10
12.91965961,80.17141724,52737,52748,11
12.91983032,80.1708374,52748,52758,10
12.91989994,80.17060089,52758,52768,10
12.92008018,80.17001343,52768,52778,10
12.92033005,80.16918182,52778,52788,10
12.92064953,80.16824341,52788,52798,10
12.92098045,80.16722107,52798,52808,10
12.92131996,80.16618347,52808,52818,10
12.9216404,80.16519928,52818,52828,10
12.9218998,80.16442108,52828,52838,10
12.9221096,80.16368103,52838,52848,10
12.92238045,80.16275787,52848,52859,11
12.92276001,80.16163635,52859,52869,10
12.92302036,80.16081238,52869,52879,10
12.92308044,80.16062164,52879,52888,9
12.92323017,80.16017151,52888,52899,11
12.92335033,80.15930176,52899,52909,10
12.92345047,80.15802002,52909,52919,10
12.92356014,80.1567688,52919,52929,10
12.92356014,80.15561676,52929,52939,10
12.92333984,80.15477753,52939,52949,10
12.92323971,80.15442657,52949,52959,10
12.92313004,80.15390778,52959,52970,11
12.9229002,80.15299988,52970,52980,10
12.92267036,80.15200806,52980,52990,10
12.92263031,80.15104675,52990,53000,10
12.92259979,80.14990997,53000,53010,10
12.92253017,80.14877319,53010,53020,10
12.92251968,80.14768982,53020,53030,10
12.92251968,80.14694214,53030,53040,10
12.92249966,80.14681244,53040,53050,10
12.92249966,80.14624023,53050,53060,10
12.92247963,80.14541626,53060,53071,11
12.92243958,80.14434814,53071,53081,10
12.92241001,80.1432724,53081,53091,10
12.92238998,80.14237213,53091,53101,10
12.92236042,80.14186096,53101,53111,10
12.92236042,80.14183807,53111,53121,10
12.92236996,80.1415863,53121,53131,10
12.92234993,80.1410675,53131,53141,10
12.92234039,80.14069366,53141,53151,10
12.92236042,80.14031982,53151,53161,10
12.9223299,80.13970184,53161,53171,10
12.92234039,80.13899994,53171,53182,11
12.92238998,80.13829803,53182,53192,10
12.92241001,80.13758087,53192,53202,10
12.92243958,80.13694,53202,53212,10
12.92247009,80.13627625,53212,53222,10
12.92249966,80.1355896,53222,53232,10
12.92249966,80.13504791,53232,53242,10
12.92255974,80.13437653,53242,53252,10
12.92259979,80.13353729,53252,53262,10
12.92261028,80.13269043,53262,53272,10
12.92265034,80.13182068,53272,53282,10
12.92265987,80.13121796,53282,53293,11
12.92269993,80.13091278,53293,53303,10
12.92273998,80.13021851,53303,53313,10
12.92278957,80.12960052,53313,53323,10
12.9228096,80.12906647,53323,53333,10
12.92286015,80.12854767,53333,53343,10
12.92284012,80.12805176,53343,53353,10
12.92286968,80.12757111,53353,53363,10
12.92286968,80.12712097,53363,53373,10
12.92288017,80.12631226,53373,53383,10
12.92292023,80.12535858,53383,53394,11
12.92298031,80.12418365,53394,53404,10
12.92302036,80.12306213,53404,53414,10
12.92304993,80.1219101,53414,53424,10
12.92311001,80.12097931,53424,53434,10
12.92313957,80.1207428,53434,53444,10
12.9231596,80.12062836,53444,53454,10
12.9231596,80.12062073,53454,53464,10
12.9231596,80.12055206,53464,53474,10
12.92317963,80.12042999,53474,53484,10
12.92319965,80.12006378,53484,53494,10
12.92323971,80.11943054,53494,53505,11
12.92323971,80.11856842,53505,53515,10
12.9233799,80.11766052,53515,53525,10
12.92341995,80.11689758,53525,53545,20
12.92341995,80.11689758,53545,53555,10
12.92358017,80.1167984,53555,53565,10
12.92358971,80.1167984,53565,53575,10
12.92360973,80.11688232,53575,53585,10
12.92356014,80.11740112,53585,53595,10
12.92358971,80.11798096,53595,53605,10
12.92350006,80.11872864,53605,53616,11
12.92339039,80.11959076,53616,53626,10
12.92333984,80.12000275,53626,53636,10
12.92333031,80.12021637,53636,53646,10
12.92329979,80.12068176,53646,53656,10
12.92329025,80.12129211,53656,53838,182
12.92329025,80.12129211,53838,53848,10
12.92327976,80.12133026,53848,53858,10
12.92323971,80.12174225,53858,53868,10
12.92321014,80.12242889,53868,53878,10
12.92319965,80.12326813,53878,53888,10
12.92317963,80.12420654,53888,53898,10
12.92308044,80.12516022,53898,53908,10
12.92304993,80.12551117,53908,53918,10
12.92300987,80.12590027,53918,53928,10
12.92298031,80.1266098,53928,53939,11
12.92294025,80.12750244,53939,53949,10
12.92294025,80.12805176,53949,53959,10
12.9229002,80.12843323,53959,53969,10
12.9228096,80.12908936,53969,53979,10
12.92278957,80.12992096,53979,53989,10
12.92278004,80.1308136,53989,53999,10
12.92276001,80.13139343,53999,54009,10
12.92273045,80.13201141,54009,54019,10
12.92271996,80.13259888,54019,54029,10
12.92267036,80.133461,54029,54039,10
12.92261982,80.13448334,54039,54050,11
12.92259979,80.13549805,54050,54060,10
12.92253971,80.13648224,54060,54070,10
12.92249966,80.13738251,54070,54080,10
12.92245007,80.13829041,54080,54090,10
12.92236042,80.13912201,54090,54100,10
12.92238045,80.14006805,54100,54109,9
12.92236996,80.14074707,54109,54120,11
12.92241955,80.14173889,54120,54130,10
12.92243004,80.14247894,54130,54140,10
12.92243958,80.14250183,54140,54150,10
12.9224596,80.14263916,54150,54161,11
12.92247009,80.14322662,54161,54171,10
12.92251968,80.14363098,54171,54181,10
12.92251968,80.14379883,54181,54191,10
12.92251015,80.1444397,54191,54201,10
12.92255974,80.14539337,54201,54211,10
12.92261982,80.14640808,54211,54221,10
12.92263031,80.14720917,54221,54231,10
12.92261982,80.14810944,54231,54241,10
12.92263985,80.14917755,54241,54251,10
12.92265987,80.15023041,54251,54261,10
12.92273045,80.15119934,54261,54292,31
12.92273045,80.15119934,54292,54302,10
12.92273998,80.15142059,54302,54312,10
12.92276001,80.15189362,54312,54322,10
12.92282009,80.1523819,54322,54332,10
12.92294025,80.15296173,54332,54342,10
12.92315006,80.15377808,54342,54352,10
12.92339039,80.15457916,54352,54362,10
12.92343998,80.15474701,54362,54373,11
12.92346954,80.15492249,54373,54383,10
12.92356968,80.1554184,54383,54393,10
12.92368031,80.15628815,54393,54403,10
12.92356968,80.15737915,54403,54413,10
12.92346001,80.15849304,54413,54423,10
12.92337036,80.15956879,54423,54433,10
12.92327023,80.16033173,54433,54443,10
12.92310047,80.16078949,54443,54453,10
12.92286015,80.16155243,54453,54463,10
12.92257977,80.16243744,54463,54473,10
12.92232037,80.16322327,54473,54484,11
12.92199039,80.16429138,54484,54494,10
12.92164993,80.16536713,54494,54504,10
12.9212904,80.1664505,54504,54514,10
12.92096043,80.16751099,54514,54524,10
12.92070007,80.16835022,54524,54534,10
12.92039013,80.16929626,54534,54544,10
12.92018032,80.17003632,54544,54554,10
12.9198904,80.17095184,54554,54564,10
12.91975975,80.17131805,54564,54574,10
12.91958046,80.17205811,54574,54584,10
12.91930008,80.17301941,54584,54595,11
12.91899967,80.17417908,54595,54605,10
12.91874027,80.1753006,54605,54615,10
12.91851044,80.17627716,54615,54625,10
12.9183197,80.17727661,54625,54635,10
12.91845036,80.17829132,54635,54645,10
12.91893959,80.17893219,54645,54655,10
12.91938972,80.17980957,54655,54665,10
12.91961002,80.18094635,54665,54675,10
12.91987991,80.18219757,54675,54685,10
12.92014027,80.18334198,54685,54695,10
12.92033958,80.18386841,54695,54706,11
12.92047977,80.18396759,54706,54716,10
12.92082024,80.18382263,54716,54726,10
12.92156029,80.18351746,54726,54736,10
12.92253971,80.18315125,54736,54746,10
12.92354012,80.18295288,54746,54756,10
12.92440033,80.18274689,54756,54766,10
12.92549038,80.18256378,54766,54776,10
12.92656994,80.18238831,54776,54786,10
12.92768002,80.18215942,54786,54796,10
12.9286499,80.18193817,54796,54807,11
12.92973042,80.18167114,54807,54817,10
12.93068981,80.18144226,54817,54827,10
12.93142033,80.18148804,54827,54837,10
12.93146038,80.18148804,54837,54847,10
12.93183994,80.18157959,54847,54857,10
12.93260956,80.18171692,54857,54867,10
12.9335804,80.18196106,54867,54877,10
12.93418026,80.18209076,54877,54887,10
12.93465996,80.18224335,54887,54897,10
12.93554974,80.18235779,54897,54907,10
12.93630981,80.18225861,54907,54918,11
12.93723011,80.18219757,54918,54928,10
12.93817997,80.18222046,54928,54938,10
12.93881989,80.18231964,54938,54948,10
12.93883038,80.18231964,54948,54958,10
12.93892002,80.18238068,54958,54968,10
12.93912029,80.18241882,54968,54978,10
12.93935966,80.18251038,54978,54988,10
12.93968964,80.18263245,54988,54998,10
12.94040012,80.18273163,54998,55008,10
12.94134045,80.18276215,55008,55018,10
12.94235992,80.18287659,55018,55029,11
12.94355011,80.18292236,55029,55039,10
12.94441986,80.18293762,55039,55049,10
12.94458008,80.18295288,55049,55059,10
12.94505978,80.18302155,55059,55069,10
12.94579029,80.18321991,55069,55079,10
12.94641972,80.18374634,55079,55089,10
12.94719982,80.1843338,55089,55099,10
12.94812012,80.18493652,55099,55109,10
12.94867992,80.185112,55109,55119,10
12.94937038,80.18536377,55119,55130,11
12.95022964,80.18565369,55130,55140,10
12.95112038,80.1858902,55140,55150,10
12.95201969,80.186203,55150,55160,10
12.95296001,80.18641663,55160,55170,10
12.95390034,80.18656921,55170,55180,10
12.95468044,80.18669128,55180,55190,10
12.9552002,80.18678284,55190,55200,10
12.95538044,80.18683624,55200,55210,10
12.95549011,80.18686676,55210,55220,10
12.95576,80.18689728,55220,55230,10
12.95608997,80.18692017,55230,55241,11
12.95637035,80.18697357,55241,55251,10
12.95695019,80.18702698,55251,55261,10
12.95744038,80.18707275,55261,55271,10
12.95802975,80.18707275,55271,55281,10
12.95839977,80.18708038,55281,55291,10
12.95895958,80.18707275,55291,55301,10
12.95952988,80.18710327,55301,55311,10
12.96018982,80.18711853,55311,55321,10
12.9608202,80.1872406,55321,55331,10
12.96127987,80.18728638,55331,55341,10
12.9618597,80.18739319,55341,55352,11
12.96257973,80.18752289,55352,55362,10
12.96317959,80.18766785,55362,55372,10
12.96380043,80.18782043,55372,55382,10
12.96432972,80.18798828,55382,55392,10
12.96471977,80.18810272,55392,55402,10
12.9649601,80.18818665,55402,55412,10
12.96498966,80.18821716,55412,55428,16
12.96537018,80.18836975,55428,55440,12
12.96555042,80.18842316,55440,55450,10
12.96597004,80.18856812,55450,55459,9
12.96632957,80.18872833,55459,55470,11
12.96706963,80.18901825,55470,55482,12
12.96794987,80.18939972,55482,55492,10
12.96829033,80.18955994,55492,55502,10
12.96844006,80.18962097,55502,55512,10
12.96881962,80.18982697,55512,55522,10
12.96924019,80.19004822,55522,55532,10
12.96961975,80.19019318,55532,55542,10
12.97006989,80.19042206,55542,55552,10
12.97062016,80.19062805,55552,55562,10
12.97107983,80.19080353,55562,55573,11
12.97171021,80.19111633,55573,55583,10
12.97200012,80.19122314,55583,55593,10
12.97253036,80.19145966,55593,55603,10
12.97268009,80.19152832,55603,55613,10
12.97282028,80.19161224,55613,55623,10
12.97321033,80.19171906,55623,55633,10
12.97352028,80.19184875,55633,55643,10
12.97412014,80.19210052,55643,55653,10
12.97447014,80.19223022,55653,55663,10
12.97498035,80.19238281,55663,55674,11
12.97572041,80.19274902,55674,55684,10
12.97601986,80.19306946,55684,55694,10
12.97634029,80.19329071,55694,55704,10
12.97675991,80.19358063,55704,55714,10
12.97743034,80.19373322,55714,55724,10
12.97805023,80.19384003,55724,55734,10
12.97813988,80.19386292,55734,55744,10
12.97858047,80.19399261,55744,55754,10
12.97918034,80.19431305,55754,55764,10
12.9796896,80.19467926,55764,55774,10
12.9802599,80.19506073,55774,55785,11
12.98095989,80.19535065,55785,55795,10
12.98104,80.19541931,55795,55805,10
12.98134041,80.19558716,55805,55815,10
12.98182964,80.19584656,55815,55825,10
12.98219967,80.19602966,55825,55835,10
12.98266983,80.19625092,55835,55845,10
12.98295975,80.19631958,55845,55855,10
12.98316956,80.1962204,55855,55865,10
12.98344994,80.1960907,55865,55875,10
12.98406029,80.195961,55875,55886,11
12.98501968,80.19595337,55886,55895,9
12.98591042,80.19590759,55895,55906,11
12.98707008,80.1955719,55906,55916,10
12.98797035,80.19538879,55916,55926,10
12.98890972,80.19538879,55926,55936,10
12.98997974,80.19541931,55936,55946,10
12.99079037,80.19497681,55946,55956,10
12.99106026,80.19457245,55956,55966,10
12.99106979,80.19454956,55966,55976,10
12.99120045,80.19441223,55976,55986,10
12.9914999,80.1939621,55986,55997,11
12.99215984,80.19333649,55997,56007,10
12.99306011,80.19329834,56007,56017,10
12.99394035,80.19329071,56017,56027,10
12.99477005,80.19328308,56027,56037,10
12.99567986,80.19325256,56037,56047,10
12.99652958,80.19322205,56047,56057,10
12.99676037,80.19312286,56057,56067,10
12.99662971,80.19259644,56067,56077,10
12.99639988,80.19184875,56077,56087,10
12.99629974,80.19152069,56087,56097,10
12.99619961,80.19113922,56097,56108,11
12.99596977,80.19026947,56108,56118,10
12.99582005,80.18959045,56118,56168,50
12.99582005,80.18959045,56168,56178,10
12.99596977,80.18920898,56178,56188,10
12.99627972,80.18949127,56188,56198,10
12.99676037,80.19004822,56198,56209,11
12.99744034,80.19087982,56209,56219,10
12.99812031,80.19174957,56219,56229,10
12.99878979,80.19261169,56229,56239,10
12.99921036,80.19313812,56239,56249,10
12.99946976,80.1934967,56249,56259,10
12.99971962,80.19378662,56259,56269,10
13.00000954,80.19419098,56269,56279,10
13.0004797,80.19480896,56279,56289,10
13.00109959,80.19554138,56289,56298,9
13.00174046,80.1963501,56298,56309,11
13.00199986,80.1975174,56309,56320,11
13.00189972,80.19821167,56320,56330,10
13.00183964,80.19847107,56330,56340,10
13.00179005,80.19877625,56340,56350,10
13.00174999,80.19914246,56350,56360,10
13.00181007,80.19972992,56360,56370,10
13.00228024,80.20040131,56370,56380,10
13.00302982,80.20070648,56380,56390,10
13.00372028,80.20079803,56390,56410,20
13.00372028,80.20079803,56410,56420,10
13.00389957,80.20098114,56420,56431,11
13.00454044,80.20115662,56431,56441,10
13.00533009,80.20160675,56441,56451,10
13.00592041,80.20249939,56451,56461,10
13.00646019,80.20320129,56461,56471,10
13.00726032,80.20362091,56471,56481,10
13.00809002,80.2036972,56481,56491,10
13.00839043,80.20305634,56491,56501,10
13.00757027,80.20301819,56501,56511,10
13.00755978,80.2041626,56511,56521,10
13.0075798,80.20539856,56521,56531,10
13.00771046,80.20655823,56531,56542,11
13.00786972,80.20768738,56542,56552,10
13.00800037,80.2086792,56552,56562,10
13.00823021,80.20973206,56562,56571,9
13.00862026,80.2104187,56571,56582,11
13.00912952,80.21080017,56582,56632,50
13.00912952,80.21080017,56632,56643,11
13.00936985,80.21103668,56643,56653,10
13.00932026,80.21114349,56653,56663,10
13.00918007,80.21130371,56663,56673,10
13.00901031,80.21160126,56673,56683,10
13.00916958,80.21214294,56683,56693,10
13.00940037,80.2128067,56693,56703,10
13.00961971,80.21340179,56703,56713,10
13.0099802,80.2142868,56713,56723,10
13.01016045,80.21515656,56723,56733,10
13.01025009,80.21575928,56733,56743,10
13.01051998,80.21633911,56743,56754,11
13.01099014,80.21730804,56754,56764,10
13.01136971,80.21829987,56764,56774,10
13.01173019,80.21941376,56774,56784,10
13.01210022,80.22052765,56784,56794,10
13.01243973,80.22132874,56794,56804,10
13.01282024,80.22197723,56804,56814,10
13.01331997,80.22251892,56814,56824,10
13.01371002,80.22299957,56824,56834,10
13.01408958,80.2232666,56834,56844,10
13.01438046,80.22366333,56844,56854,10
13.01474953,80.22408295,56854,56865,11
13.01525021,80.22473145,56865,56875,10
13.01539993,80.22486115,56875,56885,10
13.0155201,80.22496033,56885,56895,10
13.01574039,80.22514343,56895,56905,10
13.01632977,80.22525787,56905,56915,10
13.01710987,80.22499847,56915,56925,10
13.01801968,80.22463989,56925,56935,10
13.01893997,80.22429657,56935,56945,10
13.01947975,80.22434235,56945,56955,10
13.01980972,80.2245636,56955,56965,10
13.02025032,80.22489166,56965,56976,11
13.02066994,80.2252121,56976,56986,10
13.02108002,80.22554016,56986,56996,10
13.02163029,80.22590637,56996,57006,10
13.02202034,80.2261734,57006,57016,10
13.02219963,80.22633362,57016,57026,10
13.02268028,80.22675323,57026,57036,10
13.02320957,80.22724152,57036,57046,10
13.0236702,80.22767639,57046,57056,10
13.02429962,80.22831726,57056,57077,21
13.02429962,80.22831726,57077,57087,10
13.02445984,80.22860718,57087,57097,10
13.02478027,80.22910309,57097,57107,10
13.02513981,80.22956085,57107,57117,10
13.02542973,80.22992706,57117,57127,10
13.02569008,80.23033142,57127,57137,10
13.02591038,80.23075104,57137,57188,51
13.02591038,80.23075104,57188,57198,10
13.02593994,80.23108673,57198,57208,10
13.02608967,80.23130035,57208,57218,10
13.02667046,80.23114777,57218,57228,10
13.02756023,80.23097229,57228,57238,10
13.02840996,80.23082733,57238,57248,10
13.02867031,80.23081207,57248,57258,10
13.0289402,80.23082733,57258,57268,10
13.02941036,80.23079681,57268,57278,10
13.02995968,80.23074341,57278,57288,10
13.03036976,80.23071289,57288,57299,11
13.03055,80.23068237,57299,57309,10
13.0306797,80.23068237,57309,57319,10
13.03108978,80.2306366,57319,57329,10
13.03160954,80.23059082,57329,57339,10
13.03225994,80.23053741,57339,57349,10
13.03293991,80.23059082,57349,57400,51
13.03293991,80.23059082,57400,57410,10
13.03322983,80.23069763,57410,57420,10
13.03339005,80.23065948,57420,57430,10
13.03349972,80.23059845,57430,57440,10
13.03357983,80.23058319,57440,57450,10
13.03380013,80.23053741,57450,57460,10
13.03413963,80.23047638,57460,57470,10
13.03470039,80.23034668,57470,57551,81
13.03470039,80.23034668,57551,57561,10
13.0350399,80.23020172,57561,57571,10
13.03505039,80.23017883,57571,57581,10
13.03507996,80.22992706,57581,57591,10
13.03487968,80.22985077,57591,57601,10
13.0345602,80.22981262,57601,57611,10
13.0342598,80.22979736,57611,57692,81
13.03419018,80.2301178,57692,58054,362
13.03419018,80.2301178,58054,58064,10
13.03423023,80.23042297,58064,58134,70
13.03423023,80.23042297,58134,58144,10
13.03382015,80.23046112,58144,58155,11
13.03304958,80.23052216,58155,58165,10
13.03227043,80.23061371,58165,58175,10
13.03145027,80.23069763,58175,58185,10
13.03081036,80.2307663,58185,58195,10
13.03061962,80.2307663,58195,58205,10
13.03007984,80.23079681,58205,58215,10
13.02968025,80.23084259,58215,58225,10
13.02925014,80.23088837,58225,58235,10
13.02855015,80.23097992,58235,58245,10
13.02783966,80.23103333,58245,58255,10
13.02762985,80.23111725,58255,58266,11
13.02764988,80.23153687,58266,58276,10
13.02775955,80.23213959,58276,58286,10
13.02781963,80.23272705,58286,58326,40
13.02781963,80.23272705,58326,58336,10
13.02775955,80.23281097,58336,58346,10
13.02746964,80.23287964,58346,58356,10
13.02694988,80.23296356,58356,58427,71
13.02694988,80.23296356,58427,58437,10
13.02668953,80.23301697,58437,58447,10
13.02643967,80.2329483,58447,58457,10
13.02626991,80.23252869,58457,58467,10
13.02612019,80.23197174,58467,58478,11
13.02600956,80.23158264,58478,58488,10
13.02581978,80.23094177,58488,58498,10
13.02542019,80.23014069,58498,58508,10
13.02517986,80.22975922,58508,58518,10
13.0250597,80.22959137,58518,58528,10
13.0247097,80.22915649,58528,58538,10
13.02435017,80.22868347,58538,58548,10
13.02406025,80.22827911,58548,58558,10
13.02367973,80.22786713,58558,58568,10
13.02326965,80.22754669,58568,58578,10
13.02297974,80.22736359,58578,58589,11
13.02295017,80.22736359,58589,58599,10
13.02268028,80.22712708,58599,58609,10
13.02256966,80.22682953,58609,58619,10
13.02225018,80.22653961,58619,58629,10
13.02167988,80.22608948,58629,58639,10
13.02095985,80.22553253,58639,58649,10
13.02023029,80.22503662,58649,58659,10
13.01945019,80.22454834,58659,58669,10
13.01840973,80.22466278,58669,58679,10
13.01741982,80.2250824,58679,58689,10
13.01679039,80.22534943,58689,58700,11
13.01650047,80.22545624,58700,58710,10
13.01620007,80.22556305,58710,58720,10
13.01566982,80.22575378,58720,58730,10
13.01529026,80.22592163,58730,58740,10
13.01506996,80.22601318,58740,58750,10
13.01455021,80.22624207,58750,58770,20
13.01455021,80.22624207,58770,58780,10
13.01434994,80.22625732,58780,58790,10
13.01381969,80.22644043,58790,58801,11
13.01299,80.22676849,58801,58811,10
13.01212025,80.22709656,58811,58827,16
13.01064968,80.22767639,58827,58839,12
13.00971985,80.22795868,58839,58849,10
13.00949955,80.22762299,58849,58859,10
13.00971985,80.22725677,58859,58869,10
13.01008034,80.22663116,58869,58879,10
13.01047993,80.22567749,58879,58889,10
13.01076031,80.224823,58889,58899,10
13.01109982,80.22402191,58899,58904,5
13.01126003,80.22361755,58904,58905,1
13.0112896,80.22353363,58905,58988,83
13.01072979,80.21697235,58988,58998,10
13.01043987,80.21634674,58998,59009,11
13.0099802,80.21552277,59009,59020,11
13.00959969,80.21494293,59020,59030,10
13.00928974,80.21450806,59030,59040,10
13.00885963,80.21392059,59040,59050,10
13.00809002,80.21330261,59050,59070,20
13.00809002,80.21330261,59070,59080,10
13.00806999,80.21330261,59080,59090,10
13.00788021,80.21317291,59090,59100,10
13.00780964,80.21309662,59100,59110,10
13.00765991,80.21295929,59110,59120,10
13.00722027,80.21282196,59120,59131,11
13.00642967,80.21276855,59131,59141,10
13.00568962,80.21298218,59141,59151,10
13.00492954,80.21250916,59151,59161,10
13.00415039,80.21215057,59161,59171,10
13.00368023,80.21192169,59171,59181,10
13.00368023,80.21131897,59181,59191,10
13.00362015,80.21053314,59191,59201,10
13.00352955,80.20973206,59201,59211,10
13.00360966,80.20909119,59211,59221,10
13.00364971,80.20890808,59221,59231,10
13.00397015,80.20864868,59231,59242,11
13.00485039,80.20903778,59242,59252,10
13.00582027,80.20944214,59252,59262,10
13.00656986,80.20966339,59262,59272,10
13.00693035,80.20976257,59272,59282,10
13.00704956,80.20982361,59282,59292,10
13.00749969,80.20987701,59292,59302,10
13.00804996,80.2099762,59302,59311,9
13.00819969,80.2098465,59311,59321,10
13.00806046,80.20926666,59321,59332,11
13.00790024,80.20835114,59332,59343,11
13.00771999,80.20726013,59343,59353,10
13.00755978,80.20625305,59353,59363,10
13.00728989,80.20533752,59363,59373,10
13.00697041,80.20458984,59373,59383,10
13.00656986,80.20384216,59383,59393,10
13.00601959,80.20308685,59393,59403,10
13.00578022,80.20272064,59403,59413,10
13.00559998,80.20227814,59413,59423,10
13.00506973,80.20166016,59423,59433,10
13.00428009,80.20126343,59433,59449,16
13.00405025,80.20117188,59449,59462,13
13.00352955,80.20098114,59462,59472,10
13.00286007,80.20079041,59472,59482,10
13.00224972,80.20052338,59482,59490,8
13.00179005,80.19992828,59490,59502,12
13.0017004,80.19895172,59502,59512,10
13.00187016,80.19793701,59512,59522,10
13.00183964,80.19680023,59522,59532,10
13.00135994,80.19611359,59532,59542,10
13.00094032,80.19554901,59542,59551,9
13.00026989,80.19467926,59551,59563,12
12.99954987,80.19371796,59563,59573,10
12.99901962,80.19309235,59573,59583,10
12.99860001,80.19255829,59583,59593,10
12.99816036,80.19235992,59593,59603,10
12.99761963,80.19283295,59603,59613,10
12.99703979,80.19329834,59613,59622,9
12.99682045,80.19342041,59622,59632,10
12.99615002,80.19339752,59632,59643,11
12.99512959,80.19341278,59643,59653,10
12.9942503,80.19342804,59653,59664,11
12.99312973,80.19345093,59664,59674,10
12.99209976,80.19348145,59674,59684,10
12.99151993,80.19409943,59684,59694,10
12.99133968,80.19444275,59694,59704,10
12.99114037,80.19483948,59704,59714,10
12.99112034,80.19486237,59714,59724,10
12.99102974,80.19496155,59724,59734,10
12.99067974,80.19532013,59734,59744,10
12.98995018,80.19557953,59744,59754,10
12.98892975,80.19554138,59754,59764,10
12.98785973,80.19555664,59764,59775,11
12.98672009,80.19589233,59775,59785,10
12.98569965,80.19621277,59785,59795,10
12.98460007,80.1962204,59795,59805,10
12.98363018,80.19631195,59805,59815,10
12.98332024,80.19638824,59815,59825,10
12.98313046,80.19645691,59825,59835,10
12.98278999,80.19670105,59835,59845,10
12.9822998,80.19716644,59845,59865,20
12.9822998,80.19716644,59865,59875,10
12.98217964,80.19699097,59875,59886,11
12.98237991,80.1967392,59886,59896,10
12.98270035,80.19648743,59896,59906,10
12.9826498,80.19625854,59906,59916,10
12.98223019,80.19602966,59916,59926,10
12.98182011,80.19583893,59926,59936,10
12.98161983,80.19573975,59936,59946,10
12.98155975,80.19570923,59946,59955,9
12.98130035,80.19555664,59955,59965,10
12.98091984,80.19538116,59965,59976,11
12.98048019,80.19515991,59976,59987,11
12.97994041,80.19486237,59987,59997,10
12.97959995,80.19458771,59997,60007,10
12.97918987,80.19429779,60007,60017,10
12.9786396,80.19402313,60017,60027,10
12.97817039,80.19393158,60027,60037,10
12.97766018,80.19384003,60037,60047,10
12.97758961,80.1938324,60047,60057,10
12.97731972,80.19376373,60057,60067,10
12.97677994,80.19354248,60067,60077,10
12.97634029,80.19322968,60077,60087,10
12.97597027,80.19294739,60087,60098,11
12.97548008,80.19261169,60098,60108,10
12.97494984,80.19238281,60108,60118,10
12.97439003,80.19219971,60118,60128,10
12.97404957,80.19207001,60128,60138,10
12.9737196,80.19193268,60138,60148,10
12.97331047,80.19180298,60148,60158,10
12.97290039,80.19161987,60158,60188,30
12.97290039,80.19161987,60188,60198,10
12.97264957,80.19155884,60198,60209,11
12.97222996,80.19138336,60209,60229,20
12.97222996,80.19138336,60229,60239,10
12.97220039,80.19136047,60239,60249,10
12.97183037,80.19119263,60249,60259,10
12.97120953,80.19091034,60259,60269,10
12.97052956,80.19062042,60269,60279,10
12.96982002,80.19030762,60279,60289,10
12.96928978,80.19006348,60289,60299,10
12.96903038,80.18991089,60299,60310,11
12.96889973,80.18987274,60310,60320,10
12.96842003,80.1896286,60320,60340,20
12.96842003,80.1896286,60340,60350,10
12.96811962,80.18948364,60350,60360,10
12.9676199,80.18927002,60360,60370,10
12.96710014,80.18907166,60370,60380,10
12.96650028,80.18881989,60380,60390,10
12.96592045,80.18859863,60390,60400,10
12.96549988,80.18842316,60400,60410,10
12.96537971,80.18836212,60410,60421,11
12.96529007,80.18833923,60421,60431,10
12.96479034,80.18816376,60431,60441,10
12.96411991,80.18795776,60441,60451,10
12.96360016,80.18778229,60451,60461,10
12.96298027,80.18763733,60461,60471,10
12.96236992,80.18753052,60471,60481,10
12.96203995,80.18746948,60481,60497,16
12.96148014,80.18737793,60497,60509,12
12.96076965,80.18726349,60509,60519,10
12.96070004,80.1872406,60519,60530,11
12.96030998,80.18718719,60530,60540,10
12.95981979,80.18713379,60540,60550,10
12.95919037,80.18707275,60550,60560,10
12.95855045,80.1870575,60560,60570,10
12.95808029,80.18707275,60570,60580,10
12.9575901,80.1870575,60580,60590,10
12.95709991,80.18704224,60590,60600,10
12.95619965,80.1869812,60600,60632,32
12.95619965,80.1869812,60632,60642,10
12.95598984,80.18697357,60642,60652,10
12.95576,80.18694305,60652,60662,10
12.95559025,80.18692017,60662,60672,10
12.95518017,80.18685913,60672,60682,10
12.95442009,80.18675232,60682,60692,10
12.95347977,80.18660736,60692,60702,10
12.95246029,80.18641663,60702,60712,10
12.95141029,80.18609619,60712,60722,10
12.95038033,80.18573761,60722,60732,10
12.94925022,80.1853714,60732,60823,91
12.94925022,80.1853714,60823,60833,10
12.94906044,80.18531799,60833,60844,11
12.94845963,80.18511963,60844,60854,10
12.94773006,80.18482208,60854,60864,10
12.94698048,80.18427277,60864,60874,10
12.94624043,80.18367004,60874,60884,10
12.94554043,80.18314362,60884,60894,10
12.94472027,80.18305969,60894,60904,10
12.94452,80.18305969,60904,60914,10
12.94431019,80.1830368,60914,60924,10
12.94369984,80.18299103,60924,60934,10
12.94283009,80.1829834,60934,60944,10
12.94182014,80.18286133,60944,60955,11
12.9407196,80.1827774,60955,60965,10
12.93947983,80.18260956,60965,60995,30
12.93947983,80.18260956,60995,61005,10
12.93929958,80.18254852,61005,61015,10
12.93894005,80.18247223,61015,61025,10
12.93857002,80.18235016,61025,61035,10
12.93785954,80.18225861,61035,61045,10
12.93696976,80.18225861,61045,61055,10
12.93603039,80.18234253,61055,61066,11
12.93515968,80.18241119,61066,61076,10
12.9343996,80.18225861,61076,61086,10
12.9337101,80.18206787,61086,61096,10
12.93280029,80.18183899,61096,61106,10
12.93183041,80.18167114,61106,61116,10
12.93091011,80.18158722,61116,61136,20
12.93091011,80.18158722,61136,61146,10
12.93060017,80.18158722,61146,61156,10
12.92992973,80.18170929,61156,61167,11
12.9289999,80.18193817,61167,61177,10
12.92819023,80.18213654,61177,61187,10
12.92728043,80.18234253,61187,61197,10
12.92625999,80.18254089,61197,61207,10
12.92516994,80.18273163,61207,61217,10
12.92413998,80.18289948,61217,61227,10
12.92317963,80.18308258,61227,61237,10
12.92234993,80.18328094,61237,61247,10
12.92150974,80.18360138,61247,61257,10
12.92096043,80.18383789,61257,61267,10
12.9208498,80.18388367,61267,61278,11
12.92039967,80.18405914,61278,61288,10
12.92012978,80.18360138,61288,61298,10
12.9198904,80.18254089,61298,61348,50
12.9198904,80.18254089,61348,61358,10
12.91989994,80.18240356,61358,61368,10
12.91977024,80.18182373,61368,61378,10
12.91958046,80.18100739,61378,61389,11
12.91934013,80.17986298,61389,61399,10
12.91886997,80.17896271,61399,61409,10
12.91827011,80.17810059,61409,61419,10
12.91827011,80.17704773,61419,61429,10
12.91847038,80.17601776,61429,61439,10
12.9187603,80.17498016,61439,61449,10
12.91901016,80.17388153,61449,61459,10
12.91928959,80.17276764,61459,61469,10
12.91956043,80.17173004,61469,61479,10
12.91977978,80.17102051,61479,61489,10
12.91983032,80.17088318,61489,61500,11
12.92002964,80.17028809,61500,61510,10
12.92026997,80.16947937,61510,61520,10
12.92057991,80.16851807,61520,61530,10
12.92088032,80.16758728,61530,61540,10
12.92111969,80.16683197,61540,61550,10
12.92152023,80.16560364,61550,61560,10
12.92187977,80.16452026,61560,61570,10
12.92218971,80.16343689,61570,61580,10
12.92251968,80.16239166,61580,61590,10
12.92284012,80.16137695,61590,61601,11
12.9231596,80.16040039,61601,61611,10
12.92335033,80.15940857,61611,61621,10
12.92346001,80.15827942,61621,61631,10
12.92354965,80.15720367,61631,61641,10
12.92364025,80.15625,61641,61651,10
12.92348957,80.15538025,61651,61661,10
12.92341042,80.15511322,61661,61671,10
12.92339993,80.15493011,61671,61681,10
12.92329979,80.15444183,61681,61691,10
12.92311954,80.15380096,61691,61701,10
12.92290974,80.15300751,61701,61712,11
12.92271996,80.15222168,61712,61722,10
12.9226799,80.15193939,61722,61732,10
12.92265987,80.15162659,61732,61742,10
12.92263985,80.15091705,61742,61752,10
12.92261982,80.15003204,61752,61762,10
12.92257977,80.14897919,61762,61772,10
12.92255974,80.14797211,61772,61782,10
12.92253971,80.14718628,61782,61792,10
12.92251968,80.1468277,61792,61802,10
12.92251968,80.14646912,61802,61813,11
12.92251968,80.14572144,61813,61823,10
12.92249012,80.14482117,61823,61833,10
12.9224596,80.14382935,61833,61843,10
12.92245007,80.14308929,61843,61913,70
12.92245007,80.14308929,61913,61924,11
12.92241955,80.14264679,61924,61934,10
12.92238998,80.14196014,61934,61944,10
12.92236042,80.14147186,61944,61954,10
12.92236042,80.14131927,61954,61964,10
12.92236042,80.14077759,61964,61974,10
12.92236996,80.14022827,61974,61984,10
12.92234039,80.13951111,61984,61994,10
12.92236042,80.13864136,61994,62004,10
12.92241955,80.13773346,62004,62014,10
12.92247963,80.13668823,62014,62024,10
12.92251968,80.13565826,62024,62035,11
12.92257023,80.13456726,62035,62045,10
12.92263031,80.13352203,62045,62055,10
12.92263985,80.13272095,62055,62065,10
12.9226799,80.1319809,62065,62075,10
12.92269993,80.13115692,62075,62085,10
12.92275047,80.13041687,62085,62095,10
12.92278004,80.12983704,62095,62105,10
12.9228096,80.12924957,62105,62115,10
12.92286968,80.12846375,62115,62125,10
12.92288017,80.12760925,62125,62136,11
12.9229002,80.12664795,62136,62146,10
12.92294025,80.12564087,62146,62156,10
12.92298985,80.1246109,62156,62166,10
12.92304039,80.12352753,62166,62176,10
12.92308998,80.12242889,62176,62186,10
12.92319012,80.1207962,62186,62216,30
12.92319012,80.1207962,62216,62226,10
12.92323017,80.12049103,62226,62257,31
12.92323017,80.12049103,62257,62267,10
12.92327976,80.12042999,62267,62283,16
12.92331028,80.11969757,62283,62295,12
12.92329979,80.11901093,62295,62305,10
12.92333984,80.11833191,62305,62315,10
12.92341042,80.11773682,62315,62325,10
12.92343044,80.11717224,62325,62679,354
12.92343044,80.11717224,62679,62689,10
12.92352009,80.11708069,62689,62699,10
12.92364025,80.11689758,62699,62719,20
12.92364025,80.11689758,62719,62729,10
12.92362976,80.11704254,62729,62739,10
12.92354965,80.11737823,62739,62749,10
12.92362022,80.11768341,62749,62759,10
12.92358017,80.11805725,62759,62769,10
12.92352009,80.1186676,62769,62780,11
12.92345047,80.11933136,62780,62790,10
12.92333984,80.12029266,62790,62820,30
12.92333984,80.12029266,62820,62830,10
12.92333031,80.12043762,62830,62840,10
12.92329979,80.12082672,62840,62850,10
12.92325974,80.12113953,62850,62860,10
12.92329025,80.12145233,62860,63284,424
12.92329025,80.12145233,63284,63294,10
12.92321014,80.12155914,63294,63304,10
12.92319012,80.12194061,63304,63315,11
12.92317963,80.12265778,63315,63325,10
12.9231596,80.1234436,63325,63335,10
12.92311001,80.12428284,63335,63345,10
12.92304993,80.12509918,63345,63355,10
12.92300987,80.1255188,63355,63385,30
12.92300987,80.1255188,63385,63395,10
12.9230299,80.1255188,63395,63405,10
12.92300987,80.12589264,63405,63415,10
12.92300034,80.12651062,63415,63426,11
12.92296028,80.12735748,63426,63436,10
12.92292023,80.12783813,63436,63446,10
12.92288971,80.12828064,63446,63456,10
12.92286015,80.12889862,63456,63466,10
12.9228096,80.12966156,63466,63476,10
12.92278004,80.13041687,63476,63486,10
12.9228096,80.13104248,63486,63496,10
12.92278957,80.13127899,63496,63506,10
12.92276001,80.13156891,63506,63516,10
12.92273998,80.13220215,63516,63526,10
12.92269993,80.13301086,63526,63537,11
12.92265987,80.13404083,63537,63547,10
12.92261982,80.13497925,63547,63557,10
12.92257977,80.13585663,63557,63567,10
12.92253971,80.13677979,63567,63577,10
12.92249012,80.13764191,63577,63587,10
12.92245007,80.13848114,63587,63596,9
12.92238045,80.13922882,63596,63607,11
12.92241955,80.14013672,63607,63616,9
12.92243004,80.14057159,63616,63626,10
12.92243958,80.14125061,63626,63638,12
12.92245007,80.14208984,63638,63648,10
12.92247963,80.14269257,63648,63658,10
12.92253971,80.14324951,63658,63668,10
12.92255974,80.14369202,63668,63678,10
12.9225502,80.14376068,63678,63688,10
12.92253971,80.14425659,63688,63698,10
12.92255974,80.14507294,63698,63708,10
12.92261028,80.14601898,63708,63718,10
12.92263031,80.14689636,63718,63728,10
12.92265034,80.14737701,63728,63738,10
12.92263985,80.14749908,63738,63749,11
12.92263031,80.1480484,63749,63759,10
12.92261982,80.14887238,63759,63769,10
12.92267036,80.14980316,63769,63779,10
12.92269993,80.15062714,63779,63789,10
12.92273045,80.15104675,63789,63809,20
12.92273045,80.15104675,63809,63819,10
12.92273998,80.15117645,63819,63829,10
12.92276001,80.15164948,63829,63839,10
12.9228096,80.15238953,63839,63849,10
12.92298985,80.15310669,63849,63860,11
12.92321968,80.15396881,63860,63870,10
12.92343998,80.15470123,63870,63880,10
12.92343998,80.15474701,63880,63890,10
12.92346954,80.15489197,63890,63900,10
12.92348957,80.15506744,63900,63910,10
12.92362022,80.15563202,63910,63920,10
12.92366982,80.15654755,63920,63930,10
12.92356014,80.15760803,63930,63940,10
12.92346001,80.15869904,63940,63950,10
12.9233799,80.15982056,63950,63967,17
12.92327976,80.16042328,63967,63979,12
12.92311001,80.16091156,63979,63989,10
12.92288971,80.16163635,63989,63999,10
12.92261982,80.16249847,63999,64009,10
12.92234993,80.16327667,64009,64019,10
12.92201042,80.1643219,64019,64029,10
12.92164993,80.16542816,64029,64039,10
12.92131996,80.16641998,64039,64049,10
12.92096043,80.16760254,64049,64059,10
12.92066956,80.16848755,64059,64071,12
12.92029953,80.16966248,64071,64080,9
12.92008018,80.17053223,64080,64091,11
12.91991997,80.17105865,64091,64101,10
12.91989994,80.1710968,64101,64111,10
12.91975975,80.17151642,64111,64121,10
12.91954994,80.17227936,64121,64131,10
12.91926003,80.17321777,64131,64141,10
12.91901016,80.17430878,64141,64151,10
12.9187603,80.17539215,64151,64161,10
12.91847992,80.17649841,64161,64171,10
12.91827965,80.17771149,64171,64182,11
12.91886044,80.17881012,64182,64192,10
12.91940022,80.17976379,64192,64202,10
12.91965008,80.18094635,64202,64212,10
12.91985035,80.18190002,64212,64222,10
12.92002964,80.18271637,64222,64232,10
12.92026043,80.18357849,64232,64252,20
12.92026043,80.18357849,64252,64262,10
12.92028999,80.18383026,64262,64272,10
12.9204998,80.184021,64272,64282,10
12.9208498,80.18386078,64282,64293,11
12.92156029,80.18356323,64293,64303,10
12.92232037,80.18327332,64303,64313,10
12.92319012,80.18305206,64313,64323,10
12.92383957,80.18295288,64323,64333,10
12.92446995,80.18282318,64333,64343,10
12.92527962,80.18270111,64343,64353,10
12.92609978,80.18257141,64353,64363,10
12.92698002,80.18238831,64363,64373,10
12.92784977,80.18218994,64373,64383,10
12.92868042,80.18199921,64383,64394,11
12.92955971,80.18177795,64394,64404,10
12.93041992,80.1815567,64404,64414,10
12.93128014,80.18151855,64414,64424,10
12.93146038,80.18154907,64424,64434,10
12.93150997,80.18157959,64434,64444,10
12.93192005,80.18164825,64444,64454,10
12.93266964,80.18177032,64454,64464,10
12.93352985,80.18196869,64464,64474,10
12.93432999,80.18216705,64474,64484,10
12.93519974,80.18235779,64484,64494,10
12.93603039,80.18231201,64494,64505,11
12.93673992,80.18224335,64505,64515,10
12.93758965,80.18222046,64515,64525,10
12.93889046,80.18235779,64525,64545,20
12.93889046,80.18235779,64545,64555,10
12.93904972,80.18240356,64555,64565,10
12.9392004,80.18247223,64565,64575,10
12.93962955,80.18257904,64575,64585,10
12.94021988,80.18270874,64585,64595,10
12.94062996,80.18273163,64595,64605,10
12.94122982,80.18274689,64605,64616,11
12.9421196,80.18283844,64616,64626,10
12.94295025,80.18292999,64626,64636,10
12.94377995,80.18295288,64636,64646,10
12.94445992,80.1829834,64646,64656,10
12.9446497,80.1829834,64656,64666,10
12.94486046,80.18299866,64666,64676,10
12.94550037,80.18306732,64676,64686,10
12.94616985,80.18354034,64686,64696,10
12.9468298,80.18405914,64696,64706,10
12.94750023,80.18456268,64706,64717,11
12.94789028,80.18482971,64717,64727,10
12.94793034,80.1848526,64727,64737,10
12.94814968,80.18495941,64737,64747,10
12.94869995,80.18511963,64747,64838,91
12.94869995,80.18511963,64838,64848,10
12.94890022,80.18515015,64848,64858,10
12.94937992,80.18534088,64858,64868,10
12.9499197,80.18551636,64868,64878,10
12.95061016,80.18572998,64878,64888,10
12.95125961,80.1859436,64888,64898,10
12.95188046,80.1861496,64898,64908,10
12.95236015,80.18628693,64908,64918,10
12.95285988,80.18641663,64918,64928,10
12.95339012,80.18650818,64928,64939,11
12.95421982,80.18663025,64939,64949,10
12.95493984,80.1867218,64949,64965,16
12.95522976,80.1867981,64965,64977,12
12.95543957,80.1868515,64977,64987,10
12.95547962,80.1868515,64987,64996,9
12.9555397,80.18683624,64996,65007,11
12.95573997,80.18688965,65007,65017,10
12.95610046,80.18692017,65017,65027,10
12.95613003,80.18692017,65027,65038,11
12.95615959,80.1869278,65038,65048,10
12.95650005,80.1869812,65048,65059,11
12.95709038,80.18701935,65059,65069,10
12.95761013,80.18702698,65069,65079,10
12.95812035,80.18702698,65079,65089,10
12.95874023,80.1870575,65089,65099,10
12.95895004,80.1870575,65099,65109,10
12.95919037,80.18707275,65109,65119,10
12.95971966,80.18711853,65119,65129,10
12.96032047,80.18714905,65129,65139,10
12.96078014,80.18720245,65139,65149,10
12.96131039,80.18728638,65149,65160,11
12.96146965,80.18733978,65160,65170,10
12.96168041,80.18739319,65170,65180,10
12.96216965,80.18746948,65180,65190,10
12.96288013,80.18760681,65190,65200,10
12.96345043,80.18769836,65200,65210,10
12.96401978,80.18788147,65210,65220,10
12.96457005,80.18804169,65220,65230,10
12.9649601,80.18817902,65230,65240,10
12.96551991,80.18836975,65240,65261,21
12.96551991,80.18836975,65261,65271,10
12.96582031,80.18847656,65271,65281,10
12.96603966,80.18859863,65281,65291,10
12.96652031,80.18881226,65291,65301,10
12.96702957,80.18901062,65301,65311,10
12.96743965,80.18920135,65311,65321,10
12.96802044,80.18943787,65321,65331,10
12.9682703,80.18958282,65331,65341,10
12.96831989,80.18962097,65341,65351,10
12.96842003,80.18968201,65351,65362,11
12.96868992,80.18979645,65362,65372,10
12.9688797,80.18985748,65372,65382,10
12.9689703,80.18990326,65382,65398,16
12.96951008,80.19017792,65398,65410,12
12.97002983,80.19042206,65410,65420,10
12.97015953,80.19048309,65420,65430,10
12.9704504,80.19059753,65430,65440,10
12.97082996,80.19074249,65440,65450,10
12.97120953,80.19091034,65450,65460,10
12.97163963,80.19110107,65460,65471,11
12.97200966,80.19126892,65471,65481,10
12.97241974,80.19145203,65481,65491,10
12.97259998,80.19152069,65491,65501,10
12.97270012,80.19155121,65501,65511,10
12.97286987,80.19161987,65511,65521,10
12.97321033,80.19171906,65521,65531,10
12.97352028,80.19181061,65531,65541,10
12.97354031,80.1918335,65541,65562,21
12.97369957,80.19191742,65562,65574,12
12.97410011,80.19206238,65574,65585,11
12.97469044,80.19229126,65585,65595,10
12.97507,80.19243622,65595,65605,10
12.97546959,80.19261169,65605,65615,10
12.97595024,80.19293976,65615,65625,10
12.97612953,80.19309235,65625,65635,10
12.97646999,80.19332886,65635,65645,10
12.97706032,80.19367981,65645,65655,10
12.97754002,80.19380951,65655,65665,10
12.97809029,80.19387817,65665,65675,10
12.97811985,80.19387817,65675,65686,11
12.97823048,80.19390106,65686,65696,10
12.97865963,80.19402313,65696,65706,10
12.9788599,80.19412994,65706,65716,10
12.97935009,80.19439697,65716,65726,10
12.97990036,80.19480133,65726,65736,10
12.98042965,80.19512939,65736,65746,10
12.98069,80.19525909,65746,65797,51
12.98091984,80.19539642,65797,65887,90
12.98091984,80.19539642,65887,65898,11
12.98128986,80.19555664,65898,65908,10
12.98151016,80.19567108,65908,65918,10
12.98174,80.19582367,65918,65928,10
12.98204994,80.19597626,65928,65938,10
12.98241043,80.19615173,65938,65948,10
12.98285961,80.19638062,65948,65958,10
12.98305988,80.19634247,65958,65968,10
12.98338985,80.19615936,65968,65978,10
12.98398018,80.19599915,65978,65988,10
12.98484993,80.19599152,65988,65998,10
12.98591995,80.19589996,65998,66009,11
12.9871397,80.19557953,66009,66019,10
12.98801994,80.19541931,66019,66029,10
12.98882961,80.19541168,66029,66039,10
12.98921013,80.1954422,66039,66049,10
12.98983955,80.19545746,66049,66059,10
12.99067974,80.19516754,66059,66068,9
12.99112988,80.19458008,66068,66089,21
12.99112988,80.19458008,66089,66099,10
12.99120998,80.19447327,66099,66109,10
12.99147987,80.19400787,66109,66120,11
12.99225044,80.19338226,66120,66130,10
12.99332047,80.19335938,66130,66140,10
12.99431992,80.19335938,66140,66150,10
12.99526024,80.19333649,66150,66160,10
12.99610043,80.19329834,66160,66170,10
12.99662018,80.19328308,66170,66180,10
12.99680042,80.19317627,66180,66190,10
12.99668026,80.19271088,66190,66200,10
12.99647999,80.19197845,66200,66210,10
12.99625015,80.19116211,66210,66221,11
12.99604034,80.19033051,66221,66231,10
12.9958601,80.18969727,66231,66261,30
12.9958601,80.18969727,66261,66271,10
12.99588013,80.18966675,66271,66281,10
12.99596024,80.18939972,66281,66291,10
12.99619961,80.18939972,66291,66301,10
12.9965601,80.18984985,66301,66311,10
12.99709988,80.19046783,66311,66321,10
12.9976902,80.19117737,66321,66332,11
12.99800014,80.19156647,66332,66342,10
12.99829006,80.19193268,66342,66352,10
12.9985199,80.19223022,66352,66362,10
12.9987402,80.19252777,66362,66372,10
12.99894047,80.19277954,66372,66382,10
12.9990797,80.19296265,66382,66392,10
12.99925041,80.19320679,66392,66402,10
12.99954987,80.19361877,66402,66412,10
13.0,80.19419861,66412,66422,10
13.00055981,80.19490814,66422,66432,10
13.00119019,80.19564819,66432,66443,11
13.00187969,80.19654846,66443,66453,10
13.00207043,80.19756317,66453,66463,10
13.00193977,80.19837952,66463,66473,10
13.00187016,80.19876862,66473,66483,10
13.00179958,80.1991806,66483,66499,16
13.00201988,80.20017242,66499,66511,12
13.00286007,80.20070648,66511,66521,10
13.00352001,80.20081329,66521,66531,10
13.00372982,80.20088196,66531,66542,11
13.00382042,80.20098877,66542,66552,10
13.00434017,80.2011795,66552,66562,10
13.00506973,80.20146179,66562,66571,9
13.00564003,80.20198059,66571,66581,10
13.00601959,80.20266724,66581,66592,11
13.00671005,80.20339966,66592,66602,10
13.00741005,80.20368958,66602,66612,10
13.0081501,80.20372772,66612,66622,10
13.00837994,80.20304871,66622,66632,10
13.00759983,80.20304108,66632,66642,10
13.00759983,80.20411682,66642,66652,10
13.00763035,80.20527649,66652,66663,11
13.00774956,80.20645905,66663,66673,10
13.00790024,80.20736694,66673,66683,10
13.00802994,80.20838928,66683,66693,10
13.00813961,80.20939636,66693,66703,10
13.0085001,80.21028137,66703,66713,10
13.00922966,80.21089172,66713,66733,20
13.00922966,80.21089172,66733,66743,10
13.00936031,80.21109009,66743,66754,11
13.00926971,80.21124268,66754,66764,10
13.00905991,80.21153259,66764,66774,10
13.00901985,80.21176147,66774,66784,10
13.00914955,80.21221161,66784,66794,10
13.00938034,80.21286011,66794,66804,10
13.00965977,80.21357727,66804,66814,10
13.00998974,80.21434021,66814,66824,10
13.01018047,80.21508026,66824,66834,10
13.0103302,80.21591187,66834,66850,16
13.01093006,80.21717834,66850,66862,12
13.0113802,80.21827698,66862,66873,11
13.01175976,80.21936035,66873,66883,10
13.01206017,80.22029877,66883,66893,10
13.01239014,80.22116089,66893,66903,10
13.01257992,80.2215271,66903,66913,10
13.01264954,80.22184753,66913,66922,9
13.01294994,80.22216797,66922,66933,11
13.01346016,80.22274017,66933,66943,10
13.01387024,80.22325897,66943,66953,10
13.01408005,80.22353363,66953,66963,10
13.01428986,80.22380066,66963,66974,11
13.01463985,80.22413635,66974,66984,10
13.01509953,80.22467041,66984,66994,10
13.01543999,80.22499847,66994,67014,20
13.01543999,80.22499847,67014,67024,10
13.01554966,80.22506714,67024,67034,10
13.01576042,80.22531128,67034,67044,10
13.0160799,80.22543335,67044,67054,10
13.01650047,80.22537994,67054,67064,10
13.01712036,80.22514343,67064,67075,11
13.01797962,80.22480011,67075,67085,10
13.01865959,80.22451782,67085,67095,10
13.01945019,80.22440338,67095,67115,20
13.01945019,80.22440338,67115,67125,10
13.01966,80.2245636,67125,67135,10
13.01994038,80.22476196,67135,67145,10
13.02038002,80.22509766,67145,67155,10
13.02093029,80.22548676,67155,67165,10
13.02149963,80.22592926,67165,67175,10
13.02198029,80.22619629,67175,67186,11
13.02208042,80.22628021,67186,67202,16
13.02245045,80.22663116,67202,67214,12
13.02309036,80.22722626,67214,67224,10
13.02357006,80.22766113,67224,67234,10
13.02390003,80.22795868,67234,67244,10
13.02414989,80.22821808,67244,67254,10
13.02427006,80.2283783,67254,67264,10
13.02437973,80.2285614,67264,67274,10
13.02455044,80.2287674,67274,67284,10
13.02482986,80.22920227,67284,67375,91
13.02482986,80.22920227,67375,67385,10
13.0250597,80.22949982,67385,67396,11
13.02530956,80.2297821,67396,67406,10
13.02546024,80.2299881,67406,67416,10
13.02565956,80.23027039,67416,67476,60
13.02565956,80.23027039,67476,67486,10
13.02571011,80.2304306,67486,67496,10
13.02581978,80.23065948,67496,67507,11
13.02591991,80.23088837,67507,67517,10
13.02598,80.23114014,67517,67527,10
13.0260601,80.23143005,67527,67537,10
13.02624035,80.23139954,67537,67547,10
13.02680016,80.23126221,67547,67557,10
13.02711964,80.23117065,67557,67567,10
13.02721977,80.23113251,67567,67577,10
13.02760983,80.23101807,67577,67678,101
13.02795029,80.23097992,67678,67749,71
13.02795029,80.23097992,67749,67759,10
13.02832031,80.23101044,67759,67769,10
13.0284996,80.23098755,67769,67779,10
13.02871037,80.23097229,67779,67789,10
13.0291996,80.23088837,67789,67799,10
13.02958012,80.23084259,67799,67809,10
13.02999973,80.23079681,67809,67820,11
13.0302496,80.23079681,67820,67830,10
13.03054047,80.23078156,67830,67840,10
13.03079987,80.2307663,67840,67850,10
13.03098011,80.23075104,67850,67859,9
13.03114986,80.23072815,67859,67869,10
13.03155994,80.23068237,67869,67880,11
13.0320797,80.23065186,67880,67890,10
13.03258038,80.23058319,67890,67971,81
13.03258038,80.23058319,67971,67981,10
13.0328598,80.23062897,67981,67991,10
13.03320026,80.23059845,67991,68021,30
13.03320026,80.23059845,68021,68032,11
13.03334999,80.23059082,68032,68042,10
13.03388977,80.23052979,68042,68143,101
13.03388977,80.23052979,68143,68153,10
13.03417969,80.23052216,68153,68213,60
13.03417969,80.23052216,68213,68223,10
13.0343504,80.23043823,68223,68233,10
13.03452015,80.23040771,68233,68243,10
13.03495026,80.23020172,68243,68264,21
13.03495026,80.23020172,68264,68274,10
13.03505993,80.22995758,68274,68284,10
13.03483009,80.2298584,68284,68294,10
13.03454018,80.22984314,68294,68304,10
13.03427982,80.2297821,68304,68435,131
13.03415012,80.23014069,68435,68476,41
13.03411007,80.2305069,68476,68657,181
13.03411007,80.2305069,68657,68667,10
13.03388977,80.23056793,68667,68678,11
13.0334301,80.23058319,68678,68688,10
13.03304005,80.23062134,68688,68718,30
13.03304005,80.23062134,68718,68728,10
13.03262997,80.23062897,68728,68738,10
13.03236008,80.23065186,68738,68748,10
13.03199959,80.23069763,68748,68849,101
13.03199959,80.23069763,68849,68859,10
13.03180981,80.23068237,68859,68869,10
13.03149033,80.23072815,68869,68879,10
13.03118038,80.23075867,68879,68890,11
13.03085995,80.23079681,68890,68950,60
13.03085995,80.23079681,68950,68960,10
13.03046036,80.2308197,68960,68970,10
13.02985954,80.23085785,68970,68980,10
13.02941036,80.23094177,68980,68991,11
13.02869987,80.23097229,68991,69001,10
13.02801991,80.23103333,69001,69011,10
13.02764034,80.23110199,69011,69021,10
13.02764988,80.2314682,69021,69031,10
13.02772999,80.23210907,69031,69041,10
13.0278101,80.23271942,69041,69051,10
13.02748966,80.23291779,69051,69061,10
13.02702999,80.23301697,69061,69081,20
13.02702999,80.23301697,69081,69092,11
13.02690983,80.23303223,69092,69102,10
13.02665997,80.23307037,69102,69112,10
13.02635002,80.23287201,69112,69122,10
13.02616978,80.23233795,69122,69132,10
13.02610016,80.23206329,69132,69142,10
13.02604008,80.23181915,69142,69152,10
13.02593994,80.23145294,69152,69162,10
13.02577972,80.23084259,69162,69172,10
13.02534008,80.23007965,69172,69182,10
13.02490044,80.22949982,69182,69192,10
13.02464008,80.22921753,69192,69203,11
13.02445984,80.22894287,69203,69212,9
13.02420998,80.22859955,69212,69223,11
13.02383041,80.2281723,69223,69233,10
13.02352047,80.2278595,69233,69243,10
13.0233202,80.22766876,69243,69283,40
13.0233202,80.22766876,69283,69293,10
13.02289009,80.22736359,69293,69303,10
13.02260017,80.22699738,69303,69314,11
13.02231979,80.22667694,69314,69324,10
13.02175999,80.22621918,69324,69334,10
13.02112007,80.2257309,69334,69344,10
13.02048016,80.22525787,69344,69354,10
13.01972008,80.22473907,69354,69364,10
13.01861,80.22464752,69364,69374,10
13.01751995,80.22511292,69374,69384,10
13.01661968,80.22548676,69384,69394,10
13.01620007,80.22564697,69394,69404,10
13.01564026,80.22579956,69404,69414,10
13.01513004,80.2260437,69414,69425,11
13.01498985,80.22608948,69425,69435,10
13.0146904,80.22618866,69435,69445,10
13.0142498,80.22634888,69445,69455,10
13.01424026,80.22635651,69455,69465,10
13.01401043,80.22646332,69465,69475,10
13.01346016,80.22667694,69475,69485,10
13.01276016,80.22695923,69485,69495,10
13.01218987,80.22717285,69495,69505,10
13.01150036,80.22741699,69505,69515,10
13.01070976,80.2277298,69515,69526,11
13.00994968,80.22795868,69526,69536,10
13.00949001,80.2276535,69536,69546,10
13.00973988,80.22711182,69546,69556,10
13.01010036,80.22635651,69556,69566,10
13.01049995,80.22551727,69566,69576,10
13.01080036,80.22477722,69576,69586,10
13.01111984,80.22389984,69586,69606,20
13.01111984,80.22389984,69606,69616,10
13.01126957,80.22354889,69616,69627,11
13.01156998,80.22289276,69627,69637,10
13.01181984,80.22209167,69637,69647,10
13.01208973,80.22142029,69647,69656,9
13.01210976,80.22102356,69656,69667,11
13.01189995,80.22041321,69667,69677,10
13.01161957,80.21956635,69677,69687,10
13.01136017,80.21881866,69687,69697,10
13.0111599,80.21806335,69697,69707,10
13.01086044,80.21734619,69707,69717,10
13.01041985,80.21640015,69717,69727,10
13.01004028,80.21573639,69727,69737,10
13.00979042,80.21524048,69737,69748,11
13.00955963,80.21498108,69748,69758,10
13.00938988,80.21473694,69758,69768,10
13.0090704,80.21434784,69768,69778,10
13.00876999,80.21392059,69778,69788,10
13.00852966,80.21363831,69788,69869,81
13.00852966,80.21363831,69869,69879,10
13.00829983,80.21349335,69879,69899,20
13.00829983,80.21349335,69899,69909,10
13.00821972,80.21341705,69909,69919,10
13.00794983,80.21327972,69919,69929,10
13.00786018,80.21328735,69929,69939,10
13.00776005,80.2131424,69939,69950,11
13.00753975,80.21296692,69950,69960,10
13.00706959,80.21283722,69960,69970,10
13.00650024,80.21282196,69970,69980,10
13.00603008,80.2130127,69980,69990,10
13.00545979,80.21286774,69990,70000,10
13.00485992,80.21250916,70000,70010,10
13.00405979,80.21218109,70010,70020,10
13.00366974,80.21199036,70020,70030,10
13.00364017,80.21160889,70030,70040,10
13.00360012,80.2110672,70040,70050,10
13.00354004,80.21050262,70050,70061,11
13.00347996,80.2098465,70061,70071,10
13.00356007,80.20922089,70071,70081,10
13.00387955,80.2086792,70081,70091,10
13.00465965,80.20899963,70091,70101,10
13.00555038,80.20938873,70101,70110,9
13.00613976,80.20960236,70110,70121,11
13.00689983,80.20980835,70121,70141,20
13.00689983,80.20980835,70141,70151,10
13.00706005,80.20987701,70151,70162,11
13.00753975,80.20996094,70162,70172,10
13.00800991,80.21005249,70172,70182,10
13.00804043,80.21006012,70182,70192,10
13.00815964,80.21000671,70192,70202,10
13.00813961,80.20970917,70202,70212,10
13.00798988,80.20908356,70212,70222,10
13.00784969,80.20825195,70222,70232,10
13.00769997,80.20732117,70232,70242,10
13.00755978,80.20638275,70242,70252,10
13.00730038,80.20558167,70252,70262,10
13.00710011,80.20500183,70262,70273,11
13.00689983,80.20453644,70273,70283,10
13.00654984,80.20391846,70283,70293,10
13.00613022,80.20333862,70293,70303,10
13.00588036,80.20297241,70303,70313,10
13.0057497,80.20269012,70313,70323,10
13.00555038,80.2022171,70323,70333,10
13.00506973,80.20166779,70333,70343,10
13.00434971,80.20134735,70343,70363,20
13.00434971,80.20134735,70363,70374,11
13.00422001,80.20127869,70374,70384,10
13.00384998,80.20115662,70384,70394,10
13.00329971,80.20097351,70394,70404,10
13.00263977,80.20075989,70404,70414,10
13.00201988,80.20034027,70414,70424,10
13.00174046,80.19988251,70424,70434,10
13.00168991,80.19914246,70434,70444,10
13.00183964,80.19824982,70444,70454,10
13.00191975,80.19725037,70454,70464,10
13.00156975,80.1964035,70464,70474,10
13.00100994,80.1957016,70474,70485,11
13.00039005,80.19489288,70485,70495,10
12.99991989,80.19425201,70495,70505,10
12.99946022,80.19367981,70505,70515,10
12.99895954,80.19309998,70515,70525,10
12.99855042,80.19261932,70525,70535,10
12.99825001,80.19236755,70535,70545,10
12.99790001,80.19264984,70545,70555,10
12.99740028,80.19306183,70555,70565,10
12.99703979,80.19332123,70565,70575,10
12.99685001,80.19345093,70575,70586,11
12.99635983,80.19345856,70586,70596,10
12.99561024,80.19345856,70596,70606,10
12.99470043,80.19348145,70606,70616,10
12.99374008,80.1934967,70616,70626,10
12.99279976,80.19351959,70626,70636,10
12.99193001,80.19360352,70636,70646,10
12.99149036,80.19418335,70646,70656,10
12.9912796,80.1944809,70656,70666,10
12.99108982,80.19480133,70666,70676,10
12.9910202,80.1949234,70676,70686,10
12.99100971,80.19496155,70686,70697,11
12.99073029,80.19528961,70697,70707,10
12.99015999,80.19564056,70707,70717,10
12.98933983,80.19560242,70717,70727,10
12.98857021,80.1955719,70727,70737,10
12.98764038,80.19561768,70737,70747,10
12.98663998,80.19593811,70747,70763,16
12.98490047,80.1962204,70763,70775,12
12.98363972,80.19628906,70775,70785,10
12.98318005,80.19644928,70785,70795,10
12.9828701,80.19657898,70795,70806,11
12.9822197,80.1971817,70806,70825,19
12.98209,80.19712067,70825,70865,40
12.98209,80.19712067,70865,70875,10
12.98221016,80.19692993,70875,70886,11
12.98258018,80.19664001,70886,70896,10
12.98276997,80.19647217,70896,70907,11
12.98241997,80.19616699,70907,70927,20
12.9822197,80.19609833,70927,70987,60
12.98198032,80.19599152,70987,71007,20
12.98186016,80.19595337,71007,71038,31
12.98167992,80.19586182,71038,71058,20
12.98167992,80.19586182,71058,71068,10
12.9815197,80.19580078,71068,71078,10
12.98130989,80.19567108,71078,71088,10
12.98103046,80.19551849,71088,71098,10
12.98075008,80.19537354,71098,71108,10
12.98044968,80.19522858,71108,71119,11
12.98007011,80.19502258,71119,71129,10
12.97970963,80.19480133,71129,71139,10
12.97961998,80.1947403,71139,71149,10
12.97947979,80.19464111,71149,71159,10
12.97912025,80.19438934,71159,71169,10
12.97854996,80.19412231,71169,71179,10
12.97786999,80.19393921,71179,71189,10
12.97752953,80.19387817,71189,71219,30
12.97752953,80.19387817,71219,71230,11
12.97723961,80.19380951,71230,71240,10
12.97681999,80.19364166,71240,71250,10
12.97640038,80.193367,71250,71260,10
12.97599983,80.19307709,71260,71270,10
12.97560978,80.19278717,71270,71280,10
12.97521019,80.19259644,71280,71290,10
12.97476006,80.19242096,71290,71300,10
12.97437,80.19226074,71300,71310,10
12.97395039,80.19212341,71310,71320,10
12.97369003,80.1920166,71320,71330,10
12.97340965,80.19190216,71330,71341,11
12.97294044,80.19172668,71341,71351,10
12.97272015,80.19165802,71351,71361,10
12.97204018,80.1913681,71361,71391,30
12.97204018,80.1913681,71391,71401,10
12.97194958,80.19130707,71401,71411,10
12.97157955,80.19114685,71411,71421,10
12.97119045,80.19098663,71421,71431,10
12.97091961,80.19085693,71431,71442,11
12.97052002,80.19068146,71442,71452,10
12.97017956,80.1905365,71452,71462,10
12.96998024,80.19046021,71462,71472,10
12.96967983,80.19030762,71472,71482,10
12.96930027,80.19013977,71482,71492,10
12.96899986,80.19001007,71492,71502,10
12.96858025,80.18981171,71502,71512,10
12.96821976,80.18963623,71512,71522,10
12.96794033,80.18952179,71522,71542,20
12.96794033,80.18952179,71542,71553,11
12.96788025,80.18948364,71553,71563,10
12.96745968,80.18930054,71563,71573,10
12.96689987,80.18908691,71573,71583,10
12.96658039,80.18895721,71583,71593,10
12.96623039,80.18881226,71593,71609,16
12.96603966,80.18875885,71609,71621,12
12.96568966,80.18859863,71621,71631,10
12.96525002,80.18842316,71631,71641,10
12.96477032,80.18824768,71641,71651,10
12.96473026,80.18824005,71651,71662,11
12.96455956,80.18818665,71662,71672,10
12.96409035,80.18804169,71672,71681,9
12.96350956,80.18785858,71681,71692,11
12.96294022,80.18769836,71692,71702,10
12.96243,80.18757629,71702,71712,10
12.96189976,80.18746948,71712,71722,10
12.96121979,80.18736267,71722,71732,10
12.96065998,80.18727112,71732,71752,20
12.96065998,80.18727112,71752,71763,11
12.96049023,80.18723297,71763,71773,10
12.96010017,80.18721008,71773,71783,10
12.95956039,80.18714142,71783,71793,10
12.95899963,80.1871109,71793,71803,10
12.95851994,80.18710327,71803,71813,10
12.95800018,80.1871109,71813,71823,10
12.95763969,80.18711853,71823,71833,10
12.95732975,80.18710327,71833,71843,10
12.95707035,80.18708038,71843,71853,10
12.95680046,80.18707275,71853,71914,61
12.95680046,80.18707275,71914,71924,10
12.95625973,80.18702698,71924,72015,91
12.9558897,80.18701935,72015,72096,81
12.9558897,80.18701935,72096,72106,10
12.95545006,80.18692017,72106,72116,10
12.95503044,80.18685913,72116,72126,10
12.95431042,80.18675232,72126,72136,10
12.95355034,80.18663788,72136,72146,10
12.9528904,80.18654633,72146,72156,10
12.95191002,80.18630981,72156,72166,10
12.95098019,80.18602753,72166,72176,10
12.95016003,80.1857605,72176,72187,11
12.94972038,80.1856308,72187,72197,10
12.94970036,80.18562317,72197,72207,10
12.94946003,80.18553925,72207,72217,10
12.94902039,80.18537903,72217,72227,10
12.94878006,80.18527222,72227,72237,10
12.94836998,80.18515015,72237,72247,10
12.94783974,80.18493652,72247,72257,10
12.94736958,80.18463135,72257,72267,10
12.94678974,80.18419647,72267,72277,10
12.94620037,80.18370819,72277,72287,10
12.94559956,80.18325043,72287,72298,11
12.94493008,80.18309784,72298,72308,10
12.94466972,80.18312073,72308,72318,10
12.94460964,80.18312073,72318,72328,10
12.94423008,80.1831131,72328,72338,10
12.94382954,80.18306732,72338,72348,10
12.94322968,80.1830368,72348,72358,10
12.9424696,80.18300629,72358,72368,10
12.94167995,80.18292236,72368,72378,10
12.94081974,80.18283844,72378,72388,10
12.93974972,80.18276215,72388,72439,51
12.93974972,80.18276215,72439,72449,10
12.93951988,80.18264771,72449,72459,10
12.93920994,80.18257141,72459,72469,10
12.93898964,80.18251801,72469,72479,10
12.93883991,80.18247986,72479,72489,10
12.93836021,80.18237305,72489,72499,10
12.93766022,80.18231201,72499,72510,11
12.93692017,80.18231964,72510,72520,10
12.93622971,80.18235779,72520,72530,10
12.93562031,80.18244934,72530,72540,10
12.93511963,80.18247986,72540,72550,10
12.93437958,80.18231201,72550,72560,10
12.93354034,80.18209076,72560,72570,10
12.93260002,80.18186951,72570,72580,10
12.93167019,80.18171692,72580,72590,10
12.93099976,80.18164063,72590,72600,10
12.93082047,80.181633,72600,72611,11
12.93072987,80.18160248,72611,72621,10
12.9301796,80.18167114,72621,72631,10
12.9293499,80.18186951,72631,72641,10
12.92840958,80.18211365,72641,72651,10
12.92737961,80.18232727,72651,72661,10
12.92632008,80.18256378,72661,72671,10
12.92547035,80.18270874,72671,72681,10
12.92469978,80.18283844,72681,72691,10
12.92399025,80.18295288,72691,72701,10
12.9232502,80.18309784,72701,72712,11
12.92243958,80.18328094,72712,72722,10
12.92171955,80.18356323,72722,72732,10
12.92117977,80.18379974,72732,72742,10
12.92066002,80.18401337,72742,72812,70
12.92066002,80.18401337,72812,72823,11
12.92037964,80.18405914,72823,72833,10
12.92010021,80.18379974,72833,72843,10
12.91996002,80.18302155,72843,72853,10
12.91975975,80.18209839,72853,72863,10
12.91954041,80.18109894,72863,72873,10
12.91932011,80.1800766,72873,72883,10
12.91903019,80.17931366,72883,72893,10
12.91862965,80.17874146,72893,72903,10
12.91816044,80.17801666,72903,72913,10
12.91821957,80.17709351,72913,72923,10
12.9184103,80.17613983,72923,72934,11
12.91870022,80.17498779,72934,72944,10
12.91899014,80.17385864,72944,72954,10
12.91924953,80.17289734,72954,72964,10
12.91944027,80.17217255,72964,72974,10
12.91961002,80.17150116,72974,72984,10
12.91973972,80.17105103,72984,72994,10
12.91983032,80.17076874,72994,73004,10
12.92004967,80.1700592,73004,73014,10
12.92037964,80.16908264,73014,73024,10
12.92070961,80.16803741,73024,73034,10
12.92103004,80.16703796,73034,73045,11
12.92136955,80.166008,73045,73055,10
12.92164993,80.16512299,73055,73065,10
12.92193985,80.16426086,73065,73075,10
12.92214012,80.16355133,73075,73091,16
12.92247009,80.16246796,73091,73103,12
12.92276955,80.16156006,73103,73113,10
12.92306042,80.16060638,73113,73133,20
12.92306042,80.16060638,73133,73143,10
12.92317009,80.1602478,73143,73154,11
12.92331028,80.15939331,73154,73164,10
12.92339039,80.15836334,73164,73174,10
12.92350006,80.15724182,73174,73183,9
12.92356968,80.15647888,73183,73194,11
12.9235096,80.15560913,73194,73204,10
12.92333984,80.15512085,73204,73214,10
12.92327976,80.15487671,73214,73224,10
12.92321968,80.15455627,73224,73234,10
12.92304039,80.15383911,73234,73244,10
12.92282009,80.15296173,73244,73255,11
12.92259979,80.1519928,73255,73265,10
12.92259979,80.15139008,73265,73275,10
12.92259026,80.15101624,73275,73285,10
12.92257977,80.15046692,73285,73295,10
12.92255974,80.14981079,73295,73305,10
12.92251968,80.14914703,73305,73315,10
12.92249966,80.14849091,73315,73325,10
12.92249012,80.14794159,73325,73335,10
12.92247963,80.1475296,73335,73345,10
12.92247963,80.14723206,73345,73356,11
12.92249966,80.1468811,73356,73366,10
12.92249966,80.14640045,73366,73376,10
12.92247963,80.14582062,73376,73386,10
12.92245007,80.1452713,73386,73396,10
12.92243004,80.14450073,73396,73412,16
12.92241001,80.14360809,73412,73424,12
12.92241001,80.14344788,73424,73433,9
12.92238998,80.14315033,73433,73445,12
12.92238045,80.1427002,73445,73455,10
12.92236042,80.14228821,73455,73466,11
12.92236042,80.14177704,73466,73476,10
12.92234039,80.1414032,73476,73486,10
12.92232037,80.14074707,73486,73496,10
12.92232037,80.14029694,73496,73506,10
12.92230034,80.13957977,73506,73516,10
12.92230988,80.13881683,73516,73526,10
12.92238045,80.13790894,73526,73536,10
12.92243004,80.13716125,73536,73546,10
12.9224596,80.13623047,73546,73555,9
12.92249012,80.13533783,73555,73567,12
12.92253971,80.13421631,73567,73577,10
12.92259026,80.13327026,73577,73587,10
12.92259979,80.13269806,73587,73597,10
12.92263031,80.13197327,73597,73607,10
12.92269039,80.13118744,73607,73617,10
12.92271042,80.13034821,73617,73627,10
12.92273998,80.12978363,73627,73637,10
12.92276001,80.12931061,73637,73647,10
12.92282009,80.12869263,73647,73657,10
12.92284966,80.12809753,73657,73667,10
12.92286015,80.12751007,73667,73678,11
12.92288971,80.12590027,73678,73688,10
12.92288971,80.12590027,73688,73698,10
12.92294025,80.12487793,73698,73708,10
12.92298031,80.12380219,73708,73718,10
12.92302036,80.12274933,73718,73728,10
12.92306995,80.12172699,73728,73738,10
12.92311954,80.12106323,73738,73748,10
12.92315006,80.12090302,73748,73759,11
12.92319965,80.12042236,73759,73769,10
12.92323971,80.11976624,73769,73779,10
12.92323971,80.1193924,73779,73790,11
12.92323971,80.11937714,73790,73800,10
12.9232502,80.11911011,73800,73810,10
12.9232502,80.1187973,73810,73820,10
12.9232502,80.11853027,73820,73830,10
12.92327023,80.11833954,73830,73840,10
12.92339039,80.11779785,73840,73850,10
12.92341042,80.11708832,73850,73880,30
12.92356014,80.11694336,73880,73911,31
12.92356014,80.11694336,73911,73921,10
12.92352962,80.1171875,73921,73931,10
12.92348003,80.11740875,73931,73941,10
12.92354965,80.11773682,73941,73951,10
12.92350006,80.11799622,73951,73961,10
12.92343998,80.1185379,73961,73971,10
12.92341995,80.11920166,73971,73981,10
12.92333031,80.11981964,73981,73991,10
12.92327976,80.12033844,73991,74002,11
12.92325974,80.12109375,74002,74042,40
12.92325974,80.12109375,74042,74052,10
12.92319012,80.12129974,74052,74062,10
12.92319012,80.12168121,74062,74242,180
12.92319012,80.12168121,74242,74252,10
12.9231596,80.12203979,74252,74262,10
12.92315006,80.12258148,74262,74272,10
12.92311954,80.12319946,74272,74282,10
12.92308998,80.12377167,74282,74292,10
12.92304039,80.12439728,74292,74302,10
12.92302036,80.1255188,74302,74343,41
12.92302036,80.1255188,74343,74353,10
12.92296982,80.12586212,74353,74363,10
12.92294025,80.12634277,74363,74373,10
12.92292023,80.12687683,74373,74383,10
12.9229002,80.12747192,74383,74393,10
12.92286968,80.12793732,74393,74403,10
12.92282009,80.12834167,74403,74413,10
12.92280006,80.12882233,74413,74424,11
12.92278004,80.12950134,74424,74434,10
12.92275047,80.13005829,74434,74444,10
12.92273998,80.13069916,74444,74454,10
12.92276001,80.13117981,74454,74464,10
12.92276001,80.13121796,74464,74474,10
12.92273998,80.13155365,74474,74484,10
12.92271042,80.1322403,74484,74494,10
12.92265987,80.13311768,74494,74504,10
12.92259979,80.13408661,74504,74514,10
12.92255974,80.13500214,74514,74524,10
12.92253017,80.13581848,74524,74535,11
12.92247963,80.13684845,74535,74545,10
12.92243958,80.13775635,74545,74555,10
12.92236996,80.13861847,74555,74565,10
12.92234039,80.13950348,74565,74575,10
12.92236996,80.14035797,74575,74585,10
12.92236996,80.14093781,74585,74595,10
12.92238998,80.14164734,74595,74605,10
12.92240047,80.14214325,74605,74615,10
12.92241955,80.14269257,74615,74636,21
12.92241955,80.14269257,74636,74646,10
12.92241001,80.14295197,74646,74656,10
12.92245007,80.14338684,74656,74666,10
12.92247963,80.14379883,74666,74676,10
12.92247009,80.14385986,74676,74686,10
12.9224596,80.14411163,74686,74696,10
12.92247009,80.14447021,74696,74706,10
12.92249966,80.14511871,74706,74716,10
12.92255974,80.14597321,74716,74726,10
12.92255974,80.14685822,74726,74736,10
12.92257977,80.14736176,74736,74747,11
12.92257977,80.14753723,74747,74757,10
12.92255974,80.14785767,74757,74767,10
12.92253971,80.14837646,74767,74777,10
12.92259026,80.14919281,74777,74787,10
12.92263031,80.1501236,74787,74797,10
12.92265987,80.15110016,74797,74807,10
12.92269039,80.15170288,74807,74817,10
12.92269039,80.15180969,74817,74827,10
12.92269039,80.15187073,74827,74837,10
12.92273998,80.15235138,74837,74848,11
12.92294025,80.15322113,74848,74858,10
12.92333984,80.1546936,74858,74878,20
12.92333984,80.1546936,74878,74894,16
12.92341995,80.15506744,74894,74906,12
12.92362022,80.15596008,74906,74916,10
12.9236002,80.15688324,74916,74926,10
12.92350006,80.15789795,74926,74936,10
12.92339993,80.15898132,74936,74946,10
12.92333031,80.15995026,74946,74957,11
12.92321968,80.16046906,74957,74967,10
12.92317009,80.16059113,74967,74976,9
12.92302036,80.16107941,74976,74987,11
12.92273998,80.16191101,74987,74997,10
12.92243958,80.16284943,74997,75007,10
12.92214012,80.16377258,75007,75017,10
12.92187977,80.16461182,75017,75027,10
12.92154026,80.16564941,75027,75037,10
12.92117977,80.16674805,75037,75047,10
12.92086983,80.16776276,75047,75057,10
12.92066956,80.16838837,75057,75068,11
12.92041016,80.16924286,75068,75078,10
12.9201498,80.17011261,75078,75088,10
12.91983986,80.17118073,75088,75108,20
12.91983986,80.17118073,75108,75118,10
12.91969013,80.17160797,75118,75128,10
12.91950035,80.17233276,75128,75138,10
12.91923046,80.17324829,75138,75148,10
12.91901016,80.17427826,75148,75158,10
12.91874027,80.17539978,75158,75169,11
12.91845036,80.17653656,75169,75179,10
12.91827011,80.17758179,75179,75189,10
12.91858006,80.17855835,75189,75199,10
12.91917992,80.17944336,75199,75209,10
12.91948986,80.18048096,75209,75219,10
12.91973019,80.18161011,75219,75229,10
12.91998005,80.18267822,75229,75239,10
12.92018032,80.18348694,75239,75249,10
12.92020988,80.18364716,75249,75259,10
12.92026043,80.18383026,75259,75290,31
12.92026043,80.18383026,75290,75300,10
12.92028999,80.184021,75300,75316,16
12.92080021,80.18388367,75316,75328,12
12.92164993,80.18353271,75328,75338,10
12.92257023,80.18319702,75338,75348,10
12.92310047,80.18306732,75348,75358,10
12.92378998,80.1829834,75358,75368,10
12.92461967,80.18282318,75368,75379,11
12.92564011,80.18264771,75379,75389,10
12.92660046,80.18247223,75389,75399,10
12.92757988,80.18226624,75399,75409,10
12.92850971,80.18206024,75409,75419,10
12.92945957,80.18182373,75419,75429,10
12.93039036,80.18157196,75429,75439,10
12.93120956,80.18154144,75439,75449,10
12.93132019,80.18157196,75449,75459,10
12.93171978,80.18166351,75459,75469,10
12.93247986,80.18177795,75469,75479,10
12.93338013,80.18199158,75479,75490,11
12.93441963,80.18225098,75490,75500,10
12.93529987,80.18241882,75500,75510,10
12.93603992,80.18235016,75510,75520,10
12.93677044,80.18226624,75520,75530,10
12.93747044,80.18225098,75530,75540,10
12.93776035,80.18224335,75540,75550,10
12.93820953,80.18228912,75550,75560,10
12.93883991,80.18238831,75560,75570,10
12.93889046,80.18238831,75570,75580,10
12.93908978,80.18244171,75580,75591,11
12.93960953,80.18260956,75591,75601,10
12.94034004,80.18274689,75601,75611,10
12.94104004,80.18276215,75611,75621,10
12.94180012,80.18283081,75621,75631,10
12.94276047,80.18293762,75631,75641,10
12.94371986,80.1829834,75641,75651,10
12.94414043,80.1829834,75651,75661,10
12.94441986,80.18299866,75661,75671,10
12.94511986,80.1830368,75671,75681,10
12.94589043,80.18335724,75681,75691,10
12.94662952,80.18395233,75691,75702,11
12.94742012,80.18456268,75702,75718,16
12.94874001,80.18520355,75718,75758,40
12.94874001,80.18520355,75758,75769,11
12.94909954,80.18530273,75769,75781,12
12.94974041,80.18551636,75781,75791,10
12.95040035,80.18572998,75791,75800,9
12.95096016,80.18591309,75800,75812,12
12.95160007,80.18614197,75812,75821,9
12.95207977,80.1862793,75821,75832,11
12.9525404,80.18640137,75832,75842,10
12.95312023,80.18652344,75842,75852,10
12.95351982,80.18656921,75852,75862,10
12.95382023,80.18663025,75862,75872,10
12.95442009,80.1867218,75872,75882,10
12.9553299,80.1868515,75882,75933,51
12.9553299,80.1868515,75933,75943,10
12.9555397,80.18688965,75943,75953,10
12.95575047,80.1869278,75953,75963,10
12.95602036,80.18694305,75963,75973,10
12.95617008,80.18695068,75973,75983,10
12.95625019,80.18695831,75983,75993,10
12.95674992,80.18701172,75993,76003,10
12.95726967,80.18704224,76003,76013,10
12.95779991,80.1870575,76013,76024,11
12.95839024,80.1870575,76024,76034,10
12.95882034,80.1870575,76034,76044,10
12.9594202,80.18710327,76044,76054,10
12.95997047,80.18714142,76054,76064,10
12.96045017,80.18717957,76064,76074,10
12.96082973,80.18727112,76074,76084,10
12.96158028,80.18739319,76084,76104,20
12.96158028,80.18739319,76104,76113,9
12.96166039,80.18743134,76113,76125,12
12.96226978,80.18752289,76125,76135,10
12.96288967,80.18762207,76135,76145,10
12.96331978,80.18772125,76145,76155,10
12.96376038,80.18784332,76155,76165,10
12.96430969,80.1880188,76165,76175,10
12.96475983,80.18817902,76175,76185,10
12.96516991,80.18833923,76185,76195,10
12.96539974,80.18843842,76195,76205,10
12.9657402,80.18856049,76205,76215,10
12.96607018,80.18871307,76215,76225,10
12.96658993,80.1889267,76225,76236,11
12.96718979,80.18914032,76236,76246,10
12.96788025,80.18945313,76246,76256,10
12.96840954,80.18969727,76256,76266,10
12.96844006,80.18974304,76266,76276,10
12.96881962,80.18991089,76276,76286,10
12.96891022,80.18994904,76286,76296,10
12.96914005,80.19003296,76296,76306,10
12.9696703,80.19030762,76306,76316,10
12.97023964,80.19055939,76316,76326,10
12.97054958,80.19068909,76326,76337,11
12.97107983,80.19090271,76337,76347,10
12.97138977,80.19104767,76347,76357,10
12.97192955,80.19129944,76357,76367,10
12.97214031,80.19138336,76367,76377,10
12.97227001,80.19145203,76377,76387,10
12.97255993,80.19155884,76387,76397,10
12.9727602,80.19164276,76397,76407,10
12.97292995,80.19171906,76407,76417,10
12.97321033,80.19181061,76417,76427,10
12.97377968,80.1920166,76427,76437,10
12.97432041,80.19220734,76437,76448,11
12.97490978,80.19242096,76448,76458,10
12.97525024,80.19255829,76458,76468,10
12.97558022,80.19274139,76468,76478,10
12.97595978,80.19300079,76478,76488,10
12.97622967,80.19320679,76488,76498,10
12.97638035,80.19332123,76498,76508,10
12.97646999,80.19339752,76508,76518,10
12.97694016,80.19368744,76518,76528,10
12.97751045,80.19384766,76528,76538,10
12.97813034,80.19394684,76538,76549,11
12.9787302,80.19413757,76549,76559,10
12.97902966,80.19429016,76559,76569,10
12.97937012,80.19451141,76569,76579,10
12.97992039,80.19489288,76579,76589,10
12.98050976,80.19522095,76589,76599,10
12.98104954,80.19548035,76599,76609,10
12.98139954,80.19566345,76609,76619,10
12.98173046,80.19586182,76619,76629,10
12.98217964,80.19608307,76629,76639,10
12.98272991,80.19635773,76639,76649,10
12.98293972,80.1964035,76649,76660,11
12.98346043,80.19615173,76660,76670,10
12.98425961,80.19600677,76670,76680,10
12.98526001,80.19599915,76680,76690,10
12.98633003,80.1958313,76690,76706,16
12.98799992,80.1954422,76706,76718,12
12.98921967,80.19545746,76718,76728,10
12.99020004,80.1954422,76728,76738,10
12.99092007,80.19484711,76738,76748,10
12.99116039,80.19451141,76748,76758,10
12.99143982,80.19407654,76758,76769,11
12.99213982,80.19339752,76769,76779,10
12.99314976,80.19339752,76779,76789,10
12.99411011,80.19338989,76789,76799,10
12.99493027,80.19338226,76799,76809,10
12.99600029,80.19335175,76809,76821,12
12.99666023,80.1933136,76821,76831,10
12.99674034,80.19297028,76831,76841,10
12.9965601,80.19233704,76841,76851,10
12.99635983,80.19168854,76851,76861,10
12.99635983,80.19145203,76861,76872,11
12.99664974,80.19126129,76872,77018,146
12.99664974,80.19126129,77018,77028,10
12.99685001,80.19107819,77028,77038,10
12.99695015,80.19097137,77038,77260,222
12.99695015,80.19097137,77260,77270,10
12.99711037,80.19111633,77270,77280,10
12.99719048,80.19152832,77280,85460,8180
12.99752045,80.19139862,85460,85753,293
12.99752045,80.19139862,85753,85763,10
12.99736977,80.19174194,85763,85773,10
12.9971199,80.19181824,85773,85834,61
12.9971199,80.19181824,85834,85844,10
