13.02620029,80.26599121,11,4576,4565
13.02618027,80.26596832,4576,7980,3404
13.02618027,80.26596832,7980,7990,10
13.02624035,80.26603699,7990,8262,272
13.02628994,80.26593781,8262,8828,566
13.02632046,80.26590729,8828,10211,1383
13.0262804,80.26595306,10211,12575,2364
13.02624035,80.26577759,12575,17877,5302
13.02624035,80.26577759,17877,17887,10
13.0262804,80.26593018,17887,17897,10
13.02610016,80.26582336,17897,17907,10
13.02581024,80.26566315,17907,17918,11
13.02538013,80.26542664,17918,17928,10
13.02530003,80.26537323,17928,17938,10
13.02503967,80.26515961,17938,17948,10
13.02464008,80.26483154,17948,17958,10
13.0241003,80.2644577,17958,17968,10
13.02355003,80.26416016,17968,17978,10
13.02303028,80.26390076,17978,17988,10
13.02250004,80.26363373,17988,17998,10
13.02206039,80.26341248,17998,18008,10
13.02180004,80.26328278,18008,18018,10
13.02128029,80.26309967,18018,18029,11
13.02054024,80.26303864,18029,18039,10
13.01990032,80.26300049,18039,18049,10
13.01928997,80.26293945,18049,18059,10
13.01893997,80.26275635,18059,18069,10
13.01887035,80.26225281,18069,18079,10
13.01875973,80.26158142,18079,18089,10
13.01828957,80.26106262,18089,18099,10
13.01764011,80.26064301,18099,18109,10
13.01694012,80.26016235,18109,18119,10
13.01620007,80.25975037,18119,18130,11
13.01601028,80.25965881,18130,18140,10
13.0156498,80.25952148,18140,18150,10
13.01509953,80.2593689,18150,18160,10
13.01443958,80.25930023,18160,18170,10
13.01366997,80.25927734,18170,18180,10
13.0127697,80.2592392,18180,18190,10
13.01177979,80.25920868,18190,18200,10
13.01074982,80.25921631,18200,18210,10
13.00977039,80.25923157,18210,18220,10
13.00905991,80.25923157,18220,18230,10
13.00868988,80.25921631,18230,18241,11
13.00825024,80.25920868,18241,18251,10
13.00765991,80.25939178,18251,18261,10
13.00724983,80.25888062,18261,18271,10
13.00695992,80.25830841,18271,18281,10
13.00667953,80.25785828,18281,18291,10
13.00646019,80.25737,18291,18301,10
13.00646019,80.25679779,18301,18311,10
13.00648022,80.25604248,18311,18321,10
13.00650024,80.25514221,18321,18332,11
13.00652027,80.25414276,18332,18342,10
13.00652027,80.25335693,18342,18352,10
13.00652027,80.25318146,18352,18362,10
13.00652027,80.25299835,18362,18372,10
13.00654984,80.25250244,18372,18382,10
13.00667953,80.25183868,18382,18392,10
13.00677967,80.2511673,18392,18402,10
13.00675011,80.25035858,18402,18412,10
13.00675011,80.24935913,18412,18422,10
13.00667953,80.24835205,18422,18433,11
13.00666046,80.24743652,18433,18443,10
13.00664997,80.24674988,18443,18453,10
13.00664043,80.24664307,18453,18463,10
13.00666046,80.24626923,18463,18473,10
13.00664043,80.24565887,18473,18483,10
13.00664043,80.24490356,18483,18493,10
13.00664997,80.24404144,18493,18503,10
13.00664043,80.24308777,18503,18513,10
13.00660992,80.24214172,18513,18523,10
13.00664997,80.24114227,18523,18533,10
13.00681973,80.24028015,18533,18544,11
13.00699997,80.23922729,18544,18554,10
13.00718975,80.23825073,18554,18564,10
13.00739956,80.2372818,18564,18574,10
13.00751019,80.23655701,18574,18584,10
13.00767994,80.23589325,18584,18594,10
13.00780964,80.23513794,18594,18604,10
13.00796986,80.23430634,18604,18614,10
13.00815964,80.23336792,18614,18624,10
13.00837994,80.23226929,18624,18635,11
13.00862026,80.23100281,18635,18645,10
13.00883961,80.2298584,18645,18655,10
13.0090704,80.22872162,18655,18665,10
13.00940037,80.22769928,18665,18675,10
13.00986958,80.22664642,18675,18684,9
13.01033974,80.2257309,18684,18695,11
13.01088047,80.22457886,18695,18705,10
13.0112896,80.22358704,18705,18715,10
13.01144028,80.22315979,18715,18725,10
13.01152039,80.22296143,18725,18736,11
13.01173019,80.22242737,18736,18746,10
13.01200008,80.22168732,18746,18756,10
13.0124197,80.22154236,18756,18766,10
13.01276016,80.22203827,18766,18776,10
13.01331997,80.22268677,18776,18786,10
13.01379013,80.22322845,18786,18796,10
13.01401997,80.22351074,18796,18806,10
13.01412964,80.22361755,18806,18816,10
13.01424026,80.22377014,18816,18826,10
13.01430035,80.22389984,18826,18836,10
13.01459026,80.22425842,18836,18847,11
13.01511955,80.22476196,18847,18857,10
13.01548958,80.22492981,18857,18867,10
13.01556969,80.22501373,18867,18877,10
13.01580048,80.22521973,18877,18887,10
13.01640034,80.22531128,18887,18897,10
13.01718998,80.22505951,18897,18907,10
13.01807976,80.22470093,18907,18917,10
13.01904964,80.22437286,18917,18927,10
13.01988029,80.224617,18927,18938,11
13.02070045,80.2252121,18938,18948,10
13.02143002,80.22575378,18948,18958,10
13.02194977,80.22609711,18958,18968,10
13.02202034,80.22615814,18968,18978,10
13.02227974,80.22637177,18978,18988,10
13.02268028,80.22675323,18988,18998,10
13.02322006,80.22725677,18998,19008,10
13.02383995,80.22783661,19008,19018,10
13.02445984,80.22856903,19018,19028,10
13.02503014,80.22937012,19028,19039,11
13.02562046,80.2301712,19039,19049,10
13.02598,80.2309494,19049,19059,10
13.02626038,80.23135376,19059,19069,10
13.02680969,80.23123169,19069,19079,10
13.02748966,80.23103333,19079,19089,10
13.0282402,80.23094177,19089,19098,9
13.0289402,80.23085022,19098,19109,11
13.02947998,80.23081207,19109,19119,10
13.02995968,80.23075867,19119,19129,10
13.03061962,80.23071289,19129,19140,11
13.03125954,80.23065948,19140,19150,10
13.03197002,80.23059082,19150,19160,10
13.03271961,80.23052979,19160,19170,10
13.03345966,80.23047638,19170,19180,10
13.03404045,80.23043823,19180,19190,10
13.03419018,80.2304306,19190,19200,10
13.03442955,80.23040009,19200,19210,10
13.03489971,80.23027039,19210,19220,10
13.03512001,80.23036194,19220,19230,10
13.03464985,80.2303772,19230,19251,21
13.03464985,80.2303772,19251,19261,10
13.03433037,80.23043823,19261,19271,10
13.03405952,80.23046875,19271,19281,10
13.0339098,80.23046112,19281,19291,10
13.03349018,80.23049164,19291,19301,10
13.03297997,80.23052216,19301,19311,10
13.03240013,80.23058319,19311,19321,10
13.03172016,80.2306366,19321,19331,10
13.03094006,80.23071289,19331,19342,11
13.0302,80.2307663,19342,19352,10
13.0297699,80.23082733,19352,19362,10
13.02966022,80.23084259,19362,19372,10
13.02925968,80.23088074,19372,19382,10
13.02863979,80.23094177,19382,19392,10
13.02795029,80.23100281,19392,19402,10
13.02764034,80.23110199,19402,19412,10
13.02766991,80.23149872,19412,19422,10
13.02773952,80.23195648,19422,19432,10
13.0278101,80.23232269,19432,19442,10
13.02787018,80.23278046,19442,19453,11
13.02725029,80.23291016,19453,19463,10
13.02684021,80.23300171,19463,19473,10
13.02655029,80.23297882,19473,19483,10
13.02632999,80.23256683,19483,19493,10
13.02610016,80.23188782,19493,19503,10
13.02587032,80.23104858,19503,19513,10
13.02542019,80.23008728,19513,19523,10
13.02476025,80.22915649,19523,19533,10
13.02420998,80.228508,19533,19543,10
13.0240097,80.22828674,19543,19554,11
13.02390003,80.2281189,19554,19564,10
13.02361965,80.22781372,19564,19574,10
13.02291965,80.22715759,19574,19594,20
13.02291965,80.22715759,19594,19604,10
13.02283955,80.22705078,19604,19614,10
13.02254009,80.22676086,19614,19624,10
13.02208042,80.22631836,19624,19634,10
13.02147007,80.22583771,19634,19645,11
13.02066994,80.22525787,19645,19655,10
13.01982975,80.2246933,19655,19665,10
13.01875973,80.22451782,19665,19674,9
13.0177803,80.22489929,19674,19685,11
13.01679993,80.22528839,19685,19695,10
13.0162096,80.22537994,19695,19705,10
13.01574039,80.22566986,19705,19715,10
13.0150404,80.22596741,19715,19725,10
13.01441956,80.22621155,19725,19735,10
13.01430035,80.22625732,19735,19745,10
13.01426029,80.22625732,19745,19756,11
13.01391029,80.22640228,19756,19766,10
13.01336956,80.22662354,19766,19776,10
13.01264954,80.22691345,19776,19786,10
13.01181984,80.22722626,19786,19796,10
13.01089954,80.22759247,19796,19806,10
13.0099802,80.22795868,19806,19816,10
13.0092001,80.22844696,19816,19826,10
13.00897026,80.2294693,19826,19836,10
13.00876045,80.23058319,19836,19846,10
13.00856018,80.23168182,19846,19857,11
13.00833988,80.23284149,19857,19867,10
13.00823975,80.23356628,19867,19877,10
13.00817966,80.23377991,19877,19887,10
13.00809002,80.23420715,19887,19897,10
13.00796986,80.2348175,19897,19907,10
13.00780964,80.23564148,19907,19917,10
13.00761032,80.23664093,19917,19927,10
13.00739956,80.23770142,19927,19937,10
13.0072403,80.23858643,19937,19948,11
13.00706959,80.23947144,19948,19958,10
13.00695038,80.2399826,19958,19968,10
13.00691986,80.24037933,19968,19978,10
13.00687027,80.24079132,19978,19988,10
13.00681019,80.24105835,19988,19998,10
13.00675964,80.24162292,19998,20008,10
13.00675964,80.24236298,20008,20018,10
13.00673008,80.24320221,20018,20028,10
13.00673008,80.24417114,20028,20038,10
13.00675011,80.24521637,20038,20048,10
13.00677013,80.24620056,20048,20059,11
13.00677967,80.24736023,20059,20069,10
13.00679016,80.24839783,20069,20079,10
13.00689983,80.24932098,20079,20089,10
13.00691986,80.24960327,20089,20099,10
13.00689983,80.24980164,20099,20109,10
13.0068903,80.25031281,20109,20119,10
13.00689983,80.2509613,20119,20129,10
13.0067997,80.25170135,20129,20139,10
13.00660992,80.25256348,20139,20150,11
13.00660038,80.25367737,20150,20160,10
13.00664043,80.25483704,20160,20170,10
13.00666046,80.25601196,20170,20180,10
13.00669003,80.25697327,20180,20190,10
13.00681019,80.25763702,20190,20200,10
13.00720024,80.25833893,20200,20210,10
13.00767994,80.25863647,20210,20220,10
13.00776005,80.25868225,20220,20230,10
13.00809956,80.25884247,20230,20240,10
13.00870037,80.25904083,20240,20251,11
13.0095396,80.25907898,20251,20261,10
13.01047993,80.25907898,20261,20271,10
13.01152992,80.25906372,20271,20281,10
13.01264,80.25910187,20281,20291,10
13.01379967,80.25914001,20291,20301,10
13.0149498,80.25917816,20301,20311,10
13.01593971,80.25939178,20311,20321,10
13.01644039,80.25965881,20321,20331,10
13.01648045,80.25969696,20331,20341,10
13.01659966,80.25980377,20341,20352,11
13.01704025,80.26011658,20352,20362,10
13.0176096,80.26049805,20362,20372,10
13.01830006,80.26097107,20372,20382,10
13.01889992,80.26142883,20382,20392,10
13.01947975,80.26193237,20392,20402,10
13.02003956,80.26249695,20402,20412,10
13.02054024,80.26277924,20412,20422,10
13.02122021,80.26299286,20422,20432,10
13.02190971,80.26325226,20432,20442,10
13.02215958,80.2633667,20442,20453,11
13.02258015,80.26358032,20453,20463,10
13.02299023,80.26378632,20463,20473,10
13.02338028,80.26402283,20473,20483,10
13.02394009,80.26435852,20483,20493,10
13.02455997,80.26480865,20493,20503,10
13.02521038,80.26528931,20503,20513,10
13.0261097,80.26583862,20513,20533,20
13.0261097,80.26583862,20533,20543,10
13.02616024,80.26587677,20543,20553,10
13.02626038,80.2660675,20553,20564,11
13.0261097,80.26631927,20564,20574,10
13.02649975,80.26641083,20574,20846,272
13.02649975,80.26641083,20846,20857,11
13.02659988,80.26631165,20857,21362,505
13.02659988,80.26638031,21362,21887,525
13.0266304,80.26641083,21887,22462,575
13.02651978,80.26635742,22462,22583,121
13.02665997,80.26634216,22583,22775,192
13.02665997,80.26634216,22775,22785,10
13.02647018,80.26631927,22785,22796,11
13.02657032,80.26644897,22796,22826,30
13.02649975,80.26641083,22826,27643,4817
13.02649975,80.26641083,27643,27653,10
13.02641964,80.26638031,27653,27663,10
13.02632046,80.26641846,27663,27673,10
13.02614021,80.26638031,27673,27684,11
13.02620029,80.26603699,27684,27704,20
13.02620029,80.26603699,27704,27714,10
13.02624989,80.26595306,27714,27724,10
13.02633953,80.26564789,27724,27734,10
13.02657032,80.26554108,27734,28734,1000
13.02657032,80.26554108,28734,28744,10
13.02651024,80.26538086,28744,28754,10
13.0264101,80.26531982,28754,28764,10
13.02639961,80.26508331,28764,28774,10
13.02645969,80.26464081,28774,28784,10
13.02651978,80.26410675,28784,28794,10
13.0265398,80.26392365,28794,28805,11
13.02657986,80.26377106,28805,28815,10
13.02661991,80.26345825,28815,28825,10
13.02694988,80.26344299,28825,28835,10
13.02744007,80.2635498,28835,28845,10
13.02799988,80.26370239,28845,28855,10
13.02828026,80.26376343,28855,28865,10
13.02842045,80.2638092,28865,28875,10
13.0287199,80.26390839,28875,28885,10
13.0290699,80.26403046,28885,28895,10
13.02929974,80.26431274,28895,28905,10
13.0292902,80.26481628,28905,28916,11
13.02927971,80.26602173,28916,28946,30
13.02927971,80.26602173,28946,28956,10
13.02923012,80.26631927,28956,28966,10
13.02931023,80.26651764,28966,28976,10
13.02966976,80.2665863,28976,28986,10
13.03026009,80.26669312,28986,28996,10
13.03094959,80.26682281,28996,29006,10
13.03157043,80.26703644,29006,29016,10
13.03223991,80.26734924,29016,29027,11
13.03277016,80.26766968,29027,29037,10
13.03334045,80.26782227,29037,29047,10
13.03411007,80.26795959,29047,29067,20
13.03411007,80.26795959,29067,29077,10
13.03452015,80.268013,29077,29087,10
13.03507042,80.26793671,29087,29097,10
13.03569984,80.26785278,29097,29107,10
13.03637028,80.26772308,29107,29117,10
13.03680992,80.26757813,29117,29128,11
13.03703022,80.26693726,29128,29138,10
13.03709984,80.26644135,29138,29148,10
13.03709984,80.26641846,29148,29158,10
13.03711033,80.26634979,29158,29168,10
13.03719997,80.26602173,29168,29178,10
13.03734016,80.26545715,29178,29188,10
13.03752041,80.26473236,29188,29198,10
13.03775978,80.264328,29198,29208,10
13.03824997,80.26445007,29208,29219,11
13.03866959,80.26455688,29219,29229,10
13.03907967,80.26463318,29229,29239,10
13.03967953,80.26463318,29239,29249,10
13.04036999,80.26457214,29249,29259,10
13.04076958,80.26461029,29259,29269,10
13.04125977,80.26467133,29269,29279,10
13.04141998,80.26500702,29279,29289,10
13.04131985,80.26551056,29289,29299,10
13.0412302,80.26618195,29299,29309,10
13.04109955,80.26693726,29309,29320,11
13.04094028,80.26789856,29320,29330,10
13.04094028,80.26789856,29330,29340,10
13.04121017,80.26815796,29340,29350,10
13.04160976,80.2681427,29350,29360,10
13.04162025,80.2681427,29360,29370,10
13.0418396,80.2681427,29370,29380,10
13.04234982,80.26808167,29380,29390,10
13.04300976,80.26779938,29390,29400,10
13.04356003,80.26744843,29400,29410,10
13.04413986,80.26709747,29410,29420,10
13.04465008,80.26682281,29420,29430,10
13.0453701,80.2666626,29430,29441,11
13.04631996,80.26641846,29441,29451,10
13.04706955,80.26629639,29451,29461,10
13.04726028,80.26629639,29461,29470,9
13.04747009,80.26628876,29470,29481,11
13.04786968,80.26615143,29481,29491,10
13.0482502,80.26583099,29491,29501,10
13.04866982,80.26540375,29501,29512,11
13.04895973,80.26483917,29512,29522,10
13.04922009,80.26419067,29522,29532,10
13.04979038,80.26403809,29532,29542,10
13.05041981,80.26409912,29542,29552,10
13.05099964,80.26407623,29552,29562,10
13.05148029,80.26399231,29562,29572,10
13.05189037,80.26387787,29572,29582,10
13.05210018,80.26381683,29582,29592,10
13.05245018,80.26374817,29592,29613,21
13.05245018,80.26374817,29613,29623,10
13.05280972,80.26383972,29623,29633,10
13.05329037,80.26389313,29633,29643,10
13.05373001,80.26396942,29643,29653,10
13.05410004,80.26412964,29653,29663,10
13.05459976,80.26426697,29663,29673,10
13.05471039,80.26428223,29673,29683,10
13.05480957,80.26431274,29683,29693,10
13.05517006,80.26438141,29693,29703,10
13.05564022,80.2644577,29703,29713,10
13.05618,80.26451874,29713,29724,11
13.05694008,80.26464081,29724,29734,10
13.05729008,80.26477814,29734,29744,10
13.05755043,80.26496124,29744,29754,10
13.05803013,80.2649231,29754,29764,10
13.05795002,80.26425934,29764,29774,10
13.05782986,80.26348877,29774,29784,10
13.05778027,80.2627182,29784,29794,10
13.05770969,80.26203918,29794,29804,10
13.05757999,80.26129913,29804,29814,10
13.05776024,80.26100922,29814,29825,11
13.05840969,80.26094818,29825,29835,10
13.05910969,80.26085663,29835,29845,10
13.05967045,80.26055145,29845,29855,10
13.06004047,80.26055908,29855,29865,10
13.06037045,80.26100922,29865,29875,10
13.06091022,80.26154327,29875,29885,10
13.06142998,80.26207733,29885,29895,10
13.06192017,80.26264954,29895,29905,10
13.0620203,80.26277924,29905,29915,10
13.06204033,80.26284027,29915,29925,10
13.06225967,80.2631073,29925,29936,11
13.06266022,80.26361084,29936,29946,10
13.06282997,80.26378632,29946,29956,10
13.0630703,80.26409912,29956,29966,10
13.06342983,80.26463318,29966,29976,10
13.06381989,80.26525879,29976,29986,10
13.06425953,80.26589966,29986,29996,10
13.06482029,80.26656342,29996,30006,10
13.06540012,80.26712036,30006,30016,10
13.06595993,80.26769257,30016,30026,10
13.06649017,80.26831055,30026,30037,11
13.06709003,80.26859283,30037,30047,10
13.06715012,80.26860809,30047,30057,10
13.06742001,80.26880646,30057,30067,10
13.06787014,80.26915741,30067,30077,10
13.06828976,80.26954651,30077,30086,9
13.06824017,80.27008057,30086,30097,11
13.06816006,80.27089691,30097,30107,10
13.06832027,80.27158356,30107,30117,10
13.06875038,80.27191925,30117,30127,10
13.06931019,80.27217865,30127,30138,11
13.06989002,80.272789,30138,30148,10
13.07036972,80.27336121,30148,30158,10
13.07085991,80.27394867,30158,30168,10
13.07114983,80.27407837,30168,30178,10
13.07149029,80.27417755,30178,30228,50
13.07149029,80.27417755,30228,30239,11
13.07176018,80.27429199,30239,30249,10
13.07209969,80.27458191,30249,30259,10
13.07250023,80.27503967,30259,30269,10
13.0729599,80.27554321,30269,30279,10
13.07343006,80.27604675,30279,30289,10
13.07394028,80.27633667,30289,30299,10
13.07468987,80.27631378,30299,30309,10
13.07546997,80.27628326,30309,30319,10
13.07610989,80.27626801,30319,30329,10
13.07674026,80.27626038,30329,30340,11
13.0775404,80.27619934,30340,30350,10
13.07816029,80.27606201,30350,30360,10
13.07835007,80.2755127,30360,30370,10
13.07876968,80.27513885,30370,30380,10
13.07933998,80.27522278,30380,30390,10
13.08003998,80.27529907,30390,30400,10
13.08084965,80.27522278,30400,30410,10
13.08123016,80.275177,30410,30441,31
13.08123016,80.275177,30441,30451,10
13.08148956,80.27516174,30451,30461,10
13.08162022,80.27516174,30461,30471,10
13.08185959,80.27523041,30471,30481,10
13.08201981,80.27541351,30481,30511,30
13.08201981,80.27541351,30511,30521,10
13.08205986,80.27565002,30521,30531,10
13.08201981,80.27593231,30531,30542,11
13.08191013,80.27616119,30542,30552,10
13.08195972,80.27664185,30552,30562,10
13.0820303,80.27731323,30562,30572,10
13.08211994,80.27794647,30572,30582,10
13.08238983,80.27805328,30582,30592,10
13.08285999,80.27806854,30592,30602,10
13.08327007,80.27809143,30602,30612,10
13.08343983,80.27832031,30612,30622,10
13.08355999,80.27883911,30622,30632,10
13.0838604,80.27916718,30632,30643,11
13.08456039,80.27926636,30643,30653,10
13.08524036,80.27942657,30653,30663,10
13.08565044,80.27996063,30663,30673,10
13.08584023,80.28072357,30673,30683,10
13.0864296,80.28101349,30683,30693,10
13.08714008,80.28121948,30693,30703,10
13.08780956,80.28134918,30703,30713,10
13.0880003,80.28137207,30713,30723,10
13.08827019,80.28141785,30723,30733,10
13.0886097,80.28160095,30733,30744,11
13.08854008,80.28209686,30744,30754,10
13.08841038,80.28251648,30754,30764,10
13.08827972,80.28244781,30764,30774,10
13.0882597,80.2822113,30774,30784,10
13.08812046,80.28173065,30784,30794,10
13.0876503,80.28144073,30794,30804,10
13.08689976,80.28127289,30804,30966,162
13.08689976,80.28127289,30966,30976,10
13.08648968,80.28103638,30976,30986,10
13.08613014,80.28092957,30986,30996,10
13.08588028,80.2808609,30996,31006,10
13.08563995,80.28040314,31006,31016,10
13.08543968,80.27970123,31016,31026,10
13.08481026,80.27929688,31026,31036,10
13.08399963,80.27916718,31036,31046,10
13.08323956,80.27895355,31046,31057,11
13.0823698,80.27855682,31057,31067,10
13.08195019,80.27825928,31067,31077,10
13.08187008,80.27767181,31077,31087,10
13.08180046,80.27693939,31087,31238,151
13.08180046,80.27693939,31238,31248,10
13.08185005,80.27654266,31248,31259,11
13.08176994,80.27617645,31259,31269,10
13.08174038,80.27606201,31269,31279,10
13.08166027,80.27590179,31279,31309,30
13.08166027,80.27590179,31309,31319,10
13.08160019,80.27572632,31319,31380,61
13.08160019,80.27572632,31380,31390,10
13.08154964,80.27541351,31390,31410,20
13.08154964,80.27541351,31410,31420,10
13.08146954,80.27523804,31420,31430,10
13.08125019,80.27519989,31430,31440,10
13.08100986,80.27523804,31440,31450,10
13.08076,80.27526093,31450,31461,11
13.08047962,80.27529144,31461,31471,10
13.08022022,80.27532196,31471,31481,10
13.07995987,80.27533722,31481,31491,10
13.07970047,80.27533722,31491,31501,10
13.07933044,80.27528381,31501,31511,10
13.07878017,80.27519226,31511,31521,10
13.07826996,80.27565765,31521,31531,10
13.07787037,80.27622986,31531,31541,10
13.07715988,80.27626038,31541,31551,10
13.07653046,80.27632141,31551,31562,11
13.07598019,80.27636719,31562,31572,10
13.07559967,80.27641296,31572,31652,80
13.07559967,80.27641296,31652,31663,11
13.07532024,80.27639008,31663,31673,10
13.07507992,80.27639771,31673,31683,10
13.07501984,80.27639008,31683,31693,10
13.07470036,80.27642059,31693,31703,10
13.07384014,80.27649689,31703,31733,30
13.07384014,80.27649689,31733,31743,10
13.07355976,80.27651215,31743,31753,10
13.07322025,80.27619934,31753,31764,11
13.07287979,80.27577209,31764,31774,10
13.07256031,80.275383,31774,31784,10
13.07217026,80.27496338,31784,31794,10
13.07170963,80.27458954,31794,31804,10
13.07112026,80.27445984,31804,31814,10
13.07075977,80.27427673,31814,31824,10
13.07073975,80.27426147,31824,31834,10
13.07061958,80.2741394,31834,31844,10
13.07048035,80.27380371,31844,31854,10
13.07024002,80.27337646,31854,31864,10
13.06984043,80.27292633,31864,31875,11
13.06929016,80.27237701,31875,31885,10
13.06882954,80.27204132,31885,31895,10
13.06838989,80.27185822,31895,31905,10
13.06816006,80.27159119,31905,31915,10
13.06787968,80.27121735,31915,31925,10
13.06742001,80.27072144,31925,31935,10
13.06717968,80.27047729,31935,31945,10
13.06713009,80.270401,31945,31955,10
13.06690025,80.2701416,31955,31965,10
13.06657028,80.26976013,31965,31976,11
13.06645012,80.26931763,31976,31986,10
13.06637001,80.26870728,31986,31996,10
13.06614017,80.26821136,31996,32006,10
13.0657196,80.26776123,32006,32016,10
13.06519985,80.26760864,32016,32036,20
13.06519985,80.26760864,32036,32046,10
13.06499958,80.2675705,32046,32056,10
13.06455994,80.26747894,32056,32066,10
13.06402016,80.26738739,32066,32077,11
13.06328011,80.26725006,32077,32087,10
13.06266022,80.2670517,32087,32097,10
13.06219959,80.26651764,32097,32107,10
13.06175041,80.26595306,32107,32117,10
13.06128979,80.26540375,32117,32127,10
13.06074047,80.26526642,32127,32137,10
13.06040001,80.26548004,32137,32147,10
13.06039047,80.26548004,32147,32157,10
13.06029987,80.26548767,32157,32167,10
13.05998039,80.26557922,32167,32178,11
13.05943966,80.26555634,32178,32188,10
13.05885983,80.26545715,32188,32198,10
13.05846024,80.26542664,32198,32208,10
13.05792999,80.26524353,32208,32218,10
13.05735016,80.26496887,32218,32228,10
13.05716991,80.26487732,32228,32238,10
13.05714035,80.26489258,32238,32248,10
13.05685997,80.26474762,32248,32258,10
13.05642986,80.26460266,32258,32268,10
13.05583954,80.26454163,32268,32279,11
13.05519962,80.26444244,32279,32289,10
13.05500984,80.26438904,32289,32299,10
13.05482006,80.26437378,32299,32309,10
13.05438042,80.26429749,32309,32329,20
13.05438042,80.26429749,32329,32339,10
13.05414963,80.26422882,32339,32349,10
13.05391979,80.26413727,32349,32380,31
13.05391979,80.26413727,32380,32390,10
13.0536499,80.26397705,32390,32400,10
13.05325985,80.26390076,32400,32410,10
13.05280018,80.26386261,32410,32420,10
13.05241013,80.26381683,32420,32430,10
13.05206966,80.26386261,32430,32440,10
13.05179977,80.26390839,32440,32450,10
13.05167961,80.26392365,32450,32460,10
13.05128002,80.26403046,32460,32470,10
13.0506897,80.26409912,32470,32480,10
13.05002975,80.26407623,32480,32491,11
13.04926014,80.2641983,32491,32501,10
13.04897022,80.26490021,32501,32511,10
13.04885006,80.26516724,32511,32521,10
13.04862022,80.26547241,32521,32531,10
13.04819965,80.26586914,32531,32541,10
13.0478096,80.26618195,32541,32551,10
13.04736996,80.26631165,32551,32561,10
13.0469799,80.26638031,32561,32571,10
13.04697037,80.26637268,32571,32582,11
13.04679966,80.26634216,32582,32592,10
13.04640007,80.26638031,32592,32602,10
13.0458498,80.26656342,32602,32612,10
13.04533958,80.26664734,32612,32622,10
13.04491997,80.26670837,32622,32632,10
13.04450035,80.26683807,32632,32642,10
13.04391003,80.26718903,32642,32652,10
13.04312038,80.26769257,32652,32662,10
13.04244995,80.26808167,32662,32672,10
13.04176998,80.26821136,32672,32682,10
13.04129982,80.26824951,32682,32703,21
13.04129982,80.26824951,32703,32713,10
13.04094982,80.26822662,32713,32723,10
13.04055977,80.2681427,32723,32733,10
13.04014969,80.26796722,32733,32743,10
13.03973007,80.26782227,32743,32753,10
13.03923988,80.26770782,32753,32763,10
13.03857994,80.26761627,32763,32773,10
13.03792,80.26766205,32773,32783,10
13.03775024,80.26764679,32783,32794,11
13.03761959,80.26760101,32794,32804,10
13.03728008,80.2675705,32804,32814,10
13.03682041,80.26761627,32814,32824,10
13.03639984,80.2677002,32824,32834,10
13.03588963,80.26777649,32834,32844,10
13.03561974,80.26783752,32844,32854,10
13.03536034,80.26786041,32854,32864,10
13.0350399,80.26789856,32864,32874,10
13.03477955,80.26793671,32874,32884,10
13.03450966,80.26799774,32884,32895,11
13.03423977,80.26799774,32895,32905,10
13.03423023,80.26799774,32905,32915,10
13.03398037,80.26796722,32915,32925,10
13.03349972,80.26786041,32925,32935,10
13.03289986,80.2677536,32935,32945,10
13.03252029,80.26746368,32945,32955,10
13.03197956,80.26721954,32955,32965,10
13.03137016,80.26695251,32965,32975,10
13.03089046,80.26686096,32975,32985,10
13.03030014,80.26677704,32985,32996,11
13.02989006,80.26670837,32996,33006,10
13.02980042,80.26669312,33006,33016,10
13.02960968,80.26663208,33016,33026,10
13.0291996,80.26647949,33026,33035,9
13.02882004,80.26635742,33035,33046,11
13.02820969,80.26625824,33046,33056,10
13.02752018,80.26618958,33056,33066,10
13.02694035,80.26611328,33066,33076,10
13.02684021,80.26592255,33076,33086,10
13.02665043,80.26554871,33086,33783,697
13.02665043,80.26554871,33783,33793,10
13.02649021,80.26573181,33793,33904,111
13.02665043,80.26554108,33904,34369,465
13.02665043,80.26554108,34369,34379,10
13.0265398,80.26545715,34379,34389,10
13.02637959,80.26535034,34389,34399,10
13.02633953,80.26525116,34399,34409,10
13.02635002,80.26493073,34409,34419,10
13.02647972,80.26406097,34419,34440,21
13.02647972,80.26406097,34440,34450,10
13.0265398,80.2639389,34450,34460,10
13.02657032,80.26355743,34460,34470,10
13.02665997,80.26339722,34470,34480,10
13.02696991,80.26345825,34480,34490,10
13.02742958,80.26354218,34490,34500,10
13.02793026,80.26365662,34500,34510,10
13.02828979,80.26376343,34510,34520,10
13.02828979,80.26377106,34520,34531,11
13.02863979,80.26386261,34531,34541,10
13.02915001,80.26399994,34541,34551,10
13.02937984,80.26418304,34551,34561,10
13.02937984,80.26447296,34561,34571,10
13.02935982,80.26512909,34571,34581,10
13.02931023,80.26550293,34581,34591,10
13.0292902,80.26593781,34591,34601,10
13.0292902,80.26596832,34601,34611,10
13.02925014,80.26625824,34611,34621,10
13.02937984,80.26651764,34621,34631,10
13.02978039,80.26660156,34631,34642,11
13.03038979,80.26667786,34642,34652,10
13.03114033,80.26683044,34652,34662,10
13.03178024,80.26708984,34662,34672,10
13.03234959,80.26734161,34672,34682,10
13.03275967,80.26763916,34682,34692,10
13.03334045,80.26779938,34692,34702,10
13.0340004,80.26792908,34702,34722,20
13.0340004,80.26792908,34722,34732,10
13.03419971,80.26795197,34732,34743,11
13.03460026,80.26796722,34743,34753,10
13.03470993,80.26795959,34753,34763,10
13.03505993,80.26792145,34763,34773,10
13.0355196,80.26783752,34773,34783,10
13.03606033,80.2677536,34783,34793,10
13.03660965,80.26766205,34793,34803,10
13.03686047,80.26743317,34803,34813,10
13.03703022,80.26701355,34813,34823,10
13.03711987,80.2664032,34823,34844,21
13.03711987,80.2664032,34844,34854,10
13.03717995,80.26618958,34854,34864,10
13.03728962,80.26580048,34864,34874,10
13.03740978,80.26525116,34874,34884,10
13.03756046,80.26454163,34884,34894,10
13.03781986,80.26428986,34894,34904,10
13.03822041,80.26441956,34904,34914,10
13.03855038,80.26451111,34914,34924,10
13.03890991,80.26457977,34924,34935,11
13.03950024,80.2646637,34935,34945,10
13.03999996,80.26454926,34945,34955,10
13.04055977,80.2645874,34955,34965,10
13.0408802,80.26461792,34965,34975,10
13.04137993,80.2646637,34975,34985,10
13.04143047,80.2651062,34985,34995,10
13.04131985,80.26550293,34995,35005,10
13.04119968,80.26593781,35005,35015,10
13.04117012,80.26625824,35015,35025,10
13.04111004,80.26672363,35025,35035,10
13.04096031,80.2675705,35035,35045,10
13.04096031,80.2675705,35045,35056,11
13.04098988,80.26806641,35056,35066,10
13.04160023,80.26809692,35066,35086,20
13.04160023,80.26809692,35086,35096,10
13.04179955,80.2681427,35096,35106,10
13.04226017,80.26808929,35106,35116,10
13.04273987,80.26789856,35116,35126,10
13.04337025,80.26750183,35126,35136,10
13.04384041,80.26721191,35136,35146,10
13.04421043,80.26696014,35146,35157,11
13.04465961,80.26673889,35157,35167,10
13.04528999,80.26660919,35167,35177,10
13.04605007,80.26644897,35177,35187,10
13.04716015,80.26625824,35187,35207,20
13.04716015,80.26625824,35207,35217,10
13.04722977,80.2662735,35217,35227,10
13.04753017,80.26625824,35227,35237,10
13.04794025,80.26605988,35237,35248,11
13.0483799,80.26564789,35248,35258,10
13.04866982,80.26532745,35258,35268,10
13.04891968,80.26483154,35268,35278,10
13.04916,80.26418304,35278,35288,10
13.0496397,80.26399994,35288,35298,10
13.05008984,80.26405334,35298,35308,10
13.05107975,80.26405334,35308,35500,192
13.05128002,80.26406097,35500,35581,81
13.05163002,80.2639389,35581,35742,161
13.05200005,80.26383209,35742,35853,111
13.05237007,80.26374054,35853,35894,41
13.05237007,80.26374054,35894,35904,10
13.05282021,80.26381683,35904,35934,30
13.05317974,80.26384735,35934,36015,81
13.05317974,80.26384735,36015,36025,10
13.0534296,80.26384735,36025,36035,10
13.05362034,80.26390076,36035,36126,91
13.05362034,80.26390076,36126,36136,10
13.05393982,80.26412201,36136,36177,41
13.05393982,80.26412201,36177,36187,10
13.05436039,80.26428986,36187,36207,20
13.05436039,80.26428986,36207,36217,10
13.05449963,80.26425171,36217,36227,10
13.0546999,80.26429749,36227,36237,10
13.05494022,80.264328,36237,36247,10
13.05533028,80.26441956,36247,36257,10
13.05580997,80.26450348,36257,36267,10
13.05630016,80.26452637,36267,36277,10
13.05675983,80.26461029,36277,36288,11
13.0571804,80.26477051,36288,36298,10
13.05720997,80.2647934,36298,36308,10
13.05729961,80.26486206,36308,36318,10
13.05753994,80.26499939,36318,36328,10
13.05790043,80.26503754,36328,36338,10
13.05803013,80.26487732,36338,36348,10
13.0580101,80.26457214,36348,36358,10
13.05797958,80.26412201,36358,36368,10
13.05792046,80.26358032,36368,36379,11
13.0578804,80.26280212,36379,36389,10
13.05778027,80.2620697,36389,36399,10
13.05764961,80.26139069,36399,36409,10
13.0576601,80.26101685,36409,36419,10
13.05809021,80.26097107,36419,36429,10
13.05862999,80.26091003,36429,36439,10
13.05926037,80.26080322,36439,36449,10
13.05972004,80.2604599,36449,36459,10
13.05986023,80.26040649,36459,36469,10
13.0599699,80.2604599,36469,36480,11
13.06007004,80.26055145,36480,36490,10
13.06025028,80.26075745,36490,36500,10
13.06052971,80.26113892,36500,36510,10
13.06095982,80.2615509,36510,36520,10
13.06134033,80.26194,36520,36530,10
13.06169033,80.26235199,36530,36540,10
13.06186008,80.26261902,36540,36550,10
13.06210041,80.26294708,36550,36560,10
13.06245995,80.26338959,36560,36570,10
13.06278992,80.26376343,36570,36581,11
13.06280041,80.26376343,36581,36591,10
13.06284046,80.2638092,36591,36601,10
13.06301975,80.26406097,36601,36611,10
13.06332016,80.2644577,36611,36621,10
13.06365967,80.26502991,36621,36631,10
13.06400013,80.26560211,36631,36641,10
13.06447983,80.26612091,36641,36651,10
13.06486034,80.2665863,36651,36661,10
13.06515026,80.26689911,36661,36671,10
13.06556034,80.26721191,36671,36681,10
13.06599045,80.26773071,36681,36692,11
13.06641006,80.26821136,36692,36702,10
13.06645012,80.26824188,36702,36712,10
13.06653976,80.26831818,36712,36722,10
13.06702995,80.26856232,36722,36742,20
13.06702995,80.26856232,36742,36752,10
13.06729984,80.26873779,36752,36762,10
13.06770992,80.2690506,36762,36772,10
13.06812954,80.26931763,36772,36783,11
13.06830025,80.2694397,36783,36793,10
13.06824017,80.26985931,36793,36803,10
13.06818962,80.27041626,36803,36813,10
13.06812,80.27117157,36813,36823,10
13.06853962,80.27175903,36823,36833,10
13.06919003,80.27210236,36833,36843,10
13.06968975,80.27263641,36843,36853,10
13.07015991,80.2731781,36853,36863,10
13.07059002,80.27375031,36863,36873,10
13.07104015,80.27410126,36873,36883,10
13.07104015,80.27410889,36883,36894,11
13.07127953,80.27423859,36894,36954,60
13.07127953,80.27423859,36954,36964,10
13.07157993,80.27429199,36964,36974,10
13.07196045,80.27455139,36974,36984,10
13.07229996,80.27490234,36984,36994,10
13.07271957,80.27536774,36994,37005,11
13.0733099,80.27597809,37005,37015,10
13.07359028,80.27622986,37015,37025,10
13.07376003,80.27629089,37025,37035,10
13.07425976,80.27629852,37035,37045,10
13.07495975,80.27626801,37045,37055,10
13.07555962,80.27623749,37055,37075,20
13.07555962,80.27623749,37075,37085,10
13.07575989,80.27625275,37085,37095,10
13.07616043,80.27623749,37095,37106,11
13.07672977,80.27622223,37106,37116,10
13.07742023,80.27616882,37116,37126,10
13.07808018,80.27603912,37126,37136,10
13.07831955,80.2754364,37136,37146,10
13.07876968,80.27510071,37146,37156,10
13.07931995,80.27519226,37156,37166,10
13.07999992,80.27526093,37166,37176,10
13.08084011,80.275177,37176,37186,10
13.08139992,80.2751236,37186,37247,61
13.08139992,80.2751236,37247,37257,10
13.08145046,80.27514648,37257,37267,10
13.08164024,80.27516174,37267,37277,10
13.08197021,80.27542114,37277,37318,41
13.08197021,80.27542114,37318,37328,10
13.08197975,80.27565002,37328,37338,10
13.08191967,80.27594757,37338,37348,10
13.08185005,80.27619934,37348,37358,10
13.08191013,80.27664185,37358,37368,10
13.08201981,80.27722168,37368,37378,10
13.08213043,80.277771,37378,37388,10
13.08240032,80.27799225,37388,37398,10
13.08277035,80.27802277,37398,37409,11
13.08320045,80.27805328,37409,37419,10
13.08339977,80.27812195,37419,37429,10
13.08343983,80.2783432,37429,37439,10
13.08358002,80.27880096,37439,37449,10
13.08391953,80.27912903,37449,37459,10
13.08444023,80.27922058,37459,37469,10
13.08508015,80.27937317,37469,37479,10
13.08555984,80.2798233,37479,37489,10
13.08572006,80.28047943,37489,37499,10
13.08598995,80.2808609,37499,37510,11
13.08654976,80.28102112,37510,37520,10
13.08720016,80.28121948,37520,37530,10
13.08786011,80.28134155,37530,37560,30
13.08786011,80.28134155,37560,37570,10
13.08796024,80.28141785,37570,37580,10
13.08827972,80.28146362,37580,37590,10
13.0885601,80.28166962,37590,37600,10
13.08848953,80.28205872,37600,37611,11
13.08827972,80.28247833,37611,37631,20
13.08827972,80.28247833,37631,37641,10
13.08823013,80.28230286,37641,37651,10
13.08817959,80.28192902,37651,37661,10
13.08792019,80.28148651,37661,37671,10
13.08747959,80.28132629,37671,37681,10
13.08712006,80.28128815,37681,37843,162
13.08712006,80.28128815,37843,37853,10
13.08697987,80.28119659,37853,37863,10
13.08656025,80.2811203,37863,37883,20
13.08656025,80.2811203,37883,37893,10
13.08644009,80.28102875,37893,37903,10
13.08605957,80.28092194,37903,37913,10
13.08572006,80.28070068,37913,37924,11
13.08555984,80.28009033,37924,37934,10
13.08522987,80.27945709,37934,37944,10
13.08450031,80.27924347,37944,37954,10
13.08372021,80.2791214,37954,37964,10
13.08302021,80.27883148,37964,37974,10
13.08238029,80.27854919,37974,38025,51
13.08238029,80.27854919,38025,38035,10
13.08226013,80.27845764,38035,38045,10
13.08197021,80.27825928,38045,38055,10
13.08187962,80.277771,38055,38065,10
13.08181953,80.27726746,38065,38075,10
13.08181953,80.27723694,38075,38085,10
13.08181953,80.27715302,38085,38095,10
13.08181,80.27707672,38095,38105,10
13.08181953,80.27664948,38105,38126,21
13.08181953,80.27664948,38126,38136,10
13.08185959,80.27649689,38136,38146,10
13.08174992,80.27616882,38146,38206,60
13.08174992,80.27616882,38206,38216,10
13.08162022,80.27584076,38216,38226,10
13.08156013,80.27562714,38226,38277,51
13.08156013,80.27562714,38277,38287,10
13.08148956,80.27529907,38287,38297,10
13.08131027,80.27514648,38297,38307,10
13.08106041,80.275177,38307,38317,10
13.08082008,80.27519989,38317,38327,10
13.08055973,80.27523804,38327,38338,11
13.0802803,80.27526093,38338,38348,10
13.08003998,80.27529144,38348,38358,10
13.07979965,80.27529907,38358,38368,10
13.07952023,80.27528381,38368,38378,10
13.07909966,80.27519989,38378,38388,10
13.07849979,80.2752533,38388,38398,10
13.07816982,80.27591705,38398,38408,10
13.0775404,80.27622223,38408,38418,10
13.07682037,80.27626038,38418,38429,11
13.07608032,80.27629852,38429,38439,10
13.07540989,80.27633667,38439,38449,10
13.07503986,80.27635956,38449,38459,10
13.07503033,80.27635956,38459,38469,10
13.07487965,80.27636719,38469,38479,10
13.07450962,80.27638245,38479,38489,10
13.07386017,80.27645874,38489,38539,50
13.07386017,80.27645874,38539,38550,11
13.07349014,80.27645111,38550,38560,10
13.07316017,80.27612305,38560,38570,10
13.07283974,80.27574921,38570,38580,10
13.07250977,80.27536774,38580,38590,10
13.07201004,80.27484894,38590,38630,40
13.07201004,80.27484894,38630,38640,10
13.07190037,80.27472687,38640,38651,11
13.07166958,80.27459717,38651,38661,10
13.07114029,80.27448273,38661,38691,30
13.07114029,80.27448273,38691,38701,10
13.07073021,80.27424622,38701,38721,20
13.07073021,80.27424622,38721,38731,10
13.07059956,80.27407837,38731,38741,10
13.07044029,80.27375793,38741,38752,11
13.07017994,80.27336884,38752,38762,10
13.06987,80.27301788,38762,38772,10
13.06935978,80.27242279,38772,38792,20
13.06935978,80.27242279,38792,38802,10
13.06921959,80.2722702,38802,38812,10
13.06890011,80.27201843,38812,38822,10
13.06842041,80.2718811,38822,38832,10
13.06801033,80.27140045,38832,38843,11
13.06768036,80.27092743,38843,38853,10
13.06725025,80.27050018,38853,38863,10
13.0667696,80.27002716,38863,38873,10
13.06645966,80.26947784,38873,38883,10
13.06637955,80.26895905,38883,38893,10
13.06634998,80.26854706,38893,38903,10
13.0661602,80.26824188,38903,38913,10
13.06566048,80.26773834,38913,38944,31
13.06566048,80.26773834,38944,38954,10
13.06552982,80.26767731,38954,38964,10
13.06529999,80.26763153,38964,38974,10
13.06492043,80.26757813,38974,38984,10
13.06441021,80.26750946,38984,38994,10
13.06396008,80.26741791,38994,39004,10
13.0634203,80.26734161,39004,39014,10
13.06282997,80.26722717,39014,39024,10
13.06239033,80.26686096,39024,39034,10
13.06196976,80.26631927,39034,39045,11
13.06145,80.26570892,39045,39055,10
13.06103992,80.26525116,39055,39065,10
13.06064034,80.26529694,39065,39075,10
13.06033039,80.26551819,39075,39085,10
13.06025982,80.26555634,39085,39095,10
13.06019974,80.26558685,39095,39105,10
13.05994034,80.26561737,39105,39115,10
13.05951977,80.26560211,39115,39125,10
13.05902004,80.26551819,39125,39135,10
13.05846024,80.26541901,39135,39145,10
13.0578804,80.26519012,39145,39156,11
13.05727005,80.2649231,39156,39166,10
13.05704021,80.26481628,39166,39176,10
13.05690956,80.26476288,39176,39186,10
13.05655956,80.26461792,39186,39196,10
13.05622959,80.26455688,39196,39206,10
13.05587006,80.26452637,39206,39216,10
13.05545044,80.26448059,39216,39226,10
13.05498028,80.26441956,39226,39307,81
13.05498028,80.26441956,39307,39317,10
13.05475998,80.26437378,39317,39327,10
13.05451012,80.264328,39327,39337,10
13.05443954,80.26432037,39337,39347,10
13.05397987,80.26422119,39347,39428,81
13.05397987,80.26422119,39428,39438,10
13.05383015,80.26413727,39438,39448,10
13.05331993,80.26393127,39448,39469,21
13.05331993,80.26393127,39469,39479,10
13.05298042,80.26389313,39479,39489,10
13.05263996,80.26383209,39489,39499,10
13.05243015,80.26378632,39499,39509,10
13.05220032,80.26380157,39509,39519,10
13.05218983,80.2638092,39519,39529,10
13.05179024,80.26392365,39529,39539,10
13.05167961,80.26396942,39539,39549,10
13.05142021,80.26402283,39549,39559,10
13.05093002,80.26409912,39559,39570,11
13.05025005,80.26410675,39570,39580,10
13.04961967,80.26406097,39580,39590,10
13.04911041,80.26451874,39590,39600,10
13.0489397,80.26496124,39600,39610,10
13.04889965,80.26506805,39610,39620,10
13.04868031,80.26538086,39620,39630,10
13.04827976,80.26576996,39630,39640,10
13.0479002,80.26615143,39640,39650,10
13.04747009,80.26629639,39650,39660,10
13.04705048,80.26634216,39660,39670,10
13.04693985,80.26635742,39670,39681,11
13.04683018,80.26635742,39681,39691,10
13.04648018,80.26641083,39691,39701,10
13.04592991,80.26656342,39701,39710,9
13.04545975,80.2666626,39710,39721,11
13.04498959,80.26673889,39721,39731,10
13.04456043,80.26683807,39731,39741,10
13.04405975,80.26709747,39741,39751,10
13.04331017,80.26754761,39751,39761,10
13.04259968,80.26802826,39761,39772,11
13.04197979,80.26820374,39772,39782,10
13.04108047,80.26824188,39782,39802,20
13.04108047,80.26824188,39802,39812,10
13.04076004,80.26815033,39812,39822,10
13.04034042,80.26805115,39822,39832,10
13.03985977,80.26789856,39832,39852,20
13.03985977,80.26789856,39852,39862,10
13.03950024,80.26782227,39862,39873,11
13.03905964,80.26770782,39873,39883,10
13.03841972,80.26769257,39883,39893,10
13.03775978,80.26767731,39893,39903,10
13.03754044,80.26767731,39903,39913,10
13.03724003,80.26763916,39913,39943,30
13.03724003,80.26763916,39943,39953,10
13.03697968,80.26760864,39953,39963,10
13.03668022,80.26769257,39963,39974,11
13.03625965,80.26776886,39974,39984,10
13.03577995,80.26785278,39984,39994,10
13.03542042,80.26789093,39994,40004,10
13.03501987,80.26792145,40004,40014,10
13.03466034,80.26798248,40014,40024,10
13.03417969,80.268013,40024,40044,20
13.03417969,80.268013,40044,40054,10
13.0340004,80.26793671,40054,40064,10
13.03376007,80.26792145,40064,40074,10
13.03359985,80.2678833,40074,40085,11
13.03328037,80.26782227,40085,40095,10
13.03287029,80.2677536,40095,40105,10
13.03258038,80.26757813,40105,40115,10
13.03246021,80.26750183,40115,40125,10
13.03229046,80.26738739,40125,40135,10
13.03194046,80.26721954,40135,40145,10
13.03174973,80.26715088,40145,40155,10
13.03145981,80.26702118,40155,40165,10
13.03100014,80.26687622,40165,40175,10
13.0303297,80.26676178,40175,40186,11
13.02987003,80.26670074,40186,40196,10
13.02974987,80.26667786,40196,40206,10
13.0294199,80.26663208,40206,40216,10
13.02915955,80.26644897,40216,40226,10
13.02882004,80.26635742,40226,40236,10
13.02832985,80.26629639,40236,40245,9
13.02799034,80.26622772,40245,40256,11
13.02756977,80.2661972,40256,40266,10
13.02707005,80.26615143,40266,40276,10
13.02694035,80.26612854,40276,40287,11
13.02674961,80.26608276,40287,40297,10
13.02657986,80.26605988,40297,40307,10
13.02639961,80.26603699,40307,40317,10
13.02614021,80.26612091,40317,40327,10
13.02614021,80.2664032,40327,40337,10
13.02647972,80.26641083,40337,48525,8188
13.02639961,80.26643372,48525,50939,2414
13.02639008,80.2662735,50939,54917,3978
13.02624035,80.26605988,54917,55180,263
13.02624035,80.26605988,55180,55190,10
13.02630043,80.26628876,55190,55200,10
13.02610016,80.26631927,55200,55210,10
13.02606964,80.26609802,55210,55220,10
13.02616024,80.26593781,55220,55230,10
13.02626991,80.26571655,55230,55241,11
13.02630997,80.26545715,55241,55251,10
13.02645969,80.26540375,55251,55261,10
13.02667046,80.26550293,55261,55271,10
13.02670002,80.26576233,55271,55401,130
13.02665043,80.26570129,55401,55463,62
13.02665043,80.26570129,55463,55473,10
13.02649021,80.26544189,55473,55483,10
13.02639961,80.26535034,55483,55493,10
13.02639008,80.26534271,55493,55503,10
13.02637005,80.26496124,55503,55523,20
13.02637005,80.26496124,55523,55533,10
13.02645016,80.26460266,55533,55543,10
13.02649021,80.26422882,55543,55553,10
13.02651024,80.26405334,55553,55564,11
13.02651024,80.2639389,55564,55574,10
13.02657986,80.26367188,55574,55584,10
13.02665043,80.26344299,55584,55594,10
13.02686977,80.26345825,55594,55604,10
13.02719975,80.26348114,55604,55614,10
13.02760029,80.26355743,55614,55624,10
13.02810955,80.26371765,55624,55634,10
13.02818012,80.26374054,55634,55644,10
13.0284996,80.26383209,55644,55654,10
13.02882004,80.26392365,55654,55664,10
13.02910042,80.26403809,55664,55675,11
13.02919006,80.2644577,55675,55685,10
13.02923965,80.26487732,55685,55695,10
13.02927017,80.26538849,55695,55705,10
13.02927017,80.26582336,55705,55715,10
13.02923965,80.26595306,55715,55725,10
13.02921963,80.26609039,55725,55735,10
13.02917957,80.26618195,55735,55745,10
13.02921009,80.2664032,55745,55755,10
13.02935982,80.26644135,55755,55766,11
13.0296402,80.26648712,55766,55776,10
13.03005028,80.2665329,55776,55786,10
13.03071976,80.26667786,55786,55796,10
13.03131008,80.26686096,55796,55806,10
13.03192043,80.26717377,55806,55816,10
13.03248978,80.26748657,55816,55826,10
13.03302002,80.2677002,55826,55836,10
13.03386021,80.26786041,55836,55857,21
13.03386021,80.26786041,55857,55867,10
13.03398037,80.26789093,55867,55877,10
13.03427982,80.26792908,55877,55887,10
13.03468037,80.26790619,55887,55897,10
13.03518963,80.26782227,55897,55907,10
13.03571033,80.26767731,55907,55917,10
13.03625965,80.26760101,55917,55927,10
13.03662014,80.26747894,55927,55937,10
13.03691959,80.26676941,55937,55967,30
13.03691959,80.26676941,55967,55979,12
13.0369997,80.26667023,55979,55985,6
13.03701973,80.26654816,55985,56001,16
13.0370903,80.26638794,56001,56011,10
13.03721046,80.26598358,56011,56021,10
13.03734016,80.26540375,56021,56031,10
13.03748035,80.26474762,56031,56041,10
13.0376997,80.26438141,56041,56051,10
13.03800011,80.26441193,56051,56062,11
13.03833008,80.26447296,56062,56072,10
13.03861046,80.26452637,56072,56082,10
13.03909016,80.26460266,56082,56092,10
13.03964996,80.2645874,56092,56102,10
13.04010963,80.26451874,56102,56112,10
13.04049015,80.26454163,56112,56122,10
13.04082012,80.26455688,56122,56132,10
13.04127979,80.26467896,56132,56142,10
13.04127979,80.26515198,56142,56152,10
13.04121971,80.26571655,56152,56162,10
13.04115009,80.26629639,56162,56173,11
13.04111958,80.26672363,56173,56183,10
13.04108047,80.26693726,56183,56193,10
13.04096031,80.26760101,56193,56203,10
13.04096031,80.26760101,56203,56213,10
13.04090977,80.26786804,56213,56223,10
13.04117966,80.26805115,56223,56233,10
13.04150009,80.26806641,56233,56243,10
13.04150009,80.26808167,56243,56253,10
13.04170036,80.26811981,56253,56263,10
13.04214001,80.26805878,56263,56273,10
13.04257011,80.26793671,56273,56284,11
13.04283047,80.26773071,56284,56294,10
13.04323006,80.26747131,56294,56304,10
13.04362011,80.26721954,56304,56314,10
13.0440197,80.26696777,56314,56323,9
13.04440022,80.26677704,56323,56334,11
13.04493046,80.26660919,56334,56344,10
13.04582024,80.26647186,56344,56354,10
13.04650021,80.26628113,56354,56364,10
13.04708958,80.26624298,56364,56385,21
13.04708958,80.26624298,56385,56395,10
13.04741955,80.2661972,56395,56405,10
13.04763031,80.26608276,56405,56415,10
13.04794025,80.26589966,56415,56425,10
13.04833031,80.26557159,56425,56435,10
13.04872036,80.26509094,56435,56445,10
13.04895973,80.26451874,56445,56455,10
13.04930973,80.26403046,56455,56465,10
13.04988003,80.26406097,56465,56475,10
13.05045033,80.2640686,56475,56486,11
13.05095005,80.26402283,56486,56496,10
13.05132961,80.2639389,56496,56506,10
13.05179977,80.26381683,56506,56516,10
13.05230045,80.2636795,56516,56536,20
13.05230045,80.2636795,56536,56546,10
13.05237961,80.26370239,56546,56556,10
13.05268955,80.26376343,56556,56566,10
13.05321026,80.2638092,56566,56577,11
13.05375004,80.2639389,56577,56587,10
13.05440044,80.26418304,56587,56607,20
13.05440044,80.26418304,56607,56617,10
13.05467033,80.26422882,56617,56627,10
13.05513,80.26432037,56627,56637,10
13.05564022,80.26441956,56637,56647,10
13.05628014,80.26448059,56647,56657,10
13.05685043,80.26457214,56657,56667,10
13.05706978,80.26467896,56667,56677,10
13.05712032,80.26473236,56677,56687,10
13.05739021,80.26490021,56687,56698,11
13.0577898,80.26506805,56698,56708,10
13.05795956,80.26473999,56708,56718,10
13.05790997,80.26428223,56718,56728,10
13.05784988,80.26383209,56728,56738,10
13.05782032,80.26329041,56738,56748,10
13.05778027,80.26264954,56748,56758,10
13.05770016,80.26210785,56758,56768,10
13.05760002,80.26155853,56768,56779,11
13.05751038,80.26109314,56779,56788,9
13.05774021,80.26098633,56788,56799,11
13.05817986,80.26094055,56799,56809,10
13.05860996,80.26088715,56809,56819,10
13.05904961,80.260849,56819,56829,10
13.05945015,80.26065826,56829,56839,10
13.05980015,80.26049805,56839,56849,10
13.0600996,80.26074219,56849,56859,10
13.06046009,80.2611618,56859,56869,10
13.06087017,80.26154327,56869,56879,10
13.06126022,80.26191711,56879,56890,11
13.06155968,80.26217651,56890,56900,10
13.0618,80.26248932,56900,56910,10
13.06184006,80.26254272,56910,56920,10
13.06184006,80.26255035,56920,56930,10
13.06204987,80.26280212,56930,56940,10
13.06239033,80.26322174,56940,56950,10
13.06282043,80.26374817,56950,56970,20
13.06282043,80.26374817,56970,56980,10
13.06303024,80.26402283,56980,56990,10
13.06330013,80.26439667,56990,57001,11
13.06359959,80.26486969,57001,57011,10
13.06377983,80.2651062,57011,57031,20
13.06377983,80.2651062,57031,57041,10
13.06394958,80.26534271,57041,57051,10
13.06404018,80.26553345,57051,57061,10
13.06416035,80.26571655,57061,57071,10
13.06424046,80.26583099,57071,57081,10
13.06443977,80.26605225,57081,57092,11
13.06457996,80.26615143,57092,57102,10
13.06470013,80.26635742,57102,57112,10
13.06476974,80.26648712,57112,57122,10
13.06486988,80.26660919,57122,57132,10
13.06505013,80.26683044,57132,57142,10
13.06542015,80.26712799,57142,57152,10
13.06579971,80.26753998,57152,57162,10
13.06618023,80.26798248,57162,57172,10
13.06626034,80.26804352,57172,57182,10
13.06632996,80.26812744,57182,57192,10
13.06651974,80.26825714,57192,57203,11
13.06696987,80.26850128,57203,57223,20
13.06696987,80.26850128,57223,57233,10
13.06717968,80.2686615,57233,57243,10
13.0675602,80.26894379,57243,57252,9
13.06795979,80.2691803,57252,57263,11
13.06816006,80.26933289,57263,57273,10
13.06818008,80.2694931,57273,57283,10
13.06816006,80.26992798,57283,57293,10
13.06814957,80.27044678,57293,57303,10
13.06809998,80.27075195,57303,57314,11
13.06803989,80.2710495,57314,57324,10
13.06809998,80.27127075,57324,57334,10
13.06820011,80.27136993,57334,57344,10
13.06834984,80.27158356,57344,57354,10
13.0685997,80.2718277,57354,57364,10
13.06890011,80.27189636,57364,57374,10
13.06925011,80.27213287,57374,57384,10
13.06964016,80.27256012,57384,57394,10
13.07009983,80.27307129,57394,57405,11
13.07054996,80.27364349,57405,57415,10
13.07083988,80.27391052,57415,57425,10
13.07085037,80.27391815,57425,57435,10
13.07108974,80.27404022,57435,57445,10
13.0715704,80.27423859,57445,57455,10
13.07205963,80.27464294,57455,57465,10
13.07252979,80.27516937,57465,57475,10
13.07303047,80.27571869,57475,57485,10
13.07345963,80.27616119,57485,57495,10
13.07361984,80.27626801,57495,57505,10
13.07404041,80.27632141,57505,57516,11
13.07468987,80.27629089,57516,57526,10
13.07530022,80.27625275,57526,57536,10
13.07553005,80.27623749,57536,57546,10
13.07559967,80.27622986,57546,57556,10
13.07596016,80.27620697,57556,57566,10
13.07645035,80.27619934,57566,57576,10
13.07701015,80.27617645,57576,57586,10
13.07767963,80.27613831,57586,57596,10
13.07814026,80.27584076,57596,57607,11
13.0783596,80.27528381,57607,57617,10
13.07876015,80.27507782,57617,57627,10
13.07915974,80.27516174,57627,57637,10
13.07960987,80.2752533,57637,57647,10
13.08043957,80.27523041,57647,57728,81
13.08043957,80.27523041,57728,57738,10
13.08086014,80.27520752,57738,57748,10
13.08135033,80.27516174,57748,57758,10
13.08187962,80.27526093,57758,57798,40
13.08187962,80.27526093,57798,57808,10
13.08199024,80.27545166,57808,57819,11
13.08189964,80.27596283,57819,57839,20
13.08189964,80.27596283,57839,57849,10
13.08181953,80.27619934,57849,57859,10
13.08187008,80.27654266,57859,57869,10
13.08189964,80.27709198,57869,57879,10
13.08197021,80.27767181,57879,57889,10
13.08215046,80.27797699,57889,57899,10
13.0824604,80.27800751,57899,57910,11
13.08277988,80.27805328,57910,57920,10
13.08292961,80.27806091,57920,57930,10
13.0830698,80.27805328,57930,57940,10
13.08323002,80.27806091,57940,57950,10
13.08333969,80.27813721,57950,57960,10
13.08341026,80.27835846,57960,57970,10
13.08353996,80.27881622,57970,57980,10
13.08380985,80.27909088,57980,57990,10
13.08426952,80.27915955,57990,58000,10
13.08440971,80.27918243,58000,58010,10
13.08463001,80.27922058,58010,58021,11
13.08497047,80.27931976,58021,58031,10
13.08530045,80.27947998,58031,58041,10
13.08553982,80.27977753,58041,58051,10
13.08557987,80.27996063,58051,58061,10
13.08567047,80.2803421,58061,58071,10
13.08584976,80.28074646,58071,58081,10
13.08631992,80.28093719,58081,58090,9
13.08675957,80.28106689,58090,58101,11
13.08728981,80.28122711,58101,58111,10
13.08788013,80.28134155,58111,58152,41
13.08788013,80.28134155,58152,58162,10
13.08806038,80.28137207,58162,58172,10
13.08833981,80.28141785,58172,58182,10
13.08850956,80.2815094,58182,58192,10
13.08850002,80.2817688,58192,58202,10
13.08847046,80.2820282,58202,58212,10
13.08841991,80.28237915,58212,58233,21
13.08841991,80.28237915,58233,58243,10
13.08825016,80.28244019,58243,58253,10
13.0882597,80.282341,58253,58263,10
13.08821011,80.28205109,58263,58273,10
13.08802032,80.28161621,58273,58283,10
13.0875597,80.28140259,58283,58293,10
13.08681011,80.28124237,58293,58525,232
13.08681011,80.28124237,58525,58536,11
13.08666039,80.2811203,58536,58546,10
13.08640957,80.28102875,58546,58556,10
13.08598995,80.28092194,58556,58566,10
13.08563995,80.28054047,58566,58576,10
13.08547974,80.27986908,58576,58586,10
13.08495998,80.27935791,58586,58596,10
13.08426952,80.27922058,58596,58606,10
13.08362007,80.27909851,58606,58616,10
13.08300018,80.27881622,58616,58626,10
13.08279037,80.2787323,58626,58637,11
13.08242989,80.27857971,58637,58647,10
13.08207989,80.27845001,58647,58657,10
13.08189964,80.27803802,58657,58667,10
13.08185005,80.27758026,58667,58677,10
13.08178997,80.27726746,58677,58687,10
13.08178043,80.27718353,58687,58697,10
13.08178043,80.27707672,58697,58707,10
13.08178043,80.27687836,58707,58717,10
13.08174992,80.27661133,58717,58727,10
13.08168983,80.27616119,58727,58768,41
13.08168983,80.27616119,58768,58778,10
13.08164978,80.27600098,58778,58788,10
13.0815897,80.27584076,58788,58798,10
13.08158016,80.27583313,58798,58808,10
13.08150959,80.27559662,58808,58838,30
13.08150959,80.27559662,58838,58849,11
13.08148003,80.27536011,58849,58859,10
13.08141994,80.27523804,58859,58869,10
13.08115959,80.27516937,58869,58879,10
13.08073997,80.27523041,58879,58889,10
13.08026981,80.27528381,58889,58899,10
13.07979965,80.27532959,58899,58909,10
13.07933044,80.27526855,58909,58919,10
13.07872009,80.275177,58919,58929,10
13.07824039,80.27561951,58929,58939,10
13.07791996,80.27617645,58939,58950,11
13.07705975,80.27625275,58950,58960,10
13.07625961,80.27629852,58960,58970,10
13.07540989,80.27635193,58970,58980,10
13.07499027,80.27638245,58980,58990,10
13.07479954,80.27639008,58990,59000,10
13.07435989,80.27641296,59000,59010,10
13.0739603,80.27645874,59010,59020,10
13.07392979,80.27645874,59020,59030,10
13.07367039,80.27649689,59030,59041,11
13.07322025,80.27616882,59041,59051,10
13.07279015,80.27565765,59051,59061,10
13.07234001,80.27516174,59061,59071,10
13.07186031,80.27468872,59071,59081,10
13.07133007,80.27448273,59081,59091,10
13.07120037,80.27448273,59091,59101,10
13.07110023,80.27449036,59101,59111,10
13.07075977,80.27430725,59111,59131,20
13.07075977,80.27430725,59131,59142,11
13.07059956,80.27410889,59142,59152,10
13.07042027,80.27372742,59152,59162,10
13.07013035,80.27330017,59162,59172,10
13.06941986,80.27258301,59172,59192,20
13.06941986,80.27258301,59192,59202,10
13.06929016,80.27249146,59202,59212,10
13.0690403,80.27223969,59212,59222,10
13.06861019,80.2720108,59222,59232,10
13.06816006,80.27176666,59232,59242,10
13.06785965,80.27120209,59242,59273,31
13.06785965,80.27120209,59273,59283,10
13.06777954,80.2709198,59283,59293,10
13.06742001,80.27057648,59293,59303,10
13.06692028,80.27011871,59303,59313,10
13.06649971,80.26959229,59313,59323,10
13.06639004,80.26909637,59323,59333,10
13.06634998,80.26853943,59333,59343,10
13.06604004,80.26808167,59343,59354,11
13.06564999,80.26773071,59354,59364,10
13.06548023,80.2677002,59364,59374,10
13.06521988,80.26764679,59374,59394,20
13.06521988,80.26764679,59394,59404,10
13.06501961,80.26760864,59404,59414,10
13.06466961,80.26753998,59414,59424,10
13.06422043,80.26744843,59424,59434,10
13.06381035,80.26737213,59434,59444,10
13.06332016,80.26728821,59444,59455,11
13.06287956,80.26719666,59455,59465,10
13.06256962,80.26702881,59465,59475,10
13.06225014,80.26663208,59475,59485,10
13.0618,80.26611328,59485,59495,10
13.06142044,80.26561737,59495,59505,10
13.0605402,80.26541901,59505,59525,20
13.0605402,80.26541901,59525,59535,10
13.0603199,80.26551819,59535,59545,10
13.05990028,80.26561737,59545,59556,11
13.05937958,80.26557159,59556,59566,10
13.05891991,80.26550293,59566,59576,10
13.05850029,80.26542664,59576,59596,20
13.05850029,80.26542664,59596,59606,10
13.05834007,80.26541138,59606,59616,10
13.0580101,80.26528168,59616,59626,10
13.05749989,80.2650528,59626,59636,10
13.05690956,80.26473236,59636,59646,10
13.05630016,80.26457214,59646,59656,10
13.05558014,80.26450348,59656,59667,11
13.05498028,80.26441956,59667,59677,10
13.0544796,80.26435089,59677,59687,10
13.05443001,80.264328,59687,59697,10
13.05418015,80.26426697,59697,59707,10
13.05387974,80.26418304,59707,59717,10
13.05368996,80.26403046,59717,59727,10
13.05327034,80.26393127,59727,59737,10
13.0528698,80.26387787,59737,59747,10
13.05268002,80.26384735,59747,59758,11
13.0522604,80.26383972,59758,59768,10
13.05179977,80.26394653,59768,59778,10
13.05171967,80.26396942,59778,59788,10
13.05154037,80.26402283,59788,59798,10
13.05109024,80.26410675,59798,59808,10
13.05051994,80.26415253,59808,59818,10
13.04998016,80.26409912,59818,59828,10
13.04936981,80.26412201,59828,59838,10
13.04901981,80.2647171,59838,59848,10
13.0489397,80.26495361,59848,59859,11
13.04880047,80.26525116,59859,59868,9
13.04850006,80.26560974,59868,59879,11
13.04798031,80.26609802,59879,59889,10
13.04771996,80.2662735,59889,59899,10
13.04724979,80.26637268,59899,59909,10
13.04691029,80.2664032,59909,59919,10
13.04675007,80.26638794,59919,59929,10
13.04631996,80.26644135,59929,59939,10
13.04578018,80.26660156,59939,59949,10
13.04526043,80.26667786,59949,59959,10
13.04481983,80.26673889,59959,59969,10
13.04444027,80.26689911,59969,59980,11
13.0437603,80.26728058,59980,59990,10
13.04302979,80.26773834,59990,60000,10
13.04251957,80.26806641,60000,60010,10
13.04199982,80.26818085,60010,60020,10
13.04111958,80.26825714,60020,60040,20
13.04111958,80.26825714,60040,60050,10
13.04082012,80.26820374,60050,60060,10
13.04043007,80.26808167,60060,60071,11
13.03989029,80.2678833,60071,60081,10
13.0395298,80.26776123,60081,60091,10
13.03911972,80.26767731,60091,60101,10
13.03855991,80.26763916,60101,60111,10
13.03775978,80.26766205,60111,60131,20
13.03775978,80.26766205,60131,60141,10
13.03757954,80.26764679,60141,60151,10
13.03738022,80.26763916,60151,60161,10
13.0369997,80.26760864,60161,60172,11
13.03664017,80.26770782,60172,60182,10
13.03627968,80.26777649,60182,60192,10
13.03606033,80.26782227,60192,60202,10
13.03590012,80.26785278,60202,60212,10
13.03573036,80.26785278,60212,60222,10
13.0355196,80.26786041,60222,60232,10
13.03520012,80.26790619,60232,60242,10
13.03468037,80.26799774,60242,60252,10
13.03419971,80.268013,60252,60272,20
13.03419971,80.268013,60272,60283,11
13.03396034,80.26796722,60283,60293,10
13.0335598,80.2678833,60293,60303,10
13.03302956,80.26777649,60303,60313,10
13.03254986,80.26754761,60313,60323,10
13.03215981,80.26730347,60323,60333,10
13.0316,80.2670517,60333,60343,10
13.03118038,80.26689911,60343,60353,10
13.03077984,80.26679993,60353,60363,10
13.03026009,80.26670837,60363,60374,11
13.02984047,80.2666626,60374,60384,10
13.02976036,80.26663971,60384,60394,10
13.02947998,80.26661682,60394,60404,10
13.02912045,80.26644897,60404,60414,10
13.02869987,80.26634216,60414,60424,10
13.0281601,80.26625824,60424,60434,10
13.02748013,80.26615143,60434,60444,10
13.02694035,80.26605988,60444,60454,10
13.02670002,80.26573181,60454,61313,859
13.02670002,80.26573181,61313,61323,10
13.02641964,80.26537323,61323,61343,20
13.02641964,80.26537323,61343,61353,10
13.02630997,80.26506805,61353,61363,10
13.02637959,80.2646637,61363,61373,10
13.02643967,80.2641983,61373,61383,10
13.02645969,80.26406097,61383,61393,10
13.02651024,80.26384735,61393,61403,10
13.0265398,80.26352692,61403,61414,11
13.02674961,80.26344299,61414,61424,10
13.02713013,80.26351166,61424,61434,10
13.02754974,80.26358032,61434,61444,10
13.02807045,80.26374817,61444,61454,10
13.02826023,80.26378632,61454,61464,10
13.02853966,80.26389313,61464,61474,10
13.02896023,80.26399231,61474,61484,10
13.02931976,80.26416016,61484,61494,10
13.02933025,80.26451874,61494,61505,11
13.02931976,80.26502228,61505,61515,10
13.02929974,80.26554871,61515,61525,10
13.02929974,80.26596069,61525,61535,10
13.0292902,80.26598358,61535,61545,10
13.02925968,80.26609802,61545,61555,10
13.0291996,80.26641083,61555,61565,10
13.02925014,80.26657867,61565,61575,10
13.02958012,80.26663971,61575,61585,10
13.03005981,80.26669312,61585,61595,10
13.03055954,80.26677704,61595,61605,10
13.03083038,80.26682281,61605,61615,10
13.03131008,80.26695251,61615,61626,11
13.03186989,80.26717377,61626,61636,10
13.03236008,80.26741028,61636,61646,10
13.03269005,80.26763916,61646,61656,10
13.03302002,80.26776123,61656,61666,10
13.03341007,80.26786041,61666,61676,10
13.03400993,80.26798248,61676,61696,20
13.03400993,80.26798248,61696,61706,10
13.03423977,80.26805115,61706,61717,11
13.03472042,80.26805115,61717,61727,10
13.03522015,80.26796722,61727,61737,10
13.03571987,80.26789093,61737,61747,10
13.03619003,80.26782227,61747,61757,10
13.03662968,80.2677536,61757,61767,10
13.03684998,80.26753998,61767,61777,10
13.0369997,80.26706696,61777,61787,10
13.03709984,80.26641846,61787,61807,20
13.03709984,80.26641846,61807,61818,11
13.03719997,80.26605988,61818,61828,10
13.03730965,80.26555634,61828,61838,10
13.03746033,80.26490784,61838,61848,10
13.03759956,80.26439667,61848,61858,10
13.03779984,80.26435852,61858,61868,10
13.03822994,80.26447296,61868,61878,10
13.03862,80.26457214,61878,61888,10
13.03899956,80.26464844,61888,61898,10
13.03960037,80.2647171,61898,61908,10
13.04001999,80.26460266,61908,61918,10
13.0405798,80.26464081,61918,61929,11
13.04090977,80.26467133,61929,61939,10
13.04139996,80.26477051,61939,61949,10
13.04137993,80.26528168,61949,61959,10
13.04129982,80.26564789,61959,61969,10
13.04121971,80.26609802,61969,61979,10
13.0411396,80.26661682,61979,61989,10
13.04109001,80.26696777,61989,61999,10
13.04104996,80.26724243,61999,62009,10
13.04102039,80.26817322,62009,62020,11
13.04102039,80.26817322,62020,62030,10
13.04162025,80.26818085,62030,62050,20
13.04162025,80.26818085,62050,62060,10
13.04191017,80.26818848,62060,62070,10
13.04242039,80.26811981,62070,62080,10
13.04294968,80.26783752,62080,62090,10
13.0434103,80.26753998,62090,62100,10
13.04378033,80.26730347,62100,62110,10
13.04417038,80.26708221,62110,62120,10
13.04458046,80.26683807,62120,62131,11
13.04516029,80.26669312,62131,62141,10
13.04586029,80.26657867,62141,62151,10
13.04654026,80.26637268,62151,62161,10
13.04722023,80.2663269,62161,62181,20
13.04722023,80.2663269,62181,62191,10
13.04751968,80.26635742,62191,62201,10
13.04792023,80.26615906,62201,62211,10
13.04827023,80.26586914,62211,62221,10
13.04872036,80.26540375,62221,62232,11
13.04901981,80.26467896,62232,62242,10
13.04942036,80.26409149,62242,62252,10
13.05018044,80.26415253,62252,62262,10
13.05070972,80.26416779,62262,62272,10
13.05091953,80.26416016,62272,62282,10
13.05130005,80.26409912,62282,62292,10
13.05171967,80.26396942,62292,62302,10
13.05208015,80.26387787,62302,62312,10
13.05241013,80.26378632,62312,62322,10
13.05241966,80.26380157,62322,62333,11
13.05268002,80.26386261,62333,62343,10
13.05315971,80.26390839,62343,62353,10
13.05375957,80.26399994,62353,62363,10
13.0543499,80.26422882,62363,62373,10
13.05449963,80.26426697,62373,62383,10
13.05453968,80.26428986,62383,62393,10
13.05467033,80.26431274,62393,62403,10
13.05498981,80.26438141,62403,62413,10
13.05550003,80.26448059,62413,62423,10
13.05620003,80.26457977,62423,62433,10
13.05694962,80.26470184,62433,62444,11
13.05710983,80.26474762,62444,62454,10
13.0571804,80.26480103,62454,62464,10
13.0574398,80.26496124,62464,62474,10
13.05788994,80.26509094,62474,62484,10
13.05799961,80.26470184,62484,62494,10
13.05790997,80.26413727,62494,62504,10
13.05784035,80.26367188,62504,62514,10
13.05780983,80.26303864,62514,62524,10
13.05776978,80.26242828,62524,62535,11
13.05764008,80.26171875,62535,62545,10
13.05751038,80.26123047,62545,62555,10
13.05782032,80.26100159,62555,62565,10
13.05838013,80.26096344,62565,62575,10
13.0590601,80.26087952,62575,62585,10
13.0596199,80.2605896,62585,62595,10
13.06002998,80.26068878,62595,62605,10
13.06042957,80.2611618,62605,62615,10
13.06087971,80.26159668,62615,62625,10
13.0612402,80.26196289,62625,62636,11
13.06147957,80.2621994,62636,62646,10
13.06184006,80.26265717,62646,62676,30
13.06184006,80.26265717,62676,62686,10
13.06196022,80.26281738,62686,62696,10
13.06223965,80.26315308,62696,62706,10
13.06262016,80.26358795,62706,62716,10
13.06282043,80.26381683,62716,62726,10
13.06285954,80.26386261,62726,62737,11
13.06311989,80.2641983,62737,62747,10
13.0634203,80.2646637,62747,62757,10
13.06375027,80.26519012,62757,62767,10
13.06392002,80.26544952,62767,62777,10
13.0641098,80.26571655,62777,62787,10
13.06437016,80.26603699,62787,62797,10
13.06457043,80.26625824,62797,62807,10
13.06470966,80.26641846,62807,62817,10
13.06482983,80.26657867,62817,62827,10
13.06494999,80.26674652,62827,62838,11
13.06525993,80.2670517,62838,62847,9
13.06566048,80.26734161,62847,62858,11
13.06602001,80.26783752,62858,62868,10
13.06643009,80.26830292,62868,62878,10
13.06663036,80.26840973,62878,62888,10
13.06667995,80.26844025,62888,62898,10
13.06698036,80.26856232,62898,62918,20
13.06698036,80.26856232,62918,62928,10
13.06715012,80.26869202,62928,62938,10
13.06752014,80.26895142,62938,62949,11
13.06803989,80.26931763,62949,62959,10
13.06830025,80.26967621,62959,62969,10
13.06822014,80.27024841,62969,62979,10
13.06818008,80.27086639,62979,62989,10
13.06816006,80.27124786,62989,62999,10
13.06826019,80.27147675,62999,63009,10
13.06836033,80.27159882,63009,63019,10
13.06855011,80.27184296,63019,63029,10
13.06882,80.27198029,63029,63039,10
13.06914043,80.27210236,63039,63049,10
13.06949043,80.27245331,63049,63060,11
13.06995964,80.27295685,63060,63070,10
13.07038021,80.27346039,63070,63080,10
13.07067966,80.27388,63080,63090,10
13.07091999,80.27407074,63090,63100,10
13.07096004,80.27409363,63100,63110,10
13.07104969,80.27413177,63110,63120,10
13.07143974,80.27426147,63120,63130,10
13.07192039,80.27454376,63130,63140,10
13.07229042,80.27494049,63140,63151,11
13.07275963,80.2754364,63151,63161,10
13.07322025,80.27593994,63161,63171,10
13.07365036,80.27632141,63171,63181,10
13.07419014,80.27638245,63181,63191,10
13.07481956,80.27635193,63191,63201,10
13.07542992,80.27632141,63201,63211,10
13.07563019,80.27631378,63211,63221,10
13.07579041,80.27632141,63221,63231,10
13.07616043,80.27631378,63231,63241,10
13.07656002,80.27632141,63241,63251,10
13.0770998,80.27626801,63251,63262,11
13.0777998,80.27622223,63262,63272,10
13.07820034,80.27590179,63272,63282,10
13.07835007,80.2754364,63282,63292,10
13.07866955,80.27516937,63292,63302,10
13.07909966,80.27519989,63302,63312,10
13.07956028,80.27529907,63312,63322,10
13.08018017,80.27529907,63322,63332,10
13.08092022,80.27523804,63332,63373,41
13.08092022,80.27523804,63373,63383,10
13.08110046,80.27522278,63383,63393,10
13.08135986,80.275177,63393,63403,10
13.08168983,80.27520752,63403,63413,10
13.08199978,80.27548218,63413,63443,30
13.08199978,80.27548218,63443,63453,10
13.08201981,80.27552795,63453,63464,11
13.08205032,80.27584076,63464,63474,10
13.08195019,80.27599335,63474,63484,10
13.08187962,80.27620697,63484,63494,10
13.08193016,80.27658844,63494,63504,10
13.08199024,80.2770462,63504,63514,10
13.08207989,80.27771759,63514,63524,10
13.08228016,80.27809143,63524,63534,10
13.0827198,80.27809143,63534,63544,10
13.08320045,80.27809906,63544,63555,11
13.08339977,80.27825928,63555,63565,10
13.08353996,80.27873993,63565,63575,10
13.08380032,80.27915955,63575,63585,10
13.08419991,80.27922058,63585,63595,10
13.08450031,80.2792511,63595,63605,10
13.08465958,80.27926636,63605,63615,10
13.08504009,80.27935791,63615,63625,10
13.08547974,80.27966309,63625,63635,10
13.08563995,80.28014374,63635,63645,10
13.08572006,80.28047943,63645,63655,10
13.08586025,80.28079987,63655,63666,11
13.08623028,80.28098297,63666,63676,10
13.08652973,80.28106689,63676,63686,10
13.08689976,80.28118134,63686,63696,10
13.08773994,80.28141785,63696,63767,71
13.08773994,80.28141785,63767,63777,10
13.08819962,80.28148651,63777,63787,10
13.0884304,80.28151703,63787,63797,10
13.0885601,80.28166962,63797,63807,10
13.0885601,80.28186798,63807,63817,10
13.08848953,80.28209686,63817,63827,10
13.08841038,80.28253937,63827,63847,20
13.08841038,80.28253937,63847,63857,10
13.0882597,80.28240967,63857,63868,11
13.08821964,80.2820816,63868,63878,10
13.08810043,80.28176117,63878,63888,10
13.08778,80.28146362,63888,63898,10
13.08724976,80.28131104,63898,63908,10
13.08668995,80.28117371,63908,64120,212
13.08668995,80.28117371,64120,64130,10
13.08627033,80.28096008,64130,64140,10
13.08588028,80.28085327,64140,64150,10
13.08563995,80.28048706,64150,64160,10
13.08553028,80.28000641,64160,64171,11
13.08522034,80.27947998,64171,64181,10
13.08469009,80.27928162,64181,64191,10
13.0844698,80.2792511,64191,64201,10
13.08401966,80.27915955,64201,64211,10
13.08360004,80.27906036,64211,64221,10
13.08300018,80.27880096,64221,64231,10
13.08255005,80.27861786,64231,64241,10
13.08255005,80.27861023,64241,64251,10
13.08238029,80.27854156,64251,64261,10
13.08201981,80.27832794,64261,64272,11
13.08191013,80.27787781,64272,64282,10
13.08183002,80.27735138,64282,64292,10
13.08183002,80.27731323,64292,64302,10
13.08181953,80.27700806,64302,64352,50
13.08181953,80.27700806,64352,64362,10
13.08181953,80.27671051,64362,64373,11
13.08180046,80.27635956,64373,64383,10
13.08166027,80.27597809,64383,64393,10
13.08158016,80.27574921,64393,64423,30
13.08158016,80.27574921,64423,64432,9
13.08148003,80.27542114,64432,64474,42
13.08148003,80.27542114,64474,64484,10
13.08143044,80.27520752,64484,64494,10
13.08106995,80.27523041,64494,64504,10
13.08061981,80.27529907,64504,64514,10
13.0802002,80.27535248,64514,64524,10
13.07981014,80.275383,64524,64534,10
13.0794096,80.27533722,64534,64544,10
13.07884026,80.27520752,64544,64554,10
13.07831955,80.27552032,64554,64564,10
13.07804012,80.27616119,64564,64574,10
13.07728004,80.27626038,64574,64584,10
13.07658005,80.27629089,64584,64595,11
13.07573032,80.27635193,64595,64605,10
13.07516003,80.27636719,64605,64615,10
13.07505035,80.27638245,64615,64625,10
13.07466984,80.27635956,64625,64635,10
13.07417965,80.27641296,64635,64645,10
13.0738802,80.27648926,64645,64696,51
13.0738802,80.27648926,64696,64706,10
13.07371998,80.27654266,64706,64716,10
13.07336044,80.27635193,64716,64726,10
13.07295036,80.27587891,64726,64736,10
13.0724802,80.27532959,64736,64746,10
13.07196045,80.2747879,64746,64756,10
13.07133961,80.27448273,64756,64766,10
13.07065964,80.27420044,64766,64786,20
13.07065964,80.27420044,64786,64797,11
13.07059002,80.27404022,64797,64807,10
13.0704298,80.2736969,64807,64817,10
13.0700798,80.27327728,64817,64827,10
13.06956005,80.27274323,64827,64837,10
13.06869984,80.27204895,64837,64877,40
13.06869984,80.27204895,64877,64887,10
13.06853008,80.2720108,64887,64898,11
13.06814003,80.27166748,64898,64908,10
13.06785965,80.27120209,64908,64918,10
13.06742954,80.27069092,64918,64928,10
13.06704998,80.27030182,64928,64938,10
13.06667995,80.26988983,64938,64948,10
13.06643963,80.2694397,64948,64958,10
13.06634998,80.26921844,64958,64968,10
13.06632042,80.2689209,64968,64978,10
13.06632042,80.26863098,64978,64989,11
13.06612015,80.26824188,64989,64999,10
13.06577969,80.2678299,64999,65009,10
13.06525993,80.26766968,65009,65029,20
13.06525993,80.26766968,65029,65039,10
13.06507969,80.26766205,65039,65049,10
13.06468964,80.2675705,65049,65059,10
13.06427002,80.26747894,65059,65069,10
13.06392002,80.26740265,65069,65079,10
13.0636301,80.26734161,65079,65090,11
13.06315994,80.26725006,65090,65100,10
13.06270027,80.26712036,65100,65110,10
13.06235027,80.26673126,65110,65120,10
13.06196976,80.26625824,65120,65130,10
13.06159973,80.26580048,65130,65140,10
13.0612402,80.26535797,65140,65150,10
13.06085014,80.26519775,65150,65160,10
13.06052971,80.26537323,65160,65170,10
13.06052971,80.26538086,65170,65180,10
13.06046009,80.26544952,65180,65190,10
13.06017971,80.26557922,65190,65201,11
13.05980968,80.26561737,65201,65211,10
13.05951023,80.26560211,65211,65221,10
13.05937004,80.26555634,65221,65231,10
13.05916023,80.26548004,65231,65241,10
13.05875969,80.26541901,65241,65251,10
13.05827045,80.26531982,65251,65261,10
13.0576601,80.26509857,65261,65271,10
13.05714989,80.26486206,65271,65281,10
13.05704975,80.26481628,65281,65291,10
13.05669975,80.26464844,65291,65301,10
13.05609989,80.26454926,65301,65312,11
13.05529976,80.2644577,65312,65322,10
13.0543499,80.26428223,65322,65342,20
13.0543499,80.26428223,65342,65352,10
13.05410004,80.26422882,65352,65362,10
13.05385971,80.26413727,65362,65372,10
13.05356026,80.26396942,65372,65403,31
13.05356026,80.26396942,65403,65413,10
13.05319023,80.26387787,65413,65433,20
13.05319023,80.26387787,65433,65443,10
13.05296993,80.26386261,65443,65453,10
13.05284977,80.26384735,65453,65463,10
13.05282974,80.26383972,65463,65473,10
13.0526104,80.26377869,65473,65483,10
13.05231953,80.26376343,65483,65493,10
13.05198956,80.26383972,65493,65503,10
13.05171967,80.26392365,65503,65514,11
13.05161953,80.26394653,65514,65524,10
13.05125046,80.26405334,65524,65534,10
13.05066013,80.26412201,65534,65544,10
13.05014038,80.26407623,65544,65554,10
13.04967976,80.26400757,65554,65564,10
13.04953003,80.26400757,65564,65574,10
13.04922962,80.26423645,65574,65584,10
13.04901981,80.26473999,65584,65594,10
13.0487299,80.26534271,65594,65605,11
13.04817963,80.26589966,65605,65615,10
13.04765987,80.2662735,65615,65625,10
13.04689026,80.26634216,65625,65645,20
13.04689026,80.26634216,65645,65655,10
13.04664993,80.26634979,65655,65665,10
13.0461998,80.26644135,65665,65675,10
13.04570007,80.26660156,65675,65685,10
13.04526043,80.2666626,65685,65695,10
13.04487038,80.26670837,65695,65705,10
13.0444603,80.26686859,65705,65716,11
13.04388046,80.26721191,65716,65726,10
13.04316044,80.26766205,65726,65736,10
13.0420599,80.26815796,65736,65746,10
13.0420599,80.26815796,65746,65756,10
13.0414896,80.26824188,65756,65766,10
13.04123974,80.26825714,65766,65776,10
13.04119968,80.26825714,65776,65786,10
13.04109001,80.26824188,65786,65796,10
13.04096031,80.26821899,65796,65806,10
13.0403204,80.26805878,65806,65857,51
13.0403204,80.26805878,65857,65867,10
13.03993034,80.26790619,65867,65877,10
13.03956032,80.26779175,65877,65897,20
13.03956032,80.26779175,65897,65907,10
13.03913021,80.2677002,65907,65918,11
13.03896999,80.26764679,65918,65928,10
13.03876019,80.26763916,65928,65938,10
13.03851986,80.26763916,65938,65948,10
13.03806973,80.26763916,65948,66069,121
13.03806973,80.26763916,66069,66079,10
13.03781986,80.26764679,66079,66089,10
13.03763962,80.26763153,66089,66099,10
13.03759003,80.26761627,66099,66110,11
13.03722954,80.26757813,66110,66130,20
13.03722954,80.26757813,66130,66140,10
13.03709984,80.26753998,66140,66190,50
13.03709984,80.26753998,66190,66200,10
13.03697014,80.26753998,66200,66211,11
13.03664017,80.26763916,66211,66221,10
13.03647041,80.26767731,66221,66231,10
13.03610992,80.2677536,66231,66241,10
13.03590965,80.26777649,66241,66251,10
13.03569031,80.26779938,66251,66261,10
13.03534985,80.26779938,66261,66271,10
13.03487968,80.2678833,66271,66281,10
13.03429985,80.26796722,66281,66301,20
13.03429985,80.26796722,66301,66311,10
13.03411961,80.26795197,66311,66322,11
13.03400993,80.26792908,66322,66332,10
13.03388023,80.26789856,66332,66342,10
13.0336504,80.26786041,66342,66352,10
13.03343964,80.26782227,66352,66362,10
13.03326988,80.26777649,66362,66372,10
13.03310013,80.2677536,66372,66382,10
13.03306007,80.26773834,66382,66392,10
13.03289032,80.26773071,66392,66402,10
13.03271961,80.26769257,66402,66412,10
13.03246975,80.26747894,66412,66423,11
13.03229046,80.26737976,66423,66433,10
13.03184032,80.26721191,66433,66443,10
13.03125954,80.26699066,66443,66453,10
13.03055954,80.26677704,66453,66463,10
13.02997971,80.26667786,66463,66473,10
13.02974033,80.26663208,66473,66483,10
13.02958965,80.26661682,66483,66493,10
13.02923965,80.26651764,66493,66503,10
13.02882004,80.26638031,66503,66513,10
13.02824974,80.2662735,66513,66523,10
13.02758026,80.26618195,66523,66534,11
13.02702045,80.26611328,66534,66544,10
13.02663994,80.26560974,66544,67352,808
13.02637959,80.26535034,67352,67372,20
13.02637959,80.26535034,67372,67382,10
13.02632046,80.26525879,67382,67392,10
13.02632046,80.26493073,67392,67402,10
13.02637005,80.26448059,67402,67412,10
13.02643967,80.26400757,67412,67422,10
13.02645969,80.2639389,67422,67433,11
13.02651978,80.26361847,67433,67443,10
13.02661991,80.26339722,67443,67453,10
13.02686977,80.26344299,67453,67463,10
13.02727032,80.26351166,67463,67473,10
13.02756023,80.26357269,67473,67483,10
13.02791977,80.2636795,67483,67493,10
13.02822971,80.26374054,67493,67503,10
13.02838993,80.26378632,67503,67513,10
13.02869034,80.26390076,67513,67523,10
13.02902031,80.26397705,67523,67533,10
13.02921963,80.26405334,67533,67543,10
13.02927971,80.26421356,67543,67554,11
13.02927017,80.26447296,67554,67564,10
13.02927971,80.26480865,67564,67574,10
13.02931023,80.26515961,67574,67584,10
13.02929974,80.26542664,67584,67594,10
13.02927017,80.26555634,67594,67604,10
13.02925968,80.26589203,67604,67614,10
13.02923965,80.26608276,67614,67644,30
13.02923965,80.26608276,67644,67655,11
13.02917957,80.26644135,67655,67665,10
13.02917957,80.2664566,67665,67675,10
13.02927017,80.26654816,67675,67685,10
13.02958012,80.26660156,67685,67695,10
13.02999973,80.2666626,67695,67705,10
13.03015995,80.26667786,67705,67715,10
13.03050041,80.26673126,67715,67725,10
13.03096962,80.26680756,67725,67745,20
13.03110027,80.26683807,67745,67826,81
13.03110027,80.26683807,67826,67836,10
13.03151989,80.26699829,67836,67847,11
13.03176975,80.26712036,67847,67867,20
13.03176975,80.26712036,67867,67877,10
13.03195953,80.26721954,67877,67887,10
13.03219986,80.26731873,67887,67897,10
13.03242016,80.2674408,67897,67907,10
13.03265953,80.26760864,67907,67917,10
13.03293037,80.26773071,67917,67927,10
13.03312016,80.26776123,67927,67937,10
13.03335953,80.26783752,67937,67947,10
13.03376007,80.26792145,67947,67968,21
13.03376007,80.26792145,67968,67978,10
13.03388977,80.26793671,67978,67988,10
13.03392029,80.26793671,67988,67998,10
13.03402996,80.26795959,67998,68008,10
13.03431988,80.26799774,68008,68018,10
13.03468037,80.26799774,68018,68028,10
13.03516006,80.26792145,68028,68038,10
13.03565979,80.26780701,68038,68048,10
13.03619957,80.26772308,68048,68059,11
13.03658009,80.26766968,68059,68069,10
13.03674984,80.26761627,68069,68079,10
13.03689957,80.26721191,68079,68089,10
13.03705025,80.26635742,68089,68119,30
13.03705025,80.26635742,68119,68129,10
13.03711033,80.2662735,68129,68139,10
13.03719044,80.26593781,68139,68150,11
13.03732014,80.26535797,68150,68160,10
13.03746986,80.26467896,68160,68170,10
13.0376997,80.26432037,68170,68180,10
13.0381403,80.26444244,68180,68190,10
13.03853989,80.26454163,68190,68200,10
13.03884983,80.26460266,68200,68210,10
13.03942966,80.26467896,68210,68220,10
13.03993034,80.26457214,68220,68230,10
13.04051971,80.2645874,68230,68240,10
13.04086971,80.26461029,68240,68251,11
13.04137993,80.2647171,68251,68261,10
13.0413599,80.2651825,68261,68271,10
13.04125023,80.26574707,68271,68281,10
13.04115963,80.26638794,68281,68291,10
13.04104996,80.26698303,68291,68301,10
13.04092026,80.26773071,68301,68311,10
13.04092026,80.26773071,68311,68321,10
13.04104042,80.26812744,68321,68331,10
13.04131031,80.26815796,68331,68362,31
13.04131031,80.26815796,68362,68372,10
13.04156017,80.26818085,68372,68382,10
13.04170036,80.26818085,68382,68392,10
13.04205036,80.26815796,68392,68402,10
13.04244995,80.26806641,68402,68412,10
13.04296017,80.26777649,68412,68422,10
13.04335976,80.26750183,68422,68432,10
13.04370022,80.26728058,68432,68442,10
13.04403973,80.26706696,68442,68452,10
13.04438972,80.26686859,68452,68463,11
13.04487991,80.26669312,68463,68473,10
13.04561996,80.2665863,68473,68483,10
13.04627037,80.26638794,68483,68493,10
13.04664993,80.26634216,68493,68503,10
13.04714012,80.26628876,68503,68533,30
13.04714012,80.26628876,68533,68543,10
13.04728985,80.26634216,68543,68553,10
13.04753017,80.26628876,68553,68564,11
13.04792023,80.26605988,68564,68574,10
13.04829979,80.26573181,68574,68584,10
13.04866028,80.26534271,68584,68594,10
13.0488596,80.26493073,68594,68604,10
13.04903984,80.26434326,68604,68614,10
13.04950047,80.26402283,68614,68624,10
13.04990005,80.26406097,68624,68634,10
13.05039978,80.26407623,68634,68644,10
13.05091,80.26407623,68644,68654,10
13.05138016,80.26399994,68654,68665,11
13.05173016,80.26390076,68665,68675,10
13.05193996,80.26383972,68675,68685,10
13.05220985,80.26376343,68685,68765,80
13.05245972,80.26376343,68765,68796,31
13.05245972,80.26376343,68796,68806,10
13.05274963,80.26383209,68806,68816,10
13.05298996,80.26386261,68816,68826,10
13.05327988,80.26389313,68826,68836,10
13.05362034,80.26393127,68836,68846,10
13.05379963,80.26396942,68846,68856,10
13.05414009,80.26416016,68856,68867,11
13.0544796,80.26425171,68867,68877,10
13.05451965,80.26425934,68877,68887,10
13.0545702,80.26426697,68887,68897,10
13.05486965,80.26432037,68897,68907,10
13.05531025,80.26442719,68907,68917,10
13.05580044,80.26451874,68917,68927,10
13.0564003,80.26455688,68927,68937,10
13.05714035,80.26473999,68937,68957,20
13.05714035,80.26473999,68957,68968,11
13.05720043,80.26477814,68968,68978,10
13.05745983,80.26496124,68978,68988,10
13.05792046,80.26502991,68988,68998,10
13.05795956,80.26460266,68998,69008,10
13.05786991,80.26399994,69008,69018,10
13.05780983,80.26332092,69018,69028,10
13.05774975,80.26258087,69028,69038,10
13.05764008,80.26186371,69038,69048,10
13.05749989,80.26113892,69048,69058,10
13.05782032,80.26097107,69058,69069,11
13.05838013,80.26094055,69069,69079,10
13.05881977,80.2609024,69079,69089,10
13.05930042,80.26077271,69089,69099,10
13.05970955,80.26048279,69099,69109,10
13.06005955,80.26068115,69109,69119,10
13.06039047,80.26109314,69119,69129,10
13.06083965,80.26151276,69129,69139,10
13.06130028,80.26197052,69139,69149,10
13.06167984,80.26242065,69149,69159,10
13.06182003,80.26261902,69159,69170,11
13.06204033,80.26290131,69170,69180,10
13.06233978,80.26329041,69180,69190,10
13.06274033,80.26374817,69190,69200,10
13.06287956,80.26392365,69200,69210,10
13.06295013,80.26400757,69210,69220,10
13.06315994,80.26426697,69220,69230,10
13.06344032,80.26468658,69230,69240,10
13.06373978,80.26516724,69240,69250,10
13.06394958,80.26551056,69250,69260,10
13.06422043,80.26584625,69260,69271,11
13.06445026,80.26609802,69271,69281,10
13.06455994,80.26622009,69281,69291,10
13.06474972,80.2664566,69291,69301,10
13.06486034,80.26660919,69301,69311,10
13.06499958,80.26679993,69311,69321,10
13.06534004,80.2670517,69321,69331,10
13.06569958,80.26740265,69331,69341,10
13.06608009,80.26790619,69341,69351,10
13.06632042,80.26821899,69351,69361,10
13.06634998,80.26825714,69361,69371,10
13.06645966,80.26831818,69371,69382,11
13.06669044,80.26841736,69382,69392,10
13.06700039,80.26854706,69392,69412,20
13.06700039,80.26854706,69412,69422,10
13.06721973,80.26870728,69422,69432,10
13.06754017,80.26895905,69432,69442,10
13.06793976,80.26924896,69442,69452,10
13.06822014,80.26950073,69452,69462,10
13.06818008,80.26999664,69462,69472,10
13.06812,80.27044678,69472,69483,11
13.06811047,80.27059937,69483,69493,10
13.06807995,80.27092743,69493,69503,10
13.06814957,80.2713623,69503,69513,10
13.06842995,80.271698,69513,69523,10
13.06888008,80.27194214,69523,69533,10
13.06925011,80.27217102,69533,69543,10
13.06960964,80.27256012,69543,69553,10
13.06997967,80.27297211,69553,69563,10
13.07032967,80.27337646,69563,69573,10
13.07087994,80.27403259,69573,69604,31
13.07087994,80.27403259,69604,69614,10
13.07112026,80.27410126,69614,69624,10
13.07155037,80.27423859,69624,69634,10
13.07196999,80.27455902,69634,69644,10
13.07234001,80.27497864,69644,69654,10
13.07277966,80.27545929,69654,69664,10
13.0733099,80.27601624,69664,69674,10
13.07382011,80.27633667,69674,69685,11
13.07454014,80.27631378,69685,69695,10
13.07526016,80.27626038,69695,69705,10
13.07544041,80.27626038,69705,69715,10
13.0756197,80.27623749,69715,69725,10
13.07604027,80.27623749,69725,69735,10
13.07656002,80.27622986,69735,69745,10
13.07711983,80.27617645,69745,69755,10
13.07769966,80.27615356,69755,69765,10
13.07808971,80.27594757,69765,69775,10
13.07822037,80.27554321,69775,69785,10
13.0784502,80.27519989,69785,69796,11
13.07886028,80.27510834,69796,69806,10
13.0792799,80.27519989,69806,69816,10
13.07977009,80.27526855,69816,69826,10
13.08032036,80.27523804,69826,69836,10
13.08065987,80.27519989,69836,69856,20
13.08065987,80.27519989,69856,69866,10
13.08080006,80.27519226,69866,69876,10
13.08117008,80.27516174,69876,69886,10
13.08152962,80.27513885,69886,69897,11
13.08185005,80.27523804,69897,69907,10
13.08195972,80.27552795,69907,69947,40
13.08195972,80.27552795,69947,69957,10
13.08195972,80.27565765,69957,69967,10
13.0819397,80.27588654,69967,69977,10
13.08193016,80.27590179,69977,69987,10
13.08180046,80.27610016,69987,69998,11
13.08183956,80.27646637,69998,70008,10
13.08191013,80.27690887,70008,70018,10
13.08197975,80.27741241,70018,70028,10
13.08201981,80.27780151,70028,70038,10
13.08226967,80.27800751,70038,70048,10
13.08271027,80.27805328,70048,70058,10
13.08314991,80.27806854,70058,70068,10
13.08335018,80.27822876,70068,70078,10
13.08345985,80.27861786,70078,70089,11
13.08366013,80.27908325,70089,70099,10
13.08382034,80.27916718,70099,70109,10
13.08413982,80.27921295,70109,70119,10
13.08460045,80.27926636,70119,70129,10
13.08479977,80.27931976,70129,70139,10
13.08516026,80.27944183,70139,70149,10
13.08545971,80.2796936,70149,70159,10
13.08557034,80.28003693,70159,70168,9
13.08565998,80.28043365,70168,70179,11
13.08590031,80.28083801,70179,70190,11
13.08640957,80.28101349,70190,70200,10
13.08699989,80.28118134,70200,70210,10
13.08747005,80.28130341,70210,70220,10
13.08794022,80.28141022,70220,70270,50
13.08794022,80.28141022,70270,70280,10
13.08812046,80.28141785,70280,70290,10
13.08847046,80.2815094,70290,70301,11
13.08852005,80.2818222,70301,70311,10
13.08845997,80.28209686,70311,70321,10
13.0884304,80.28222656,70321,70331,10
13.08837986,80.28247833,70331,70361,30
13.08837986,80.28247833,70361,70371,10
13.08819008,80.28224182,70371,70381,10
13.08813953,80.2818985,70381,70392,11
13.08784008,80.28147888,70392,70402,10
13.08751011,80.28137207,70402,70412,10
13.08722019,80.28131104,70412,70422,10
13.08703041,80.28125,70422,70432,10
13.08670044,80.28115082,70432,70442,10
13.08633995,80.28108215,70442,70674,232
13.08633995,80.28108215,70674,70684,10
13.0860796,80.28095245,70684,70694,10
13.08572006,80.28079987,70694,70705,11
13.08555031,80.28025818,70705,70715,10
13.0853796,80.27964783,70715,70725,10
13.08485985,80.27931213,70725,70735,10
13.08423042,80.27916718,70735,70745,10
13.08372974,80.27909088,70745,70755,10
13.08316994,80.27887726,70755,70765,10
13.08248043,80.27857971,70765,70795,30
13.08248043,80.27857971,70795,70805,10
13.08234978,80.27852631,70805,70816,11
13.08199024,80.27832031,70816,70826,10
13.08189964,80.27793884,70826,70836,10
13.08183956,80.27754974,70836,70856,20
13.08183956,80.27754974,70856,70866,10
13.08187008,80.27745056,70866,70876,10
13.08174992,80.27667999,70876,70896,20
13.08174992,80.27667999,70896,70907,11
13.08174992,80.27645874,70907,70917,10
13.08174992,80.27638245,70917,70927,10
13.08166981,80.27601624,70927,70937,10
13.08152962,80.27557373,70937,70977,40
13.08152962,80.27557373,70977,70987,10
13.08146,80.27535248,70987,70997,10
13.08127975,80.275177,70997,71008,11
13.0809803,80.27522278,71008,71018,10
13.08069038,80.2752533,71018,71028,10
13.08034039,80.27529144,71028,71038,10
13.07993984,80.27532196,71038,71048,10
13.07954025,80.2753067,71048,71058,10
13.07905006,80.27519989,71058,71068,10
13.07839012,80.27529144,71068,71078,10
13.07808018,80.27601624,71078,71088,10
13.07742977,80.27622986,71088,71098,10
13.07668972,80.27628326,71098,71109,11
13.07584,80.27632141,71109,71119,10
13.07505989,80.27636719,71119,71129,10
13.07493973,80.27636719,71129,71139,10
13.07479,80.27635956,71139,71149,10
13.07437992,80.27638245,71149,71159,10
13.07392979,80.27642822,71159,71179,20
13.07392979,80.27642822,71179,71189,10
13.0737896,80.27645874,71189,71199,10
13.07343006,80.27639771,71199,71210,11
13.07301044,80.27593994,71210,71220,10
13.07258034,80.27545929,71220,71230,10
13.07203007,80.27487183,71230,71260,30
13.07203007,80.27487183,71260,71270,10
13.07199001,80.27481842,71270,71280,10
13.07172966,80.27459717,71280,71290,10
13.07127953,80.27445984,71290,71300,10
13.07077026,80.27430725,71300,71331,31
13.07077026,80.27430725,71331,71341,10
13.07059956,80.27410889,71341,71351,10
13.07050037,80.27391815,71351,71361,10
13.07036018,80.27359772,71361,71371,10
13.0700798,80.27320862,71371,71381,10
13.06966019,80.27274323,71381,71391,10
13.06914997,80.2722168,71391,71401,10
13.06844997,80.27189636,71401,71472,71
13.06844997,80.27189636,71472,71482,10
13.06828022,80.27174377,71482,71492,10
13.06803989,80.27139282,71492,71502,10
13.06770992,80.27095032,71502,71512,10
13.06727028,80.27049255,71512,71523,11
13.06671047,80.26992035,71523,71533,10
13.06643009,80.26938629,71533,71543,10
13.06636047,80.26879883,71543,71553,10
13.06618977,80.26830292,71553,71563,10
13.06581974,80.26783752,71563,71573,10
13.06530952,80.26764679,71573,71593,20
13.06530952,80.26764679,71593,71603,10
13.06505966,80.2675705,71603,71613,10
13.06462002,80.26750183,71613,71624,11
13.06441021,80.26746368,71624,71634,10
13.0642004,80.26741791,71634,71644,10
13.06381035,80.26734161,71644,71654,10
13.06330013,80.26725006,71654,71664,10
13.06270981,80.26712799,71664,71674,10
13.06231022,80.26672363,71674,71684,10
13.06190014,80.2661972,71684,71694,10
13.06145954,80.26566315,71694,71704,10
13.06107998,80.26525116,71704,71714,10
13.06050968,80.26538086,71714,71735,21
13.06050968,80.26538086,71735,71745,10
13.06033039,80.26545715,71745,71755,10
13.05994034,80.26558685,71755,71765,10
13.0594101,80.26557922,71765,71775,10
13.05879021,80.26548004,71775,71785,10
13.05842972,80.26541901,71785,71795,10
13.05842018,80.26541901,71795,71805,10
13.05836964,80.26538086,71805,71815,10
13.05809021,80.26528168,71815,71826,11
13.05755997,80.2650528,71826,71836,10
13.05706978,80.26481628,71836,71846,10
13.05706024,80.26481628,71846,71856,10
13.05677032,80.26467896,71856,71866,10
13.05628014,80.26455688,71866,71876,10
13.05562019,80.26448059,71876,71886,10
13.05447006,80.26429749,71886,71906,20
13.05447006,80.26429749,71906,71916,10
13.05438042,80.26425934,71916,71927,11
13.05385017,80.26415253,71927,71947,20
13.05385017,80.26415253,71947,71957,10
13.05375957,80.26406097,71957,71967,10
13.05346012,80.26393127,71967,71977,10
13.0531702,80.26387024,71977,71987,10
13.0527401,80.26381683,71987,71997,10
13.05237007,80.26377869,71997,72007,10
13.05167007,80.26392365,72007,72028,21
13.05167007,80.26392365,72028,72038,10
13.05152035,80.26394653,72038,72048,10
13.05113983,80.26405334,72048,72058,10
13.05056,80.26410675,72058,72068,10
13.04990005,80.26406097,72068,72078,10
13.04916954,80.26421356,72078,72088,10
13.04887009,80.26499176,72088,72098,10
13.04843998,80.26558685,72098,72108,10
13.04786968,80.26611328,72108,72118,10
13.04734993,80.26631165,72118,72129,11
13.04691982,80.26635742,72129,72139,10
13.0468998,80.26635742,72139,72149,10
13.04683018,80.26634979,72149,72159,10
13.04650021,80.26638031,72159,72169,10
13.04598999,80.26651001,72169,72179,10
13.04555035,80.26661682,72179,72189,10
13.0451498,80.26667023,72189,72199,10
13.0447197,80.26674652,72199,72209,10
13.04428005,80.26695251,72209,72219,10
13.04362011,80.26734161,72219,72230,11
13.04281044,80.26785278,72230,72240,10
13.04207993,80.26815033,72240,72250,10
13.04098034,80.26821899,72250,72270,20
13.04098034,80.26821899,72270,72280,10
13.04090977,80.26818848,72280,72289,9
13.04061985,80.26812744,72289,72300,11
13.04008961,80.26793671,72300,72310,10
13.03956985,80.26776123,72310,72320,10
13.03897953,80.26763916,72320,72331,11
13.03796005,80.26767731,72331,72361,30
13.03796005,80.26767731,72361,72371,10
13.03785992,80.26766205,72371,72381,10
13.03757,80.26763153,72381,72462,81
13.03757,80.26763153,72462,72472,10
13.03724003,80.26760101,72472,72482,10
13.03687954,80.26759338,72482,72492,10
13.03647995,80.2677002,72492,72502,10
13.03604984,80.26776886,72502,72512,10
13.03565025,80.26785278,72512,72522,10
13.0352602,80.26790619,72522,72533,11
13.0346899,80.268013,72533,72543,10
13.03427029,80.26802826,72543,72573,30
13.03427029,80.26802826,72573,72583,10
13.03402042,80.26798248,72583,72593,10
13.03388023,80.26795197,72593,72603,10
13.03363037,80.2678833,72603,72613,10
13.03326035,80.26780701,72613,72623,10
13.03287029,80.2677536,72623,72634,11
13.03258038,80.26760864,72634,72644,10
13.03240967,80.26747131,72644,72654,10
13.03217983,80.26732635,72654,72664,10
13.03188038,80.26719666,72664,72674,10
13.03139973,80.26701355,72674,72684,10
13.03079033,80.26682281,72684,72694,10
13.03024006,80.26673126,72694,72704,10
13.02970982,80.2666626,72704,72714,10
13.02968979,80.2666626,72714,72724,10
13.02952003,80.26663208,72724,72734,10
13.02917957,80.26650238,72734,72745,11
13.02869987,80.26634979,72745,72755,10
13.02807045,80.26622772,72755,72765,10
13.02740002,80.26615143,72765,72775,10
13.02686977,80.26605988,72775,72785,10
13.02663994,80.26570129,72785,75693,2908
13.02655983,80.26567078,75693,76087,394
13.02661991,80.26560974,76087,77117,1030
13.02661991,80.26560974,77117,77127,10
13.02674961,80.26587677,77127,77138,11
13.0267601,80.26599884,77138,77148,10
13.02651978,80.26602173,77148,77158,10
13.02630043,80.26602173,77158,77168,10
13.02612019,80.26618195,77168,77178,10
13.02626038,80.26644135,77178,77915,737
13.02626038,80.26644135,77915,77925,10
13.02633953,80.26634979,77925,81490,3565
13.02620983,80.26622772,81490,82066,576
13.02639961,80.26611328,82066,83116,1050
13.02639961,80.26611328,83116,83126,10
