12.98826981,80.22364807,18,825,807
12.98806953,80.22376251,825,956,131
12.98806953,80.22376251,956,966,10
12.98808956,80.22377014,966,1168,202
12.98816013,80.22380066,1168,1299,131
12.98812962,80.22386932,1299,1471,172
12.98812962,80.22364807,1471,1995,524
12.98818016,80.22373962,1995,2167,172
12.98808956,80.22360992,2167,2288,121
12.98808956,80.22360992,2288,2298,10
12.98812008,80.22367859,2298,2469,171
12.98818016,80.22367096,2469,2509,40
12.98818016,80.22367096,2509,2520,11
12.98820972,80.22376251,2520,2631,111
12.98816013,80.22377014,2631,2691,60
12.98810959,80.22373962,2691,2731,40
12.98812008,80.22371674,2731,3851,1120
12.9881897,80.22386169,3851,4305,454
12.98822975,80.22367859,4305,8168,3863
12.98816013,80.22389221,8168,8340,172
12.98824024,80.22376251,8340,9641,1301
12.98824024,80.22376251,9641,9651,10
12.98812962,80.22357941,9651,9671,20
12.98818016,80.22373962,9671,9752,81
12.98812008,80.22357178,9752,10054,302
12.98818016,80.22370911,10054,16015,5961
12.98814011,80.22357941,16015,16086,71
12.98814011,80.22357941,16086,16096,10
12.98820019,80.22360229,16096,16692,596
12.98826981,80.22373962,16692,16864,172
12.98826027,80.22368622,16864,17227,363
12.98838997,80.22373962,17227,17358,131
12.9883604,80.22368622,17358,18740,1382
12.98816013,80.22367859,18740,19002,262
12.98818016,80.22376251,19002,19456,454
12.98820019,80.22364044,19456,20024,568
12.98824978,80.22368622,20024,20226,202
12.98826027,80.22364807,20226,22293,2067
12.98826027,80.22364807,22293,22303,10
12.98841953,80.22357178,22303,22314,11
12.9885397,80.22332764,22314,22324,10
12.98873997,80.22328949,22324,22334,10
12.98925018,80.22341919,22334,22344,10
12.98946953,80.22387695,22344,22354,10
12.98952961,80.22457123,22354,22364,10
12.9897604,80.22518158,22364,22374,10
12.9901104,80.22579956,22374,22384,10
12.99005032,80.22647095,22384,22394,10
12.99018955,80.22724152,22394,22405,11
12.99040031,80.22831726,22405,22414,9
12.99057961,80.22901154,22414,22425,11
12.99079037,80.22979736,22425,22436,11
12.99090958,80.23101044,22436,22446,10
12.99100018,80.23166656,22446,22456,10
12.99108028,80.23248291,22456,22466,10
12.99131012,80.23320007,22466,22476,10
12.99174023,80.23368073,22476,22486,10
12.99192047,80.23374939,22486,22497,11
12.99260998,80.23381805,22497,22508,11
12.99333954,80.23410034,22508,22518,10
12.9938097,80.23442841,22518,22528,10
12.99462986,80.23493195,22528,22538,10
12.99530029,80.23532867,22538,22548,10
12.99590015,80.23583221,22548,22559,11
12.99606037,80.23600006,22559,22569,10
12.99643993,80.23665619,22569,22579,10
12.99693966,80.23760986,22579,22589,10
12.99726963,80.23812866,22589,22599,10
12.9978199,80.23882294,22599,22609,10
12.99831963,80.23908234,22609,22619,10
12.99911022,80.23931885,22619,22629,10
12.99979973,80.23944855,22629,22639,10
13.00094032,80.23961639,22639,22649,10
13.00150013,80.23973846,22649,22659,10
13.00232983,80.24001312,22659,22669,10
13.00282955,80.24017334,22669,22680,11
13.00360966,80.24067688,22680,22690,10
13.00407028,80.24169159,22690,22700,10
13.00502014,80.24183655,22700,22710,10
13.00586033,80.24185181,22710,22720,10
13.00594997,80.2423172,22720,22730,10
13.00592041,80.24236298,22730,22740,10
13.00572014,80.24234772,22740,22760,20
13.00572014,80.24234772,22760,22770,10
13.00543976,80.24201202,22770,22780,10
13.00485992,80.24182129,22780,22791,11
13.00397968,80.24162292,22791,22801,10
13.00362015,80.24069977,22801,22811,10
13.00277042,80.24014282,22811,22821,10
13.00220013,80.23993683,22821,22831,10
13.00144005,80.23969269,22831,22841,10
13.00082016,80.23957825,22841,22851,10
12.99919033,80.23931122,22851,22871,20
12.99919033,80.23931122,22871,22881,10
12.99870014,80.23915863,22881,22891,10
12.99792004,80.23886108,22891,22901,10
12.99748993,80.23841858,22901,22912,11
12.99695969,80.23763275,22912,22922,10
12.99660969,80.23699951,22922,22932,10
12.99613953,80.23615265,22932,22942,10
12.99542046,80.23539734,22942,22952,10
12.99491978,80.23506165,22952,22962,10
12.99421978,80.23464966,22962,22971,9
12.99392986,80.23448181,22971,22982,11
12.99363041,80.23423004,22982,22992,10
12.99326038,80.23400116,22992,23001,9
12.9927702,80.23381805,23001,23012,11
12.99195957,80.23374176,23012,23022,10
12.99182034,80.23374176,23022,23033,11
12.99147034,80.2337265,23033,23043,10
12.99129009,80.23310089,23043,23053,10
12.99110031,80.23258209,23053,23063,10
12.99096966,80.23168182,23063,23073,10
12.99088001,80.23085785,23073,23083,10
12.99083042,80.23010254,23083,23093,10
12.99061966,80.22914124,23093,23103,10
12.99046993,80.2285614,23103,23113,10
12.9902401,80.22779846,23113,23123,10
12.99018002,80.22741699,23123,23133,10
12.99011993,80.22691345,23133,23144,11
12.99005032,80.22621155,23144,23157,13
12.98985004,80.22537231,23157,23167,10
12.98958015,80.22473145,23167,23177,10
12.98948956,80.22400665,23177,23187,10
12.98929977,80.22348785,23187,23197,10
12.98878002,80.22332001,23197,23207,10
12.9883604,80.2233963,23207,23217,10
12.98834991,80.22332001,23217,23227,10
12.98869038,80.22332764,23227,23237,10
12.98925018,80.22345734,23237,23247,10
12.98948002,80.22398376,23247,23257,10
12.98956966,80.22473145,23257,23268,11
12.98991966,80.22544098,23268,23278,10
12.99005032,80.22625732,23278,23288,10
12.9901104,80.22678375,23288,23298,10
12.99013996,80.22757721,23298,23308,10
12.98970032,80.2279129,23308,23318,10
12.98906994,80.22823334,23318,23328,10
12.98869991,80.22904205,23328,23338,10
12.98843002,80.22966766,23338,23348,10
12.98824978,80.23004913,23348,23358,10
12.98787975,80.23113251,23358,23368,10
12.98752975,80.23217773,23368,23378,10
12.98746967,80.23300934,23378,23389,11
12.98721027,80.23329163,23389,23399,10
12.98674011,80.23330688,23399,23409,10
12.98659992,80.23329163,23409,23419,10
12.98614025,80.23348999,23419,23429,10
12.98614025,80.23399353,23429,23439,10
12.98633957,80.23484802,23439,23449,10
12.98651981,80.23529053,23449,23459,10
12.9865799,80.2355423,23459,23469,10
12.98659039,80.2361908,23469,23479,10
12.98661995,80.23697662,23479,23489,10
12.98665047,80.23773193,23489,23500,11
12.98655987,80.23845673,23500,24296,796
12.98655987,80.23845673,24296,24306,10
12.98666954,80.23834229,24306,24317,11
12.98666954,80.23777771,24317,24327,10
12.98663998,80.23708344,24327,24337,10
12.98661041,80.23654938,24337,24347,10
12.98659039,80.23583221,24347,24357,10
12.98653984,80.23532104,24357,24367,10
12.98649025,80.23525238,24367,24377,10
12.98626041,80.23471069,24377,24387,10
12.98614979,80.23399353,24387,24397,10
12.98614025,80.23342896,24397,24407,10
12.98666954,80.23329926,24407,24417,10
12.98668003,80.23329926,24417,24428,11
12.98715019,80.23327637,24428,24438,10
12.98740959,80.23297882,24438,24448,10
12.9874897,80.23226166,24448,24458,10
12.98777962,80.23143005,24458,24468,10
12.98812962,80.23052216,24468,24478,10
12.98841953,80.22973633,24478,24488,10
12.98863983,80.22917938,24488,24498,10
12.98896027,80.22841644,24498,24508,10
12.98956966,80.22799683,24508,24518,10
12.98985958,80.2277832,24518,24528,10
12.99011993,80.22762299,24528,24538,10
12.99013996,80.22693634,24538,24549,11
12.99005032,80.22635651,24549,24559,10
12.99005032,80.22570038,24559,24569,10
12.98964024,80.22492981,24569,24579,10
12.98952007,80.22434235,24579,24589,10
12.98948002,80.22371674,24589,24599,10
12.98900986,80.22335815,24599,24609,10
12.98836994,80.22335052,24609,24629,20
12.98836994,80.22335052,24629,24639,10
12.98840046,80.22328186,24639,24649,10
12.98894024,80.22332001,24649,24659,10
12.98939991,80.22358704,24659,24670,11
12.98952007,80.22416687,24670,24680,10
12.98962975,80.2248764,24680,24690,10
12.98995972,80.22544861,24690,24700,10
12.9900198,80.22627258,24700,24710,10
12.99007034,80.22669983,24710,24719,9
12.99020004,80.2275238,24719,24730,11
12.99042988,80.22844696,24730,24740,10
12.99055958,80.22891998,24740,24750,10
12.99081993,80.2299118,24750,24760,10
12.99090958,80.23072052,24760,24770,10
12.99094009,80.23121643,24770,24781,11
12.9910202,80.23191833,24781,24791,10
12.99100971,80.23210144,24791,24801,10
12.99116993,80.23274994,24801,24811,10
12.9913702,80.23329926,24811,24821,10
12.99205971,80.23370361,24821,24841,20
12.99205971,80.23370361,24841,24851,10
12.99238968,80.23374939,24851,24861,10
12.99310017,80.23394012,24861,24871,10
12.99359989,80.23423767,24871,24881,10
12.99388027,80.23445129,24881,24891,10
12.99398041,80.23451996,24891,24902,11
12.99466038,80.23490143,24902,24912,10
12.9952898,80.2352829,24912,24922,10
12.99584961,80.23576355,24922,24932,10
12.99602032,80.23593903,24932,24942,10
12.9963398,80.23648071,24942,24952,10
12.99676991,80.23725891,24952,24962,10
12.99709034,80.2378006,24962,24972,10
12.99754047,80.23845673,24972,24982,10
12.99798012,80.23892975,24982,24992,10
12.99866009,80.23918152,24992,25002,10
12.99884033,80.23924255,25002,25012,10
12.99923992,80.23934174,25012,25023,11
13.00010967,80.23950195,25023,25033,10
13.00100994,80.23961639,25033,25043,10
13.00154018,80.23973846,25043,25053,10
13.00230026,80.23999023,25053,25063,10
13.00253963,80.24006653,25063,25073,10
13.00286961,80.2401886,25073,25083,10
13.00354004,80.24049377,25083,25093,10
13.00393009,80.24144745,25093,25103,10
13.0047102,80.24185944,25103,25113,10
13.00562,80.24182892,25113,25123,10
13.00599957,80.2421875,25123,25134,11
13.00597,80.24230957,25134,25143,9
13.00568962,80.24230194,25143,26132,989
13.00568962,80.24230194,26132,26142,10
13.00562,80.24217987,26142,26152,10
13.00527954,80.24182129,26152,26162,10
13.00456047,80.24183655,26162,26172,10
13.00395012,80.24147797,26172,26183,11
13.00354958,80.24051666,26183,26193,10
13.00275993,80.24014282,26193,26203,10
13.0021801,80.23995209,26203,26213,10
13.00133038,80.2396698,26213,26223,10
13.00067997,80.23957825,26223,26233,10
12.99997997,80.23947144,26233,26243,10
12.99929047,80.23934174,26243,26253,10
12.99923992,80.23932648,26253,26263,10
12.9990797,80.2392807,26263,26273,10
12.99845982,80.23911285,26273,26283,10
12.99787045,80.23883057,26283,26293,10
12.99746037,80.23832703,26293,26304,11
12.99695969,80.23755646,26304,26314,10
12.99658966,80.23686218,26314,26324,10
12.99612045,80.23603821,26324,26334,10
12.99559975,80.23549652,26334,26344,10
12.99507046,80.2351532,26344,26354,10
12.99400043,80.23451233,26354,26374,20
12.99400043,80.23451233,26374,26384,10
12.99380016,80.23433685,26384,26394,10
12.99333954,80.23403168,26394,26404,10
12.99273968,80.23381805,26404,26415,11
12.99203014,80.23371887,26415,26425,10
12.99184036,80.23374176,26425,26435,10
12.99155045,80.23377228,26435,26445,10
12.99135971,80.23326874,26445,26455,10
12.99123001,80.2328186,26455,26465,10
12.99104977,80.23210144,26465,26475,10
12.99102974,80.23177338,26475,26485,10
12.99100018,80.23158264,26485,26495,10
12.99094009,80.23098755,26495,26505,10
12.99090004,80.2302475,26505,26515,10
12.99073982,80.22939301,26515,26525,10
12.99051952,80.22869873,26525,26536,11
12.99030972,80.22805023,26536,26546,10
12.99022961,80.22736359,26546,26556,10
12.99011993,80.22659302,26556,26566,10
12.99016953,80.2260437,26566,26576,10
12.98983955,80.22530365,26576,26586,10
12.98960018,80.22470856,26586,26596,10
12.9895401,80.22398376,26596,26606,10
12.98927021,80.2234726,26606,26616,10
12.98869038,80.22335052,26616,26626,10
12.98838043,80.22335815,26626,26646,20
12.98838043,80.22335815,26646,26657,11
12.98843956,80.22329712,26657,26667,10
12.98890018,80.22335052,26667,26677,10
12.98933983,80.22354889,26677,26687,10
12.98948002,80.22406006,26687,26696,9
12.98956966,80.22467804,26696,26707,11
12.98987961,80.22535706,26707,26717,10
12.99005032,80.22609711,26717,26727,10
12.99007988,80.22664642,26727,26737,10
12.99022961,80.22731781,26737,26747,10
12.98980045,80.2277832,26747,26757,10
12.98933029,80.22805786,26757,26767,10
12.9888401,80.22866058,26767,26778,11
12.98851967,80.22949982,26778,26788,10
12.98834038,80.22995758,26788,26798,10
12.98832035,80.2299881,26798,26808,10
12.98824024,80.23023987,26808,26818,10
12.98795986,80.23097992,26818,26828,10
12.98760986,80.2318573,26828,26838,10
12.98746967,80.23277283,26838,26848,10
12.98740005,80.23325348,26848,26858,10
12.98680973,80.23330688,26858,26868,10
12.98659039,80.23332977,26868,26878,10
12.98618031,80.23345947,26878,26889,11
12.98620033,80.23406219,26889,26899,10
12.98637962,80.2348938,26899,26909,10
12.98655033,80.23529816,26909,26919,10
12.98655033,80.23535919,26919,26929,10
12.98659992,80.23589325,26929,26939,10
12.98661995,80.23664093,26939,26952,13
12.98663044,80.2372818,26952,26962,10
12.98666,80.2385025,26962,26972,10
12.9865799,80.23851013,26972,27883,911
12.9865799,80.23851013,27883,27893,10
12.98668003,80.23841858,27893,27903,10
12.98670959,80.23812866,27903,27944,41
12.98670959,80.23812866,27944,27954,10
12.98668957,80.23777771,27954,27964,10
12.98666,80.23716736,27964,27974,10
12.98661995,80.23664093,27974,27984,10
12.98659992,80.23597717,27984,27994,10
12.9865799,80.23549652,27994,28004,10
12.98653984,80.23535156,28004,28014,10
12.98639965,80.23500061,28014,28024,10
12.98620033,80.23445129,28024,28034,10
12.98616982,80.23388672,28034,28044,10
12.98626041,80.23336792,28044,28055,11
12.98672009,80.23332977,28055,28065,10
12.98690033,80.23330688,28065,28075,10
12.98740959,80.23320007,28075,28085,10
12.98746967,80.23268127,28085,28095,10
12.98762989,80.23182678,28095,28105,10
12.98797035,80.23092651,28105,28115,10
12.98826027,80.23016357,28115,28125,10
12.98834038,80.23001099,28125,28135,10
12.98849964,80.22956848,28135,28145,10
12.98876953,80.22892761,28145,28155,10
12.98913956,80.22827911,28155,28165,10
12.98974037,80.22792053,28165,28176,11
12.99009991,80.22766876,28176,28186,10
12.99020004,80.22754669,28186,28196,10
12.99015045,80.22698212,28196,28206,10
12.99007988,80.22635651,28206,28216,10
12.99007034,80.22566986,28216,28226,10
12.98962021,80.2248764,28226,28236,10
12.98950958,80.22444153,28236,28246,10
12.98950958,80.22415161,28246,28256,10
12.98939991,80.22358704,28256,28266,10
12.98888969,80.22335052,28266,28276,10
12.9883604,80.22338867,28276,28317,41
12.9883604,80.22338867,28317,28327,10
12.98847008,80.22328949,28327,28337,10
12.98894024,80.2233429,28337,28347,10
12.98935986,80.22355652,28347,28357,10
12.98950005,80.22398376,28357,28367,10
12.98956013,80.22460938,28367,28377,10
12.98980045,80.22521973,28377,28387,10
12.99011993,80.22589111,28387,28397,10
12.99005985,80.22644806,28397,28408,11
12.99022007,80.22736359,28408,28418,10
12.9902401,80.2276001,28418,28428,10
12.99032021,80.22802734,28428,28438,10
12.99053955,80.22875977,28438,28448,10
12.99069977,80.2293396,28448,28458,10
12.99085999,80.23016357,28458,28468,10
12.99085999,80.2303009,28468,28478,10
12.99090958,80.23091125,28478,28488,10
12.99100971,80.23203278,28488,28508,20
12.99100971,80.23203278,28508,28518,10
12.99104023,80.23232269,28518,28529,11
12.99131012,80.23310089,28529,28539,10
12.99164963,80.2335968,28539,28549,10
12.99211979,80.2337265,28549,28579,30
12.99211979,80.2337265,28579,28589,10
12.99238014,80.23377228,28589,28599,10
12.99306965,80.2339325,28599,28609,10
12.99357033,80.23420715,28609,28619,10
12.9939003,80.23445129,28619,28629,10
12.9939003,80.23445892,28629,28640,11
12.99433041,80.23474884,28640,28650,10
12.99489021,80.23506165,28650,28660,10
12.99553013,80.23548126,28660,28670,10
12.99600029,80.23590851,28670,28680,10
12.99623013,80.23625183,28680,28690,10
12.99668026,80.23709106,28690,28700,10
12.99707031,80.23773956,28700,28710,10
12.99752998,80.23842621,28710,28720,10
12.99800014,80.23889923,28720,28730,10
12.99872971,80.23918915,28730,28750,20
12.99872971,80.23918915,28750,28761,11
12.99890995,80.23925018,28761,28771,10
12.99942017,80.23937988,28771,28781,10
13.00026035,80.23950958,28781,28791,10
13.0011301,80.23963928,28791,28801,10
13.00166035,80.2397995,28801,28811,10
13.00236988,80.24002838,28811,28821,10
13.00251961,80.24008179,28821,28831,10
13.00288963,80.24019623,28831,28841,10
13.00358009,80.24060822,28841,28851,10
13.00397015,80.241539,28851,28861,10
13.00452995,80.24188232,28861,28872,11
13.00524044,80.24183655,28872,28882,10
13.00578022,80.24183655,28882,28892,10
13.00578022,80.24227905,28892,29729,837
13.00578022,80.24227905,29729,29739,10
13.00568008,80.24223328,29739,29749,10
13.00527954,80.24188232,29749,29759,10
13.00450039,80.24188232,29759,29769,10
13.00387955,80.24134827,29769,29779,10
13.00339985,80.24040222,29779,29789,10
13.00263977,80.24008942,29789,29800,11
13.00259972,80.24008179,29800,29810,10
13.0025301,80.24004364,29810,29820,10
13.00214005,80.2399292,29820,29830,10
13.00148964,80.23970795,29830,29839,9
13.00078011,80.23960876,29839,29850,11
12.99969006,80.23944855,29850,29860,10
12.99919033,80.23935699,29860,29870,10
12.99919033,80.23934937,29870,29880,10
12.99901962,80.23925781,29880,29890,10
12.99825001,80.2390213,29890,29900,10
12.99773026,80.23872375,29900,29910,10
12.99726963,80.23812103,29910,29920,10
12.99691963,80.23755646,29920,29931,11
12.99654007,80.23684692,29931,29941,10
12.99629974,80.23638916,29941,29951,10
12.99625015,80.2363205,29951,29961,10
12.99588013,80.2358017,29961,29971,10
12.99530983,80.23531342,29971,29981,10
12.99481964,80.23503876,29981,29991,10
12.99413967,80.23464203,29991,30001,10
12.99394035,80.23448944,30001,30011,10
12.99372959,80.23432159,30011,30021,10
12.99332047,80.23407745,30021,30031,10
12.99277973,80.23387909,30031,30042,11
12.99201012,80.23375702,30042,30052,10
12.9918499,80.23374176,30052,30062,10
12.99172974,80.2337265,30062,30072,10
12.99139977,80.23352051,30072,30082,10
12.99125004,80.2329483,30082,30092,10
12.99102974,80.23227692,30092,30102,10
12.99098015,80.23171997,30102,30112,10
12.99096966,80.23162842,30112,30122,10
12.99090958,80.23104095,30122,30132,10
12.99085999,80.23040009,30132,30142,10
12.99083042,80.2300415,30142,30153,11
12.99081039,80.22982788,30153,30164,11
12.99061012,80.22904968,30164,30174,10
12.99042034,80.22844696,30174,30184,10
12.99024963,80.22776031,30184,30194,10
12.99020004,80.22741699,30194,30204,10
12.99018002,80.22721863,30204,30214,10
12.99009037,80.22670746,30214,30224,10
12.99007034,80.22621155,30224,30234,10
12.99009991,80.22609711,30234,30244,10
12.99005032,80.2256012,30244,30255,11
12.98962975,80.22492218,30255,30265,10
12.98950958,80.22428131,30265,30276,11
12.98937988,80.22360992,30276,30286,10
12.98886013,80.22335815,30286,30296,10
12.98834038,80.22332764,30296,30336,40
12.98834038,80.22332764,30336,30346,10
12.98871994,80.22332001,30346,30356,10
12.98921013,80.22341156,30356,30366,10
12.98948002,80.22389984,30366,30376,10
12.98952961,80.22454071,30376,30386,10
12.98978043,80.22518921,30386,30397,11
12.9901104,80.2259903,30397,30407,10
12.99005985,80.22653961,30407,30417,10
12.99018002,80.22733307,30417,30427,10
12.99007988,80.22766113,30427,30436,9
12.98995972,80.2277298,30436,30447,11
12.98991013,80.22775269,30447,30457,10
12.98962021,80.22795868,30457,30467,10
12.98902035,80.22830963,30467,30475,8
12.98843002,80.22972107,30475,30487,12
12.98843002,80.22972107,30487,30497,10
12.98830032,80.23004913,30497,30507,10
12.98822021,80.23023987,30507,30518,11
12.98799038,80.23088837,30518,30528,10
12.98768044,80.23165131,30528,30538,10
12.9874897,80.23252106,30538,30551,13
12.98746014,80.23317719,30551,30561,10
12.98686028,80.23329926,30561,30570,9
12.9865799,80.23330688,30570,30581,11
12.98653984,80.23335266,30581,30591,10
12.98614025,80.23345947,30591,30601,10
12.98614025,80.23397827,30601,30611,10
12.9862299,80.23464203,30611,30621,10
12.98649979,80.2352829,30621,30632,11
12.98651028,80.23529816,30632,30642,10
12.9865799,80.23571777,30642,30652,10
12.9865799,80.23625183,30652,30662,10
12.98661041,80.23695374,30662,30672,10
12.98661995,80.23757172,30672,30682,10
12.98663998,80.23822021,30682,30692,10
12.98655987,80.23847961,30692,31691,999
12.98655987,80.23847961,31691,31701,10
12.98659039,80.23840332,31701,31711,10
12.98665047,80.23795319,31711,31721,10
12.98661041,80.23713684,31721,31731,10
12.98659039,80.23655701,31731,31741,10
12.98655987,80.23580933,31741,31751,10
12.98649979,80.23532104,31751,31761,10
12.98651028,80.23531342,31761,31771,10
12.98637962,80.23500061,31771,31781,10
12.98614979,80.23426819,31781,31792,11
12.9861002,80.23355865,31792,31802,10
12.98655033,80.23330688,31802,31812,10
12.98666954,80.23330688,31812,31822,10
12.98698044,80.23329926,31822,31832,10
12.98742008,80.23310089,31832,31842,10
12.98746967,80.23249817,31842,31852,10
12.98764992,80.23168182,31852,31862,10
12.98801994,80.23075867,31862,31872,10
12.98830032,80.2300415,31872,31882,10
12.98830032,80.23001862,31882,31892,10
12.98847961,80.22955322,31892,31902,10
12.98875999,80.2288208,31902,31913,11
12.98931026,80.22811127,31913,31923,10
12.98985958,80.22779846,31923,31933,10
12.99009037,80.22766113,31933,31943,10
12.99015999,80.22714996,31943,31953,10
12.99003983,80.22641754,31953,31963,10
12.99009991,80.22576904,31963,31973,10
12.98964024,80.22496796,31973,31983,10
12.98950005,80.22434235,31983,31993,10
12.98945999,80.22370911,31993,32003,10
12.98898029,80.22335815,32003,32013,10
12.98847961,80.2233963,32013,32054,41
12.98847961,80.2233963,32054,32064,10
12.98832035,80.22335052,32064,32074,10
12.98876953,80.22332764,32074,32084,10
12.9893198,80.22354126,32084,32094,10
12.98945999,80.22398376,32094,32104,10
12.98958969,80.22483826,32104,32114,10
12.9900198,80.22557831,32114,32124,10
12.9900198,80.22634125,32124,32134,10
12.99009991,80.22688293,32134,32145,11
12.99022007,80.2276001,32145,32154,9
12.9902401,80.2277832,32154,32165,11
12.99048042,80.22859192,32165,32175,10
12.99063969,80.22914124,32175,32185,10
12.99083996,80.23001862,32185,32195,10
12.99085045,80.23023987,32195,32205,10
12.99090004,80.23088074,32205,32215,10
12.99094963,80.23149109,32215,32225,10
12.99100018,80.23204041,32225,32235,10
12.9910202,80.23222351,32235,32245,10
12.99123001,80.23291016,32245,32256,11
12.99151993,80.23352051,32256,32266,10
12.99205017,80.23368073,32266,32276,10
12.99209976,80.23368073,32276,32286,10
12.99221992,80.2337265,32286,32296,10
12.99273968,80.23381805,32296,32306,10
12.99328041,80.23401642,32306,32316,10
12.99370003,80.23428345,32316,32326,10
12.99386978,80.23444366,32326,32336,10
12.9939003,80.23448181,32336,32346,10
12.99440002,80.23475647,32346,32356,10
12.99514008,80.2352066,32356,32366,10
12.99561977,80.23555756,32366,32377,11
12.9959898,80.23592377,32377,32387,10
12.99615002,80.23613739,32387,32397,10
12.9965601,80.23686218,32397,32407,10
12.99699974,80.23764038,32407,32417,10
12.99736023,80.2382431,32417,32427,10
12.99790001,80.23885345,32427,32437,10
12.99870014,80.23918915,32437,32457,20
12.99870014,80.23918915,32457,32467,10
12.99872971,80.23924255,32467,32477,10
12.99909973,80.23931885,32477,32487,10
12.99979973,80.23946381,32487,32498,11
13.00100994,80.23963165,32498,32508,10
13.00158024,80.23976898,32508,32518,10
13.00238037,80.24002075,32518,32528,10
13.0025301,80.24006653,32528,32538,10
13.00296021,80.24019623,32538,32548,10
13.00358009,80.24059296,32548,32558,10
13.00393963,80.24147034,32558,32568,10
13.00467968,80.24186707,32568,32578,10
13.0054903,80.24183655,32578,32588,10
13.00599003,80.24220276,32588,32598,10
13.00572014,80.24226379,32598,33254,656
13.00572014,80.24226379,33254,33264,10
13.00566006,80.24221802,33264,33274,10
13.00529957,80.24189758,33274,33284,10
13.00452042,80.24185944,33284,33294,10
13.00384045,80.24128723,33294,33304,10
13.0033102,80.24034882,33304,33315,11
13.00236988,80.24002075,33315,33325,10
13.00179958,80.23980713,33325,33335,10
13.00102043,80.23961639,33335,33345,10
13.0002203,80.23950195,33345,33355,10
12.99919033,80.23931885,33355,33365,10
12.99899006,80.23925781,33365,33375,10
12.9982996,80.23903656,33375,33385,10
12.99771976,80.23867035,33385,33395,10
12.99717999,80.2379303,33395,33405,10
12.99682045,80.23732758,33405,33415,10
12.99639988,80.23655701,33415,33426,11
12.99625969,80.23631287,33426,33436,10
12.99623013,80.23629761,33436,33446,10
12.99590969,80.23581696,33446,33456,10
12.99532032,80.2352829,33456,33466,10
12.99483967,80.23496246,33466,33476,10
12.99409962,80.23455048,33476,33486,10
12.99388981,80.23442841,33486,33496,10
12.99357033,80.23416138,33496,33506,10
12.99320984,80.23396301,33506,33516,10
12.99240971,80.23375702,33516,33526,10
12.99190044,80.23371887,33526,33536,10
12.99184036,80.23371887,33536,33547,11
12.99153996,80.23375702,33547,33557,10
12.99133015,80.23326874,33557,33567,10
12.99116993,80.23277283,33567,33577,10
12.99096966,80.23194885,33577,33587,10
12.99094963,80.23175812,33587,33597,10
12.99094009,80.23164368,33597,33607,10
12.99088001,80.23105621,33607,33617,10
12.99083996,80.23045349,33617,33627,10
12.9907999,80.22994232,33627,33637,10
12.99069977,80.22943115,33637,33647,10
12.99048042,80.22870636,33647,33657,10
12.99030018,80.22801971,33657,33668,11
12.99015999,80.22730255,33668,33678,10
12.9901104,80.22692871,33678,33688,10
12.99003983,80.22637939,33688,33698,10
12.99007988,80.22611237,33698,33708,10
12.98993969,80.22547913,33708,33718,10
12.98960972,80.22483826,33718,33728,10
12.98950958,80.22440338,33728,33738,10
12.98948002,80.22383118,33738,33748,10
12.98915958,80.2233963,33748,33758,10
12.98865986,80.22329712,33758,33768,10
12.98841,80.22357941,33768,33778,10
12.98834991,80.22368622,33778,33789,11
12.98836994,80.22379303,33789,33799,10
12.9882803,80.22371674,33799,34436,637
12.98843956,80.22367859,34436,35465,1029
12.98826981,80.22373199,35465,36000,535
12.98826981,80.22373199,36000,36010,10
12.9884901,80.22341156,36010,36060,50
12.9884901,80.22341156,36060,36070,10
12.98849964,80.22335815,36070,36080,10
12.9889698,80.22335815,36080,36090,10
12.98939991,80.22371674,36090,36100,10
12.98945045,80.22418213,36100,36111,11
12.98960972,80.2248764,36111,36121,10
12.99003029,80.2256012,36121,36131,10
12.98995972,80.22634888,36131,36142,11
12.99007988,80.2268219,36142,36152,10
12.99007988,80.22753143,36152,36162,10
12.98991966,80.2276535,36162,36172,10
12.98974991,80.2277832,36172,36182,10
12.98925018,80.22807312,36182,36192,10
12.98878002,80.22873688,36192,36202,10
12.98845959,80.22962189,36202,36212,10
12.98834991,80.22995758,36212,36223,11
12.98826981,80.23020935,36223,36233,10
12.98793983,80.23091125,36233,36243,10
12.98762989,80.23184967,36243,36253,10
12.9874897,80.23278809,36253,36263,10
12.98731995,80.23319244,36263,36273,10
12.98670959,80.23327637,36273,36283,10
12.9865799,80.23329926,36283,36293,10
12.9863596,80.23332214,36293,36303,10
12.98610973,80.23374176,36303,36313,10
12.98614025,80.23439026,36313,36323,10
12.98645973,80.2352066,36323,36333,10
12.98645973,80.23523712,36333,36345,12
12.98655033,80.23564148,36345,36355,10
12.9865799,80.23647308,36355,36365,10
12.9865799,80.23715973,36365,36375,10
12.98661041,80.23799896,36375,36385,10
12.98655033,80.23842621,36385,36415,30
12.98655033,80.23842621,36415,36425,10
12.98661041,80.23834991,36425,36435,10
12.98663998,80.2378006,36435,36445,10
12.98659992,80.23693085,36445,36455,10
12.9865799,80.23623657,36455,36466,11
12.98653984,80.2352829,36466,36486,20
12.98653984,80.2352829,36486,36496,10
12.98659992,80.23523712,36496,36506,10
12.98631954,80.23474121,36506,36516,10
12.98616028,80.23406982,36516,36526,10
12.98612022,80.23352051,36526,36536,10
12.98666,80.23329926,36536,36556,20
12.98666,80.23329926,36556,36566,10
12.98703003,80.23330688,36566,36577,11
12.98740005,80.23303986,36577,36587,10
12.98740959,80.23239899,36587,36597,10
12.98764038,80.23166656,36597,36607,10
12.98795986,80.23091125,36607,36617,10
12.98822021,80.23013306,36617,36627,10
12.98824978,80.23008728,36627,36637,10
12.98832989,80.22995758,36637,36647,10
12.98847961,80.22953033,36647,36657,10
12.98873043,80.22882843,36657,36667,10
12.98925018,80.22820282,36667,36677,10
12.99005985,80.22766113,36677,36698,21
12.99005985,80.22766113,36698,36708,10
12.99018002,80.22744751,36708,36718,10
12.9901104,80.22679901,36718,36728,10
12.99007988,80.22624207,36728,36738,10
12.9900198,80.22561646,36738,36748,10
12.98964024,80.22493744,36748,36758,10
12.98950005,80.22438049,36758,36768,10
12.98943043,80.22373199,36768,36778,10
12.98896027,80.22335815,36778,36788,10
12.98834038,80.22335052,36788,36839,51
12.98834038,80.22335052,36839,36849,10
12.9886198,80.22329712,36849,36859,10
12.98911953,80.22337341,36859,36869,10
12.98943043,80.22380829,36869,36879,10
12.98945045,80.22428131,36879,36889,10
12.98960972,80.22493744,36889,36899,10
12.9900198,80.22557831,36899,36909,10
12.98999023,80.22633362,36909,36919,10
12.99015999,80.22753906,36919,36940,21
12.99015999,80.22753906,36940,36950,10
12.99030018,80.22807312,36950,36960,10
12.99051952,80.2288208,36960,36970,10
12.99071026,80.22950745,36970,36980,10
12.99081993,80.23017883,36980,36990,10
12.99081039,80.23033142,36990,37000,10
12.99081993,80.23091888,37000,37010,10
12.99094963,80.23193359,37010,37030,20
12.99094963,80.23193359,37030,37040,10
12.99096966,80.23220062,37040,37051,11
12.99123955,80.23287964,37051,37061,10
12.9914999,80.23343658,37061,37071,10
12.99203014,80.23365784,37071,37101,30
12.99203014,80.23365784,37101,37111,10
12.99215984,80.23374176,37111,37121,10
12.99275017,80.23381805,37121,37131,10
12.99330997,80.23406219,37131,37141,10
12.99376965,80.23435974,37141,37151,10
12.99384975,80.23444366,37151,37162,11
12.99400043,80.23455048,37162,37172,10
12.99460983,80.23490143,37172,37182,10
12.9952898,80.23532104,37182,37192,10
12.99596977,80.23590088,37192,37212,20
12.99596977,80.23590088,37212,37222,10
12.99606991,80.23605347,37222,37232,10
12.9964304,80.23668671,37232,37242,10
12.9968996,80.23751831,37242,37252,10
12.99722958,80.23802948,37252,37262,10
12.9976902,80.23863983,37262,37272,10
12.99818039,80.23899078,37272,37283,11
12.9987402,80.23918152,37283,37293,10
12.99874973,80.23918915,37293,37303,10
12.99880028,80.23921967,37303,37313,10
12.99923992,80.23934174,37313,37323,10
13.00008965,80.23947906,37323,37333,10
13.00109959,80.23961639,37333,37343,10
13.00164986,80.23976898,37343,37353,10
13.00234985,80.23999786,37353,37363,10
13.00249004,80.24004364,37363,37373,10
13.00273037,80.24012756,37373,37383,10
13.0034399,80.24040222,37383,37393,10
13.00380993,80.24124146,37393,37404,11
13.00469971,80.24183655,37404,37414,10
13.00568008,80.24182129,37414,37424,10
13.00576973,80.24224854,37424,37515,91
13.00576973,80.24224854,37515,37525,10
13.00562954,80.24217987,37525,37535,10
13.00522041,80.24185181,37535,37545,10
13.00444031,80.24185944,37545,37555,10
13.0039196,80.24150085,37555,37565,10
13.00358963,80.24066925,37565,37575,10
13.00284004,80.24015045,37575,37585,10
13.00255013,80.2400589,37585,37595,10
13.00226021,80.2399826,37595,37605,10
13.00152016,80.23972321,37605,37615,10
13.0008297,80.23957825,37615,37625,10
13.00002956,80.23948669,37625,37636,11
12.99913979,80.23931885,37636,37666,30
12.99913979,80.23931885,37666,37676,10
12.99884033,80.23921967,37676,37686,10
12.99810028,80.23896027,37686,37696,10
12.99763966,80.2386322,37696,37706,10
12.99724007,80.23805237,37706,37716,10
12.99687958,80.23745728,37716,37725,9
12.99650955,80.23679352,37725,37735,10
12.99627972,80.23635101,37735,37747,12
12.99615955,80.23612976,37747,37757,10
12.99569035,80.23558044,37757,37767,10
12.99510956,80.23518372,37767,37777,10
12.99456024,80.23487091,37777,37787,10
12.99398994,80.23452759,37787,37797,10
12.99392033,80.23448944,37797,37807,10
12.99388981,80.23448181,37807,37817,10
12.99361992,80.23425293,37817,37827,10
12.99314022,80.23394775,37827,37837,10
12.99254036,80.23378754,37837,37847,10
12.99182034,80.23374939,37847,37888,41
12.99182034,80.23374939,37888,37898,10
12.99158955,80.23374176,37898,37908,10
12.99135017,80.23361969,37908,37918,10
12.99123001,80.23310852,37918,37928,10
12.99110031,80.23269653,37928,37938,10
12.99094009,80.23177338,37938,37968,30
12.99094009,80.23177338,37968,37978,10
12.99096012,80.23165131,37978,37989,11
12.99090004,80.23136902,37989,37999,10
12.99085999,80.23084259,37999,38009,10
12.99081993,80.23023224,38009,38019,10
12.9907999,80.23005676,38019,38029,10
12.99081993,80.22994995,38029,38039,10
12.99069977,80.22937012,38039,38049,10
12.99050999,80.22875214,38049,38059,10
12.99034023,80.2282486,38059,38069,10
12.99020004,80.22759247,38069,38079,10
12.99018955,80.22750092,38079,38089,10
12.99018002,80.22731781,38089,38100,11
12.99005985,80.22660828,38100,38110,10
12.99005032,80.22611237,38110,38120,10
12.98987961,80.22541809,38120,38130,10
12.98956966,80.224823,38130,38140,10
12.98945045,80.22422791,38140,38150,10
12.98939037,80.22364044,38150,38160,10
12.98890018,80.22332001,38160,38170,10
12.98832035,80.22332001,38170,38210,40
12.98832035,80.22332001,38210,38221,11
12.9887104,80.22328949,38221,38231,10
12.98919964,80.2233963,38231,38241,10
12.98945045,80.22383881,38241,38251,10
12.98945999,80.22437286,38251,38261,10
12.98962021,80.2249527,38261,38271,10
12.99005985,80.22564697,38271,38281,10
12.99001026,80.22634125,38281,38291,10
12.99013996,80.22692108,38291,38301,10
12.99007988,80.22757721,38301,38311,10
12.98980045,80.2277832,38311,38321,10
12.98943043,80.22801971,38321,38332,11
12.98890018,80.22849274,38332,38342,10
12.98865032,80.22904205,38342,38352,10
12.98841,80.22963715,38352,38362,10
12.9882803,80.22995758,38362,38372,10
12.98822021,80.23011017,38372,38382,10
12.98808956,80.23059082,38382,38392,10
12.98781013,80.23120117,38392,38402,10
12.98754025,80.23191071,38402,38412,10
12.98744011,80.23275757,38412,38422,10
12.98736,80.23322296,38422,38432,10
12.9867897,80.23326874,38432,38442,10
12.98637962,80.23327637,38442,38453,11
12.98610973,80.23377991,38453,38463,10
12.98618031,80.23445129,38463,38473,10
12.98647976,80.23518372,38473,38483,10
12.98647976,80.23522186,38483,38493,10
12.98653984,80.23558807,38493,38503,10
12.98655033,80.23609161,38503,38513,10
12.9865799,80.23680115,38513,38523,10
12.98659992,80.23738098,38523,38533,10
12.98661041,80.23803711,38533,38543,10
12.98653984,80.23845673,38543,38735,192
12.98653984,80.23845673,38735,38745,10
12.98668957,80.23796082,38745,38755,10
12.98663044,80.23709106,38755,38765,10
12.98659992,80.23651886,38765,38775,10
12.98655033,80.23577118,38775,38785,10
12.98649979,80.23529816,38785,38816,31
12.98649979,80.23529816,38816,38826,10
12.98635006,80.23486328,38826,38836,10
12.98616028,80.23428345,38836,38846,10
12.98608017,80.23370361,38846,38856,10
12.98663044,80.23329926,38856,38876,20
12.98663044,80.23329926,38876,38886,10
12.98700047,80.23329926,38886,38896,10
12.98738956,80.23300934,38896,38906,10
12.98746967,80.23227692,38906,38916,10
12.98771,80.23149109,38916,38927,11
12.98816013,80.2303772,38927,38937,10
12.98830032,80.23001099,38937,38947,10
12.98834038,80.22989655,38947,38957,10
12.98847961,80.22949219,38957,38967,10
12.98875999,80.2287674,38967,38977,10
12.98925018,80.22814178,38977,38987,10
12.98983002,80.22779846,38987,38997,10
12.99005985,80.22766113,38997,39007,10
12.99015999,80.22744751,39007,39017,10
12.99007034,80.2268219,39017,39027,10
12.9900198,80.22631836,39027,39038,11
12.98993969,80.22551727,39038,39048,10
12.98956013,80.22489166,39048,39058,10
12.98945045,80.22412109,39058,39068,10
12.98933983,80.22358704,39068,39078,10
12.98882961,80.22332764,39078,39088,10
12.98830986,80.22332764,39088,39108,20
12.98830986,80.22332764,39108,39118,10
12.98834991,80.22328949,39118,39128,10
12.98878002,80.22332001,39128,39138,10
12.98925018,80.22350311,39138,39148,10
12.98943996,80.22389984,39148,39159,11
12.98943996,80.22402954,39159,39169,10
12.98946953,80.22447968,39169,39179,10
12.98968983,80.22509003,39179,39189,10
12.99009991,80.22583008,39189,39199,10
12.99005032,80.22650146,39199,39209,10
12.99015999,80.22721863,39209,39219,10
12.99020004,80.2276001,39219,39229,10
12.99030018,80.22814178,39229,39239,10
12.99051952,80.22882843,39239,39249,10
12.9907198,80.22952271,39249,39259,10
12.99081993,80.23014832,39259,39269,10
12.99081993,80.23036194,39269,39280,11
12.99085999,80.23104095,39280,39290,10
12.9909296,80.23204803,39290,39310,20
12.9909296,80.23204803,39310,39320,10
12.99104977,80.23249817,39320,39330,10
12.99129009,80.23314667,39330,39340,10
12.99168015,80.23361969,39340,39350,10
12.99203014,80.23370361,39350,39370,20
12.99203014,80.23370361,39370,39380,10
12.99236012,80.23377228,39380,39391,11
12.99314022,80.23397064,39391,39401,10
12.99349976,80.23416138,39401,39411,10
12.99396038,80.23448944,39411,39421,10
12.99470043,80.23493958,39421,39431,10
12.99530983,80.23531342,39431,39441,10
12.99590015,80.2358017,39441,39451,10
12.99610043,80.23607635,39451,39461,10
12.99650955,80.23681641,39461,39471,10
12.99695015,80.23761749,39471,39481,10
12.99730015,80.23813629,39481,39491,10
12.99785042,80.23882294,39491,39501,10
12.99841022,80.23908234,39501,39512,11
12.99876022,80.23919678,39512,39522,10
12.99897957,80.23925781,39522,39532,10
12.99956989,80.23940277,39532,39542,10
13.00049973,80.2395401,39542,39552,10
13.00123978,80.23966217,39552,39562,10
13.00197983,80.23988342,39562,39572,10
13.00249958,80.24005127,39572,39582,10
13.0028801,80.24017334,39582,39592,10
13.00352955,80.2405014,39592,39602,10
13.00387955,80.24133301,39602,39612,10
13.00452042,80.24185944,39612,39623,11
13.00547981,80.24182892,39623,39633,10
13.00597,80.24208069,39633,39643,10
13.00568962,80.24224854,39643,40500,857
13.00568962,80.24224854,40500,40510,10
13.00553989,80.24211121,40510,40520,10
13.00512028,80.2417984,40520,40530,10
13.00422001,80.2417984,40530,40540,10
13.00374031,80.24111176,40540,40550,10
13.00319958,80.24031067,40550,40561,11
13.00234032,80.24001312,40561,40571,10
13.00177956,80.23983002,40571,40581,10
13.00102043,80.23966217,40581,40591,10
13.00026035,80.23951721,40591,40601,10
12.99923038,80.23934937,40601,40611,10
12.99913979,80.23932648,40611,40621,10
12.99884987,80.23924255,40621,40631,10
12.99862003,80.23919678,40631,40641,10
12.99802017,80.23896027,40641,40651,10
12.99757004,80.23860168,40651,40661,10
12.99705029,80.23780823,40661,40671,10
12.99670982,80.23722076,40671,40682,11
12.99631977,80.23645782,40682,40692,10
12.99627972,80.23639679,40692,40702,10
12.99613953,80.23612976,40702,40712,10
12.99561977,80.23554993,40712,40722,10
12.99507046,80.23518372,40722,40732,10
12.99442005,80.23474884,40732,40742,10
12.9939003,80.23451996,40742,40752,10
12.99390984,80.23451996,40752,40762,10
12.99374962,80.23438263,40762,40772,10
12.99339008,80.23412323,40772,40782,10
12.99306965,80.23394012,40782,40793,11
12.99279022,80.23384857,40793,40803,10
12.99180031,80.23374939,40803,40823,20
12.99180031,80.23374939,40823,40833,10
12.99170971,80.23375702,40833,40843,10
12.99141979,80.23374176,40843,40853,10
12.99129009,80.23319244,40853,40863,10
12.99108982,80.23262787,40863,40873,10
12.99092007,80.23178864,40873,40883,10
12.99092007,80.23171234,40883,40893,10
12.99092007,80.23155975,40893,40903,10
12.99083042,80.23097992,40903,40914,11
12.9907999,80.23023224,40914,40924,10
12.9907999,80.23000336,40924,40934,10
12.99071026,80.22952271,40934,40944,10
12.99050045,80.22875977,40944,40954,10
12.99034023,80.22824097,40954,40964,10
12.99016953,80.22747803,40964,40974,10
12.99015045,80.22737122,40974,40984,10
12.99009991,80.22705841,40984,40994,10
12.98999023,80.22646332,40994,41004,10
12.99007034,80.22592163,41004,41014,10
12.98966026,80.22512817,41014,41025,11
12.98950005,80.22454834,41025,41035,10
12.98945045,80.22389221,41035,41045,10
12.98910046,80.22338867,41045,41055,10
12.98857975,80.22332001,41055,41065,10
12.98830986,80.22335052,41065,41085,20
12.98830986,80.22335052,41085,41095,10
12.98836994,80.2232666,41095,41105,10
12.98886013,80.22331238,41105,41115,10
12.98933983,80.22353363,41115,41125,10
12.98943996,80.22398376,41125,41135,10
12.98948002,80.22442627,41135,41146,11
12.98972034,80.22505951,41146,41156,10
12.99009991,80.22579956,41156,41166,10
12.98999977,80.22644806,41166,41176,10
12.99013996,80.22718048,41176,41186,10
12.98991966,80.22767639,41186,41196,10
12.98978043,80.22779083,41196,41206,10
12.98941994,80.22799683,41206,41216,10
12.98886967,80.22844696,41216,41224,8
12.98855972,80.22927856,41224,41236,12
12.98834038,80.22984314,41236,41246,10
12.98826981,80.23002625,41246,41256,10
12.98797035,80.23081207,41256,41267,11
12.98771,80.23148346,41267,41277,10
12.98752022,80.23216248,41277,41287,10
12.98746967,80.23297882,41287,41297,10
12.98715973,80.23326111,41297,41306,9
12.98663044,80.23327637,41306,41317,11
12.98653984,80.23327637,41317,41326,9
12.98616982,80.23336792,41326,41337,11
12.98612022,80.23397827,41337,41347,10
12.98649979,80.23525238,41347,41378,31
12.98649979,80.23525238,41378,41388,10
12.98651981,80.23538208,41388,41398,10
12.98655987,80.23592377,41398,41408,10
12.98659039,80.23670197,41408,41418,10
12.98661041,80.23715973,41418,41428,10
12.98663998,80.23825836,41428,41438,10
12.98653984,80.23847961,41438,41559,121
12.98672009,80.23847961,41559,41579,20
12.98672009,80.23847961,41579,41589,10
12.98659039,80.23842621,41589,42396,807
12.98659039,80.23842621,42396,42406,10
12.98663044,80.23803711,42406,42416,10
12.98661041,80.2375412,42416,42426,10
12.9865799,80.23695374,42426,42437,11
12.98655033,80.23625946,42437,42447,10
12.98647976,80.23535919,42447,42467,20
12.98647976,80.23535919,42467,42477,10
12.98641968,80.23519897,42477,42487,10
12.98616028,80.23461151,42487,42497,10
12.98608971,80.23397064,42497,42507,10
12.98608971,80.23349762,42507,42517,10
12.98655987,80.2333374,42517,42527,10
12.98663998,80.2333374,42527,42537,10
12.98698044,80.23332214,42537,42548,11
12.98738003,80.23304749,42548,42558,10
12.98746967,80.23238373,42558,42568,10
12.98770046,80.23149872,42568,42578,10
12.98801994,80.23068237,42578,42588,10
12.98824024,80.23008728,42588,42598,10
12.98826981,80.23004913,42598,42608,10
12.98841953,80.22968292,42608,42618,10
12.98865986,80.22904205,42618,42628,10
12.98904037,80.22827911,42628,42638,10
12.98968983,80.22789764,42638,42648,10
12.9900198,80.22769928,42648,42658,10
12.99015999,80.22753906,42658,42669,11
12.99007034,80.22685242,42669,42679,10
12.99005032,80.22631836,42679,42689,10
12.98989964,80.22550964,42689,42699,10
12.98958015,80.22492981,42699,42709,10
12.98950005,80.22413635,42709,42719,10
12.98939991,80.22367859,42719,42729,10
12.98892021,80.2233963,42729,42739,10
12.98834038,80.22337341,42739,42780,41
12.98834038,80.22337341,42780,42790,10
12.98855972,80.22329712,42790,42800,10
12.98910046,80.22335052,42800,42810,10
12.98945045,80.22373199,42810,42820,10
12.98946953,80.22418213,42820,42830,10
12.98958015,80.22480774,42830,42840,10
12.98997974,80.22545624,42840,42850,10
12.99003983,80.22628784,42850,42860,10
12.99011993,80.22686768,42860,42870,10
12.99020004,80.22750092,42870,42880,10
12.99022007,80.2277832,42880,42890,10
12.99042988,80.22856903,42890,42901,11
12.99063015,80.2292099,42901,42911,10
12.99081993,80.23005676,42911,42921,10
12.99081039,80.23027039,42921,42931,10
12.99083996,80.2308197,42931,42941,10
12.99092007,80.23139954,42941,42951,10
12.99098015,80.23197174,42951,42961,10
12.99100018,80.23214722,42961,42971,10
12.99123001,80.23280334,42971,42981,10
12.99143028,80.2334137,42981,42991,10
12.99203014,80.23370361,42991,43011,20
12.99203014,80.23370361,43011,43022,11
12.99240971,80.23375702,43022,43032,10
12.99310017,80.23394012,43032,43042,10
12.99355984,80.23417664,43042,43052,10
12.99405003,80.23454285,43052,43062,10
12.99481964,80.2350235,43062,43071,9
12.99536037,80.23535919,43071,43082,11
12.99596977,80.23589325,43082,43092,10
12.9959898,80.23593903,43092,43102,10
12.99629974,80.23644257,43102,43112,10
12.9967804,80.23734283,43112,43122,10
12.99709988,80.23786163,43122,43133,11
12.99738979,80.23825073,43133,43143,10
12.99787045,80.23880005,43143,43153,10
12.99845982,80.23908234,43153,43163,10
12.99866962,80.23915863,43163,43173,10
12.99892044,80.23925018,43173,43183,10
12.99948978,80.23935699,43183,43193,10
13.00049973,80.23953247,43193,43203,10
13.00123024,80.23964691,43203,43213,10
13.00193977,80.23983002,43213,43223,10
13.00242043,80.24001312,43223,43233,10
13.00261021,80.24008179,43233,43243,10
13.00329018,80.24030304,43243,43254,11
13.00378036,80.24118042,43254,43264,10
13.00434971,80.24185181,43264,43274,10
13.00527954,80.2417984,43274,43284,10
13.00592995,80.2419281,43284,43294,10
13.00566006,80.24233246,43294,44131,837
13.00566006,80.24233246,44131,44141,10
13.00557041,80.24221802,44141,44151,10
13.00522041,80.24186707,44151,44161,10
13.00452042,80.24188232,44161,44171,10
13.00387955,80.24146271,44171,44181,10
13.00352001,80.24062347,44181,44192,11
13.00271034,80.24017334,44192,44202,10
13.00259018,80.24011993,44202,44212,10
13.0024004,80.2400589,44212,44222,10
13.00189018,80.23986053,44222,44232,10
13.00115013,80.23964691,44232,44242,10
13.00045013,80.23954773,44242,44252,10
12.99950027,80.2394104,44252,44262,10
12.99923038,80.23935699,44262,44272,10
12.99911022,80.23932648,44272,44282,10
12.99909019,80.23931885,44282,44292,10
12.9989996,80.23930359,44292,44303,11
12.99843979,80.23914337,44303,44313,10
12.99783993,80.23886108,44313,44323,10
12.99734974,80.2383194,44323,44333,10
12.99691963,80.23760986,44333,44343,10
12.99658966,80.23699188,44343,44353,10
12.99627972,80.23644257,44353,44363,10
12.99621964,80.23631287,44363,44373,10
12.99580956,80.23576355,44373,44383,10
12.99520969,80.23531342,44383,44393,10
12.99473,80.23497772,44393,44403,10
12.99407005,80.23461914,44403,44413,10
12.99394989,80.23455048,44413,44424,11
12.99357986,80.23428345,44424,44434,10
12.99308968,80.23400116,44434,44444,10
12.99236965,80.23381805,44444,44454,10
12.99188042,80.23377228,44454,44474,20
12.99188042,80.23377228,44474,44484,10
12.99170971,80.23375702,44484,44494,10
12.99133968,80.23352814,44494,44504,10
12.99120045,80.23303223,44504,44514,10
12.99096012,80.23190308,44514,44534,20
12.99096012,80.23190308,44534,44545,11
12.99090004,80.23143005,44545,44555,10
12.99081993,80.23085022,44555,44565,10
12.9907999,80.23014069,44565,44575,10
12.99079037,80.23000336,44575,44585,10
12.99061966,80.2293396,44585,44595,10
12.99042988,80.22865295,44595,44605,10
12.9902401,80.22798157,44605,44615,10
12.99018002,80.22753143,44615,44625,10
12.99018955,80.22721863,44625,44635,10
12.99005985,80.22657776,44635,44645,10
12.99013042,80.2260437,44645,44656,11
12.98966026,80.22512817,44656,44666,10
12.98950005,80.22458649,44666,44676,10
12.98945045,80.22393799,44676,44686,10
12.98906994,80.22344208,44686,44696,10
12.98832035,80.22338867,44696,44746,50
12.98832035,80.22338867,44746,44756,10
12.98863029,80.2233429,44756,44766,10
12.98915005,80.22344971,44766,44777,11
12.98937988,80.22400665,44777,44787,10
12.98945999,80.2246933,44787,44797,10
12.98974037,80.22527313,44797,44807,10
12.98999977,80.22605133,44807,44817,10
12.98997974,80.22662354,44817,44827,10
12.99007988,80.22738647,44827,44837,10
12.98978996,80.22772217,44837,44847,10
12.98974037,80.22779846,44847,44857,10
12.98921967,80.22805786,44857,44867,10
12.9887104,80.22870636,44867,44877,10
12.9881897,80.2301178,44877,44888,11
12.9881897,80.2301178,44888,44898,10
12.98789978,80.23088837,44898,44908,10
12.98754025,80.23181152,44908,44918,10
12.98738003,80.23271942,44918,44928,10
12.98731995,80.23319244,44928,44938,10
12.98674965,80.23329163,44938,44951,13
12.98635006,80.23330688,44951,44961,10
12.9861002,80.23390198,44961,44971,10
12.98622036,80.23471832,44971,44981,10
12.98649979,80.23529053,44981,44991,10
12.98649979,80.23529816,44991,45001,10
12.98655033,80.23576355,45001,45012,11
12.9865799,80.23655701,45012,45022,10
12.98659992,80.23725128,45022,45032,10
12.98661041,80.23802948,45032,45042,10
12.98651981,80.23854065,45042,46001,959
12.98651981,80.23854065,46001,46011,10
12.98663044,80.23805237,46011,46021,10
12.98655987,80.23741913,46021,46031,10
12.98651028,80.23681641,46031,46041,10
12.98647022,80.23612213,46041,46051,10
12.98639965,80.23554993,46051,46062,11
12.98637962,80.23535919,46062,46072,10
12.98641014,80.23529053,46072,46082,10
12.98616982,80.23478699,46082,46092,10
12.98606014,80.23403168,46092,46102,10
12.98608017,80.23352051,46102,46112,10
12.98659992,80.2333374,46112,46122,10
12.9867897,80.23332214,46122,46132,10
12.98721027,80.23329926,46132,46142,10
12.98738003,80.23291016,46142,46152,10
12.98748016,80.23207092,46152,46162,10
12.98787022,80.23097992,46162,46173,11
12.98822975,80.23005676,46173,46183,10
12.98832989,80.22975922,46183,46193,10
12.98857021,80.22921753,46193,46203,10
12.98888969,80.22837067,46203,46213,10
12.98958969,80.22795105,46213,46223,10
12.9900198,80.22766876,46223,46233,10
12.99007988,80.22763062,46233,46243,10
12.99015045,80.22718811,46243,46253,10
12.98999977,80.22650146,46253,46263,10
12.99003983,80.2258606,46263,46273,10
12.98964977,80.22511292,46273,46283,10
12.98948002,80.22450256,46283,46294,11
12.98943043,80.22377014,46294,46304,10
12.98898029,80.22338867,46304,46314,10
12.98834991,80.22338104,46314,46344,30
12.98834991,80.22338104,46344,46354,10
12.98863029,80.22332001,46354,46364,10
12.98915005,80.2233963,46364,46374,10
12.9894104,80.22389221,46374,46384,10
12.9894104,80.22450256,46384,46394,10
12.98970032,80.22519684,46394,46404,10
12.98997021,80.22615051,46404,46415,11
12.9900198,80.22670746,46415,46425,10
12.9901104,80.22741699,46425,46435,10
12.99020958,80.2277832,46435,46445,10
12.99040031,80.2285614,46445,46455,10
12.99055958,80.22914124,46455,46465,10
12.99075985,80.22995758,46465,46475,10
12.99077034,80.23021698,46475,46485,10
12.99081993,80.23078156,46485,46495,10
12.99088001,80.23136139,46495,46505,10
12.99096966,80.23203278,46505,46515,10
12.99096012,80.23203278,46515,46526,11
12.99108028,80.23264313,46526,46536,10
12.99129009,80.23323822,46536,46546,10
12.99174023,80.2336731,46546,46566,20
12.99174023,80.2336731,46566,46576,10
12.99186039,80.23371887,46576,46586,10
12.99234009,80.23374176,46586,46596,10
12.99306965,80.23394012,46596,46606,10
12.99337959,80.23410034,46606,46616,10
12.99380016,80.23439789,46616,46636,20
12.99380016,80.23439789,46636,46647,11
12.99423981,80.23468018,46647,46657,10
12.99505997,80.23513794,46657,46667,10
12.99594975,80.23590088,46667,46687,20
12.99594975,80.23590088,46687,46697,10
12.99600029,80.23599243,46697,46707,10
12.99633026,80.23657227,46707,46717,10
12.99682999,80.23748779,46717,46727,10
12.99715996,80.23799133,46727,46737,10
12.99773979,80.23873138,46737,46747,10
12.99868011,80.23918152,46747,46768,21
12.99868011,80.23918152,46768,46778,10
12.99901962,80.23927307,46778,46788,10
12.99960995,80.23940277,46788,46798,10
13.00063992,80.23953247,46798,46808,10
13.00129986,80.23966217,46808,46818,10
13.00205994,80.23989868,46818,46828,10
13.00245953,80.24004364,46828,46838,10
13.00286007,80.24017334,46838,46848,10
13.00354004,80.24064636,46848,46858,10
13.00399971,80.24167633,46858,46868,10
13.00481033,80.24181366,46868,46879,11
13.00582027,80.24182129,46879,46889,10
13.00570011,80.24224091,46889,47675,786
13.00570011,80.24224091,47675,47685,10
13.00545979,80.24201965,47685,47696,11
13.00483036,80.24182129,47696,47706,10
13.0041399,80.24178314,47706,47716,10
13.00374985,80.24104309,47716,47726,10
13.00319004,80.24028015,47726,47736,10
13.00234985,80.23999786,47736,47746,10
13.00181007,80.2397995,47746,47756,10
13.00107002,80.23961639,47756,47766,10
13.00035954,80.23953247,47766,47776,10
12.99927998,80.23935699,47776,47786,10
12.99913979,80.23931885,47786,47796,10
12.99880981,80.23921967,47796,47806,10
12.99802017,80.23896027,47806,47817,11
12.99757957,80.23857117,47817,47827,10
12.99699974,80.23776245,47827,47837,10
12.99670029,80.23718262,47837,47847,10
12.99625969,80.23635864,47847,47867,20
12.99625969,80.23635864,47867,47877,10
12.99617004,80.23623657,47877,47887,10
12.99582005,80.23574066,47887,47897,10
12.99518967,80.23525238,47897,47907,10
12.99454021,80.23487854,47907,47917,10
12.99390984,80.23451233,47917,47928,11
12.99368,80.23429871,47928,47938,10
12.99310017,80.23394775,47938,47948,10
12.9923296,80.23375702,47948,47958,10
12.99180984,80.2337265,47958,47998,40
12.99180984,80.2337265,47998,48008,10
12.9913702,80.2335968,48008,48018,10
12.99123955,80.23304749,48018,48028,10
12.99106979,80.23251343,48028,48038,10
12.99096966,80.23181152,48038,48049,11
12.99094009,80.23155975,48049,48059,10
12.99088001,80.23091125,48059,48069,10
12.99081993,80.23023224,48069,48079,10
12.9907999,80.23004913,48079,48089,10
12.99075985,80.2297287,48089,48099,10
12.99061966,80.22917938,48099,48109,10
12.99044991,80.22863007,48109,48119,10
12.99028015,80.22799683,48119,48129,10
12.99018955,80.22743225,48129,48139,10
12.99018002,80.22736359,48139,48149,10
12.99013996,80.22693634,48149,48160,11
12.99005985,80.22637939,48160,48170,10
12.99005985,80.22566223,48170,48180,10
12.98964977,80.22496033,48180,48190,10
12.98948956,80.22428131,48190,48200,10
12.9894104,80.22364044,48200,48210,10
12.98882961,80.22332764,48210,48220,10
12.98834038,80.2233963,48220,48240,20
12.98834038,80.2233963,48240,48250,10
12.98843956,80.2232666,48250,48260,10
12.98890972,80.22331238,48260,48270,10
12.98939991,80.22364044,48270,48281,11
12.98943043,80.22425079,48281,48291,10
12.98950005,80.224617,48291,48301,10
12.98978043,80.22524261,48301,48311,10
12.99001026,80.22608948,48311,48321,10
12.9900198,80.22663879,48321,48331,10
12.98987961,80.22769928,48331,48351,20
12.98987961,80.22769928,48351,48361,10
12.9895401,80.22789764,48361,48371,10
12.98892021,80.22834015,48371,48381,10
12.98863029,80.2290802,48381,48391,10
12.98834038,80.22975159,48391,48402,11
12.98810005,80.23034668,48402,48412,10
12.98783016,80.23105621,48412,48422,10
12.98754025,80.23184204,48422,48432,10
12.98740005,80.23272705,48432,48442,10
12.98731995,80.23322296,48442,48452,10
12.98676968,80.23327637,48452,48462,10
12.98649979,80.23327637,48462,48472,10
12.98639965,80.23326111,48472,48482,10
12.98608017,80.2334671,48482,48492,10
12.98606968,80.23394775,48492,48502,10
12.98643017,80.23513794,48502,48523,21
12.98643017,80.23513794,48523,48533,10
12.98651028,80.2354126,48533,48543,10
12.98655033,80.23593903,48543,48556,13
12.98655033,80.23665619,48556,48566,10
12.9865799,80.23748779,48566,48577,11
12.98659039,80.2382431,48577,48587,10
12.98651981,80.23847198,48587,48607,20
12.98651981,80.23847198,48607,48617,10
12.98655987,80.2384491,48617,48627,10
12.98661041,80.23809814,48627,48638,11
12.9865799,80.23705292,48638,48648,10
12.98657036,80.2364502,48648,48658,10
12.98651981,80.23570251,48658,48668,10
12.98631954,80.23491669,48668,48678,10
12.98612022,80.23406219,48678,48688,10
12.9861002,80.23345947,48688,48698,10
12.98659992,80.23327637,48698,48708,10
12.98719025,80.23323822,48708,48718,10
12.98736,80.23287201,48718,48728,10
12.98748016,80.23200226,48728,48738,10
12.98777962,80.23130035,48738,48748,10
12.98814964,80.2304306,48748,48759,11
12.98843956,80.22969818,48759,48769,10
12.98865032,80.22913361,48769,48779,10
12.98888016,80.22847748,48779,48789,10
12.98937988,80.22808075,48789,48799,10
12.98985958,80.22773743,48799,48809,10
12.99015045,80.22741699,48809,48819,10
12.99007988,80.22685242,48819,48829,10
12.9900198,80.22634125,48829,48839,10
12.99005985,80.22572327,48839,48849,10
12.98970032,80.22515869,48849,48859,10
12.98952961,80.22457886,48859,48870,11
12.98948956,80.22390747,48870,48879,9
12.98917961,80.22344208,48879,48890,11
12.98857975,80.22335052,48890,48900,10
12.98816967,80.22367859,48900,49143,243
12.98822975,80.22373962,49143,49708,565
12.98822975,80.22360229,49708,50999,1291
12.98841953,80.22335815,50999,51039,40
12.98841953,80.22335815,51039,51049,10
12.98888969,80.22331238,51049,51059,10
12.98933983,80.22354126,51059,51069,10
12.98945999,80.22403717,51069,51079,10
12.98952961,80.22467041,51079,51090,11
12.9898901,80.22537994,51090,51100,10
12.99005032,80.22608185,51100,51110,10
12.99003983,80.22663879,51110,51119,9
12.99015999,80.22738647,51119,51130,11
12.99030018,80.22820282,51130,51140,10
12.99048042,80.22873688,51140,51150,10
12.99067974,80.22943115,51150,51160,10
12.99081993,80.23017883,51160,51170,10
12.99085045,80.23091888,51170,51180,10
12.99094963,80.23194885,51180,51211,31
12.99094963,80.23194885,51211,51221,10
12.9910202,80.2324295,51221,51231,10
12.99122047,80.23300934,51231,51241,10
12.99176025,80.23365784,51241,51271,30
12.99176025,80.23365784,51271,51281,10
12.99184036,80.23374176,51281,51291,10
12.99211979,80.23377991,51291,51301,10
12.9926796,80.23384094,51301,51311,10
12.99322987,80.23401642,51311,51321,10
12.99368954,80.23429871,51321,51332,11
12.99382019,80.23439789,51332,51342,10
12.99398041,80.23451233,51342,51352,10
12.99438,80.23474884,51352,51362,10
12.99487019,80.23504639,51362,51372,10
12.99542046,80.23538208,51372,51382,10
12.99592018,80.23581696,51382,51392,10
12.99596977,80.23587036,51392,51402,10
12.9962101,80.23619843,51402,51412,10
12.99652958,80.23683929,51412,51422,10
12.9968996,80.23751068,51422,51432,10
12.9972496,80.23806,51432,51443,11
12.99775982,80.23870087,51443,51453,10
12.99827003,80.23901367,51453,51463,10
12.99868011,80.23915863,51463,51483,20
12.99868011,80.23915863,51483,51493,10
12.99907017,80.23928833,51493,51503,10
12.99962997,80.2394104,51503,51513,10
13.00035954,80.23950195,51513,51523,10
13.00111008,80.23961639,51523,51533,10
13.00172997,80.23977661,51533,51543,10
13.0024004,80.24002075,51543,51553,10
13.00253963,80.24006653,51553,51564,11
13.00282001,80.24015045,51564,51574,10
13.00341988,80.24034119,51574,51584,10
13.00374031,80.24099731,51584,51594,10
13.00409985,80.24172211,51594,51604,10
13.00489998,80.24181366,51604,51614,10
13.00568008,80.24181366,51614,51624,10
13.00594997,80.2421875,51624,51634,10
13.00576019,80.24227905,51634,51715,81
13.00576019,80.24227905,51715,51725,10
13.00570011,80.24221802,51725,51735,10
13.00535965,80.24194336,51735,51745,10
13.00479031,80.24182892,51745,51755,10
13.00409985,80.24175262,51755,51765,10
13.00378036,80.24111938,51765,51775,10
13.0034399,80.24043274,51775,51785,10
13.00273037,80.24012756,51785,51796,11
13.00261021,80.24008942,51796,51806,10
13.0023098,80.24001312,51806,51816,10
13.00172043,80.2397995,51816,51826,10
13.00104046,80.23961639,51826,51836,10
13.00035954,80.23950195,51836,51846,10
12.99919033,80.23931885,51846,51866,20
12.99919033,80.23931885,51866,51876,10
12.99911022,80.23931122,51876,51886,10
12.99864006,80.23916626,51886,51896,10
12.99798965,80.23890686,51896,51906,10
12.99754047,80.23847961,51906,51917,11
12.99703979,80.23773956,51917,51927,10
12.99670029,80.23710632,51927,51937,10
12.99635029,80.2364502,51937,51947,10
12.99627018,80.23634338,51947,51957,10
12.99619961,80.23622131,51957,51967,10
12.99592972,80.23581696,51967,51977,10
12.99542999,80.23536682,51977,51987,10
12.99487972,80.23504639,51987,51997,10
12.99392986,80.23451233,51997,52038,41
12.99392986,80.23451233,52038,52048,10
12.9938097,80.23438263,52048,52058,10
12.99359989,80.23419952,52058,52068,10
12.99337959,80.23406982,52068,52078,10
12.9924202,80.23375702,52078,52088,10
12.9924202,80.23375702,52088,52098,10
12.99182034,80.23371887,52098,52138,40
12.99182034,80.23371887,52138,52150,12
12.99139023,80.23368835,52150,52160,10
12.99125957,80.23312378,52160,52170,10
12.99110031,80.23259735,52170,52180,10
12.99094963,80.23175049,52180,52200,20
12.99094963,80.23175049,52200,52210,10
12.99088001,80.2312088,52210,52220,10
12.99083996,80.2305603,52220,52230,10
12.99079037,80.22992706,52230,52240,10
12.99077034,80.22981262,52240,52250,10
12.99065971,80.22930908,52250,52260,10
12.99048996,80.22870636,52260,52271,11
12.99030018,80.22805786,52271,52281,10
12.99018002,80.22744751,52281,52291,10
12.99015999,80.22730255,52291,52301,10
12.99009037,80.2268219,52301,52311,10
12.99003983,80.22624207,52311,52321,10
12.98993969,80.22553253,52321,52331,10
12.98956966,80.22483826,52331,52341,10
12.98945999,80.22413635,52341,52351,10
12.98931026,80.22355652,52351,52360,9
12.98882008,80.2233429,52360,52371,11
12.98830986,80.22332764,52371,52412,41
12.98830986,80.22332764,52412,52422,10
12.98867989,80.22329712,52422,52432,10
12.9891901,80.22341919,52432,52442,10
12.98943043,80.22392273,52442,52452,10
12.98945999,80.22437286,52452,52462,10
12.98956013,80.22476196,52462,52472,10
12.98997021,80.22545624,52472,52482,10
12.9900198,80.22618866,52482,52492,10
12.9901104,80.22685242,52492,52503,11
12.99005032,80.2276001,52503,52513,10
12.9898901,80.22772217,52513,52523,10
12.98960018,80.22792053,52523,52533,10
12.98904037,80.22823334,52533,52543,10
12.98871994,80.22894287,52543,52553,10
12.98845959,80.22962189,52553,52563,10
12.98822021,80.23020172,52563,52574,11
12.98795986,80.23091888,52574,52584,10
12.98762035,80.23184204,52584,52594,10
12.98746014,80.23259735,52594,52604,10
12.98744011,80.23312378,52604,52615,11
12.98651028,80.23327637,52615,52635,20
12.98651028,80.23327637,52635,52645,10
12.98618031,80.2333374,52645,52655,10
12.9861002,80.23384094,52655,52665,10
12.98616028,80.23442078,52665,52675,10
12.9864397,80.23516083,52675,52685,10
12.9864502,80.23518372,52685,52695,10
12.98651981,80.23548126,52695,52705,10
12.98655033,80.23597717,52705,52715,10
12.9865799,80.23671722,52715,52725,10
12.98659992,80.2372818,52725,52736,11
12.98661995,80.23812103,52736,52746,10
12.98655033,80.23845673,52746,53119,373
12.98655033,80.23845673,53119,53129,10
12.98661995,80.23831177,53129,53139,10
12.98663998,80.23786163,53139,53149,10
12.98661995,80.23724365,53149,53159,10
12.98659039,80.23668671,53159,53169,10
12.98655987,80.23600006,53169,53179,10
12.98651028,80.2354126,53179,53189,10
12.98649025,80.23532104,53189,53200,11
12.98649025,80.23526001,53200,53210,10
12.98631954,80.23487091,53210,53220,10
12.98616028,80.23429871,53220,53230,10
12.98608971,80.23370361,53230,53240,10
12.98665047,80.23329926,53240,53260,20
12.98665047,80.23329926,53260,53270,10
12.98703957,80.23327637,53270,53280,10
12.98738003,80.23298645,53280,53290,10
12.98742962,80.23240662,53290,53300,10
12.98760986,80.23171997,53300,53310,10
12.98789978,80.23104095,53310,53321,11
12.9881897,80.23023987,53321,53331,10
12.98824024,80.23005676,53331,53341,10
12.98841953,80.22963715,53341,53351,10
12.98863029,80.22905731,53351,53361,10
12.98892021,80.2283783,53361,53371,10
12.9895401,80.22796631,53371,53381,10
12.98995972,80.22766113,53381,53391,10
12.98997974,80.22766113,53391,53401,10
12.99015045,80.22753143,53401,53411,10
12.99011993,80.22702789,53411,53421,10
12.99001026,80.22640228,53421,53431,10
12.98999977,80.22567749,53431,53442,11
12.98958969,80.22492218,53442,53452,10
12.98945045,80.22428131,53452,53462,10
12.98939037,80.22367096,53462,53472,10
12.98892021,80.22332764,53472,53482,10
12.98832989,80.22332001,53482,53511,29
12.98832989,80.22332001,53511,53522,11
12.98867035,80.22329712,53522,53532,10
12.98917961,80.2233963,53532,53542,10
12.98945045,80.22387695,53542,53553,11
12.98950958,80.22453308,53553,53563,10
12.9897604,80.22518158,53563,53573,10
12.99009037,80.22579956,53573,53583,10
12.99003983,80.2264328,53583,53593,10
12.99015045,80.22714233,53593,53603,10
12.99026012,80.22788239,53603,53613,10
12.99044037,80.22859955,53613,53623,10
12.99059963,80.22915649,53623,53633,10
12.99077034,80.2298584,53633,53643,10
12.99081993,80.23007965,53643,53653,10
12.99085045,80.23047638,53653,53663,10
12.99090958,80.23110962,53663,53674,11
12.99098015,80.23178864,53674,53684,10
12.99098969,80.23194122,53684,53694,10
12.99108028,80.23239136,53694,53704,10
12.99125957,80.23300934,53704,53714,10
12.99178028,80.23362732,53714,53744,30
12.99178028,80.23362732,53744,53754,10
12.99182034,80.23370361,53754,53764,10
12.99209023,80.23368835,53764,53774,10
12.99265003,80.23381042,53774,53784,10
12.99320984,80.23406982,53784,53795,11
12.99376965,80.23444366,53795,53825,30
12.99376965,80.23444366,53825,53835,10
12.99392033,80.23457336,53835,53845,10
12.99421978,80.23471832,53845,53855,10
12.9948597,80.23509979,53855,53865,10
12.99542046,80.2354126,53865,53875,10
12.99588966,80.23581696,53875,53885,10
12.99592972,80.23587036,53885,53895,10
12.99598026,80.23596954,53895,53906,11
12.99625969,80.23639679,53906,53916,10
12.99660969,80.23705292,53916,53926,10
12.99697018,80.23760223,53926,53936,10
12.99738979,80.23825073,53936,53946,10
12.99787998,80.23877716,53946,53956,10
12.99866009,80.23914337,53956,53986,30
12.99866009,80.23914337,53986,53996,10
12.99884033,80.23924255,53996,54006,10
12.99930954,80.23934174,54006,54016,10
12.99995995,80.23947144,54016,54027,11
13.00080013,80.23957825,54027,54037,10
13.00142002,80.23967743,54037,54047,10
13.00220013,80.23993683,54047,54057,10
13.00284004,80.24014282,54057,54067,10
13.00347996,80.24047852,54067,54077,10
13.0037899,80.24121857,54077,54087,10
13.00428963,80.24179077,54087,54097,10
13.00500011,80.24178314,54097,54107,10
13.00570011,80.24179077,54107,54117,10
13.00592041,80.2421875,54117,54127,10
13.00568962,80.24221802,54127,54954,827
13.00568962,80.24221802,54954,54965,11
13.0053196,80.24195099,54965,54975,10
13.00473022,80.24183655,54975,54985,10
13.00397968,80.24169922,54985,54995,10
13.00368023,80.2409668,54995,55005,10
13.00323963,80.24034119,55005,55015,10
13.00261021,80.2401123,55015,55025,10
13.00257969,80.24009705,55025,55035,10
13.00218964,80.23995972,55035,55045,10
13.00152016,80.23973083,55045,55055,10
13.00084019,80.23957825,55055,55065,10
13.00008965,80.23947906,55065,55076,11
12.99915028,80.23931122,55076,55096,20
12.99915028,80.23931122,55096,55106,10
12.99897957,80.23927307,55106,55116,10
12.99845028,80.23914337,55116,55126,10
12.99792004,80.23886108,55126,55136,10
12.99746037,80.23832703,55136,55146,10
12.99703979,80.23773956,55146,55156,10
12.99687958,80.23748779,55156,55166,10
12.99683952,80.23741913,55166,55176,10
12.99662971,80.23703766,55176,55186,10
12.99633026,80.23647308,55186,55197,11
12.99623966,80.23631287,55197,55207,10
12.99606037,80.23600006,55207,55217,10
12.99557972,80.23551178,55217,55227,10
12.99507999,80.23516846,55227,55237,10
12.99452019,80.23480988,55237,55247,10
12.99398041,80.23448181,55247,55257,10
12.99394035,80.23445892,55257,55267,10
12.99376965,80.23430634,55267,55277,10
12.99345016,80.23406219,55277,55287,10
12.99300003,80.23384094,55287,55297,10
12.99238968,80.23374176,55297,55307,10
12.99186039,80.2337265,55307,55328,21
12.99186039,80.2337265,55328,55338,10
12.9917202,80.23374939,55338,55348,10
12.99135971,80.2335968,55348,55358,10
12.99125957,80.23307037,55358,55368,10
12.99106026,80.23252106,55368,55378,10
12.99094963,80.23175812,55378,55398,20
12.99094963,80.23175812,55398,55408,10
12.99090004,80.23137665,55408,55418,10
12.99085045,80.23078156,55418,55429,11
12.99081993,80.23013306,55429,55439,10
12.99081993,80.2300415,55439,55449,10
12.9907999,80.2298584,55449,55459,10
12.99063015,80.22914886,55459,55469,10
12.99044991,80.2285614,55469,55479,10
12.99024963,80.22789764,55479,55489,10
12.99015999,80.22730255,55489,55499,10
12.99015045,80.22715759,55499,55509,10
12.99007988,80.2266922,55509,55519,10
12.99011993,80.22601318,55519,55529,10
12.98980045,80.22528839,55529,55539,10
12.9895401,80.22460175,55539,55550,11
12.98946953,80.22383118,55550,55560,10
12.98904991,80.22337341,55560,55570,10
12.98832035,80.22332001,55570,55610,40
12.98832035,80.22332001,55610,55620,10
12.98832989,80.2232666,55620,55630,10
12.98865986,80.2232666,55630,55640,10
12.98910999,80.2233429,55640,55650,10
12.98939991,80.22386932,55650,55660,10
12.98943996,80.22445679,55660,55671,11
12.98972034,80.22512054,55671,55681,10
12.99005032,80.22576904,55681,55691,10
12.98997974,80.22644806,55691,55701,10
12.99007988,80.22718811,55701,55711,10
12.98985958,80.22767639,55711,55721,10
12.98987007,80.22767639,55721,55731,10
12.98960018,80.22789764,55731,55741,10
12.98904037,80.22817993,55741,55751,10
12.98869991,80.22882843,55751,55761,10
12.98841953,80.22958374,55761,55771,10
12.98818016,80.23021698,55771,55782,11
12.98787975,80.23098755,55782,55792,10
12.9875803,80.23169708,55792,55802,10
12.98742008,80.23264313,55802,55812,10
12.98738956,80.23316193,55812,55822,10
12.98696041,80.23329926,55822,55832,10
12.98651028,80.23332214,55832,55842,10
12.98633003,80.23332214,55842,55852,10
12.98608017,80.2335968,55852,55862,10
12.9861002,80.23410034,55862,55872,10
12.98641968,80.23513794,55872,55892,20
12.98641968,80.23513794,55892,55903,11
12.98649979,80.23555756,55903,55913,10
12.98651981,80.23618317,55913,55923,10
12.98653984,80.23686981,55923,55934,11
12.98655033,80.23738098,55934,55944,10
12.9865799,80.23825073,55944,55954,10
12.98649979,80.23844147,55954,56741,787
12.98649979,80.23844147,56741,56751,10
12.98655987,80.23829651,56751,56761,10
12.98659992,80.2379303,56761,56771,10
12.98659039,80.23742676,56771,56781,10
12.98657036,80.23690796,56781,56791,10
12.98657036,80.23635864,56791,56801,10
12.98649025,80.23532867,56801,56821,20
12.98649025,80.23532867,56821,56831,10
12.98645973,80.2352066,56831,56842,11
12.98626041,80.23474121,56842,56852,10
12.98616028,80.23420715,56852,56862,10
12.98612976,80.23370361,56862,56872,10
12.98645973,80.2333374,56872,56882,10
12.98665047,80.23330688,56882,56892,10
12.9868803,80.23330688,56892,56902,10
12.98733997,80.23322296,56902,56912,10
12.98740005,80.23275757,56912,56922,10
12.98750973,80.23209381,56922,56932,10
12.98770046,80.23152924,56932,56942,10
12.98799992,80.23088074,56942,56953,11
12.98822021,80.23017883,56953,56963,10
12.9882803,80.23002625,56963,56973,10
12.98845959,80.22959137,56973,56983,10
12.98869991,80.22899628,56983,56993,10
12.98900986,80.22834778,56993,57003,10
12.98964977,80.22796631,57003,57013,10
12.98999977,80.22766113,57013,57023,10
12.99007034,80.22760773,57023,57033,10
12.99013996,80.22727203,57033,57043,10
12.99009037,80.22673798,57043,57053,10
12.99011993,80.22614288,57053,57063,10
12.9898901,80.22544861,57063,57074,11
12.98956013,80.22470856,57074,57084,10
12.98948002,80.22409821,57084,57094,10
12.9893198,80.22354889,57094,57104,10
12.98880005,80.2233429,57104,57114,10
12.98832035,80.22332764,57114,57144,30
12.98832035,80.22332764,57144,57154,10
12.98845959,80.22325897,57154,57164,10
12.98894024,80.22329712,57164,57173,9
12.98933029,80.22354889,57173,57184,11
12.9894104,80.22412109,57184,57195,11
12.98956013,80.22483063,57195,57205,10
12.98993969,80.22544098,57205,57215,10
12.9900198,80.22615051,57215,57225,10
12.99007988,80.22679138,57225,57235,10
12.99015999,80.22744751,57235,57245,10
12.99018955,80.22766113,57245,57255,10
12.99034023,80.22821045,57255,57265,10
12.99050999,80.22882843,57265,57275,10
12.99069977,80.22952271,57275,57285,10
12.9907999,80.23011017,57285,57295,10
12.99079037,80.2301712,57295,57306,11
12.99081993,80.23074341,57306,57316,10
12.99087048,80.23127747,57316,57326,10
12.9909296,80.23193359,57326,57336,10
12.99094009,80.23200226,57336,57346,10
12.99096966,80.23226929,57346,57356,10
12.99116039,80.23284912,57356,57366,10
12.99176025,80.23365021,57366,57386,20
12.99176025,80.23365021,57386,57396,10
12.99188995,80.23375702,57396,57406,10
12.99230003,80.23378754,57406,57416,10
12.99291992,80.23390961,57416,57427,11
12.99345016,80.23416138,57427,57437,10
12.99382019,80.23439789,57437,57447,10
12.99382973,80.23442841,57447,57457,10
12.9939003,80.23452759,57457,57467,10
12.99429989,80.23474121,57467,57477,10
12.99479961,80.23496246,57477,57487,10
12.99534035,80.23529816,57487,57497,10
12.99600983,80.23597717,57497,57517,20
12.99600983,80.23597717,57517,57527,10
12.99625969,80.23638916,57527,57537,10
12.99658966,80.23703003,57537,57548,11
12.99699974,80.23771667,57548,57558,10
12.99734974,80.23825836,57558,57568,10
12.99785995,80.23880768,57568,57578,10
12.99868011,80.23918915,57578,57608,30
12.99868011,80.23918915,57608,57618,10
12.99878025,80.23928833,57618,57628,10
12.99925041,80.23937225,57628,57638,10
12.99989986,80.23947906,57638,57648,10
13.00051975,80.23957825,57648,57659,11
13.00125027,80.23970032,57659,57669,10
13.00191975,80.23989105,57669,57679,10
13.00249958,80.24006653,57679,57689,10
13.00314999,80.24025726,57689,57699,10
13.00364971,80.24080658,57699,57709,10
13.00399971,80.24160767,57709,57719,10
13.00473022,80.24182892,57719,57729,10
13.00549984,80.24182129,57729,57739,10
13.00596046,80.24204254,57739,57749,10
13.00572014,80.24224091,57749,58465,716
13.00572014,80.24224091,58465,58475,10
13.00547028,80.24210358,58475,58486,11
13.00504971,80.24181366,58486,58496,10
13.00436974,80.24183655,58496,58506,10
13.00384998,80.24143982,58506,58516,10
13.00358009,80.24073029,58516,58526,10
13.00298023,80.240242,58526,58536,10
13.00230026,80.24002075,58536,58546,10
13.00160027,80.23977661,58546,58556,10
13.00090981,80.23960876,58556,58566,10
13.00039959,80.23951721,58566,58576,10
12.9994297,80.23937988,58576,58586,10
12.99915981,80.23931885,58586,58597,11
12.99897957,80.23925781,58597,58607,10
12.99845028,80.23911285,58607,58617,10
12.99790001,80.23886108,58617,58627,10
12.99750042,80.23841095,58627,58637,10
12.99707031,80.2378006,58637,58647,10
12.99672985,80.23724365,58647,58657,10
12.99635983,80.23655701,58657,58667,10
12.99625015,80.23634338,58667,58677,10
12.99598026,80.2359314,58677,58687,10
12.99545002,80.23542786,58687,58697,10
12.99491978,80.2350769,58697,58707,10
12.99427032,80.23470306,58707,58718,11
12.99392033,80.23448181,58718,58728,10
12.99361992,80.23420715,58728,58738,10
12.99316978,80.23396301,58738,58748,10
12.99250984,80.23377991,58748,58758,10
12.99176979,80.23374176,58758,58778,20
12.99176979,80.23374176,58778,58788,10
12.9916296,80.23375702,58788,58798,10
12.99135017,80.23352051,58798,58808,10
12.99122047,80.23300934,58808,58818,10
12.99102974,80.23242188,58818,58828,10
12.99096012,80.23182678,58828,58839,11
12.99096012,80.23178864,58839,58849,10
12.99094009,80.23139191,58849,58859,10
12.99088955,80.23079681,58859,58869,10
12.99083996,80.23013306,58869,58879,10
12.99081039,80.22991943,58879,58889,10
12.99067974,80.2293396,58889,58899,10
12.99050045,80.22873688,58899,58909,10
12.99030018,80.22811127,58909,58919,10
12.99018955,80.22744751,58919,58929,10
12.99016953,80.227211,58929,58939,10
12.99005985,80.22663879,58939,58950,11
12.9901104,80.22592163,58950,58960,10
12.98974991,80.22522736,58960,58970,10
12.9895401,80.2245636,58970,58980,10
12.98946953,80.22389221,58980,58990,10
12.9891901,80.22344971,58990,59000,10
12.98832989,80.22337341,59000,59030,30
12.98832989,80.22337341,59030,59040,10
12.98843002,80.22329712,59040,59050,10
12.98890972,80.22335052,59050,59060,10
12.98939991,80.22363281,59060,59071,11
12.98945045,80.22421265,59071,59081,10
12.98960972,80.2248764,59081,59091,10
12.9900198,80.22554016,59091,59101,10
12.99003029,80.22631836,59101,59111,10
12.99013042,80.22693634,59111,59121,10
12.99011993,80.2276001,59121,59131,10
12.98993015,80.22769928,59131,59141,10
12.98968029,80.22789764,59141,59151,10
12.98896027,80.2283783,59151,59161,10
12.98865032,80.22910309,59161,59171,10
12.98843956,80.22963715,59171,59181,10
12.98816013,80.23042297,59181,59192,11
12.98779964,80.23123169,59192,59202,10
12.98752022,80.23207855,59202,59212,10
12.98744011,80.23291016,59212,59222,10
12.98727036,80.23326111,59222,59232,10
12.98672962,80.23329163,59232,59242,10
12.98631954,80.23332214,59242,59252,10
12.9861002,80.23381805,59252,59262,10
12.98614979,80.23429871,59262,59272,10
12.98645973,80.23513794,59272,59282,10
12.98649025,80.2352066,59282,59292,10
12.98655987,80.23555756,59292,59303,11
12.9865799,80.23629761,59303,59313,10
12.98661041,80.23700714,59313,59322,9
12.98661995,80.23760986,59322,59333,11
12.98666,80.23847198,59333,59343,10
12.98659039,80.23853302,59343,60251,908
12.98659039,80.23853302,60251,60261,10
12.98661995,80.23841858,60261,60271,10
12.98663044,80.2383194,60271,60281,10
12.98661995,80.23803711,60281,60291,10
12.98661041,80.23751068,60291,60301,10
12.9865799,80.23692322,60301,60311,10
12.98655987,80.23635101,60311,60321,10
12.98647976,80.2353363,60321,60341,20
12.98647976,80.2353363,60341,60351,10
12.98633957,80.23497772,60351,60362,11
12.98612976,80.23435974,60362,60372,10
12.98608017,80.23377991,60372,60382,10
12.98633003,80.23336029,60382,60392,10
12.98663998,80.23332977,60392,60402,10
12.98670959,80.23330688,60402,60412,10
12.98717976,80.23332214,60412,60422,10
12.98740005,80.23300934,60422,60432,10
12.98746014,80.23239136,60432,60442,10
12.98764992,80.23166656,60442,60452,10
12.98789024,80.23105621,60452,60462,10
12.98814011,80.23040009,60462,60472,10
12.98826981,80.2300415,60472,60483,11
12.98845005,80.229599,60483,60493,10
12.98865032,80.22902679,60493,60503,10
12.98890018,80.22841644,60503,60513,10
12.98952007,80.2280426,60513,60523,10
12.99005032,80.22769165,60523,60533,10
12.99011993,80.22763062,60533,60543,10
12.99015999,80.22740173,60543,60553,10
12.99007034,80.22685242,60553,60563,10
12.98985958,80.22543335,60563,60573,10
12.98985958,80.22543335,60573,60583,10
12.98956013,80.22479248,60583,60594,11
12.98945999,80.22406769,60594,60604,10
12.98927975,80.22354126,60604,60614,10
12.98875999,80.22335815,60614,60624,10
12.98832989,80.22338104,60624,60654,30
12.98832989,80.22338104,60654,60664,10
12.98843002,80.2232666,60664,60674,10
12.98888016,80.22332001,60674,60684,10
12.98933983,80.22357941,60684,60694,10
12.98945045,80.22412872,60694,60704,10
12.98956013,80.22473145,60704,60715,11
12.98993969,80.2254715,60715,60725,10
12.99005032,80.22615051,60725,60735,10
12.99005985,80.22663879,60735,60745,10
12.99016953,80.22727966,60745,60755,10
12.99022007,80.22763062,60755,60765,10
12.99032974,80.2281723,60765,60775,10
12.99051952,80.22882843,60775,60785,10
12.99069977,80.22942352,60785,60793,8
12.99083042,80.23002625,60793,60805,12
12.99085999,80.23032379,60805,60815,10
12.99088955,80.23094177,60815,60825,10
12.9909296,80.23149109,60825,60836,11
12.99098015,80.2321167,60836,60846,10
12.99098969,80.23216248,60846,60856,10
12.99108982,80.23253632,60856,60866,10
12.9912796,80.23312378,60866,60876,10
12.99180031,80.23368835,60876,60896,20
12.99180031,80.23368835,60896,60906,10
12.99195957,80.23377228,60906,60916,10
12.99244022,80.2338028,60916,60926,10
12.99306011,80.23397064,60926,60936,10
12.99353027,80.23423767,60936,60947,11
12.99386978,80.23448944,60947,60957,10
12.99392033,80.23454285,60957,60967,10
12.99427986,80.23474884,60967,60977,10
12.99448013,80.23484802,60977,60987,10
12.99462032,80.23491669,60987,60997,10
12.99512959,80.23522186,60997,61007,10
12.99567032,80.23561859,61007,61017,10
12.99600983,80.23596191,61017,61027,10
12.99602985,80.23596954,61027,61037,10
12.99627972,80.23632813,61037,61047,10
12.99660015,80.23696899,61047,61057,10
12.99697018,80.23761749,61057,61068,11
12.99738979,80.23828125,61068,61078,10
12.99789047,80.23885345,61078,61088,10
12.99872017,80.23922729,61088,61108,20
12.99872017,80.23922729,61108,61118,10
12.9988699,80.23928833,61118,61128,10
12.99932003,80.23940277,61128,61138,10
13.0,80.23953247,61138,61148,10
13.00082016,80.23963165,61148,61158,10
13.0014801,80.23977661,61158,61168,10
13.00224018,80.24002838,61168,61178,10
13.00251961,80.24011993,61178,61189,11
13.00265026,80.24018097,61189,61199,10
13.00323009,80.24035645,61199,61209,10
13.00370026,80.24092102,61209,61219,10
13.0040102,80.24166107,61219,61229,10
13.00473976,80.24189758,61229,61239,10
13.00537968,80.24188232,61239,61248,9
13.00599957,80.24208069,61248,61259,11
13.00572014,80.24240875,61259,62227,968
13.00572014,80.24240875,62227,62238,11
13.00535965,80.24196625,62238,62248,10
13.00479031,80.24183655,62248,62258,10
13.00397015,80.24166107,62258,62268,10
13.00358963,80.2407074,62268,62278,10
13.00273991,80.24012756,62278,62288,10
13.00216007,80.2399292,62288,62298,10
13.00139999,80.23967743,62298,62308,10
13.00074959,80.23954773,62308,62318,10
12.99981976,80.23944092,62318,62328,10
12.99911022,80.23931122,62328,62338,10
12.99911022,80.23930359,62338,62348,10
12.99905968,80.2392807,62348,62359,11
12.99872017,80.23918152,62359,62369,10
12.99868011,80.23916626,62369,62379,10
12.99822044,80.23901367,62379,62389,10
12.99769974,80.23867035,62389,62399,10
12.99717999,80.2379837,62399,62409,10
12.99680042,80.23738098,62409,62419,10
12.99639988,80.2366333,62419,62429,10
12.99578953,80.23571777,62429,62439,10
12.99512959,80.23519135,62439,62449,10
12.99454975,80.23484039,62449,62459,10
12.9939003,80.23448181,62459,62469,10
12.99386978,80.23444366,62469,62480,11
12.9934597,80.23413086,62480,62490,10
12.99291992,80.23387146,62490,62500,10
12.99207973,80.2337265,62500,62510,10
12.9917202,80.23375702,62510,62520,10
12.99164963,80.23378754,62520,62530,10
12.99135017,80.23345947,62530,62540,10
12.99120045,80.2329483,62540,62550,10
12.99098015,80.2322998,62550,62560,10
12.99094009,80.2317276,62560,62570,10
12.99094009,80.23171997,62570,62581,11
12.99088955,80.23126984,62581,62591,10
12.99085045,80.23059082,62591,62601,10
12.99081039,80.23004913,62601,62611,10
12.99077988,80.22981262,62611,62621,10
12.99059963,80.22914124,62621,62631,10
12.99042034,80.22859192,62631,62641,10
12.99022961,80.22779846,62641,62651,10
12.99015999,80.2273407,62651,62661,10
12.99009037,80.2269516,62661,62671,10
12.99001026,80.22631836,62671,62681,10
12.98993969,80.22551727,62681,62691,10
12.98956013,80.224823,62691,62701,10
12.98943996,80.22412872,62701,62712,11
12.98921967,80.22348785,62712,62722,10
12.98878956,80.22335815,62722,62732,10
12.98832035,80.22335815,62732,62763,31
12.98832035,80.22335815,62763,62773,10
12.98859024,80.22329712,62773,62783,10
12.98915958,80.22338104,62783,62793,10
12.98946953,80.22389984,62793,62803,10
12.98952961,80.22457886,62803,62813,10
12.98980045,80.22528076,62813,62823,10
12.99007988,80.22615051,62823,62834,11
12.99009037,80.22676086,62834,62844,10
12.99018955,80.22747803,62844,62854,10
12.98985958,80.22776794,62854,62864,10
12.98974037,80.22783661,62864,62874,10
12.98921013,80.22811127,62874,62884,10
12.98871994,80.22891235,62884,62894,10
12.98841953,80.22969818,62894,62904,10
12.98832035,80.23001862,62904,62914,10
12.98820972,80.23034668,62914,62923,9
12.98791027,80.2310791,62923,62934,11
12.98754025,80.23206329,62934,62945,11
12.98744965,80.23312378,62945,62955,10
12.98703003,80.23329926,62955,62965,10
12.98651028,80.23330688,62965,62975,10
12.98641968,80.23330688,62975,62985,10
12.9861002,80.23358917,62985,62995,10
12.98614025,80.23417664,62995,63005,10
12.98643017,80.23506165,63005,63015,10
12.98651028,80.23525238,63015,63025,10
12.98651981,80.23532104,63025,63035,10
12.9865799,80.23574066,63035,63045,10
12.98659039,80.23631287,63045,63055,10
12.98663998,80.23710632,63055,63066,11
12.98663998,80.23816681,63066,63076,10
12.98655033,80.23857117,63076,63832,756
12.98655033,80.23857117,63832,63842,10
12.98661041,80.23844147,63842,63852,10
12.98663998,80.23825836,63852,63862,10
12.98663998,80.23783875,63862,63872,10
12.98659992,80.23703766,63872,63883,11
12.9865799,80.23644257,63883,63893,10
12.98647976,80.23535919,63893,63913,20
12.98647976,80.23535919,63913,63923,10
12.9864502,80.23519135,63923,63933,10
12.98620987,80.23462677,63933,63943,10
12.98612022,80.23416138,63943,63953,10
12.9861002,80.2335434,63953,63963,10
12.98635006,80.2333374,63963,63973,10
12.98659992,80.23332977,63973,63983,10
12.98666,80.2333374,63983,63993,10
12.98719978,80.23330688,63993,64004,11
12.98740959,80.23284149,64004,64014,10
12.98750973,80.2321701,64014,64024,10
12.98768997,80.23165894,64024,64034,10
12.98791027,80.23110199,64034,64044,10
12.98814011,80.23049927,64044,64054,10
12.98834991,80.22994232,64054,64064,10
12.98845005,80.22971344,64064,64074,10
12.98863029,80.22921753,64074,64084,10
12.98886013,80.22862244,64084,64094,10
12.98917961,80.22820282,64094,64104,10
12.98948002,80.22805023,64104,64115,11
12.98976994,80.22783661,64115,64125,10
12.98995018,80.2277298,64125,64135,10
12.99005985,80.22772217,64135,64145,10
12.99013042,80.22724152,64145,64155,10
12.99001026,80.22647858,64155,64165,10
12.99007988,80.22576904,64165,64175,10
12.98964024,80.22502136,64175,64185,10
12.98948002,80.22431946,64185,64196,11
12.98941994,80.22371674,64196,64206,10
12.98882008,80.22335815,64206,64216,10
12.98832035,80.22335815,64216,64258,42
12.98832035,80.22335815,64258,64268,10
12.98863983,80.22329712,64268,64278,10
12.98921967,80.22344208,64278,64288,10
12.98945045,80.22399902,64288,64298,10
12.98952961,80.22467041,64298,64308,10
12.98983955,80.22532654,64308,64318,10
12.99005985,80.22608948,64318,64328,10
12.99005985,80.22673035,64328,64338,10
12.99018002,80.22750092,64338,64348,10
12.99022007,80.22769928,64348,64359,11
12.99040031,80.2284317,64359,64369,10
12.9905901,80.22905731,64369,64379,10
12.99077988,80.22981262,64379,64389,10
12.99085045,80.23020172,64389,64399,10
12.99088001,80.23062134,64399,64409,10
12.99092007,80.23120117,64409,64419,10
12.99096966,80.23187256,64419,64429,10
12.99096966,80.23204041,64429,64439,10
12.99098969,80.23226929,64439,64449,10
12.99116993,80.23287964,64449,64459,10
12.99180031,80.23371887,64459,64500,41
12.99180031,80.23371887,64500,64510,10
12.99221039,80.23375702,64510,64520,10
12.99289989,80.23390198,64520,64530,10
12.99347973,80.23419952,64530,64540,10
12.99384975,80.23445892,64540,64550,10
12.99398994,80.23457336,64550,64560,10
12.99452019,80.23490143,64560,64570,10
12.99518013,80.2352829,64570,64580,10
12.99575996,80.23571777,64580,64591,11
12.99604034,80.23603058,64591,64601,10
12.99615955,80.23619843,64601,64611,10
12.99650002,80.23681641,64611,64621,10
12.9968996,80.23757935,64621,64631,10
12.99726963,80.23818207,64631,64641,10
12.99777985,80.23880005,64641,64651,10
12.99872017,80.23922729,64651,64691,40
12.99872017,80.23922729,64691,64701,10
12.99880028,80.23924255,64701,64712,11
12.99925995,80.23934937,64712,64722,10
12.99995041,80.23948669,64722,64732,10
13.00078964,80.23959351,64732,64742,10
13.00144005,80.23973083,64742,64752,10
13.0021801,80.23995972,64752,64762,10
13.00251961,80.24008179,64762,64772,10
13.00261974,80.24011993,64772,64782,10
13.00314045,80.24030304,64782,64792,10
13.00364017,80.24085236,64792,64802,10
13.00397015,80.24160767,64802,64812,10
13.0046196,80.24186707,64812,64823,11
13.00557041,80.24183655,64823,64833,10
13.00596046,80.24208832,64833,64843,10
13.00572014,80.24227142,64843,65710,867
13.00572014,80.24227142,65710,65720,10
13.00566006,80.24224091,65720,65730,10
13.00535011,80.24198151,65730,65740,10
13.00483036,80.24186707,65740,65750,10
13.00415039,80.2417984,65750,65761,11
13.00376987,80.24112701,65761,65771,10
13.00341034,80.24046326,65771,65781,10
13.0026598,80.24014282,65781,65791,10
13.00214958,80.23995209,65791,65800,9
13.00146008,80.23973083,65800,65811,11
13.00080013,80.23959351,65811,65821,10
13.00008965,80.23947906,65821,65831,10
12.99942017,80.23937988,65831,65841,10
12.99919033,80.23932648,65841,65851,10
12.99890995,80.23925018,65851,65861,10
12.99833965,80.23908234,65861,65872,11
12.99777985,80.23882294,65872,65882,10
12.99740028,80.23834991,65882,65892,10
12.99697018,80.23769379,65892,65902,10
12.99664021,80.23708344,65902,65912,10
12.9963398,80.23654175,65912,65921,9
12.99623966,80.23638916,65921,65932,11
12.99598026,80.23596954,65932,65942,10
12.99540997,80.23545837,65942,65952,10
12.99489975,80.23512268,65952,65962,10
12.99427986,80.23474884,65962,65972,10
12.99390984,80.23451996,65972,65982,10
12.99361038,80.23426819,65982,65993,11
12.99310017,80.23397064,65993,66003,10
12.99244022,80.23381042,66003,66013,10
12.99190044,80.23375702,66013,66023,10
12.99170017,80.23378754,66023,66033,10
12.99153996,80.23377991,66033,66043,10
12.99133968,80.23339081,66043,66053,10
12.99116993,80.23291016,66053,66063,10
12.99096012,80.23223114,66063,66073,10
12.99090958,80.23181152,66073,66083,10
12.99087048,80.23142242,66083,66093,10
12.99081039,80.23079681,66093,66103,10
12.99077988,80.23011017,66103,66114,11
12.99075985,80.22981262,66114,66124,10
12.99059963,80.22917938,66124,66134,10
12.99042988,80.22857666,66134,66144,10
12.99022961,80.22786713,66144,66154,10
12.99015999,80.22736359,66154,66164,10
12.99007988,80.22692871,66164,66174,10
12.98999977,80.22634125,66174,66184,10
12.98997021,80.22566223,66184,66194,10
12.98958969,80.22501373,66194,66204,10
12.98945045,80.22440338,66204,66214,10
12.98943043,80.22379303,66214,66225,11
12.98896027,80.22341156,66225,66235,10
12.98832035,80.22338104,66235,66255,20
12.98832035,80.22338104,66255,66265,10
12.9883604,80.22329712,66265,66275,10
12.98882008,80.2233429,66275,66285,10
12.9893198,80.22357178,66285,66295,10
12.98945045,80.22409821,66295,66305,10
12.98956013,80.22476196,66305,66315,10
12.98987961,80.22541046,66315,66325,10
12.99005985,80.2260437,66325,66334,9
12.99005032,80.22663879,66334,66346,12
12.99015999,80.22747803,66346,66356,10
12.98989964,80.22772217,66356,66366,10
12.98980045,80.2277832,66366,66376,10
12.98935032,80.2280426,66376,66386,10
12.98882961,80.22863007,66386,66396,10
12.98851967,80.22943115,66396,66406,10
12.98832035,80.22994232,66406,66416,10
12.98816013,80.23034668,66416,66426,10
12.98789978,80.23101807,66426,66436,10
12.98762989,80.23165894,66436,66445,9
12.98746014,80.23252106,66445,66456,11
12.98744011,80.233078,66456,66467,11
12.98682976,80.23327637,66467,66477,10
12.98655033,80.23329926,66477,66487,10
12.98624039,80.23332977,66487,66497,10
12.98610973,80.23384094,66497,66506,9
12.98616028,80.23444366,66506,66517,11
12.98643017,80.2352066,66517,66527,10
12.9864397,80.23523712,66527,66537,10
12.98651981,80.23551178,66537,66547,10
12.98655033,80.23616028,66547,66557,10
12.9865799,80.23696899,66557,66567,10
12.98659992,80.23760986,66567,66578,11
12.98663998,80.23845673,66578,66588,10
12.98655987,80.23851776,66588,67606,1018
12.98655987,80.23851776,67606,67616,10
12.98663998,80.23813629,67616,67627,11
12.98661041,80.2375412,67627,67637,10
12.9865799,80.23699951,67637,67647,10
12.98655033,80.23648071,67647,67657,10
12.98651981,80.23587036,67657,67667,10
12.98647022,80.23535919,67667,67677,10
12.98647022,80.2353363,67677,67687,10
12.9864397,80.23513794,67687,67697,10
12.98622036,80.23468781,67697,67707,10
12.98610973,80.23413849,67707,67717,10
12.98606014,80.23364258,67717,67727,10
12.98663998,80.23330688,67727,67748,21
12.98663998,80.23330688,67748,67758,10
12.98698997,80.2333374,67758,67768,10
12.98738003,80.23320007,67768,67778,10
12.98740005,80.23278809,67778,67787,9
12.98744011,80.23220062,67787,67798,11
12.98764992,80.23158264,67798,67808,10
12.98789978,80.23097229,67808,67818,10
12.98810005,80.2303772,67818,67828,10
12.98820019,80.23011017,67828,67838,10
12.98830032,80.22989655,67838,67848,10
12.98847008,80.22943878,67848,67858,10
12.98863983,80.22901917,67858,67869,11
12.98890018,80.22840118,67869,67879,10
12.98941994,80.22805023,67879,67889,10
12.98987007,80.22776031,67889,67899,10
12.99001026,80.22767639,67899,67909,10
12.9901104,80.22725677,67909,67919,10
12.98999977,80.22669983,67919,67929,10
12.99001026,80.22615814,67929,67939,10
12.98991013,80.22559357,67939,67949,10
12.98958015,80.22502899,67949,67959,10
12.98945045,80.22447968,67959,67969,10
12.98941994,80.22387695,67969,67980,11
12.98913002,80.22341919,67980,67990,10
12.98863983,80.22332001,67990,68000,10
12.98830032,80.22337341,68000,68030,30
12.98830032,80.22337341,68030,68040,10
12.9884901,80.22328186,68040,68050,10
12.98886013,80.22332764,68050,68060,10
12.98927975,80.22353363,68060,68070,10
12.98943043,80.22399139,68070,68080,10
12.98943996,80.2243576,68080,68091,11
12.98948956,80.22458649,68091,68101,10
12.98962975,80.22505951,68101,68111,10
12.98993015,80.22550964,68111,68121,10
12.99003983,80.2260437,68121,68131,10
12.99001026,80.22659302,68131,68140,9
12.99011993,80.22724152,68140,68151,11
12.99018002,80.22767639,68151,68161,10
12.99022961,80.22795868,68161,68171,10
12.99038029,80.22850037,68171,68181,10
12.99051952,80.22902679,68181,68191,10
12.99071026,80.22963715,68191,68201,10
12.99079037,80.23017883,68201,68211,10
12.99081993,80.23046875,68211,68222,11
12.99083996,80.23105621,68222,68232,10
12.99090004,80.23162079,68232,68242,10
12.99092007,80.23204041,68242,68252,10
12.99096966,80.23232269,68252,68262,10
12.99116039,80.23285675,68262,68272,10
12.99174023,80.23368073,68272,68292,20
12.99174023,80.23368073,68292,68302,10
12.9919796,80.23371124,68302,68312,10
12.99246025,80.23375702,68312,68322,10
12.99306011,80.23394012,68322,68332,10
12.99351025,80.23419952,68332,68343,11
12.9938097,80.23442078,68343,68353,10
12.99402046,80.23455811,68353,68363,10
12.99454021,80.2348938,68363,68373,10
12.99510002,80.2352066,68373,68383,10
12.99559975,80.2355423,68383,68393,10
12.99596977,80.23592377,68393,68403,10
12.99606037,80.23600769,68403,68413,10
12.99631977,80.23648071,68413,68423,10
12.99658966,80.2370224,68423,68433,10
12.99693012,80.23761749,68433,68444,11
12.99726963,80.23815918,68444,68454,10
12.99777985,80.23879242,68454,68464,10
12.9982996,80.23906708,68464,68474,10
12.99866009,80.23919678,68474,68484,10
12.99870014,80.23921967,68484,68494,10
12.99907017,80.23931885,68494,68504,10
12.99954987,80.23941803,68504,68514,10
13.00024033,80.23951721,68514,68524,10
13.00102997,80.23964691,68524,68534,10
13.00162983,80.23979187,68534,68544,10
13.00224972,80.23999023,68544,68554,10
13.00251961,80.24008942,68554,68565,11
13.00306988,80.24025726,68565,68575,10
13.0035696,80.24069214,68575,68585,10
13.00387955,80.24143219,68585,68595,10
13.00438023,80.24185944,68595,68605,10
13.00508976,80.24182892,68605,68615,10
13.00574017,80.24183655,68615,68625,10
13.00592041,80.24221802,68625,68635,10
13.00566006,80.24234009,68635,69281,646
13.00566006,80.24234009,69281,69291,10
13.00557041,80.24217224,69291,69301,10
13.00524998,80.24185944,69301,69311,10
13.00465012,80.24182129,69311,69321,10
13.00393963,80.24165344,69321,69331,10
13.00362015,80.24088287,69331,69341,10
13.00317955,80.24031067,69341,69351,10
13.00247955,80.2400589,69351,69361,10
13.00193024,80.23986053,69361,69371,10
13.00131989,80.23966217,69371,69380,9
13.00067997,80.23951721,69380,69392,12
12.99981976,80.2394104,69392,69402,10
12.9991703,80.23928833,69402,69422,20
12.9991703,80.23928833,69422,69432,10
12.99911022,80.23925018,69432,69442,10
12.99876022,80.23916626,69442,69452,10
12.99822044,80.23901367,69452,69462,10
12.99775982,80.23874664,69462,69472,10
12.99738979,80.23831177,69472,69482,10
12.99703979,80.23777008,69482,69493,11
12.99674034,80.2372818,69493,69503,10
12.99637032,80.23654175,69503,69513,10
12.99602985,80.23599243,69513,69523,10
12.9959898,80.23590088,69523,69533,10
12.99565029,80.23554993,69533,69543,10
12.99514961,80.23519897,69543,69553,10
12.99464035,80.23490143,69553,69563,10
12.99405003,80.23457336,69563,69573,10
12.99392033,80.23449707,69573,69583,10
12.99380016,80.23439789,69583,69593,10
12.99347019,80.23413086,69593,69603,10
12.99298954,80.23387909,69603,69614,11
12.99238014,80.23374176,69614,69624,10
12.99176025,80.23371887,69624,69644,20
12.99176025,80.23371887,69644,69654,10
12.9916296,80.2337265,69654,69664,10
12.99135017,80.23358154,69664,69674,10
12.99122047,80.23303986,69674,69684,10
12.99104023,80.23253632,69684,69694,10
12.99094963,80.23195648,69694,69704,10
12.9909296,80.23174286,69704,69714,10
12.99088955,80.23143005,69714,69724,10
12.99083996,80.23084259,69724,69735,11
12.99077988,80.2301178,69735,69745,10
12.99077988,80.2299881,69745,69755,10
12.99067974,80.22944641,69755,69765,10
12.9904604,80.22875977,69765,69775,10
12.99028015,80.22817993,69775,69785,10
12.99015045,80.22743225,69785,69795,10
12.99013996,80.22727203,69795,69805,10
12.99003983,80.22672272,69805,69815,10
12.99003983,80.22605896,69815,69825,10
12.98978996,80.2253418,69825,69835,10
12.98950958,80.22471619,69835,69845,10
12.98943043,80.22409058,69845,69855,10
12.98929977,80.22355652,69855,69866,11
12.98869991,80.22329712,69866,69876,10
12.98828983,80.22332001,69876,69906,30
12.98828983,80.22332001,69906,69917,11
12.98867035,80.2232666,69917,69927,10
12.98921013,80.22344208,69927,69937,10
12.98941994,80.22393799,69937,69947,10
12.98945999,80.22451019,69947,69956,9
12.98970032,80.22515869,69956,69967,11
12.99005032,80.22580719,69967,69978,11
12.98999977,80.22662354,69978,69988,10
12.99013042,80.22733307,69988,69998,10
12.98989964,80.22769928,69998,70008,10
12.98970032,80.22779846,70008,70018,10
12.98933983,80.22801971,70018,70028,10
12.98878956,80.22862244,70028,70038,10
12.98847961,80.22936249,70038,70048,10
12.98816967,80.23016357,70048,70058,10
12.98816967,80.23016357,70058,70068,10
12.98795033,80.23072815,70068,70078,10
12.98764992,80.23146057,70078,70087,9
12.98746967,80.23216248,70087,70099,12
12.98740959,80.23300171,70099,70109,10
12.9871397,80.23323822,70109,70119,10
12.98661041,80.23326111,70119,70129,10
12.98643017,80.23326874,70129,70139,10
12.98606014,80.23355103,70139,70150,11
12.98608971,80.23403931,70150,70160,10
12.98641014,80.23513794,70160,70181,21
12.98641014,80.23513794,70181,70191,10
12.98647022,80.23529053,70191,70202,11
12.9865303,80.23584747,70202,70212,10
12.98653984,80.23658752,70212,70222,10
12.9865799,80.23724365,70222,70232,10
12.98659992,80.23793793,70232,70242,10
12.98663044,80.23860168,70242,70252,10
12.98651981,80.2385025,70252,71180,928
12.98651981,80.2385025,71180,71190,10
12.9865799,80.23835754,71190,71200,10
12.98659992,80.23786926,71200,71210,10
12.98657036,80.23724365,71210,71220,10
12.98655033,80.23674011,71220,71230,10
12.9865303,80.23615265,71230,71240,10
12.98651028,80.23561859,71240,71250,10
12.98647022,80.23532867,71250,71271,21
12.98647022,80.23532867,71271,71281,10
12.98639965,80.23516846,71281,71291,10
12.98618031,80.23468018,71291,71301,10
12.98608971,80.23410034,71301,71311,10
12.98606014,80.23355865,71311,71321,10
12.98639011,80.23330688,71321,71331,10
12.98663044,80.23330688,71331,71341,10
12.98698044,80.23329926,71341,71351,10
12.98736954,80.23312378,71351,71361,10
12.98742008,80.2326889,71361,71372,11
12.98750019,80.23200226,71372,71382,10
12.98766041,80.23153687,71382,71392,10
12.98787975,80.23097229,71392,71402,10
12.98814964,80.23027802,71402,71412,10
12.98840046,80.22966003,71412,71422,10
12.98861027,80.22908783,71422,71432,10
12.98882008,80.22846222,71432,71442,10
12.98935032,80.22808075,71442,71452,10
12.98985958,80.22773743,71452,71462,10
12.99005032,80.22763824,71462,71472,10
12.99013996,80.22727203,71472,71482,10
12.9900198,80.22663879,71482,71492,10
12.99005032,80.22606659,71492,71503,11
12.98978043,80.22532654,71503,71513,10
12.98952007,80.22471619,71513,71524,11
12.98945999,80.22413635,71524,71533,9
12.98927975,80.22355652,71533,71544,11
12.98867989,80.22335815,71544,71554,10
12.98830032,80.22338104,71554,71625,71
12.98830032,80.22338104,71625,71635,10
12.98843956,80.22328186,71635,71645,10
12.98892975,80.22332001,71645,71655,10
12.98937988,80.22363281,71655,71665,10
12.98941994,80.22416687,71665,71675,10
12.9895401,80.22480011,71675,71685,10
12.98989964,80.22545624,71685,71695,10
12.99001026,80.22609711,71695,71705,10
12.99003029,80.22676086,71705,71715,10
12.99013996,80.22749329,71715,71725,10
12.99018002,80.22773743,71725,71736,11
12.99034023,80.22841644,71736,71746,10
12.99051952,80.22901154,71746,71756,10
12.9907198,80.22972107,71756,71766,10
12.99079037,80.23014832,71766,71776,10
12.9907999,80.23033905,71776,71786,10
12.99083042,80.23094177,71786,71796,10
12.99088955,80.23152924,71796,71806,10
12.99092007,80.23200989,71806,71816,10
12.99092007,80.23201752,71816,71826,10
12.99100018,80.2324295,71826,71836,10
12.99118042,80.23297119,71836,71846,10
12.99153996,80.23356628,71846,71857,11
12.99176979,80.23368835,71857,71867,10
12.99192047,80.2337265,71867,71877,10
12.99240017,80.23375702,71877,71887,10
12.99306965,80.23394012,71887,71897,10
12.99355984,80.23423004,71897,71907,10
12.99384022,80.23445129,71907,71917,10
12.99388027,80.23449707,71917,71927,10
12.99429989,80.23474121,71927,71937,10
12.99487972,80.23506927,71937,71947,10
12.99542046,80.23542786,71947,71957,10
12.99596024,80.23593903,71957,71978,21
12.99596024,80.23593903,71978,71988,10
12.99625969,80.23632813,71988,71998,10
12.99660015,80.2370224,71998,72008,10
12.99695969,80.23764801,72008,72018,10
12.9973402,80.23825073,72018,72028,10
12.99785995,80.23883057,72028,72038,10
12.99843979,80.23911285,72038,72048,10
12.99866009,80.23918152,72048,72058,10
12.99876022,80.23922729,72058,72068,10
12.99923038,80.23934174,72068,72079,11
12.99991035,80.23944855,72079,72089,10
13.00055981,80.23954773,72089,72099,10
13.00121975,80.23966217,72099,72109,10
13.00189972,80.23986053,72109,72119,10
13.00242043,80.24002838,72119,72129,10
13.00251961,80.24008179,72129,72139,10
13.00304985,80.24024963,72139,72149,10
13.0035696,80.24069977,72149,72159,10
13.00389004,80.24149323,72159,72169,10
13.00452042,80.24186707,72169,72179,10
13.00529957,80.24182892,72179,72189,10
13.00592041,80.2419281,72189,72199,10
13.00566006,80.24236298,72199,72764,565
13.00566006,80.24236298,72764,72775,11
13.00557995,80.24227142,72775,72785,10
13.00541973,80.24210358,72785,72795,10
13.00510979,80.24185181,72795,72805,10
13.00444984,80.24186707,72805,72815,10
13.00387955,80.24152374,72815,72825,10
13.00356007,80.24073792,72825,72835,10
13.00296021,80.240242,72835,72845,10
13.00228024,80.24002075,72845,72855,10
13.00174999,80.23983765,72855,72865,10
13.00090027,80.23961639,72865,72875,10
13.00012016,80.23950958,72875,72885,10
12.9993,80.23937988,72885,72895,10
12.99911976,80.23934174,72895,72906,11
12.99878979,80.23922729,72906,72916,10
12.99818993,80.2390213,72916,72926,10
12.99767971,80.23869324,72926,72936,10
12.99728012,80.23813629,72936,72946,10
12.9968996,80.2375412,72946,72956,10
12.99654007,80.23690033,72956,72966,10
12.99623966,80.23636627,72966,72976,10
12.99613953,80.23619843,72976,72986,10
12.99575996,80.23571014,72986,72996,10
12.9951601,80.23525238,72996,73006,10
12.99458027,80.23491669,73006,73017,11
12.99386024,80.23445892,73017,73027,10
12.99335957,80.23410034,73027,73037,10
12.99279976,80.23384094,73037,73047,10
12.99205971,80.23371887,73047,73057,10
12.99176025,80.2337265,73057,73067,10
12.99155998,80.23375702,73067,73077,10
12.99133968,80.23342133,73077,73087,10
12.99116039,80.23291016,73087,73097,10
12.99098015,80.23230743,73097,73107,10
12.99090958,80.23168182,73107,73116,9
12.99090004,80.23165894,73116,73127,11
12.99087048,80.23113251,73127,73138,11
12.99081039,80.23042297,73138,73148,10
12.99079037,80.23007965,73148,73158,10
12.99073982,80.22972107,73158,73168,10
12.99055004,80.22902679,73168,73178,10
12.9903698,80.22846222,73178,73188,10
12.99018955,80.22776794,73188,73198,10
12.99013042,80.22737885,73198,73208,10
12.99013042,80.22731781,73208,73218,10
12.99005032,80.22676086,73218,73228,10
12.99005032,80.22609711,73228,73238,10
12.98983955,80.22537994,73238,73248,10
12.98956013,80.22479248,73248,73259,11
12.98945999,80.22413635,73259,73269,10
12.98935986,80.22361755,73269,73279,10
12.98892975,80.22335052,73279,73289,10
12.98843002,80.22341156,73289,73593,304
12.98843002,80.22341156,73593,73604,11
12.9882803,80.22341156,73604,73614,10
12.98851967,80.22329712,73614,73624,10
12.98908043,80.22337341,73624,73634,10
12.98941994,80.22383881,73634,73644,10
12.98945045,80.22441864,73644,73654,10
12.98964024,80.2250824,73654,73663,9
12.98999977,80.22566986,73663,73674,11
12.98999977,80.22641754,73674,73684,10
12.99009991,80.22709656,73684,73694,10
12.98995018,80.22766113,73694,73704,10
12.9897604,80.22779846,73704,73715,11
12.9894104,80.22801971,73715,73725,10
12.98888016,80.22846985,73725,73735,10
12.98859024,80.22918701,73735,73745,10
12.98834038,80.22985077,73745,73755,10
12.98808956,80.23053741,73755,73765,10
12.98777962,80.23127747,73765,73774,9
12.98754025,80.2318573,73774,73785,11
12.98740005,80.23271942,73785,73794,9
12.98738956,80.23320007,73794,73805,11
12.98647022,80.23329926,73805,73834,29
12.98647022,80.23329926,73834,73846,12
12.98620033,80.23332214,73846,73856,10
12.98606968,80.23377991,73856,73866,10
12.98612022,80.23442841,73866,73876,10
12.98639965,80.23513031,73876,73886,10
12.9864397,80.2352829,73886,73896,10
12.98651028,80.2358017,73896,73906,10
12.98653984,80.23648834,73906,73916,10
12.98655987,80.23708344,73916,73926,10
12.98657036,80.23757935,73926,73937,11
12.98659992,80.23825836,73937,73947,10
12.98651028,80.23847961,73947,74685,738
12.98651028,80.23847961,74685,74695,10
12.98663998,80.2382431,74695,74705,10
12.98663044,80.23789215,74705,74715,10
12.98661041,80.23770905,74715,74725,10
12.98659992,80.23731232,74725,74735,10
12.98659039,80.23680878,74735,74745,10
12.98657036,80.23623657,74745,74755,10
12.98649025,80.23532104,74755,74786,31
12.98649025,80.23532104,74786,74796,10
12.98639965,80.23506927,74796,74806,10
12.98620033,80.23459625,74806,74816,10
12.98612022,80.23404694,74816,74826,10
12.98608017,80.23358154,74826,74836,10
12.9864397,80.23330688,74836,74846,10
12.98659992,80.23329163,74846,74856,10
12.9868803,80.23327637,74856,74866,10
12.98731995,80.23316956,74866,74876,10
12.98740005,80.23271942,74876,74887,11
12.98750019,80.23207855,74887,74897,10
12.98771954,80.23146057,74897,74907,10
12.98799992,80.23084259,74907,74917,10
12.98820972,80.23020172,74917,74927,10
12.98830986,80.22998047,74927,74937,10
12.98845005,80.22963715,74937,74947,10
12.9887104,80.22891998,74947,74957,10
12.98900986,80.22828674,74957,74967,10
12.98962021,80.22795868,74967,74977,10
12.9900198,80.22766113,74977,74987,10
12.99013996,80.22756195,74987,74997,10
12.99011993,80.22705078,74997,75007,10
12.98999977,80.2264328,75007,75018,11
12.99007034,80.22576904,75018,75028,10
12.9897604,80.22521973,75028,75038,10
12.98956013,80.2246933,75038,75048,10
12.98948956,80.22396088,75048,75058,10
12.98923969,80.22344208,75058,75068,10
12.98867989,80.22332001,75068,75078,10
12.98834038,80.22338104,75078,75149,71
12.98834038,80.22338104,75149,75159,10
12.98845005,80.22325897,75159,75169,10
12.9887104,80.22329712,75169,75179,10
12.98915958,80.22338867,75179,75189,10
12.98943996,80.22383881,75189,75199,10
12.98948002,80.22447968,75199,75209,10
12.98972034,80.22515106,75209,75219,10
12.99007034,80.22573853,75219,75229,10
12.9900198,80.22640228,75229,75240,11
12.99013996,80.22701263,75240,75249,9
12.99018955,80.22753906,75249,75260,11
12.99024963,80.22789764,75260,75270,10
12.99042988,80.22853088,75270,75280,10
12.99061012,80.22910309,75280,75290,10
12.99077988,80.2297821,75290,75300,10
12.99083996,80.23039246,75300,75310,10
12.99088001,80.23098755,75310,75320,10
12.99094009,80.23156738,75320,75330,10
12.99098015,80.23203278,75330,75340,10
12.99104023,80.23240662,75340,75350,10
12.99123001,80.23303223,75350,75361,11
12.99155045,80.23356628,75361,75371,10
12.99178028,80.23368835,75371,75381,10
12.99190998,80.2337265,75381,75391,10
12.99232006,80.23375702,75391,75401,10
12.99293995,80.23388672,75401,75411,10
12.99345016,80.23413849,75411,75421,10
12.99388981,80.23448181,75421,75431,10
12.99398041,80.23454285,75431,75441,10
12.99417019,80.23464203,75441,75451,10
12.99464035,80.23491669,75451,75461,10
12.99522972,80.23526764,75461,75471,10
12.99575043,80.23567963,75471,75482,11
12.99596977,80.2359314,75482,75492,10
12.99600983,80.23597717,75492,75502,10
12.99627018,80.23638153,75502,75512,10
12.99658966,80.23699951,75512,75522,10
12.99695015,80.23761749,75522,75532,10
12.99732018,80.23821259,75532,75542,10
12.9978199,80.23880005,75542,75552,10
12.99835014,80.2390976,75552,75562,10
12.99870968,80.23921204,75562,75572,10
12.99913979,80.23931885,75572,75582,10
12.99975014,80.23946381,75582,75593,11
13.00055027,80.23954773,75593,75603,10
13.00125027,80.23967743,75603,75613,10
13.00193024,80.23986816,75613,75623,10
13.00253963,80.24006653,75623,75633,10
13.00325966,80.24030304,75633,75643,10
13.00370979,80.24092102,75643,75653,10
13.00403976,80.2416687,75653,75663,10
13.00452042,80.24188232,75663,75673,10
13.00522995,80.24182892,75673,75683,10
13.00592995,80.24186707,75683,75693,10
13.00572014,80.24237061,75693,75764,71
13.00572014,80.24237061,75764,75774,10
13.00562,80.24236298,75774,76077,303
13.00566006,80.24227905,76077,76258,181
13.00564957,80.24239349,76258,76440,182
13.00564957,80.24239349,76440,76450,10
13.00547028,80.24202728,76450,76460,10
13.00500965,80.2417984,76460,76470,10
13.00428009,80.24182129,76470,76480,10
13.00384045,80.24131775,76480,76490,10
13.00352001,80.24053955,76490,76500,10
13.00279999,80.24015808,76500,76510,10
13.00214005,80.23993683,76510,76520,10
13.00139046,80.23969269,76520,76530,10
13.00070953,80.23956299,76530,76541,11
12.99975014,80.23944092,76541,76551,10
12.99915981,80.23931885,76551,76561,10
12.99870014,80.23918915,76561,76571,10
12.9980402,80.23892975,76571,76581,10
12.99757957,80.23854065,76581,76591,10
12.99715042,80.23789215,76591,76601,10
12.99682999,80.23731995,76601,76611,10
12.99647999,80.23670197,76611,76621,10
12.99627972,80.23635864,76621,76631,10
12.99619961,80.23628235,76631,76641,10
12.99584007,80.23571777,76641,76652,11
12.99526024,80.23525238,76652,76662,10
12.99464989,80.23491669,76662,76672,10
12.99402046,80.23458862,76672,76682,10
12.99384022,80.23441315,76682,76692,10
12.99339962,80.23410797,76692,76702,10
12.99285984,80.2338562,76702,76712,10
12.99182034,80.23375702,76712,76731,19
12.99182034,80.23375702,76731,76742,11
12.9916296,80.23377228,76742,76752,10
12.99131012,80.23325348,76752,76762,10
12.99112034,80.23269653,76762,76773,11
12.99094963,80.23190308,76773,76783,10
12.99094009,80.23166656,76783,76793,10
12.99088955,80.23103333,76793,76803,10
12.99085045,80.2303772,76803,76813,10
12.99081993,80.23001862,76813,76823,10
12.99073982,80.22953033,76823,76833,10
12.99053001,80.22884369,76833,76843,10
12.99040031,80.22841644,76843,76853,10
12.99020004,80.22750854,76853,76863,10
12.99016953,80.2273407,76863,76873,10
12.99007988,80.22680664,76873,76883,10
12.99007988,80.22614288,76883,76894,11
12.98978996,80.22532654,76894,76904,10
12.98952961,80.224617,76904,76914,10
12.98946953,80.22386169,76914,76924,10
12.98910046,80.2233963,76924,76934,10
12.98834991,80.22337341,76934,76974,40
12.98834991,80.22337341,76974,76984,10
12.98871994,80.22332001,76984,76994,10
12.98927975,80.22348022,76994,77004,10
12.98946953,80.22392273,77004,77015,11
12.98948002,80.2244873,77015,77025,10
12.98976994,80.22521973,77025,77035,10
12.99009991,80.2257309,77035,77045,10
12.99003983,80.22662354,77045,77055,10
12.99015999,80.22741699,77055,77065,10
12.9897604,80.22783661,77065,77075,10
12.98915958,80.22815704,77075,77085,10
12.98873997,80.22889709,77085,77095,10
12.98843956,80.22962952,77095,77105,10
12.98832035,80.22998047,77105,77115,10
12.98820019,80.23027039,77115,77125,10
12.98791027,80.23101807,77125,77136,11
12.98754978,80.23194122,77136,77146,10
12.98742008,80.23271942,77146,77156,10
12.98740959,80.2332077,77156,77166,10
12.98696041,80.23327637,77166,77176,10
12.98659039,80.23329926,77176,77186,10
12.98630047,80.23330688,77186,77196,10
12.98610973,80.23381805,77196,77206,10
12.98616028,80.23448181,77206,77216,10
12.9864397,80.23522186,77216,77226,10
12.98649025,80.2352829,77226,77237,11
12.9865303,80.23590088,77237,77246,9
12.9865303,80.23655701,77246,77257,11
12.98655033,80.2372818,77257,77267,10
12.98655987,80.2379837,77267,77278,11
12.98659992,80.23860168,77278,77289,11
12.98651981,80.23845673,77289,77309,20
12.98651981,80.23845673,77309,77319,10
12.98655987,80.2383194,77319,77329,10
12.98655987,80.23770905,77329,77339,10
12.98653984,80.23696899,77339,77350,11
12.98651028,80.23625946,77350,77361,11
12.98645973,80.23542786,77361,77371,10
12.98612022,80.23461914,77371,77381,10
12.98602009,80.23390198,77381,77391,10
12.98616028,80.23336029,77391,77401,10
12.98674965,80.23332214,77401,77411,10
12.98733997,80.23313904,77411,77421,10
12.98740005,80.23246765,77421,77431,10
12.98754978,80.23181152,77431,77441,10
12.98795033,80.23085022,77441,77451,10
12.98820972,80.23008728,77451,77461,10
12.98845005,80.22946167,77461,77471,10
12.98873997,80.22872162,77471,77481,10
12.9891901,80.2281723,77481,77492,11
12.98987007,80.22776794,77492,77502,10
12.9901104,80.22737122,77502,77512,10
12.98999977,80.22676086,77512,77522,10
12.9900198,80.22611237,77522,77532,10
12.98981953,80.22547913,77532,77542,10
12.98945999,80.22463989,77542,77552,10
12.98939991,80.22395325,77552,77562,10
12.98908997,80.22344208,77562,77572,10
12.98855019,80.22335815,77572,77582,10
12.98812008,80.22371674,77582,77643,61
12.98822021,80.22386169,77643,78067,424
12.98814011,80.22371674,78067,81529,3462
12.98812008,80.22360229,81529,81822,293
12.98814964,80.22360229,81822,82588,766
12.98814964,80.22360229,82588,82599,11
12.98801994,80.22361755,82599,82679,80
12.98810005,80.22370911,82679,83567,888
12.98814011,80.22367859,83567,84132,565
12.98820972,80.22367096,84132,85604,1472
12.98816967,80.22371674,85604,85665,61
