12.98686981,80.2590332,18,5348,5330
12.98684025,80.25900269,5348,5964,616
12.98696995,80.25906372,5964,7509,1545
12.98692036,80.25906372,7509,9063,1554
12.98692036,80.25906372,9063,9073,10
12.98701,80.25898743,9073,11213,2140
12.98682022,80.25920105,11213,11354,141
12.98682022,80.25920105,11354,11364,10
12.98694992,80.25910187,11364,12000,636
12.98686981,80.25917053,12000,17948,5948
12.98686981,80.25917053,17948,17958,10
12.98717976,80.25907898,17958,18039,81
12.98717976,80.25907898,18039,18049,10
12.98740005,80.25895691,18049,18059,10
12.98742008,80.25866699,18059,18079,20
12.98742008,80.25866699,18079,18089,10
12.98738956,80.25863647,18089,18099,10
12.98740959,80.25827026,18099,18109,10
12.98746014,80.25775146,18109,18119,10
12.98750973,80.25697327,18119,18130,11
12.9875803,80.2561264,18130,18140,10
12.98768997,80.25537109,18140,18150,10
12.98773003,80.25482178,18150,18160,10
12.98779011,80.25424194,18160,18170,10
12.98785019,80.25340271,18170,18180,10
12.98791981,80.25245667,18180,18190,10
12.98781967,80.25173187,18190,18200,10
12.98768044,80.25161743,18200,18210,10
12.98731995,80.25163269,18210,18220,10
12.98668957,80.25174713,18220,18230,10
12.98589993,80.25195313,18230,18240,10
12.9849596,80.25218201,18240,18251,11
12.98381042,80.25247955,18251,18261,10
12.98270988,80.25263977,18261,18271,10
12.98155022,80.25267792,18271,18281,10
12.98052979,80.25270844,18281,18291,10
12.97998047,80.25267792,18291,18301,10
12.9799099,80.25234222,18301,18321,20
12.9799099,80.25234222,18321,18331,10
12.97996044,80.25215149,18331,18341,10
12.98007965,80.2517395,18341,18352,11
12.98029041,80.25105286,18352,18362,10
12.98050976,80.25031281,18362,18372,10
12.98068047,80.2494812,18372,18382,10
12.98075962,80.24854279,18382,18392,10
12.98083973,80.24755096,18392,18402,10
12.98093987,80.24655914,18402,18412,10
12.98106003,80.24549103,18412,18422,10
12.98118973,80.24436951,18422,18432,10
12.98124981,80.24369812,18432,18442,10
12.98136997,80.24333191,18442,18452,10
12.98136997,80.24282074,18452,18473,21
12.98136997,80.24282074,18473,18483,10
12.98138046,80.24263,18483,18493,10
12.98138046,80.2421875,18493,18503,10
12.98139,80.24150848,18503,18513,10
12.98138046,80.24072266,18513,18523,10
12.98136997,80.2400589,18523,18533,10
12.98134995,80.23937225,18533,18543,10
12.98132038,80.23867798,18543,18553,10
12.98130989,80.23809814,18553,18564,11
12.98130035,80.2379837,18564,18574,10
12.98130035,80.23782349,18574,18584,10
12.98128033,80.23738098,18584,18594,10
12.98126984,80.23664856,18594,18604,10
12.98124981,80.23574829,18604,18614,10
12.98122025,80.23478699,18614,18624,10
12.98139954,80.23390198,18624,18634,10
12.98165989,80.23332977,18634,18650,16
12.98167992,80.23329926,18650,18662,12
12.98176956,80.23313141,18662,18672,10
12.98194027,80.23269653,18672,18683,11
12.98202038,80.2321701,18683,18693,10
12.98200035,80.23165894,18693,18703,10
12.98188019,80.23104858,18703,18713,10
12.98155975,80.2304306,18713,18723,10
12.98112965,80.22973633,18723,18733,10
12.98087978,80.2293396,18733,18742,9
12.98064995,80.22899628,18742,18752,10
12.98064041,80.22898865,18752,18763,11
12.98044014,80.22869873,18763,18773,10
12.98027039,80.22831726,18773,18784,11
12.97994995,80.22775269,18784,18794,10
12.97957039,80.2270813,18794,18803,9
12.97918034,80.22647858,18803,18814,11
12.97871017,80.22567749,18814,18824,10
12.97826004,80.22492218,18824,18834,10
12.97782993,80.22431946,18834,18844,10
12.97743034,80.22367096,18844,18854,10
12.97704029,80.22302246,18854,18864,10
12.97702026,80.22271729,18864,18874,10
12.97708035,80.22270966,18874,18885,11
12.97716999,80.22270966,18885,18895,10
12.97749996,80.22264862,18895,18905,10
12.97751999,80.22225189,18905,18915,10
12.97751045,80.22174072,18915,18925,10
12.97749996,80.22136688,18925,18935,10
12.97760963,80.22125244,18935,18945,10
12.97795963,80.22122955,18945,18955,10
12.97838974,80.22119141,18955,18965,10
12.97906017,80.221138,18965,18975,10
12.97982025,80.22109985,18975,18985,10
12.98056984,80.22104645,18985,18996,11
12.98136044,80.22116852,18996,19006,10
12.98198986,80.2215271,19006,19016,10
12.98297024,80.22196198,19016,19036,20
12.98297024,80.22196198,19036,19046,10
12.98328018,80.22215271,19046,19056,10
12.98373985,80.22245026,19056,19066,10
12.9843502,80.22280884,19066,19076,10
12.98499012,80.22318268,19076,19086,10
12.98548031,80.22324371,19086,19096,10
12.98593044,80.22296906,19096,19107,11
12.98651028,80.22296143,19107,19117,10
12.98651981,80.22296143,19117,19127,10
12.98661041,80.22296143,19127,19137,10
12.98696995,80.22303009,19137,19147,10
12.98715973,80.22305298,19147,19157,10
12.98760986,80.22309113,19157,19167,10
12.98822021,80.22277832,19167,19177,10
12.98878956,80.222229,19177,19187,10
12.98933983,80.22155762,19187,19197,10
12.98987961,80.22083282,19197,19208,11
12.99042988,80.22036743,19208,19218,10
12.99046993,80.22033691,19218,19228,10
12.99073029,80.22016144,19228,19238,10
12.99118042,80.21981812,19238,19248,10
12.99180984,80.21938324,19248,19258,10
12.99250984,80.2188797,19258,19268,10
12.99333,80.21826172,19268,19278,10
12.99413967,80.21768188,19278,19288,10
12.99479961,80.21720123,19288,19298,10
12.99545956,80.21678925,19298,19308,10
12.99627972,80.21659851,19308,19319,11
12.99715996,80.21646118,19319,19329,10
12.99744987,80.21618652,19329,19359,30
12.99744987,80.21618652,19359,19369,10
12.99775982,80.21594238,19369,19379,10
12.99808979,80.21562958,19379,19389,10
12.99857998,80.21518707,19389,19399,10
12.99903965,80.21479797,19399,19409,10
12.99930954,80.21457672,19409,19420,11
12.99979973,80.21418762,19420,19430,10
13.00018024,80.21386719,19430,19440,10
13.00063992,80.21343994,19440,19449,9
13.00107956,80.21307373,19449,19460,11
13.00156021,80.21269989,19460,19470,10
13.00216961,80.21230316,19470,19480,10
13.00263977,80.21211243,19480,19490,10
13.00335979,80.21204376,19490,19500,10
13.00403976,80.21199799,19500,19520,20
13.00403976,80.21199799,19520,19531,11
13.00438023,80.21217346,19531,19541,10
13.00479984,80.21237946,19541,19551,10
13.00551033,80.21276855,19551,19561,10
13.00617981,80.21278381,19561,19571,10
13.00702,80.21273804,19571,19581,10
13.00790977,80.21308136,19581,19601,20
13.00790977,80.21308136,19601,19611,10
13.00798035,80.21315002,19611,19621,10
13.00844002,80.21334839,19621,19631,10
13.0089798,80.21398926,19631,19642,11
13.00951004,80.21473694,19642,19652,10
13.00990963,80.21524048,19652,19662,10
13.01037025,80.21581268,19662,19672,10
13.01076984,80.2166214,19672,19682,10
13.01111031,80.21749115,19682,19692,10
13.01144028,80.21832275,19692,19701,9
13.01189041,80.2195282,19701,19712,11
13.0121603,80.22039032,19712,19722,10
13.01222038,80.22059631,19722,19732,10
13.01235008,80.22116089,19732,19743,11
13.01257992,80.22186279,19743,19763,20
13.01257992,80.22186279,19763,19773,10
13.01268005,80.22206879,19773,19783,10
13.01288986,80.22238159,19783,19813,30
13.01288986,80.22238159,19813,19823,10
13.0132103,80.22264099,19823,19833,10
13.01338005,80.22277069,19833,19843,10
13.0137701,80.22318268,19843,19874,31
13.0137701,80.22318268,19874,19884,10
13.01399994,80.22344208,19884,19904,20
13.01399994,80.22344208,19904,19914,10
13.01420021,80.22373962,19914,19924,10
13.01422977,80.22383881,19924,19934,10
13.01463032,80.22425842,19934,19944,10
13.01539993,80.22492218,19944,19975,31
13.01539993,80.22492218,19975,19985,10
13.01564026,80.22509766,19985,19995,10
13.01618958,80.22528839,19995,20005,10
13.01704025,80.22511292,20005,20015,10
13.01799965,80.22473907,20015,20025,10
13.01904011,80.22438812,20025,20035,10
13.01980019,80.22457886,20035,20045,10
13.02081013,80.22528076,20045,20055,10
13.02198982,80.22609711,20055,20076,21
13.02198982,80.22609711,20076,20086,10
13.02229023,80.22634125,20086,20096,10
13.02282047,80.22686005,20096,20106,10
13.02352047,80.22750092,20106,20116,10
13.02420998,80.22823334,20116,20126,10
13.0248003,80.22904205,20126,20136,10
13.02544022,80.22989655,20136,20146,10
13.02593994,80.23081207,20146,20156,10
13.02614021,80.23135376,20156,20166,10
13.02668953,80.23121643,20166,20177,11
13.02762985,80.23100281,20177,20187,10
13.02830982,80.23088074,20187,20197,10
13.02844048,80.23088074,20197,20207,10
13.02875996,80.23085785,20207,20217,10
13.02935982,80.23079681,20217,20227,10
13.02993011,80.23075867,20227,20237,10
13.03061008,80.23069763,20237,20247,10
13.03104019,80.23065948,20247,20263,16
13.03168964,80.23062897,20263,20275,12
13.03248024,80.23055267,20275,20286,11
13.03314018,80.23052216,20286,20296,10
13.03374004,80.23047638,20296,20306,10
13.03402996,80.23046112,20306,20316,10
13.03427982,80.23043823,20316,20326,10
13.03435993,80.23040771,20326,20336,10
13.03452015,80.23036957,20336,20346,10
13.03501987,80.23020172,20346,20365,19
13.03501987,80.23020172,20365,20375,10
13.03505993,80.23036194,20375,20387,12
13.03464031,80.23036194,20387,20397,10
13.03421021,80.23040771,20397,20407,10
13.03382969,80.23040771,20407,20447,40
13.03382969,80.23040771,20447,20457,10
13.03369045,80.23040009,20457,20760,303
13.03357983,80.23042297,20760,21033,273
13.03359985,80.23036194,21033,21073,40
13.03349972,80.23043823,21073,21144,71
13.0336504,80.23040009,21144,21991,847
13.0336504,80.23040009,21991,22002,11
13.03349018,80.2303772,22002,22012,10
13.03310013,80.2304306,22012,22022,10
13.03256989,80.23049927,22022,22032,10
13.03201962,80.23056793,22032,22042,10
13.03141022,80.23062897,22042,22052,10
13.03081989,80.23069763,22052,22062,10
13.03036976,80.23072815,22062,22072,10
13.02987957,80.23079681,22072,22082,10
13.0297699,80.2308197,22082,22092,10
13.02945042,80.23085785,22092,22102,10
13.02892017,80.23091125,22102,22113,11
13.02832031,80.23095703,22113,22129,16
13.02768993,80.23116302,22129,22141,12
13.02773952,80.23174286,22141,22149,8
13.02777958,80.2321167,22149,22160,11
13.02785015,80.23264313,22160,22171,11
13.02735996,80.23290253,22171,22182,11
13.02684021,80.23300171,22182,22191,9
13.02649021,80.23296356,22191,22201,10
13.02626991,80.23248291,22201,22212,11
13.0260601,80.23168182,22212,22223,11
13.02598,80.23126221,22223,22233,10
13.02571964,80.2305603,22233,22243,10
13.02521992,80.22976685,22243,22253,10
13.02462006,80.22898865,22253,22264,11
13.0241003,80.22827911,22264,22274,10
13.02357006,80.22770691,22274,22284,10
13.02330017,80.22754669,22284,22294,10
13.02307034,80.22737122,22294,22304,10
13.02305984,80.22736359,22304,22314,10
13.02280045,80.22718811,22314,22325,11
13.02245998,80.22670746,22325,22335,10
13.02182961,80.22618103,22335,22345,10
13.02110958,80.22563171,22345,22355,10
13.02027988,80.22505951,22355,22365,10
13.01963997,80.22463226,22365,22375,10
13.01879978,80.22451019,22375,22385,10
13.01784992,80.22489929,22385,22401,16
13.01640987,80.22550201,22401,22413,12
13.01548004,80.22583008,22413,22421,8
13.01486969,80.22606659,22421,22433,12
13.0143404,80.22628021,22433,22443,10
13.0141201,80.22635651,22443,22453,10
13.01354027,80.22657776,22453,22463,10
13.0128603,80.2268219,22463,22473,10
13.01210022,80.22709656,22473,22483,10
13.01111031,80.22747803,22483,22494,11
13.0099802,80.22792053,22494,22504,10
13.00951004,80.22759247,22504,22514,10
13.00979996,80.2269516,22514,22524,10
13.01019955,80.22609711,22524,22534,10
13.01064968,80.22509766,22534,22545,11
13.01111031,80.22399902,22545,22555,10
13.01144981,80.22312927,22555,22565,10
13.01175022,80.22231293,22565,22575,10
13.01208019,80.2213974,22575,22585,10
13.01204014,80.22071838,22585,22595,10
13.01175976,80.21984863,22595,22605,10
13.01144981,80.21893311,22605,22615,10
13.01113987,80.2179718,22615,22625,10
13.01076031,80.21705627,22625,22635,10
13.01043987,80.21630859,22635,22645,10
13.01006031,80.21563721,22645,22656,11
13.00967979,80.21497345,22656,22666,10
13.00922012,80.21437073,22666,22676,10
13.00868988,80.21369934,22676,22686,10
13.00790024,80.21315002,22686,22716,30
13.00790024,80.21315002,22716,22726,10
13.00778961,80.21304321,22726,22736,10
13.00749969,80.21286011,22736,22746,10
13.00701046,80.21273804,22746,22757,11
13.00613976,80.21289063,22757,22767,10
13.00543976,80.2127533,22767,22777,10
13.00469017,80.2122879,22777,22787,10
13.00366974,80.21205139,22787,22797,10
13.00275993,80.21208191,22797,22807,10
13.00220013,80.2122879,22807,22817,10
13.00187016,80.21247864,22817,22827,10
13.00123024,80.21292877,22827,22837,10
13.00047016,80.21359253,22837,22847,10
12.99985027,80.21417236,22847,22857,10
12.99946022,80.21452332,22857,22868,11
12.99915981,80.21481323,22868,22878,10
12.99892044,80.21501923,22878,22888,10
12.9981699,80.21563721,22888,22898,10
12.99748039,80.21627045,22898,22918,20
12.99748039,80.21627045,22918,22928,10
12.99707031,80.21656036,22928,22938,10
12.99637985,80.2166214,22938,22948,10
12.99545002,80.21685028,22948,22958,10
12.99466991,80.21733856,22958,22968,10
12.99390984,80.21788788,22968,22979,11
12.99298,80.21853638,22979,22989,10
12.99211979,80.21920013,22989,22998,9
12.99135971,80.21974182,22998,23009,11
12.99088001,80.22012329,23009,23019,10
12.99079037,80.2201767,23019,23029,10
12.99040985,80.22048187,23029,23039,10
12.98980045,80.22109222,23039,23049,10
12.98931026,80.2216568,23049,23059,10
12.98847008,80.22257996,23059,23069,10
12.98787022,80.22303772,23069,23079,10
12.98771954,80.22309113,23079,23089,10
12.98742962,80.22306061,23089,23100,11
12.98676968,80.22293854,23100,23110,10
12.98596001,80.22293854,23110,23120,10
12.98542023,80.2232666,23120,23130,10
12.98468971,80.22299957,23130,23140,10
12.98388958,80.22254944,23140,23150,10
12.98330021,80.22218323,23150,23160,10
12.98324966,80.22213745,23160,23170,10
12.98313046,80.22205353,23170,23180,10
12.98266029,80.22187805,23180,23191,11
12.9821701,80.22173309,23191,23201,10
12.98200035,80.22158051,23201,23211,10
12.98143959,80.22122192,23211,23221,10
12.98071003,80.22104645,23221,23231,10
12.97988033,80.22110748,23231,23241,10
12.97887993,80.22119141,23241,23251,10
12.97791958,80.22122192,23251,23261,10
12.97706032,80.22122955,23261,23271,10
12.97624016,80.22128296,23271,23281,10
12.97636032,80.22167969,23281,23291,10
12.97638035,80.22173309,23291,23302,11
12.97638035,80.22180176,23302,23312,10
12.97653961,80.22216034,23312,23322,10
12.97700024,80.22290039,23322,23332,10
12.97751999,80.22373199,23332,23342,10
12.97803974,80.22454071,23342,23352,10
12.97840023,80.22512817,23352,23361,9
12.97861004,80.22547913,23361,23371,10
12.97902012,80.22615814,23371,23381,10
12.97953987,80.22702026,23381,23392,11
12.97980976,80.22746277,23392,23403,11
12.97994041,80.22770691,23403,23413,10
12.98029995,80.22834778,23413,23423,10
12.98069954,80.2290802,23423,23433,10
12.98095989,80.22946167,23433,23443,10
12.98139954,80.23008728,23443,23453,10
12.98167038,80.23049164,23453,23463,10
12.98169994,80.23055267,23463,23473,10
12.98184967,80.23098755,23473,23483,10
12.98198986,80.23175049,23483,23493,10
12.98194981,80.23265839,23493,23503,10
12.98167038,80.2334137,23503,23514,11
12.98161983,80.23352051,23514,23524,10
12.98147011,80.23377991,23524,23534,10
12.98122978,80.23442841,23534,23544,10
12.98122978,80.23538971,23544,23554,10
12.9812603,80.23648071,23554,23564,10
12.98128986,80.23757935,23564,23574,10
12.98132038,80.23825836,23574,23584,10
12.98132992,80.23861694,23584,23594,10
12.98134041,80.23870087,23594,23604,10
12.98134041,80.23908997,23604,23614,10
12.98134995,80.23982239,23614,23625,11
12.98134995,80.2408371,23625,23635,10
12.98136044,80.24172211,23635,23645,10
12.98138046,80.24285126,23645,23665,20
12.98138046,80.24285126,23665,23675,10
12.98138046,80.24310303,23675,23685,10
12.98136044,80.2436676,23685,23695,10
12.9812603,80.24449158,23695,23705,10
12.98114014,80.24546051,23705,23715,10
12.98103046,80.24652863,23715,23726,11
12.98091984,80.24775696,23726,23736,10
12.98083973,80.24891663,23736,23746,10
12.98066998,80.25006104,23746,23756,10
12.9803896,80.25119019,23756,23766,10
12.98013973,80.25221252,23766,23786,20
12.98013973,80.25221252,23786,23796,10
12.98011017,80.25247955,23796,23806,10
12.98050976,80.25267792,23806,23816,10
12.98132992,80.25266266,23816,23826,10
12.98231983,80.25263214,23826,23837,11
12.98355961,80.25248718,23837,23847,10
12.98468971,80.25218964,23847,23857,10
12.98573017,80.25189972,23857,23867,10
12.98672009,80.25164032,23867,23877,10
12.98771,80.25138855,23877,23937,60
12.98771,80.25138855,23937,23948,11
12.98771,80.25138092,23948,23958,10
12.9879303,80.25164032,23958,23968,10
12.98803043,80.252388,23968,23978,10
12.98793983,80.25350189,23978,23988,10
12.98783016,80.25467682,23988,23998,10
12.98771,80.25567627,23998,24069,71
12.98771,80.25567627,24069,24079,10
12.98756981,80.25601196,24079,24089,10
12.98754025,80.25668335,24089,24099,10
12.98748016,80.2575531,24099,24109,10
12.98744011,80.25836945,24109,24119,10
12.98740959,80.25855255,24119,24129,10
12.98727989,80.25856018,24129,24149,20
12.98727989,80.25856018,24149,24160,11
12.98707008,80.25855255,24160,24170,10
12.98686028,80.25885773,24170,24200,30
12.98686028,80.25885773,24200,24216,16
12.98705959,80.25862122,24216,24623,407
12.98705959,80.25862122,24623,24633,10
12.98715973,80.25849915,24633,24643,10
12.98733997,80.25849152,24643,24653,10
12.98740005,80.25826263,24653,24663,10
12.98748016,80.25782776,24663,24673,10
12.98756027,80.25713348,24673,24683,10
12.98760986,80.25628662,24683,24694,11
12.98754025,80.25578308,24694,24704,10
12.98700047,80.25567627,24704,24714,10
12.98624039,80.25553894,24714,24724,10
12.9855299,80.25537872,24724,24734,10
12.98474026,80.25517273,24734,24744,10
12.98383999,80.25495911,24744,24754,10
12.98303032,80.2547226,24754,24764,10
12.9822197,80.2543869,24764,24774,10
12.98186016,80.25357819,24774,24784,10
12.98149967,80.25280762,24784,24794,10
12.98060036,80.25276947,24794,24811,17
12.97873974,80.25261688,24811,25004,193
12.97873974,80.25261688,25004,25014,10
12.97861958,80.25260162,25014,25025,11
12.97824955,80.25237274,25025,25035,10
12.97774029,80.25190735,25035,25045,10
12.97708988,80.25145721,25045,25055,10
12.97622967,80.25119019,25055,25065,10
12.97531986,80.25093079,25065,25075,10
12.97437,80.2506485,25075,25085,10
12.97340965,80.2503891,25085,25095,10
12.97239971,80.25009918,25095,25105,10
12.97136021,80.24980164,25105,25115,10
12.97041988,80.2495575,25115,25126,11
12.96936989,80.24915314,25126,25136,10
12.96835995,80.24874115,25136,25146,10
12.96737957,80.24832916,25146,25156,10
12.96650982,80.24787903,25156,25166,10
12.96557999,80.24745941,25166,25176,10
12.96465969,80.24716187,25176,25186,10
12.96370983,80.24680328,25186,25196,10
12.96290016,80.24638367,25196,25206,10
12.9619503,80.24591827,25206,25216,10
12.96098042,80.24543762,25216,25226,10
12.95998001,80.24500275,25226,25237,11
12.95899963,80.24456024,25237,25247,10
12.95810032,80.24417877,25247,25257,10
12.95742989,80.24391937,25257,25267,10
12.95674992,80.24362946,25267,25277,10
12.95648003,80.24349976,25277,25287,10
12.95627975,80.24343109,25287,25297,10
12.95569992,80.24321747,25297,25307,10
12.95487976,80.24291992,25307,25317,10
12.95396996,80.24256134,25317,25327,10
12.9530201,80.24215698,25327,25337,10
12.95209026,80.24181366,25337,25348,11
12.95106983,80.24147034,25348,25358,10
12.95007992,80.24120331,25358,25368,10
12.94917011,80.24091339,25368,25378,10
12.94836044,80.24054718,25378,25388,10
12.94754028,80.24019623,25388,25398,10
12.94686031,80.23992157,25398,25414,16
12.94559956,80.23938751,25414,25426,12
12.94484997,80.23877716,25426,25434,8
12.94429016,80.23816681,25434,25446,12
12.94365025,80.23751068,25446,25460,14
12.94344044,80.23725891,25460,25470,10
12.94307995,80.23690033,25470,25480,10
12.94239998,80.23651886,25480,25490,10
12.94149971,80.23626709,25490,25500,10
12.94058037,80.23603821,25500,25510,10
12.94011974,80.23590088,25510,25520,10
12.93976021,80.23577118,25520,25530,10
12.93906975,80.23544312,25530,25553,23
12.93710995,80.23444366,25553,25566,13
12.93605042,80.23394012,25566,25576,10
12.9356699,80.23407745,25576,25585,9
12.93542957,80.23468781,25585,25596,11
12.93521023,80.23529053,25596,25607,11
12.93509007,80.23538971,25607,25617,10
12.93476009,80.23526001,25617,25627,10
12.93416977,80.2350235,25627,25637,10
12.93385983,80.23509979,25637,25647,10
12.9337101,80.23564911,25647,25657,10
12.93360996,80.23603821,25657,25668,11
12.93328953,80.23615265,25668,25677,9
12.93303013,80.23619843,25677,25688,11
12.93290997,80.23680878,25688,25698,10
12.93274021,80.23726654,25698,25708,10
12.93257999,80.23764801,25708,25718,10
12.93233967,80.23827362,25718,25728,10
12.93218994,80.2385788,25728,25738,10
12.93177986,80.23869324,25738,25799,61
12.93177986,80.23869324,25799,25809,10
12.93161964,80.23867035,25809,25819,10
12.93152046,80.23863983,25819,25829,10
12.9314003,80.23858643,25829,25839,10
12.93113041,80.23848724,25839,25849,10
12.93064976,80.2383194,25849,25859,10
12.93004036,80.23808289,25859,25869,10
12.92957973,80.23806763,25869,25880,11
12.92949009,80.23841095,25880,25890,10
12.9293499,80.2388916,25890,25900,10
12.92891026,80.23895264,25900,25920,20
12.92891026,80.23895264,25920,25930,10
12.92868042,80.23889923,25930,25940,10
12.92823982,80.23880005,25940,25950,10
12.92765999,80.23863983,25950,25960,10
12.92693043,80.23845673,25960,25970,10
12.92617989,80.23825836,25970,25980,10
12.92556953,80.2381134,25980,25991,11
12.92566967,80.2383194,25991,26011,20
12.92566967,80.2383194,26011,26021,10
12.92572021,80.23828888,26021,26031,10
12.92603016,80.2382431,26031,26041,10
12.9265604,80.23838806,26041,26051,10
12.92716026,80.23854065,26051,26061,10
12.92805004,80.2387619,26061,26081,20
12.92805004,80.2387619,26081,26091,10
12.92831993,80.23885345,26091,26102,11
12.92905998,80.23899841,26102,26122,20
12.92905998,80.23899841,26122,26132,10
12.92932987,80.23895264,26132,26142,10
12.92940998,80.23866272,26142,26152,10
12.92955971,80.23815155,26152,26162,10
12.92980003,80.2379837,26162,26172,10
12.93035984,80.2381897,26172,26182,10
12.93101978,80.23842621,26182,26243,61
12.93101978,80.23842621,26243,26253,10
12.93134022,80.2385788,26253,26263,10
12.93179989,80.23872375,26263,26273,10
12.93218994,80.23861694,26273,26283,10
12.93229961,80.23834229,26283,26293,10
12.93249989,80.23783112,26293,26303,10
12.93272018,80.23725891,26303,26314,11
12.93290043,80.23683929,26314,26324,10
12.93299961,80.23625183,26324,26334,10
12.93328953,80.23618317,26334,26344,10
12.93360996,80.23606873,26344,26354,10
12.93375969,80.23551178,26354,26364,10
12.93391991,80.23500061,26364,26374,10
12.93414021,80.23506927,26374,26384,10
12.93453979,80.23523712,26384,26394,10
12.93496037,80.23544312,26394,26404,10
12.93517971,80.23535919,26404,26414,10
12.93533039,80.2350235,26414,26425,11
12.93562031,80.23430634,26425,26435,10
12.93579006,80.23384857,26435,26465,30
12.93579006,80.23384857,26465,26475,10
12.93607998,80.23375702,26475,26485,10
12.93665028,80.23404694,26485,26495,10
12.93741989,80.23442841,26495,26505,10
12.93830013,80.23487854,26505,26515,10
12.93918037,80.23532104,26515,26526,11
12.9398098,80.23564911,26526,26536,10
12.9405098,80.23589325,26536,26546,10
12.94137001,80.23612213,26546,26556,10
12.9423399,80.23638153,26556,26566,10
12.94324017,80.23686218,26566,26576,10
12.94400024,80.23764038,26576,26592,16
12.94524002,80.23893738,26592,26604,12
12.94639969,80.23959351,26604,26614,10
12.94727993,80.23995972,26614,26624,10
12.94810009,80.24031067,26624,26635,11
12.9489603,80.24066162,26635,26646,11
12.94960022,80.24088287,26646,26656,10
12.95032024,80.24108887,26656,26666,10
12.95098019,80.24131775,26666,26676,10
12.95149994,80.24150848,26676,26686,10
12.9523201,80.24182129,26686,26696,10
12.95300961,80.24207306,26696,26705,9
12.95361042,80.24230957,26705,26716,11
12.95456982,80.24268341,26716,26725,9
12.95514011,80.24291229,26725,26736,11
12.9562397,80.24330902,26736,26787,51
12.9562397,80.24330902,26787,26797,10
12.95666981,80.24349213,26797,26807,10
12.95738029,80.24381256,26807,26817,10
12.95818043,80.24417114,26817,26827,10
12.95882034,80.24443054,26827,26837,10
12.95903969,80.24452209,26837,26847,10
12.95938015,80.24465179,26847,26858,11
12.96006966,80.24497986,26858,26868,10
12.96088982,80.24536133,26868,26878,10
12.96181011,80.2457962,26878,26888,10
12.96273994,80.24626923,26888,26898,10
12.96337986,80.24655914,26898,26928,30
12.96341038,80.24664307,26928,26948,20
12.96341038,80.24664307,26948,26959,11
12.96387005,80.24681854,26959,26969,10
12.96463013,80.24710846,26969,26979,10
12.96558952,80.24742889,26979,26988,9
12.96646976,80.24775696,26988,26999,11
12.96679974,80.24790955,26999,27009,10
12.96687984,80.24797058,27009,27019,10
12.96724033,80.24817657,27019,27029,10
12.96796036,80.24845886,27029,27039,10
12.96887016,80.24877167,27039,27049,10
12.96986008,80.24916077,27049,27059,10
12.97085953,80.2495575,27059,27070,11
12.97204018,80.24990082,27070,27080,10
12.97307014,80.25018311,27080,27090,10
12.97412014,80.25048065,27090,27100,10
12.9751997,80.25079346,27100,27110,10
12.97632027,80.25112152,27110,27120,10
12.97739983,80.25150299,27120,27130,10
12.9786396,80.25240326,27130,27150,20
12.9786396,80.25240326,27150,27160,10
12.97871017,80.25244141,27160,27170,10
12.97918987,80.25257874,27170,27181,11
12.97974014,80.25263214,27181,27191,10
12.9802599,80.25263977,27191,27201,10
12.98104,80.25263977,27201,27217,16
12.98260021,80.25260925,27217,27229,12
12.98388004,80.25243378,27229,27239,10
12.98474979,80.25218201,27239,27249,10
12.98583984,80.25183105,27249,27259,10
12.98657036,80.25167084,27259,27270,11
12.98746014,80.25140381,27270,27372,102
12.98746014,80.25140381,27372,27382,10
12.98779964,80.25138855,27382,27393,11
12.98801994,80.25190735,27393,27403,10
12.98799992,80.25280762,27403,27413,10
12.98789978,80.25389099,27413,27423,10
12.98779964,80.25492096,27423,27433,10
12.98773956,80.25569916,27433,27443,10
12.98824024,80.25585175,27443,27453,10
12.98894024,80.25592041,27453,27463,10
12.98970032,80.25601196,27463,27473,10
12.99034977,80.25604248,27473,27483,10
12.99088001,80.25604248,27483,27493,10
12.99151993,80.25605774,27493,27510,17
12.99297047,80.25602722,27510,27522,12
12.99431038,80.25595856,27522,27532,10
12.9951601,80.25588989,27532,27541,9
12.99615002,80.25585938,27541,27552,11
12.99650955,80.255867,27552,27562,10
12.99664021,80.25588226,27562,27572,10
12.99699974,80.25585938,27572,27582,10
12.99748993,80.255867,27582,27592,10
12.99806023,80.25591278,27592,27602,10
12.99862957,80.2559967,27602,27613,11
12.99927998,80.25610352,27613,27623,10
13.0,80.25624084,27623,27633,10
13.00080013,80.25637817,27633,27643,10
13.00162029,80.25652313,27643,27653,10
13.00242043,80.25666809,27653,27663,10
13.00323963,80.25682831,27663,27673,10
13.00415993,80.25700378,27673,27683,10
13.00512028,80.25717926,27683,27693,10
13.00607014,80.25739288,27693,27703,10
13.00685978,80.25765228,27703,27714,11
13.00734043,80.25846863,27714,27724,10
13.0086298,80.25901794,27724,27744,20
13.0086298,80.25901794,27744,27754,10
13.00883961,80.25906372,27754,27764,10
13.00957012,80.25906372,27764,27774,10
13.01049042,80.25907898,27774,27784,10
13.01156044,80.25907135,27784,27794,10
13.01278973,80.25910187,27794,27804,10
13.01406956,80.2591629,27804,27814,10
13.01535034,80.25923157,27814,27825,11
13.01650047,80.25974274,27825,27835,10
13.01733971,80.26032257,27835,27845,10
13.01815987,80.26091003,27845,27855,10
13.01893044,80.26148224,27855,27865,10
13.01951981,80.26204681,27865,27875,10
13.02021027,80.26264954,27875,27885,10
13.02017021,80.2629776,27885,27895,10
13.01957035,80.26293945,27895,27905,10
13.01908016,80.26296234,27905,27915,10
13.01906013,80.26335907,27915,27925,10
13.01912975,80.26412201,27925,27936,11
13.01891041,80.26502991,27936,27946,10
13.01875973,80.26554108,27946,27956,10
13.01865959,80.2662735,27956,27966,10
13.01885033,80.26715088,27966,27976,10
13.01935005,80.26783752,27976,27986,10
13.01998997,80.26860046,27986,27996,10
13.02062035,80.26937866,27996,28006,10
13.0211401,80.27004242,28006,28016,10
13.0218401,80.27088928,28016,28026,10
13.02254009,80.27179718,28026,28037,11
13.02318954,80.27269745,28037,28047,10
13.02381992,80.27353668,28047,28107,60
13.02381992,80.27353668,28107,28117,10
13.02398014,80.27365112,28117,28127,10
13.02420044,80.27397919,28127,28137,10
13.02460957,80.27451324,28137,28148,11
13.0254097,80.27490234,28148,28158,10
13.02612972,80.27523041,28158,28168,10
13.02668953,80.2755127,28168,28178,10
13.02737045,80.27584076,28178,28188,10
13.02797985,80.27613831,28188,28198,10
13.02863026,80.27638245,28198,28208,10
13.02933025,80.2766037,28208,28218,10
13.0300703,80.27680206,28218,28228,10
13.03075027,80.27715302,28228,28238,10
13.03127956,80.27745819,28238,28249,11
13.03211975,80.27754211,28249,28259,10
13.0328598,80.27754211,28259,28269,10
13.03347969,80.27728271,28269,28279,10
13.03361034,80.2766037,28279,28289,10
13.03374958,80.27629852,28289,28299,10
13.03394032,80.27651978,28299,28349,50
13.03396988,80.27629852,28349,28570,221
13.03407001,80.27625275,28570,28781,211
13.03394032,80.27642059,28781,28933,152
13.03402996,80.27626801,28933,29498,565
13.03394985,80.27635193,29498,29559,61
13.03392982,80.27633667,29559,29821,262
13.03392982,80.27633667,29821,29831,10
13.03415012,80.27617645,29831,29872,41
13.03409004,80.27616882,29872,30094,222
13.03409004,80.27616882,30094,30104,10
13.03392029,80.27622986,30104,30255,151
13.0340004,80.27626038,30255,30326,71
13.0340004,80.27626038,30326,30336,10
13.03376961,80.27629089,30336,30366,30
13.03376961,80.27629089,30366,30376,10
13.03361034,80.27651978,30376,30386,10
13.03349972,80.27716064,30386,30417,31
13.03349972,80.27716064,30417,30427,10
13.03345013,80.27722931,30427,30437,10
13.03312969,80.27745056,30437,30447,10
13.03248024,80.27748108,30447,30457,10
13.03170967,80.27757263,30457,30467,10
13.0310297,80.27735901,30467,30477,10
13.0309,80.27728271,30477,30487,10
13.03057957,80.27706909,30487,30497,10
13.03003025,80.27683258,30497,30507,10
13.02972031,80.2767334,30507,30517,10
13.02908993,80.27655029,30517,30527,10
13.02838993,80.27628326,30527,30538,11
13.02748966,80.27587891,30538,30548,10
13.02600956,80.2752533,30548,30579,31
13.02600956,80.2752533,30579,30589,10
13.02577019,80.27516174,30589,30599,10
13.02530956,80.27497864,30599,30609,10
13.02458,80.27461243,30609,30620,11
13.02412987,80.27411652,30620,30629,9
13.02398014,80.27390289,30629,30641,12
13.02350044,80.27324677,30641,30651,10
13.02297974,80.27253723,30651,30661,10
13.02237988,80.27175903,30661,30671,10
13.02182007,80.27101898,30671,30681,10
13.0212698,80.27031708,30681,30691,10
13.02091026,80.26992035,30691,30701,10
13.02081966,80.26982117,30701,30711,10
13.02054977,80.2694397,30711,30721,10
13.02007961,80.26885986,30721,30731,10
13.01955986,80.26821899,30731,30741,10
13.01904011,80.26757813,30741,30752,11
13.0187397,80.26685333,30752,30762,10
13.01865959,80.26602173,30762,30772,10
13.01879978,80.26531982,30772,30782,10
13.01904011,80.26447296,30782,30792,10
13.01902962,80.26364136,30792,30802,10
13.01896,80.26319885,30802,30811,9
13.01893044,80.2629776,30811,30822,11
13.01889992,80.26264954,30822,30831,9
13.0188303,80.2620697,30831,30842,11
13.01875019,80.26158905,30842,30852,10
13.01856995,80.26126862,30852,30863,11
13.01817036,80.26100159,30863,30873,10
13.01766014,80.26065063,30873,30883,10
13.01698017,80.26017761,30883,30893,10
13.0160799,80.25968933,30893,30913,20
13.0160799,80.25968933,30913,30923,10
13.01583958,80.25962067,30923,30933,10
13.01525974,80.2594223,30933,30943,10
13.01451015,80.25933075,30943,30953,10
13.01364994,80.25930023,30953,30964,11
13.01257992,80.25926208,30964,30974,10
13.01173973,80.25921631,30974,30984,10
13.01082039,80.25920105,30984,30994,10
13.00994015,80.25921631,30994,31004,10
13.00940037,80.25921631,31004,31014,10
13.00914955,80.2592392,31014,31024,10
13.00889969,80.25923157,31024,31034,10
13.00860023,80.25921631,31034,31044,10
13.00806046,80.2592392,31044,31054,10
13.00755978,80.25939178,31054,31064,10
13.0072298,80.25891876,31064,31075,11
13.00710964,80.25859833,31075,31085,10
13.00697994,80.25834656,31085,31095,10
13.00671959,80.25795746,31095,31105,10
13.00617027,80.25756073,31105,31115,10
13.00539017,80.25736237,31115,31125,10
13.00456047,80.25711823,31125,31135,10
13.00364971,80.25688934,31135,31145,10
13.00279999,80.25675201,31145,31155,10
13.00203991,80.25662231,31155,31165,10
13.00160027,80.25656891,31165,31216,51
13.00160027,80.25656891,31216,31226,10
13.00131989,80.25650024,31226,31236,10
13.00084972,80.25644684,31236,31246,10
13.00020027,80.25637054,31246,31256,10
12.99952984,80.25624847,31256,31266,10
12.99888039,80.25611115,31266,31276,10
12.99855995,80.25608826,31276,31286,10
12.9985199,80.25604248,31286,31297,11
12.99812984,80.25598907,31297,31307,10
12.99771976,80.25592804,31307,31317,10
12.99742031,80.25595856,31317,31337,20
12.99742031,80.25595856,31337,31353,16
12.9971199,80.25595093,31353,31365,12
12.99682045,80.25592041,31365,31373,8
12.99645042,80.25588989,31373,31385,12
12.99569988,80.25588226,31385,31396,11
12.99505997,80.25588989,31396,31407,11
12.99431038,80.25598145,31407,31417,10
12.9935503,80.25604248,31417,31427,10
12.99248028,80.25614929,31427,31437,10
12.99153042,80.25608063,31437,31447,10
12.99081039,80.25604248,31447,31456,9
12.99015999,80.25601196,31456,31467,11
12.98937035,80.25598145,31467,31476,9
12.9887104,80.25592804,31476,31487,11
12.9886198,80.25592804,31487,31496,9
12.98838997,80.25591278,31496,31508,12
12.98818016,80.25588989,31508,31538,30
12.98818016,80.25588989,31538,31548,10
12.98783016,80.25583649,31548,31558,10
12.98758984,80.2562027,31558,31567,9
12.98752975,80.25684357,31567,31577,10
12.98746967,80.25772095,31577,31587,10
12.98742008,80.25855255,31587,31598,11
12.98727036,80.25945282,31598,31639,41
12.98727036,80.25945282,31639,31649,10
12.98731041,80.25956726,31649,31659,10
12.98715973,80.25964355,31659,31669,10
12.98707962,80.25959778,31669,31679,10
12.98692036,80.25955963,31679,31689,10
12.98663998,80.25945282,31689,31699,10
12.98668957,80.25906372,31699,31709,10
12.98680019,80.25879669,31709,31719,10
12.98690987,80.25862122,31719,31730,11
12.98703957,80.258461,31730,32053,323
12.98703957,80.258461,32053,32063,10
12.9867897,80.25863647,32063,32254,191
12.9867897,80.25863647,32254,32264,10
12.98672009,80.25874329,32264,32275,11
12.98672009,80.25904083,32275,32285,10
12.98670959,80.25906372,32285,32295,10
12.98663998,80.25914001,32295,32305,10
12.98663998,80.2591629,32305,32315,10
12.98661041,80.25920868,32315,32325,10
12.9867897,80.2594986,32325,32345,20
12.9867897,80.2594986,32345,32355,10
12.98703003,80.25932312,32355,33092,737
12.98703003,80.25932312,33092,33102,10
12.98725986,80.25906372,33102,33112,10
12.98729038,80.25904083,33112,33122,10
12.98736,80.25888824,33122,33132,10
12.98738003,80.25885773,33132,33142,10
12.98740959,80.25856018,33142,33153,11
12.98744965,80.25808716,33153,33163,10
12.9874897,80.25746155,33163,33173,10
12.98754025,80.25673676,33173,33183,10
12.98756027,80.25588226,33183,33243,60
12.98756027,80.25588226,33243,33254,11
12.98768044,80.25538635,33254,33264,10
12.98770046,80.25486755,33264,33274,10
12.98773003,80.25473022,33274,33284,10
12.98779964,80.25411987,33284,33294,10
12.98785019,80.25325775,33294,33304,10
12.98791027,80.25228119,33304,33314,10
12.98777008,80.25170135,33314,33334,20
12.98777008,80.25170135,33334,33344,10
12.98768044,80.25158691,33344,33354,10
12.98738956,80.2516098,33354,33365,11
12.98692036,80.25167847,33365,33375,10
12.98631001,80.25183105,33375,33385,10
12.98558998,80.25202942,33385,33395,10
12.98466015,80.25231934,33395,33415,20
12.98466015,80.25231934,33415,33425,10
12.98453999,80.25231934,33425,33435,10
12.98398972,80.25244141,33435,33445,10
12.98316002,80.25261688,33445,33461,16
12.98145962,80.25270081,33461,33473,12
12.9804697,80.25274658,33473,33483,10
12.98009968,80.25274658,33483,33494,11
12.97994041,80.2526474,33494,33504,10
12.97992039,80.25228882,33504,33514,10
12.97992039,80.2522583,33514,33524,10
12.97996044,80.2521286,33524,33534,10
12.98007965,80.25167084,33534,33544,10
12.98031044,80.25086975,33544,33554,10
12.9805603,80.24994659,33554,33564,10
12.98069954,80.2490387,33564,33574,10
12.98077965,80.24794006,33574,33584,10
12.98085976,80.24694061,33584,33595,11
12.98097992,80.24571991,33595,33605,10
12.98110962,80.24459076,33605,33614,9
12.9811697,80.24389648,33614,33625,11
12.98124981,80.24365234,33625,33635,10
12.98132992,80.24333954,33635,33645,10
12.98132992,80.24282837,33645,33665,20
12.98132992,80.24282837,33665,33675,10
12.98138046,80.24260712,33675,33685,10
12.98136997,80.24210358,33685,33696,11
12.98136044,80.24125671,33696,33705,9
12.98134041,80.24050903,33705,33716,11
12.98132038,80.23972321,33716,33726,10
12.98130035,80.23919678,33726,33736,10
12.98128033,80.23861694,33736,33746,10
12.98128033,80.23835754,33746,33756,10
12.98126984,80.23792267,33756,33776,20
12.98126984,80.23792267,33776,33786,10
12.98126984,80.23782349,33786,33796,10
12.9812603,80.23745728,33796,33807,11
12.98124981,80.23679352,33807,33817,10
12.98122025,80.23593903,33817,33827,10
12.98118973,80.2350235,33827,33843,16
12.98163986,80.23332977,33843,33865,22
12.98163986,80.23332977,33865,33875,10
12.98169041,80.2332077,33875,33885,10
12.98184967,80.23290253,33885,33895,10
12.98200035,80.23236084,33895,33905,10
12.98198986,80.23178101,33905,33916,11
12.98188972,80.23117065,33916,33926,10
12.98163986,80.23055267,33926,33936,10
12.98118973,80.2298584,33936,33946,10
12.98095036,80.22944641,33946,33956,10
12.98085976,80.22930908,33956,33966,10
12.98075008,80.22914124,33966,33976,10
12.98066998,80.22901917,33976,33986,10
12.98066044,80.2289505,33986,33996,10
12.98044968,80.22859192,33996,34006,10
12.98021984,80.2281189,34006,34017,11
12.97976971,80.22741699,34017,34027,10
12.97928047,80.22662354,34027,34037,10
12.97877979,80.22575378,34037,34047,10
12.97832966,80.22502899,34047,34057,10
12.97799969,80.22454834,34057,34067,10
12.97778988,80.22429657,34067,34077,10
12.97751999,80.22377014,34077,34087,10
12.97751999,80.22377014,34087,34097,10
12.97714043,80.22319031,34097,34107,10
12.97696018,80.22283936,34107,34117,10
12.97717953,80.22271729,34117,34138,21
12.97717953,80.22271729,34138,34149,11
12.97735977,80.22270966,34149,34160,11
12.97751999,80.22239685,34160,34170,10
12.97747993,80.22180176,34170,34180,10
12.97743988,80.22136688,34180,34190,10
12.97727966,80.22132111,34190,34200,10
12.97700977,80.22129822,34200,34210,10
12.97653961,80.22126007,34210,34220,10
12.97651958,80.2212677,34220,34231,11
12.97616005,80.22129822,34231,34243,12
12.97634029,80.22187042,34243,34303,60
12.97630024,80.22206879,34303,34333,30
12.97630024,80.22206879,34333,34344,11
12.97644997,80.22216034,34344,34355,11
12.97671986,80.22251892,34355,34364,9
12.97700977,80.22290802,34364,34375,11
12.97731018,80.22348022,34375,34385,10
12.97768021,80.22405243,34385,34395,10
12.97803974,80.22457886,34395,34405,10
12.97838974,80.22512054,34405,34415,10
12.97871017,80.2256012,34415,34486,71
12.97871017,80.2256012,34486,34496,10
12.97881985,80.22570038,34496,34506,10
12.97896004,80.22595978,34506,34516,10
12.97920036,80.22640228,34516,34526,10
12.97951984,80.22698212,34526,34536,10
12.9799099,80.22763062,34536,34546,10
12.98031998,80.22831726,34546,34555,9
12.98071003,80.22899628,34555,34567,12
12.98122025,80.22978973,34567,34577,10
12.98161983,80.2303772,34577,34587,10
12.98165989,80.23043823,34587,34597,10
12.98173046,80.23059082,34597,34607,10
12.98188019,80.23104858,34607,34617,10
12.98198986,80.23175812,34617,34627,10
12.98198032,80.23251343,34627,34637,10
12.98182011,80.23312378,34637,34647,10
12.98169994,80.2334137,34647,34657,10
12.98167992,80.23345947,34657,34668,11
12.98157978,80.2336731,34668,34678,10
12.98136997,80.23410034,34678,34688,10
12.98126984,80.23484039,34688,34698,10
12.98128033,80.23574829,34698,34708,10
12.98130035,80.23638153,34708,34718,10
12.98130989,80.23686981,34718,34728,10
12.98130989,80.23748779,34728,34738,10
12.98132992,80.23815155,34738,34748,10
12.98134995,80.23863983,34748,34758,10
12.98136044,80.23869324,34758,34768,10
12.98136044,80.23908997,34768,34779,11
12.98136044,80.23937225,34779,34789,10
12.98136997,80.2395401,34789,34799,10
12.98138046,80.23995972,34799,34809,10
12.98136997,80.24057007,34809,34819,10
12.98138046,80.24136353,34819,34829,10
12.98138046,80.24185944,34829,34839,10
12.98139954,80.24204254,34839,34849,10
12.98141003,80.24234009,34849,34859,10
12.98141956,80.24269867,34859,34869,10
12.98141956,80.2427063,34869,34879,10
12.98143959,80.2428894,34879,34890,11
12.98141956,80.24342346,34890,34900,10
12.98130035,80.24423218,34900,34910,10
12.98118019,80.24514771,34910,34920,10
12.98104,80.24606323,34920,34930,10
12.98093987,80.24700928,34930,34940,10
12.98085976,80.24801636,34940,34950,10
12.98077965,80.24904633,34950,34960,10
12.98062038,80.25009918,34960,34970,10
12.98038006,80.251091,34970,34980,10
12.98015976,80.25205231,34980,35001,21
12.98015976,80.25205231,35001,35011,10
12.98015022,80.25216675,35011,35021,10
12.98013973,80.25235748,35021,35031,10
12.98040009,80.25261688,35031,35041,10
12.98112011,80.25263214,35041,35051,10
12.98209,80.25260162,35051,35061,10
12.98320007,80.25254059,35061,35071,10
12.98431969,80.25228119,35071,35081,10
12.98540974,80.25196838,35081,35091,10
12.98626041,80.25176239,35091,35100,9
12.98729992,80.25145721,35100,35152,52
12.98729992,80.25145721,35152,35162,10
12.98738003,80.25141144,35162,35172,10
12.98756027,80.25137329,35172,35182,10
12.98783016,80.25140381,35182,35192,10
12.98801041,80.25189972,35192,35202,10
12.98806,80.25241852,35202,35213,11
12.98801994,80.25270844,35213,35223,10
12.98795986,80.25335693,35223,35233,10
12.98787975,80.25422668,35233,35243,10
12.98777008,80.25520325,35243,35384,141
12.98777008,80.25520325,35384,35394,10
12.98771,80.25537872,35394,35404,10
12.98766041,80.25582123,35404,35414,10
12.98762035,80.25639343,35414,35424,10
12.98760033,80.25691223,35424,35435,11
12.98756027,80.25763702,35435,35445,10
12.98750973,80.25827789,35445,35455,10
12.98740959,80.25885773,35455,35465,10
12.98729992,80.25939178,35465,35495,30
12.98729992,80.25939178,35495,35505,10
12.98717976,80.25959778,35505,35515,10
12.98700047,80.25961304,35515,35525,10
12.98668003,80.25935364,35525,37423,1898
12.98668003,80.25935364,37423,37433,10
12.98688984,80.2590332,37433,37493,60
12.9872303,80.25914764,37493,37574,81
12.9872303,80.25914764,37574,37584,10
12.98738003,80.25888824,37584,37604,20
12.98738003,80.25888824,37604,37614,10
12.98738956,80.25874329,37614,37625,11
12.98740959,80.25839996,37625,37635,10
12.98744011,80.25818634,37635,37645,10
12.98746967,80.25784302,37645,37655,10
12.98752022,80.2572937,37655,37665,10
12.9875803,80.2567215,37665,37675,10
12.98756027,80.25589752,37675,37736,61
12.98756027,80.25589752,37736,37746,10
12.98764992,80.25546265,37746,37756,10
12.98770046,80.25489807,37756,37766,10
12.98771,80.25486755,37766,37776,10
12.98771954,80.25466156,37776,37786,10
12.98779011,80.25401306,37786,37796,10
12.98785973,80.25314331,37796,37806,10
12.98791027,80.25224304,37806,37816,10
12.98775959,80.25167084,37816,37826,10
12.98768044,80.25161743,37826,37837,11
12.98731995,80.25161743,37837,37847,10
12.98682976,80.25171661,37847,37857,10
12.98633957,80.25180817,37857,37867,10
12.98558044,80.25199127,37867,37877,10
12.98466015,80.25224304,37877,37887,10
12.98365974,80.25251007,37887,37897,10
12.98262978,80.25266266,37897,37907,10
12.98149967,80.25270081,37907,37917,10
12.98054028,80.25273132,37917,37927,10
12.98011971,80.25276947,37927,37937,10
12.97999001,80.25276947,37937,37948,11
12.97988033,80.25273895,37948,37978,30
12.97988033,80.25273895,37978,37988,10
12.97982979,80.25260162,37988,37998,10
12.97988033,80.25221252,37998,38018,20
12.97988033,80.25221252,38018,38028,10
12.97996044,80.25199127,38028,38038,10
12.98015022,80.2514267,38038,38048,10
12.98040962,80.25060272,38048,38059,11
12.98066998,80.2494812,38059,38069,10
12.98077011,80.2483902,38069,38079,10
12.98085022,80.2472229,38079,38089,10
12.98097038,80.24600983,38089,38099,10
12.98110962,80.24481964,38099,38109,10
12.98118019,80.24403381,38109,38119,10
12.98120975,80.24373627,38119,38129,10
12.98132992,80.24344635,38129,38139,10
12.98130989,80.24320221,38139,38149,10
12.98130989,80.24282074,38149,38170,21
12.98130989,80.24282074,38170,38180,10
12.98132038,80.24256134,38180,38190,10
12.98130989,80.24194336,38190,38200,10
12.98130989,80.2410965,38200,38210,10
12.98132038,80.240242,38210,38220,10
12.98130035,80.23969269,38220,38230,10
12.98128033,80.23914337,38230,38240,10
12.98122978,80.23793793,38240,38260,20
12.98122978,80.23793793,38260,38270,10
12.98124027,80.23771667,38270,38281,11
12.98122025,80.23706055,38281,38291,10
12.98120975,80.23622894,38291,38301,10
12.9811697,80.23547363,38301,38311,10
12.98114967,80.23477936,38311,38321,10
12.98128033,80.23394012,38321,38331,10
12.98155975,80.23339081,38331,38351,20
12.98155975,80.23339081,38351,38361,10
12.98171997,80.23306274,38361,38371,10
12.98192024,80.23252106,38371,38382,11
12.9819603,80.23191071,38382,38392,10
12.98188019,80.23129272,38392,38402,10
12.98163986,80.23069,38402,38412,10
12.98126984,80.23008728,38412,38422,10
12.98104,80.22968292,38422,38432,10
12.98089981,80.22946167,38432,38442,10
12.98085976,80.22940063,38442,38452,10
12.98073006,80.2292099,38452,38462,10
12.98060036,80.22898102,38462,38472,10
12.98058033,80.22897339,38472,38482,10
12.98048019,80.22881317,38482,38493,11
12.98027992,80.22839355,38493,38503,10
12.98009014,80.22801971,38503,38513,10
12.97974014,80.22741699,38513,38523,10
12.97937012,80.22679901,38523,38533,10
12.97900009,80.22619629,38533,38543,10
12.97859955,80.22551727,38543,38553,10
12.97824955,80.22496033,38553,38563,10
12.97809029,80.2246933,38563,38573,10
12.97789955,80.22450256,38573,38583,10
12.97776985,80.22431183,38583,38593,10
12.97768021,80.22412872,38593,38604,11
12.97737026,80.22364044,38604,38614,10
12.97694016,80.22284698,38614,38634,20
12.97716045,80.22270203,38634,38654,20
12.97716045,80.22270203,38654,38664,10
12.97747993,80.22261047,38664,38674,10
12.97751045,80.22207642,38674,38684,10
12.97747993,80.22145844,38684,38694,10
12.97741985,80.2212677,38694,38704,10
12.97681046,80.22126007,38704,38755,51
12.97681046,80.22126007,38755,38765,10
12.97653961,80.22122192,38765,38846,81
12.9763298,80.22115326,38846,39320,474
12.9763298,80.22115326,39320,39330,10
12.97609043,80.22126007,39330,39340,10
12.97622013,80.22164154,39340,39391,51
12.97636032,80.22181702,39391,39472,81
12.97636032,80.22181702,39472,39482,10
12.97653008,80.22218323,39482,39492,10
12.97684002,80.22264862,39492,39502,10
12.97717953,80.22319794,39502,39512,10
12.9776001,80.22386169,39512,39522,10
12.97801971,80.2244873,39522,39532,10
12.97840977,80.22518158,39532,39542,10
12.97883987,80.22589111,39542,39552,10
12.97926998,80.22662354,39552,39562,10
12.97964954,80.22727966,39562,39572,10
12.98007965,80.22795868,39572,39583,11
12.98052025,80.22872162,39583,39593,10
12.98089981,80.22936249,39593,39603,10
12.98130989,80.22994995,39603,39613,10
12.98167992,80.23046875,39613,39623,10
12.98171997,80.23059082,39623,39633,10
12.98188019,80.23101807,39633,39643,10
12.98204041,80.23178101,39643,39653,10
12.98200035,80.23243713,39653,39663,10
12.98176956,80.23313141,39663,39673,10
12.98157024,80.23352051,39673,39683,10
12.98149967,80.23361969,39683,39694,11
12.98122978,80.23422241,39694,39704,10
12.98118019,80.23500824,39704,39714,10
12.98120975,80.23596954,39714,39724,10
12.98124027,80.23684692,39724,39734,10
12.9812603,80.23770905,39734,39744,10
12.98130035,80.23840332,39744,39754,10
12.98130989,80.23867035,39754,39764,10
12.98130035,80.23902893,39764,39774,10
12.98130989,80.23925018,39774,39784,10
12.98132038,80.23972321,39784,39794,10
12.98134995,80.24041748,39794,39805,11
12.98136997,80.24120331,39805,39815,10
12.98136997,80.24160767,39815,39825,10
12.98136997,80.24211884,39825,39835,10
12.98139,80.24259186,39835,39845,10
12.98139,80.24278259,39845,39855,10
12.98138046,80.24291992,39855,39871,16
12.98134041,80.24378204,39871,39883,12
12.98118019,80.24485016,39883,39891,8
12.98106956,80.24569702,39891,39903,12
12.98093033,80.24703979,39903,39914,11
12.98083019,80.24828339,39914,39924,10
12.98075008,80.24942017,39924,39934,10
12.98052025,80.25054169,39934,39944,10
12.9802599,80.25151825,39944,39954,10
12.98011971,80.25215149,39954,39963,9
12.98009014,80.25224304,39963,39974,11
12.98017025,80.25256348,39974,39984,10
12.98075008,80.25263977,39984,39993,9
12.98157978,80.25260162,39993,40003,10
12.98266983,80.25256348,40003,40015,12
12.98400021,80.25231934,40015,40025,10
12.98509979,80.25200653,40025,40035,10
12.98600006,80.25177002,40035,40045,10
12.98655987,80.25164032,40045,40055,10
12.98725986,80.25144196,40055,40126,71
12.98725986,80.25144196,40126,40136,10
12.98729992,80.25141144,40136,40146,10
12.98766041,80.25132751,40146,40156,10
12.98795986,80.25161743,40156,40166,10
12.98803997,80.25218201,40166,40176,10
12.9879303,80.25311279,40176,40186,10
12.98781967,80.2542572,40186,40237,51
12.98781967,80.2542572,40237,40247,10
12.9878397,80.25437927,40247,40257,10
12.98781013,80.25463867,40257,40267,10
12.98777008,80.25485229,40267,40368,101
12.98777008,80.25485229,40368,40378,10
12.98779964,80.25514221,40378,40388,10
12.98771954,80.25559998,40388,40398,10
12.98762035,80.25608826,40398,40408,10
12.98756981,80.25653076,40408,40418,10
12.98752022,80.25691986,40418,40428,10
12.98746967,80.25740051,40428,40438,10
12.98742008,80.25810242,40438,40448,10
12.98738003,80.25859833,40448,40459,11
12.98736,80.25891876,40459,40469,10
12.98733044,80.2591629,40469,40479,10
12.98731041,80.25935364,40479,40499,20
12.98731041,80.25935364,40499,40509,10
12.98709011,80.25959015,40509,40519,10
12.98696041,80.25935364,40519,40580,61
12.98692036,80.25939941,40580,40630,50
12.98690987,80.25930023,40630,40953,323
12.98690987,80.25930023,40953,40963,10
12.98698044,80.25914764,40963,41044,81
12.98698044,80.25914764,41044,41054,10
12.98736,80.25895691,41054,41064,10
12.98736954,80.2589035,41064,41074,10
12.98738003,80.25869751,41074,41084,10
12.98744011,80.25824738,41084,41094,10
12.98744011,80.25810242,41094,41105,11
12.98744965,80.25797272,41105,41115,10
12.98744965,80.25772858,41115,41125,10
12.98748016,80.25736237,41125,41135,10
12.98750019,80.25701141,41135,41145,10
12.98754025,80.25595093,41145,41165,20
12.98754025,80.25595093,41165,41175,10
12.98754978,80.25578308,41175,41185,10
12.98766041,80.25525665,41185,41195,10
12.98770046,80.25479889,41195,41205,10
12.98775959,80.25415802,41205,41215,10
12.98783016,80.25328827,41215,41232,17
12.98787975,80.25206757,41232,41254,22
12.98781013,80.25192261,41254,41324,70
12.98781013,80.25192261,41324,41335,11
12.98783016,80.25182343,41335,41345,10
12.98756027,80.25164032,41345,41355,10
12.98678017,80.25173187,41355,41365,10
12.98581028,80.25196838,41365,41375,10
12.98458004,80.25227356,41375,41385,10
12.98324966,80.25258636,41385,41395,10
12.98186016,80.25267792,41395,41405,10
12.98060989,80.25269318,41405,41414,9
12.97984028,80.25260162,41414,41425,11
12.97982979,80.25250244,41425,41435,10
12.97986031,80.25238037,41435,41446,11
12.98003006,80.25180054,41446,41456,10
12.98031044,80.25095367,41456,41466,10
12.9805603,80.2498703,41466,41476,10
12.98071957,80.24867249,41476,41486,10
12.98083019,80.24752808,41486,41495,9
12.98093987,80.24642181,41495,41506,11
12.98112011,80.24494171,41506,41516,10
12.98118019,80.2440033,41516,41526,10
12.98128033,80.24362946,41526,41536,10
12.98134995,80.24295807,41536,41557,21
12.98134995,80.24295807,41557,41567,10
12.98139,80.24260712,41567,41577,10
12.98136997,80.24189758,41577,41587,10
12.98136044,80.24095917,41587,41597,10
12.98134995,80.24019623,41597,41607,10
12.98132992,80.23970032,41607,41617,10
12.98130989,80.23921967,41617,41627,10
12.98130035,80.23867035,41627,41637,10
12.98128033,80.23806,41637,41658,21
12.98128033,80.23806,41658,41668,10
12.9812603,80.23770905,41668,41678,10
12.98124981,80.23708344,41678,41688,10
12.98122978,80.23628235,41688,41698,10
12.98120022,80.23539734,41698,41708,10
12.98118973,80.23452759,41708,41718,10
12.98139954,80.23384094,41718,41728,10
12.98163033,80.2334137,41728,41738,10
12.98165989,80.23335266,41738,41748,10
12.98173046,80.23316956,41748,41758,10
12.98192024,80.23269653,41758,41769,11
12.98200035,80.23217773,41769,41779,10
12.98196983,80.23164368,41779,41789,10
12.98182964,80.23107147,41789,41799,10
12.98155022,80.23046112,41799,41809,10
12.98110008,80.2297821,41809,41819,10
12.98083019,80.22931671,41819,41829,10
12.98064041,80.22910309,41829,41839,10
12.98062038,80.22904968,41839,41849,10
12.98042011,80.22875214,41849,41859,10
12.9802103,80.22830963,41859,41869,10
12.97992039,80.22779083,41869,41880,11
12.97957039,80.22718811,41880,41890,10
12.9792099,80.22660828,41890,41900,10
12.97881985,80.22598267,41900,41910,10
12.97844028,80.2253418,41910,41920,10
12.97809982,80.22476959,41920,41930,10
12.97786045,80.22450256,41930,41940,10
12.97780037,80.22440338,41940,41950,10
12.97766018,80.22413635,41950,41960,10
12.97737026,80.22360992,41960,41970,10
12.97700024,80.22299957,41970,41980,10
12.97719002,80.22270203,41980,42001,21
12.97719002,80.22270203,42001,42011,10
12.97731972,80.22267914,42011,42021,10
12.97754002,80.22254944,42021,42031,10
12.97749043,80.22216034,42031,42041,10
12.97745991,80.22164917,42041,42051,10
12.9774704,80.22131348,42051,42061,10
12.97756004,80.22122955,42061,42071,10
12.97793007,80.22119904,42071,42081,10
12.97856998,80.221138,42081,42091,10
12.9789896,80.22109222,42091,42102,11
12.97945023,80.22106934,42102,42112,10
12.98009968,80.22104645,42112,42122,10
12.98079967,80.22100067,42122,42132,10
12.98145962,80.22119904,42132,42142,10
12.98173046,80.22135162,42142,42152,10
12.98192024,80.22149658,42152,42162,10
12.98229027,80.2216568,42162,42172,10
12.98252964,80.22174072,42172,42188,16
12.98297024,80.22190857,42188,42201,13
12.98318005,80.22203827,42201,42211,10
12.98344994,80.22222137,42211,42221,10
12.98361969,80.22234344,42221,42231,10
12.98410034,80.2226181,42231,42240,9
12.98451042,80.2228775,42240,42251,11
12.98521996,80.22318268,42251,42261,10
12.98569012,80.22296143,42261,42271,10
12.98647976,80.22290802,42271,42281,10
12.98655033,80.22293091,42281,42291,10
12.98668003,80.22296143,42291,42301,10
12.98727989,80.22303772,42301,42311,10
12.98810005,80.22280884,42311,42322,11
12.98882961,80.22212219,42322,42332,10
12.98925018,80.22162628,42332,42342,10
12.98964024,80.221138,42342,42352,10
12.99015999,80.22057343,42352,42362,10
12.99050999,80.22029877,42362,42372,10
12.99051952,80.22029877,42372,42382,10
12.99065971,80.22020721,42382,42392,10
12.99108028,80.21987152,42392,42402,10
12.99149036,80.21954346,42402,42412,10
12.99192047,80.21926117,42412,42423,11
12.99256992,80.21878052,42423,42433,10
12.99312973,80.2183609,42433,42443,10
12.99339962,80.2181778,42443,42483,40
12.99339962,80.2181778,42483,42493,10
12.99376011,80.21797943,42493,42503,10
12.99392033,80.21785736,42503,42513,10
12.99415016,80.21769714,42513,42523,10
12.99437046,80.21753693,42523,42534,11
12.9946003,80.21736908,42534,42544,10
12.99487972,80.21716309,42544,42554,10
12.99501991,80.21707153,42554,42564,10
12.99545956,80.21679688,42564,42574,10
12.99621964,80.21656036,42574,42584,10
12.99697971,80.21645355,42584,42594,10
12.99750042,80.21613312,42594,42614,20
12.99750042,80.21613312,42614,42624,10
12.99785042,80.2158432,42624,42634,10
12.99833012,80.2154007,42634,42645,11
12.99890995,80.21492767,42645,42655,10
12.99923992,80.21463776,42655,42665,10
12.99969959,80.21425629,42665,42675,10
13.00018024,80.21382904,42675,42691,16
13.00109005,80.21305084,42691,42703,12
13.00185966,80.21246338,42703,42713,10
13.00236988,80.21218109,42713,42723,10
13.00271988,80.21209717,42723,42733,10
13.00327015,80.21195984,42733,42743,10
13.00384045,80.21193695,42743,42754,11
13.00456047,80.21219635,42754,42764,10
13.00508022,80.21246338,42764,42774,10
13.00576019,80.21282196,42774,42784,10
13.00662041,80.21263885,42784,42794,10
13.00736046,80.21273804,42794,42804,10
13.00788021,80.21302795,42804,42824,20
13.00788021,80.21302795,42824,42835,11
13.00794983,80.2131424,42835,42844,9
13.00835037,80.21331024,42844,42855,11
13.00893974,80.21395111,42855,42866,11
13.00951004,80.21479797,42866,42876,10
13.0098896,80.215271,42876,42886,10
13.01021957,80.21585846,42886,42896,10
13.01070023,80.21661377,42896,42906,10
13.01107979,80.21746063,42906,42916,10
13.01144981,80.21845245,42916,42926,10
13.01179981,80.21936798,42926,42936,10
13.01200962,80.22001648,42936,42946,10
13.01214981,80.22035217,42946,42956,10
13.01222992,80.22064209,42956,42966,10
13.01245022,80.22126007,42966,42977,11
13.01288033,80.2218399,42977,42987,10
13.01340961,80.2224884,42987,42997,10
13.01381016,80.2230835,42997,43007,10
13.01395988,80.22328186,43007,43017,10
13.01445007,80.22370911,43017,43027,10
13.01488018,80.22429657,43027,43037,10
13.01519966,80.22476959,43037,43047,10
13.01543999,80.22493744,43047,43057,10
13.01550961,80.22499084,43057,43068,11
13.01591015,80.22528076,43068,43078,10
13.01663971,80.22525787,43078,43088,10
13.01749992,80.22492218,43088,43098,10
13.0184803,80.22451782,43098,43108,10
13.01945972,80.22444153,43108,43118,10
13.02023983,80.22489929,43118,43128,10
13.02077961,80.22528076,43128,43138,10
13.0212698,80.22572327,43138,43148,10
13.02175999,80.22602081,43148,43158,10
13.02186012,80.22608948,43158,43168,10
13.02198982,80.22621918,43168,43178,10
13.02237034,80.22657776,43178,43188,10
13.02293015,80.22704315,43188,43199,11
13.02305031,80.22714233,43199,43209,10
13.02324009,80.22730255,43209,43219,10
13.02348995,80.22753906,43219,43229,10
13.02377987,80.22779083,43229,43245,16
13.02400017,80.2279892,43245,43257,12
13.02418041,80.22818756,43257,43266,9
13.02435017,80.22843933,43266,43276,10
13.02466011,80.22888184,43276,43287,11
13.02486992,80.22921753,43287,43298,11
13.02528,80.22975159,43298,43309,11
13.02560997,80.23020935,43309,43348,39
13.02560997,80.23020935,43348,43359,11
13.02577019,80.23042297,43359,43368,9
13.02591038,80.23062897,43368,43378,10
13.02595043,80.23078918,43378,43389,11
13.02598,80.23107147,43389,43399,10
13.02600002,80.23132324,43399,43410,11
13.02647972,80.23124695,43410,43420,10
13.0272398,80.23105621,43420,43430,10
13.02795982,80.23092651,43430,43440,10
13.02847004,80.23082733,43440,43460,20
13.02847004,80.23082733,43460,43470,10
13.02867985,80.23088837,43470,43480,10
13.02890968,80.23088074,43480,43490,10
13.02970028,80.23079681,43490,43541,51
13.02970028,80.23079681,43541,43551,10
13.03022003,80.23075104,43551,43561,10
13.03063965,80.23069763,43561,43571,10
13.03075027,80.23069763,43571,43581,10
13.0310297,80.23068237,43581,43591,10
13.03135014,80.2306366,43591,43601,10
13.03197956,80.23059845,43601,43611,10
13.03246975,80.2305603,43611,43621,10
13.03283978,80.2305603,43621,43632,11
13.03374958,80.23053741,43632,43692,60
13.03374958,80.23053741,43692,43702,10
13.03402996,80.23049927,43702,43712,10
13.03421974,80.23047638,43712,43722,10
13.03423977,80.23046875,43722,43732,10
13.03454018,80.23042297,43732,43743,11
13.03489017,80.23027802,43743,43753,10
13.03501987,80.23013306,43753,43763,10
13.0350399,80.22998047,43763,43773,10
13.03491974,80.22988129,43773,43783,10
13.03456974,80.22982788,43783,43823,40
13.03421021,80.2299118,43823,44033,210
13.03421021,80.2299118,44033,44043,10
13.03423023,80.23027802,44043,44397,354
13.03417969,80.2303772,44397,44427,30
13.03417969,80.2303772,44427,44437,10
13.03398037,80.23045349,44437,44447,10
13.03337955,80.23045349,44447,44457,10
13.03269005,80.23055267,44457,44467,10
13.03194046,80.23062134,44467,44477,10
13.03145981,80.23065948,44477,44487,10
13.03108978,80.23069763,44487,44498,11
13.03069973,80.23075104,44498,44508,10
13.03052044,80.2307663,44508,44518,10
13.03032017,80.23078156,44518,44528,10
13.02997017,80.23082733,44528,44538,10
13.02974987,80.23085022,44538,44548,10
13.0291996,80.23091125,44548,44558,10
13.02845955,80.23101807,44558,44568,10
13.02797985,80.23104095,44568,44578,10
13.02766991,80.2313385,44578,44588,10
13.02766037,80.2318573,44588,44598,10
13.02772045,80.23239899,44598,44609,11
13.02772999,80.23274994,44609,44619,10
13.02715969,80.23284149,44619,44629,10
13.02676964,80.23291779,44629,44639,10
13.02637959,80.23265076,44639,44649,10
13.02614021,80.231987,44649,44679,30
13.02614021,80.231987,44679,44689,10
13.02604008,80.23166656,44689,44699,10
13.02585983,80.23095703,44699,44709,10
13.02536011,80.23002625,44709,44720,11
13.02476025,80.22927856,44720,44730,10
13.02449036,80.2289505,44730,44740,10
13.02414989,80.22853088,44740,44750,10
13.02365017,80.22792816,44750,44760,10
13.02332973,80.22762299,44760,44770,10
13.02305984,80.22744751,44770,44780,10
13.02303982,80.22743988,44780,44790,10
13.02293968,80.227211,44790,44800,10
13.02258015,80.22678375,44800,44816,16
13.02178001,80.22614288,44816,44829,13
13.02116013,80.22566986,44829,44839,10
13.02060032,80.22534943,44839,44849,10
13.02035999,80.22515869,44849,44859,10
13.02005005,80.22492218,44859,44869,10
13.01961994,80.22463226,44869,44879,10
13.0188303,80.22451782,44879,44889,10
13.01807022,80.22480011,44889,44899,10
13.01712036,80.22518158,44899,44909,10
13.01657963,80.22538757,44909,44919,10
13.01622009,80.22551727,44919,44930,11
13.01558018,80.22575378,44930,44940,10
13.01523018,80.22590637,44940,44950,10
13.0151701,80.22593689,44950,44960,10
13.01504993,80.22599792,44960,44970,10
13.01463032,80.22618103,44970,44980,10
13.01443958,80.22624207,44980,44990,10
13.01410007,80.22637177,44990,45000,10
13.01354027,80.22657013,45000,45010,10
13.01264,80.22689056,45010,45020,10
13.01173973,80.22724152,45020,45030,10
13.01078033,80.22762299,45030,45041,11
13.00977039,80.22792816,45041,45051,10
13.00961971,80.2273407,45051,45061,10
13.0099802,80.22654724,45061,45071,10
13.01037025,80.22566223,45071,45081,10
13.01051998,80.22535706,45081,45091,10
13.01056957,80.22527313,45091,45101,10
13.01070023,80.22493744,45101,45111,10
13.01086998,80.22447205,45111,45121,10
13.01123047,80.22350311,45121,45152,31
13.01123047,80.22350311,45152,45162,10
13.01113033,80.22332001,45162,45172,10
13.01130962,80.22303772,45172,45182,10
13.01161003,80.22242737,45182,45192,10
13.01191998,80.22180176,45192,45202,10
13.0121603,80.22135162,45202,45212,10
13.01202965,80.22065735,45212,45222,10
13.01175976,80.21977997,45222,45232,10
13.01144981,80.21881104,45232,45242,10
13.01109028,80.21790314,45242,45252,10
13.01074982,80.21707916,45252,45263,11
13.01033974,80.21624756,45263,45272,9
13.00996971,80.21555328,45272,45283,11
13.00959969,80.21492767,45283,45293,10
13.00911999,80.21430206,45293,45303,10
13.00864029,80.21366882,45303,45313,10
13.00829983,80.21341705,45313,45333,20
13.00829983,80.21341705,45333,45343,10
13.00786018,80.21315002,45343,45363,20
13.00786018,80.21315002,45363,45374,11
13.00749969,80.21289825,45374,45384,10
13.00689983,80.21276855,45384,45394,10
13.00629044,80.21279907,45394,45404,10
13.00566959,80.21292114,45404,45414,10
13.00510025,80.21256256,45414,45424,10
13.00454998,80.21222687,45424,45434,10
13.00362015,80.21206665,45434,45444,10
13.00292015,80.21202087,45444,45454,10
13.00253963,80.21209717,45454,45464,10
13.00201035,80.21234131,45464,45481,17
13.00090981,80.21312714,45481,45493,12
13.00024986,80.21369171,45493,45503,10
12.99981976,80.2141037,45503,45513,10
12.99917984,80.21459198,45513,45523,10
12.99888992,80.21485138,45523,45531,8
12.9983902,80.21515656,45531,45542,11
12.9976902,80.21576691,45542,45554,12
12.9974699,80.21605682,45554,45564,10
12.99730015,80.21630096,45564,45574,10
12.9971199,80.21643829,45574,45584,10
12.99678993,80.21647644,45584,45595,11
12.99664974,80.21652222,45595,45605,10
12.9964304,80.21656799,45605,45615,10
12.9960804,80.21663666,45615,45625,10
12.99582005,80.21672058,45625,45635,10
12.99569035,80.2167511,45635,45644,9
12.99545956,80.21684265,45644,45655,11
12.9953804,80.21687317,45655,45665,10
12.99518013,80.21698761,45665,45675,10
12.99485016,80.21720123,45675,45685,10
12.99435997,80.21746063,45685,45695,10
12.99398041,80.21772766,45695,45706,11
12.99330044,80.21827698,45706,45716,10
12.99271965,80.21869659,45716,45726,10
12.99205971,80.21920013,45726,45736,10
12.99153042,80.21961212,45736,45746,10
12.99096012,80.22003174,45746,45756,10
12.9907999,80.22013092,45756,45766,10
12.99067974,80.22023773,45766,45776,10
12.99022007,80.22058105,45776,45786,10
12.9895401,80.22116089,45786,45796,10
12.98898029,80.22167969,45796,45807,11
12.98832989,80.22244263,45807,45817,10
12.98777962,80.2228775,45817,45827,10
12.98760033,80.22303009,45827,45837,10
12.98748016,80.22309113,45837,45847,10
12.98703003,80.22302246,45847,45857,10
12.98639011,80.2229538,45857,45867,10
12.98569965,80.22303009,45867,45877,10
12.98513031,80.22319031,45877,45887,10
12.98456001,80.22296143,45887,45896,9
12.98423004,80.22280884,45896,45906,10
12.98373985,80.22254181,45906,45918,12
12.9834404,80.22234344,45918,45928,10
12.98328018,80.22225189,45928,45938,10
12.98324966,80.222229,45938,45948,10
12.98297024,80.22203827,45948,45958,10
12.98254013,80.22186279,45958,45968,10
12.98223972,80.22176361,45968,45978,10
12.98200035,80.22161102,45978,45988,10
12.98173046,80.22144318,45988,45998,10
12.98130989,80.22126007,45998,46008,10
12.98064995,80.22110748,46008,46018,10
12.97972965,80.221138,46018,46029,11
12.97879982,80.22116852,46029,46039,10
12.97852039,80.221138,46039,46049,10
12.97809982,80.22116852,46049,46059,10
12.97741985,80.22119904,46059,46069,10
12.97708035,80.22125244,46069,46079,10
12.97669029,80.22122955,46079,46089,10
12.97630024,80.22122955,46089,46119,30
12.97630024,80.22122955,46119,46130,11
12.97614002,80.22149658,46130,46140,10
12.97630978,80.22176361,46140,46150,10
12.97632027,80.22177124,46150,46160,10
12.97640038,80.22189331,46160,46170,10
12.97653008,80.22219849,46170,46180,10
12.97675037,80.22254944,46180,46190,10
12.97696018,80.2228775,46190,46200,10
12.97729015,80.22341919,46200,46210,10
12.97768974,80.22406006,46210,46220,10
12.97813034,80.22473907,46220,46230,10
12.97842026,80.22521973,46230,46240,10
12.97846985,80.22530365,46240,46251,11
12.97877026,80.22577667,46251,46261,10
12.97916031,80.22647095,46261,46271,10
12.97953033,80.22707367,46271,46281,10
12.97990036,80.22766113,46281,46291,10
12.97999954,80.22783661,46291,46301,10
12.98017979,80.22815704,46301,46311,10
12.98042965,80.22860718,46311,46321,10
12.98064041,80.22899628,46321,46331,10
12.98097038,80.22953796,46331,46341,10
12.98145962,80.23023224,46341,46351,10
12.98165035,80.23052216,46351,46362,11
12.98167992,80.23065948,46362,46372,10
12.98186016,80.23114777,46372,46382,10
12.9819603,80.23195648,46382,46392,10
12.98190022,80.23265839,46392,46402,10
12.98184013,80.23290253,46402,46412,10
12.98163033,80.2334137,46412,46422,10
12.98157024,80.23355103,46422,46432,10
12.98134995,80.23391724,46432,46442,10
12.9811697,80.2348175,46442,46452,10
12.98118973,80.23577118,46452,46463,11
12.98122978,80.23687744,46463,46473,10
12.9812603,80.23787689,46473,46483,10
12.98128033,80.23870087,46483,46493,10
12.98130035,80.23930359,46493,46503,10
12.98128033,80.23954773,46503,46513,10
12.98130035,80.240242,46513,46523,10
12.98130989,80.24114227,46523,46533,10
12.98132038,80.24207306,46533,46543,10
12.98130035,80.24255371,46543,46553,10
12.98128033,80.24266052,46553,46564,11
12.98128986,80.24320984,46564,46574,10
12.98122025,80.24398804,46574,46584,10
12.98108959,80.24501038,46584,46594,10
12.98095989,80.24613953,46594,46604,10
12.98085022,80.24732208,46604,46614,10
12.98075962,80.24852753,46614,46623,9
12.98068047,80.24954987,46623,46634,11
12.98044968,80.25067902,46634,46644,10
12.98019028,80.2517395,46644,46654,10
12.98011971,80.2521286,46654,46663,9
12.98009014,80.25229645,46663,46673,10
12.98025036,80.25261688,46673,46685,12
12.98093033,80.25260925,46685,46695,10
12.98178005,80.25257111,46695,46705,10
12.9827404,80.2525177,46705,46715,10
12.98371029,80.25235748,46715,46725,10
12.9846096,80.25209808,46725,46735,10
12.98532009,80.25190735,46735,46745,10
12.98583984,80.2517395,46745,46755,10
12.98618031,80.25166321,46755,46765,10
12.98649979,80.25157928,46765,46775,10
12.98668957,80.25154877,46775,46785,10
12.98678017,80.25154114,46785,46796,11
12.9872303,80.25141144,46796,46806,10
12.98764992,80.25132751,46806,46816,10
12.98789978,80.25148773,46816,46826,10
12.98791981,80.25163269,46826,46836,10
12.98797035,80.25200653,46836,46846,10
12.98797989,80.25237274,46846,46856,10
12.98789978,80.25315094,46856,46866,10
12.98783016,80.25376892,46866,46876,10
12.98779011,80.25408173,46876,46886,10
12.98779011,80.2541275,46886,46896,10
12.98770046,80.25437164,46896,46977,81
12.9878397,80.25457001,46977,47028,51
12.9878397,80.25457001,47028,47038,10
12.98771,80.25485229,47038,47048,10
12.98766041,80.25534821,47048,47058,10
12.9875803,80.25585175,47058,47068,10
12.98754978,80.25643158,47068,47078,10
12.98742962,80.25684357,47078,47088,10
12.98729992,80.25753021,47088,47098,10
12.98729038,80.2580719,47098,47108,10
12.98725033,80.25839996,47108,47139,31
12.98719978,80.25852966,47139,47159,20
12.98719978,80.25852966,47159,47169,10
12.98698997,80.25856018,47169,47217,48
12.9868803,80.25866699,47217,48612,1395
12.9868803,80.25866699,48612,48622,10
12.98678017,80.25863647,48622,48733,111
12.9871397,80.25847626,48733,48895,162
12.9871397,80.25847626,48895,48905,10
12.98740005,80.25836182,48905,48915,10
12.98742008,80.25813293,48915,48925,10
12.98746967,80.25747681,48925,48935,10
12.98754025,80.25662994,48935,48945,10
12.98754978,80.25611115,48945,49036,91
12.98754978,80.25611115,49036,49046,10
12.98760033,80.25583649,49046,49056,10
12.98768044,80.25546265,49056,49066,10
12.98771954,80.25495911,49066,49076,10
12.98773956,80.25483704,49076,49087,11
12.98773956,80.25475311,49087,49097,10
12.98777962,80.25430298,49097,49107,10
12.9878397,80.253479,49107,49117,10
12.98791027,80.25244904,49117,49127,10
12.98785019,80.25189972,49127,49177,50
12.98785019,80.25189972,49177,49187,10
12.98781967,80.25182343,49187,49198,11
12.9874897,80.2516098,49198,49208,10
12.98665047,80.25173187,49208,49218,10
12.98575974,80.25193787,49218,49228,10
12.9851799,80.25211334,49228,49258,30
12.9851799,80.25211334,49258,49268,10
12.98490047,80.25219727,49268,49278,10
12.98435974,80.25234222,49278,49288,10
12.98355961,80.25254059,49288,49298,10
12.98262024,80.25263977,49298,49309,11
12.98141003,80.25267029,49309,49319,10
12.98011971,80.25272369,49319,49349,30
12.98011971,80.25272369,49349,49359,10
12.9800396,80.25272369,49359,49369,10
12.97998047,80.25270081,49369,49379,10
12.97988033,80.25244141,49379,49399,20
12.97988033,80.25244141,49399,49409,10
12.97992039,80.25219727,49409,49420,11
12.9800396,80.25171661,49420,49430,10
12.98029041,80.2509613,49430,49440,10
12.98056984,80.24994659,49440,49450,10
12.98071957,80.2487793,49450,49459,9
12.9808197,80.24764252,49459,49470,11
12.9809103,80.24623871,49470,49480,10
12.98108006,80.24472809,49480,49490,10
12.98114967,80.24382019,49490,49500,10
12.98124027,80.24356842,49500,49510,10
12.98134995,80.24295044,49510,49541,31
12.98134995,80.24295044,49541,49551,10
12.98136044,80.24273682,49551,49561,10
12.98139,80.24240112,49561,49571,10
12.98134995,80.24189758,49571,49581,10
12.98134041,80.24105072,49581,49591,10
12.98136044,80.24015045,49591,49601,10
12.98134041,80.23957825,49601,49611,10
12.98132992,80.23901367,49611,49621,10
12.98132038,80.23857117,49621,49631,10
12.98128033,80.23789978,49631,49652,21
12.98128033,80.23789978,49652,49662,10
12.98128033,80.23758698,49662,49672,10
12.98124981,80.23684692,49672,49682,10
12.98124027,80.23597717,49682,49692,10
12.98120022,80.23516083,49692,49702,10
12.98118019,80.2348175,49702,49712,10
12.98118019,80.23477173,49712,49722,10
12.98118973,80.23468781,49722,49732,10
12.98118973,80.23436737,49732,49742,10
12.98130035,80.23394775,49742,49759,17
12.98136997,80.23375702,49759,49771,12
12.98138046,80.23374176,49771,49781,10
12.98143005,80.23364258,49781,49791,10
12.98155975,80.23336029,49791,49800,9
12.98157024,80.2333374,49800,49811,11
12.98174,80.23298645,49811,49821,10
12.98194027,80.23248291,49821,49831,10
12.98194981,80.23214722,49831,49840,9
12.98194027,80.23171997,49840,49850,10
12.98190975,80.23140717,49850,49862,12
12.98169041,80.23075867,49862,49872,10
12.98136044,80.23020172,49872,49882,10
12.98106003,80.22971344,49882,49892,10
12.98085976,80.22939301,49892,49902,10
12.98060036,80.22901154,49902,49942,40
12.98060036,80.22901154,49942,49952,10
12.98036003,80.22862244,49952,49973,21
12.98036003,80.22862244,49973,49983,10
12.9802599,80.22834778,49983,49993,10
12.98009014,80.2279892,49993,50003,10
12.97986031,80.2276001,50003,50013,10
12.97955036,80.22709656,50013,50023,10
12.97937012,80.22679901,50023,50033,10
12.97910976,80.22637939,50033,50043,10
12.97877979,80.22583008,50043,50053,10
12.97848988,80.2253418,50053,50063,10
12.97836971,80.22514343,50063,50073,10
12.97821999,80.2248764,50073,50084,11
12.97805023,80.22463989,50084,50094,10
12.97786045,80.22441864,50094,50104,10
12.97774029,80.22425079,50104,50114,10
12.9776001,80.22405243,50114,50124,10
12.97743034,80.22370911,50124,50134,10
12.97710991,80.22315979,50134,50144,10
12.97692013,80.22277069,50144,50154,10
12.97702026,80.22267914,50154,50164,10
12.97714043,80.22267151,50164,50174,10
12.97731972,80.22267151,50174,50185,11
12.97749996,80.22234344,50185,50195,10
12.97745991,80.22157288,50195,50205,10
12.97741985,80.22123718,50205,50215,10
12.97754955,80.22119904,50215,50225,10
12.9779501,80.22119141,50225,50235,10
12.97871971,80.22112274,50235,50245,10
12.97974014,80.22102356,50245,50255,10
12.98066044,80.22097778,50255,50265,10
12.98114967,80.22103882,50265,50275,10
12.98157978,80.22128296,50275,50285,10
12.98208046,80.22155762,50285,50296,11
12.98266029,80.22177124,50296,50306,10
12.98297024,80.22190857,50306,50316,10
12.9830904,80.22202301,50316,50326,10
12.9834404,80.22225952,50326,50336,10
12.98381042,80.22248077,50336,50346,10
12.98406029,80.2226181,50346,50356,10
12.98453999,80.22293854,50356,50366,10
12.98525047,80.22322845,50366,50376,10
12.98577976,80.2229538,50376,50386,10
12.98645973,80.22292328,50386,50396,10
12.98659039,80.22293854,50396,50407,11
12.98694038,80.22299957,50407,50417,10
12.98733044,80.22305298,50417,50427,10
12.98803043,80.22283936,50427,50437,10
12.98875046,80.22223663,50437,50447,10
12.98939037,80.22145844,50447,50457,10
12.99011993,80.22059631,50457,50467,10
12.99061966,80.22022247,50467,50477,10
12.99063015,80.22022247,50477,50487,10
12.99083996,80.22006989,50487,50504,17
12.99155045,80.2195282,50504,50515,11
12.99213982,80.21910858,50515,50526,11
12.99293041,80.21853638,50526,50535,9
12.99353981,80.21806335,50535,50546,11
12.99396038,80.21775818,50546,50556,10
12.99429989,80.21753693,50556,50566,10
12.99462032,80.21733856,50566,50607,41
12.99462032,80.21733856,50607,50616,9
12.99491978,80.21704865,50616,50628,12
12.99559975,80.21672058,50628,50638,10
12.99639034,80.21652985,50638,50648,10
12.99687958,80.21646118,50648,50658,10
12.99703026,80.21643829,50658,50668,10
12.99719048,80.21640778,50668,50678,10
12.99754047,80.21605682,50678,50698,20
12.99754047,80.21605682,50698,50708,10
12.99767971,80.21592712,50708,50718,10
12.99802017,80.21562958,50718,50728,10
12.99857998,80.2151413,50728,50739,11
12.99909019,80.21473694,50739,50749,10
12.99944019,80.21443176,50749,50758,9
12.99989986,80.2140274,50758,50769,11
13.00051022,80.21346283,50769,50779,10
13.00111008,80.21295929,50779,50789,10
13.00164986,80.21256256,50789,50799,10
13.00236034,80.2121582,50799,50809,10
13.00317955,80.21205139,50809,50819,10
13.0039196,80.21198273,50819,50829,10
13.00465012,80.21230316,50829,50839,10
13.00535965,80.21269226,50839,50850,11
13.00629044,80.2127533,50850,50860,10
13.00784969,80.21302795,50860,50906,46
13.00784969,80.21302795,50906,50918,12
13.00833035,80.21327972,50918,50928,10
13.00883961,80.21376801,50928,50937,9
13.00934982,80.21446228,50937,50947,10
13.00977039,80.21505737,50947,50958,11
13.01025963,80.2156601,50958,50969,11
13.01070976,80.2164917,50969,50979,10
13.01101017,80.21724701,50979,50989,10
13.01142025,80.21835327,50989,50999,10
13.01183987,80.21949005,50999,51009,10
13.01216984,80.22045898,51009,51029,20
13.01216984,80.22045898,51029,51039,10
13.01241016,80.22112274,51039,51049,10
13.01270008,80.22181702,51049,51059,10
13.01331997,80.22255707,51059,51070,11
13.01387978,80.22325897,51070,51080,10
13.0141201,80.22357941,51080,51090,10
13.01438046,80.22377777,51090,51100,10
13.0148201,80.22431183,51100,51110,10
13.01541996,80.22493744,51110,51120,10
13.0155201,80.22502136,51120,51130,10
13.01566029,80.2250824,51130,51140,10
13.01601028,80.22528076,51140,51150,10
13.01653004,80.22525787,51150,51160,10
13.01727009,80.22498322,51160,51170,10
13.01807022,80.22463989,51170,51181,11
13.01893044,80.22431946,51181,51191,10
13.01945972,80.22432709,51191,51201,10
13.01968956,80.22444916,51201,51211,10
13.01998997,80.22470093,51211,51221,10
13.02048969,80.22506714,51221,51231,10
13.02099991,80.22545624,51231,51241,10
13.0219202,80.22614288,51241,51271,30
13.0219202,80.22614288,51271,51281,10
13.02225018,80.22641754,51281,51292,11
13.02289963,80.22698975,51292,51302,10
13.02353001,80.22754669,51302,51312,10
13.02404022,80.22808075,51312,51322,10
13.02423954,80.228302,51322,51332,10
13.02445984,80.22857666,51332,51342,10
13.02472973,80.22901154,51342,51352,10
13.02507973,80.22944641,51352,51362,10
13.02552032,80.23005676,51362,51372,10
13.02581978,80.23062897,51372,51382,10
13.02595997,80.23103333,51382,51392,10
13.02612972,80.23126984,51392,51403,11
13.02667046,80.23117065,51403,51413,10
13.02750969,80.23097992,51413,51423,10
13.02847004,80.23088074,51423,51443,20
13.02847004,80.23088074,51443,51453,10
13.02865028,80.23088074,51453,51463,10
13.02915955,80.23088074,51463,51473,10
13.0297699,80.23079681,51473,51483,10
13.03044987,80.23072815,51483,51493,10
13.03108025,80.23068237,51493,51503,10
13.03162956,80.23068237,51503,51514,11
13.03252029,80.23059082,51514,51524,10
13.03318024,80.23055267,51524,51534,10
13.03378963,80.2305603,51534,51594,60
13.03378963,80.2305603,51594,51604,10
13.0344696,80.23040009,51604,51643,39
13.03458977,80.2303772,51643,51683,40
13.03458977,80.2303772,51683,51693,10
13.03487968,80.23020172,51693,51703,10
13.03493023,80.23017883,51703,51713,10
13.03505993,80.23000336,51713,51723,10
13.03505039,80.2298584,51723,51734,11
13.03476048,80.22979736,51734,51743,9
13.03450012,80.22975922,51743,52077,334
13.03419018,80.22988129,52077,52127,50
13.03417969,80.23023224,52127,52169,42
13.03417969,80.23023224,52169,52179,10
13.03402996,80.23034668,52179,52189,10
13.03376007,80.23039246,52189,52198,9
13.03347015,80.23043823,52198,52209,11
13.03302956,80.23049927,52209,52219,10
13.03242016,80.23055267,52219,52229,10
13.03184986,80.23059845,52229,52239,10
13.03125,80.23065948,52239,52249,10
13.03075981,80.23069763,52249,52259,10
13.03030968,80.23074341,52259,52269,10
13.02982044,80.23078156,52269,52280,11
13.02966022,80.23081207,52280,52290,10
13.02927017,80.23085022,52290,52300,10
13.02855968,80.23090363,52300,52310,10
13.02795982,80.23097229,52310,52320,10
13.0276804,80.2310791,52320,52330,10
13.02768993,80.23152924,52330,52340,10
13.02775955,80.23201752,52340,52349,9
13.02781963,80.23246765,52349,52359,10
13.02766037,80.23274231,52359,52370,11
13.02692986,80.23296356,52370,52431,61
13.02692986,80.23296356,52431,52441,10
13.02667999,80.23303223,52441,52451,10
13.02639008,80.23291779,52451,52461,10
13.0262804,80.23265076,52461,52471,10
13.02622986,80.23236084,52471,52481,10
13.02620983,80.23223877,52481,52492,11
13.02614021,80.23194885,52492,52502,10
13.02604008,80.23155975,52502,52522,20
13.02604008,80.23155975,52522,52532,10
13.02604008,80.23143768,52532,52542,10
13.02589035,80.23090363,52542,52552,10
13.0255003,80.23004913,52552,52562,10
13.02488995,80.22927856,52562,52572,10
13.02433014,80.22859192,52572,52582,10
13.0237999,80.22795105,52582,52592,10
13.02309036,80.22743988,52592,52613,21
13.02309036,80.22743988,52613,52623,10
13.02299976,80.22737122,52623,52633,10
13.02266026,80.22704315,52633,52643,10
13.02213955,80.22644043,52643,52653,10
13.02138996,80.22580719,52653,52663,10
13.02064991,80.22521973,52663,52673,10
13.01980019,80.22466278,52673,52683,10
13.01865959,80.22450256,52683,52693,10
13.01741982,80.22502136,52693,52702,9
13.01657009,80.22537994,52702,52714,12
13.01603985,80.22557068,52714,52724,10
13.01544952,80.22577667,52724,52734,10
13.01484013,80.22602081,52734,52744,10
13.01428032,80.22624969,52744,52754,10
13.01414013,80.22631836,52754,52763,9
13.01379967,80.22644806,52763,52774,11
13.01301956,80.22673035,52774,52784,10
13.01208973,80.2270813,52784,52794,10
13.01099014,80.22750092,52794,52804,10
13.00992012,80.22792053,52804,52814,10
13.0095396,80.22743225,52814,52825,11
13.0099802,80.22651672,52825,52835,10
13.01039982,80.2256012,52835,52845,10
13.01062965,80.22509766,52845,52855,10
13.01082039,80.22466278,52855,52865,10
13.01105976,80.22402954,52865,52875,10
13.01126003,80.22341919,52875,52885,10
13.01126957,80.22337341,52885,52895,10
13.0113802,80.22316742,52895,52905,10
13.01161003,80.22261047,52905,52915,10
13.01193047,80.22177124,52915,52925,10
13.01212978,80.22116852,52925,52936,11
13.01202965,80.22055817,52936,52946,10
13.01177979,80.21977997,52946,52956,10
13.01148987,80.21885681,52956,52966,10
13.01113987,80.21788025,52966,52976,10
13.01074982,80.21695709,52976,52985,9
13.01045036,80.21633148,52985,52996,11
13.01016045,80.21591949,52996,53006,10
13.00979042,80.21515656,53006,53016,10
13.00934982,80.21453857,53016,53026,10
13.00881958,80.21382904,53026,53036,10
13.00796986,80.21318817,53036,53057,21
13.00796986,80.21318817,53057,53067,10
13.00788975,80.21317291,53067,53077,10
13.00765038,80.21292877,53077,53086,9
13.00712013,80.21276855,53086,53097,11
13.00625038,80.21276855,53097,53107,10
13.0054903,80.21279907,53107,53117,10
13.00469971,80.21233368,53117,53127,10
13.00380993,80.21205139,53127,53137,10
13.00302982,80.21205902,53137,53147,10
13.00220966,80.21224213,53147,53158,11
13.00131989,80.212883,53158,53168,10
13.00069046,80.21343231,53168,53178,10
12.99991989,80.21408844,53178,53188,10
12.99946022,80.21447754,53188,53198,10
12.99905968,80.21482086,53198,53208,10
12.99870968,80.2151413,53208,53218,10
12.99771976,80.21595764,53218,53238,20
12.99771976,80.21595764,53238,53248,10
12.99740982,80.21630096,53248,53279,31
12.99730968,80.21647644,53279,53329,50
12.99730968,80.21647644,53329,53339,10
12.99693966,80.21653748,53339,53349,10
12.99662971,80.21656036,53349,53359,10
12.99660969,80.21656036,53359,53370,11
12.99623966,80.2166214,53370,53390,20
12.99598026,80.21665955,53390,53410,20
12.99598026,80.21665955,53410,53420,10
12.99551964,80.21678925,53420,53450,30
12.99551964,80.21678925,53450,53460,10
12.99526024,80.21690369,53460,53470,10
12.99501038,80.21704102,53470,53481,11
12.99466038,80.21729279,53481,53491,10
12.99429035,80.2175827,53491,53501,10
12.99388027,80.21788025,53501,53511,10
12.99339962,80.21820068,53511,53521,10
12.99316025,80.21833801,53521,53531,10
12.99298,80.21851349,53531,53541,10
12.99252987,80.21884918,53541,53551,10
12.99184036,80.21936798,53551,53561,10
12.99118042,80.21983337,53561,53571,10
12.99083996,80.22007751,53571,53581,10
12.99075985,80.22006989,53581,53592,11
12.99038982,80.22039795,53592,53602,10
12.98980045,80.22094727,53602,53612,10
12.98927975,80.22164154,53612,53622,10
12.98882008,80.22229004,53622,53632,10
12.98820019,80.2228775,53632,53642,10
12.98775959,80.22309875,53642,53652,10
12.98775005,80.22309875,53652,53662,10
12.98738003,80.22306824,53662,53672,10
12.98670959,80.22296906,53672,53682,10
12.9858799,80.22296906,53682,53692,10
12.98552036,80.22322845,53692,53703,11
12.98513031,80.22322083,53703,53713,10
12.98478031,80.22306061,53713,53723,10
12.9844799,80.2228775,53723,53733,10
12.98447037,80.2228775,53733,53743,10
12.98429966,80.22277069,53743,53753,10
12.98388958,80.22254181,53753,53763,10
12.98340988,80.22226715,53763,53773,10
12.98328972,80.22218323,53773,53783,10
12.98318005,80.2220993,53783,53793,10
12.98279953,80.22193909,53793,53804,11
12.98233032,80.22181702,53804,53814,10
12.98209953,80.22167969,53814,53824,10
12.98161983,80.22138214,53824,53834,10
12.98089027,80.22103882,53834,53844,10
12.98015976,80.22106934,53844,53854,10
12.9793396,80.22110748,53854,53864,10
12.97848988,80.22116089,53864,53874,10
12.97760963,80.22118378,53874,53884,10
12.97677994,80.22122192,53884,53894,10
12.97618961,80.22122955,53894,53904,10
12.97638035,80.22177887,53904,53925,21
12.97638035,80.22177887,53925,53935,10
12.97649002,80.22197723,53935,53945,10
12.97669029,80.22239685,53945,53955,10
12.97710037,80.2231369,53955,53965,10
12.97760963,80.22399902,53965,53975,10
12.97813988,80.22483063,53975,53985,10
12.97859955,80.22556305,53985,53995,10
12.97904015,80.2263031,53995,54005,10
12.97947979,80.22711945,54005,54015,10
12.97996044,80.22786713,54015,54026,11
12.98048019,80.22875977,54026,54036,10
12.9808197,80.2293396,54036,54046,10
12.98114014,80.22982788,54046,54056,10
12.98159981,80.23046112,54056,54066,10
12.98163986,80.23052216,54066,54076,10
12.98176956,80.23079681,54076,54086,10
12.98190975,80.23136139,54086,54096,10
12.9819603,80.23217773,54096,54106,10
12.98182011,80.23290253,54106,54116,10
12.98165035,80.23332214,54116,54126,10
12.98157978,80.23352814,54126,54137,11
12.9815197,80.23365021,54137,54147,10
12.98130035,80.23412323,54147,54157,10
12.98118973,80.23500824,54157,54167,10
12.98120975,80.23610687,54167,54177,10
12.98124981,80.23716736,54177,54187,10
12.98128033,80.23792267,54187,54197,10
12.98130035,80.23858643,54197,54207,10
12.98130035,80.23863983,54207,54217,10
12.98128033,80.23893738,54217,54227,10
12.98128986,80.2394104,54227,54237,10
12.98130989,80.23959351,54237,54248,11
12.98132038,80.2399292,54248,54258,10
12.98132038,80.24060059,54258,54268,10
12.98132992,80.241539,54268,54277,9
12.98134041,80.24273682,54277,54298,21
12.98134041,80.24273682,54298,54308,10
12.98138046,80.2428894,54308,54318,10
12.98138046,80.24320984,54318,54328,10
12.98130989,80.24394226,54328,54338,10
12.98118019,80.24494171,54338,54348,10
12.98103046,80.24613953,54348,54359,11
12.98087978,80.24762726,54359,54369,10
12.98075962,80.24904633,54369,54379,10
12.98052025,80.25039673,54379,54389,10
12.98023033,80.25150299,54389,54399,10
12.98011971,80.25212097,54399,54408,9
12.98009014,80.25218201,54408,54419,11
12.98023987,80.25256348,54419,54429,10
12.98077965,80.25260162,54429,54439,10
12.98167992,80.25256348,54439,54449,10
12.98272038,80.25251007,54449,54459,10
12.98369026,80.25235748,54459,54530,71
12.98384953,80.25234985,54530,54581,51
12.98384953,80.25234985,54581,54591,10
12.98390007,80.25229645,54591,54601,10
12.98429966,80.25218964,54601,54611,10
12.98521996,80.25193787,54611,54671,60
12.98536968,80.25186157,54671,54722,51
12.98536968,80.25186157,54722,54732,10
12.98548985,80.25182343,54732,54742,10
12.98583031,80.2517395,54742,54752,10
12.98643017,80.25160217,54752,54762,10
12.98729992,80.25137329,54762,54833,71
12.98729992,80.25137329,54833,54843,10
12.9874897,80.25131226,54843,54853,10
12.98781013,80.2513504,54853,54863,10
12.98793983,80.25171661,54863,54872,9
12.98797035,80.25234222,54872,54883,11
12.98785973,80.25346375,54883,54893,10
12.98777962,80.2545166,54893,54904,11
12.98775959,80.25524902,54904,55045,141
12.98775959,80.25524902,55045,55055,10
12.98766994,80.25550079,55055,55065,10
12.98760986,80.25598145,55065,55075,10
12.98754978,80.25655365,55075,55085,10
12.98744011,80.25717926,55085,55095,10
12.98736954,80.25801849,55095,55105,10
12.98729992,80.2588501,55105,55115,10
12.98721981,80.25933838,55115,55136,21
12.98721981,80.25933838,55136,55146,10
12.98721981,80.25955963,55146,55156,10
12.98707962,80.25959778,55156,55166,10
12.98692036,80.25955963,55166,55176,10
12.98663044,80.25945282,55176,55186,10
12.98674011,80.25908661,55186,55196,10
12.98715019,80.25914001,55196,55297,101
12.98715019,80.25914001,55297,55307,10
12.98733997,80.25888824,55307,55317,10
12.98738956,80.25826263,55317,55319,2
12.98760033,80.25623322,55319,55407,88
12.98760033,80.25623322,55407,55417,10
12.98762989,80.25614166,55417,55427,10
12.98764992,80.25588226,55427,55437,10
12.98785019,80.25569153,55437,55447,10
12.98803043,80.25575256,55447,55458,11
12.98818016,80.25579071,55458,55468,10
12.98843956,80.25585175,55468,55479,11
12.98882961,80.25589752,55479,55489,10
12.98950005,80.25592804,55489,55499,10
12.99028969,80.25595856,55499,55509,10
12.99087048,80.25598145,55509,55519,10
12.99153996,80.25604248,55519,55529,10
12.99225998,80.25610352,55529,55539,10
12.99289989,80.25605774,55539,55549,10
12.99359989,80.25601959,55549,55562,13
12.99446011,80.25588226,55562,55572,10
12.99483967,80.25583649,55572,55582,10
12.99485016,80.25583649,55582,55592,10
12.99499989,80.25582123,55592,55602,10
12.9952898,80.25578308,55602,55612,10
12.99588013,80.25582886,55612,55655,43
12.99588013,80.25582886,55655,55667,12
12.99619961,80.25582886,55667,55678,11
12.99650002,80.25576782,55678,55687,9
12.99693966,80.25582886,55687,55698,11
12.99757957,80.25585938,55698,55709,11
12.99825001,80.25592041,55709,55719,10
12.9988699,80.25601959,55719,55748,29
12.9988699,80.25601959,55748,55759,11
12.99913979,80.25605774,55759,55769,10
12.99954987,80.2561264,55769,55780,11
12.99997044,80.25621796,55780,55790,10
13.00035954,80.25630951,55790,55800,10
13.00063992,80.25636292,55800,55810,10
13.00086021,80.25643158,55810,55820,10
13.0010004,80.2564621,55820,55830,10
13.00129986,80.25650024,55830,55840,10
13.00174999,80.25655365,55840,55850,10
13.00224018,80.25660706,55850,55860,10
13.00269985,80.25669861,55860,55870,10
13.00312996,80.25679016,55870,55880,10
13.00333977,80.25684357,55880,55891,11
13.00374985,80.25694275,55891,55901,10
13.00415993,80.25702667,55901,55911,10
13.00469971,80.25715637,55911,55921,10
13.00518036,80.25720978,55921,55951,30
13.00518036,80.25720978,55951,55967,16
13.00578022,80.25730133,55967,55979,12
13.00640965,80.25740051,55979,55989,10
13.00681019,80.2578125,55989,55999,10
13.00734997,80.25843048,55999,56010,11
13.00815964,80.2588501,56010,56020,10
13.00899982,80.25897217,56020,56030,10
13.01008987,80.25898743,56030,56039,9
13.01124954,80.25901794,56039,56050,11
13.01274014,80.25910187,56050,56060,10
13.01393032,80.2591629,56060,56069,9
13.01517963,80.25924683,56069,56079,10
13.01616955,80.25959015,56079,56090,11
13.01685047,80.2600174,56090,56100,10
13.01751041,80.26048279,56100,56111,11
13.01807976,80.26087189,56111,56121,10
13.01863956,80.26126862,56121,56131,10
13.01924992,80.26178741,56131,56141,10
13.0197401,80.26220703,56141,56151,10
13.02027035,80.26280212,56151,56160,9
13.01988029,80.26296234,56160,56171,11
13.01924038,80.26293945,56171,56181,10
13.01898956,80.26322174,56181,56191,10
13.0190897,80.26399994,56191,56201,10
13.01889992,80.26499939,56201,56210,9
13.01879978,80.26540375,56210,56222,12
13.01865959,80.26625061,56222,56232,10
13.01879978,80.26715088,56232,56242,10
13.01937962,80.26793671,56242,56252,10
13.02007961,80.26875305,56252,56262,10
13.02064037,80.26947784,56262,56272,10
13.02114964,80.27011108,56272,56282,10
13.02175999,80.27085876,56282,56292,10
13.02221012,80.2714386,56292,56302,10
13.02291012,80.27236938,56302,56312,10
13.02344036,80.27308655,56312,56323,11
13.02377987,80.27355194,56323,56373,50
13.02377987,80.27355194,56373,56383,10
13.02400017,80.2738266,56383,56393,10
13.02427959,80.27419281,56393,56403,10
13.02464008,80.27452087,56403,56413,10
13.0251503,80.27475739,56413,56423,10
13.02579975,80.27506256,56423,56440,17
13.02682972,80.27552032,56440,56452,12
13.0274601,80.27581787,56452,56462,10
13.02805996,80.27604675,56462,56472,10
13.02875042,80.27635193,56472,56482,10
13.02929974,80.2765274,56482,56492,10
13.02997971,80.27671814,56492,56502,10
13.03057957,80.27697754,56502,56511,9
13.03120995,80.27739716,56511,56522,11
13.03195953,80.27748108,56522,56532,10
13.03267956,80.27744293,56532,56544,12
13.03334999,80.27722168,56544,56554,10
13.03351021,80.27680206,56554,56565,11
13.03361988,80.27635956,56565,56595,30
13.03361988,80.27635956,56595,56605,10
13.03388977,80.27642059,56605,57019,414
13.03388977,80.27642059,57019,57029,10
13.03367996,80.27628326,57029,57059,30
13.03367996,80.27628326,57059,57069,10
13.03357029,80.27632141,57069,57079,10
13.03349972,80.27674103,57079,57110,31
13.03349972,80.27674103,57110,57120,10
13.03339005,80.27726746,57120,57130,10
13.0328598,80.27745819,57130,57140,10
13.03201962,80.27752686,57140,57150,10
13.03133965,80.27754974,57150,57160,10
13.03077984,80.27719116,57160,57170,10
13.02997017,80.27680206,57170,57180,10
13.02902985,80.27655792,57180,57190,10
13.02830982,80.27629089,57190,57201,11
13.02770042,80.27601624,57201,57211,10
13.02709961,80.27574158,57211,57221,10
13.02643013,80.27545166,57221,57237,16
13.02528,80.27493286,57237,57249,12
13.02455044,80.27456665,57249,57259,10
13.02437019,80.27440643,57259,57269,10
13.02408028,80.27407074,57269,57279,10
13.02369976,80.27355194,57279,57289,10
13.02313995,80.27278137,57289,57299,10
13.02254009,80.27198029,57299,57309,10
13.02196026,80.27120972,57309,57320,11
13.02132988,80.27043152,57320,57330,10
13.0209198,80.26994324,57330,57340,10
13.02056026,80.26950073,57340,57350,10
13.02007961,80.26891327,57350,57360,10
13.01959038,80.26831818,57360,57369,9
13.01916027,80.26777649,57369,57380,11
13.0187397,80.26717377,57380,57390,10
13.01863003,80.26644897,57390,57400,10
13.01863003,80.26583862,57400,57410,10
13.01879025,80.26521301,57410,57421,11
13.01902008,80.26432037,57421,57431,10
13.01900005,80.26376343,57431,57441,10
13.01896,80.26341248,57441,57451,10
13.01889038,80.26287842,57451,57461,10
13.01881981,80.26217651,57461,57471,10
13.01871967,80.2614212,57471,57481,10
13.01836967,80.26110077,57481,57491,10
13.01786995,80.26077271,57491,57501,10
13.01739979,80.2604599,57501,57511,10
13.01675034,80.26004028,57511,57521,10
13.01601982,80.25962067,57521,57532,11
13.01486969,80.25930786,57532,57542,10
13.01366043,80.25926208,57542,57552,10
13.01259995,80.25920105,57552,57562,10
13.01148033,80.25914001,57562,57572,10
13.01041985,80.25917816,57572,57582,10
13.00938034,80.25919342,57582,57592,10
13.00876045,80.25917816,57592,57602,10
13.00837994,80.2591629,57602,57612,10
13.00776958,80.25930023,57612,57622,10
13.00734997,80.25920105,57622,57633,11
13.00718021,80.25875854,57633,57643,10
13.00716019,80.25865936,57643,57653,10
13.00693989,80.25823975,57653,57663,10
13.00652027,80.25769043,57663,57673,10
13.00611019,80.25753784,57673,57683,10
13.00576019,80.2574234,57683,57693,10
13.00537968,80.25730133,57693,57703,10
13.00492954,80.25717163,57703,57713,10
13.00436974,80.25705719,57713,57723,10
13.00380993,80.25697327,57723,57733,10
13.00335979,80.25688171,57733,57744,11
13.00298977,80.25679016,57744,57754,10
13.00282001,80.25675964,57754,57764,10
13.00238991,80.25668335,57764,57774,10
13.00189018,80.25660706,57774,57784,10
13.00137043,80.25653839,57784,57794,10
13.00055027,80.25643921,57794,57804,10
12.99975014,80.25630188,57804,57814,10
12.99901962,80.25615692,57814,57824,10
12.99825954,80.256073,57824,57834,10
12.99790001,80.25605011,57834,57844,10
12.99775028,80.25601196,57844,57855,11
12.99732018,80.25595093,57855,57865,10
12.99707031,80.25592804,57865,57875,10
12.99683952,80.25592804,57875,57885,10
12.99680996,80.25592804,57885,57895,10
12.99639988,80.2559433,57895,57911,16
12.99577045,80.25591278,57911,57923,12
12.99518967,80.25596619,57923,57931,8
12.99481964,80.2559433,57931,57943,12
12.99440002,80.25598145,57943,57953,10
12.99368,80.256073,57953,57964,11
12.99271011,80.25608826,57964,57974,10
12.99172974,80.25608826,57974,57984,10
12.99081039,80.25605011,57984,57994,10
12.99018955,80.25601196,57994,58004,10
12.9895401,80.25601196,58004,58014,10
12.98923016,80.25598907,58014,58024,10
12.98888016,80.25596619,58024,58034,10
12.98824024,80.25588226,58034,58044,10
12.98742008,80.25576019,58044,58064,20
12.98628998,80.25556946,58064,58077,13
12.98598003,80.25550842,58077,58087,10
12.98575974,80.25546265,58087,58097,10
12.98497963,80.25523376,58097,58107,10
12.98423958,80.25505829,58107,58117,10
12.98342037,80.25485229,58117,58127,10
12.9826498,80.25466156,58127,58137,10
12.98209953,80.25434113,58137,58147,10
12.98184013,80.25372314,58147,58157,10
12.98165989,80.25298309,58157,58167,10
12.98099041,80.2527771,58167,58177,10
12.98019981,80.25274658,58177,58188,11
12.97922039,80.25263214,58188,58198,10
12.97832012,80.25234985,58198,58208,10
12.97743034,80.25161743,58208,58218,10
12.97626019,80.25115967,58218,58228,10
12.97498989,80.25079346,58228,58238,10
12.9737196,80.2504425,58238,58248,10
12.97243023,80.25009918,58248,58258,10
12.97113991,80.24976349,58258,58268,10
12.96986008,80.24932098,58268,58278,10
12.96868038,80.24887848,58278,58289,11
12.96753025,80.24842072,58289,58299,10
12.96687984,80.24812317,58299,58309,10
12.96619034,80.24778748,58309,58319,10
12.96553993,80.24755859,58319,58329,10
12.96529961,80.24746704,58329,58339,10
12.96492004,80.24732971,58339,58349,10
12.96430969,80.24710083,58349,58359,10
12.96418953,80.24707031,58359,58369,10
12.9641304,80.24703979,58369,58379,10
12.96370983,80.24687958,58379,58389,10
12.96306038,80.24655914,58389,58400,11
12.96212006,80.24610138,58400,58410,10
12.96117973,80.24565887,58410,58420,10
12.96030045,80.24523926,58420,58430,10
12.95930004,80.24478912,58430,58440,10
12.95820045,80.24432373,58440,58450,10
12.95744038,80.24404144,58450,58460,10
12.95705032,80.24389648,58460,58490,30
12.95705032,80.24389648,58490,58500,10
12.95689011,80.24382782,58500,58591,91
12.95650005,80.24372101,58591,58632,41
12.95650005,80.24372101,58632,58642,10
12.95584011,80.24346924,58642,58652,10
12.95518017,80.24317169,58652,58662,10
12.95442009,80.24281311,58662,58672,10
12.95365047,80.24247742,58672,58682,10
12.95281029,80.24211121,58682,58692,10
12.95203972,80.24183655,58692,58702,10
12.95077038,80.24137878,58702,58712,10
12.94979,80.24107361,58712,58722,10
12.94935036,80.24095917,58722,58733,11
12.94933987,80.24095917,58733,58743,10
12.94911003,80.24086761,58743,58753,10
12.94849968,80.24060059,58753,58763,10
12.94764042,80.24024963,58763,58773,10
12.94676971,80.23990631,58773,58783,10
12.94587994,80.2395401,58783,58793,10
12.94497013,80.23896027,58793,58803,10
12.94412994,80.23802185,58803,58813,10
12.94322968,80.23706055,58813,58823,10
12.94204998,80.23638153,58823,58834,11
12.9407196,80.2360611,58834,58844,10
12.93976021,80.23578644,58844,58854,10
12.93964005,80.23574829,58854,58864,10
12.93943024,80.23564911,58864,58874,10
12.9388504,80.23535156,58874,58884,10
12.93799019,80.23491669,58884,58894,10
12.93704987,80.23446655,58894,58904,10
12.93612957,80.23401642,58904,58914,10
12.93566036,80.23397064,58914,58924,10
12.93556976,80.23420715,58924,58934,10
12.93540955,80.23468018,58934,58945,11
12.93515968,80.23538208,58945,58955,10
12.93502045,80.23549652,58955,58965,10
12.93472004,80.23535156,58965,58975,10
12.93416023,80.23509979,58975,58985,10
12.93389034,80.23503113,58985,58995,10
12.93375969,80.23545074,58995,59005,10
12.93358994,80.23607635,59005,59015,10
12.93330956,80.23618317,59015,59025,10
12.93297005,80.23619843,59025,59035,10
12.93292046,80.23655701,59035,59045,10
12.93272972,80.23725128,59045,59056,11
12.93257999,80.23761749,59056,59066,10
12.93229961,80.23829651,59066,59076,10
12.93216991,80.23866272,59076,59086,10
12.93173981,80.23874664,59086,59096,10
12.93122959,80.23860168,59096,59116,20
12.93122959,80.23860168,59116,59126,10
12.93107986,80.23853302,59126,59136,10
12.93074989,80.23844147,59136,59146,10
12.93013954,80.23819733,59146,59157,11
12.92961025,80.23806,59157,59167,10
12.92951012,80.2383194,59167,59177,10
12.92936039,80.2388916,59177,59187,10
12.92918015,80.23908997,59187,59197,10
12.92831993,80.23886108,59197,59217,20
12.92831993,80.23886108,59217,59227,10
12.9279604,80.23874664,59227,59237,10
12.92731953,80.2385788,59237,59247,10
12.92656994,80.23840332,59247,59257,10
12.92593956,80.2382431,59257,59268,11
12.92591953,80.23822784,59268,59278,10
12.92545986,80.23825836,59278,59288,10
12.92545986,80.23825836,59288,59298,10
12.92475033,80.23829651,59298,59571,273
12.92475033,80.23829651,59571,59581,10
12.92481041,80.23847961,59581,59592,11
12.92529964,80.23854828,59592,59602,10
12.92535973,80.23854065,59602,59612,10
12.9254303,80.23845673,59612,59622,10
12.92574024,80.23828125,59622,59632,10
12.92619991,80.23828888,59632,59642,10
12.92698956,80.2385025,59642,59652,10
12.92823029,80.23879242,59652,59672,20
12.92823029,80.23879242,59672,59682,10
12.92850018,80.23886108,59682,59692,10
12.92905045,80.23899841,59692,59703,11
12.92938042,80.23883057,59703,59713,10
12.92955971,80.2382431,59713,59723,10
12.9296999,80.2379837,59723,59733,10
12.92988014,80.23800659,59733,59743,10
12.93019962,80.23813629,59743,59753,10
12.93076038,80.23835754,59753,59763,10
12.93109989,80.23847961,59763,59773,10
12.93122959,80.23853302,59773,59783,10
12.93153954,80.23863983,59783,59793,10
12.93198967,80.23874664,59793,59803,10
12.93225956,80.23844147,59803,59814,11
12.93241978,80.23802948,59814,59824,10
12.93266964,80.23741913,59824,59834,10
12.93276978,80.23709869,59834,59844,10
12.93292046,80.23657227,59844,59854,10
12.9330101,80.23615265,59854,59864,10
12.93340015,80.23621368,59864,59873,9
12.93354988,80.2361908,59873,59884,11
12.93365002,80.23580933,59884,59894,10
12.93381977,80.23516083,59894,59903,9
12.93414021,80.23512268,59903,59914,11
12.9348402,80.23542023,59914,59925,11
12.93511009,80.23545837,59925,59935,10
12.93523026,80.23516846,59935,59945,10
12.9354496,80.23464203,59945,59955,10
12.93575001,80.23388672,59955,59995,40
12.93575001,80.23388672,59995,60005,10
12.93599033,80.23378754,60005,60015,10
12.9365797,80.23407745,60015,60025,10
12.93741035,80.23446655,60025,60036,11
12.93846035,80.23500824,60036,60046,10
12.93941021,80.23548889,60046,60066,20
12.93941021,80.23548889,60066,60076,10
12.93949986,80.23555756,60076,60086,10
12.93976021,80.235672,60086,60096,10
12.94044971,80.23592377,60096,60106,10
12.94134998,80.23616028,60106,60116,10
12.94225025,80.23638153,60116,60126,10
12.94309998,80.23680115,60126,60137,11
12.94404984,80.23777008,60137,60146,9
12.94486046,80.23866272,60146,60158,12
12.9460001,80.23950195,60158,60168,10
12.94707012,80.23989105,60168,60188,20
12.94707012,80.23989105,60188,60198,10
12.94734001,80.24001312,60198,60208,10
12.94804001,80.24028015,60208,60228,20
12.94804001,80.24028015,60228,60238,10
12.94814968,80.2403183,60238,60249,11
12.94859982,80.24051666,60249,60259,10
12.94919968,80.24075317,60259,60269,10
12.94985008,80.24098206,60269,60278,9
12.95038986,80.24111938,60278,60289,11
12.95073986,80.24121857,60289,60299,10
12.95081997,80.24125671,60299,60309,10
12.95088959,80.24130249,60309,60319,10
12.95125008,80.24143982,60319,60329,10
12.95201015,80.24172211,60329,60339,10
12.95293045,80.2420578,60339,60349,10
12.95390034,80.24243164,60349,60360,11
12.95477962,80.2427597,60360,60370,10
12.95541,80.24298096,60370,60380,10
12.95590019,80.24314117,60380,60390,10
12.95606995,80.24320984,60390,60400,10
12.95631027,80.24331665,60400,60410,10
12.95650005,80.2434082,60410,60420,10
12.95713997,80.24368286,60420,60430,10
12.9579401,80.24404144,60430,60440,10
12.95825958,80.2441864,60440,60450,10
12.95855045,80.24432373,60450,60461,11
12.95870018,80.24440765,60461,60471,10
12.95880032,80.24446106,60471,60481,10
12.95928955,80.24468231,60481,60491,10
12.96014023,80.24504089,60491,60501,10
12.96117973,80.24550629,60501,60511,10
12.96218014,80.24598694,60511,60521,10
12.96269989,80.24623871,60521,60561,40
12.96269989,80.24623871,60561,60572,11
12.96296024,80.24642944,60572,60582,10
12.96337986,80.24662781,60582,60592,10
12.96389961,80.24684906,60592,60602,10
12.96459961,80.24712372,60602,60612,10
12.96547985,80.24739075,60612,60622,10
12.96611023,80.24761963,60622,60632,10
12.96642017,80.24778748,60632,60642,10
12.96658993,80.24784851,60642,60652,10
12.96697044,80.2480011,60652,60662,10
12.96708012,80.24806976,60662,60672,10
12.96763039,80.24833679,60672,60683,11
12.96864986,80.24871826,60683,60693,10
12.96963978,80.24913788,60693,60703,10
12.97078991,80.24958038,60703,60713,10
12.97208977,80.24993134,60713,60723,10
12.97342014,80.25028229,60723,60733,10
12.97455025,80.25055695,60733,60743,10
12.97480011,80.25061798,60743,60753,10
12.97521019,80.25074005,60753,60763,10
12.9759903,80.25097656,60763,60773,10
12.97700024,80.25128937,60773,60783,10
12.97789955,80.25187683,60783,60794,11
12.97877979,80.25250244,60794,60810,16
12.97941971,80.25257874,60810,60822,12
12.97994995,80.25241089,60822,60852,30
12.97994995,80.25241089,60852,60862,10
12.97998047,80.25225067,60862,60872,10
12.98003006,80.25195313,60872,60882,10
12.98007965,80.25179291,60882,60892,10
12.98021984,80.25131989,60892,60903,11
12.98046017,80.25054169,60903,60913,10
12.98066044,80.24967194,60913,60922,9
12.98075008,80.24871063,60922,60933,11
12.9808197,80.24751282,60933,60942,9
12.9809103,80.24643707,60942,60952,10
12.98106003,80.24526215,60952,60963,11
12.98118019,80.244133,60963,60973,10
12.98122025,80.24378204,60973,60983,10
12.98132992,80.24359894,60983,60993,10
12.98134995,80.24321747,60993,61003,10
12.98134995,80.24286652,61003,61014,11
12.98136044,80.24278259,61014,61024,10
12.98136997,80.24230194,61024,61034,10
12.98136044,80.24165344,61034,61044,10
12.98136997,80.24078369,61044,61054,10
12.98134041,80.23995972,61054,61064,10
12.98134041,80.23980713,61064,61073,9
12.98132038,80.23953247,61073,61084,11
12.98130035,80.2387619,61084,61094,10
12.98126984,80.23799896,61094,61104,10
12.9812603,80.23787689,61104,61114,10
12.98124027,80.23770905,61114,61125,11
12.98122025,80.23706055,61125,61135,10
12.98120975,80.23618317,61135,61145,10
12.98118019,80.23526001,61145,61155,10
12.98120022,80.23429871,61155,61165,10
12.98145962,80.2336731,61165,61175,10
12.98161983,80.23336029,61175,61185,10
12.98165035,80.23330688,61185,61195,10
12.98184013,80.23293304,61195,61205,10
12.98200035,80.23235321,61205,61215,10
12.9819603,80.23168182,61215,61226,11
12.98182964,80.23114014,61226,61236,10
12.9816103,80.23072052,61236,61246,10
12.98136044,80.2302475,61246,61256,10
12.98104,80.22973633,61256,61266,10
12.98087978,80.22943878,61266,61276,10
12.98060036,80.22895813,61276,61296,20
12.98060036,80.22895813,61296,61306,10
12.98042011,80.22868347,61306,61316,10
12.98017979,80.22818756,61316,61326,10
12.97988033,80.22766113,61326,61337,11
12.97959042,80.22717285,61337,61347,10
12.97929955,80.2266922,61347,61357,10
12.97889042,80.22601318,61357,61367,10
12.97850037,80.22537231,61367,61377,10
12.97809982,80.22473145,61377,61387,10
12.97780037,80.2243576,61387,61397,10
12.97770977,80.22422028,61397,61407,10
12.97749996,80.22383118,61407,61417,10
12.97710037,80.22318268,61417,61427,10
12.97692013,80.22276306,61427,61437,10
12.97721958,80.22270203,61437,61448,11
12.97723961,80.22270203,61448,61458,10
12.97751045,80.22267151,61458,61474,16
12.97749043,80.2216568,61474,61486,12
12.97729015,80.22128296,61486,61496,10
12.97663021,80.22126007,61496,62122,626
12.97663021,80.22126007,62122,62132,10
12.97636986,80.22118378,62132,62142,10
12.97616959,80.22119904,62142,62152,10
12.97612953,80.22147369,62152,62162,10
12.97638035,80.2217865,62162,62171,9
12.97638988,80.22180176,62171,62182,11
12.97647953,80.22202301,62182,62192,10
12.97675037,80.22250366,62192,62201,9
12.97704029,80.22293091,62201,62213,12
12.97747993,80.22370911,62213,62223,10
12.97791004,80.22438049,62223,62233,10
12.97834015,80.22505951,62233,62243,10
12.97881031,80.22582245,62243,62253,10
12.97924995,80.22654724,62253,62263,10
12.97964954,80.227211,62263,62273,10
12.97988987,80.2276001,62273,62283,10
12.98017979,80.22808838,62283,62293,10
12.98054028,80.22873688,62293,62303,10
12.98079014,80.22913361,62303,62313,10
12.98085022,80.22921753,62313,62324,11
12.98106956,80.22963715,62324,62334,10
12.9815197,80.23030853,62334,62344,10
12.98167992,80.23053741,62344,62354,10
12.98182011,80.23081207,62354,62364,10
12.98200989,80.23148346,62364,62374,10
12.98204994,80.2322464,62374,62384,10
12.98198032,80.23265839,62384,62394,10
12.98167992,80.23342133,62394,62404,10
12.98130989,80.23422241,62404,62414,10
12.98124027,80.23506927,62414,62425,11
12.9812603,80.23616028,62425,62435,10
12.98130035,80.23724365,62435,62445,10
12.98132992,80.23821259,62445,62455,10
12.98134995,80.23893738,62455,62465,10
12.98136044,80.23951721,62465,62475,10
12.98136997,80.2400589,62475,62485,10
12.98138046,80.24072266,62485,62495,10
12.98139,80.24150085,62495,62505,10
12.98139954,80.2421875,62505,62515,10
12.98141003,80.2423172,62515,62525,10
12.98141003,80.24266815,62525,62536,11
12.98139954,80.24288177,62536,62546,10
12.98136997,80.24346161,62546,62556,10
12.9812603,80.24436951,62556,62566,10
12.98112011,80.24555969,62566,62576,10
12.98097992,80.24688721,62576,62586,10
12.98087978,80.24797821,62586,62596,10
12.98073006,80.24963379,62596,62606,10
12.98044968,80.25086975,62606,62616,10
12.98015022,80.25216675,62616,62636,20
12.98015022,80.25216675,62636,62647,11
12.98015022,80.25251007,62647,62657,10
12.98048019,80.25267792,62657,62667,10
12.9812603,80.25263977,62667,62677,10
12.98237991,80.25258636,62677,62687,10
12.98361969,80.25241852,62687,62697,10
12.98470974,80.2521286,62697,62707,10
12.98536968,80.25193787,62707,62747,40
12.98536968,80.25193787,62747,62758,11
12.98542976,80.25193024,62758,62768,10
12.98577023,80.25180817,62768,62778,10
12.98631954,80.25167847,62778,62788,10
12.98680019,80.2515564,62788,62798,10
12.98740005,80.25140381,62798,62807,9
12.98777008,80.25138092,62807,62818,11
12.98785973,80.25145721,62818,62828,10
12.98795986,80.25166321,62828,62838,10
12.98803997,80.25203705,62838,62848,10
12.98805046,80.25224304,62848,62858,10
12.98801041,80.25263214,62858,62869,11
12.98799038,80.25279236,62869,62879,10
12.98797035,80.25299835,62879,62899,20
12.98797035,80.25299835,62899,62909,10
12.9879303,80.25344849,62909,62919,10
12.98789978,80.25398254,62919,62929,10
12.98785019,80.25443268,62929,62939,10
12.98777008,80.25501251,62939,62972,33
12.98766994,80.25511169,62972,63104,132
12.98781013,80.25495148,63104,63134,30
12.98781013,80.25495148,63134,63144,10
12.98777008,80.25505829,63144,63154,10
12.98771954,80.25538635,63154,63164,10
12.98766994,80.25595856,63164,63174,10
12.98760033,80.25662231,63174,63184,10
12.98750019,80.25737762,63184,63195,11
12.98742962,80.25829315,63195,63205,10
12.98727036,80.25936127,63205,63225,20
12.98727036,80.25936127,63225,63235,10
12.98729992,80.25946045,63235,63245,10
12.9872303,80.25962067,63245,63255,10
12.98705959,80.25953674,63255,63265,10
12.98676014,80.25945282,63265,64698,1433
12.98676014,80.25904846,64698,64860,162
12.98676014,80.25904846,64860,64870,10
12.98713017,80.2591095,64870,64880,10
12.98729992,80.25907898,64880,64890,10
12.98736954,80.25872803,64890,64931,41
12.98736954,80.25872803,64931,64941,10
12.98736,80.25811005,64941,64951,10
12.98746014,80.25739288,64951,64961,10
12.98756027,80.25617981,64961,65021,60
12.98756027,80.25617981,65021,65032,11
12.98752975,80.25592804,65032,65042,10
12.98764992,80.25547791,65042,65052,10
12.98766041,80.25499725,65052,65062,10
12.98768044,80.25496674,65062,65072,10
12.98771,80.25476074,65072,65082,10
12.98775959,80.2542572,65082,65092,10
12.98781967,80.25351715,65092,65102,10
12.98787975,80.25270081,65102,65112,10
12.98785973,80.25209045,65112,65132,20
12.98785973,80.25209045,65132,65143,11
12.98781967,80.25193024,65143,65153,10
12.98773956,80.25166321,65153,65163,10
12.98733997,80.25163269,65163,65173,10
12.98665047,80.25174713,65173,65183,10
12.98583984,80.25196075,65183,65193,10
12.98480988,80.25222778,65193,65243,50
12.98480988,80.25222778,65243,65254,11
12.98443031,80.25232697,65254,65264,10
12.98383999,80.25247955,65264,65274,10
12.98301029,80.25263214,65274,65284,10
12.98208046,80.25267792,65284,65300,16
12.98068047,80.25270844,65300,65312,12
12.97996044,80.25273132,65312,65352,40
12.97996044,80.25273132,65352,65363,11
12.97986984,80.25272369,65363,65373,10
12.97986031,80.25263214,65373,65383,10
12.97988987,80.25219727,65383,65403,20
12.97988987,80.25219727,65403,65413,10
12.97996998,80.25193024,65413,65423,10
12.98013973,80.25145721,65423,65433,10
12.98036003,80.2506485,65433,65443,10
12.98062038,80.2496109,65443,65453,10
12.98073006,80.24835205,65453,65462,9
12.98081017,80.24726868,65462,65474,12
12.98101044,80.24542236,65474,65484,10
12.98114014,80.24411011,65484,65494,10
12.9812603,80.24359894,65494,65504,10
12.98132038,80.24320221,65504,65514,10
12.98134041,80.24273682,65514,65534,20
12.98134041,80.24273682,65534,65544,10
12.98134041,80.24237061,65544,65554,10
12.98134041,80.24170685,65554,65564,10
12.98134041,80.24124908,65564,65575,11
12.98132038,80.24098206,65575,65595,20
12.98132038,80.24098206,65595,65605,10
12.98132038,80.24064636,65605,65615,10
12.98130989,80.24035645,65615,65625,10
12.98130989,80.24031067,65625,65635,10
12.98130989,80.23993683,65635,65645,10
12.98128986,80.23935699,65645,65655,10
12.9812603,80.23867035,65655,65665,10
12.98122978,80.23808289,65665,65675,10
12.98122978,80.23802185,65675,65686,11
12.98124027,80.23777008,65686,65696,10
12.98122025,80.23715973,65696,65706,10
12.98120022,80.23641968,65706,65716,10
12.98118019,80.23564148,65716,65726,10
12.9811697,80.23490143,65726,65736,10
12.98122978,80.23416138,65736,65746,10
12.98136997,80.23377991,65746,65756,10
12.98147011,80.23361206,65756,65766,10
12.98159981,80.2333374,65766,65776,10
12.9816103,80.23330688,65776,65786,10
12.98167038,80.23320007,65786,65797,11
12.98188019,80.23268127,65797,65807,10
12.98194981,80.23204041,65807,65817,10
12.98190022,80.23148346,65817,65827,10
12.98174953,80.23091125,65827,65837,10
12.98143959,80.23039246,65837,65847,10
12.98112011,80.2298584,65847,65857,10
12.98085976,80.22942352,65857,65867,10
12.98062038,80.22901154,65867,65887,20
12.98062038,80.22901154,65887,65897,10
12.98046017,80.22875977,65897,65908,11
12.98017979,80.22820282,65908,65918,10
12.97984028,80.22760773,65918,65928,10
12.97951984,80.22707367,65928,65938,10
12.97926998,80.22666168,65938,65948,10
12.97894001,80.22611237,65948,65958,10
12.97859955,80.22554779,65958,65968,10
12.9782896,80.22502136,65968,65978,10
12.97809982,80.22471619,65978,65988,10
12.9778204,80.22438049,65988,65998,10
12.9777298,80.22425079,65998,66009,11
12.97751045,80.22383881,66009,66018,9
12.97723961,80.22335815,66018,66028,10
12.97712994,80.22319794,66028,66039,11
12.97702026,80.22297668,66039,66049,10
12.97717953,80.22274017,66049,66059,10
12.97717953,80.22273254,66059,66069,10
12.97727966,80.22267151,66069,66079,10
12.97749996,80.22251892,66079,66089,10
12.97745991,80.22206879,66089,66099,10
12.97741985,80.22138214,66099,66109,10
12.97743988,80.22126007,66109,66120,11
12.97787952,80.22120667,66120,66130,10
12.97859001,80.22116089,66130,66140,10
12.97941017,80.22109985,66140,66150,10
12.98017979,80.22103882,66150,66160,10
12.98087978,80.22102356,66160,66170,10
12.98134041,80.22116089,66170,66179,9
12.98174,80.22145844,66179,66190,11
12.98202038,80.22167206,66190,66200,10
12.98209953,80.22170258,66200,66210,10
12.98241997,80.22181702,66210,66220,10
12.98262024,80.22187042,66220,66231,11
12.98268986,80.22189331,66231,66241,10
12.98293972,80.22199249,66241,66251,10
12.98297024,80.22200775,66251,66261,10
12.98309994,80.2220993,66261,66271,10
12.98320007,80.22216797,66271,66281,10
12.98342037,80.22231293,66281,66291,10
12.98361015,80.22245026,66291,66301,10
12.98408985,80.22273254,66301,66311,10
12.98458958,80.22303772,66311,66321,10
12.98507023,80.22325897,66321,66331,10
12.98513031,80.22328186,66331,66342,11
12.98542023,80.22328949,66342,66352,10
12.98571014,80.22303772,66352,66362,10
12.98610973,80.22297668,66362,66372,10
12.9863596,80.22296906,66372,66382,10
12.98637962,80.22296906,66382,66392,10
12.9864397,80.22299194,66392,66402,10
12.98670006,80.22299957,66402,66412,10
12.98686981,80.22303009,66412,66422,10
12.98694992,80.22303772,66422,66432,10
12.98711014,80.22303772,66432,66442,10
12.98731041,80.2230835,66442,66453,11
12.98779011,80.22303772,66453,66463,10
12.98822021,80.22273254,66463,66473,10
12.98834038,80.22264099,66473,66489,16
12.98869991,80.22226715,66489,66501,12
12.98911953,80.22177124,66501,66511,10
12.98929977,80.22154999,66511,66521,10
12.98954964,80.22126007,66521,66531,10
12.98997974,80.22073364,66531,66541,10
12.99044991,80.22033691,66541,66552,11
12.99053955,80.22028351,66552,66562,10
12.99106979,80.219841,66562,66642,80
12.99106979,80.219841,66642,66652,10
12.99133015,80.2197113,66652,66663,11
12.99174023,80.21942139,66663,66673,10
12.99223995,80.21907806,66673,66683,10
12.99269962,80.21871948,66683,66693,10
12.99316025,80.21833801,66693,66703,10
12.99359989,80.21797943,66703,66713,10
12.99386024,80.21779633,66713,66723,10
12.99413967,80.21762085,66723,66733,10
12.99435997,80.21749115,66733,66753,20
12.99435997,80.21749115,66753,66764,11
12.99450016,80.2173996,66764,66774,10
12.99483967,80.2171402,66774,66784,10
12.99522972,80.2168808,66784,66794,10
12.99580956,80.21665192,66794,66804,10
12.99652004,80.21650696,66804,66814,10
12.99713993,80.21642303,66814,66824,10
12.99744034,80.21614838,66824,66834,10
12.99744987,80.21613312,66834,66844,10
12.99763966,80.21600342,66844,66854,10
12.99810028,80.21563721,66854,66864,10
12.99860954,80.21515656,66864,66875,11
12.99905014,80.21479797,66875,66885,10
12.99940968,80.21452332,66885,66895,10
12.99985027,80.21411896,66895,66905,10
13.00030041,80.21369934,66905,66914,9
13.00076008,80.21327972,66914,66924,10
13.00121975,80.21292114,66924,66935,11
13.00160027,80.21263885,66935,66945,10
13.00207043,80.21234131,66945,66955,10
13.00255013,80.21212006,66955,66965,10
13.00304031,80.21206665,66965,66975,10
13.00360012,80.21202087,66975,66986,11
13.00438976,80.21217346,66986,66996,10
13.00500965,80.21250153,66996,67006,10
13.00541973,80.21278381,67006,67016,10
13.00609016,80.21282959,67016,67026,10
13.00669003,80.21270752,67026,67056,30
13.00708961,80.2127533,67056,67086,30
13.00708961,80.2127533,67086,67097,11
13.00743961,80.21279907,67097,67137,40
13.00743961,80.21279907,67137,67147,10
13.00769997,80.21289063,67147,67157,10
13.00780964,80.21298218,67157,67197,40
13.00780964,80.21298218,67197,67208,11
13.00806046,80.21318817,67208,67218,10
13.00829029,80.21327972,67218,67228,10
13.00866032,80.21354675,67228,67238,10
13.00911999,80.21417999,67238,67248,10
13.00951004,80.21475983,67248,67258,10
13.00955963,80.21485901,67258,67268,10
13.00967979,80.2150116,67268,67278,10
13.00992012,80.21537781,67278,67288,10
13.01043987,80.21598053,67288,67298,10
13.01074982,80.21678162,67298,67309,11
13.01115036,80.21768951,67309,67319,10
13.01152039,80.21868896,67319,67329,10
13.01187992,80.21974945,67329,67339,10
13.01214981,80.22058105,67339,67348,9
13.01222038,80.22073364,67348,67359,11
13.01233959,80.22102356,67359,67369,10
13.0125103,80.22148132,67369,67379,10
13.01274014,80.22193909,67379,67389,10
13.01321983,80.22244263,67389,67399,10
13.01369953,80.22303009,67399,67409,10
13.01422977,80.22367859,67409,67420,11
13.01471043,80.22422791,67420,67430,10
13.01511002,80.22470093,67430,67440,10
13.01541996,80.22496796,67440,67460,20
13.01541996,80.22496796,67460,67470,10
13.01570988,80.22516632,67470,67480,10
13.01636982,80.22531891,67480,67490,10
13.01721954,80.22505951,67490,67500,10
13.01807022,80.22471619,67500,67510,10
13.01896,80.22440338,67510,67520,10
13.01978016,80.22460175,67520,67531,11
13.02077007,80.22530365,67531,67541,10
13.02134037,80.22573853,67541,67551,10
13.02165985,80.22593689,67551,67561,10
13.02186966,80.22608185,67561,67581,20
13.02200985,80.22618103,67581,67621,40
13.02200985,80.22618103,67621,67631,10
13.02258968,80.22666168,67631,67660,29
13.02258968,80.22666168,67660,67670,10
13.0228796,80.22698975,67670,67700,30
13.0228796,80.22698975,67700,67710,10
13.02311993,80.22727203,67710,67719,9
13.02326012,80.22737885,67719,67729,10
13.02346992,80.22754669,67729,67741,12
13.02404022,80.2280426,67741,67781,40
13.02404022,80.2280426,67781,67791,10
13.02420044,80.22821808,67791,67801,10
13.02441025,80.22853088,67801,67811,10
13.02458954,80.22879791,67811,67821,10
13.02486038,80.22921753,67821,67831,10
13.02540016,80.22982788,67831,67882,51
13.02540016,80.22982788,67882,67892,10
13.02548981,80.22998047,67892,67902,10
13.02567959,80.23027802,67902,67912,10
13.02581024,80.2305603,67912,67922,10
13.02589989,80.23082733,67922,67932,10
13.02598,80.23117065,67932,67942,10
13.02628994,80.23133087,67942,67952,10
13.02682018,80.23117065,67952,67973,21
13.02682018,80.23117065,67973,67983,10
13.02700996,80.23113251,67983,67993,10
13.02727032,80.23104095,67993,68094,101
13.02727032,80.23104095,68094,68104,10
13.02760983,80.23097992,68104,68114,10
13.02772045,80.23095703,68114,68124,10
13.02818966,80.23090363,68124,68195,71
13.02855968,80.23091888,68195,68235,40
13.02855968,80.23091888,68235,68245,10
13.02873039,80.23085785,68245,68255,10
13.02910042,80.23085022,68255,68265,10
13.02937031,80.2308197,68265,68275,10
13.02982044,80.2307663,68275,68286,11
13.0301199,80.23074341,68286,68296,10
13.03038025,80.23071289,68296,68306,10
13.03061008,80.23071289,68306,68316,10
13.03085995,80.23069763,68316,68326,10
13.03096008,80.23068237,68326,68336,10
13.03127956,80.23065186,68336,68346,10
13.0313797,80.23065948,68346,68356,10
13.03160954,80.23065948,68356,68366,10
13.03180027,80.23065186,68366,68407,41
13.03180027,80.23065186,68407,68417,10
13.03219986,80.23062134,68417,68546,129
13.03219986,80.23062134,68546,68556,10
13.03267002,80.23053741,68556,68566,10
13.03295994,80.23053741,68566,68728,162
13.03295994,80.23053741,68728,68738,10
13.03349972,80.23058319,68738,68758,20
13.03349972,80.23058319,68758,68768,10
13.03367996,80.23052979,68768,68778,10
13.03392982,80.23052216,68778,68798,20
13.03392982,80.23052216,68798,68808,10
13.03411007,80.23052216,68808,68818,10
13.03421974,80.23049164,68818,68829,11
13.03439045,80.23040771,68829,68839,10
13.03462982,80.23033905,68839,68875,36
13.03462982,80.23033905,68875,68887,12
13.03487968,80.23000336,68887,68895,8
13.03476048,80.2299881,68895,68907,12
13.03429985,80.22998047,68907,69079,172
13.03413963,80.23033142,69079,69180,101
13.03413963,80.23033142,69180,69190,10
13.03396034,80.23046875,69190,69200,10
13.03320026,80.23046875,69200,69220,20
13.03320026,80.23046875,69220,69230,10
13.03293037,80.23046875,69230,69240,10
13.03234959,80.23053741,69240,69250,10
13.03129005,80.23065948,69250,69331,81
13.03129005,80.23065948,69331,69341,10
13.03100014,80.23065948,69341,69382,41
13.03059006,80.23072052,69382,69402,20
13.03059006,80.23072052,69402,69412,10
13.03034019,80.23075867,69412,69422,10
13.03005028,80.23078918,69422,69432,10
13.02978992,80.2308197,69432,69442,10
13.02960968,80.23085022,69442,69452,10
13.02915001,80.23091125,69452,69462,10
13.02851963,80.2309494,69462,69473,11
13.0278101,80.23098755,69473,69483,10
13.02764988,80.23120117,69483,69493,10
13.02770042,80.23178101,69493,69502,9
13.02775002,80.23223877,69502,69513,11
13.02779007,80.23280334,69513,69523,10
13.02694988,80.23294067,69523,69573,50
13.02694988,80.23294067,69573,69584,11
13.02665043,80.23301697,69584,69594,10
13.02639961,80.2329483,69594,69604,10
13.02624035,80.23261261,69604,69614,10
13.02616024,80.23233795,69614,69624,10
13.02608967,80.23210144,69624,69634,10
13.0260601,80.23184967,69634,69644,10
13.02589989,80.23139191,69644,69654,10
13.02563953,80.23059082,69654,69664,10
13.02517033,80.22979736,69664,69674,10
13.02476025,80.22927856,69674,69685,11
13.02451038,80.22895813,69685,69694,9
13.02418995,80.2285614,69694,69705,11
13.02367973,80.22795105,69705,69715,10
13.0232296,80.22750092,69715,69725,10
13.02303028,80.22737122,69725,69745,20
13.02303028,80.22737122,69745,69755,10
13.02276039,80.22714996,69755,69765,10
13.02258968,80.22685242,69765,69775,10
13.02229977,80.22657776,69775,69785,10
13.02182961,80.22618866,69785,69796,11
13.02118015,80.22569275,69796,69806,10
13.02050018,80.22519684,69806,69816,10
13.01988983,80.22480011,69816,69826,10
13.0198698,80.22479248,69826,69836,10
13.01980019,80.22476196,69836,69846,10
13.01951981,80.22458649,69846,69855,9
13.01869011,80.22451019,69855,69866,11
13.01764011,80.22492218,69866,69876,10
13.01671028,80.22530365,69876,69886,10
13.01605034,80.22554016,69886,69896,10
13.01535988,80.22577667,69896,69906,10
13.01441956,80.22618103,69906,69937,31
13.01441956,80.22618103,69937,69947,10
13.01428032,80.22621918,69947,69957,10
13.01391983,80.22631836,69957,69967,10
13.01331043,80.22653961,69967,69977,10
13.01261997,80.22679901,69977,69987,10
13.01183987,80.22711182,69987,69997,10
13.01101971,80.22740936,69997,70007,10
13.01019955,80.22772217,70007,70018,11
13.00946999,80.2277298,70018,70028,10
13.00955009,80.22731781,70028,70038,10
13.00981998,80.22673035,70038,70048,10
13.01018047,80.22590637,70048,70058,10
13.0105896,80.2249527,70058,70068,10
13.01099014,80.22402191,70068,70078,10
13.01161003,80.22221375,70078,70087,9
13.01161003,80.22221375,70087,70098,11
13.01194,80.22164917,70098,70108,10
13.01208019,80.22107697,70108,70119,11
13.01189995,80.22039795,70119,70129,10
13.01161957,80.21951294,70129,70139,10
13.01130962,80.21855164,70139,70149,10
13.01097965,80.21759033,70149,70162,13
13.01053047,80.21656799,70162,70172,10
13.01027966,80.21613312,70172,70182,10
13.01000023,80.21559143,70182,70192,10
13.00965977,80.21498871,70192,70202,10
13.00907993,80.21425629,70202,70212,10
13.0085001,80.21353149,70212,70293,81
13.00807953,80.21327972,70293,70344,51
13.00807953,80.21327972,70344,70354,10
13.00788975,80.21315002,70354,70364,10
13.00765038,80.21295166,70364,70374,10
13.00712013,80.21278381,70374,70384,10
13.00646019,80.21273804,70384,70394,10
13.00582027,80.21295166,70394,70403,9
13.00524044,80.21266937,70403,70413,10
13.00454044,80.21225739,70413,70424,11
13.00387955,80.21205902,70424,70434,10
13.00325966,80.21205902,70434,70445,11
13.00261021,80.21205139,70445,70455,10
13.00242043,80.21215057,70455,70465,10
13.00212002,80.21228027,70465,70475,10
13.00160027,80.21263885,70475,70485,10
13.00094986,80.21312714,70485,70495,10
13.00030994,80.21369934,70495,70505,10
12.99973965,80.21421814,70505,70515,10
12.99927998,80.2146225,70515,70525,10
12.99897003,80.21485901,70525,70535,10
12.99855995,80.21524811,70535,70545,10
12.9979496,80.21575928,70545,70556,11
12.99765968,80.21601868,70556,70566,10
12.99744987,80.21620941,70566,70657,91
12.99744987,80.21620941,70657,70667,10
12.99724007,80.21650696,70667,70677,10
12.99724007,80.21652222,70677,70687,10
12.99701023,80.21653748,70687,70697,10
12.99685955,80.21653748,70697,70707,10
12.9965601,80.21656036,70707,70727,20
12.9965601,80.21656036,70727,70737,10
12.99627018,80.21658325,70737,70747,10
12.99606037,80.21663666,70747,70757,10
12.99584961,80.21669006,70757,70768,11
12.99565029,80.21674347,70768,70778,10
12.99553967,80.21676636,70778,70788,10
12.99534035,80.21684265,70788,70798,10
12.99518967,80.21691895,70798,70808,10
12.9949398,80.21707916,70808,70818,10
12.99473,80.21721649,70818,70828,10
12.99435997,80.21750641,70828,70838,10
12.99386024,80.21787262,70838,70848,10
12.99330997,80.21826935,70848,70858,10
12.99300003,80.21848297,70858,70868,10
12.99258995,80.21881866,70868,70879,11
12.99188042,80.21933746,70879,70889,10
12.99160004,80.21956635,70889,70899,10
12.99141979,80.2196579,70899,70909,10
12.9910202,80.21945953,70909,70939,30
12.9910202,80.21945953,70939,70949,10
12.99090958,80.21939087,70949,70959,10
12.99042034,80.21922302,70959,70969,10
12.98964977,80.21896362,70969,70979,10
12.9888401,80.21864319,70979,70990,11
12.98793983,80.21842194,70990,71000,10
12.98748016,80.21833038,71000,71010,10
12.98736,80.21832275,71010,71020,10
12.98705959,80.21824646,71020,71030,10
12.98645973,80.21811676,71030,71040,10
12.98573017,80.21794891,71040,71050,10
12.9851799,80.21794128,71050,71060,10
12.98501968,80.21795654,71060,71070,10
12.98484993,80.21794891,71070,71080,10
12.98468971,80.21795654,71080,71091,11
12.98433971,80.21794128,71091,71101,10
12.98406029,80.21794128,71101,71111,10
12.98392963,80.21795654,71111,71121,10
12.9836998,80.21798706,71121,71161,40
12.98330975,80.21800232,71161,71230,69
12.98291969,80.21795654,71230,71382,152
12.98254013,80.21795654,71382,71463,81
12.9821701,80.21795654,71463,71513,50
12.98178005,80.21800232,71513,71574,61
12.98139954,80.21807861,71574,71635,61
12.98139954,80.21807861,71635,71645,10
12.98089027,80.2182312,71645,71695,50
12.98089027,80.2182312,71695,71705,10
12.98054028,80.21839142,71705,71725,20
12.98054028,80.21839142,71725,71735,10
12.98034,80.21846008,71735,71746,11
12.98029995,80.21846771,71746,71756,10
12.98011971,80.21852875,71756,71766,10
12.98009014,80.21853638,71766,71775,9
12.97976971,80.21868134,71775,71857,82
12.97947025,80.2188797,71857,71937,80
12.97912025,80.21898651,71937,72089,152
12.97875023,80.21903992,72089,72230,141
12.97875023,80.21903992,72230,72240,10
12.97844028,80.21926117,72240,72402,162
12.97844028,80.21926117,72402,72412,10
12.97803974,80.21942139,72412,72583,171
12.97803974,80.21942139,72583,72593,10
12.97766972,80.2195282,72593,72604,11
12.97745037,80.21959686,72604,72634,30
12.97708988,80.21975708,72634,72684,50
12.97675991,80.21994019,72684,72805,121
12.97638035,80.22009277,72805,72866,61
12.97603989,80.22022247,72866,72906,40
12.97603989,80.22022247,72906,72916,10
12.97558975,80.22042084,72916,72927,11
12.97550011,80.2207489,72927,72957,30
12.97550011,80.2207489,72957,72967,10
12.97570038,80.22103882,72967,72977,10
12.97605991,80.22148132,72977,72987,10
12.97644997,80.22203064,72987,72997,10
12.97651005,80.22212982,72997,73007,10
12.9766798,80.22242737,73007,73017,10
12.97698975,80.22296143,73017,73027,10
12.9774704,80.22371674,73027,73038,11
12.97795963,80.22444916,73038,73048,10
12.97819996,80.22483826,73048,73058,10
12.97854042,80.22534943,73058,73068,10
12.97859955,80.22544861,73068,73078,10
12.97869968,80.22561646,73078,73088,10
12.97900009,80.22612,73088,73098,10
12.97933006,80.22672272,73098,73108,10
12.97976017,80.22741699,73108,73118,10
12.98027039,80.2282486,73118,73128,10
12.98075962,80.22914124,73128,73138,10
12.98120022,80.22984314,73138,73149,11
12.98159027,80.23040771,73149,73159,10
12.98161983,80.23043823,73159,73169,10
12.98171997,80.23065186,73169,73179,10
12.98192024,80.23120117,73179,73189,10
12.98202038,80.23195648,73189,73199,10
12.9819603,80.23261261,73199,73209,10
12.98174,80.23322296,73209,73219,10
12.98161983,80.23348999,73219,73229,10
12.98157978,80.23355865,73229,73239,10
12.98134041,80.23403168,73239,73249,10
12.98118019,80.23475647,73249,73260,11
12.98120022,80.23597717,73260,73270,10
12.98124981,80.23692322,73270,73340,70
12.98124981,80.23692322,73340,73350,10
12.98124981,80.23726654,73350,73361,11
12.9812603,80.23767853,73361,73371,10
12.98128033,80.2382431,73371,73381,10
12.98128033,80.23854828,73381,73391,10
12.98128033,80.23858643,73391,73401,10
12.98128033,80.23886871,73401,73411,10
12.98128033,80.23940277,73411,73421,10
12.98128033,80.23957062,73421,73431,10
12.98130035,80.24001312,73431,73441,10
12.98132038,80.24079895,73441,73451,10
12.98132038,80.24175262,73451,73461,10
12.98134995,80.24256134,73461,73471,10
12.98134041,80.24279785,73471,73482,11
12.98132992,80.24288177,73482,73492,10
12.98134041,80.24331665,73492,73508,16
12.98122978,80.24440765,73508,73520,12
12.98108006,80.24564362,73520,73528,8
12.98097992,80.24659729,73528,73538,10
12.98085976,80.24786377,73538,73550,12
12.98071957,80.24936676,73550,73560,10
12.98054028,80.25039673,73560,73570,10
12.98011971,80.25213623,73570,73601,31
12.98011971,80.25213623,73601,73611,10
12.98007965,80.25228119,73611,73621,10
12.98019981,80.25257874,73621,73631,10
12.98079014,80.25266266,73631,73642,11
12.98169041,80.25261688,73642,73652,10
12.98301029,80.25254059,73652,73662,10
12.98433018,80.2522583,73662,73672,10
12.98561954,80.25192261,73672,73682,10
12.98672962,80.25164032,73682,73693,11
12.98746014,80.25141907,73693,73814,121
12.98746014,80.25141907,73814,73824,10
12.98752022,80.2514267,73824,73834,10
12.98783016,80.25151062,73834,73844,10
12.98793983,80.25196838,73844,73854,10
12.98799992,80.25244904,73854,73864,10
12.98797035,80.25280762,73864,73874,10
12.98791027,80.25350189,73874,73884,10
12.98783016,80.25421906,73884,73985,101
12.98783016,80.25421906,73985,73995,10
12.98781013,80.25473785,73995,74005,10
12.98777962,80.25514221,74005,74016,11
12.98771954,80.25563812,74016,74026,10
12.98764992,80.25605774,74026,74036,10
12.9875803,80.25639343,74036,74046,10
12.98754978,80.25682068,74046,74056,10
12.98748016,80.25763702,74056,74066,10
12.98740959,80.25849915,74066,74076,10
12.98738003,80.2589035,74076,74086,10
12.98731995,80.2591629,74086,74096,10
12.98725986,80.2594223,74096,74116,20
12.98725986,80.2594223,74116,74127,11
12.98707962,80.25959015,74127,74823,696
12.98696041,80.25958252,74823,74924,101
12.98692036,80.25956726,74924,75005,81
12.98692036,80.25956726,75005,75015,10
12.98655987,80.2591629,75015,75045,30
12.98655987,80.2591629,75045,75055,10
12.9868803,80.25901794,75055,75106,51
12.9868803,80.25901794,75106,75116,10
12.98725986,80.25914001,75116,75126,10
12.98735046,80.25901794,75126,75136,10
12.98738956,80.25868988,75136,75146,10
12.98740005,80.25839996,75146,75156,10
12.98744011,80.25794983,75156,75166,10
12.98750019,80.25710297,75166,75176,10
12.98754978,80.25614166,75176,75186,10
12.98764038,80.25566101,75186,75196,10
12.98771,80.25523376,75196,75207,11
12.98773003,80.25482178,75207,75217,10
12.98777008,80.25456238,75217,75227,10
12.98783016,80.25382996,75227,75237,10
12.98791027,80.25282288,75237,75247,10
12.98789024,80.2519989,75247,75257,10
12.98785973,80.25187683,75257,75267,10
12.98764038,80.25161743,75267,75283,16
12.98711014,80.25164795,75283,75295,12
12.98649979,80.25179291,75295,75305,10
12.98571968,80.25199127,75305,75316,11
12.98474979,80.25224304,75316,75326,10
12.98406982,80.25244141,75326,75336,10
12.98313999,80.2526474,75336,75346,10
12.98227978,80.25270844,75346,75356,10
12.98145962,80.25270844,75356,75366,10
12.98062992,80.25270081,75366,75376,10
12.98027039,80.25270844,75376,75385,9
12.98017979,80.25272369,75385,75395,10
12.98003006,80.25270844,75395,75406,11
12.97992992,80.25234222,75406,75417,11
12.97994995,80.25228119,75417,75427,10
12.9800396,80.25184631,75427,75437,10
12.98029041,80.25112152,75437,75447,10
12.98054028,80.25016785,75447,75457,10
12.98071957,80.24932098,75457,75467,10
12.98079014,80.2483902,75467,75477,10
12.98085976,80.2472229,75477,75487,10
12.98099995,80.24595642,75487,75497,10
12.98110008,80.24504089,75497,75507,10
12.98120975,80.24407959,75507,75517,10
12.98126984,80.24368286,75517,75528,11
12.98136997,80.24294281,75528,75548,20
12.98136997,80.24294281,75548,75558,10
12.98139,80.24259949,75558,75568,10
12.98136997,80.2420578,75568,75578,10
12.98136997,80.24136353,75578,75588,10
12.98136044,80.24066925,75588,75598,10
12.98134041,80.23992157,75598,75608,10
12.98132038,80.23915863,75608,75618,10
12.98128033,80.23806763,75618,75639,21
12.98128033,80.23806763,75639,75649,10
12.98128033,80.23777771,75649,75659,10
12.9812603,80.23722839,75659,75669,10
12.98124981,80.23636627,75669,75679,10
12.98122025,80.23552704,75679,75689,10
12.98118973,80.2348175,75689,75699,10
12.98128986,80.23409271,75699,75709,10
12.98151016,80.23358917,75709,75719,10
12.98155022,80.23349762,75719,75729,10
12.98157024,80.23345184,75729,75740,11
12.9816103,80.23336029,75740,75750,10
12.98178005,80.23300934,75750,75760,10
12.98198986,80.23236847,75760,75770,10
12.98196983,80.23178101,75770,75780,10
12.98188972,80.23120117,75780,75790,10
12.98165989,80.23062897,75790,75800,10
12.98134041,80.23010254,75800,75810,10
12.98104,80.22962189,75810,75820,10
12.98068047,80.22910309,75820,75840,20
12.98068047,80.22910309,75840,75851,11
12.98054981,80.22879791,75851,75861,10
12.98033047,80.22843933,75861,75871,10
12.98007965,80.22795868,75871,75881,10
12.97982025,80.22753143,75881,75891,10
12.97951984,80.22702789,75891,75901,10
12.97918987,80.22650909,75901,75911,10
12.97883987,80.22593689,75911,75921,10
12.97848034,80.22532654,75921,75931,10
12.97813988,80.22479248,75931,75941,10
12.97784042,80.22444153,75941,75951,10
12.97770023,80.22425079,75951,75962,11
12.97749043,80.22383118,75962,75972,10
12.97710037,80.22319031,75972,75982,10
12.97694969,80.22292328,75982,75992,10
12.97686005,80.22276306,75992,76002,10
12.97681046,80.22270966,76002,76012,10
12.97673988,80.22257996,76012,76022,10
12.97663975,80.22242737,76022,76032,10
12.97653961,80.22225952,76032,76042,10
12.9764204,80.2220993,76042,76052,10
12.9763298,80.22196198,76052,76063,11
12.97620964,80.22177124,76063,76073,10
12.97609043,80.22161865,76073,76113,40
12.97591019,80.22129822,76113,76194,81
12.97591019,80.22129822,76194,76204,10
12.9756403,80.22103882,76204,76214,10
12.97550011,80.22093201,76214,76224,10
12.97533989,80.22080231,76224,76234,10
12.97531986,80.22061157,76234,76244,10
12.97546005,80.22048187,76244,76254,10
12.97560024,80.22032928,76254,76264,10
12.97597027,80.22015381,76264,76274,10
12.97649002,80.21987915,76274,76285,11
12.97667027,80.21981049,76285,76295,10
12.97721958,80.21959686,76295,76305,10
12.97801018,80.21929169,76305,76315,10
12.97865009,80.21903992,76315,76325,10
12.9793396,80.21877289,76325,76335,10
12.97992039,80.21855164,76335,76345,10
12.98023033,80.21839905,76345,76354,9
12.98077965,80.21820068,76354,76365,11
12.98171997,80.21793365,76365,76374,9
12.98248005,80.21787262,76374,76385,11
12.98342037,80.21788025,76385,76396,11
12.9842701,80.21785736,76396,76406,10
12.98497009,80.2178421,76406,76416,10
12.98589039,80.2179184,76416,76426,10
12.98676014,80.21811676,76426,76436,10
12.98725986,80.21822357,76436,76446,10
12.98735046,80.21823883,76446,76456,10
12.98777962,80.21833801,76456,76466,10
12.98830032,80.21846008,76466,76476,10
12.9886198,80.21853638,76476,76486,10
12.9893198,80.21878052,76486,76497,11
12.99024963,80.21913147,76497,76507,10
12.99123955,80.21942902,76507,76517,10
12.99174976,80.21939087,76517,76527,10
12.9921999,80.21904755,76527,76537,10
12.9927597,80.21862793,76537,76547,10
12.99310017,80.2183609,76547,76557,10
12.99351978,80.21807861,76557,76567,10
12.99370003,80.21794128,76567,76577,10
12.99382973,80.21787262,76577,76597,20
12.99382973,80.21787262,76597,76608,11
12.99407959,80.21769714,76608,76618,10
12.99438953,80.21746826,76618,76628,10
12.99473,80.21723175,76628,76638,10
12.99514008,80.21691895,76638,76648,10
12.99571991,80.21663666,76648,76658,10
12.99615002,80.21653748,76658,76719,61
12.99615002,80.21653748,76719,76729,10
12.99654007,80.2164917,76729,76769,40
12.99654007,80.2164917,76769,76779,10
12.9969101,80.21647644,76779,76789,10
12.99705982,80.21646118,76789,76799,10
12.99755001,80.21608734,76799,76820,21
12.99755001,80.21608734,76820,76830,10
12.99773979,80.2159729,76830,76840,10
12.99818039,80.21555328,76840,76850,10
12.99884987,80.21495819,76850,76860,10
12.99923992,80.2146225,76860,76870,10
12.99967957,80.21427155,76870,76880,10
13.00002003,80.21398163,76880,76890,10
13.00069046,80.21337891,76890,76900,10
13.00123024,80.2129364,76900,76910,10
13.00175953,80.21253967,76910,76920,10
13.00224018,80.21228027,76920,76931,11
13.00286961,80.21206665,76931,76941,10
13.00337982,80.21204376,76941,76951,10
13.00380039,80.21198273,76951,76961,10
13.00428963,80.21211243,76961,76971,10
13.00489044,80.2124176,76971,76981,10
13.00562,80.21283722,76981,76991,10
13.00621986,80.21282196,76991,77001,10
13.00691032,80.21273804,77001,77011,10
13.00755024,80.21282959,77011,77031,20
13.00755024,80.21282959,77031,77042,11
13.00786972,80.21304321,77042,77062,20
13.00786972,80.21304321,77062,77072,10
13.00815964,80.21325684,77072,77082,10
13.00868988,80.21360779,77082,77092,10
13.00924969,80.21437073,77092,77102,10
13.00957012,80.21482849,77102,77112,10
13.00963974,80.21495819,77112,77122,10
13.0099802,80.21539307,77122,77132,10
13.01056004,80.2161026,77132,77143,11
13.01091957,80.21703339,77143,77153,10
13.0112896,80.21794128,77153,77163,10
13.01167011,80.21901703,77163,77173,10
13.01204967,80.22013092,77173,77182,9
13.01222038,80.22071838,77182,77194,12
13.01231003,80.22096252,77194,77204,10
13.01253986,80.22151184,77204,77214,10
13.01301956,80.22216034,77214,77224,10
13.0135498,80.22286224,77224,77234,10
13.01393986,80.22341919,77234,77244,10
13.01424026,80.22376251,77244,77255,11
13.01476002,80.22434235,77255,77264,9
13.01531029,80.22493744,77264,77275,11
13.01541996,80.22502136,77275,77285,10
13.01581001,80.22528076,77285,77295,10
13.01653004,80.22532654,77295,77305,10
13.01720047,80.22509003,77305,77315,10
13.01821041,80.2246933,77315,77325,10
13.01898003,80.22442627,77325,77335,10
13.01972008,80.22460938,77335,77345,10
13.02048016,80.22515106,77345,77356,11
13.02120018,80.22567749,77356,77366,10
13.02173996,80.22606659,77366,77376,10
13.02176952,80.22609711,77376,77386,10
13.02206039,80.22635651,77386,77396,10
13.02260971,80.22686005,77396,77406,10
13.02322006,80.22744751,77406,77416,10
13.02387047,80.22810364,77416,77426,10
13.02443027,80.22875977,77426,77436,10
13.0248003,80.22927094,77436,77446,10
13.02530956,80.22994232,77446,77456,10
13.02591991,80.23105621,77456,77477,21
13.02591991,80.23105621,77477,77487,10
13.02591991,80.23132324,77487,77497,10
13.02606964,80.23143768,77497,77507,10
13.02661991,80.23124695,77507,77517,10
13.02731991,80.23105621,77517,77527,10
13.02799034,80.23097229,77527,77537,10
13.02844048,80.23090363,77537,77547,10
13.02867031,80.23088074,77547,77557,10
13.02927017,80.23082733,77557,77567,10
13.02974987,80.23078918,77567,77578,11
13.03040028,80.23075104,77578,77588,10
13.03102016,80.23069763,77588,77598,10
13.03168964,80.23066711,77598,77608,10
13.03217983,80.23062134,77608,77618,10
13.03291988,80.2305603,77618,77628,10
13.0336504,80.23049927,77628,77638,10
13.03417015,80.23045349,77638,77647,9
13.0343399,80.23042297,77647,77658,11
13.03442001,80.23040009,77658,77668,10
13.03474998,80.23027802,77668,77678,10
13.03503036,80.22995758,77678,77689,11
13.03487968,80.22985077,77689,77699,10
13.03454971,80.22982025,77699,78052,353
13.03417969,80.2298584,78052,78123,71
13.03415966,80.23021698,78123,78163,40
13.03415966,80.23021698,78163,78173,10
13.03404045,80.2305069,78173,78183,10
13.03365993,80.2305069,78183,78193,10
13.03324032,80.2305603,78193,78203,10
13.0327301,80.23058319,78203,78213,10
13.03217983,80.23062897,78213,78224,11
13.03160954,80.23068237,78224,78234,10
13.03102016,80.23074341,78234,78244,10
13.03083038,80.23075867,78244,78254,10
13.03069973,80.23075867,78254,78264,10
13.03042984,80.23078918,78264,78274,10
13.0301199,80.23081207,78274,78284,10
13.03001022,80.23082733,78284,78294,10
13.02982998,80.23085022,78294,78304,10
13.02966022,80.23088074,78304,78314,10
13.02915001,80.23092651,78314,78324,10
13.02844048,80.23103333,78324,78335,11
13.02766991,80.23117065,78335,78345,10
13.02762985,80.23155212,78345,78355,10
13.02770042,80.23222351,78355,78365,10
13.02775955,80.2328186,78365,78374,9
13.02737045,80.23290253,78374,78385,11
13.02680969,80.23300934,78385,78395,10
13.02657986,80.23301697,78395,78405,10
13.02633953,80.23275757,78405,78415,10
13.02616978,80.23214722,78415,78425,10
13.02604008,80.23168182,78425,78435,10
13.02587986,80.23108673,78435,78446,11
13.02552986,80.23026276,78446,78455,9
13.02507973,80.22975159,78455,78557,102
13.02507973,80.22975159,78557,78567,10
13.02503967,80.22968292,78567,78577,10
13.02486992,80.22943115,78577,78587,10
13.02466965,80.22924042,78587,78597,10
13.02466011,80.22923279,78597,78607,10
13.02455044,80.22911835,78607,78617,10
13.02431965,80.22879028,78617,78627,10
13.0240097,80.22834778,78627,78637,10
13.02361965,80.22788239,78637,78647,10
13.02338028,80.22763824,78647,78658,11
13.02332973,80.22759247,78658,78668,10
13.02309036,80.22746277,78668,78698,30
13.02309036,80.22746277,78698,78708,10
13.02289009,80.22736359,78708,78718,10
13.02268028,80.22717285,78718,78728,10
13.02245998,80.22679901,78728,78738,10
13.02198029,80.22637939,78738,78748,10
13.02138996,80.22589874,78748,78759,11
13.02075958,80.22543335,78759,78769,10
13.02033043,80.22515106,78769,78779,10
13.02013969,80.22502136,78779,78789,10
13.01972008,80.22473907,78789,78799,10
13.01916981,80.22454071,78799,78809,10
13.01842022,80.22467804,78809,78819,10
13.0176897,80.22498322,78819,78829,10
13.01688957,80.22530365,78829,78839,10
13.01634026,80.22551727,78839,78849,10
13.01589012,80.22567749,78849,78859,10
13.01521969,80.22592926,78859,78870,11
13.01422024,80.22634888,78870,78890,20
13.01422024,80.22634888,78890,78900,10
13.01410007,80.22637939,78900,78910,10
13.01368999,80.22651672,78910,78920,10
13.01303959,80.22676086,78920,78930,10
13.01226997,80.22705078,78930,78940,10
13.01144028,80.22737885,78940,78950,10
13.01060009,80.22772217,78950,78960,10
13.00988007,80.2279892,78960,78970,10
13.00951004,80.22759247,78970,78981,11
13.00979996,80.22696686,78981,78991,10
13.01010036,80.22625732,78991,79001,10
13.01043034,80.22548676,79001,79011,10
13.01076031,80.22479248,79011,79021,10
13.01109982,80.22377014,79021,79041,20
13.01109982,80.22377014,79041,79051,10
13.01119995,80.22338867,79051,79061,10
13.01144028,80.22286987,79061,79071,10
13.01165962,80.22223663,79071,79081,10
13.01191044,80.22164154,79081,79092,11
13.01212025,80.22103882,79092,79102,10
13.01196003,80.22045135,79102,79112,10
13.01173019,80.21967316,79112,79122,10
13.0114603,80.21881104,79122,79132,10
13.01119041,80.21803284,79132,79142,10
13.01088047,80.21727753,79142,79152,10
13.01064014,80.21674347,79152,79162,10
13.01043987,80.21634674,79162,79172,10
13.01021957,80.21607971,79172,79182,10
13.00994968,80.21550751,79182,79193,11
13.00949955,80.21478271,79193,79203,10
13.00897026,80.21411133,79203,79213,10
13.00879955,80.21392059,79213,79223,10
13.00862026,80.21372223,79223,79233,10
13.00813007,80.21337891,79233,79269,36
13.00786018,80.21320343,79269,79291,22
13.00786018,80.21320343,79291,79302,11
13.00771046,80.21305847,79302,79312,10
13.00730038,80.212883,79312,79322,10
13.00677967,80.21283722,79322,79332,10
13.00617981,80.21291351,79332,79342,10
13.00566959,80.2130127,79342,79352,10
13.0050602,80.21266174,79352,79362,10
13.00465012,80.21247101,79362,79372,10
13.0040102,80.21221161,79372,79391,19
13.0040102,80.21221161,79391,79401,10
13.00380993,80.21212769,79401,79413,12
13.00327015,80.21212769,79413,79423,10
13.00277996,80.21212006,79423,79433,10
13.00226021,80.21228027,79433,79443,10
13.00189972,80.21247864,79443,79453,10
13.00133991,80.21291351,79453,79463,10
13.00067043,80.21343994,79463,79473,10
13.00004005,80.21404266,79473,79483,10
12.99958038,80.21446228,79483,79493,10
12.99913979,80.21479797,79493,79503,10
12.99890041,80.21499634,79503,79514,11
12.99843025,80.2154007,79514,79524,10
12.99765015,80.21607971,79524,79564,40
12.99765015,80.21607971,79564,79574,10
12.9974699,80.21627808,79574,79584,10
12.99726963,80.21656036,79584,79594,10
12.99705982,80.21656799,79594,79604,10
12.99652004,80.2166214,79604,79614,10
12.99588966,80.21672821,79614,79625,11
12.99522018,80.21697998,79625,79635,10
12.99493027,80.21714783,79635,79645,10
12.99466038,80.2173233,79645,79655,10
12.99431038,80.2175827,79655,79665,10
12.99400043,80.21781158,79665,79675,10
12.99363995,80.21806335,79675,79685,10
12.99308014,80.21846771,79685,79695,10
12.99256992,80.21887207,79695,79705,10
12.99197006,80.21935272,79705,79715,10
12.99145985,80.21977234,79715,79725,10
12.99092007,80.22013855,79725,79736,11
12.9907999,80.22019958,79736,79746,10
12.99067974,80.22025299,79746,79756,10
12.99030018,80.22058105,79756,79766,10
12.98976994,80.22112274,79766,79776,10
12.98921013,80.22176361,79776,79792,16
12.9882803,80.22280121,79792,79804,12
12.98764992,80.22315216,79804,79812,8
12.98760033,80.22316742,79812,79824,12
12.98738956,80.22312164,79824,79834,10
12.98698044,80.22306824,79834,79845,11
12.98649025,80.22299957,79845,79855,10
12.98616028,80.22296906,79855,79865,10
12.98556042,80.2231369,79865,79875,10
12.98513985,80.22328186,79875,79885,10
12.98466015,80.22309113,79885,79895,10
12.98441982,80.22297668,79895,79905,10
12.9840498,80.22276306,79905,79915,10
12.98318005,80.22223663,79915,79935,20
12.98318005,80.22223663,79935,79945,10
12.98303986,80.22213745,79945,79956,11
12.98266029,80.22193909,79956,79966,10
12.98227978,80.22180176,79966,79976,10
12.98174,80.22147369,79976,79986,10
12.98114967,80.22116852,79986,79996,10
12.98048973,80.22109985,79996,80006,10
12.97988987,80.22110748,80006,80016,10
12.97914028,80.22116089,80016,80026,10
12.9783802,80.22119141,80026,80036,10
12.97766972,80.22122955,80036,80046,10
12.97681999,80.22125244,80046,80057,11
12.97616005,80.2212677,80057,80067,10
12.97632027,80.2217865,80067,80087,20
12.97632027,80.2217865,80087,80097,10
12.9764204,80.22205353,80097,80107,10
12.9766798,80.22247314,80107,80117,10
12.97708988,80.22312164,80117,80133,16
12.97787952,80.2243576,80133,80145,12
12.97840977,80.22519684,80145,80154,9
12.97877979,80.22583008,80154,80165,11
12.97922039,80.2265625,80165,80176,11
12.97966003,80.22727966,80176,80186,10
12.98013973,80.22805786,80186,80196,10
12.98054028,80.22875977,80196,80205,9
12.98083973,80.22924805,80205,80216,11
12.98151016,80.23023224,80216,80236,20
12.98151016,80.23023224,80236,80246,10
12.98165989,80.2305603,80246,80256,10
12.98190022,80.23119354,80256,80266,10
12.98200035,80.23206329,80266,80277,11
12.98180008,80.23303986,80277,80287,10
12.98161983,80.23343658,80287,80297,10
12.98155022,80.23358154,80297,80307,10
12.98128033,80.23416138,80307,80316,9
12.98116016,80.23497009,80316,80327,11
12.98118973,80.23618317,80327,80337,10
12.98122978,80.23728943,80337,80346,9
12.98124981,80.2379837,80346,80357,11
12.9812603,80.23858643,80357,80367,10
12.9812603,80.2386322,80367,80377,10
12.9812603,80.23896027,80377,80388,11
12.98128033,80.2396698,80388,80398,10
12.98128986,80.24033356,80398,80408,10
12.98130035,80.24111938,80408,80418,10
12.98130035,80.24189758,80418,80428,10
12.98130989,80.24233246,80428,80438,10
12.98130989,80.24282074,80438,80448,10
12.98132038,80.24298859,80448,80458,10
12.98130035,80.24349976,80458,80468,10
12.98120022,80.24433136,80468,80478,10
12.98106003,80.24539185,80478,80489,11
12.98091984,80.24674988,80489,80499,10
12.98081017,80.24810791,80499,80509,10
12.98068047,80.24954224,80509,80519,10
12.9803896,80.25089264,80519,80529,10
12.98015022,80.25190735,80529,80539,10
12.98011017,80.25215912,80539,80549,10
12.98009968,80.25216675,80549,80559,10
12.9800396,80.25241852,80559,80569,10
12.98027992,80.25263214,80569,80579,10
12.98101997,80.25263977,80579,80589,10
12.98206043,80.25260925,80589,80600,11
12.98348999,80.25250244,80600,80610,10
12.98486042,80.25215149,80610,80620,10
12.98573017,80.25189972,80620,80630,10
12.9861002,80.25177002,80630,80640,10
12.98645973,80.25167084,80640,80650,10
12.98694038,80.25154114,80650,80660,10
12.98738003,80.25141144,80660,80670,10
12.98781967,80.25141907,80670,80680,10
12.98797035,80.25205994,80680,80690,10
12.98793983,80.25286865,80690,80700,10
12.98785973,80.25375366,80700,80711,11
12.98775005,80.25493622,80711,80741,30
12.98775005,80.25493622,80741,80751,10
12.98768997,80.25499725,80751,80761,10
12.98764038,80.25537872,80761,80771,10
12.98762989,80.2557373,80771,80781,10
12.9875803,80.2559967,80781,80801,20
12.9875803,80.2559967,80801,80812,11
12.9874897,80.25624084,80812,80822,10
12.98748016,80.25643921,80822,80832,10
12.98748016,80.25666046,80832,80842,10
12.98744965,80.25714874,80842,80852,10
12.98740005,80.25795746,80852,80862,10
12.98736,80.25859833,80862,80872,10
12.98723984,80.25933075,80872,80892,20
12.98723984,80.25933075,80892,80902,10
12.98721981,80.25952911,80902,80912,10
12.98696041,80.25964355,80912,81092,180
12.98696041,80.25964355,81092,81102,10
12.98678017,80.25956726,81102,81112,10
12.98655033,80.25939178,81112,81122,10
