13.12024975,80.25914764,17,3365,3348
13.12024975,80.25914764,3365,3375,10
13.12038994,80.25904083,3375,3385,10
13.12016964,80.25881958,3385,3667,282
13.12016964,80.25881958,3667,3677,10
13.11993027,80.2588501,3677,3849,172
13.11993027,80.2588501,3849,3859,10
13.11983967,80.25869751,3859,3869,10
13.12001991,80.25874329,3869,3879,10
13.12026024,80.25878906,3879,3889,10
13.12047958,80.25900269,3889,3899,10
13.12024975,80.25917816,3899,8216,4317
13.12022972,80.25932312,8216,9053,837
13.12030983,80.25923157,9053,9477,424
13.12024021,80.25908661,9477,11453,1976
13.1202898,80.25921631,11453,18412,6959
13.1202898,80.2592392,18412,22749,4337
13.1202898,80.25913239,22749,23808,1059
13.12059975,80.2592926,23808,23869,61
13.12059975,80.2592926,23869,23879,10
13.1207304,80.25933838,23879,23899,20
13.1207304,80.25933838,23899,23909,10
13.12090969,80.25933075,23909,23919,10
13.12123966,80.25932312,23919,23929,10
13.12152004,80.25933075,23929,24020,91
13.12152004,80.25933075,24020,24030,10
13.12141991,80.25926971,24030,24040,10
13.12112999,80.25930023,24040,24050,10
13.12073994,80.25933075,24050,24059,9
13.12043953,80.25933838,24059,24071,12
13.12001038,80.2593689,24071,24081,10
13.11942959,80.25939941,24081,24091,10
13.11900043,80.2594223,24091,24101,10
13.11853027,80.2594223,24101,24111,10
13.11832047,80.25981903,24111,24121,10
13.11820984,80.26055908,24121,24131,10
13.11806965,80.26133728,24131,24141,10
13.11769009,80.26196289,24141,24151,10
13.11732006,80.26203918,24151,24161,10
13.11699963,80.26203156,24161,24171,10
13.11645031,80.26199341,24171,24181,10
13.11612034,80.26190186,24181,24192,11
13.1157999,80.26183319,24192,24202,10
13.11559963,80.26178741,24202,24212,10
13.11520958,80.26170349,24212,24222,10
13.11470985,80.26158142,24222,24232,10
13.11429977,80.26139832,24232,24242,10
13.11410046,80.26127625,24242,24252,10
13.11394024,80.26101685,24252,24262,10
13.11384964,80.26056671,24262,24272,10
13.11369038,80.2600708,24272,24282,10
13.1135397,80.259758,24282,24292,10
13.11338043,80.25958252,24292,24303,11
13.11285973,80.25955963,24303,24313,10
13.11209965,80.25956726,24313,24323,10
13.11149025,80.25959778,24323,24333,10
13.11083031,80.2596283,24333,24343,10
13.11061001,80.25964355,24343,24363,20
13.11061001,80.25964355,24363,24373,10
13.11050034,80.25962067,24373,24383,10
13.11009979,80.25964355,24383,24393,10
13.10958958,80.25971222,24393,24403,10
13.10933971,80.25971985,24403,24412,9
13.10910034,80.25978088,24412,24424,12
13.10894012,80.25984955,24424,24434,10
13.10857964,80.26010132,24434,24444,10
13.10768032,80.26055908,24444,24464,20
13.10768032,80.26055908,24464,24474,10
13.10737991,80.26064301,24474,24484,10
13.10676956,80.2607193,24484,24494,10
13.10608959,80.26081848,24494,24504,10
13.10571003,80.26087952,24504,24514,10
13.10534,80.26094055,24514,24524,10
13.10507965,80.26097107,24524,24535,11
13.10472012,80.26100159,24535,24545,10
13.10449028,80.2610321,24545,24555,10
13.10437965,80.26103973,24555,24575,20
13.10437965,80.26103973,24575,24585,10
13.10408974,80.2609787,24585,24595,10
13.10356045,80.26081848,24595,24605,10
13.10303974,80.26069641,24605,24615,10
13.10278988,80.26064301,24615,24625,10
13.10256004,80.2605896,24625,24634,9
13.1021204,80.2604599,24634,24645,11
13.10136032,80.26016998,24645,24656,11
13.10048008,80.25991821,24656,24666,10
13.10023022,80.2598877,24666,24676,10
13.10009956,80.25984192,24676,24686,10
13.09965992,80.25974274,24686,24696,10
13.09953976,80.25971985,24696,24706,10
13.09926033,80.25972748,24706,24716,10
13.09887981,80.25988007,24716,24726,10
13.09860992,80.26000977,24726,24736,10
13.09813976,80.26016235,24736,24746,10
13.09788036,80.26020813,24746,24755,9
13.09761047,80.26029968,24755,24767,12
13.0971899,80.26032257,24767,24777,10
13.09727955,80.25993347,24777,24787,10
13.09737968,80.25939941,24787,24797,10
13.09724045,80.25920105,24797,24807,10
13.09677982,80.25914764,24807,24817,10
13.09646034,80.2591095,24817,24827,10
13.09609032,80.25904846,24827,24837,10
13.09585953,80.25900269,24837,24847,10
13.09529972,80.25894165,24847,24857,10
13.09465981,80.25888062,24857,24866,9
13.09399986,80.25884247,24866,24877,11
13.09342003,80.25884247,24877,24888,11
13.09298992,80.25881958,24888,24898,10
13.09249973,80.25878906,24898,24908,10
13.09218025,80.25878143,24908,24918,10
13.09158039,80.25875854,24918,24928,10
13.09113026,80.25871277,24928,24938,10
13.09066963,80.25865936,24938,24958,20
13.09066963,80.25865936,24958,24968,10
13.09035015,80.25863647,24968,24978,10
13.08987045,80.25862122,24978,24987,9
13.08922958,80.25862122,24987,24999,12
13.08862972,80.25859833,24999,25009,10
13.08794975,80.2585907,25009,25019,10
13.08738995,80.25859833,25019,25029,10
13.08718967,80.25879669,25029,25039,10
13.08728027,80.25920868,25039,25049,10
13.08743954,80.25975037,25049,25059,10
13.0876503,80.26049042,25059,25069,10
13.08780003,80.2611618,25069,25079,10
13.08802986,80.26199341,25079,25089,10
13.08819008,80.26238251,25089,25099,10
13.08829021,80.26264954,25099,25108,9
13.08839035,80.26316071,25108,25120,12
13.08810043,80.26319885,25120,25130,10
13.08757973,80.26306915,25130,25140,10
13.08681011,80.26296234,25140,25150,10
13.08592987,80.26291656,25150,25160,10
13.08563995,80.26312256,25160,25170,10
13.08563995,80.26318359,25170,25180,10
13.08561993,80.26360321,25180,25190,10
13.08557987,80.26416016,25190,25200,10
13.08551979,80.2649765,25200,25210,10
13.08537006,80.26589203,25210,25220,10
13.08522987,80.26689148,25220,25231,11
13.08508968,80.26734924,25231,25241,10
13.08498955,80.26766968,25241,25251,10
13.08491993,80.26834869,25251,25261,10
13.08479977,80.26911163,25261,25271,10
13.08460045,80.26979065,25271,25281,10
13.08440971,80.27033997,25281,25291,10
13.08430004,80.27068329,25291,25301,10
13.08428001,80.27084351,25301,25311,10
13.08384037,80.27091217,25311,25321,10
13.08362007,80.27114868,25321,25331,10
13.08370018,80.27162933,25331,25341,10
13.08347034,80.27214813,25341,25352,11
13.08294964,80.2723465,25352,25362,10
13.0827198,80.27258301,25362,25372,10
13.08275032,80.27291107,25372,25382,10
13.0825901,80.27307129,25382,25392,10
13.08213043,80.27317047,25392,25402,10
13.08199024,80.27314758,25402,25412,10
13.08187008,80.27307892,25412,25422,10
13.08168983,80.27298737,25422,25432,10
13.08148956,80.27303314,25432,25442,10
13.08148956,80.27337646,25442,25452,10
13.08150005,80.27348328,25452,25463,11
13.08166027,80.2738266,25463,25473,10
13.08201981,80.27424622,25473,25483,10
13.0820303,80.27487183,25483,25493,10
13.08205032,80.27513885,25493,25503,10
13.08201981,80.27555084,25503,25523,20
13.08201981,80.27555084,25523,25533,10
13.08201027,80.27559662,25533,25543,10
13.08195972,80.27593231,25543,25553,10
13.08187008,80.27626038,25553,25563,10
13.08193016,80.2769165,25563,25573,10
13.08201981,80.27784729,25573,25584,11
13.08213997,80.27877808,25584,25594,10
13.08215046,80.27902222,25594,25604,10
13.08222008,80.27951813,25604,25614,10
13.08230019,80.28035736,25614,25624,10
13.08238029,80.28124237,25624,25634,10
13.08250046,80.28179169,25634,25644,10
13.08285999,80.28198242,25644,25654,10
13.08308029,80.28212738,25654,25664,10
13.08360004,80.2824707,25664,25674,10
13.0843401,80.28298187,25674,25684,10
13.0850296,80.28363037,25684,25695,11
13.0853796,80.28369904,25695,25705,10
13.08549976,80.28359985,25705,25715,10
13.08586979,80.28356171,25715,25725,10
13.0862999,80.28357697,25725,25735,10
13.08656025,80.283638,25735,25745,10
13.08687973,80.28366852,25745,26169,424
13.08724976,80.28376007,26169,26199,30
13.08751965,80.28375244,26199,26229,30
13.08751965,80.28375244,26229,26239,10
13.08777046,80.28372192,26239,26249,10
13.0880003,80.28365326,26249,26259,10
13.08813,80.28359222,26259,26269,10
13.08827972,80.2835083,26269,26280,11
13.08829975,80.28321075,26280,26290,10
13.08831978,80.28273773,26290,26300,10
13.08827972,80.28214264,26300,26310,10
13.0880003,80.28153229,26310,26320,10
13.08734035,80.28127289,26320,26330,10
13.08673,80.28108978,26330,26340,10
13.08633995,80.28098297,26340,26350,10
13.08576965,80.2806778,26350,26360,10
13.08557034,80.27993011,26360,26370,10
13.08508015,80.27937317,26370,26380,10
13.08423996,80.27919769,26380,26390,10
13.08337975,80.2789917,26390,26401,11
13.08306026,80.27883911,26401,26411,10
13.08273983,80.27866364,26411,26421,10
13.08263969,80.27864075,26421,26431,10
13.08226967,80.27848053,26431,26441,10
13.0820303,80.27810669,26441,26451,10
13.0819397,80.27742004,26451,26461,10
13.08183002,80.27654266,26461,26471,10
13.08160973,80.2753067,26471,26542,71
13.08160973,80.2753067,26542,26552,10
13.08164978,80.27519226,26552,26562,10
13.08160973,80.27474213,26562,26572,10
13.08152008,80.27413177,26572,26582,10
13.08137989,80.27320099,26582,26612,30
13.08137989,80.27320099,26612,26621,9
13.08137989,80.27298737,26621,26633,12
13.08150005,80.27246094,26633,26643,10
13.08135033,80.27169037,26643,26653,10
13.08096981,80.27118683,26653,26663,10
13.08080006,80.27062988,26663,26673,10
13.08076954,80.26981354,26673,26683,10
13.08076,80.26879883,26683,26693,10
13.08073997,80.26790619,26693,26703,10
13.08073044,80.26770782,26703,26713,10
13.08075047,80.26727295,26713,26723,10
13.08075047,80.26651764,26723,26733,10
13.08075047,80.26567841,26733,26743,10
13.08071995,80.26528931,26743,26754,11
13.08055019,80.26448059,26754,26764,10
13.08034992,80.26355743,26764,26774,10
13.08016968,80.26296997,26774,26784,10
13.07979965,80.26293182,26784,26794,10
13.07936001,80.26290131,26794,26804,10
13.07940006,80.26278687,26804,26814,10
13.07944965,80.26280212,26814,26823,9
13.07952976,80.26278687,26823,26834,11
13.07991028,80.26287842,26834,26844,10
13.08012009,80.26254272,26844,26854,10
13.08006001,80.26206207,26854,26865,11
13.07979965,80.26123047,26865,26875,10
13.07954025,80.26030731,26875,26885,10
13.07940006,80.25924683,26885,26895,10
13.07929039,80.25832367,26895,26905,10
13.07917976,80.25727081,26905,26915,10
13.07907963,80.25631714,26915,26925,10
13.07898045,80.25537872,26925,26935,10
13.07890034,80.25462341,26935,26945,10
13.07878971,80.25376892,26945,26955,10
13.07876015,80.25347137,26955,26965,10
13.07876968,80.25328827,26965,26976,11
13.0788002,80.25263977,26976,26986,10
13.07882023,80.2519989,26986,26996,10
13.07882023,80.25187683,26996,27006,10
13.07853985,80.25167084,27006,27016,10
13.07814026,80.25170898,27016,27026,10
13.07746983,80.25183868,27026,27036,10
13.07666016,80.2519989,27036,27046,10
13.07577038,80.25213623,27046,27056,10
13.07487965,80.25219727,27056,27066,10
13.07406044,80.25228882,27066,27076,10
13.0734396,80.25243378,27076,27086,10
13.07269955,80.25240326,27086,27097,11
13.07215977,80.25173187,27097,27107,10
13.07199001,80.25073242,27107,27117,10
13.07170963,80.24980927,27117,27127,10
13.07153034,80.24893188,27127,27137,10
13.07133007,80.24803162,27137,27147,10
13.07098961,80.24714661,27147,27157,10
13.07054043,80.24620056,27157,27167,10
13.0700798,80.24520874,27167,27177,10
13.06972027,80.24424744,27177,27187,10
13.06941986,80.24337769,27187,27197,10
13.06927967,80.24263,27197,27208,11
13.0697298,80.2421875,27208,27218,10
13.07052994,80.24195862,27218,27228,10
13.07126999,80.24170685,27228,27238,10
13.07198048,80.24137115,27238,27248,10
13.07262993,80.24095917,27248,27258,10
13.07332993,80.24073029,27258,27268,10
13.07402992,80.24050903,27268,27278,10
13.07495975,80.24047089,27278,27288,10
13.07606983,80.24046326,27288,27298,10
13.07695007,80.2405777,27298,27308,10
13.07711029,80.24019623,27308,27318,10
13.07709026,80.24004364,27318,27329,11
13.07707977,80.23988342,27329,27339,10
13.07691956,80.2392807,27339,27349,10
13.07670975,80.23847961,27349,27359,10
13.07653999,80.23777771,27359,27369,10
13.07645035,80.23738861,27369,27379,10
13.07639027,80.23710632,27379,27389,10
13.07627964,80.23647308,27389,27398,9
13.07618046,80.23568726,27398,27409,11
13.07594013,80.23461914,27409,27419,10
13.07575035,80.23420715,27419,27429,10
13.07563972,80.23394012,27429,27439,10
13.07544041,80.23332214,27439,27450,11
13.07518005,80.23246002,27450,27460,10
13.07505035,80.23166656,27460,27470,10
13.07483006,80.23094177,27470,27480,10
13.07472038,80.23061371,27480,27490,10
13.07466984,80.23046875,27490,27500,10
13.07452965,80.2300415,27500,27510,10
13.07433987,80.22949219,27510,27520,10
13.07415962,80.22881317,27520,27530,10
13.07408047,80.22808838,27530,27540,10
13.07398987,80.22731781,27540,27549,9
13.07392979,80.22657776,27549,27561,12
13.07390976,80.22563934,27561,27571,10
13.07394981,80.22541809,27571,27581,10
13.0739603,80.22532654,27581,27591,10
13.07400036,80.22493744,27591,27601,10
13.07398987,80.22490692,27601,27611,10
13.0740099,80.22471619,27611,27621,10
13.07406044,80.22418213,27621,27631,10
13.0741396,80.22335815,27631,27641,10
13.07417965,80.22238922,27641,27651,10
13.07433033,80.22110748,27651,27682,31
13.07433033,80.22110748,27682,27692,10
13.07431984,80.22093964,27692,27722,30
13.07431984,80.22093964,27722,27732,10
13.07443047,80.22049713,27732,27742,10
13.07452965,80.21980286,27742,27752,10
13.07458019,80.2195816,27752,27762,10
13.07462025,80.21943665,27762,27772,10
13.07472038,80.21896362,27772,27781,9
13.07481003,80.21829987,27781,27793,12
13.07495975,80.21749115,27793,27803,10
13.07503986,80.21646118,27803,27833,30
13.07503986,80.21646118,27833,27843,10
13.07513046,80.21621704,27843,27853,10
13.07520962,80.2156601,27853,27863,10
13.07532978,80.21494293,27863,27873,10
13.07553959,80.21424103,27873,27883,10
13.07590008,80.21343994,27883,27893,10
13.07643986,80.21263123,27893,27903,10
13.07682991,80.21204376,27903,27914,11
13.07691002,80.21186066,27914,27924,10
13.07701969,80.2113266,27924,27934,10
13.07709026,80.21073914,27934,27944,10
13.07713985,80.21041107,27944,27954,10
13.07721996,80.20976257,27954,27964,10
13.07724953,80.20937347,27964,27974,10
13.07724953,80.20892334,27974,27984,10
13.07715988,80.20818329,27984,27994,10
13.07711983,80.20722961,27994,28004,10
13.07699013,80.20613098,28004,28013,9
13.07680988,80.20510864,28013,28025,12
13.07664967,80.20423889,28025,28035,10
13.07647038,80.20352936,28035,28045,10
13.07627964,80.20279694,28045,28055,10
13.07621002,80.20202637,28055,28065,10
13.07621956,80.20136261,28065,28075,10
13.07627964,80.20107269,28075,28085,10
13.07631016,80.20072937,28085,28095,10
13.07612991,80.20011139,28095,28105,10
13.07522964,80.1999588,28105,28115,10
13.07427979,80.19998169,28115,28125,10
13.07388973,80.20025635,28125,28135,10
13.07365036,80.20056915,28135,28146,11
13.07343006,80.20082855,28146,28156,10
13.07297993,80.20134735,28156,28166,10
13.0723896,80.2020874,28166,28186,20
13.0723896,80.2020874,28186,28196,10
13.07236004,80.20211029,28196,28206,10
13.07211018,80.20236206,28206,28216,10
13.07164001,80.20290375,28216,28226,10
13.0710001,80.20361328,28226,28236,10
13.07034016,80.20439148,28236,28246,10
13.06995964,80.20496368,28246,28277,31
13.06995964,80.20496368,28277,28287,10
13.06987,80.20504761,28287,28297,10
13.06956005,80.20488739,28297,28307,10
13.06925011,80.20507813,28307,28317,10
13.06898022,80.20542145,28317,28327,10
13.06879997,80.20516968,28327,28378,51
13.06879997,80.20516968,28378,28388,10
13.06851006,80.20510101,28388,28751,363
13.06857967,80.20504761,28751,28820,69
13.06857967,80.20504761,28820,28831,11
13.06873035,80.20478821,28831,28841,10
13.06902981,80.20471191,28841,28852,11
13.06933975,80.20471954,28852,28862,10
13.06949043,80.20475006,28862,28872,10
13.06982994,80.20481873,28872,28892,20
13.06982994,80.20481873,28892,28902,10
13.07001019,80.20477295,28902,28912,10
13.07028008,80.20439911,28912,28922,10
13.07071018,80.20387268,28922,28932,10
13.07127953,80.20320892,28932,28942,10
13.07188988,80.2024765,28942,28952,10
13.0724802,80.20182037,28952,28963,11
13.07310009,80.20108032,28963,28973,10
13.07361031,80.2004776,28973,28983,10
13.0740099,80.20001221,28983,28993,10
13.07452011,80.19944763,28993,29023,30
13.07452011,80.19944763,29023,29033,10
13.07464981,80.19937897,29033,29043,10
13.07468987,80.19933319,29043,29053,10
13.07503986,80.19915771,29053,29063,10
13.07569981,80.19904327,29063,29073,10
13.07649994,80.19895935,29073,29084,11
13.07660961,80.19822693,29084,29094,10
13.07608032,80.19812775,29094,29104,10
13.07606983,80.19866943,29104,29114,10
13.07623005,80.1993866,29114,29124,10
13.07641983,80.20031738,29124,29134,10
13.07635975,80.20143127,29134,29144,10
13.07629967,80.20249176,29144,29154,10
13.07651997,80.20349884,29154,29164,10
13.07668018,80.20417023,29164,29174,10
13.07668018,80.20417786,29174,29184,10
13.07670975,80.20423889,29184,29195,11
13.07678986,80.20478058,29195,29205,10
13.07689953,80.20546722,29205,29215,10
13.07705975,80.20642853,29215,29225,10
13.07715034,80.20745087,29225,29235,10
13.07719994,80.20858002,29235,29245,10
13.07726002,80.20973969,29245,29255,10
13.07721043,80.21051025,29255,29265,10
13.07721043,80.21053314,29265,29275,10
13.07717991,80.21070862,29275,29285,10
13.07711029,80.21124268,29285,29295,10
13.07701969,80.21177673,29295,29304,9
13.07674026,80.21234894,29304,29316,12
13.07621002,80.2131424,29316,29326,10
13.07604027,80.21336365,29326,29336,10
13.07586002,80.21366119,29336,29346,10
13.07561016,80.2141571,29346,29356,10
13.07538986,80.21479797,29356,29366,10
13.07524014,80.21569824,29366,29376,10
13.07516956,80.21652222,29376,29386,10
13.07514,80.21701813,29386,29396,10
13.07511997,80.21707153,29396,29406,10
13.07511044,80.21710205,29406,29416,10
13.07503986,80.21753693,29416,29477,61
13.07503986,80.21753693,29477,29487,10
13.07503033,80.21766663,29487,29497,10
13.07497978,80.21800995,29497,29507,10
13.07487965,80.21853638,29507,29517,10
13.07476044,80.21916962,29517,29527,10
13.07464981,80.21975708,29527,29537,10
13.07452965,80.22039795,29537,29548,11
13.07446003,80.22109985,29548,29558,10
13.07444954,80.22116852,29558,29568,10
13.07439995,80.2213974,29568,29578,10
13.07433033,80.22190857,29578,29588,10
13.07425022,80.2226181,29588,29598,10
13.0741396,80.22344208,29598,29608,10
13.07408047,80.22412109,29608,29618,10
13.07408047,80.22415924,29618,29628,10
13.07404995,80.22458649,29628,29679,51
13.07404995,80.22458649,29679,29689,10
13.0740099,80.2248764,29689,29699,10
13.07394028,80.22548676,29699,29709,10
13.07390976,80.22631836,29709,29719,10
13.07398033,80.22686005,29719,29729,10
13.07398033,80.22685242,29729,29739,10
13.07400036,80.22695923,29739,29749,10
13.07402039,80.22740936,29749,29759,10
13.07408047,80.22808075,29759,29769,10
13.07417011,80.22888947,29769,29780,11
13.07444954,80.22982025,29780,29790,10
13.07478046,80.23049164,29790,29800,10
13.07487011,80.23065186,29800,29810,10
13.07501984,80.23098755,29810,29820,10
13.07514,80.2315979,29820,29830,10
13.07520962,80.23222351,29830,29840,10
13.07542038,80.23300934,29840,29850,10
13.07571983,80.2338562,29850,29860,10
13.07596016,80.23435974,29860,29870,10
13.07598972,80.23445892,29870,29880,10
13.07602978,80.23464966,29880,29889,9
13.07610989,80.2351532,29889,29901,12
13.07631016,80.23613739,29901,29911,10
13.07647991,80.23708344,29911,29921,10
13.07662964,80.23758698,29921,29941,20
13.07662964,80.23758698,29941,29951,10
13.07664013,80.2376709,29951,29961,10
13.07672024,80.23805237,29961,29971,10
13.07684994,80.23876953,29971,29981,10
13.0769701,80.23915863,29981,29991,10
13.07699013,80.23921204,29991,30001,10
13.07707977,80.23961639,30001,30010,9
13.07723999,80.24021912,30010,30022,12
13.07748032,80.24118805,30022,30032,10
13.07761955,80.24188232,30032,30042,10
13.07775974,80.24259186,30042,30052,10
13.07785988,80.24337769,30052,30062,10
13.07789993,80.24368286,30062,30072,10
13.07791042,80.24401093,30072,30082,10
13.0778904,80.24417114,30082,30092,10
13.07789993,80.2442627,30092,30102,10
13.07793045,80.24472046,30102,30112,10
13.07796001,80.24520111,30112,30122,10
13.07800961,80.2460022,30122,30133,11
13.07822037,80.24706268,30133,30143,10
13.07830048,80.24732971,30143,30153,10
13.07837009,80.24765015,30153,30163,10
13.07851028,80.24829865,30163,30173,10
13.07866001,80.24902344,30173,30183,10
13.07880974,80.24980927,30183,30193,10
13.07886982,80.25048828,30193,30203,10
13.07890034,80.2512207,30203,30213,10
13.07890034,80.25202942,30213,30223,10
13.07882977,80.25296021,30223,30233,10
13.07884979,80.2536087,30233,30243,10
13.07884979,80.25364685,30243,30254,11
13.07888985,80.25390625,30254,30264,10
13.07890034,80.25405121,30264,30274,10
13.07894039,80.25457764,30274,30284,10
13.07903004,80.25523376,30284,30294,10
13.07909966,80.25601196,30294,30304,10
13.07917976,80.25675964,30304,30314,10
13.07925034,80.25759888,30314,30324,10
13.07931995,80.25801086,30324,30334,10
13.07933044,80.25810242,30334,30344,10
13.07938004,80.25856018,30344,30354,10
13.07944965,80.25930023,30354,30365,11
13.07958984,80.26024628,30365,30375,10
13.0798502,80.26123047,30375,30385,10
13.08020973,80.26248932,30385,30455,70
13.08020973,80.26248932,30455,30465,10
13.08022022,80.26264191,30465,30475,10
13.08030987,80.26302338,30475,30486,11
13.08043003,80.26357269,30486,30496,10
13.08059025,80.26431274,30496,30506,10
13.08076,80.26521301,30506,30516,10
13.08076,80.26622772,30516,30526,10
13.08075047,80.26731873,30526,30536,10
13.08076,80.26831055,30536,30546,10
13.08076954,80.26934814,30546,30556,10
13.08080006,80.27030945,30556,30566,10
13.08096027,80.27098083,30566,30576,10
13.08135033,80.27152252,30576,30586,10
13.08150005,80.27217865,30586,30596,10
13.08150005,80.27291107,30596,30607,11
13.08150005,80.27349091,30607,30617,10
13.08156967,80.27404022,30617,30627,10
13.08160973,80.27435303,30627,30637,10
13.08164024,80.27455139,30637,30647,10
13.08172035,80.27490234,30647,30657,10
13.08176994,80.27510834,30657,30667,10
13.08197021,80.27536774,30667,30677,10
13.08199978,80.27548218,30677,30687,10
13.08201027,80.27552795,30687,30697,10
13.0820303,80.27587891,30697,30707,10
13.08187008,80.27625275,30707,30718,11
13.08195019,80.27700806,30718,30728,10
13.08203983,80.27774048,30728,30738,10
13.0821104,80.27812958,30738,30748,10
13.08215046,80.27863312,30748,30758,10
13.08216,80.27886963,30758,30768,10
13.08216953,80.27893829,30768,30778,10
13.08220005,80.27937317,30778,30788,10
13.08228016,80.28016663,30788,30798,10
13.08238029,80.28115082,30798,30808,10
13.08242989,80.2816925,30808,30818,10
13.08296967,80.28209686,30818,30828,10
13.08380032,80.28263855,30828,30839,11
13.0846796,80.2832489,30839,30849,10
13.0852499,80.28372192,30849,30859,10
13.08565998,80.28356171,30859,30869,10
13.08617973,80.28356934,30869,30879,10
13.08666992,80.28372192,30879,32412,1533
13.08708,80.28370667,32412,32432,20
13.08708,80.28370667,32432,32442,10
13.08734035,80.28372955,32442,32483,41
13.08773994,80.28372955,32483,32513,30
13.08798027,80.28366089,32513,32543,30
13.08798027,80.28366089,32543,32553,10
13.08819008,80.28356171,32553,32563,10
13.08831024,80.2833786,32563,32573,10
13.08831978,80.28295135,32573,32583,10
13.08831978,80.2824707,32583,32593,10
13.08821964,80.28202057,32593,32604,11
13.08784008,80.28147125,32604,32614,10
13.0872097,80.28127289,32614,32624,10
13.08666039,80.28108978,32624,32634,10
13.08598995,80.28089142,32634,32644,10
13.08568954,80.28047943,32644,32654,10
13.08551025,80.27980042,32654,32664,10
13.08495045,80.27935028,32664,32674,10
13.08421993,80.27922058,32674,32684,10
13.08339977,80.27902222,32684,32694,10
13.08269024,80.27871704,32694,32735,41
13.08269024,80.27871704,32735,32745,10
13.08242989,80.27858734,32745,32755,10
13.0821104,80.27844238,32755,32765,10
13.08193016,80.27815247,32765,32775,10
13.08191013,80.27760315,32775,32785,10
13.08181953,80.27681732,32785,32795,10
13.0816803,80.27597046,32795,32805,10
13.08158016,80.27529907,32805,32814,9
13.08156013,80.27497101,32814,32825,11
13.08148956,80.27461243,32825,32835,10
13.08146,80.27429199,32835,32846,11
13.08143997,80.2739563,32846,32856,10
13.08133984,80.27342224,32856,32906,50
13.08133984,80.27342224,32906,32916,10
13.08133984,80.27326965,32916,32967,51
13.08133984,80.27326965,32967,32977,10
13.08133984,80.27306366,32977,32987,10
13.08145046,80.27252197,32987,32997,10
13.08131027,80.2717514,32997,33007,10
13.08102036,80.27130127,33007,33017,10
13.08086967,80.27105713,33017,33027,10
13.08073997,80.27050781,33027,33037,10
13.08071995,80.26967621,33037,33047,10
13.08073044,80.26864624,33047,33057,10
13.08069992,80.26779175,33057,33066,9
13.08069992,80.26773071,33066,33078,12
13.08069992,80.26738739,33078,33088,10
13.08069038,80.26676178,33088,33098,10
13.08069992,80.26541901,33098,33128,30
13.08069992,80.26541901,33128,33138,10
13.08067989,80.26508331,33138,33148,10
13.08055019,80.2644577,33148,33158,10
13.08036041,80.26364899,33158,33168,10
13.08022976,80.2631073,33168,33178,10
13.08014011,80.26296234,33178,33188,10
13.0797596,80.26294708,33188,33199,11
13.07936954,80.26287079,33199,33209,10
13.07952023,80.26280212,33209,33219,10
13.07960987,80.26280212,33219,33229,10
13.07977962,80.26289368,33229,33239,10
13.08001041,80.26280975,33239,33249,10
13.08008003,80.26242828,33249,33259,10
13.0799799,80.26180267,33259,33269,10
13.07966995,80.26106262,33269,33279,10
13.07946014,80.26013947,33279,33289,10
13.07933998,80.2594223,33289,33298,9
13.07933998,80.25939178,33298,33309,11
13.07931995,80.2591095,33309,33320,11
13.07929993,80.25879669,33320,33330,10
13.07923985,80.2582016,33330,33340,10
13.07917023,80.25740051,33340,33350,10
13.07911968,80.25675964,33350,33360,10
13.07911015,80.25669861,33360,33370,10
13.07907009,80.25640106,33370,33380,10
13.07901001,80.25579834,33380,33390,10
13.07894039,80.25502777,33390,33400,10
13.07888031,80.2543869,33400,33410,10
13.07876015,80.25361633,33410,33420,10
13.07874966,80.25346375,33420,33431,11
13.07876015,80.2532196,33431,33441,10
13.07876968,80.2526474,33441,33451,10
13.0788002,80.25202942,33451,33461,10
13.07880974,80.25192261,33461,33471,10
13.07868004,80.25169373,33471,33481,10
13.07830048,80.25167847,33481,33491,10
13.07783985,80.2517395,33491,33501,10
13.07711029,80.25187683,33501,33510,9
13.0763998,80.25198364,33510,33521,11
13.07544041,80.25212097,33521,33531,10
13.07472038,80.25218964,33531,33541,10
13.07409954,80.25222778,33541,33552,11
13.07369995,80.25243378,33552,33562,10
13.07304955,80.25235748,33562,33572,10
13.07256985,80.25232697,33572,33582,10
13.07223034,80.25202179,33582,33592,10
13.07209015,80.25128937,33592,33602,10
13.07184982,80.25036621,33602,33612,10
13.07159996,80.24938965,33612,33622,10
13.07141972,80.24833679,33622,33632,10
13.07108974,80.24736023,33632,33642,10
13.07063961,80.24642944,33642,33652,10
13.07017994,80.24543762,33652,33662,10
13.06978989,80.24452209,33662,33673,11
13.06945992,80.2435379,33673,33683,10
13.06927013,80.24269104,33683,33693,10
13.06954956,80.24221039,33693,33703,10
13.07022953,80.24202728,33703,33713,10
13.07061958,80.24188995,33713,33723,10
13.07120037,80.24169922,33723,33733,10
13.07192993,80.24136353,33733,33743,10
13.07262039,80.24093628,33743,33753,10
13.07328033,80.24073029,33753,33763,10
13.07386017,80.24053192,33763,33773,10
13.07458973,80.240448,33773,33783,10
13.07551003,80.24044037,33783,33794,11
13.07645035,80.24047852,33794,33804,10
13.07703972,80.24054718,33804,33814,10
13.07707024,80.24002075,33814,33834,20
13.07707024,80.24002075,33834,33844,10
13.07701969,80.23967743,33844,33854,10
13.07691002,80.23906708,33854,33864,10
13.07666016,80.23832703,33864,33874,10
13.07656002,80.23774719,33874,33884,10
13.07645035,80.23729706,33884,33894,10
13.07641983,80.23718262,33894,33905,11
13.07641983,80.23700714,33905,33915,10
13.07629967,80.23648071,33915,33925,10
13.07616043,80.23571777,33925,33935,10
13.07598972,80.23493195,33935,33945,10
13.07577038,80.23435211,33945,33955,10
13.07573986,80.23415375,33955,33965,10
13.07553005,80.23361969,33965,33975,10
13.07530022,80.23285675,33975,33985,10
13.07513046,80.23235321,33985,34015,30
13.07513046,80.23235321,34015,34026,11
13.07505989,80.23209381,34026,34036,10
13.0750103,80.23174286,34036,34046,10
13.0749197,80.23126221,34046,34056,10
13.07466984,80.23056793,34056,34066,10
13.07462025,80.23039246,34066,34076,10
13.07431984,80.22950745,34076,34086,10
13.07431984,80.22950745,34086,34096,10
13.07417965,80.2288208,34096,34105,9
13.07406998,80.22812653,34105,34115,10
13.07398033,80.22747803,34115,34126,11
13.07394028,80.22686768,34126,34137,11
13.07390022,80.22601318,34137,34147,10
13.07392025,80.22528839,34147,34157,10
13.07394981,80.22515869,34157,34167,10
13.0739603,80.22506714,34167,34177,10
13.0740099,80.22458649,34177,34187,10
13.07408047,80.22383118,34187,34197,10
13.07417011,80.22296143,34197,34207,10
13.07421017,80.22177124,34207,34227,20
13.07421017,80.22177124,34227,34237,10
13.0742197,80.2216568,34237,34247,10
13.07429981,80.22115326,34247,34258,11
13.07437038,80.22058105,34258,34268,10
13.07444,80.22016144,34268,34278,10
13.07444954,80.22009277,34278,34288,10
13.07446957,80.22000122,34288,34298,10
13.07450962,80.21987152,34298,34308,10
13.07456017,80.21968079,34308,34318,10
13.07462025,80.21939087,34318,34328,10
13.07468033,80.21904755,34328,34338,10
13.07472992,80.21871948,34338,34348,10
13.07474995,80.21843719,34348,34358,10
13.07481956,80.21819305,34358,34368,10
13.07485962,80.21794128,34368,34379,11
13.07495975,80.21734619,34379,34389,10
13.07503033,80.21694183,34389,34399,10
13.07503033,80.21655273,34399,34409,10
13.07509041,80.2162323,34409,34500,91
13.07509041,80.2162323,34500,34510,10
13.07518005,80.21588135,34510,34520,10
13.07526016,80.21527863,34520,34530,10
13.07544994,80.21450043,34530,34540,10
13.07581043,80.21362305,34540,34550,10
13.07614994,80.2130127,34550,34570,20
13.07614994,80.2130127,34570,34580,10
13.07623959,80.2129364,34580,34590,10
13.07651043,80.21253967,34590,34600,10
13.07689953,80.21186066,34600,34609,9
13.07707024,80.21105194,34609,34621,12
13.07715034,80.21031189,34621,34631,10
13.07721043,80.20954132,34631,34641,10
13.07719994,80.20931244,34641,34651,10
13.07721043,80.20916748,34651,34661,10
13.07717037,80.20864105,34661,34671,10
13.07711983,80.2078476,34671,34681,10
13.07707024,80.20690155,34681,34691,10
13.07691002,80.20587158,34691,34701,10
13.07674026,80.20484924,34701,34711,10
13.07656002,80.20404816,34711,34721,10
13.07645035,80.2036438,34721,34732,11
13.07629967,80.20301819,34732,34742,10
13.07618046,80.20220947,34742,34752,10
13.07618046,80.20127869,34752,34762,10
13.07621956,80.20030975,34762,34772,10
13.07542038,80.19999695,34772,34782,10
13.07441998,80.19988251,34782,34792,10
13.07390976,80.20021057,34792,34802,10
13.0736599,80.20050812,34802,34812,10
13.07341957,80.20081329,34812,34822,10
13.07301998,80.20130157,34822,34832,10
13.07271957,80.20166016,34832,34842,10
13.0724802,80.20194244,34842,34853,11
13.07223034,80.20220947,34853,34863,10
13.07190037,80.20252228,34863,34873,10
13.07137966,80.20310974,34873,34883,10
13.07077026,80.20384979,34883,34893,10
13.07021999,80.20455933,34893,34903,10
13.06997967,80.20500946,34903,34933,30
13.06997967,80.20500946,34933,34943,10
13.06980038,80.20503235,34943,34953,10
13.06956005,80.20484924,34953,34964,11
13.06917,80.2052002,34964,34984,20
13.06917,80.2052002,34984,34994,10
13.06908035,80.20526886,34994,35004,10
13.06890011,80.20533752,35004,35014,10
13.06877041,80.20516205,35014,35034,20
13.06877041,80.20516205,35034,35044,10
13.06871986,80.20503235,35044,35054,10
13.06838989,80.20501709,35054,35145,91
13.06838989,80.20501709,35145,35155,10
13.06847,80.20506287,35155,35690,535
13.06822968,80.2050705,35690,36456,766
13.06853008,80.20487213,36456,36527,71
13.06853008,80.20487213,36527,36537,10
13.06888962,80.20471954,36537,36547,10
13.06906986,80.2046814,36547,36557,10
13.0692997,80.20471191,36557,36567,10
13.06947041,80.20474243,36567,36577,10
13.06966019,80.20477295,36577,36587,10
13.06991959,80.20475006,36587,36597,10
13.07022953,80.20439148,36597,36607,10
13.07067966,80.20379639,36607,36617,10
13.07124043,80.20314789,36617,36627,10
13.07176018,80.20252228,36627,36638,11
13.07213974,80.20211792,36638,36648,10
13.07246017,80.20176697,36648,36658,10
13.0728302,80.20134735,36658,36668,10
13.07310009,80.20102692,36668,36678,10
13.07328033,80.20082855,36678,36688,10
13.07347012,80.2006073,36688,36698,10
13.0737896,80.2002182,36698,36708,10
13.07409,80.19982147,36708,36718,10
13.07425976,80.19965363,36718,36728,10
13.07435036,80.19954681,36728,36748,20
13.07435036,80.19954681,36748,36759,11
13.07456017,80.19936371,36759,36769,10
13.07499981,80.1991272,36769,36779,10
13.0757103,80.19901276,36779,36789,10
13.0764904,80.19892883,36789,36799,10
13.0766201,80.19835663,36799,36809,10
13.07621002,80.19799805,36809,36819,10
13.07600975,80.1984787,36819,36829,10
13.07612991,80.19901276,36829,36839,10
13.07627964,80.19967651,36839,36849,10
13.07641029,80.20053101,36849,36859,10
13.07633018,80.20146179,36859,36869,10
13.07629967,80.20201111,36869,36880,11
13.07629013,80.20211792,36880,36890,10
13.07629967,80.20252228,36890,36900,10
13.07637978,80.20304871,36900,36910,10
13.07651043,80.2035675,36910,36920,10
13.07668018,80.2042923,36920,36940,20
13.07668018,80.2042923,36940,36950,10
13.07672977,80.20455933,36950,36960,10
13.07678986,80.20498657,36960,36970,10
13.07689953,80.20567322,36970,36980,10
13.07703018,80.20648956,36980,36991,11
13.0770998,80.2075119,36991,37001,10
13.07713985,80.20845795,37001,37011,10
13.07721043,80.20942688,37011,37021,10
13.07719994,80.21018982,37021,37031,10
13.0771904,80.21050262,37031,37041,10
13.0771904,80.21051788,37041,37051,10
13.07717037,80.21061707,37051,37061,10
13.07711029,80.21099091,37061,37071,10
13.07703018,80.21150208,37071,37112,41
13.07703018,80.21150208,37112,37122,10
13.07703018,80.21160126,37122,37132,10
13.07691956,80.21196747,37132,37142,10
13.07658005,80.21250153,37142,37152,10
13.07616043,80.21309662,37152,37162,10
13.07600021,80.21337128,37162,37172,10
13.07594967,80.21346283,37172,37182,10
13.07571983,80.21385956,37182,37192,10
13.07546043,80.2144928,37192,37202,10
13.0752697,80.21524811,37202,37212,10
13.07516956,80.21607971,37212,37222,10
13.07509041,80.2171402,37222,37243,21
13.07509041,80.2171402,37243,37253,10
13.07503033,80.21749878,37253,37293,40
13.07503033,80.21749878,37293,37303,10
13.07499981,80.21774292,37303,37313,10
13.0749197,80.21823883,37313,37323,10
13.07481003,80.21884155,37323,37333,10
13.07470036,80.21938324,37333,37343,10
13.07458973,80.21994781,37343,37354,11
13.07439995,80.22119141,37354,37384,30
13.07439995,80.22119141,37384,37394,10
13.07435989,80.22141266,37394,37404,10
13.0743103,80.22187805,37404,37414,10
13.07423019,80.2224884,37414,37424,10
13.07409954,80.22357941,37424,37485,61
13.07409954,80.22357941,37485,37495,10
13.07404041,80.22395325,37495,37505,10
13.07402039,80.22431946,37505,37515,10
13.07400036,80.22467041,37515,37525,10
13.07394028,80.22518921,37525,37535,10
13.0738802,80.22589111,37535,37545,10
13.07394028,80.22680664,37545,37575,30
13.07394028,80.22680664,37575,37586,11
13.0739603,80.22714996,37586,37596,10
13.07394981,80.22733307,37596,37606,10
13.07398987,80.22772217,37606,37616,10
13.07404995,80.22827148,37616,37626,10
13.07411003,80.22882843,37626,37636,10
13.07429981,80.22950745,37636,37646,10
13.07456017,80.23023224,37646,37656,10
13.07483959,80.23072815,37656,37666,10
13.07505989,80.2313385,37666,37676,10
13.07511997,80.231987,37676,37686,10
13.07524014,80.2325592,37686,37696,10
13.07546997,80.23336792,37696,37707,11
13.07579994,80.23415375,37707,37717,10
13.07594013,80.23448181,37717,37727,10
13.07594013,80.23454285,37727,37737,10
13.07594967,80.23459625,37737,37747,10
13.07602978,80.23499298,37747,37757,10
13.07614994,80.23560333,37757,37767,10
13.07625961,80.23623657,37767,37777,10
13.07639027,80.23699951,37777,37787,10
13.0764904,80.23732758,37787,37797,10
13.07653999,80.23745728,37797,37807,10
13.07662964,80.2379303,37807,37817,10
13.07670975,80.23848724,37817,37828,11
13.07689953,80.23924255,37828,37838,10
13.0769701,80.23946381,37838,37848,10
13.07701969,80.23967743,37848,37858,10
13.07715988,80.24021912,37858,37868,10
13.07721996,80.24043274,37868,37878,10
13.07721996,80.24049377,37878,37888,10
13.07730007,80.24085236,37888,37898,10
13.07744026,80.24144745,37898,37908,10
13.07761002,80.2421875,37908,37918,10
13.07775021,80.2430191,37918,37928,10
13.07785034,80.24372101,37928,37938,10
13.07787037,80.2441864,37938,37949,11
13.07787037,80.24421692,37949,37959,10
13.0778904,80.24440002,37959,37969,10
13.07791996,80.24475861,37969,37979,10
13.07793045,80.24485016,37979,37989,10
13.07793045,80.24501801,37989,37999,10
13.07798004,80.24550629,37999,38009,10
13.07804012,80.24623108,38009,38018,9
13.0781498,80.24681091,38018,38029,11
13.07820988,80.24713135,38029,38039,10
13.07822037,80.2472229,38039,38049,10
13.07828045,80.24752045,38049,38060,11
13.07839966,80.24815369,38060,38070,10
13.07851028,80.24871063,38070,38080,10
13.07859993,80.2491684,38080,38090,10
13.07874966,80.24993134,38090,38110,20
13.07874966,80.24993134,38110,38120,10
13.07876968,80.2501297,38120,38130,10
13.07878017,80.25034332,38130,38140,10
13.07878971,80.2505722,38140,38150,10
13.07880974,80.25110626,38150,38160,10
13.07882023,80.25180054,38160,38170,10
13.07878971,80.25266266,38170,38181,11
13.07886028,80.25401306,38181,38201,20
13.07886982,80.25414276,38201,38221,20
13.07886982,80.25414276,38221,38231,10
13.0789299,80.25444031,38231,38241,10
13.07896996,80.25480652,38241,38251,10
13.07900047,80.25504303,38251,38261,10
13.07903957,80.25553894,38261,38271,10
13.07911015,80.2561264,38271,38281,10
13.07913971,80.25660706,38281,38291,10
13.07921028,80.25731659,38291,38302,11
13.07931042,80.25827789,38302,38312,10
13.07938957,80.2591095,38312,38322,10
13.07948017,80.25975037,38322,38332,10
13.07950974,80.25993347,38332,38342,10
13.07958984,80.26048279,38342,38352,10
13.07981014,80.26125336,38352,38362,10
13.08003044,80.26194,38362,38381,19
13.08003044,80.26194,38381,38392,11
13.08008957,80.26233673,38392,38402,10
13.0801897,80.26274109,38402,38412,10
13.08030033,80.26316071,38412,38423,11
13.08034039,80.26325989,38423,38433,10
13.08043003,80.26364899,38433,38443,10
13.08055973,80.26423645,38443,38483,40
13.08055973,80.26423645,38483,38493,10
13.08057976,80.26435089,38493,38502,9
13.08065033,80.26468658,38502,38513,11
13.08073044,80.26529694,38513,38523,10
13.08071995,80.26609802,38523,38534,11
13.08069992,80.26696777,38534,38544,10
13.08069992,80.26753235,38544,38554,10
13.08071041,80.26804352,38554,38564,10
13.08071041,80.26805878,38564,38574,10
13.08071995,80.26841736,38574,38584,10
13.08071041,80.26902008,38584,38594,10
13.08073044,80.26976013,38594,38604,10
13.08076,80.27031708,38604,38614,10
13.0808897,80.27092743,38614,38624,10
13.08117008,80.27133179,38624,38634,10
13.08139038,80.27191925,38634,38644,10
13.08148956,80.27268219,38644,38655,11
13.08143044,80.27337646,38655,38665,10
13.08154011,80.27380371,38665,38675,10
13.08187962,80.27404785,38675,38685,10
13.08199024,80.27455139,38685,38695,10
13.08197975,80.27494812,38695,38705,10
13.08201027,80.27533722,38705,38776,71
13.08201027,80.27533722,38776,38786,10
13.08205032,80.27567291,38786,38796,10
13.08187008,80.27591705,38796,38806,10
13.08178997,80.27629089,38806,38816,10
13.08187962,80.27694702,38816,38826,10
13.08205032,80.27823639,38826,38856,30
13.08205032,80.27823639,38856,38866,10
13.08207035,80.27855682,38866,38876,10
13.08211994,80.27906036,38876,38886,10
13.08215046,80.27919769,38886,38897,11
13.08220005,80.27967834,38897,38907,10
13.08226013,80.28040314,38907,38917,10
13.08232975,80.28122711,38917,38927,10
13.08250046,80.28185272,38927,38937,10
13.08277988,80.28199768,38937,38947,10
13.08314037,80.2822113,38947,38957,10
13.08370972,80.28256989,38957,38967,10
13.0844202,80.28305054,38967,38977,10
13.08498001,80.28360748,38977,38987,10
13.08520985,80.28369141,38987,38997,10
13.08551025,80.28354645,38997,39007,10
13.08594036,80.28353882,39007,39018,11
13.08635998,80.28359222,39018,39028,10
13.08666992,80.28362274,39028,39171,143
13.08666992,80.28362274,39171,39780,609
13.08567047,80.2805481,39780,39790,10
13.08549976,80.27987671,39790,39800,10
13.08493996,80.27934265,39800,39810,10
13.08415031,80.27919769,39810,39820,10
13.08355999,80.27906799,39820,39830,10
13.08320999,80.27893829,39830,39840,10
13.08320045,80.27890778,39840,39850,10
13.08263969,80.27868652,39850,39871,21
13.08263969,80.27868652,39871,39881,10
13.08238029,80.2786026,39881,39891,10
13.08203983,80.27841187,39891,39901,10
13.0819397,80.27828979,39901,39911,10
13.08189964,80.27786255,39911,39921,10
13.08183956,80.27716827,39921,39931,10
13.08174038,80.27639771,39931,39941,10
13.0815897,80.27561951,39941,39951,10
13.08154964,80.2752533,39951,39961,10
13.08154964,80.27500153,39961,39971,10
13.08148956,80.27471161,39971,39982,11
13.08145046,80.27443695,39982,39992,10
13.08145046,80.27436829,39992,40002,10
13.08141994,80.2740097,40002,40012,10
13.08139038,80.27362061,40012,40022,10
13.08131027,80.27316284,40022,40072,50
13.08131027,80.27316284,40072,40082,10
13.0813303,80.27303314,40082,40092,10
13.08143044,80.27263641,40092,40103,11
13.08133984,80.2719574,40103,40113,10
13.08102989,80.27130127,40113,40123,10
13.08080959,80.27097321,40123,40133,10
13.08071041,80.27036285,40133,40143,10
13.08071041,80.26953125,40143,40153,10
13.08069038,80.2685318,40153,40163,10
13.08065987,80.26760101,40163,40183,20
13.08065987,80.26760101,40183,40193,10
13.08065033,80.26728058,40193,40203,10
13.08063984,80.26667023,40203,40213,10
13.08063984,80.26582336,40213,40274,61
13.08063984,80.26582336,40274,40284,10
13.08063984,80.26554108,40284,40324,40
13.08063984,80.26554108,40324,40334,10
13.08065033,80.26516724,40334,40345,11
13.0805397,80.26457977,40345,40355,10
13.08036041,80.26381683,40355,40365,10
13.08024025,80.26328278,40365,40375,10
13.08020973,80.26313782,40375,40385,10
13.07997036,80.26290131,40385,40395,10
13.07933998,80.26294708,40395,40415,20
13.07933998,80.26294708,40415,40425,10
13.07942009,80.26280212,40425,40445,20
13.07956028,80.26280975,40445,40486,41
13.07956028,80.26280975,40486,40496,10
13.07964039,80.2628479,40496,40506,10
13.07999039,80.26280975,40506,40516,10
13.08008003,80.26235199,40516,40526,10
13.07991982,80.26164246,40526,40536,10
13.07962036,80.26091003,40536,40546,10
13.07942009,80.26006317,40546,40556,10
13.0792799,80.25933838,40556,40565,9
13.07923985,80.25885773,40565,40597,32
13.07923985,80.25885773,40597,40607,10
13.07925034,80.25871277,40607,40617,10
13.07921028,80.25824738,40617,40627,10
13.07913017,80.2575531,40627,40637,10
13.07903004,80.2568512,40637,40657,20
13.07903004,80.2568512,40657,40667,10
13.07903004,80.25662231,40667,40677,10
13.07901955,80.25631714,40677,40686,9
13.07898045,80.25582886,40686,40698,12
13.07886982,80.25507355,40698,40708,10
13.0788002,80.25450897,40708,40718,10
13.07866955,80.25346375,40718,40738,20
13.07866955,80.25346375,40738,40748,10
13.07872009,80.25319672,40748,40758,10
13.07872963,80.25272369,40758,40768,10
13.07876015,80.25205231,40768,40778,10
13.07876015,80.25195313,40778,40788,10
13.07872963,80.25183868,40788,40798,10
13.07853031,80.25166321,40798,40808,10
13.07828045,80.25166321,40808,40819,11
13.07793999,80.25171661,40819,40829,10
13.0773201,80.25184631,40829,40839,10
13.07666969,80.25195313,40839,40849,10
13.07594967,80.25213623,40849,40859,10
13.07534027,80.25218964,40859,40869,10
13.07478046,80.25222015,40869,40879,10
13.07415009,80.25224304,40879,40889,10
13.07382011,80.252388,40889,40899,10
13.0733099,80.25244141,40899,40909,10
13.07264042,80.25237274,40909,40919,10
13.07213974,80.25189209,40919,40929,10
13.0720396,80.25115967,40929,40940,11
13.0718298,80.25031281,40940,40950,10
13.07161045,80.2494812,40950,40960,10
13.07143974,80.24858093,40960,40970,10
13.0712204,80.2477417,40970,40980,10
13.07087994,80.24697113,40980,40990,10
13.07046032,80.24617004,40990,41000,10
13.07003975,80.24524689,41000,41010,10
13.06972027,80.24442291,41010,41020,10
13.06945992,80.24356079,41020,41030,10
13.06925964,80.24285126,41030,41040,10
13.06935024,80.24233246,41040,41051,11
13.06982994,80.24215698,41051,41061,10
13.07050037,80.24195099,41061,41071,10
13.07108021,80.24170685,41071,41081,10
13.07176971,80.24146271,41081,41091,10
13.07240963,80.24105835,41091,41101,10
13.07310009,80.24079132,41101,41111,10
13.07380962,80.24056244,41111,41121,10
13.07464981,80.24047089,41121,41131,10
13.07565975,80.24046326,41131,41141,10
13.07654953,80.24050903,41141,41151,10
13.07695961,80.2405777,41151,41172,21
13.07695961,80.2405777,41172,41182,10
13.07703972,80.2401886,41182,41202,20
13.07703972,80.2401886,41202,41212,10
13.07695007,80.23983765,41212,41222,10
13.07682037,80.23921967,41222,41232,10
13.07662964,80.23854065,41232,41242,10
13.07656002,80.2381897,41242,41252,10
13.07651997,80.23792267,41252,41262,10
13.07639027,80.23725891,41262,41281,19
13.07639027,80.23725891,41281,41292,11
13.07629967,80.23686981,41292,41303,11
13.07621956,80.23628235,41303,41313,10
13.07610989,80.23551178,41313,41323,10
13.0759201,80.23467255,41323,41333,10
13.07571983,80.23428345,41333,41343,10
13.07571983,80.23426819,41343,41353,10
13.0756197,80.23410034,41353,41363,10
13.07546043,80.23362732,41363,41373,10
13.0752697,80.23293304,41373,41383,10
13.07514,80.23245239,41383,41444,61
13.07514,80.23245239,41444,41454,10
13.07511997,80.23242188,41454,41464,10
13.07503986,80.23200226,41464,41474,10
13.07493973,80.23143768,41474,41484,10
13.07470036,80.23072052,41484,41494,10
13.07456017,80.23040771,41494,41504,10
13.07450008,80.23014069,41504,41513,9
13.07433987,80.22969055,41513,41525,12
13.07411003,80.22888184,41525,41535,10
13.07402039,80.22815704,41535,41545,10
13.07394028,80.22730255,41545,41555,10
13.07384014,80.22609711,41555,41575,20
13.07384014,80.22609711,41575,41585,10
13.07384968,80.2259903,41585,41595,10
13.07386017,80.22557831,41595,41605,10
13.0738802,80.22528076,41605,41615,10
13.07386971,80.22519684,41615,41625,10
13.07390976,80.22477722,41625,41635,10
13.07398987,80.22408295,41635,41646,11
13.07409,80.22316742,41646,41656,10
13.07411003,80.22209167,41656,41706,50
13.07411003,80.22209167,41706,41716,10
13.0741396,80.22183228,41716,41726,10
13.07419014,80.22151947,41726,41736,10
13.07427025,80.22090149,41736,41746,10
13.07435989,80.22038269,41746,41756,10
13.07444954,80.2199173,41756,41767,11
13.07450008,80.21968842,41767,41777,10
13.07452965,80.2195282,41777,41787,10
13.07454967,80.21943665,41787,41797,10
13.07458973,80.21929169,41797,41807,10
13.07462025,80.21910858,41807,41817,10
13.07464027,80.21901703,41817,41827,10
13.07470989,80.21875763,41827,41837,10
13.07481956,80.21797943,41837,41857,20
13.07481956,80.21797943,41857,41867,10
13.07483959,80.21784973,41867,41877,10
13.07493973,80.21737671,41877,41888,11
13.07495975,80.21691132,41888,41898,10
13.07499981,80.21640778,41898,41948,50
13.07499981,80.21640778,41948,41958,10
13.07503033,80.21620178,41958,41968,10
13.07509041,80.21587372,41968,41978,10
13.07518005,80.21521759,41978,41988,10
13.07540035,80.21440887,41988,41998,10
13.07575035,80.21360016,41998,42009,11
13.07606983,80.21312714,42009,42019,10
13.0761404,80.21305847,42019,42029,10
13.07633972,80.21276855,42029,42039,10
13.07660007,80.21238708,42039,42049,10
13.07678032,80.21208191,42049,42059,10
13.0768404,80.21193695,42059,42069,10
13.07695961,80.21141815,42069,42079,10
13.07703018,80.21076965,42079,42089,10
13.07705975,80.21058655,42089,42099,10
13.07713032,80.21009064,42099,42108,9
13.07715988,80.20944977,42108,42120,12
13.07715034,80.20932007,42120,42130,10
13.07711983,80.20896149,42130,42140,10
13.07707024,80.20835114,42140,42150,10
13.07705021,80.20755768,42150,42160,10
13.07705021,80.20715332,42160,42170,10
13.07701969,80.20681763,42170,42180,10
13.07693005,80.2061615,42180,42190,10
13.07678032,80.20532227,42190,42200,10
13.07666016,80.20467377,42200,42210,10
13.07651043,80.20397186,42210,42220,10
13.07635975,80.20336914,42220,42230,10
13.07633018,80.20324707,42230,42241,11
13.07621956,80.20271301,42241,42251,10
13.07616043,80.20195007,42251,42261,10
13.07625008,80.20101929,42261,42271,10
13.07610035,80.20011139,42271,42281,10
13.07516003,80.19994354,42281,42291,10
13.0742197,80.19998932,42291,42301,10
13.07371998,80.20043182,42301,42311,10
13.07367039,80.20049286,42311,42321,10
13.07359028,80.20059967,42321,42331,10
13.07328987,80.20097351,42331,42341,10
13.07275963,80.2015686,42341,42351,10
13.07219982,80.20223999,42351,42362,11
13.07153034,80.20294952,42362,42372,10
13.07083988,80.20372772,42372,42382,10
13.07015991,80.20456696,42382,42392,10
13.06984043,80.20501709,42392,42402,10
13.06956005,80.20490265,42402,42412,10
13.06912041,80.20491791,42412,42422,10
13.06875038,80.20511627,42422,42432,10
13.06842995,80.20511627,42432,42836,404
13.06842995,80.20511627,42836,42846,10
13.06838989,80.20490265,42846,42856,10
13.06842995,80.20488739,42856,42866,10
13.06873035,80.20481873,42866,42876,10
13.06886005,80.20478821,42876,42886,10
13.06919956,80.20475769,42886,42896,10
13.06951046,80.20480347,42896,42906,10
13.06968975,80.20482635,42906,42916,10
13.06997967,80.20468903,42916,42926,10
13.07032013,80.20423889,42926,42936,10
13.07083988,80.20359802,42936,42946,10
13.07145977,80.20288849,42946,42957,11
13.07174969,80.20253754,42957,42967,10
13.0717802,80.20249939,42967,42977,10
13.0718298,80.20246124,42977,42987,10
13.07201004,80.20226288,42987,42997,10
13.07219982,80.20205688,42997,43007,10
13.0723896,80.20185852,43007,43017,10
13.07268047,80.20150757,43017,43027,10
13.07299995,80.20115662,43027,43037,10
13.07336998,80.20075226,43037,43047,10
13.07382011,80.20023346,43047,43057,10
13.07437992,80.1995697,43057,43088,31
13.07437992,80.1995697,43088,43098,10
13.07458973,80.19937134,43098,43108,10
13.07503033,80.19915771,43108,43118,10
13.07569027,80.19905853,43118,43128,10
13.07651997,80.19893646,43128,43138,10
13.07656002,80.19827271,43138,43148,10
13.0760603,80.19809723,43148,43158,10
13.07602024,80.1986618,43158,43168,10
13.07618046,80.19936371,43168,43178,10
13.07631969,80.20004272,43178,43188,10
13.07637978,80.20094299,43188,43199,11
13.07625008,80.20181274,43199,43209,10
13.07625961,80.20223236,43209,43259,50
13.07625961,80.20223236,43259,43269,10
13.07625961,80.20230865,43269,43279,10
13.0762701,80.20259094,43279,43289,10
13.07637978,80.20313263,43289,43298,9
13.07645988,80.20348358,43298,43310,12
13.07651997,80.2038269,43310,43320,10
13.07664013,80.20426941,43320,43330,10
13.07664013,80.20427704,43330,43340,10
13.07668018,80.20446777,43340,43350,10
13.07674026,80.20494843,43350,43360,10
13.07684994,80.20561981,43360,43370,10
13.07699966,80.20645142,43370,43380,10
13.07709026,80.20735931,43380,43390,10
13.07713032,80.20809937,43390,43400,10
13.07715034,80.20848846,43400,43410,10
13.07721043,80.20935059,43410,43431,21
13.07721043,80.20935059,43431,43441,10
13.07723045,80.20951843,43441,43451,10
13.07721996,80.20977783,43451,43471,20
13.07721996,80.20977783,43471,43481,10
13.07717991,80.2099762,43481,43491,10
13.07717037,80.2101593,43491,43501,10
13.07717037,80.21042633,43501,43511,10
13.07713985,80.21063995,43511,43521,10
13.0770998,80.21073914,43521,43531,10
13.07705021,80.2110672,43531,43541,10
13.0769701,80.21160126,43541,43592,51
13.0769701,80.21160126,43592,43602,10
13.07695961,80.21190643,43602,43612,10
13.07666016,80.2124176,43612,43622,10
13.07619953,80.21309662,43622,43632,10
13.07598019,80.21346283,43632,43642,10
13.07588959,80.21360016,43642,43652,10
13.0756197,80.21405792,43652,43662,10
13.07534981,80.21479797,43662,43673,11
13.07520962,80.21578217,43673,43683,10
13.07514,80.21656799,43683,43693,10
13.07507038,80.21720886,43693,43703,10
13.07507038,80.21721649,43703,43713,10
13.07505989,80.21736908,43713,43763,50
13.07505989,80.21736908,43763,43773,10
13.07503986,80.21761322,43773,43783,10
13.07497025,80.21800232,43783,43794,11
13.07485962,80.21859741,43794,43804,10
13.07478046,80.21898651,43804,43814,10
13.07470989,80.21939087,43814,43824,10
13.07462978,80.21987915,43824,43834,10
13.07452965,80.22048187,43834,43844,10
13.07443047,80.22116852,43844,43864,20
13.07443047,80.22116852,43864,43874,10
13.07437038,80.22151184,43874,43884,10
13.07427979,80.22205353,43884,43893,9
13.07419968,80.22302246,43893,43925,32
13.07419968,80.22302246,43925,43935,10
13.07411003,80.2233429,43935,43965,30
13.07411003,80.2233429,43965,43975,10
13.07406044,80.22348785,43975,43985,10
13.07404995,80.22366333,43985,43995,10
13.07402039,80.22386169,43995,44005,10
13.0740099,80.22428894,44005,44056,51
13.0740099,80.22428894,44056,44066,10
13.07404041,80.22460175,44066,44076,10
13.07398987,80.22503662,44076,44086,10
13.07394028,80.22559357,44086,44096,10
13.07390022,80.22615814,44096,44106,10
13.07392979,80.22691345,44106,44136,30
13.07392979,80.22691345,44136,44147,11
13.07386971,80.22727966,44147,44157,10
13.07394028,80.22754669,44157,44167,10
13.0739603,80.22794342,44167,44177,10
13.07402992,80.22853851,44177,44187,10
13.07415962,80.22917938,44187,44197,10
13.07441044,80.2299118,44197,44207,10
13.07474041,80.23062134,44207,44217,10
13.07495975,80.23103333,44217,44227,10
13.07507992,80.23155212,44227,44237,10
13.07516003,80.23227692,44237,44247,10
13.07546997,80.23336792,44247,44268,21
13.07546997,80.23336792,44268,44278,10
13.07555962,80.23361206,44278,44288,10
13.07573986,80.23397827,44288,44298,10
13.07594013,80.23446655,44298,44308,10
13.07596016,80.23458099,44308,44318,10
13.0759697,80.23470306,44318,44328,10
13.07604027,80.23516846,44328,44338,10
13.07616043,80.2359314,44338,44348,10
13.07627964,80.23670197,44348,44419,71
13.07627964,80.23670197,44419,44429,10
13.07635975,80.23713684,44429,44439,10
13.07645035,80.2374115,44439,44449,10
13.07653046,80.23792267,44449,44510,61
13.07653046,80.23792267,44510,44520,10
13.07672024,80.23816681,44520,44530,10
13.07680988,80.23870087,44530,44540,10
13.07697964,80.23943329,44540,44550,10
13.07699013,80.23951721,44550,44560,10
13.0769701,80.23956299,44560,44570,10
13.07703972,80.23993683,44570,44580,10
13.07721043,80.2405014,44580,44590,10
13.07736969,80.24108124,44590,44600,10
13.07750034,80.24165344,44600,44610,10
13.07758999,80.24221802,44610,44621,11
13.07769966,80.24297333,44621,44631,10
13.07775974,80.24342346,44631,44641,10
13.07783031,80.24385071,44641,44651,10
13.07785034,80.24417877,44651,44661,10
13.07787037,80.24430084,44661,44671,10
13.07789993,80.24471283,44671,44681,10
13.0778904,80.24479675,44681,44691,10
13.07785034,80.24484253,44691,44701,10
13.07787037,80.24519348,44701,44711,10
13.0778904,80.24581909,44711,44721,10
13.07812977,80.24716949,44721,44742,21
13.07812977,80.24716949,44742,44752,10
13.07822037,80.24738312,44752,44762,10
13.07831955,80.24790192,44762,44772,10
13.0784502,80.24858856,44772,44782,10
13.07855988,80.24915314,44782,44792,10
13.07861042,80.2494812,44792,44802,10
13.07872009,80.24996185,44802,44822,20
13.07872009,80.24996185,44822,44832,10
13.07876015,80.2501297,44832,44842,10
13.07878017,80.25036621,44842,44851,9
13.07878017,80.25080872,44851,44863,12
13.07880974,80.25134277,44863,44873,10
13.07878971,80.25198364,44873,44883,10
13.07872963,80.25279999,44883,44893,10
13.0787096,80.2536087,44893,44903,10
13.07874012,80.25405121,44903,44913,10
13.07878971,80.25430298,44913,44923,10
13.0788002,80.2543335,44923,44933,10
13.07888031,80.25460052,44933,44994,61
13.07888031,80.25460052,44994,45004,10
13.07894039,80.25488281,45004,45014,10
13.07894993,80.25546265,45014,45024,10
13.07900047,80.2562027,45024,45034,10
13.07905006,80.25660706,45034,45044,10
13.07913017,80.25721741,45044,45054,10
13.07923985,80.25801086,45054,45064,10
13.07933044,80.25868225,45064,45074,10
13.07946014,80.25977325,45074,45095,21
13.07946014,80.25977325,45095,45105,10
13.07948971,80.26004028,45105,45115,10
13.07958984,80.26065063,45115,45125,10
13.07981968,80.26142883,45125,45135,10
13.08008957,80.26229858,45135,45185,50
13.08008957,80.26229858,45185,45195,10
13.0802002,80.26258087,45195,45205,10
13.0803299,80.2631073,45205,45216,11
13.08036995,80.26329041,45216,45226,10
13.08043003,80.26358795,45226,45236,10
13.0805397,80.26412201,45236,45246,10
13.08057022,80.26428223,45246,45256,10
13.08057976,80.26434326,45256,45266,10
13.0806303,80.26460266,45266,45276,10
13.08071041,80.26509857,45276,45286,10
13.08071995,80.26583099,45286,45296,10
13.08069992,80.26673889,45296,45306,10
13.08065987,80.26754761,45306,45316,10
13.08067036,80.26808929,45316,45326,10
13.08067989,80.26828766,45326,45337,11
13.08067036,80.26891327,45337,45347,10
13.08067989,80.26944733,45347,45357,10
13.08071995,80.27012634,45357,45367,10
13.08078957,80.27065277,45367,45397,30
13.08078957,80.27065277,45397,45407,10
13.08090973,80.27098846,45407,45417,10
13.08108044,80.27129364,45417,45427,10
13.08131981,80.27168274,45427,45437,10
13.08146,80.27237701,45437,45447,10
13.08139992,80.27301025,45447,45458,11
13.08143044,80.27349854,45458,45468,10
13.08174038,80.2739563,45468,45478,10
13.08197975,80.27455902,45478,45488,10
13.08199978,80.27526855,45488,45518,30
13.08199978,80.27526855,45518,45528,10
13.08199978,80.2753067,45528,45538,10
13.08205032,80.27562714,45538,45548,10
13.08207989,80.27583313,45548,45557,9
13.08199978,80.27591705,45557,45568,11
13.08185959,80.27600098,45568,45579,11
13.08181953,80.27629089,45579,45589,10
13.08181953,80.27684784,45589,45599,10
13.08181953,80.27765656,45599,45609,10
13.08193016,80.2784729,45609,45619,10
13.08199978,80.27903748,45619,45629,10
13.0820303,80.27922821,45629,45639,10
13.08207989,80.27970123,45639,45649,10
13.08220005,80.28048706,45649,45659,10
13.0822897,80.28131866,45659,45669,10
13.08226967,80.2815094,45669,45679,10
13.08218956,80.28156281,45679,45690,11
13.08244038,80.28188324,45690,45700,10
13.08308983,80.28227234,45700,45710,10
13.0838604,80.28276062,45710,45720,10
13.08460045,80.28333282,45720,45730,10
13.08510017,80.28372955,45730,45740,10
13.08539009,80.28363037,45740,45750,10
13.08565044,80.28357697,45750,45760,10
13.08600044,80.28357697,45760,45770,10
13.08658981,80.28362274,45770,46042,272
13.08683968,80.28373718,46042,46335,293
13.08683968,80.28373718,46335,46345,10
13.08689976,80.28368378,46345,46355,10
13.08710957,80.28369141,46355,46365,10
13.08740044,80.28369141,46365,46385,20
13.08740044,80.28369141,46385,46395,10
13.0876503,80.28368378,46395,46405,10
13.08790016,80.283638,46405,46436,31
13.08790016,80.283638,46436,46446,10
13.08817959,80.28353882,46446,46456,10
13.08819008,80.28353119,46456,46466,10
13.08825016,80.28321838,46466,46476,10
13.08825016,80.28308868,46476,46486,10
13.08823967,80.28291321,46486,46496,10
13.0882597,80.28247833,46496,46506,10
13.08821964,80.28199768,46506,46516,10
13.08788967,80.28148651,46516,46527,11
13.08724022,80.28128815,46527,46537,10
13.08675003,80.28114319,46537,46547,10
13.08605003,80.28092957,46547,46557,10
13.08576012,80.28076172,46557,46567,10
13.08563042,80.28029633,46567,46577,10
13.08553982,80.27996826,46577,46587,10
13.08532047,80.27955627,46587,46597,10
13.08475971,80.27931976,46597,46607,10
13.08407021,80.27915955,46607,46617,10
13.08308983,80.27887726,46617,46637,20
13.08308983,80.27887726,46637,46648,11
13.08281994,80.27876282,46648,46658,10
13.08255959,80.27867889,46658,46668,10
13.08222961,80.27854156,46668,46678,10
13.08195972,80.27828979,46678,46688,10
13.08191013,80.27787781,46688,46698,10
13.08183956,80.27719116,46698,46708,10
13.08162975,80.27609253,46708,46748,40
13.08162975,80.27609253,46748,46758,10
13.08164978,80.27577972,46758,46769,11
13.08160019,80.2754364,46769,46779,10
13.08158016,80.27526855,46779,46789,10
13.08158016,80.27507019,46789,46799,10
13.08154011,80.27484131,46799,46809,10
13.08152008,80.27467346,46809,46819,10
13.08150005,80.27452087,46819,46829,10
13.08150005,80.27427673,46829,46839,10
13.08148956,80.27397919,46839,46849,10
13.08143997,80.27359009,46849,46859,10
13.08137035,80.27326202,46859,46890,31
13.08137035,80.27326202,46890,46900,10
13.08133984,80.27313232,46900,46910,10
13.08146954,80.27268219,46910,46920,10
13.08135986,80.27194214,46920,46930,10
13.08100033,80.27124023,46930,46940,10
13.08076,80.27063751,46940,46950,10
13.08071995,80.26991272,46950,46960,10
13.08069992,80.26902771,46960,46970,10
13.08069992,80.26760864,46970,46989,19
13.08069992,80.26760864,46989,47001,12
13.08076,80.26724243,47001,47011,10
13.08073997,80.26664734,47011,47021,10
13.08073997,80.26586151,47021,47031,10
13.08071041,80.26522827,47031,47041,10
13.08055019,80.26448822,47041,47051,10
13.08036995,80.26376343,47051,47061,10
13.08028984,80.26341248,47061,47071,10
13.0802803,80.26334381,47071,47081,10
13.0801897,80.26303101,47081,47091,10
13.07971954,80.26294708,47091,47101,10
13.07935047,80.26287079,47101,47111,10
13.07938957,80.26281738,47111,47122,11
13.07948017,80.26277924,47122,47132,10
13.07956028,80.26280212,47132,47142,10
13.07987976,80.26289368,47142,47152,10
13.08008003,80.26254272,47152,47162,10
13.08003998,80.26209259,47162,47172,10
13.07981968,80.26139069,47172,47182,10
13.07956982,80.26056671,47182,47192,10
13.07938957,80.25966644,47192,47202,10
13.07935047,80.25930023,47202,47212,10
13.07931995,80.25894165,47212,47222,10
13.07925987,80.25826263,47222,47232,10
13.07917976,80.25740814,47232,47243,11
13.07907963,80.25646973,47243,47253,10
13.07901955,80.25588989,47253,47263,10
13.07900047,80.25556183,47263,47273,10
13.07896996,80.25509644,47273,47283,10
13.07896042,80.25483704,47283,47293,10
13.0789299,80.25463867,47293,47303,10
13.07888031,80.25418091,47303,47313,10
13.07878017,80.2536087,47313,47323,10
13.07878971,80.25357819,47323,47333,10
13.07878971,80.25335693,47333,47343,10
13.07876968,80.25279236,47343,47353,10
13.07878017,80.25193787,47353,47404,51
13.07878017,80.25193787,47404,47414,10
13.0785799,80.25166321,47414,47424,10
13.07808018,80.25170898,47424,47434,10
13.07730007,80.2518692,47434,47444,10
13.07658005,80.25199127,47444,47454,10
13.0756197,80.25213623,47454,47464,10
13.07493019,80.25218964,47464,47474,10
13.07429981,80.25221252,47474,47485,11
13.07374954,80.25240326,47485,47495,10
13.07314014,80.25237274,47495,47505,10
13.07266045,80.25231934,47505,47515,10
13.07219982,80.25196838,47515,47525,10
13.07207012,80.251297,47525,47535,10
13.07196045,80.25074005,47535,47545,10
13.07180977,80.2501297,47545,47555,10
13.07157993,80.24923706,47555,47565,10
13.07139015,80.2482605,47565,47575,10
13.07114983,80.24755096,47575,47585,10
13.07091045,80.24700928,47585,47596,11
13.07052994,80.24623871,47596,47606,10
13.07013035,80.24537659,47606,47616,10
13.0697403,80.24445343,47616,47626,10
13.06945992,80.24359131,47626,47636,10
13.06929016,80.24272919,47636,47646,10
13.06945992,80.24220276,47646,47656,10
13.07013035,80.24202728,47656,47666,10
13.07091045,80.24176025,47666,47676,10
13.07166004,80.24147797,47676,47686,10
13.07236958,80.24104309,47686,47696,10
13.07306004,80.2407608,47696,47705,9
13.07367992,80.24056244,47705,47717,12
13.0746603,80.24044037,47717,47727,10
13.07561016,80.24043274,47727,47737,10
13.07645035,80.24047089,47737,47747,10
13.07697964,80.24054718,47747,47757,10
13.07707977,80.23996735,47757,47777,20
13.07707977,80.23996735,47777,47787,10
13.07699013,80.23963165,47787,47797,10
13.07686043,80.2390976,47797,47807,10
13.07678032,80.23880768,47807,47817,10
13.07666969,80.23848724,47817,47868,51
13.07666969,80.23848724,47868,47878,10
13.07664967,80.23831177,47878,47888,10
13.07658958,80.23792267,47888,47898,10
13.07641029,80.23731232,47898,47918,20
13.07641029,80.23731232,47918,47928,10
13.0763998,80.23722839,47928,47938,10
13.07631969,80.23684692,47938,47948,10
13.07623959,80.23619843,47948,47959,11
13.0760603,80.23529816,47959,47969,10
13.07577038,80.23429108,47969,47989,20
13.07577038,80.23429108,47989,47999,10
13.07567978,80.23410034,47999,48009,10
13.07557011,80.2338028,48009,48019,10
13.07540035,80.23323822,48019,48029,10
13.07518959,80.23253632,48029,48039,10
13.07514,80.23236084,48039,48049,10
13.07509041,80.23204041,48049,48058,9
13.07501984,80.23155212,48058,48069,11
13.07464027,80.23040771,48069,48090,21
13.07464027,80.23040771,48090,48100,10
13.07464027,80.23040009,48100,48110,10
13.07454014,80.2300415,48110,48120,10
13.07435036,80.22949982,48120,48130,10
13.07417011,80.22873688,48130,48140,10
13.07404995,80.22789001,48140,48150,10
13.0739603,80.22711945,48150,48160,10
13.07388973,80.22624969,48160,48170,10
13.07388973,80.22573853,48170,48180,10
13.07392979,80.22541809,48180,48190,10
13.07392979,80.22541046,48190,48201,11
13.0739603,80.22518158,48201,48211,10
13.07398987,80.22460938,48211,48221,10
13.07406998,80.22383118,48221,48231,10
13.07415962,80.22293854,48231,48241,10
13.0742197,80.22203064,48241,48251,10
13.07427025,80.22138214,48251,48271,20
13.07427025,80.22138214,48271,48281,10
13.0743103,80.22103119,48281,48291,10
13.07437038,80.22057343,48291,48301,10
13.07444,80.22006226,48301,48312,11
13.07450008,80.2197876,48312,48322,10
13.07452011,80.21972656,48322,48332,10
13.07456017,80.21958923,48332,48372,40
13.07456017,80.21958923,48372,48382,10
13.07464981,80.21917725,48382,48402,20
13.07464981,80.21917725,48402,48412,10
13.07468987,80.21896362,48412,48422,10
13.07470036,80.21884155,48422,48433,11
13.07472038,80.2186203,48433,48443,10
13.07476997,80.21827698,48443,48453,10
13.07483006,80.21788788,48453,48463,10
13.07489967,80.21755981,48463,48473,10
13.07493973,80.2173996,48473,48483,10
13.07497025,80.21723938,48483,48493,10
13.0750103,80.21652222,48493,48523,30
13.0750103,80.21652222,48523,48533,10
13.07505035,80.21633911,48533,48542,9
13.07509995,80.21601868,48542,48554,12
13.07518005,80.21546173,48554,48564,10
13.07526016,80.2148819,48564,48574,10
13.07551003,80.21414185,48574,48584,10
13.07606983,80.21307373,48584,48604,20
13.07606983,80.21307373,48604,48614,10
13.07625961,80.21283722,48614,48624,10
13.07660007,80.21231842,48624,48634,10
13.07688046,80.21179199,48634,48644,10
13.07688046,80.21176147,48644,48654,10
13.0769701,80.21138,48654,48664,10
13.07705021,80.21080017,48664,48685,21
13.07705021,80.21080017,48685,48695,10
13.07705021,80.21063232,48695,48705,10
13.07703972,80.21054077,48705,48715,10
13.07711983,80.21018982,48715,48725,10
13.07717037,80.20955658,48725,48735,10
13.07717991,80.20932007,48735,48745,10
13.07715988,80.20909882,48745,48755,10
13.0770998,80.20854187,48755,48765,10
13.07707977,80.20774841,48765,48775,10
13.07703972,80.20683289,48775,48784,9
13.07689953,80.20596313,48784,48796,12
13.07670975,80.20482635,48796,48806,10
13.07656956,80.20414734,48806,48816,10
13.0763998,80.20352173,48816,48826,10
13.07637978,80.20339966,48826,48836,10
13.07635021,80.20323944,48836,48846,10
13.07633018,80.20307159,48846,48856,10
13.07623959,80.20262909,48856,48866,10
13.07618046,80.20192719,48866,48876,10
13.07623005,80.20113373,48876,48886,10
13.07621002,80.20024109,48886,48896,10
13.07540989,80.19998169,48896,48906,10
13.07444,80.19985962,48906,48917,11
13.07382011,80.20031738,48917,48927,10
13.07369041,80.20046234,48927,48937,10
13.07361984,80.20054626,48937,48947,10
13.07332039,80.20091248,48947,48957,10
13.07281017,80.20149231,48957,48967,10
13.07242966,80.20198059,48967,48977,10
13.07234955,80.20205688,48977,48987,10
13.07209969,80.20230103,48987,48997,10
13.07164001,80.20278168,48997,49007,10
13.07108974,80.20342255,49007,49017,10
13.07044029,80.20419312,49017,49028,11
13.06986046,80.20500946,49028,49058,30
13.06986046,80.20500946,49058,49068,10
13.06972027,80.20500946,49068,49078,10
13.06943035,80.20482635,49078,49088,10
13.06910992,80.2050705,49088,49098,10
13.06875992,80.20526123,49098,49137,39
13.06875992,80.20526123,49137,49149,12
13.06869984,80.20510101,49149,49159,10
13.06847954,80.20500946,49159,49330,171
13.06844044,80.2050705,49330,49431,101
13.06844044,80.2050705,49431,49441,10
13.06855965,80.20484924,49441,49451,10
13.06882,80.20477295,49451,49461,10
13.06900024,80.20471191,49461,49471,10
13.06919003,80.20469666,49471,49481,10
13.06937027,80.20474243,49481,49491,10
13.06956959,80.20477295,49491,49501,10
13.0696497,80.20478821,49501,49512,11
13.06972027,80.20484161,49512,49522,10
13.07003021,80.20465851,49522,49532,10
13.07040977,80.20413208,49532,49542,10
13.07096958,80.20345306,49542,49552,10
13.07176018,80.20246124,49552,49572,20
13.07176018,80.20246124,49572,49582,10
13.07182026,80.20236206,49582,49592,10
13.07186985,80.20223236,49592,49602,10
13.07213974,80.20189667,49602,49612,10
13.07252026,80.20153046,49612,49622,10
13.07299042,80.20101166,49622,49633,11
13.07339954,80.20053864,49633,49643,10
13.07380009,80.2000885,49643,49653,10
13.07429981,80.19953156,49653,49673,20
13.07429981,80.19953156,49673,49683,10
13.07444954,80.19937897,49683,49693,10
13.0749197,80.19911194,49693,49703,10
13.07563972,80.1989975,49703,49713,10
13.07645988,80.19889832,49713,49723,10
13.07653046,80.19821167,49723,49733,10
13.07600975,80.1980896,49733,49743,10
13.07604027,80.19876099,49743,49754,11
13.07623005,80.19965363,49754,49764,10
13.07637978,80.20072174,49764,49774,10
13.07625008,80.20188904,49774,49784,10
13.07633972,80.20294189,49784,49794,10
13.07651043,80.20365143,49794,49804,10
13.07662964,80.20413208,49804,49814,10
13.07664967,80.20420837,49814,49824,10
13.07670021,80.20448303,49824,49834,10
13.07678032,80.2050705,49834,49844,10
13.07691956,80.20587158,49844,49854,10
13.07705021,80.20680237,49854,49864,10
13.07709026,80.20778656,49864,49875,11
13.07717037,80.20887756,49875,49885,10
13.0771904,80.20987701,49885,49895,10
13.07713985,80.21051788,49895,49905,10
13.07711983,80.21061707,49905,49915,10
13.07705975,80.21105957,49915,49925,10
13.07699966,80.21159363,49925,49935,10
13.07697964,80.21173096,49935,49945,10
13.0768404,80.21209717,49945,49955,10
13.0764904,80.2126236,49955,49965,10
13.0761404,80.21311951,49965,49975,10
13.07598019,80.21337891,49975,49986,11
13.07588959,80.21353149,49986,49996,10
13.07565022,80.21398926,49996,50006,10
13.07540035,80.21463013,50006,50016,10
13.07530022,80.21497345,50016,50026,10
13.07522011,80.2155838,50026,50056,30
13.07522011,80.2155838,50056,50066,10
13.07516003,80.21591187,50066,50076,10
13.07511997,80.21640015,50076,50086,10
13.07509995,80.21690369,50086,50096,10
13.07509995,80.21691132,50096,50107,11
13.07505035,80.21743774,50107,50157,50
13.07505035,80.21743774,50157,50167,10
13.07503033,80.21750641,50167,50177,10
13.07497978,80.21790314,50177,50187,10
13.07489014,80.21842194,50187,50197,10
13.07479,80.21897888,50197,50207,10
13.07466984,80.2195816,50207,50217,10
13.07460022,80.21997833,50217,50228,11
13.07454014,80.22022247,50228,50238,10
13.07446003,80.22055054,50238,50248,10
13.07441044,80.22102356,50248,50258,10
13.07439995,80.22112274,50258,50268,10
13.07433033,80.22149658,50268,50278,10
13.07425976,80.22205353,50278,50288,10
13.07419014,80.22281647,50288,50298,10
13.07411003,80.22357941,50298,50308,10
13.07408047,80.22373962,50308,50318,10
13.07402039,80.22431183,50318,50369,51
13.07402039,80.22431183,50369,50379,10
13.07406998,80.22437286,50379,50389,10
13.07402992,80.22470856,50389,50399,10
13.07396984,80.22518158,50399,50409,10
13.07388973,80.22586823,50409,50419,10
13.07390976,80.22660828,50419,50429,10
13.07394981,80.22689056,50429,50439,10
13.07394981,80.22701263,50439,50449,10
13.07396984,80.22743225,50449,50459,10
13.07402039,80.22792053,50459,50470,11
13.07409,80.22862244,50470,50480,10
13.07425976,80.22940063,50480,50490,10
13.07452965,80.23014832,50490,50500,10
13.07489014,80.23088074,50500,50510,10
13.07509041,80.23166656,50510,50520,10
13.07520962,80.23246002,50520,50530,10
13.07551956,80.23352814,50530,50560,30
13.07551956,80.23352814,50560,50569,9
13.07557011,80.23361969,50569,50580,11
13.07573032,80.23397064,50580,50591,11
13.07594967,80.23449707,50591,50601,10
13.07596016,80.23455811,50601,50611,10
13.07604027,80.23490906,50611,50621,10
13.07616997,80.23555756,50621,50631,10
13.07629013,80.23628998,50631,50641,10
13.07639027,80.23683167,50641,50671,30
13.07639027,80.23683167,50671,50681,10
13.0763998,80.23697662,50681,50691,10
13.07649994,80.23722076,50691,50702,11
13.07653999,80.23739624,50702,50712,10
13.07662964,80.23779297,50712,50772,60
13.07662964,80.23779297,50772,50782,10
13.07664013,80.23808289,50782,50792,10
13.07674026,80.23854065,50792,50802,10
13.07689953,80.23922729,50802,50812,10
13.07697964,80.23947906,50812,50823,11
13.07705975,80.23977661,50823,50833,10
13.07719994,80.24034882,50833,50843,10
13.07734013,80.24098206,50843,50853,10
13.07746983,80.24149323,50853,50863,10
13.07758045,80.24196625,50863,50873,10
13.07771015,80.24269104,50873,50883,10
13.07781029,80.24342346,50883,50893,10
13.07785988,80.24388885,50893,50903,10
13.07787037,80.24446106,50903,50913,10
13.07793045,80.24485016,50913,50923,10
13.07793999,80.24492645,50923,50933,10
13.07796955,80.24537659,50933,50944,11
13.0780201,80.24617767,50944,50954,10
13.07820034,80.24710846,50954,50964,10
13.0783596,80.24783325,50964,50974,10
13.07839012,80.24794769,50974,50984,10
13.07845974,80.24835968,50984,50994,10
13.07861042,80.24903107,50994,51004,10
13.07874966,80.2497406,51004,51014,10
13.07878971,80.24993134,51014,51024,10
13.07878971,80.24993896,51024,51034,10
13.07880974,80.2501297,51034,51044,10
13.07880974,80.25032043,51044,51053,9
13.07882023,80.25061798,51053,51065,12
13.07884026,80.25115204,51065,51075,10
13.07882977,80.25176239,51075,51085,10
13.0788002,80.25257874,51085,51095,10
13.0788002,80.25348663,51095,51105,10
13.07888031,80.25404358,51105,51115,10
13.07890987,80.25421906,51115,51155,40
13.07890987,80.25421906,51155,51165,10
13.07886982,80.25437927,51165,51175,10
13.0789299,80.25479126,51175,51186,11
13.07901001,80.25540924,51186,51196,10
13.0790596,80.25608063,51196,51206,10
13.07913017,80.25678253,51206,51216,10
13.07921982,80.25758362,51216,51226,10
13.07935047,80.25856018,51226,51266,40
13.07935047,80.25856018,51266,51276,10
13.07936001,80.25885773,51276,51286,10
13.07944012,80.25946045,51286,51296,10
13.07950974,80.25985718,51296,51307,11
13.0796299,80.26052856,51307,51317,10
13.07987976,80.26132202,51317,51327,10
13.08018017,80.26244354,51327,51347,20
13.08018017,80.26244354,51347,51357,10
13.08016014,80.26255035,51357,51367,10
13.08024025,80.26286316,51367,51377,10
13.08038044,80.2633667,51377,51387,10
13.08041,80.26351929,51387,51397,10
13.08049965,80.26390076,51397,51407,10
13.0806303,80.26451874,51407,51418,11
13.08071995,80.26499176,51418,51428,10
13.08073997,80.26554108,51428,51438,10
13.08071995,80.26637268,51438,51447,9
13.08069992,80.26721954,51447,51458,11
13.08071995,80.26789856,51458,51468,10
13.08073044,80.26804352,51468,51478,10
13.08073997,80.26835632,51478,51488,10
13.08073997,80.26898956,51488,51498,10
13.08073997,80.26979828,51498,51508,10
13.08084965,80.27075195,51508,51549,41
13.08084965,80.27075195,51549,51559,10
13.08086967,80.27082825,51559,51569,10
13.08102036,80.27114105,51569,51579,10
13.08135033,80.27162933,51579,51589,10
13.08150959,80.2723999,51589,51599,10
13.08141041,80.27306366,51599,51609,10
13.08152962,80.27371979,51609,51619,10
13.08187962,80.27401733,51619,51629,10
13.08201981,80.27442169,51629,51639,10
13.08199024,80.27497101,51639,51649,10
13.08201027,80.275177,51649,51690,41
13.08201027,80.275177,51690,51700,10
13.08207035,80.27548981,51700,51710,10
13.08209991,80.27562714,51710,51720,10
13.08195972,80.27587128,51720,51730,10
13.08181,80.27610016,51730,51740,10
13.08187008,80.27658081,51740,51750,10
13.08193016,80.27732849,51750,51760,10
13.0820303,80.27806854,51760,51770,10
13.08207989,80.27852631,51770,51781,11
13.08209991,80.27896881,51781,51791,10
13.0821104,80.27905273,51791,51801,10
13.08215046,80.27940369,51801,51811,10
13.08222008,80.28006744,51811,51821,10
13.08230019,80.28089905,51821,51831,10
13.08236027,80.28160095,51831,51841,10
13.08288956,80.28205109,51841,51851,10
13.08370972,80.282547,51851,51861,10
13.08456993,80.28314209,51861,51871,10
13.0850296,80.28363037,51871,51881,10
13.08528996,80.28369904,51881,51892,11
13.08553982,80.28356171,51892,51902,10
13.08586025,80.28353882,51902,51912,10
13.08627987,80.28354645,51912,51922,10
13.08673954,80.28354645,51922,53293,1371
13.08673954,80.28354645,53293,53303,10
13.08710003,80.28362274,53303,53313,10
13.08724022,80.28362274,53313,53323,10
13.08726025,80.28362274,53323,53334,11
13.08738995,80.28362274,53334,53344,10
13.08767033,80.28362274,53344,53394,50
13.08806992,80.28356934,53394,53414,20
13.08806992,80.28356934,53414,53424,10
13.08823967,80.28340149,53424,53434,10
13.0882597,80.28315735,53434,53445,11
13.08827972,80.2827301,53445,53455,10
13.08829021,80.28250885,53455,53465,10
13.08825016,80.2822113,53465,53475,10
13.08821011,80.28196716,53475,53485,10
13.08810043,80.28164673,53485,53495,10
13.08796024,80.28148651,53495,53505,10
13.08753967,80.28135681,53505,53515,10
13.08699036,80.28118896,53515,53525,10
13.08675003,80.28111267,53525,53535,10
13.0864296,80.28101349,53535,53545,10
13.08592033,80.28085327,53545,53555,10
13.08567047,80.2804184,53555,53566,11
13.08553982,80.27986908,53566,53576,10
13.08506012,80.27937317,53576,53586,10
13.0843401,80.27922058,53586,53596,10
13.08370018,80.27909851,53596,53606,10
13.08308983,80.27883911,53606,53616,10
13.08304024,80.27880096,53616,53626,10
13.08250046,80.27857208,53626,53656,30
13.08250046,80.27857208,53656,53666,10
13.08236027,80.27852631,53666,53676,10
13.08209991,80.27839661,53676,53687,11
13.08193016,80.27806091,53687,53697,10
13.08187962,80.2775116,53697,53707,10
13.08178997,80.27671051,53707,53717,10
13.08164024,80.27587891,53717,53727,10
13.08154964,80.27539063,53727,53737,10
13.08154964,80.27536774,53737,53747,10
13.08154011,80.27520752,53747,53757,10
13.08152008,80.27501678,53757,53767,10
13.08150005,80.27478027,53767,53777,10
13.08146,80.27454376,53777,53787,10
13.08145046,80.27429962,53787,53796,9
13.08143044,80.27401733,53796,53808,12
13.08139038,80.2736969,53808,53818,10
13.08135986,80.27339935,53818,53848,30
13.08135986,80.27339935,53848,53858,10
13.08131981,80.27306366,53858,53898,40
13.08131981,80.27306366,53898,53908,10
13.08139038,80.27282715,53908,53918,10
13.08143044,80.27233887,53918,53929,11
13.08127022,80.27159119,53929,53939,10
13.08092022,80.27110291,53939,53949,10
13.08075047,80.27057648,53949,53959,10
13.08071995,80.26997375,53959,53969,10
13.08071995,80.26921844,53969,53979,10
13.08069992,80.26834106,53979,53989,10
13.08069992,80.2678833,53989,53999,10
13.08069038,80.26766205,53999,54009,10
13.08071041,80.26754761,54009,54019,10
13.08069992,80.26708984,54019,54029,10
13.08069992,80.26635742,54029,54040,11
13.08073044,80.26551819,54040,54050,10
13.08063984,80.26486206,54050,54060,10
13.08051968,80.26434326,54060,54070,10
13.0802803,80.26338196,54070,54100,30
13.0802803,80.26338196,54100,54110,10
13.08022022,80.26302338,54110,54120,10
13.07985973,80.26291656,54120,54130,10
13.07948017,80.26277924,54130,54150,20
13.07948017,80.26277924,54150,54161,11
13.07973957,80.26287842,54161,54171,10
13.08003998,80.2627182,54171,54181,10
13.08006001,80.26239777,54181,54191,10
13.07995987,80.2618103,54191,54201,10
13.07968998,80.26104736,54201,54211,10
13.07948017,80.26016998,54211,54221,10
13.07933998,80.25935364,54221,54231,10
13.07931042,80.25907898,54231,54241,10
13.07925987,80.25852203,54241,54251,10
13.07917023,80.25773621,54251,54261,10
13.07909012,80.25692749,54261,54271,10
13.07907963,80.2565918,54271,54282,11
13.07907009,80.25631714,54282,54292,10
13.07903004,80.256073,54292,54302,10
13.07898045,80.25543213,54302,54312,10
13.07888031,80.25460052,54312,54322,10
13.0788002,80.25373077,54322,54332,10
13.07876968,80.2536087,54332,54342,10
13.07876015,80.25338745,54342,54352,10
13.07876015,80.25283051,54352,54361,9
13.07878017,80.25215912,54361,54372,11
13.07870007,80.25170898,54372,54382,10
13.07851982,80.25164795,54382,54392,10
13.07800961,80.25170898,54392,54403,11
13.07713985,80.2518692,54403,54413,10
13.0764904,80.25198364,54413,54423,10
13.07573986,80.25212097,54423,54433,10
13.07503986,80.25219727,54433,54443,10
13.07444,80.25221252,54443,54453,10
13.07409,80.2522583,54453,54463,10
13.07369995,80.25241852,54463,54473,10
13.07310009,80.252388,54473,54483,10
13.07252026,80.25231171,54483,54493,10
13.07213974,80.25180817,54493,54503,10
13.0720396,80.2511673,54503,54514,11
13.07188988,80.25048828,54514,54524,10
13.07166004,80.24971008,54524,54534,10
13.0714798,80.24875641,54534,54544,10
13.07122993,80.24784851,54544,54554,10
13.07092953,80.24704742,54554,54564,10
13.07052994,80.24623108,54564,54574,10
13.07011032,80.24529266,54574,54584,10
13.06976986,80.24447632,54584,54594,10
13.06960011,80.24398804,54594,54604,10
13.06939983,80.24342346,54604,54614,10
13.06927013,80.24281311,54614,54624,10
13.06927013,80.24233246,54624,54635,11
13.06964016,80.24205017,54635,54645,10
13.07034016,80.24186707,54645,54655,10
13.0711298,80.24163818,54655,54665,10
13.07190037,80.24128723,54665,54675,10
13.07252026,80.24092865,54675,54685,10
13.07306957,80.24073029,54685,54695,10
13.07351971,80.24060059,54695,54705,10
13.07406998,80.24044037,54705,54715,10
13.07481956,80.24043274,54715,54725,10
13.07563019,80.24041748,54725,54735,10
13.07641983,80.24046326,54735,54745,10
13.07703018,80.24047089,54745,54756,11
13.07701969,80.23996735,54756,54766,10
13.07701015,80.23983765,54766,54776,10
13.07691956,80.23934174,54776,54786,10
13.07672977,80.2386322,54786,54796,10
13.07660007,80.23806,54796,54806,10
13.07656956,80.23780823,54806,54816,10
13.0764904,80.23758698,54816,54826,10
13.07645988,80.23750305,54826,54836,10
13.07643032,80.23738098,54836,54846,10
13.07633018,80.23692322,54846,54856,10
13.07623005,80.2361908,54856,54866,10
13.07610035,80.23542023,54866,54877,11
13.07590008,80.23457336,54877,54887,10
13.07577038,80.23423767,54887,54897,10
13.07571983,80.23397827,54897,54907,10
13.07549953,80.23339081,54907,54917,10
13.07514,80.23230743,54917,54967,50
13.07514,80.23230743,54967,54977,10
13.07507992,80.23204041,54977,54987,10
13.07501984,80.23162842,54987,54998,11
13.07487011,80.23110199,54998,55008,10
13.07462978,80.23049927,55008,55018,10
13.07462025,80.23043823,55018,55028,10
13.07458973,80.23017883,55028,55038,10
13.07443047,80.22968292,55038,55048,10
13.07423019,80.22902679,55048,55058,10
13.07413006,80.22834015,55058,55068,10
13.07406044,80.22763824,55068,55078,10
13.07398987,80.22718048,55078,55088,10
13.07392979,80.22647095,55088,55098,10
13.07390022,80.2259903,55098,55109,11
13.07390022,80.22593689,55109,55119,10
13.07390976,80.22583771,55119,55129,10
13.07392979,80.22551727,55129,55139,10
13.07396984,80.22505188,55139,55149,10
13.07404995,80.22428894,55149,55159,10
13.07411957,80.22344971,55159,55169,10
13.0741396,80.22267151,55169,55179,10
13.07413006,80.22234344,55179,55189,10
13.07413006,80.22231293,55189,55199,10
13.07415962,80.22209167,55199,55209,10
13.07421017,80.22177887,55209,55219,10
13.07425022,80.22158813,55219,55230,11
13.07427025,80.22135162,55230,55280,50
13.07427025,80.22135162,55280,55290,10
13.07419968,80.22110748,55290,55300,10
13.07423019,80.22067261,55300,55310,10
13.07433033,80.22029877,55310,55320,10
13.07439995,80.22000885,55320,55330,10
13.07446957,80.21967316,55330,55340,10
13.07448959,80.21955109,55340,55351,11
13.07450008,80.2195282,55351,55361,10
13.07456017,80.21929932,55361,55371,10
13.07462025,80.21903992,55371,55381,10
13.07464981,80.2188797,55381,55391,10
13.07468987,80.21840668,55391,55401,10
13.07478046,80.21794891,55401,55411,10
13.07493019,80.21729279,55411,55421,10
13.07499027,80.21659088,55421,55461,40
13.07499027,80.21659088,55461,55472,11
13.07505989,80.21640778,55472,55482,10
13.07511997,80.21604919,55482,55492,10
13.07516003,80.2157135,55492,55502,10
13.07524014,80.2151413,55502,55512,10
13.07544041,80.21437836,55512,55522,10
13.07575989,80.21357727,55522,55532,10
13.07623005,80.21286011,55532,55542,10
13.07664967,80.21222687,55542,55552,10
13.07691956,80.21166992,55552,55562,10
13.07703018,80.21095276,55562,55572,10
13.07711029,80.21031189,55572,55583,11
13.0771904,80.20970917,55583,55593,10
13.0771904,80.20916748,55593,55603,10
13.07717991,80.20909882,55603,55613,10
13.07711983,80.20864105,55613,55623,10
13.07707024,80.20787811,55623,55633,10
13.07705021,80.20694733,55633,55643,10
13.07689953,80.2059021,55643,55653,10
13.07670021,80.20478058,55653,55663,10
13.07653046,80.20401001,55663,55673,10
13.07643986,80.20365143,55673,55683,10
13.07637024,80.20337677,55683,55691,8
13.07625961,80.20291901,55691,55704,13
13.07616043,80.20240021,55704,55714,10
13.07616043,80.20187378,55714,55724,10
13.07621956,80.20110321,55724,55734,10
13.07618046,80.20020294,55734,55744,10
13.07532978,80.1999588,55744,55754,10
13.07433987,80.19988251,55754,55764,10
13.07400036,80.20010376,55764,55774,10
13.07378006,80.20036316,55774,55784,10
13.07363987,80.20053864,55784,55794,10
13.07357979,80.20059967,55794,55804,10
13.07330036,80.20092773,55804,55814,10
13.07285976,80.20146179,55814,55825,11
13.07240009,80.20202637,55825,55845,20
13.07240009,80.20202637,55845,55855,10
13.07219982,80.20223236,55855,55865,10
13.0717802,80.2026825,55865,55875,10
13.07124043,80.20323944,55875,55885,10
13.0706501,80.20394135,55885,55895,10
13.0700798,80.2046814,55895,55905,10
13.06989002,80.20496368,55905,55915,10
13.06960011,80.20490265,55915,55925,10
13.06925011,80.20487213,55925,55935,10
13.06900978,80.20519257,55935,55946,11
13.06879044,80.20533752,55946,55956,10
13.06869984,80.20510101,55956,55966,10
13.06840992,80.20507813,55966,56470,504
13.06840992,80.20507813,56470,56480,10
13.06826019,80.2050705,56480,56541,61
13.06826019,80.2050705,56541,56551,10
13.06828976,80.20491791,56551,56561,10
13.06855965,80.20482635,56561,56571,10
13.06890011,80.20472717,56571,56581,10
13.06923008,80.20471191,56581,56591,10
13.06945992,80.20475006,56591,56601,10
13.0697403,80.2048111,56601,56611,10
13.06993961,80.2046814,56611,56621,10
13.07024956,80.20426941,56621,56631,10
13.07073021,80.20368958,56631,56641,10
13.07127953,80.20303345,56641,56651,10
13.07176018,80.2024765,56651,56662,11
13.0720396,80.20217133,56662,56672,10
13.07221985,80.20195007,56672,56682,10
13.07254028,80.20159912,56682,56692,10
13.07287979,80.20117188,56692,56702,10
13.07308006,80.20092773,56702,56712,10
13.07336044,80.20062256,56712,56722,10
13.07376957,80.20018768,56722,56732,10
13.07433987,80.1995163,56732,56762,30
13.07433987,80.1995163,56762,56772,10
13.07456017,80.19936371,56772,56783,11
13.07509995,80.19911957,56783,56793,10
13.07584,80.19902802,56793,56803,10
13.07660961,80.19882965,56803,56813,10
13.07647991,80.19815063,56813,56823,10
13.0759697,80.19818115,56823,56833,10
13.07602978,80.19877625,56833,56843,10
13.07618999,80.19953918,56843,56853,10
13.07637978,80.20044708,56853,56863,10
13.07627964,80.20153046,56863,56873,10
13.07627964,80.20259857,56873,56883,10
13.07647038,80.20355225,56883,56893,10
13.07664013,80.20423126,56893,56904,11
13.07664013,80.20426941,56904,56914,10
13.07670975,80.20458221,56914,56924,10
13.07678986,80.20516205,56924,56934,10
13.07691956,80.20596313,56934,56944,10
13.07705975,80.20687103,56944,56954,10
13.0770998,80.20783997,56954,56964,10
13.07715988,80.20877075,56964,56974,10
13.07717991,80.20973969,56974,56984,10
13.07713985,80.21051788,56984,56994,10
13.07713032,80.21056366,56994,57004,10
13.07707977,80.21089172,57004,57013,9
13.0769701,80.21154022,57013,57035,22
13.0769701,80.21154022,57035,57045,10
13.07695961,80.21172333,57045,57055,10
13.07676029,80.21219635,57055,57065,10
13.07631016,80.21285248,57065,57075,10
13.0759201,80.21347046,57075,57085,10
13.07557011,80.21414185,57085,57095,10
13.07528973,80.21499634,57095,57105,10
13.07516003,80.21588898,57105,57115,10
13.07511044,80.21701813,57115,57146,31
13.07511044,80.21701813,57146,57156,10
13.07505035,80.2173233,57156,57166,10
13.07499981,80.21777344,57166,57176,10
13.07489967,80.21833038,57176,57186,10
13.07481956,80.21880341,57186,57196,10
13.07476997,80.21900177,57196,57206,10
13.07468987,80.21929932,57206,57216,10
13.07460022,80.21972656,57216,57226,10
13.07448959,80.22026062,57226,57236,10
13.07443047,80.22061157,57236,57246,10
13.07439995,80.22087097,57246,57257,11
13.07439995,80.2208786,57257,57267,10
13.07437992,80.22106171,57267,57277,10
13.07429981,80.22154999,57277,57287,10
13.07421017,80.22225189,57287,57297,10
13.0741396,80.22309113,57297,57307,10
13.07406044,80.22368622,57307,57317,10
13.07404995,80.22383881,57317,57327,10
13.07398987,80.22409058,57327,57337,10
13.07396984,80.2245636,57337,57366,29
13.07396984,80.2245636,57366,57378,12
13.07400036,80.224617,57378,57388,10
13.07398033,80.22473907,57388,57398,10
13.07394028,80.22515869,57398,57408,10
13.07386971,80.22580719,57408,57418,10
13.0738802,80.22653961,57418,57428,10
13.07390022,80.22692108,57428,57438,10
13.07386971,80.22699738,57438,57448,10
13.0738802,80.22736359,57448,57458,10
13.07392025,80.2274704,57458,57468,10
13.0739603,80.22788239,57468,57478,10
13.07404041,80.22850037,57478,57488,10
13.07419968,80.22930145,57488,57499,11
13.07456017,80.2302475,57499,57509,10
13.0749197,80.2309494,57509,57519,10
13.07509995,80.23168182,57519,57529,10
13.07518005,80.23229218,57529,57539,10
13.07538986,80.23304749,57539,57549,10
13.07557964,80.2336731,57549,57559,10
13.07559013,80.23370361,57559,57569,10
13.07571983,80.23394775,57569,57579,10
13.0759201,80.23439789,57579,57589,10
13.07594967,80.23451996,57589,57599,10
13.07600021,80.23478699,57599,57609,10
13.07608032,80.23532867,57609,57620,11
13.07625961,80.23616028,57620,57630,10
13.0763998,80.23697662,57630,57640,10
13.07647991,80.23726654,57640,57650,10
13.07653999,80.2374115,57650,57660,10
13.07656956,80.23751068,57660,57670,10
13.0766201,80.23786926,57670,57680,10
13.0767498,80.23845673,57680,57690,10
13.07691002,80.23919678,57690,57700,10
13.07699966,80.23946381,57700,57710,10
13.07705975,80.23970795,57710,57720,10
13.07721996,80.24028015,57720,57730,10
13.07736969,80.24089813,57730,57741,11
13.07748032,80.24150848,57741,57751,10
13.07754993,80.2419281,57751,57761,10
13.07765007,80.24253082,57761,57771,10
13.07773018,80.24311066,57771,57781,10
13.0777998,80.24356079,57781,57791,10
13.07783985,80.24398804,57791,57801,10
13.07789993,80.24461365,57801,57811,10
13.07791996,80.24472046,57811,57821,10
13.07793999,80.24485016,57821,57831,10
13.07796955,80.24532318,57831,57840,9
13.0780201,80.24597931,57840,57852,12
13.07820034,80.24707794,57852,57862,10
13.07835007,80.24768829,57862,57872,10
13.07837009,80.24780273,57872,57882,10
13.0784502,80.24823761,57882,57892,10
13.0785799,80.24891663,57892,57902,10
13.07872963,80.24971771,57902,57912,10
13.0788002,80.25041962,57912,57922,10
13.07882977,80.25112152,57922,57932,10
13.07884026,80.25177765,57932,57942,10
13.07878971,80.25263977,57942,57952,10
13.07886028,80.25393677,57952,57973,21
13.07886028,80.25393677,57973,57983,10
13.07888985,80.25415802,57983,57993,10
13.07892036,80.25444031,57993,58073,80
13.07892036,80.25444031,58073,58083,10
13.07900047,80.25478363,58083,58094,11
13.07907009,80.25531006,58094,58104,10
13.07913017,80.25608826,58104,58114,10
13.07919979,80.25684357,58114,58124,10
13.07929039,80.25772095,58124,58134,10
13.07936954,80.25863647,58134,58144,10
13.07948017,80.25949097,58144,58154,10
13.07952023,80.25969696,58154,58164,10
13.07956028,80.26003265,58164,58174,10
13.07966995,80.26065826,58174,58184,10
13.07993984,80.26145935,58184,58194,10
13.08018017,80.26226807,58194,58205,11
13.08030033,80.26293182,58205,58215,10
13.08043003,80.26338959,58215,58225,10
13.08043957,80.26348114,58225,58235,10
13.08053017,80.26387787,58235,58245,10
13.08063984,80.26441956,58245,58255,10
13.08071041,80.26473236,58255,58265,10
13.08076954,80.26521301,58265,58275,10
13.08076954,80.26593781,58275,58285,10
13.08073997,80.26685333,58285,58295,10
13.08073044,80.26780701,58295,58305,10
13.08076954,80.26834106,58305,58315,10
13.08075047,80.26843262,58315,58326,11
13.08076,80.2689209,58326,58336,10
13.08076,80.2696228,58336,58346,10
13.08080959,80.27043915,58346,58356,10
13.08094978,80.27100372,58356,58366,10
13.08129978,80.27146149,58366,58376,10
13.08146,80.2721405,58376,58386,10
13.08152008,80.27271271,58386,58396,10
13.08141041,80.27313995,58396,58406,10
13.08152008,80.27368164,58406,58416,10
13.0819397,80.27410889,58416,58426,10
13.08199978,80.27475739,58426,58436,10
13.08201981,80.27513885,58436,58447,11
13.08203983,80.27545166,58447,58487,40
13.08203983,80.27545166,58487,58497,10
13.08207989,80.27574158,58497,58507,10
13.08181,80.27600861,58507,58517,10
13.08183956,80.27648926,58517,58527,10
13.08189964,80.27720642,58527,58536,9
13.08199978,80.27790833,58536,58547,11
13.08207989,80.27819061,58547,58557,10
13.0821104,80.27864075,58557,58568,11
13.08216,80.27919769,58568,58578,10
13.08218002,80.27932739,58578,58588,10
13.08230019,80.28066254,58588,58598,10
13.08230019,80.28066254,58598,58608,10
13.08236027,80.28146362,58608,58617,9
13.08269024,80.28195953,58617,58629,12
13.08362961,80.28253937,58629,58639,10
13.08440018,80.28305054,58639,58649,10
13.08497047,80.28359985,58649,58659,10
13.08522987,80.28372192,58659,58669,10
13.08533001,80.28372192,58669,58680,11
13.08541965,80.28368378,58680,58690,10
13.0855999,80.28356171,58690,58700,10
13.08596039,80.28356934,58700,58710,10
13.08621025,80.28359222,58710,58760,50
13.08638954,80.28366089,58760,59113,353
13.08660984,80.28379059,59113,59819,706
13.08693981,80.28375244,59819,59839,20
13.08722973,80.28376007,59839,59880,41
13.08722973,80.28376007,59880,59890,10
13.08769989,80.28370667,59890,59960,70
13.08769989,80.28370667,59960,59970,10
13.08815956,80.28359222,59970,60021,51
13.08815956,80.28359222,60021,60031,10
13.08831024,80.28338623,60031,60041,10
13.08831978,80.28309631,60041,60061,20
13.08831978,80.28309631,60061,60071,10
13.08833027,80.28294373,60071,60081,10
13.08831978,80.28256989,60081,60100,19
13.08831978,80.28256989,60100,60112,12
13.08827019,80.28220367,60112,60122,10
13.08817005,80.28186035,60122,60132,10
13.08794022,80.28153992,60132,60142,10
13.08751011,80.2813797,60142,60152,10
13.08689976,80.28121185,60152,60162,10
13.08598042,80.28092194,60162,60182,20
13.08598042,80.28092194,60182,60192,10
13.08586025,80.28089142,60192,60202,10
13.0857296,80.28076172,60202,60212,10
13.08567047,80.28057098,60212,60222,10
13.08557987,80.28018188,60222,60233,11
13.08551025,80.27993011,60233,60243,10
13.08522034,80.27950287,60243,60253,10
13.08452034,80.27926636,60253,60263,10
13.08374023,80.27912903,60263,60273,10
13.0830698,80.27890015,60273,60283,10
13.08302021,80.27887726,60283,60293,10
13.08240032,80.2786026,60293,60333,40
13.08240032,80.2786026,60333,60343,10
13.08209991,80.27850342,60343,60354,11
13.08189964,80.27805328,60354,60364,10
13.08181953,80.27739716,60364,60374,10
13.08176994,80.27687836,60374,60384,10
13.08174038,80.27667999,60384,60394,10
13.08168983,80.27626038,60394,60404,10
13.08160973,80.27593994,60404,60414,10
13.0815897,80.27575684,60414,60424,10
13.08154964,80.27555847,60424,60434,10
13.08152008,80.27536774,60434,60505,71
13.08152008,80.27536774,60505,60515,10
13.08152962,80.27507019,60515,60525,10
13.08150005,80.27480316,60525,60535,10
13.08146954,80.27451324,60535,60545,10
13.08143997,80.27411652,60545,60555,10
13.08137989,80.27365112,60555,60565,10
13.08131027,80.27329254,60565,60596,31
13.08131027,80.27329254,60596,60606,10
13.08127975,80.27310181,60606,60616,10
13.08137035,80.27279663,60616,60626,10
13.08137989,80.27226257,60626,60636,10
13.08125973,80.27165985,60636,60646,10
13.08115005,80.27140808,60646,60656,10
13.08088017,80.27118683,60656,60676,20
13.08088017,80.27118683,60676,60686,10
13.08086014,80.27107239,60686,60695,9
13.08076,80.27078247,60695,60707,12
13.08071041,80.26999664,60707,60717,10
13.08071041,80.26911926,60717,60727,10
13.08067036,80.26770782,60727,60747,20
13.08067036,80.26770782,60747,60757,10
13.08065987,80.26747131,60757,60767,10
13.08065987,80.26689148,60767,60777,10
13.08065987,80.26587677,60777,60828,51
13.08065987,80.26587677,60828,60838,10
13.08067036,80.26551056,60838,60848,10
13.08061028,80.26495361,60848,60858,10
13.08045006,80.26422119,60858,60868,10
13.08030033,80.26348877,60868,60878,10
13.08010006,80.26293945,60878,60888,10
13.07952976,80.26300812,60888,60898,10
13.07936954,80.26283264,60898,60908,10
13.07954025,80.26280212,60908,60918,10
13.07960033,80.26281738,60918,60928,10
13.07989979,80.26290131,60928,60939,11
13.08008957,80.26258087,60939,60949,10
13.08001995,80.26200867,60949,60959,10
13.07977009,80.26126099,60959,60969,10
13.07952976,80.26042938,60969,60979,10
13.07935047,80.25953674,60979,60989,10
13.07931995,80.25926208,60989,60999,10
13.07925987,80.25878143,60999,61009,10
13.07919025,80.25807953,61009,61019,10
13.07909966,80.25717926,61019,61029,10
13.07903957,80.25659943,61029,61039,10
13.07903004,80.25643921,61039,61048,9
13.07901001,80.25614929,61048,61060,12
13.07894039,80.25556946,61060,61070,10
13.07888031,80.25507355,61070,61080,10
13.07886028,80.25489044,61080,61090,10
13.07882023,80.25450134,61090,61100,10
13.07872009,80.25351715,61100,61130,30
13.07872009,80.25351715,61130,61140,10
13.07876015,80.25311279,61140,61150,10
13.07876968,80.25245667,61150,61160,10
13.07876015,80.25193024,61160,61170,10
13.07876015,80.25192261,61170,61181,11
13.07872009,80.25173187,61181,61191,10
13.07831955,80.25166321,61191,61201,10
13.07781029,80.2517395,61201,61211,10
13.07699013,80.25189209,61211,61221,10
13.07610989,80.25211334,61221,61231,10
13.07520008,80.25218964,61231,61241,10
13.07460022,80.25224304,61241,61251,10
13.07446957,80.25222778,61251,61261,10
13.07406044,80.25227356,61261,61271,10
13.07369995,80.25244141,61271,61281,10
13.0730896,80.25238037,61281,61292,11
13.07240963,80.25228119,61292,61302,10
13.07209969,80.25164032,61302,61312,10
13.07199955,80.2508316,61312,61322,10
13.07184029,80.25028992,61322,61332,10
13.07168007,80.24978638,61332,61342,10
13.07155037,80.2491684,61342,61352,10
13.07141972,80.24848938,61352,61362,10
13.07124996,80.24788666,61362,61372,10
13.07096958,80.24716949,61372,61382,10
13.07059002,80.24636841,61382,61392,10
13.07015991,80.2454834,61392,61402,10
13.06978989,80.24456787,61402,61413,11
13.06947041,80.24360657,61413,61423,10
13.06927013,80.24285889,61423,61433,10
13.06937027,80.24230957,61433,61443,10
13.06989956,80.2421875,61443,61453,10
13.07065964,80.24194336,61453,61463,10
13.0714798,80.24166107,61463,61473,10
13.07227993,80.24120331,61473,61483,10
13.07306004,80.24082947,61483,61493,10
13.07376003,80.24062347,61493,61503,10
13.07444,80.2405014,61503,61513,10
13.07538033,80.24049377,61513,61523,10
13.07633018,80.2405014,61523,61534,11
13.07707977,80.24054718,61534,61544,10
13.07709026,80.2403183,61544,61554,10
13.07701015,80.23999786,61554,61574,20
13.07701015,80.23999786,61574,61584,10
13.0769701,80.2399292,61584,61594,10
13.07691956,80.23967743,61594,61604,10
13.07680035,80.23912048,61604,61614,10
13.07660961,80.23841095,61614,61624,10
13.0764904,80.23787689,61624,61634,10
13.0763998,80.23744965,61634,61645,11
13.0763998,80.23741913,61645,61655,10
13.07641029,80.23722076,61655,61665,10
13.07629013,80.23671722,61665,61675,10
13.07616997,80.23596191,61675,61685,10
13.07598019,80.23506165,61685,61695,10
13.07575035,80.23435974,61695,61705,10
13.07573032,80.23425293,61705,61715,10
13.07559013,80.23384857,61715,61725,10
13.07538033,80.23314667,61725,61735,10
13.07511044,80.23223877,61735,61796,61
13.07511044,80.23223877,61796,61806,10
13.07507038,80.23207855,61806,61816,10
13.07501984,80.23168945,61816,61826,10
13.07485962,80.23110199,61826,61836,10
13.07458973,80.2303772,61836,61846,10
13.07450962,80.23020172,61846,61856,10
13.07443047,80.22994995,61856,61866,10
13.07427025,80.22943115,61866,61875,9
13.07411957,80.22878265,61875,61887,12
13.07398987,80.22782135,61887,61897,10
13.07392025,80.22708893,61897,61907,10
13.07386017,80.22624969,61907,61917,10
13.07388973,80.22530365,61917,61937,20
13.07388973,80.22530365,61937,61947,10
13.07390976,80.22502136,61947,61957,10
13.07390976,80.22501373,61957,61967,10
13.07392025,80.22480774,61967,61977,10
13.07398987,80.22437286,61977,61987,10
13.07404995,80.22368622,61987,61997,10
13.07413006,80.22292328,61997,62008,11
13.07417965,80.22200775,62008,62018,10
13.07429028,80.22103882,62018,62179,161
13.07429028,80.22103882,62179,62189,10
13.07431984,80.22068024,62189,62199,10
13.07441998,80.22006989,62199,62209,10
13.07448959,80.21964264,62209,62219,10
13.07452011,80.21946716,62219,62229,10
13.07454967,80.2193985,62229,62240,11
13.07464027,80.21901703,62240,62250,10
13.07466984,80.21855927,62250,62270,20
13.07466984,80.21855927,62270,62280,10
13.07474995,80.2182312,62280,62290,10
13.07483959,80.21779633,62290,62300,10
13.07493019,80.21729279,62300,62310,10
13.07501984,80.21640015,62310,62330,20
13.07507038,80.21616364,62330,62391,61
13.07507038,80.21616364,62391,62401,10
13.07516003,80.21575165,62401,62411,10
13.07524014,80.21514893,62411,62421,10
13.07544041,80.21444702,62421,62431,10
13.07575035,80.21367645,62431,62441,10
13.07610035,80.21307373,62441,62451,10
13.07612038,80.21305084,62451,62461,10
13.07627964,80.21285248,62461,62472,11
13.07664967,80.21233368,62472,62482,10
13.07695007,80.21161652,62482,62492,10
13.07707024,80.21083069,62492,62502,10
13.07715034,80.21018982,62502,62512,10
13.07717991,80.20942688,62512,62542,30
13.07717991,80.20942688,62542,62552,10
13.07717037,80.209198,62552,62562,10
13.07713985,80.2086792,62562,62572,10
13.0770998,80.20800018,62572,62582,10
13.07707024,80.20716095,62582,62593,11
13.07691956,80.20604706,62593,62603,10
13.07674026,80.20497131,62603,62613,10
13.07658005,80.20413971,62613,62623,10
13.0763998,80.20346069,62623,62633,10
13.07637978,80.20337677,62633,62643,10
13.07629967,80.20305634,62643,62653,10
13.07621002,80.20252228,62653,62663,10
13.07616997,80.20175171,62663,62673,10
13.07625961,80.20088959,62673,62683,10
13.07604027,80.20008087,62683,62693,10
13.07511997,80.19994354,62693,62703,10
13.07390022,80.20025635,62703,62724,21
13.07390022,80.20025635,62724,62734,10
13.07376957,80.20041656,62734,62744,10
13.07349968,80.20075989,62744,62754,10
13.07304955,80.2013092,62754,62764,10
13.07277012,80.20166016,62764,62774,10
13.07258987,80.20189667,62774,62784,10
13.07229042,80.2022171,62784,62794,10
13.07190037,80.20258331,62794,62804,10
13.07137012,80.20317078,62804,62814,10
13.07077026,80.20387268,62814,62824,10
13.06989002,80.20503235,62824,62894,70
13.06989002,80.20503235,62894,62906,12
13.06947041,80.20487213,62906,62916,10
13.06910038,80.20516205,62916,62926,10
13.06884003,80.20535278,62926,62977,51
13.06884003,80.20535278,62977,62987,10
13.06875038,80.2052002,62987,62997,10
13.06869984,80.20510101,62997,63007,10
13.06849957,80.20510101,63007,63481,474
13.06836987,80.20514679,63481,63501,20
13.06836987,80.20514679,63501,63511,10
13.06809998,80.20513153,63511,63582,71
13.06847,80.20490265,63582,63642,60
13.06847,80.20490265,63642,63652,10
13.06879997,80.20478058,63652,63673,21
13.06879997,80.20478058,63673,63683,10
13.06900978,80.20475769,63683,63693,10
13.06931973,80.20477295,63693,63723,30
13.06931973,80.20477295,63723,63733,10
13.06941032,80.20477295,63733,63743,10
13.0696497,80.20481873,63743,63753,10
13.06989956,80.20481873,63753,63763,10
13.07019997,80.204422,63763,63773,10
13.07067966,80.2038269,63773,63784,11
13.07131004,80.20308685,63784,63794,10
13.0717001,80.20259857,63794,63804,10
13.0717802,80.20249176,63804,63814,10
13.07190037,80.20233917,63814,63874,60
13.07190037,80.20233917,63874,63884,10
13.07196999,80.20230103,63884,63894,10
13.07209015,80.20214844,63894,63905,11
13.07229042,80.2019577,63905,63915,10
13.07256985,80.20162201,63915,63925,10
13.07266998,80.20149231,63925,63935,10
13.07289028,80.20124054,63935,63945,10
13.07306004,80.20101929,63945,63955,10
13.07326984,80.20079803,63955,63965,10
13.07339954,80.20063782,63965,63975,10
13.07347965,80.20059204,63975,63985,10
13.07371044,80.20030975,63985,63995,10
13.07408047,80.19986725,63995,64004,9
13.07425976,80.19966125,64004,64016,12
13.0743103,80.19963837,64016,64026,10
13.07444954,80.19949341,64026,64036,10
13.07468033,80.19928741,64036,64046,10
13.07524014,80.19911194,64046,64056,10
13.07600021,80.19902039,64056,64066,10
13.07666969,80.19882202,64066,64076,10
13.07651997,80.19815063,64076,64086,10
13.07600021,80.19827271,64086,64096,10
13.0760603,80.19869232,64096,64106,10
13.07616997,80.19921875,64106,64116,10
13.07633972,80.20001221,64116,64126,10
13.07641983,80.20085144,64126,64137,11
13.0762701,80.20188904,64137,64147,10
13.07633018,80.20279694,64147,64157,10
13.07651043,80.20362854,64157,64167,10
13.07662964,80.20410919,64167,64177,10
13.07666969,80.20430756,64177,64187,10
13.07672024,80.20458221,64187,64197,10
13.07680988,80.20516205,64197,64207,10
13.07693958,80.20597076,64207,64217,10
13.07707977,80.20690918,64217,64227,10
13.07711983,80.20787811,64227,64236,9
13.07717991,80.20876312,64236,64247,11
13.07723045,80.20989227,64247,64258,11
13.07717991,80.21047974,64258,64268,10
13.07715988,80.21064758,64268,64278,10
13.07711983,80.21092987,64278,64288,10
13.07703018,80.21156311,64288,64298,10
13.07676983,80.21230316,64298,64308,10
13.07641029,80.21282196,64308,64318,10
13.07618046,80.2131424,64318,64328,10
13.07598019,80.21349335,64328,64338,10
13.07573032,80.21391296,64338,64348,10
13.07555008,80.21434021,64348,64357,9
13.07536983,80.21481323,64357,64369,12
13.07528019,80.21517944,64369,64379,10
13.07526016,80.21539307,64379,64389,10
13.0752697,80.21549225,64389,64399,10
13.07526016,80.21560669,64399,64409,10
13.07520962,80.21591949,64409,64419,10
13.07516003,80.21627808,64419,64429,10
13.07514954,80.21647644,64429,64490,61
13.07514954,80.21647644,64490,64500,10
13.07511044,80.21666718,64500,64510,10
13.07509995,80.21691895,64510,64520,10
13.07503986,80.21734619,64520,64530,10
13.07497978,80.21785736,64530,64540,10
13.07493019,80.21824646,64540,64550,10
13.07485962,80.21871948,64550,64560,10
13.07479954,80.21901703,64560,64570,10
13.07472992,80.21930695,64570,64580,10
13.07464027,80.21974182,64580,64590,10
13.07452011,80.22032928,64590,64600,10
13.07446003,80.22077942,64600,64611,11
13.07441044,80.22115326,64611,64621,10
13.07441044,80.22116852,64621,64631,10
13.07435989,80.22144318,64631,64641,10
13.07427979,80.2219696,64641,64651,10
13.07419968,80.22271729,64651,64661,10
13.07409954,80.22373962,64661,64681,20
13.07409954,80.22373962,64681,64691,10
13.07402992,80.22393799,64691,64701,10
13.0740099,80.22458649,64701,64762,61
13.0740099,80.22458649,64762,64772,10
13.07400036,80.224617,64772,64782,10
13.07396984,80.22499084,64782,64792,10
13.07390022,80.22563934,64792,64802,10
13.0738802,80.22628021,64802,64812,10
13.07392979,80.22686768,64812,64822,10
13.07392979,80.2269516,64822,64832,10
13.07392979,80.22717285,64832,64843,11
13.07392025,80.22740173,64843,64853,10
13.07392979,80.22744751,64853,64863,10
13.07394028,80.22756958,64863,64873,10
13.07400036,80.2279892,64873,64883,10
13.07406044,80.22862244,64883,64893,10
13.07423019,80.22940063,64893,64903,10
13.07454014,80.23023224,64903,64913,10
13.07491016,80.23095703,64913,64923,10
13.07511044,80.23178101,64923,64933,10
13.07522964,80.23246765,64933,64943,10
13.07544994,80.23323059,64943,64953,10
13.07565975,80.23384094,64953,64984,31
13.07565975,80.23384094,64984,64994,10
13.07584,80.23413849,64994,65004,10
13.07600021,80.23461914,65004,65014,10
13.07602024,80.23477173,65014,65024,10
13.07610035,80.23522186,65024,65034,10
13.07623959,80.2359314,65034,65044,10
13.07635975,80.23674011,65044,65054,10
13.07653999,80.23739624,65054,65064,10
13.07654953,80.23744202,65064,65075,11
13.07664967,80.23793793,65075,65095,20
13.07664967,80.23793793,65095,65105,10
13.07672024,80.23815918,65105,65115,10
13.07682991,80.2387085,65115,65125,10
13.07699966,80.23940277,65125,65135,10
13.07701969,80.23950958,65135,65145,10
13.07707977,80.23975372,65145,65155,10
13.0771904,80.2401886,65155,65175,20
13.0771904,80.2401886,65175,65185,10
13.07721996,80.24040985,65185,65196,11
13.07730961,80.2408371,65196,65206,10
13.07744026,80.24131012,65206,65216,10
13.07752037,80.24160004,65216,65226,10
13.07761955,80.24208069,65226,65236,10
13.07771969,80.24266815,65236,65246,10
13.07779026,80.24330902,65246,65256,10
13.07785988,80.2437973,65256,65266,10
13.07787991,80.24440765,65266,65276,10
13.07791042,80.24472809,65276,65286,10
13.07789993,80.24482727,65286,65296,10
13.07793045,80.24529266,65296,65306,10
13.07800007,80.24604034,65306,65317,11
13.07816982,80.24694061,65317,65327,10
13.07818985,80.24710846,65327,65337,10
13.07824039,80.24736786,65337,65347,10
13.07835007,80.2478714,65347,65407,60
13.07837963,80.24822998,65407,65508,101
13.07837963,80.24822998,65508,65518,10
13.07847023,80.24859619,65518,65528,10
13.07849979,80.248703,65528,65537,9
13.07853985,80.24878693,65537,65549,12
13.07859039,80.24891663,65549,65559,10
13.07863045,80.24928284,65559,65728,169
13.07863045,80.24928284,65728,65738,10
13.0787096,80.24970245,65738,65748,10
13.07874012,80.24981689,65748,65758,10
13.0788002,80.25003815,65758,65829,71
13.0788002,80.25003815,65829,65839,10
13.07880974,80.25028229,65839,65849,10
13.07882977,80.25060272,65849,65869,20
13.07882977,80.25060272,65869,65879,10
13.07884026,80.25084686,65879,65889,10
13.07884979,80.2510376,65889,65900,11
13.07884979,80.25128937,65900,65910,10
13.07884979,80.25164032,65910,65920,10
13.07882977,80.25208282,65920,65930,10
13.0788002,80.25279999,65930,65940,10
13.07882023,80.25379944,65940,65970,30
13.07882023,80.25379944,65970,65980,10
13.07880974,80.25402069,65980,65990,10
13.07886028,80.25421143,65990,66000,10
13.0789299,80.25457764,66000,66010,10
13.07898998,80.25498962,66010,66021,11
13.07901955,80.25553894,66021,66031,10
13.07907009,80.25614166,66031,66041,10
13.07911015,80.25663757,66041,66051,10
13.07917976,80.25733185,66051,66061,10
13.07925987,80.25808716,66061,66071,10
13.07936001,80.25892639,66071,66081,10
13.07946968,80.25962067,66081,66091,10
13.07948971,80.25974274,66091,66101,10
13.07948971,80.2598114,66101,66111,10
13.07956028,80.26023102,66111,66121,10
13.07970047,80.26091766,66121,66131,10
13.0799799,80.26171875,66131,66142,11
13.08020973,80.2627182,66142,66182,40
13.08020973,80.2627182,66182,66192,10
13.08024025,80.26280975,66192,66202,10
13.08034039,80.26312256,66202,66212,10
13.08036041,80.26319122,66212,66222,10
13.08045006,80.26360321,66222,66232,10
13.08059978,80.26425934,66232,66242,10
13.08073044,80.2649231,66242,66253,11
13.08076,80.26570129,66253,66263,10
13.08073997,80.26654816,66263,66273,10
13.08073044,80.26738739,66273,66283,10
13.08073997,80.2681427,66283,66293,10
13.08076,80.26831818,66293,66303,10
13.08075047,80.26857758,66303,66313,10
13.08073997,80.26902771,66313,66323,10
13.08073997,80.2696228,66323,66333,10
13.08075047,80.2701416,66333,66343,10
13.08076954,80.27027893,66343,66353,10
13.08076954,80.27047729,66353,66362,9
13.08078957,80.27071381,66362,66374,12
13.0809803,80.27117157,66374,66384,10
13.08131981,80.27168274,66384,66394,10
13.08145046,80.2723465,66394,66404,10
13.08148003,80.27278137,66404,66414,10
13.08139992,80.27326965,66414,66424,10
13.08164024,80.27387238,66424,66434,10
13.08199024,80.27438354,66434,66444,10
13.08197975,80.27490234,66444,66454,10
13.08201981,80.27523804,66454,66495,41
13.08201981,80.27523804,66495,66505,10
13.08207989,80.27559662,66505,66515,10
13.08205986,80.27590179,66515,66525,10
13.08205032,80.27590942,66525,66535,10
13.08201027,80.27593994,66535,66545,10
13.08181953,80.27610779,66545,66555,10
13.08185959,80.27654266,66555,66565,10
13.08193016,80.27720642,66565,66575,10
13.08209038,80.27832794,66575,66626,51
13.08209038,80.27832794,66626,66636,10
13.08211994,80.27864838,66636,66646,10
13.08216,80.27921295,66646,66656,10
13.08222008,80.27996826,66656,66666,10
13.08230972,80.28090668,66666,66676,10
13.0823698,80.28156281,66676,66686,10
13.08271027,80.28199768,66686,66696,10
13.08345985,80.28244781,66696,66706,10
13.08430004,80.28299713,66706,66715,9
13.08485031,80.28349304,66715,66727,12
13.08522034,80.28372955,66727,66737,10
13.0854702,80.283638,66737,66747,10
13.08574963,80.28356934,66747,66757,10
13.08611965,80.28357697,66757,66767,10
13.08638954,80.283638,66767,66777,10
13.08658028,80.28363037,66777,67523,746
13.08658028,80.28363037,67523,67533,10
13.08683968,80.28368378,67533,67543,10
13.08699036,80.28372955,67543,67554,11
13.08734989,80.28370667,67554,67654,100
13.08771038,80.28376007,67654,67715,61
13.08802986,80.28368378,67715,67735,20
13.08802986,80.28368378,67735,67745,10
13.08821011,80.28360748,67745,67755,10
13.08827019,80.28343964,67755,67765,10
13.08825016,80.28323364,67765,67775,10
13.0882597,80.28295135,67775,67785,10
13.08827019,80.28269958,67785,67796,11
13.0882597,80.28250122,67796,67806,10
13.08825016,80.28233337,67806,67816,10
13.08821964,80.28209686,67816,67826,10
13.08813,80.28183746,67826,67836,10
13.08806038,80.28167725,67836,67846,10
13.08796024,80.28154755,67846,67856,10
13.08763027,80.28141022,67856,67866,10
13.08710003,80.28125,67866,67876,10
13.08691978,80.28118134,67876,67886,10
13.08670044,80.28109741,67886,67896,10
13.08625031,80.28096008,67896,67907,11
13.08586979,80.28083801,67907,67917,10
13.0857296,80.28070068,67917,67927,10
13.08563042,80.28032684,67927,67937,10
13.08549976,80.27983856,67937,67947,10
13.08506966,80.27938843,67947,67957,10
13.08446026,80.2792511,67957,67967,10
13.08395004,80.27916718,67967,67977,10
13.08345032,80.27899933,67977,67987,10
13.08298969,80.27880859,67987,67997,10
13.08294964,80.27877808,67997,68007,10
13.08251953,80.27861786,68007,68038,31
13.08251953,80.27861786,68038,68048,10
13.08244038,80.27857208,68048,68058,10
13.08211994,80.27842712,68058,68068,10
13.08193016,80.27810669,68068,68078,10
13.08187008,80.27760315,68078,68088,10
13.08180046,80.27681732,68088,68098,10
13.0815897,80.27588654,68098,68138,40
13.0815897,80.27588654,68138,68149,11
13.08158016,80.27571869,68149,68159,10
13.08154011,80.27552032,68159,68169,10
13.08152008,80.27532959,68169,68179,10
13.08150959,80.27516937,68179,68189,10
13.08150959,80.27503204,68189,68199,10
13.08148003,80.27481079,68199,68209,10
13.08143997,80.27458954,68209,68219,10
13.08143044,80.27445221,68219,68229,10
13.08141994,80.27422333,68229,68239,10
13.08137035,80.27384949,68239,68249,10
13.08137035,80.27372742,68249,68260,11
13.08131981,80.27342224,68260,68280,20
13.08131981,80.27342224,68280,68290,10
13.08127022,80.27308655,68290,68320,30
13.08127022,80.27308655,68320,68330,10
13.08127022,80.27298737,68330,68340,10
13.08139992,80.27266693,68340,68350,10
13.08135033,80.27218628,68350,68360,10
13.08123016,80.27162933,68360,68370,10
13.08104992,80.27131653,68370,68381,11
13.08084011,80.27105713,68381,68391,10
13.08071041,80.27057648,68391,68401,10
13.08067036,80.27010345,68401,68411,10
13.08067036,80.26938629,68411,68421,10
13.08065987,80.26853943,68421,68431,10
13.08063984,80.2677536,68431,68441,10
13.08063984,80.26761627,68441,68451,10
13.08061981,80.2673111,68451,68461,10
13.08063984,80.26670837,68461,68471,10
13.08063984,80.26593018,68471,68481,10
13.0806303,80.26554871,68481,68532,51
13.0806303,80.26554871,68532,68542,10
13.0806303,80.26542664,68542,68552,10
13.08057022,80.26496887,68552,68562,10
13.08045006,80.26432037,68562,68572,10
13.0802803,80.26361847,68572,68582,10
13.08014965,80.26303101,68582,68592,10
13.07985973,80.26290131,68592,68601,9
13.07942963,80.26302338,68601,68613,12
13.07944965,80.26277161,68613,68623,10
13.07948971,80.26277161,68623,68633,10
13.07964039,80.26287842,68633,68643,10
13.07999992,80.26274872,68643,68653,10
13.08003998,80.26239777,68653,68663,10
13.07993984,80.26187134,68663,68673,10
13.07968044,80.26114655,68673,68683,10
13.07944965,80.26029205,68683,68693,10
13.07929993,80.25946045,68693,68703,10
13.07927036,80.25911713,68703,68784,81
13.07927036,80.25911713,68784,68794,10
13.07929993,80.25888824,68794,68804,10
13.07921982,80.25856781,68804,68976,172
13.07921982,80.25856781,68976,68986,10
13.0791502,80.25839996,68986,68996,10
13.07911968,80.25820923,68996,69076,80
13.07911968,80.25820923,69076,69087,11
13.07909966,80.25769043,69087,69107,20
13.07911968,80.25750732,69107,69329,222
13.07911968,80.25750732,69329,69339,10
13.07911015,80.25730133,69339,69349,10
13.07907009,80.25701904,69349,69359,10
13.07903957,80.25675201,69359,69508,149
13.07903957,80.25675201,69508,69518,10
13.07898998,80.25641632,69518,69569,51
13.07896996,80.25601959,69569,69609,40
13.07896996,80.25601959,69609,69619,10
13.07898045,80.25570679,69619,69629,10
13.07890987,80.25528717,69629,69639,10
13.07884979,80.25489807,69639,69649,10
13.07882023,80.25462341,69649,69659,10
13.07866955,80.25354004,69659,69680,21
13.07866955,80.25354004,69680,69690,10
13.07866001,80.25338745,69690,69720,30
13.07866001,80.25338745,69720,69730,10
13.07866955,80.25328064,69730,69740,10
13.07868958,80.25289154,69740,69750,10
13.07870007,80.25187683,69750,69770,20
13.07870007,80.25187683,69770,69780,10
13.07868958,80.25164032,69780,69791,11
13.07831955,80.25163269,69791,69801,10
13.07785988,80.25170898,69801,69811,10
13.0771904,80.25183868,69811,69821,10
13.07645035,80.25198364,69821,69831,10
13.07577991,80.25209808,69831,69841,10
13.07509995,80.25215149,69841,69851,10
13.07454014,80.25218201,69851,69861,10
13.07408047,80.25222015,69861,69871,10
13.07373047,80.25238037,69871,69881,10
13.07314968,80.25237274,69881,69891,10
13.07248974,80.25229645,69891,69901,10
13.07207012,80.25161743,69901,69912,11
13.07190037,80.25066376,69912,69922,10
13.07166958,80.24990082,69922,69932,10
13.07155991,80.24947357,69932,69942,10
13.07147026,80.24891663,69942,69952,10
13.07133007,80.24823761,69952,69962,10
13.07114983,80.24767303,69962,69972,10
13.07085037,80.24697113,69972,69982,10
13.07046986,80.24620056,69982,69992,10
13.07009983,80.24539948,69992,70002,10
13.06978989,80.24466705,70002,70012,10
13.06964016,80.24420166,70012,70022,10
13.06939983,80.24349976,70022,70033,11
13.06919956,80.24275208,70033,70043,10
13.06923962,80.24227905,70043,70053,10
13.06966972,80.24214935,70053,70063,10
13.07024002,80.24202728,70063,70073,10
13.07057953,80.24188232,70073,70083,10
13.07118034,80.24169922,70083,70093,10
13.07186031,80.24138641,70093,70104,11
13.07254982,80.24095917,70104,70114,10
13.07324028,80.24073029,70114,70124,10
13.07382011,80.24053192,70124,70134,10
13.07452011,80.24046326,70134,70145,11
13.07549,80.240448,70145,70155,10
13.07633972,80.24047852,70155,70165,10
13.07695961,80.24054718,70165,70175,10
13.0769701,80.2399826,70175,70195,20
13.0769701,80.2399826,70195,70205,10
13.07686996,80.23959351,70205,70215,10
13.07672977,80.23898315,70215,70225,10
13.07660007,80.23851013,70225,70235,10
13.07649994,80.23815155,70235,70245,10
13.07641983,80.23773193,70245,70255,10
13.07633972,80.23734283,70255,70266,11
13.07635021,80.23732758,70266,70276,10
13.07631969,80.23705292,70276,70286,10
13.07621956,80.23651886,70286,70296,10
13.07612038,80.23577881,70296,70306,10
13.07594967,80.23509216,70306,70316,10
13.07575989,80.23444366,70316,70326,10
13.0757103,80.23432159,70326,70336,10
13.07561016,80.23404694,70336,70346,10
13.07544041,80.2334671,70346,70356,10
13.07505035,80.2322464,70356,70427,71
13.07505035,80.2322464,70427,70437,10
13.07505035,80.2321167,70437,70447,10
13.0750103,80.23177338,70447,70457,10
13.07489967,80.23130035,70457,70467,10
13.0746603,80.23062897,70467,70477,10
13.07458019,80.2304306,70477,70487,10
13.0745697,80.23036957,70487,70498,11
13.07444,80.22998047,70498,70508,10
13.07429028,80.22949982,70508,70518,10
13.07415962,80.22899628,70518,70528,10
13.07411003,80.22868347,70528,70538,10
13.07402039,80.22820282,70538,70548,10
13.07394981,80.2276535,70548,70558,10
13.07392979,80.2274704,70558,70568,10
13.0738802,80.22695923,70568,70578,10
13.07382011,80.22621155,70578,70588,10
13.07386017,80.22541809,70588,70609,21
13.07386017,80.22541809,70609,70619,10
13.07388973,80.22530365,70619,70629,10
13.07390976,80.22486115,70629,70669,40
13.07390976,80.22486115,70669,70679,10
13.07394028,80.2247467,70679,70689,10
13.0739603,80.22442627,70689,70699,10
13.07398033,80.22398376,70699,70709,10
13.07404995,80.2233963,70709,70730,21
13.07404995,80.2233963,70730,70740,10
13.07406044,80.22325897,70740,70750,10
13.07411003,80.22296906,70750,70760,10
13.07411003,80.22280884,70760,70770,10
13.07409954,80.2226181,70770,70780,10
13.07409,80.22255707,70780,70790,10
13.07409954,80.222229,70790,70940,150
13.07431984,80.22064209,70940,71010,70
13.07431984,80.22064209,71010,71030,20
13.07441044,80.21999359,71030,71040,10
13.07444,80.21984863,71040,71050,10
13.07452011,80.21955872,71050,71080,30
13.07452011,80.21955872,71080,71091,11
13.07458973,80.21925354,71091,71111,20
13.07458973,80.21925354,71111,71121,10
13.07464027,80.21903992,71121,71131,10
13.07468033,80.21884155,71131,71141,10
13.07470989,80.21855164,71141,71151,10
13.07472038,80.21851349,71151,71161,10
13.07476044,80.21823883,71161,71171,10
13.07479954,80.21794128,71171,71181,10
13.07487965,80.2175827,71181,71191,10
13.07495975,80.21681213,71191,71252,61
13.07495975,80.21681213,71252,71262,10
13.07497025,80.2166214,71262,71272,10
13.07499981,80.21639252,71272,71282,10
13.07501984,80.21623993,71282,71292,10
13.07507992,80.21592712,71292,71302,10
13.07509995,80.21578979,71302,71312,10
13.07511997,80.21572876,71312,71323,11
13.07518959,80.21526337,71323,71333,10
13.07532024,80.21469116,71333,71343,10
13.07551956,80.21411896,71343,71353,10
13.07581997,80.21346283,71353,71363,10
13.07610035,80.21302032,71363,71373,10
13.07612038,80.21299744,71373,71383,10
13.07618046,80.2129364,71383,71393,10
13.07635975,80.21266174,71393,71413,20
13.07635975,80.21266174,71413,71423,10
13.07645035,80.21251678,71423,71432,9
13.07656956,80.21234894,71432,71444,12
13.0768404,80.2118988,71444,71454,10
13.07695007,80.21134949,71454,71464,10
13.07699966,80.21099854,71464,71474,10
13.07705021,80.21067047,71474,71484,10
13.07711983,80.21022797,71484,71494,10
13.07717037,80.20941925,71494,71514,20
13.07717037,80.20941925,71514,71524,10
13.07715988,80.2092514,71524,71534,10
13.07711983,80.20881653,71534,71543,9
13.07707024,80.20821381,71543,71555,12
13.07703018,80.20748138,71555,71565,10
13.07703018,80.20720673,71565,71575,10
13.07699966,80.20675659,71575,71585,10
13.07688046,80.20604706,71585,71595,10
13.07672024,80.20516968,71595,71605,10
13.07654953,80.20423889,71605,71615,10
13.07639027,80.20359802,71615,71625,10
13.07633972,80.20343781,71625,71635,10
13.07631016,80.20326233,71635,71645,10
13.07621002,80.20281219,71645,71655,10
13.0761404,80.20227051,71655,71664,9
13.07614994,80.20162201,71664,71676,12
13.07623959,80.20069122,71676,71686,10
13.07586956,80.20004272,71686,71696,10
13.07497978,80.19989014,71696,71706,10
13.07417965,80.19998169,71706,71716,10
13.07355022,80.20059967,71716,71736,20
13.07355022,80.20059967,71736,71745,9
13.07349968,80.20069122,71745,71756,11
13.07314014,80.20111847,71756,71766,10
13.07269001,80.20163727,71766,71776,10
13.07236004,80.20207214,71776,71797,21
13.07236004,80.20207214,71797,71807,10
13.07221031,80.20220947,71807,71817,10
13.07192039,80.20246124,71817,71827,10
13.07147026,80.20297241,71827,71837,10
13.07094002,80.20358276,71837,71847,10
13.07036972,80.20426941,71847,71857,10
13.07003021,80.20472717,71857,71867,10
13.06999016,80.20480347,71867,71877,10
13.06987953,80.20498657,71877,71918,41
13.06987953,80.20498657,71918,71928,10
13.06956005,80.20488739,71928,71938,10
13.06927967,80.20482635,71938,71948,10
13.06921959,80.20482635,71948,71958,10
13.06896019,80.20478058,71958,71968,10
13.06881046,80.20487213,71968,71978,10
13.06867981,80.20503235,71978,71988,10
13.06842995,80.20509338,71988,72301,313
13.06842995,80.20509338,72301,72311,10
13.06842041,80.20490265,72311,72321,10
13.06867981,80.20480347,72321,72331,10
13.06890965,80.20475006,72331,72341,10
13.0692997,80.20475006,72341,72351,10
13.06966019,80.20481873,72351,72361,10
13.06991959,80.20477295,72361,72370,9
13.07021046,80.20440674,72370,72382,12
13.07083988,80.20362854,72382,72392,10
13.07141972,80.20291901,72392,72402,10
13.0717802,80.20246124,72402,72432,30
13.0717802,80.20246124,72432,72442,10
13.07190037,80.20227814,72442,72452,10
13.0720396,80.20213318,72452,72462,10
13.07223034,80.20194244,72462,72472,10
13.07250023,80.20162964,72472,72482,10
13.07275009,80.20133209,72482,72493,11
13.07304001,80.20098877,72493,72503,10
13.07318974,80.20085144,72503,72513,10
13.07345009,80.20056915,72513,72523,10
13.07376003,80.20018768,72523,72533,10
13.07425022,80.19963074,72533,72543,10
13.07464027,80.19924164,72543,72553,10
13.07464981,80.19924164,72553,72563,10
13.07495975,80.19911957,72563,72573,10
13.0756197,80.19902802,72573,72583,10
13.07645035,80.19896698,72583,72593,10
13.07656002,80.19828796,72593,72603,10
13.07602024,80.19812012,72603,72614,11
13.07602024,80.19863892,72614,72624,10
13.07616043,80.19928741,72624,72634,10
13.07631969,80.19999695,72634,72644,10
13.07637978,80.20089722,72644,72654,10
13.07623959,80.20188141,72654,72664,10
13.0762701,80.2026825,72664,72674,10
13.07643986,80.20342255,72674,72684,10
13.07660961,80.20417023,72684,72694,10
13.07666016,80.20439148,72694,72704,10
13.07672024,80.20478058,72704,72714,10
13.07682991,80.20545197,72714,72724,10
13.0769701,80.20632935,72724,72735,11
13.07707977,80.2073288,72735,72745,10
13.07711029,80.20815277,72745,72755,10
13.07717037,80.208992,72755,72765,10
13.0771904,80.20973969,72765,72775,10
13.07713985,80.21048737,72775,72785,10
13.07711983,80.21061707,72785,72795,10
13.0770998,80.21086121,72795,72805,10
13.07705021,80.21112823,72805,72815,10
13.07699013,80.21147919,72815,72825,10
13.07693958,80.21177673,72825,72835,10
13.07674026,80.21221924,72835,72846,11
13.07641029,80.212677,72846,72856,10
13.07614994,80.21308136,72856,72866,10
13.07594013,80.21341705,72866,72876,10
13.07588959,80.21350861,72876,72886,10
13.07565022,80.21394348,72886,72896,10
13.07540035,80.21453094,72896,72906,10
13.07524014,80.215271,72906,72916,10
13.07522011,80.21546173,72916,72926,10
13.07518959,80.21573639,72926,72936,10
13.07513046,80.21617889,72936,72946,10
13.07509041,80.21695709,72946,72967,21
13.07509041,80.21695709,72967,72977,10
13.07505989,80.21701813,72977,72987,10
13.07501984,80.21739197,72987,72997,10
13.0749197,80.21803284,72997,73007,10
13.07485962,80.21843719,73007,73017,10
13.07481003,80.21877289,73017,73027,10
13.07476997,80.21894836,73027,73088,61
13.07476997,80.21894836,73088,73098,10
13.07470036,80.21920013,73098,73108,10
13.0746603,80.21935272,73108,73118,10
13.07458973,80.21975708,73118,73128,10
13.07446957,80.2203064,73128,73138,10
13.07439041,80.22093201,73138,73148,10
13.07437992,80.22118378,73148,73158,10
13.07433033,80.22135925,73158,73168,10
13.07425022,80.22187805,73168,73178,10
13.07417011,80.22265625,73178,73188,10
13.07408047,80.22348785,73188,73199,11
13.07404041,80.22383118,73199,73209,10
13.07402992,80.22392273,73209,73219,10
13.07398033,80.22470093,73219,73299,80
13.07398033,80.22470093,73299,73309,10
13.07396984,80.224823,73309,73320,11
13.07392025,80.22525787,73320,73330,10
13.07386017,80.22595978,73330,73340,10
13.07392025,80.22698212,73340,73360,20
13.07392025,80.22698212,73360,73370,10
13.07390976,80.2273407,73370,73380,10
13.0739603,80.22766113,73380,73390,10
13.07402039,80.22818756,73390,73400,10
13.07406044,80.2285614,73400,73410,10
13.07415962,80.22914124,73410,73420,10
13.07443047,80.22991943,73420,73429,9
13.07474995,80.23062897,73429,73441,12
13.07507992,80.23155975,73441,73451,10
13.07518959,80.23232269,73451,73461,10
13.07542038,80.23317719,73461,73471,10
13.0757103,80.23396301,73471,73501,30
13.0757103,80.23396301,73501,73511,10
13.07586956,80.23423004,73511,73521,10
13.0759697,80.23457336,73521,73531,10
13.07598972,80.23468018,73531,73541,10
13.07606983,80.23519135,73541,73552,11
13.07623005,80.2360611,73552,73562,10
13.07637978,80.23696136,73562,73572,10
13.0764904,80.23734283,73572,73582,10
13.07651997,80.23741913,73582,73592,10
13.07660961,80.23787689,73592,73602,10
13.0767498,80.23858643,73602,73612,10
13.07697964,80.23948669,73612,73632,20
13.07697964,80.23948669,73632,73642,10
13.07703972,80.23964691,73642,73652,10
13.07715988,80.24014282,73652,73661,9
13.07730961,80.24075317,73661,73673,12
13.07748032,80.24156952,73673,73683,10
13.07763004,80.24226379,73683,73693,10
13.07775974,80.24305725,73693,73703,10
13.07783985,80.24375916,73703,73713,10
13.07787037,80.24429321,73713,73723,10
13.07791042,80.24468994,73723,73733,10
13.07791996,80.24474335,73733,73743,10
13.07791996,80.24494934,73743,73753,10
13.07794952,80.24558258,73753,73763,10
13.07802963,80.24642181,73763,73773,10
13.07820034,80.24717712,73773,73784,11
13.07822037,80.24730682,73784,73794,10
13.07833004,80.24780273,73794,73804,10
13.07847977,80.2485199,73804,73814,10
13.07861042,80.24913788,73814,73824,10
13.07874012,80.2498703,73824,73834,10
13.07880974,80.25057983,73834,73844,10
13.07882023,80.25121307,73844,73854,10
13.07882977,80.25183868,73854,73864,10
13.07878971,80.25254059,73864,73874,10
13.07882023,80.25376892,73874,73893,19
13.07882023,80.25376892,73893,73905,12
13.07882977,80.25396729,73905,73915,10
13.07884979,80.25408173,73915,73925,10
13.07890034,80.25437164,73925,73995,70
13.07890034,80.25437164,73995,74005,10
13.07898998,80.25475311,74005,74015,10
13.07901001,80.25505829,74015,74026,11
13.07903957,80.25547791,74026,74056,30
13.07903957,80.25547791,74056,74066,10
13.07903957,80.25559998,74066,74076,10
13.0790596,80.25592041,74076,74086,10
13.07909966,80.25624847,74086,74096,10
13.0791502,80.25670624,74096,74106,10
13.07921982,80.25743866,74106,74116,10
13.07931995,80.25823975,74116,74126,10
13.07938004,80.25888824,74126,74137,11
13.07948971,80.25965118,74137,74147,10
13.07948971,80.25977325,74147,74157,10
13.07956028,80.26019287,74157,74167,10
13.07970047,80.2609024,74167,74177,10
13.07995033,80.26155853,74177,74187,10
13.07999992,80.26172638,74187,74197,10
13.08006001,80.26204681,74197,74207,10
13.0802002,80.26268768,74207,74217,10
13.08028984,80.26300049,74217,74227,10
13.08030033,80.26306152,74227,74237,10
13.08036041,80.26329803,74237,74247,10
13.08047962,80.26387787,74247,74258,11
13.08059025,80.26444244,74258,74268,10
13.08071995,80.26512909,74268,74278,10
13.08073997,80.26596832,74278,74288,10
13.08071041,80.26696777,74288,74298,10
13.08071041,80.26789093,74298,74308,10
13.08073997,80.26831055,74308,74318,10
13.08071995,80.26837158,74318,74328,10
13.08073044,80.2687912,74328,74338,10
13.08073997,80.26950073,74338,74348,10
13.08080959,80.2705307,74348,74369,21
13.08080959,80.2705307,74369,74379,10
13.08086014,80.27062225,74379,74389,10
13.08092022,80.2709198,74389,74399,10
13.08111954,80.27127075,74399,74409,10
13.08135033,80.27168274,74409,74419,10
13.08148003,80.27233887,74419,74429,10
13.08143997,80.27290344,74429,74439,10
13.08143044,80.27332306,74439,74449,10
13.08154011,80.27377319,74449,74459,10
13.08166981,80.27388,74459,74469,10
13.08180046,80.27397919,74469,74479,10
13.08185959,80.27404022,74479,74490,11
13.08197021,80.27424622,74490,74500,10
13.08199024,80.27490997,74500,74530,30
13.08199024,80.27490997,74530,74540,10
13.0820303,80.27497101,74540,74550,10
13.0820303,80.27516937,74550,74560,10
13.08205986,80.27545166,74560,74570,10
13.0821104,80.27574158,74570,74580,10
13.0821104,80.27574921,74580,74589,9
13.08191967,80.27594757,74589,74600,11
13.08181953,80.27622986,74600,74611,11
13.08189964,80.27693176,74611,74621,10
13.08201027,80.27792358,74621,74641,20
13.08201027,80.27792358,74641,74650,9
13.08199024,80.27809143,74650,74661,11
13.08203983,80.27822113,74661,74671,10
13.08209038,80.27861023,74671,74681,10
13.08213043,80.27935791,74681,74691,10
13.08222008,80.2802887,74691,74701,10
13.08230019,80.2811203,74701,74711,10
13.0823698,80.28170013,74711,74722,11
13.08304024,80.28218079,74722,74732,10
13.08380032,80.28266144,74732,74742,10
13.08452034,80.28315735,74742,74752,10
13.08500957,80.28366089,74752,74762,10
13.08528042,80.28372192,74762,74772,10
13.08533955,80.28372192,74772,74782,10
13.08551979,80.28356934,74782,74792,10
13.0858202,80.28357697,74792,74802,10
13.08615971,80.28356171,74802,74812,10
13.08638,80.28366852,74812,74822,10
13.08664036,80.28372955,74822,74843,21
13.08664036,80.28372955,74843,74853,10
13.08679962,80.28372955,74853,74863,10
13.08701038,80.28372192,74863,74873,10
13.0873003,80.28369904,74873,74883,10
13.08761978,80.28370667,74883,74893,10
13.08794975,80.28362274,74893,74994,101
13.08831978,80.28362274,74994,75105,111
13.08831978,80.28362274,75105,75115,10
13.08839989,80.28349304,75115,75125,10
13.08835983,80.28304291,75125,75135,10
13.08833027,80.28256226,75135,75145,10
13.08829975,80.28222656,75145,75155,10
13.08815956,80.28176117,75155,75165,10
13.08771992,80.28141785,75165,75175,10
13.08701038,80.28121948,75175,75185,10
13.08637047,80.28102112,75185,75196,11
13.0858202,80.28083038,75196,75206,10
13.08565044,80.28041077,75206,75216,10
13.08551025,80.27983093,75216,75226,10
13.08498955,80.27935791,75226,75236,10
13.08417988,80.27919006,75236,75246,10
13.08349991,80.27902222,75246,75256,10
13.0829401,80.27880859,75256,75286,30
13.0829401,80.27880859,75286,75296,10
13.0827198,80.27863312,75296,75307,11
13.08213997,80.27844238,75307,75317,10
13.08195972,80.27810669,75317,75327,10
13.08189011,80.27742767,75327,75367,40
13.08189011,80.27742767,75367,75377,10
13.08185959,80.27719879,75377,75448,71
13.08185959,80.27719879,75448,75458,10
13.08183956,80.27684021,75458,75468,10
13.08181,80.27657318,75468,75478,10
13.08174992,80.27620697,75478,75488,10
13.08168983,80.27599335,75488,75498,10
13.08164978,80.27586365,75498,75528,30
13.08164978,80.27586365,75528,75538,10
13.08160973,80.27552032,75538,75670,132
13.08160973,80.27552032,75670,75680,10
13.08160019,80.27529144,75680,75690,10
13.0815897,80.27514648,75690,75700,10
13.08158016,80.27500153,75700,75710,10
13.08154964,80.27474976,75710,75740,30
13.08154964,80.27474976,75740,75750,10
13.08148003,80.27427673,75750,75760,10
13.08146,80.27398682,75760,75770,10
13.08139038,80.27359009,75770,75791,21
13.08139038,80.27359009,75791,75801,10
13.08137035,80.27342224,75801,75811,10
13.08131981,80.27316284,75811,75821,10
13.08131981,80.27307892,75821,75831,10
13.08131981,80.27301788,75831,75841,10
13.08137989,80.27284241,75841,75851,10
13.08141041,80.27227783,75851,75861,10
13.0812397,80.27150726,75861,75871,10
13.08092022,80.27100372,75871,75881,10
13.08127975,80.27084351,75881,75890,9
13.08193016,80.27078247,75890,75902,12
13.08302021,80.2706604,75902,75912,10
13.08390045,80.27050781,75912,75922,10
13.08436966,80.2703476,75922,75932,10
13.08444023,80.27007294,75932,75942,10
13.08450031,80.26988983,75942,75952,10
13.08456993,80.2696991,75952,75962,10
13.08471966,80.26924896,75962,75972,10
13.08485031,80.26860046,75972,75982,10
13.0848999,80.2678299,75982,75992,10
13.08512974,80.26708984,75992,76002,10
13.08528042,80.2661972,76002,76011,9
13.08533955,80.26569366,76011,76023,12
13.08533955,80.26567841,76023,76033,10
13.0853796,80.26537323,76033,76043,10
13.08543968,80.26477814,76043,76053,10
13.08551979,80.26413727,76053,76063,10
13.08557034,80.2629776,76063,76093,30
13.08557034,80.2629776,76093,76103,10
13.08559036,80.26277924,76103,76113,10
13.08570957,80.2623291,76113,76123,10
13.08603001,80.26177979,76123,76134,11
13.08635998,80.26104736,76134,76144,10
13.08664036,80.26058197,76144,76154,10
13.08670998,80.26010895,76154,76164,10
13.08675957,80.25980377,76164,76174,10
13.08679962,80.25927734,76174,76184,10
13.08691978,80.25887299,76184,76194,10
13.08701038,80.25863647,76194,76224,30
13.08701038,80.25863647,76224,76234,10
13.08742046,80.25855255,76234,76244,10
13.08786011,80.25856018,76244,76255,11
13.08829975,80.25856781,76255,76265,10
13.08887959,80.25856781,76265,76275,10
13.0893898,80.25859833,76275,76285,10
13.08975029,80.2585907,76285,76295,10
13.09006023,80.25859833,76295,76305,10
13.09027958,80.25859833,76305,76315,10
13.09072971,80.25866699,76315,76335,20
13.09072971,80.25866699,76335,76345,10
13.09101009,80.25871277,76345,76355,10
13.09158039,80.25875092,76355,76366,11
13.09245968,80.25881958,76366,76376,10
13.09304047,80.2588501,76376,76386,10
13.09352016,80.25887299,76386,76396,10
13.09375954,80.25887299,76396,76406,10
13.09403038,80.25888062,76406,76416,10
13.09461975,80.25891113,76416,76426,10
13.09527969,80.25895691,76426,76436,10
13.09566975,80.25898743,76436,76446,10
13.09628963,80.25907898,76446,76456,10
13.09726048,80.25923157,76456,76487,31
13.09726048,80.25923157,76487,76497,10
13.09741974,80.2592926,76497,76507,10
13.0976696,80.25935364,76507,76517,10
13.0977602,80.25939178,76517,76527,10
13.09807014,80.25943756,76527,76537,10
13.09840012,80.25948334,76537,76547,10
13.09869003,80.25953674,76547,76557,10
13.09908009,80.25962067,76557,76567,10
13.09963036,80.25972748,76567,76577,10
13.10000992,80.25980377,76577,76587,10
13.10004044,80.25980377,76587,76597,10
13.10035038,80.25985718,76597,76608,11
13.1009903,80.26003265,76608,76618,10
13.10165977,80.26023102,76618,76628,10
13.10225964,80.26045227,76628,76638,10
13.10276031,80.26061249,76638,76648,10
13.10309029,80.2607193,76648,76658,10
13.10356998,80.26085663,76658,76668,10
13.10385036,80.26093292,76668,76678,10
13.10389042,80.26094055,76678,76688,10
13.10428047,80.26104736,76688,76698,10
13.10461998,80.26103973,76698,76708,10
13.10494041,80.26100159,76708,76719,11
13.10501957,80.26098633,76719,76729,10
13.1052599,80.26096344,76729,76739,10
13.10542011,80.26091766,76739,76749,10
13.10581017,80.26084137,76749,76759,10
13.10604954,80.26080322,76759,76769,10
13.10653973,80.26072693,76769,76779,10
13.10719967,80.26062012,76779,76789,10
13.10748005,80.26058197,76789,76799,10
13.10754967,80.26056671,76799,76809,10
13.10776997,80.26049805,76809,76819,10
13.10816002,80.26033783,76819,76829,10
13.10863018,80.26004791,76829,76840,11
13.10894012,80.25981903,76840,76850,10
13.10910034,80.25977325,76850,76860,10
13.10935974,80.25971985,76860,76870,10
13.10966015,80.25966644,76870,76880,10
13.10997963,80.25965118,76880,76890,10
13.11040974,80.25964355,76890,76900,10
13.11083031,80.25964355,76900,76910,10
13.11135006,80.25961304,76910,76920,10
13.11196041,80.25959015,76920,76930,10
13.11260986,80.25958252,76930,76940,10
13.11310005,80.25955963,76940,76951,11
13.11314964,80.25955963,76951,76961,10
13.1132803,80.259552,76961,76971,10
13.11347008,80.25965881,76971,76981,10
13.11361027,80.25991058,76981,76991,10
13.11376953,80.26030731,76991,77001,10
13.11386967,80.26065063,77001,77011,10
13.11388969,80.26085663,77011,77021,10
13.11404037,80.2612381,77021,77031,10
13.11415958,80.26135254,77031,77041,10
13.11435032,80.26143646,77041,77051,10
13.11466026,80.26155853,77051,77061,10
13.11513996,80.26165771,77061,77072,11
13.11557961,80.2617569,77072,77082,10
13.11581993,80.2618103,77082,77092,10
13.11620045,80.26190186,77092,77102,10
13.11643982,80.26196289,77102,77112,10
13.11684036,80.26200867,77112,77122,10
13.11723995,80.26199341,77122,77132,10
13.11760998,80.26194763,77132,77142,10
13.11798,80.26148224,77142,77152,10
13.1181097,80.26074219,77152,77162,10
13.11822987,80.26006317,77162,77172,10
13.11833,80.25952148,77172,77182,10
13.11833,80.25950623,77182,77193,11
13.1184597,80.25940704,77193,77203,10
13.11872959,80.2594223,77203,77213,10
13.11888981,80.25943756,77213,77223,10
13.11923981,80.2594223,77223,77233,10
13.11962032,80.25939941,77233,77243,10
13.1201601,80.25937653,77243,77253,10
13.1203804,80.25937653,77253,77263,10
13.12045956,80.25937653,77263,77273,10
13.12053967,80.25930786,77273,77283,10
13.12038994,80.2591629,77283,77515,232
13.12038994,80.2591629,77515,77525,10
13.12018013,80.25879669,77525,77535,10
13.11987972,80.25856781,77535,77546,11
13.11995983,80.25881958,77546,77788,242
13.11995983,80.25881958,77788,77798,10
13.12008953,80.25879669,77798,77808,10
13.12010002,80.25863647,77808,77818,10
13.11985016,80.25868225,77818,77828,10
