13.07584,80.27536011,17,2380,2363
13.07584,80.27536011,2380,2390,10
13.07571983,80.2755127,2390,2571,181
13.07590008,80.2754364,2571,3833,1262
13.07577038,80.27542877,3833,4177,344
13.07594013,80.27545929,4177,4369,192
13.07579994,80.2754364,4369,4702,333
13.07590008,80.27552032,4702,4995,293
13.07594967,80.27533722,4995,5318,323
13.07590008,80.27541351,5318,6621,1303
13.07600975,80.27557373,6621,8741,2120
13.07583046,80.275383,8741,8903,162
13.07588005,80.27549744,8903,9755,852
13.07581997,80.27552032,9755,9906,151
13.07575989,80.27552032,9906,12077,2171
13.07559013,80.27545929,12077,12340,263
13.07584953,80.27555084,12340,13077,737
13.07577991,80.27552795,13077,13622,545
13.07573986,80.27561951,13622,22771,9149
13.07602024,80.27586365,22771,22872,101
13.07602024,80.27586365,22872,22882,10
13.0759201,80.27619171,22882,22893,11
13.07598972,80.27628326,22893,22903,10
13.07629013,80.27628326,22903,22913,10
13.0767498,80.27623749,22913,22923,10
13.07715988,80.27619934,22923,22933,10
13.07771015,80.27616882,22933,22943,10
13.07816982,80.27577972,22943,22953,10
13.07855034,80.275177,22953,22963,10
13.0792799,80.27520752,22963,22973,10
13.07999992,80.27529144,22973,22983,10
13.08078003,80.27523041,22983,22994,11
13.08131981,80.27513885,22994,23004,10
13.08156013,80.27510071,23004,23014,10
13.08178043,80.275177,23014,23024,10
13.08195972,80.27526093,23024,23034,10
13.08205986,80.2755127,23034,23074,40
13.08205986,80.2755127,23074,23084,10
13.08203983,80.27571869,23084,23094,10
13.08209991,80.27584839,23094,23105,11
13.08187008,80.27601624,23105,23115,10
13.08178043,80.27635956,23115,23125,10
13.08180046,80.27709198,23125,23135,10
13.08187962,80.27796936,23135,23145,10
13.08253956,80.27806091,23145,23155,10
13.08318043,80.27802277,23155,23165,10
13.08335972,80.27809906,23165,23175,10
13.08343983,80.27842712,23175,23185,10
13.08353996,80.27887726,23185,23195,10
13.08308029,80.27883911,23195,23206,11
13.08250999,80.27857971,23206,23216,10
13.08207989,80.27835083,23216,23226,10
13.08197975,80.27787018,23226,23235,9
13.08187962,80.27719116,23235,23246,11
13.08178043,80.27641296,23246,23256,10
13.08164024,80.27581787,23256,23266,10
13.08160019,80.27562714,23266,23276,10
13.0815897,80.27545929,23276,23286,10
13.08131981,80.275177,23286,23296,10
13.08065987,80.27523804,23296,23306,10
13.07991982,80.27532959,23306,23317,11
13.07896042,80.275177,23317,23327,10
13.07826996,80.27565002,23327,23337,10
13.0776701,80.27622986,23337,23347,10
13.07664967,80.27628326,23347,23363,16
13.07485008,80.27633667,23363,23375,12
13.07357979,80.27639771,23375,23385,10
13.07289982,80.27565765,23385,23395,10
13.07205963,80.2747879,23395,23405,10
13.07110977,80.27426147,23405,23415,10
13.07046986,80.27365112,23415,23426,11
13.06997967,80.27298737,23426,23436,10
13.06941032,80.27233887,23436,23446,10
13.06882954,80.27191925,23446,23456,10
13.06871986,80.27188873,23456,23466,10
13.06857014,80.2718277,23466,23477,11
13.06822014,80.27153778,23477,23487,10
13.0679903,80.27107239,23487,23497,10
13.06772041,80.27071381,23497,23507,10
13.06696987,80.27002716,23507,23517,10
13.06649017,80.2691803,23517,23528,11
13.06639957,80.26841736,23528,23538,10
13.06546021,80.26763153,23538,23558,20
13.06546021,80.26763153,23558,23568,10
13.06505966,80.26753235,23568,23578,10
13.06437016,80.26737976,23578,23588,10
13.06365967,80.26731873,23588,23598,10
13.06293964,80.26719666,23598,23608,10
13.06245041,80.26673889,23608,23618,10
13.06188011,80.26599884,23618,23628,10
13.06128025,80.26524353,23628,23639,11
13.06039047,80.26541901,23639,23649,10
13.05953979,80.26555634,23649,23659,10
13.05879974,80.26541901,23659,23669,10
13.05815029,80.26515198,23669,23679,10
13.05803013,80.26429749,23679,23689,10
13.05792046,80.26322174,23689,23699,10
13.05780029,80.26215363,23699,23709,10
13.05758953,80.26113129,23709,23719,10
13.05722046,80.26009369,23719,23729,10
13.05688,80.2590332,23729,23740,11
13.05669975,80.25791931,23740,23750,10
13.05657959,80.25727844,23750,23759,9
13.05653,80.25718689,23759,23770,11
13.0564003,80.2567215,23770,23779,9
13.05620956,80.25624084,23779,23790,11
13.0557003,80.25550842,23790,23800,10
13.05492973,80.25444794,23800,23810,10
13.05416012,80.25347137,23810,23820,10
13.05356979,80.25261688,23820,23830,10
13.05292988,80.25177002,23830,23841,11
13.05230999,80.25093842,23841,23851,10
13.05165005,80.25031281,23851,23861,10
13.05076981,80.24999237,23861,23871,10
13.0497303,80.24978638,23871,23881,10
13.0487299,80.24967957,23881,23891,10
13.04796028,80.2492218,23891,23901,10
13.04718018,80.24862671,23901,23911,10
13.04677963,80.24855804,23911,23921,10
13.04609013,80.24842072,23921,23931,10
13.04520035,80.24810028,23931,23941,10
13.04432964,80.24797058,23941,23958,17
13.04263973,80.24765778,23958,23970,12
13.04141998,80.2473526,23970,23980,10
13.04051971,80.24716949,23980,23990,10
13.03966045,80.24700165,23990,24000,10
13.03960037,80.24700165,24000,24010,10
13.03934002,80.24694061,24010,24020,10
13.03874016,80.2468338,24020,24029,9
13.03785992,80.2466507,24029,24040,11
13.03674984,80.24645996,24040,24050,10
13.03540039,80.24607086,24050,24071,21
13.03540039,80.24607086,24071,24080,9
13.0351696,80.24590302,24080,24091,11
13.03468037,80.24537659,24091,24101,10
13.03394032,80.24459076,24101,24111,10
13.0332098,80.24369049,24111,24121,10
13.03248024,80.24256897,24121,24131,10
13.03176022,80.241539,24131,24141,10
13.03124046,80.2405014,24141,24151,10
13.03100014,80.23980713,24151,24161,10
13.03061962,80.23893738,24161,24172,11
13.02989006,80.23767853,24172,24182,10
13.02912045,80.23674774,24182,24192,10
13.02906036,80.23668671,24192,24202,10
13.02886009,80.2364502,24202,24212,10
13.02834988,80.23587799,24212,24222,10
13.0278101,80.2351532,24222,24232,10
13.02729034,80.23423767,24232,24242,10
13.02661037,80.23310089,24242,24252,10
13.02616978,80.23190308,24252,24262,10
13.02589989,80.23095703,24262,24273,11
13.02528,80.22975922,24273,24283,10
13.02466965,80.22904205,24283,24293,10
13.02425957,80.22853088,24293,24303,10
13.0239296,80.22810364,24303,24313,10
13.02377987,80.22788239,24313,24323,10
13.02342033,80.22756195,24323,24333,10
13.02340031,80.22753906,24333,24343,10
13.02318954,80.22733307,24343,24353,10
13.02303028,80.22718048,24353,24363,10
13.0227499,80.22692871,24363,24373,10
13.02258015,80.22675323,24373,24384,11
13.02221966,80.22640991,24384,24394,10
13.0217104,80.22596741,24394,24404,10
13.02101994,80.22544861,24404,24414,10
13.02033997,80.22498322,24414,24424,10
13.01959038,80.22451782,24424,24434,10
13.01858997,80.22451782,24434,24444,10
13.01755047,80.22496796,24444,24454,10
13.01679993,80.22525787,24454,24464,10
13.01601982,80.22557068,24464,24474,10
13.01531029,80.22583008,24474,24485,11
13.01449013,80.22615814,24485,24495,10
13.01439953,80.22618103,24495,24505,10
13.01420975,80.22624207,24505,24515,10
13.01373005,80.22644043,24515,24525,10
13.01303959,80.22670746,24525,24535,10
13.01212025,80.22708893,24535,24545,10
13.01107025,80.22750854,24545,24555,10
13.01006031,80.22794342,24555,24565,10
13.00924015,80.22840881,24565,24575,10
13.00901985,80.22936249,24575,24585,10
13.00883007,80.23047638,24585,24596,11
13.00858974,80.23187256,24596,24606,10
13.00841045,80.23300171,24606,24616,10
13.0082798,80.2335434,24616,24626,10
13.00819016,80.23374176,24626,24636,10
13.0080204,80.23445129,24636,24646,10
13.00786018,80.23532104,24646,24656,10
13.00767994,80.23642731,24656,24666,10
13.0074501,80.23767853,24666,24676,10
13.00730991,80.23863983,24676,24686,10
13.00710011,80.23953247,24686,24697,11
13.00689983,80.24037933,24697,24707,10
13.0067997,80.24098969,24707,24717,10
13.00671959,80.24153137,24717,24727,10
13.00669956,80.24240112,24727,24737,10
13.00667,80.24333191,24737,24747,10
13.00660038,80.24459076,24747,24757,10
13.00667,80.24571991,24757,24767,10
13.00671005,80.24659729,24767,24777,10
13.00642014,80.24739075,24777,24787,10
13.00621986,80.24736786,24787,24797,10
13.00603962,80.24732971,24797,24808,11
13.00543976,80.24732971,24808,24818,10
13.00454998,80.24738312,24818,24828,10
13.00341034,80.24755096,24828,24838,10
13.00210953,80.24781799,24838,24847,9
13.00086021,80.24815369,24847,24858,11
12.99929047,80.24855042,24858,24868,10
12.99785995,80.248909,24868,24878,10
12.99633026,80.24929047,24878,24888,10
12.9948101,80.24967957,24888,24898,10
12.99324989,80.25007629,24898,24908,10
12.99160957,80.25045013,24908,24919,11
12.98997974,80.25083923,24919,24929,10
12.98845959,80.25122833,24929,24959,30
12.98845959,80.25122833,24959,24975,16
12.98787975,80.25137329,24975,24987,12
12.98721027,80.25158691,24987,24997,10
12.98647976,80.25177765,24997,25007,10
12.98509026,80.25211334,25007,25017,10
12.98408985,80.25240326,25017,25028,11
12.98278999,80.25261688,25028,25037,9
12.98159027,80.25266266,25037,25048,11
12.98031998,80.25270844,25048,25058,10
12.97959995,80.25267792,25058,25068,10
12.97877979,80.25256348,25068,25078,10
12.97850037,80.25248718,25078,25088,10
12.97826004,80.25229645,25088,25098,10
12.97770977,80.25182343,25098,25108,10
12.97686005,80.251297,25108,25118,10
12.97566986,80.25095367,25118,25129,11
12.97426033,80.2505722,25129,25139,10
12.97296047,80.25023651,25139,25149,10
12.97161961,80.24984741,25149,25159,10
12.97023964,80.24942017,25159,25169,10
12.96891975,80.24889374,25169,25179,10
12.9678297,80.24845123,25179,25189,10
12.96695995,80.24806976,25189,25199,10
12.96632004,80.24774933,25199,25209,10
12.96551991,80.24743652,25209,25219,10
12.96510983,80.24729156,25219,25229,10
12.96487045,80.24720001,25229,25240,11
12.96426964,80.24697876,25240,25250,10
12.9636097,80.24672699,25250,25260,10
12.96327019,80.24655914,25260,25270,10
12.96263027,80.2462616,25270,25280,10
12.96173954,80.24584198,25280,25290,10
12.96061993,80.24530029,25290,25300,10
12.95963955,80.24490356,25300,25310,10
12.95944023,80.24475861,25310,25320,10
12.95907974,80.24458313,25320,25330,10
12.95843983,80.24432373,25330,25341,11
12.95781994,80.24407959,25341,25351,10
12.95720005,80.24388885,25351,25361,10
12.95648956,80.24371338,25361,25401,40
12.95648956,80.24371338,25401,25411,10
12.95615005,80.24356079,25411,25421,10
12.95563984,80.24326324,25421,25431,10
12.95495987,80.24294281,25431,25440,9
12.95423031,80.24262238,25440,25452,12
12.95310974,80.24214935,25452,25462,10
12.95211029,80.24175262,25462,25472,10
12.95102978,80.24140167,25472,25482,10
12.94946003,80.24095917,25482,25502,20
12.94946003,80.24095917,25502,25512,10
12.9491396,80.24082947,25512,25522,10
12.94855022,80.24059296,25522,25532,10
12.94775009,80.240242,25532,25542,10
12.94694996,80.23989105,25542,25553,11
12.94589996,80.23947144,25553,25563,10
12.94499016,80.23883057,25563,25573,10
12.94419956,80.23800659,25573,25583,10
12.94336987,80.23710632,25583,25593,10
12.94233036,80.23645782,25593,25603,10
12.94112015,80.23613739,25603,25613,10
12.94009018,80.23583984,25613,25623,10
12.93959045,80.23567963,25623,25633,10
12.93931007,80.2355423,25633,25643,10
12.93871975,80.23522186,25643,25653,10
12.93797016,80.23484802,25653,25664,11
12.93702984,80.23438263,25664,25674,10
12.93612957,80.23394012,25674,25684,10
12.93585968,80.23384094,25684,25694,10
12.93577003,80.23378754,25694,25704,10
12.93527985,80.23356628,25704,25714,10
12.93451023,80.23323059,25714,25724,10
12.93393993,80.23297882,25724,25734,10
12.9338398,80.23293304,25734,25744,10
12.93354034,80.23274994,25744,25754,10
12.93297005,80.23252106,25754,25764,10
12.9321804,80.23226929,25764,25775,11
12.93113041,80.23194122,25775,25785,10
12.92990971,80.23155212,25785,25795,10
12.92858028,80.23126221,25795,25805,10
12.92718983,80.2310791,25805,25815,10
12.92617989,80.23097229,25815,25825,10
12.9261198,80.23095703,25825,25835,10
12.92574024,80.23092651,25835,25845,10
12.92502975,80.23081207,25845,25855,10
12.92418957,80.23072815,25855,25865,10
12.92315006,80.23058319,25865,25876,11
12.92169952,80.23036194,25876,25886,10
12.92018032,80.23016357,25886,25896,10
12.91854954,80.22995758,25896,25906,10
12.91691017,80.22975159,25906,25916,10
12.91569996,80.229599,25916,25926,10
12.91534042,80.22953033,25926,25936,10
12.91471958,80.22943115,25936,25946,10
12.91384029,80.22931671,25946,25956,10
12.91335964,80.22927856,25956,25966,10
12.91327953,80.22924805,25966,25976,10
12.91275024,80.22915649,25976,25987,11
12.91178989,80.22898102,25987,25997,10
12.91065979,80.22882843,25997,26007,10
12.90931988,80.22860718,26007,26017,10
12.90785027,80.22839355,26017,26027,10
12.9068203,80.228302,26027,26037,10
12.90606976,80.22824097,26037,26047,10
12.90503025,80.22818756,26047,26057,10
12.90392017,80.22812653,26057,26067,10
12.90291977,80.22805786,26067,26077,10
12.90194035,80.22799683,26077,26087,10
12.90157986,80.22796631,26087,26138,51
12.90157986,80.22796631,26138,26148,10
12.90155983,80.22789764,26148,26158,10
12.90122032,80.22789764,26158,26168,10
12.9007597,80.22788239,26168,26178,10
12.90025997,80.22785187,26178,26188,10
12.8997097,80.2278595,26188,26199,11
12.89966011,80.2278595,26199,26209,10
12.8993597,80.22782898,26209,26219,10
12.89871025,80.22779083,26219,26229,10
12.89789009,80.22775269,26229,26238,9
12.89706993,80.22772217,26238,26249,11
12.8957901,80.22766113,26249,26259,10
12.89449978,80.22760773,26259,26269,10
12.89319992,80.22750854,26269,26279,10
12.89214039,80.22737885,26279,26289,10
12.89093971,80.2273407,26289,26299,10
12.88957024,80.22734833,26299,26310,11
12.88827038,80.2273407,26310,26320,10
12.88731956,80.22724152,26320,26330,10
12.88626003,80.22701263,26330,26340,10
12.88516998,80.22676849,26340,26350,10
12.8845396,80.2266922,26350,26360,10
12.88442039,80.22673035,26360,26370,10
12.88387966,80.2266922,26370,26380,10
12.88296986,80.22672272,26380,26390,10
12.88177967,80.22673035,26390,26400,10
12.88035965,80.22675323,26400,26411,11
12.87860012,80.22679901,26411,26421,10
12.87716007,80.22691345,26421,26431,10
12.87609959,80.22695923,26431,26441,10
12.87487984,80.22686005,26441,26451,10
12.87366009,80.22672272,26451,26461,10
12.87292004,80.22672272,26461,26471,10
12.87275028,80.22669983,26471,26481,10
12.87238979,80.22667694,26481,26497,16
12.87112999,80.22663879,26497,26509,12
12.86979008,80.22653961,26509,26518,9
12.86865997,80.22640228,26518,26530,12
12.86744022,80.22644043,26530,26539,9
12.86697006,80.22647858,26539,26549,10
12.86680031,80.22647095,26549,26560,11
12.86639977,80.22650909,26560,26570,10
12.86565971,80.2265625,26570,26580,10
12.86474037,80.2265625,26580,26590,10
12.86357975,80.22650146,26590,26600,10
12.86217022,80.22654724,26600,26610,10
12.86069012,80.22654724,26610,26620,10
12.85933018,80.22637939,26620,26631,11
12.85826015,80.22625732,26631,26641,10
12.85711956,80.22628784,26641,26651,10
12.85577965,80.22644043,26651,26661,10
12.85437012,80.22657776,26661,26671,10
12.85293961,80.2266922,26671,26681,10
12.85144997,80.22662354,26681,26691,10
12.8499403,80.2265625,26691,26701,10
12.84844017,80.2265625,26701,26711,10
12.84706974,80.2265625,26711,26721,10
12.84603024,80.22657013,26721,26731,10
12.84527969,80.22657776,26731,26742,11
12.84514046,80.22662354,26742,26752,10
12.84473991,80.22666931,26752,26768,16
12.84333992,80.22678375,26768,26780,12
12.84187031,80.22702789,26780,26790,10
12.84055042,80.22740173,26790,26799,9
12.83971024,80.22769928,26799,26820,21
12.83971024,80.22769928,26820,26830,10
12.83955956,80.22772217,26830,26841,11
12.83899021,80.22788239,26841,26851,10
12.83823967,80.22808075,26851,26861,10
12.8372097,80.22828674,26861,26871,10
12.83590984,80.22846222,26871,26881,10
12.83440018,80.22872162,26881,26891,10
12.83290958,80.22898102,26891,26901,10
12.83181,80.22923279,26901,26911,10
12.83073044,80.22952271,26911,26921,10
12.82948971,80.23001099,26921,26931,10
12.82814026,80.23068237,26931,26941,10
12.82699966,80.23124695,26941,26952,11
12.82575989,80.23139954,26952,26960,8
12.82476044,80.23139191,26960,26970,10
12.8235302,80.23107147,26970,26981,11
12.82209969,80.23062897,26981,26992,11
12.82065964,80.23046112,26992,27003,11
12.81917,80.23049927,27003,27012,9
12.81814957,80.23014069,27012,27022,10
12.8173399,80.2297821,27022,27033,11
12.81618023,80.22946167,27033,27043,10
12.81484985,80.22926331,27043,27054,11
12.81320953,80.22886658,27054,27064,10
12.81165981,80.22831726,27064,27074,10
12.81017017,80.2277298,27074,27084,10
12.80891037,80.22705078,27084,27094,10
12.80786991,80.22619629,27094,27104,10
12.80683994,80.22530365,27104,27114,10
12.80609989,80.224617,27114,27124,10
12.80533028,80.22408295,27124,27134,10
12.80502987,80.22399902,27134,27144,10
12.80500031,80.22400665,27144,27154,10
12.80461979,80.22393799,27154,27165,11
12.80383015,80.22383881,27165,27175,10
12.80288982,80.22373962,27175,27185,10
12.80171967,80.22360992,27185,27195,10
12.80084038,80.22354889,27195,27205,10
12.80074978,80.22351837,27205,27215,10
12.80029964,80.2234726,27215,27225,10
12.79951954,80.22341919,27225,27241,16
12.79763985,80.22318268,27241,27253,12
12.79621983,80.22296143,27253,27261,8
12.79588985,80.22290802,27261,27274,13
12.79557991,80.22286224,27274,27284,10
12.7948904,80.22274017,27284,27294,10
12.79389954,80.22260284,27294,27304,10
12.79269028,80.22241974,27304,27314,10
12.79141998,80.22212982,27314,27324,10
12.79014015,80.22181702,27324,27334,10
12.78919029,80.22151184,27334,27343,9
12.78851986,80.22123718,27343,27353,10
12.78800011,80.22102356,27353,27364,11
12.78759003,80.22084045,27364,27375,11
12.78701973,80.22064209,27375,27385,10
12.78652954,80.22044373,27385,27395,10
12.78652,80.22044373,27395,27405,10
12.7864399,80.22035217,27405,27415,10
12.78625965,80.22029877,27415,27425,10
12.78623009,80.22054291,27425,27435,10
12.78623009,80.22109985,27435,27445,10
12.78625965,80.22158813,27445,27455,10
12.78627014,80.22180939,27455,27465,10
12.78629017,80.22209167,27465,28475,1010
12.78629017,80.22209167,28475,28485,10
12.78629971,80.22170258,28485,28495,10
12.78627014,80.2215271,28495,28505,10
12.78625011,80.22132111,28505,28515,10
12.78625011,80.22103882,28515,28525,10
12.78623009,80.22058105,28525,28546,21
12.78623009,80.22058105,28546,28556,10
12.78623962,80.22039795,28556,28566,10
12.78635979,80.22029114,28566,28576,10
12.78670025,80.22048187,28576,28606,30
12.78670025,80.22048187,28606,28616,10
12.78689957,80.22062683,28616,28626,10
12.78730965,80.22077942,28626,28636,10
12.78779984,80.22094727,28636,28647,11
12.7887001,80.22129822,28647,28657,10
12.78952026,80.22160339,28657,28667,10
12.79004002,80.22177124,28667,28677,10
12.7905302,80.22187805,28677,28687,10
12.79137993,80.22209167,28687,28697,10
12.79255962,80.22236633,28697,28707,10
12.79386997,80.22257233,28707,28717,10
12.79522991,80.22277832,28717,28727,10
12.79629993,80.22293854,28727,28737,10
12.79652977,80.22297668,28737,28747,10
12.79687023,80.22303772,28747,28758,11
12.79771996,80.22322083,28758,28768,10
12.79881001,80.22335052,28768,28778,10
12.80018997,80.22345734,28778,28788,10
12.80144024,80.22357178,28788,28798,10
12.80255032,80.22368622,28798,28808,10
12.80340958,80.22380829,28808,28818,10
12.80414963,80.22386932,28818,28828,10
12.80432034,80.22389984,28828,28838,10
12.80440998,80.22390747,28838,28848,10
12.80471039,80.22393799,28848,28859,11
12.80504036,80.22399139,28859,28869,10
12.80529022,80.22406006,28869,28879,10
12.80556965,80.22413635,28879,28889,10
12.8056097,80.22418213,28889,28899,10
12.80601025,80.22447968,28899,28909,10
12.80669975,80.22509766,28909,28919,10
12.80751991,80.22579956,28919,28929,10
12.80846977,80.22660828,28929,28939,10
12.80945015,80.22737122,28939,28949,10
12.81068993,80.22789764,28949,28959,10
12.81208038,80.22841644,28959,28970,11
12.81373978,80.22901917,28970,28980,10
12.81534004,80.22931671,28980,28990,10
12.81704998,80.229599,28990,29000,10
12.81842041,80.23020172,29000,29016,16
12.81970024,80.23045349,29016,29028,12
12.81993008,80.23046112,29028,29038,10
12.82050037,80.2304306,29038,29048,10
12.82180023,80.2305069,29048,29058,10
12.82310963,80.23088074,29058,29067,9
12.82433033,80.23120117,29067,29079,12
12.82583046,80.23136139,29079,29089,10
12.82721996,80.23117828,29089,29099,10
12.82855988,80.23043823,29099,29109,10
12.83001041,80.22978973,29109,29119,10
12.83113003,80.2293396,29119,29129,10
12.8312397,80.22930908,29129,29139,10
12.83143997,80.22924805,29139,29149,10
12.83168983,80.22917938,29149,29159,10
12.83220005,80.2290802,29159,29169,10
12.83306026,80.22891998,29169,29179,10
12.83432007,80.2286911,29179,29189,10
12.83588028,80.2284317,29189,29200,11
12.83767986,80.22815704,29200,29210,10
12.83866978,80.2279129,29210,29220,10
12.83899975,80.22781372,29220,29230,10
12.83924007,80.22773743,29230,29329,99
12.83924007,80.22773743,29329,29339,10
12.83967018,80.2276001,29339,29348,9
12.84029961,80.22744751,29348,29359,11
12.84127045,80.22718811,29359,29367,8
12.84208965,80.22701263,29367,29378,11
12.84333038,80.22676849,29378,29389,11
12.8446703,80.22657776,29389,29399,10
12.84543037,80.22653961,29399,29420,21
12.84566021,80.22653198,29420,29440,20
12.84566021,80.22653198,29440,29450,10
12.84622002,80.22654724,29450,29460,10
12.84700012,80.22653198,29460,29470,10
12.8480196,80.22653961,29470,29480,10
12.84922981,80.22653198,29480,29490,10
12.85052013,80.22653198,29490,29501,11
12.85198975,80.22660065,29501,29511,10
12.85336018,80.22663879,29511,29521,10
12.85472012,80.22650146,29521,29531,10
12.85604,80.22637177,29531,29541,10
12.85735989,80.22622681,29541,29551,10
12.85865974,80.22619629,29551,29561,10
12.85999966,80.22637939,29561,29571,10
12.8607502,80.22647095,29571,29622,51
12.8607502,80.22647095,29622,29632,10
12.86093044,80.22653198,29632,29642,10
12.86174011,80.22650146,29642,29652,10
12.8628397,80.22646332,29652,29662,10
12.8641901,80.22650146,29662,29672,10
12.86565971,80.22653961,29672,29682,10
12.86711979,80.22644043,29682,29692,10
12.86870003,80.22634888,29692,29702,10
12.87030983,80.22651672,29702,29713,11
12.87185955,80.22662354,29713,29723,10
12.87275028,80.22660065,29723,29733,10
12.87279034,80.22660828,29733,29743,10
12.87300014,80.22663879,29743,29753,10
12.87364006,80.22666168,29753,29763,10
12.87460041,80.22678375,29763,29773,10
12.87578964,80.22691345,29773,29783,10
12.87677002,80.22686005,29783,29803,20
12.87677002,80.22686005,29803,29813,10
12.87722015,80.22685242,29813,29824,11
12.87814999,80.22676849,29824,29834,10
12.87928009,80.22672272,29834,29844,10
12.88061047,80.22667694,29844,29854,10
12.88208961,80.22666931,29854,29864,10
12.88362026,80.22664642,29864,29874,10
12.88488007,80.22663116,29874,29883,9
12.88529968,80.22664642,29883,29893,10
12.8853302,80.22666168,29893,29904,11
12.88591003,80.22679138,29904,29914,10
12.88671017,80.22699738,29914,29925,11
12.88772964,80.227211,29925,29935,10
12.88889027,80.22731018,29935,29945,10
12.89025974,80.22731018,29945,29955,10
12.89173985,80.22731781,29955,29965,10
12.89235973,80.2273407,29965,29985,20
12.89235973,80.2273407,29985,29995,10
12.89243984,80.2273407,29995,30005,10
12.89288998,80.22737885,30005,30015,10
12.89369965,80.22747803,30015,30025,10
12.8947897,80.22757721,30025,30035,10
12.89605999,80.22762299,30035,30046,11
12.8976202,80.22769928,30046,30062,16
12.89962006,80.22779846,30062,30074,12
12.90048981,80.22783661,30074,30082,8
12.90058994,80.22783661,30082,30094,12
12.90087032,80.22786713,30094,30104,10
12.90130997,80.22792816,30104,30114,10
12.90190029,80.22795105,30114,30124,10
12.90310955,80.22795868,30124,30144,20
12.90310955,80.22795868,30144,30155,11
12.90330982,80.22796631,30155,30165,10
12.90380001,80.2280426,30165,30175,10
12.90452003,80.22808838,30175,30185,10
12.90538979,80.22814941,30185,30195,10
12.90651989,80.22821808,30195,30215,20
12.90651989,80.22821808,30215,30225,10
12.90703964,80.2282486,30225,30245,20
12.90703964,80.2282486,30245,30256,11
12.90727997,80.22831726,30256,30266,10
12.90781975,80.2283783,30266,30276,10
12.90861034,80.228508,30276,30286,10
12.90960026,80.22868347,30286,30296,10
12.9107399,80.22885132,30296,30306,10
12.91209984,80.22901154,30306,30316,10
12.91351032,80.22920227,30316,30326,10
12.91409969,80.22927856,30326,30336,10
12.91409016,80.22927856,30336,30346,10
12.91423988,80.22930145,30346,30356,10
12.91469955,80.22936249,30356,30367,11
12.91545963,80.22950745,30367,30377,10
12.91644001,80.22963715,30377,30387,10
12.91761017,80.22981262,30387,30397,10
12.91893005,80.2299881,30397,30407,10
12.92035961,80.2301712,30407,30417,10
12.9218998,80.23036194,30417,30427,10
12.92343044,80.23059082,30427,30437,10
12.92492008,80.23079681,30437,30447,10
12.92625999,80.23095703,30447,30457,10
12.92661953,80.23095703,30457,30468,11
12.92691994,80.23098755,30468,30478,10
12.92848969,80.23120117,30478,30488,10
12.92848969,80.23120117,30488,30498,10
12.92934036,80.23136139,30498,30508,10
12.93029976,80.23156738,30508,30518,10
12.93144989,80.23191071,30518,30528,10
12.93274021,80.23233032,30528,30538,10
12.93360043,80.23268127,30538,30548,10
12.93369007,80.23271179,30548,30560,12
12.9338398,80.23274994,30560,30570,10
12.93441963,80.23306274,30570,30581,11
12.93527031,80.2334671,30581,30591,10
12.93607998,80.2338562,30591,30601,10
12.93725014,80.23444366,30601,30611,10
12.93846035,80.2350235,30611,30621,10
12.93957043,80.23554993,30621,30641,20
12.93957043,80.23554993,30641,30651,10
12.93970966,80.23568726,30651,30661,10
12.94019032,80.23586273,30661,30671,10
12.94104004,80.23609161,30671,30682,11
12.94215012,80.23635864,30682,30692,10
12.94322014,80.23690033,30692,30702,10
12.94412041,80.23786163,30702,30712,10
12.94511986,80.23893738,30712,30721,9
12.94620991,80.23957825,30721,30732,11
12.94715977,80.23992157,30732,30742,10
12.94729042,80.23995972,30742,30752,10
12.9474802,80.24004364,30752,30762,10
12.94799995,80.24024963,30762,30772,10
12.9488802,80.24057007,30772,30813,41
12.9488802,80.24057007,30813,30823,10
12.9490099,80.24063873,30823,30833,10
12.94941044,80.24079132,30833,30843,10
12.94983959,80.24092865,30843,30853,10
12.95048046,80.24112701,30853,30863,10
12.95108032,80.24131775,30863,30883,20
12.95108032,80.24131775,30883,30893,10
12.9513998,80.24146271,30893,30904,11
12.95203972,80.24170685,30904,30914,10
12.95279026,80.24198151,30914,30924,10
12.95363998,80.2423172,30924,30934,10
12.95429993,80.2425766,30934,30944,10
12.95499992,80.24285889,30944,30954,10
12.95576,80.24317932,30954,30964,10
12.95629978,80.24342346,30964,30974,10
12.95629978,80.24343109,30974,30984,10
12.95654011,80.24347687,30984,30994,10
12.95711994,80.24372864,30994,31005,11
12.95796013,80.24404907,31005,31015,10
12.95870972,80.24434662,31015,31025,10
12.95878029,80.24442291,31025,31035,10
12.9588604,80.24446869,31035,31045,10
12.95921993,80.24462128,31045,31055,10
12.95965958,80.24484253,31055,31065,10
12.96033955,80.24513245,31065,31075,10
12.9611702,80.24552155,31075,31085,10
12.96208,80.24594879,31085,31095,10
12.96323967,80.24658203,31095,31136,41
12.96323967,80.24658203,31136,31152,16
12.96339989,80.24671173,31152,31164,12
12.9639101,80.24688721,31164,31172,8
12.96444035,80.24707031,31172,31184,12
12.96537018,80.24733734,31184,31194,10
12.96615982,80.24764252,31194,31204,10
12.9664402,80.24774933,31204,31214,10
12.96656036,80.24778748,31214,31225,11
12.96665955,80.24783325,31225,31235,10
12.96695995,80.24801636,31235,31245,10
12.96741009,80.24826813,31245,31255,10
12.96813011,80.24852753,31255,31265,10
12.96903038,80.24889374,31265,31275,10
12.97014999,80.24932861,31275,31285,10
12.9714098,80.24973297,31285,31295,10
12.97282028,80.25009918,31295,31305,10
12.97412014,80.25045776,31305,31315,10
12.97542,80.25083923,31315,31326,11
12.97688007,80.25125885,31326,31336,10
12.97844028,80.2522583,31336,31356,20
12.97844028,80.2522583,31356,31366,10
12.97859955,80.25237274,31366,31376,10
12.97910023,80.25254059,31376,31386,10
12.97957039,80.25258636,31386,31415,29
12.97957039,80.25258636,31415,31426,11
12.97972012,80.25261688,31426,31437,11
12.98013973,80.2526474,31437,31447,10
12.98075962,80.25263977,31447,31457,10
12.98149014,80.25261688,31457,31467,10
12.98239994,80.25258636,31467,31477,10
12.98346996,80.25248718,31477,31487,10
12.98443985,80.25224304,31487,31497,10
12.98532963,80.25196838,31497,31507,10
12.98614025,80.25176239,31507,31517,10
12.98703957,80.25153351,31517,31558,41
12.98703957,80.25153351,31558,31568,10
12.98721027,80.25150299,31568,31578,10
12.98764992,80.25137329,31578,31588,10
12.98820972,80.25122833,31588,31598,10
12.98900986,80.25102234,31598,31608,10
12.98933029,80.25092316,31608,31618,10
12.98945045,80.25090027,31618,31628,10
12.98993015,80.25080109,31628,31638,10
12.99067974,80.25061798,31638,31649,11
12.99170971,80.25035858,31649,31660,11
12.99283028,80.25009155,31660,31670,10
12.99423981,80.24973297,31670,31680,10
12.99565029,80.24935913,31680,31689,9
12.99683952,80.2490387,31689,31700,11
12.99810982,80.24871826,31700,31710,10
12.99818039,80.248703,31710,31720,10
12.99849987,80.24862671,31720,31730,10
12.99915028,80.24848175,31730,31740,10
13.00000954,80.2482605,31740,31750,10
13.00107002,80.24799347,31750,31761,11
13.00234985,80.24768829,31761,31771,10
13.00360966,80.24745941,31771,31781,10
13.00485992,80.24727631,31781,31791,10
13.00590038,80.24706268,31791,31801,10
13.00650024,80.24652863,31801,31811,10
13.0065403,80.24643707,31811,31821,10
13.00656986,80.24630737,31821,31831,10
13.00660992,80.24588776,31831,31841,10
13.00664043,80.24520111,31841,31851,10
13.00664043,80.24437714,31851,31861,10
13.00662994,80.24356842,31861,31872,11
13.00660038,80.24295044,31872,31882,10
13.00658035,80.24226379,31882,31892,10
13.00658989,80.24137878,31892,31902,10
13.00673008,80.2403183,31902,31912,10
13.00702,80.23919678,31912,31922,10
13.00728989,80.23777771,31922,31932,10
13.00741959,80.23680878,31932,31942,10
13.0074501,80.23670197,31942,31952,10
13.00753975,80.23644257,31952,31962,10
13.00765991,80.23587799,31962,31973,11
13.00784016,80.23497009,31973,31983,10
13.00806046,80.23397827,31983,31993,10
13.00829983,80.23272705,31993,32003,10
13.00856018,80.23136139,32003,32013,10
13.00883007,80.22994995,32013,32023,10
13.00909042,80.22859192,32023,32033,10
13.0095396,80.22734833,32033,32043,10
13.01014996,80.22606659,32043,32053,10
13.01072979,80.2248764,32053,32063,10
13.01113033,80.22402191,32063,32073,10
13.01132011,80.22358704,32073,32084,11
13.0113802,80.2234726,32084,32094,10
13.01148987,80.22319031,32094,32104,10
13.01165009,80.22281647,32104,32114,10
13.01191998,80.22206116,32114,32124,10
13.01226044,80.22155762,32124,32133,9
13.01247025,80.22180939,32133,32145,12
13.01299,80.22245789,32145,32155,10
13.01362038,80.22306061,32155,32165,10
13.01414013,80.22371674,32165,32175,10
13.01467991,80.22441101,32175,32186,11
13.0151701,80.22485352,32186,32196,10
13.01533031,80.22489929,32196,32206,10
13.01539993,80.22486115,32206,32216,10
13.01552963,80.22498322,32216,32226,10
13.01587009,80.22525024,32226,32236,10
13.01648045,80.22530365,32236,32246,10
13.01729965,80.22499847,32246,32256,10
13.01832008,80.22460938,32256,32266,10
13.01926994,80.22432709,32266,32276,10
13.01968002,80.2244873,32276,32286,10
13.01988983,80.22463226,32286,32297,11
13.0202198,80.22489929,32297,32307,10
13.02064037,80.22519684,32307,32317,10
13.02114964,80.22559357,32317,32327,10
13.02235031,80.22647095,32327,32347,20
13.02235031,80.22647095,32347,32357,10
13.02264023,80.22673798,32357,32367,10
13.02307987,80.22720337,32367,32377,10
13.02355957,80.2276535,32377,32387,10
13.02402973,80.22808075,32387,32397,10
13.0241003,80.22814941,32397,32408,11
13.02418041,80.22824097,32408,32418,10
13.02443981,80.2286377,32418,32428,10
13.02476025,80.22910309,32428,32444,16
13.02525997,80.22975922,32444,32456,12
13.02579975,80.23059082,32456,32466,10
13.02600956,80.23068237,32466,32476,10
13.02595997,80.23065948,32476,32496,20
13.02595997,80.23065948,32496,32506,10
13.02593994,80.23103333,32506,32517,11
13.02602005,80.23142242,32517,32527,10
13.02616024,80.23197174,32527,32537,10
13.0262804,80.23239899,32537,32547,10
13.02632046,80.23253632,32547,32557,10
13.02651024,80.23297882,32557,32567,10
13.02682972,80.23352051,32567,32577,10
13.02725029,80.23419189,32577,32587,10
13.02770042,80.23497772,32587,32597,10
13.02818012,80.23570251,32597,32607,10
13.0288496,80.23641205,32607,32617,10
13.02943039,80.23700714,32617,32628,11
13.02952003,80.23719025,32628,32638,10
13.02954006,80.23724365,32638,32648,10
13.0297699,80.23753357,32648,32664,16
13.03034019,80.23854065,32664,32676,12
13.03067017,80.23901367,32676,32684,8
13.03069973,80.23902893,32684,32695,11
13.03071976,80.23914337,32695,32706,11
13.03081989,80.2394104,32706,32716,10
13.03100014,80.23970032,32716,32727,11
13.03110981,80.23983002,32727,32737,10
13.03114033,80.23986053,32737,32747,10
13.03125,80.23999023,32747,32757,10
13.03141975,80.24034882,32757,32767,10
13.03139973,80.24060822,32767,32777,10
13.03149033,80.24093628,32777,32787,10
13.03168011,80.2412796,32787,32797,10
13.03188992,80.24173737,32797,32807,10
13.03225994,80.24230957,32807,32817,10
13.03275013,80.24294281,32817,32827,10
13.03334045,80.24369049,32827,32838,11
13.03396034,80.24462128,32838,32848,10
13.03419018,80.24488068,32848,32858,10
13.03437996,80.24513245,32858,32868,10
13.03470993,80.24559784,32868,32878,10
13.03524971,80.24606323,32878,32888,10
13.03555012,80.24613953,32888,32898,10
13.03575993,80.24617767,32898,32908,10
13.03586006,80.24623108,32908,32918,10
13.03625011,80.24632263,32918,32928,10
13.03687,80.24648285,32928,32939,11
13.03761959,80.24642944,32939,32948,9
13.03874969,80.24674225,32948,32999,51
13.03874969,80.24674225,32999,33009,10
13.03909969,80.24690247,33009,33019,10
13.03940964,80.24697876,33019,33029,10
13.0397501,80.24703979,33029,33039,10
13.04028034,80.24713135,33039,33050,11
13.0410099,80.24729156,33050,33060,10
13.04183006,80.24742889,33060,33070,10
13.04255009,80.24761963,33070,33080,10
13.04296017,80.24775696,33080,33090,10
13.04354954,80.24790955,33090,33100,10
13.04399967,80.24781799,33100,33110,10
13.0443697,80.24787903,33110,33120,10
13.04483032,80.24797821,33120,33130,10
13.04520035,80.24822235,33130,33140,10
13.04580021,80.24845123,33140,33150,10
13.04679966,80.2484436,33150,33189,39
13.04679966,80.2484436,33189,33199,10
13.04718971,80.24849701,33199,33209,10
13.0476799,80.24891663,33209,33219,10
13.04810047,80.24936676,33219,33229,10
13.04829979,80.24958801,33229,33239,10
13.04848003,80.24968719,33239,33249,10
13.04897976,80.24976349,33249,33259,10
13.04969978,80.24986267,33259,33270,11
13.05060005,80.25003815,33270,33280,10
13.05132008,80.25022125,33280,33290,10
13.05193043,80.25057983,33290,33300,10
13.0525198,80.25126648,33300,33310,10
13.05317974,80.25215149,33310,33320,10
13.05375004,80.2529068,33320,33330,10
13.05426979,80.25363922,33330,33340,10
13.05480003,80.2543335,33340,33350,10
13.05529976,80.25498962,33350,33360,10
13.05574989,80.2556076,33360,33371,11
13.05618,80.25621033,33371,33381,10
13.0566597,80.25669861,33381,33391,10
13.05725002,80.25723267,33391,33401,10
13.05803013,80.25798798,33401,33411,10
13.05862045,80.25881958,33411,33421,10
13.05908012,80.25942993,33421,33431,10
13.05951023,80.26007843,33431,33441,10
13.06007004,80.26058197,33441,33451,10
13.06066036,80.2612381,33451,33461,10
13.06087971,80.26148224,33461,33471,10
13.06095028,80.26164246,33471,33482,11
13.06134033,80.26217651,33482,33492,10
13.0618,80.26284027,33492,33512,20
13.0618,80.26284027,33512,33522,10
13.06198025,80.26296234,33522,33532,10
13.06241035,80.26345825,33532,33542,10
13.0629797,80.26412201,33542,33552,10
13.06340027,80.26474762,33552,33562,10
13.06396961,80.26550293,33562,33572,10
13.06443977,80.26608276,33572,33583,11
13.06492043,80.26672363,33583,33593,10
13.06542969,80.26711273,33593,33603,10
13.06581974,80.26754761,33603,33613,10
13.06585979,80.26763153,33613,33623,10
13.06612015,80.26802826,33623,33633,10
13.06669044,80.26844788,33633,33643,10
13.06715012,80.26873779,33643,33653,10
13.06797981,80.26924133,33653,33662,9
13.06826019,80.2694397,33662,33672,10
13.06822014,80.26992035,33672,33683,11
13.06812954,80.27084351,33683,33694,11
13.06840992,80.27169037,33694,33704,10
13.06921005,80.27211761,33704,33714,10
13.0699501,80.27291107,33714,33724,10
13.07063007,80.27375793,33724,33734,10
13.07102013,80.27404785,33734,33744,10
13.07126999,80.27411652,33744,33754,10
13.07186985,80.27443695,33754,33764,10
13.07242012,80.27501678,33764,33774,10
13.07310963,80.27577972,33774,33784,10
13.07380009,80.27633667,33784,33794,10
13.07466984,80.27632904,33794,33805,11
13.0756197,80.27629089,33805,33815,10
13.07629967,80.27626038,33815,33825,10
13.07686043,80.27625275,33825,33835,10
13.07724953,80.27616882,33835,33845,10
13.07783031,80.27610016,33845,33855,10
13.07828045,80.27552795,33855,33865,10
13.07884026,80.27510071,33865,33875,10
13.07952976,80.27526093,33875,33885,10
13.08041954,80.27523804,33885,33894,9
13.08119965,80.275177,33894,33926,32
13.08119965,80.275177,33926,33936,10
13.08131027,80.275177,33936,33946,10
13.08170033,80.275177,33946,33956,10
13.08195972,80.27523804,33956,33966,10
13.08201981,80.27526855,33966,33976,10
13.08209038,80.27552795,33976,34381,405
13.08209038,80.27552795,34381,34391,10
13.08205032,80.27591705,34391,34401,10
13.08187008,80.27601624,34401,34411,10
13.08185005,80.27629852,34411,34421,10
13.08189964,80.27694702,34421,34431,10
13.08197975,80.27776337,34431,34442,11
13.0822897,80.27818298,34442,34452,10
13.08283043,80.27815247,34452,34462,10
13.08325958,80.27813721,34462,34472,10
13.08343983,80.27816772,34472,34482,10
13.08347988,80.27854156,34482,34492,10
13.08347988,80.27902222,34492,34502,10
13.0830698,80.27889252,34502,34512,10
13.08228016,80.27851105,34512,34573,61
13.08228016,80.27851105,34573,34583,10
13.08215046,80.27838135,34583,34593,10
13.08191967,80.27787781,34593,34603,10
13.08183002,80.27707672,34603,34613,10
13.08181953,80.2769165,34613,34623,10
13.08183002,80.27681732,34623,34633,10
13.08183002,80.27662659,34633,34643,10
13.08170033,80.27588654,34643,34775,132
13.08162022,80.27552032,34775,34825,50
13.08162022,80.27552032,34825,34835,10
13.08148003,80.27516937,34835,34845,10
13.08135986,80.27513885,34845,34855,10
13.08111954,80.275177,34855,34865,10
13.08069038,80.27523041,34865,34876,11
13.08008003,80.27529907,34876,34886,10
13.07952023,80.27528381,34886,34896,10
13.07876015,80.27516174,34896,34906,10
13.07822037,80.27584839,34906,34916,10
13.07748032,80.27620697,34916,34926,10
13.07660007,80.27626038,34926,34936,10
13.07569981,80.27632141,34936,34946,10
13.07513046,80.27632904,34946,34956,10
13.07476044,80.27632141,34956,34966,10
13.07394028,80.27635956,34966,34997,31
13.07394028,80.27635956,34997,35007,10
13.07384014,80.27641296,35007,35017,10
13.07351971,80.27638245,35017,35027,10
13.0730896,80.27590179,35027,35037,10
13.07254982,80.27532196,35037,35047,10
13.07199001,80.27471924,35047,35057,10
13.07141972,80.27448273,35057,35067,10
13.07079029,80.27429962,35067,35077,10
13.07071972,80.27422333,35077,35088,11
13.07063961,80.27394104,35088,35098,10
13.0705204,80.27362823,35098,35108,10
13.07021999,80.27321625,35108,35118,10
13.0697403,80.27266693,35118,35128,10
13.06912994,80.27207184,35128,35138,10
13.0686903,80.27198792,35138,35178,40
13.0686903,80.27198792,35178,35188,10
13.06840038,80.27179718,35188,35198,10
13.06807041,80.27130127,35198,35209,11
13.06758976,80.27066803,35209,35219,10
13.06711006,80.27015686,35219,35229,10
13.06672001,80.26976013,35229,35239,10
13.06653976,80.26947784,35239,35249,10
13.06641006,80.2689209,35249,35259,10
13.06618023,80.26821899,35259,35268,9
13.06573963,80.26772308,35268,35279,11
13.06517982,80.26759338,35279,35288,9
13.06517029,80.26759338,35288,35300,12
13.0650301,80.26757813,35300,35310,10
13.06459045,80.26748657,35310,35320,10
13.0639801,80.26735687,35320,35330,10
13.06328011,80.26725006,35330,35340,10
13.06266022,80.266922,35340,35350,10
13.06200027,80.26618195,35350,35360,10
13.06138039,80.26542664,35360,35370,10
13.0604496,80.26544189,35370,35390,20
13.0604496,80.26544189,35390,35400,10
13.06017971,80.26554108,35400,35411,11
13.05957985,80.26555634,35411,35421,10
13.05885029,80.26542664,35421,35431,10
13.05815983,80.26500702,35431,35441,10
13.05807018,80.26416779,35441,35451,10
13.05801964,80.26334381,35451,35461,10
13.05792999,80.26244354,35461,35471,10
13.05772972,80.26165771,35471,35481,10
13.05749035,80.26093292,35481,35491,10
13.05729961,80.26024628,35491,35501,10
13.05700016,80.25939941,35501,35511,10
13.05671978,80.25855255,35511,35522,11
13.05657959,80.25776672,35522,35532,10
13.05646992,80.25733948,35532,35542,10
13.05646038,80.25734711,35542,35552,10
13.05648041,80.2572937,35552,35562,10
13.0564003,80.25698853,35562,35572,10
13.05632019,80.25657654,35572,35582,10
13.05605984,80.25608063,35582,35592,10
13.05560017,80.25540924,35592,35602,10
13.05502987,80.25460052,35602,35612,10
13.0543499,80.25370026,35612,35623,11
13.05383015,80.25296021,35623,35633,10
13.05327034,80.25216675,35633,35642,9
13.05272007,80.25144196,35642,35653,11
13.05206966,80.2506485,35653,35663,10
13.05115986,80.25007629,35663,35673,10
13.04986954,80.24981689,35673,35683,10
13.04860973,80.24965668,35683,35693,10
13.04796028,80.24928284,35693,35703,10
13.04722023,80.24865723,35703,35713,10
13.0468998,80.24858856,35713,35723,10
13.04681015,80.2485733,35723,35734,11
13.0464201,80.24851227,35734,35744,10
13.0457201,80.24835205,35744,35754,10
13.04487038,80.24809265,35754,35764,10
13.04388046,80.24790955,35764,35774,10
13.04308033,80.24777985,35774,35784,10
13.04238033,80.247612,35784,35794,10
13.04154015,80.24741364,35794,35804,10
13.04063034,80.2472229,35804,35814,10
13.04012012,80.24712372,35814,35845,31
13.04012012,80.24712372,35845,35855,10
13.03991985,80.24701691,35855,35865,10
13.03954029,80.24694824,35865,35875,10
13.03905964,80.24685669,35875,35885,10
13.03853989,80.24674225,35885,35895,10
13.03806973,80.24668121,35895,35905,10
13.03752995,80.24658966,35905,35915,10
13.03722954,80.24653625,35915,35925,10
13.03711987,80.24651337,35925,35934,9
13.03680038,80.24643707,35934,35946,12
13.03649044,80.24636841,35946,35956,10
13.03598976,80.24626923,35956,35966,10
13.03557968,80.24614716,35966,35976,10
13.0355196,80.24610901,35976,35986,10
13.03540039,80.24606323,35986,35996,10
13.03524971,80.24601746,35996,36006,10
13.03518963,80.24598694,36006,36016,10
13.0349102,80.24577332,36016,36026,10
13.03460979,80.24533844,36026,36036,10
13.03419971,80.24485016,36036,36046,10
13.03398037,80.24459839,36046,36057,11
13.03369999,80.24432373,36057,36067,10
13.03328037,80.24378204,36067,36076,9
13.03285027,80.2431488,36076,36087,11
13.03221989,80.24230194,36087,36097,10
13.03176022,80.24150085,36097,36107,10
13.03139973,80.24067688,36107,36117,10
13.03118992,80.24018097,36117,36127,10
13.03096008,80.23961639,36127,36137,10
13.03061008,80.23898315,36137,36147,10
13.03015995,80.23815918,36147,36158,11
13.0295496,80.23722076,36158,36168,10
13.02912045,80.23677063,36168,36178,10
13.02900982,80.2366333,36178,36188,10
13.02861023,80.23618317,36188,36198,10
13.02807045,80.23552704,36198,36208,10
13.02752972,80.23467255,36208,36218,10
13.02680016,80.23348236,36218,36258,40
13.02680016,80.23348236,36258,36269,11
13.02672958,80.23332214,36269,36279,10
13.02651024,80.23290253,36279,36289,10
13.02624989,80.23226166,36289,36305,16
13.02598953,80.23129272,36305,36317,12
13.02565002,80.23036194,36317,36327,10
13.02501965,80.22949219,36327,36337,10
13.02453041,80.22885895,36337,36347,10
13.02398014,80.22817993,36347,36357,10
13.02328014,80.22744751,36357,36388,31
13.02328014,80.22744751,36388,36398,10
13.02320004,80.2273407,36398,36408,10
13.02291012,80.2270813,36408,36417,9
13.02248001,80.22666168,36417,36428,11
13.02176952,80.22605133,36428,36438,10
13.02095032,80.22544861,36438,36448,10
13.02011967,80.2248764,36448,36458,10
13.01928043,80.22444916,36458,36468,10
13.01815987,80.22473907,36468,36479,11
13.01688004,80.22530365,36479,36489,10
13.01611042,80.2256012,36489,36499,10
13.01556015,80.22575378,36499,36509,10
13.01496983,80.22596741,36509,36519,10
13.01439953,80.22621918,36519,36529,10
13.01438046,80.22621918,36529,36539,10
13.01408958,80.22633362,36539,36549,10
13.01350975,80.22650909,36549,36559,10
13.01270008,80.22680664,36559,36569,10
13.01171017,80.227211,36569,36579,10
13.01056004,80.22767639,36579,36590,11
13.0092802,80.22825623,36590,36600,10
13.00893021,80.22936249,36600,36610,10
13.00868034,80.23065948,36610,36620,10
13.00837994,80.23200226,36620,36630,10
13.00821018,80.23303986,36630,36640,10
13.00813007,80.23371887,36640,36650,10
13.0080204,80.23412323,36650,36660,10
13.00788021,80.23474121,36660,36670,10
13.00784016,80.23493958,36670,36680,10
13.00784969,80.2350769,36680,36690,10
13.00776958,80.23539734,36690,36701,11
13.00761986,80.23613739,36701,36711,10
13.00741959,80.23706818,36711,36721,10
13.0072298,80.23815155,36721,36731,10
13.00704956,80.2390213,36731,36741,10
13.0068903,80.23993683,36741,36781,40
13.0068903,80.23993683,36781,36791,10
13.00687981,80.24011993,36791,36802,11
13.00677967,80.24064636,36802,36812,10
13.00664997,80.24131012,36812,36822,10
13.00666046,80.24230194,36822,36832,10
13.00664997,80.24324036,36832,36842,10
13.00662994,80.24385834,36842,36852,10
13.00658035,80.24501038,36852,36862,10
13.00669956,80.24656677,36862,36882,20
13.00669956,80.24656677,36882,36892,10
13.00671005,80.2469635,36892,36902,10
13.00658035,80.24738312,36902,36913,11
13.00613022,80.24739075,36913,36923,10
13.00609016,80.24738312,36923,36933,10
13.00572014,80.24732971,36933,36943,10
13.00508022,80.24736023,36943,36953,10
13.00421047,80.24743652,36953,36963,10
13.00317001,80.24758911,36963,36973,10
13.00203037,80.24780273,36973,36983,10
13.00078011,80.24810028,36983,36993,10
12.99944019,80.24845886,36993,37003,10
12.99798012,80.24884033,37003,37013,10
12.99652004,80.24920654,37013,37024,11
12.99481964,80.24967194,37024,37034,10
12.99339008,80.25002289,37034,37044,10
12.99213028,80.25032043,37044,37053,9
12.99125004,80.25057983,37053,37064,11
12.99108982,80.25061035,37064,37074,10
12.99081039,80.25060272,37074,37084,10
12.99020004,80.25063324,37084,37094,10
12.98935986,80.25089264,37094,37104,10
12.98843002,80.25128937,37104,37175,71
12.98843002,80.25128937,37175,37185,10
12.98812008,80.25132751,37185,37195,10
12.98768044,80.25144196,37195,37205,10
12.98698044,80.25164032,37205,37215,10
12.98620987,80.25186157,37215,37225,10
12.98525047,80.25209045,37225,37237,12
12.98388958,80.25244141,37237,37247,10
12.98279953,80.25263977,37247,37257,10
12.98176956,80.25266266,37257,37267,10
12.98075962,80.25269318,37267,37276,9
12.98036003,80.25272369,37276,37287,11
12.97992039,80.25272369,37287,37297,10
12.97904015,80.25263214,37297,37307,10
12.97856998,80.25254059,37307,37317,10
12.97842979,80.25245667,37317,37327,10
12.97801971,80.25213623,37327,37337,10
12.97731972,80.25154877,37337,37348,11
12.97616005,80.25110626,37348,37358,10
12.97490025,80.25076294,37358,37368,10
12.97348022,80.25034332,37368,37378,10
12.97216034,80.24997711,37378,37388,10
12.97122002,80.24971771,37388,37398,10
12.97031021,80.24945831,37398,37408,10
12.9692297,80.24902344,37408,37418,10
12.96804047,80.24854279,37418,37428,10
12.96714973,80.24817657,37428,37438,10
12.96629047,80.24775696,37438,37449,11
12.96527004,80.24739838,37449,37469,20
12.96527004,80.24739838,37469,37479,10
12.96522045,80.24742889,37479,37495,16
12.96461964,80.24717712,37495,37507,12
12.96407032,80.24693298,37507,37515,8
12.96376038,80.24678802,37515,37527,12
12.96337986,80.24661255,37527,37537,10
12.96267986,80.2462616,37537,37547,10
12.96179962,80.24582672,37547,37555,8
12.96098042,80.24543762,37555,37567,12
12.9594698,80.24481964,37567,37589,22
12.9594698,80.24481964,37589,37598,9
12.95932007,80.24468994,37598,37609,11
12.9587698,80.24443817,37609,37618,9
12.95812035,80.24417877,37618,37628,10
12.9574604,80.24391937,37628,37639,11
12.95650959,80.24360657,37639,37730,91
12.95650959,80.24360657,37730,37740,10
12.95602036,80.24347687,37740,37750,10
12.95540047,80.24317169,37750,37760,10
12.95464993,80.24281311,37760,37771,11
12.95363045,80.24237823,37771,37781,10
12.95258045,80.24194336,37781,37791,10
12.95170975,80.24166107,37791,37801,10
12.9516201,80.24157715,37801,37811,10
12.9512701,80.24143219,37811,37821,10
12.95059967,80.24124146,37821,37831,10
12.94974041,80.24102783,37831,37841,10
12.94915962,80.24079895,37841,37851,10
12.94859028,80.24060059,37851,37861,10
12.94785023,80.2403183,37861,37872,11
12.94715977,80.24004364,37872,37882,10
12.94713974,80.24002075,37882,37892,10
12.94688034,80.23990631,37892,37902,10
12.94633961,80.23973846,37902,37912,10
12.9455204,80.23930359,37912,37922,10
12.9447403,80.23861694,37922,37932,10
12.94394016,80.23773956,37932,37942,10
12.94295979,80.23680115,37942,37952,10
12.94157982,80.23628235,37952,37962,10
12.94032955,80.23593903,37962,37972,10
12.93947983,80.23564911,37972,37983,11
12.9394598,80.23564148,37983,37993,10
12.93922997,80.23549652,37993,38003,10
12.9386301,80.23516846,38003,38013,10
12.93782997,80.23477936,38013,38023,10
12.93690014,80.23435211,38023,38033,10
12.93595028,80.23388672,38033,38043,10
12.9349699,80.23343658,38043,38053,10
12.93397999,80.23301697,38053,38063,10
12.93387985,80.23297119,38063,38073,10
12.93377018,80.23287964,38073,38083,10
12.93346024,80.23274231,38083,38094,11
12.93280983,80.23251343,38094,38104,10
12.93202019,80.23226166,38104,38114,10
12.9309597,80.23184204,38114,38124,10
12.92965031,80.23149109,38124,38133,9
12.92870998,80.23133087,38133,38144,11
12.92759991,80.23117828,38144,38154,10
12.92648983,80.23110199,38154,38164,10
12.92609978,80.23101807,38164,38174,10
12.92593002,80.23095703,38174,38184,10
12.92547035,80.23088837,38184,38194,10
12.92477989,80.23084259,38194,38205,11
12.92376995,80.23072052,38205,38215,10
12.92269993,80.2305603,38215,38225,10
12.92144012,80.23034668,38225,38235,10
12.9200201,80.23020172,38235,38245,10
12.91866016,80.23002625,38245,38255,10
12.91748047,80.22984314,38255,38265,10
12.91629028,80.22966766,38265,38275,10
12.91508007,80.22949219,38275,38285,10
12.91396046,80.2293396,38285,38295,10
12.91327953,80.22927856,38295,38306,11
12.91322994,80.22926331,38306,38316,10
12.91302013,80.22921753,38316,38326,10
12.91246986,80.22913361,38326,38336,10
12.91164017,80.22898865,38336,38346,10
12.91063976,80.22885132,38346,38356,10
12.90948009,80.22868347,38356,38366,10
12.90818024,80.22849274,38366,38376,10
12.90672016,80.22830963,38376,38467,91
12.90672016,80.22830963,38467,38477,10
12.90647984,80.22820282,38477,38487,10
12.90600014,80.22815704,38487,38497,10
12.9052,80.22810364,38497,38507,10
12.90423012,80.22805023,38507,38518,11
12.90293026,80.22799683,38518,38528,10
12.90178013,80.22799683,38528,38538,10
12.90124989,80.22805023,38538,38548,10
12.90112972,80.22801208,38548,38558,10
12.90073967,80.22792816,38558,38568,10
12.90017986,80.2278595,38568,38578,10
12.89914036,80.22785187,38578,38598,20
12.89914036,80.22785187,38598,38608,10
12.89906025,80.22782898,38608,38618,10
12.89861012,80.2277832,38618,38629,11
12.89776039,80.22775269,38629,38638,9
12.89688969,80.22772217,38638,38649,11
12.89564037,80.22766876,38649,38659,10
12.8944397,80.22763062,38659,38669,10
12.89323997,80.22749329,38669,38679,10
12.89258957,80.22738647,38679,38689,10
12.89220047,80.22737885,38689,38699,10
12.89144993,80.22736359,38699,38709,10
12.89048004,80.22737122,38709,38719,10
12.88936043,80.22736359,38719,38729,10
12.88838959,80.22736359,38729,38740,11
12.88782978,80.22733307,38740,38750,10
12.8871603,80.22722626,38750,38760,10
12.88634014,80.22704315,38760,38770,10
12.88531971,80.22679138,38770,38780,10
12.88479996,80.22669983,38780,38790,10
12.88469982,80.22669983,38790,38800,10
12.88430023,80.22664642,38800,38810,10
12.88364983,80.22667694,38810,38820,10
12.88272953,80.22672272,38820,38830,10
12.88162994,80.22673798,38830,38841,11
12.88024998,80.22675323,38841,38851,10
12.87884045,80.22679138,38851,38861,10
12.87747955,80.22688293,38861,38871,10
12.87666035,80.22705841,38871,38881,10
12.87642956,80.22714233,38881,38891,10
12.8763504,80.22704315,38891,38901,10
12.87590027,80.22698975,38901,38911,10
12.87520027,80.22692108,38911,38921,10
12.87432003,80.22679901,38921,38931,10
12.87324047,80.22672272,38931,38941,10
12.87277031,80.22672272,38941,38952,11
12.87255955,80.22669983,38952,38962,10
12.87197971,80.22667694,38962,38972,10
12.87112999,80.22663879,38972,38982,10
12.87010002,80.22657013,38982,38991,9
12.86900997,80.22644043,38991,39002,11
12.86791039,80.22638702,39002,39012,10
12.86705971,80.2264328,39012,39022,10
12.86612034,80.22657776,39022,39032,10
12.8650198,80.22660065,39032,39042,10
12.86373997,80.22653961,39042,39053,11
12.86225033,80.22657013,39053,39063,10
12.86106014,80.22659302,39063,39073,10
12.86003971,80.22647095,39073,39083,10
12.85894966,80.22631836,39083,39093,10
12.85828018,80.22628021,39093,39103,10
12.8575201,80.22628021,39103,39113,10
12.85659981,80.22637939,39113,39123,10
12.85550022,80.22650146,39123,39133,10
12.85422993,80.22660828,39133,39143,10
12.85282993,80.22669983,39143,39153,10
12.85130024,80.22663879,39153,39164,11
12.8495903,80.22657776,39164,39174,10
12.84858036,80.22659302,39174,39194,20
12.84858036,80.22659302,39194,39204,10
12.8484602,80.22659302,39204,39214,10
12.84799004,80.22657776,39214,39224,10
12.84733009,80.22659302,39224,39234,10
12.84648037,80.22660828,39234,39244,10
12.84560013,80.22657776,39244,39254,10
12.84510994,80.22647858,39254,39265,11
12.8451004,80.22647858,39265,39275,10
12.84484005,80.22657776,39275,39285,10
12.8443203,80.22667694,39285,39295,10
12.84360981,80.22667694,39295,39305,10
12.84265041,80.22689056,39305,39315,10
12.84146023,80.22715759,39315,39325,10
12.84033012,80.22750854,39325,39335,10
12.83977985,80.22767639,39335,39345,10
12.83969021,80.22772217,39345,39355,10
12.83953953,80.22773743,39355,39365,10
12.83907032,80.22785187,39365,39375,10
12.83833981,80.22805023,39375,39386,11
12.83730984,80.22825623,39386,39396,10
12.83613968,80.22841644,39396,39406,10
12.83479023,80.22862244,39406,39416,10
12.83255005,80.22904968,39416,39442,26
12.83255005,80.22904968,39442,39454,12
12.83230019,80.22913361,39454,39462,8
12.83197021,80.22920227,39462,39474,12
12.83113003,80.22934723,39474,39485,11
12.83010006,80.22975159,39485,39495,10
12.82896042,80.23023224,39495,39505,10
12.82771969,80.23091888,39505,39515,10
12.82645988,80.23135376,39515,39525,10
12.82497978,80.23142242,39525,39535,10
12.82355976,80.23110199,39535,39545,10
12.82203007,80.23062897,39545,39555,10
12.82042027,80.23046112,39555,39565,10
12.81908035,80.23049927,39565,39575,10
12.81890011,80.23049164,39575,39585,10
12.81879044,80.23046112,39585,39596,11
12.81875038,80.2304306,39596,39606,10
12.81842041,80.23027039,39606,39616,10
12.8178196,80.22998047,39616,39626,10
12.81700993,80.2296524,39626,39636,10
12.81591988,80.22943115,39636,39646,10
12.81464005,80.22924805,39646,39656,10
12.81338978,80.22895813,39656,39666,10
12.81252003,80.22866821,39666,39676,10
12.81142998,80.22828674,39676,39686,10
12.8101902,80.22776031,39686,39696,10
12.80895996,80.22709656,39696,39707,11
12.80768967,80.22605133,39707,39717,10
12.80669975,80.22518921,39717,39733,16
12.80562019,80.22419739,39733,39745,12
12.8052702,80.22405243,39745,39755,10
12.80496025,80.22398376,39755,39765,10
12.80492973,80.22395325,39765,39775,10
12.80455017,80.22392273,39775,39785,10
12.80389023,80.22386932,39785,39795,10
12.80307007,80.22380066,39795,39806,11
12.80193996,80.22364807,39806,39816,10
12.80097008,80.22358704,39816,39826,10
12.80070019,80.22355652,39826,39835,9
12.80021,80.22350311,39835,39846,11
12.79930973,80.22344971,39846,39856,10
12.79823017,80.22338104,39856,39866,10
12.79695988,80.22315979,39866,39876,10
12.79594994,80.22299957,39876,39886,10
12.7958498,80.22296906,39886,39896,10
12.79563999,80.22290039,39896,39906,10
12.79508018,80.22277832,39906,39917,11
12.79419994,80.22264099,39917,39927,10
12.79316044,80.22248077,39927,39943,16
12.7911396,80.22202301,39943,39955,12
12.78971958,80.22167969,39955,39965,10
12.78913021,80.22148132,39965,39975,10
12.78882027,80.22133636,39975,39985,10
12.78851032,80.22122192,39985,39995,10
12.78851032,80.22120667,39995,40005,10
12.78820038,80.22109985,40005,40046,41
12.78820038,80.22109985,40046,40056,10
12.78785038,80.22093964,40056,40096,40
12.78785038,80.22093964,40096,40106,10
12.78763962,80.22091675,40106,40116,10
12.7873497,80.22083282,40116,40127,11
12.78713989,80.22073364,40127,40147,20
12.78713989,80.22073364,40147,40157,10
12.78697968,80.22080994,40157,40207,50
12.78697968,80.22080994,40207,40217,10
12.7866497,80.22054291,40217,40227,10
12.7864399,80.22045898,40227,40238,11
12.78617001,80.2203598,40238,40248,10
12.78614044,80.22059631,40248,40258,10
12.78614044,80.22065735,40258,40268,10
12.78616047,80.22075653,40268,40278,10
12.78617001,80.22097778,40278,40288,10
12.78617001,80.22109985,40288,40298,10
12.78619003,80.22135925,40298,40308,10
12.78625011,80.22154999,40308,40318,10
12.78627014,80.22186279,40318,43539,3221
12.78621006,80.22148895,43539,43559,20
12.78621006,80.22148895,43559,43570,11
12.78621006,80.22109222,43570,43580,10
12.78625965,80.22080994,43580,43590,10
12.7862196,80.22051239,43590,43691,101
12.78649998,80.22042084,43691,43711,20
12.78662014,80.22039032,43711,43731,20
12.78662014,80.22039032,43731,43741,10
12.78691006,80.22065735,43741,43751,10
12.78740025,80.22081757,43751,43761,10
12.78800011,80.22100067,43761,43771,10
12.78886032,80.22132874,43771,43782,11
12.78954983,80.22158813,43782,43792,10
12.7898798,80.22171783,43792,43802,10
12.79051971,80.22187805,43802,43812,10
12.79150963,80.22212982,43812,43822,10
12.79265976,80.22241211,43822,43832,10
12.79389,80.22257996,43832,43842,10
12.79506969,80.2227478,43842,43852,10
12.79634953,80.22296143,43852,43882,30
12.79634953,80.22296143,43882,43893,11
12.79658031,80.2230835,43893,43903,10
12.79722977,80.22319794,43903,43912,9
12.79806995,80.22329712,43912,43923,11
12.79934978,80.22345734,43923,43933,10
12.80062008,80.22354126,43933,43943,10
12.80150986,80.22361755,43943,43953,10
12.80247974,80.22370911,43953,43963,10
12.80372047,80.22389984,43963,43993,30
12.80372047,80.22389984,43993,44004,11
12.80397987,80.22393036,44004,44014,10
12.80449963,80.22396088,44014,44024,10
12.80494022,80.22399902,44024,44034,10
12.80537987,80.22409058,44034,44044,10
12.80548,80.22412109,44044,44054,10
12.80560017,80.22422028,44054,44064,10
12.80597019,80.22451019,44064,44074,10
12.80644035,80.22490692,44074,44084,10
12.80720043,80.22557831,44084,44094,10
12.80807972,80.22631836,44094,44104,10
12.80904007,80.22711945,44104,44115,11
12.81031036,80.2277832,44115,44125,10
12.81161022,80.228302,44125,44135,10
12.81295967,80.2287674,44135,44145,10
12.81431961,80.22917938,44145,44155,10
12.81573009,80.22937775,44155,44165,10
12.81707001,80.22963715,44165,44175,10
12.81818008,80.23014069,44175,44185,10
12.81917953,80.23047638,44185,44195,10
12.8197298,80.23046112,44195,44205,10
12.81984997,80.23046112,44205,44215,10
12.82034969,80.23042297,44215,44226,11
12.82120037,80.2304306,44226,44236,10
12.82217026,80.23059845,44236,44246,10
12.8233099,80.23095703,44246,44256,10
12.82456017,80.23127747,44256,44266,10
12.82579041,80.23135376,44266,44276,10
12.82610989,80.23130798,44276,44286,10
12.82637978,80.23130035,44286,44296,10
12.8269701,80.23119354,44296,44306,10
12.82775021,80.2308197,44306,44316,10
12.8287096,80.23029327,44316,44326,10
12.82987976,80.22979736,44326,44337,11
12.83094025,80.22939301,44337,44347,10
12.83108997,80.22934723,44347,44357,10
12.83129978,80.22937775,44357,44367,10
12.83170033,80.22923279,44367,44377,10
12.83234024,80.22905731,44377,44387,10
12.8331604,80.22889709,44387,44397,10
12.83421993,80.22870636,44397,44407,10
12.83549023,80.228508,44407,44417,10
12.83689022,80.22828674,44417,44427,10
12.83823013,80.22805786,44427,44438,11
12.83918953,80.22779846,44438,44448,10
12.83961964,80.22767639,44448,44458,10
12.83996964,80.22757721,44458,44468,10
12.84055996,80.22740173,44468,44478,10
12.84140968,80.22717285,44478,44488,10
12.84241962,80.22692871,44488,44498,10
12.84364033,80.22669983,44498,44514,16
12.84537029,80.22653961,44514,44526,12
12.84541035,80.22653961,44526,44534,8
12.84554958,80.22657776,44534,44546,12
12.84607983,80.22657013,44546,44557,11
12.84687042,80.22653961,44557,44566,9
12.84768963,80.22653961,44566,44577,11
12.84889984,80.22653961,44577,44589,12
12.85044003,80.22650909,44589,44599,10
12.85136986,80.22653198,44599,44608,9
12.85163021,80.22660065,44608,44619,11
12.85212994,80.22664642,44619,44629,10
12.85299969,80.22666168,44629,44639,10
12.85400009,80.22657776,44639,44649,10
12.85517979,80.22644806,44649,44660,11
12.85671043,80.22628784,44660,44670,10
12.85818005,80.22618866,44670,44680,10
12.85958958,80.22634888,44680,44690,10
12.86060047,80.22647095,44690,44700,10
12.86075974,80.22647858,44700,44710,10
12.86108971,80.22650909,44710,44720,10
12.86165047,80.22659302,44720,44730,10
12.86250019,80.22653961,44730,44740,10
12.86365986,80.22651672,44740,44750,10
12.86497021,80.22653961,44750,44760,10
12.86620045,80.22650909,44760,44771,11
12.86769962,80.22637177,44771,44781,10
12.86911011,80.22637939,44781,44791,10
12.87057972,80.22654724,44791,44801,10
12.87195015,80.22662354,44801,44811,10
12.87279034,80.22660828,44811,44821,10
12.87285042,80.22662354,44821,44831,10
12.87314987,80.22663879,44831,44841,10
12.8737402,80.22666168,44841,44851,10
12.87454033,80.22676849,44851,44861,10
12.87551975,80.22689056,44861,44871,10
12.87646008,80.22691345,44871,44882,11
12.87675953,80.22686005,44882,44892,10
12.87687016,80.22686005,44892,44902,10
12.87734032,80.2268219,44902,44912,10
12.8780899,80.22676086,44912,44922,10
12.87899971,80.22670746,44922,44932,10
12.88012028,80.22667694,44932,44942,10
12.88129997,80.2266922,44942,44952,10
12.88253021,80.22666168,44952,44962,10
12.88374043,80.22664642,44962,44972,10
12.88479042,80.22663879,44972,44983,11
12.88502026,80.22663879,44983,44993,10
12.88516998,80.22666931,44993,45003,10
12.8856802,80.22676849,45003,45013,10
12.88642025,80.22696686,45013,45023,10
12.88737011,80.22717285,45023,45033,10
12.88854027,80.22730255,45033,45043,10
12.88990974,80.22728729,45043,45053,10
12.89130974,80.22727966,45053,45063,10
12.89210033,80.22727966,45063,45073,10
12.89214993,80.22728729,45073,45083,10
12.89237976,80.22730255,45083,45094,11
12.89307022,80.22737885,45094,45104,10
12.89398003,80.22750092,45104,45114,10
12.89509964,80.22756195,45114,45124,10
12.89630032,80.22759247,45124,45134,10
12.89768982,80.22769928,45134,45144,10
12.89904976,80.2277832,45144,45154,10
12.90009975,80.22785187,45154,45164,10
12.90065002,80.22792053,45164,45273,109
12.90065002,80.22792053,45273,45283,10
12.90106964,80.22795105,45283,45294,11
12.90149021,80.22792053,45294,45304,10
12.9022398,80.22795105,45304,45315,11
12.90291977,80.22795105,45315,45325,10
12.90293026,80.22795105,45325,45335,10
12.9030304,80.22798157,45335,45345,10
12.90328979,80.22798157,45345,45355,10
12.90382957,80.22805023,45355,45365,10
12.9046402,80.22808838,45365,45375,10
12.90561962,80.22811127,45375,45385,10
12.9061203,80.22814178,45385,45426,41
12.9061203,80.22814178,45426,45436,10
12.90627956,80.22814178,45436,45446,10
12.90674973,80.22820282,45446,45456,10
12.90692043,80.22823334,45456,45466,10
12.90707016,80.22825623,45466,45476,10
12.90758038,80.22830963,45476,45486,10
12.90839005,80.22846222,45486,45496,10
12.90935993,80.2286377,45496,45506,10
12.91082001,80.22886658,45506,45516,10
12.91213989,80.22904205,45516,45527,11
12.91345024,80.22923279,45527,45537,10
12.91407013,80.22930145,45537,45547,10
12.91409016,80.22930145,45547,45557,10
12.9144001,80.22936249,45557,45567,10
12.91493034,80.22943115,45567,45577,10
12.91580009,80.22956848,45577,45587,10
12.9168396,80.22971344,45587,45597,10
12.91757965,80.22982025,45597,45607,10
12.91849995,80.22994995,45607,45617,10
12.91959953,80.23007202,45617,45627,10
12.92088985,80.23023987,45627,45638,11
12.92238045,80.23045349,45638,45647,9
12.92362022,80.23062897,45647,45658,11
12.92500973,80.23085022,45658,45668,10
12.92632961,80.2309494,45668,45678,10
12.92646027,80.2309494,45678,45688,10
12.92687988,80.23101807,45688,45698,10
12.92765045,80.23111725,45698,45708,10
12.92862034,80.23123932,45708,45718,10
12.92971039,80.2314682,45718,45728,10
12.93093967,80.2318573,45728,45739,11
12.93247032,80.23235321,45739,45749,10
12.93371964,80.23280334,45749,45769,20
12.93371964,80.23280334,45769,45779,10
12.93383026,80.23281097,45779,45789,10
12.93410015,80.23291779,45789,45799,10
12.9346199,80.23319244,45799,45809,10
12.93474007,80.23325348,45809,45819,10
12.93521023,80.23345184,45819,45829,10
12.93566036,80.23368073,45829,45839,10
12.93575954,80.2337265,45839,45850,11
12.93605042,80.23384857,45850,45860,10
12.93655014,80.23409271,45860,45870,10
12.93723965,80.23435211,45870,45880,10
12.93817997,80.23483276,45880,45890,10
12.93918037,80.2353363,45890,45900,10
12.93968964,80.23562622,45900,45910,10
12.93970013,80.23564148,45910,45920,10
12.93997955,80.23577118,45920,45930,10
12.94056034,80.23596954,45930,45940,10
12.9412899,80.23612976,45940,45951,11
12.94231987,80.23638916,45951,45961,10
12.94324017,80.23690033,45961,45971,10
12.94410992,80.23784637,45971,45981,10
12.94493008,80.2387619,45981,45991,10
12.94581985,80.23937988,45991,46000,9
12.94664955,80.23972321,46000,46011,11
12.94707966,80.23988342,46011,46021,10
12.94717026,80.23992157,46021,46031,10
12.94738007,80.24002075,46031,46041,10
12.94789028,80.24022675,46041,46051,10
12.94838047,80.24041748,46051,46062,11
12.94874001,80.24053955,46062,46072,10
12.9493103,80.24078369,46072,46082,10
12.95011997,80.24102783,46082,46092,10
12.95084953,80.24130249,46092,46102,10
12.95090008,80.24131775,46102,46112,10
12.9510603,80.24136353,46112,46122,10
12.95129967,80.24147034,46122,46132,10
12.95164013,80.24156189,46132,46142,10
12.95201015,80.24169159,46142,46152,10
12.95256042,80.24188995,46152,46162,10
12.95326996,80.24217987,46162,46173,11
12.95394039,80.24240875,46173,46183,10
12.95401955,80.24243927,46183,46193,10
12.9544096,80.24260712,46193,46203,10
12.95499039,80.24284363,46203,46213,10
12.95567989,80.24307251,46213,46223,10
12.95631027,80.24327087,46223,46233,10
12.95648956,80.24330139,46233,46243,10
12.95681953,80.24349213,46243,46253,10
12.95730019,80.2436676,46253,46263,10
12.95823956,80.244133,46263,46274,11
12.95897961,80.24446869,46274,46284,10
12.95915031,80.24456787,46284,46294,10
12.9594202,80.24469757,46294,46304,10
12.95998001,80.24494171,46304,46314,10
12.9607296,80.24529266,46314,46324,10
12.96168995,80.24575806,46324,46334,10
12.96306992,80.24642944,46334,46395,61
12.96306992,80.24642944,46395,46405,10
12.96333027,80.24665833,46405,46415,10
12.96362972,80.24677277,46415,46425,10
12.96411991,80.24693298,46425,46435,10
12.96487999,80.2472229,46435,46445,10
12.96574974,80.24745178,46445,46455,10
12.96693993,80.2480011,46455,46475,20
12.96693993,80.2480011,46475,46486,11
12.96753025,80.2482605,46486,46506,20
12.96753025,80.2482605,46506,46516,10
12.96975994,80.24925232,46516,46526,10
12.97095013,80.24965668,46526,46536,10
12.97233009,80.25,46536,46546,10
12.97367001,80.25031281,46546,46556,10
12.97507,80.25073242,46556,46566,10
12.97659969,80.25122833,46566,46576,10
12.97797966,80.25167847,46576,46586,10
12.97850037,80.25229645,46586,46597,11
12.97858047,80.25234985,46597,46607,10
12.97867966,80.252388,46607,46617,10
12.97904015,80.25253296,46617,46627,10
12.97955036,80.25257874,46627,46667,40
12.97955036,80.25257874,46667,46677,10
12.97974968,80.25267029,46677,46687,10
12.9802599,80.2526474,46687,46697,10
12.98110008,80.25261688,46697,46708,11
12.98204994,80.25258636,46708,46718,10
12.98287964,80.25254059,46718,46728,10
12.98388004,80.25235748,46728,46738,10
12.9847002,80.25213623,46738,46748,10
12.98546028,80.25192261,46748,46758,10
12.98608017,80.25177002,46758,46768,10
12.9864397,80.25167084,46768,46778,10
12.98657036,80.25163269,46778,46788,10
12.98661995,80.2516098,46788,46798,10
12.98694038,80.25154114,46798,46808,10
12.98742008,80.25138092,46808,46819,11
12.98797989,80.25125885,46819,46829,10
12.98873997,80.25108337,46829,46839,10
12.98939991,80.25086975,46839,46849,10
12.98941994,80.25086975,46849,46859,10
12.98980045,80.25080109,46859,46869,10
12.9903698,80.25066376,46869,46879,10
12.99112034,80.25047302,46879,46889,10
12.99205017,80.2502594,46889,46899,10
12.99302006,80.24999237,46899,46909,10
12.99407959,80.2497406,46909,46920,11
12.99542999,80.24941254,46920,46930,10
12.99685955,80.2490387,46930,46940,10
12.99839973,80.24865723,46940,46950,10
12.99997044,80.24826813,46950,46960,10
13.00154018,80.24787903,46960,46970,10
13.00292969,80.24755859,46970,46980,10
13.00415039,80.24736786,46980,46990,10
13.00510979,80.2472229,46990,47000,10
13.00596046,80.24698639,47000,47010,10
13.00642014,80.24656677,47010,47020,10
13.00642967,80.24653625,47020,47031,11
13.00652981,80.24623108,47031,47041,10
13.00658035,80.24571228,47041,47051,10
13.00660992,80.24521637,47051,47061,10
13.00662994,80.24472046,47061,47071,10
13.00660992,80.24420929,47071,47081,10
13.00662041,80.24369049,47081,47091,10
13.00660038,80.24329376,47091,47107,16
13.00656986,80.24240112,47107,47119,12
13.00656033,80.24150085,47119,47127,8
13.00660038,80.24095917,47127,47138,11
13.00660992,80.24040222,47138,47150,12
13.00673962,80.23979187,47150,47160,10
13.00691032,80.239151,47160,47170,10
13.00708008,80.23847961,47170,47180,10
13.0072403,80.23777008,47180,47190,10
13.00737,80.23690033,47190,47199,9
13.00739002,80.23673248,47199,47209,10
13.00743008,80.23661041,47209,47220,11
13.00753021,80.23629761,47220,47230,10
13.00763988,80.23583984,47230,47241,11
13.00778961,80.23510742,47241,47251,10
13.0080204,80.23425293,47251,47261,10
13.00821972,80.23316956,47261,47271,10
13.00844002,80.23195648,47271,47281,10
13.00862026,80.23087311,47281,47291,10
13.0088501,80.22976685,47291,47301,10
13.00912952,80.22853851,47301,47311,10
13.00951004,80.22747803,47311,47321,10
13.00996017,80.22646332,47321,47331,10
13.01033974,80.22557831,47331,47341,10
13.01064014,80.22493744,47341,47352,11
13.01089954,80.22440338,47352,47362,10
13.01113987,80.22383881,47362,47372,10
13.01142025,80.22332764,47372,47382,10
13.01183033,80.22354126,47382,47392,10
13.01261997,80.22390747,47392,47402,10
13.01360035,80.22441101,47402,47412,10
13.01436043,80.224823,47412,47422,10
13.01473999,80.22498322,47422,47432,10
13.01478004,80.22499847,47432,47442,10
13.01498032,80.22509003,47442,47452,10
13.0151701,80.2252121,47452,47463,11
13.01541042,80.22528839,47463,47473,10
13.01589966,80.22528076,47473,47483,10
13.01669979,80.22518921,47483,47493,10
13.01756954,80.22485352,47493,47503,10
13.01861954,80.22444153,47503,47513,10
13.01965046,80.2244873,47513,47523,10
13.02058029,80.22515869,47523,47533,10
13.02106953,80.22553253,47533,47543,10
13.0213604,80.22576904,47543,47553,10
13.02169037,80.22595978,47553,47564,11
13.02215958,80.22631836,47564,47574,10
13.02245998,80.22657013,47574,47594,20
13.02245998,80.22657013,47594,47604,10
13.02266026,80.2266922,47604,47614,10
13.02283955,80.22698975,47614,47624,10
13.02330017,80.22744751,47624,47634,10
13.02385998,80.22792816,47634,47644,10
13.02420998,80.22834015,47644,47654,10
13.02449989,80.22875214,47654,47671,17
13.02571011,80.23059082,47671,47693,22
13.02571011,80.23059082,47693,47703,10
13.02579975,80.2307663,47703,47713,10
13.02591038,80.23113251,47713,47723,10
13.02608013,80.23161316,47723,47733,10
13.02624035,80.23229218,47733,47743,10
13.02657986,80.233078,47743,47752,9
13.02684975,80.23352051,47752,47763,11
13.0272398,80.23416138,47763,47773,10
13.02770042,80.23497009,47773,47784,11
13.02828979,80.23578644,47784,47793,9
13.02890015,80.23645782,47793,47804,11
13.02966976,80.23725128,47804,47824,20
13.02966976,80.23725128,47824,47833,9
13.02987003,80.23761749,47833,47844,11
13.03017998,80.23812866,47844,47854,10
13.03057957,80.23885345,47854,47864,10
13.03089046,80.23930359,47864,47905,41
13.03089046,80.23930359,47905,47915,10
13.0310297,80.23957062,47915,47925,10
13.03106976,80.23966217,47925,47935,10
13.03116035,80.23989105,47935,47945,10
13.03133965,80.24009705,47945,47955,10
13.03139973,80.24060059,47955,47965,10
13.03162003,80.24121094,47965,47975,10
13.03194046,80.24188232,47975,47985,10
13.03248024,80.24253082,47985,47996,11
13.03306961,80.24330902,47996,48006,10
13.03370953,80.24417114,48006,48016,10
13.0343504,80.24507904,48016,48026,10
13.03499031,80.2458725,48026,48036,10
13.03555012,80.24613953,48036,48046,10
13.03579998,80.24624634,48046,48066,20
13.03579998,80.24624634,48066,48076,10
13.03602028,80.24632263,48076,48086,10
13.03664017,80.24643707,48086,48097,11
13.03738976,80.24639893,48097,48107,10
13.03800011,80.24646759,48107,48117,10
13.03866005,80.24671936,48117,48127,10
13.03876972,80.24681091,48127,48137,10
13.03901958,80.24691772,48137,48147,10
13.03942013,80.24698639,48147,48157,10
13.03993988,80.24698639,48157,48167,10
13.04067993,80.24716949,48167,48177,10
13.04150009,80.24727631,48177,48187,10
13.04201031,80.24742889,48187,48197,10
13.04261971,80.24783325,48197,48208,11
13.04308987,80.24810028,48208,48218,10
13.04351997,80.2482605,48218,48228,10
13.0440197,80.24813843,48228,48238,10
13.04436016,80.2480011,48238,48247,9
13.0447197,80.24799347,48247,48258,11
13.04506016,80.24813843,48258,48268,10
13.04553986,80.24826813,48268,48278,10
13.04621983,80.24852753,48278,48288,10
13.0468502,80.24842072,48288,48298,10
13.04693031,80.2484436,48298,48308,10
13.04712963,80.24848175,48308,48319,11
13.04749012,80.24867249,48319,48329,10
13.04776001,80.24887848,48329,48339,10
13.04808044,80.24920654,48339,48349,10
13.04841995,80.24936676,48349,48359,10
13.04926014,80.24960327,48359,48369,10
13.05014992,80.24980164,48369,48379,10
13.0509901,80.25,48379,48389,10
13.05156994,80.25022125,48389,48399,10
13.05206013,80.25061798,48399,48409,10
13.0525198,80.25124359,48409,48420,11
13.0532198,80.25218964,48420,48430,10
13.05377007,80.25296783,48430,48440,10
13.05407047,80.25334167,48440,48450,10
13.05420017,80.25350189,48450,48460,10
13.05438995,80.2537384,48460,48470,10
13.05451012,80.25389099,48470,48480,10
13.05459976,80.25401306,48480,48490,10
13.05461979,80.25404358,48490,48500,10
13.05480003,80.2542572,48500,48510,10
13.05494976,80.25449371,48510,48520,10
13.05513,80.25469971,48520,48531,11
13.05547047,80.25517273,48531,48541,10
13.05585957,80.25572205,48541,48551,10
13.05622959,80.25621796,48551,48561,10
13.05652046,80.25662231,48561,48571,10
13.05704975,80.25711823,48571,48581,10
13.05757999,80.25758362,48581,48591,10
13.05764008,80.25763702,48591,48601,10
13.05780983,80.25772095,48601,48611,10
13.0581398,80.25810242,48611,48621,10
13.05856037,80.25863647,48621,48632,11
13.05891037,80.25904846,48632,48642,10
13.05916023,80.259552,48642,48652,10
13.0596199,80.26010895,48652,48662,10
13.05998993,80.26039124,48662,48672,10
13.06070042,80.26119995,48672,48692,20
13.06070042,80.26119995,48692,48702,10
13.06083012,80.26142883,48702,48712,10
13.06103992,80.2616272,48712,48722,10
13.06118965,80.26180267,48722,48732,10
13.06136036,80.26200867,48732,48743,11
13.06155968,80.26226044,48743,48753,10
13.0618,80.26257324,48753,48763,10
13.06212044,80.26296234,48763,48773,10
13.06254959,80.2634964,48773,48783,10
13.06301975,80.26403809,48783,48793,10
13.06336975,80.26450348,48793,48803,10
13.06361961,80.26496124,48803,48813,10
13.06383038,80.26522827,48813,48823,10
13.06392002,80.26541901,48823,48833,10
13.06410027,80.26566315,48833,48843,10
13.0642004,80.26587677,48843,48854,11
13.06429958,80.26598358,48854,48864,10
13.06443977,80.26615906,48864,48874,10
13.06457043,80.26631927,48874,48884,10
13.06470013,80.26647186,48884,48894,10
13.06482029,80.26663208,48894,48904,10
13.06509018,80.26689148,48904,48914,10
13.06554985,80.26721954,48914,48924,10
13.06579018,80.26748657,48924,48934,10
13.06579018,80.26767731,48934,48944,10
13.06585979,80.26815033,48944,48955,11
13.06595993,80.26863861,48955,48965,10
13.06746006,80.26863098,48965,48975,10
13.06758022,80.26895142,48975,48985,10
13.06801033,80.26920319,48985,48995,10
13.0682497,80.26941681,48995,49004,9
13.06822014,80.26967621,49004,49015,11
13.06809998,80.27018738,49015,49025,10
13.06805992,80.27086639,49025,49035,10
13.06809044,80.27114868,49035,49045,10
13.06816959,80.27142334,49045,49066,21
13.06816959,80.27142334,49066,49076,10
13.06842041,80.27165222,49076,49086,10
13.06861019,80.27185822,49086,49096,10
13.06881046,80.27191925,49096,49106,10
13.06900978,80.27198792,49106,49116,10
13.06927967,80.27220154,49116,49126,10
13.06964016,80.27253723,49126,49136,10
13.07013035,80.27310181,49136,49146,10
13.07046986,80.27353668,49146,49156,10
13.07116032,80.27407074,49156,49177,21
13.07116032,80.27407074,49177,49187,10
13.07133961,80.27414703,49187,49237,50
13.07133961,80.27414703,49237,49247,10
13.07149982,80.27423859,49247,49257,10
13.07186031,80.27443695,49257,49267,10
13.07231998,80.2749176,49267,49278,11
13.0729599,80.27561951,49278,49288,10
13.07353973,80.27619171,49288,49298,10
13.0743103,80.27629852,49298,49308,10
13.07518005,80.27626038,49308,49318,10
13.07598019,80.27622986,49318,49328,10
13.07637978,80.27622223,49328,49338,10
13.07676029,80.27619934,49338,49348,10
13.07721996,80.27616882,49348,49358,10
13.0778904,80.27609253,49358,49368,10
13.07816982,80.27568054,49368,49378,10
13.07837963,80.27523804,49378,49389,11
13.07876968,80.27509308,49389,49399,10
13.07933998,80.27519989,49399,49409,10
13.08008003,80.27529144,49409,49419,10
13.08073997,80.275177,49419,49429,10
13.08145046,80.27507782,49429,49601,172
13.08145046,80.27507782,49601,49611,10
13.08164024,80.27510071,49611,49621,10
13.08185005,80.27522278,49621,49631,10
13.08197021,80.27574158,49631,49681,50
13.08197021,80.27574158,49681,49691,10
13.08181,80.27601624,49691,49701,10
13.08178043,80.27619934,49701,49712,11
13.08181953,80.27668762,49712,49722,10
13.08189964,80.27742004,49722,49732,10
13.08220959,80.27797699,49732,49741,9
13.08261013,80.27796173,49741,49752,11
13.08320045,80.27799988,49752,49762,10
13.08335018,80.27819824,49762,49772,10
13.08353043,80.27870178,49772,49782,10
13.08314037,80.27880096,49782,49792,10
13.08246994,80.27854919,49792,49802,10
13.0819397,80.27818298,49802,49812,10
13.08193016,80.27793121,49812,49823,11
13.08187008,80.2773819,49823,49833,10
13.08166027,80.27655792,49833,49843,10
13.08160019,80.2756424,49843,49853,10
13.08135986,80.27516937,49853,49863,10
13.08100033,80.275177,49863,49873,10
13.08078003,80.2749176,49873,49883,10
13.08043957,80.27436066,49883,49903,20
13.08043957,80.27436066,49903,49913,10
13.07740974,80.27574158,49913,49923,10
13.07740021,80.27620697,49923,49934,11
13.07637978,80.27626801,49934,49950,16
13.07590008,80.27625275,49950,49962,12
13.07604027,80.27596283,49962,50154,192
13.07604027,80.27596283,50154,50164,10
13.07598972,80.27555847,50164,51163,999
13.07598972,80.27555847,51163,51173,10
13.07596016,80.27568054,51173,51183,10
13.07586956,80.27604675,51183,51204,21
13.07586956,80.27604675,51204,51214,10
13.0759697,80.27628326,51214,51224,10
13.07627964,80.27626038,51224,51234,10
13.07680035,80.27626038,51234,51244,10
13.07746029,80.27622223,51244,51254,10
13.07816982,80.27583313,51254,51264,10
13.07866955,80.2751236,51264,51273,9
13.0794096,80.27522278,51273,51284,11
13.08034992,80.27523041,51284,51294,10
13.08104038,80.275177,51294,51345,51
13.08104038,80.275177,51345,51355,10
13.08125019,80.27513885,51355,51365,10
13.08187008,80.27526093,51365,51395,30
13.08187008,80.27526093,51395,51405,10
13.08199024,80.27557373,51405,51446,41
13.08199024,80.27557373,51446,51456,10
13.0819397,80.27588654,51456,51466,10
13.08181953,80.27610016,51466,51476,10
13.08187008,80.27655029,51476,51485,9
13.0819397,80.27709961,51485,51495,10
13.0820303,80.27787018,51495,51506,11
13.08250046,80.27806091,51506,51516,10
13.08312988,80.27809143,51516,51527,11
13.08335972,80.27819824,51527,51537,10
13.08353043,80.27861023,51537,51547,10
13.08321953,80.27883148,51547,51556,9
13.08250999,80.27857971,51556,51597,41
13.08250999,80.27857971,51597,51607,10
13.08236027,80.27850342,51607,51617,10
13.08205986,80.2783432,51617,51627,10
13.08197021,80.2780838,51627,51638,11
13.08185959,80.27726746,51638,51648,10
13.08174992,80.27649689,51648,51658,10
13.08170033,80.27619934,51658,51668,10
13.08168983,80.27616119,51668,51678,10
13.08166027,80.27606201,51678,51688,10
13.08162022,80.27594757,51688,51698,10
13.08156013,80.27574921,51698,51708,10
13.08154011,80.27567291,51708,51718,10
13.08152008,80.27554321,51718,51728,10
13.08148003,80.27536011,51728,51738,10
13.08139992,80.27516174,51738,51749,11
13.08084965,80.27519989,51749,51759,10
13.07999992,80.27529907,51759,51769,10
13.07901001,80.27519226,51769,51779,10
13.0782299,80.27567291,51779,51789,10
13.07756996,80.27620697,51789,51799,10
13.07670975,80.27626038,51799,51809,10
13.07577038,80.27631378,51809,51819,10
13.07466984,80.27633667,51819,51829,10
13.07367039,80.27642822,51829,51839,10
13.07308006,80.27587891,51839,51850,11
13.07198048,80.27471161,51850,51900,50
13.07198048,80.27471161,51900,51910,10
13.07190037,80.27462769,51910,51920,10
13.07141018,80.27445984,51920,51930,10
13.07071018,80.27422333,51930,51940,10
13.07061958,80.27409363,51940,51950,10
13.07059002,80.27397919,51950,51961,11
13.07046032,80.27362823,51961,51971,10
13.07021999,80.27324677,51971,51981,10
13.06980038,80.27277374,51981,51991,10
13.06931973,80.27229309,51991,52001,10
13.06904984,80.27201843,52001,52011,10
13.06861973,80.27191162,52011,52021,10
13.06820011,80.27159119,52021,52031,10
13.06787968,80.27113342,52031,52041,10
13.06758022,80.27072144,52041,52051,10
13.06725025,80.27037811,52051,52061,10
13.0668602,80.27001953,52061,52072,11
13.06653976,80.26954651,52072,52082,10
13.06647015,80.26912689,52082,52092,10
13.0664196,80.26866913,52092,52108,16
13.06610012,80.26808167,52108,52120,12
13.06577969,80.26773071,52120,52130,10
13.06556988,80.26763153,52130,52160,30
13.06556988,80.26763153,52160,52170,10
13.06540012,80.26763916,52170,52181,11
13.06521034,80.26763916,52181,52191,10
13.06509972,80.26760864,52191,52200,9
13.0646801,80.26753235,52200,52211,11
13.06412029,80.26738739,52211,52222,11
13.0636301,80.26732635,52222,52232,10
13.0632,80.26725769,52232,52242,10
13.06276989,80.26718903,52242,52252,10
13.06237984,80.26674652,52252,52262,10
13.06196976,80.26624298,52262,52272,10
13.06159019,80.26573181,52272,52283,11
13.06120014,80.26525116,52283,52293,10
13.06107044,80.26515198,52293,52303,10
13.06077003,80.26515961,52303,52312,9
13.06035995,80.26540375,52312,52323,11
13.05965996,80.26557922,52323,52333,10
13.05902958,80.26554108,52333,52343,10
13.05846977,80.26550293,52343,52353,10
13.05807018,80.26499176,52353,52363,10
13.05797958,80.26426697,52363,52373,10
13.05788994,80.26364899,52373,52383,10
13.05780983,80.26293945,52383,52394,11
13.05772018,80.26242065,52394,52404,10
13.0576601,80.26196289,52404,52414,10
13.05757999,80.26155853,52414,52424,10
13.05751991,80.2612381,52424,52434,10
13.05743027,80.26075745,52434,52450,16
13.05708981,80.25965881,52450,52462,12
13.05681992,80.25884247,52462,52472,10
13.05669022,80.25852966,52472,52482,10
13.05659962,80.25814056,52482,52492,10
13.05657005,80.25795746,52492,52503,11
13.05655003,80.25772095,52503,52513,10
13.05648041,80.25733185,52513,52523,10
13.05644035,80.25726318,52523,52533,10
13.05638981,80.25691986,52533,52543,10
13.05626965,80.25637054,52543,52553,10
13.05587959,80.25579071,52553,52562,9
13.05539989,80.25514984,52562,52572,10
13.05478954,80.25431824,52572,52583,11
13.05418968,80.25351715,52583,52593,10
13.05372047,80.25282288,52593,52604,11
13.05331993,80.25228119,52604,52614,10
13.05274963,80.25154114,52614,52624,10
13.05212021,80.25070953,52624,52634,10
13.05148029,80.25019073,52634,52644,10
13.05053043,80.24992371,52644,52652,8
13.04967022,80.24977875,52652,52664,12
13.04874039,80.24968719,52664,52674,10
13.04825974,80.24951172,52674,52684,10
13.0478096,80.24912262,52684,52694,10
13.04710007,80.24861908,52694,52704,10
13.04706955,80.24858856,52704,52715,11
13.04699993,80.24858093,52715,52724,9
13.04671955,80.2485199,52724,52735,11
13.04627991,80.2484436,52735,52745,10
13.0454998,80.24822235,52745,52754,9
13.04475021,80.24800873,52754,52765,11
13.04382038,80.24784851,52765,52775,10
13.04300976,80.24780273,52775,52785,10
13.04211998,80.24765778,52785,52795,10
13.04106998,80.24736023,52795,52805,10
13.03999996,80.24710083,52805,52815,10
13.03964996,80.24703979,52815,52826,11
13.03923988,80.2469635,52826,52836,10
13.03866005,80.24685669,52836,52846,10
13.03798962,80.24674225,52846,52856,10
13.03730011,80.24659729,52856,52866,10
13.03649998,80.24643707,52866,52875,9
13.03598976,80.24632263,52875,52886,11
13.0357399,80.24623871,52886,52896,10
13.03518963,80.24597931,52896,52916,20
13.03518963,80.24597931,52916,52926,10
13.03507042,80.24591827,52926,52937,11
13.03474045,80.24546051,52937,52947,10
13.03427982,80.24488831,52947,52957,10
13.03376007,80.24430084,52957,52967,10
13.03308964,80.24346924,52967,52977,10
13.03244019,80.24256134,52977,52987,10
13.03192997,80.24186707,52987,52997,10
13.03153038,80.2410202,52997,53048,51
13.03153038,80.2410202,53048,53058,10
13.0313797,80.24064636,53058,53068,10
13.03112984,80.24006653,53068,53078,10
13.03077984,80.23931122,53078,53088,10
13.03028011,80.2384491,53088,53098,10
13.02974033,80.23750305,53098,53108,10
13.02912998,80.23677826,53108,53118,10
13.02867985,80.23628235,53118,53127,9
13.02818012,80.23570251,53127,53138,11
13.02760983,80.2348175,53138,53149,11
13.02705956,80.23390961,53149,53159,10
13.02657032,80.23313904,53159,53199,40
13.02657032,80.23313904,53199,53209,10
13.02647972,80.23300934,53209,53219,10
13.02624989,80.2325592,53219,53229,10
13.02608967,80.23206329,53229,53239,10
13.02604008,80.23181915,53239,53249,10
13.02593994,80.23135376,53249,53260,11
13.02581978,80.23087311,53260,53270,10
13.02552032,80.23021698,53270,53280,10
13.02501011,80.22950745,53280,53290,10
13.02458,80.22898102,53290,53300,10
13.02431011,80.22865295,53300,53310,10
13.02429008,80.22863007,53310,53320,10
13.02423,80.22855377,53320,53330,10
13.02394962,80.22820282,53330,53350,20
13.02394962,80.22820282,53350,53360,10
13.02390957,80.22811127,53360,53371,11
13.02361012,80.22775269,53371,53380,9
13.02326965,80.22741699,53380,53401,21
13.02326965,80.22741699,53401,53411,10
13.0230999,80.22724152,53411,53421,10
13.02276039,80.22693634,53421,53431,10
13.02227974,80.22644806,53431,53441,10
13.02159977,80.22589874,53441,53451,10
13.02073002,80.22525787,53451,53461,10
13.02035999,80.22502899,53461,53472,11
13.02023029,80.2249527,53472,53482,10
13.01980019,80.22463989,53482,53492,10
13.01906013,80.22444916,53492,53502,10
13.0181303,80.22476196,53502,53512,10
13.01710987,80.22514343,53512,53522,10
13.01640987,80.22544098,53522,53532,10
13.01601982,80.22556305,53532,53542,10
13.01550961,80.22576141,53542,53552,10
13.0148201,80.22602844,53552,53562,10
13.01432991,80.22622681,53562,53572,10
13.01428986,80.22625732,53572,53583,11
13.01377964,80.2264328,53583,53593,10
13.01298046,80.22673035,53593,53603,10
13.01196957,80.22711945,53603,53613,10
13.01082039,80.22759247,53613,53623,10
13.00957012,80.22814178,53623,53633,10
13.00903034,80.22911835,53633,53643,10
13.00877953,80.23039246,53643,53653,10
13.00852013,80.2317276,53653,53663,10
13.00829983,80.23293304,53663,53679,16
13.00819016,80.23365021,53679,53692,13
13.00806046,80.23400116,53692,53702,10
13.00794029,80.23457336,53702,53711,9
13.00771999,80.23565674,53711,53722,11
13.00747967,80.23703003,53722,53732,10
13.00722027,80.2382431,53732,53742,10
13.00697994,80.23934174,53742,53752,10
13.00683022,80.24017334,53752,53762,10
13.00667953,80.24093628,53762,53772,10
13.00662041,80.24205017,53772,53782,10
13.00662041,80.24295807,53782,53793,11
13.00662994,80.24342346,53793,53803,10
13.00660038,80.24382019,53803,53813,10
13.00660038,80.24429321,53813,53823,10
13.00660992,80.24447632,53823,53833,10
13.00662994,80.24503326,53833,53843,10
13.00664043,80.24545288,53843,53853,10
13.00666046,80.24607849,53853,53863,10
13.00669003,80.24665833,53863,53873,10
13.00666046,80.2472229,53873,53954,81
13.00666046,80.2472229,53954,53964,10
13.0065403,80.24736023,53964,53974,10
13.00613976,80.24739838,53974,53984,10
13.00609016,80.24738312,53984,53994,10
13.00592041,80.24733734,53994,54004,10
13.00535965,80.24732971,54004,54015,11
13.00438023,80.24739075,54015,54025,10
13.00325966,80.24755096,54025,54035,10
13.00207043,80.24777985,54035,54045,10
13.00086021,80.24810791,54045,54055,10
12.99964046,80.24842834,54055,54065,10
12.99827957,80.24875641,54065,54075,10
12.99676991,80.24912262,54075,54085,10
12.99522018,80.24951935,54085,54095,10
12.99378014,80.24996185,54095,54105,10
12.99221039,80.25029755,54105,54115,10
12.99069977,80.2506485,54115,54126,11
12.98917961,80.25102997,54126,54136,10
12.98851967,80.25122833,54136,54145,9
12.98838043,80.25128937,54145,54156,11
12.98824024,80.25131989,54156,54166,10
12.98797989,80.2513504,54166,54176,10
12.98756981,80.25144958,54176,54186,10
12.98696041,80.25164032,54186,54196,10
12.98630047,80.25180817,54196,54206,10
12.98548031,80.2519989,54206,54216,10
12.98443985,80.25228119,54216,54227,11
12.9832201,80.25256348,54227,54237,10
12.98194027,80.25263977,54237,54247,10
12.98058987,80.25267792,54247,54257,10
12.9800396,80.25269318,54257,54267,10
12.97963047,80.25267792,54267,54277,10
12.97904968,80.25263977,54277,54287,10
12.97848034,80.25251007,54287,54297,10
12.97844982,80.25247955,54297,54307,10
12.97811985,80.25222778,54307,54317,10
12.97754002,80.25170898,54317,54327,10
12.9766798,80.25126648,54327,54338,11
12.97539997,80.25089264,54338,54348,10
12.97406006,80.25048828,54348,54358,10
12.97268963,80.25012207,54358,54368,10
12.97148037,80.24978638,54368,54378,10
12.97017956,80.2494278,54378,54388,10
12.96895981,80.24893951,54388,54404,16
12.96728992,80.2482605,54404,54416,12
12.96673965,80.24796295,54416,54424,8
12.96638966,80.24780273,54424,54436,12
12.96558952,80.24748993,54436,54446,10
12.96502972,80.24729919,54446,54457,11
12.96490955,80.24723816,54457,54467,10
12.96442986,80.24707794,54467,54477,10
12.96366978,80.24681854,54477,54507,30
12.96366978,80.24681854,54507,54517,10
12.96362019,80.24681091,54517,54527,10
12.96317959,80.24655914,54527,54537,10
12.96238995,80.24616241,54537,54547,10
12.96137047,80.24565887,54547,54548,1
12.96125984,80.2456131,54548,54588,40
12.95843983,80.24429321,54588,54598,10
12.95765972,80.24398041,54598,54608,10
12.95676994,80.24363708,54608,54628,20
12.95664978,80.24360657,54628,54714,86
12.95664978,80.24360657,54714,54724,10
12.95592022,80.2432785,54724,54734,10
12.9551096,80.24295807,54734,54744,10
12.9541502,80.24259186,54744,54754,10
12.95335007,80.24226379,54754,54764,10
12.95240021,80.24188232,54764,54775,11
12.95168018,80.24163818,54775,54785,10
12.95164013,80.24162292,54785,54795,10
12.95131016,80.24152374,54795,54805,10
12.9506197,80.2412796,54805,54815,10
12.9493103,80.24089813,54815,54845,30
12.9493103,80.24089813,54845,54855,10
12.94904995,80.24079895,54855,54865,10
12.94859982,80.24060822,54865,54875,10
12.94785976,80.24031067,54875,54886,11
12.94715023,80.24002075,54886,54896,10
12.9471302,80.24001312,54896,54906,10
12.94703007,80.23995209,54906,54916,10
12.94666004,80.2397995,54916,54926,10
12.94600964,80.23954773,54926,54936,10
12.94519997,80.23908234,54936,54946,10
12.94437981,80.23825073,54946,54956,10
12.94357967,80.23735046,54956,54966,10
12.94289017,80.23671722,54966,54976,10
12.94180012,80.23629761,54976,54987,11
12.94036007,80.23596191,54987,54997,10
12.93972969,80.23574829,54997,55007,10
12.93968964,80.23571014,55007,55017,10
12.93922043,80.23545837,55017,55027,10
12.93848038,80.23510742,55027,55037,10
12.93758965,80.23470306,55037,55047,10
12.93653011,80.23415375,55047,55057,10
12.93591976,80.23387909,55057,55067,10
12.93564034,80.23374176,55067,55077,10
12.93509007,80.23349762,55077,55087,10
12.93420982,80.23313141,55087,55098,11
12.93379974,80.23290253,55098,55108,10
12.93373013,80.23287964,55108,55118,10
12.93325043,80.23267365,55118,55128,10
12.93247032,80.23236084,55128,55138,10
12.93146038,80.23197937,55138,55148,10
12.93021965,80.23162079,55148,55158,10
12.92930031,80.23139191,55158,55168,10
12.92887974,80.2313385,55168,55178,10
12.92852974,80.23124695,55178,55188,10
12.92792034,80.23114777,55188,55198,10
12.92700005,80.23105621,55198,55209,11
12.9260397,80.23095703,55209,55219,10
12.92537022,80.23090363,55219,55229,10
12.92459965,80.23079681,55229,55239,10
12.92366028,80.23068237,55239,55249,10
12.92249966,80.2305069,55249,55259,10
12.92113972,80.2303009,55259,55269,10
12.91961002,80.23011017,55269,55279,10
12.91800976,80.22989655,55279,55289,10
12.91641045,80.22968292,55289,55299,10
12.91481972,80.22944641,55299,55310,11
12.91345024,80.22930145,55310,55320,10
12.91333008,80.22928619,55320,55330,10
12.91300011,80.22923279,55330,55340,10
12.91226959,80.22910309,55340,55350,10
12.91125965,80.22895813,55350,55360,10
12.91001034,80.22873688,55360,55370,10
12.90863037,80.228508,55370,55380,10
12.90750027,80.22834778,55380,55390,10
12.90694046,80.22827911,55390,55400,10
12.90625,80.22821045,55400,55410,10
12.90538979,80.22820282,55410,55421,11
12.90433025,80.22811127,55421,55431,10
12.90375996,80.22810364,55431,55441,10
12.90295982,80.22807312,55441,55451,10
12.90200996,80.22801208,55451,55461,10
12.90137959,80.22801971,55461,55481,20
12.90137959,80.22801971,55481,55491,10
12.90120029,80.22792816,55491,55501,10
12.90089035,80.2279129,55501,55517,16
12.90021992,80.2278595,55517,55530,13
12.89949036,80.2278595,55530,55560,30
12.89949036,80.2278595,55560,55570,10
12.89908028,80.22779846,55570,55580,10
12.89842987,80.22776031,55580,55590,10
12.8973999,80.22772217,55590,55600,10
12.89628983,80.22769165,55600,55610,10
12.8950901,80.22763824,55610,55621,11
12.89379978,80.22756195,55621,55631,10
12.89251995,80.22738647,55631,55692,61
12.89251995,80.22738647,55692,55702,10
12.89223957,80.22736359,55702,55712,10
12.89153957,80.2273407,55712,55722,10
12.89056969,80.2273407,55722,55732,10
12.88941956,80.2273407,55732,55743,11
12.88821983,80.22733307,55743,55753,10
12.88708973,80.22718048,55753,55763,10
12.88582993,80.22689056,55763,55773,10
12.88492966,80.22676086,55773,55783,10
12.88479042,80.22673035,55783,55793,10
12.8844099,80.22673035,55793,55803,10
12.88389969,80.22663879,55803,55813,10
12.88317966,80.22670746,55813,55823,10
12.88216019,80.22673035,55823,55833,10
12.88096046,80.22673798,55833,55843,10
12.87977982,80.22673035,55843,55854,11
12.87829971,80.2268219,55854,55864,10
12.87703037,80.22693634,55864,55874,10
12.87644958,80.22704315,55874,55884,10
12.87640953,80.22702789,55884,55894,10
12.87611008,80.22702026,55894,55904,10
12.87547016,80.22696686,55904,55914,10
12.87452984,80.22686005,55914,55924,10
12.87337017,80.22673035,55924,55934,10
12.87261963,80.22672272,55934,55944,10
12.87261009,80.22672272,55944,55955,11
12.87219048,80.22669983,55955,55965,10
12.87143993,80.22666168,55965,55975,10
12.87045956,80.22660828,55975,55985,10
12.86942959,80.22647858,55985,55995,10
12.86800003,80.22638702,55995,56005,10
12.86674023,80.22650909,56005,56015,10
12.86532021,80.22660065,56015,56025,10
12.86388969,80.22654724,56025,56035,10
12.86236,80.2265625,56035,56045,10
12.86112022,80.22657776,56045,56055,10
12.86096001,80.22659302,56055,56066,11
12.86069012,80.2265625,56066,56076,10
12.85997009,80.22644806,56076,56086,10
12.85902977,80.22631836,56086,56096,10
12.85820961,80.22624207,56096,56106,10
12.85725021,80.22627258,56106,56116,10
12.85612011,80.22638702,56116,56126,10
12.85507965,80.22650909,56126,56136,10
12.85332966,80.22669983,56136,56146,10
12.85173988,80.22664642,56146,56156,10
12.85023022,80.22657776,56156,56166,10
12.84866047,80.22657013,56166,56177,11
12.84696007,80.22659302,56177,56187,10
12.84593964,80.22660828,56187,56197,10
12.84558964,80.22660065,56197,56207,10
12.84554958,80.22654724,56207,56217,10
12.84527016,80.22657776,56217,56227,10
12.84479046,80.22666931,56227,56237,10
12.84377956,80.22664642,56237,56247,10
12.84280968,80.22683716,56247,56257,10
12.84160042,80.22711945,56257,56267,10
12.84047985,80.22744751,56267,56278,11
12.83992958,80.22769165,56278,56288,10
12.83973026,80.22776031,56288,56298,10
12.83953953,80.22782898,56298,56308,10
12.83895016,80.22792053,56308,56318,10
12.83806992,80.22810364,56318,56328,10
12.83697987,80.22827911,56328,56338,10
12.83568954,80.22846985,56338,56348,10
12.83423996,80.22870636,56348,56358,10
12.83286953,80.22898102,56358,56368,10
12.8322401,80.22911072,56368,56378,10
12.83218002,80.22910309,56378,56389,11
12.83176041,80.2292099,56389,56399,10
12.83100033,80.22942352,56399,56409,10
12.82999039,80.22982788,56409,56419,10
12.82882023,80.2303009,56419,56429,10
12.8275404,80.23101807,56429,56439,10
12.8260498,80.23139191,56439,56449,10
12.82450008,80.23135376,56449,56459,10
12.82301998,80.23091888,56459,56469,10
12.82147026,80.23049927,56469,56479,10
12.81987953,80.23047638,56479,56489,10
12.81877995,80.2304306,56489,56500,11
12.81812954,80.23013306,56500,56510,10
12.81729984,80.22975922,56510,56520,10
12.81622982,80.22946167,56520,56530,10
12.81492996,80.22930145,56530,56540,10
12.81361961,80.22901154,56540,56550,10
12.81241035,80.22859192,56550,56560,10
12.81110954,80.22814178,56560,56570,10
12.80982018,80.22757721,56570,56580,10
12.80865955,80.22686005,56580,56590,10
12.80762005,80.2259903,56590,56601,11
12.80677986,80.22524261,56601,56611,10
12.80609989,80.224617,56611,56621,10
12.80541992,80.22408295,56621,56631,10
12.80504036,80.22398376,56631,56641,10
12.80500031,80.22396851,56641,56651,10
12.80459023,80.22389984,56651,56661,10
12.80379963,80.22384644,56661,56671,10
12.80284977,80.22376251,56671,56681,10
12.80167007,80.22361755,56681,56691,10
12.80107975,80.22358704,56691,56701,10
12.80088997,80.22355652,56701,56712,11
12.80020046,80.22348785,56712,56722,10
12.79930019,80.22341919,56722,56732,10
12.79811954,80.22328186,56732,56742,10
12.79685974,80.22310638,56742,56752,10
12.79588032,80.22296143,56752,56762,10
12.79576015,80.22293854,56762,56772,10
12.7953701,80.22286224,56772,56782,10
12.79458046,80.22270203,56782,56792,10
12.79351044,80.22254944,56792,56802,10
12.79230022,80.22234344,56802,56813,11
12.79082012,80.22197723,56813,56823,10
12.78960991,80.2216568,56823,56833,10
12.78919029,80.22148132,56833,56843,10
12.78855991,80.22122955,56843,56853,10
12.78777981,80.22093201,56853,56863,10
12.78682041,80.22058105,56863,56883,20
12.78682041,80.22058105,56883,56893,10
12.78649998,80.22044373,56893,56903,10
12.7864399,80.22041321,56903,56920,17
12.78612041,80.2203064,56920,56932,12
12.78592014,80.22022247,56932,56942,10
12.78559017,80.22006226,56942,56952,10
12.78462982,80.21958923,56952,56982,30
12.78462982,80.21958923,56982,56992,10
12.78427982,80.21936035,56992,57002,10
12.78361988,80.2190094,57002,57012,10
12.78279018,80.21855164,57012,57022,10
12.78176975,80.21798706,57022,57032,10
12.78061962,80.21736145,57032,57043,11
12.7791996,80.21659851,57043,57053,10
12.77777958,80.21589661,57053,57063,10
12.77624035,80.21526337,57063,57073,10
12.77464962,80.2146225,57073,57083,10
12.77307034,80.21398926,57083,57093,10
12.77157021,80.21343231,57093,57103,10
12.77027988,80.21295929,57103,57113,10
12.76887035,80.21246338,57113,57123,10
12.76751995,80.21198273,57123,57133,10
12.76585007,80.21137238,57133,57144,11
12.76422024,80.21079254,57144,57154,10
12.76315022,80.21041107,57154,57164,10
12.76218033,80.21002197,57164,57174,10
12.76101971,80.20950317,57174,57184,10
12.75994015,80.2089386,57184,57194,10
12.75971985,80.20881653,57194,57204,10
12.75944042,80.20865631,57204,57214,10
12.7589798,80.20841217,57214,57224,10
12.7580204,80.20787811,57224,57234,10
12.75704002,80.20733643,57234,57244,10
12.75588989,80.20670319,57244,57255,11
12.75446033,80.20591736,57255,57265,10
12.75306988,80.20516205,57265,57275,10
12.75179005,80.20449829,57275,57285,10
12.75140953,80.20430756,57285,57295,10
12.75123978,80.20422363,57295,57305,10
12.75070953,80.20394897,57305,57315,10
12.74991035,80.20352936,57315,57325,10
12.74888992,80.20301056,57325,57335,10
12.74771976,80.20240021,57335,57345,10
12.74641037,80.20172119,57345,57356,11
12.74489975,80.20091248,57356,57366,10
12.74376011,80.19979858,57366,57376,10
12.74273014,80.19862366,57376,57386,10
12.74190998,80.19763947,57386,57396,10
12.74184036,80.1975174,57396,57406,10
12.74166012,80.19728088,57406,57416,10
12.74129009,80.19670105,57416,57426,10
12.74075985,80.19593048,57426,57436,10
12.74011993,80.19506073,57436,57446,10
12.73937988,80.19403076,57446,57456,10
12.7385397,80.19288635,57456,57467,11
12.73736954,80.19167328,57467,57477,10
12.73624039,80.1905365,57477,57487,10
12.73513985,80.18968964,57487,57497,10
12.73392963,80.18948364,57497,57507,10
12.73254967,80.18932343,57507,57517,10
12.73132038,80.18910217,57517,57527,10
12.73001957,80.18895721,57527,57547,20
12.73001957,80.18895721,57547,57557,10
12.72994041,80.18894958,57557,57567,10
12.72949982,80.18891907,57567,57578,11
12.72856998,80.18878937,57578,57588,10
12.72754002,80.18847656,57588,57598,10
12.72646999,80.18824005,57598,57608,10
12.72562981,80.18808746,57608,57618,10
12.7249403,80.18798065,57618,57638,20
12.7249403,80.18798065,57638,57648,10
12.72480011,80.1879425,57648,57658,10
12.72455025,80.18788147,57658,57668,10
12.72404957,80.18778229,57668,57679,11
12.72315979,80.18753815,57679,57689,10
12.72222996,80.18755341,57689,57729,40
12.72222996,80.18755341,57729,57739,10
12.72212982,80.18789673,57739,57749,10
12.72204971,80.18766022,57749,58264,515
12.72204971,80.18766022,58264,58274,10
12.72212029,80.18733978,58274,59546,1272
12.72212029,80.18733978,59546,59556,10
12.72226048,80.18730164,59556,59566,10
12.72239017,80.18733978,59566,59576,10
12.72268963,80.18743134,59576,59586,10
12.72313023,80.18756104,59586,59597,11
12.72379971,80.1877594,59597,59607,10
12.7244997,80.1879425,59607,59617,10
12.72463989,80.18795776,59617,59627,10
12.72502995,80.18802643,59627,59637,10
12.72558975,80.18814087,59637,59647,10
12.7264204,80.18826294,59647,59657,10
12.72751999,80.18852234,59657,59667,10
12.72854042,80.18881989,59667,59677,10
12.72945976,80.18894196,59677,59687,10
12.72976017,80.18895721,59687,59698,11
12.72984982,80.1889801,59698,59708,10
12.7302103,80.18900299,59708,59718,10
12.73087978,80.18908691,59718,59728,10
12.73192024,80.18921661,59728,59738,10
12.73311996,80.18942261,59738,59748,10
12.7344799,80.18953705,59748,59758,10
12.73583031,80.19006348,59758,59768,10
12.73694992,80.19119263,59768,59778,10
12.73814011,80.19236755,59778,59788,10
12.73921013,80.19371796,59788,59798,10
12.74015999,80.19502258,59798,59809,11
12.74110031,80.19628143,59809,59819,10
12.74188995,80.19741058,59819,59829,10
12.74273968,80.19850159,59829,59839,10
12.74376965,80.19970703,59839,59849,10
12.74481964,80.20082092,59849,59859,10
12.74621964,80.20159912,59859,59869,10
12.74775982,80.20237732,59869,59879,10
12.74923992,80.20314026,59879,59889,10
12.75067997,80.20387268,59889,59899,10
12.75203991,80.20458221,59899,59909,10
12.75352001,80.20533752,59909,59920,11
12.75502014,80.2061615,59920,59930,10
12.75638008,80.20690918,59930,59940,10
12.75761986,80.20760345,59940,59950,10
12.75905037,80.20838165,59950,59960,10
12.76054955,80.20919037,59960,59970,10
12.76204014,80.20989227,59970,59980,10
12.76360989,80.21051788,59980,59990,10
12.76523018,80.21112061,59990,60000,10
12.76696014,80.21174622,60000,60010,10
12.76850986,80.2122879,60010,60020,10
12.76980019,80.21272278,60020,60031,11
12.77118015,80.21321869,60031,60041,10
12.7722702,80.21363831,60041,60051,10
12.77367973,80.21418762,60051,60061,10
12.77528,80.21485138,60061,60071,10
12.77690983,80.21552277,60071,60081,10
12.77847004,80.21617889,60081,60091,10
12.77972031,80.21681976,60091,60101,10
12.78040028,80.2171936,60101,60111,10
12.78083992,80.21742249,60111,60121,10
12.78166962,80.21790314,60121,60137,16
12.78334999,80.21878815,60137,60150,13
12.78450012,80.21949005,60150,60160,10
12.78586006,80.2201767,60160,60179,19
12.78586006,80.2201767,60179,60190,11
12.78598976,80.22026062,60190,60200,10
12.78616047,80.22032928,60200,60241,41
12.78616047,80.22032928,60241,60251,10
12.78649044,80.22045898,60251,60271,20
12.78649044,80.22045898,60271,60281,10
12.78680038,80.22058868,60281,60291,10
12.78724957,80.22075653,60291,60301,10
12.78773022,80.22093964,60301,60311,10
12.78816032,80.22112274,60311,60321,10
12.78862953,80.22129822,60321,60331,10
12.78913021,80.22148132,60331,60341,10
12.78958988,80.22164154,60341,60352,11
12.79026031,80.2218399,60352,60362,10
12.79121971,80.22206879,60362,60372,10
12.79244995,80.22236633,60372,60382,10
12.79370022,80.22254181,60382,60391,9
12.79485035,80.22270966,60391,60401,10
12.7960701,80.22293854,60401,60412,11
12.79664993,80.22302246,60412,60422,10
12.79699039,80.22309113,60422,60432,10
12.79796028,80.22324371,60432,60442,10
12.79928017,80.22338867,60442,60452,10
12.80082035,80.22351837,60452,60463,11
12.80152035,80.22357941,60463,60473,10
12.80179977,80.22361755,60473,60483,10
12.8026104,80.22371674,60483,60493,10
12.80362034,80.22383881,60493,60503,10
12.80471039,80.22393799,60503,60513,10
12.80552006,80.22412109,60513,60523,10
12.80560017,80.22419739,60523,60539,16
12.80657005,80.22499847,60539,60551,12
12.80776024,80.22602844,60551,60559,8
12.8087101,80.22679901,60559,60572,13
12.81025982,80.22775269,60572,60582,10
12.81165981,80.22830963,60582,60592,10
12.81334019,80.22889709,60592,60601,9
12.81490993,80.22927094,60601,60612,11
12.81690025,80.22958374,60612,60622,10
12.81830025,80.2301712,60622,60632,10
12.81956005,80.23046112,60632,60642,10
12.81980038,80.23045349,60642,60652,10
12.82015991,80.23045349,60652,60662,10
12.82106972,80.23043823,60662,60672,10
12.82233047,80.23062134,60672,60683,11
12.82386971,80.23108673,60683,60693,10
12.82520008,80.23136902,60693,60703,10
12.82668972,80.23127747,60703,60713,10
12.82810974,80.23068237,60713,60723,10
12.82931042,80.23005676,60723,60733,10
12.83045006,80.229599,60733,60743,10
12.83108997,80.22933197,60743,60753,10
12.83113956,80.22933197,60753,60763,10
12.83152008,80.2292099,60763,60773,10
12.83211994,80.22907257,60773,60783,10
12.83296967,80.22889709,60783,60794,11
12.83428001,80.2286911,60794,60810,16
12.83658028,80.22833252,60810,60822,12
12.83831978,80.22801208,60822,60831,9
12.83911037,80.22776031,60831,60852,21
12.83932018,80.22767639,60852,60882,30
12.83932018,80.22767639,60882,60893,11
12.84002018,80.22754669,60893,60903,10
12.84084034,80.2273407,60903,60913,10
12.84187984,80.22705841,60913,60923,10
12.84309959,80.22682953,60923,60933,10
12.84440041,80.22662354,60933,60943,10
12.84541988,80.2265625,60943,60963,20
12.84541988,80.2265625,60963,60973,10
12.84560013,80.22660065,60973,60983,10
12.84605026,80.22659302,60983,60993,10
12.84673023,80.22657776,60993,61004,11
12.84790993,80.2265625,61004,61014,10
12.84926033,80.2265625,61014,61024,10
12.85060024,80.2265625,61024,61040,16
12.85297012,80.22666168,61040,61052,12
12.85486031,80.22648621,61052,61062,10
12.85620022,80.22634888,61062,61072,10
12.85813999,80.22619629,61072,61082,10
12.85958004,80.22634125,61082,61092,10
12.86071968,80.22650146,61092,61102,10
12.86081982,80.22653198,61102,61113,11
12.86108017,80.22647095,61113,61123,10
12.86194038,80.22648621,61123,61133,10
12.86308956,80.22647858,61133,61143,10
12.86441994,80.22650146,61143,61153,10
12.86610031,80.22653198,61153,61163,10
12.86758995,80.22640991,61163,61173,10
12.86894035,80.22638702,61173,61183,10
12.87018967,80.22654724,61183,61193,10
12.87168026,80.22663879,61193,61203,10
12.87242031,80.22662354,61203,61214,11
12.87289047,80.22660828,61214,61224,10
12.87298012,80.22662354,61224,61234,10
12.87355995,80.22664642,61234,61244,10
12.87452984,80.22679138,61244,61254,10
12.87567997,80.22692108,61254,61264,10
12.87623978,80.22692871,61264,61274,10
12.87677956,80.22688293,61274,61294,20
12.87677956,80.22688293,61294,61304,10
12.87695026,80.22686768,61304,61321,17
12.87845039,80.22675323,61321,61333,12
12.88004017,80.2266922,61333,61343,10
12.88142014,80.22667694,61343,61353,10
12.88282013,80.22666168,61353,61363,10
12.88411999,80.22663879,61363,61373,10
12.88500023,80.22663116,61373,61383,10
12.88518047,80.22664642,61383,61393,10
12.88533974,80.22667694,61393,61403,10
12.88605976,80.22685242,61403,61413,10
12.88698959,80.22712708,61413,61423,10
12.88805962,80.22730255,61423,61434,11
12.88926029,80.2273407,61434,61444,10
12.89050961,80.22731781,61444,61453,9
12.89157963,80.22730255,61453,61464,11
12.89185047,80.22727966,61464,61474,10
12.89229965,80.2273407,61474,61484,10
12.89288998,80.22737122,61484,61494,10
12.89360046,80.22747803,61494,61504,10
12.89404964,80.22756195,61504,61514,10
12.8944397,80.22762299,61514,61524,10
12.89525986,80.22763062,61524,61535,11
12.89647961,80.22767639,61535,61545,10
12.8977499,80.22772217,61545,61555,10
12.8991003,80.22781372,61555,61565,10
12.90028,80.22788239,61565,61575,10
12.90112972,80.22792053,61575,61585,10
12.90147972,80.22792816,61585,61595,10
12.90186977,80.22792816,61595,61605,10
12.90248966,80.22795105,61605,61615,10
12.90266037,80.22795868,61615,61625,10
12.90279961,80.22796631,61625,61635,10
12.90330982,80.22801208,61635,61646,11
12.90408039,80.22805023,61646,61656,10
12.90429974,80.22805786,61656,61666,10
12.90478039,80.22810364,61666,61684,18
12.90534973,80.2281189,61684,61696,12
12.90569973,80.22815704,61696,61706,10
12.90596962,80.2281723,61706,61716,10
12.90631962,80.22817993,61716,61726,10
12.90668011,80.22820282,61726,61736,10
12.90690041,80.22821808,61736,61746,10
12.90690994,80.22823334,61746,61757,11
12.90734959,80.22830963,61757,61766,9
12.90799999,80.22840118,61766,61777,11
12.90907001,80.22857666,61777,61787,10
12.91028023,80.22878265,61787,61797,10
12.91162968,80.22899628,61797,61807,10
12.91298008,80.22917938,61807,61817,10
12.91386986,80.22924805,61817,61827,10
12.91394997,80.22924805,61827,61837,10
12.91419029,80.22927094,61837,61847,10
12.91479969,80.22937012,61847,61858,11
12.91580963,80.22953796,61858,61868,10
12.91689968,80.22969055,61868,61878,10
12.91757011,80.22978973,61878,61888,10
12.91835022,80.22989655,61888,61898,10
12.91921997,80.23000336,61898,61908,10
12.91942978,80.23002625,61908,61918,10
12.91998959,80.23011017,61918,61928,10
12.92086029,80.23023224,61928,61938,10
12.92191982,80.2303772,61938,61948,10
12.92317009,80.23058319,61948,61958,10
12.92459011,80.2307663,61958,61969,11
12.92599964,80.23090363,61969,61979,10
12.92630005,80.23092651,61979,61989,10
12.92636013,80.2309494,61989,61999,10
12.92671967,80.23097229,61999,62009,10
12.92739964,80.23103333,62009,62019,10
12.92829037,80.23119354,62019,62029,10
12.92932034,80.2313385,62029,62039,10
12.93052006,80.23165894,62039,62049,10
12.93183994,80.23200226,62049,62059,10
12.93319988,80.23249817,62059,62070,11
12.93360043,80.23265839,62070,62080,10
12.93367004,80.23271942,62080,62090,10
12.93389034,80.23285675,62090,62100,10
12.93469048,80.23322296,62100,62110,10
12.93558025,80.23364258,62110,62120,10
12.93663025,80.23413849,62120,62130,10
12.93778038,80.23471832,62130,62140,10
12.93889046,80.23522949,62140,62150,10
12.93953037,80.23555756,62150,62160,10
12.93953991,80.23558044,62160,62170,10
12.93962002,80.23561859,62170,62181,11
12.93999004,80.23580933,62181,62191,10
12.94071007,80.23600006,62191,62201,10
12.94159031,80.23622131,62201,62211,10
12.94262981,80.23655701,62211,62221,10
12.94361973,80.23729706,62221,62231,10
12.94456005,80.2383728,62231,62241,10
12.94561958,80.23934937,62241,62251,10
12.94686031,80.23983765,62251,62261,10
12.94738007,80.2400589,62261,62271,10
12.94740963,80.24004364,62271,62281,10
12.94779968,80.24019623,62281,62292,11
12.94853973,80.2405014,62292,62302,10
12.94927979,80.24092865,62302,62322,20
12.94927979,80.24092865,62322,62332,10
12.94911957,80.24073792,62332,62342,10
12.94979,80.24093628,62342,62352,10
12.95063972,80.24120331,62352,62362,10
12.9510603,80.24134064,62362,62372,10
12.95108032,80.24133301,62372,62382,10
12.95127964,80.2414093,62382,62393,11
12.95168972,80.24156952,62393,62403,10
12.95232964,80.24185944,62403,62413,10
12.95316029,80.24215698,62413,62423,10
12.95413971,80.24253082,62423,62433,10
12.95503044,80.24291992,62433,62443,10
12.95580959,80.24320984,62443,62453,10
12.95635033,80.24342346,62453,62463,10
12.95635986,80.24343109,62463,62473,10
12.95648956,80.24350739,62473,62483,10
12.95699978,80.24372101,62483,62493,10
12.9577198,80.2440033,62493,62503,10
12.95855999,80.24433899,62503,62514,11
12.95903969,80.24456787,62514,62524,10
12.95909977,80.24458313,62524,62534,10
12.95946026,80.24472046,62534,62544,10
12.96010971,80.24501801,62544,62554,10
12.96092033,80.24539185,62554,62564,10
12.96189022,80.24588013,62564,62574,10
12.96296978,80.24643707,62574,62594,20
12.96296978,80.24643707,62594,62604,10
12.96308041,80.24661255,62604,62615,11
12.96354008,80.24677277,62615,62625,10
12.96407986,80.24694824,62625,62635,10
12.96481037,80.24720001,62635,62645,10
12.96572018,80.24749756,62645,62655,10
12.96646976,80.24778748,62655,62665,10
12.96652031,80.24781799,62665,62675,10
12.96677017,80.24794006,62675,62685,10
12.96681976,80.24796295,62685,62695,10
12.96691036,80.24804688,62695,62705,10
12.96720982,80.24822998,62705,62716,11
12.96802998,80.24864197,62716,62726,10
12.96899986,80.24897766,62726,62736,10
12.9701004,80.24938965,62736,62746,10
12.97136021,80.24977875,62746,62756,10
12.97278023,80.25016022,62756,62766,10
12.97399998,80.25048065,62766,62776,10
12.97492027,80.25074768,62776,62792,16
12.97626972,80.25112152,62792,62804,12
12.97712994,80.25140381,62804,62812,8
12.97789955,80.25193024,62812,62825,13
12.97858047,80.25241852,62825,62835,10
12.97863007,80.25245667,62835,62845,10
12.97900963,80.25260162,62845,62855,10
12.97980022,80.25269318,62855,62915,60
12.97980022,80.25269318,62915,62925,10
12.98009014,80.25274658,62925,62936,11
12.98066044,80.25272369,62936,62946,10
12.98145008,80.25272369,62946,62956,10
12.98246002,80.25267029,62956,62966,10
12.98363972,80.25250244,62966,62976,10
12.98501015,80.25213623,62976,62986,10
12.98602009,80.25183868,62986,62996,10
12.98690987,80.25157928,62996,63006,10
12.98731041,80.25145721,63006,63087,81
12.98731041,80.25145721,63087,63097,10
12.98758984,80.25137329,63097,63107,10
12.98808002,80.251297,63107,63117,10
12.98888016,80.25108337,63117,63127,10
12.98945045,80.25090027,63127,63137,10
12.98956966,80.25093842,63137,63148,11
12.98999023,80.25083923,63148,63158,10
12.9906702,80.2506485,63158,63168,10
12.99158001,80.25039673,63168,63178,10
12.99269009,80.25012207,63178,63188,10
12.99400043,80.24978638,63188,63198,10
12.9953804,80.24945068,63198,63208,10
12.99648952,80.24915314,63208,63218,10
12.99798012,80.24875641,63218,63228,10
12.99936008,80.24839783,63228,63238,10
13.0009203,80.24806213,63238,63249,11
13.00263023,80.24764252,63249,63258,9
13.00393963,80.24742126,63258,63269,11
13.00531006,80.24726105,63269,63279,10
13.00607967,80.24706268,63279,63289,10
13.00638962,80.2466507,63289,63299,10
13.00640011,80.24662018,63299,63309,10
13.00646019,80.24648285,63309,63319,10
13.00660038,80.24613953,63319,63329,10
13.00662041,80.24559784,63329,63339,10
13.00664043,80.24488068,63339,63350,11
13.00662994,80.24394989,63350,63360,10
13.00662994,80.24330139,63360,63370,10
13.00658035,80.24276733,63370,63380,10
13.00656033,80.24201202,63380,63390,10
13.00666046,80.24069977,63390,63440,50
13.00666046,80.24069977,63440,63450,10
13.00667953,80.24043274,63450,63461,11
13.00671959,80.24015808,63461,63471,10
13.00687981,80.23972321,63471,63481,10
13.00704002,80.23890686,63481,63491,10
13.00722027,80.23799133,63491,63501,10
13.00739956,80.23699188,63501,63521,20
13.00739956,80.23699188,63521,63531,10
13.00741959,80.23686981,63531,63541,10
13.00745964,80.23667908,63541,63551,10
13.00751972,80.23648834,63551,63561,10
13.00761032,80.23603821,63561,63572,11
13.00769997,80.23558807,63572,63582,10
13.00774956,80.23525238,63582,63592,10
13.00786018,80.23471069,63592,63602,10
13.00800991,80.23403168,63602,63612,10
13.00815964,80.2332077,63612,63622,10
13.00833988,80.23229218,63622,63632,10
13.00854015,80.23130798,63632,63642,10
13.00868988,80.23043823,63642,63652,10
13.00893974,80.22914886,63652,63662,10
13.00916004,80.22821808,63662,63673,11
13.00967979,80.22705841,63673,63683,10
13.01010036,80.22612762,63683,63693,10
13.01049042,80.22525787,63693,63703,10
13.01084042,80.22466278,63703,63723,20
13.01084042,80.22466278,63723,63733,10
13.01095009,80.22429657,63733,63743,10
13.01113033,80.22393799,63743,63753,10
13.0112896,80.22354126,63753,63763,10
13.01152992,80.22299957,63763,63773,10
13.01181984,80.22222137,63773,63784,11
13.0121603,80.22164917,63784,63794,10
13.01243019,80.22180939,63794,63804,10
13.01276016,80.22225189,63804,63814,10
13.01333046,80.22279358,63814,63824,10
13.01397991,80.22351074,63824,63834,10
13.01455975,80.22425842,63834,63844,10
13.0151701,80.22477722,63844,63854,10
13.0153904,80.22490692,63854,63864,10
13.01562977,80.22515106,63864,63874,10
13.01616955,80.22535706,63874,63885,11
13.01657009,80.22514343,63885,63895,10
13.01749039,80.22493744,63895,63905,10
13.01825047,80.22463226,63905,63915,10
13.01904964,80.22438049,63915,63925,10
13.0197401,80.22451782,63925,63945,20
13.0197401,80.22451782,63945,63955,10
13.01982975,80.22463989,63955,63965,10
13.02013969,80.22485352,63965,63975,10
13.02062035,80.22519684,63975,63985,10
13.02120018,80.22563934,63985,63996,11
13.02184963,80.22612762,63996,64006,10
13.02241993,80.22659302,64006,64016,10
13.02247047,80.22662354,64016,64026,10
13.02252007,80.22664642,64026,64036,10
13.0227499,80.22686005,64036,64046,10
13.02317047,80.22724915,64046,64056,10
13.02371979,80.22781372,64056,64066,10
13.02431965,80.2284317,64066,64086,20
13.02431965,80.2284317,64086,64096,10
13.02433968,80.22843933,64096,64107,11
13.02458,80.22879028,64107,64117,10
13.02493954,80.22933197,64117,64127,10
13.02542019,80.2299881,64127,64143,16
13.0259304,80.23105621,64143,64165,22
13.0259304,80.23105621,64165,64175,10
13.02595997,80.23119354,64175,64185,10
13.02610016,80.23165894,64185,64195,10
13.02630043,80.23239136,64195,64205,10
13.02643967,80.23275757,64205,64216,11
13.02659035,80.23303986,64216,64226,10
13.02686977,80.23355865,64226,64236,10
13.02731037,80.23428345,64236,64246,10
13.02783966,80.23523712,64246,64256,10
13.02863979,80.23621368,64256,64266,10
13.02941036,80.23699951,64266,64276,10
13.02970982,80.23739624,64276,64286,10
13.03003025,80.23796082,64286,64296,10
13.03038979,80.23853302,64296,64306,10
13.03055954,80.23880768,64306,64317,11
13.03075027,80.23908997,64317,64327,10
13.03098965,80.23951721,64327,64337,10
13.03110981,80.2397995,64337,64347,10
13.03125954,80.23999023,64347,64357,10
13.03139973,80.24034119,64357,64367,10
13.03141975,80.24073029,64367,64377,10
13.03155994,80.24105835,64377,64387,10
13.03174019,80.24143982,64387,64397,10
13.03201008,80.24201202,64397,64407,10
13.03256035,80.24263763,64407,64417,10
13.03310966,80.24339294,64417,64428,11
13.03378963,80.2442627,64428,64438,10
13.03429031,80.24498749,64438,64448,10
13.03489971,80.24571991,64448,64458,10
13.03518963,80.2460022,64458,64478,20
13.03518963,80.2460022,64478,64488,10
13.03557014,80.24611664,64488,64508,20
13.03557014,80.24611664,64508,64518,10
13.03584003,80.2462616,64518,64529,11
13.03635979,80.24643707,64529,64539,10
13.03709984,80.24656677,64539,64549,10
13.03765011,80.24646759,64549,64559,10
13.0384798,80.24668121,64559,64569,10
13.03911018,80.24688721,64569,64629,60
13.03911018,80.24688721,64629,64640,11
13.03929043,80.24687195,64640,64650,10
13.03973961,80.24697876,64650,64660,10
13.0405302,80.24712372,64660,64670,10
13.04143047,80.24729156,64670,64680,10
13.04207993,80.24742889,64680,64690,10
13.04255962,80.24761963,64690,64700,10
13.0430603,80.24783325,64700,64710,10
13.04372978,80.24790955,64710,64720,10
13.04428005,80.24786377,64720,64730,10
13.0448904,80.2480011,64730,64741,11
13.04541016,80.24823761,64741,64751,10
13.04615974,80.2485199,64751,64761,10
13.04683018,80.2484436,64761,64771,10
13.04685974,80.2484436,64771,64781,10
13.04718971,80.2485199,64781,64791,10
13.04763985,80.24887848,64791,64801,10
13.04817963,80.24942017,64801,64811,10
13.04880047,80.24970245,64811,64821,10
13.04951954,80.24980164,64821,64831,10
13.0503397,80.24996185,64831,64841,10
13.0512104,80.25013733,64841,64852,11
13.05198956,80.25061035,64852,64862,10
13.05259991,80.25137329,64862,64872,10
13.05327034,80.2522583,64872,64882,10
13.05387974,80.25312805,64882,64892,10
13.05442047,80.25385284,64892,64902,10
13.0549202,80.25447845,64902,64912,10
13.05529976,80.25499725,64912,64922,10
13.05562019,80.25547791,64922,64932,10
13.05593014,80.25589752,64932,64942,10
13.05607033,80.25608826,64942,64952,10
13.05620003,80.25627136,64952,64963,11
13.0564003,80.25652313,64963,64973,10
13.05673027,80.25689697,64973,64983,10
13.05733013,80.25744629,64983,64993,10
13.05776024,80.25775146,64993,65003,10
13.05811977,80.25814819,65003,65013,10
13.05848026,80.25858307,65013,65023,10
13.05881977,80.25897217,65023,65033,10
13.05914021,80.25943756,65033,65043,10
13.05932045,80.25988007,65043,65053,10
13.05963993,80.26016235,65053,65064,11
13.06000042,80.26055145,65064,65074,10
13.06052017,80.26106262,65074,65084,10
13.06074047,80.26133728,65084,65094,10
13.06058025,80.2615509,65094,65104,10
13.06060028,80.26165771,65104,65114,10
13.06052017,80.26203918,65114,65124,10
13.06167984,80.26246643,65124,65134,10
13.06210995,80.26291656,65134,65144,10
13.0626297,80.26354218,65144,65154,10
13.06276989,80.26377869,65154,65164,10
13.06285954,80.26390839,65164,65175,11
13.06307983,80.26425934,65175,65185,10
13.06336021,80.26473999,65185,65195,10
13.06373024,80.26531982,65195,65205,10
13.06404018,80.26567841,65205,65215,10
13.06429958,80.26608276,65215,65225,10
13.06447983,80.26628113,65225,65235,10
13.0646801,80.26654053,65235,65245,10
13.06486034,80.26676941,65245,65255,10
13.06523037,80.26703644,65255,65265,10
13.0657196,80.26746368,65265,65276,11
13.06575966,80.26750946,65276,65286,10
13.06587982,80.26767731,65286,65296,10
13.06620026,80.26809692,65296,65306,10
13.0664196,80.26830292,65306,65336,30
13.0664196,80.26830292,65336,65346,10
13.06657028,80.26837158,65346,65356,10
13.06688023,80.26856232,65356,65366,10
13.06725979,80.26882172,65366,65376,10
13.0676899,80.26911163,65376,65386,10
13.06812954,80.26938629,65386,65397,11
13.0682497,80.26967621,65397,65407,10
13.06818008,80.2701416,65407,65416,9
13.06814003,80.27057648,65416,65437,21
13.06814003,80.27057648,65437,65446,9
13.06805038,80.27068329,65446,65456,10
13.06809998,80.27079773,65456,65467,11
13.06809998,80.2714386,65467,65477,10
13.06847,80.27187347,65477,65487,10
13.06908035,80.27207947,65487,65498,11
13.06972027,80.27272034,65498,65508,10
13.07034016,80.27342224,65508,65518,10
13.07102013,80.27411652,65518,65548,30
13.07102013,80.27411652,65548,65558,10
13.07141972,80.27422333,65558,65568,10
13.07194042,80.27468872,65568,65578,10
13.07256031,80.27529907,65578,65595,17
13.07380962,80.27642059,65595,65607,12
13.07479,80.2765274,65607,65617,10
13.07616997,80.2766037,65617,65677,60
13.07616997,80.2766037,65677,65687,10
13.07820034,80.27500916,65687,65697,10
13.08057976,80.27496338,65697,65708,11
13.08135986,80.2751236,65708,65778,70
13.08135986,80.2751236,65778,65788,10
13.08139992,80.27516174,65788,65798,10
13.08110046,80.27510834,65798,65809,11
13.08071995,80.2750473,65809,65829,20
13.08071995,80.2750473,65829,65839,10
13.08156013,80.27529144,65839,65849,10
13.08150005,80.2755127,65849,65859,10
13.08174992,80.27523041,65859,65869,10
13.08205986,80.27532959,65869,65879,10
13.08240986,80.27542114,65879,65980,101
13.08240986,80.27542114,65980,65990,10
13.08216,80.27523804,65990,66000,10
13.0821104,80.275383,66000,66010,10
13.08207989,80.27565765,66010,66051,41
13.08195019,80.27591705,66051,66616,565
13.08195019,80.27591705,66616,66626,10
13.08193016,80.27594757,66626,66636,10
13.08178043,80.27610779,66636,66646,10
13.08178043,80.27642822,66646,66657,11
13.08181953,80.27696991,66657,66667,10
13.08189964,80.27751923,66667,66677,10
13.08189964,80.27793884,66677,66687,10
13.08203983,80.27832031,66687,66697,10
13.08248043,80.27825165,66697,66707,10
13.08288956,80.27816772,66707,66717,10
13.08314037,80.27819824,66717,66727,10
13.0832901,80.27832031,66727,66737,10
13.08345985,80.27863312,66737,66747,10
13.08349991,80.27902222,66747,66757,10
13.08320045,80.27896118,66757,66768,11
13.0824604,80.27866364,66768,66798,30
13.0824604,80.27866364,66798,66808,10
13.0822401,80.27851105,66808,66818,10
13.08195972,80.27828979,66818,66828,10
13.08189964,80.2780304,66828,66838,10
13.08185959,80.27761841,66838,66848,10
13.08181,80.27732849,66848,66858,10
13.08176041,80.27687836,66858,66869,11
13.08164024,80.27613831,66869,66879,10
13.08152962,80.27574158,66879,66909,30
13.08152962,80.27574158,66909,66919,10
13.08154964,80.27545166,66919,66929,10
13.08146,80.27526093,66929,66939,10
13.08129025,80.27519226,66939,66949,10
13.08067989,80.27526093,66949,66959,10
13.0799799,80.27532959,66959,66969,10
13.07915974,80.27523041,66969,66980,11
13.07826996,80.27554321,66980,66990,10
13.07779026,80.27622986,66990,67000,10
13.07691956,80.27623749,67000,67010,10
13.07633972,80.27626801,67010,67020,10
13.07536983,80.27629089,67020,67029,9
13.07443047,80.27635193,67029,67040,11
13.07361031,80.27642059,67040,67050,10
13.07306957,80.27588654,67050,67060,10
13.07262039,80.27536774,67060,67070,10
13.0720396,80.27477264,67070,67081,11
13.07168007,80.27455139,67081,67091,10
13.07116032,80.27440643,67091,67101,10
13.07071018,80.27424622,67101,67111,10
13.07065964,80.27419281,67111,67121,10
13.07059956,80.27410126,67121,67131,10
13.07046986,80.27381134,67131,67141,10
13.07022953,80.27339172,67141,67151,10
13.0698204,80.27290344,67151,67161,10
13.06927967,80.27232361,67161,67171,10
13.06847,80.27185822,67171,67181,10
13.06795025,80.27121735,67181,67192,11
13.06760025,80.27081299,67192,67201,9
13.06729031,80.27046967,67201,67212,11
13.06692028,80.27010345,67212,67222,10
13.06659985,80.26966095,67222,67232,10
13.06647015,80.26902771,67232,67242,10
13.06641006,80.26860809,67242,67252,10
13.06620979,80.26825714,67252,67262,10
13.06585979,80.2678299,67262,67272,10
13.06546974,80.26766205,67272,67282,10
13.0652504,80.26760864,67282,67292,10
13.0651598,80.26759338,67292,67303,11
13.06478024,80.26750183,67303,67313,10
13.06429005,80.2674408,67313,67323,10
13.06375027,80.26732635,67323,67333,10
13.06319046,80.26725006,67333,67343,10
13.0627203,80.26711273,67343,67353,10
13.06237984,80.26674652,67353,67363,10
13.06200027,80.2662735,67363,67373,10
13.06163979,80.26582336,67373,67383,10
13.06128025,80.26534271,67383,67393,10
13.06085968,80.26515961,67393,67404,11
13.0605402,80.26534271,67404,67414,10
13.06052971,80.26534271,67414,67424,10
13.06040001,80.26545715,67424,67434,10
13.06015015,80.26555634,67434,67444,10
13.06000042,80.26560211,67444,67454,10
13.05982971,80.26561737,67454,67464,10
13.05982018,80.26561737,67464,67474,10
13.05965996,80.26560211,67474,67484,10
13.05943966,80.26555634,67484,67494,10
13.05932999,80.26555634,67494,67505,11
13.05916977,80.26554108,67505,67515,10
13.05904961,80.26537323,67515,67525,10
13.05871964,80.26525879,67525,67535,10
13.05832005,80.26519775,67535,67545,10
13.05805969,80.26481628,67545,67555,10
13.05801964,80.26432037,67555,67565,10
13.05795002,80.26383972,67565,67575,10
13.0578804,80.26328278,67575,67585,10
13.05784988,80.26274872,67585,67595,10
13.05778027,80.26251221,67595,67605,10
13.05766964,80.26203918,67605,67616,11
13.05753994,80.26130676,67616,67626,10
13.05735016,80.26062012,67626,67636,10
13.05708981,80.25978851,67636,67646,10
13.05688,80.25906372,67646,67656,10
13.05673027,80.25859833,67656,67666,10
13.05663013,80.25824738,67666,67676,10
13.05657959,80.25795746,67676,67686,10
13.05652046,80.25772095,67686,67696,10
13.05646038,80.25727844,67696,67716,20
13.05646038,80.25727844,67716,67727,11
13.05642986,80.25717926,67727,67737,10
13.05636024,80.25686646,67737,67747,10
13.05624008,80.25639343,67747,67757,10
13.05587959,80.25583649,67757,67767,10
13.05537987,80.25518036,67767,67777,10
13.0548296,80.25437164,67777,67787,10
13.05418968,80.25354004,67787,67797,10
13.05362034,80.25276184,67797,67807,10
13.0530901,80.25203705,67807,67817,10
13.05257988,80.2513504,67817,67827,10
13.05206966,80.25070953,67827,67838,11
13.05119991,80.25010681,67838,67848,10
13.05027008,80.24990082,67848,67858,10
13.04948044,80.24977875,67858,67868,10
13.04860973,80.24967957,67868,67878,10
13.04782009,80.24918365,67878,67888,10
13.04726982,80.24868774,67888,67908,20
13.04726982,80.24868774,67908,67918,10
13.0469799,80.24855804,67918,67928,10
13.04677963,80.24854279,67928,67939,11
13.04666042,80.24852753,67939,67949,10
13.04615974,80.2484436,67949,67959,10
13.04559994,80.24826813,67959,67969,10
13.04498959,80.24807739,67969,67979,10
13.04417992,80.24791718,67979,67989,10
13.04347992,80.24778748,67989,67999,10
13.04294014,80.24768066,67999,68009,10
13.04238987,80.24756622,68009,68019,10
13.04176998,80.24742889,68019,68029,10
13.0410099,80.24729919,68029,68039,10
13.03991985,80.24710846,68039,68090,51
13.03991985,80.24710846,68090,68100,10
13.03958988,80.24698639,68100,68110,10
13.03919029,80.24690247,68110,68120,10
13.03859043,80.24671936,68120,68130,10
13.03818035,80.24668121,68130,68140,10
13.03773022,80.24662018,68140,68151,11
13.03711987,80.24649811,68151,68161,10
13.03604031,80.24629974,68161,68181,20
13.03604031,80.24629974,68181,68191,10
13.03575993,80.24617004,68191,68201,10
13.03538036,80.2460022,68201,68211,10
13.03538036,80.24598694,68211,68221,10
13.03516006,80.24590302,68221,68231,10
13.03491974,80.24578094,68231,68241,10
13.03466034,80.24545288,68241,68251,10
13.03431988,80.24498749,68251,68262,11
13.03384018,80.24452209,68262,68272,10
13.03337002,80.24378204,68272,68282,10
13.03277016,80.24301147,68282,68292,10
13.03217983,80.24226379,68292,68302,10
13.03174019,80.24141693,68302,68312,10
13.03114986,80.2401886,68312,68393,81
13.03114986,80.2401886,68393,68403,10
13.03110027,80.2400589,68403,68413,10
13.03092957,80.23967743,68413,68423,10
13.03063011,80.23903656,68423,68433,10
13.03015995,80.23821259,68433,68443,10
13.0296402,80.23732758,68443,68453,10
13.02908993,80.23667908,68453,68463,10
13.02832031,80.23587799,68463,68474,11
13.02772999,80.23513794,68474,68484,10
13.0274601,80.23471069,68484,68494,10
13.02733994,80.23446655,68494,68504,10
13.02725029,80.23430634,68504,68524,20
13.02725029,80.23430634,68524,68534,10
13.02713966,80.23410034,68534,68544,10
13.02700043,80.23390961,68544,68554,10
13.02684975,80.23362732,68554,68564,10
13.02659988,80.23322296,68564,68575,11
13.0262804,80.23259735,68575,68585,10
13.02616978,80.23222351,68585,68595,10
13.02610016,80.23203278,68595,68605,10
13.02610016,80.23197174,68605,68615,10
13.02602005,80.23165894,68615,68625,10
13.02591038,80.2313385,68625,68635,10
13.02577972,80.23071289,68635,68645,10
13.02534008,80.22994232,68645,68655,10
13.02476025,80.22924805,68655,68665,10
13.0243597,80.22873688,68665,68675,10
13.02396011,80.2282486,68675,68686,11
13.02328014,80.22750854,68686,68706,20
13.02328014,80.22750854,68706,68716,10
13.02317047,80.22734833,68716,68726,10
13.02289963,80.22708893,68726,68742,16
13.02266026,80.22686005,68742,68754,12
13.02245045,80.22666168,68754,68764,10
13.02213955,80.22637939,68764,68774,10
13.02145004,80.22583771,68774,68784,10
13.02052975,80.22512817,68784,68804,20
13.02052975,80.22512817,68804,68815,11
13.02036953,80.22503662,68815,68825,10
13.02027035,80.22498322,68825,68834,9
13.0199604,80.22476196,68834,68845,11
13.01928997,80.22442627,68845,68854,9
13.01850986,80.22454071,68854,68864,10
13.01764011,80.22489166,68864,68875,11
13.01659012,80.22518921,68875,68885,10
13.01616001,80.22544861,68885,68896,11
13.01566982,80.22566223,68896,68906,10
13.01515961,80.2258606,68906,68916,10
13.01457977,80.22609711,68916,68936,20
13.01457977,80.22609711,68936,68946,10
13.01428032,80.22618103,68946,68956,10
13.01383972,80.22637177,68956,68966,10
13.01315022,80.22663879,68966,68976,10
13.01235008,80.22696686,68976,68986,10
13.0115099,80.22730255,68986,68996,10
13.0105896,80.22766113,68996,69007,11
13.00967026,80.2280426,69007,69017,10
13.00907993,80.22862244,69017,69027,10
13.00891018,80.22956085,69027,69037,10
13.0087204,80.2305603,69037,69047,10
13.00852013,80.23159027,69047,69057,10
13.00833035,80.23258209,69057,69067,10
13.00823975,80.23329926,69067,69077,10
13.00821018,80.23348236,69077,69087,10
13.00811958,80.23368073,69087,69097,10
13.00800037,80.23420715,69097,69108,11
13.00782013,80.23506927,69108,69118,10
13.00763988,80.23594666,69118,69128,10
13.00745964,80.23695374,69128,69138,10
13.00737953,80.23737335,69138,69148,10
13.00728035,80.23783875,69148,69158,10
13.0072298,80.23822021,69158,69168,10
13.00710011,80.23876953,69168,69178,10
13.00697994,80.23937225,69178,69219,41
13.00697994,80.23937225,69219,69229,10
13.00691986,80.23986053,69229,69239,10
13.00685024,80.2403717,69239,69249,10
13.00683022,80.24050903,69249,69259,10
13.00677013,80.24085999,69259,69269,10
13.00667953,80.24166107,69269,69320,51
13.00669956,80.24198914,69320,69340,20
13.00669956,80.24198914,69340,69350,10
13.00669003,80.24215698,69350,69360,10
13.00669003,80.24239349,69360,69370,10
13.00669003,80.24266052,69370,69380,10
13.00667953,80.24291992,69380,69390,10
13.00667,80.24298859,69390,69400,10
13.00666046,80.24330902,69400,69410,10
13.00664997,80.24358368,69410,69420,10
13.00660992,80.24404907,69420,69431,11
13.00660992,80.24453735,69431,69441,10
13.00660992,80.24513245,69441,69461,20
13.00660992,80.24513245,69461,69471,10
13.00664997,80.24552155,69471,69481,10
13.00667953,80.24597931,69481,69491,10
13.00671005,80.24652863,69491,69501,10
13.00669003,80.24713135,69501,69511,10
13.00629997,80.24736786,69511,69549,38
13.00547028,80.24732208,69549,69561,12
13.00459003,80.24736023,69561,69571,10
13.00364971,80.24749756,69571,69580,9
13.00279999,80.24764252,69580,69592,12
13.00177956,80.24784851,69592,69602,10
13.0005703,80.24816132,69602,69612,10
12.99932003,80.24848175,69612,69622,10
12.99814034,80.24875641,69622,69632,10
12.9968996,80.24906921,69632,69643,11
12.99540043,80.24949646,69643,69652,9
12.99433041,80.24977875,69652,69663,11
12.99318981,80.25005341,69663,69673,10
12.99180031,80.25039673,69673,69683,10
12.99108028,80.25061035,69683,69693,10
12.99098015,80.25060272,69693,69703,10
12.99061012,80.2507019,69703,69713,10
12.98987961,80.25086975,69713,69723,10
12.9890604,80.25108337,69723,69844,121
12.9890604,80.25108337,69844,69855,11
12.98873997,80.25108337,69855,69865,10
12.98845005,80.25122833,69865,69875,10
12.98806,80.25131989,69875,69885,10
12.98766041,80.25141144,69885,69895,10
12.98711014,80.2515564,69895,69905,10
12.9865799,80.25171661,69905,69915,10
12.98608017,80.25189209,69915,69925,10
12.9854002,80.25205231,69925,69935,10
12.98449993,80.25227356,69935,69945,10
12.98348999,80.25251007,69945,69956,11
12.98239994,80.25263214,69956,69966,10
12.98145962,80.2526474,69966,69975,9
12.98071003,80.25267792,69975,69986,11
12.9802103,80.25274658,69986,70016,30
12.9802103,80.25274658,70016,70026,10
12.97996044,80.25266266,70026,70036,10
12.97961044,80.25261688,70036,70046,10
12.97904968,80.25257874,70046,70056,10
12.97854996,80.25250244,70056,70067,11
12.97854996,80.25251007,70067,70077,10
12.9783802,80.25243378,70077,70086,9
12.97799969,80.25212097,70086,70097,11
12.97731018,80.25154114,70097,70107,10
12.9763298,80.25115967,70107,70117,10
12.97523975,80.25083923,70117,70127,10
12.97418976,80.2505188,70127,70137,10
12.97325039,80.2502594,70137,70147,10
12.97237015,80.25002289,70147,70157,10
12.97144032,80.24974823,70157,70167,10
12.97052002,80.2494812,70167,70178,11
12.96947002,80.24909973,70178,70188,10
12.96850967,80.24874115,70188,70198,10
12.96774006,80.24845123,70198,70208,10
12.96708012,80.24815369,70208,70218,10
12.96658993,80.24790192,70218,70228,10
12.96638966,80.24781799,70228,70238,10
12.96599007,80.24764252,70238,70248,10
12.96516991,80.2473526,70248,70268,20
12.96516991,80.2473526,70268,70279,11
12.96483994,80.24726105,70279,70289,10
12.96434975,80.24707031,70289,70299,10
12.96380043,80.24687195,70299,70309,10
12.96341991,80.24668121,70309,70349,40
12.96341991,80.24668121,70349,70359,10
12.96329021,80.24652863,70359,70369,10
12.96278954,80.24629974,70369,70379,10
12.96214008,80.24601746,70379,70390,11
12.96123028,80.24559021,70390,70400,10
12.96041965,80.24523926,70400,70410,10
12.95965958,80.24491882,70410,70420,10
12.95930004,80.24474335,70420,70430,10
12.95926952,80.24472046,70430,70440,10
12.95895004,80.24456024,70440,70450,10
12.95835018,80.24430847,70450,70460,10
12.95773029,80.2440567,70460,70470,10
12.95713043,80.24388123,70470,70480,10
12.95635033,80.24362946,70480,70501,21
12.95635033,80.24362946,70501,70511,10
12.95586014,80.24340057,70511,70521,10
12.95522976,80.24308777,70521,70531,10
12.95464039,80.24281311,70531,70541,10
12.95394039,80.24250031,70541,70551,10
12.95308971,80.24214935,70551,70561,10
12.95203018,80.24176788,70561,70571,10
12.95160007,80.24163818,70571,70581,10
12.95156002,80.24160004,70581,70591,10
12.95121956,80.24149323,70591,70602,11
12.95053005,80.24127197,70602,70612,10
12.94974041,80.24104309,70612,70622,10
12.94894981,80.2407608,70622,70632,10
12.94810009,80.2403717,70632,70642,10
12.9472599,80.24002838,70642,70652,10
12.94699001,80.23995209,70652,70662,10
12.94694042,80.23992157,70662,70672,10
12.94664955,80.2397995,70672,70682,10
12.94604969,80.23957825,70682,70692,10
12.94530964,80.23915863,70692,70703,11
12.94445992,80.23835754,70703,70713,10
12.94365978,80.23747253,70713,70723,10
12.94272041,80.23661804,70723,70733,10
12.9414196,80.23619843,70733,70743,10
12.94034004,80.23592377,70743,70753,10
12.93978977,80.23577118,70753,70763,10
12.93978024,80.23577118,70763,70773,10
12.9396801,80.23573303,70773,70783,10
12.93924999,80.2355423,70783,70793,10
12.93861961,80.23522949,70793,70804,11
12.93772984,80.23478699,70804,70814,10
12.93677998,80.23429871,70814,70824,10
12.93587971,80.23391724,70824,70834,10
12.93519974,80.23358154,70834,70844,10
12.93395996,80.23303986,70844,70874,30
12.93395996,80.23303986,70874,70884,10
12.93348026,80.23278809,70884,70894,10
12.93272018,80.23249054,70894,70904,10
12.93169975,80.23213959,70904,70915,11
12.93037033,80.23165131,70915,70925,10
12.92881966,80.23133087,70925,70945,20
12.92881966,80.23133087,70945,70955,10
12.92848969,80.23124695,70955,70965,10
12.92784023,80.23117065,70965,70975,10
12.92693043,80.23105621,70975,70985,10
12.92607975,80.23097992,70985,70995,10
12.92597961,80.23095703,70995,71005,10
12.92560959,80.23088837,71005,71015,10
12.92506027,80.23084259,71015,71026,11
12.92418957,80.23075867,71026,71036,10
12.92335987,80.23062897,71036,71046,10
12.9223299,80.23046875,71046,71056,10
12.92109013,80.23027802,71056,71066,10
12.91969967,80.23011017,71066,71076,10
12.91845989,80.22994232,71076,71086,10
12.91734982,80.22979736,71086,71096,10
12.91646957,80.22968292,71096,71106,10
12.91537952,80.22953796,71106,71116,10
12.91417027,80.22937012,71116,71127,11
12.91345024,80.22933197,71127,71137,10
12.91333961,80.22928619,71137,71147,10
12.91300011,80.2292099,71147,71157,10
12.91234016,80.22910309,71157,71167,10
12.91147995,80.22898102,71167,71177,10
12.91040039,80.22882843,71177,71187,10
12.90913963,80.2286377,71187,71197,10
12.90791988,80.22846222,71197,71207,10
12.90736961,80.22839355,71207,71217,10
12.90736008,80.22839355,71217,71227,10
12.90713978,80.22833252,71227,71238,11
12.90666008,80.22827911,71238,71248,10
12.90633965,80.22825623,71248,71258,10
12.90620995,80.22824097,71258,71268,10
12.90579033,80.22821808,71268,71278,10
12.90499973,80.22814941,71278,71288,10
12.9040699,80.22810364,71288,71298,10
12.90305996,80.22805786,71298,71308,10
12.90194035,80.22801208,71308,71318,10
12.90100002,80.22795868,71318,71328,10
12.90038967,80.22794342,71328,71338,10
12.89988995,80.22792053,71338,71389,51
12.89988995,80.22792053,71389,71399,10
12.89949989,80.22786713,71399,71409,10
12.89929008,80.22783661,71409,71419,10
12.89896011,80.22781372,71419,71429,10
12.89842033,80.22779083,71429,71439,10
12.89770985,80.22775269,71439,71450,11
12.89675999,80.22769928,71450,71460,10
12.89573956,80.2276535,71460,71470,10
12.89455986,80.22760773,71470,71480,10
12.89321995,80.22750854,71480,71490,10
12.89200974,80.22737122,71490,71500,10
12.89072037,80.2273407,71500,71510,10
12.88930988,80.2273407,71510,71520,10
12.88819027,80.22730255,71520,71530,10
12.88700962,80.22715759,71530,71540,10
12.88574028,80.22686768,71540,71551,11
12.88479042,80.22672272,71551,71561,10
12.88465023,80.22669983,71561,71571,10
12.88444042,80.22676086,71571,71581,10
12.88376999,80.22673035,71581,71591,10
12.88282967,80.22672272,71591,71601,10
12.88175011,80.22672272,71601,71611,10
12.88053036,80.22672272,71611,71621,10
12.87940025,80.22673035,71621,71631,10
12.87814045,80.22679901,71631,71641,10
12.8768301,80.22693634,71641,71651,10
12.87646961,80.22699738,71651,71662,11
12.87642002,80.22699738,71662,71672,10
12.8759203,80.22696686,71672,71682,10
12.87512016,80.22692108,71682,71692,10
12.87413979,80.22679901,71692,71702,10
12.87304974,80.22672272,71702,71712,10
12.87257004,80.22672272,71712,71722,10
12.87252045,80.22667694,71722,71732,10
12.87220001,80.2266922,71732,71748,16
12.87102985,80.22666168,71748,71760,12
12.86981964,80.2265625,71760,71769,9
12.86874962,80.22644043,71769,71780,11
12.86728001,80.22647095,71780,71791,11
12.86571026,80.22659302,71791,71800,9
12.86435986,80.2265625,71800,71811,11
12.86268997,80.22653961,71811,71821,10
12.86147976,80.22660828,71821,71831,10
12.86100006,80.22662354,71831,71841,10
12.86077023,80.22660828,71841,71851,10
12.86015987,80.22650909,71851,71861,10
12.85931969,80.22640228,71861,71872,11
12.85846043,80.22628021,71872,71882,10
12.85766029,80.22625732,71882,71892,10
12.85669994,80.22634125,71892,71902,10
12.85558033,80.22644806,71902,71912,10
12.85428047,80.22659302,71912,71922,10
12.85282993,80.2266922,71922,71932,10
12.85134029,80.22664642,71932,71942,10
12.8502903,80.22662354,71942,71952,10
12.85002041,80.22662354,71952,71962,10
12.84978008,80.22660065,71962,71972,10
12.84920979,80.22660065,71972,71983,11
12.84832001,80.22660065,71983,71993,10
12.84727955,80.22660065,71993,72009,16
12.84560013,80.22660828,72009,72021,12
12.8454504,80.22660065,72021,72031,10
12.84545994,80.22648621,72031,72041,10
12.84508991,80.22662354,72041,72051,10
12.84438038,80.22663879,72051,72061,10
12.84362984,80.22664642,72061,72071,10
12.84255981,80.22689056,72071,72081,10
12.84144974,80.22714996,72081,72092,11
12.84025955,80.2275238,72092,72103,11
12.83975029,80.22769165,72103,72112,9
12.83953953,80.2277298,72112,72123,11
12.83915043,80.22785187,72123,72133,10
12.83839035,80.2280426,72133,72143,10
12.83753967,80.22821808,72143,72153,10
12.83658981,80.22837067,72153,72163,10
12.83543015,80.22853851,72163,72173,10
12.83409977,80.2287674,72173,72183,10
12.83224964,80.22911835,72183,72204,21
12.83224964,80.22911835,72204,72214,10
12.8320303,80.22915649,72214,72224,10
12.83148956,80.22927856,72224,72234,10
12.83073997,80.22952271,72234,72244,10
12.8297596,80.22988892,72244,72254,10
12.82863998,80.23040009,72254,72264,10
12.82748032,80.23104858,72264,72274,10
12.82619953,80.23136902,72274,72284,10
12.82483006,80.23139954,72284,72294,10
12.82357979,80.23110199,72294,72305,11
12.82221985,80.23066711,72305,72315,10
12.8210001,80.23046875,72315,72325,10
12.81982994,80.23049927,72325,72335,10
12.81896019,80.2305069,72335,72345,10
12.81886005,80.23049164,72345,72355,10
12.81851959,80.23033905,72355,72365,10
12.81789017,80.23001862,72365,72375,10
12.81702995,80.22966003,72375,72385,10
12.81597996,80.22943878,72385,72395,10
12.81474018,80.22926331,72395,72406,11
12.81336021,80.22892761,72406,72416,10
12.81214046,80.22850037,72416,72426,10
12.8107996,80.22801208,72426,72435,9
12.80967999,80.22753906,72435,72446,11
12.8085804,80.22680664,72446,72456,10
12.80760002,80.22598267,72456,72466,10
12.80677986,80.22528076,72466,72476,10
12.80613041,80.2246933,72476,72486,10
12.80543041,80.22415161,72486,72496,10
12.80494976,80.22402191,72496,72507,11
12.80484009,80.22399139,72507,72517,10
12.80438995,80.22393036,72517,72527,10
12.80372047,80.22386932,72527,72537,10
12.80292988,80.22380066,72537,72547,10
12.80200005,80.22367859,72547,72557,10
12.80093002,80.22357941,72557,72567,10
12.79977036,80.22348022,72567,72577,10
12.79854012,80.22335815,72577,72587,10
12.79720974,80.2232132,72587,72597,10
12.79605961,80.22299194,72597,72607,10
12.79576015,80.22293854,72607,72618,11
12.79541016,80.2228775,72618,72628,10
12.79473019,80.2227478,72628,72638,10
12.79384041,80.2226181,72638,72648,10
12.79277992,80.22245789,72648,72658,10
12.79164028,80.22219849,72658,72668,10
12.7905798,80.22193909,72668,72678,10
12.78964043,80.22168732,72678,72688,10
12.78909016,80.22147369,72688,72698,10
12.78880024,80.22135162,72698,72708,10
12.78859043,80.22128296,72708,72718,10
12.78800011,80.22106171,72718,72739,21
12.78800011,80.22106171,72739,72749,10
12.78783989,80.22096252,72749,72759,10
12.78752041,80.22084045,72759,72819,60
12.78752041,80.22084045,72819,72830,11
12.78715992,80.22075653,72830,72890,60
12.78715992,80.22075653,72890,72900,10
12.78701019,80.22074127,72900,72910,10
12.78676033,80.22059631,72910,72920,10
12.78652954,80.22051239,72920,72930,10
12.7864399,80.22046661,72930,72941,11
12.7862196,80.22038269,72941,72951,10
12.78590012,80.22025299,72951,72961,10
12.78547955,80.220047,72961,72971,10
12.78501987,80.21980286,72971,72981,10
12.78468037,80.21964264,72981,72991,10
12.78468037,80.21962738,72991,73001,10
12.78442955,80.21949768,73001,73011,10
12.7839098,80.21920013,73011,73021,10
12.78322983,80.21881866,73021,73031,10
12.7823801,80.21835327,73031,73042,11
12.78122044,80.21772003,73042,73052,10
12.78013992,80.21713257,73052,73062,10
12.77902031,80.21652985,73062,73072,10
12.77777958,80.21591949,73072,73082,10
12.77641964,80.21534729,73082,73092,10
12.77501011,80.21478271,73092,73102,10
12.77365971,80.21425629,73102,73112,10
12.77278042,80.21392822,73112,73122,10
12.77196026,80.21363068,73122,73132,10
12.77103996,80.21330261,73132,73142,10
12.77058029,80.2131424,73142,73153,11
12.77054024,80.21312714,73153,73163,10
12.77015972,80.21298981,73163,73173,10
12.76945972,80.2127533,73173,73183,10
12.76858997,80.2124176,73183,73193,10
12.76751041,80.21202087,73193,73203,10
12.76626015,80.21156311,73203,73213,10
12.76488018,80.21105957,73213,73223,10
12.76383018,80.21069336,73223,73233,10
12.76235008,80.21009827,73233,73243,10
12.76113987,80.20957947,73243,73254,11
12.75992966,80.20897675,73254,73264,10
12.75967979,80.20883942,73264,73274,10
12.75951958,80.20874786,73274,73284,10
12.75899982,80.20845795,73284,73294,10
12.75823975,80.20805359,73294,73304,10
12.75732994,80.20754242,73304,73314,10
12.75625038,80.2069397,73314,73324,10
12.75502014,80.20626068,73324,73334,10
12.75366974,80.20554352,73334,73344,10
12.75238037,80.20484924,73344,73354,10
12.75135994,80.20433044,73354,73365,11
12.75121975,80.20423889,73365,73375,10
12.7508297,80.2040329,73375,73385,10
12.75014973,80.20368195,73385,73395,10
12.74925995,80.20321655,73395,73405,10
12.74827957,80.20272827,73405,73415,10
12.74740028,80.20224762,73415,73425,10
12.74658012,80.20185089,73425,73435,10
12.74575043,80.20143127,73435,73445,10
12.74497032,80.20101166,73445,73455,10
12.74417973,80.20030212,73455,73466,11
12.74332047,80.19933319,73466,73476,10
12.74246025,80.19833374,73476,73486,10
12.74188995,80.19763184,73486,73496,10
12.74186039,80.19760132,73496,73506,10
12.74168968,80.19731903,73506,73516,10
12.74135971,80.19680786,73516,73526,10
12.74088001,80.19613647,73526,73536,10
12.74032021,80.19534302,73536,73546,10
12.73968029,80.19450378,73546,73556,10
12.73896027,80.19351959,73556,73566,10
12.7381897,80.19254303,73566,73577,11
12.7372303,80.19155121,73577,73587,10
12.73633957,80.19065094,73587,73597,10
12.73550987,80.18988037,73597,73607,10
12.73445988,80.18955231,73607,73617,10
12.73324013,80.18946838,73617,73627,10
12.73213959,80.18926239,73627,73637,10
12.73114014,80.18911743,73637,73647,10
12.73029995,80.18904877,73647,73657,10
12.72970963,80.1889801,73657,73667,10
12.72968006,80.18897247,73667,73678,11
12.72865963,80.18887329,73678,73688,10
12.72865963,80.18887329,73688,73698,10
12.72787952,80.18862152,73698,73708,10
12.72717953,80.18845367,73708,73718,10
12.72651005,80.1882782,73718,73728,10
12.72585011,80.18816376,73728,73738,10
12.72513008,80.18804169,73738,73748,10
12.72447968,80.18791962,73748,73760,12
12.72428989,80.18788147,73760,73770,10
12.72401047,80.18779755,73770,73780,10
12.72395039,80.18778229,73780,73791,11
12.7235899,80.18766785,73791,73801,10
12.72317028,80.18756104,73801,73811,10
12.72262001,80.18742371,73811,73821,10
12.72224998,80.18759155,73821,73861,40
12.72224998,80.18759155,73861,73871,10
12.72214985,80.18786621,73871,73881,10
12.72198009,80.18779755,73881,74003,122
12.72200966,80.18757629,74003,74093,90
12.72200012,80.18778229,74093,74194,101
12.72204018,80.18760681,74194,74225,31
12.72206974,80.18757629,74225,74265,40
12.72202015,80.18766022,74265,74396,131
12.72200012,80.18759155,74396,74901,505
12.72206974,80.18757629,74901,75123,222
12.7220602,80.18766785,75123,75204,81
12.7220602,80.18766785,75204,75214,10
12.72206974,80.18772888,75214,75436,222
12.72214031,80.18737793,75436,75467,31
12.72214031,80.18737793,75467,75477,10
12.72235012,80.18731689,75477,75487,10
12.72264004,80.18740082,75487,75497,10
12.72296047,80.18752289,75497,75507,10
12.72313023,80.18756104,75507,75517,10
12.72327995,80.18759918,75517,75527,10
12.72375011,80.18772888,75527,75537,10
12.7242403,80.18784332,75537,75547,10
12.72492027,80.18798065,75547,75557,10
12.72562027,80.18811798,75557,75567,10
12.72634983,80.18824005,75567,75578,11
12.7269001,80.18834686,75578,75588,10
12.72747993,80.18852234,75588,75598,10
12.7281599,80.18869019,75598,75608,10
12.72900009,80.18891907,75608,75618,10
12.72970009,80.18895721,75618,75628,10
12.72980976,80.18897247,75628,75638,10
12.7301302,80.18900299,75638,75648,10
12.73052025,80.18907166,75648,75658,10
12.73060036,80.18907928,75658,75668,10
12.73101044,80.18911743,75668,75679,11
12.73182011,80.18923187,75679,75689,10
12.73266029,80.1893692,75689,75699,10
12.7334404,80.18945313,75699,75709,10
12.73449993,80.18953705,75709,75719,10
12.73563004,80.18990326,75719,75729,10
12.73639965,80.19061279,75729,75739,10
12.73731041,80.19152069,75739,75749,10
12.73826027,80.19245148,75749,75759,10
12.73911953,80.19355011,75759,75769,10
12.73997974,80.1947403,75769,75779,10
12.74083042,80.19589996,75779,75790,11
12.74176025,80.19721222,75790,75800,10
12.7426796,80.19838715,75800,75810,10
12.74337959,80.19915771,75810,75820,10
12.74339008,80.19915771,75820,75830,10
12.7434597,80.1992569,75830,75840,10
12.74388027,80.19976807,75840,75850,10
12.74458027,80.20053864,75850,75860,10
12.74569988,80.20130157,75860,75870,10
12.74709034,80.20201111,75870,75880,10
12.74855995,80.20275879,75880,75891,11
12.75012016,80.20355225,75891,75901,10
12.75137043,80.20417786,75901,75911,10
12.75253963,80.20478821,75911,75921,10
12.75372028,80.20539856,75921,75931,10
12.7551899,80.20622253,75931,75941,10
12.75677967,80.2071228,75941,75951,10
12.75823021,80.20791626,75951,75961,10
12.75973988,80.20874786,75961,75971,10
12.7612896,80.20957184,75971,75981,10
12.76290035,80.21025848,75981,75991,10
12.7644701,80.21086121,75991,76002,11
12.76611996,80.21144867,76002,76012,10
12.76764011,80.21201324,76012,76022,10
12.76924992,80.21257782,76022,76032,10
12.77077961,80.21312714,76032,76042,10
12.77227974,80.21366119,76042,76052,10
12.77377033,80.2142334,76052,76062,10
12.77521992,80.21482086,76062,76072,10
12.77672958,80.21543121,76072,76082,10
12.77824974,80.21607208,76082,76092,10
12.77958012,80.21675873,76092,76103,11
12.78096008,80.21749878,76103,76113,10
12.78227043,80.21822357,76113,76123,10
12.78353024,80.21890259,76123,76133,10
12.7844696,80.2194519,76133,76143,10
12.78522015,80.21984863,76143,76153,10
12.78584957,80.2201767,76153,76163,10
12.78598976,80.22022247,76163,76173,10
12.7863903,80.22041321,76173,76193,20
12.7863903,80.22041321,76193,76203,10
12.78652,80.22048187,76203,76214,11
12.78691006,80.22062683,76214,76224,10
12.78742027,80.22080231,76224,76234,10
12.78787994,80.22097778,76234,76244,10
12.78847027,80.22120667,76244,76254,10
12.78925991,80.22149658,76254,76264,10
12.7898798,80.22171021,76264,76274,10
12.79014015,80.22177887,76274,76284,10
12.79076958,80.22193146,76284,76294,10
12.79162025,80.22213745,76294,76304,10
12.79279995,80.22241974,76304,76315,11
12.79434013,80.22264862,76315,76325,10
12.7957201,80.2228775,76325,76335,10
12.79656029,80.22299957,76335,76345,10
12.79668045,80.2230072,76345,76355,10
12.79724026,80.22312164,76355,76365,10
12.79813957,80.22325134,76365,76375,10
12.79940987,80.2233963,76375,76385,10
12.80072021,80.22351074,76385,76395,10
12.80150986,80.22363281,76395,76405,10
12.80230045,80.22370911,76405,76415,10
12.80323029,80.22383881,76415,76426,11
12.80414963,80.22392273,76426,76436,10
12.80447006,80.22395325,76436,76446,10
12.80490017,80.22398376,76446,76456,10
12.80533028,80.22408295,76456,76466,10
12.80533981,80.22408295,76466,76476,10
12.80554008,80.22416687,76476,76486,10
12.80601025,80.22450256,76486,76496,10
12.80665016,80.22505188,76496,76506,10
12.80727959,80.2256012,76506,76516,10
12.80807018,80.22628021,76516,76527,11
12.80910969,80.22714233,76527,76537,10
12.81007957,80.22766113,76537,76547,10
12.81118011,80.22811127,76547,76557,10
12.81243992,80.2285614,76557,76567,10
12.81371021,80.22898865,76567,76577,10
12.81513977,80.22926331,76577,76587,10
12.81669044,80.22949982,76587,76597,10
12.81807995,80.23004913,76597,76607,10
12.81904984,80.23045349,76607,76617,10
12.81995964,80.23043823,76617,76627,10
12.81997967,80.23043823,76627,76638,11
12.82057953,80.23043823,76638,76648,10
12.82166958,80.23049164,76648,76658,10
12.8229599,80.23081207,76658,76668,10
12.82433987,80.23120117,76668,76678,10
12.8256197,80.23135376,76678,76688,10
12.82645035,80.23130035,76688,76698,10
12.82658005,80.23130035,76698,76708,10
12.8269701,80.2312088,76708,76718,10
12.82767963,80.23091125,76718,76728,10
12.82859993,80.23039246,76728,76739,11
12.82987022,80.22981262,76739,76749,10
12.83067989,80.22949982,76749,76759,10
12.83075047,80.22946167,76759,76769,10
12.83084011,80.22940826,76769,76779,10
12.83133984,80.22923279,76779,76795,16
12.83158016,80.22915649,76795,76807,12
12.83197975,80.22907257,76807,76817,10
12.83267975,80.22894287,76817,76827,10
12.83374023,80.2287674,76827,76837,10
12.83500004,80.22855377,76837,76849,12
12.83660984,80.22831726,76849,76859,10
12.83786011,80.22812653,76859,76869,10
12.83887959,80.22786713,76869,76879,10
12.83946991,80.22767639,76879,76909,30
12.83946991,80.22767639,76909,76919,10
12.83959961,80.22760773,76919,76929,10
12.84014034,80.22749329,76929,76939,10
12.8409996,80.22727203,76939,76950,11
12.84222031,80.22698975,76950,76960,10
12.84333992,80.22676086,76960,76970,10
12.84444046,80.22660828,76970,76980,10
12.84541035,80.22651672,76980,76990,10
12.84545994,80.22651672,76990,77000,10
12.84572029,80.22653198,77000,77010,10
12.84617996,80.22653198,77010,77020,10
12.84698963,80.22653961,77020,77030,10
12.84809971,80.22654724,77030,77040,10
12.85006046,80.22651672,77040,77061,21
12.85006046,80.22651672,77061,77071,10
12.85042953,80.22650146,77071,77081,10
12.85118961,80.22653198,77081,77091,10
12.85231018,80.22660065,77091,77101,10
12.85377026,80.22660065,77101,77111,10
12.85550976,80.22641754,77111,77121,10
12.85725975,80.22624207,77121,77131,10
12.85875034,80.22621155,77131,77141,10
12.86011982,80.22640228,77141,77151,10
12.86081028,80.22647858,77151,77161,10
12.8610096,80.22648621,77161,77172,11
12.86165047,80.2264328,77172,77182,10
12.86281967,80.22640991,77182,77192,10
12.86427975,80.22647095,77192,77202,10
12.86567974,80.22651672,77202,77212,10
12.86711979,80.22640991,77212,77222,10
12.86859035,80.2263031,77222,77232,10
12.86995983,80.2264328,77232,77242,10
12.87102032,80.22653961,77242,77252,10
12.87205982,80.22659302,77252,77262,10
12.87283993,80.22659302,77262,77273,11
12.87298965,80.22660065,77273,77283,10
12.87333012,80.22660828,77283,77293,10
12.87401962,80.22666931,77293,77303,10
12.87489986,80.22679138,77303,77313,10
12.87596989,80.22686768,77313,77323,10
12.87668037,80.22685242,77323,77333,10
12.87675953,80.22686005,77333,77343,10
12.87707043,80.22685242,77343,77353,10
12.87763977,80.22682953,77353,77370,17
12.87917995,80.22675323,77370,77382,12
12.88045025,80.22673035,77382,77392,10
12.88171005,80.22672272,77392,77402,10
12.88307953,80.22669983,77402,77412,10
12.88512039,80.22667694,77412,77432,20
12.88512039,80.22667694,77432,77442,10
12.88549042,80.22675323,77442,77452,10
12.88617992,80.22693634,77452,77462,10
12.88712025,80.22718048,77462,77472,10
12.88831997,80.22731018,77472,77482,10
12.88969994,80.22731781,77482,77493,11
12.89029026,80.22731018,77493,77511,18
12.89078045,80.22731781,77511,77523,12
12.89183044,80.22731781,77523,77533,10
12.89293957,80.22740173,77533,77543,10
12.89422989,80.22756958,77543,77553,10
12.8956604,80.22763824,77553,77563,10
12.89706993,80.22770691,77563,77573,10
12.89885044,80.22779846,77573,77583,10
12.90079975,80.22786713,77583,77674,91
12.90079975,80.22786713,77674,77684,10
12.90098953,80.22795105,77684,77695,11
12.90132999,80.22796631,77695,77705,10
12.90186024,80.22795105,77705,77715,10
12.90200043,80.22795868,77715,77725,10
12.90237999,80.2279892,77725,77735,10
12.90307999,80.2280426,77735,77745,10
12.90392017,80.22808075,77745,77755,10
12.90480042,80.22814941,77755,77765,10
12.90579987,80.2281723,77765,77775,10
12.90662003,80.22821808,77775,77785,10
12.90711021,80.22827911,77785,77795,10
12.90787983,80.22840118,77795,77806,11
12.90900993,80.22862244,77806,77816,10
12.9102602,80.2288208,77816,77826,10
12.9114399,80.22898865,77826,77836,10
12.91246986,80.22914124,77836,77846,10
12.91355991,80.22927094,77846,77856,10
12.9140501,80.22933197,77856,77866,10
12.91421986,80.22934723,77866,77876,10
12.91477966,80.22943115,77876,77886,10
12.91559982,80.22958374,77886,77896,10
12.9165802,80.22973633,77896,77907,11
12.91784954,80.2299118,77907,77917,10
12.91915989,80.23005676,77917,77927,10
12.92064953,80.23023987,77927,77937,10
12.92222023,80.23043823,77937,77947,10
12.92381954,80.23069,77947,77957,10
12.92537975,80.23088837,77957,77967,10
12.92630005,80.2309494,77967,77977,10
12.92638969,80.23097992,77977,77987,10
12.92679977,80.23103333,77987,77997,10
12.92751026,80.23111725,77997,78007,10
12.92840958,80.23123169,78007,78018,11
12.92943954,80.23133087,78018,78028,10
12.93082047,80.23178864,78028,78038,10
12.93214035,80.2322998,78038,78048,10
12.93340015,80.23271179,78048,78058,10
12.9338398,80.23300934,78058,78068,10
12.93381977,80.23343658,78068,78078,10
12.93381023,80.23370361,78078,78088,10
12.93498039,80.23338318,78088,78098,10
12.93570042,80.2336731,78098,78108,10
12.93659019,80.23406219,78108,78119,11
12.93799973,80.23477936,78119,78129,10
12.9393301,80.23551178,78129,78139,10
12.93974018,80.23568726,78139,78155,16
12.94011021,80.23586273,78155,78167,12
12.94099998,80.23609924,78167,78177,10
12.94180012,80.23631287,78177,78187,10
12.94307995,80.23686981,78187,78195,8
12.94386005,80.2376709,78195,78207,12
12.94501972,80.23908234,78207,78217,10
12.94614029,80.23959351,78217,78227,10
12.94709969,80.23995209,78227,78238,11
12.9472599,80.24002075,78238,78248,10
12.94740009,80.24009705,78248,78258,10
12.94824982,80.24043274,78258,78268,10
12.94882965,80.24062347,78268,78278,10
12.94894028,80.2409668,78278,78288,10
12.94884014,80.24066162,78288,78298,10
12.94925976,80.24082947,78298,78308,10
12.95005989,80.24105835,78308,78318,10
12.95090008,80.24133301,78318,78329,11
12.95102024,80.24137878,78329,78339,10
12.95145035,80.24154663,78339,78349,10
12.95211983,80.2417984,78349,78359,10
12.95304966,80.24217224,78359,78369,10
12.9539299,80.24250793,78369,78379,10
12.95495987,80.24291992,78379,78389,10
12.95565987,80.2431488,78389,78399,10
12.95631027,80.24336243,78399,78409,10
12.95652008,80.24346924,78409,78419,10
12.95705032,80.24372101,78419,78430,11
12.9579401,80.24410248,78430,78440,10
12.95868015,80.24449158,78440,78450,10
12.95890045,80.24453735,78450,78460,10
12.95932007,80.24472046,78460,78470,10
12.96004009,80.24504089,78470,78480,10
12.96098042,80.24546051,78480,78490,10
12.96207047,80.2460022,78490,78500,10
12.96292973,80.24642944,78500,78510,10
12.96327972,80.24658966,78510,78520,10
12.96356964,80.24674225,78520,78530,10
12.96407032,80.24694061,78530,78541,11
12.96477985,80.24717712,78541,78551,10
12.96562004,80.24746704,78551,78561,10
12.96640015,80.24777985,78561,78571,10
12.96660042,80.24787903,78571,78581,10
12.96683979,80.24803925,78581,78591,10
12.96734047,80.24826813,78591,78601,10
12.96817017,80.24862671,78601,78611,10
12.96920967,80.24903107,78611,78621,10
12.97052956,80.24952698,78621,78631,10
12.97181988,80.24992371,78631,78641,10
12.97294044,80.2502594,78641,78652,11
12.97379017,80.25048065,78652,78662,10
12.97459984,80.25066376,78662,78672,10
12.97560024,80.25093079,78672,78682,10
12.97663021,80.25121307,78682,78692,10
12.97747993,80.25160217,78692,78702,10
12.9782896,80.25222778,78702,78712,10
12.97863007,80.25243378,78712,78722,10
12.97883987,80.25254059,78722,78732,10
12.97968006,80.2526474,78732,78793,61
12.97968006,80.2526474,78793,78803,10
12.97992992,80.2526474,78803,78813,10
12.98036003,80.2526474,78813,78823,10
12.98097992,80.25261688,78823,78833,10
12.98178005,80.25260162,78833,78843,10
12.98283958,80.25254822,78843,78853,10
12.98396969,80.25232697,78853,78864,11
12.98517036,80.25202179,78864,78874,10
12.98604012,80.25177002,78874,78884,10
12.98666,80.25161743,78884,78894,10
12.98713017,80.2514801,78894,78904,10
12.98742962,80.25138092,78904,78992,88
12.98742962,80.25138092,78992,79003,11
12.98752975,80.25137329,79003,79013,10
12.98791027,80.251297,79013,79021,8
12.98828983,80.25121307,79021,79032,11
12.98917007,80.25099182,79032,79044,12
12.98950958,80.25090027,79044,79054,10
12.98970032,80.25083923,79054,79065,11
12.99020958,80.25071716,79065,79074,9
12.99085999,80.25055695,79074,79085,11
12.9918499,80.25031281,79085,79095,10
12.99289989,80.25003815,79095,79105,10
12.99407005,80.2497406,79105,79115,10
12.99534035,80.24944305,79115,79125,10
12.99660015,80.24910736,79125,79135,10
12.99792957,80.2487793,79135,79145,10
12.99929047,80.24845123,79145,79155,10
13.00061035,80.24813843,79155,79165,10
13.00189972,80.24781799,79165,79176,11
13.00335026,80.24751282,79176,79186,10
13.0046196,80.24732971,79186,79196,10
13.00557041,80.24716949,79196,79206,10
13.00627995,80.24684143,79206,79216,10
13.00648022,80.24651337,79216,79226,10
13.00652981,80.24642181,79226,79236,10
13.00660038,80.2460022,79236,79246,10
13.00658035,80.24539185,79246,79256,10
13.0065403,80.24475861,79256,79266,10
13.00658035,80.24398804,79266,79276,10
13.00658035,80.24311066,79276,79287,11
13.00658989,80.24205017,79287,79297,10
13.0065403,80.24131775,79297,79313,16
13.00662994,80.24034882,79313,79325,12
13.00669956,80.23986053,79325,79335,10
13.00687981,80.239151,79335,79345,10
13.00708961,80.23818207,79345,79355,10
13.00726032,80.23735809,79355,79365,10
13.00730991,80.23679352,79365,79375,10
13.00745964,80.23628235,79375,79385,10
13.00755024,80.2355423,79385,79396,11
13.00772953,80.23449707,79396,79406,10
13.00806046,80.23342133,79406,79415,9
13.0082798,80.23243713,79415,79426,11
13.00850964,80.23126984,79426,79436,10
13.00883007,80.23000336,79436,79446,10
13.00899029,80.22904205,79446,79456,10
13.00940037,80.22767639,79456,79466,10
13.00981998,80.22675323,79466,79476,10
13.0102396,80.22577667,79476,79486,10
13.01060009,80.22509766,79486,79497,11
13.01095009,80.22425842,79497,79507,10
13.0111599,80.22363281,79507,79517,10
13.01136971,80.22338104,79517,79527,10
13.01179981,80.22355652,79527,79537,10
13.01245022,80.22392273,79537,79547,10
13.01346016,80.22438812,79547,79557,10
13.01449013,80.2249527,79557,79567,10
13.01511002,80.22528076,79567,79577,10
13.01550961,80.2253418,79577,79587,10
13.01578045,80.22531128,79587,79598,11
13.01624012,80.22535706,79598,79608,10
13.01679993,80.22522736,79608,79618,10
13.01772022,80.22490692,79618,79628,10
13.01877975,80.22450256,79628,79638,10
13.0197401,80.22450256,79638,79647,9
13.02046967,80.22509766,79647,79658,11
13.02143955,80.22580719,79658,79668,10
13.02225971,80.22644043,79668,79678,10
13.02243996,80.22660065,79678,79688,10
13.02262974,80.2268219,79688,79698,10
13.02307034,80.22724915,79698,79709,11
13.0237999,80.2279129,79709,79719,10
13.02429962,80.22841644,79719,79729,10
13.02449989,80.22878265,79729,79739,10
13.02484035,80.22924805,79739,79749,10
13.02525997,80.22982025,79749,79759,10
13.02573967,80.23062134,79759,79769,10
13.02600956,80.23121643,79769,79779,10
13.02612019,80.23165894,79779,79789,10
13.02630997,80.23233032,79789,79799,10
13.02647972,80.23281097,79799,79810,11
13.02661037,80.23310852,79810,79820,10
13.02684975,80.23355103,79820,79830,10
13.0272398,80.23419952,79830,79840,10
13.02768993,80.23506927,79840,79850,10
13.02845955,80.23607635,79850,79860,10
13.02929974,80.23696899,79860,79870,10
13.02991009,80.23777771,79870,79880,10
13.03055954,80.23887634,79880,79890,10
13.03100014,80.23966217,79890,79900,10
13.03125,80.2400589,79900,79910,10
13.03135967,80.24051666,79910,79921,11
13.03153992,80.24111938,79921,79931,10
13.03178978,80.2416687,79931,79941,10
13.03213978,80.24226379,79941,79951,10
13.03265953,80.24288177,79951,79961,10
13.03322983,80.24368286,79961,79971,10
13.03382015,80.24445343,79971,79981,10
13.03423977,80.24507141,79981,79991,10
13.03479958,80.2457428,79991,80001,10
13.0352602,80.24606323,80001,80011,10
13.03528023,80.24606323,80011,80022,11
13.03553009,80.24609375,80022,80032,10
13.03592014,80.24627686,80032,80042,10
13.03647995,80.2463913,80042,80052,10
13.03707981,80.246521,80052,80062,10
13.03761959,80.24642944,80062,80072,10
13.03831959,80.24661255,80072,80082,10
13.03880024,80.24677277,80082,80092,10
13.03921986,80.24688721,80092,80102,10
13.03952026,80.24693298,80102,80112,10
13.0399704,80.24701691,80112,80122,10
13.0406599,80.24714661,80122,80133,11
13.04158974,80.24733734,80133,80143,10
13.04226971,80.24752045,80143,80153,10
13.04265022,80.24765778,80153,80163,10
13.04288006,80.24775696,80163,80173,10
13.04319,80.2478714,80173,80183,10
13.0436697,80.24796295,80183,80193,10
13.04419994,80.24786377,80193,80203,10
13.04481983,80.24794006,80203,80213,10
13.04524994,80.24819946,80213,80223,10
13.04574013,80.24845123,80223,80234,11
13.04640007,80.24849701,80234,80244,10
13.04691982,80.24841309,80244,80254,10
13.04703045,80.2484436,80254,80264,10
13.0474596,80.24874115,80264,80274,10
13.04800034,80.24928284,80274,80284,10
13.04846954,80.24967194,80284,80294,10
13.0490799,80.24971008,80294,80304,10
13.04990959,80.24983215,80304,80314,10
13.0508604,80.25005341,80314,80324,10
13.05175018,80.2504425,80324,80334,10
13.05241966,80.25115967,80334,80345,11
13.05311012,80.25209045,80345,80355,10
13.05358028,80.25276947,80355,80365,10
13.05416012,80.25356293,80365,80375,10
13.05477047,80.25434113,80375,80385,10
13.05519962,80.25492096,80385,80395,10
13.05558014,80.25543976,80395,80405,10
13.05597973,80.2559967,80405,80415,10
13.05634022,80.2564621,80415,80425,10
13.05704021,80.25710297,80425,80435,10
13.05768013,80.25775146,80435,80446,11
13.05832005,80.25849152,80446,80456,10
13.0588398,80.2591095,80456,80466,10
13.05914021,80.25966644,80466,80476,10
13.0594902,80.26010132,80476,80486,10
13.05980968,80.26032257,80486,80496,10
13.06029034,80.26085663,80496,80506,10
13.06091022,80.26165009,80506,80516,10
13.06151962,80.26229095,80516,80526,10
13.06196022,80.26289368,80526,80536,10
13.06256008,80.26361847,80536,80547,11
13.06326962,80.26448059,80547,80557,10
13.06375027,80.26529694,80557,80567,10
13.06414032,80.26582336,80567,80577,10
13.06464005,80.26641846,80577,80587,10
13.06507015,80.26696777,80587,80597,10
13.06566048,80.26740265,80597,80607,10
13.06573009,80.26750183,80607,80617,10
13.06591988,80.26782227,80617,80627,10
13.06624031,80.26821899,80627,80637,10
13.06655025,80.26843262,80637,80647,10
13.06688023,80.26863861,80647,80658,11
13.06744003,80.26898193,80658,80668,10
13.06803989,80.26934814,80668,80678,10
13.06816006,80.26979065,80678,80688,10
13.06807995,80.27060699,80688,80698,10
13.06805992,80.2712326,80698,80708,10
13.06824017,80.27155304,80708,80718,10
13.06830025,80.2716217,80718,80728,10
13.06836033,80.27168274,80728,80738,10
13.06865025,80.27192688,80738,80748,10
13.06921959,80.27218628,80748,80758,10
13.06976986,80.27275848,80758,80769,11
13.0703001,80.27339935,80769,80779,10
13.07067966,80.27391815,80779,80789,10
13.07081985,80.27404022,80789,80799,10
13.07091045,80.27406311,80799,80809,10
13.07124996,80.27414703,80809,80819,10
13.0717802,80.27440643,80819,80829,10
13.07215023,80.27480316,80829,80839,10
13.07256031,80.2752533,80839,80849,10
13.07304001,80.27577209,80849,80859,10
13.07357979,80.27631378,80859,80870,11
13.07435989,80.27635193,80870,80880,10
13.07514954,80.27629852,80880,80890,10
13.0756197,80.27628326,80890,80910,20
13.0756197,80.27628326,80910,80920,10
13.07594013,80.27626801,80920,80930,10
13.07629967,80.27626801,80930,80940,10
13.07688046,80.27623749,80940,80950,10
13.07754993,80.27617645,80950,80961,11
13.07810974,80.27587128,80961,80971,10
13.07831001,80.27535248,80971,80982,11
13.07876015,80.27513123,80982,80992,10
13.07917023,80.27519989,80992,81002,10
13.07977009,80.27529907,81002,81012,10
13.08057976,80.27523041,81012,81022,10
13.08133984,80.27514648,81022,81073,51
13.08133984,80.27514648,81073,81084,11
13.08160019,80.27519989,81084,81094,10
13.08183956,80.27529907,81094,81104,10
13.08191967,80.27580261,81104,81243,139
13.08191967,80.27580261,81243,81253,10
13.08187008,80.27596283,81253,81263,10
13.08176994,80.27612305,81263,81273,10
13.08181,80.27649689,81273,81283,10
13.08183002,80.27693939,81283,81294,11
13.08187008,80.27735901,81294,81304,10
13.08195972,80.27780151,81304,81314,10
13.08228016,80.27802277,81314,81324,10
13.0827198,80.27803802,81324,81334,10
13.08312988,80.2780838,81334,81344,10
13.08333969,80.27813721,81344,81354,10
13.08337975,80.27829742,81354,81363,9
13.08347988,80.27861786,81363,81374,11
13.08335972,80.27893829,81374,81384,10
13.08290005,80.27877045,81384,81393,9
13.08250046,80.2786026,81393,81405,12
13.08199978,80.2783432,81405,81415,10
13.08189011,80.27780151,81415,81425,10
13.08180046,80.27710724,81425,81435,10
13.08168983,80.27644348,81435,81445,10
13.08158016,80.27581787,81445,81455,10
13.08152008,80.27552032,81455,81465,10
13.08146,80.27526855,81465,81475,10
13.0812397,80.275177,81475,81485,10
13.08086014,80.27523804,81485,81495,10
13.08041,80.27529907,81495,81506,11
13.07983971,80.27536011,81506,81516,10
13.07929993,80.27529907,81516,81526,10
13.07874012,80.27519226,81526,81536,10
13.07828045,80.27552032,81536,81546,10
13.07806015,80.27610779,81546,81556,10
13.07750988,80.27625275,81556,81566,10
13.07693958,80.27629089,81566,81576,10
13.07643986,80.27632141,81576,81586,10
13.07594013,80.27632141,81586,81606,20
13.07594013,80.27632141,81606,81617,11
13.07584953,80.27616882,81617,81627,10
13.07590008,80.27590942,81627,81637,10
13.07606983,80.27557373,81637,81647,10
