12.99833965,80.25715637,17,6865,6848
12.99831009,80.25711823,6865,7340,475
12.99837017,80.25708771,7340,22610,15270
12.99837017,80.25708771,22610,22620,10
12.99831963,80.25711823,22620,22631,11
12.99802017,80.2569809,22631,22641,10
12.99755001,80.25708008,22641,22923,282
12.99755001,80.25708008,22923,22933,10
12.99752998,80.25682831,22933,22944,11
12.99769974,80.25615692,22944,22974,30
12.99769974,80.25615692,22974,22984,10
12.99765968,80.25595856,22984,22994,10
12.99728966,80.25592804,22994,23004,10
12.9969101,80.2559433,23004,23014,10
12.99647999,80.25589752,23014,23024,10
12.99575043,80.25588989,23024,23034,10
12.99526978,80.25589752,23034,23045,11
12.99481964,80.25592804,23045,23055,10
12.99407959,80.2559967,23055,23065,10
12.99308968,80.25605774,23065,23075,10
12.99199963,80.25608063,23075,23085,10
12.9910202,80.25602722,23085,23095,10
12.9902401,80.2559967,23095,23105,10
12.98882961,80.2559433,23105,23135,30
12.98882961,80.2559433,23135,23145,10
12.98851967,80.25589752,23145,23156,11
12.98787975,80.25582886,23156,23265,109
12.98787975,80.25582886,23265,23275,10
12.98686981,80.25569153,23275,23285,10
12.98686981,80.25569153,23285,23295,10
12.9860096,80.25552368,23295,23305,10
12.98513985,80.25531006,23305,23315,10
12.98421001,80.25508118,23315,23325,10
12.98328018,80.25480652,23325,23335,10
12.9823904,80.25453949,23335,23345,10
12.98188019,80.25382996,23345,23355,10
12.98167038,80.25296783,23355,23366,11
12.9808197,80.2527771,23366,23376,10
12.98034,80.25274658,23376,23386,10
12.9800396,80.25273895,23386,23396,10
12.97984028,80.25272369,23396,23406,10
12.97941971,80.25269318,23406,23416,10
12.97875977,80.25257874,23416,23426,10
12.97830963,80.25240326,23426,23436,10
12.97774982,80.25193024,23436,23446,10
12.97688007,80.2513504,23446,23457,11
12.97585011,80.25102234,23457,23467,10
12.97480965,80.25071716,23467,23477,10
12.97375965,80.25042725,23477,23487,10
12.97243977,80.25009918,23487,23497,10
12.97119999,80.24976349,23497,23507,10
12.96996021,80.2493515,23507,23517,10
12.96868038,80.24884033,23517,23527,10
12.96737957,80.24833679,23527,23537,10
12.96660042,80.24796295,23537,23547,10
12.96582985,80.24761963,23547,23558,11
12.96516991,80.24739838,23558,23568,10
12.96498013,80.24730682,23568,23578,10
12.96455956,80.24716187,23578,23588,10
12.96385956,80.24690247,23588,23598,10
12.96343994,80.24674988,23598,23608,10
12.9634304,80.24674988,23608,23618,10
12.96321964,80.24665833,23618,23634,16
12.96205997,80.24607086,23634,23646,12
12.96076965,80.24542999,23646,23656,10
12.95958996,80.24490356,23656,23667,11
12.9582901,80.24433136,23667,23675,8
12.95769024,80.24410248,23675,23686,11
12.95683956,80.24378204,23686,23697,11
12.95629025,80.24358368,23697,23707,10
12.95600033,80.24346924,23707,23716,9
12.95530987,80.24311829,23716,23727,11
12.95436001,80.24269867,23727,23736,9
12.95333958,80.24227905,23736,23746,10
12.95236015,80.24192047,23746,23757,11
12.9518404,80.24172974,23757,23768,11
12.95123959,80.24152374,23768,23778,10
12.95036983,80.2412262,23778,23788,10
12.94933987,80.24092102,23788,23798,10
12.94904041,80.24082947,23798,23808,10
12.94878006,80.24073029,23808,23818,10
12.94812012,80.240448,23818,23828,10
12.94729042,80.24009705,23828,23838,10
12.9470396,80.23999786,23838,23848,10
12.9467802,80.23989105,23848,23858,10
12.94612026,80.23960876,23858,23869,11
12.94513988,80.23905945,23869,23879,10
12.94425011,80.23812866,23879,23889,10
12.94338036,80.23716736,23889,23905,16
12.94149017,80.23623657,23905,23917,12
12.93988991,80.2358017,23917,23927,10
12.93861008,80.23519135,23927,23937,10
12.93731976,80.23455048,23937,23947,10
12.93616009,80.23400879,23947,23957,10
12.93556023,80.23374939,23957,23967,10
12.93490028,80.23345947,23967,23978,11
12.93393993,80.23300934,23978,23988,10
12.93297958,80.23258209,23988,23998,10
12.93185997,80.23214722,23998,24008,10
12.93074989,80.23178101,24008,24018,10
12.92942047,80.23142242,24018,24028,10
12.92901993,80.23135376,24028,24038,10
12.92842007,80.23123169,24038,24048,10
12.92733955,80.23108673,24048,24057,9
12.9263401,80.23098755,24057,24067,10
12.92607975,80.23097992,24067,24079,12
12.92580032,80.2309494,24079,24088,9
12.92518044,80.23088074,24088,24099,11
12.92422962,80.23075867,24099,24109,10
12.92292976,80.23059082,24109,24119,10
12.92156029,80.23036957,24119,24129,10
12.92014027,80.23020172,24129,24139,10
12.91874027,80.23000336,24139,24149,10
12.91748047,80.22982025,24149,24159,10
12.91606998,80.22963715,24159,24169,10
12.91464996,80.22943878,24169,24180,11
12.9134798,80.22933197,24180,24190,10
12.91327953,80.22930908,24190,24200,10
12.91322994,80.22928619,24200,24210,10
12.91271019,80.2292099,24210,24220,10
12.91180038,80.22907257,24220,24230,10
12.91063976,80.22889709,24230,24240,10
12.90937996,80.2286911,24240,24250,10
12.90806961,80.22846985,24250,24260,10
12.90688038,80.22831726,24260,24270,10
12.90629959,80.22827911,24270,24281,11
12.90608978,80.22825623,24281,24291,10
12.90544033,80.22823334,24291,24301,10
12.90445995,80.2281723,24301,24311,10
12.90326977,80.22810364,24311,24321,10
12.90202045,80.22801971,24321,24331,10
12.90110016,80.22798157,24331,24351,20
12.90110016,80.22798157,24351,24361,10
12.90091038,80.22794342,24361,24371,10
12.90025997,80.22789764,24371,24382,11
12.89949989,80.22788239,24382,24392,10
12.89945984,80.22788239,24392,24402,10
12.8990202,80.22783661,24402,24412,10
12.89817047,80.22779846,24412,24422,10
12.89710999,80.22773743,24422,24432,10
12.89587021,80.22769165,24432,24442,10
12.8946104,80.22763824,24442,24452,10
12.89340019,80.2275238,24452,24462,10
12.89241982,80.22740173,24462,24472,10
12.89128017,80.22737122,24472,24482,10
12.88998985,80.22737122,24482,24492,10
12.8885498,80.22737885,24492,24513,21
12.8885498,80.22737885,24513,24523,10
12.88825989,80.22737122,24523,24533,10
12.88755989,80.22727966,24533,24543,10
12.88661957,80.22709656,24543,24553,10
12.88547993,80.2268219,24553,24563,10
12.88459969,80.22672272,24563,24573,10
12.88352013,80.22673035,24573,24583,10
12.88222027,80.22673798,24583,24594,11
12.88082981,80.22673798,24594,24604,10
12.8794899,80.22675323,24604,24614,10
12.87804985,80.22682953,24614,24624,10
12.87675953,80.22695923,24624,24634,10
12.87639999,80.22676849,24634,24644,10
12.87642002,80.22650146,24644,24654,10
12.87648964,80.22595978,24654,24664,10
12.87658978,80.22503662,24664,24674,10
12.87674046,80.22393036,24674,24684,10
12.87703037,80.22268677,24684,24695,11
12.87736034,80.22123718,24695,24705,10
12.87767982,80.21988678,24705,24715,10
12.87798977,80.21849823,24715,24725,10
12.87827015,80.21710205,24725,24735,10
12.87854958,80.21572876,24735,24745,10
12.87884045,80.21440125,24745,24755,10
12.87907982,80.21308899,24755,24765,10
12.87932968,80.21177673,24765,24775,10
12.87934017,80.21098328,24775,24785,10
12.87903023,80.21090698,24785,24796,11
12.8786602,80.21085358,24796,24806,10
12.87790966,80.21071625,24806,24816,10
12.87701988,80.21054077,24816,24826,10
12.87609959,80.21037292,24826,24836,10
12.87578964,80.21031952,24836,24846,10
12.87528992,80.21024323,24846,24856,10
12.87460041,80.21009827,24856,24866,10
12.8745203,80.21009064,24866,24876,10
12.87438965,80.2099762,24876,24886,10
12.87450027,80.20957184,24886,24897,11
12.87475967,80.2097168,24897,24907,10
12.87471962,80.2097168,24907,26532,1625
12.87471962,80.2097168,26532,26542,10
12.87469959,80.21000671,26542,26623,81
12.87469959,80.21000671,26623,26633,10
12.87475967,80.21018982,26633,26643,10
12.87497044,80.21022034,26643,26654,11
12.87504005,80.21022797,26654,26664,10
12.87541962,80.210289,26664,26674,10
12.87594986,80.21038055,26674,26684,10
12.87662029,80.21051788,26684,26694,10
12.87728977,80.21063995,26694,26704,10
12.87796021,80.21076965,26704,26714,10
12.87868977,80.21092224,26714,26724,10
12.87928009,80.21102142,26724,26744,20
12.87928009,80.21102142,26744,26755,11
12.8793602,80.21102905,26755,26765,10
12.87950039,80.21134186,26765,26775,10
12.87938023,80.21195984,26775,26785,10
12.87924004,80.21273041,26785,26795,10
12.87907028,80.21360016,26795,26805,10
12.87887955,80.21457672,26805,26815,10
12.87866974,80.21559906,26815,26825,10
12.87845993,80.21659851,26825,26835,10
12.87825966,80.21761322,26835,26845,10
12.87804985,80.21864319,26845,26856,11
12.8777504,80.22006989,26856,26926,70
12.8777504,80.22006989,26926,26936,10
12.87773037,80.22013855,26936,26946,10
12.87761021,80.22058868,26946,26958,12
12.8774004,80.22149658,26958,26968,10
12.8771801,80.22242737,26968,26978,10
12.87693977,80.22345734,26978,26989,11
12.87672043,80.22467041,26989,26998,9
12.8766098,80.22570801,26998,27009,11
12.87650013,80.22686768,27009,27039,30
12.87650013,80.22686768,27039,27049,10
12.87662029,80.22691345,27049,27059,10
12.87709045,80.22685242,27059,27070,11
12.87798023,80.22678375,27070,27080,10
12.87897968,80.22669983,27080,27090,10
12.88018036,80.22666168,27090,27100,10
12.88148975,80.22666931,27100,27110,10
12.88286018,80.22666168,27110,27120,10
12.88424015,80.22663879,27120,27130,10
12.8852396,80.22663879,27130,27150,20
12.8852396,80.22663879,27150,27160,10
12.88545036,80.22666931,27160,27171,11
12.88609982,80.22682953,27171,27181,10
12.88696957,80.22707367,27181,27191,10
12.88799,80.22721863,27191,27201,10
12.88852024,80.22724915,27201,27211,10
12.88852024,80.22724152,27211,27227,16
12.88875008,80.22724915,27227,27239,12
12.88955975,80.22727203,27239,27247,8
12.89027977,80.22727203,27247,27259,12
12.8915596,80.22727203,27259,27269,10
12.89276028,80.2273407,27269,27280,11
12.89418983,80.22749329,27280,27300,20
12.89418983,80.22749329,27300,27310,10
12.89447021,80.2275238,27310,27320,10
12.89511967,80.22753906,27320,27330,10
12.89601994,80.22757721,27330,27340,10
12.89710045,80.22763062,27340,27350,10
12.89834023,80.22769928,27350,27360,10
12.89960003,80.2277832,27360,27370,10
12.90065956,80.22779846,27370,27391,21
12.90065956,80.22779846,27391,27401,10
12.90095043,80.22782135,27401,27411,10
12.90132046,80.22788239,27411,27421,10
12.90196991,80.22789764,27421,27431,10
12.90264988,80.22792816,27431,27451,20
12.90264988,80.22792816,27451,27461,10
12.90291023,80.22795868,27461,27471,10
12.90355015,80.22799683,27471,27482,11
12.90454006,80.22805786,27482,27492,10
12.90550041,80.22810364,27492,27502,10
12.90600014,80.22811127,27502,27512,10
12.90625,80.2281189,27512,27522,10
12.90641975,80.22814178,27522,27532,10
12.90657997,80.22814941,27532,27542,10
12.90688038,80.22817993,27542,27552,10
12.90697956,80.22820282,27552,27561,9
12.9070797,80.22821045,27561,27572,11
12.90765953,80.22827911,27572,27583,11
12.90859032,80.22843933,27583,27593,10
12.90964031,80.22862244,27593,27603,10
12.91082001,80.22881317,27603,27613,10
12.91203022,80.22898102,27613,27623,10
12.91318035,80.22914124,27623,27633,10
12.91394997,80.22921753,27633,27643,10
12.91399002,80.22923279,27643,27653,10
12.91421032,80.22927856,27653,27663,10
12.91479969,80.22936249,27663,27673,10
12.9156599,80.22949219,27673,27684,11
12.91679955,80.22963715,27684,27694,10
12.9179697,80.22979736,27694,27704,10
12.91899967,80.22992706,27704,27714,10
12.91934013,80.22998047,27714,27724,10
12.9194603,80.2299881,27724,27734,10
12.91998959,80.23005676,27734,27744,10
12.92082024,80.23016357,27744,27754,10
12.92183018,80.2303009,27754,27764,10
12.9230299,80.23047638,27764,27780,16
12.92508984,80.23075867,27780,27793,13
12.92632961,80.23088837,27793,27803,10
12.92640018,80.23090363,27803,27813,10
12.92652035,80.23091125,27813,27823,10
12.92702007,80.23097229,27823,27833,10
12.92782021,80.23107147,27833,27838,5
12.92819023,80.23111725,27838,27853,15
12.92988014,80.23143768,27853,27863,10
12.93097019,80.23174286,27863,27873,10
12.93198013,80.23207092,27873,27883,10
12.93301964,80.23242188,27883,27893,10
12.93363953,80.23269653,27893,27914,21
12.93363953,80.23269653,27914,27924,10
12.93379021,80.23280334,27924,27947,23
12.9353199,80.23348236,27947,27959,12
12.93628025,80.23394775,27959,27969,10
12.93706989,80.23435211,27969,27978,9
12.93793964,80.23474884,27978,27989,11
12.93908024,80.23532104,27989,27999,10
12.9396801,80.23561096,27999,28010,11
12.93968964,80.23561859,28010,28020,10
12.93992043,80.23573303,28020,28029,9
12.94042015,80.23590088,28029,28040,11
12.94134045,80.23612976,28040,28050,10
12.94233036,80.23638153,28050,28060,10
12.94330025,80.2368927,28060,28070,10
12.94375992,80.23735046,28070,28080,10
12.94382,80.23744202,28080,28090,10
12.94414997,80.23777771,28090,28100,10
12.94470024,80.2383728,28100,28111,11
12.94548988,80.23914337,28111,28121,10
12.9464798,80.23961639,28121,28131,10
12.94709969,80.23986816,28131,28152,21
12.94731045,80.23999023,28152,28164,12
12.94793987,80.24027252,28164,28174,10
12.94867992,80.24059296,28174,28194,20
12.94867992,80.24059296,28194,28204,10
12.94892025,80.24067688,28204,28215,11
12.94956017,80.24089813,28215,28225,10
12.95040989,80.24114227,28225,28235,10
12.95110035,80.24131775,28235,28245,10
12.95112038,80.24131775,28245,28254,9
12.95127964,80.24137115,28254,28265,11
12.9518404,80.24157715,28265,28275,10
12.95261955,80.24186707,28275,28285,10
12.95351028,80.24224091,28285,28295,10
12.95446014,80.24263,28295,28305,10
12.9551897,80.24291229,28305,28316,11
12.95594978,80.2431488,28316,28326,10
12.95625019,80.24324036,28326,28336,10
12.95641994,80.24330902,28336,28346,10
12.95672035,80.24342346,28346,28356,10
12.95732975,80.24373627,28356,28366,10
12.95806026,80.24408722,28366,28376,10
12.95874023,80.24434662,28376,28386,10
12.95890999,80.24443054,28386,28396,10
12.95897961,80.24447632,28396,28406,10
12.95932961,80.24465179,28406,28417,11
12.95981026,80.24487305,28417,28427,10
12.96053028,80.24520111,28427,28437,10
12.96137047,80.24559784,28437,28447,10
12.96234035,80.24607086,28447,28457,10
12.96327972,80.24655151,28457,28507,50
12.96327972,80.24655151,28507,28518,11
12.96345043,80.2466507,28518,28528,10
12.96389961,80.24684143,28528,28538,10
12.96457958,80.24710083,28538,28548,10
12.96547031,80.24738312,28548,28558,10
12.96640015,80.24772644,28558,28578,20
12.96640015,80.24772644,28578,28588,10
12.9664402,80.2477417,28588,28598,10
12.96671963,80.24790192,28598,28608,10
12.96714973,80.24812317,28608,28618,10
12.96782017,80.24842072,28618,28629,11
12.96879959,80.24880219,28629,28639,10
12.9698,80.24919128,28639,28648,9
12.97076035,80.24954224,28648,28659,11
12.97198009,80.24989319,28659,28669,10
12.97307014,80.25016785,28669,28679,10
12.97404003,80.25041199,28679,28689,10
12.97441006,80.25048065,28689,28699,10
12.97455025,80.25052643,28699,28709,10
12.97507954,80.25068665,28709,28719,10
12.97585964,80.25092316,28719,28730,11
12.97692013,80.25124359,28730,28740,10
12.97789955,80.25183868,28740,28750,10
12.97883034,80.25247955,28750,28760,10
12.97953987,80.25254059,28760,28770,10
12.97998047,80.25228119,28770,28790,20
12.97998047,80.25228119,28790,28800,10
12.98001957,80.25196838,28800,28810,10
12.9802103,80.25141907,28810,28820,10
12.98040009,80.25081635,28820,28831,11
12.9805603,80.25021362,28831,28841,10
12.98071957,80.24939728,28841,28851,10
12.98079967,80.24845886,28851,28861,10
12.98087025,80.24732208,28861,28871,10
12.98099995,80.2460022,28871,28881,10
12.9811697,80.24462128,28881,28891,10
12.9812603,80.2436676,28891,28901,10
12.98136997,80.24289703,28901,28921,20
12.98136997,80.24289703,28921,28932,11
12.98138046,80.24263763,28932,28942,10
12.98138046,80.24204254,28942,28952,10
12.98136997,80.24128723,28952,28962,10
12.98136997,80.24047852,28962,28972,10
12.98134995,80.2396698,28972,28982,10
12.98130989,80.23889923,28982,28992,10
12.98128986,80.23812103,28992,29002,10
12.98128986,80.23802948,29002,29012,10
12.98128986,80.23796082,29012,29022,10
12.98128986,80.2379303,29022,29032,10
12.98128033,80.23783112,29032,29043,11
12.98126984,80.23737335,29043,29053,10
12.98124981,80.23661041,29053,29063,10
12.98122025,80.235672,29063,29073,10
12.98120022,80.23462677,29073,29083,10
12.98157978,80.23348999,29083,29113,30
12.98157978,80.23348999,29113,29123,10
12.98174,80.23322296,29123,29133,10
12.98194027,80.23272705,29133,29144,11
12.98204041,80.23226166,29144,29154,10
12.98200989,80.23191071,29154,29164,10
12.9819603,80.23139954,29164,29174,10
12.98180008,80.23088074,29174,29184,10
12.98157024,80.23043823,29184,29194,10
12.9811697,80.22979736,29194,29204,10
12.98085976,80.22930908,29204,29214,10
12.98081017,80.22924042,29214,29224,10
12.98075008,80.22915649,29224,29234,10
12.98064041,80.22897339,29234,29245,11
12.98058987,80.22885895,29245,29255,10
12.98036957,80.22852325,29255,29265,10
12.98021984,80.22814941,29265,29275,10
12.97988033,80.22757721,29275,29285,10
12.97943974,80.22688293,29285,29295,10
12.97900009,80.22614288,29295,29305,10
12.97856998,80.22543335,29305,29315,10
12.97819996,80.22483063,29315,29325,10
12.9779501,80.22451782,29325,29335,10
12.97762966,80.22398376,29335,29345,10
12.97723007,80.22332001,29345,29356,11
12.97694969,80.22280121,29356,29376,20
12.97694969,80.22280121,29376,29386,10
12.97727966,80.22267151,29386,29406,20
12.97727966,80.22267151,29406,29416,10
12.97749043,80.22263336,29416,29426,10
12.97754002,80.22229767,29426,29436,10
12.97751045,80.22176361,29436,29446,10
12.97749043,80.22138977,29446,29457,11
12.97766018,80.22120667,29457,29467,10
12.97809029,80.22119904,29467,29477,10
12.97887993,80.221138,29477,29487,10
12.97976971,80.22107697,29487,29497,10
12.98069954,80.22097778,29497,29507,10
12.98139954,80.22116852,29507,29517,10
12.98204994,80.22161865,29517,29527,10
12.9826498,80.2218399,29527,29537,10
12.98289013,80.2219162,29537,29547,10
12.98297977,80.22197723,29547,29558,11
12.9830904,80.22203827,29558,29568,10
12.98336983,80.22223663,29568,29578,10
12.9839201,80.22257996,29578,29588,10
12.98462963,80.22299957,29588,29598,10
12.98532009,80.22328186,29598,29608,10
12.98575974,80.22299957,29608,29618,10
12.98641968,80.2229538,29618,29628,10
12.98655033,80.22296143,29628,29638,10
12.98661995,80.2229538,29638,29648,10
12.9868803,80.22299194,29648,29659,11
12.98742962,80.22306061,29659,29669,10
12.98812008,80.22283173,29669,29679,10
12.98878002,80.22225189,29679,29689,10
12.98937988,80.22149658,29689,29699,10
12.99046993,80.22033691,29699,29719,20
12.99046993,80.22033691,29719,29729,10
12.9905901,80.22028351,29729,29739,10
12.99092007,80.22000122,29739,29749,10
12.99139023,80.21961212,29749,29759,10
12.99166965,80.21939087,29759,29770,11
12.99225998,80.21894836,29770,29780,10
12.99302006,80.21842957,29780,29790,10
12.9939003,80.2178421,29790,29800,10
12.99466991,80.21727753,29800,29816,16
12.99584961,80.21663666,29816,29828,12
12.99697018,80.21646118,29828,29836,8
12.99757004,80.2161026,29836,29858,22
12.99757004,80.2161026,29858,29869,11
12.99785995,80.21582794,29869,29879,10
12.99831963,80.21539307,29879,29889,10
12.9988699,80.21491241,29889,29899,10
12.99913979,80.21469879,29899,29909,10
12.99948025,80.21440887,29909,29919,10
12.99993038,80.2140274,29919,29929,10
13.00037003,80.21363831,29929,29939,10
13.0010004,80.21308899,29939,29949,10
13.00164986,80.2126236,29949,29959,10
13.00238037,80.21218109,29959,29970,11
13.0030899,80.21205902,29970,29980,10
13.00368977,80.21190643,29980,30000,20
13.00368977,80.21190643,30000,30010,10
13.00372982,80.21160889,30010,30020,10
13.00370026,80.21103668,30020,30030,10
13.00362015,80.2104187,30030,30040,10
13.00354004,80.20974731,30040,30050,10
13.00362015,80.20915222,30050,30060,10
13.00417042,80.2086792,30060,30070,10
13.00489044,80.20899963,30070,30081,11
13.00566006,80.20932007,30081,30091,10
13.00621986,80.2095108,30091,30101,10
13.00687027,80.20970154,30101,30151,50
13.00687027,80.20970154,30151,30161,10
13.00706959,80.20979309,30161,30171,10
13.00743961,80.20987701,30171,30182,11
13.00784016,80.20993805,30182,30192,10
13.00804043,80.2099762,30192,30202,10
13.00819969,80.20974731,30202,30212,10
13.00806046,80.2091217,30212,30222,10
13.00792027,80.20831299,30222,30232,10
13.00776958,80.20742035,30232,30242,10
13.00763035,80.20645905,30242,30252,10
13.00753975,80.20546722,30252,30262,10
13.00753021,80.20458221,30262,30272,10
13.00745964,80.20368958,30272,30282,10
13.00720978,80.2026825,30282,30293,11
13.00652027,80.20294189,30293,30303,10
13.00681973,80.20333862,30303,30313,10
13.00737,80.20359039,30313,30323,10
13.00823975,80.20372009,30323,30333,10
13.00938034,80.2036438,30333,30343,10
13.01066017,80.20362091,30343,30353,10
13.01200008,80.20378113,30353,30363,10
13.01323032,80.20406342,30363,30373,10
13.01375961,80.2042923,30373,30383,10
13.01368046,80.20462799,30383,30430,47
13.01368046,80.20462799,30430,30442,12
13.0135498,80.20490265,30442,30452,10
13.01338959,80.20533752,30452,30461,9
13.01311016,80.20620728,30461,30472,11
13.01294041,80.20780182,30472,30482,10
13.01294041,80.20780182,30482,30493,11
13.01290035,80.20818329,30493,30503,10
13.0128603,80.20832062,30503,30513,10
13.01288033,80.20861053,30513,30523,10
13.01294041,80.20909119,30523,30533,10
13.01315022,80.20961761,30533,30543,10
13.0131197,80.21016693,30543,30553,10
13.01299953,80.21092224,30553,30563,10
13.0127697,80.21141815,30563,30573,10
13.01245975,80.21201324,30573,30583,10
13.01202011,80.21270752,30583,30593,10
13.01179028,80.21279144,30593,30604,11
13.01124001,80.21240234,30604,30614,10
13.01056957,80.21192169,30614,30654,40
13.01056957,80.21192169,30654,30664,10
13.01031971,80.21173859,30664,30674,10
13.01002979,80.21156311,30674,30795,121
13.00996017,80.21141815,30795,30937,142
13.00996017,80.21141815,30937,30947,10
13.00959969,80.21118164,30947,31139,192
13.00942039,80.2110672,31139,31755,616
13.00938988,80.21102905,31755,31987,232
13.00938988,80.21102905,31987,31997,10
13.00920963,80.21121216,31997,32007,10
13.00912952,80.21134186,32007,32017,10
13.00909996,80.21172333,32017,32027,10
13.0092802,80.21234131,32027,32037,10
13.00951958,80.21304321,32037,32046,9
13.00977993,80.21369934,32046,32058,12
13.01014042,80.21460724,32058,32068,10
13.01027012,80.21553802,32068,32078,10
13.01062012,80.21643066,32078,32088,10
13.01105976,80.21736145,32088,32098,10
13.01140976,80.21829224,32098,32108,10
13.01177025,80.21935272,32108,32118,10
13.01210022,80.22044373,32118,32127,9
13.01231956,80.22120667,32127,32137,10
13.01243973,80.22161102,32137,32148,11
13.01280975,80.22213745,32148,32158,10
13.01334953,80.22273254,32158,32169,11
13.01397991,80.22344971,32169,32179,10
13.01436043,80.22398376,32179,32189,10
13.0149498,80.22463989,32189,32199,10
13.01539993,80.22518158,32199,32209,10
13.01543045,80.22557831,32209,32219,10
13.01517963,80.22586823,32219,32229,10
13.01455021,80.22612762,32229,32238,9
13.01385975,80.22638702,32238,32248,10
13.01298046,80.22673035,32248,32259,11
13.01183987,80.22718048,32259,32270,11
13.01066971,80.22763824,32270,32280,10
13.00971985,80.22789764,32280,32290,10
13.00963974,80.22728729,32290,32300,10
13.0099802,80.2265625,32300,32310,10
13.01035976,80.22567749,32310,32320,10
13.01054001,80.22527313,32320,32330,10
13.0106802,80.22493744,32330,32340,10
13.0109396,80.22429657,32340,32350,10
13.01117992,80.22363281,32350,32360,10
13.01126003,80.22316742,32360,32371,11
13.01039028,80.22277832,32371,32401,30
13.01039028,80.22277832,32401,32411,10
13.01006985,80.22258759,32411,32572,161
13.01006985,80.22258759,32572,32583,11
13.00994968,80.22254181,32583,32593,10
13.0096302,80.22238922,32593,32603,10
13.00909042,80.22210693,32603,32613,10
13.00837994,80.22167969,32613,32623,10
13.0075798,80.22126007,32623,32633,10
13.00671959,80.22080994,32633,32643,10
13.00570011,80.22052002,32643,32653,10
13.00473976,80.22029877,32653,32662,9
13.00456047,80.22026062,32662,32673,11
13.00438023,80.22019196,32673,32683,10
13.00386047,80.22006226,32683,32694,11
13.00302029,80.21984863,32694,32704,10
13.00224972,80.21929932,32704,32714,10
13.00154018,80.21858978,32714,32724,10
13.00076008,80.21806335,32724,32734,10
12.99981976,80.21746826,32734,32744,10
12.99901009,80.21701813,32744,32754,10
12.99750042,80.21653748,32754,32784,30
12.99750042,80.21653748,32784,32795,11
12.99724007,80.21650696,32795,32805,10
12.99668026,80.21656036,32805,32815,10
12.99592018,80.21674347,32815,32825,10
12.99512959,80.21707916,32825,32835,10
12.99454021,80.21749115,32835,32845,10
12.99398041,80.21788025,32845,32855,10
12.99335957,80.21829987,32855,32865,10
12.9926796,80.21881866,32865,32874,9
12.99197006,80.21933746,32874,32885,11
12.99083996,80.2201767,32885,32916,31
12.99083996,80.2201767,32916,32926,10
12.99057007,80.22036743,32926,32936,10
12.99020958,80.22070313,32936,32946,10
12.98962975,80.22132111,32946,32956,10
12.98915005,80.22187805,32956,32966,10
12.98849964,80.22260284,32966,32976,10
12.98766994,80.22309875,32976,32996,20
12.98766994,80.22309875,32996,33007,11
12.98729038,80.22309113,33007,33017,10
12.98674011,80.2230072,33017,33027,10
12.98608971,80.22299194,33027,33037,10
12.98552036,80.22328186,33037,33047,10
12.98493958,80.22322083,33047,33057,10
12.9843998,80.22292328,33057,33067,10
12.98402977,80.22270966,33067,33077,10
12.98363018,80.22247314,33077,33087,10
12.98324013,80.22221375,33087,33108,21
12.98324013,80.22221375,33108,33118,10
12.98305988,80.2220993,33118,33128,10
12.98268032,80.22193909,33128,33138,10
12.98211002,80.22167206,33138,33148,10
12.98157978,80.22128296,33148,33158,10
12.98083973,80.22107697,33158,33168,10
12.98009968,80.221138,33168,33178,10
12.97906017,80.22116089,33178,33198,20
12.97906017,80.22116089,33198,33208,10
12.97883987,80.221138,33208,33219,11
12.97826958,80.22116852,33219,33229,10
12.97758961,80.22125244,33229,33239,10
12.97669983,80.22131348,33239,33249,10
12.97618008,80.22142029,33249,33259,10
12.97642994,80.22190094,33259,33299,40
12.97642994,80.22190094,33299,33309,10
12.97644997,80.22219849,33309,33320,11
12.97675037,80.22261047,33320,33330,10
12.97716045,80.2232132,33330,33340,10
12.97754955,80.22386169,33340,33350,10
12.97797966,80.22453308,33350,33360,10
12.97838974,80.22518158,33360,33370,10
12.9788599,80.22592926,33370,33380,10
12.97926044,80.2265625,33380,33400,20
12.97926044,80.2265625,33400,33410,10
12.97929955,80.22666931,33410,33421,11
12.97953987,80.22705841,33421,33431,10
12.97988987,80.22760773,33431,33441,10
12.98031998,80.22830963,33441,33451,10
12.98075008,80.22905731,33451,33461,10
12.98097992,80.2294693,33461,33471,10
12.98132038,80.22998047,33471,33481,10
12.98167992,80.23049927,33481,33491,10
12.98171043,80.23055267,33491,33501,10
12.98173046,80.2305603,33501,33517,16
12.98198986,80.23121643,33517,33529,12
12.98206043,80.23210144,33529,33540,11
12.98190022,80.23291016,33540,33550,10
12.98161983,80.23358154,33550,33570,20
12.98161983,80.23358154,33570,33580,10
12.98149967,80.23377228,33580,33590,10
12.9812603,80.23429871,33590,33600,10
12.98122025,80.23503876,33600,33610,10
12.98124981,80.23607635,33610,33620,10
12.98128033,80.2371521,33620,33630,10
12.98134041,80.23869324,33630,33661,31
12.98134041,80.23869324,33661,33671,10
12.98134041,80.23885345,33671,33681,10
12.98136044,80.23931885,33681,33691,10
12.98136044,80.2399292,33691,33701,10
12.98136997,80.2407074,33701,33711,10
12.98138046,80.24162292,33711,33721,10
12.98139954,80.24291229,33721,33762,41
12.98139954,80.24291229,33762,33772,10
12.98139,80.2430191,33772,33782,10
12.98139,80.24330139,33782,33792,10
12.98136044,80.24382019,33792,33802,10
12.98124027,80.24452972,33802,33812,10
12.98112011,80.24539948,33812,33828,16
12.98093987,80.24703979,33828,33840,12
12.98083019,80.2484436,33840,33851,11
12.98069,80.24974823,33851,33861,10
12.98042011,80.25093842,33861,33871,10
12.98015022,80.25199127,33871,33879,8
12.98005009,80.25224304,33879,33890,11
12.97994995,80.2525177,33890,33901,11
12.97957993,80.25276947,33901,33910,9
12.97854042,80.25257874,33910,33941,31
12.97854042,80.25257874,33941,33952,11
12.97836018,80.25244141,33952,33963,11
12.97784996,80.25200653,33963,33973,10
12.97714996,80.25147247,33973,33983,10
12.97616959,80.25113678,33983,33993,10
12.97504997,80.25081635,33993,34003,10
12.97383976,80.25048065,34003,34013,10
12.97259998,80.25018311,34013,34033,20
12.97259998,80.25018311,34033,34043,10
12.97239971,80.25013733,34043,34054,11
12.97179985,80.24993896,34054,34064,10
12.97099972,80.24971771,34064,34074,10
12.97006989,80.24939728,34074,34084,10
12.96903038,80.24899292,34084,34094,10
12.96794987,80.24855804,34094,34104,10
12.96706963,80.24817657,34104,34114,10
12.96576023,80.24759674,34114,34124,10
12.96506023,80.24739075,34124,34144,20
12.96506023,80.24739075,34144,34155,11
12.96492004,80.24739075,34155,34165,10
12.96446037,80.24719238,34165,34175,10
12.96374035,80.24690247,34175,34185,10
12.96288967,80.24649811,34185,34195,10
12.96189976,80.24597931,34195,34205,10
12.96088982,80.2454834,34205,34215,10
12.95938015,80.24482727,34215,34235,20
12.95938015,80.24482727,34235,34245,10
12.95932961,80.24481201,34245,34255,10
12.95913029,80.24466705,34255,34266,11
12.95853996,80.24440765,34266,34282,16
12.95748997,80.2440033,34282,34294,12
12.95660973,80.24368286,34294,34304,10
12.95621014,80.2435379,34304,34314,10
12.95569992,80.24329376,34314,34324,10
12.95479965,80.24288177,34324,34334,10
12.9539299,80.24250793,34334,34344,10
12.95281029,80.24205017,34344,34354,10
12.95193958,80.24172211,34354,34365,11
12.95166969,80.2416687,34365,34375,10
12.95153046,80.24162292,34375,34385,10
12.95100021,80.24141693,34385,34395,10
12.95018005,80.24118042,34395,34405,10
12.94917965,80.24085999,34405,34415,10
12.94812965,80.24043274,34415,34425,10
12.94725037,80.2400589,34425,34433,8
12.9471302,80.24002075,34433,34445,12
12.94707012,80.23999023,34445,34455,10
12.94668007,80.23983002,34455,34465,10
12.9460001,80.2395401,34465,34476,11
12.94511032,80.23903656,34476,34486,10
12.94433975,80.23815918,34486,34496,10
12.94361973,80.23742676,34496,34506,10
12.94342041,80.23722076,34506,34516,10
12.94318962,80.23699951,34516,34526,10
12.94258022,80.23661041,34526,34536,10
12.94165993,80.23629761,34536,34545,9
12.94069958,80.2360611,34545,34556,11
12.93982029,80.2358017,34556,34566,10
12.93978024,80.2358017,34566,34577,11
12.93966007,80.23573303,34577,34587,10
12.93916988,80.23552704,34587,34597,10
12.93840027,80.23513794,34597,34607,10
12.93745995,80.23461914,34607,34617,10
12.93642998,80.23410797,34617,34627,10
12.93585968,80.23381042,34627,34637,10
12.93585968,80.2338028,34637,34647,10
12.93562984,80.23368073,34647,34657,10
12.93500996,80.2334137,34657,34667,10
12.93418026,80.23307037,34667,34678,11
12.93385983,80.23294067,34678,34688,10
12.93375969,80.23290253,34688,34698,10
12.93325043,80.23268127,34698,34708,10
12.9324398,80.23238373,34708,34718,10
12.93142033,80.23204041,34718,34728,10
12.93029976,80.23169708,34728,34738,10
12.92934036,80.23148346,34738,34747,9
12.92897987,80.23142242,34747,34758,11
12.92829037,80.23127747,34758,34768,10
12.92737007,80.23116302,34768,34778,10
12.92638016,80.23105621,34778,34789,11
12.92613029,80.23104095,34789,34799,10
12.9258604,80.23098755,34799,34809,10
12.92523003,80.23091125,34809,34819,10
12.9243803,80.2308197,34819,34829,10
12.92331028,80.23068237,34829,34839,10
12.92212009,80.23049927,34839,34849,10
12.92090034,80.23033905,34849,34859,10
12.91973972,80.23020172,34859,34869,10
12.91917992,80.23014069,34869,34879,10
12.91905975,80.23011017,34879,34890,11
12.91843987,80.23001862,34890,34900,10
12.91757011,80.22989655,34900,34910,10
12.91650009,80.22975922,34910,34920,10
12.91530037,80.22958374,34920,34930,10
12.91411018,80.22940826,34930,34940,10
12.91327953,80.2293396,34940,34950,10
12.91320992,80.22931671,34950,34960,10
12.91302967,80.22928619,34960,34970,10
12.91240978,80.22918701,34970,34980,10
12.91149998,80.22905731,34980,34990,10
12.91036987,80.22888947,34990,35001,11
12.90902996,80.22865295,35001,35011,10
12.90783024,80.22846222,35011,35021,10
12.90672016,80.22831726,35021,35031,10
12.90604019,80.228302,35031,35041,10
12.90600967,80.228302,35041,35051,10
12.90583992,80.22828674,35051,35061,10
12.90520954,80.22824097,35061,35071,10
12.90427971,80.22820282,35071,35081,10
12.90320015,80.22814178,35081,35091,10
12.90209961,80.22808075,35091,35102,11
12.90141964,80.22805023,35102,35142,40
12.90141964,80.22805023,35142,35152,10
12.90132046,80.22795868,35152,35162,10
12.90112972,80.2279892,35162,35172,10
12.90083981,80.22795868,35172,35182,10
12.90034008,80.22792816,35182,35192,10
12.89920998,80.2279129,35192,35213,21
12.89920998,80.2279129,35213,35223,10
12.89894009,80.22792816,35223,35233,10
12.89824963,80.22786713,35233,35243,10
12.89733028,80.22779846,35243,35253,10
12.8962698,80.22773743,35253,35263,10
12.89533043,80.22769165,35263,35273,10
12.89428997,80.22763062,35273,35283,10
12.89338017,80.22759247,35283,35293,10
12.89328957,80.22756958,35293,35303,10
12.89272976,80.22747803,35303,35344,41
12.89272976,80.22747803,35344,35354,10
12.89239025,80.22743225,35354,35364,10
12.8916502,80.22740173,35364,35374,10
12.89062023,80.22738647,35374,35384,10
12.88939953,80.22737885,35384,35394,10
12.88815975,80.22734833,35394,35404,10
12.88702011,80.22718811,35404,35415,11
12.88570976,80.22688293,35415,35425,10
12.88504982,80.22676849,35425,35435,10
12.88502026,80.22676086,35435,35445,10
12.88494968,80.22673035,35445,35455,10
12.88449955,80.22673035,35455,35465,10
12.88366032,80.22673035,35465,35475,10
12.88253021,80.22673798,35475,35485,10
12.88125992,80.22673035,35485,35495,10
12.87994003,80.22675323,35495,35505,10
12.87854004,80.22679901,35505,35515,10
12.87712955,80.22692108,35515,35526,11
12.87642002,80.22679901,35526,35536,10
12.87640953,80.22657013,35536,35546,10
12.87644005,80.22648621,35546,35556,10
12.8764801,80.22595978,35556,35566,10
12.87656975,80.22509003,35566,35576,10
12.87672043,80.22398376,35576,35586,10
12.87701035,80.22267914,35586,35596,10
12.87734032,80.22126007,35596,35606,10
12.87767982,80.2197876,35606,35616,10
12.87800026,80.21842194,35616,35627,11
12.87827969,80.21701813,35627,35637,10
12.87854958,80.21572113,35637,35647,10
12.8787899,80.21446991,35647,35657,10
12.87897015,80.21351624,35657,35667,10
12.87915993,80.21248627,35667,35677,10
12.87938976,80.21137238,35677,35687,10
12.87907982,80.21089935,35687,35697,10
12.87893963,80.21087646,35697,35707,10
12.87878036,80.21086121,35707,35717,10
12.8782196,80.21076965,35717,35728,11
12.87740993,80.21060944,35728,35738,10
12.87664986,80.21047211,35738,35748,10
12.87602043,80.21035767,35748,35758,10
12.87539005,80.21025085,35758,35767,9
12.87460041,80.21012115,35767,35788,21
12.87460041,80.21012115,35788,35798,10
12.8744297,80.21005249,35798,35808,10
12.87442017,80.20961761,35808,35818,10
12.8747797,80.20964813,35818,35849,31
12.87469959,80.2097702,35849,36778,929
12.87469959,80.2097702,36778,36788,10
12.87471962,80.21012115,36788,36798,10
12.87491989,80.21016693,36798,36808,10
12.87514019,80.21019745,36808,36818,10
12.87567997,80.21031952,36818,36828,10
12.87639046,80.21045685,36828,36838,10
12.87722969,80.21061707,36838,36848,10
12.87804985,80.21076965,36848,36858,10
12.87924004,80.21099091,36858,36879,21
12.87924004,80.21099091,36879,36889,10
12.87940025,80.2110672,36889,36899,10
12.87942982,80.21150208,36899,36909,10
12.87930012,80.21212769,36909,36919,10
12.87915993,80.212883,36919,36929,10
12.87899971,80.21373749,36929,36939,10
12.87882996,80.21468353,36939,36949,10
12.87862968,80.21562195,36949,36959,10
12.87841988,80.21656799,36959,36969,10
12.87823009,80.2175293,36969,36979,10
12.87808037,80.2183609,36979,36990,11
12.87790966,80.2191391,36990,37000,10
12.8777504,80.219841,37000,37050,50
12.8777504,80.219841,37050,37060,10
12.87773991,80.219841,37060,37070,10
12.87767029,80.2201004,37070,37080,10
12.87753963,80.22065735,37080,37091,11
12.87736034,80.22142029,37091,37101,10
12.87718964,80.22216034,37101,37111,10
12.87701988,80.22290802,37111,37121,10
12.87683964,80.22371674,37121,37131,10
12.8767004,80.22447968,37131,37141,10
12.87668037,80.224617,37141,37151,10
12.87666035,80.22477722,37151,37161,10
12.87658978,80.22535706,37161,37171,10
12.8764801,80.2261734,37171,37181,10
12.87644958,80.22683716,37181,37212,31
12.87644958,80.22683716,37212,37222,10
12.87666035,80.22689056,37222,37232,10
12.87724018,80.2268219,37232,37242,10
12.87812042,80.22673798,37242,37252,10
12.87921047,80.22666931,37252,37262,10
12.88043976,80.22664642,37262,37272,10
12.88169956,80.22663879,37272,37282,10
12.88298035,80.22663116,37282,37292,10
12.88424969,80.22659302,37292,37303,11
12.88516998,80.22660828,37303,37312,9
12.88518047,80.22660828,37312,37323,11
12.88547039,80.22664642,37323,37333,10
12.88611984,80.2268219,37333,37343,10
12.88704014,80.22705841,37343,37353,10
12.8881197,80.22718811,37353,37363,10
12.88852024,80.227211,37363,37373,10
12.88860035,80.22721863,37373,37383,10
12.88910961,80.22722626,37383,37393,10
12.8899498,80.22722626,37393,37404,11
12.89109039,80.22722626,37404,37414,10
12.89229965,80.22724915,37414,37424,10
12.89350033,80.22738647,37424,37434,10
12.89410019,80.22744751,37434,37444,10
12.8940897,80.22744751,37444,37454,10
12.89439011,80.22749329,37454,37464,10
12.8950901,80.2275238,37464,37474,10
12.89603996,80.22754669,37474,37484,10
12.89723015,80.22760773,37484,37494,10
12.89848995,80.22769928,37494,37505,11
12.89992046,80.2277832,37505,37515,10
12.90067005,80.22779846,37515,37595,80
12.90067005,80.22779846,37595,37605,10
12.90087986,80.22779846,37605,37616,11
12.90151024,80.22788239,37616,37626,10
12.90221024,80.22792053,37626,37636,10
12.90260029,80.22789764,37636,37656,20
12.90260029,80.22789764,37656,37666,10
12.9028101,80.22789764,37666,37676,10
12.90410042,80.2279892,37676,37686,10
12.90410042,80.2279892,37686,37696,10
12.90499973,80.2280426,37696,37706,10
12.90629959,80.22810364,37706,37777,71
12.90629959,80.22810364,37777,37786,9
12.90645981,80.22808075,37786,37796,10
12.90694046,80.22814941,37796,37818,22
12.90694046,80.22814941,37818,37828,10
12.90725994,80.22820282,37828,37838,10
12.9079504,80.228302,37838,37848,10
12.90888023,80.22846222,37848,37858,10
12.90999031,80.22865295,37858,37868,10
12.91117954,80.22882843,37868,37878,10
12.91238022,80.22901154,37878,37888,10
12.91397953,80.2292099,37888,37908,20
12.91397953,80.2292099,37908,37919,11
12.91438007,80.22926331,37919,37929,10
12.91508007,80.2293396,37929,37939,10
12.9160099,80.22949982,37939,37949,10
12.91711998,80.22963715,37949,37959,10
12.91833973,80.22981262,37959,37969,10
12.91928959,80.22992706,37969,37979,10
12.91936016,80.22994232,37979,37989,10
12.91965961,80.22998047,37989,37999,10
12.92031956,80.23007965,37999,38009,10
12.9211998,80.23017883,38009,38019,10
12.92226028,80.23033905,38019,38030,11
12.92358017,80.23052979,38030,38040,10
12.92483997,80.23069763,38040,38050,10
12.92642975,80.23087311,38050,38070,20
12.92642975,80.23087311,38070,38079,9
12.92663956,80.23090363,38079,38090,11
12.92724037,80.23097992,38090,38100,10
12.92819023,80.23110199,38100,38110,10
12.92924023,80.23127747,38110,38120,10
12.93041039,80.23155975,38120,38131,11
12.93179989,80.231987,38131,38141,10
12.93303013,80.2324295,38141,38151,10
12.93365002,80.23269653,38151,38161,10
12.93365955,80.23271942,38161,38171,10
12.93385983,80.23278809,38171,38181,10
12.9343996,80.23303986,38181,38191,10
12.93504047,80.23330688,38191,38201,10
12.93610954,80.23383331,38201,38211,10
12.93717957,80.23435211,38211,38221,10
12.93836975,80.23493195,38221,38232,11
12.93978024,80.23561859,38232,38252,20
12.93978024,80.23561859,38252,38262,10
12.93988991,80.235672,38262,38272,10
12.94040012,80.23583984,38272,38282,10
12.94118023,80.23603821,38282,38292,10
12.94213963,80.23626709,38292,38302,10
12.94312,80.23674011,38302,38312,10
12.94363976,80.23721313,38312,38322,10
12.9436903,80.2372818,38322,38332,10
12.94398975,80.23764038,38332,38343,11
12.94458008,80.23829651,38343,38353,10
12.94526958,80.2390213,38353,38363,10
12.94629955,80.23956299,38363,38373,10
12.94729042,80.2399292,38373,38393,20
12.94729042,80.2399292,38393,38403,10
12.94748974,80.24001312,38403,38413,10
12.94801998,80.240242,38413,38423,10
12.94882965,80.24053955,38423,38484,61
12.94882965,80.24053955,38484,38494,10
12.9491396,80.24067688,38494,38504,10
12.94976044,80.24089813,38504,38514,10
12.95104027,80.24128723,38514,38534,20
12.95104027,80.24128723,38534,38544,10
12.95131016,80.24137878,38544,38555,11
12.95197964,80.24160004,38555,38565,10
12.9527998,80.24191284,38565,38575,10
12.95372009,80.24227905,38575,38585,10
12.95464039,80.24265289,38585,38595,10
12.9553299,80.24291992,38595,38605,10
12.95639992,80.24327087,38605,38635,30
12.95639992,80.24327087,38635,38645,10
12.95652008,80.24329376,38645,38656,11
12.95707989,80.24356079,38656,38666,10
12.95785999,80.243927,38666,38676,10
12.95870018,80.24429321,38676,38686,10
12.95884037,80.24436188,38686,38696,10
12.95890045,80.24442291,38696,38706,10
12.95932007,80.24462891,38706,38716,10
12.96000004,80.24494171,38716,38726,10
12.96086979,80.24530792,38726,38736,10
12.96189022,80.2457962,38736,38746,10
12.96300983,80.24636841,38746,38757,11
12.96401978,80.2468338,38757,38767,10
12.96498966,80.24717712,38767,38777,10
12.9659996,80.24752045,38777,38787,10
12.96658039,80.24775696,38787,38807,20
12.96658039,80.24775696,38807,38817,10
12.96675014,80.24783325,38817,38827,10
12.96714973,80.24806213,38827,38837,10
12.96780014,80.24833679,38837,38847,10
12.96860981,80.24865723,38847,38857,10
12.96951962,80.24904633,38857,38868,11
12.97068024,80.24948883,38868,38884,16
12.97257042,80.25,38884,38896,12
12.97383976,80.25032806,38896,38906,10
12.97432041,80.25042725,38906,38916,10
12.97436047,80.25045013,38916,38926,10
12.97447014,80.25047302,38926,38936,10
12.9748497,80.25061035,38936,38946,10
12.97552967,80.2508316,38946,38956,10
12.97636986,80.25106049,38956,38966,10
12.97733021,80.25141144,38966,38978,12
12.9783802,80.25224304,38978,38988,10
12.97933006,80.25253296,38988,38998,10
12.97994995,80.25219727,38998,39038,40
12.97994995,80.25219727,39038,39048,10
12.97996998,80.25200653,39048,39058,10
12.98011971,80.25151062,39058,39068,10
12.98033047,80.2507782,39068,39079,11
12.98058987,80.24977112,39079,39089,10
12.98071957,80.24868011,39089,39098,9
12.98079967,80.24759674,39098,39110,12
12.98093987,80.24610138,39110,39120,10
12.98108006,80.24482727,39120,39130,10
12.98118019,80.24378204,39130,39139,9
12.98132992,80.24343109,39139,39149,10
12.98134041,80.2427597,39149,39170,21
12.98134041,80.2427597,39170,39181,11
12.98134995,80.24262238,39181,39191,10
12.98134995,80.24214172,39191,39201,10
12.98134041,80.24138641,39201,39211,10
12.98134041,80.24051666,39211,39221,10
12.98130989,80.23982239,39221,39231,10
12.98130035,80.23912048,39231,39241,10
12.98126984,80.23828125,39241,39257,16
12.9812603,80.23792267,39257,39269,12
12.9812603,80.23780823,39269,39279,10
12.98124981,80.23735046,39279,39289,10
12.98122025,80.23661804,39289,39300,11
12.98118973,80.23570251,39300,39310,10
12.98118019,80.23477936,39310,39320,10
12.98126984,80.23406982,39320,39330,10
12.98161983,80.23332214,39330,39349,19
12.98161983,80.23332214,39349,39360,11
12.98167992,80.23322296,39360,39370,10
12.98186016,80.23281097,39370,39380,10
12.98200035,80.23222351,39380,39391,11
12.9819603,80.23181915,39391,39401,10
12.98190975,80.23130035,39401,39411,10
12.98171997,80.2307663,39411,39421,10
12.98141956,80.23027039,39421,39431,10
12.98099995,80.22959137,39431,39441,10
12.98071003,80.22914886,39441,39451,10
12.9805603,80.22891998,39451,39461,10
12.98052979,80.22886658,39461,39471,10
12.98050022,80.2288208,39471,39481,10
12.98029995,80.22846985,39481,39492,11
12.98009014,80.22801971,39492,39502,10
12.97988033,80.22767639,39502,39512,10
12.97986984,80.22766113,39512,39522,10
12.97984028,80.22757721,39522,39532,10
12.97959042,80.22718811,39532,39542,10
12.97920036,80.2265625,39542,39552,10
12.97881985,80.22592926,39552,39562,10
12.97840023,80.2252121,39562,39572,10
12.97801971,80.22464752,39572,39582,10
12.97778988,80.22437286,39582,39593,11
12.97774029,80.22428131,39593,39603,10
12.97766972,80.22412109,39603,39613,10
12.97741985,80.22370911,39613,39623,10
12.97704983,80.22309875,39623,39632,9
12.9769001,80.22276306,39632,39642,10
12.97716045,80.22267151,39642,39663,21
12.97716045,80.22267151,39663,39673,10
12.97735977,80.22267914,39673,39683,10
12.97749996,80.22232056,39683,39693,10
12.97749043,80.22167969,39693,39704,11
12.9774704,80.22142029,39704,39714,10
12.97745991,80.22129059,39714,39724,10
12.97758007,80.22119904,39724,39734,10
12.97805023,80.22119904,39734,39744,10
12.97859955,80.221138,39744,39754,10
12.97916985,80.22109985,39754,39764,10
12.98001003,80.22103882,39764,39774,10
12.98083973,80.22096252,39774,39784,10
12.98122025,80.22106934,39784,39794,10
12.98155975,80.2212677,39794,39805,11
12.98165035,80.22133636,39805,39815,10
12.98174953,80.22141266,39815,39825,10
12.9819603,80.22157288,39825,39835,10
12.98206997,80.22161865,39835,39845,10
12.9823103,80.22173309,39845,39855,10
12.98246956,80.22177124,39855,39865,10
12.98278046,80.22187042,39865,39885,20
12.98278046,80.22187042,39885,39895,10
12.98305035,80.22200775,39895,39906,11
12.98353958,80.22232819,39906,39916,10
12.9841404,80.22267914,39916,39926,10
12.98474026,80.22303772,39926,39936,10
12.98536968,80.22325897,39936,39946,10
12.98583031,80.22296143,39946,39956,10
12.98639965,80.22293854,39956,39966,10
12.98647976,80.2229538,39966,39976,10
12.98676014,80.22297668,39976,39986,10
12.98717976,80.22305298,39986,40002,16
12.98830032,80.22263336,40002,40015,13
12.98906994,80.22183228,40015,40025,10
12.98945999,80.22133636,40025,40035,10
12.98999977,80.22071075,40035,40045,10
12.99040031,80.22033691,40045,40054,9
12.99040985,80.22033691,40054,40065,11
12.99057961,80.22022247,40065,40075,10
12.99100018,80.21988678,40075,40085,10
12.99162006,80.21942139,40085,40095,10
12.9923296,80.21890259,40095,40105,10
12.99304008,80.21839142,40105,40115,10
12.99370003,80.2179184,40115,40126,11
12.9942503,80.21752167,40126,40136,10
12.99458981,80.2172699,40136,40146,10
12.99499989,80.21697235,40146,40156,10
12.99549961,80.21671295,40156,40166,10
12.99625969,80.21655273,40166,40177,11
12.99701977,80.21643066,40177,40187,10
12.99740028,80.21616364,40187,40197,10
12.99755955,80.21602631,40197,40207,10
12.99763966,80.2159729,40207,40218,11
12.99808025,80.2155838,40218,40228,10
12.99870014,80.21504211,40228,40238,10
12.99913979,80.21466827,40238,40248,10
12.9995203,80.2143631,40248,40258,10
13.00000954,80.21394348,40258,40268,10
13.00061989,80.21340179,40268,40278,10
13.00133038,80.2128067,40278,40288,10
13.00212002,80.21224976,40288,40298,10
13.0027504,80.21204376,40298,40308,10
13.00329018,80.21199036,40308,40318,10
13.0036602,80.21172333,40318,40329,11
13.00364017,80.21109009,40329,40339,10
13.00354004,80.21019745,40339,40349,10
13.00352001,80.20937347,40349,40359,10
13.00370026,80.20870209,40359,40369,10
13.00430012,80.2087326,40369,40379,10
13.00516033,80.2091217,40379,40389,10
13.00599957,80.20944214,40389,40399,10
13.00689983,80.20968628,40399,40440,41
13.00689983,80.20968628,40440,40450,10
13.00706005,80.20973969,40450,40460,10
13.00765038,80.20983887,40460,40470,10
13.0081501,80.2098465,40470,40480,10
13.00800037,80.20916748,40480,40490,10
13.00782967,80.2081604,40490,40500,10
13.00761032,80.20694733,40500,40510,10
13.00747967,80.20561981,40510,40520,10
13.00749016,80.20449066,40520,40531,11
13.00736046,80.20319366,40531,40541,10
13.00681973,80.20250702,40541,40551,10
13.00658989,80.20317841,40551,40561,10
13.0072403,80.2035675,40561,40571,10
13.00819016,80.2036972,40571,40581,10
13.00942993,80.20361328,40581,40591,10
13.01072025,80.20362091,40591,40601,10
13.01204014,80.2037735,40601,40611,10
13.0132103,80.20406342,40611,40621,10
13.01371002,80.20429993,40621,40631,10
13.0136404,80.20464325,40631,40642,11
13.01360035,80.20469666,40642,40652,10
13.01344013,80.20506287,40652,40662,10
13.01317024,80.20583344,40662,40672,10
13.01299,80.20681763,40672,40682,10
13.01290989,80.20765686,40682,40691,9
13.01288033,80.20800781,40691,40702,11
13.01288986,80.20850372,40702,40712,10
13.01294994,80.20900726,40712,40722,10
13.01317978,80.2097168,40722,40732,10
13.01309967,80.21040344,40732,40743,11
13.01282978,80.21125793,40743,40753,10
13.01249981,80.21185303,40753,40763,10
13.01214981,80.21238708,40763,40773,10
13.01183987,80.21279907,40773,40783,10
13.01148033,80.2126236,40783,40793,10
13.01089001,80.21218872,40793,40803,10
13.0103302,80.21179199,40803,40813,10
13.00984955,80.21141052,40813,40823,10
13.00959015,80.21124268,40823,41491,668
13.00959015,80.21124268,41491,41501,10
13.00922012,80.21125793,41501,41521,20
13.00922012,80.21125793,41521,41531,10
13.00903988,80.21150208,41531,41541,10
13.00903988,80.21176147,41541,41551,10
13.00920963,80.2122879,41551,41561,10
13.00944996,80.21292114,41561,41571,10
13.00971985,80.21360016,41571,41582,11
13.01002979,80.21434021,41582,41592,10
13.01019001,80.21511841,41592,41602,10
13.01035976,80.21589661,41602,41612,10
13.01070976,80.21669006,41612,41622,10
13.01111031,80.21753693,41622,41632,10
13.01150036,80.21851349,41632,41642,10
13.01187038,80.21952057,41642,41652,10
13.0121603,80.2204895,41652,41662,10
13.01239967,80.22129822,41662,41672,10
13.01255035,80.22176361,41672,41683,11
13.01305962,80.22239685,41683,41693,10
13.0136404,80.22305298,41693,41703,10
13.0141201,80.22364807,41703,41713,10
13.01455975,80.22418976,41713,41723,10
13.01511955,80.22473145,41723,41733,10
13.01544952,80.22524261,41733,41743,10
13.01541996,80.22554016,41743,41753,10
13.01504993,80.22590637,41753,41763,10
13.01438999,80.22618103,41763,41773,10
13.0135603,80.22651672,41773,41783,10
13.01259041,80.22691345,41783,41794,11
13.01148033,80.22734833,41794,41804,10
13.01045036,80.22773743,41804,41814,10
13.00955963,80.22788239,41814,41830,16
13.00990009,80.22663116,41830,41842,12
13.01039028,80.22554016,41842,41851,9
13.01053047,80.2252121,41851,41862,11
13.01054001,80.2252121,41862,41872,10
13.01062012,80.22505951,41872,41882,10
13.01082039,80.22463989,41882,41893,11
13.01113033,80.22389984,41893,41902,9
13.01128006,80.22325897,41902,41913,11
13.01068974,80.22293854,41913,41922,9
13.01033974,80.22276306,41922,41933,11
13.01018047,80.22267151,41933,41943,10
13.00959969,80.2223587,41943,41953,10
13.00887966,80.22194672,41953,41963,10
13.00807953,80.22151184,41963,41973,10
13.00720024,80.22106934,41973,41983,10
13.00625038,80.22068024,41983,41994,11
13.0051899,80.22044373,41994,42004,10
13.0046196,80.22029114,42004,42014,10
13.00442028,80.22023773,42014,42024,10
13.00386047,80.22012329,42024,42034,10
13.00306034,80.21990204,42034,42044,10
13.00222969,80.21936035,42044,42054,10
13.00181007,80.21890259,42054,42064,10
13.00119019,80.21838379,42064,42074,10
13.00035954,80.21785736,42074,42084,10
12.99942017,80.21729279,42084,42094,10
12.99860954,80.21687317,42094,42105,11
12.99757957,80.21656799,42105,42115,10
12.99738026,80.21655273,42115,42125,10
12.99722958,80.21656036,42125,42135,10
12.99668026,80.21659088,42135,42145,10
12.99592018,80.21671295,42145,42155,10
12.99505997,80.21705627,42155,42175,20
12.99505997,80.21705627,42175,42185,10
12.9948597,80.21716309,42185,42195,10
12.99454975,80.21737671,42195,42206,11
12.99417973,80.21768188,42206,42216,10
12.99380016,80.2179718,42216,42226,10
12.99330997,80.21833038,42226,42236,10
12.99298,80.21856689,42236,42246,10
12.99244022,80.21897888,42246,42256,10
12.99178982,80.21948242,42256,42266,10
12.99133968,80.21977997,42266,42276,10
12.99075031,80.22020721,42276,42295,19
12.99075031,80.22020721,42295,42307,12
12.99042988,80.22045898,42307,42317,10
12.98993969,80.22087097,42317,42327,10
12.98943043,80.22147369,42327,42337,10
12.98904037,80.22194672,42337,42347,10
12.98855972,80.22250366,42347,42357,10
12.98787975,80.22303772,42357,42367,10
12.9875803,80.22315979,42367,42377,10
12.98740959,80.2231369,42377,42387,10
12.98694992,80.2230835,42387,42397,10
12.98668957,80.22303009,42397,42407,10
12.98606968,80.22303009,42407,42418,11
12.98540974,80.22328949,42418,42428,10
12.98476028,80.2232132,42428,42437,9
12.98419952,80.2228775,42437,42448,11
12.98357964,80.22252655,42448,42458,10
12.98320961,80.22225189,42458,42478,20
12.98320961,80.22225189,42478,42488,10
12.98307991,80.2220993,42488,42498,10
12.98283958,80.22199249,42498,42508,10
12.98272038,80.22193909,42508,42519,11
12.98241997,80.22186279,42519,42529,10
12.98225021,80.22176361,42529,42539,10
12.98215961,80.22168732,42539,42549,10
12.98198986,80.22161865,42549,42559,10
12.98163033,80.22149658,42559,42569,10
12.98089981,80.22133636,42569,42579,10
12.98009014,80.22128296,42579,42589,10
12.9792099,80.22129059,42589,42599,10
12.97834969,80.22129822,42599,42609,10
12.97741985,80.22133636,42609,42620,11
12.97647953,80.22133636,42620,42630,10
12.97609043,80.22147369,42630,42640,10
12.97634983,80.22181702,42640,42669,29
12.97634983,80.22181702,42669,42680,11
12.97647953,80.22216034,42680,42690,10
12.97681046,80.22267151,42690,42700,10
12.97719002,80.22328186,42700,42710,10
12.97768974,80.22403717,42710,42720,10
12.97821045,80.2248764,42720,42731,11
12.97854042,80.22537231,42731,42741,10
12.97859001,80.22544861,42741,42751,10
12.97883034,80.22585297,42751,42761,10
12.97914982,80.22640228,42761,42771,10
12.97931004,80.22666168,42771,42781,10
12.97949028,80.22695923,42781,42791,10
12.97966003,80.22724152,42791,42801,10
12.98001003,80.22782135,42801,42811,10
12.98042965,80.22853088,42811,42821,10
12.98083019,80.22918701,42821,42832,11
12.98112011,80.22966766,42832,42842,10
12.98155022,80.23030853,42842,42852,10
12.98167038,80.23047638,42852,42862,10
12.98182011,80.23079681,42862,42872,10
12.98200035,80.2314682,42872,42882,10
12.98202991,80.23232269,42882,42892,10
12.9816103,80.23352814,42892,42912,20
12.9816103,80.23352814,42912,42922,10
12.98141956,80.23390198,42922,42932,10
12.98118973,80.23452759,42932,42943,11
12.98120975,80.23551941,42943,42953,10
12.98122025,80.23618317,42953,42963,10
12.9812603,80.23703766,42963,42973,10
12.9812603,80.23780823,42973,42983,10
12.98128986,80.23842621,42983,42993,10
12.98130989,80.23864746,42993,43003,10
12.98130989,80.2388382,43003,43013,10
12.98132038,80.23937988,43013,43023,10
12.98134041,80.24012756,43023,43033,10
12.98134041,80.24099731,43033,43044,11
12.98134995,80.24201965,43044,43054,10
12.98136997,80.24265289,43054,43064,10
12.98138046,80.24279022,43064,43074,10
12.98138046,80.24298096,43074,43084,10
12.98134995,80.24356842,43084,43094,10
12.98124027,80.24445343,43094,43104,10
12.98110008,80.2454834,43104,43114,10
12.98097992,80.24659729,43114,43124,10
12.98085976,80.24778748,43124,43134,10
12.98077965,80.24897003,43134,43144,10
12.98060036,80.25016022,43144,43155,11
12.9802599,80.25144958,43155,43165,10
12.98009014,80.25209808,43165,43175,10
12.97992039,80.25254059,43175,43215,40
12.97992039,80.25254059,43215,43231,16
12.97984028,80.25276947,43231,43243,12
12.97908974,80.25273895,43243,43251,8
12.9786396,80.25263977,43251,43264,13
12.97850037,80.25257111,43264,43274,10
12.97809982,80.25228119,43274,43284,10
12.97733974,80.25164032,43284,43294,10
12.97634029,80.25125122,43294,43304,10
12.97519016,80.25087738,43304,43314,10
12.97395992,80.25054169,43314,43324,10
12.97299957,80.25032043,43324,43333,9
12.97257996,80.2502594,43333,43343,10
12.9724102,80.25019836,43343,43354,11
12.97181034,80.25002289,43354,43365,11
12.97087002,80.24977875,43365,43375,10
12.96975994,80.24941254,43375,43385,10
12.96856976,80.24897766,43385,43395,10
12.96732998,80.24842834,43395,43405,10
12.96627998,80.24791718,43405,43415,10
12.96531963,80.24756622,43415,43425,10
12.96500015,80.24746704,43425,43435,10
12.96487045,80.24742126,43435,43445,10
12.96442032,80.2472229,43445,43455,10
12.96372032,80.24691772,43455,43486,31
12.96372032,80.24691772,43486,43496,10
12.96337986,80.24677277,43496,43506,10
12.96273994,80.24643707,43506,43516,10
12.9619503,80.24604797,43516,43526,10
12.96111012,80.24565887,43526,43536,10
12.96026993,80.24526215,43536,43546,10
12.95963001,80.24497986,43546,43562,16
12.95954037,80.24494171,43562,43575,13
12.95917988,80.24474335,43575,43585,10
12.95853996,80.24445343,43585,43595,10
12.95777988,80.24416351,43595,43605,10
12.95689011,80.24389648,43605,43625,20
12.95689011,80.24389648,43625,43635,10
12.95672035,80.24385071,43635,43655,20
12.95672035,80.24385071,43655,43665,10
12.95646,80.24375153,43665,43727,62
12.95646,80.24375153,43727,43737,10
12.95604038,80.24356079,43737,43747,10
12.95538998,80.24321747,43747,43757,10
12.9545002,80.24282074,43757,43767,10
12.95343971,80.24234772,43767,43777,10
12.95234966,80.2419281,43777,43788,11
12.95166016,80.24172211,43788,43798,10
12.95143986,80.24163818,43798,43808,10
12.95081043,80.24141693,43808,43818,10
12.94989014,80.2411499,43818,43828,10
12.94900036,80.24085999,43828,43838,10
12.94814968,80.24047089,43838,43848,10
12.94725037,80.24012756,43848,43858,10
12.94701004,80.2400589,43858,43868,10
12.9467802,80.23995972,43868,43878,10
12.94620991,80.23970795,43878,43889,11
12.94532013,80.23931122,43889,43899,10
12.94454002,80.23854828,43899,43909,10
12.94361973,80.23764038,43909,43919,10
12.94260025,80.23671722,43919,43929,10
12.94122028,80.23626709,43929,43939,10
12.93995953,80.23593903,43939,43949,10
12.93962002,80.23583221,43949,43959,10
12.93935966,80.23571777,43959,43969,10
12.93881989,80.23542786,43969,43979,10
12.93785,80.23496246,43979,43990,11
12.9366703,80.23435211,43990,44000,10
12.93583965,80.23396301,44000,44010,10
12.93544006,80.23375702,44010,44020,10
12.93463039,80.23342133,44020,44030,10
12.93395042,80.23310852,44030,44040,10
12.93391991,80.23306274,44040,44050,10
12.93389988,80.23303986,44050,44060,10
12.93352032,80.23282623,44060,44070,10
12.93272018,80.23251343,44070,44080,10
12.93173981,80.23216248,44080,44090,10
12.93052959,80.23178101,44090,44100,10
12.92914963,80.23148346,44100,44111,11
12.92757034,80.23120117,44111,44121,10
12.92636013,80.23107147,44121,44131,10
12.92613029,80.23104858,44131,44141,10
12.92582035,80.23103333,44141,44151,10
12.92506027,80.23092651,44151,44161,10
12.92411995,80.23081207,44161,44171,10
12.92292976,80.23065186,44171,44181,10
12.92158031,80.2304306,44181,44191,10
12.92018032,80.23026276,44191,44202,11
12.91921997,80.23016357,44202,44212,10
12.91905022,80.2301178,44212,44222,10
12.91845989,80.2300415,44222,44232,10
12.91755962,80.22992706,44232,44242,10
12.91637993,80.22975922,44242,44252,10
12.91514015,80.22959137,44252,44262,10
12.91394997,80.22943115,44262,44272,10
12.91333008,80.22939301,44272,44282,10
12.91329956,80.22937012,44282,44292,10
12.91289043,80.22927856,44292,44302,10
12.91203022,80.22915649,44302,44313,11
12.91077995,80.22898102,44313,44323,10
12.90948963,80.2287674,44323,44333,10
12.90822983,80.22853851,44333,44343,10
12.90736008,80.22843933,44343,44353,10
12.90727997,80.2284317,44353,44363,10
12.90697956,80.2283783,44363,44373,10
12.90668964,80.22839355,44373,44383,10
12.90631008,80.22836304,44383,44393,10
12.90600014,80.22836304,44393,44403,10
12.90555,80.22833252,44403,44414,11
12.90456963,80.22827148,44414,44424,10
12.90347958,80.22820282,44424,44434,10
12.90235043,80.22812653,44434,44444,10
12.90132999,80.22807312,44444,44504,60
12.90132999,80.22807312,44504,44514,10
12.90118027,80.22802734,44514,44525,11
12.90095997,80.22799683,44525,44535,10
12.90058994,80.22798157,44535,44545,10
12.90011978,80.22798157,44545,44555,10
12.89949989,80.22798157,44555,44565,10
12.89929008,80.22798157,44565,44575,10
12.89925003,80.22798157,44575,44585,10
12.89883995,80.22798157,44585,44595,10
12.8980999,80.22789001,44595,44605,10
12.89717007,80.22782135,44605,44615,10
12.89608002,80.22776031,44615,44626,11
12.89492989,80.22769928,44626,44636,10
12.89393997,80.22762299,44636,44646,10
12.89286041,80.22749329,44646,44696,50
12.89286041,80.22749329,44696,44706,10
12.89266968,80.22746277,44706,44716,10
12.89212036,80.22740936,44716,44727,11
12.89153957,80.22737122,44727,44737,10
12.89091015,80.22738647,44737,44747,10
12.89002037,80.22738647,44747,44757,10
12.88901043,80.22740936,44757,44767,10
12.88868046,80.22740936,44767,44777,10
12.88848019,80.22738647,44777,44787,10
12.88796997,80.22734833,44787,44797,10
12.88728046,80.22727966,44797,44807,10
12.88648033,80.22711945,44807,44817,10
12.88554955,80.22688293,44817,44827,10
12.88502026,80.22676086,44827,44838,11
12.88449001,80.22672272,44838,44848,10
12.88358974,80.22672272,44848,44858,10
12.88243961,80.22673035,44858,44868,10
12.88119984,80.22673798,44868,44878,10
12.87856007,80.22679901,44878,44888,10
12.87856007,80.22679901,44888,44898,10
12.87730026,80.22691345,44898,44908,10
12.87666035,80.22698212,44908,44918,10
12.87635994,80.22679138,44918,44928,10
12.87635994,80.2265625,44928,44938,10
12.87637997,80.22644806,44938,44950,12
12.87646008,80.22576141,44950,44961,11
12.87658024,80.22473907,44961,44971,10
12.87677956,80.22361755,44971,44980,9
12.87699986,80.22261047,44980,44991,11
12.87738037,80.22099304,44991,45001,10
12.8776598,80.21983337,45001,45011,10
12.87798023,80.21842957,45011,45021,10
12.87825012,80.21707916,45021,45031,10
12.87852001,80.21576691,45031,45041,10
12.87880993,80.21437836,45041,45052,11
12.87909985,80.21282196,45052,45062,10
12.87934971,80.21147919,45062,45072,10
12.87911987,80.21092224,45072,45082,10
12.87897015,80.21090698,45082,45092,10
12.87889004,80.21092224,45092,45102,10
12.87845039,80.21085358,45102,45112,10
12.87767029,80.21070099,45112,45122,10
12.87683964,80.21056366,45122,45132,10
12.87586975,80.21038055,45132,45142,10
12.87454987,80.2101593,45142,45163,21
12.87454987,80.2101593,45163,45173,10
12.87448978,80.21013641,45173,45183,10
12.87430954,80.20999908,45183,45193,10
12.87444019,80.20957184,45193,45203,10
12.87460041,80.2097702,45203,46042,839
12.87460041,80.2097702,46042,46052,10
12.87475967,80.20986176,46052,46426,374
12.87475967,80.20986176,46426,46436,10
12.87475014,80.20990753,46436,46446,10
12.87469959,80.21008301,46446,46456,10
12.87479019,80.21018982,46456,46466,10
12.87495041,80.21019745,46466,46476,10
12.87553024,80.21029663,46476,46496,20
12.87553024,80.21029663,46496,46506,10
12.87578011,80.21035004,46506,46516,10
12.87637997,80.21045685,46516,46527,11
12.87714958,80.21060181,46527,46537,10
12.87784004,80.21073914,46537,46547,10
12.87868023,80.21087646,46547,46557,10
12.87922001,80.21099091,46557,46567,10
12.87938023,80.21105957,46567,46577,10
12.87940025,80.21156311,46577,46588,11
12.87924004,80.21237946,46588,46597,9
12.87905979,80.21337891,46597,46607,10
12.87886047,80.21443176,46607,46618,11
12.87860966,80.21560669,46618,46629,11
12.87849998,80.21620178,46629,46639,10
12.87837982,80.21674347,46639,46649,10
12.87821007,80.21762848,46649,46659,10
12.87798023,80.21875763,46659,46669,10
12.87769032,80.22003174,46669,46679,10
12.87738037,80.22132874,46679,46689,10
12.87705994,80.22268677,46689,46699,10
12.87674046,80.22409058,46699,46709,10
12.87656021,80.22550964,46709,46719,10
12.87644005,80.22688293,46719,46760,41
12.87644005,80.22688293,46760,46770,10
12.87672997,80.22691345,46770,46786,16
12.87796021,80.22679138,46786,46798,12
12.8793602,80.22669983,46798,46808,10
12.88043976,80.22667694,46808,46818,10
12.88216972,80.22666168,46818,46828,10
12.88366985,80.22663879,46828,46839,11
12.88502026,80.22662354,46839,46849,10
12.88514042,80.22663116,46849,46858,9
12.88539028,80.22666931,46858,46869,11
12.88617992,80.22686005,46869,46880,11
12.88718033,80.22711182,46880,46889,9
12.8884201,80.22724915,46889,46900,11
12.88980961,80.22728729,46900,46910,10
12.89136028,80.22727966,46910,46920,10
12.89214039,80.22727203,46920,46940,20
12.89214039,80.22727203,46940,46951,11
12.89227009,80.22727203,46951,46961,10
12.89288044,80.2273407,46961,46971,10
12.89379978,80.22746277,46971,46981,10
12.89486027,80.22753906,46981,46991,10
12.89597034,80.22759247,46991,47009,18
12.89836979,80.22770691,47009,47021,12
12.89984989,80.22779083,47021,47031,10
12.90067959,80.22779846,47031,47072,41
12.90067959,80.22779846,47072,47082,10
12.90077019,80.22782135,47082,47091,9
12.9011097,80.22788239,47091,47102,11
12.90192032,80.22792053,47102,47113,11
12.90262032,80.22792816,47113,47123,10
12.90266037,80.22792816,47123,47133,10
12.90272999,80.22794342,47133,47143,10
12.9032402,80.22798157,47143,47154,11
12.90417957,80.22801971,47154,47164,10
12.90513992,80.22807312,47164,47174,10
12.9059,80.22808838,47174,47244,70
12.9059,80.22808838,47244,47254,10
12.90635967,80.22808838,47254,47264,10
12.90674019,80.22814178,47264,47275,11
12.90699005,80.22815704,47275,47285,10
12.90711021,80.22817993,47285,47295,10
12.90758991,80.2282486,47295,47305,10
12.9084301,80.22840118,47305,47315,10
12.90929031,80.22853851,47315,47325,10
12.91077042,80.22879028,47325,47335,10
12.91205978,80.22898865,47335,47345,10
12.91322041,80.22914124,47345,47355,10
12.91396046,80.22923279,47355,47366,11
12.91401958,80.22924042,47366,47376,10
12.91423988,80.22927856,47376,47386,10
12.91483021,80.22936249,47386,47396,10
12.91571999,80.22949982,47396,47406,10
12.91683006,80.2296524,47406,47416,10
12.91804028,80.22981262,47416,47426,10
12.91909981,80.22992706,47426,47436,10
12.91928005,80.22995758,47436,47446,10
12.91975975,80.23001862,47446,47456,10
12.92059994,80.23014069,47456,47466,10
12.9216404,80.23027802,47466,47477,11
12.92302036,80.23049164,47477,47487,10
12.9243803,80.23068237,47487,47497,10
12.92626953,80.23088074,47497,47525,28
12.92626953,80.23088074,47525,47535,10
12.92644024,80.23091125,47535,47544,9
12.92698002,80.23097992,47544,47555,11
12.9279604,80.23110199,47555,47565,10
12.92881966,80.23123169,47565,47575,10
12.92975998,80.23143005,47575,47586,11
12.93097973,80.23175812,47586,47596,10
12.93225002,80.23217773,47596,47606,10
12.93362999,80.2326889,47606,47626,20
12.93362999,80.2326889,47626,47636,10
12.93387985,80.23281097,47636,47646,10
12.93451977,80.23310852,47646,47656,10
12.93540001,80.23348999,47656,47666,10
12.93645954,80.23400116,47666,47676,10
12.93766022,80.23458099,47676,47686,10
12.93890953,80.23519897,47686,47697,11
12.93974018,80.23560333,47697,47707,10
12.93974972,80.23561096,47707,47717,10
12.94003963,80.23571777,47717,47727,10
12.94073963,80.23593903,47727,47737,10
12.94169998,80.23616028,47737,47747,10
12.94279957,80.23657227,47747,47757,10
12.94377041,80.23744965,47757,47767,10
12.94472027,80.23848724,47767,47777,10
12.94585991,80.23937988,47777,47788,11
12.94717979,80.23989868,47788,47798,10
12.94738007,80.2399826,47798,47808,10
12.94742012,80.23999786,47808,47818,10
12.94783974,80.24018097,47818,47828,10
12.94847965,80.24041748,47828,47838,10
12.94873047,80.24050903,47838,47848,10
12.94906044,80.24066925,47848,47858,10
12.94964981,80.24089813,47858,47868,10
12.95098019,80.24124908,47868,47889,21
12.95098019,80.24124908,47889,47899,10
12.95123005,80.24138641,47899,47909,10
12.95160007,80.241539,47909,47919,10
12.95215988,80.24170685,47919,47929,10
12.95296001,80.24201202,47929,47939,10
12.95394039,80.24243927,47939,47949,10
12.95491028,80.24281311,47949,47959,10
12.95565987,80.24308014,47959,47969,10
12.95625973,80.24329376,47969,47979,10
12.95652962,80.24339294,47979,47989,10
12.9571104,80.24365997,47989,48000,11
12.95804024,80.24407196,48000,48010,10
12.9587698,80.24433899,48010,48020,10
12.95880032,80.24436188,48020,48030,10
12.9588604,80.24440002,48030,48040,10
12.95928955,80.24463654,48040,48049,9
12.95991993,80.24491882,48049,48060,11
12.96080017,80.24530792,48060,48070,10
12.9619503,80.2458725,48070,48080,10
12.96280003,80.2462616,48080,48089,9
12.96319008,80.24645233,48089,48101,12
12.9635601,80.24665833,48101,48111,10
12.9640398,80.24684143,48111,48121,10
12.9647398,80.24710846,48121,48131,10
12.96560955,80.24739838,48131,48141,10
12.96677971,80.24787903,48141,48171,30
12.96677971,80.24787903,48171,48181,10
12.96697998,80.2480011,48181,48191,10
12.96747971,80.24823761,48191,48201,10
12.96825981,80.24854279,48201,48212,11
12.96930981,80.24893951,48212,48222,10
12.97041988,80.24938202,48222,48232,10
12.97161961,80.2497406,48232,48242,10
12.97282028,80.25006104,48242,48252,10
12.97434044,80.25042725,48252,48272,20
12.97434044,80.25042725,48272,48282,10
12.97472,80.2505722,48282,48292,10
12.97539043,80.25079346,48292,48302,10
12.97628021,80.2510376,48302,48313,11
12.97737026,80.25144958,48313,48323,10
12.97826958,80.25216675,48323,48333,10
12.9792099,80.25253296,48333,48343,10
12.9799099,80.25225067,48343,48363,20
12.9799099,80.25225067,48363,48373,10
12.97994995,80.25202179,48373,48383,10
12.98011971,80.25150299,48383,48393,10
12.98034954,80.2507019,48393,48403,10
12.98060036,80.2497406,48403,48414,11
12.98073959,80.24861145,48414,48424,10
12.9808197,80.24746704,48424,48434,10
12.98093987,80.24623108,48434,48444,10
12.98108006,80.24497986,48444,48454,10
12.9811697,80.24395752,48454,48464,10
12.9812603,80.24359131,48464,48474,10
12.98134995,80.24276733,48474,48494,20
12.98134995,80.24276733,48494,48504,10
12.98136997,80.24263763,48504,48514,10
12.98138046,80.24211884,48514,48525,11
12.98136997,80.24133301,48525,48535,10
12.98136044,80.24049377,48535,48545,10
12.98134041,80.23967743,48545,48555,10
12.98132038,80.23908997,48555,48565,10
12.98130035,80.2388382,48565,48575,10
12.98128033,80.23828888,48575,48585,10
12.98128033,80.23796082,48585,48595,10
12.98128033,80.23792267,48595,48605,10
12.9812603,80.2376709,48605,48615,10
12.98124981,80.23708344,48615,48626,11
12.98122978,80.23621368,48626,48636,10
12.98120022,80.23545837,48636,48646,10
12.98118973,80.23457336,48646,48656,10
12.98132038,80.23391724,48656,48666,10
12.98155975,80.23339844,48666,48676,10
12.9816103,80.23329926,48676,48686,10
12.98167038,80.23319244,48686,48696,10
12.98186016,80.23275757,48696,48706,10
12.98198986,80.23220062,48706,48716,10
12.98196983,80.23162079,48716,48727,11
12.98188019,80.23108673,48727,48737,10
12.98163986,80.2305603,48737,48747,10
12.98124027,80.22988892,48747,48757,10
12.98087978,80.22931671,48757,48767,10
12.98069,80.22904205,48767,48777,10
12.98062038,80.22891235,48777,48787,10
12.9805603,80.2288208,48787,48797,10
12.98031044,80.22840118,48797,48807,10
12.9800396,80.2278595,48807,48817,10
12.97992992,80.22766113,48817,48827,10
12.97970963,80.22731018,48827,48838,11
12.97926998,80.22657776,48838,48848,10
12.97879028,80.22577667,48848,48858,10
12.97832012,80.22499847,48858,48868,10
12.97795963,80.22451019,48868,48878,10
12.97778034,80.22425079,48878,48888,10
12.97774982,80.22418976,48888,48898,10
12.97752953,80.22382355,48898,48908,10
12.97717953,80.22324371,48908,48918,10
12.97696018,80.22280121,48918,48928,10
12.97714996,80.22265625,48928,48939,11
12.97719955,80.22264862,48939,48949,10
12.97723961,80.22264862,48949,48959,10
12.97747993,80.2224884,48959,48969,10
12.97747993,80.22190857,48969,48979,10
12.97745991,80.22151184,48979,48989,10
12.97743034,80.22125244,48989,48999,10
12.97754002,80.22116852,48999,49015,16
12.97836018,80.22106171,49015,49027,12
12.97939968,80.22097015,49027,49035,8
12.9801302,80.22090912,49035,49048,13
12.98118973,80.22103119,49048,49058,10
12.98190022,80.22151184,49058,49068,10
12.98243999,80.22174072,49068,49078,10
12.98250008,80.22177124,49078,49088,10
12.98287964,80.22187805,49088,49107,19
12.98287964,80.22187805,49107,49118,11
12.98318958,80.22212219,49118,49127,9
12.98361015,80.22239685,49127,49137,10
12.98418999,80.22271729,49137,49149,12
12.9849596,80.22315216,49149,49159,10
12.98538017,80.22319794,49159,49169,10
12.98577976,80.22290802,49169,49179,10
12.98604012,80.22289276,49179,49189,10
12.98641968,80.2228775,49189,49209,20
12.98641968,80.2228775,49209,49219,10
12.98684978,80.22296143,49219,49229,10
12.98709965,80.22299957,49229,49239,10
12.98756027,80.22299194,49239,49249,10
12.98824024,80.22260284,49249,49260,11
12.9889698,80.22187805,49260,49270,10
12.98960972,80.22102356,49270,49280,10
12.99036026,80.22033691,49280,49310,30
12.99036026,80.22033691,49310,49320,10
12.99050045,80.22025299,49320,49330,10
12.99081993,80.22000122,49330,49340,10
12.99129963,80.21965027,49340,49350,10
12.99164963,80.21936035,49350,49361,11
12.99228954,80.21890259,49361,49371,10
12.99298,80.21839142,49371,49381,10
12.99363995,80.21787262,49381,49391,10
12.99390984,80.21766663,49391,49401,10
12.99405956,80.21756744,49401,49411,10
12.99442005,80.21730804,49411,49421,10
12.99493027,80.21692657,49421,49431,10
12.99545956,80.21665192,49431,49441,10
12.99612045,80.2164917,49441,49451,10
12.99658012,80.21643066,49451,49462,11
12.99668026,80.21642303,49462,49471,9
12.99693012,80.21640778,49471,49482,11
12.99754047,80.21600342,49482,49502,20
12.99754047,80.21600342,49502,49512,10
12.99785042,80.21575928,49512,49522,10
12.99833965,80.21533203,49522,49532,10
12.9989996,80.21478271,49532,49542,10
12.99929047,80.21453857,49542,49552,10
12.99977016,80.21411133,49552,49563,11
13.00028038,80.21363831,49563,49573,10
13.00065994,80.21327972,49573,49583,10
13.00084019,80.2131424,49583,49593,10
13.00125027,80.21282196,49593,49603,10
13.00185966,80.21237946,49603,49623,20
13.00185966,80.21237946,49623,49633,10
13.0023098,80.21215057,49633,49643,10
13.00292969,80.21204376,49643,49653,10
13.00352955,80.21192169,49653,49663,10
13.00360012,80.21186066,49663,49674,11
13.00362015,80.21140289,49674,49684,10
13.00358009,80.21063232,49684,49694,10
13.00349998,80.20982361,49694,49704,10
13.00360012,80.20894623,49704,49714,10
13.00422001,80.2086792,49714,49724,10
13.00526047,80.20913696,49724,49734,10
13.00607014,80.20944977,49734,49744,10
13.00699043,80.20970154,49744,49785,41
13.00699043,80.20970154,49785,49795,10
13.00716972,80.20980835,49795,49805,10
13.00767994,80.20986938,49805,49815,10
13.00809956,80.20974731,49815,49825,10
13.00794029,80.20899963,49825,49835,10
13.00778961,80.20800781,49835,49845,10
13.00763035,80.20700836,49845,49855,10
13.00753975,80.20614624,49855,49865,10
13.00745964,80.2052536,49865,49875,10
13.00745964,80.20436096,49875,49886,11
13.00736046,80.20332336,49886,49896,10
13.00702,80.20250702,49896,49906,10
13.00650024,80.20298004,49906,49916,10
13.00704956,80.20346832,49916,49926,10
13.00788021,80.20366669,49926,49936,10
13.00899982,80.20362854,49936,49946,10
13.01016045,80.20359039,49946,49956,10
13.01148033,80.20368195,49956,49966,10
13.01278019,80.20393372,49966,49976,10
13.01356983,80.2041626,49976,49987,11
13.01362038,80.20420074,49987,49997,10
13.01364994,80.20432281,49997,50007,10
13.01358986,80.20453644,50007,50017,10
13.01340008,80.2050705,50017,50027,10
13.01315022,80.20587158,50027,50037,10
13.01299953,80.20674133,50037,50047,10
13.01294041,80.2075119,50047,50057,10
13.0128603,80.20805359,50057,50067,10
13.0128603,80.2081604,50067,50077,10
13.0128603,80.20847321,50077,50087,10
13.01294041,80.208992,50087,50098,11
13.01309967,80.20948029,50098,50108,10
13.01315975,80.20995331,50108,50124,16
13.01299953,80.21085358,50124,50136,12
13.01268005,80.21156311,50136,50144,8
13.01239967,80.21205139,50144,50156,12
13.01200962,80.2126236,50156,50166,10
13.01187992,80.21279144,50166,50176,10
13.01159,80.21266937,50176,50186,10
13.01109028,80.2122879,50186,50196,10
13.01070023,80.21202087,50196,50207,11
13.01021957,80.21167755,50207,50217,10
13.00975037,80.21134186,50217,50257,40
13.00948048,80.21109772,50257,50388,131
13.00946999,80.21115112,50388,50833,445
13.00946045,80.21108246,50833,51509,676
13.00940037,80.21103668,51509,51539,30
13.00926971,80.21112061,51539,51559,20
13.00926971,80.21112061,51559,51570,11
13.00909996,80.21135712,51570,51580,10
13.00901985,80.21160126,51580,51590,10
13.00909042,80.21185303,51590,51599,9
13.00924015,80.21231842,51599,51610,11
13.00951004,80.21308899,51610,51620,10
13.00983047,80.21385193,51620,51630,10
13.01012993,80.21469116,51630,51640,10
13.01027966,80.21569061,51640,51650,10
13.01072025,80.21672058,51650,51660,10
13.0111599,80.21768188,51660,51671,11
13.01158047,80.21891022,51671,51681,10
13.01194954,80.2201004,51681,51691,10
13.01229,80.22107697,51691,51701,10
13.01257038,80.22180939,51701,51711,10
13.01319027,80.22254944,51711,51721,10
13.0138998,80.2233429,51721,51731,10
13.01447964,80.22402191,51731,51741,10
13.01508045,80.22470093,51741,51751,10
13.01548958,80.22530365,51751,51761,10
13.01492977,80.22593689,51761,51781,20
13.01492977,80.22593689,51781,51792,11
13.01476002,80.22602844,51792,51802,10
13.0142498,80.22624969,51802,51812,10
13.01344013,80.22654724,51812,51822,10
13.01247978,80.22692108,51822,51832,10
13.01136971,80.22734833,51832,51842,10
13.0102396,80.2277832,51842,51852,10
13.00949001,80.22772217,51852,51862,10
13.00971031,80.22707367,51862,51872,10
13.01006985,80.22628021,51872,51883,11
13.01045036,80.22537994,51883,51893,10
13.01062012,80.22496796,51893,51903,10
13.01068974,80.22485352,51903,51913,10
13.01080036,80.22451782,51913,51923,10
13.01101971,80.22398376,51923,51933,10
13.01123047,80.22344971,51933,51943,10
13.01109982,80.2230835,51943,51953,10
13.01049042,80.22277832,51953,51963,10
13.0103302,80.22270203,51963,51973,10
13.0101099,80.22255707,51973,51983,10
13.00957966,80.22229004,51983,51994,11
13.00876999,80.2218399,51994,52004,10
13.00790024,80.22136688,52004,52014,10
13.00695992,80.22087097,52014,52024,10
13.00592041,80.22051239,52024,52034,10
13.00489998,80.2203064,52034,52044,10
13.00450993,80.22022247,52044,52054,10
13.0043602,80.2201767,52054,52064,10
13.00382996,80.22006226,52064,52074,10
13.00302029,80.21980286,52074,52084,10
13.0021801,80.21922302,52084,52095,11
13.00133991,80.21839905,52095,52104,9
13.00055027,80.21791077,52104,52114,10
12.99964046,80.21733856,52114,52125,11
12.99903965,80.21703339,52125,52134,9
12.99892998,80.21697998,52134,52145,11
12.99878979,80.21691132,52145,52155,10
12.99790955,80.21658325,52155,52185,30
12.99790955,80.21658325,52185,52195,10
12.99767017,80.21653748,52195,52206,11
12.99757004,80.21652222,52206,52216,10
12.99736023,80.21650696,52216,52256,40
12.99736023,80.21650696,52256,52266,10
12.99685955,80.21652222,52266,52296,30
12.99685955,80.21652222,52296,52307,11
12.99672031,80.21653748,52307,52317,10
12.99643993,80.21656799,52317,52327,10
12.99615955,80.21665955,52327,52337,10
12.99608994,80.21665955,52337,52347,10
12.99590969,80.21669769,52347,52357,10
12.99569988,80.21676636,52357,52367,10
12.99553013,80.21681976,52367,52377,10
12.99534035,80.21691132,52377,52387,10
12.9951601,80.21700287,52387,52397,10
12.99481964,80.21724701,52397,52407,10
12.99433994,80.21761322,52407,52418,11
12.99374008,80.21806335,52418,52428,10
12.99316025,80.21845245,52428,52438,10
12.99265957,80.21881866,52438,52448,10
12.99201965,80.2193222,52448,52458,10
12.99133015,80.21977234,52458,52468,10
12.99085045,80.22012329,52468,52478,10
12.99083996,80.22012329,52478,52488,10
12.99053955,80.22039795,52488,52498,10
12.98999023,80.22084045,52498,52508,10
12.98948956,80.22141266,52508,52519,11
12.98900032,80.22207642,52519,52529,10
12.98838997,80.22267151,52529,52539,10
12.98781967,80.22306061,52539,52549,10
12.98764992,80.22309113,52549,52559,10
12.9875803,80.22306061,52559,52569,10
12.98715973,80.22303772,52569,52579,10
12.98672009,80.22296143,52579,52589,10
12.98624992,80.22297668,52589,52599,10
12.98569012,80.2230835,52599,52609,10
12.98534966,80.22328949,52609,52620,11
12.98525047,80.22328186,52620,52630,10
12.9848299,80.22312927,52630,52640,10
12.98425961,80.22277069,52640,52650,10
12.98381042,80.22254181,52650,52660,10
12.9832201,80.22213745,52660,52680,20
12.9832201,80.22213745,52680,52690,10
12.9829998,80.22200012,52690,52700,10
12.98246002,80.22189331,52700,52710,10
12.98182011,80.22148132,52710,52720,10
12.98112965,80.22115326,52720,52731,11
12.98017979,80.22110748,52731,52741,10
12.97937965,80.22115326,52741,52751,10
12.97856998,80.22119141,52751,52761,10
12.97791958,80.22112274,52761,52771,10
12.97721958,80.22122955,52771,52781,10
12.97640991,80.22126007,52781,52791,10
12.97614002,80.22149658,52791,52801,10
12.97630024,80.22170258,52801,52832,31
12.97630024,80.22170258,52832,52842,10
12.97649956,80.22180176,52842,52852,10
12.97661972,80.22206879,52852,52862,10
12.97681999,80.22245026,52862,52872,10
12.97721958,80.2231369,52872,52882,10
12.97770023,80.22392273,52882,52892,10
12.97811031,80.22460938,52892,52902,10
12.97844982,80.22515869,52902,52912,10
12.97861004,80.22540283,52912,52922,10
12.97881985,80.22573853,52922,52933,11
12.9792099,80.22640991,52933,52943,10
12.97964954,80.22718048,52943,52953,10
12.97994995,80.22769165,52953,52963,10
12.98011971,80.22795105,52963,52973,10
12.98031998,80.22831726,52973,52983,10
12.98054981,80.22870636,52983,52993,10
12.98068047,80.22892761,52993,53003,10
12.98081017,80.22913361,53003,53013,10
12.98110962,80.22963715,53013,53023,10
12.98157024,80.23030853,53023,53033,10
12.98165989,80.23046875,53033,53049,16
12.98190975,80.23105621,53049,53062,13
12.98204041,80.23207855,53062,53072,10
12.98188019,80.23287964,53072,53081,9
12.98163033,80.2334671,53081,53092,11
12.9816103,80.23352051,53092,53102,10
12.98151016,80.23371887,53102,53112,10
12.98128033,80.23423767,53112,53121,9
12.98122025,80.23503876,53121,53131,10
12.98122978,80.23590851,53131,53142,11
12.98126984,80.23696136,53142,53153,11
12.98130989,80.23808289,53153,53163,10
12.98132992,80.23863983,53163,53173,10
12.98132992,80.23867798,53173,53183,10
12.98134041,80.23908997,53183,53193,10
12.98132038,80.23953247,53193,53203,10
12.98134041,80.24004364,53203,53213,10
12.98136044,80.24082184,53213,53223,10
12.98136997,80.24176025,53223,53233,10
12.98139,80.24253082,53233,53243,10
12.98139,80.2427597,53243,53254,11
12.98136997,80.24298859,53254,53263,9
12.98136044,80.24356079,53263,53274,11
12.98122025,80.24455261,53274,53284,10
12.98108006,80.24565887,53284,53294,10
12.98095036,80.24691772,53294,53304,10
12.98085022,80.24826813,53304,53314,10
12.98071003,80.24964142,53314,53324,10
12.9803896,80.25096893,53324,53334,10
12.98011971,80.25200653,53334,53344,10
12.97994041,80.25243378,53344,53355,11
12.97986031,80.25266266,53355,53365,10
12.97947025,80.25270844,53365,53375,10
12.97879982,80.25263214,53375,53385,10
12.97861004,80.25256348,53385,53395,10
12.97850037,80.25251007,53395,53405,10
12.97803974,80.25218201,53405,53415,10
12.97733021,80.25157928,53415,53425,10
12.97634029,80.2511673,53425,53435,10
12.97517014,80.2508316,53435,53445,10
12.97414017,80.25054932,53445,53455,10
12.97317028,80.25028992,53455,53466,11
12.97253036,80.25013733,53466,53476,10
12.97222042,80.25005341,53476,53486,10
12.9715004,80.24984741,53486,53502,16
12.9699297,80.24932861,53502,53514,12
12.96864033,80.24880981,53514,53524,10
12.96784019,80.24849701,53524,53533,9
12.96700954,80.24813843,53533,53544,11
12.96630955,80.24780273,53544,53554,10
12.96516991,80.24739075,53554,53575,21
12.96516991,80.24739075,53575,53584,9
12.96485043,80.24725342,53584,53595,11
12.96417999,80.24698639,53595,53604,9
12.96327019,80.24661255,53604,53615,11
12.96214962,80.24606323,53615,53625,10
12.96080971,80.24542236,53625,53635,10
12.95965958,80.24494171,53635,53645,10
12.95940018,80.24482727,53645,53655,10
12.95903015,80.24465942,53655,53665,10
12.95829964,80.24432373,53665,53676,11
12.95748043,80.2440033,53676,53686,10
12.95637035,80.24355316,53686,53706,20
12.95637035,80.24355316,53706,53716,10
12.95606041,80.24343109,53716,53726,10
12.95540047,80.2431488,53726,53736,10
12.95452023,80.24278259,53736,53746,10
12.95345974,80.24234009,53746,53756,10
12.95230961,80.24186707,53756,53766,10
12.95172977,80.24167633,53766,53776,10
12.95164967,80.24163818,53776,53787,11
12.95108032,80.24143982,53787,53797,10
12.95022011,80.2411499,53797,53807,10
12.94917965,80.2408371,53807,53817,10
12.94812012,80.24040222,53817,53827,10
12.94729996,80.24008179,53827,53837,10
12.94684029,80.23986816,53837,53847,10
12.94606018,80.2395401,53847,53857,10
12.94521999,80.23908234,53857,53867,10
12.94447041,80.23834229,53867,53877,10
12.9435997,80.23741913,53877,53888,11
12.94237041,80.23647308,53888,53898,10
12.9409399,80.23607635,53898,53908,10
12.93978024,80.23577881,53908,53918,10
12.9396801,80.23573303,53918,53928,10
12.93955994,80.23564911,53928,53938,10
12.93906021,80.2354126,53938,53948,10
12.93824005,80.23500061,53948,53958,10
12.93721008,80.23449707,53958,53968,10
12.93605042,80.23394012,53968,53978,10
12.93492985,80.23342133,53978,53988,10
12.9339304,80.23300171,53988,53999,11
12.93381977,80.23294067,53999,54009,10
12.93377972,80.23293304,54009,54019,10
12.9333601,80.23271942,54019,54029,10
12.93257046,80.23239136,54029,54039,10
12.93157959,80.23206329,54039,54049,10
12.93037987,80.23168182,54049,54059,10
12.92903996,80.23135376,54059,54069,10
12.92759037,80.23113251,54069,54085,16
12.9262104,80.23097992,54085,54097,12
12.92619038,80.23097992,54097,54108,11
12.92570972,80.23091125,54108,54116,8
12.92510033,80.23082733,54116,54128,12
12.92395973,80.23071289,54128,54138,10
12.92302036,80.23058319,54138,54148,10
12.92179966,80.23040009,54148,54157,9
12.92057991,80.23023987,54157,54168,11
12.91932011,80.23011017,54168,54177,9
12.91921997,80.23008728,54177,54187,10
12.91888046,80.2300415,54187,54198,11
12.91808033,80.22992706,54198,54208,10
12.91707993,80.2297821,54208,54219,11
12.91576004,80.22956085,54219,54229,10
12.91454029,80.22940063,54229,54239,10
12.91349983,80.22930145,54239,54249,10
12.91333008,80.22927856,54249,54259,10
12.91302967,80.22921753,54259,54269,10
12.91230011,80.22911072,54269,54279,10
12.91129971,80.22895813,54279,54289,10
12.91009045,80.22878265,54289,54299,10
12.90878963,80.2285614,54299,54310,11
12.90752029,80.22837067,54310,54320,10
12.90713978,80.22833252,54320,54330,10
12.9070797,80.22831726,54330,54340,10
12.90662003,80.22827911,54340,54350,10
12.90627003,80.2282486,54350,54360,10
12.90612984,80.22821808,54360,54370,10
12.90555954,80.22820282,54370,54380,10
12.90464973,80.22812653,54380,54390,10
12.90355015,80.22808075,54390,54400,10
12.90235996,80.22799683,54400,54410,10
12.90151024,80.2279892,54410,54421,11
12.90100956,80.22795868,54421,54431,10
12.90052032,80.22789764,54431,54441,10
12.89943981,80.22783661,54441,54471,30
12.89943981,80.22783661,54471,54481,10
12.89912033,80.2278595,54481,54491,10
12.89840031,80.22779846,54491,54501,10
12.89743042,80.22775269,54501,54511,10
12.89624977,80.22769165,54511,54522,11
12.89482975,80.22762299,54522,54532,10
12.89360046,80.22756195,54532,54542,10
12.89317036,80.2275238,54542,54552,10
12.8930397,80.22749329,54552,54562,10
12.89264965,80.22743988,54562,54592,30
12.89264965,80.22743988,54592,54602,10
12.89241982,80.22740936,54602,54612,10
12.8917799,80.22737122,54612,54623,11
12.89078999,80.22736359,54623,54633,10
12.88969994,80.22736359,54633,54643,10
12.88868046,80.22737122,54643,54653,10
12.8884201,80.22736359,54653,54663,10
12.8882103,80.2273407,54663,54673,10
12.88757992,80.22725677,54673,54683,10
12.88669014,80.22709656,54683,54693,10
12.88562965,80.22683716,54693,54703,10
12.8848896,80.22673798,54703,54713,10
12.88483047,80.22673035,54713,54723,10
12.88438034,80.22672272,54723,54734,11
12.88344955,80.22672272,54734,54744,10
12.88234997,80.22673798,54744,54754,10
12.88105965,80.22673798,54754,54764,10
12.87977982,80.22676086,54764,54774,10
12.8784399,80.22679901,54774,54784,10
12.87712955,80.22691345,54784,54794,10
12.87644005,80.22689819,54794,54804,10
12.87637997,80.22664642,54804,54824,20
12.87637997,80.22664642,54824,54835,11
12.87639046,80.22647858,54835,54845,10
12.87646961,80.22583008,54845,54855,10
12.87656975,80.22486877,54855,54871,16
12.87691021,80.22303009,54871,54883,12
12.87728977,80.2213974,54883,54893,10
12.87761021,80.21997833,54893,54903,10
12.87790012,80.21877289,54903,54913,10
12.87817955,80.21742249,54913,54923,10
12.87847996,80.21598053,54923,54933,10
12.8787899,80.21447754,54933,54944,11
12.87911987,80.21278381,54944,54954,10
12.87938976,80.21138,54954,54963,9
12.8791399,80.21092224,54963,54974,11
12.87893963,80.21089172,54974,54984,10
12.87878036,80.21086884,54984,54994,10
12.87817955,80.21076965,54994,55004,10
12.87726974,80.21060181,55004,55014,10
12.87629032,80.21041107,55014,55024,10
12.87456036,80.21011353,55024,55055,31
12.87456036,80.21011353,55055,55065,10
12.87444019,80.21006012,55065,55075,10
12.87438965,80.20966339,55075,55085,10
12.87467003,80.20973969,55085,56259,1174
12.87467003,80.20973969,56259,56269,10
12.87473011,80.20986176,56269,56279,10
12.87467957,80.2100296,56279,56310,31
12.87467957,80.2100296,56310,56319,9
12.87475967,80.21019745,56319,56330,11
12.87516022,80.21024323,56330,56340,10
12.87572002,80.21034241,56340,56350,10
12.87639046,80.21047211,56350,56360,10
12.87712955,80.21060181,56360,56370,10
12.87790966,80.21073914,56370,56380,10
12.87864017,80.21086884,56380,56390,10
12.87915039,80.21096039,56390,56400,10
12.87922955,80.21096802,56400,56411,11
12.87946033,80.21127319,56411,56421,10
12.87932968,80.21189117,56421,56431,10
12.87917042,80.21272278,56431,56441,10
12.87897968,80.21369934,56441,56451,10
12.87880039,80.21470642,56451,56464,13
12.87851048,80.21604156,56464,56474,10
12.87829971,80.21707916,56474,56484,10
12.8781004,80.21808624,56484,56494,10
12.87786007,80.21917725,56494,56504,10
12.87759972,80.22032928,56504,56514,10
12.87734032,80.22148895,56514,56525,11
12.87703991,80.22277832,56525,56535,10
12.87677956,80.22393799,56535,56545,10
12.87662029,80.22509003,56545,56555,10
12.87650013,80.22615814,56555,56565,10
12.87644005,80.22686005,56565,56583,18
12.87644005,80.22686005,56583,56595,12
12.87656975,80.22691345,56595,56605,10
12.8770504,80.22686005,56605,56615,10
12.87790012,80.22678375,56615,56625,10
12.87897015,80.22669983,56625,56636,11
12.88035965,80.22664642,56636,56646,10
12.88167953,80.22663116,56646,56656,10
12.88296986,80.22662354,56656,56666,10
12.88422012,80.22660828,56666,56676,10
12.88514042,80.22660828,56676,56686,10
12.8852396,80.22662354,56686,56696,10
12.88566971,80.22670746,56696,56705,9
12.88638973,80.22691345,56705,56717,12
12.88763046,80.22715759,56717,56727,10
12.88856983,80.22724152,56727,56788,61
12.88856983,80.22724152,56788,56799,11
12.8887701,80.22724915,56799,56811,12
12.88877964,80.22724915,56811,56821,10
12.88883018,80.22724152,56821,56831,10
12.88920975,80.22724152,56831,56841,10
12.88980007,80.22724152,56841,56852,11
12.89056015,80.22724152,56852,56862,10
12.89132023,80.22724152,56862,56872,10
12.89208031,80.22724915,56872,56882,10
12.8928299,80.22731018,56882,56892,10
12.89352036,80.22740173,56892,56902,10
12.89410019,80.22744751,56902,57004,102
12.89410019,80.22744751,57004,57014,10
12.89416981,80.22744751,57014,57027,13
12.89478016,80.22747803,57027,57037,10
12.89550018,80.2275238,57037,57047,10
12.89640999,80.22756195,57047,57057,10
12.89745998,80.22762299,57057,57068,11
12.89869022,80.22769928,57068,57078,10
12.90007973,80.22776031,57078,57108,30
12.90007973,80.22776031,57108,57118,10
12.90013981,80.22776031,57118,57128,10
12.9005003,80.22779083,57128,57137,9
12.90079975,80.22781372,57137,57149,12
12.90126038,80.22786713,57149,57159,10
12.90186024,80.22788239,57159,57180,21
12.90186024,80.22788239,57180,57190,10
12.90196037,80.22786713,57190,57200,10
12.90221977,80.22788239,57200,57210,10
12.9028101,80.22792816,57210,57220,10
12.90363979,80.22798157,57220,57230,10
12.90447044,80.22801971,57230,57243,13
12.90540028,80.22805786,57243,57253,10
12.90594959,80.22807312,57253,57304,51
12.90594959,80.22807312,57304,57314,10
12.90618038,80.22811127,57314,57324,10
12.90637016,80.22812653,57324,57334,10
12.90660954,80.22815704,57334,57344,10
12.90678024,80.2281723,57344,57354,10
12.90705013,80.22821808,57354,57364,10
12.90769958,80.22830963,57364,57374,10
12.90861988,80.22844696,57374,57384,10
12.90976048,80.2286377,57384,57394,10
12.91104031,80.22884369,57394,57404,10
12.91232014,80.22901917,57404,57415,11
12.91353989,80.22917938,57415,57424,9
12.91392994,80.22923279,57424,57436,12
12.91394043,80.22924042,57436,57446,10
12.91429996,80.2293396,57446,57456,10
12.91504002,80.22942352,57456,57466,10
12.91598034,80.22956848,57466,57476,10
12.9170599,80.22971344,57476,57486,10
12.91808033,80.22984314,57486,57497,11
12.91915989,80.22995758,57497,57507,10
12.91928005,80.22998047,57507,57517,10
12.91963959,80.23001862,57517,57527,10
12.92035961,80.23011017,57527,57537,10
12.92119026,80.23021698,57537,57547,10
12.92241955,80.23040009,57547,57557,10
12.92370033,80.23058319,57557,57566,9
12.92490959,80.23074341,57566,57577,11
12.92615986,80.23087311,57577,57587,10
12.92638969,80.23088837,57587,57598,11
12.92656994,80.23091125,57598,57608,10
12.92716026,80.23097992,57608,57618,10
12.92800999,80.2310791,57618,57627,9
12.92891979,80.23123169,57627,57638,11
12.93019962,80.23152161,57638,57648,10
12.9313097,80.23184967,57648,57658,10
12.93257046,80.23226166,57658,57668,10
12.93365002,80.2326889,57668,57688,20
12.93365002,80.2326889,57688,57699,11
12.93395996,80.2328186,57699,57709,10
12.9346199,80.23313904,57709,57719,10
12.9354496,80.23352814,57719,57729,10
12.93628979,80.23391724,57729,57739,10
12.93735981,80.23442841,57739,57748,9
12.93842983,80.2349472,57748,57759,11
12.93978977,80.23561859,57759,57779,20
12.93978977,80.23561859,57779,57790,11
12.9401598,80.23577881,57790,57800,10
12.94085979,80.23597717,57800,57810,10
12.9417696,80.2361908,57810,57819,9
12.94270992,80.23651886,57819,57830,11
12.94355965,80.2371521,57830,57840,10
12.9435997,80.23719788,57840,57850,10
12.94382954,80.23745728,57850,57860,10
12.94437981,80.23806,57860,57870,10
12.94505024,80.23880005,57870,57880,10
12.94602966,80.23944092,57880,57891,11
12.9471302,80.23988342,57891,57901,10
12.94729996,80.23995209,57901,57911,10
12.94734001,80.23995972,57911,57921,10
12.94777966,80.24015808,57921,57931,10
12.94843006,80.24044037,57931,57941,10
12.94911003,80.24069977,57941,57951,10
12.94952965,80.2408371,57951,57961,10
12.95018959,80.24104309,57961,57971,10
12.95098972,80.24125671,57971,57981,10
12.95104027,80.2412796,57981,57992,11
12.95149994,80.24143982,57992,58002,10
12.95226955,80.24172211,58002,58011,9
12.95312977,80.24207306,58011,58022,11
12.95425987,80.24253082,58022,58032,10
12.95512009,80.24286652,58032,58042,10
12.95600033,80.24324036,58042,58052,10
12.95643044,80.24340057,58052,58062,10
12.95685005,80.24358368,58062,58073,11
12.95769978,80.24394989,58073,58083,10
12.95862961,80.24430084,58083,58094,11
12.95891953,80.24442291,58094,58104,10
12.95928001,80.24465179,58104,58114,10
12.95997047,80.24495697,58114,58124,10
12.96086979,80.24536133,58124,58134,10
12.96193981,80.2458725,58134,58144,10
12.96282005,80.24627686,58144,58154,10
12.96310043,80.24642181,58154,58164,10
12.96337032,80.24655914,58164,58174,10
12.96374989,80.24674988,58174,58184,10
12.96428013,80.24694061,58184,58195,11
12.96520042,80.24727631,58195,58205,10
12.96603966,80.24756622,58205,58215,10
12.96665001,80.24781799,58215,58225,10
12.96689987,80.24794006,58225,58235,10
12.96691036,80.24794769,58235,58245,10
12.96722984,80.24812317,58245,58255,10
12.9679203,80.24842072,58255,58265,10
12.96883965,80.24878693,58265,58275,10
12.96986961,80.24919891,58275,58285,10
12.97097015,80.24961853,58285,58295,10
12.97214031,80.24992371,58295,58306,11
12.97332954,80.2502594,58306,58316,10
12.97418976,80.25045013,58316,58326,10
12.97436047,80.25050354,58326,58336,10
12.97474003,80.25064087,58336,58346,10
12.97548008,80.25084686,58346,58356,10
12.97644043,80.25113678,58356,58366,10
12.97754002,80.2516098,58366,58376,10
12.97840977,80.25229645,58376,58386,10
12.97924042,80.25257111,58386,58396,10
12.97986984,80.25248718,58396,58407,11
12.97994041,80.25231934,58407,58417,10
12.97998047,80.25202942,58417,58427,10
12.9801302,80.25158691,58427,58437,10
12.98036003,80.25077057,58437,58447,10
12.98062992,80.2497406,58447,58457,10
12.98075008,80.24855804,58457,58467,10
12.98083019,80.24732208,58467,58477,10
12.98095989,80.24595642,58477,58487,10
12.98112011,80.24471283,58487,58497,10
12.98118973,80.24385071,58497,58507,10
12.98128986,80.24358368,58507,58518,11
12.98134041,80.24314117,58518,58528,10
12.98132038,80.24304199,58528,58538,10
12.98132038,80.24286652,58538,58548,10
12.98134995,80.24259949,58548,58558,10
12.98134041,80.24214172,58558,58568,10
12.98132992,80.24149323,58568,58578,10
12.98130989,80.24078369,58578,58588,10
12.98130035,80.2401123,58588,58598,10
12.98128033,80.23956299,58598,58608,10
12.9812603,80.23893738,58608,58619,11
12.98124027,80.23819733,58619,58629,10
12.98122025,80.2378006,58629,58639,10
12.98120975,80.23719788,58639,58649,10
12.98118973,80.23634338,58649,58659,10
12.9811697,80.2355423,58659,58669,10
12.98114967,80.23471832,58669,58679,10
12.98124981,80.23406219,58679,58689,10
12.98151016,80.2334671,58689,58699,10
12.98161983,80.23323822,58699,58709,10
12.98173046,80.23300934,58709,58720,11
12.98194981,80.23239136,58720,58730,10
12.98194027,80.23171997,58730,58740,10
12.98184013,80.23107147,58740,58750,10
12.98155975,80.23049927,58750,58760,10
12.98112011,80.22978973,58760,58770,10
12.98085022,80.22937012,58770,58780,10
12.98075962,80.22924042,58780,58790,10
12.98060036,80.22899628,58790,58800,10
12.98050976,80.22885895,58800,58810,10
12.9802599,80.22836304,58810,58820,10
12.97992039,80.22776031,58820,58831,11
12.97945976,80.22701263,58831,58841,10
12.97916031,80.22650909,58841,58851,10
12.97873974,80.22583771,58851,58861,10
12.9782896,80.22509766,58861,58871,10
12.97805977,80.22473907,58871,58881,10
12.97774982,80.22432709,58881,58891,10
12.97743034,80.22379303,58891,58901,10
12.97706985,80.2232132,58901,58911,10
12.9769001,80.22286224,58911,58921,10
12.97721958,80.22270203,58921,58942,21
12.97721958,80.22270203,58942,58952,10
12.97739983,80.22267914,58952,58962,10
12.97747993,80.22226715,58962,58972,10
12.97745037,80.22158051,58972,58982,10
12.97745037,80.22126007,58982,58992,10
12.97774029,80.22122192,58992,59002,10
12.9783802,80.22119904,59002,59012,10
12.97928047,80.22115326,59012,59022,10
12.98019028,80.22106934,59022,59033,11
12.98112011,80.22110748,59033,59043,10
12.98184013,80.2215271,59043,59053,10
12.9822197,80.22174072,59053,59063,10
12.98297977,80.22197723,59063,59083,20
12.98297977,80.22197723,59083,59093,10
12.98316956,80.2220993,59093,59103,10
12.98320961,80.22212982,59103,59113,10
12.9834404,80.22226715,59113,59123,10
12.98383999,80.22254181,59123,59133,10
12.9843998,80.22286987,59133,59144,11
12.98507023,80.22322845,59144,59154,10
12.98554039,80.22310638,59154,59164,10
12.98616982,80.22293854,59164,59174,10
12.9864502,80.22293854,59174,59184,10
12.98655987,80.2229538,59184,59194,10
12.98707962,80.22306061,59194,59204,10
12.98771,80.22306061,59204,59214,10
12.98838043,80.22260284,59214,59224,10
12.98902035,80.22194672,59224,59234,10
12.98956013,80.22126007,59234,59245,11
12.98997974,80.22077942,59245,59255,10
12.99044037,80.22036743,59255,59265,10
12.99053955,80.22028351,59265,59275,10
12.99090004,80.22001648,59275,59285,10
12.99123001,80.21975708,59285,59325,40
12.99123001,80.21975708,59325,59335,10
12.99135971,80.21967316,59335,59346,11
12.99166012,80.21945953,59346,59356,10
12.99188042,80.2193222,59356,59366,10
12.99213982,80.2191391,59366,59376,10
12.99263,80.21878052,59376,59386,10
12.99333954,80.21823883,59386,59396,10
12.99396038,80.21781921,59396,59406,10
12.99425983,80.21761322,59406,59408,2
12.99425983,80.21761322,59408,59455,47
12.99489975,80.21717072,59455,59465,10
12.99536991,80.21685791,59465,59475,10
12.99590969,80.21665955,59475,59485,10
12.99658966,80.21653748,59485,59495,10
12.99705029,80.21640778,59495,59505,10
12.99744987,80.21611023,59505,59515,10
12.99754047,80.21604156,59515,59525,10
12.9976902,80.21594238,59525,59536,11
12.99820995,80.21550751,59536,59547,11
12.99895,80.21486664,59547,59558,11
12.9993,80.21459198,59558,59568,10
12.9997797,80.21417999,59568,59576,8
13.00012016,80.21389008,59576,59587,11
13.00069046,80.21337891,59587,59598,11
13.00137997,80.21283722,59598,59608,10
13.00185013,80.21250153,59608,59618,10
13.00249004,80.2121582,59618,59627,9
13.00280952,80.21212006,59627,59638,11
13.00356007,80.21205139,59638,59648,10
13.00366974,80.21183014,59648,59659,11
13.00364017,80.2110672,59659,59669,10
13.00354004,80.21019745,59669,59679,10
13.00354958,80.20929718,59679,59689,10
13.00399017,80.20863342,59689,59699,10
13.00496006,80.2090683,59699,59709,10
13.00588989,80.20944214,59709,59719,10
13.00644016,80.20961761,59719,59729,10
13.00697041,80.2097702,59729,59739,10
13.00739956,80.20982361,59739,59780,41
13.00739956,80.20982361,59780,59790,10
13.0078001,80.20993805,59790,59806,16
13.00811958,80.20948029,59806,59818,12
13.00790977,80.20841217,59818,59828,10
13.00776958,80.20758057,59828,59837,9
13.0075798,80.20644379,59837,59848,11
13.00747967,80.20530701,59848,59858,10
13.00749016,80.20430756,59858,59868,10
13.00737,80.20339966,59868,59879,11
13.00710964,80.20256042,59879,59889,10
13.00652027,80.20275116,59889,59899,10
13.00673962,80.20330048,59899,59909,10
13.00737953,80.20362854,59909,59918,9
13.00813961,80.20374298,59918,59929,11
13.00936031,80.20368195,59929,59939,10
13.01064968,80.20366669,59939,59949,10
13.01196003,80.20381165,59949,59959,10
13.01313972,80.20406342,59959,59969,10
13.01368046,80.20432281,59969,59980,11
13.01371956,80.20446777,59980,59990,10
13.0136404,80.20467377,59990,60030,40
13.0136404,80.20467377,60030,60040,10
13.0134697,80.20500183,60040,60050,10
13.01323986,80.20571136,60050,60060,10
13.01301956,80.20658112,60060,60070,10
13.01296043,80.20754242,60070,60081,11
13.01288986,80.20838928,60081,60091,10
13.01292038,80.20874786,60091,60101,10
13.01303959,80.20941162,60101,60111,10
13.01319027,80.21006012,60111,60121,10
13.01305008,80.21086884,60121,60131,10
13.01263046,80.21172333,60131,60141,10
13.01208973,80.21257782,60141,60151,10
13.0118103,80.21286011,60151,60161,10
13.01140022,80.21257019,60161,60171,10
13.01074028,80.21208191,60171,60181,10
13.00992012,80.21147919,60181,60333,152
13.00992012,80.21147919,60333,60343,10
13.00963974,80.21121979,60343,61120,777
13.00963974,80.21121979,61120,61131,11
13.00928974,80.21105957,61131,61141,10
13.00922012,80.21118927,61141,61151,10
13.00909042,80.21138763,61151,61161,10
13.00903034,80.21170807,61161,61171,10
13.00920963,80.21224976,61171,61181,10
13.00942993,80.21289063,61181,61191,10
13.00965977,80.21347809,61191,61201,10
13.00990009,80.21408081,61201,61211,10
13.01014042,80.21470642,61211,61221,10
13.01021957,80.21533966,61221,61232,11
13.01047993,80.21618652,61232,61242,10
13.01082993,80.21695709,61242,61252,10
13.01124001,80.2178421,61252,61262,10
13.01158047,80.21875763,61262,61272,10
13.01193047,80.2197876,61272,61282,10
13.01226044,80.22080231,61282,61292,10
13.01235962,80.22132111,61292,61302,10
13.01241016,80.22154236,61302,61312,10
13.01270962,80.2219162,61312,61322,10
13.01315022,80.2224884,61322,61333,11
13.01366043,80.22309113,61333,61343,10
13.01410961,80.22364044,61343,61353,10
13.01451015,80.22415161,61353,61363,10
13.01498032,80.22463989,61363,61373,10
13.01504993,80.22470856,61373,61383,10
13.01515961,80.2248764,61383,61393,10
13.01541996,80.22524261,61393,61403,10
13.01537991,80.22577667,61403,61413,10
13.01513958,80.22593689,61413,61423,10
13.01492023,80.22601318,61423,61433,10
13.01451969,80.22615814,61433,61444,11
13.01403999,80.22631836,61444,61454,10
13.0136404,80.22646332,61454,61464,10
13.01292038,80.22673798,61464,61474,10
13.0120697,80.22708893,61474,61484,10
13.01113987,80.22744751,61484,61494,10
13.01023006,80.22781372,61494,61504,10
13.00959015,80.22789001,61504,61514,10
13.00959015,80.22737885,61514,61524,10
13.00992012,80.22666168,61524,61534,10
13.01027966,80.22579193,61534,61545,11
13.01054955,80.2250824,61545,61555,10
13.01058006,80.22501373,61555,61565,10
13.0106802,80.22480774,61565,61575,10
13.01089954,80.22429657,61575,61585,10
13.01117039,80.22364807,61585,61595,10
13.01117992,80.22318268,61595,61605,10
13.01060009,80.2228775,61605,61615,10
13.01035023,80.22276306,61615,61625,10
13.01008034,80.22260284,61625,61635,10
13.00949955,80.22228241,61635,61645,10
13.00870991,80.22183228,61645,61656,11
13.00776005,80.22133636,61656,61666,10
13.00708961,80.22097015,61666,61676,10
13.00625992,80.22062683,61676,61686,10
13.0051899,80.22039032,61686,61696,10
13.00421047,80.22016144,61696,61712,16
13.00273991,80.21972656,61712,61724,12
13.00205994,80.21913147,61724,61734,10
13.00137997,80.21848297,61734,61744,10
13.00051975,80.2179184,61744,61754,10
12.99975967,80.21743011,61754,61764,10
12.99884987,80.21694183,61764,61774,10
12.99738026,80.21652222,61774,61795,21
12.99738026,80.21652222,61795,61806,11
12.99720001,80.21652222,61806,61816,10
12.99697971,80.21652222,61816,61826,10
12.99664021,80.21653748,61826,61836,10
12.99662018,80.21655273,61836,61846,10
12.99639034,80.21658325,61846,61856,10
12.99617958,80.2166214,61856,61867,11
12.99600983,80.21665192,61867,61877,10
12.99569988,80.21672821,61877,61907,30
12.99545956,80.21681976,61907,61957,50
12.99545956,80.21681976,61957,61968,11
12.99491978,80.2171402,61968,61978,10
12.99446011,80.21746063,61978,61988,10
12.99398994,80.21781921,61988,61998,10
12.99341965,80.21822357,61998,62008,10
12.99273014,80.21871948,62008,62018,10
12.99195957,80.21929932,62018,62028,10
12.9913702,80.21972656,62028,62038,10
12.99077988,80.22016907,62038,62057,19
12.99077988,80.22016907,62057,62069,12
12.99065971,80.22028351,62069,62079,10
12.99028015,80.22058105,62079,62089,10
12.98972034,80.22116852,62089,62099,10
12.98923969,80.22174835,62099,62109,10
12.98869038,80.22236633,62109,62119,10
12.98799992,80.22296906,62119,62129,10
12.98760986,80.22312164,62129,62139,10
12.98750019,80.22312164,62139,62149,10
12.98703957,80.2230835,62149,62159,10
12.98668957,80.22299957,62159,62169,10
12.98614025,80.22297668,62169,62180,11
12.98560047,80.22315216,62180,62190,10
12.98515987,80.22328186,62190,62200,10
12.9844799,80.22296143,62200,62210,10
12.98398018,80.22267151,62210,62220,10
12.98375034,80.22254181,62220,62230,10
12.98371029,80.22251129,62230,62240,10
12.98363018,80.22245789,62240,62250,10
12.98349953,80.22236633,62250,62260,10
12.98332024,80.22225189,62260,62270,10
12.98316956,80.22215271,62270,62281,11
12.98313046,80.22212219,62281,62291,10
12.98289967,80.2219696,62291,62301,10
12.98270035,80.22187805,62301,62311,10
12.98248005,80.22183228,62311,62321,10
12.98198986,80.22158813,62321,62331,10
12.98134995,80.22119141,62331,62341,10
12.98066998,80.22103119,62341,62351,10
12.97994995,80.22110748,62351,62361,10
12.97914028,80.22116852,62361,62371,10
12.97836971,80.22122192,62371,62382,11
12.97756958,80.22125244,62382,62392,10
12.97692966,80.22128296,62392,62402,10
12.97638035,80.22129822,62402,62412,10
12.97640038,80.22184753,62412,62462,50
12.97640038,80.22184753,62462,62472,10
12.97638988,80.22193146,62472,62482,10
12.97657967,80.22225189,62482,62493,11
12.97694016,80.22279358,62493,62513,20
12.97694016,80.22279358,62513,62531,18
12.97741985,80.22357941,62531,62543,12
12.97795963,80.22445679,62543,62553,10
12.97844028,80.22522736,62553,62563,10
12.97859001,80.22544861,62563,62573,10
12.97875977,80.22573853,62573,62583,10
12.97910976,80.22634888,62583,62594,11
12.97961998,80.22718811,62594,62604,10
12.98015022,80.22805786,62604,62614,10
12.98068047,80.22895813,62614,62623,9
12.98108959,80.22966766,62623,62634,11
12.9816103,80.23040771,62634,62644,10
12.98171997,80.23058319,62644,62654,10
12.98184013,80.23084259,62654,62664,10
12.98204041,80.23143768,62664,62674,10
12.98208046,80.23220825,62674,62684,10
12.98194027,80.23293304,62684,62694,10
12.98167992,80.23351288,62694,62705,11
12.98163986,80.23356628,62705,62715,10
12.98153019,80.23375702,62715,62725,10
12.98126984,80.23436737,62725,62741,16
12.9812603,80.23586273,62741,62753,12
12.98128986,80.2370224,62753,62762,9
12.98130035,80.23764038,62762,62773,11
12.98134041,80.2386322,62773,62783,10
12.98134041,80.23873138,62783,62793,10
12.98134041,80.23898315,62793,62804,11
12.98136044,80.23966217,62804,62814,10
12.98136997,80.23999023,62814,62824,10
12.98139,80.2406311,62824,62834,10
12.98139954,80.24149323,62834,62844,10
12.98141003,80.24227905,62844,62854,10
12.98141956,80.24272919,62854,62864,10
12.98141956,80.24285889,62864,62874,10
12.98141956,80.24301147,62874,62884,10
12.98139954,80.24358368,62884,62894,10
12.98128033,80.24446869,62894,62904,10
12.98116016,80.24549103,62904,62915,11
12.98099995,80.24681854,62915,62925,10
12.98087978,80.24816132,62925,62935,10
12.98075962,80.24957275,62935,62944,9
12.98048019,80.2508316,62944,62955,11
12.98017025,80.25199127,62955,62965,10
12.98001957,80.25241852,62965,62975,10
12.97996998,80.25253296,62975,62985,10
12.97990036,80.25273895,62985,62995,10
12.97945023,80.2527771,62995,63005,10
12.97877026,80.25269318,63005,63016,11
12.97867966,80.25266266,63016,63026,10
12.97840977,80.25251007,63026,63036,10
12.97784996,80.25205231,63036,63046,10
12.9770298,80.25144196,63046,63056,10
12.97585964,80.25106049,63056,63066,10
12.97457981,80.25068665,63066,63076,10
12.97331047,80.25035858,63076,63086,10
12.97255993,80.25019836,63086,63096,10
12.97251987,80.25019073,63096,63106,10
12.97214031,80.25006866,63106,63117,11
12.97130013,80.24984741,63117,63127,10
12.97031021,80.24954224,63127,63137,10
12.96918011,80.24909973,63137,63147,10
12.96805954,80.24865723,63147,63157,10
12.96720982,80.24826813,63157,63167,10
12.96625996,80.24781799,63167,63177,10
12.96537971,80.24748993,63177,63187,10
12.96523952,80.24743652,63187,63203,16
12.96498013,80.24736023,63203,63215,12
12.96422005,80.24707031,63215,63226,11
12.96343994,80.24674988,63226,63235,9
12.96232033,80.24619293,63235,63246,11
12.96111012,80.24559021,63246,63256,10
12.96000004,80.24510193,63256,63266,10
12.9594202,80.24485779,63266,63275,9
12.95940018,80.24485016,63275,63285,10
12.95925999,80.24476624,63285,63295,10
12.95891953,80.24459839,63295,63306,11
12.9581604,80.24427795,63306,63316,10
12.9574604,80.24401855,63316,63327,11
12.9563303,80.24365997,63327,63347,20
12.9563303,80.24365997,63347,63357,10
12.95604992,80.24359894,63357,63367,10
12.95541954,80.24327087,63367,63377,10
12.95456028,80.24285889,63377,63387,10
12.95353031,80.24241638,63387,63397,10
12.95248985,80.24201202,63397,63407,10
12.95180988,80.24178314,63407,63417,10
12.95164013,80.24172211,63417,63428,11
12.95123005,80.24156952,63428,63438,10
12.95051003,80.24133301,63438,63448,10
12.94968033,80.24108124,63448,63458,10
12.94939995,80.2409668,63458,63468,10
12.94898033,80.24080658,63468,63478,10
12.94822979,80.2405014,63478,63488,10
12.94734001,80.24014282,63488,63498,10
12.9470396,80.24002838,63498,63508,10
12.94676018,80.23990631,63508,63518,10
12.94610977,80.23963165,63518,63528,10
12.94526958,80.23918152,63528,63539,11
12.9443903,80.23828125,63539,63549,10
12.94349957,80.23734283,63549,63559,10
12.94239044,80.23651886,63559,63569,10
12.94097996,80.23612213,63569,63579,10
12.93997002,80.23589325,63579,63589,10
12.93982029,80.23583221,63589,63599,10
12.93935013,80.23561096,63599,63609,10
12.93855953,80.23519897,63609,63619,10
12.93756008,80.23468018,63619,63629,10
12.93642998,80.23413086,63629,63640,11
12.93535042,80.23364258,63640,63650,10
12.9343996,80.23323059,63650,63660,10
12.93395042,80.23303223,63660,63670,10
12.93389988,80.23300171,63670,63680,10
12.93346977,80.23275757,63680,63690,10
12.93268967,80.2324295,63690,63700,10
12.9316597,80.23209381,63700,63710,10
12.93043041,80.23169708,63710,63720,10
12.92908001,80.23139954,63720,63730,10
12.92763042,80.23116302,63730,63741,11
12.92615032,80.23097992,63741,63751,10
12.9253397,80.23090363,63751,63761,10
12.92450047,80.2308197,63761,63771,10
12.92341042,80.23068237,63771,63781,10
12.92212963,80.23049164,63781,63791,10
12.92072964,80.2303009,63791,63801,10
12.91948986,80.2301712,63801,63811,10
12.91928005,80.23014069,63811,63821,10
12.91919041,80.2301178,63821,63831,10
12.91868019,80.2300415,63831,63841,10
12.91781998,80.22992706,63841,63852,11
12.91674042,80.22976685,63852,63862,10
12.91621971,80.22969055,63862,63872,10
12.91537952,80.22958374,63872,63882,10
12.91438007,80.22943115,63882,63892,10
12.91345978,80.22934723,63892,63912,20
12.91345978,80.22934723,63912,63922,10
12.91333008,80.2293396,63922,63932,10
12.91308022,80.22930908,63932,63942,10
12.9124403,80.22920227,63942,63953,11
12.91143036,80.22904968,63953,63963,10
12.91030979,80.22888184,63963,63973,10
12.90904045,80.22866821,63973,63983,10
12.90727043,80.22840881,63983,64023,40
12.90727043,80.22840881,64023,64033,10
12.90694046,80.2283783,64033,64043,10
12.90662003,80.22834015,64043,64054,11
12.90616035,80.22827148,64054,64064,10
12.90538979,80.22821808,64064,64074,10
12.90435982,80.22815704,64074,64084,10
12.90310955,80.22810364,64084,64094,10
12.90202045,80.22802734,64094,64104,10
12.90081978,80.2279892,64104,64114,10
12.90023041,80.22795105,64114,64124,10
12.89922047,80.22792053,64124,64155,31
12.89922047,80.22792053,64155,64165,10
12.89904022,80.22789764,64165,64175,10
12.89844036,80.22785187,64175,64185,10
12.89756966,80.22779083,64185,64195,10
12.89651012,80.22773743,64195,64205,10
12.89529037,80.22769165,64205,64215,10
12.89408016,80.22762299,64215,64225,10
12.89342022,80.22756958,64225,64235,10
12.89342022,80.22756195,64235,64245,10
12.89332008,80.22754669,64245,64255,10
12.89290047,80.22749329,64255,64276,21
12.89290047,80.22749329,64276,64286,10
12.89268017,80.22747803,64286,64296,10
12.8924799,80.22744751,64296,64306,10
12.89196968,80.22741699,64306,64316,10
12.89111042,80.22740936,64316,64326,10
12.89004993,80.22740173,64326,64336,10
12.88895988,80.22740173,64336,64346,10
12.88848019,80.22738647,64346,64356,10
12.88836002,80.22737885,64356,64367,11
12.8877697,80.22731018,64367,64377,10
12.88712025,80.22720337,64377,64387,10
12.88619995,80.22699738,64387,64397,10
12.88521004,80.22678375,64397,64407,10
12.88490963,80.22675323,64407,64417,10
12.88467979,80.22673798,64417,64427,10
12.88399982,80.22675323,64427,64443,16
12.88232994,80.22673798,64443,64455,12
12.88076019,80.22675323,64455,64465,10
12.87950039,80.22676086,64465,64476,11
12.87777996,80.22685242,64476,64486,10
12.87672043,80.22696686,64486,64496,10
12.87652016,80.2269516,64496,64506,10
12.87639046,80.22679138,64506,64516,10
12.87639999,80.22648621,64516,64536,20
12.87639999,80.22648621,64536,64546,10
12.87646008,80.22606659,64546,64556,10
12.87654018,80.22530365,64556,64566,10
12.87666035,80.22431183,64566,64577,11
12.87691975,80.2230835,64577,64587,10
12.87720966,80.22183228,64587,64597,10
12.87751961,80.22049713,64597,64607,10
12.87773991,80.21948242,64607,64617,10
12.87784004,80.21906281,64617,64627,10
12.87802029,80.21826172,64627,64637,10
12.87823009,80.21721649,64637,64647,10
12.87849045,80.21600342,64647,64657,10
12.87876034,80.2147522,64657,64667,10
12.87899971,80.21349335,64667,64678,11
12.87919998,80.21231842,64678,64688,10
12.87938023,80.21141815,64688,64698,10
12.87903976,80.21092987,64698,64718,20
12.87903976,80.21092987,64718,64728,10
12.87872028,80.21086884,64728,64738,10
12.87804985,80.21074677,64738,64748,10
12.87724972,80.21060181,64748,64758,10
12.87639046,80.21042633,64758,64768,10
12.8757,80.21031952,64768,64779,11
12.87458038,80.21012115,64779,64809,30
12.87458038,80.21012115,64809,64819,10
12.87450027,80.21009064,64819,64828,9
12.87434959,80.20983887,64828,64839,11
12.87471962,80.20960236,64839,64849,10
12.87471962,80.20996094,64849,65204,355
12.87471962,80.20996094,65204,65214,10
12.87487984,80.21024323,65214,65224,10
12.87526989,80.210289,65224,65234,10
12.87582016,80.21041107,65234,65244,10
12.87633038,80.21050262,65244,65253,9
12.87685013,80.21060181,65253,65264,11
12.87749958,80.21071625,65264,65274,10
12.87817955,80.21085358,65274,65284,10
12.87924957,80.21105194,65284,65305,21
12.87924957,80.21105194,65305,65314,9
12.87928009,80.21105194,65314,65323,9
12.87946987,80.21121216,65323,65335,12
12.87938023,80.21183014,65335,65345,10
12.87922955,80.2125473,65345,65355,10
12.87909031,80.21331787,65355,65365,10
12.8789196,80.21412659,65365,65375,10
12.87876034,80.21498871,65375,65385,10
12.8785696,80.21585083,65385,65395,10
12.87837982,80.21674347,65395,65406,11
12.87817955,80.21774292,65406,65416,10
12.87798023,80.21871185,65416,65426,10
12.8777504,80.21968079,65426,65436,10
12.87749958,80.2207489,65436,65446,10
12.87724018,80.22190857,65446,65456,10
12.87697029,80.2230835,65456,65466,10
12.87670994,80.22429657,65466,65476,10
12.87656975,80.22551727,65476,65486,10
12.87642956,80.22686005,65486,65517,31
12.87642956,80.22686005,65517,65527,10
12.87664986,80.2269516,65527,65537,10
12.87724972,80.22689819,65537,65547,10
12.87812996,80.2268219,65547,65557,10
12.87922001,80.22675323,65557,65567,10
12.8803997,80.22672272,65567,65577,10
12.88164043,80.22670746,65577,65587,10
12.88286972,80.22669983,65587,65597,10
12.88411999,80.22666931,65597,65607,10
12.8849802,80.22664642,65607,65618,11
12.88506031,80.22664642,65618,65628,10
12.88537979,80.22669983,65628,65638,10
12.88605976,80.22686005,65638,65648,10
12.88698959,80.22709656,65648,65658,10
12.88801956,80.22724152,65658,65668,10
12.88848019,80.22725677,65668,65678,10
12.88866043,80.22727203,65678,65688,10
12.88926983,80.22728729,65688,65698,10
12.89015007,80.22730255,65698,65708,10
12.89120007,80.22728729,65708,65719,11
12.89198017,80.22727966,65719,65749,30
12.89198017,80.22727966,65749,65759,10
12.89221954,80.22730255,65759,65769,10
12.89284039,80.22736359,65769,65779,10
12.89367008,80.2274704,65779,65789,10
12.89402962,80.22750092,65789,65799,10
12.89410019,80.22750854,65799,65809,10
12.89449024,80.22753906,65809,65820,11
12.89529037,80.22757721,65820,65830,10
12.89622021,80.22762299,65830,65840,10
12.89727974,80.22767639,65840,65850,10
12.89838028,80.22773743,65850,65860,10
12.89935017,80.22779846,65860,65870,10
12.89997005,80.22783661,65870,65880,10
12.90060997,80.22789001,65880,65890,10
12.90112019,80.22792816,65890,65900,10
12.90174007,80.22795868,65900,65910,10
12.90326023,80.22796631,65910,65941,31
12.90326023,80.22796631,65941,65951,10
12.90361023,80.22801208,65951,65961,10
12.90429974,80.22805786,65961,65971,10
12.90517998,80.22811127,65971,65981,10
12.90592957,80.22814941,65981,66021,40
12.90592957,80.22814941,66021,66032,11
12.90594959,80.22815704,66032,66042,10
12.90633965,80.22817993,66042,66052,10
12.90690994,80.22821808,66052,66062,10
12.90703011,80.22824097,66062,66072,10
12.90719986,80.22825623,66072,66082,10
12.90762997,80.22831726,66082,66092,10
12.90857983,80.22846985,66092,66102,10
12.90950012,80.2286377,66102,66112,10
12.91055012,80.2288208,66112,66122,10
12.91162968,80.22898102,66122,66133,11
12.91275024,80.22914124,66133,66143,10
12.91388988,80.22926331,66143,66163,20
12.91388988,80.22926331,66163,66173,10
12.9139204,80.22927094,66173,66183,10
12.91431046,80.2293396,66183,66193,10
12.91495991,80.22943115,66193,66203,10
12.9157896,80.22955322,66203,66213,10
12.91678047,80.22969055,66213,66223,10
12.91771984,80.22982025,66223,66234,11
12.9187603,80.22995758,66234,66242,8
12.91919994,80.23001099,66242,66254,12
12.91932011,80.23001862,66254,66264,10
12.9197998,80.23007965,66264,66274,10
12.92053986,80.2301712,66274,66284,10
12.92144012,80.2303009,66284,66294,10
12.92247009,80.23045349,66294,66304,10
12.92360973,80.23062134,66304,66314,10
12.92477036,80.2307663,66314,66324,10
12.92586994,80.23088074,66324,66335,11
12.92636967,80.23094177,66335,66345,10
12.92642021,80.2309494,66345,66355,10
12.92687988,80.23100281,66355,66365,10
12.9276104,80.23110199,66365,66375,10
12.92844009,80.23121643,66375,66385,10
12.92870045,80.23126221,66385,66395,10
12.92908955,80.23132324,66395,66405,10
12.92978954,80.2314682,66405,66415,10
12.93068027,80.23169708,66415,66425,10
12.93169022,80.23201752,66425,66435,10
12.93274975,80.23236847,66435,66446,11
12.93362999,80.23272705,66446,66466,20
12.93362999,80.23272705,66466,66476,10
12.93371964,80.23278046,66476,66492,16
12.93455982,80.23316193,66492,66504,12
12.93537045,80.23352814,66504,66512,8
12.93581963,80.23374176,66512,66524,12
12.93667984,80.23416138,66524,66534,10
12.93754005,80.23457336,66534,66544,10
12.9384203,80.23500061,66544,66555,11
12.93939018,80.23547363,66555,66615,60
12.93939018,80.23547363,66615,66625,10
12.93951988,80.23552704,66625,66634,9
12.93984032,80.23568726,66634,66645,11
12.94046021,80.23592377,66645,66656,11
12.94124031,80.23612213,66656,66666,10
12.94207001,80.23632813,66666,66676,10
12.9428997,80.23665619,66676,66686,10
12.94351959,80.2371521,66686,66696,10
12.94361973,80.23724365,66696,66706,10
12.94365978,80.23728943,66706,66716,10
12.94396019,80.23763275,66716,66726,10
12.94445992,80.23818207,66726,66736,10
12.9450798,80.23886108,66736,66745,9
12.94583988,80.23940277,66745,66757,12
12.94727039,80.23996735,66757,66777,20
12.94727039,80.23996735,66777,66787,10
12.94736004,80.24001312,66787,66797,10
12.94777966,80.24018097,66797,66807,10
12.94832993,80.24040222,66807,66817,10
12.9486599,80.24053192,66817,66837,20
12.9486599,80.24053192,66837,66847,10
12.94886971,80.24060822,66847,66858,11
12.94944,80.2408371,66858,66868,10
12.95018005,80.24107361,66868,66878,10
12.9510603,80.24131775,66878,66898,20
12.9510603,80.24131775,66898,66908,10
12.95116043,80.24140167,66908,66918,10
12.95158958,80.24154663,66918,66928,10
12.95223999,80.24178314,66928,66938,10
12.9530201,80.24208832,66938,66948,10
12.95386028,80.24243164,66948,66957,9
12.95464039,80.24273682,66957,66969,12
12.95538044,80.2430191,66969,66979,10
12.95604992,80.24320221,66979,66989,10
12.95637035,80.24330902,66989,67009,20
12.95637035,80.24330902,67009,67019,10
12.95683002,80.24349213,67019,67029,10
12.9574604,80.2437973,67029,67039,10
12.95821953,80.24416351,67039,67049,10
12.95884037,80.24440765,67049,67070,21
12.95884037,80.24440765,67070,67079,9
12.95893955,80.24452209,67079,67090,11
12.9594202,80.24474335,67090,67100,10
12.96010971,80.24504089,67100,67110,10
12.9609499,80.24542236,67110,67120,10
12.96187019,80.2458725,67120,67130,10
12.9625597,80.24619293,67130,67140,10
12.96282005,80.24632263,67140,67160,20
12.96282005,80.24632263,67160,67171,11
12.96304989,80.24643707,67171,67181,10
12.96335983,80.24659729,67181,67191,10
12.96364021,80.24675751,67191,67201,10
12.96415997,80.2469635,67201,67211,10
12.96485996,80.2472229,67211,67221,10
12.96562958,80.24748993,67221,67231,10
12.96660042,80.24786377,67231,67261,30
12.96660042,80.24786377,67261,67271,10
12.96664047,80.24786377,67271,67282,11
12.96687984,80.24797821,67282,67292,10
12.96716022,80.24812317,67292,67302,10
12.96774006,80.24838257,67302,67312,10
12.96846008,80.24868011,67312,67322,10
12.96930981,80.24902344,67322,67332,10
12.97023964,80.24938202,67332,67342,10
12.97113991,80.24967957,67342,67352,10
12.97206974,80.24993896,67352,67362,10
12.97305012,80.25018311,67362,67372,10
12.97430992,80.25050354,67372,67393,21
12.97430992,80.25050354,67393,67403,10
12.97434998,80.2505188,67403,67413,10
12.97472,80.25063324,67413,67423,10
12.97535992,80.25081635,67423,67433,10
12.97620964,80.25105286,67433,67443,10
12.9771204,80.25134277,67443,67453,10
12.97789955,80.25189972,67453,67463,10
12.97871017,80.25245667,67463,67473,10
12.97961044,80.25256348,67473,67484,11
12.97994995,80.25228119,67484,67514,30
12.97994995,80.25228119,67514,67524,10
12.97999001,80.25190735,67524,67534,10
12.98015976,80.25140381,67534,67544,10
12.98036957,80.25066376,67544,67554,10
12.98058033,80.24980164,67554,67564,10
12.98069954,80.24884033,67564,67574,10
12.98077965,80.24778748,67574,67585,11
12.98087978,80.24655914,67585,67595,10
12.98101044,80.2453537,67595,67605,10
12.98112965,80.24430084,67605,67615,10
12.98114967,80.24382019,67615,67625,10
12.98122025,80.24362946,67625,67635,10
12.98130035,80.24337769,67635,67645,10
12.98130035,80.24284363,67645,67675,30
12.98130035,80.24284363,67675,67685,10
12.98134041,80.24268341,67685,67696,11
12.98132038,80.2423172,67696,67706,10
12.98132038,80.24181366,67706,67716,10
12.98132038,80.24115753,67716,67726,10
12.98130989,80.2405014,67726,67736,10
12.98130035,80.2397995,67736,67746,10
12.98128986,80.23946381,67746,67756,10
12.98128033,80.23889923,67756,67766,10
12.98124981,80.23776245,67766,67786,20
12.98124981,80.23776245,67786,67797,11
12.9812603,80.23773956,67797,67807,10
12.98124027,80.23742676,67807,67817,10
12.98122025,80.23686218,67817,67827,10
12.98120975,80.23618317,67827,67837,10
12.98118019,80.23547363,67837,67847,10
12.9811697,80.23474121,67847,67857,10
12.98128033,80.23403168,67857,67867,10
12.98159981,80.23336029,67867,67887,20
12.98159981,80.23336029,67887,67898,11
12.98169041,80.23316956,67898,67908,10
12.98184967,80.23280334,67908,67918,10
12.98198032,80.23232269,67918,67928,10
12.9819603,80.23197937,67928,67938,10
12.98192024,80.23152924,67938,67948,10
12.98184013,80.23111725,67948,67958,10
12.98163986,80.23072052,67958,67968,10
12.98136044,80.23023224,67968,67978,10
12.98097038,80.229599,67978,67988,10
12.98073959,80.2292099,67988,67998,10
12.98054028,80.22891235,67998,68029,31
12.98054028,80.22891235,68029,68039,10
12.98040009,80.22866058,68039,68049,10
12.98025036,80.22834015,68049,68059,10
12.98005009,80.2279892,68059,68069,10
12.97972012,80.22743225,68069,68079,10
12.9793396,80.22679901,68079,68089,10
12.97896957,80.22619629,68089,68099,10
12.97861004,80.22560883,68099,68110,11
12.9781599,80.2248764,68110,68120,10
12.97780991,80.22441101,68120,68130,10
12.97770977,80.22422791,68130,68140,10
12.97766018,80.22413635,68140,68150,10
12.97743988,80.22376251,68150,68160,10
12.97712994,80.22324371,68160,68170,10
12.97692966,80.2228775,68170,68180,10
12.97692966,80.22277832,68180,68190,10
12.97719002,80.22267151,68190,68221,31
12.97719002,80.22267151,68221,68231,10
12.97745991,80.2226181,68231,68241,10
12.97743034,80.22223663,68241,68251,10
12.97743034,80.22161865,68251,68261,10
12.97739983,80.2212677,68261,68271,10
12.97743034,80.22120667,68271,68281,10
12.97766018,80.22119141,68281,68291,10
12.97813034,80.22116852,68291,68301,10
12.97883987,80.22112274,68301,68312,11
12.97966003,80.22106171,68312,68322,10
12.98033047,80.22100067,68322,68332,10
12.98079967,80.22097778,68332,68342,10
12.98128033,80.221138,68342,68352,10
12.98174,80.22144318,68352,68362,10
12.98206043,80.22164917,68362,68402,40
12.98206043,80.22164917,68402,68412,10
12.98225021,80.22171021,68412,68423,11
12.98244953,80.2217865,68423,68443,20
12.98244953,80.2217865,68443,68453,10
12.98272038,80.22187805,68453,68473,20
12.98272038,80.22187805,68473,68483,10
12.98299026,80.22200012,68483,68503,20
12.98299026,80.22200012,68503,68513,10
12.98313999,80.22209167,68513,68524,11
12.98332024,80.22222137,68524,68534,10
12.98338032,80.22226715,68534,68544,10
12.98357964,80.22241974,68544,68604,60
12.98392963,80.22260284,68604,68625,21
12.98392963,80.22260284,68625,68635,10
12.98414993,80.2227478,68635,68645,10
12.98451996,80.22296143,68645,68655,10
12.98488998,80.22316742,68655,68665,10
12.98536968,80.22328949,68665,68675,10
12.98567963,80.22302246,68675,68685,10
12.98604012,80.2229538,68685,68695,10
12.98641968,80.2229538,68695,68705,10
12.9864397,80.22296143,68705,68715,10
12.98684025,80.22299957,68715,68746,31
12.98684025,80.22299957,68746,68756,10
12.98700047,80.22303772,68756,68766,10
12.98740959,80.2230835,68766,68776,10
12.98805046,80.22286224,68776,68786,10
12.98865032,80.22231293,68786,68796,10
12.98913956,80.22173309,68796,68806,10
12.98956013,80.22123718,68806,68816,10
12.9900198,80.22068024,68816,68826,10
12.9903698,80.2203598,68826,68837,11
12.99038029,80.22035217,68837,68847,10
12.99053001,80.22025299,68847,68857,10
12.99090958,80.21996307,68857,68867,10
12.99135017,80.21961975,68867,68877,10
12.99182034,80.21923828,68877,68887,10
12.99225998,80.21893311,68887,68897,10
12.99246025,80.21878815,68897,68907,10
12.99283981,80.21853638,68907,68917,10
12.9932003,80.21824646,68917,68927,10
12.99374008,80.21785736,68927,68938,11
12.99382973,80.21778107,68938,68948,10
12.99413013,80.21755981,68948,68958,10
12.99425983,80.21746826,68958,68968,10
12.99458027,80.21723938,68968,68978,10
12.99470997,80.2171402,68978,68988,10
12.9948597,80.21704102,68988,68998,10
12.99520016,80.21681976,68998,69008,10
12.99577999,80.21661377,69008,69018,10
12.9962101,80.21652222,69018,69028,10
12.99658012,80.21646881,69028,69039,11
12.99697971,80.21643829,69039,69099,60
12.99697971,80.21643829,69099,69109,10
12.99755001,80.21600342,69109,69129,20
12.99755001,80.21600342,69129,69139,10
12.99763966,80.21591949,69139,69150,11
12.99804974,80.21560669,69150,69160,10
12.99859047,80.21513367,69160,69170,10
12.99909019,80.21472168,69170,69180,10
12.99934959,80.21446991,69180,69190,10
12.99979973,80.21408081,69190,69200,10
13.00016022,80.21376038,69200,69210,10
13.00086975,80.21315002,69210,69220,10
13.0014801,80.212677,69220,69230,10
13.00212955,80.21224213,69230,69240,10
13.00280952,80.21205139,69240,69251,11
13.00358963,80.2118988,69251,69271,20
13.00358963,80.2118988,69271,69281,10
13.00364017,80.21179962,69281,69291,10
13.00364017,80.21138763,69291,69301,10
13.00358963,80.21067047,69301,69311,10
13.00349998,80.20987701,69311,69321,10
13.00356007,80.20908356,69321,69331,10
13.00387001,80.20858002,69331,69341,10
13.00442982,80.20879364,69341,69352,11
13.00487995,80.20899963,69352,69362,10
13.00533009,80.20921326,69362,69372,10
13.00566006,80.20934296,69372,69382,10
13.00594044,80.20942688,69382,69392,10
13.00619984,80.20951843,69392,69402,10
13.0065403,80.20964813,69402,69412,10
13.00706005,80.20976257,69412,69442,30
13.0072403,80.20982361,69442,69463,21
13.0072403,80.20982361,69463,69473,10
13.00734997,80.20986176,69473,69483,10
13.00771046,80.20990753,69483,69493,10
13.00790024,80.20993805,69493,69503,10
13.00809002,80.20995331,69503,69513,10
13.00807953,80.20953369,69513,69523,10
13.00796032,80.20887756,69523,69533,10
13.00780964,80.20797729,69533,69543,10
13.0076704,80.20713043,69543,69553,10
13.00755024,80.20629883,69553,69564,11
13.00749016,80.2059021,69564,69574,10
13.00747013,80.20545959,69574,69584,10
13.00747013,80.20491791,69584,69594,10
13.00745964,80.20419312,69594,69604,10
13.00736046,80.20333862,69604,69614,10
13.00710011,80.2025528,69614,69624,10
13.00648022,80.20278931,69624,69634,10
13.00681019,80.20333862,69634,69644,10
13.00747967,80.20362091,69644,69654,10
13.00835991,80.20368195,69654,69665,11
13.00951958,80.20362091,69665,69675,10
13.01070023,80.20362091,69675,69685,10
13.01187992,80.20375824,69685,69695,10
13.01290035,80.20394135,69695,69705,10
13.01350975,80.20413971,69705,69715,10
13.01358986,80.20419312,69715,69725,10
13.01364994,80.20424652,69725,69735,10
13.01358986,80.20465851,69735,69792,57
13.01358986,80.20465851,69792,69804,12
13.01348019,80.2049408,69804,69814,10
13.01327991,80.20549774,69814,69823,9
13.01305962,80.20626068,69823,69834,11
13.01296043,80.20729828,69834,69843,9
13.01286983,80.20794678,69843,69854,11
13.0128603,80.20818329,69854,69864,10
13.0128603,80.20845032,69864,69875,11
13.01290989,80.20890808,69875,69885,10
13.0131197,80.20951843,69885,69895,10
13.01311016,80.21011353,69895,69905,10
13.01296043,80.21089935,69905,69915,10
13.01255989,80.21169281,69915,69925,10
13.0121603,80.21231079,69925,69935,10
13.01185989,80.21273041,69935,69945,10
13.01161957,80.21272278,69945,69955,10
13.01115036,80.21234894,69955,69965,10
13.01074028,80.21206665,69965,69976,11
13.01027966,80.21172333,69976,70026,50
13.01027966,80.21172333,70026,70036,10
13.01016045,80.21166229,70036,70046,10
13.0099802,80.21150208,70046,70056,10
13.00990963,80.21144104,70056,70066,10
13.00969028,80.21125793,70066,70159,93
13.00938034,80.2110672,70159,70927,768
13.00938034,80.2110672,70927,70937,10
13.00918961,80.21114349,70937,70947,10
13.00907993,80.21130371,70947,70957,10
13.0089798,80.21154785,70957,70967,10
13.00909042,80.21195984,70967,70977,10
13.00926971,80.21250153,70977,70987,10
13.00946999,80.21302795,70987,70997,10
13.00967979,80.21359253,70997,71007,10
13.00992966,80.21420288,71007,71018,11
13.01012039,80.21489716,71018,71028,10
13.01019955,80.21552277,71028,71038,10
13.01047039,80.21623993,71038,71048,10
13.01082993,80.21700287,71048,71058,10
13.01119995,80.21779633,71058,71068,10
13.01154995,80.21875,71068,71078,10
13.01185036,80.21959686,71078,71088,10
13.0121603,80.22059631,71088,71098,10
13.01235008,80.22141266,71098,71108,10
13.01264954,80.22190857,71108,71118,10
13.01309967,80.22248077,71118,71135,17
13.01401997,80.22350311,71135,71147,12
13.01445007,80.22409821,71147,71157,10
13.01523972,80.22499847,71157,71197,40
13.01523972,80.22499847,71197,71207,10
13.0152998,80.22509003,71207,71217,10
13.01535988,80.22550201,71217,71228,11
13.01527977,80.22576141,71228,71238,10
13.01509953,80.22588348,71238,71248,10
13.01467991,80.22605896,71248,71258,10
13.01406956,80.22628784,71258,71268,10
13.01334,80.22659302,71268,71278,10
13.01253033,80.22692108,71278,71288,10
13.01165009,80.22725677,71288,71298,10
13.01070023,80.22763824,71298,71308,10
13.0098896,80.22795105,71308,71318,10
13.00946045,80.22766876,71318,71328,10
13.00963974,80.22715759,71328,71339,11
13.0099802,80.22640228,71339,71349,10
13.01031017,80.22563934,71349,71359,10
13.01058006,80.22499847,71359,71369,10
13.01076031,80.22458649,71369,71379,10
13.01103973,80.22387695,71379,71389,10
13.01124001,80.22331238,71389,71399,10
13.01095963,80.22303772,71399,71409,10
13.01043034,80.22276306,71409,71419,10
13.01035976,80.22273254,71419,71429,10
13.01018047,80.22263336,71429,71440,11
13.00965977,80.22235107,71440,71450,10
13.00903034,80.22200012,71450,71460,10
13.00831032,80.22161102,71460,71470,10
13.00751972,80.22119141,71470,71480,10
13.00675964,80.22077942,71480,71490,10
13.00588036,80.22052765,71490,71500,10
13.00500011,80.22032928,71500,71509,9
13.00440979,80.22020721,71509,71520,11
13.00358963,80.22001648,71520,71530,10
13.0027504,80.21974182,71530,71541,11
13.00210953,80.21920013,71541,71551,10
13.00158024,80.21865845,71551,71561,10
13.00092983,80.21819305,71561,71571,10
13.00024033,80.21775055,71571,71581,10
12.99944019,80.21726227,71581,71591,10
12.99876976,80.21691895,71591,71601,10
12.99837971,80.21672821,71601,71611,10
12.99825954,80.21669006,71611,71621,10
12.99787045,80.21659088,71621,71672,51
12.99787045,80.21659088,71672,71682,10
12.99757004,80.21653748,71682,71702,20
12.99744987,80.21652222,71702,71722,20
12.99744987,80.21652222,71722,71732,10
12.99722004,80.21652985,71732,71742,10
12.99697971,80.21652985,71742,71753,11
12.9967804,80.21653748,71753,71763,10
12.99658012,80.21655273,71763,71773,10
12.99617004,80.2166214,71773,71793,20
12.99617004,80.2166214,71793,71803,10
12.99582005,80.21672058,71803,71813,10
12.99557972,80.21678162,71813,71823,10
12.99542999,80.21682739,71823,71833,10
12.99520969,80.21694183,71833,71843,10
12.99507046,80.21703339,71843,71854,11
12.99483013,80.2171936,71854,71864,10
12.99446964,80.21743774,71864,71874,10
12.99405956,80.21772766,71874,71884,10
12.99365997,80.21801758,71884,71894,10
12.99312973,80.21838379,71894,71904,10
12.99265003,80.21872711,71904,71914,10
12.99209976,80.21916199,71914,71924,10
12.99180984,80.21936798,71924,71934,10
12.99164009,80.21951294,71934,71944,10
12.99100018,80.21942139,71944,71985,41
12.99100018,80.21942139,71985,71995,10
12.99090004,80.2193985,71995,72005,10
12.99050045,80.21926117,72005,72015,10
12.98987961,80.21906281,72015,72025,10
12.98917961,80.21880341,72025,72035,10
12.98845005,80.21858215,72035,72045,10
12.98783016,80.21842957,72045,72055,10
12.98754978,80.21839905,72055,72066,11
12.98735046,80.2183609,72066,72076,10
12.98709965,80.21829987,72076,72086,10
12.98651028,80.21814728,72086,72096,10
12.98567009,80.21794891,72096,72106,10
12.98486042,80.21794128,72106,72116,10
12.98418999,80.2179718,72116,72136,20
12.98406982,80.2179718,72136,72167,31
12.98406982,80.2179718,72167,72177,10
12.98392963,80.21797943,72177,72187,10
12.98371029,80.21797943,72187,72197,10
12.98346996,80.21797943,72197,72257,60
12.98346996,80.21797943,72257,72268,11
12.98307991,80.21797943,72268,72439,171
12.98307991,80.21797943,72439,72449,10
12.98268032,80.21797943,72449,72631,182
12.98268032,80.21797943,72631,72641,10
12.98233032,80.21800232,72641,72752,111
12.9819603,80.21797943,72752,72772,20
12.9819603,80.21797943,72772,72782,10
12.98180962,80.21800995,72782,72793,11
12.98171997,80.21801758,72793,72803,10
12.98161983,80.21804047,72803,72813,10
12.98149014,80.21806335,72813,72823,10
12.98124027,80.21811676,72823,72914,91
12.98124027,80.21811676,72914,72924,10
12.9809103,80.2181778,72924,72934,10
12.98089027,80.21819305,72934,72944,10
12.98062038,80.21826935,72944,72954,10
12.98052025,80.2183075,72954,72964,10
12.98036957,80.21836853,72964,72974,10
12.98034,80.21838379,72974,72984,10
12.98019981,80.21846008,72984,72994,10
12.97988987,80.21859741,72994,73005,11
12.97939968,80.21881104,73005,73025,20
12.97939968,80.21881104,73025,73035,10
12.97900009,80.21898651,73035,73126,91
12.97900009,80.21898651,73126,73136,10
12.97863007,80.21916199,73136,73196,60
12.97863007,80.21916199,73196,73207,11
12.97819996,80.21932983,73207,73227,20
12.97805977,80.21938324,73227,73318,91
12.97770023,80.21955109,73318,73398,80
12.97770023,80.21955109,73398,73408,10
12.9773798,80.21970367,73408,73439,31
12.97708035,80.2197876,73439,73550,111
12.97675991,80.2199707,73550,73671,121
12.97657967,80.220047,73671,73742,71
12.97624016,80.2201767,73742,74024,282
12.97624016,80.2201767,74024,74034,10
12.97591019,80.2203064,74034,74045,11
12.97577953,80.2203598,74045,74055,10
12.9756403,80.22042847,74055,74065,10
12.97548008,80.22077942,74065,74075,10
12.97576046,80.22106934,74075,74085,10
12.9758997,80.22118378,74085,74095,10
12.97618008,80.22160339,74095,74146,51
12.97618008,80.22160339,74146,74156,10
12.9763298,80.2219162,74156,74166,10
12.97647953,80.22216034,74166,74176,10
12.97651958,80.22216797,74176,74186,10
12.97671986,80.2224884,74186,74196,10
12.97706032,80.22303009,74196,74206,10
12.97751045,80.22376251,74206,74216,10
12.97797012,80.22445679,74216,74226,10
12.97824001,80.2248764,74226,74236,10
12.97852039,80.22534943,74236,74247,11
12.97879982,80.22582245,74247,74257,10
12.97906971,80.22627258,74257,74267,10
12.97918034,80.22644806,74267,74277,10
12.97945976,80.22692871,74277,74287,10
12.97974014,80.22740173,74287,74297,10
12.97999954,80.22781372,74297,74307,10
12.98036003,80.22843933,74307,74317,10
12.98081017,80.22920227,74317,74327,10
12.98124981,80.2299118,74327,74337,10
12.98165035,80.23049164,74337,74347,10
12.98167992,80.23052979,74347,74358,11
12.98180008,80.2307663,74358,74368,10
12.98198032,80.23130798,74368,74378,10
12.98204041,80.23204803,74378,74388,10
12.9819603,80.23265076,74388,74398,10
12.98178005,80.23313904,74398,74408,10
12.98159981,80.23355103,74408,74418,10
12.98157978,80.23355865,74418,74428,10
12.98155975,80.23361969,74428,74438,10
12.98138046,80.23394775,74438,74448,10
12.98118019,80.23473358,74448,74459,11
12.98120975,80.23576355,74459,74469,10
12.98124981,80.23667145,74469,74479,10
12.98128033,80.2376709,74479,74489,10
12.98130989,80.23866272,74489,74509,20
12.98130989,80.23866272,74509,74519,10
12.98130035,80.23887634,74519,74529,10
12.98130989,80.23947144,74529,74539,10
12.98134041,80.24019623,74539,74549,10
12.98134995,80.24104309,74549,74560,11
12.98136044,80.24195099,74560,74569,9
12.98136997,80.24279022,74569,74590,21
12.98136997,80.24279022,74590,74600,10
12.98134041,80.24308777,74600,74610,10
12.98132038,80.24372101,74610,74620,10
12.98120022,80.24459839,74620,74630,10
12.98106003,80.24565125,74630,74640,10
12.98091984,80.24684906,74640,74650,10
12.9808197,80.24815369,74650,74660,10
12.98071957,80.24935913,74660,74671,11
12.9803896,80.2509079,74671,74681,10
12.98009014,80.25208282,74681,74691,10
12.97988033,80.25263977,74691,74721,30
12.97988033,80.25263977,74721,74731,10
12.97964001,80.25279999,74731,74741,10
12.97902012,80.25272369,74741,74751,10
12.97871971,80.25267029,74751,74761,10
12.97865963,80.25263214,74761,74772,11
12.97817993,80.25232697,74772,74782,10
12.97752953,80.25176239,74782,74792,10
12.97655964,80.25125122,74792,74808,16
12.97471046,80.25071716,74808,74820,12
12.97325993,80.25032806,74820,74830,10
12.97257996,80.25016785,74830,74838,8
12.97251034,80.25015259,74838,74850,12
12.97224998,80.25006866,74850,74860,10
12.97154045,80.2498703,74860,74870,10
12.97066021,80.24961853,74870,74881,11
12.96949005,80.24918365,74881,74891,10
12.96839046,80.24874115,74891,74900,9
12.96745968,80.24833679,74900,74911,11
12.9664402,80.24786377,74911,74921,10
12.96504974,80.24736786,74921,74941,20
12.96504974,80.24736786,74941,74951,10
12.9649601,80.24733734,74951,74961,10
12.96453953,80.24719238,74961,74971,10
12.96389008,80.24694824,74971,74981,10
12.96337032,80.24669647,74981,74992,11
12.96253014,80.2462616,74992,75002,10
12.96158028,80.24578094,75002,75012,10
12.96055031,80.24530029,75012,75022,10
12.9594202,80.24484253,75022,75042,20
12.9594202,80.24484253,75042,75051,9
12.95928001,80.24472809,75051,75061,10
12.95876026,80.24449158,75061,75072,11
12.95798969,80.24417877,75072,75082,10
12.95730019,80.24391937,75082,75093,11
12.95646,80.24362183,75093,75103,10
12.95608044,80.24347687,75103,75113,10
12.95538044,80.24314117,75113,75123,10
12.95452023,80.24275208,75123,75133,10
12.95361996,80.24239349,75133,75143,10
12.95273018,80.24202728,75143,75153,10
12.95180035,80.24172211,75153,75173,20
12.95180035,80.24172211,75173,75183,10
12.95147991,80.24159241,75183,75194,11
12.95077038,80.24134827,75194,75204,10
12.94995975,80.2410965,75204,75214,10
12.9493103,80.24091339,75214,75224,10
12.94904995,80.24079895,75224,75234,10
12.94839954,80.24053192,75234,75244,10
12.94762993,80.24021149,75244,75254,10
12.94713974,80.24002075,75254,75274,20
12.94713974,80.24002075,75274,75284,10
12.94692039,80.23992157,75284,75295,11
12.94649982,80.23976135,75295,75305,10
12.94591045,80.23950195,75305,75315,10
12.94524002,80.23912048,75315,75325,10
12.94456959,80.23845673,75325,75335,10
12.94384003,80.23767853,75335,75345,10
12.9433403,80.23718262,75345,75355,10
12.94328022,80.23709869,75355,75375,20
12.94328022,80.23709869,75375,75385,10
12.94305992,80.23690033,75385,75396,11
12.94239044,80.23651123,75396,75406,10
12.94147015,80.23623657,75406,75416,10
12.94046021,80.23600006,75416,75426,10
12.93972015,80.23577881,75426,75436,10
12.93966007,80.23574829,75436,75446,10
12.93962955,80.23571014,75446,75456,10
12.93924999,80.23552704,75456,75466,10
12.93855953,80.23516083,75466,75476,10
12.93780041,80.23477936,75476,75486,10
12.9366703,80.23423767,75486,75496,10
12.93593979,80.23391724,75496,75507,11
12.93579006,80.23387909,75507,75517,10
12.93542957,80.23370361,75517,75527,10
12.93476963,80.23339081,75527,75537,10
12.93389034,80.23300171,75537,75557,20
12.93389034,80.23300171,75557,75567,10
12.9338398,80.23296356,75567,75577,10
12.93342972,80.23277283,75577,75587,10
12.93270016,80.23245239,75587,75597,10
12.93173981,80.2321167,75597,75608,11
12.93045998,80.23171234,75608,75617,9
12.92928028,80.23143005,75617,75628,11
12.92772961,80.23117065,75628,75638,10
12.92652988,80.23105621,75638,75648,10
12.92607975,80.23101807,75648,75658,10
12.9259901,80.23101044,75658,75668,10
12.92549992,80.23095703,75668,75678,10
12.9247303,80.23088074,75678,75688,10
12.92380047,80.2307663,75688,75698,10
12.92265034,80.23059082,75698,75709,11
12.92123032,80.23036957,75709,75719,10
12.91989994,80.23021698,75719,75729,10
12.91921997,80.23016357,75729,75739,10
12.91917992,80.23014832,75739,75749,10
12.91880035,80.23007965,75749,75759,10
12.91806984,80.22998047,75759,75769,10
12.91711998,80.22985077,75769,75779,10
12.91606045,80.22968292,75779,75789,10
12.91499996,80.22953033,75789,75799,10
12.91409016,80.22940826,75799,75809,10
12.91335964,80.22934723,75809,75820,11
12.91329956,80.2293396,75820,75830,10
12.91324043,80.22931671,75830,75840,10
12.91298962,80.22926331,75840,75850,10
12.91246986,80.22917938,75850,75860,10
12.91162014,80.22907257,75860,75870,10
12.91059017,80.22891998,75870,75880,10
12.90939999,80.22872162,75880,75890,10
12.90824986,80.22853088,75890,75900,10
12.90701962,80.22837067,75900,75910,10
12.90625,80.22831726,75910,75921,11
12.90618992,80.22830963,75921,75931,10
12.90581989,80.22828674,75931,75941,10
12.90505028,80.22824097,75941,75951,10
12.90402985,80.2281723,75951,75961,10
12.90281963,80.22811127,75961,75971,10
12.90174961,80.2280426,75971,75981,10
12.90112019,80.2279892,75981,75991,10
12.90056992,80.22795868,75991,76001,10
12.89984989,80.22795868,76001,76032,31
12.89984989,80.22795868,76032,76042,10
12.89925957,80.22792053,76042,76062,20
12.89925957,80.22792053,76062,76072,10
12.89890003,80.22789764,76072,76082,10
12.89822006,80.22785187,76082,76092,10
12.89731026,80.22779846,76092,76102,10
12.89618015,80.22773743,76102,76112,10
12.89490986,80.22769928,76112,76122,10
12.89358044,80.2276001,76122,76132,10
12.89272022,80.22750854,76132,76143,11
12.8924799,80.22747803,76143,76153,10
12.89229012,80.22746277,76153,76163,10
12.89171028,80.22741699,76163,76173,10
12.89083004,80.22740173,76173,76183,10
12.88973045,80.22740173,76183,76193,10
12.88868046,80.22741699,76193,76203,10
12.88844013,80.22740936,76203,76213,10
12.88819981,80.22737885,76213,76223,10
12.88755035,80.22731781,76223,76234,11
12.88656044,80.22711182,76234,76244,10
12.88479996,80.22676849,76244,76264,20
12.88479996,80.22676849,76264,76274,10
12.88475037,80.22676086,76274,76284,10
12.88430023,80.22675323,76284,76294,10
12.88348007,80.22672272,76294,76304,10
12.88241959,80.22672272,76304,76314,10
12.88115978,80.22673035,76314,76324,10
12.87979984,80.22675323,76324,76335,11
12.87819958,80.22682953,76335,76345,10
12.87691021,80.2269516,76345,76355,10
12.87644005,80.22689819,76355,76365,10
12.87640953,80.22651672,76365,76385,20
12.87640953,80.22651672,76385,76395,10
12.87644958,80.22634125,76395,76411,16
12.87656021,80.22525024,76411,76423,12
12.87672043,80.22399139,76423,76431,8
12.87695026,80.2230072,76431,76443,12
12.87732983,80.2213974,76443,76454,11
12.87769985,80.21983337,76454,76464,10
12.87802982,80.21836853,76464,76473,9
12.87829971,80.21701813,76473,76484,11
12.87864017,80.21539307,76484,76494,10
12.8789196,80.2140274,76494,76504,10
12.87917042,80.212677,76504,76514,10
12.87938023,80.21163177,76514,76524,10
12.8793602,80.21099854,76524,76534,10
12.87899971,80.21092224,76534,76545,11
12.87899017,80.21092987,76545,76555,10
12.87893963,80.21095276,76555,76565,10
12.87852001,80.21086121,76565,76575,10
12.87779999,80.21071625,76575,76585,10
12.87707043,80.21057892,76585,76595,10
12.87627983,80.2104187,76595,76605,10
12.87534046,80.21025848,76605,76615,10
12.87464046,80.21015167,76615,76635,20
12.87464046,80.21015167,76635,76646,11
12.87462044,80.2101593,76646,76656,10
12.87436008,80.20999146,76656,76666,10
12.87448025,80.20957947,76666,76676,10
12.87471008,80.20999146,76676,76797,121
12.87471008,80.20999146,76797,76807,10
12.87473965,80.21011353,76807,76817,10
12.87475014,80.21018982,76817,76827,10
12.87493992,80.21022797,76827,76837,10
12.87553978,80.21034241,76837,76847,10
12.87635994,80.21048737,76847,76858,11
12.8774004,80.2106781,76858,76868,10
12.87804985,80.21080017,76868,76878,10
12.87911987,80.21099854,76878,76898,20
12.87911987,80.21099854,76898,76908,10
12.87950039,80.21116638,76908,76918,10
12.87944031,80.21173859,76918,76928,10
12.87934017,80.21222687,76928,76938,10
12.87919998,80.21292877,76938,76948,10
12.87903023,80.21379089,76948,76960,12
12.87882042,80.21489716,76960,76970,10
12.87862015,80.21587372,76970,76980,10
12.87841034,80.21685791,76980,76990,10
12.87819958,80.21790314,76990,77000,10
12.87798977,80.21890259,77000,77010,10
12.87775993,80.21988678,77010,77020,10
12.87753963,80.22088623,77020,77030,10
12.8773098,80.22187805,77030,77040,10
12.87705994,80.22290802,77040,77050,10
12.8768301,80.22393036,77050,77061,11
12.87666035,80.22505188,77061,77071,10
12.87656021,80.22599792,77071,77081,10
12.87646961,80.22673798,77081,77101,20
12.87646961,80.22673798,77101,77111,10
12.87650013,80.22692108,77111,77121,10
12.87699986,80.22691345,77121,77131,10
12.87790012,80.2268219,77131,77141,10
12.87899971,80.22673798,77141,77151,10
12.88033009,80.22669983,77151,77162,11
12.88189983,80.22667694,77162,77172,10
12.88339996,80.2266922,77172,77182,10
12.88479996,80.22664642,77182,77192,10
12.88525009,80.22666168,77192,77202,10
12.88547993,80.22669983,77202,77212,10
12.88619995,80.22689056,77212,77222,10
12.88722038,80.22714233,77222,77232,10
12.88850021,80.22728729,77232,77242,10
12.88990021,80.22731018,77242,77252,10
12.89128971,80.22731018,77252,77262,10
12.89227962,80.22731018,77262,77283,21
12.89227962,80.22731018,77283,77293,10
12.89233017,80.22731781,77293,77303,10
12.89274025,80.22737885,77303,77313,10
12.89356041,80.22750092,77313,77323,10
12.89412022,80.22754669,77323,77333,10
12.8945303,80.22757721,77333,77343,10
12.89540005,80.22762299,77343,77353,10
12.89647007,80.22767639,77353,77363,10
12.89774036,80.22773743,77363,77374,11
12.89908028,80.22783661,77374,77384,10
12.90058994,80.22792816,77384,77464,80
12.90058994,80.22792816,77464,77475,11
12.90069008,80.22795868,77475,77485,10
12.90098,80.22798157,77485,77495,10
12.90157986,80.22799683,77495,77505,10
12.90244007,80.22801971,77505,77515,10
12.90301991,80.22799683,77515,77525,10
12.90342045,80.22802734,77525,77535,10
12.90421963,80.22810364,77535,77545,10
12.90524006,80.22815704,77545,77555,10
12.90608025,80.22820282,77555,77565,10
12.90622044,80.22820282,77565,77575,10
12.90631008,80.22820282,77575,77586,11
12.9068203,80.22825623,77586,77596,10
12.90690041,80.22825623,77596,77606,10
12.90734959,80.22834015,77606,77616,10
12.90822983,80.22849274,77616,77626,10
12.90942955,80.22868347,77626,77636,10
12.91079998,80.22889709,77636,77646,10
12.91222954,80.22910309,77646,77656,10
12.9134903,80.22924805,77656,77666,10
12.91401958,80.22930908,77666,77676,10
12.91409969,80.22931671,77676,77687,11
12.91469955,80.22940063,77687,77697,10
12.91561985,80.22953796,77697,77707,10
12.91672039,80.22969818,77707,77717,10
12.91792011,80.22988129,77717,77727,10
12.91921997,80.23005676,77727,77737,10
12.92066956,80.23021698,77737,77747,10
12.92216015,80.23040771,77747,77757,10
12.92366982,80.2306366,77757,77767,10
12.92518997,80.23084259,77767,77777,10
12.92619991,80.23094177,77777,77788,11
12.92638969,80.23095703,77788,77798,10
12.9270401,80.23104095,77798,77808,10
12.92798042,80.23116302,77808,77818,10
12.92862034,80.23123932,77818,77828,10
12.92866993,80.23123932,77828,77838,10
12.92918015,80.2313385,77838,77848,10
12.93002987,80.23152924,77848,77858,10
12.93109035,80.23184204,77858,77868,10
12.93229008,80.23223877,77868,77878,10
12.93338013,80.23265839,77878,77889,11
12.93362999,80.23277283,77889,77899,10
12.93397999,80.23294067,77899,77909,10
12.93476963,80.23330688,77909,77919,10
12.93552017,80.23362732,77919,77929,10
12.93616009,80.23394012,77929,77939,10
12.93706036,80.23436737,77939,77949,10
12.93807983,80.23487854,77949,77959,10
12.93914032,80.2354126,77959,77969,10
12.93960953,80.23564148,77969,77979,10
12.93970013,80.23567963,77979,77989,10
12.94032001,80.23590088,77989,78000,11
12.94137001,80.23618317,78000,78010,10
12.94254971,80.23654938,78010,78020,10
12.94361973,80.23737335,78020,78030,10
12.94458008,80.23842621,78030,78040,10
12.94559002,80.23934174,78040,78050,10
12.94680023,80.23983765,78050,78060,10
12.94779968,80.24025726,78060,78070,10
12.94853973,80.24056244,78070,78080,10
12.94921017,80.24082184,78080,78090,10
12.9500103,80.24108124,78090,78101,11
12.95088005,80.24134064,78101,78111,10
12.95118046,80.24144745,78111,78121,10
12.95186043,80.24170685,78121,78131,10
12.95281029,80.24207306,78131,78141,10
12.95396042,80.24250031,78141,78151,10
12.95471954,80.24279785,78151,78161,10
12.95569038,80.24315643,78161,78171,10
12.95635986,80.2434082,78171,78181,10
12.95674992,80.24358368,78181,78191,10
12.95755005,80.24394226,78191,78202,11
12.95870972,80.24446869,78202,78212,10
12.95993042,80.24501801,78212,78222,10
12.96123981,80.24562836,78222,78232,10
12.9625597,80.2462616,78232,78242,10
12.96337986,80.24661255,78242,78261,19
12.96337986,80.24661255,78261,78272,11
12.96350956,80.24668884,78272,78282,10
12.96407986,80.24694824,78282,78292,10
12.96496964,80.24727631,78292,78303,11
12.96617985,80.24771118,78303,78313,10
12.96658993,80.24787903,78313,78323,10
12.96677971,80.24797821,78323,78333,10
12.9673996,80.24828339,78333,78343,10
12.96835041,80.24867249,78343,78353,10
12.96934986,80.24906921,78353,78363,10
12.97047043,80.24951172,78363,78373,10
12.97161961,80.24986267,78373,78383,10
12.97280025,80.25018311,78383,78393,10
12.97399998,80.25048828,78393,78404,11
12.9744997,80.25057983,78404,78414,10
12.97472954,80.25066376,78414,78424,10
12.97542,80.25086975,78424,78434,10
12.97640038,80.2511673,78434,78444,10
12.97754002,80.25167847,78444,78454,10
12.97863007,80.25247955,78454,78464,10
12.97974014,80.25257111,78464,78474,10
12.97992039,80.25231934,78474,78484,10
12.97994995,80.25203705,78484,78494,10
12.98017025,80.25141144,78494,78504,10
12.98044014,80.2504425,78504,78515,11
12.98068047,80.24906158,78515,78525,10
12.98079014,80.24768066,78525,78535,10
12.98091984,80.24622345,78535,78545,10
12.98108006,80.24469757,78545,78555,10
12.98120022,80.24368286,78555,78565,10
12.98130989,80.24314117,78565,78575,10
12.98132038,80.24275208,78575,78585,10
12.98134995,80.24236298,78585,78595,10
12.98134041,80.241539,78595,78605,10
12.98132992,80.24056244,78605,78616,11
12.98132038,80.23995209,78616,78626,10
12.98130989,80.23973846,78626,78636,10
12.98128986,80.2394104,78636,78646,10
12.98128033,80.23882294,78646,78656,10
12.9812603,80.23815918,78656,78666,10
12.98124981,80.23728943,78666,78676,10
12.98122025,80.23632813,78676,78686,10
12.98118973,80.23551178,78686,78696,10
12.9811697,80.23491669,78696,78712,16
12.98145962,80.23365784,78712,78735,23
12.98145962,80.23365784,78735,78745,10
12.98155022,80.23349762,78745,78755,10
12.98167038,80.23323059,78755,78765,10
12.98190975,80.2325592,78765,78775,10
12.98194981,80.23195648,78775,78785,10
12.98190022,80.23135376,78785,78795,10
12.98171997,80.23081207,78795,78805,10
12.98138046,80.23020935,78805,78815,10
12.98089981,80.22946167,78815,78826,11
12.98069,80.22914124,78826,78836,10
12.98046017,80.22870636,78836,78846,10
12.98027992,80.22836304,78846,78856,10
12.97996044,80.22779083,78856,78866,10
12.97947025,80.22698212,78866,78876,10
12.9789896,80.22619629,78876,78886,10
12.9785099,80.22541809,78886,78896,10
12.97809982,80.22473907,78896,78906,10
12.97778034,80.22428894,78906,78916,10
12.97743988,80.22373199,78916,78927,11
12.97700977,80.22299194,78927,78947,20
12.97700977,80.22299194,78947,78957,10
12.97694016,80.22281647,78957,78967,10
12.97694016,80.22280884,78967,78977,10
12.97698021,80.22271729,78977,78987,10
12.97725964,80.22267151,78987,78997,10
12.97749043,80.2224884,78997,79007,10
12.97743988,80.22181702,79007,79017,10
12.97743034,80.2212677,79017,79028,11
12.97770023,80.22119904,79028,79038,10
12.97834969,80.22118378,79038,79048,10
12.9792099,80.22110748,79048,79058,10
12.98019981,80.22103119,79058,79068,10
12.98110008,80.22106171,79068,79078,10
12.98180962,80.22149658,79078,79088,10
12.98246002,80.22181702,79088,79098,10
12.98285007,80.22194672,79098,79108,10
12.98301983,80.22203827,79108,79118,10
12.98340988,80.22232819,79118,79129,11
12.98398972,80.22267914,79129,79139,10
12.98456955,80.22303772,79139,79149,10
12.98519993,80.22331238,79149,79159,10
12.98567009,80.22306061,79159,79169,10
12.98633003,80.22299194,79169,79179,10
12.98639011,80.22296906,79179,79189,10
12.98680019,80.22303009,79189,79199,10
12.98729038,80.22309113,79199,79209,10
12.98801994,80.22286987,79209,79219,10
12.98867989,80.22225952,79219,79229,10
12.98917961,80.22164917,79229,79240,11
12.98960972,80.22106171,79240,79250,10
12.99020004,80.22048187,79250,79260,10
12.99077034,80.22003937,79260,79270,10
12.99135971,80.21958923,79270,79280,10
12.99190998,80.2191925,79280,79290,10
12.99244022,80.21881104,79290,79300,10
12.99297047,80.21842194,79300,79310,10
12.99353027,80.21800995,79310,79320,10
12.99400043,80.21768188,79320,79330,10
12.99446011,80.2173233,79330,79341,11
12.99501991,80.21691895,79341,79351,10
12.99577999,80.21661377,79351,79371,20
12.99598026,80.21656036,79371,79431,60
12.99598026,80.21656036,79431,79442,11
12.99637985,80.21650696,79442,79452,10
12.99650002,80.21649933,79452,79462,10
12.99664021,80.21647644,79462,79472,10
12.99683952,80.21646118,79472,79482,10
12.99709034,80.21643829,79482,79492,10
12.99744987,80.2161026,79492,79502,10
12.99757004,80.21601868,79502,79512,10
12.99792957,80.21569824,79512,79522,10
12.9985199,80.21515656,79522,79532,10
12.99903011,80.21472168,79532,79543,11
12.9994297,80.21437836,79543,79553,10
12.99995041,80.21395111,79553,79563,10
13.00055981,80.21340179,79563,79573,10
13.00113964,80.21292114,79573,79583,10
13.00179958,80.21246338,79583,79593,10
13.00249958,80.21208954,79593,79603,10
13.0030098,80.21204376,79603,79613,10
13.00347996,80.21201324,79613,79623,10
13.00349045,80.21199799,79623,79633,10
13.00364017,80.21183014,79633,79643,10
13.00364971,80.21143341,79643,79654,11
13.00358963,80.21067047,79654,79664,10
13.00352001,80.21009827,79664,79674,10
13.00349998,80.20950317,79674,79684,10
13.00362015,80.20887756,79684,79694,10
13.00415993,80.20870209,79694,79704,10
13.00500965,80.20909119,79704,79714,10
13.0058403,80.20942688,79714,79724,10
13.00687981,80.20973206,79724,79765,41
13.00687981,80.20973206,79765,79775,10
13.00693989,80.20976257,79775,79785,10
13.00737953,80.20987701,79785,79795,10
13.00800037,80.20996857,79795,79805,10
13.00806046,80.20955658,79805,79815,10
13.00790024,80.20884705,79815,79825,10
13.00776005,80.20774841,79825,79835,10
13.0075798,80.20665741,79835,79845,10
13.00749016,80.20558929,79845,79856,11
13.00747967,80.20449066,79856,79866,10
13.00743008,80.20378876,79866,79876,10
13.0073204,80.20314026,79876,79886,10
13.00702,80.20256042,79886,79896,10
13.00648022,80.20284271,79896,79906,10
13.00675011,80.20334625,79906,79916,10
13.00734997,80.20362091,79916,79926,10
13.00813007,80.20365143,79926,79936,10
13.00823975,80.20291901,79936,79946,10
13.00749969,80.20323944,79946,79956,10
13.00759029,80.20435333,79956,79967,11
13.00761032,80.20561981,79967,79977,10
13.00778008,80.20681763,79977,79987,10
13.00792027,80.20793915,79987,79997,10
13.00807953,80.20903778,79997,80007,10
13.00833988,80.21009064,80007,80017,10
13.00870991,80.2110672,80017,80033,16
13.00912952,80.21218872,80033,80045,12
13.00944042,80.21305847,80045,80053,8
13.00965977,80.21363068,80053,80065,12
13.01000977,80.21447754,80065,80076,11
13.01016045,80.21528625,80076,80086,10
13.01031971,80.21594238,80086,80095,9
13.01064968,80.21665955,80095,80106,11
13.01107979,80.21753693,80106,80116,10
13.01142979,80.21848297,80116,80126,10
13.01179028,80.21949768,80126,80135,9
13.01218033,80.22074127,80135,80146,11
13.01239014,80.22154999,80146,80156,10
13.01270962,80.22203827,80156,80166,10
13.01323986,80.22268677,80166,80177,11
13.01383972,80.22335815,80177,80186,9
13.01420021,80.22380066,80186,80197,11
13.01469994,80.22441101,80197,80207,10
13.01523972,80.22502136,80207,80216,9
13.01539993,80.22537994,80216,80227,11
13.01515007,80.22585297,80227,80237,10
13.01461983,80.22605896,80237,80247,10
13.01385021,80.22635651,80247,80257,10
13.01301003,80.22670746,80257,80267,10
13.01204967,80.22711945,80267,80278,11
13.0110302,80.22753143,80278,80288,10
13.01010036,80.2279129,80288,80298,10
13.00922012,80.22834015,80298,80308,10
13.00891972,80.22937012,80308,80318,10
13.00870037,80.23049927,80318,80328,10
13.0085001,80.23156738,80328,80338,10
13.00829029,80.23265839,80338,80348,10
13.00811005,80.23368073,80348,80358,10
13.00790024,80.23465729,80358,80368,10
13.00767994,80.23574066,80368,80379,11
13.00743008,80.23703766,80379,80389,10
13.00718975,80.23815155,80389,80399,10
13.00699997,80.23908997,80399,80409,10
13.00681973,80.24008179,80409,80419,10
13.00664997,80.24105072,80419,80429,10
13.00660038,80.24205017,80429,80439,10
13.00660038,80.24295044,80439,80449,10
13.00662041,80.2438736,80449,80459,10
13.00662994,80.24479675,80459,80469,10
13.00664043,80.24530029,80469,80480,11
13.00666046,80.24556732,80480,80490,10
13.00667953,80.24595642,80490,80500,10
13.00667953,80.2462616,80500,80510,10
13.00669003,80.24680328,80510,80520,10
13.00669956,80.24742126,80520,80530,10
13.00669003,80.24815369,80530,80540,10
13.00671959,80.24899292,80540,80550,10
13.00673962,80.25003815,80550,80560,10
13.00675011,80.25109863,80560,80570,10
13.00669956,80.25164032,80570,80580,10
13.00656033,80.25218964,80580,80591,11
13.00648022,80.2532196,80591,80601,10
13.00648975,80.25430298,80601,80611,10
13.0065403,80.25531006,80611,80621,10
13.00656986,80.25634003,80621,80631,10
13.00658989,80.25713348,80631,80641,10
13.00652027,80.25759888,80641,80651,10
13.00597954,80.25753021,80651,80661,10
13.00545025,80.25740814,80661,80671,10
13.00477982,80.25723267,80671,80681,10
13.00405979,80.25704956,80681,80692,11
13.00341034,80.25689697,80692,80702,10
13.00282001,80.25679779,80702,80712,10
13.00214958,80.25666809,80712,80722,10
13.00158978,80.25657654,80722,80732,10
13.00113964,80.25652313,80732,80742,10
13.00055027,80.25641632,80742,80752,10
12.99991035,80.25630951,80752,80762,10
12.99934959,80.2562027,80762,80772,10
12.99868965,80.25608063,80772,80782,10
12.99802017,80.25601196,80782,80803,21
12.99802017,80.25601196,80803,80813,10
12.99775982,80.25602722,80813,81085,272
12.99775982,80.25602722,81085,81095,10
12.99773979,80.25666046,81095,81550,455
12.99773979,80.25666046,81550,81560,10
12.99783993,80.25675201,81560,81570,10
