13.10235977,80.27391815,16,5576,5560
13.10233974,80.27381897,5576,8322,2746
13.10237026,80.27380371,8322,9595,1273
13.1024704,80.27391052,9595,10837,1242
13.10233974,80.27385712,10837,18810,7973
13.10233974,80.27385712,18810,18820,10
13.1026001,80.27419281,18820,18830,10
13.10278988,80.27410126,18830,19113,283
13.10278988,80.27410126,19113,19123,10
13.10301971,80.27377319,19123,19133,10
13.10336971,80.27364349,19133,19143,10
13.10373974,80.27349854,19143,19153,10
13.10391998,80.27351379,19153,19163,10
13.10404015,80.27381134,19163,19173,10
13.10410023,80.27430725,19173,19183,10
13.10416985,80.27469635,19183,19193,10
13.10416985,80.27494049,19193,19203,10
13.10426998,80.27541351,19203,19214,11
13.10428047,80.27586365,19214,19224,10
13.10428047,80.27596283,19224,19234,10
13.10441017,80.27619171,19234,19244,10
13.10422993,80.27628326,19244,19254,10
13.1042099,80.27626038,19254,19264,10
13.10426998,80.27613831,19264,19315,51
13.10426998,80.27613831,19315,19325,10
13.10426998,80.27587128,19325,19335,10
13.10428047,80.27554321,19335,19345,10
13.10420036,80.27516174,19345,19355,10
13.10418034,80.27509308,19355,19365,10
13.10412979,80.27480316,19365,19375,10
13.10404015,80.2742691,19375,19385,10
13.1039896,80.27397156,19385,19395,10
13.10396004,80.27375031,19395,19405,10
13.10389996,80.27333069,19405,19415,10
13.10383987,80.27288055,19415,19425,10
13.10387039,80.27236938,19425,19436,11
13.10433006,80.27175903,19436,19446,10
13.1045599,80.27126312,19446,19456,10
13.10527992,80.27094269,19456,19466,10
13.10601044,80.27031708,19466,19476,10
13.10661983,80.2696228,19476,19486,10
13.10717964,80.26898956,19486,19496,10
13.10768032,80.26844025,19496,19506,10
13.10816956,80.26795959,19506,19516,10
13.10867977,80.26746368,19516,19526,10
13.10902023,80.26709747,19526,19537,11
13.10906029,80.2670517,19537,19547,10
13.10923958,80.26686096,19547,19557,10
13.10964966,80.26647949,19557,19567,10
13.11013031,80.26611328,19567,19577,10
13.11054039,80.26577759,19577,19587,10
13.11096001,80.26560211,19587,19597,10
13.11155033,80.26558685,19597,19607,10
13.11209011,80.26560211,19607,19617,10
13.11262035,80.26558685,19617,19627,10
13.11338997,80.26558685,19627,19637,10
13.11408043,80.26561737,19637,19648,11
13.11431026,80.26564026,19648,19658,10
13.11450958,80.26564026,19658,19668,10
13.11501026,80.26566315,19668,19678,10
13.11534023,80.26567078,19678,19688,10
13.11561966,80.26567078,19688,19698,10
13.11592007,80.26567841,19698,19708,10
13.11653996,80.26570129,19708,19718,10
13.1173296,80.26570129,19718,19728,10
13.11814022,80.26570892,19728,19738,10
13.11894989,80.26571655,19738,19748,10
13.11962032,80.26573181,19748,19758,10
13.11995983,80.26573944,19758,19769,11
13.12047958,80.26573944,19769,19779,10
13.12121964,80.26573181,19779,19789,10
13.1218996,80.26573944,19789,19799,10
13.12275028,80.26573181,19799,19819,20
13.12275028,80.26573181,19819,19829,10
13.12290001,80.26564789,19829,19839,10
13.12290001,80.26554108,19839,19849,10
13.12287045,80.26521301,19849,19859,10
13.12287045,80.26460266,19859,19880,21
13.12289047,80.26299286,19880,19893,13
13.12290001,80.26222992,19893,19903,10
13.12290001,80.26172638,19903,19913,10
13.12290001,80.26148987,19913,19923,10
13.12290001,80.26097107,19923,19933,10
13.12292004,80.2603302,19933,19943,10
13.12290955,80.25969696,19943,19953,10
13.12290955,80.25937653,19953,19963,10
13.12287998,80.25926971,19963,19973,10
13.12263966,80.25927734,19973,19984,11
13.12205982,80.25930023,19984,19994,10
13.12131023,80.25932312,19994,20004,10
13.12080002,80.25935364,20004,20014,10
13.12049961,80.2593689,20014,20024,10
13.12012005,80.25937653,20024,20034,10
13.11952019,80.25942993,20034,20044,10
13.11892986,80.25943756,20044,20054,10
13.11849022,80.25943756,20054,20064,10
13.11835957,80.25917053,20064,20074,10
13.11835957,80.25914764,20074,20084,10
13.11841965,80.25888824,20084,20095,11
13.1185503,80.25823975,20095,20105,10
13.11872959,80.25747681,20105,20115,10
13.11902046,80.25663757,20115,20125,10
13.11954021,80.25567627,20125,20135,10
13.1201601,80.25479889,20135,20145,10
13.12042999,80.25449371,20145,20155,10
13.12053967,80.25440216,20155,20165,10
13.12090015,80.25402832,20165,20175,10
13.1213398,80.25340271,20175,20185,10
13.12160015,80.25261688,20185,20195,10
13.12182999,80.25167847,20195,20206,11
13.12211037,80.25087738,20206,20216,10
13.12213993,80.25080872,20216,20226,10
13.12228966,80.25048065,20226,20236,10
13.12254047,80.2498703,20236,20246,10
13.12283993,80.2491684,20246,20256,10
13.12341022,80.24845123,20256,20266,10
13.12392044,80.24783325,20266,20276,10
13.1245203,80.24714661,20276,20286,10
13.125,80.24662781,20286,20296,10
13.12520027,80.24640656,20296,20306,10
13.12524986,80.24635315,20306,20317,11
13.12555981,80.24600983,20317,20327,10
13.12604046,80.24545288,20327,20337,10
13.12656021,80.24475861,20337,20347,10
13.12714958,80.24394989,20347,20357,10
13.12751007,80.24349976,20357,20367,10
13.12769032,80.24315643,20367,20377,10
13.12792969,80.24272919,20377,20387,10
13.12816048,80.24240875,20387,20397,10
13.12854004,80.24189758,20397,20407,10
13.12876034,80.24152374,20407,20417,10
13.12895966,80.2412796,20417,20438,21
13.12895966,80.2412796,20438,20448,10
13.12903976,80.24115753,20448,20458,10
13.12913036,80.2410202,20458,20468,10
13.12934017,80.24075317,20468,20478,10
13.12961006,80.24034119,20478,20488,10
13.13002014,80.23977661,20488,20498,10
13.13049984,80.23915863,20498,20508,10
13.13101006,80.23860168,20508,20518,10
13.13150024,80.23789215,20518,20529,11
13.13206005,80.23709869,20529,20539,10
13.13230991,80.23671722,20539,20549,10
13.13267994,80.23622131,20549,20559,10
13.13317966,80.23552704,20559,20569,10
13.13381958,80.23464203,20569,20579,10
13.13451004,80.23370361,20579,20589,10
13.13523006,80.23275757,20589,20599,10
13.13591003,80.23184204,20599,20609,10
13.13642025,80.23111725,20609,20619,10
13.13648987,80.23104095,20619,20629,10
13.13667965,80.23078156,20629,20640,11
13.13712978,80.2301712,20640,20650,10
13.13768959,80.22940826,20650,20660,10
13.13836956,80.22847748,20660,20670,10
13.1389904,80.22763062,20670,20680,10
13.1391201,80.22743988,20680,20690,10
13.13922977,80.22730255,20690,20700,10
13.1395998,80.2268219,20700,20710,10
13.14011955,80.22614288,20710,20720,10
13.14064026,80.22544098,20720,20730,10
13.14144039,80.22434998,20730,20740,10
13.14194965,80.22358704,20740,20751,11
13.14216042,80.22332001,20751,20761,10
13.14256001,80.22277832,20761,20771,10
13.14307022,80.22206116,20771,20781,10
13.14369965,80.22120667,20781,20791,10
13.14406013,80.22039795,20791,20801,10
13.14420986,80.21975708,20801,20811,10
13.14451981,80.21959686,20811,20821,10
13.1445303,80.21959686,20821,20831,10
13.14476013,80.21952057,20831,20841,10
13.1452198,80.21914673,20841,20851,10
13.14570045,80.2184906,20851,20862,11
13.14628029,80.21766663,20862,20872,10
13.14694977,80.21674347,20872,20882,10
13.14762974,80.21578979,20882,20892,10
13.14830017,80.21485901,20892,20908,16
13.14941978,80.21336365,20908,20920,12
13.15021992,80.21230316,20920,20930,10
13.15091991,80.21135712,20930,20940,10
13.15163994,80.21040344,20940,20949,9
13.15229988,80.20954132,20949,20960,11
13.15301037,80.20860291,20960,20972,12
13.15328979,80.20819855,20972,20982,10
13.15332031,80.20815277,20982,20992,10
13.15357971,80.20780945,20992,21002,10
13.15400028,80.20723724,21002,21012,10
13.1545496,80.20654297,21012,21022,10
13.15526962,80.20571899,21022,21032,10
13.15604019,80.20503998,21032,21042,10
13.15686989,80.20443726,21042,21052,10
13.15781021,80.20391083,21052,21062,10
13.15830994,80.20366669,21062,21072,10
13.15841007,80.2036438,21072,21083,11
13.15892029,80.20346832,21083,21093,10
13.15970039,80.20329285,21093,21103,10
13.16077995,80.20310211,21103,21113,10
13.16193962,80.20290375,21113,21123,10
13.16312027,80.20265961,21123,21133,10
13.16413975,80.20236969,21133,21143,10
13.16444969,80.20227814,21143,21153,10
13.16489983,80.2021637,21153,21163,10
13.16567039,80.20191193,21163,21173,10
13.16668034,80.2014389,21173,21183,10
13.16773987,80.20085907,21183,21194,11
13.16886997,80.20023346,21194,21204,10
13.16975975,80.1996994,21204,21214,10
13.17057991,80.19924164,21214,21224,10
13.17086983,80.19907379,21224,21234,10
13.17096043,80.19901276,21234,21244,10
13.17117977,80.19889832,21244,21254,10
13.17154026,80.19872284,21254,21264,10
13.1722002,80.19835663,21264,21274,10
13.17311954,80.19785309,21274,21284,10
13.17413044,80.19728088,21284,21294,10
13.17514992,80.19670868,21294,21305,11
13.17628002,80.19608307,21305,21315,10
13.17730045,80.19548035,21315,21325,10
13.17823029,80.19494629,21325,21335,10
13.17848015,80.19480133,21335,21345,10
13.17897034,80.19452667,21345,21355,10
13.17971039,80.19412231,21355,21365,10
13.18066978,80.19358063,21365,21375,10
13.18169022,80.19300842,21375,21385,10
13.18274021,80.19245911,21385,21395,10
13.1837101,80.19210815,21395,21405,10
13.18416023,80.19184113,21405,21416,11
13.18451023,80.19152832,21416,21426,10
13.18507957,80.19116974,21426,21436,10
13.1855402,80.19081879,21436,21446,10
13.18605995,80.19023132,21446,21456,10
13.18686008,80.18978119,21456,21466,10
13.1876297,80.18937683,21466,21476,10
13.18787003,80.18910217,21476,21486,10
13.18828011,80.18862152,21486,21496,10
13.18848038,80.1884079,21496,21506,10
13.18869972,80.18817902,21506,21516,10
13.18908024,80.18782806,21516,21533,17
13.18943977,80.18744659,21533,21545,12
13.18988037,80.18707275,21545,21555,10
13.19046021,80.1865387,21555,21565,10
13.1908102,80.18623352,21565,21575,10
13.19112968,80.1859436,21575,21585,10
13.19172001,80.18538666,21585,21595,10
13.19235992,80.18482208,21595,21605,10
13.19305992,80.18414307,21605,21636,31
13.19305992,80.18414307,21636,21646,10
13.19320011,80.18396759,21646,21656,10
13.19307041,80.18374634,21656,21666,10
13.19283009,80.184021,21666,22362,696
13.19283009,80.184021,22362,22372,10
13.19287968,80.1841507,22372,22413,41
13.19287968,80.1841507,22413,22423,10
13.19274044,80.18454742,22423,22433,10
13.19231033,80.18493652,22433,22443,10
13.19174957,80.18546295,22443,22453,10
13.19120026,80.18595886,22453,22463,10
13.19081974,80.18630981,22463,22473,10
13.19058037,80.18652344,22473,22483,10
13.19023991,80.18683624,22483,22493,10
13.18997955,80.18707275,22493,22504,11
13.18966007,80.18736267,22504,22514,10
13.18955994,80.18743134,22514,22524,10
13.18927956,80.18768311,22524,22534,10
13.18879986,80.18811035,22534,22544,10
13.18826008,80.18865967,22544,22554,10
13.18776989,80.18927765,22554,22564,10
13.1872797,80.18966675,22564,22574,10
13.18653965,80.18997955,22574,22583,9
13.1858902,80.1905365,22583,22593,10
13.18517971,80.19117737,22593,22604,11
13.18435001,80.19168854,22604,22615,11
13.18418026,80.19203949,22615,22625,10
13.18397045,80.19229889,22625,22635,10
13.18338966,80.19242859,22635,22645,10
13.18262005,80.19271851,22645,22655,10
13.18167973,80.19322205,22655,22665,10
13.18068027,80.19377899,22665,22675,10
13.17978001,80.19429016,22675,22685,10
13.17903042,80.19471741,22685,22695,10
13.17831993,80.19512177,22695,22705,10
13.17800999,80.19529724,22705,22715,10
13.17763996,80.19550323,22715,22726,11
13.17693043,80.19589996,22726,22736,10
13.17615032,80.19634247,22736,22746,10
13.17523003,80.19685364,22746,22756,10
13.17422962,80.19741058,22756,22766,10
13.17321014,80.19798279,22766,22776,10
13.1722002,80.19853973,22776,22786,10
13.17136002,80.19901276,22786,22796,10
13.17111969,80.19914246,22796,22806,10
13.17096043,80.19921875,22806,22816,10
13.1705904,80.19943237,22816,22826,10
13.17033958,80.19959259,22826,22837,11
13.17028046,80.19962311,22837,22847,10
13.16993999,80.19979858,22847,22856,9
13.16940975,80.20010376,22856,22867,11
13.16866016,80.20053101,22867,22877,10
13.16790009,80.20095062,22877,22887,10
13.16720009,80.20134735,22887,22897,10
13.16646004,80.20175934,22897,22907,10
13.16590023,80.20204163,22907,22917,10
13.16555023,80.20218658,22917,22927,10
13.16499043,80.2023468,22927,22937,10
13.16425037,80.2025528,22937,22948,11
13.1639204,80.20265198,22948,22958,10
13.16368008,80.20271301,22958,22968,10
13.16310978,80.20285797,22968,22978,10
13.16234016,80.20301819,22978,22988,10
13.16143036,80.20319366,22988,22998,10
13.16044044,80.20336151,22998,23008,10
13.1595602,80.20353699,23008,23018,10
13.15876007,80.2037735,23018,23028,10
13.15812016,80.20397186,23028,23048,20
13.15812016,80.20397186,23048,23059,11
13.15787029,80.20406342,23059,23069,10
13.15734959,80.20430756,23069,23079,10
13.15664005,80.20475769,23079,23089,10
13.15575981,80.20542908,23089,23099,10
13.15491962,80.20623779,23099,23109,10
13.15423965,80.2070694,23109,23119,10
13.1535902,80.20796204,23119,23129,10
13.15314007,80.20860291,23129,23139,10
13.1530304,80.20874023,23139,23149,10
13.15293026,80.20887756,23149,23159,10
13.15256023,80.20934296,23159,23170,11
13.15196037,80.21013641,23170,23180,10
13.15130043,80.21103668,23180,23189,9
13.15065956,80.21186829,23189,23200,11
13.14988995,80.21292114,23200,23210,10
13.14918041,80.21385956,23210,23220,10
13.14846039,80.21482086,23220,23230,10
13.14774036,80.21578979,23230,23240,10
13.14715004,80.21659851,23240,23250,10
13.14624977,80.21782684,23250,23260,10
13.14552975,80.21882629,23260,23269,9
13.14503956,80.21970367,23269,23281,12
13.14472961,80.22064209,23281,23291,10
13.14412022,80.22093964,23291,23297,6
13.14408016,80.22097015,23297,23311,14
13.14391041,80.221138,23311,23321,10
13.14358044,80.22154999,23321,23330,9
13.14309978,80.22219849,23330,23341,11
13.14239979,80.2231369,23341,23350,9
13.14181995,80.22393799,23350,23360,10
13.14163971,80.22422028,23360,23371,11
13.14140034,80.22454834,23371,23381,10
13.14097023,80.22509766,23381,23392,11
13.14039993,80.22589874,23392,23402,10
13.13974953,80.22678375,23402,23412,10
13.13922977,80.2274704,23412,23422,10
13.13906002,80.22769928,23422,23432,10
13.13901043,80.22792816,23432,23442,10
13.1391201,80.22798157,23442,23452,10
13.13936996,80.22811127,23452,23462,10
13.13992023,80.22825623,23462,23472,10
13.14070034,80.22840881,23472,23482,10
13.1415596,80.22872925,23482,23492,10
13.14241982,80.22895813,23492,23503,11
13.14340019,80.22911835,23503,23513,10
13.14422035,80.22930908,23513,23521,8
13.14490032,80.22939301,23521,23533,12
13.14583969,80.22956085,23533,23543,10
13.14649963,80.2297821,23543,23553,10
13.14690971,80.23026276,23553,23563,10
13.14743996,80.23068237,23563,23573,10
13.14774036,80.23091888,23573,23583,10
13.14764023,80.23111725,23583,23593,10
13.14721012,80.23139191,23593,23603,10
13.14667034,80.23165894,23603,23614,11
13.14595985,80.23203278,23614,23624,10
13.14513969,80.23251343,23624,23634,10
13.14435959,80.233078,23634,23644,10
13.14396,80.23352814,23644,23654,10
13.14367962,80.23387909,23654,23664,10
13.14354038,80.23410797,23664,23674,10
13.14338017,80.23458099,23674,23684,10
13.14309978,80.23532104,23684,23694,10
13.14280987,80.23610687,23694,23704,10
13.14245987,80.23654938,23704,23714,10
13.14202023,80.23687744,23714,23725,11
13.14136982,80.23721313,23725,23735,10
13.14105988,80.23734283,23735,23745,10
13.14093018,80.23735809,23745,23755,10
13.14043999,80.2374115,23755,23765,10
13.13967991,80.23748016,23765,23775,10
13.13895988,80.23760223,23775,23785,10
13.13836956,80.23774719,23785,23794,9
13.13778019,80.23789978,23794,23805,11
13.13743973,80.23796082,23805,23815,10
13.13679981,80.23806,23815,23826,11
13.13586044,80.2383194,23826,23836,10
13.13496971,80.23867798,23836,23846,10
13.13405991,80.23911285,23846,23856,10
13.13304996,80.23961639,23856,23866,10
13.13212013,80.2400589,23866,23875,9
13.13125992,80.24050903,23875,23886,11
13.13020992,80.24124146,23886,23906,20
13.13020992,80.24124146,23906,23916,10
13.13016987,80.2412796,23916,23926,10
13.13000965,80.24138641,23926,23937,11
13.12989998,80.24147797,23937,23947,10
13.1296196,80.24167633,23947,23977,30
13.1296196,80.24167633,23977,23987,10
13.12946033,80.24163818,23987,23997,10
13.12913036,80.24160004,23997,24007,10
13.12889957,80.24173737,24007,24017,10
13.12862968,80.24220276,24017,24027,10
13.12829018,80.24266052,24027,24037,10
13.1281004,80.24294281,24037,24048,11
13.12777996,80.2432785,24048,24058,10
13.12759972,80.24346161,24058,24068,10
13.12738037,80.24378204,24068,24078,10
13.12705994,80.24421692,24078,24088,10
13.12662983,80.24479675,24088,24098,10
13.12615013,80.24545288,24098,24108,10
13.12574005,80.24597931,24108,24118,10
13.12535,80.24642181,24118,24128,10
13.12487984,80.24688721,24128,24138,10
13.1244297,80.24739075,24138,24148,10
13.12438011,80.24743652,24148,24159,11
13.12413025,80.24771118,24159,24169,10
13.12376022,80.24812317,24169,24179,10
13.1236496,80.24825287,24179,24189,10
13.12333965,80.24865723,24189,24199,10
13.12283993,80.24932861,24199,24209,10
13.12250996,80.25016022,24209,24219,10
13.1222496,80.25083923,24219,24229,10
13.12219048,80.2509613,24229,24239,10
13.12219048,80.25099182,24239,24249,10
13.12201977,80.25137329,24249,24259,10
13.1217804,80.25205994,24259,24270,11
13.12156963,80.25296783,24270,24280,10
13.12115955,80.25389862,24280,24290,10
13.12022972,80.25489044,24290,24310,20
13.12022972,80.25489044,24310,24320,10
13.11999035,80.25509644,24320,24330,10
13.11964989,80.25563049,24330,24340,10
13.11925983,80.25637817,24340,24350,10
13.11890984,80.25720978,24350,24360,10
13.11872005,80.25798035,24360,24370,10
13.11849976,80.25933075,24370,24401,31
13.11849976,80.25933075,24401,24411,10
13.11876965,80.25939178,24411,24421,10
13.11933994,80.25936127,24421,24431,10
13.11997986,80.25933075,24431,24441,10
13.12049007,80.25932312,24441,24451,10
13.12078953,80.25930786,24451,24461,10
13.12131977,80.2592926,24461,24471,10
13.12201977,80.25924683,24471,24481,10
13.12267971,80.2592392,24481,24492,11
13.12289047,80.25927734,24492,24502,10
13.12292957,80.25946045,24502,24512,10
13.12292957,80.25949097,24512,24522,10
13.12292004,80.2598114,24522,24532,10
13.12292957,80.26048279,24532,24542,10
13.12292004,80.26113129,24542,24552,10
13.12294006,80.26158142,24552,24562,10
13.1229496,80.26187134,24562,24572,10
13.12296963,80.26251221,24572,24582,10
13.12294006,80.26335144,24582,24592,10
13.12292004,80.26422882,24592,24603,11
13.12290955,80.26490021,24603,24613,10
13.12287998,80.26524353,24613,24623,10
13.12287998,80.26557159,24623,24633,10
13.12283993,80.26576233,24633,24643,10
13.12250042,80.26579285,24643,24653,10
13.12220955,80.26580048,24653,24663,10
13.12217999,80.26580048,24663,24673,10
13.1217804,80.26577759,24673,24683,10
13.12106991,80.26576233,24683,24693,10
13.12018967,80.26573944,24693,24703,10
13.11979008,80.26574707,24703,24714,11
13.11921024,80.26574707,24714,24724,10
13.11851978,80.26573944,24724,24734,10
13.11773014,80.26573181,24734,24744,10
13.11670971,80.26571655,24744,24754,10
13.11579037,80.26571655,24754,24764,10
13.11542034,80.26570892,24764,24774,10
13.11518955,80.26570892,24774,24784,10
13.11487961,80.26570129,24784,24794,10
13.11437035,80.26570129,24794,24804,10
13.11433983,80.26570129,24804,24814,10
13.11413956,80.26571655,24814,24825,11
13.11365986,80.26573944,24825,24835,10
13.11287975,80.26576233,24835,24845,10
13.11215973,80.26577759,24845,24855,10
13.11182022,80.26576233,24855,24865,10
13.11159992,80.26573944,24865,24875,10
13.11126995,80.26573181,24875,24885,10
13.11118031,80.26573181,24885,24895,10
13.11096001,80.26571655,24895,24905,10
13.11058998,80.26582336,24905,24915,10
13.11019993,80.2661438,24915,24926,11
13.10986996,80.26641083,24926,24936,10
13.10945988,80.26673889,24936,24946,10
13.10902977,80.26715088,24946,24956,10
13.10894012,80.26722717,24956,24966,10
13.10857964,80.26757813,24966,24976,10
13.10801983,80.2681427,24976,24986,10
13.10746002,80.26872253,24986,24996,10
13.10659027,80.26973724,24996,25006,10
13.10583973,80.27059937,25006,25016,10
13.10492039,80.27118683,25016,25025,9
13.10441017,80.27165222,25025,25037,12
13.10393047,80.27239227,25037,25047,10
13.10391998,80.27313995,25047,25057,10
13.10402966,80.27371979,25057,25067,10
13.10406971,80.27390289,25067,25077,10
13.10410023,80.27400208,25077,25087,10
13.10416031,80.2743988,25087,25097,10
13.10424042,80.27484131,25097,25107,10
13.10431957,80.27520752,25107,25117,10
13.10461998,80.27603912,25117,25148,31
13.10461998,80.27603912,25148,25158,10
13.10463047,80.27617645,25158,25168,10
13.10474014,80.27646637,25168,25178,10
13.10496998,80.27703857,25178,25188,10
13.10523033,80.27796173,25188,25198,10
13.10548019,80.27873993,25198,25208,10
13.10566998,80.27941895,25208,25218,10
13.10589027,80.27986145,25218,25228,10
13.10603046,80.27987671,25228,25238,10
13.10612011,80.27989197,25238,25248,10
13.10657024,80.28000641,25248,25259,11
13.10731983,80.28025818,25259,25269,10
13.10807037,80.28050232,25269,25279,10
13.10888958,80.28070068,25279,25289,10
13.10964012,80.28011322,25289,25299,10
13.11015987,80.27906036,25299,25309,10
13.11091042,80.27813721,25309,25319,10
13.11145973,80.277771,25319,25329,10
13.11159039,80.27813721,25329,25339,10
13.11114025,80.27809143,25339,25349,10
13.1106596,80.27850342,25349,25359,10
13.11023045,80.27909851,25359,25370,11
13.1098299,80.27983856,25370,25380,10
13.10943985,80.28053284,25380,25390,10
13.10849953,80.28070068,25390,25400,10
13.10741043,80.28037262,25400,25410,10
13.10649967,80.28009796,25410,25420,10
13.10606956,80.27999115,25420,25430,10
13.10554028,80.27989197,25430,25440,10
13.1052599,80.27922058,25440,25450,10
13.10492039,80.27832794,25450,25460,10
13.10451984,80.27739716,25460,25470,10
13.10422039,80.27667236,25470,25481,11
13.10429955,80.27639008,25481,25491,10
13.1043396,80.27617645,25491,25501,10
13.10437012,80.27609253,25501,26661,1160
13.10437012,80.27609253,26661,26671,10
13.10426044,80.27558899,26671,26682,11
13.10416985,80.27513123,26682,26692,10
13.1040802,80.27459717,26692,26702,10
13.10398006,80.27398682,26702,26712,10
13.10396004,80.27371979,26712,26722,10
13.10391998,80.2733078,26722,26732,10
13.10383987,80.27281189,26732,26742,10
13.10402012,80.27220917,26742,26752,10
13.10437965,80.27160645,26752,26762,10
13.1045599,80.27127075,26762,26772,10
13.10527039,80.27095795,26772,26782,10
13.10599041,80.2703476,26782,26793,11
13.10669041,80.26954651,26793,26803,10
13.10735035,80.26882172,26803,26813,10
13.1080904,80.26805878,26813,26823,10
13.10867977,80.26743317,26823,26832,9
13.10898018,80.26712036,26832,26842,10
13.10910034,80.26699066,26842,26853,11
13.10941029,80.26670074,26853,26863,10
13.10997963,80.26621246,26863,26873,10
13.11054993,80.26577759,26873,26883,10
13.1110096,80.26560211,26883,26893,10
13.11163998,80.26557922,26893,26904,11
13.11256027,80.26557922,26904,26914,10
13.11343956,80.26557922,26914,26924,10
13.11413956,80.26561737,26924,26954,30
13.11413956,80.26561737,26954,26964,10
13.11443996,80.26564026,26964,26974,10
13.11483955,80.26566315,26974,26984,10
13.1152401,80.26567078,26984,26994,10
13.11544991,80.26567078,26994,27004,10
13.11594009,80.26567841,27004,27015,11
13.11672974,80.26569366,27015,27025,10
13.11760998,80.26571655,27025,27035,10
13.11843967,80.26571655,27035,27045,10
13.11913013,80.26573181,27045,27055,10
13.11946011,80.26573181,27055,27065,10
13.11968994,80.26571655,27065,27075,10
13.11989975,80.26571655,27075,27085,10
13.12026024,80.26573944,27085,27095,10
13.12090015,80.26573944,27095,27105,10
13.12162018,80.26574707,27105,27115,10
13.12275982,80.26573944,27115,27136,21
13.12275982,80.26573944,27136,27146,10
13.12287045,80.26553345,27146,27156,10
13.12287998,80.26512146,27156,27166,10
13.12287998,80.26444244,27166,27176,10
13.12290001,80.26358032,27176,27186,10
13.12290955,80.26274872,27186,27196,10
13.12292004,80.26197052,27196,27206,10
13.12294006,80.26155853,27206,27216,10
13.12292957,80.26100922,27216,27226,10
13.12294006,80.26024628,27226,27237,11
13.12294006,80.25965118,27237,27247,10
13.12294006,80.25956726,27247,27257,10
13.12294006,80.2593689,27257,27267,10
13.12279987,80.25926208,27267,27277,10
13.12242031,80.25926971,27277,27287,10
13.12185955,80.25930023,27287,27297,10
13.12110043,80.25933838,27297,27307,10
13.12067986,80.2593689,27307,27317,10
13.12036037,80.25939178,27317,27327,10
13.11987972,80.25940704,27327,27337,10
13.11921024,80.25943756,27337,27348,11
13.11861992,80.25943756,27348,27358,10
13.11839008,80.25923157,27358,27368,10
13.11839962,80.25904083,27368,27378,10
13.11841965,80.25891876,27378,27388,10
13.11853027,80.25843048,27388,27398,10
13.11870003,80.25769806,27398,27408,10
13.11888027,80.25695038,27408,27418,10
13.11923981,80.25623322,27418,27428,10
13.11973,80.25531769,27428,27438,10
13.12045956,80.25447845,27438,27469,31
13.12045956,80.25447845,27469,27479,10
13.12065029,80.25430298,27479,27489,10
13.12104988,80.2538681,27489,27499,10
13.12145042,80.2531662,27499,27509,10
13.12170982,80.25222778,27509,27519,10
13.12195015,80.2513504,27519,27529,10
13.12215996,80.25083923,27529,27539,10
13.12220001,80.25076294,27539,27549,10
13.12238979,80.25034332,27549,27559,10
13.12265968,80.24967194,27559,27570,11
13.12316036,80.2487793,27570,27580,10
13.1237402,80.24809265,27580,27590,10
13.12417984,80.24758148,27590,27600,10
13.12423038,80.24754333,27600,27610,10
13.12432957,80.24745941,27610,27620,10
13.12458992,80.24713898,27620,27636,16
13.12539959,80.24627686,27636,27648,12
13.12609959,80.24543762,27648,27658,10
13.12674999,80.24456024,27658,27669,11
13.12732029,80.24376678,27669,27678,9
13.12753963,80.24342346,27678,27689,11
13.12771988,80.24308014,27689,27699,10
13.12798023,80.24268341,27699,27709,10
13.12823009,80.24237061,27709,27719,10
13.12854004,80.24199677,27719,27729,10
13.12889957,80.24141693,27729,27758,29
13.12889957,80.24141693,27758,27769,11
13.12905979,80.24118042,27769,27779,10
13.12911987,80.24107361,27779,27790,11
13.12942982,80.24063873,27790,27800,10
13.1298399,80.2400589,27800,27810,10
13.13027954,80.23947144,27810,27819,9
13.13082027,80.23889923,27819,27830,11
13.13150978,80.23796082,27830,27840,10
13.13212013,80.23706055,27840,27850,10
13.13276958,80.23612213,27850,27860,10
13.13346004,80.23516083,27860,27870,10
13.13418007,80.23419952,27870,27880,10
13.13490009,80.23323822,27880,27890,10
13.13562012,80.23226929,27890,27901,11
13.13630009,80.23132324,27901,27911,10
13.13648987,80.23104858,27911,27921,10
13.13659954,80.23091888,27921,27931,10
13.13691044,80.23047638,27931,27941,10
13.13735008,80.22988129,27941,27951,10
13.13792038,80.2290802,27951,27961,10
13.13860035,80.22817993,27961,27971,10
13.13903046,80.22754669,27971,27981,10
13.13908005,80.22749329,27981,27991,10
13.13932037,80.22718048,27991,28001,10
13.13976002,80.22660828,28001,28011,10
13.14031029,80.22586823,28011,28028,17
13.14140034,80.22440338,28028,28040,12
13.14167976,80.22398376,28040,28050,10
13.14183998,80.22380066,28050,28059,9
13.14210033,80.22344208,28059,28070,11
13.14268017,80.22264099,28070,28078,8
13.14309978,80.22205353,28078,28090,12
13.14389992,80.22093201,28090,28100,10
13.1440897,80.22000885,28100,28110,10
13.14457035,80.21955872,28110,28121,11
13.14470005,80.21949768,28121,28131,10
13.14490986,80.21941376,28131,28141,10
13.14535046,80.21897125,28141,28151,10
13.14581966,80.21829987,28151,28161,10
13.14643955,80.21746826,28161,28171,10
13.14712048,80.21652222,28171,28181,10
13.14778042,80.2155838,28181,28191,10
13.14832973,80.21484375,28191,28201,10
13.14916992,80.21372223,28201,28211,10
13.14988041,80.21278381,28211,28221,10
13.15060043,80.21183014,28221,28231,10
13.15130997,80.21089935,28231,28242,11
13.15203953,80.20995331,28242,28252,10
13.15270996,80.20902252,28252,28262,10
13.15336037,80.20810699,28262,28282,20
13.15336037,80.20810699,28282,28292,10
13.15351963,80.207901,28292,28302,10
13.15388012,80.20742798,28302,28312,10
13.15437031,80.20680237,28312,28322,10
13.15499973,80.2060318,28322,28332,10
13.15579033,80.20526886,28332,28363,31
13.15579033,80.20526886,28363,28373,10
13.15600014,80.20510101,28373,28383,10
13.15635014,80.20484161,28383,28393,10
13.15686989,80.20446777,28393,28403,10
13.15746975,80.20410919,28403,28413,10
13.15802956,80.20381927,28413,28443,30
13.15802956,80.20381927,28443,28454,11
13.15834045,80.2036972,28454,28464,10
13.1589098,80.20349884,28464,28474,10
13.15972042,80.20330048,28474,28484,10
13.16067982,80.20314789,28484,28494,10
13.16176033,80.20295715,28494,28504,10
13.16292,80.20271301,28504,28514,10
13.16380024,80.20246124,28514,28524,10
13.16429996,80.2022934,28524,28534,10
13.16431999,80.20227814,28534,28544,10
13.16460991,80.20220184,28544,28554,10
13.16526985,80.20201874,28554,28565,11
13.16629982,80.20159912,28565,28575,10
13.16734028,80.20105743,28575,28585,10
13.1683197,80.20050812,28585,28601,16
13.16967964,80.19973755,28601,28613,12
13.17082977,80.19908905,28613,28632,19
13.17082977,80.19908905,28632,28643,11
13.17098045,80.19902039,28643,28674,31
13.17098045,80.19902039,28674,28684,10
13.17127037,80.19889069,28684,28694,10
13.17183018,80.19856262,28694,28704,10
13.17263031,80.19811249,28704,28714,10
13.17364025,80.19754791,28714,28724,10
13.17467022,80.19698334,28724,28734,10
13.17572021,80.19638824,28734,28744,10
13.17675018,80.19580078,28744,28754,10
13.1777401,80.19525146,28754,28764,10
13.17835045,80.19489288,28764,28774,10
13.1784296,80.19483948,28774,28785,11
13.17881966,80.19463348,28785,28795,10
13.17947006,80.19426727,28795,28805,10
13.18035984,80.19377899,28805,28815,10
13.18136978,80.19320679,28815,28825,10
13.18239975,80.19264221,28825,28835,10
13.18342018,80.19220734,28835,28845,10
13.18416023,80.19197083,28845,28855,10
13.18424988,80.19165802,28855,28865,10
13.18445969,80.19156647,28865,28875,10
13.18496037,80.19125366,28875,28885,10
13.18542004,80.19090271,28885,28896,11
13.18595982,80.19036865,28896,28906,10
13.18663979,80.189888,28906,28916,10
13.18741035,80.18956757,28916,28926,10
13.18778038,80.18926239,28926,28936,10
13.18803978,80.1889267,28936,28946,10
13.18852043,80.1884079,28946,28956,10
13.18896008,80.18798065,28956,28966,10
13.18937016,80.18756866,28966,28976,10
13.18943977,80.1875,28976,28986,10
13.18962002,80.1873703,28986,28996,10
13.19003963,80.1869812,28996,29007,11
13.19032001,80.18670654,29007,29017,10
13.1905899,80.18647766,29017,29027,10
13.19095993,80.18615723,29027,29037,10
13.19145966,80.18569946,29037,29047,10
13.19174957,80.18541718,29047,29057,10
13.1918602,80.18534088,29057,29067,10
13.19221973,80.18504333,29067,29077,10
13.19274044,80.18456268,29077,29087,10
13.19314957,80.18415833,29087,29107,20
13.19314957,80.18415833,29107,29118,11
13.19320011,80.18412018,29118,29128,10
13.19320011,80.18411255,29128,29138,10
13.1932497,80.18403625,29138,29148,10
13.1932497,80.18393707,29148,29158,10
13.19312,80.18383026,29158,29168,10
13.19293976,80.18372345,29168,29178,10
13.19279957,80.18388367,29178,29501,323
13.19270992,80.18403625,29501,29642,141
13.19264984,80.18395233,29642,29753,111
13.19264984,80.18395233,29753,29763,10
13.19277,80.18403625,29763,30662,899
13.19281006,80.18406677,30662,30924,262
13.19281006,80.18406677,30924,30934,10
13.19297981,80.18438721,30934,30944,10
13.19274998,80.18457794,30944,30954,10
13.19244957,80.1848526,30954,30964,10
13.19206047,80.18520355,30964,30974,10
13.19184017,80.18540955,30974,30985,11
13.19149971,80.18572235,30985,30995,10
13.19102001,80.18614197,30995,31005,10
13.19069958,80.18641663,31005,31015,10
13.19067955,80.18643188,31015,31025,10
13.19046021,80.18662262,31025,31035,10
13.1901598,80.18689728,31035,31045,10
13.18982029,80.18721008,31045,31055,10
13.1895504,80.18746948,31055,31065,10
13.18947029,80.18752289,31065,31075,10
13.18914986,80.18782043,31075,31085,10
13.18865967,80.18824005,31085,31096,11
13.18822956,80.18868256,31096,31106,10
13.18782997,80.18920135,31106,31116,10
13.18743992,80.18961334,31116,31126,10
13.18682003,80.18987274,31126,31136,10
13.1861496,80.19023132,31136,31146,10
13.18570042,80.19075012,31146,31156,10
13.18507004,80.19126129,31156,31368,212
13.18507004,80.19126129,31368,31378,10
13.18480015,80.19142151,31378,31388,10
13.18435955,80.19167328,31388,31398,10
13.18418026,80.19187927,31398,31408,10
13.18412971,80.19217682,31408,31418,10
13.18371964,80.19235229,31418,31429,11
13.1830101,80.19257355,31429,31439,10
13.18227959,80.19290924,31439,31449,10
13.18144035,80.193367,31449,31459,10
13.18074036,80.19376373,31459,31469,10
13.17990971,80.19422913,31469,31479,10
13.17908001,80.19468689,31479,31489,10
13.17801952,80.19528198,31489,31509,20
13.17801952,80.19528198,31509,31519,10
13.17792988,80.19532776,31519,31529,10
13.1775198,80.19554901,31529,31539,10
13.17689037,80.19589996,31539,31550,11
13.17609978,80.1963501,31550,31560,10
13.17531967,80.19677734,31560,31570,10
13.17438984,80.19730377,31570,31580,10
13.17354965,80.19776917,31580,31590,10
13.17265034,80.19827271,31590,31600,10
13.17183971,80.19873047,31600,31610,10
13.17119026,80.19908905,31610,31620,10
13.17076015,80.19933319,31620,31630,10
13.17029953,80.19960022,31630,31641,11
13.17026043,80.19962311,31641,31651,10
13.17010021,80.19970703,31651,31661,10
13.16969967,80.19992065,31661,31671,10
13.1691103,80.20025635,31671,31681,10
13.16845989,80.20062256,31681,31691,10
13.16777992,80.20098877,31691,31701,10
13.16699982,80.2014389,31701,31711,10
13.16609001,80.20192719,31711,31721,10
13.16524982,80.20224762,31721,31731,10
13.16469002,80.2024231,31731,31741,10
13.16434956,80.20252991,31741,31751,10
13.16401958,80.2026062,31751,31762,11
13.16382027,80.2026825,31762,31772,10
13.16368008,80.20272064,31772,31782,10
13.16318035,80.20285034,31782,31792,10
13.16248035,80.20300293,31792,31802,10
13.16168022,80.20314789,31802,31812,10
13.16077995,80.20330048,31812,31822,10
13.15979958,80.20348358,31822,31832,10
13.15907001,80.20366669,31832,31842,10
13.15876007,80.2037735,31842,31852,10
13.15849972,80.20384979,31852,31873,21
13.15849972,80.20384979,31873,31883,10
13.15837955,80.20385742,31883,31893,10
13.15822029,80.20394135,31893,31903,10
13.15806007,80.20401001,31903,31913,10
13.15777969,80.20411682,31913,31923,10
13.15723991,80.20439911,31923,31933,10
13.15676022,80.2046814,31933,31943,10
13.15645027,80.20491791,31943,31973,30
13.15645027,80.20491791,31973,31984,11
13.15633011,80.20500183,31984,31994,10
13.15614033,80.20513153,31994,32004,10
13.15571976,80.20548248,32004,32014,10
13.15513992,80.20606232,32014,32024,10
13.15447044,80.20683289,32024,32034,10
13.15382004,80.2076416,32034,32044,10
13.15342045,80.20818329,32044,32054,10
13.15318012,80.20855713,32054,32064,10
13.15310955,80.20864868,32064,32074,10
13.15287018,80.20896912,32074,32084,10
13.15244961,80.20951843,32084,32095,11
13.15190029,80.21028137,32095,32105,10
13.15126038,80.21112061,32105,32115,10
13.15054989,80.2120285,32115,32125,10
13.14993954,80.21286011,32125,32135,10
13.14939022,80.21357727,32135,32145,10
13.14873028,80.21446228,32145,32155,10
13.14803028,80.21537781,32155,32165,10
13.14735031,80.21633911,32165,32175,10
13.14665031,80.21727753,32175,32185,10
13.14605045,80.21811676,32185,32195,10
13.14562035,80.21868134,32195,32206,11
13.14513016,80.2193985,32206,32219,13
13.14500046,80.22025299,32219,32229,10
13.14468002,80.22065735,32229,32239,10
13.14414978,80.2208786,32239,32249,10
13.14410019,80.22090912,32249,32259,10
13.14396,80.22103119,32259,32269,10
13.14363003,80.22145844,32269,32279,10
13.14317989,80.2220993,32279,32289,10
13.14262962,80.22286224,32289,32299,10
13.14202976,80.22367096,32299,32309,10
13.14157963,80.22427368,32309,32321,12
13.14124012,80.22473907,32321,32331,10
13.14081955,80.2253418,32331,32340,9
13.1403904,80.22595215,32340,32351,11
13.13973999,80.22680664,32351,32361,10
13.13922977,80.22747803,32361,32371,10
13.13910007,80.22766113,32371,32381,10
13.13908958,80.22767639,32381,32391,10
13.13920975,80.22801208,32391,32411,20
13.13920975,80.22801208,32411,32421,10
13.13949966,80.22814941,32421,32431,10
13.13986969,80.22824097,32431,32442,11
13.14054012,80.22837067,32442,32452,10
13.14144993,80.22868347,32452,32462,10
13.14243984,80.22895813,32462,32472,10
13.14346027,80.22911835,32472,32482,10
13.14453983,80.2293396,32482,32492,10
13.14552021,80.22949982,32492,32502,10
13.14638996,80.22969055,32502,32512,10
13.14688015,80.23021698,32512,32522,10
13.14743996,80.23065186,32522,32532,10
13.1477499,80.23097992,32532,32543,11
13.14760017,80.23116302,32543,32553,10
13.14721012,80.23140717,32553,32563,10
13.14659023,80.23171997,32563,32573,10
13.14599037,80.23197937,32573,32583,10
13.14536953,80.23236084,32583,32593,10
13.14484978,80.23268127,32593,32603,10
13.14449978,80.23291016,32603,32613,10
13.14443016,80.23300171,32613,32623,10
13.14424992,80.23320007,32623,32633,10
13.14402008,80.23342896,32633,32643,10
13.14383984,80.23365784,32643,32654,11
13.14367962,80.23387909,32654,32664,10
13.14360046,80.23400879,32664,32674,10
13.14346981,80.23425293,32674,32684,10
13.14334011,80.23461151,32684,32694,10
13.14319992,80.23500061,32694,32704,10
13.14305973,80.23538971,32704,32714,10
13.14291,80.23580933,32714,32724,10
13.14276981,80.23616791,32724,32734,10
13.14258957,80.2364502,32734,32744,10
13.14245987,80.23655701,32744,32754,10
13.1422596,80.23670197,32754,32765,11
13.14179993,80.23696136,32765,32775,10
13.14134026,80.23718262,32775,32784,9
13.1409502,80.23734283,32784,32795,11
13.14093018,80.23734283,32795,32805,10
13.14070988,80.23735809,32805,32815,10
13.14013958,80.2374115,32815,32825,10
13.13936996,80.23751068,32825,32835,10
13.13848972,80.23770905,32835,32845,10
13.13778019,80.23787689,32845,32855,10
13.13755035,80.2379303,32855,32865,10
13.13698959,80.23802185,32865,32876,11
13.13613987,80.23821259,32876,32886,10
13.13537025,80.23848724,32886,32896,10
13.13451958,80.23886871,32896,32906,10
13.13362026,80.23931122,32906,32916,10
13.13278961,80.23973846,32916,32926,10
13.13202953,80.24009705,32926,32936,10
13.13132954,80.24046326,32936,32946,10
13.13068962,80.24079895,32946,32956,10
13.13020039,80.24121094,32956,32966,10
13.12991047,80.24146271,32966,32976,10
13.12965012,80.24163055,32976,32997,21
13.12965012,80.24163055,32997,33007,10
13.12952995,80.24185181,33007,33017,10
13.1294899,80.24234009,33017,33027,10
13.12940979,80.24311829,33027,33037,10
13.12930012,80.24394226,33037,33047,10
13.12917995,80.24479675,33047,33057,10
13.12907982,80.24565887,33057,33067,10
13.12903023,80.24623871,33067,33077,10
13.12911987,80.24701691,33077,33087,10
13.12938976,80.24752808,33087,33098,11
13.12963009,80.24796295,33098,33108,10
13.12983036,80.24865723,33108,33118,10
13.12994003,80.24938202,33118,33128,10
13.12996006,80.24977875,33128,33138,10
13.12965012,80.24987793,33138,33148,10
13.12917995,80.24983978,33148,33158,10
13.12854958,80.2498703,33158,33168,10
13.12798023,80.24974823,33168,33178,10
13.1271801,80.24947357,33178,33188,10
13.12674999,80.24931335,33188,33198,10
13.12642002,80.2492218,33198,33209,11
13.12570953,80.24900818,33209,33219,10
13.12510967,80.2487793,33219,33229,10
13.12467003,80.24864197,33229,33239,10
13.1241703,80.24849701,33239,33279,40
13.1241703,80.24849701,33279,33289,10
13.12392998,80.24838257,33289,33299,10
13.1238699,80.24835968,33299,33309,10
13.12370968,80.24829102,33309,33320,11
13.1236496,80.2482605,33320,33330,10
13.12339973,80.24851227,33330,33340,10
13.12298012,80.24902344,33340,33350,10
13.12261963,80.24977875,33350,33360,10
13.12230015,80.25060272,33360,33370,10
13.12207985,80.25118256,33370,33380,10
13.12205982,80.2512207,33380,33390,10
13.12205982,80.25125122,33390,33400,10
13.1218996,80.25163269,33400,33410,10
13.12172031,80.25231934,33410,33420,10
13.12150955,80.25315857,33420,33431,11
13.12104034,80.25402832,33431,33441,10
13.12059975,80.25447845,33441,33451,10
13.12028027,80.25482178,33451,33461,10
13.12026024,80.25485229,33461,33471,10
13.12020969,80.25489807,33471,33481,10
13.11995983,80.25518799,33481,33491,10
13.11954975,80.25582123,33491,33501,10
13.11913967,80.25662994,33501,33511,10
13.11880016,80.25762939,33511,33521,10
13.11857033,80.25856018,33521,33531,10
13.11849976,80.25919342,33531,33542,11
13.11849022,80.25926208,33542,33558,16
13.11851978,80.25937653,33558,33570,12
13.11884022,80.25939178,33570,33580,10
13.11944008,80.25936127,33580,33590,10
13.12018013,80.25933075,33590,33600,10
13.12055969,80.25932312,33600,33610,10
13.12088966,80.25930023,33610,33620,10
13.12152004,80.25927734,33620,33630,10
13.12219048,80.25926208,33630,33640,10
13.12273026,80.25924683,33640,33650,10
13.12289047,80.25927734,33650,33660,10
13.12292957,80.25952911,33660,33672,12
13.12292957,80.25956726,33672,33682,10
13.12292004,80.25987244,33682,33692,10
13.12292004,80.26049805,33692,33702,10
13.12292004,80.26125336,33702,33712,10
13.12292004,80.26165771,33712,33722,10
13.12290955,80.26206207,33722,33732,10
13.12287998,80.26284027,33732,33742,10
13.12287998,80.26361847,33742,33752,10
13.12287998,80.26434326,33752,33762,10
13.12290001,80.26496124,33762,33773,11
13.12290001,80.26540375,33773,33784,11
13.12287998,80.26567078,33784,33794,10
13.12265968,80.26577759,33794,33804,10
13.12228012,80.26577759,33804,33813,9
13.12215996,80.26579285,33813,33824,11
13.12199974,80.26577759,33824,33834,10
13.12148952,80.26577759,33834,33844,10
13.12096977,80.26576233,33844,33854,10
13.12032032,80.26574707,33854,33864,10
13.11991024,80.26573944,33864,33875,11
13.11970043,80.26573944,33875,33885,10
13.11913967,80.26573944,33885,33895,10
13.11837959,80.26571655,33895,33905,10
13.11758995,80.26571655,33905,33915,10
13.11680984,80.26571655,33915,33925,10
13.11604977,80.26570892,33925,33935,10
13.11557961,80.26570892,33935,33945,10
13.11553001,80.26570892,33945,33955,10
13.11532021,80.26570129,33955,33965,10
13.11513996,80.26570129,33965,33975,10
13.11448002,80.26570129,33975,33996,21
13.11448002,80.26570129,33996,34006,10
13.11431026,80.26569366,34006,34016,10
13.11408997,80.26573181,34016,34026,10
13.11376953,80.26573181,34026,34036,10
13.1131897,80.26573944,34036,34046,10
13.11250019,80.26571655,34046,34056,10
13.11203003,80.26573944,34056,34066,10
13.11180973,80.26576233,34066,34076,10
13.11120033,80.26577759,34076,34086,10
13.11120033,80.26577759,34086,34097,11
13.1111002,80.26574707,34097,34107,10
13.11093044,80.26571655,34107,34117,10
13.11058998,80.26582336,34117,34127,10
13.11023998,80.26609802,34127,34137,10
13.10976982,80.2664566,34137,34147,10
13.10966015,80.26656342,34147,34159,12
13.1093998,80.26672363,34159,34169,10
13.10921955,80.26685333,34169,34178,9
13.10902977,80.26701355,34178,34189,11
13.1089201,80.26711273,34189,34198,9
13.10883045,80.26719666,34198,34210,12
13.10840988,80.26764679,34210,34220,10
13.10803032,80.26806641,34220,34230,10
13.10748959,80.26862335,34230,34238,8
13.10706043,80.26911926,34238,34250,12
13.10630989,80.27001953,34250,34260,10
13.10573006,80.27069855,34260,34269,9
13.10492992,80.27117157,34269,34280,11
13.10449982,80.27137756,34280,34290,10
13.10437965,80.27168274,34290,34300,10
13.10402966,80.27223969,34300,34310,10
13.10385036,80.27275085,34310,34321,11
13.10391998,80.27307129,34321,34331,10
13.10396957,80.27326965,34331,34341,10
13.10408974,80.27397156,34341,34371,30
13.10408974,80.27397156,34371,34381,10
13.10416985,80.27442169,34381,34391,10
13.10422993,80.27483368,34391,34401,10
13.10435009,80.2753067,34401,34411,10
13.10459995,80.27597809,34411,34452,41
13.10459995,80.27597809,34452,34462,10
13.10466003,80.27615356,34462,34472,10
13.10484028,80.27664185,34472,34482,10
13.10503006,80.27735138,34482,34492,10
13.10527992,80.27812958,34492,34502,10
13.10554981,80.27906036,34502,34512,10
13.10575008,80.27971649,34512,34522,10
13.10608006,80.2798996,34522,34543,21
13.10608006,80.2798996,34543,34553,10
13.10618973,80.2798996,34553,34563,10
13.10665989,80.28006744,34563,34573,10
13.10733986,80.28028107,34573,34583,10
13.10803986,80.28050232,34583,34593,10
13.1087904,80.28072357,34593,34603,10
13.10951996,80.28029633,34603,34613,10
13.10999012,80.27931976,34613,34623,10
13.1106596,80.27838135,34623,34633,10
13.11131001,80.27781677,34633,34643,10
13.11161995,80.27800751,34643,34652,9
13.11130047,80.27818298,34652,34664,12
13.11073971,80.27838135,34664,34674,10
13.11028004,80.27897644,34674,34684,10
13.10988998,80.2796402,34684,34694,10
13.10958958,80.28031921,34694,34704,10
13.10896015,80.28076172,34704,34714,10
13.10811996,80.28057861,34714,34724,10
13.10727978,80.28031921,34724,34734,10
13.10665989,80.28014374,34734,34744,10
13.10643959,80.2800827,34744,34754,10
13.10628033,80.28003693,34754,34764,10
13.1059103,80.27996826,34764,34775,11
13.10552025,80.2798233,34775,34785,10
13.10529041,80.27919006,34785,34795,10
13.1050396,80.27854919,34795,34805,10
13.10480976,80.27799988,34805,34815,10
13.10459042,80.27742004,34815,34825,10
13.10437965,80.27693939,34825,34835,10
13.1042099,80.27654266,34835,34851,16
13.10435963,80.27594757,34851,35983,1132
13.10435963,80.27594757,35983,35994,11
13.10429001,80.27557373,35994,36004,10
13.10422039,80.2753067,36004,36014,10
13.10414028,80.27481842,36014,36034,20
13.10414028,80.27481842,36034,36044,10
13.10406971,80.27443695,36044,36064,20
13.10406971,80.27443695,36064,36074,10
13.10406017,80.27436066,36074,36084,10
13.10402966,80.2741394,36084,36094,10
13.10402012,80.27390289,36094,36105,11
13.10396957,80.27353668,36105,36266,161
13.10396957,80.27353668,36266,36276,10
13.10391998,80.27332306,36276,36286,10
13.10387993,80.27292633,36286,36296,10
13.10383987,80.27246857,36296,36306,10
13.10396004,80.27224731,36306,36316,10
13.10408974,80.27211761,36316,36327,11
13.10431957,80.27179718,36327,36337,10
13.10437965,80.27149963,36337,36427,90
13.10437965,80.27149963,36427,36438,11
13.1043396,80.27111816,36438,36448,10
13.10406971,80.27062988,36448,36458,10
13.10317993,80.27052307,36458,36468,10
13.10214043,80.27053833,36468,36478,10
13.10136986,80.27047729,36478,36488,10
13.10076046,80.27004242,36488,36498,10
13.10009003,80.26959991,36498,36508,10
13.09939957,80.26920319,36508,36518,10
13.09875965,80.26882172,36518,36528,10
13.09821033,80.26847076,36528,36538,10
13.09813023,80.26818085,36538,36549,11
13.09819984,80.26783752,36549,36559,10
13.09834003,80.26731873,36559,36569,10
13.09848976,80.26673889,36569,36579,10
13.09858036,80.26635742,36579,36589,10
13.0987196,80.26582336,36589,36599,10
13.09885025,80.26508331,36599,36608,9
13.09893036,80.26450348,36608,36619,11
13.09901047,80.26399231,36619,36629,10
13.09902954,80.26364899,36629,36639,10
13.09908962,80.26322174,36639,36649,10
13.09916019,80.26283264,36649,36660,11
13.09920025,80.26258087,36660,36670,10
13.09926033,80.26213837,36670,36681,11
13.09963989,80.26171875,36681,36691,10
13.09972954,80.26109314,36691,36700,9
13.09978008,80.26062012,36700,36711,11
13.09984016,80.26016998,36711,36721,10
13.09986019,80.25991058,36721,36731,10
13.09998989,80.25974274,36731,36741,10
13.10046959,80.25984955,36741,36751,10
13.10118008,80.26004791,36751,36761,10
13.1019001,80.26029968,36761,36772,11
13.10245037,80.26048279,36772,36782,10
13.1027298,80.26058197,36782,36792,10
13.10311985,80.26069641,36792,36802,10
13.10361958,80.26083374,36802,36812,10
13.10426044,80.26100159,36812,36822,10
13.10461998,80.26100159,36822,36832,10
13.10503006,80.26097107,36832,36842,10
13.10544968,80.26091766,36842,36852,10
13.10589027,80.26087189,36852,36862,10
13.10647011,80.26075745,36862,36872,10
13.10719013,80.26062775,36872,36883,11
13.10741997,80.26058197,36883,36893,10
13.10756016,80.26053619,36893,36903,10
13.10772038,80.26048279,36903,36913,10
13.10793018,80.26039886,36913,36923,10
13.10840034,80.26013947,36923,36933,10
13.10900974,80.25975037,36933,36973,40
13.10900974,80.25975037,36973,36983,10
13.10949039,80.25968933,36983,36994,11
13.10993958,80.25964355,36994,37004,10
13.11026001,80.25961304,37004,37014,10
13.11054993,80.25961304,37014,37024,10
13.11079025,80.25961304,37024,37040,16
13.11100006,80.25962067,37040,37052,12
13.11149025,80.25958252,37052,37062,10
13.11219978,80.25955963,37062,37072,10
13.11287975,80.259552,37072,37082,10
13.11345005,80.25965118,37082,37091,9
13.11369038,80.26013947,37091,37102,11
13.11386013,80.26072693,37102,37113,11
13.11388969,80.26091766,37113,37123,10
13.11404991,80.26122284,37123,37133,10
13.11413002,80.2612915,37133,37143,10
13.1141901,80.26133728,37143,37152,9
13.11448002,80.26145935,37152,37163,11
13.11493015,80.26158905,37163,37173,10
13.1153698,80.26170349,37173,37183,10
13.11571026,80.26177979,37183,37193,10
13.11608982,80.26187134,37193,37203,10
13.1163702,80.26194,37203,37214,11
13.11690998,80.26200104,37214,37224,10
13.11738968,80.26197815,37224,37234,10
13.11779022,80.26168823,37234,37244,10
13.11802959,80.26096344,37244,37254,10
13.1182003,80.2600174,37254,37264,10
13.11830997,80.25937653,37264,37274,10
13.11835957,80.25897217,37274,37294,20
13.11835957,80.25897217,37294,37304,10
13.11839008,80.25881195,37304,37314,10
13.11849976,80.25833893,37314,37324,10
13.11865997,80.25763702,37324,37335,11
13.11886978,80.25685883,37335,37345,10
13.11923027,80.25615692,37345,37355,10
13.11970043,80.25534058,37355,37365,10
13.12045002,80.25444031,37365,37395,30
13.12045002,80.25444031,37395,37405,10
13.12061024,80.25431824,37405,37415,10
13.12092018,80.2539978,37415,37425,10
13.12129974,80.25343323,37425,37436,11
13.12158966,80.25261688,37436,37446,10
13.12176991,80.25184631,37446,37456,10
13.12197971,80.25119019,37456,37466,10
13.12213039,80.2507782,37466,37476,10
13.12213039,80.25077057,37476,37486,10
13.12222004,80.25067902,37486,37496,10
13.12238026,80.25029755,37496,37506,10
13.12263012,80.24967194,37506,37516,10
13.12298965,80.248909,37516,37526,10
13.12349033,80.24830627,37526,37536,10
13.12382984,80.24790192,37536,37547,11
13.1241703,80.24752045,37547,37567,20
13.1241703,80.24752045,37567,37577,10
13.12423038,80.24745178,37577,37587,10
13.12448025,80.24714661,37587,37597,10
13.12493992,80.24665833,37597,37607,10
13.1254797,80.24610138,37607,37617,10
13.12605953,80.24539185,37617,37627,10
13.1266098,80.24465942,37627,37637,10
13.1270504,80.24404144,37637,37647,10
13.12744045,80.24349976,37647,37657,10
13.12759972,80.24321747,37657,37668,11
13.12784004,80.24279022,37668,37678,10
13.12837982,80.24204254,37678,37688,10
13.12837982,80.24204254,37688,37698,10
13.12874031,80.24147034,37698,37728,30
13.12874031,80.24147034,37728,37738,10
13.12884045,80.24138641,37738,37748,10
13.1290102,80.24114227,37748,37780,32
13.1290102,80.24114227,37780,37790,10
13.12919998,80.24088287,37790,37800,10
13.12952995,80.24040222,37800,37811,11
13.12994003,80.23983002,37811,37821,10
13.13043022,80.23914337,37821,37831,10
13.13094044,80.23861694,37831,37841,10
13.1314497,80.23789978,37841,37851,10
13.13218021,80.23680878,37851,37892,41
13.13218021,80.23680878,37892,37902,10
13.13226032,80.23670197,37902,37942,40
13.13226032,80.23670197,37942,37952,10
13.13232994,80.23658752,37952,37962,10
13.13261032,80.23621368,37962,37972,10
13.13302994,80.23561859,37972,37982,10
13.13354015,80.23491669,37982,37993,11
13.13424015,80.23399353,37993,38003,10
13.13492012,80.233078,38003,38013,10
13.13560009,80.23219299,38013,38023,10
13.13636017,80.23111725,38023,38043,20
13.13636017,80.23111725,38043,38053,10
13.13642025,80.23104095,38053,38063,10
13.13669014,80.23065948,38063,38073,10
13.13710976,80.23008728,38073,38083,10
13.13761997,80.22939301,38083,38093,10
13.13823986,80.22853851,38093,38103,10
13.13901997,80.22744751,38103,38124,21
13.13901997,80.22744751,38124,38134,10
13.13914967,80.22730255,38134,38144,10
13.13949013,80.22685242,38144,38154,10
13.13996029,80.22622681,38154,38164,10
13.14054012,80.22544861,38164,38174,10
13.1412096,80.22454071,38174,38184,10
13.14175987,80.22379303,38184,38194,10
13.14183998,80.22364807,38194,38204,10
13.14188957,80.22360229,38204,38214,10
13.14214039,80.22325897,38214,38225,11
13.14256954,80.22267914,38225,38238,13
13.14325047,80.22174072,38238,38248,10
13.14379978,80.22093201,38248,38258,10
13.14398956,80.22039032,38258,38268,10
13.14400005,80.22007751,38268,38278,10
13.14470005,80.21942902,38278,38298,20
13.14470005,80.21942902,38298,38308,10
13.14494991,80.21929932,38308,38318,10
13.14538956,80.21881866,38318,38328,10
13.14587975,80.21814728,38328,38339,11
13.14655972,80.21720123,38339,38349,10
13.14725018,80.21624756,38349,38359,10
13.14791965,80.21531677,38359,38369,10
13.14859962,80.21440125,38369,38379,10
13.14929962,80.21346283,38379,38389,10
13.14993954,80.2126236,38389,38399,10
13.15073967,80.21157074,38399,38409,10
13.15145969,80.21058655,38409,38419,10
13.15219021,80.20960236,38419,38429,10
13.15289021,80.2086792,38429,38439,10
13.15328979,80.20809937,38439,38450,11
13.15330982,80.20807648,38450,38459,9
13.15347958,80.20786285,38459,38470,11
13.1538496,80.20735931,38470,38480,10
13.15431976,80.20675659,38480,38490,10
13.15487003,80.20607758,38490,38500,10
13.15540028,80.20554352,38500,38510,10
13.15550041,80.20545197,38510,38520,10
13.15555954,80.20539856,38520,38530,10
13.15585995,80.20513916,38530,38540,10
13.15614986,80.20494843,38540,38551,11
13.15668011,80.2045517,38551,38561,10
13.15734959,80.20413208,38561,38571,10
13.15820026,80.20371246,38571,38621,50
13.15820026,80.20371246,38621,38631,10
13.15826035,80.20368195,38631,38641,10
13.15863991,80.20353699,38641,38651,10
13.15931988,80.20336151,38651,38662,11
13.16036034,80.20314789,38662,38672,10
13.16152,80.20295715,38672,38682,10
13.16271019,80.20272064,38682,38692,10
13.16368008,80.2024765,38692,38702,10
13.16434956,80.20226288,38702,38712,10
13.16444016,80.20223999,38712,38722,10
13.16481972,80.20214844,38722,38732,10
13.16551971,80.20192719,38732,38742,10
13.16646004,80.20153046,38742,38752,10
13.16748047,80.20097351,38752,38762,10
13.1684103,80.20046234,38762,38772,10
13.16913986,80.20004272,38772,38783,11
13.17006969,80.19949341,38783,38793,10
13.17084026,80.1990509,38793,38823,30
13.17084026,80.1990509,38823,38833,10
13.17107964,80.1989212,38833,38843,10
13.17169952,80.19859314,38843,38853,10
13.17255974,80.19809723,38853,38863,10
13.17358017,80.19754028,38863,38873,10
13.1746397,80.19696045,38873,38883,10
13.1756897,80.19637299,38883,38894,11
13.17681026,80.19573975,38894,38904,10
13.17776012,80.19519806,38904,38914,10
13.17831993,80.19487,38914,38924,10
13.17844009,80.19480133,38924,38934,10
13.17891026,80.19454956,38934,38944,10
13.17959976,80.19415283,38944,38954,10
13.18041992,80.1937027,38954,38964,10
13.18153,80.19309235,38964,38974,10
13.18257046,80.19252777,38974,38984,10
13.18360043,80.19213104,38984,38994,10
13.18414021,80.19194794,38994,39005,11
13.18437004,80.19158173,39005,39015,10
13.18488026,80.19127655,39015,39025,10
13.18540955,80.19090271,39025,39035,10
13.18593979,80.19036865,39035,39045,10
13.1864996,80.18991852,39045,39055,10
13.18717957,80.18963623,39055,39065,10
13.18770027,80.18929291,39065,39075,10
13.18791962,80.18901825,39075,39085,10
13.18832016,80.18852997,39085,39095,10
13.18857956,80.18824768,39095,39105,10
13.18869972,80.1881485,39105,39116,11
13.18902016,80.18782806,39116,39126,10
13.18935013,80.18752289,39126,39136,10
13.18935966,80.18752289,39136,39146,10
13.18941975,80.18746948,39146,39156,10
13.18974018,80.18718719,39156,39166,10
13.19023991,80.18673706,39166,39176,10
13.19081974,80.18621826,39176,39186,10
13.19137955,80.18569946,39186,39196,10
13.19188023,80.18522644,39196,39206,10
13.19244003,80.18470764,39206,39216,10
13.19285965,80.18430328,39216,39267,51
13.19285965,80.18430328,39267,39277,10
13.19297981,80.18424988,39277,39287,10
13.19320011,80.18401337,39287,39307,20
13.19320011,80.18401337,39307,39317,10
13.19311047,80.18393707,39317,39327,10
13.19295025,80.18377686,39327,39338,11
13.19277954,80.18386078,39338,39348,10
13.19279957,80.18392181,39348,39358,10
13.19283962,80.18405151,39358,40418,1060
