13.09848022,80.24195862,11,586,575
13.09848022,80.24195862,586,597,11
13.09877014,80.24178314,597,607,10
13.09879971,80.241539,607,617,10
13.09860039,80.24146271,617,647,30
13.09856033,80.24121094,647,798,151
13.09856033,80.24121094,798,808,10
13.09860992,80.2408905,808,819,11
13.09860992,80.24069977,819,829,10
13.09860992,80.24066162,829,839,10
13.09858036,80.24044037,839,849,10
13.09856987,80.24037933,849,859,10
13.09860039,80.24015808,859,869,10
13.09866047,80.2401123,869,879,10
13.09883976,80.2401123,879,889,10
13.09899044,80.2401886,889,899,10
13.09902,80.24040222,899,1081,182
13.09902,80.24040222,1081,1091,10
13.09914017,80.24040222,1091,1101,10
13.09920025,80.24037933,1101,1111,10
13.09916019,80.24034882,1111,1121,10
13.09912014,80.240242,1121,1132,11
13.09873962,80.24009705,1132,1293,161
13.09840012,80.24015808,1293,2657,1364
13.09840012,80.24015808,2657,2667,10
13.09852028,80.24005127,2667,2677,10
13.09860039,80.24006653,2677,2687,10
13.09885979,80.24012756,2687,2697,10
13.09902,80.240448,2697,2727,30
13.09902,80.240448,2727,2737,10
13.09899998,80.24060059,2737,2748,11
13.09901047,80.24079132,2748,2758,10
13.09899998,80.24095917,2758,2768,10
13.09895992,80.24111938,2768,2778,10
13.09920979,80.2411499,2778,18345,15567
13.09920979,80.2411499,18345,18355,10
13.09908009,80.24124146,18355,18365,10
13.09895992,80.24136353,18365,18375,10
13.0988903,80.24150848,18375,18385,10
13.09885025,80.24167633,18385,18395,10
13.09879971,80.24186707,18395,18405,10
13.09877968,80.2420578,18405,18415,10
13.09856033,80.24237061,18415,18486,71
13.09856033,80.24237061,18486,18496,10
13.09823036,80.24224854,18496,18506,10
13.09784031,80.24221802,18506,18537,31
13.09784031,80.24221802,18537,18547,10
13.09772968,80.24215698,18547,18557,10
13.09757996,80.24211121,18557,18567,10
13.09745026,80.24192047,18567,18577,10
13.09751034,80.24163055,18577,19122,545
13.09751034,80.24163055,19122,19132,10
13.09759998,80.24141693,19132,19142,10
13.09766006,80.24111938,19142,19152,10
13.09768963,80.24064636,19152,19162,10
13.09772015,80.24009705,19162,19173,11
13.09776974,80.23944092,19173,19183,10
13.09780979,80.23880005,19183,19193,10
13.09792995,80.23813629,19193,19203,10
13.09805965,80.23748779,19203,19213,10
13.09817982,80.23686981,19213,19223,10
13.09827995,80.23628998,19223,19233,10
13.09836006,80.23574829,19233,19243,10
13.09844017,80.23519897,19243,19253,10
13.09852982,80.23455048,19253,19263,10
13.0985899,80.23390961,19263,19274,11
13.09869957,80.23310089,19274,19284,10
13.09885025,80.23236084,19284,19294,10
13.09908009,80.23166656,19294,19304,10
13.09939003,80.23097229,19304,19314,10
13.09965992,80.23014069,19314,19324,10
13.09984016,80.2293396,19324,19334,10
13.09996033,80.22865295,19334,19344,10
13.10006046,80.22802734,19344,19354,10
13.10009956,80.2273407,19354,19364,10
13.10006046,80.22653198,19364,19374,10
13.09996986,80.22577667,19374,19385,11
13.09990025,80.22518158,19385,19395,10
13.09978008,80.2247467,19395,19405,10
13.09963036,80.22425079,19405,19415,10
13.09943962,80.22384644,19415,19425,10
13.09930992,80.22367096,19425,19435,10
13.09910011,80.2233963,19435,19445,10
13.0989399,80.22319031,19445,19455,10
13.09879971,80.22296143,19455,19465,10
13.09873962,80.22239685,19465,19475,10
13.09881973,80.22151947,19475,19486,11
13.09899998,80.22048187,19486,19496,10
13.09914017,80.21968079,19496,19506,10
13.09920025,80.21942139,19506,19516,10
13.0992403,80.2191925,19516,19526,10
13.09932041,80.21865845,19526,19536,10
13.09943962,80.21790314,19536,19546,10
13.09961033,80.21713257,19546,19556,10
13.09992981,80.21591949,19556,19566,10
13.09992981,80.21591949,19566,19576,10
13.10011959,80.21547699,19576,19586,10
13.10027027,80.21479034,19586,19607,21
13.10027027,80.21479034,19607,19617,10
13.1001997,80.21453094,19617,19627,10
13.09978008,80.21439362,19627,19637,10
13.09904957,80.21418762,19637,19647,10
13.0984602,80.21414948,19647,19663,16
13.09790039,80.21542358,19663,19675,12
13.09745026,80.21650696,19675,19685,10
13.09716034,80.2172699,19685,19695,10
13.09677982,80.21833038,19695,19706,11
13.09636021,80.21955872,19706,19716,10
13.09597969,80.22065735,19716,19726,10
13.09566021,80.22158813,19726,19736,10
13.09529972,80.22257233,19736,19746,10
13.0948,80.22358704,19746,19756,10
13.09412003,80.22454071,19756,19766,10
13.09335995,80.22541046,19766,19776,10
13.09272003,80.22608185,19776,19786,10
13.09183025,80.22696686,19786,19796,10
13.09125042,80.2276001,19796,19806,10
13.09084034,80.2280426,19806,19817,11
13.09014988,80.22879028,19817,19825,8
13.08957958,80.22943115,19825,19837,12
13.08913994,80.2301712,19837,19847,10
13.08905029,80.23042297,19847,19857,10
13.08874989,80.23110199,19857,19866,9
13.08839035,80.23207092,19866,19878,12
13.08808041,80.2333374,19878,19888,10
13.08798981,80.23422241,19888,19898,10
13.08742046,80.23461151,19898,19908,10
13.08648014,80.23451996,19908,19919,11
13.08551025,80.23429108,19919,19929,10
13.08475018,80.23410034,19929,19939,10
13.08384037,80.23390198,19939,19949,10
13.08312988,80.2338028,19949,19959,10
13.08248043,80.23362732,19959,19969,10
13.08185959,80.2335434,19969,19979,10
13.08113956,80.23348999,19979,19989,10
13.0802803,80.23351288,19989,19999,10
13.07960987,80.23349762,19999,20009,10
13.07894039,80.23352051,20009,20020,11
13.07785988,80.23355103,20020,20030,10
13.0768404,80.23370361,20030,20040,10
13.0759697,80.23390198,20040,20050,10
13.07590008,80.23428345,20050,20060,10
13.07602024,80.23493195,20060,20069,9
13.07610035,80.23525238,20069,20080,11
13.07623959,80.23576355,20080,20090,10
13.07635975,80.23664093,20090,20100,10
13.07656002,80.23744965,20100,20110,10
13.07672024,80.23834229,20110,20120,10
13.07697964,80.23947144,20120,20131,11
13.07721996,80.24060059,20131,20141,10
13.07660007,80.24062347,20141,20151,10
13.07557964,80.24053955,20151,20161,10
13.07446957,80.24053955,20161,20171,10
13.07347012,80.24067688,20171,20181,10
13.07254982,80.24099731,20181,20191,10
13.07164001,80.24156189,20191,20201,10
13.07069016,80.24188995,20201,20211,10
13.06991959,80.24214172,20211,20221,10
13.06919003,80.24236298,20221,20232,11
13.06844997,80.24259949,20232,20242,10
13.06733036,80.24295807,20242,20252,10
13.0662899,80.24342346,20252,20262,10
13.0661602,80.24440002,20262,20272,10
13.06634998,80.24556732,20272,20282,10
13.06721973,80.24623871,20282,20292,10
13.06783962,80.24658966,20292,20302,10
13.06785965,80.24678802,20302,20312,10
13.06787968,80.24752808,20312,20322,10
13.06723976,80.24790192,20322,20332,10
13.06612015,80.24781799,20332,20349,17
13.06408978,80.24768066,20349,20361,12
13.06268024,80.247612,20361,20371,10
13.06188011,80.24758148,20371,20381,10
13.0613699,80.24697876,20381,20391,10
13.06184006,80.24642181,20391,20401,10
13.06214046,80.24532318,20401,20411,10
13.06289959,80.24468231,20411,20421,10
13.06344986,80.24378204,20421,20432,11
13.06291962,80.24342346,20432,20442,10
13.06204033,80.24324036,20442,20453,11
13.06145954,80.24313354,20453,20473,20
13.06145954,80.24313354,20473,20483,10
13.0613203,80.24311829,20483,20493,10
13.06116962,80.24310303,20493,20503,10
13.06072044,80.24294281,20503,20513,10
13.06015968,80.24275208,20513,20523,10
13.0592804,80.24252319,20523,20533,10
13.05885029,80.24256134,20533,20543,10
13.05877972,80.24255371,20543,20554,11
13.05825996,80.24266815,20554,20564,10
13.05739975,80.24279022,20564,20574,10
13.05659962,80.24265289,20574,20584,10
13.05599976,80.24234009,20584,20594,10
13.0551796,80.24227905,20594,20604,10
13.05383968,80.24224854,20604,20624,20
13.05383968,80.24224854,20624,20634,10
13.05354023,80.24208832,20634,20644,10
13.05286026,80.24182129,20644,20654,10
13.0522604,80.24130249,20654,20665,11
13.05200958,80.24088287,20665,20681,16
13.05148029,80.2406311,20681,20693,12
13.05076027,80.24049377,20693,20702,9
13.0500803,80.24034882,20702,20713,11
13.04932022,80.24017334,20713,20723,10
13.04852009,80.24001312,20723,20733,10
13.04761982,80.23983765,20733,20743,10
13.0467701,80.23964691,20743,20753,10
13.04621983,80.23937988,20753,20764,11
13.0464201,80.2387619,20764,20773,9
13.04658031,80.23800659,20773,20784,11
13.04679966,80.23709869,20784,20794,10
13.04693985,80.23638916,20794,20804,10
13.04701042,80.23602295,20804,20814,10
13.04706001,80.23565674,20814,20824,10
13.0471096,80.23526764,20824,20834,10
13.04722023,80.23451996,20834,20844,10
13.04732037,80.23361969,20844,20854,10
13.04728985,80.233078,20854,20864,10
13.04697037,80.23300934,20864,20881,17
13.04563999,80.23274994,20881,20893,12
13.04520035,80.23265839,20893,20903,10
13.04491997,80.23258972,20903,20912,9
13.04421997,80.23243713,20912,20923,11
13.04314995,80.23233032,20923,20933,10
13.04230976,80.23230743,20933,20943,10
13.04139996,80.23214722,20943,20953,10
13.04034996,80.23181152,20953,20963,10
13.03942013,80.23155975,20963,20972,9
13.03849983,80.23127747,20972,20984,12
13.03713989,80.23088074,20984,20994,10
13.03629971,80.23066711,20994,21004,10
13.03542042,80.23039246,21004,21014,10
13.03487015,80.23032379,21014,21024,10
13.0340004,80.23045349,21024,21044,20
13.0340004,80.23045349,21044,21054,10
13.03388023,80.23043823,21054,21064,10
13.03365993,80.2304306,21064,21074,10
13.03322029,80.23046875,21074,21085,11
13.03236961,80.23053741,21085,21095,10
13.03135014,80.2306366,21095,21105,10
13.03059959,80.23071289,21105,21114,9
13.02995014,80.23078156,21114,21124,10
13.02952003,80.23084259,21124,21135,11
13.02879047,80.23090363,21135,21145,10
13.02799988,80.23098755,21145,21155,10
13.02762032,80.23116302,21155,21164,9
13.0276804,80.23165894,21164,21174,10
13.0278101,80.23240662,21174,21186,12
13.02744961,80.23287964,21186,21196,10
13.02670956,80.23298645,21196,21236,40
13.02670956,80.23298645,21236,21246,10
13.02643967,80.23291779,21246,21256,10
13.02620983,80.23236084,21256,21266,10
13.02598,80.23146057,21266,21276,10
13.02558041,80.23036194,21276,21286,10
13.02490997,80.22936249,21286,21297,11
13.02420044,80.22850037,21297,21307,10
13.0240202,80.22830963,21307,21317,10
13.02392006,80.22814178,21317,21327,10
13.02353954,80.22772217,21327,21337,10
13.02299023,80.22715759,21337,21347,10
13.02225971,80.22647858,21347,21356,9
13.02153015,80.22589874,21356,21367,11
13.02064037,80.22524261,21367,21377,10
13.01980972,80.22467041,21377,21387,10
13.01875973,80.22447205,21387,21398,11
13.01756954,80.2249527,21398,21408,10
13.01673031,80.22530365,21408,21418,10
13.01616001,80.22538757,21418,21428,10
13.01562977,80.22572327,21428,21438,10
13.01494026,80.22601318,21438,21448,10
13.01484966,80.22605896,21448,21458,10
13.01449013,80.22615051,21458,21468,10
13.01375961,80.22644043,21468,21478,10
13.0127697,80.22683716,21478,21488,10
13.01179981,80.22725677,21488,21498,10
13.01074028,80.22766113,21498,21509,11
13.00959015,80.22814178,21509,21519,10
13.0090704,80.22889709,21519,21529,10
13.00885963,80.23002625,21529,21539,10
13.00864029,80.2312088,21539,21549,10
13.00841999,80.23238373,21549,21559,10
13.0082798,80.23342133,21559,21569,10
13.00823975,80.23358917,21569,21579,10
13.0081501,80.23381805,21579,21589,10
13.0080204,80.23445129,21589,21599,10
13.00784016,80.23538208,21599,21610,11
13.0075798,80.23664856,21610,21620,10
13.00736046,80.23783112,21620,21630,10
13.00716019,80.23889923,21630,21640,10
13.00699043,80.23985291,21640,21650,10
13.00693035,80.24028015,21650,21660,10
13.00689983,80.2407074,21660,21670,10
13.00687027,80.2407608,21670,21680,10
13.0067997,80.24124146,21680,21690,10
13.00675011,80.24211884,21690,21700,10
13.00669956,80.24317932,21700,21710,10
13.00669956,80.24427795,21710,21721,11
13.00671005,80.24559784,21721,21731,10
13.00675011,80.24674988,21731,21741,10
13.00673962,80.24781799,21741,21751,10
13.00677967,80.24880981,21751,21761,10
13.00687981,80.24945831,21761,21771,10
13.00687981,80.24948883,21771,21781,10
13.00685978,80.24952698,21781,21791,10
13.00683975,80.25000763,21791,21801,10
13.0067997,80.25080109,21801,21811,10
13.00673008,80.25169373,21811,21822,11
13.00654984,80.2527771,21822,21832,10
13.00654984,80.25389862,21832,21842,10
13.00662041,80.25485229,21842,21852,10
13.00662041,80.25508881,21852,21862,10
13.00660038,80.25553894,21862,21872,10
13.00660038,80.25637817,21872,21882,10
13.00664043,80.25727081,21882,21892,10
13.00667,80.25743103,21892,21902,10
13.00658035,80.25752258,21902,21912,10
13.00611019,80.25753021,21912,21922,10
13.00531006,80.25733185,21922,21933,11
13.00421047,80.25705719,21933,21943,10
13.00316048,80.25682831,21943,21953,10
13.00224972,80.25666809,21953,21963,10
13.00158024,80.25656891,21963,21973,10
13.00088024,80.25647736,21973,21982,9
13.0002203,80.25637054,21982,21993,11
13.00008965,80.25634003,21993,22003,10
12.99960041,80.25624084,22003,22013,10
12.99884987,80.25608826,22013,22023,10
12.99814987,80.25598145,22023,22034,11
12.99765968,80.25592804,22034,22044,10
12.99734974,80.25592041,22044,22054,10
12.99697018,80.25596619,22054,22064,10
12.99689007,80.2564621,22064,22074,10
12.99683952,80.25697327,22074,22084,10
12.99682999,80.25705719,22084,22094,10
12.99676991,80.25756073,22094,22104,10
12.9966898,80.25836182,22104,22114,10
12.99658012,80.25932312,22114,22124,10
12.99647999,80.26033783,22124,22135,11
12.9963398,80.26152802,22135,22145,10
12.99627972,80.26212311,22145,22155,10
12.99623966,80.26242065,22155,22165,10
12.99619961,80.26258087,22165,22175,10
12.99612999,80.26319885,22175,22185,10
12.99604034,80.2640686,22185,22195,10
12.99594021,80.2649765,22195,22205,10
12.99582005,80.26599884,22205,22215,10
12.99569988,80.26708221,22215,22225,10
12.99580002,80.26770782,22225,22235,10
12.99612045,80.26773071,22235,22246,11
12.99627018,80.26776123,22246,22256,10
12.99687958,80.2677536,22256,22266,10
12.99777985,80.26750946,22266,22276,10
12.9987402,80.26724243,22276,22286,10
12.99950027,80.26699829,22286,22296,10
13.00002956,80.26673126,22296,22306,10
13.00012016,80.26663208,22306,22316,10
13.00018024,80.26644897,22316,22326,10
13.0002203,80.26603699,22326,22336,10
13.00026035,80.26577759,22336,22347,11
13.00034046,80.26589203,22347,22357,10
13.00028992,80.26609802,22357,22740,383
13.00028992,80.26609802,22740,22750,10
13.00032043,80.26618958,22750,22760,10
13.00030041,80.26634979,22760,22770,10
13.00030041,80.26654053,22770,22781,11
13.00028992,80.26660156,22781,22791,10
13.00014973,80.26685333,22791,22801,10
12.99956989,80.26699829,22801,22811,10
12.99890041,80.26719666,22811,22821,10
12.99827957,80.26735687,22821,22831,10
12.99790001,80.26747131,22831,22841,10
12.99717045,80.2677002,22841,22851,10
12.99639034,80.26777649,22851,22861,10
12.99577045,80.26772308,22861,22871,10
12.99565983,80.26746368,22871,22882,11
12.99565983,80.26744843,22882,22892,10
12.99567986,80.26725006,22892,22902,10
12.99575996,80.26679993,22902,22912,10
12.99584961,80.26605225,22912,22922,10
12.99596024,80.26515961,22922,22932,10
12.99604988,80.26429749,22932,22942,10
12.99613953,80.26348114,22942,22952,10
12.99619961,80.26286316,22952,22962,10
12.99623966,80.2623291,22962,22972,10
12.99631977,80.26180267,22972,22982,10
12.99637985,80.26127625,22982,22993,11
12.99648952,80.26038361,22993,23003,10
12.9965601,80.25959778,23003,23013,10
12.99664021,80.25884247,23013,23023,10
12.99670029,80.25816345,23023,23033,10
12.9967804,80.25740051,23033,23043,10
12.99685955,80.25660706,23043,23053,10
12.99693966,80.25595856,23053,23073,20
12.99693966,80.25595856,23073,23083,10
12.99707985,80.25582886,23083,23094,11
12.99757004,80.25588226,23094,23104,10
12.99824047,80.25592804,23104,23114,10
12.99847031,80.25598145,23114,23124,10
12.99880028,80.25601196,23124,23134,10
12.99888039,80.25602722,23134,23144,10
12.99938011,80.2561264,23144,23154,10
13.0002203,80.25630188,23154,23164,10
13.00102997,80.2564621,23164,23174,10
13.00175953,80.25659943,23174,23184,10
13.0025301,80.2567215,23184,23194,10
13.00323963,80.2568512,23194,23205,11
13.00407028,80.25701904,23205,23215,10
13.00477982,80.25715637,23215,23231,16
13.00607014,80.25737762,23231,23243,12
13.00648022,80.25691986,23243,23253,10
13.00650024,80.25598145,23253,23263,10
13.00656033,80.25508118,23263,23273,10
13.0065403,80.25424194,23273,23283,10
13.00654984,80.25331116,23283,23290,7
13.00654984,80.2532196,23290,23303,13
13.00656033,80.25260925,23303,23314,11
13.00669003,80.25173187,23314,23324,10
13.0067997,80.25090027,23324,23334,10
13.0067997,80.2496109,23334,23343,9
13.00673962,80.24871826,23343,23354,11
13.00669956,80.2482605,23354,23363,9
13.00667,80.24804688,23363,23374,11
13.00667,80.24756622,23374,23384,10
13.00667953,80.24716187,23384,23394,10
13.00664043,80.24674225,23394,23404,10
13.00662041,80.24655914,23404,23415,11
13.00667953,80.24594116,23415,23425,10
13.00666046,80.24514771,23425,23435,10
13.00662994,80.24442291,23435,23445,10
13.00662994,80.24385834,23445,23455,10
13.00662041,80.24327087,23455,23465,10
13.00660038,80.24249268,23465,23475,10
13.00660992,80.24143219,23475,23485,10
13.00671005,80.2405014,23485,23495,10
13.0068903,80.23956299,23495,23505,10
13.00706005,80.23867035,23505,23515,10
13.00726032,80.23770142,23515,23526,11
13.00739956,80.2368927,23526,23536,10
13.00743008,80.23674774,23536,23546,10
13.00753975,80.23641968,23546,23556,10
13.00769997,80.23578644,23556,23566,10
13.00786972,80.23497009,23566,23576,10
13.00809002,80.23390198,23576,23586,10
13.00831985,80.23268127,23586,23596,10
13.00856018,80.23143005,23596,23606,10
13.00879002,80.23026276,23606,23616,10
13.00901985,80.22910309,23616,23627,11
13.00936031,80.22783661,23627,23637,10
13.00984955,80.22676086,23637,23647,10
13.01033974,80.22569275,23647,23657,10
13.01086044,80.224617,23657,23667,10
13.01126003,80.22367859,23667,23677,10
13.0113802,80.22332001,23677,23687,10
13.01161957,80.22276306,23687,23697,10
13.01191998,80.22186279,23697,23707,10
13.01239967,80.22162628,23707,23717,10
13.01284981,80.22226715,23717,23727,10
13.01356983,80.22299957,23727,23738,11
13.0143404,80.22389984,23738,23749,11
13.01513958,80.22473907,23749,23759,10
13.01558018,80.22505188,23759,23769,10
13.01558971,80.2250824,23769,23779,10
13.01587963,80.22531891,23779,23789,10
13.01663971,80.22528076,23789,23799,10
13.01762962,80.22489166,23799,23809,10
13.01867008,80.22447205,23809,23819,10
13.01978016,80.22460938,23819,23840,21
13.01978016,80.22460938,23840,23850,10
13.01980019,80.22463989,23850,23860,10
13.02015018,80.2248764,23860,23870,10
13.02079964,80.22531891,23870,23880,10
13.02138042,80.22576904,23880,23890,10
13.02188015,80.22606659,23890,23910,20
13.02188015,80.22606659,23910,23920,10
13.02194023,80.22615814,23920,23930,10
13.02233982,80.22650146,23930,23940,10
13.02299023,80.2270813,23940,23951,11
13.02381039,80.22783661,23951,23961,10
13.02433014,80.22841644,23961,23971,10
13.02464008,80.22888184,23971,23981,10
13.02505016,80.22943115,23981,23991,10
13.02560043,80.2301712,23991,24001,10
13.02595997,80.23095703,24001,24011,10
13.0260601,80.23132324,24011,24021,10
13.02657986,80.23121643,24021,24031,10
13.0274601,80.23101807,24031,24041,10
13.02828979,80.23090363,24041,24051,10
13.02849007,80.23088837,24051,24062,11
13.02886009,80.23085022,24062,24072,10
13.02921963,80.23084259,24072,24082,10
13.02943993,80.2308197,24082,24092,10
13.02970982,80.23079681,24092,24102,10
13.03038979,80.23074341,24102,24112,10
13.03063965,80.23072052,24112,24122,10
13.0309,80.23071289,24122,24132,10
13.03143978,80.23065948,24132,24142,10
13.03219986,80.23059845,24142,24152,10
13.03306007,80.23052979,24152,24162,10
13.03374004,80.23049164,24162,24173,11
13.03396034,80.23046875,24173,24183,10
13.03431988,80.23040009,24183,24203,20
13.03431988,80.23040009,24203,24213,10
13.03470993,80.23033905,24213,24223,10
13.03493977,80.23059082,24223,24233,10
13.03493977,80.23062134,24233,24243,10
13.03495979,80.23100281,24243,24253,10
13.03483963,80.23169708,24253,24263,10
13.03470993,80.23267365,24263,24274,11
13.03460026,80.23343658,24274,24284,10
13.03448009,80.23430634,24284,24294,10
13.03439045,80.23532104,24294,24304,10
13.03427982,80.23610687,24304,24314,10
13.03423977,80.23686981,24314,24324,10
13.03427029,80.23724365,24324,24334,10
13.03429985,80.23737335,24334,24344,10
13.0345602,80.23786926,24344,24354,10
13.03497982,80.23854828,24354,24364,10
13.03542042,80.23927307,24364,24375,11
13.03616047,80.23944092,24375,24385,10
13.03705978,80.2395401,24385,24395,10
13.03798008,80.23964691,24395,24405,10
13.03886032,80.23976135,24405,24415,10
13.03975964,80.23988342,24415,24425,10
13.04032993,80.23996735,24425,24435,10
13.04039001,80.24043274,24435,24445,10
13.04090977,80.24057007,24445,24455,10
13.0410099,80.24060822,24455,24465,10
13.04133034,80.24064636,24465,24475,10
13.04197025,80.24073029,24475,24486,11
13.04308033,80.24088287,24486,24496,10
13.04409981,80.2408905,24496,24506,10
13.04485035,80.2403717,24506,24516,10
13.04549026,80.23995972,24516,24526,10
13.04615021,80.23951721,24526,24536,10
13.04658031,80.23961639,24536,24546,10
13.04660988,80.2396698,24546,24556,10
13.04708004,80.23976135,24556,24566,10
13.04786968,80.2399292,24566,24576,10
13.0487299,80.24008942,24576,24587,11
13.04971981,80.24028015,24587,24597,10
13.05058956,80.24046326,24597,24607,10
13.05123997,80.2405777,24607,24617,10
13.05125999,80.24059296,24617,24627,10
13.05163956,80.24067688,24627,24637,10
13.05222034,80.24082184,24637,24647,10
13.05253983,80.2412262,24647,24657,10
13.05292034,80.24179077,24657,24667,10
13.05368996,80.24212646,24667,24677,10
13.05405998,80.24224854,24677,24687,10
13.05410957,80.24226379,24687,24698,11
13.05461979,80.24234009,24698,24708,10
13.05531979,80.24224854,24708,24718,10
13.05609989,80.24240112,24718,24728,10
13.05677032,80.24260712,24728,24758,30
13.05677032,80.24260712,24758,24768,10
13.05702019,80.2427063,24768,24778,10
13.05733013,80.24282074,24778,24788,10
13.05772018,80.24276733,24788,24799,11
13.0578804,80.24276733,24799,24809,10
13.05844021,80.24262238,24809,24819,10
13.05926991,80.24249268,24819,24829,10
13.06004047,80.24269104,24829,24839,10
13.06083012,80.24298096,24839,24849,10
13.0615797,80.24318695,24849,24859,10
13.06184006,80.24324036,24859,24869,10
13.06206036,80.2432785,24869,24879,10
13.06245995,80.24334717,24879,24889,10
13.06252003,80.24336243,24889,24899,10
13.06291008,80.24343872,24899,24910,11
13.06365967,80.24352264,24910,24920,10
13.06427956,80.2435379,24920,24930,10
13.06505966,80.24356079,24930,24940,10
13.06587982,80.24350739,24940,24950,10
13.06680965,80.24318695,24950,24960,10
13.06766033,80.24282837,24960,24970,10
13.06851959,80.24259186,24970,24980,10
13.06937027,80.24220276,24980,24997,17
13.07009029,80.24204254,24997,25008,11
13.07021999,80.24205017,25008,25019,11
13.07069969,80.24189758,25019,25029,10
13.07145977,80.24163055,25029,25039,10
13.07240009,80.24108887,25039,25049,10
13.07330036,80.24073792,25049,25058,9
13.07390976,80.24056244,25058,25070,12
13.07514,80.24049377,25070,25080,10
13.07618046,80.24047852,25080,25090,10
13.07689953,80.24060059,25090,25100,10
13.07715988,80.2403717,25100,25110,10
13.07709026,80.23983765,25110,25121,11
13.07689953,80.23898315,25121,25131,10
13.07670021,80.23822784,25131,25141,10
13.07658958,80.23773193,25141,25151,10
13.07649994,80.23744202,25151,25161,10
13.0764904,80.23738861,25161,25171,10
13.07643032,80.2371521,25171,25181,10
13.07631969,80.23651123,25181,25191,10
13.07618999,80.23567963,25191,25201,10
13.07600975,80.23477936,25201,25211,10
13.07584,80.23401642,25211,25252,41
13.07584,80.23401642,25252,25262,10
13.07602024,80.23375702,25262,25272,10
13.07618046,80.23374939,25272,25282,10
13.07666969,80.23368835,25282,25292,10
13.07676029,80.23368073,25292,25302,10
13.07701969,80.23368073,25302,25312,10
13.07775021,80.23358154,25312,25322,10
13.07863045,80.23352814,25322,25333,11
13.07944012,80.23349762,25333,25343,10
13.08014965,80.23351288,25343,25353,10
13.08034039,80.23351288,25353,25363,10
13.08053017,80.2335434,25363,25373,10
13.08092022,80.23355103,25373,25383,10
13.08166981,80.23356628,25383,25393,10
13.0820303,80.23316956,25393,25403,10
13.08220005,80.23233795,25403,25413,10
13.08246994,80.23150635,25413,25423,10
13.08259964,80.23123169,25423,25433,10
13.08281994,80.23074341,25433,25444,11
13.08314037,80.2308197,25444,25454,10
13.08318996,80.2314682,25454,25464,10
13.08323956,80.23249054,25464,25474,10
13.0834198,80.23345947,25474,25484,10
13.08380032,80.23390961,25484,25494,10
13.08403015,80.23396301,25494,25504,10
13.08419991,80.23401642,25504,25514,10
13.08450031,80.23410034,25514,25524,10
13.08518028,80.23425293,25524,25534,10
13.08588982,80.23442078,25534,25545,11
13.08650017,80.23454285,25545,25555,10
13.08697987,80.23457336,25555,25565,10
13.08767986,80.23452759,25565,25575,10
13.08798981,80.23391724,25575,25585,10
13.08810997,80.233078,25585,25595,10
13.0883503,80.23206329,25595,25605,10
13.08856964,80.23126221,25605,25615,10
13.08885956,80.23062897,25615,25624,9
13.08891964,80.23049927,25624,25635,11
13.08907032,80.23023987,25635,25645,10
13.08936977,80.22962952,25645,25656,11
13.09000969,80.22885132,25656,25666,10
13.09070015,80.22810364,25666,25676,10
13.09125996,80.22747803,25676,25686,10
13.09146023,80.22727203,25686,25696,10
13.09156036,80.22714996,25696,25706,10
13.09200001,80.22672272,25706,25716,10
13.09257984,80.22612,25716,25726,10
13.09317017,80.22553253,25726,25736,10
13.09366989,80.22496796,25736,25746,10
13.09422016,80.22429657,25746,25757,11
13.09482002,80.22345734,25757,25767,10
13.09521961,80.22263336,25767,25777,10
13.09556007,80.22173309,25777,25787,10
13.09587955,80.22087097,25787,25797,10
13.09617996,80.21996307,25797,25807,10
13.09632015,80.21956635,25807,25817,10
13.09644032,80.2193222,25817,25837,20
13.09644032,80.2193222,25837,25847,10
13.09654999,80.21901703,25847,25857,10
13.09677029,80.21832275,25857,25868,11
13.0970602,80.21743774,25868,25878,10
13.09720039,80.21704102,25878,25888,10
13.09729004,80.21685028,25888,25898,10
13.0975399,80.21620941,25898,25908,10
13.09790993,80.21533966,25908,25918,10
13.09831047,80.21440125,25918,25928,10
13.09852982,80.21399689,25928,25938,10
13.09881973,80.21408081,25938,25948,10
13.09928989,80.2142868,25948,25958,10
13.0998497,80.21443939,25958,25969,11
13.10029984,80.21456146,25969,25979,10
13.10033035,80.21456146,25979,25989,10
13.10044956,80.2146225,25989,25999,10
13.10050011,80.21463776,25999,26009,10
13.10060024,80.21482086,26009,26019,10
13.10033035,80.21539307,26019,26029,10
13.10009003,80.21592712,26029,26039,10
13.09988976,80.21589661,26039,26049,10
13.10006046,80.21552277,26049,26059,10
13.10033989,80.21489716,26059,27696,1637
13.10033989,80.21489716,27696,27706,10
13.10035992,80.2147522,27706,27716,10
13.10029984,80.21456909,27716,27726,10
13.10006046,80.21443939,27726,27736,10
13.09980965,80.21437836,27736,27746,10
13.09963989,80.21434784,27746,27756,10
13.09918976,80.21421814,27756,27766,10
13.09891033,80.21411896,27766,27777,11
13.09862041,80.21398926,27777,27787,10
13.09834003,80.21439362,27787,27797,10
13.09803963,80.21508789,27797,27807,10
13.09772015,80.2158432,27807,27817,10
13.0974102,80.21656799,27817,27827,10
13.09733963,80.21674347,27827,27837,10
13.09729004,80.21681976,27837,27847,10
13.09714031,80.21723938,27847,27857,10
13.09689045,80.21795654,27857,27867,10
13.09661961,80.21878052,27867,27877,10
13.09634972,80.21955872,27877,27888,11
13.09603977,80.22045898,27888,27898,10
13.09576988,80.22122955,27898,27908,10
13.09556961,80.22186279,27908,27918,10
13.09537029,80.22241974,27918,27928,10
13.0953598,80.22242737,27928,27938,10
13.09527969,80.22267914,27938,27948,10
13.09502029,80.22322083,27948,27958,10
13.09459019,80.22389221,27958,27968,10
13.0941,80.22454834,27968,27978,10
13.09372044,80.22499084,27978,27988,10
13.09372044,80.22499847,27988,27999,11
13.09348011,80.22525024,27999,28009,10
13.09307003,80.22566223,28009,28019,10
13.09253979,80.22621155,28019,28029,10
13.09193039,80.2268219,28029,28039,10
13.09119987,80.22762299,28039,28059,20
13.09119987,80.22762299,28059,28069,10
13.0910902,80.22773743,28069,28079,10
13.09078979,80.22808075,28079,28089,10
13.09029961,80.22859955,28089,28100,11
13.08967972,80.22927094,28100,28110,10
13.0892601,80.22994995,28110,28120,10
13.08911991,80.23023987,28120,28130,10
13.08882999,80.23091888,28130,28160,30
13.08882999,80.23091888,28160,28170,10
13.08868027,80.23124695,28170,28180,10
13.08850002,80.23178101,28180,28190,10
13.08829975,80.23246002,28190,28200,10
13.08812046,80.23326111,28200,28211,11
13.08802032,80.23406219,28211,28221,10
13.08771992,80.23455811,28221,28231,10
13.08753967,80.23464203,28231,28320,89
13.08753967,80.23464203,28320,28330,10
13.08732033,80.23458862,28330,28340,10
13.0868597,80.23455811,28340,28350,10
13.0864296,80.23451233,28350,28360,10
13.08603954,80.23445129,28360,28369,9
13.08586979,80.23438263,28369,28379,10
13.08539963,80.23426056,28379,28390,11
13.08465958,80.23406219,28390,28400,10
13.08399963,80.23388672,28400,28410,10
13.08372974,80.23384094,28410,28421,11
13.08345032,80.23378754,28421,28431,10
13.08294964,80.2337265,28431,28441,10
13.08238029,80.2335968,28441,28461,20
13.08238029,80.2335968,28461,28471,10
13.08199024,80.23349762,28471,28481,10
13.08139992,80.23345947,28481,28491,10
13.08067036,80.23342896,28491,28501,10
13.07956028,80.23345947,28501,28522,21
13.07956028,80.23345947,28522,28532,10
13.07913971,80.23349762,28532,28542,10
13.07855034,80.23355865,28542,28552,10
13.07785988,80.23355103,28552,28562,10
13.07728004,80.23361206,28562,28572,10
13.07614994,80.23377228,28572,28592,20
13.07614994,80.23377228,28592,28602,10
13.07584,80.23377991,28602,28612,10
13.07590008,80.23429871,28612,28622,10
13.07606983,80.23506165,28622,28633,11
13.07627964,80.23605347,28633,28643,10
13.07651043,80.23725891,28643,28673,30
13.07651043,80.23725891,28673,28683,10
13.07654953,80.23754883,28683,28693,10
13.07662964,80.23787689,28693,28703,10
13.07672024,80.23840332,28703,28713,10
13.07691956,80.23915863,28713,28723,10
13.07715034,80.2401123,28723,28732,9
13.07734966,80.24095917,28732,28744,12
13.07754993,80.24194336,28744,28754,10
13.07773018,80.24289703,28754,28764,10
13.07783985,80.24381256,28764,28774,10
13.07781982,80.24453735,28774,28784,10
13.07789993,80.2454071,28784,28794,10
13.07798004,80.2463913,28794,28804,10
13.07816982,80.24738312,28804,28814,10
13.07837963,80.24838257,28814,28824,10
13.07859039,80.24915314,28824,28834,10
13.07872009,80.24993896,28834,28845,11
13.07847977,80.2507019,28845,28855,10
13.07855988,80.25140381,28855,28865,10
13.07828999,80.25164032,28865,28875,10
13.0776701,80.25177002,28875,28885,10
13.07678032,80.25195313,28885,28895,10
13.07577991,80.25211334,28895,28905,10
13.07485962,80.25216675,28905,28915,10
13.07406998,80.25222015,28915,28925,10
13.07347012,80.25240326,28925,28935,10
13.07275963,80.25231171,28935,28945,10
13.07217979,80.2517395,28945,28956,11
13.07201958,80.25076294,28956,28966,10
13.07170963,80.24971008,28966,28976,10
13.07149982,80.24865723,28976,28986,10
13.07118988,80.24758148,28986,28996,10
13.07071018,80.24656677,28996,29006,10
13.07026005,80.2456131,29006,29015,9
13.06987953,80.24472046,29015,29026,11
13.06951046,80.24375916,29026,29036,10
13.06933022,80.2432785,29036,29046,10
13.06931973,80.24327087,29046,29057,11
13.06927967,80.24308777,29057,29067,10
13.06919003,80.24259949,29067,29077,10
13.06879997,80.24247742,29077,29087,10
13.06830025,80.24262238,29087,29097,10
13.06758022,80.24285126,29097,29107,10
13.06688023,80.24318695,29107,29117,10
13.06626034,80.24350739,29117,29127,10
13.06616974,80.24398041,29127,29137,10
13.06622028,80.24456787,29137,29147,10
13.06628036,80.24507141,29147,29157,10
13.06637955,80.24564362,29157,29168,11
13.06684017,80.24606323,29168,29178,10
13.06783962,80.24661255,29178,29198,20
13.06783962,80.24661255,29198,29208,10
13.06785965,80.24667358,29208,29218,10
13.06787968,80.24706268,29218,29228,10
13.06783962,80.24774933,29228,29238,10
13.06727982,80.24790955,29238,29247,9
13.06669998,80.24786377,29247,29257,10
13.06661987,80.24784851,29257,29269,12
13.0661602,80.24784088,29269,29279,10
13.06546021,80.24772644,29279,29289,10
13.06457043,80.24771118,29289,29299,10
13.06365967,80.24764252,29299,29308,9
13.06291008,80.247612,29308,29319,11
13.06217003,80.24759674,29319,29329,10
13.06145954,80.24716187,29329,29339,10
13.06169987,80.24667358,29339,29349,10
13.06194019,80.24603271,29349,29359,10
13.06235981,80.24504852,29359,29369,10
13.06305981,80.24449921,29369,29380,11
13.06324005,80.24424744,29380,29390,10
13.06326962,80.24420929,29390,29400,10
13.06344986,80.2438736,29400,29410,10
13.06328011,80.24349976,29410,29420,10
13.06289005,80.24340057,29420,29430,10
13.06260967,80.24336243,29430,29440,10
13.0622797,80.2432785,29440,29450,10
13.06173992,80.24317169,29450,29460,10
13.06142044,80.24310303,29460,29470,10
13.06120968,80.24305725,29470,29481,11
13.06062984,80.24288177,29481,29491,10
13.06015015,80.2427063,29491,29501,10
13.05943966,80.24247742,29501,29511,10
13.0588398,80.24252319,29511,29521,10
13.05877018,80.24253082,29521,29531,10
13.05848026,80.24259186,29531,29549,18
13.05723953,80.2427597,29549,29561,12
13.05615997,80.24240112,29561,29571,10
13.05527973,80.24221802,29571,29581,10
13.05443954,80.24234009,29581,29592,11
13.05381966,80.24223328,29592,29611,19
13.05381966,80.24223328,29611,29622,11
13.05366039,80.24215698,29622,29632,10
13.05323982,80.24195862,29632,29642,10
13.05263042,80.24172974,29642,29652,10
13.05214024,80.24108887,29652,29662,10
13.05193043,80.24078369,29662,29672,10
13.05163956,80.24063873,29672,29682,10
13.05125999,80.24053955,29682,29693,11
13.05099964,80.2405014,29693,29703,10
13.05091953,80.24049377,29703,29713,10
13.05080986,80.24046326,29713,29723,10
13.05033016,80.24037933,29723,29733,10
13.04961967,80.24021912,29733,29743,10
13.04883003,80.24004364,29743,29753,10
13.04804039,80.23988342,29753,29763,10
13.04726028,80.23972321,29763,29773,10
13.04650021,80.2395401,29773,29783,10
13.04633045,80.23927307,29783,29793,10
13.04646015,80.23866272,29793,29804,11
13.04666042,80.23773193,29804,29814,10
13.04685974,80.23680115,29814,29824,10
13.0469799,80.23615265,29824,29834,10
13.04705048,80.23578644,29834,29844,10
13.04708958,80.23552704,29844,29854,10
13.04716015,80.23503876,29854,29864,10
13.04724979,80.23430634,29864,29874,10
13.04734039,80.23358154,29874,29884,10
13.04722977,80.23303986,29884,29894,10
13.0466404,80.23291779,29894,29905,11
13.04574013,80.23269653,29905,29915,10
13.04526043,80.23256683,29915,29925,10
13.0452404,80.23258209,29925,29935,10
13.04487991,80.23251343,29935,29945,10
13.04417992,80.23236084,29945,29955,10
13.04343033,80.23226929,29955,29965,10
13.04275036,80.23226166,29965,29975,10
13.04203987,80.23226166,29975,29985,10
13.04125977,80.23209381,29985,29995,10
13.04041958,80.23175812,29995,30005,10
13.0396204,80.23155975,30005,30016,11
13.03855991,80.23124695,30016,30026,10
13.03767967,80.23101044,30026,30036,10
13.03687954,80.23078156,30036,30046,10
13.03660011,80.23068237,30046,30056,10
13.03592968,80.23046875,30056,30066,10
13.03518009,80.23026276,30066,30147,81
13.03518009,80.23026276,30147,30157,10
13.03466988,80.2302475,30157,30167,10
13.03409004,80.23040009,30167,30177,10
13.03351974,80.23043823,30177,30197,20
13.03351974,80.23043823,30197,30207,10
13.03328037,80.23046112,30207,30217,10
13.03271961,80.23049927,30217,30228,11
13.03194046,80.23059082,30228,30238,10
13.03116989,80.23066711,30238,30248,10
13.03059959,80.23072052,30248,30258,10
13.02980042,80.2308197,30258,30278,20
13.02980042,80.2308197,30278,30288,10
13.02966022,80.23084259,30288,30298,10
13.02952957,80.23085785,30298,30308,10
13.0291996,80.23085785,30308,30318,10
13.02863979,80.23091125,30318,30328,10
13.02797985,80.23097992,30328,30339,11
13.02772045,80.2312088,30339,30349,10
13.02775002,80.23178864,30349,30359,10
13.02783966,80.23249054,30359,30369,10
13.02766991,80.23284149,30369,30379,10
13.02702045,80.2329483,30379,30389,10
13.02674961,80.23297119,30389,30399,10
13.0264101,80.23274231,30399,30409,10
13.02620029,80.23207092,30409,30419,10
13.02595997,80.23119354,30419,30429,10
13.02554989,80.23018646,30429,30440,11
13.02486038,80.22927856,30440,30450,10
13.0240097,80.22825623,30450,30470,20
13.0240097,80.22825623,30470,30480,10
13.02398014,80.22814941,30480,30490,10
13.02375031,80.22788239,30490,30500,10
13.02334023,80.22747803,30500,30510,10
13.02276039,80.22692871,30510,30520,10
13.02202988,80.22628021,30520,30530,10
13.02128029,80.22570038,30530,30540,10
13.02064991,80.22522736,30540,30551,11
13.02009964,80.22486115,30551,30567,16
13.01968002,80.22460175,30567,30579,12
13.01883984,80.2244873,30579,30588,9
13.01809978,80.22477722,30588,30598,10
13.01694012,80.22525024,30598,30610,12
13.01587963,80.22564697,30610,30620,10
13.01496029,80.22602844,30620,30630,10
13.01424026,80.2263031,30630,30650,20
13.01424026,80.2263031,30650,30661,11
13.01412964,80.22634125,30661,30671,10
13.01368046,80.22650146,30671,30681,10
13.01298046,80.22676849,30681,30691,10
13.01208973,80.22712708,30691,30701,10
13.01105976,80.22753906,30701,30711,10
13.01008034,80.22795105,30711,30721,10
13.00926971,80.22836304,30721,30731,10
13.00901985,80.22924805,30731,30741,10
13.00885963,80.23004913,30741,30751,10
13.00876999,80.23062897,30751,30762,11
13.0087204,80.23092651,30762,30782,20
13.0087204,80.23092651,30782,30792,10
13.00868034,80.23104858,30792,30802,10
13.00858021,80.23158264,30802,30812,10
13.00844002,80.23236084,30812,30822,10
13.00821972,80.23365784,30822,30841,19
13.00821972,80.23365784,30841,30851,10
13.00817013,80.23374176,30851,30862,11
13.00806046,80.23422241,30862,30873,11
13.0079298,80.23484039,30873,30883,10
13.00788975,80.23503876,30883,30893,10
13.00780964,80.2354126,30893,30903,10
13.0076704,80.23612213,30903,30913,10
13.00747967,80.23709869,30913,30923,10
13.00728035,80.23822021,30923,30933,10
13.00708961,80.23918915,30933,30943,10
13.00683022,80.24073029,30943,30963,20
13.00683022,80.24073029,30963,30974,11
13.00675011,80.24102783,30974,30984,10
13.00669956,80.24176025,30984,30994,10
13.00669956,80.24265289,30994,31004,10
13.00667,80.24356842,31004,31014,10
13.00667,80.24452972,31014,31024,10
13.00667953,80.24543762,31024,31034,10
13.00671959,80.24626923,31034,31043,9
13.00675011,80.24703979,31043,31053,10
13.00673008,80.24790955,31053,31064,11
13.00677013,80.24878693,31064,31074,10
13.00687027,80.24935913,31074,31085,11
13.00687027,80.24964142,31085,31095,10
13.00685978,80.24976349,31095,31105,10
13.00681019,80.25023651,31105,31115,10
13.00681019,80.25097656,31115,31125,10
13.00669956,80.25177002,31125,31135,10
13.00652981,80.25269318,31135,31145,10
13.0065403,80.2536087,31145,31155,10
13.00656033,80.25456238,31155,31165,10
13.00662041,80.25520325,31165,31175,10
13.00662041,80.25521088,31175,31185,10
13.00660992,80.25524902,31185,31196,11
13.00658989,80.2557373,31196,31206,10
13.00658989,80.25650787,31206,31216,10
13.00666046,80.25733948,31216,31317,101
13.00666046,80.25733948,31317,31327,10
13.00671959,80.25758362,31327,31337,10
13.00617027,80.25759125,31337,31347,10
13.0053997,80.25740051,31347,31357,10
13.00459003,80.25717926,31357,31367,10
13.00374985,80.25697327,31367,31377,10
13.00298977,80.25679779,31377,31387,10
13.00220013,80.25665283,31387,31397,10
13.00140953,80.25653839,31397,31408,11
13.00051022,80.25640106,31408,31418,10
13.00010967,80.25634003,31418,31428,10
13.00006962,80.25630951,31428,31438,10
12.99969959,80.25627136,31438,31448,10
12.99911022,80.25614166,31448,31458,10
12.9986496,80.25604248,31458,31468,10
12.99779987,80.25595093,31468,31488,20
12.99779987,80.25595093,31488,31498,10
12.99738026,80.2559433,31498,31508,10
12.99697971,80.25605774,31508,31525,17
12.99683952,80.25700378,31525,31537,12
12.99682045,80.25708008,31537,31547,10
12.99676991,80.25753021,31547,31556,9
12.99670029,80.25814056,31556,31567,11
12.99658966,80.2591095,31567,31577,10
12.99650955,80.25985718,31577,31587,10
12.99641991,80.26074219,31587,31596,9
12.99633026,80.26158905,31596,31607,11
12.99625969,80.26217651,31607,31618,11
12.99619007,80.26249695,31618,31628,10
12.99617958,80.26268768,31628,31638,10
12.99613953,80.26319122,31638,31648,10
12.99608994,80.26378632,31648,31658,10
12.99602032,80.26452637,31658,31668,10
12.99594021,80.26525879,31668,31678,10
12.99582005,80.26616669,31678,31688,10
12.99571991,80.26709747,31688,31698,10
12.99575996,80.26766968,31698,31708,10
12.99617004,80.26772308,31708,31719,11
12.9962101,80.26773834,31719,31729,10
12.99641037,80.26782227,31729,31739,10
12.99701977,80.26772308,31739,31749,10
12.99783039,80.26753235,31749,31759,10
12.9985199,80.26731873,31759,31769,10
12.9993,80.26705933,31769,31779,10
13.00006962,80.26669312,31779,31799,20
13.00006962,80.26669312,31799,31809,10
13.00010014,80.26663208,31809,31819,10
13.00018024,80.26628876,31819,31829,10
13.00022984,80.26586151,31829,31840,11
13.00035,80.26576233,31840,31850,10
13.00034046,80.26587677,31850,31860,10
13.00024986,80.2664032,31860,32302,442
13.00024986,80.2664032,32302,32312,10
13.00028992,80.26651764,32312,32322,10
13.00030041,80.26673126,32322,32332,10
13.00008965,80.26686096,32332,32342,10
12.99962044,80.26699066,32342,32352,10
12.99946976,80.26702118,32352,32362,10
12.99930954,80.26705933,32362,32373,11
12.99890041,80.26719666,32373,32383,10
12.99827003,80.26737213,32383,32393,10
12.99763966,80.26753998,32393,32403,10
12.9969101,80.2677536,32403,32413,10
12.99617958,80.2677002,32413,32423,10
12.99573994,80.26766968,32423,32433,10
12.99569988,80.26732635,32433,32463,30
12.99569988,80.26732635,32463,32473,10
12.99575996,80.26705933,32473,32484,11
12.99582005,80.26644897,32484,32494,10
12.99590015,80.26573181,32494,32510,16
12.99602985,80.26451111,32510,32522,12
12.99613953,80.26355743,32522,32532,10
12.99623013,80.26252747,32532,32552,20
12.99623013,80.26252747,32552,32562,10
12.99627972,80.2621994,32562,32572,10
12.99633026,80.26171112,32572,32582,10
12.99639988,80.26107788,32582,32593,11
12.99650002,80.26030731,32593,32603,10
12.99656963,80.25939941,32603,32623,20
12.99656963,80.25939941,32623,32633,10
12.99658966,80.2591095,32633,32643,10
12.99666023,80.25855255,32643,32653,10
12.99674988,80.25775146,32653,32663,10
12.99682999,80.25705719,32663,32673,10
12.99685001,80.25660706,32673,32683,10
12.9968996,80.25611877,32683,32714,31
12.99699974,80.25598145,32714,32784,70
12.99699974,80.25598145,32784,32795,11
12.99695969,80.25596619,32795,32805,10
12.99709988,80.25582123,32805,32815,10
12.99746037,80.25585938,32815,32885,70
12.99746037,80.25585938,32885,32895,10
12.99792004,80.25592041,32895,32906,11
12.9988203,80.25602722,32906,32926,20
12.9988203,80.25602722,32926,32936,10
12.99890995,80.25608063,32936,32946,10
12.99913025,80.2561264,32946,32956,10
12.99971962,80.25624847,32956,32966,10
13.00053978,80.25640106,32966,32976,10
13.00142956,80.25655365,32976,32986,10
13.00209999,80.25663757,32986,32996,10
13.00261974,80.25673676,32996,33006,10
13.00302982,80.25682068,33006,33017,11
13.00386047,80.25698853,33017,33027,10
13.0046196,80.25713348,33027,33037,10
13.00547028,80.25727081,33037,33047,10
13.0064497,80.2574234,33047,33077,30
13.0064497,80.2574234,33077,33087,10
13.00660038,80.25740814,33087,33097,10
13.00656986,80.25697327,33097,33107,10
13.0065403,80.25617981,33107,33118,11
13.0065403,80.25523376,33118,33128,10
13.0065403,80.25450134,33128,33138,10
13.00652027,80.25375366,33138,33148,10
13.00652027,80.25325012,33148,33158,10
13.00652027,80.2532196,33158,33168,10
13.00652027,80.25312805,33168,33178,10
13.00656986,80.25240326,33178,33218,40
13.00656986,80.25240326,33218,33229,11
13.00669003,80.25196838,33229,33239,10
13.00677967,80.25135803,33239,33249,10
13.00681973,80.25061035,33249,33259,10
13.00679016,80.24984741,33259,33269,10
13.00677013,80.24954224,33269,33279,10
13.00675964,80.2492218,33279,33289,10
13.00667,80.24835205,33289,33340,51
13.00667,80.24835205,33340,33350,10
13.00667953,80.24812317,33350,33360,10
13.00666046,80.24772644,33360,33370,10
13.00667,80.24712372,33370,33380,10
13.00656986,80.24652863,33380,33400,20
13.00656986,80.24652863,33400,33410,10
13.00664997,80.2463913,33410,33420,10
13.00667953,80.24591827,33420,33430,10
13.00666046,80.24516296,33430,33441,11
13.00666046,80.24414825,33441,33451,10
13.00662994,80.24317932,33451,33461,10
13.00658035,80.24224854,33461,33471,10
13.00656033,80.24169922,33471,33481,10
13.00656033,80.24169159,33481,33491,10
13.00658035,80.24147797,33491,33501,10
13.00664043,80.24098206,33501,33511,10
13.00671959,80.24049377,33511,33521,10
13.00683022,80.23995972,33521,33531,10
13.00695038,80.23928833,33531,33541,10
13.00710964,80.23847961,33541,33552,11
13.00730991,80.23757935,33552,33562,10
13.00739956,80.23686981,33562,33578,16
13.00743008,80.23671722,33578,33590,12
13.00743961,80.23665619,33590,33598,8
13.00751972,80.23641205,33598,33610,12
13.00763988,80.23583221,33610,33620,10
13.00778008,80.23516083,33620,33640,20
13.00778008,80.23516083,33640,33650,10
13.00786018,80.23477936,33650,33661,11
13.00798988,80.23415375,33661,33671,10
13.00817966,80.23329926,33671,33681,10
13.00837994,80.23226929,33681,33691,10
13.00858021,80.23121643,33691,33701,10
13.00872993,80.23039246,33701,33711,10
13.0089798,80.22915649,33711,33721,10
13.00920963,80.22815704,33721,33731,10
13.00961971,80.22720337,33731,33741,10
13.01006031,80.22625732,33741,33751,10
13.01047993,80.2254715,33751,33761,10
13.01062012,80.22516632,33761,33772,11
13.01080036,80.22476959,33772,33782,10
13.01107979,80.22409821,33782,33792,10
13.01142025,80.22332764,33792,33802,10
13.01173019,80.22254181,33802,33812,10
13.0120697,80.22170258,33812,33822,10
13.01237965,80.22154236,33822,33832,10
13.01270008,80.2220993,33832,33842,10
13.01317024,80.22257996,33842,33852,10
13.01371956,80.2231369,33852,33862,10
13.01420021,80.22377777,33862,33873,11
13.01480007,80.22450256,33873,33883,10
13.01523018,80.2248764,33883,33893,10
13.0155201,80.2250824,33893,33923,30
13.0155201,80.2250824,33923,33933,10
13.01576042,80.22528839,33933,33943,10
13.0162096,80.22535706,33943,33953,10
13.01675987,80.22522736,33953,33963,10
13.01723957,80.22503662,33963,33973,10
13.01768017,80.22486115,33973,33984,11
13.01801968,80.22471619,33984,33994,10
13.01823997,80.224617,33994,34085,91
13.01823997,80.224617,34085,34095,10
13.01860046,80.22450256,34095,34105,10
13.01916981,80.22437286,34105,34115,10
13.01959991,80.22445679,34115,34125,10
13.01966953,80.22451019,34125,34135,10
13.01976013,80.22460938,34135,34145,10
13.02009964,80.22486115,34145,34155,10
13.02062035,80.22521973,34155,34165,10
13.0211401,80.22563934,34165,34175,10
13.02196026,80.22619629,34175,34206,31
13.02196026,80.22619629,34206,34216,10
13.02200985,80.22621918,34216,34226,10
13.02231026,80.22650909,34226,34236,10
13.02278042,80.22691345,34236,34246,10
13.02322006,80.22733307,34246,34256,10
13.02363968,80.22772217,34256,34266,10
13.02396011,80.22798157,34266,34276,10
13.02429008,80.2283783,34276,34286,10
13.02441978,80.2285614,34286,34296,10
13.02453995,80.22875977,34296,34307,11
13.02474976,80.22907257,34307,34317,10
13.02497959,80.22937012,34317,34326,9
13.0254097,80.22989655,34326,34387,61
13.0254097,80.22989655,34387,34397,10
13.02575016,80.23036194,34397,34408,11
13.0259304,80.23072815,34408,34418,10
13.02600956,80.23104858,34418,34428,10
13.02602005,80.23135376,34428,34438,10
13.02647018,80.23130035,34438,34448,10
13.02717972,80.23110962,34448,34458,10
13.02797985,80.23097992,34458,34468,10
13.02847958,80.23091888,34468,34488,20
13.02847958,80.23091888,34488,34498,10
13.02877045,80.23091888,34498,34508,10
13.02910042,80.23088074,34508,34519,11
13.02912045,80.23088074,34519,34529,10
13.02929974,80.23084259,34529,34539,10
13.0296402,80.23081207,34539,34549,10
13.0301199,80.23078156,34549,34559,10
13.03069973,80.23074341,34559,34569,10
13.03106022,80.23069763,34569,34579,10
13.03139973,80.23068237,34579,34589,10
13.03195953,80.23062897,34589,34599,10
13.03264999,80.23058319,34599,34609,10
13.0334301,80.23052216,34609,34620,11
13.03405952,80.23043823,34620,34629,9
13.03423977,80.23040009,34629,34680,51
13.03423977,80.23040009,34680,34690,10
13.03450012,80.23036957,34690,34700,10
13.03472996,80.23036957,34700,34710,10
13.03489971,80.23042297,34710,34720,10
13.03495979,80.23065186,34720,34731,11
13.03489017,80.23119354,34731,34741,10
13.03479958,80.23178101,34741,34751,10
13.03470993,80.23239136,34751,34761,10
13.03464031,80.2329483,34761,34771,10
13.03462029,80.23320007,34771,34781,10
13.03460026,80.23349762,34781,34791,10
13.03450966,80.23400116,34791,34801,10
13.03444958,80.23471832,34801,34811,10
13.03431988,80.23552704,34811,34821,10
13.03423023,80.23635864,34821,34831,10
13.03425026,80.23725128,34831,34872,41
13.03425026,80.23725128,34872,34882,10
13.03441048,80.23761749,34882,34892,10
13.03460979,80.2379837,34892,34902,10
13.03489017,80.23847961,34902,34912,10
13.0352602,80.23905182,34912,34922,10
13.03573036,80.2394104,34922,34932,10
13.03645039,80.23947906,34932,34943,11
13.03724003,80.23956299,34943,34953,10
13.03787041,80.23964691,34953,34963,10
13.03866005,80.23972321,34963,34973,10
13.0394001,80.23980713,34973,34983,10
13.04014015,80.23990631,34983,35003,20
13.04014015,80.23990631,35003,35013,10
13.04036045,80.240242,35013,35023,10
13.04065037,80.2405014,35023,35033,10
13.04096031,80.24056244,35033,35043,10
13.04104042,80.24059296,35043,35054,11
13.04144001,80.24066162,35054,35064,10
13.04216003,80.24075317,35064,35074,10
13.04298019,80.2408371,35074,35084,10
13.04378033,80.24098206,35084,35094,10
13.04452991,80.24060059,35094,35114,20
13.04452991,80.24060059,35114,35124,10
13.04477978,80.24037933,35124,35134,10
13.04522991,80.2400589,35134,35144,10
13.04578018,80.23970032,35144,35154,10
13.04631996,80.23951721,35154,35165,11
13.04656982,80.23957825,35165,35175,10
13.04668999,80.23960876,35175,35185,10
13.04714012,80.23973846,35185,35195,10
13.04780006,80.23989868,35195,35205,10
13.04850006,80.2400589,35205,35215,10
13.04913998,80.24018097,35215,35225,10
13.04959011,80.24027252,35225,35235,10
13.04969978,80.24028015,35235,35245,10
13.05010033,80.2403717,35245,35255,10
13.0507803,80.2405014,35255,35266,11
13.0512104,80.2405777,35266,35276,10
13.05134964,80.24060822,35276,35286,10
13.05181026,80.24072266,35286,35296,10
13.05230999,80.24079132,35296,35346,50
13.05230999,80.24079132,35346,35356,10
13.05239964,80.24082184,35356,35366,10
13.05255032,80.24114227,35366,35377,11
13.05263996,80.24157715,35377,35387,10
13.05319977,80.24191284,35387,35397,10
13.05405998,80.24226379,35397,35417,20
13.05405998,80.24226379,35417,35427,10
13.05420017,80.24230194,35427,35437,10
13.05473995,80.24236298,35437,35447,10
13.05554008,80.24224854,35447,35457,10
13.05628014,80.24250031,35457,35467,10
13.05675983,80.24263763,35467,35477,10
13.05720043,80.24282074,35477,35488,11
13.05770016,80.24279785,35488,35498,10
13.05778027,80.24279022,35498,35508,10
13.05815983,80.24272919,35508,35518,10
13.05881977,80.24259186,35518,35528,10
13.05926991,80.24252319,35528,35538,10
13.05980015,80.24265289,35538,35548,10
13.06044006,80.2428894,35548,35558,10
13.06097984,80.24305725,35558,35568,10
13.06134987,80.24315643,35568,35578,10
13.06190968,80.24326324,35578,35594,16
13.0622797,80.24333191,35594,35607,13
13.0625,80.24336243,35607,35617,10
13.06252956,80.24337006,35617,35627,10
13.06307983,80.24347687,35627,35637,10
13.06375027,80.24353027,35637,35647,10
13.06437016,80.24356842,35647,35655,8
13.06495953,80.24358368,35655,35667,12
13.06569958,80.24359894,35667,35748,81
13.06569958,80.24359894,35748,35758,10
13.06579971,80.24360657,35758,35768,10
13.06618977,80.24349976,35768,35778,10
13.0667696,80.24327087,35778,35788,10
13.06744003,80.24295807,35788,35798,10
13.06818962,80.24269867,35798,35809,11
13.06884003,80.24243927,35809,35819,10
13.06943035,80.24223328,35819,35829,10
13.07003975,80.24208069,35829,35849,20
13.07003975,80.24208069,35849,35859,10
13.07024002,80.24211884,35859,35869,10
13.07073975,80.24195862,35869,35879,10
13.07141972,80.24169922,35879,35889,10
13.07207012,80.24136353,35889,35899,10
13.07262039,80.24098969,35899,35909,10
13.07328033,80.2407608,35909,35920,11
13.07398033,80.2405777,35920,35929,9
13.07466984,80.24054718,35929,35940,11
13.07565975,80.24053955,35940,35950,10
13.07651043,80.2405777,35950,35960,10
13.07703018,80.24060059,35960,35970,10
13.07707024,80.2405777,35970,35980,10
13.07715988,80.24044037,35980,35990,10
13.07711029,80.23992157,35990,36000,10
13.07695961,80.23911285,36000,36010,10
13.07674026,80.23825073,36010,36020,10
13.07662964,80.23771667,36020,36030,10
13.07641983,80.23699188,36030,36061,31
13.07641983,80.23699188,36061,36071,10
13.07637024,80.23674774,36071,36081,10
13.07629967,80.23622131,36081,36091,10
13.07618046,80.23555756,36091,36101,10
13.07604027,80.23478699,36101,36111,10
13.07588005,80.23420715,36111,36121,10
13.07588959,80.23390961,36121,36132,11
13.07631016,80.23375702,36132,36142,10
13.07682037,80.23368073,36142,36152,10
13.07686996,80.23368073,36152,36162,10
13.0773201,80.23364258,36162,36172,10
13.07785988,80.23358154,36172,36182,10
13.07870007,80.23355103,36182,36192,10
13.07942009,80.23352814,36192,36202,10
13.07993984,80.23352051,36202,36212,10
13.08036995,80.23352051,36212,36222,10
13.08040047,80.23352051,36222,36233,11
13.0805397,80.23355103,36233,36243,10
13.08106995,80.23355865,36243,36253,10
13.08181953,80.23358154,36253,36263,10
13.08203983,80.23336792,36263,36273,10
13.08207035,80.23278046,36273,36283,10
13.08226013,80.23207855,36283,36293,10
13.08253002,80.23130798,36293,36303,10
13.08261967,80.23113251,36303,36313,10
13.08275032,80.23084259,36313,36323,10
13.08300018,80.23061371,36323,36333,10
13.08314037,80.23095703,36333,36344,11
13.08318043,80.23178101,36344,36354,10
13.08323002,80.23251343,36354,36364,10
13.08335018,80.23319244,36364,36374,10
13.0834198,80.23364258,36374,36384,10
13.08401966,80.23394012,36384,36404,20
13.08401966,80.23394012,36404,36414,10
13.08432961,80.23403168,36414,36424,10
13.08479977,80.23413849,36424,36434,10
13.08528996,80.23425293,36434,36444,10
13.08574009,80.23436737,36444,36455,11
13.08623028,80.23448181,36455,36465,10
13.08675957,80.23455048,36465,36475,10
13.08740044,80.23458099,36475,36485,10
13.08792019,80.23412323,36485,36495,10
13.08802032,80.23330688,36495,36505,10
13.08823967,80.2322998,36505,36515,10
13.08850002,80.23136902,36515,36525,10
13.08878994,80.23068237,36525,36535,10
13.08891964,80.23043823,36535,36545,10
13.08897972,80.2303772,36545,36556,11
13.08918953,80.2299118,36556,36566,10
13.08959961,80.22921753,36566,36576,10
13.09025002,80.22850037,36576,36586,10
13.09088993,80.22782898,36586,36596,10
13.09130955,80.22734833,36596,36612,16
13.09140968,80.22725677,36612,36624,12
13.09152031,80.22715759,36624,36632,8
13.09181976,80.22686005,36632,36644,12
13.09251976,80.2261734,36644,36654,10
13.09311008,80.22554016,36654,36664,10
13.09327984,80.22535706,36664,36675,11
13.09360981,80.22496796,36675,36685,10
13.0941,80.22440338,36685,36695,10
13.09465981,80.22360992,36695,36704,9
13.09508038,80.22283936,36704,36715,11
13.09531021,80.22225189,36715,36725,10
13.09537983,80.22209167,36725,36735,10
13.0955801,80.2215271,36735,36745,10
13.09578991,80.22090912,36745,36755,10
13.09601974,80.22020721,36755,36765,10
13.0962801,80.21942902,36765,36776,11
13.09632969,80.21933746,36776,36786,10
13.09638977,80.21926117,36786,36796,10
13.0965004,80.21896362,36796,36806,10
13.09661961,80.21865082,36806,36816,10
13.09681034,80.21797943,36816,36826,10
13.09708977,80.2171936,36826,36836,10
13.09720039,80.21685791,36836,36845,9
13.09724045,80.2167511,36845,36855,10
13.09743977,80.21620941,36855,36866,11
13.09780025,80.21539307,36866,36876,10
13.09815979,80.21460724,36876,36887,11
13.09842968,80.21401978,36887,36897,10
13.09842968,80.21401215,36897,36907,10
13.09852982,80.21392059,36907,36917,10
13.09893036,80.21407318,36917,36927,10
13.09937954,80.21424103,36927,36937,10
13.09988022,80.21437836,36937,36947,10
13.10037994,80.21456146,36947,36977,30
13.10037994,80.21456146,36977,36988,11
13.10046959,80.21459961,36988,36998,10
13.10054016,80.21486664,36998,37008,10
13.10027027,80.21546936,37008,37018,10
13.10002995,80.21600342,37018,37028,10
13.09988022,80.21587372,37028,37038,10
13.10007954,80.21546173,37038,37048,10
13.10023975,80.21469879,37048,37906,858
13.10023975,80.21469879,37906,37916,10
13.10025978,80.2145462,37916,37926,10
13.10011959,80.21447754,37926,37936,10
13.09996986,80.2144165,37936,37946,10
13.09972,80.21437836,37946,37957,11
13.09922028,80.21425629,37957,37967,10
13.09879971,80.21408844,37967,37977,10
13.09848022,80.21408081,37977,37987,10
13.09829044,80.21446991,37987,37997,10
13.0980196,80.21501923,37997,38007,10
13.09770966,80.21572876,38007,38017,10
13.0974102,80.21646118,38017,38027,10
13.09729958,80.21674347,38027,38037,10
13.09724998,80.21690369,38037,38047,10
13.09708977,80.21730042,38047,38057,10
13.09685993,80.21795654,38057,38068,11
13.09659958,80.21869659,38068,38078,10
13.09634972,80.21943665,38078,38088,10
13.0960598,80.22026062,38088,38098,10
13.09578991,80.22104645,38098,38108,10
13.09552956,80.22183228,38108,38118,10
13.09535027,80.22238159,38118,38128,10
13.09529018,80.22254944,38128,38138,10
13.09506989,80.22306824,38138,38148,10
13.09467983,80.22371674,38148,38158,10
13.09420967,80.22438049,38158,38168,10
13.09366989,80.22502899,38168,38179,11
13.09321976,80.22548676,38179,38189,10
13.09265995,80.22605896,38189,38199,10
13.09206009,80.22666168,38199,38209,10
13.09150028,80.22722626,38209,38219,10
13.09119034,80.22757721,38219,38229,10
13.09117985,80.2276001,38229,38239,10
13.09107971,80.22769165,38239,38249,10
13.09074974,80.2280426,38249,38259,10
13.09025955,80.2285614,38259,38269,10
13.08971024,80.22917938,38269,38280,11
13.0892601,80.22987366,38280,38290,10
13.08909988,80.23020172,38290,38300,10
13.0887804,80.23091888,38300,38330,30
13.0887804,80.23091888,38330,38340,10
13.08864021,80.23123932,38340,38350,10
13.08856964,80.23137665,38350,38359,9
13.08845043,80.23171234,38359,38369,10
13.08827019,80.23233032,38369,38380,11
13.08808994,80.233078,38380,38391,11
13.08802032,80.23381042,38391,38401,10
13.08784008,80.23444366,38401,38411,10
13.08720016,80.23455811,38411,38421,10
13.0866003,80.23454285,38421,38431,10
13.08578014,80.23438263,38431,38582,151
13.08578014,80.23438263,38582,38592,10
13.08565044,80.23429108,38592,38603,11
13.08522034,80.23420715,38603,38613,10
13.08471012,80.23406982,38613,38623,10
13.08444977,80.23400879,38623,38633,10
13.08430958,80.23400879,38633,38643,10
13.08366013,80.23387909,38643,38673,30
13.08366013,80.23387909,38673,38683,10
13.08331966,80.23378754,38683,38693,10
13.08296013,80.23375702,38693,38703,10
13.0823698,80.23362732,38703,38724,21
13.0823698,80.23362732,38724,38734,10
13.08213043,80.23358917,38734,38744,10
13.08162975,80.23355865,38744,38754,10
13.08096981,80.23352051,38754,38764,10
13.08036041,80.23355103,38764,38774,10
13.07991028,80.23355865,38774,38784,10
13.0795002,80.23351288,38784,38794,10
13.07948971,80.23351288,38794,38804,10
13.07931995,80.23351288,38804,38815,11
13.07878971,80.23352814,38815,38825,10
13.07833004,80.23355865,38825,38834,9
13.07783031,80.23361969,38834,38845,11
13.07705021,80.2337265,38845,38855,10
13.07629013,80.23384857,38855,38865,10
13.07610035,80.23390961,38865,38875,10
13.07600975,80.2338562,38875,38885,10
13.07590961,80.23384094,38885,38895,10
13.07583046,80.23406219,38895,38905,10
13.07596016,80.23465729,38905,38915,10
13.07610035,80.2354126,38915,38926,11
13.07625961,80.23618317,38926,38936,10
13.07645988,80.23726654,38936,38966,30
13.07645988,80.23726654,38966,38976,10
13.07647991,80.23744965,38976,38986,10
13.07658005,80.23796082,38986,38996,10
13.07674026,80.23867798,38996,39006,10
13.07686043,80.23912811,39006,39016,10
13.07695007,80.23957062,39016,39025,9
13.07709026,80.24008179,39025,39037,12
13.07713032,80.24027252,39037,39047,10
13.0771904,80.24056244,39047,39057,10
13.07728004,80.24093628,39057,39067,10
13.07736015,80.24131775,39067,39077,10
13.07744026,80.2417984,39077,39087,10
13.07761002,80.24250031,39087,39097,10
13.07773018,80.24343109,39097,39107,10
13.07775021,80.24437714,39107,39117,10
13.07787037,80.2453537,39117,39127,10
13.07793999,80.24635315,39127,39138,11
13.0781498,80.24745941,39138,39148,10
13.0783596,80.24852753,39148,39158,10
13.07859039,80.24941254,39158,39168,10
13.07861996,80.25029755,39168,39178,10
13.07845974,80.25092316,39178,39188,10
13.07835007,80.2516098,39188,39208,20
13.07835007,80.2516098,39208,39218,10
13.07814026,80.25169373,39218,39228,10
13.07769966,80.25177765,39228,39238,10
13.0768404,80.25193787,39238,39249,11
13.07588005,80.25213623,39249,39259,10
13.07516956,80.25215149,39259,39269,10
13.07450008,80.25216675,39269,39279,10
13.07390022,80.25227356,39279,39289,10
13.07341957,80.25234985,39289,39299,10
13.07289028,80.25231934,39299,39309,10
13.07238007,80.25216675,39309,39319,10
13.07211971,80.25150299,39319,39329,10
13.07194996,80.25071716,39329,39338,9
13.07170963,80.25000763,39338,39348,10
13.0714798,80.2490387,39348,39360,12
13.07116985,80.24778748,39360,39370,10
13.07071972,80.24677277,39370,39380,10
13.07022953,80.2457428,39380,39390,10
13.0698204,80.24474335,39390,39400,10
13.06952,80.24385834,39400,39410,10
13.06931019,80.24330139,39410,39420,10
13.0692997,80.2432785,39420,39430,10
13.06927013,80.24318695,39430,39440,10
13.06919003,80.24269867,39440,39457,17
13.06816959,80.24263763,39457,39469,12
13.06727028,80.24295044,39469,39479,10
13.06674004,80.24320221,39479,39488,9
13.06622982,80.24343872,39488,39499,11
13.06608009,80.24408722,39499,39509,10
13.06616974,80.24474335,39509,39519,10
13.06624031,80.24517059,39519,39529,10
13.06643009,80.24584961,39529,39539,10
13.06713963,80.24620056,39539,39549,10
13.06774044,80.24648285,39549,39559,10
13.0678196,80.24656677,39559,39570,11
13.06783962,80.24681091,39570,39580,10
13.06783962,80.24742126,39580,39590,10
13.06744003,80.24784851,39590,39600,10
13.06665039,80.24781799,39600,39610,10
13.06575966,80.24780273,39610,39620,10
13.06478024,80.24771881,39620,39630,10
13.06377029,80.24765015,39630,39640,10
13.06289005,80.24759674,39640,39650,10
13.06202984,80.24758148,39650,39660,10
13.06145954,80.24723816,39660,39670,10
13.06155014,80.2467804,39670,39681,11
13.06179047,80.24642944,39681,39691,10
13.06196022,80.24584961,39691,39701,10
13.06223965,80.24514771,39701,39711,10
13.06295967,80.24458313,39711,39721,10
13.06319046,80.2442627,39721,39731,10
13.06328964,80.24410248,39731,39740,9
13.06346989,80.24365234,39740,39750,10
13.06293964,80.24343109,39750,39760,10
13.06221962,80.24329376,39760,39771,11
13.06169987,80.24318695,39771,39781,10
13.06140995,80.24314117,39781,39792,11
13.06089973,80.24302673,39792,39802,10
13.06070042,80.24295044,39802,39812,10
13.06066036,80.24294281,39812,39822,10
13.06040001,80.24284363,39822,39832,10
13.05986977,80.24268341,39832,39841,9
13.0594101,80.24253845,39841,39852,11
13.05883026,80.24256897,39852,39862,10
13.05827999,80.24269867,39862,39872,10
13.05762959,80.24278259,39872,39882,10
13.05718994,80.24279785,39882,39893,11
13.05716038,80.24279022,39893,39903,10
13.05704975,80.24276733,39903,39913,10
13.05673981,80.24268341,39913,39923,10
13.05620003,80.24247742,39923,39933,10
13.05554008,80.24224854,39933,39943,10
13.05480957,80.24237061,39943,39952,9
13.0537796,80.24224091,39952,39973,21
13.0537796,80.24224091,39973,39983,10
13.0535202,80.24208832,39983,39993,10
13.05311012,80.24192047,39993,40024,31
13.05311012,80.24192047,40024,40034,10
13.05284977,80.24178314,40034,40044,10
13.05237007,80.24143982,40044,40054,10
13.05210018,80.24098206,40054,40064,10
13.05187988,80.24073029,40064,40074,10
13.05160999,80.24066162,40074,40084,10
13.05125999,80.24060059,40084,40094,10
13.0508604,80.24051666,40094,40104,10
13.05047035,80.24044037,40104,40145,41
13.05047035,80.24044037,40145,40155,10
13.05027962,80.24038696,40155,40165,10
13.05010033,80.24034882,40165,40175,10
13.04994965,80.24033356,40175,40205,30
13.04994965,80.24033356,40205,40216,11
13.04959965,80.2401886,40216,40226,10
13.04934978,80.24015045,40226,40236,10
13.0490799,80.24009705,40236,40246,10
13.04887962,80.24008179,40246,40256,10
13.04864025,80.24004364,40256,40266,10
13.04825974,80.23995972,40266,40286,20
13.04825974,80.23995972,40286,40296,10
13.04813957,80.23983765,40296,40306,10
13.0479002,80.23983765,40306,40316,10
13.04761982,80.2397995,40316,40327,11
13.0469799,80.23969269,40327,40337,10
13.04633045,80.23957062,40337,40347,10
13.04621983,80.23935699,40347,40357,10
13.04633999,80.23890686,40357,40367,10
13.04646969,80.23842621,40367,40377,10
13.04658985,80.23792267,40377,40387,10
13.04675961,80.23716736,40387,40397,10
13.04691029,80.23639679,40397,40407,10
13.04699039,80.2360611,40407,40417,10
13.04703045,80.23574066,40417,40434,17
13.04708958,80.23519897,40434,40446,12
13.04722023,80.23423767,40446,40456,10
13.04732037,80.2334137,40456,40466,10
13.04718971,80.23298645,40466,40476,10
13.04666042,80.23290253,40476,40486,10
13.04594994,80.23274994,40486,40496,10
13.04547024,80.23265839,40496,40506,10
13.04537964,80.23265076,40506,40516,10
13.04506016,80.23259735,40516,40526,10
13.04458046,80.23251343,40526,40536,10
13.04384995,80.23239899,40536,40547,11
13.04304028,80.23233032,40547,40557,10
13.04230976,80.23232269,40557,40567,10
13.04152966,80.23220825,40567,40577,10
13.04061031,80.23191833,40577,40587,10
13.03971958,80.23165131,40587,40597,10
13.03886986,80.23140717,40597,40607,10
13.03798008,80.23114777,40607,40617,10
13.03726006,80.23088837,40617,40627,10
13.03697968,80.23084259,40627,40637,10
13.03672028,80.2307663,40637,40648,11
13.03625965,80.23056793,40648,40688,40
13.03625965,80.23056793,40688,40698,10
13.03617954,80.23049927,40698,40708,10
13.0357399,80.23040771,40708,40718,10
13.03534031,80.23033142,40718,40728,10
13.03491974,80.2303009,40728,40738,10
13.03483009,80.2303009,40738,40748,10
13.03462029,80.23033905,40748,40759,11
13.03433037,80.23040771,40759,40769,10
13.03394032,80.23045349,40769,40779,10
13.03353024,80.23046875,40779,40799,20
13.03353024,80.23046875,40799,40809,10
13.03314972,80.23049927,40809,40819,10
13.03240967,80.2305603,40819,40829,10
13.0318203,80.23062134,40829,40839,10
13.03083992,80.23068237,40839,40936,97
13.03083992,80.23068237,40936,40947,11
13.03055954,80.23074341,40947,40959,12
13.02987957,80.23078918,40959,40969,10
13.02962017,80.23081207,40969,40980,11
13.02915001,80.23088074,40980,40990,10
13.02853966,80.23091125,40990,41000,10
13.02799988,80.23097229,41000,41010,10
13.02766991,80.23103333,41010,41020,10
13.02766991,80.23155975,41020,41030,10
13.02775002,80.23220062,41030,41040,10
13.02772045,80.23278809,41040,41050,10
13.02707958,80.23291779,41050,41060,10
13.02680969,80.23297882,41060,41070,10
13.02643967,80.23294067,41070,41081,11
13.0261898,80.23223114,41081,41091,10
13.02606964,80.23166656,41091,41101,10
13.02602005,80.23146057,41101,41111,10
13.02581978,80.2308197,41111,41121,10
13.02534008,80.2299118,41121,41131,10
13.02466011,80.22907257,41131,41141,10
13.02435017,80.22868347,41141,41151,10
13.02433014,80.22865295,41151,41161,10
13.02429962,80.22860718,41161,41171,10
13.0240097,80.22830963,41171,41181,10
13.02392006,80.22820282,41181,41192,11
13.0237999,80.22801971,41192,41202,10
13.02363968,80.2278595,41202,41212,10
13.02322006,80.22747803,41212,41228,16
13.02215958,80.22647858,41228,41241,13
13.02116966,80.22567749,41241,41251,10
13.02054024,80.22519684,41251,41261,10
13.02011967,80.22492981,41261,41271,10
13.02007961,80.22490692,41271,41281,10
13.01998997,80.22485352,41281,41291,10
13.01963997,80.22463989,41291,41302,11
13.01877975,80.22450256,41302,41312,10
13.01788998,80.22483826,41312,41322,10
13.01698971,80.22519684,41322,41332,10
13.01638031,80.22545624,41332,41342,10
13.01578045,80.22566223,41342,41351,9
13.01513004,80.22592926,41351,41362,11
13.01488018,80.22602844,41362,41372,10
13.01461983,80.22614288,41372,41382,10
13.01403999,80.22637939,41382,41392,10
13.01395035,80.22640991,41392,41402,10
13.01354027,80.22654724,41402,41413,11
13.01274967,80.22682953,41413,41423,10
13.01185989,80.22715759,41423,41432,9
13.01101017,80.22747803,41432,41443,11
13.01006031,80.22789764,41443,41453,10
13.00914001,80.22843933,41453,41463,10
13.00889969,80.22956848,41463,41473,10
13.00868988,80.23071289,41473,41483,10
13.00850964,80.23175812,41483,41493,10
13.00833035,80.23278046,41493,41503,10
13.00821018,80.23358917,41503,41513,10
13.0081501,80.23374939,41513,41524,11
13.00804043,80.23403931,41524,41534,10
13.00794029,80.23454285,41534,41544,10
13.00780964,80.23523712,41544,41554,10
13.0076704,80.23596191,41554,41564,10
13.00751972,80.23670197,41564,41574,10
13.00734997,80.23760223,41574,41584,10
13.00720024,80.23838806,41584,41594,10
13.00712013,80.23890686,41594,41604,10
13.00710011,80.2390213,41604,41614,10
13.00706005,80.23916626,41614,41625,11
13.00695992,80.23967743,41625,41635,10
13.00689983,80.24004364,41635,41746,111
13.00689983,80.24004364,41746,41756,10
13.00685024,80.24047852,41756,41766,10
13.00677967,80.24095154,41766,41776,10
13.00673008,80.24127197,41776,41786,10
13.00667953,80.24199677,41786,41796,10
13.00667,80.24295044,41796,41806,10
13.00664043,80.24384308,41806,41816,10
13.00666046,80.24465179,41816,41826,10
13.00666046,80.24543762,41826,41836,10
13.00669003,80.24620819,41836,41846,10
13.00671005,80.24672699,41846,41857,11
13.00671005,80.24700165,41857,41867,10
13.00667953,80.24726868,41867,41877,10
13.00667,80.24768066,41877,41887,10
13.00669003,80.24842072,41887,41897,10
13.00681019,80.24928284,41897,41907,10
13.00681973,80.24954987,41907,41917,10
13.00683975,80.24965668,41917,41927,10
13.00681019,80.25019836,41927,41937,10
13.00681973,80.25093842,41937,41947,10
13.00677967,80.25141907,41947,41988,41
13.00677967,80.25141907,41988,41998,10
13.00671959,80.25154877,41998,42008,10
13.00662994,80.25199127,42008,42018,10
13.0065403,80.25260162,42018,42028,10
13.00662041,80.2530365,42028,42038,10
13.00660992,80.25341034,42038,42048,10
13.00662994,80.25411224,42048,42260,212
13.00662994,80.25411224,42260,42270,10
13.00660992,80.25434113,42270,42281,11
13.00656986,80.25496674,42281,42291,10
13.00658989,80.25585175,42291,42301,10
13.00666046,80.25731659,42301,42402,101
13.00666046,80.25731659,42402,42412,10
13.00666046,80.25744629,42412,42422,10
13.00687027,80.25791931,42422,42432,10
13.0074501,80.25859833,42432,42442,10
13.00790024,80.25885773,42442,42452,10
13.00804043,80.25917053,42452,42462,10
13.00776958,80.25930023,42462,42472,10
13.00737953,80.25920868,42472,42482,10
13.00718975,80.2587204,42482,42493,11
13.00708961,80.25847626,42493,42503,10
13.00664043,80.25782013,42503,42533,30
13.00664043,80.25782013,42533,42543,10
13.00656986,80.25756836,42543,42553,10
13.00652027,80.25730896,42553,42563,10
13.00648022,80.25705719,42563,42573,10
13.00648022,80.25668335,42573,42583,10
13.00648022,80.25610352,42583,42593,10
13.00648022,80.25556946,42593,42604,11
13.00652027,80.25493622,42604,42614,10
13.00650978,80.25408173,42614,42624,10
13.00650024,80.25344849,42624,42684,60
13.00650024,80.25344849,42684,42694,10
13.00652027,80.25306702,42694,42715,21
13.00652027,80.25306702,42715,42725,10
13.00656033,80.25244904,42725,42805,80
13.00656033,80.25244904,42805,42815,10
13.00664043,80.25213623,42815,42826,11
13.00675964,80.25148773,42826,42836,10
13.00681019,80.25054932,42836,42846,10
13.00677967,80.24942017,42846,42856,10
13.00667,80.24845886,42856,42866,10
13.00664043,80.24819183,42866,42876,10
13.00664997,80.24815369,42876,42886,10
13.00662994,80.24777222,42886,42896,10
13.00664043,80.24703979,42896,42906,10
13.00654984,80.24655914,42906,42916,10
13.00658035,80.24649048,42916,42927,11
13.00662041,80.24590302,42927,42937,10
13.00658989,80.24506378,42937,42947,10
13.00656986,80.24443817,42947,42963,16
13.00658035,80.24365997,42963,42975,12
13.0065403,80.24304199,42975,42985,10
13.00654984,80.24243927,42985,42995,10
13.00656986,80.24150848,42995,43004,9
13.00666046,80.2405014,43004,43025,21
13.00666046,80.2405014,43025,43035,10
13.00666046,80.2403183,43035,43046,11
13.00677967,80.23989868,43046,43056,10
13.00697041,80.23903656,43056,43066,10
13.00716972,80.23812866,43066,43076,10
13.00734997,80.23734283,43076,43086,10
13.00741005,80.23671722,43086,43096,10
13.00741959,80.23670197,43096,43106,10
13.00753975,80.23631287,43106,43116,10
13.00769043,80.23558044,43116,43126,10
13.00788021,80.23462677,43126,43136,10
13.00813007,80.23351288,43136,43147,11
13.00837994,80.23220062,43147,43157,10
13.00860977,80.23105621,43157,43167,10
13.00883007,80.2299881,43167,43175,8
13.00899982,80.22917938,43175,43187,12
13.00926971,80.22802734,43187,43197,10
13.00971985,80.22699738,43197,43207,10
13.01019955,80.22598267,43207,43217,10
13.01051998,80.22527313,43217,43227,10
13.01072025,80.22489929,43227,43237,10
13.01091957,80.22447968,43237,43247,10
13.01123047,80.22380066,43247,43258,11
13.01173019,80.22281647,43258,43268,10
13.0120697,80.22180939,43268,43278,10
13.01247025,80.22168732,43278,43288,10
13.01288986,80.22229004,43288,43298,10
13.01350021,80.2229538,43298,43308,10
13.01395988,80.22348022,43308,43318,10
13.01416016,80.22377777,43318,43328,10
13.01453972,80.22418976,43328,43338,10
13.01556015,80.22503662,43338,43369,31
13.01556015,80.22503662,43369,43379,10
13.01574993,80.22521973,43379,43389,10
13.01632023,80.22535706,43389,43399,10
13.01712036,80.22511292,43399,43409,10
13.01805973,80.22473145,43409,43419,10
13.01891994,80.22441864,43419,43428,9
13.01949978,80.22447968,43428,43438,10
13.01982021,80.22466278,43438,43449,11
13.02038956,80.22503662,43449,43459,10
13.02095032,80.22544098,43459,43469,10
13.02128983,80.22572327,43469,43480,11
13.02194977,80.22618103,43480,43500,20
13.02194977,80.22618103,43500,43510,10
13.0222702,80.22647858,43510,43520,10
13.02285957,80.22701263,43520,43530,10
13.02346992,80.22759247,43530,43540,10
13.02402973,80.22812653,43540,43550,10
13.02429962,80.2283783,43550,43560,10
13.0243597,80.22847748,43560,43570,10
13.02464008,80.22894287,43570,43581,11
13.02499962,80.22944641,43581,43591,10
13.02542019,80.2299881,43591,43601,10
13.02563,80.23027802,43601,43611,10
13.02581024,80.23061371,43611,43621,10
13.02589989,80.23085785,43621,43630,9
13.02591991,80.23110199,43630,43641,11
13.02606964,80.23135376,43641,43651,10
13.02670002,80.23121643,43651,43661,10
13.02756023,80.23101807,43661,43671,10
13.02795982,80.23097992,43671,43702,31
13.02795982,80.23097992,43702,43712,10
13.02830982,80.23095703,43712,43722,10
13.02845955,80.23094177,43722,43732,10
13.0287199,80.23091888,43732,43782,50
13.0287199,80.23091888,43782,43793,11
13.0289402,80.23095703,43793,43803,10
13.02937984,80.23091888,43803,43813,10
13.02993965,80.23082733,43813,43853,40
13.02993965,80.23082733,43853,43863,10
13.03022957,80.23078918,43863,43873,10
13.03057957,80.23074341,43873,43883,10
13.03083038,80.23072052,43883,43893,10
13.03102016,80.23072052,43893,43904,11
13.03149033,80.23066711,43904,43914,10
13.03203964,80.23062134,43914,43924,10
13.0326004,80.23059082,43924,43934,10
13.03316975,80.23059082,43934,43944,10
13.03388023,80.23053741,43944,43974,30
13.03388023,80.23053741,43974,43984,10
13.03411961,80.23046875,43984,44015,31
13.03411961,80.23046875,44015,44025,10
13.0344696,80.23042297,44025,44065,40
13.0344696,80.23042297,44065,44075,10
13.0346899,80.23036957,44075,44085,10
13.03495979,80.23053741,44085,44095,10
13.03487968,80.23117065,44095,44105,10
13.03476048,80.23188019,44105,44116,11
13.03464031,80.23265076,44116,44126,10
13.03456974,80.23316956,44126,44136,10
13.03450012,80.23368835,44136,44146,10
13.03437042,80.23444366,44146,44156,10
13.03423023,80.23549652,44156,44166,10
13.03411007,80.23665619,44166,44176,10
13.03411961,80.23721313,44176,44267,91
13.03411961,80.23721313,44267,44283,16
13.03421974,80.23760223,44283,44295,12
13.03458023,80.23812103,44295,44304,9
13.03487968,80.23854828,44304,44314,10
13.03518009,80.2390213,44314,44325,11
13.03553963,80.23934937,44325,44336,11
13.03602982,80.23937988,44336,44346,10
13.0366497,80.23947144,44346,44356,10
13.03719997,80.2395401,44356,44366,10
13.03792,80.23959351,44366,44376,10
13.03862953,80.23967743,44376,44386,10
13.03948021,80.23980713,44386,44396,10
13.0399704,80.23986816,44396,44537,141
13.0399704,80.23986816,44537,44548,11
13.04039955,80.24017334,44548,44558,10
13.04047012,80.24051666,44558,44568,10
13.04094028,80.24060059,44568,44578,10
13.04109955,80.24062347,44578,44588,10
13.0414896,80.24067688,44588,44598,10
13.04197025,80.2407608,44598,44608,10
13.04267979,80.24085999,44608,44618,10
13.0433197,80.24095917,44618,44628,10
13.04378986,80.2410202,44628,44638,10
13.04397964,80.24101257,44638,44648,10
13.04430962,80.24082184,44648,44669,21
13.04430962,80.24082184,44669,44679,10
13.04461002,80.24053192,44679,44689,10
13.0451498,80.24015808,44689,44699,10
13.04555035,80.23989868,44699,44709,10
13.04611969,80.23953247,44709,44729,20
13.04611969,80.23953247,44729,44739,10
13.04652023,80.23960114,44739,44749,10
13.04656029,80.23961639,44749,44760,11
13.04681969,80.23972321,44760,44770,10
13.0474596,80.23985291,44770,44780,10
13.04806995,80.2399826,44780,44790,10
13.04862022,80.24008179,44790,44800,10
13.04880047,80.24011993,44800,44810,10
13.04955959,80.24025726,44810,44840,30
13.04955959,80.24025726,44840,44850,10
13.04969025,80.24030304,44850,44860,10
13.05010986,80.2403717,44860,44871,11
13.05084991,80.24053192,44871,44881,10
13.05113029,80.24060059,44881,44891,10
13.0515604,80.24069977,44891,44901,10
13.05233002,80.2408905,44901,44941,40
13.05233002,80.2408905,44941,44951,10
13.05233955,80.2408905,44951,44961,10
13.05249977,80.2412796,44961,44971,10
13.05288029,80.24181366,44971,44982,11
13.0532999,80.24195862,44982,44992,10
13.05368042,80.24214935,44992,45002,10
13.0539999,80.24226379,45002,45022,20
13.0539999,80.24226379,45022,45032,10
13.05440998,80.24236298,45032,45042,10
13.05508041,80.24227905,45042,45052,10
13.05568981,80.24226379,45052,45062,10
13.05607986,80.24239349,45062,45072,10
13.05655003,80.24259949,45072,45111,39
13.05655003,80.24259949,45111,45121,10
13.05669975,80.24266815,45121,45131,10
13.05708981,80.24278259,45131,45140,9
13.0575304,80.24279785,45140,45151,11
13.05815029,80.24269867,45151,45160,9
13.05867958,80.24260712,45160,45172,12
13.05897045,80.2425766,45172,45182,10
13.05910015,80.24256134,45182,45192,10
13.05922985,80.24253845,45192,45203,11
13.05976009,80.24260712,45203,45213,10
13.06025028,80.24279022,45213,45223,10
13.06056023,80.2428894,45223,45233,10
13.06072998,80.24295044,45233,45243,10
13.06093979,80.24302673,45243,45253,10
13.06116962,80.24308777,45253,45263,10
13.06145,80.24315643,45263,45273,10
13.06165981,80.24320221,45273,45283,10
13.06204033,80.2432785,45283,45293,10
13.06225967,80.24330902,45293,45304,11
13.0622797,80.24330902,45304,45314,10
13.06247997,80.24333191,45314,45324,10
13.06258965,80.24334717,45324,45334,10
13.06303978,80.24346161,45334,45344,10
13.06379032,80.2435379,45344,45354,10
13.06451035,80.24359894,45354,45364,10
13.06540966,80.24359894,45364,45404,40
13.06540966,80.24359894,45404,45415,11
13.06604958,80.24350739,45415,45425,10
13.06667042,80.24331665,45425,45435,10
13.06733036,80.24301147,45435,45445,10
13.06814003,80.24272156,45445,45455,10
13.06890011,80.24246216,45455,45475,20
13.06890011,80.24246216,45475,45485,10
13.06921959,80.24234009,45485,45495,10
13.06993008,80.2421875,45495,45515,20
13.06993008,80.2421875,45515,45526,11
13.07026005,80.24211121,45526,45536,10
13.07081985,80.24188995,45536,45546,10
13.07139015,80.24169159,45546,45556,10
13.07194042,80.24137878,45556,45566,10
13.07252979,80.24101257,45566,45576,10
13.07316971,80.24076843,45576,45586,10
13.07386971,80.24056244,45586,45596,10
13.07470036,80.2405014,45596,45606,10
13.07557964,80.24049377,45606,45616,10
13.07643986,80.24053192,45616,45627,11
13.07711029,80.24041748,45627,45637,10
13.07697964,80.23973083,45637,45647,10
13.07672024,80.23879242,45647,45657,10
13.07654953,80.23812866,45657,45667,10
13.07647991,80.23783875,45667,45677,10
13.0763998,80.23758698,45677,45687,10
13.07629967,80.23712158,45687,45727,40
13.07629967,80.23712158,45727,45738,11
13.07629967,80.23673248,45738,45748,10
13.07623005,80.23609924,45748,45758,10
13.07608032,80.23526001,45758,45768,10
13.07577038,80.23407745,45768,45808,40
13.07577038,80.23407745,45808,45818,10
13.07596016,80.23377991,45818,45828,10
13.07664013,80.23370361,45828,45839,11
13.07759953,80.23356628,45839,45849,10
13.07847023,80.23355865,45849,45859,10
13.07923985,80.23355865,45859,45869,10
13.07993031,80.23355865,45869,45879,10
13.08038044,80.23355865,45879,45889,10
13.08040047,80.23355865,45889,45899,10
13.08051014,80.23358154,45899,45909,10
13.08102036,80.23355865,45909,45919,10
13.08181953,80.2335968,45919,45929,10
13.08201981,80.23327637,45929,45939,10
13.08207035,80.23262024,45939,45950,11
13.08234978,80.23174286,45950,45959,9
13.08255005,80.23123932,45959,45970,11
13.08273029,80.23075867,45970,45980,10
13.08288002,80.23062897,45980,45990,10
13.08308029,80.23085785,45990,46000,10
13.08310032,80.23152161,46000,46010,10
13.08312988,80.23246002,46010,46020,10
13.08329964,80.23319244,46020,46030,10
13.0834198,80.23370361,46030,46040,10
13.0839901,80.23394012,46040,46061,21
13.0839901,80.23394012,46061,46071,10
13.08405972,80.23399353,46071,46081,10
13.08428001,80.23404694,46081,46091,10
13.08460999,80.23412323,46091,46107,16
13.08545017,80.23429871,46107,46119,12
13.08613968,80.23446655,46119,46129,10
13.08658028,80.23452759,46129,46139,10
13.08728027,80.23457336,46139,46149,10
13.08786011,80.23416138,46149,46159,10
13.08798027,80.2333374,46159,46170,11
13.08823013,80.23217773,46170,46180,10
13.08852005,80.2312088,46180,46190,10
13.08885956,80.23046875,46190,46219,29
13.08885956,80.23046875,46219,46230,11
13.0890398,80.23017883,46230,46239,9
13.08936024,80.22958374,46239,46249,10
13.08992958,80.22885895,46249,46260,11
13.09066963,80.22805786,46260,46270,10
13.09140968,80.22727203,46270,46291,21
13.09140968,80.22727203,46291,46301,10
13.09165955,80.22702789,46301,46311,10
13.09216022,80.22653198,46311,46321,10
13.09284019,80.2258606,46321,46331,10
13.09350967,80.22515106,46331,46341,10
13.09399986,80.22454834,46341,46351,10
13.09459019,80.22373962,46351,46361,10
13.0951004,80.22284698,46361,46371,10
13.09525967,80.22238159,46371,46382,11
13.09531021,80.22231293,46382,46392,10
13.09547997,80.22187805,46392,46402,10
13.09572983,80.221138,46402,46412,10
13.09603024,80.22029877,46412,46422,10
13.09638977,80.21925354,46422,46442,20
13.09638977,80.21925354,46442,46452,10
13.09648991,80.21903229,46452,46462,10
13.09667969,80.21846008,46462,46472,10
13.09692955,80.21768188,46472,46482,10
13.09720039,80.21690369,46482,46503,21
13.09720039,80.21690369,46503,46513,10
13.09727001,80.21674347,46513,46523,10
13.09743023,80.21636963,46523,46533,10
13.09772968,80.2156601,46533,46543,10
13.09813023,80.2147522,46543,46553,10
13.09842968,80.21404266,46553,46563,10
13.09875965,80.21404266,46563,46573,10
13.09936047,80.2142868,46573,46583,10
13.09978962,80.21440125,46583,46593,10
13.10041046,80.21457672,46593,46654,61
13.10041046,80.21457672,46654,46670,16
13.10056973,80.21470642,46670,46682,12
13.10033035,80.21524811,46682,46690,8
13.10009956,80.21572876,46690,46702,12
13.0998497,80.21600342,46702,46713,11
13.09996986,80.21556091,46713,46723,10
13.1001997,80.21508026,46723,46733,10
13.10017967,80.21472168,46733,47550,817
13.10017967,80.21472168,47550,47560,10
13.10009003,80.21447754,47560,47571,11
13.09998035,80.21443939,47571,47581,10
13.09972954,80.21437836,47581,47591,10
13.09924984,80.21424866,47591,47601,10
13.0988102,80.21408844,47601,47611,10
13.09848022,80.21405029,47611,47621,10
13.09827995,80.21443939,47621,47631,10
13.09797955,80.21510315,47631,47641,10
13.09768009,80.21579742,47641,47651,10
13.09727955,80.21675873,47651,47671,20
13.09727955,80.21675873,47671,47682,11
13.09716034,80.21705627,47682,47692,10
13.09694958,80.21762085,47692,47702,10
13.09667969,80.21839142,47702,47712,10
13.09638977,80.21923065,47712,47722,10
13.09609985,80.22010803,47722,47732,10
13.0958004,80.22096252,47732,47742,10
13.09556007,80.22171783,47742,47752,10
13.09527016,80.22251892,47752,47762,10
13.0948801,80.22338104,47762,47772,10
13.09428024,80.22422028,47772,47782,10
13.09372997,80.22492218,47782,47793,11
13.09356976,80.22512054,47793,47803,10
13.09344006,80.22522736,47803,47813,10
13.09305,80.22561646,47813,47823,10
13.09247017,80.22619629,47823,47833,10
13.09177971,80.22689819,47833,47843,10
13.09109974,80.22766113,47843,47863,20
13.09109974,80.22766113,47863,47873,10
13.09086037,80.22792053,47873,47883,10
13.0904398,80.22833252,47883,47893,10
13.08985043,80.22898865,47893,47904,11
13.08924961,80.22987366,47904,47914,10
13.08907986,80.23021698,47914,47924,10
13.08876038,80.23091888,47924,47944,20
13.08876038,80.23091888,47944,47954,10
13.08866978,80.23107147,47954,47964,10
13.08854008,80.23137665,47964,47974,10
13.0883503,80.23193359,47974,47984,10
13.08813953,80.23274231,47984,47994,10
13.08798981,80.23361206,47994,48005,11
13.08784962,80.23435974,48005,48015,10
13.08732033,80.23455048,48015,48025,10
13.08670044,80.23449707,48025,48035,10
13.08621979,80.23442078,48035,48045,10
13.08602047,80.23439026,48045,48055,10
13.08590031,80.23430634,48055,48065,10
13.08551979,80.23423767,48065,48075,10
13.08508968,80.23416138,48075,48085,10
13.08465004,80.23401642,48085,48095,10
13.08448982,80.23399353,48095,48105,10
13.08438969,80.23397827,48105,48116,11
13.0842104,80.23396301,48116,48126,10
13.08407021,80.23394775,48126,48136,10
13.0837698,80.23387146,48136,48146,10
13.08331966,80.23377228,48146,48156,10
13.08302975,80.23378754,48156,48166,10
13.08283043,80.23371124,48166,48176,10
13.08242035,80.2335968,48176,48196,20
13.08242035,80.2335968,48196,48206,10
13.08222008,80.23352051,48206,48216,10
13.08178043,80.23348236,48216,48227,11
13.08108997,80.23342133,48227,48237,10
13.08041,80.23345947,48237,48247,10
13.08016014,80.23348236,48247,48257,10
13.07979965,80.23348999,48257,48267,10
13.07960033,80.2334671,48267,48277,10
13.07948017,80.23352814,48277,48287,10
13.07911968,80.23352814,48287,48297,10
13.07851028,80.2335434,48297,48307,10
13.07777977,80.23361206,48307,48317,10
13.07686043,80.23365784,48317,48328,11
13.07621956,80.23378754,48328,48338,10
13.07612038,80.23374176,48338,48348,10
13.07579994,80.23394775,48348,48358,10
13.0759201,80.23457336,48358,48368,10
13.07602978,80.23535919,48368,48378,10
13.07616043,80.23622131,48378,48388,10
13.07631969,80.23684692,48388,48439,51
13.07631969,80.23684692,48439,48449,10
13.07645035,80.23718262,48449,48459,10
13.07645988,80.23719788,48459,48469,10
13.07651997,80.23755646,48469,48479,10
13.07656956,80.23809052,48479,48489,10
13.07676029,80.23886108,48489,48499,10
13.07697964,80.23973083,48499,48509,10
13.07723045,80.24067688,48509,48519,10
13.07732964,80.2412262,48519,48529,10
13.07742977,80.24172211,48529,48539,10
13.07761002,80.24250031,48539,48550,11
13.07773972,80.24350739,48550,48561,11
13.07773018,80.24430847,48561,48571,10
13.0777998,80.24504089,48571,48581,10
13.07787037,80.24595642,48581,48591,10
13.0780201,80.24691772,48591,48601,10
13.07820988,80.24791718,48601,48611,10
13.07841969,80.24871826,48611,48621,10
13.07861042,80.2495575,48621,48631,10
13.07855988,80.25034332,48631,48641,10
13.07847023,80.2509079,48641,48651,10
13.07851982,80.25151062,48651,48662,11
13.07835007,80.25163269,48662,48672,10
13.07816029,80.25166321,48672,48682,10
13.07763004,80.25176239,48682,48692,10
13.07693958,80.25189209,48692,48702,10
13.07629967,80.25208282,48702,48712,10
13.07546043,80.25213623,48712,48722,10
13.0749197,80.25218201,48722,48732,10
13.07441044,80.25218964,48732,48742,10
13.07409,80.25221252,48742,48752,10
13.07392025,80.25231171,48752,48763,11
13.07345963,80.25235748,48763,48773,10
13.07291031,80.25229645,48773,48783,10
13.07231998,80.25202942,48783,48793,10
13.07211971,80.25131989,48793,48803,10
13.07196999,80.25074005,48803,48813,10
13.07176018,80.25015259,48813,48823,10
13.07153988,80.24938202,48823,48833,10
13.07137012,80.24842072,48833,48843,10
13.07108021,80.24754333,48843,48853,10
13.07083988,80.24700928,48853,48863,10
13.07052994,80.2463913,48863,48873,10
13.07017994,80.24562836,48873,48884,11
13.06976986,80.24463654,48884,48894,10
13.06945992,80.24371338,48894,48904,10
13.0692997,80.24326324,48904,48914,10
13.06929016,80.24326324,48914,48924,10
13.06925964,80.24317169,48924,48934,10
13.06919956,80.24276733,48934,48944,10
13.06888008,80.24249268,48944,48954,10
13.06820011,80.24266052,48954,48964,10
13.06744003,80.24291229,48964,48974,10
13.06661987,80.24326324,48974,48984,10
13.06610012,80.24371338,48984,48995,11
13.06616974,80.24453735,48995,49005,10
13.06628036,80.24539185,49005,49015,10
13.06669044,80.24597931,49015,49025,10
13.06737995,80.24629211,49025,49035,10
13.06781006,80.24655914,49035,49045,10
13.06779957,80.24655914,49045,49055,10
13.06783962,80.24661255,49055,49065,10
13.06785011,80.24710846,49065,49075,10
13.06777,80.24772644,49075,49085,10
13.06729984,80.24784088,49085,49096,11
13.06643009,80.24781799,49096,49106,10
13.06548023,80.24780273,49106,49116,10
13.06457043,80.24770355,49116,49126,10
13.06367016,80.24762726,49126,49136,10
13.06274033,80.24758911,49136,49146,10
13.06184006,80.24755859,49146,49156,10
13.06136036,80.24713135,49156,49166,10
13.06159019,80.24672699,49166,49176,10
13.06186962,80.24620819,49176,49186,10
13.06200027,80.24543762,49186,49197,11
13.06237984,80.24484253,49197,49207,10
13.06307983,80.24433136,49207,49227,20
13.06307983,80.24433136,49227,49237,10
13.06326962,80.24407196,49237,49247,10
13.06346035,80.24363708,49247,49257,10
13.06311035,80.24343872,49257,49267,10
13.06260014,80.24333191,49267,49277,10
13.06206036,80.24324036,49277,49287,10
13.06184006,80.24318695,49287,49297,10
13.06134033,80.24313354,49297,49318,21
13.06134033,80.24313354,49318,49328,10
13.06070995,80.24291992,49328,49358,30
13.06070995,80.24291992,49358,49368,10
13.06029034,80.24279022,49368,49378,10
13.05982018,80.24266052,49378,49388,10
13.05879974,80.24256134,49388,49408,20
13.05879974,80.24256134,49408,49419,11
13.05850029,80.24262238,49419,49429,10
13.05809021,80.24273682,49429,49439,10
13.05704975,80.24279785,49439,49459,20
13.05704975,80.24279785,49459,49469,10
13.05681992,80.24269104,49469,49479,10
13.0564003,80.24255371,49479,49489,10
13.05591011,80.24230194,49489,49499,10
13.05533028,80.24227905,49499,49509,10
13.05455971,80.24239349,49509,49519,10
13.05370045,80.2421875,49519,49540,21
13.05370045,80.2421875,49540,49550,10
13.05352974,80.24208069,49550,49560,10
13.05303001,80.24183655,49560,49570,10
13.05245018,80.24156189,49570,49580,10
13.0520401,80.2408905,49580,49610,30
13.0520401,80.2408905,49610,49620,10
13.05175018,80.24067688,49620,49630,10
13.05171967,80.24067688,49630,49641,11
13.05138016,80.24060059,49641,49661,20
13.05138016,80.24060059,49661,49671,10
13.05113983,80.24057007,49671,49681,10
13.05090046,80.24050903,49681,49690,9
13.0507803,80.24047852,49690,49701,11
13.05023956,80.24035645,49701,49710,9
13.04971981,80.240242,49710,49721,11
13.04936028,80.24014282,49721,49731,10
13.04881954,80.24004364,49731,49741,10
13.04811954,80.23989868,49741,49752,11
13.04743004,80.23973846,49752,49762,10
13.04691982,80.23960876,49762,49772,10
13.04642963,80.23954773,49772,49832,60
13.04642963,80.23954773,49832,49842,10
13.04617977,80.23934174,49842,49853,11
13.04634953,80.2388916,49853,49863,10
13.04648018,80.2382431,49863,49873,10
13.04666042,80.2375412,49873,49883,10
13.04683971,80.23680878,49883,49893,10
13.04697037,80.23618317,49893,49903,10
13.04703999,80.23583221,49903,49913,10
13.04706001,80.23574066,49913,49923,10
13.04710007,80.23542786,49923,49933,10
13.04718018,80.23490143,49933,49942,9
13.04724026,80.23420715,49942,49952,10
13.04730034,80.23365021,49952,49964,12
13.04734993,80.23322296,49964,49974,10
13.04724026,80.23298645,49974,49984,10
13.04671955,80.23291016,49984,49994,10
13.04601955,80.23274994,49994,50004,10
13.04508972,80.23253632,50004,50034,30
13.04508972,80.23253632,50034,50044,10
13.04491997,80.23262787,50044,50054,10
13.04454041,80.23252869,50054,50064,10
13.04384995,80.23238373,50064,50075,11
13.04308987,80.23229218,50075,50085,10
13.04238987,80.23226929,50085,50095,10
13.04168034,80.23220062,50095,50105,10
13.04086971,80.23200226,50105,50115,10
13.04006958,80.23171234,50115,50125,10
13.03919983,80.23146057,50125,50135,10
13.03837967,80.23124695,50135,50145,10
13.03752995,80.23097229,50145,50155,10
13.03691006,80.2307663,50155,50165,10
13.03666019,80.23069763,50165,50176,11
13.03604984,80.23049164,50176,50186,10
13.03555965,80.23033905,50186,50196,10
13.03524971,80.23026276,50196,50206,10
13.03485966,80.23023987,50206,50216,10
13.03444958,80.23032379,50216,50226,10
13.03417015,80.23036957,50226,50236,10
13.03407001,80.2303772,50236,50246,10
13.03343964,80.2303772,50246,50307,61
13.03343964,80.2303772,50307,50317,10
13.03312016,80.23036957,50317,50333,16
13.03221035,80.23047638,50333,50345,12
13.03129959,80.23059082,50345,50355,10
13.03081036,80.23065948,50355,50365,10
13.03059006,80.23069,50365,50375,10
13.02993965,80.23074341,50375,50395,20
13.02993965,80.23074341,50395,50406,11
13.02984047,80.2307663,50406,50416,10
13.02947044,80.23082733,50416,50426,10
13.02886009,80.23085785,50426,50435,9
13.02826023,80.23091888,50435,50446,11
13.02766037,80.23101044,50446,50454,8
13.02764034,80.23129272,50454,50465,11
13.02773952,80.23210144,50465,50476,11
13.02783966,80.23274994,50476,50486,10
13.02744961,80.23284149,50486,50495,9
13.02705002,80.23291779,50495,50507,12
13.0269804,80.23293304,50507,50517,10
13.02680969,80.23296356,50517,50527,10
13.02647972,80.23294067,50527,50537,10
13.02626038,80.23246765,50537,50547,10
13.02608013,80.23175049,50547,50557,10
13.02589035,80.23097992,50557,50567,10
13.0255003,80.23014069,50567,50577,10
13.02478981,80.22924042,50577,50597,20
13.02478981,80.22924042,50597,50607,10
13.02466011,80.22907257,50607,50618,11
13.02439976,80.22872925,50618,50628,10
13.02408028,80.22836304,50628,50648,20
13.02408028,80.22836304,50648,50658,10
13.0240202,80.22828674,50658,50674,16
13.02357006,80.22775269,50674,50686,12
13.02313995,80.22730255,50686,50694,8
13.02272987,80.22689819,50694,50705,11
13.02212048,80.22638702,50705,50716,11
13.02163982,80.2259903,50716,50727,11
13.0211401,80.22560883,50727,50737,10
13.02089977,80.22538757,50737,50747,10
13.02089024,80.22538757,50747,50757,10
13.02062035,80.22521973,50757,50767,10
13.02001953,80.22483826,50767,50777,10
13.01930046,80.22445679,50777,50788,11
13.01844025,80.22460175,50788,50798,10
13.01743031,80.22502136,50798,50808,10
13.01681042,80.22530365,50808,50818,10
13.01648045,80.22543335,50818,50829,11
13.01618004,80.22551727,50829,50839,10
13.01562977,80.22570801,50839,50849,10
13.01494026,80.2259903,50849,50859,10
13.01453972,80.2261734,50859,50869,10
13.01432991,80.22625732,50869,50879,10
13.01426983,80.2263031,50879,50888,9
13.01393986,80.22640991,50888,50899,11
13.01331043,80.22662354,50899,50909,10
13.01243973,80.2269516,50909,50919,10
13.01152039,80.22731018,50919,50929,10
13.0105896,80.22766113,50929,50940,11
13.00957966,80.22808075,50940,50950,10
13.00907993,80.22869873,50950,50960,10
13.00889015,80.22969055,50960,50970,10
13.00866985,80.23082733,50970,50980,10
13.00846004,80.23195648,50980,50990,10
13.0082798,80.23294067,50990,51000,10
13.00815964,80.2336731,51000,51010,10
13.0081501,80.23371887,51010,51020,10
13.00809002,80.23397827,51020,51030,10
13.00798035,80.23448181,51030,51040,10
13.00786018,80.23513031,51040,51051,11
13.00769043,80.23600006,51051,51061,10
13.00751972,80.23687744,51061,51071,10
13.00737,80.23764038,51071,51081,10
13.00724983,80.23829651,51081,51091,10
13.00714016,80.23886871,51091,51101,10
13.00710011,80.23905945,51101,51111,10
13.00704002,80.2394104,51111,51121,10
13.00687981,80.24008942,51121,51131,10
13.00677967,80.24072266,51131,51141,10
13.00675964,80.24093628,51141,51152,11
13.00671959,80.24157715,51152,51162,10
13.00669956,80.24217224,51162,51172,10
13.00669956,80.24223328,51172,51182,10
13.00669956,80.24243927,51182,51192,10
13.00669956,80.24276733,51192,51202,10
13.00667953,80.24304199,51202,51212,10
13.00669003,80.24336243,51212,51222,10
13.00669003,80.24363708,51222,51232,10
13.00667953,80.24411011,51232,51252,20
13.00667953,80.24411011,51252,51263,11
13.00664997,80.24434662,51263,51273,10
13.00666046,80.24466705,51273,51283,10
13.00664997,80.24507141,51283,51293,10
13.00667953,80.24556732,51293,51303,10
13.00671959,80.24619293,51303,51313,10
13.00673962,80.24668121,51313,51323,10
13.00675011,80.24697876,51323,51333,10
13.00671959,80.24754333,51333,51343,10
13.00673008,80.24835205,51343,51353,10
13.00683975,80.24932098,51353,51374,21
13.00683975,80.24932098,51374,51384,10
13.00683975,80.24960327,51384,51394,10
13.00681019,80.2501297,51394,51404,10
13.00681019,80.25090027,51404,51414,10
13.0067997,80.25131989,51414,51444,30
13.0067997,80.25131989,51444,51454,10
13.00667953,80.25164795,51454,51464,10
13.00654984,80.2522583,51464,51474,10
13.00652027,80.25305176,51474,51485,11
13.00652027,80.25392914,51485,51495,10
13.00656986,80.2546463,51495,51505,10
13.00658035,80.25495148,51505,51515,10
13.00656986,80.25511169,51515,51525,10
13.00656986,80.25566864,51525,51535,10
13.00658035,80.25640869,51535,51545,10
13.00658989,80.25688171,51545,51555,10
13.00662041,80.25705719,51555,51565,10
13.00656033,80.25749207,51565,51575,10
13.00625992,80.25753021,51575,51586,11
13.00580978,80.25737,51586,51596,10
13.00529957,80.25727844,51596,51606,10
13.00473976,80.2571106,51606,51616,10
13.00438023,80.25704956,51616,51656,40
13.00438023,80.25704956,51656,51666,10
13.00426006,80.25701141,51666,51676,10
13.00415993,80.2569809,51676,51686,10
13.00409031,80.25695801,51686,51697,11
13.00382042,80.25691986,51697,51707,10
13.00360966,80.25688171,51707,51717,10
13.00337029,80.25682068,51717,51727,10
13.00306034,80.25672913,51727,51737,10
13.00267982,80.25666046,51737,51747,10
13.00218964,80.25657654,51747,51757,10
13.00133991,80.25649261,51757,51848,91
13.00133991,80.25649261,51848,51858,10
13.00096989,80.25643158,51858,51868,10
13.00028038,80.25630951,51868,51878,10
12.99997044,80.25624847,51878,51888,10
12.99977016,80.25618744,51888,51908,20
12.99977016,80.25618744,51908,51919,11
12.99965954,80.25617981,51919,51929,10
12.99929047,80.25610352,51929,51939,10
12.9988203,80.2559967,51939,51949,10
12.99831009,80.25595093,51949,51959,10
12.99777985,80.25588989,51959,51969,10
12.99722004,80.25588226,51969,51979,10
12.9971199,80.25588989,51979,51989,10
12.9968996,80.25601196,51989,51999,10
12.99687958,80.25615692,51999,52009,10
12.99685955,80.25626373,52009,52020,11
12.99682045,80.25672913,52020,52030,10
12.99680996,80.25691223,52030,52040,10
12.99676037,80.25737762,52040,52050,10
12.9966898,80.2579422,52050,52060,10
12.99664974,80.25836182,52060,52070,10
12.99658966,80.25906372,52070,52080,10
12.99650002,80.25966644,52080,52090,10
12.99641991,80.26052856,52090,52100,10
12.99633026,80.2614212,52100,52110,10
12.99629974,80.26184082,52110,52120,10
12.99621964,80.26229858,52120,52131,11
12.99619961,80.26235962,52131,52141,10
12.99615955,80.26249695,52141,52151,10
12.99610996,80.26304626,52151,52161,10
12.99604034,80.26384735,52161,52171,10
12.99594021,80.26480103,52171,52181,10
12.99590969,80.26522064,52181,52192,11
12.99588013,80.26551056,52192,52201,9
12.99580956,80.26618195,52201,52212,11
12.99569988,80.26718903,52212,52222,10
12.99617958,80.2677002,52222,52263,41
12.99617958,80.2677002,52263,52273,10
12.99652958,80.26780701,52273,52283,10
12.99715996,80.26773071,52283,52293,10
12.99783993,80.26753998,52293,52303,10
12.99825954,80.26740265,52303,52313,10
12.99833965,80.26734924,52313,52323,10
12.9987402,80.26725006,52323,52333,10
12.99944973,80.26702118,52333,52344,11
13.00006008,80.26663208,52344,52354,10
13.00014019,80.2664032,52354,52364,10
13.0002203,80.26582336,52364,52374,10
13.00034046,80.26593018,52374,53080,706
13.00024986,80.2662735,53080,53121,41
13.00024986,80.2662735,53121,53131,10
13.00024033,80.26663208,53131,53141,10
12.99989986,80.26686859,53141,53151,10
12.9991703,80.26703644,53151,53161,10
12.9982996,80.26730347,53161,53171,10
12.99736023,80.26759338,53171,53181,10
12.99645996,80.2677536,53181,53191,10
12.99588966,80.2677002,53191,53201,10
12.9956398,80.26747131,53201,53222,21
12.9956398,80.26747131,53222,53232,10
12.99571991,80.26721191,53232,53242,10
12.99578953,80.26660156,53242,53252,10
12.99588013,80.26571655,53252,53262,10
12.99600029,80.26470184,53262,53272,10
12.99610996,80.26361084,53272,53282,10
12.99619961,80.26277924,53282,53292,10
12.99621964,80.26262665,53292,53302,10
12.99627018,80.26228333,53302,53312,10
12.9963398,80.26164246,53312,53323,11
12.99643993,80.26081085,53323,53333,10
12.99652004,80.26004791,53333,53343,10
12.9965601,80.25940704,53343,53353,10
12.9965601,80.2592926,53353,53363,10
12.99662971,80.25875854,53363,53373,10
12.99672031,80.25798035,53373,53383,10
12.99680996,80.25711823,53383,53393,10
12.99685001,80.25647736,53393,53403,10
12.99687958,80.2561264,53403,53434,31
12.99687958,80.2561264,53434,53444,10
12.99689007,80.25595856,53444,53454,10
12.99730015,80.25583649,53454,53464,10
12.99752998,80.25585938,53464,53474,10
12.99771976,80.25589752,53474,53484,10
12.99829006,80.25596619,53484,53494,10
12.99876976,80.25602722,53494,53504,10
12.99878025,80.25602722,53504,53514,10
12.99897003,80.25605011,53514,53524,10
12.99923992,80.25610352,53524,53535,11
12.99991035,80.25624084,53535,53545,10
13.00061989,80.25640106,53545,53555,10
13.00129032,80.25652313,53555,53565,10
13.00185966,80.25662231,53565,53575,10
13.00222015,80.25666809,53575,53585,10
13.00255966,80.2567215,53585,53595,10
13.00290012,80.25679016,53595,53605,10
13.00317001,80.25684357,53605,53615,10
13.0034399,80.25691986,53615,53625,10
13.00352001,80.25694275,53625,53635,10
13.00380993,80.25700378,53635,53646,11
13.00417042,80.25708771,53646,53656,10
13.00452042,80.25714874,53656,53666,10
13.00516033,80.25726318,53666,53676,10
13.00603962,80.2574234,53676,53686,10
13.00648975,80.25739288,53686,53696,10
13.00646019,80.25681305,53696,53706,10
13.00646019,80.25595856,53706,53716,10
13.00650978,80.25502777,53716,53726,10
13.00650978,80.25411987,53726,53736,10
13.0065403,80.25324249,53736,53767,31
13.0065403,80.25324249,53767,53777,10
13.00656033,80.25311279,53777,53787,10
13.00656986,80.25296783,53787,53797,10
13.00656033,80.25258636,53797,53807,10
13.00664043,80.25211334,53807,53898,91
13.00664043,80.25211334,53898,53908,10
13.00673008,80.25177765,53908,53918,10
13.00681019,80.25110626,53918,53928,10
13.00681019,80.25025177,53928,53944,16
13.00677013,80.24874115,53944,53956,12
13.00667,80.24764252,53956,54077,121
13.00667,80.24764252,54077,54088,11
13.00666046,80.24742126,54088,54098,10
13.00667953,80.24707794,54098,54108,10
13.00660038,80.24653625,54108,54128,20
13.00660038,80.24653625,54128,54138,10
13.00664043,80.24627686,54138,54148,10
13.00662994,80.24569702,54148,54158,10
13.00662994,80.24514771,54158,54168,10
13.00660992,80.24459076,54168,54178,10
13.00662041,80.2442627,54178,54189,11
13.00660992,80.24391937,54189,54199,10
13.00662041,80.24356842,54199,54209,10
13.00658035,80.24294281,54209,54219,10
13.00654984,80.24212646,54219,54229,10
13.00656033,80.24166107,54229,54239,10
13.00662994,80.24121857,54239,54249,10
13.00669003,80.24063873,54249,54259,10
13.00675011,80.24034882,54259,54269,10
13.00687981,80.23976135,54269,54279,10
13.00699997,80.2389679,54279,54290,11
13.00716972,80.23806763,54290,54300,10
13.00732994,80.23737335,54300,54310,10
13.00739956,80.236763,54310,54320,10
13.00739956,80.23674774,54320,54330,10
13.00741959,80.23665619,54330,54340,10
13.00755024,80.23625183,54340,54350,10
13.00769043,80.23557281,54350,54360,10
13.00786018,80.23475647,54360,54370,10
13.00804043,80.23387909,54370,54380,10
13.00823021,80.23290253,54380,54390,10
13.00844955,80.23175049,54390,54401,11
13.00874043,80.23052216,54401,54410,9
13.00891972,80.22955322,54410,54421,11
13.00914001,80.22841644,54421,54431,10
13.0095396,80.22737122,54431,54441,10
13.01000977,80.22634888,54441,54451,10
13.01051044,80.22537994,54451,54461,10
13.01082039,80.22467041,54461,54471,10
13.01105976,80.22413635,54471,54481,10
13.01136017,80.22344971,54481,54491,10
13.01165962,80.22263336,54491,54501,10
13.01198006,80.22181702,54501,54512,11
13.01224041,80.22149658,54512,54522,10
13.01243973,80.22167969,54522,54532,10
13.01278019,80.22212219,54532,54542,10
13.0131197,80.22239685,54542,54552,10
13.01313972,80.22241974,54552,54562,10
13.01334953,80.22267151,54562,54572,10
13.0135603,80.22292328,54572,54582,10
13.01393986,80.22338104,54582,54592,10
13.01432037,80.22380829,54592,54602,10
13.01492023,80.22444916,54602,54613,11
13.01537037,80.22485352,54613,54633,20
13.01537037,80.22485352,54633,54643,10
13.01550007,80.22502136,54643,54653,10
13.0156002,80.22512054,54653,54663,10
13.01599979,80.22537231,54663,54673,10
13.01679039,80.22522736,54673,54683,10
13.0177803,80.224823,54683,54693,10
13.01881027,80.22441101,54693,54703,10
13.01949978,80.22447968,54703,54712,9
13.01955986,80.22451782,54712,54724,12
13.01990986,80.22473907,54724,54734,10
13.02044964,80.22509766,54734,54744,10
13.02108955,80.22557068,54744,54754,10
13.02194023,80.22615051,54754,54774,20
13.02194023,80.22615051,54774,54784,10
13.02200985,80.22619629,54784,54794,10
13.02231026,80.22647858,54794,54804,10
13.02283955,80.2269516,54804,54814,10
13.0234499,80.22750854,54814,54824,10
13.02400017,80.22801971,54824,54835,11
13.02423,80.22825623,54835,54845,10
13.02429962,80.2283783,54845,54855,10
13.02449036,80.22868347,54855,54865,10
13.02480984,80.22915649,54865,54875,10
13.02525043,80.2297287,54875,54885,10
13.02573967,80.23046875,54885,54895,10
13.02595997,80.23108673,54895,54905,10
13.02598,80.23127747,54905,54915,10
13.02620983,80.23123932,54915,54925,10
13.02657986,80.23116302,54925,54936,11
13.02727985,80.23101044,54936,54946,10
13.02791023,80.23091888,54946,54956,10
13.02832985,80.23088074,54956,54996,40
13.02832985,80.23088074,54996,55006,10
13.02877045,80.23082733,55006,55016,10
13.02912045,80.2308197,55016,55026,10
13.02956009,80.23078156,55026,55036,10
13.03009033,80.23074341,55036,55047,11
13.03052044,80.23071289,55047,55057,10
13.03081036,80.23069763,55057,55067,10
13.03145981,80.23065948,55067,55077,10
13.03223038,80.23059082,55077,55087,10
13.03283978,80.23052979,55087,55097,10
13.03332996,80.23049927,55097,55107,10
13.03407955,80.23040771,55107,55158,51
13.03407955,80.23040771,55158,55168,10
13.0343399,80.23040771,55168,55178,10
13.03466034,80.23036194,55178,55188,10
13.03489971,80.23040771,55188,55198,10
13.03489971,80.23055267,55198,55208,10
13.03491974,80.23071289,55208,55218,10
13.03487968,80.23114014,55218,55228,10
13.03479958,80.23155975,55228,55238,10
13.03472996,80.2322998,55238,55248,10
13.03462982,80.23300934,55248,55258,10
13.03454971,80.23358154,55258,55269,11
13.0344696,80.23425293,55269,55279,10
13.0343399,80.23509979,55279,55289,10
13.03425026,80.23597717,55289,55299,10
13.03419971,80.23684692,55299,55309,10
13.03417969,80.23700714,55309,55319,10
13.03417015,80.23709869,55319,55335,16
13.03454971,80.23779297,55335,55347,12
13.03493977,80.23845673,55347,55357,10
13.0352602,80.23903656,55357,55367,10
13.03571987,80.23931885,55367,55378,11
13.03641987,80.23941803,55378,55388,10
13.03715992,80.23953247,55388,55398,10
13.03794956,80.23959351,55398,55408,10
13.03868961,80.23970032,55408,55418,10
13.0394001,80.2397995,55418,55428,10
13.03999043,80.23986816,55428,55438,10
13.04018021,80.23990631,55438,55448,10
13.04034042,80.24019623,55448,55458,10
13.04039001,80.24046326,55458,55468,10
13.04088974,80.24054718,55468,55478,10
13.04098988,80.24057007,55478,55489,11
13.04113007,80.2405777,55489,55499,10
13.0415802,80.24063873,55499,55508,9
13.04211044,80.24067688,55508,55519,11
13.04261017,80.24079895,55519,55529,10
13.04318047,80.24085999,55529,55538,9
13.04405975,80.24082184,55538,55559,21
13.04405975,80.24082184,55559,55569,10
13.04442024,80.24062347,55569,55579,10
13.04493999,80.24024963,55579,55590,11
13.04557991,80.23983765,55590,55600,10
13.04598045,80.23948669,55600,55610,10
13.04636002,80.2395401,55610,55620,10
13.0464201,80.23957062,55620,55630,10
13.04681015,80.23963165,55630,55640,10
13.0474596,80.2397995,55640,55650,10
13.0481596,80.23995209,55650,55660,10
13.04876041,80.24002075,55660,55670,10
13.0489397,80.24008179,55670,55680,10
13.04934025,80.24014282,55680,55691,11
13.04998016,80.24030304,55691,55701,10
13.05115986,80.24056244,55701,55721,20
13.05115986,80.24056244,55721,55731,10
13.05142021,80.2406311,55731,55741,10
13.05195999,80.24072266,55741,55751,10
13.05222034,80.24079132,55751,55781,30
13.05222034,80.24079132,55781,55791,10
13.05245972,80.24108887,55791,55802,11
13.05263042,80.24160767,55802,55812,10
13.05325031,80.2419281,55812,55822,10
13.05395985,80.24221802,55822,55842,20
13.05395985,80.24221802,55842,55852,10
13.05408955,80.24224854,55852,55862,10
13.05457973,80.24230957,55862,55872,10
13.05523968,80.24217987,55872,55882,10
13.05595016,80.24230957,55882,55892,10
13.05652046,80.24256134,55892,55902,10
13.05679989,80.24256897,55902,55923,21
13.05679989,80.24256897,55923,55933,10
13.05696011,80.24262238,55933,55943,10
13.05739975,80.2427597,55943,55953,10
13.05764008,80.24272919,55953,55963,10
13.05780029,80.24268341,55963,55973,10
13.05821991,80.24256134,55973,55983,10
13.05879974,80.24252319,55983,55993,10
13.05914021,80.24249268,55993,56003,10
13.05959988,80.2425766,56003,56014,11
13.06025982,80.24282074,56014,56024,10
13.06050968,80.24291992,56024,56034,10
13.06091976,80.2430191,56034,56044,10
13.06103992,80.24305725,56044,56054,10
13.06140995,80.2431488,56054,56064,10
13.06192017,80.24320221,56064,56074,10
13.0623703,80.2432785,56074,56084,10
13.06239986,80.2432785,56084,56094,10
13.06252003,80.24330902,56094,56104,10
13.06295013,80.2434082,56104,56114,10
13.06361961,80.24347687,56114,56125,11
13.06447983,80.24349213,56125,56135,10
13.06542969,80.24350739,56135,56145,10
13.06608963,80.24336243,56145,56155,10
13.06647968,80.24324036,56155,56165,10
13.06694031,80.24305725,56165,56175,10
13.06739998,80.24289703,56175,56185,10
13.06807995,80.24268341,56185,56195,10
13.06882,80.24243164,56195,56205,10
13.06954002,80.24217224,56205,56215,10
13.06995964,80.24204254,56215,56226,11
13.06997013,80.24204254,56226,56236,10
13.07028008,80.24201965,56236,56246,10
13.07079029,80.24182129,56246,56256,10
13.07124996,80.24162292,56256,56266,10
13.07176018,80.24136353,56266,56276,10
13.07217979,80.24112701,56276,56286,10
13.07269001,80.24085236,56286,56296,10
13.0733099,80.24066162,56296,56306,10
13.07396984,80.24047852,56306,56316,10
13.07485008,80.240448,56316,56332,16
13.07637024,80.24047852,56332,56345,13
13.07703972,80.24051666,56345,56355,10
13.07711029,80.24019623,56355,56365,10
13.07678032,80.23892212,56365,56385,20
13.07678032,80.23892212,56385,56395,10
13.07674026,80.23873901,56395,56405,10
13.07668018,80.23842621,56405,56415,10
13.07660961,80.23809814,56415,56425,10
13.07656956,80.23790741,56425,56435,10
13.07647038,80.23755646,56435,56446,11
13.07647991,80.23755646,56446,56456,10
13.07641029,80.23725891,56456,56466,10
13.07631016,80.23665619,56466,56476,10
13.07619953,80.23583221,56476,56486,10
13.07602024,80.23486328,56486,56496,10
13.07584,80.23428345,56496,56506,10
13.07583046,80.23425293,56506,56516,10
13.07579994,80.23413849,56516,56526,10
13.07590008,80.23377991,56526,56536,10
13.07621956,80.23371124,56536,56546,10
13.0766201,80.23361969,56546,56557,11
13.07676983,80.23362732,56557,56567,10
13.07726002,80.23352051,56567,56577,10
13.07793045,80.23343658,56577,56587,10
13.07853031,80.23342896,56587,56597,10
13.07929039,80.23342896,56597,56607,10
13.08006954,80.2334137,56607,56617,10
13.08024025,80.23343658,56617,56627,10
13.08057976,80.23348999,56627,56637,10
13.08121014,80.23345947,56637,56647,10
13.08181953,80.23351288,56647,56658,11
13.08193016,80.23303223,56658,56668,10
13.0821104,80.23232269,56668,56678,10
13.0823698,80.23149872,56678,56688,10
13.08244991,80.2313385,56688,56698,10
13.08259964,80.23107147,56698,56708,10
13.08275986,80.23069763,56708,56718,10
13.08306026,80.2307663,56718,56728,10
13.08312035,80.23121643,56728,56738,10
13.08314991,80.23197937,56738,56748,10
13.08320999,80.23249817,56748,56758,10
13.08327961,80.23287201,56758,56769,11
13.08341026,80.23336792,56769,56779,10
13.08343983,80.2335968,56779,56789,10
13.08374023,80.23384094,56789,56799,10
13.08399963,80.23390961,56799,56809,10
13.08405972,80.23397064,56809,56819,10
13.08440018,80.23406982,56819,56829,10
13.08500004,80.23419189,56829,56839,10
13.08574009,80.23435974,56839,56849,10
13.08646965,80.23449707,56849,56859,10
13.08722973,80.23455811,56859,56869,10
13.08788013,80.23420715,56869,56880,11
13.08798027,80.23339844,56880,56890,10
13.08815956,80.23253632,56890,56900,10
13.08841991,80.23153687,56900,56910,10
13.08876991,80.23068237,56910,56920,10
13.08887005,80.23049164,56920,56930,10
13.08895016,80.23033905,56930,56940,10
13.08922005,80.22982788,56940,56950,10
13.08969975,80.22911835,56950,56960,10
13.09039974,80.22834778,56960,56970,10
13.09140015,80.22727203,56970,56991,21
13.09140015,80.22727203,56991,57001,10
13.0916996,80.22699738,57001,57011,10
13.09224033,80.22644043,57011,57021,10
13.09292984,80.2257309,57021,57031,10
13.09329033,80.22531128,57031,57041,10
13.09354019,80.22505951,57041,57051,10
13.09397984,80.22457123,57051,57061,10
13.09451962,80.22382355,57061,57071,10
13.0951004,80.22284698,57071,57081,10
13.09552956,80.22174072,57081,57092,11
13.09587955,80.22075653,57092,57102,10
13.09607983,80.22010803,57102,57112,10
13.0961504,80.21990967,57112,57122,10
13.09634972,80.21925354,57122,57152,30
13.09634972,80.21925354,57152,57162,10
13.09642982,80.21898651,57162,57172,10
13.09655952,80.21868134,57172,57182,10
13.09677029,80.21804047,57182,57193,11
13.09704971,80.21723938,57193,57203,10
13.09714031,80.21700287,57203,57213,10
13.09724998,80.21679688,57213,57223,10
13.09749985,80.21617889,57223,57233,10
13.09786034,80.21533966,57233,57243,10
13.09821033,80.21447754,57243,57253,10
13.09842014,80.21405029,57253,57263,10
13.09871006,80.21401215,57263,57273,10
13.09930992,80.21425629,57273,57283,10
13.10011959,80.21446228,57283,57312,29
13.10011959,80.21446228,57312,57322,10
13.10041046,80.21459198,57322,57362,40
13.10041046,80.21459198,57362,57372,10
13.10058022,80.21473694,57372,57382,10
13.10041046,80.21514893,57382,57392,10
13.10011005,80.21579742,57392,57402,10
13.09998989,80.21604156,57402,57413,11
13.09986973,80.21589661,57413,57423,10
13.09998035,80.21560669,57423,57433,10
13.10021019,80.21515656,57433,57443,10
13.10031033,80.21488953,57443,58250,807
13.10031033,80.21488953,58250,58260,10
13.10025024,80.21468353,58260,58271,11
13.10023975,80.21463013,58271,58281,10
13.10015011,80.21453094,58281,58291,10
13.09986019,80.21440887,58291,58301,10
13.09969997,80.21437073,58301,58311,10
13.09941006,80.2142868,58311,58321,10
13.0988903,80.21411896,58321,58331,10
13.09852028,80.21399689,58331,58341,10
13.09836006,80.21425629,58341,58351,10
13.09809971,80.21485901,58351,58361,10
13.09780025,80.21562958,58361,58371,10
13.09745026,80.21642303,58371,58382,11
13.09735012,80.21672058,58382,58392,10
13.09724998,80.21694946,58392,58402,10
13.09702015,80.21756744,58402,58412,10
13.09671021,80.21843719,58412,58422,10
13.09636021,80.21945953,58422,58432,10
13.09599018,80.22048187,58432,58442,10
13.09572983,80.22132874,58442,58452,10
13.09545994,80.22212982,58452,58462,10
13.09539032,80.22238159,58462,58472,10
13.09525967,80.22264099,58472,58483,11
13.09504032,80.22319031,58483,58493,10
13.09457016,80.22386169,58493,58503,10
13.09399033,80.224617,58503,58513,10
13.09356022,80.22514343,58513,58523,10
13.09309959,80.22561646,58523,58533,10
13.09247971,80.22624969,58533,58543,10
13.09179974,80.22693634,58543,58553,10
13.09113979,80.22767639,58553,58573,20
13.09113979,80.22767639,58573,58583,10
13.09092045,80.22789764,58583,58594,11
13.09043026,80.2284317,58594,58603,9
13.08983994,80.22905731,58603,58614,11
13.0892601,80.22988892,58614,58624,10
13.08909988,80.23023224,58624,58634,10
13.08889961,80.23069763,58634,58644,10
13.08878994,80.23094177,58644,58654,10
13.08874989,80.23101807,58654,58664,10
13.08858013,80.23146057,58664,58674,10
13.08833981,80.23223877,58674,58684,10
13.08812046,80.23312378,58684,58694,10
13.08802986,80.23406982,58694,58705,11
13.08759022,80.23457336,58705,58715,10
13.08722019,80.23455811,58715,58725,10
13.08670044,80.23455048,58725,58735,10
13.08607006,80.23444366,58735,58765,30
13.08607006,80.23444366,58765,58775,10
13.0855999,80.23432159,58775,58785,10
13.08500957,80.23419189,58785,58795,10
13.08426952,80.23400116,58795,58806,11
13.08368015,80.23387909,58806,58826,20
13.08368015,80.23387909,58826,58836,10
13.08341026,80.23384094,58836,58846,10
13.08298016,80.23377228,58846,58856,10
13.08244038,80.23364258,58856,58866,10
13.08240032,80.23362732,58866,58875,9
13.08224964,80.2335968,58875,58885,10
13.08170033,80.23355865,58885,58896,11
13.08084011,80.23351288,58896,58906,10
13.08032036,80.23352051,58906,58917,11
13.07989979,80.23352051,58917,58927,10
13.07952023,80.23352814,58927,58937,10
13.07946014,80.2335434,58937,58947,10
13.07900047,80.23355865,58947,58957,10
13.07847977,80.23358154,58957,58967,10
13.07793045,80.23361206,58967,58977,10
13.07713985,80.23368835,58977,58987,10
13.07627964,80.2338562,58987,58997,10
13.07584953,80.23403168,58997,59007,10
13.0759201,80.23444366,59007,59017,10
13.07608032,80.23522186,59017,59028,11
13.07625008,80.23613739,59028,59038,10
13.07637978,80.23693085,59038,59048,10
13.07647991,80.23731232,59048,59058,10
13.07647991,80.23731995,59058,59068,10
13.07649994,80.23744202,59068,59078,10
13.0766201,80.23802185,59078,59118,40
13.0766201,80.23802185,59118,59128,10
13.07668018,80.23818207,59128,59139,11
13.07678986,80.2387619,59139,59149,10
13.07699966,80.23960114,59149,59159,10
13.07721996,80.2405014,59159,59169,10
13.07738018,80.24120331,59169,59179,10
13.07750988,80.24189758,59179,59189,10
13.07767963,80.24286652,59189,59199,10
13.0777998,80.24391937,59199,59209,10
13.07777977,80.24461365,59209,59219,10
13.0778904,80.24536133,59219,59229,10
13.07796001,80.24633789,59229,59239,10
13.07816982,80.2474823,59239,59250,11
13.07841969,80.24867249,59250,59260,10
13.07863998,80.24960327,59260,59270,10
13.0785799,80.25042725,59270,59280,10
13.07849979,80.25106049,59280,59290,10
13.07851982,80.2516098,59290,59300,10
13.0781002,80.2517395,59300,59310,10
13.07740021,80.2518692,59310,59320,10
13.07660961,80.25202179,59320,59330,10
13.07563019,80.25215149,59330,59340,10
13.07503033,80.25218201,59340,59351,11
13.07450008,80.25222778,59351,59361,10
13.07406998,80.25227356,59361,59371,10
13.07369995,80.25245667,59371,59381,10
13.07316971,80.25241852,59381,59392,11
13.07240009,80.25222015,59392,59402,10
13.0721302,80.25164795,59402,59412,10
13.07201958,80.25093079,59412,59422,10
13.07184029,80.25032806,59422,59432,10
13.07161045,80.2494812,59432,59442,10
13.07143974,80.24845123,59442,59452,10
13.07106018,80.24739075,59452,59463,11
13.07057953,80.24633026,59463,59473,10
13.0700798,80.2452774,59473,59483,10
13.06970024,80.24424744,59483,59492,9
13.06939983,80.24350739,59492,59503,11
13.06933975,80.24334717,59503,59512,9
13.06927967,80.24308014,59512,59523,11
13.06906033,80.24253082,59523,59533,10
13.06824017,80.24268341,59533,59543,10
13.0674696,80.24292755,59543,59553,10
13.06690025,80.24320221,59553,59564,11
13.06647968,80.24339294,59564,59574,10
13.06608963,80.24373627,59574,59584,10
13.06614017,80.24436188,59584,59594,10
13.06624031,80.24500275,59594,59604,10
13.06637955,80.24565887,59604,59614,10
13.06690979,80.24610901,59614,59624,10
13.06770039,80.24648285,59624,59634,10
13.0678196,80.24653625,59634,59644,10
13.06789017,80.24674225,59644,59654,10
13.0678997,80.24742889,59654,59664,10
13.06754017,80.24788666,59664,59675,11
13.06659031,80.24783325,59675,59685,10
13.06554985,80.24777222,59685,59695,10
13.06439018,80.24770355,59695,59705,10
13.06338978,80.24764252,59705,59715,10
13.06278038,80.24761963,59715,59725,10
13.06239033,80.247612,59725,59735,10
13.06179047,80.24754333,59735,59745,10
13.06140041,80.24713898,59745,59755,10
13.06155968,80.2468338,59755,59765,10
13.06182003,80.24648285,59765,59775,10
13.06196022,80.24588013,59775,59786,11
13.06223011,80.24517822,59786,59796,10
13.06284046,80.24475861,59796,59806,10
13.06311035,80.24440765,59806,59816,10
13.06315994,80.24433899,59816,59826,10
13.06340027,80.24382782,59826,59836,10
13.06320953,80.24349976,59836,59846,10
13.06274033,80.24340057,59846,59856,10
13.0625,80.24333954,59856,59866,10
13.0620203,80.24326324,59866,59876,10
13.06147957,80.2431488,59876,59887,11
13.06142998,80.24314117,59887,59897,10
13.06110954,80.24305725,59897,59907,10
13.06050014,80.24286652,59907,59917,10
13.05990028,80.24266815,59917,59926,9
13.05926991,80.24252319,59926,59937,11
13.05889034,80.24256134,59937,59957,20
13.05889034,80.24256134,59957,59967,10
13.0585804,80.24263763,59967,59977,10
13.05803013,80.24275208,59977,59987,10
13.05725956,80.24282074,59987,59998,11
13.05704021,80.24281311,59998,60008,10
13.05685997,80.2427597,60008,60018,10
13.05632019,80.24255371,60018,60028,10
13.05566025,80.24226379,60028,60038,10
13.05484009,80.24237823,60038,60048,10
13.05391979,80.24228668,60048,60068,20
13.05391979,80.24228668,60068,60078,10
13.05379963,80.24226379,60078,60088,10
13.05368996,80.24221802,60088,60098,10
13.05346012,80.2420578,60098,60109,11
13.0531702,80.24188995,60109,60135,26
13.0531702,80.24188995,60135,60147,12
13.05284023,80.24178314,60147,60157,10
13.05233955,80.2414093,60157,60167,10
13.05202961,80.24091339,60167,60177,10
13.05171967,80.24066925,60177,60187,10
13.05138016,80.2405777,60187,60197,10
13.05088043,80.24050903,60197,60207,10
13.05031967,80.24038696,60207,60218,11
13.04965973,80.24024963,60218,60228,10
13.04913998,80.24012756,60228,60238,10
13.04854012,80.24002075,60238,60248,10
13.04786968,80.23988342,60248,60258,10
13.04751968,80.2397995,60258,60268,10
13.04703999,80.23972321,60268,60278,10
13.04693031,80.23969269,60278,60288,10
13.04671955,80.23963928,60288,60298,10
13.04636002,80.23957062,60298,60308,10
13.04634953,80.23903656,60308,60319,11
13.04648018,80.23828888,60319,60329,10
13.04664993,80.23753357,60329,60339,10
13.04679966,80.23661804,60339,60349,10
13.04693031,80.23612213,60349,60359,10
13.04699993,80.23571777,60359,60369,10
13.04703999,80.23548126,60369,60379,10
13.04712009,80.23493958,60379,60389,10
13.0472002,80.23426819,60389,60399,10
13.04730034,80.23329926,60399,60409,10
13.0473299,80.23304749,60409,60419,10
13.04701996,80.23297882,60419,60430,11
13.04633999,80.23287201,60430,60440,10
13.04520035,80.23264313,60440,60460,20
13.04520035,80.23264313,60460,60470,10
13.04489994,80.23256683,60470,60480,10
13.04428959,80.23246765,60480,60490,10
13.04351044,80.23235321,60490,60500,10
13.04284,80.23232269,60500,60510,10
13.04203033,80.23229218,60510,60520,10
13.04121971,80.2321167,60520,60531,11
13.04008007,80.23171997,60531,60541,10
13.03903961,80.23142242,60541,60550,9
13.03826046,80.2312088,60550,60561,11
13.03719997,80.23087311,60561,60722,161
13.03719997,80.23087311,60722,60732,10
13.03705025,80.2307663,60732,60742,10
13.03682995,80.23069,60742,60763,21
13.03682995,80.23069,60763,60773,10
13.03652954,80.23059082,60773,60843,70
13.03652954,80.23059082,60843,60854,11
13.03629971,80.23053741,60854,60864,10
13.03598022,80.23046112,60864,60874,10
13.03549957,80.23032379,60874,60975,101
13.03549957,80.23032379,60975,60985,10
13.03509998,80.23020172,60985,60995,10
13.03466034,80.23026276,60995,61005,10
13.03419971,80.23039246,61005,61035,30
13.03419971,80.23039246,61035,61045,10
13.03380013,80.23042297,61045,61055,10
13.03343964,80.23046112,61055,61076,21
13.03343964,80.23046112,61076,61086,10
13.03312969,80.23045349,61086,61096,10
13.03246975,80.23052216,61096,61106,10
13.03162003,80.23061371,61106,61116,10
13.03087997,80.23069,61116,61126,10
13.03038025,80.23072815,61126,61136,10
13.02991962,80.23078156,61136,61146,10
13.02966022,80.23081207,61146,61166,20
13.02966022,80.23081207,61166,61177,11
13.02927971,80.23082733,61177,61187,10
13.02859974,80.23090363,61187,61197,10
13.02795982,80.23095703,61197,61207,10
13.02775002,80.23098755,61207,61217,10
13.02762032,80.23121643,61217,61227,10
13.0276804,80.23177338,61227,61236,9
13.02781963,80.23249054,61236,61247,11
13.02719975,80.23290253,61247,61308,61
13.02719975,80.23290253,61308,61318,10
13.02700996,80.2329483,61318,61328,10
13.02676964,80.23296356,61328,61338,10
13.02639008,80.23290253,61338,61348,10
13.02616024,80.23226166,61348,61358,10
13.02591991,80.23130035,61358,61368,10
13.02548027,80.23020172,61368,61378,10
13.02490997,80.22943878,61378,61399,21
13.02490997,80.22943878,61399,61409,10
13.02488041,80.22939301,61409,61419,10
13.02466011,80.22911835,61419,61429,10
13.02441978,80.22879791,61429,61439,10
13.02400017,80.22831726,61439,61459,20
13.02400017,80.22831726,61459,61475,16
13.02377987,80.22798157,61475,61487,12
13.02330017,80.22750092,61487,61495,8
13.02289963,80.22711182,61495,61507,12
13.02231979,80.22657776,61507,61518,11
13.02175999,80.22612,61518,61528,10
13.02126026,80.22570038,61528,61538,10
13.02083015,80.22537994,61538,61547,9
13.02056026,80.2252121,61547,61558,11
13.01992035,80.2247467,61558,61569,11
13.01902962,80.22444153,61569,61579,10
13.01790047,80.22480774,61579,61589,10
13.01683998,80.22522736,61589,61599,10
13.0162096,80.22548676,61599,61610,11
13.01541996,80.22576904,61610,61620,10
13.01443005,80.2261734,61620,61640,20
13.01443005,80.2261734,61640,61650,10
13.01426029,80.22624207,61650,61660,10
13.01371002,80.22644043,61660,61670,10
13.01290989,80.22673798,61670,61680,10
13.01189041,80.22714233,61680,61690,10
13.01082039,80.22756195,61690,61699,9
13.00986958,80.22795868,61699,61711,12
13.00909042,80.22863007,61711,61721,10
13.00889969,80.2296524,61721,61731,10
13.00866985,80.23081207,61731,61741,10
13.00844955,80.23200226,61741,61751,10
13.00817966,80.23362732,61751,61771,20
13.00817966,80.23362732,61771,61781,10
13.00813961,80.23370361,61781,61791,10
13.00804043,80.23410797,61791,61801,10
13.00790024,80.23484039,61801,61811,10
13.00769997,80.23583221,61811,61822,11
13.00747967,80.23696136,61822,61838,16
13.0072403,80.23832703,61838,61850,12
13.00704956,80.23934937,61850,61860,10
13.00687981,80.24012756,61860,61879,19
13.00687981,80.24012756,61879,61890,11
13.00687981,80.240242,61890,61900,10
13.00687027,80.24063873,61900,61910,10
13.00685978,80.24067688,61910,61920,10
13.00683022,80.2407608,61920,61931,11
13.00675964,80.2412262,61931,61940,9
13.00671959,80.24191284,61940,61951,11
13.00671005,80.2427597,61951,61961,10
13.00667953,80.24349213,61961,61971,10
13.00667953,80.24382019,61971,62001,30
13.00667953,80.24382019,62001,62011,10
13.00666046,80.24408722,62011,62021,10
13.00666046,80.24466705,62021,62031,10
13.00667953,80.24529266,62031,62042,11
13.00671005,80.24603271,62042,62052,10
13.00673008,80.2466507,62052,62062,10
13.00675011,80.24713898,62062,62072,10
13.00671959,80.24772644,62072,62082,10
13.00671959,80.24858093,62082,62092,10
13.00683975,80.2494812,62092,62112,20
13.00683975,80.2494812,62112,62122,10
13.00683975,80.24978638,62122,62132,10
13.00681019,80.25048065,62132,62143,11
13.0067997,80.25131989,62143,62153,10
13.00673008,80.25170135,62153,62173,20
13.00673008,80.25170135,62173,62183,10
13.00667953,80.25183105,62183,62193,10
13.00658989,80.25231171,62193,62203,10
13.00666046,80.25274658,62203,62213,10
13.00666046,80.25337219,62213,62223,10
13.00662041,80.25383759,62223,62667,444
13.00662041,80.25383759,62667,62677,10
13.00662994,80.2541275,62677,62688,11
13.00660992,80.25434875,62688,62698,10
13.00658035,80.25454712,62698,62708,10
13.00658035,80.25499725,62708,62718,10
13.00660038,80.25579834,62718,62728,10
13.00660038,80.2567215,62728,62738,10
13.00669003,80.25759125,62738,62748,10
13.00704956,80.25829315,62748,62758,10
13.00759983,80.2587738,62758,62768,10
13.00804043,80.2589798,62768,62778,10
13.00804043,80.25920105,62778,62789,11
13.00776005,80.25933075,62789,62799,10
13.00739956,80.25920105,62799,62809,10
13.00720024,80.25878143,62809,62819,10
13.00699043,80.25836182,62819,62829,10
13.00673008,80.25782776,62829,62855,26
13.00673008,80.25782776,62855,62867,12
13.00652027,80.25753784,62867,62875,8
13.00650024,80.2572403,62875,62887,12
13.00650024,80.25695038,62887,62897,10
13.00650024,80.25656128,62897,62908,11
13.00650978,80.256073,62908,62918,10
13.00652027,80.25547791,62918,62928,10
13.00656033,80.25495148,62928,62937,9
13.00652981,80.25434875,62937,62947,10
13.00652027,80.2537384,62947,62958,11
13.00652027,80.25328827,62958,62968,10
13.00652027,80.25322723,62968,62978,10
13.00652027,80.25292206,62978,62988,10
13.00656033,80.25234985,62988,62998,10
13.00671005,80.25164032,62998,63009,11
13.00675964,80.25066376,63009,63019,10
13.00675011,80.24976349,63019,63029,10
13.00677967,80.2495575,63029,63039,10
13.00675011,80.24906158,63039,63049,10
13.00669956,80.24861145,63049,63069,20
13.00669956,80.24861145,63069,63079,10
13.00669956,80.24832153,63079,63089,10
13.00667,80.24791718,63089,63099,10
13.00666046,80.24743652,63099,63110,11
13.00660038,80.24664307,63110,63130,20
13.00660038,80.24664307,63130,63140,10
13.00662041,80.24643707,63140,63150,10
13.00666046,80.24597931,63150,63160,10
13.00664997,80.2452774,63160,63170,10
13.00664997,80.24484253,63170,63180,10
13.00664997,80.24449921,63180,63190,10
13.00664997,80.2441864,63190,63200,10
13.00664043,80.24378204,63200,63210,10
13.00660992,80.24327087,63210,63220,10
13.00658989,80.24246216,63220,63231,11
13.00658035,80.24154663,63231,63241,10
13.00662994,80.2409668,63241,63251,10
13.00664997,80.24088287,63251,63261,10
13.00666046,80.24072266,63261,63271,10
13.00673962,80.24037933,63271,63281,10
13.00685024,80.23976135,63281,63291,10
13.00701046,80.23896027,63291,63301,10
13.00712013,80.23834229,63301,63311,10
13.00718021,80.23802185,63311,63321,10
13.00728989,80.23764038,63321,63332,11
13.00739002,80.23706055,63332,63352,20
13.00739002,80.23706055,63352,63362,10
13.00743008,80.23677063,63362,63382,20
13.00743008,80.23677063,63382,63392,10
13.00749016,80.23655701,63392,63402,10
13.00759983,80.23609161,63402,63412,10
13.00774956,80.23538971,63412,63422,10
13.00790977,80.23458862,63422,63432,10
13.00811958,80.2335968,63432,63443,11
13.00837994,80.23232269,63443,63453,10
13.00862026,80.23110962,63453,63463,10
13.00883961,80.22992706,63463,63473,10
13.00903034,80.22895813,63473,63483,10
13.00924969,80.22807312,63483,63493,10
13.00965023,80.22718048,63493,63503,10
13.01006031,80.22631073,63503,63513,10
13.01037979,80.22569275,63513,63523,10
13.01049995,80.22544098,63523,63533,10
13.01070976,80.22502136,63533,63544,11
13.01093006,80.22451782,63544,63554,10
13.01119995,80.22383118,63554,63564,10
13.01152992,80.22306824,63564,63574,10
13.01181984,80.22219849,63574,63584,10
13.01220989,80.22164917,63584,63600,16
13.01270008,80.22212982,63600,63612,12
13.01323986,80.22271729,63612,63622,10
13.01373959,80.2232666,63622,63632,10
13.01422024,80.22382355,63632,63642,10
13.01473999,80.22440338,63642,63653,11
13.01502037,80.22467804,63653,63663,10
13.01506996,80.22471619,63663,63673,10
13.01535034,80.22493744,63673,63702,29
13.01535034,80.22493744,63702,63713,11
13.01548958,80.22502899,63713,63723,10
13.01566982,80.22519684,63723,63733,10
13.01593018,80.22537994,63733,63743,10
13.01663017,80.22535706,63743,63754,11
13.0176096,80.22496796,63754,63764,10
13.01856041,80.22457886,63764,63774,10
13.01947975,80.22450256,63774,63784,10
13.02025986,80.22496033,63784,63794,10
13.02071953,80.22528076,63794,63804,10
13.02095985,80.22545624,63804,63814,10
13.02124023,80.22570038,63814,63824,10
13.0218401,80.22609711,63824,63844,20
13.0218401,80.22609711,63844,63861,17
13.02223015,80.22644043,63861,63873,12
13.02289963,80.22705841,63873,63883,10
13.02348995,80.22760773,63883,63893,10
13.02402973,80.22810364,63893,63903,10
13.02418995,80.22827911,63903,63913,10
13.02433014,80.22846985,63913,63923,10
13.02453995,80.22878265,63923,63933,10
13.0248003,80.22913361,63933,63943,10
13.02517986,80.22963715,63943,63953,10
13.02560043,80.2302475,63953,63963,10
13.02591991,80.23091888,63963,63974,11
13.0261097,80.23137665,63974,63984,10
13.02659988,80.23126221,63984,63994,10
13.02737999,80.2310791,63994,64004,10
13.02844048,80.2309494,64004,64175,171
13.02844048,80.2309494,64175,64186,11
13.02879047,80.23095703,64186,64196,10
13.02882004,80.2309494,64196,64206,10
13.02900028,80.23091888,64206,64216,10
13.02935028,80.23088074,64216,64226,10
13.02968025,80.23084259,64226,64236,10
13.02989006,80.23081207,64236,64266,30
13.02989006,80.23081207,64266,64276,10
13.03038025,80.23078918,64276,64286,10
13.03079987,80.23075867,64286,64297,11
13.03141975,80.23068237,64297,64327,30
13.03141975,80.23068237,64327,64337,10
13.03184986,80.23068237,64337,64347,10
13.03250027,80.23061371,64347,64357,10
13.0332098,80.2305603,64357,64366,9
13.03382969,80.23049927,64366,64408,42
13.03382969,80.23049927,64408,64418,10
13.03427029,80.23043823,64418,64589,171
13.03427029,80.23043823,64589,64599,10
13.03464031,80.23039246,64599,64609,10
13.0348196,80.23040009,64609,64620,11
13.03495026,80.2307663,64620,64630,10
13.03489017,80.23130035,64630,64640,10
13.03479004,80.23200226,64640,64650,10
13.03470993,80.23258209,64650,64660,10
13.03468037,80.23282623,64660,64670,10
13.03466034,80.23290253,64670,64680,10
13.03462029,80.23316193,64680,64690,10
13.03462029,80.23332214,64690,64700,10
13.03462029,80.23336792,64700,64710,10
13.03458977,80.23345947,64710,64721,11
13.03452015,80.23384094,64721,64731,10
13.03442955,80.23448181,64731,64741,10
13.0343399,80.23529053,64741,64750,9
13.03425026,80.2360611,64750,64761,11
13.03417969,80.23710632,64761,64842,81
13.03417969,80.23710632,64842,64852,10
13.03417969,80.23724365,64852,64862,10
13.03442001,80.23764801,64862,64872,10
13.03474998,80.23819733,64872,64882,10
13.03512001,80.23880005,64882,64892,10
13.03540039,80.23927307,64892,64901,9
13.03579998,80.2394104,64901,64911,10
13.03645039,80.23948669,64911,64922,11
13.03724003,80.23957825,64922,64933,11
13.03792953,80.2396698,64933,64943,10
13.03859043,80.23976135,64943,64953,10
13.03901958,80.23980713,64953,64963,10
13.03958035,80.23989105,64963,64973,10
13.0401001,80.23995972,64973,64983,10
13.04016018,80.2399826,64983,64993,10
13.04028034,80.23999023,64993,65003,10
13.04043007,80.24005127,65003,65013,10
13.04039955,80.24025726,65013,65023,10
13.04047966,80.24053192,65023,65033,10
13.04098034,80.24062347,65033,65054,21
13.04098034,80.24062347,65054,65064,10
13.04109955,80.24063873,65064,65074,10
13.04154015,80.24069977,65074,65084,10
13.04214954,80.24079895,65084,65094,10
13.0427103,80.24085999,65094,65104,10
13.04333973,80.24095917,65104,65114,10
13.04386997,80.2410202,65114,65124,10
13.04409027,80.24095917,65124,65134,10
13.04413986,80.24092102,65134,65145,11
13.04452038,80.2406311,65145,65155,10
13.04510975,80.24022675,65155,65165,10
13.04561043,80.23988342,65165,65175,10
13.04603958,80.23960114,65175,65185,10
13.04646015,80.23963928,65185,65195,10
13.04654026,80.2396698,65195,65205,10
13.04671001,80.23970795,65205,65215,10
13.04724026,80.23982239,65215,65225,10
13.04794025,80.23995972,65225,65235,10
13.0486002,80.24009705,65235,65245,10
13.04872036,80.24012756,65245,65256,11
13.04913998,80.24021149,65256,65266,10
13.04948044,80.24028015,65266,65276,10
13.04959965,80.2403183,65276,65286,10
13.04967976,80.24034119,65286,65296,10
13.05002022,80.24040985,65296,65306,10
13.05058002,80.24053192,65306,65316,10
13.05113983,80.24063873,65316,65326,10
13.05121994,80.24064636,65326,65336,10
13.05154991,80.24072266,65336,65346,10
13.05202961,80.24082184,65346,65356,10
13.05239964,80.24092102,65356,65367,11
13.0525198,80.24118042,65367,65377,10
13.05255985,80.24134064,65377,65387,10
13.05263042,80.24157715,65387,65397,10
13.05307961,80.24188995,65397,65407,10
13.05395985,80.24227905,65407,65427,20
13.05395985,80.24227905,65427,65437,10
13.05414963,80.24233246,65437,65447,10
13.05465984,80.24237823,65447,65457,10
13.05539989,80.24227905,65457,65467,10
13.05628014,80.24253845,65467,65498,31
13.05628014,80.24253845,65498,65514,16
13.05685043,80.24266815,65514,65526,12
13.05722046,80.24285889,65526,65534,8
13.05747986,80.24285126,65534,65546,12
13.05803013,80.24278259,65546,65556,10
13.05840015,80.24269104,65556,65566,10
13.05854034,80.24266052,65566,65576,10
13.05881023,80.24259949,65576,65587,11
13.05914021,80.24253845,65587,65596,9
13.05951023,80.24256897,65596,65607,11
13.05988979,80.24275208,65607,65617,10
13.0603199,80.24288177,65617,65627,10
13.06050014,80.24294281,65627,65637,10
13.06089973,80.24305725,65637,65647,10
13.06122971,80.24315643,65647,65657,10
13.06153011,80.24320221,65657,65667,10
13.06173992,80.24324799,65667,65677,10
13.06196022,80.24330139,65677,65688,11
13.06249046,80.24337769,65688,65708,20
13.06249046,80.24337769,65708,65718,10
13.06285954,80.24346161,65718,65728,10
13.06348991,80.2435379,65728,65738,10
13.06404018,80.24356842,65738,65748,10
13.06466961,80.24356842,65748,65758,10
13.06495953,80.24356079,65758,65768,10
13.06511021,80.24355316,65768,65778,10
13.06534958,80.2435379,65778,65788,10
13.06581974,80.2435379,65788,65799,11
13.06614971,80.24347687,65799,65809,10
13.06634045,80.24343109,65809,65819,10
13.06655979,80.24334717,65819,65829,10
13.0669899,80.24320984,65829,65839,10
13.06748009,80.24297333,65839,65849,10
13.06820011,80.24272156,65849,65859,10
13.06902027,80.24237061,65859,65900,41
13.06902027,80.24237061,65900,65910,10
13.0692997,80.24233246,65910,65920,10
13.07005024,80.24214172,65920,65940,20
13.07005024,80.24214172,65940,65950,10
13.07015991,80.24214935,65950,65960,10
13.07056046,80.24199677,65960,65970,10
13.07106972,80.24181366,65970,65980,10
13.07168961,80.24154663,65980,65990,10
13.07231998,80.2411499,65990,66000,10
13.07295036,80.24082947,66000,66011,11
13.0736599,80.24062347,66011,66021,10
13.07409,80.24051666,66021,66031,10
13.07485008,80.2405014,66031,66041,10
13.07575989,80.24049377,66041,66051,10
13.07658005,80.24056244,66051,66061,10
13.07705975,80.24053955,66061,66071,10
13.07705021,80.24005127,66071,66081,10
13.07686043,80.23931122,66081,66091,10
13.07664013,80.23851776,66091,66101,10
13.07653999,80.23802185,66101,66112,11
13.07639027,80.23737335,66112,66152,40
13.07639027,80.23737335,66152,66162,10
13.07635975,80.23719788,66162,66172,10
13.07627964,80.23677826,66172,66182,10
13.07619953,80.23616028,66182,66192,10
13.07608032,80.23548126,66192,66202,10
13.0759201,80.23474121,66202,66212,10
13.07581997,80.23399353,66212,66223,11
13.07633018,80.23377991,66223,66233,10
13.07699966,80.23368835,66233,66243,10
13.07763958,80.2335968,66243,66253,10
13.07800961,80.23358154,66253,66263,10
13.07833004,80.23356628,66263,66273,10
13.07878971,80.23355103,66273,66283,10
13.07931995,80.23355103,66283,66293,10
13.07973957,80.2335434,66293,66303,10
13.08030033,80.2335434,66303,66323,20
13.08030033,80.2335434,66323,66334,11
13.08040047,80.23355103,66334,66344,10
13.08082008,80.23355103,66344,66354,10
13.08146,80.23358154,66354,66364,10
13.08181,80.23358917,66364,66374,10
13.08195972,80.2333374,66374,66384,10
13.08201981,80.23282623,66384,66394,10
13.0821104,80.23249817,66394,66404,10
13.0822897,80.23200226,66404,66414,10
13.08251953,80.23137665,66414,66424,10
13.0827198,80.23090363,66424,66435,11
13.08296013,80.23065948,66435,66455,20
13.08296013,80.23065948,66455,66465,10
13.08312035,80.23090363,66465,66475,10
13.0831604,80.23149109,66475,66485,10
13.08318043,80.23217773,66485,66495,10
13.08323002,80.23258972,66495,66505,10
13.08331966,80.23290253,66505,66515,10
13.08341026,80.23338318,66515,66546,31
13.08341026,80.23338318,66546,66556,10
13.08343983,80.23362732,66556,66566,10
13.08353996,80.2338562,66566,66576,10
13.08405972,80.23400116,66576,66626,50
13.08405972,80.23400116,66626,66636,10
13.0843401,80.23406982,66636,66647,11
13.08471012,80.23415375,66647,66657,10
13.08514977,80.23426056,66657,66667,10
13.08576012,80.23441315,66667,66677,10
13.0860796,80.23446655,66677,66687,10
13.08631992,80.23451996,66687,66697,10
13.08679008,80.23455811,66697,66707,10
13.08738995,80.23458862,66707,66717,10
13.08788013,80.23429871,66717,66727,10
13.08794975,80.23370361,66727,66737,10
13.08810043,80.23294067,66737,66747,10
13.08829021,80.23213196,66747,66758,11
13.08850956,80.23136139,66758,66768,10
13.08889008,80.23047638,66768,66798,30
13.08889008,80.23047638,66798,66808,10
13.08907986,80.2301178,66808,66818,10
13.08936024,80.22958374,66818,66828,10
13.08985996,80.22895813,66828,66838,10
13.09047985,80.22827148,66838,66848,10
13.09138012,80.22727966,66848,66869,21
13.09138012,80.22727966,66869,66879,10
13.09142971,80.22724152,66879,66889,10
13.09167957,80.22698975,66889,66899,10
13.0921402,80.22653961,66899,66909,10
13.0927,80.22595978,66909,66919,10
13.09329033,80.22535706,66919,66929,10
13.09368038,80.22492218,66929,66939,10
13.09412003,80.22434235,66939,66955,16
13.09494972,80.2231369,66955,66967,12
13.09521008,80.22248077,66967,66978,11
13.09521961,80.22245026,66978,66988,10
13.09539032,80.2220993,66988,66998,10
13.09562016,80.22148895,66998,67008,10
13.09584999,80.22083282,67008,67018,10
13.09607983,80.22016144,67018,67028,10
13.09607983,80.22015381,67028,67038,10
13.09615993,80.21990204,67038,67048,10
13.09636021,80.2193222,67048,67089,41
13.09636021,80.2193222,67089,67099,10
13.09640026,80.21916962,67099,67120,21
13.09679985,80.21797943,67120,67132,12
13.09716034,80.21694183,67132,67152,20
13.09716034,80.21694183,67152,67162,10
13.09733009,80.21658325,67162,67172,10
13.09759045,80.21595001,67172,67182,10
13.09790993,80.21521759,67182,67193,11
13.09831047,80.21433258,67193,67243,50
13.09831047,80.21433258,67243,67253,10
13.09838009,80.21427917,67253,67263,10
13.09854031,80.21399689,67263,67273,10
13.09895039,80.2141571,67273,67283,10
13.09939003,80.21431732,67283,67294,11
13.09988022,80.21444702,67294,67305,11
13.10019016,80.21452332,67305,67355,50
13.10019016,80.21452332,67355,67365,10
13.10033035,80.2145462,67365,67375,10
13.10058975,80.21479034,67375,67385,10
13.10033035,80.21530151,67385,67396,11
13.10006046,80.21591187,67396,67406,10
13.10000992,80.21600342,67406,67416,10
13.09986973,80.21602631,67416,67426,10
13.09988022,80.21582031,67426,67436,10
13.09998989,80.2155838,67436,67446,10
13.10017967,80.21517944,67446,67456,10
13.1001997,80.21482849,67456,68062,606
13.1001997,80.21482849,68062,68072,10
13.10021019,80.2146225,68072,68082,10
13.10009956,80.21446991,68082,68092,10
13.09988022,80.21440125,68092,68102,10
13.09957981,80.21431732,68102,68112,10
13.09916019,80.21421051,68112,68122,10
13.09871006,80.21404266,68122,68132,10
13.09852982,80.21399689,68132,68143,11
13.09832001,80.21431732,68143,68153,10
13.09805012,80.21491241,68153,68163,10
13.09774971,80.21560669,68163,68173,10
13.09745026,80.21630096,68173,68183,10
13.09731007,80.21669769,68183,68193,10
13.09727955,80.21675873,68193,68203,10
13.09714985,80.21710205,68203,68213,10
13.09692955,80.21768188,68213,68223,10
13.09671021,80.21833801,68223,68233,10
13.09652042,80.21890259,68233,68243,10
13.09648037,80.21903992,68243,68254,11
13.09642982,80.21914673,68254,68264,10
13.09626007,80.21958923,68264,68274,10
13.09603024,80.22026825,68274,68284,10
13.09580994,80.22093201,68284,68294,10
13.09568024,80.22132111,68294,68304,10
13.09552956,80.2217865,68304,68314,10
13.09535027,80.22228241,68314,68324,10
13.09533978,80.22231293,68324,68334,10
13.09525013,80.22254181,68334,68344,10
13.09504032,80.22305298,68344,68355,11
13.0945797,80.22377777,68355,68365,10
13.09412003,80.22442627,68365,68375,10
13.09368992,80.22496796,68375,68385,10
13.09315968,80.22554016,68385,68395,10
13.09265041,80.22602081,68395,68405,10
13.09218025,80.22648621,68405,68415,10
13.09165955,80.22698212,68415,68425,10
13.09111023,80.22762299,68425,68445,20
13.09111023,80.22762299,68445,68455,10
13.09097958,80.2277832,68455,68466,11
13.09058952,80.22818756,68466,68476,10
13.09006023,80.22875977,68476,68486,10
13.08950043,80.22940063,68486,68496,10
13.08918953,80.22994995,68496,68506,10
13.08907986,80.23016357,68506,68516,10
13.08874035,80.23091888,68516,68536,20
13.08874035,80.23091888,68536,68546,10
13.08866024,80.23111725,68546,68556,10
13.08850002,80.23143768,68556,68567,11
13.08827972,80.23216248,68567,68577,10
13.08808041,80.23301697,68577,68587,10
13.08796024,80.23384094,68587,68597,10
13.08780003,80.23445129,68597,68607,10
13.08728981,80.23455811,68607,68617,10
13.08679962,80.23452759,68617,68627,10
13.08625984,80.23445129,68627,68637,10
13.08602047,80.23438263,68637,68647,10
13.08578968,80.23432159,68647,68657,10
13.0854702,80.23423767,68657,68667,10
13.08510017,80.23416138,68667,68678,11
13.08483982,80.23410034,68678,68688,10
13.08456039,80.23404694,68688,68698,10
13.08419991,80.23396301,68698,68708,10
13.08374023,80.23387146,68708,68718,10
13.08368969,80.2338562,68718,68728,10
13.08347988,80.23381805,68728,68738,10
13.08302021,80.23375702,68738,68748,10
13.0824604,80.23361969,68748,68768,20
13.0824604,80.23361969,68768,68778,10
13.08228016,80.23355865,68778,68789,11
13.08166027,80.23349762,68789,68799,10
13.08108997,80.23348236,68799,68809,10
13.08024025,80.23349762,68809,68829,20
13.08024025,80.23349762,68829,68839,10
13.07991028,80.23348236,68839,68849,10
13.07952023,80.23348999,68849,68859,10
13.07948017,80.23348236,68859,68869,10
13.07933998,80.23348236,68869,68879,10
13.07896042,80.23349762,68879,68890,11
13.07839012,80.23349762,68890,68900,10
13.07773018,80.2335434,68900,68910,10
13.07699966,80.23361969,68910,68920,10
13.07635975,80.2337265,68920,68930,10
13.07608986,80.2338028,68930,68940,10
13.0759201,80.2338028,68940,68950,10
13.07579994,80.23404694,68950,68960,10
13.07594013,80.23465729,68960,68970,10
13.07610035,80.23547363,68970,68980,10
13.07623959,80.23638153,68980,68991,11
13.07643032,80.23724365,68991,69011,20
13.07643032,80.23724365,69011,69021,10
13.07645035,80.23735046,69021,69031,10
13.07654953,80.2378006,69031,69041,10
13.07670021,80.23853302,69041,69051,10
13.07686996,80.23927307,69051,69061,10
13.07711983,80.2401886,69061,69101,40
13.07711983,80.2401886,69101,69112,11
13.07717991,80.24054718,69112,69122,10
13.07728958,80.24095917,69122,69132,10
13.07736015,80.24141693,69132,69142,10
13.07752991,80.24210358,69142,69152,10
13.0776701,80.24294281,69152,69162,10
13.07777977,80.24369049,69162,69172,10
13.07773972,80.24434662,69172,69182,10
13.07783985,80.24513245,69182,69192,10
13.07791042,80.24604797,69192,69202,10
13.07806969,80.24697876,69202,69213,11
13.07828045,80.24806213,69213,69223,10
13.0784502,80.24880981,69223,69233,10
13.07861996,80.24954224,69233,69243,10
13.07861042,80.2502594,69243,69253,10
13.07845974,80.25083923,69253,69263,10
13.07853031,80.25144196,69263,69273,10
13.07828045,80.25161743,69273,69283,10
13.07769966,80.2517395,69283,69293,10
13.0768404,80.25189209,69293,69303,10
13.07598972,80.25202942,69303,69313,10
13.07509041,80.25215149,69313,69330,17
13.0739603,80.25225067,69330,69342,12
13.07328033,80.25238037,69342,69352,10
13.0726099,80.25229645,69352,69362,10
13.07217979,80.25190735,69362,69372,10
13.07205963,80.25124359,69372,69382,10
13.07184029,80.2505188,69382,69392,10
13.07159996,80.24976349,69392,69402,10
13.07143021,80.24887848,69402,69412,10
13.07122993,80.24803162,69412,69422,10
13.07092953,80.24726105,69422,69433,11
13.07056046,80.24651337,69433,69443,10
13.07015991,80.24565887,69443,69453,10
13.06976032,80.24471283,69453,69462,9
13.06952,80.2440033,69462,69473,11
13.06929016,80.24333954,69473,69483,10
13.06927967,80.24330139,69483,69493,10
13.06923962,80.24320221,69493,69503,10
13.06917,80.24276733,69503,69513,10
13.06892014,80.24247742,69513,69523,10
13.06851006,80.24253845,69523,69534,11
13.06797981,80.2427063,69534,69544,10
13.06729031,80.24294281,69544,69554,10
13.06659031,80.24321747,69554,69564,10
13.06608009,80.24358368,69564,69574,10
13.06610012,80.24424744,69574,69584,10
13.06624031,80.24507904,69584,69594,10
13.06643009,80.24584198,69594,69604,10
13.06706047,80.24617004,69604,69614,10
13.06768036,80.24649048,69614,69624,10
13.06772995,80.24651337,69624,69634,10
13.06783009,80.24677277,69634,69645,11
13.06785011,80.24748993,69645,69655,10
13.06752014,80.24788666,69655,69665,10
13.06674957,80.24783325,69665,69675,10
13.06581974,80.2477417,69675,69685,10
13.06482029,80.24765015,69685,69695,10
13.06385994,80.24758911,69695,69705,10
13.06299973,80.24754333,69705,69715,10
13.06215954,80.24754333,69715,69725,10
13.06167984,80.24743652,69725,69735,10
13.0613203,80.24697113,69735,69746,11
13.06163979,80.24655151,69746,69756,10
13.06184006,80.24581146,69756,69766,10
13.06208992,80.24511719,69766,69776,10
13.06270981,80.24472046,69776,69786,10
13.06309032,80.24432373,69786,69796,10
13.06313038,80.24427032,69796,69806,10
13.06320953,80.2441864,69806,69816,10
13.06336975,80.24378204,69816,69832,16
13.06299973,80.24343109,69832,69844,12
13.0625,80.24333191,69844,69855,11
13.06202984,80.24326324,69855,69864,9
13.06182957,80.24320984,69864,69875,11
13.06138039,80.24311829,69875,69895,20
13.06138039,80.24311829,69895,69905,10
13.06112957,80.24305725,69905,69915,10
13.06072998,80.24294281,69915,69925,10
13.06029987,80.24279022,69925,69936,11
13.05976009,80.24263,69936,69946,10
13.05912971,80.24250793,69946,69957,11
13.05873013,80.2425766,69957,69967,10
13.05858994,80.24259186,69967,69977,10
13.0582304,80.24273682,69977,69987,10
13.05749989,80.24281311,69987,69997,10
13.05669022,80.24269104,69997,70006,9
13.05605984,80.24240112,70006,70017,11
13.05519962,80.24223328,70017,70026,9
13.05445957,80.24234009,70026,70037,11
13.05366993,80.24217987,70037,70068,31
13.05366993,80.24217987,70068,70078,10
13.05303001,80.24185181,70078,70088,10
13.05303001,80.24185181,70088,70098,10
13.05296993,80.24183655,70098,70108,10
13.05282021,80.24179077,70108,70118,10
13.05243969,80.24160004,70118,70128,10
13.05212975,80.24111938,70128,70138,10
13.05196953,80.2408371,70138,70148,10
13.0516901,80.24066925,70148,70159,11
13.05091,80.24053192,70159,70180,21
13.05091,80.24053192,70180,70189,9
13.05078983,80.24047089,70189,70200,11
13.05045986,80.24040985,70200,70210,10
13.04981041,80.24028015,70210,70220,10
13.04913998,80.24012756,70220,70230,10
13.04852009,80.23999023,70230,70240,10
13.0479002,80.23988342,70240,70250,10
13.0472002,80.23970795,70250,70260,10
13.04681969,80.23963928,70260,70301,41
13.04681969,80.23963928,70301,70311,10
13.04650021,80.23960114,70311,70321,10
13.04640961,80.23957825,70321,70331,10
13.04621983,80.23953247,70331,70412,81
13.04621983,80.23953247,70412,70422,10
13.04611015,80.23931122,70422,70432,10
13.04617977,80.23901367,70432,70442,10
13.04629993,80.23844147,70442,70452,10
13.04648018,80.23773956,70452,70462,10
13.0466404,80.2370224,70462,70472,10
13.04681969,80.23628235,70472,70482,10
13.0468998,80.23593903,70482,70493,11
13.04695988,80.23558044,70493,70503,10
13.04701042,80.2351532,70503,70513,10
13.04708958,80.23445892,70513,70523,10
13.04722977,80.23329163,70523,70553,30
13.04722977,80.23329163,70553,70563,10
13.04732037,80.23310852,70563,70573,10
13.04712009,80.23297882,70573,70583,10
13.04660034,80.23291779,70583,70593,10
13.0459404,80.23274994,70593,70604,11
13.0452404,80.23261261,70604,70614,10
13.04520035,80.23259735,70614,70624,10
13.0450201,80.23258209,70624,70634,10
13.04456997,80.23248291,70634,70644,10
13.04384995,80.23235321,70644,70654,10
13.04314041,80.23227692,70654,70664,10
13.04242992,80.23229218,70664,70674,10
13.0417099,80.23222351,70674,70684,10
13.04094028,80.23200989,70684,70694,10
13.04014969,80.23174286,70694,70705,11
13.03917027,80.2314682,70705,70714,9
13.03835964,80.23126221,70714,70725,11
13.03746033,80.2309494,70725,70735,10
13.03691006,80.23075867,70735,70745,10
13.03678989,80.2307663,70745,70755,10
13.03590012,80.23045349,70755,70866,111
13.03590012,80.23045349,70866,70876,10
13.03551006,80.23032379,70876,70886,10
13.03534031,80.23029327,70886,70896,10
13.0350399,80.23021698,70896,70906,10
13.03472042,80.23027039,70906,70917,11
13.03435993,80.23036194,70917,70927,10
13.03404999,80.23042297,70927,70937,10
13.03388977,80.23042297,70937,70947,10
13.0334301,80.2304306,70947,70987,40
13.0334301,80.2304306,70987,70997,10
13.0330801,80.23049164,70997,71007,10
13.0325098,80.23053741,71007,71017,10
13.03184986,80.23062134,71017,71033,16
13.03133965,80.23065186,71033,71046,13
13.03116035,80.23068237,71046,71056,10
13.03081036,80.23069,71056,71259,203
13.03081036,80.23069,71259,71269,10
13.03040981,80.23066711,71269,71279,10
13.02997017,80.23072815,71279,71288,9
13.02984047,80.23075104,71288,71298,10
13.02970982,80.2307663,71298,71308,10
13.02947044,80.23079681,71308,71319,11
13.02888012,80.23085785,71319,71329,10
13.0281496,80.23092651,71329,71340,11
13.02764034,80.23097992,71340,71350,10
13.02762032,80.23136139,71350,71360,10
13.02766991,80.23191071,71360,71370,10
13.02775955,80.23236084,71370,71380,10
13.02775955,80.23282623,71380,71390,10
13.02694988,80.23294067,71390,71410,20
13.02694988,80.23294067,71410,71420,10
13.02678013,80.23297119,71420,71430,10
13.02649021,80.23298645,71430,71440,10
13.02626038,80.23265839,71440,71451,11
13.02620029,80.2324295,71451,71461,10
13.02616024,80.23223114,71461,71471,10
13.02612019,80.23210144,71471,71481,10
13.02608967,80.23191833,71481,71491,10
13.02600002,80.23161316,71491,71501,10
13.02591038,80.23124695,71501,71511,10
13.02569962,80.23062134,71511,71521,10
13.02525997,80.22988129,71521,71531,10
13.02482033,80.22930908,71531,71541,10
13.0244503,80.22884369,71541,71551,10
13.02394962,80.22825623,71551,71572,21
13.02394962,80.22825623,71572,71582,10
13.02390957,80.22820282,71582,71598,16
13.02348995,80.22766876,71598,71610,12
13.0228796,80.2270813,71610,71618,8
13.02239037,80.22663879,71618,71630,12
13.0216198,80.22599792,71630,71639,9
13.02103996,80.22556305,71639,71650,11
13.02070999,80.22531128,71650,71660,10
13.02015972,80.2249527,71660,71671,11
13.01949024,80.22451782,71671,71681,10
13.01869965,80.22447968,71681,71691,10
13.01788998,80.22483826,71691,71701,10
13.01706982,80.22518158,71701,71711,10
13.01671028,80.2253418,71711,71721,10
13.01651001,80.22541809,71721,71731,10
13.01628017,80.22548676,71731,71741,10
13.01597977,80.2256012,71741,71751,10
13.01558971,80.2257309,71751,71761,10
13.0149498,80.22601318,71761,71782,21
13.0149498,80.22601318,71782,71792,10
13.01492023,80.22602081,71792,71802,10
13.01443958,80.22618866,71802,71832,30
13.01443958,80.22618866,71832,71842,10
13.01420021,80.22628021,71842,71852,10
13.01364994,80.22648621,71852,71862,10
13.01303005,80.22673798,71862,71872,10
13.01229,80.22702026,71872,71883,11
13.01132011,80.22740173,71883,71893,10
13.01039982,80.22776794,71893,71903,10
13.0095396,80.2281189,71903,71913,10
13.00909996,80.22859955,71913,71923,10
13.00893974,80.22940826,71923,71933,10
13.00874043,80.23036194,71933,71943,10
13.00856018,80.23136902,71943,71953,10
13.00835991,80.23243713,71953,71963,10
13.00821972,80.23339844,71963,71984,21
13.00821972,80.23339844,71984,71994,10
13.00813007,80.23370361,71994,72004,10
13.0080204,80.23420715,72004,72014,10
13.0079298,80.23462677,72014,72023,9
13.00790024,80.23475647,72023,72034,11
13.00780964,80.23522186,72034,72044,10
13.00767994,80.23592377,72044,72054,10
13.00751972,80.23671722,72054,72064,10
13.00734997,80.23753357,72064,72074,10
13.00724983,80.23806763,72074,72084,10
13.00710964,80.23886871,72084,72095,11
13.00695992,80.23967743,72095,72105,10
13.00691032,80.23992157,72105,72115,10
13.00687981,80.2401123,72115,72125,10
13.00681019,80.24054718,72125,72135,10
13.00677967,80.2408905,72135,72145,10
13.00675964,80.2409668,72145,72155,10
13.00673008,80.24124908,72155,72165,10
13.00671959,80.24137878,72165,72175,10
13.00669956,80.24186707,72175,72185,10
13.00667953,80.24259949,72185,72195,10
13.00664043,80.24344635,72195,72206,11
13.00662994,80.24447632,72206,72216,10
13.00662994,80.24529266,72216,72226,10
13.00666046,80.2457962,72226,72236,10
13.00667,80.24617004,72236,72246,10
13.00669003,80.24674225,72246,72256,10
13.00669956,80.24739075,72256,72266,10
13.00667953,80.24815369,72266,72276,10
13.0067997,80.24929047,72276,72296,20
13.0067997,80.24929047,72296,72313,17
13.0067997,80.24938965,72313,72325,12
13.00681019,80.24989319,72325,72335,10
13.00675964,80.25054932,72335,72384,49
13.00675964,80.25054932,72384,72395,11
13.00673962,80.25077057,72395,72405,10
13.00675011,80.25100708,72405,72416,11
13.00673962,80.25141907,72416,72425,9
13.00662994,80.25189972,72425,72436,11
13.00650024,80.25276184,72436,72446,10
13.00650024,80.25366211,72446,72456,10
13.00650024,80.25418854,72456,72466,10
13.00650024,80.2542038,72466,72476,10
13.00646019,80.25424957,72476,72486,10
13.00648975,80.25460815,72486,72496,10
13.00652027,80.25502014,72496,72506,10
13.00652027,80.25514221,72506,72516,10
13.00652027,80.25567627,72516,72527,11
13.0065403,80.25656128,72527,72537,10
13.00662041,80.25733948,72537,72547,10
13.00640965,80.25753784,72547,72557,10
13.00605011,80.25747681,72557,72567,10
13.00570965,80.25737,72567,72577,10
13.00529957,80.25724792,72577,72587,10
13.00510025,80.25715637,72587,72597,10
13.00465012,80.25708008,72597,72607,10
13.00393009,80.25694275,72607,72617,10
13.00325966,80.25681305,72617,72628,11
13.00282955,80.25673676,72628,72638,10
13.00277042,80.25672913,72638,72648,10
13.00269032,80.2567215,72648,72658,10
13.00263023,80.25669861,72658,72668,10
13.00234032,80.25663757,72668,72678,10
13.00203037,80.2565918,72678,72688,10
13.00185013,80.25656891,72688,72697,9
13.00139999,80.25652313,72697,72707,10
13.00002003,80.25631714,72707,72728,21
13.00002003,80.25631714,72728,72739,11
12.99997997,80.25631714,72739,72749,10
12.99967003,80.25627136,72749,72769,20
12.99967003,80.25627136,72769,72779,10
12.99950027,80.25623322,72779,72789,10
12.99927998,80.25615692,72789,72799,10
12.99897957,80.25611115,72799,72809,10
12.99866009,80.25605011,72809,72819,10
12.99820995,80.25598145,72819,72829,10
12.99810028,80.25595856,72829,72840,11
12.99763012,80.25592804,72840,72850,10
12.99722004,80.25591278,72850,72860,10
12.99693012,80.2559433,72860,72870,10
12.99680996,80.25679779,72870,72900,30
12.99680996,80.25679779,72900,72910,10
12.99682999,80.25695038,72910,72920,10
12.9967804,80.2572403,72920,72930,10
12.99672031,80.25772858,72930,72940,10
12.99668026,80.25805664,72940,72951,11
12.99660015,80.25863647,72951,72961,10
12.99652004,80.25930023,72961,72971,10
12.99647999,80.2596817,72971,72981,10
12.99645996,80.25993347,72981,72991,10
12.9964304,80.26026154,72991,73001,10
12.99635029,80.26083374,73001,73011,10
12.99629974,80.26145935,73011,73021,10
12.99627972,80.26190186,73021,73031,10
12.9962101,80.26229858,73031,73041,10
12.99617958,80.26244354,73041,73051,10
12.99615002,80.26249695,73051,73062,11
12.99612045,80.26287079,73062,73072,10
12.99608994,80.26338196,73072,73082,10
12.99600029,80.26410675,73082,73092,10
12.99594975,80.26473236,73092,73102,10
12.99590015,80.26522827,73102,73112,10
12.99588013,80.26531982,73112,73122,10
12.99582005,80.26576233,73122,73132,10
12.99571991,80.26687622,73132,73163,31
12.99571991,80.26687622,73163,73173,10
12.99571991,80.26699829,73173,73183,10
12.99569035,80.26725006,73183,73193,10
12.99567032,80.26750946,73193,73203,10
12.9960804,80.26773071,73203,73233,30
12.9960804,80.26773071,73233,73243,10
12.99631977,80.26776123,73243,73253,10
12.99683952,80.2677536,73253,73263,10
12.99736977,80.26760101,73263,73274,11
12.99790001,80.26746368,73274,73284,10
12.99820995,80.26734924,73284,73294,10
12.9985199,80.26725769,73294,73304,10
12.9991703,80.26708984,73304,73314,10
12.99999046,80.26673889,73314,73334,20
12.99999046,80.26673889,73334,73344,10
13.00008965,80.2665329,73344,73354,10
13.00014973,80.26609039,73354,73364,10
13.00028038,80.26569366,73364,73375,11
13.00026035,80.26611328,73375,73992,617
13.00026035,80.26611328,73992,74003,11
13.00026989,80.26641846,74003,74012,9
13.00028992,80.26660919,74012,74023,11
13.00026035,80.26677704,74023,74033,10
13.00008965,80.26689911,74033,74043,10
12.99989986,80.266922,74043,74053,10
12.99946976,80.26702881,74053,74063,10
12.99880028,80.26721954,74063,74073,10
12.99812984,80.26737976,74073,74083,10
12.99759007,80.26754761,74083,74093,10
12.99703026,80.26770782,74093,74315,222
12.99703026,80.26770782,74315,74325,10
12.99656963,80.26773071,74325,74356,31
12.99656963,80.26773071,74356,74366,10
12.99625969,80.26770782,74366,74376,10
12.99592018,80.2677002,74376,74386,10
12.99567986,80.26766205,74386,74396,10
12.9956398,80.2675705,74396,74406,10
12.99567986,80.26714325,74406,74447,41
12.99567986,80.26714325,74447,74457,10
12.99567986,80.26702118,74457,74467,10
12.9957304,80.26663208,74467,74477,10
12.99578953,80.26618958,74477,74487,10
12.99584961,80.26561737,74487,74497,10
12.99594021,80.26490021,74497,74507,10
12.99600983,80.26435089,74507,74517,10
12.99610043,80.26361084,74517,74527,10
12.99615002,80.26300812,74527,74537,10
12.99619961,80.26261902,74537,74548,11
12.99623966,80.26232147,74548,74558,10
12.99629974,80.26184082,74558,74568,10
12.99637032,80.26125336,74568,74578,10
12.99645042,80.26053619,74578,74588,10
12.99650002,80.26000977,74588,74598,10
12.99654007,80.25949097,74598,74608,10
12.99656963,80.25937653,74608,74618,10
12.99662018,80.2589035,74618,74628,10
12.9966898,80.25811768,74628,74638,10
12.99674034,80.25758362,74638,74679,41
12.99674034,80.25758362,74679,74689,10
12.99680042,80.25720978,74689,74699,10
12.99682999,80.25675964,74699,74790,91
12.99682999,80.25675964,74790,74800,10
12.99685001,80.25643921,74800,74810,10
12.99689007,80.25611115,74810,74820,10
12.99722004,80.25588989,74820,74830,10
12.99783993,80.25592804,74830,74840,10
12.99876976,80.25601959,74840,74881,41
12.99876976,80.25601959,74881,74891,10
12.9989996,80.25610352,74891,74901,10
12.99946022,80.25618744,74901,74911,10
12.99995995,80.25627899,74911,74921,10
13.00034046,80.25634003,74921,74931,10
13.00037956,80.25634766,74931,74941,10
13.00053978,80.25640106,74941,74951,10
13.00096035,80.25646973,74951,74961,10
13.00137997,80.25653839,74961,74971,10
13.00181961,80.25660706,74971,74982,11
13.00238037,80.25669098,74982,74992,10
13.00279999,80.25678253,74992,75002,10
13.00327969,80.25685883,75002,75012,10
13.00362015,80.25691986,75012,75022,10
13.00409985,80.25701904,75022,75032,10
13.00479031,80.25714874,75032,75042,10
13.00547981,80.25727081,75042,75052,10
13.00586987,80.25733185,75052,75113,61
13.00586987,80.25733185,75113,75123,10
13.00634003,80.25739288,75123,75133,10
13.00650978,80.2571106,75133,75143,10
13.00648975,80.25643921,75143,75152,9
13.00648975,80.25570679,75152,75162,10
13.00650024,80.25527954,75162,75173,11
13.0065403,80.25498199,75173,75183,10
13.00650024,80.25457001,75183,75234,51
13.00650024,80.25457001,75234,75244,10
13.00650024,80.25441742,75244,75254,10
13.00648975,80.25418854,75254,75264,10
13.00648975,80.25396729,75264,75274,10
13.00650024,80.25370026,75274,75284,10
13.00652027,80.2533493,75284,75385,101
13.00652027,80.2533493,75385,75395,10
13.00652027,80.2530899,75395,75406,11
13.00652027,80.25269318,75406,75416,10
13.00666046,80.25186157,75416,75476,60
13.00666046,80.25186157,75476,75486,10
13.00671959,80.2515564,75486,75496,10
13.00677967,80.25097656,75496,75507,11
13.00677967,80.25019073,75507,75517,10
13.00673962,80.24958038,75517,75537,20
13.00673962,80.24958038,75537,75547,10
13.00673008,80.24942017,75547,75557,10
13.00671959,80.24909973,75557,75567,10
13.00667953,80.24877167,75567,75577,10
13.00664043,80.2485199,75577,75634,57
13.00664043,80.2485199,75634,75646,12
13.00664043,80.24816132,75646,75656,10
13.00662994,80.24786377,75656,75666,10
13.00664043,80.24732971,75666,75676,10
13.00662041,80.24675751,75676,75696,20
13.00662041,80.24675751,75696,75706,10
13.00662041,80.24636841,75706,75716,10
13.00664043,80.24569702,75716,75726,10
13.00664043,80.24485779,75726,75737,11
13.00662041,80.24398804,75737,75747,10
13.00660038,80.24324036,75747,75757,10
13.00658035,80.24240875,75757,75767,10
13.00656033,80.24165344,75767,75777,10
13.00656033,80.24163055,75777,75787,10
13.00656986,80.24150848,75787,75797,10
13.00662041,80.24107361,75797,75807,10
13.00669956,80.24053192,75807,75817,10
13.00675011,80.24030304,75817,75827,10
13.00681973,80.23995972,75827,75838,11
13.00697994,80.23919678,75838,75848,10
13.0071497,80.2383194,75848,75858,10
13.00734043,80.23748016,75858,75868,10
13.00743008,80.23681641,75868,75888,20
13.00743008,80.23681641,75888,75898,10
13.00749969,80.23671722,75898,75908,10
13.00761986,80.23619843,75908,75918,10
13.00776005,80.23545837,75918,75928,10
13.00790977,80.23470306,75928,75938,10
13.00807953,80.23383331,75938,75949,11
13.00829029,80.23268127,75949,75959,10
13.00848007,80.23168182,75959,75969,10
13.00870037,80.23065948,75969,75979,10
13.00891972,80.22959137,75979,75989,10
13.00914001,80.22850037,75989,75999,10
13.00953007,80.22741699,75999,76009,10
13.00998974,80.22640228,76009,76019,10
13.01047039,80.2254715,76019,76029,10
13.01074982,80.22502136,76029,76039,10
13.01097965,80.22442627,76039,76050,11
13.01130009,80.22363281,76050,76060,10
13.01150036,80.22316742,76060,76070,10
13.01173019,80.2224884,76070,76080,10
13.01208973,80.22164917,76080,76090,10
13.01233959,80.22151184,76090,76100,10
13.01253986,80.22180176,76100,76110,10
13.01286983,80.22231293,76110,76120,10
13.0134201,80.2228775,76120,76130,10
13.01397991,80.22351837,76130,76140,10
13.01453972,80.22422791,76140,76151,11
13.01523018,80.2248764,76151,76161,10
13.01548958,80.22502899,76161,76171,10
13.01556015,80.22512054,76171,76181,10
13.01599979,80.22537994,76181,76191,10
13.01688004,80.22522736,76191,76201,10
13.01788044,80.22483826,76201,76211,10
13.01877975,80.22445679,76211,76221,10
13.0197401,80.22454834,76221,76241,20
13.0197401,80.22454834,76241,76252,11
13.0197897,80.22460938,76252,76262,10
13.02011013,80.22485352,76262,76272,10
13.02070045,80.22528076,76272,76282,10
13.02120018,80.22566223,76282,76292,10
13.0217104,80.22602081,76292,76302,10
13.02190971,80.22615814,76302,76312,10
13.02194977,80.22618103,76312,76322,10
13.02227974,80.22647858,76322,76332,10
13.02285004,80.22701263,76332,76342,10
13.02353954,80.22763824,76342,76352,10
13.02412033,80.22818756,76352,76362,10
13.02439976,80.228508,76362,76373,11
13.02472019,80.22902679,76373,76383,10
13.02517986,80.22963715,76383,76393,10
13.02569008,80.23040771,76393,76403,10
13.02600002,80.23120117,76403,76413,10
13.02637005,80.23133087,76413,76423,10
13.02713966,80.23111725,76423,76433,10
13.02805042,80.2309494,76433,76443,10
13.02849007,80.23091888,76443,76453,10
13.0287199,80.23088074,76453,76463,10
13.02935028,80.23082733,76463,76473,10
13.02991962,80.23078156,76473,76484,11
13.03054047,80.23075104,76484,76494,10
13.0310297,80.23071289,76494,76504,10
13.03153038,80.23066711,76504,76514,10
13.03217983,80.23062134,76514,76524,10
13.03289986,80.23056793,76524,76534,10
13.03353024,80.23052979,76534,76544,10
13.0339098,80.23047638,76544,76554,10
13.03433037,80.2304306,76554,76595,41
13.03433037,80.2304306,76595,76605,10
13.03479004,80.2303772,76605,76661,56
13.03479004,80.2303772,76661,76674,13
13.03497028,80.23047638,76674,76684,10
13.03495979,80.23065186,76684,76695,11
13.03493977,80.23091888,76695,76705,10
13.03487968,80.2314682,76705,76715,10
13.03477001,80.23222351,76715,76725,10
13.03462982,80.23300171,76725,76735,10
13.0345602,80.23358154,76735,76745,10
13.03446007,80.23435974,76745,76755,10
13.03435993,80.23531342,76755,76765,10
13.03427029,80.23626709,76765,76775,10
13.03421974,80.23709869,76775,76786,11
13.03444958,80.23760223,76786,76795,9
13.03450012,80.23770905,76795,76806,11
13.03464031,80.23806763,76806,76816,10
13.03501034,80.23864746,76816,76826,10
13.03540039,80.23927307,76826,76836,10
13.03594971,80.2394104,76836,76847,11
13.03680038,80.23950195,76847,76857,10
13.03771973,80.23960876,76857,76867,10
13.03843975,80.23970032,76867,76877,10
13.03913021,80.23979187,76877,76887,10
13.03950977,80.23983765,76887,76897,10
13.0398798,80.23989105,76897,76908,11
13.0403204,80.23995972,76908,76918,10
13.04043007,80.24015808,76918,76928,10
13.04039955,80.24037933,76928,76938,10
13.04078007,80.24054718,76938,76948,10
13.04100037,80.2405777,76948,76958,10
13.0410099,80.2405777,76958,76968,10
13.04106045,80.24060822,76968,76978,10
13.04146004,80.24064636,76978,76988,10
13.04209042,80.24073792,76988,76999,11
13.04296017,80.24085236,76999,77008,9
13.04354954,80.24092865,77008,77019,11
13.04411983,80.24092102,77019,77029,10
13.04428959,80.24079895,77029,77039,10
13.04483986,80.24041748,77039,77069,30
13.04483986,80.24041748,77069,77079,10
13.0450201,80.24021149,77079,77089,10
13.04553986,80.23990631,77089,77099,10
13.04611969,80.23951721,77099,77110,11
13.04658031,80.23960114,77110,77120,10
13.04666996,80.23961639,77120,77130,10
13.04712009,80.23973083,77130,77140,10
13.04773045,80.23986053,77140,77150,10
13.04846001,80.24001312,77150,77160,10
13.0490799,80.24012756,77160,77170,10
13.04967976,80.24025726,77170,77180,10
13.05029964,80.24040222,77180,77190,10
13.05091953,80.24053192,77190,77200,10
13.05126953,80.24060059,77200,77210,10
13.05150032,80.24063873,77210,77221,11
13.05231953,80.24080658,77221,77241,20
13.05231953,80.24080658,77241,77251,10
13.05247021,80.24104309,77251,77261,10
13.05253983,80.24147797,77261,77271,10
13.05292988,80.24186707,77271,77281,10
13.05366993,80.24221039,77281,77291,10
13.05403996,80.24233246,77291,77301,10
13.05405998,80.24234009,77301,77311,10
13.05449963,80.24241638,77311,77322,11
13.05529976,80.24230957,77322,77332,10
13.05607986,80.24249268,77332,77342,10
13.05653,80.24269104,77342,77362,20
13.05653,80.24269104,77362,77372,10
13.05675983,80.24269867,77372,77382,10
13.05718994,80.24289703,77382,77392,10
13.0576601,80.24285889,77392,77402,10
13.05780983,80.24282837,77402,77412,10
13.05830002,80.2427063,77412,77423,11
13.05908966,80.24255371,77423,77433,10
13.05980968,80.24269867,77433,77443,10
13.06037998,80.24289703,77443,77453,10
13.06089973,80.24308777,77453,77463,10
13.06134033,80.24320984,77463,77473,10
13.06182003,80.24329376,77473,77483,10
13.06239986,80.24339294,77483,77493,10
13.06247044,80.2434082,77493,77503,10
13.0625,80.24343872,77503,77513,10
13.06274986,80.24346924,77513,77523,10
13.06319046,80.24356079,77523,77533,10
13.06375027,80.24359131,77533,77544,11
13.06449986,80.24359894,77544,77554,10
13.06519985,80.24360657,77554,77564,10
13.06566048,80.24360657,77564,77574,10
13.06610966,80.2435379,77574,77584,10
13.06626034,80.24347687,77584,77600,16
13.06665039,80.24331665,77600,77612,12
13.06729984,80.24301147,77612,77620,8
13.06787968,80.24279022,77620,77632,12
13.06832981,80.24268341,77632,77643,11
13.06859016,80.24259186,77643,77653,10
13.06881046,80.24247742,77653,77663,10
13.0690403,80.24240112,77663,77683,20
13.0690403,80.24240112,77683,77693,10
13.06925964,80.24237061,77693,77703,10
13.07001019,80.24215698,77703,77723,20
13.07001019,80.24215698,77723,77733,10
13.07009983,80.24215698,77733,77743,10
13.07046986,80.24201965,77743,77754,11
13.07116032,80.24178314,77754,77764,10
13.07190037,80.24141693,77764,77774,10
13.07260036,80.24098206,77774,77784,10
13.0733099,80.2407608,77784,77794,10
13.07402039,80.24056244,77794,77804,10
13.07497025,80.24053192,77804,77813,9
13.0759201,80.24051666,77813,77823,10
13.07678032,80.24063873,77823,77834,11
13.07705975,80.24037933,77834,77844,10
13.07695007,80.23973846,77844,77855,11
13.07676029,80.23883057,77855,77865,10
13.07639027,80.23738098,77865,77895,30
13.07639027,80.23738098,77895,77905,10
13.07637978,80.23725891,77905,77915,10
13.07627964,80.23679352,77915,77925,10
13.07616043,80.2360611,77925,77935,10
13.07600021,80.23519135,77935,77945,10
13.07579994,80.23419952,77945,77955,10
13.0760498,80.23377228,77955,77966,11
13.07660007,80.2337265,77966,77976,10
13.07664013,80.2337265,77976,77986,10
13.07701015,80.23368835,77986,77996,10
13.07769966,80.2335968,77996,78006,10
13.07855988,80.23356628,78006,78016,10
13.0792799,80.23355103,78016,78026,10
13.08034039,80.2335434,78026,78046,20
13.08034039,80.2335434,78046,78056,10
13.08049965,80.23352051,78056,78067,11
13.08111954,80.23355103,78067,78077,10
13.08180046,80.23358154,78077,78087,10
13.0819397,80.23332214,78087,78097,10
13.08199978,80.23271942,78097,78107,10
13.0824604,80.2313385,78107,78127,20
13.0824604,80.2313385,78127,78137,10
13.08261967,80.23110199,78137,78147,10
13.08285999,80.23069763,78147,78157,10
13.08308983,80.23085785,78157,78167,10
13.08312988,80.23136902,78167,78178,11
13.0831604,80.23223877,78178,78188,10
13.08331013,80.23313141,78188,78198,10
13.08339977,80.2336731,78198,78208,10
13.08343029,80.23384094,78208,78218,10
13.08397961,80.23401642,78218,78248,30
13.08397961,80.23401642,78248,78258,10
13.08407974,80.23403931,78258,78268,10
13.08444977,80.23412323,78268,78278,10
13.08504009,80.23425293,78278,78289,11
13.08586979,80.23445129,78289,78299,10
13.08660984,80.23458862,78299,78309,10
13.08732033,80.23462677,78309,78319,10
13.08742046,80.23461914,78319,78329,10
13.08773994,80.23448181,78329,78339,10
13.08790016,80.23406982,78339,78349,10
13.08796024,80.23345184,78349,78359,10
13.08813953,80.23261261,78359,78369,10
13.08839989,80.23166656,78369,78379,10
13.08882999,80.2305603,78379,78400,21
13.08882999,80.2305603,78400,78410,10
13.08897018,80.23033142,78410,78420,10
13.08920956,80.22982025,78420,78430,10
13.08967018,80.22915649,78430,78440,10
13.09031963,80.22846222,78440,78450,10
13.09095001,80.2277832,78450,78466,16
13.09136009,80.22733307,78466,78478,12
13.09138966,80.22731018,78478,78486,8
13.09162998,80.22707367,78486,78498,12
13.09224987,80.2264328,78498,78509,11
13.0929203,80.22575378,78509,78519,10
13.09339046,80.22525024,78519,78529,10
13.09362984,80.22499084,78529,78539,10
13.09405994,80.22447205,78539,78549,10
13.0945797,80.22373962,78549,78559,10
13.09506989,80.22286224,78559,78569,10
13.09521961,80.22244263,78569,78579,10
13.09537029,80.22206116,78579,78589,10
13.09562969,80.22135925,78589,78599,10
13.09591007,80.22055054,78599,78610,11
13.09617996,80.2197113,78610,78628,18
13.09642029,80.2191391,78628,78640,12
13.09663963,80.21846008,78640,78650,10
13.09689999,80.217659,78650,78660,10
13.09712982,80.21697998,78660,78670,10
13.09714031,80.21695709,78670,78680,10
13.09726048,80.21669769,78680,78690,10
13.09751034,80.21605682,78690,78700,10
13.09784985,80.21524811,78700,78710,10
13.09819031,80.2144928,78710,78721,11
13.09844971,80.21401978,78721,78731,10
13.09885979,80.21414948,78731,78740,9
13.09953976,80.2143631,78740,78751,11
13.10011959,80.21453857,78751,78791,40
13.10011959,80.21453857,78791,78801,10
13.10025978,80.21492004,78801,79185,384
13.10025978,80.21492004,79185,79195,10
13.10025978,80.2150116,79195,79205,10
13.10011005,80.21536255,79205,79215,10
13.0999403,80.21575928,79215,79225,10
13.09984016,80.21600342,79225,79235,10
13.09990978,80.21617889,79235,79246,11
13.09976959,80.21652985,79246,79256,10
13.09959984,80.21704102,79256,79266,10
13.09943962,80.21772003,79266,79276,10
13.09930038,80.21848297,79276,79286,10
13.09922028,80.21904755,79286,79296,10
13.09914017,80.21949005,79296,79306,10
13.09902954,80.2201004,79306,79316,10
13.09889984,80.22084045,79316,79326,10
13.09873962,80.22177124,79326,79336,10
13.09869957,80.22271729,79336,79346,10
13.09910011,80.22345734,79346,79357,11
13.09959984,80.22429657,79357,79367,10
13.09978008,80.22502136,79367,79377,10
13.09986973,80.22569275,79377,79387,10
13.0999403,80.22631073,79387,79397,10
13.09996986,80.22686768,79397,79407,10
13.09998035,80.22757721,79407,79417,10
13.0999403,80.22814178,79417,79427,10
13.09990025,80.22853088,79427,79437,10
13.0998497,80.22879791,79437,79447,10
13.09980965,80.22907257,79447,79458,11
13.09972,80.22956085,79458,79468,10
13.09959984,80.23004913,79468,79478,10
13.09947968,80.23055267,79478,79498,20
13.09947968,80.23055267,79498,79508,10
13.09939003,80.2308197,79508,79518,10
13.09932041,80.23097229,79518,79528,10
13.09920979,80.2312088,79528,79538,10
13.09908962,80.23149872,79538,79548,10
13.09897995,80.23171997,79548,79558,10
13.09885025,80.2321167,79558,79569,11
13.09875011,80.23246002,79569,79579,10
13.09869957,80.23259735,79579,79589,10
13.09867001,80.23293304,79589,79609,20
13.09867001,80.23293304,79609,79619,10
13.0985899,80.23319244,79619,79629,10
13.09854031,80.23361969,79629,79639,10
13.09848022,80.23406219,79639,79649,10
13.09842968,80.23454285,79649,79659,10
13.09838009,80.23503876,79659,79670,11
13.09831047,80.23552704,79670,79680,10
13.0982399,80.23600769,79680,79690,10
13.09813023,80.23660278,79690,79700,10
13.09805012,80.23722839,79700,79710,10
13.09796047,80.23764038,79710,79720,10
13.09784985,80.23825073,79720,79730,10
13.0977602,80.23873901,79730,79740,10
13.09770966,80.23916626,79740,79750,10
13.09768009,80.23944855,79750,79760,10
13.09764004,80.2397995,79760,79770,10
13.09759998,80.24044037,79770,79781,11
13.09751987,80.24118042,79781,79791,10
13.09741974,80.24185944,79791,79801,10
13.09757996,80.24224091,79801,79811,10
13.09811974,80.24236298,79811,79821,10
13.09850979,80.24234009,79821,79851,30
13.09850979,80.24234009,79851,79861,10
13.09871006,80.24221802,79861,79871,10
13.09875011,80.24201965,79871,79882,11
13.0988102,80.2416687,79882,79892,10
13.09918976,80.24143982,79892,85554,5662
13.09926033,80.24143219,85554,86130,576
