13.01436996,80.22563934,12,5130,5118
13.01438999,80.22566223,5130,5726,596
13.01441002,80.22563934,5726,17026,11300
13.01438999,80.22557831,17026,17349,323
13.0143404,80.2257309,17349,19843,2494
13.0143404,80.2257309,19843,19853,10
13.01414013,80.22575378,19853,19994,141
13.01414013,80.22592926,19994,20145,151
13.01418018,80.22593689,20145,20469,324
13.01418018,80.22593689,20469,20479,10
13.01422024,80.22619629,20479,20489,10
13.0139904,80.22640228,20489,20499,10
13.01344967,80.22657776,20499,20509,10
13.01284027,80.22680664,20509,20519,10
13.01210022,80.2270813,20519,20529,10
13.01126003,80.22740173,20529,20539,10
13.01041031,80.22773743,20539,20549,10
13.00971985,80.22788239,20549,20559,10
13.00967979,80.22736359,20559,20569,10
13.00994968,80.22669983,20569,20580,11
13.01033974,80.2258606,20580,20590,10
13.01068974,80.22505951,20590,20600,10
13.01101971,80.22428131,20600,20610,10
13.01132965,80.22348022,20610,20620,10
13.01167011,80.22258759,20620,20630,10
13.01198006,80.22173309,20630,20640,10
13.01210022,80.22083282,20640,20650,10
13.0118103,80.21981049,20650,20659,9
13.01158047,80.21904755,20659,20670,11
13.01130009,80.21823883,20670,20681,11
13.01103973,80.21749878,20681,20691,10
13.01078033,80.21691132,20691,20701,10
13.01056004,80.21643066,20701,20711,10
13.01033974,80.21613312,20711,20721,10
13.01006985,80.21563721,20721,20731,10
13.00969982,80.21498871,20731,20741,10
13.0092802,80.21443939,20741,20751,10
13.0088501,80.21386719,20751,20761,10
13.00806046,80.21324921,20761,20792,31
13.00806046,80.21324921,20792,20802,10
13.00798035,80.21321869,20802,20812,10
13.00782013,80.21307373,20812,20822,10
13.0074501,80.21285248,20822,20832,10
13.00695992,80.21276855,20832,20842,10
13.00634003,80.21276855,20842,20852,10
13.00580025,80.21298218,20852,20862,10
13.00518036,80.21263123,20862,20872,10
13.00456047,80.21228027,20872,20882,10
13.00384998,80.21206665,20882,20893,11
13.00314999,80.21205902,20893,20903,10
13.00249958,80.21212006,20903,20913,10
13.0020504,80.21235657,20913,20923,10
13.00152016,80.21273804,20923,20933,10
13.00096035,80.21315765,20933,20943,10
13.00045967,80.21360016,20943,20953,10
12.99991035,80.2141037,20953,20963,10
12.99952984,80.21443939,20963,20973,10
12.9991703,80.21475983,20973,20994,21
12.9991703,80.21475983,20994,21004,10
12.99897957,80.21494293,21004,21014,10
12.99866009,80.21521759,21014,21030,16
12.99796009,80.21579742,21030,21042,12
12.99742985,80.21629333,21042,21052,10
12.9971199,80.21652222,21052,21062,10
12.99637985,80.21659088,21062,21072,10
12.99561977,80.21678162,21072,21082,10
12.99499035,80.21711731,21082,21092,10
12.99440956,80.21753693,21092,21103,11
12.99374962,80.21800232,21103,21113,10
12.99310017,80.21843719,21113,21123,10
12.99244976,80.21894836,21123,21133,10
12.9917202,80.21948242,21133,21143,10
12.99104023,80.21996307,21143,21153,10
12.99034977,80.22049713,21153,21163,10
12.98980045,80.22103119,21163,21173,10
12.98931026,80.22161865,21173,21183,10
12.98882961,80.22219849,21183,21193,10
12.98820019,80.22276306,21193,21204,11
12.98760033,80.2230835,21204,21214,10
12.98696995,80.22303009,21214,21224,10
12.98628044,80.22296143,21224,21234,10
12.98556042,80.22316742,21234,21244,10
12.98505974,80.22322083,21244,21254,10
12.98449993,80.22293091,21254,21264,10
12.98394966,80.22260284,21264,21274,10
12.98342037,80.22229004,21274,21284,10
12.98326969,80.22218323,21284,21294,10
12.98316002,80.2220993,21294,21305,11
12.98289013,80.22194672,21305,21315,10
12.98248005,80.22183228,21315,21324,9
12.98192978,80.22154999,21324,21335,11
12.98132038,80.22115326,21335,21345,10
12.98069954,80.22103882,21345,21355,10
12.97999001,80.22107697,21355,21365,10
12.97926044,80.22113037,21365,21375,10
12.97850037,80.22116089,21375,21385,10
12.97780991,80.22119141,21385,21395,10
12.97700024,80.22122955,21395,21405,10
12.97628021,80.22123718,21405,21416,11
12.97558975,80.22099304,21416,21436,20
12.97558975,80.22099304,21436,21446,10
12.97544003,80.22084045,21446,21456,10
12.97513962,80.22064209,21456,21466,10
12.97455978,80.22039032,21466,21476,10
12.97381973,80.22007751,21476,21486,10
12.97315025,80.21983337,21486,21496,10
12.97239017,80.21954346,21496,21506,10
12.97152996,80.21923065,21506,21517,11
12.97099972,80.21907806,21517,21527,10
12.97066021,80.21894836,21527,21537,10
12.97031975,80.21878815,21537,21547,10
12.96975994,80.21855164,21547,21557,10
12.96907043,80.21827698,21557,21567,10
12.96839046,80.21800995,21567,21577,10
12.96769047,80.21774292,21577,21587,10
12.96695995,80.217453,21587,21597,10
12.9660902,80.21710205,21597,21607,10
12.96514034,80.21672058,21607,21617,10
12.96417999,80.21630859,21617,21628,11
12.96327019,80.21588898,21628,21638,10
12.96290016,80.21576691,21638,21648,10
12.96286011,80.21575928,21648,21658,10
12.96253014,80.21562195,21658,21668,10
12.96193981,80.21537781,21668,21678,10
12.96115971,80.21508026,21678,21688,10
12.96018982,80.21469879,21688,21698,10
12.9591198,80.21425629,21698,21708,10
12.95806026,80.21382904,21708,21718,10
12.95709038,80.21343231,21718,21729,11
12.95596027,80.21298981,21729,21739,10
12.95489979,80.21257782,21739,21749,10
12.95392036,80.21219635,21749,21759,10
12.95304012,80.21182251,21759,21769,10
12.95205021,80.21144104,21769,21779,10
12.95098972,80.21102142,21779,21789,10
12.94995975,80.21060944,21789,21799,10
12.94896984,80.21022797,21799,21809,10
12.94797039,80.20983124,21809,21819,10
12.94676971,80.20935822,21819,21830,11
12.94536018,80.2088089,21830,21840,10
12.94433022,80.20841217,21840,21850,10
12.94408035,80.20832062,21850,21860,10
12.94373035,80.2081604,21860,21870,10
12.94312954,80.20786285,21870,21880,10
12.94260025,80.20722961,21880,21890,10
12.94190979,80.20658112,21890,21900,10
12.94118977,80.20610046,21900,21910,10
12.94089031,80.20594788,21910,21920,10
12.94064999,80.20585632,21920,21930,10
12.9405098,80.20581818,21930,21941,11
12.93997955,80.2056427,21941,21951,10
12.93929958,80.20543671,21951,21961,10
12.93854046,80.2052002,21961,21971,10
12.93766975,80.20496368,21971,21981,10
12.93671989,80.2046814,21981,21991,10
12.93568993,80.20437622,21991,22001,10
12.93472004,80.20400238,22001,22011,10
12.93379974,80.20394135,22011,22021,10
12.93363953,80.20391846,22021,22031,10
12.93332005,80.20384216,22031,22042,11
12.93266964,80.20358276,22042,22052,10
12.93192959,80.20333099,22052,22062,10
12.93101978,80.20304108,22062,22072,10
12.93008041,80.20284271,22072,22082,10
12.92943001,80.20276642,22082,22092,10
12.92936039,80.20275879,22092,22102,10
12.92899036,80.20269775,22102,22112,10
12.92850018,80.20249939,22112,22122,10
12.92844963,80.20179749,22122,22132,10
12.9284296,80.20091248,22132,22142,10
12.92833042,80.19982147,22142,22153,11
12.92788029,80.19869995,22153,22163,10
12.92714024,80.19789124,22163,22173,10
12.92617989,80.1975174,22173,22183,10
12.92547035,80.19750214,22183,22193,10
12.92518044,80.19747925,22193,22203,10
12.92455006,80.19747925,22203,22213,10
12.9237299,80.19747162,22213,22223,10
12.92276001,80.19737244,22223,22233,10
12.92206001,80.19728851,22233,22243,10
12.92173958,80.19718933,22243,22254,11
12.92115974,80.19698334,22254,22264,10
12.9204998,80.1967392,22264,22274,10
12.91973972,80.19645691,22274,22284,10
12.91895962,80.19597626,22284,22294,10
12.91827965,80.19535828,22294,22304,10
12.91765976,80.19480133,22304,22314,10
12.91709995,80.19418335,22314,22324,10
12.91697025,80.19335938,22324,22334,10
12.91707993,80.19248962,22334,22344,10
12.91726971,80.19139862,22344,22365,21
12.91726971,80.19139862,22365,22375,10
12.91730022,80.19120026,22375,22385,10
12.91734028,80.19065857,22385,22401,16
12.91763973,80.18940735,22401,22413,12
12.91835976,80.18836212,22413,22423,10
12.91895962,80.18768311,22423,22433,10
12.91985035,80.18668365,22433,22443,10
12.92059994,80.1856308,22443,22453,10
12.92039967,80.18447876,22453,22464,11
12.92014027,80.18338776,22464,22473,9
12.91996002,80.18261719,22473,22484,11
12.91991043,80.18241882,22484,22494,10
12.91985989,80.18212128,22494,22504,10
12.91975021,80.18157959,22504,22514,10
12.91959,80.18083191,22514,22524,10
12.91940022,80.17990112,22524,22534,10
12.91909027,80.17917633,22534,22544,10
12.91876984,80.17875671,22544,22554,10
12.91835976,80.17819977,22554,22565,11
12.91823959,80.17732239,22565,22575,10
12.91843033,80.17630005,22575,22585,10
12.91870975,80.17523956,22585,22595,10
12.91895008,80.17420197,22595,22605,10
12.91921997,80.17314911,22605,22615,10
12.91948032,80.17212677,22615,22625,10
12.91973972,80.17115784,22625,22635,10
12.91979027,80.17101288,22635,22645,10
12.9198904,80.17079163,22645,22655,10
12.92008018,80.17012787,22655,22665,10
12.92031002,80.16931915,22665,22676,11
12.92070007,80.16816711,22676,22686,10
12.92107964,80.16700745,22686,22696,10
12.92146015,80.16584015,22696,22706,10
12.92183971,80.16468048,22706,22716,10
12.92218971,80.1635437,22716,22726,10
12.92253017,80.16248322,22726,22736,10
12.92286968,80.16137695,22736,22746,10
12.92313957,80.16052246,22746,22763,17
12.92343044,80.15894318,22763,22774,11
12.92354012,80.1576004,22774,22785,11
12.92362022,80.15648651,22785,22793,8
12.92350006,80.15531921,22793,22805,12
12.92335033,80.15477753,22805,22815,10
12.92333984,80.15467834,22815,22825,10
12.9232502,80.15425873,22825,22835,10
12.92310047,80.15361786,22835,22845,10
12.92288017,80.15283966,22845,22855,10
12.92269993,80.15196228,22855,22865,10
12.92265987,80.15106201,22865,22876,11
12.92263031,80.15003204,22876,22886,10
12.92257023,80.14890289,22886,22896,10
12.92255974,80.14774323,22896,22906,10
12.92253971,80.14660645,22906,22916,10
12.92251015,80.14543915,22916,22926,10
12.92247009,80.14427948,22926,22936,10
12.92243004,80.14325714,22936,22946,10
12.92241001,80.14251709,22946,22956,10
12.92238998,80.14190674,22956,22966,10
12.92238998,80.14172363,22966,22976,10
12.92238045,80.14141083,22976,22987,11
12.92236042,80.14080811,22987,22997,10
12.92234993,80.1401825,22997,23007,10
12.92234993,80.13944244,23007,23017,10
12.92238998,80.13861847,23017,23027,10
12.92243958,80.13777924,23027,23037,10
12.92247963,80.13684845,23037,23047,10
12.92251968,80.13584137,23047,23057,10
12.92255974,80.1348114,23057,23067,10
12.92259979,80.13379669,23067,23077,10
12.92263985,80.13301086,23077,23088,11
12.92267036,80.13200378,23088,23098,10
12.92271996,80.13101196,23098,23108,10
12.92276955,80.13021088,23108,23118,10
12.9228096,80.12930298,23118,23128,10
12.92288017,80.12827301,23128,23138,10
12.92290974,80.127388,23138,23148,10
12.92294025,80.1264801,23148,23158,10
12.92296982,80.12557983,23158,23168,10
12.92302036,80.12451935,23168,23178,10
12.92306042,80.12335968,23178,23189,11
12.92311954,80.12207794,23189,23198,9
12.92323017,80.12064362,23198,23229,31
12.92323017,80.12064362,23229,23239,10
12.92329979,80.12033844,23239,23249,10
12.92331982,80.11972046,23249,23259,10
12.92331028,80.11888885,23259,23269,10
12.9233799,80.11802673,23269,23279,10
12.92346001,80.11698151,23279,23300,21
12.92346001,80.11698151,23300,23310,10
12.92348003,80.11683655,23310,23320,10
12.92362976,80.11689758,23320,23330,10
12.92354012,80.11721802,23330,23340,10
12.92364025,80.11772156,23340,23350,10
12.92354012,80.11821747,23350,23360,10
12.92352009,80.11891937,23360,23370,10
12.92343044,80.11949921,23370,23380,10
12.9233799,80.12006378,23380,23392,12
12.92333031,80.12046814,23392,23403,11
12.92331028,80.12084198,23403,23413,10
12.92333031,80.12120819,23413,23746,333
12.92333031,80.12120819,23746,23756,10
12.92325974,80.12132263,23756,23766,10
12.92325974,80.12145996,23766,23776,10
12.9232502,80.12165833,23776,23786,10
12.92321968,80.12214661,23786,23796,10
12.92319012,80.12290192,23796,23806,10
12.92313957,80.123909,23806,23817,11
12.92308998,80.12518311,23817,23827,10
12.9230299,80.12605286,23827,23837,10
12.92300034,80.12709808,23837,23847,10
12.92292023,80.12825012,23847,23857,10
12.92284012,80.12940216,23857,23867,10
12.92278004,80.13053131,23867,23877,10
12.92275047,80.1315918,23877,23887,10
12.92271996,80.13266754,23887,23897,10
12.92269993,80.13316345,23897,23907,10
12.92269039,80.13336945,23907,23918,11
12.92269039,80.13358307,23918,23928,10
12.92269039,80.13385773,23928,23938,10
12.92263985,80.13458252,23938,23948,10
12.92261028,80.13526154,23948,23958,10
12.92255974,80.13601685,23958,23968,10
12.92251015,80.13690186,23968,23978,10
12.92247009,80.13777161,23978,23988,10
12.92240047,80.13874054,23988,23998,10
12.92236996,80.13983917,23998,24008,10
12.92238998,80.14084625,24008,24018,10
12.92241955,80.141922,24018,24029,11
12.92249012,80.14292908,24029,24039,10
12.92249012,80.14363098,24039,24049,10
12.92251968,80.14456177,24049,24059,10
12.92259979,80.14575195,24059,24069,10
12.92263031,80.14685822,24069,24079,10
12.92261982,80.14759827,24079,24089,10
12.92261982,80.14846802,24089,24099,10
12.92265987,80.14959717,24099,24109,10
12.92269993,80.15080261,24109,24119,10
12.92276001,80.15193939,24119,24130,11
12.92296028,80.15287018,24130,24140,10
12.92319012,80.153862,24140,24150,10
12.92343998,80.15474701,24150,24160,10
12.92352009,80.15511322,24160,24170,10
12.92366028,80.15573883,24170,24180,10
12.92368031,80.15666199,24180,24190,10
12.92356014,80.1578064,24190,24200,10
12.92346001,80.15898132,24200,24210,10
12.92335033,80.16007996,24210,24220,10
12.92329979,80.1603775,24220,24231,11
12.92319965,80.16068268,24231,24241,10
12.92298985,80.16136169,24241,24251,10
12.9226799,80.16223907,24251,24261,10
12.92234039,80.16330719,24261,24271,10
12.92195988,80.16446686,24271,24281,10
12.92158031,80.16571045,24281,24291,10
12.92117977,80.16693115,24291,24301,10
12.92080021,80.1681366,24301,24311,10
12.92041969,80.16931152,24311,24321,10
12.92008018,80.17044067,24321,24331,10
12.91979027,80.17134857,24331,24352,21
12.91979027,80.17134857,24352,24368,16
12.91956997,80.17214203,24368,24380,12
12.91932011,80.17311859,24380,24390,10
12.91905022,80.17414856,24390,24400,10
12.91878033,80.17532349,24400,24410,10
12.91847992,80.17646027,24410,24418,8
12.91831017,80.17739868,24418,24430,12
12.91874027,80.17868042,24430,24440,10
12.91936016,80.17965698,24440,24451,11
12.91965008,80.18094635,24451,24461,10
12.91989994,80.18213654,24461,24471,10
12.92016983,80.18331909,24471,24481,10
12.92037964,80.18395233,24481,24491,10
12.92041969,80.18430328,24491,24501,10
12.92057991,80.18495941,24501,24511,10
12.92068005,80.18544006,24511,24521,10
12.92068958,80.18550873,24521,24531,10
12.92066956,80.18572998,24531,24541,10
12.92037964,80.186203,24541,24552,11
12.9197998,80.1868515,24552,24562,10
12.91915035,80.18759155,24562,24572,10
12.91841984,80.18842316,24572,24582,10
12.91773033,80.18934631,24582,24592,10
12.91746044,80.19043732,24592,24602,10
12.91732979,80.19155884,24602,24611,9
12.91724014,80.19232178,24611,24622,11
12.91716003,80.19302368,24622,24631,9
12.91716003,80.19312286,24631,24642,11
12.91714954,80.19313812,24642,24653,11
12.91709995,80.19367981,24653,24663,10
12.91734028,80.19439697,24663,24673,10
12.91798019,80.19503784,24673,24683,10
12.91870022,80.19568634,24683,24693,10
12.91936016,80.19622803,24693,24703,10
12.91993999,80.19651031,24703,24713,10
12.92047977,80.19670105,24713,24723,10
12.92092037,80.19683075,24723,24733,10
12.92146015,80.197052,24733,24743,10
12.92232037,80.19728088,24743,24753,10
12.92341042,80.1974411,24753,24764,11
12.92465973,80.19747925,24764,24774,10
12.92531013,80.19745636,24774,24784,10
12.92568016,80.19747162,24784,24794,10
12.92638969,80.19754028,24794,24804,10
12.92652988,80.1975708,24804,24814,10
12.92691994,80.19773865,24814,24824,10
12.92749977,80.19814301,24824,24834,10
12.92801952,80.1988678,24834,24844,10
12.92842007,80.19985962,24844,24854,10
12.9285202,80.20098877,24854,24865,11
12.92858028,80.20220947,24865,24875,10
12.92903042,80.20269775,24875,24885,10
12.92945957,80.20272827,24885,24895,10
12.92963982,80.20275116,24895,24905,10
12.93013954,80.20281982,24905,24915,10
12.93091965,80.20298004,24915,24925,10
12.93183041,80.20326996,24925,24935,10
12.93278027,80.20358276,24935,24945,10
12.93362999,80.20385742,24945,24955,10
12.93406963,80.2039032,24955,24965,10
12.93424988,80.20391846,24965,24982,17
12.93529034,80.20413208,24982,24994,12
12.93638039,80.20453644,24994,25004,10
12.93725014,80.20478821,25004,25014,10
12.93840981,80.20510864,25014,25024,10
12.93943977,80.20542908,25024,25033,9
12.93995953,80.20558167,25033,25044,11
12.94003963,80.20559692,25044,25054,10
12.94032001,80.20568848,25054,25064,10
12.94087982,80.20588684,25064,25074,10
12.94157982,80.20625305,25074,25085,11
12.94242001,80.20691681,25085,25095,10
12.94307995,80.20770264,25095,25105,10
12.94402027,80.20823669,25105,25115,10
12.94437027,80.20835114,25115,25125,10
12.94466972,80.20847321,25125,25135,10
12.94528961,80.20868683,25135,25145,10
12.94606972,80.20897675,25145,25155,10
12.94692039,80.20929718,25155,25165,10
12.94771004,80.20961761,25165,25176,11
12.94853973,80.20993805,25176,25186,10
12.94941998,80.21028137,25186,25196,10
12.95049,80.21070862,25196,25206,10
12.95166016,80.21118164,25206,25216,10
12.95275974,80.21163177,25216,25226,10
12.95347977,80.21190643,25226,25236,10
12.95363998,80.21195984,25236,25246,10
12.95394039,80.21208954,25246,25256,10
12.95456028,80.21233368,25256,25266,10
12.9553299,80.21263885,25266,25276,10
12.95617008,80.21298218,25276,25287,11
12.95722008,80.21338654,25287,25296,9
12.95816994,80.21378326,25296,25307,11
12.95913982,80.2141571,25307,25317,10
12.96024036,80.2146225,25317,25327,10
12.96131992,80.21504211,25327,25337,10
12.96236038,80.21546173,25337,25347,10
12.96327972,80.21581268,25347,25357,10
12.96374035,80.21595764,25357,25367,10
12.96417046,80.21620178,25367,25377,10
12.96487999,80.21650696,25377,25388,11
12.96566963,80.21681976,25388,25398,10
12.9663496,80.21707916,25398,25408,10
12.96704006,80.21736145,25408,25418,10
12.96772957,80.21764374,25418,25428,10
12.96848011,80.21793365,25428,25438,10
12.96951008,80.21833801,25438,25448,10
12.97070026,80.21878052,25448,25458,10
12.97126007,80.21896362,25458,25468,10
12.97142982,80.21903229,25468,25478,10
12.97194958,80.21926117,25478,25488,10
12.9726696,80.21954346,25488,25499,11
12.97367001,80.21990967,25499,25509,10
12.97451973,80.2202301,25509,25519,10
12.97509956,80.22048187,25519,25529,10
12.97533035,80.22059631,25529,25539,10
12.97560024,80.2207489,25539,25549,10
12.9758997,80.22109222,25549,25559,10
12.97614956,80.22128296,25559,25569,10
12.97616005,80.22128296,25569,25579,10
12.97636986,80.2212677,25579,25589,10
12.97686005,80.2212677,25589,25600,11
12.97754002,80.22122955,25600,25610,10
12.9780798,80.22119904,25610,25620,10
12.97875977,80.22116089,25620,25630,10
12.97945023,80.22112274,25630,25640,10
12.9802103,80.22107697,25640,25650,10
12.98099995,80.22104645,25650,25660,10
12.98182011,80.22138214,25660,25670,10
12.98254013,80.22177887,25670,25680,10
12.98305035,80.22196198,25680,25690,10
12.98314953,80.22203064,25690,25701,11
12.98336983,80.22221375,25701,25711,10
12.98386955,80.22254944,25711,25721,10
12.98460007,80.22296143,25721,25731,10
12.98523998,80.22324371,25731,25751,20
12.98523998,80.22324371,25751,25761,10
12.98554039,80.22315216,25761,25771,10
12.98600006,80.22297668,25771,25781,10
12.98661041,80.22299194,25781,25791,10
12.98715019,80.2230835,25791,25801,10
12.98783016,80.2230072,25801,25812,11
12.98855019,80.22248077,25812,25822,10
12.98913956,80.22183228,25822,25832,10
12.98970032,80.2210083,25832,25842,10
12.99048042,80.22032928,25842,25852,10
12.99125004,80.21974945,25852,25862,10
12.99195004,80.21926117,25862,25872,10
12.99281979,80.2186203,25872,25882,10
12.99370956,80.2179718,25882,25892,10
12.99454021,80.21737671,25892,25902,10
12.99524021,80.21691895,25902,25913,11
12.99619961,80.21659088,25913,25923,10
12.99742031,80.2162323,25923,25943,20
12.99742031,80.2162323,25943,25953,10
12.99763966,80.2161026,25953,25963,10
12.99798965,80.21578217,25963,25973,10
12.99851036,80.21533966,25973,25983,10
12.99901962,80.21489716,25983,25993,10
12.99932003,80.21466064,25993,26003,10
12.99969006,80.2143631,26003,26014,11
13.0001297,80.21395874,26014,26024,10
13.00061989,80.21349335,26024,26034,10
13.00117016,80.2130127,26034,26044,10
13.00187969,80.21248627,26044,26054,10
13.00257015,80.2121582,26054,26064,10
13.00329971,80.21209717,26064,26074,10
13.00399971,80.21204376,26074,26084,10
13.00477028,80.21237183,26084,26094,10
13.00553036,80.21279907,26094,26104,10
13.00634003,80.2127533,26104,26114,10
13.00708008,80.2127533,26114,26125,11
13.00788021,80.21308899,26125,26145,20
13.00788021,80.21308899,26145,26155,10
13.00794029,80.21315765,26155,26165,10
13.00823021,80.21331787,26165,26175,10
13.00870037,80.21360016,26175,26185,10
13.00914955,80.21421814,26185,26195,10
13.00961971,80.21492004,26195,26205,10
13.01012039,80.21555328,26205,26215,10
13.01068974,80.216362,26215,26226,11
13.01103973,80.21729279,26226,26236,10
13.01142979,80.2183609,26236,26246,10
13.01185989,80.2195816,26246,26256,10
13.01224041,80.22075653,26256,26266,10
13.01249981,80.22136688,26266,26276,10
13.01282024,80.22177124,26276,26286,10
13.01333046,80.22241211,26286,26296,10
13.01381016,80.22309875,26296,26306,10
13.01438046,80.22373962,26306,26316,10
13.0148201,80.22428894,26316,26326,10
13.0152998,80.22486115,26326,26337,11
13.01541042,80.22492218,26337,26347,10
13.01554012,80.22501373,26347,26357,10
13.01587963,80.22531128,26357,26367,10
13.01657963,80.2253418,26367,26377,10
13.01749992,80.22499084,26377,26387,10
13.01856041,80.22457123,26387,26397,10
13.01953983,80.22447968,26397,26407,10
13.02033043,80.22493744,26407,26417,10
13.02112961,80.22551727,26417,26427,10
13.02178955,80.22599792,26427,26438,11
13.02200031,80.22615814,26438,26448,10
13.02215958,80.22628021,26448,26458,10
13.02254963,80.22666168,26458,26468,10
13.02313042,80.22722626,26468,26478,10
13.02377033,80.22789764,26478,26488,10
13.0244503,80.2286911,26488,26498,10
13.02511024,80.22953796,26498,26508,10
13.02573967,80.23046875,26508,26518,10
13.02604008,80.23123169,26518,26528,10
13.02635956,80.23133087,26528,26539,11
13.02715015,80.23110962,26539,26549,10
13.0279398,80.23095703,26549,26559,10
13.02880955,80.23085785,26559,26569,10
13.02945042,80.2308197,26569,26585,16
13.03024006,80.23075104,26585,26597,12
13.03096008,80.23068237,26597,26607,10
13.03141022,80.23065948,26607,26617,10
13.03209019,80.23062134,26617,26627,10
13.0328598,80.2305603,26627,26637,10
13.03357983,80.23049164,26637,26648,11
13.0341301,80.23045349,26648,26658,10
13.03427982,80.23042297,26658,26668,10
13.03458023,80.23036194,26668,26678,10
13.03458977,80.23036957,26678,26688,10
13.03477955,80.23034668,26688,26698,10
13.03495979,80.23021698,26698,26708,10
13.03495979,80.23020172,26708,26717,9
13.03511047,80.23002625,26717,26727,10
13.03450012,80.2297821,26727,27134,407
13.03419971,80.22997284,27134,27659,525
13.03419971,80.22997284,27659,27669,10
13.03419018,80.23033905,27669,27679,10
13.03417969,80.23034668,27679,27690,11
13.03407955,80.23042297,27690,27700,10
13.03382969,80.2304306,27700,27710,10
13.03330994,80.23046112,27710,27720,10
13.03269958,80.2305069,27720,27730,10
13.03201008,80.23058319,27730,27740,10
13.03131962,80.23066711,27740,27750,10
13.03065014,80.23072052,27750,27760,10
13.03005028,80.2307663,27760,27770,10
13.02950001,80.23085785,27770,27780,10
13.02886963,80.23090363,27780,27791,11
13.02808952,80.23101807,27791,27801,10
13.02773952,80.23113251,27801,27811,10
13.02775002,80.23162079,27811,27821,10
13.02777958,80.23210144,27821,27831,10
13.02787971,80.23274994,27831,27841,10
13.02733994,80.23288727,27841,27851,10
13.02694035,80.23297882,27851,27861,10
13.02657986,80.23298645,27861,27871,10
13.02632046,80.23249817,27871,27881,10
13.0261097,80.2317276,27881,27891,10
13.0259304,80.23097992,27891,27902,11
13.02544022,80.23001862,27902,27912,10
13.02484035,80.22924042,27912,27922,10
13.02431965,80.2285614,27922,27932,10
13.02388,80.22798157,27932,27942,10
13.02336025,80.2275238,27942,27952,10
13.02303982,80.22736359,27952,27992,40
13.02303982,80.22736359,27992,28008,16
13.0226202,80.22689819,28008,28021,13
13.02223015,80.22650146,28021,28031,10
13.02180958,80.22612762,28031,28041,10
13.02118969,80.22564697,28041,28051,10
13.02046013,80.22512054,28051,28059,8
13.02007008,80.22489929,28059,28071,12
13.01984978,80.22473145,28071,28081,10
13.01933956,80.22451019,28081,28091,10
13.01856995,80.22457886,28091,28101,10
13.01784039,80.22489929,28101,28112,11
13.01694012,80.22527313,28112,28122,10
13.0165596,80.22544098,28122,28132,10
13.01632977,80.22551727,28132,28142,10
13.01580048,80.22570801,28142,28152,10
13.01531982,80.22592163,28152,28162,10
13.01508045,80.22602081,28162,28172,10
13.01486969,80.22609711,28172,28182,10
13.01467037,80.22612,28182,28192,10
13.0143404,80.22628784,28192,28202,10
13.01432037,80.2263031,28202,28213,11
13.01393986,80.22641754,28213,28223,10
13.01329994,80.22666168,28223,28233,10
13.0125103,80.22695923,28233,28243,10
13.01163006,80.22727203,28243,28253,10
13.01060963,80.22766876,28253,28263,10
13.00967979,80.22786713,28263,28273,10
13.00969982,80.22725677,28273,28283,10
13.01002026,80.22657013,28283,28293,10
13.01039982,80.22573853,28293,28303,10
13.0108099,80.224823,28303,28313,10
13.01119995,80.22389221,28313,28324,11
13.01158047,80.22296143,28324,28334,10
13.01185989,80.22219086,28334,28344,10
13.01212978,80.22133636,28344,28354,10
13.01206017,80.22054291,28354,28364,10
13.01177025,80.21959686,28364,28374,10
13.01146984,80.21865082,28374,28384,10
13.01111984,80.21769714,28384,28394,10
13.01070976,80.21678162,28394,28403,9
13.01031017,80.2161026,28403,28414,11
13.00986004,80.21518707,28414,28425,11
13.00946045,80.21465302,28425,28435,10
13.00903988,80.2141037,28435,28445,10
13.0087204,80.21370697,28445,28485,40
13.0087204,80.21370697,28485,28495,10
13.0085001,80.21349335,28495,28505,10
13.00846004,80.21347046,28505,28515,10
13.00829983,80.21337891,28515,28556,41
13.00796986,80.21320343,28556,28596,40
13.00796986,80.21320343,28596,28606,10
13.00784969,80.21309662,28606,28616,10
13.00765991,80.21292877,28616,28626,10
13.00720024,80.21279144,28626,28637,11
13.00667,80.21273041,28637,28647,10
13.00613976,80.21289063,28647,28657,10
13.00553036,80.21282959,28657,28666,9
13.00492001,80.21244049,28666,28677,11
13.00415039,80.21208954,28677,28687,10
13.00325966,80.21205139,28687,28697,10
13.00269985,80.21208954,28697,28707,10
13.0021801,80.21230316,28707,28717,10
13.00160027,80.21270752,28717,28727,10
13.00107956,80.21305847,28727,28738,11
13.00057983,80.21351624,28738,28748,10
12.99997044,80.21407318,28748,28758,10
12.99962997,80.21440125,28758,28768,10
12.99927044,80.21475983,28768,28778,10
12.99901009,80.21495819,28778,28788,10
12.99853992,80.21537018,28788,28798,10
12.99785995,80.21595001,28798,28808,10
12.99752045,80.21623993,28808,28818,10
12.99740982,80.216362,28818,28828,10
12.9971199,80.21650696,28828,28838,10
12.99645996,80.21658325,28838,28849,11
12.99557972,80.21679688,28849,28859,10
12.99481964,80.21723175,28859,28869,10
12.99421978,80.217659,28869,28879,10
12.99363041,80.21806335,28879,28889,10
12.99297047,80.21852112,28889,28899,10
12.99221992,80.21906281,28899,28909,10
12.9914999,80.21959686,28909,28919,10
12.99094963,80.22000885,28919,28929,10
12.99090958,80.220047,28929,28939,10
12.99077988,80.22016907,28939,28950,11
12.99038029,80.22054291,28950,28960,10
12.98978043,80.22110748,28960,28970,10
12.98927975,80.22174072,28970,28980,10
12.98863029,80.22248077,28980,28990,10
12.98805046,80.22299194,28990,29000,10
12.98777008,80.22309875,29000,29010,10
12.98758984,80.2230835,29010,29020,10
12.98717022,80.22303009,29020,29030,10
12.9865799,80.22296143,29030,29040,10
12.98587036,80.22299194,29040,29050,10
12.98544979,80.22328949,29050,29061,11
12.98486042,80.22312164,29061,29077,16
12.98388004,80.22254944,29077,29089,12
12.9834404,80.22231293,29089,29099,10
12.9834404,80.22229767,29099,29109,10
12.98324966,80.22216034,29109,29119,10
12.98316002,80.2220993,29119,29129,10
12.98281956,80.22190857,29129,29139,10
12.98233986,80.22176361,29139,29149,10
12.98176956,80.22135925,29149,29160,11
12.98093987,80.22102356,29160,29170,10
12.98023987,80.22106171,29170,29180,10
12.97953033,80.22112274,29180,29190,10
12.97865963,80.22115326,29190,29199,9
12.97789001,80.22118378,29199,29210,11
12.97688961,80.22120667,29210,29220,10
12.9762001,80.22126007,29220,29230,10
12.97607994,80.22129059,29230,29240,10
12.97583961,80.22122192,29240,29250,10
12.97556973,80.22097778,29250,29281,31
12.97556973,80.22097778,29281,29291,10
12.9752903,80.22070313,29291,29301,10
12.97474957,80.22045898,29301,29311,10
12.97402,80.22015381,29311,29321,10
12.97329998,80.21987152,29321,29331,10
12.97247028,80.21956635,29331,29341,10
12.9715004,80.21923828,29341,29351,10
12.97105026,80.21914673,29351,29361,10
12.97097015,80.21913147,29361,29372,11
12.97068977,80.21897888,29372,29382,10
12.97043037,80.21884155,29382,29392,10
12.97025967,80.21877289,29392,29408,16
12.96959019,80.2184906,29408,29420,12
12.96905994,80.21827698,29420,29430,10
12.96870995,80.21813965,29430,29439,9
12.96827984,80.2179718,29439,29450,11
12.9677496,80.21775818,29450,29460,10
12.96726036,80.21755981,29460,29471,11
12.96646023,80.21724701,29471,29481,10
12.96553993,80.2168808,29481,29491,10
12.96452045,80.21647644,29491,29501,10
12.96368027,80.21611023,29501,29511,10
12.96304989,80.21582794,29511,29521,10
12.96261978,80.2156601,29521,29530,9
12.96210003,80.21543884,29530,29540,10
12.96135998,80.21515656,29540,29551,11
12.96039963,80.21476746,29551,29561,10
12.95936012,80.2143631,29561,29570,9
12.95839977,80.21395874,29570,29582,12
12.95709038,80.21341705,29582,29592,10
12.95602036,80.21299744,29592,29602,10
12.95489979,80.21257782,29602,29612,10
12.95378971,80.21212769,29612,29622,10
12.95269012,80.21167755,29622,29632,10
12.95160961,80.21124268,29632,29642,10
12.95053005,80.21082306,29642,29652,10
12.94954014,80.21042633,29652,29662,10
12.94861984,80.21006775,29662,29672,10
12.94762993,80.20968628,29672,29683,11
12.94633007,80.20918274,29683,29693,10
12.94511986,80.20870972,29693,29703,10
12.94423962,80.20839691,29703,29713,10
12.94416046,80.20836639,29713,29723,10
12.94398022,80.20829773,29723,29733,10
12.94363022,80.20813751,29733,29743,10
12.94307995,80.20781708,29743,29753,10
12.94258976,80.20720673,29753,29763,10
12.94198036,80.20664215,29763,29773,10
12.94104004,80.20600128,29773,29794,21
12.94104004,80.20600128,29794,29804,10
12.94073009,80.20587158,29804,29814,10
12.94017982,80.20570374,29814,29824,10
12.93947983,80.20548248,29824,29834,10
12.93879986,80.20526123,29834,29844,10
12.93805981,80.20503998,29844,29854,10
12.93733025,80.20481873,29854,29864,10
12.93638039,80.20455933,29864,29874,10
12.93542004,80.20424652,29874,29884,10
12.93369961,80.20391846,29884,29915,31
12.93369961,80.20391846,29915,29925,10
12.93350983,80.2039032,29925,29935,10
12.93299961,80.20372009,29935,29945,10
12.93229961,80.20345306,29945,29955,10
12.93146038,80.20316315,29955,29965,10
12.93054008,80.20290375,29965,29975,10
12.92955971,80.20278931,29975,29996,21
12.92955971,80.20278931,29996,30006,10
12.9293499,80.20275879,30006,30016,10
12.92887974,80.2026825,30016,30026,10
12.92850971,80.20230103,30026,30036,10
12.92846966,80.20146942,30036,30046,10
12.9284296,80.20044708,30046,30056,10
12.92817974,80.19934082,30056,30066,10
12.92765045,80.19833374,30066,30076,10
12.92675018,80.19767761,30076,30086,10
12.9258604,80.19750214,30086,30096,10
12.92547035,80.19753265,30096,30107,11
12.92506027,80.19750214,30107,30117,10
12.92440987,80.19750214,30117,30127,10
12.92360973,80.19747925,30127,30137,10
12.92269039,80.19737244,30137,30147,10
12.92183971,80.19722748,30147,30157,10
12.92107964,80.19696808,30157,30167,10
12.92090988,80.19689941,30167,30177,10
12.92059994,80.19680023,30177,30187,10
12.92006969,80.19660187,30187,30197,10
12.91940022,80.1963501,30197,30207,10
12.91907978,80.19608307,30207,30218,11
12.91872025,80.19576263,30218,30228,10
12.91827011,80.19534302,30228,30238,10
12.91769028,80.19483185,30238,30248,10
12.91724014,80.19436646,30248,30278,30
12.91724014,80.19436646,30278,30288,10
12.91714001,80.19416809,30288,30298,10
12.91699982,80.19377899,30298,30308,10
12.91699982,80.19316101,30308,30319,11
12.91711044,80.19258118,30319,30329,10
12.9171896,80.19207764,30329,30345,16
12.91728973,80.19129944,30345,30357,12
12.91730022,80.19129944,30357,30367,10
12.91732025,80.19117737,30367,30377,10
12.91736031,80.19061279,30377,30387,10
12.91749001,80.18984222,30387,30397,10
12.91784954,80.18897247,30397,30407,10
12.91854,80.18817139,30407,30417,10
12.91915989,80.18749237,30417,30428,11
12.91996956,80.18656158,30428,30439,11
12.92066002,80.18556213,30439,30449,10
12.92045021,80.18457031,30449,30459,10
12.92028999,80.18392944,30459,30469,10
12.92012024,80.18318176,30469,30479,10
12.91994953,80.18254089,30479,30499,20
12.91994953,80.18254089,30499,30509,10
12.91987038,80.18222046,30509,30519,10
12.91973972,80.18167114,30519,30530,11
12.91956043,80.18084717,30530,30540,10
12.91940022,80.17999268,30540,30550,10
12.91895962,80.17906952,30550,30561,11
12.91825962,80.17803955,30561,30571,10
12.9183197,80.17696381,30571,30581,10
12.91856003,80.17584991,30581,30591,10
12.91884041,80.17472839,30591,30601,10
12.91913986,80.17355347,30601,30610,9
12.91942024,80.17250061,30610,30620,10
12.91963959,80.17157745,30620,30632,12
12.91973019,80.17133331,30632,30642,10
12.91983986,80.17089844,30642,30662,20
12.91983986,80.17089844,30662,30672,10
12.91994953,80.17062378,30672,30682,10
12.92014027,80.16999817,30682,30692,10
12.92039013,80.16921997,30692,30702,10
12.92068958,80.16828156,30702,30712,10
12.92103004,80.16721344,30712,30721,9
12.92136955,80.16619873,30721,30732,11
12.9217701,80.16496277,30732,30743,11
12.92212963,80.16378021,30743,30753,10
12.92241955,80.1628418,30753,30763,10
12.92271996,80.16194916,30763,30773,10
12.92298985,80.16108704,30773,30783,10
12.92313004,80.16059875,30783,30792,9
12.92313004,80.16059113,30792,30803,11
12.92323017,80.16033936,30803,30813,10
12.92335033,80.15979767,30813,30823,10
12.92343998,80.15897369,30823,30833,10
12.92354012,80.15799713,30833,30844,11
12.92366028,80.15680695,30844,30854,10
12.92370033,80.15585327,30854,30864,10
12.92345047,80.15499878,30864,30884,20
12.92345047,80.15499878,30884,30894,10
12.92341042,80.15473938,30894,30904,10
12.92327976,80.15419769,30904,30914,10
12.92308044,80.15348053,30914,30924,10
12.92286015,80.15270233,30924,30934,10
12.92269993,80.15202332,30934,30944,10
12.9226799,80.15135956,30944,30961,17
12.92263031,80.14998627,30961,30973,12
12.92257977,80.14881134,30973,30983,10
12.92255974,80.14790344,30983,30993,10
12.9225502,80.14752197,30993,31003,10
12.92255974,80.14713287,31003,31013,10
12.9225502,80.14640808,31013,31022,9
12.92253971,80.14578247,31022,31033,11
12.92249966,80.14476776,31033,31043,10
12.92247963,80.14389801,31043,31054,11
12.92245007,80.14331818,31054,31064,10
12.92243004,80.1427536,31064,31074,10
12.92241001,80.14217377,31074,31084,10
12.92238045,80.14141846,31084,31104,20
12.92238045,80.14141846,31104,31114,10
12.92238998,80.14102936,31114,31124,10
12.92238998,80.14057922,31124,31134,10
12.92238998,80.1400528,31134,31144,10
12.92238998,80.13928986,31144,31154,10
12.92243004,80.13844299,31154,31165,11
12.92247963,80.13761902,31165,31175,10
12.92249966,80.13681793,31175,31185,10
12.92255974,80.13583374,31185,31195,10
12.92259979,80.13474274,31195,31205,10
12.92263985,80.13366699,31205,31215,10
12.92265987,80.13288116,31215,31225,10
12.9226799,80.13233948,31225,31235,10
12.92269039,80.13169861,31235,31245,10
12.92269993,80.13127899,31245,31255,10
12.92271042,80.13124847,31255,31266,11
12.92273045,80.13098145,31266,31276,10
12.92275047,80.13050079,31276,31286,10
12.92278957,80.12992859,31286,31296,10
12.92282009,80.12934113,31296,31306,10
12.92286015,80.1287384,31306,31316,10
12.92286015,80.1281662,31316,31326,10
12.9229002,80.12744904,31326,31336,10
12.92292976,80.12666321,31336,31346,10
12.92296028,80.12576294,31346,31356,10
12.92300034,80.1247406,31356,31366,10
12.92306042,80.12368011,31366,31377,11
12.92308998,80.12258148,31377,31387,10
12.92315006,80.12153625,31387,31397,10
12.92321014,80.12071228,31397,31437,40
12.92325974,80.12058258,31437,31457,20
12.92325974,80.12058258,31457,31467,10
12.92327976,80.12026978,31467,31478,11
12.92331028,80.11965179,31478,31488,10
12.92331028,80.1190567,31488,31498,10
12.92335033,80.11843109,31498,31508,10
12.92348957,80.11766052,31508,31518,10
12.92350006,80.11710358,31518,31568,50
12.92350006,80.11710358,31568,31578,10
12.92348003,80.11685181,31578,31589,11
12.92364025,80.11682892,31589,31599,10
12.92356014,80.11708832,31599,31609,10
12.92354012,80.11746216,31609,31619,10
12.92362022,80.11773682,31619,31635,16
12.92352009,80.11840057,31635,31647,12
12.92348003,80.11911011,31647,31657,10
12.92341042,80.11961365,31657,31667,10
12.92335987,80.12016296,31667,31677,10
12.92335987,80.12023926,31677,31687,10
12.92333984,80.12030792,31687,31698,11
12.92327976,80.12065887,31698,31708,10
12.92329025,80.1210022,31708,31940,232
12.92331028,80.1213913,31940,32041,101
12.92323971,80.12151337,32041,32364,323
12.92329979,80.1213913,32364,32838,474
12.92329979,80.1213913,32838,32848,10
12.92319965,80.12165833,32848,32859,11
12.92321968,80.12223816,32859,32869,10
12.92319012,80.12297821,32869,32879,10
12.92319012,80.12391663,32879,32889,10
12.92308044,80.12489319,32889,32899,10
12.9230299,80.12558746,32899,32949,50
12.9230299,80.12558746,32949,32960,11
12.92300987,80.12596893,32960,32970,10
12.92298031,80.12661743,32970,32980,10
12.92294025,80.12747955,32980,32990,10
12.92288971,80.12828827,32990,33000,10
12.92282963,80.12911224,33000,33010,10
12.92278957,80.13005829,33010,33020,10
12.92280006,80.13127899,33020,33040,20
12.92280006,80.13127899,33040,33050,10
12.9228096,80.13160706,33050,33061,11
12.92278004,80.13226318,33061,33071,10
12.92271996,80.13305664,33071,33081,10
12.92267036,80.13401794,33081,33091,10
12.92263031,80.13506317,33091,33101,10
12.92257023,80.13597107,33101,33111,10
12.92253017,80.13696289,33111,33121,10
12.92247009,80.1379776,33121,33131,10
12.9224596,80.13835144,33131,33141,10
12.92243958,80.1384964,33141,33151,10
12.92240047,80.13890076,33151,33161,10
12.92238998,80.13961029,33161,33172,11
12.92241955,80.14031982,33172,33182,10
12.92243004,80.14076996,33182,33192,10
12.92241955,80.14157104,33192,33202,10
12.92247009,80.1424408,33202,33212,10
12.92251968,80.14328766,33212,33222,10
12.92253971,80.1436615,33222,33242,20
12.92253971,80.1436615,33242,33252,10
12.92257023,80.14385986,33252,33262,10
12.92253017,80.14446259,33262,33272,10
12.9225502,80.14530945,33272,33283,11
12.92259979,80.1464386,33283,33293,10
12.92263985,80.1472168,33293,33303,10
12.92263985,80.1472702,33303,33313,10
12.92263031,80.14746094,33313,33323,10
12.92261028,80.14792633,33323,33333,10
12.92259979,80.14862061,33333,33343,10
12.92265987,80.14951324,33343,33353,10
12.92269039,80.15058136,33353,33363,10
12.92276001,80.1517334,33363,33404,41
12.92276001,80.1517334,33404,33414,10
12.92275047,80.15174103,33414,33424,10
12.92280006,80.15219116,33424,33434,10
12.92292023,80.15281677,33434,33444,10
12.92311954,80.15366364,33444,33454,10
12.92335987,80.15450287,33454,33464,10
12.92341042,80.15471649,33464,33474,10
12.92343998,80.15489197,33474,33485,11
12.92354965,80.15541077,33485,33495,10
12.92372036,80.1561203,33495,33505,10
12.92364025,80.1570282,33505,33515,10
12.92354012,80.15811157,33515,33525,10
12.92341995,80.15924072,33525,33535,10
12.92333984,80.16023254,33535,33545,10
12.92329979,80.16039276,33545,33555,10
12.92327976,80.16043854,33555,33565,10
12.92313004,80.16085052,33565,33575,10
12.92290974,80.16155243,33575,33585,10
12.92263031,80.16242218,33585,33596,11
12.92224979,80.16355133,33596,33606,10
12.92185974,80.164711,33606,33616,10
12.92150021,80.16590118,33616,33626,10
12.92111969,80.16706085,33626,33636,10
12.92082024,80.16802216,33636,33646,10
12.92053032,80.16892242,33646,33656,10
12.92022038,80.16995239,33656,33666,10
12.91998959,80.17076111,33666,33676,10
12.91991043,80.17105103,33676,33686,10
12.91987038,80.17112732,33686,33697,11
12.91975021,80.17153931,33697,33707,10
12.91958046,80.17225647,33707,33717,10
12.91936016,80.1730423,33717,33727,10
12.91913033,80.17389679,33727,33737,10
12.91891956,80.17478943,33737,33747,10
12.91860008,80.17595673,33747,33757,10
12.9184103,80.17700958,33757,33767,10
12.91843033,80.17816925,33767,33777,10
12.91907978,80.17910767,33777,33787,10
12.91948032,80.18019867,33787,33797,10
12.9197197,80.18141174,33797,33808,11
12.92000961,80.18270111,33808,33818,10
12.92026043,80.18359375,33818,33828,10
12.92035961,80.18392181,33828,33838,10
12.92039967,80.18424988,33838,33848,10
12.92047977,80.18467712,33848,33858,10
12.92066002,80.18540955,33858,33878,20
12.92066002,80.18540955,33878,33888,10
12.92064953,80.18562317,33888,33898,10
12.92051029,80.18602753,33898,33909,11
12.92004013,80.18656158,33909,33919,10
12.91950989,80.18714142,33919,33929,10
12.91897964,80.1877594,33929,33939,10
12.91841984,80.18836212,33939,33949,10
12.91786003,80.18903351,33949,33959,10
12.91753006,80.18994141,33959,33969,10
12.91742039,80.19068146,33969,33979,10
12.91734028,80.19143677,33979,33989,10
12.91726971,80.19212341,33989,33999,10
12.91718006,80.19271851,33999,34009,10
12.91716003,80.19313049,34009,34040,31
12.91716003,80.19313049,34040,34050,10
12.91711044,80.19342041,34050,34060,10
12.91714001,80.19391632,34060,34070,10
12.91742039,80.19451141,34070,34080,10
12.91802025,80.19506836,34080,34090,10
12.91866016,80.19564819,34090,34100,10
12.91936016,80.19622803,34100,34110,10
12.92029953,80.19664001,34110,34120,10
12.92096043,80.19685364,34120,34131,11
12.92150021,80.19703674,34131,34141,10
12.9222002,80.197258,34141,34151,10
12.92300987,80.19738007,34151,34161,10
12.92345047,80.19741821,34161,34171,10
12.92362022,80.19744873,34171,34181,10
12.92411995,80.19747925,34181,34191,10
12.92486,80.19747162,34191,34201,10
12.92535973,80.19745636,34201,34211,10
12.92576981,80.19745636,34211,34221,10
12.92646027,80.19756317,34221,34231,10
12.92720032,80.19790649,34231,34242,11
12.92778969,80.19846344,34242,34252,10
12.92809963,80.19905853,34252,34262,10
12.92837048,80.19983673,34262,34272,10
12.92846966,80.20084381,34272,34282,10
12.9285202,80.20166779,34282,34292,10
12.92856979,80.20240021,34292,34302,10
12.92949963,80.20272064,34302,34322,20
12.92949963,80.20272064,34322,34332,10
12.92969036,80.20275879,34332,34343,11
12.93023968,80.20281982,34343,34353,10
12.93093967,80.20297241,34353,34363,10
12.9316597,80.20320129,34363,34379,16
12.93297958,80.20362854,34379,34391,12
12.93404007,80.20388031,34391,34411,20
12.93404007,80.20388031,34411,34421,10
12.93414021,80.20391846,34421,34431,10
12.93441963,80.20394135,34431,34441,10
12.93488979,80.20400238,34441,34452,11
12.93560028,80.20426941,34452,34462,10
12.93622971,80.20449066,34462,34472,10
12.93690968,80.2046814,34472,34482,10
12.93764973,80.20490265,34482,34492,10
12.93848991,80.20513153,34492,34502,10
12.9392004,80.20536041,34502,34512,10
12.94011974,80.20562744,34512,34542,30
12.94011974,80.20562744,34542,34553,11
12.94036007,80.20570374,34553,34563,10
12.94064999,80.20578766,34563,34573,10
12.94108009,80.20597076,34573,34583,10
12.9416399,80.2062912,34583,34593,10
12.94227028,80.20678711,34593,34603,10
12.94285965,80.20742035,34603,34613,10
12.94344044,80.20800781,34613,34623,10
12.94443989,80.20838165,34623,34654,31
12.94443989,80.20838165,34654,34664,10
12.9447403,80.20847321,34664,34674,10
12.94521046,80.20864868,34674,34684,10
12.94583988,80.20890045,34684,34694,10
12.94653034,80.20915985,34694,34704,10
12.94715977,80.20939636,34704,34714,10
12.94775963,80.20960236,34714,34724,10
12.94834042,80.20982361,34724,34734,10
12.94898987,80.21008301,34734,34743,9
12.94976044,80.21041107,34743,34754,11
12.95088005,80.21087646,34754,34765,11
12.95195961,80.2113266,34765,34775,10
12.95283985,80.21166229,34775,34785,10
12.9535799,80.21198273,34785,34795,10
12.95442009,80.21233368,34795,34805,10
12.95538998,80.21272278,34805,34815,10
12.95629025,80.21305847,34815,34825,10
12.95699978,80.21331787,34825,34835,10
12.95775986,80.21366119,34835,34845,10
12.95862007,80.21399689,34845,34861,16
12.9594698,80.21430969,34861,34874,13
12.96024036,80.21460724,34874,34884,10
12.96096992,80.21492004,34884,34894,10
12.96181011,80.21526337,34894,34904,10
12.96273994,80.21562195,34904,34914,10
12.96348,80.21589661,34914,34924,10
12.96417999,80.21620178,34924,34934,10
12.96490002,80.21650696,34934,34944,10
12.96551991,80.21674347,34944,34954,10
12.9662199,80.21701813,34954,34964,10
12.96679974,80.21723938,34964,34975,11
12.9673996,80.21746826,34975,34985,10
12.96788025,80.21768188,34985,34995,10
12.96850014,80.21793365,34995,35005,10
12.96947002,80.21829987,35005,35015,10
12.97052956,80.21871948,35015,35025,10
12.97117043,80.21894073,35025,35045,20
12.97117043,80.21894073,35045,35055,10
12.97134972,80.2190094,35055,35065,10
12.9717598,80.21917725,35065,35075,10
12.97226048,80.21942139,35075,35086,11
12.97303963,80.21968842,35086,35096,10
12.97377968,80.22000122,35096,35106,10
12.97453976,80.22033691,35106,35116,10
12.97521019,80.22064972,35116,35126,10
12.97552013,80.22074127,35126,35136,10
12.97566032,80.22090912,35136,35146,10
12.97614002,80.22122192,35146,35187,41
12.97614002,80.22122192,35187,35197,10
12.97624016,80.22120667,35197,35207,10
12.9765501,80.22125244,35207,35217,10
12.97708988,80.22125244,35217,35227,10
12.97782993,80.22120667,35227,35237,10
12.97861004,80.22116089,35237,35247,10
12.97931957,80.22110748,35247,35257,10
12.98007011,80.22104645,35257,35267,10
12.98060036,80.2210083,35267,35277,10
12.98118973,80.22104645,35277,35287,10
12.98180008,80.22141266,35287,35298,11
12.98213959,80.22161865,35298,35308,10
12.98233986,80.22174072,35308,35318,10
12.98272991,80.2218399,35318,35328,10
12.98305035,80.22199249,35328,35348,20
12.98305035,80.22199249,35348,35364,16
12.98346043,80.22223663,35364,35376,12
12.98404026,80.2226181,35376,35384,8
12.98456955,80.22293854,35384,35396,12
12.98534012,80.2232666,35396,35407,11
12.98585033,80.22296906,35407,35417,10
12.98651028,80.22293854,35417,35427,10
12.98701954,80.2230072,35427,35437,10
12.9872303,80.22303772,35437,35446,9
12.98750973,80.22306061,35446,35457,11
12.9875803,80.22306824,35457,35467,10
12.98766041,80.22306061,35467,35477,10
12.98803043,80.22290802,35477,35487,10
12.9885397,80.22251129,35487,35497,10
12.9890604,80.22199249,35497,35508,11
12.9896698,80.22119141,35508,35518,10
12.99028015,80.22054291,35518,35528,10
12.99059963,80.22029114,35528,35538,10
12.99061012,80.22029114,35538,35548,10
12.99069023,80.22022247,35548,35558,10
12.99098969,80.21999359,35558,35568,10
12.99145985,80.21964264,35568,35578,10
12.99195957,80.21926117,35578,35588,10
12.99260044,80.21878815,35588,35598,10
12.99332047,80.21826172,35598,35608,10
12.99398041,80.21779633,35608,35619,11
12.99462986,80.2173233,35619,35629,10
12.99522018,80.21691132,35629,35639,10
12.99578953,80.21665955,35639,35649,10
12.99652958,80.21652222,35649,35659,10
12.99719048,80.21643829,35659,35669,10
12.99757004,80.21611023,35669,35689,20
12.99757004,80.21611023,35689,35699,10
12.99792004,80.21585846,35699,35709,10
12.9982996,80.21549988,35709,35720,11
12.99884987,80.2150116,35720,35730,10
12.99921036,80.21472168,35730,35740,10
12.9995203,80.21443939,35740,35750,10
12.99993992,80.21408081,35750,35760,10
13.00034046,80.21372986,35760,35770,10
13.00098991,80.21315765,35770,35780,10
13.00158024,80.21269989,35780,35790,10
13.00216007,80.21231842,35790,35800,10
13.00261974,80.21212006,35800,35810,10
13.00323009,80.21205902,35810,35820,10
13.0037899,80.21199036,35820,35831,11
13.00434017,80.21212769,35831,35841,10
13.00491047,80.21243286,35841,35851,10
13.00551987,80.2128067,35851,35861,10
13.00621986,80.21276855,35861,35871,10
13.00699043,80.21273041,35871,35881,10
13.00769997,80.21291351,35881,35891,10
13.00784969,80.21307373,35891,35911,20
13.00784969,80.21307373,35911,35921,10
13.00806046,80.21324921,35921,35932,11
13.00848007,80.21340179,35932,35942,10
13.00879002,80.21381378,35942,35952,10
13.00922012,80.21437073,35952,35962,10
13.0095396,80.21485138,35962,35972,10
13.00971031,80.21504974,35972,35981,9
13.00994968,80.21537018,35981,35992,11
13.01039982,80.21591949,35992,36002,10
13.01072979,80.21662903,36002,36012,10
13.01101971,80.21729279,36012,36022,10
13.01132011,80.21813965,36022,36032,10
13.0116396,80.21913147,36032,36043,11
13.01202965,80.22036743,36043,36053,10
13.01235962,80.22116852,36053,36063,10
13.01255035,80.22155762,36063,36073,10
13.01276016,80.22186279,36073,36083,10
13.01317024,80.22226715,36083,36093,10
13.01356983,80.22279358,36093,36103,10
13.01399994,80.22335815,36103,36113,10
13.01426029,80.22368622,36113,36123,10
13.01457977,80.22409821,36123,36133,10
13.01498032,80.22460938,36133,36144,11
13.01560974,80.22509003,36144,36174,30
13.01560974,80.22509003,36174,36184,10
13.01578999,80.22531128,36184,36194,10
13.0163002,80.22537231,36194,36204,10
13.01696968,80.22515869,36204,36214,10
13.01776028,80.224823,36214,36224,10
13.01860046,80.22447968,36224,36234,10
13.01945019,80.22438049,36234,36244,10
13.01970959,80.2244873,36244,36255,11
13.01988029,80.22467041,36255,36265,10
13.02023983,80.22493744,36265,36275,10
13.02071953,80.22528076,36275,36285,10
13.02118015,80.22567749,36285,36295,10
13.02200985,80.22627258,36295,36323,28
13.02200985,80.22627258,36323,36331,8
13.02212048,80.22644043,36331,36343,12
13.02262974,80.22683716,36343,36353,10
13.02305031,80.22725677,36353,36364,11
13.02330971,80.22753906,36364,36373,9
13.02369022,80.22782898,36373,36384,11
13.02418041,80.228302,36384,36414,30
13.02418041,80.228302,36414,36424,10
13.02437973,80.22853088,36424,36434,10
13.02451992,80.2287674,36434,36444,10
13.02470016,80.22904205,36444,36454,10
13.02495956,80.22937012,36454,36465,11
13.02540016,80.22994995,36465,36475,10
13.02581024,80.23062134,36475,36496,21
13.02616024,80.23136902,36496,36508,12
13.02682018,80.23120117,36508,36518,10
13.02733994,80.23105621,36518,36528,10
13.02799034,80.2309494,36528,36537,9
13.02855968,80.23090363,36537,36548,11
13.02925014,80.23084259,36548,36568,20
13.02925014,80.23084259,36568,36579,11
13.02974033,80.23075867,36579,36639,60
13.02974033,80.23075867,36639,36649,10
13.02989006,80.23075867,36649,36659,10
13.03009033,80.23075867,36659,36669,10
13.0302,80.23074341,36669,36680,11
13.03038025,80.23072815,36680,36690,10
13.03065968,80.23069763,36690,36700,10
13.03106976,80.23068237,36700,36710,10
13.03168964,80.23065186,36710,36720,10
13.03227997,80.23059082,36720,36730,10
13.0329504,80.23052216,36730,36740,10
13.03376961,80.23046875,36740,36750,10
13.03437996,80.23040771,36750,36760,10
13.03495026,80.2301712,36760,36821,61
13.03495026,80.2301712,36821,36831,10
13.0351696,80.22982025,36831,36841,10
13.03493023,80.22975159,36841,36851,10
13.03466034,80.22972107,36851,36881,30
13.03427029,80.22975922,36881,37063,182
13.03427029,80.22975922,37063,37073,10
13.03415012,80.2301178,37073,37326,253
13.03415012,80.2301178,37326,37336,10
13.03394032,80.23046112,37336,37346,10
13.03359032,80.23040771,37346,37356,10
13.03314972,80.23046875,37356,37366,10
13.03273964,80.2305069,37366,37386,20
13.03273964,80.2305069,37386,37396,10
13.0323801,80.23062134,37396,37447,51
13.0323801,80.23062134,37447,37457,10
13.03203964,80.23059082,37457,37467,10
13.0317297,80.23061371,37467,37477,10
13.03106022,80.2306366,37477,37618,141
13.03106022,80.2306366,37618,37628,10
13.03075981,80.23065948,37628,37639,11
13.03044987,80.23075867,37639,37649,10
13.03001022,80.23078156,37649,37659,10
13.02974987,80.23082733,37659,37669,10
13.02945995,80.23085022,37669,37679,10
13.02886963,80.23088837,37679,37689,10
13.02822971,80.23097229,37689,37699,10
13.02779961,80.23101807,37699,37709,10
13.02766991,80.23127747,37709,37719,10
13.02768993,80.2318573,37719,37729,10
13.02781963,80.23255157,37729,37739,10
13.02756977,80.23282623,37739,37750,11
13.02715015,80.23296356,37750,37800,50
13.02715015,80.23296356,37800,37810,10
13.02694035,80.23300171,37810,37820,10
13.02668953,80.23303986,37820,37830,10
13.02635956,80.23285675,37830,37840,10
13.02618027,80.23232269,37840,37851,11
13.02600002,80.23158264,37851,37861,10
13.02579021,80.23079681,37861,37871,10
13.02540016,80.23007965,37871,37881,10
13.02507019,80.22960663,37881,37890,9
13.02490997,80.22940063,37890,37901,11
13.02476025,80.2292099,37901,37911,10
13.02451038,80.22888947,37911,37921,10
13.02425003,80.22853088,37921,37931,10
13.02398014,80.22814941,37931,37941,10
13.02326012,80.22747803,37941,38002,61
13.02326012,80.22747803,38002,38012,10
13.02283955,80.22722626,38012,38028,16
13.02260017,80.22692871,38028,38040,12
13.02219009,80.22653198,38040,38050,10
13.02165985,80.22605896,38050,38061,11
13.02095985,80.22548676,38061,38070,9
13.02031994,80.22503662,38070,38081,11
13.01943016,80.22451019,38081,38090,9
13.0184803,80.2245636,38090,38101,11
13.01727962,80.22505188,38101,38111,10
13.01665974,80.22531128,38111,38120,9
13.01648045,80.22537994,38120,38131,11
13.01620007,80.22551727,38131,38141,10
13.01580048,80.22563934,38141,38151,10
13.01533985,80.22579193,38151,38161,10
13.01500988,80.22589874,38161,38172,11
13.01473045,80.22598267,38172,38182,10
13.01430988,80.22612762,38182,38192,10
13.0142498,80.22612,38192,38202,10
13.01420021,80.22579956,38202,38212,10
13.01434994,80.22543335,38212,38222,10
13.01414013,80.22521973,38222,38262,40
13.01414013,80.22521973,38262,38272,10
13.01414013,80.22550201,38272,38444,172
13.01414013,80.22550201,38444,38454,10
13.01416016,80.22573853,38454,38464,10
13.01416016,80.22614288,38464,38484,20
13.01416016,80.22614288,38484,38495,11
13.01395035,80.22634125,38495,38505,10
13.01350021,80.22651672,38505,38515,10
13.01292038,80.22673798,38515,38525,10
13.01220036,80.2270813,38525,38535,10
13.01142025,80.2273407,38535,38545,10
13.01060009,80.22763824,38545,38555,10
13.00990009,80.22788239,38555,38565,10
13.00961018,80.22744751,38565,38575,10
13.00988007,80.22679138,38575,38585,10
13.01025963,80.22601318,38585,38596,11
13.0106802,80.22502899,38596,38606,10
13.01097012,80.22431183,38606,38616,10
13.01119995,80.22376251,38616,38626,10
13.01142025,80.22319794,38626,38635,9
13.01169968,80.22245026,38635,38645,10
13.01196003,80.2216568,38645,38656,11
13.01212978,80.22106171,38656,38666,10
13.01194,80.22038269,38666,38676,10
13.01171017,80.21968842,38676,38686,10
13.01136971,80.21859741,38686,38696,10
13.01111031,80.21781921,38696,38707,11
13.01074028,80.21694183,38707,38717,10
13.01037025,80.21620941,38717,38727,10
13.00998974,80.21547699,38727,38737,10
13.00948048,80.2147522,38737,38747,10
13.0089798,80.21408844,38747,38757,10
13.00823021,80.21334076,38757,38808,51
13.00823021,80.21334076,38808,38818,10
13.00786018,80.21311951,38818,38828,10
13.00761032,80.21292114,38828,38838,10
13.00710011,80.21276855,38838,38848,10
13.0064497,80.21273041,38848,38858,10
13.0058403,80.21298218,38858,38868,10
13.00539017,80.21276093,38868,38878,10
13.00477028,80.21240234,38878,38888,10
13.00419998,80.21212006,38888,38898,10
13.00360012,80.21204376,38898,38908,10
13.00294018,80.2120285,38908,38919,11
13.00226021,80.21221924,38919,38929,10
13.00179958,80.21250916,38929,38939,10
13.00140953,80.21282959,38939,38949,10
13.00098038,80.21324158,38949,38959,10
13.00049019,80.21366882,38959,38969,10
12.99991989,80.21417999,38969,38979,10
12.99950981,80.21450806,38979,38989,10
12.9991703,80.21479797,38989,38999,10
12.99892998,80.2150116,38999,39009,10
12.99843025,80.21546173,39009,39019,10
12.99777985,80.2159729,39019,39030,11
12.99726009,80.21652222,39030,39040,10
12.99695015,80.21655273,39040,39050,10
12.99641037,80.21659851,39050,39060,10
12.99563026,80.21676636,39060,39070,10
12.99501991,80.21711731,39070,39080,10
12.99448013,80.21749878,39080,39090,10
12.99402046,80.21785736,39090,39100,10
12.99339008,80.21826935,39100,39110,10
12.99273968,80.21875,39110,39120,10
12.99203014,80.21929169,39120,39131,11
12.99118996,80.21988678,39131,39141,10
12.99075031,80.22019958,39141,39151,10
12.99059963,80.22032928,39151,39161,10
12.99022961,80.22062683,39161,39171,10
12.98968029,80.22118378,39171,39181,10
12.98917007,80.22180176,39181,39191,10
12.98857975,80.22245789,39191,39201,10
12.9879303,80.22296906,39201,39211,10
12.98733997,80.2230835,39211,39221,10
12.98711967,80.22305298,39221,39231,10
12.98692036,80.22302246,39231,39242,11
12.98684978,80.2230072,39242,39252,10
12.98657036,80.22297668,39252,39262,10
12.98608017,80.22296143,39262,39272,10
12.98554993,80.22325134,39272,39282,10
12.98493004,80.2231369,39282,39292,10
12.98419952,80.22274017,39292,39302,10
12.9835701,80.22239685,39302,39312,10
12.98316002,80.22213745,39312,39322,10
12.98305988,80.22206879,39322,39332,10
12.98283005,80.22194672,39332,39342,10
12.98260021,80.22183228,39342,39353,11
12.98231983,80.22180176,39353,39403,50
12.9819603,80.22160339,39403,39494,91
12.9819603,80.22160339,39494,39504,10
12.9816103,80.22132111,39504,39514,10
12.98122025,80.22115326,39514,39524,10
12.98079014,80.22103882,39524,39534,10
12.9802599,80.22106171,39534,39544,10
12.97943974,80.22112274,39544,39554,10
12.97846031,80.22118378,39554,39565,11
12.97743034,80.22120667,39565,39575,10
12.97663021,80.22125244,39575,39585,10
12.97593975,80.22126007,39585,39625,40
12.97579002,80.22116089,39625,39684,59
12.97579002,80.22116089,39684,39694,10
12.97560024,80.2210083,39694,39703,9
12.97546959,80.22090149,39703,39715,12
12.97509956,80.22065735,39715,39725,10
12.9744997,80.22039795,39725,39735,10
12.97367001,80.220047,39735,39745,10
12.9728899,80.21974945,39745,39755,10
12.97179985,80.21935272,39755,39765,10
12.97122955,80.21920776,39765,39776,11
12.97113991,80.21916199,39776,39786,10
12.97076988,80.21897888,39786,39796,10
12.97010994,80.21869659,39796,39806,10
12.96940994,80.21842957,39806,39816,10
12.96872044,80.21816254,39816,39826,10
12.96802998,80.21788788,39826,39836,10
12.96732998,80.21761322,39836,39846,10
12.96642017,80.21723938,39846,39856,10
12.96549034,80.21685791,39856,39866,10
12.96430969,80.21637726,39866,39876,10
12.96343994,80.2159729,39876,39887,11
12.96245956,80.21556091,39887,39897,10
12.96138,80.2151413,39897,39907,10
12.96028042,80.21472168,39907,39917,10
12.95915985,80.21427917,39917,39927,10
12.95806026,80.21382904,39927,39937,10
12.95701981,80.21340942,39937,39947,10
12.95606041,80.21305084,39947,39957,10
12.95501995,80.21263885,39957,39967,10
12.9539299,80.21219635,39967,39977,10
12.95283985,80.2117691,39977,39988,11
12.95164013,80.21128845,39988,39998,10
12.95055008,80.21086121,39998,40008,10
12.94952011,80.21047211,40008,40018,10
12.94853973,80.21006775,40018,40027,9
12.94758034,80.20970154,40027,40038,11
12.94641972,80.20924377,40038,40048,10
12.94515038,80.20874023,40048,40058,10
12.94431973,80.20842743,40058,40068,10
12.94419003,80.20838165,40068,40078,10
12.94382954,80.20819855,40078,40088,10
12.94324017,80.20793152,40088,40099,11
12.94262028,80.20723724,40099,40109,10
12.9418602,80.20652008,40109,40119,10
12.94104004,80.20600891,40119,40129,10
12.94052029,80.20580292,40129,40139,10
12.94011021,80.20568085,40139,40149,10
12.93962002,80.20552826,40149,40159,10
12.93889999,80.20529938,40159,40169,10
12.93813992,80.20507813,40169,40179,10
12.93741989,80.20488739,40179,40189,10
12.93669033,80.2046814,40189,40199,10
12.93597031,80.20449066,40199,40210,11
12.93581963,80.20445251,40210,40220,10
12.93552971,80.20432281,40220,40230,10
12.93500042,80.20407104,40230,40240,10
12.93424034,80.2039566,40240,40250,10
12.93362999,80.20391846,40250,40260,10
12.93346977,80.20388794,40260,40270,10
12.93315983,80.20381165,40270,40280,10
12.93290043,80.20368195,40280,40290,10
12.93239975,80.20352173,40290,40300,10
12.93167973,80.20327759,40300,40311,11
12.93085003,80.20301056,40311,40321,10
12.93012047,80.20285797,40321,40331,10
12.92953014,80.20278168,40331,40341,10
12.9293499,80.20275879,40341,40351,10
12.92893982,80.2026825,40351,40361,10
12.92852974,80.20253754,40361,40371,10
12.92846012,80.20211792,40371,40381,10
12.92844963,80.20150757,40381,40391,10
12.92842007,80.20069885,40391,40401,10
12.92833996,80.19985962,40401,40411,10
12.92815018,80.19924164,40411,40422,11
12.92780018,80.19856262,40422,40432,10
12.92718029,80.19792175,40432,40442,10
12.92636013,80.1975708,40442,40452,10
12.92591,80.19750214,40452,40462,10
12.9257803,80.19750214,40462,40472,10
12.92556953,80.19750214,40472,40482,10
12.92539024,80.19750214,40482,40492,10
12.92502022,80.19748688,40492,40502,10
12.9243803,80.19750214,40502,40512,10
12.92358971,80.19747162,40512,40523,11
12.9228096,80.19737244,40523,40533,10
12.92201996,80.19728088,40533,40543,10
12.9218998,80.19725037,40543,40553,10
12.9218998,80.19724274,40553,40563,10
12.92158985,80.19714355,40563,40573,10
12.92123985,80.19700623,40573,40583,10
12.92101955,80.19693756,40583,40593,10
12.92082024,80.1968689,40593,40603,10
12.92043972,80.19673157,40603,40613,10
12.91981983,80.19651031,40613,40623,10
12.91917038,80.19615936,40623,40634,11
12.91856003,80.19561768,40634,40644,10
12.91798019,80.19509888,40644,40654,10
12.91716003,80.19429779,40654,40694,40
12.91716003,80.19429779,40694,40704,10
12.9170599,80.19412231,40704,40714,10
12.91697025,80.19367218,40714,40724,10
12.91699028,80.1932373,40724,40734,10
12.9170599,80.19267273,40734,40751,17
12.91720009,80.19184113,40751,40763,12
12.91726017,80.19151306,40763,40773,10
12.91732025,80.19120026,40773,40783,10
12.91736031,80.19069672,40783,40792,9
12.91740036,80.19017792,40792,40803,11
12.91757965,80.18946838,40803,40813,10
12.91798019,80.18872833,40813,40824,11
12.91862965,80.18798828,40824,40834,10
12.91921997,80.18733215,40834,40845,11
12.91975975,80.18670654,40845,40855,10
12.92031956,80.18608856,40855,40864,9
12.92059994,80.18541718,40864,40875,11
12.92035961,80.18443298,40875,40884,9
12.92016029,80.18353271,40884,40894,10
12.91996002,80.18267059,40894,40905,11
12.91991043,80.18247986,40905,40915,10
12.91987991,80.18238068,40915,40925,10
12.9197998,80.18203735,40925,40935,10
12.91967964,80.18151855,40935,40945,10
12.91954041,80.18074036,40945,40956,11
12.91932964,80.17976379,40956,40966,10
12.91889,80.17894745,40966,40976,10
12.91827965,80.17809296,40976,40986,10
12.91827965,80.17696381,40986,40996,10
12.91851044,80.17584229,40996,41006,10
12.91878986,80.17472076,41006,41016,10
12.91909027,80.17355347,41016,41026,10
12.91938972,80.17241669,41026,41036,10
12.91965961,80.17138672,41036,41046,10
12.9198103,80.17086792,41046,41057,11
12.91985989,80.17070007,41057,41067,10
12.92004013,80.17014313,41067,41077,10
12.92029953,80.16931152,41077,41087,10
12.92057991,80.16841125,41087,41097,10
12.92090034,80.16745758,41097,41107,10
12.92125034,80.16635895,41107,41117,10
12.92156982,80.1654129,41117,41127,10
12.92187977,80.16445923,41127,41137,10
12.92216015,80.16355133,41137,41147,10
12.92245007,80.16259003,41147,41157,10
12.92276955,80.16163635,41157,41168,11
12.92306995,80.1606369,41168,41178,10
12.92313957,80.1603775,41178,41188,10
12.9231596,80.16030121,41188,41198,10
12.92325974,80.15995026,41198,41208,10
12.92333031,80.15936279,41208,41218,10
12.92339993,80.15865326,41218,41228,10
12.92343998,80.15815735,41228,46831,5603
12.92354965,80.15821838,46831,48265,1434
12.92348003,80.15814209,48265,48639,374
12.92341995,80.15815735,48639,49083,444
12.92341995,80.15815735,49083,49093,10
12.92348003,80.15786743,49093,49103,10
12.92352962,80.15725708,49103,49114,11
12.9236002,80.15656281,49114,49124,10
12.92362022,80.1558075,49124,49134,10
12.92337036,80.15493011,49134,49154,20
12.92337036,80.15493011,49154,49164,10
12.92327976,80.15460205,49164,49174,10
12.9231596,80.15409088,49174,49184,10
12.92300987,80.15342712,49184,49194,10
12.92282009,80.15271759,49194,49204,10
12.92265034,80.15194702,49204,49215,11
12.92261982,80.15126038,49215,49225,10
12.92259979,80.15035248,49225,49235,10
12.92255974,80.1492691,49235,49245,10
12.92251968,80.14826965,49245,49255,10
12.92249966,80.14733124,49255,49265,10
12.92249966,80.14637756,49265,49275,10
12.92247963,80.14539337,49275,49285,10
12.92245007,80.14438629,49285,49295,10
12.92241955,80.14364624,49295,49305,10
12.92243004,80.14337158,49305,49315,10
12.92243958,80.14292145,49315,49326,11
12.92241955,80.1424408,49326,49336,10
12.92240047,80.14187622,49336,49346,10
12.92236996,80.14122009,49346,49356,10
12.92236042,80.14063263,49356,49366,10
12.92236042,80.14042664,49366,49376,10
12.92236042,80.13996124,49376,49386,10
12.92234993,80.13929749,49386,49396,10
12.92238045,80.13854218,49396,49406,10
12.92243004,80.1377182,49406,49416,10
12.9224596,80.13687897,49416,49427,11
12.92249966,80.13606262,49427,49437,10
12.92251968,80.13526154,49437,49447,10
12.92255974,80.13436127,49447,49457,10
12.92259979,80.13343811,49457,49467,10
12.92261982,80.13279724,49467,49477,10
12.92265034,80.13237,49477,49487,10
12.9226799,80.13165283,49487,49497,10
12.9226799,80.13108826,49497,49507,10
12.92269993,80.13078308,49507,49517,10
12.92273998,80.13014221,49517,49527,10
12.92280006,80.12937927,49527,49538,11
12.92284966,80.12844086,49538,49548,10
12.92288017,80.1276474,49548,49558,10
12.9229002,80.12683105,49558,49568,10
12.9229002,80.1260376,49568,49578,10
12.92292976,80.12557983,49578,49588,10
12.92294979,80.12486267,49588,49598,10
12.92298985,80.12397766,49598,49608,10
12.9230299,80.12297058,49608,49618,10
12.92308044,80.12191772,49618,49628,10
12.92317963,80.12059784,49628,49659,31
12.92317963,80.12059784,49659,49669,10
12.92325974,80.12033844,49669,49699,30
12.92325974,80.12033844,49699,49709,10
12.92331982,80.11997223,49709,49719,10
12.92331982,80.11940765,49719,49729,10
12.92329979,80.11885071,49729,49739,10
12.92331982,80.11826324,49739,49749,10
12.92343044,80.11763,49749,49760,11
12.92339039,80.11724854,49760,50436,676
12.92339039,80.11724854,50436,50446,10
12.92346001,80.11712646,50446,50456,10
12.92341995,80.11695099,50456,50466,10
12.92345047,80.11681366,50466,50476,10
12.92354012,80.11704254,50476,50486,10
12.9235096,80.11734009,50486,50496,10
12.92356968,80.11759949,50496,50506,10
12.92354965,80.11791229,50506,50517,11
12.9235096,80.11831665,50517,50527,10
12.92346954,80.11881256,50527,50537,10
12.92341042,80.11943817,50537,50547,10
12.92337036,80.11992645,50547,50557,10
12.92331028,80.12036133,50557,50567,10
12.92325974,80.12071991,50567,50577,10
12.9232502,80.12117004,50577,50678,101
12.9232502,80.12117004,50678,50688,10
12.92321014,80.12123108,50688,50698,10
12.92319012,80.12155914,50698,50708,10
12.92317963,80.12216949,50708,50718,10
12.9231596,80.12297821,50718,50729,11
12.92310047,80.12404633,50729,50739,10
12.92308998,80.12505341,50739,50749,10
12.92306042,80.12566376,50749,50759,10
12.92300987,80.12613678,50759,50769,10
12.92298985,80.12676239,50769,50779,10
12.92292023,80.12751007,50779,50789,10
12.92288017,80.12822723,50789,50799,10
12.92284012,80.12882233,50799,50809,10
12.92280006,80.12953949,50809,50819,10
12.92276001,80.13046265,50819,50829,10
12.92273998,80.13140869,50829,50840,11
12.92269993,80.13256073,50840,50850,10
12.92265987,80.13358307,50850,50860,10
12.92259979,80.13471222,50860,50870,10
12.92255974,80.13562775,50870,50880,10
12.92251968,80.13665771,50880,50890,10
12.92247009,80.13761902,50890,50900,10
12.92243958,80.13844299,50900,50910,10
12.92236996,80.13912964,50910,50920,10
12.92238998,80.13999939,50920,50930,10
12.92240047,80.14083862,50930,50941,11
12.92243004,80.14189148,50941,50951,10
12.92249966,80.14290619,50951,50961,10
12.92253971,80.14376068,50961,50971,10
12.9225502,80.14460754,50971,50981,10
12.92257023,80.14566803,50981,50991,10
12.92259979,80.14687347,50991,51001,10
12.92259026,80.14778137,51001,51011,10
12.92257023,80.14875793,51011,51027,16
12.92265987,80.1505127,51027,51039,12
12.92271996,80.15144348,51039,51070,31
12.92271996,80.15144348,51070,51080,10
12.92271996,80.15162659,51080,51090,10
12.92273998,80.15202332,51090,51100,10
12.92286015,80.15270233,51100,51109,9
12.92302036,80.15338135,51109,51120,11
12.92327976,80.15438843,51120,51130,10
12.92350006,80.15522766,51130,51140,10
12.92368031,80.15622711,51140,51150,10
12.92356968,80.1574173,51150,51161,11
12.92345047,80.15869904,51161,51171,10
12.92333984,80.15984344,51171,51181,10
12.9230299,80.16101074,51181,51191,10
12.92265034,80.16217041,51191,51201,10
12.92226982,80.16329956,51201,51211,10
12.92189026,80.16448975,51211,51221,10
12.92150021,80.16571808,51221,51231,10
12.92109966,80.16690063,51231,51241,10
12.92072964,80.16806793,51241,51251,10
12.92037964,80.16918945,51251,51261,10
12.92008018,80.1701889,51261,51272,11
12.91973019,80.17134094,51272,51282,10
12.91950035,80.17217255,51282,51292,10
12.91919994,80.17321014,51292,51302,10
12.91893005,80.17436218,51302,51312,10
12.91870022,80.17540741,51312,51322,10
12.9184103,80.17655945,51322,51332,10
12.91821957,80.1778183,51332,51342,10
12.91886997,80.17890167,51342,51352,10
12.91942024,80.17999268,51352,51362,10
12.91967964,80.18122101,51362,51372,10
12.9198904,80.18211365,51372,51383,11
12.91996956,80.18254852,51383,51393,10
12.92012024,80.1831665,51393,51403,10
12.92028046,80.18363953,51403,51413,10
12.92028999,80.18366241,51413,51423,10
12.92035961,80.18386078,51423,51433,10
12.92041016,80.18430328,51433,51443,10
12.92066002,80.18544006,51443,51463,20
12.92066002,80.18544006,51463,51473,10
12.92068958,80.18557739,51473,51484,11
12.9204998,80.18605804,51484,51494,10
12.9200201,80.1865921,51494,51504,10
12.91944981,80.18721008,51504,51514,10
12.91886044,80.1878891,51514,51524,10
12.91819954,80.18859863,51524,51534,10
12.91765022,80.18939209,51534,51544,10
12.91744995,80.19020844,51544,51554,10
12.91736031,80.19085693,51554,51564,10
12.91726017,80.19168854,51564,51574,10
12.9171896,80.19229889,51574,51584,10
12.91709042,80.19293213,51584,51595,11
12.91707993,80.19304657,51595,51605,10
12.91703987,80.19333649,51605,51615,10
12.91709995,80.19393158,51615,51625,10
12.91734028,80.19441223,51625,51635,10
12.91781998,80.19490814,51635,51645,10
12.91839981,80.19541931,51645,51655,10
12.91899014,80.19593048,51655,51665,10
12.91969967,80.1964035,51665,51675,10
12.9205904,80.19670868,51675,51685,10
12.92144966,80.19700623,51685,51696,11
12.92234993,80.197258,51696,51706,10
12.92323971,80.19740295,51706,51716,10
12.92415047,80.19745636,51716,51726,10
12.92500019,80.19745636,51726,51736,10
12.92535973,80.19744873,51736,51746,10
12.92590046,80.19745636,51746,51756,10
12.92663002,80.19760132,51756,51766,10
12.92743015,80.19805908,51766,51776,10
12.92800999,80.1988678,51776,51786,10
12.92840004,80.19988251,51786,51796,10
12.92848969,80.20089722,51796,51807,11
12.92854023,80.2019577,51807,51817,10
12.92891979,80.20263672,51817,51827,10
12.92984009,80.20276642,51827,51837,10
12.93074036,80.20291901,51837,51847,10
12.93165016,80.20320129,51847,51857,10
12.93247986,80.20345306,51857,51867,10
12.9330101,80.20365143,51867,51877,10
12.93367958,80.2038269,51877,51887,10
12.93430996,80.20388031,51887,51897,10
12.93463039,80.20391846,51897,51907,10
12.93494987,80.20400238,51907,51918,11
12.93546963,80.20422363,51918,51928,10
12.93622017,80.20449066,51928,51938,10
12.93706036,80.20475006,51938,51948,10
12.9380703,80.20504761,51948,51964,16
12.93980026,80.20555878,51964,51976,12
12.9402504,80.20570374,51976,51986,10
12.94054985,80.20578003,51986,51996,10
12.94085979,80.20587158,51996,52006,10
12.94143009,80.20617676,52006,52016,10
12.94209003,80.20665741,52016,52026,10
12.94272995,80.20726013,52026,52037,11
12.94344997,80.20800018,52037,52046,9
12.94433022,80.20835876,52046,52057,11
12.94550037,80.20877838,52057,52067,10
12.94657993,80.20918274,52067,52077,10
12.94758034,80.20957947,52077,52087,10
12.94857979,80.20996094,52087,52097,10
12.94968987,80.21041107,52097,52107,10
12.95090008,80.21089172,52107,52117,10
12.95213032,80.21140289,52117,52127,10
12.95330048,80.21186066,52127,52138,11
12.95454025,80.21235657,52138,52148,10
12.95567036,80.2128067,52148,52160,12
12.95699978,80.21330261,52160,52170,10
12.95810032,80.21376038,52170,52180,10
12.95905972,80.21414185,52180,52190,10
12.96006012,80.2145462,52190,52199,9
12.96111965,80.21498108,52199,52209,10
12.9622097,80.21540833,52209,52220,11
12.96327972,80.21582031,52220,52230,10
12.96382999,80.21604919,52230,52241,11
12.96448994,80.21634674,52241,52251,10
12.96520996,80.21663666,52251,52261,10
12.96590042,80.21691895,52261,52271,10
12.96660042,80.21717834,52271,52281,10
12.96728039,80.217453,52281,52291,10
12.96798038,80.21772766,52291,52301,10
12.96875954,80.21804047,52301,52311,10
12.96977043,80.21845245,52311,52321,10
12.97082043,80.21882629,52321,52331,10
12.97130013,80.21897125,52331,52342,11
12.97152996,80.21907043,52342,52352,10
12.97206974,80.2193222,52352,52362,10
12.97282982,80.21961975,52362,52372,10
12.97375965,80.22000122,52372,52382,10
12.97443962,80.22029877,52382,52392,10
12.97472954,80.22048187,52392,52402,10
12.97509956,80.2206192,52402,52412,10
12.97550011,80.22077942,52412,52422,10
12.9758997,80.22115326,52422,52442,20
12.9758997,80.22115326,52442,52453,11
12.97603989,80.22128296,52453,52463,10
12.97622013,80.22129822,52463,52473,10
12.97659969,80.2212677,52473,52483,10
12.97710037,80.22126007,52483,52493,10
12.97774982,80.22119904,52493,52503,10
12.97846031,80.22116852,52503,52513,10
12.97914982,80.22112274,52513,52523,10
12.97970963,80.22107697,52523,52533,10
12.98036003,80.22102356,52533,52543,10
12.98103046,80.22103882,52543,52554,11
12.98167038,80.22132111,52554,52564,10
12.98190022,80.22148895,52564,52574,10
12.98237991,80.22171021,52574,52584,10
12.98274994,80.22190094,52584,52594,10
12.98320007,80.22212219,52594,52604,10
12.98359966,80.22239685,52604,52614,10
12.98406029,80.22265625,52614,52624,10
12.98439026,80.22290039,52624,52634,10
12.98493958,80.22318268,52634,52644,10
12.98546028,80.22312927,52644,52654,10
12.98610973,80.22293854,52654,52665,11
12.98641968,80.22296906,52665,52675,10
12.98666954,80.22299194,52675,52685,10
12.98694992,80.22302246,52685,52695,10
12.9871397,80.22302246,52695,52705,10
12.98750973,80.22303009,52705,52715,10
12.98810005,80.2227478,52715,52725,10
12.98861027,80.22232819,52725,52735,10
12.98911953,80.22177887,52735,52745,10
12.98966026,80.22103882,52745,52755,10
12.99030018,80.22044373,52755,52765,10
12.99077988,80.22003937,52765,52776,11
12.99135971,80.21959686,52776,52786,10
12.99186039,80.21922302,52786,52796,10
12.99234962,80.2188797,52796,52806,10
12.99277973,80.21858215,52806,52816,10
12.99324989,80.21823883,52816,52826,10
12.99341965,80.21811676,52826,52836,10
12.99361038,80.21797943,52836,52846,10
12.99378014,80.21787262,52846,52856,10
12.99402046,80.2177124,52856,52876,20
12.99402046,80.2177124,52876,52887,11
12.99431992,80.21749878,52887,52897,10
12.99466038,80.21726227,52897,52907,10
12.99501991,80.21700287,52907,52917,10
12.99547958,80.2167511,52917,52927,10
12.99602985,80.21661377,52927,52937,10
12.99658012,80.21652222,52937,52947,10
12.99703026,80.21645355,52947,52957,10
12.99730968,80.21623993,52957,52967,10
12.99742031,80.21614838,52967,52977,10
12.99755955,80.21602631,52977,52988,11
12.99800014,80.21565247,52988,52998,10
12.99847984,80.21520233,52998,53008,10
12.99907017,80.21472168,53008,53018,10
12.99938011,80.21446991,53018,53028,10
12.99985027,80.21408081,53028,53038,10
13.00035954,80.21363068,53038,53048,10
13.0009203,80.21318054,53048,53058,10
13.00142002,80.21276855,53058,53068,10
13.00199986,80.21235657,53068,53078,10
13.00249004,80.21212006,53078,53089,11
13.00292015,80.21205902,53089,53099,10
13.00341034,80.21201324,53099,53109,10
13.0037899,80.21195984,53109,53119,10
13.00434017,80.2121582,53119,53129,10
13.00481033,80.21235657,53129,53139,10
13.00531006,80.212677,53139,53149,10
13.00597,80.21286011,53149,53159,10
13.00652027,80.21269989,53159,53169,10
13.00693035,80.21273804,53169,53179,10
13.00769043,80.21286774,53179,53210,31
13.00769043,80.21286774,53210,53220,10
13.00786018,80.21305084,53220,53230,10
13.00802994,80.21315765,53230,53240,10
13.00852966,80.21340179,53240,53250,10
13.00901031,80.21405029,53250,53260,10
13.00949955,80.21473694,53260,53270,10
13.00990963,80.21527863,53270,53280,10
13.01043034,80.2159729,53280,53290,10
13.01072025,80.21663666,53290,53300,10
13.01091003,80.21717834,53300,53311,11
13.01132011,80.21816254,53311,53321,10
13.01169968,80.21923828,53321,53331,10
13.01202965,80.22032166,53331,53341,10
13.01229954,80.22116852,53341,53351,10
13.0124197,80.22167206,53351,53360,9
13.01270008,80.22207642,53360,53371,11
13.01294994,80.22232819,53371,53381,10
13.01340008,80.22286224,53381,53391,10
13.0138998,80.22335052,53391,53401,10
13.01403999,80.22373962,53401,53411,10
13.01465988,80.22437286,53411,53422,11
13.01521015,80.22490692,53422,53432,10
13.01533985,80.22499084,53432,53442,10
13.01541996,80.22530365,53442,53452,10
13.01517963,80.22575378,53452,53472,20
13.01517963,80.22575378,53472,53482,10
13.01486015,80.22589874,53482,53492,10
13.01445961,80.22608185,53492,53502,10
13.01418018,80.22605896,53502,53512,10
13.01424026,80.22585297,53512,53523,11
13.01478004,80.22550964,53523,59893,6370
13.01478004,80.22550964,59893,59903,10
13.01467991,80.22559357,59903,59944,41
13.01467037,80.22589874,59944,72959,13015
13.01459026,80.22593689,72959,73817,858
13.01457977,80.22602081,73817,74049,232
13.01453972,80.22589874,74049,75352,1303
