13.01401997,80.22569275,17,7138,7121
13.01418018,80.22557831,7138,7492,354
13.01410007,80.22570038,7492,7956,464
13.01410007,80.22570801,7956,8522,566
13.01410007,80.22570801,8522,8532,10
13.01414013,80.22575378,8532,9210,678
13.01414013,80.22582245,9210,9493,283
13.01414967,80.22573853,9493,9543,50
13.01414967,80.22573853,9543,9553,10
13.01424026,80.22570801,9553,9614,61
13.01410007,80.22577667,9614,10563,949
13.01416016,80.22547913,10563,10917,354
13.01418018,80.22567749,10917,18556,7639
13.01428032,80.22573853,18556,18758,202
13.01420021,80.22577667,18758,18980,222
13.01414013,80.22569275,18980,19253,273
13.01420021,80.22575378,19253,19667,414
13.01420021,80.22575378,19667,19677,10
13.01420021,80.2259903,19677,19688,11
13.01420021,80.22602081,19688,20972,1284
13.01420021,80.22622681,20972,20992,20
13.01420021,80.22622681,20992,21002,10
13.01414013,80.22634888,21002,21012,10
13.01364994,80.22653198,21012,21022,10
13.01294041,80.22679138,21022,21032,10
13.01212978,80.22708893,21032,21042,10
13.01121998,80.22743988,21042,21052,10
13.01027966,80.22781372,21052,21062,10
13.00957966,80.22776031,21062,21073,11
13.00981998,80.22695923,21073,21083,10
13.01019955,80.22608185,21083,21093,10
13.0105896,80.22519684,21093,21103,10
13.01088047,80.22451019,21103,21113,10
13.01121044,80.22379303,21113,21123,10
13.01142025,80.22331238,21123,21133,10
13.01183987,80.2234726,21133,21143,10
13.01253033,80.22383118,21143,21152,9
13.01325989,80.22418976,21152,21163,11
13.01424026,80.22471619,21163,21174,11
13.01506996,80.22518158,21174,21184,10
13.01539993,80.22530365,21184,21194,10
13.01574993,80.22528076,21194,21204,10
13.01648045,80.22528076,21204,21214,10
13.01745033,80.22492981,21214,21224,10
13.01850986,80.22450256,21224,21234,10
13.01945972,80.22441864,21234,21244,10
13.02025032,80.22489166,21244,21254,10
13.02099037,80.22541809,21254,21264,10
13.02178001,80.22602844,21264,21275,11
13.02270031,80.2268219,21275,21285,10
13.02340031,80.22744751,21285,21295,10
13.02406025,80.22808075,21295,21305,10
13.02443981,80.22846222,21305,21321,16
13.02410984,80.22841644,21321,21333,12
13.02375031,80.22798157,21333,21341,8
13.02320004,80.22746277,21341,21495,154
13.02320004,80.22746277,21495,21505,10
13.02295017,80.22720337,21505,21515,10
13.02282047,80.2270813,21515,21525,10
13.0226202,80.22686768,21525,21535,10
13.02231979,80.22657776,21535,21545,10
13.02180958,80.22614288,21545,21555,10
13.02120018,80.22566223,21555,21565,10
13.0204401,80.22512817,21565,21576,11
13.01951981,80.22454071,21576,21586,10
13.01854038,80.22454834,21586,21596,10
13.01762009,80.22493744,21596,21606,10
13.01679039,80.22528076,21606,21616,10
13.01644039,80.22535706,21616,21626,10
13.01616001,80.22541046,21626,21636,10
13.01595974,80.22556305,21636,21646,10
13.01546001,80.22580719,21646,21656,10
13.01473999,80.22609711,21656,21667,11
13.01441002,80.22624207,21667,21683,16
13.01391029,80.2264328,21683,21695,12
13.01309013,80.22673035,21695,21705,10
13.01245022,80.22696686,21705,21715,10
13.01158047,80.22731781,21715,21725,10
13.01056957,80.22769165,21725,21735,10
13.00959015,80.22782898,21735,21745,10
13.00975037,80.2270813,21745,21755,10
13.01019001,80.22615051,21755,21766,11
13.01066017,80.22505951,21766,21776,10
13.01109982,80.22402191,21776,21786,10
13.0115099,80.22293854,21786,21796,10
13.01191998,80.22183228,21796,21806,10
13.01212978,80.22090149,21806,21816,10
13.0118103,80.2199173,21816,21826,10
13.01144981,80.21884918,21826,21836,10
13.01107025,80.21778107,21836,21846,10
13.01072025,80.21695709,21846,21857,11
13.01012993,80.2158432,21857,21867,10
13.00967979,80.21501923,21867,21877,10
13.00930977,80.21450043,21877,21887,10
13.00885963,80.21392059,21887,21897,10
13.00860977,80.21363068,21897,21907,10
13.00856972,80.21360016,21907,21917,10
13.00841045,80.21346283,21917,21947,30
13.00841045,80.21346283,21947,21958,11
13.00804996,80.21327972,21958,21978,20
13.00804996,80.21327972,21978,21988,10
13.00788975,80.21315002,21988,21998,10
13.00765038,80.2129364,21998,22008,10
13.00710011,80.21278381,22008,22017,9
13.00642967,80.21276093,22017,22028,11
13.00570011,80.21295166,22028,22038,10
13.00516033,80.2126236,22038,22048,10
13.00434971,80.21218872,22048,22059,11
13.00372982,80.21208191,22059,22069,10
13.00304985,80.21208191,22069,22079,10
13.0023098,80.21221924,22079,22089,10
13.00168037,80.21260834,22089,22099,10
13.00113964,80.21302032,22099,22109,10
13.00051022,80.21357727,22109,22119,10
12.9998703,80.21414948,22119,22129,10
12.99919987,80.21473694,22129,22149,20
12.99919987,80.21473694,22149,22160,11
12.9989996,80.21492767,22160,22170,10
12.99855042,80.21530151,22170,22180,10
12.99792004,80.21587372,22180,22190,10
12.99736023,80.21640778,22190,22206,16
12.99683952,80.21653748,22206,22218,12
12.99592018,80.21665955,22218,22228,10
12.99503994,80.21707916,22228,22238,10
12.99438,80.21755981,22238,22248,10
12.99370003,80.21804047,22248,22257,9
12.99300003,80.21852112,22257,22270,13
12.99184036,80.21936798,22270,22280,10
12.99102974,80.21996307,22280,22290,10
12.99022961,80.22059631,22290,22299,9
12.98964024,80.22125244,22299,22310,11
12.98900986,80.22200775,22310,22320,10
12.98843002,80.22260284,22320,22330,10
12.98787022,80.22303772,22330,22340,10
12.98756027,80.22309875,22340,22350,10
12.98698044,80.22303009,22350,22361,11
12.9861002,80.22293854,22361,22371,10
12.98550034,80.22322083,22371,22381,10
12.98484993,80.2231369,22381,22391,10
12.98416042,80.22273254,22391,22401,10
12.98365974,80.22244263,22401,22411,10
12.98346043,80.22229004,22411,22421,10
12.98336029,80.22223663,22421,22431,10
12.98303986,80.22206116,22431,22441,10
12.9825201,80.22187805,22441,22452,11
12.98211002,80.22174072,22452,22462,10
12.98194027,80.22161102,22462,22472,10
12.98151016,80.2212677,22472,22482,10
12.98069954,80.22102356,22482,22492,10
12.97968006,80.22109985,22492,22502,10
12.97859955,80.22116852,22502,22512,10
12.97751999,80.22118378,22512,22522,10
12.97655964,80.22123718,22522,22532,10
12.97628021,80.22125244,22532,22542,10
12.97616005,80.2212677,22542,22553,11
12.97595978,80.22126007,22553,22563,10
12.97572041,80.22106171,22563,22573,10
12.97556019,80.22094727,22573,22583,10
12.97550964,80.22091675,22583,22593,10
12.9751997,80.22070313,22593,22603,10
12.97455978,80.22039032,22603,22613,10
12.97369957,80.22003174,22613,22623,10
12.97264957,80.21964264,22623,22633,10
12.97161007,80.21929169,22633,22643,10
12.97095013,80.21907043,22643,22654,11
12.97082043,80.21901703,22654,22664,10
12.97027969,80.21877289,22664,22674,10
12.96959019,80.21849823,22674,22684,10
12.96889973,80.21822357,22684,22694,10
12.96821976,80.21794128,22694,22704,10
12.96753979,80.21768188,22704,22714,10
12.96664047,80.21730042,22714,22724,10
12.96543026,80.21681213,22724,22734,10
12.96422005,80.21630859,22734,22744,10
12.96315956,80.2158432,22744,22755,11
12.96197987,80.21537018,22755,22765,10
12.96090031,80.21494293,22765,22775,10
12.95979977,80.21450806,22775,22785,10
12.95874023,80.21407318,22785,22795,10
12.95767021,80.21366119,22795,22805,10
12.95658016,80.21320343,22805,22815,10
12.95545006,80.21278381,22815,22825,10
12.95431995,80.21233368,22825,22835,10
12.95316982,80.21186829,22835,22846,11
12.95191956,80.21137238,22846,22856,10
12.95081997,80.21092987,22856,22866,10
12.94978046,80.21051788,22866,22876,10
12.94878006,80.21012878,22876,22886,10
12.94771957,80.20970917,22886,22896,10
12.94643974,80.20922089,22896,22906,10
12.9450798,80.2086792,22906,22916,10
12.94390965,80.20823669,22916,22926,10
12.9428997,80.20761871,22926,22936,10
12.94217014,80.20678711,22936,22947,11
12.94132042,80.20614624,22947,22957,10
12.94062042,80.20584869,22957,22967,10
12.93974972,80.20558167,22967,22977,10
12.93879032,80.20529175,22977,22986,9
12.93780994,80.20500183,22986,22997,11
12.93661022,80.20465851,22997,23007,10
12.93552971,80.20433044,23007,23017,10
12.93455982,80.20397949,23017,23027,10
12.93383026,80.20391846,23027,23037,10
12.93369007,80.2039032,23037,23048,11
12.93319988,80.20381927,23048,23058,10
12.93272972,80.20361328,23058,23068,10
12.93204975,80.20337677,23068,23078,10
12.93122005,80.20310211,23078,23088,10
12.93029976,80.20287323,23088,23098,10
12.92965031,80.20278168,23098,23108,10
12.92940998,80.20275116,23108,23118,10
12.92883968,80.2026825,23118,23128,10
12.92848015,80.20211792,23128,23138,10
12.92846012,80.20113373,23138,23149,11
12.92835045,80.19985962,23149,23159,10
12.92792988,80.1987915,23159,23169,10
12.92722034,80.19795227,23169,23179,10
12.92644024,80.19759369,23179,23189,10
12.92605972,80.19754028,23189,23199,10
12.92551994,80.1975174,23199,23209,10
12.92521954,80.19750977,23209,23219,10
12.92455959,80.19750977,23219,23229,10
12.92366982,80.19747925,23229,23239,10
12.92263031,80.19734955,23239,23250,11
12.92152023,80.19709778,23250,23260,10
12.9205904,80.19676208,23260,23270,10
12.91963959,80.19642639,23270,23280,10
12.91886997,80.19589233,23280,23290,10
12.91808987,80.19519806,23290,23299,9
12.91738033,80.19457245,23299,23310,11
12.91699028,80.19387817,23310,23320,10
12.91703033,80.19303894,23320,23330,10
12.91716957,80.19203949,23330,23341,11
12.91726017,80.19133759,23341,23350,9
12.91726971,80.19132996,23350,23361,11
12.91734982,80.19087219,23361,23371,10
12.91742039,80.19011688,23371,23381,10
12.9177103,80.18919373,23381,23391,10
12.91839981,80.18827057,23391,23401,10
12.91919041,80.18740082,23401,23411,10
12.92000961,80.18647003,23411,23421,10
12.92059994,80.18544006,23421,23431,10
12.92033958,80.18431091,23431,23442,11
12.92008018,80.18309784,23442,23452,10
12.91983032,80.18196106,23452,23462,10
12.91959,80.1809082,23462,23472,10
12.91936016,80.17984009,23472,23482,10
12.91882038,80.17884827,23482,23498,16
12.91825962,80.17717743,23498,23510,12
12.91854,80.17582703,23510,23518,8
12.91876984,80.17494202,23518,23530,12
12.91909981,80.17356873,23530,23540,10
12.91940022,80.17237854,23540,23551,11
12.9197197,80.17121887,23551,23563,12
12.9198103,80.17092896,23563,23572,9
12.91993046,80.17059326,23572,23583,11
12.92016029,80.16986847,23583,23593,10
12.9204998,80.16876984,23593,23602,9
12.92084026,80.16773224,23602,23612,10
12.92121029,80.16654205,23612,23623,11
12.9216404,80.16526031,23623,23634,11
12.92203999,80.16398621,23634,23644,10
12.92238998,80.16287231,23644,23654,10
12.92273998,80.16177368,23654,23664,10
12.92306042,80.16072845,23664,23674,10
12.9231596,80.1603775,23674,23684,10
12.92327976,80.15991211,23684,23694,10
12.9233799,80.15905762,23694,23704,10
12.92350006,80.15794373,23704,23714,10
12.92360973,80.15672302,23714,23724,10
12.92358017,80.15554047,23724,23735,11
12.92337036,80.15490723,23735,23745,10
12.92335987,80.1548996,23745,23755,10
12.92329979,80.15483093,23755,23765,10
12.92325974,80.15447235,23765,23775,10
12.92311001,80.15379333,23775,23785,10
12.92288971,80.15292358,23785,23795,10
12.92269039,80.15189362,23795,23805,10
12.92265987,80.15084839,23805,23815,10
12.92263031,80.14965057,23815,23825,10
12.92257977,80.1484375,23825,23836,11
12.92259026,80.14716339,23836,23846,10
12.92259026,80.14601898,23846,23856,10
12.92251968,80.14485168,23856,23866,10
12.92249966,80.14376068,23866,23876,10
12.92247009,80.14324188,23876,23896,20
12.92247009,80.14324188,23896,23906,10
12.92249966,80.14282227,23906,23916,10
12.92247963,80.14224243,23916,23926,10
12.92245007,80.14141083,23926,23937,11
12.92243004,80.14041138,23937,23947,10
12.92241955,80.13948822,23947,23957,10
12.92245007,80.1384201,23957,23967,10
12.92249966,80.13726044,23967,23977,10
12.92255974,80.13604736,23977,23987,10
12.92259979,80.13482666,23987,23997,10
12.92263985,80.13363647,23997,24007,10
12.9226799,80.13259888,24007,24017,10
12.92273998,80.13150024,24017,24027,10
12.92278004,80.13041687,24027,24038,11
12.92282963,80.12940979,24038,24048,10
12.9229002,80.12847137,24048,24058,10
12.92294025,80.12751007,24058,24068,10
12.92296028,80.12650299,24068,24078,10
12.92298031,80.12555695,24078,24088,10
12.9230299,80.12452698,24088,24098,10
12.92308044,80.12339783,24098,24108,10
12.92311954,80.12223816,24108,24118,10
12.92317963,80.12117004,24118,24129,11
12.92321968,80.12055206,24129,24139,10
12.92323017,80.1205368,24139,24149,10
12.92327023,80.12023163,24149,24159,10
12.92331982,80.11950684,24159,24169,10
12.92335987,80.11856842,24169,24179,10
12.92341042,80.1177597,24179,24189,10
12.92346001,80.11707306,24189,24199,10
12.92346954,80.11699677,24199,24209,10
12.92356968,80.11685944,24209,24219,10
12.92358017,80.11714935,24219,24230,11
12.92362976,80.11763763,24230,24240,10
12.92354965,80.11823273,24240,24250,10
12.92352009,80.11898804,24250,24260,10
12.92341042,80.11959076,24260,24269,9
12.92335987,80.12010956,24269,24279,10
12.92335033,80.12021637,24279,24290,11
12.92331028,80.12055206,24290,24300,10
12.92327976,80.12094116,24300,24310,10
12.92329025,80.12113953,24310,24320,10
12.92327976,80.12135315,24320,25351,1031
12.92327976,80.12135315,25351,25361,10
12.92325974,80.12161255,25361,25371,10
12.92323017,80.12200928,25371,25381,10
12.92319965,80.12272644,25381,25391,10
12.9231596,80.12365723,25391,25401,10
12.92311954,80.1246109,25401,25411,10
12.92311001,80.12541199,25411,25422,11
12.92306042,80.1259613,25422,25432,10
12.92300987,80.12679291,25432,25442,10
12.92296028,80.12772369,25442,25452,10
12.92292023,80.12857819,25452,25462,10
12.92286968,80.12950134,25462,25472,10
12.92282009,80.13050842,25472,25482,10
12.92284012,80.13108063,25482,25492,10
12.9228096,80.13128662,25492,25502,10
12.92278004,80.13185883,25502,25513,11
12.92273998,80.13269043,25513,25523,10
12.92271042,80.13355255,25523,25533,10
12.92265987,80.1344986,25533,25543,10
12.92261028,80.13549805,25543,25553,10
12.92255974,80.13654327,25553,25563,10
12.92251015,80.13758087,25563,25573,10
12.9224596,80.1384964,25573,25583,10
12.92241955,80.13951111,25583,25593,10
12.9224596,80.14050293,25593,25603,10
12.92243958,80.14157867,25603,25614,11
12.92249012,80.14270782,25614,25624,10
12.92253971,80.14328003,25624,25634,10
12.92255974,80.14363098,25634,25644,10
12.92255974,80.1437912,25644,25654,10
12.92257023,80.14437866,25654,25664,10
12.92259979,80.14530182,25664,25674,10
12.92263985,80.14640045,25674,25684,10
12.9226799,80.14730072,25684,25694,10
12.92269039,80.14745331,25694,25704,10
12.9226799,80.14797974,25704,25715,11
12.9226799,80.14888,25715,25725,10
12.92271996,80.1499176,25725,25735,10
12.92273998,80.15096283,25735,25745,10
12.92276955,80.1518631,25745,25754,9
12.92292023,80.15271759,25754,25765,11
12.92317009,80.15370941,25765,25775,10
12.92343998,80.15464783,25775,25785,10
12.92343998,80.15470123,25785,25795,10
12.92352009,80.15505981,25795,25805,10
12.92368031,80.1556778,25805,25815,10
12.9237299,80.15640259,25815,25826,11
12.92364979,80.15722656,25826,25836,10
12.92356968,80.15802765,25836,25846,10
12.92348957,80.15899658,25846,25856,10
12.92339993,80.16007233,25856,25866,10
12.92333984,80.16039276,25866,25876,10
12.9232502,80.16062927,25876,25886,10
12.9230299,80.16127014,25886,25896,10
12.92273998,80.16217804,25896,25907,11
12.92234039,80.16339874,25907,25917,10
12.92195988,80.16461182,25917,25927,10
12.92158031,80.16584778,25927,25937,10
12.92117023,80.16708374,25937,25947,10
12.92080021,80.1683197,25947,25957,10
12.92043972,80.16950226,25957,25967,10
12.9201498,80.17041779,25967,25977,10
12.91996002,80.17105103,25977,25987,10
12.91985035,80.17128754,25987,25997,10
12.9197197,80.17183685,25997,26008,11
12.91950035,80.17272186,26008,26018,10
12.91923046,80.1736908,26018,26028,10
12.91893005,80.17478943,26028,26038,10
12.9186697,80.17585754,26038,26048,10
12.91843987,80.17690277,26048,26058,10
12.91835976,80.17801666,26058,26068,10
12.91897011,80.17891693,26068,26078,10
12.91946983,80.17996216,26078,26088,10
12.91973019,80.18119812,26088,26098,10
12.91998959,80.18242645,26098,26109,11
12.92035961,80.18386078,26109,26129,20
12.92035961,80.18386078,26129,26139,10
12.92043972,80.18424988,26139,26149,10
12.9205904,80.18492126,26149,26159,10
12.92070007,80.18540192,26159,26169,10
12.92072964,80.18544006,26169,26179,10
12.92068958,80.18582153,26179,26189,10
12.92026043,80.18637085,26189,26199,10
12.91973972,80.18694305,26199,26210,11
12.91899967,80.18778992,26210,26220,10
12.91845989,80.18837738,26220,26230,10
12.91784954,80.1891098,26230,26240,10
12.91755009,80.19007111,26240,26250,10
12.91742992,80.19100189,26250,26260,10
12.91730022,80.19203949,26260,26270,10
12.91714954,80.19316864,26270,26301,31
12.91714954,80.19316864,26301,26311,10
12.91707993,80.19345856,26311,26321,10
12.91718006,80.19406128,26321,26331,10
12.91761017,80.19464874,26331,26341,10
12.91821003,80.19519806,26341,26351,10
12.91891003,80.19580078,26351,26361,10
12.91969967,80.19637299,26361,26371,10
12.9205904,80.19670868,26371,26381,10
12.92142963,80.1969986,26381,26391,10
12.92234039,80.19727325,26391,26402,11
12.92331028,80.19740295,26402,26412,10
12.92405987,80.19747162,26412,26422,10
12.92494011,80.19745636,26422,26432,10
12.92535019,80.19744873,26432,26442,10
12.92576981,80.19744873,26442,26452,10
12.92648983,80.19754791,26452,26462,10
12.92731953,80.19793701,26462,26472,10
12.92798042,80.19869995,26472,26482,10
12.92838955,80.19966125,26482,26492,10
12.9285202,80.20075989,26492,26503,11
12.92856979,80.20192719,26503,26513,10
12.92883968,80.20263672,26513,26523,10
12.92945004,80.20272064,26523,26533,10
12.92947006,80.20272064,26533,26543,10
12.92961979,80.20275116,26543,26552,9
12.93008041,80.20281219,26552,26563,11
12.93091011,80.20295715,26563,26573,10
12.93169022,80.20320892,26573,26583,10
12.93206978,80.20333862,26583,26593,10
12.9326601,80.20352936,26593,26604,11
12.93404007,80.20388031,26604,26624,20
12.93404007,80.20388031,26624,26634,10
12.93416977,80.20388031,26634,26644,10
12.93465996,80.20394135,26644,26654,10
12.93535042,80.20413971,26654,26664,10
12.93622971,80.20449066,26664,26674,10
12.93721008,80.20477295,26674,26684,10
12.93817043,80.20503998,26684,26694,10
12.93916035,80.20533752,26694,26705,11
12.93997955,80.20555878,26705,26715,10
12.94001961,80.20558167,26715,26725,10
12.94034004,80.20568848,26725,26735,10
12.94095039,80.2059021,26735,26745,10
12.94167995,80.20629883,26745,26755,10
12.94248009,80.20693207,26755,26765,10
12.94312,80.2077179,26765,26775,10
12.94377041,80.20812988,26775,26785,10
12.94423962,80.20828247,26785,26796,11
12.94425964,80.2082901,26796,26806,10
12.94445992,80.20838165,26806,26816,10
12.94495964,80.20855713,26816,26826,10
12.94567966,80.20881653,26826,26836,10
12.94645977,80.20912933,26836,26846,10
12.94715977,80.20939636,26846,26856,10
12.94781971,80.20966339,26856,26866,10
12.94851017,80.20992279,26866,26876,10
12.94929981,80.21024323,26876,26886,10
12.95042038,80.21070099,26886,26897,11
12.95182037,80.21125031,26897,26907,10
12.95289993,80.21166992,26907,26917,10
12.95390034,80.21208954,26917,26927,10
12.95495033,80.21250916,26927,26937,10
12.95600986,80.21292877,26937,26947,10
12.95703983,80.21331787,26947,26957,10
12.95808029,80.21373749,26957,26967,10
12.95913982,80.2141571,26967,26983,16
12.96084023,80.21486664,26983,26995,12
12.96214008,80.21537781,26995,27006,11
12.96333027,80.2158432,27006,27016,10
12.96407032,80.21616364,27016,27026,10
12.96506977,80.21658325,27026,27035,9
12.96584988,80.21688843,27035,27046,11
12.96689034,80.21730042,27046,27056,10
12.96765041,80.21761322,27056,27066,10
12.96835995,80.21788025,27066,27076,10
12.96936035,80.21827698,27076,27086,10
12.9711504,80.21894073,27086,27107,21
12.9711504,80.21894073,27107,27117,10
12.97142029,80.21906281,27117,27127,10
12.97198009,80.21927643,27127,27137,10
12.97272015,80.2195816,27137,27147,10
12.97360992,80.2199173,27147,27157,10
12.9745903,80.22032166,27157,27167,10
12.97533035,80.22062683,27167,27228,61
12.97533035,80.22062683,27228,27238,10
12.97544003,80.22065735,27238,27248,10
12.97572041,80.22090149,27248,27258,10
12.97618008,80.22119141,27258,27278,20
12.97618008,80.22119141,27278,27289,11
12.97638035,80.22119904,27289,27299,10
12.97690964,80.22119904,27299,27309,10
12.97768974,80.22119904,27309,27319,10
12.97856045,80.22116089,27319,27329,10
12.97961998,80.22107697,27329,27339,10
12.98050976,80.22100067,27339,27349,10
12.98128033,80.22109985,27349,27359,10
12.98176956,80.22138977,27359,27369,10
12.98231983,80.22176361,27369,27379,10
12.98268032,80.2218399,27379,27390,11
12.98301029,80.2219696,27390,27400,10
12.98307991,80.22197723,27400,27410,10
12.98340988,80.22222137,27410,27420,10
12.98398018,80.22260284,27420,27430,10
12.98466969,80.2230072,27430,27440,10
12.98538017,80.22328186,27440,27450,10
12.9857502,80.2230072,27450,27460,10
12.98608017,80.22293854,27460,27470,10
12.98633957,80.22293854,27470,27480,10
12.98666,80.22296906,27480,27491,11
12.98711014,80.22303772,27491,27501,10
12.98764038,80.2230835,27501,27511,10
12.9881897,80.22279358,27511,27521,10
12.9886198,80.22239685,27521,27531,10
12.98882961,80.22212982,27531,27541,10
12.98896027,80.22200012,27541,27551,10
12.98913002,80.22173309,27551,27561,10
12.98950005,80.22126007,27561,27571,10
12.99003983,80.22064972,27571,27581,10
12.99042988,80.22033691,27581,27592,11
12.9905901,80.22025299,27592,27602,10
12.9909296,80.21997833,27602,27612,10
12.99129009,80.21968842,27612,27622,10
12.99168015,80.21942139,27622,27632,10
12.99209976,80.21911621,27632,27642,10
12.99263,80.21872711,27642,27652,10
12.99330997,80.2182312,27652,27662,10
12.99392986,80.2177887,27662,27672,10
12.99454975,80.21736145,27672,27682,10
12.99505997,80.21698761,27682,27699,17
12.99612045,80.21656799,27699,27711,12
12.99695015,80.21647644,27711,27721,10
12.99738026,80.21627808,27721,27741,20
12.99738026,80.21627808,27741,27751,10
12.99761963,80.21607971,27751,27761,10
12.99804974,80.21566772,27761,27771,10
12.9985199,80.21524048,27771,27781,10
12.99899006,80.21486664,27781,27792,11
12.99927044,80.21463776,27792,27801,9
12.99962044,80.21431732,27801,27812,11
13.00004005,80.21395874,27812,27822,10
13.00059032,80.21346283,27822,27832,10
13.00111961,80.21302032,27832,27842,10
13.00164986,80.21263123,27842,27852,10
13.00212002,80.21230316,27852,27862,10
13.00251961,80.21212769,27862,27872,10
13.00317955,80.21205902,27872,27882,10
13.0037899,80.21199036,27882,27893,11
13.00448036,80.21219635,27893,27903,10
13.00508022,80.21253967,27903,27913,10
13.00576019,80.21289063,27913,27923,10
13.00648975,80.21270752,27923,27933,10
13.00712013,80.21273041,27933,27943,10
13.00771046,80.21286011,27943,27953,10
13.00776958,80.21291351,27953,27963,10
13.00782013,80.21292114,27963,27973,10
13.0081501,80.21320343,27973,27984,11
13.00879955,80.21366882,27984,27993,9
13.00926971,80.21431732,27993,28004,11
13.00973988,80.2150116,28004,28014,10
13.01012039,80.21560669,28014,28024,10
13.01062965,80.21633911,28024,28034,10
13.01093006,80.21707153,28034,28044,10
13.0112896,80.21791077,28044,28054,10
13.01169968,80.21903229,28054,28064,10
13.01208973,80.22028351,28064,28074,10
13.01247025,80.22122955,28074,28085,11
13.01284027,80.22187805,28085,28095,10
13.01340961,80.22250366,28095,28105,10
13.01389027,80.2231369,28105,28115,10
13.01426029,80.22367859,28115,28125,10
13.01476002,80.22419739,28125,28135,10
13.01517963,80.2246933,28135,28145,10
13.01550007,80.22492218,28145,28155,10
13.01552963,80.22490692,28155,28165,10
13.01580048,80.22518158,28165,28175,10
13.01646996,80.22530365,28175,28186,11
13.01749992,80.2249527,28186,28196,10
13.01856041,80.22451782,28196,28206,10
13.0195303,80.22445679,28206,28216,10
13.02058029,80.22512054,28216,28226,10
13.02138042,80.22570801,28226,28236,10
13.02194977,80.22606659,28236,28246,10
13.02212048,80.22619629,28246,28256,10
13.02215004,80.22625732,28256,28266,10
13.02243042,80.22653198,28266,28276,10
13.02295971,80.22698975,28276,28287,11
13.0236702,80.22769165,28287,28297,10
13.02431965,80.2283783,28297,28307,10
13.02476025,80.22902679,28307,28317,10
13.02525997,80.22969055,28317,28327,10
13.0257597,80.23040771,28327,28337,10
13.02602959,80.23117828,28337,28357,20
13.02602959,80.23117828,28357,28367,10
13.0261097,80.23135376,28367,28377,10
13.02665997,80.23121643,28377,28388,11
13.02756023,80.23101044,28388,28398,10
13.02842999,80.23091125,28398,28408,10
13.02904034,80.23087311,28408,28418,10
13.02931976,80.23085022,28418,28428,10
13.02970982,80.23081207,28428,28438,10
13.0303297,80.2307663,28438,28448,10
13.03081989,80.23072052,28448,28458,10
13.03143978,80.23066711,28458,28468,10
13.03186035,80.23065948,28468,28479,11
13.03252029,80.23059082,28479,28489,10
13.03334045,80.23052979,28489,28499,10
13.03388977,80.23049164,28499,28509,10
13.03477955,80.23029327,28509,28529,20
13.03477955,80.23029327,28529,28539,10
13.03493977,80.23021698,28539,28559,20
13.03493977,80.23021698,28559,28569,10
13.03505039,80.23010254,28569,28580,11
13.03514004,80.22987366,28580,28600,20
13.03514004,80.22987366,28600,28610,10
13.03452969,80.22979736,28610,28751,141
13.03417969,80.22968292,28751,29660,909
13.03417969,80.22968292,29660,29671,11
13.03421021,80.23007965,29671,29751,80
13.03421021,80.23007965,29751,29761,10
13.03417015,80.23040771,29761,29772,11
13.03384018,80.23040771,29772,29782,10
13.03316021,80.2304306,29782,29792,10
13.03234005,80.23053741,29792,29802,10
13.03164959,80.23061371,29802,29812,10
13.03094006,80.23071289,29812,29822,10
13.03048038,80.23075867,29822,29832,10
13.02989006,80.23079681,29832,29848,16
13.02939987,80.23085022,29848,29860,12
13.02855015,80.23091125,29860,29871,11
13.02775955,80.23098755,29871,29881,10
13.02766037,80.23137665,29881,29891,10
13.02777004,80.2321167,29891,29901,10
13.02785969,80.23275757,29901,29911,10
13.0272398,80.23293304,29911,29921,10
13.02682018,80.23300171,29921,29982,61
13.02682018,80.23300171,29982,29992,10
13.02655029,80.23307037,29992,30002,10
13.02630043,80.23275757,30002,30012,10
13.02612019,80.23204041,30012,30022,10
13.02585983,80.23104095,30022,30032,10
13.02534008,80.22998047,30032,30042,10
13.02470016,80.22911835,30042,30052,10
13.02414036,80.22834015,30052,30062,10
13.02342033,80.22760773,30062,30073,11
13.02295971,80.22734833,30073,30083,10
13.02295017,80.2273407,30083,30093,10
13.02285957,80.22731781,30093,30103,10
13.02262974,80.22698975,30103,30113,10
13.0221796,80.22647858,30113,30123,10
13.02147961,80.22589874,30123,30133,10
13.02062988,80.22527313,30133,30143,10
13.02009964,80.22489166,30143,30153,10
13.01972961,80.22463989,30153,30163,10
13.01898956,80.22445679,30163,30174,11
13.01795006,80.22483063,30174,30184,10
13.01704025,80.22518921,30184,30194,10
13.01636028,80.22548676,30194,30204,10
13.01564026,80.22575378,30204,30214,10
13.01504993,80.2259903,30214,30224,10
13.01502991,80.22599792,30224,30234,10
13.01436043,80.22625732,30234,30254,20
13.01436043,80.22625732,30254,30264,10
13.01403046,80.22638702,30264,30275,11
13.01333046,80.22663116,30275,30285,10
13.01247978,80.22693634,30285,30295,10
13.01148033,80.2273407,30295,30305,10
13.01043034,80.22773743,30305,30315,10
13.00971031,80.22789764,30315,30331,16
13.00973988,80.22714233,30331,30343,12
13.01016045,80.22624969,30343,30351,8
13.01047993,80.22554016,30351,30363,12
13.01101017,80.22428131,30363,30374,11
13.01150036,80.22302246,30374,30384,10
13.01189041,80.22194672,30384,30394,10
13.01214027,80.22122192,30394,30404,10
13.01214027,80.22099304,30404,30414,10
13.01198959,80.22052002,30414,30424,10
13.01173973,80.21972656,30424,30434,10
13.0114603,80.21880341,30434,30442,8
13.01111984,80.21794128,30442,30454,12
13.01060009,80.21669769,30454,30463,9
13.01019001,80.2159729,30463,30474,11
13.00984001,80.21517944,30474,30485,11
13.00940037,80.21463013,30485,30495,10
13.00891018,80.21396637,30495,30505,10
13.00854969,80.21354675,30505,30576,71
13.00854969,80.21354675,30576,30586,10
13.00804043,80.21325684,30586,30606,20
13.00804043,80.21325684,30606,30616,10
13.00796032,80.21321106,30616,30626,10
13.0078001,80.21305847,30626,30636,10
13.00755978,80.21289063,30636,30646,10
13.00724983,80.2128067,30646,30656,10
13.00677013,80.21276093,30656,30666,10
13.00611973,80.21292114,30666,30677,11
13.00545025,80.2128067,30677,30687,10
13.00485039,80.2124176,30687,30697,10
13.00387955,80.21209717,30697,30727,30
13.00387955,80.21209717,30727,30737,10
13.0037899,80.21204376,30737,30747,10
13.00339031,80.21205139,30747,30757,10
13.00273991,80.21206665,30757,30768,11
13.00207996,80.21234131,30768,30778,10
13.00146961,80.21279907,30778,30788,10
13.00076008,80.21333313,30788,30798,10
12.99989033,80.21417999,30798,30848,50
12.99989033,80.21417999,30848,30858,10
12.99975014,80.21425629,30858,30869,11
12.99938011,80.21457672,30869,30879,10
12.9990797,80.21485901,30879,30889,10
12.99872017,80.21517944,30889,30899,10
12.99816036,80.21569061,30899,30909,10
12.99748039,80.21623993,30909,30929,20
12.99748039,80.21623993,30929,30939,10
12.99730968,80.21645355,30939,30949,10
12.99715042,80.21652985,30949,30959,10
12.99668026,80.21655273,30959,30970,11
12.99592018,80.21669769,30970,30980,10
12.99512005,80.21701813,30980,30990,10
12.99454021,80.21743774,30990,31000,10
12.99392986,80.21788025,31000,31010,10
12.99324989,80.21839142,31010,31020,10
12.99248981,80.21894073,31020,31030,10
12.99164963,80.2195282,31030,31040,10
12.99079037,80.22019196,31040,31060,20
12.99079037,80.22019196,31060,31071,11
12.99073982,80.2201767,31071,31081,10
12.99042988,80.22042847,31081,31091,10
12.98993969,80.2208786,31091,31101,10
12.98939991,80.22154999,31101,31117,16
12.98826981,80.22271729,31117,31129,12
12.98738003,80.22306824,31129,31137,8
12.98694992,80.22299957,31137,31149,12
12.98604965,80.22296143,31149,31159,10
12.98546028,80.22328186,31159,31170,11
12.98538971,80.22331238,31170,31180,10
12.98528004,80.22328949,31180,31190,10
12.98486996,80.22315979,31190,31200,10
12.98425961,80.22280121,31200,31210,10
12.98365021,80.22245026,31210,31220,10
12.98326015,80.22221375,31220,31230,10
12.98320961,80.22218323,31230,31240,10
12.98316002,80.22212982,31240,31250,10
12.98281002,80.22193909,31250,31260,10
12.98233986,80.22177124,31260,31271,11
12.98178959,80.2213974,31271,31281,10
12.98112011,80.22107697,31281,31291,10
12.98036003,80.22107697,31291,31301,10
12.97951984,80.221138,31301,31311,10
12.97904015,80.22116089,31311,31321,10
12.97846031,80.22118378,31321,31331,10
12.97766972,80.22122192,31331,31341,10
12.97694016,80.22126007,31341,31351,10
12.97622967,80.22129822,31351,31361,10
12.97562027,80.22103882,31361,31392,31
12.97562027,80.22103882,31392,31402,10
12.97539043,80.22090149,31402,31412,10
12.9748497,80.22057343,31412,31422,10
12.97408962,80.22020721,31422,31432,10
12.97317982,80.21984863,31432,31442,10
12.97214985,80.21945953,31442,31452,10
12.97130013,80.21922302,31452,31462,10
12.97097015,80.21913147,31462,31473,11
12.97089958,80.21906281,31473,31483,10
12.97049999,80.21884918,31483,31493,10
12.96988964,80.2186203,31493,31503,10
12.96922016,80.2183609,31503,31513,10
12.96854973,80.21808624,31513,31523,10
12.96788025,80.21782684,31523,31533,10
12.96714973,80.21755219,31533,31543,10
12.96615028,80.21713257,31543,31553,10
12.96504974,80.21669006,31553,31563,10
12.96401024,80.21627808,31563,31574,11
12.9633503,80.2159729,31574,31584,10
12.96271992,80.2157135,31584,31594,10
12.96193027,80.2154007,31594,31604,10
12.96100044,80.21501923,31604,31614,10
12.95995998,80.21459198,31614,31624,10
12.95893002,80.21417236,31624,31634,10
12.95785999,80.21375275,31634,31644,10
12.95685959,80.21336365,31644,31654,10
12.95580006,80.21295166,31654,31664,10
12.95471954,80.21253204,31664,31675,11
12.95366001,80.21211243,31675,31685,10
12.95263004,80.21166992,31685,31695,10
12.95156956,80.21125031,31695,31705,10
12.95049953,80.21085358,31705,31715,10
12.94952965,80.21045685,31715,31725,10
12.94863987,80.21009827,31725,31735,10
12.94766998,80.2097168,31735,31745,10
12.94643974,80.20922089,31745,31755,10
12.94521046,80.20874023,31755,31765,10
12.94443989,80.20845795,31765,31776,11
12.94437027,80.20844269,31776,31786,10
12.94412041,80.20834351,31786,31796,10
12.94357967,80.20809937,31796,31806,10
12.94297028,80.20767975,31806,31816,10
12.94252968,80.20710754,31816,31826,10
12.94196033,80.20661163,31826,31836,10
12.94114017,80.20606995,31836,31856,20
12.94114017,80.20606995,31856,31866,10
12.94097042,80.20597839,31866,31877,11
12.94050026,80.20581055,31877,31887,10
12.93986034,80.20561218,31887,31897,10
12.93912983,80.2053833,31897,31913,16
12.9379797,80.20503998,31913,31925,12
12.93708038,80.20478058,31925,31935,10
12.93640041,80.20458221,31935,31943,8
12.93556023,80.20433807,31943,31955,12
12.93455982,80.20398712,31955,31965,10
12.93373013,80.20393372,31965,31986,21
12.93373013,80.20393372,31986,31996,10
12.93360043,80.20391846,31996,32006,10
12.93317032,80.20381165,32006,32016,10
12.93251991,80.20355225,32016,32025,9
12.93185997,80.20332336,32025,32036,11
12.93101025,80.20304871,32036,32046,10
12.93039989,80.20290375,32046,32056,10
12.92949009,80.20278931,32056,32087,31
12.92949009,80.20278931,32087,32097,10
12.92916012,80.20272064,32097,32107,10
12.92866039,80.20262146,32107,32117,10
12.92848015,80.20192719,32117,32127,10
12.92846012,80.20098877,32127,32137,10
12.92837048,80.19989777,32137,32147,10
12.92800045,80.1989212,32147,32157,10
12.92745018,80.19812012,32157,32167,10
12.92660999,80.19766235,32167,32178,11
12.92566967,80.19753265,32178,32188,10
12.92537022,80.19753265,32188,32198,10
12.92490959,80.19750977,32198,32208,10
12.92422009,80.19750977,32208,32224,16
12.92288017,80.19740295,32224,32236,12
12.92208004,80.19730377,32236,32244,8
12.92206955,80.19730377,32244,32256,12
12.92169952,80.19719696,32256,32266,10
12.92115021,80.19698334,32266,32277,11
12.92037964,80.19670868,32277,32283,6
12.91991997,80.19654083,32283,32297,14
12.91893959,80.19597626,32297,32307,10
12.91835976,80.19545746,32307,32317,10
12.91765976,80.19486237,32317,32327,10
12.91716003,80.19425201,32327,32347,20
12.91716003,80.19425201,32347,32357,10
12.91709995,80.19406128,32357,32367,10
12.91701031,80.19364166,32367,32391,24
12.91720009,80.19197083,32391,32403,12
12.91726971,80.19139099,32403,32413,10
12.91726971,80.1913681,32413,32423,10
12.91732025,80.19129181,32423,32432,9
12.91736031,80.19093323,32432,32443,11
12.91742039,80.19010925,32443,32454,11
12.91765976,80.18926239,32454,32464,10
12.91821003,80.18846893,32464,32474,10
12.91878033,80.18785095,32474,32485,11
12.91942978,80.18711853,32485,32494,9
12.92008018,80.18637848,32494,32505,11
12.92059994,80.18547058,32505,32514,9
12.92037964,80.1844635,32514,32525,11
12.92012024,80.18334198,32525,32535,10
12.91996002,80.18260193,32535,32545,10
12.91985035,80.18225098,32545,32555,10
12.9198103,80.18208313,32555,32566,11
12.91971016,80.18157196,32566,32576,10
12.91956043,80.18086243,32576,32586,10
12.91940022,80.18005371,32586,32596,10
12.91909027,80.17922974,32596,32606,10
12.91839027,80.1782608,32606,32616,10
12.91833973,80.17665863,32616,32636,20
12.91833973,80.17665863,32636,32646,10
12.91841984,80.17630768,32646,32656,10
12.91853046,80.17579651,32656,32666,10
12.91868973,80.17510223,32666,32677,11
12.91891003,80.17418671,32677,32687,10
12.91917038,80.17320251,32687,32697,10
12.9194603,80.17215729,32697,32707,10
12.91969967,80.17127228,32707,32717,10
12.91977024,80.1710434,32717,32727,10
12.91979027,80.1709671,32727,32737,10
12.91991997,80.17054749,32737,32747,10
12.92016029,80.16983032,32747,32757,10
12.92043972,80.16890717,32757,32767,10
12.92078018,80.16786957,32767,32778,11
12.92117977,80.16664124,32778,32788,10
12.92154026,80.16551971,32788,32798,10
12.92191029,80.16439819,32798,32808,10
12.92218018,80.16352844,32808,32818,10
12.92245007,80.16259766,32818,32828,10
12.92278957,80.16156769,32828,32838,10
12.92306042,80.16066742,32838,32848,10
12.92310047,80.16049957,32848,32858,10
12.92313957,80.16040039,32858,32868,10
12.92327023,80.15991974,32868,32879,11
12.9233799,80.15904999,32879,32889,10
12.92348003,80.15799713,32889,32899,10
12.92358971,80.15680695,32899,32909,10
12.9236002,80.15566254,32909,32919,10
12.92337036,80.15498352,32919,32929,10
12.92335987,80.15492249,32929,32945,16
12.92327976,80.15448761,32945,32957,12
12.92310047,80.15371704,32957,32965,8
12.92294025,80.15310669,32965,32978,13
12.92267036,80.15200043,32978,32988,10
12.92265034,80.15116119,32988,32998,10
12.92263031,80.15023804,32998,33007,9
12.92259026,80.14929199,33007,33018,11
12.92253971,80.14823914,33018,33028,10
12.92253971,80.14752197,33028,33038,10
12.92253971,80.14674377,33038,33048,10
12.92253971,80.14582062,33048,33059,11
12.92247963,80.14465332,33059,33070,11
12.92245007,80.14338684,33070,33080,10
12.92241955,80.14254761,33080,33090,10
12.92240047,80.14189911,33090,33100,10
12.92236042,80.14144135,33100,33110,10
12.92236042,80.14137268,33110,33120,10
12.92236042,80.14122009,33120,33130,10
12.92236042,80.14073181,33130,33140,10
12.92236042,80.14012146,33140,33150,10
12.92234993,80.13935852,33150,33160,10
12.92238045,80.13855743,33160,33171,11
12.92243958,80.13767242,33171,33181,10
12.92249966,80.13671112,33181,33191,10
12.92253971,80.13565826,33191,33201,10
12.92255974,80.13471222,33201,33211,10
12.92261028,80.13375092,33211,33221,10
12.92263985,80.13285828,33221,33231,10
12.9226799,80.13221741,33231,33241,10
12.9226799,80.13143158,33241,33251,10
12.9226799,80.13117981,33251,33261,10
12.92269993,80.13092041,33261,33272,11
12.92273998,80.13027954,33272,33282,10
12.92280006,80.12949371,33282,33292,10
12.92286968,80.12859344,33292,33302,10
12.9229002,80.12772369,33302,33312,10
12.9229002,80.12708282,33312,33322,10
12.92292023,80.126297,33322,33331,9
12.92294979,80.12548828,33331,33342,11
12.92298985,80.12433624,33342,33352,10
12.92304993,80.12322235,33352,33362,10
12.92308998,80.12203979,33362,33373,11
12.92317009,80.12075043,33373,33494,121
12.92313004,80.12062073,33494,33534,40
12.92313004,80.12062073,33534,33544,10
12.92321968,80.12032318,33544,33554,10
12.9232502,80.11979675,33554,33564,10
12.92329025,80.11907959,33564,33575,11
12.92329025,80.11853027,33575,33585,10
12.92341042,80.11773682,33585,33595,10
12.92343998,80.11714935,33595,33605,10
12.92343998,80.11694336,33605,33635,30
12.92343998,80.11694336,33635,33645,10
12.9236002,80.11688995,33645,33655,10
12.92354012,80.1173172,33655,33665,10
12.92364025,80.11773682,33665,33676,11
12.92356014,80.11817932,33676,33686,10
12.92352009,80.1188736,33686,33696,10
12.92341995,80.11961365,33696,33706,10
12.92331982,80.12030029,33706,33716,10
12.92329979,80.12082672,33716,33726,10
12.92331982,80.12120056,33726,33735,9
12.92333984,80.12142944,33735,34485,750
12.92350006,80.12149811,34485,34707,222
12.92331982,80.12145233,34707,35141,434
12.92331982,80.12145233,35141,35151,10
12.92325974,80.12168121,35151,35161,10
12.92323971,80.12225342,35161,35172,11
12.92319012,80.12303925,35172,35182,10
12.92315006,80.12387085,35182,35192,10
12.92310047,80.12476349,35192,35202,10
12.92306995,80.12541962,35202,35222,20
12.92306995,80.12541962,35222,35232,10
12.92304993,80.12571716,35232,35242,10
12.92302036,80.12606049,35242,35252,10
12.92300987,80.12664032,35252,35262,10
12.92298031,80.127388,35262,35273,11
12.92298985,80.12805939,35273,35283,10
12.92294025,80.12882996,35283,35293,10
12.92286968,80.12957001,35293,35303,10
12.92284012,80.13037872,35303,35313,10
12.92284012,80.13105774,35313,35323,10
12.92282009,80.13124847,35323,35333,10
12.92278004,80.13176727,35333,35343,10
12.92273998,80.13252258,35343,35353,10
12.92269993,80.13334656,35353,35363,10
12.9226799,80.13417816,35363,35374,11
12.92263031,80.13506317,35374,35384,10
12.92259979,80.13581848,35384,35394,10
12.92255974,80.13659668,35394,35403,9
12.92251968,80.13742065,35403,35414,11
12.92247963,80.13845062,35414,35424,10
12.92241955,80.13938904,35424,35434,10
12.92241955,80.14009857,35434,35444,10
12.92245007,80.14057922,35444,35454,10
12.92245007,80.14122772,35454,35464,10
12.9224596,80.14190674,35464,35475,11
12.92251968,80.14259338,35475,35515,40
12.92251968,80.14259338,35515,35525,10
12.92261028,80.1428833,35525,35535,10
12.92263031,80.14335632,35535,35545,10
12.92263031,80.1435318,35545,35555,10
12.92263031,80.14359283,35555,35566,11
12.92259026,80.14411926,35566,35576,10
12.92261982,80.1448822,35576,35586,10
12.92269993,80.14581299,35586,35596,10
12.92271042,80.14659119,35596,35606,10
12.92271996,80.14707947,35606,35616,10
12.92273998,80.14723969,35616,35626,10
12.92271996,80.14749146,35626,35636,10
12.92269039,80.14797211,35636,35646,10
12.9226799,80.14874268,35646,35656,10
12.92271996,80.14981079,35656,35666,10
12.92273998,80.15084839,35666,35677,11
12.92276955,80.15135193,35677,35687,10
12.92278004,80.15135956,35687,35697,10
12.92278957,80.1516037,35697,35707,10
12.92280006,80.15207672,35707,35717,10
12.92294979,80.15277863,35717,35727,10
12.92315006,80.15366364,35727,35737,10
12.9233799,80.15442657,35737,35747,10
12.92339993,80.1545105,35747,35757,10
12.92345047,80.15470123,35757,35768,11
12.92354965,80.15514374,35768,35778,10
12.92370987,80.15582275,35778,35788,10
12.92368031,80.15677643,35788,35798,10
12.92354965,80.1578598,35798,35808,10
12.92346001,80.15898132,35808,35818,10
12.9233799,80.15994263,35818,35828,10
12.92333984,80.1602478,35828,35838,10
12.92329979,80.16040802,35838,35848,10
12.92311954,80.16095734,35848,35858,10
12.92286968,80.16175842,35858,35869,11
12.9225502,80.16271973,35869,35879,10
12.92222023,80.16374207,35879,35889,10
12.92187977,80.16477203,35889,35899,10
12.92152977,80.16586304,35899,35909,10
12.92119026,80.16697693,35909,35919,10
12.9208498,80.16809845,35919,35929,10
12.92051983,80.16915131,35929,35939,10
12.92020035,80.1701889,35939,35949,10
12.92000008,80.17086029,35949,35959,10
12.91993999,80.17105865,35959,35970,11
12.91977978,80.17153168,35970,35980,10
12.91958046,80.17224884,35980,35990,10
12.91932011,80.17315674,35990,35999,9
12.91907978,80.1740799,35999,36010,11
12.91878033,80.17532349,36010,36020,10
12.91847038,80.17648315,36020,36030,10
12.91825962,80.1776886,36030,36040,10
12.91872978,80.1786499,36040,36050,10
12.91930962,80.17954254,36050,36060,10
12.91959,80.18070984,36060,36071,11
12.91989994,80.18206024,36071,36081,10
12.92014027,80.18312073,36081,36091,10
12.92029953,80.18379211,36091,36131,40
12.92029953,80.18379211,36131,36141,10
12.92029953,80.18385315,36141,36157,16
12.92049026,80.18457794,36157,36169,12
12.9207201,80.18540192,36169,36180,11
12.92074013,80.18547058,36180,36189,9
12.9205904,80.18595123,36189,36200,11
12.92010975,80.18649292,36200,36210,10
12.91965961,80.18699646,36210,36220,10
12.91923046,80.18746185,36220,36230,10
12.91897964,80.18778229,36230,36240,10
12.91858006,80.18821716,36240,36249,9
12.91816998,80.18869781,36249,36260,11
12.91769981,80.18949127,36260,36271,11
12.91751957,80.19022369,36271,36281,10
12.91746044,80.19064331,36281,36291,10
12.9174099,80.19126129,36291,36301,10
12.91738033,80.1918335,36301,36311,10
12.91732979,80.1922226,36311,36321,10
12.91720963,80.19309998,36321,36341,20
12.91720963,80.19309998,36341,36351,10
12.91718006,80.1932373,36351,36361,10
12.91722012,80.1937027,36361,36371,10
12.91730022,80.19415283,36371,36382,11
12.9177599,80.1947403,36382,36392,10
12.91833019,80.19528198,36392,36402,10
12.91884995,80.19576263,36402,36412,10
12.91913986,80.19603729,36412,36422,10
12.91928005,80.19616699,36422,38289,1867
13.00848007,80.21334839,38289,38301,12
13.0090704,80.21408081,38301,38310,9
13.00955009,80.21479034,38310,38321,11
13.00994015,80.21528625,38321,38333,12
13.01047993,80.21601868,38333,38343,10
13.01076031,80.21668243,38343,38353,10
13.01105976,80.21742249,38353,38364,11
13.01144028,80.21845245,38364,38374,10
13.01185989,80.2195816,38374,38384,10
13.01222038,80.2206192,38384,38394,10
13.01243973,80.22123718,38394,38404,10
13.01261997,80.2215271,38404,38414,10
13.01290035,80.22197723,38414,38424,10
13.01327038,80.22236633,38424,38434,10
13.01360035,80.22280121,38434,38444,10
13.0138998,80.22316742,38444,38454,10
13.01403999,80.22335815,38454,38465,11
13.01422024,80.22357941,38465,38475,10
13.01455975,80.22389221,38475,38485,10
13.01494026,80.22432709,38485,38495,10
13.01543999,80.22485352,38495,38515,20
13.01543999,80.22485352,38515,38525,10
13.01564026,80.22509766,38525,38535,10
13.01618958,80.22531128,38535,38545,10
13.01698017,80.2250824,38545,38561,16
13.01836014,80.22451782,38561,38574,13
13.01914024,80.22429657,38574,38584,10
13.01949978,80.22438049,38584,38594,10
13.01972008,80.22450256,38594,38603,9
13.0199604,80.22467804,38603,38614,11
13.02050972,80.2250824,38614,38624,10
13.02089977,80.2253418,38624,38632,8
13.02128983,80.22566223,38632,38646,14
13.02186012,80.22606659,38646,38656,10
13.02186012,80.22605896,38656,38667,11
13.02212048,80.22624207,38667,38677,10
13.02248955,80.22657776,38677,38687,10
13.02299023,80.22704315,38687,38697,10
13.02346039,80.22750092,38697,38707,10
13.02375984,80.22772217,38707,38717,10
13.02390003,80.22783661,38717,38740,23
13.02449036,80.2286377,38740,38752,12
13.02478981,80.22910309,38752,38762,10
13.02509975,80.22952271,38762,38773,11
13.02563953,80.2301712,38773,38793,20
13.02563953,80.2301712,38793,38803,10
13.02571011,80.23032379,38803,38813,10
13.02585983,80.23062134,38813,38823,10
13.02591991,80.23085785,38823,38833,10
13.02600002,80.23123932,38833,38843,10
13.02651978,80.23123169,38843,38853,10
13.02729034,80.23104095,38853,38864,11
13.02799034,80.23092651,38864,38874,10
13.02810955,80.23090363,38874,38884,10
13.02826977,80.23090363,38884,38893,9
13.02896976,80.23087311,38893,38985,92
13.02896976,80.23087311,38985,38995,10
13.0292902,80.23079681,38995,39005,10
13.02958012,80.2307663,39005,39021,16
13.02987957,80.23074341,39021,39033,12
13.0301199,80.23072052,39033,39043,10
13.03044033,80.23069763,39043,39053,10
13.03075981,80.23068237,39053,39063,10
13.03096962,80.23066711,39063,39074,11
13.03133011,80.2306366,39074,39084,10
13.03197956,80.23059845,39084,39094,10
13.03256989,80.23056793,39094,39104,10
13.03287983,80.23053741,39104,39114,10
13.0336504,80.23049927,39114,39134,20
13.0336504,80.23049927,39134,39144,10
13.0340004,80.23043823,39144,39154,10
13.03446007,80.23033905,39154,39175,21
13.03446007,80.23033905,39175,39185,10
13.03479004,80.23023987,39185,39205,20
13.03479004,80.23023987,39205,39215,10
13.0349102,80.23000336,39215,39225,10
13.03456974,80.22988129,39225,39609,384
13.03452969,80.22994232,39609,39922,313
13.03452969,80.22994232,39922,39932,10
13.03421974,80.23000336,39932,39942,10
13.03417015,80.23032379,39942,39962,20
13.03417015,80.23032379,39962,39973,11
13.03390026,80.23045349,39973,39983,10
13.03349972,80.23046112,39983,39993,10
13.03297043,80.23052216,39993,40003,10
13.0323,80.23059082,40003,40013,10
13.03186035,80.23062897,40013,40053,40
13.03186035,80.23062897,40053,40063,10
13.03170013,80.23062897,40063,40074,11
13.0313797,80.23066711,40074,40084,10
13.03098011,80.23071289,40084,40142,58
13.03098011,80.23071289,40142,40152,10
13.03077984,80.2307663,40152,40162,10
13.03036976,80.2307663,40162,40173,11
13.02978039,80.23082733,40173,40183,10
13.02912045,80.23088074,40183,40193,10
13.02836037,80.23097992,40193,40203,10
13.02770996,80.23101807,40203,40213,10
13.02764034,80.23135376,40213,40221,8
13.02770042,80.23187256,40221,40233,12
13.02783966,80.23274994,40233,40243,10
13.02688026,80.23296356,40243,40274,31
13.02682018,80.23300934,40274,40304,30
13.02682018,80.23300934,40304,40314,10
13.02674961,80.23298645,40314,40324,10
13.02645016,80.23297882,40324,40334,10
13.02620029,80.23249054,40334,40344,10
13.02598,80.23171997,40344,40353,9
13.02577972,80.23085785,40353,40364,11
13.02515984,80.22975922,40364,40375,11
13.02462006,80.22904205,40375,40385,10
13.02453041,80.22894287,40385,40395,10
13.02439976,80.2287674,40395,40405,10
13.02420998,80.22853088,40405,40415,10
13.02387047,80.22814178,40415,40425,10
13.02342987,80.22769165,40425,40435,10
13.02320957,80.22754669,40435,40445,10
13.02299023,80.22738647,40445,40455,10
13.02285957,80.22728729,40455,40465,10
13.02260017,80.22691345,40465,40476,11
13.0220499,80.22640991,40476,40486,10
13.02132034,80.22583008,40486,40496,10
13.02046013,80.22521973,40496,40506,10
13.0198698,80.22483826,40506,40526,20
13.0198698,80.22483826,40526,40536,10
13.01982021,80.22480774,40536,40546,10
13.0194397,80.224617,40546,40556,10
13.01865959,80.22457123,40556,40566,10
13.01770973,80.22493744,40566,40577,11
13.01659966,80.22537994,40577,40587,10
13.01581955,80.22566223,40587,40597,10
13.0149498,80.22601318,40597,40607,10
13.01414967,80.22631836,40607,40617,10
13.01331043,80.22663879,40617,40627,10
13.01237965,80.22698975,40627,40637,10
13.01130009,80.22740173,40637,40647,10
13.0102396,80.22782135,40647,40657,10
13.00946999,80.22769928,40657,40667,10
13.00981998,80.22682953,40667,40678,11
13.0102396,80.22589874,40678,40688,10
13.01058006,80.22512054,40688,40698,10
13.01088047,80.22442627,40698,40708,10
13.01105976,80.22393799,40708,40724,16
13.01123047,80.22355652,40724,40736,12
13.01119995,80.22315216,40736,40746,10
13.01060009,80.2228775,40746,40756,10
13.00983047,80.22245789,40756,40766,10
13.00891972,80.22199249,40766,40777,11
13.0079298,80.22145844,40777,40786,9
13.00714016,80.22106171,40786,40797,11
13.00640011,80.22071838,40797,40808,11
13.00555038,80.22049713,40808,40817,9
13.00473022,80.22029877,40817,40828,11
13.00395012,80.22010803,40828,40838,10
13.00296974,80.21984863,40838,40848,10
13.00216007,80.21926117,40848,40858,10
13.00152969,80.2186203,40858,40868,10
13.00094986,80.21822357,40868,40879,11
13.00030041,80.2177887,40879,40889,10
12.99962044,80.21736145,40889,40899,10
12.99872017,80.21688843,40899,40909,10
12.99775982,80.21656036,40909,40919,10
12.9972496,80.21652985,40919,40929,10
12.99662018,80.21656036,40929,40939,10
12.99588013,80.21669006,40939,40949,10
12.99522972,80.21691895,40949,40959,10
12.9948597,80.21714783,40959,40969,10
12.99429989,80.21753693,40969,40980,11
12.99372005,80.2179718,40980,40989,9
12.99316025,80.21835327,40989,41000,11
12.99267006,80.21871948,41000,41010,10
12.99205971,80.21916962,41010,41020,10
12.99139977,80.21968079,41020,41030,10
12.99083996,80.22006989,41030,41040,10
12.99036026,80.22046661,41040,41050,10
12.98981953,80.22097015,41050,41060,10
12.98925972,80.22164917,41060,41071,11
12.98869038,80.22229767,41071,41081,10
12.98808956,80.22284698,41081,41091,10
12.98775959,80.22306061,41091,41101,10
12.98762035,80.22312164,41101,41111,10
12.98727989,80.22310638,41111,41121,10
12.98700047,80.2230835,41121,41131,10
12.98666,80.22299957,41131,41141,10
12.98620033,80.22299194,41141,41151,10
12.98569965,80.22306061,41151,41161,10
12.98528957,80.22328949,41161,41171,10
12.98470974,80.2231369,41171,41182,11
12.9841404,80.22281647,41182,41192,10
12.98396969,80.22271729,41192,41202,10
12.98367977,80.22257233,41202,41212,10
12.98340034,80.22236633,41212,41222,10
12.98326015,80.22229004,41222,41232,10
12.98318005,80.22223663,41232,41242,10
12.97249985,80.21949768,41242,45886,4644
12.97249985,80.21949768,45886,45899,13
12.97282028,80.21961212,45899,45909,10
12.97305965,80.21970367,45909,45919,10
12.97325039,80.21977234,45919,45929,10
12.97350025,80.21990204,45929,45958,29
12.97350025,80.21990204,45958,45969,11
12.97367954,80.22001648,45969,46010,41
12.97367954,80.22001648,46010,46020,10
12.97391987,80.22013855,46020,46030,10
12.97422981,80.22032166,46030,46040,10
12.97461033,80.22057343,46040,46050,10
12.97496033,80.22065735,46050,46060,10
12.97523022,80.22068787,46060,46070,10
12.97548008,80.22052002,46070,46080,10
12.97572994,80.22028351,46080,46091,11
12.97612,80.220047,46091,46101,10
12.97622013,80.21997833,46101,46111,10
12.9766798,80.21981049,46111,46121,10
12.9773798,80.21955109,46121,46131,10
12.97821999,80.21920013,46131,46141,10
12.97883034,80.21897125,46141,46151,10
12.97951984,80.21869659,46151,46161,10
12.98003006,80.21849823,46161,46171,10
12.98036957,80.2183609,46171,46181,10
12.98099041,80.21814728,46181,46192,11
12.98180962,80.21790314,46192,46201,9
12.9822998,80.21784973,46201,46212,11
12.98301983,80.21785736,46212,46222,10
12.98363972,80.2178421,46222,46232,10
12.98383999,80.2178421,46232,46242,10
12.98418999,80.21782684,46242,46252,10
12.9848299,80.21781921,46252,46262,10
12.98567009,80.21787262,46262,46272,10
12.98655987,80.21807098,46272,46282,10
12.98727989,80.21823883,46282,46293,11
12.98822975,80.21842957,46293,46303,10
12.98910046,80.21868896,46303,46313,10
12.98948002,80.21880341,46313,46323,10
12.9898901,80.21893311,46323,46333,10
12.9905901,80.21916199,46333,46343,10
12.99135017,80.21936035,46343,46353,10
12.99145985,80.21938324,46353,46363,10
12.99180984,80.21930695,46363,46373,10
12.99234009,80.21891022,46373,46383,10
12.99300957,80.21839905,46383,46394,11
12.9938097,80.21779633,46394,46404,10
12.99440002,80.21737671,46404,46413,9
12.9948597,80.21704865,46413,46423,10
12.99543953,80.21672821,46423,46434,11
12.99617004,80.21652222,46434,46444,10
12.99701977,80.21643066,46444,46454,10
12.99742985,80.21608734,46454,46464,10
12.99746037,80.21607208,46464,46474,10
12.99773026,80.21588135,46474,46484,10
12.99818039,80.21549225,46484,46495,11
12.99884033,80.21494293,46495,46505,10
12.99917984,80.21463776,46505,46515,10
12.99958992,80.21425629,46515,46525,10
13.00008011,80.21383667,46525,46534,9
13.00057983,80.21336365,46534,46545,11
13.00123978,80.21282959,46545,46555,10
13.0019598,80.21231842,46555,46565,10
13.00255966,80.21208191,46565,46575,10
13.00331974,80.21205139,46575,46585,10
13.00399971,80.21202087,46585,46596,11
13.00438976,80.2121582,46596,46606,10
13.00485039,80.21240997,46606,46616,10
13.00543976,80.21278381,46616,46626,10
13.00615025,80.21276855,46626,46636,10
13.0067997,80.21269989,46636,46646,10
13.0078001,80.2130127,46646,46697,51
13.0078001,80.2130127,46697,46707,10
13.00815964,80.21324921,46707,46717,10
13.0086298,80.21356201,46717,46727,10
13.00911999,80.2142334,46727,46737,10
13.00955963,80.21488953,46737,46747,10
13.00996971,80.2154007,46747,46757,10
13.01056004,80.21598816,46757,46767,10
13.01082039,80.21681976,46767,46777,10
13.01119041,80.21772766,46777,46787,10
13.01154041,80.21877289,46787,46798,11
13.01194954,80.21997833,46798,46807,9
13.01222992,80.2207489,46807,46818,11
13.01245975,80.22123718,46818,46828,10
13.01261044,80.2215271,46828,46838,10
13.01292038,80.22203064,46838,46848,10
13.01329041,80.22245789,46848,46858,10
13.01371956,80.22296143,46858,46868,10
13.01399994,80.22332764,46868,46878,10
13.01422024,80.22360229,46878,46888,10
13.01453972,80.22386932,46888,46899,11
13.01506042,80.22454071,46899,46909,10
13.01552963,80.22496796,46909,46919,10
13.01554012,80.22499847,46919,46929,10
13.01580048,80.22525787,46929,46939,10
13.01644039,80.22528076,46939,46949,10
13.01720047,80.22501373,46949,46959,10
13.01809025,80.22464752,46959,46969,10
13.01902008,80.22434235,46969,46979,10
13.01947975,80.22440338,46979,46989,10
13.01990986,80.22463989,46989,47000,11
13.02035046,80.22496796,47000,47010,10
13.02071953,80.22522736,47010,47020,10
13.02112007,80.22556305,47020,47030,10
13.02157021,80.22589874,47030,47040,10
13.02194023,80.22614288,47040,47050,10
13.02198029,80.22618103,47050,47060,10
13.0222702,80.22644043,47060,47070,10
13.02274036,80.22686005,47070,47080,10
13.02324963,80.22734833,47080,47090,10
13.02373981,80.22782135,47090,47101,11
13.02427959,80.22843933,47101,47111,10
13.02460003,80.22889709,47111,47121,10
13.02503014,80.22943115,47121,47131,10
13.02546024,80.22997284,47131,47141,10
13.02565002,80.23023224,47141,47151,10
13.02581978,80.23056793,47151,47161,10
13.02591991,80.23082733,47161,47170,9
13.02595997,80.23108673,47170,47181,11
13.02616024,80.23124695,47181,47191,10
13.02674961,80.23110962,47191,47202,11
13.02711964,80.23103333,47202,47212,10
13.02742004,80.23097992,47212,47262,50
13.02742004,80.23097992,47262,47272,10
13.02785015,80.2309494,47272,47282,10
13.02822018,80.23090363,47282,47333,51
13.02822018,80.23090363,47333,47343,10
13.0285902,80.23088837,47343,47353,10
13.0289402,80.23087311,47353,47363,10
13.0292902,80.23082733,47363,47373,10
13.02976036,80.23075867,47373,47383,10
13.02993965,80.23074341,47383,47393,10
13.0302496,80.23071289,47393,47404,11
13.03061962,80.23068237,47404,47414,10
13.03094006,80.23065186,47414,47424,10
13.03118992,80.2306366,47424,47434,10
13.03168011,80.23059845,47434,47444,10
13.0318203,80.23059082,47444,47454,10
13.03219986,80.23055267,47454,47464,10
13.03279972,80.23049927,47464,47474,10
13.03314972,80.23047638,47474,47494,20
13.03314972,80.23047638,47494,47505,11
13.03353024,80.23046112,47505,47551,46
13.03353024,80.23046112,47551,47563,12
13.03404045,80.2303772,47563,47573,10
13.03421974,80.23036194,47573,47583,10
13.03474998,80.23023987,47583,47603,20
13.03474998,80.23023987,47603,47614,11
13.03491974,80.23023224,47614,47624,10
13.03505039,80.23018646,47624,47634,10
13.03477955,80.23027039,47634,47644,10
13.03435993,80.23036957,47644,47654,10
13.03384972,80.2304306,47654,47663,9
13.03314972,80.23046875,47663,47674,11
13.03225994,80.23055267,47674,47684,10
13.03155994,80.23062134,47684,47694,10
13.03092003,80.23068237,47694,47705,11
13.0307703,80.23071289,47705,47715,10
13.03044033,80.23074341,47715,47725,10
13.02987003,80.23079681,47725,47735,10
13.02956963,80.23084259,47735,47745,10
13.02902031,80.23088074,47745,47755,10
13.02826023,80.2309494,47755,47765,10
13.02777004,80.23101044,47765,47775,10
13.02766991,80.23146057,47775,47785,10
13.02772999,80.23204803,47785,47795,10
13.02775955,80.23275757,47795,47806,11
13.02686977,80.23294067,47806,47866,60
13.02686977,80.23294067,47866,47876,10
13.02674007,80.23304749,47876,47886,10
13.02641964,80.23297882,47886,47896,10
13.02624035,80.23246002,47896,47907,11
13.0261097,80.231987,47907,47917,10
13.0261097,80.23181915,47917,47927,10
13.02604008,80.23149872,47927,47937,10
13.02589989,80.23091125,47937,47947,10
13.0255003,80.23016357,47947,47957,10
13.02501965,80.22949982,47957,47967,10
13.02474976,80.22917938,47967,47977,10
13.02447033,80.2288208,47977,47987,10
13.02416992,80.22840881,47987,47997,10
13.02371979,80.2278595,47997,48008,11
13.02313042,80.22730255,48008,48018,10
13.0226202,80.22683716,48018,48028,10
13.0219698,80.22628021,48028,48038,10
13.02128029,80.22573853,48038,48048,10
13.02056026,80.2252121,48048,48058,10
13.0197897,80.2246933,48058,48068,10
13.01883984,80.22447968,48068,48078,10
13.01782036,80.22486115,48078,48088,10
13.01688004,80.22524261,48088,48098,10
13.01636982,80.22545624,48098,48109,11
13.01613998,80.22554016,48109,48119,10
13.01601982,80.22557068,48119,48129,10
13.01556015,80.22572327,48129,48139,10
13.01521969,80.2258606,48139,48149,10
13.01486969,80.22595978,48149,48159,10
13.01451969,80.22605896,48159,48169,10
13.01420021,80.22612762,48169,48179,10
13.01420021,80.22579193,48179,48189,10
13.01426983,80.22541046,48189,48199,10
13.01420021,80.22525024,48199,48321,122
13.01420021,80.22525024,48321,48331,10
13.01414967,80.22541046,48331,48501,170
13.01414967,80.22541046,48501,48513,12
13.01426029,80.22580719,48513,50361,1848
13.01426029,80.22580719,50361,50371,10
13.01416969,80.22598267,50371,50381,10
13.01418972,80.22615814,50381,50391,10
13.01418972,80.22624207,50391,50401,10
13.01383972,80.22637939,50401,50411,10
13.01319981,80.22663879,50411,50422,11
13.01229,80.22698975,50422,50432,10
13.01132011,80.22736359,50432,50442,10
13.01039982,80.22769928,50442,50452,10
13.00969982,80.22789001,50452,50462,10
13.00959969,80.22734833,50462,50472,10
13.00992966,80.22663879,50472,50482,10
13.01029015,80.22583771,50482,50492,10
13.01062965,80.22506714,50492,50502,10
13.01091957,80.22437286,50502,50512,10
13.01113033,80.22386169,50512,50523,11
13.0111599,80.22373199,50523,50533,10
13.01124954,80.22344208,50533,50543,10
13.01156998,80.22338104,50543,50553,10
13.01220036,80.22367859,50553,50563,10
13.01276016,80.22395325,50563,50573,10
13.01317978,80.22413635,50573,50583,10
13.01348972,80.22431946,50583,50593,10
13.01401043,80.224617,50593,50603,10
13.01457977,80.22492981,50603,50613,10
13.01494026,80.22512817,50613,50624,11
13.01533985,80.22528839,50624,50634,10
13.01587963,80.22531128,50634,50644,10
13.01657963,80.22527313,50644,50654,10
13.01737976,80.22496033,50654,50664,10
13.01819038,80.22463226,50664,50674,10
13.01900959,80.22434235,50674,50684,10
13.01970005,80.22450256,50684,50694,10
13.02050972,80.22509003,50694,50704,10
13.02099991,80.2254715,50704,50714,10
13.02143955,80.22580719,50714,50725,11
13.02202988,80.22625732,50725,50735,10
13.02266026,80.22679901,50735,50745,10
13.02324009,80.22731781,50745,50755,10
13.02365971,80.22769928,50755,50765,10
13.02396965,80.22801971,50765,50775,10
13.02429962,80.2283783,50775,50785,10
13.02455997,80.22879028,50785,50795,10
13.02484035,80.22920227,50795,50805,10
13.02532005,80.22982025,50805,50815,10
13.02581024,80.23062134,50815,56895,6080
12.93231964,80.20337677,56895,56905,10
12.93303013,80.20365143,56905,56916,11
12.9338398,80.20381165,56916,56928,12
12.93402958,80.20381165,56928,56938,10
12.93424988,80.2038269,56938,56948,10
12.93472958,80.2039032,56948,56957,9
12.93540955,80.2041626,56957,56968,11
12.93597984,80.20439148,56968,56978,10
12.93665981,80.20458221,56978,56987,9
12.93735981,80.20477295,56987,56997,10
12.93832016,80.20504761,56997,57008,11
12.93945026,80.20539856,57008,57019,11
12.9400301,80.20555878,57019,57029,10
12.94027042,80.2056427,57029,57039,10
12.94087029,80.20585632,57039,57049,10
12.94163036,80.20628357,57049,57059,10
12.94244003,80.20691681,57059,57069,10
12.94301987,80.20764923,57069,57079,10
12.94351006,80.20802307,57079,57089,10
12.94412041,80.20825195,57089,57100,11
12.94433975,80.20832825,57100,57110,10
12.94454002,80.20841217,57110,57120,10
12.9450798,80.20861053,57120,57130,10
12.94581985,80.20887756,57130,57140,10
12.94661999,80.209198,57140,57150,10
12.94734001,80.20948029,57150,57160,10
12.9479599,80.20973206,57160,57170,10
12.94851971,80.20995331,57170,57180,10
12.94925022,80.21028137,57180,57190,10
12.95024967,80.2106781,57190,57201,11
12.95145988,80.21115112,57201,57211,10
12.95252037,80.21154785,57211,57221,10
12.95314026,80.21179962,57221,57231,10
12.95378971,80.21205139,57231,57241,10
12.95460033,80.21238708,57241,57251,10
12.95553017,80.21276093,57251,57261,10
12.95635986,80.21308136,57261,57271,10
12.95730019,80.21343994,57271,57281,10
12.95835972,80.21385956,57281,57291,10
12.9592104,80.21418762,57291,57301,10
12.96004009,80.21453857,57301,57312,11
12.96088028,80.21486664,57312,57322,10
12.96172047,80.21518707,57322,57332,10
12.96253967,80.21550751,57332,57342,10
12.96325016,80.21578979,57342,57352,10
12.96358967,80.21592712,57352,57362,10
12.96413994,80.21617126,57362,57372,10
12.96487045,80.21647644,57372,57382,10
12.96566963,80.21679688,57382,57392,10
12.96636963,80.21707916,57392,57402,10
12.9669199,80.21730042,57402,57413,11
12.96755028,80.21755981,57413,57429,16
12.9679203,80.2177124,57429,57441,12
12.96864033,80.21800232,57441,57451,10
12.96959972,80.21838379,57451,57461,10
12.97064018,80.21877289,57461,57471,10
12.9711504,80.21891785,57471,57481,10
12.97115993,80.21893311,57481,57491,10
12.97154999,80.21911621,57491,57501,10
12.97218037,80.21938324,57501,57512,11
12.97307014,80.21974182,57512,57522,10
12.97387028,80.22006989,57522,57532,10
12.97457981,80.22036743,57532,57552,20
12.97480965,80.22045135,57552,57582,30
12.97480965,80.22045135,57582,57592,10
12.97506046,80.22058105,57592,57602,10
12.9752903,80.22062683,57602,57613,11
12.97560024,80.22035217,57613,57623,10
12.97574043,80.22025299,57623,57633,10
12.9759798,80.22016144,57633,57643,10
12.97649956,80.21985626,57643,57653,10
12.97723961,80.2195816,57653,57663,10
12.97811031,80.21920776,57663,57673,10
12.9786396,80.21896362,57673,57683,10
12.97926998,80.21872711,57683,57693,10
12.9800396,80.21843719,57693,57704,11
12.98112011,80.21804047,57704,57714,10
12.98202038,80.2178421,57714,57724,10
12.98231983,80.21782684,57724,57734,10
12.98276043,80.21785736,57734,57744,10
12.98348045,80.21782684,57744,57754,10
12.98383045,80.2177887,57754,57764,10
12.98402977,80.2177887,57764,57774,10
12.98441982,80.2177887,57774,57784,10
12.98501968,80.21779633,57784,57794,10
12.98581982,80.21787262,57794,57805,11
12.9867897,80.21807861,57805,57815,10
12.98748016,80.21824646,57815,57825,10
12.9881897,80.21839905,57825,57835,10
12.98898983,80.21862793,57835,57845,10
12.98989964,80.21893311,57845,57855,10
12.9907999,80.21920013,57855,57865,10
12.99125004,80.21933746,57865,57875,10
12.99147034,80.21942902,57875,57895,20
12.99147034,80.21942902,57895,57906,11
12.99155045,80.21943665,57906,57916,10
12.99190998,80.2192688,57916,57926,10
12.99248028,80.21884155,57926,57936,10
12.99314976,80.21835327,57936,57946,10
12.99363041,80.21798706,57946,57956,10
12.99394035,80.21775055,57956,57966,10
12.9942503,80.21753693,57966,57976,10
12.99462032,80.21727753,57976,57986,10
12.99466991,80.21724701,57986,57996,10
12.99479961,80.21711731,57996,58007,11
12.99520016,80.21688843,58007,58017,10
12.99569988,80.21662903,58017,58027,10
12.99606991,80.21659851,58027,58037,10
12.99625015,80.21656036,58037,58047,10
12.99645996,80.21652222,58047,58057,10
12.99678993,80.21646118,58057,58097,40
12.99678993,80.21646118,58097,58108,11
12.99717045,80.21645355,58108,58118,10
12.99748039,80.21616364,58118,58128,10
12.99754047,80.2161026,58128,58138,10
12.99765015,80.21598053,58138,58148,10
12.99798965,80.21569824,58148,58158,10
12.99851036,80.21523285,58158,58168,10
12.99905014,80.21476746,58168,58178,10
12.99934006,80.21450806,58178,58188,10
12.99973965,80.2141571,58188,58198,10
13.00030994,80.21366119,58198,58208,10
13.00090027,80.21312714,58208,58219,11
13.00174046,80.2125473,58219,58229,10
13.00261021,80.21215057,58229,58239,10
13.00349998,80.21205139,58239,58249,10
13.00393009,80.21201324,58249,58259,10
13.00450039,80.21222687,58259,58269,10
13.00510979,80.2125473,58269,58279,10
13.00586033,80.21286774,58279,58289,10
13.00650024,80.21269989,58289,58299,10
13.0072298,80.21276093,58299,58309,10
13.00769997,80.21291351,58309,58319,10
13.00778008,80.21296692,58319,58330,11
13.00786018,80.21307373,58330,58340,10
13.00829029,80.21330261,58340,58350,10
13.0087204,80.21367645,58350,58360,10
13.00920963,80.21431732,58360,58370,10
13.00965023,80.21498108,58370,58380,10
13.01012039,80.2155838,58380,58390,10
13.01062012,80.21621704,58390,58401,11
13.01086044,80.21690369,58401,58411,10
13.01117039,80.21759796,58411,58421,10
13.01152039,80.21852875,58421,58431,10
13.01187992,80.21964264,58431,58441,10
13.01218033,80.2206192,58441,58451,10
13.01243019,80.22122955,58451,58461,10
13.01255989,80.22147369,58461,58471,10
13.01282024,80.22181702,58471,58481,10
13.01323986,80.22232819,58481,58491,10
13.01358986,80.22277832,58491,58502,11
13.01389027,80.22319794,58502,58512,10
13.01416969,80.22351074,58512,58522,10
13.01439953,80.22382355,58522,58532,10
13.01480007,80.22429657,58532,58542,10
13.0151701,80.22473907,58542,58552,10
13.01525021,80.22483826,58552,58562,10
13.01537991,80.22489929,58562,58572,10
13.01546955,80.22493744,58572,58582,10
13.01566982,80.22509766,58582,58592,10
13.01616001,80.22528076,58592,58602,10
13.01694012,80.2250824,58602,58613,11
13.01782036,80.22473145,58613,58623,10
13.01873016,80.22438812,58623,58633,10
13.01949978,80.22438049,58633,58643,10
13.01988029,80.22460175,58643,58653,10
13.02040005,80.22499847,58653,58663,10
13.02087975,80.22531891,58663,58673,10
13.0213604,80.22572327,58673,58683,10
13.02171993,80.22601318,58683,58693,10
13.02194977,80.2261734,58693,58704,11
13.02206993,80.22625732,58704,58714,10
13.02239037,80.22660828,58714,58724,10
13.02293015,80.2270813,58724,58734,10
13.0235796,80.22766876,58734,58744,10
13.02416992,80.22827911,58744,58754,10
13.02458,80.22878265,58754,58764,10
13.02474022,80.22902679,58764,58774,10
13.02490997,80.22927856,58774,58784,10
13.02509022,80.22949219,58784,58794,10
13.02534008,80.22978973,58794,58804,10
13.02550983,80.2299881,58804,58815,11
13.02571011,80.23032379,58815,58885,70
13.02571011,80.23032379,58885,58895,10
13.02579975,80.2305603,58895,58905,10
13.02587032,80.23069763,58905,58916,11
13.02589989,80.23081207,58916,58926,10
13.02597046,80.23111725,58926,58936,10
13.02616024,80.23133087,58936,58946,10
13.02672005,80.23117065,58946,58956,10
13.02750015,80.23097229,58956,58966,10
13.02812004,80.23094177,58966,58976,10
13.02847004,80.23090363,58976,58986,10
13.02915955,80.23085785,58986,59037,51
13.02915955,80.23085785,59037,59047,10
13.02923965,80.23081207,59047,59057,10
13.02958012,80.23078156,59057,59067,10
13.03013992,80.23075104,59067,59077,10
13.03065014,80.23071289,59077,59087,10
13.0311203,80.23065948,59087,59097,10
13.03160954,80.23062134,59097,59108,11
13.0323801,80.23059082,59108,59118,10
13.03299999,80.2305603,59118,59126,8
13.03324032,80.23053741,59126,59138,12
13.0335598,80.23052216,59138,59148,10
13.03392029,80.23049164,59148,59158,10
13.03417015,80.23046875,59158,59168,10
13.03483009,80.2303009,59168,59249,81
13.03483009,80.2303009,59249,59259,10
13.03493977,80.23007965,59259,59269,10
13.03466988,80.22995758,59269,59530,261
13.0344696,80.22982788,59530,60039,509
13.0344696,80.22982788,60039,60049,10
13.03417969,80.23002625,60049,60079,30
13.03417969,80.23023224,60079,60170,91
13.03417969,80.23023224,60170,60180,10
13.03388977,80.23049927,60180,60190,10
13.03347015,80.23052979,60190,60206,16
13.03232956,80.23062897,60206,60219,13
13.03110981,80.23075104,60219,60249,30
13.03110981,80.23075104,60249,60259,10
13.03079987,80.23075867,60259,60269,10
13.03048992,80.23078156,60269,60279,10
13.02980042,80.23085785,60279,60310,31
13.02980042,80.23085785,60310,60320,10
13.02935982,80.23087311,60320,60330,10
13.02877998,80.23092651,60330,60340,10
13.02803993,80.23101044,60340,60350,10
13.02762032,80.23110199,60350,60360,10
13.02764034,80.23140717,60360,60369,9
13.02772045,80.23201752,60369,60380,11
13.02785015,80.23265839,60380,60390,10
13.02742004,80.23287201,60390,60400,10
13.02692032,80.23297882,60400,60471,71
13.02692032,80.23297882,60471,60481,10
13.02665997,80.23298645,60481,60491,10
13.02637959,80.23291016,60491,60501,10
13.02620983,80.2324295,60501,60512,11
13.02612972,80.23210144,60512,60522,10
13.02602959,80.23171997,60522,60532,10
13.02591991,80.23127747,60532,60542,10
13.02569008,80.23061371,60542,60552,10
13.02525997,80.2299118,60552,60562,10
13.02458954,80.22904968,60562,60592,30
13.02458954,80.22904968,60592,60602,10
13.02449989,80.22892761,60602,60613,11
13.02433968,80.22868347,60613,60623,10
13.02414989,80.22846222,60623,60633,10
13.02387047,80.22815704,60633,60643,10
13.02340031,80.22766113,60643,60653,10
13.02301979,80.22740936,60653,60663,10
13.02295017,80.22736359,60663,60673,10
13.02278042,80.22724152,60673,60683,10
13.02256966,80.22695923,60683,60703,20
13.02256966,80.22695923,60703,60714,11
13.02247047,80.22672272,60714,60724,10
13.02210045,80.22640228,60724,60734,10
13.02151966,80.22595215,60734,60744,10
13.02095985,80.22551727,60744,60754,10
13.02023983,80.22503662,60754,60764,10
13.01933002,80.22450256,60764,60774,10
13.01819038,80.22473907,60774,60784,10
13.01710987,80.22518921,60784,60794,10
13.01646996,80.2254715,60794,60804,10
13.01607037,80.22563171,60804,60815,11
13.01548004,80.22583008,60815,60825,10
13.01486015,80.22608185,60825,60835,10
13.01432991,80.2263031,60835,60855,20
13.01432991,80.2263031,60855,60865,10
13.0139904,80.22640228,60865,60875,10
13.01338959,80.22660065,60875,60885,10
13.01261044,80.22689819,60885,60895,10
13.01167011,80.22727203,60895,60905,10
13.01062012,80.22767639,60905,60916,11
13.00957966,80.2278595,60916,60926,10
13.00967979,80.22724915,60926,60936,10
13.01002979,80.22651672,60936,60946,10
13.01039028,80.22572327,60946,60956,10
13.01054955,80.22528839,60956,60966,10
13.01074982,80.22483063,60966,60976,10
13.01101017,80.22419739,60976,60986,10
13.01134014,80.22341919,60986,61017,31
13.01134014,80.22341919,61017,61027,10
13.01140976,80.22319031,61027,61037,10
13.01152039,80.22293091,61037,61047,10
13.01173019,80.22238159,61047,61057,10
13.01204967,80.22155762,61057,61067,10
13.01202011,80.22068024,61067,61077,10
13.01171017,80.21968079,61077,61093,16
13.01109982,80.2179718,61093,61105,12
13.01076031,80.21710205,61105,61116,11
13.01056004,80.21659851,61116,61126,10
13.0102396,80.2161026,61126,61136,10
13.00992012,80.21540833,61136,61144,8
13.00959969,80.21489716,61144,61157,13
13.00899982,80.21412659,61157,61167,10
13.00854969,80.21359253,61167,61187,20
13.00854969,80.21359253,61187,61197,10
13.00841045,80.21347809,61197,61207,10
13.00823975,80.21337891,61207,61228,21
13.00800037,80.21327209,61228,61284,56
13.00800037,80.21327209,61284,61294,10
13.00778008,80.21307373,61294,61304,10
13.00765991,80.21298218,61304,61314,10
13.0073204,80.21283722,61314,61325,11
13.00677013,80.21276093,61325,61335,10
13.00607967,80.2129364,61335,61345,10
13.00535965,80.21278381,61345,61355,10
13.00467968,80.21237946,61355,61365,10
13.00384998,80.21211243,61365,61375,10
13.00325012,80.21209717,61375,61385,10
13.00261021,80.21212769,61385,61394,9
13.00214005,80.21231842,61394,61404,10
13.0016098,80.21269226,61404,61416,12
13.0012598,80.21295166,61416,61426,10
13.00086021,80.21327209,61426,61436,10
13.00039959,80.21370697,61436,61446,10
12.99991035,80.21417236,61446,61486,40
12.99991035,80.21417236,61486,61496,10
12.99967003,80.2143631,61496,61506,10
12.99925995,80.21469879,61506,61517,11
12.99895954,80.21495819,61517,61527,10
12.99853992,80.21533203,61527,61537,10
12.99761963,80.21611786,61537,61557,20
12.99761963,80.21611786,61557,61567,10
12.99748993,80.21624756,61567,61577,10
12.99736023,80.21640015,61577,61587,10
12.9972496,80.21652222,61587,61597,10
12.99687958,80.21655273,61597,61607,10
12.99625969,80.21662903,61607,61618,11
12.99577999,80.21672058,61618,61628,10
12.99549961,80.21681213,61628,61638,10
12.99547958,80.21681976,61638,61648,10
12.99536991,80.21687317,61648,61658,10
12.99526024,80.21692657,61658,61668,10
12.99516964,80.21697998,61668,61678,10
12.99497986,80.21711731,61678,61688,10
12.99462032,80.21739197,61688,61698,10
12.9941597,80.21772766,61698,61708,10
12.99363041,80.21810913,61708,61719,11
12.99295044,80.21859741,61719,61729,10
12.99232006,80.21906281,61729,61739,10
12.99170017,80.21952057,61739,61749,10
12.9912796,80.21981812,61749,61759,10
12.99083996,80.22016144,61759,61769,10
12.99079037,80.22019958,61769,61779,10
12.99069977,80.22026062,61779,61789,10
12.99038982,80.22049713,61789,61799,10
12.98987961,80.22096252,61799,61809,10
12.98935986,80.22160339,61809,61820,11
12.9887104,80.2223587,61820,61830,10
12.98803997,80.22293854,61830,61840,10
12.98738956,80.22309875,61840,61850,10
12.98684978,80.22303772,61850,61860,10
12.98639965,80.22296906,61860,61870,10
12.98581982,80.22299957,61870,61880,10
12.98542976,80.22329712,61880,61890,10
12.98491955,80.22318268,61890,61900,10
12.98445034,80.22293854,61900,61910,10
12.98406029,80.22270966,61910,61921,11
12.9836998,80.22251129,61921,61931,10
12.98340034,80.22231293,61931,61941,10
12.98336983,80.22228241,61941,61951,10
12.98328972,80.22222137,61951,61961,10
12.98303986,80.22203827,61961,61971,10
12.9826498,80.22187805,61971,61981,10
12.98227978,80.22177887,61981,61991,10
12.98192024,80.22154236,61991,62001,10
12.98145962,80.22125244,62001,62012,11
12.98087025,80.22106171,62012,62022,10
12.98036003,80.22107697,62022,62032,10
12.9797802,80.22112274,62032,62042,10
12.97908974,80.22115326,62042,62052,10
12.97830963,80.22119141,62052,62062,10
12.97747993,80.22122955,62062,62072,10
12.97665977,80.22125244,62072,62082,10
12.97599983,80.22131348,62082,62112,30
12.97599983,80.22131348,62112,62123,11
12.97585964,80.22131348,62123,62133,10
12.97562027,80.22106934,62133,62143,10
12.97554016,80.2210083,62143,62153,10
12.97548008,80.22091675,62153,62163,10
12.97521019,80.2207489,62163,62173,10
12.97467995,80.22049713,62173,62183,10
12.97395992,80.22019958,62183,62193,10
12.97323036,80.21990204,62193,62203,10
12.97235966,80.21959686,62203,62213,10
12.97148037,80.21929932,62213,62224,11
12.97097015,80.21916199,62224,62234,10
12.97093964,80.2191391,62234,62244,10
12.97076035,80.21901703,62244,62260,16
12.96990967,80.21862793,62260,62272,12
12.96910954,80.2183075,62272,62282,10
12.96856976,80.21810913,62282,62290,8
12.96790981,80.21785736,62290,62302,12
12.9670496,80.21749878,62302,62312,10
12.96615982,80.21711731,62312,62323,11
12.96485043,80.2166214,62323,62333,10
12.96382046,80.21617889,62333,62343,10
12.96292019,80.21576691,62343,62353,10
12.96187973,80.21537018,62353,62363,10
12.96080017,80.21495819,62363,62373,10
12.95973015,80.21453857,62373,62383,10
12.95870972,80.21411896,62383,62393,10
12.95765018,80.21369934,62393,62403,10
12.95656013,80.21325684,62403,62413,10
12.95547009,80.21282959,62413,62424,11
12.95425987,80.21234894,62424,62434,10
12.95314026,80.21192169,62434,62444,10
12.95205021,80.21147156,62444,62454,10
12.95098019,80.21103668,62454,62464,10
12.94993973,80.21063995,62464,62474,10
12.94902039,80.21028137,62474,62484,10
12.94814014,80.20992279,62484,62494,10
12.9470396,80.20948029,62494,62504,10
12.94581985,80.20900726,62504,62514,10
12.94423962,80.20842743,62514,62535,21
12.94423962,80.20842743,62535,62545,10
12.94392014,80.20828247,62545,62555,10
12.94338036,80.20806122,62555,62565,10
12.9428196,80.20754242,62565,62575,10
12.94229984,80.20693207,62575,62585,10
12.94161034,80.20636749,62585,62595,10
12.94110966,80.20607758,62595,62605,10
12.94108963,80.20606995,62605,62616,11
12.94089031,80.20594025,62616,62626,10
12.94048023,80.20580292,62626,62636,10
12.93984985,80.20561981,62636,62646,10
12.93914032,80.20539093,62646,62656,10
12.93836975,80.20514679,62656,62666,10
12.93756008,80.20491791,62666,62676,10
12.93665981,80.20467377,62676,62686,10
12.93568039,80.20439911,62686,62696,10
12.9347496,80.20401764,62696,62706,10
12.93391037,80.20393372,62706,62717,11
12.93367958,80.20394135,62717,62727,10
12.93360043,80.20393372,62727,62737,10
12.93321991,80.2038269,62737,62747,10
12.93262959,80.20359039,62747,62757,10
12.93190002,80.20336914,62757,62767,10
12.93107033,80.20308685,62767,62777,10
12.93017006,80.20288849,62777,62787,10
12.92953014,80.20281982,62787,62797,10
12.92945004,80.20279694,62797,62807,10
12.92920017,80.20275879,62807,62818,11
12.92862988,80.20263672,62818,62828,10
12.92846012,80.20198822,62828,62838,10
12.9284296,80.20117188,62838,62848,10
12.92840958,80.20030212,62848,62858,10
12.9282198,80.1995163,62858,62868,10
12.92782021,80.19864655,62868,62878,10
12.92708015,80.19790649,62878,62888,10
12.92613983,80.19754791,62888,62898,10
12.92549038,80.1975174,62898,62908,10
12.92518997,80.19750214,62908,62919,11
12.92457008,80.19750977,62919,62929,10
12.92380047,80.19748688,62929,62939,10
12.92304039,80.19741058,62939,62949,10
12.92224979,80.19731903,62949,62959,10
12.92201996,80.19730377,62959,62969,10
12.92189026,80.19727325,62969,62979,10
12.92138004,80.19709778,62979,62989,10
12.92070007,80.19686127,62989,62999,10
12.91991997,80.19658661,62999,63010,11
12.91909027,80.19613647,63010,63020,10
12.91845036,80.19555664,63020,63031,11
12.91781998,80.19499969,63031,63041,10
12.9172802,80.19448853,63041,63061,20
12.9172802,80.19448853,63061,63071,10
12.91724014,80.19442749,63071,63081,10
12.91711998,80.19425964,63081,63091,10
12.91701984,80.19407654,63091,63101,10
12.91697979,80.19390106,63101,63111,10
12.91697979,80.19368744,63111,63122,11
12.91699028,80.19348145,63122,63132,10
12.91703033,80.19313812,63132,63142,10
12.91707993,80.19268036,63142,63152,10
12.91709995,80.19242096,63152,63162,10
12.91716003,80.1921463,63162,63172,10
12.91724968,80.1914978,63172,63202,30
12.91724968,80.1914978,63202,63212,10
12.91734028,80.19110107,63212,63223,11
12.91736984,80.19043732,63223,63233,10
12.91738987,80.19026947,63233,63243,10
12.91744995,80.18993378,63243,63253,10
12.91763973,80.18933105,63253,63263,10
12.91810036,80.18863678,63263,63273,10
12.91862011,80.18805695,63273,63283,10
12.91917038,80.18746185,63283,63293,10
12.91987038,80.18666077,63293,63303,10
12.92057991,80.18572235,63303,63313,10
12.92045021,80.18482971,63313,63324,11
12.92033958,80.18450165,63324,63334,10
12.92028999,80.18424225,63334,63343,9
12.92018032,80.18374634,63343,63354,11
12.91989994,80.18254089,63354,63435,81
12.91989994,80.18254089,63435,63445,10
12.91991043,80.18247223,63445,63455,10
12.9198103,80.18202972,63455,63465,10
12.91965008,80.18132782,63465,63475,10
12.91948032,80.18048859,63475,63485,10
12.91923046,80.17949677,63485,63495,10
12.9187603,80.1787796,63495,63505,10
12.91823959,80.17803955,63505,63515,10
12.91825008,80.17713165,63515,63526,11
12.91845989,80.17607117,63526,63536,10
12.91874027,80.17501068,63536,63546,10
12.9190197,80.17386627,63546,63556,10
12.91932011,80.17272186,63556,63566,10
12.91956043,80.17176056,63566,63576,10
12.91977978,80.17098236,63576,63586,10
12.9197998,80.17092133,63586,63602,16
12.91991997,80.170578,63602,63614,12
12.92020035,80.1697464,63614,63623,9
12.92045975,80.16889954,63623,63635,12
12.92088032,80.16755676,63635,63645,10
12.92125988,80.16638947,63645,63655,10
12.9216404,80.16525269,63655,63665,10
12.92195034,80.16428375,63665,63675,10
12.92226028,80.16322327,63675,63685,10
12.92247963,80.16252899,63685,63695,10
12.92269039,80.16188049,63695,63705,10
12.92311001,80.16055298,63705,63726,21
12.92311001,80.16055298,63726,63736,10
12.9231596,80.16040802,63736,63746,10
12.92325974,80.16017914,63746,63756,10
12.92333984,80.1595993,63756,63766,10
12.92343044,80.15872192,63766,63776,10
12.92352009,80.15756989,63776,63786,10
12.92362976,80.15641022,63786,63796,10
12.92337036,80.15496063,63796,63816,20
12.92337036,80.15496063,63816,63827,11
12.92335987,80.15486145,63827,63837,10
12.92327976,80.15441132,63837,63847,10
12.92310047,80.15371704,63847,63857,10
12.92292023,80.15306091,63857,63867,10
12.92282009,80.1526413,63867,63877,10
12.92273998,80.1522522,63877,63893,16
12.92265987,80.15128326,63893,63905,12
12.92263031,80.15023804,63905,63913,8
12.92261982,80.14955139,63913,63924,11
12.92257977,80.14904785,63924,63935,11
12.92257023,80.14824677,63935,63947,12
12.92253971,80.14742279,63947,63957,10
12.92251968,80.14701843,63957,63967,10
12.92251968,80.14698029,63967,63977,10
12.92253017,80.14653778,63977,63987,10
12.92251015,80.14573669,63987,63997,10
12.92247963,80.14483643,63997,64007,10
12.9224596,80.14363098,64007,64038,31
12.9224596,80.14363098,64038,64048,10
12.92247009,80.14350128,64048,64058,10
12.92245007,80.14308929,64058,64068,10
12.92243004,80.14253235,64068,64078,10
12.92240047,80.14206696,64078,64118,40
12.92240047,80.14206696,64118,64129,11
12.92238998,80.14163208,64129,64139,10
12.92236996,80.14100647,64139,64149,10
12.92236042,80.14034271,64149,64159,10
12.92236042,80.13957214,64159,64169,10
12.92238045,80.13867188,64169,64179,10
12.92245007,80.13771057,64179,64189,10
12.92249966,80.13668823,64189,64199,10
12.92251968,80.13578033,64199,64209,10
12.92251968,80.13513947,64209,64219,10
12.92253017,80.13488007,64219,64230,11
12.92255974,80.13424683,64230,64240,10
12.92259979,80.13343811,64240,64250,10
12.92263985,80.13253784,64250,64260,10
12.92265987,80.13169098,64260,64270,10
12.92267036,80.13127899,64270,64280,10
12.92269039,80.1309967,64280,64290,10
12.92273045,80.13040924,64290,64300,10
12.92276001,80.12986755,64300,64310,10
12.92280006,80.12935638,64310,64321,11
12.92288017,80.1286087,64321,64331,10
12.9229002,80.12780762,64331,64341,10
12.9229002,80.12703705,64341,64351,10
12.92290974,80.12615204,64351,64360,9
12.92294979,80.1255188,64360,64371,11
12.92298985,80.12467957,64371,64381,10
12.92300987,80.12374115,64381,64391,10
12.92306042,80.12264252,64391,64401,10
12.92310047,80.12168884,64401,64411,10
12.9231596,80.12090302,64411,64432,21
12.9231596,80.12090302,64432,64442,10
12.92321014,80.1205368,64442,64452,10
12.9232502,80.11992645,64452,64462,10
12.92327976,80.11923981,64462,64472,10
12.92327976,80.11856079,64472,64482,10
12.92335987,80.11794281,64482,64492,10
12.92341995,80.11740112,64492,64502,10
12.92343998,80.11701965,64502,64523,21
12.92343998,80.11701965,64523,64533,10
12.92345047,80.11688995,64533,64543,10
12.9236002,80.11695862,64543,64553,10
12.92354012,80.11730957,64553,64603,50
12.92354012,80.11730957,64603,64613,10
12.92333984,80.11730957,64613,64775,162
12.92348003,80.11746216,64775,65098,323
12.92348003,80.11746216,65098,65108,10
12.92346001,80.11743164,65108,65119,11
12.92356014,80.11772156,65119,65129,10
12.92354012,80.11813354,65129,65139,10
12.92350006,80.11868286,65139,65149,10
12.92346001,80.1192627,65149,65159,10
12.9233799,80.11985779,65159,65168,9
12.92331982,80.12036896,65168,65179,11
12.92327976,80.12078857,65179,65189,10
12.92331028,80.12094116,65189,65361,172
12.92331028,80.12094116,65361,65371,10
12.92327976,80.12119293,65371,65381,10
12.92323971,80.12164307,65381,65391,10
12.92321014,80.12232208,65391,65401,10
12.9231596,80.12319183,65401,65411,10
12.92311954,80.12422943,65411,65422,11
12.92308044,80.12503815,65422,65432,10
12.92302036,80.12535858,65432,65442,10
12.92302036,80.12539673,65442,65452,10
12.92298985,80.12552643,65452,65462,10
12.92298031,80.12586212,65462,65472,10
12.92296028,80.12650299,65472,65482,10
12.92294979,80.12719727,65482,65492,10
12.92292976,80.12761688,65492,65502,10
12.92292023,80.12808228,65502,65512,10
12.9229002,80.12837219,65512,65523,11
12.92288017,80.12857819,65523,65533,10
12.92286015,80.12898254,65533,65543,10
12.92282009,80.12970734,65543,65553,10
12.92278004,80.13046265,65553,65563,10
12.92278957,80.1311264,65563,65573,10
12.92278004,80.13123322,65573,65583,10
12.92275047,80.13168335,65583,65593,10
12.92271996,80.13246155,65593,65603,10
12.92267036,80.13349152,65603,65613,10
12.92261982,80.13456726,65613,65624,11
12.92257023,80.13559723,65624,65634,10
12.92251968,80.13664246,65634,65644,10
12.9224596,80.13762665,65644,65654,10
12.92241955,80.13845825,65654,65664,10
12.92238045,80.13916779,65664,65674,10
12.92238045,80.1399231,65674,65684,10
12.92238998,80.14028168,65684,65694,10
12.92238045,80.14066315,65694,65704,10
12.92240047,80.14138031,65704,65714,10
12.92243004,80.14218903,65714,65725,11
12.92247963,80.14279938,65725,65755,30
12.92247963,80.14279938,65755,65765,10
12.92249966,80.14285278,65765,65775,10
12.92253017,80.14330292,65775,65785,10
12.92253971,80.14364624,65785,65795,10
12.92251968,80.14369965,65795,65805,10
12.92251015,80.14411926,65805,65815,10
12.92253971,80.14492035,65815,65826,11
12.92259979,80.14613342,65826,65836,10
12.92261982,80.14710236,65836,65846,10
12.92263031,80.14730072,65846,65856,10
12.92263985,80.14746857,65856,65866,10
12.92261982,80.14791107,65866,65876,10
12.92259979,80.14865875,65876,65886,10
12.92265034,80.1496582,65886,65896,10
12.92269039,80.15080261,65896,65906,10
12.92273045,80.15174103,65906,65916,10
12.92284012,80.15261078,65916,65927,11
12.92311954,80.15367889,65927,65937,10
12.9233799,80.15460968,65937,65957,20
12.9233799,80.15460968,65957,65973,16
12.92339993,80.15474701,65973,65985,12
12.9235096,80.15519714,65985,65993,8
12.92364979,80.15574646,65993,66004,11
12.92366028,80.15670013,66004,66015,11
12.92356014,80.15769958,66015,66027,12
12.92343998,80.15894318,66027,66037,10
12.92337036,80.15991974,66037,66047,10
12.92327976,80.16036224,66047,66057,10
12.92325974,80.16042328,66057,66067,10
12.92313957,80.16078186,66067,66077,10
12.9229002,80.16155243,66077,66087,10
12.92253971,80.16262054,66087,66107,20
12.92253971,80.16262054,66107,66117,10
12.92249966,80.16272736,66117,66128,11
12.92232037,80.16332245,66128,66138,10
12.92203999,80.16414642,66138,66148,10
12.92169952,80.16522217,66148,66158,10
12.92133999,80.16635132,66158,66168,10
12.92096996,80.16750336,66168,66178,10
12.92061996,80.16864014,66178,66188,10
12.92028046,80.1697464,66188,66197,9
12.92002964,80.17053986,66197,66208,11
12.91991043,80.1709671,66208,66218,10
12.91985989,80.17106628,66218,66229,11
12.91977024,80.17134857,66229,66239,10
12.91961956,80.17186737,66239,66249,10
12.91942024,80.17259979,66249,66259,10
12.91917038,80.17346191,66259,66269,10
12.91891956,80.17449188,66269,66279,10
12.9186697,80.17559052,66279,66289,10
12.91845989,80.17640686,66289,66299,10
12.91841984,80.17666626,66299,66309,10
12.91839981,80.17672729,66309,66319,10
12.91833019,80.17717743,66319,66330,11
12.91833973,80.1780777,66330,66340,10
12.91891003,80.17887878,66340,66350,10
12.91940022,80.17987061,66350,66360,10
12.91963959,80.18097687,66360,66370,10
12.9198904,80.18203735,66370,66380,10
12.92006969,80.18292236,66380,66390,10
12.92022991,80.18348694,66390,66400,10
12.92031956,80.18373871,66400,66410,10
12.92033958,80.18383789,66410,66421,11
12.92039013,80.18418884,66421,66431,10
12.9204998,80.18470764,66431,66441,10
12.92061996,80.18524933,66441,66461,20
12.92061996,80.18524933,66461,66471,10
12.92066956,80.18557739,66471,66481,10
12.92047024,80.18608856,66481,66491,10
12.91996002,80.18663788,66491,66501,10
12.9194603,80.18720245,66501,66511,10
12.91899967,80.18772888,66511,66522,11
12.91851997,80.18824768,66522,66532,10
12.91802025,80.188797,66532,66542,10
12.91761971,80.18949127,66542,66552,10
12.91746998,80.19013977,66552,66562,10
12.91740036,80.1905365,66562,66572,10
12.91734028,80.19113922,66572,66582,10
12.91726971,80.19158173,66582,66592,10
12.91724014,80.19184113,66592,66602,10
12.91720009,80.19216919,66602,66612,10
12.91716003,80.19252014,66612,66623,11
12.91714001,80.19273376,66623,66643,20
12.91714001,80.19273376,66643,66653,10
12.91711998,80.19312286,66653,66673,20
12.91711998,80.19312286,66673,66683,10
12.91709042,80.19319916,66683,66693,10
12.91709042,80.19346619,66693,66703,10
12.91711998,80.1938324,66703,66713,10
12.91726017,80.19429779,66713,66724,11
12.91773033,80.19480896,66724,66734,10
12.91814041,80.1951828,66734,66744,10
12.91854,80.19554901,66744,66754,10
12.91889954,80.19589233,66754,66764,10
12.91938972,80.19625854,66764,66774,10
12.91994953,80.19651031,66774,66784,10
12.92043972,80.19667816,66784,66794,10
12.92078018,80.1967926,66794,66804,10
12.92111969,80.19690704,66804,66814,10
12.92162037,80.19709778,66814,66825,11
12.92222977,80.197258,66825,66835,10
12.92284012,80.19734955,66835,66845,10
12.92331982,80.19741821,66845,66855,10
12.9235096,80.19744873,66855,66865,10
12.92380047,80.19745636,66865,66875,10
12.92416,80.19745636,66875,66885,10
12.92469025,80.19745636,66885,66895,10
12.92510033,80.19744873,66895,66905,10
12.92529011,80.1974411,66905,66915,10
12.92568016,80.19744873,66915,66926,11
12.92628956,80.19754028,66926,66936,10
12.92689991,80.19774628,66936,66946,10
12.92743969,80.1980896,66946,66956,10
12.92784023,80.19859314,66956,66966,10
12.92815971,80.19918823,66966,66976,10
12.92840958,80.19992828,66976,66986,10
12.92848015,80.20072937,66986,66996,10
12.9285202,80.20146179,66996,67006,10
12.92854023,80.20205688,67006,67016,10
12.92870998,80.20259857,67016,67027,11
12.92928982,80.20269012,67027,67037,10
12.92940044,80.20272064,67037,67047,10
12.92973995,80.20278168,67047,67057,10
12.93012047,80.20281982,67057,67067,10
12.93045998,80.20288086,67067,67077,10
12.93060017,80.20291138,67077,67087,10
12.93078041,80.20294189,67087,67097,10
12.93113995,80.20304108,67097,67098,1
12.93118,80.20305634,67098,67138,40
12.93358994,80.20384216,67138,67148,10
12.9339304,80.20387268,67148,67158,10
12.93397999,80.20387268,67158,67168,10
12.93435955,80.20391083,67168,67178,10
12.9349699,80.20401764,67178,67188,10
12.93556023,80.20427704,67188,67198,10
12.93605042,80.20445251,67198,67208,10
12.93649006,80.20455933,67208,67219,11
12.93696976,80.20469666,67219,67235,16
12.9379797,80.20498657,67235,67245,10
12.93859959,80.20516968,67245,67255,10
12.93925953,80.20536804,67255,67265,10
12.93997002,80.20558167,67265,67285,20
12.93997002,80.20558167,67285,67295,10
12.94030952,80.20568848,67295,67305,10
12.94075966,80.20583344,67305,67315,10
12.94126034,80.20606232,67315,67326,11
12.94180965,80.2064209,67326,67336,10
12.94229984,80.20681763,67336,67346,10
12.94274044,80.20728302,67346,67356,10
12.94312,80.2077713,67356,67366,10
12.94363976,80.20809174,67366,67376,10
12.94421959,80.2082901,67376,67386,10
12.94431019,80.20832825,67386,67396,10
12.94470024,80.20848083,67396,67406,10
12.94534969,80.2087326,67406,67416,10
12.94610977,80.20903778,67416,67427,11
12.94694042,80.20937347,67427,67437,10
12.94758034,80.20961761,67437,67447,10
12.94806957,80.20982361,67447,67457,10
12.94861984,80.2100296,67457,67467,10
12.94923973,80.21027374,67467,67477,10
12.95044041,80.21073914,67477,67487,10
12.95147991,80.21115112,67487,67497,10
12.95242977,80.2115097,67497,67507,10
12.95300007,80.21173859,67507,67518,11
12.95370007,80.21202087,67518,67528,10
12.95450974,80.21234894,67528,67538,10
12.95534039,80.212677,67538,67548,10
12.95613003,80.21296692,67548,67557,9
12.95672989,80.21318817,67557,67568,11
12.95759964,80.21356201,67568,67578,10
12.95853996,80.21394348,67578,67588,10
12.95909977,80.21417236,67588,67598,10
12.95944023,80.21430206,67598,67608,10
12.96004009,80.21456146,67608,67619,11
12.96090031,80.21491241,67619,67629,10
12.96183968,80.21527863,67629,67639,10
12.96275043,80.21563721,67639,67649,10
12.96323013,80.21582031,67649,67659,10
12.9633503,80.21585846,67659,67669,10
12.96366024,80.21600342,67669,67679,10
12.96405983,80.21617889,67679,67689,10
12.96457958,80.21640015,67689,67699,10
12.96527958,80.21669006,67699,67709,10
12.96595001,80.21694183,67709,67720,11
12.96667957,80.21723175,67720,67730,10
12.96735001,80.21749878,67730,67740,10
12.96802998,80.21778107,67740,67750,10
12.96877956,80.21807861,67750,67760,10
12.96971989,80.21845245,67760,67770,10
12.97047043,80.21875,67770,67780,10
12.97085953,80.21881866,67780,67800,20
12.97085953,80.21881866,67800,67810,10
12.97101021,80.21884918,67810,67901,91
12.97101021,80.21884918,67901,67911,10
12.97144032,80.21906281,67911,67922,11
12.97171974,80.21917725,67922,67942,20
12.97171974,80.21917725,67942,67952,10
12.97194958,80.21927643,67952,67962,10
12.97208023,80.21933746,67962,67972,10
12.97235012,80.2194519,67972,68093,121
12.97235012,80.2194519,68093,68103,10
12.97268963,80.2195816,68103,68113,10
12.9728899,80.2196579,68113,68124,11
12.97315025,80.21977234,68124,68134,10
12.97348976,80.21988678,68134,68144,10
12.9737196,80.21997833,68144,68154,10
12.97393036,80.22007751,68154,68164,10
12.97432041,80.2203064,68164,68174,10
12.97459984,80.22045898,68174,68184,10
12.97472954,80.22052002,68184,68313,129
12.97472954,80.22052002,68313,68324,11
12.97507,80.22055817,68324,68333,9
12.97535992,80.22067261,68333,68344,11
12.97562981,80.22088623,68344,68354,10
12.97601986,80.22120667,68354,68374,20
12.97601986,80.22120667,68374,68384,10
12.97614002,80.22122955,68384,68394,10
12.97649956,80.22119141,68394,68404,10
12.97706032,80.22122192,68404,68414,10
12.97774029,80.22118378,68414,68425,11
12.97848034,80.221138,68425,68435,10
12.97910023,80.22109222,68435,68452,17
12.98013973,80.22102356,68452,68464,12
12.98091984,80.22097778,68464,68474,10
12.9815197,80.22123718,68474,68484,10
12.98209953,80.2216568,68484,68535,51
12.98209953,80.2216568,68535,68546,11
12.98248959,80.22180176,68546,68556,10
12.9826498,80.22187042,68556,68586,30
12.9826498,80.22187042,68586,68596,10
12.98303032,80.22200775,68596,68606,10
12.98324966,80.22219086,68606,68627,21
12.98340034,80.22228241,68627,68667,40
12.98340034,80.22228241,68667,68677,10
12.98381996,80.22251892,68677,68817,140
12.98381996,80.22251892,68817,68827,10
12.98414993,80.22274017,68827,68837,10
12.98433971,80.22283936,68837,68847,10
12.98451042,80.22293854,68847,68857,10
12.98482037,80.22312164,68857,68867,10
12.98532009,80.22328186,68867,68877,10
12.98569012,80.2230072,68877,68887,10
12.98626041,80.22293854,68887,68897,10
12.98684025,80.22299194,68897,68907,10
12.98717976,80.22303772,68907,68918,11
12.98781967,80.22299194,68918,68928,10
12.98832035,80.22261047,68928,68938,10
12.98878002,80.22215271,68938,68948,10
12.9891901,80.22167969,68948,68958,10
12.98945999,80.22132111,68958,68968,10
12.9898901,80.22071075,68968,68978,10
12.99032021,80.2203598,68978,68988,10
12.99040031,80.2203064,68988,68998,10
12.99081039,80.22000122,68998,69029,31
12.99081039,80.22000122,69029,69039,10
12.99094009,80.21988678,69039,69049,10
12.99116039,80.21971893,69049,69059,10
12.99143028,80.21949768,69059,69069,10
12.99192047,80.21916962,69069,69079,10
12.99234009,80.2188797,69079,69089,10
12.99260998,80.21868134,69089,69099,10
12.99285984,80.21852112,69099,69109,10
12.9931097,80.21829987,69109,69120,11
12.99347019,80.21804047,69120,69130,10
12.99370003,80.21788025,69130,69140,10
12.99386024,80.21775818,69140,69150,10
12.99411964,80.2175827,69150,69170,20
12.99411964,80.2175827,69170,69180,10
12.99431992,80.21742249,69180,69190,10
12.99454975,80.2172699,69190,69200,10
12.99483967,80.21707153,69200,69210,10
12.99522972,80.21681976,69210,69221,11
12.99584007,80.21659851,69221,69231,10
12.99650955,80.21647644,69231,69241,10
12.99687958,80.21643829,69241,69251,10
12.9968996,80.21643066,69251,69261,10
12.99711037,80.21643066,69261,69271,10
12.99738026,80.21617126,69271,69281,10
12.99750042,80.21605682,69281,69291,10
12.99761963,80.21595001,69291,69301,10
12.99800968,80.21560669,69301,69311,10
12.99857998,80.2151413,69311,69322,11
12.99909019,80.21469116,69322,69332,10
12.99944019,80.21440887,69332,69342,10
12.99989033,80.21401215,69342,69352,10
13.00039959,80.21356201,69352,69362,10
13.00098991,80.21304321,69362,69372,10
13.00156021,80.21260834,69372,69382,10
13.00191975,80.21237183,69382,69392,10
13.00238037,80.21212006,69392,69402,10
13.00296021,80.21205139,69402,69412,10
13.00354958,80.21201324,69412,69423,11
13.00399017,80.21202087,69423,69433,10
13.00456047,80.21224213,69433,69443,10
13.00508022,80.2125473,69443,69453,10
13.00562954,80.21285248,69453,69463,10
13.0061903,80.21276093,69463,69473,10
13.00675964,80.212677,69473,69483,10
13.0072298,80.21276093,69483,69513,30
13.0072298,80.21276093,69513,69524,11
13.00749016,80.21282196,69524,69554,30
13.00749016,80.21282196,69554,69564,10
13.00771046,80.21291351,69564,69574,10
13.0078001,80.21302032,69574,69584,10
13.00790024,80.21309662,69584,69594,10
13.00809002,80.21320343,69594,69604,10
13.0085001,80.21337128,69604,69615,11
13.00893021,80.21398163,69615,69625,10
13.00938034,80.21456909,69625,69635,10
13.0095396,80.21479797,69635,69645,10
13.00969982,80.2150116,69645,69655,10
13.0099802,80.2154007,69655,69665,10
13.01049042,80.21600342,69665,69675,10
13.01074028,80.21666718,69675,69685,10
13.01097965,80.21727753,69685,69695,10
13.01130962,80.21813965,69695,69705,10
13.01165962,80.21917725,69705,69716,11
13.01204014,80.2203064,69716,69726,10
13.01235008,80.22116852,69726,69736,10
13.01268959,80.22170258,69736,69746,10
13.01311016,80.22216797,69746,69756,10
13.01344967,80.22261047,69756,69766,10
13.01383018,80.22309875,69766,69776,10
13.01404953,80.2233963,69776,69786,10
13.0142498,80.22361755,69786,69796,10
13.01443958,80.22382355,69796,69806,10
13.01463985,80.22406006,69806,69817,11
13.01492977,80.22442627,69817,69827,10
13.01527023,80.22485352,69827,69847,20
13.01527023,80.22485352,69847,69857,10
13.0155201,80.22509766,69857,69867,10
13.0159502,80.22532654,69867,69877,10
13.01642036,80.22532654,69877,69887,10
13.01706028,80.22511292,69887,69897,10
13.01782036,80.22480011,69897,69907,10
13.01858997,80.22447968,69907,69918,11
13.01945972,80.22438049,69918,69938,20
13.01945972,80.22438049,69938,69948,10
13.01955032,80.22442627,69948,69958,10
13.01990986,80.2246933,69958,69968,10
13.02038956,80.22502899,69968,69978,10
13.02093029,80.22541046,69978,69988,10
13.02153015,80.22588348,69988,69998,10
13.0219202,80.22612762,69998,70008,10
13.0219202,80.22614288,70008,70019,11
13.02221966,80.22641754,70019,70029,10
13.02256012,80.22669983,70029,70039,10
13.02287006,80.22699738,70039,70049,10
13.02299976,80.22715759,70049,70059,10
13.0230999,80.22727966,70059,70069,10
13.02328014,80.22741699,70069,70079,10
13.02340031,80.22750854,70079,70089,10
13.02359009,80.2276535,70089,70099,10
13.02383041,80.22786713,70099,70109,10
13.02414036,80.2281723,70109,70130,21
13.02414036,80.2281723,70130,70140,10
13.02427006,80.22834015,70140,70150,10
13.02443027,80.2285614,70150,70161,11
13.02455044,80.22872925,70161,70171,10
13.02478981,80.2290802,70171,70181,10
13.02509975,80.22947693,70181,70191,10
13.0254097,80.22988129,70191,70201,10
13.02560043,80.23014069,70201,70233,32
13.02560043,80.23014069,70233,70243,10
13.02565002,80.23021698,70243,70253,10
13.02567005,80.23026276,70253,70263,10
13.02573967,80.23043823,70263,70273,10
13.0258503,80.23065948,70273,70283,10
13.02589989,80.23088837,70283,70293,10
13.02595997,80.23119354,70293,70303,10
13.02632999,80.23126221,70303,70314,11
13.02692032,80.23113251,70314,70404,90
13.02692032,80.23113251,70404,70415,11
13.02711964,80.23105621,70415,70425,10
13.02737045,80.23101807,70425,70586,161
13.02737045,80.23101807,70586,70596,10
13.02781963,80.23094177,70596,70606,10
13.0281601,80.23091888,70606,70617,11
13.02882957,80.23085785,70617,70728,111
13.02882957,80.23085785,70728,70738,10
13.02910042,80.23084259,70738,70748,10
13.02945042,80.23078156,70748,70758,10
13.02978992,80.23075867,70758,70829,71
13.02978992,80.23075867,70829,70839,10
13.03015041,80.23071289,70839,70869,30
13.03015041,80.23071289,70869,70879,10
13.03024006,80.23068237,70879,70889,10
13.03059006,80.23066711,70889,70899,10
13.03087044,80.23066711,70899,70910,11
13.03110981,80.23065948,70910,70920,10
13.03151989,80.23065948,70920,70930,10
13.03209019,80.23059845,70930,70940,10
13.03264046,80.2305603,70940,70950,10
13.03314018,80.23052979,70950,70960,10
13.03353024,80.23049927,70960,71041,81
13.03353024,80.23049927,71041,71051,10
13.03394985,80.23047638,71051,71112,61
13.03394985,80.23047638,71112,71122,10
13.03409004,80.23047638,71122,71132,10
13.03423977,80.23040771,71132,71142,10
13.03431988,80.23040009,71142,71152,10
13.03456974,80.23033905,71152,71172,20
13.03456974,80.23033905,71172,71182,10
13.03474045,80.23029327,71182,71192,10
13.03474998,80.23029327,71192,71202,10
13.03491974,80.23013306,71202,71213,11
13.03472042,80.22994232,71213,71303,90
13.03472042,80.22994232,71303,71314,11
13.03435993,80.22988892,71314,71536,222
13.03435993,80.22988892,71536,71546,10
13.03417969,80.23020935,71546,71586,40
13.03417969,80.23020935,71586,71596,10
13.03413963,80.2303772,71596,71607,11
13.03390026,80.23043823,71607,71617,10
13.03347969,80.23043823,71617,71627,10
13.03289986,80.23052216,71627,71637,10
13.0322504,80.23059082,71637,71718,81
13.0322504,80.23059082,71718,71728,10
13.03209019,80.23059082,71728,71738,10
13.03197002,80.23062134,71738,71748,10
13.03174973,80.23065186,71748,71809,61
13.03174973,80.23065186,71809,71819,10
13.03164005,80.23065186,71819,71829,10
13.03145981,80.23066711,71829,71839,10
13.03124046,80.23069763,71839,71849,10
13.03092957,80.23072815,71849,71868,19
13.03092957,80.23072815,71868,71879,11
13.03065968,80.23072815,71879,71889,10
13.03038979,80.23075867,71889,71899,10
13.03005028,80.23078156,71899,71910,11
13.02980042,80.23079681,71910,71920,10
13.02964973,80.23084259,71920,71930,10
13.02935982,80.23085785,71930,71940,10
13.02880955,80.23090363,71940,71950,10
13.02812004,80.23095703,71950,71960,10
13.02766037,80.23101807,71960,71970,10
13.02764034,80.23146057,71970,71980,10
13.02770996,80.23207092,71980,71990,10
13.02770042,80.23280334,71990,72041,51
13.02770042,80.23280334,72041,72051,10
13.02735996,80.23287964,72051,72061,10
13.02711964,80.23294067,72061,72077,16
13.02676964,80.23300934,72077,72089,12
13.02635956,80.23287201,72089,72097,8
13.02620029,80.23242188,72097,72110,13
13.02598,80.23149872,72110,72120,10
13.02571011,80.23068237,72120,72130,10
13.02521992,80.22988129,72130,72140,10
13.02488995,80.22944641,72140,72150,10
13.02451992,80.22897339,72150,72160,10
13.02435017,80.22875977,72160,72170,10
13.02390003,80.22821808,72170,72180,10
13.02363968,80.22792053,72180,72190,10
13.02346039,80.22775269,72190,72211,21
13.02346039,80.22775269,72211,72221,10
13.02324009,80.22754669,72221,72231,10
13.02295971,80.22738647,72231,72241,10
13.02250957,80.22682953,72241,72275,34
13.02250957,80.22682953,72275,72283,8
13.02235031,80.22664642,72283,72295,12
13.0218401,80.22621155,72295,72305,10
13.02124977,80.22576904,72305,72316,11
13.02050018,80.2252121,72316,72324,8
13.01976013,80.22476196,72324,72345,21
13.01976013,80.22476196,72345,72356,11
13.01972008,80.22473907,72356,72366,10
13.01937008,80.22457123,72366,72376,10
13.01867008,80.22454071,72376,72386,10
13.01784039,80.22486115,72386,72396,10
13.01688004,80.22525787,72396,72407,11
13.0159502,80.22561646,72407,72417,10
13.01511002,80.22595978,72417,72427,10
13.01453018,80.22618866,72427,72437,10
13.01426029,80.22631073,72437,72447,10
13.01416969,80.22634888,72447,72457,10
13.01373959,80.22650146,72457,72467,10
13.01307011,80.22672272,72467,72477,10
13.01226044,80.22702026,72477,72487,10
13.01134014,80.22737885,72487,72497,10
13.01041031,80.22773743,72497,72508,11
13.00969028,80.22792053,72508,72518,10
13.00948048,80.2276001,72518,72528,10
13.00967979,80.22715759,72528,72538,10
13.0099802,80.22647858,72538,72548,10
13.0103302,80.22570038,72548,72558,10
13.0106802,80.22493744,72558,72568,10
13.01086044,80.22444153,72568,72578,10
13.01099968,80.22412109,72578,72588,10
13.01124001,80.2234726,72588,72598,10
13.01154995,80.22271729,72598,72609,11
13.01189041,80.22168732,72609,72619,10
13.01212025,80.22102356,72619,72628,9
13.01196957,80.22051239,72628,72639,11
13.01173973,80.21977234,72639,72649,10
13.01144028,80.21884155,72649,72659,10
13.01109028,80.21794891,72659,72669,10
13.01072025,80.21704102,72669,72679,10
13.01041985,80.21636963,72679,72689,10
13.01006031,80.21575928,72689,72699,10
13.00975037,80.21517181,72699,72710,11
13.00951004,80.21486664,72710,72720,10
13.00912952,80.2143631,72720,72730,10
13.00854015,80.21360016,72730,72780,50
13.00854015,80.21360016,72780,72790,10
13.00823975,80.21337128,72790,72811,21
13.00823975,80.21337128,72811,72821,10
13.00811958,80.21331024,72821,72831,10
13.00806046,80.21328735,72831,72841,10
13.00790977,80.21321106,72841,72851,10
13.00776958,80.21308136,72851,72861,10
13.00745964,80.21286011,72861,72871,10
13.00699043,80.21276093,72871,72881,10
13.00634956,80.21276855,72881,72897,16
13.00535965,80.21278381,72897,72910,13
13.00465012,80.21235657,72910,72920,10
13.00407982,80.2121582,72920,72930,10
13.00354004,80.21208191,72930,72940,10
13.00302029,80.21208191,72940,72950,10
13.00247955,80.21214294,72950,72959,9
13.00220013,80.21227264,72959,72970,11
13.00187969,80.21244812,72970,72980,10
13.00144005,80.21279907,72980,72990,10
13.00098038,80.21318054,72990,73001,11
13.00045967,80.21363068,73001,73011,10
13.00014973,80.21392059,73011,73091,80
13.00014973,80.21392059,73091,73102,11
13.00002956,80.21395874,73102,73112,10
12.99975014,80.21421051,73112,73122,10
12.99938011,80.21452332,73122,73132,10
12.99903965,80.21482086,73132,73142,10
12.99872971,80.21508789,73142,73152,10
12.99825001,80.21552277,73152,73163,11
12.99742985,80.2162323,73163,73193,30
12.99742985,80.2162323,73193,73204,11
12.99726963,80.21643829,73204,73234,30
12.99726963,80.21643829,73234,73244,10
12.99689007,80.21656036,73244,73254,10
12.99674034,80.21656036,73254,73264,10
12.99652004,80.21656799,73264,73274,10
12.99606037,80.21665192,73274,73294,20
12.99606037,80.21665192,73294,73305,11
12.99580956,80.21669769,73305,73335,30
12.9955101,80.21678925,73335,73365,30
12.99522972,80.21692657,73365,73395,30
12.99522972,80.21692657,73395,73406,11
12.9949398,80.21713257,73406,73416,10
12.9946003,80.21737671,73416,73426,10
12.99413967,80.21772766,73426,73436,10
12.99376011,80.21800232,73436,73446,10
12.99318027,80.21839905,73446,73456,10
12.99256039,80.21884155,73456,73466,10
12.99213982,80.21916199,73466,73476,10
12.99211979,80.21916199,73476,73486,10
12.99190044,80.21929932,73486,73496,10
12.9917202,80.21945953,73496,73507,11
12.99141979,80.21956635,73507,73517,10
12.99094009,80.2193985,73517,73537,20
12.99094009,80.2193985,73537,73547,10
12.99063015,80.21926117,73547,73557,10
12.99009037,80.21910858,73557,73567,10
12.98945999,80.2188797,73567,73577,10
12.98892021,80.21869659,73577,73587,10
12.9885397,80.21858978,73587,73598,11
12.98803043,80.21846008,73598,73608,10
12.98756027,80.21836853,73608,73628,20
12.98740959,80.2183609,73628,73648,20
12.98740959,80.2183609,73648,73658,10
12.98721981,80.2183075,73658,73668,10
12.98684025,80.21820831,73668,73678,10
12.98542023,80.21790314,73678,73688,10
12.98542023,80.21790314,73688,73699,11
12.9847002,80.21794128,73699,73709,10
12.98423958,80.21794128,73709,73719,10
12.98402977,80.21794891,73719,73729,10
12.98388004,80.21795654,73729,73739,10
12.98371983,80.2179718,73739,73749,10
12.98342037,80.2179718,73749,73761,12
12.9830904,80.21797943,73761,73802,41
12.98272991,80.21800232,73802,73872,70
12.98272991,80.21800232,73872,73882,10
12.98264027,80.2179718,73882,73893,11
12.98246002,80.21798706,73893,73903,10
12.98231983,80.21800232,73903,74054,151
12.98231983,80.21800232,74054,74064,10
12.98200035,80.21800232,74064,74155,91
12.98200035,80.21800232,74155,74165,10
12.98145962,80.2181015,74165,74276,111
12.98106956,80.21820068,74276,74297,21
12.98106956,80.21820068,74297,74307,10
12.98089027,80.21823883,74307,74317,10
12.98077965,80.21829987,74317,74327,10
12.98050022,80.21838379,74327,74478,151
12.98050022,80.21838379,74478,74488,10
12.98017979,80.21853638,74488,74499,11
12.97992039,80.21864319,74499,74509,10
12.97984982,80.21867371,74509,74519,10
12.97955036,80.21881104,74519,74529,10
12.97918987,80.21891785,74529,74539,10
12.97896957,80.21900177,74539,74549,10
12.97867012,80.21916962,74549,74711,162
12.97830009,80.21925354,74711,74751,40
12.97830009,80.21925354,74751,74761,10
12.97793961,80.21943665,74761,74933,172
12.97770977,80.21945953,74933,74953,20
12.97770977,80.21945953,74953,74963,10
12.97741032,80.21959686,74963,75074,111
12.97708035,80.21980286,75074,75155,81
12.97708035,80.21980286,75155,75165,10
12.9769001,80.21987915,75165,75175,10
12.97671986,80.2199707,75175,75216,41
12.97634029,80.2201004,75216,75246,30
12.9759798,80.22026062,75246,75276,30
12.9759798,80.22026062,75276,75286,10
12.97562981,80.22041321,75286,75297,11
12.97537041,80.22075653,75297,75307,10
12.97517014,80.22071838,75307,75317,10
12.97515965,80.22071838,75317,75327,10
12.97502041,80.22065735,75327,75337,10
12.97480965,80.22054291,75337,75347,10
12.97436047,80.22033691,75347,75357,10
12.97397995,80.22016144,75357,75367,10
12.9735899,80.22000122,75367,75377,10
12.97311974,80.21981812,75377,75387,10
12.97251034,80.21958923,75387,75398,11
12.97185993,80.21933746,75398,75408,10
12.97126961,80.2191925,75408,75418,10
12.9711504,80.21917725,75418,75428,10
12.97111034,80.21916962,75428,75438,10
12.97091961,80.21910095,75438,75448,10
12.97074032,80.2190094,75448,75458,10
12.97066021,80.21900177,75458,75468,10
12.97045994,80.21884155,75468,75478,10
12.9701004,80.21869659,75478,75488,10
12.9696703,80.21853638,75488,75499,11
12.96918964,80.21835327,75499,75509,10
12.96875954,80.2181778,75509,75519,10
12.96833038,80.21800232,75519,75529,10
12.96788979,80.21782684,75529,75539,10
12.96745014,80.21764374,75539,75549,10
12.96673965,80.21736908,75549,75559,10
12.96582031,80.21700287,75559,75569,10
12.9648304,80.21659851,75569,75579,10
12.96401978,80.21627808,75579,75590,11
12.96337032,80.2159729,75590,75600,10
12.96273041,80.21569824,75600,75610,10
12.9619503,80.21540833,75610,75620,10
12.96103954,80.21504974,75620,75630,10
12.96014023,80.21469116,75630,75640,10
12.95944977,80.21443176,75640,75650,10
12.95868015,80.21408844,75650,75660,10
12.95783997,80.21376038,75660,75670,10
12.95734024,80.21356201,75670,75680,10
12.95678043,80.21334076,75680,75691,11
12.95594025,80.2130127,75691,75701,10
12.95503998,80.21266937,75701,75711,10
12.95431995,80.21237946,75711,75721,10
12.95386028,80.21221924,75721,75731,10
12.95376015,80.21218109,75731,75741,10
12.95341969,80.21202087,75741,75751,10
12.95283985,80.21179199,75751,75761,10
12.9520998,80.21150208,75761,75771,10
12.95125008,80.21115875,75771,75781,10
12.95026016,80.21076965,75781,75792,11
12.94925022,80.21037292,75792,75802,10
12.94841003,80.21005249,75802,75812,10
12.94746971,80.20967102,75812,75822,10
12.94639969,80.20924377,75822,75832,10
12.94534969,80.20881653,75832,75842,10
12.94456959,80.20851898,75842,75852,10
12.94423962,80.2084198,75852,75862,10
12.94410038,80.20835876,75862,75872,10
12.94365025,80.20815277,75872,75882,10
12.94305992,80.20780182,75882,75893,11
12.94277954,80.20742798,75893,75903,10
12.94237995,80.20697021,75903,75913,10
12.94182968,80.20651245,75913,75923,10
12.94124031,80.20613098,75923,75933,10
12.94108009,80.20606232,75933,75943,10
12.94095039,80.20597839,75943,75953,10
12.94056034,80.20581818,75953,75963,10
12.93994999,80.2056427,75963,75973,10
12.93925953,80.20543671,75973,75983,10
12.93871021,80.20526886,75983,75994,11
12.9384203,80.20519257,75994,76004,10
12.93799973,80.20507813,76004,76014,10
12.93747044,80.20493317,76014,76024,10
12.93690014,80.20475769,76024,76034,10
12.93630028,80.20458984,76034,76044,10
12.93575954,80.204422,76044,76054,10
12.93525028,80.20420074,76054,76064,10
12.93465996,80.2040329,76064,76074,10
12.93371964,80.20394135,76074,76095,21
12.93371964,80.20394135,76095,76105,10
12.93362045,80.20394135,76105,76115,10
12.93325996,80.20385742,76115,76125,10
12.93278027,80.20365143,76125,76135,10
12.93220997,80.20345306,76135,76145,10
12.93152046,80.20320892,76145,76155,10
12.93083954,80.20298767,76155,76165,10
12.93021011,80.20285797,76165,76175,10
12.92965984,80.20279694,76175,76185,10
12.9294796,80.20278168,76185,76196,11
12.92920971,80.20274353,76196,76206,10
12.92866993,80.20263672,76206,76216,10
12.92846966,80.20201111,76216,76226,10
12.92844009,80.20114136,76226,76236,10
12.92838955,80.20011902,76236,76246,10
12.92813969,80.1992569,76246,76256,10
12.92784023,80.19863892,76256,76266,10
12.92757988,80.19824982,76266,76276,10
12.92718983,80.19795227,76276,76286,10
12.92654037,80.19763947,76286,76297,11
12.92576981,80.19753265,76297,76306,9
12.92545986,80.19754028,76306,76317,11
12.92514038,80.1975174,76317,76327,10
12.92459965,80.19750977,76327,76337,10
12.9240799,80.19750214,76337,76347,10
12.92356968,80.19747925,76347,76357,10
12.92302036,80.19741821,76357,76367,10
12.92206955,80.1973114,76367,76388,21
12.92206955,80.1973114,76388,76398,10
12.92181969,80.19722748,76398,76408,10
12.92138004,80.19705963,76408,76418,10
12.9209404,80.19689178,76418,76428,10
12.92035961,80.19667816,76428,76438,10
12.91969967,80.19644165,76438,76448,10
12.91923046,80.19618225,76448,76458,10
12.91888046,80.19590759,76458,76468,10
12.91843987,80.19551086,76468,76478,10
12.91796017,80.19509888,76478,76489,11
12.91744995,80.19463348,76489,76499,10
12.91722012,80.19434357,76499,76509,10
12.91718006,80.19422913,76509,76519,10
12.9170599,80.19402313,76519,76529,10
12.91701984,80.19365692,76529,76539,10
12.91701031,80.19325256,76539,76549,10
12.91707993,80.19268799,76549,76559,10
12.91716003,80.19212341,76559,76569,10
12.91726971,80.1913681,76569,76590,21
12.91726971,80.1913681,76590,76600,10
12.9172802,80.19132996,76600,76610,10
12.91734028,80.19094086,76610,76620,10
12.91734028,80.19043732,76620,76630,10
12.91749001,80.18984222,76630,76640,10
12.91777992,80.18908691,76640,76650,10
12.91837978,80.18831635,76650,76660,10
12.91909027,80.18753052,76660,76670,10
12.91983986,80.18668365,76670,76680,10
12.9204998,80.1858902,76680,76691,11
12.92045975,80.18480682,76691,76701,10
12.92029953,80.18418121,76701,76711,10
12.92016983,80.18351746,76711,76721,10
12.92000961,80.18289948,76721,76731,10
12.91996002,80.18260193,76731,76747,16
12.91981983,80.18196106,76747,76759,12
12.91963005,80.18110657,76759,76767,8
12.91948986,80.18047333,76767,76779,12
12.91923046,80.17948151,76779,76790,11
12.9187603,80.17874146,76790,76799,9
12.91829967,80.17810822,76799,76810,11
12.91827011,80.17709351,76810,76820,10
12.91845989,80.17607117,76820,76830,10
12.91874981,80.17497253,76830,76840,10
12.91903973,80.17382813,76840,76850,10
12.91932011,80.17269897,76850,76860,10
12.91954994,80.17182922,76860,76870,10
12.91973972,80.17108917,76870,76880,10
12.9197998,80.17092896,76880,76891,11
12.91996002,80.17048645,76891,76901,10
12.92018986,80.1697464,76901,76911,10
12.92047977,80.16877747,76911,76921,10
12.92080975,80.1678009,76921,76931,10
12.92115021,80.16671753,76931,76941,10
12.92152023,80.16561127,76941,76951,10
12.92187977,80.16448212,76951,76961,10
12.92218018,80.16343689,76961,76971,10
12.92249966,80.16246033,76971,76981,10
12.92275047,80.16163635,76981,76992,11
12.92292023,80.16117096,76992,77002,10
12.92306042,80.16065216,77002,77012,10
12.92310047,80.16053009,77012,77022,10
12.92313004,80.16043854,77022,77032,10
12.92325974,80.15995789,77032,77042,10
12.92337036,80.1591568,77042,77052,10
12.92346001,80.15808868,77052,77062,10
12.92358017,80.15695953,77062,77072,10
12.92364025,80.15619659,77072,77083,11
12.92358017,80.15566254,77083,77093,10
12.92350006,80.15538025,77093,77103,10
12.9233799,80.1550827,77103,77113,10
12.9233799,80.15505981,77113,77123,10
12.92331028,80.15470886,77123,77133,10
12.92317009,80.15411377,77133,77143,10
12.9230299,80.15354919,77143,77153,10
12.92286968,80.1529007,77153,77163,10
12.92269993,80.1522522,77163,77173,10
12.92265987,80.15174103,77173,77184,11
12.92263985,80.15086365,77184,77194,10
12.92263031,80.14988708,77194,77204,10
12.92257977,80.14891815,77204,77214,10
12.92253971,80.14813232,77214,77224,10
12.92251968,80.1479187,77224,77234,10
12.92251968,80.147789,77234,77244,10
12.92251015,80.14756775,77244,77254,10
12.92249966,80.14713287,77254,77270,16
12.92249966,80.14694214,77270,77282,12
12.92247963,80.14685822,77282,77293,11
12.92249012,80.1463623,77293,77303,10
12.92245007,80.14563751,77303,77313,10
12.92241955,80.14476013,77313,77323,10
12.92241001,80.14376068,77323,77333,10
12.92236996,80.14290619,77333,77343,10
12.92238045,80.14263916,77343,77353,10
12.92238998,80.14237976,77353,77373,20
12.92238998,80.14237976,77373,77383,10
12.92238998,80.14215851,77383,77394,11
12.92234993,80.14160919,77394,77404,10
12.92234039,80.14134216,77404,77414,10
12.9223299,80.14082336,77414,77424,10
12.9223299,80.14003754,77424,77433,9
12.92232037,80.13922119,77433,77443,10
12.92238045,80.13832092,77443,77454,11
12.92243004,80.13707733,77454,77464,10
12.92247963,80.13603973,77464,77474,10
12.92251015,80.13497925,77474,77485,11
12.92255974,80.13381195,77485,77495,10
12.92257023,80.13298035,77495,77505,10
12.92259979,80.13240051,77505,77515,10
12.92261982,80.13168335,77515,77525,10
12.92263031,80.13127136,77525,77535,10
12.92265987,80.13089752,77535,77545,10
12.92271996,80.13020325,77545,77564,19
12.9228096,80.12857056,77564,77576,12
12.92284012,80.12766266,77576,77587,11
12.92284012,80.12670135,77587,77597,10
12.92284012,80.12586212,77597,77607,10
12.92288017,80.12506104,77607,77617,10
12.92292023,80.12413788,77617,77627,10
12.92296982,80.12307739,77627,77637,10
12.92302036,80.12203979,77637,77647,10
12.92308044,80.12129974,77647,77657,10
12.92311954,80.12078857,77657,77666,9
12.92319012,80.12017059,77666,77688,22
12.92319012,80.12017059,77688,77698,10
12.92323017,80.11978912,77698,77707,9
12.9232502,80.11920929,77707,77718,11
12.92325974,80.1185379,77718,77728,10
12.92331982,80.11799622,77728,77738,10
12.92337036,80.11743164,77738,77748,10
12.9233799,80.11694336,77748,77789,41
12.9233799,80.11694336,77789,77799,10
12.92352009,80.11701965,77799,79405,1606
12.92352009,80.11701965,79405,79415,10
12.92352009,80.11724854,79415,79425,10
12.92354012,80.11759186,79425,79435,10
12.92360973,80.11779785,79435,79445,10
12.92356014,80.11810303,79445,79455,10
12.92350006,80.11863708,79455,79465,10
12.92343044,80.11933899,79465,79476,11
12.92333984,80.12001038,79476,79486,10
12.92329979,80.12024689,79486,79496,10
12.92329979,80.12046051,79496,79506,10
12.92323971,80.12069702,79506,79718,212
12.92323971,80.12069702,79718,79728,10
12.92319012,80.12103271,79728,79738,10
12.92313957,80.12142181,79738,79748,10
12.92311954,80.12197876,79748,79758,10
12.92308998,80.12264252,79758,79768,10
12.92306042,80.12341309,79768,79779,11
12.92304039,80.12435913,79779,79789,10
12.92302036,80.12516022,79789,79799,10
12.92304039,80.12548065,79799,79809,10
12.92304039,80.12561035,79809,79819,10
12.92298985,80.12592316,79819,79829,10
12.92294979,80.12657928,79829,79839,10
12.92292023,80.12744141,79839,79849,10
12.92286968,80.12828064,79849,79859,10
12.92282009,80.12895203,79859,79869,10
12.92278004,80.12966156,79869,79880,11
12.92275047,80.13038635,79880,79890,10
12.92275047,80.13110352,79890,79900,10
12.92273045,80.13166809,79900,79910,10
12.92269039,80.13249969,79910,79920,10
12.92263985,80.13355255,79920,79930,10
12.92257977,80.13472748,79930,79940,10
12.92253017,80.13588715,79940,79950,10
12.92249012,80.13697052,79950,79960,10
12.92245007,80.13804626,79960,79971,11
12.92236042,80.13923645,79971,79981,10
12.92238045,80.14029694,79981,79991,10
12.92238998,80.14129639,79991,80001,10
12.92241001,80.14215851,80001,80011,10
12.92243004,80.14244843,80011,80021,10
12.92243004,80.14246368,80021,80031,10
12.92245007,80.14263153,80031,80041,10
12.92245007,80.14270782,80041,80051,10
12.9224596,80.14292908,80051,80061,10
12.9224596,80.14330292,80061,80072,11
12.92247009,80.14392853,80072,80082,10
12.92249012,80.14466095,80082,80092,10
12.92253971,80.1456604,80092,80102,10
12.92257977,80.14678192,80102,80112,10
12.92259979,80.14762878,80112,80122,10
12.92259026,80.14851379,80122,80132,10
12.92265987,80.14958191,80132,80142,10
12.92269039,80.15074921,80142,80152,10
12.92269993,80.15174103,80152,80162,10
12.92284012,80.15265656,80162,80173,11
12.92313004,80.15380859,80173,80183,10
12.92339993,80.1548233,80183,80193,10
12.92364025,80.15586853,80193,80203,10
12.92358017,80.15702057,80203,80213,10
12.92346954,80.15809631,80213,80223,10
12.9233799,80.15914154,80223,80233,10
12.92329979,80.16002655,80233,80243,10
12.92317963,80.16056824,80243,80253,10
12.92317009,80.16062164,80253,80263,10
12.92306042,80.16101074,80263,80274,11
12.92282009,80.16175079,80274,80284,10
12.92257023,80.16249847,80284,80294,10
12.92228031,80.16339111,80294,80304,10
12.9219799,80.1643219,80304,80314,10
12.9216404,80.16535187,80314,80324,10
12.92129993,80.16641235,80324,80334,10
12.92094994,80.16748047,80334,80344,10
12.92064953,80.16847229,80344,80354,10
12.92033005,80.16944885,80354,80363,9
12.92006969,80.1703186,80363,80375,12
12.91981983,80.17114258,80375,80385,10
12.91969013,80.17154694,80385,80395,10
12.91950035,80.17214203,80395,80405,10
12.91930962,80.17288971,80405,80415,10
12.91907978,80.17375946,80415,80425,10
12.91884041,80.17472839,80425,80435,10
12.91860008,80.17581177,80435,80445,10
12.91835022,80.17684174,80445,80455,10
12.91821957,80.17787933,80455,80465,10
12.91872025,80.17871094,80465,80476,11
12.91928959,80.17961884,80476,80486,10
12.91950989,80.18060303,80486,80496,10
12.91973019,80.18160248,80496,80506,10
12.91994953,80.18260193,80506,80516,10
12.92016029,80.18351746,80516,80526,10
12.92033958,80.18431091,80526,80536,10
12.92053986,80.18515015,80536,80546,10
12.9204998,80.18598938,80546,80556,10
12.91991997,80.18666077,80556,80566,10
12.91932011,80.18733215,80566,80577,11
12.91870022,80.1880722,80577,80587,10
12.91810036,80.18869781,80587,80597,10
12.91761971,80.18943787,80597,80607,10
12.9174099,80.19033813,80607,80617,10
12.91732979,80.19119263,80617,80627,10
12.91722965,80.1920166,80627,80637,10
12.91718006,80.19243622,80637,80647,10
12.91709042,80.19296265,80647,80657,10
12.91707993,80.19306183,80657,80667,10
12.9170599,80.19307709,80667,80678,11
12.91703033,80.19351196,80678,80688,10
12.91711998,80.19410706,80688,80698,10
12.91728973,80.19441986,80698,80708,10
12.91759968,80.19473267,80708,80718,10
12.91812038,80.19519043,80718,80728,10
12.91870022,80.1957016,80728,80738,10
12.91923046,80.19615173,80738,80748,10
12.91938019,80.19625092,80748,80758,10
12.91946983,80.19628143,80758,80768,10
12.91991043,80.1964798,80768,80779,11
12.92068005,80.19676208,80779,80789,10
12.9214201,80.19700623,80789,80799,10
12.92212009,80.19721985,80799,80809,10
12.92288017,80.19734192,80809,80819,10
12.92333984,80.1973877,80819,80829,10
12.92368984,80.1974411,80829,80839,10
12.92440033,80.19745636,80839,80849,10
12.92510033,80.19744873,80849,80859,10
12.92535973,80.19744873,80859,80870,11
12.92597961,80.19745636,80870,80880,10
12.92638969,80.1975174,80880,80890,10
12.92652035,80.19754791,80890,80900,10
12.92677975,80.19766235,80900,80910,10
12.92718983,80.19790649,80910,80920,10
12.92770004,80.19838715,80920,80930,10
12.92807007,80.19911194,80930,80940,10
12.92838001,80.19999695,80940,80951,11
12.92844009,80.20101166,80951,80962,11
12.92848015,80.20189667,80962,80973,11
12.92875957,80.20265961,80973,80983,10
12.9293499,80.20272064,80983,80993,10
12.92951012,80.20272064,80993,81002,9
12.92992973,80.20275879,81002,81013,11
12.93043041,80.20285797,81013,81023,10
12.93115997,80.20304108,81023,81033,10
12.93190002,80.20327759,81033,81043,10
12.93253994,80.20348358,81043,81053,10
12.9332304,80.20375061,81053,81063,10
12.9340601,80.20387268,81063,81074,11
12.93480015,80.20397186,81074,81084,10
12.93552971,80.20424652,81084,81094,10
12.93638039,80.20452118,81094,81104,10
12.93723011,80.20475769,81104,81114,10
12.93811035,80.20501709,81114,81124,10
12.93904018,80.20529938,81124,81134,10
12.93994999,80.20556641,81134,81144,10
12.94073009,80.20581818,81144,81154,10
12.94130993,80.20609283,81154,81164,10
12.94200039,80.20657349,81164,81175,11
12.9426899,80.20722961,81175,81185,10
12.94328976,80.20791626,81185,81194,9
12.94394016,80.20819855,81194,81205,11
12.94419003,80.2082901,81205,81215,10
12.94466019,80.20847321,81215,81225,10
12.94538975,80.20874023,81225,81235,10
12.94629955,80.20910645,81235,81245,10
12.94723988,80.20948029,81245,81255,10
12.94816971,80.20983887,81255,81265,10
12.94919968,80.21025848,81265,81276,11
12.95038986,80.21071625,81276,81286,10
12.95149994,80.21115875,81286,81296,10
12.95265007,80.21157837,81296,81306,10
12.95368958,80.21202087,81306,81316,10
12.95477962,80.21244812,81316,81326,10
12.95586014,80.212883,81326,81336,10
12.95695972,80.21330261,81336,81346,10
12.95804024,80.21373749,81346,81356,10
12.9591198,80.21414948,81356,81367,11
12.96028996,80.21463776,81367,81377,10
12.96137047,80.21507263,81377,81387,10
12.96234035,80.21543884,81387,81397,10
12.96304035,80.21572113,81397,81407,10
12.9635601,80.21591949,81407,81417,10
12.96422958,80.21621704,81417,81427,10
12.96514034,80.21658325,81427,81437,10
12.96613026,80.21695709,81437,81447,10
12.96704006,80.21736145,81447,81457,10
12.96765995,80.21762085,81457,81468,11
12.96835995,80.21790314,81468,81478,10
12.96918964,80.21822357,81478,81488,10
12.97014046,80.21858215,81488,81498,10
12.97095966,80.21887207,81498,81508,10
12.97120953,80.21894836,81508,81518,10
12.97146988,80.21904755,81518,81528,10
12.97208023,80.21930695,81528,81538,10
12.97278023,80.21961975,81538,81548,10
12.97360992,80.2199173,81548,81558,10
12.9744997,80.22029877,81558,81569,11
12.97492027,80.22048187,81569,81579,10
12.97523975,80.22061157,81579,81589,10
12.97556973,80.22081757,81589,81599,10
12.97620964,80.22120667,81599,81619,20
12.97620964,80.22120667,81619,81629,10
12.97638988,80.22122192,81629,81639,10
12.97692966,80.22119904,81639,81649,10
12.97770023,80.22118378,81649,81659,10
12.97850037,80.22115326,81659,81670,11
12.97939968,80.22109222,81670,81680,10
12.9802103,80.2210083,81680,81690,10
12.98101997,80.22102356,81690,81700,10
12.98174,80.22142029,81700,81710,10
12.98241043,80.22180176,81710,81720,10
12.98293018,80.22199249,81720,81730,10
12.98305988,80.22205353,81730,81740,10
12.98348045,80.2223587,81740,81750,10
12.98402977,80.22265625,81750,81760,10
12.98462963,80.22303009,81760,81771,11
12.9853096,80.22328949,81771,81781,10
12.98573971,80.2230072,81781,81791,10
12.9864502,80.22296906,81791,81801,10
12.98715973,80.22306061,81801,81811,10
12.98787022,80.22297668,81811,81821,10
12.98851013,80.22245026,81821,81831,10
12.98915005,80.22174072,81831,81841,10
12.98976994,80.22091675,81841,81851,10
12.99042988,80.2203598,81851,81861,10
12.99108028,80.21984863,81861,81872,11
12.99153042,80.21949768,81872,81882,10
12.99209976,80.21907043,81882,81892,10
12.9927702,80.21858215,81892,81902,10
12.99343014,80.21807098,81902,81912,10
12.9939003,80.21772766,81912,81922,10
12.99425983,80.21749878,81922,81932,10
12.99450016,80.21733093,81932,81971,39
12.99450016,80.21733093,81971,81981,10
12.99487019,80.21704865,81981,81991,10
12.99536991,80.21675873,81991,82001,10
12.99610996,80.21656036,82001,82011,10
12.99682045,80.21646881,82011,82020,9
12.99726009,80.21630096,82020,82031,11
12.99754047,80.21604919,82031,82041,10
12.99781036,80.21582031,82041,82051,10
12.99831963,80.21537781,82051,82061,10
12.99874973,80.21499634,82061,82072,11
12.99905014,80.21475983,82072,82082,10
12.99934006,80.21452332,82082,82092,10
12.99981976,80.2141037,82092,82102,10
13.00030041,80.21366882,82102,82112,10
13.0009203,80.21312714,82112,82122,10
13.0014801,80.21272278,82122,82132,10
13.00228977,80.21219635,82132,82142,10
13.00286961,80.21208191,82142,82152,10
13.00362968,80.21199036,82152,82163,11
13.00450993,80.21224213,82163,82173,10
13.0053196,80.21273041,82173,82183,10
13.0060997,80.21285248,82183,82193,10
13.00681973,80.21272278,82193,82203,10
13.00753975,80.21282959,82203,82213,10
13.00790024,80.2131424,82213,82223,10
13.00800037,80.21318817,82223,82233,10
13.00837994,80.21331024,82233,82243,10
13.00876999,80.21372986,82243,82253,10
13.00924015,80.21434021,82253,82264,11
13.00971031,80.21502686,82264,82274,10
13.01008034,80.21556091,82274,82284,10
13.01056957,80.21613312,82284,82294,10
13.01076031,80.21672058,82294,82304,10
13.01103973,80.21736908,82304,82314,10
13.0113802,80.21823883,82314,82324,10
13.01173019,80.21927643,82324,82334,10
13.0120697,80.22035217,82334,82344,10
13.01243973,80.22128296,82344,82354,10
13.0128603,80.22189331,82354,82365,11
13.01331043,80.22250366,82365,82375,10
13.01377964,80.22306824,82375,82385,10
13.01422024,80.22361755,82385,82395,10
13.01469994,80.22413635,82395,82405,10
13.01511002,80.22473907,82405,82415,10
13.01523972,80.22492218,82415,82425,10
13.01527977,80.22505951,82425,82435,10
13.01527977,80.22563934,82435,82445,10
13.01488972,80.22595978,82445,82536,91
13.01488972,80.22595978,82536,82546,10
13.0146904,80.22608948,82546,82556,10
13.01443958,80.22618103,82556,82567,11
13.01428032,80.22625732,82567,82577,10
13.01383972,80.22653198,82577,82880,303
13.01383972,80.22653198,82880,82890,10
13.01358032,80.22657776,82890,82900,10
13.01305962,80.22676086,82900,82910,10
13.01229,80.22702789,82910,82920,10
13.01136971,80.22738647,82920,82930,10
13.01039982,80.22776794,82930,82940,10
13.00957966,80.2279129,82940,82950,10
13.00961018,80.22733307,82950,82961,11
13.00998974,80.22650909,82961,82971,10
13.01039982,80.22560883,82971,82981,10
13.01082039,80.22463989,82981,82991,10
13.01119041,80.22366333,82991,83001,10
13.01148033,80.22325897,83001,83011,10
13.01198959,80.22357941,83011,83021,10
13.01274014,80.22402191,83021,83031,10
13.01368046,80.22447968,83031,83041,10
13.01455975,80.2249527,83041,83051,10
13.01525021,80.22535706,83051,83082,31
13.01525021,80.22535706,83082,83092,10
13.01548958,80.22544861,83092,83102,10
13.01521969,80.22580719,83102,83118,16
13.0146904,80.22605896,83118,83130,12
13.0143404,80.22618103,83130,83138,8
13.01418018,80.22606659,83138,83466,328
13.01418018,80.22606659,83466,83476,10
13.01416969,80.22592163,83476,83486,10
13.01416016,80.22543335,83486,83496,10
13.01438999,80.22534943,83496,83506,10
13.01428032,80.22535706,83506,83516,10
13.01426983,80.22537994,83516,85011,1495
13.01432991,80.22557068,85011,85274,263
13.01430035,80.22550964,85274,85940,666
