12.99678993,80.19088745,15,23086,23071
12.99693966,80.1906662,23086,23338,252
12.99683952,80.1908493,23338,24660,1322
12.99683952,80.1908493,24660,24670,10
12.99685001,80.19109344,24670,24711,41
12.99685001,80.19109344,24711,24721,10
12.99650002,80.19139862,24721,24791,70
12.99650002,80.19139862,24791,24801,10
12.99623013,80.19126129,24801,24812,11
12.99619007,80.190979,24812,24822,10
12.99612999,80.1907196,24822,24832,10
12.99608994,80.19056702,24832,24842,10
12.99604988,80.19033051,24842,24852,10
12.99594975,80.18991089,24852,24862,10
12.99594975,80.18955994,24862,24872,10
12.99604034,80.18932343,24872,24882,10
12.99617004,80.18932343,24882,24892,10
12.99639988,80.18962097,24892,24902,10
12.99687958,80.19016266,24902,24913,11
12.99757004,80.19098663,24913,24923,10
12.99825001,80.1918335,24923,24933,10
12.99888039,80.19264221,24933,24943,10
12.99950027,80.1934967,24943,24953,10
13.00014973,80.19432831,24953,24963,10
13.00082016,80.19519043,24963,24973,10
13.00154018,80.19606018,24973,24983,10
13.00207043,80.19708252,24983,24993,10
13.00195026,80.19833374,24993,25003,10
13.00181961,80.19943237,25003,25013,10
13.00212955,80.20024872,25013,25024,11
13.0030098,80.20072937,25024,25034,10
13.0035696,80.20079041,25034,25064,30
13.0035696,80.20079041,25064,25074,10
13.0040102,80.20091248,25074,25084,10
13.00450993,80.20110321,25084,25094,10
13.00516987,80.20139313,25094,25104,10
13.00535011,80.20153046,25104,25114,10
13.00572014,80.20194244,25114,25123,9
13.00605011,80.20256042,25123,25135,12
13.00673008,80.20330048,25135,25145,10
13.00753975,80.20365906,25145,25155,10
13.00852013,80.20371246,25155,25165,10
13.00965023,80.20362854,25165,25175,10
13.01082039,80.20362854,25175,25185,10
13.01212978,80.20378876,25185,25195,10
13.01323986,80.2040329,25195,25205,10
13.01422024,80.20436859,25205,25215,10
13.01531029,80.20475006,25215,25225,10
13.01640987,80.20513916,25225,25235,10
13.01745987,80.20545959,25235,25246,11
13.01832962,80.20578766,25246,25256,10
13.01869965,80.20591736,25256,25266,10
13.01887989,80.20600891,25266,25276,10
13.01947975,80.20619202,25276,25286,10
13.02042007,80.20626831,25286,25296,10
13.02149963,80.2062912,25296,25306,10
13.0225296,80.20639038,25306,25316,10
13.02359962,80.2065506,25316,25326,10
13.02462006,80.20675659,25326,25336,10
13.02569962,80.2070694,25336,25346,10
13.02674961,80.20762634,25346,25357,11
13.02779961,80.20825195,25357,25367,10
13.02882957,80.20860291,25367,25377,10
13.02974987,80.20883942,25377,25387,10
13.03061962,80.20909119,25387,25397,10
13.03139019,80.20931244,25397,25407,10
13.03149033,80.20935822,25407,25417,10
13.0320797,80.20954132,25417,25427,10
13.03304958,80.20970917,25427,25437,10
13.0340004,80.20989227,25437,25447,10
13.0348196,80.21006775,25447,25458,11
13.03505993,80.21038055,25458,25468,10
13.03501987,80.21082306,25468,25478,10
13.03505993,80.21101379,25478,25488,10
13.0350399,80.21118164,25488,25498,10
13.03501987,80.21135712,25498,25508,10
13.03499985,80.21160889,25508,25518,10
13.03501034,80.21208954,25518,25528,10
13.03561974,80.21222687,25528,25538,10
13.03643036,80.21221924,25538,25548,10
13.03707981,80.21221924,25548,25558,10
13.03781986,80.21224213,25558,25569,11
13.03890038,80.21222687,25569,25579,10
13.04006958,80.21230316,25579,25589,10
13.04144001,80.21234894,25589,25599,10
13.0427599,80.21230316,25599,25609,10
13.04380035,80.21222687,25609,25669,60
13.04380035,80.21222687,25669,25680,11
13.04415989,80.2121582,25680,25690,10
13.04461956,80.21218109,25690,25700,10
13.04524994,80.21218872,25700,25710,10
13.04605961,80.2121582,25710,25720,10
13.04679012,80.21214294,25720,25730,10
13.04761982,80.21208191,25730,25740,10
13.0481596,80.2120285,25740,25750,10
13.04843998,80.21202087,25750,25760,10
13.04846954,80.21202087,25760,25770,10
13.04874039,80.21196747,25770,25780,10
13.04926014,80.21193695,25780,25791,11
13.04981041,80.21189117,25791,25801,10
13.05010986,80.2118988,25801,25811,10
13.05051041,80.21195221,25811,25821,10
13.05091,80.21205139,25821,25831,10
13.05183983,80.21198273,25831,25841,10
13.05274963,80.21183777,25841,25851,10
13.05362034,80.21169281,25851,25861,10
13.05453014,80.21144867,25861,25871,10
13.05556011,80.21144867,25871,25881,10
13.05677986,80.2114563,25881,25891,10
13.05792999,80.21147156,25891,25902,11
13.05918026,80.21150208,25902,25912,10
13.06021023,80.21156311,25912,25922,10
13.06118011,80.21160126,25922,25932,10
13.06194973,80.21161652,25932,25942,10
13.06289959,80.21160889,25942,25952,10
13.06400013,80.21154022,25952,25962,10
13.06507969,80.21109772,25962,25972,10
13.06597042,80.21032715,25972,25982,10
13.06690979,80.20948029,25982,25992,10
13.06750965,80.20851135,25992,26003,11
13.06809998,80.20761871,26003,26013,10
13.06844997,80.20703888,26013,26023,10
13.06867027,80.20670319,26023,26033,10
13.06873035,80.20658112,26033,26043,10
13.06884003,80.20641327,26043,26053,10
13.06900024,80.20617676,26053,26093,40
13.06900024,80.20617676,26093,26103,10
13.06929016,80.20578766,26103,26174,71
13.06929016,80.20578766,26174,26184,10
13.06958008,80.2053299,26184,26214,30
13.06958008,80.2053299,26214,26225,11
13.06966019,80.20522308,26225,26235,10
13.0697403,80.20493317,26235,26245,10
13.06937981,80.2048111,26245,26255,10
13.06906986,80.20520782,26255,26265,10
13.06877995,80.20498657,26265,26285,20
13.06882954,80.20482635,26285,26315,30
13.06882954,80.20482635,26315,26325,10
13.06902027,80.20471954,26325,26336,11
13.06921005,80.20469666,26336,26346,10
13.06941986,80.20475006,26346,26356,10
13.06966019,80.20480347,26356,26366,10
13.07001972,80.20474243,26366,26376,10
13.07044029,80.20417786,26376,26386,10
13.07110023,80.20343018,26386,26396,10
13.07168961,80.20265961,26396,26406,10
13.07198048,80.20226288,26406,26416,10
13.07217979,80.20204163,26416,26426,10
13.07258034,80.20163727,26426,26436,10
13.07301998,80.20114136,26436,26447,11
13.07338047,80.20069885,26447,26457,10
13.07357025,80.20046234,26457,26467,10
13.07390022,80.20008087,26467,26477,10
13.07415962,80.19976807,26477,26487,10
13.0743103,80.19960785,26487,26497,10
13.07437992,80.19956207,26497,26507,10
13.07456017,80.19937897,26507,26517,10
13.07503033,80.19909668,26517,26527,10
13.07573032,80.19901276,26527,26537,10
13.07658958,80.1989975,26537,26547,10
13.07742977,80.19895172,26547,26558,11
13.07847023,80.19879913,26558,26568,10
13.07956982,80.19872284,26568,26578,10
13.08059025,80.1986084,26578,26588,10
13.08148956,80.19857788,26588,26598,10
13.08238029,80.19850922,26598,26608,10
13.08320999,80.1984787,26608,26618,10
13.08384991,80.19844055,26618,26628,10
13.0842104,80.19844055,26628,26638,10
13.08462048,80.19844055,26638,26648,10
13.08510971,80.19846344,26648,26659,11
13.08568954,80.19841766,26659,26669,10
13.08615971,80.1984024,26669,26679,10
13.08673,80.19841766,26679,26689,10
13.08705997,80.19834137,26689,26699,10
13.08712959,80.19789886,26699,26709,10
13.08718014,80.19724274,26709,26719,10
13.0872097,80.19621277,26719,26729,10
13.08722973,80.19515991,26729,26739,10
13.08724976,80.19406128,26739,26749,10
13.08728981,80.19299316,26749,26758,9
13.08732033,80.19258118,26758,26770,12
13.08745003,80.19165802,26770,26780,10
13.08757973,80.19062042,26780,26790,10
13.08769989,80.18943787,26790,26800,10
13.08771038,80.18901825,26800,26810,10
13.08773994,80.188797,26810,26820,10
13.08773994,80.18834686,26820,26830,10
13.08775043,80.18827057,26830,26840,10
13.08778,80.18811798,26840,26850,10
13.08782005,80.18766022,26850,26860,10
13.08782959,80.18683624,26860,26870,10
13.08784962,80.18579102,26870,26881,11
13.08794022,80.1844635,26881,26891,10
13.08798027,80.18328094,26891,26899,8
13.08810043,80.17964172,26899,26969,70
13.08810043,80.17964172,26969,26990,21
13.08812046,80.17909241,26990,27000,10
13.08810997,80.17884827,27000,27010,10
13.08810997,80.17845917,27010,27020,10
13.08810997,80.17777252,27020,27030,10
13.08813953,80.1772995,27030,27040,10
13.08819962,80.17671204,27040,27050,10
13.08827019,80.1758728,27050,27060,10
13.08831978,80.17495728,27060,27070,10
13.08841038,80.17420197,27070,27080,10
13.08848953,80.17330933,27080,27090,10
13.08852005,80.17243958,27090,27101,11
13.08854961,80.17169952,27101,27111,10
13.08856964,80.17151642,27111,27121,10
13.0886097,80.17089081,27121,27131,10
13.08864975,80.17002106,27131,27141,10
13.08882999,80.16954041,27141,27151,10
13.08932972,80.16957092,27151,27161,10
13.09012985,80.16960907,27161,27171,10
13.09101009,80.16966248,27171,27181,10
13.09195042,80.16973114,27181,27191,10
13.0927,80.1697464,27191,27201,10
13.09350967,80.1697998,27201,27212,11
13.09434032,80.16983032,27212,27222,10
13.09459972,80.16985321,27222,27232,10
13.09484005,80.16983795,27232,27242,10
13.0951004,80.16988373,27242,27252,10
13.09570026,80.16989136,27252,27262,10
13.09642982,80.1699295,27262,27272,10
13.09724045,80.16998291,27272,27282,10
13.09803009,80.17002869,27282,27292,10
13.09875965,80.17008209,27292,27302,10
13.09941006,80.17009735,27302,27313,11
13.09969997,80.16990662,27313,27323,10
13.09971046,80.16989899,27323,27333,10
13.09972,80.16979218,27333,27353,20
13.09972,80.16979218,27353,27363,10
13.09941959,80.16976166,27363,28039,676
13.09941959,80.16976166,28039,28049,10
13.09974957,80.16970062,28049,28059,10
13.09978008,80.16970825,28059,28068,9
13.09978962,80.16996765,28068,28080,12
13.09961987,80.17024231,28080,28090,10
13.09926987,80.17021942,28090,28100,10
13.09852982,80.17015839,28100,28110,10
13.09757042,80.17008972,28110,28120,10
13.09648991,80.17002869,28120,28130,10
13.09560013,80.16998291,28130,28140,10
13.09498024,80.16992188,28140,28150,10
13.09469032,80.16986084,28150,28160,10
13.09434032,80.16986084,28160,28170,10
13.09374046,80.16980743,28170,28180,10
13.09292984,80.16976166,28180,28191,11
13.09169006,80.1697464,28191,28201,10
13.09058952,80.16966248,28201,28211,10
13.08965015,80.1696167,28211,28221,10
13.08889008,80.16960144,28221,28231,10
13.0886898,80.17003632,28231,28241,10
13.08862972,80.17076874,28241,28251,10
13.08862972,80.17137146,28251,28261,10
13.08862019,80.17194366,28261,28271,10
13.0886097,80.17204285,28271,28281,10
13.08854961,80.17250824,28281,28291,10
13.08850956,80.17327881,28291,28302,11
13.08845997,80.17431641,28302,28312,10
13.08841991,80.17504883,28312,28322,10
13.0883503,80.17590332,28322,28332,10
13.08827972,80.17696381,28332,28342,10
13.08827019,80.17830658,28342,28372,30
13.08827019,80.17830658,28372,28382,10
13.08825016,80.17858887,28382,28392,10
13.0882597,80.17906189,28392,28402,10
13.0882597,80.17957306,28402,28413,11
13.08823967,80.18035889,28413,28423,10
13.08821011,80.18112183,28423,28433,10
13.08817959,80.18187714,28433,28443,10
13.08815002,80.18231201,28443,28453,10
13.08812046,80.18296814,28453,28463,10
13.08808994,80.18370056,28463,28473,10
13.08804035,80.18457794,28473,28483,10
13.08802986,80.18527985,28483,28493,10
13.08798027,80.18583679,28493,28503,10
13.08794022,80.18656921,28503,28514,11
13.08792973,80.18746948,28514,28524,10
13.08792973,80.18807983,28524,28534,10
13.08788013,80.18876648,28534,28544,10
13.08782959,80.18955994,28544,28574,30
13.08782959,80.18955994,28574,28584,10
13.08782005,80.1897583,28584,28594,10
13.08773994,80.19016266,28594,28604,10
13.08763027,80.19090271,28604,28614,10
13.08751965,80.19184875,28614,28625,11
13.08745956,80.19246674,28625,28635,10
13.08745956,80.19248962,28635,28645,10
13.08745956,80.19261932,28645,28655,10
13.08740997,80.19302368,28655,28665,10
13.08736992,80.19368744,28665,28675,10
13.08736038,80.19451904,28675,28685,10
13.08734035,80.19526672,28685,28695,10
13.08732033,80.19606018,28695,28705,10
13.0873003,80.19696808,28705,28715,10
13.08726978,80.19764709,28715,28725,10
13.08726978,80.19782257,28725,28736,11
13.08728981,80.19812012,28736,28746,10
13.08738041,80.19841766,28746,28756,10
13.08767986,80.19847107,28756,28766,10
13.08821964,80.19844055,28766,28776,10
13.08882999,80.19841766,28776,28786,10
13.08938026,80.19847107,28786,28796,10
13.08998013,80.19850159,28796,28806,10
13.09072971,80.19856262,28806,28816,10
13.09134007,80.19860077,28816,28826,10
13.0920496,80.19864655,28826,28836,10
13.0928297,80.1986618,28836,28847,11
13.09302044,80.19893646,28847,28857,10
13.09298038,80.19949341,28857,28867,10
13.0929203,80.20014191,28867,28877,10
13.09290028,80.20043945,28877,28887,10
13.09276962,80.20059967,28887,28897,10
13.09239006,80.20053864,28897,28907,10
13.09171963,80.20050812,28907,28917,10
13.09084988,80.20050049,28917,28927,10
13.09016037,80.20046997,28927,28937,10
13.08944988,80.20040894,28937,28947,10
13.08839035,80.20039368,28947,28958,11
13.08728027,80.20041656,28958,28968,10
13.08637047,80.20036316,28968,28978,10
13.08563995,80.20036316,28978,28988,10
13.08535004,80.20028687,28988,28998,10
13.08532047,80.19985962,28998,29008,10
13.08533955,80.19918823,29008,29018,10
13.08516979,80.19864655,29018,29028,10
13.08423042,80.1986618,29028,29048,20
13.08423042,80.1986618,29048,29059,11
13.08403015,80.1986618,29059,29069,10
13.08360004,80.19867706,29069,29079,10
13.0831604,80.1986618,29079,29119,40
13.0831604,80.1986618,29119,29129,10
13.08298969,80.19864655,29129,29139,10
13.0825901,80.19862366,29139,29149,10
13.08193016,80.19863892,29149,29159,10
13.08111954,80.19864655,29159,29169,10
13.08020973,80.19873047,29169,29180,11
13.07909966,80.19882965,29180,29190,10
13.07808018,80.19895172,29190,29200,10
13.07707977,80.19908142,29200,29210,10
13.07610035,80.19918823,29210,29220,10
13.07511997,80.1993866,29220,29230,10
13.0743103,80.19983673,29230,29240,10
13.0737896,80.20039368,29240,29250,10
13.07359982,80.20062256,29250,29260,10
13.07345963,80.20078278,29260,29270,10
13.07304955,80.20127869,29270,29281,11
13.07256031,80.20185852,29281,29291,10
13.07223988,80.2022171,29291,29301,10
13.0717802,80.20272827,29301,29311,10
13.07120991,80.20336151,29311,29321,10
13.07059002,80.20407867,29321,29331,10
13.07011986,80.2046814,29331,29341,10
13.06993961,80.20500183,29341,29361,20
13.06993961,80.20500183,29361,29371,10
13.06970024,80.20491791,29371,29380,9
13.06931019,80.20497894,29380,29392,12
13.06873035,80.20542908,29392,29402,10
13.06807041,80.20539856,29402,29422,20
13.06807041,80.20539856,29422,29432,10
13.06801033,80.20527649,29432,29442,10
13.06801033,80.20526886,29442,29452,10
13.06814957,80.20498657,29452,29462,10
13.06875038,80.20481873,29462,29472,10
13.06956005,80.20478058,29472,29482,10
13.06984997,80.20491791,29482,29492,10
13.06976032,80.20533752,29492,29503,11
13.0692997,80.20606232,29503,29513,10
13.06875992,80.20690155,29513,29523,10
13.06816959,80.20783234,29523,29533,10
13.06750965,80.20886993,29533,29543,10
13.06669044,80.20995331,29543,29553,10
13.06573963,80.21074677,29553,29563,10
13.06538963,80.21108246,29563,29573,10
13.06534004,80.21114349,29573,29583,10
13.06519032,80.21124268,29583,29593,10
13.06474018,80.21150208,29593,29604,11
13.06427956,80.21166992,29604,29614,10
13.06425953,80.21167755,29614,29624,10
13.06414986,80.21172333,29624,29634,10
13.06381989,80.21173096,29634,29644,10
13.06319046,80.21173096,29644,29654,10
13.06266022,80.21174622,29654,29664,10
13.06214046,80.21166992,29664,29674,10
13.06140041,80.21163177,29674,29684,10
13.06056023,80.21169281,29684,29694,10
13.05967999,80.21167755,29694,29704,10
13.05885983,80.21164703,29704,29715,11
13.05801964,80.21159363,29715,29725,10
13.05708027,80.21159363,29725,29735,10
13.05615997,80.21151733,29735,29745,10
13.05513,80.21148682,29745,29755,10
13.05410004,80.21166229,29755,29765,10
13.05317974,80.2118988,29765,29775,10
13.05251026,80.21208191,29775,29785,10
13.05210018,80.21217346,29785,29795,10
13.05160999,80.21221924,29795,29805,10
13.0511198,80.21218109,29805,29815,10
13.05097961,80.21218109,29815,29826,11
13.05066013,80.21218872,29826,29836,10
13.05027008,80.21218872,29836,29846,10
13.04988003,80.21218109,29846,29856,10
13.04953957,80.21217346,29856,29866,10
13.04946995,80.21215057,29866,29876,10
13.04899979,80.21217346,29876,29886,10
13.04831028,80.21222687,29886,29896,10
13.04747963,80.21230316,29896,29906,10
13.04658031,80.21234894,29906,29916,10
13.04574013,80.21237183,29916,29926,10
13.04520035,80.21240997,29926,29967,41
13.04520035,80.21240997,29967,29977,10
13.04487991,80.21244049,29977,29987,10
13.04432011,80.21246338,29987,29997,10
13.04360008,80.2124176,29997,30007,10
13.04279995,80.21240234,30007,30017,10
13.04199982,80.21243286,30017,30027,10
13.04115963,80.21240234,30027,30037,10
13.0403204,80.21243286,30037,30048,11
13.03934956,80.21240234,30048,30058,10
13.03845978,80.21237946,30058,30068,10
13.0376997,80.21237946,30068,30148,80
13.0376997,80.21237946,30148,30159,11
13.03730965,80.21237183,30159,30169,10
13.03670979,80.21234131,30169,30179,10
13.03594017,80.21234894,30179,30189,10
13.03514004,80.2122879,30189,30199,10
13.03450012,80.21218109,30199,30209,10
13.03404045,80.21215057,30209,30219,10
13.03402042,80.21214294,30219,30229,10
13.03388977,80.21209717,30229,30239,10
13.03334999,80.21199799,30239,30249,10
13.03254032,80.21183777,30249,30259,10
13.03201008,80.21138,30259,30270,11
13.0320797,80.21047211,30270,30280,10
13.03209019,80.20968628,30280,30290,10
13.0314703,80.20947266,30290,30300,10
13.03089046,80.20934296,30300,30310,10
13.03065968,80.20928955,30310,30320,10
13.03024006,80.20918274,30320,30330,10
13.02974033,80.20902252,30330,30340,10
13.02958965,80.20899963,30340,30350,10
13.0294199,80.20896912,30350,30360,10
13.0289402,80.20883942,30360,30370,10
13.02814007,80.20855713,30370,30381,11
13.0272398,80.20812225,30381,30391,10
13.02639961,80.20760345,30391,30401,10
13.02550983,80.20716095,30401,30411,10
13.02451992,80.20696259,30411,30421,10
13.02427006,80.20694733,30421,30431,10
13.02404022,80.20687103,30431,30441,10
13.02348042,80.20670319,30441,30451,10
13.02266979,80.20654297,30451,30461,10
13.02169991,80.20645905,30461,30471,10
13.02071953,80.20645905,30471,30482,11
13.01949978,80.20641327,30482,30492,10
13.01906013,80.20630646,30492,30502,10
13.01893044,80.20626831,30502,30511,9
13.01852036,80.20613098,30511,30522,11
13.01791,80.20594788,30522,30532,10
13.01751995,80.20574188,30532,30542,10
13.01708984,80.20555115,30542,30552,10
13.01634026,80.20530701,30552,30562,10
13.01558971,80.20503998,30562,30572,10
13.01473999,80.2046814,30572,30582,10
13.01393032,80.20446014,30582,30593,11
13.01358032,80.20465851,30593,30613,20
13.01358032,80.20465851,30613,30623,10
13.01344013,80.20510864,30623,30633,10
13.01321983,80.20574951,30633,30643,10
13.01305008,80.20659637,30643,30653,10
13.01299,80.20732117,30653,30663,10
13.01290035,80.20787811,30663,30673,10
13.0128603,80.2084198,30673,30683,10
13.01288033,80.20870972,30683,30693,10
13.01299,80.20919037,30693,30704,11
13.01319981,80.20979309,30704,30714,10
13.01313972,80.21042633,30714,30724,10
13.01286983,80.21125031,30724,30734,10
13.01243973,80.21202087,30734,30744,10
13.01204014,80.2126236,30744,30754,10
13.01179981,80.21282959,30754,30764,10
13.01148033,80.21257782,30764,30774,10
13.01084042,80.21212006,30774,30794,20
13.01084042,80.21212006,30794,30803,9
13.01064014,80.21196747,30803,30845,42
13.01045036,80.21179199,30845,30905,60
13.01045036,80.21179199,30905,30915,10
13.01006031,80.21150208,30915,30936,21
13.01006031,80.21150208,30936,30946,10
13.00990963,80.21138763,30946,30956,10
13.00971985,80.21125031,30956,30986,30
13.00971985,80.21125031,30986,30996,10
13.00949955,80.21105194,30996,31006,10
13.00942039,80.21102905,31006,31016,10
13.00916958,80.21130371,31016,31027,11
13.00903988,80.21173859,31027,31037,10
13.00922966,80.21231079,31037,31047,10
13.00949001,80.21305084,31047,31057,10
13.00977993,80.21378326,31057,31067,10
13.01004982,80.21443939,31067,31077,10
13.01018047,80.21508789,31077,31087,10
13.01029968,80.21585083,31087,31097,10
13.01066017,80.2166214,31097,31107,10
13.01107979,80.21752167,31107,31117,10
13.01148033,80.21858978,31117,31127,10
13.01185036,80.21965027,31127,31138,11
13.01218987,80.22077942,31138,31148,10
13.01237011,80.22144318,31148,31158,10
13.01270008,80.22200012,31158,31168,10
13.01327038,80.2226181,31168,31178,10
13.01383972,80.22324371,31178,31188,10
13.01432037,80.22384644,31188,31198,10
13.01484966,80.22447205,31198,31208,10
13.01535988,80.22509766,31208,31218,10
13.01539993,80.22518158,31218,31228,10
13.01546001,80.22534943,31228,31238,10
13.01531982,80.22577667,31238,31249,11
13.01467991,80.22608185,31249,31259,10
13.01385975,80.22637939,31259,31269,10
13.01294994,80.22673035,31269,31279,10
13.01194,80.22711945,31279,31289,10
13.01086044,80.22753143,31289,31299,10
13.00992012,80.22792816,31299,31309,10
13.0096302,80.22740173,31309,31319,10
13.0099802,80.2266922,31319,31329,10
13.0103302,80.22579193,31329,31339,10
13.01064968,80.22499847,31339,31349,10
13.01086998,80.22447205,31349,31360,11
13.01117039,80.22371674,31360,31370,10
13.01126957,80.22316742,31370,31380,10
13.01064968,80.22286987,31380,31390,10
13.0098896,80.22248077,31390,31400,10
13.00903988,80.22200775,31400,31410,10
13.00811005,80.22148895,31410,31420,10
13.00718975,80.22100067,31420,31430,10
13.00632954,80.22062683,31430,31440,10
13.00537968,80.22042084,31440,31450,10
13.00446987,80.22016907,31450,31460,10
13.00364017,80.22000122,31460,31471,11
13.00273037,80.21967316,31471,31481,10
13.00199032,80.21894836,31481,31491,10
13.00123024,80.2183075,31491,31501,10
13.00049973,80.21779633,31501,31511,10
12.99958992,80.21726227,31511,31521,10
12.99901962,80.21698761,31521,31531,10
12.99825954,80.21663666,31531,31541,10
12.99754047,80.21653748,31541,31551,10
12.99744034,80.21652985,31551,31561,10
12.99713993,80.21655273,31561,31570,9
12.99666023,80.21656036,31570,31582,12
12.99602985,80.21681976,31582,31592,10
12.99522018,80.21708679,31592,31602,10
12.99481964,80.21729279,31602,31612,10
12.99427986,80.21762848,31612,31622,10
12.99365044,80.21807861,31622,31632,10
12.99295044,80.21861267,31632,31642,10
12.99215984,80.21917725,31642,31652,10
12.99145031,80.21959686,31652,31662,10
12.99106026,80.21948242,31662,31672,10
12.99104977,80.21946716,31672,31683,11
12.9906702,80.21929932,31683,31693,10
12.98995972,80.21907043,31693,31703,10
12.98908043,80.21875763,31703,31713,10
12.98806,80.21846771,31713,31723,10
12.98725986,80.21835327,31723,31733,10
12.98707962,80.21832275,31733,31743,10
12.98680019,80.21826935,31743,31753,10
12.98616028,80.21807098,31753,31763,10
12.98515987,80.21794891,31763,31773,10
12.98425007,80.2179718,31773,31783,10
12.98396015,80.21797943,31783,31794,11
12.98371029,80.2179718,31794,31804,10
12.98305988,80.21794128,31804,31814,10
12.98219013,80.2179184,31814,31824,10
12.98116016,80.21810913,31824,31834,10
12.98011017,80.2184906,31834,31844,10
12.97935963,80.21881104,31844,31854,10
12.97873974,80.21907043,31854,31864,10
12.97821999,80.21927643,31864,31874,10
12.9774704,80.21958923,31874,31884,10
12.97655964,80.21997833,31884,31893,9
12.97585964,80.22029114,31893,31905,12
12.97560024,80.22045135,31905,31915,10
12.9755497,80.22077179,31915,31925,10
12.9758997,80.22102356,31925,32207,282
12.97605991,80.22122192,32207,33287,1080
12.97605991,80.22122192,33287,33297,10
12.97640991,80.22126007,33297,33307,10
12.97677994,80.22123718,33307,33317,10
12.97731018,80.22125244,33317,33327,10
12.97799015,80.22119141,33327,33337,10
12.97867012,80.22113037,33337,33348,11
12.97939968,80.22107697,33348,33358,10
12.98003006,80.22104645,33358,33368,10
12.98075962,80.22099304,33368,33378,10
12.98139954,80.22118378,33378,33388,10
12.98192024,80.22157288,33388,33398,10
12.98248959,80.22177887,33398,33408,10
12.98287964,80.22190857,33408,33418,10
12.98293018,80.22193909,33418,33428,10
12.98313046,80.22206116,33428,33438,10
12.98338985,80.22225189,33438,33448,10
12.9837904,80.2224884,33448,33459,11
12.9844799,80.22292328,33459,33469,10
12.98511982,80.22324371,33469,33479,10
12.98558044,80.22312164,33479,33489,10
12.98614979,80.22297668,33489,33499,10
12.98643017,80.22296906,33499,33509,10
12.98659992,80.22293854,33509,33519,10
12.98705959,80.22299957,33519,33529,10
12.98764992,80.22303772,33529,33539,10
12.98824024,80.22274017,33539,33549,10
12.98882961,80.22218323,33549,33560,11
12.98943043,80.22145844,33560,33570,10
12.98993969,80.22075653,33570,33580,10
12.99055004,80.22029114,33580,33590,10
12.99116993,80.21981049,33590,33600,10
12.99186993,80.21929932,33600,33610,10
12.9925499,80.21881866,33610,33620,10
12.99335957,80.21826172,33620,33630,10
12.99407959,80.21772003,33630,33640,10
12.99452019,80.21736145,33640,33650,10
12.99473953,80.21720123,33650,33660,10
12.99499989,80.21703339,33660,33670,10
12.99547005,80.21678925,33670,33681,11
12.9962101,80.21659851,33681,33691,10
12.99699974,80.21650696,33691,33701,10
12.99746037,80.2162323,33701,33711,10
12.99757004,80.21614075,33711,33721,10
12.99771976,80.21598053,33721,33731,10
12.99808025,80.21563721,33731,33741,10
12.99864006,80.21520996,33741,33751,10
12.9991703,80.21476746,33751,33761,10
12.99934006,80.21459198,33761,33771,10
12.99973965,80.21425629,33771,33780,9
13.00008965,80.21394348,33780,33792,12
13.00070953,80.21337891,33792,33802,10
13.00100994,80.21309662,33802,33812,10
13.00137997,80.21286011,33812,33822,10
13.00181007,80.21253967,33822,33832,10
13.00214958,80.21234131,33832,33842,10
13.00269032,80.21214294,33842,33852,10
13.00327015,80.21209717,33852,33862,10
13.00352001,80.21204376,33862,33872,10
13.0036602,80.21195984,33872,33882,10
13.00368023,80.21192932,33882,33893,11
13.00374985,80.21160126,33893,33903,10
13.00368977,80.21103668,33903,33913,10
13.00360012,80.21031952,33913,33923,10
13.00352955,80.20957184,33923,33933,10
13.00368023,80.20883179,33933,33943,10
13.00438976,80.20877838,33943,33953,10
13.00533009,80.20922089,33953,33963,10
13.00611973,80.20951843,33963,33973,10
13.0067997,80.20973969,33973,33983,10
13.00726986,80.20980072,33983,33993,10
13.00730991,80.20980835,33993,34004,11
13.00763988,80.2098999,34004,34014,10
13.0079298,80.20993805,34014,34024,10
13.0080204,80.20996094,34024,34034,10
13.00819969,80.20993042,34034,34044,10
13.00813007,80.20942688,34044,34054,10
13.00796986,80.20861816,34054,34064,10
13.00778008,80.20762634,34064,34074,10
13.00763988,80.2066803,34074,34084,10
13.00751972,80.20578766,34084,34094,10
13.00749969,80.20480347,34094,34104,10
13.00747967,80.20394897,34104,34115,11
13.00736046,80.20310211,34115,34125,10
13.00681019,80.20256805,34125,34135,10
13.00656033,80.20314789,34135,34145,10
13.00699997,80.20349884,34145,34155,10
13.00749969,80.20368195,34155,34165,10
13.00823975,80.20371246,34165,34175,10
13.00924969,80.20362854,34175,34185,10
13.01029968,80.2035675,34185,34195,10
13.01140976,80.20366669,34195,34205,10
13.01261997,80.20391846,34205,34215,10
13.0134201,80.20410919,34215,34226,11
13.01387024,80.20423889,34226,34236,10
13.01447964,80.20448303,34236,34246,10
13.01533985,80.20482635,34246,34256,10
13.01605988,80.20511627,34256,34266,10
13.01626015,80.20513916,34266,34276,10
13.01677036,80.20548248,34276,34286,10
13.01825047,80.20587158,34286,34306,20
13.01825047,80.20587158,34306,34316,10
13.01867962,80.20597076,34316,34326,10
13.01931953,80.2061615,34326,34337,11
13.02015972,80.2062912,34337,34347,10
13.02087975,80.20629883,34347,34357,10
13.02145004,80.20630646,34357,34367,10
13.02198982,80.20630646,34367,34377,10
13.02250004,80.20636749,34377,34387,10
13.02318001,80.20652771,34387,34397,10
13.02390957,80.20664215,34397,34407,10
13.02435017,80.20670319,34407,34417,10
13.02458954,80.20674133,34417,34427,10
13.02511978,80.20687866,34427,34437,10
13.02579975,80.20713043,34437,34448,11
13.02657032,80.20758057,34448,34458,10
13.02735996,80.20806122,34458,34468,10
13.02818012,80.20848083,34468,34478,10
13.02896976,80.20870972,34478,34488,10
13.02987957,80.20892334,34488,34508,20
13.02987957,80.20892334,34508,34518,10
13.03022003,80.208992,34518,34528,10
13.03079987,80.20916748,34528,34538,10
13.0313797,80.20935059,34538,34548,10
13.03147984,80.20938873,34548,34559,11
13.03168964,80.20944977,34559,34569,10
13.03227997,80.2095871,34569,34579,10
13.03295994,80.20970154,34579,34589,10
13.03369999,80.20986938,34589,34599,10
13.03442001,80.2099762,34599,34609,10
13.03497982,80.2101593,34609,34619,10
13.03497982,80.21083832,34619,34639,20
13.03497982,80.21083832,34639,34649,10
13.03499985,80.21092224,34649,34659,10
13.03501034,80.21121216,34659,34670,11
13.03501034,80.21128082,34670,34680,10
13.03495979,80.2115097,34680,34690,10
13.0349102,80.21198273,34690,34720,30
13.0349102,80.21198273,34720,34730,10
13.03493023,80.21212769,34730,34740,10
13.03509998,80.21228027,34740,34750,10
13.03561974,80.21231079,34750,34760,10
13.03619957,80.21228027,34760,34770,10
13.03647995,80.21227264,34770,34781,11
13.03668022,80.21225739,34781,34791,10
13.03684044,80.21224976,34791,34801,10
13.03691006,80.21225739,34801,34811,10
13.03726959,80.21222687,34811,34821,10
13.03789043,80.21224213,34821,34831,10
13.0387001,80.21224976,34831,34841,10
13.03962994,80.21228027,34841,34851,10
13.04065037,80.21230316,34851,34861,10
13.04172993,80.2122879,34861,34871,10
13.04269028,80.21227264,34871,34880,9
13.04345036,80.21221924,34880,34892,12
13.04389954,80.21224976,34892,34902,10
13.04405975,80.21225739,34902,34942,40
13.04405975,80.21225739,34942,34952,10
13.04428005,80.21227264,34952,34962,10
13.04467964,80.21224976,34962,34972,10
13.04537964,80.21224976,34972,34982,10
13.04621983,80.21222687,34982,34993,11
13.04716015,80.21219635,34993,35003,10
13.04850006,80.2120285,35003,35023,20
13.04850006,80.2120285,35023,35033,10
13.04870033,80.21201324,35033,35043,10
13.04907036,80.21196747,35043,35053,10
13.0496397,80.21192932,35053,35063,10
13.05004025,80.21192169,35063,35073,10
13.05039024,80.21193695,35073,35083,10
13.05084038,80.21201324,35083,35093,10
13.05144024,80.21204376,35093,35104,11
13.05233002,80.21192169,35104,35114,10
13.05307961,80.21174622,35114,35124,10
13.05391026,80.21153259,35124,35134,10
13.05422974,80.21143341,35134,35144,10
13.05432034,80.21141815,35144,35154,10
13.05455971,80.21140289,35154,35164,10
13.05502033,80.21140289,35164,35174,10
13.05591011,80.21144867,35174,35184,10
13.05692005,80.2114563,35184,35194,10
13.05749989,80.21144104,35194,35203,9
13.05757046,80.21143341,35203,35215,12
13.05817032,80.21144104,35215,35225,10
13.05887985,80.21148682,35225,35235,10
13.05972958,80.21153259,35235,35245,10
13.06066036,80.21157837,35245,35255,10
13.06147003,80.21163177,35255,35265,10
13.06233978,80.21160126,35265,35275,10
13.06338978,80.21154022,35275,35285,10
13.06447983,80.21134186,35285,35295,10
13.06556988,80.21064758,35295,35305,10
13.06647015,80.2098999,35305,35314,9
13.06737041,80.20870972,35314,35336,22
13.06737041,80.20870972,35336,35346,10
13.06752014,80.20847321,35346,35356,10
13.0678196,80.20793915,35356,35366,10
13.0683403,80.20716095,35366,35376,10
13.06898022,80.20620728,35376,35386,10
13.06949043,80.20536041,35386,35396,10
13.06966972,80.20500183,35396,35406,10
13.06931973,80.20487213,35406,35416,10
13.0690403,80.20536041,35416,35426,10
13.06871033,80.20504761,35426,35447,21
13.06871033,80.20504761,35447,35457,10
13.06873989,80.20491791,35457,35467,10
13.06892967,80.20472717,35467,35477,10
13.06931019,80.20475006,35477,35487,10
13.06956005,80.20478058,35487,35497,10
13.06962013,80.20478821,35497,35507,10
13.06997013,80.20468903,35507,35517,10
13.0703001,80.20422363,35517,35527,10
13.07079029,80.2036438,35527,35536,9
13.07126999,80.20307922,35536,35548,12
13.07184029,80.20243835,35548,35558,10
13.07217026,80.20205688,35558,35568,10
13.0723896,80.20184326,35568,35578,10
13.07273006,80.20143127,35578,35588,10
13.07304001,80.20105743,35588,35598,10
13.0731802,80.20085144,35598,35608,10
13.0733099,80.20072174,35608,35618,10
13.07361031,80.20040894,35618,35628,10
13.07406998,80.19992065,35628,35638,10
13.0743103,80.19963074,35638,35648,10
13.07448006,80.19944763,35648,35659,11
13.0745697,80.19936371,35659,35669,10
13.07499027,80.19909668,35669,35679,10
13.07567978,80.19902039,35679,35689,10
13.07653999,80.1989975,35689,35699,10
13.07736015,80.19895172,35699,35709,10
13.0781498,80.19883728,35709,35719,10
13.07890034,80.1987381,35719,35729,10
13.07954025,80.19869232,35729,35739,10
13.08024979,80.19863129,35739,35749,10
13.08094978,80.19857025,35749,35759,10
13.08162975,80.19856262,35759,35770,11
13.08234024,80.1984787,35770,35780,10
13.0824604,80.19846344,35780,35790,10
13.0825901,80.19846344,35790,35800,10
13.08288002,80.19848633,35800,35810,10
13.08333969,80.1984787,35810,35820,10
13.08390045,80.19846344,35820,35830,10
13.0843401,80.19846344,35830,35840,10
13.08489037,80.19846344,35840,35850,10
13.08543968,80.19841003,35850,35860,10
13.08600998,80.19841766,35860,35870,10
13.08654976,80.19837952,35870,35881,11
13.08703995,80.19841766,35881,35901,20
13.08703995,80.19841766,35901,35911,10
13.08707047,80.19811249,35911,35921,10
13.08708954,80.19802856,35921,35931,10
13.08714962,80.19769287,35931,35941,10
13.08716965,80.19698334,35941,35951,10
13.08714008,80.19612885,35951,35961,10
13.08718967,80.19535065,35961,35971,10
13.08722973,80.19457245,35971,35982,11
13.08722973,80.1936264,35982,35992,10
13.08722973,80.19313049,35992,36002,10
13.08724022,80.19307709,36002,36012,10
13.08726025,80.19300842,36012,36022,10
13.08726978,80.19264221,36022,36032,10
13.08734035,80.1920929,36032,36042,10
13.08742046,80.19142151,36042,36052,10
13.08755016,80.19052124,36052,36062,10
13.08773994,80.18908691,36062,36082,20
13.08773994,80.18908691,36082,36092,10
13.08773994,80.18874359,36092,36103,11
13.08771038,80.18856812,36103,36113,10
13.08767033,80.1882019,36113,36123,10
13.08773041,80.18779755,36123,36133,10
13.08773994,80.18727875,36133,36143,10
13.08780003,80.1865921,36143,36153,10
13.08788013,80.18591309,36153,36163,10
13.08788967,80.18553925,36163,36173,10
13.08794022,80.18502045,36173,36183,10
13.08796024,80.18435669,36183,36193,10
13.08802032,80.18360138,36193,36204,11
13.08806038,80.18270874,36204,36214,10
13.08808041,80.18199921,36214,36224,10
13.08808994,80.1811676,36224,36234,10
13.08808994,80.1805191,36234,36244,10
13.08806038,80.17997742,36244,36254,10
13.08804989,80.17958832,36254,36264,10
13.08806992,80.17907715,36264,36274,10
13.08808041,80.17902374,36274,36284,10
13.08808994,80.17868805,36284,36294,10
13.08808994,80.1781311,36294,36304,10
13.08810997,80.17752838,36304,36315,11
13.08813953,80.17723083,36315,36325,10
13.08815002,80.17709351,36325,36335,10
13.08819962,80.17666626,36335,36345,10
13.08825016,80.17591095,36345,36355,10
13.08831978,80.17504883,36355,36365,10
13.08837986,80.1743927,36365,36375,10
13.08845997,80.1735611,36375,36385,10
13.08850002,80.17276764,36385,36395,10
13.08850002,80.17220306,36395,36405,10
13.08852005,80.17212677,36405,36415,10
13.08858013,80.17189789,36415,36426,11
13.0885601,80.1712265,36426,36436,10
13.08858967,80.17066193,36436,36446,10
13.08864975,80.17021179,36446,36456,10
13.08864021,80.16986847,36456,36466,10
13.08878994,80.16953278,36466,36476,10
13.08938026,80.16956329,36476,36486,10
13.09014988,80.16960907,36486,36496,10
13.09109974,80.16966248,36496,36506,10
13.09193039,80.16969299,36506,36516,10
13.09288979,80.16977692,36516,36526,10
13.09377956,80.1697998,36526,36537,11
13.09459972,80.16983032,36537,36547,10
13.09482002,80.16983795,36547,36557,10
13.0951004,80.16989136,36557,36567,10
13.09564018,80.1699295,36567,36577,10
13.09638023,80.16995239,36577,36587,10
13.09724998,80.16999054,36587,36597,10
13.09799957,80.17002869,36597,36607,10
13.09879017,80.17008209,36607,36617,10
13.09961987,80.1699295,36617,36648,31
13.09961987,80.1699295,36648,36658,10
13.09967995,80.16973877,36658,36668,10
13.09943008,80.1696701,36668,36678,10
13.09939003,80.16983795,36678,36779,101
13.09945011,80.17017365,36779,37697,918
13.09945011,80.17017365,37697,37707,10
13.09920025,80.17024994,37707,37717,10
13.09852982,80.1701889,37717,37727,10
13.09766006,80.17011261,37727,37737,10
13.09667969,80.17002869,37737,37747,10
13.0957098,80.16996765,37747,37758,11
13.09490967,80.16988373,37758,37768,10
13.0945797,80.16985321,37768,37778,10
13.09424973,80.16985321,37778,37788,10
13.09368038,80.16979218,37788,37798,10
13.09284019,80.1696701,37798,37808,10
13.09189987,80.16969299,37808,37818,10
13.0910902,80.16963959,37818,37828,10
13.09016037,80.16957855,37828,37838,10
13.08897018,80.16957092,37838,37869,31
13.08897018,80.16957092,37869,37879,10
13.08866978,80.16969299,37879,37889,10
13.08862972,80.17024231,37889,37899,10
13.08858013,80.17111206,37899,37909,10
13.0885601,80.17195892,37909,37919,10
13.08854008,80.17205811,37919,37929,10
13.08850002,80.17247009,37929,37939,10
13.08845997,80.17327118,37939,37949,10
13.08841038,80.17420197,37949,37959,10
13.0883503,80.17501068,37959,37969,10
13.08829975,80.1756897,37969,37980,11
13.0882597,80.17653656,37980,37990,10
13.08823967,80.17727661,37990,38000,10
13.08823967,80.17849731,38000,38030,30
13.08823967,80.17849731,38030,38040,10
13.08821011,80.17887115,38040,38050,10
13.08821964,80.1791687,38050,38060,10
13.08821964,80.17917633,38060,38070,10
13.08821964,80.17933655,38070,38080,10
13.08819962,80.17970276,38080,38091,11
13.08817959,80.18041229,38091,38101,10
13.08815956,80.18106842,38101,38111,10
13.08813953,80.18183136,38111,38121,10
13.08810043,80.18256378,38121,38131,10
13.08798981,80.18444824,38131,38141,10
13.08798981,80.18444824,38141,38151,10
13.08796978,80.18512726,38151,38160,9
13.08778,80.18978119,38160,38230,70
13.08777046,80.18979645,38230,38280,50
13.08777046,80.18979645,38280,38290,10
13.08771038,80.18994141,38290,38300,10
13.0876503,80.1904068,38300,38311,11
13.08753967,80.19130707,38311,38321,10
13.08743954,80.19223022,38321,38331,10
13.08738995,80.19265747,38331,38341,10
13.08734989,80.19309235,38341,38351,10
13.08730984,80.19378662,38351,38361,10
13.08728027,80.1944809,38361,38371,10
13.08726978,80.19506073,38371,38381,10
13.08726025,80.19564056,38381,38391,10
13.08724022,80.19638824,38391,38401,10
13.08722019,80.19718933,38401,38411,10
13.08722019,80.19785309,38411,38422,11
13.08728981,80.19833374,38422,38432,10
13.08740044,80.19847107,38432,38442,10
13.08786011,80.19846344,38442,38452,10
13.08845997,80.19841003,38452,38462,10
13.08897018,80.1984024,38462,38472,10
13.08952999,80.19843292,38472,38482,10
13.09025002,80.19848633,38482,38492,10
13.09097958,80.19856262,38492,38502,10
13.09179974,80.19862366,38502,38512,10
13.09253025,80.19863129,38512,38522,10
13.09296036,80.19869995,38522,38533,11
13.09294987,80.19922638,38533,38543,10
13.09286022,80.20005798,38543,38553,10
13.09286022,80.20046997,38553,38563,10
13.09253979,80.20054626,38563,38573,10
13.09197044,80.20046997,38573,38583,10
13.09109974,80.2004776,38583,38593,10
13.09035969,80.20041656,38593,38603,10
13.08952999,80.20043945,38603,38613,10
13.08874035,80.20037842,38613,38623,10
13.08788013,80.20037842,38623,38633,10
13.08749962,80.20040131,38633,38644,11
13.08738041,80.20039368,38644,38654,10
13.0872097,80.20040131,38654,38664,10
13.0868597,80.20037842,38664,38674,10
13.08625984,80.20036316,38674,38684,10
13.08563042,80.20034027,38684,38694,10
13.08539009,80.20028687,38694,38704,10
13.08530045,80.19991302,38704,38714,10
13.08532047,80.19924164,38714,38724,10
13.0852499,80.19875336,38724,38734,10
13.08502007,80.19869995,38734,38744,10
13.08460045,80.19864655,38744,38755,11
13.0841198,80.1986618,38755,38765,10
13.08372021,80.19867706,38765,38775,10
13.08316994,80.19863892,38775,38825,50
13.08316994,80.19863892,38825,38835,10
13.08283043,80.19860077,38835,38845,10
13.08232021,80.19862366,38845,38855,10
13.08187008,80.1986618,38855,38866,11
13.08125973,80.19863129,38866,38876,10
13.08065987,80.19864655,38876,38886,10
13.07993984,80.19870758,38886,38896,10
13.07919979,80.19875336,38896,38906,10
13.07847977,80.19883728,38906,38916,10
13.07765007,80.19895935,38916,38926,10
13.07668018,80.19907379,38926,38936,10
13.07575989,80.19920349,38936,38946,10
13.0749197,80.19941711,38946,38956,10
13.07409954,80.19998169,38956,38966,10
13.07363033,80.20052338,38966,38977,11
13.07361984,80.20052338,38977,38987,10
13.07334995,80.20085144,38987,38997,10
13.07285023,80.20142365,38997,39007,10
13.07219982,80.20217133,39007,39017,10
13.07141972,80.20303345,39017,39027,10
13.07059956,80.20397949,39027,39037,10
13.07007027,80.20468903,39037,39047,10
13.06976032,80.20498657,39047,39057,10
13.0693903,80.20482635,39057,39067,10
13.06902981,80.20532227,39067,39078,11
13.06797028,80.20533752,39078,39108,30
13.06797028,80.20533752,39108,39118,10
13.06814003,80.20500183,39118,39128,10
13.06857967,80.20480347,39128,39138,10
13.06877995,80.20475006,39138,39148,10
13.0689497,80.20471954,39148,39158,10
13.06898975,80.20471954,39158,39168,10
13.06925964,80.20471954,39168,39178,10
13.06933022,80.20472717,39178,39188,10
13.06966972,80.20478058,39188,39209,21
13.06966972,80.20478058,39209,39219,10
13.06970024,80.20532227,39219,39229,10
13.06925964,80.20601654,39229,39239,10
13.06871033,80.20687866,39239,39249,10
13.06809998,80.20786285,39249,39259,10
13.06760025,80.20861816,39259,39269,10
13.06713009,80.20935822,39269,39279,10
13.06637001,80.21013641,39279,39289,10
13.06544018,80.21090698,39289,39299,10
13.06503963,80.21125793,39299,39310,11
13.06497002,80.21134949,39310,39320,10
13.06449986,80.21156311,39320,39330,10
13.06381035,80.21167755,39330,39340,10
13.06324959,80.21170807,39340,39350,10
13.06260967,80.21173859,39350,39360,10
13.06196976,80.21169281,39360,39370,10
13.0613203,80.21157074,39370,39380,10
13.06040001,80.21164703,39380,39390,10
13.05955029,80.21164703,39390,39400,10
13.05912018,80.2116394,39400,39410,10
13.05873966,80.21160889,39410,39421,11
13.0583601,80.21160126,39421,39431,10
13.05780029,80.21160126,39431,39441,10
13.05694008,80.21157074,39441,39451,10
13.05593014,80.2115097,39451,39461,10
13.05494022,80.21150208,39461,39471,10
13.05461025,80.21153259,39471,39481,10
13.05426979,80.21159363,39481,39491,10
13.05362034,80.21173859,39491,39501,10
13.05292034,80.21192169,39501,39511,10
13.05233955,80.21205902,39511,39521,10
13.05189991,80.21218109,39521,39532,11
13.05177975,80.21218109,39532,39542,10
13.05125999,80.21208954,39542,39562,20
13.05125999,80.21208954,39562,39572,10
13.05062962,80.21204376,39572,39592,20
13.05062962,80.21204376,39592,39602,10
13.05033016,80.21208954,39602,39612,10
13.05006027,80.21215057,39612,39622,10
13.04981041,80.21215057,39622,39632,10
13.04948044,80.21212769,39632,39643,11
13.04940033,80.21214294,39643,39653,10
13.04903984,80.21217346,39653,39663,10
13.04835033,80.21221924,39663,39673,10
13.04749966,80.21231842,39673,39683,10
13.04650021,80.21237946,39683,39693,10
13.04557991,80.21243286,39693,39703,10
13.04512978,80.21244812,39703,39713,10
13.04512024,80.21244049,39713,39723,10
13.04500008,80.21244049,39723,39733,10
13.04454041,80.21244049,39733,39743,10
13.04395962,80.21240997,39743,39754,11
13.0433197,80.21237946,39754,39764,10
13.04248047,80.21234894,39764,39774,10
13.04146004,80.21238708,39774,39784,10
13.04041958,80.21247864,39784,39794,10
13.03948975,80.21246338,39794,39804,10
13.0389204,80.21248627,39804,39814,10
13.03827,80.21240997,39814,39824,10
13.03822041,80.21240997,39824,39834,10
13.03791046,80.21240234,39834,39844,10
13.0374403,80.21237946,39844,39853,9
13.03697014,80.21235657,39853,39865,12
13.03625011,80.21233368,39865,39875,10
13.03584003,80.21237946,39875,39885,10
13.03567028,80.21237183,39885,39895,10
13.03522968,80.21233368,39895,39905,10
13.0348196,80.21224213,39905,39915,10
13.03435993,80.21218109,39915,39965,50
13.03435993,80.21218109,39965,39976,11
13.03392029,80.21208954,39976,39986,10
13.03337002,80.21195221,39986,39996,10
13.03254986,80.21180725,39996,40006,10
13.03194046,80.21151733,40006,40016,10
13.03201962,80.21079254,40016,40026,10
13.03211975,80.20992279,40026,40036,10
13.03178978,80.20951843,40036,40046,10
13.03100014,80.2093277,40046,40056,10
13.0306797,80.20926666,40056,40066,10
13.03040981,80.20922089,40066,40076,10
13.03003025,80.20908356,40076,40087,11
13.02952957,80.2089386,40087,40097,10
13.02933025,80.20886993,40097,40107,10
13.02865982,80.20870209,40107,40117,10
13.02783012,80.20842743,40117,40127,10
13.02707005,80.20800018,40127,40137,10
13.02635002,80.20755005,40137,40147,10
13.02562046,80.20717621,40147,40157,10
13.02507973,80.20703125,40157,40167,10
13.02486038,80.2069931,40167,40177,10
13.02472019,80.20694733,40177,40187,10
13.02455044,80.20693207,40187,40198,11
13.02425957,80.20687103,40198,40208,10
13.02381039,80.20678711,40208,40218,10
13.02324963,80.20667267,40218,40228,10
13.02264977,80.20658112,40228,40238,10
13.02192974,80.20645905,40238,40248,10
13.02105045,80.20642853,40248,40258,10
13.02000046,80.20645142,40258,40268,10
13.0191803,80.20635223,40268,40278,10
13.01908016,80.20632172,40278,40288,10
13.01877975,80.20619202,40288,40298,10
13.01803017,80.20594025,40298,40309,11
13.01737976,80.20571136,40309,40319,10
13.01720047,80.20561218,40319,40329,10
13.01702023,80.20558929,40329,40339,10
13.01611042,80.20526123,40339,40349,10
13.01527977,80.2049408,40349,40359,10
13.01441002,80.20464325,40359,40369,10
13.01387024,80.204422,40369,40379,10
13.01373959,80.20437622,40379,40389,10
13.01360035,80.20439911,40389,40399,10
13.01352024,80.20471954,40399,40409,10
13.01334,80.2052536,40409,40420,11
13.01307964,80.20614624,40420,40430,10
13.01296043,80.2070694,40430,40440,10
13.01286983,80.20768738,40440,40450,10
13.01286983,80.20812988,40450,40460,10
13.01286983,80.20854187,40460,40470,10
13.01294041,80.20896912,40470,40480,10
13.01311016,80.20948029,40480,40490,10
13.01319981,80.20987701,40490,40500,10
13.01313972,80.21031952,40500,40510,10
13.01299953,80.21089935,40510,40519,9
13.01270008,80.21150208,40519,40531,12
13.01226044,80.21224976,40531,40541,10
13.01193047,80.21269989,40541,40551,10
13.01167011,80.21273804,40551,40561,10
13.01123047,80.21240234,40561,40571,10
13.01074028,80.2120285,40571,40581,10
13.01035023,80.21170044,40581,40591,10
13.01014042,80.21151733,40591,40601,10
13.00971985,80.21121979,40601,40642,41
13.00944996,80.21103668,40642,40672,30
13.00944996,80.21103668,40672,40682,10
13.00918007,80.21122742,40682,40692,10
13.00901031,80.21147156,40692,40702,10
13.00907993,80.21183777,40702,40712,10
13.00924015,80.21247101,40712,40722,10
13.00946999,80.21312714,40722,40732,10
13.00975037,80.21379852,40732,40742,10
13.01004028,80.21452332,40742,40753,11
13.01016998,80.21546936,40753,40763,10
13.01041985,80.21626282,40763,40773,10
13.01082993,80.21710205,40773,40783,10
13.01119995,80.21790314,40783,40793,10
13.01148987,80.21872711,40793,40803,10
13.01175976,80.21956635,40803,40813,10
13.01202965,80.22045135,40813,40823,10
13.01226044,80.22119141,40823,40833,10
13.01235962,80.2213974,40833,40843,10
13.01288986,80.22202301,40843,40852,9
13.01333046,80.22264862,40852,40864,12
13.01393986,80.22353363,40864,40874,10
13.01449013,80.22409058,40874,40884,10
13.01509953,80.22470856,40884,40894,10
13.01544952,80.22524261,40894,40904,10
13.01539993,80.22554779,40904,40914,10
13.01527977,80.22580719,40914,40924,10
13.01521969,80.22586823,40924,40934,10
13.01494026,80.22595978,40934,40944,10
13.01443958,80.22611237,40944,40954,10
13.01371002,80.22638702,40954,40963,9
13.01303005,80.22667694,40963,40975,12
13.01204967,80.22705841,40975,40985,10
13.0111599,80.22737885,40985,40995,10
13.01027012,80.22773743,40995,41005,10
13.00959969,80.22782898,41005,41015,10
13.00961971,80.22731018,41015,41025,10
13.00994968,80.22663879,41025,41035,10
13.01027966,80.22577667,41035,41045,10
13.01066971,80.22490692,41045,41055,10
13.01091003,80.22428131,41055,41065,10
13.01113987,80.22374725,41065,41075,10
13.01126957,80.22341919,41075,41086,11
13.01128006,80.22324371,41086,41096,10
13.01086998,80.22299194,41096,41106,10
13.01019001,80.22267151,41106,41116,10
13.00938988,80.222229,41116,41126,10
13.00858021,80.22177887,41126,41136,10
13.00790024,80.22144318,41136,41146,10
13.00712013,80.22103119,41146,41156,10
13.00638008,80.22068024,41156,41166,10
13.00549984,80.22045898,41166,41176,10
13.00473976,80.22028351,41176,41186,10
13.00407028,80.22010803,41186,41197,11
13.00333023,80.21994781,41197,41207,10
13.00267029,80.2196579,41207,41217,10
13.00209999,80.21916199,41217,41227,10
13.00162983,80.21871185,41227,41237,10
13.00111008,80.21829987,41237,41247,10
13.0005703,80.2179184,41247,41256,9
12.99997997,80.21755219,41256,41267,11
12.99921989,80.21711731,41267,41277,10
12.99841976,80.21672821,41277,41287,10
12.99767971,80.21655273,41287,41297,10
12.99726009,80.21652222,41297,41308,11
12.99693966,80.21650696,41308,41318,10
12.99641991,80.21658325,41318,41328,10
12.99553013,80.21676636,41328,41338,10
12.99508953,80.21697998,41338,41348,10
12.99505997,80.21698761,41348,41358,10
12.99489975,80.21710968,41358,41368,10
12.99454021,80.21736145,41368,41378,10
12.99409962,80.21765137,41378,41388,10
12.99372005,80.21793365,41388,41398,10
12.99312973,80.2183609,41398,41408,10
12.99258995,80.21878815,41408,41419,11
12.99176979,80.2193985,41419,41429,10
12.99143982,80.21955872,41429,41439,10
12.99098015,80.21942139,41439,41449,10
12.99022007,80.21916962,41449,41459,10
12.98939037,80.21888733,41459,41469,10
12.98855019,80.21858215,41469,41479,10
12.98777008,80.21839905,41479,41489,10
12.9871397,80.21829987,41489,41499,10
12.98701,80.21826935,41499,41509,10
12.98682022,80.21822357,41509,41519,10
12.98628044,80.21808624,41519,41530,11
12.98542023,80.21794128,41530,41540,10
12.98472023,80.21793365,41540,41550,10
12.98419952,80.21794128,41550,41560,10
12.98394966,80.2179718,41560,41570,10
12.9837904,80.21797943,41570,41580,10
12.9832201,80.21797943,41580,41590,10
12.98246002,80.21795654,41590,41600,10
12.98194981,80.21797943,41600,41610,10
12.98120022,80.2181015,41610,41620,10
12.98036003,80.2183609,41620,41631,11
12.97968006,80.21864319,41631,41641,10
12.97908974,80.21891785,41641,41651,10
12.97865963,80.21910095,41651,41661,10
12.97811985,80.21930695,41661,41671,10
12.97745037,80.21956635,41671,41681,10
12.97673988,80.21988678,41681,41691,10
12.97624016,80.22010803,41691,41701,10
12.97616005,80.22015381,41701,41711,10
12.97599983,80.2201767,41711,41762,51
12.97566986,80.22033691,41762,41903,141
12.97566986,80.22033691,41903,41913,10
12.97546959,80.22065735,41913,41923,10
12.97583961,80.22094727,41923,42054,131
12.97603035,80.22122192,42054,42206,152
12.97603035,80.22122192,42206,42216,10
12.97618961,80.22129059,42216,42226,10
12.97646046,80.22128296,42226,42236,10
12.9771204,80.22128296,42236,42256,20
12.9771204,80.22128296,42256,42266,10
12.97754955,80.22119141,42266,42276,10
12.97801971,80.22116089,42276,42286,10
12.97869968,80.221138,42286,42296,10
12.97939014,80.22109985,42296,42307,11
12.98021984,80.22109222,42307,42317,10
12.98083973,80.22097778,42317,42327,10
12.98132038,80.22113037,42327,42337,10
12.98163986,80.22126007,42337,42347,10
12.98180962,80.22135162,42347,42357,10
12.98235989,80.22164154,42357,42377,20
12.98235989,80.22164154,42377,42387,10
12.98287964,80.22187805,42387,42418,31
12.98287964,80.22187805,42418,42428,10
12.98332024,80.22212219,42428,42438,10
12.98367977,80.22232056,42438,42448,10
12.98410988,80.22257233,42448,42458,10
12.98466015,80.22290039,42458,42468,10
12.98528004,80.22312164,42468,42478,10
12.98569012,80.22290802,42478,42488,10
12.98635006,80.22283173,42488,42498,10
12.98647022,80.22283936,42498,42508,10
12.9868803,80.22293854,42508,42518,10
12.98731041,80.22299194,42518,42529,11
12.98787022,80.22273254,42529,42539,10
12.98857021,80.22225952,42539,42549,10
12.98908043,80.22170258,42549,42559,10
12.9895401,80.22116852,42559,42569,10
12.99015999,80.22055054,42569,42579,10
12.99081039,80.22000885,42579,42589,10
12.99147987,80.2195282,42589,42599,10
12.99201012,80.21916962,42599,42609,10
12.99265003,80.21867371,42609,42619,10
12.99365044,80.21797943,42619,42640,21
12.99384022,80.21787262,42640,42660,20
12.99384022,80.21787262,42660,42670,10
12.99403954,80.21778107,42670,42680,10
12.99431038,80.21755981,42680,42690,10
12.99456024,80.21737671,42690,42700,10
12.99479961,80.21720123,42700,42709,9
12.99512005,80.21697998,42709,42720,11
12.99553967,80.21672058,42720,42730,10
12.99623013,80.21652985,42730,42740,10
12.99682999,80.21646118,42740,42751,11
12.99744034,80.21611786,42751,42771,20
12.99744034,80.21611786,42771,42781,10
12.9976902,80.2159729,42781,42791,10
12.99806976,80.21562958,42791,42801,10
12.99862957,80.21514893,42801,42811,10
12.9990797,80.21472168,42811,42821,10
12.99946022,80.21443176,42821,42831,10
12.99989986,80.21405792,42831,42841,10
13.00037956,80.21362305,42841,42851,10
13.00084019,80.21321869,42851,42862,11
13.00123978,80.21283722,42862,42872,10
13.00189972,80.21240234,42872,42882,10
13.00249958,80.21214294,42882,42892,10
13.00306034,80.21205139,42892,42902,10
13.00358009,80.21198273,42902,42912,10
13.00362968,80.21195221,42912,42922,10
13.00370979,80.21182251,42922,42932,10
13.00370979,80.21127319,42932,42942,10
13.00364017,80.21060944,42942,42952,10
13.00354004,80.20999146,42952,42962,10
13.00356007,80.20934296,42962,42973,11
13.00393009,80.20861053,42973,42983,10
13.00485992,80.20900726,42983,42993,10
13.00588036,80.20944977,42993,43003,10
13.00662994,80.20968628,43003,43013,10
13.00722027,80.20979309,43013,43023,10
13.00726032,80.20980072,43023,43033,10
13.00741005,80.20986938,43033,43043,10
13.00782013,80.20996094,43043,43053,10
13.00815964,80.20983887,43053,43063,10
13.00804043,80.20919037,43063,43073,10
13.00788975,80.20828247,43073,43084,11
13.00772953,80.20716858,43084,43094,10
13.00761032,80.20623016,43094,43104,10
13.00751019,80.20526886,43104,43114,10
13.00749969,80.20440674,43114,43124,10
13.00741959,80.20355988,43124,43134,10
13.00712013,80.20258331,43134,43144,10
13.00650978,80.20288849,43144,43154,10
13.00685024,80.20339203,43154,43164,10
13.00741005,80.20362854,43164,43174,10
13.00819016,80.20371246,43174,43183,9
13.00914001,80.20365143,43183,43195,12
13.01072025,80.20362854,43195,43205,10
13.01196957,80.20378113,43205,43215,10
13.0131197,80.2040329,43215,43225,10
13.01406956,80.20433807,43225,43235,10
13.01511955,80.20471191,43235,43245,10
13.01628017,80.20519257,43245,43255,10
13.01692963,80.20517731,43255,43265,10
13.01747036,80.20554352,43265,43275,10
13.01805973,80.20580292,43275,43285,10
13.01861,80.20597839,43285,43295,10
13.01861954,80.20600128,43295,43306,11
13.0190897,80.2061615,43306,43316,10
13.01980019,80.20629883,43316,43326,10
13.02077961,80.20633698,43326,43336,10
13.0217104,80.20633698,43336,43346,10
13.02250957,80.20645905,43346,43356,10
13.02346039,80.20662689,43356,43366,10
13.0241003,80.20668793,43366,43376,10
13.02437973,80.20674133,43376,43386,10
13.02480984,80.20683289,43386,43396,10
13.02558041,80.20702362,43396,43406,10
13.02657032,80.20758057,43406,43417,11
13.02752018,80.2081604,43417,43427,10
13.02840996,80.20855713,43427,43437,10
13.0291996,80.20876312,43437,43447,10
13.02976036,80.20890808,43447,43457,10
13.02985954,80.2089386,43457,43467,10
13.03001976,80.20900726,43467,43477,10
13.03050995,80.20915222,43477,43487,10
13.03125954,80.20934296,43487,43497,10
13.03155994,80.20939636,43497,43507,10
13.03170013,80.20944977,43507,43516,9
13.03209019,80.20957947,43516,43528,12
13.03291988,80.20970154,43528,43538,10
13.03372955,80.20986176,43538,43548,10
13.0345602,80.2100296,43548,43558,10
13.03493977,80.21035767,43558,43568,10
13.03495979,80.21073914,43568,43578,10
13.03499031,80.21124268,43578,43588,10
13.03493977,80.21134949,43588,43598,10
13.03485012,80.21172333,43598,43608,10
13.03499985,80.2121582,43608,43618,10
13.03532982,80.21224976,43618,43628,10
13.03549957,80.21227264,43628,43639,11
13.0360899,80.21227264,43639,43649,10
13.03684998,80.21230316,43649,43659,10
13.03724003,80.2122879,43659,43669,10
13.0377903,80.2122879,43669,43679,10
13.03859997,80.21225739,43679,43689,10
13.03956985,80.21224976,43689,43699,10
13.0405302,80.21217346,43699,43709,10
13.04164028,80.2122879,43709,43719,10
13.04265022,80.21227264,43719,43729,10
13.04403973,80.21221924,43729,43820,91
13.04403973,80.21221924,43820,43830,10
13.04426956,80.21227264,43830,43840,10
13.04465961,80.2122879,43840,43850,10
13.04531956,80.21228027,43850,43861,11
13.04627991,80.21224213,43861,43871,10
13.04718018,80.21218872,43871,43881,10
13.04811954,80.21211243,43881,43891,10
13.04839993,80.21208954,43891,43901,10
13.0485096,80.21206665,43901,43911,10
13.04897022,80.21202087,43911,43921,10
13.04936981,80.21199036,43921,43931,10
13.04946041,80.21196747,43931,43941,10
13.04953003,80.21199799,43941,43951,10
13.04959011,80.21199799,43951,43961,10
13.04992962,80.21202087,43961,43972,11
13.05010033,80.21201324,43972,43982,10
13.05047035,80.21201324,43982,43992,10
13.05119991,80.21198273,43992,44002,10
13.05230045,80.21192932,44002,44012,10
13.0532198,80.21177673,44012,44022,10
13.05416012,80.21153259,44022,44032,10
13.0546999,80.21151733,44032,44042,10
13.05543995,80.21147919,44042,44052,10
13.05646038,80.21147919,44052,44062,10
13.05723,80.21144867,44062,44072,10
13.05741978,80.2114563,44072,44083,11
13.05774021,80.21147919,44083,44093,10
13.05844021,80.21150208,44093,44103,10
13.05939007,80.21154022,44103,44113,10
13.06052017,80.21159363,44113,44123,10
13.0615797,80.21160126,44123,44133,10
13.06241989,80.21157837,44133,44143,10
13.06287956,80.21157837,44143,44153,10
13.06287956,80.21157074,44153,44163,10
13.06336021,80.21151733,44163,44173,10
13.06410027,80.21147156,44173,44183,10
13.06507969,80.21105194,44183,44194,11
13.06604004,80.21031952,44194,44204,10
13.06688023,80.20953369,44204,44214,10
13.06748962,80.20855713,44214,44224,10
13.06811047,80.20757294,44224,44234,10
13.06875992,80.20655823,44234,44244,10
13.06927013,80.20575714,44244,44254,10
13.06960964,80.20517731,44254,44264,10
13.06954002,80.2048111,44264,44274,10
13.06917,80.20516205,44274,44284,10
13.06886959,80.20527649,44284,44294,10
13.06875992,80.20514679,44294,44345,51
13.06875992,80.20514679,44345,44355,10
13.06877995,80.20504761,44355,44365,10
13.06892014,80.20477295,44365,44375,10
13.06937027,80.20478058,44375,44385,10
13.06962013,80.20481873,44385,44395,10
13.06970024,80.20481873,44395,44405,10
13.06995964,80.20467377,44405,44416,11
13.07036018,80.20417023,44416,44426,10
13.07085037,80.20358276,44426,44436,10
13.07139015,80.20295715,44436,44446,10
13.07188034,80.20240784,44446,44456,10
13.07221031,80.20205688,44456,44466,10
13.07254028,80.20168304,44466,44476,10
13.07291031,80.20123291,44476,44486,10
13.07326031,80.20082855,44486,44496,10
13.07367992,80.20040131,44496,44506,10
13.0741396,80.19982147,44506,44516,10
13.07441998,80.19950104,44516,44527,11
13.07446003,80.19944763,44527,44537,10
13.07460976,80.19927979,44537,44547,10
13.07518959,80.19905853,44547,44557,10
13.0760498,80.19902039,44557,44567,10
13.07703972,80.1989975,44567,44577,10
13.07806015,80.19889069,44577,44587,10
13.07892036,80.19877625,44587,44597,10
13.07956028,80.19873047,44597,44607,10
13.08026981,80.1986618,44607,44616,9
13.08094978,80.19862366,44616,44627,11
13.08168983,80.19860077,44627,44638,11
13.08228016,80.19851685,44638,44648,10
13.08275986,80.19851685,44648,44658,10
13.0832901,80.19847107,44658,44668,10
13.08355999,80.19847107,44668,44678,10
13.08384991,80.19847107,44678,44688,10
13.08419037,80.19850159,44688,44698,10
13.08460045,80.19853973,44698,44707,9
13.08500957,80.19853973,44707,44718,11
13.08545017,80.19853973,44718,44728,10
13.08596039,80.19851685,44728,44738,10
13.0865097,80.19853973,44738,44749,11
13.08687019,80.19850159,44749,44759,10
13.08708,80.19824219,44759,44769,10
13.08712006,80.19815063,44769,44779,10
13.08714008,80.19802856,44779,44789,10
13.08716965,80.19750977,44789,44799,10
13.08720016,80.19669342,44799,44809,10
13.08724022,80.19586945,44809,44819,10
13.08724022,80.19544983,44819,44829,10
13.08726025,80.19484711,44829,44839,10
13.08728027,80.1940918,44839,44849,10
13.08726025,80.19329071,44849,44860,11
13.08726025,80.19299316,44860,44870,10
13.08726978,80.19280243,44870,44880,10
13.08732033,80.19252014,44880,44890,10
13.08740997,80.19193268,44890,44900,10
13.08749008,80.19126129,44900,44910,10
13.08759022,80.19039917,44910,44920,10
13.08771038,80.18910217,44920,44940,20
13.08771038,80.18910217,44940,44950,10
13.08775997,80.18856812,44950,44991,41
13.08775997,80.18856812,44991,45001,10
13.08778954,80.18821716,45001,45011,10
13.08780003,80.1876297,45011,45021,10
13.08788013,80.18694305,45021,45031,10
13.08792973,80.18624115,45031,45040,9
13.08796024,80.18554688,45040,45051,11
13.08798981,80.18463898,45051,45061,10
13.08802032,80.18280792,45061,45071,10
13.08802032,80.18280792,45071,45082,11
13.08808994,80.18187714,45082,45090,8
13.08813953,80.18112183,45090,45102,12
13.08815956,80.18000793,45102,45122,20
13.08815956,80.18000793,45122,45132,10
13.08815002,80.17980957,45132,45142,10
13.08813953,80.17958832,45142,45152,10
13.08812046,80.17922211,45152,45162,10
13.08810997,80.1791687,45162,45172,10
13.08810043,80.17900085,45172,45182,10
13.08812046,80.17852783,45182,45193,11
13.08815956,80.17781067,45193,45203,10
13.08815002,80.17733002,45203,45213,10
13.08819008,80.1767807,45213,45223,10
13.08825016,80.17592621,45223,45233,10
13.08831978,80.17503357,45233,45243,10
13.08837032,80.17442322,45243,45253,10
13.08843994,80.17363739,45253,45263,10
13.08848,80.1728363,45263,45273,10
13.08852005,80.17220306,45273,45292,19
13.08852005,80.17220306,45292,45304,12
13.0885601,80.17173767,45304,45314,10
13.08858967,80.17127228,45314,45324,10
13.08862019,80.17032623,45324,45354,30
13.08862019,80.17032623,45354,45364,10
13.08852959,80.17012024,45364,45374,10
13.08858967,80.16963959,45374,45384,10
13.0891304,80.16954803,45384,45394,10
13.09000015,80.16959381,45394,45404,10
13.09105015,80.1696701,45404,45415,11
13.09218979,80.16973877,45415,45425,10
13.09342003,80.16982269,45425,45435,10
13.09445953,80.16988373,45435,45445,10
13.0948,80.16990662,45445,45455,10
13.09504032,80.16995239,45455,45465,10
13.09545994,80.16996002,45465,45475,10
13.09607983,80.16998291,45475,45485,10
13.09681988,80.17001343,45485,45495,10
13.09755993,80.17003632,45495,45505,10
13.09825993,80.17009735,45505,45515,10
13.09902954,80.17012024,45515,45526,11
13.09965992,80.16989899,45526,45576,50
13.09965992,80.16989899,45576,45586,10
13.09955025,80.16964722,45586,45596,10
13.09928036,80.16957855,45596,45606,10
13.09897041,80.169487,45606,45616,10
13.09869957,80.16941071,45616,45626,10
13.09862041,80.1692276,45626,46333,707
13.09862041,80.1692276,46333,46343,10
13.09885025,80.1693573,46343,46353,10
13.09918022,80.16956329,46353,46403,50
13.09918022,80.16956329,46403,46414,11
13.09953976,80.1696701,46414,46424,10
13.09951019,80.16989136,46424,46746,322
13.09951019,80.16989136,46746,46757,11
13.09965038,80.17012787,46757,47079,322
13.09965038,80.17012787,47079,47090,11
13.09926987,80.17021942,47090,47100,10
13.09877968,80.17019653,47100,47110,10
13.09803963,80.17017365,47110,47120,10
13.09714031,80.1700592,47120,47130,10
13.09605026,80.16999817,47130,47140,10
13.09498978,80.1699295,47140,47160,20
13.09498978,80.1699295,47160,47170,10
13.09444046,80.16986847,47170,47180,10
13.09387016,80.16986847,47180,47190,10
13.09315014,80.16979218,47190,47201,11
13.09191036,80.1697464,47201,47211,10
13.0908699,80.16970062,47211,47221,10
13.08994007,80.16963196,47221,47231,10
13.08940983,80.16957092,47231,47241,10
13.08897972,80.16956329,47241,47312,71
13.08897972,80.16956329,47312,47322,10
13.0886898,80.16970062,47322,47332,10
13.08862019,80.17030334,47332,47342,10
13.08854961,80.17111206,47342,47352,10
13.0885601,80.17151642,47352,47362,10
13.08848953,80.17199707,47362,47372,10
13.08843994,80.17263794,47372,47382,10
13.08841991,80.17336273,47382,47392,10
13.08839035,80.17411041,47392,47402,10
13.08837986,80.17449951,47402,47412,10
13.08835983,80.1750412,47412,47423,11
13.08829021,80.1758194,47423,47433,10
13.08823967,80.17661285,47433,47443,10
13.08821964,80.1774292,47443,47453,10
13.08821964,80.17838287,47453,47463,10
13.08823967,80.17932892,47463,47513,50
13.08823967,80.17932892,47513,47523,10
13.08819008,80.17970276,47523,47534,11
13.08815956,80.18032074,47534,47544,10
13.08813,80.18119812,47544,47554,10
13.08810997,80.18209076,47554,47564,10
13.08808041,80.18305206,47564,47574,10
13.0880003,80.18399811,47574,47584,10
13.08796978,80.18476105,47584,47594,10
13.08796978,80.18525696,47594,47604,10
13.08794022,80.18585205,47604,47614,10
13.08790016,80.18652344,47614,47624,10
13.08786964,80.18721008,47624,47634,10
13.08784008,80.18795013,47634,47645,11
13.08782959,80.1888504,47645,47655,10
13.08775997,80.18930817,47655,47665,10
13.08771992,80.18969727,47665,47675,10
13.08767986,80.18994904,47675,47685,10
13.08757973,80.19061279,47685,47695,10
13.08747959,80.19148254,47695,47705,10
13.08743,80.1922226,47705,47725,20
13.08743,80.1922226,47725,47735,10
13.08743954,80.19239807,47735,47744,9
13.08736992,80.19273376,47744,47756,12
13.08734035,80.19364929,47756,47766,10
13.0873003,80.19455719,47766,47776,10
13.0873003,80.1955719,47776,47786,10
13.08726978,80.19632721,47786,47796,10
13.0872097,80.19709778,47796,47806,10
13.08716965,80.1977005,47806,47816,10
13.08724022,80.19815826,47816,47826,10
13.08740997,80.19841003,47826,47836,10
13.08794975,80.1984024,47836,47846,10
13.08862019,80.19841003,47846,47856,10
13.08924007,80.19844055,47856,47867,11
13.08994961,80.19848633,47867,47877,10
13.09060001,80.19856262,47877,47887,10
13.09132004,80.1986084,47887,47897,10
13.09206963,80.19864655,47897,47907,10
13.09274006,80.19863892,47907,47917,10
13.09296036,80.19870758,47917,47927,10
13.09296036,80.1990509,47927,47937,10
13.09290981,80.19949341,47937,47947,10
13.09286022,80.20005798,47947,47957,10
13.09284973,80.20024109,47957,47966,9
13.09286022,80.2004776,47966,47978,12
13.09251976,80.2006073,47978,47988,10
13.09181976,80.20050049,47988,47998,10
13.09107018,80.20049286,47998,48008,10
13.09047985,80.20046234,48008,48018,10
13.08985996,80.20040894,48018,48028,10
13.08924961,80.20041656,48028,48038,10
13.08889961,80.20044708,48038,48048,10
13.08833027,80.20046234,48048,48058,10
13.08763981,80.20043945,48058,48068,10
13.08710957,80.20040894,48068,48078,10
13.08652973,80.20040131,48078,48089,11
13.0859499,80.2003479,48089,48099,10
13.08594036,80.20034027,48099,48109,10
13.08547974,80.20033264,48109,48119,10
13.08533955,80.20012665,48119,48129,10
13.08535004,80.19959259,48129,48139,10
13.08532047,80.19893646,48139,48149,10
13.08524036,80.1987381,48149,48159,10
13.08493042,80.19870758,48159,48169,10
13.08440971,80.19867706,48169,48179,10
13.08423042,80.1986618,48179,48189,10
13.08405972,80.19863129,48189,48200,11
13.08347988,80.19862366,48200,48210,10
13.08300972,80.19862366,48210,48270,60
13.08300972,80.19862366,48270,48280,10
13.08261967,80.1986084,48280,48290,10
13.08197975,80.19864655,48290,48300,10
13.08129025,80.19864655,48300,48311,11
13.0805397,80.19869232,48311,48321,10
13.07964993,80.1987381,48321,48331,10
13.07886982,80.1987915,48331,48341,10
13.07802963,80.19889069,48341,48351,10
13.07699966,80.19902802,48351,48361,10
13.07581997,80.19918823,48361,48371,10
13.07472992,80.1995163,48371,48381,10
13.07402039,80.20005798,48381,48391,10
13.07390022,80.20018768,48391,48401,10
13.0737896,80.20027924,48401,48411,10
13.07361984,80.20052338,48411,48422,11
13.07351017,80.20065308,48422,48432,10
13.0730896,80.20111084,48432,48442,10
13.07252026,80.20178986,48442,48452,10
13.0717802,80.20258331,48452,48462,10
13.07098007,80.20352936,48462,48472,10
13.07032967,80.20433044,48472,48482,10
13.06999969,80.20478058,48482,48492,10
13.06987,80.20497894,48492,48502,10
13.06956959,80.20484924,48502,48512,10
13.06919956,80.20513153,48512,48522,10
13.0685997,80.20542908,48522,48533,11
13.06801033,80.20529938,48533,48553,20
13.06801033,80.20529938,48553,48563,10
13.06797981,80.20514679,48563,48573,10
13.06797981,80.20513916,48573,48583,10
13.06803989,80.20497894,48583,48593,10
13.06844044,80.20487213,48593,48603,10
13.06916046,80.20467377,48603,48613,10
13.0696497,80.20477295,48613,48623,10
13.06982994,80.20497131,48623,48633,10
13.06962967,80.20539093,48633,48644,11
13.06917953,80.20613861,48644,48654,10
13.06865025,80.20700073,48654,48664,10
13.06805038,80.20793915,48664,48674,10
13.06752968,80.20874023,48674,48684,10
13.06704044,80.20951843,48684,48694,10
13.06632042,80.21022034,48694,48704,10
13.06560993,80.2108078,48704,48714,10
13.06513023,80.21118927,48714,48724,10
13.06474018,80.21144104,48724,48734,10
13.0642004,80.21159363,48734,48744,10
13.06394958,80.21166229,48744,48755,11
13.06363964,80.21170044,48755,48765,10
13.06330013,80.21170044,48765,48775,10
13.0627203,80.21174622,48775,48785,10
13.0623703,80.21183777,48785,48795,10
13.06177998,80.21177673,48795,48805,10
13.06066036,80.21172333,48805,48815,10
13.05986023,80.21170044,48815,48825,10
13.05898952,80.2116394,48825,48835,10
13.05827999,80.21161652,48835,48845,10
13.05749035,80.21159363,48845,48855,10
13.05655003,80.21156311,48855,48866,11
13.05558014,80.21154022,48866,48876,10
13.05523968,80.21147919,48876,48886,10
13.05502987,80.21147919,48886,48997,111
13.0546999,80.21157074,48997,49088,91
13.0546999,80.21157074,49088,49098,10
13.05426025,80.2115097,49098,49108,10
13.0538702,80.21159363,49108,49118,10
13.05327988,80.21182251,49118,49128,10
13.05243969,80.21205902,49128,49138,10
13.05144024,80.21217346,49138,49148,10
13.05064011,80.21218109,49148,49158,10
13.05037975,80.21221161,49158,49168,10
13.05014992,80.21218872,49168,49178,10
13.04955959,80.2121582,49178,49199,21
13.04955959,80.2121582,49199,49209,10
13.04915047,80.21212006,49209,49219,10
13.0485096,80.2121582,49219,49229,10
13.04771996,80.2122879,49229,49239,10
13.04668045,80.21231842,49239,49249,10
13.04566002,80.21235657,49249,49259,10
13.04489994,80.21240234,49259,49269,10
13.04452991,80.2124176,49269,49279,10
13.04405022,80.21240997,49279,49289,10
13.04325008,80.21237183,49289,49299,10
13.04230022,80.21237183,49299,49310,11
13.04127026,80.21240234,49310,49320,10
13.04020023,80.21237946,49320,49330,10
13.03929043,80.21240997,49330,49340,10
13.0387001,80.21244812,49340,49350,10
13.03827,80.21240234,49350,49360,10
13.03802013,80.21237946,49360,49370,10
13.03767967,80.21240234,49370,49380,10
13.03717041,80.21237183,49380,49390,10
13.03654003,80.21234894,49390,49400,10
13.03592014,80.21234131,49400,49410,10
13.03567982,80.21231842,49410,49421,11
13.03534031,80.21230316,49421,49431,10
13.03491974,80.21224976,49431,49441,10
13.03454018,80.2121582,49441,49451,10
13.03413963,80.21209717,49451,49471,20
13.03413963,80.21209717,49471,49481,10
13.03404045,80.21212006,49481,49491,10
13.03369045,80.21202087,49491,49501,10
13.03304005,80.21186066,49501,49511,10
13.03225994,80.21172333,49511,49521,10
13.03199959,80.2111969,49521,49532,11
13.0320797,80.21038055,49532,49542,10
13.03213978,80.20973206,49542,49552,10
13.03180981,80.20954132,49552,49562,10
13.03159046,80.20948029,49562,49572,10
13.03125,80.20935059,49572,49582,10
13.03073025,80.20924377,49582,49592,10
13.03050995,80.20921326,49592,49602,10
13.03009033,80.20908356,49602,49612,10
13.02950954,80.20889282,49612,49622,10
13.02879047,80.20870209,49622,49632,10
13.02783012,80.20839691,49632,49643,11
13.02680969,80.20783234,49643,49653,10
13.02583027,80.20726013,49653,49663,10
13.02482033,80.20697021,49663,49673,10
13.02367973,80.20668793,49673,49683,10
13.02256012,80.20648193,49683,49693,10
13.02175045,80.20639801,49693,49703,10
13.02105999,80.20639038,49703,49713,10
13.02017975,80.20639038,49713,49723,10
13.01926994,80.20633698,49723,49733,10
13.01902008,80.2062912,49733,49743,10
13.01885986,80.20623779,49743,49754,11
13.01836014,80.20606232,49754,49764,10
13.01774025,80.20584106,49764,49774,10
13.01702976,80.20552826,49774,49784,10
13.0163002,80.20526123,49784,49794,10
13.01537991,80.20491791,49794,49804,10
13.01438046,80.20455933,49804,49814,10
13.01371002,80.20435333,49814,49824,10
13.01350021,80.2046814,49824,49834,10
13.01329041,80.20536041,49834,49844,10
13.01305962,80.20625305,49844,49854,10
13.01294994,80.20700073,49854,49865,11
13.01288986,80.20758057,49865,49875,10
13.01282978,80.20797729,49875,49885,10
13.0128603,80.20842743,49885,49895,10
13.01288033,80.20876312,49895,49905,10
13.01299953,80.20925903,49905,49915,10
13.01313019,80.20955658,49915,49925,10
13.01315975,80.20999908,49925,49935,10
13.01309013,80.21053314,49935,49945,10
13.01284981,80.2111969,49945,49955,10
13.0125103,80.21186829,49955,49965,10
13.01214027,80.21246338,49965,49976,11
13.01191044,80.21272278,49976,49986,10
13.01167965,80.21269989,49986,49996,10
13.01124954,80.21234894,49996,50006,10
13.01064968,80.21188354,50006,50016,10
13.01010036,80.21143341,50016,50026,10
13.00946999,80.21108246,50026,50066,40
13.00946999,80.21108246,50066,50076,10
13.00922012,80.21105957,50076,50087,11
13.00911045,80.21130371,50087,50097,10
13.00903034,80.21160889,50097,50107,10
13.00918007,80.2121582,50107,50117,10
13.00938034,80.21278381,50117,50127,10
13.00961971,80.21334839,50127,50137,10
13.00986004,80.21399689,50137,50147,10
13.01010036,80.21459198,50147,50157,10
13.01018047,80.21515656,50157,50167,10
13.01029015,80.2158432,50167,50177,10
13.01058006,80.21649933,50177,50187,10
13.01091957,80.21726227,50187,50198,11
13.01134014,80.21827698,50198,50208,10
13.01169968,80.21933746,50208,50218,10
13.01202965,80.22041321,50218,50228,10
13.01226997,80.22119904,50228,50238,10
13.01243973,80.22181702,50238,50248,10
13.01299953,80.22239685,50248,50258,10
13.01356983,80.22299194,50258,50268,10
13.01406002,80.22361755,50268,50278,10
13.01453018,80.22418213,50278,50288,10
13.01511002,80.22476959,50288,50298,10
13.01543045,80.22525787,50298,50309,11
13.01517963,80.2258606,50309,50329,20
13.01517963,80.2258606,50329,50339,10
13.01498032,80.22595215,50339,50349,10
13.01461983,80.22606659,50349,50359,10
13.01418018,80.22622681,50359,50369,10
13.01354027,80.22647095,50369,50379,10
13.01284027,80.22676086,50379,50389,10
13.01208019,80.22705841,50389,50399,10
13.01124001,80.22740173,50399,50409,10
13.01041985,80.22769928,50409,50420,11
13.00975037,80.22788239,50420,50430,10
13.00955009,80.22746277,50430,50440,10
13.00981998,80.22688293,50440,50450,10
13.01018047,80.22609711,50450,50460,10
13.01060009,80.22514343,50460,50470,10
13.01086044,80.22447205,50470,50480,10
13.01117039,80.22368622,50480,50490,10
13.01136017,80.22325134,50490,50500,10
13.0110302,80.2230072,50500,50510,10
13.01043987,80.22270203,50510,50520,10
13.00963974,80.22225189,50520,50531,11
13.0088501,80.22186279,50531,50541,10
13.00813961,80.22151184,50541,50551,10
13.0073204,80.22104645,50551,50561,10
13.00648022,80.22065735,50561,50571,10
13.00555038,80.22042084,50571,50581,10
13.0047102,80.22022247,50581,50591,10
13.00397015,80.22006989,50591,50601,10
13.00341034,80.21994019,50601,50611,10
13.00271988,80.2196579,50611,50621,10
13.00216007,80.21916199,50621,50631,10
13.00170994,80.21871185,50631,50642,11
13.00117016,80.21829987,50642,50652,10
13.0007,80.2179718,50652,50661,9
13.0002203,80.21768188,50661,50672,11
12.99940014,80.21717072,50672,50682,10
12.99872017,80.21681976,50682,50692,10
12.99829006,80.21665192,50692,50702,10
12.99818039,80.2166214,50702,50712,10
12.99794006,80.21656799,50712,50763,51
12.99794006,80.21656799,50763,50773,10
12.99755955,80.2164917,50773,50823,50
12.99755955,80.2164917,50823,50833,10
12.99707031,80.21649933,50833,50864,31
12.99707031,80.21649933,50864,50874,10
12.99658966,80.21652222,50874,50914,40
12.99658966,80.21652222,50914,50924,10
12.99619961,80.21658325,50924,50934,10
12.99594021,80.21663666,50934,50944,10
12.99573994,80.21669769,50944,50954,10
12.99555969,80.21674347,50954,50964,10
12.9953804,80.21681976,50964,50975,11
12.99512959,80.21695709,50975,50985,10
12.99487972,80.21716309,50985,50995,10
12.99446011,80.21743774,50995,51005,10
12.99402046,80.21777344,51005,51015,10
12.99351025,80.2181015,51015,51025,10
12.99295998,80.21853638,51025,51035,10
12.99232006,80.2190094,51035,51045,10
12.99164009,80.21951294,51045,51055,10
12.9914999,80.21961212,51055,51065,10
12.99116039,80.21951294,51065,51075,10
12.99100018,80.2194519,51075,51086,11
12.99067974,80.21930695,51086,51096,10
12.9900198,80.21907806,51096,51106,10
12.98913956,80.21875,51106,51116,10
12.98828983,80.21846008,51116,51126,10
12.98744965,80.2183075,51126,51136,10
12.98690033,80.21823883,51136,51146,10
12.98684025,80.21822357,51146,51156,10
12.9864502,80.21811676,51156,51166,10
12.98567963,80.21793365,51166,51176,10
12.98470974,80.2179184,51176,51186,10
12.98406029,80.21795654,51186,51197,11
12.98404026,80.2179718,51197,51207,10
12.98375988,80.21800232,51207,51217,10
12.98303986,80.21797943,51217,51227,10
12.98215008,80.21797943,51227,51237,10
12.98112965,80.21814728,51237,51247,10
12.98027992,80.21842957,51247,51257,10
12.97966003,80.21868134,51257,51267,10
12.97902966,80.21893311,51267,51277,10
12.97852993,80.21916199,51277,51287,10
12.97786045,80.21942902,51287,51297,10
12.97708035,80.21972656,51297,51308,11
12.97632027,80.22010803,51308,51408,100
12.97599983,80.22025299,51408,51509,101
12.97599983,80.22025299,51509,51519,10
12.9756403,80.22036743,51519,51530,11
12.97550964,80.22061157,51530,51540,10
12.97568989,80.22090149,51540,51651,111
12.97568989,80.22090149,51651,51661,10
12.97583961,80.22118378,51661,51701,40
12.9759798,80.22109985,51701,51903,202
12.97591972,80.221138,51903,52034,131
12.97591972,80.221138,52034,52044,10
12.97624016,80.22129822,52044,52054,10
12.97673988,80.22129059,52054,52064,10
12.97721958,80.22129059,52064,52074,10
12.97786045,80.2212677,52074,52085,11
12.97859001,80.22120667,52085,52095,10
12.97929955,80.221138,52095,52105,10
12.98001957,80.22107697,52105,52115,10
12.98071003,80.2210083,52115,52125,10
12.98141003,80.22116852,52125,52135,10
12.98196983,80.22154236,52135,52145,10
12.98248005,80.2217865,52145,52155,10
12.98276043,80.22190857,52155,52165,10
12.98305035,80.22209167,52165,52175,10
12.98351955,80.22235107,52175,52185,10
12.98390961,80.22254944,52185,52196,11
12.98421955,80.22277832,52196,52206,10
12.98451042,80.22296143,52206,52216,10
12.98507977,80.22316742,52216,52226,10
12.9854002,80.22318268,52226,52236,10
12.98583031,80.22296143,52236,52246,10
12.98631954,80.22296143,52246,52256,10
12.98668957,80.22299957,52256,52266,10
12.98694038,80.2230072,52266,52276,10
12.98707962,80.22302246,52276,52286,10
12.98744011,80.22305298,52286,52296,10
12.98799038,80.22286224,52296,52307,11
12.98855019,80.22239685,52307,52317,10
12.98898983,80.22187805,52317,52327,10
12.98943043,80.22131348,52327,52337,10
12.98995972,80.22071838,52337,52347,10
12.99059963,80.2202301,52347,52357,10
12.99094963,80.21994781,52357,52367,10
12.99137974,80.21965027,52367,52377,10
12.99174976,80.21945953,52377,52387,10
12.9919796,80.2193222,52387,52397,10
12.99223995,80.21907806,52397,52407,10
12.9926796,80.21871948,52407,52418,11
12.99335957,80.21817017,52418,52428,10
12.9939003,80.2177887,52428,52438,10
12.99435997,80.21748352,52438,52448,10
12.99470043,80.21721649,52448,52458,10
12.99497986,80.21703339,52458,52468,10
12.99540997,80.21678925,52468,52478,10
12.99588966,80.21666718,52478,52488,10
12.99650955,80.21658325,52488,52498,10
12.99703026,80.21646881,52498,52508,10
12.99738026,80.21620178,52508,52518,10
12.99777985,80.21585846,52518,52529,11
12.99827957,80.21539307,52529,52539,10
12.99884033,80.21494293,52539,52549,10
12.99915981,80.21465302,52549,52559,10
12.99960995,80.21427155,52559,52569,10
13.0,80.21396637,52569,52579,10
13.00043964,80.21360016,52579,52589,10
13.00090981,80.21317291,52589,52599,10
13.0013504,80.2128067,52599,52609,10
13.00185013,80.21243286,52609,52619,10
13.00222969,80.21224976,52619,52629,10
13.00279045,80.21208191,52629,52640,11
13.00335026,80.2120285,52640,52650,10
13.0036602,80.21182251,52650,52660,10
13.00366974,80.21124268,52660,52670,10
13.00360012,80.21047974,52670,52680,10
13.00351048,80.20974731,52680,52690,10
13.00360012,80.20905304,52690,52700,10
13.00395966,80.20861053,52700,52710,10
13.00457001,80.20886993,52710,52720,10
13.00516987,80.20913696,52720,52730,10
13.00562954,80.20937347,52730,52740,10
13.00629044,80.20957947,52740,52751,11
13.00695992,80.20977783,52751,52761,10
13.00769043,80.20986938,52761,52771,10
13.00796986,80.20992279,52771,52781,10
13.00811958,80.20993042,52781,52791,10
13.0081501,80.2097168,52791,52801,10
13.00809002,80.20955658,52801,52811,10
13.00804043,80.20935059,52811,52821,10
13.00794983,80.20876312,52821,52831,10
13.00784016,80.20806122,52831,52841,10
13.00772953,80.20735931,52841,52851,10
13.00761032,80.20664978,52851,52862,11
13.00747967,80.20587158,52862,52872,10
13.00724983,80.20522308,52872,52882,10
13.00699043,80.20458221,52882,52892,10
13.00671959,80.20404816,52892,52902,10
13.00636005,80.20352173,52902,52912,10
13.00603008,80.20307922,52912,52922,10
13.00582027,80.20275116,52922,52932,10
13.00570011,80.20253754,52932,52942,10
13.00553989,80.20217133,52942,52952,10
13.00514984,80.2016983,52952,52961,9
13.00467014,80.20136261,52961,52973,12
13.00424004,80.20117188,52973,52983,10
13.00389004,80.2010498,52983,52993,10
13.00323963,80.2008667,52993,53003,10
13.00251961,80.20062256,53003,53013,10
13.00191975,80.20014954,53013,53023,10
13.00164032,80.19947815,53023,53033,10
13.0017004,80.19889069,53033,53043,10
13.00181961,80.19815826,53043,53053,10
13.00189972,80.19740295,53053,53063,10
13.00175953,80.19664001,53063,53073,10
13.00137043,80.19606781,53073,53084,11
13.0009203,80.19548798,53084,53094,10
13.00045013,80.19487762,53094,53104,10
12.99991035,80.19419861,53104,53114,10
12.99940014,80.19355774,53114,53124,10
12.99909973,80.19319153,53124,53134,10
12.99890995,80.19293976,53134,53144,10
12.99870014,80.19264221,53144,53154,10
12.99835968,80.19223785,53154,53164,10
12.99787998,80.19252014,53164,53174,10
12.99734974,80.19299316,53174,53183,9
12.99699974,80.19326782,53183,53195,12
12.9966898,80.19329834,53195,53205,10
12.99672031,80.19288635,53205,53215,10
12.99658966,80.19229889,53215,53225,10
12.9964304,80.1917038,53225,53235,10
12.99641037,80.19145203,53235,53245,10
12.99650955,80.1913681,53245,53255,10
12.99658012,80.19132233,53255,53265,10
12.99693012,80.19107819,53265,54446,1181
12.99693012,80.19107819,54446,54456,10
12.99703979,80.19100189,54456,54466,10
12.99730968,80.19129944,54466,54476,10
12.99724007,80.19168091,54476,54486,10
12.99697971,80.1914978,54486,54738,252
12.99697971,80.1914978,54738,54747,9
12.99699974,80.19119263,54747,54759,12
12.99713039,80.19142151,54759,55394,635
12.99713039,80.19142151,55394,55404,10
12.99685955,80.19152069,55404,59874,4470
12.9968996,80.19129181,59874,59985,111
12.99693966,80.19140625,59985,60298,313
12.99705029,80.19164276,60298,60318,20
12.99705029,80.19164276,60318,60328,10
12.99695015,80.19142914,60328,61196,868
12.99678993,80.19130707,61196,61366,170
12.99680042,80.19136047,61366,62195,829
12.99682999,80.19132996,62195,62356,161
12.9968996,80.19143677,62356,62881,525
12.9968996,80.19143677,62881,62891,10
12.99701977,80.19158173,62891,64596,1705
12.99697018,80.19159698,64596,66413,1817
12.99697018,80.19164276,66413,71671,5258
12.99693966,80.1916275,71671,74355,2684
12.99691963,80.19148254,74355,74416,61
12.99680042,80.19148254,74416,75717,1301
12.99680042,80.19148254,75717,75727,10
12.99689007,80.19152832,75727,75738,11
12.99676037,80.19114685,75738,75748,10
12.9968996,80.19094849,75748,75909,161
12.9968996,80.19094849,75909,75919,10
12.99719048,80.19100952,75919,75929,10
12.9972496,80.19149017,75929,76353,424
12.99699974,80.1917038,76353,76969,616
12.99705982,80.19152069,76969,77140,171
12.99705982,80.19152069,77140,77150,10
12.9968996,80.19178772,77150,85012,7862
