13.05023956,80.20690918,16,3244,3228
13.05031013,80.20687103,3244,3536,292
13.05029964,80.20681763,3536,3869,333
13.05029011,80.20680237,3869,4071,202
13.05023956,80.20684052,4071,4988,917
13.05029964,80.2069397,4988,5432,444
13.05025005,80.20690155,5432,10163,4731
13.05041027,80.20690918,10163,10264,101
13.05051041,80.20703888,10264,10385,121
13.05039978,80.20697021,10385,10940,555
13.05029964,80.20687103,10940,17113,6173
13.05029964,80.20687103,17113,17123,10
13.05021954,80.20674133,17123,17214,91
13.05029964,80.20678711,17214,17294,80
13.05029964,80.20678711,17294,17305,11
13.05029011,80.20684814,17305,17426,121
13.0503397,80.20687103,17426,17930,504
13.05031967,80.2069397,17930,17991,61
13.05033016,80.20690155,17991,18152,161
13.05027962,80.20684052,18152,18223,71
13.05035973,80.20688629,18223,18697,474
13.05035973,80.20688629,18697,18707,10
13.05035973,80.20691681,18707,18858,151
13.05027962,80.20687866,18858,20553,1695
13.05045986,80.20693207,20553,20875,322
13.05045986,80.20693207,20875,20886,11
13.05035973,80.20693207,20886,20896,10
13.05012035,80.2069397,20896,20906,10
13.05002022,80.20691681,20906,20916,10
13.04985046,80.20691681,20916,20926,10
13.04975986,80.20690155,20926,20936,10
13.04959965,80.2068634,20936,20956,20
13.04959965,80.2068634,20956,20966,10
13.04926014,80.20693207,20966,20976,10
13.04915047,80.20700073,20976,20986,10
13.04918003,80.2071991,20986,22177,1191
13.04918003,80.2071991,22177,22187,10
13.04911995,80.2076416,22187,22197,10
13.04926968,80.20809937,22197,22207,10
13.04940987,80.20871735,22207,22217,10
13.04953003,80.20939636,22217,22226,9
13.0496397,80.20990753,22226,22237,11
13.04969978,80.21041107,22237,22247,10
13.04979038,80.21105957,22247,22257,10
13.04994965,80.2118988,22257,22298,41
13.04994965,80.2118988,22298,22308,10
13.05031967,80.21193695,22308,22318,10
13.05080032,80.21198273,22318,22328,10
13.05144024,80.21202087,22328,22338,10
13.05230999,80.21192932,22338,22348,10
13.05313969,80.21173859,22348,22358,10
13.05401039,80.21150208,22358,22368,10
13.0548296,80.21138,22368,22378,10
13.05558014,80.21140289,22378,22389,11
13.05659962,80.21141815,22389,22398,9
13.05737019,80.21141052,22398,22409,11
13.05809021,80.21141052,22409,22419,10
13.05879974,80.21141815,22419,22429,10
13.05955029,80.21147919,22429,22439,10
13.06039047,80.2115097,22439,22449,10
13.06126022,80.21154022,22449,22459,10
13.06200027,80.21159363,22459,22469,10
13.06280994,80.21156311,22469,22479,10
13.06354046,80.21148682,22479,22489,10
13.06424999,80.21141052,22489,22500,11
13.06505966,80.21103668,22500,22510,10
13.06573963,80.21053314,22510,22520,10
13.06639004,80.20999146,22520,22530,10
13.0669899,80.20937347,22530,22540,10
13.06746006,80.20863342,22540,22550,10
13.06787968,80.20796204,22550,22560,10
13.06832981,80.20726776,22560,22570,10
13.06873989,80.20664978,22570,22580,10
13.06896973,80.20628357,22580,22590,10
13.06902027,80.20620728,22590,22600,10
13.06914043,80.2060318,22600,22616,16
13.06931019,80.20571136,22616,22639,23
13.06931019,80.20571136,22639,22649,10
13.06943989,80.20548248,22649,22659,10
13.06952,80.20536041,22659,22669,10
13.06962013,80.20517731,22669,22679,10
13.06968975,80.20494843,22679,22689,10
13.06960011,80.20482635,22689,22699,10
13.06931973,80.20484161,22699,22709,10
13.0690403,80.20526123,22709,22719,10
13.06875038,80.2052536,22719,22728,9
13.06857967,80.20516205,22728,22740,12
13.06820011,80.20516205,22740,23133,393
13.06820011,80.20516205,23133,23143,10
13.06836033,80.2049408,23143,23153,10
13.06877041,80.20480347,23153,23163,10
13.06896019,80.20475006,23163,23173,10
13.06910992,80.20471954,23173,23183,10
13.06937027,80.20475006,23183,23194,11
13.06960964,80.20478821,23194,23204,10
13.06978035,80.20488739,23204,23214,10
13.06987,80.20510101,23214,23224,10
13.06964016,80.20552826,23224,23234,10
13.06927967,80.20607758,23234,23244,10
13.06886005,80.20674133,23244,23254,10
13.06840038,80.2075119,23254,23264,10
13.06787014,80.20834351,23264,23274,10
13.06731987,80.20921326,23274,23284,10
13.06676006,80.20993042,23284,23294,10
13.06587029,80.2106781,23294,23304,10
13.06523991,80.21121979,23304,23315,11
13.06521988,80.21125031,23315,23325,10
13.06495953,80.21143341,23325,23335,10
13.06437969,80.21161652,23335,23345,10
13.06373978,80.21176147,23345,23355,10
13.06313992,80.21179962,23355,23365,10
13.06231976,80.21180725,23365,23375,10
13.0613699,80.21174622,23375,23385,10
13.06027031,80.21170807,23385,23395,10
13.05912018,80.21169281,23395,23405,10
13.05815029,80.21164703,23405,23415,10
13.05723953,80.21160126,23415,23426,11
13.05611992,80.21159363,23426,23436,10
13.05500031,80.21156311,23436,23446,10
13.05391026,80.21167755,23446,23456,10
13.05280972,80.21196747,23456,23466,10
13.05183029,80.21218872,23466,23476,10
13.05084038,80.21214294,23476,23486,10
13.04988003,80.2121582,23486,23496,10
13.04955959,80.21217346,23496,23506,10
13.04946995,80.2121582,23506,23516,10
13.04907036,80.21215057,23516,23526,10
13.04837036,80.21218872,23526,23536,10
13.04753017,80.21225739,23536,23547,11
13.04648018,80.21231079,23547,23557,10
13.04541969,80.21235657,23557,23567,10
13.04446983,80.21240234,23567,23577,10
13.04378033,80.21237183,23577,23587,10
13.04290009,80.21235657,23587,23597,10
13.04191971,80.21237946,23597,23607,10
13.04086971,80.21238708,23607,23617,10
13.0397501,80.21240997,23617,23627,10
13.03864002,80.21238708,23627,23637,10
13.03754044,80.21238708,23637,23647,10
13.03660965,80.21233368,23647,23657,10
13.03551006,80.2122879,23657,23668,11
13.03446007,80.21218872,23668,23678,10
13.03423023,80.21217346,23678,23688,10
13.03417969,80.2121582,23688,23698,10
13.03376007,80.21208954,23698,23708,10
13.03308964,80.21190643,23708,23718,10
13.03229046,80.21174622,23718,23728,10
13.03197956,80.21128845,23728,23738,10
13.03205013,80.21056366,23738,23748,10
13.0320797,80.20977783,23748,23758,10
13.03155994,80.20954895,23758,23769,11
13.03030014,80.20918274,23769,23789,20
13.03030014,80.20918274,23789,23799,10
13.03022003,80.20918274,23799,23809,10
13.02980995,80.20903778,23809,23819,10
13.02958012,80.208992,23819,23829,10
13.02945042,80.20896149,23829,23839,10
13.0289402,80.20881653,23839,23849,10
13.02820015,80.20861053,23849,23859,10
13.02750015,80.20828247,23859,23869,10
13.02678013,80.20781708,23869,23879,10
13.02595997,80.2073288,23879,23890,11
13.02488041,80.20703125,23890,23900,10
13.02425957,80.20691681,23900,23910,10
13.02416039,80.20690918,23910,23920,10
13.02371979,80.20678711,23920,23930,10
13.02303028,80.20664215,23930,23940,10
13.02217007,80.20648956,23940,23950,10
13.02116013,80.20648193,23950,23960,10
13.02013969,80.20648193,23960,23970,10
13.01922035,80.20639801,23970,23980,10
13.01904964,80.20635223,23980,23990,10
13.01877022,80.20623016,23990,24001,11
13.01807976,80.20600128,24001,24011,10
13.01733017,80.20568848,24011,24021,10
13.01646042,80.20540619,24021,24031,10
13.01548958,80.20504761,24031,24041,10
13.01451015,80.20472717,24041,24051,10
13.01432991,80.20464325,24051,24061,10
13.01416016,80.20456696,24061,24071,10
13.01369953,80.20442963,24071,24081,10
13.0135498,80.20474243,24081,24091,10
13.01334,80.20536804,24091,24101,10
13.0131197,80.20617676,24101,24111,10
13.01301003,80.20709991,24111,24122,11
13.01290989,80.20780945,24122,24132,10
13.01288033,80.20828247,24132,24142,10
13.01290989,80.20861816,24142,24152,10
13.01299,80.2091217,24152,24162,10
13.01321983,80.20976257,24162,24172,10
13.01313972,80.21044159,24172,24182,10
13.01290035,80.2111969,24182,24192,10
13.01247978,80.21198273,24192,24202,10
13.0120697,80.21256256,24202,24212,10
13.0118103,80.21282196,24212,24222,10
13.01148033,80.21259308,24222,24232,10
13.01095963,80.21219635,24232,24243,11
13.01031017,80.21170044,24243,24253,10
13.00988007,80.21135712,24253,24311,58
13.00988007,80.21135712,24311,24321,10
13.00969028,80.21124268,24321,24341,20
13.00969028,80.21124268,24341,24352,11
13.00942039,80.2110672,24352,24362,10
13.00940037,80.2110672,24362,24372,10
13.00930023,80.21114349,24372,24382,10
13.00909996,80.21138763,24382,24392,10
13.00911999,80.21183777,24392,24402,10
13.00932026,80.21246338,24402,24412,10
13.00957012,80.2131424,24412,24422,10
13.00984001,80.21382904,24422,24432,10
13.01012993,80.21453857,24432,24442,10
13.01027012,80.2154007,24442,24452,10
13.01058006,80.21630096,24452,24462,10
13.01101971,80.2172699,24462,24474,12
13.01148987,80.21848297,24474,24484,10
13.01183987,80.21952057,24484,24494,10
13.01220036,80.22055817,24494,24504,10
13.01251984,80.22132874,24504,24514,10
13.01253033,80.22135162,24514,24524,10
13.01255989,80.22142792,24524,24534,10
13.01278973,80.22177887,24534,24544,10
13.0132103,80.22231293,24544,24554,10
13.01368046,80.22290802,24554,24564,10
13.01403046,80.22348022,24564,24574,10
13.0143404,80.22396851,24574,24585,11
13.01502037,80.22473907,24585,24595,10
13.01541996,80.22548676,24595,24605,10
13.01506042,80.22589874,24605,24615,10
13.01432037,80.22619629,24615,24625,10
13.01346016,80.22654724,24625,24635,10
13.01251984,80.22691345,24635,24645,10
13.01148033,80.22731781,24645,24655,10
13.01039982,80.22773743,24655,24665,10
13.00955963,80.22776031,24665,24675,10
13.0097599,80.22705078,24675,24685,10
13.01012993,80.22621918,24685,24696,11
13.01058006,80.22512054,24696,24706,10
13.01099968,80.22412109,24706,24716,10
13.01130009,80.22328186,24716,24726,10
13.01095009,80.22299957,24726,24736,10
13.01031017,80.22267151,24736,24746,10
13.00957966,80.22228241,24746,24756,10
13.00876045,80.2218399,24756,24766,10
13.00786972,80.22135925,24766,24782,16
13.00634956,80.22061157,24782,24794,12
13.00510025,80.22032928,24794,24802,8
13.00434017,80.22013855,24802,24814,12
13.00321007,80.21990204,24814,24825,11
13.00230026,80.21933746,24825,24835,10
13.00164986,80.21867371,24835,24845,10
13.00090981,80.21814728,24845,24855,10
13.00030041,80.21775055,24855,24865,10
12.99967957,80.21736145,24865,24875,10
12.99890041,80.21694183,24875,24885,10
12.99800014,80.21659851,24885,24908,23
12.99734974,80.21652985,24908,24920,12
12.9967804,80.21653748,24920,24930,10
12.99608994,80.21665192,24930,24941,11
12.99522972,80.21695709,24941,24951,10
12.99460983,80.2173996,24951,24961,10
12.99396038,80.21785736,24961,24971,10
12.99328041,80.21832275,24971,24981,10
12.99262047,80.21880341,24981,24990,9
12.99182034,80.2193985,24990,25001,11
12.99131012,80.21955872,25001,25011,10
12.99094963,80.21943665,25011,25021,10
12.9907198,80.21933746,25021,25031,10
12.99018955,80.2191391,25031,25041,10
12.98945045,80.2188797,25041,25052,11
12.98845959,80.21852875,25052,25062,10
12.98748016,80.21833038,25062,25072,10
12.98692989,80.21822357,25072,25082,10
12.98678017,80.21819305,25082,25091,9
12.98639965,80.21808624,25091,25102,11
12.98544025,80.2179184,25102,25112,10
12.98462963,80.21793365,25112,25122,10
12.98373985,80.21793365,25122,25132,10
12.98276043,80.21794128,25132,25142,10
12.98167992,80.21797943,25142,25152,10
12.98060989,80.21827698,25152,25163,11
12.97966003,80.21865845,25163,25173,10
12.97894955,80.21894073,25173,25183,10
12.97842026,80.2191391,25183,25193,10
12.97770023,80.21943665,25193,25203,10
12.97684002,80.21980286,25203,25213,10
12.9758997,80.2202301,25213,25223,10
12.97554016,80.22065735,25223,25233,10
12.9759798,80.22119141,25233,25243,10
12.97634029,80.2216568,25243,25253,10
12.97636032,80.22171021,25253,25263,10
12.97649956,80.22206116,25263,25274,11
12.97688007,80.22267914,25274,25284,10
12.97731018,80.22341156,25284,25294,10
12.97784042,80.22427368,25294,25304,10
12.97836018,80.22512054,25304,25314,10
12.97887039,80.22595215,25314,25324,10
12.97937012,80.22679138,25324,25334,10
12.9799099,80.22766876,25334,25344,10
12.98044968,80.22856903,25344,25354,10
12.98091984,80.22936249,25354,25364,10
12.98136044,80.23007965,25364,25374,10
12.98180962,80.23084259,25374,25384,10
12.98204041,80.23164368,25384,25395,11
12.98202038,80.23259735,25395,25405,10
12.98165989,80.23345184,25405,25415,10
12.98128033,80.23442078,25415,25425,10
12.9812603,80.23552704,25425,25435,10
12.98130035,80.23667145,25435,25445,10
12.98134995,80.23776245,25445,25454,9
12.98136044,80.23796844,25454,25465,11
12.98136044,80.2383728,25465,25475,10
12.98136997,80.23876953,25475,25485,10
12.98136997,80.23892975,25485,25495,10
12.98136997,80.23947144,25495,25506,11
12.98139,80.2403717,25506,25516,10
12.98141003,80.24128723,25516,25526,10
12.98141956,80.24233246,25526,25536,10
12.98143005,80.24282074,25536,25546,10
12.98141956,80.24286652,25546,25556,10
12.98141956,80.24330139,25556,25566,10
12.98134995,80.24398041,25566,25576,10
12.98124027,80.24485016,25576,25586,10
12.98112011,80.24588013,25586,25596,10
12.98099995,80.24703217,25596,25606,10
12.98089981,80.24826813,25606,25616,10
12.98077011,80.24952698,25616,25627,11
12.98048019,80.25081635,25627,25637,10
12.98021984,80.25187683,25637,25647,10
12.98013973,80.25231171,25647,25657,10
12.98011971,80.25241089,25657,25667,10
12.98025036,80.25257111,25667,25677,10
12.98066044,80.25263977,25677,25687,10
12.98136997,80.25260925,25687,25697,10
12.98227024,80.25258636,25697,25707,10
12.98338985,80.25250244,25707,25717,10
12.98449993,80.25222015,25717,25727,10
12.98558044,80.25192261,25727,25738,11
12.98672009,80.25163269,25738,25748,10
12.98756027,80.25138092,25748,25768,20
12.98756027,80.25138092,25768,25778,10
12.98766041,80.25138855,25778,25788,10
12.98793983,80.2516098,25788,25798,10
12.98806,80.25221252,25798,25808,10
12.98799038,80.25311279,25808,25818,10
12.98789978,80.25411987,25818,25828,10
12.98781013,80.25514984,25828,25838,10
12.98773003,80.255867,25838,25848,10
12.98764992,80.25646973,25848,25859,11
12.9875803,80.25714111,25859,25869,10
12.98754025,80.25778961,25869,25879,10
12.98746014,80.25855255,25879,25889,10
12.98735046,80.25920868,25889,25899,10
12.98721981,80.25958252,25899,25929,30
12.98721981,80.25958252,25929,25939,10
12.98698044,80.25953674,25939,25949,10
12.98672962,80.2594986,25949,25959,10
12.98659039,80.25923157,25959,27616,1657
12.98659039,80.25923157,27616,27626,10
12.98661995,80.25904083,27626,27636,10
12.98678017,80.25900269,27636,27646,10
12.98705959,80.25907135,27646,27666,20
12.98705959,80.25907135,27666,27676,10
12.98725986,80.25910187,27676,27686,10
12.98736954,80.25885773,27686,27696,10
12.98740959,80.25843811,27696,27707,11
12.98744965,80.25800323,27707,27717,10
12.9874897,80.25752258,27717,27727,10
12.98752975,80.25694275,27727,27737,10
12.9875803,80.25605774,27737,27797,60
12.9875803,80.25605774,27797,27807,10
12.98766994,80.2558136,27807,27817,10
12.98777008,80.25537872,27817,27828,11
12.98777008,80.25495148,27828,27838,10
12.98777008,80.25491333,27838,27848,10
12.98779964,80.25447845,27848,27858,10
12.98785973,80.25379181,27858,27868,10
12.98791981,80.25296783,27868,27878,10
12.98783016,80.2517395,27878,27898,20
12.98783016,80.2517395,27898,27908,10
12.98756027,80.25157166,27908,27918,10
12.98696041,80.25166321,27918,27928,10
12.98616982,80.2518692,27928,27938,10
12.98519039,80.25212097,27938,27949,11
12.98398018,80.25245667,27949,27959,10
12.9828701,80.25266266,27959,27975,16
12.98112965,80.25270844,27975,27987,12
12.98007965,80.25274658,27987,27997,10
12.97988987,80.25261688,27997,28007,10
12.97992039,80.25212097,28007,28017,10
12.97992992,80.25205231,28017,28027,10
12.98005962,80.25170898,28027,28037,10
12.9802599,80.25113678,28037,28047,10
12.98044014,80.25047302,28047,28058,11
12.98062992,80.2496109,28058,28068,10
12.98071957,80.24873352,28068,28078,10
12.98077965,80.24778748,28078,28088,10
12.98087978,80.2468338,28088,28098,10
12.98097992,80.24578857,28098,28108,10
12.98110962,80.24466705,28108,28118,10
12.98118973,80.24378967,28118,28128,10
12.98132038,80.24350739,28128,28138,10
12.98136997,80.24276733,28138,28158,20
12.98136997,80.24276733,28158,28168,10
12.98136997,80.24236298,28168,28178,10
12.98136997,80.24175262,28178,28189,11
12.98136044,80.24088287,28189,28199,10
12.98134041,80.2399826,28199,28209,10
12.98130989,80.23908234,28209,28219,10
12.98128033,80.23840332,28219,28229,10
12.98126984,80.23784637,28229,28239,10
12.9812603,80.23777008,28239,28249,10
12.98124027,80.23729706,28249,28259,10
12.98122025,80.23654938,28259,28269,10
12.98120022,80.23565674,28269,28279,10
12.9811697,80.23471832,28279,28290,11
12.98134995,80.23381042,28290,28300,10
12.98155022,80.23339081,28300,28310,10
12.98163986,80.23323822,28310,28320,10
12.98171997,80.23310852,28320,28330,10
12.98188972,80.2326889,28330,28340,10
12.98200035,80.23223877,28340,28350,10
12.9819603,80.2315979,28350,28360,10
12.98182011,80.23091888,28360,28369,9
12.98151016,80.23033142,28369,28379,10
12.98108006,80.2296524,28379,28390,11
12.98077011,80.22915649,28390,28400,10
12.98062038,80.22891235,28400,28411,11
12.98038006,80.22850037,28411,28421,10
12.98017979,80.22805786,28421,28431,10
12.97980022,80.22746277,28431,28441,10
12.9793396,80.22669983,28441,28451,10
12.97883987,80.22586823,28451,28461,10
12.97832012,80.22502136,28461,28471,10
12.97791958,80.22447968,28471,28481,10
12.97770977,80.22412109,28481,28491,10
12.97739983,80.22361755,28491,28501,10
12.97704983,80.22303772,28501,28511,10
12.9766798,80.22242737,28511,28522,11
12.97620964,80.22168732,28522,28531,9
12.97595978,80.22132874,28531,28542,11
12.97568989,80.22104645,28542,28552,10
12.97564983,80.22097015,28552,28562,10
12.97537994,80.22077179,28562,28693,131
12.97537994,80.22077179,28693,28703,10
12.97542,80.22048187,28703,28713,10
12.97572041,80.22026062,28713,28723,10
12.97624016,80.22003174,28723,28733,10
12.97692966,80.21974182,28733,28743,10
12.97770977,80.21942139,28743,28754,11
12.97856045,80.21907806,28754,28764,10
12.97918034,80.21882629,28764,28774,10
12.97994995,80.21852875,28774,28784,10
12.98081017,80.21819305,28784,28794,10
12.98180962,80.21790314,28794,28804,10
12.98276997,80.21785736,28804,28814,10
12.98369026,80.2178421,28814,28824,10
12.98383999,80.21782684,28824,28834,10
12.98394012,80.21781921,28834,28844,10
12.98441029,80.21781921,28844,28854,10
12.98515034,80.21782684,28854,28864,10
12.98598957,80.21793365,28864,28875,11
12.98746967,80.21822357,28875,28895,20
12.98746967,80.21822357,28895,28905,10
12.98785019,80.21833038,28905,28915,10
12.98845959,80.21846771,28915,28925,10
12.98923969,80.21869659,28925,28935,10
12.99013996,80.2190094,28935,28945,10
12.99114037,80.21932983,28945,28955,10
12.99180984,80.21936035,28955,28965,10
12.99230003,80.2190094,28965,28975,10
12.99304008,80.21846771,28975,28986,11
12.99388981,80.21787262,28986,28996,10
12.99452019,80.2173996,28996,29006,10
12.99493027,80.21710968,29006,29016,10
12.99532986,80.21685028,29016,29026,10
12.99596024,80.21663666,29026,29036,10
12.99668026,80.21652222,29036,29046,10
12.99724007,80.21639252,29046,29056,10
12.99750042,80.21614075,29056,29066,10
12.99754047,80.2161026,29066,29076,10
12.99759007,80.21604919,29076,29086,10
12.99787045,80.21579742,29086,29096,10
12.99829006,80.21543884,29096,29113,17
12.9988699,80.21492004,29113,29125,12
12.99915028,80.21470642,29125,29135,10
12.99934959,80.21450043,29135,29145,10
12.9997797,80.21414185,29145,29155,10
13.00018024,80.21379852,29155,29163,8
13.00059986,80.21343231,29163,29175,12
13.00111008,80.21302032,29175,29185,10
13.00177956,80.21253204,29185,29195,10
13.0023098,80.21221924,29195,29205,10
13.00269985,80.21208954,29205,29215,10
13.00290966,80.21206665,29215,29226,11
13.00366974,80.21186829,29226,29246,20
13.00366974,80.21186829,29246,29256,10
13.00372028,80.21177673,29256,29266,10
13.00372028,80.21144104,29266,29276,10
13.00368023,80.21087646,29276,29286,10
13.00360012,80.21034241,29286,29296,10
13.00354004,80.20980835,29296,29306,10
13.00358009,80.20928955,29306,29316,10
13.00378036,80.20867157,29316,29326,10
13.00442028,80.20877838,29326,29337,11
13.00529957,80.20918274,29337,29347,10
13.00619984,80.20951843,29347,29357,10
13.00737953,80.20980072,29357,29377,20
13.00737953,80.20980072,29377,29387,10
13.00751972,80.20982361,29387,29397,10
13.00788021,80.20990753,29397,29407,10
13.00819969,80.20995331,29407,29417,10
13.00811958,80.2095108,29417,29427,10
13.00800037,80.2088623,29427,29437,10
13.00788021,80.20803833,29437,29448,11
13.00769043,80.20700073,29448,29458,10
13.00755978,80.20600128,29458,29468,10
13.00751972,80.20504761,29468,29478,10
13.00751972,80.20426178,29478,29488,10
13.00743961,80.20348358,29488,29498,10
13.00720024,80.2026062,29498,29508,10
13.00662041,80.2026825,29508,29518,10
13.00673962,80.20326996,29518,29528,10
13.00737,80.20359039,29528,29538,10
13.00813961,80.20368958,29538,29554,16
13.00965977,80.20359802,29554,29566,12
13.01107979,80.20362854,29566,29575,9
13.01214027,80.20378113,29575,29587,12
13.01315022,80.20401001,29587,29596,9
13.01401997,80.20429993,29596,29607,11
13.01492977,80.20459747,29607,29617,10
13.01506042,80.20467377,29617,29626,9
13.01508999,80.2046814,29626,29637,11
13.01558018,80.20484161,29637,29647,10
13.01616955,80.2050705,29647,29657,10
13.01692009,80.2052002,29657,29667,10
13.0177803,80.20546722,29667,29677,10
13.01842022,80.20578766,29677,29688,11
13.01860046,80.20587921,29688,29698,10
13.01883984,80.20597839,29698,29708,10
13.01937008,80.2061615,29708,29718,10
13.02009964,80.20626831,29718,29728,10
13.02099037,80.20628357,29728,29738,10
13.02196026,80.2062912,29738,29748,10
13.02293015,80.20644379,29748,29758,10
13.02396011,80.20661163,29758,29768,10
13.02441025,80.20670319,29768,29778,10
13.02451992,80.2067337,29778,29788,10
13.02493954,80.20684052,29788,29798,10
13.02569962,80.20709229,29798,29809,11
13.02653027,80.20754242,29809,29819,10
13.02737999,80.2080307,29819,29835,16
13.02888012,80.20864868,29835,29847,12
13.0298996,80.20890045,29847,29857,10
13.03061962,80.2091217,29857,29867,10
13.03153038,80.2093811,29867,29877,10
13.03160954,80.20941925,29877,29887,10
13.03195,80.20951843,29887,29897,10
13.03262043,80.20966339,29897,29907,10
13.03341007,80.20979309,29907,29918,11
13.03439045,80.21002197,29918,29928,10
13.03509998,80.21031952,29928,29937,9
13.03505993,80.2113266,29937,29958,21
13.03505993,80.2113266,29958,29968,10
13.03497982,80.21154022,29968,29978,10
13.03489017,80.21198273,29978,29988,10
13.03516006,80.21219635,29988,29998,10
13.03567982,80.21225739,29998,30008,10
13.03641033,80.2122879,30008,30018,10
13.03709984,80.21228027,30018,30028,10
13.03771973,80.21228027,30028,30039,11
13.03861046,80.21225739,30039,30049,10
13.03948975,80.21222687,30049,30059,10
13.04049015,80.21221924,30059,30069,10
13.04150963,80.21221924,30069,30079,10
13.04253006,80.21224213,30079,30088,9
13.04345036,80.21224213,30088,30099,11
13.04415035,80.21225739,30099,30139,40
13.04415035,80.21225739,30139,30149,10
13.04421997,80.21218109,30149,30160,11
13.04465961,80.21221161,30160,30170,10
13.04528999,80.21219635,30170,30179,9
13.04598045,80.21218872,30179,30190,11
13.04681969,80.2121582,30190,30200,10
13.04757023,80.21209717,30200,30210,10
13.04825974,80.21201324,30210,30220,10
13.04858017,80.21198273,30220,30230,10
13.04862022,80.21198273,30230,30240,10
13.04899979,80.21196747,30240,30250,10
13.0496397,80.21193695,30250,30281,31
13.0496397,80.21193695,30281,30291,10
13.04971981,80.21192169,30291,30301,10
13.04998016,80.21190643,30301,30311,10
13.05018997,80.21193695,30311,30321,10
13.05060959,80.21198273,30321,30331,10
13.05109978,80.2120285,30331,30341,10
13.05189991,80.2120285,30341,30351,10
13.05272961,80.21186066,30351,30361,10
13.05362034,80.21163177,30361,30371,10
13.05451012,80.21141815,30371,30381,10
13.0552702,80.21141052,30381,30392,11
13.05626011,80.21141815,30392,30402,10
13.05723953,80.21140289,30402,30412,10
13.05776024,80.21138,30412,30422,10
13.05780029,80.21138,30422,30432,10
13.05821991,80.21138,30432,30442,10
13.05889034,80.21141052,30442,30452,10
13.05963993,80.21147156,30452,30462,10
13.0605402,80.21153259,30462,30472,10
13.0613203,80.21157837,30472,30482,10
13.06227016,80.2116394,30482,30492,10
13.06309032,80.21156311,30492,30503,11
13.06340981,80.21150208,30503,30513,10
13.06357956,80.21148682,30513,30523,10
13.06408978,80.21147919,30523,30533,10
13.06480026,80.21124268,30533,30543,10
13.06554031,80.21073914,30543,30553,10
13.06632042,80.21009827,30553,30563,10
13.06706047,80.20929718,30563,30573,10
13.06758022,80.20842743,30573,30583,10
13.06812954,80.20755768,30583,30592,9
13.06865978,80.20674896,30592,30602,10
13.06925964,80.20581055,30602,30613,11
13.06970024,80.20491028,30613,30634,21
13.06970024,80.20491028,30634,30644,10
13.06966972,80.20487976,30644,30654,10
13.06945992,80.20480347,30654,30664,10
13.06912994,80.20506287,30664,30674,10
13.06879997,80.20532227,30674,30684,10
13.06847954,80.20516968,30684,31098,414
13.06847954,80.20516968,31098,31108,10
13.06865978,80.20532227,31108,31118,10
13.06855965,80.20549011,31118,31128,10
13.06820011,80.20545959,31128,31138,10
13.06795979,80.20522308,31138,31168,30
13.06795979,80.20522308,31168,31178,10
13.06818962,80.20496368,31178,31188,10
13.06832981,80.20493317,31188,31198,10
13.0685997,80.20484924,31198,31209,11
13.06886005,80.20475769,31209,31219,10
13.06937027,80.20474243,31219,31229,10
13.06970024,80.20480347,31229,31239,10
13.06991005,80.20500183,31239,31249,10
13.06976986,80.20536041,31249,31259,10
13.06970024,80.20545959,31259,31269,10
13.06945992,80.20583344,31269,31279,10
13.06908989,80.2064209,31279,31289,10
13.06873989,80.20697021,31289,31299,10
13.06814003,80.20793915,31299,31309,10
13.0675602,80.20884705,31309,31320,11
13.06684971,80.20987701,31320,31329,9
13.06602955,80.21056366,31329,31339,10
13.06521034,80.21125793,31339,31350,11
13.06507969,80.21134949,31350,31360,10
13.06499004,80.21141815,31360,31370,10
13.06459045,80.21157074,31370,31380,10
13.06400967,80.21173096,31380,31390,10
13.06357002,80.21176147,31390,31400,10
13.06289005,80.21176147,31400,31410,10
13.06225967,80.21166229,31410,31420,10
13.06130028,80.21157837,31420,31430,10
13.06019974,80.21160126,31430,31440,10
13.05916023,80.21161652,31440,31451,11
13.0583601,80.21160889,31451,31461,10
13.05764961,80.21161652,31461,31471,10
13.05760956,80.21161652,31471,31481,10
13.05733967,80.21166229,31481,31491,10
13.05683041,80.21163177,31491,31501,10
13.05613995,80.2116394,31501,31511,10
13.05533028,80.21160889,31511,31521,10
13.05459023,80.21159363,31521,31531,10
13.05403042,80.21170807,31531,31541,10
13.05327034,80.21186829,31541,31552,11
13.05249023,80.21208191,31552,31562,10
13.05163002,80.21224213,31562,31572,10
13.05070019,80.2121582,31572,31612,40
13.05070019,80.2121582,31612,31622,10
13.05035973,80.21218872,31622,31632,10
13.04981995,80.21217346,31632,31642,10
13.04959965,80.21218872,31642,31673,31
13.04959965,80.21218872,31673,31683,10
13.04916,80.21217346,31683,31693,10
13.04854965,80.21218872,31693,31703,10
13.0478096,80.21222687,31703,31713,10
13.0468998,80.2122879,31713,31723,10
13.04582977,80.21233368,31723,31733,10
13.04493999,80.21238708,31733,31743,10
13.04434013,80.21238708,31743,31753,10
13.04362965,80.21237183,31753,31763,10
13.04277992,80.21237946,31763,31773,10
13.0419302,80.21238708,31773,31784,11
13.04100037,80.21237946,31784,31794,10
13.03999043,80.21234131,31794,31804,10
13.03905964,80.21237946,31804,31814,10
13.03826046,80.21238708,31814,31824,10
13.03773022,80.21238708,31824,31834,10
13.03724003,80.21237946,31834,31844,10
13.03654957,80.21234894,31844,31854,10
13.03584957,80.21237946,31854,31864,10
13.03555012,80.21240234,31864,31874,10
13.03522015,80.21234131,31874,31884,10
13.03495979,80.21225739,31884,31894,10
13.03466034,80.21218109,31894,31915,21
13.03435993,80.21215057,31915,31945,30
13.03435993,80.21215057,31945,31955,10
13.03411961,80.21209717,31955,31965,10
13.03359985,80.21201324,31965,31975,10
13.03287983,80.21189117,31975,31985,10
13.03203964,80.21170807,31985,31995,10
13.03201962,80.21096039,31995,32005,10
13.03209972,80.21009064,32005,32016,11
13.03188992,80.20957184,32016,32026,10
13.03133011,80.20939636,32026,32036,10
13.03063965,80.20922852,32036,32046,10
13.03020954,80.20915222,32046,32056,10
13.02995968,80.20903778,32056,32066,10
13.02972984,80.20899963,32066,32076,10
13.02937031,80.20892334,32076,32086,10
13.02935982,80.20892334,32086,32096,10
13.02896976,80.20879364,32096,32106,10
13.02830982,80.20861053,32106,32116,10
13.02760983,80.20834351,32116,32126,10
13.02690983,80.20791626,32126,32137,11
13.02600002,80.20736694,32137,32147,10
13.02490044,80.20702362,32147,32157,10
13.02427959,80.20690918,32157,32167,10
13.02422047,80.20690155,32167,32177,10
13.02381039,80.20681763,32177,32187,10
13.02317047,80.20665741,32187,32197,10
13.02239037,80.20648193,32197,32207,10
13.02194977,80.20645905,32207,32217,10
13.02145004,80.2064209,32217,32227,10
13.02073002,80.20645142,32227,32237,10
13.01990986,80.20644379,32237,32247,10
13.01916981,80.20635223,32247,32258,11
13.01908016,80.20633698,32258,32268,10
13.01881027,80.20623016,32268,32278,10
13.01825047,80.2060318,32278,32288,10
13.01762009,80.20580292,32288,32298,10
13.01729012,80.20565796,32298,32308,10
13.01704025,80.20555878,32308,32318,10
13.01671982,80.20543671,32318,32328,10
13.01626015,80.20526886,32328,32338,10
13.01541996,80.20501709,32338,32348,10
13.01457977,80.20474243,32348,32358,10
13.01422024,80.20461273,32358,32369,11
13.0137701,80.20446014,32369,32399,30
13.0137701,80.20446014,32399,32409,10
13.01366043,80.20446014,32409,32419,10
13.01356983,80.20453644,32419,32429,10
13.01354027,80.20474243,32429,32439,10
13.01350021,80.20487213,32439,32449,10
13.01336002,80.20529175,32449,32459,10
13.01317978,80.20590973,32459,32469,10
13.01301956,80.20674133,32469,32480,11
13.01292992,80.20768738,32480,32490,10
13.01288986,80.20815277,32490,32500,10
13.01288033,80.20855713,32500,32510,10
13.01290035,80.20897675,32510,32520,10
13.01309013,80.20960236,32520,32530,10
13.01313019,80.21019745,32530,32540,10
13.01296043,80.21102142,32540,32550,10
13.01255989,80.21177673,32550,32560,10
13.01214027,80.21243286,32560,32576,16
13.01169968,80.21278381,32576,32588,12
13.01124001,80.21240234,32588,32596,8
13.0108099,80.21208191,32596,32609,13
13.01060963,80.21192932,32609,32619,10
13.01025963,80.21167755,32619,32629,10
13.00977039,80.21130371,32629,32659,30
13.00977039,80.21130371,32659,32669,10
13.00951004,80.21111298,32669,32699,30
13.00951004,80.21111298,32699,32709,10
13.00920963,80.21121979,32709,32720,11
13.00903988,80.2115097,32720,32730,10
13.00907993,80.21177673,32730,32740,10
13.00916004,80.21208954,32740,32750,10
13.00924969,80.21240234,32750,32760,10
13.00942039,80.21285248,32760,32770,10
13.00957012,80.21333313,32770,32780,10
13.00977039,80.21382141,32780,32790,10
13.0099802,80.21430969,32790,32806,16
13.01021004,80.21537781,32806,32818,12
13.0105896,80.21642303,32818,32827,9
13.0110302,80.21733856,32827,32839,12
13.01154995,80.21869659,32839,32849,10
13.01194,80.21990204,32849,32857,8
13.01226044,80.22084045,32857,32869,12
13.01282024,80.22177124,32869,32879,10
13.01338959,80.22239685,32879,32889,10
13.01383018,80.22303772,32889,32899,10
13.01403999,80.22342682,32899,32909,10
13.01420021,80.22376251,32909,32919,10
13.01467037,80.22440338,32919,32929,10
13.01531029,80.22509003,32929,32939,10
13.01539993,80.22557068,32939,32950,11
13.01511002,80.22585297,32950,32960,10
13.01451969,80.22608948,32960,32970,10
13.01375961,80.22641754,32970,32979,9
13.01305962,80.22667694,32979,32990,11
13.01216984,80.22702026,32990,33000,10
13.01107025,80.22746277,33000,33010,10
13.01006031,80.22786713,33010,33020,10
13.00951004,80.22759247,33020,33030,10
13.00979996,80.22691345,33030,33040,10
13.01014042,80.22612762,33040,33050,10
13.01051998,80.2252121,33050,33060,10
13.0109396,80.22421265,33060,33071,11
13.01130962,80.2233429,33071,33081,10
13.01124001,80.22309875,33081,33091,10
13.01078033,80.22290802,33091,33101,10
13.01016045,80.22263336,33101,33111,10
13.00949001,80.22223663,33111,33121,10
13.00876045,80.2218399,33121,33131,10
13.00796032,80.22138214,33131,33141,10
13.00706959,80.22093201,33141,33151,10
13.00642014,80.22068024,33151,33161,10
13.00568962,80.22048187,33161,33171,10
13.00485039,80.22028351,33171,33181,10
13.00401974,80.22006989,33181,33198,17
13.00277996,80.21968079,33198,33210,12
13.00199986,80.21900177,33210,33218,8
13.00158024,80.21859741,33218,33229,11
13.00096989,80.21811676,33229,33240,11
13.00039959,80.21772766,33240,33250,10
12.99975967,80.21736145,33250,33260,10
12.99913979,80.21701813,33260,33269,9
12.99843979,80.21666718,33269,33279,10
12.99757957,80.21652222,33279,33290,11
12.99742031,80.21650696,33290,33301,11
12.99726963,80.21650696,33301,33311,10
12.99676037,80.21653748,33311,33321,10
12.9960804,80.21669769,33321,33331,10
12.99530029,80.21694183,33331,33341,10
12.99452019,80.21748352,33341,33351,10
12.99398041,80.2178421,33351,33361,10
12.99355984,80.2181015,33361,33371,10
12.99297047,80.21851349,33371,33381,10
12.99232006,80.21900177,33381,33391,10
12.99160004,80.21951294,33391,33401,10
12.99108028,80.2194519,33401,33411,10
12.99087048,80.21938324,33411,33422,11
12.99053955,80.21926117,33422,33432,10
12.98999023,80.21907043,33432,33442,10
12.98929024,80.21881866,33442,33452,10
12.98841953,80.21853638,33452,33462,10
12.98746967,80.2183609,33462,33472,10
12.98680019,80.21822357,33472,33482,10
12.98612022,80.2180481,33482,33492,10
12.98532963,80.21793365,33492,33502,10
12.98466015,80.21795654,33502,33512,10
12.98416996,80.21794891,33512,33522,10
12.98412991,80.21794891,33522,33532,10
12.9839201,80.21795654,33532,33543,11
12.9833498,80.21795654,33543,33553,10
12.98262024,80.21795654,33553,33563,10
12.98178005,80.21797943,33563,33573,10
12.98091984,80.21819305,33573,33583,10
12.98007011,80.2184906,33583,33593,10
12.97933006,80.21880341,33593,33603,10
12.97877979,80.21901703,33603,33613,10
12.97826004,80.21922302,33613,33623,10
12.97754002,80.21952057,33623,33633,10
12.97671986,80.21987915,33633,33643,10
12.97595978,80.22020721,33643,33653,10
12.97574043,80.22029114,33653,33664,11
12.97558975,80.22038269,33664,33680,16
12.97574043,80.22097778,33680,33692,12
12.97626972,80.2217865,33692,33721,29
12.97626972,80.2217865,33721,33732,11
12.97630024,80.22212219,33732,33742,10
12.97655964,80.22238159,33742,33752,10
12.97696018,80.22290802,33752,33762,10
12.97739983,80.22358704,33762,33773,11
12.97789001,80.22434235,33773,33783,10
12.9783802,80.22515869,33783,33793,10
12.97885036,80.22592163,33793,33803,10
12.9793396,80.22670746,33803,33813,10
12.97982979,80.22753143,33813,33823,10
12.98031998,80.22834778,33823,33833,10
12.98077965,80.22913361,33833,33843,10
12.9811697,80.22975922,33843,33853,10
12.98155975,80.23034668,33853,33863,10
12.98169994,80.23058319,33863,33873,10
12.98176003,80.23065186,33873,33883,10
12.98188019,80.23101044,33883,33894,11
12.98200035,80.2315979,33894,33904,10
12.98200989,80.23236084,33904,33914,10
12.98178005,80.23319244,33914,33924,10
12.98161983,80.23355865,33924,33934,10
12.98159981,80.23358917,33934,33944,10
12.98141956,80.23394012,33944,33954,10
12.98122978,80.23457336,33954,33963,9
12.98124027,80.23529816,33963,33973,10
12.9812603,80.23625946,33973,33984,11
12.98128033,80.23734283,33984,33994,10
12.98134041,80.23870087,33994,34015,21
12.98134041,80.23870087,34015,34025,10
12.98134995,80.23882294,34025,34035,10
12.98136044,80.23930359,34035,34045,10
12.98136044,80.23992157,34045,34055,10
12.98138046,80.2406311,34055,34065,10
12.98139,80.24143982,34065,34075,10
12.98139954,80.24226379,34075,34085,10
12.98139954,80.24284363,34085,34105,20
12.98139954,80.24284363,34105,34115,10
12.98136997,80.24307251,34115,34126,11
12.98136997,80.24360657,34126,34136,10
12.98128033,80.24430084,34136,34146,10
12.98118973,80.24511719,34146,34156,10
12.98108006,80.24603271,34156,34166,10
12.98097992,80.24704742,34166,34176,10
12.98087978,80.24816132,34176,34186,10
12.98077965,80.24932861,34186,34196,10
12.98056984,80.25042725,34196,34206,10
12.98033047,80.25137329,34206,34216,10
12.98011971,80.25229645,34216,34236,20
12.98011971,80.25229645,34236,34247,11
12.98011017,80.25243378,34247,34257,10
12.98031998,80.25260925,34257,34267,10
12.98079967,80.25263214,34267,34277,10
12.98151016,80.25261688,34277,34287,10
12.98237038,80.25260162,34287,34297,10
12.98342037,80.25250244,34297,34307,10
12.98455048,80.25224304,34307,34317,10
12.98569965,80.25189972,34317,34327,10
12.98663998,80.25166321,34327,34336,9
12.98738003,80.25141907,34336,34378,42
12.98738003,80.25141907,34378,34388,10
12.98748016,80.25140381,34388,34398,10
12.98783016,80.25145721,34398,34408,10
12.98799038,80.25196075,34408,34418,10
12.98799992,80.25251007,34418,34428,10
12.98791027,80.25363159,34428,34438,10
12.98783016,80.2545166,34438,34448,10
12.98771954,80.25572205,34448,34600,152
12.98771954,80.25572205,34600,34610,10
12.98773003,80.25582886,34610,34620,10
12.98764992,80.25615692,34620,34630,10
12.98760033,80.25672913,34630,34640,10
12.98754025,80.25743866,34640,34650,10
12.98748016,80.25824738,34650,34660,10
12.98738003,80.25901031,34660,34670,10
12.98721981,80.25956726,34670,34771,101
12.98721981,80.25956726,34771,34781,10
12.98698997,80.259552,34781,34791,10
12.98676014,80.25950623,34791,34801,10
12.98661995,80.2592392,34801,35901,1100
12.98661995,80.2592392,35901,35911,10
12.9867897,80.25901031,35911,35971,60
12.98715019,80.25911713,35971,36012,41
12.98715019,80.25911713,36012,36022,10
12.98735046,80.25900269,36022,36032,10
12.98738003,80.25865173,36032,36042,10
12.98742008,80.25830078,36042,36052,10
12.98744011,80.25804138,36052,36062,10
12.98746967,80.2575531,36062,36072,10
12.9874897,80.25730133,36072,36082,10
12.98752022,80.2572403,36082,36092,10
12.98756027,80.25682068,36092,36102,10
12.9875803,80.25624847,36102,36112,10
12.98766994,80.25569916,36112,36123,11
12.98773956,80.25502777,36123,36133,10
12.98777008,80.25469208,36133,36143,10
12.98781967,80.25417328,36143,36153,10
12.98787975,80.25344086,36153,36163,10
12.98791027,80.25205994,36163,36221,58
12.98791027,80.25205994,36221,36231,10
12.98783016,80.25182343,36231,36242,11
12.98770046,80.25157928,36242,36252,10
12.98725986,80.25160217,36252,36261,9
12.98665047,80.25171661,36261,36272,11
12.98583984,80.25190735,36272,36282,10
12.98482037,80.25219727,36282,36292,10
12.98381996,80.25247955,36292,36302,10
12.98278046,80.25267029,36302,36312,10
12.98167992,80.25270081,36312,36322,10
12.98007011,80.25273895,36322,36352,30
12.98007011,80.25273895,36352,36363,11
12.98001957,80.25269318,36363,36373,10
12.97988033,80.25257111,36373,36383,10
12.97990036,80.25229645,36383,36403,20
12.97990036,80.25229645,36403,36413,10
12.97994995,80.25196838,36413,36423,10
12.98009968,80.25153351,36423,36433,10
12.98031044,80.25086212,36433,36443,10
12.98054028,80.25003815,36443,36452,9
12.98069,80.24920654,36452,36463,11
12.98075008,80.24817657,36463,36474,11
12.98083019,80.24710846,36474,36484,10
12.98093033,80.24607849,36484,36494,10
12.98104954,80.24501801,36494,36504,10
12.98114014,80.24404144,36504,36514,10
12.98122025,80.24362946,36514,36524,10
12.98132038,80.24339294,36524,36534,10
12.98132038,80.2430191,36534,36544,10
12.98134041,80.24289703,36544,36554,10
12.98134041,80.24276733,36554,36564,10
12.98134041,80.24263763,36564,36574,10
12.98132992,80.24230194,36574,36584,10
12.98132992,80.24185944,36584,36595,11
12.98132992,80.2410965,36595,36605,10
12.98132038,80.24028778,36605,36615,10
12.98132038,80.23951721,36615,36624,9
12.98130035,80.2389679,36624,36635,11
12.98128033,80.23815918,36635,36645,10
12.98128033,80.2379837,36645,36655,10
12.98128033,80.23786163,36655,36665,10
12.98126984,80.23766327,36665,36675,10
12.98124981,80.23715973,36675,36685,10
12.98122978,80.23647308,36685,36695,10
12.98120022,80.23567963,36695,36705,10
12.98118019,80.23486328,36705,36716,11
12.98130035,80.23394012,36716,36726,10
12.98157024,80.23335266,36726,36736,10
12.98163986,80.23322296,36736,36746,10
12.98178959,80.23290253,36746,36756,10
12.98194981,80.2324295,36756,36766,10
12.9819603,80.231987,36766,36776,10
12.98194981,80.23155975,36776,36786,10
12.98194027,80.23126984,36786,36796,10
12.98167992,80.2305603,36796,36857,61
12.98167992,80.2305603,36857,36867,10
12.98159027,80.23045349,36867,36877,10
12.98141956,80.23016357,36877,36887,10
12.98110008,80.22966003,36887,36897,10
12.98077965,80.22915649,36897,36907,10
12.98064995,80.22891998,36907,36917,10
12.98058987,80.22879028,36917,36927,10
12.98036957,80.22839355,36927,36937,10
12.98017025,80.22799683,36937,36948,11
12.97976971,80.22737122,36948,36958,10
12.9793396,80.22667694,36958,36968,10
12.97891998,80.22596741,36968,36978,10
12.97846031,80.22519684,36978,36988,10
12.97813034,80.22467804,36988,36998,10
12.97786045,80.2243576,36998,37008,10
12.97756958,80.22387695,37008,37018,10
12.97721004,80.22325897,37018,37028,10
12.9769001,80.22276306,37028,37038,10
12.97665977,80.22238159,37038,37048,10
12.97628021,80.22177887,37048,37058,10
12.97583008,80.22119141,37058,37069,11
12.97566032,80.22104645,37069,37079,10
12.97556019,80.22096252,37079,37089,10
12.97533035,80.22071838,37089,37099,10
12.97546005,80.22048187,37099,37109,10
12.97572041,80.22023773,37109,37119,10
12.9762001,80.22000885,37119,37129,10
12.97688007,80.21971893,37129,37139,10
12.97766018,80.2193985,37139,37149,10
12.97844028,80.21909332,37149,37165,16
12.97929955,80.21875763,37165,37177,12
12.98009968,80.21843719,37177,37188,11
12.98091984,80.21816254,37188,37197,9
12.98173046,80.21791077,37197,37208,11
12.9823904,80.21784973,37208,37218,10
12.98278999,80.21785736,37218,37228,10
12.9833498,80.21785736,37228,37237,9
12.98381996,80.21785736,37237,37248,11
12.98383999,80.21790314,37248,37258,10
12.98421955,80.21788788,37258,37267,9
12.98468018,80.21788025,37267,37278,11
12.98558044,80.21788025,37278,37288,10
12.9864502,80.21806335,37288,37299,11
12.98731041,80.21822357,37299,37309,10
12.98740005,80.21823883,37309,37319,10
12.9875803,80.21829987,37319,37329,10
12.98808956,80.21842194,37329,37339,10
12.98876953,80.21858978,37339,37349,10
12.98958015,80.21887207,37349,37359,10
12.99051952,80.21916199,37359,37369,10
12.9914999,80.21942139,37369,37379,10
12.99193001,80.21925354,37379,37389,10
12.99238968,80.21891785,37389,37399,10
12.99302959,80.21845245,37399,37409,10
12.99374008,80.21794128,37409,37420,11
12.99440002,80.217453,37420,37430,10
12.99479961,80.21716309,37430,37440,10
12.99522972,80.21688843,37440,37450,10
12.99580956,80.21665955,37450,37460,10
12.99652958,80.21650696,37460,37470,10
12.99711037,80.21645355,37470,37480,10
12.99742031,80.21617889,37480,37490,10
12.99754047,80.21607971,37490,37500,10
12.99765015,80.21598053,37500,37510,10
12.99802017,80.21568298,37510,37520,10
12.99849033,80.21526337,37520,37530,10
12.99905968,80.21476746,37530,37541,11
12.99934959,80.21453094,37541,37551,10
12.99979973,80.21414185,37551,37561,10
13.00018024,80.21379852,37561,37571,10
13.00067997,80.21334839,37571,37581,10
13.00154018,80.212677,37581,37611,30
13.00154018,80.212677,37611,37621,10
13.00166035,80.21257782,37621,37652,31
13.00166035,80.21257782,37652,37662,10
13.00207043,80.21231842,37662,37672,10
13.00259972,80.21211243,37672,37682,10
13.00319958,80.21205902,37682,37692,10
13.00362968,80.21192932,37692,37702,10
13.00362968,80.21192169,37702,37712,10
13.00368023,80.2115097,37712,37722,10
13.00364017,80.21086884,37722,37732,10
13.00354958,80.21018219,37732,37742,10
13.00352001,80.20948029,37742,37752,10
13.00370026,80.20870972,37752,37769,17
13.00504971,80.20906067,37769,37781,12
13.00599957,80.20944214,37781,37791,10
13.00632954,80.20954895,37791,37801,10
13.00679016,80.20968628,37801,37811,10
13.00714016,80.20977783,37811,37820,9
13.00737953,80.20983124,37820,37830,10
13.00739956,80.20983124,37830,37841,11
13.00749016,80.2098465,37841,37851,10
13.00776005,80.20990753,37851,37861,10
13.00811005,80.2099762,37861,37871,10
13.00811958,80.20961761,37871,37881,10
13.00800037,80.20899963,37881,37892,11
13.00786972,80.20809174,37892,37902,10
13.00767994,80.20713806,37902,37912,10
13.00751972,80.20616913,37912,37922,10
13.00747967,80.20526886,37922,37932,10
13.00749016,80.20453644,37932,37942,10
13.00745964,80.20394897,37942,37951,9
13.00737953,80.20330811,37951,37962,11
13.00706005,80.20252228,37962,37972,10
13.00654984,80.20275116,37972,37982,10
13.00675011,80.20327759,37982,37992,10
13.00734043,80.2035675,37992,38002,10
13.00813007,80.20366669,38002,38013,11
13.0092802,80.20359802,38013,38023,10
13.01051998,80.20358276,38023,38033,10
13.01183987,80.2036972,38033,38043,10
13.01309013,80.20397949,38043,38053,10
13.01373005,80.20413208,38053,38063,10
13.01414967,80.20429993,38063,38073,10
13.01486015,80.20452118,38073,38083,10
13.01560974,80.20478058,38083,38093,10
13.01646996,80.20503998,38093,38103,10
13.01708984,80.20526123,38103,38113,10
13.01786041,80.20554352,38113,38124,11
13.01856995,80.20584106,38124,38133,9
13.01867962,80.20588684,38133,38144,11
13.01912975,80.20604706,38144,38154,10
13.0197897,80.20620728,38154,38164,10
13.02064991,80.20623779,38164,38174,10
13.02161026,80.20626068,38174,38183,9
13.02239037,80.20632172,38183,38194,11
13.02336025,80.20649719,38194,38204,10
13.02429008,80.20664215,38204,38214,10
13.02439976,80.20667267,38214,38224,10
13.02476025,80.20675659,38224,38234,10
13.02534008,80.20693207,38234,38245,11
13.02626991,80.20735931,38245,38255,10
13.02709007,80.20786285,38255,38265,10
13.02801037,80.20836639,38265,38275,10
13.02898026,80.20864105,38275,38285,10
13.02960014,80.2088089,38285,38295,10
13.0301199,80.20896149,38295,38305,10
13.03054047,80.20909119,38305,38315,10
13.03073025,80.20912933,38315,38325,10
13.03089046,80.20916748,38325,38335,10
13.03108978,80.20921326,38335,38345,10
13.03153038,80.20932007,38345,38356,11
13.03170967,80.20937347,38356,38366,10
13.03205013,80.20944214,38366,38376,10
13.03269005,80.20955658,38376,38386,10
13.03351974,80.20970154,38386,38396,10
13.03439999,80.20986176,38396,38406,10
13.03505039,80.21008301,38406,38416,10
13.03499985,80.21047974,38416,38426,10
13.03497982,80.21096039,38426,38436,10
13.03497982,80.21130371,38436,38446,10
13.03495026,80.21135712,38446,38456,10
13.03487968,80.21170044,38456,38466,10
13.03483963,80.21199036,38466,38477,11
13.03509998,80.21217346,38477,38487,10
13.03565979,80.21222687,38487,38497,10
13.0364399,80.21225739,38497,38507,10
13.03676033,80.2122879,38507,38517,10
13.03695011,80.21228027,38517,38527,10
13.03728962,80.21225739,38527,38536,9
13.03781986,80.21228027,38536,38547,11
13.03868961,80.21225739,38547,38557,10
13.03956985,80.21227264,38557,38567,10
13.04071999,80.21224213,38567,38577,10
13.04191017,80.21224213,38577,38586,9
13.04279995,80.21221924,38586,38598,12
13.04325008,80.21218872,38598,38608,10
13.04380989,80.21218872,38608,38618,10
13.04434013,80.21219635,38618,38628,10
13.04458046,80.21221161,38628,38638,10
13.04510975,80.21219635,38638,38648,10
13.04580975,80.21219635,38648,38658,10
13.04660034,80.21218872,38658,38668,10
13.04751968,80.21212006,38668,38678,10
13.04841042,80.21205139,38678,38688,10
13.04864979,80.21202087,38688,38698,10
13.04878044,80.21198273,38698,38708,10
13.04916,80.21195984,38708,38719,11
13.04916,80.21196747,38719,38729,10
13.04918957,80.21196747,38729,38739,10
13.04948997,80.21196747,38739,38749,10
13.04992008,80.21195984,38749,38759,10
13.05035973,80.21196747,38759,38769,10
13.05088043,80.21202087,38769,38779,10
13.05167961,80.21204376,38779,38789,10
13.0525198,80.21186829,38789,38799,10
13.05340004,80.21167755,38799,38809,10
13.05426979,80.21144867,38809,38825,16
13.05521011,80.21141815,38825,38838,13
13.05632973,80.21141815,38838,38848,10
13.05716991,80.21140289,38848,38856,8
13.05758953,80.21141052,38856,38867,11
13.05766964,80.21141815,38867,38878,11
13.05819035,80.21143341,38878,38888,10
13.05883026,80.21144104,38888,38898,10
13.05963039,80.21150208,38898,38908,10
13.06048965,80.21151733,38908,38918,10
13.06155014,80.21157074,38918,38928,10
13.06243992,80.21157837,38928,38937,9
13.06346035,80.2115097,38937,38959,22
13.06346035,80.2115097,38959,38969,10
13.06350994,80.21156311,38969,38979,10
13.06389046,80.21151733,38979,38989,10
13.06451035,80.21138,38989,38999,10
13.06523991,80.21092987,38999,39009,10
13.06602955,80.21027374,39009,39019,10
13.06682968,80.20951843,39019,39029,10
13.06731987,80.20874786,39029,39039,10
13.06766987,80.20818329,39039,39049,10
13.06807041,80.20755768,39049,39059,10
13.06867027,80.20667267,39059,39070,11
13.06916046,80.20587921,39070,39080,10
13.06951046,80.20526886,39080,39090,10
13.06962967,80.20484161,39090,39100,10
13.06931019,80.20481873,39100,39110,10
13.06900024,80.20523834,39110,39120,10
13.06871033,80.20516205,39120,39191,71
13.06834984,80.20516968,39191,40159,968
13.06801987,80.20516205,40159,40915,756
13.06801987,80.20516205,40915,40925,10
13.06797028,80.20501709,40925,40935,10
13.06824017,80.20497894,40935,40946,11
13.06865978,80.20481873,40946,40956,10
13.06886959,80.20474243,40956,40966,10
13.06904984,80.20471954,40966,40976,10
13.06931019,80.20474243,40976,40986,10
13.06954002,80.20478058,40986,40996,10
13.06976986,80.20490265,40996,41006,10
13.06976986,80.2052536,41006,41016,10
13.06945038,80.20574188,41016,41026,10
13.06904984,80.20638275,41026,41036,10
13.06857014,80.20715332,41036,41046,10
13.06801987,80.20803833,41046,41056,10
13.06777,80.20848846,41056,41067,11
13.06768036,80.20864868,41067,41077,10
13.06742001,80.20909882,41077,41087,10
13.06696987,80.2097168,41087,41097,10
13.06630039,80.21031952,41097,41107,10
13.06552029,80.21095276,41107,41117,10
13.06501961,80.21131897,41117,41127,10
13.06501961,80.21131134,41127,41137,10
13.06482029,80.21141052,41137,41147,10
13.06400013,80.21170044,41147,41167,20
13.06400013,80.21170044,41167,41178,11
13.0636797,80.21170044,41178,41188,10
13.0632,80.21172333,41188,41198,10
13.06245995,80.21174622,41198,41208,10
13.06186962,80.21182251,41208,41218,10
13.0606699,80.21174622,41218,41228,10
13.0596199,80.21169281,41228,41238,10
13.05856037,80.21166229,41238,41248,10
13.05778027,80.21160889,41248,41258,10
13.05757999,80.21160889,41258,41268,10
13.05745029,80.21160126,41268,41278,10
13.05702972,80.21160126,41278,41288,10
13.05642033,80.21156311,41288,41299,11
13.05556011,80.21154022,41299,41309,10
13.05457973,80.21151733,41309,41329,20
13.05457973,80.21151733,41329,41339,10
13.05443954,80.21154785,41339,41349,10
13.05397987,80.21166229,41349,41361,12
13.05335999,80.21179962,41361,41381,20
13.05335999,80.21179962,41381,41391,10
13.05315971,80.21188354,41391,41401,10
13.05292988,80.21195984,41401,41412,11
13.05274963,80.21199036,41412,41423,11
13.05251026,80.21205139,41423,41453,30
13.05251026,80.21205139,41453,41463,10
13.05235004,80.21212006,41463,41473,10
13.0522604,80.21214294,41473,41483,10
13.05210018,80.21217346,41483,41493,10
13.05185986,80.21221924,41493,41503,10
13.05144024,80.21218872,41503,41513,10
13.05105972,80.21217346,41513,41554,41
13.05105972,80.21217346,41554,41564,10
13.05037975,80.21212769,41564,41574,10
13.04971981,80.2121582,41574,41584,10
13.04946041,80.2121582,41584,41594,10
13.04938984,80.2121582,41594,41604,10
13.04926014,80.2121582,41604,41614,10
13.04874039,80.2121582,41614,41624,10
13.04810047,80.21219635,41624,41634,10
13.04728985,80.21225739,41634,41644,10
13.04640007,80.21230316,41644,41655,11
13.04603958,80.21234894,41655,41685,30
13.04603958,80.21234894,41685,41695,10
13.04582977,80.21234131,41695,41705,10
13.04541016,80.21234131,41705,41715,10
13.04526043,80.21235657,41715,41725,10
13.04494953,80.21240234,41725,41735,10
13.04463959,80.21240234,41735,41745,10
13.04438972,80.21240234,41745,41761,16
13.04374981,80.21237183,41761,41773,12
13.04281998,80.21235657,41773,41784,11
13.04179955,80.21237946,41784,41794,10
13.0407896,80.21234894,41794,41804,10
13.03985977,80.21234894,41804,41814,10
13.03897953,80.21237183,41814,41824,10
13.03822041,80.21240997,41824,41854,30
13.03822041,80.21240997,41854,41864,10
13.03802013,80.21247864,41864,41873,9
13.03765011,80.21247101,41873,41884,11
13.03707981,80.2124176,41884,41895,11
13.03635979,80.21237183,41895,41905,10
13.03575993,80.21237183,41905,41915,10
13.0353899,80.21234131,41915,41935,20
13.0353899,80.21234131,41935,41945,10
13.03511047,80.21228027,41945,41955,10
13.03487015,80.21224213,41955,41965,10
13.03429985,80.2121582,41965,41995,30
13.03429985,80.2121582,41995,42005,10
13.03409958,80.21214294,42005,42016,11
13.03394032,80.21209717,42016,42026,10
13.03363991,80.21204376,42026,42036,10
13.03332043,80.21196747,42036,42046,10
13.03271961,80.21188354,42046,42062,16
13.03194046,80.21138,42062,42074,12
13.03201962,80.21054077,42074,42084,10
13.0320797,80.20990753,42084,42094,10
13.03155041,80.20954895,42094,42104,10
13.03075027,80.20934296,42104,42115,11
13.03059006,80.20929718,42115,42124,9
13.03052044,80.20924377,42124,42133,9
13.03022003,80.20913696,42133,42145,12
13.02968025,80.20896912,42145,42155,10
13.02952003,80.20893097,42155,42165,10
13.02950001,80.20892334,42165,42175,10
13.02919006,80.20880127,42175,42184,9
13.02863026,80.2086792,42184,42195,11
13.02789974,80.20845795,42195,42205,10
13.02715969,80.20806885,42205,42215,10
13.02639961,80.20761871,42215,42225,10
13.0255003,80.20715332,42225,42235,10
13.02451992,80.20697021,42235,42246,11
13.02383995,80.20680237,42246,42256,10
13.02313995,80.20664978,42256,42266,10
13.02233982,80.20645905,42266,42276,10
13.02169037,80.2064209,42276,42286,10
13.02110958,80.2064209,42286,42296,10
13.02031994,80.20642853,42296,42306,10
13.01945019,80.20639801,42306,42316,10
13.01891041,80.20626831,42316,42326,10
13.01881027,80.20623779,42326,42336,10
13.01840019,80.20606995,42336,42346,10
13.01782036,80.20585632,42346,42356,10
13.01737022,80.20570374,42356,42367,11
13.01692963,80.20559692,42367,42377,10
13.01605034,80.2052536,42377,42387,10
13.01508045,80.20496368,42387,42397,10
13.01426983,80.2046814,42397,42407,10
13.01420021,80.20465851,42407,42417,10
13.01391983,80.20453644,42417,42427,10
13.0135603,80.20455933,42427,42437,10
13.01350975,80.20477295,42437,42447,10
13.01340008,80.20510864,42447,42457,10
13.01321983,80.20568085,42457,42467,10
13.01303005,80.20644379,42467,42477,10
13.01296043,80.2073288,42477,42488,11
13.0128603,80.20800018,42488,42498,10
13.0128603,80.2084198,42498,42508,10
13.01288033,80.20861053,42508,42518,10
13.01292038,80.20906067,42518,42528,10
13.01313019,80.20960236,42528,42538,10
13.01319981,80.2099762,42538,42548,10
13.0131197,80.21060181,42548,42558,10
13.01282024,80.21134186,42558,42568,10
13.01253986,80.21180725,42568,42578,10
13.01216984,80.21237946,42578,42588,10
13.01185989,80.21276093,42588,42598,10
13.01159954,80.21266174,42598,42609,11
13.01115036,80.21231842,42609,42619,10
13.01058006,80.21193695,42619,42629,10
13.01002026,80.21148682,42629,42639,10
13.00967979,80.21121979,42639,42720,81
13.00936031,80.21105957,42720,42740,20
13.00936031,80.21105957,42740,42750,10
13.00914001,80.21131897,42750,42760,10
13.00903034,80.21160889,42760,42770,10
13.00916958,80.21212769,42770,42780,10
13.00938034,80.21278381,42780,42790,10
13.00963974,80.21344757,42790,42800,10
13.00992012,80.21411133,42800,42810,10
13.01014042,80.21482849,42810,42820,10
13.01027012,80.21568298,42820,42830,10
13.01064968,80.21658325,42830,42840,10
13.01111984,80.21762085,42840,42851,11
13.0116396,80.21894073,42851,42861,10
13.01206017,80.22020721,42861,42871,10
13.01231956,80.22119904,42871,42887,16
13.01299,80.22228241,42887,42899,12
13.01369953,80.22310638,42899,42909,10
13.01401997,80.22348785,42909,42918,9
13.01430035,80.22392273,42918,42929,11
13.01482964,80.22451782,42929,42939,10
13.0152998,80.22512817,42939,42949,10
13.01537991,80.2254715,42949,42960,11
13.01517963,80.22589111,42960,42970,10
13.01465988,80.22608948,42970,42980,10
13.01395035,80.22637177,42980,42990,10
13.01315022,80.22667694,42990,43000,10
13.01218987,80.22708893,43000,43010,10
13.01119041,80.22744751,43010,43020,10
13.01019001,80.22783661,43020,43030,10
13.00953007,80.22782135,43030,43040,10
13.00957966,80.22743225,43040,43050,10
13.00979996,80.2269516,43050,43060,10
13.01010036,80.22625732,43060,43070,10
13.01041031,80.22545624,43070,43081,11
13.01062965,80.22499847,43081,43091,10
13.01088047,80.2244873,43091,43101,10
13.0111599,80.22377014,43101,43111,10
13.0112896,80.22338867,43111,43121,10
13.01113987,80.22319031,43121,43131,10
13.0106802,80.22293854,43131,43141,10
13.01006985,80.22255707,43141,43157,16
13.00887966,80.22194672,43157,43169,12
13.00790024,80.22138977,43169,43179,10
13.00702953,80.22097778,43179,43189,10
13.00654984,80.22068024,43189,43199,10
13.00596046,80.22054291,43199,43210,11
13.00508022,80.22035217,43210,43220,10
13.00424004,80.22013855,43220,43230,10
13.00335979,80.2199173,43230,43240,10
13.00245953,80.21949768,43240,43250,10
13.00181007,80.21884155,43250,43260,10
13.00111008,80.21832275,43260,43270,10
13.00030041,80.21775818,43270,43280,10
12.99944019,80.21723938,43280,43290,10
12.99874973,80.21688843,43290,43300,10
12.9979496,80.21659851,43300,43331,31
12.9979496,80.21659851,43331,43341,10
12.99728966,80.21656036,43341,43361,20
12.99728966,80.21656036,43361,43371,10
12.99722004,80.21652985,43371,43381,10
12.9969902,80.21653748,43381,43391,10
12.99648952,80.21659088,43391,43401,10
12.99580002,80.21672821,43401,43411,10
12.99551964,80.21681976,43411,43421,10
12.99549961,80.21681976,43421,43431,10
12.99526024,80.21691895,43431,43442,11
12.99520016,80.21695709,43442,43452,10
12.99497032,80.21710205,43452,43462,10
12.99466038,80.2173233,43462,43472,10
12.99419975,80.217659,43472,43482,10
12.99359989,80.2181015,43482,43492,10
12.99295998,80.21858215,43492,43502,10
12.99221039,80.21913147,43502,43518,16
12.99155045,80.21961212,43518,43530,12
12.99143028,80.21965027,43530,43538,8
12.99108028,80.21949768,43538,43550,12
12.99024963,80.21920776,43550,43561,11
12.98931026,80.2188797,43561,43571,10
12.98828983,80.21853638,43571,43581,10
12.98738956,80.2183609,43581,43591,10
12.98700047,80.21829224,43591,43601,10
12.98690987,80.21829224,43601,43611,10
12.98653984,80.21819305,43611,43621,10
12.98593998,80.21804047,43621,43631,10
12.98511982,80.21794128,43631,43641,10
12.98435974,80.21794891,43641,43651,10
12.98390961,80.2179718,43651,43661,10
12.98379993,80.21794128,43661,43671,10
12.9833498,80.21794128,43671,43682,11
12.98252964,80.21794128,43682,43692,10
12.98163986,80.21800232,43692,43702,10
12.98075962,80.21823883,43702,43712,10
12.9801302,80.21846008,43712,43722,10
12.97949028,80.21874237,43722,43732,10
12.97887993,80.21897888,43732,43742,10
12.97848034,80.2191391,43742,43752,10
12.9778204,80.21943665,43752,43762,10
12.97741032,80.21961975,43762,43772,10
12.97721004,80.21968842,43772,43793,21
12.97721004,80.21968842,43793,43803,10
12.97681046,80.21988678,43803,43843,40
12.97671032,80.21997833,43843,43984,141
12.97636032,80.22013855,43984,44004,20
12.97636032,80.22013855,44004,44014,10
12.97614956,80.22019958,44014,44024,10
12.9758997,80.22026062,44024,44115,91
12.9758997,80.22026062,44115,44125,10
12.9755497,80.22044373,44125,44135,10
12.97546959,80.22074127,44135,44146,11
12.97589016,80.22120667,44146,44156,10
12.97624016,80.22167969,44156,44176,20
12.97624016,80.22167969,44176,44186,10
12.9762001,80.22184753,44186,44196,10
12.9764204,80.22219849,44196,44206,10
12.97679996,80.2227478,44206,44216,10
12.9772501,80.22345734,44216,44226,10
12.97774029,80.22424316,44226,44236,10
12.97811985,80.22483063,44236,44246,10
12.97840023,80.22528076,44246,44256,10
12.97848034,80.22538757,44256,44267,11
12.97869968,80.22576141,44267,44277,10
12.97900963,80.22628021,44277,44287,10
12.97941017,80.22693634,44287,44297,10
12.97986984,80.22769165,44297,44307,10
12.9803896,80.2285614,44307,44316,9
12.98087978,80.22940826,44316,44327,11
12.98145008,80.23027039,44327,44337,10
12.98165035,80.23059082,44337,44347,10
12.98169041,80.2307663,44347,44357,10
12.98188972,80.23120117,44357,44367,10
12.98198032,80.23181152,44367,44377,10
12.98192978,80.23259735,44377,44388,11
12.98163986,80.23342133,44388,44398,10
12.98157978,80.23355865,44398,44408,10
12.98147964,80.23375702,44408,44418,10
12.98122025,80.23430634,44418,44427,9
12.98118019,80.23504639,44427,44438,11
12.98120022,80.2360611,44438,44448,10
12.98124027,80.23734283,44448,44458,10
12.98126984,80.23838806,44458,44468,10
12.98128033,80.23869324,44468,44478,10
12.98128986,80.23874664,44478,44488,10
12.98128986,80.23918915,44488,44498,10
12.98130035,80.23985291,44498,44509,11
12.98130989,80.24073792,44509,44519,10
12.98132038,80.24172211,44519,44529,10
12.98134041,80.24282837,44529,44549,20
12.98134041,80.24282837,44549,44559,10
12.98134041,80.24297333,44559,44569,10
12.98132992,80.24333191,44569,44579,10
12.98128986,80.24388123,44579,44589,10
12.98118973,80.24465179,44589,44599,10
12.98108006,80.24555969,44599,44609,10
12.98097038,80.24658966,44609,44619,10
12.98087025,80.24771881,44619,44630,11
12.98077011,80.24897766,44630,44640,10
12.98058987,80.25015259,44640,44650,10
12.98029995,80.25119781,44650,44660,10
12.98009968,80.25211334,44660,44670,10
12.98005962,80.25229645,44670,44680,10
12.98005962,80.252388,44680,44690,10
12.98019028,80.25257874,44690,44706,16
12.98085976,80.25263977,44706,44718,12
12.98171043,80.25260162,44718,44726,8
12.98241997,80.25257874,44726,44738,12
12.98363972,80.25244141,44738,44750,12
12.98472023,80.25213623,44750,44760,10
12.98558998,80.2518692,44760,44789,29
12.98558998,80.2518692,44789,44800,11
12.9858799,80.25179291,44800,44810,10
12.98631954,80.25169373,44810,44820,10
12.98676014,80.25158691,44820,44830,10
12.98756027,80.25138855,44830,44839,9
12.98789024,80.2516098,44839,44850,11
12.98799992,80.25219727,44850,44861,11
12.98795986,80.25274658,44861,44871,10
12.98791027,80.25312805,44871,44881,10
12.98791027,80.25312805,44881,44891,10
12.98787975,80.25353241,44891,44901,10
12.9878397,80.25395203,44901,44911,10
12.98779964,80.25428009,44911,44921,10
12.98773956,80.25475311,44921,44931,10
12.98764992,80.25553894,44931,45005,74
12.9874897,80.2557373,45005,45096,91
12.9874897,80.2557373,45096,45106,10
12.9875803,80.25589752,45106,45116,10
12.98750973,80.25631714,45116,45126,10
12.98744965,80.2569809,45126,45136,10
12.98736,80.25778198,45136,45146,10
12.98729038,80.25863647,45146,45156,10
12.98717022,80.25924683,45156,45166,10
12.98709011,80.25959778,45166,45206,40
12.98709011,80.25959778,45206,45217,11
12.9867897,80.25955963,45217,45227,10
12.98663998,80.25949097,45227,45237,10
12.98661041,80.25919342,45237,45247,10
12.98682976,80.25904846,45247,46951,1704
12.98682976,80.25904846,46951,46961,10
12.98684025,80.25911713,46961,46971,10
12.98709011,80.25917816,46971,46992,21
12.98709011,80.25917816,46992,47002,10
12.98727989,80.25914001,47002,47012,10
12.98736,80.2589798,47012,47022,10
12.98738003,80.25853729,47022,47032,10
12.98742008,80.25798798,47032,47042,10
12.98746014,80.25759888,47042,47052,10
12.98750973,80.25695801,47052,47062,10
12.98756981,80.25623322,47062,47183,121
12.98756981,80.25623322,47183,47193,10
12.98754978,80.25592041,47193,47203,10
12.98766994,80.25559235,47203,47213,10
12.98771954,80.25504303,47213,47224,11
12.98771954,80.25488281,47224,47234,10
12.98773956,80.25476837,47234,47244,10
12.98777962,80.25431061,47244,47254,10
12.98781967,80.25375366,47254,47264,10
12.98787975,80.25299072,47264,47274,10
12.98791027,80.25218201,47274,47284,10
12.98752022,80.25166321,47284,47304,20
12.98752022,80.25166321,47304,47314,10
12.98742962,80.25166321,47314,47324,10
12.98700047,80.25167847,47324,47334,10
12.98637009,80.25180054,47334,47345,11
12.98548985,80.25202942,47345,47355,10
12.98455048,80.25229645,47355,47365,10
12.98353004,80.25257111,47365,47375,10
12.98248959,80.25270081,47375,47385,10
12.98145962,80.25272369,47385,47395,10
12.98064041,80.25270844,47395,47405,10
12.98017025,80.25270844,47405,47415,10
12.97988033,80.25260162,47415,47425,10
12.97990036,80.2522583,47425,47435,10
12.97990036,80.25225067,47435,47445,10
12.97994995,80.25205231,47445,47455,10
12.98007965,80.25160217,47455,47466,11
12.98029995,80.25093079,47466,47476,10
12.98050976,80.2501297,47476,47486,10
12.98066998,80.24922943,47486,47496,10
12.98073006,80.24823761,47496,47506,10
12.98079967,80.24720001,47506,47516,10
12.9809103,80.24617004,47516,47526,10
12.98101997,80.24523163,47526,47536,10
12.98112011,80.24433136,47536,47546,10
12.98122025,80.24365997,47546,47556,10
12.98132038,80.24337769,47556,47566,10
12.98134041,80.24291229,47566,47576,10
12.98134041,80.24279785,47576,47587,11
12.98136044,80.24272156,47587,47597,10
12.98136997,80.24233246,47597,47607,10
12.98134995,80.24173737,47607,47617,10
12.98134041,80.24101257,47617,47627,10
12.98132038,80.24017334,47627,47637,10
12.98130989,80.23953247,47637,47647,10
12.98128033,80.2389679,47647,47657,10
12.9812603,80.23835754,47657,47667,10
12.98124981,80.23786926,47667,47677,10
12.98124981,80.23786163,47677,47687,10
12.98122978,80.23764801,47687,47698,11
12.98122025,80.2371521,47698,47708,10
12.98120022,80.2364502,47708,47718,10
12.98118019,80.23564911,47718,47728,10
12.98114967,80.2348175,47728,47738,10
12.98126984,80.23397064,47738,47748,10
12.98159981,80.23327637,47748,47758,10
12.9816103,80.23326111,47758,47768,10
12.98167038,80.23316193,47768,47778,10
12.98182011,80.2328186,47778,47788,10
12.98192978,80.23245239,47788,47798,10
12.9819603,80.23232269,47798,47808,10
12.98194027,80.23201752,47808,47819,11
12.98192978,80.23153687,47819,47829,10
12.98188019,80.23120117,47829,47839,10
12.98171043,80.23069763,47839,47849,10
12.98139954,80.23016357,47849,47859,10
12.98106956,80.22960663,47859,47869,10
12.98089027,80.22930145,47869,47879,10
12.98068047,80.22898102,47879,47889,10
12.98066044,80.22891235,47889,47899,10
12.98060036,80.22875214,47899,47909,10
12.9803896,80.2283783,47909,47919,10
12.98013973,80.22792816,47919,47929,10
12.9797802,80.22736359,47929,47940,11
12.97931004,80.2265625,47940,47950,10
12.97896957,80.22598267,47950,47960,10
12.97867966,80.22544861,47960,47970,10
12.97830009,80.22480011,47970,47980,10
12.97807026,80.22451019,47980,47990,10
12.97784042,80.22419739,47990,48000,10
12.97756004,80.22379303,48000,48010,10
12.97731018,80.22335815,48010,48020,10
12.97710037,80.22302246,48020,48030,10
12.97694016,80.22274017,48030,48040,10
12.97669983,80.22238159,48040,48051,11
12.97618961,80.22164154,48051,48091,40
12.97618961,80.22164154,48091,48101,10
12.9759903,80.22135162,48101,48111,10
12.97587013,80.22122955,48111,48161,50
12.97587013,80.22122955,48161,48172,11
12.97558022,80.22096252,48172,48182,10
12.97531986,80.22071075,48182,48192,10
12.97537994,80.22058105,48192,48202,10
12.97546959,80.22045135,48202,48212,10
12.97560024,80.22029877,48212,48222,10
12.97581005,80.22013092,48222,48232,10
12.97626972,80.21990204,48232,48242,10
12.9769001,80.21964264,48242,48252,10
12.97760963,80.21933746,48252,48262,10
12.97840023,80.21904755,48262,48272,10
12.97896957,80.21881866,48272,48282,10
12.97964001,80.21858215,48282,48293,11
12.97992039,80.21846008,48293,48303,10
12.98017025,80.21833801,48303,48313,10
12.98066044,80.2181778,48313,48323,10
12.9812603,80.21795654,48323,48333,10
12.98204994,80.21779633,48333,48343,10
12.98254013,80.21779633,48343,48353,10
12.98307991,80.21781158,48353,48362,9
12.98369026,80.21779633,48362,48373,11
12.98379993,80.21781158,48373,48383,10
12.98383999,80.21782684,48383,48393,10
12.98423958,80.21782684,48393,48403,10
12.98484039,80.21781921,48403,48414,11
12.98569965,80.21785736,48414,48424,10
12.98651981,80.21804047,48424,48434,10
12.98729038,80.21817017,48434,48444,10
12.98736,80.2181778,48444,48454,10
12.98748016,80.21822357,48454,48464,10
12.98795033,80.21833801,48464,48474,10
12.98861027,80.21849823,48474,48484,10
12.98937988,80.21875,48484,48494,10
12.9902401,80.21903992,48494,48504,10
12.99120998,80.21933746,48504,48514,10
12.99186039,80.21926117,48514,48525,11
12.99252033,80.21878052,48525,48535,10
12.99322033,80.21823883,48535,48545,10
12.99386024,80.21778107,48545,48555,10
12.99458027,80.21723938,48555,48575,20
12.99458027,80.21723938,48575,48585,10
12.99495983,80.21700287,48585,48595,10
12.99545002,80.21672058,48595,48605,10
12.99617958,80.21653748,48605,48615,10
12.99697018,80.21643829,48615,48625,10
12.9973402,80.21620941,48625,48635,10
12.99744987,80.2161026,48635,48646,11
12.99752045,80.21605682,48646,48656,10
12.99779987,80.21582031,48656,48666,10
12.99814034,80.21547699,48666,48676,10
12.99874973,80.21498108,48676,48686,10
12.99915981,80.21466064,48686,48696,10
12.99950981,80.21434784,48696,48706,10
12.99995995,80.21395874,48706,48716,10
13.00049019,80.21349335,48716,48726,10
13.00098991,80.21307373,48726,48736,10
13.00177002,80.21247101,48736,48746,10
13.00236034,80.21214294,48746,48756,10
13.00242996,80.21212006,48756,48767,11
13.00261974,80.21205902,48767,48777,10
13.00312042,80.21205139,48777,48787,10
13.00362015,80.21192932,48787,48797,10
13.00364971,80.21186829,48797,48807,10
13.00366974,80.21154785,48807,48817,10
13.0036602,80.21099854,48817,48827,10
13.00358009,80.21040344,48827,48837,10
13.00351048,80.20982361,48837,48847,10
13.00354004,80.20935059,48847,48857,10
13.00386047,80.20858765,48857,48867,10
13.00469017,80.20889282,48867,48877,10
13.00566959,80.20929718,48877,48888,11
13.00625038,80.20951843,48888,48898,10
13.00710011,80.20974731,48898,48928,30
13.00710011,80.20974731,48928,48938,10
13.00728035,80.20979309,48938,48948,10
13.00755978,80.20983124,48948,48958,10
13.00807953,80.20993805,48958,48968,10
13.00809002,80.20954132,48968,48978,10
13.00798035,80.20896149,48978,48988,10
13.00786018,80.20815277,48988,48998,10
13.00772953,80.20726013,48998,49009,11
13.0075798,80.20614624,49009,49025,16
13.00751019,80.20455933,49025,49037,12
13.00743961,80.20361328,49037,49047,10
13.0072403,80.20272064,49047,49057,10
13.00664043,80.20262146,49057,49067,10
13.00664043,80.20317078,49067,49077,10
13.00728035,80.20353699,49077,49087,10
13.00804996,80.20365906,49087,49097,10
13.00899982,80.20359802,49097,49107,10
13.01014042,80.20353699,49107,49118,11
13.0115099,80.2036438,49118,49127,9
13.01255989,80.20381927,49127,49138,11
13.01362038,80.20413971,49138,49148,10
13.01445007,80.204422,49148,49157,9
13.01502037,80.20462036,49157,49168,11
13.01509953,80.20461273,49168,49178,10
13.01554966,80.20478058,49178,49188,10
13.01613998,80.20501709,49188,49198,10
13.01671028,80.20514679,49198,49208,10
13.01708984,80.20536041,49208,49218,10
13.01741982,80.205513,49218,49228,10
13.01786041,80.2056427,49228,49239,11
13.01846027,80.20583344,49239,49249,10
13.01865959,80.2059021,49249,49259,10
13.01871967,80.20591736,49259,49269,10
13.01910019,80.20606232,49269,49279,10
13.01966953,80.20620728,49279,49289,10
13.0204401,80.20625305,49289,49299,10
13.02134037,80.20626068,49299,49309,10
13.02215004,80.20629883,49309,49318,9
13.02293015,80.20645142,49318,49329,11
13.0235796,80.20657349,49329,49339,10
13.02408028,80.20664215,49339,49349,10
13.02427959,80.20667267,49349,49360,11
13.02460957,80.20675659,49360,49370,10
13.02523994,80.20691681,49370,49380,10
13.02593994,80.20720673,49380,49390,10
13.02665043,80.20761871,49390,49400,10
13.02748013,80.20810699,49400,49410,10
13.02838039,80.20850372,49410,49420,10
13.02902985,80.20864868,49420,49430,10
13.02960014,80.20879364,49430,49439,9
13.03003979,80.20893097,49439,49450,11
13.03071976,80.20913696,49450,49460,10
13.03131008,80.20928955,49460,49470,10
13.03147984,80.20934296,49470,49481,11
13.03159046,80.20938873,49481,49491,10
13.03205967,80.20953369,49491,49501,10
13.03275967,80.20967102,49501,49511,10
13.03357029,80.20982361,49511,49521,10
13.03431988,80.20999146,49521,49531,10
13.03495979,80.21019745,49531,49541,10
13.03489971,80.21054077,49541,49551,10
13.03495026,80.21102142,49551,49561,10
13.03491974,80.21128082,49561,49571,10
13.03489971,80.21143341,49571,49581,10
13.03485966,80.21174622,49581,49592,11
13.03485966,80.21202087,49592,49602,10
13.03520966,80.21214294,49602,49612,10
13.03577995,80.21218872,49612,49622,10
13.03652,80.21225739,49622,49632,10
13.03703976,80.21224213,49632,49642,10
13.03757954,80.21221161,49642,49651,9
13.03827,80.21219635,49651,49662,11
13.03923988,80.21219635,49662,49672,10
13.04028034,80.21221161,49672,49682,10
13.04137993,80.21218872,49682,49692,10
13.04253006,80.21221924,49692,49701,9
13.04354954,80.21221924,49701,49713,12
13.04450035,80.21221924,49713,49723,10
13.04512024,80.21221161,49723,49733,10
13.04590034,80.21218872,49733,49743,10
13.04662037,80.2121582,49743,49753,10
13.04734993,80.21211243,49753,49763,10
13.04815006,80.21202087,49763,49773,10
13.04843998,80.21199799,49773,49783,10
13.04846954,80.21202087,49783,49793,10
13.04885006,80.21198273,49793,49803,10
13.04946995,80.21195984,49803,49813,10
13.05000019,80.21193695,49813,49823,10
13.05025005,80.21195221,49823,49834,11
13.05068016,80.21199036,49834,49844,10
13.05113029,80.21204376,49844,49854,10
13.05183983,80.21202087,49854,49870,16
13.05224037,80.2118988,49870,49882,12
13.05253029,80.21183777,49882,49892,10
13.05270958,80.21179962,49892,49902,10
13.05276012,80.21179199,49902,49912,10
13.05303955,80.21172333,49912,49973,61
13.05303955,80.21172333,49973,49983,10
13.05346966,80.21151733,49983,49993,10
13.05375957,80.21144867,49993,50043,50
13.05375957,80.21144867,50043,50053,10
13.05432987,80.21138,50053,50064,11
13.05461979,80.21138763,50064,50074,10
13.05508995,80.21141815,50074,50084,10
13.05585003,80.21144867,50084,50094,10
13.05673981,80.21144104,50094,50104,10
13.05755997,80.21141815,50104,50114,10
13.05762959,80.21141052,50114,50124,10
13.05803967,80.21141815,50124,50134,10
13.05862045,80.21144867,50134,50144,10
13.05933952,80.21150208,50144,50154,10
13.0601902,80.21154022,50154,50164,10
13.06110001,80.21159363,50164,50174,10
13.06175041,80.2116394,50174,50185,11
13.06276035,80.21156311,50185,50195,10
13.0633297,80.21150208,50195,50205,10
13.06334972,80.21150208,50205,50215,10
13.06354046,80.21153259,50215,50225,10
13.06408024,80.21147156,50225,50235,10
13.06474972,80.21121216,50235,50245,10
13.06548977,80.21070862,50245,50255,10
13.06628036,80.21005249,50255,50265,10
13.06700993,80.20925903,50265,50275,10
13.06742001,80.20861816,50275,50285,10
13.06748009,80.20850372,50285,50295,10
13.06768036,80.20812988,50295,50306,11
13.06816006,80.2073822,50306,50316,10
13.06865978,80.20661926,50316,50326,10
13.06921959,80.20571136,50326,50336,10
13.06960011,80.20509338,50336,50346,10
13.06949043,80.20477295,50346,50356,10
13.06910992,80.20503235,50356,50366,10
13.06873035,80.20523071,50366,50376,10
13.06844997,80.20513916,50376,50386,10
13.06809998,80.20513153,50386,50850,464
13.0679903,80.20496368,50850,50891,41
13.0679903,80.20496368,50891,50901,10
13.06822014,80.20491791,50901,50911,10
13.06832027,80.20491028,50911,50921,10
13.06861973,80.20480347,50921,50931,10
13.06914043,80.20468903,50931,50941,10
13.06962013,80.20477295,50941,50951,10
13.06982994,80.20507813,50951,50961,10
13.06954956,80.20558167,50961,50971,10
13.06914043,80.20623779,50971,50981,10
13.06873035,80.20690918,50981,50991,10
13.06818008,80.20781708,50991,51001,10
13.0676899,80.2085495,51001,51012,11
13.06721973,80.20928192,51012,51022,10
13.06667995,80.20996857,51022,51032,10
13.06593037,80.21060181,51032,51042,10
13.06519985,80.21121216,51042,51052,10
13.06501961,80.21131897,51052,51062,10
13.0649004,80.21138763,51062,51072,10
13.06429958,80.21161652,51072,51082,10
13.06361008,80.21173096,51082,51092,10
13.06278038,80.21176147,51092,51102,10
13.06194973,80.21173859,51102,51112,10
13.0612402,80.21170044,51112,51122,10
13.06058979,80.21166992,51122,51132,10
13.05994034,80.2116394,51132,51143,11
13.05912971,80.21161652,51143,51153,10
13.05858994,80.21159363,51153,51163,10
13.05811977,80.21157837,51163,51173,10
13.05758953,80.21157074,51173,51183,10
13.05751038,80.21157074,51183,51193,10
13.05708981,80.21156311,51193,51203,10
13.05646992,80.21156311,51203,51213,10
13.05568027,80.21154022,51213,51223,10
13.0548296,80.2115097,51223,51233,10
13.05457973,80.21153259,51233,51249,16
13.05414963,80.21160889,51249,51262,13
13.05350971,80.21176147,51262,51272,10
13.05294991,80.2118988,51272,51282,10
13.05202961,80.21214294,51282,51291,9
13.05130005,80.2121582,51291,51302,11
13.0503397,80.21214294,51302,51320,18
13.0503397,80.21214294,51320,51332,12
13.05004025,80.21209717,51332,51342,10
13.04965973,80.21212006,51342,51352,10
13.04948044,80.21212006,51352,51362,10
13.04942036,80.21212006,51362,51373,11
13.04883003,80.21212006,51373,51383,10
13.04825974,80.21217346,51383,51392,9
13.04769039,80.21222687,51392,51403,11
13.04683018,80.2122879,51403,51413,10
13.04629993,80.21231842,51413,51423,10
13.04586029,80.21235657,51423,51433,10
13.04580021,80.21237183,51433,51443,10
13.04568958,80.21237946,51443,51453,10
13.04514027,80.21240997,51453,51574,121
13.04514027,80.21240997,51574,51584,10
13.04504013,80.21240234,51584,51594,10
13.04469013,80.2124176,51594,51605,11
13.04411983,80.21237183,51605,51615,10
13.04343033,80.21235657,51615,51625,10
13.04281044,80.21234131,51625,51635,10
13.04246044,80.21234131,51635,51645,10
13.04193974,80.21240234,51645,51655,10
13.0411396,80.21234131,51655,51665,10
13.04018974,80.21233368,51665,51675,10
13.03925991,80.21231842,51675,51685,10
13.03792,80.21237183,51685,51746,61
13.03792,80.21237183,51746,51756,10
13.03773975,80.21237183,51756,51766,10
13.03730011,80.21233368,51766,51776,10
13.03670025,80.21230316,51776,51786,10
13.03505993,80.21224976,51786,51822,36
13.03505993,80.21224976,51822,51833,11
13.03493023,80.21217346,51833,51843,10
13.03460979,80.21212006,51843,51854,11
13.03427982,80.21208191,51854,51865,11
13.03419018,80.21208191,51865,51875,10
13.03411961,80.21208191,51875,51885,10
13.03384972,80.21205139,51885,51895,10
13.03326035,80.2118988,51895,51905,10
13.03244019,80.21180725,51905,51915,10
13.03188038,80.21161652,51915,51925,10
13.03192997,80.21096802,51925,51935,10
13.03203011,80.21022034,51935,51945,10
13.03205967,80.20970154,51945,51956,11
13.03155994,80.20954895,51956,51966,10
13.03085041,80.20934296,51966,51976,10
13.0301199,80.20910645,51976,51986,10
13.02950001,80.20890808,51986,51996,10
13.02945042,80.20887756,51996,52006,10
13.02921963,80.20879364,52006,52016,10
13.02861977,80.20863342,52016,52026,10
13.02785969,80.20839691,52026,52036,10
13.02711964,80.20799255,52036,52046,10
13.02624989,80.20748138,52046,52056,10
13.02515984,80.20703125,52056,52066,10
13.02431011,80.20687866,52066,52077,11
13.02390003,80.20677185,52077,52087,10
13.02390003,80.20677185,52087,52097,10
13.0233202,80.20662689,52097,52107,10
13.02256012,80.20648193,52107,52117,10
13.02188015,80.20639801,52117,52127,10
13.02105999,80.20639801,52127,52137,10
13.02005005,80.20639801,52137,52147,10
13.01902962,80.20628357,52147,52168,21
13.01902962,80.20628357,52168,52178,10
13.01869965,80.2061615,52178,52188,10
13.01811981,80.20597839,52188,52199,11
13.01745987,80.20571136,52199,52209,10
13.01698017,80.20552063,52209,52219,10
13.01624012,80.20529175,52219,52229,10
13.01535034,80.20494843,52229,52239,10
13.01439953,80.20462799,52239,52249,10
13.01418018,80.20453644,52249,52259,10
13.01399994,80.20446014,52259,52269,10
13.0136404,80.20436096,52269,52279,10
13.0135498,80.20458221,52279,52289,10
13.0134201,80.20501709,52289,52299,10
13.01321983,80.20568085,52299,52310,11
13.01301956,80.20661163,52310,52320,10
13.01296043,80.20749664,52320,52330,10
13.01288986,80.20789337,52330,52340,10
13.01288986,80.20832062,52340,52350,10
13.01292992,80.20871735,52350,52360,10
13.01303959,80.20931244,52360,52370,10
13.01315975,80.20993805,52370,52380,10
13.01305962,80.21071625,52380,52390,10
13.01270962,80.21151733,52390,52400,10
13.01222038,80.21225739,52400,52410,10
13.01185989,80.21276855,52410,52420,10
13.01163006,80.21269989,52420,52431,11
13.0111599,80.21233368,52431,52441,10
13.01060963,80.2118988,52441,52451,10
13.01016045,80.21153259,52451,52461,10
13.0096302,80.21112061,52461,52471,10
13.00899982,80.21056366,52471,52491,20
13.00899982,80.21056366,52491,52501,10
13.0093298,80.21101379,52501,52511,10
13.00926971,80.21112061,52511,52521,10
13.00911999,80.21102905,52521,52531,10
13.00903034,80.21176147,52531,52541,10
13.00924015,80.21240234,52541,52552,11
13.00951004,80.21315765,52552,52562,10
13.00977993,80.21382904,52562,52572,10
13.01006985,80.21450043,52572,52588,16
13.01029015,80.21578217,52588,52600,12
13.01070976,80.21678162,52600,52608,8
13.01105022,80.21752167,52608,52620,12
13.01158047,80.21891785,52620,52630,10
13.01200008,80.22010803,52630,52640,10
13.01231956,80.22119904,52640,52650,10
13.01272011,80.22196198,52650,52660,10
13.01301956,80.22232819,52660,52671,11
13.01358986,80.22299194,52671,52680,9
13.01397038,80.22348022,52680,52691,11
13.01439953,80.22393799,52691,52701,10
13.01490974,80.22451782,52701,52711,10
13.01539993,80.2252121,52711,52721,10
13.01535034,80.22567749,52721,52731,10
13.01471996,80.22599792,52731,52741,10
13.01391983,80.22634125,52741,52751,10
13.01298046,80.22673035,52751,52761,10
13.01194,80.22714233,52761,52771,10
13.01086044,80.22756195,52771,52780,9
13.00992012,80.22789764,52780,52792,12
13.00949955,80.2275238,52792,52802,10
13.00973034,80.22701263,52802,52812,10
13.01002979,80.22634125,52812,52822,10
13.01035023,80.22554016,52822,52832,10
13.01072025,80.22476196,52832,52842,10
13.01101971,80.22399902,52842,52852,10
13.01126003,80.22325134,52852,52862,10
13.01086044,80.22297668,52862,52872,10
13.01019955,80.22263336,52872,52882,10
13.00949955,80.22225189,52882,52892,10
13.0087204,80.22181702,52892,52908,16
13.00737953,80.22110748,52908,52921,13
13.00629997,80.22058105,52921,52931,10
13.00562,80.22042084,52931,52941,10
13.00459957,80.22019958,52941,52951,10
13.00387955,80.22003937,52951,52961,10
13.00347996,80.2199707,52961,52971,10
13.00261021,80.21961212,52971,52982,11
13.00205994,80.21907806,52982,52992,10
13.00156975,80.21856689,52992,53002,10
13.00074959,80.21803284,53002,53043,41
13.00074959,80.21803284,53043,53053,10
13.00059986,80.21800232,53053,53063,10
13.00030041,80.21777344,53063,53073,10
12.99975014,80.21743011,53073,53083,10
12.99905968,80.21703339,53083,53103,20
12.99905968,80.21703339,53103,53113,10
12.99878979,80.21688843,53113,53123,10
12.99855995,80.21678162,53123,53133,10
12.99827957,80.21665955,53133,53144,11
12.9980402,80.21659851,53144,53154,10
12.99800014,80.21659088,53154,53164,10
12.99785995,80.21653748,53164,53174,10
12.9978199,80.21653748,53174,53184,10
12.99754047,80.21652222,53184,53254,70
12.99754047,80.21652222,53254,53265,11
12.99691963,80.21653748,53265,53275,10
12.99621964,80.2166214,53275,53295,20
12.99621964,80.2166214,53295,53305,10
12.99590015,80.21669006,53305,53315,10
12.99557972,80.21678162,53315,53335,20
12.99557972,80.21678162,53335,53345,10
12.99543953,80.21681213,53345,53355,10
12.99528027,80.2168808,53355,53365,10
12.99508953,80.21700287,53365,53376,11
12.9950304,80.21704102,53376,53386,10
12.99491024,80.2171402,53386,53396,10
12.99466991,80.21730804,53396,53406,10
12.99423981,80.21764374,53406,53416,10
12.99368,80.21804047,53416,53426,10
12.99300003,80.21852112,53426,53436,10
12.9921999,80.21909332,53436,53446,10
12.99149036,80.21959686,53446,53456,10
12.99108982,80.21946716,53456,53466,10
12.99106026,80.2194519,53466,53476,10
12.99073982,80.21929932,53476,53486,10
12.99015045,80.21910095,53486,53497,11
12.98929977,80.21880341,53497,53507,10
12.98834038,80.21848297,53507,53517,10
12.98742962,80.21829987,53517,53527,10
12.9868803,80.21820831,53527,53537,10
12.98663998,80.21814728,53537,53547,10
12.98606968,80.21800232,53547,53557,10
12.98515987,80.21787262,53557,53567,10
12.98443985,80.21788025,53567,53577,10
12.98398018,80.21790314,53577,53587,10
12.9839201,80.21790314,53587,53597,10
12.98349953,80.21790314,53597,53608,11
12.98272038,80.21791077,53608,53618,10
12.98182964,80.21794128,53618,53628,10
12.98077965,80.21820068,53628,53638,10
12.97992039,80.21848297,53638,53648,10
12.97926044,80.21877289,53648,53658,10
12.97875977,80.21897888,53658,53668,10
12.97817993,80.21920776,53668,53678,10
12.97741985,80.2195282,53678,53688,10
12.97653961,80.21990967,53688,53698,10
12.97597027,80.2201767,53698,53729,31
12.97597027,80.2201767,53729,53739,10
12.97576046,80.22006989,53739,53749,10
12.97564983,80.22013855,53749,53759,10
12.97552967,80.22032166,53759,53769,10
12.97552013,80.22064209,53769,53779,10
12.97583008,80.2210083,53779,53789,10
12.97632027,80.22164154,53789,53809,20
12.97632027,80.22164154,53809,53819,10
12.9763298,80.22176361,53819,53829,10
12.97646046,80.22206116,53829,53839,10
12.97671032,80.22242737,53839,53850,11
12.97688007,80.22270203,53850,53860,10
12.97716045,80.22315216,53860,53870,10
12.97756004,80.22380066,53870,53880,10
12.97799015,80.22447968,53880,53890,10
12.97854996,80.2253418,53890,53920,30
12.97854996,80.2253418,53920,53930,10
12.97871971,80.22559357,53930,53940,10
12.97902012,80.22609711,53940,53950,10
12.97926998,80.22653198,53950,53960,10
12.97943974,80.22680664,53960,53971,11
12.9797802,80.22737122,53971,53981,10
12.98017979,80.22805023,53981,53991,10
12.98064041,80.2288208,53991,54001,10
12.98097992,80.22944641,54001,54011,10
12.98167992,80.23049927,54011,54031,20
12.98167992,80.23049927,54031,54041,10
12.98171997,80.23058319,54041,54051,10
12.98184013,80.23090363,54051,54061,10
12.9819603,80.23137665,54061,54071,10
12.98200035,80.23207855,54071,54082,11
12.98182011,80.23294067,54082,54092,10
12.98159981,80.2334671,54092,54102,10
12.9815197,80.23365784,54102,54112,10
12.98128033,80.23413849,54112,54122,10
12.98118973,80.23465729,54122,54132,10
12.98120022,80.2354126,54132,54142,10
12.98124027,80.2363205,54142,54152,10
12.98126984,80.23734283,54152,54162,10
12.98130035,80.2382431,54162,54172,10
12.98130035,80.23866272,54172,54182,10
12.98130035,80.23872375,54182,54192,10
12.98128986,80.23914337,54192,54203,11
12.98130989,80.23969269,54203,54213,10
12.98132992,80.24027252,54213,54223,10
12.98134041,80.24105835,54223,54233,10
12.98134995,80.24195862,54233,54243,10
12.98136044,80.24272919,54243,54253,10
12.98136044,80.24278259,54253,54263,10
12.98136044,80.24282837,54263,54273,10
12.98136044,80.24324036,54273,54283,10
12.98130989,80.24391937,54283,54293,10
12.98120022,80.24475098,54293,54303,10
12.98108006,80.24568939,54303,54313,10
12.98097038,80.24677277,54313,54324,11
12.98087025,80.24803162,54324,54334,10
12.98077965,80.24916077,54334,54344,10
12.98058987,80.25028229,54344,54353,9
12.98031998,80.25126648,54353,54364,11
12.98011971,80.25221252,54364,54374,10
12.98009968,80.25227356,54374,54384,10
12.98007965,80.25231934,54384,54394,10
12.98021984,80.25254059,54394,54404,10
12.98069,80.25258636,54404,54414,10
12.98134041,80.25256348,54414,54424,10
12.9821701,80.25254059,54424,54434,10
12.98309994,80.25245667,54434,54445,11
12.98394012,80.25228882,54445,54515,70
12.98394012,80.25228882,54515,54525,10
12.98406029,80.2522583,54525,54576,51
12.98406029,80.2522583,54576,54586,10
12.98412037,80.25222778,54586,54596,10
12.98451996,80.2521286,54596,54606,10
12.98534012,80.25189972,54606,54666,60
12.98554039,80.25182343,54666,54727,61
12.98554039,80.25182343,54727,54737,10
12.98591042,80.25176239,54737,54747,10
12.98647022,80.2516098,54747,54757,10
12.98701954,80.25145721,54757,54767,10
12.98748016,80.25131989,54767,54834,67
12.98748016,80.25131989,54834,54846,12
12.98783016,80.25141144,54846,54856,10
12.98797989,80.25193024,54856,54866,10
12.98797989,80.25267792,54866,54876,10
12.98787975,80.25372314,54876,54886,10
12.98777962,80.25485229,54886,54896,10
12.98771954,80.25544739,54896,55038,142
12.98771954,80.25544739,55038,55048,10
12.98760986,80.25559998,55048,55058,10
12.98752975,80.25601959,55058,55068,10
12.98748016,80.25668335,55068,55078,10
12.98740959,80.25730133,55078,55088,10
12.98736,80.25811005,55088,55098,10
12.98725033,80.25897217,55098,55108,10
12.98711014,80.25952911,55108,55128,20
12.98711014,80.25952911,55128,55138,10
12.98711014,80.25959778,55138,55149,11
12.98678017,80.25959778,55149,56107,958
12.98678017,80.25959778,56107,56117,10
12.98668957,80.25952148,56117,56127,10
12.98651981,80.25926208,56127,56198,71
12.98651981,80.25926208,56198,56208,10
12.98672962,80.2590332,56208,56389,181
12.98709965,80.25907898,56389,56409,20
12.98709965,80.25907898,56409,56419,10
12.98725033,80.25898743,56419,56430,11
12.98729992,80.25866699,56430,56439,9
12.98735046,80.25827789,56439,56450,11
12.98738956,80.25810242,56450,56460,10
12.98744011,80.25771332,56460,56470,10
12.9874897,80.25715637,56470,56480,10
12.98756027,80.25650787,56480,56490,10
12.98756981,80.25624084,56490,56500,10
12.98756027,80.25592041,56500,56510,10
12.98764992,80.25565338,56510,56520,10
12.98768997,80.25511932,56520,56530,10
12.98771,80.25491333,56530,56540,10
12.98771954,80.25473785,56540,56550,10
12.98777962,80.25418854,56550,56561,11
12.98783016,80.2533493,56561,56577,16
12.98787975,80.25215149,56577,56589,12
12.9878397,80.25202179,56589,56599,10
12.98779964,80.25182343,56599,56608,9
12.98764992,80.25161743,56608,56619,11
12.98746014,80.2516098,56619,56629,10
12.98692036,80.25166321,56629,56639,10
12.98626041,80.25182343,56639,56649,10
12.98528004,80.25206757,56649,56659,10
12.9842701,80.25234985,56659,56670,11
12.98314953,80.25260925,56670,56680,10
12.98209953,80.25267792,56680,56690,10
12.98104,80.25270081,56690,56700,10
12.97988033,80.25270081,56700,56750,50
12.97988033,80.25270081,56750,56760,10
12.97984028,80.25227356,56760,56770,10
12.97986031,80.25219727,56770,56780,10
12.97992039,80.25198364,56780,56791,11
12.98011017,80.25145721,56791,56801,10
12.98033047,80.25076294,56801,56811,10
12.98054028,80.24992371,56811,56821,10
12.98068047,80.24897766,56821,56831,10
12.98073006,80.24807739,56831,56841,10
12.9808197,80.24694061,56841,56850,9
12.98091984,80.24597168,56850,56861,11
12.98104,80.24488068,56861,56871,10
12.98114014,80.24388885,56871,56881,10
12.98114967,80.24378967,56881,56891,10
12.98128033,80.24353027,56891,56901,10
12.98130989,80.24317932,56901,56912,11
12.98132038,80.24279022,56912,56932,20
12.98132038,80.24279022,56932,56942,10
12.98134041,80.24252319,56942,56952,10
12.98132992,80.24201202,56952,56962,10
12.98132038,80.24134064,56962,56972,10
12.98130989,80.24060822,56972,56982,10
12.98128986,80.2397995,56982,56992,10
12.98128033,80.23937988,56992,57002,10
12.9812603,80.23882294,57002,57012,10
12.98124981,80.23806763,57012,57023,11
12.98124027,80.23789215,57023,57033,10
12.98124981,80.23763275,57033,57043,10
12.98120022,80.23706818,57043,57053,10
12.98118973,80.23629761,57053,57063,10
12.98116016,80.23544312,57063,57073,10
12.98114014,80.23452759,57073,57083,10
12.98139954,80.23368073,57083,57093,10
12.98159981,80.23323822,57093,57103,10
12.98163033,80.23319244,57103,57113,10
12.98178005,80.23285675,57113,57123,10
12.98192978,80.23236847,57123,57133,10
12.98194027,80.2318573,57133,57143,10
12.98190022,80.23132324,57143,57154,11
12.98167992,80.23072815,57154,57164,10
12.98136997,80.2301712,57164,57180,16
12.9808197,80.22927856,57180,57192,12
12.98069954,80.22911835,57192,57202,10
12.98064041,80.22899628,57202,57212,10
12.98056984,80.22885895,57212,57222,10
12.98033047,80.22843933,57222,57232,10
12.98011971,80.22801208,57232,57242,10
12.97974968,80.22738647,57242,57252,10
12.97931004,80.22666931,57252,57262,10
12.97883987,80.22589111,57262,57273,11
12.97830963,80.22501373,57273,57283,10
12.97803974,80.2245636,57283,57293,10
12.9778204,80.22428131,57293,57303,10
12.97762012,80.22392273,57303,57313,10
12.97743034,80.22360992,57313,57323,10
12.97721958,80.22328949,57323,57333,10
12.97708988,80.22306824,57333,57343,10
12.9769001,80.22276306,57343,57353,10
12.97665977,80.22238159,57353,57363,10
12.97638035,80.22193909,57363,57373,10
12.97609043,80.22155762,57373,57384,11
12.97576046,80.22116852,57384,57394,10
12.97572041,80.221138,57394,57404,10
12.97560024,80.22102356,57404,57414,10
12.97533035,80.22075653,57414,57484,70
12.97533035,80.22075653,57484,57494,10
12.97525978,80.22058105,57494,57505,11
12.97548962,80.22039795,57505,57515,10
12.97593021,80.22012329,57515,57525,10
12.97661018,80.21981049,57525,57535,10
12.97739029,80.21949768,57535,57545,10
12.97826004,80.21914673,57545,57555,10
12.97879028,80.21894073,57555,57565,10
12.97947979,80.21865845,57565,57574,9
12.98015976,80.21840668,57574,57584,10
12.98095989,80.21813965,57584,57595,11
12.98192978,80.21790314,57595,57605,10
12.98235035,80.21785736,57605,57616,11
12.98291969,80.21785736,57616,57626,10
12.98361969,80.21784973,57626,57636,10
12.98377991,80.21784973,57636,57646,10
12.98402023,80.21782684,57646,57656,10
12.98458004,80.21784973,57656,57666,10
12.9853096,80.2178421,57666,57676,10
12.98614025,80.2179718,57676,57686,10
12.98731995,80.21820068,57686,57706,20
12.98731995,80.21820068,57706,57716,10
12.98766994,80.21829987,57716,57726,10
12.98826981,80.21842957,57726,57737,11
12.98908997,80.21865845,57737,57747,10
12.9898901,80.21894836,57747,57757,10
12.99079037,80.21923065,57757,57767,10
12.99158955,80.2193985,57767,57777,10
12.99209976,80.21907806,57777,57787,10
12.99275017,80.21859741,57787,57797,10
12.99343014,80.21808624,57797,57807,10
12.99382019,80.21781921,57807,57817,10
12.99400043,80.21768188,57817,57827,10
12.9942503,80.21752167,57827,57837,10
12.99446011,80.21736145,57837,57847,10
12.99452019,80.2173233,57847,57858,11
12.99475956,80.2171402,57858,57868,10
12.99516964,80.21687317,57868,57878,10
12.9957304,80.2166214,57878,57888,10
12.99645042,80.2164917,57888,57898,10
12.99693012,80.21646118,57898,57938,40
12.99693012,80.21646118,57938,57948,10
12.99728966,80.216362,57948,57958,10
12.99750996,80.21611023,57958,57968,10
12.99757957,80.21605682,57968,57979,11
12.99792004,80.21573639,57979,57989,10
12.99839973,80.21530914,57989,57999,10
12.99899006,80.21479034,57999,58009,10
12.99925995,80.21456146,58009,58019,10
12.99965954,80.21421814,58019,58029,10
13.0,80.21392059,58029,58039,10
13.00065041,80.21331787,58039,58049,10
13.0012598,80.21283722,58049,58059,10
13.00189972,80.21235657,58059,58069,10
13.00253963,80.21208191,58069,58079,10
13.00312042,80.21199036,58079,58089,10
13.00358009,80.21183777,58089,58100,11
13.00362968,80.21179962,58100,58110,10
13.0036602,80.21144867,58110,58120,10
13.00362015,80.21082306,58120,58130,10
13.00354004,80.21011353,58130,58140,10
13.00352955,80.20941925,58140,58150,10
13.00360966,80.20903015,58150,58160,10
13.00368023,80.20877838,58160,58170,10
13.00407982,80.20864868,58170,58180,10
13.00475979,80.20896149,58180,58190,10
13.00555992,80.20928955,58190,58200,10
13.00625992,80.20954132,58200,58211,11
13.00699043,80.20976257,58211,58221,10
13.00745964,80.20980835,58221,58251,30
13.00745964,80.20980835,58251,58261,10
13.0078001,80.20993042,58261,58271,10
13.00806999,80.2099762,58271,58281,10
13.00809002,80.20963287,58281,58291,10
13.00798035,80.20900726,58291,58301,10
13.00786972,80.20819092,58301,58311,10
13.00772953,80.2072525,58311,58321,10
13.0075798,80.20622253,58321,58332,11
13.00749969,80.2050705,58332,58342,10
13.00749016,80.2041626,58342,58352,10
13.00736046,80.20332336,58352,58362,10
13.00701046,80.20256042,58362,58372,10
13.00650024,80.20292664,58372,58382,10
13.00681973,80.20336914,58382,58392,10
13.00736046,80.20359802,58392,58402,10
13.00811958,80.20368958,58402,58412,10
13.00909996,80.2036438,58412,58422,10
13.01025963,80.20359039,58422,58432,10
13.01140022,80.20366669,58432,58442,10
13.01245975,80.20384216,58442,58453,11
13.01342964,80.20407867,58453,58463,10
13.01389027,80.20423889,58463,58473,10
13.01443958,80.20442963,58473,58483,10
13.01498032,80.20458984,58483,58493,10
13.01506996,80.20459747,58493,58503,10
13.01544952,80.20471954,58503,58513,10
13.01611042,80.20498657,58513,58523,10
13.01681995,80.20522308,58523,58533,10
13.01743984,80.2053833,58533,58543,10
13.01786041,80.20561218,58543,58553,10
13.01842022,80.20583344,58553,58564,11
13.01871967,80.20594025,58564,58574,10
13.01879978,80.20594788,58574,58584,10
13.0190897,80.20610046,58584,58594,10
13.01968002,80.20623779,58594,58604,10
13.02046013,80.20628357,58604,58614,10
13.02140045,80.20628357,58614,58624,10
13.02227974,80.20636749,58624,58634,10
13.02320957,80.20651245,58634,58644,10
13.02387047,80.20658875,58644,58654,10
13.02429962,80.20667267,58654,58664,10
13.02437973,80.20668793,58664,58680,16
13.02525043,80.20690155,58680,58693,13
13.02624035,80.20735931,58693,58703,10
13.02684021,80.2077179,58703,58711,8
13.02760029,80.20819092,58711,58722,11
13.02865028,80.20858765,58722,58733,11
13.0294199,80.20876312,58733,58743,10
13.02966022,80.20879364,58743,58753,10
13.02997971,80.20890045,58753,58763,10
13.03038979,80.20903778,58763,58773,10
13.03092957,80.20921326,58773,58783,10
13.03162956,80.20941925,58783,58793,10
13.03168964,80.20944214,58793,58804,11
13.03190041,80.2095108,58804,58814,10
13.03244972,80.20960236,58814,58824,10
13.0332098,80.2097168,58824,58834,10
13.03400993,80.20986938,58834,58844,10
13.03474045,80.2100296,58844,58854,10
13.03503036,80.21022034,58854,58864,10
13.03499985,80.21063995,58864,58874,10
13.03501034,80.21102905,58874,58884,10
13.03497982,80.21128082,58884,58904,20
13.03497982,80.21128082,58904,58914,10
13.03493023,80.21151733,58914,58925,11
13.03485012,80.21189117,58925,58935,10
13.03485012,80.21190643,58935,58945,10
13.03495026,80.21217346,58945,58955,10
13.03522968,80.21221924,58955,58965,10
13.03577042,80.21228027,58965,58975,10
13.03652,80.21233368,58975,58985,10
13.03701973,80.21231842,58985,58995,10
13.03748035,80.21231842,58995,59005,10
13.03820038,80.21231842,59005,59015,10
13.03905964,80.21225739,59015,59025,10
13.03999996,80.2122879,59025,59036,11
13.04121017,80.21233368,59036,59046,10
13.04238033,80.2122879,59046,59056,10
13.04391956,80.21227264,59056,59116,60
13.04391956,80.21227264,59116,59126,10
13.04407978,80.21224976,59126,59136,10
13.04442024,80.21228027,59136,59146,10
13.04493999,80.2122879,59146,59157,11
13.04576015,80.21227264,59157,59167,10
13.04644012,80.21224976,59167,59177,10
13.04712009,80.21221924,59177,59187,10
13.04757023,80.21217346,59187,59197,10
13.04821968,80.21208954,59197,59207,10
13.04846001,80.21206665,59207,59217,10
13.04868984,80.21205139,59217,59227,10
13.04922009,80.21202087,59227,59247,20
13.04922009,80.21202087,59247,59257,10
13.04940987,80.21198273,59257,59267,10
13.04981041,80.21198273,59267,59278,11
13.05006981,80.21199036,59278,59288,10
13.05029964,80.21201324,59288,59298,10
13.05056,80.21208191,59298,59308,10
13.05099964,80.21212769,59308,59318,10
13.05193043,80.21206665,59318,59328,10
13.0528698,80.21182251,59328,59338,10
13.05385971,80.21154022,59338,59354,16
13.05537987,80.21143341,59354,59366,12
13.05661011,80.21144867,59366,59374,8
13.05729008,80.21144104,59374,59386,12
13.05743027,80.21144867,59386,59397,11
13.05790043,80.21147919,59397,59407,10
13.05863953,80.21150208,59407,59417,10
13.05943012,80.21154022,59417,59427,10
13.0603199,80.21160126,59427,59437,10
13.06122971,80.21163177,59437,59447,10
13.06198025,80.21166229,59447,59457,10
13.06274986,80.2116394,59457,59467,10
13.06305981,80.21153259,59467,59477,10
13.06324005,80.2115097,59477,59487,10
13.06361008,80.2114563,59487,59497,10
13.06402969,80.21143341,59497,59507,10
13.06466007,80.21124268,59507,59518,11
13.06544018,80.21073914,59518,59528,10
13.06622028,80.21006012,59528,59538,10
13.06700039,80.20922089,59538,59548,10
13.06758022,80.2082901,59548,59558,10
13.06820011,80.20735931,59558,59567,9
13.06875992,80.20651245,59567,59577,10
13.06917953,80.20575714,59577,59588,11
13.06943035,80.20536041,59588,59598,10
13.06966019,80.20497131,59598,59608,10
13.06954956,80.20480347,59608,59618,10
13.06917,80.20496368,59618,59628,10
13.06871986,80.20516205,59628,59820,192
13.06832027,80.20513916,59820,59881,61
13.06801033,80.2052002,59881,60203,322
13.06801033,80.2052002,60203,60213,10
13.06791973,80.20514679,60213,60224,11
13.06803989,80.20500183,60224,60234,10
13.06824017,80.20498657,60234,60244,10
13.06849957,80.20491791,60244,60254,10
13.06877995,80.20480347,60254,60264,10
13.06921005,80.20475006,60264,60274,10
13.06952,80.20480347,60274,60284,10
13.06960964,80.20481873,60284,60293,9
13.0698204,80.20497894,60293,60304,11
13.0697403,80.20535278,60304,60314,10
13.06941032,80.20591736,60314,60324,10
13.06898022,80.20661926,60324,60334,10
13.06851959,80.20733643,60334,60345,11
13.06787968,80.20839691,60345,60355,10
13.0673399,80.20928192,60355,60365,10
13.06672001,80.21009827,60365,60374,9
13.06604958,80.21067047,60374,60385,11
13.06527042,80.21131897,60385,60405,20
13.06527042,80.21131897,60405,60415,10
13.06505966,80.2114563,60415,60425,10
13.06453991,80.21167755,60425,60435,10
13.0637598,80.21183777,60435,60445,10
13.06293964,80.21186829,60445,60456,11
13.06233025,80.2118988,60456,60466,10
13.06194019,80.2118988,60466,60476,10
13.06105995,80.21185303,60476,60486,10
13.06027985,80.21180725,60486,60496,10
13.05943012,80.2117691,60496,60506,10
13.05883026,80.21176147,60506,60516,10
13.05838013,80.21172333,60516,60526,10
13.0577898,80.21167755,60526,60536,10
13.05702019,80.21167755,60536,60546,10
13.05615997,80.21167755,60546,60556,10
13.05525017,80.21167755,60556,60566,10
13.05430984,80.21170044,60566,60576,10
13.05327034,80.21192932,60576,60587,11
13.05228043,80.21221924,60587,60597,10
13.05167007,80.21231842,60597,60607,10
13.05097008,80.21228027,60607,60647,40
13.05097008,80.21228027,60647,60657,10
13.05058956,80.21225739,60657,60667,10
13.05004025,80.21225739,60667,60677,10
13.04951954,80.21227264,60677,60698,21
13.04951954,80.21227264,60698,60708,10
13.04920006,80.21218872,60708,60718,10
13.04860973,80.21221924,60718,60728,10
13.04786015,80.21230316,60728,60738,10
13.04691029,80.21235657,60738,60748,10
13.04582024,80.21240997,60748,60758,10
13.04506969,80.21246338,60758,60768,10
13.04440022,80.21247101,60768,60778,10
13.04378986,80.21244049,60778,60788,10
13.04300976,80.21244049,60788,60798,10
13.04209042,80.21244049,60798,60809,11
13.04100037,80.21244049,60809,60819,10
13.04001999,80.21246338,60819,60829,10
13.03903961,80.21246338,60829,60839,10
13.03824043,80.21248627,60839,60849,10
13.03787994,80.21250153,60849,60889,40
13.03787994,80.21250153,60889,60899,10
13.0377903,80.21248627,60899,60909,10
13.03746033,80.21247101,60909,60919,10
13.03697014,80.21240997,60919,60930,11
13.03619957,80.21237946,60930,60939,9
13.03551006,80.21235657,60939,60950,11
13.0350399,80.21231079,60950,60960,10
13.03472996,80.21227264,60960,60970,10
13.03444958,80.21219635,60970,60980,10
13.03423023,80.21217346,60980,61000,20
13.03423023,80.21217346,61000,61010,10
13.03411007,80.2121582,61010,61020,10
13.03376007,80.21208954,61020,61030,10
13.03324986,80.21195221,61030,61041,11
13.03244972,80.21180725,61041,61051,10
13.03195953,80.21163177,61051,61061,10
13.03201008,80.2110672,61061,61071,10
13.03205967,80.21031952,61071,61081,10
13.0320797,80.20973206,61081,61091,10
13.03170967,80.20957184,61091,61101,10
13.0311203,80.20941925,61101,61111,10
13.03061962,80.20932007,61111,61121,10
13.03059006,80.20929718,61121,61131,10
13.03048038,80.2092514,61131,61141,10
13.03015041,80.20913696,61141,61151,10
13.02972984,80.20903015,61151,61162,11
13.02917957,80.20887756,61162,61172,10
13.02904987,80.20883179,61172,61182,10
13.02851963,80.20868683,61182,61192,10
13.0278101,80.20845795,61192,61202,10
13.02709961,80.20803833,61202,61212,10
13.02624989,80.20752716,61212,61222,10
13.02519989,80.2070694,61222,61238,16
13.02422047,80.20690918,61238,61250,12
13.02404976,80.20688629,61250,61258,8
13.02371979,80.20680237,61258,61270,12
13.02299976,80.20664215,61270,61281,11
13.02212048,80.20648956,61281,61291,10
13.02122021,80.20648193,61291,61301,10
13.02019978,80.20651245,61301,61311,10
13.01904964,80.20636749,61311,61332,21
13.01904964,80.20636749,61332,61341,9
13.01871967,80.20622253,61341,61352,11
13.01815987,80.20601654,61352,61362,10
13.01780987,80.20590973,61362,61372,10
13.01758957,80.20581055,61372,61382,10
13.01718044,80.20562744,61382,61392,10
13.01663017,80.2053833,61392,61403,11
13.01568031,80.20511627,61403,61413,10
13.01474953,80.20481873,61413,61423,10
13.0139904,80.20452881,61423,61433,10
13.01368999,80.20445251,61433,61443,10
13.01356983,80.20468903,61443,61453,10
13.0135603,80.20471954,61453,61463,10
13.01352978,80.20481873,61463,61473,10
13.01338959,80.20526123,61473,61483,10
13.01319027,80.20590973,61483,61493,10
13.01303005,80.2067337,61493,61503,10
13.01294994,80.20761871,61503,61514,11
13.01288986,80.20807648,61514,61524,10
13.01290035,80.20855713,61524,61534,10
13.01294994,80.20896912,61534,61544,10
13.01313019,80.20961761,61544,61554,10
13.01317978,80.21024323,61554,61563,9
13.01303959,80.21092224,61563,61574,11
13.01264954,80.21170044,61574,61584,10
13.01208019,80.21257782,61584,61594,10
13.01177979,80.21283722,61594,61604,10
13.01146984,80.21260834,61604,61614,10
13.01093006,80.21221924,61614,61624,10
13.01033974,80.21176147,61624,61635,11
13.00957966,80.21116638,61635,61675,40
13.00936031,80.21102142,61675,61705,30
13.00936031,80.21102142,61705,61715,10
13.00918961,80.21125031,61715,61725,10
13.00907993,80.21138,61725,61735,10
13.00901985,80.21148682,61735,61746,11
13.00901985,80.2116394,61746,61756,10
13.00907993,80.21188354,61756,61765,9
13.0092001,80.21221161,61765,61776,11
13.00934982,80.21266937,61776,61786,10
13.0095396,80.21317291,61786,61796,10
13.00973988,80.21366119,61796,61806,10
13.00994968,80.21417236,61806,61816,10
13.01016045,80.21479797,61816,61826,10
13.01027966,80.21562195,61826,61836,10
13.01062012,80.21647644,61836,61846,10
13.01105022,80.21736908,61846,61856,10
13.01140022,80.21826172,61856,61867,11
13.01177979,80.21933746,61867,61877,10
13.01208973,80.22033691,61877,61887,10
13.01241016,80.22119141,61887,61897,10
13.01264,80.22158813,61897,61934,37
13.01404953,80.22355652,61934,61947,13
13.01438046,80.22403717,61947,61957,10
13.01490974,80.22463989,61957,61967,10
13.01509953,80.224823,61967,61977,10
13.01519966,80.2248764,61977,61988,11
13.01535988,80.22512054,61988,61997,9
13.01548958,80.2253418,61997,62008,11
13.01543999,80.22557068,62008,62018,10
13.01513004,80.22592163,62018,62028,10
13.01451015,80.22614288,62028,62038,10
13.0137701,80.2264328,62038,62049,11
13.01288986,80.22676086,62049,62059,10
13.01183033,80.22718048,62059,62069,10
13.01080036,80.22763062,62069,62079,10
13.00983047,80.22798157,62079,62089,10
13.00951004,80.2276001,62089,62100,11
13.00977039,80.22704315,62100,62110,10
13.01006031,80.22637939,62110,62120,10
13.01037025,80.22556305,62120,62130,10
13.01070976,80.2247467,62130,62140,10
13.0109396,80.22415924,62140,62150,10
13.01107025,80.22380066,62150,62160,10
13.01113987,80.22364807,62160,62170,10
13.01124954,80.22341919,62170,62180,10
13.01101971,80.22305298,62180,62190,10
13.01037025,80.22273254,62190,62200,10
13.00969982,80.22236633,62200,62210,10
13.00899029,80.22197723,62210,62221,11
13.00809956,80.22148132,62221,62231,10
13.00720024,80.22102356,62231,62241,10
13.00636005,80.22065735,62241,62251,10
13.00555038,80.22046661,62251,62261,10
13.00479031,80.22028351,62261,62271,10
13.00440025,80.2201767,62271,62281,10
13.00384998,80.220047,62281,62291,10
13.0034399,80.2199707,62291,62301,10
13.00331974,80.21994019,62301,62311,10
13.00290012,80.21980286,62311,62321,10
13.00232029,80.21939087,62321,62331,10
13.00179005,80.21881866,62331,62342,11
13.00111961,80.21829987,62342,62352,10
13.00053024,80.21790314,62352,62362,10
12.99991989,80.21753693,62362,62372,10
12.9991703,80.21711731,62372,62382,10
12.99827957,80.21669006,62382,62398,16
12.99746037,80.21653748,62398,62410,12
12.99730968,80.21655273,62410,62418,8
12.99701977,80.21655273,62418,62430,12
12.99670029,80.21656799,62430,62440,10
12.99643993,80.21661377,62440,62450,10
12.99635029,80.21663666,62450,62461,11
12.99600029,80.21669769,62461,62469,8
12.99569988,80.21678162,62469,62481,12
12.99534988,80.21690369,62481,62500,19
12.99534988,80.21690369,62500,62511,11
12.99518013,80.21698761,62511,62521,10
12.9949398,80.2171402,62521,62531,10
12.9946003,80.2173996,62531,62541,10
12.99403954,80.21779633,62541,62551,10
12.99351025,80.21816254,62551,62561,10
12.99293995,80.21858978,62561,62571,10
12.99230003,80.21906281,62571,62582,11
12.99158955,80.21955872,62582,62591,9
12.99123001,80.21954346,62591,62602,11
12.99088955,80.21942139,62602,62612,10
12.99073982,80.21936798,62612,62622,10
12.99024963,80.21920013,62622,62632,10
12.9895401,80.21896362,62632,62642,10
12.98869991,80.21865082,62642,62652,10
12.98768997,80.21840668,62652,62662,10
12.98696041,80.21827698,62662,62672,10
12.98684025,80.21826172,62672,62682,10
12.9865799,80.21819305,62682,62693,11
12.98596954,80.21801758,62693,62709,16
12.9847002,80.21795654,62709,62721,12
12.98406029,80.21797943,62721,62731,10
12.9840498,80.21797943,62731,62741,10
12.98394966,80.21798706,62741,62751,10
12.98293972,80.21797943,62751,62759,8
12.98293972,80.21797943,62759,62772,13
12.98198032,80.21800232,62772,62782,10
12.98114014,80.21816254,62782,62792,10
12.98027992,80.21843719,62792,62802,10
12.97961998,80.21871948,62802,62813,11
12.97894955,80.21898651,62813,62823,10
12.97859001,80.2191391,62823,62833,10
12.97803974,80.21936035,62833,62843,10
12.97665977,80.22000885,62843,62908,65
12.97665977,80.22000885,62908,62918,10
12.9764204,80.22009277,62918,63101,183
12.97605038,80.2201767,63101,63121,20
12.97605038,80.2201767,63121,63131,10
12.97585011,80.22028351,63131,63141,10
12.97562981,80.22039795,63141,63212,71
12.97562981,80.22039795,63212,63222,10
12.97554016,80.2207489,63222,63232,10
12.97560024,80.22086334,63232,63242,10
12.97577953,80.22106171,63242,63252,10
12.97601032,80.22135162,63252,63262,10
12.97632027,80.22177124,63262,63293,31
12.97632027,80.22177124,63293,63303,10
12.97634029,80.22196198,63303,63343,40
12.97634029,80.22196198,63343,63353,10
12.97632027,80.22203064,63353,63363,10
12.97651005,80.22234344,63363,63373,10
12.97684002,80.22279358,63373,63383,10
12.97719002,80.22332764,63383,63393,10
12.97770023,80.22412109,63393,63404,11
12.97826004,80.22498322,63404,63414,10
12.97867012,80.22564697,63414,63424,10
12.97912979,80.22637939,63424,63434,10
12.97951031,80.22699738,63434,63444,10
12.97994041,80.22766113,63444,63454,10
12.98038006,80.22841644,63454,63464,10
12.98066044,80.22885895,63464,63474,10
12.98073959,80.22904968,63474,63484,10
12.98095989,80.22942352,63484,63494,10
12.98130989,80.22995758,63494,63504,10
12.98169041,80.23052216,63504,63515,11
12.98178005,80.23069763,63515,63525,10
12.9819603,80.23117065,63525,63535,10
12.98206997,80.23187256,63535,63545,10
12.98204994,80.23242188,63545,63555,10
12.98194981,80.23285675,63555,63565,10
12.9818697,80.233078,63565,63575,10
12.98169041,80.23343658,63575,63585,10
12.98163986,80.23356628,63585,63595,10
12.98157024,80.23368835,63595,63605,10
12.98134995,80.23415375,63605,63615,10
12.98122025,80.23475647,63615,63626,11
12.98124981,80.23583984,63626,63636,10
12.98128986,80.23683929,63636,63646,10
12.98130989,80.23784637,63646,63656,10
12.98132992,80.2385788,63656,63666,10
12.98132992,80.23863983,63666,63676,10
12.98134041,80.23932648,63676,63696,20
12.98134041,80.23932648,63696,63706,10
12.98134995,80.23951721,63706,63716,10
12.98136997,80.23986816,63716,63726,10
12.98138046,80.24034119,63726,63736,10
12.98138046,80.24104309,63736,63747,11
12.98139,80.24198151,63747,63757,10
12.98141003,80.24269867,63757,63767,10
12.98139954,80.24285889,63767,63777,10
12.98139954,80.24295044,63777,63787,10
12.98139,80.24333954,63787,63797,10
12.98134041,80.24394226,63797,63807,10
12.98124027,80.24474335,63807,63817,10
12.98112011,80.24569702,63817,63827,10
12.98099041,80.24681854,63827,63837,10
12.98087978,80.24801636,63837,63846,9
12.98079014,80.24906921,63846,63858,12
12.98058033,80.25035095,63858,63868,10
12.98031998,80.25138092,63868,63878,10
12.98013973,80.25215149,63878,63888,10
12.98011971,80.25228119,63888,63898,10
12.98009014,80.25241089,63898,63908,10
12.98027992,80.25261688,63908,63918,10
12.98077965,80.25266266,63918,63928,10
12.9815197,80.25263977,63928,63938,10
12.98241997,80.25260925,63938,63948,10
12.98338985,80.2525177,63948,63958,10
12.98437977,80.25228119,63958,63975,17
12.98614025,80.25177002,63975,64047,72
12.98614025,80.25177002,64047,64057,10
12.98624039,80.2517395,64057,64067,10
12.98665047,80.25164032,64067,64077,10
12.9871397,80.25150299,64077,64087,10
12.98760986,80.25138092,64087,64098,11
12.98791027,80.25166321,64098,64108,10
12.98801994,80.25224304,64108,64118,10
12.98795986,80.25289917,64118,64128,10
12.98787975,80.25373077,64128,64138,10
12.98783016,80.25437927,64138,64148,10
12.9878397,80.25460815,64148,64249,101
12.9878397,80.25460815,64249,64259,10
12.98781967,80.25476074,64259,64269,10
12.98777962,80.25511932,64269,64279,10
12.98771954,80.25556183,64279,64289,10
12.98764038,80.25595856,64289,64299,10
12.9875803,80.25631714,64299,64309,10
12.98756981,80.2564621,64309,64319,10
12.98756027,80.25673676,64319,64330,11
12.98754025,80.25700378,64330,64340,10
12.9874897,80.25753021,64340,64350,10
12.98744011,80.25826263,64350,64360,10
12.98740005,80.25878906,64360,64370,10
12.98733997,80.2591629,64370,64380,10
12.98727036,80.25940704,64380,64400,20
12.98727036,80.25940704,64400,64410,10
12.98727036,80.25952911,64410,64420,10
12.98711014,80.25965118,64420,64430,10
12.98696041,80.25958252,64430,64441,11
12.98668957,80.25953674,64441,64451,10
12.98663998,80.25952148,64451,64461,10
12.98657036,80.25933838,64461,64471,10
12.98666,80.25911713,64471,65984,1513
12.98703957,80.2591095,65984,66014,30
12.98703957,80.2591095,66014,66024,10
12.98733997,80.25885773,66024,66034,10
12.98736,80.25858307,66034,66044,10
12.98740005,80.25827789,66044,66054,10
12.98740959,80.25791168,66054,66064,10
12.98744965,80.25756836,66064,66135,71
12.98744965,80.25756836,66135,66145,10
12.98750973,80.25733948,66145,66155,10
12.98752022,80.25714111,66155,66165,10
12.98756027,80.25675964,66165,66175,10
12.98762035,80.25624847,66175,66186,11
12.98760986,80.25591278,66186,66196,10
12.98770046,80.25556183,66196,66206,10
12.98773956,80.25495148,66206,66216,10
12.98773956,80.25486755,66216,66226,10
12.98775959,80.25469208,66226,66236,10
12.98779011,80.25418091,66236,66246,10
12.98783016,80.25346375,66246,66256,10
12.98787975,80.25215912,66256,66327,71
12.98787975,80.25215912,66327,66337,10
12.98785973,80.25205994,66337,66347,10
12.98775959,80.25164795,66347,66367,20
12.98775959,80.25164795,66367,66377,10
12.98736,80.25160217,66377,66387,10
12.98674965,80.25169373,66387,66397,10
12.98600006,80.25189209,66397,66407,10
12.98507977,80.2521286,66407,66417,10
12.98406029,80.25241089,66417,66428,11
12.98291969,80.25263977,66428,66438,10
12.98186016,80.25269318,66438,66448,10
12.98083019,80.25272369,66448,66458,10
12.9800396,80.25274658,66458,66498,40
12.9800396,80.25274658,66498,66514,16
12.97986031,80.25222015,66514,66547,33
12.97986031,80.25222015,66547,66557,10
12.97992039,80.25198364,66557,66567,10
12.98005962,80.2516098,66567,66576,9
12.98019981,80.25113678,66576,66587,11
12.98040962,80.2504425,66587,66597,10
12.9805603,80.24976349,66597,66607,10
12.98066044,80.24909973,66607,66617,10
12.98069954,80.2483902,66617,66627,10
12.98075008,80.24761963,66627,66637,10
12.98079014,80.24697876,66637,66647,10
12.98083019,80.246521,66647,66658,11
12.98087978,80.24606323,66658,66668,10
12.98091984,80.2456665,66668,66678,10
12.98099041,80.24517822,66678,66697,19
12.98114014,80.24382019,66697,66709,12
12.98130035,80.24331665,66709,66719,10
12.98132038,80.24278259,66719,66749,30
12.98132038,80.24278259,66749,66759,10
12.98132038,80.24253845,66759,66769,10
12.98130989,80.24217987,66769,66779,10
12.98130989,80.24163055,66779,66790,11
12.98130989,80.2408371,66790,66800,10
12.98130035,80.24004364,66800,66810,10
12.98128033,80.23940277,66810,66820,10
12.98126984,80.23872375,66820,66830,10
12.98124981,80.23786163,66830,66850,20
12.98124981,80.23786163,66850,66860,10
12.98122978,80.23760986,66860,66870,10
12.98120975,80.23712158,66870,66880,10
12.98120022,80.23641968,66880,66891,11
12.9811697,80.23560333,66891,66901,10
12.98114967,80.2348175,66901,66911,10
12.9812603,80.23401642,66911,66921,10
12.9816103,80.23326111,66921,66961,40
12.9816103,80.23326111,66961,66971,10
12.98171043,80.233078,66971,66981,10
12.98186016,80.23268127,66981,66991,10
12.98194981,80.23220062,66991,67008,17
12.98190022,80.23137665,67008,67020,12
12.98163033,80.23065186,67020,67030,10
12.98134041,80.23016357,67030,67040,10
12.98087978,80.22942352,67040,67050,10
12.98064995,80.22907257,67050,67060,10
12.98058987,80.22895813,67060,67070,10
12.98058987,80.22894287,67070,67080,10
12.98046017,80.22869873,67080,67090,10
12.98029041,80.22836304,67090,67100,10
12.9801302,80.22805786,67100,67110,10
12.97984982,80.22759247,67110,67121,11
12.97945976,80.2269516,67121,67131,10
12.97916031,80.22646332,67131,67141,10
12.97879028,80.22583771,67141,67151,10
12.97842026,80.22519684,67151,67161,10
12.9780798,80.22466278,67161,67171,10
12.9777298,80.22418976,67171,67181,10
12.97739983,80.22364044,67181,67191,10
12.97706032,80.22306824,67191,67201,10
12.97686005,80.22270966,67201,67211,10
12.97659969,80.22231293,67211,67221,10
12.97630024,80.22183228,67221,67231,10
12.97601986,80.22145081,67231,67242,11
12.97579956,80.22119904,67242,67272,30
12.97579956,80.22119904,67272,67282,10
12.97560024,80.22104645,67282,67292,10
12.97546959,80.22090149,67292,67302,10
12.97527981,80.22064972,67302,67312,10
12.97544956,80.22045898,67312,67322,10
12.97564983,80.22028351,67322,67332,10
12.97605991,80.2201004,67332,67342,10
12.97659016,80.21988678,67342,67352,10
12.9772501,80.21961975,67352,67363,11
12.97805023,80.21929169,67363,67373,10
12.97865009,80.21907043,67373,67383,10
12.97922993,80.21884155,67383,67393,10
12.97959995,80.21869659,67393,67403,10
12.97988987,80.21858978,67403,67419,16
12.98040962,80.21836853,67419,67431,12
12.98085976,80.21820068,67431,67492,61
12.98085976,80.21820068,67492,67502,10
12.98141956,80.21797943,67502,67522,20
12.98141956,80.21797943,67522,67532,10
12.98178005,80.2179184,67532,67582,50
12.98178005,80.2179184,67582,67593,11
12.98211956,80.21788025,67593,67603,10
12.98237991,80.21788788,67603,67612,9
12.98278046,80.21790314,67612,67623,11
12.98375034,80.21788025,67623,67643,20
12.98375034,80.21788025,67643,67653,10
12.98394012,80.21791077,67653,67663,10
12.98431969,80.21790314,67663,67673,10
12.98476028,80.21788025,67673,67683,10
12.98536015,80.21788025,67683,67693,10
12.98608017,80.21800995,67693,67703,10
12.98676014,80.21814728,67703,67714,11
12.98735046,80.21824646,67714,67734,20
12.98735046,80.21824646,67734,67744,10
12.98756027,80.21832275,67744,67754,10
12.98806,80.21843719,67754,67764,10
12.98873043,80.21861267,67764,67774,10
12.98948956,80.21885681,67774,67784,10
12.99032974,80.21914673,67784,67794,10
12.99122047,80.21941376,67794,67804,10
12.99170971,80.21941376,67804,67814,10
12.99199009,80.21923065,67814,67825,11
12.99256039,80.21880341,67825,67835,10
12.99314022,80.21838379,67835,67845,10
12.99378967,80.21791077,67845,67865,20
12.99378967,80.21791077,67865,67875,10
12.99405003,80.21772003,67875,67885,10
12.99419975,80.21762085,67885,67895,10
12.99433994,80.21750641,67895,67905,10
12.99446964,80.21742249,67905,67915,10
12.99464035,80.21727753,67915,67925,10
12.99483013,80.2171402,67925,67935,10
12.9950304,80.21701813,67935,67946,11
12.99584007,80.21665192,67946,68024,78
12.99584007,80.21665192,68024,68034,10
12.99627972,80.21655273,68034,68054,20
12.99627972,80.21655273,68054,68065,11
12.99672031,80.21649933,68065,68075,10
12.99701023,80.21646881,68075,68083,8
12.99713993,80.21643829,68083,68095,12
12.99744034,80.21611786,68095,68125,30
12.99744034,80.21611786,68125,68135,10
12.99775982,80.21588135,68135,68145,10
12.99812984,80.21555328,68145,68155,10
12.99860954,80.21515656,68155,68165,10
12.99907017,80.21473694,68165,68176,11
12.99942017,80.21446991,68176,68186,10
12.99983025,80.21411133,68186,68196,10
13.00020981,80.21376801,68196,68206,10
13.00069046,80.21333313,68206,68216,10
13.00107956,80.21302032,68216,68226,10
13.0014801,80.21270752,68226,68236,10
13.00195026,80.21237946,68236,68246,10
13.00242043,80.21215057,68246,68256,10
13.00271034,80.21209717,68256,68266,10
13.00290012,80.21208191,68266,68276,10
13.00358009,80.21188354,68276,68297,21
13.00358009,80.21188354,68297,68307,10
13.00360966,80.21147919,68307,68317,10
13.00358963,80.21092987,68317,68327,10
13.00352955,80.21044922,68327,68337,10
13.00347042,80.20999908,68337,68347,10
13.0034399,80.20953369,68347,68357,10
13.00354004,80.20899963,68357,68367,10
13.00389957,80.20858002,68367,68377,10
13.0046196,80.20887756,68377,68387,10
13.0053997,80.20922852,68387,68397,10
13.0060997,80.20948029,68397,68408,11
13.00666046,80.20967102,68408,68418,10
13.00743008,80.20983124,68418,68468,50
13.00743008,80.20983124,68468,68478,10
13.00778008,80.20992279,68478,68488,10
13.0081501,80.20995331,68488,68498,10
13.00811958,80.20967865,68498,68508,10
13.00802994,80.20918274,68508,68518,10
13.00790024,80.20845795,68518,68529,11
13.00776005,80.20754242,68529,68539,10
13.00761986,80.20664215,68539,68549,10
13.00749969,80.20565033,68549,68559,10
13.00747013,80.20478058,68559,68569,10
13.00743961,80.20410919,68569,68579,10
13.00734997,80.20339203,68579,68589,10
13.00710964,80.20258331,68589,68599,10
13.00652981,80.20272064,68599,68609,10
13.00667953,80.20326233,68609,68619,10
13.00714016,80.20352173,68619,68629,10
13.00771046,80.20365906,68629,68640,11
13.00854969,80.20365143,68640,68650,10
13.00946999,80.20358276,68650,68660,10
13.01054955,80.20358276,68660,68670,10
13.01167965,80.2036972,68670,68680,10
13.01278019,80.20388794,68680,68690,10
13.0135498,80.20411682,68690,68700,10
13.0142498,80.20436096,68700,68710,10
13.01502991,80.20458984,68710,68730,20
13.01502991,80.20458984,68730,68740,10
13.01533985,80.20471191,68740,68750,10
13.01585007,80.20488739,68750,68761,11
13.01624012,80.20504761,68761,68771,10
13.01648045,80.20511627,68771,68781,10
13.01661015,80.20513153,68781,68791,10
13.01679993,80.20513916,68791,68800,9
13.01721954,80.2053833,68800,68811,11
13.01758003,80.20552063,68811,68821,10
13.01790047,80.2056427,68821,68831,10
13.01844978,80.20585632,68831,68841,10
13.01865005,80.20591736,68841,68851,10
13.01871014,80.20594025,68851,68861,10
13.01904964,80.20607758,68861,68871,10
13.01957989,80.20619965,68871,68882,11
13.02038956,80.20623779,68882,68892,10
13.02114964,80.20622253,68892,68902,10
13.02180958,80.20626068,68902,68912,10
13.02248001,80.20635223,68912,68922,10
13.0228796,80.20644379,68922,68932,10
13.02318001,80.20648956,68932,68942,10
13.02346039,80.20651245,68942,68952,10
13.02359962,80.20652771,68952,68962,10
13.02377987,80.2065506,68962,68972,10
13.02400017,80.20658875,68972,68982,10
13.02429962,80.20665741,68982,68993,11
13.02443981,80.20671082,68993,69003,10
13.02484989,80.20678711,69003,69013,10
13.02562046,80.20703888,69013,69023,10
13.0262804,80.20741272,69023,69033,10
13.02696991,80.20781708,69033,69043,10
13.02772999,80.20826721,69043,69053,10
13.02859974,80.20858765,69053,69063,10
13.02925014,80.20870972,69063,69073,10
13.02941036,80.2087326,69073,69083,10
13.02956009,80.20877838,69083,69093,10
13.02993965,80.20887756,69093,69103,10
13.03052998,80.20905304,69103,69114,11
13.03135967,80.20926666,69114,69124,10
13.03164005,80.20937347,69124,69134,10
13.03168964,80.20941925,69134,69144,10
13.03203964,80.20954132,69144,69154,10
13.03264046,80.20960236,69154,69164,10
13.03339958,80.20976257,69164,69174,10
13.03423023,80.20996094,69174,69184,10
13.03495026,80.21013641,69184,69194,10
13.03495979,80.2106781,69194,69204,10
13.03499031,80.2111969,69204,69225,21
13.03499031,80.2111969,69225,69235,10
13.03493023,80.21147919,69235,69245,10
13.03487968,80.21183777,69245,69255,10
13.03495979,80.21209717,69255,69265,10
13.03536987,80.21219635,69265,69275,10
13.03542042,80.21219635,69275,69285,10
13.03567982,80.21222687,69285,69295,10
13.03590965,80.21222687,69295,69305,10
13.03614998,80.21225739,69305,69315,10
13.03637028,80.21228027,69315,69325,10
13.0365696,80.21230316,69325,69335,10
13.03680038,80.21230316,69335,69346,11
13.03705978,80.21227264,69346,69356,10
13.03722954,80.21227264,69356,69366,10
13.03761959,80.2122879,69366,69382,16
13.03864002,80.21225739,69382,69394,12
13.03960037,80.21224213,69394,69404,10
13.04030037,80.21221161,69404,69414,10
13.04148006,80.21219635,69414,69424,10
13.04224014,80.21218872,69424,69434,10
13.04286957,80.21221161,69434,69444,10
13.04331017,80.21221161,69444,69454,10
13.04368973,80.21221924,69454,69465,11
13.04403973,80.21221161,69465,69474,9
13.04434013,80.21219635,69474,69484,10
13.04487038,80.21218872,69484,69495,11
13.04555988,80.21218109,69495,69505,10
13.04609966,80.2121582,69505,69514,9
13.04658985,80.21215057,69514,69525,11
13.04730034,80.21211243,69525,69535,10
13.04771996,80.21206665,69535,69545,10
13.0479002,80.21205139,69545,69606,61
13.0479002,80.21205139,69606,69616,10
13.04811001,80.21209717,69616,69626,10
13.04835033,80.21205139,69626,69636,10
13.04845047,80.21202087,69636,69646,10
13.04870033,80.21198273,69646,69656,10
13.04881954,80.21196747,69656,69666,10
13.04905987,80.21195984,69666,69676,10
13.04936981,80.21193695,69676,69686,10
13.04955959,80.21195984,69686,69747,61
13.04955959,80.21195984,69747,69757,10
13.04990959,80.21198273,69757,69767,10
13.05010986,80.21195221,69767,69777,10
13.05041981,80.21196747,69777,69787,10
13.05082035,80.21205139,69787,69797,10
13.05165958,80.21204376,69797,69808,11
13.05265999,80.21183777,69808,69818,10
13.0539999,80.21141815,69818,69888,70
13.0539999,80.21141815,69888,69898,10
13.05438995,80.2113266,69898,69939,41
13.05438995,80.2113266,69939,69949,10
13.05453968,80.21134186,69949,69959,10
13.0549202,80.21138763,69959,69969,10
13.05554008,80.21141815,69969,69979,10
13.05628014,80.21141815,69979,69989,10
13.05751991,80.21140289,69989,70009,20
13.05751991,80.21140289,70009,70019,10
13.05784988,80.21138763,70019,70029,10
13.05842018,80.21141815,70029,70040,11
13.05910015,80.21144867,70040,70050,10
13.05986023,80.21150208,70050,70060,10
13.06072044,80.21151733,70060,70070,10
13.06155014,80.21154785,70070,70080,10
13.06235981,80.21154022,70080,70090,10
13.06317997,80.21150208,70090,70109,19
13.06317997,80.21150208,70109,70120,11
13.06350994,80.2115097,70120,70130,10
13.06357002,80.21150208,70130,70140,10
13.06371975,80.21147156,70140,70150,10
13.06373024,80.2114563,70150,70161,11
13.0639801,80.21144867,70161,70171,10
13.06451988,80.21128082,70171,70180,9
13.06509972,80.21096802,70180,70191,11
13.06575966,80.21044922,70191,70201,10
13.06651974,80.20982361,70201,70210,9
13.06707001,80.2091217,70210,70220,10
13.06729984,80.20867157,70220,70231,11
13.06741047,80.20845795,70231,70241,10
13.0676403,80.20809937,70241,70251,10
13.06814003,80.20733643,70251,70261,10
13.06861973,80.20662689,70261,70272,11
13.06908035,80.20590973,70272,70282,10
13.06941986,80.20529938,70282,70292,10
13.06956005,80.20507813,70292,70302,10
13.06960964,80.20497894,70302,70312,10
13.06952953,80.2048111,70312,70322,10
13.06923962,80.2048111,70322,70332,10
13.0690403,80.20510101,70332,70342,10
13.06890011,80.20532227,70342,70352,10
13.06867027,80.20523071,70352,70362,10
13.06853008,80.20516968,70362,70372,10
13.06844044,80.20517731,70372,70382,10
13.06832981,80.20517731,70382,70393,11
13.06807041,80.20517731,70393,70897,504
13.06807041,80.20517731,70897,70907,10
13.06812,80.20494843,70907,70927,20
13.06812,80.20494843,70927,70937,10
13.06840038,80.20490265,70937,70947,10
13.06871986,80.20472717,70947,70998,51
13.06871986,80.20472717,70998,71008,10
13.06900024,80.20469666,71008,71018,10
13.06931973,80.20472717,71018,71078,60
13.06931973,80.20472717,71078,71089,11
13.06949043,80.20480347,71089,71099,10
13.06972027,80.20487976,71099,71109,10
13.0698204,80.20519257,71109,71119,10
13.06956005,80.20558929,71119,71129,10
13.06919956,80.20614624,71129,71139,10
13.06879997,80.20680237,71139,71149,10
13.06836033,80.20751953,71149,71159,10
13.06787968,80.20825195,71159,71169,10
13.06762981,80.20864105,71169,71179,10
13.06760979,80.20867157,71179,71189,10
13.06742001,80.20896912,71189,71200,11
13.06704998,80.20951843,71200,71210,10
13.06661987,80.2099762,71210,71220,10
13.06608009,80.21042633,71220,71230,10
13.06552982,80.21090698,71230,71240,10
13.06503963,80.21130371,71240,71250,10
13.0650301,80.21131134,71250,71260,10
13.06478024,80.21144867,71260,71270,10
13.06429005,80.21163177,71270,71280,10
13.06394005,80.21173096,71280,71310,30
13.06394005,80.21173096,71310,71321,11
13.06379986,80.21172333,71321,71331,10
13.06348038,80.21173096,71331,71347,16
13.0626297,80.21179199,71347,71359,12
13.06196022,80.21173859,71359,71369,10
13.06140041,80.21172333,71369,71379,10
13.06074047,80.21172333,71379,71389,10
13.06007004,80.21170044,71389,71399,10
13.05939007,80.21166229,71399,71409,10
13.05865955,80.2116394,71409,71419,10
13.05825996,80.21163177,71419,71429,10
13.05764008,80.21163177,71429,71450,21
13.05764008,80.21163177,71450,71461,11
13.05737019,80.21161652,71461,71470,9
13.05687046,80.21160889,71470,71481,11
13.05624008,80.21160126,71481,71491,10
13.05541992,80.21159363,71491,71501,10
13.05480003,80.21159363,71501,71511,10
13.05465031,80.21160889,71511,71521,10
13.05440044,80.21161652,71521,71531,10
13.0539999,80.21169281,71531,71541,10
13.0535202,80.21179962,71541,71552,11
13.05292034,80.21195221,71552,71562,10
13.05241966,80.21208954,71562,71572,10
13.0520401,80.21217346,71572,71582,10
13.05146027,80.21221924,71582,71592,10
13.05082035,80.21217346,71592,71602,10
13.05010986,80.21217346,71602,71673,71
13.05010986,80.21217346,71673,71683,10
13.04979038,80.21219635,71683,71693,10
13.04953003,80.21221924,71693,71713,20
13.04953003,80.21221924,71713,71723,10
13.04944992,80.21219635,71723,71733,10
13.04920006,80.21218872,71733,71743,10
13.04878044,80.21218872,71743,71753,10
13.04823017,80.21221924,71753,71763,10
13.04763031,80.21227264,71763,71773,10
13.04677963,80.21231842,71773,71784,11
13.04596996,80.21235657,71784,71794,10
13.04510021,80.21243286,71794,71854,60
13.04510021,80.21243286,71854,71864,10
13.04487991,80.21247101,71864,71874,10
13.04458046,80.21247101,71874,71884,10
13.04428959,80.21246338,71884,71894,10
13.04391003,80.21243286,71894,71905,11
13.04339027,80.21240997,71905,71915,10
13.04283047,80.21240234,71915,71925,10
13.04209995,80.21240997,71925,71935,10
13.04127026,80.21240997,71935,71945,10
13.04030991,80.21240997,71945,71955,10
13.03934002,80.2124176,71955,71965,10
13.03853035,80.21244049,71965,71975,10
13.03791046,80.21247101,71975,72016,41
13.03791046,80.21247101,72016,72026,10
13.03757954,80.21248627,72026,72036,10
13.03722,80.21244049,72036,72046,10
13.03670979,80.21237946,72046,72056,10
13.03600979,80.21237946,72056,72066,10
13.03557014,80.21237946,72066,72076,10
13.03538036,80.21235657,72076,72086,10
13.03520012,80.21234131,72086,72096,10
13.03501034,80.21231079,72096,72106,10
13.03472042,80.21224976,72106,72116,10
13.03452015,80.21219635,72116,72126,10
13.03411961,80.21214294,72126,72147,21
13.03411961,80.21214294,72147,72157,10
13.03388023,80.21211243,72157,72167,10
13.03363037,80.21202087,72167,72177,10
13.03316975,80.21192169,72177,72187,10
13.03256035,80.21182251,72187,72197,10
13.03201962,80.21170807,72197,72207,10
13.03195953,80.21124268,72207,72217,10
13.03201962,80.21060181,72217,72227,10
13.0320797,80.20990753,72227,72237,10
13.03188038,80.20963287,72237,72247,10
13.03141022,80.20948029,72247,72258,11
13.03071022,80.20929718,72258,72268,10
13.03020954,80.20915222,72268,72278,10
13.02972031,80.20900726,72278,72294,16
13.02950001,80.2089386,72294,72306,12
13.02931976,80.20886993,72306,72316,10
13.02880001,80.20874786,72316,72326,10
13.02810955,80.20854187,72326,72336,10
13.02748966,80.20826721,72336,72346,10
13.02700996,80.20797729,72346,72356,10
13.0262804,80.20754242,72356,72366,10
13.02569962,80.20720673,72366,72377,11
13.02474022,80.2069931,72377,72387,10
13.02422047,80.20690155,72387,72397,10
13.02422047,80.20690918,72397,72407,10
13.0240202,80.2068634,72407,72417,10
13.0235796,80.2067337,72417,72427,10
13.02303028,80.20661163,72427,72437,10
13.02223015,80.20648193,72437,72447,10
13.02167034,80.20645905,72447,72457,10
13.02112007,80.20645905,72457,72467,10
13.02038002,80.20646667,72467,72477,10
13.01963997,80.20646667,72477,72488,11
13.01906013,80.20635986,72488,72498,10
13.01904964,80.20635986,72498,72508,10
13.01891041,80.20629883,72508,72518,10
13.01865959,80.20620728,72518,72528,10
13.01834965,80.20610046,72528,72538,10
13.01799965,80.20599365,72538,72548,10
13.01780033,80.20591736,72548,72558,10
13.01747036,80.20575714,72558,72568,10
13.01700974,80.20556641,72568,72578,10
13.01644039,80.20539093,72578,72587,9
13.01578999,80.20516968,72587,72599,12
13.01484013,80.20485687,72599,72609,10
13.0142498,80.20464325,72609,72619,10
13.01424026,80.20462799,72619,72629,10
13.01418972,80.20456696,72629,72639,10
13.01383972,80.20445251,72639,72649,10
13.0135603,80.20446777,72649,72659,10
13.01348972,80.20474243,72659,72669,10
13.01333046,80.20523834,72669,72679,10
13.01313019,80.20588684,72679,72689,10
13.01298046,80.20661926,72689,72699,10
13.01292992,80.20728302,72699,72709,10
13.0128603,80.20774841,72709,72720,11
13.01282978,80.20812988,72720,72730,10
13.01284027,80.20851898,72730,72740,10
13.01288033,80.20881653,72740,72750,10
13.01296043,80.20931244,72750,72760,10
13.01317978,80.20977783,72760,72769,9
13.01311016,80.21029663,72769,72780,11
13.01296043,80.21099091,72780,72790,10
13.01261997,80.21166992,72790,72800,10
13.01231003,80.21218109,72800,72810,10
13.01202965,80.21257782,72810,72820,10
13.01179028,80.2128067,72820,72831,11
13.01150036,80.21264648,72831,72841,10
13.01111031,80.21237183,72841,72851,10
13.01056957,80.21196747,72851,72861,10
13.01008034,80.21157837,72861,72871,10
13.00973988,80.21134186,72871,72881,10
13.00942039,80.21109772,72881,72931,50
13.00942039,80.21109772,72931,72941,10
13.0092001,80.21115112,72941,72952,11
13.00899982,80.21140289,72952,72962,10
13.0089798,80.21166229,72962,72972,10
13.00911999,80.21211243,72972,72982,10
13.00932026,80.21263885,72982,72992,10
13.00948048,80.21308899,72992,73002,10
13.00965023,80.21351624,73002,73012,10
13.00984955,80.21396637,73012,73022,10
13.01004028,80.21444702,73022,73032,10
13.01016045,80.2150116,73032,73042,10
13.01025963,80.21572113,73042,73052,10
13.01058006,80.21643829,73052,73062,10
13.01097965,80.21729279,73062,73073,11
13.01140022,80.21838379,73073,73089,16
13.01196957,80.22001648,73089,73101,12
13.01229954,80.22112274,73101,73111,10
13.0124197,80.22161865,73111,73120,9
13.01272964,80.22207642,73120,73131,11
13.01323986,80.22264099,73131,73141,10
13.01371956,80.22318268,73141,73151,10
13.01414013,80.22368622,73151,73161,10
13.01453972,80.22428131,73161,73171,10
13.01506996,80.22483826,73171,73182,11
13.01541996,80.22538757,73182,73192,10
13.01537991,80.22560883,73192,73202,10
13.01517963,80.22585297,73202,73212,10
13.01474953,80.22602844,73212,73222,10
13.01416969,80.22625732,73222,73232,10
13.01350021,80.22653198,73232,73242,10
13.01274014,80.22682953,73242,73252,10
13.01191044,80.22717285,73252,73262,10
13.01111031,80.22750092,73262,73272,10
13.01031971,80.22779846,73272,73282,10
13.00969982,80.2279892,73282,73292,10
13.00946045,80.22762299,73292,73303,11
13.00967979,80.22714233,73303,73313,10
13.00992966,80.22659302,73313,73323,10
13.01019955,80.22593689,73323,73333,10
13.01047039,80.22528076,73333,73343,10
13.01074982,80.22463226,73343,73353,10
13.01105022,80.22386932,73353,73363,10
13.01123047,80.22337341,73363,73373,10
13.01126003,80.22324371,73373,73383,10
13.01113987,80.22306824,73383,73393,10
13.01076984,80.22290039,73393,73403,10
13.0102396,80.22264862,73403,73414,11
13.00955963,80.22231293,73414,73424,10
13.00887966,80.22194672,73424,73434,10
13.00819969,80.22158051,73434,73444,10
13.00747013,80.22119904,73444,73454,10
13.00671959,80.22078705,73454,73464,10
13.00592041,80.22055817,73464,73474,10
13.00512028,80.22039032,73474,73484,10
13.00452042,80.2202301,73484,73494,10
13.00368023,80.22003937,73494,73504,10
13.00286007,80.21980286,73504,73513,9
13.00218964,80.21929169,73513,73523,10
13.00160027,80.21865845,73523,73535,12
13.00084019,80.21810913,73535,73545,10
13.00032043,80.21775818,73545,73555,10
12.99983978,80.217453,73555,73565,10
12.99925041,80.2171402,73565,73575,10
12.99860001,80.21684265,73575,73585,10
12.99808025,80.21663666,73585,73645,60
12.9976902,80.21659088,73645,73706,61
12.9976902,80.21659088,73706,73716,10
12.99730968,80.21656799,73716,73726,10
12.99715996,80.21656799,73726,73736,10
12.99693012,80.21656036,73736,73746,10
12.99668026,80.21658325,73746,73756,10
12.99647999,80.21659851,73756,73777,21
12.99647999,80.21659851,73777,73787,10
12.99610043,80.21669006,73787,73797,10
12.99586964,80.21674347,73797,73807,10
12.99565029,80.21681213,73807,73827,20
12.99565029,80.21681213,73827,73837,10
12.99530029,80.21692657,73837,73847,10
12.99514961,80.2170105,73847,73857,10
12.99507999,80.21704865,73857,73867,10
12.99491978,80.2171402,73867,73877,10
12.99462032,80.21736145,73877,73888,11
12.9941597,80.2177124,73888,73904,16
12.99363041,80.21811676,73904,73916,12
12.99306965,80.21853638,73916,73926,10
12.99265957,80.21884155,73926,73935,9
12.99228001,80.21910095,73935,73946,11
12.99225998,80.21911621,73946,73956,10
12.99213028,80.2191925,73956,73966,10
12.99203968,80.21926117,73966,73976,10
12.99193954,80.21930695,73976,74007,31
12.99193954,80.21930695,74007,74017,10
12.99166012,80.21952057,74017,74027,10
12.9914999,80.21961975,74027,74037,10
12.99129963,80.21958923,74037,74047,10
12.99088001,80.21941376,74047,74067,20
12.99088001,80.21941376,74067,74077,10
12.99055004,80.2192688,74077,74087,10
12.99003029,80.21911621,74087,74097,10
12.98935986,80.2188797,74097,74107,10
12.98861027,80.21862793,74107,74118,11
12.98791981,80.21845245,74118,74128,10
12.98764038,80.21842194,74128,74138,10
12.98756027,80.21842194,74138,74148,10
12.98738003,80.21839142,74148,74158,10
12.98694038,80.21829224,74158,74168,10
12.98678017,80.21826935,74168,74178,10
12.98672962,80.21826172,74178,74188,10
12.98639011,80.21816254,74188,74198,10
12.98573971,80.21800232,74198,74208,10
12.98490047,80.21795654,74208,74218,10
12.98408031,80.21800232,74218,74269,51
12.98408031,80.21800232,74269,74279,10
12.98357964,80.21803284,74279,74299,20
12.98357964,80.21803284,74299,74309,10
12.98328972,80.21804047,74309,74380,71
12.98289967,80.2180481,74380,74440,60
12.98250008,80.2180481,74440,74622,182
12.98208046,80.21801758,74622,74672,50
12.98208046,80.21801758,74672,74682,10
12.98169041,80.21804047,74682,74693,11
12.98155975,80.21804047,74693,74713,20
12.98155975,80.21804047,74713,74723,10
12.98136044,80.21810913,74723,74733,10
12.98114014,80.21819305,74733,74773,40
12.98114014,80.21819305,74773,74783,10
12.98085976,80.21826935,74783,74793,10
12.98071957,80.21832275,74793,74803,10
12.98042011,80.21842194,74803,74824,21
12.98042011,80.21842194,74824,74834,10
12.98015022,80.21852112,74834,74844,10
12.97994995,80.21859741,74844,74854,10
12.97972965,80.21871948,74854,74864,10
12.97972012,80.21871948,74864,74874,10
12.97955036,80.21878052,74874,75005,131
12.97955036,80.21878052,75005,75015,10
12.97912025,80.21890259,75015,75025,10
12.97894001,80.21894836,75025,75035,10
12.97871971,80.21907043,75035,75046,11
12.97842979,80.21922302,75046,75197,151
12.97842979,80.21922302,75197,75207,10
12.97809029,80.21941376,75207,75217,10
12.97791958,80.21945953,75217,75237,20
12.97770023,80.21952057,75237,75257,20
12.97756958,80.21954346,75257,75308,51
12.97756958,80.21954346,75308,75318,10
12.97716045,80.21974182,75318,75328,10
12.97710037,80.21977234,75328,75338,10
12.97692966,80.219841,75338,75499,161
12.97692966,80.219841,75499,75510,11
12.97663975,80.21997833,75510,75550,40
12.97663975,80.21997833,75550,75560,10
12.97634029,80.22007751,75560,75570,10
12.97630024,80.22010803,75570,75580,10
12.97614956,80.2201767,75580,75590,10
12.97601986,80.22025299,75590,75600,10
12.97579002,80.22032928,75600,75621,21
12.97579002,80.22032928,75621,75631,10
12.97554016,80.22052002,75631,75641,10
12.97552013,80.22077942,75641,75651,10
12.97589016,80.22116089,75651,75792,141
12.97589016,80.22116089,75792,75802,10
12.97612,80.22148895,75802,75812,10
12.97628975,80.22171021,75812,75842,30
12.97628975,80.22171021,75842,75853,11
12.97636986,80.2219162,75853,75863,10
12.97663021,80.22234344,75863,75873,10
12.97698021,80.22286987,75873,75883,10
12.97739029,80.22353363,75883,75893,10
12.97784996,80.22425079,75893,75903,10
12.9781599,80.22473907,75903,75913,10
12.97846985,80.22524261,75913,75923,10
12.97887039,80.22588348,75923,75933,10
12.97922039,80.22646332,75933,75943,10
12.97945976,80.22686005,75943,75953,10
12.97974968,80.22734833,75953,75963,10
12.98013973,80.2279892,75963,75980,17
12.98075962,80.22904205,75980,75991,11
12.98104954,80.22953796,75991,76002,11
12.98171997,80.2305603,76002,76022,20
12.98171997,80.2305603,76022,76032,10
12.98182011,80.2307663,76032,76042,10
12.98198986,80.23124695,76042,76052,10
12.98206043,80.23191833,76052,76062,10
12.98202038,80.23252106,76062,76072,10
12.98159981,80.23358154,76072,76093,21
12.98159981,80.23358154,76093,76103,10
12.98151016,80.23377228,76103,76113,10
12.98128033,80.23429108,76113,76123,10
12.98120975,80.23506927,76123,76133,10
12.98124981,80.23600006,76133,76143,10
12.98128033,80.23708344,76143,76153,10
12.98132038,80.23784637,76153,76163,10
12.98132992,80.23870087,76163,76183,20
12.98132992,80.23870087,76183,76193,10
12.98134041,80.23908234,76193,76204,11
12.98136044,80.23966217,76204,76214,10
12.98136997,80.2401886,76214,76224,10
12.98138046,80.24089813,76224,76234,10
12.98139,80.24172974,76234,76244,10
12.98139,80.24285889,76244,76274,30
12.98139,80.24285889,76274,76284,10
12.98138046,80.24308777,76284,76294,10
12.98138046,80.24330139,76294,76304,10
12.98134995,80.24385071,76304,76315,11
12.98124027,80.24468231,76315,76325,10
12.98112011,80.24558258,76325,76335,10
12.98101044,80.24664307,76335,76345,10
12.98091984,80.24767303,76345,76355,10
12.98081017,80.24900818,76355,76365,10
12.98062992,80.25021362,76365,76375,10
12.98034,80.25126648,76375,76384,9
12.98017025,80.25205994,76384,76394,10
12.9801302,80.25227356,76394,76405,11
12.98011017,80.25232697,76405,76415,10
12.98011971,80.25247955,76415,76425,10
12.98033047,80.25263977,76425,76436,11
12.98075962,80.2526474,76436,76446,10
12.98138046,80.25263214,76446,76456,10
12.98217964,80.25260925,76456,76466,10
12.98318958,80.25254059,76466,76476,10
12.98423958,80.25228882,76476,76486,10
12.98515987,80.25203705,76486,76496,10
12.98598003,80.25180054,76496,76506,10
12.98676014,80.2516098,76506,76516,10
12.9874897,80.25138855,76516,76607,91
12.9874897,80.25138855,76607,76617,10
12.98760033,80.25138092,76617,76627,10
12.98783016,80.25141907,76627,76637,10
12.98795986,80.25177002,76637,76647,10
12.98803997,80.25240326,76647,76657,10
12.98797035,80.25309753,76657,76668,11
12.98785973,80.25424957,76668,76678,10
12.98771954,80.2557373,76678,76920,242
12.98771954,80.2557373,76920,76930,10
12.98770046,80.25582886,76930,76940,10
12.98764038,80.256073,76940,76950,10
12.98758984,80.25662231,76950,76960,10
12.98752975,80.25723267,76960,76970,10
12.98746967,80.25801086,76970,76980,10
12.98740005,80.2589035,76980,76990,10
12.98729038,80.25930786,76990,77000,10
12.98715019,80.2596283,77000,77031,31
12.98715019,80.2596283,77031,77041,10
12.98696995,80.25955963,77041,77051,10
12.98670006,80.25952911,77051,77061,10
12.98655033,80.25930023,77061,77190,129
12.98655033,80.25930023,77190,77200,10
12.98678017,80.25901794,77200,77220,20
12.98678017,80.25901794,77220,77230,10
12.98703957,80.2591095,77230,77311,81
12.98703957,80.2591095,77311,77321,10
12.98736,80.25875854,77321,77331,10
12.98740005,80.25823975,77331,77341,10
12.98744011,80.25775146,77341,77351,10
12.98746967,80.25715637,77351,77362,11
12.98750973,80.25666046,77362,77402,40
12.98750973,80.25666046,77402,77412,10
12.98760986,80.25631714,77412,77428,16
12.98760033,80.25589752,77428,77440,12
12.98771,80.25546265,77440,77450,10
12.98771954,80.25508118,77450,77460,10
12.98771,80.25507355,77460,77470,10
12.98770046,80.25485229,77470,77479,9
12.98773956,80.2543335,77479,77491,12
12.98781013,80.25337982,77491,77501,10
12.9878397,80.25209045,77501,77562,61
12.9878397,80.25209045,77562,77572,10
12.98783016,80.25202179,77572,77583,11
12.98775959,80.25174713,77583,77594,11
12.98756981,80.25164032,77594,77604,10
12.98717976,80.25167847,77604,77614,10
12.98682022,80.25174713,77614,77624,10
12.98626041,80.25187683,77624,77634,10
12.9856596,80.25202179,77634,77644,10
12.98486042,80.25224304,77644,77654,10
12.98394966,80.25248718,77654,77664,10
12.98303986,80.25267792,77664,77674,10
12.98215961,80.25273895,77674,77684,10
12.98130989,80.25274658,77684,77694,10
12.98040962,80.2527771,77694,77704,10
12.97988033,80.2527771,77704,77735,31
12.97988033,80.2527771,77735,77745,10
12.97976971,80.2526474,77745,77755,10
12.97982979,80.25219727,77755,77785,30
12.97982979,80.25219727,77785,77801,16
12.97986984,80.25209045,77801,77813,12
12.97994995,80.25180817,77813,77821,8
12.98007011,80.2514801,77821,77834,13
12.98031998,80.25063324,77834,77844,10
12.98050976,80.24983215,77844,77854,10
12.98064041,80.24893951,77854,77864,10
12.98068047,80.24807739,77864,77874,10
12.98075008,80.24730682,77874,77884,10
12.98083973,80.24638367,77884,77894,10
12.98095989,80.24543762,77894,77904,10
12.98106003,80.24449921,77904,77914,10
12.98110008,80.24404907,77914,77924,10
12.98110008,80.24404144,77924,77935,11
12.98112011,80.24389648,77935,77945,10
12.98122978,80.24362183,77945,77956,11
12.98128033,80.24324036,77956,77966,10
12.98130035,80.24285126,77966,77976,10
12.98130035,80.24279022,77976,77986,10
12.98132038,80.2427063,77986,77996,10
12.98132038,80.24240112,77996,78006,10
12.98130989,80.24199677,78006,78016,10
12.98132038,80.24140167,78016,78026,10
12.98130989,80.24066162,78026,78036,10
12.98130035,80.23983765,78036,78046,10
12.9812603,80.23898315,78046,78056,10
12.98122978,80.23812103,78056,78067,11
12.98122025,80.23786926,78067,78077,10
12.98124027,80.23774719,78077,78087,10
12.98122978,80.23731232,78087,78097,10
12.98120022,80.2366333,78097,78107,10
12.98118019,80.23583221,78107,78117,10
12.98114014,80.2349472,78117,78127,10
12.9812603,80.23404694,78127,78137,10
12.98157978,80.23336029,78137,78147,10
12.98159981,80.23332214,78147,78157,10
12.98171043,80.233078,78157,78167,10
12.9818697,80.23265839,78167,78178,11
12.98192024,80.2321701,78178,78188,10
12.98192024,80.23178101,78188,78198,10
12.98188019,80.23129272,78198,78208,10
12.98173046,80.23075867,78208,78218,10
12.98139954,80.23021698,78218,78228,10
12.98097992,80.229599,78228,78238,10
12.98079014,80.22924805,78238,78248,10
12.98066044,80.22904968,78248,78258,10
12.98058033,80.22888184,78258,78268,10
12.9803896,80.22859955,78268,78278,10
12.98029041,80.22840881,78278,78288,10
12.98017979,80.2281723,78288,78299,11
12.97986031,80.22763824,78299,78309,10
12.9794302,80.22696686,78309,78319,10
12.97896957,80.22618103,78319,78329,10
12.97852993,80.22541809,78329,78339,10
12.97815037,80.224823,78339,78349,10
12.9779501,80.22457123,78349,78359,10
12.97770023,80.22415924,78359,78369,10
12.97741032,80.22360229,78369,78379,10
12.97708035,80.22306824,78379,78389,10
12.97681046,80.22267151,78389,78399,10
12.97651005,80.22213745,78399,78410,11
12.97618008,80.22170258,78410,78420,10
12.97595978,80.22135162,78420,78591,171
12.97595978,80.22135162,78591,78601,10
12.97568989,80.2210083,78601,78642,41
12.97568989,80.2210083,78642,78652,10
12.97537994,80.22080994,78652,78662,10
12.97537994,80.22057343,78662,78672,10
12.97552013,80.22041321,78672,78682,10
12.97568035,80.22028351,78682,78692,10
12.97603989,80.2201004,78692,78702,10
12.97659969,80.21984863,78702,78712,10
12.97731972,80.21955872,78712,78722,10
12.97809982,80.21922302,78722,78732,10
12.97867012,80.21900177,78732,78742,10
12.97929955,80.21875,78742,78752,10
12.97994995,80.2184906,78752,78763,11
12.98071003,80.21819305,78763,78773,10
12.98147011,80.21794128,78773,78783,10
12.98229027,80.2178421,78783,78793,10
12.98268986,80.21785736,78793,78803,10
12.98328018,80.21785736,78803,78813,10
12.98377991,80.21784973,78813,78823,10
12.98388004,80.21784973,78823,78833,10
12.98433018,80.2178421,78833,78843,10
12.98503971,80.21784973,78843,78853,10
12.98587036,80.2179184,78853,78863,10
12.98668003,80.21810913,78863,78874,11
12.98736954,80.21823883,78874,78894,20
12.98736954,80.21823883,78894,78904,10
12.98764992,80.21833801,78904,78914,10
12.98816967,80.21846008,78914,78924,10
12.9885397,80.21855927,78924,78934,10
12.98908043,80.21874237,78934,78944,10
12.98974037,80.21896362,78944,78954,10
12.99050045,80.21923065,78954,78964,10
12.99135017,80.21945953,78964,78974,10
12.99188995,80.21929169,78974,78984,10
12.99244976,80.2188797,78984,78995,11
12.99326038,80.21826172,78995,79005,10
12.9939003,80.21779633,79005,79015,10
12.99425983,80.2175293,79015,79025,10
12.99435997,80.21743774,79025,79035,10
12.99464035,80.21723938,79035,79045,10
12.9950304,80.21697235,79045,79055,10
12.99542046,80.21675873,79055,79065,10
12.99565029,80.21669006,79065,79085,20
12.99565029,80.21669006,79085,79095,10
12.99602985,80.2166214,79095,79116,21
12.99602985,80.2166214,79116,79132,16
12.99652958,80.21655273,79132,79144,12
12.99664974,80.21653748,79144,79154,10
12.99689007,80.21650696,79154,79162,8
12.99703979,80.21647644,79162,79174,12
12.99744987,80.21613312,79174,79194,20
12.99744987,80.21613312,79194,79204,10
12.99767017,80.2159729,79204,79214,10
12.99808979,80.21560669,79214,79226,12
12.99876022,80.21501923,79226,79236,10
12.99915981,80.21468353,79236,79246,10
12.99954033,80.21434784,79246,79256,10
12.99993038,80.21401215,79256,79266,10
13.00037956,80.21360016,79266,79276,10
13.00094032,80.21311951,79276,79286,10
13.00154972,80.21266174,79286,79296,10
13.0021801,80.21224976,79296,79306,10
13.00259972,80.21209717,79306,79315,9
13.00302029,80.21208191,79315,79327,12
13.00358963,80.21199036,79327,79337,10
13.00364017,80.21183777,79337,79347,10
13.00366974,80.21143341,79347,79357,10
13.00362968,80.21080017,79357,79367,10
13.00354004,80.21015167,79367,79377,10
13.00352001,80.2094574,79377,79387,10
13.00370026,80.2087326,79387,79397,10
13.00444984,80.20883179,79397,79407,10
13.00535965,80.20924377,79407,79417,10
13.00621986,80.20954895,79417,79427,10
13.0067997,80.20974731,79427,79437,10
13.00699043,80.20980072,79437,79447,10
13.00734997,80.2098465,79447,79468,21
13.00734997,80.2098465,79468,79478,10
13.00743961,80.2098999,79478,79488,10
13.00782013,80.2099762,79488,79528,40
13.00782013,80.2099762,79528,79538,10
13.00811958,80.2098999,79538,79548,10
13.00804043,80.20948029,79548,79558,10
13.00794029,80.20883179,79558,79568,10
13.00782013,80.20800781,79568,79579,11
13.0076704,80.20700073,79579,79589,10
13.00753975,80.20603943,79589,79599,10
13.00747013,80.20509338,79599,79609,10
13.00747967,80.20433807,79609,79619,10
13.00741005,80.20368195,79619,79629,10
13.00728035,80.20288849,79629,79639,10
13.00673962,80.20259857,79639,79649,10
13.0065403,80.20313263,79649,79659,10
13.00697994,80.20349121,79659,79669,10
13.00759983,80.20368958,79669,79679,10
13.00837994,80.20371246,79679,79690,11
13.00949955,80.20362854,79690,79700,10
13.01062012,80.20362854,79700,79710,10
13.01173019,80.20374298,79710,79720,10
13.01280975,80.20394135,79720,79730,10
13.01371002,80.20420074,79730,79740,10
13.01457024,80.20449829,79740,79750,10
13.01502037,80.20462036,79750,79760,10
13.01511002,80.20465088,79760,79770,10
13.0155201,80.20480347,79770,79780,10
13.01615047,80.20506287,79780,79790,10
13.01683998,80.20516205,79790,79800,10
13.01764011,80.20543671,79800,79810,10
13.01811028,80.20565796,79810,79821,11
13.0187397,80.2059021,79821,79831,10
13.01885033,80.20594788,79831,79841,10
13.01924992,80.20610046,79841,79851,10
13.01988029,80.20623016,79851,79861,10
13.02068996,80.20626068,79861,79871,10
13.02165031,80.20629883,79871,79881,10
13.02262974,80.2064209,79881,79891,10
13.02361965,80.20661163,79891,79901,10
13.02429008,80.20670319,79901,79911,10
13.02437973,80.20671844,79911,79922,11
13.02484035,80.20681763,79922,79932,10
13.0255003,80.20702362,79932,79942,10
13.02622986,80.20739746,79942,79952,10
13.02698994,80.2078476,79952,79962,10
13.02785015,80.20835876,79962,79972,10
13.02888012,80.20867157,79972,79982,10
13.02978039,80.20890808,79982,79992,10
13.03001022,80.2089386,79992,80002,10
13.0303297,80.20903015,80002,80012,10
13.03092003,80.20919037,80012,80022,10
13.03153992,80.20935822,80022,80033,11
13.03168011,80.20939636,80033,80043,10
13.03209972,80.20948792,80043,80053,10
13.03279972,80.20960999,80053,80069,16
13.03409004,80.20989227,80069,80081,12
13.03501987,80.21012878,80081,80091,10
13.03497982,80.21060181,80091,80101,10
13.03501034,80.21109009,80101,80111,10
13.03497028,80.21135712,80111,80121,10
13.03491974,80.21147156,80121,80131,10
13.03489017,80.21167755,80131,80141,10
13.03483963,80.21195984,80141,80152,11
13.03499985,80.21218872,80152,80163,11
13.03547955,80.21224213,80163,80173,10
13.03625965,80.21225739,80173,80183,10
13.03713989,80.21225739,80183,80193,10
13.03812981,80.21225739,80193,80203,10
13.03923988,80.21222687,80203,80213,10
13.04043007,80.21222687,80213,80223,10
13.04166031,80.21221924,80223,80232,9
13.04277992,80.21219635,80232,80243,11
13.04370022,80.21219635,80243,80263,20
13.04370022,80.21219635,80263,80274,11
13.04380989,80.21219635,80274,80284,10
13.04423046,80.21219635,80284,80294,10
13.04485989,80.21219635,80294,80304,10
13.04559994,80.21218109,80304,80314,10
13.04633999,80.21217346,80314,80324,10
13.04706001,80.21212769,80324,80334,10
13.04761028,80.21208954,80334,80344,10
13.04804039,80.21205139,80344,80354,10
13.04804993,80.21205139,80354,80364,10
13.04823017,80.21204376,80364,80374,10
13.04835987,80.21202087,80374,80385,11
13.04841995,80.21202087,80385,80395,10
13.04878998,80.21199036,80395,80405,10
13.04916954,80.21195984,80405,80415,10
13.04946995,80.21195221,80415,80425,10
13.0497303,80.21193695,80425,80441,16
13.05002022,80.21192932,80441,80453,12
13.05021,80.21192932,80453,80461,8
13.05047989,80.21195221,80461,80473,12
13.05097961,80.21205139,80473,80483,10
13.05191994,80.2120285,80483,80493,10
13.05284023,80.21179199,80493,80504,11
13.05395985,80.21148682,80504,80514,10
13.05447006,80.21135712,80514,80524,10
13.05461025,80.21135712,80524,80534,10
13.05498981,80.21138763,80534,80544,10
13.05560017,80.21141815,80544,80554,10
13.05650043,80.21143341,80554,80564,10
13.0573597,80.21143341,80564,80574,10
13.05760002,80.21143341,80574,80584,10
13.05768967,80.21144104,80584,80594,10
13.05809975,80.21143341,80594,80604,10
13.05852032,80.2114563,80604,80614,10
13.05902004,80.21148682,80614,80625,11
13.05980968,80.21154022,80625,80635,10
13.06068993,80.21157837,80635,80645,10
13.0613699,80.21160126,80645,80655,10
13.0619297,80.21163177,80655,80665,10
13.0627203,80.21154022,80665,80675,10
13.06334019,80.21150208,80675,80685,10
13.06355953,80.21148682,80685,80695,10
13.06406021,80.21144867,80695,80705,10
13.06470966,80.21122742,80705,80715,10
13.06536007,80.21083069,80715,80725,10
13.06602001,80.210289,80725,80736,11
13.06678963,80.20960236,80736,80746,10
13.06729984,80.20881653,80746,80756,10
13.06742001,80.20861816,80756,80766,10
13.06758022,80.20835114,80766,80776,10
13.0678997,80.20786285,80776,80786,10
13.06832027,80.20722961,80786,80796,10
13.06879997,80.20648193,80796,80806,10
13.06927967,80.20572662,80806,80816,10
13.06951046,80.20527649,80816,80826,10
13.0696497,80.20500183,80826,80836,10
13.06947994,80.20481873,80836,80846,10
13.06912041,80.20503998,80846,80857,11
13.06869984,80.2053833,80857,80867,10
13.06840038,80.20527649,80867,80877,10
13.06809044,80.2050705,80877,80887,10
13.06820011,80.20501709,80887,81090,203
13.06820011,80.20501709,81090,81100,10
13.06840992,80.20490265,81100,81110,10
13.06877041,80.20474243,81110,81120,10
13.0692997,80.20471191,81120,81130,10
13.06964016,80.20478821,81130,81140,10
13.06972027,80.20485687,81140,81150,10
13.06980991,80.20501709,81150,81160,10
13.06972027,80.20526886,81160,81170,10
13.06939983,80.20574188,81170,81180,10
13.06900024,80.20638275,81180,81189,9
13.06857014,80.2070694,81189,81201,12
13.06795979,80.20806885,81201,81211,10
13.06754017,80.20871735,81211,81221,10
13.06707954,80.20944977,81221,81231,10
13.0664196,80.2101593,81231,81241,10
13.06569958,80.21076202,81241,81251,10
13.06507969,80.21121979,81251,81261,10
13.06445026,80.21157074,81261,81271,10
13.06383991,80.21176147,81271,81281,10
13.0637598,80.21176147,81281,81291,10
13.06352997,80.21176147,81291,81301,10
13.06299973,80.21177673,81301,81312,11
13.06225014,80.21179962,81312,81322,10
13.06153965,80.21173096,81322,81331,9
13.06077957,80.21176147,81331,81341,10
13.05988026,80.21173096,81341,81352,11
13.05877972,80.21169281,81352,81362,10
13.05817032,80.21166992,81362,81372,10
13.05745029,80.2116394,81372,81382,10
13.05659962,80.21163177,81382,81392,10
13.05560017,80.21160889,81392,81402,10
13.05465031,80.21161652,81402,81412,10
13.05416012,80.21167755,81412,81423,11
13.05344009,80.21183777,81423,81433,10
13.05265999,80.21205139,81433,81443,10
13.05191994,80.21224213,81443,81453,10
13.0511198,80.21225739,81453,81463,10
13.05039024,80.21221924,81463,81473,10
13.05012035,80.21218872,81473,81483,10
13.04986,80.2121582,81483,81493,10
13.04961014,80.21217346,81493,81503,10
13.04891968,80.21221161,81503,81513,10
13.04817009,80.21225739,81513,81523,10
13.0474596,80.21233368,81523,81533,10
13.04668999,80.21237183,81533,81543,10
13.04580021,80.21238708,81543,81554,11
13.04452991,80.21247864,81554,81584,30
13.04452991,80.21247864,81584,81594,10
13.04430008,80.21238708,81594,81604,10
13.0444603,80.21225739,81604,81614,10
13.04504013,80.21224213,81614,81624,10
13.0458498,80.21219635,81624,81634,10
13.04673004,80.2121582,81634,81644,10
13.04701996,80.21204376,81644,81654,10
13.04701996,80.21182251,81654,81664,10
13.04701042,80.2113266,81664,81674,10
13.0469799,80.21083069,81674,81685,11
13.04736042,80.21076202,81685,81695,10
13.0479002,80.21077728,81695,81705,10
13.04846954,80.21077728,81705,81715,10
13.04907036,80.21080017,81715,81725,10
13.04953003,80.21080017,81725,81735,10
13.04959011,80.21057892,81735,81745,10
13.04953957,80.21011353,81745,81755,10
13.04946995,80.2095871,81755,81765,10
13.04934978,80.20890808,81765,81775,10
13.04918957,80.20819855,81775,81786,11
13.0489397,80.2074585,81786,81796,10
13.04881001,80.20687866,81796,81806,10
13.04901028,80.20683289,81806,81816,10
13.04938984,80.20680237,81816,81876,60
13.04938984,80.20680237,81876,81886,10
13.04975986,80.20688629,81886,81896,10
13.05000019,80.20687103,81896,81907,11
13.05027008,80.20684052,81907,81917,10
13.0506897,80.20690918,81917,82562,645
13.0506897,80.20690918,82562,82572,10
13.05084038,80.20684814,82572,82582,10
13.05095005,80.20702362,82582,82724,142
13.05066967,80.20709229,82724,82845,121
13.05066967,80.20709229,82845,82855,10
13.05060005,80.20703888,82855,82865,10
13.05018044,80.20684052,82865,82966,101
13.05018044,80.20684052,82966,82976,10
13.05004025,80.20694733,82976,84096,1120
13.04996967,80.20732117,84096,84449,353
13.05004025,80.20697784,84449,84652,203
13.04994011,80.20728302,84652,84804,152
13.05004025,80.20700073,84804,84925,121
13.04998016,80.20729828,84925,84975,50
13.04998016,80.20729828,84975,84985,10
13.05004025,80.2069931,84985,85943,958
13.04994965,80.20716095,85943,86236,293
