13.01420975,80.22547913,11,568,557
13.01424026,80.22554016,568,1065,497
13.0142498,80.22544861,1065,1277,212
13.01430988,80.22554016,1277,1439,162
13.01430988,80.22554016,1439,1449,10
13.01426029,80.22548676,1449,1540,91
13.01430035,80.22541046,1540,1581,41
13.01430035,80.22541809,1581,2584,1003
13.01434994,80.22560883,2584,2675,91
13.01430035,80.22554016,2675,2847,172
13.01434994,80.22547913,2847,3120,273
13.01434994,80.22545624,3120,4467,1347
13.01434994,80.22545624,4467,4477,10
13.01424026,80.22557831,4477,5409,932
13.01438999,80.22547913,5409,5520,111
13.01432037,80.22544098,5520,8174,2654
13.01436043,80.22544098,8174,8650,476
13.01436043,80.22557068,8650,9916,1266
13.01445961,80.22547913,9916,10847,931
13.01436996,80.22554016,10847,11141,294
13.0144701,80.22544098,11141,11374,233
13.01439953,80.22548676,11374,12123,749
13.01441002,80.2254715,12123,12225,102
13.01441002,80.2254715,12225,12235,10
13.01430988,80.22570038,12235,13098,863
13.01445961,80.22543335,13098,13796,698
13.01436043,80.22537231,13796,14029,233
13.01438046,80.22554016,14029,14333,304
13.01438999,80.22540283,14333,15093,760
13.01432991,80.2256012,15093,17574,2481
13.01436043,80.22545624,17574,17766,192
13.01436043,80.22551727,17766,18009,243
13.01428986,80.22535706,18009,18222,213
13.01430988,80.22537231,18222,18536,314
13.01438046,80.22538757,18536,19620,1084
13.01443005,80.22545624,19620,21059,1439
13.01424026,80.22544861,21059,22679,1620
13.01438046,80.22541046,22679,24016,1337
13.01438046,80.22541046,24016,24026,10
13.01428986,80.22576141,24026,24381,355
13.01428986,80.22576141,24381,24391,10
13.01426983,80.22605133,24391,24421,30
13.01426983,80.22605133,24421,24431,10
13.01422024,80.2261734,24431,24441,10
13.01422977,80.22621155,24441,24452,11
13.01395035,80.22638702,24452,24462,10
13.01334,80.22657776,24462,24472,10
13.01259041,80.22688293,24472,24482,10
13.01165009,80.22724152,24482,24492,10
13.01064968,80.22762299,24492,24502,10
13.00969982,80.22782135,24502,24512,10
13.0097599,80.22714233,24512,24522,10
13.01016045,80.22621918,24522,24533,11
13.01064014,80.22512817,24533,24543,10
13.01107025,80.22409821,24543,24553,10
13.01144028,80.22318268,24553,24563,10
13.01169968,80.22228241,24563,24573,10
13.01218033,80.22144318,24573,24583,10
13.01259041,80.22183228,24583,24593,10
13.01323986,80.22236633,24593,24603,10
13.01391029,80.2232132,24603,24613,10
13.01432037,80.22392273,24613,24624,11
13.01509953,80.22473907,24624,24634,10
13.01597023,80.2253418,24634,24644,10
13.01694012,80.22519684,24644,24654,10
13.01805973,80.22476196,24654,24664,10
13.01916981,80.22441101,24664,24674,10
13.01972008,80.22457123,24674,24684,10
13.0197401,80.22457886,24684,24694,10
13.01978016,80.22463989,24694,24705,11
13.0202198,80.2249527,24705,24715,10
13.02081966,80.22535706,24715,24725,10
13.02159977,80.22595978,24725,24735,10
13.02250957,80.2266922,24735,24745,10
13.02338982,80.22747803,24745,24755,10
13.02414036,80.22817993,24755,24765,10
13.02445984,80.228508,24765,24806,41
13.02445984,80.228508,24806,24816,10
13.02445984,80.22862244,24816,24826,10
13.02429008,80.22868347,24826,24836,10
13.02404976,80.22840118,24836,24846,10
13.02359962,80.2278595,24846,24877,31
13.02359962,80.2278595,24877,24887,10
13.02348042,80.2276535,24887,24897,10
13.02322006,80.22743225,24897,24907,10
13.02305984,80.22725677,24907,24917,10
13.02276993,80.22696686,24917,24927,10
13.02264023,80.2268219,24927,24937,10
13.02223969,80.2264328,24937,24948,11
13.02178001,80.2260437,24948,24958,10
13.02145958,80.22579193,24958,24968,10
13.02097988,80.22541046,24968,24978,10
13.01994038,80.22476196,24978,25008,30
13.01994038,80.22476196,25008,25018,10
13.01961994,80.22457123,25018,25029,11
13.01881981,80.22447968,25029,25039,10
13.01790047,80.22485352,25039,25049,10
13.01688004,80.22528076,25049,25059,10
13.01589012,80.22563934,25059,25069,10
13.01496029,80.2259903,25069,25079,10
13.01426983,80.22628021,25079,25089,10
13.01418018,80.22631836,25089,25099,10
13.01375008,80.22647095,25099,25110,11
13.01296043,80.22679901,25110,25120,10
13.01200962,80.22717285,25120,25130,10
13.0110302,80.22754669,25130,25140,10
13.01012993,80.22789764,25140,25150,10
13.00930023,80.22831726,25150,25160,10
13.00899982,80.22933197,25160,25170,10
13.00877953,80.23049164,25170,25180,10
13.00860023,80.23155975,25180,25191,11
13.00835037,80.23274994,25191,25201,10
13.00825977,80.23349762,25201,25211,10
13.00825977,80.23352051,25211,25220,9
13.0081501,80.23375702,25220,25231,11
13.0080204,80.23432159,25231,25241,10
13.00786972,80.23509979,25241,25251,10
13.0076704,80.23609161,25251,25261,10
13.00747967,80.23712158,25261,25272,11
13.0072403,80.23831177,25272,25282,10
13.00702,80.23940277,25282,25292,10
13.00681973,80.24047089,25292,25302,10
13.00667,80.24156952,25302,25312,10
13.00667953,80.24253845,25312,25322,10
13.00667953,80.24340057,25322,25332,10
13.00662994,80.24472046,25332,25343,11
13.00667953,80.24594116,25343,25353,10
13.00671005,80.24658966,25353,25363,10
13.00671959,80.24704742,25363,25373,10
13.00625992,80.24742126,25373,25393,20
13.00625992,80.24742126,25393,25403,10
13.00590038,80.24736023,25403,25413,10
13.00516033,80.24736023,25413,25423,10
13.00424004,80.24743652,25423,25434,11
13.00302029,80.24762726,25434,25444,10
13.00183964,80.24788666,25444,25454,10
13.00061035,80.24820709,25454,25464,10
12.99938011,80.24851227,25464,25474,10
12.99812984,80.24881744,25474,25484,10
12.99685001,80.24909973,25484,25494,10
12.99555016,80.24945831,25494,25504,10
12.99423981,80.24980927,25504,25515,11
12.9927702,80.25016022,25515,25525,10
12.99151039,80.25048828,25525,25535,10
12.99090958,80.25066376,25535,25545,10
12.99069977,80.25067139,25545,25555,10
12.99007988,80.25081635,25555,25565,10
12.98919964,80.2510376,25565,25575,10
12.98814964,80.251297,25575,25585,10
12.98738003,80.25151062,25585,25596,11
12.98645973,80.25177765,25596,25606,10
12.98548031,80.25202179,25606,25616,10
12.98435974,80.25231934,25616,25626,10
12.98328972,80.25257111,25626,25636,10
12.98215008,80.25267029,25636,25646,10
12.98099995,80.25270844,25646,25656,10
12.98023987,80.25276947,25656,25666,10
12.97916031,80.25266266,25666,25677,11
12.97871971,80.25260925,25677,25687,10
12.97854042,80.2525177,25687,25697,10
12.97805023,80.25215912,25697,25707,10
12.97735977,80.2515564,25707,25717,10
12.9763298,80.25115204,25717,25727,10
12.97515965,80.25080109,25727,25737,10
12.97395039,80.25045776,25737,25747,10
12.97268963,80.25012207,25747,25758,11
12.97132015,80.24971771,25758,25768,10
12.97004986,80.24931335,25768,25778,10
12.96879959,80.24881744,25778,25788,10
12.9675703,80.24833679,25788,25798,10
12.96660042,80.24790192,25798,25808,10
12.96568012,80.24754333,25808,25818,10
12.96504974,80.24732971,25818,25828,10
12.96496964,80.24727631,25828,25838,10
12.96450043,80.2470932,25838,25849,11
12.9637804,80.2468338,25849,25859,10
12.96312046,80.246521,25859,25869,10
12.96238995,80.24617004,25869,25879,10
12.96150017,80.24571228,25879,25889,10
12.96057034,80.24530029,25889,25899,10
12.95969009,80.24491882,25899,25909,10
12.95948982,80.24484253,25909,25919,10
12.95921993,80.24472046,25919,25930,11
12.95855999,80.24440765,25930,25940,10
12.95786953,80.24411774,25940,25950,10
12.95716953,80.24382019,25950,25960,10
12.95656967,80.24356079,25960,25980,20
12.95656967,80.24356079,25980,25990,10
12.95621967,80.24339294,25990,26000,10
12.9556303,80.24315643,26000,26011,11
12.95475006,80.24281311,26011,26021,10
12.95396996,80.24250793,26021,26031,10
12.95308018,80.24212646,26031,26041,10
12.95234013,80.24185944,26041,26051,10
12.95182037,80.24167633,26051,26061,10
12.95180035,80.24166107,26061,26071,10
12.95135021,80.24149323,26071,26081,10
12.95063972,80.24125671,26081,26092,11
12.94960022,80.24095917,26092,26102,10
12.94876957,80.24064636,26102,26112,10
12.94787025,80.24027252,26112,26122,10
12.94736958,80.24005127,26122,26132,10
12.94686985,80.23985291,26132,26142,10
12.94614983,80.23954773,26142,26152,10
12.94528008,80.23906708,26152,26162,10
12.94445992,80.23825073,26162,26173,11
12.94353962,80.23725128,26173,26183,10
12.94268036,80.23654938,26183,26193,10
12.94155979,80.23619843,26193,26203,10
12.94042015,80.23593903,26203,26213,10
12.93992996,80.23581696,26213,26223,10
12.93988037,80.23578644,26223,26233,10
12.93943024,80.23558044,26233,26243,10
12.93865013,80.23518372,26243,26254,11
12.93760014,80.23467255,26254,26264,10
12.93651962,80.23416138,26264,26274,10
12.93542004,80.23365784,26274,26284,10
12.93443012,80.23319244,26284,26294,10
12.93410969,80.23300934,26294,26304,10
12.93375015,80.23285675,26304,26314,10
12.93305969,80.23256683,26314,26324,10
12.93212032,80.23222351,26324,26335,11
12.93089008,80.23178101,26335,26345,10
12.92963028,80.23145294,26345,26355,10
12.92831039,80.23121643,26355,26365,10
12.92710972,80.23105621,26365,26375,10
12.92642975,80.23100281,26375,26385,10
12.92615986,80.23098755,26385,26395,10
12.92584038,80.2309494,26395,26405,10
12.92527008,80.23085785,26405,26416,11
12.92442989,80.23075867,26416,26426,10
12.92348957,80.23062897,26426,26436,10
12.92232037,80.23046112,26436,26446,10
12.92105961,80.23027039,26446,26456,10
12.91973019,80.23010254,26456,26466,10
12.91837978,80.2299118,26466,26476,10
12.91705036,80.22973633,26476,26486,10
12.91573048,80.22955322,26486,26497,11
12.91446018,80.22939301,26497,26507,10
12.91355991,80.22930908,26507,26517,10
12.91327953,80.22927094,26517,26527,10
12.91289043,80.22917938,26527,26537,10
12.91221046,80.22907257,26537,26547,10
12.91131973,80.2289505,26547,26557,10
12.91024017,80.22878265,26557,26567,10
12.90902996,80.22859955,26567,26578,11
12.90771961,80.22840118,26578,26588,10
12.90690994,80.22831726,26588,26598,10
12.90680027,80.22831726,26598,26618,20
12.90680027,80.22831726,26618,26628,10
12.90641022,80.22828674,26628,26638,10
12.90571976,80.22823334,26638,26648,10
12.90480042,80.22815704,26648,26659,11
12.90355968,80.22810364,26659,26669,10
12.90244007,80.22805023,26669,26679,10
12.90112019,80.22801208,26679,26719,40
12.90112019,80.22801208,26719,26729,10
12.90104008,80.22798157,26729,26740,11
12.90058041,80.22792053,26740,26750,10
12.89984035,80.22786713,26750,26760,10
12.89941978,80.22786713,26760,26770,10
12.89920044,80.22785187,26770,26780,10
12.89859962,80.22781372,26780,26790,10
12.89778042,80.22776794,26790,26800,10
12.89675999,80.22772217,26800,26810,10
12.89571953,80.22766876,26810,26820,10
12.89463043,80.22763062,26820,26831,11
12.89332962,80.22753143,26831,26841,10
12.89266014,80.22740936,26841,26851,10
12.89225006,80.22737122,26851,26861,10
12.89151955,80.2273407,26861,26871,10
12.89056015,80.22734833,26871,26881,10
12.88939953,80.22736359,26881,26891,10
12.88819981,80.22733307,26891,26901,10
12.88708973,80.22718811,26901,26912,11
12.8859396,80.22691345,26912,26922,10
12.88469028,80.22672272,26922,26932,10
12.8833704,80.22672272,26932,26942,10
12.88199997,80.22673798,26942,26952,10
12.88062954,80.22673798,26952,26962,10
12.87924004,80.22676086,26962,26972,10
12.87798023,80.22685242,26972,26982,10
12.87689972,80.22696686,26982,26993,11
12.87652016,80.22701263,26993,27003,10
12.87619019,80.22702026,27003,27013,10
12.87553024,80.22698212,27013,27023,10
12.87462044,80.22686005,27023,27033,10
12.87355995,80.22673798,27033,27043,10
12.87312031,80.22669983,27043,27053,10
12.87240982,80.22666931,27053,27063,10
12.87145996,80.22666168,27063,27074,11
12.87018967,80.22657776,27074,27084,10
12.86894035,80.22644043,27084,27094,10
12.86765003,80.2264328,27094,27104,10
12.86635971,80.22657776,27104,27114,10
12.86507988,80.22662354,27114,27124,10
12.86376953,80.22657013,27124,27134,10
12.86242008,80.2265625,27134,27144,10
12.86106014,80.22659302,27144,27155,11
12.85955048,80.22641754,27155,27165,10
12.85853958,80.2263031,27165,27175,10
12.85743999,80.22631836,27175,27185,10
12.85624027,80.22644043,27185,27195,10
12.85496998,80.2265625,27195,27205,10
12.85365009,80.2266922,27205,27215,10
12.85227966,80.22669983,27215,27225,10
12.85099983,80.22666931,27225,27236,11
12.85023975,80.22664642,27236,27246,10
12.84992027,80.22663879,27246,27256,10
12.84922028,80.22662354,27256,27266,10
12.84827995,80.22660828,27266,27276,10
12.84712029,80.22662354,27276,27286,10
12.84597015,80.22663116,27286,27296,10
12.84537983,80.22663116,27296,27306,10
12.84521008,80.22662354,27306,27317,11
12.8446703,80.22663116,27317,27327,10
12.84385967,80.22669983,27327,27337,10
12.84282017,80.22688293,27337,27347,10
12.84162998,80.22711182,27347,27357,10
12.84055996,80.22741699,27357,27367,10
12.84004021,80.22760773,27367,27377,10
12.83971977,80.22776794,27377,27387,10
12.83957958,80.22782898,27387,27398,11
12.83907986,80.22792816,27398,27408,10
12.83837986,80.22808838,27408,27418,10
12.83743954,80.22825623,27418,27428,10
12.83627987,80.22841644,27428,27438,10
12.83500957,80.22859955,27438,27448,10
12.83370018,80.22882843,27448,27458,10
12.83222008,80.22911835,27458,27479,21
12.83222008,80.22911835,27479,27489,10
12.83187008,80.22917938,27489,27499,10
12.83119965,80.22936249,27499,27509,10
12.8302803,80.22966766,27509,27519,10
12.82917023,80.23011017,27519,27529,10
12.8280201,80.23071289,27529,27539,10
12.82682991,80.23126984,27539,27549,10
12.82551956,80.23139954,27549,27560,11
12.82404041,80.23121643,27560,27570,10
12.82269955,80.23082733,27570,27580,10
12.82141972,80.23049927,27580,27590,10
12.82021999,80.23049927,27590,27600,10
12.81925964,80.23052216,27600,27610,10
12.81892014,80.23049927,27610,27620,10
12.81863976,80.23040009,27620,27630,10
12.81801987,80.23007965,27630,27641,11
12.8169899,80.22963715,27641,27651,10
12.81579971,80.22940826,27651,27661,10
12.81453991,80.22921753,27661,27671,10
12.81326962,80.22888947,27671,27681,10
12.81198978,80.22843933,27681,27691,10
12.81070042,80.22795868,27691,27701,10
12.80943012,80.22738647,27701,27711,10
12.80832005,80.2265625,27711,27722,11
12.80729008,80.22572327,27722,27732,10
12.80663967,80.22509766,27732,27742,10
12.80589962,80.22442627,27742,27752,10
12.80517006,80.22403717,27752,27762,10
12.80496979,80.22399902,27762,27772,10
12.80457973,80.22393036,27772,27782,10
12.80381966,80.22386932,27782,27792,10
12.80286026,80.22377777,27792,27803,11
12.80156994,80.22363281,27803,27813,10
12.80035019,80.22353363,27813,27823,10
12.79905987,80.22341919,27823,27833,10
12.79769993,80.22325897,27833,27843,10
12.79644966,80.22306061,27843,27853,10
12.79598999,80.22299194,27853,27863,10
12.79568005,80.22290802,27863,27873,10
12.79498959,80.22276306,27873,27883,10
12.79403019,80.22261047,27883,27894,11
12.79275036,80.22242737,27894,27904,10
12.79164028,80.22218323,27904,27914,10
12.7905302,80.22190857,27914,27924,10
12.7894001,80.22158051,27924,27934,10
12.78835011,80.22116852,27934,27944,10
12.78742981,80.22080994,27944,27954,10
12.78672028,80.22054291,27954,27975,21
12.78672028,80.22054291,27975,27985,10
12.78645992,80.22042847,27985,27995,10
12.78617001,80.22045135,27995,28005,10
12.78621006,80.22088623,28005,28015,10
12.78623962,80.22149658,28015,28025,10
12.78629017,80.2219696,28025,28400,375
12.78629017,80.2219696,28400,28410,10
12.78623962,80.22177124,28410,28420,10
12.78623962,80.22164154,28420,28430,10
12.78623009,80.22138977,28430,28440,10
12.78621006,80.22107697,28440,28450,10
12.78623009,80.22100067,28450,28461,11
12.78623009,80.22075653,28461,28471,10
12.78623962,80.22052765,28471,28481,10
12.78623962,80.22046661,28481,28491,10
12.78627014,80.22029877,28491,28501,10
12.78639984,80.22033691,28501,28511,10
12.78654957,80.22042847,28511,28521,10
12.78670025,80.22052765,28521,28531,10
12.78719044,80.22071838,28531,28542,11
12.78802967,80.22103119,28542,28552,10
12.78897953,80.22138214,28552,28562,10
12.78973961,80.2216568,28562,28572,10
12.7903204,80.22181702,28572,28582,10
12.79117966,80.22202301,28582,28592,10
12.7922802,80.22229767,28592,28602,10
12.79358006,80.22251892,28602,28612,10
12.79481983,80.22271729,28612,28623,11
12.79598045,80.22292328,28623,28633,10
12.79695988,80.22309875,28633,28643,10
12.79802036,80.22328186,28643,28653,10
12.7990303,80.22335052,28653,28663,10
12.80014038,80.22345734,28663,28673,10
12.80125999,80.22357941,28673,28683,10
12.80245018,80.22370148,28683,28693,10
12.80335999,80.22383118,28693,28704,11
12.80438995,80.22390747,28704,28714,10
12.80494022,80.22396088,28714,28724,10
12.80496979,80.22396088,28724,28734,10
12.80512047,80.22402191,28734,28744,10
12.80541992,80.22409821,28744,28754,10
12.80558014,80.22415924,28754,28764,10
12.80566978,80.22422791,28764,28774,10
12.80611992,80.22458649,28774,28785,11
12.80687046,80.22525787,28785,28795,10
12.80778027,80.22602844,28795,28805,10
12.80873966,80.22683716,28805,28815,10
12.80986023,80.22756195,28815,28825,10
12.81110954,80.22808838,28825,28835,10
12.81241035,80.2285614,28835,28845,10
12.81373024,80.22899628,28845,28855,10
12.81509972,80.22928619,28855,28866,11
12.81661987,80.22952271,28866,28876,10
12.81793022,80.22998047,28876,28886,10
12.81980038,80.23045349,28886,28906,20
12.81980038,80.23045349,28906,28916,10
12.81999016,80.23046875,28916,28926,10
12.82059956,80.23046875,28926,28936,10
12.82149982,80.23049164,28936,28947,11
12.82273006,80.2307663,28947,28957,10
12.8239603,80.23111725,28957,28967,10
12.82524014,80.23137665,28967,28977,10
12.82654953,80.23132324,28977,28987,10
12.82779026,80.23091125,28987,28997,10
12.82898045,80.23026276,28997,29007,10
12.83022976,80.2297287,29007,29017,10
12.83108997,80.22937775,29017,29028,11
12.83148956,80.22921753,29028,29058,30
12.83148956,80.22921753,29058,29068,10
12.83170033,80.22917175,29068,29078,10
12.83218956,80.22907257,29078,29088,10
12.83296013,80.22894287,29088,29098,10
12.83397961,80.22875214,29098,29109,11
12.83528042,80.22852325,29109,29119,10
12.83654022,80.22831726,29119,29129,10
12.83784962,80.2281189,29129,29139,10
12.83895969,80.2278595,29139,29149,10
12.83946037,80.22776031,29149,29159,10
12.83969975,80.22766876,29159,29169,10
12.84029007,80.22750092,29169,29179,10
12.84111023,80.22727203,29179,29190,11
12.84224987,80.22698212,29190,29200,10
12.84344959,80.22675323,29200,29210,10
12.84467983,80.22657776,29210,29220,10
12.84541988,80.22653198,29220,29230,10
12.84543991,80.22653198,29230,29240,10
12.84556007,80.22653961,29240,29250,10
12.84601974,80.2265625,29250,29260,10
12.84677982,80.22653198,29260,29271,11
12.84780025,80.22653961,29271,29281,10
12.84885025,80.22653198,29281,29291,10
12.84978008,80.22650909,29291,29301,10
12.85009956,80.22650146,29301,29311,10
12.85021973,80.22650909,29311,29321,10
12.85070992,80.22651672,29321,29331,10
12.85146046,80.2265625,29331,29341,10
12.85231972,80.22660828,29341,29351,10
12.85332966,80.22662354,29351,29362,11
12.85453033,80.22650909,29362,29372,10
12.85564995,80.22638702,29372,29382,10
12.85680962,80.22627258,29382,29392,10
12.85785007,80.22618103,29392,29402,10
12.85888958,80.22622681,29402,29412,10
12.86003017,80.22638702,29412,29422,10
12.86071014,80.22647858,29422,29433,11
12.86083984,80.22653198,29433,29443,10
12.86096001,80.22653198,29443,29453,10
12.86137009,80.22654724,29453,29463,10
12.86209965,80.22651672,29463,29473,10
12.86297989,80.22647095,29473,29483,10
12.86404991,80.22648621,29483,29493,10
12.86528969,80.22653961,29493,29503,10
12.8666296,80.22647858,29503,29513,10
12.86802006,80.22634888,29513,29524,11
12.86956024,80.22644806,29524,29534,10
12.87092972,80.22657776,29534,29544,10
12.87185001,80.22663879,29544,29554,10
12.87248039,80.22659302,29554,29564,10
12.87263966,80.22660065,29564,29574,10
12.87275982,80.22660828,29574,29584,10
12.87322998,80.22664642,29584,29594,10
12.87397957,80.2266922,29594,29605,11
12.87497997,80.2268219,29605,29615,10
12.87607002,80.22691345,29615,29625,10
12.87644958,80.22688293,29625,29635,10
12.87679958,80.22686005,29635,29655,20
12.87679958,80.22686005,29655,29665,10
12.87693977,80.22691345,29665,29675,10
12.87742043,80.22686005,29675,29686,11
12.87825966,80.22679138,29686,29696,10
12.87921047,80.22673035,29696,29706,10
12.88033009,80.22669983,29706,29716,10
12.88154984,80.22669983,29716,29726,10
12.88282013,80.22667694,29726,29736,10
12.88409996,80.22666168,29736,29746,10
12.88506031,80.22666168,29746,29756,10
12.8852396,80.22667694,29756,29767,11
12.88535023,80.22672272,29767,29777,10
12.88584042,80.2268219,29777,29787,10
12.88654995,80.22702026,29787,29797,10
12.88743019,80.22720337,29797,29807,10
12.88850021,80.22731018,29807,29817,10
12.8896904,80.22733307,29817,29827,10
12.89083004,80.22733307,29827,29837,10
12.89214993,80.2273407,29837,29848,11
12.89299965,80.22741699,29848,29858,10
12.89391994,80.22753906,29858,29868,10
12.89503002,80.2276001,29868,29878,10
12.89624977,80.2276535,29878,29888,10
12.89754009,80.22770691,29888,29898,10
12.89881992,80.22776794,29898,29908,10
12.89990044,80.22781372,29908,29918,10
12.90038013,80.22789001,29918,29949,31
12.90038013,80.22789001,29949,29959,10
12.90067959,80.22789001,29959,29969,10
12.9010601,80.22792053,29969,29979,10
12.90170002,80.22794342,29979,29989,10
12.90252018,80.22798157,29989,29999,10
12.90297985,80.2279892,29999,30010,11
12.90310001,80.22798157,30010,30020,10
12.90314007,80.22798157,30020,30030,10
12.90355015,80.22801971,30030,30040,10
12.90419006,80.22808075,30040,30050,10
12.90501022,80.22812653,30050,30060,10
12.90596962,80.22815704,30060,30070,10
12.90664005,80.22820282,30070,30080,10
12.90694046,80.22821808,30080,30091,11
12.90705967,80.22824097,30091,30101,10
12.9075098,80.228302,30101,30111,10
12.90818024,80.22841644,30111,30121,10
12.90905952,80.2285614,30121,30131,10
12.91007996,80.22872162,30131,30141,10
12.91125011,80.22891998,30141,30151,10
12.91244984,80.2290802,30151,30161,10
12.91349983,80.2292099,30161,30172,11
12.91394997,80.22926331,30172,30182,10
12.91396046,80.22927856,30182,30192,10
12.91431046,80.22931671,30192,30202,10
12.91489983,80.22940063,30202,30212,10
12.91569996,80.22950745,30212,30222,10
12.91664028,80.22963715,30222,30232,10
12.91763973,80.22978973,30232,30242,10
12.91893005,80.22997284,30242,30252,10
12.9201498,80.23013306,30252,30263,11
12.92152977,80.2303009,30263,30273,10
12.92280006,80.23049927,30273,30283,10
12.9240303,80.23065186,30283,30293,10
12.92525005,80.23078918,30293,30303,10
12.92615986,80.23088074,30303,30313,10
12.92628002,80.23088837,30313,30323,10
12.92642021,80.23091888,30323,30333,10
12.92685986,80.23097992,30333,30344,11
12.92761993,80.23105621,30344,30354,10
12.92846012,80.23116302,30354,30364,10
12.92940998,80.2313385,30364,30374,10
12.93045044,80.23161316,30374,30384,10
12.93155956,80.23194885,30384,30394,10
12.93262005,80.2322998,30394,30404,10
12.93356037,80.23267365,30404,30425,21
12.93356037,80.23267365,30425,30435,10
12.93385983,80.23280334,30435,30445,10
12.93424034,80.23297882,30445,30455,10
12.93480968,80.23323822,30455,30465,10
12.93548965,80.23355865,30465,30475,10
12.93622971,80.23390198,30475,30485,10
12.93708038,80.23430634,30485,30495,10
12.93799973,80.23474884,30495,30506,11
12.93894005,80.23522186,30506,30516,10
12.93957996,80.23551941,30516,30536,20
12.93957996,80.23551941,30536,30546,10
12.93970013,80.23554993,30546,30556,10
12.93999004,80.23571777,30556,30566,10
12.94056988,80.2359314,30566,30576,10
12.94134998,80.23612213,30576,30587,11
12.94229984,80.23635864,30587,30597,10
12.94322014,80.23683167,30597,30607,10
12.94402027,80.23764801,30607,30617,10
12.9448204,80.23854065,30617,30627,10
12.94573975,80.23932648,30627,30637,10
12.94668007,80.23970795,30637,30647,10
12.94713974,80.23988342,30647,30657,10
12.94717979,80.23989868,30657,30668,11
12.94727039,80.23995972,30668,30678,10
12.94754028,80.24006653,30678,30688,10
12.94804001,80.24028015,30688,30698,10
12.94863987,80.24051666,30698,30708,10
12.94871998,80.24056244,30708,30718,10
12.94876957,80.24057007,30718,30728,10
12.9491396,80.2407074,30728,30738,10
12.94970036,80.24091339,30738,30749,11
12.95108032,80.24131775,30749,30769,20
12.95108032,80.24131775,30769,30779,10
12.95121956,80.24140167,30779,30789,10
12.95151043,80.24152374,30789,30799,10
12.95207977,80.24172974,30799,30809,10
12.95298958,80.24208069,30809,30819,10
12.95380974,80.24240112,30819,30830,11
12.95466995,80.2427597,30830,30840,10
12.95524025,80.24297333,30840,30850,10
12.95590019,80.24326324,30850,30860,10
12.95635033,80.24344635,30860,30870,10
12.95646954,80.24349976,30870,30880,10
12.9569397,80.24368286,30880,30890,10
12.95763969,80.24394989,30890,30900,10
12.95841026,80.24424744,30900,30911,11
12.95886993,80.24440765,30911,30921,10
12.95891953,80.24446869,30921,30931,10
12.95923042,80.24462128,30931,30941,10
12.95975018,80.24485016,30941,30951,10
12.96045971,80.24517059,30951,30961,10
12.96129036,80.24555969,30961,30971,10
12.96224976,80.24601746,30971,30981,10
12.96341038,80.24658203,30981,31022,41
12.96341038,80.24658203,31022,31032,10
12.96348953,80.24668121,31032,31042,10
12.96382046,80.2468338,31042,31052,10
12.96434021,80.24703979,31052,31062,10
12.96504974,80.24727631,31062,31073,11
12.96597004,80.24759674,31073,31083,10
12.96662045,80.24784851,31083,31103,20
12.96662045,80.24784851,31103,31113,10
12.96695995,80.2480011,31113,31123,10
12.96745968,80.24826813,31123,31133,10
12.96823025,80.24859619,31133,31143,10
12.96905994,80.24897003,31143,31154,11
12.97014999,80.24938965,31154,31164,10
12.97126961,80.24976349,31164,31174,10
12.97247028,80.25007629,31174,31184,10
12.97369957,80.2503891,31184,31194,10
12.97492981,80.25074005,31194,31204,10
12.97618008,80.251091,31204,31214,10
12.97733974,80.2514801,31214,31224,10
12.97842026,80.25225067,31224,31245,21
12.97842026,80.25225067,31245,31255,10
12.97844982,80.25228119,31255,31265,10
12.97875977,80.25244904,31265,31275,10
12.97953987,80.25266266,31275,31295,20
12.97953987,80.25266266,31295,31305,10
12.97980976,80.25267792,31305,31315,10
12.98009968,80.25270081,31315,31326,11
12.98069,80.25267029,31326,31336,10
12.98149014,80.25263977,31336,31346,10
12.98241043,80.25260162,31346,31356,10
12.98351002,80.25245667,31356,31366,10
12.98464012,80.25216675,31366,31376,10
12.98573971,80.25187683,31376,31386,10
12.98620987,80.25174713,31386,31396,10
12.98622036,80.25174713,31396,31407,11
12.98633957,80.2517395,31407,31417,10
12.98678017,80.25161743,31417,31427,10
12.98721981,80.25148773,31427,31437,10
12.98775959,80.2513504,31437,31447,10
12.98847008,80.2511673,31447,31457,10
12.98960018,80.25084686,31457,31477,20
12.98960018,80.25084686,31477,31488,11
12.98964024,80.25090027,31488,31498,10
12.99001026,80.2508316,31498,31508,10
12.9905901,80.25067902,31508,31518,10
12.99135971,80.25048065,31518,31528,10
12.99225044,80.2502594,31528,31538,10
12.99332047,80.24999237,31538,31548,10
12.99446011,80.24968719,31548,31558,10
12.99559021,80.24939728,31558,31569,11
12.9967804,80.24906921,31569,31589,20
12.9967804,80.24906921,31589,31599,10
12.99703979,80.24900055,31599,31609,10
12.99757004,80.24887848,31609,31619,10
12.9982996,80.24871063,31619,31629,10
12.99915028,80.24849701,31629,31639,10
13.00014019,80.24825287,31639,31650,11
13.00137997,80.24794769,31650,31660,10
13.00257969,80.24767303,31660,31670,10
13.00380039,80.24745178,31670,31680,10
13.00500965,80.24727631,31680,31690,10
13.00603962,80.24701691,31690,31700,10
13.00656986,80.2463913,31700,31720,20
13.00656986,80.2463913,31720,31731,11
13.00660992,80.24607086,31731,31741,10
13.00664997,80.24549866,31741,31751,10
13.00664043,80.24472046,31751,31761,10
13.00664043,80.2438736,31761,31771,10
13.00662041,80.24299622,31771,31781,10
13.00660038,80.24204254,31781,31791,10
13.00664043,80.2410202,31791,31801,10
13.00681973,80.240242,31801,31812,11
13.00708008,80.23898315,31812,31822,10
13.00728989,80.23784637,31822,31832,10
13.00747013,80.23668671,31832,31852,20
13.00747013,80.23668671,31852,31862,10
13.00753975,80.2364502,31862,31872,10
13.00763988,80.23593903,31872,31882,10
13.0078001,80.23525238,31882,31893,11
13.00798988,80.23432159,31893,31903,10
13.00817966,80.23332977,31903,31913,10
13.00841045,80.23217773,31913,31923,10
13.0086298,80.23097229,31923,31933,10
13.00887966,80.22975922,31933,31943,10
13.00907993,80.22881317,31943,31953,10
13.00953007,80.22743988,31953,31963,10
13.01004982,80.22633362,31963,31974,11
13.01047993,80.22548676,31974,31984,10
13.01060009,80.22525787,31984,31994,10
13.01062012,80.22519684,31994,32004,10
13.0108099,80.22480011,32004,32014,10
13.01111984,80.22415924,32014,32024,10
13.01148987,80.22328186,32024,32034,10
13.01183987,80.22225189,32034,32044,10
13.01224995,80.22151947,32044,32054,10
13.01241016,80.22158813,32054,32065,11
13.0127697,80.22216034,32065,32075,10
13.01327991,80.22267151,32075,32085,10
13.01385975,80.2233429,32085,32095,10
13.01434994,80.22393799,32095,32105,10
13.01488018,80.2244873,32105,32115,10
13.01504993,80.22460175,32115,32125,10
13.01517963,80.22470856,32125,32135,10
13.01541996,80.22493744,32135,32146,11
13.01562023,80.22515106,32146,32166,20
13.01562023,80.22515106,32166,32176,10
13.0159502,80.22535706,32176,32186,10
13.01663017,80.22530365,32186,32196,10
13.0174799,80.22499847,32196,32206,10
13.01834011,80.22466278,32206,32216,10
13.01949978,80.22434998,32216,32257,41
13.01949978,80.22434998,32257,32267,10
13.01961994,80.22445679,32267,32277,10
13.0197897,80.22458649,32277,32287,10
13.02005005,80.22476959,32287,32297,10
13.02029991,80.22496796,32297,32308,11
13.02071953,80.22527313,32308,32318,10
13.02112007,80.22554016,32318,32419,101
13.0211401,80.2257309,32419,32996,577
13.0211401,80.2257309,32996,33006,10
13.02120972,80.22589111,33006,33016,10
13.02157974,80.22611237,33016,33026,10
13.02223015,80.22650146,33026,33148,122
13.02223015,80.22650146,33148,33158,10
13.02241039,80.22664642,33158,33168,10
13.02280998,80.22702026,33168,33178,10
13.02330971,80.22749329,33178,33188,10
13.02381039,80.22792053,33188,33199,11
13.02408981,80.22818756,33199,33209,10
13.02418041,80.22830963,33209,33219,10
13.02437973,80.22853851,33219,33269,50
13.02437973,80.22853851,33269,33280,11
13.02429962,80.22859955,33280,33290,10
13.02404976,80.228302,33290,33300,10
13.02371979,80.22792816,33300,33310,10
13.02350998,80.22773743,33310,33320,10
13.02326012,80.22750854,33320,33472,152
13.02326012,80.22750854,33472,33482,10
13.0230999,80.22718048,33482,33492,10
13.02293968,80.22702789,33492,33502,10
13.02248001,80.22659302,33502,33512,10
13.02180004,80.2260437,33512,33523,11
13.02093983,80.22541046,33523,33533,10
13.02025986,80.22493744,33533,33543,10
13.01949024,80.22451019,33543,33553,10
13.01852036,80.22458649,33553,33563,10
13.01758957,80.22499084,33563,33573,10
13.01690006,80.22528839,33573,33583,10
13.01665974,80.22537994,33583,33593,10
13.01651955,80.22545624,33593,33603,10
13.01634026,80.22554016,33603,33614,11
13.01581955,80.22567749,33614,33624,10
13.01527977,80.22588348,33624,33634,10
13.01455975,80.22615814,33634,33644,10
13.01436996,80.22621918,33644,33654,10
13.01393986,80.22635651,33654,33664,10
13.01323986,80.22660828,33664,33674,10
13.01247025,80.22692108,33674,33684,10
13.01148987,80.22731018,33684,33695,11
13.01025963,80.22783661,33695,33705,10
13.00930023,80.22830963,33705,33715,10
13.00903034,80.22917938,33715,33725,10
13.00883961,80.23016357,33725,33735,10
13.00864983,80.23117828,33735,33745,10
13.00844002,80.23217773,33745,33755,10
13.0082798,80.23307037,33755,33765,10
13.00823021,80.23356628,33765,33776,11
13.00815964,80.23374939,33776,33786,10
13.00807953,80.23416901,33786,33796,10
13.00788975,80.2350235,33796,33806,10
13.00771999,80.23594666,33806,33816,10
13.00753975,80.23696136,33816,33826,10
13.00734043,80.23799896,33826,33836,10
13.00716972,80.23890686,33836,33887,51
13.00716972,80.23890686,33887,33897,10
13.00710011,80.23931885,33897,33907,10
13.00695992,80.23990631,33907,33917,10
13.00683975,80.24067688,33917,33927,10
13.00681019,80.24079895,33927,33938,11
13.00671959,80.24133301,33938,33948,10
13.00671959,80.24210358,33948,33958,10
13.00671959,80.24295044,33958,33968,10
13.00669003,80.24382019,33968,33978,10
13.00669956,80.24478912,33978,33988,10
13.00667953,80.24549866,33988,33998,10
13.00671959,80.24595642,33998,34008,10
13.00677967,80.24652863,34008,34019,11
13.00673008,80.24726105,34019,34029,10
13.00634003,80.24738312,34029,34039,10
13.00615025,80.24736786,34039,34049,10
13.00580978,80.24733734,34049,34059,10
13.0051403,80.24733734,34059,34069,10
13.00424004,80.24742126,34069,34079,10
13.00308037,80.24758148,34079,34089,10
13.00185966,80.24781799,34089,34100,11
13.00045967,80.24817657,34100,34110,10
12.99919033,80.2485199,34110,34120,10
12.99818993,80.24881744,34120,34130,10
12.99804974,80.24887848,34130,34140,10
12.99765968,80.24893951,34140,34151,11
12.99695015,80.24906921,34151,34161,10
12.99592972,80.2492981,34161,34171,10
12.9948101,80.24960327,34171,34182,11
12.99347019,80.24997711,34182,34192,10
12.99217033,80.25029755,34192,34203,11
12.99118042,80.25060272,34203,34212,9
12.99106026,80.25064087,34212,34223,11
12.99055958,80.25071716,34223,34233,10
12.98978043,80.25090027,34233,34243,10
12.98878956,80.25113678,34243,34252,9
12.98822021,80.25134277,34252,34314,62
12.98822021,80.25134277,34314,34324,10
12.98814011,80.25134277,34324,34334,10
12.98777962,80.25141907,34334,34345,11
12.98711967,80.2516098,34345,34355,10
12.98633003,80.25183105,34355,34365,10
12.98532963,80.25202942,34365,34375,10
12.98414993,80.25234222,34375,34385,10
12.98289013,80.25260162,34385,34395,10
12.9816103,80.25263977,34395,34405,10
12.98040962,80.25269318,34405,34415,10
12.97961998,80.25263977,34415,34425,10
12.97877979,80.25260162,34425,34436,11
12.9787302,80.25260162,34436,34446,10
12.97846985,80.25247192,34446,34456,10
12.97793007,80.25205231,34456,34466,10
12.97717953,80.25144196,34466,34476,10
12.97605991,80.25106812,34476,34486,10
12.97488022,80.25074005,34486,34496,10
12.97375965,80.25042725,34496,34506,10
12.97253036,80.25009918,34506,34517,11
12.97103024,80.24970245,34517,34527,10
12.96977043,80.24925995,34527,34537,10
12.96854019,80.24877167,34537,34547,10
12.96745014,80.24833679,34547,34557,10
12.96667957,80.24794006,34557,34567,10
12.96588993,80.24755859,34567,34577,10
12.96516991,80.2473526,34577,34587,10
12.96516037,80.24733734,34587,34598,11
12.96494961,80.24723816,34598,34608,10
12.96442986,80.24703979,34608,34618,10
12.96393967,80.24684906,34618,34628,10
12.96356964,80.24669647,34628,34638,10
12.96302032,80.24642944,34638,34648,10
12.96193027,80.24591827,34648,34658,10
12.96086025,80.24542236,34658,34668,10
12.95998001,80.24506378,34668,34679,11
12.95971966,80.24492645,34679,34689,10
12.95960045,80.24482727,34689,34699,10
12.95917988,80.24462128,34699,34709,10
12.95845985,80.24430847,34709,34719,10
12.95781994,80.24404907,34719,34729,10
12.95716,80.24385071,34729,34739,10
12.95654964,80.2436676,34739,34749,10
12.95648956,80.24365997,34749,34760,11
12.95600033,80.24343872,34760,34770,10
12.9552803,80.24304962,34770,34780,10
12.95448971,80.24269867,34780,34790,10
12.95376968,80.24237823,34790,34800,10
12.95300007,80.2420578,34800,34810,10
12.9521904,80.24176788,34810,34820,10
12.9516201,80.24162292,34820,34830,10
12.9513998,80.24154663,34830,34841,11
12.95073986,80.24127197,34841,34851,10
12.94923973,80.2408371,34851,34891,40
12.94923973,80.2408371,34891,34901,10
12.94911957,80.24082947,34901,34911,10
12.94867992,80.24062347,34911,34922,11
12.94783974,80.24028778,34922,34932,10
12.94727993,80.24005127,34932,34952,20
12.94727993,80.24005127,34952,34962,10
12.94692039,80.23983765,34962,34972,10
12.94633007,80.23960876,34972,34982,10
12.94554996,80.23930359,34982,34992,10
12.94476032,80.23861694,34992,35003,11
12.94386005,80.23760223,35003,35013,10
12.94295979,80.23673248,35013,35023,10
12.94172955,80.23625183,35023,35033,10
12.94046974,80.23594666,35033,35043,10
12.93992996,80.23580933,35043,35053,10
12.93988037,80.23578644,35053,35063,10
12.93959999,80.23567963,35063,35073,10
12.93947983,80.23561859,35073,35084,11
12.93890953,80.23535919,35084,35094,10
12.93817997,80.23493958,35094,35104,10
12.93721962,80.23448944,35104,35114,10
12.93628025,80.23403931,35114,35124,10
12.93599033,80.23390961,35124,35134,10
12.93572044,80.23377228,35134,35144,10
12.93511009,80.23348999,35144,35154,10
12.93391037,80.23297882,35154,35175,21
12.93391037,80.23297882,35175,35185,10
12.93375015,80.23287201,35185,35195,10
12.93338966,80.23271942,35195,35205,10
12.93272018,80.23245239,35205,35215,10
12.93183994,80.23213959,35215,35225,10
12.93078995,80.23178864,35225,35235,10
12.92980003,80.23149109,35235,35245,10
12.92883968,80.23130798,35245,35256,11
12.92768955,80.23113251,35256,35266,10
12.92663002,80.23101044,35266,35276,10
12.92564964,80.23088074,35276,35286,10
12.92448997,80.23074341,35286,35296,10
12.92325974,80.23058319,35296,35306,10
12.9219799,80.23040009,35306,35316,10
12.92063046,80.23021698,35316,35326,10
12.91924953,80.23004913,35326,35337,11
12.91771984,80.22984314,35337,35347,10
12.91639996,80.22966766,35347,35357,10
12.91506004,80.22947693,35357,35367,10
12.91388035,80.2293396,35367,35377,10
12.91324043,80.22927856,35377,35387,10
12.91308975,80.2292099,35387,35397,10
12.91263008,80.22911072,35397,35407,10
12.91226006,80.22902679,35407,35418,11
12.91149998,80.22895813,35418,35428,10
12.91057968,80.2288208,35428,35438,10
12.90946007,80.22865295,35438,35448,10
12.90824032,80.22843933,35448,35458,10
12.90684032,80.22828674,35458,35549,91
12.90684032,80.22828674,35549,35559,10
12.90668964,80.22824097,35559,35569,10
12.90627956,80.22817993,35569,35580,11
12.90550041,80.22815704,35580,35590,10
12.9045496,80.2281189,35590,35600,10
12.90342045,80.22808075,35600,35610,10
12.90237045,80.22802734,35610,35620,10
12.90122986,80.22799683,35620,35661,41
12.90122986,80.22799683,35661,35671,10
12.90095043,80.22799683,35671,35681,10
12.90052032,80.22794342,35681,35691,10
12.89993954,80.22789764,35691,35701,10
12.89918995,80.22788239,35701,35711,10
12.8990202,80.22789001,35711,35721,10
12.89898968,80.22789764,35721,35731,10
12.8985796,80.22786713,35731,35742,11
12.89778996,80.22779846,35742,35752,10
12.89688015,80.2277298,35752,35762,10
12.89575958,80.22767639,35762,35772,10
12.89463043,80.22763062,35772,35782,10
12.89373016,80.22756195,35782,35792,10
12.89307976,80.22750854,35792,35802,10
12.8926096,80.22743988,35802,35812,10
12.89206982,80.22738647,35812,35823,11
12.89115047,80.22737122,35823,35833,10
12.89011955,80.22736359,35833,35843,10
12.8891201,80.2273407,35843,35853,10
12.88809013,80.22731018,35853,35863,10
12.88729954,80.22722626,35863,35873,10
12.88640022,80.22702789,35873,35883,10
12.88533974,80.22676086,35883,35893,10
12.88436031,80.22667694,35893,35903,10
12.88306046,80.2266922,35903,35914,11
12.88177013,80.22669983,35914,35924,10
12.88043976,80.22672272,35924,35934,10
12.87934017,80.22673035,35934,35943,9
12.87779999,80.22685242,35943,35954,11
12.87664032,80.22698212,35954,35964,10
12.87642002,80.22699738,35964,35974,10
12.87605953,80.22698975,35974,35984,10
12.87539959,80.22695923,35984,35995,11
12.87440968,80.22683716,35995,36005,10
12.87329006,80.22672272,36005,36015,10
12.87271023,80.22673035,36015,36025,10
12.87257004,80.22672272,36025,36035,10
12.87203979,80.22669983,36035,36045,10
12.87121964,80.22666931,36045,36055,10
12.87020016,80.22660065,36055,36065,10
12.86902046,80.22644806,36065,36076,11
12.86762047,80.22644043,36076,36086,10
12.86631966,80.2265625,36086,36096,10
12.86501026,80.22660065,36096,36106,10
12.86367989,80.22653961,36106,36116,10
12.86235046,80.2265625,36116,36126,10
12.86126041,80.22663116,36126,36136,10
12.86098957,80.22662354,36136,36146,10
12.86071968,80.22659302,36146,36157,11
12.86001968,80.22647858,36157,36167,10
12.85916042,80.22635651,36167,36177,10
12.85846996,80.22628021,36177,36187,10
12.85762024,80.22628021,36187,36197,10
12.85655975,80.22637177,36197,36207,10
12.85534954,80.22647858,36207,36217,10
12.85406971,80.22662354,36217,36227,10
12.85274029,80.22669983,36227,36238,11
12.85140038,80.22664642,36238,36248,10
12.85042,80.22663116,36248,36258,10
12.85015965,80.22663116,36258,36268,10
12.84972954,80.22660828,36268,36278,10
12.84899044,80.22660065,36278,36288,10
12.84799957,80.22660828,36288,36298,10
12.84679031,80.22662354,36298,36308,10
12.84589958,80.22663116,36308,36319,11
12.84547997,80.22663879,36319,36329,10
12.84531975,80.22662354,36329,36339,10
12.8448,80.22662354,36339,36349,10
12.84399033,80.2266922,36349,36359,10
12.84296036,80.22685242,36359,36369,10
12.84173965,80.22708893,36369,36379,10
12.8405304,80.22741699,36379,36389,10
12.83987999,80.22763062,36389,36400,11
12.83963013,80.22769928,36400,36410,10
12.83917046,80.22783661,36410,36420,10
12.83839035,80.2280426,36420,36430,10
12.83742046,80.22823334,36430,36440,10
12.83621979,80.22840881,36440,36450,10
12.83495045,80.22859955,36450,36460,10
12.83370018,80.22882843,36460,36470,10
12.83273029,80.22902679,36470,36481,11
12.83263016,80.22905731,36481,36491,10
12.8322897,80.22908783,36491,36501,10
12.83162022,80.22924805,36501,36511,10
12.83071995,80.22952271,36511,36521,10
12.82958984,80.22994995,36521,36531,10
12.82841969,80.2305069,36531,36541,10
12.82723045,80.23114777,36541,36551,10
12.82600975,80.23135376,36551,36562,11
12.82454967,80.2313385,36562,36572,10
12.82322025,80.23095703,36572,36582,10
12.82190037,80.2305603,36582,36592,10
12.82069016,80.23043823,36592,36602,10
12.81945992,80.23047638,36602,36612,10
12.81832027,80.23020172,36612,36622,10
12.81729984,80.22973633,36622,36632,10
12.81626034,80.22947693,36632,36642,10
12.81507015,80.22930908,36642,36653,11
12.81369972,80.22904205,36653,36663,10
12.81243038,80.22859192,36663,36673,10
12.81114006,80.22810364,36673,36683,10
12.80990028,80.22759247,36683,36693,10
12.80879974,80.22693634,36693,36703,10
12.80776024,80.22606659,36703,36713,10
12.80685043,80.22527313,36713,36723,10
12.80611038,80.22458649,36723,36734,11
12.80539989,80.22408295,36734,36744,10
12.80500031,80.22399902,36744,36754,10
12.80496025,80.22399902,36754,36764,10
12.80455017,80.22393036,36764,36774,10
12.80385017,80.22386169,36774,36784,10
12.80294037,80.22377777,36784,36794,10
12.80187035,80.22364044,36794,36804,10
12.80070972,80.22351074,36804,36815,11
12.79934025,80.22341919,36815,36825,10
12.79798031,80.22328186,36825,36835,10
12.79658985,80.22306061,36835,36845,10
12.79576015,80.2229538,36845,36855,10
12.79572964,80.22293854,36855,36865,10
12.79535961,80.2228775,36865,36875,10
12.79465008,80.22274017,36875,36885,10
12.79370975,80.22257996,36885,36896,11
12.79244041,80.22238159,36896,36906,10
12.79127026,80.22209167,36906,36916,10
12.79016972,80.22181702,36916,36926,10
12.78934002,80.22154999,36926,36936,10
12.78862953,80.22126007,36936,36946,10
12.78787994,80.22094727,36946,36956,10
12.78730965,80.2207489,36956,36966,10
12.78687,80.22059631,36966,36977,11
12.78658009,80.22049713,36977,36997,20
12.78658009,80.22049713,36997,37007,10
12.78647995,80.22045135,37007,37017,10
12.78625965,80.22039032,37017,37027,10
12.78625011,80.22039032,37027,37037,10
12.78619957,80.22058105,37037,37047,10
12.78621006,80.22090912,37047,37058,11
12.78623009,80.2213974,37058,37068,10
12.78627968,80.22212982,37068,37351,283
12.78627968,80.22212982,37351,37361,10
12.78635025,80.22186279,37361,37371,10
12.78633022,80.22177887,37371,37382,11
12.78629017,80.22164154,37382,37392,10
12.78623962,80.22148132,37392,37402,10
12.78623009,80.22144318,37402,37412,10
12.7862196,80.22129822,37412,37422,10
12.78617954,80.22103882,37422,37442,20
12.78617954,80.22103882,37442,37452,10
12.78617001,80.22054291,37452,37463,11
12.78617954,80.22035217,37463,37473,10
12.78649044,80.22039795,37473,37493,20
12.78649044,80.22039795,37493,37503,10
12.78654957,80.22045135,37503,37513,10
12.78689003,80.22059631,37513,37523,10
12.78748035,80.22080994,37523,37533,10
12.78818035,80.22107697,37533,37543,10
12.78915024,80.22145081,37543,37554,11
12.78985977,80.22170258,37554,37564,10
12.79043007,80.22181702,37564,37574,10
12.79121017,80.22202301,37574,37584,10
12.79214001,80.22225189,37584,37594,10
12.79314995,80.22241974,37594,37604,10
12.79424,80.22257233,37604,37614,10
12.79526043,80.2227478,37614,37624,10
12.79601955,80.2228775,37624,37635,11
12.79640961,80.22293854,37635,37645,10
12.79642963,80.22297668,37645,37655,10
12.79681969,80.22305298,37655,37665,10
12.79736042,80.22315216,37665,37675,10
12.79806042,80.22324371,37675,37685,10
12.79872036,80.22332001,37685,37695,10
12.79911041,80.22335815,37695,37705,10
12.79953957,80.2233963,37705,37716,11
12.80031967,80.2234726,37716,37726,10
12.80115986,80.22354126,37726,37736,10
12.80140972,80.22357941,37736,37746,10
12.80161953,80.22361755,37746,37756,10
12.80218983,80.22367859,37756,37766,10
12.80296993,80.22379303,37766,37776,10
12.8038702,80.22386169,37776,37786,10
12.80475998,80.22393036,37786,37797,11
12.80548,80.22408295,37797,37807,10
12.80556965,80.22412109,37807,37817,10
12.80566025,80.22418976,37817,37827,10
12.80599976,80.22447968,37827,37837,10
12.80657959,80.22499847,37837,37847,10
12.80737972,80.22569275,37847,37857,10
12.80828953,80.22647095,37857,37867,10
12.80930042,80.22725677,37867,37878,11
12.81058979,80.22786713,37878,37888,10
12.81186008,80.22834015,37888,37898,10
12.81313992,80.2288208,37898,37908,10
12.81433964,80.22915649,37908,37918,10
12.81562042,80.22936249,37918,37928,10
12.81692028,80.22956848,37928,37938,10
12.81814003,80.23008728,37938,37948,10
12.81927967,80.23046112,37948,37959,11
12.81976032,80.2304306,37959,37969,10
12.82003975,80.2304306,37969,37979,10
12.82069969,80.23042297,37979,37989,10
12.8215704,80.23047638,37989,37999,10
12.82266045,80.23075104,37999,38009,10
12.82376957,80.23107147,38009,38019,10
12.82495022,80.2313385,38019,38029,10
12.82619953,80.23133087,38029,38040,11
12.82756042,80.23098755,38040,38050,10
12.82872009,80.23033905,38050,38060,10
12.82995033,80.22979736,38060,38070,10
12.83096027,80.22937775,38070,38080,10
12.83110046,80.22933197,38080,38090,10
12.83139992,80.22923279,38090,38100,10
12.83166027,80.22914124,38100,38110,10
12.83201981,80.22907257,38110,38121,11
12.83273029,80.22892761,38121,38131,10
12.83362007,80.22879028,38131,38141,10
12.83469009,80.22859192,38141,38151,10
12.83588028,80.22840881,38151,38161,10
12.83714008,80.22821808,38161,38171,10
12.83839035,80.22795868,38171,38179,8
12.83907986,80.22773743,38179,38191,12
12.83957958,80.22756958,38191,38202,11
12.84010029,80.22749329,38202,38212,10
12.84082031,80.22731781,38212,38222,10
12.8416996,80.2270813,38222,38232,10
12.84278011,80.22686768,38232,38242,10
12.84393978,80.22667694,38242,38252,10
12.8454504,80.22653198,38252,38272,20
12.8454504,80.22653198,38272,38283,11
12.84556007,80.22653961,38283,38293,10
12.84574986,80.22654724,38293,38303,10
12.84622002,80.22653961,38303,38313,10
12.84698009,80.22651672,38313,38323,10
12.84786034,80.22651672,38323,38333,10
12.84891987,80.22650909,38333,38343,10
12.84986973,80.22650146,38343,38353,10
12.85013962,80.22647858,38353,38363,10
12.85033989,80.22650146,38363,38374,11
12.85087013,80.22653198,38374,38384,10
12.85163975,80.22653961,38384,38394,10
12.85249996,80.22660065,38394,38404,10
12.85350037,80.22657776,38404,38414,10
12.85464954,80.22647095,38414,38424,10
12.85587025,80.22634888,38424,38434,10
12.85715961,80.22621155,38434,38444,10
12.85832977,80.22618103,38444,38455,11
12.85951042,80.22628784,38455,38465,10
12.86061001,80.22644806,38465,38475,10
12.86172009,80.22648621,38475,38485,10
12.86291027,80.22644043,38485,38495,10
12.86417007,80.22646332,38495,38505,10
12.86551952,80.22650909,38505,38515,10
12.86682987,80.22644043,38515,38525,10
12.86818981,80.22633362,38525,38536,11
12.86972046,80.22646332,38536,38546,10
12.87104988,80.22659302,38546,38556,10
12.87222004,80.22660828,38556,38566,10
12.87275982,80.22659302,38566,38576,10
12.87287045,80.22660065,38576,38586,10
12.87331963,80.22662354,38586,38596,10
12.87403011,80.22666931,38596,38606,10
12.87487984,80.22679138,38606,38617,11
12.87586975,80.22689819,38617,38627,10
12.87631035,80.22689819,38627,38637,10
12.87644958,80.22688293,38637,38647,10
12.87674046,80.22683716,38647,38657,10
12.87681961,80.22683716,38657,38667,10
12.87714958,80.2268219,38667,38677,10
12.87775993,80.22678375,38677,38687,10
12.87858963,80.22672272,38687,38698,11
12.87967968,80.22666931,38698,38708,10
12.88082981,80.22666931,38708,38718,10
12.88202,80.22664642,38718,38728,10
12.88327026,80.22663879,38728,38738,10
12.88444042,80.22662354,38738,38748,10
12.88521004,80.22663116,38748,38758,10
12.88529015,80.22663879,38758,38768,10
12.8856802,80.22673035,38768,38779,11
12.88642025,80.22692871,38779,38789,10
12.88729,80.22711945,38789,38799,10
12.88834953,80.22725677,38799,38809,10
12.88943958,80.22730255,38809,38819,10
12.89060974,80.22730255,38819,38829,10
12.89181995,80.22730255,38829,38839,10
12.89264011,80.22734833,38839,38849,10
12.89360046,80.22747803,38849,38860,11
12.89480019,80.22757721,38860,38870,10
12.89599037,80.22762299,38870,38880,10
12.89719009,80.22766876,38880,38890,10
12.89830017,80.22772217,38890,38900,10
12.89920998,80.2277832,38900,38910,10
12.90001965,80.22779846,38910,38920,10
12.90046978,80.22779846,38920,38951,31
12.90046978,80.22779846,38951,38961,10
12.90069962,80.22783661,38961,38971,10
12.90098,80.22788239,38971,38981,10
12.90135956,80.22792816,38981,38991,10
12.90200043,80.22795105,38991,39001,10
12.90237045,80.22795868,39001,39011,10
12.90237999,80.22795868,39011,39022,11
12.90244007,80.22795105,39022,39032,10
12.90279961,80.22798157,39032,39042,10
12.90342045,80.22801208,39042,39052,10
12.90423965,80.22805023,39052,39062,10
12.90509987,80.22810364,39062,39072,10
12.90581036,80.22814941,39072,39082,10
12.90608978,80.22814941,39082,39133,51
12.90608978,80.22814941,39133,39143,10
12.90629959,80.22808075,39143,39153,10
12.90670013,80.22812653,39153,39163,10
12.90682983,80.22815704,39163,39173,10
12.90713024,80.22821808,39173,39184,11
12.90767002,80.22828674,39184,39194,10
12.90845966,80.22841644,39194,39204,10
12.90939045,80.22856903,39204,39214,10
12.9105196,80.22875977,39214,39224,10
12.91172028,80.22892761,39224,39234,10
12.91285992,80.22910309,39234,39244,10
12.91380024,80.2292099,39244,39254,10
12.91394997,80.22924042,39254,39264,10
12.9140501,80.22927856,39264,39275,11
12.91444969,80.22933197,39275,39285,10
12.91514015,80.22943115,39285,39295,10
12.9160099,80.22955322,39295,39305,10
12.91699028,80.22969818,39305,39315,10
12.91812038,80.22984314,39315,39325,10
12.91932964,80.23001099,39325,39335,10
12.92061996,80.23018646,39335,39345,10
12.92191982,80.23036194,39345,39356,11
12.92337036,80.23058319,39356,39366,10
12.92471981,80.23074341,39366,39376,10
12.92584991,80.23084259,39376,39386,10
12.9262104,80.23088074,39386,39396,10
12.92625999,80.23088837,39396,39406,10
12.92665958,80.2309494,39406,39416,10
12.92731953,80.23104095,39416,39426,10
12.92815971,80.23114014,39426,39437,11
12.92928028,80.2313385,39437,39447,10
12.93043041,80.23164368,39447,39457,10
12.93165016,80.23201752,39457,39467,10
12.93284035,80.23239136,39467,39477,10
12.93356037,80.23268127,39477,39487,10
12.93360996,80.23269653,39487,39497,10
12.9337101,80.23278809,39497,39507,10
12.93402958,80.23293304,39507,39518,11
12.93470001,80.23323059,39518,39528,10
12.93537998,80.23358154,39528,39538,10
12.93599987,80.2338562,39538,39548,10
12.93677044,80.23420715,39548,39558,10
12.9377203,80.23465729,39558,39568,10
12.93879986,80.23519135,39568,39578,10
12.93957043,80.23554993,39578,39588,10
12.93976021,80.23564911,39588,39599,11
12.93984032,80.23571777,39599,39609,10
12.9402504,80.23587799,39609,39619,10
12.9409399,80.23606873,39619,39629,10
12.94178963,80.23625946,39629,39639,10
12.94279003,80.23660278,39639,39649,10
12.9436903,80.23734283,39649,39659,10
12.94449043,80.23815918,39659,39669,10
12.94532967,80.23903656,39669,39680,11
12.94635963,80.23957062,39680,39690,10
12.94701004,80.23983002,39690,39700,10
12.9472599,80.2399292,39700,39710,10
12.94742012,80.24001312,39710,39720,10
12.94787025,80.24019623,39720,39730,10
12.94859028,80.2405014,39730,39750,20
12.94859028,80.2405014,39750,39761,11
12.94884968,80.24060822,39761,39771,10
12.94925022,80.2407608,39771,39781,10
12.94968033,80.24092102,39781,39791,10
12.9503603,80.24114227,39791,39801,10
12.9510498,80.24131775,39801,39811,10
12.95118046,80.2414093,39811,39821,10
12.9512701,80.24143982,39821,39832,11
12.95162964,80.24156952,39832,39842,10
12.95230961,80.2417984,39842,39852,10
12.95308018,80.24208832,39852,39862,10
12.95378971,80.24239349,39862,39872,10
12.95444012,80.24265289,39872,39882,10
12.95503998,80.2428894,39882,39892,10
12.95569992,80.24314117,39892,39902,10
12.95621967,80.24333191,39902,39933,31
12.95621967,80.24333191,39933,39943,10
12.95635986,80.2434082,39943,39953,10
12.95656967,80.24349213,39953,39963,10
12.9571104,80.24372101,39963,39973,10
12.95785046,80.24401855,39973,39983,10
12.95858002,80.24432373,39983,39993,10
12.95874023,80.2443924,39993,40004,11
12.95897007,80.24453735,40004,40014,10
12.95948982,80.24479675,40014,40024,10
12.9602499,80.24513245,40024,40034,10
12.96115017,80.24552917,40034,40044,10
12.96203995,80.24595642,40044,40054,10
12.96249962,80.24617004,40054,40064,10
12.96280003,80.24632263,40064,40074,10
12.96327019,80.24655151,40074,40085,11
12.96368027,80.24677277,40085,40095,10
12.96424961,80.24697113,40095,40105,10
12.96494007,80.2472229,40105,40115,10
12.96568012,80.24745941,40115,40125,10
12.96632957,80.24774933,40125,40135,10
12.96662045,80.24784088,40135,40145,10
12.96683025,80.24793243,40145,40155,10
12.96687984,80.24796295,40155,40166,11
12.9669199,80.24803925,40166,40176,10
12.96718025,80.24817657,40176,40186,10
12.96765995,80.2483902,40186,40196,10
12.96839046,80.24868011,40196,40206,10
12.96924973,80.24900055,40206,40216,10
12.97029972,80.24942017,40216,40226,10
12.97148037,80.24978638,40226,40236,10
12.97272015,80.25012207,40236,40247,11
12.97412014,80.25048828,40247,40257,10
12.97542,80.25083923,40257,40267,10
12.97659969,80.25115967,40267,40277,10
12.97756004,80.25158691,40277,40287,10
12.97826004,80.25215912,40287,40297,10
12.97854996,80.25232697,40297,40307,10
12.97861958,80.25238037,40307,40317,10
12.97904015,80.25254059,40317,40327,10
12.97974968,80.25263977,40327,40338,11
12.98054028,80.25263977,40338,40348,10
12.98145962,80.25260925,40348,40358,10
12.98256016,80.25257111,40358,40368,10
12.98367023,80.25244141,40368,40378,10
12.9847002,80.25215149,40378,40388,10
12.98569012,80.2518692,40388,40398,10
12.98643017,80.25169373,40398,40408,10
12.9868803,80.25157928,40408,40419,11
12.98738003,80.25141907,40419,40429,10
12.9878397,80.251297,40429,40439,10
12.98853016,80.25112152,40439,40449,10
12.98931026,80.2509079,40449,40459,10
12.98945045,80.25090027,40459,40469,10
12.98950005,80.25095367,40469,40479,10
12.98993015,80.25086212,40479,40489,10
12.99063015,80.25067902,40489,40500,11
12.99157047,80.25041962,40500,40510,10
12.99258041,80.25016785,40510,40520,10
12.99368,80.24987793,40520,40530,10
12.9948597,80.24958038,40530,40540,10
12.99600983,80.24928284,40540,40550,10
12.99672031,80.24906158,40550,40560,10
12.99676991,80.24904633,40560,40571,11
12.99701977,80.24899292,40571,40581,10
12.99755001,80.24887085,40581,40591,10
12.9982996,80.24867249,40591,40601,10
12.99925995,80.2484436,40601,40611,10
13.00037956,80.24815369,40611,40621,10
13.00150013,80.24786377,40621,40631,10
13.00228024,80.24767303,40631,40641,10
13.00244045,80.24765778,40641,40651,10
13.0028801,80.24758148,40651,40662,11
13.00366974,80.24743652,40662,40672,10
13.00456047,80.24732208,40672,40682,10
13.00564003,80.24713898,40682,40692,10
13.00638962,80.24668121,40692,40702,10
13.00650024,80.24648285,40702,40712,10
13.00658989,80.24636078,40712,40722,10
13.00667,80.24591827,40722,40732,10
13.00667953,80.24526215,40732,40743,11
13.00666046,80.24446106,40743,40753,10
13.00664997,80.243927,40753,40763,10
13.00660992,80.24320221,40763,40773,10
13.00658035,80.24266052,40773,40783,10
13.00656033,80.24189758,40783,40793,10
13.00656033,80.2412796,40793,40803,10
13.00658989,80.24091339,40803,40813,10
13.00664043,80.24069214,40813,40824,11
13.00675964,80.2401886,40824,40834,10
13.00695992,80.23941803,40834,40844,10
13.00708961,80.23853302,40844,40854,10
13.00726032,80.23773956,40854,40864,10
13.00736046,80.23708344,40864,40874,10
13.00736046,80.23699188,40874,40884,10
13.00739002,80.23686218,40884,40894,10
13.00751972,80.23648071,40894,40905,11
13.00765991,80.23574066,40905,40915,10
13.00782967,80.23490906,40915,40925,10
13.00802994,80.23391724,40925,40935,10
13.00825977,80.2326889,40935,40945,10
13.00852966,80.2313385,40945,40955,10
13.00879955,80.2301178,40955,40965,10
13.00903988,80.22894287,40965,40975,10
13.00926018,80.22795868,40975,40985,10
13.00977039,80.22676086,40985,40996,11
13.01035976,80.22563171,40996,41006,10
13.01084042,80.22467041,41006,41016,10
13.01123047,80.22386169,41016,41026,10
13.0114603,80.22318268,41026,41036,10
13.01179028,80.22229004,41036,41046,10
13.01210976,80.22155762,41046,41056,10
13.01237965,80.22149658,41056,41066,10
13.01274014,80.22196198,41066,41077,11
13.01329994,80.22261047,41077,41087,10
13.01377964,80.22322845,41087,41097,10
13.01424026,80.22377777,41097,41107,10
13.01465034,80.22428131,41107,41117,10
13.01498032,80.22467041,41117,41127,10
13.01546001,80.22498322,41127,41158,31
13.01546001,80.22498322,41158,41168,10
13.01572037,80.22521973,41168,41178,10
13.0160799,80.22537231,41178,41188,10
13.01661968,80.22530365,41188,41198,10
13.01720047,80.22509766,41198,41208,10
13.01793003,80.22480011,41208,41218,10
13.01869011,80.22447968,41218,41228,10
13.01945019,80.22432709,41228,41279,51
13.01945019,80.22432709,41279,41289,10
13.01966,80.22447968,41289,41299,10
13.01992035,80.2246933,41299,41310,11
13.02035046,80.22502136,41310,41320,10
13.02071953,80.22528839,41320,41330,10
13.02130032,80.22573853,41330,41441,111
13.02132034,80.22592926,41441,41694,253
13.02132034,80.22592926,41694,41704,10
13.02138042,80.22599792,41704,41715,11
13.0217104,80.22621918,41715,41725,10
13.02210045,80.22651672,41725,41735,10
13.02268028,80.22698212,41735,41745,10
13.02334023,80.22753906,41745,41755,10
13.02387047,80.22798157,41755,41765,10
13.02416992,80.22827911,41765,41775,10
13.02425003,80.22834778,41775,41785,10
13.02437973,80.22849274,41785,41796,11
13.02420998,80.22859955,41796,41806,10
13.02388,80.22817993,41806,41816,10
13.02342987,80.22772217,41816,42089,273
13.02342987,80.22772217,42089,42099,10
13.02330017,80.22743988,42099,42109,10
13.02305984,80.22720337,42109,42119,10
13.02285957,80.22702026,42119,42130,11
13.02266026,80.22680664,42130,42140,10
13.02248001,80.22663879,42140,42150,10
13.02210045,80.22634125,42150,42160,10
13.02155018,80.22595215,42160,42170,10
13.02103996,80.22557831,42170,42180,10
13.02046967,80.22516632,42180,42190,10
13.01980019,80.22476959,42190,42211,21
13.01980019,80.22476959,42211,42221,10
13.01963997,80.22467804,42221,42231,10
13.01912022,80.22451782,42231,42241,10
13.01836014,80.22466278,42241,42251,10
13.01753998,80.22499847,42251,42261,10
13.01663017,80.22535706,42261,42271,10
13.01589966,80.22561646,42271,42281,10
13.01519966,80.22588348,42281,42292,11
13.01441956,80.22621155,42292,42312,20
13.01441956,80.22621155,42312,42322,10
13.01410007,80.22633362,42322,42332,10
13.01360035,80.22650909,42332,42342,10
13.01288986,80.22679138,42342,42352,10
13.01210022,80.22709656,42352,42362,10
13.01117992,80.22746277,42362,42373,11
13.01014042,80.22789001,42373,42383,10
13.00936985,80.22824097,42383,42393,10
13.00903034,80.22898865,42393,42403,10
13.00881958,80.2300415,42403,42413,10
13.00860977,80.23113251,42413,42423,10
13.00837994,80.2321701,42423,42433,10
13.00817966,80.23358154,42433,42464,31
13.00817966,80.23358154,42464,42474,10
13.00809956,80.23381805,42474,42484,10
13.00800037,80.23429871,42484,42494,10
13.00784969,80.23500824,42494,42504,10
13.00767994,80.23583221,42504,42514,10
13.00751972,80.23674011,42514,42524,10
13.0073204,80.23764801,42524,42534,10
13.00714016,80.23863983,42534,42545,11
13.00704002,80.23940277,42545,42555,10
13.00693035,80.24008179,42555,42565,10
13.00681019,80.24063873,42565,42575,10
13.0067997,80.24067688,42575,42585,10
13.00673962,80.24082184,42585,42595,10
13.00669956,80.24107361,42595,42605,10
13.00667,80.24166107,42605,42615,10
13.00667953,80.24256134,42615,42626,11
13.00664043,80.24331665,42626,42636,10
13.00662994,80.2440033,42636,42646,10
13.0065403,80.24472046,42646,42656,10
13.00671959,80.24555969,42656,42666,10
13.00673962,80.24630737,42666,42676,10
13.00671959,80.24668121,42676,42686,10
13.00667953,80.24723816,42686,42696,10
13.00603008,80.24742889,42696,42727,31
13.00603008,80.24742889,42727,42737,10
13.00578022,80.24729919,42737,42747,10
13.00529003,80.24727631,42747,42757,10
13.00457001,80.24736023,42757,42767,10
13.00378036,80.24746704,42767,42777,10
13.00279045,80.24761963,42777,42788,11
13.00172043,80.24788666,42788,42798,10
13.00072002,80.24815369,42798,42808,10
12.99967003,80.24841309,42808,42818,10
12.99868011,80.24867249,42818,42828,10
12.99806023,80.24886322,42828,42848,20
12.99806023,80.24886322,42848,42858,10
12.99789047,80.24887848,42858,42869,11
12.99742031,80.24897766,42869,42879,10
12.99670982,80.24915314,42879,42889,10
12.99588013,80.24935913,42889,42899,10
12.9948597,80.24961853,42899,42909,10
12.99370003,80.24993896,42909,42919,10
12.99271011,80.25018311,42919,42929,10
12.99139023,80.25052643,42929,42939,10
12.99104977,80.25063324,42939,42950,11
12.99087048,80.25067902,42950,42960,10
12.99044991,80.2507782,42960,42970,10
12.98980045,80.2509613,42970,42980,10
12.98908997,80.25113678,42980,42990,10
12.9885397,80.25125885,42990,43041,51
12.9885397,80.25125885,43041,43051,10
12.98840046,80.25122833,43051,43061,10
12.98797035,80.25138092,43061,43071,10
12.98746967,80.25150299,43071,43081,10
12.98705959,80.25161743,43081,43091,10
12.98649025,80.25177765,43091,43101,10
12.98579979,80.25193787,43101,43112,11
12.98486996,80.25218201,43112,43122,10
12.98406029,80.25240326,43122,43132,10
12.98318958,80.25260162,43132,43142,10
12.98211956,80.25267792,43142,43152,10
12.98099995,80.25270844,43152,43162,10
12.98007011,80.25273895,43162,43172,10
12.97918034,80.25267792,43172,43182,10
12.97856045,80.25257874,43182,43193,11
12.97850037,80.25254059,43193,43203,10
12.9781599,80.25229645,43203,43213,10
12.9776001,80.25180817,43213,43223,10
12.97679043,80.25131989,43223,43233,10
12.97570038,80.25097656,43233,43243,10
12.97451973,80.25063324,43243,43253,10
12.97329998,80.25028992,43253,43263,10
12.97208977,80.25000763,43263,43274,11
12.97074032,80.24964142,43274,43284,10
12.96951008,80.2491684,43284,43294,10
12.96831989,80.24871063,43294,43304,10
12.96720028,80.24822998,43304,43314,10
12.96638012,80.24783325,43314,43324,10
12.96562004,80.24758911,43324,43334,10
12.96508026,80.24736023,43334,43344,10
12.96500015,80.24729156,43344,43355,11
12.96477985,80.24716949,43355,43365,10
12.96420002,80.24698639,43365,43375,10
12.96383953,80.24687958,43375,43385,10
12.96333027,80.2466507,43385,43395,10
12.96261978,80.24627686,43395,43405,10
12.96179008,80.24588013,43405,43415,10
12.9608202,80.24542236,43415,43425,10
12.95979977,80.24497986,43425,43435,10
12.95925045,80.24475861,43435,43446,11
12.9591198,80.24468994,43446,43456,10
12.95868015,80.24449158,43456,43466,10
12.95800018,80.24420166,43466,43476,10
12.9574604,80.24398804,43476,43486,10
12.95681953,80.24378967,43486,43557,71
12.95662022,80.24373627,43557,43648,91
12.95662022,80.24373627,43648,43658,10
12.95611954,80.24358368,43658,43668,10
12.95559025,80.24330139,43668,43678,10
12.95483971,80.24294281,43678,43689,11
12.95382023,80.24250031,43689,43699,10
12.95281029,80.24208832,43699,43709,10
12.95191956,80.24176788,43709,43719,10
12.95176029,80.24170685,43719,43729,10
12.95153046,80.24159241,43729,43739,10
12.95094967,80.24140167,43739,43749,10
12.95014,80.2411499,43749,43759,10
12.9493103,80.24091339,43759,43770,11
12.94865036,80.24063873,43770,43780,10
12.94785976,80.24031067,43780,43790,10
12.94696045,80.2399292,43790,43800,10
12.9460001,80.23953247,43800,43810,10
12.94495964,80.23895264,43810,43820,10
12.94410992,80.23805237,43820,43830,10
12.94322968,80.23710632,43830,43840,10
12.94215012,80.23645782,43840,43851,11
12.94087982,80.23612213,43851,43861,10
12.93995953,80.23587036,43861,43871,10
12.93974972,80.2358017,43871,43881,10
12.93966961,80.23574066,43881,43891,10
12.93922997,80.23552704,43891,43901,10
12.93869019,80.23526001,43901,43911,10
12.93770027,80.23477173,43911,43921,10
12.93682957,80.23435974,43921,43932,11
12.93591976,80.23394012,43932,43942,10
12.93523026,80.23361969,43942,43952,10
12.93445015,80.23326874,43952,43962,10
12.93391037,80.23303223,43962,43972,10
12.93383026,80.23297882,43972,43982,10
12.93344021,80.23278809,43982,43992,10
12.93278027,80.23252106,43992,44002,10
12.93196011,80.23223114,44002,44012,10
12.93099022,80.23191071,44012,44023,11
12.93002987,80.23161316,44023,44033,10
12.92908955,80.23139954,44033,44043,10
12.92800045,80.23123169,44043,44053,10
12.92683983,80.23108673,44053,44063,10
12.92613029,80.23101044,44063,44073,10
12.92593002,80.23097992,44073,44083,10
12.92543983,80.23091888,44083,44093,10
12.92465019,80.23079681,44093,44104,11
12.92378998,80.23069,44104,44114,10
12.92271996,80.23053741,44114,44124,10
12.92148018,80.23036194,44124,44134,10
12.92016983,80.23020172,44134,44144,10
12.91880989,80.23001862,44144,44154,10
12.91744041,80.22985077,44154,44164,10
12.91623974,80.22969818,44164,44174,10
12.91508007,80.22955322,44174,44185,11
12.9139204,80.22940063,44185,44195,10
12.91329002,80.22934723,44195,44205,10
12.91329002,80.2293396,44205,44215,10
12.91327953,80.22931671,44215,44225,10
12.91287041,80.22923279,44225,44235,10
12.91215992,80.22911072,44235,44245,10
12.91121006,80.22898102,44245,44255,10
12.91009998,80.2288208,44255,44266,11
12.90876007,80.22859955,44266,44276,10
12.9076004,80.22841644,44276,44286,10
12.90690041,80.22834015,44286,44337,51
12.90690041,80.22834015,44337,44347,10
12.90680981,80.22828674,44347,44357,10
12.90639019,80.22825623,44357,44367,10
12.90571022,80.22821808,44367,44377,10
12.90482044,80.22817993,44377,44387,10
12.90369987,80.22812653,44387,44397,10
12.90248013,80.22807312,44397,44407,10
12.90104961,80.2279892,44407,44498,91
12.90104961,80.2279892,44498,44509,11
12.90085983,80.22799683,44509,44519,10
12.90046978,80.22796631,44519,44529,10
12.89984035,80.22794342,44529,44539,10
12.89937973,80.22792053,44539,44549,10
12.89885998,80.22792053,44549,44559,10
12.89813995,80.2278595,44559,44569,10
12.89727974,80.2277832,44569,44579,10
12.89628029,80.2277298,44579,44590,11
12.89511013,80.2276535,44590,44600,10
12.89391994,80.22759247,44600,44610,10
12.89272022,80.22743988,44610,44620,10
12.89163971,80.22737122,44620,44630,10
12.89041042,80.22736359,44630,44640,10
12.88914967,80.22736359,44640,44650,10
12.88792992,80.22733307,44650,44660,10
12.88679981,80.22715759,44660,44670,10
12.88564968,80.22688293,44670,44681,11
12.88446045,80.22673035,44681,44691,10
12.88325977,80.22673035,44691,44701,10
12.8822403,80.22675323,44701,44711,10
12.88066959,80.22676086,44711,44721,10
12.87934971,80.22679138,44721,44731,10
12.87816048,80.22685242,44731,44741,10
12.87714005,80.22693634,44741,44751,10
12.87652969,80.22699738,44751,44762,11
12.87644005,80.22698975,44762,44772,10
12.87598038,80.22699738,44772,44782,10
12.87526035,80.2269516,44782,44792,10
12.87434006,80.22683716,44792,44802,10
12.87325001,80.22673798,44802,44812,10
12.87257004,80.22673035,44812,44822,10
12.87254047,80.22673035,44822,44832,10
12.87219048,80.22672272,44832,44843,11
12.87148952,80.2266922,44843,44853,10
12.87063026,80.22664642,44853,44863,10
12.86966038,80.2265625,44863,44873,10
12.86849976,80.2264328,44873,44883,10
12.86725998,80.22647858,44883,44893,10
12.86600971,80.22660828,44893,44903,10
12.86472034,80.22660065,44903,44913,10
12.86367989,80.22657013,44913,44924,11
12.86205959,80.22660828,44924,44934,10
12.86112022,80.22663879,44934,44944,10
12.86096001,80.22662354,44944,44954,10
12.86056995,80.22657776,44954,44964,10
12.85991955,80.22648621,44964,44974,10
12.85906982,80.22635651,44974,44984,10
12.85838032,80.22628021,44984,44995,11
12.85758018,80.22627258,44995,45005,10
12.85649967,80.22637939,45005,45015,10
12.85534954,80.22650146,45015,45025,10
12.85410976,80.22663879,45025,45035,10
12.85280991,80.22672272,45035,45045,10
12.85153961,80.22669983,45045,45055,10
12.85044956,80.22664642,45055,45065,10
12.84996033,80.22663116,45065,45075,10
12.84984016,80.22662354,45075,45086,11
12.84928989,80.22660828,45086,45096,10
12.84848976,80.22660828,45096,45106,10
12.84749985,80.22660828,45106,45116,10
12.84638023,80.22663879,45116,45126,10
12.84582996,80.22663879,45126,45136,10
12.84543991,80.22664642,45136,45146,10
12.84537983,80.22664642,45146,45156,10
12.84498978,80.22663879,45156,45167,11
12.84438038,80.22669983,45167,45177,10
12.84350014,80.22679901,45177,45187,10
12.84247971,80.22701263,45187,45197,10
12.84130955,80.22721863,45197,45207,10
12.84031963,80.22750854,45207,45217,10
12.8398304,80.22762299,45217,45227,10
12.83965015,80.22769165,45227,45237,10
12.8392601,80.22779846,45237,45248,11
12.83848,80.22799683,45248,45258,10
12.83761024,80.22818756,45258,45268,10
12.8365097,80.22837067,45268,45278,10
12.83528996,80.2285614,45278,45288,10
12.83399963,80.22879028,45288,45298,10
12.83232021,80.22914124,45298,45318,20
12.83232021,80.22914124,45318,45329,11
12.83213997,80.22917175,45329,45339,10
12.83164024,80.22927856,45339,45349,10
12.83086967,80.22949982,45349,45359,10
12.82995033,80.22982788,45359,45369,10
12.82886028,80.23027802,45369,45379,10
12.82773018,80.23088837,45379,45389,10
12.82651997,80.23133087,45389,45399,10
12.82520962,80.23142242,45399,45409,10
12.8238802,80.23119354,45409,45420,11
12.82244015,80.23074341,45420,45430,10
12.82116032,80.23047638,45430,45440,10
12.81999969,80.23049164,45440,45450,10
12.81919003,80.23052216,45450,45460,10
12.81890011,80.23049164,45460,45470,10
12.8183403,80.23026276,45470,45480,10
12.81754017,80.22987366,45480,45490,10
12.81647968,80.22952271,45490,45501,11
12.81513023,80.22931671,45501,45511,10
12.8138504,80.22907257,45511,45521,10
12.81256962,80.2286377,45521,45531,10
12.81126976,80.2281723,45531,45541,10
12.8100996,80.22769928,45541,45551,10
12.80897999,80.22711945,45551,45561,10
12.80795956,80.22627258,45561,45571,10
12.80696011,80.22538757,45571,45582,11
12.80605984,80.22460175,45582,45592,10
12.80537987,80.22412109,45592,45602,10
12.80490017,80.22400665,45602,45612,10
12.8046999,80.22395325,45612,45622,10
12.80412006,80.22390747,45622,45632,10
12.80331993,80.22383118,45632,45642,10
12.80230045,80.22370911,45642,45652,10
12.80128956,80.22361755,45652,45663,11
12.8008604,80.22357941,45663,45673,10
12.80033016,80.22353363,45673,45683,10
12.79953003,80.22348022,45683,45693,10
12.79856968,80.2233963,45693,45703,10
12.79738998,80.22324371,45703,45713,10
12.79625988,80.22299194,45713,45723,10
12.79500961,80.22276306,45723,45733,10
12.79376984,80.22257233,45733,45744,11
12.79249954,80.22238159,45744,45754,10
12.79150009,80.22212982,45754,45764,10
12.79059982,80.22190857,45764,45774,10
12.78973961,80.22168732,45774,45784,10
12.78927994,80.22154999,45784,45794,10
12.78872013,80.22133636,45794,45804,10
12.78814983,80.22112274,45804,45814,10
12.78775978,80.22099304,45814,45825,11
12.78717041,80.2207489,45825,45835,10
12.78682041,80.2206192,45835,45845,10
12.78664017,80.22054291,45845,45865,20
12.78664017,80.22054291,45865,45875,10
12.78652,80.22045898,45875,45885,10
12.78619957,80.22038269,45885,45906,21
12.78619957,80.22038269,45906,45916,10
12.78614044,80.22068787,45916,45926,10
12.78612995,80.22078705,45926,45936,10
12.78610992,80.22116852,45936,45946,10
12.78617954,80.22154236,45946,45956,10
12.78617001,80.22193146,45956,46392,436
12.7863102,80.2219696,46392,46412,20
12.78623962,80.22193909,46412,46847,435
12.78623962,80.22193909,46847,46857,10
12.78619003,80.22177124,46857,46867,10
12.7862196,80.22158813,46867,46877,10
12.78619003,80.22135925,46877,46888,11
12.78619957,80.22097778,46888,46898,10
12.78617954,80.22059631,46898,46908,10
12.78625965,80.22038269,46908,46948,40
12.78625965,80.22038269,46948,46958,10
12.78656006,80.22049713,46958,46969,11
12.78670979,80.22055054,46969,46979,10
12.78689957,80.22062683,46979,46989,10
12.78713989,80.22073364,46989,46999,10
12.7876997,80.22091675,46999,47009,10
12.78843021,80.22119904,47009,47019,10
12.78921986,80.22149658,47019,47029,10
12.78981972,80.22171783,47029,47039,10
12.79055977,80.22187805,47039,47050,11
12.79148006,80.22210693,47050,47060,10
12.79234028,80.22231293,47060,47070,10
12.79337025,80.2224884,47070,47080,10
12.79459,80.22265625,47080,47090,10
12.79568005,80.22283936,47090,47100,10
12.79638004,80.2229538,47100,47120,20
12.79638004,80.2229538,47120,47131,11
12.79664993,80.2230072,47131,47141,10
12.79720974,80.22312164,47141,47151,10
12.79798985,80.22324371,47151,47161,10
12.79883957,80.22332764,47161,47171,10
12.79988003,80.22344208,47171,47181,10
12.80095959,80.22353363,47181,47191,10
12.80150032,80.22357941,47191,47202,11
12.80195045,80.22364044,47202,47212,10
12.80266953,80.22373199,47212,47222,10
12.80348969,80.22383118,47222,47232,10
12.80416012,80.22389221,47232,47242,10
12.80459023,80.22392273,47242,47262,20
12.80459023,80.22392273,47262,47272,10
12.80473995,80.22395325,47272,47283,11
12.80513,80.22402954,47283,47293,10
12.80548,80.22412109,47293,47303,10
12.80564022,80.22422028,47303,47313,10
12.8060503,80.2245636,47313,47323,10
12.80667973,80.22511292,47323,47333,10
12.80739975,80.22573853,47333,47343,10
12.80819035,80.22641754,47343,47353,10
12.80908966,80.22714996,47353,47363,10
12.81002045,80.22763824,47363,47374,11
12.81105995,80.22805023,47374,47384,10
12.81210041,80.22843933,47384,47394,10
12.81324959,80.22885895,47394,47404,10
12.8144598,80.22917938,47404,47414,10
12.81575966,80.22937012,47414,47424,10
12.81706047,80.22962189,47424,47434,10
12.81820011,80.2301178,47434,47444,10
12.81919003,80.23045349,47444,47454,10
12.81993961,80.23042297,47454,47475,21
12.81993961,80.23042297,47475,47485,10
12.82040977,80.23040009,47485,47495,10
12.82114983,80.23040009,47495,47505,10
12.8220396,80.23052216,47505,47515,10
12.82281971,80.23075867,47515,47525,10
12.82380009,80.23105621,47525,47535,10
12.82495975,80.23130798,47535,47546,11
12.82637024,80.23130035,47546,47556,10
12.82761955,80.23091888,47556,47566,10
12.8288002,80.23026276,47566,47576,10
12.83006001,80.22975159,47576,47586,10
12.83100986,80.2293396,47586,47596,10
12.83113003,80.22930145,47596,47606,10
12.83141994,80.22921753,47606,47616,10
12.83195972,80.22907257,47616,47627,11
12.83281994,80.22889709,47627,47637,10
12.83382034,80.22872925,47637,47647,10
12.83498001,80.22853851,47647,47657,10
12.83621025,80.22834778,47657,47667,10
12.83749008,80.22814941,47667,47677,10
12.83858967,80.2279129,47677,47687,10
12.83940029,80.2276001,47687,47718,31
12.83940029,80.2276001,47718,47728,10
12.83957005,80.22754669,47728,47738,10
12.83985996,80.22750854,47738,47748,10
12.84039974,80.22740173,47748,47758,10
12.84119034,80.227211,47758,47768,10
12.84216022,80.22696686,47768,47778,10
12.84333992,80.22676086,47778,47789,11
12.84455013,80.22660065,47789,47799,10
12.84531975,80.22653198,47799,47809,10
12.84543991,80.22651672,47809,47819,10
12.84572983,80.22650909,47819,47839,20
12.84572983,80.22650909,47839,47849,10
12.84615993,80.22653198,47849,47859,10
12.84681988,80.22651672,47859,47870,11
12.84776974,80.22650146,47870,47880,10
12.84879971,80.22650146,47880,47890,10
12.84967041,80.22648621,47890,47900,10
12.85011959,80.22648621,47900,47910,10
12.85013008,80.22648621,47910,47920,10
12.85027027,80.22648621,47920,47930,10
12.85076046,80.22650146,47930,47940,10
12.85107994,80.22650146,47940,47951,11
12.85175991,80.22653961,47951,47961,10
12.85264015,80.22657776,47961,47971,10
12.85373974,80.22654724,47971,47981,10
12.85496044,80.2264328,47981,47991,10
12.85624027,80.22628784,47991,48001,10
12.85758018,80.2261734,48001,48011,10
12.85883999,80.22619629,48011,48021,10
12.86007977,80.22635651,48021,48032,11
12.86081028,80.22646332,48032,48042,10
12.86081982,80.22647095,48042,48052,10
12.86106968,80.22648621,48052,48062,10
12.86168003,80.22647858,48062,48072,10
12.86252975,80.22644806,48072,48082,10
12.86355972,80.2264328,48082,48092,10
12.8647604,80.22650146,48092,48102,10
12.86579037,80.22651672,48102,48113,11
12.86703014,80.22641754,48113,48123,10
12.86822987,80.22631836,48123,48133,10
12.86954021,80.22641754,48133,48143,10
12.87088013,80.2265625,48143,48153,10
12.87209988,80.22657776,48153,48163,10
12.87271976,80.22657776,48163,48173,10
12.87273026,80.22657776,48173,48183,10
12.87283993,80.22660065,48183,48193,10
12.87308979,80.22660065,48193,48204,11
12.87333965,80.22662354,48204,48214,10
12.87392998,80.22666931,48214,48224,10
12.87475014,80.22676849,48224,48234,10
12.87572956,80.22686768,48234,48244,10
12.87639999,80.22686768,48244,48253,9
12.87677956,80.22682953,48253,48264,11
12.87689972,80.22682953,48264,48274,10
12.87751007,80.22679138,48274,48285,11
12.87839985,80.22672272,48285,48295,10
12.87940979,80.22666931,48295,48305,10
12.88057995,80.22664642,48305,48315,10
12.88183975,80.22663879,48315,48325,10
12.88313961,80.22663116,48325,48335,10
12.88432026,80.22662354,48335,48345,10
12.88510036,80.22660828,48345,48355,10
12.88519955,80.22660828,48355,48366,11
12.88560009,80.2266922,48366,48376,10
12.88626003,80.22686005,48376,48386,10
12.88710022,80.22705841,48386,48396,10
12.88799,80.22721863,48396,48406,10
12.88910007,80.22727966,48406,48416,10
12.89033985,80.22727966,48416,48426,10
12.89153957,80.22727966,48426,48436,10
12.89227009,80.22731781,48436,48467,31
12.89227009,80.22731781,48467,48477,10
12.89338017,80.22743988,48477,48487,10
12.89338017,80.22743988,48487,48497,10
12.89418983,80.22753143,48497,48507,10
12.89498997,80.22754669,48507,48518,11
12.89587975,80.22756958,48518,48528,10
12.89710045,80.22762299,48528,48538,10
12.8983202,80.22769165,48538,48550,12
12.89958,80.22776794,48550,48560,10
12.90063,80.22783661,48560,48570,10
12.90132999,80.22789764,48570,48580,10
12.90172005,80.2279129,48580,48590,10
12.90203953,80.22792053,48590,48599,9
12.90242004,80.22792053,48599,48611,12
12.90252972,80.22792816,48611,48621,10
12.90272045,80.22795105,48621,48631,10
12.90328979,80.22799683,48631,48641,10
12.9040699,80.22805023,48641,48651,10
12.90491962,80.22810364,48651,48661,10
12.90573025,80.22811127,48661,48671,10
12.90590954,80.2281189,48671,48681,10
12.90612984,80.22812653,48681,48692,11
12.90651035,80.22810364,48692,48722,30
12.90651035,80.22810364,48722,48732,10
12.90678978,80.22814941,48732,48742,10
12.90732956,80.22824097,48742,48752,10
12.90814972,80.22837067,48752,48762,10
12.90919971,80.2285614,48762,48773,11
12.91053963,80.22875977,48773,48783,10
12.91180038,80.2289505,48783,48793,10
12.91300011,80.22911072,48793,48803,10
12.91378975,80.2292099,48803,48813,10
12.91384029,80.22921753,48813,48823,10
12.9141798,80.22928619,48823,48833,10
12.91477966,80.22939301,48833,48843,10
12.91561031,80.22952271,48843,48854,11
12.91676044,80.22968292,48854,48864,10
12.91790962,80.22984314,48864,48874,10
12.91911983,80.2299881,48874,48884,10
12.92041016,80.23016357,48884,48894,10
12.92173958,80.23032379,48894,48904,10
12.92308998,80.23052979,48904,48914,10
12.92446041,80.23071289,48914,48924,10
12.92582989,80.23088074,48924,48935,11
12.92696953,80.23101044,48935,48945,10
12.9280901,80.23114014,48945,48955,10
12.92905998,80.23129272,48955,48965,10
12.93006039,80.23152161,48965,48975,10
12.93120003,80.23184967,48975,48985,10
12.93237972,80.23223114,48985,48995,10
12.93338013,80.23258209,48995,49005,10
12.93365955,80.23269653,49005,49015,10
12.93377972,80.23278046,49015,49026,11
12.93424034,80.23297882,49026,49036,10
12.93498039,80.23332214,49036,49046,10
12.93558979,80.23358154,49046,49056,10
12.93564034,80.2335968,49056,49066,10
12.93589973,80.23370361,49066,49076,10
12.93640041,80.23394012,49076,49086,10
12.93712044,80.23429871,49086,49096,10
12.93801975,80.23474884,49096,49107,11
12.93974018,80.23564911,49107,49127,20
12.93974018,80.23564911,49127,49137,10
12.94005966,80.2358017,49137,49147,10
12.94069958,80.23599243,49147,49157,10
12.94157982,80.2361908,49157,49167,10
12.94260025,80.2365036,49167,49177,10
12.94353008,80.23719788,49177,49188,11
12.94447041,80.23822021,49188,49198,10
12.94542027,80.23912811,49198,49208,10
12.9464798,80.23963165,49208,49218,10
12.94731045,80.23995972,49218,49228,10
12.94736004,80.2399826,49228,49238,10
12.94754028,80.24005127,49238,49248,10
12.94804955,80.24025726,49248,49259,11
12.94874001,80.24051666,49259,49299,40
12.94874001,80.24051666,49299,49309,10
12.94898987,80.24062347,49309,49319,10
12.94939995,80.24080658,49319,49329,10
12.95013046,80.24104309,49329,49339,10
12.95088005,80.24124146,49339,49350,11
12.95108032,80.24131775,49350,49360,10
12.95125961,80.24143982,49360,49370,10
12.95176983,80.24163055,49370,49380,10
12.9524498,80.24188232,49380,49389,9
12.95318985,80.24214935,49389,49400,11
12.95423985,80.24256897,49400,49410,10
12.9549799,80.24284363,49410,49421,11
12.95571995,80.24311066,49421,49431,10
12.95629978,80.24331665,49431,49441,10
12.95646954,80.24337769,49441,49451,10
12.95697975,80.24359131,49451,49461,10
12.95771027,80.243927,49461,49471,10
12.95855999,80.24429321,49471,49481,10
12.95926952,80.24462128,49481,49491,10
12.96010971,80.24501038,49491,49501,10
12.96109009,80.24546814,49501,49512,11
12.96224976,80.24603271,49512,49522,10
12.96294022,80.24635315,49522,49532,10
12.96323967,80.24652863,49532,49542,10
12.96376991,80.2467804,49542,49552,10
12.96417999,80.24694061,49552,49562,10
12.96481037,80.24716187,49562,49572,10
12.9656496,80.24743652,49572,49582,10
12.96640968,80.2477417,49582,49593,11
12.96675014,80.24790192,49593,49603,10
12.96683025,80.24793243,49603,49613,10
12.96710014,80.24817657,49613,49623,10
12.96784019,80.24845886,49623,49633,10
12.96875,80.24878693,49633,49643,10
12.96984005,80.24920654,49643,49653,10
12.97105026,80.24964905,49653,49663,10
12.97233963,80.24997711,49663,49674,11
12.97367954,80.25034332,49674,49684,10
12.97482967,80.25066376,49684,49694,10
12.97601032,80.25099945,49694,49704,10
12.97712994,80.2513504,49704,49714,10
12.97789955,80.25184631,49714,49724,10
12.97834969,80.25218964,49724,49734,10
12.97836018,80.25219727,49734,49744,10
12.97842026,80.25224304,49744,49754,10
12.97883987,80.25244904,49754,49765,11
12.97937965,80.25258636,49765,49805,40
12.97937965,80.25258636,49805,49815,10
12.97953033,80.25261688,49815,49825,10
12.97999001,80.25263977,49825,49835,10
12.98069,80.25263977,49835,49846,11
12.98143959,80.25261688,49846,49856,10
12.98237991,80.25258636,49856,49866,10
12.98348045,80.25247955,49866,49876,10
12.98453999,80.25221252,49876,49886,10
12.98550034,80.25193787,49886,49896,10
12.98622036,80.25177002,49896,49957,61
12.98622036,80.25177002,49957,49967,10
12.98651981,80.25161743,49967,49977,10
12.98707962,80.25147247,49977,49987,10
12.98742962,80.25135803,49987,49997,10
12.98787022,80.25125885,49997,50008,11
12.98863983,80.25106812,50008,50018,10
12.9893198,80.25087738,50018,50028,10
12.98960018,80.2508316,50028,50038,10
12.98983002,80.25080872,50038,50048,10
12.99040031,80.25067139,50048,50058,10
12.99120045,80.25047302,50058,50068,10
12.99219036,80.25022888,50068,50078,10
12.99335957,80.24992371,50078,50089,11
12.99470043,80.24957275,50089,50099,10
12.9957304,80.2492981,50099,50109,10
12.99682045,80.24903107,50109,50119,10
12.99802017,80.24874115,50119,50129,10
12.99929047,80.24842072,50129,50139,10
13.00059986,80.24809265,50139,50149,10
13.00191021,80.24777222,50149,50159,10
13.00321007,80.24752045,50159,50170,11
13.0046196,80.24730682,50170,50180,10
13.00566959,80.24710083,50180,50190,10
13.00638962,80.24662781,50190,50200,10
13.00646973,80.24645233,50200,50210,10
13.00658035,80.24617004,50210,50220,10
13.00662994,80.2455368,50220,50230,10
13.00662041,80.24490356,50230,50240,10
13.00662041,80.24440002,50240,50251,11
13.00662041,80.24385834,50251,50261,10
13.00658989,80.24317932,50261,50271,10
13.00656033,80.24240112,50271,50281,10
13.00654984,80.241539,50281,50291,10
13.00660038,80.24091339,50291,50301,10
13.00666046,80.24066162,50301,50311,10
13.00669956,80.2403183,50311,50321,10
13.00681973,80.24001312,50321,50332,11
13.00695992,80.23927307,50332,50342,10
13.00710011,80.23841858,50342,50352,10
13.00734997,80.23719025,50352,50382,30
13.00734997,80.23719025,50382,50392,10
13.00743008,80.2370224,50392,50402,10
13.00749016,80.23680115,50402,50413,11
13.00759029,80.23631287,50413,50423,10
13.00772953,80.23558807,50423,50433,10
13.00790024,80.23471069,50433,50443,10
13.00811958,80.23361206,50443,50453,10
13.00835991,80.23236084,50453,50463,10
13.00860023,80.23101807,50463,50473,10
13.0088501,80.22978973,50473,50483,10
13.00914001,80.22840118,50483,50494,11
13.00963974,80.22718048,50494,50504,10
13.01012039,80.22614288,50504,50514,10
13.01047993,80.22543335,50514,50524,10
13.01064014,80.22515106,50524,50534,10
13.01074028,80.22486115,50534,50544,10
13.01095963,80.22429657,50544,50554,10
13.01132011,80.22350311,50554,50564,10
13.0116396,80.22264099,50564,50575,11
13.01202965,80.22155762,50575,50585,10
13.01235008,80.22147369,50585,50595,10
13.01259995,80.22181702,50595,50605,10
13.01305962,80.22244263,50605,50615,10
13.01371956,80.2231369,50615,50625,10
13.01424026,80.22382355,50625,50635,10
13.01474953,80.22438049,50635,50645,10
13.01533985,80.22486115,50645,50666,21
13.01533985,80.22486115,50666,50676,10
13.01556969,80.22499847,50676,50686,10
13.01595974,80.22528076,50686,50696,10
13.0166502,80.22522736,50696,50706,10
13.0174799,80.22489929,50706,50716,10
13.01834965,80.22454834,50716,50726,10
13.01947021,80.22434235,50726,50747,21
13.01947021,80.22434235,50747,50757,10
13.0195303,80.22438049,50757,50767,10
13.0197897,80.22457886,50767,50777,10
13.02023983,80.22493744,50777,50787,10
13.02070999,80.22527313,50787,50797,10
13.02110004,80.22557068,50797,50807,10
13.02155972,80.22592163,50807,50818,11
13.02210045,80.22633362,50818,50828,10
13.02270031,80.22683716,50828,50838,10
13.02326012,80.2273407,50838,50848,10
13.02365971,80.22770691,50848,50858,10
13.02390003,80.22792053,50858,50868,10
13.02414036,80.22818756,50868,50878,10
13.02435017,80.2284317,50878,50898,20
13.02435017,80.2284317,50898,50909,11
13.02416039,80.22846985,50909,50919,10
13.02385998,80.22807312,50919,50929,10
13.02336979,80.2275238,50929,50939,10
13.02272034,80.22692108,50939,50949,10
13.02200031,80.2263031,50949,50959,10
13.02132034,80.22577667,50959,50969,10
13.02101994,80.22551727,50969,50979,10
13.02060032,80.22521973,50979,50990,11
13.02001953,80.22483063,50990,51000,10
13.01931953,80.22445679,51000,51010,10
13.01838017,80.22458649,51010,51020,10
13.01745033,80.22496796,51020,51030,10
13.01671982,80.22528076,51030,51040,10
13.01648998,80.22537994,51040,51050,10
13.01624012,80.22547913,51050,51060,10
13.01581955,80.22561646,51060,51071,11
13.01515961,80.22586823,51071,51081,10
13.01471996,80.22599792,51081,51091,10
13.01428032,80.22612762,51091,51101,10
13.01420021,80.22608948,51101,51111,10
13.01416016,80.22592926,51111,51121,10
13.01408958,80.22553253,51121,51253,132
13.01408005,80.22519684,51253,51354,101
13.01408005,80.22519684,51354,51364,10
13.01420975,80.22516632,51364,51374,10
13.01445961,80.22545624,51374,52215,841
13.01445961,80.22545624,52215,52225,10
13.01451969,80.22563171,52225,52235,10
13.01449966,80.22570801,52235,52245,10
13.01426029,80.2258606,52245,52255,10
13.01420975,80.22612,52255,52275,20
13.01420975,80.22612,52275,52286,11
13.0138998,80.22637177,52286,52296,10
13.01336002,80.22660065,52296,52306,10
13.01266003,80.22686768,52306,52316,10
13.01189995,80.22718048,52316,52326,10
13.01095009,80.22756195,52326,52336,10
13.00996017,80.22789764,52336,52346,10
13.00949955,80.22759247,52346,52356,10
13.00971985,80.22709656,52356,52367,11
13.01006985,80.22634125,52367,52377,10
13.01043034,80.22556305,52377,52387,10
13.01072025,80.22492218,52387,52397,10
13.01084995,80.22457123,52397,52407,10
13.01097965,80.22422791,52407,52417,10
13.01119041,80.22373962,52417,52427,10
13.01136971,80.22325134,52427,52437,10
13.01161957,80.22267151,52437,52447,10
13.01183033,80.22202301,52447,52458,11
13.0121603,80.22148132,52458,52468,10
13.01235008,80.22158051,52468,52478,10
13.01266956,80.22193146,52478,52488,10
13.01309967,80.22242737,52488,52498,10
13.0136404,80.22312164,52498,52508,10
13.01422977,80.22379303,52508,52518,10
13.01484013,80.22442627,52518,52529,11
13.01548958,80.22502136,52529,52539,10
13.01634026,80.22530365,52539,52549,10
13.01708984,80.22505951,52549,52559,10
13.0178299,80.2247467,52559,52569,10
13.01856041,80.22445679,52569,52579,10
13.01924038,80.22431946,52579,52589,10
13.01970959,80.22447205,52589,52610,21
13.01970959,80.22447205,52610,52620,10
13.0199604,80.22476196,52620,52630,10
13.02040958,80.22509003,52630,52640,10
13.02095032,80.22550201,52640,52650,10
13.02157021,80.22595215,52650,52660,10
13.02208042,80.22633362,52660,52670,10
13.02291012,80.22705078,52670,52680,10
13.02346039,80.22753906,52680,52690,10
13.02398968,80.22801971,52690,52701,11
13.02439022,80.22849274,52701,52731,30
13.02439022,80.22849274,52731,52741,10
13.02437019,80.2285614,52741,52751,10
13.02410984,80.22846222,52751,52761,10
13.02381992,80.22805786,52761,52771,10
13.02336025,80.2276001,52771,52903,132
13.02336025,80.2276001,52903,52913,10
13.02330017,80.22740936,52913,52923,10
13.0229702,80.22711182,52923,52933,10
13.02266979,80.22680664,52933,52944,11
13.02254009,80.2266922,52944,52954,10
13.02229977,80.22647095,52954,52964,10
13.02176952,80.2260437,52964,52974,10
13.02122974,80.22563171,52974,52984,10
13.0206604,80.22519684,52984,52994,10
13.01992035,80.22470856,52994,53004,10
13.01906967,80.22438049,53004,53014,10
13.01809978,80.22467804,53014,53025,11
13.01718044,80.22509003,53025,53035,10
13.01653957,80.22537231,53035,53045,10
13.0163002,80.22547913,53045,53055,10
13.01587963,80.22563171,53055,53065,10
13.01546001,80.22579193,53065,53075,10
13.01484013,80.22602081,53075,53085,10
13.01428032,80.22622681,53085,53095,10
13.01422977,80.22624969,53095,53105,10
13.01395035,80.22635651,53105,53116,11
13.01329994,80.22660828,53116,53126,10
13.01259041,80.22688293,53126,53136,10
13.01187038,80.22717285,53136,53146,10
13.01095963,80.22750854,53146,53156,10
13.01002979,80.22792816,53156,53166,10
13.00930023,80.22824097,53166,53176,10
13.00901031,80.2289505,53176,53187,11
13.00883007,80.22989655,53187,53197,10
13.00862026,80.23104095,53197,53207,10
13.00844955,80.23201752,53207,53217,10
13.00829029,80.23288727,53217,53227,10
13.00819969,80.23355103,53227,53237,10
13.00817966,80.23361969,53237,53247,10
13.00806999,80.23397827,53247,53257,10
13.0079298,80.23462677,53257,53267,10
13.00776005,80.23551941,53267,53278,11
13.00753021,80.23664093,53278,53288,10
13.00732994,80.23777771,53288,53298,10
13.00718021,80.23858643,53298,53308,10
13.00704956,80.23930359,53308,53318,10
13.00691986,80.23992157,53318,53369,51
13.00691986,80.23992157,53369,53379,10
13.00691986,80.24021149,53379,53389,10
13.00685978,80.24066925,53389,53399,10
13.00683022,80.24073792,53399,53409,10
13.00677967,80.24095917,53409,53419,10
13.00671959,80.24157715,53419,53429,10
13.00669003,80.24243927,53429,53440,11
13.00671005,80.24318695,53440,53450,10
13.00669956,80.24330139,53450,53460,10
13.00667,80.24342346,53460,53470,10
13.00666046,80.24391937,53470,53490,20
13.00666046,80.24391937,53490,53500,10
13.00664043,80.24414063,53500,53510,10
13.00667,80.24427795,53510,53521,11
13.00667953,80.24452972,53521,53531,10
13.00667,80.24463654,53531,53541,10
13.00667953,80.24491882,53541,53551,10
13.00667,80.24521637,53551,53561,10
13.00667953,80.2455368,53561,53571,10
13.00669956,80.24613953,53571,53581,10
13.00671005,80.24684143,53581,53591,10
13.00601006,80.24739838,53591,53622,31
13.00601006,80.24739838,53622,53632,10
13.00562,80.24732208,53632,53642,10
13.00494003,80.24732208,53642,53652,10
13.00407982,80.24741364,53652,53662,10
13.00310993,80.24756622,53662,53672,10
13.0024004,80.24771881,53672,53683,11
13.0016098,80.24794006,53683,53693,10
13.00074959,80.24816132,53693,53703,10
12.99973011,80.2483902,53703,53713,10
12.99868965,80.24867249,53713,53723,10
12.99806976,80.24884033,53723,53733,10
12.9979496,80.24884796,53733,53743,10
12.99744034,80.24894714,53743,53753,10
12.99662018,80.24913025,53753,53764,11
12.99549007,80.24938965,53764,53774,10
12.99438953,80.24968719,53774,53784,10
12.99324989,80.24999237,53784,53794,10
12.99215984,80.25028229,53794,53804,10
12.99120998,80.25054169,53804,53814,10
12.99104023,80.25057983,53814,53824,10
12.99067974,80.25064087,53824,53834,10
12.98995972,80.25079346,53834,53844,10
12.98896027,80.25097656,53844,53855,11
12.98810005,80.25128937,53855,53946,91
12.98810005,80.25128937,53946,53956,10
12.98766994,80.2513504,53956,53966,10
12.98721981,80.2514801,53966,53976,10
12.9867897,80.25161743,53976,53986,10
12.9861002,80.25180054,53986,53996,10
12.98528004,80.25202179,53996,54006,10
12.98441982,80.25224304,54006,54017,11
12.98365021,80.25245667,54017,54027,10
12.98281002,80.25261688,54027,54037,10
12.98188972,80.25266266,54037,54047,10
12.98093987,80.25267792,54047,54057,10
12.98029041,80.25270844,54057,54067,10
12.97964954,80.25267792,54067,54077,10
12.97889042,80.25260162,54077,54087,10
12.97848034,80.25251007,54087,54098,11
12.97842026,80.25245667,54098,54108,10
12.9780302,80.25215149,54108,54118,10
12.97741032,80.2516098,54118,54128,10
12.97644043,80.25118256,54128,54138,10
12.97527027,80.25083923,54138,54148,10
12.97406006,80.25048065,54148,54158,10
12.97282028,80.25013733,54158,54168,10
12.97157955,80.24980927,54168,54179,11
12.97019005,80.24938202,54179,54189,10
12.96893978,80.24890137,54189,54199,10
12.96774006,80.24842072,54199,54209,10
12.96677971,80.24796295,54209,54219,10
12.96584988,80.24758148,54219,54229,10
12.9651804,80.24733734,54229,54239,10
12.96502018,80.24727631,54239,54249,10
12.96481991,80.24717712,54249,54260,11
12.96395016,80.24687195,54260,54280,20
12.96395016,80.24687195,54280,54290,10
12.96389961,80.24685669,54290,54300,10
12.96364021,80.24674225,54300,54310,10
12.96308994,80.24645996,54310,54320,10
12.96238995,80.24610901,54320,54330,10
12.96162033,80.2457428,54330,54341,11
12.96074963,80.24533081,54341,54351,10
12.95991993,80.24497223,54351,54361,10
12.95936012,80.24471283,54361,54371,10
12.95923996,80.24463654,54371,54381,10
12.95880985,80.24443817,54381,54391,10
12.95812988,80.244133,54391,54401,10
12.95750999,80.24389648,54401,54411,10
12.95703983,80.24372101,54411,54533,122
12.95666027,80.24362183,54533,54553,20
12.95650959,80.24358368,54553,54583,30
12.95650959,80.24358368,54583,54594,11
12.95637035,80.24353027,54594,54604,10
12.95627975,80.24349976,54604,54614,10
12.95580959,80.24330139,54614,54624,10
12.95508003,80.24294281,54624,54634,10
12.95423985,80.24259186,54634,54644,10
12.95363998,80.24233246,54644,54654,10
12.95285034,80.24198914,54654,54664,10
12.9520998,80.24172211,54664,54675,11
12.95168972,80.24160004,54675,54685,10
12.95141983,80.24149323,54685,54695,10
12.95079994,80.24128723,54695,54705,10
12.94995022,80.24104309,54705,54715,10
12.94913006,80.24082184,54715,54735,20
12.94913006,80.24082184,54735,54746,11
12.94894028,80.24082184,54746,54756,10
12.94849968,80.24060822,54756,54766,10
12.9477396,80.24028015,54766,54776,10
12.94707966,80.2399826,54776,54796,20
12.94707966,80.2399826,54796,54806,10
12.94699001,80.23989868,54806,54816,10
12.94653034,80.23970032,54816,54826,10
12.94581032,80.23938751,54826,54837,11
12.94499969,80.2388382,54837,54847,10
12.94419956,80.23799896,54847,54857,10
12.94336033,80.23708344,54857,54867,10
12.94239044,80.23641968,54867,54877,10
12.94118023,80.23609924,54877,54887,10
12.9401598,80.23586273,54887,54897,10
12.93972969,80.23571014,54897,54907,10
12.93970013,80.23567963,54907,54918,11
12.93914986,80.23542786,54918,54928,10
12.93840981,80.23503876,54928,54938,10
12.93754959,80.23461914,54938,54948,10
12.93663025,80.23419189,54948,54958,10
12.93597984,80.23390198,54958,54968,10
12.93589973,80.2338562,54968,54978,10
12.93581009,80.23381805,54978,54988,10
12.93544006,80.23364258,54988,54999,11
12.93472004,80.23329926,54999,55009,10
12.93395996,80.23298645,55009,55019,10
12.93383026,80.23291016,55019,55029,10
12.93381023,80.23290253,55029,55039,10
12.93346977,80.23271942,55039,55049,10
12.9327898,80.2324295,55049,55059,10
12.93192959,80.23213196,55059,55069,10
12.93082047,80.23175812,55069,55080,11
12.92971039,80.23146057,55080,55090,10
12.92899036,80.2313385,55090,55100,10
12.92895985,80.2313385,55100,55110,10
12.92889023,80.23132324,55110,55120,10
12.9284296,80.23123169,55120,55130,10
12.92765045,80.23111725,55130,55140,10
12.92671967,80.23101807,55140,55150,10
12.92628956,80.23097229,55150,55160,10
12.92607975,80.2309494,55160,55171,11
12.92564011,80.23088074,55171,55181,10
12.9249897,80.23079681,55181,55191,10
12.92416954,80.23069,55191,55201,10
12.92319012,80.23055267,55201,55211,10
12.92201042,80.23036957,55211,55221,10
12.92076969,80.23020172,55221,55231,10
12.91952038,80.23005676,55231,55242,11
12.91821003,80.22988892,55242,55252,10
12.91703987,80.22973633,55252,55262,10
12.9158802,80.22956848,55262,55272,10
12.91473007,80.22939301,55272,55282,10
12.91378021,80.22928619,55282,55292,10
12.91355991,80.22927094,55292,55302,10
12.91318035,80.2292099,55302,55312,10
12.91250038,80.2290802,55312,55322,10
12.91162968,80.2289505,55322,55333,11
12.91040993,80.2287674,55333,55343,10
12.90917969,80.22857666,55343,55353,10
12.90799046,80.2283783,55353,55363,10
12.9073,80.22827911,55363,55373,10
12.90717983,80.22827148,55373,55383,10
12.90676975,80.22823334,55383,55393,10
12.90604019,80.22815704,55393,55403,10
12.90519047,80.22814178,55403,55414,11
12.90431976,80.22811127,55414,55424,10
12.90363979,80.22808075,55424,55434,10
12.90277958,80.22802734,55434,55444,10
12.90192986,80.22798157,55444,55454,10
12.90120029,80.22795868,55454,55484,30
12.90120029,80.22795868,55484,55495,11
12.90081024,80.22783661,55495,55505,10
12.90034008,80.22779846,55505,55515,10
12.89966011,80.22775269,55515,55525,10
12.89896965,80.2277832,55525,55535,10
12.89885998,80.22779083,55535,55545,10
12.89840984,80.22773743,55545,55555,10
12.89766026,80.22769928,55555,55565,10
12.8967104,80.2276535,55565,55576,11
12.8954401,80.2276001,55576,55586,10
12.89420033,80.22753906,55586,55596,10
12.89297962,80.22741699,55596,55606,10
12.89204025,80.22731781,55606,55616,10
12.89093971,80.22727966,55616,55626,10
12.88971043,80.22728729,55626,55636,10
12.88844967,80.22727966,55636,55646,10
12.88728046,80.22717285,55646,55657,11
12.88605022,80.22689819,55657,55667,10
12.88519001,80.22673035,55667,55677,10
12.88479996,80.2266922,55677,55687,10
12.88479996,80.2266922,55687,55697,10
12.88418007,80.22666931,55697,55707,10
12.88329983,80.22666168,55707,55717,10
12.88216972,80.22666931,55717,55727,10
12.88094044,80.22667694,55727,55738,11
12.87950039,80.22669983,55738,55750,12
12.87814045,80.22678375,55750,55760,10
12.87674999,80.22691345,55760,55770,10
12.87639999,80.2269516,55770,55780,10
12.8763504,80.2269516,55780,55789,9
12.87584019,80.22693634,55789,55800,11
12.87497044,80.22686005,55800,55809,9
12.87403965,80.22673798,55809,55821,12
12.87287045,80.22666931,55821,55831,10
12.87265968,80.22666168,55831,55841,10
12.87255001,80.22666168,55841,55851,10
12.87203979,80.22664642,55851,55861,10
12.87125969,80.22662354,55861,55871,10
12.87028027,80.22654724,55871,55881,10
12.86911964,80.22641754,55881,55891,10
12.86787033,80.22637939,55891,55902,11
12.8664999,80.22650146,55902,55912,10
12.86526012,80.22653198,55912,55922,10
12.86400032,80.22650146,55922,55932,10
12.86273956,80.22650146,55932,55942,10
12.86163044,80.2265625,55942,55952,10
12.86102962,80.22657013,55952,55962,10
12.86098957,80.22657013,55962,55972,10
12.86056042,80.22653198,55972,55982,10
12.85982037,80.22641754,55982,55993,11
12.85888004,80.22628021,55993,56003,10
12.85811996,80.22622681,56003,56013,10
12.85717964,80.22625732,56013,56023,10
12.85606003,80.22635651,56023,56033,10
12.85486031,80.22650146,56033,56043,10
12.85361004,80.22663879,56043,56053,10
12.85239029,80.22664642,56053,56063,10
12.85122013,80.22660828,56063,56074,11
12.85037041,80.2265625,56074,56084,10
12.85013008,80.2265625,56084,56094,10
12.85000038,80.2265625,56094,56104,10
12.84945965,80.22653961,56104,56114,10
12.84864998,80.22654724,56114,56124,10
12.84757996,80.22653961,56124,56134,10
12.84646034,80.22653961,56134,56144,10
12.84556961,80.22657013,56144,56155,11
12.84539986,80.2265625,56155,56165,10
12.84514046,80.22654724,56165,56175,10
12.84453964,80.22660065,56175,56185,10
12.84368992,80.22666931,56185,56195,10
12.84263039,80.22686768,56195,56205,10
12.84142017,80.22711945,56205,56215,10
12.84039021,80.22741699,56215,56226,11
12.83963013,80.2277298,56226,56246,20
12.83963013,80.2277298,56246,56256,10
12.83952999,80.2277832,56256,56266,10
12.83911037,80.22785187,56266,56276,10
12.83841991,80.22799683,56276,56286,10
12.83753014,80.22817993,56286,56296,10
12.83640003,80.22836304,56296,56306,10
12.83516979,80.22855377,56306,56317,11
12.83376026,80.22878265,56317,56327,10
12.83263016,80.22898102,56327,56337,10
12.83218002,80.22907257,56337,56347,10
12.83201027,80.22910309,56347,56357,10
12.83148003,80.22921753,56357,56367,10
12.83067036,80.22950745,56367,56377,10
12.82975006,80.22982788,56377,56387,10
12.82874012,80.23026276,56387,56398,11
12.82754993,80.23091888,56398,56408,10
12.82633972,80.23127747,56408,56418,10
12.8250103,80.2313385,56418,56428,10
12.82367992,80.23107147,56428,56438,10
12.82236004,80.23065948,56438,56448,10
12.82102013,80.23042297,56448,56458,10
12.81980038,80.23046112,56458,56468,10
12.81896019,80.23046112,56468,56479,11
12.81886005,80.23043823,56479,56489,10
12.81867981,80.23034668,56489,56499,10
12.81809998,80.23007202,56499,56509,10
12.81727028,80.22969055,56509,56519,10
12.81616974,80.22940826,56519,56529,10
12.81494045,80.22924042,56529,56539,10
12.81367016,80.22898102,56539,56549,10
12.81239986,80.22855377,56549,56560,11
12.81099033,80.2280426,56560,56570,10
12.80972004,80.2275238,56570,56580,10
12.80856991,80.22676086,56580,56590,10
12.8075304,80.22589111,56590,56600,10
12.8067503,80.2252121,56600,56610,10
12.80603981,80.22457123,56610,56620,10
12.80537033,80.22408295,56620,56630,10
12.80490971,80.22395325,56630,56641,11
12.80475998,80.22392273,56641,56651,10
12.80418015,80.22386169,56651,56661,10
12.80338955,80.22380066,56661,56671,10
12.80241966,80.22368622,56671,56681,10
12.8013401,80.22358704,56681,56691,10
12.80088043,80.22354126,56691,56701,10
12.80064964,80.22348785,56701,56711,10
12.80004978,80.22344208,56711,56721,10
12.79922009,80.22338867,56721,56732,11
12.79800987,80.2232666,56732,56742,10
12.79677963,80.22306824,56742,56752,10
12.79553032,80.22284698,56752,56762,10
12.79428959,80.22264099,56762,56772,10
12.79308987,80.22245789,56772,56782,10
12.7919302,80.22223663,56782,56792,10
12.79076958,80.22194672,56792,56802,10
12.78966045,80.2216568,56802,56813,11
12.78866005,80.22128296,56813,56823,10
12.78787041,80.22096252,56823,56833,10
12.78711033,80.22068024,56833,56843,10
12.78645992,80.22042084,56843,56873,30
12.78645992,80.22042084,56873,56883,10
12.78621006,80.22029877,56883,56894,11
12.78614998,80.2203064,56894,56904,10
12.78614044,80.22057343,56904,56914,10
12.78617001,80.22116852,56914,56934,20
12.78617001,80.22116852,56934,56944,10
12.78619003,80.22161865,56944,56954,10
12.78616047,80.22190094,56954,57562,608
12.78604031,80.22193909,57562,57653,91
12.78604031,80.22193909,57653,57663,10
12.78633022,80.22193146,57663,57724,61
12.78633022,80.22193146,57724,57734,10
12.78619957,80.22158051,57734,57744,10
12.78617954,80.22138214,57744,57754,10
12.78621006,80.22123718,57754,57764,10
12.7862196,80.22106934,57764,57815,51
12.7862196,80.22106934,57815,57825,10
12.78619957,80.22064972,57825,57835,10
12.78623009,80.22039795,57835,57876,41
12.78623009,80.22039795,57876,57886,10
12.78652,80.22044373,57886,57896,10
12.78668976,80.22049713,57896,57906,10
12.78682041,80.22055817,57906,57916,10
12.78705978,80.22062683,57916,57926,10
12.78746033,80.22078705,57926,57936,10
12.78763962,80.22084808,57936,57947,11
12.78794003,80.22097015,57947,57957,10
12.78843975,80.22118378,57957,57967,10
12.78899002,80.22138214,57967,57977,10
12.78946018,80.22157288,57977,57987,10
12.78989029,80.22170258,57987,57997,10
12.79049015,80.22186279,57997,58007,10
12.79119968,80.22203064,58007,58018,11
12.79211044,80.22225952,58018,58028,10
12.79306984,80.22242737,58028,58038,10
12.79405022,80.22258759,58038,58048,10
12.79504013,80.22274017,58048,58058,10
12.7958498,80.2228775,58058,58068,10
12.79613018,80.22292328,58068,58078,10
12.79613972,80.22292328,58078,58088,10
12.79627037,80.22296143,58088,58099,11
12.79638958,80.22302246,58099,58109,10
12.79683018,80.22309113,58109,58119,10
12.79753971,80.2232132,58119,58129,10
12.79835033,80.22331238,58129,58139,10
12.79926968,80.22338867,58139,58149,10
12.80027962,80.2234726,58149,58159,10
12.80099964,80.22351074,58159,58169,10
12.80128956,80.22354889,58169,58179,10
12.80148029,80.22358704,58179,58190,11
12.80161953,80.22364044,58190,58200,10
12.80212021,80.22368622,58200,58210,10
12.80270004,80.22377014,58210,58220,10
12.80338955,80.22383881,58220,58230,10
12.80420971,80.22389984,58230,58240,10
12.80490017,80.22399139,58240,58250,10
12.80539989,80.22409821,58250,58260,10
12.80550957,80.22415161,58260,58271,11
12.80589962,80.22441864,58271,58281,10
12.80646038,80.22490692,58281,58291,10
12.80716991,80.22553253,58291,58301,10
12.80795002,80.22619629,58301,58311,10
12.80877972,80.22689056,58311,58321,10
12.80970955,80.22750854,58321,58331,10
12.81075954,80.22795868,58331,58341,10
12.81188011,80.2283783,58341,58352,11
12.81317997,80.22885132,58352,58362,10
12.81441975,80.22920227,58362,58372,10
12.8157196,80.22939301,58372,58382,10
12.8169899,80.22962189,58382,58392,10
12.81797981,80.23001862,58392,58402,10
12.81861973,80.23033142,58402,58412,10
12.8190403,80.23046112,58412,58422,10
12.81952,80.23046875,58422,58433,11
12.81966019,80.23046875,58433,58443,10
12.81984043,80.23046112,58443,58453,10
12.82040977,80.23043823,58453,58463,10
12.82118988,80.23045349,58463,58473,10
12.82207966,80.23059082,58473,58483,10
12.82310009,80.23091125,58483,58493,10
12.82415962,80.23119354,58493,58503,10
12.82518959,80.23139954,58503,58513,10
12.82627964,80.2313385,58513,58524,11
12.82744026,80.23105621,58524,58534,10
12.82841969,80.23049927,58534,58544,10
12.82946014,80.23001099,58544,58554,10
12.83041954,80.2296524,58554,58564,10
12.8313303,80.22930145,58564,58584,20
12.8313303,80.22930145,58584,58594,10
12.83143997,80.22924042,58594,58605,11
12.83164024,80.2292099,58605,58615,10
12.83211994,80.22910309,58615,58625,10
12.8328104,80.22895813,58625,58635,10
12.83368969,80.22879791,58635,58645,10
12.83462048,80.2286377,58645,58655,10
12.83557034,80.22849274,58655,58665,10
12.83656979,80.22834015,58665,58675,10
12.83759022,80.2281723,58675,58686,11
12.83866024,80.22794342,58686,58696,10
12.83944988,80.2277298,58696,58736,40
12.83944988,80.2277298,58736,58746,10
12.8398304,80.22757721,58746,58756,10
12.84037971,80.22743988,58756,58767,11
12.84107971,80.22724152,58767,58777,10
12.84167957,80.2270813,58777,58787,10
12.84230042,80.22693634,58787,58797,10
12.84305,80.22686005,58797,58807,10
12.84395981,80.22669983,58807,58817,10
12.84484959,80.22660828,58817,58827,10
12.84514046,80.22657776,58827,58837,10
12.84521961,80.22657776,58837,58848,11
12.84529972,80.22657776,58848,58858,10
12.84562969,80.22654724,58858,58878,20
12.84562969,80.22654724,58878,58888,10
12.84578037,80.22657013,58888,58898,10
12.84626007,80.22654724,58898,58908,10
12.84694958,80.22653961,58908,58918,10
12.84772015,80.22653961,58918,58929,11
12.84852028,80.22653961,58929,58939,10
12.84939957,80.22653198,58939,58949,10
12.85000038,80.22651672,58949,58959,10
12.85006046,80.22653198,58959,58969,10
12.85037041,80.22653961,58969,58979,10
12.8509903,80.2265625,58979,58989,10
12.85181999,80.22662354,58989,58999,10
12.85278988,80.22664642,58999,59010,11
12.85394955,80.22659302,59010,59020,10
12.8550396,80.22644806,59020,59030,10
12.85616016,80.22631836,59030,59040,10
12.85723972,80.22621918,59040,59050,10
12.85820007,80.22619629,59050,59060,10
12.85918045,80.22628021,59060,59070,10
12.86015034,80.22641754,59070,59080,10
12.86075974,80.22650146,59080,59091,11
12.86091995,80.2265625,59091,59101,10
12.86131954,80.22653198,59101,59111,10
12.86203957,80.22650909,59111,59121,10
12.86291981,80.22646332,59121,59131,10
12.86396027,80.22647858,59131,59141,10
12.86507988,80.22653198,59141,59151,10
12.86620998,80.22650909,59151,59161,10
12.8674202,80.22641754,59161,59171,10
12.86876011,80.22637939,59171,59182,11
12.87001991,80.22653198,59182,59192,10
12.87129974,80.22662354,59192,59202,10
12.87238026,80.22663116,59202,59212,10
12.87283993,80.22662354,59212,59222,10
12.87298965,80.22664642,59222,59232,10
12.87349987,80.22666931,59232,59242,10
12.87427044,80.22673798,59242,59252,10
12.87518024,80.22686768,59252,59263,11
12.87629032,80.22692108,59263,59273,10
12.87679958,80.22688293,59273,59283,10
12.87687016,80.22689056,59283,59293,10
12.87736034,80.22685242,59293,59303,10
12.87814045,80.22679901,59303,59313,10
12.87909985,80.22673798,59313,59323,10
12.88022041,80.22672272,59323,59334,11
12.88156033,80.22669983,59334,59344,10
12.88284016,80.2266922,59344,59354,10
12.8840704,80.22666168,59354,59364,10
12.88502979,80.22664642,59364,59374,10
12.88521957,80.22666931,59374,59384,10
12.88556957,80.22673798,59384,59394,10
12.88619995,80.22689819,59394,59404,10
12.88704014,80.22711945,59404,59415,11
12.88803005,80.22727203,59415,59425,10
12.88922024,80.22731781,59425,59435,10
12.89037037,80.22730255,59435,59445,10
12.89150047,80.22731781,59445,59455,10
12.89214039,80.2273407,59455,59475,20
12.89214039,80.2273407,59475,59485,10
12.89237976,80.22738647,59485,59495,10
12.89291954,80.22743988,59495,59506,11
12.89377975,80.22753906,59506,59516,10
12.89468002,80.22762299,59516,59526,10
12.89568996,80.22766113,59526,59536,10
12.8968401,80.22770691,59536,59546,10
12.89805031,80.2277832,59546,59556,10
12.89923,80.22783661,59556,59566,10
12.90032959,80.22792053,59566,59587,21
12.90042019,80.22795105,59587,59637,50
12.90042019,80.22795105,59637,59647,10
12.90048027,80.2279892,59647,59658,11
12.90087986,80.22801971,59658,59668,10
12.9012804,80.2280426,59668,59678,10
12.9017601,80.22802734,59678,59688,10
12.90237045,80.22807312,59688,59698,10
12.90270042,80.22808075,59698,59708,10
12.90279961,80.22808075,59708,59718,10
12.90322018,80.2281189,59718,59728,10
12.90384007,80.22814941,59728,59739,11
12.90458965,80.22817993,59739,59749,10
12.90493965,80.22818756,59749,59759,10
12.90526962,80.22818756,59759,59769,10
12.90559959,80.22821808,59769,59779,10
12.90594959,80.22824097,59779,59789,10
12.90627003,80.2282486,59789,59870,81
12.90627003,80.2282486,59870,59880,10
12.90655041,80.22828674,59880,59890,10
12.90692997,80.22830963,59890,59900,10
12.90711021,80.22831726,59900,59911,11
12.90765953,80.2283783,59911,59921,10
12.90843964,80.22853088,59921,59931,10
12.90935993,80.22868347,59931,59941,10
12.91034031,80.22882843,59941,59951,10
12.91143036,80.22899628,59951,59961,10
12.91257954,80.22914886,59961,59971,10
12.91351032,80.22927094,59971,59981,10
12.91401958,80.22934723,59981,59992,11
12.91415977,80.22939301,59992,60002,10
12.91466999,80.22947693,60002,60012,10
12.91539955,80.229599,60012,60022,10
12.91631031,80.2297287,60022,60032,10
12.91728973,80.2298584,60032,60042,10
12.91827965,80.22998047,60042,60052,10
12.91917038,80.23007965,60052,60062,10
12.9193697,80.23010254,60062,60072,10
12.91965961,80.23014832,60072,60083,11
12.92033958,80.23023224,60083,60093,10
12.92117977,80.23032379,60093,60103,10
12.9222002,80.23046875,60103,60113,10
12.92335987,80.2306366,60113,60123,10
12.92453957,80.2307663,60123,60133,10
12.92564011,80.23092651,60133,60143,10
12.92654991,80.23101044,60143,60154,11
12.92757988,80.23114777,60154,60164,10
12.92854977,80.23129272,60164,60174,10
12.92949009,80.23145294,60174,60184,10
12.93043041,80.23171997,60184,60194,10
12.93138981,80.23200226,60194,60204,10
12.93233967,80.23227692,60204,60214,10
12.93325043,80.23259735,60214,60224,10
12.93362045,80.23278809,60224,60234,10
12.93369961,80.23285675,60234,60245,11
12.9341898,80.23310089,60245,60255,10
12.93488979,80.23336792,60255,60265,10
12.93548965,80.2336731,60265,60275,10
12.9360199,80.23390961,60275,60285,10
12.9366703,80.23419189,60285,60295,10
12.93741035,80.23458862,60295,60305,10
12.9383297,80.23503876,60305,60315,10
12.93929958,80.23547363,60315,60326,11
12.93964958,80.23565674,60326,60336,10
12.93976974,80.23571014,60336,60346,10
12.94034004,80.23593903,60346,60356,10
12.94114017,80.23616028,60356,60366,10
12.94209003,80.23638916,60366,60376,10
12.94307995,80.23683929,60376,60386,10
12.94386005,80.23760223,60386,60396,10
12.94460011,80.23841095,60396,60407,11
12.94575024,80.2394104,60407,60417,10
12.9468298,80.23986053,60417,60427,10
12.94738007,80.24006653,60427,60437,10
12.94742012,80.24012756,60437,60447,10
12.94777966,80.24028015,60447,60457,10
12.94841957,80.24057007,60457,60467,10
12.94919968,80.24088287,60467,60477,10
12.95005989,80.24112701,60477,60488,11
12.95094967,80.24136353,60488,60498,10
12.95110035,80.24140167,60498,60508,10
12.95137978,80.24150848,60508,60518,10
12.95199013,80.24181366,60518,60528,10
12.95271969,80.24199677,60528,60538,10
12.95333958,80.24224854,60538,60548,10
12.95403957,80.24253845,60548,60559,11
12.95477962,80.24279785,60559,60569,10
12.95545959,80.24308777,60569,60579,10
12.95602036,80.24327087,60579,60589,10
12.95625019,80.24339294,60589,60609,20
12.95625019,80.24339294,60609,60619,10
12.95654964,80.24349213,60619,60629,10
12.95713997,80.24373627,60629,60639,10
12.95788002,80.24407959,60639,60650,11
12.95847034,80.24432373,60650,60660,10
12.95888042,80.24447632,60660,60670,10
12.95890999,80.24449921,60670,60680,10
12.95926952,80.24468231,60680,60690,10
12.95987988,80.24494171,60690,60700,10
12.96065998,80.24530029,60700,60710,10
12.96156025,80.24572754,60710,60720,10
12.96236992,80.24613953,60720,60731,11
12.96329975,80.24659729,60731,60781,50
12.96329975,80.24659729,60781,60791,10
12.96345043,80.2466507,60791,60801,10
12.9637804,80.2468338,60801,60812,11
12.96444988,80.24710083,60812,60822,10
12.96522999,80.24738312,60822,60832,10
12.96619034,80.24771881,60832,60842,10
12.9670496,80.24810028,60842,60862,20
12.9670496,80.24810028,60862,60872,10
12.96728039,80.24825287,60872,60882,10
12.9678297,80.24849701,60882,60893,11
12.96860981,80.24880219,60893,60903,10
12.96942043,80.24912262,60903,60913,10
12.97027969,80.24945068,60913,60923,10
12.97119045,80.24977875,60923,60933,10
12.97212029,80.25000763,60933,60943,10
12.97305965,80.25025177,60943,60953,10
12.97402,80.25050354,60953,60963,10
12.97502995,80.2507782,60963,60974,11
12.97607994,80.25108337,60974,60984,10
12.97719955,80.25144196,60984,60994,10
12.9780798,80.25202942,60994,61004,10
12.97858047,80.25235748,61004,61014,10
12.97858047,80.25237274,61014,61024,10
12.9787302,80.25245667,61024,61034,10
12.97918987,80.25257874,61034,61044,10
12.9793396,80.25260162,61044,61055,11
12.97941017,80.25258636,61055,61065,10
12.97978973,80.2526474,61065,61075,10
12.98029995,80.25266266,61075,61085,10
12.98101997,80.25266266,61085,61095,10
12.98184013,80.25263214,61095,61105,10
12.98270988,80.25260925,61105,61115,10
12.98361969,80.25248718,61115,61125,10
12.98445988,80.25228119,61125,61136,11
12.9853096,80.25205994,61136,61146,10
12.98608971,80.25183868,61146,61156,10
12.98670006,80.25164795,61156,61166,10
12.98700047,80.25154114,61166,61216,50
12.98700047,80.25154114,61216,61227,11
12.98705006,80.25154877,61227,61237,10
12.98740005,80.25144958,61237,61247,10
12.98787975,80.25134277,61247,61257,10
12.98855019,80.25119019,61257,61267,10
12.98927975,80.25097656,61267,61277,10
12.98950958,80.25092316,61277,61287,10
12.98956013,80.25092316,61287,61297,10
12.98993969,80.2508316,61297,61308,11
12.9906702,80.25064087,61308,61318,10
12.99149036,80.2504425,61318,61328,10
12.99246025,80.25018311,61328,61338,10
12.9935503,80.24990082,61338,61348,10
12.99464035,80.24963379,61348,61358,10
12.99571991,80.24938965,61358,61367,9
12.99664021,80.24913025,61367,61389,22
12.99664021,80.24913025,61389,61399,10
12.99670982,80.24912262,61399,61409,10
12.99703979,80.24903107,61409,61419,10
12.99757957,80.24890137,61419,61429,10
12.99833965,80.24871063,61429,61439,10
12.9991703,80.24848938,61439,61449,10
13.00004959,80.2482605,61449,61460,11
13.00096989,80.24803162,61460,61470,10
13.00199032,80.24777985,61470,61480,10
13.00290012,80.24759674,61480,61490,10
13.00382042,80.24745178,61490,61500,10
13.00477028,80.24732971,61500,61510,10
13.00572968,80.24713898,61510,61520,10
13.00654984,80.24638367,61520,61540,20
13.00654984,80.24638367,61540,61551,11
13.00660038,80.2462616,61551,61561,10
13.00662041,80.24584198,61561,61571,10
13.00662994,80.24521637,61571,61581,10
13.00662041,80.24472046,61581,61591,10
13.00662041,80.2442627,61591,61601,10
13.00662041,80.24384308,61601,61611,10
13.00660038,80.24336243,61611,61621,10
13.00658989,80.2427597,61621,61632,11
13.00656986,80.24183655,61632,61642,10
13.00660992,80.2410202,61642,61652,10
13.00675011,80.24027252,61652,61662,10
13.00695038,80.23966217,61662,61672,10
13.00704956,80.23889923,61672,61682,10
13.00716972,80.23812866,61682,61692,10
13.00739956,80.23703766,61692,61723,31
13.00739956,80.23703766,61723,61733,10
13.00743008,80.23674774,61733,61743,10
13.00753975,80.23635864,61743,61753,10
13.00763988,80.23589325,61753,61763,10
13.00771999,80.23544312,61763,61773,10
13.00778961,80.23510742,61773,61783,10
13.00790977,80.23458099,61783,61794,11
13.00807953,80.2337265,61794,61804,10
13.00825977,80.23284149,61804,61814,10
13.00841999,80.23191833,61814,61824,10
13.00860023,80.23088837,61824,61834,10
13.00877953,80.22989655,61834,61844,10
13.00893974,80.22914124,61844,61854,10
13.00920963,80.22805786,61854,61864,10
13.0096302,80.22714996,61864,61875,11
13.01012039,80.22614288,61875,61885,10
13.01054001,80.22532654,61885,61895,10
13.01084995,80.22470093,61895,61905,10
13.01119995,80.22383881,61905,61915,10
13.01158047,80.22296906,61915,61925,10
13.01187992,80.22209167,61925,61935,10
13.01220036,80.22158813,61935,61945,10
13.01237965,80.22160339,61945,61956,11
13.01270008,80.22193909,61956,61966,10
13.01309967,80.22244263,61966,61976,10
13.0135603,80.22296143,61976,61986,10
13.01399994,80.22345734,61986,61996,10
13.01434994,80.22393799,61996,62006,10
13.01488018,80.22454834,62006,62016,10
13.01539993,80.22492218,62016,62026,10
13.0156002,80.22511292,62026,62037,11
13.01568031,80.22516632,62037,62047,10
13.01605034,80.22535706,62047,62057,10
13.01679993,80.22525024,62057,62067,10
13.01768017,80.22490692,62067,62077,10
13.01858997,80.22454071,62077,62087,10
13.01943016,80.22440338,62087,62117,30
13.01943016,80.22440338,62117,62128,11
13.01951981,80.22451019,62128,62138,10
13.01998997,80.22480011,62138,62148,10
13.02056026,80.2252121,62148,62158,10
13.0210104,80.22554016,62158,62168,10
13.02151966,80.22592163,62168,62178,10
13.02210045,80.22635651,62178,62188,10
13.02266026,80.2268219,62188,62199,11
13.02324009,80.2273407,62199,62209,10
13.02361012,80.22767639,62209,62219,10
13.02388954,80.22792053,62219,62229,10
13.02410984,80.22815704,62229,62239,10
13.02437973,80.22843933,62239,62259,20
13.02437973,80.22843933,62259,62269,10
13.02437019,80.22860718,62269,62280,11
13.02416992,80.22853851,62280,62290,10
13.02383995,80.22808075,62290,62300,10
13.02344036,80.22772217,62300,62533,233
13.02344036,80.22772217,62533,62543,10
13.02326012,80.22743988,62543,62553,10
13.02295017,80.22711945,62553,62563,10
13.0226202,80.22679138,62563,62573,10
13.0221796,80.22641754,62573,62583,10
13.0216198,80.22598267,62583,62593,10
13.02105999,80.22554016,62593,62603,10
13.02054977,80.2252121,62603,62614,11
13.02019978,80.22498322,62614,62624,10
13.01986027,80.2247467,62624,62634,10
13.01928043,80.22447968,62634,62644,10
13.01838017,80.22463226,62644,62654,10
13.01747036,80.22501373,62654,62664,10
13.01673031,80.22531891,62664,62674,10
13.01620007,80.22554016,62674,62684,10
13.01568031,80.22570801,62684,62695,11
13.01506996,80.22595978,62695,62705,10
13.01441956,80.22619629,62705,62715,10
13.01432991,80.22624207,62715,62725,10
13.01399994,80.22634888,62725,62735,10
13.01336002,80.22660828,62735,62745,10
13.01253986,80.22692871,62745,62755,10
13.01161003,80.22730255,62755,62765,10
13.01064014,80.22767639,62765,62775,10
13.00967026,80.22805786,62775,62786,11
13.00903034,80.22891235,62786,62796,10
13.00883961,80.22995758,62796,62806,10
13.00868034,80.23100281,62806,62816,10
13.00848961,80.23209381,62816,62826,10
13.00833988,80.23288727,62826,62836,10
13.00825977,80.2333374,62836,62846,10
13.00825977,80.23336029,62846,62857,11
13.00821972,80.23338318,62857,62867,10
13.00815964,80.23371887,62867,62877,10
13.00806999,80.23417664,62877,62887,10
13.00796986,80.23473358,62887,62897,10
13.00794029,80.23497772,62897,62907,10
13.00786018,80.23532104,62907,62917,10
13.00774956,80.23594666,62917,62927,10
13.0075798,80.23677826,62927,62937,10
13.00739956,80.23770142,62937,62948,11
13.00720024,80.23873901,62948,62958,10
13.00702,80.23957825,62958,62968,10
13.00693035,80.24001312,62968,63039,71
13.00693035,80.24001312,63039,63049,10
13.00687981,80.24025726,63049,63059,10
13.00685978,80.24069977,63059,63069,10
13.00681973,80.24079895,63069,63079,10
13.00675964,80.24112701,63079,63089,10
13.00671959,80.24182892,63089,63100,11
13.00671959,80.24266815,63100,63110,10
13.00669956,80.24331665,63110,63120,10
13.00667953,80.24381256,63120,63130,10
13.00667,80.24417877,63130,63140,10
13.00667953,80.24447632,63140,63150,10
13.00667953,80.24463654,63150,63160,10
13.00667953,80.24465179,63160,63170,10
13.00669003,80.24482727,63170,63181,11
13.00669956,80.24520874,63181,63191,10
13.00673008,80.24571991,63191,63201,10
13.00675011,80.24629211,63201,63211,10
13.00675964,80.2469101,63211,63221,10
13.00669956,80.24739838,63221,63272,51
13.00669956,80.24739838,63272,63282,10
13.00658035,80.24745941,63282,63292,10
13.00615978,80.24742889,63292,63302,10
13.00611973,80.24741364,63302,63312,10
13.00603962,80.24736023,63312,63322,10
13.00562954,80.24732971,63322,63332,10
13.00489998,80.24732971,63332,63343,11
13.00401974,80.24742126,63343,63353,10
13.00290012,80.247612,63353,63363,10
13.00187016,80.2478714,63363,63373,10
13.00078964,80.24815369,63373,63383,10
12.99967003,80.2484436,63383,63393,10
12.99859047,80.24873352,63393,63403,10
12.99794006,80.24890137,63403,63413,10
12.99775028,80.24893951,63413,63424,11
12.99724007,80.2490387,63424,63434,10
12.99648952,80.24919891,63434,63444,10
12.99559975,80.24939728,63444,63454,10
12.99464035,80.24967194,63454,63464,10
12.99363995,80.24996185,63464,63474,10
12.99258995,80.25022125,63474,63484,10
12.99153996,80.25048065,63484,63494,10
12.99106026,80.25064087,63494,63504,10
12.99106979,80.25064087,63504,63515,11
12.99069977,80.25071716,63515,63525,10
12.99011993,80.25084686,63525,63535,10
12.9893198,80.2510376,63535,63545,10
12.98822975,80.25134277,63545,63636,91
12.98822975,80.25134277,63636,63646,10
12.98801041,80.25138855,63646,63656,10
12.98760033,80.25147247,63656,63666,10
12.98719025,80.25158691,63666,63677,11
12.98665047,80.25176239,63677,63687,10
12.98602009,80.25193024,63687,63697,10
12.98519993,80.25215149,63697,63707,10
12.98427963,80.25240326,63707,63717,10
12.98338032,80.25261688,63717,63727,10
12.98243999,80.25272369,63727,63737,10
12.98143959,80.25272369,63737,63747,10
12.98069954,80.25273895,63747,63757,10
12.98034,80.25279236,63757,63768,11
12.98029995,80.25279236,63768,63778,10
12.98015022,80.25279999,63778,63788,10
12.97968006,80.25273895,63788,63798,10
12.97918034,80.25267792,63798,63808,10
12.9788599,80.25263977,63808,63818,10
12.97875977,80.25263214,63818,63828,10
12.97834969,80.25241852,63828,63838,10
12.97776031,80.25193787,63838,63849,11
12.97694016,80.25137329,63849,63859,10
12.9760704,80.25106812,63859,63869,10
12.97523022,80.2508316,63869,63879,10
12.97436047,80.25057983,63879,63889,10
12.97332001,80.25029755,63889,63899,10
12.97235012,80.25006104,63899,63909,10
12.97146988,80.24981689,63909,63920,11
12.97027969,80.24947357,63920,63930,10
12.96916008,80.24903107,63930,63940,10
12.96802044,80.2485733,63940,63950,10
12.96712017,80.24817657,63950,63960,10
12.96660995,80.24793243,63960,63970,10
12.96599007,80.24767303,63970,63980,10
12.96541977,80.24742889,63980,64011,31
12.96541977,80.24742889,64011,64021,10
12.9653101,80.24738312,64021,64031,10
12.96487045,80.24723053,64031,64041,10
12.96424007,80.24700928,64041,64051,10
12.96345997,80.24671936,64051,64061,10
12.96257973,80.24626923,64061,64071,10
12.96154976,80.24575806,64071,64081,10
12.96051025,80.24526978,64081,64092,11
12.95946026,80.24479675,64092,64102,10
12.95915031,80.24468994,64102,64112,10
12.95905972,80.24462128,64112,64122,10
12.95862961,80.24442291,64122,64132,10
12.95800018,80.24417114,64132,64142,10
12.95740032,80.24395752,64142,64152,10
12.95662975,80.24376678,64152,64162,10
12.95637989,80.24369049,64162,64173,11
12.95604038,80.24355316,64173,64183,10
12.95547962,80.24321747,64183,64193,10
12.95479012,80.2428894,64193,64203,10
12.95419979,80.24260712,64203,64213,10
12.95341969,80.24230194,64213,64223,10
12.95250988,80.24195862,64223,64233,10
12.95188999,80.24172974,64233,64244,11
12.9517498,80.24169159,64244,64254,10
12.95133018,80.241539,64254,64264,10
12.95067024,80.24133301,64264,64274,10
12.94989967,80.2410965,64274,64284,10
12.94948006,80.24095917,64284,64294,10
12.94946957,80.24095154,64294,64304,10
12.94927979,80.24088287,64304,64314,10
12.94890976,80.2407608,64314,64325,11
12.94822979,80.24047089,64325,64335,10
12.94742966,80.24015808,64335,64345,10
12.94711018,80.24002838,64345,64355,10
12.94705009,80.23999023,64355,64365,10
12.94680023,80.23988342,64365,64375,10
12.94627953,80.23964691,64375,64385,10
12.94556046,80.23931885,64385,64395,10
12.94484043,80.23873138,64395,64405,10
12.94410992,80.23792267,64405,64416,11
12.94332027,80.23708344,64416,64426,10
12.94239044,80.2364502,64426,64436,10
12.94124031,80.23616028,64436,64446,10
12.93978977,80.2358017,64446,64466,20
12.93978977,80.2358017,64466,64476,10
12.93970966,80.23573303,64476,64486,10
12.9393301,80.23551941,64486,64497,11
12.9385004,80.2350769,64497,64507,10
12.93764019,80.23465729,64507,64517,10
12.93663979,80.23417664,64517,64527,10
12.93564987,80.23374939,64527,64537,10
12.93467999,80.23332214,64537,64547,10
12.93393993,80.23297882,64547,64557,10
12.93385029,80.23296356,64557,64567,10
12.93371964,80.23284912,64567,64578,11
12.93317032,80.23259735,64578,64588,10
12.93241024,80.2322998,64588,64598,10
12.93152046,80.23200226,64598,64608,10
12.93050957,80.23168945,64608,64618,10
12.92959023,80.23148346,64618,64628,10
12.92914009,80.23139191,64628,64638,10
12.92875957,80.23130798,64638,64648,10
12.92805004,80.23120117,64648,64659,11
12.92708969,80.23110199,64659,64669,10
12.92628002,80.23101807,64669,64679,10
12.9260397,80.23098755,64679,64689,10
12.92566967,80.2309494,64689,64699,10
12.92506027,80.23087311,64699,64709,10
12.92426014,80.23074341,64709,64719,10
12.92329979,80.23062134,64719,64729,10
12.92218018,80.23043823,64729,64740,11
12.92082977,80.2302475,64740,64750,10
12.91952038,80.23007965,64750,64760,10
12.91821003,80.2299118,64760,64770,10
12.91699028,80.22975159,64770,64780,10
12.91582012,80.22958374,64780,64790,10
12.91466999,80.22943115,64790,64800,10
12.91333008,80.22928619,64800,64820,20
12.91333008,80.22928619,64820,64831,11
12.91300011,80.22921753,64831,64841,10
12.91236973,80.22911072,64841,64851,10
12.91151047,80.22898102,64851,64861,10
12.91049957,80.22882843,64861,64871,10
12.90937996,80.22865295,64871,64881,10
12.90820026,80.22846985,64881,64891,10
12.90719986,80.22834778,64891,64912,21
12.90719986,80.22834778,64912,64922,10
12.9071703,80.22834015,64922,64932,10
12.90686035,80.228302,64932,64942,10
12.90639973,80.22825623,64942,64952,10
12.90622044,80.22825623,64952,64962,10
12.90585041,80.22821808,64962,64972,10
12.90517998,80.22815704,64972,64983,11
12.90433025,80.22811127,64983,64993,10
12.90351963,80.22808075,64993,65003,10
12.90264034,80.22805023,65003,65013,10
12.90180969,80.22801971,65013,65023,10
12.90132999,80.2280426,65023,65033,10
12.90120983,80.22801971,65033,65043,10
12.90108013,80.22799683,65043,65053,10
12.90069008,80.22794342,65053,65063,10
12.90011024,80.22789764,65063,65074,11
12.89929962,80.22786713,65074,65104,30
12.89929962,80.22786713,65104,65114,10
12.89916992,80.22783661,65114,65124,10
12.89867973,80.22781372,65124,65134,10
12.89793015,80.2277832,65134,65144,10
12.89702988,80.2277298,65144,65155,11
12.89591026,80.22767639,65155,65165,10
12.8948698,80.22763824,65165,65175,10
12.89389992,80.22759247,65175,65185,10
12.89315987,80.2275238,65185,65195,10
12.89262962,80.22746277,65195,65256,61
12.89262962,80.22746277,65256,65266,10
12.89256954,80.22740173,65266,65276,10
12.89229012,80.22737885,65276,65286,10
12.89171982,80.22736359,65286,65296,10
12.89091969,80.22736359,65296,65307,11
12.89002037,80.22737122,65307,65317,10
12.88897991,80.22737885,65317,65327,10
12.88801003,80.22733307,65327,65337,10
12.88722992,80.22722626,65337,65347,10
12.88632011,80.22704315,65347,65357,10
12.88531017,80.22679901,65357,65367,10
12.88477039,80.22675323,65367,65377,10
12.8846302,80.22675323,65377,65387,10
12.88409996,80.22673798,65387,65398,11
12.88321972,80.22676086,65398,65408,10
12.88222027,80.22675323,65408,65418,10
12.8810997,80.22676086,65418,65428,10
12.87989998,80.22678375,65428,65438,10
12.87862968,80.22680664,65438,65448,10
12.87742043,80.22689819,65448,65458,10
12.87652016,80.22698975,65458,65468,10
12.87625027,80.22702026,65468,65479,11
12.87600994,80.22701263,65479,65489,10
12.87539959,80.22695923,65489,65499,10
12.87456036,80.22685242,65499,65509,10
12.87353039,80.22673035,65509,65519,10
12.87273979,80.22673035,65519,65529,10
12.87265968,80.22672272,65529,65539,10
12.87232971,80.22672272,65539,65549,10
12.87166023,80.22669983,65549,65560,11
12.87067986,80.22664642,65560,65570,10
12.86958027,80.22651672,65570,65580,10
12.86837959,80.22640228,65580,65590,10
12.86713982,80.22646332,65590,65600,10
12.86594009,80.22659302,65600,65610,10
12.86472034,80.22660065,65610,65620,10
12.86349964,80.22654724,65620,65630,10
12.86227036,80.22657776,65630,65641,11
12.8612299,80.22662354,65641,65651,10
12.86104012,80.22662354,65651,65661,10
12.86065006,80.22657776,65661,65671,10
12.85995007,80.22647095,65671,65681,10
12.85908031,80.22634888,65681,65691,10
12.85832024,80.22628021,65691,65701,10
12.85741997,80.22628784,65701,65711,10
12.85636044,80.22638702,65711,65721,10
12.85507011,80.22653198,65721,65732,11
12.85383987,80.22666168,65732,65742,10
12.8526001,80.22669983,65742,65752,10
12.85136032,80.22664642,65752,65762,10
12.85035038,80.22662354,65762,65772,10
12.85000038,80.22662354,65772,65782,10
12.84990978,80.22662354,65782,65792,10
12.84941959,80.22660828,65792,65802,10
12.84864044,80.22660065,65802,65813,11
12.8475399,80.22660065,65813,65823,10
12.84663963,80.22662354,65823,65833,10
12.84603024,80.22663116,65833,65843,10
12.84599972,80.22662354,65843,65853,10
12.84584045,80.22660828,65853,65863,10
12.84549046,80.22662354,65863,65873,10
12.84547043,80.22662354,65873,65884,11
12.84535027,80.22662354,65884,65894,10
12.84484959,80.22662354,65894,65904,10
12.84405994,80.22666168,65904,65914,10
12.84307957,80.22680664,65914,65924,10
12.84191036,80.22707367,65924,65934,10
12.84072018,80.22737885,65934,65944,10
12.84004021,80.22756958,65944,65954,10
12.83959007,80.22770691,65954,65965,11
12.83917046,80.22783661,65965,65975,10
12.83843994,80.2279892,65975,65985,10
12.83749962,80.22818756,65985,65995,10
12.83633995,80.22836304,65995,66005,10
12.83508015,80.22855377,66005,66015,10
12.8337698,80.22878265,66015,66025,10
12.83253956,80.22901917,66025,66035,10
12.83160973,80.22924805,66035,66046,11
12.83143997,80.22930145,66046,66056,10
12.83100986,80.22940063,66056,66066,10
12.83030033,80.22966003,66066,66076,10
12.82942009,80.22998047,66076,66086,10
12.82837963,80.23049164,66086,66096,10
12.82726002,80.23110962,66096,66106,10
12.82600021,80.2313385,66106,66116,10
12.82479954,80.23135376,66116,66127,11
12.82357979,80.23107147,66127,66137,10
12.82217979,80.23062897,66137,66147,10
12.8208704,80.23043823,66147,66157,10
12.81962013,80.23047638,66157,66167,10
12.81892014,80.23047638,66167,66177,10
12.81877995,80.23042297,66177,66187,10
12.81830025,80.23018646,66187,66197,10
12.81750011,80.22981262,66197,66207,10
12.81643009,80.22949219,66207,66218,11
12.81507969,80.22927856,66218,66228,10
12.81379986,80.22904205,66228,66238,10
12.81252003,80.22860718,66238,66248,10
12.81122971,80.22814178,66248,66258,10
12.80996037,80.22763062,66258,66268,10
12.80879974,80.2269516,66268,66278,10
12.80782032,80.22615051,66278,66289,11
12.80698967,80.22543335,66289,66299,10
12.80638027,80.22486877,66299,66309,10
12.8057003,80.22428894,66309,66319,10
12.80519009,80.22403717,66319,66329,10
12.80500984,80.22400665,66329,66339,10
12.80494022,80.22399139,66339,66349,10
12.80447006,80.22390747,66349,66359,10
12.80370998,80.22386169,66359,66370,11
12.80274963,80.22376251,66370,66380,10
12.80173016,80.22361755,66380,66390,10
12.80056953,80.22350311,66390,66400,10
12.79932022,80.2233963,66400,66410,10
12.79796982,80.22325897,66410,66420,10
12.79660034,80.22303772,66420,66430,10
12.79578972,80.22292328,66430,66440,10
12.79561996,80.2228775,66440,66450,10
12.79508018,80.22276306,66450,66461,11
12.79424,80.22264099,66461,66471,10
12.79333019,80.2224884,66471,66481,10
12.79240036,80.22234344,66481,66491,10
12.79146004,80.22212219,66491,66501,10
12.7905798,80.22190094,66501,66511,10
12.7897501,80.22170258,66511,66531,20
12.7897501,80.22170258,66531,66542,11
12.78954029,80.22161865,66542,66552,10
12.78901958,80.22142029,66552,66562,10
12.78831959,80.22115326,66562,66572,10
12.78783035,80.22096252,66572,66582,10
12.78750038,80.22084045,66582,66592,10
12.78726006,80.2207489,66592,66693,101
12.78689957,80.22059631,66693,66724,31
12.78689957,80.22059631,66724,66734,10
12.78654003,80.22045898,66734,66744,10
12.78627968,80.2203598,66744,66825,81
12.78627968,80.2203598,66825,66835,10
12.78617001,80.22068787,66835,66855,20
12.78617001,80.22068787,66855,66866,11
12.78617954,80.22115326,66866,66876,10
12.78619957,80.2213974,66876,66886,10
12.7862196,80.22145844,66886,66896,10
12.78623962,80.22164917,66896,66906,10
12.78619003,80.22200775,66906,67828,922
12.78619003,80.22200775,67828,67838,10
12.78619003,80.2216568,67838,67858,20
12.78619003,80.2216568,67858,67868,10
12.78619003,80.22138214,67868,67959,91
12.78619003,80.22138214,67959,67969,10
12.78617001,80.22103882,67969,67979,10
12.78614044,80.22059631,67979,68070,91
12.78614044,80.22059631,68070,68081,11
12.78619957,80.22038269,68081,68091,10
12.78635025,80.22032166,68091,68101,10
12.78672028,80.2204895,68101,68111,10
12.78678989,80.22054291,68111,68121,10
12.78680992,80.22057343,68121,68131,10
12.7870903,80.22070313,68131,68141,10
12.78748989,80.22084808,68141,68152,11
12.78794003,80.22103119,68152,68162,10
12.78839016,80.22122192,68162,68172,10
12.78907967,80.22148132,68172,68182,10
12.78960037,80.22167206,68182,68192,10
12.78993034,80.22177887,68192,68202,10
12.79045963,80.22189331,68202,68212,10
12.79111958,80.22203064,68212,68222,10
12.79181004,80.22219849,68222,68232,10
12.79277039,80.22241211,68232,68243,11
12.79405975,80.22261047,68243,68253,10
12.79522991,80.22280121,68253,68263,10
12.79617977,80.22293854,68263,68273,10
12.79631996,80.22296143,68273,68283,10
12.79666042,80.22303772,68283,68293,10
12.79724979,80.22315216,68293,68303,10
12.79794979,80.22325897,68303,68313,10
12.79870987,80.22332764,68313,68324,11
12.79973984,80.22344208,68324,68334,10
12.8007803,80.22354889,68334,68344,10
12.80144024,80.22360992,68344,68354,10
12.80144024,80.22361755,68354,68364,10
12.80185032,80.22370148,68364,68374,10
12.80255032,80.22377014,68374,68384,10
12.80335999,80.22386932,68384,68394,10
12.80416012,80.22393036,68394,68405,11
12.80496979,80.22402191,68405,68415,10
12.80545998,80.22415161,68415,68425,10
12.80548,80.22415924,68425,68435,10
12.80580044,80.22437286,68435,68445,10
12.80634975,80.22483826,68445,68455,10
12.80702972,80.22544861,68455,68465,10
12.80776024,80.22605896,68465,68475,10
12.80860043,80.22676086,68475,68485,10
12.80953979,80.22743225,68485,68496,11
12.81056023,80.22789001,68496,68506,10
12.81167984,80.22830963,68506,68516,10
12.81282997,80.22872162,68516,68526,10
12.81402969,80.22910309,68526,68536,10
12.81529045,80.22931671,68536,68546,10
12.81653023,80.22950745,68546,68556,10
12.81754971,80.22981262,68556,68567,11
12.81801987,80.2300415,68567,68577,10
12.81863022,80.23032379,68577,68587,10
12.81933975,80.23046875,68587,68597,10
12.81974983,80.23043823,68597,68607,10
12.81989002,80.23043823,68607,68617,10
12.82046986,80.23043823,68617,68627,10
12.82133961,80.23046112,68627,68637,10
12.8223896,80.23068237,68637,68648,11
12.82353973,80.23104095,68648,68658,10
12.82460022,80.23130035,68658,68668,10
12.82571983,80.23136902,68668,68678,10
12.8267498,80.23127747,68678,68688,10
12.82779026,80.23085022,68688,68698,10
12.8288002,80.23029327,68698,68708,10
12.82985973,80.22982788,68708,68718,10
12.83100033,80.22937012,68718,68739,21
12.83100033,80.22937012,68739,68749,10
12.83129025,80.22930908,68749,68779,30
12.83129025,80.22930908,68779,68789,10
12.83166027,80.22918701,68789,68799,10
12.83213997,80.2290802,68799,68810,11
12.83288002,80.22894287,68810,68820,10
12.83366966,80.22879791,68820,68830,10
12.83456993,80.22863007,68830,68840,10
12.83555984,80.22849274,68840,68850,10
12.83666039,80.22831726,68850,68860,10
12.83780003,80.22814178,68860,68870,10
12.83874989,80.22789764,68870,68880,10
12.83924961,80.22772217,68880,68891,11
12.83942032,80.22762299,68891,68901,10
12.83965969,80.22756195,68901,68911,10
12.84016991,80.22749329,68911,68921,10
12.84090042,80.22730255,68921,68931,10
12.84179974,80.22705841,68931,68941,10
12.84290028,80.22683716,68941,68951,10
12.84405041,80.22666168,68951,68961,10
12.84525967,80.2265625,68961,68982,21
12.84525967,80.2265625,68982,68992,10
12.84547043,80.22653961,68992,69002,10
12.84562016,80.22653198,69002,69012,10
12.8460598,80.22653961,69012,69022,10
12.84646988,80.22653198,69022,69032,10
12.8471899,80.22651672,69032,69042,10
12.84807968,80.22651672,69042,69053,11
12.84918976,80.22653198,69053,69063,10
12.84998035,80.22648621,69063,69073,10
12.85044956,80.22650909,69073,69083,10
12.85118008,80.2265625,69083,69093,10
12.85210037,80.22660828,69093,69103,10
12.85311985,80.22664642,69103,69113,10
12.85428047,80.2265625,69113,69123,10
12.85548019,80.2264328,69123,69134,11
12.85678005,80.22628021,69134,69144,10
12.85783958,80.22619629,69144,69154,10
12.85873032,80.22621918,69154,69164,10
12.85972023,80.22635651,69164,69174,10
12.86061001,80.22647858,69174,69184,10
12.86079025,80.22650146,69184,69194,10
12.86108017,80.22653961,69194,69204,10
12.86168957,80.2265625,69204,69214,10
12.86252022,80.22650909,69214,69225,11
12.86363983,80.22650146,69225,69235,10
12.86478043,80.22654724,69235,69245,10
12.86587048,80.22653961,69245,69255,10
12.8668499,80.22646332,69255,69265,10
12.86802959,80.22635651,69265,69275,10
12.86931038,80.22644043,69275,69285,10
12.87061977,80.22657776,69285,69295,10
12.87187958,80.22663116,69295,69306,11
12.87265968,80.22662354,69306,69316,10
12.87275982,80.22662354,69316,69326,10
12.87320042,80.22663879,69326,69336,10
12.87392998,80.22669983,69336,69346,10
12.87483025,80.22680664,69346,69356,10
12.87584019,80.22689819,69356,69366,10
12.87650967,80.22689056,69366,69376,10
12.87656021,80.22689056,69376,69387,11
12.87691975,80.22686768,69387,69397,10
12.87757969,80.22682953,69397,69407,10
12.87841034,80.22676086,69407,69417,10
12.87948036,80.22670746,69417,69427,10
12.88068962,80.22669983,69427,69437,10
12.88187981,80.22667694,69437,69447,10
12.88302994,80.22667694,69447,69457,10
12.88411045,80.22666168,69457,69468,11
12.8849802,80.22663879,69468,69478,10
12.88512039,80.22664642,69478,69488,10
12.88537025,80.22670746,69488,69498,10
12.88599014,80.22686005,69498,69508,10
12.88679028,80.2270813,69508,69518,10
12.88782978,80.22724915,69518,69528,10
12.88903046,80.22731781,69528,69538,10
12.89031029,80.22731781,69538,69549,11
12.89151955,80.22727203,69549,69559,10
12.89227962,80.22727966,69559,69589,30
12.89227962,80.22727966,69589,69599,10
12.89233971,80.22730255,69599,69609,10
12.89278984,80.22736359,69609,69619,10
12.89352036,80.22746277,69619,69629,10
12.89451981,80.22756195,69629,69640,11
12.8956604,80.22762299,69640,69650,10
12.89690971,80.22767639,69650,69660,10
12.89818954,80.22773743,69660,69670,10
12.89933968,80.22779846,69670,69680,10
12.90030003,80.22781372,69680,69690,10
12.90065002,80.22781372,69690,69700,10
12.90100956,80.22786713,69700,69711,11
12.90159035,80.22792816,69711,69721,10
12.90242958,80.22796631,69721,69731,10
12.90316963,80.22794342,69731,69751,20
12.90316963,80.22794342,69751,69761,10
12.90347004,80.22796631,69761,69771,10
12.90410995,80.22802734,69771,69781,10
12.90495968,80.22808075,69781,69791,10
12.90641022,80.22814941,69791,69842,51
12.90641022,80.22814941,69842,69852,10
12.9067297,80.22820282,69852,69862,10
12.90701962,80.22821808,69862,69873,11
12.90725994,80.22825623,69873,69883,10
12.90787983,80.22836304,69883,69893,10
12.90874004,80.22852325,69893,69903,10
12.90981007,80.2286911,69903,69913,10
12.91100025,80.22888184,69913,69923,10
12.91226006,80.22905731,69923,69933,10
12.91339016,80.22920227,69933,69943,10
12.91397953,80.22926331,69943,69954,11
12.91401958,80.22927856,69954,69964,10
12.9142704,80.22931671,69964,69974,10
12.91487026,80.22940063,69974,69984,10
12.91571045,80.22953033,69984,69994,10
12.91670036,80.22966766,69994,70004,10
12.91773033,80.22979736,70004,70014,10
12.91870022,80.22994232,70014,70024,10
12.9197197,80.23007202,70024,70035,11
12.92099953,80.23023987,70035,70045,10
12.92222977,80.23042297,70045,70055,10
12.9235096,80.23059845,70055,70065,10
12.92479038,80.23075104,70065,70075,10
12.92593002,80.23087311,70075,70085,10
12.92638969,80.23091888,70085,70095,10
12.92648029,80.23092651,70095,70105,10
12.92693996,80.23098755,70105,70115,10
12.92766953,80.2310791,70115,70126,11
12.92850971,80.23119354,70126,70136,10
12.92868042,80.23121643,70136,70146,10
12.92875004,80.23123169,70146,70156,10
12.92914963,80.23132324,70156,70166,10
12.92982006,80.23146057,70166,70176,10
12.93064976,80.23169708,70176,70186,10
12.93161964,80.23200226,70186,70196,10
12.93255997,80.23230743,70196,70207,11
12.93346024,80.23267365,70207,70217,10
12.93363953,80.23277283,70217,70227,10
12.93377018,80.23285675,70227,70237,10
12.93422985,80.233078,70237,70247,10
12.93494034,80.23339844,70247,70257,10
12.93575001,80.23377228,70257,70267,10
12.93649006,80.23410797,70267,70278,11
12.93725967,80.23449707,70278,70288,10
12.93820953,80.23493958,70288,70298,10
12.93906021,80.23535919,70298,70308,10
12.93966007,80.23564148,70308,70318,10
12.93970013,80.23564911,70318,70328,10
12.9398098,80.23571014,70328,70338,10
12.94046021,80.23593903,70338,70348,10
12.94126034,80.23612976,70348,70359,11
12.94229984,80.23641968,70359,70369,10
12.94320011,80.23692322,70369,70379,10
12.94392967,80.23764801,70379,70389,10
12.94470978,80.23854065,70389,70399,10
12.94561958,80.23934174,70399,70409,10
12.9467001,80.23976898,70409,70419,10
12.94723988,80.2399826,70419,70429,10
12.94738007,80.24004364,70429,70440,11
12.94791985,80.24027252,70440,70450,10
12.94880962,80.24060822,70450,70500,50
12.94880962,80.24060822,70500,70510,10
12.94886971,80.2406311,70510,70520,10
12.94919968,80.24078369,70520,70531,11
12.9499197,80.24102783,70531,70541,10
12.95073986,80.24124908,70541,70551,10
12.95102978,80.24134064,70551,70561,10
12.95125008,80.24144745,70561,70571,10
12.95180035,80.24163818,70571,70581,10
12.95258045,80.2419281,70581,70591,10
12.95341969,80.24224854,70591,70601,10
12.95421982,80.24256897,70601,70612,11
12.95499039,80.24286652,70612,70622,10
12.95571995,80.24310303,70622,70632,10
12.9563303,80.24330139,70632,70652,20
12.9563303,80.24330139,70652,70662,10
12.95660019,80.24337006,70662,70672,10
12.95711994,80.24365997,70672,70682,10
12.95788002,80.24401093,70682,70693,11
12.95870018,80.24437714,70693,70703,10
12.95893002,80.24446869,70703,70713,10
12.95905972,80.24456024,70713,70723,10
12.95956039,80.24478912,70723,70733,10
12.96028042,80.24511719,70733,70743,10
12.96113968,80.24552155,70743,70753,10
12.96205044,80.24595642,70753,70763,10
12.96282005,80.24635315,70763,70774,11
12.96348,80.24668121,70774,70784,10
12.96413994,80.24694061,70784,70794,10
12.96496964,80.2472229,70794,70804,10
12.96594048,80.24754333,70804,70814,10
12.96662998,80.24783325,70814,70824,10
12.96669006,80.24787903,70824,70834,10
12.9667902,80.24796295,70834,70844,10
12.96726036,80.24822998,70844,70854,10
12.96805954,80.24855804,70854,70865,11
12.96897984,80.24891663,70865,70875,10
12.97008038,80.2493515,70875,70885,10
12.97126961,80.24976349,70885,70895,10
12.97249031,80.25006104,70895,70905,10
12.97356987,80.25032806,70905,70915,10
12.97465992,80.25064087,70915,70925,10
12.97572041,80.25093842,70925,70936,11
12.9769001,80.251297,70936,70946,10
12.97791004,80.25190735,70946,70956,10
12.97891998,80.25254059,70956,70966,10
12.97994995,80.25266266,70966,70976,10
12.98019028,80.25263214,70976,70986,10
12.98044014,80.25263977,70986,70996,10
12.98104,80.25261688,70996,71006,10
12.98190022,80.25260162,71006,71017,11
12.98299026,80.25254822,71017,71027,10
12.98429966,80.25227356,71027,71037,10
12.98534966,80.25198364,71037,71047,10
12.98602009,80.25176239,71047,71118,71
12.98602009,80.25176239,71118,71128,10
12.9861002,80.25176239,71128,71138,10
12.98649979,80.25167084,71138,71148,10
12.98698044,80.25154114,71148,71158,10
12.98756981,80.25137329,71158,71168,10
12.98814011,80.25124359,71168,71179,11
12.98898983,80.25102234,71179,71189,10
12.98948956,80.25087738,71189,71199,10
12.98956966,80.25086975,71199,71209,10
12.98997974,80.25079346,71209,71219,10
12.99077988,80.25058746,71219,71229,10
12.9917202,80.25035858,71229,71239,10
12.99281025,80.25009918,71239,71249,10
12.99398041,80.24980164,71249,71260,11
12.99524975,80.24947357,71260,71270,10
12.99627972,80.24919128,71270,71280,10
12.99676991,80.24904633,71280,71290,10
12.99699974,80.24903107,71290,71300,10
12.99752045,80.24891663,71300,71310,10
12.99816036,80.2487793,71310,71320,10
12.99901962,80.24855042,71320,71330,10
13.00006008,80.24829102,71330,71341,11
13.00125027,80.24797821,71341,71351,10
13.00232029,80.24771118,71351,71361,10
13.00341034,80.24751282,71361,71371,10
13.00450039,80.24733734,71371,71381,10
13.00539017,80.24719238,71381,71391,10
13.00613976,80.24690247,71391,71401,10
13.00646019,80.24649811,71401,71411,10
13.00648975,80.24645996,71411,71422,11
13.00656033,80.2461319,71422,71432,10
13.00658035,80.24575043,71432,71442,10
13.00658035,80.24552917,71442,71452,10
13.00658035,80.24520111,71452,71462,10
13.00658989,80.24494934,71462,71472,10
13.00660038,80.24475098,71472,71482,10
13.00662041,80.24452972,71482,71492,10
13.00664043,80.24432373,71492,71503,11
13.00664043,80.24417114,71503,71513,10
13.00662994,80.24375916,71513,71523,10
13.00662994,80.24327087,71523,71533,10
13.00658035,80.24252319,71533,71543,10
13.00656986,80.24159241,71543,71553,10
13.00660992,80.2408905,71553,71563,10
13.00667953,80.24049377,71563,71594,31
13.00667953,80.24049377,71594,71604,10
13.00675964,80.2401123,71604,71614,10
13.00691986,80.23947144,71614,71624,10
13.00706959,80.23860931,71624,71634,10
13.00722027,80.23783112,71634,71644,10
13.00732994,80.23726654,71644,71654,10
13.00737953,80.23690033,71654,71665,11
13.0074501,80.23660278,71665,71675,10
13.00755024,80.23623657,71675,71685,10
13.00767994,80.23561096,71685,71695,10
13.00784969,80.23478699,71695,71705,10
13.00804043,80.23384094,71705,71715,10
13.00825977,80.23278809,71715,71725,10
13.00846958,80.23168945,71725,71735,10
13.00868988,80.23053741,71735,71745,10
13.00889969,80.22947693,71745,71756,11
13.0092001,80.22814178,71756,71766,10
13.00959969,80.22718048,71766,71776,10
13.01004028,80.22625732,71776,71786,10
13.01051998,80.22537994,71786,71796,10
13.01082039,80.22466278,71796,71806,10
13.01124001,80.22354889,71806,71826,20
13.01124001,80.22354889,71826,71837,11
13.01136971,80.22309113,71837,71847,10
13.01167011,80.22236633,71847,71857,10
13.01204967,80.22151947,71857,71867,10
13.01239967,80.22157288,71867,71877,10
13.01278973,80.2220993,71877,71887,10
13.01331997,80.22271729,71887,71897,10
13.01387978,80.22335815,71897,71907,10
13.01426983,80.22386932,71907,71918,11
13.01490021,80.22457886,71918,71928,10
13.01511002,80.22476196,71928,71938,10
13.01517963,80.2248764,71938,71948,10
13.0155201,80.22519684,71948,71958,10
13.01624966,80.22540283,71958,71968,10
13.01727009,80.22505951,71968,71978,10
13.01828003,80.22463989,71978,71988,10
13.01924038,80.22438049,71988,71999,11
13.02023029,80.22492218,71999,72019,20
13.02023029,80.22492218,72019,72029,10
13.02040005,80.22503662,72029,72039,10
13.02068043,80.22525024,72039,72049,10
13.02089977,80.22544861,72049,72100,51
13.02091026,80.22551727,72100,72211,111
13.02091026,80.22551727,72211,72221,10
13.02112961,80.22577667,72221,72231,10
13.02140045,80.22589111,72231,72535,304
13.02140045,80.22589111,72535,72545,10
13.02178001,80.22612762,72545,72555,10
13.02223969,80.22648621,72555,72566,11
13.02268982,80.22689819,72566,72576,10
13.02328014,80.22741699,72576,72586,10
13.02377987,80.2278595,72586,72596,10
13.02420044,80.2282486,72596,72606,10
13.0243597,80.22846222,72606,72667,61
13.0243597,80.22846222,72667,72677,10
13.02435017,80.2285614,72677,72687,10
13.0241003,80.22850037,72687,72697,10
13.02379036,80.22807312,72697,72707,10
13.02336025,80.22767639,72707,72940,233
13.02336025,80.22767639,72940,72950,10
13.02328014,80.22753906,72950,72960,10
13.02305984,80.22733307,72960,72970,10
13.02299976,80.22724915,72970,72981,11
13.0229702,80.22718048,72981,72991,10
13.02266026,80.22689819,72991,73001,10
13.02225971,80.22651672,73001,73011,10
13.02176952,80.22612762,73011,73021,10
13.02143955,80.22589874,73021,73031,10
13.02130032,80.22579956,73031,73041,10
13.02103996,80.22554779,73041,73051,10
13.02062988,80.22527313,73051,73062,11
13.02015972,80.22499084,73062,73072,10
13.01982975,80.22480011,73072,73092,20
13.01982975,80.22480011,73092,73102,10
13.01963043,80.22466278,73102,73112,10
13.01912022,80.2244873,73112,73122,10
13.01846027,80.22460938,73122,73132,10
13.01772976,80.22492218,73132,73143,11
13.01686001,80.22525787,73143,73153,10
13.01611996,80.22554016,73153,73163,10
13.01541996,80.22577667,73163,73173,10
13.01438999,80.22621155,73173,73193,20
13.01438999,80.22621155,73193,73203,10
13.01397991,80.22635651,73203,73213,10
13.01340008,80.22659302,73213,73224,11
13.01266003,80.22688293,73224,73234,10
13.01187992,80.22718048,73234,73244,10
13.01099968,80.22753906,73244,73254,10
13.0101099,80.22788239,73254,73264,10
13.00918007,80.22836304,73264,73274,10
13.00889015,80.22942352,73274,73284,10
13.00868034,80.23052979,73284,73294,10
13.00848007,80.23164368,73294,73305,11
13.0082798,80.23284149,73305,73315,10
13.0081501,80.23362732,73315,73325,10
13.0080204,80.23425293,73325,73335,10
13.00790024,80.23490143,73335,73345,10
13.00786018,80.23509979,73345,73355,10
13.00774956,80.23558807,73355,73365,10
13.0075798,80.23645782,73365,73375,10
13.00734043,80.23760986,73375,73386,11
13.00710964,80.23886871,73386,73396,10
13.00691986,80.23986816,73396,73406,10
13.00681973,80.24054718,73406,73416,10
13.00681973,80.24059296,73416,73426,10
13.00675011,80.24098969,73426,73436,10
13.00671005,80.24173737,73436,73446,10
13.00669003,80.24265289,73446,73456,10
13.00666046,80.24350739,73456,73467,11
13.00662994,80.24462128,73467,73477,10
13.00664043,80.24572754,73477,73487,10
13.00667953,80.24680328,73487,73497,10
13.00644016,80.24742126,73497,73508,11
13.00621033,80.24739075,73508,73517,9
13.00594044,80.24732971,73517,73528,11
13.00514984,80.24729919,73528,73538,10
13.00415993,80.24739838,73538,73549,11
13.00304985,80.24758148,73549,73559,10
13.00207996,80.24778748,73559,73569,10
13.00094032,80.24806213,73569,73579,10
12.99969959,80.24838257,73579,73589,10
12.99841022,80.248703,73589,73599,10
12.99707031,80.24903107,73599,73609,10
12.99571037,80.24938202,73609,73619,10
12.99435997,80.2497406,73619,73630,11
12.99285984,80.25012207,73630,73640,10
12.99147987,80.25047302,73640,73650,10
12.99007988,80.25081635,73650,73660,10
12.98845959,80.251297,73660,73721,61
12.98845959,80.251297,73721,73731,10
12.98830032,80.2512207,73731,73741,10
12.98793983,80.25134277,73741,73753,12
12.98746967,80.25144958,73753,73763,10
12.98709011,80.25157928,73763,73773,10
12.98668003,80.25170135,73773,73783,10
12.98614979,80.25183868,73783,73794,11
12.98548985,80.25200653,73794,73804,10
12.98462009,80.25224304,73804,73814,10
12.98357964,80.2525177,73814,73824,10
12.98248959,80.25267029,73824,73834,10
12.98147964,80.25270844,73834,73844,10
12.98071957,80.25273132,73844,73854,10
12.98023987,80.2527771,73854,73863,9
12.98015022,80.25279236,73863,73875,12
12.97998047,80.25279999,73875,73885,10
12.97986031,80.25273895,73885,73895,10
12.97941017,80.2526474,73895,73905,10
12.97881985,80.25258636,73905,73915,10
12.97871971,80.25257111,73915,73925,10
12.97867012,80.25257111,73925,73935,10
12.97832966,80.25240326,73935,73945,10
12.97776031,80.25193787,73945,73956,11
12.97696972,80.25137329,73956,73966,10
12.97574043,80.25099182,73966,73976,10
12.97455025,80.2506485,73976,73986,10
12.97360039,80.2503891,73986,73996,10
12.97214031,80.25,73996,74006,10
12.97091007,80.24967957,74006,74016,10
12.9697504,80.24925995,74016,74026,10
12.96870041,80.24884033,74026,74037,11
12.96765041,80.24842072,74037,74047,10
12.96687984,80.24807739,74047,74057,10
12.96642971,80.24784851,74057,74067,10
12.96578979,80.24758148,74067,74077,10
12.96514988,80.24736786,74077,74087,10
12.96506023,80.24733734,74087,74097,10
12.96500015,80.24729919,74097,74107,10
12.9646101,80.24714661,74107,74118,11
12.96393967,80.2469101,74118,74128,10
12.96337986,80.24668121,74128,74138,10
12.96267033,80.24632263,74138,74148,10
12.96183968,80.24591064,74148,74158,10
12.96102047,80.24550629,74158,74168,10
12.96022034,80.24513245,74168,74178,10
12.95948982,80.24481964,74178,74188,10
12.95936012,80.24475098,74188,74199,11
12.95917988,80.24465179,74199,74209,10
12.95864964,80.24440765,74209,74219,10
12.95792961,80.24410248,74219,74229,10
12.95722008,80.24388885,74229,74239,10
12.95648956,80.24362946,74239,74249,10
12.9562397,80.2435379,74249,74259,10
12.95569992,80.2432785,74259,74269,10
12.95493984,80.24292755,74269,74280,11
12.95400047,80.24253845,74280,74290,10
12.95324993,80.24221802,74290,74300,10
12.9523201,80.24185181,74300,74310,10
12.95143986,80.24154663,74310,74320,10
12.9510498,80.24144745,74320,74330,10
12.95079994,80.24136353,74330,74340,10
12.95032978,80.24121094,74340,74350,10
12.94915009,80.24085236,74350,74371,21
12.94915009,80.24085236,74371,74381,10
12.94908047,80.24082947,74381,74391,10
12.94869041,80.24066925,74391,74401,10
12.94799042,80.24037933,74401,74411,10
12.94729996,80.24008942,74411,74421,10
12.9470396,80.23999786,74421,74431,10
12.94696045,80.23995972,74431,74442,11
12.94653988,80.23976898,74442,74452,10
12.94585991,80.23948669,74452,74462,10
12.94511986,80.2390213,74462,74472,10
12.9443903,80.23825836,74472,74482,10
12.94357967,80.23738098,74482,74492,10
12.94264984,80.23660278,74492,74502,10
12.94141006,80.23621368,74502,74512,10
12.94019032,80.23590851,74512,74523,11
12.93959999,80.23573303,74523,74533,10
12.93945026,80.23564911,74533,74543,10
12.93894005,80.23538208,74543,74553,10
12.93822002,80.23500061,74553,74563,10
12.93731976,80.23455811,74563,74573,10
12.93628025,80.23407745,74573,74583,10
12.93529034,80.23361206,74583,74593,10
12.93424988,80.23313141,74593,74603,10
12.93391991,80.23300934,74603,74614,11
12.9337101,80.23291779,74614,74624,10
12.93315983,80.23265076,74624,74634,10
12.9323597,80.23233795,74634,74644,10
12.93138027,80.231987,74644,74654,10
12.93023968,80.23164368,74654,74664,10
12.92918015,80.23139954,74664,74674,10
12.92805958,80.2312088,74674,74685,11
12.92689991,80.2310791,74685,74695,10
12.92617989,80.23101044,74695,74705,10
12.92605972,80.23098755,74705,74715,10
12.92560005,80.23092651,74715,74725,10
12.92486954,80.23084259,74725,74735,10
12.92401981,80.23074341,74735,74745,10
12.92296028,80.23061371,74745,74755,10
12.92177963,80.2304306,74755,74765,10
12.92041016,80.23026276,74765,74776,11
12.91917992,80.23008728,74776,74786,10
12.91798019,80.2299118,74786,74796,10
12.91674042,80.2297287,74796,74806,10
12.91565037,80.22958374,74806,74816,10
12.9145298,80.22943115,74816,74826,10
12.91368008,80.2293396,74826,74836,10
12.91337967,80.22930908,74836,74846,10
12.91318989,80.22924805,74846,74857,11
12.91252995,80.22914124,74857,74867,10
12.91168976,80.22901917,74867,74877,10
12.91063023,80.22885895,74877,74887,10
12.90946007,80.22866058,74887,74897,10
12.90822029,80.22846222,74897,74907,10
12.9070797,80.22828674,74907,74948,41
12.9070797,80.22828674,74948,74958,10
12.90699005,80.22815704,74958,74968,10
12.9067297,80.22814941,74968,74978,10
12.90610027,80.22814178,74978,74988,10
12.90522957,80.22811127,74988,74998,10
12.90419006,80.22808075,74998,75008,10
12.90307999,80.2280426,75008,75019,11
12.90192032,80.22798157,75019,75029,10
12.90126038,80.22796631,75029,75130,101
12.90126038,80.22796631,75130,75140,10
12.90106964,80.22795105,75140,75150,10
12.90077019,80.2279129,75150,75160,10
12.90025997,80.22789764,75160,75170,10
12.89978981,80.2278595,75170,75181,11
12.89949989,80.22783661,75181,75191,10
12.89881992,80.22779846,75191,75201,10
12.89793015,80.22775269,75201,75211,10
12.8968401,80.22769928,75211,75221,10
12.89562988,80.2276535,75221,75231,10
12.89435959,80.2276001,75231,75241,10
12.8926096,80.22744751,75241,75272,31
12.8926096,80.22744751,75272,75282,10
12.89233971,80.22741699,75282,75292,10
12.89167976,80.22737885,75292,75302,10
12.89078045,80.22737885,75302,75312,10
12.88965988,80.22737885,75312,75322,10
12.8884697,80.22737122,75322,75332,10
12.88733959,80.22725677,75332,75343,11
12.88617039,80.22699738,75343,75353,10
12.88510036,80.22676849,75353,75363,10
12.88473988,80.22675323,75363,75373,10
12.88457966,80.22673798,75373,75383,10
12.88401031,80.22673035,75383,75393,10
12.88317013,80.22673798,75393,75403,10
12.88212967,80.22675323,75403,75413,10
12.88094044,80.22673798,75413,75424,11
12.87954044,80.22676086,75424,75434,10
12.87819958,80.22682953,75434,75444,10
12.87703991,80.22693634,75444,75454,10
12.87631989,80.22699738,75454,75464,10
12.87629986,80.22699738,75464,75474,10
12.87588978,80.22698212,75474,75484,10
12.87516022,80.22692108,75484,75494,10
12.87419987,80.22680664,75494,75505,11
12.87302017,80.22672272,75505,75515,10
12.87254047,80.22673035,75515,75525,10
12.87242031,80.22673035,75525,75535,10
12.87187004,80.22670746,75535,75545,10
12.87104034,80.22666931,75545,75555,10
12.87001038,80.22660065,75555,75565,10
12.86884975,80.22646332,75565,75575,10
12.86760044,80.22646332,75575,75586,11
12.86620045,80.22657013,75586,75596,10
12.86491013,80.22657776,75596,75606,10
12.86359024,80.22651672,75606,75616,10
12.86227989,80.2265625,75616,75626,10
12.86130047,80.22660065,75626,75636,10
12.8608799,80.22660828,75636,75646,10
12.86075974,80.22660065,75646,75656,10
12.86019993,80.22651672,75656,75667,11
12.8593502,80.22637939,75667,75677,10
12.85875988,80.2263031,75677,75687,10
12.85801029,80.22627258,75687,75697,10
12.85706997,80.22631836,75697,75707,10
12.85593033,80.22644043,75707,75717,10
12.85468006,80.22657013,75717,75727,10
12.85340023,80.22669983,75727,75737,10
12.8521204,80.22669983,75737,75748,11
12.85079956,80.22663879,75748,75758,10
12.8499403,80.22663116,75758,75768,10
12.84984016,80.22663879,75768,75778,10
12.84943008,80.22662354,75778,75788,10
12.84867001,80.22662354,75788,75798,10
12.84768963,80.22662354,75798,75808,10
12.84657955,80.22663116,75808,75818,10
12.84566021,80.22663116,75818,75829,11
12.84537983,80.22663116,75829,75839,10
12.84531975,80.22663879,75839,75849,10
12.8448801,80.22663879,75849,75859,10
12.84412003,80.22666931,75859,75869,10
12.84311962,80.2268219,75869,75879,10
12.84197044,80.22705841,75879,75889,10
12.84080029,80.22737885,75889,75899,10
12.84006977,80.22759247,75899,75910,11
12.83967972,80.22769928,75910,75920,10
12.83957958,80.22770691,75920,75930,10
12.83928967,80.22779846,75930,75940,10
12.83905983,80.2278595,75940,75950,10
12.8384304,80.22801971,75950,75960,10
12.8375597,80.22820282,75960,75970,10
12.83644962,80.2283783,75970,75980,10
12.83522987,80.22856903,75980,75991,11
12.83393002,80.22879028,75991,76001,10
12.83265972,80.22904968,76001,76011,10
12.83178043,80.22924042,76011,76021,10
12.83152008,80.22931671,76021,76031,10
12.83127975,80.22936249,76031,76041,10
12.83065033,80.22956848,76041,76051,10
12.82979965,80.22988129,76051,76061,10
12.82878017,80.23030853,76061,76072,11
12.82765007,80.2309494,76072,76082,10
12.82653999,80.2313385,76082,76092,10
12.8252697,80.23142242,76092,76102,10
12.82400036,80.23121643,76102,76112,10
12.82273006,80.2308197,76112,76122,10
12.82145977,80.23047638,76122,76132,10
12.82017994,80.23046875,76132,76142,10
12.81910038,80.23049927,76142,76153,11
12.81884956,80.23047638,76153,76163,10
12.81851006,80.23030853,76163,76173,10
12.81779957,80.22995758,76173,76183,10
12.8169899,80.22962189,76183,76193,10
12.81587982,80.22940063,76193,76203,10
12.81466007,80.22921753,76203,76213,10
12.81340981,80.22891998,76213,76223,10
12.81214046,80.22847748,76223,76233,10
12.81087017,80.22801971,76233,76244,11
12.80959988,80.22747803,76244,76254,10
12.80885983,80.22702026,76254,76264,10
12.80809975,80.22637939,76264,76274,10
12.80727005,80.22567749,76274,76284,10
12.80667019,80.22512817,76284,76294,10
12.80601978,80.22457123,76294,76304,10
12.80548,80.22415161,76304,76314,10
12.80510998,80.22402954,76314,76325,11
12.80445957,80.22392273,76325,76335,10
12.80373001,80.22386932,76335,76344,9
12.80290031,80.22377777,76344,76355,11
12.80167007,80.22364807,76355,76365,10
12.80101967,80.22360229,76365,76375,10
12.80095959,80.22357178,76375,76385,10
12.80051994,80.22353363,76385,76395,10
12.79975986,80.22344208,76395,76406,11
12.79860973,80.22335052,76406,76416,10
12.7973299,80.22316742,76416,76426,10
12.7961998,80.22296906,76426,76436,10
12.79578972,80.22290802,76436,76446,10
12.79551029,80.22284698,76446,76456,10
12.79483032,80.22271729,76456,76466,10
12.79389954,80.22257233,76466,76476,10
12.79279995,80.22241211,76476,76487,11
12.79154968,80.22212982,76487,76497,10
12.79041958,80.22186279,76497,76507,10
12.78954029,80.22160339,76507,76517,10
12.78882027,80.22132874,76517,76527,10
12.78826046,80.22112274,76527,76537,10
12.78767967,80.22090149,76537,76547,10
12.78724003,80.2207489,76547,76557,10
12.78719997,80.22073364,76557,76568,11
12.78713989,80.22070313,76568,76578,10
12.78680992,80.22058105,76578,76588,10
12.78639984,80.22042084,76588,76638,50
12.78639984,80.22042084,76638,76649,11
12.78617954,80.22042847,76649,76659,10
12.78617954,80.22068787,76659,76669,10
12.78617954,80.22116089,76669,76679,10
12.78619957,80.22155762,76679,76689,10
12.78629017,80.22177124,76689,76699,10
12.78623962,80.22189331,76699,77064,365
12.78623962,80.22189331,77064,77074,10
12.78623962,80.22161865,77074,77084,10
12.78619003,80.22135162,77084,77094,10
12.78621006,80.221138,77094,77104,10
12.78621006,80.22099304,77104,77114,10
12.78619957,80.22065735,77114,77124,10
12.78623962,80.22045135,77124,77145,21
12.78623962,80.22045135,77145,77155,10
12.78639984,80.22038269,77155,77165,10
12.78647995,80.22041321,77165,77175,10
12.78658962,80.22045898,77175,77185,10
12.78680038,80.22055817,77185,77195,10
12.78734016,80.22077179,77195,77205,10
12.78796959,80.2210083,77205,77216,11
12.78880024,80.22132874,77216,77226,10
12.78929996,80.22151947,77226,77236,10
12.78985977,80.22171783,77236,77246,10
12.79063988,80.22193909,77246,77256,10
12.79164028,80.22219849,77256,77266,10
12.79279995,80.22245789,77266,77276,10
12.79407978,80.22265625,77276,77286,10
12.7952404,80.22283936,77286,77297,11
12.79615974,80.22296906,77297,77307,10
12.79621029,80.22299194,77307,77317,10
12.79660034,80.22306824,77317,77327,10
12.79728985,80.2232132,77327,77337,10
12.79817009,80.22335815,77337,77347,10
12.79922009,80.2234726,77347,77357,10
12.80039024,80.22357178,77357,77367,10
12.8013401,80.22364044,77367,77378,11
12.80165958,80.22366333,77378,77388,10
12.80224037,80.22373962,77388,77398,10
12.80298996,80.22386169,77398,77408,10
12.80383015,80.22393036,77408,77418,10
12.80459976,80.22399902,77418,77428,10
12.80529976,80.22412872,77428,77438,10
12.80545998,80.22418976,77438,77448,10
12.80560017,80.22428131,77448,77459,11
12.80613995,80.22470093,77459,77469,10
12.80685997,80.2253418,77469,77479,10
12.80770016,80.22606659,77479,77489,10
12.80865002,80.22686768,77489,77499,10
12.80967045,80.22756195,77499,77509,10
12.81077957,80.22805023,77509,77519,10
12.81194019,80.22849274,77519,77529,10
12.81313992,80.22889709,77529,77540,11
12.81451035,80.22927856,77540,77550,10
12.81583023,80.22946167,77550,77560,10
12.8171196,80.22972107,77560,77570,10
12.81832981,80.23026276,77570,77580,10
12.81939983,80.23053741,77580,77590,10
12.82056046,80.23052216,77590,77600,10
12.82184029,80.23059845,77600,77610,10
12.82314014,80.23097992,77610,77621,11
12.82446003,80.23132324,77621,77631,10
12.82569981,80.23143005,77631,77641,10
12.82695007,80.23129272,77641,77651,10
12.82810974,80.23074341,77651,77661,10
12.8292799,80.23014069,77661,77671,10
12.83049965,80.22962189,77671,77681,10
12.83143044,80.22924805,77681,77691,10
12.83162022,80.22917938,77691,77702,11
12.83203983,80.2290802,77702,77712,10
12.83277988,80.22895813,77712,77722,10
12.83380032,80.22875977,77722,77732,10
12.83500957,80.2285614,77732,77742,10
12.83627987,80.22837067,77742,77752,10
12.83753967,80.22817993,77752,77762,10
12.83864975,80.22795105,77762,77772,10
12.8392601,80.22775269,77772,77783,11
12.83944988,80.22769928,77783,77793,10
12.83953953,80.22766113,77793,77803,10
12.83994007,80.22756195,77803,77813,10
12.84062004,80.22737885,77813,77823,10
12.84152031,80.22717285,77823,77833,10
12.84263039,80.22691345,77833,77843,10
12.84387016,80.22670746,77843,77853,10
12.84496021,80.22659302,77853,77863,10
12.84537983,80.2265625,77863,77874,11
12.84578037,80.2265625,77874,77884,10
12.84652996,80.2265625,77884,77894,10
12.84751034,80.22654724,77894,77904,10
12.84848022,80.22654724,77904,77914,10
12.84947968,80.22653961,77914,77924,10
12.85004044,80.22653961,77924,77955,31
12.85004044,80.22653961,77955,77965,10
12.85033989,80.22659302,77965,77975,10
12.85093975,80.22659302,77975,77985,10
12.85171986,80.22662354,77985,77995,10
12.8526001,80.22666168,77995,78005,10
12.85344028,80.22663879,78005,78015,10
12.85428047,80.22654724,78015,78025,10
12.85503006,80.22646332,78025,78036,11
12.85575962,80.22638702,78036,78046,10
12.85636997,80.22631836,78046,78056,10
12.85692978,80.22625732,78056,78066,10
12.85741997,80.22621918,78066,78076,10
12.85789013,80.22621918,78076,78086,10
12.85851002,80.22625732,78086,78096,10
12.85933018,80.22635651,78096,78106,10
12.86023045,80.22648621,78106,78117,11
12.86077976,80.2265625,78117,78127,10
12.86104012,80.22660065,78127,78137,10
12.86166,80.22657776,78137,78147,10
12.86250973,80.22653961,78147,78157,10
12.86355019,80.22653198,78157,78167,10
12.86466026,80.22657776,78167,78177,10
12.86583042,80.22659302,78177,78187,10
12.86701012,80.22647858,78187,78198,11
12.86837959,80.22637939,78198,78208,10
12.86964989,80.22650146,78208,78218,10
12.87094975,80.22663879,78218,78228,10
12.87215996,80.22666931,78228,78238,10
12.8728199,80.22667694,78238,78248,10
12.87290001,80.22667694,78248,78258,10
12.87335014,80.22669983,78258,78268,10
12.87411022,80.22676086,78268,78279,11
12.87518024,80.22691345,78279,78289,10
12.87619019,80.22695923,78289,78299,10
12.87681007,80.22691345,78299,78309,10
12.87693977,80.22689819,78309,78319,10
12.87747002,80.22686768,78319,78329,10
12.87827969,80.22680664,78329,78339,10
12.87932968,80.22676086,78339,78349,10
12.88055038,80.22675323,78349,78360,11
12.88195992,80.22673035,78360,78370,10
12.88329983,80.22670746,78370,78380,10
12.88455009,80.22667694,78380,78390,10
12.88521957,80.22669983,78390,78400,10
12.88529015,80.22669983,78400,78410,10
12.88570023,80.22679901,78410,78420,10
12.88642979,80.22701263,78420,78430,10
12.8874197,80.22724152,78430,78441,11
12.88871956,80.22736359,78441,78451,10
12.89002037,80.22736359,78451,78461,10
12.89134979,80.2273407,78461,78471,10
12.89227962,80.2273407,78471,78501,30
12.89227962,80.2273407,78501,78511,10
12.89256001,80.22737122,78511,78522,11
12.89328003,80.2274704,78522,78532,10
12.89416027,80.22756958,78532,78542,10
12.89519978,80.22763824,78542,78552,10
12.89638042,80.22769165,78552,78562,10
12.89764977,80.22775269,78562,78572,10
12.89896011,80.22782898,78572,78582,10
12.90028,80.22789764,78582,78592,10
12.90139961,80.22795868,78592,78603,11
12.90252018,80.2279892,78603,78613,10
12.90297031,80.22798157,78613,78623,10
12.9030304,80.22798157,78623,78633,10
12.90347958,80.2280426,78633,78643,10
12.90427971,80.22808838,78643,78653,10
12.90530014,80.22815704,78653,78663,10
12.90639973,80.22823334,78663,78673,10
12.90752029,80.22834778,78673,78684,11
12.90882969,80.2285614,78684,78694,10
12.91005039,80.2287674,78694,78704,10
12.91131973,80.22895813,78704,78714,10
12.91261005,80.22914886,78714,78724,10
12.91366005,80.22927094,78724,78734,10
12.9139204,80.22931671,78734,78744,10
12.91431999,80.22940063,78744,78754,10
12.91502953,80.22949982,78754,78765,11
12.91611004,80.22963715,78765,78775,10
12.91726971,80.2297821,78775,78785,10
12.91843987,80.22994232,78785,78795,10
12.91971016,80.23011017,78795,78805,10
12.92103004,80.23026276,78805,78815,10
12.92238998,80.23045349,78815,78825,10
12.92376041,80.23065186,78825,78835,10
12.92516041,80.23082733,78835,78846,11
12.92658043,80.23101044,78846,78856,10
12.92784977,80.23116302,78856,78866,10
12.92891979,80.23130798,78866,78876,10
12.93002033,80.23155975,78876,78886,10
12.93120003,80.23191071,78886,78896,10
12.9324398,80.23232269,78896,78906,10
12.9334898,80.23271942,78906,78916,10
12.93383026,80.23285675,78916,78927,11
12.93414021,80.23300934,78927,78937,10
12.93480015,80.23332214,78937,78947,10
12.93564987,80.23370361,78947,78957,10
12.93667984,80.23419189,78957,78967,10
12.93780994,80.23474121,78967,78977,10
12.93885994,80.23526001,78977,78987,10
12.93962955,80.235672,78987,78997,10
12.94007969,80.23584747,78997,79008,11
12.94040966,80.23596191,79008,79018,10
12.94108009,80.23612213,79018,79028,10
12.94200993,80.23634338,79028,79038,10
12.94303989,80.23680115,79038,79048,10
12.94390011,80.23764801,79048,79058,10
12.94478035,80.23861694,79058,79068,10
12.94567966,80.23937988,79068,79077,9
12.94680023,80.23983002,79077,79089,12
12.94731998,80.24004364,79089,79099,10
12.94733047,80.24004364,79099,79109,10
12.94777966,80.240242,79109,79119,10
12.94830036,80.240448,79119,79129,10
12.94869995,80.24060059,79129,79139,10
12.94917965,80.24079895,79139,79149,10
12.94976997,80.24104309,79149,79159,10
12.95049953,80.24124908,79159,79169,10
12.95123959,80.24146271,79169,79180,11
12.95180035,80.24165344,79180,79190,10
12.95250034,80.24189758,79190,79200,10
12.95335007,80.24224091,79200,79210,10
12.95427036,80.24262238,79210,79220,10
12.9549799,80.24291229,79220,79230,10
12.95576,80.24317932,79230,79240,10
12.95627975,80.24336243,79240,79251,11
12.95641041,80.24340057,79251,79261,10
12.95683956,80.24359894,79261,79271,10
12.95759964,80.24395752,79271,79281,10
12.95860004,80.24440765,79281,79291,10
12.95971966,80.24491119,79291,79301,10
12.96092033,80.24545288,79301,79311,10
12.96212959,80.24604797,79311,79321,10
12.96317959,80.24658203,79321,79382,61
12.96317959,80.24658203,79382,79392,10
12.96358013,80.24677277,79392,79402,10
12.96424961,80.24701691,79402,79413,11
12.96527958,80.24738312,79413,79423,10
12.96640968,80.24781799,79423,79433,10
12.96743011,80.24832153,79433,79443,10
12.96854019,80.24877167,79443,79453,10
12.96965027,80.24920654,79453,79463,10
12.97082043,80.24961853,79463,79473,10
12.9720602,80.24996185,79473,79483,10
12.97325993,80.2502594,79483,79494,11
12.97457981,80.25061035,79494,79504,10
12.97572994,80.25095367,79504,79514,10
12.97694016,80.251297,79514,79524,10
12.97797966,80.25196075,79524,79534,10
12.97852039,80.25234985,79534,79544,10
12.97854042,80.25235748,79544,79554,10
12.97889996,80.25254059,79554,79564,10
12.97964001,80.25266266,79564,79575,11
12.9803896,80.25267792,79575,79585,10
12.98128033,80.25266266,79585,79595,10
12.98237038,80.25261688,79595,79605,10
12.98353958,80.25248718,79605,79615,10
12.9847002,80.25218964,79615,79625,10
12.98577023,80.25189209,79625,79635,10
12.98659039,80.25167084,79635,79645,10
12.98750019,80.25138092,79645,79747,102
12.98750019,80.25138092,79747,79757,10
12.98785973,80.25134277,79757,79767,10
12.98847961,80.25118256,79767,79777,10
12.9893198,80.25096893,79777,79787,10
12.99005032,80.2507782,79787,79797,10
12.99123001,80.25048065,79797,79807,10
12.99223995,80.25022125,79807,79817,10
12.99328041,80.24996185,79817,79828,11
12.99448013,80.24967194,79828,79838,10
12.99559975,80.24938965,79838,79848,10
12.99676037,80.24907684,79848,79858,10
12.9979496,80.24878693,79858,79868,10
12.9991703,80.24849701,79868,79878,10
13.00041008,80.24819946,79878,79888,10
13.00164032,80.24788666,79888,79898,10
13.00286007,80.24761963,79898,79909,11
13.00428009,80.24739838,79909,79919,10
13.00547981,80.24719238,79919,79929,10
13.00636959,80.24671936,79929,79939,10
13.00652981,80.24635315,79939,79949,10
13.00656033,80.24601746,79949,79959,10
13.00660038,80.24537659,79959,79969,10
13.00658035,80.24468994,79969,79979,10
13.00658989,80.24411011,79979,79990,11
13.00656033,80.24342346,79990,80000,10
13.00654984,80.24263763,80000,80010,10
13.0065403,80.241539,80010,80020,10
13.00664043,80.24040985,80020,80030,10
13.00683975,80.23937988,80030,80040,10
13.00702,80.23857117,80040,80050,10
13.0072403,80.23760223,80050,80060,10
13.00736046,80.23692322,80060,80071,11
13.00737953,80.23677063,80071,80081,10
13.00745964,80.23654175,80081,80091,10
13.0075798,80.23600769,80091,80101,10
13.00776005,80.23519897,80101,80111,10
13.00796986,80.23419189,80111,80121,10
13.00823021,80.23300171,80121,80131,10
13.00848007,80.23175812,80131,80141,10
13.00870991,80.23045349,80141,80152,11
13.00899982,80.22901154,80152,80162,10
13.00930023,80.2277832,80162,80172,10
13.00984001,80.22663879,80172,80182,10
13.0103302,80.22556305,80182,80192,10
13.01072025,80.22471619,80192,80202,10
13.01099968,80.22396088,80202,80212,10
13.0112896,80.22335815,80212,80222,10
13.01156998,80.22270966,80222,80233,11
13.01214981,80.22147369,80233,80253,20
13.01214981,80.22147369,80253,80263,10
13.01243019,80.22167969,80263,80273,10
13.0128603,80.22226715,80273,80283,10
13.01344013,80.22292328,80283,80293,10
13.01401997,80.22344971,80293,80303,10
13.01438046,80.22380066,80303,80314,11
13.01488018,80.22450256,80314,80324,10
13.01523972,80.22486877,80324,80334,10
13.01556015,80.22512054,80334,80344,10
13.01568031,80.22528076,80344,80354,10
13.01626968,80.22537994,80354,80364,10
13.01721001,80.22505188,80364,80374,10
13.01832008,80.22460938,80374,80384,10
13.01926041,80.22441101,80384,80395,11
13.02000046,80.22473907,80395,80405,10
13.02017021,80.22489929,80405,80415,10
13.02042007,80.22509003,80415,80425,10
13.02108002,80.22556305,80425,80435,10
13.02169991,80.2260437,80435,80445,10
13.02243042,80.22664642,80445,80455,10
13.02311993,80.22727966,80455,80465,10
13.02375984,80.22788239,80465,80476,11
13.02423954,80.2283783,80476,80486,10
13.02433968,80.22852325,80486,80496,10
13.02435017,80.22853851,80496,80506,10
13.02431965,80.22866821,80506,80516,10
13.0241003,80.2284317,80516,80526,10
13.02369976,80.22789001,80526,80536,10
13.02305984,80.22725677,80536,80546,10
13.02237034,80.22662354,80546,80557,11
13.02155972,80.22595215,80557,80567,10
13.02081966,80.22535706,80567,80577,10
13.02015972,80.22492218,80577,80587,10
13.01959991,80.22454071,80587,80597,10
13.01879978,80.22444916,80597,80607,10
13.01797009,80.22476959,80607,80617,10
13.01710987,80.22512817,80617,80627,10
13.01657963,80.22535706,80627,80638,11
13.01615047,80.22551727,80638,80648,10
13.01564026,80.22567749,80648,80658,10
13.01509953,80.22588348,80658,80668,10
13.0145998,80.22598267,80668,82916,2248
13.01441956,80.22624207,82916,84364,1448
13.01441956,80.22624207,84364,84374,10
13.01441002,80.22605133,84374,84384,10
13.01422977,80.22615814,84384,84394,10
13.01412964,80.22608185,84394,84404,10
13.01416016,80.22586823,84404,84414,10
13.0141201,80.2256012,84414,84445,31
13.0141201,80.2256012,84445,84455,10
13.01436043,80.22541046,84455,84485,30
13.01453972,80.22544098,84485,84546,61
13.01416016,80.22544861,84546,86328,1782
