12.99738026,80.19177246,14,1639,1625
12.99738026,80.19177246,1639,1649,10
12.99713993,80.19178009,1649,2457,808
12.99713993,80.19178009,2457,2467,10
12.99728012,80.19178772,2467,2749,282
12.99707985,80.19171906,2749,3345,596
12.99730968,80.19172668,3345,3900,555
12.9972496,80.19197845,3900,4041,141
12.9972496,80.19197845,4041,4051,10
12.99738026,80.19184113,4051,4485,434
12.99724007,80.19181061,4485,4516,31
12.99740028,80.1918335,4516,5868,1352
12.99720001,80.1917572,5868,5969,101
12.99711037,80.19187927,5969,7736,1767
12.99711037,80.19187927,7736,7746,10
12.99701977,80.19212341,7746,8008,262
12.99701977,80.19212341,8008,8018,10
12.99715042,80.19194031,8018,8200,182
12.9969902,80.19200897,8200,8240,40
12.99705982,80.19197845,8240,14226,5986
12.99705982,80.19187927,14226,15195,969
12.99715996,80.19184113,15195,17153,1958
12.99705982,80.19199371,17153,17648,495
12.99705029,80.19197845,17648,17707,59
12.99713039,80.19181061,17707,17830,123
12.99707031,80.19191742,17830,18092,262
12.99705982,80.19191742,18092,18343,251
12.99707031,80.1919632,18343,19253,910
12.99701977,80.19161987,19253,19283,30
12.99701977,80.19161987,19283,19293,10
12.99682999,80.19139862,19293,19303,10
12.99654007,80.19126129,19303,19324,21
12.99645996,80.19139099,19324,19374,50
12.99645996,80.19139099,19374,19384,10
12.99631023,80.19139099,19384,19394,10
12.99625015,80.19114685,19394,19404,10
12.9962101,80.19091034,19404,19414,10
12.99615955,80.19062042,19414,19424,10
12.99608994,80.19039917,19424,19435,11
12.99604988,80.19011688,19435,19525,90
12.99604988,80.19011688,19525,19535,10
12.99594975,80.18975067,19535,19546,11
12.99592018,80.18946075,19546,19556,10
12.99602032,80.18930817,19556,19566,10
12.99631977,80.18943787,19566,19576,10
12.99672031,80.18994141,19576,19586,10
12.99726009,80.19061279,19586,19596,10
12.99790001,80.19139862,19596,19606,10
12.99860954,80.19229889,19606,19616,10
12.99925041,80.19313049,19616,19626,10
12.99989986,80.1939621,19626,19636,10
13.00047016,80.19470978,19636,19647,11
13.00115967,80.19553375,19647,19657,10
13.00179958,80.1962738,19657,19667,10
13.00220013,80.19716644,19667,19677,10
13.0020504,80.19818878,19677,19687,10
13.00189018,80.19889832,19687,19697,10
13.00181961,80.19934845,19697,19707,10
13.00191021,80.19986725,19707,19717,10
13.00238037,80.20043182,19717,19727,10
13.00312996,80.20072937,19727,19736,9
13.00352955,80.20075989,19736,19747,11
13.0035696,80.20075989,19747,19758,11
13.00370026,80.20078278,19758,19778,20
13.00370026,80.20078278,19778,19788,10
13.00389957,80.20084381,19788,19798,10
13.00405979,80.20094299,19798,19808,10
13.00426006,80.20104218,19808,19818,10
13.00479984,80.20121002,19818,19827,9
13.00541973,80.20159149,19827,19838,11
13.00597,80.20239258,19838,19848,10
13.00642967,80.20307922,19848,19859,11
13.00712013,80.20355988,19859,19869,10
13.00792027,80.20372772,19869,19879,10
13.00885963,80.20368195,19879,19889,10
13.00996017,80.20359802,19889,19899,10
13.01121044,80.2036438,19899,19909,10
13.01245022,80.20384979,19909,19919,10
13.0135603,80.20413208,19919,19929,10
13.01449966,80.20443726,19929,19939,10
13.01508999,80.20459747,19939,19949,10
13.01531982,80.20464325,19949,19959,10
13.01556015,80.20465088,19959,19970,11
13.01585007,80.20474243,19970,19980,10
13.01632977,80.20503998,19980,19990,10
13.01692009,80.20498657,19990,20000,10
13.01788998,80.20558929,20000,20010,10
13.01871014,80.20587158,20010,20020,10
13.01887035,80.20591736,20020,20030,10
13.01928043,80.20606995,20030,20040,10
13.02001953,80.20619965,20040,20050,10
13.02093029,80.20622253,20050,20060,10
13.02194977,80.20626831,20060,20071,11
13.02311039,80.20648956,20071,20081,10
13.02406979,80.20665741,20081,20091,10
13.02478981,80.20677185,20091,20101,10
13.02501965,80.20678711,20101,20111,10
13.02560997,80.20700073,20111,20121,10
13.02630997,80.20736694,20121,20131,10
13.02705956,80.20783234,20131,20141,10
13.02791023,80.20832825,20141,20151,10
13.02892971,80.20864105,20151,20161,10
13.02982044,80.20887756,20161,20171,10
13.03063011,80.20910645,20171,20182,11
13.03145981,80.20931244,20182,20192,10
13.03168964,80.20935059,20192,20202,10
13.0317297,80.20935822,20202,20212,10
13.03207016,80.20948792,20212,20222,10
13.03277016,80.2095871,20222,20232,10
13.03355026,80.20976257,20232,20242,10
13.03444004,80.2099762,20242,20252,10
13.0350399,80.21016693,20252,20262,10
13.0350399,80.21103668,20262,20283,21
13.0350399,80.21103668,20283,20293,10
13.03499985,80.21111298,20293,20303,10
13.03493977,80.21156311,20303,20313,10
13.03495979,80.21212769,20313,20323,10
13.03557968,80.21227264,20323,20333,10
13.0364399,80.2122879,20333,20343,10
13.03740978,80.21230316,20343,20353,10
13.03851032,80.21225739,20353,20363,10
13.03967953,80.2122879,20363,20373,10
13.04092979,80.2122879,20373,20383,10
13.04222965,80.21225739,20383,20394,11
13.04368019,80.21225739,20394,20404,10
13.04493046,80.21225739,20404,20414,10
13.04580021,80.21225739,20414,20424,10
13.04666042,80.21222687,20424,20434,10
13.04761028,80.21215057,20434,20444,10
13.04845047,80.21204376,20444,20454,10
13.04858017,80.2120285,20454,20463,9
13.04864025,80.21199799,20463,20474,11
13.04916954,80.21195221,20474,20484,10
13.04981041,80.2118988,20484,20495,11
13.0504303,80.21190643,20495,20505,10
13.05090046,80.21198273,20505,20515,10
13.05165005,80.21204376,20515,20525,10
13.05265045,80.21186829,20525,20535,10
13.05373001,80.21160889,20535,20545,10
13.05480003,80.21141815,20545,20555,10
13.05582047,80.21141815,20555,20565,10
13.05692005,80.21143341,20565,20575,10
13.05807972,80.21143341,20575,20585,10
13.05918026,80.2114563,20585,20595,10
13.06029987,80.21153259,20595,20606,11
13.06136036,80.21160126,20606,20616,10
13.06212044,80.21157837,20616,20626,10
13.06297016,80.21153259,20626,20636,10
13.06379986,80.21147919,20636,20646,10
13.0646801,80.21128082,20646,20656,10
13.06558037,80.21070099,20656,20666,10
13.06645012,80.20996857,20666,20676,10
13.06719971,80.20908356,20676,20686,10
13.06785011,80.2080307,20686,20696,10
13.06849957,80.20706177,20696,20707,11
13.06890011,80.20645905,20707,20717,10
13.06894016,80.20636749,20717,20727,10
13.06919956,80.20597076,20727,20737,10
13.06945038,80.20558167,20737,20747,10
13.06956959,80.20542145,20747,20757,10
13.0697298,80.20519257,20757,20767,10
13.06970978,80.20491028,20767,20777,10
13.06935024,80.2048111,20777,20787,10
13.06900024,80.20507813,20787,20797,10
13.06875992,80.20500946,20797,20858,61
13.06875992,80.20500946,20858,20868,10
13.06879997,80.20481873,20868,20878,10
13.06921005,80.20472717,20878,20887,9
13.06964016,80.20480347,20887,20908,21
13.06964016,80.20480347,20908,20919,11
13.07003021,80.20467377,20919,20929,10
13.0703001,80.20433044,20929,20939,10
13.07069969,80.20381927,20939,20949,10
13.07126999,80.20314789,20949,20959,10
13.07176018,80.2025528,20959,20969,10
13.07192993,80.20231628,20969,20979,10
13.07227993,80.20194244,20979,20989,10
13.07264996,80.20153809,20989,20999,10
13.07316971,80.20097351,20999,21008,9
13.0736599,80.20039368,21008,21019,11
13.07404995,80.19992065,21019,21030,11
13.0743103,80.19960785,21030,21040,10
13.07454967,80.19937897,21040,21050,10
13.07472992,80.19924164,21050,21060,10
13.07528973,80.19904327,21060,21070,10
13.07608032,80.19901276,21070,21080,10
13.07680988,80.19898987,21080,21090,10
13.07728958,80.19895172,21090,21100,10
13.07796955,80.19886017,21100,21110,10
13.07870007,80.19877625,21110,21120,10
13.07942963,80.19872284,21120,21130,10
13.08022022,80.19864655,21130,21141,11
13.08108044,80.19857025,21141,21151,10
13.08168983,80.19857025,21151,21161,10
13.08236027,80.19851685,21161,21171,10
13.08302021,80.19850159,21171,21181,10
13.08370972,80.19844818,21181,21191,10
13.0841198,80.19844055,21191,21201,10
13.08448029,80.19846344,21201,21211,10
13.08498001,80.19847107,21211,21221,10
13.08528996,80.19846344,21221,21231,10
13.08570004,80.19844055,21231,21242,11
13.08627987,80.19846344,21242,21252,10
13.08679962,80.19847107,21252,21262,10
13.08705997,80.19837189,21262,21272,10
13.08708954,80.19803619,21272,21282,10
13.08712006,80.19799042,21282,21292,10
13.08716011,80.1975708,21292,21302,10
13.08718967,80.19687653,21302,21312,10
13.08720016,80.19600677,21312,21322,10
13.08722019,80.19512939,21322,21332,10
13.08724022,80.19422913,21332,21343,11
13.08726978,80.19307709,21343,21353,10
13.08736992,80.19213867,21353,21363,10
13.08751965,80.1911087,21363,21373,10
13.08767986,80.19000244,21373,21383,10
13.08769989,80.18911743,21383,21393,10
13.08771992,80.18901825,21393,21403,10
13.08773994,80.188591,21403,21413,10
13.08778,80.18789673,21413,21423,10
13.08782005,80.18698883,21423,21433,10
13.08792019,80.18505859,21433,21442,9
13.08792019,80.18505859,21442,21454,12
13.08794975,80.184021,21454,21462,8
13.08808994,80.17809296,21462,21533,71
13.08808994,80.17809296,21533,21553,20
13.08819962,80.17633057,21553,21564,11
13.08829021,80.17523193,21564,21574,10
13.08837032,80.17424774,21574,21584,10
13.08845997,80.17320251,21584,21594,10
13.08852005,80.17208862,21594,21604,10
13.08852005,80.17179108,21604,21614,10
13.08854008,80.17151642,21614,21624,10
13.08856964,80.17108917,21624,21634,10
13.08860016,80.17037201,21634,21644,10
13.08868027,80.16957855,21644,21654,10
13.08930016,80.16953278,21654,21665,11
13.09025002,80.16960144,21665,21674,9
13.09113026,80.16964722,21674,21685,11
13.09228039,80.16972351,21685,21695,10
13.09331036,80.1697998,21695,21705,10
13.09424019,80.16980743,21705,21715,10
13.09471035,80.16986847,21715,21725,10
13.09498978,80.16989136,21725,21735,10
13.09535027,80.1699295,21735,21745,10
13.09605026,80.1699295,21745,21755,10
13.09692955,80.16998291,21755,21765,10
13.0977602,80.17003632,21765,21776,11
13.0985899,80.17009735,21776,21786,10
13.09937954,80.17014313,21786,21806,20
13.09937954,80.17014313,21806,21816,10
13.09969997,80.17008209,21816,21846,30
13.09969997,80.17008209,21846,21856,10
13.09951019,80.17024231,21856,22583,727
13.09951019,80.17024231,22583,22593,10
13.09895992,80.17015839,22593,22603,10
13.09846973,80.17014313,22603,22613,10
13.09780979,80.17011261,22613,22624,11
13.09700012,80.1700592,22624,22634,10
13.09613991,80.17001343,22634,22644,10
13.09527969,80.16996002,22644,22654,10
13.09479046,80.16990662,22654,22664,10
13.09449005,80.16989899,22664,22674,10
13.09405041,80.16986084,22674,22684,10
13.09331989,80.16980743,22684,22694,10
13.09241962,80.16976929,22694,22704,10
13.0914402,80.16970062,22704,22714,10
13.09043026,80.16964722,22714,22724,10
13.08942032,80.16957855,22724,22735,11
13.08870983,80.16963959,22735,22745,10
13.08864021,80.17014313,22745,22755,10
13.0886097,80.17093658,22755,22765,10
13.08858967,80.17173004,22765,22775,10
13.08854961,80.17250824,22775,22785,10
13.08852005,80.17344666,22785,22795,10
13.08848953,80.17442322,22795,22805,10
13.08841991,80.17533875,22805,22815,10
13.08833981,80.17643738,22815,22825,10
13.08829975,80.17733002,22825,22835,10
13.08831024,80.17806244,22835,22846,11
13.08829975,80.17835236,22846,22856,10
13.08827972,80.17845917,22856,22866,10
13.08827972,80.1787262,22866,22876,10
13.08827019,80.17931366,22876,22886,10
13.08823967,80.18002319,22886,22896,10
13.08821011,80.18093872,22896,22906,10
13.08819008,80.18193817,22906,22916,10
13.08813953,80.18293762,22916,22926,10
13.08808041,80.18405914,22926,22936,10
13.08804035,80.185112,22936,22947,11
13.08800983,80.18598175,22947,22957,10
13.08796978,80.18685913,22957,22967,10
13.08792973,80.18775177,22967,22977,10
13.08790016,80.18858337,22977,22987,10
13.08784962,80.18940735,22987,22997,10
13.08784008,80.18968201,22997,23007,10
13.08782959,80.18979645,23007,23017,10
13.08775997,80.19017029,23017,23027,10
13.0876503,80.19081116,23027,23037,10
13.08751965,80.19171906,23037,23047,10
13.08740044,80.19267273,23047,23058,11
13.08734989,80.19373322,23058,23068,10
13.08732986,80.19480133,23068,23078,10
13.0873003,80.19573975,23078,23088,10
13.0873003,80.19671631,23088,23098,10
13.08728027,80.1975174,23098,23108,10
13.08726025,80.19763947,23108,23118,10
13.08726025,80.19792938,23118,23128,10
13.08734035,80.19824982,23128,23148,20
13.08734035,80.19824982,23148,23159,11
13.08724022,80.19846344,23159,23169,10
13.08681965,80.19870758,23169,23179,10
13.08617973,80.19876862,23179,23189,10
13.08576012,80.1987381,23189,23199,10
13.08528042,80.19876099,23199,23209,10
13.08473015,80.1987381,23209,23219,10
13.08405018,80.19870758,23219,23229,10
13.08374023,80.19867706,23229,23239,10
13.08318043,80.19864655,23239,23249,10
13.08265018,80.19863129,23249,23259,10
13.08185959,80.19863892,23259,23270,11
13.08082008,80.19863892,23270,23280,10
13.07983017,80.1987381,23280,23290,10
13.07870007,80.19882965,23290,23300,10
13.07759953,80.19895935,23300,23310,10
13.07347965,80.20066071,23310,23350,40
13.07347965,80.20066071,23350,23373,23
13.07196999,80.20246887,23373,23383,10
13.07120037,80.20336151,23383,23393,10
13.07038975,80.20430756,23393,23403,10
13.06986046,80.2050705,23403,23433,30
13.06986046,80.2050705,23433,23443,10
13.06968975,80.20494843,23443,23453,10
13.06925011,80.20493317,23453,23463,10
13.06888008,80.2053833,23463,23472,9
13.06830978,80.20543671,23472,23484,12
13.06797028,80.20519257,23484,23554,70
13.06797028,80.20519257,23554,23564,10
13.06814003,80.20490265,23564,23574,10
13.06857967,80.20481873,23574,23585,11
13.06888008,80.20472717,23585,23595,10
13.06894016,80.20472717,23595,23605,10
13.06917,80.20471191,23605,23615,10
13.06935024,80.20472717,23615,23625,10
13.06949043,80.20475769,23625,23635,10
13.0696497,80.20478821,23635,23645,10
13.06978035,80.20491028,23645,23655,10
13.06984043,80.20511627,23655,23665,10
13.06960011,80.20556641,23665,23675,10
13.06916046,80.20625305,23675,23685,10
13.06865978,80.20709229,23685,23696,11
13.06803036,80.20812225,23696,23706,10
13.06748009,80.20897675,23706,23716,10
13.06682014,80.20987701,23716,23726,10
13.0659399,80.21063232,23726,23736,10
13.06517982,80.21125031,23736,23746,10
13.06505013,80.21135712,23746,23756,10
13.06495953,80.21138763,23756,23766,10
13.06470013,80.2115097,23766,23776,10
13.06408024,80.21170807,23776,23786,10
13.06340027,80.21176147,23786,23797,11
13.06237984,80.21173859,23797,23807,10
13.06130981,80.21170044,23807,23816,9
13.06023979,80.21166992,23816,23827,11
13.05893993,80.21163177,23827,23837,10
13.05801964,80.21160126,23837,23847,10
13.05708027,80.21159363,23847,23857,10
13.0560503,80.21160126,23857,23867,10
13.05504036,80.21157074,23867,23877,10
13.05403996,80.21166229,23877,23887,10
13.05307961,80.21186829,23887,23897,10
13.0520401,80.21214294,23897,23908,11
13.05099964,80.21221161,23908,23918,10
13.05025005,80.21218109,23918,23938,20
13.05025005,80.21218109,23938,23948,10
13.05002975,80.21215057,23948,23958,10
13.04959965,80.21217346,23958,23968,10
13.04911995,80.21217346,23968,23978,10
13.04866028,80.21218109,23978,23988,10
13.04798985,80.21219635,23988,23997,9
13.04714966,80.21225739,23997,24009,12
13.04574013,80.21233368,24009,24019,10
13.0447998,80.21240997,24019,24029,10
13.04469013,80.21244049,24029,24039,10
13.04456997,80.21246338,24039,24049,10
13.04411983,80.21246338,24049,24059,10
13.04339027,80.2124176,24059,24069,10
13.04244995,80.2124176,24069,24079,10
13.04133987,80.21240997,24079,24089,10
13.04028988,80.21240997,24089,24099,10
13.03917027,80.21237183,24099,24109,10
13.03798962,80.21235657,24109,24120,11
13.03670025,80.21233368,24120,24130,10
13.03553963,80.21230316,24130,24140,10
13.03456974,80.21218109,24140,24150,10
13.03417969,80.21212006,24150,24160,10
13.03407001,80.21208954,24160,24170,10
13.03382015,80.21205139,24170,24180,10
13.03318977,80.2118988,24180,24190,10
13.03240967,80.2117691,24190,24200,10
13.03201962,80.21128845,24200,24209,9
13.03205967,80.21051788,24209,24221,12
13.03195953,80.20961761,24221,24231,10
13.03116035,80.20941162,24231,24241,10
13.03022957,80.20912933,24241,24251,10
13.02960014,80.20894623,24251,24261,10
13.02956009,80.2089386,24261,24271,10
13.02947998,80.2089386,24271,24281,10
13.02902985,80.20881653,24281,24291,10
13.02826023,80.20858765,24291,24301,10
13.02750969,80.20825195,24301,24311,10
13.02686024,80.20786285,24311,24321,10
13.02612019,80.20742035,24321,24332,11
13.02511978,80.20706177,24332,24342,10
13.02414036,80.2068634,24342,24352,10
13.02311039,80.20661163,24352,24362,10
13.02206039,80.20645905,24362,24372,10
13.02103996,80.20642853,24372,24382,10
13.01998043,80.20645142,24382,24392,10
13.01920986,80.20639038,24392,24402,10
13.01910973,80.20635986,24402,24412,10
13.01900959,80.20628357,24412,24422,10
13.01852036,80.20610046,24422,24433,11
13.01764965,80.20578766,24433,24443,10
13.01690006,80.20549774,24443,24453,10
13.01607037,80.20519257,24453,24463,10
13.01508045,80.20487976,24463,24473,10
13.01416969,80.20455933,24473,24483,10
13.01368046,80.20443726,24483,24493,10
13.01352978,80.20478821,24493,24503,10
13.01331997,80.20542908,24503,24513,10
13.01309013,80.20628357,24513,24523,10
13.01296997,80.2073288,24523,24533,10
13.01288986,80.20800781,24533,24544,11
13.01288986,80.20851898,24544,24554,10
13.01296997,80.20890808,24554,24564,10
13.01321983,80.20951843,24564,24574,10
13.01315022,80.21013641,24574,24584,10
13.01299,80.21096039,24584,24594,10
13.01259995,80.21173096,24594,24604,10
13.01216984,80.21240997,24604,24614,10
13.01191998,80.21276855,24614,24624,10
13.01191044,80.21276855,24624,24634,10
13.01167011,80.21272278,24634,24645,11
13.01126003,80.21238708,24645,24655,10
13.01070023,80.21198273,24655,24665,10
13.01016045,80.21153259,24665,24675,10
13.00996017,80.21138,24675,24685,10
13.00977039,80.21125793,24685,24715,30
13.00949955,80.2110672,24715,24745,30
13.00949955,80.2110672,24745,24756,11
13.00928974,80.21114349,24756,24766,10
13.00907993,80.21143341,24766,24776,10
13.00911999,80.21186829,24776,24786,10
13.00930977,80.2125473,24786,24796,10
13.00957012,80.21325684,24796,24806,10
13.00986004,80.21399689,24806,24816,10
13.01014042,80.21475983,24816,24826,10
13.01027012,80.21563721,24826,24836,10
13.01062965,80.2164917,24836,24846,10
13.01105022,80.21737671,24846,24857,11
13.01146984,80.21846771,24857,24867,10
13.01183987,80.21959686,24867,24877,10
13.01218033,80.22067261,24877,24887,10
13.01239014,80.22132874,24887,24897,10
13.01257992,80.2218399,24897,24907,10
13.01296997,80.2223587,24907,24917,10
13.01352024,80.22290802,24917,24927,10
13.01406002,80.22360229,24927,24937,10
13.01473045,80.22425842,24937,24947,10
13.01525021,80.22502899,24947,24957,10
13.01535988,80.22573853,24957,24968,11
13.01469994,80.22608185,24968,24978,10
13.01389027,80.22640991,24978,24988,10
13.01305008,80.22675323,24988,24998,10
13.01214981,80.22711182,24998,25008,10
13.01117992,80.22747803,25008,25018,10
13.01019955,80.22783661,25018,25028,10
13.00957966,80.22781372,25028,25038,10
13.00973988,80.22717285,25038,25048,10
13.01008034,80.22640228,25048,25058,10
13.01039982,80.22557068,25058,25069,11
13.01074982,80.22463226,25069,25079,10
13.01113987,80.22366333,25079,25089,10
13.0111599,80.22309875,25089,25099,10
13.01054955,80.22281647,25099,25109,10
13.00984001,80.22241974,25109,25119,10
13.00899029,80.22196198,25119,25129,10
13.00806999,80.22144318,25129,25139,10
13.00710011,80.22096252,25139,25149,10
13.00611973,80.22058868,25149,25159,10
13.00504971,80.22032166,25159,25169,10
13.00399971,80.22006226,25169,25180,11
13.00286961,80.21974182,25180,25190,10
13.0020504,80.21907806,25190,25200,10
13.00129032,80.21840668,25200,25210,10
13.00045967,80.2178421,25210,25220,10
12.99958038,80.21730042,25220,25230,10
12.99864006,80.21679688,25230,25240,10
12.99732018,80.21650696,25240,25270,30
12.99732018,80.21650696,25270,25281,11
12.99695015,80.21650696,25281,25291,10
12.99637032,80.21662903,25291,25301,10
12.99557972,80.21685791,25301,25311,10
12.99473953,80.21733856,25311,25321,10
12.99400043,80.21788025,25321,25331,10
12.99316978,80.21842957,25331,25341,10
12.99223995,80.21909332,25341,25351,10
12.99153042,80.21961975,25351,25361,10
12.99139977,80.21964264,25361,25371,10
12.99096012,80.21945953,25371,25381,10
12.99020004,80.21917725,25381,25392,11
12.98911953,80.21878052,25392,25402,10
12.98801994,80.21842194,25402,25412,10
12.98696995,80.21824646,25412,25422,10
12.9867897,80.21820068,25422,25432,10
12.98628998,80.21807098,25432,25442,10
12.98538971,80.21791077,25442,25452,10
12.98437023,80.21791077,25452,25462,10
12.98326015,80.2179184,25462,25472,10
12.98200989,80.21793365,25472,25481,9
12.98087025,80.21820831,25481,25493,12
12.97964954,80.21867371,25493,25503,10
12.97889042,80.21897888,25503,25513,10
12.97830963,80.21920013,25513,25523,10
12.97749996,80.21954346,25523,25533,10
12.97644997,80.21999359,25533,25543,10
12.97560978,80.22042084,25543,25553,10
12.97556973,80.22074127,25553,25563,10
12.97593975,80.22097778,25563,25886,323
12.97593975,80.22097778,25886,25896,10
12.97601032,80.22102356,25896,26199,303
12.97601986,80.22106171,26199,27320,1121
12.97628021,80.22122192,27320,27340,20
12.97628021,80.22122192,27340,27350,10
12.97655964,80.22123718,27350,27360,10
12.97710037,80.22125244,27360,27370,10
12.97780037,80.22120667,27370,27380,10
12.97859001,80.22118378,27380,27390,10
12.97939014,80.22112274,27390,27400,10
12.98019981,80.22106171,27400,27411,11
12.98120022,80.22109222,27411,27421,10
12.98192978,80.2215271,27421,27431,10
12.98293972,80.22194672,27431,27451,20
12.98293972,80.22194672,27451,27461,10
12.98320007,80.22209167,27461,27471,10
12.98365021,80.22238159,27471,27481,10
12.98412991,80.22265625,27481,27491,10
12.98456001,80.22290802,27491,27501,10
12.98519993,80.22322845,27501,27511,10
12.98546982,80.22324371,27511,27522,11
12.98585033,80.22296906,27522,27532,10
12.9864397,80.22293854,27532,27542,10
12.98655987,80.2229538,27542,27552,10
12.98700047,80.22303009,27552,27562,10
12.98760033,80.22309113,27562,27572,10
12.98830032,80.22271729,27572,27582,10
12.98894978,80.22205353,27582,27602,20
12.98894978,80.22205353,27602,27612,10
12.98921013,80.22167206,27612,27623,11
12.98966026,80.22109985,27623,27633,10
12.99028015,80.2204895,27633,27643,10
12.99100971,80.2199173,27643,27653,10
12.99158955,80.21945953,27653,27663,10
12.99225044,80.21898651,27663,27673,10
12.99306011,80.21840668,27673,27683,10
12.99384022,80.21784973,27683,27693,10
12.99435997,80.21746826,27693,27703,10
12.99483967,80.21710968,27703,27713,10
12.99522018,80.21687317,27713,27723,10
12.99582005,80.21662903,27723,27734,11
12.99658012,80.21649933,27734,27744,10
12.9969902,80.21646118,27744,27754,10
12.9972496,80.21640015,27754,27764,10
12.99744034,80.21617889,27764,27774,10
12.99757004,80.21607971,27774,27784,10
12.99779034,80.21588135,27784,27794,10
12.99822998,80.21549225,27794,27804,10
12.99884033,80.21495819,27804,27814,10
12.99917984,80.21468353,27814,27824,10
12.99946022,80.21446228,27824,27834,10
12.99989986,80.2141037,27834,27845,11
13.00039959,80.21363831,27845,27855,10
13.00102043,80.21311188,27855,27865,10
13.00162029,80.21263885,27865,27875,10
13.00199986,80.21237946,27875,27885,10
13.00244999,80.2121582,27885,27895,10
13.00294971,80.21206665,27895,27905,10
13.00351048,80.21204376,27905,27915,10
13.00372028,80.21157837,27915,27925,10
13.00368023,80.21076965,27925,27935,10
13.00358009,80.21000671,27935,27946,11
13.00362015,80.20916748,27946,27956,10
13.00403976,80.20864105,27956,27966,10
13.00489998,80.20900726,27966,27976,10
13.00570011,80.20934296,27976,27986,10
13.00625992,80.20953369,27986,27996,10
13.00683975,80.20970154,27996,28006,10
13.00734043,80.20980835,28006,28016,10
13.00745964,80.20983124,28016,28026,10
13.00776958,80.20993042,28026,28036,10
13.00817013,80.2099762,28036,28046,10
13.00811005,80.20948029,28046,28057,11
13.00794029,80.20860291,28057,28067,10
13.00778008,80.20767975,28067,28077,10
13.00765991,80.20674896,28077,28087,10
13.00757027,80.20583344,28087,28097,10
13.00755024,80.2050705,28097,28107,10
13.00755024,80.20435333,28107,28117,10
13.00747013,80.20362854,28117,28127,10
13.00730038,80.20275879,28127,28137,10
13.00664997,80.20266724,28137,28147,10
13.00677013,80.20333099,28147,28158,11
13.00753021,80.20366669,28158,28168,10
13.00844002,80.2036972,28168,28178,10
13.00957012,80.20362091,28178,28188,10
13.01086044,80.20362091,28188,28198,10
13.01218987,80.20378113,28198,28208,10
13.01342964,80.20411682,28208,28218,10
13.01449013,80.20446014,28218,28228,10
13.01511002,80.20465851,28228,28238,10
13.01519012,80.20472717,28238,28248,10
13.01570034,80.2049408,28248,28257,9
13.01632977,80.20514679,28257,28269,12
13.0170002,80.20500183,28269,28279,10
13.01778984,80.20552063,28279,28288,9
13.01844978,80.20578766,28288,28299,11
13.01863956,80.20587158,28299,28309,10
13.01887035,80.20597839,28309,28319,10
13.01941013,80.20617676,28319,28329,10
13.02021027,80.20626831,28329,28339,10
13.02116013,80.20628357,28339,28349,10
13.02225018,80.20632935,28349,28359,10
13.02342033,80.20654297,28359,28370,11
13.02441025,80.20671082,28370,28380,10
13.02455044,80.20677185,28380,28390,10
13.02507973,80.20687103,28390,28400,10
13.02587032,80.20717621,28400,28410,10
13.02672958,80.20767212,28410,28420,10
13.02766037,80.20821381,28420,28430,10
13.02873039,80.20861053,28430,28440,10
13.02993965,80.20892334,28440,28450,10
13.03110981,80.20924377,28450,28460,10
13.03153992,80.20935822,28460,28469,9
13.03162003,80.20939636,28469,28481,12
13.03219986,80.20954895,28481,28491,10
13.03302002,80.20968628,28491,28501,10
13.03394985,80.20990753,28501,28511,10
13.03491974,80.21009827,28511,28521,10
13.0350399,80.21067047,28521,28531,10
13.03507042,80.2110672,28531,28541,10
13.0350399,80.21127319,28541,28551,10
13.03501034,80.21140289,28551,28561,10
13.03493023,80.21192169,28561,28571,10
13.03524971,80.21222687,28571,28582,11
13.03610992,80.21227264,28582,28592,10
13.03689003,80.21228027,28592,28602,10
13.03719997,80.21227264,28602,28612,10
13.03765965,80.21224976,28612,28622,10
13.03843975,80.21224976,28622,28632,10
13.03934002,80.21222687,28632,28642,10
13.04039001,80.21222687,28642,28652,10
13.04156017,80.21228027,28652,28662,10
13.04277992,80.21224976,28662,28672,10
13.04399014,80.2122879,28672,28703,31
13.04399014,80.2122879,28703,28713,10
13.04413986,80.21221924,28713,28723,10
13.04458046,80.21224213,28723,28733,10
13.04524994,80.21224213,28733,28743,10
13.04611015,80.21224213,28743,28753,10
13.04701042,80.21219635,28753,28763,10
13.0478096,80.21209717,28763,28773,10
13.04835987,80.21202087,28773,28794,21
13.04835987,80.21202087,28794,28804,10
13.04850006,80.21198273,28804,28814,10
13.04883003,80.21195984,28814,28824,10
13.04948044,80.21192932,28824,28844,20
13.04948044,80.21192932,28844,28854,10
13.04959965,80.21192169,28854,28864,10
13.04985046,80.2118988,28864,28874,10
13.05004025,80.2118988,28874,28884,10
13.05056953,80.21196747,28884,28894,10
13.05115032,80.21205139,28894,28905,11
13.0521698,80.21199036,28905,28915,10
13.05315018,80.21174622,28915,28925,10
13.05418968,80.21150208,28925,28935,10
13.05461025,80.21144104,28935,28945,10
13.05521011,80.21143341,28945,28955,10
13.05607033,80.21141052,28955,28965,10
13.05708981,80.21144867,28965,28975,10
13.05823994,80.2114563,28975,28985,10
13.05943966,80.2115097,28985,28995,10
13.06056023,80.21156311,28995,29006,11
13.06163025,80.21160126,29006,29016,10
13.06264973,80.21160889,29016,29026,10
13.0632,80.2115097,29026,29036,10
13.06334972,80.2114563,29036,29046,10
13.06381989,80.2114563,29046,29056,10
13.06443024,80.21131897,29056,29066,10
13.0651598,80.21099854,29066,29076,10
13.06595039,80.21038055,29076,29086,10
13.06682014,80.2095871,29086,29096,10
13.06727982,80.20892334,29096,29106,10
13.06756973,80.20842743,29106,29117,11
13.06801033,80.20774841,29117,29127,10
13.06851006,80.20703125,29127,29137,10
13.0690403,80.20619965,29137,29147,10
13.06939983,80.20561218,29147,29157,10
13.06964016,80.2052002,29157,29167,10
13.06968975,80.20509338,29167,29177,10
13.06960011,80.20481873,29177,29187,10
13.06919003,80.20501709,29187,29197,10
13.06886005,80.20529938,29197,29207,10
13.06871986,80.20494843,29207,29238,31
13.06871986,80.20494843,29238,29248,10
13.06873989,80.20484924,29248,29258,10
13.06886959,80.20471954,29258,29268,10
13.06902981,80.20469666,29268,29278,10
13.06919003,80.20469666,29278,29288,10
13.06952953,80.20477295,29288,29329,41
13.06952953,80.20477295,29329,29339,10
13.06960011,80.20478058,29339,29349,10
13.0697403,80.20481873,29349,29359,10
13.07001972,80.20471191,29359,29369,10
13.07040024,80.20420074,29369,29379,10
13.07096958,80.20353699,29379,29389,10
13.07159042,80.20279694,29389,29399,10
13.07211018,80.20217896,29399,29450,51
13.07211018,80.20217896,29450,29460,10
13.07240963,80.20184326,29460,29470,10
13.07277966,80.20143127,29470,29480,10
13.07326984,80.20088196,29480,29490,10
13.07374954,80.20031738,29490,29500,10
13.0741396,80.19983673,29500,29510,10
13.07433987,80.1995697,29510,29520,10
13.07441044,80.19950104,29520,29530,10
13.07478046,80.19921875,29530,29541,11
13.07538986,80.1990509,29541,29551,10
13.07610035,80.19904327,29551,29561,10
13.0769701,80.19898224,29561,29571,10
13.07791996,80.1988678,29571,29581,10
13.07884026,80.19875336,29581,29591,10
13.07942009,80.19869995,29591,29601,10
13.08014011,80.19863892,29601,29611,10
13.08088017,80.19857025,29611,29621,10
13.08150005,80.19856262,29621,29631,10
13.08218956,80.1985321,29631,29642,11
13.08269024,80.1984787,29642,29652,10
13.08269978,80.1984787,29652,29662,10
13.0828104,80.1984787,29662,29672,10
13.08308029,80.19850159,29672,29682,10
13.08353043,80.1984787,29682,29692,10
13.08393955,80.1984787,29692,29702,10
13.08436012,80.19848633,29702,29712,10
13.08475971,80.19848633,29712,29722,10
13.08510971,80.19846344,29722,29732,10
13.08545971,80.19841003,29732,29742,10
13.08590031,80.1984024,29742,29753,11
13.08635998,80.19838715,29753,29763,10
13.08666992,80.19841003,29763,29773,10
13.08691025,80.19838715,29773,29783,10
13.08712006,80.19830322,29783,29793,10
13.08712959,80.19830322,29793,29803,10
13.08716011,80.19819641,29803,29813,10
13.08720016,80.19774628,29813,29823,10
13.08724976,80.19702911,29823,29833,10
13.08726025,80.19615173,29833,29843,10
13.08728027,80.19550323,29843,29852,9
13.08728027,80.19493866,29852,29864,12
13.08728981,80.19407654,29864,29874,10
13.08726978,80.19329834,29874,29884,10
13.08728027,80.19281769,29884,29904,20
13.08728027,80.19281769,29904,29914,10
13.08732033,80.19252777,29914,29924,10
13.08738041,80.19212341,29924,29934,10
13.08747005,80.19139862,29934,29943,9
13.08757973,80.19061279,29943,29954,11
13.08771038,80.18962097,29954,29965,11
13.08771038,80.18907166,29965,29975,10
13.08771038,80.1890564,29975,29985,10
13.08773994,80.18869019,29985,29995,10
13.08775997,80.18830109,29995,30005,10
13.08780003,80.18781281,30005,30015,10
13.08782959,80.18710327,30015,30025,10
13.08786964,80.1862793,30025,30035,10
13.08788967,80.18560028,30035,30045,10
13.08792973,80.1849823,30045,30055,10
13.08796978,80.18422699,30055,30065,10
13.0880003,80.18334198,30065,30076,11
13.08806038,80.18234253,30076,30086,10
13.08812046,80.18132782,30086,30096,10
13.08813953,80.18026733,30096,30106,10
13.08813,80.17970276,30106,30116,10
13.08812046,80.17887115,30116,30136,20
13.08812046,80.17887115,30136,30146,10
13.08813953,80.17849731,30146,30156,10
13.08815956,80.17785645,30156,30166,10
13.08817005,80.17706299,30166,30177,11
13.08825016,80.17604828,30177,30187,10
13.08833981,80.17498779,30187,30197,10
13.08841991,80.17405701,30197,30207,10
13.08848,80.17314148,30207,30217,10
13.08852005,80.17194366,30217,30237,20
13.08852005,80.17194366,30237,30247,10
13.08854961,80.17169952,30247,30257,10
13.08858013,80.17127228,30257,30267,10
13.08862019,80.17060089,30267,30277,10
13.08866024,80.16983795,30277,30318,41
13.08866024,80.16983795,30318,30328,10
13.08874989,80.16956329,30328,30338,10
13.08926964,80.16953278,30338,30348,10
13.09004974,80.16957855,30348,30358,10
13.09099007,80.16963196,30358,30368,10
13.09183979,80.1696701,30368,30378,10
13.09257984,80.16972351,30378,30389,11
13.09350014,80.16977692,30389,30399,10
13.09434032,80.16983032,30399,30409,10
13.09467983,80.16986084,30409,30419,10
13.09484959,80.16989136,30419,30429,10
13.09514999,80.16989899,30429,30439,10
13.0957098,80.16989136,30439,30449,10
13.09652996,80.16995239,30449,30459,10
13.09749031,80.17002106,30459,30469,10
13.0984602,80.17006683,30469,30479,10
13.09932041,80.17011261,30479,30489,10
13.09972954,80.16993713,30489,30500,11
13.09961033,80.16967773,30500,30530,30
13.09961033,80.16967773,30530,30540,10
13.09920979,80.16957092,30540,30550,10
13.09891033,80.16953278,30550,30560,10
13.09904003,80.16931915,30560,30641,81
13.09910965,80.16937256,30641,31014,373
13.09910011,80.16940308,31014,32216,1202
13.09910011,80.16940308,32216,32226,10
13.09916973,80.16932678,32226,32236,10
13.09926033,80.16954041,32236,32246,10
13.09941006,80.16966248,32246,32256,10
13.09939957,80.16996765,32256,32478,222
13.09939957,80.16996765,32478,32488,10
13.09936047,80.17019653,32488,32498,10
13.09904003,80.17021179,32498,32508,10
13.0984602,80.17017365,32508,32518,10
13.09774017,80.17012024,32518,32528,10
13.09689999,80.17005157,32528,32538,10
13.09593964,80.16999054,32538,32549,11
13.09488964,80.16993713,32549,32569,20
13.09488964,80.16993713,32569,32579,10
13.0945797,80.16988373,32579,32589,10
13.0942297,80.16983032,32589,32599,10
13.09354019,80.16986084,32599,32609,10
13.0927,80.16983795,32609,32619,10
13.09175968,80.1697464,32619,32629,10
13.09078026,80.1696701,32629,32639,10
13.08975029,80.16960907,32639,32650,11
13.08880997,80.16960907,32650,32660,10
13.08868027,80.16999054,32660,32670,10
13.08864021,80.17076874,32670,32680,10
13.08864021,80.17157745,32680,32690,10
13.08862019,80.17192841,32690,32700,10
13.08864021,80.17207336,32700,32710,10
13.08854961,80.1725769,32710,32720,10
13.08852005,80.17333984,32720,32730,10
13.08847046,80.17424774,32730,32740,10
13.08839035,80.17520142,32740,32750,10
13.08829975,80.17626953,32750,32761,11
13.0882597,80.17707062,32761,32771,10
13.0882597,80.17709351,32771,32781,10
13.0882597,80.1774292,32781,32791,10
13.08827972,80.17803192,32791,32801,10
13.0882597,80.1785202,32801,32811,10
13.08827019,80.17852783,32811,32821,10
13.08827019,80.17874146,32821,32831,10
13.08825016,80.17928314,32831,32841,10
13.08823013,80.18006897,32841,32851,10
13.08817959,80.18099213,32851,32862,11
13.08815002,80.18193054,32862,32872,10
13.08810997,80.1828537,32872,32882,10
13.08804989,80.18379974,32882,32892,10
13.08798981,80.18479919,32892,32902,10
13.08796978,80.18563843,32902,32912,10
13.08796024,80.18640137,32912,32922,10
13.08794022,80.18733978,32922,32932,10
13.08790016,80.18817902,32932,32942,10
13.08786964,80.18901062,32942,32952,10
13.08780956,80.18977356,32952,32973,21
13.08780956,80.18977356,32973,32983,10
13.08780003,80.18984985,32983,32993,10
13.08773994,80.19026184,32993,33003,10
13.08763027,80.19091034,33003,33013,10
13.08753014,80.19174957,33013,33023,10
13.08745003,80.19235229,33023,33033,10
13.08740997,80.19273376,33033,33043,10
13.08738995,80.19293976,33043,33053,10
13.08736992,80.19332123,33053,33063,10
13.08736038,80.19393921,33063,33073,10
13.08734989,80.1947403,33073,33084,11
13.08734035,80.19553375,33084,33094,10
13.0873003,80.19622803,33094,33104,10
13.08728027,80.19706726,33104,33114,10
13.08728027,80.19772339,33114,33124,10
13.08726978,80.19776917,33124,33134,10
13.08724022,80.19799042,33134,33144,10
13.08732986,80.19837952,33144,33154,10
13.08747005,80.19843292,33154,33164,10
13.08788013,80.19841766,33164,33174,10
13.08852005,80.19838715,33174,33185,11
13.0891304,80.19844055,33185,33195,10
13.0896101,80.1984787,33195,33205,10
13.09020996,80.1985321,33205,33215,10
13.09092045,80.19857788,33215,33225,10
13.09162045,80.19863129,33225,33235,10
13.09245968,80.19867706,33235,33245,10
13.09304047,80.1987915,33245,33255,10
13.09298038,80.1993103,33255,33265,10
13.0929203,80.20005798,33265,33275,10
13.09274006,80.20066071,33275,33285,10
13.09220982,80.20063019,33285,33296,11
13.09140968,80.20057678,33296,33306,10
13.09057999,80.20056152,33306,33316,10
13.08977985,80.20053101,33316,33326,10
13.08907032,80.20049286,33326,33336,10
13.0883503,80.20046234,33336,33346,10
13.08757973,80.20041656,33346,33356,10
13.08716011,80.20041656,33356,33366,10
13.08662987,80.20043182,33366,33376,10
13.08592033,80.20039368,33376,33386,10
13.08549023,80.20037842,33386,33397,11
13.08533955,80.20002747,33397,33407,10
13.08533955,80.19941711,33407,33417,10
13.08530998,80.1987915,33417,33427,10
13.08500004,80.19863892,33427,33437,10
13.08448029,80.19863129,33437,33447,10
13.08428001,80.19864655,33447,33457,10
13.08413029,80.19862366,33457,33467,10
13.08374977,80.19867706,33467,33477,10
13.08318996,80.19864655,33477,33487,10
13.08265018,80.19863129,33487,33497,10
13.08222008,80.19869995,33497,33508,11
13.08176994,80.19873047,33508,33518,10
13.08123016,80.19870758,33518,33528,10
13.08057022,80.1987381,33528,33538,10
13.07979012,80.19876099,33538,33548,10
13.07917023,80.19880676,33548,33558,10
13.07843018,80.19888306,33558,33568,10
13.07761955,80.19898224,33568,33578,10
13.07672977,80.19908905,33578,33588,10
13.07579041,80.19920349,33588,33598,10
13.07483959,80.19947815,33598,33609,11
13.07380009,80.20037079,33609,33629,20
13.07380009,80.20037079,33629,33639,10
13.07376003,80.20043182,33639,33649,10
13.07349968,80.200737,33649,33659,10
13.07310009,80.2011795,33659,33669,10
13.07268047,80.20168304,33669,33679,10
13.07221031,80.20224762,33679,33689,10
13.07166958,80.20278931,33689,33699,10
13.07104015,80.20355225,33699,33709,10
13.07046032,80.20423889,33709,33720,11
13.07019997,80.20458984,33720,33730,10
13.07013035,80.2046814,33730,33740,10
13.07003975,80.20484161,33740,33750,10
13.06997967,80.2049408,33750,33760,10
13.06980038,80.20506287,33760,33770,10
13.06960964,80.20488739,33770,33780,10
13.06931973,80.20484924,33780,33790,10
13.06904984,80.20517731,33790,33800,10
13.06857967,80.20542908,33800,33810,10
13.06816006,80.20545959,33810,33819,9
13.06799984,80.20503998,33819,33851,32
13.06799984,80.20503998,33851,33861,10
13.06822014,80.20491791,33861,33871,10
13.06849003,80.20491028,33871,33881,10
13.06882954,80.20477295,33881,33891,10
13.06896019,80.20472717,33891,33901,10
13.06912041,80.20469666,33901,33911,10
13.06935978,80.20472717,33911,33921,10
13.0697403,80.20487976,33921,33952,31
13.0697403,80.20487976,33952,33962,10
13.06980991,80.20496368,33962,33972,10
13.06986046,80.2052002,33972,33982,10
13.06960011,80.20561218,33982,33992,10
13.06921959,80.20619202,33992,34002,10
13.06875992,80.20690155,34002,34012,10
13.0682497,80.20771027,34012,34022,10
13.06781006,80.20847321,34022,34032,10
13.06764984,80.2087326,34032,34043,11
13.06731033,80.20925903,34043,34053,10
13.06688023,80.20980835,34053,34063,10
13.06620979,80.21037292,34063,34073,10
13.06552982,80.2109375,34073,34083,10
13.06501007,80.21134186,34083,34093,10
13.06499958,80.21134186,34093,34103,10
13.06474972,80.21144867,34103,34113,10
13.06414032,80.2116394,34113,34133,20
13.06414032,80.2116394,34133,34142,9
13.06396008,80.21174622,34142,34154,12
13.06357002,80.2117691,34154,34164,10
13.06299973,80.21180725,34164,34174,10
13.06235981,80.21183014,34174,34184,10
13.06165981,80.2117691,34184,34194,10
13.06075001,80.21176147,34194,34204,10
13.05980968,80.21167755,34204,34214,10
13.05887985,80.21166229,34214,34224,10
13.0582304,80.21166992,34224,34234,10
13.05766964,80.21170044,34234,34244,10
13.05760956,80.21169281,34244,34255,11
13.05751991,80.2116394,34255,34265,10
13.05714989,80.21166229,34265,34275,10
13.05657005,80.2116394,34275,34285,10
13.05585003,80.21163177,34285,34295,10
13.05502033,80.21160889,34295,34305,10
13.0542202,80.21170044,34305,34315,10
13.05340958,80.2118988,34315,34325,10
13.05263042,80.21208954,34325,34335,10
13.05181026,80.21228027,34335,34345,10
13.05115032,80.21221924,34345,34355,10
13.05093002,80.21219635,34355,34366,11
13.05037975,80.21219635,34366,34376,10
13.04988003,80.21221161,34376,34386,10
13.04965973,80.21218109,34386,34406,20
13.04965973,80.21218109,34406,34416,10
13.04928017,80.21214294,34416,34426,10
13.04872036,80.21219635,34426,34436,10
13.04796028,80.21228027,34436,34446,10
13.04706955,80.21234131,34446,34456,10
13.04603004,80.21235657,34456,34466,10
13.04469013,80.21247864,34466,34517,51
13.04469013,80.21247864,34517,34527,10
13.04459,80.21250153,34527,34537,10
13.04426956,80.21250153,34537,34547,10
13.04366016,80.21243286,34547,34557,10
13.0428896,80.21240997,34557,34567,10
13.04218006,80.21240234,34567,34578,11
13.04143047,80.21243286,34578,34588,10
13.04057026,80.21247864,34588,34598,10
13.0396204,80.21244049,34598,34608,10
13.03870964,80.21243286,34608,34677,69
13.03870964,80.21243286,34677,34689,12
13.03820038,80.21238708,34689,34699,10
13.03779984,80.21235657,34699,34709,10
13.03738976,80.21231842,34709,34719,10
13.03684998,80.21230316,34719,34729,10
13.03616047,80.21231842,34729,34739,10
13.03575993,80.21234894,34739,34749,10
13.03559971,80.21237946,34749,34759,10
13.03524017,80.21234131,34759,34769,10
13.03495026,80.21228027,34769,34779,10
13.03477955,80.21224213,34779,34790,11
13.03456974,80.21218872,34790,34800,10
13.03421021,80.21214294,34800,34810,10
13.03409958,80.21212006,34810,34820,10
13.03402996,80.21211243,34820,34830,10
13.03372955,80.21202087,34830,34840,10
13.03316021,80.21190643,34840,34850,10
13.03240013,80.21179962,34850,34860,10
13.03199005,80.21141052,34860,34870,10
13.0320797,80.21096802,34870,34880,10
13.0320797,80.21034241,34880,34890,10
13.03209019,80.20973969,34890,34901,11
13.03155994,80.2095108,34901,34911,10
13.03090954,80.2093277,34911,34921,10
13.0306797,80.20928955,34921,34931,10
13.03036976,80.20921326,34931,34941,10
13.02956963,80.20896149,34941,34961,20
13.02956963,80.20896149,34961,34971,10
13.02935982,80.20890045,34971,34981,10
13.02884007,80.20874786,34981,34991,10
13.02807999,80.20852661,34991,35001,10
13.02735043,80.2081604,35001,35012,11
13.02649975,80.20765686,35012,35022,10
13.02565956,80.2071991,35022,35032,10
13.02478027,80.20703888,35032,35042,10
13.02427006,80.20691681,35042,35052,10
13.02418995,80.20690918,35052,35062,10
13.02379036,80.20681,35062,35072,10
13.02317047,80.20670319,35072,35082,10
13.02233028,80.20658112,35082,35092,10
13.02151966,80.20652771,35092,35102,10
13.0206604,80.20654297,35102,35113,11
13.01957989,80.20648956,35113,35123,10
13.01906967,80.20635223,35123,35143,20
13.01906967,80.20635223,35143,35153,10
13.01900005,80.2062912,35153,35163,10
13.01856041,80.20613861,35163,35173,10
13.01793003,80.20597839,35173,35183,10
13.01731968,80.20571899,35183,35193,10
13.01694965,80.20552826,35193,35203,10
13.01653004,80.20523834,35203,35213,10
13.0157299,80.20491791,35213,35224,11
13.01476955,80.20472717,35224,35234,10
13.01422977,80.20458221,35234,35244,10
13.01381969,80.20443726,35244,35254,10
13.01360989,80.20465088,35254,35274,20
13.01360989,80.20465088,35274,35284,10
13.01344013,80.20504761,35284,35294,10
13.01327038,80.20561981,35294,35304,10
13.01307964,80.20636749,35304,35314,10
13.01299953,80.20720673,35314,35325,11
13.01284027,80.20793915,35325,35335,10
13.01284027,80.2084198,35335,35345,10
13.01290035,80.20886993,35345,35355,10
13.01307011,80.20939636,35355,35365,10
13.01317024,80.20982361,35365,35375,10
13.01311016,80.21044922,35375,35385,10
13.01282024,80.21121216,35385,35395,10
13.01251984,80.21179962,35395,35405,10
13.01229,80.21224213,35405,35415,10
13.01202011,80.21264648,35415,35425,10
13.01181984,80.21276855,35425,35436,11
13.01150036,80.21250916,35436,35446,10
13.01101971,80.21212769,35446,35456,10
13.01051044,80.21179199,35456,35466,10
13.00979996,80.21125031,35466,35516,50
13.00979996,80.21125031,35516,35526,10
13.00957966,80.21121979,35526,35536,10
13.00944042,80.2110672,35536,35547,11
13.00930023,80.21115875,35547,35557,10
13.00926971,80.2111969,35557,35567,10
13.00907993,80.2114563,35567,35577,10
13.00909996,80.21186066,35577,35587,10
13.00920963,80.21221161,35587,35597,10
13.00934029,80.21266174,35597,35607,10
13.00951958,80.21315765,35607,35617,10
13.00973034,80.21367645,35617,35627,10
13.00994968,80.21417999,35627,35636,9
13.01012039,80.21466827,35636,35648,12
13.01025009,80.2155838,35648,35658,10
13.01058006,80.21643829,35658,35668,10
13.0110302,80.21740723,35668,35678,10
13.01142025,80.21842194,35678,35688,10
13.01179028,80.21948242,35688,35698,10
13.01214027,80.22064209,35698,35708,10
13.01235008,80.22133636,35708,35718,10
13.01255035,80.22174072,35718,35728,10
13.01270008,80.22206879,35728,35738,10
13.01294041,80.22239685,35738,35747,9
13.01334,80.22274017,35747,35759,12
13.01381016,80.22325897,35759,35769,10
13.01403999,80.22348785,35769,35779,10
13.01424026,80.22379303,35779,35789,10
13.01457977,80.22416687,35789,35799,10
13.01494026,80.22454834,35799,35809,10
13.01515007,80.2247467,35809,35819,10
13.01537991,80.22505188,35819,35829,10
13.0155201,80.22532654,35829,35839,10
13.01544952,80.2256012,35839,35849,10
13.01511955,80.2258606,35849,35858,9
13.01461983,80.22609711,35858,35870,12
13.01375008,80.2264328,35870,35880,10
13.01288986,80.22676849,35880,35890,10
13.01196003,80.22711945,35890,35900,10
13.01101017,80.22749329,35900,35910,10
13.01018047,80.22782135,35910,35920,10
13.0096302,80.22789001,35920,35930,10
13.00955009,80.22747803,35930,35940,10
13.00977039,80.22701263,35940,35950,10
13.01010036,80.22631073,35950,35960,10
13.01039982,80.22544098,35960,35971,11
13.01062012,80.22502899,35971,35981,10
13.01068974,80.22493744,35981,35991,10
13.0108099,80.2245636,35991,36001,10
13.01105976,80.22383881,36001,36011,10
13.01119995,80.22316742,36011,36021,10
13.01064968,80.22303009,36021,36031,10
13.0099802,80.22257996,36031,36041,10
13.00914955,80.2220993,36041,36051,10
13.00862026,80.22174072,36051,36092,41
13.00862026,80.22174072,36092,36102,10
13.00835991,80.22158813,36102,36112,10
13.00817966,80.22149658,36112,36122,10
13.00776005,80.22131348,36122,36132,10
13.00728035,80.22113037,36132,36142,10
13.00644016,80.2207489,36142,36152,10
13.00555992,80.22046661,36152,36162,10
13.00481033,80.22026062,36162,36172,10
13.00415993,80.22013855,36172,36182,10
13.00339031,80.21988678,36182,36193,11
13.00251961,80.21952057,36193,36203,10
13.00203991,80.21906281,36203,36213,10
13.00156975,80.21856689,36213,36223,10
13.0009203,80.21807861,36223,36233,10
13.00020981,80.21762848,36233,36242,9
12.99942017,80.21716309,36242,36253,11
12.99831009,80.21661377,36253,36263,10
12.99746037,80.21647644,36263,36273,10
12.99738979,80.21647644,36273,36283,10
12.9971199,80.2164917,36283,36294,11
12.99670982,80.21652222,36294,36304,10
12.99619961,80.21659851,36304,36314,10
12.99543953,80.21684265,36314,36324,10
12.9948597,80.21720886,36324,36334,10
12.99419022,80.21764374,36334,36344,10
12.99359035,80.21808624,36344,36354,10
12.99289989,80.21858215,36354,36364,10
12.9921999,80.21910858,36364,36374,10
12.99157047,80.21956635,36374,36384,10
12.99108028,80.21945953,36384,36393,9
12.99098969,80.21942902,36393,36405,12
12.99063015,80.21929169,36405,36415,10
12.98997974,80.21907043,36415,36425,10
12.98925018,80.21881104,36425,36435,10
12.98834991,80.21852112,36435,36445,10
12.9874897,80.2183609,36445,36455,10
12.98690987,80.21824646,36455,36475,20
12.98690987,80.21824646,36475,36485,10
12.98661041,80.21819305,36485,36495,10
12.98604012,80.21804047,36495,36505,10
12.98513031,80.21794128,36505,36516,11
12.98456001,80.21794891,36516,36526,10
12.9840498,80.21794128,36526,36536,10
12.98402977,80.21794128,36536,36546,10
12.98383045,80.2179184,36546,36556,10
12.98324966,80.2179184,36556,36566,10
12.98243046,80.21793365,36566,36576,10
12.9815197,80.21800995,36576,36586,10
12.98066998,80.21826935,36586,36596,10
12.98019981,80.21843719,36596,36606,10
12.97961044,80.21867371,36606,36617,11
12.97891998,80.21896362,36617,36627,10
12.97848988,80.21913147,36627,36637,10
12.97786045,80.21939087,36637,36647,10
12.97704029,80.21972656,36647,36657,10
12.97618961,80.2201004,36657,36667,10
12.97574997,80.22028351,36667,36738,71
12.97574997,80.22028351,36738,36748,10
12.97546959,80.22032928,36748,36758,10
12.97554016,80.22068787,36758,36768,10
12.97583961,80.22097778,36768,36859,91
12.97603989,80.22122192,36859,37596,737
12.97603989,80.22122192,37596,37606,10
12.97614002,80.22122192,37606,37616,10
12.9764204,80.22122192,37616,37626,10
12.97696972,80.22120667,37626,37636,10
12.97751999,80.22119141,37636,37646,10
12.97817993,80.22118378,37646,37656,10
12.97904015,80.22113037,37656,37666,10
12.97992039,80.22106934,37666,37676,10
12.98062992,80.2210083,37676,37686,10
12.98118973,80.22107697,37686,37697,11
12.98174,80.22144318,37697,37706,9
12.98194027,80.22158813,37706,37717,11
12.98244953,80.22180176,37717,37727,10
12.98283005,80.2219162,37727,37737,10
12.98297024,80.22197723,37737,37747,10
12.98311043,80.22203827,37747,37757,10
12.98349953,80.22231293,37757,37767,10
12.98398972,80.22258759,37767,37777,10
12.98443985,80.22289276,37777,37787,10
12.98505974,80.2232132,37787,37797,10
12.98548031,80.2232132,37797,37808,11
12.98596001,80.22297668,37808,37818,10
12.98649025,80.22296143,37818,37828,10
12.98657036,80.22296906,37828,37838,10
12.98694992,80.22303772,37838,37848,10
12.98725033,80.22306061,37848,37858,10
12.98771954,80.22303772,37858,37868,10
12.98834038,80.22264099,37868,37878,10
12.98894024,80.22200775,37878,37888,10
12.98939991,80.22141266,37888,37898,10
12.9898901,80.22074127,37898,37909,11
12.99053955,80.22025299,37909,37919,10
12.99061966,80.22020721,37919,37929,10
12.99094009,80.21996307,37929,37939,10
12.99145031,80.21955872,37939,37949,10
12.99207973,80.21910095,37949,37959,10
12.99281979,80.21856689,37959,37969,10
12.99353981,80.21800995,37969,37979,10
12.99384975,80.2177887,37979,37989,10
12.99400997,80.21768188,37989,37999,10
12.99402046,80.21768188,37999,38009,10
12.99433041,80.21749115,38009,38020,11
12.9946003,80.21729279,38020,38030,10
12.99481964,80.21710968,38030,38040,10
12.99520016,80.21687317,38040,38050,10
12.99565029,80.21668243,38050,38060,10
12.99619961,80.21655273,38060,38070,10
12.99693012,80.21647644,38070,38080,10
12.99742031,80.21617889,38080,38090,10
12.99755001,80.21607208,38090,38100,10
12.99773979,80.21591187,38100,38110,10
12.99818039,80.2155304,38110,38120,10
12.99872017,80.21507263,38120,38131,11
12.99917984,80.21469116,38131,38141,10
12.99950027,80.2144165,38141,38151,10
12.99997997,80.21399689,38151,38161,10
13.00053024,80.21350098,38161,38171,10
13.00121021,80.21295929,38171,38181,10
13.00193977,80.21243286,38181,38191,10
13.00249958,80.21212006,38191,38201,10
13.00312996,80.21205139,38201,38211,10
13.00370026,80.2118988,38211,38232,21
13.00370026,80.2118988,38232,38242,10
13.00372028,80.21150208,38242,38252,10
13.00368977,80.21092224,38252,38262,10
13.00360966,80.21038818,38262,38272,10
13.00352955,80.20986176,38272,38282,10
13.00356007,80.2093277,38282,38292,10
13.00370979,80.20871735,38292,38302,10
13.00434017,80.20874786,38302,38312,10
13.00518036,80.2091217,38312,38322,10
13.00611019,80.2094574,38322,38332,10
13.0072298,80.20976257,38332,38353,21
13.0072298,80.20976257,38353,38363,10
13.00761032,80.20986176,38363,38373,10
13.00796986,80.20995331,38373,38383,10
13.0081501,80.20982361,38383,38393,10
13.0080204,80.2093277,38393,38403,10
13.00788021,80.20860291,38403,38413,10
13.00774002,80.20773315,38413,38423,10
13.00759029,80.20674133,38423,38433,10
13.00747967,80.20562744,38433,38443,10
13.00747967,80.20462036,38443,38454,11
13.00741959,80.2036438,38454,38464,10
13.0072403,80.20274353,38464,38474,10
13.00658035,80.20269012,38474,38484,10
13.00677013,80.20330048,38484,38494,10
13.00743961,80.20362091,38494,38504,10
13.00825977,80.20368958,38504,38514,10
13.00918961,80.20362854,38514,38524,10
13.01023006,80.20358276,38524,38534,10
13.01136971,80.20365143,38534,38544,10
13.01255035,80.20385742,38544,38555,11
13.0136404,80.20417023,38555,38565,10
13.01511955,80.20459747,38565,38585,20
13.01511955,80.20459747,38585,38595,10
13.01543045,80.2046814,38595,38605,10
13.01609039,80.20488739,38605,38615,10
13.01686954,80.20516205,38615,38625,10
13.01764011,80.20549774,38625,38635,10
13.01797009,80.20561981,38635,38645,10
13.01854038,80.20581055,38645,38655,10
13.01873016,80.20588684,38655,38666,11
13.01916027,80.20603943,38666,38676,10
13.01982021,80.20619202,38676,38686,10
13.02068043,80.20625305,38686,38696,10
13.02153969,80.20626068,38696,38706,10
13.02229023,80.20629883,38706,38716,10
13.02299023,80.20644379,38716,38726,10
13.02369976,80.20658112,38726,38736,10
13.02431011,80.20665741,38736,38746,10
13.02445984,80.2066803,38746,38756,10
13.02503014,80.20681763,38756,38767,11
13.0259304,80.20717621,38767,38777,10
13.02676964,80.20764923,38777,38787,10
13.02766037,80.20819092,38787,38797,10
13.02855968,80.2085495,38797,38807,10
13.02937031,80.20870972,38807,38817,10
13.02982998,80.2088623,38817,38827,10
13.0302,80.20897675,38827,38837,10
13.03077984,80.20915222,38837,38847,10
13.03155994,80.20929718,38847,38867,20
13.03155994,80.20929718,38867,38878,11
13.03195953,80.2093811,38878,38888,10
13.03246021,80.20951843,38888,38898,10
13.03324032,80.20968628,38898,38908,10
13.03405952,80.20983887,38908,38918,10
13.03472996,80.21002197,38918,38928,10
13.03509998,80.210289,38928,38938,10
13.03499985,80.21073914,38938,38948,10
13.03499031,80.2108078,38948,38958,10
13.03499031,80.21124268,38958,38978,20
13.03499031,80.21124268,38978,38989,11
13.03491974,80.2115097,38989,38999,10
13.03483963,80.21183777,38999,39009,10
13.03483963,80.21206665,39009,39019,10
13.03520012,80.21219635,39019,39029,10
13.03582954,80.21221924,39029,39039,10
13.03635025,80.21227264,39039,39049,10
13.03672981,80.21231079,39049,39079,30
13.03672981,80.21231079,39079,39088,9
13.03705978,80.21228027,39088,39100,12
13.03736019,80.21227264,39100,39110,10
13.03796959,80.21228027,39110,39120,10
13.03878021,80.21228027,39120,39130,10
13.03971958,80.21227264,39130,39140,10
13.04086971,80.21228027,39140,39150,10
13.04211044,80.2122879,39150,39160,10
13.04325962,80.21224976,39160,39170,10
13.04391956,80.21224213,39170,39180,10
13.04450035,80.21224213,39180,39190,10
13.04522038,80.21224976,39190,39201,11
13.04617023,80.21222687,39201,39211,10
13.04706955,80.21218109,39211,39221,10
13.04796028,80.21208954,39221,39231,10
13.04856014,80.21204376,39231,39241,10
13.04895973,80.21198273,39241,39251,10
13.04895973,80.21199036,39251,39261,10
13.04913998,80.21198273,39261,39271,10
13.04918003,80.21198273,39271,39281,10
13.04948044,80.21195984,39281,39291,10
13.04977036,80.21190643,39291,39301,10
13.05018997,80.21192169,39301,39312,11
13.05074978,80.21199036,39312,39322,10
13.05130005,80.21201324,39322,39332,10
13.05202961,80.21198273,39332,39342,10
13.05249023,80.21188354,39342,39352,10
13.05309963,80.21173859,39352,39362,10
13.05438042,80.21144104,39362,39382,20
13.05438042,80.21144104,39382,39392,10
13.05453014,80.21141052,39392,39402,10
13.05498028,80.21144104,39402,39412,10
13.05572987,80.21141815,39412,39423,11
13.05683041,80.21143341,39423,39433,10
13.05803013,80.2114563,39433,39443,10
13.05904007,80.21147919,39443,39453,10
13.05996037,80.21154022,39453,39463,10
13.06101036,80.21159363,39463,39473,10
13.06169987,80.21160889,39473,39483,10
13.06239033,80.21163177,39483,39493,10
13.06319046,80.21157074,39493,39503,10
13.06330013,80.2115097,39503,39513,10
13.06359959,80.21150208,39513,39524,11
13.06422043,80.21144867,39524,39534,10
13.06478977,80.21125031,39534,39544,10
13.06546021,80.21077728,39544,39554,10
13.06618023,80.21016693,39554,39564,10
13.06688023,80.2094574,39564,39574,10
13.06719017,80.20890045,39574,39584,10
13.06719971,80.20879364,39584,39594,10
13.06739044,80.20850372,39594,39604,10
13.06770992,80.2080307,39604,39614,10
13.06816006,80.2073288,39614,39624,10
13.06873035,80.2065506,39624,39635,11
13.06925011,80.20578766,39635,39645,10
13.06958008,80.2052002,39645,39655,10
13.06968021,80.20501709,39655,39665,10
13.06945992,80.20481873,39665,39675,10
13.06906033,80.20519257,39675,39685,10
13.06869984,80.2052002,39685,39735,50
13.06869984,80.2052002,39735,39746,11
13.06869984,80.20503235,39746,39756,10
13.06888962,80.20471954,39756,39766,10
13.06923962,80.20469666,39766,39776,10
13.06945992,80.20474243,39776,39786,10
13.0696497,80.20477295,39786,39796,10
13.06999016,80.20465088,39796,39806,10
13.07038021,80.20413971,39806,39816,10
13.07096004,80.20345306,39816,39826,10
13.07149029,80.20278931,39826,39835,9
13.0717802,80.20246124,39835,39847,12
13.07194996,80.20226288,39847,39857,10
13.07215977,80.20202637,39857,39867,10
13.0724802,80.20168304,39867,39877,10
13.07279015,80.2013092,39877,39887,10
13.07306957,80.20101929,39887,39897,10
13.07339001,80.20066833,39897,39907,10
13.07371044,80.20028687,39907,39917,10
13.07394028,80.19998932,39917,39927,10
13.07402992,80.19985962,39927,39937,10
13.0741396,80.19972229,39937,39947,10
13.07431984,80.1995697,39947,39958,11
13.07474995,80.19921875,39958,39968,10
13.07548046,80.1990509,39968,39978,10
13.0763998,80.19902039,39978,39988,10
13.07732964,80.19895172,39988,39998,10
13.07818985,80.19883728,39998,40008,10
13.07905006,80.19873047,40008,40018,10
13.07973003,80.19867706,40018,40028,10
13.08043957,80.19860077,40028,40038,10
13.08113003,80.19854736,40038,40048,10
13.08183002,80.1985321,40048,40059,11
13.08283997,80.19844818,40059,40079,20
13.08283997,80.19844818,40079,40089,10
13.08298016,80.19848633,40089,40099,10
13.08345985,80.19847107,40099,40109,10
13.08390999,80.19846344,40109,40119,10
13.08428955,80.19846344,40119,40129,10
13.08473969,80.19850922,40129,40139,10
13.08520985,80.19847107,40139,40149,10
13.08574963,80.19841003,40149,40159,10
13.08621025,80.19837952,40159,40170,11
13.08668041,80.1984024,40170,40180,10
13.08689976,80.19837952,40180,40190,10
13.08701992,80.19828033,40190,40200,10
13.08701992,80.19821167,40200,40210,10
13.08705044,80.19802094,40210,40220,10
13.08707047,80.19790649,40220,40230,10
13.08712006,80.1975174,40230,40240,10
13.08716011,80.19687653,40240,40250,10
13.0872097,80.19602966,40250,40260,10
13.08722973,80.19521332,40260,40270,10
13.08724022,80.19438171,40270,40281,11
13.08724976,80.19342804,40281,40291,10
13.0873003,80.19268799,40291,40301,10
13.08736992,80.19219208,40301,40311,10
13.08743,80.19168854,40311,40321,10
13.08751965,80.19107056,40321,40331,10
13.08761978,80.19033051,40331,40341,10
13.08769989,80.1896286,40341,40351,10
13.08773041,80.18869781,40351,40392,41
13.08773041,80.18869781,40392,40402,10
13.08775043,80.18847656,40402,40412,10
13.08777046,80.18817902,40412,40422,10
13.08780956,80.18769836,40422,40432,10
13.08782959,80.18704987,40432,40442,10
13.08786011,80.18634033,40442,40452,10
13.08788013,80.18576813,40452,40462,10
13.08792019,80.18531036,40462,40472,10
13.08794975,80.18473816,40472,40482,10
13.08798981,80.18393707,40482,40493,11
13.08796978,80.18364716,40493,40503,10
13.08798027,80.18335724,40503,40513,10
13.08800983,80.18276215,40513,40523,10
13.08804989,80.18202209,40523,40533,10
13.08808994,80.18113708,40533,40543,10
13.08810043,80.18018341,40543,40553,10
13.08806038,80.17964172,40553,40592,39
13.08806038,80.17964172,40592,40604,12
13.08808041,80.17946625,40604,40614,10
13.08813,80.17902374,40614,40624,10
13.08815002,80.17828369,40624,40634,10
13.08817005,80.17739868,40634,40644,10
13.08821011,80.17649841,40644,40654,10
13.08827972,80.17556763,40654,40664,10
13.08833027,80.17475128,40664,40674,10
13.08839989,80.17418671,40674,40684,10
13.08845997,80.17340088,40684,40694,10
13.08850002,80.17249298,40694,40705,11
13.08850002,80.17182922,40705,40715,10
13.08850002,80.17176819,40715,40725,10
13.08854961,80.17128754,40725,40735,10
13.08860016,80.17062378,40735,40745,10
13.08862972,80.17012787,40745,40755,10
13.08862972,80.17006683,40755,40765,10
13.08870029,80.16966248,40765,40775,10
13.08897972,80.16950989,40775,40785,10
13.08953953,80.16956329,40785,40795,10
13.09035015,80.16960907,40795,40805,10
13.09134007,80.16964722,40805,40816,11
13.09208012,80.16970825,40816,40826,10
13.09294987,80.16976929,40826,40836,10
13.09383011,80.16983032,40836,40846,10
13.09463024,80.16983795,40846,40856,10
13.09490013,80.16986084,40856,40866,10
13.09512997,80.16989136,40866,40876,10
13.09574986,80.16992188,40876,40886,10
13.09661961,80.16996765,40886,40896,10
13.09768009,80.17002869,40896,40906,10
13.09875965,80.17008209,40906,40916,10
13.09957027,80.17008972,40916,40937,21
13.09957027,80.17008972,40937,40947,10
13.09974003,80.16986847,40947,40957,10
13.09955978,80.16967773,40957,40967,10
13.09937954,80.16996765,40967,41562,595
13.09922028,80.17006683,41562,42098,536
13.09922028,80.17006683,42098,42108,10
13.0992403,80.17021942,42108,42119,11
13.09906006,80.17021942,42119,42129,10
13.0989399,80.17021942,42129,42139,10
13.09844017,80.17018127,42139,42149,10
13.09772015,80.17012787,42149,42159,10
13.0968399,80.17006683,42159,42169,10
13.09587002,80.17002106,42169,42179,10
13.09504032,80.16993713,42179,42189,10
13.09469986,80.1699295,42189,42199,10
13.09438992,80.1699295,42199,42209,10
13.09383011,80.16988373,42209,42220,11
13.09300995,80.16980743,42220,42230,10
13.09195995,80.16973877,42230,42240,10
13.09082031,80.16969299,42240,42250,10
13.08965969,80.1696167,42250,42260,10
13.08899021,80.16957855,42260,42270,10
13.08897972,80.16957092,42270,42280,10
13.08866024,80.16970825,42280,42290,10
13.08862972,80.17028809,42290,42300,10
13.08858013,80.17112732,42300,42310,10
13.0885601,80.17189026,42310,42320,10
13.0885601,80.17196655,42320,42331,11
13.08852959,80.17207336,42331,42341,10
13.08848953,80.17256165,42341,42351,10
13.08845997,80.17327881,42351,42361,10
13.08841038,80.17408752,42361,42371,10
13.08835983,80.17475128,42371,42381,10
13.08833027,80.17527008,42381,42391,10
13.08827019,80.17597198,42391,42401,10
13.08823967,80.17669678,42401,42411,10
13.08821011,80.17733765,42411,42421,10
13.08819962,80.17812347,42421,42431,10
13.08821011,80.17861938,42431,42442,11
13.08821011,80.17862701,42442,42452,10
13.08823013,80.17888641,42452,42462,10
13.08823967,80.179039,42462,42472,10
13.08819962,80.17938232,42472,42482,10
13.08819962,80.17989349,42482,42492,10
13.08817959,80.18055725,42492,42502,10
13.08813,80.18134308,42502,42512,10
13.08808994,80.18208313,42512,42522,10
13.08810043,80.18273163,42522,42532,10
13.08806038,80.18356323,42532,42543,11
13.0880003,80.18464661,42543,42553,10
13.08802032,80.18528748,42553,42563,10
13.08802032,80.18531799,42563,42573,10
13.08796978,80.18546295,42573,42583,10
13.08796024,80.18586731,42583,42593,10
13.08794975,80.1864624,42593,42603,10
13.08794975,80.18721008,42603,42613,10
13.08794975,80.18773651,42613,42623,10
13.08788967,80.1882782,42623,42633,10
13.08784962,80.18869781,42633,42643,10
13.08780956,80.18914032,42643,42654,11
13.08778,80.18981934,42654,42674,20
13.08778,80.18981934,42674,42684,10
13.08773041,80.19007874,42684,42694,10
13.0876503,80.19059753,42694,42704,10
13.08755016,80.19133759,42704,42714,10
13.08745956,80.19210815,42714,42724,10
13.08736038,80.19280243,42724,42734,10
13.08732986,80.19354248,42734,42744,10
13.08728981,80.19435883,42744,42753,9
13.08726025,80.1950531,42753,42765,12
13.08728981,80.19584656,42765,42775,10
13.08724022,80.19637299,42775,42785,10
13.08722973,80.19715118,42785,42795,10
13.08722019,80.19777679,42795,42805,10
13.0872097,80.19782257,42805,42815,10
13.08724022,80.19819641,42815,42825,10
13.08745003,80.19844055,42825,42835,10
13.08788967,80.19838715,42835,42845,10
13.08843994,80.198349,42845,42855,10
13.08895969,80.19843292,42855,42866,11
13.08955956,80.19846344,42866,42876,10
13.0903101,80.1985321,42876,42886,10
13.09111977,80.19857788,42886,42896,10
13.09177971,80.19866943,42896,42906,10
13.09257984,80.19867706,42906,42916,10
13.09296989,80.19885254,42916,42926,10
13.0929203,80.19937897,42926,42936,10
13.09290028,80.20008087,42936,42946,10
13.09288025,80.20037079,42946,42956,10
13.09272003,80.20059204,42956,42965,9
13.09235001,80.20059204,42965,42977,12
13.09154034,80.20053864,42977,42987,10
13.09099007,80.20053864,42987,42997,10
13.09045029,80.20052338,42997,43007,10
13.08977032,80.2004776,43007,43017,10
13.08905983,80.20046997,43017,43027,10
13.08827019,80.20046234,43027,43037,10
13.08747959,80.20044708,43037,43047,10
13.08710957,80.20046234,43047,43057,10
13.08668995,80.20043945,43057,43067,10
13.08621979,80.20040894,43067,43077,10
13.08586979,80.20040131,43077,43088,11
13.08578014,80.20040131,43088,43098,10
13.08553028,80.20039368,43098,43108,10
13.08528996,80.20030212,43108,43118,10
13.08528996,80.20007324,43118,43128,10
13.08533001,80.19965363,43128,43138,10
13.08532047,80.19907379,43138,43148,10
13.08518982,80.19877625,43148,43157,9
13.08491993,80.19872284,43157,43168,11
13.08436012,80.19872284,43168,43178,10
13.08423996,80.19873047,43178,43188,10
13.08390045,80.19869995,43188,43199,11
13.08321953,80.19870758,43199,43229,30
13.08321953,80.19870758,43229,43239,10
13.08292007,80.19870758,43239,43249,10
13.08246994,80.19867706,43249,43259,10
13.08197021,80.19867706,43259,43269,10
13.08139992,80.1986618,43269,43279,10
13.08086967,80.19869232,43279,43289,10
13.08026028,80.1987381,43289,43299,10
13.07956028,80.1987915,43299,43310,11
13.07874966,80.19885254,43310,43320,10
13.07793045,80.19895935,43320,43330,10
13.07713032,80.1990509,43330,43340,10
13.07635975,80.19914246,43340,43350,10
13.07551003,80.19924164,43350,43360,10
13.07464027,80.19956207,43360,43370,10
13.07386017,80.20023346,43370,43380,10
13.07367992,80.2004776,43380,43390,10
13.07357979,80.20059967,43390,43400,10
13.07324982,80.20101166,43400,43411,11
13.07271957,80.20162964,43411,43421,10
13.07233047,80.20210266,43421,43431,10
13.07182026,80.20262909,43431,43441,10
13.07122993,80.20330048,43441,43451,10
13.0706501,80.20398712,43451,43461,10
13.0701704,80.20456696,43461,43471,10
13.06999016,80.20484161,43471,43511,40
13.06999016,80.20484161,43511,43522,11
13.06991959,80.20494843,43522,43532,10
13.06978035,80.20506287,43532,43542,10
13.06937027,80.20485687,43542,43552,10
13.06898975,80.20526886,43552,43562,10
13.06838989,80.20543671,43562,43572,10
13.06795979,80.20529938,43572,43602,30
13.06795979,80.20529938,43602,43612,10
13.06811047,80.20501709,43612,43622,10
13.06849957,80.20490265,43622,43633,11
13.06904984,80.20471954,43633,43643,10
13.06958008,80.20478821,43643,43663,20
13.06958008,80.20478821,43663,43673,10
13.06978989,80.2049408,43673,43683,10
13.06976032,80.20527649,43683,43693,10
13.06937981,80.20581818,43693,43703,10
13.06888962,80.20655823,43703,43713,10
13.06830978,80.20747375,43713,43723,10
13.06776047,80.20832062,43723,43734,11
13.0673399,80.20908356,43734,43744,10
13.06674957,80.2098999,43744,43754,10
13.06585979,80.21067047,43754,43764,10
13.06488037,80.21141815,43764,43774,10
13.06392002,80.21173096,43774,43794,20
13.06392002,80.21173096,43794,43804,10
13.0638504,80.21176147,43804,43814,10
13.06348038,80.21174622,43814,43824,10
13.06284046,80.21176147,43824,43834,10
13.06223011,80.21179199,43834,43845,11
13.06155014,80.21182251,43845,43854,9
13.06066036,80.21173859,43854,43865,11
13.05967045,80.21169281,43865,43875,10
13.05869961,80.2116394,43875,43885,10
13.05792046,80.21161652,43885,43895,10
13.0576601,80.21160889,43895,43905,10
13.05731964,80.21159363,43905,43915,10
13.05673027,80.21157837,43915,43925,10
13.05589962,80.21157837,43925,43935,10
13.05492973,80.21151733,43935,43945,10
13.05385017,80.21167755,43945,43956,11
13.05278969,80.21195984,43956,43966,10
13.05216026,80.21214294,43966,43976,10
13.05177021,80.21221161,43976,43986,10
13.05136967,80.2121582,43986,43996,10
13.05097961,80.21212006,43996,44006,10
13.05021954,80.21217346,44006,44056,50
13.05021954,80.21217346,44056,44067,11
13.04957008,80.21212769,44067,44087,20
13.04957008,80.21212769,44087,44097,10
13.04940033,80.21212769,44097,44107,10
13.04881954,80.2121582,44107,44117,10
13.04804039,80.21221161,44117,44127,10
13.04712963,80.21230316,44127,44137,10
13.04633999,80.21233368,44137,44147,10
13.04561996,80.21237183,44147,44157,10
13.0452404,80.21240234,44157,44168,11
13.0448103,80.2124176,44168,44238,70
13.0448103,80.2124176,44238,44248,10
13.04473972,80.21240234,44248,44258,10
13.04440975,80.21237946,44258,44268,10
13.04389954,80.21234894,44268,44279,11
13.04316998,80.21234894,44279,44289,10
13.04240036,80.21233368,44289,44299,10
13.04162025,80.21233368,44299,44309,10
13.04080963,80.21234894,44309,44319,10
13.04008007,80.21237183,44319,44329,10
13.03938961,80.21240234,44329,44339,10
13.03868961,80.21243286,44339,44349,10
13.03783989,80.21247864,44349,44400,51
13.03783989,80.21247864,44400,44410,10
13.03746986,80.21243286,44410,44420,10
13.0369997,80.21240234,44420,44430,10
13.03629971,80.21237183,44430,44440,10
13.03544044,80.21237946,44440,44450,10
13.03501987,80.21231079,44450,44460,10
13.03417969,80.2121582,44460,44480,20
13.03417969,80.2121582,44480,44489,9
13.03390026,80.21209717,44489,44501,12
13.0333004,80.21198273,44501,44511,10
13.03262997,80.21188354,44511,44521,10
13.03213024,80.21179962,44521,44531,10
13.03195,80.21141052,44531,44541,10
13.03203964,80.21083832,44541,44551,10
13.03209972,80.21019745,44551,44561,10
13.03209019,80.20977783,44561,44571,10
13.03174019,80.20960999,44571,44581,10
13.03116035,80.20942688,44581,44591,10
13.03038979,80.20922089,44591,44622,31
13.03038979,80.20922089,44622,44632,10
13.03030968,80.20921326,44632,44642,10
13.02995968,80.20908356,44642,44652,10
13.02949047,80.20890808,44652,44662,10
13.02945042,80.20890045,44662,44672,10
13.02937984,80.20884705,44672,44682,10
13.02894974,80.20876312,44682,44692,10
13.02820015,80.2085495,44692,44702,10
13.02744007,80.20822144,44702,44713,11
13.02651024,80.20767212,44713,44723,10
13.02554989,80.20716095,44723,44733,10
13.02458954,80.20696259,44733,44743,10
13.02390957,80.20681,44743,44753,10
13.02311993,80.20664978,44753,44763,10
13.02219963,80.20648193,44763,44773,10
13.02108002,80.20645142,44773,44783,10
13.01986027,80.20644379,44783,44793,10
13.01896954,80.20629883,44793,44803,10
13.01891041,80.2062912,44803,44813,10
13.01869011,80.20619965,44813,44824,11
13.01805019,80.20597839,44824,44834,10
13.01731968,80.20571136,44834,44844,10
13.01667976,80.20545959,44844,44854,10
13.01566029,80.20513916,44854,44864,10
13.01453972,80.20475769,44864,44873,9
13.0137701,80.20449066,44873,44884,11
13.01352024,80.20468903,44884,44894,10
13.01348019,80.20484924,44894,44904,10
13.01333046,80.20530701,44904,44914,10
13.01309967,80.20600891,44914,44924,10
13.01299,80.20681763,44924,44935,11
13.01294041,80.20764923,44935,44945,10
13.01280022,80.20819092,44945,44955,10
13.01282024,80.20861816,44955,44965,10
13.01286983,80.2091217,44965,44975,10
13.0131197,80.20967865,44975,44985,10
13.01309967,80.21031952,44985,44995,10
13.0128603,80.21112823,44995,45005,10
13.01245975,80.21192932,45005,45015,10
13.01204967,80.21247101,45015,45025,10
13.01187038,80.21273804,45025,45036,11
13.01169014,80.21276855,45036,45046,10
13.01136971,80.21253204,45046,45056,10
13.01086044,80.21214294,45056,45066,10
13.0104599,80.21186066,45066,45076,10
13.0099802,80.21150208,45076,45096,20
13.0099802,80.21150208,45096,45106,10
13.00965977,80.21125793,45106,45147,41
13.00932026,80.21108246,45147,45167,20
13.00932026,80.21108246,45167,45177,10
13.0092001,80.2111969,45177,45187,10
13.0089798,80.21150208,45187,45197,10
13.00909996,80.21205139,45197,45207,10
13.00936031,80.21278381,45207,45217,10
13.00961971,80.21347809,45217,45227,10
13.00992966,80.21418762,45227,45237,10
13.01014042,80.21489716,45237,45246,9
13.01021957,80.2155838,45246,45258,12
13.01058006,80.21647644,45258,45268,10
13.01093006,80.21724701,45268,45278,10
13.01128006,80.21806335,45278,45288,10
13.01158047,80.21898651,45288,45298,10
13.01191044,80.22000885,45298,45308,10
13.01220989,80.22086334,45308,45318,10
13.01231956,80.22122192,45318,45328,10
13.01239967,80.22136688,45328,45338,10
13.0125103,80.22158051,45338,45347,9
13.01270008,80.22190857,45347,45359,12
13.01317024,80.22251129,45359,45369,10
13.01366997,80.22305298,45369,45379,10
13.01403046,80.22345734,45379,45389,10
13.01426029,80.22380066,45389,45399,10
13.01488018,80.22454071,45399,45419,20
13.01488018,80.22454071,45419,45429,10
13.01502991,80.22466278,45429,45439,10
13.01527023,80.22499084,45439,45449,10
13.01544952,80.22532654,45449,45459,10
13.01533985,80.22573853,45459,45470,11
13.01502037,80.22596741,45470,45480,10
13.01453018,80.22615814,45480,45490,10
13.01383018,80.22641754,45490,45500,10
13.01303005,80.22672272,45500,45510,10
13.01222992,80.22705841,45510,45520,10
13.01130962,80.22740936,45520,45530,10
13.01027012,80.22779846,45530,45540,10
13.0095396,80.22788239,45540,45550,10
13.00951958,80.22750092,45550,45560,10
13.00979042,80.22695923,45560,45570,10
13.0101099,80.22619629,45570,45581,11
13.01051998,80.22525024,45581,45591,10
13.01074028,80.22470093,45591,45601,10
13.01089001,80.22427368,45601,45611,10
13.01111031,80.22370148,45611,45621,10
13.01124954,80.22328186,45621,45631,10
13.01091957,80.22305298,45631,45641,10
13.01045036,80.22280884,45641,45651,10
13.00992012,80.22252655,45651,45661,10
13.0092802,80.22216034,45661,45670,9
13.00866032,80.22180939,45670,45682,12
13.00790024,80.22142029,45682,45692,10
13.00716019,80.22103119,45692,45702,10
13.00640965,80.22068787,45702,45712,10
13.00562954,80.22051239,45712,45722,10
13.00510979,80.22039032,45722,45732,10
13.00473976,80.22029877,45732,45742,10
13.00434017,80.22019196,45742,45752,10
13.00382042,80.22006989,45752,45762,10
13.00316048,80.21990204,45762,45772,10
13.00247955,80.21954346,45772,45782,10
13.00189972,80.21897125,45782,45793,11
13.0014801,80.21852112,45793,45803,10
13.0010004,80.21820068,45803,45813,10
13.0004797,80.21785736,45813,45823,10
12.9997797,80.21748352,45823,45833,10
12.99911976,80.21710968,45833,45843,10
12.99839973,80.21674347,45843,45853,10
12.9975996,80.21656036,45853,45863,10
12.99726009,80.21652985,45863,45873,10
12.99717999,80.21652222,45873,45883,10
12.99672985,80.21653748,45883,45893,10
12.9962101,80.2166214,45893,45904,11
12.9959898,80.21665192,45904,45914,10
12.99590015,80.21669006,45914,45924,10
12.99561024,80.21675873,45924,45934,10
12.99555969,80.21678162,45934,45944,10
12.9952898,80.21690369,45944,45954,10
12.99512005,80.21700287,45954,45964,10
12.99493027,80.21710968,45964,45974,10
12.99462986,80.2173233,45974,45984,10
12.99425983,80.21762085,45984,45993,9
12.99378967,80.21797943,45993,46004,11
12.99304008,80.21846771,46004,46015,11
12.99230957,80.21896362,46015,46025,10
12.99164963,80.21946716,46025,46035,10
12.99141026,80.21959686,46035,46045,10
12.9910202,80.21946716,46045,46065,20
12.9910202,80.21946716,46065,46075,10
12.9907198,80.2193222,46075,46085,10
12.99013996,80.21913147,46085,46095,10
12.98935032,80.21884918,46095,46105,10
12.9883604,80.21852875,46105,46116,11
12.98727989,80.21832275,46116,46126,10
12.98690033,80.21824646,46126,46136,10
12.98680019,80.21823883,46136,46146,10
12.9863596,80.21813202,46146,46156,10
12.98554993,80.21794891,46156,46166,10
12.98482037,80.21793365,46166,46176,10
12.98427963,80.21795654,46176,46186,10
12.98410034,80.21794891,46186,46196,10
12.9839201,80.21794128,46196,46206,10
12.98363018,80.21795654,46206,46216,10
12.98303032,80.2179718,46216,46227,11
12.98223019,80.21797943,46227,46237,10
12.98141003,80.21808624,46237,46247,10
12.98048019,80.21836853,46247,46257,10
12.97988987,80.21858215,46257,46267,10
12.97933006,80.21881104,46267,46277,10
12.97881031,80.21901703,46277,46287,10
12.97834015,80.21923828,46287,46297,10
12.97764969,80.21949768,46297,46307,10
12.97710037,80.21974945,46307,46317,10
12.97669029,80.21996307,46317,46438,121
12.97636986,80.22009277,46438,46519,81
12.97605038,80.2201004,46519,46701,182
12.97574997,80.22025299,46701,46761,60
12.97550011,80.22052765,46761,46852,91
12.97550011,80.22052765,46852,46862,10
12.97546005,80.22074127,46862,46872,10
12.97556973,80.22087097,46872,46883,11
12.97591019,80.22107697,46883,47236,353
12.97591019,80.22107697,47236,47246,10
12.97624969,80.22125244,47246,47256,10
12.97661972,80.22122955,47256,47266,10
12.97706985,80.22122955,47266,47276,10
12.97756004,80.22119904,47276,47286,10
12.97819042,80.22116089,47286,47296,10
12.97900009,80.22112274,47296,47306,10
12.97970963,80.22106934,47306,47317,11
12.98015022,80.22104645,47317,47327,10
12.98048019,80.22099304,47327,47337,10
12.98104954,80.22103882,47337,47347,10
12.98149014,80.22122955,47347,47357,10
12.98198986,80.22154999,47357,47387,30
12.98198986,80.22154999,47387,47397,10
12.98254013,80.22177124,47397,47407,10
12.98295975,80.2219162,47407,47417,10
12.98307037,80.22199249,47417,47428,11
12.98346043,80.22223663,47428,47458,30
12.98346043,80.22223663,47458,47468,10
12.98381996,80.22250366,47468,47478,10
12.98427963,80.22276306,47478,47488,10
12.98476982,80.22303009,47488,47498,10
12.98521996,80.2232132,47498,47508,10
12.98554039,80.22306061,47508,47518,10
12.98608017,80.22293854,47518,47528,10
12.98645973,80.22296906,47528,47539,11
12.98668003,80.22299194,47539,47549,10
12.98719978,80.22305298,47549,47559,10
12.98787975,80.22290802,47559,47569,10
12.98843956,80.2224884,47569,47579,10
12.98898029,80.22187042,47579,47589,10
12.98945999,80.22123718,47589,47599,10
12.99038029,80.22035217,47599,47619,20
12.99038029,80.22035217,47619,47629,10
12.99050999,80.22025299,47629,47640,11
12.99083996,80.21996307,47640,47650,10
12.99125004,80.2196579,47650,47680,30
12.99125004,80.2196579,47680,47690,10
12.9916296,80.21938324,47690,47700,10
12.99203014,80.21909332,47700,47710,10
12.99260998,80.21871948,47710,47720,10
12.99332047,80.21813965,47720,47730,10
12.99396038,80.21768188,47730,47740,10
12.99448967,80.2173233,47740,47751,11
12.99493027,80.2170105,47751,47761,10
12.99536991,80.2167511,47761,47771,10
12.99594975,80.21659851,47771,47781,10
12.99672031,80.21647644,47781,47791,10
12.99705982,80.21642303,47791,47801,10
12.99748993,80.21604919,47801,47821,20
12.99748993,80.21604919,47821,47831,10
12.99773979,80.21579742,47831,47841,10
12.99808979,80.21546173,47841,47851,10
12.99866009,80.21501923,47851,47862,11
12.99911976,80.21465302,47862,47872,10
12.99946022,80.21433258,47872,47882,10
12.99991989,80.21395874,47882,47892,10
13.00045013,80.21347809,47892,47902,10
13.00107956,80.21296692,47902,47912,10
13.00181007,80.21246338,47912,47922,10
13.00245953,80.21211243,47922,47932,10
13.00300026,80.21205902,47932,47942,10
13.00364017,80.21192169,47942,47963,21
13.00364017,80.21192169,47963,47973,10
13.00374031,80.21150208,47973,47983,10
13.00370026,80.21092987,47983,47993,10
13.00362968,80.21038055,47993,48003,10
13.0035696,80.2098999,48003,48013,10
13.00358009,80.20939636,48013,48023,10
13.00368023,80.20883179,48023,48033,10
13.00424004,80.20870972,48033,48043,10
13.00504017,80.20908356,48043,48053,10
13.00594044,80.20944214,48053,48063,10
13.00658035,80.20966339,48063,48074,11
13.00726986,80.20980072,48074,48114,40
13.00726986,80.20980072,48114,48124,10
13.00747013,80.2098465,48124,48134,10
13.00782967,80.20992279,48134,48144,10
13.00807953,80.20995331,48144,48154,10
13.00804043,80.20947266,48154,48164,10
13.00798035,80.2088089,48164,48173,9
13.00786972,80.20806885,48173,48185,12
13.00771046,80.20696259,48185,48195,10
13.00759983,80.20597839,48195,48205,10
13.00753975,80.20513153,48205,48215,10
13.00753975,80.20445251,48215,48225,10
13.00747013,80.20375061,48225,48235,10
13.00730991,80.20290375,48235,48245,10
13.00673008,80.20256042,48245,48255,10
13.00658989,80.20316315,48255,48265,10
13.00714016,80.20352173,48265,48275,10
13.00786972,80.20368195,48275,48285,10
13.00870991,80.20365906,48285,48296,11
13.00990009,80.20359039,48296,48306,10
13.01109982,80.2036438,48306,48316,10
13.01220036,80.20379639,48316,48326,10
13.0131197,80.20398712,48326,48336,10
13.01371956,80.20420837,48336,48346,10
13.01443958,80.204422,48346,48356,10
13.01506996,80.20458984,48356,48376,20
13.01506996,80.20458984,48376,48386,10
13.01543999,80.20464325,48386,48396,10
13.01587009,80.20490265,48396,48407,11
13.01661968,80.20513153,48407,48417,10
13.01731968,80.20533752,48417,48427,10
13.0180397,80.20565796,48427,48437,10
13.01863956,80.20584869,48437,48447,10
13.01869965,80.20587921,48447,48457,10
13.01875973,80.20590973,48457,48467,10
13.01912975,80.20606232,48467,48477,10
13.0197401,80.20619965,48477,48487,10
13.02056026,80.20623016,48487,48497,10
13.02147961,80.20623016,48497,48507,10
13.0222702,80.20636749,48507,48518,11
13.02330971,80.20658112,48518,48528,10
13.02412987,80.20664978,48528,48538,10
13.02441025,80.20668793,48538,48548,10
13.02458954,80.20675659,48548,48558,10
13.02517033,80.20690918,48558,48568,10
13.02589989,80.2071991,48568,48578,10
13.02665997,80.20762634,48578,48588,10
13.02748966,80.20812225,48588,48598,10
13.02845955,80.20854187,48598,48607,9
13.02925968,80.2087326,48607,48619,12
13.02987003,80.20887756,48619,48629,10
13.03013039,80.20896912,48629,48639,10
13.03055,80.20909119,48639,48649,10
13.03122044,80.20926666,48649,48659,10
13.03153992,80.20935822,48659,48669,10
13.03174973,80.20944214,48669,48679,10
13.0321703,80.20954132,48679,48689,10
13.03271008,80.20960999,48689,48699,10
13.03339958,80.20976257,48699,48709,10
13.0342598,80.20993805,48709,48718,9
13.03485966,80.21006775,48718,48730,12
13.03501034,80.21035767,48730,48740,10
13.03495026,80.21121979,48740,48770,30
13.03495026,80.21121979,48770,48780,10
13.03499031,80.21135712,48780,48790,10
13.03487968,80.21174622,48790,48800,10
13.03499985,80.21212006,48800,48810,10
13.03557014,80.21221161,48810,48819,9
13.03612041,80.21222687,48819,48831,12
13.03631973,80.21227264,48831,48841,10
13.03652,80.21231842,48841,48851,10
13.03682995,80.21230316,48851,48861,10
13.03717995,80.21228027,48861,48871,10
13.0376997,80.21225739,48871,48881,10
13.0383997,80.21222687,48881,48891,10
13.03925037,80.21218109,48891,48901,10
13.04028034,80.2121582,48901,48911,10
13.04139042,80.21222687,48911,48921,10
13.04251003,80.21224213,48921,48931,10
13.04333019,80.21221924,48931,49063,132
13.04333019,80.21221924,49063,49073,10
13.04353046,80.21221161,49073,49083,10
13.04386044,80.21219635,49083,49093,10
13.04415035,80.21219635,49093,49103,10
13.04434013,80.21219635,49103,49113,10
13.04446983,80.21221924,49113,49123,10
13.04485989,80.21221924,49123,49133,10
13.04547024,80.21221161,49133,49143,10
13.04625988,80.21218872,49143,49153,10
13.04695034,80.21214294,49153,49164,11
13.04730988,80.21212769,49164,49174,10
13.04788017,80.21208191,49174,49184,10
13.04862022,80.21198273,49184,49204,20
13.04862022,80.21198273,49204,49214,10
13.04872036,80.21199036,49214,49224,10
13.04913044,80.21193695,49224,49234,10
13.04979992,80.21186829,49234,49265,31
13.04979992,80.21186829,49265,49275,10
13.04994011,80.21185303,49275,49285,10
13.05045033,80.2118988,49285,49295,10
13.05099964,80.21202087,49295,49305,10
13.05196953,80.21198273,49305,49315,10
13.05301952,80.21176147,49315,49325,10
13.05420017,80.21143341,49325,49345,20
13.05420017,80.21143341,49345,49355,10
13.05457973,80.21138,49355,49365,10
13.05500031,80.21138763,49365,49376,11
13.05582047,80.21141815,49376,49386,10
13.05677986,80.21141052,49386,49396,10
13.0573597,80.21138,49396,49406,10
13.05751038,80.21138763,49406,49416,10
13.05805969,80.21141052,49416,49426,10
13.05881023,80.2114563,49426,49436,10
13.05974007,80.2115097,49436,49446,10
13.06081009,80.21154785,49446,49456,10
13.06167984,80.21170807,49456,49466,10
13.06264019,80.21166229,49466,49476,10
13.06348991,80.21147919,49476,49507,31
13.06348991,80.21147919,49507,49516,9
13.06400967,80.21144104,49516,49527,11
13.0646801,80.21122742,49527,49537,10
13.06540012,80.21076202,49537,49547,10
13.06618023,80.21011353,49547,49557,10
13.06696033,80.20929718,49557,49567,10
13.06737995,80.2086792,49567,49577,10
13.06752968,80.20841217,49577,49588,11
13.06785011,80.20789337,49588,49598,10
13.06832027,80.20720673,49598,49608,10
13.06882954,80.20642853,49608,49618,10
13.06935978,80.20555878,49618,49628,10
13.0696497,80.20496368,49628,49638,10
13.06960964,80.20481873,49638,49648,10
13.06947994,80.20478058,49648,49658,10
13.06947041,80.20477295,49658,49668,10
13.06927013,80.20484924,49668,49678,10
13.06898022,80.20526123,49678,49688,10
13.06879997,80.20522308,49688,49699,11
13.0686903,80.20484924,49699,49739,40
13.0686903,80.20484924,49739,49749,10
13.06875038,80.20471191,49749,49759,10
13.06890965,80.20467377,49759,49769,10
13.06941986,80.20471191,49769,49779,10
13.0697403,80.20478821,49779,49789,10
13.07007027,80.2045517,49789,49799,10
13.07046986,80.20398712,49799,49810,11
13.07112026,80.20321655,49810,49820,10
13.07172012,80.20249176,49820,49830,10
13.07207966,80.20205688,49830,49840,10
13.07231998,80.20182037,49840,49850,10
13.07269955,80.20137024,49850,49860,10
13.07297993,80.2010498,49860,49870,10
13.07320023,80.20079803,49870,49880,10
13.07339954,80.20056915,49880,49890,10
13.07369041,80.2002182,49890,49900,10
13.07411003,80.19973755,49900,49911,11
13.07441998,80.19941711,49911,49921,10
13.07472038,80.19924164,49921,49931,10
13.0753603,80.19905853,49931,49941,10
13.07606983,80.19904327,49941,49951,10
13.07682037,80.1989975,49951,49961,10
13.07732964,80.19895172,49961,49971,10
13.0780201,80.19885254,49971,49981,10
13.07886028,80.19873047,49981,49991,10
13.07971001,80.1986618,49991,50011,20
13.08001041,80.19864655,50011,50032,21
13.08001041,80.19864655,50032,50042,10
13.08022022,80.19862366,50042,50052,10
13.08040047,80.1986084,50052,50062,10
13.08049011,80.19860077,50062,50072,10
13.08086014,80.19856262,50072,50082,10
13.08127022,80.19854736,50082,50102,20
13.08127022,80.19854736,50102,50112,10
13.08150005,80.19856262,50112,50122,10
13.08154964,80.19857025,50122,50133,11
13.08187008,80.19856262,50133,50143,10
13.08207989,80.19853973,50143,50153,10
13.0822897,80.1984787,50153,50193,40
13.0822897,80.1984787,50193,50203,10
13.08290958,80.19846344,50203,50213,10
13.08349037,80.19844818,50213,50223,10
13.08395958,80.19846344,50223,50234,11
13.08446026,80.19850159,50234,50244,10
13.08491993,80.19848633,50244,50254,10
13.08518982,80.19847107,50254,50264,10
13.08551025,80.19846344,50264,50274,10
13.08600998,80.19844055,50274,50284,10
13.08658981,80.19844818,50284,50294,10
13.08691025,80.19843292,50294,50304,10
13.08705997,80.19817352,50304,50314,10
13.08708,80.19802094,50314,50324,10
13.08712959,80.19788361,50324,50334,10
13.08714008,80.19763184,50334,50345,11
13.08716011,80.19712067,50345,50355,10
13.08718014,80.19635773,50355,50365,10
13.08720016,80.19551849,50365,50375,10
13.08722973,80.19465637,50375,50385,10
13.08726025,80.19368744,50385,50395,10
13.08728027,80.19288635,50395,50405,10
13.08730984,80.19257355,50405,50415,10
13.08736992,80.1922226,50415,50425,10
13.08743954,80.1916275,50425,50435,10
13.08753967,80.19081116,50435,50445,10
13.08765984,80.18988037,50445,50456,11
13.08767986,80.18916321,50456,50466,10
13.08767986,80.18914032,50466,50476,10
13.08769989,80.1889801,50476,50486,10
13.08769989,80.18887329,50486,50496,10
13.08771038,80.18874359,50496,50506,10
13.08771992,80.18852234,50506,50516,10
13.08773041,80.18817902,50516,50526,10
13.08778,80.18769073,50526,50536,10
13.08782005,80.18695068,50536,50546,10
13.08784962,80.18611145,50546,50556,10
13.08788013,80.1855011,50556,50567,11
13.0879097,80.18496704,50567,50577,10
13.08794022,80.18418884,50577,50587,10
13.08798027,80.18331909,50587,50597,10
13.08804035,80.18237305,50597,50607,10
13.08808994,80.18135834,50607,50617,10
13.08808994,80.18036652,50617,50627,10
13.08804989,80.17974854,50627,50637,10
13.08808994,80.17900848,50637,50657,20
13.08808994,80.17900848,50657,50668,11
13.08812046,80.17884064,50668,50678,10
13.08812046,80.17845154,50678,50688,10
13.08812046,80.1778183,50688,50698,10
13.08815002,80.17707825,50698,50708,10
13.08819962,80.17626953,50708,50718,10
13.08825016,80.17543793,50718,50728,10
13.08831978,80.17469025,50728,50738,10
13.08837986,80.17408752,50738,50748,10
13.0884304,80.17347717,50748,50758,10
13.08847046,80.17279816,50758,50768,10
13.08850002,80.17192078,50768,50789,21
13.08850002,80.17192078,50789,50799,10
13.08852959,80.17150879,50799,50809,10
13.08856964,80.17086029,50809,50819,10
13.08862019,80.17014313,50819,50829,10
13.0886097,80.17003632,50829,50839,10
13.08862972,80.16989136,50839,50849,10
13.08876991,80.16947174,50849,50859,10
13.0892601,80.169487,50859,50868,9
13.08987045,80.16954041,50868,50879,11
13.09080982,80.16960907,50879,50890,11
13.09181023,80.16966248,50890,50900,10
13.09274006,80.1697464,50900,50910,10
13.09362984,80.16977692,50910,50920,10
13.09438992,80.16979218,50920,50930,10
13.09455013,80.16982269,50930,50940,10
13.09473991,80.16986847,50940,50950,10
13.09496975,80.16989136,50950,50960,10
13.09562969,80.16995239,50960,50970,10
13.09654045,80.16998291,50970,50980,10
13.09749985,80.17002106,50980,50991,11
13.09844017,80.17008209,50991,51001,10
13.09912968,80.17012024,51001,51011,10
13.09947014,80.17009735,51011,51041,30
13.09947014,80.17009735,51041,51051,10
13.09967995,80.16983795,51051,51122,71
13.09967995,80.16983795,51122,51132,10
13.09953022,80.16967773,51132,51142,10
13.09928989,80.1696167,51142,51152,10
13.09899998,80.16957092,51152,51162,10
13.09877968,80.169487,51162,51172,10
13.09873009,80.16918182,51172,51616,444
13.09866047,80.16903687,51616,52787,1171
13.09875011,80.16908264,52787,53049,262
13.09887028,80.16918945,53049,53140,91
13.09887028,80.16918945,53140,53150,10
13.09916019,80.16934204,53150,53231,81
13.09932995,80.16966248,53231,53271,40
13.09932995,80.16966248,53271,53282,11
13.09963989,80.16983795,53282,53292,10
13.09963989,80.17005157,53292,53302,10
13.09934998,80.1700592,53302,53382,80
13.09934998,80.1700592,53382,53393,11
13.09910011,80.17017365,53393,53403,10
13.09862041,80.17014313,53403,53413,10
13.09803963,80.17009735,53413,53423,10
13.09729004,80.1700592,53423,53433,10
13.09648991,80.17001343,53433,53443,10
13.09570026,80.16996002,53443,53453,10
13.09500027,80.16990662,53453,53463,10
13.09469986,80.16986084,53463,53473,10
13.09442043,80.16988373,53473,53483,10
13.09393978,80.16983032,53483,53493,10
13.09331989,80.1697998,53493,53504,11
13.09253979,80.16976166,53504,53514,10
13.09175968,80.16970825,53514,53524,10
13.09092045,80.16966248,53524,53534,10
13.0900898,80.1696167,53534,53544,10
13.08922005,80.16954803,53544,53554,10
13.08882046,80.16953278,53554,53564,10
13.08870983,80.16954803,53564,53574,10
13.08866024,80.16976166,53574,53584,10
13.08864975,80.17003632,53584,53594,10
13.08860016,80.17066193,53594,53604,10
13.08856964,80.17131805,53604,53615,11
13.08856964,80.17185211,53615,53625,10
13.08856964,80.17185974,53625,53635,10
13.08856964,80.17196655,53635,53645,10
13.0885601,80.17212677,53645,53655,10
13.08854008,80.17260742,53655,53665,10
13.08848953,80.1733017,53665,53675,10
13.08845997,80.17404175,53675,53685,10
13.0884304,80.17459106,53685,53695,10
13.08841038,80.1747818,53695,53704,9
13.08837032,80.17521667,53704,53716,12
13.08829975,80.17607117,53716,53726,10
13.0882597,80.17680359,53726,53736,10
13.08825016,80.17742157,53736,53746,10
13.08823013,80.17855835,53746,53766,20
13.08823013,80.17855835,53766,53776,10
13.08819008,80.17870331,53776,53786,10
13.08821011,80.17910004,53786,53796,10
13.08819962,80.17955017,53796,53806,10
13.08817959,80.18015289,53806,53816,10
13.08817959,80.1809082,53816,53827,11
13.08810043,80.18254089,53827,53837,10
13.08810043,80.18254089,53837,53847,10
13.08806038,80.1833725,53847,53856,9
13.08802986,80.18412018,53856,53868,12
13.08802032,80.18493652,53868,53878,10
13.08802032,80.18518829,53878,53888,10
13.08802986,80.18522644,53888,53898,10
13.08798981,80.18557739,53898,53908,10
13.08796978,80.18618011,53908,53918,10
13.08794022,80.18673706,53918,53928,10
13.08792019,80.18739319,53928,53939,11
13.08790016,80.18808746,53939,53949,10
13.08784008,80.18882751,53949,53959,10
13.08778954,80.18972015,53959,53989,30
13.08778954,80.18972015,53989,53999,10
13.08775997,80.18994904,53999,54009,10
13.08767986,80.19046783,54009,54019,10
13.08757019,80.19119263,54019,54029,10
13.08749008,80.19190979,54029,54039,10
13.08742046,80.19252014,54039,54050,11
13.08740997,80.19259644,54050,54060,10
13.08740044,80.19274902,54060,54070,10
13.08738041,80.19317627,54070,54080,10
13.08736038,80.19387054,54080,54090,10
13.08732986,80.19467926,54090,54100,10
13.0873003,80.19550323,54100,54110,10
13.08726025,80.1964035,54110,54120,10
13.08724976,80.19734192,54120,54130,10
13.08722019,80.19779205,54130,54140,10
13.0872097,80.19792175,54140,54151,11
13.08728027,80.19825745,54151,54161,10
13.08740997,80.19838715,54161,54171,10
13.08769989,80.1984024,54171,54181,10
13.08827019,80.19841766,54181,54191,10
13.08897018,80.19843292,54191,54201,10
13.08963966,80.19846344,54201,54211,10
13.09047031,80.19850922,54211,54221,10
13.09129047,80.19857025,54221,54231,10
13.0920496,80.1986084,54231,54241,10
13.09282017,80.19863129,54241,54250,9
13.09296989,80.19895935,54250,54262,12
13.09292984,80.19965363,54262,54272,10
13.09290028,80.20027924,54272,54282,10
13.09290028,80.20046234,54282,54292,10
13.09276962,80.2006073,54292,54302,10
13.0925703,80.20059967,54302,54312,10
13.09208012,80.20059204,54312,54322,10
13.0913496,80.20056915,54322,54332,10
13.09049988,80.20053101,54332,54342,10
13.08985996,80.20050049,54342,54352,10
13.08953953,80.20050049,54352,54383,31
13.08953953,80.20050049,54383,54393,10
13.08922005,80.20049286,54393,54403,10
13.0889101,80.2004776,54403,54413,10
13.08854961,80.20046997,54413,54423,10
13.08827972,80.20046234,54423,54433,10
13.0882597,80.20044708,54433,54443,10
13.08804035,80.20044708,54443,54453,10
13.08759022,80.20046234,54453,54473,20
13.08759022,80.20046234,54473,54484,11
13.08747959,80.20046997,54484,54494,10
13.0872097,80.20044708,54494,54504,10
13.08697033,80.20040894,54504,54514,10
13.08640003,80.20037842,54514,54534,20
13.08640003,80.20037842,54534,54544,10
13.0860796,80.20037842,54544,54554,10
13.08588982,80.20039368,54554,54564,10
13.08568954,80.20037842,54564,54573,9
13.08551025,80.20037079,54573,54585,12
13.08530045,80.20017242,54585,54595,10
13.08530998,80.19966888,54595,54605,10
13.08533001,80.19907379,54605,54615,10
13.08524036,80.19867706,54615,54625,10
13.08491993,80.19869995,54625,54635,10
13.0845499,80.19870758,54635,54645,10
13.08423042,80.19869232,54645,54655,10
13.08395958,80.1986618,54655,54665,10
13.08341026,80.19863892,54665,54675,10
13.08273983,80.1986084,54675,54684,9
13.0822897,80.19860077,54684,54696,12
13.08191013,80.19862366,54696,54706,10
13.08154964,80.19862366,54706,54716,10
13.08115959,80.19862366,54716,54726,10
13.08057022,80.1986618,54726,54736,10
13.0798502,80.1987381,54736,54746,10
13.07911015,80.19879913,54746,54756,10
13.07831001,80.19889069,54756,54766,10
13.07750988,80.1989975,54766,54776,10
13.0767498,80.19908905,54776,54786,10
13.07606983,80.19917297,54786,54796,10
13.07538986,80.19927979,54796,54807,11
13.07460022,80.19960022,54807,54817,10
13.0741396,80.19994354,54817,54827,10
13.07376003,80.20036316,54827,54847,20
13.07376003,80.20036316,54847,54857,10
13.07371998,80.20040131,54857,54867,10
13.07357979,80.20056915,54867,54877,10
13.07334042,80.20085144,54877,54887,10
13.07293987,80.2013092,54887,54896,9
13.07258987,80.20178223,54896,54908,12
13.07199001,80.20243073,54908,54918,10
13.07137966,80.20311737,54918,54928,10
13.07065964,80.20391083,54928,54938,10
13.07009029,80.20461273,54938,54948,10
13.06980038,80.20507813,54948,54988,40
13.06980038,80.20507813,54988,54998,10
13.06956005,80.20487976,54998,55007,9
13.06914043,80.20487213,55007,55019,12
13.06871986,80.20535278,55019,55029,10
13.06818962,80.20545197,55029,55039,10
13.06797981,80.20527649,55039,55089,50
13.06797981,80.20527649,55089,55099,10
13.0679903,80.20498657,55099,55109,10
13.06820965,80.20491791,55109,55119,10
13.06834984,80.20487213,55119,55130,11
13.06857967,80.20478821,55130,55140,10
13.06916046,80.20468903,55140,55150,10
13.06960964,80.20477295,55150,55160,10
13.06978989,80.20494843,55160,55170,10
13.06980038,80.20516968,55170,55180,10
13.06951046,80.20565033,55180,55190,10
13.06908035,80.20632935,55190,55200,10
13.06857967,80.20713043,55200,55210,10
13.06801987,80.20806122,55210,55220,10
13.06744003,80.20893097,55220,55231,11
13.06667042,80.20992279,55231,55241,10
13.06579971,80.21064758,55241,55251,10
13.06525993,80.21108246,55251,55261,10
13.06513977,80.21115875,55261,55271,10
13.06501961,80.21125793,55271,55281,10
13.06474018,80.21141815,55281,55291,10
13.06410027,80.21163177,55291,55321,30
13.06410027,80.21163177,55321,55331,10
13.06390953,80.21164703,55331,55342,11
13.06357956,80.21166229,55342,55352,10
13.06297016,80.21173096,55352,55362,10
13.06229973,80.21174622,55362,55372,10
13.06167984,80.21169281,55372,55382,10
13.06083965,80.21167755,55382,55392,10
13.0599699,80.2116394,55392,55402,10
13.05914021,80.21163177,55402,55412,10
13.05846024,80.21161652,55412,55422,10
13.05801964,80.21160889,55422,55432,10
13.05749989,80.21160126,55432,55442,10
13.05675983,80.21160126,55442,55453,11
13.05580044,80.21159363,55453,55463,10
13.05457973,80.21159363,55463,55493,30
13.05457973,80.21159363,55493,55503,10
13.05414963,80.21160889,55503,55513,10
13.05354977,80.21176147,55513,55523,10
13.05280018,80.21195221,55523,55533,10
13.05216026,80.21212006,55533,55543,10
13.05150986,80.21221161,55543,55552,9
13.05082035,80.2121582,55552,55564,12
13.04990005,80.21212769,55564,55574,10
13.04951,80.21215057,55574,55584,10
13.04950047,80.21215057,55584,55594,10
13.04918003,80.21212769,55594,55604,10
13.04854965,80.21215057,55604,55614,10
13.04771996,80.21221924,55614,55624,10
13.04673004,80.21227264,55624,55634,10
13.0453701,80.21235657,55634,55654,20
13.0453701,80.21235657,55654,55664,10
13.04526043,80.21237946,55664,55675,11
13.04494953,80.21237946,55675,55685,10
13.04458046,80.21240997,55685,55695,10
13.04405975,80.21237183,55695,55705,10
13.04333973,80.21234894,55705,55715,10
13.04246998,80.21234131,55715,55725,10
13.04160976,80.21234131,55725,55735,10
13.04067039,80.21234131,55735,55745,10
13.03973961,80.21235657,55745,55755,10
13.03886032,80.21237946,55755,55765,10
13.03808022,80.21237183,55765,55806,41
13.03808022,80.21237183,55806,55816,10
13.0376997,80.21237946,55816,55826,10
13.03717995,80.21234131,55826,55836,10
13.03660965,80.21234131,55836,55846,10
13.0360899,80.21235657,55846,55856,10
13.03561974,80.21234131,55856,55866,10
13.03538036,80.21231079,55866,55875,9
13.03522968,80.21228027,55875,55887,12
13.03485012,80.21221924,55887,55897,10
13.03462029,80.2121582,55897,55907,10
13.03419018,80.21205902,55907,55927,20
13.03419018,80.21205902,55927,55937,10
13.03392029,80.21195984,55937,55947,10
13.03351974,80.21186066,55947,55957,10
13.03295994,80.21176147,55957,55967,10
13.03234959,80.21170044,55967,55977,10
13.03192043,80.21138,55977,55987,10
13.03197956,80.21073914,55987,55998,11
13.0320797,80.20999908,55998,56008,10
13.03199959,80.20966339,56008,56018,10
13.0314703,80.20948792,56018,56028,10
13.03065968,80.20926666,56028,56038,10
13.02993011,80.20905304,56038,56048,10
13.02958965,80.20894623,56048,56058,10
13.0294199,80.20886993,56058,56068,10
13.02917004,80.20877838,56068,56078,10
13.02855968,80.20864868,56078,56088,10
13.02777958,80.20838928,56088,56099,11
13.0269804,80.20791626,56099,56109,10
13.02630043,80.20749664,56109,56119,10
13.02556038,80.20709991,56119,56129,10
13.02466965,80.2069397,56129,56139,10
13.02420998,80.2068634,56139,56149,10
13.02412987,80.20684052,56149,56159,10
13.02390957,80.20678711,56159,56169,10
13.02336025,80.20665741,56169,56179,10
13.02262974,80.20652008,56179,56189,10
13.02204037,80.20642853,56189,56199,10
13.02151966,80.20638275,56199,56210,11
13.02064991,80.20639801,56210,56220,10
13.01968002,80.2064209,56220,56230,10
13.01896954,80.2062912,56230,56240,10
13.01883984,80.20625305,56240,56250,10
13.01842976,80.20609283,56250,56260,10
13.01780033,80.2059021,56260,56270,10
13.01718998,80.20565796,56270,56280,10
13.01673031,80.20543671,56280,56290,10
13.01587963,80.20510864,56290,56300,10
13.01486969,80.20478821,56300,56310,10
13.01391983,80.20446777,56310,56321,11
13.01354027,80.20451355,56321,56331,10
13.01344013,80.20485687,56331,56341,10
13.01325035,80.20545197,56341,56351,10
13.01301956,80.20620728,56351,56361,10
13.01294041,80.20703125,56361,56371,10
13.01288986,80.20758057,56371,56381,10
13.01284027,80.20787048,56381,56391,10
13.01280022,80.20831299,56391,56401,10
13.01282024,80.20861816,56401,56411,10
13.01292038,80.20913696,56411,56422,11
13.01319981,80.20980072,56422,56432,10
13.01307964,80.21051788,56432,56442,10
13.01280022,80.21128082,56442,56452,10
13.01237965,80.21201324,56452,56462,10
13.01196003,80.21266174,56462,56472,10
13.01175976,80.21282196,56472,56482,10
13.0114603,80.21259308,56482,56492,10
13.01099968,80.21224213,56492,56502,10
13.01054955,80.21186829,56502,56512,10
13.01000977,80.2114563,56512,56522,10
13.00938988,80.21109009,56522,56543,21
13.00938988,80.21109009,56543,56553,10
13.00924015,80.2110672,56553,56563,10
13.00907993,80.21130371,56563,56573,10
13.00903988,80.21173096,56573,56583,10
13.00922012,80.21230316,56583,56593,10
13.00944042,80.21304321,56593,56603,10
13.00971031,80.21370697,56603,56613,10
13.00998974,80.21437836,56613,56623,10
13.01014996,80.21513367,56623,56633,10
13.01031971,80.21592712,56633,56644,11
13.01074982,80.21685028,56644,56654,10
13.01123047,80.21779633,56654,56664,10
13.01158047,80.21884155,56664,56674,10
13.01191998,80.21993256,56674,56684,10
13.01222038,80.22091675,56684,56694,10
13.01237965,80.2215271,56694,56704,10
13.01276016,80.22218323,56704,56714,10
13.01334,80.22277069,56714,56724,10
13.01383972,80.22329712,56724,56733,9
13.01410007,80.22357941,56733,56745,12
13.01459026,80.22424316,56745,56755,10
13.01543999,80.22530365,56755,56775,20
13.01543999,80.22530365,56775,56785,10
13.01541042,80.22566986,56785,56795,10
13.01498032,80.2259903,56795,56805,10
13.01426983,80.22624207,56805,56815,10
13.01346016,80.2265625,56815,56825,10
13.01255989,80.22689819,56825,56835,10
13.01161957,80.22727966,56835,56845,10
13.01053047,80.22769928,56845,56856,11
13.00957966,80.22786713,56856,56866,10
13.00967979,80.22720337,56866,56876,10
13.01000977,80.22638702,56876,56886,10
13.01031017,80.22557068,56886,56896,10
13.01053047,80.22499847,56896,56906,10
13.01068974,80.22467804,56906,56916,10
13.01084995,80.22440338,56916,56926,10
13.01097965,80.22424316,56926,56936,10
13.01107979,80.22389221,56936,56946,10
13.01119995,80.2234726,56946,56956,10
13.01119995,80.22306061,56956,56967,11
13.01080036,80.22283173,56967,56977,10
13.01031971,80.2226181,56977,56987,10
13.00967979,80.22229767,56987,56997,10
13.00893974,80.22190857,56997,57007,10
13.00825024,80.2215271,57007,57017,10
13.00749016,80.22113037,57017,57027,10
13.00667953,80.22070313,57027,57037,10
13.00576973,80.22045898,57037,57047,10
13.00494003,80.22028351,57047,57056,9
13.00438976,80.22016144,57056,57068,12
13.00370026,80.22001648,57068,57078,10
13.00302029,80.21981812,57078,57088,10
13.00232029,80.2193985,57088,57098,10
13.00177002,80.21880341,57098,57108,10
13.0011797,80.21835327,57108,57118,10
13.00059032,80.21795654,57118,57128,10
13.00008011,80.21765137,57128,57138,10
12.99950027,80.21729279,57138,57148,10
12.99888992,80.21695709,57148,57158,10
12.99810028,80.2166214,57158,57168,10
12.99755955,80.21652222,57168,57179,11
12.99748039,80.21652222,57179,57189,10
12.99713039,80.21650696,57189,57199,10
12.99680042,80.21652985,57199,57209,10
12.99650002,80.21653748,57209,57219,10
12.99617958,80.21661377,57219,57229,10
12.99590015,80.21669006,57229,57239,10
12.99543953,80.21685028,57239,57259,20
12.99526024,80.21691895,57259,57290,31
12.99526024,80.21691895,57290,57300,10
12.99485016,80.2171936,57300,57310,10
12.99440956,80.2175293,57310,57320,10
12.99382019,80.21794891,57320,57330,10
12.99314976,80.21840668,57330,57340,10
12.99250984,80.21887207,57340,57350,10
12.9920702,80.21923065,57350,57360,10
12.99188042,80.21941376,57360,57370,10
12.99170971,80.21956635,57370,57380,10
12.99137974,80.21961975,57380,57391,11
12.99108028,80.21949768,57391,57401,10
12.99098969,80.2194519,57401,57411,10
12.99048042,80.2192688,57411,57421,10
12.98972988,80.2190094,57421,57431,10
12.98878002,80.21865845,57431,57441,10
12.98773003,80.21839905,57441,57451,10
12.98703957,80.21829987,57451,57461,10
12.98690033,80.21826935,57461,57471,10
12.98643017,80.21813965,57471,57481,10
12.98561954,80.21794128,57481,57490,9
12.98472977,80.21790314,57490,57502,12
12.98402023,80.21793365,57502,57512,10
12.98394012,80.21794128,57512,57522,10
12.98346996,80.21794128,57522,57532,10
12.98278046,80.21794128,57532,57542,10
12.98213005,80.21794128,57542,57552,10
12.98141956,80.21800995,57552,57562,10
12.98085022,80.21817017,57562,57572,10
12.98017979,80.21836853,57572,57582,10
12.97961998,80.21862793,57582,57591,9
12.97900963,80.21887207,57591,57603,12
12.97856045,80.21904755,57603,57613,10
12.97801018,80.21929932,57613,57623,10
12.97716999,80.21965027,57623,57633,10
12.97651958,80.21994019,57633,57643,10
12.97626972,80.22006989,57643,57754,111
12.97591972,80.2202301,57754,57784,30
12.97591972,80.2202301,57784,57794,10
12.97554016,80.22055817,57794,57905,111
12.97554016,80.22055817,57905,57915,10
12.97560024,80.2207489,57915,57925,10
12.97579002,80.22088623,57925,57976,51
12.97599983,80.22119904,57976,58612,636
12.97599983,80.22119904,58612,58622,10
12.97655964,80.22129822,58622,58632,10
12.97696972,80.22126007,58632,58642,10
12.97749996,80.22120667,58642,58652,10
12.97809982,80.22116089,58652,58662,10
12.97881985,80.22112274,58662,58672,10
12.97951984,80.22106934,58672,58682,10
12.9802103,80.22103882,58682,58693,11
12.98095036,80.22100067,58693,58703,10
12.98167038,80.22129822,58703,58713,10
12.9821701,80.2216568,58713,58723,10
12.98279953,80.22190857,58723,58743,20
12.98279953,80.22190857,58743,58753,10
12.9829998,80.22200775,58753,58763,10
12.98334026,80.22219086,58763,58773,10
12.98361015,80.22238159,58773,58783,10
12.98392963,80.22257996,58783,58794,11
12.98451042,80.22293854,58794,58804,10
12.98507023,80.22325134,58804,58814,10
12.98548985,80.22322083,58814,58824,10
12.98598957,80.22302246,58824,58834,10
12.9864397,80.22302246,58834,58844,10
12.98647022,80.22302246,58844,58854,10
12.98672962,80.2230072,58854,58864,10
12.98715019,80.22310638,58864,58874,10
12.98762989,80.22312164,58874,58884,10
12.98822975,80.22274017,58884,58894,10
12.98867989,80.22234344,58894,58905,11
12.98919964,80.22171783,58905,58915,10
12.9897604,80.22097778,58915,58925,10
12.99034977,80.22042084,58925,58935,10
12.99042988,80.22035217,58935,58945,10
12.99077034,80.22010803,58945,58955,10
12.99137974,80.2196579,58955,58975,20
12.99137974,80.2196579,58975,58985,10
12.9914999,80.21955109,58985,58995,10
12.99182034,80.21933746,58995,59005,10
12.99225998,80.21901703,59005,59016,11
12.99298,80.21848297,59016,59026,10
12.99357033,80.21806335,59026,59036,10
12.99403954,80.21774292,59036,59046,10
12.99433994,80.21755219,59046,59056,10
12.99438953,80.21750641,59056,59066,10
12.99473,80.21729279,59066,59076,10
12.99514008,80.2170105,59076,59086,10
12.99565029,80.2167511,59086,59096,10
12.99635983,80.21659088,59096,59106,10
12.99744987,80.21614838,59106,59137,31
12.99744987,80.21614838,59137,59147,10
12.99779987,80.21591187,59147,59157,10
12.99822044,80.21556091,59157,59167,10
12.99878979,80.21502686,59167,59177,10
12.99913979,80.21470642,59177,59187,10
12.99940968,80.21452332,59187,59197,10
12.99981976,80.2141571,59197,59207,10
13.00020981,80.21381378,59207,59217,10
13.00070953,80.21340179,59217,59228,11
13.00137043,80.21286011,59228,59238,10
13.00168037,80.21260834,59238,59248,10
13.00172997,80.21256256,59248,59258,10
13.00203037,80.21240234,59258,59268,10
13.00257015,80.21219635,59268,59278,10
13.00362015,80.21199036,59278,59298,20
13.00362015,80.21199036,59298,59308,10
13.00368977,80.21166229,59308,59318,10
13.00368977,80.21115112,59318,59329,11
13.00362015,80.21056366,59329,59339,10
13.00354958,80.21006012,59339,59349,10
13.00352955,80.20954132,59349,59359,10
13.00364017,80.20896149,59359,59369,10
13.00411034,80.20867157,59369,59379,10
13.00492001,80.20903778,59379,59389,10
13.00572014,80.2093811,59389,59399,10
13.00636959,80.20960236,59399,59409,10
13.00681973,80.20973206,59409,59419,10
13.00716972,80.20977783,59419,59450,31
13.00716972,80.20977783,59450,59460,10
13.00757027,80.2098999,59460,59470,10
13.00800991,80.21002197,59470,59480,10
13.00809002,80.20970917,59480,59490,10
13.00798035,80.2090683,59490,59500,10
13.00784969,80.20822906,59500,59510,10
13.00769997,80.20729065,59510,59520,10
13.0075798,80.20641327,59520,59530,10
13.00751019,80.20548248,59530,59539,9
13.00751019,80.20475006,59539,59551,12
13.00745964,80.20388031,59551,59561,10
13.0073204,80.20304108,59561,59571,10
13.0067997,80.20256042,59571,59581,10
13.00654984,80.20313263,59581,59591,10
13.00693989,80.20346069,59591,59601,10
13.00743008,80.20365906,59601,59611,10
13.0081501,80.20375061,59611,59621,10
13.00911999,80.20368958,59621,59631,10
13.01023006,80.2036438,59631,59641,10
13.01144981,80.20372772,59641,59652,11
13.01282978,80.2039566,59652,59662,10
13.01391029,80.20430756,59662,59672,10
13.01486969,80.20464325,59672,59682,10
13.01511002,80.20464325,59682,59692,10
13.01531982,80.2046814,59692,59702,10
13.01595974,80.20491028,59702,59712,10
13.01632977,80.20513153,59712,59722,10
13.01657009,80.20523834,59722,59732,10
13.01683998,80.20523834,59732,59742,10
13.01706028,80.20530701,59742,59752,10
13.01743031,80.20549774,59752,59763,11
13.01776028,80.2056427,59763,59773,10
13.01819992,80.20584869,59773,59783,10
13.01869965,80.20597076,59783,59793,10
13.01871967,80.20596313,59793,59803,10
13.01908016,80.20613098,59803,59813,10
13.01966,80.20632172,59813,59823,10
13.02042007,80.20636749,59823,59833,10
13.02124023,80.20633698,59833,59843,10
13.02190018,80.20638275,59843,59853,10
13.02268982,80.20645142,59853,59862,9
13.02336025,80.20661163,59862,59874,12
13.02443027,80.2067337,59874,59894,20
13.02443027,80.2067337,59894,59904,10
13.02476025,80.20675659,59904,59914,10
13.02534008,80.20697021,59914,59924,10
13.0261097,80.20735168,59924,59934,10
13.02684975,80.20778656,59934,59944,10
13.02766037,80.20826721,59944,59954,10
13.02851963,80.20861816,59954,59964,10
13.02921009,80.20877075,59964,59975,11
13.02993965,80.20896149,59975,59985,10
13.03038025,80.2090683,59985,59995,10
13.03089046,80.20922089,59995,60005,10
13.03155994,80.20937347,60005,60015,10
13.03170967,80.20939636,60015,60025,10
13.03182983,80.2093811,60025,60035,10
13.03219986,80.20950317,60035,60045,10
13.03281021,80.20964813,60045,60055,10
13.03361988,80.20987701,60055,60065,10
13.03450012,80.21005249,60065,60075,10
13.03507042,80.21035767,60075,60086,11
13.0350399,80.21092987,60086,60096,10
13.03505039,80.21138763,60096,60106,10
13.03505039,80.21140289,60106,60116,10
13.03497028,80.21179962,60116,60126,10
13.03495979,80.21218109,60126,60136,10
13.03532982,80.21227264,60136,60146,10
13.03588009,80.2122879,60146,60156,10
13.03664017,80.21235657,60156,60166,10
13.03726006,80.21237183,60166,60176,10
13.0380497,80.21237183,60176,60187,11
13.03899002,80.21237946,60187,60197,10
13.0399704,80.21250916,60197,60207,10
13.04129028,80.21231842,60207,60217,10
13.04228973,80.212677,60217,60227,10
13.04292965,80.21341705,60227,60237,10
13.0433197,80.21328735,60237,60247,10
13.04380035,80.21243286,60247,60267,20
13.04397011,80.21222687,60267,60388,121
13.04397011,80.21222687,60388,60398,10
13.04405022,80.2121582,60398,60409,11
13.04442024,80.21218872,60409,60419,10
13.04496956,80.21221924,60419,60429,10
13.04568005,80.21221924,60429,60439,10
13.04652023,80.21221924,60439,60449,10
13.04736996,80.2121582,60449,60459,10
13.04825974,80.21208191,60459,60520,61
13.04825974,80.21208191,60520,60530,10
13.04852962,80.21202087,60530,60540,10
13.04878044,80.2120285,60540,60550,10
13.04895973,80.2120285,60550,60560,10
13.04913044,80.21201324,60560,60651,91
13.04913044,80.21201324,60651,60661,10
13.04961014,80.21193695,60661,60671,10
13.04990005,80.21190643,60671,60681,10
13.05012989,80.21192169,60681,60691,10
13.05041027,80.21195221,60691,60701,10
13.05062962,80.2120285,60701,60711,10
13.05103016,80.21199799,60711,60721,10
13.05206013,80.21196747,60721,60732,11
13.05303955,80.2117691,60732,60742,10
13.05397034,80.2115097,60742,60752,10
13.05484009,80.2114563,60752,60762,10
13.05578041,80.21150208,60762,60772,10
13.05688953,80.21151733,60772,60782,10
13.05770016,80.21143341,60782,60792,10
13.05774975,80.21141052,60792,60802,10
13.05805969,80.21141052,60802,60812,10
13.05865955,80.21144104,60812,60821,9
13.05918026,80.21141815,60821,60833,12
13.0597496,80.21154022,60833,60843,10
13.06048012,80.21157074,60843,60853,10
13.06136036,80.21166992,60853,60863,10
13.06192017,80.21170807,60863,60873,10
13.06322956,80.21148682,60873,60893,20
13.06340981,80.21147919,60893,60923,30
13.06340981,80.21147919,60923,60933,10
13.06375027,80.21150208,60933,60944,11
13.06429958,80.2114563,60944,60954,10
13.06495953,80.21115875,60954,60964,10
13.06566048,80.21063232,60964,60974,10
13.06643963,80.20993805,60974,60984,10
13.0672102,80.20913696,60984,60994,10
13.06774998,80.20812988,60994,61004,10
13.06842041,80.2071228,61004,61014,10
13.06910992,80.20603943,61014,61024,10
13.06952,80.20536041,61024,61055,31
13.06952,80.20536041,61055,61065,10
13.06968975,80.20496368,61065,61075,10
13.06939983,80.20480347,61075,61085,10
13.06908035,80.20511627,61085,61095,10
13.06871033,80.20510101,61095,61145,50
13.06871033,80.20510101,61145,61156,11
13.06875038,80.20491028,61156,61166,10
13.06884003,80.20472717,61166,61176,10
13.06935978,80.20475769,61176,61206,30
13.06935978,80.20475769,61206,61216,10
13.06964016,80.20481873,61216,61226,10
13.0699501,80.20480347,61226,61236,10
13.07028008,80.20432281,61236,61246,10
13.07079029,80.2036972,61246,61256,10
13.07141972,80.20294189,61256,61267,11
13.07199955,80.20223999,61267,61307,40
13.07199955,80.20223999,61307,61317,10
13.07219028,80.20200348,61317,61327,10
13.07254028,80.20166016,61327,61337,10
13.07297039,80.20114136,61337,61347,10
13.07328033,80.200737,61347,61357,10
13.07357979,80.20041656,61357,61367,10
13.07394981,80.19998932,61367,61378,11
13.07433987,80.19956207,61378,61388,10
13.07452965,80.19934845,61388,61398,10
13.07460976,80.19927216,61398,61408,10
13.07483959,80.19915771,61408,61418,10
13.0753603,80.19905853,61418,61428,10
13.07600975,80.19905853,61428,61438,10
13.07686043,80.19901276,61438,61448,10
13.07775974,80.19891357,61448,61458,10
13.07866001,80.1987915,61458,61468,10
13.07956028,80.19872284,61468,61479,11
13.0805397,80.19863129,61479,61489,10
13.08133984,80.19860077,61489,61499,10
13.08207989,80.19856262,61499,61509,10
13.08248043,80.1985321,61509,61519,10
13.08253956,80.1985321,61519,61529,10
13.08283043,80.1985321,61529,61539,10
13.08327961,80.19854736,61539,61549,10
13.08360958,80.19850922,61549,61559,10
13.08388042,80.19850159,61559,61569,10
13.08428001,80.19850922,61569,61578,9
13.08475971,80.19851685,61578,61590,12
13.08522987,80.19848633,61590,61600,10
13.08563995,80.19848633,61600,61610,10
13.08617973,80.19846344,61610,61620,10
13.08662033,80.19846344,61620,61630,10
13.08687973,80.19844818,61630,61640,10
13.08705997,80.19824219,61640,61650,10
13.08708954,80.1979599,61650,61660,10
13.08712006,80.19786072,61660,61670,10
13.08716965,80.19743347,61670,61680,10
13.08720016,80.19674683,61680,61691,11
13.08724022,80.19582367,61691,61701,10
13.08724976,80.1950531,61701,61711,10
13.08726025,80.19416809,61711,61721,10
13.08724976,80.1931076,61721,61761,40
13.08724976,80.1931076,61761,61771,10
13.08726025,80.19291687,61771,61781,10
13.08734035,80.19242096,61781,61790,9
13.08740997,80.19181061,61790,61802,12
13.08753967,80.19082642,61802,61812,10
13.08765984,80.18990326,61812,61822,10
13.08769989,80.18907928,61822,61832,10
13.08769989,80.18894196,61832,61842,10
13.08773041,80.188797,61842,61852,10
13.08771992,80.18833923,61852,61882,30
13.08771992,80.18833923,61882,61892,10
13.08780003,80.18778992,61892,61902,10
13.08782959,80.18711853,61902,61913,11
13.08786011,80.18615723,61913,61923,10
13.08790016,80.18527222,61923,61933,10
13.08796024,80.18434906,61933,61943,10
13.08802032,80.18244171,61943,61953,10
13.08802032,80.18244171,61953,61963,10
13.08804035,80.18177032,61963,61972,9
13.08806992,80.1798172,61972,62022,50
13.08806992,80.1798172,62022,62032,10
13.08810997,80.17967987,62032,62042,10
13.08812046,80.17932892,62042,62052,10
13.08810997,80.17897797,62052,62062,10
13.08813,80.17880249,62062,62072,10
13.08813,80.17829132,62072,62082,10
13.08813953,80.17762756,62082,62092,10
13.08817005,80.17697144,62092,62102,10
13.08823013,80.17608643,62102,62112,10
13.08829975,80.17520905,62112,62123,11
13.0883503,80.17459869,62123,62133,10
13.0884304,80.17385864,62133,62143,10
13.08848,80.17301178,62143,62153,10
13.08852005,80.17241669,62153,62163,10
13.08852959,80.17189026,62163,62173,10
13.08852959,80.17183685,62173,62183,10
13.08854008,80.17162323,62183,62193,10
13.0885601,80.17131042,62193,62234,41
13.0885601,80.17131042,62234,62244,10
13.08856964,80.17098999,62244,62254,10
13.0886097,80.17047119,62254,62264,10
13.08862972,80.17008209,62264,62355,91
13.08862972,80.17008209,62355,62365,10
13.08866024,80.16976166,62365,62375,10
13.08880043,80.16944885,62375,62385,10
13.08934021,80.16950989,62385,62395,10
13.09006977,80.16957855,62395,62405,10
13.09088039,80.16966248,62405,62415,10
13.09152031,80.16970825,62415,62425,10
13.09202957,80.16973877,62425,62436,11
13.09280968,80.16980743,62436,62446,10
13.09342957,80.16983032,62446,62456,10
13.09410954,80.16989136,62456,62466,10
13.09453011,80.16988373,62466,62476,10
13.09484005,80.16992188,62476,62486,10
13.09508991,80.16999054,62486,62496,10
13.09566021,80.16999054,62496,62506,10
13.09638977,80.16999054,62506,62516,10
13.0971899,80.17002869,62516,62526,10
13.0980196,80.17008209,62526,62536,10
13.0988102,80.17011261,62536,62546,10
13.09965992,80.16998291,62546,62577,31
13.09965992,80.16998291,62577,62587,10
13.09967041,80.16983795,62587,62597,10
13.09965038,80.16966248,62597,62607,10
13.09943008,80.16967773,62607,62617,10
13.09937,80.17002106,62617,63132,515
13.09937,80.17002106,63132,63142,10
13.09908009,80.17022705,63142,63152,10
13.0984602,80.17018127,63152,63162,10
13.09774017,80.17014313,63162,63172,10
13.09700966,80.17008972,63172,63182,10
13.09611034,80.17003632,63182,63192,10
13.09525967,80.16999054,63192,63203,11
13.09471989,80.16996002,63203,63213,10
13.09444046,80.16992188,63213,63223,10
13.09395027,80.16989136,63223,63233,10
13.09325027,80.16982269,63233,63243,10
13.09232998,80.16976929,63243,63253,10
13.0913496,80.16970825,63253,63263,10
13.09031963,80.16966248,63263,63273,10
13.08920956,80.1696167,63273,63292,19
13.08920956,80.1696167,63292,63304,12
13.0890398,80.16963196,63304,63314,10
13.08868027,80.16967773,63314,63324,10
13.08866978,80.16999817,63324,63334,10
13.08864021,80.17060089,63334,63344,10
13.08858967,80.17131042,63344,63354,10
13.0886097,80.17173767,63354,63364,10
13.0886097,80.17189026,63364,63374,10
13.08860016,80.17199707,63374,63384,10
13.08856964,80.17250061,63384,63394,10
13.08852005,80.1733017,63394,63404,10
13.08848,80.17418671,63404,63415,11
13.08843994,80.17488098,63415,63425,10
13.08839989,80.17546844,63425,63435,10
13.0883503,80.17613983,63435,63445,10
13.08831024,80.17682648,63445,63455,10
13.08827972,80.17720795,63455,63465,10
13.08827972,80.17771912,63465,63475,10
13.08829021,80.17826843,63475,63485,10
13.08829021,80.17829895,63485,63495,10
13.08827972,80.17852783,63495,63514,19
13.08827972,80.17852783,63514,63526,12
13.08827972,80.17881775,63526,63536,10
13.08827019,80.17936707,63536,63546,10
13.08823967,80.18002319,63546,63556,10
13.08821964,80.18081665,63556,63566,10
13.08819008,80.18164825,63566,63576,10
13.08817959,80.18206024,63576,63586,10
13.08815002,80.18247223,63586,63596,10
13.08806038,80.18398285,63596,63606,10
13.08806038,80.18398285,63606,63616,10
13.08802986,80.18477631,63616,63625,9
13.08788967,80.18789673,63625,63695,70
13.08788967,80.18789673,63695,63715,20
13.08786011,80.18881226,63715,63725,10
13.08780956,80.18985748,63725,63746,21
13.08780956,80.18985748,63746,63756,10
13.08777046,80.19011688,63756,63766,10
13.08771038,80.19069672,63766,63776,10
13.08757973,80.19161224,63776,63786,10
13.08745956,80.19258118,63786,63835,49
13.08745956,80.19258118,63835,63847,12
13.08740044,80.19302368,63847,63857,10
13.08738041,80.19358063,63857,63867,10
13.08734989,80.19438934,63867,63877,10
13.08732986,80.19513702,63877,63887,10
13.08732033,80.195961,63887,63897,10
13.08728981,80.19686127,63897,63907,10
13.08726978,80.19760132,63907,63917,10
13.08724976,80.19777679,63917,63927,10
13.08726025,80.19812775,63927,63937,10
13.08740997,80.19846344,63937,63948,11
13.08775043,80.19847107,63948,63958,10
13.08829975,80.19846344,63958,63968,10
13.08889961,80.19846344,63968,63978,10
13.08946037,80.19848633,63978,63988,10
13.09014034,80.19851685,63988,63998,10
13.09088039,80.19856262,63998,64008,10
13.09165955,80.19863892,64008,64018,10
13.09249973,80.19866943,64018,64028,10
13.09302998,80.19879913,64028,64038,10
13.09298038,80.19924927,64038,64048,10
13.09294033,80.19994354,64048,64059,11
13.09290028,80.20053101,64059,64099,40
13.09290028,80.20053101,64099,64109,10
13.09255981,80.20063019,64109,64119,10
13.09202003,80.2006073,64119,64129,10
13.09136009,80.20057678,64129,64139,10
13.09058952,80.20054626,64139,64149,10
13.08975983,80.20050812,64149,64158,9
13.08905983,80.20049286,64158,64170,12
13.08843994,80.2004776,64170,64180,10
13.08798981,80.20044708,64180,64190,10
13.08782005,80.20044708,64190,64200,10
13.08767033,80.20044708,64200,64210,10
13.08736992,80.20043945,64210,64220,10
13.08714962,80.20043182,64220,64230,10
13.08691025,80.20041656,64230,64240,10
13.08656025,80.20040894,64240,64250,10
13.08627987,80.20040131,64250,64260,10
13.08576012,80.20037842,64260,64281,21
13.08576012,80.20037842,64281,64291,10
13.08545971,80.20036316,64291,64301,10
13.08528042,80.20018005,64301,64311,10
13.08528996,80.19979858,64311,64321,10
13.08528996,80.19921875,64321,64331,10
13.08522987,80.1987381,64331,64341,10
13.0851202,80.19872284,64341,64351,10
13.08477974,80.19872284,64351,64361,10
13.08438015,80.19870758,64361,64371,10
13.08417034,80.19870758,64371,64382,11
13.08399963,80.19869232,64382,64392,10
13.08347034,80.19869232,64392,64402,10
13.08298969,80.19867706,64402,64472,70
13.08298969,80.19867706,64472,64482,10
13.08269024,80.19856262,64482,64493,11
13.08207035,80.19860077,64493,64503,10
13.08131981,80.1986084,64503,64513,10
13.08049011,80.1986618,64513,64523,10
13.07956028,80.19876099,64523,64533,10
13.07859039,80.19886017,64533,64543,10
13.07765007,80.19898224,64543,64553,10
13.07670975,80.19909668,64553,64563,10
13.07575035,80.19921875,64563,64573,10
13.07479,80.19950867,64573,64583,10
13.07417965,80.19994354,64583,64594,11
13.07371998,80.20043182,64594,64604,10
13.07357025,80.20062256,64604,64614,10
13.07341003,80.20082092,64614,64624,10
13.07299995,80.2013092,64624,64634,10
13.07250977,80.20191956,64634,64644,10
13.07196045,80.20249176,64644,64654,10
13.07133961,80.20317078,64654,64664,10
13.0706501,80.2039566,64664,64674,10
13.07013988,80.20459747,64674,64684,10
13.07003021,80.20475006,64684,64694,10
13.06997967,80.20484924,64694,64705,11
13.06984997,80.20503235,64705,64715,10
13.06962013,80.20496368,64715,64725,10
13.06923962,80.20491791,64725,64735,10
13.06892014,80.20535278,64735,64745,10
13.06844997,80.20545197,64745,64755,10
13.06807041,80.20545959,64755,64765,10
13.06795025,80.2052002,64765,64806,41
13.06795025,80.2052002,64806,64816,10
13.06811047,80.20491028,64816,64826,10
13.06844997,80.20484161,64826,64836,10
13.06879997,80.20474243,64836,64846,10
13.06916046,80.20469666,64846,64856,10
13.0697403,80.20487976,64856,64886,30
13.0697403,80.20487976,64886,64896,10
13.06976986,80.2053299,64896,64906,10
13.06941986,80.20587158,64906,64917,11
13.06892014,80.20664215,64917,64927,10
13.06838989,80.20748138,64927,64937,10
13.0678196,80.20835876,64937,64947,10
13.06760025,80.20867157,64947,64957,10
13.06735992,80.20903778,64957,64967,10
13.06696033,80.20961761,64967,64977,10
13.06634998,80.21022034,64977,64987,10
13.06566048,80.21082306,64987,64997,10
13.06511021,80.21128082,64997,65006,9
13.06501961,80.21135712,65006,65017,11
13.06488037,80.21144104,65017,65028,11
13.06437016,80.2116394,65028,65038,10
13.06396008,80.21173859,65038,65078,40
13.06396008,80.21173859,65078,65088,10
13.06373978,80.21172333,65088,65098,10
13.06322956,80.21173859,65098,65108,10
13.06250954,80.2117691,65108,65118,10
13.06184959,80.21174622,65118,65129,11
13.06091976,80.21172333,65129,65138,9
13.06013966,80.21170807,65138,65149,11
13.05916023,80.21167755,65149,65159,10
13.05834007,80.21166229,65159,65169,10
13.05764008,80.2116394,65169,65189,20
13.05764008,80.2116394,65189,65199,10
13.05751038,80.21160889,65199,65209,10
13.05710983,80.21161652,65209,65219,10
13.05648994,80.21160889,65219,65229,10
13.05566025,80.21160126,65229,65240,11
13.05465031,80.21157074,65240,65250,10
13.05370998,80.21176147,65250,65260,10
13.05265999,80.21202087,65260,65270,10
13.05171967,80.21222687,65270,65280,10
13.05142021,80.21222687,65280,65290,10
13.05115032,80.21221161,65290,65300,10
13.05070972,80.21218109,65300,65310,10
13.05006027,80.21217346,65310,65320,10
13.04959011,80.21218872,65320,65330,10
13.04930019,80.21221161,65330,65341,11
13.04920006,80.21219635,65341,65351,10
13.04870033,80.21221924,65351,65361,10
13.04794979,80.21227264,65361,65371,10
13.04705048,80.21233368,65371,65381,10
13.0460701,80.21237183,65381,65391,10
13.04514027,80.21240997,65391,65401,10
13.04465008,80.21244049,65401,65411,10
13.04424953,80.21238708,65411,65421,10
13.04358006,80.21237946,65421,65431,10
13.04273987,80.21238708,65431,65440,9
13.04205036,80.21237183,65440,65452,12
13.04102039,80.21240234,65452,65462,10
13.04006004,80.2124176,65462,65472,10
13.03907967,80.21240234,65472,65482,10
13.03810978,80.21248627,65482,65542,60
13.03810978,80.21248627,65542,65553,11
13.03800964,80.21260834,65553,65563,10
13.03763962,80.21253204,65563,65573,10
13.03707981,80.21238708,65573,65583,10
13.03641987,80.21233368,65583,65593,10
13.03584003,80.21234131,65593,65603,10
13.03565979,80.21234131,65603,65613,10
13.03542995,80.21231842,65613,65623,10
13.03509998,80.21228027,65623,65633,10
13.03483963,80.21221924,65633,65643,10
13.03458023,80.21218109,65643,65653,10
13.03419018,80.21214294,65653,65664,11
13.03411961,80.21214294,65664,65674,10
13.03396988,80.21212006,65674,65684,10
13.03369999,80.21204376,65684,65694,10
13.03312969,80.2118988,65694,65704,10
13.03244972,80.21180725,65704,65714,10
13.03195,80.21157074,65714,65724,10
13.03201008,80.21089172,65724,65734,10
13.03209019,80.21005249,65734,65744,10
13.0318203,80.20960999,65744,65754,10
13.03106976,80.20941162,65754,65765,11
13.03050041,80.20925903,65765,65785,20
13.03050041,80.20925903,65785,65795,10
13.03038979,80.20922089,65795,65805,10
13.02995968,80.2090683,65805,65815,10
13.02952957,80.2089386,65815,65825,10
13.02943039,80.20893097,65825,65835,10
13.02898026,80.20879364,65835,65845,10
13.02828979,80.20860291,65845,65855,10
13.02752972,80.2082901,65855,65865,10
13.02674007,80.20783234,65865,65876,11
13.02579975,80.20726776,65876,65886,10
13.02486992,80.20703888,65886,65896,10
13.02429962,80.2069397,65896,65906,10
13.02423954,80.20690155,65906,65916,10
13.0237999,80.20677948,65916,65926,10
13.02317047,80.20661163,65926,65936,10
13.02235985,80.20648193,65936,65946,10
13.02169037,80.20642853,65946,65956,10
13.02085018,80.20644379,65956,65966,10
13.01992035,80.20644379,65966,65977,11
13.01912975,80.20633698,65977,65987,10
13.01906967,80.20629883,65987,65997,10
13.01863956,80.20613861,65997,66007,10
13.01791,80.20590973,66007,66017,10
13.01735973,80.20570374,66017,66027,10
13.01710033,80.20561981,66027,66037,10
13.01679993,80.20549011,66037,66047,10
13.01603031,80.20526123,66047,66057,10
13.01519966,80.20494843,66057,66067,10
13.01430988,80.20464325,66067,66077,10
13.01387024,80.20449066,66077,66088,11
13.01373959,80.20442963,66088,66098,10
13.01360035,80.20453644,66098,66108,10
13.0135603,80.20474243,66108,66118,10
13.0135603,80.20475006,66118,66128,10
13.01346016,80.20501709,66128,66138,10
13.01329994,80.20554352,66138,66148,10
13.01311016,80.20613861,66148,66158,10
13.01299953,80.20677185,66158,66168,10
13.01292992,80.20748138,66168,66178,10
13.0128603,80.20793915,66178,66187,9
13.0128603,80.20841217,66187,66199,12
13.01288986,80.20884705,66199,66209,10
13.01301003,80.20939636,66209,66219,10
13.01315975,80.20996094,66219,66229,10
13.01307964,80.21060181,66229,66239,10
13.01284981,80.21127319,66239,66249,10
13.01245022,80.21198273,66249,66259,10
13.01202011,80.21260071,66259,66269,10
13.01187038,80.21276855,66269,66279,10
13.01167011,80.21273804,66279,66289,10
13.01132965,80.21247864,66289,66300,11
13.01084042,80.21208954,66300,66310,10
13.01062012,80.2118988,66310,66320,10
13.01029968,80.21166992,66320,66330,10
13.00979996,80.21130371,66330,66360,30
13.00942993,80.21105957,66360,66441,81
13.00942993,80.21105957,66441,66451,10
13.00912952,80.21125793,66451,66461,10
13.00899029,80.21147156,66461,66471,10
13.00903034,80.21179199,66471,66481,10
13.00922012,80.21237946,66481,66491,10
13.00946045,80.21305084,66491,66501,10
13.00973988,80.21375275,66501,66512,11
13.01006031,80.21453857,66512,66522,10
13.01018047,80.215271,66522,66532,10
13.01037025,80.21598816,66532,66542,10
13.01066971,80.21668243,66542,66552,10
13.01101971,80.21733093,66552,66562,10
13.01124001,80.21794891,66562,66572,10
13.0115099,80.21868896,66572,66582,10
13.01181984,80.21961975,66582,66592,10
13.01212025,80.22054291,66592,66602,10
13.01233006,80.22123718,66602,66612,10
13.01247025,80.22164154,66612,66623,11
13.01288033,80.22219086,66623,66633,10
13.01327991,80.2226181,66633,66643,10
13.01371002,80.22309875,66643,66653,10
13.01412964,80.22360229,66653,66663,10
13.0144701,80.22406769,66663,66673,10
13.01486969,80.22457123,66673,66683,10
13.01508999,80.22479248,66683,66693,10
13.01537037,80.22515106,66693,66703,10
13.01543999,80.22544098,66703,66713,10
13.01529026,80.22583008,66713,66723,10
13.01480007,80.22602081,66723,66734,11
13.01408005,80.22631073,66734,66744,10
13.01333046,80.22662354,66744,66754,10
13.01253033,80.2269516,66754,66764,10
13.01165962,80.22728729,66764,66774,10
13.0106802,80.22766876,66774,66784,10
13.00988007,80.22795868,66784,66794,10
13.00948048,80.22766876,66794,66804,10
13.00967979,80.22718048,66804,66814,10
13.00998974,80.22648621,66814,66823,9
13.01023006,80.22586823,66823,66835,12
13.01043987,80.22535706,66835,66845,10
13.01045036,80.22534943,66845,66855,10
13.01054001,80.22515869,66855,66865,10
13.01072025,80.22480774,66865,66875,10
13.0109396,80.22425079,66875,66885,10
13.01117992,80.22364044,66885,66895,10
13.01119995,80.22315979,66895,66905,10
13.0108099,80.22296143,66905,66915,10
13.01012039,80.2226181,66915,66925,10
13.00936031,80.22221375,66925,66935,10
13.0085001,80.22174072,66935,66946,11
13.00751972,80.22122192,66946,66956,10
13.00664043,80.22075653,66956,66966,10
13.00570011,80.22051239,66966,66976,10
13.00481987,80.22029877,66976,66986,10
13.00407982,80.22012329,66986,66996,10
13.00323963,80.21990204,66996,67006,10
13.00247002,80.2195282,67006,67016,10
13.00189018,80.21894836,67016,67026,10
13.00139999,80.21849823,67026,67036,10
13.00088978,80.21813202,67036,67047,11
13.00026989,80.21772003,67047,67057,10
12.99960995,80.2173233,67057,67067,10
12.99886036,80.21691895,67067,67087,20
12.99886036,80.21691895,67087,67097,10
12.99857998,80.21678925,67097,67107,10
12.99816036,80.21662903,67107,67127,20
12.99816036,80.21662903,67127,67137,10
12.99792957,80.21656799,67137,67147,10
12.99767017,80.21653748,67147,67158,11
12.99742031,80.21652985,67158,67168,10
12.99740028,80.21652222,67168,67178,10
12.99730015,80.21650696,67178,67188,10
12.99709034,80.21649933,67188,67198,10
12.99689007,80.21652222,67198,67208,10
12.99662971,80.21653748,67208,67238,30
12.99662971,80.21653748,67238,67248,10
12.99625015,80.2166214,67248,67259,11
12.9956398,80.21674347,67259,67289,30
12.9956398,80.21674347,67289,67299,10
12.99520016,80.21695709,67299,67309,10
12.9950304,80.21707153,67309,67319,10
12.99473,80.21726227,67319,67329,10
12.99440002,80.21749878,67329,67339,10
12.99409008,80.21772766,67339,67349,10
12.99370003,80.21800995,67349,67359,10
12.99324989,80.2183075,67359,67370,11
12.99293995,80.21852875,67370,67380,10
12.99246979,80.2188797,67380,67390,10
12.99201965,80.21922302,67390,67400,10
12.99184036,80.21935272,67400,67410,10
12.99153042,80.2195816,67410,67420,10
12.99108982,80.21948242,67420,67430,10
12.99094009,80.21942139,67430,67440,10
12.99067974,80.2193222,67440,67450,10
12.99011993,80.21913147,67450,67460,10
12.98950958,80.21891785,67460,67471,11
12.98882008,80.21867371,67471,67481,10
12.98832035,80.21852112,67481,67491,10
12.98760033,80.21839905,67491,67501,10
12.98721981,80.21833038,67501,67511,10
12.98690987,80.21826935,67511,67521,10
12.98680019,80.2182312,67521,67531,10
12.98631001,80.21808624,67531,67541,10
12.98556042,80.21794128,67541,67551,10
12.98474979,80.21793365,67551,67561,10
12.9843502,80.21794128,67561,67571,10
12.9839201,80.2179718,67571,67582,11
12.9837904,80.21800232,67582,67592,10
12.98330975,80.21798706,67592,67602,10
12.98268032,80.21797943,67602,67612,10
12.98215961,80.21797943,67612,67622,10
12.98145962,80.21804047,67622,67632,10
12.98083973,80.2182312,67632,67642,10
12.98023987,80.21843719,67642,67652,10
12.97968006,80.21865845,67652,67662,10
12.97910976,80.2188797,67662,67672,10
12.97879028,80.21900177,67672,67683,11
12.97854996,80.21913147,67683,67693,10
12.97813034,80.21930695,67693,67703,10
12.9773798,80.21965027,67703,67723,20
12.9773798,80.21965027,67723,67733,10
12.97708035,80.21977997,67733,67743,10
12.97692966,80.21984863,67743,67753,10
12.97669029,80.21994781,67753,67935,182
12.97636986,80.22007751,67935,67985,50
12.97636986,80.22007751,67985,67995,10
12.9759798,80.22016907,67995,68278,283
12.9759798,80.22016907,68278,68288,10
12.9755497,80.22035217,68288,68298,10
12.97546005,80.22064972,68298,68308,10
12.97572041,80.22084045,68308,68490,182
12.97572041,80.22084045,68490,68500,10
12.97599983,80.22107697,68500,70660,2160
12.97609043,80.22119141,70660,71670,1010
12.97605038,80.22118378,71670,71912,242
12.97609043,80.22116089,71912,72215,303
12.97609043,80.22116089,72215,72225,10
12.97649956,80.22122192,72225,72235,10
12.97692966,80.22120667,72235,72245,10
12.97745037,80.22119141,72245,72255,10
12.97797966,80.22116852,72255,72265,10
12.97858047,80.22110748,72265,72275,10
12.97914028,80.22107697,72275,72285,10
12.97964001,80.22106934,72285,72296,11
12.98034,80.22102356,72296,72306,10
12.98099041,80.22102356,72306,72316,10
12.98157024,80.22131348,72316,72326,10
12.9819603,80.22158813,72326,72336,10
12.98231983,80.22176361,72336,72346,10
12.98279953,80.2219162,72346,72376,30
12.98279953,80.2219162,72376,72386,10
12.98295975,80.22200012,72386,72396,10
12.9832201,80.22216034,72396,72406,10
12.98348999,80.22235107,72406,72417,11
12.98375034,80.22250366,72417,72427,10
12.98398018,80.22263336,72427,72437,10
12.98423004,80.22277832,72437,72447,10
12.98455048,80.22297668,72447,72457,10
12.98507977,80.22322083,72457,72467,10
12.98550034,80.22315979,72467,72477,10
12.98631001,80.22293091,72477,72497,20
12.98631001,80.22293091,72497,72507,10
12.98649025,80.22296906,72507,72518,11
12.98680973,80.2230072,72518,72528,10
12.98700047,80.22303772,72528,72538,10
12.98715019,80.22306061,72538,72548,10
12.98744965,80.2230835,72548,72558,10
12.98793983,80.22286987,72558,72568,10
12.9883604,80.22255707,72568,72578,10
12.98857975,80.2223587,72578,72629,51
12.98857975,80.2223587,72629,72639,10
12.98882961,80.2220993,72639,72709,70
12.98908043,80.22181702,72709,72780,71
12.98929024,80.22155762,72780,72820,40
12.98929024,80.22155762,72820,72830,10
12.98945999,80.22129822,72830,72841,11
12.98972988,80.22096252,72841,72851,10
12.99020004,80.22055054,72851,72861,10
12.99075985,80.22009277,72861,72871,10
12.99092007,80.21994019,72871,72881,10
12.99129963,80.21964264,72881,72952,71
12.99129963,80.21964264,72952,72962,10
12.99133015,80.2195816,72962,72972,10
12.99162006,80.21936798,72972,72982,10
12.99209023,80.21904755,72982,72992,10
12.99240971,80.21882629,72992,73002,10
12.99256039,80.21872711,73002,73012,10
12.9927597,80.21858978,73012,73022,10
12.99295998,80.21842957,73022,73032,10
12.99297047,80.21842194,73032,73043,11
12.99318027,80.21823883,73043,73051,8
12.99328041,80.2181778,73051,73063,12
12.99349976,80.21804047,73063,73103,40
12.99349976,80.21804047,73103,73113,10
12.99380016,80.21785736,73113,73123,10
12.99394989,80.21775055,73123,73133,10
12.9941597,80.21759796,73133,73143,10
12.99419022,80.21756744,73143,73154,11
12.99446964,80.21736145,73154,73164,10
12.9946804,80.21720886,73164,73174,10
12.9948597,80.21707916,73174,73184,10
12.99510002,80.21692657,73184,73194,10
12.99553967,80.21671295,73194,73204,10
12.99617958,80.21655273,73204,73214,10
12.99672985,80.21649933,73214,73224,10
12.99701977,80.21646881,73224,73234,10
12.99717999,80.21642303,73234,73244,10
12.99744987,80.21611786,73244,73254,10
12.99750042,80.21607971,73254,73264,10
12.99763012,80.21601105,73264,73275,11
12.99802017,80.2156601,73275,73285,10
12.99841976,80.21526337,73285,73295,10
12.99892998,80.21481323,73295,73305,10
12.9991703,80.21457672,73305,73315,10
12.99958038,80.21424866,73315,73325,10
13.0,80.21391296,73325,73335,10
13.00049973,80.21347046,73335,73345,10
13.00105,80.21302032,73345,73355,10
13.00152016,80.212677,73355,73365,10
13.00193977,80.21235657,73365,73376,11
13.00244045,80.21212006,73376,73386,10
13.00296974,80.21208191,73386,73396,10
13.00352001,80.2120285,73396,73406,10
13.00362015,80.21193695,73406,73416,10
13.00366974,80.21173859,73416,73426,10
13.00366974,80.21128082,73426,73436,10
13.00360966,80.21069336,73436,73446,10
13.00354004,80.21009827,73446,73456,10
13.00351048,80.20950317,73456,73466,10
13.00364017,80.20887756,73466,73476,10
13.00409985,80.20867157,73476,73487,11
13.00496006,80.2090683,73487,73497,10
13.00580025,80.20941925,73497,73507,10
13.00642014,80.20961761,73507,73517,10
13.00702953,80.20979309,73517,73527,10
13.00736046,80.20983887,73527,73547,20
13.00736046,80.20983887,73547,73557,10
13.00755024,80.20992279,73557,73567,10
13.00774956,80.20995331,73567,73577,10
13.00811005,80.2099762,73577,73588,11
13.00804996,80.20947266,73588,73598,10
13.00790977,80.20877075,73598,73608,10
13.00780964,80.20794678,73608,73618,10
13.00769043,80.20716858,73618,73628,10
13.00759029,80.20645142,73628,73638,10
13.00753021,80.20571136,73638,73648,10
13.00751972,80.20501709,73648,73658,10
13.00751019,80.20430756,73658,73668,10
13.00743961,80.20361328,73668,73678,10
13.00664043,80.20262146,73678,73688,10
13.00664043,80.20262146,73688,73699,11
13.00664997,80.20326233,73699,73708,9
13.00712967,80.20355988,73708,73718,10
13.00786018,80.20372772,73718,73729,11
13.00889969,80.20366669,73729,73739,10
13.00996017,80.20361328,73739,73749,10
13.01111984,80.20365906,73749,73759,10
13.01228046,80.20384216,73759,73769,10
13.01317024,80.2040329,73769,73779,10
13.01395988,80.20430756,73779,73789,10
13.01478958,80.20455933,73789,73800,11
13.01506042,80.20462799,73800,73810,10
13.01541996,80.20471191,73810,73820,10
13.01601982,80.20496368,73820,73830,10
13.01653957,80.20510101,73830,73840,10
13.0170002,80.20527649,73840,73850,10
13.01762009,80.20552826,73850,73860,10
13.01790047,80.20565796,73860,73870,10
13.01836014,80.20584106,73870,73880,10
13.01858997,80.20588684,73880,73889,9
13.01867962,80.20588684,73889,73900,11
13.01912022,80.20607758,73900,73911,11
13.01990032,80.20623779,73911,73921,10
13.02075958,80.20626068,73921,73931,10
13.02167988,80.20630646,73931,73941,10
13.02268982,80.20644379,73941,73951,10
13.02373981,80.20659637,73951,73961,10
13.02431011,80.20665741,73961,73971,10
13.02441978,80.2066803,73971,73981,10
13.02486038,80.20680237,73981,73991,10
13.02567959,80.20709991,73991,74001,10
13.02643967,80.20752716,74001,74012,11
13.02740955,80.20809937,74012,74022,10
13.02842045,80.2085495,74022,74032,10
13.02937031,80.20877838,74032,74042,10
13.02993011,80.20892334,74042,74052,10
13.02993965,80.20892334,74052,74062,10
13.03009987,80.20899963,74062,74072,10
13.03059959,80.20913696,74072,74082,10
13.03116035,80.20929718,74082,74092,10
13.03147984,80.20939636,74092,74102,10
13.03151035,80.20941925,74102,74113,11
13.03188992,80.20948792,74113,74123,10
13.03205013,80.20950317,74123,74133,10
13.03246975,80.20954895,74133,74143,10
13.03312016,80.20967102,74143,74153,10
13.03390026,80.20987701,74153,74163,10
13.03462029,80.21003723,74163,74173,10
13.03503036,80.21025085,74173,74183,10
13.03495979,80.21070099,74183,74193,10
13.03499985,80.21121979,74193,74214,21
13.03499985,80.21121979,74214,74224,10
13.03497982,80.21140289,74224,74234,10
13.03495026,80.21160889,74234,74244,10
13.03491974,80.21172333,74244,74254,10
13.0349102,80.21177673,74254,74264,10
13.03489971,80.21208191,74264,74274,10
13.03528023,80.21218872,74274,74284,10
13.03588009,80.21222687,74284,74294,10
13.03647995,80.21227264,74294,74304,10
13.03713036,80.21224976,74304,74314,10
13.03789997,80.21224976,74314,74324,10
13.03884029,80.21224976,74324,74335,11
13.03995991,80.21228027,74335,74345,10
13.04115009,80.21224976,74345,74355,10
13.04236031,80.21225739,74355,74365,10
13.04358959,80.21224213,74365,74375,10
13.04450035,80.21225739,74375,74385,10
13.04528999,80.21224976,74385,74395,10
13.04603004,80.21222687,74395,74405,10
13.04671001,80.21221161,74405,74415,10
13.04747009,80.21215057,74415,74425,10
13.04821968,80.21208191,74425,74436,11
13.04905987,80.21198273,74436,74446,10
13.04934025,80.21193695,74446,74456,10
13.04938984,80.21192932,74456,74466,10
13.04953957,80.2118988,74466,74476,10
13.04967976,80.21192169,74476,74486,10
13.04990959,80.21189117,74486,74496,10
13.05014992,80.21189117,74496,74506,10
13.05041981,80.21192169,74506,74516,10
13.05074978,80.21198273,74516,74526,10
13.05138969,80.21198273,74526,74536,10
13.05218983,80.21192169,74536,74547,11
13.05307961,80.21173859,74547,74557,10
13.0539999,80.21153259,74557,74567,10
13.05478001,80.21141815,74567,74577,10
13.05562973,80.21140289,74577,74587,10
13.05655003,80.21140289,74587,74597,10
13.05729008,80.21138,74597,74607,10
13.05749989,80.21135712,74607,74617,10
13.05776978,80.21137238,74617,74627,10
13.05838013,80.21138763,74627,74637,10
13.05918026,80.21143341,74637,74648,11
13.0601902,80.21150208,74648,74658,10
13.06109047,80.21154785,74658,74668,10
13.06165981,80.21159363,74668,74678,10
13.06225967,80.21157837,74678,74688,10
13.06285954,80.21154785,74688,74698,10
13.06309986,80.21153259,74698,74728,30
13.06309986,80.21153259,74728,74738,10
13.06336975,80.21154022,74738,74748,10
13.06383991,80.21151733,74748,74759,11
13.0644598,80.21138,74759,74769,10
13.06501007,80.2110672,74769,74779,10
13.0657196,80.21056366,74779,74789,10
13.06645012,80.20993042,74789,74799,10
13.06709003,80.20909119,74799,74809,10
13.06766033,80.20822144,74809,74819,10
13.06828022,80.20728302,74819,74829,10
13.06892967,80.2062912,74829,74839,10
13.06937981,80.20555878,74839,74849,10
13.06966972,80.20500183,74849,74859,10
13.06947041,80.20478821,74859,74870,11
13.0690403,80.20517731,74870,74880,10
13.06877041,80.20522308,74880,74890,10
13.06875992,80.20484924,74890,74920,30
13.06875992,80.20484924,74920,74930,10
13.06894016,80.20471954,74930,74940,10
13.06921959,80.20471954,74940,74950,10
13.06978989,80.20481873,74950,74969,19
13.06978989,80.20481873,74969,74981,12
13.07013035,80.20449066,74981,74991,10
13.07056999,80.20394135,74991,75001,10
13.0711298,80.20330048,75001,75011,10
13.07155991,80.20276642,75011,75021,10
13.07172012,80.2025528,75021,75031,10
13.07194996,80.20230103,75031,75041,10
13.07219028,80.20204926,75041,75051,10
13.07252026,80.20166779,75051,75061,10
13.07291031,80.20121002,75061,75072,11
13.07314014,80.20095062,75072,75082,10
13.07345963,80.20057678,75082,75092,10
13.07380009,80.20018005,75092,75102,10
13.07423973,80.19969177,75102,75112,10
13.07462025,80.19928741,75112,75132,20
13.07462025,80.19928741,75132,75142,10
13.07485008,80.19915009,75142,75152,10
13.07540989,80.19904327,75152,75162,10
13.07618046,80.19901276,75162,75172,10
13.07691956,80.19898987,75172,75183,11
13.07771969,80.19889069,75183,75193,10
13.07849979,80.1987915,75193,75203,10
13.07917976,80.19872284,75203,75213,10
13.07983017,80.19866943,75213,75223,10
13.08057022,80.1986084,75223,75233,10
13.08131981,80.19857025,75233,75243,10
13.08209991,80.1985321,75243,75253,10
13.08286953,80.19850159,75253,75263,10
13.08337975,80.1984787,75263,75273,10
13.08364964,80.19846344,75273,75284,11
13.08393955,80.19847107,75284,75294,10
13.08419037,80.19847107,75294,75304,10
13.08458996,80.19847107,75304,75314,10
13.08487988,80.19844055,75314,75324,10
13.08522034,80.1984024,75324,75334,10
13.08563042,80.19838715,75334,75344,10
13.08598042,80.19837952,75344,75354,10
13.08633995,80.19841003,75354,75364,10
13.08668041,80.19844055,75364,75374,10
13.08689022,80.1984024,75374,75384,10
13.08708954,80.19796753,75384,75405,21
13.08708954,80.19796753,75405,75415,10
13.08714962,80.19766998,75415,75425,10
13.08716965,80.19712067,75425,75435,10
13.08720016,80.19635773,75435,75445,10
13.0872097,80.19558716,75445,75455,10
13.08722019,80.19493103,75455,75465,10
13.08724022,80.19419098,75465,75475,10
13.08726025,80.19333649,75475,75485,10
13.0873003,80.19264221,75485,75495,10
13.08740997,80.19184113,75495,75506,11
13.08753014,80.19094086,75506,75516,10
13.08763981,80.19016266,75516,75526,10
13.08771992,80.18945313,75526,75536,10
13.08771992,80.18901062,75536,75546,10
13.08771992,80.18891907,75546,75556,10
13.08773041,80.18862152,75556,75576,20
13.08773041,80.18862152,75576,75586,10
13.08773994,80.18834686,75586,75596,10
13.08775043,80.18801117,75596,75606,10
13.08777046,80.18769073,75606,75617,11
13.08780003,80.18707275,75617,75627,10
13.08784008,80.18636322,75627,75637,10
13.08786964,80.18578339,75637,75647,10
13.08788967,80.18562317,75647,75657,10
13.0879097,80.18520355,75657,75667,10
13.08794975,80.18453217,75667,75677,10
13.08798981,80.18379211,75677,75687,10
13.08802986,80.18292999,75687,75697,10
13.08804989,80.18221283,75697,75708,11
13.08808041,80.18144226,75708,75717,9
13.08810043,80.18070984,75717,75728,11
13.08808994,80.17983246,75728,75768,40
13.08808994,80.17983246,75768,75778,10
13.08810997,80.17949677,75778,75788,10
13.08812046,80.17900085,75788,75798,10
13.08810997,80.17881775,75798,75807,9
13.08812046,80.1786499,75807,75818,11
13.08812046,80.17803192,75818,75829,11
13.08815002,80.17725372,75829,75839,10
13.08817959,80.17668915,75839,75849,10
13.08823013,80.17585754,75849,75859,10
13.08829021,80.17501831,75859,75869,10
13.08833027,80.17462158,75869,75879,10
13.08835983,80.17423248,75879,75889,10
13.08841038,80.17375946,75889,75899,10
13.08845043,80.17321777,75899,75909,10
13.08848,80.17262268,75909,75919,10
13.08850956,80.17192078,75919,75930,11
13.08850956,80.17180634,75930,75940,10
13.08852959,80.17150116,75940,75950,10
13.08856964,80.17092133,75950,75960,10
13.08860016,80.17024231,75960,75970,10
13.08864975,80.16996002,75970,75980,10
13.08870983,80.16956329,75980,75990,10
13.08915043,80.16954803,75990,76000,10
13.08987999,80.16960907,76000,76010,10
13.09078026,80.16966248,76010,76020,10
13.0916996,80.16972351,76020,76030,10
13.09255028,80.16976166,76030,76041,11
13.09350967,80.16983032,76041,76051,10
13.09434986,80.16988373,76051,76061,10
13.09475994,80.16989899,76061,76071,10
13.09498978,80.1699295,76071,76081,10
13.09541988,80.16996002,76081,76091,10
13.0961504,80.17001343,76091,76101,10
13.09704971,80.1700592,76101,76111,10
13.09794998,80.17009735,76111,76121,10
13.09879017,80.17014313,76121,76131,10
13.09930038,80.17014313,76131,76162,31
13.09930038,80.17014313,76162,76172,10
13.09967995,80.17008972,76172,76182,10
13.09972,80.16990662,76182,76192,10
13.09963989,80.16969299,76192,76202,10
13.09947968,80.16967773,76202,76212,10
13.09937954,80.16985321,76212,77030,818
13.09937954,80.16985321,77030,77040,10
13.09939957,80.17015839,77040,77595,555
13.09934044,80.17021179,77595,77938,343
13.09934044,80.17021179,77938,77948,10
13.09914017,80.17025757,77948,77958,10
13.0988903,80.17024994,77958,77969,11
13.09831047,80.17021179,77969,77979,10
13.0976696,80.17018127,77979,77989,10
13.09692001,80.17012024,77989,77999,10
13.0960598,80.17008209,77999,78009,10
13.09523964,80.17002106,78009,78019,10
13.09486008,80.17003632,78019,78029,10
13.09467983,80.17002106,78029,78039,10
13.09440994,80.16999054,78039,78049,10
13.09399986,80.16995239,78049,78059,10
13.09337997,80.16990662,78059,78070,11
13.09257984,80.16988373,78070,78080,10
13.09181976,80.16982269,78080,78090,10
13.09103966,80.16976166,78090,78100,10
13.09027958,80.16970825,78100,78110,10
13.0894804,80.16966248,78110,78120,10
13.08885956,80.1696167,78120,78130,10
13.0887804,80.16960144,78130,78140,10
13.08866024,80.1697998,78140,78150,10
13.08862972,80.17018127,78150,78160,10
13.08860016,80.17067719,78160,78170,10
13.08860016,80.17086029,78170,78180,10
13.0885601,80.17133331,78180,78191,11
13.08854008,80.17205048,78191,78201,10
13.08852005,80.17269135,78201,78211,10
13.08850002,80.17305756,78211,78221,10
13.08848,80.17334747,78221,78231,10
13.08847046,80.1740036,78231,78241,10
13.08843994,80.17475891,78241,78251,10
13.08837032,80.17536926,78251,78261,10
13.08831978,80.17617035,78261,78271,10
13.08827019,80.17700195,78271,78281,10
13.0882597,80.17778015,78281,78292,11
13.08819962,80.1784668,78292,78302,10
13.08819962,80.17849731,78302,78312,10
13.08819962,80.17893219,78312,78322,10
13.08819008,80.17955017,78322,78332,10
13.08817959,80.18026733,78332,78342,10
13.08817005,80.18118286,78342,78352,10
13.08812046,80.18212891,78352,78362,10
13.08806992,80.18306732,78362,78372,10
13.08802032,80.18405914,78372,78382,10
13.08802032,80.18491364,78382,78392,10
13.08798981,80.18575287,78392,78403,11
13.08794975,80.1865387,78403,78412,9
13.08792973,80.18718719,78412,78423,11
13.08790016,80.18782043,78423,78433,10
13.08786964,80.18805695,78433,78443,10
13.08784008,80.18859863,78443,78453,10
13.08782959,80.18936157,78453,78463,10
13.08777046,80.18981934,78463,78473,10
13.08773041,80.19000244,78473,78483,10
13.08771038,80.19023132,78483,78494,11
13.0876503,80.19062805,78494,78504,10
13.0875597,80.19120789,78504,78514,10
13.08745956,80.19181824,78514,78524,10
13.08742046,80.19239807,78524,78534,10
13.08740997,80.19248962,78534,78544,10
13.08740997,80.19264221,78544,78554,10
13.08740044,80.19284821,78554,78564,10
13.08736038,80.19338989,78564,78574,10
13.08734035,80.19423676,78574,78584,10
13.08732986,80.19515228,78584,78594,10
13.08730984,80.19612122,78594,78604,10
13.08728981,80.19703674,78604,78615,11
13.08728027,80.19750214,78615,78625,10
13.08724976,80.19773102,78625,78635,10
13.08724976,80.19798279,78635,78645,10
13.08730984,80.19828033,78645,78675,30
13.08730984,80.19828033,78675,78685,10
13.08753967,80.1984787,78685,78695,10
13.08796978,80.19844055,78695,78705,10
13.08848,80.19844055,78705,78716,11
13.08895969,80.1984787,78716,78726,10
13.08959007,80.19850159,78726,78736,10
13.09031963,80.19854736,78736,78746,10
13.09101963,80.19860077,78746,78756,10
13.09173965,80.19866943,78756,78766,10
13.09261036,80.19867706,78766,78776,10
13.09298038,80.19886017,78776,78786,10
13.09292984,80.19936371,78786,78796,10
13.09286976,80.20002747,78796,78806,10
13.0928297,80.20050049,78806,78816,10
13.09253025,80.20059204,78816,78827,11
13.09191036,80.20056915,78827,78837,10
13.0912199,80.20053101,78837,78847,10
13.09043026,80.20050812,78847,78857,10
13.08959961,80.2004776,78857,78867,10
13.08870983,80.20043945,78867,78877,10
13.08782959,80.20041656,78877,78887,10
13.08710003,80.20040894,78887,78897,10
13.08664989,80.20041656,78897,78907,10
13.08598042,80.20039368,78907,78918,11
13.08574009,80.20037079,78918,78928,10
13.08545971,80.2003479,78928,78938,10
13.08528042,80.20021057,78938,78948,10
13.08528042,80.19970703,78948,78958,10
13.08528042,80.19905853,78958,78968,10
13.08510017,80.19866943,78968,78978,10
13.08460045,80.19869232,78978,78988,10
13.08428001,80.19867706,78988,78998,10
13.08419037,80.19867706,78998,79008,10
13.08401966,80.19869232,79008,79018,10
13.08362007,80.19867706,79018,79028,10
13.08296013,80.19866943,79028,79039,11
13.0822897,80.19867706,79039,79049,10
13.08195972,80.19866943,79049,79059,10
13.08152962,80.19866943,79059,79069,10
13.08104992,80.19869232,79069,79079,10
13.08051968,80.19872284,79079,79089,10
13.0798502,80.19877625,79089,79099,10
13.07911968,80.19883728,79099,79109,10
13.07833004,80.19892883,79109,79119,10
13.07750034,80.19902802,79119,79130,11
13.07660007,80.19914246,79130,79140,10
13.07579041,80.19924164,79140,79150,10
13.07501984,80.19940948,79150,79160,10
13.07429981,80.1998291,79160,79170,10
13.0737896,80.20033264,79170,79180,10
13.07347965,80.20072174,79180,79190,10
13.0734396,80.20075989,79190,79200,10
13.07324982,80.20098114,79200,79210,10
13.07281971,80.20150757,79210,79220,10
13.07234001,80.20207214,79220,79230,10
13.07180977,80.20262146,79230,79240,10
13.07126999,80.20323944,79240,79251,11
13.07071972,80.20385742,79251,79261,10
13.07026958,80.204422,79261,79271,10
13.07001972,80.20475769,79271,79301,30
13.07001972,80.20475769,79301,79311,10
13.0698204,80.20507813,79311,79352,41
13.0698204,80.20507813,79352,79362,10
13.06958008,80.20493317,79362,79372,10
13.06929016,80.20487213,79372,79382,10
13.06902981,80.20517731,79382,79432,50
13.06902981,80.20517731,79432,79442,10
13.0689497,80.20526123,79442,79452,10
13.06869984,80.20542145,79452,79463,11
13.06801987,80.20543671,79463,79523,60
13.06801987,80.20543671,79523,79533,10
13.06803989,80.20514679,79533,79543,10
13.06816959,80.20504761,79543,79553,10
13.06857967,80.20484924,79553,79563,10
13.06890011,80.20475006,79563,79574,11
13.06892014,80.20474243,79574,79584,10
13.06923962,80.20474243,79584,79594,10
13.06945992,80.20478821,79594,79604,10
13.06952,80.20480347,79604,79614,10
13.06974983,80.20491791,79614,79644,30
13.06974983,80.20491791,79644,79654,10
13.06986046,80.20503998,79654,79665,11
13.06960964,80.20549774,79665,79674,9
13.06921959,80.20607758,79674,79685,11
13.06865978,80.20696259,79685,79695,10
13.06814003,80.20780945,79695,79705,10
13.06770992,80.20851135,79705,79715,10
13.0674696,80.20890045,79715,79725,10
13.06709003,80.20951843,79725,79735,10
13.06649017,80.21015167,79735,79745,10
13.06575966,80.21074677,79745,79755,10
13.06513023,80.21125793,79755,79765,10
13.06501007,80.21135712,79765,79775,10
13.06492043,80.21140289,79775,79786,11
13.06449032,80.21159363,79786,79796,10
13.06381989,80.21179199,79796,79806,10
13.0632,80.21183777,79806,79816,10
13.06260014,80.21186829,79816,79826,10
13.0620203,80.21182251,79826,79836,10
13.06118011,80.21177673,79836,79846,10
13.06027985,80.21174622,79846,79856,10
13.05935001,80.21170044,79856,79866,10
13.05848026,80.21166229,79866,79876,10
13.05770969,80.21167755,79876,79887,11
13.05760002,80.21169281,79887,79897,10
13.05727005,80.21167755,79897,79907,10
13.05667973,80.21166992,79907,79917,10
13.05591011,80.2116394,79917,79927,10
13.0550499,80.21164703,79927,79937,10
13.05424023,80.21166992,79937,79947,10
13.05338001,80.21188354,79947,79957,10
13.05247974,80.21212006,79957,79967,10
13.05158997,80.2122879,79967,79977,10
13.05080032,80.21224213,79977,79987,10
13.05000019,80.21219635,79987,80018,31
13.05000019,80.21219635,80018,80028,10
13.04986954,80.21221161,80028,80038,10
13.04965973,80.21219635,80038,80048,10
13.04948044,80.21218872,80048,80068,20
13.04948044,80.21218872,80068,80078,10
13.04930973,80.21212769,80078,80088,10
13.04899025,80.21217346,80088,80098,10
13.04891014,80.21221161,80098,80109,11
13.04835987,80.21224213,80109,80119,10
13.04761982,80.21230316,80119,80129,10
13.04671955,80.21234131,80129,80139,10
13.04576015,80.21237946,80139,80149,10
13.04483032,80.21244049,80149,80159,10
13.04389,80.21243286,80159,80169,10
13.04290009,80.21240997,80169,80179,10
13.0419302,80.21247864,80179,80189,10
13.04086971,80.21244812,80189,80199,10
13.03987026,80.21244049,80199,80210,11
13.03874969,80.2124176,80210,80220,10
13.03771019,80.21240234,80220,80260,40
13.03771019,80.21240234,80260,80270,10
13.03748035,80.21235657,80270,80280,10
13.03703022,80.21233368,80280,80290,10
13.03641987,80.21230316,80290,80300,10
13.03565979,80.21231842,80300,80311,11
13.03487968,80.21224976,80311,80321,10
13.0344696,80.2121582,80321,80331,10
13.03429985,80.21218109,80331,80341,10
13.03419018,80.21214294,80341,80351,10
13.03404999,80.21208954,80351,80361,10
13.03374958,80.21205902,80361,80371,10
13.03324986,80.21192169,80371,80381,10
13.03258991,80.21183014,80381,80391,10
13.03197956,80.21169281,80391,80401,10
13.03192997,80.2113266,80401,80411,10
13.03201962,80.21073914,80411,80422,11
13.0320797,80.20996094,80422,80432,10
13.03180027,80.20960999,80432,80442,10
13.0311203,80.20944977,80442,80452,10
13.03048038,80.20928955,80452,80462,10
13.02997971,80.20913696,80462,80472,10
13.02954006,80.20903015,80472,80482,10
13.02952003,80.20903015,80482,80492,10
13.02921963,80.20890808,80492,80502,10
13.02859974,80.20876312,80502,80512,10
13.02787018,80.20851898,80512,80523,11
13.02709961,80.20806885,80523,80533,10
13.02635956,80.20761871,80533,80543,10
13.02563,80.20720673,80543,80553,10
13.02478027,80.20702362,80553,80563,10
13.02423,80.2069397,80563,80573,10
13.02414036,80.20693207,80573,80583,10
13.02369022,80.20681763,80583,80593,10
13.02299976,80.20664978,80593,80603,10
13.02217007,80.20652008,80603,80613,10
13.02122974,80.20648956,80613,80624,11
13.02011013,80.20649719,80624,80634,10
13.01916027,80.20641327,80634,80644,10
13.01893997,80.20635986,80644,80654,10
13.01875019,80.20632935,80654,80664,10
13.01823044,80.20610809,80664,80674,10
13.01760006,80.20587921,80674,80684,10
13.01704979,80.20561981,80684,80694,10
13.01636028,80.20539856,80694,80704,10
13.01543045,80.2050705,80704,80714,10
13.01453018,80.20478821,80714,80724,10
13.01426983,80.20468903,80724,80735,11
13.01387024,80.20453644,80735,80745,10
13.01354027,80.20462036,80745,80755,10
13.01336002,80.2052002,80755,80765,10
13.0131197,80.20587921,80765,80775,10
13.01298046,80.20675659,80775,80785,10
13.01288986,80.20764923,80785,80795,10
13.01278973,80.20813751,80795,80805,10
13.01282024,80.20852661,80805,80815,10
13.01284027,80.20900726,80815,80825,10
13.01305008,80.20960236,80825,80836,11
13.01307011,80.21018982,80836,80846,10
13.01294994,80.21086884,80846,80856,10
13.01261044,80.21157074,80856,80866,10
13.01222038,80.21221161,80866,80876,10
13.01185989,80.21276855,80876,80886,10
13.01169014,80.21282196,80886,80896,10
13.01142979,80.21260834,80896,80906,10
13.01091003,80.21221161,80906,80916,10
13.01031017,80.21174622,80916,80926,10
13.00981998,80.21137238,80926,80937,11
13.00942039,80.21103668,80937,80987,50
13.00942039,80.21103668,80987,80997,10
13.00903988,80.21141052,80997,81007,10
13.00907993,80.21186829,81007,81017,10
13.00928974,80.21251678,81017,81027,10
13.00949955,80.21315765,81027,81037,10
13.0097599,80.21385193,81037,81048,11
13.01006031,80.21459961,81048,81058,10
13.01016045,80.21533203,81058,81068,10
13.01033974,80.21601105,81068,81078,10
13.01064014,80.21666718,81078,81088,10
13.01105976,80.21749878,81088,81098,10
13.01142025,80.21842957,81098,81108,10
13.01175976,80.21942139,81108,81118,10
13.0120697,80.22045898,81118,81128,10
13.01233006,80.22141266,81128,81138,10
13.01288033,80.22218323,81138,81148,10
13.01346016,80.22286987,81148,81159,11
13.01414013,80.22368622,81159,81169,10
13.01473999,80.22440338,81169,81179,10
13.01531982,80.22514343,81179,81189,10
13.01525974,80.22577667,81189,81199,10
13.01465988,80.22605896,81199,81209,10
13.01387978,80.22634125,81209,81219,10
13.01296043,80.22669983,81219,81229,10
13.01202011,80.22708893,81229,81239,10
13.01107979,80.2274704,81239,81248,9
13.0102396,80.22779083,81248,81260,12
13.00946045,80.22775269,81260,81270,10
13.00965023,80.22718811,81270,81280,10
13.0099802,80.22647858,81280,81290,10
13.01029968,80.2257309,81290,81300,10
13.01062012,80.22498322,81300,81310,10
13.01089001,80.22425842,81310,81320,10
13.0111599,80.22355652,81320,81330,10
13.01124001,80.2231369,81330,81340,10
13.01093006,80.22299194,81340,81350,10
13.01041985,80.22273254,81350,81360,10
13.00979042,80.22238922,81360,81370,10
13.00907993,80.22200012,81370,81381,11
13.00825024,80.22154999,81381,81391,10
13.00749016,80.22113037,81391,81401,10
13.00679016,80.22077942,81401,81411,10
13.00609016,80.22055054,81411,81421,10
13.00527,80.22038269,81421,81431,10
13.00454044,80.22020721,81431,81441,10
13.0037899,80.22003937,81441,81451,10
13.00304985,80.21984863,81451,81460,9
13.00238037,80.21946716,81460,81472,12
13.00172997,80.21878815,81472,81482,10
13.00105,80.21826172,81482,81492,10
13.00039959,80.21781921,81492,81502,10
12.99979019,80.21743011,81502,81512,10
12.99907017,80.21701813,81512,81522,10
12.99835014,80.21668243,81522,81532,10
12.99726009,80.21650696,81532,81552,20
12.99726009,80.21650696,81552,81562,10
12.99693966,80.21652985,81562,81572,10
12.99637032,80.21661377,81572,81583,11
12.99555969,80.21679688,81583,81593,10
12.9948597,80.21717072,81593,81613,20
12.9948597,80.21717072,81613,81623,10
12.99458981,80.21736145,81623,81633,10
12.99421978,80.21762085,81633,81643,10
12.99384975,80.21788025,81643,81653,10
12.99328041,80.21827698,81653,81663,10
12.99265957,80.21875,81663,81673,10
12.99192047,80.21929932,81673,81684,11
12.99123955,80.21961975,81684,81694,10
12.99100018,80.21951294,81694,81704,10
12.99083996,80.21942139,81704,81714,10
12.99032021,80.21923065,81714,81724,10
12.98962975,80.21897125,81724,81734,10
12.98886013,80.21868134,81734,81744,10
12.98803997,80.21842957,81744,81754,10
12.98733044,80.21833038,81754,81764,10
12.98659992,80.21817017,81764,81774,10
12.9857502,80.21797943,81774,81784,10
12.9848299,80.21793365,81784,81795,11
12.98404026,80.2179718,81795,81805,10
12.98394966,80.2179718,81805,81815,10
12.98371983,80.21797943,81815,81825,10
12.98311996,80.21797943,81825,81835,10
12.98233986,80.21800232,81835,81845,10
12.98149967,80.2180481,81845,81855,10
12.98069,80.21829224,81855,81865,10
12.98007011,80.21851349,81865,81875,10
12.97982025,80.21861267,81875,81885,10
12.97935963,80.21880341,81885,81895,10
12.97883034,80.21901703,81895,81906,11
12.97840023,80.21917725,81906,81916,10
12.97774029,80.2194519,81916,81926,10
12.97698021,80.21974945,81926,81936,10
12.97626019,80.22007751,81936,81946,10
12.97581959,80.22025299,81946,81956,10
12.97568035,80.22029877,81956,81966,10
12.97548008,80.22051239,81966,81976,10
12.9755497,80.22077179,81976,81986,10
12.97577953,80.22093964,81986,82279,293
12.97599983,80.22104645,82279,83228,949
12.97591972,80.22096252,83228,83410,182
12.97591972,80.22096252,83410,83420,10
12.97607994,80.22118378,83420,83430,10
12.97622967,80.22120667,83430,83440,10
12.97647953,80.22122192,83440,83450,10
12.97675991,80.22122955,83450,83460,10
12.9771204,80.22122955,83460,83470,10
12.97752953,80.22119904,83470,83480,10
12.97799015,80.22120667,83480,83490,10
12.97856998,80.22122192,83490,83500,10
12.97910976,80.22116089,83500,83511,11
12.97970009,80.22109985,83511,83521,10
12.9802599,80.22106171,83521,83531,10
12.98075962,80.22103119,83531,83541,10
12.98120022,80.221138,83541,83551,10
12.98159981,80.22142029,83551,83561,10
12.98198032,80.22164154,83561,83571,10
12.98246002,80.22180939,83571,83581,10
12.98291969,80.22196198,83581,83591,10
12.98328018,80.22219849,83591,83601,10
12.98353004,80.2223587,83601,83612,11
12.98390961,80.22257996,83612,83622,10
12.98437977,80.22284698,83622,83632,10
12.98486996,80.22312927,83632,83642,10
12.98530006,80.2232666,83642,83652,10
12.98563004,80.22303772,83652,83662,10
12.98612976,80.22296906,83662,83672,10
12.98666,80.22296906,83672,83682,10
12.98711014,80.22305298,83682,83692,10
12.98762989,80.22303772,83692,83702,10
12.98814011,80.22274017,83702,83712,10
12.98867989,80.22225189,83712,83723,11
12.98919964,80.22161865,83723,83733,10
12.98968029,80.22109985,83733,83743,10
12.9902401,80.22054291,83743,83753,10
12.99083042,80.220047,83753,83763,10
12.99139977,80.21959686,83763,83773,10
12.99197006,80.21916199,83773,83783,10
12.99254036,80.21877289,83783,83793,10
12.99310017,80.21835327,83793,83803,10
12.99372959,80.21785736,83803,83813,10
12.99429989,80.21743011,83813,83824,11
12.99489021,80.21701813,83824,83834,10
12.99549961,80.21672058,83834,83844,10
12.99612045,80.21653748,83844,83854,10
12.9969101,80.21647644,83854,83864,10
12.99732971,80.21621704,83864,83874,10
12.9978199,80.21581268,83874,83884,10
12.99833965,80.21536255,83884,83894,10
12.99884987,80.21492004,83894,83904,10
12.99915028,80.21469116,83904,83914,10
12.9995203,80.21437073,83914,83924,10
12.99993038,80.21401215,83924,83935,11
13.00041962,80.21354675,83935,83945,10
13.00090981,80.21312714,83945,83955,10
13.00139999,80.21279144,83955,83965,10
13.00195026,80.21244049,83965,83975,10
13.00247955,80.2121582,83975,83985,10
13.00302982,80.21206665,83985,83995,10
13.00352001,80.21202087,83995,84005,10
13.00362015,80.21183014,84005,84015,10
13.00362968,80.21130371,84015,84025,10
13.00358009,80.21066284,84025,84036,11
13.00349045,80.20993042,84036,84046,10
13.00352955,80.20928192,84046,84056,10
13.00372028,80.20868683,84056,84066,10
13.00430012,80.20877075,84066,84076,10
13.00500965,80.20909119,84076,84086,10
13.00580978,80.20941925,84086,84096,10
13.00687027,80.20970917,84096,84116,20
13.00687027,80.20970917,84116,84126,10
13.00710011,80.20974731,84126,84136,10
13.00737953,80.20980835,84136,84147,11
13.00765038,80.2098465,84147,84157,10
13.00788975,80.20989227,84157,84167,10
13.00811958,80.20986176,84167,84177,10
13.00806046,80.20955658,84177,84187,10
13.00796032,80.20918274,84187,84197,10
13.00786018,80.20870209,84197,84207,10
13.00782013,80.20828247,84207,84217,10
13.00771999,80.20776367,84217,84227,10
13.0076704,80.2073288,84227,84237,10
13.00763988,80.20693207,84237,84248,11
13.00747967,80.20639038,84248,84258,10
13.00743008,80.2059021,84258,84268,10
13.0072403,80.20539856,84268,84278,10
13.00704002,80.2049408,84278,84288,10
13.00689983,80.20456696,84288,84298,10
13.00673962,80.20419312,84298,84308,10
13.00646973,80.20378876,84308,84318,10
13.00621033,80.20340729,84318,84328,10
13.00597954,80.20307922,84328,84338,10
13.00576973,80.20272827,84338,84348,10
13.00564003,80.20243835,84348,84359,11
13.00541019,80.20201111,84359,84369,10
13.0050602,80.20163727,84369,84379,10
13.00479984,80.20139313,84379,84389,10
13.0046196,80.20127869,84389,84399,10
13.00424957,80.20115662,84399,84409,10
13.00382042,80.20104218,84409,84419,10
13.00337982,80.20089722,84419,84429,10
13.00294018,80.20076752,84429,84439,10
13.00244999,80.2006073,84439,84449,10
13.00210953,80.20037079,84449,84460,11
13.00181007,80.20001221,84460,84470,10
13.00164032,80.19959259,84470,84480,10
13.00162983,80.19908905,84480,84490,10
13.00172043,80.19862366,84490,84500,10
13.00181007,80.19812775,84500,84509,9
13.00185966,80.19770813,84509,84520,11
13.00185966,80.19718933,84520,84530,10
13.00175953,80.19670105,84530,84540,10
13.00148964,80.19628906,84540,84550,10
13.00113964,80.19587708,84550,84560,10
13.00074959,80.19541168,84560,84571,11
13.00028992,80.19483948,84571,84581,10
12.99989986,80.19431305,84581,84591,10
12.99944019,80.19374847,84591,84601,10
12.9990797,80.19326019,84601,84611,10
12.99870968,80.19275665,84611,84621,10
12.99835014,80.19230652,84621,84631,10
12.9980402,80.19242096,84631,84641,10
12.99773026,80.19268036,84641,84651,10
12.99736977,80.19297028,84651,84661,10
12.99705029,80.19322205,84661,84672,11
12.9968996,80.19335175,84672,84682,10
12.99670029,80.19342804,84682,84692,10
12.99666023,80.19322205,84692,84702,10
12.99668026,80.19299316,84702,84712,10
12.99662018,80.19274902,84712,84722,10
12.99656963,80.19251251,84722,84732,10
12.99650955,80.19226837,84732,84742,10
12.99645042,80.19204712,84742,84752,10
12.99635029,80.19171906,84752,84914,162
12.99635029,80.19171906,84914,84924,10
12.99641037,80.19135284,84924,84934,10
12.99670029,80.19106293,84934,85417,483
