13.01276016,80.22673798,15,1627,1612
13.01305008,80.22679901,1627,2586,959
13.01284981,80.22685242,2586,2828,242
13.01299953,80.22679901,2828,3644,816
13.01299953,80.22679901,3644,3654,10
13.0127697,80.22691345,3654,3755,101
13.01294041,80.22678375,3755,7387,3632
13.01290989,80.22673798,7387,7447,60
13.01299953,80.22678375,7447,7951,504
13.01284027,80.22679901,7951,8606,655
13.01284981,80.2268219,8606,9042,436
13.0128603,80.22669983,9042,9243,201
13.01296997,80.22678375,9243,9566,323
13.01296997,80.22678375,9566,9576,10
13.01299,80.22667694,9576,10594,1018
13.01298046,80.22689819,10594,14586,3992
13.01294994,80.22653961,14586,14677,91
13.01311016,80.22676849,14677,15604,927
13.01292992,80.22676086,15604,17530,1926
13.01301003,80.22691345,17530,18175,645
13.01301003,80.22691345,18175,18185,10
13.01301956,80.22686768,18185,18397,212
13.01292038,80.22689819,18397,19092,695
13.01299,80.22682953,19092,19223,131
13.01294994,80.22683716,19223,19606,383
13.01305962,80.22678375,19606,21916,2310
13.01307964,80.22686005,21916,22309,393
13.01307964,80.22686005,22309,22320,11
13.01282978,80.22683716,22320,22330,10
13.01233959,80.22702026,22330,22340,10
13.01181984,80.22724152,22340,22350,10
13.01109982,80.2275238,22350,22360,10
13.0103302,80.22779846,22360,22370,10
13.0097599,80.22792816,22370,22380,10
13.00959969,80.22741699,22380,22390,10
13.00992966,80.22669983,22390,22400,10
13.01031971,80.22582245,22400,22410,10
13.01072025,80.22492218,22410,22420,10
13.01113033,80.22389984,22420,22430,10
13.01132011,80.22338104,22430,22440,10
13.0113802,80.22319031,22440,22451,11
13.01159954,80.22261047,22451,22461,10
13.01189995,80.2218399,22461,22471,10
13.01210022,80.22107697,22471,22481,10
13.01183987,80.22022247,22481,22491,10
13.01154041,80.2191925,22491,22501,10
13.01119995,80.21822357,22501,22511,10
13.01086044,80.2173233,22511,22521,10
13.0104599,80.21640015,22521,22531,10
13.01004982,80.21565247,22531,22541,10
13.00949955,80.21473694,22541,22551,10
13.00887012,80.21391296,22551,22561,10
13.0082798,80.21336365,22561,22572,11
13.00809002,80.21327972,22572,22582,10
13.00800991,80.21324921,22582,22591,9
13.00798988,80.21324158,22591,22602,11
13.00780964,80.21305847,22602,22612,10
13.00720978,80.2128067,22612,22622,10
13.00646019,80.21276855,22622,22632,10
13.00570965,80.21295166,22632,22642,10
13.00492954,80.21248627,22642,22652,10
13.00389004,80.21208191,22652,22662,10
13.00316048,80.21209717,22662,22672,10
13.00236034,80.21221924,22672,22682,10
13.00187969,80.21250153,22682,22692,10
13.00139046,80.21283722,22692,22703,11
13.00074959,80.21337891,22703,22713,10
12.99997997,80.2141037,22713,22723,10
12.99956036,80.21443939,22723,22733,10
12.99917984,80.21475983,22733,22743,10
12.99886036,80.2150116,22743,22753,10
12.99839973,80.21542358,22753,22763,10
12.9975996,80.21607208,22763,22773,10
12.99750042,80.21617889,22773,22783,10
12.99711037,80.21645355,22783,22793,10
12.99641037,80.21656799,22793,22803,10
12.99555969,80.21681976,22803,22813,10
12.9948101,80.21727753,22813,22824,11
12.99407959,80.21781921,22824,22834,10
12.99328041,80.21833038,22834,22844,10
12.99246979,80.21894073,22844,22854,10
12.99166965,80.21954346,22854,22864,10
12.99085999,80.22013092,22864,22874,10
12.99005985,80.22077179,22874,22884,10
12.98937988,80.2216568,22884,22894,10
12.98863983,80.22251892,22894,22904,10
12.98777962,80.22302246,22904,22914,10
12.98690033,80.22296906,22914,22932,18
12.98561001,80.22316742,22932,22944,12
12.98491001,80.22312927,22944,22954,10
12.98410988,80.22267914,22954,22964,10
12.98348999,80.22232056,22964,22974,10
12.98326015,80.22218323,22974,22985,11
12.98307991,80.22206116,22985,22995,10
12.98285961,80.22196198,22995,23005,10
12.98262024,80.22189331,23005,23015,10
12.9823103,80.22180176,23015,23025,10
12.98186016,80.22149658,23025,23035,10
12.98114967,80.22110748,23035,23045,10
12.98021984,80.22109222,23045,23055,10
12.97912979,80.22115326,23055,23065,10
12.97809982,80.22119904,23065,23076,11
12.97752953,80.22122955,23076,23086,10
12.97686005,80.22126007,23086,23096,10
12.97607994,80.22129059,23096,23106,10
12.97566032,80.22109222,23106,23215,109
12.97566032,80.22109222,23215,23225,10
12.97548008,80.22084808,23225,23234,9
12.97502041,80.22058105,23234,23246,12
12.9742403,80.22026062,23246,23256,10
12.97344971,80.21996307,23256,23267,11
12.97247028,80.21958923,23267,23277,10
12.9703598,80.21875,23277,23287,10
12.9703598,80.21875,23287,23297,10
12.96936035,80.2183609,23297,23307,10
12.96842003,80.21797943,23307,23317,10
12.96751976,80.21762848,23317,23327,10
12.96644974,80.21720123,23327,23338,11
12.96510029,80.21666718,23338,23349,11
12.96395969,80.21617889,23349,23360,11
12.96321964,80.21588135,23360,23370,10
12.96247005,80.2155838,23370,23380,10
12.9615097,80.21520233,23380,23390,10
12.96055984,80.21484375,23390,23400,10
12.95938015,80.2143631,23400,23409,9
12.95853996,80.21398926,23409,23420,11
12.9572401,80.21347809,23420,23429,9
12.95627022,80.21308136,23429,23439,10
12.95520973,80.21269226,23439,23450,11
12.9540596,80.21222687,23450,23460,10
12.95298958,80.21179962,23460,23471,11
12.95180988,80.2113266,23471,23481,10
12.95073032,80.21089172,23481,23491,10
12.94970989,80.21048737,23491,23501,10
12.94876003,80.21012115,23501,23511,10
12.94775963,80.20973206,23511,23521,10
12.94657993,80.20925903,23521,23531,10
12.94534969,80.20877838,23531,23541,10
12.94441986,80.20842743,23541,23551,10
12.94384956,80.20819855,23551,23561,10
12.94318008,80.20787811,23561,23571,10
12.94260979,80.20720673,23571,23581,10
12.94188023,80.2065506,23581,23592,11
12.94118023,80.20606232,23592,23602,10
12.94042015,80.20575714,23602,23612,10
12.93972015,80.20555878,23612,23622,10
12.93906975,80.20536041,23622,23632,10
12.93838024,80.20514679,23632,23642,10
12.93756008,80.20493317,23642,23652,10
12.93673992,80.20468903,23652,23662,10
12.93601036,80.20449066,23662,23672,10
12.93527985,80.20419312,23672,23682,10
12.93443966,80.20397949,23682,23692,10
12.93377018,80.20394135,23692,23702,10
12.93352032,80.20391083,23702,23713,11
12.93303967,80.20375824,23713,23723,10
12.93251991,80.20355988,23723,23733,10
12.93181038,80.20330048,23733,23743,10
12.93095016,80.20301819,23743,23753,10
12.93006992,80.20284271,23753,23763,10
12.92965984,80.20278931,23763,23773,10
12.92943954,80.20275879,23773,23783,10
12.92885971,80.2026825,23783,23793,10
12.92848015,80.20211029,23793,23803,10
12.92844009,80.20108032,23803,23813,10
12.92835999,80.19998169,23813,23823,10
12.92800045,80.19898987,23823,23832,9
12.92755032,80.19824219,23832,23844,12
12.92658043,80.19763947,23844,23853,9
12.92609024,80.19754028,23853,23864,11
12.92551994,80.19750977,23864,23874,10
12.92523003,80.19750214,23874,23884,10
12.92461014,80.19750214,23884,23894,10
12.92376995,80.19748688,23894,23904,10
12.92278004,80.19737244,23904,23914,10
12.92193031,80.19724274,23914,23924,10
12.92111969,80.19695282,23924,23934,10
12.92029953,80.19664764,23934,23944,10
12.91950035,80.19635773,23944,23954,10
12.91895008,80.19595337,23954,23964,10
12.91845036,80.19550323,23964,23975,11
12.91775036,80.19487762,23975,23985,10
12.91713047,80.19418335,23985,23995,10
12.91699982,80.19335175,23995,24005,10
12.91709995,80.19245911,24005,24015,10
12.9171896,80.19199371,24015,24025,10
12.91724014,80.19155121,24025,24035,10
12.9172802,80.19142151,24035,24045,10
12.91734028,80.19100189,24045,24055,10
12.91736031,80.19039154,24055,24065,10
12.91749001,80.18978119,24065,24075,10
12.91779995,80.1889801,24075,24085,10
12.91849041,80.18814087,24085,24096,11
12.91936016,80.18717957,24096,24106,10
12.9201498,80.18630219,24106,24116,10
12.92055988,80.18531036,24116,24126,10
12.92031002,80.18421173,24126,24136,10
12.92008018,80.18319702,24136,24146,10
12.91987038,80.18225098,24146,24156,10
12.91963005,80.18123627,24156,24166,10
12.91942024,80.18016815,24166,24176,10
12.91901016,80.17912292,24176,24186,10
12.91837025,80.17823029,24186,24196,10
12.91825962,80.17711639,24196,24206,10
12.91847992,80.17598724,24206,24216,10
12.91876984,80.17488098,24216,24227,11
12.91905975,80.17369843,24227,24237,10
12.91932011,80.17272186,24237,24247,10
12.91956043,80.17178345,24247,24257,10
12.91979027,80.17105103,24257,24267,10
12.91987991,80.17073059,24267,24277,10
12.92010021,80.1700592,24277,24287,10
12.92037964,80.16912842,24287,24297,10
12.9207201,80.16803741,24297,24307,10
12.92105961,80.16693878,24307,24317,10
12.92142963,80.16583252,24317,24327,10
12.92179012,80.16471863,24327,24337,10
12.92212963,80.16362762,24337,24348,11
12.92249966,80.16240692,24348,24358,10
12.92286015,80.16130066,24358,24368,10
12.92321014,80.16017151,24368,24378,10
12.92339039,80.15898895,24378,24388,10
12.9235096,80.15779114,24388,24398,10
12.92360973,80.15660095,24398,24408,10
12.92354012,80.15547943,24408,24418,10
12.92339039,80.15493774,24418,24428,10
12.92335033,80.15470886,24428,24438,10
12.92321968,80.15415955,24438,24448,10
12.92302036,80.15338135,24448,24458,10
12.92271996,80.15216827,24458,24479,21
12.92271996,80.15216827,24479,24489,10
12.92269039,80.15196228,24489,24499,10
12.9226799,80.15139771,24499,24509,10
12.92265987,80.15054321,24509,24519,10
12.92261982,80.14945984,24519,24529,10
12.92257023,80.14833832,24529,24539,10
12.92253971,80.14733887,24539,24549,10
12.92251968,80.14631653,24549,24559,10
12.92251015,80.14521027,24559,24569,10
12.92249012,80.14405823,24569,24579,10
12.92245007,80.14295197,24579,24589,10
12.92241955,80.14217377,24589,24599,10
12.92240047,80.14157867,24599,24610,11
12.92238998,80.14124298,24610,24626,16
12.92238045,80.14015198,24626,24638,12
12.92236996,80.1390686,24638,24648,10
12.92241955,80.13831329,24648,24658,10
12.9224596,80.13728333,24658,24668,10
12.92251968,80.1362381,24668,24678,10
12.92255974,80.13526917,24678,24688,10
12.92259979,80.13406372,24688,24698,10
12.92265034,80.13305664,24698,24708,10
12.92269039,80.13223267,24708,24718,10
12.92271996,80.13124084,24718,24728,10
12.92271996,80.13092804,24728,24739,11
12.92273045,80.13063812,24739,24749,10
12.92278004,80.12988281,24749,24759,10
12.92284966,80.12892914,24759,24769,10
12.92288017,80.12792206,24769,24779,10
12.92292023,80.12724304,24779,24789,10
12.92294025,80.12648773,24789,24799,10
12.92298031,80.12557983,24799,24809,10
12.92302036,80.12451935,24809,24819,10
12.92306042,80.12341309,24819,24829,10
12.92311001,80.12225342,24829,24839,10
12.9231596,80.12117004,24839,24849,10
12.92317963,80.12068939,24849,24860,11
12.92321014,80.12059021,24860,24870,10
12.92325974,80.12010193,24870,24880,10
12.92327976,80.11936188,24880,24890,10
12.92331028,80.11856079,24890,24900,10
12.92341995,80.11769867,24900,24910,10
12.92346001,80.11710358,24910,24920,10
12.92346001,80.11701202,24920,24930,10
12.92346001,80.11685944,24930,24940,10
12.9236002,80.11698151,24940,24950,10
12.92356014,80.11750793,24950,24960,10
12.92358017,80.11807251,24960,24970,10
12.92352962,80.11882782,24970,24980,10
12.92343044,80.11962891,24980,24991,11
12.92339039,80.12010956,24991,25001,10
12.92333031,80.12046051,25001,25011,10
12.92333031,80.12106323,25011,25041,30
12.92335033,80.12124634,25041,25827,786
12.92335033,80.12124634,25827,25837,10
12.92339039,80.12143707,25837,25847,10
12.92335033,80.12155914,25847,25857,10
12.92327976,80.12193298,25857,25867,10
12.92323971,80.12259674,25867,25877,10
12.92319965,80.1234436,25877,25888,11
12.92313957,80.12451935,25888,25898,10
12.92308998,80.1254425,25898,25908,10
12.92304993,80.12628937,25908,25918,10
12.92300034,80.12719727,25918,25928,10
12.92296982,80.12796021,25928,25938,10
12.92292023,80.12856293,25938,25948,10
12.92288017,80.12924957,25948,25958,10
12.92284012,80.12998962,25958,25968,10
12.9228096,80.13079071,25968,25978,10
12.92282009,80.13110352,25978,25988,10
12.92280006,80.13139343,25988,25998,10
12.92276955,80.13197327,25998,26008,10
12.92275047,80.1328125,26008,26019,11
12.92269993,80.13394165,26019,26029,10
12.92265034,80.13497925,26029,26039,10
12.92261028,80.13603973,26039,26049,10
12.92255974,80.13706207,26049,26059,10
12.92249966,80.13804626,26059,26069,10
12.92243958,80.13903809,26069,26079,10
12.92243958,80.14012146,26079,26089,10
12.92245007,80.14099884,26089,26099,10
12.92247963,80.14235687,26099,26109,10
12.9225502,80.14308167,26109,26119,10
12.92257023,80.14350891,26119,26129,10
12.92257023,80.14356232,26129,26139,10
12.92255974,80.14360809,26139,26150,11
12.92255974,80.14372253,26150,26160,10
12.92257023,80.14376831,26160,26170,10
12.92257977,80.14420319,26170,26180,10
12.92261982,80.14498901,26180,26190,10
12.9226799,80.14588165,26190,26200,10
12.92269039,80.1468277,26200,26210,10
12.92269993,80.14736176,26210,26220,10
12.92269993,80.14752197,26220,26229,9
12.9226799,80.14801788,26229,26240,11
12.92265987,80.14888,26240,26250,10
12.92271042,80.14990234,26250,26260,10
12.92275047,80.15100861,26260,26271,11
12.92278957,80.15200806,26271,26281,10
12.92298985,80.15293884,26281,26291,10
12.92327976,80.15402222,26291,26301,10
12.92346001,80.1546402,26301,26311,10
12.92348957,80.15473938,26311,26321,10
12.92358971,80.15519714,26321,26331,10
12.92376041,80.15598297,26331,26341,10
12.92368984,80.15702057,26341,26351,10
12.92358017,80.15815735,26351,26361,10
12.92348957,80.15930939,26361,26371,10
12.92337036,80.16031647,26371,26381,10
12.92333984,80.1604538,26381,26391,10
12.92321014,80.16075897,26391,26402,11
12.92296982,80.16146851,26402,26412,10
12.92269039,80.16235352,26412,26422,10
12.92236042,80.16335297,26422,26432,10
12.92203999,80.16436005,26432,26442,10
12.92168045,80.16548157,26442,26452,10
12.92131042,80.16661072,26452,26462,10
12.92096996,80.16771698,26462,26472,10
12.92064953,80.16879272,26472,26482,10
12.92029953,80.16989899,26482,26492,10
12.92000008,80.17086792,26492,26502,10
12.91993999,80.17105865,26502,26512,10
12.91993046,80.1710968,26512,26529,17
12.91979027,80.17140961,26529,26541,12
12.91965961,80.17202759,26541,26551,10
12.91948986,80.17263031,26551,26561,10
12.91919041,80.1736908,26561,26571,10
12.91893959,80.17469788,26571,26581,10
12.91868973,80.17578125,26581,26591,10
12.91841984,80.1769104,26591,26601,10
12.91833973,80.17796326,26601,26611,10
12.91895962,80.17891693,26611,26621,10
12.91950035,80.18009186,26621,26631,10
12.91975021,80.18128204,26631,26641,10
12.92000961,80.18244171,26641,26651,10
12.92026043,80.18348694,26651,26662,11
12.92051029,80.18456268,26662,26672,10
12.9207201,80.18530273,26672,26682,10
12.92074013,80.18538666,26682,26692,10
12.92074013,80.18567657,26692,26702,10
12.92041969,80.186203,26702,26712,10
12.91987038,80.18679047,26712,26722,10
12.91924953,80.18747711,26722,26732,10
12.91856003,80.1882782,26732,26742,10
12.91786003,80.18911743,26742,26752,10
12.91751957,80.19019318,26752,26762,10
12.91738987,80.19120026,26762,26772,10
12.91724968,80.19229126,26772,26783,11
12.91716003,80.19312286,26783,26803,20
12.91716003,80.19312286,26803,26813,10
12.91713047,80.19335175,26813,26823,10
12.91716957,80.19386292,26823,26833,10
12.91749954,80.19451141,26833,26843,10
12.91814041,80.19512939,26843,26853,10
12.91895008,80.19586182,26853,26863,10
12.91985989,80.19644165,26863,26873,10
12.92076015,80.19676208,26873,26883,10
12.92140961,80.1969986,26883,26893,10
12.92224979,80.197258,26893,26903,10
12.92327976,80.19741821,26903,26914,11
12.92436981,80.19748688,26914,26924,10
12.92518997,80.19747925,26924,26934,10
12.92547035,80.19747925,26934,26944,10
12.92603016,80.19748688,26944,26954,10
12.92679024,80.19769287,26954,26964,10
12.9276104,80.19818878,26964,26974,10
12.92815018,80.19908142,26974,26984,10
12.92850018,80.20008087,26984,26994,10
12.92856979,80.20094299,26994,27004,10
12.92858028,80.20166779,27004,27014,10
12.92866039,80.20252228,27014,27024,10
12.9293499,80.20272064,27024,27034,10
12.92943954,80.20274353,27034,27045,11
12.92973995,80.20278931,27045,27055,10
12.93031979,80.20285797,27055,27065,10
12.93109035,80.20304108,27065,27075,10
12.93200016,80.20333862,27075,27085,10
12.93292046,80.20362854,27085,27095,10
12.93398952,80.2039032,27095,27115,20
12.93398952,80.2039032,27115,27125,10
12.93420982,80.20393372,27125,27135,10
12.93463039,80.2039566,27135,27145,10
12.93529034,80.2041626,27145,27155,10
12.9361496,80.20449066,27155,27165,10
12.93715,80.20478058,27165,27176,11
12.93834019,80.20510864,27176,27186,10
12.93941021,80.20543671,27186,27196,10
12.94007015,80.20561981,27196,27206,10
12.94019985,80.20565796,27206,27216,10
12.94069958,80.20581818,27216,27226,10
12.94139957,80.20613098,27226,27236,10
12.94219971,80.20667267,27236,27246,10
12.94287968,80.20735168,27246,27256,10
12.94357014,80.20803833,27256,27266,10
12.94429016,80.20832062,27266,27276,10
12.94439983,80.20835876,27276,27286,10
12.94476986,80.20850372,27286,27297,11
12.94544029,80.20877838,27297,27307,10
12.94618034,80.20908356,27307,27317,10
12.94686031,80.20934296,27317,27327,10
12.94746971,80.20957947,27327,27337,10
12.94810009,80.20980835,27337,27347,10
12.94871998,80.21006012,27347,27357,10
12.94952965,80.21038055,27357,27367,10
12.95051003,80.21076965,27367,27377,10
12.95154953,80.21118164,27377,27387,10
12.95250034,80.21154022,27387,27397,10
12.95341969,80.21192169,27397,27407,10
12.95440006,80.21231079,27407,27417,10
12.95524025,80.21264648,27417,27428,11
12.95611954,80.21298218,27428,27438,10
12.95689964,80.21324921,27438,27448,10
12.95775986,80.21360779,27448,27458,10
12.95874023,80.21401978,27458,27468,10
12.95977974,80.21443939,27468,27478,10
12.96080971,80.21486664,27478,27488,10
12.96181965,80.21526337,27488,27498,10
12.96282005,80.2156601,27498,27508,10
12.96370029,80.21601105,27508,27518,10
12.96450996,80.21637726,27518,27528,10
12.96541977,80.21672821,27528,27538,10
12.96623993,80.21704865,27538,27548,10
12.96691036,80.2173233,27548,27559,11
12.96761036,80.21759796,27559,27569,10
12.96825027,80.21785736,27569,27579,10
12.9691,80.2181778,27579,27589,10
12.97008991,80.21856689,27589,27599,10
12.97107029,80.21891022,27599,27609,10
12.97130013,80.21898651,27609,27619,10
12.97144032,80.21903992,27619,27629,10
12.97185993,80.21923828,27629,27639,10
12.9725399,80.21949768,27639,27649,10
12.9733696,80.21981812,27649,27659,10
12.97416973,80.22015381,27659,27669,10
12.97492981,80.22051239,27669,27680,11
12.97546005,80.22071075,27680,27690,10
12.97554016,80.2207489,27690,27700,10
12.97566986,80.2208786,27700,27710,10
12.97612953,80.22120667,27710,27730,20
12.97612953,80.22120667,27730,27740,10
12.97624016,80.22122955,27740,27750,10
12.97663021,80.2212677,27750,27760,10
12.97729969,80.22126007,27760,27770,10
12.9780798,80.22119904,27770,27780,10
12.97906017,80.22115326,27780,27790,10
12.98007011,80.22107697,27790,27800,10
12.98106003,80.22103882,27800,27811,11
12.98176003,80.2213974,27811,27821,10
12.98241997,80.22174072,27821,27831,10
12.98287964,80.22189331,27831,27841,10
12.98295975,80.22193909,27841,27851,10
12.98311996,80.22206879,27851,27861,10
12.98340034,80.22229767,27861,27871,10
12.98404026,80.22264099,27871,27881,10
12.98474026,80.22306824,27881,27891,10
12.98515987,80.22322845,27891,27901,10
12.98544979,80.22324371,27901,27911,10
12.98585987,80.22296906,27911,27921,10
12.98643017,80.22296143,27921,27931,10
12.98655987,80.22296906,27931,27942,11
12.98700047,80.22303772,27942,27952,10
12.98746014,80.22309113,27952,27962,10
12.98812008,80.22284698,27962,27978,16
12.98888969,80.2220993,27978,27990,12
12.98946953,80.22142029,27990,28000,10
12.98993015,80.22084045,28000,28010,10
12.99040031,80.22042847,28010,28020,10
12.99055004,80.22032166,28020,28030,10
12.99094009,80.22003174,28030,28040,10
12.99151993,80.21956635,28040,28049,9
12.99217033,80.21909332,28049,28059,10
12.99297047,80.21849823,28059,28071,12
12.99394989,80.2177887,28071,28080,9
12.99454975,80.21734619,28080,28091,11
12.99499035,80.21704102,28091,28101,10
12.99545956,80.21675873,28101,28111,10
12.99619961,80.21656799,28111,28121,10
12.99703979,80.21646118,28121,28131,10
12.99750996,80.21614075,28131,28141,10
12.99755955,80.21611023,28141,28151,10
12.99767971,80.21602631,28151,28161,10
12.99802971,80.2157135,28161,28171,10
12.99853039,80.21526337,28171,28181,10
12.99909019,80.21479034,28181,28191,10
12.99934959,80.2145462,28191,28202,11
12.99983978,80.21411896,28202,28212,10
13.00035,80.21366882,28212,28222,10
13.00088978,80.21320343,28222,28232,10
13.00142956,80.21276855,28232,28242,10
13.00199986,80.21235657,28242,28252,10
13.00277996,80.21208191,28252,28262,10
13.00327969,80.21206665,28262,28271,9
13.0039196,80.21202087,28271,28281,10
13.0046196,80.21230316,28281,28291,10
13.00527954,80.212677,28291,28302,11
13.0060997,80.21282196,28302,28312,10
13.00693989,80.21272278,28312,28323,11
13.00788021,80.21305847,28323,28343,20
13.00788021,80.21305847,28343,28353,10
13.00809956,80.21320343,28353,28363,10
13.00862026,80.21347809,28363,28373,10
13.00909996,80.21412659,28373,28383,10
13.00955009,80.2147522,28383,28393,10
13.00965977,80.21494293,28393,28402,9
13.00990963,80.21520233,28402,28413,11
13.01033974,80.2157135,28413,28423,10
13.01070976,80.21639252,28423,28433,10
13.01095963,80.21710205,28433,28443,10
13.01126957,80.21785736,28443,28454,11
13.01169968,80.21897888,28454,28464,10
13.01208019,80.2201004,28464,28474,10
13.01247025,80.22119904,28474,28484,10
13.01278973,80.22187042,28484,28494,10
13.01350975,80.22261047,28494,28504,10
13.01414013,80.22341919,28504,28514,10
13.01453972,80.22396088,28514,28524,10
13.01498032,80.22441101,28524,28534,10
13.01558018,80.22499847,28534,28554,20
13.01558018,80.22499847,28554,28564,10
13.01570034,80.22515869,28564,28574,10
13.01616001,80.22537231,28574,28585,11
13.01700974,80.22512817,28585,28595,10
13.01788998,80.22476959,28595,28605,10
13.01877975,80.22441101,28605,28615,10
13.01966,80.22451782,28615,28624,9
13.02025032,80.22492218,28624,28634,10
13.02089977,80.22535706,28634,28645,11
13.02153969,80.2258606,28645,28655,10
13.02188969,80.22609711,28655,28665,10
13.02190971,80.22611237,28665,28675,10
13.02198029,80.2261734,28675,28685,10
13.02231979,80.22644806,28685,28695,10
13.0228796,80.2269516,28695,28706,11
13.02365017,80.22766113,28706,28716,10
13.02435017,80.22840881,28716,28726,10
13.02488041,80.22917938,28726,28736,10
13.02538967,80.22982788,28736,28746,10
13.02581978,80.23047638,28746,28756,10
13.02595997,80.23084259,28756,28776,20
13.02595997,80.23084259,28776,28786,10
13.02598,80.23097992,28786,28795,9
13.02602005,80.23123932,28795,28806,11
13.02645969,80.23127747,28806,28816,10
13.0272398,80.23107147,28816,28826,10
13.02801037,80.23091125,28826,28837,11
13.0289402,80.23081207,28837,28847,10
13.02921963,80.23081207,28847,28857,10
13.02952003,80.23078156,28857,28867,10
13.02997971,80.23075104,28867,28877,10
13.03055954,80.23069763,28877,28887,10
13.03125,80.23065186,28887,28897,10
13.03176022,80.23065186,28897,28907,10
13.0323,80.23059845,28907,28917,10
13.03299046,80.23053741,28917,28927,10
13.03361034,80.23047638,28927,28937,10
13.0340004,80.23046875,28937,28947,10
13.03491974,80.23020172,28947,28978,31
13.03491974,80.23020172,28978,28988,10
13.03495979,80.23013306,28988,28998,10
13.03479004,80.22994995,28998,29502,504
13.03454018,80.22994232,29502,29834,332
13.03454018,80.22994232,29834,29844,10
13.03450012,80.2299881,29844,30006,162
13.03450012,80.2300415,30006,30248,242
13.03439045,80.22982788,30248,30520,272
13.03421021,80.2298584,30520,30643,123
13.03415966,80.22988892,30643,30844,201
13.03419971,80.23029327,30844,30884,40
13.03419971,80.23029327,30884,30895,11
13.03386974,80.23045349,30895,30905,10
13.03359985,80.23046875,30905,30915,10
13.0334301,80.23046875,30915,30925,10
13.0328598,80.2305069,30925,30935,10
13.03205967,80.23059845,30935,30945,10
13.03118038,80.23068237,30945,30955,10
13.03052044,80.23074341,30955,30965,10
13.02991009,80.23079681,30965,30975,10
13.02980042,80.2308197,30975,30985,10
13.02943993,80.23085785,30985,30995,10
13.02877998,80.23091888,30995,31005,10
13.02805996,80.23097992,31005,31016,11
13.02766037,80.23114014,31016,31026,10
13.02770042,80.23169708,31026,31036,10
13.02779961,80.23240662,31036,31046,10
13.02766991,80.23281097,31046,31056,10
13.02713966,80.2329483,31056,31076,20
13.02713966,80.2329483,31076,31086,10
13.02694035,80.23303223,31086,31096,10
13.02667999,80.23303986,31096,31106,10
13.02637959,80.23271942,31106,31116,10
13.02616978,80.23204803,31116,31126,10
13.02604008,80.23152161,31126,31136,10
13.02581978,80.23084259,31136,31145,9
13.02542019,80.23007202,31145,31157,12
13.02466965,80.22910309,31157,31167,10
13.0241003,80.22841644,31167,31177,10
13.02375031,80.22795105,31177,31187,10
13.02355957,80.22773743,31187,31197,10
13.02315044,80.22747803,31197,31217,20
13.02315044,80.22747803,31217,31227,10
13.02297974,80.22740936,31227,31237,10
13.02270031,80.22711945,31237,31247,10
13.02241993,80.22672272,31247,31257,10
13.02182007,80.22621155,31257,31267,10
13.02110958,80.22566223,31267,31277,10
13.02009964,80.22498322,31277,31298,21
13.02009964,80.22498322,31298,31308,10
13.01992989,80.22485352,31308,31318,10
13.01951981,80.22460938,31318,31328,10
13.01873016,80.22454834,31328,31338,10
13.01784992,80.22489929,31338,31348,10
13.01698017,80.22527313,31348,31358,10
13.01628017,80.22553253,31358,31368,10
13.01568985,80.2257309,31368,31378,10
13.01531029,80.22590637,31378,31388,10
13.01467037,80.22614288,31388,31398,10
13.01428032,80.22631836,31398,31409,11
13.01414013,80.22638702,31409,31419,10
13.01364994,80.2265625,31419,31429,10
13.01294994,80.2268219,31429,31439,10
13.0121603,80.22715759,31439,31449,10
13.01130009,80.22744751,31449,31459,10
13.01035976,80.22779846,31459,31469,10
13.00971985,80.22795105,31469,31479,10
13.00957966,80.22746277,31479,31489,10
13.00990009,80.2268219,31489,31499,10
13.0102396,80.22608185,31499,31509,10
13.01058006,80.22530365,31509,31519,10
13.01084042,80.22463226,31519,31529,10
13.01136017,80.2233963,31529,31560,31
13.01136017,80.2233963,31560,31570,10
13.01140976,80.22319031,31570,31580,10
13.01156044,80.22286224,31580,31596,16
13.01198006,80.22167206,31596,31608,12
13.01204967,80.22075653,31608,31618,10
13.01183987,80.22010803,31618,31628,10
13.01148987,80.21903992,31628,31638,10
13.01134968,80.2186203,31638,31648,10
13.01124954,80.21838379,31648,31658,10
13.01107025,80.21788025,31658,31668,10
13.01084042,80.21720886,31668,31679,11
13.01053047,80.21645355,31679,31688,9
13.01023006,80.21600342,31688,31699,11
13.00984001,80.21523285,31699,31709,10
13.00940037,80.21463776,31709,31719,10
13.00895023,80.21404266,31719,31729,10
13.00850964,80.21353912,31729,31739,10
13.00821018,80.21334839,31739,31810,71
13.00821018,80.21334839,31810,31820,10
13.00786972,80.21312714,31820,31830,10
13.0076704,80.21299744,31830,31840,10
13.0072403,80.21283722,31840,31850,10
13.00669003,80.21279907,31850,31860,10
13.00599957,80.21302032,31860,31870,10
13.00529003,80.21276093,31870,31880,10
13.00465012,80.21233368,31880,31890,10
13.00393009,80.21208954,31890,31900,10
13.00372028,80.21208191,31900,31910,10
13.00341034,80.21212006,31910,31920,10
13.00273991,80.21214294,31920,31931,11
13.00205994,80.2124176,31931,31941,10
13.00185966,80.21257019,31941,31951,10
13.0016098,80.21273041,31951,31961,10
13.0011797,80.21312714,31961,31971,10
13.00055981,80.21362305,31971,31981,10
12.99987984,80.21420288,31981,31991,10
12.99946976,80.21457672,31991,32001,10
12.99909973,80.2148819,32001,32011,10
12.99880028,80.21508789,32011,32021,10
12.99843979,80.21547699,32021,32032,11
12.99767971,80.21613312,32032,32041,9
12.99748039,80.21630859,32041,32052,11
12.99738979,80.216362,32052,32062,10
12.99717999,80.21655273,32062,32073,11
12.99660015,80.21659851,32073,32083,10
12.99586964,80.2167511,32083,32093,10
12.99495983,80.21717834,32093,32103,10
12.99413013,80.21778107,32103,32113,10
12.99335957,80.21829987,32113,32123,10
12.99252033,80.21890259,32123,32133,10
12.9916296,80.21955109,32133,32143,10
12.99087048,80.2201004,32143,32153,10
12.99075985,80.22020721,32153,32163,10
12.99059963,80.2203064,32163,32173,10
12.99020004,80.22067261,32173,32183,10
12.98968029,80.22129822,32183,32194,11
12.98925018,80.2217865,32194,32204,10
12.98878002,80.22228241,32204,32214,10
12.98810959,80.22292328,32214,32224,10
12.98736954,80.22310638,32224,32234,10
12.98670006,80.22303772,32234,32244,10
12.98591042,80.22302246,32244,32254,10
12.98554993,80.22324371,32254,32264,10
12.98519993,80.22332001,32264,32274,10
12.98460007,80.22303772,32274,32290,16
12.98406029,80.22265625,32290,32302,12
12.98386955,80.22255707,32302,32311,9
12.98363972,80.22241974,32311,32323,12
12.98324013,80.22212219,32323,32333,10
12.98322964,80.2220993,32333,32343,10
12.98303986,80.22203827,32343,32353,10
12.98266029,80.22187805,32353,32363,10
12.98198032,80.22157288,32363,32373,10
12.98136997,80.22116089,32373,32383,10
12.98095989,80.22103882,32383,32393,10
12.98066998,80.22109985,32393,32403,10
12.98003006,80.22115326,32403,32413,10
12.97918987,80.22116089,32413,32423,10
12.9781599,80.22119141,32423,32433,10
12.97719955,80.2212677,32433,32443,10
12.97640991,80.22126007,32443,32454,11
12.97603035,80.22136688,32454,32464,10
12.97583961,80.22132111,32464,32474,10
12.97558022,80.22103882,32474,32494,20
12.97558022,80.22103882,32494,32510,16
12.97488022,80.22058868,32510,32522,12
12.97402,80.22019958,32522,32532,10
12.97356987,80.22001648,32532,32541,9
12.97288036,80.21974945,32541,32553,12
12.97177982,80.21936035,32553,32564,11
12.97111988,80.21920013,32564,32574,10
12.97109985,80.2191925,32574,32585,11
12.9709301,80.21911621,32585,32595,10
12.97084045,80.21906281,32595,32605,10
12.97045994,80.21880341,32605,32615,10
12.96986961,80.21855927,32615,32625,10
12.96924019,80.21832275,32625,32635,10
12.9686203,80.21807861,32635,32645,10
12.96800041,80.21782684,32645,32655,10
12.96735001,80.2175827,32655,32665,10
12.96648026,80.21724701,32665,32675,10
12.96547985,80.21685028,32675,32685,10
12.96442986,80.21640015,32685,32695,10
12.96347046,80.21601105,32695,32706,11
12.96306038,80.2158432,32706,32716,10
12.96286011,80.21573639,32716,32726,10
12.96236038,80.2155304,32726,32736,10
12.96164989,80.21526337,32736,32746,10
12.96080017,80.21492767,32746,32756,10
12.95979023,80.2145462,32756,32766,10
12.95872974,80.21411133,32766,32776,10
12.95765018,80.21367645,32776,32786,10
12.9565897,80.21324158,32786,32796,10
12.95551968,80.21283722,32796,32806,10
12.95444012,80.2124176,32806,32816,10
12.95361996,80.21209717,32816,32826,10
12.95285034,80.21176147,32826,32836,10
12.95191956,80.21140289,32836,32847,11
12.95077991,80.2109375,32847,32857,10
12.94979,80.21056366,32857,32867,10
12.9489603,80.21022797,32867,32877,10
12.94820023,80.20993042,32877,32887,10
12.94725037,80.20955658,32887,32897,10
12.94616032,80.20915222,32897,32907,10
12.94505024,80.20870209,32907,32917,10
12.94431019,80.2084198,32917,32927,10
12.94417,80.20836639,32927,32937,10
12.94379044,80.20819855,32937,32947,10
12.94318962,80.20793152,32947,32957,10
12.94266987,80.20729828,32957,32968,11
12.94190025,80.2065506,32968,32978,10
12.94110966,80.20604706,32978,32988,10
12.9409399,80.20597076,32988,32998,10
12.94079018,80.20590973,32998,33008,10
12.94034004,80.20574951,33008,33018,10
12.9396801,80.20556641,33018,33028,10
12.93894005,80.2053299,33028,33038,10
12.93813992,80.20510101,33038,33048,10
12.93725967,80.20484924,33048,33058,10
12.93628979,80.20458221,33058,33068,10
12.93540001,80.20426941,33068,33078,10
12.93457985,80.20400238,33078,33088,10
12.93385029,80.20394135,33088,33099,11
12.93379021,80.20393372,33099,33109,10
12.93352985,80.2039032,33109,33119,10
12.93303967,80.20375824,33119,33129,10
12.93237972,80.20349884,33129,33139,10
12.93161011,80.20323944,33139,33149,10
12.93074036,80.20295715,33149,33159,10
12.92982006,80.20281219,33159,33169,10
12.92951965,80.20278931,33169,33179,10
12.9293499,80.20278168,33179,33189,10
12.92887974,80.20271301,33189,33199,10
12.92848969,80.20231628,33199,33209,10
12.92844963,80.20146179,33209,33219,10
12.92840958,80.20040131,33219,33230,11
12.9280901,80.19921112,33230,33240,10
12.92751026,80.19821167,33240,33250,10
12.9265604,80.19763947,33250,33260,10
12.92570019,80.19750977,33260,33270,10
12.92541027,80.1975174,33270,33280,10
12.92500019,80.19750977,33280,33290,10
12.92430973,80.19750977,33290,33300,10
12.92352009,80.19747925,33300,33310,10
12.92271996,80.19737244,33310,33320,10
12.9219799,80.19725037,33320,33330,10
12.9210701,80.19695282,33330,33361,31
12.9210701,80.19695282,33361,33371,10
12.92090988,80.19689941,33371,33381,10
12.9204998,80.19674683,33381,33391,10
12.91985989,80.19654083,33391,33401,10
12.91921043,80.19619751,33401,33411,10
12.91858006,80.19566345,33411,33421,10
12.91788006,80.1950531,33421,33431,10
12.91726017,80.19444275,33431,33441,10
12.91714954,80.19425964,33441,33451,10
12.91705036,80.19399261,33451,33461,10
12.91697979,80.19341278,33461,33471,10
12.91707039,80.19261932,33471,33481,10
12.91722965,80.19133759,33481,33502,21
12.91722965,80.19133759,33502,33512,10
12.9172802,80.1911087,33512,33522,10
12.91732025,80.1905365,33522,33532,10
12.91746044,80.1897583,33532,33542,10
12.91784,80.18891144,33542,33552,10
12.91849995,80.18813324,33552,33562,10
12.9190197,80.18757629,33562,33572,10
12.91961002,80.18691254,33572,33582,10
12.92031956,80.18609619,33582,33592,10
12.92055035,80.18520355,33592,33602,10
12.92029953,80.18422699,33602,33612,10
12.92006016,80.18314362,33612,33623,11
12.91991997,80.18253326,33623,33633,10
12.91991043,80.18245697,33633,33643,10
12.91981983,80.18202972,33643,33653,10
12.9197197,80.18141174,33653,33663,10
12.91954041,80.18061066,33663,33673,10
12.91930962,80.17961121,33673,33683,10
12.91868973,80.17868042,33683,33693,10
12.91818047,80.17767334,33693,33703,10
12.91835976,80.17665863,33703,33713,10
12.91851044,80.17595673,33713,33723,10
12.91872978,80.17514038,33723,33733,10
12.91895008,80.17420197,33733,33743,10
12.91924,80.17308807,33743,33754,11
12.91954041,80.17194366,33754,33764,10
12.91973972,80.17112732,33764,33774,10
12.9197998,80.17093658,33774,33790,16
12.91994953,80.17047119,33790,33802,12
12.9202404,80.16957855,33802,33810,8
12.92047977,80.16882324,33810,33822,12
12.92086029,80.1676178,33822,33831,9
12.92121983,80.16648865,33831,33842,11
12.92162037,80.16526031,33842,33852,10
12.9219799,80.16413879,33852,33862,10
12.92232037,80.16303253,33862,33872,10
12.92269039,80.16194153,33872,33883,11
12.92302036,80.1608429,33883,33893,10
12.92317963,80.16029358,33893,33902,9
12.92321014,80.16021729,33902,33913,11
12.92331028,80.15975189,33913,33923,10
12.92339993,80.15883636,33923,33933,10
12.92350006,80.15776062,33933,33943,10
12.92360973,80.15663147,33943,33953,10
12.92356968,80.15551758,33953,33963,10
12.92333984,80.1548996,33963,33973,10
12.92333031,80.15483093,33973,33983,10
12.92327023,80.15444183,33983,33993,10
12.92311954,80.15380096,33993,34004,11
12.9229002,80.15290833,34004,34014,10
12.92269993,80.15207672,34014,34034,20
12.92269993,80.15207672,34034,34043,9
12.9226799,80.15200806,34043,34054,11
12.92265034,80.15162659,34054,34064,10
12.92261982,80.15077209,34064,34074,10
12.92259026,80.14971924,34074,34084,10
12.92253017,80.14884949,34084,34094,10
12.92251968,80.14785767,34094,34104,10
12.92249966,80.14727783,34104,34114,10
12.92251015,80.14678192,34114,34124,10
12.92251968,80.146492,34124,34135,11
12.92249966,80.14589691,34135,34145,10
12.92247009,80.1451416,34145,34155,10
12.92240047,80.14418793,34155,34165,10
12.92236042,80.14341736,34165,34175,10
12.92238998,80.1432724,34175,34185,10
12.92238045,80.1428833,34185,34195,10
12.92240047,80.14243317,34195,34205,10
12.92236996,80.14195251,34205,34215,10
12.92234039,80.14163971,34215,34225,10
12.9223299,80.14144897,34225,34235,10
12.9223299,80.14134216,34235,34245,10
12.92232037,80.14092255,34245,34255,10
12.92232037,80.14045715,34255,34266,11
12.92232037,80.13990021,34266,34276,10
12.92230034,80.13916016,34276,34286,10
12.92236996,80.13831329,34286,34296,10
12.92241955,80.13745117,34296,34306,10
12.92247963,80.13654327,34306,34316,10
12.92251968,80.13565063,34316,34326,10
12.9225502,80.13461304,34326,34336,10
12.92263031,80.13349915,34336,34346,10
12.92259979,80.13298035,34346,34356,10
12.92261982,80.13278198,34356,34366,10
12.92265034,80.13233948,34366,34376,10
12.92265987,80.13159943,34376,34386,10
12.92267036,80.13131714,34386,34397,11
12.92269993,80.13085938,34397,34407,10
12.92275047,80.13011169,34407,34417,10
12.92278004,80.1293335,34417,34427,10
12.92282963,80.12850952,34427,34437,10
12.92284012,80.1277771,34437,34447,10
12.92288017,80.12695313,34447,34457,10
12.92290974,80.1259613,34457,34467,10
12.92298985,80.12483978,34467,34477,10
12.9230299,80.12368011,34477,34487,10
12.92306042,80.12252045,34487,34497,10
12.92310047,80.12148285,34497,34507,10
12.92311954,80.12088776,34507,34518,11
12.92311954,80.12088013,34518,34528,10
12.92319965,80.12075043,34528,34538,10
12.92323971,80.12052155,34538,34548,10
12.9232502,80.12014008,34548,34558,10
12.92327023,80.11956024,34558,34568,10
12.92325974,80.11901855,34568,34578,10
12.92327976,80.11842346,34578,34588,10
12.92339039,80.11782074,34588,34598,10
12.92343044,80.11695862,34598,34618,20
12.92343044,80.11695862,34618,34628,10
12.92350006,80.11678314,34628,34638,10
12.92362022,80.11685944,34638,34648,10
12.92356014,80.11723328,34648,34659,11
12.92362976,80.11794281,34659,34669,10
12.92352009,80.11873627,34669,34679,10
12.92341995,80.11963654,34679,34689,10
12.92337036,80.12013245,34689,34699,10
12.92337036,80.1204071,34699,34709,10
12.92335033,80.12071991,34709,34719,10
12.92333031,80.12117004,34719,34898,179
12.92339039,80.12142181,34898,35513,615
12.92339039,80.12142181,35513,35523,10
12.92339993,80.12152863,35523,35624,101
12.92339993,80.12152863,35624,35634,10
12.92331982,80.12158203,35634,35644,10
12.92329979,80.12193298,35644,35654,10
12.92325974,80.12254333,35654,35664,10
12.92319965,80.12332153,35664,35674,10
12.9231596,80.12413025,35674,35684,10
12.92313004,80.12493896,35684,35695,11
12.92311001,80.12545776,35695,35705,10
12.92306042,80.1258316,35705,35715,10
12.92304039,80.1262207,35715,35725,10
12.92302036,80.12696075,35725,35735,10
12.92298985,80.12753296,35735,35745,10
12.92296028,80.1279068,35745,35761,16
12.92288017,80.12879181,35761,35773,12
12.92282009,80.12957764,35773,35783,10
12.92278957,80.13011169,35783,35793,10
12.92278957,80.13083649,35793,35803,10
12.92278004,80.13115692,35803,35813,10
12.92278957,80.13123322,35813,35824,11
12.92276955,80.13169861,35824,35834,10
12.92275047,80.1324234,35834,35844,10
12.9226799,80.13323212,35844,35854,10
12.92265034,80.13414764,35854,35864,10
12.92261982,80.1350174,35864,35874,10
12.92257023,80.13601685,35874,35884,10
12.92245007,80.13710785,35884,35894,10
12.92238998,80.13806152,35894,35904,10
12.92236042,80.13883972,35904,35914,10
12.92234993,80.13961029,35914,35924,10
12.92236996,80.14066315,35924,35934,10
12.92238045,80.14163208,35934,35944,10
12.92234039,80.14253235,35944,35955,11
12.92247009,80.14360046,35955,35975,20
12.92247009,80.14360046,35975,35985,10
12.92251968,80.14376068,35985,35995,10
12.92251968,80.14414978,35995,36005,10
12.92253971,80.14488983,36005,36015,10
12.92263031,80.14588165,36015,36025,10
12.92261982,80.14685822,36025,36035,10
12.92263031,80.14727783,36035,36045,10
12.92265034,80.14743805,36045,36055,10
12.92265987,80.14795685,36055,36065,10
12.92263031,80.14871979,36065,36075,10
12.92267036,80.14969635,36075,36086,11
12.92269993,80.15091705,36086,36096,10
12.92273045,80.15190887,36096,36112,16
12.92310047,80.15370178,36112,36124,12
12.9233799,80.15460968,36124,36132,8
12.92339993,80.1546402,36132,36144,12
12.92343998,80.15477753,36144,36154,10
12.92346954,80.15490723,36154,36163,9
12.92352009,80.15509033,36163,36174,11
12.92368031,80.15576172,36174,36184,10
12.92368031,80.15660095,36184,36194,10
12.92358017,80.15760803,36194,36204,10
12.92350006,80.15872192,36204,36215,11
12.92339993,80.15988159,36215,36225,10
12.92333031,80.16031647,36225,36235,10
12.92329979,80.16040039,36235,36245,10
12.92315006,80.16085052,36245,36255,10
12.92294025,80.16153717,36255,36265,10
12.92265987,80.16242218,36265,36275,10
12.92253971,80.16274261,36275,36285,10
12.92243958,80.16307068,36285,36295,10
12.92222023,80.16378021,36295,36305,10
12.9218998,80.16468811,36305,36315,10
12.92156029,80.16571808,36315,36325,10
12.92121029,80.16681671,36325,36335,10
12.92090034,80.16783142,36335,36346,11
12.92063046,80.16860962,36346,36356,10
12.92041016,80.16938019,36356,36366,10
12.92010975,80.17035675,36366,36376,10
12.91985989,80.1711731,36376,36396,20
12.91985989,80.1711731,36396,36406,10
12.91977978,80.17144012,36406,36416,10
12.91958046,80.17208099,36416,36426,10
12.91932964,80.17285156,36426,36436,10
12.9191103,80.17366028,36436,36446,10
12.91886044,80.17462158,36446,36456,10
12.91860008,80.17569733,36456,36467,11
12.91833973,80.17688751,36467,36477,10
12.91825962,80.17797852,36477,36487,10
12.91886044,80.17886353,36487,36497,10
12.91940022,80.17987061,36497,36506,9
12.91961956,80.18093109,36506,36516,10
12.9198904,80.18209076,36516,36527,11
12.9201498,80.1832428,36527,36537,10
12.92031002,80.18388367,36537,36577,40
12.92031002,80.18388367,36577,36587,10
12.92039967,80.18421936,36587,36597,10
12.92053986,80.18480682,36597,36608,11
12.92066002,80.18537903,36608,36618,10
12.92066956,80.18540955,36618,36628,10
12.92066002,80.18573761,36628,36638,10
12.92035007,80.18621063,36638,36648,10
12.91983032,80.18678284,36648,36658,10
12.91924953,80.18743896,36658,36668,10
12.91860008,80.18817902,36668,36678,10
12.91792011,80.1889801,36678,36688,10
12.91755009,80.18988037,36688,36698,10
12.91744041,80.19061279,36698,36708,10
12.91732979,80.19146729,36708,36718,10
12.91724968,80.19213867,36718,36728,10
12.91718006,80.19259644,36728,36739,11
12.91714001,80.19302368,36739,36749,10
12.91714001,80.19306183,36749,36759,10
12.91713047,80.19316101,36759,36769,10
12.91714001,80.19371033,36769,36779,10
12.91738987,80.19439697,36779,36789,10
12.91802025,80.19503021,36789,36799,10
12.91878986,80.19573212,36799,36809,10
12.91944027,80.19625854,36809,36819,10
12.92012978,80.19656372,36819,36829,10
12.92057037,80.19671631,36829,36839,10
12.9209404,80.19682312,36839,36849,10
12.92144966,80.19700623,36849,36859,10
12.92218018,80.19722748,36859,36870,11
12.92300034,80.19735718,36870,36880,10
12.92335987,80.19740295,36880,36890,10
12.92372036,80.1974411,36890,36900,10
12.92436028,80.19745636,36900,36910,10
12.92504978,80.1974411,36910,36920,10
12.92531967,80.19744873,36920,36930,10
12.92580986,80.19744873,36930,36940,10
12.92632961,80.19754028,36940,36950,10
12.92644024,80.19757843,36950,36960,10
12.92683983,80.19773102,36960,36970,10
12.92741013,80.19806671,36970,36980,10
12.92790985,80.19869995,36980,36990,10
12.92831039,80.19960022,36990,37001,11
12.92848015,80.20084381,37001,37010,9
12.92854023,80.20188141,37010,37021,11
12.92942047,80.20274353,37021,37041,20
12.92942047,80.20274353,37041,37051,10
12.92963028,80.20278931,37051,37061,10
12.93019962,80.20285797,37061,37071,10
12.9309597,80.20301056,37071,37081,10
12.93185997,80.20327759,37081,37091,10
12.93270016,80.20355225,37091,37101,10
12.93342972,80.20381927,37101,37111,10
12.93404007,80.20388031,37111,37121,10
12.93406963,80.20388031,37121,37132,11
12.93420029,80.20391083,37132,37142,10
12.93453979,80.20394135,37142,37152,10
12.93511963,80.20407867,37152,37162,10
12.9358902,80.20439911,37162,37172,10
12.93673992,80.20464325,37172,37935,763
12.97848034,80.221138,37935,37944,9
12.97937012,80.22107697,37944,37956,12
12.98038006,80.22099304,37956,37967,11
12.98108959,80.22102356,37967,37979,12
12.98159027,80.22131348,37979,37988,9
12.98182011,80.22148895,37988,37998,10
12.98208046,80.22167206,37998,38009,11
12.98258018,80.2218399,38009,38020,11
12.98291016,80.2219696,38020,38030,10
12.98291969,80.22197723,38030,38040,10
12.98301983,80.22205353,38040,38050,10
12.98324013,80.22221375,38050,38060,10
12.98340034,80.22231293,38060,38070,10
12.98377991,80.22254181,38070,38081,11
12.9844799,80.22296143,38081,38091,10
12.98511982,80.22324371,38091,38101,10
12.98550987,80.22309875,38101,38111,10
12.98614025,80.22293091,38111,38121,10
12.98682976,80.22296143,38121,38131,10
12.98750019,80.22303009,38131,38141,10
12.98820972,80.22274017,38141,38151,10
12.98875999,80.22219849,38151,38161,10
12.98921013,80.22167969,38161,38171,10
12.98968029,80.2210083,38171,38181,10
12.99020958,80.22049713,38181,38191,10
12.99042988,80.22032166,38191,38201,10
12.99055004,80.22023773,38201,38212,11
12.99083042,80.22003937,38212,38228,16
12.99153996,80.21945953,38228,38240,12
12.99217987,80.21900177,38240,38250,10
12.99289989,80.2184906,38250,38260,10
12.99365044,80.21794128,38260,38270,10
12.99423981,80.21749878,38270,38279,9
12.99477959,80.21710968,38279,38290,11
12.99536037,80.21676636,38290,38300,10
12.99598026,80.21656799,38300,38309,9
12.99652958,80.21647644,38309,38319,10
12.99680042,80.21645355,38319,38330,11
12.99722004,80.21637726,38330,38341,11
12.99742031,80.21616364,38341,38351,10
12.99754047,80.21608734,38351,38361,10
12.99789047,80.21578217,38361,38371,10
12.99839973,80.21536255,38371,38381,10
12.99894047,80.21486664,38381,38391,10
12.99932003,80.21456146,38391,38411,20
12.99932003,80.21456146,38411,38420,9
12.99965954,80.21425629,38420,38431,11
13.00006008,80.21389771,38431,38441,10
13.00057983,80.21346283,38441,38451,10
13.00113964,80.21302032,38451,38460,9
13.00166035,80.21260834,38460,38472,12
13.00240993,80.2121582,38472,38482,10
13.00306988,80.21205139,38482,38492,10
13.00351048,80.21202087,38492,38502,10
13.00382996,80.21195984,38502,38512,10
13.00438976,80.21215057,38512,38522,10
13.00492954,80.21244812,38522,38532,10
13.00570011,80.21286011,38532,38542,10
13.00648022,80.21266174,38542,38552,10
13.00728035,80.21273804,38552,38562,10
13.0078001,80.21295929,38562,38572,10
13.00780964,80.21298218,38572,38582,10
13.00792027,80.21309662,38582,38592,10
13.00844002,80.21334076,38592,38603,11
13.0089798,80.21404266,38603,38613,10
13.00949955,80.21478271,38613,38623,10
13.00994015,80.21533966,38623,38633,10
13.01041031,80.21592712,38633,38643,10
13.01076031,80.21665955,38643,38653,10
13.01109982,80.21746063,38653,38663,10
13.01140022,80.21826935,38663,38673,10
13.01177979,80.21933746,38673,38683,10
13.01208019,80.22041321,38683,38692,9
13.01235962,80.22113037,38692,38702,10
13.01251984,80.22145081,38702,38713,11
13.01282024,80.22189331,38713,38723,10
13.01331997,80.22251129,38723,38734,11
13.01383018,80.22315979,38734,38744,10
13.01401043,80.22351074,38744,38754,10
13.0143404,80.22383881,38754,38764,10
13.01482964,80.22429657,38764,38774,10
13.01535034,80.22483063,38774,38794,20
13.01535034,80.22483063,38794,38804,10
13.01550961,80.22501373,38804,38814,10
13.01581001,80.22530365,38814,38824,10
13.01650047,80.22531128,38824,38834,10
13.01735973,80.22499847,38834,38844,10
13.01836014,80.22458649,38844,38854,10
13.01912022,80.22431946,38854,38865,11
13.01937008,80.22431946,38865,38895,30
13.01937008,80.22431946,38895,38905,10
13.01984978,80.22458649,38905,38915,10
13.02023983,80.22489929,38915,38925,10
13.02073002,80.22527313,38925,38935,10
13.02112007,80.22557831,38935,38945,10
13.02159977,80.22592926,38945,38955,10
13.02178001,80.2260437,38955,38965,10
13.02194977,80.22618103,38965,38975,10
13.02217007,80.22637177,38975,38985,10
13.02264023,80.22679901,38985,38996,11
13.02322006,80.22737885,38996,39006,10
13.0236702,80.22773743,39006,39016,10
13.02390003,80.22792816,39016,39026,10
13.02420044,80.22827911,39026,39036,10
13.02447987,80.22869873,39036,39046,10
13.02468967,80.22897339,39046,39056,10
13.02497959,80.22937775,39056,39072,16
13.02563953,80.23032379,39072,39094,22
13.02563953,80.23032379,39094,39104,10
13.02573013,80.23052216,39104,39114,10
13.02581978,80.23075867,39114,39125,11
13.02589035,80.23094177,39125,39135,10
13.02595997,80.23116302,39135,39145,10
13.02612019,80.23136139,39145,39155,10
13.02663994,80.23123932,39155,39165,10
13.02748966,80.23101044,39165,39185,20
13.02748966,80.23101044,39185,39195,10
13.02760983,80.23095703,39195,39245,50
13.02760983,80.23095703,39245,39256,11
13.02793026,80.2309494,39256,39266,10
13.02824974,80.23088837,39266,39276,10
13.02884007,80.2308197,39276,39286,10
13.02927971,80.23075867,39286,39376,90
13.02927971,80.23075867,39376,39387,11
13.02989006,80.2307663,39387,39397,10
13.03048992,80.23068237,39397,39477,80
13.03048992,80.23068237,39477,39487,10
13.03079033,80.23069,39487,39497,10
13.03108978,80.23066711,39497,39507,10
13.03155041,80.23061371,39507,39518,11
13.03229046,80.23055267,39518,39527,9
13.03306961,80.23047638,39527,39538,11
13.0339098,80.23042297,39538,39568,30
13.0339098,80.23042297,39568,39578,10
13.03405952,80.23043823,39578,39588,10
13.03452969,80.23032379,39588,39598,10
13.03489971,80.23014069,39598,39608,10
13.03468037,80.22991943,39608,39780,172
13.03437996,80.22991943,39780,40062,282
13.03421021,80.22995758,40062,40626,564
13.03411961,80.23008728,40626,40687,61
13.03411961,80.23008728,40687,40697,10
13.03415966,80.23033905,40697,40707,10
13.03394032,80.23042297,40707,40717,10
13.03351021,80.23046112,40717,40727,10
13.03289986,80.23052216,40727,40737,10
13.03215981,80.23059845,40737,40747,10
13.03125954,80.23068237,40747,40777,30
13.03125954,80.23068237,40777,40787,10
13.03118038,80.23068237,40787,40797,10
13.03094006,80.23069763,40797,40807,10
13.0306797,80.23074341,40807,40818,11
13.03022003,80.23078918,40818,40828,10
13.02987003,80.23082733,40828,40858,30
13.02987003,80.23082733,40858,40868,10
13.0295496,80.23088074,40868,40878,10
13.02923965,80.23091125,40878,40888,10
13.02861023,80.2309494,40888,40898,10
13.02793026,80.23101807,40898,40908,10
13.02766991,80.23114777,40908,40918,10
13.02770042,80.23166656,40918,40928,10
13.02775955,80.23220062,40928,40938,10
13.02770996,80.23272705,40938,40949,11
13.02737999,80.23282623,40949,40959,10
13.02721977,80.23287964,40959,40969,10
13.02692986,80.23294067,40969,40979,10
13.02663994,80.23298645,40979,40989,10
13.02632999,80.23271179,40989,40999,10
13.0261097,80.23200989,40999,41009,10
13.02587986,80.23111725,41009,41019,10
13.02548027,80.23016357,41019,41029,10
13.02490044,80.22942352,41029,41039,10
13.02458,80.22901917,41039,41049,10
13.02425003,80.22856903,41049,41059,10
13.02383041,80.22802734,41059,41069,10
13.02328014,80.22756195,41069,41110,41
13.02328014,80.22756195,41110,41126,16
13.02287006,80.22725677,41126,41138,12
13.02266026,80.22708893,41138,41148,10
13.02237988,80.22672272,41148,41158,10
13.02180004,80.22622681,41158,41168,10
13.02106953,80.22566986,41168,41177,9
13.02031994,80.22515869,41177,41188,11
13.0194397,80.22458649,41188,41198,10
13.01865005,80.2245636,41198,41209,11
13.01739979,80.22503662,41209,41217,8
13.01669979,80.2253418,41217,41229,12
13.01591969,80.22560883,41229,41239,10
13.01541996,80.22579956,41239,41249,10
13.01508999,80.22595978,41249,41259,10
13.01488018,80.22606659,41259,41269,10
13.01436043,80.22628021,41269,41289,20
13.01436043,80.22628021,41289,41299,10
13.01422977,80.22633362,41299,41309,10
13.01391983,80.22641754,41309,41319,10
13.01336956,80.22660065,41319,41329,10
13.01259995,80.22686005,41329,41339,10
13.0116396,80.227211,41339,41350,11
13.01045036,80.22767639,41350,41362,12
13.00951958,80.22776031,41362,41372,10
13.00965977,80.22718048,41372,41382,10
13.01000977,80.22641754,41382,41392,10
13.01043034,80.22551727,41392,41402,10
13.01066971,80.22498322,41402,41412,10
13.01076031,80.22471619,41412,41422,10
13.01107025,80.22399902,41422,41432,10
13.01134014,80.22335815,41432,41442,10
13.01134968,80.22335052,41442,41452,10
13.0114603,80.22312164,41452,41462,10
13.01156998,80.22276306,41462,41473,11
13.01185036,80.22206879,41473,41483,10
13.01212025,80.22129059,41483,41493,10
13.01196003,80.22054291,41493,41503,10
13.01167965,80.2196579,41503,41513,10
13.01136017,80.21867371,41513,41523,10
13.01097965,80.21768951,41523,41533,10
13.01056004,80.21669769,41533,41543,10
13.01010036,80.21582794,41543,41553,10
13.00965023,80.21498108,41553,41563,10
13.00916958,80.21437073,41563,41573,10
13.0090704,80.21424103,41573,41583,10
13.0089798,80.21411896,41583,41593,10
13.00883961,80.21395874,41593,41614,21
13.00883961,80.21395874,41614,41624,10
13.00877953,80.21386719,41624,41644,20
13.00877953,80.21386719,41644,41654,10
13.00866032,80.21372223,41654,41674,20
13.00866032,80.21372223,41674,41684,10
13.00846004,80.21350098,41684,41694,10
13.00835991,80.21343994,41694,41704,10
13.00821972,80.21336365,41704,41714,10
13.00806046,80.21327972,41714,41765,51
13.00806046,80.21327972,41765,41775,10
13.00778961,80.21307373,41775,41785,10
13.00739002,80.21286011,41785,41795,10
13.00683975,80.21279144,41795,41805,10
13.00611019,80.21289063,41805,41815,10
13.00555992,80.21282196,41815,41825,10
13.00463963,80.21231079,41825,41835,10
13.0037899,80.21208191,41835,41845,10
13.00323963,80.21208191,41845,41855,10
13.00259972,80.21209717,41855,41866,11
13.00193024,80.21240997,41866,41876,10
13.00148964,80.21276093,41876,41886,10
13.00146961,80.21276855,41886,41896,10
13.00131989,80.212883,41896,41906,10
13.00107002,80.21311188,41906,41916,10
13.00065041,80.21346283,41916,41925,9
13.00024033,80.21381378,41925,41936,11
12.99979973,80.21420288,41936,41946,10
12.99942017,80.21453094,41946,41956,10
12.99909973,80.21479034,41956,41966,10
12.99882984,80.21510315,41966,41976,10
12.99822044,80.21556854,41976,41986,10
12.99761963,80.21605682,41986,41997,11
12.99752045,80.21617889,41997,42007,10
12.99722004,80.21646118,42007,42017,10
12.99703979,80.21650696,42017,42027,10
12.99660015,80.21653748,42027,42037,10
12.99588013,80.21669769,42037,42047,10
12.99510002,80.21701813,42047,42057,10
12.9946003,80.21736145,42057,42067,10
12.99411011,80.21772766,42067,42077,10
12.99361992,80.2181015,42077,42087,10
12.99308014,80.21853638,42087,42097,10
12.99248028,80.21894073,42097,42107,10
12.99176025,80.21945953,42107,42117,10
12.99118042,80.21984863,42117,42128,11
12.99077988,80.22013855,42128,42138,10
12.99077988,80.22015381,42138,42148,10
12.99051952,80.22032928,42148,42158,10
12.99020004,80.22068024,42158,42168,10
12.98956966,80.22132111,42168,42178,10
12.98896027,80.22206879,42178,47615,5437
12.98161983,80.22133636,47615,47627,12
12.98198032,80.22155762,47627,47637,10
12.98250961,80.22180176,47637,47659,22
12.98250961,80.22180176,47659,47669,10
12.98297977,80.22197723,47669,47689,20
12.98297977,80.22197723,47689,47699,10
12.98318005,80.22209167,47699,47710,11
12.98332977,80.22218323,47710,47720,10
12.98361015,80.22238159,47720,47730,10
12.98373985,80.22245789,47730,47740,10
12.98408031,80.22265625,47740,47750,10
12.98462009,80.22299194,47750,47760,10
12.98482037,80.22309875,47760,47771,11
12.98515034,80.22322083,47771,47781,10
12.98542023,80.2232132,47781,47791,10
12.98571968,80.22296143,47791,47801,10
12.98653984,80.22293854,47801,47831,30
12.98653984,80.22293854,47831,47847,16
12.98715973,80.2230072,47847,47859,12
12.98771954,80.22296143,47859,47869,10
12.98832989,80.22254181,47869,47879,10
12.98894978,80.22193909,47879,47889,10
12.9895401,80.22113037,47889,47899,10
12.99042034,80.22028351,47899,47920,21
12.99042034,80.22028351,47920,47930,10
12.99067974,80.22009277,47930,47940,10
12.99110031,80.21975708,47940,47950,10
12.99158955,80.21942139,47950,47960,10
12.99217987,80.21897888,47960,47970,10
12.99289989,80.21846771,47970,47980,10
12.99363995,80.2179184,47980,47990,10
12.99413967,80.21753693,47990,48000,10
12.99454975,80.21724701,48000,48010,10
12.99491978,80.21698761,48010,48019,9
12.9952898,80.21675873,48019,48030,11
12.99596977,80.21658325,48030,48041,11
12.9967804,80.21645355,48041,48051,10
12.99715042,80.21640015,48051,48061,10
12.99744987,80.21611023,48061,48081,20
12.99744987,80.21611023,48081,48091,10
12.99771976,80.2158432,48091,48101,10
12.99816036,80.21544647,48101,48111,10
12.99876976,80.21497345,48111,48121,10
12.99915981,80.21465302,48121,48131,10
12.99954033,80.21434021,48131,48141,10
12.99995041,80.21398926,48141,48151,10
13.00051022,80.21346283,48151,48162,11
13.00119019,80.21291351,48162,48172,10
13.00179958,80.21244049,48172,48182,10
13.00236988,80.21214294,48182,48192,10
13.00290966,80.21205139,48192,48202,10
13.00347042,80.21198273,48202,48212,10
13.00415993,80.21208191,48212,48222,10
13.00479031,80.21237946,48222,48232,10
13.00510025,80.21256256,48232,48242,10
13.00551987,80.2128067,48242,48252,10
13.0060997,80.21279907,48252,48262,10
13.00673962,80.21269226,48262,48272,10
13.00771999,80.21295166,48272,48309,37
13.00771999,80.21295166,48309,48321,12
13.00796032,80.21309662,48321,48331,10
13.00844002,80.21331024,48331,48341,10
13.00889969,80.21392059,48341,48351,10
13.00944042,80.21466064,48351,48361,10
13.00994968,80.21533966,48361,48371,10
13.01051998,80.21608734,48371,48381,10
13.01084042,80.21697235,48381,48391,10
13.01126957,80.21800232,48391,48401,10
13.01169968,80.2191391,48401,48411,10
13.0120697,80.22028351,48411,48422,11
13.01243973,80.22116089,48422,48432,10
13.01268959,80.22161865,48432,48443,11
13.01313019,80.22218323,48443,48453,10
13.01352024,80.22268677,48453,48463,10
13.01391983,80.22319031,48463,48471,8
13.01432991,80.22364807,48471,48483,12
13.01432991,80.22364807,48483,48493,10
13.01476955,80.22421265,48493,48503,10
13.01531029,80.22480011,48503,48513,10
13.01541996,80.22486115,48513,48523,10
13.01548958,80.22492218,48523,48533,10
13.01580048,80.22521973,48533,48543,10
13.01651001,80.22524261,48543,48553,10
13.01739979,80.22492218,48553,48564,11
13.01850033,80.2244873,48564,48573,9
13.01945972,80.22441101,48573,48583,10
13.02038002,80.22499847,48583,48594,11
13.02108955,80.22551727,48594,48606,12
13.02198029,80.22615051,48606,48687,81
13.02198029,80.22615051,48687,48698,11
13.02221966,80.2264328,48698,48708,10
13.02268028,80.22679901,48708,48718,10
13.02320004,80.22737885,48718,48728,10
13.02390957,80.22801971,48728,48738,10
13.02427959,80.22844696,48738,48748,10
13.02429008,80.22846222,48748,48758,10
13.02431965,80.22846222,48758,48768,10
13.02453041,80.22875977,48768,48778,10
13.02488041,80.22923279,48778,48788,10
13.02536011,80.22984314,48788,48798,10
13.02579975,80.23058319,48798,48808,10
13.02595043,80.23101807,48808,48818,10
13.02620983,80.23127747,48818,48829,11
13.0268898,80.23110199,48829,48839,10
13.02779007,80.2309494,48839,48849,10
13.02915001,80.2307663,48849,48879,30
13.02915001,80.2307663,48879,48889,10
13.02937031,80.23081207,48889,48899,10
13.02970982,80.2307663,48899,48909,10
13.03011036,80.23069763,48909,48919,10
13.03061008,80.23065186,48919,48929,10
13.03108025,80.23062134,48929,48939,10
13.03153992,80.23059082,48939,48949,10
13.03223038,80.23052216,48949,48960,11
13.03279018,80.23049164,48960,48970,10
13.03316021,80.23046112,48970,48980,10
13.03370953,80.23043823,48980,48990,10
13.03439045,80.23032379,48990,49066,76
13.03439045,80.23032379,49066,49078,12
13.03491974,80.2301712,49078,49087,9
13.0350399,80.23020172,49087,49098,11
13.03489971,80.23033905,49098,49109,11
13.03437996,80.23039246,49109,49119,10
13.03363991,80.23040771,49119,49128,9
13.03269958,80.2305069,49128,49139,11
13.03184032,80.23059845,49139,49149,10
13.03108025,80.23065186,49149,49159,10
13.03040028,80.23071289,49159,49169,10
13.02980042,80.23079681,49169,49179,10
13.0294199,80.23084259,49179,49190,11
13.02877998,80.23088074,49190,49200,10
13.0281496,80.23092651,49200,49211,11
13.0276804,80.23103333,49211,49221,10
13.02768993,80.23150635,49221,49231,10
13.02777958,80.23213959,49231,49241,10
13.02785015,80.23269653,49241,49251,10
13.02752972,80.23282623,49251,49261,10
13.02690029,80.23294067,49261,49311,50
13.02690029,80.23294067,49311,49321,10
13.02643967,80.2329483,49321,49331,10
13.02620029,80.23239136,49331,49342,11
13.02597046,80.23148346,49342,49352,10
13.02562046,80.23040771,49352,49362,10
13.02497959,80.22946167,49362,49372,10
13.02437973,80.2286911,49372,49382,10
13.02396011,80.22812653,49382,49392,10
13.02338028,80.2275238,49392,49402,10
13.02266026,80.22688293,49402,49412,10
13.02198982,80.22631836,49412,49422,10
13.02163982,80.22602844,49422,49432,10
13.02112007,80.22563171,49432,49448,16
13.02001953,80.22490692,49448,49469,21
13.02001953,80.22490692,49469,49480,11
13.01970959,80.22470093,49480,49491,11
13.01896954,80.22450256,49491,49501,10
13.01813984,80.2247467,49501,49511,10
13.01729965,80.22511292,49511,49521,10
13.01653957,80.22541809,49521,49531,10
13.01593971,80.22561646,49531,49541,10
13.01531029,80.22583771,49541,49551,10
13.01511955,80.22592926,49551,49561,10
13.01492023,80.22599792,49561,49571,10
13.01457977,80.22608185,49571,49581,10
13.01420021,80.2261734,49581,49591,10
13.01416016,80.22601318,49591,49601,10
13.01416016,80.22589111,49601,49612,11
13.01416969,80.22582245,49612,49622,10
13.01420975,80.22551727,49622,49642,20
13.01414013,80.22531891,49642,49664,22
13.01414013,80.22550201,49664,49856,192
13.01428032,80.22561646,49856,50118,262
13.01428032,80.22561646,50118,50129,11
13.01430988,80.22550201,50129,50219,90
13.01432037,80.22557068,50219,52940,2721
13.01432037,80.22557068,52940,52950,10
13.0143404,80.22566986,52950,52960,10
13.01432991,80.22577667,52960,52970,10
13.01420975,80.2259903,52970,52980,10
13.01422024,80.22618103,52980,52990,10
13.01403999,80.2263031,52990,53001,11
13.01352024,80.22650909,53001,53011,10
13.01288986,80.22676086,53011,53021,10
13.01208973,80.22708893,53021,53031,10
13.01107025,80.22747803,53031,53041,10
13.01008034,80.22788239,53041,53051,10
13.00951004,80.22775269,53051,53061,10
13.00961971,80.22736359,53061,53071,10
13.00992012,80.22669983,53071,53081,10
13.01033974,80.22583771,53081,53091,10
13.01054001,80.22537994,53091,53101,10
13.01076031,80.22485352,53101,53111,10
13.01084042,80.22454834,53111,53121,10
13.01099968,80.22413635,53121,53132,11
13.0112896,80.22341919,53132,53142,10
13.01167011,80.22338104,53142,53152,10
13.01224041,80.22370148,53152,53162,10
13.01288033,80.22402954,53162,53172,10
13.01379967,80.22444153,53172,53182,10
13.01451015,80.22490692,53182,53192,10
13.01511002,80.22524261,53192,53202,10
13.01539993,80.22530365,53202,53212,10
13.01601982,80.22532654,53212,53222,10
13.01696968,80.22509766,53222,53232,10
13.01807022,80.22466278,53232,53242,10
13.01912022,80.22434235,53242,53251,9
13.01963997,80.22447968,53251,53263,12
13.02013969,80.224823,53263,53273,10
13.02075005,80.22527313,53273,53283,10
13.02126026,80.22569275,53283,53293,10
13.02188969,80.22612,53293,53303,10
13.0226202,80.22670746,53303,53313,10
13.02336025,80.22740936,53313,53323,10
13.02392006,80.22796631,53323,53333,10
13.02435017,80.22846222,53333,53343,10
13.02472973,80.22899628,53343,53353,10
13.02513027,80.22952271,53353,53363,10
13.0255003,80.23001862,53363,53373,10
13.02587986,80.23072052,53373,53383,10
13.02598,80.23104095,53383,53404,21
13.02598,80.23104095,53404,53414,10
13.02610016,80.23127747,53414,53424,10
13.02665997,80.23114777,53424,53434,10
13.02756023,80.2309494,53434,53443,9
13.02830029,80.23088837,53443,53454,11
13.02915955,80.2308197,53454,53474,20
13.02915955,80.2308197,53474,53484,10
13.02947044,80.23078918,53484,53494,10
13.02987003,80.23075867,53494,53504,10
13.03036976,80.23069763,53504,53514,10
13.03059959,80.23068237,53514,53525,11
13.03087997,80.23065948,53525,53535,10
13.03106022,80.2306366,53535,53545,10
13.03139973,80.2306366,53545,53555,10
13.03209972,80.23056793,53555,53565,10
13.03258038,80.23053741,53565,53575,10
13.03279972,80.23053741,53575,53585,10
13.03320026,80.23052216,53585,53595,10
13.03343964,80.23047638,53595,53605,10
13.03376007,80.23046875,53605,53615,10
13.0342598,80.23040009,53615,53625,10
13.03472042,80.23029327,53625,53656,31
13.03472042,80.23029327,53656,53666,10
13.03499031,80.23007965,53666,53676,10
13.03505039,80.22989655,53676,53686,10
13.03489017,80.22979736,53686,53696,10
13.03462982,80.22976685,53696,53776,80
13.03462982,80.22976685,53776,53787,11
13.03425026,80.22991943,53787,54018,231
13.03425026,80.22991943,54018,54028,10
13.03417969,80.23029327,54028,54069,41
13.03417969,80.23029327,54069,54079,10
13.03402042,80.23042297,54079,54089,10
13.03353977,80.23040009,54089,54099,10
13.03291035,80.23046875,54099,54108,9
13.03217983,80.23053741,54108,54119,11
13.03124046,80.23062134,54119,54129,10
13.03069019,80.23068237,54129,54139,10
13.03017998,80.23072052,54139,54149,10
13.0297699,80.23078156,54149,54159,10
13.02954006,80.23081207,54159,54169,10
13.02900982,80.23085785,54169,54180,11
13.02822971,80.23091125,54180,54190,10
13.02770042,80.23100281,54190,54200,10
13.02768993,80.23136139,54200,54210,10
13.02775002,80.23191833,54210,54220,10
13.02783966,80.23249817,54220,54230,10
13.02760029,80.23271179,54230,54240,10
13.02703953,80.23287964,54240,54250,10
13.02672005,80.23293304,54250,54260,10
13.02635002,80.23277283,54260,54270,10
13.02616024,80.23210144,54270,54280,10
13.02595043,80.23124695,54280,54290,10
13.02556992,80.23026276,54290,54300,10
13.02497959,80.22949219,54300,54311,11
13.02474022,80.22920227,54311,54321,10
13.02451038,80.22888184,54321,54331,10
13.02412033,80.22840881,54331,54341,10
13.02365017,80.22782135,54341,54351,10
13.02301979,80.2273407,54351,54381,30
13.02301979,80.2273407,54381,54391,10
13.0227499,80.22718048,54391,54401,10
13.02258968,80.22686005,54401,54411,10
13.02225018,80.22648621,54411,54421,10
13.02163029,80.22599792,54421,54431,10
13.02097988,80.22547913,54431,54442,11
13.02029037,80.22501373,54442,54452,10
13.01963997,80.22457886,54452,54462,10
13.0187397,80.22444153,54462,54472,10
13.0178299,80.22480011,54472,54482,10
13.01694012,80.22516632,54482,54492,10
13.01644039,80.22540283,54492,54502,10
13.01620007,80.22550964,54502,54512,10
13.01603985,80.2256012,54512,54522,10
13.01583004,80.22566223,54522,54532,10
13.01554966,80.22573853,54532,54542,10
13.01496983,80.22598267,54542,54552,10
13.01436043,80.22624207,54552,54563,11
13.01424026,80.2263031,54563,54573,10
13.01375961,80.22647095,54573,54583,10
13.01305962,80.22673798,54583,54593,10
13.01220989,80.2270813,54593,54603,10
13.01121044,80.22746277,54603,54613,10
13.01031971,80.22782898,54613,54623,10
13.00992966,80.22795868,54623,54633,10
13.00949001,80.22776031,54633,54643,10
13.00959969,80.22737122,54643,54653,10
13.00988007,80.22679138,54653,54663,10
13.01023006,80.22601318,54663,54673,10
13.01060009,80.22516632,54673,54683,10
13.01091957,80.22434235,54683,54694,11
13.01115036,80.22338867,54694,54704,10
13.01154041,80.22264862,54704,54714,10
13.01187992,80.22174835,54714,54724,10
13.0120697,80.22125244,54724,54734,10
13.01202011,80.22068024,54734,54744,10
13.01185989,80.22001648,54744,54754,10
13.01152992,80.2190094,54754,54764,10
13.01126003,80.21819305,54764,54774,10
13.01095963,80.21743774,54774,54784,10
13.01072025,80.21691132,54784,54794,10
13.01047039,80.21639252,54794,54804,10
13.01008987,80.21575928,54804,54814,10
13.00965023,80.21497345,54814,54825,11
13.00905991,80.21417999,54825,54835,10
13.0085001,80.21347046,54835,54855,20
13.0085001,80.21347046,54855,54865,10
13.00825977,80.21333313,54865,54875,10
13.00821972,80.21330261,54875,54885,10
13.00798035,80.21318817,54885,54895,10
13.0078001,80.21304321,54895,54905,10
13.00747013,80.21282196,54905,54915,10
13.00695038,80.21270752,54915,54925,10
13.00625992,80.21278381,54925,54935,10
13.00557995,80.21286011,54935,54945,10
13.00479984,80.21240997,54945,54956,11
13.00384998,80.21206665,54956,54966,10
13.00292969,80.21208191,54966,54976,10
13.00207996,80.21231079,54976,54986,10
13.00135994,80.21286011,54986,54996,10
13.00065994,80.21343994,54996,55006,10
12.99987984,80.21414948,55006,55016,10
12.99938011,80.21453857,55016,55026,10
12.99901962,80.2148819,55026,55036,10
12.99872971,80.21511078,55036,55046,10
12.99808025,80.21560669,55046,55056,10
12.99748039,80.21611786,55056,55066,10
12.99740028,80.21621704,55066,55076,10
12.99726009,80.21642303,55076,55087,11
12.99724007,80.21646118,55087,55097,10
12.99703979,80.21652985,55097,55107,10
12.99676037,80.21655273,55107,55117,10
12.99641991,80.21659851,55117,55127,10
12.99629974,80.21662903,55127,55137,10
12.99606037,80.21669769,55137,55147,10
12.99578953,80.21674347,55147,55197,50
12.99578953,80.21674347,55197,55207,10
12.99545002,80.21681976,55207,55218,11
12.99514961,80.21695709,55218,55228,10
12.99501991,80.21705627,55228,55238,10
12.99475956,80.21723938,55238,55248,10
12.99429035,80.21759033,55248,55258,10
12.99380016,80.21793365,55258,55268,10
12.99318981,80.21833801,55268,55278,10
12.99269009,80.21874237,55278,55288,10
12.9920702,80.21925354,55288,55298,10
12.99141026,80.21974182,55298,55308,10
12.99094963,80.22006226,55308,55318,10
12.99073982,80.22020721,55318,55328,10
12.9906702,80.22025299,55328,55338,10
12.99034023,80.22052002,55338,55349,11
12.98972034,80.22112274,55349,55359,10
12.98917961,80.22180939,55359,55369,10
12.98863029,80.22251892,55369,55379,10
12.98791981,80.22309875,55379,55389,10
12.98735046,80.22312164,55389,55399,10
12.9868803,80.22303009,55399,55409,10
12.98635006,80.22299957,55409,55419,10
12.98583984,80.22302246,55419,55429,10
12.98544025,80.22331238,55429,55439,10
12.98486042,80.22312164,55439,55449,10
12.98425961,80.22276306,55449,55459,10
12.98386002,80.22252655,55459,55469,10
12.98332977,80.22225189,55469,55480,11
12.9832201,80.22218323,55480,55490,10
12.98313046,80.22210693,55490,55500,10
12.98278999,80.22193146,55500,55510,10
12.98215961,80.22174072,55510,55520,10
12.98143959,80.22126007,55520,55530,10
12.98052025,80.22109985,55530,55540,10
12.97949982,80.221138,55540,55550,10
12.97846031,80.22119904,55550,55560,10
12.97733974,80.22125244,55560,55570,10
12.97647953,80.22126007,55570,55580,10
12.97595024,80.22129822,55580,55600,20
12.97595024,80.22129822,55600,55611,11
12.97556019,80.22096252,55611,55651,40
12.97556019,80.22096252,55651,55661,10
12.97544003,80.22084808,55661,59448,3787
12.92339993,80.15461731,59448,59458,10
12.92346001,80.15486908,59458,59470,12
12.92362976,80.15560913,59470,59482,12
12.92366028,80.15677643,59482,59492,10
12.92354965,80.15795135,59492,59502,10
12.92343998,80.15921021,59502,59512,10
12.92333984,80.16014099,59512,59522,10
12.92321968,80.16059875,59522,59532,10
12.92294979,80.16143799,59532,59542,10
12.92263031,80.16243744,59542,59552,10
12.92224979,80.16358185,59552,59562,10
12.92183971,80.16487122,59562,59572,10
12.92136002,80.16635132,59572,59582,10
12.92092991,80.16767883,59582,59592,10
12.92055988,80.16880798,59592,59603,11
12.92016983,80.17018127,59603,59613,10
12.91991997,80.17101288,59613,59623,10
12.91987991,80.1710968,59623,59633,10
12.91973972,80.17157745,59633,59643,10
12.91956043,80.17230988,59643,59653,10
12.91930008,80.17321777,59653,59663,10
12.9190197,80.17429352,59663,59673,10
12.9187603,80.17543793,59673,59683,10
12.91845989,80.17658997,59683,59693,10
12.91831017,80.1778717,59693,59703,10
12.91897964,80.17897797,59703,59713,10
12.91950989,80.18029022,59713,59724,11
12.91987038,80.18202209,59724,59734,10
12.92016983,80.18335724,59734,59744,10
12.92039013,80.18399811,59744,59764,20
12.92039013,80.18399811,59764,59774,10
12.92039013,80.18405151,59774,59784,10
12.92045021,80.18448639,59784,59794,10
12.92061043,80.18520355,59794,59804,10
12.92068958,80.18549347,59804,59814,10
12.92068958,80.1856308,59814,59824,10
12.9204998,80.18608856,59824,59834,10
12.92000008,80.18666077,59834,59844,10
12.91942024,80.18731689,59844,59855,11
12.91880035,80.18800354,59855,59865,10
12.91819,80.18865967,59865,59875,10
12.91761017,80.18953705,59875,59885,10
12.9174099,80.1905365,59885,59895,10
12.91732025,80.19138336,59895,59905,10
12.91722965,80.19219208,59905,59915,10
12.91713047,80.19286346,59915,59925,10
12.91711998,80.19306946,59925,59935,10
12.91713047,80.19316864,59935,59945,10
12.91707993,80.19358063,59945,59955,10
12.91720009,80.19412231,59955,59965,10
12.91757011,80.19464874,59965,59975,10
12.91821003,80.19525909,59975,59986,11
12.91905975,80.19615173,59986,59996,10
12.91989994,80.19657898,59996,60006,10
12.92082977,80.1968689,60006,60016,10
12.92173958,80.19721222,60016,60026,10
12.92247009,80.19735718,60026,60036,10
12.92319012,80.1974411,60036,60046,10
12.92413044,80.1975174,60046,60056,10
12.92496967,80.1975174,60056,60066,10
12.92521954,80.19750214,60066,60076,10
12.92560959,80.19750214,60076,60086,10
12.92628002,80.19754791,60086,60102,16
12.92733955,80.19805145,60102,60114,12
12.92794037,80.19876862,60114,60125,11
12.92835999,80.1996994,60125,60134,9
12.92848969,80.20057678,60134,60145,11
12.92854023,80.20159912,60145,60155,10
12.92858028,80.20237732,60155,60165,10
12.92903996,80.20272064,60165,60174,9
12.92961979,80.20276642,60174,60185,11
12.93019009,80.20285034,60185,60195,10
12.93085003,80.20301819,60195,60205,10
12.93155956,80.20326233,60205,60215,10
12.93229961,80.20349121,60215,60225,10
12.9328804,80.20366669,60225,60235,10
12.93323994,80.20379639,60235,60245,10
12.93358994,80.20388794,60245,60256,11
12.93395996,80.20393372,60256,60266,10
12.9340601,80.20391846,60266,60276,10
12.93457985,80.2039566,60276,60286,10
12.9351902,80.20417786,60286,60296,10
12.93585014,80.20443726,60296,60306,10
12.93647957,80.20462799,60306,60316,10
12.93712997,80.2048111,60316,60326,10
12.93785954,80.20501709,60326,60336,10
12.93859005,80.20523071,60336,60346,10
12.93939972,80.20548248,60346,60356,10
12.94003963,80.20565033,60356,60366,10
12.94013023,80.20570374,60366,60376,10
12.94056034,80.20581818,60376,60387,11
12.94132996,80.20616913,60387,60397,10
12.94207954,80.20668793,60397,60407,10
12.94270039,80.20726776,60407,60417,10
12.94324017,80.20791626,60417,60433,16
12.94417953,80.20832825,60433,60445,12
12.94437027,80.20838928,60445,60453,8
12.9446497,80.20850372,60453,60464,11
12.94528008,80.2087326,60464,60474,10
12.94608974,80.20903015,60474,60485,11
12.9471302,80.20944214,60485,60495,10
12.94789982,80.20973206,60495,60505,10
12.94859028,80.2099762,60505,60516,11
12.94978046,80.21047974,60516,60526,10
12.95096016,80.21098328,60526,60536,10
12.95201969,80.21140289,60536,60546,10
12.95269966,80.21164703,60546,60556,10
12.95298958,80.2117691,60556,60566,10
12.95316982,80.21186829,60566,60576,10
12.9533596,80.21193695,60576,60586,10
12.95368958,80.21205902,60586,60596,10
12.95431995,80.21231842,60596,60606,10
12.95514011,80.21266174,60606,60616,10
12.95613956,80.21304321,60616,60626,10
12.95707989,80.21337891,60626,60636,10
12.95829964,80.21388245,60636,60647,11
12.95944023,80.21433258,60647,60657,10
12.96039963,80.21472931,60657,60667,10
12.96138954,80.21510315,60667,60677,10
12.9625597,80.2155838,60677,60687,10
12.96350956,80.2159729,60687,60697,10
12.96389961,80.21611786,60697,60707,10
12.96455956,80.21643066,60707,60717,10
12.96537018,80.21675873,60717,60727,10
12.96617031,80.21707916,60727,60737,10
12.96687984,80.21736145,60737,60747,10
12.96751976,80.21761322,60747,60757,10
12.9681797,80.21788025,60757,60768,11
12.96916008,80.21826172,60768,60778,10
12.97029018,80.21868134,60778,60788,10
12.97115993,80.21896362,60788,60798,10
12.97126961,80.2190094,60798,60808,10
12.97142982,80.21910095,60808,60818,10
12.97194958,80.2193222,60818,60828,10
12.97270012,80.21964264,60828,60838,10
12.97362041,80.22000122,60838,60848,10
12.97457981,80.22039795,60848,60858,10
12.97517967,80.22059631,60858,61030,172
12.97517967,80.22059631,61030,61040,10
12.97548008,80.2207489,61040,61050,10
12.97574043,80.22102356,61050,61060,10
12.97609043,80.2212677,61060,61070,10
12.97614956,80.22128296,61070,61080,10
12.97630024,80.22129059,61080,61090,10
12.97669983,80.22129059,61090,61100,10
12.97741985,80.22125244,61100,61109,9
12.9780798,80.22122192,61109,61120,11
12.97879028,80.22119141,61120,61130,10
12.97970009,80.221138,61130,61140,10
12.98031044,80.22107697,61140,61150,10
12.98066998,80.22104645,61150,61161,11
12.98114967,80.22116852,61161,61171,10
12.98171043,80.22149658,61171,61181,10
12.98213005,80.22173309,61181,61191,10
12.98243999,80.2218399,61191,61201,10
12.98262024,80.22187042,61201,61211,10
12.98272038,80.22189331,61211,61221,10
12.98297977,80.22200012,61221,61231,10
12.98318005,80.22212982,61231,61241,10
12.98349953,80.22232056,61241,61251,10
12.98383999,80.22254181,61251,61261,10
12.98429966,80.22281647,61261,61271,10
12.98474026,80.22309875,61271,61281,10
12.98519039,80.22325897,61281,61292,11
12.98554993,80.22312164,61292,61302,10
12.98575974,80.22299957,61302,61312,10
12.98587036,80.22297668,61312,61322,10
12.98608017,80.22297668,61322,61332,10
12.98624039,80.22299957,61332,61342,10
12.98645973,80.2230072,61342,61352,10
12.98682976,80.22305298,61352,61362,10
12.98719978,80.22310638,61362,61372,10
12.98775959,80.22302246,61372,61382,10
12.98843956,80.22251129,61382,61392,10
12.98904037,80.22180176,61392,61402,10
12.98954964,80.22120667,61402,61412,10
12.99013996,80.2206192,61412,61423,11
12.99026966,80.22051239,61423,61433,10
12.99042034,80.22039032,61433,61443,10
12.99071026,80.22012329,61443,61453,10
12.99088001,80.22001648,61453,61463,10
12.99122047,80.21974182,61463,61473,10
12.99174023,80.21938324,61473,61483,10
12.99230957,80.21897125,61483,61493,10
12.99295044,80.21852112,61493,61503,10
12.99359989,80.21804047,61503,61513,10
12.99411964,80.21766663,61513,61523,10
12.99468994,80.21724701,61523,61533,10
12.99532032,80.21685028,61533,61544,11
12.99600029,80.21659851,61544,61554,10
12.9963398,80.21656036,61554,61564,10
12.99656963,80.21655273,61564,61574,10
12.99674034,80.21653748,61574,61584,10
12.99695015,80.21650696,61584,61594,10
12.99728966,80.21627808,61594,61614,20
12.99728966,80.21627808,61614,61624,10
12.9974699,80.2162323,61624,61634,10
12.99755001,80.21613312,61634,61644,10
12.99785042,80.2158432,61644,61654,10
12.99829006,80.21540833,61654,61664,10
12.99892998,80.21489716,61664,61675,11
12.9993,80.21457672,61675,61685,10
12.99981022,80.2141571,61685,61695,10
13.00034046,80.21372223,61695,61705,10
13.00094986,80.21317291,61705,61715,10
13.00164032,80.21264648,61715,61725,10
13.00224018,80.21225739,61725,61735,10
13.00275993,80.21212769,61735,61745,10
13.00323963,80.21209717,61745,61755,10
13.00382042,80.21202087,61755,61765,10
13.00454044,80.21230316,61765,61775,10
13.00514984,80.21259308,61775,61785,10
13.00594044,80.21292114,61785,61795,10
13.00662041,80.2127533,61795,61806,11
13.00771046,80.21295929,61806,61826,20
13.00771046,80.21295929,61826,61836,10
13.00784016,80.21305084,61836,61846,10
13.00786018,80.21307373,61846,61856,10
13.00798035,80.21318054,61856,61866,10
13.00833988,80.21333313,61866,61876,10
13.00881004,80.21378326,61876,61886,10
13.0093298,80.2144928,61886,61896,10
13.00969982,80.21507263,61896,61906,10
13.01008034,80.21556091,61906,61916,10
13.01056957,80.21611023,61916,61926,10
13.01084042,80.21688843,61926,61937,11
13.01124001,80.21787262,61937,61947,10
13.01161957,80.21896362,61947,61957,10
13.01202011,80.22019958,61957,61966,9
13.01239967,80.22115326,61966,61976,10
13.01266003,80.22167969,61976,61987,11
13.01309013,80.22229004,61987,61997,10
13.01352024,80.22283936,61997,62007,10
13.01391983,80.22328949,62007,62017,10
13.01410007,80.22350311,62017,62027,10
13.01432991,80.22371674,62027,62037,10
13.01465988,80.22409821,62037,62047,10
13.01515007,80.22467804,62047,62057,10
13.01527023,80.224823,62057,62068,11
13.01541996,80.22493744,62068,62078,10
13.01580048,80.22522736,62078,62088,10
13.01648998,80.22532654,62088,62098,10
13.01733017,80.22503662,62098,62108,10
13.01823997,80.22467804,62108,62118,10
13.01926041,80.22438049,62118,62128,10
13.01990032,80.22463989,62128,62138,10
13.02038956,80.22501373,62138,62148,10
13.0209198,80.22537994,62148,62158,10
13.02124977,80.22563171,62158,62168,10
13.02182007,80.22599792,62168,62178,10
13.02200985,80.22612,62178,62188,10
13.02213955,80.22625732,62188,62199,11
13.02256012,80.22664642,62199,62209,10
13.02313042,80.227211,62209,62219,10
13.02373981,80.2277298,62219,62229,10
13.02404022,80.22805023,62229,62239,10
13.02435017,80.22840881,62239,62249,10
13.0247097,80.22894287,62249,62259,10
13.02499008,80.2293396,62259,62269,10
13.02525043,80.22966766,62269,62279,10
13.02552986,80.23007202,62279,62289,10
13.02575016,80.23040009,62289,62299,10
13.02587986,80.23065186,62299,62309,10
13.02595043,80.23088074,62309,62320,11
13.02602005,80.23116302,62320,62330,10
13.02612972,80.23137665,62330,62340,10
13.02651024,80.23127747,62340,62350,10
13.02735996,80.23111725,62350,62360,10
13.02805996,80.23101044,62360,62370,10
13.02842999,80.2309494,62370,62380,10
13.02853966,80.2309494,62380,62390,10
13.02884007,80.23091888,62390,62400,10
13.02927017,80.23088074,62400,62481,81
13.02927017,80.23088074,62481,62491,10
13.02947044,80.23085785,62491,62501,10
13.02974987,80.23082733,62501,62511,10
13.03003025,80.23081207,62511,62521,10
13.03015995,80.23079681,62521,62531,10
13.03032017,80.23078918,62531,62541,10
13.03057003,80.2307663,62541,62551,10
13.03081989,80.23075867,62551,62561,10
13.03083992,80.23075104,62561,62571,10
13.03114986,80.23072815,62571,62582,11
13.03170013,80.23068237,62582,62592,10
13.03234005,80.23062897,62592,62602,10
13.03324032,80.23053741,62602,62622,20
13.03324032,80.23053741,62622,62632,10
13.03337955,80.23052979,62632,62642,10
13.03363991,80.23052216,62642,62652,10
13.03396034,80.23047638,62652,62713,61
13.03396034,80.23047638,62713,62723,10
13.03409004,80.23049927,62723,62733,10
13.03444958,80.23043823,62733,62743,10
13.03479958,80.23033905,62743,62753,10
13.03493023,80.23027802,62753,62763,10
13.03487968,80.23001862,62763,62985,222
13.03462029,80.22985077,62985,63499,514
13.03448963,80.22998047,63499,63740,241
13.03448963,80.22998047,63740,63751,11
13.03423023,80.22982788,63751,64002,251
13.03421974,80.23023224,64002,64164,162
13.03421974,80.23023224,64164,64174,10
13.03419971,80.2303009,64174,64184,10
13.03409958,80.23047638,64184,64194,10
13.03384972,80.23046875,64194,64204,10
13.03330994,80.23049927,64204,64214,10
13.03300953,80.23049927,64214,64254,40
13.03300953,80.23049927,64254,64264,10
13.03256989,80.23058319,64264,64285,21
13.03256989,80.23058319,64285,64295,10
13.03223038,80.23062897,64295,64365,70
13.03223038,80.23062897,64365,64375,10
13.03188038,80.23066711,64375,64385,10
13.03186035,80.23065948,64385,64396,11
13.0316,80.23068237,64396,64406,10
13.03131962,80.23068237,64406,64426,20
13.03131962,80.23068237,64426,64436,10
13.03092003,80.23072052,64436,64446,10
13.03069973,80.23072052,64446,64456,10
13.0302,80.23078156,64456,64516,60
13.0302,80.23078156,64516,64527,11
13.02966022,80.23085785,64527,64537,10
13.02923965,80.23090363,64537,64547,10
13.02867985,80.23094177,64547,64557,10
13.02799988,80.23100281,64557,64567,10
13.02772045,80.23110199,64567,64577,10
13.02775002,80.23156738,64577,64587,10
13.0278101,80.23217773,64587,64597,10
13.02789021,80.23271942,64597,64607,10
13.0273304,80.23284149,64607,64637,30
13.0273304,80.23284149,64637,64647,10
13.02700996,80.23293304,64647,64657,10
13.02678967,80.23297882,64657,64668,11
13.02637959,80.23287201,64668,64684,16
13.02604008,80.23169708,64684,64696,12
13.02556038,80.23036957,64696,64705,9
13.02507019,80.22968292,64705,64717,12
13.02490044,80.22944641,64717,64727,10
13.02468014,80.22915649,64727,64737,10
13.0243597,80.22870636,64737,64747,10
13.02381992,80.22808075,64747,64757,10
13.02311993,80.22740936,64757,64777,20
13.02311993,80.22740936,64777,64788,11
13.02280998,80.22718048,64788,64798,10
13.02254009,80.22676849,64798,64808,10
13.02198029,80.2263031,64808,64818,10
13.02136993,80.22582245,64818,64828,10
13.02064037,80.22525787,64828,64838,10
13.0197897,80.22467041,64838,64848,10
13.01869965,80.22450256,64848,64867,19
13.01702976,80.22518158,64867,64879,12
13.01659012,80.22537231,64879,64887,8
13.01640987,80.22543335,64887,64899,12
13.01587963,80.22563171,64899,64909,10
13.01531029,80.2258606,64909,64920,11
13.01461983,80.22615051,64920,64930,10
13.01449013,80.22619629,64930,64940,10
13.01418972,80.22633362,64940,64950,10
13.01360035,80.22653961,64950,64960,10
13.01280022,80.22683716,64960,64970,10
13.01179028,80.22724152,64970,64980,10
13.01064968,80.22767639,64980,64990,10
13.00975037,80.22796631,64990,65000,10
13.00949955,80.22756195,65000,65010,10
13.0097599,80.22709656,65010,65020,10
13.0101099,80.22634888,65020,65039,19
13.01080036,80.22467041,65039,65051,12
13.0111599,80.22386169,65051,65062,11
13.01132011,80.22335815,65062,65072,10
13.01169968,80.22231293,65072,65082,10
13.01196003,80.2216568,65082,65092,10
13.01208973,80.22135162,65092,65102,10
13.01212978,80.2210083,65102,65112,10
13.01193047,80.22038269,65112,65122,10
13.0116396,80.21946716,65122,65131,9
13.01134014,80.21846008,65131,65142,11
13.01093006,80.2173996,65142,65152,10
13.01049995,80.21646118,65152,65162,10
13.01006031,80.21565247,65162,65172,10
13.00963974,80.21492767,65172,65183,11
13.00918961,80.21434021,65183,65192,9
13.00891018,80.21398926,65192,65213,21
13.00891018,80.21398926,65213,65223,10
13.00881004,80.21386719,65223,65233,10
13.00860977,80.21363068,65233,65283,50
13.00860977,80.21363068,65283,65293,10
13.00844002,80.21349335,65293,65303,10
13.00811958,80.21331024,65303,65324,21
13.00811958,80.21331024,65324,65334,10
13.00790977,80.21320343,65334,65354,20
13.00790977,80.21320343,65354,65364,10
13.0078001,80.21305847,65364,65374,10
13.00743008,80.21285248,65374,65384,10
13.00695992,80.21278381,65384,65394,10
13.00631046,80.21285248,65394,65404,10
13.00557041,80.21289063,65404,65414,10
13.00489998,80.21247864,65414,65424,10
13.0042696,80.21218109,65424,65434,10
13.00354004,80.21209717,65434,65445,11
13.00290012,80.21211243,65445,65455,10
13.00255966,80.21217346,65455,65465,10
13.00222015,80.21230316,65465,65475,10
13.00175953,80.2126236,65475,65485,10
13.00115967,80.21308136,65485,65495,10
13.00051022,80.21366119,65495,65505,10
12.99993038,80.21414185,65505,65515,10
12.99956036,80.21443939,65515,65525,10
12.99913025,80.21482086,65525,65535,10
12.99884033,80.21505737,65535,65544,9
12.99839973,80.21543121,65544,65554,10
12.99787998,80.21585846,65554,65586,32
12.99787998,80.21585846,65586,65596,10
12.99765015,80.21604156,65596,65606,10
12.99724007,80.21653748,65606,65626,20
12.99724007,80.21653748,65626,65636,10
12.99695015,80.21656036,65636,65646,10
12.99662971,80.21658325,65646,65656,10
12.99621964,80.21665192,65656,65676,20
12.99621964,80.21665192,65676,65686,10
12.99582958,80.21672821,65686,65717,31
12.99582958,80.21672821,65717,65727,10
12.99530983,80.21692657,65727,65737,10
12.99514008,80.21703339,65737,65747,10
12.99497986,80.21713257,65747,65757,10
12.99456978,80.2173996,65757,65767,10
12.99413967,80.21774292,65767,65777,10
12.99380016,80.21800232,65777,65787,10
12.9932003,80.21840668,65787,65797,10
12.99256992,80.21890259,65797,65807,10
12.99192047,80.21938324,65807,65817,10
12.99151993,80.21968079,65817,65828,11
12.99088001,80.22010803,65828,65848,20
12.99088001,80.22010803,65848,65858,10
12.99051952,80.22039795,65858,65868,10
12.98981953,80.22099304,65868,65888,20
12.98981953,80.22099304,65888,65898,10
12.98954964,80.2212677,65898,65908,10
12.98937988,80.22151947,65908,65918,10
12.98913002,80.22189331,65918,65928,10
12.9887104,80.2223587,65928,65938,10
12.98814964,80.22286224,65938,65948,10
12.98785973,80.22306061,65948,65959,11
12.98760033,80.22309113,65959,65969,10
12.98731995,80.2230835,65969,65979,10
12.98705959,80.22303772,65979,65989,10
12.98672009,80.2230072,65989,65999,10
12.98624039,80.22296906,65999,66009,10
12.98567009,80.22312927,66009,66019,10
12.9853096,80.22328949,66019,66029,10
12.98480988,80.22312164,66029,66039,10
12.98437977,80.22286224,66039,66049,10
12.98379993,80.22255707,66049,66069,20
12.98379993,80.22255707,66069,66079,10
12.98357964,80.22242737,66079,66090,11
12.98355961,80.22241211,66090,66100,10
12.98342037,80.22234344,66100,66110,10
12.98322964,80.22219849,66110,66120,10
12.98316002,80.22216034,66120,66130,10
12.98297977,80.22203064,66130,66140,10
12.98268986,80.22187042,66140,66160,20
12.98268986,80.22187042,66160,66170,10
12.98250008,80.22187805,66170,66180,10
12.98223972,80.22180176,66180,66190,10
12.98186016,80.22154236,66190,66200,10
12.98130035,80.22116852,66200,66210,10
12.98071003,80.22103882,66210,66221,11
12.97980976,80.22112274,66221,66231,10
12.97881985,80.22116852,66231,66241,10
12.9777298,80.22125244,66241,66257,16
12.97681046,80.2212677,66257,66269,12
12.97593975,80.22136688,66269,66319,50
12.97593975,80.22136688,66319,66329,10
12.97566032,80.221138,66329,66339,10
12.97546959,80.22096252,66339,66349,10
12.97515011,80.22071838,66349,66360,11
12.97447014,80.22039795,66360,66370,10
12.97412014,80.22023773,66370,66380,10
12.97395992,80.2201767,66380,66390,10
12.97364998,80.22007751,66390,66400,10
12.97350025,80.22001648,66400,66410,10
12.97315979,80.21985626,66410,66420,10
12.97259045,80.21968079,66420,66430,10
12.97192001,80.2194519,66430,66440,10
12.97144032,80.21927643,66440,66450,10
12.97140026,80.2192688,66450,66460,10
12.97126007,80.21923065,66460,66471,11
12.97122002,80.21920013,66471,66481,10
12.97099972,80.21914673,66481,66491,10
12.97076035,80.21903229,66491,66501,10
12.97033978,80.21878815,66501,66511,10
12.96977997,80.21855927,66511,66521,10
12.96912003,80.21829987,66521,66531,10
12.9684,80.21801758,66531,66541,10
12.96767044,80.21772003,66541,66551,10
12.96685028,80.21739197,66551,66561,10
12.96605968,80.21707916,66561,66571,10
12.96485996,80.21661377,66571,66581,10
12.96397018,80.21623993,66581,66591,10
12.96352005,80.21605682,66591,66602,11
12.96294022,80.21576691,66602,66612,10
12.96218967,80.21546936,66612,66622,10
12.96127987,80.21511841,66622,66632,10
12.96022987,80.21470642,66632,66642,10
12.95917034,80.21425629,66642,66652,10
12.95808983,80.21382904,66652,66662,10
12.95701027,80.21340179,66662,66672,10
12.95592976,80.21296692,66672,66682,10
12.95483971,80.2125473,66682,66692,10
12.95394993,80.21219635,66692,66702,10
12.95252037,80.21163177,66702,66712,10
12.95121002,80.21111298,66712,66722,10
12.94989967,80.21058655,66722,66733,11
12.94855976,80.21006775,66733,66743,10
12.94734001,80.20960236,66743,66753,10
12.94608974,80.2091217,66753,66763,10
12.94511032,80.20871735,66763,66773,10
12.94466972,80.2085495,66773,66783,10
12.94447994,80.20847321,66783,66793,10
12.9442997,80.20841217,66793,66813,20
12.9440403,80.20832062,66813,66853,40
12.9440403,80.20832062,66853,66864,11
12.94371986,80.20813751,66864,66874,10
12.9435997,80.20809174,66874,66884,10
12.94322014,80.20791626,66884,66894,10
12.94277,80.2074585,66894,66904,10
12.94244003,80.20703125,66904,66914,10
12.94192028,80.20658112,66914,66924,10
12.9412899,80.20613098,66924,66934,10
12.94104004,80.20601654,66934,66944,10
12.9409399,80.20596313,66944,66954,10
12.94048977,80.20578766,66954,66964,10
12.9399004,80.20561218,66964,66974,10
12.93959999,80.20552826,66974,66984,10
12.93908024,80.2053833,66984,66995,11
12.93836021,80.20514679,66995,67005,10
12.93782043,80.20500183,67005,67015,10
12.93712044,80.20481873,67015,67025,10
12.93630028,80.20458221,67025,67034,9
12.93577957,80.204422,67034,67045,11
12.93537045,80.20426178,67045,67055,10
12.93482971,80.20406342,67055,67065,10
12.93400955,80.20394135,67065,67075,10
12.93375969,80.20391846,67075,67085,10
12.9337101,80.20391083,67085,67095,10
12.93334961,80.20384216,67095,67105,10
12.93280029,80.20362091,67105,67115,10
12.93208027,80.20336914,67115,67126,11
12.93122959,80.20308685,67126,67136,10
12.93058014,80.20291901,67136,67146,10
12.93008041,80.20281982,67146,67156,10
12.9295702,80.20275879,67156,67166,10
12.92943001,80.20274353,67166,67176,10
12.92940044,80.20272827,67176,67186,10
12.92907047,80.20269775,67186,67196,10
12.92868042,80.20262909,67196,67206,10
12.92846966,80.20211792,67206,67216,10
12.92846012,80.20200348,67216,67226,10
12.92844009,80.20178986,67226,67236,10
12.92844009,80.20131683,67236,67247,11
12.92840958,80.20050812,67247,67257,10
12.92825985,80.19965363,67257,67267,10
12.92786026,80.19875336,67267,67277,10
12.92716026,80.19795227,67277,67287,10
12.92632008,80.19757843,67287,67297,10
12.92549992,80.19750977,67297,67307,10
12.92521954,80.19750214,67307,67317,10
12.92465973,80.19750214,67317,67327,10
12.92389965,80.19747925,67327,67337,10
12.92313957,80.19741821,67337,67347,10
12.92230988,80.19730377,67347,67357,10
12.92160034,80.19712067,67357,67367,10
12.92098045,80.19689178,67367,67378,11
12.92033958,80.19667053,67378,67388,10
12.91977978,80.19645691,67388,67398,10
12.91934013,80.19625854,67398,67408,10
12.91897964,80.19599915,67408,67418,10
12.91858006,80.19564056,67418,67428,10
12.91814041,80.19525146,67428,67438,10
12.9176302,80.19477844,67438,67448,10
12.91709995,80.19423676,67448,67468,20
12.91709995,80.19423676,67468,67478,10
12.91697979,80.19402313,67478,67488,10
12.91693974,80.19361115,67488,67504,16
12.91697979,80.19302368,67504,67517,13
12.91703033,80.19261169,67517,67527,10
12.91703987,80.19238281,67527,67536,9
12.91703987,80.19232941,67536,67547,11
12.91714001,80.19193268,67547,67557,10
12.91720009,80.19133759,67557,67577,20
12.91720009,80.19133759,67577,67587,10
12.91724014,80.19122314,67587,67597,10
12.91726017,80.19090271,67597,67608,11
12.91724968,80.19077301,67608,67618,10
12.91726971,80.19049072,67618,67628,10
12.91734982,80.18994141,67628,67639,11
12.91763973,80.18913269,67639,67649,10
12.91818047,80.18839264,67649,67659,10
12.91854954,80.18798828,67659,67669,10
12.91886044,80.18768311,67669,67679,10
12.91930962,80.18715668,67679,67689,10
12.91975021,80.18669128,67689,67699,10
12.92031002,80.1860199,67699,67709,10
12.92047024,80.18509674,67709,67719,10
12.92026997,80.18424225,67719,67729,10
12.92008972,80.18334961,67729,67739,10
12.91991043,80.18261719,67739,67830,91
12.91991043,80.18261719,67830,67840,10
12.9198103,80.18229675,67840,67850,10
12.91969967,80.18183899,67850,67860,10
12.91956043,80.18123627,67860,67870,10
12.91940975,80.18045807,67870,67880,10
12.91917992,80.17952728,67880,67891,11
12.91874027,80.17883301,67891,67901,10
12.91827965,80.17819977,67901,67911,10
12.91818047,80.17727661,67911,67921,10
12.91833019,80.17636108,67921,67931,10
12.91858006,80.17537689,67931,67941,10
12.91882038,80.17431641,67941,67951,10
12.91907978,80.1733017,67951,67961,10
12.91930962,80.17241669,67961,67971,10
12.91948032,80.17176819,67971,67981,10
12.91965961,80.17115021,67981,67991,10
12.91975021,80.17082214,67991,68001,10
12.91979027,80.17073059,68001,68011,10
12.91993046,80.1703186,68011,68022,11
12.92018032,80.16951752,68022,68032,10
12.92047977,80.16860199,68032,68042,10
12.92074013,80.16777802,68042,68052,10
12.92103004,80.16687775,68052,68062,10
12.92138004,80.16584778,68062,68072,10
12.92173004,80.16477203,68072,68082,10
12.92201996,80.16378784,68082,68092,10
12.92232037,80.16282654,68092,68102,10
12.92265987,80.16181183,68102,68112,10
12.92292023,80.16100311,68112,68122,10
12.92306995,80.1603775,68122,68132,10
12.92308998,80.16033173,68132,68142,10
12.92315006,80.16015625,68142,68153,11
12.92325974,80.1594696,68153,68163,10
12.92337036,80.15862274,68163,68173,10
12.92348003,80.15753174,68173,68183,10
12.92356968,80.15650177,68183,68193,10
12.92352009,80.15557098,68193,68203,10
12.92333984,80.15499115,68203,68213,10
12.92329025,80.15483093,68213,68223,10
12.92323971,80.15454102,68223,68233,10
12.92317009,80.15424347,68233,68243,10
12.92310047,80.15402222,68243,68253,10
12.92304039,80.15380096,68253,68263,10
12.92300987,80.15364075,68263,68314,51
12.92300987,80.15364075,68314,68324,10
12.92298985,80.15332794,68324,68334,10
12.9229002,80.15302277,68334,68344,10
12.92269993,80.15254211,68344,68404,60
12.92269993,80.15254211,68404,68415,11
12.92269993,80.15241241,68415,68425,10
12.92263985,80.1521225,68425,68435,10
12.92261028,80.15177155,68435,68445,10
12.92261028,80.15132141,68445,68455,10
12.92259026,80.15068817,68455,68465,10
12.92255974,80.14997864,68465,68475,10
12.92253971,80.14933014,68475,68484,9
12.92249012,80.14864349,68484,68495,11
12.92249012,80.14790344,68495,68504,9
12.92245007,80.14771271,68504,68515,11
12.92247963,80.14723206,68515,68524,9
12.92247963,80.14658356,68524,68536,12
12.92243004,80.14553833,68536,68546,10
12.92240047,80.14450836,68546,68556,10
12.92236042,80.14394379,68556,68566,10
12.92240047,80.14376831,68566,68576,10
12.92238998,80.14335632,68576,68586,10
12.92238998,80.14296722,68586,68596,10
12.92236996,80.14264679,68596,68606,10
12.92238045,80.14251709,68606,68616,10
12.92236042,80.14231873,68616,68632,16
12.9223299,80.14196777,68632,68644,12
12.92230034,80.14160919,68644,68652,8
12.92228985,80.14144135,68652,68664,12
12.92230034,80.14134216,68664,68675,11
12.92228985,80.14099884,68675,68685,10
12.92230034,80.14079285,68685,68695,10
12.92230034,80.14054108,68695,68705,10
12.92230034,80.14041901,68705,68715,10
12.92232037,80.14028931,68715,68725,10
12.92230034,80.13980103,68725,68736,11
12.92228031,80.13913727,68736,68746,10
12.92228985,80.13880157,68746,68756,10
12.92232037,80.13834381,68756,68766,10
12.92234039,80.13784027,68766,68776,10
12.92238998,80.13707733,68776,68786,10
12.92243958,80.13639832,68786,68797,11
12.92245007,80.13564301,68797,68807,10
12.9224596,80.1350708,68807,68817,10
12.92251968,80.13459778,68817,68827,10
12.9225502,80.13385773,68827,68837,10
12.92257977,80.13305664,68837,68847,10
12.92257977,80.13236237,68847,68857,10
12.92261028,80.13156128,68857,68867,10
12.92263031,80.13117218,68867,68877,10
12.92265034,80.13088989,68877,68887,10
12.92265987,80.13030243,68887,68897,10
12.92271042,80.12991333,68897,68907,10
12.92273045,80.12949371,68907,68917,10
12.92273998,80.12905121,68917,68928,11
12.92278004,80.12867737,68928,68938,10
12.92276955,80.12828064,68938,68948,10
12.92278004,80.1276474,68948,68958,10
12.9228096,80.1268692,68958,68968,10
12.92284012,80.12600708,68968,68978,10
12.9229002,80.12531281,68978,68988,10
12.92292023,80.12457275,68988,68998,10
12.92294025,80.123703,68998,69008,10
12.92298985,80.12268066,69008,69018,10
12.9230299,80.12152863,69018,69028,10
12.92310047,80.12069702,69028,69048,20
12.92310047,80.12069702,69048,69059,11
12.92319012,80.12037659,69059,69089,30
12.92319012,80.12037659,69089,69099,10
12.92323971,80.12004089,69099,69109,10
12.9232502,80.11930084,69109,69125,16
12.92327023,80.11830139,69125,69137,12
12.92335987,80.11778259,69137,69145,8
12.92339993,80.11717987,69145,69157,12
12.92339993,80.11701965,69157,69167,10
12.9233799,80.11688995,69167,69177,10
12.92352009,80.11685181,69177,69188,11
12.92350006,80.11724091,69188,69198,10
12.92356014,80.1177063,69198,69207,9
12.9235096,80.11817932,69207,69218,11
12.92346954,80.1187973,69218,69228,10
12.92341042,80.11940002,69228,69238,10
12.92337036,80.11985779,69238,69247,9
12.92335033,80.12007904,69247,69258,11
12.92335033,80.12020111,69258,69268,10
12.92329979,80.1205368,69268,69278,10
12.92329979,80.12095642,69278,69369,91
12.92329979,80.12095642,69369,69379,10
12.92329979,80.12110138,69379,69389,10
12.92329979,80.12133789,69389,69480,91
12.92329979,80.12133789,69480,69490,10
12.92329979,80.12148285,69490,69500,10
12.92321014,80.12168121,69500,69510,10
12.92319012,80.12216187,69510,69520,10
12.9231596,80.12294006,69520,69530,10
12.92311954,80.12389374,69530,69540,10
12.92308044,80.12477875,69540,69550,10
12.92308044,80.12545013,69550,69560,10
12.92308044,80.1255722,69560,69571,11
12.92300034,80.1259079,69571,69581,10
12.92298031,80.12640381,69581,69591,10
12.92296028,80.12700653,69591,69601,10
12.92294979,80.12728119,69601,69611,10
12.92292023,80.12763977,69611,69621,10
12.92292023,80.12799835,69621,69631,10
12.92288971,80.12838745,69631,69641,10
12.92284966,80.12880707,69641,69651,10
12.9228096,80.12934113,69651,69661,10
12.92278957,80.12973785,69661,69671,10
12.92278004,80.13014221,69671,69681,10
12.92276955,80.13067627,69681,69691,10
12.92278004,80.13121033,69691,69702,11
12.92278004,80.13131714,69702,69712,10
12.92276001,80.13173676,69712,69722,10
12.92273998,80.13236237,69722,69732,10
12.92269993,80.13304138,69732,69742,10
12.92267036,80.13381195,69742,69752,10
12.92263031,80.13459778,69752,69762,10
12.92259026,80.13523102,69762,69772,10
12.92255974,80.13587952,69772,69782,10
12.92251968,80.13668823,69782,69792,10
12.92247963,80.13741302,69792,69802,10
12.92245007,80.13806915,69802,69812,10
12.92243958,80.13838959,69812,69822,10
12.92238998,80.13864136,69822,69833,11
12.92234993,80.1391983,69833,69843,10
12.92236042,80.13981628,69843,69853,10
12.92238045,80.14024353,69853,69863,10
12.92238998,80.14071655,69863,69873,10
12.92241001,80.14102936,69873,69883,10
12.92241955,80.1412735,69883,69903,20
12.92241955,80.1412735,69903,69913,10
12.92243004,80.1415329,69913,69923,10
12.92241955,80.14170074,69923,69943,20
12.92241955,80.14170074,69943,69954,11
12.92241955,80.14219666,69954,69964,10
12.9224596,80.14260101,69964,70014,50
12.9224596,80.14260101,70014,70024,10
12.92245007,80.1428299,70024,70034,10
12.9224596,80.14325714,70034,70044,10
12.92249966,80.14362335,70044,70054,10
12.92249966,80.14363098,70054,70064,10
12.92247963,80.14395142,70064,70074,10
12.92249012,80.14450073,70074,70085,11
12.92253017,80.14543152,70085,70095,10
12.92255974,80.14629364,70095,70105,10
12.92259979,80.14687347,70105,70115,10
12.92261982,80.14730072,70115,70145,30
12.92261982,80.14730072,70145,70155,10
12.92261028,80.14768219,70155,70165,10
12.92259026,80.14829254,70165,70181,16
12.92263031,80.14954376,70181,70193,12
12.92267036,80.15055084,70193,70201,8
12.92269039,80.15081024,70201,70213,12
12.92269993,80.15129089,70213,70224,11
12.92269993,80.15141296,70224,70233,9
12.92271042,80.15151215,70233,70244,11
12.92271996,80.15175629,70244,70254,10
12.92278004,80.15232086,70254,70263,9
12.92294025,80.15302277,70263,70274,11
12.92317963,80.15397644,70274,70284,10
12.92339039,80.15467834,70284,70293,9
12.92341995,80.15480042,70293,70303,10
12.92346001,80.15498352,70303,70314,11
12.92356968,80.15551758,70314,70324,10
12.92366982,80.15628052,70324,70334,10
12.92358017,80.15724945,70334,70345,11
12.92346954,80.15843201,70345,70355,10
12.92335987,80.15953827,70355,70365,10
12.92325974,80.16034698,70365,70375,10
12.9232502,80.16043854,70375,70385,10
12.92317009,80.16068268,70385,70395,10
12.92298031,80.16127014,70395,70405,10
12.92271042,80.16210175,70405,70415,10
12.92236042,80.16313171,70415,70425,10
12.92208004,80.16404724,70425,70435,10
12.92173958,80.16506195,70435,70445,10
12.92140007,80.1661377,70445,70455,10
12.92109966,80.167099,70455,70466,11
12.92082977,80.16797638,70466,70476,10
12.9205904,80.16863251,70476,70486,10
12.92037964,80.16934967,70486,70496,10
12.9201498,80.17015076,70496,70506,10
12.91996002,80.17076111,70506,70516,10
12.91985035,80.17111969,70516,70526,10
12.91971016,80.17160034,70526,70536,10
12.91952991,80.17227173,70536,70546,10
12.91932011,80.17308807,70546,70556,10
12.91905975,80.17404175,70556,70565,9
12.91888046,80.17485046,70565,70576,11
12.91856956,80.17604828,70576,70586,10
12.91849995,80.17637634,70586,70596,10
12.91837978,80.17691803,70596,70607,11
12.91825008,80.17784882,70607,70617,10
12.91870022,80.17861938,70617,70627,10
12.91924953,80.17944336,70627,70637,10
12.91952991,80.18054199,70637,70647,10
12.91975975,80.18161011,70647,70657,10
12.92000008,80.18267822,70657,70667,10
12.92016983,80.18335724,70667,70677,10
12.92018986,80.18344116,70677,70687,10
12.92029953,80.18383026,70687,70697,10
12.92041969,80.18444061,70697,70707,10
12.92053032,80.18495178,70707,70717,10
12.92055988,80.18520355,70717,70728,11
12.92066002,80.18557739,70728,70738,10
12.92051983,80.18598175,70738,70748,10
12.9200201,80.1865387,70748,70758,10
12.91948032,80.18715668,70758,70768,10
12.91886997,80.18785858,70768,70778,10
12.91825962,80.1885376,70778,70788,10
12.91777039,80.18914795,70788,70798,10
12.91751957,80.18982697,70798,70808,10
12.91740036,80.19043732,70808,70818,10
12.91732979,80.1911087,70818,70828,10
12.91724968,80.19174194,70828,70838,10
12.91718006,80.19223022,70838,70848,10
12.91707993,80.19296265,70848,70889,41
12.91707993,80.19296265,70889,70899,10
12.9170599,80.19332886,70899,70909,10
12.91707039,80.19386292,70909,70919,10
12.91730022,80.19439697,70919,70929,10
12.91783047,80.1949234,70929,70939,10
12.91843033,80.19545746,70939,70949,10
12.91897964,80.195961,70949,70959,10
12.91993999,80.19651031,70959,70979,20
12.91993999,80.19651031,70979,70990,11
12.92022991,80.1966095,70990,71000,10
12.92068005,80.1967392,71000,71010,10
12.92111015,80.19689941,71010,71020,10
12.92168045,80.19711304,71020,71030,10
12.92222977,80.197258,71030,71040,10
12.92261982,80.1973114,71040,71050,10
12.92323971,80.19740295,71050,71060,10
12.92350006,80.1974411,71060,71070,10
12.92376041,80.19745636,71070,71080,10
12.92403984,80.19747162,71080,71090,10
12.92453003,80.19747925,71090,71100,10
12.92500973,80.19745636,71100,71117,17
12.92553043,80.19747925,71117,71129,12
12.92595959,80.19750214,71129,71139,10
12.92644978,80.19757843,71139,71149,10
12.92714024,80.19789886,71149,71159,10
12.92778015,80.1985321,71159,71169,10
12.92817974,80.1993103,71169,71179,10
12.92844009,80.20024109,71179,71189,10
12.92846966,80.20105743,71189,71199,10
12.9285202,80.20162201,71199,71209,10
12.92852974,80.20200348,71209,71219,10
12.92860031,80.2024765,71219,71229,10
12.92940044,80.20269775,71229,71260,31
12.92940044,80.20269775,71260,71270,10
12.92984009,80.20278168,71270,71280,10
12.93054962,80.20288849,71280,71290,10
12.93118,80.20305634,71290,71300,10
12.93173981,80.20324707,71300,71310,10
12.93239975,80.20346069,71310,71320,10
12.93290043,80.20362091,71320,71330,10
12.93342972,80.2038269,71330,71340,10
12.93395996,80.20388031,71340,71350,10
12.93397999,80.20388031,71350,71360,10
12.93416977,80.2039032,71360,71370,10
12.93472004,80.20397186,71370,71381,11
12.93552017,80.20426941,71381,71391,10
12.93628025,80.20452881,71391,71401,10
12.93706989,80.20475006,71401,71411,10
12.9379797,80.20500183,71411,71421,10
12.93887997,80.20526886,71421,71431,10
12.93968964,80.20552063,71431,71441,10
12.93997955,80.20558929,71441,71451,10
12.94017029,80.2056427,71451,71461,10
12.94071007,80.20583344,71461,71471,10
12.94145012,80.20619202,71471,71481,10
12.9422102,80.20674896,71481,71491,10
12.94279957,80.20735931,71491,71502,11
12.94347954,80.2080307,71502,71512,10
12.94425011,80.20834351,71512,71521,9
12.94497013,80.20861053,71521,71532,11
12.94606018,80.20903015,71532,71542,10
12.9470396,80.20941162,71542,71552,10
12.94793987,80.20976257,71552,71562,10
12.94882011,80.21011353,71562,71572,10
12.94966984,80.21044159,71572,71582,10
12.9510498,80.21101379,71582,71592,10
12.95207977,80.21141815,71592,71602,10
12.95300007,80.2117691,71602,71612,10
12.95386028,80.21212006,71612,71622,10
12.9548502,80.21251678,71622,71633,11
12.95584011,80.21289825,71633,71643,10
12.95662975,80.21320343,71643,71653,10
12.95751953,80.21354675,71653,71663,10
12.95856953,80.21396637,71663,71673,10
12.95963001,80.2144165,71673,71683,10
12.96068954,80.21485138,71683,71693,10
12.96173,80.21526337,71693,71703,10
12.96278954,80.2156601,71703,71713,10
12.96362019,80.21601105,71713,71723,10
12.96438026,80.21633148,71723,71733,10
12.9653101,80.21669769,71733,71743,10
12.96619987,80.21707153,71743,71753,10
12.96702957,80.21737671,71753,71764,11
12.96780968,80.21769714,71764,71774,10
12.96846962,80.21795654,71774,71784,10
12.96961975,80.21839905,71784,71804,20
12.96961975,80.21839905,71804,71814,10
12.96980953,80.21849823,71814,71834,20
12.96980953,80.21849823,71834,71844,10
12.97010994,80.21862793,71844,71854,10
12.97037983,80.21874237,71854,71874,20
12.97037983,80.21874237,71874,71884,10
12.97070026,80.21885681,71884,71985,101
12.97070026,80.21885681,71985,71995,10
12.97099972,80.21897125,71995,72015,20
12.97099972,80.21897125,72015,72026,11
12.97117043,80.21903992,72026,72036,10
12.97130013,80.21909332,72036,72046,10
12.97150993,80.21916962,72046,72066,20
12.97150993,80.21916962,72066,72076,10
12.97177982,80.21926117,72076,72177,101
12.97177982,80.21926117,72177,72187,10
12.97212029,80.2193985,72187,72197,10
12.97212982,80.2193985,72197,72207,10
12.97227001,80.21945953,72207,72217,10
12.97245979,80.2195282,72217,72227,10
12.97274971,80.21964264,72227,72328,101
12.97274971,80.21964264,72328,72338,10
12.97307968,80.2197876,72338,72398,60
12.97307968,80.2197876,72398,72409,11
12.97338009,80.21988678,72409,72419,10
12.97346973,80.21994019,72419,72429,10
12.97364998,80.22001648,72429,72439,10
12.97395992,80.22013855,72439,72449,10
12.97436047,80.2203064,72449,72529,80
12.97451973,80.2203598,72529,72610,81
12.97451973,80.2203598,72610,72620,10
12.97451019,80.22033691,72620,72630,10
12.97469044,80.22042084,72630,72640,10
12.97498035,80.22055817,72640,72650,10
12.97523975,80.22068024,72650,72661,11
12.97544956,80.2207489,72661,72681,20
12.97544956,80.2207489,72681,72691,10
12.97574997,80.22103882,72691,72701,10
12.9760704,80.22122955,72701,72711,10
12.97609043,80.22122955,72711,72721,10
12.97624016,80.22122192,72721,72731,10
12.9766798,80.22122192,72731,72741,10
12.97749043,80.22119904,72741,72751,10
12.97826958,80.22116089,72751,72761,10
12.9792099,80.22107697,72761,72771,10
12.98017979,80.22103882,72771,72780,9
12.98062038,80.22100067,72780,72792,12
12.98110962,80.22107697,72792,72802,10
12.98171997,80.22142029,72802,72812,10
12.98239994,80.2217865,72812,72832,20
12.98239994,80.2217865,72832,72842,10
12.98278046,80.22193909,72842,72852,10
12.98283958,80.22196198,72852,72862,10
12.98301983,80.22203827,72862,72872,10
12.9830904,80.22207642,72872,72882,10
12.98330021,80.22219849,72882,72892,10
12.98357964,80.22239685,72892,72902,10
12.98396015,80.22261047,72902,72912,10
12.98439026,80.2228775,72912,72923,11
12.98497963,80.22319794,72923,72933,10
12.98550034,80.22318268,72933,72943,10
12.98595047,80.22293854,72943,72953,10
12.98616028,80.22293854,72953,72963,10
12.98651981,80.22293854,72963,72973,10
12.98670959,80.22296143,72973,72983,10
12.98698997,80.22303009,72983,72993,10
12.98733997,80.22306061,72993,73003,10
12.98795986,80.22286224,73003,73023,20
12.98795986,80.22286224,73023,73033,10
12.98820019,80.22271729,73033,73114,81
12.98843002,80.22248077,73114,73185,71
12.98843002,80.22248077,73185,73195,10
12.98875999,80.22219086,73195,73225,30
12.98875999,80.22219086,73225,73235,10
12.98900986,80.22190857,73235,73245,10
12.98911953,80.22174072,73245,73255,10
12.98931026,80.22151184,73255,73265,10
12.98943043,80.22129059,73265,73275,10
12.98962975,80.2210083,73275,73285,10
12.9904604,80.2203064,73285,73306,21
12.9904604,80.2203064,73306,73316,10
12.99063969,80.22013855,73316,73326,10
12.99096966,80.21988678,73326,73396,70
12.99096966,80.21988678,73396,73406,10
12.99123001,80.21971893,73406,73416,10
12.99139977,80.21956635,73416,73426,10
12.99174976,80.21930695,73426,73437,11
12.99209023,80.21906281,73437,73467,30
12.99209023,80.21906281,73467,73477,10
12.99234009,80.21891785,73477,73487,10
12.99248028,80.21881866,73487,73497,10
12.99256992,80.21875763,73497,73507,10
12.9927702,80.21862793,73507,73547,40
12.9927702,80.21862793,73547,73558,11
12.99302959,80.21835327,73558,73568,10
12.9932003,80.21822357,73568,73578,10
12.99337006,80.21807861,73578,73588,10
12.99351978,80.21797943,73588,73628,40
12.99351978,80.21797943,73628,73638,10
12.99386978,80.21778107,73638,73648,10
12.99405956,80.217659,73648,73658,10
12.99421024,80.21753693,73658,73668,10
12.99437046,80.21743011,73668,73678,10
12.99462032,80.21724701,73678,73689,11
12.99462032,80.21724701,73689,73699,10
12.99475002,80.21716309,73699,73709,10
12.99507999,80.21692657,73709,73719,10
12.99596977,80.21655273,73719,73801,82
12.99627972,80.21653748,73801,73832,31
12.99627972,80.21653748,73832,73842,10
12.99664974,80.21647644,73842,73852,10
12.99689007,80.21646118,73852,73862,10
12.99717999,80.21633911,73862,73872,10
12.99748993,80.21608734,73872,73882,10
12.99755955,80.21601868,73882,73892,10
12.99787045,80.21573639,73892,73902,10
12.9983902,80.21530151,73902,73912,10
12.9989996,80.21476746,73912,73922,10
12.99925041,80.21456146,73922,73932,10
12.99969959,80.2141571,73932,73942,10
13.0001297,80.21379089,73942,73953,11
13.0008297,80.21318817,73953,73963,10
13.00142002,80.21269226,73963,73973,10
13.0021801,80.21219635,73973,73983,10
13.00304031,80.2120285,73983,73993,10
13.00376034,80.21196747,73993,74003,10
13.00432014,80.21214294,74003,74013,10
13.00489044,80.21244049,74013,74023,10
13.00557995,80.21282959,74023,74033,10
13.00627041,80.21276093,74033,74043,10
13.00687027,80.21273041,74043,74053,10
13.00749969,80.21279907,74053,74074,21
13.00749969,80.21279907,74074,74084,10
13.00763988,80.21286774,74084,74094,10
13.00784969,80.21305847,74094,74104,10
13.00800037,80.21318054,74104,74114,10
13.00841045,80.21334076,74114,74124,10
13.00887966,80.21389008,74124,74134,10
13.00936985,80.21456146,74134,74144,10
13.00994015,80.21533966,74144,74154,10
13.01056004,80.21617126,74154,74164,10
13.01084042,80.21692657,74164,74174,10
13.01115036,80.21765137,74174,74184,10
13.01150036,80.21855927,74184,74194,10
13.01187038,80.21968842,74194,74205,11
13.01222992,80.22083282,74205,74215,10
13.01261044,80.22154999,74215,74225,10
13.01315975,80.22219849,74225,74235,10
13.01354027,80.22270203,74235,74245,10
13.01403046,80.22332001,74245,74255,10
13.0143404,80.22367859,74255,74265,10
13.01484013,80.22432709,74265,74275,10
13.01541996,80.22489166,74275,74285,10
13.01556015,80.22503662,74285,74295,10
13.01587963,80.22525787,74295,74305,10
13.01659012,80.22524261,74305,74315,10
13.01743984,80.22490692,74315,74325,10
13.01844025,80.22450256,74325,74336,11
13.01959038,80.22440338,74336,74356,20
13.01959038,80.22440338,74356,74366,10
13.01992989,80.22463989,74366,74376,10
13.02046013,80.22503662,74376,74386,10
13.02101994,80.22544098,74386,74396,10
13.0216198,80.22590637,74396,74406,10
13.02188015,80.22608185,74406,74416,10
13.02194977,80.22614288,74416,74426,10
13.02233028,80.22647095,74426,74436,10
13.0228796,80.22695923,74436,74446,10
13.02342987,80.22749329,74446,74456,10
13.02431965,80.2284317,74456,74487,31
13.02431965,80.2284317,74487,74497,10
13.02443981,80.22859955,74497,74507,10
13.02476978,80.22908783,74507,74517,10
13.02528954,80.2297821,74517,74527,10
13.02583027,80.23074341,74527,74537,10
13.02600956,80.23123932,74537,74547,10
13.0260601,80.2313385,74547,74557,10
13.02651024,80.23121643,74557,74567,10
13.0273304,80.23104095,74567,74577,10
13.02851963,80.23088074,74577,74608,31
13.02851963,80.23088074,74608,74618,10
13.0289402,80.23082733,74618,74628,10
13.0291996,80.23079681,74628,74638,10
13.02929974,80.23078156,74638,74648,10
13.02966976,80.23074341,74648,74658,10
13.0303297,80.23069763,74658,74668,10
13.0306797,80.23068237,74668,74678,10
13.03110027,80.23062897,74678,74688,10
13.03157997,80.23059082,74688,74698,10
13.03232002,80.23053741,74698,74708,10
13.03283978,80.2305069,74708,74719,11
13.03337955,80.23047638,74719,74729,10
13.03388023,80.23042297,74729,74738,9
13.03417969,80.23040009,74738,74749,11
13.03454018,80.23034668,74749,74759,10
13.0348196,80.23026276,74759,74779,20
13.0348196,80.23026276,74779,74789,10
13.0350399,80.23008728,74789,74799,10
13.03507042,80.22988892,74799,74809,10
13.03454018,80.2297821,74809,74910,101
13.03417969,80.22981262,74910,75099,189
13.03417969,80.22981262,75099,75110,11
13.03417969,80.2303009,75110,75190,80
13.03417969,80.2303009,75190,75200,10
13.03394032,80.23049164,75200,75210,10
13.03359985,80.23052216,75210,75220,10
13.0332098,80.2305603,75220,75231,11
13.03248978,80.23059845,75231,75241,10
13.03190994,80.23065186,75241,75251,10
13.03129005,80.23071289,75251,75261,10
13.03065014,80.2307663,75261,75271,10
13.03007984,80.23081207,75271,75281,10
13.02968025,80.23085785,75281,75291,10
13.02943993,80.23094177,75291,75301,10
13.0289402,80.23098755,75301,75311,10
13.02822971,80.23104858,75311,75321,10
13.02770042,80.23116302,75321,75331,10
13.02770042,80.23155975,75331,75341,10
13.02783012,80.23233032,75341,75351,10
13.02766991,80.2328186,75351,75362,11
13.02703953,80.23291779,75362,75372,10
13.0267601,80.2329483,75372,75382,10
13.02639008,80.23280334,75382,75392,10
13.02618027,80.23214722,75392,75401,9
13.02595997,80.23136902,75401,75411,10
13.02558041,80.23033142,75411,75422,11
13.02507019,80.22962189,75422,75432,10
13.02476025,80.22923279,75432,75442,10
13.02447987,80.22886658,75442,75452,10
13.02414036,80.22840118,75452,75462,10
13.02373028,80.2279129,75462,75472,10
13.02330971,80.2275238,75472,75523,51
13.02330971,80.2275238,75523,75533,10
13.02293015,80.22733307,75533,75553,20
13.02293015,80.22733307,75553,75563,10
13.02268982,80.227211,75563,75573,10
13.02264977,80.22711945,75573,75583,10
13.0225296,80.22679901,75583,75593,10
13.02215958,80.22648621,75593,75603,10
13.02157021,80.22601318,75603,75613,10
13.02089977,80.22550201,75613,75624,11
13.02029037,80.22509003,75624,75634,10
13.02003956,80.22490692,75634,75644,10
13.01963997,80.22463989,75644,75654,10
13.01893997,80.22445679,75654,75664,10
13.0180397,80.22476196,75664,75674,10
13.01710033,80.22515106,75674,75684,10
13.01644993,80.22544098,75684,75694,10
13.01593971,80.22563934,75694,75704,10
13.01548958,80.22582245,75704,75714,10
13.0149498,80.22608185,75714,75724,10
13.01443958,80.22625732,75724,75734,10
13.01441956,80.22624969,75734,75744,10
13.01428032,80.2263031,75744,75755,11
13.01375961,80.22648621,75755,75765,10
13.01307964,80.22675323,75765,75775,10
13.01214027,80.22714233,75775,75785,10
13.01119041,80.22747803,75785,75795,10
13.01012993,80.22789001,75795,75805,10
13.00946045,80.2277832,75805,75815,10
13.00967026,80.22718048,75815,75825,10
13.01000977,80.22647095,75825,75835,10
13.01039028,80.22564697,75835,75845,10
13.01072979,80.22486877,75845,75855,10
13.01099968,80.22418976,75855,75865,10
13.01128006,80.22350311,75865,75875,10
13.01159954,80.22263336,75875,75886,11
13.01194,80.22183228,75886,75896,10
13.01212978,80.22119904,75896,75906,10
13.01202011,80.22064209,75906,75916,10
13.01179028,80.219841,75916,75926,10
13.01148987,80.21894836,75926,75936,10
13.0111599,80.21807861,75936,75946,10
13.01082039,80.21724701,75946,75956,10
13.01043987,80.21634674,75956,75972,16
13.00979042,80.21515656,75972,75984,12
13.00936985,80.21456146,75984,75992,8
13.00901031,80.21408081,75992,76004,12
13.00852013,80.21350098,76004,76025,21
13.00852013,80.21350098,76025,76035,10
13.00819969,80.21331787,76035,76075,40
13.00819969,80.21331787,76075,76085,10
13.00786972,80.21312714,76085,76095,10
13.00759029,80.21291351,76095,76105,10
13.00722027,80.21282959,76105,76115,10
13.00666046,80.21285248,76115,76125,10
13.00603008,80.21302795,76125,76136,11
13.00529957,80.21273041,76136,76145,9
13.00467968,80.21234131,76145,76156,11
13.00374031,80.21204376,76156,76166,10
13.00319004,80.21208954,76166,76176,10
13.00263977,80.21214294,76176,76186,10
13.00263977,80.21212769,76186,76196,10
13.00242043,80.21218872,76196,76206,10
13.00207996,80.21234894,76206,76216,10
13.00156021,80.21273804,76216,76226,10
13.00098038,80.21320343,76226,76236,10
13.00043964,80.21360779,76236,76246,10
12.99973011,80.21424103,76246,76256,10
12.99923992,80.21470642,76256,76267,11
12.99892998,80.21494293,76267,76277,10
12.99851036,80.215271,76277,76287,10
12.99798012,80.21575928,76287,76297,10
12.99748993,80.21620178,76297,76307,10
12.99740028,80.21630096,76307,76317,10
12.99732018,80.21640778,76317,76327,10
12.99719048,80.21653748,76327,76337,10
12.99695015,80.21655273,76337,76347,10
12.99645996,80.21665192,76347,76357,10
12.99623013,80.21672058,76357,76367,10
12.99594021,80.21678162,76367,76377,10
12.99569988,80.21684265,76377,76387,10
12.99567032,80.21685028,76387,76398,11
12.9953804,80.21695709,76398,76408,10
12.99516964,80.21707916,76408,76418,10
12.99489975,80.21726227,76418,76428,10
12.99452019,80.21749878,76428,76438,10
12.99421978,80.21772003,76438,76448,10
12.99392033,80.21794128,76448,76458,10
12.99337006,80.21829987,76458,76468,10
12.9927597,80.21875,76468,76484,16
12.99174023,80.21949005,76484,76496,12
12.99085999,80.22013092,76496,76516,20
12.99085999,80.22013092,76516,76526,10
12.99069977,80.22019958,76526,76537,11
12.99024963,80.22054291,76537,76547,10
12.98968983,80.22112274,76547,76557,10
12.98910046,80.22187042,76557,76567,10
12.98832989,80.22257996,76567,76577,10
12.98756027,80.2230835,76577,76587,10
12.98705959,80.22306061,76587,76597,10
12.98666954,80.2230072,76597,76607,10
12.98602962,80.22299957,76607,76617,10
12.98552036,80.22328949,76617,76627,10
12.98491955,80.22318268,76627,76637,10
12.98441029,80.22290039,76637,76648,11
12.98433971,80.22286224,76648,76658,10
12.98416042,80.22276306,76658,76668,10
12.98383045,80.22257233,76668,76688,20
12.98383045,80.22257233,76688,76698,10
12.98359013,80.22239685,76698,76708,10
12.98330021,80.22223663,76708,76728,20
12.98330021,80.22223663,76728,76738,10
12.98305988,80.22207642,76738,76748,10
12.98258972,80.22190094,76748,76758,10
12.98192024,80.22155762,76758,76768,10
12.98122025,80.22113037,76768,76778,10
12.9803896,80.22106934,76778,76789,11
12.97937965,80.22116089,76789,76799,10
12.97859955,80.22123718,76799,76809,10
12.97803974,80.22122955,76809,76869,60
12.97803974,80.22122955,76869,76879,10
12.97772026,80.22122955,76879,76889,10
12.97770977,80.22122955,76889,76899,10
12.97743988,80.22125244,76899,76910,11
12.97708035,80.2212677,76910,76920,10
12.97704029,80.22128296,76920,76930,10
12.97682953,80.22129059,76930,77071,141
12.97682953,80.22129059,77071,77081,10
12.97653961,80.22112274,77081,77091,10
12.97644997,80.221138,77091,77101,10
12.9762001,80.221138,77101,77111,10
12.9759798,80.22129822,77111,77252,141
12.9759798,80.22129822,77252,77262,10
12.97572041,80.22118378,77262,77282,20
12.97572041,80.22118378,77282,77292,10
12.97552013,80.22097778,77292,77303,11
12.97525024,80.22077179,77303,77313,10
12.97484016,80.22054291,77313,77323,10
12.97422981,80.22029877,77323,77333,10
12.97366047,80.2201004,77333,77343,10
12.97305012,80.21987152,77343,77353,10
12.97229004,80.2195816,77353,77363,10
12.97155952,80.21933746,77363,77373,10
12.9711504,80.21922302,77373,77383,10
12.9710598,80.21917725,77383,77393,10
12.97064972,80.21900177,77393,77403,10
12.97000027,80.21871948,77403,77413,10
12.96926022,80.21842194,77413,77424,11
12.96844006,80.21808624,77424,77434,10
12.96767044,80.2177887,77434,77444,10
12.96681023,80.21746063,77444,77454,10
12.96576023,80.21705627,77454,77464,10
12.96463966,80.2166214,77464,77474,10
12.96368027,80.21620941,77474,77484,10
12.96294022,80.21582794,77484,77494,10
12.9622097,80.21555328,77494,77504,10
12.96096039,80.21505737,77504,77514,10
12.95989037,80.21465302,77514,77524,10
12.95882988,80.21421051,77524,77534,10
12.95777988,80.21379852,77534,77544,10
12.95687962,80.21341705,77544,77555,11
12.95584011,80.21302032,77555,77565,10
12.95479965,80.2126236,77565,77575,10
12.95380974,80.21222687,77575,77585,10
12.95308018,80.21193695,77585,77595,10
12.95215988,80.21157837,77595,77605,10
12.9511404,80.21115875,77605,77615,10
12.95003033,80.21070862,77615,77625,10
12.94898987,80.21031189,77625,77635,10
12.94799995,80.20993805,77635,77645,10
12.94682026,80.20948029,77645,77655,10
12.94554043,80.20896912,77655,77665,10
12.94454002,80.20855713,77665,77675,10
12.94431019,80.20847321,77675,77686,11
12.94423008,80.20842743,77686,77696,10
12.94388008,80.20828247,77696,77706,10
12.94338036,80.20807648,77706,77716,10
12.9428196,80.20760345,77716,77726,10
12.94231987,80.2069931,77726,77736,10
12.94110012,80.20610046,77736,77756,20
12.94110012,80.20610046,77756,77766,10
12.94104004,80.20604706,77766,77776,10
12.94073963,80.20591736,77776,77786,10
12.94025993,80.2057724,77786,77796,10
12.93964005,80.20559692,77796,77806,10
12.93892002,80.2053833,77806,77817,11
12.93813038,80.20514679,77817,77827,10
12.93741035,80.2049408,77827,77837,10
12.93665981,80.20471954,77837,77847,10
12.93575954,80.20446014,77847,77857,10
12.93494034,80.20411682,77857,77867,10
12.93410015,80.20401764,77867,77877,10
12.93385029,80.20400238,77877,77887,10
12.93377972,80.20397949,77887,77897,10
12.9333601,80.20391083,77897,77907,10
12.93270969,80.20365906,77907,77917,10
12.93192959,80.20339966,77917,77927,10
12.93099976,80.20310211,77927,77938,11
12.92998028,80.20288086,77938,77948,10
12.92940044,80.20281982,77948,77958,10
12.9293499,80.20279694,77958,77968,10
12.92895985,80.20272827,77968,77978,10
12.92844963,80.20239258,77978,77988,10
12.92840958,80.20150757,77988,77998,10
12.92835999,80.20040131,77998,78008,10
12.92809963,80.19931793,78008,78018,10
12.92755032,80.19831848,78018,78028,10
12.92660999,80.1977005,78028,78038,10
12.92560005,80.19754028,78038,78048,10
12.92527008,80.19754791,78048,78058,10
12.92473984,80.19754791,78058,78069,11
12.92389965,80.19754791,78069,78079,10
12.92298031,80.19745636,78079,78089,10
12.92206955,80.19732666,78089,78099,10
12.92138958,80.19712067,78099,78109,10
12.92094994,80.19695282,78109,78119,10
12.92037964,80.19676208,78119,78129,10
12.91979027,80.19654846,78129,78139,10
12.91926003,80.19628906,78139,78149,10
12.91874027,80.19586182,78149,78159,10
12.91818047,80.19534302,78159,78169,10
12.91761971,80.19483185,78169,78179,10
12.91711044,80.19425964,78179,78189,10
12.91695976,80.19371796,78189,78200,11
12.91697979,80.19319916,78200,78210,10
12.91705036,80.19265747,78210,78220,10
12.91711044,80.19225311,78220,78230,10
12.91718006,80.19184113,78230,78240,10
12.91720009,80.19167328,78240,78250,10
12.91720963,80.1916275,78250,78260,10
12.91726971,80.19122314,78260,78270,10
12.9172802,80.19072723,78270,78280,10
12.9172802,80.1907196,78280,78290,10
12.9172802,80.19055176,78290,78300,10
12.91734982,80.19019318,78300,78310,10
12.91749001,80.18962097,78310,78320,10
12.91786003,80.18888092,78320,78331,11
12.91856003,80.18804932,78331,78341,10
12.91917992,80.18736267,78341,78351,10
12.91987991,80.18657684,78351,78361,10
12.92049026,80.18582916,78361,78371,10
12.92041016,80.18483734,78371,78381,10
12.92016029,80.18379211,78381,78391,10
12.91993999,80.18283844,78391,78401,10
12.91991043,80.18266296,78401,78411,10
12.91985989,80.18240356,78411,78427,16
12.91963005,80.18132782,78427,78439,12
12.91938019,80.18018341,78439,78448,9
12.91909027,80.17928314,78448,78460,12
12.91856956,80.17857361,78460,78470,10
12.91814995,80.17783356,78470,78480,10
12.91825962,80.17687225,78480,78490,10
12.91847992,80.1758194,78490,78499,9
12.91870975,80.17494965,78499,78510,11
12.9190197,80.17368317,78510,78520,10
12.91926003,80.17269897,78520,78530,10
12.91952038,80.17170715,78530,78540,10
12.91969013,80.17114258,78540,78550,10
12.91973019,80.17102051,78550,78560,10
12.9198904,80.17053986,78560,78570,10
12.92012978,80.1697998,78570,78580,10
12.92039013,80.16895294,78580,78591,11
12.92070961,80.16793823,78591,78601,10
12.92103004,80.16690826,78601,78611,10
12.92136955,80.16586304,78611,78621,10
12.92171001,80.16481781,78621,78631,10
12.92195988,80.16400146,78631,78641,10
12.9222002,80.1632309,78641,78651,10
12.92247963,80.16239166,78651,78661,10
12.92278004,80.16149139,78661,78671,10
12.92298985,80.16075134,78671,78681,10
12.92304993,80.16060638,78681,78691,10
12.92321014,80.16014862,78691,78701,10
12.92331982,80.15937042,78701,78712,11
12.92341042,80.15841675,78712,78722,10
12.92350006,80.15737915,78722,78732,10
12.92358971,80.15640259,78732,78742,10
12.9235096,80.15545654,78742,78752,10
12.9233799,80.15503693,78752,78762,10
12.92333984,80.15473175,78762,78772,10
12.92319965,80.15419769,78772,78782,10
12.92302036,80.1534729,78782,78792,10
12.92278004,80.15261841,78792,78802,10
12.92263985,80.15167236,78802,78812,10
12.92261982,80.15061951,78812,78822,10
12.92259979,80.14955902,78822,78832,10
12.92253971,80.14880371,78832,78843,11
12.9225502,80.14827728,78843,78853,10
12.92253971,80.14749146,78853,78863,10
12.9225502,80.14665222,78863,78873,10
12.92253971,80.14591217,78873,78883,10
12.92249966,80.14502716,78883,78893,10
12.92249012,80.14398193,78893,78903,10
12.92243958,80.14324188,78903,78913,10
12.92243958,80.14317322,78913,78923,10
12.92243004,80.14279175,78923,78933,10
12.92241955,80.14222717,78933,78943,10
12.92238998,80.14150238,78943,78953,10
12.92240047,80.14093781,78953,78963,10
12.92240047,80.14016724,78963,78974,11
12.92238998,80.13907623,78974,78984,10
12.92243004,80.13800812,78984,78994,10
12.92247963,80.13687134,78994,79004,10
12.92253017,80.13569641,79004,79014,10
12.92255974,80.13455963,79014,79024,10
12.92259979,80.13337708,79024,79034,10
12.92265034,80.13233185,79034,79044,10
12.9226799,80.13123322,79044,79054,10
12.92271996,80.13024139,79054,79064,10
12.92276955,80.12943268,79064,79074,10
12.92284012,80.12876129,79074,79084,10
12.92284012,80.1282196,79084,79095,11
12.9229002,80.127388,79095,79105,10
12.92292023,80.12645721,79105,79115,10
12.92296028,80.1255722,79115,79125,10
12.92300034,80.12458801,79125,79135,10
12.92304993,80.12348175,79135,79145,10
12.92308044,80.12230682,79145,79155,10
12.92313004,80.12119293,79155,79165,10
12.92317009,80.1205368,79165,79175,10
12.92317009,80.12052917,79175,79185,10
12.92321968,80.12039185,79185,79195,10
12.92323017,80.12024689,79195,79205,10
12.92327023,80.11994934,79205,79215,10
12.92327023,80.11924744,79215,79226,11
12.92329979,80.11843872,79226,79236,10
12.92345047,80.11696625,79236,79266,30
12.92345047,80.11696625,79266,79276,10
12.92348003,80.11682892,79276,79286,10
12.9236002,80.11689758,79286,79296,10
12.92354012,80.11720276,79296,79306,10
12.9236002,80.11768341,79306,79316,10
12.9235096,80.11830902,79316,79326,10
12.92345047,80.11904144,79326,79336,10
12.92333984,80.11978149,79336,79346,10
12.92327976,80.1204071,79346,79357,11
12.9232502,80.12090302,79357,79367,10
12.92325974,80.1210022,79367,79377,10
12.92325974,80.12117004,79377,79387,10
12.92323017,80.12136078,79387,79397,10
12.92325974,80.12174988,79397,79727,330
12.92325974,80.12174988,79727,79738,11
12.92327023,80.12184143,79738,79748,10
12.92321014,80.12226105,79748,79758,10
12.9231596,80.12300873,79758,79768,10
12.92311001,80.12391663,79768,79778,10
12.92308044,80.12496185,79778,79788,10
12.92306995,80.12560272,79788,79798,10
12.92306995,80.12564087,79798,79808,10
12.92300987,80.12592316,79808,79818,10
12.92296028,80.12661743,79818,79828,10
12.92290974,80.12751007,79828,79838,10
12.92286015,80.12835693,79838,79848,10
12.92282009,80.12911987,79848,79858,10
12.92276001,80.12992096,79858,79869,11
12.92275047,80.13082123,79869,79879,10
12.92273998,80.13155365,79879,79889,10
12.92271042,80.1324234,79889,79899,10
12.92265987,80.13355255,79899,79909,10
12.92259979,80.13477325,79909,79919,10
12.92253971,80.13596344,79919,79929,10
12.92249966,80.13704681,79929,79939,10
12.92245007,80.13803101,79939,79949,10
12.92238045,80.13899994,79949,79959,10
12.92236996,80.1399231,79959,79969,10
12.92236996,80.14064789,79969,79979,10
12.92240047,80.1415329,79979,79989,10
12.92241001,80.14261627,79989,80020,31
12.92241001,80.14261627,80020,80036,16
12.92247009,80.14293671,80036,80048,12
12.92249012,80.14318848,80048,80058,10
12.92249012,80.14347076,80058,80068,10
12.92249966,80.14418793,80068,80077,9
12.9225502,80.1451416,80077,80088,11
12.92259979,80.14642334,80088,80098,10
12.92261982,80.1474762,80098,80108,10
12.92259979,80.14852905,80108,80118,10
12.92263985,80.1496582,80118,80129,11
12.9226799,80.15094757,80129,80139,10
12.92271996,80.15206146,80139,80149,10
12.92296028,80.15316772,80149,80159,10
12.92325974,80.15434265,80159,80169,10
12.92354012,80.15544128,80169,80179,10
12.92362976,80.15663147,80179,80189,10
12.92352009,80.15782166,80189,80199,10
12.92343044,80.15898132,80199,80209,10
12.92327976,80.16014862,80209,80219,10
12.92296028,80.16123962,80219,80229,10
12.92259979,80.1623764,80229,80239,10
12.92222023,80.16355896,80239,80249,10
12.92185974,80.16467285,80249,80260,11
12.92142963,80.16599274,80260,80270,10
12.92098045,80.16739655,80270,80280,10
12.92051983,80.16887665,80280,80290,10
12.92008018,80.17028046,80290,80300,10
12.91975975,80.17127228,80300,80310,10
12.91958046,80.17192078,80310,80320,10
12.91934013,80.17276764,80320,80330,10
12.91905975,80.17381287,80330,80340,10
12.91878033,80.17491913,80340,80350,10
12.91849995,80.17610168,80350,80360,10
12.91827011,80.17727661,80360,80370,10
12.91847992,80.17841339,80370,80380,10
12.9191103,80.17928314,80380,80391,11
12.91952991,80.18067169,80391,80401,10
12.91979027,80.18186951,80401,80411,10
12.92004967,80.18306732,80411,80421,10
12.92031002,80.18414307,80421,80431,10
12.92055035,80.18522644,80431,80441,10
12.92033005,80.18621826,80441,80451,10
12.91956043,80.18710327,80451,80461,10
12.91878986,80.18800354,80461,80471,10
12.91808987,80.18876648,80471,80481,10
12.91751003,80.18990326,80481,80491,10
12.91734028,80.19100952,80491,80501,10
12.91720963,80.19210815,80501,80511,10
12.91707993,80.19287872,80511,80522,11
12.91701984,80.19348145,80522,80532,10
12.91716003,80.19423676,80532,80542,10
12.91771984,80.19489288,80542,80552,10
12.91851044,80.19558716,80552,80562,10
12.91928959,80.19624329,80562,80572,10
12.92018032,80.19664001,80572,80582,10
12.92109013,80.19692993,80582,80592,10
12.92208004,80.19727325,80592,80602,10
12.92317009,80.19740295,80602,80612,10
12.92434978,80.19745636,80612,80622,10
12.92521954,80.19745636,80622,80632,10
12.92562008,80.19745636,80632,80643,11
12.92646027,80.19759369,80643,80653,10
12.92726994,80.19799805,80653,80662,9
12.92790031,80.19873047,80662,80673,11
12.92835999,80.19985962,80673,80683,10
12.92846966,80.20104218,80683,80693,10
12.9285202,80.20218658,80693,80703,10
12.92918015,80.20272827,80703,80713,10
12.93015957,80.20285797,80713,80723,10
12.93101025,80.20303345,80723,80733,10
12.93179035,80.20329285,80733,80743,10
12.93255043,80.20353699,80743,80753,10
12.9332304,80.20378113,80753,80763,10
12.93402004,80.20391846,80763,80774,11
12.9348402,80.20401001,80774,80784,10
12.9355402,80.20429993,80784,80794,10
12.93630028,80.2045517,80794,80804,10
12.93708038,80.20477295,80804,80814,10
12.93789005,80.20500183,80814,80824,10
12.93871021,80.20523071,80824,80834,10
12.93951035,80.20548248,80834,80844,10
12.94027996,80.20571136,80844,80854,10
12.94081974,80.20588684,80854,80864,10
12.94132042,80.20613098,80864,80874,10
12.94198036,80.20659637,80874,80884,10
12.94252968,80.20706177,80884,80894,10
12.94297981,80.2076416,80894,80905,11
12.94365978,80.20812988,80905,80915,10
12.94443989,80.20842743,80915,80925,10
12.94524002,80.2087326,80925,80935,10
12.94624043,80.20909119,80935,80945,10
12.94725037,80.20948029,80945,80955,10
12.94822025,80.20987701,80955,80965,10
12.94927025,80.210289,80965,80975,10
12.95042038,80.21074677,80975,80985,10
12.95156002,80.2111969,80985,80995,10
12.9526701,80.21163177,80995,81005,10
12.95374966,80.21208191,81005,81015,10
12.95483971,80.21250153,81015,81026,11
12.95602989,80.21295929,81026,81036,10
12.95711994,80.21337891,81036,81046,10
12.95818043,80.21379852,81046,81056,10
12.95911026,80.21417999,81056,81066,10
12.96010017,80.21456909,81066,81076,10
12.96117973,80.2150116,81076,81086,10
12.9623003,80.21546936,81086,81096,10
12.96337986,80.21589661,81096,81106,10
12.96434021,80.21630096,81106,81116,10
12.96539021,80.21672058,81116,81126,10
12.9664402,80.2171402,81126,81142,16
12.96796036,80.21775818,81142,81154,12
12.96909046,80.21820068,81154,81165,11
12.9701004,80.21858978,81165,81174,9
12.9714098,80.21910095,81174,81185,11
12.97259998,80.2195816,81185,81195,10
12.97369003,80.22000122,81195,81204,9
12.97523975,80.22068024,81204,81275,71
12.97523975,80.22068024,81275,81286,11
12.97533035,80.22065735,81286,81296,10
12.97560024,80.22081757,81296,81306,10
12.97591019,80.22113037,81306,81316,10
12.97609997,80.22122192,81316,81326,10
12.97649956,80.22122192,81326,81336,10
12.9771204,80.22119904,81336,81346,10
12.97752953,80.22119904,81346,81356,10
12.97780991,80.22119904,81356,81366,10
12.97838974,80.22116089,81366,81376,10
12.97916031,80.22112274,81376,81386,10
12.98003006,80.22106171,81386,81396,10
12.98095989,80.22103119,81396,81406,10
12.98180008,80.22147369,81406,81417,11
12.98264027,80.2218399,81417,81427,10
12.98328018,80.22215271,81427,81437,10
12.98390961,80.22255707,81437,81447,10
12.98460007,80.22296906,81447,81457,10
12.98534012,80.22325134,81457,81473,16
12.98618031,80.22296906,81473,81485,12
12.9868803,80.22303009,81485,81493,8
12.98723984,80.22306824,81493,81505,12
12.98799992,80.22283936,81505,81515,10
12.98880959,80.22212982,81515,81525,10
12.98939991,80.2213974,81525,81535,10
12.99013996,80.22054291,81535,81546,11
12.99087048,80.21996307,81546,81555,9
12.99141979,80.2195282,81555,81566,11
12.9920702,80.21907043,81566,81576,10
12.99265003,80.21865845,81576,81586,10
12.99330997,80.21820068,81586,81596,10
12.99390984,80.21777344,81596,81606,10
12.99431992,80.21743011,81606,81616,10
12.99435043,80.21742249,81616,81626,10
12.99446964,80.2173233,81626,81636,10
12.99462032,80.21717072,81636,81646,10
12.99473953,80.21708679,81646,81656,10
12.99501991,80.21692657,81656,81666,10
12.99553967,80.21669769,81666,81677,11
12.9964304,80.21656036,81677,81687,10
12.99722004,80.21633148,81687,81697,10
12.99767971,80.21588135,81697,81707,10
12.99841022,80.21527863,81707,81717,10
12.99901962,80.21476746,81717,81727,10
12.99925041,80.21453094,81727,81737,10
12.99975967,80.21408081,81737,81746,9
13.00026035,80.21363831,81746,81756,10
13.00084019,80.21312714,81756,81767,11
13.00166035,80.21253967,81767,81777,10
13.00251007,80.21209717,81777,81787,10
13.00335979,80.21205139,81787,81798,11
13.00422001,80.2121582,81798,81808,10
13.0049696,80.21250153,81808,81818,10
13.00580978,80.21292114,81818,81828,10
13.0065403,80.21270752,81828,81838,10
13.00730038,80.21276855,81838,81848,10
13.00784969,80.21309662,81848,81858,10
13.0083704,80.21331787,81858,81868,10
13.00881958,80.21385956,81868,81878,10
13.0092802,80.2144928,81878,81888,10
13.00959015,80.21499634,81888,81898,10
13.00990963,80.21539307,81898,81908,10
13.01041985,80.21589661,81908,81918,10
13.01070023,80.2166214,81918,81929,11
13.01107979,80.21749878,81929,81939,10
13.01152039,80.21859741,81939,81949,10
13.01191044,80.21977997,81949,81959,10
13.01210976,80.22042847,81959,81968,9
13.01235008,80.22103882,81968,81979,11
13.01259041,80.22151947,81979,81989,10
13.01290989,80.22200012,81989,81999,10
13.01334,80.22257996,81999,82009,10
13.0137701,80.22315979,82009,82019,10
13.01403999,80.22357941,82019,82029,10
13.01459026,80.22428131,82029,82039,10
13.01523018,80.22506714,82039,82049,10
13.01531029,80.22564697,82049,82060,11
13.01484966,80.22598267,82060,82070,10
13.01476955,80.2260437,82070,82080,10
13.01432037,80.22619629,82080,82100,20
13.01432037,80.22619629,82100,82110,10
13.01418972,80.22624207,82110,82120,10
13.01416016,80.22609711,82120,82130,10
13.01414013,80.22556305,82130,82179,49
13.01414013,80.22556305,82179,82190,11
13.01441002,80.22537994,82190,82512,322
