12.98672962,80.25881195,13,4573,4560
12.98666954,80.25894165,4573,5008,435
12.98670006,80.25887299,5008,8276,3268
12.98678017,80.25878143,8276,8822,546
12.98659039,80.25888062,8822,18074,9252
12.98678017,80.25881958,18074,18863,789
12.9867897,80.2587738,18863,20420,1557
12.98666954,80.2589035,20420,21057,637
12.98663998,80.25882721,21057,21401,344
12.98680019,80.25875092,21401,21674,273
12.98676968,80.25881195,21674,21977,303
12.98676968,80.25881195,21977,21987,10
12.98674011,80.25865936,21987,21997,10
12.98703957,80.25853729,21997,22361,364
12.98703957,80.25853729,22361,22371,10
12.98725033,80.25847626,22371,22381,10
12.98731041,80.25849152,22381,22391,10
12.98736954,80.25847626,22391,22401,10
12.98740005,80.25823975,22401,22412,11
12.98744011,80.25791931,22412,22422,10
12.9874897,80.25778198,22422,22432,10
12.98752022,80.25731659,22432,22442,10
12.9875803,80.25659943,22442,22452,10
12.98762989,80.255867,22452,22462,10
12.98773956,80.25531769,22462,22472,10
12.98779011,80.25447845,22472,22482,10
12.98787975,80.25346375,22482,22492,10
12.98797035,80.25245667,22492,22503,11
12.98791027,80.25179291,22503,22523,20
12.98791027,80.25179291,22523,22533,10
12.98791027,80.25161743,22533,22543,10
12.98797989,80.25122833,22543,22553,10
12.9886198,80.25106812,22553,22563,10
12.98950005,80.25086212,22563,22573,10
12.99042034,80.25063324,22573,22583,10
12.99157047,80.25035095,22583,22594,11
12.99267006,80.25007629,22594,22604,10
12.99368954,80.24981689,22604,22614,10
12.99473953,80.24958038,22614,22624,10
12.99582958,80.2492981,22624,22634,10
12.99701977,80.24897766,22634,22644,10
12.9982996,80.24867249,22644,22654,10
12.99956989,80.24835968,22654,22664,10
13.00082016,80.24804688,22664,22674,10
13.00203037,80.24774933,22674,22685,11
13.0031004,80.24752808,22685,22695,10
13.00411987,80.24736023,22695,22705,10
13.00520992,80.2472229,22705,22715,10
13.00615025,80.24691772,22715,22725,10
13.00660038,80.2462616,22725,22735,10
13.00662041,80.24550629,22735,22745,10
13.00664043,80.24478912,22745,22755,10
13.00664997,80.24411774,22755,22765,10
13.00662994,80.24329376,22765,22776,11
13.00658035,80.24221802,22776,22786,10
13.00660038,80.24120331,22786,22796,10
13.00671005,80.24030304,22796,22806,10
13.00691986,80.23941803,22806,22816,10
13.00708008,80.23845673,22816,22826,10
13.0073204,80.23745728,22826,22836,10
13.00755978,80.23642731,22836,22846,10
13.00778961,80.2353363,22846,22856,10
13.00798988,80.23422241,22856,22867,11
13.00825977,80.23282623,22867,22877,10
13.00850964,80.23152161,22877,22887,10
13.00874043,80.23026276,22887,22897,10
13.00897026,80.22907257,22897,22907,10
13.00926971,80.22792053,22907,22917,10
13.0097599,80.22680664,22917,22927,10
13.01029015,80.2257309,22927,22937,10
13.0108099,80.22464752,22937,22947,10
13.01126003,80.22360992,22947,22958,11
13.01159954,80.22329712,22958,22968,10
13.01218987,80.22364044,22968,22978,10
13.01298046,80.22403717,22978,22988,10
13.01373959,80.22444153,22988,22998,10
13.01438046,80.22479248,22998,23008,10
13.01480961,80.22502136,23008,23018,10
13.01500034,80.22512054,23018,23028,10
13.01529026,80.22528076,23028,23038,10
13.0156002,80.22525024,23038,23048,10
13.01622963,80.22528076,23048,23059,11
13.01714993,80.22502136,23059,23069,10
13.0180397,80.22467041,23069,23079,10
13.01883984,80.22437286,23079,23089,10
13.01980019,80.22454071,23089,23109,20
13.01980019,80.22454071,23109,23119,10
13.01998997,80.22470856,23119,23129,10
13.02046967,80.22506714,23129,23139,10
13.02105999,80.22553253,23139,23150,11
13.02178955,80.22606659,23150,23160,10
13.02256966,80.2266922,23160,23170,10
13.02330971,80.22737122,23170,23180,10
13.02404976,80.22802734,23180,23190,10
13.02443981,80.22846222,23190,23210,20
13.02443981,80.22846222,23210,23220,10
13.02439022,80.22859192,23220,23230,10
13.0241003,80.22843933,23230,23241,11
13.0235796,80.2278595,23241,23271,30
13.0235796,80.2278595,23271,23281,10
13.02318954,80.22744751,23281,23372,91
13.02318954,80.22744751,23372,23383,11
13.02299023,80.22714233,23383,23393,10
13.02280998,80.22704315,23393,23403,10
13.0226202,80.2268219,23403,23413,10
13.02225018,80.22650146,23413,23424,11
13.02178001,80.22611237,23424,23434,10
13.02114964,80.22561646,23434,23444,10
13.02087021,80.22540283,23444,23454,10
13.02052975,80.22516632,23454,23464,10
13.01988029,80.22476959,23464,23555,91
13.01988029,80.22476959,23555,23565,10
13.01976967,80.22467041,23565,23575,10
13.01951981,80.2245636,23575,23585,10
13.01891041,80.22450256,23585,23595,10
13.01817989,80.22476196,23595,23606,11
13.01723957,80.22514343,23606,23616,10
13.01644039,80.22545624,23616,23626,10
13.01578045,80.22567749,23626,23636,10
13.01513958,80.22595978,23636,23646,10
13.01471996,80.22608185,23646,23656,10
13.01420021,80.22631073,23656,23686,30
13.01420021,80.22631073,23686,23697,11
13.01381969,80.2264328,23697,23707,10
13.0131197,80.22673035,23707,23717,10
13.01216984,80.22711182,23717,23727,10
13.01113987,80.22753143,23727,23737,10
13.01000977,80.2279892,23737,23747,10
13.00918007,80.22855377,23747,23757,10
13.00901031,80.22944641,23757,23767,10
13.00877953,80.23059845,23767,23777,10
13.00854015,80.23178864,23777,23787,10
13.00833988,80.23293304,23787,23798,11
13.00825977,80.23358154,23798,23808,10
13.00813961,80.23403931,23808,23818,10
13.00796032,80.23490143,23818,23828,10
13.00772953,80.2360611,23828,23838,10
13.00749969,80.23734283,23838,23848,10
13.0072403,80.23867035,23848,23858,10
13.00697994,80.2397995,23858,23868,10
13.00691986,80.2405777,23868,23878,10
13.00685024,80.24095154,23878,23889,11
13.00675011,80.24131775,23889,23899,10
13.00671959,80.24227905,23899,23909,10
13.00669003,80.24343872,23909,23919,10
13.00660992,80.24472046,23919,23929,10
13.00667953,80.24591827,23929,23939,10
13.00675011,80.24713898,23939,23949,10
13.00634003,80.24743652,23949,23959,10
13.0060997,80.24739838,23959,23969,10
13.00545025,80.24736023,23969,23980,11
13.00434017,80.24742889,23980,23990,10
13.00317001,80.24759674,23990,24000,10
13.00216961,80.24777985,24000,24010,10
13.00115013,80.24806213,24010,24020,10
12.99991035,80.24836731,24020,24030,10
12.99866009,80.248703,24030,24040,10
12.99746037,80.24897766,24040,24050,10
12.9960804,80.24925995,24050,24060,10
12.99472046,80.24963379,24060,24071,11
12.99316025,80.25003815,24071,24081,10
12.99182034,80.2503891,24081,24091,10
12.99114037,80.25058746,24091,24101,10
12.99112988,80.25058746,24101,24111,10
12.99083996,80.25064087,24111,24121,10
12.99009037,80.2508316,24121,24131,10
12.98902035,80.25105286,24131,24142,11
12.98812008,80.25128937,24142,24203,61
12.98812008,80.25128937,24203,24213,10
12.98789978,80.25128174,24213,24223,10
12.98760033,80.25137329,24223,24233,10
12.98674011,80.25164032,24233,24243,10
12.98577976,80.25187683,24243,24254,11
12.98451042,80.25224304,24254,24264,10
12.98320961,80.25256348,24264,24274,10
12.98184013,80.25266266,24274,24284,10
12.98056984,80.25270081,24284,24294,10
12.97961044,80.25267792,24294,24304,10
12.97881985,80.25260162,24304,24314,10
12.97877979,80.25258636,24314,24324,10
12.9786396,80.25254059,24324,24334,10
12.97809982,80.25219727,24334,24345,11
12.97723961,80.25148773,24345,24355,10
12.97605038,80.25108337,24355,24365,10
12.97465992,80.25066376,24365,24375,10
12.97342968,80.25032043,24375,24385,10
12.97239017,80.25003815,24385,24395,10
12.97119999,80.24971771,24395,24405,10
12.96992016,80.24932098,24405,24415,10
12.96860981,80.24880219,24415,24425,10
12.96728039,80.2482605,24425,24436,11
12.96603966,80.24768066,24436,24446,10
12.96516991,80.24739075,24446,24456,10
12.96514034,80.24736023,24456,24466,10
12.96479988,80.2472229,24466,24476,10
12.96370029,80.24678802,24476,24506,30
12.96370029,80.24678802,24506,24516,10
12.96321011,80.24649811,24516,24527,11
12.96226025,80.24606323,24527,24537,10
12.96115971,80.24555969,24537,24547,10
12.95998001,80.24504852,24547,24557,10
12.95930004,80.24475861,24557,24567,10
12.95923042,80.24474335,24567,24577,10
12.95876026,80.24452972,24577,24587,10
12.95794964,80.24417877,24587,24597,10
12.95716953,80.24391937,24597,24607,10
12.95648003,80.24369049,24607,24618,11
12.95619011,80.24356079,24618,24628,10
12.95545006,80.24317932,24628,24638,10
12.95440006,80.24272156,24638,24648,10
12.9532299,80.24221802,24648,24658,10
12.95203972,80.24181366,24658,24668,10
12.95166016,80.2416687,24668,24678,10
12.95149994,80.24160004,24678,24688,10
12.95065022,80.24130249,24688,24698,10
12.94962978,80.24098969,24698,24709,11
12.94857979,80.24060059,24709,24719,10
12.9474802,80.24014282,24719,24729,10
12.94694042,80.23995209,24729,24739,10
12.9467802,80.23989105,24739,24749,10
12.94614029,80.23960876,24749,24759,10
12.94526005,80.23914337,24759,24769,10
12.94437981,80.2382431,24769,24779,10
12.94344997,80.23722839,24779,24789,10
12.9423399,80.23648071,24789,24799,10
12.94085979,80.23609161,24799,24810,11
12.93972969,80.23574829,24810,24820,10
12.93959045,80.235672,24820,24830,10
12.93904972,80.23539734,24830,24840,10
12.93809032,80.23491669,24840,24850,10
12.93690014,80.23435974,24850,24860,10
12.93566036,80.23375702,24860,24870,10
12.93441963,80.23320007,24870,24880,10
12.93385983,80.2329483,24880,24890,10
12.93328953,80.23268127,24890,24901,11
12.93220043,80.2322464,24901,24911,10
12.93093967,80.23184967,24911,24921,10
12.9295702,80.23146057,24921,24931,10
12.92805004,80.23119354,24931,24941,10
12.92658043,80.23103333,24941,24951,10
12.92607975,80.23097992,24951,24961,10
12.92582989,80.23095703,24961,24971,10
12.92510033,80.23085022,24971,24981,10
12.92399979,80.23072052,24981,24992,11
12.92261982,80.23053741,24992,25002,10
12.92121029,80.23033142,25002,25012,10
12.91967964,80.23014832,25012,25022,10
12.91819,80.22994232,25022,25032,10
12.9169302,80.2297821,25032,25042,10
12.9155302,80.229599,25042,25052,10
12.91415977,80.22942352,25052,25062,10
12.91331005,80.22933197,25062,25072,10
12.91318035,80.22928619,25072,25083,11
12.91242981,80.22914124,25083,25093,10
12.91135979,80.22898102,25093,25103,10
12.91001987,80.22878265,25103,25113,10
12.90855026,80.22853088,25113,25123,10
12.90705967,80.22831726,25123,25133,10
12.90627956,80.2282486,25133,25143,10
12.90625,80.2282486,25143,25153,10
12.90563011,80.22821808,25153,25163,10
12.90474987,80.22814178,25163,25174,11
12.90382004,80.22808075,25174,25184,10
12.90272045,80.22805023,25184,25194,10
12.90104008,80.2279892,25194,25244,50
12.90104008,80.2279892,25244,25254,10
12.90060043,80.22792053,25254,25265,11
12.89945984,80.22786713,25265,25285,20
12.89945984,80.22786713,25285,25295,10
12.89906979,80.22783661,25295,25305,10
12.89820957,80.2277832,25305,25315,10
12.89708042,80.22772217,25315,25325,10
12.89571953,80.22766876,25325,25335,10
12.89426994,80.2276001,25335,25345,10
12.89286995,80.22744751,25345,25356,11
12.89144039,80.22736359,25356,25366,10
12.89013958,80.22734833,25366,25376,10
12.88891983,80.2273407,25376,25386,10
12.88702965,80.22720337,25386,25406,20
12.88702965,80.22720337,25406,25416,10
12.88661957,80.22709656,25416,25426,10
12.88570023,80.22686005,25426,25436,10
12.88486958,80.22673035,25436,25447,11
12.88477039,80.22673035,25447,25457,10
12.88414955,80.22673035,25457,25467,10
12.88311958,80.22670746,25467,25477,10
12.88183022,80.22672272,25477,25487,10
12.88035965,80.22672272,25487,25497,10
12.87878036,80.22676086,25497,25507,10
12.87747002,80.22686768,25507,25517,10
12.87639999,80.22698212,25517,25527,10
12.87600994,80.22698975,25527,25537,10
12.87504959,80.22691345,25537,25548,11
12.87362003,80.22673798,25548,25558,10
12.87267971,80.22672272,25558,25568,10
12.87261963,80.22670746,25568,25578,10
12.87257004,80.22669983,25578,25588,10
12.87197971,80.22667694,25588,25598,10
12.8709898,80.22663879,25598,25608,10
12.86972046,80.22651672,25608,25618,10
12.86824036,80.22637939,25618,25628,10
12.86664009,80.22650909,25628,25639,11
12.86483002,80.22657776,25639,25649,10
12.86314964,80.22650909,25649,25659,10
12.86159992,80.22659302,25659,25669,10
12.86104012,80.22660065,25669,25679,10
12.86083984,80.22657776,25679,25689,10
12.8600502,80.22647858,25689,25699,10
12.85898018,80.22631836,25699,25709,10
12.85793972,80.22624207,25709,25719,10
12.8566103,80.22633362,25719,25730,11
12.8550396,80.22650146,25730,25740,10
12.85356045,80.22664642,25740,25750,10
12.85208035,80.22666168,25750,25760,10
12.85077,80.22659302,25760,25770,10
12.84939957,80.22657776,25770,25780,10
12.84799957,80.22657776,25780,25790,10
12.84663963,80.22660065,25790,25800,10
12.84556007,80.22660065,25800,25810,10
12.84533024,80.22660828,25810,25821,11
12.84519005,80.22662354,25821,25831,10
12.84451008,80.22666168,25831,25841,10
12.84356976,80.22675323,25841,25851,10
12.84241962,80.22693634,25851,25861,10
12.84121037,80.227211,25861,25871,10
12.84018993,80.22750092,25871,25881,10
12.83967972,80.2276535,25881,25891,10
12.83936977,80.22773743,25891,25901,10
12.83858013,80.22796631,25901,25912,11
12.83732033,80.2282486,25912,25922,10
12.83590031,80.22846222,25922,25932,10
12.83446026,80.2286911,25932,25942,10
12.83314037,80.2289505,25942,25952,10
12.83220005,80.22914124,25952,25962,10
12.83201981,80.22918701,25962,25972,10
12.83143997,80.22933197,25972,25982,10
12.83104992,80.22943878,25982,25992,10
12.8302803,80.22972107,25992,26003,11
12.82913017,80.23014832,26003,26013,10
12.82798004,80.2307663,26013,26023,10
12.8267498,80.23130798,26023,26033,10
12.82551956,80.23142242,26033,26043,10
12.82425976,80.23129272,26043,26053,10
12.82306957,80.23094177,26053,26063,10
12.82174015,80.23055267,26063,26073,10
12.82046032,80.23046875,26073,26083,10
12.8192997,80.2305069,26083,26094,11
12.81884003,80.23047638,26094,26104,10
12.81840038,80.23029327,26104,26114,10
12.81758022,80.22988129,26114,26124,10
12.81645966,80.22950745,26124,26134,10
12.81513023,80.22930908,26134,26144,10
12.81371975,80.22904205,26144,26154,10
12.81235981,80.22857666,26154,26164,10
12.81103992,80.22811127,26164,26174,10
12.81002045,80.22767639,26174,26185,11
12.80900002,80.22711945,26185,26195,10
12.80817032,80.22646332,26195,26205,10
12.80743027,80.22582245,26205,26215,10
12.80687046,80.22532654,26215,26225,10
12.80634022,80.22483826,26225,26235,10
12.80572033,80.22431183,26235,26245,10
12.80519009,80.22406769,26245,26255,10
12.80504036,80.22402191,26255,26275,20
12.80504036,80.22402191,26275,26286,11
12.80463982,80.22395325,26286,26296,10
12.80385017,80.22386932,26296,26306,10
12.80282974,80.22376251,26306,26316,10
12.80158043,80.22361755,26316,26326,10
12.80095959,80.22357941,26326,26336,10
12.80053997,80.22354126,26336,26346,10
12.79961014,80.22345734,26346,26356,10
12.79837036,80.22332001,26356,26366,10
12.79697037,80.22309875,26366,26377,11
12.79551029,80.22281647,26377,26387,10
12.79461956,80.22271729,26387,26397,10
12.79454041,80.22270203,26397,26407,10
12.79399014,80.22263336,26407,26417,10
12.79304981,80.2224884,26417,26427,10
12.79191017,80.22225189,26427,26437,10
12.79071045,80.22194672,26437,26447,10
12.78964996,80.2216568,26447,26457,10
12.78884983,80.22136688,26457,26468,11
12.78787994,80.22099304,26468,26478,10
12.78709984,80.22068787,26478,26488,10
12.78637981,80.22042084,26488,26508,20
12.78637981,80.22042084,26508,26518,10
12.78629017,80.22035217,26518,26528,10
12.78596973,80.2202301,26528,26538,10
12.78586006,80.2201767,26538,26548,10
12.78491974,80.21974182,26548,26569,21
12.78491974,80.21974182,26569,26579,10
12.78472996,80.21964264,26579,26589,10
12.78429985,80.21941376,26589,26599,10
12.78347015,80.21894836,26599,26609,10
12.78246021,80.21838379,26609,26619,10
12.78133965,80.21775818,26619,26629,10
12.78019047,80.21716309,26629,26639,10
12.77892971,80.21653748,26639,27226,587
12.77892971,80.21653748,27226,27236,10
12.77884007,80.21646118,27236,27246,10
12.77830982,80.21617889,27246,27256,10
12.7774601,80.21579742,27256,27266,10
12.77645969,80.21537018,27266,27276,10
12.77536011,80.21492004,27276,27287,11
12.77418995,80.21444702,27287,27297,10
12.77313995,80.21404266,27297,27307,10
12.77213001,80.21365356,27307,27317,10
12.77124023,80.21334076,27317,27327,10
12.77077961,80.21318817,27327,27337,10
12.77075005,80.21302032,27337,27347,10
12.7709198,80.21259308,27347,27357,10
12.77105999,80.21182251,27357,27367,10
12.77140045,80.21105957,27367,27378,11
12.77186012,80.21018219,27378,27388,10
12.77225018,80.20929718,27388,27398,10
12.77254009,80.20825195,27398,27408,10
12.77282047,80.20732117,27408,27418,10
12.77301979,80.20652008,27418,27428,10
12.77322006,80.20587921,27428,27438,10
12.77338028,80.20513916,27438,27448,10
12.77348042,80.20426178,27448,27458,10
12.77363968,80.20320129,27458,27469,11
12.77383995,80.20200348,27469,27479,10
12.77390003,80.2009964,27479,27489,10
12.77398014,80.20027161,27489,27499,10
12.77404976,80.19927979,27499,27509,10
12.77416039,80.19818115,27509,27519,10
12.77418041,80.197258,27519,27529,10
12.77422047,80.19629669,27529,27539,10
12.77425957,80.19579315,27539,27549,10
12.77431965,80.19522095,27549,27560,11
12.77453041,80.19425964,27560,27570,10
12.77476978,80.19335938,27570,27580,10
12.77530003,80.19255066,27580,27590,10
12.77530956,80.19180298,27590,27600,10
12.77507973,80.19096375,27600,27610,10
12.7747097,80.19046021,27610,27620,10
12.77439022,80.19013214,27620,27630,10
12.77375984,80.18955231,27630,27640,10
12.77276993,80.18919373,27640,27651,11
12.77165031,80.18876648,27651,27661,10
12.77108002,80.18827057,27661,27671,10
12.77095985,80.18743896,27671,27681,10
12.77091026,80.18695068,27681,27691,10
12.77077961,80.18554688,27691,27701,10
12.77077961,80.18554688,27701,27711,10
12.77070045,80.18476105,27711,27721,10
12.77056026,80.18462372,27721,27731,10
12.77050018,80.18462372,27731,27741,10
12.77013969,80.18453979,27741,27752,11
12.7696104,80.18437958,27752,27765,13
12.76926041,80.18422699,27765,27775,10
12.76906967,80.18412018,27775,27785,10
12.76881027,80.18392181,27785,27795,10
12.76854992,80.18366241,27795,27805,10
12.76817036,80.18341064,27805,27815,10
12.76768017,80.1832428,27815,27826,11
12.76727009,80.18309784,27826,27837,11
12.76667976,80.18283081,27837,27847,10
12.76605034,80.18267059,27847,27857,10
12.76554012,80.18260193,27857,27867,10
12.76486969,80.18251038,27867,27877,10
12.76430988,80.18244934,27877,27887,10
12.76381969,80.18235779,27887,27897,10
12.7635498,80.18251801,27897,27907,10
12.76340961,80.18299103,27907,27917,10
12.76325035,80.1835022,27917,27928,11
12.76309967,80.18390656,27928,27938,10
12.76305962,80.18415833,27938,27948,10
12.76309013,80.18443298,27948,27958,10
12.76305008,80.18477631,27958,27968,10
12.76288033,80.18499756,27968,27978,10
12.76261044,80.18495941,27978,27988,10
12.76231956,80.18493652,27988,27998,10
12.76198006,80.18493652,27998,28008,10
12.7616396,80.18489838,28008,28019,11
12.76154995,80.18469238,28019,28375,356
12.76154995,80.18469238,28375,28385,10
12.76161003,80.18488312,28385,28870,485
12.76161003,80.18488312,28870,28880,10
12.76175022,80.18492889,28880,28890,10
12.76204014,80.18495941,28890,28900,10
12.76224041,80.18495941,28900,28910,10
12.76237965,80.18493652,28910,28920,10
12.76247025,80.18495178,28920,28929,9
12.76272964,80.18499756,28929,28940,11
12.76299953,80.18495178,28940,28950,10
12.76307011,80.18466187,28950,28961,11
12.76305962,80.18431854,28961,28971,10
12.76303959,80.18405914,28971,28981,10
12.7631197,80.18377686,28981,28992,11
12.76319027,80.18354797,28992,29002,10
12.76323986,80.18341827,29002,29012,10
12.76336002,80.1829834,29012,29022,10
12.76348972,80.18251038,29022,29032,10
12.76385975,80.18241882,29032,29044,12
12.76441002,80.18247986,29044,29053,9
12.76492977,80.18254089,29053,29064,11
12.76562023,80.18263245,29064,29074,10
12.76609039,80.18269348,29074,29083,9
12.76671028,80.1828537,29083,29094,11
12.76729965,80.18312073,29094,29104,10
12.76786041,80.18331909,29104,29113,9
12.76838017,80.18351746,29113,29124,11
12.7687397,80.18383789,29124,29135,11
12.76910973,80.1841507,29135,29145,10
12.76924992,80.18422699,29145,29155,10
12.76930046,80.18424988,29155,29165,10
12.76965046,80.18441772,29165,29175,10
12.77011013,80.18457031,29175,29186,11
12.77060032,80.18470001,29186,29206,20
12.77060032,80.18470001,29206,29216,10
12.77077007,80.18505859,29216,29227,11
12.77079964,80.18585968,29227,29237,10
12.77093983,80.18691254,29237,29257,20
12.77093983,80.18691254,29257,29267,10
12.77095985,80.18721771,29267,29275,8
12.77101994,80.18772125,29275,29288,13
12.77114964,80.18852997,29288,29298,10
12.7720499,80.18900299,29298,29308,10
12.77297974,80.18934631,29308,29319,11
12.77408028,80.18979645,29319,29329,10
12.77474976,80.19052887,29329,29339,10
12.77521992,80.19127655,29339,29349,10
12.7754097,80.19216156,29349,29359,10
12.77517986,80.19281769,29359,29369,10
12.77466965,80.19380951,29369,29389,20
12.77466965,80.19380951,29389,29399,10
12.77455997,80.19418335,29399,29409,10
12.77453995,80.19432068,29409,29420,11
12.77447987,80.19464111,29420,29430,10
12.77431965,80.19535065,29430,29440,10
12.77423954,80.19625854,29440,29450,10
12.77422047,80.19702911,29450,29460,10
12.77418041,80.19818115,29460,29470,10
12.77408028,80.19924164,29470,29480,10
12.77398014,80.20041656,29480,29491,11
12.77390003,80.20130157,29491,29502,11
12.77390003,80.20133209,29502,29512,10
12.77385998,80.20188904,29512,29522,10
12.77379036,80.20278168,29522,29532,10
12.77355003,80.20375824,29532,29542,10
12.7734499,80.20474243,29542,29552,10
12.77328968,80.20562744,29552,29562,10
12.77305984,80.20648193,29562,29572,10
12.77303028,80.20655823,29572,29583,11
12.77287006,80.20709229,29583,29593,10
12.77264023,80.20791626,29593,29603,10
12.77235985,80.20890045,29603,29613,10
12.77198982,80.20996857,29613,29623,10
12.77145004,80.21101379,29623,29633,10
12.77108955,80.21183777,29633,29643,10
12.77081966,80.21305847,29643,29674,31
12.77081966,80.21305847,29674,29684,10
12.77108002,80.21318817,29684,29694,10
12.77165031,80.21338654,29694,29704,10
12.77245045,80.21367645,29704,29714,10
12.77336979,80.21404266,29714,29724,10
12.7744503,80.21446228,29724,29734,10
12.77562046,80.21492767,29734,29744,10
12.77680016,80.21540833,29744,29754,10
12.7779398,80.21588135,29754,29764,10
12.77904034,80.21642303,29764,29775,11
12.78022003,80.21707153,29775,29785,10
12.78131962,80.21765137,29785,29795,10
12.7823801,80.21823883,29795,29805,10
12.78337955,80.21880341,29805,29815,10
12.78423977,80.21929932,29815,29825,10
12.78501034,80.21972656,29825,29835,10
12.78563023,80.220047,29835,29845,10
12.78610039,80.22023773,29845,29855,10
12.78641033,80.22035217,29855,29866,11
12.7867403,80.22046661,29866,29926,60
12.7867403,80.22046661,29926,29936,10
12.78715992,80.22070313,29936,29946,10
12.78773975,80.22093201,29946,29957,11
12.78855038,80.22129059,29957,29967,10
12.78948975,80.22158813,29967,29977,10
12.79028988,80.22181702,29977,29987,10
12.79127979,80.22205353,29987,29997,10
12.79242992,80.22232056,29997,30007,10
12.79372025,80.22254181,30007,30017,10
12.79487038,80.22270966,30017,30027,10
12.79646015,80.22296143,30027,30048,21
12.79646015,80.22296143,30048,30058,10
12.79673004,80.22302246,30058,30068,10
12.79743958,80.22315216,30068,30078,10
12.79835033,80.22328186,30078,30088,10
12.79942036,80.2233963,30088,30098,10
12.80060005,80.22348022,30098,30108,10
12.80146027,80.22355652,30108,30118,10
12.80150986,80.22357941,30118,30128,10
12.80160046,80.22358704,30128,30139,11
12.80228996,80.22366333,30139,30149,10
12.80319977,80.22377014,30149,30159,10
12.80424023,80.22386169,30159,30169,10
12.80560017,80.22411346,30169,30189,20
12.80560017,80.22411346,30189,30199,10
12.80583954,80.22428131,30199,30209,10
12.80597973,80.22438812,30209,30219,10
12.80636978,80.22471619,30219,30229,10
12.80708027,80.22535706,30229,30240,11
12.80805969,80.22621155,30240,30250,10
12.80910015,80.22705841,30250,30260,10
12.8103199,80.22769928,30260,30270,10
12.81161022,80.22823334,30270,30280,10
12.81295967,80.22872162,30280,30290,10
12.81437016,80.22914886,30290,30300,10
12.81579018,80.2293396,30300,30310,10
12.81713963,80.229599,30310,30320,10
12.81836033,80.23014832,30320,30331,11
12.81986046,80.23042297,30331,30351,20
12.81986046,80.23042297,30351,30361,10
12.82028961,80.23042297,30361,30371,10
12.82116032,80.23042297,30371,30381,10
12.82223988,80.23059082,30381,30391,10
12.82336998,80.23094177,30391,30401,10
12.82454014,80.23121643,30401,30411,10
12.82621002,80.23130035,30411,30432,21
12.82621002,80.23130035,30432,30442,10
12.82625008,80.23132324,30442,30452,10
12.82668972,80.23127747,30452,30462,10
12.82750034,80.23103333,30462,30472,10
12.82847977,80.23046875,30472,30482,10
12.82962036,80.22994232,30482,30492,10
12.83115959,80.22931671,30492,30533,41
12.83115959,80.22931671,30533,30543,10
12.83170033,80.22911835,30543,30563,20
12.83170033,80.22911835,30563,30573,10
12.83181,80.22907257,30573,30583,10
12.83236027,80.22895813,30583,30593,10
12.83335018,80.2288208,30593,30604,11
12.83454037,80.22862244,30604,30614,10
12.83574009,80.22840881,30614,30624,10
12.83718014,80.22820282,30624,30634,10
12.83862019,80.22792816,30634,30644,10
12.83950043,80.22769165,30644,30674,30
12.83950043,80.22769165,30674,30684,10
12.83971977,80.22762299,30684,30695,11
12.84057999,80.22741699,30695,30705,10
12.84171963,80.22714233,30705,30715,10
12.84307957,80.22686005,30715,30725,10
12.84453011,80.22663879,30725,30735,10
12.84543991,80.22654724,30735,30755,20
12.84543991,80.22654724,30755,30765,10
12.84556007,80.22651672,30765,30775,10
12.84560013,80.22653198,30775,30786,11
12.84599972,80.22653961,30786,30796,10
12.84683037,80.22653198,30796,30806,10
12.84796047,80.22653198,30806,30816,10
12.84924984,80.22651672,30816,30826,10
12.85007954,80.22650146,30826,30836,10
12.85021019,80.22651672,30836,30846,10
12.85085964,80.22654724,30846,30856,10
12.8519001,80.22660065,30856,30866,10
12.85311985,80.22663879,30866,30876,10
12.85461998,80.22651672,30876,30887,11
12.85603046,80.22637177,30887,30897,10
12.85735989,80.22622681,30897,30907,10
12.85842037,80.22618103,30907,30917,10
12.85953999,80.2263031,30917,30927,10
12.86044025,80.2264328,30927,30937,10
12.86069012,80.22646332,30937,30947,10
12.86093044,80.22651672,30947,30957,10
12.86163044,80.2265625,30957,30967,10
12.86277008,80.22647858,30967,30978,11
12.86429977,80.22650909,30978,30988,10
12.8659296,80.22653198,30988,30998,10
12.86769962,80.22638702,30998,31008,10
12.86950016,80.22644043,31008,31018,10
12.87123013,80.22660065,31018,31028,10
12.87271976,80.22660065,31028,31048,20
12.87271976,80.22660065,31048,31058,10
12.87285995,80.22660065,31058,31069,11
12.87341976,80.22663879,31069,31079,10
12.87440014,80.22670746,31079,31089,10
12.87555981,80.22685242,31089,31099,10
12.8764801,80.22688293,31099,31109,10
12.87658024,80.22686768,31109,31119,10
12.87674046,80.22686005,31119,31129,10
12.87675953,80.22686005,31129,31139,10
12.87687969,80.22685242,31139,31149,10
12.87742043,80.2268219,31149,31160,11
12.87858009,80.22673035,31160,31170,10
12.87981987,80.22667694,31170,31180,10
12.88117027,80.22666931,31180,31190,10
12.8826704,80.22663879,31190,31200,10
12.88405991,80.22662354,31200,31210,10
12.88535976,80.22663116,31210,31230,20
12.88535976,80.22663116,31230,31240,10
12.88549042,80.22666168,31240,31251,11
12.88611031,80.2268219,31251,31261,10
12.88700962,80.22705841,31261,31271,10
12.8881197,80.22724152,31271,31281,10
12.88943958,80.22728729,31281,31291,10
12.89085007,80.22730255,31291,31301,10
12.89227009,80.22731781,31301,31321,20
12.89227009,80.22731781,31321,31331,10
12.89231014,80.22733307,31331,31342,11
12.89299011,80.22738647,31342,31352,10
12.89402962,80.2275238,31352,31362,10
12.89531994,80.2276001,31362,31372,10
12.89684963,80.22766113,31372,31382,10
12.89836025,80.22775269,31382,31392,10
12.89951992,80.22782135,31392,31402,10
12.90071964,80.22783661,31402,31422,20
12.90071964,80.22783661,31422,31433,11
12.90102005,80.22788239,31433,31443,10
12.90178967,80.22794342,31443,31453,10
12.90312004,80.22795105,31453,31473,20
12.90312004,80.22795105,31473,31483,10
12.90349007,80.2279892,31483,31493,10
12.90421963,80.22805786,31493,31503,10
12.90522003,80.22811127,31503,31513,10
12.90592957,80.22814178,31513,31524,11
12.9068203,80.22820282,31524,31544,20
12.9068203,80.22820282,31544,31554,10
12.9070797,80.22827148,31554,31564,10
12.9078598,80.22840118,31564,31574,10
12.9090004,80.22857666,31574,31584,10
12.91012001,80.2287674,31584,31594,10
12.91203976,80.22904205,31594,31604,10
12.91399956,80.22926331,31604,31635,31
12.91399956,80.22926331,31635,31645,10
12.91431999,80.22931671,31645,31655,10
12.91481018,80.22937775,31655,31665,10
12.91522026,80.22946167,31665,31675,10
12.91590023,80.22956085,31675,31685,10
12.91676044,80.22966766,31685,31695,10
12.91767979,80.22979736,31695,31706,11
12.91860008,80.22994232,31706,31716,10
12.91963959,80.23007965,31716,31726,10
12.92096043,80.23023987,31726,31736,10
12.92247009,80.23045349,31736,31746,10
12.92405987,80.23066711,31746,31756,10
12.92541981,80.23084259,31756,31766,10
12.92630959,80.23091125,31766,31776,10
12.92640972,80.23091888,31776,31785,9
12.9266901,80.23095703,31785,31796,11
12.92737961,80.23104858,31796,31807,11
12.92860031,80.23120117,31807,31817,10
12.92875957,80.2312088,31817,31827,10
12.92881966,80.23123169,31827,31837,10
12.92936039,80.2313385,31837,31847,10
12.93029022,80.23155975,31847,31857,10
12.93142033,80.23191833,31857,31867,10
12.93257999,80.2322998,31867,31877,10
12.93330002,80.2325592,31877,31887,10
12.93346977,80.23264313,31887,31908,21
12.93346977,80.23264313,31908,31918,10
12.93362045,80.23271942,31918,31928,10
12.93404007,80.23294067,31928,31938,10
12.93492031,80.23332214,31938,31948,10
12.93603039,80.23381805,31948,31958,10
12.93729019,80.23445892,31958,31968,10
12.93848038,80.2350235,31968,31978,10
12.93959045,80.23555756,31978,31999,21
12.93959045,80.23555756,31999,32009,10
12.93976974,80.23570251,32009,32019,10
12.94044018,80.23593903,32019,32029,10
12.94126034,80.23613739,32029,32039,10
12.94223022,80.23638153,32039,32049,10
12.94322014,80.23686981,32049,32059,10
12.94402027,80.2376709,32059,32069,10
12.94484043,80.2385788,32069,32080,11
12.94583988,80.23937225,32080,32090,10
12.94682026,80.23976135,32090,32100,10
12.94719982,80.23989868,32100,32110,10
12.94721985,80.23990631,32110,32120,10
12.94736004,80.23996735,32120,32130,10
12.94787979,80.2401886,32130,32140,10
12.94884014,80.24064636,32140,32181,41
12.94884014,80.24064636,32181,32191,10
12.94919968,80.24079895,32191,32201,10
12.94968987,80.24095917,32201,32211,10
12.95055008,80.24121094,32211,32221,10
12.95100975,80.24131775,32221,32231,10
12.95104027,80.24134064,32231,32241,10
12.95125961,80.24143982,32241,32251,10
12.95180988,80.24163818,32251,32262,11
12.95258045,80.24189758,32262,32272,10
12.95341015,80.24221802,32272,32282,10
12.95405006,80.24247742,32282,32292,10
12.9547596,80.24275208,32292,32302,10
12.95534039,80.24298096,32302,32312,10
12.95631981,80.24336243,32312,32342,30
12.95631981,80.24336243,32342,32353,11
12.95680046,80.24358368,32353,32363,10
12.95761013,80.24391937,32363,32373,10
12.95874023,80.24437714,32373,32393,20
12.95874023,80.24437714,32393,32403,10
12.95897961,80.24452209,32403,32413,10
12.95946026,80.24474335,32413,32423,10
12.96030998,80.24508667,32423,32433,10
12.96138954,80.24558258,32433,32444,11
12.96257019,80.24617767,32444,32454,10
12.96310043,80.24646759,32454,32464,10
12.96310997,80.24649048,32464,32474,10
12.96315002,80.24659729,32474,32484,10
12.96345043,80.24674225,32484,32494,10
12.96395969,80.24693298,32494,32504,10
12.96467972,80.24716949,32504,32514,10
12.96560955,80.24745941,32514,32524,10
12.96627045,80.24770355,32524,32535,11
12.96689987,80.24794006,32535,32545,10
12.96697044,80.24797821,32545,32555,10
12.96724033,80.24816132,32555,32565,10
12.96805954,80.24849701,32565,32575,10
12.96905041,80.24889374,32575,32585,10
12.97017002,80.2493515,32585,32595,10
12.97142982,80.24977875,32595,32605,10
12.97274017,80.25010681,32605,32615,10
12.97362995,80.25032806,32615,32625,10
12.97453022,80.2505722,32625,32636,11
12.97581959,80.25095367,32636,32646,10
12.97710037,80.25132751,32646,32656,10
12.97809029,80.25196838,32656,32666,10
12.97856998,80.25231934,32666,32676,10
12.97859001,80.25234985,32676,32686,10
12.97900009,80.25251007,32686,32696,10
12.97980022,80.25263214,32696,32706,10
12.98034954,80.25263214,32706,32716,10
12.98104954,80.25260925,32716,32727,11
12.98215008,80.25257111,32727,32737,10
12.98338985,80.25248718,32737,32747,10
12.98458004,80.25219727,32747,32757,10
12.98546028,80.25193787,32757,32767,10
12.98573971,80.25186157,32767,32777,10
12.98600006,80.25173187,32777,32787,10
12.98637962,80.25167084,32787,32797,10
12.98723984,80.25144196,32797,32858,61
12.98723984,80.25144196,32858,32868,10
12.98727989,80.2514267,32868,32878,10
12.98764992,80.25134277,32878,32888,10
12.98832989,80.25118256,32888,32898,10
12.9891901,80.2509613,32898,32909,11
12.98933983,80.25090027,32909,32919,10
12.98950958,80.25086975,32919,32929,10
12.99009991,80.25074768,32929,32939,10
12.99106026,80.2505188,32939,32949,10
12.99223042,80.25023651,32949,32959,10
12.99357986,80.24992371,32959,32969,10
12.99505043,80.24954987,32969,32979,10
12.99617958,80.24923706,32979,32989,10
12.99680042,80.24904633,32989,33000,11
12.99687004,80.2490387,33000,33010,10
12.99726963,80.24894714,33010,33020,10
12.99806976,80.24875641,33020,33030,10
12.99915981,80.24849701,33030,33040,10
13.00041008,80.24819946,33040,33050,10
13.00174046,80.24787903,33050,33060,10
13.0030098,80.247612,33060,33070,10
13.00424004,80.24742126,33070,33080,10
13.00547981,80.2472229,33080,33091,11
13.00650024,80.24645996,33091,33121,30
13.00650024,80.24645996,33121,33131,10
13.00654984,80.2460022,33131,33141,10
13.00658989,80.24520111,33141,33151,10
13.00658989,80.24465179,33151,33161,10
13.00658989,80.24423218,33161,33171,10
13.00654984,80.24372101,33171,33182,11
13.00652981,80.24317169,33182,33192,10
13.00650978,80.24246216,33192,33202,10
13.00652027,80.24149323,33202,33212,10
13.00667,80.24063873,33212,33222,10
13.0068903,80.23963928,33222,33232,10
13.00701046,80.23861694,33232,33242,10
13.00722027,80.23766327,33242,33252,10
13.00737953,80.23674011,33252,33272,20
13.00737953,80.23674011,33272,33283,11
13.00753021,80.2363205,33283,33293,10
13.00765991,80.23564148,33293,33303,10
13.0078001,80.23477936,33303,33313,10
13.00802994,80.2337265,33313,33323,10
13.00825977,80.23258209,33323,33333,10
13.0085001,80.23136139,33333,33343,10
13.00876045,80.2301178,33343,33353,10
13.00895023,80.22910309,33353,33363,10
13.00926018,80.2279129,33363,33374,11
13.00990963,80.22651672,33374,33384,10
13.01045036,80.22537994,33384,33394,10
13.01097965,80.22427368,33394,33404,10
13.01148033,80.22319794,33404,33414,10
13.01185989,80.22216034,33414,33424,10
13.01218987,80.22151184,33424,33433,9
13.01245975,80.22167969,33433,33444,11
13.01270962,80.22212982,33444,33454,10
13.01305962,80.22257996,33454,33465,11
13.01366043,80.22315216,33465,33475,10
13.01401997,80.22351837,33475,33485,10
13.01418972,80.22383118,33485,33495,10
13.0146904,80.22442627,33495,33505,10
13.01515961,80.22480011,33505,33515,10
13.0153904,80.22492981,33515,33525,10
13.01543999,80.22496796,33525,33535,10
13.01574039,80.22525787,33535,33545,10
13.01636028,80.2253418,33545,33556,11
13.01716042,80.22505188,33556,33566,10
13.01782036,80.22480011,33566,33576,10
13.01850033,80.22451782,33576,33586,10
13.01947975,80.2243576,33586,33606,20
13.01947975,80.2243576,33606,33616,10
13.01953983,80.22447205,33616,33626,10
13.01968002,80.22460938,33626,33636,10
13.02001953,80.22483063,33636,33647,11
13.02054024,80.22515869,33647,33657,10
13.02112007,80.22557831,33657,33667,10
13.02155972,80.22592163,33667,33677,10
13.02190971,80.2261734,33677,33687,10
13.0219698,80.22621155,33687,33697,10
13.02221012,80.22641754,33697,33707,10
13.02256966,80.22673035,33707,33717,10
13.02303982,80.22717285,33717,33727,10
13.02352047,80.2276001,33727,33738,11
13.02394962,80.22799683,33738,33748,10
13.02420044,80.22827911,33748,33758,10
13.02437019,80.228508,33758,33768,10
13.02449989,80.22872162,33768,33798,30
13.02449989,80.22872162,33798,33808,10
13.02464008,80.2289505,33808,33818,10
13.02490044,80.22930145,33818,33829,11
13.02532959,80.22982788,33829,33839,10
13.02567005,80.23033905,33839,33849,10
13.02589035,80.23081207,33849,33859,10
13.02598953,80.23123932,33859,33869,10
13.02614975,80.23130798,33869,33879,10
13.02690029,80.23113251,33879,33889,10
13.02775955,80.2309494,33889,33899,10
13.02861023,80.23085785,33899,33909,10
13.02933979,80.23079681,33909,33920,11
13.02999973,80.23075104,33920,33930,10
13.03040981,80.23074341,33930,33940,10
13.03065968,80.23072052,33940,33950,10
13.03067017,80.23072815,33950,33960,10
13.03079987,80.23072052,33960,33970,10
13.03129959,80.23062134,33970,33980,10
13.03269005,80.23052979,33980,34021,41
13.03269005,80.23052979,34021,34031,10
13.03297043,80.23058319,34031,34041,10
13.03339005,80.2305603,34041,34051,10
13.0337801,80.23052216,34051,34071,20
13.0337801,80.23052216,34071,34081,10
13.03390026,80.23042297,34081,34091,10
13.03427982,80.2304306,34091,34101,10
13.03483963,80.23027039,34101,34112,11
13.03512955,80.22994232,34112,34122,10
13.0348196,80.22981262,34122,34253,131
13.03446007,80.2297821,34253,34354,101
13.03415012,80.22998047,34354,34789,435
13.03417969,80.23014069,34789,34971,182
13.03427982,80.23018646,34971,35426,455
13.03423977,80.23020935,35426,35537,111
13.03423977,80.23020935,35537,35547,10
13.03417015,80.23039246,35547,35557,10
13.03398037,80.2303772,35557,35567,10
13.03369999,80.23040009,35567,35578,11
13.0335598,80.23046875,35578,35588,10
13.03312969,80.23045349,35588,35598,10
13.03252983,80.23052216,35598,35608,10
13.03188038,80.23059845,35608,35618,10
13.03098011,80.23069763,35618,35648,30
13.03098011,80.23069763,35648,35658,10
13.03077984,80.23072052,35658,35669,11
13.0303297,80.23074341,35669,35679,10
13.0299902,80.2307663,35679,35689,10
13.02997971,80.23078156,35689,35699,10
13.0297699,80.23082733,35699,35709,10
13.02941036,80.23084259,35709,35719,10
13.02886009,80.23079681,35719,35729,10
13.02814007,80.23088074,35729,35739,10
13.02777004,80.23101807,35739,35749,10
13.02781963,80.23162079,35749,35760,11
13.02785969,80.2322464,35760,35770,10
13.02783966,80.23268127,35770,35780,10
13.02727985,80.23277283,35780,35790,10
13.02684975,80.23290253,35790,35800,10
13.02645969,80.23280334,35800,35810,10
13.02620983,80.2321167,35810,35820,10
13.02595997,80.23121643,35820,35830,10
13.02554035,80.23021698,35830,35840,10
13.02466011,80.22907257,35840,35871,31
13.02466011,80.22907257,35871,35881,10
13.02457047,80.2289505,35881,35891,10
13.02425957,80.22853851,35891,35901,10
13.02390003,80.22808075,35901,35911,10
13.02355003,80.22770691,35911,35921,10
13.02320957,80.22740173,35921,35962,41
13.02320957,80.22740173,35962,35972,10
13.02299976,80.22711945,35972,35982,10
13.02272987,80.22685242,35982,35992,10
13.02260017,80.22673798,35992,36002,10
13.02221966,80.22644043,36002,36012,10
13.02173042,80.22605133,36012,36022,10
13.02105045,80.22553253,36022,36033,11
13.02035999,80.22509003,36033,36043,10
13.02000999,80.22485352,36043,36053,10
13.01951981,80.22458649,36053,36063,10
13.01873016,80.22457886,36063,36073,10
13.01786041,80.22492218,36073,36083,10
13.0170002,80.22528076,36083,36093,10
13.01648045,80.22545624,36093,36103,10
13.01601982,80.22561646,36103,36113,10
13.01535988,80.22583771,36113,36124,11
13.01449013,80.22615814,36124,36154,30
13.01449013,80.22615814,36154,36164,10
13.01426983,80.22625732,36164,36174,10
13.01383018,80.22641754,36174,36184,10
13.01313972,80.2266922,36184,36194,10
13.01233006,80.22707367,36194,36204,10
13.01142025,80.22743988,36204,36215,11
13.01033974,80.22786713,36215,36225,10
13.00948048,80.22821808,36225,36235,10
13.00918961,80.22873688,36235,36245,10
13.00897026,80.2297287,36245,36255,10
13.00874043,80.23085785,36255,36265,10
13.00856018,80.23184967,36265,36275,10
13.00829983,80.23345947,36275,36295,20
13.00829983,80.23345947,36295,36306,11
13.00817966,80.23377228,36306,36316,10
13.00807953,80.23433685,36316,36326,10
13.00790977,80.23512268,36326,36336,10
13.00778008,80.23587799,36336,36346,10
13.00757027,80.23696899,36346,36356,10
13.00737,80.23799133,36356,36366,10
13.0072298,80.2388382,36366,36376,10
13.00697041,80.23986816,36376,36386,10
13.00689983,80.24053955,36386,36396,10
13.00687027,80.2406311,36396,36407,11
13.00677967,80.2410202,36407,36417,10
13.00675964,80.24167633,36417,36427,10
13.0067997,80.24262238,36427,36437,10
13.00677967,80.24343872,36437,36447,10
13.00673962,80.24414063,36447,36457,10
13.00671959,80.24488831,36457,36467,10
13.00677013,80.24633789,36467,36487,20
13.00677013,80.24633789,36487,36498,11
13.00675011,80.24659729,36498,36508,10
13.00677967,80.24700928,36508,36518,10
13.00625038,80.24736786,36518,36538,20
13.00625038,80.24736786,36538,36548,10
13.00607014,80.24745178,36548,36558,10
13.00547028,80.24742889,36558,36568,10
13.00465965,80.24742126,36568,36578,10
13.0036602,80.24752045,36578,36589,11
13.00249004,80.24771118,36589,36599,10
13.00146961,80.24797058,36599,36609,10
13.00032997,80.2482605,36609,36619,10
12.99915028,80.2485733,36619,36629,10
12.99824047,80.24881744,36629,36639,10
12.99804974,80.24887085,36639,36649,10
12.99765015,80.24893188,36649,36659,10
12.99682999,80.24907684,36659,36669,10
12.99582005,80.2493515,36669,36680,11
12.99454975,80.24967194,36680,36690,10
12.99333954,80.25000763,36690,36700,10
12.99213028,80.25031281,36700,36710,10
12.99108028,80.25061035,36710,36730,20
12.99108028,80.25061035,36730,36740,10
12.99083042,80.25066376,36740,36750,10
12.9902401,80.25076294,36750,36760,10
12.98941994,80.25097656,36760,36771,11
12.98838043,80.25125885,36771,36781,10
12.98764992,80.25144196,36781,36791,10
12.9868803,80.25166321,36791,36801,10
12.98602962,80.25187683,36801,36811,10
12.98509026,80.25213623,36811,36821,10
12.98443985,80.25234222,36821,36831,10
12.98435974,80.25235748,36831,36841,10
12.98371029,80.25253296,36841,36851,10
12.98283958,80.25267792,36851,36862,11
12.98174,80.25267792,36862,36872,10
12.98081017,80.25270844,36872,36882,10
12.98034,80.25270844,36882,36892,10
12.98031998,80.25270844,36892,36902,10
12.98011971,80.25269318,36902,36912,10
12.97970009,80.25263977,36912,36922,10
12.97933006,80.25263214,36922,36932,10
12.97912025,80.25263214,36932,36942,10
12.97875977,80.25260925,36942,36953,11
12.97861958,80.25257111,36953,36963,10
12.97821999,80.25229645,36963,36973,10
12.97756004,80.25171661,36973,36983,10
12.97661018,80.25125122,36983,36993,10
12.97546005,80.2509079,36993,37003,10
12.97434998,80.25057983,37003,37013,10
12.97329998,80.25026703,37013,37023,10
12.97216034,80.24996948,37023,37033,10
12.97089958,80.2496109,37033,37043,10
12.96969032,80.24919128,37043,37054,11
12.96852016,80.24874878,37054,37064,10
12.96759033,80.24836731,37064,37074,10
12.96681023,80.24810028,37074,37084,10
12.96599007,80.24771881,37084,37094,10
12.96535015,80.24748993,37094,37114,20
12.96535015,80.24748993,37114,37124,10
12.96525002,80.24752808,37124,37134,10
12.96487999,80.24736786,37134,37145,11
12.96409988,80.24706268,37145,37155,10
12.96350956,80.24680328,37155,37165,10
12.96273041,80.24638367,37165,37175,10
12.96175957,80.24593353,37175,37185,10
12.96070957,80.24543762,37185,37195,10
12.95977974,80.24501038,37195,37205,10
12.9594202,80.24485779,37205,37215,10
12.95936012,80.24482727,37215,37225,10
12.95890045,80.24462891,37225,37236,11
12.95804024,80.2442627,37236,37246,10
12.95740032,80.2440033,37246,37256,10
12.95678043,80.2437973,37256,37266,10
12.95656967,80.24373627,37266,37316,50
12.95656967,80.24373627,37316,37327,11
12.9562397,80.24362946,37327,37337,10
12.95561981,80.24330902,37337,37347,10
12.95477009,80.2428894,37347,37357,10
12.95388985,80.24250031,37357,37367,10
12.95347977,80.24233246,37367,37377,10
12.95277023,80.24201965,37377,37387,10
12.95217037,80.24182892,37387,37397,10
12.95186996,80.24173737,37397,37407,10
12.95158005,80.24162292,37407,37418,11
12.95079994,80.24134064,37418,37428,10
12.94981956,80.2410202,37428,37438,10
12.94923973,80.24082184,37438,37448,10
12.94892025,80.24073029,37448,37458,10
12.94820976,80.240448,37458,37468,10
12.94746017,80.24017334,37468,37478,10
12.9473896,80.24014282,37478,37488,10
12.94731045,80.24008942,37488,37498,10
12.94688034,80.23992157,37498,37509,11
12.94604969,80.23956299,37509,37519,10
12.94526005,80.23912811,37519,37529,10
12.94454002,80.23842621,37529,37539,10
12.94371033,80.23751831,37539,37549,10
12.94270992,80.23664093,37549,37559,10
12.94139004,80.2361908,37559,37569,10
12.94013977,80.23587799,37569,37579,10
12.93978024,80.23581696,37579,37589,10
12.9396801,80.23577118,37589,37600,11
12.93910027,80.23549652,37600,37610,10
12.93828011,80.2350769,37610,37620,10
12.93729973,80.23458099,37620,37630,10
12.93630981,80.23410034,37630,37640,10
12.93537998,80.23364258,37640,37650,10
12.93389988,80.23300171,37650,37670,20
12.93389988,80.23300171,37670,37680,10
12.93354034,80.2328186,37680,37691,11
12.93274021,80.23246002,37691,37701,10
12.9317503,80.23210144,37701,37711,10
12.9306097,80.23174286,37711,37721,10
12.92951965,80.23145294,37721,37731,10
12.92860031,80.23129272,37731,37741,10
12.92759991,80.23114014,37741,37751,10
12.92603016,80.23097992,37751,37771,20
12.92603016,80.23097992,37771,37783,12
12.92580032,80.2309494,37783,37794,11
12.92492008,80.23085785,37794,37804,10
12.92395973,80.23072815,37804,37814,10
12.92288017,80.23056793,37814,37824,10
12.92168999,80.23039246,37824,37834,10
12.9205904,80.2302475,37834,37844,10
12.91924953,80.23007965,37844,37854,10
12.91800976,80.2299118,37854,37864,10
12.91681957,80.22975159,37864,37875,11
12.91547966,80.22956085,37875,37886,11
12.91431999,80.22942352,37886,37895,9
12.91349983,80.2293396,37895,37906,11
12.91324997,80.22930908,37906,37915,9
12.91320038,80.22928619,37915,37926,11
12.91267967,80.22915649,37926,37936,10
12.91191959,80.22904205,37936,37946,10
12.91092014,80.22889709,37946,37956,10
12.90979004,80.22870636,37956,37966,10
12.90867996,80.22855377,37966,37977,11
12.9073801,80.22836304,37977,38027,50
12.9073801,80.22836304,38027,38037,10
12.90705967,80.22827911,38037,38047,10
12.90662956,80.2282486,38047,38057,10
12.90633011,80.22824097,38057,38068,11
12.9057703,80.22820282,38068,38078,10
12.90499973,80.22815704,38078,38088,10
12.90404987,80.22812653,38088,38098,10
12.90303993,80.22810364,38098,38108,10
12.90215015,80.22805786,38108,38118,10
12.90165043,80.22801971,38118,38128,10
12.90145016,80.22801971,38128,38138,10
12.9010601,80.2279892,38138,38148,10
12.90054989,80.22794342,38148,38159,11
12.90009022,80.22792053,38159,38169,10
12.89953041,80.2279129,38169,38179,10
12.89933014,80.2279129,38179,38189,10
12.89920044,80.22789764,38189,38199,10
12.89865017,80.2278595,38199,38209,10
12.89778042,80.22781372,38209,38219,10
12.8967104,80.22775269,38219,38229,10
12.89564037,80.22770691,38229,38239,10
12.89478016,80.22767639,38239,38250,11
12.89363003,80.22757721,38250,38260,10
12.89258957,80.22750092,38260,38310,50
12.89258957,80.22750092,38310,38320,10
12.89218044,80.22744751,38320,38330,10
12.89134979,80.22740936,38330,38341,11
12.89013958,80.22740173,38341,38351,10
12.88895035,80.22740173,38351,38361,10
12.88792038,80.2273407,38361,38371,10
12.88704014,80.22718811,38371,38381,10
12.88589954,80.22691345,38381,38391,10
12.88492012,80.22675323,38391,38401,10
12.88461971,80.22676086,38401,38411,10
12.88426971,80.22673798,38411,38421,10
12.88339996,80.22676086,38421,38432,11
12.88216019,80.22676086,38432,38442,10
12.88086033,80.22676849,38442,38452,10
12.87946987,80.22678375,38452,38462,10
12.87802029,80.22686005,38462,38472,10
12.87679958,80.22696686,38472,38482,10
12.87644005,80.22701263,38482,38492,10
12.87609005,80.22698975,38492,38502,10
12.87524033,80.2269516,38502,38512,10
12.87411022,80.2268219,38512,38523,11
12.87287998,80.22673798,38523,38533,10
12.8725996,80.22675323,38533,38543,10
12.87226009,80.22675323,38543,38553,10
12.87139988,80.22672272,38553,38563,10
12.87028027,80.22662354,38563,38573,10
12.86903,80.22647095,38573,38583,10
12.86773014,80.22644043,38583,38593,10
12.86643982,80.22660065,38593,38603,10
12.86509991,80.22663879,38603,38614,11
12.86347008,80.22657013,38614,38624,10
12.86196995,80.22662354,38624,38634,10
12.86100006,80.22662354,38634,38644,10
12.86089993,80.22662354,38644,38654,10
12.86063957,80.22659302,38654,38664,10
12.85980988,80.22647858,38664,38674,10
12.85890961,80.22634125,38674,38684,10
12.85828972,80.22628784,38684,38694,10
12.85731983,80.22631836,38694,38705,11
12.85599995,80.22646332,38705,38715,10
12.85464001,80.22660065,38715,38725,10
12.8531599,80.22672272,38725,38735,10
12.85159969,80.2266922,38735,38745,10
12.85027027,80.22664642,38745,38755,10
12.84980965,80.22666168,38755,38765,10
12.84951973,80.22666168,38765,38775,10
12.84875965,80.22666168,38775,38785,10
12.84764004,80.22667694,38785,38796,11
12.84630013,80.22664642,38796,38806,10
12.84584045,80.22666931,38806,38816,10
12.84539986,80.22666168,38816,38826,10
12.84537983,80.22664642,38826,38836,10
12.84521961,80.22664642,38836,38846,10
12.84459019,80.22669983,38846,38856,10
12.84366035,80.22679138,38856,38866,10
12.84251976,80.22698212,38866,38876,10
12.8412199,80.22725677,38876,38886,10
12.84020042,80.2275238,38886,38897,11
12.8397398,80.22766113,38897,38917,20
12.8397398,80.22766113,38917,38927,10
12.83950996,80.22772217,38927,38937,10
12.83882999,80.22792053,38937,38947,10
12.83782959,80.22815704,38947,38957,10
12.83664036,80.22836304,38957,38967,10
12.83533001,80.22855377,38967,38977,10
12.83397961,80.22878265,38977,38988,11
12.83267975,80.22901917,38988,38998,10
12.83199024,80.22917938,38998,39008,10
12.83189011,80.22920227,39008,39018,10
12.83166027,80.22924042,39018,39028,10
12.83096027,80.22946167,39028,39038,10
12.8299799,80.22985077,39038,39048,10
12.82894993,80.23023987,39048,39058,10
12.82791042,80.23084259,39058,39068,10
12.82693005,80.23127747,39068,39079,11
12.82573032,80.23143005,39079,39089,10
12.82446003,80.23136139,39089,39099,10
12.82308006,80.2309494,39099,39109,10
12.8218298,80.23056793,39109,39119,10
12.82071018,80.23046875,39119,39129,10
12.81943989,80.23049927,39129,39139,10
12.81826019,80.23021698,39139,39149,10
12.81702042,80.22966766,39149,39159,10
12.81556034,80.22939301,39159,39170,11
12.81387997,80.22908783,39170,39180,10
12.81239033,80.22859955,39180,39190,10
12.81091976,80.22805786,39190,39200,10
12.80957985,80.22749329,39200,39210,10
12.80848026,80.22673035,39210,39220,10
12.80743027,80.2258606,39220,39230,10
12.80657959,80.22509766,39230,39240,10
12.80583954,80.22444916,39240,39250,10
12.80529976,80.22409058,39250,39261,11
12.80521965,80.22406006,39261,39271,10
12.80500984,80.22402191,39271,39281,10
12.80463982,80.22396088,39281,39291,10
12.80381012,80.22389221,39291,39301,10
12.80282974,80.22380066,39301,39311,10
12.80160046,80.22364807,39311,39321,10
12.80023956,80.22353363,39321,39331,10
12.7989397,80.22344208,39331,39341,10
12.79769039,80.22328186,39341,39352,11
12.79648018,80.2230835,39352,39362,10
12.79599953,80.22299957,39362,39372,10
12.79586029,80.22296906,39372,39382,10
12.79528046,80.22286224,39382,39392,10
12.79440022,80.22270203,39392,39402,10
12.79337978,80.22254944,39402,39412,10
12.79234028,80.22238159,39412,39422,10
12.7913599,80.22212982,39422,39432,10
12.79039955,80.22190094,39432,39443,11
12.78964043,80.22170258,39443,39453,10
12.78911972,80.22151947,39453,39463,10
12.78853035,80.22129059,39463,39473,10
12.78808975,80.22110748,39473,39483,10
12.78796005,80.22104645,39483,39493,10
12.78765965,80.22093201,39493,39604,111
12.78765965,80.22093201,39604,39614,10
12.78732014,80.22077179,39614,39624,10
12.78709984,80.22070313,39624,39635,11
12.78689957,80.22064209,39635,39675,40
12.78689957,80.22064209,39675,39685,10
12.7864399,80.22045898,39685,39705,20
12.7864399,80.22045898,39705,39715,10
12.78627968,80.22042084,39715,39726,11
12.78616047,80.22051239,39726,39736,10
12.78616047,80.22093201,39736,39746,10
12.7862196,80.22151184,39746,39796,50
12.7862196,80.22151184,39796,39806,10
12.7862196,80.22194672,39806,40352,546
12.7862196,80.22194672,40352,40363,11
12.78617954,80.22161102,40363,40373,10
12.78614044,80.22142029,40373,40383,10
12.78614044,80.22116852,40383,40393,10
12.78614998,80.22091675,40393,40474,81
12.78614044,80.22054291,40474,40545,71
12.78614044,80.22054291,40545,40555,10
12.78654003,80.22042847,40555,40575,20
12.78654003,80.22042847,40575,40585,10
12.78686047,80.22055817,40585,40595,10
12.78728008,80.22070313,40595,40605,10
12.78752995,80.22078705,40605,40615,10
12.78767967,80.22084808,40615,40625,10
12.78820992,80.22104645,40625,40636,11
12.78925991,80.2213974,40636,40646,10
12.78989983,80.22162628,40646,40656,10
12.79053974,80.22183228,40656,40666,10
12.79152966,80.22207642,40666,40676,10
12.7926302,80.22235107,40676,40686,10
12.7936697,80.22250366,40686,40696,10
12.79481983,80.22267151,40696,40706,10
12.79596043,80.22286224,40706,40716,10
12.79627037,80.22290039,40716,40726,10
12.79658031,80.22293854,40726,40737,11
12.7973299,80.22309875,40737,40747,10
12.79831982,80.22324371,40747,40757,10
12.79944038,80.22335815,40757,40767,10
12.80049992,80.22344971,40767,40777,10
12.80126953,80.22351837,40777,40787,10
12.80144024,80.22354126,40787,40797,10
12.80185986,80.22360229,40797,40807,10
12.80270004,80.22371674,40807,40817,10
12.80354977,80.22383118,40817,40828,11
12.80445957,80.22389221,40828,40838,10
12.80519962,80.22399902,40838,40848,10
12.80550957,80.22408295,40848,40858,10
12.80560017,80.22412109,40858,40868,10
12.80603981,80.2244873,40868,40878,10
12.80677986,80.22514343,40878,40888,10
12.80770969,80.22592926,40888,40898,10
12.80875969,80.22682953,40898,40908,10
12.8097496,80.22747803,40908,40919,11
12.81103039,80.22802734,40919,40929,10
12.81231022,80.22850037,40929,40939,10
12.81363964,80.2289505,40939,40949,10
12.81494045,80.22924042,40949,40959,10
12.8162899,80.22942352,40959,40969,10
12.81754017,80.22973633,40969,40979,10
12.81842995,80.2301712,40979,40989,10
12.81933975,80.23043823,40989,40999,10
12.8197403,80.2304306,40999,41010,11
12.81993008,80.23043823,41010,41020,10
12.82067013,80.23040771,41020,41030,10
12.82176018,80.23047638,41030,41040,10
12.82289028,80.23078156,41040,41050,10
12.82398033,80.23108673,41050,41060,10
12.82520008,80.23133087,41060,41070,10
12.82612038,80.23129272,41070,41080,10
12.82629967,80.23127747,41080,41090,10
12.82697964,80.23119354,41090,41101,11
12.82796001,80.23072815,41101,41111,10
12.82896042,80.23016357,41111,41121,10
12.83006001,80.22971344,41121,41131,10
12.83094025,80.22937012,41131,41141,10
12.83108044,80.22931671,41141,41151,10
12.83123016,80.22927856,41151,41161,10
12.83154011,80.22917175,41161,41171,10
12.8321104,80.22902679,41171,41181,10
12.83302021,80.22885895,41181,41192,11
12.83425999,80.22865295,41192,41202,10
12.83549976,80.22844696,41202,41212,10
12.83679962,80.22825623,41212,41222,10
12.83806038,80.22802734,41222,41232,10
12.83942032,80.22766876,41232,41304,72
12.83942032,80.22766876,41304,41314,10
12.83990002,80.22756195,41314,41323,9
12.84060955,80.22737122,41323,41334,11
12.84156036,80.22709656,41334,41343,9
12.84270954,80.22682953,41343,41354,11
12.84407997,80.22666931,41354,41364,10
12.84521008,80.2265625,41364,41374,10
12.84537983,80.2265625,41374,41385,11
12.84556961,80.2265625,41385,41395,10
12.84607983,80.22653198,41395,41405,10
12.84696007,80.22651672,41405,41415,10
12.84807968,80.22651672,41415,41425,10
12.84926987,80.22650909,41425,41435,10
12.85054016,80.22650146,41435,41445,10
12.8519001,80.2265625,41445,41455,10
12.85332966,80.22660828,41455,41465,10
12.85476971,80.22646332,41465,41476,11
12.85638046,80.2263031,41476,41486,10
12.85783005,80.2261734,41486,41496,10
12.85919952,80.22625732,41496,41506,10
12.86048985,80.22644043,41506,41516,10
12.86085033,80.22647095,41516,41526,10
12.86122036,80.22650146,41526,41536,10
12.86215019,80.22647095,41536,41546,10
12.86338997,80.22644043,41546,41556,10
12.86480999,80.22650146,41556,41567,11
12.86641026,80.22647095,41567,41577,10
12.86787987,80.22635651,41577,41587,10
12.86938,80.22641754,41587,41597,10
12.87075043,80.22654724,41597,41607,10
12.87197018,80.22659302,41607,41617,10
12.87267017,80.22659302,41617,41627,10
12.87271976,80.22659302,41627,41637,10
12.87322044,80.22663879,41637,41647,10
12.87419987,80.22672272,41647,41658,11
12.87559986,80.22688293,41658,41668,10
12.87656021,80.22686768,41668,41678,10
12.87668991,80.22686768,41678,41688,10
12.87695026,80.22683716,41688,41698,10
12.87798977,80.22676086,41698,41708,10
12.87922001,80.22669983,41708,41718,10
12.88062954,80.22667694,41718,41728,10
12.88195992,80.22666931,41728,41738,10
12.88344002,80.22663879,41738,41749,11
12.88494015,80.22660828,41749,41759,10
12.88527966,80.22662354,41759,41769,10
12.88558006,80.22666931,41769,41779,10
12.88642025,80.22689819,41779,41789,10
12.88755035,80.22714996,41789,41799,10
12.88887978,80.22727203,41799,41809,10
12.89035034,80.22727966,41809,41819,10
12.89241982,80.22733307,41819,41880,61
12.89241982,80.22733307,41880,41890,10
12.89280033,80.22737122,41890,41900,10
12.89377022,80.22747803,41900,41910,10
12.89503002,80.22757721,41910,41920,10
12.89649963,80.22763824,41920,41931,11
12.89815044,80.22772217,41931,41941,10
12.8994503,80.22779083,41941,41951,10
12.90021992,80.22779846,41951,41971,20
12.90021992,80.22779846,41971,41981,10
12.90046978,80.2278595,41981,41991,10
12.90071964,80.22789001,41991,42001,10
12.90124035,80.22792816,42001,42011,10
12.90165997,80.22792816,42011,42021,10
12.90244007,80.2279892,42021,42032,11
12.90285969,80.22796631,42032,42042,10
12.90287971,80.22796631,42042,42052,10
12.90324974,80.22795868,42052,42062,10
12.90400028,80.2280426,42062,42072,10
12.90487003,80.22810364,42072,42082,10
12.90639973,80.22815704,42082,42123,41
12.90639973,80.22815704,42123,42133,10
12.90653992,80.22821808,42133,42143,10
12.90705013,80.22827148,42143,42153,10
12.9079504,80.22840118,42153,42163,10
12.90911961,80.22857666,42163,42173,10
12.91053009,80.22879791,42173,42183,10
12.91205978,80.22899628,42183,42193,10
12.91401958,80.22927094,42193,42214,21
12.91401958,80.22927094,42214,42224,10
12.91434002,80.2293396,42224,42234,10
12.91520023,80.22947693,42234,42244,10
12.9163599,80.2296524,42244,42254,10
12.91769028,80.22982025,42254,42264,10
12.91913033,80.23001862,42264,42274,10
12.92068005,80.23020172,42274,42284,10
12.92224026,80.23042297,42284,42294,10
12.92380047,80.2306366,42294,42305,11
12.92543983,80.23084259,42305,42315,10
12.92642021,80.23091888,42315,42325,10
12.92654037,80.23092651,42325,42335,10
12.92714024,80.23101044,42335,42345,10
12.9280901,80.23113251,42345,42355,10
12.92920017,80.23130798,42355,42365,10
12.93043995,80.23159027,42365,42375,10
12.93175983,80.23200226,42375,42385,10
12.93303013,80.2324295,42385,42396,11
12.93373013,80.23271942,42396,42406,10
12.93373966,80.23272705,42406,42416,10
12.93400955,80.23287964,42416,42426,10
12.93463993,80.23322296,42426,42436,10
12.9354496,80.23356628,42436,42446,10
12.93642044,80.23399353,42446,42456,10
12.93760014,80.23457336,42456,42466,10
12.93877983,80.23516083,42466,42476,10
12.93972015,80.23561859,42476,42487,11
12.93976974,80.23561859,42487,42497,10
12.9401598,80.23577118,42497,42507,10
12.94099045,80.23600006,42507,42517,10
12.94180965,80.23619843,42517,42527,10
12.94307995,80.23671722,42527,42537,10
12.94398975,80.23761749,42537,42547,10
12.94484043,80.2385788,42547,42557,10
12.94581985,80.23935699,42557,42567,10
12.94694042,80.23980713,42567,42578,11
12.94736958,80.2399826,42578,42588,10
12.94754028,80.2400589,42588,42598,10
12.94810009,80.24030304,42598,42608,10
12.94882011,80.2405777,42608,42618,10
12.94948006,80.24085236,42618,42628,10
12.95024967,80.24108124,42628,42638,10
12.95098972,80.24131775,42638,42648,10
12.95118046,80.24138641,42648,42658,10
12.95156956,80.24152374,42658,42669,11
12.95242977,80.24185181,42669,42679,10
12.95343018,80.24224091,42679,42689,10
12.95388031,80.24241638,42689,42699,10
12.95417023,80.24256134,42699,42709,10
12.95487976,80.24284363,42709,42719,10
12.95565987,80.24308777,42719,42729,10
12.95633984,80.2432785,42729,42739,10
12.95660019,80.24339294,42739,42749,10
12.9571104,80.24365234,42749,42759,10
12.95785046,80.2440033,42759,42770,11
12.95843983,80.2441864,42770,42780,10
12.95858002,80.2442627,42780,42790,10
12.95890045,80.24440765,42790,42800,10
12.95940971,80.24468231,42800,42810,10
12.96008015,80.24498749,42810,42820,10
12.96084023,80.24533844,42820,42830,10
12.96170044,80.24575043,42830,42840,10
12.96255016,80.24617004,42840,42850,10
12.96321964,80.24649811,42850,42911,61
12.96321964,80.24649811,42911,42921,10
12.96352005,80.24659729,42921,42931,10
12.96397972,80.24681854,42931,42941,10
12.96465969,80.24707031,42941,42952,11
12.96564007,80.24739075,42952,42962,10
12.96646023,80.24771881,42962,42972,10
12.96662045,80.24781036,42972,42982,10
12.96683979,80.24793243,42982,42992,10
12.96722031,80.24812317,42992,43002,10
12.96790981,80.24839783,43002,43012,10
12.96881962,80.24874878,43012,43022,10
12.9697504,80.24909973,43022,43032,10
12.97068024,80.24947357,43032,43043,11
12.97185993,80.24984741,43043,43053,10
12.9728899,80.25013733,43053,43063,10
12.97383976,80.2503891,43063,43073,10
12.97486019,80.25068665,43073,43083,10
12.97583961,80.25097656,43083,43093,10
12.97681046,80.25125122,43093,43103,10
12.97774029,80.25173187,43103,43113,10
12.97844982,80.25227356,43113,43123,10
12.97858047,80.25234985,43123,43134,11
12.97898006,80.2525177,43134,43144,10
12.9795599,80.25258636,43144,43174,30
12.9795599,80.25258636,43174,43184,10
12.97980022,80.25261688,43184,43194,10
12.98034,80.25263977,43194,43204,10
12.98101997,80.25261688,43204,43214,10
12.98184967,80.25258636,43214,43225,11
12.98283958,80.25254059,43225,43235,10
12.98377037,80.25240326,43235,43245,10
12.98468018,80.25215912,43245,43255,10
12.98561954,80.25190735,43255,43265,10
12.98620033,80.25171661,43265,43275,10
12.98641968,80.25166321,43275,43285,10
12.98682976,80.25157166,43285,43295,10
12.9871397,80.25150299,43295,43336,41
12.9871397,80.25150299,43336,43346,10
12.98719025,80.25150299,43346,43356,10
12.98760033,80.25140381,43356,43366,10
12.98826981,80.2512207,43366,43376,10
12.98913956,80.25099182,43376,43386,10
12.98935986,80.25093079,43386,43396,10
12.98950005,80.2509079,43396,43406,10
12.99003029,80.25076294,43406,43417,11
12.99090004,80.25057983,43417,43427,10
12.99178982,80.25036621,43427,43437,10
12.99279976,80.2501297,43437,43447,10
12.99388027,80.24984741,43447,43457,10
12.99497986,80.24958038,43457,43467,10
12.99606991,80.24926758,43467,43477,10
12.99662018,80.24909973,43477,43487,10
12.99680042,80.24907684,43487,43497,10
12.99738026,80.24891663,43497,43508,11
12.99835014,80.24868774,43508,43518,10
12.99936008,80.24842834,43518,43528,10
13.00043964,80.24816132,43528,43538,10
13.00152969,80.24788666,43538,43548,10
13.00257015,80.24767303,43548,43558,10
13.00368023,80.24746704,43558,43568,10
13.0048399,80.24732971,43568,43578,10
13.00582027,80.24713135,43578,43588,10
13.00634003,80.24669647,43588,43599,11
13.00642967,80.24652863,43599,43609,10
13.00652981,80.24632263,43609,43619,10
13.00658035,80.2457428,43619,43629,10
13.00662994,80.24500275,43629,43639,10
13.00664043,80.24417114,43639,43649,10
13.00666046,80.24340057,43649,43659,10
13.00667,80.2425766,43659,43669,10
13.00666046,80.24169159,43669,43679,10
13.00671959,80.24079895,43679,43690,11
13.00687027,80.23993683,43690,43700,10
13.00704956,80.23899078,43700,43710,10
13.0072298,80.23795319,43710,43720,10
13.00737953,80.23706055,43720,43730,10
13.00737953,80.23671722,43730,43740,10
13.00739002,80.23671722,43740,43750,10
13.00749016,80.23647308,43750,43760,10
13.00761032,80.23586273,43760,43770,10
13.00778008,80.23510742,43770,43781,11
13.00796986,80.23412323,43781,43791,10
13.00815964,80.23310089,43791,43801,10
13.00837994,80.23197174,43801,43811,10
13.00860023,80.23082733,43811,43821,10
13.00881958,80.22968292,43821,43831,10
13.00903988,80.22862244,43831,43841,10
13.00938034,80.22760773,43841,43851,10
13.00981045,80.22666168,43851,43861,10
13.01021004,80.22582245,43861,43872,11
13.01047993,80.22535706,43872,43882,10
13.01062965,80.22496033,43882,43892,10
13.01086998,80.22445679,43892,43902,10
13.01119995,80.22357178,43902,43922,20
13.01119995,80.22357178,43922,43932,10
13.01121998,80.2233429,43932,43942,10
13.01156044,80.22267151,43942,43952,10
13.01185036,80.22189331,43952,43963,11
13.01231956,80.22160339,43963,43973,10
13.01259995,80.22194672,43973,43983,10
13.01298046,80.22232056,43983,43993,10
13.01336002,80.22273254,43993,44003,10
13.01393032,80.2232132,44003,44013,10
13.01424026,80.22366333,44013,44023,10
13.01461029,80.22412109,44023,44033,10
13.01519966,80.22470093,44033,44043,10
13.01556969,80.22503662,44043,44053,10
13.01562023,80.22509003,44053,44064,11
13.01597977,80.2253418,44064,44074,10
13.01673985,80.22524261,44074,44084,10
13.01760006,80.22489166,44084,44094,10
13.01850986,80.22451782,44094,44104,10
13.01953983,80.22440338,44104,44144,40
13.01953983,80.22440338,44144,44155,11
13.01982021,80.22467041,44155,44165,10
13.02019978,80.22496796,44165,44175,10
13.02056026,80.22519684,44175,44185,10
13.02075958,80.22535706,44185,44195,10
13.02093983,80.22548676,44195,44205,10
13.02132034,80.22576904,44205,44215,10
13.02175045,80.22605896,44215,44225,10
13.02219009,80.22640991,44225,44235,10
13.0226202,80.22679138,44235,44246,11
13.02305984,80.22718048,44246,44256,10
13.02348995,80.22756195,44256,44266,10
13.02388954,80.22792053,44266,44276,10
13.02435017,80.22841644,44276,44337,61
13.02435017,80.22841644,44337,44347,10
13.02431965,80.2286377,44347,44357,10
13.02412033,80.22846985,44357,44367,10
13.02383041,80.22811127,44367,44377,10
13.02361965,80.22788239,44377,44387,10
13.02344036,80.2277298,44387,44589,202
13.02355957,80.2275238,44589,44751,162
13.02355957,80.2275238,44751,44761,10
13.02320957,80.22750854,44761,44771,10
13.02289963,80.22724152,44771,44781,10
13.0226202,80.22698212,44781,44792,11
13.02241993,80.22673035,44792,44802,10
13.02206039,80.22646332,44802,44812,10
13.02167034,80.22615814,44812,44822,10
13.02128983,80.22586823,44822,44832,10
13.02077961,80.22550964,44832,44842,10
13.02029991,80.22518158,44842,44852,10
13.02007961,80.22502899,44852,44862,10
13.01984978,80.2248764,44862,44872,10
13.01945972,80.22464752,44872,44883,11
13.01877975,80.2245636,44883,44893,10
13.01807976,80.22483826,44893,44903,10
13.01731968,80.22514343,44903,44913,10
13.01669979,80.22538757,44913,44923,10
13.01646996,80.22548676,44923,44933,10
13.01611042,80.2256012,44933,44943,10
13.01568985,80.22572327,44943,44953,10
13.01554012,80.22577667,44953,44963,10
13.01539993,80.22583771,44963,44974,11
13.01500988,80.22599792,44974,44984,10
13.01471043,80.22612,44984,44994,10
13.0143404,80.22625732,44994,45004,10
13.01377964,80.22648621,45004,45014,10
13.01317978,80.22672272,45014,45024,10
13.01239967,80.22699738,45024,45034,10
13.0116396,80.22731018,45034,45044,10
13.01078033,80.22766876,45044,45054,10
13.00996017,80.2279892,45054,45064,10
13.00926971,80.22834015,45064,45075,11
13.00895023,80.22904205,45075,45085,10
13.00876999,80.22994995,45085,45095,10
13.00858021,80.23085785,45095,45105,10
13.00839043,80.23184967,45105,45115,10
13.00823975,80.23287964,45115,45125,10
13.00806999,80.23387909,45125,45135,10
13.00792027,80.23465729,45135,45145,10
13.00776005,80.23529053,45145,45155,10
13.00761986,80.23610687,45155,45166,11
13.00739956,80.23715973,45166,45176,10
13.00716972,80.23805237,45176,45186,10
13.00702,80.2388382,45186,45196,10
13.00689983,80.23966217,45196,45206,10
13.00673962,80.24051666,45206,45216,10
13.00660992,80.24146271,45216,45226,10
13.00660038,80.24246216,45226,45236,10
13.00656033,80.24324036,45236,45246,10
13.00650978,80.2440033,45246,45257,11
13.00656033,80.24514008,45257,45267,10
13.00662041,80.24590302,45267,45277,10
13.00664043,80.24639893,45277,45287,10
13.00667,80.24700165,45287,45297,10
13.00640011,80.24730682,45297,45307,10
13.00597,80.24732971,45307,45317,10
13.0053997,80.24738312,45317,45327,10
13.00467968,80.24739075,45327,45337,10
13.0037899,80.24755859,45337,45348,11
13.0028801,80.24770355,45348,45358,10
13.00234985,80.24780273,45358,45368,10
13.00160027,80.24797821,45368,45378,10
13.00063992,80.24822235,45378,45388,10
12.99962044,80.24848175,45388,45398,10
12.99855995,80.24874115,45398,45408,10
12.99806023,80.24889374,45408,45418,10
12.99763966,80.24897766,45418,45428,10
12.99685955,80.24916077,45428,45439,11
12.99580002,80.24938202,45439,45449,10
12.99483967,80.24967957,45449,45459,10
12.99384022,80.24996185,45459,45469,10
12.99283981,80.25021362,45469,45479,10
12.99186039,80.25045013,45479,45489,10
12.99094009,80.2507019,45489,45499,10
12.99005032,80.25090027,45499,45509,10
12.98911953,80.25106049,45509,45519,10
12.9883604,80.251297,45519,45530,11
12.9879303,80.2515564,45530,45540,10
12.98799038,80.25202179,45540,45550,10
12.98795986,80.25257874,45550,45560,10
12.98789978,80.25331879,45560,45570,10
12.9878397,80.25402069,45570,45580,10
12.98777008,80.25460815,45580,45641,61
12.98777008,80.25460815,45641,45651,10
12.98773003,80.25479126,45651,45661,10
12.98764992,80.25514984,45661,45671,10
12.98756981,80.25565338,45671,45681,10
12.98748016,80.25618744,45681,45691,10
12.98740959,80.25682068,45691,45701,10
12.98736,80.25720978,45701,45712,11
12.98725033,80.25836945,45712,45772,60
12.98719978,80.25858307,45772,46166,394
12.98682022,80.25862122,46166,46389,223
12.98670006,80.25871277,46389,46530,141
12.98694038,80.25881195,46530,49271,2741
12.98672009,80.25881195,49271,50100,829
12.98670006,80.25888824,50100,50403,303
12.98674011,80.25875854,50403,51202,799
12.98672962,80.25866699,51202,51859,657
12.98672962,80.25866699,51859,51869,10
12.98686028,80.2588501,51869,51879,10
12.98684025,80.25914764,51879,51980,101
12.98684025,80.25914764,51980,51990,10
12.98715019,80.2591629,51990,52000,10
12.98725986,80.2590332,52000,52011,11
12.98731041,80.25866699,52011,52021,10
12.98735046,80.25827026,52021,52031,10
12.98740005,80.25775909,52031,52041,10
12.98744011,80.25714874,52041,52051,10
12.98750019,80.25669098,52051,52061,10
12.98752975,80.25637054,52061,52071,10
12.98754978,80.25601959,52071,52081,10
12.98768044,80.25552368,52081,52091,10
12.98775005,80.25467682,52091,52102,11
12.98783016,80.25364685,52102,52112,10
12.98791027,80.25274658,52112,52122,10
12.98779964,80.25169373,52122,52182,60
12.98779964,80.25169373,52182,52193,11
12.98777008,80.25151062,52193,52203,10
12.98787975,80.25115967,52203,52213,10
12.9885397,80.25102234,52213,52223,10
12.9893198,80.2508316,52223,52233,10
12.98937988,80.25080872,52233,52243,10
12.98952961,80.25081635,52243,52253,10
12.98974037,80.25079346,52253,52263,10
12.99005032,80.25074005,52263,52273,10
12.99067974,80.25057983,52273,52284,11
12.99166012,80.25032806,52284,52294,10
12.99263,80.25006866,52294,52304,10
12.99365997,80.24980164,52304,52314,10
12.99473953,80.24952698,52314,52324,10
12.99573994,80.24928284,52324,52333,9
12.99656963,80.24907684,52333,52344,11
12.99767971,80.24880219,52344,52354,10
12.99868011,80.24852753,52354,52364,10
12.99965,80.24826813,52364,52374,10
13.00067997,80.24801636,52374,52385,11
13.00181007,80.24780273,52385,52395,10
13.00284004,80.24754333,52395,52405,10
13.00384998,80.24736023,52405,52415,10
13.00487995,80.24723816,52415,52425,10
13.0058403,80.24701691,52425,52435,10
13.00640011,80.24662781,52435,52445,10
13.00644016,80.24656677,52445,52455,10
13.00656033,80.24627686,52455,52466,11
13.00660038,80.24569702,52466,52476,10
13.00660992,80.24517822,52476,52486,10
13.00658989,80.24465179,52486,52496,10
13.00658989,80.24420166,52496,52506,10
13.00658035,80.24385834,52506,52516,10
13.00656986,80.24329376,52516,52526,10
13.00656986,80.24255371,52526,52536,10
13.00654984,80.2416687,52536,52546,10
13.00662994,80.24073792,52546,52556,10
13.00683975,80.23963165,52556,52567,11
13.00702,80.23861694,52567,52577,10
13.00720978,80.23777008,52577,52587,10
13.00734997,80.23700714,52587,52597,10
13.00737953,80.23671722,52597,52607,10
13.00741005,80.23667145,52607,52617,10
13.00751972,80.23632813,52617,52627,10
13.00765038,80.23567963,52627,52637,10
13.00771999,80.23538208,52637,52647,10
13.00778008,80.23509979,52647,52658,11
13.00790977,80.23445892,52658,52668,10
13.00811958,80.23352051,52668,52678,10
13.00833988,80.2324295,52678,52688,10
13.00856018,80.23130035,52688,52697,9
13.00874996,80.2303009,52697,52708,11
13.0089798,80.22905731,52708,52718,10
13.0092802,80.22792816,52718,52728,10
13.00973988,80.22692871,52728,52738,10
13.01014996,80.22605896,52738,52748,10
13.01049042,80.22541809,52748,52759,11
13.0108099,80.22470856,52759,52769,10
13.01107979,80.22400665,52769,52779,10
13.01123047,80.22364807,52779,52789,10
13.01123047,80.22364044,52789,52799,10
13.01136971,80.22318268,52799,52809,10
13.01156998,80.22251129,52809,52819,10
13.01191998,80.22160339,52819,52829,10
13.01235962,80.22164917,52829,52839,10
13.01286983,80.22223663,52839,52850,11
13.01354027,80.2230072,52850,52860,10
13.0141201,80.22371674,52860,52870,10
13.01474953,80.22422791,52870,52880,10
13.0151701,80.22467804,52880,52890,10
13.01548958,80.22496796,52890,52900,10
13.01554012,80.22502899,52900,52910,10
13.01585007,80.22528076,52910,52920,10
13.01665974,80.22525024,52920,52931,11
13.01764011,80.22486877,52931,52941,10
13.01869965,80.22442627,52941,52951,10
13.0195303,80.22442627,52951,52971,20
13.0195303,80.22442627,52971,52981,10
13.01974964,80.22458649,52981,52991,10
13.02011013,80.2248764,52991,53001,10
13.02056026,80.22518158,53001,53011,10
13.02093983,80.22545624,53011,53021,10
13.02143955,80.22585297,53021,53032,11
13.02223969,80.22646332,53032,53042,10
13.02293015,80.22705078,53042,53052,10
13.02346992,80.22750854,53052,53062,10
13.0240097,80.22802734,53062,53072,10
13.0243597,80.22846222,53072,53133,61
13.0243597,80.22846222,53133,53143,10
13.02425003,80.22857666,53143,53153,10
13.02416992,80.22853088,53153,53163,10
13.02398968,80.22831726,53163,53173,10
13.02369976,80.22792816,53173,53183,10
13.02330017,80.22753143,53183,53193,10
13.02303028,80.22727203,53193,53304,111
13.0229702,80.22711945,53304,53355,51
13.0229702,80.22711945,53355,53365,10
13.02293015,80.22705078,53365,53375,10
13.02260017,80.22673035,53375,53396,21
13.02260017,80.22673035,53396,53406,10
13.02241993,80.22657776,53406,53416,10
13.02194023,80.22618103,53416,53426,10
13.02138996,80.22575378,53426,53436,10
13.02077007,80.22527313,53436,53446,10
13.0203104,80.22498322,53446,53456,10
13.02015972,80.22492218,53456,53466,10
13.02011013,80.2248764,53466,53476,10
13.0199604,80.22476959,53476,53487,11
13.01945972,80.22447205,53487,53497,10
13.01852989,80.22451782,53497,53507,10
13.01756001,80.22492981,53507,53517,10
13.01675987,80.22528076,53517,53527,10
13.01642036,80.22541809,53527,53537,10
13.01609993,80.22557068,53537,53547,10
13.01572037,80.22570801,53547,53557,10
13.01523972,80.22589874,53557,53567,10
13.01469994,80.22608948,53567,53578,11
13.0137701,80.22641754,53578,53588,10
13.01272011,80.22683716,53588,53598,10
13.01152992,80.22733307,53598,53608,10
13.01035976,80.22779846,53608,53618,10
13.00932026,80.228302,53618,53628,10
13.00901985,80.22927856,53628,53638,10
13.00879002,80.23036194,53638,53648,10
13.00860023,80.23145294,53648,53658,10
13.00837994,80.23246002,53658,53669,11
13.00821018,80.23348236,53669,53679,10
13.00807953,80.23403168,53679,53689,10
13.00790024,80.23497009,53689,53699,10
13.00771999,80.23589325,53699,53708,9
13.00749969,80.23696136,53708,53719,11
13.00724983,80.23831177,53719,53729,10
13.00702,80.23940277,53729,53739,10
13.00687981,80.24015808,53739,53800,61
13.00687981,80.24015808,53800,53810,10
13.00689983,80.24040222,53810,53820,10
13.00683975,80.24075317,53820,53830,10
13.00681019,80.24085236,53830,53840,10
13.00675011,80.24143982,53840,53851,11
13.00673008,80.24227905,53851,53861,10
13.00669956,80.24311829,53861,53871,10
13.00667953,80.24375153,53871,53881,10
13.00666046,80.24459076,53881,53891,10
13.00666046,80.24490356,53891,53901,10
13.00667953,80.24507904,53901,53911,10
13.00673962,80.24581909,53911,53952,41
13.00675011,80.24620056,53952,53982,30
13.00675011,80.24620056,53982,53992,10
13.00675011,80.24636078,53992,54002,10
13.00677967,80.24675751,54002,54012,10
13.00664997,80.24732208,54012,54022,10
13.0061903,80.24736023,54022,54032,10
13.00617981,80.24736786,54032,54043,11
13.0058403,80.24733734,54043,54053,10
13.00508022,80.24732208,54053,54063,10
13.00407028,80.24741364,54063,54073,10
13.00296974,80.24758148,54073,54083,10
13.00189018,80.24781799,54083,54093,10
13.00080013,80.24810028,54093,54103,10
12.99969959,80.2483902,54103,54113,10
12.9986496,80.24868011,54113,54123,10
12.99800968,80.24886322,54123,54134,11
12.99785995,80.24887848,54134,54144,10
12.99736023,80.24900055,54144,54154,10
12.99647999,80.24919891,54154,54164,10
12.9953804,80.2494812,54164,54174,10
12.99421978,80.24977875,54174,54184,10
12.99304008,80.25007629,54184,54194,10
12.99190998,80.25035095,54194,54204,10
12.99092007,80.25060272,54204,54214,10
12.98987961,80.25086975,54214,54224,10
12.9888401,80.25110626,54224,54235,11
12.9879303,80.25134277,54235,54366,131
12.9879303,80.25134277,54366,54376,10
12.98773956,80.25138092,54376,54386,10
12.98711967,80.25154114,54386,54396,10
12.9863596,80.25176239,54396,54407,11
12.98556042,80.25196838,54407,54417,10
12.98445988,80.25228119,54417,54427,10
12.98340034,80.25256348,54427,54437,10
12.98235989,80.25267792,54437,54447,10
12.98134041,80.25270081,54447,54457,10
12.98044968,80.25273132,54457,54467,10
12.97970963,80.25272369,54467,54477,10
12.97881031,80.25260925,54477,54487,10
12.97846031,80.25250244,54487,54497,10
12.97830963,80.25238037,54497,54508,11
12.97774982,80.25187683,54508,54518,10
12.97686958,80.251297,54518,54528,10
12.97576046,80.25096893,54528,54538,10
12.97467995,80.25066376,54538,54548,10
12.97360039,80.25035858,54548,54558,10
12.97249985,80.25007629,54558,54568,10
12.97138023,80.24977875,54568,54578,10
12.97019958,80.24944305,54578,54588,10
12.96907043,80.24899292,54588,54598,10
12.96790028,80.24855042,54598,54609,11
12.96689034,80.24810028,54609,54619,10
12.96601963,80.24768829,54619,54629,10
12.96522045,80.24742126,54629,54639,10
12.96500015,80.24733734,54639,54649,10
12.96490002,80.24726868,54649,54659,10
12.96450043,80.24712372,54659,54669,10
12.96383953,80.24687958,54669,54679,10
12.96308041,80.246521,54679,54690,11
12.96205044,80.2460022,54690,54700,10
12.96107006,80.24552155,54700,54710,10
12.96010971,80.24508667,54710,54720,10
12.95940018,80.24479675,54720,54730,10
12.95932007,80.24475861,54730,54740,10
12.95901966,80.24461365,54740,54750,10
12.95837975,80.24432373,54750,54760,10
12.95763969,80.2440033,54760,54770,10
12.9569397,80.24371338,54770,54780,10
12.9566803,80.24359131,54780,54861,81
12.9566803,80.24359131,54861,54871,10
12.95613956,80.24337769,54871,54882,11
12.9552803,80.24304199,54882,54892,10
12.95431995,80.24263,54892,54902,10
12.95322037,80.24220276,54902,54912,10
12.95211029,80.24178314,54912,54922,10
12.95168018,80.24163818,54922,54932,10
12.95137024,80.24152374,54932,54942,10
12.95065022,80.24127197,54942,54952,10
12.94974041,80.2410202,54952,54962,10
12.94941044,80.24088287,54962,54973,11
12.94890022,80.2407074,54973,54983,10
12.94812012,80.24037933,54983,54993,10
12.94725037,80.24004364,54993,55003,10
12.9471302,80.23999023,55003,55013,10
12.94699955,80.23993683,55013,55023,10
12.94631958,80.23963165,55023,55033,10
12.94544029,80.23921967,55033,55043,10
12.94456005,80.23841858,55043,55054,11
12.94363976,80.2374115,55054,55064,10
12.94276047,80.23660278,55064,55074,10
12.9416399,80.2361908,55074,55084,10
12.94046021,80.2359314,55084,55094,10
12.93974018,80.23571777,55094,55104,10
12.93966961,80.23567963,55104,55114,10
12.93924999,80.23548889,55114,55124,10
12.9385004,80.23510742,55124,55134,10
12.93758965,80.23465729,55134,55144,10
12.93661022,80.23417664,55144,55155,11
12.93587971,80.2338562,55155,55165,10
12.93525028,80.23355865,55165,55175,10
12.93433952,80.23313904,55175,55185,10
12.93375015,80.23287964,55185,55195,10
12.93362999,80.23282623,55195,55205,10
12.93307018,80.23258209,55205,55215,10
12.93220043,80.23223877,55215,55225,10
12.93115997,80.23191071,55225,55235,10
12.93019962,80.23161316,55235,55246,11
12.92905998,80.2313385,55246,55256,10
12.92792034,80.23117065,55256,55266,10
12.92677975,80.23104095,55266,55276,10
12.92607975,80.2309494,55276,55286,10
12.9258604,80.23091888,55286,55296,10
12.92518997,80.2308197,55296,55306,10
12.92426014,80.23069763,55306,55316,10
12.92313004,80.2305603,55316,55326,10
12.92193985,80.2303772,55326,55337,11
12.9205904,80.23020172,55337,55347,10
12.91932011,80.23004913,55347,55357,10
12.91810036,80.22988892,55357,55367,10
12.91697979,80.22973633,55367,55377,10
12.91586971,80.229599,55377,55387,10
12.91481018,80.22943878,55387,55397,10
12.91384029,80.22931671,55397,55407,10
12.91326046,80.22927856,55407,55417,10
12.91300011,80.22921753,55417,55428,11
12.91228008,80.22910309,55428,55438,10
12.91119957,80.22894287,55438,55448,10
12.91009998,80.22878265,55448,55458,10
12.90898037,80.22859955,55458,55468,10
12.90791988,80.22843933,55468,55478,10
12.90729046,80.22834778,55478,55488,10
12.90676022,80.228302,55488,55498,10
12.90633011,80.22824097,55498,55508,10
12.90606976,80.2281723,55508,55518,10
12.90528965,80.2281723,55518,55529,11
12.9040699,80.22811127,55529,55539,10
12.90283012,80.22805786,55539,55549,10
12.90161991,80.22799683,55549,55559,10
12.9007597,80.22792053,55559,55569,10
12.90050983,80.22792053,55569,55579,10
12.90021992,80.22789764,55579,55589,10
12.89970016,80.22788239,55589,55599,10
12.89937973,80.22788239,55599,55609,10
12.89920044,80.22782898,55609,55620,11
12.89848995,80.22781372,55620,55630,10
12.89752007,80.2277832,55630,55640,10
12.89653015,80.2277298,55640,55650,10
12.89542007,80.22769165,55650,55660,10
12.89428043,80.22762299,55660,55670,10
12.89313984,80.2275238,55670,55701,31
12.89313984,80.2275238,55701,55711,10
12.89284039,80.2274704,55711,55721,10
12.89268017,80.22744751,55721,55731,10
12.89241028,80.22741699,55731,55741,10
12.89165974,80.22736359,55741,55752,11
12.89058018,80.22734833,55752,55762,10
12.88943958,80.22736359,55762,55772,10
12.8886404,80.22734833,55772,55782,10
12.88768005,80.22728729,55782,55793,11
12.88665962,80.22711945,55793,55803,10
12.88556957,80.22682953,55803,55813,10
12.88467026,80.22673035,55813,55823,10
12.88364983,80.22672272,55823,55833,10
12.88243961,80.22673035,55833,55843,10
12.8811903,80.22673798,55843,55853,10
12.87992001,80.22676086,55853,55863,10
12.87872028,80.22679901,55863,55873,10
12.87763977,80.22688293,55873,55883,10
12.87683964,80.22693634,55883,55894,11
12.8763504,80.22696686,55894,55904,10
12.87563992,80.22693634,55904,55914,10
12.87469959,80.22683716,55914,55924,10
12.8738203,80.22673798,55924,55934,10
12.87285995,80.22667694,55934,55944,10
12.87168026,80.22664642,55944,55954,10
12.87032986,80.22660065,55954,55964,10
12.86894989,80.22644043,55964,55974,10
12.86752033,80.22644043,55974,55985,11
12.86606979,80.22657776,55985,55995,10
12.86464024,80.22660065,55995,56005,10
12.86310005,80.22650909,56005,56015,10
12.86172962,80.22657776,56015,56025,10
12.86096954,80.22657776,56025,56045,20
12.86096954,80.22657776,56045,56055,10
12.86060047,80.22653961,56055,56065,10
12.85978031,80.2264328,56065,56075,10
12.85888958,80.22628784,56075,56086,11
12.85801983,80.22624969,56086,56096,10
12.85690022,80.22631073,56096,56106,10
12.85562992,80.22644043,56106,56116,10
12.85429001,80.22660065,56116,56126,10
12.85289955,80.22672272,56126,56136,10
12.85151958,80.22666168,56136,56146,10
12.85013962,80.22659302,56146,56156,10
12.8487196,80.22657776,56156,56166,10
12.84729004,80.22660828,56166,56177,11
12.84595013,80.22662354,56177,56187,10
12.84531975,80.22662354,56187,56197,10
12.84529972,80.22660828,56197,56207,10
12.84486961,80.22659302,56207,56217,10
12.84405041,80.22664642,56217,56227,10
12.84298992,80.22679138,56227,56237,10
12.84185028,80.22702789,56237,56247,10
12.84070969,80.22734833,56247,56258,11
12.83992004,80.2276535,56258,56268,10
12.83959007,80.2277832,56268,56278,10
12.83909035,80.22788239,56278,56288,10
12.83821964,80.22807312,56288,56298,10
12.83710003,80.22828674,56298,56308,10
12.83590031,80.22846985,56308,56318,10
12.83467007,80.22866821,56318,56328,10
12.83345985,80.22888947,56328,56338,10
12.83222961,80.22911835,56338,56359,21
12.83222961,80.22911835,56359,56369,10
12.83193016,80.22917938,56369,56379,10
12.83164978,80.22924042,56379,56389,10
12.83158016,80.22927094,56389,56399,10
12.83113003,80.22940826,56399,56409,10
12.83030033,80.22969818,56409,56419,10
12.82929993,80.23005676,56419,56429,10
12.82826042,80.23058319,56429,56440,11
12.82721996,80.23113251,56440,56450,10
12.82604027,80.23136902,56450,56460,10
12.82495022,80.23139954,56460,56470,10
12.82384014,80.23114777,56470,56480,10
12.82269955,80.23079681,56480,56490,10
12.82153988,80.23049164,56490,56500,10
12.82038021,80.23045349,56500,56510,10
12.81923962,80.23047638,56510,56520,10
12.81879997,80.23046875,56520,56530,10
12.81847954,80.2303009,56530,56541,11
12.81762028,80.22988892,56541,56551,10
12.81661987,80.22952271,56551,56561,10
12.81548023,80.22934723,56561,56571,10
12.81429958,80.22917175,56571,56581,10
12.81309986,80.22882843,56581,56591,10
12.81190014,80.22840118,56591,56601,10
12.81070042,80.22795105,56601,56611,10
12.80957031,80.22746277,56611,56621,10
12.80856037,80.22678375,56621,56632,11
12.80753994,80.22592163,56632,56642,10
12.80671978,80.2252121,56642,56652,10
12.80607986,80.22463226,56652,56662,10
12.80550957,80.22418213,56662,56672,10
12.80506992,80.22400665,56672,56682,10
12.80498981,80.22399902,56682,56692,10
12.80475044,80.22395325,56692,56702,10
12.80457973,80.22392273,56702,56712,10
12.8042202,80.22389221,56712,56722,10
12.80348015,80.22383118,56722,56733,11
12.80243015,80.22370911,56733,56743,10
12.80132961,80.22360229,56743,56753,10
12.80027008,80.22351074,56753,56763,10
12.79916954,80.22344208,56763,56773,10
12.79804993,80.22329712,56773,56783,10
12.79695988,80.2231369,56783,56793,10
12.79615974,80.22299194,56793,56803,10
12.79598045,80.22296143,56803,56814,11
12.79572964,80.22290802,56814,56824,10
12.7950201,80.22277069,56824,56834,10
12.7940197,80.22260284,56834,56844,10
12.79292011,80.22241974,56844,56854,10
12.7918396,80.22219849,56854,56864,10
12.79076958,80.22194672,56864,56874,10
12.78979969,80.22170258,56874,56884,10
12.78890038,80.22138214,56884,56894,10
12.78810024,80.22106171,56894,56904,10
12.78752041,80.22084045,56904,56915,11
12.78682995,80.22058105,56915,56945,30
12.78682995,80.22058105,56945,56955,10
12.78680038,80.22055054,56955,56965,10
12.7863903,80.22039795,56965,56985,20
12.7863903,80.22039795,56985,56996,11
12.78617001,80.22038269,56996,57006,10
12.78616047,80.22062683,57006,57016,10
12.7862196,80.22103119,57016,57026,10
12.78617001,80.22125244,57026,57036,10
12.78627014,80.22174072,57036,59159,2123
12.78627968,80.22168732,59159,59433,274
12.78637028,80.22187042,59433,59787,354
12.78625965,80.22171783,59787,60090,303
12.78625965,80.22171783,60090,60100,10
12.78629017,80.22167969,60100,60111,11
12.7862196,80.22129822,60111,60121,10
12.78619957,80.22107697,60121,60131,10
12.78617954,80.22093201,60131,60141,10
12.78616047,80.2207489,60141,60151,10
12.78616047,80.22055054,60151,60161,10
12.78619003,80.22039795,60161,60202,41
12.78619003,80.22039795,60202,60212,10
12.78629971,80.2203598,60212,60222,10
12.78643036,80.22039795,60222,60232,10
12.78654957,80.22045898,60232,60242,10
12.78686047,80.22058868,60242,60252,10
12.78732967,80.22077179,60252,60262,10
12.78777981,80.22093201,60262,60272,10
12.78783989,80.22094727,60272,60282,10
12.78794003,80.22102356,60282,60293,11
12.78843021,80.22119904,60293,60303,10
12.78901958,80.22142029,60303,60313,10
12.78960037,80.22162628,60313,60323,10
12.78973961,80.22168732,60323,60333,10
12.79024982,80.2218399,60333,60343,10
12.79108047,80.22203827,60343,60353,10
12.79201984,80.22226715,60353,60363,10
12.79300976,80.22247314,60363,60373,10
12.79403973,80.22257996,60373,60384,11
12.79514027,80.22276306,60384,60394,10
12.7964201,80.22297668,60394,60414,20
12.7964201,80.22297668,60414,60424,10
12.79658985,80.22303009,60424,60434,10
12.79712963,80.22312164,60434,60444,10
12.79792023,80.22329712,60444,60454,10
12.79876041,80.22342682,60454,60464,10
12.79965973,80.22351837,60464,60475,11
12.80051994,80.22355652,60475,60485,10
12.8013401,80.22361755,60485,60495,10
12.80140972,80.22363281,60495,60505,10
12.80165005,80.22364044,60505,60515,10
12.80233955,80.22371674,60515,60525,10
12.80307961,80.22382355,60525,60535,10
12.80385971,80.22389221,60535,60545,10
12.80459023,80.22396088,60545,60555,10
12.80515957,80.22405243,60555,60565,10
12.8056097,80.22418976,60565,60576,11
12.80570984,80.22425079,60576,60586,10
12.80617046,80.22463226,60586,60596,10
12.80681992,80.2252121,60596,60606,10
12.80757999,80.2258606,60606,60616,10
12.80834961,80.22653961,60616,60626,10
12.80916977,80.227211,60626,60636,10
12.81011009,80.22769928,60636,60646,10
12.81110001,80.22811127,60646,60656,10
12.81214046,80.22849274,60656,60667,11
12.81334019,80.22891998,60667,60677,10
12.81449986,80.22923279,60677,60687,10
12.81566048,80.22940063,60687,60697,10
12.81676006,80.22956848,60697,60707,10
12.81774044,80.22991943,60707,60717,10
12.81861973,80.23033142,60717,60727,10
12.81939983,80.23049927,60727,60737,10
12.81980991,80.23049927,60737,60748,11
12.82009029,80.23049927,60748,60758,10
12.82083988,80.23047638,60758,60768,10
12.82178974,80.23055267,60768,60778,10
12.82269001,80.2307663,60778,60788,10
12.82359982,80.23104095,60788,60798,10
12.82450008,80.23124695,60798,60808,10
12.82542992,80.23137665,60808,60818,10
12.82637024,80.2313385,60818,60828,10
12.82730007,80.23114777,60828,60839,11
12.82831955,80.23059082,60839,60849,10
12.82919025,80.2301178,60849,60859,10
12.83008003,80.22975922,60859,60869,10
12.83113003,80.2293396,60869,60889,20
12.83113003,80.2293396,60889,60899,10
12.83135033,80.22926331,60899,60909,10
12.83152962,80.22921753,60909,60919,10
12.83193016,80.22913361,60919,60929,10
12.83267021,80.22898102,60929,60940,11
12.83370018,80.22881317,60940,60950,10
12.83465958,80.22866058,60950,60960,10
12.83565044,80.228508,60960,60970,10
12.83664989,80.22836304,60970,60980,10
12.8376503,80.22820282,60980,60990,10
12.8386097,80.22798157,60990,61000,10
12.83946037,80.22770691,61000,61020,20
12.83946037,80.22770691,61020,61030,10
12.83955956,80.22766876,61030,61041,11
12.83992958,80.22757721,61041,61051,10
12.84070015,80.22740173,61051,61061,10
12.8416996,80.22714233,61061,61071,10
12.84286022,80.22689056,61071,61081,10
12.84407997,80.22670746,61081,61091,10
12.84533024,80.22657776,61091,61122,31
12.84533024,80.22657776,61122,61132,10
12.84560013,80.2265625,61132,61142,10
12.84599972,80.2265625,61142,61152,10
12.84663963,80.2265625,61152,61162,10
12.84743977,80.22654724,61162,61172,10
12.84836006,80.22654724,61172,61182,10
12.84928036,80.22654724,61182,61192,10
12.8501997,80.22651672,61192,61213,21
12.8501997,80.22651672,61213,61223,10
12.85021019,80.22653961,61223,61233,10
12.85035038,80.22653198,61233,61243,10
12.85070992,80.22653961,61243,61253,10
12.85140991,80.22657776,61253,61263,10
12.85227013,80.22662354,61263,61273,10
12.85305023,80.22664642,61273,61283,10
12.85371971,80.22660065,61283,61293,10
12.85443974,80.22651672,61293,61303,10
12.85515022,80.22644043,61303,61314,11
12.85597992,80.22635651,61314,61324,10
12.85680962,80.22628021,61324,61334,10
12.85772038,80.22619629,61334,61344,10
12.85867023,80.22622681,61344,61354,10
12.85968018,80.22635651,61354,61364,10
12.86060047,80.22648621,61364,61374,10
12.86095047,80.22653198,61374,61384,10
12.86143017,80.22651672,61384,61394,10
12.86227036,80.22648621,61394,61405,11
12.86338997,80.22646332,61405,61415,10
12.86448002,80.22650146,61415,61425,10
12.86559963,80.22653961,61425,61435,10
12.86670971,80.22647858,61435,61445,10
12.86783028,80.22635651,61445,61455,10
12.86886024,80.22635651,61455,61465,10
12.86991024,80.22648621,61465,61475,10
12.87098026,80.22659302,61475,61485,10
12.87195015,80.22663879,61485,61496,11
12.87300968,80.22662354,61496,61526,30
12.87300968,80.22662354,61526,61536,10
12.87312984,80.22663116,61536,61546,10
12.87337017,80.22663879,61546,61556,10
12.87394047,80.22667694,61556,61566,10
12.87479973,80.22679901,61566,61576,10
12.87576008,80.22689819,61576,61587,11
12.87658024,80.22689819,61587,61597,10
12.87675953,80.22688293,61597,61607,10
12.87685013,80.22686005,61607,61617,10
12.87732029,80.22683716,61617,61627,10
12.8780899,80.22678375,61627,61637,10
12.87905979,80.22670746,61637,61647,10
12.88008022,80.22666931,61647,61657,10
12.88107014,80.22666168,61657,61667,10
12.88206005,80.22664642,61667,61677,10
12.88304043,80.22664642,61677,61688,11
12.88411999,80.22663116,61688,61698,10
12.88500977,80.22662354,61698,61708,10
12.88525963,80.22663879,61708,61718,10
12.88543987,80.22667694,61718,61728,10
12.88601017,80.2268219,61728,61738,10
12.88677979,80.22702789,61738,61748,10
12.88761997,80.22720337,61748,61758,10
12.88850021,80.22727966,61758,61768,10
12.88943958,80.22730255,61768,61779,11
12.89054966,80.22731018,61779,61789,10
12.89155006,80.22730255,61789,61799,10
12.89212036,80.22730255,61799,61809,10
12.89264011,80.2273407,61809,61819,10
12.89330959,80.22743988,61819,61829,10
12.89416981,80.22756958,61829,61839,10
12.8952198,80.22762299,61839,61849,10
12.89628029,80.22766113,61849,61860,11
12.89735031,80.22770691,61860,61870,10
12.89853954,80.2277832,61870,61880,10
12.89949989,80.22783661,61880,61890,10
12.90011978,80.22783661,61890,61900,10
12.90042973,80.22782898,61900,61910,10
12.90071964,80.22786713,61910,61920,10
12.90114975,80.22792816,61920,61930,10
12.90165997,80.22795105,61930,61940,10
12.90252018,80.22796631,61940,61961,21
12.90252018,80.22796631,61961,61971,10
12.90270042,80.22799683,61971,61981,10
12.90310955,80.22802734,61981,61991,10
12.90380001,80.2280426,61991,62001,10
12.90462017,80.22808075,62001,62011,10
12.90491962,80.22810364,62011,62021,10
12.90534019,80.2281189,62021,62031,10
12.90573978,80.22814178,62031,62041,10
12.90618038,80.2281723,62041,62122,81
12.90618038,80.2281723,62122,62133,11
12.90655994,80.22820282,62133,62143,10
12.90690994,80.22821045,62143,62153,10
12.90695953,80.22823334,62153,62163,10
12.90742016,80.22828674,62163,62173,10
12.9083004,80.22843933,62173,62183,10
12.90942001,80.22863007,62183,62193,10
12.91057968,80.2288208,62193,62203,10
12.91176987,80.22899628,62203,62213,10
12.91294003,80.22915649,62213,62224,11
12.91388988,80.22924805,62224,62244,20
12.91397953,80.22927856,62244,62264,20
12.91397953,80.22927856,62264,62274,10
12.9144001,80.2293396,62274,62284,10
12.91518021,80.22947693,62284,62294,10
12.91619968,80.22963715,62294,62304,10
12.91654015,80.22968292,62304,62314,10
12.91662025,80.22969055,62314,62324,10
12.91691017,80.22972107,62324,62335,11
12.91732025,80.2297821,62335,62345,10
12.91800976,80.22988892,62345,62355,10
12.91895008,80.23001862,62355,62365,10
12.91996956,80.23014832,62365,62375,10
12.92121983,80.23030853,62375,62385,10
12.92249966,80.23049927,62385,62395,10
12.92372036,80.23068237,62395,62405,10
12.92494965,80.2308197,62405,62416,11
12.92607021,80.23094177,62416,62426,10
12.92632961,80.23097229,62426,62436,10
12.92644024,80.23101044,62436,62446,10
12.92693043,80.23105621,62446,62456,10
12.92778015,80.23116302,62456,62466,10
12.92846966,80.23123932,62466,62476,10
12.92881966,80.23130035,62476,62486,10
12.92945957,80.23143005,62486,62496,10
12.93033028,80.23162842,62496,62507,11
12.9314003,80.23194122,62507,62517,10
12.93241024,80.23226929,62517,62527,10
12.93373966,80.23278046,62527,62547,20
12.93373966,80.23278046,62547,62557,10
12.93404007,80.23291779,62557,62567,10
12.93476009,80.23326111,62567,62577,10
12.93542004,80.2335434,62577,62587,10
12.93575001,80.23371887,62587,62597,10
12.93638039,80.23404694,62597,62608,11
12.93737984,80.23451996,62608,62618,10
12.93840981,80.2350235,62618,62628,10
12.93966961,80.23561859,62628,62648,20
12.93966961,80.23561859,62648,62658,10
12.93978024,80.23564148,62658,62668,10
12.94034958,80.23581696,62668,62678,10
12.94122982,80.23609924,62678,62689,11
12.94225025,80.23636627,62689,62699,10
12.94330978,80.23695374,62699,62709,10
12.94408035,80.23779297,62709,62719,10
12.94470024,80.23847961,62719,62729,10
12.94573975,80.23940277,62729,62739,10
12.94729996,80.23999786,62739,62759,20
12.94729996,80.23999786,62759,62769,10
12.94738007,80.24001312,62769,62779,10
12.94783974,80.24019623,62779,62790,11
12.94890022,80.24060059,62790,62840,50
12.94890022,80.24060059,62840,62850,10
12.94923973,80.24073792,62850,62860,10
12.94987011,80.24093628,62860,62870,10
12.95114994,80.24134064,62870,62891,21
12.95114994,80.24134064,62891,62901,10
12.95123005,80.24143982,62901,62911,10
12.95166016,80.24160004,62911,62921,10
12.95232964,80.24181366,62921,62931,10
12.95318985,80.24214172,62931,62941,10
12.95372963,80.24237061,62941,62951,10
12.95425987,80.24259186,62951,62961,10
12.95493031,80.24282837,62961,62972,11
12.95631981,80.24327087,62972,63003,31
12.95631981,80.24327087,63003,63013,10
12.95658016,80.24340057,63013,63023,10
12.95730972,80.24375153,63023,63033,10
12.95818043,80.24414063,63033,63043,10
12.95890999,80.24443817,63043,63053,10
12.95895958,80.24446869,63053,63064,11
12.95930004,80.24465179,63064,63074,10
12.95997047,80.24497223,63074,63084,10
12.96084023,80.24536896,63084,63094,10
12.9618597,80.24585724,63094,63104,10
12.96286964,80.24636841,63104,63114,10
12.96356964,80.24671173,63114,63124,10
12.9642601,80.24700165,63124,63134,10
12.96516037,80.24727631,63134,63144,10
12.96601009,80.24761963,63144,63155,11
12.96689034,80.24797821,63155,63175,20
12.96689034,80.24797821,63175,63185,10
12.96695995,80.24806976,63185,63195,10
12.96730042,80.24819946,63195,63205,10
12.96805954,80.24855804,63205,63215,10
12.96897984,80.24891663,63215,63225,10
12.96994972,80.24928284,63225,63235,10
12.97091007,80.24963379,63235,63245,10
12.97187042,80.24989319,63245,63256,11
12.97292042,80.25015259,63256,63266,10
12.97387028,80.2504425,63266,63276,10
12.9749403,80.25071716,63276,63286,10
12.97609043,80.25106049,63286,63296,10
12.97716999,80.25138092,63296,63306,10
12.97803974,80.25202179,63306,63316,10
12.97861958,80.25238037,63316,63326,10
12.97865009,80.252388,63326,63336,10
12.97877979,80.25245667,63336,63347,11
12.97937965,80.25261688,63347,63357,10
12.97986984,80.25263977,63357,63407,50
12.97986984,80.25263977,63407,63417,10
12.97994995,80.2526474,63417,63427,10
12.98040962,80.25266266,63427,63438,11
12.98126984,80.25263977,63438,63448,10
12.98227978,80.25261688,63448,63458,10
12.98336029,80.25253296,63458,63468,10
12.98441982,80.25228119,63468,63478,10
12.9854002,80.25200653,63478,63488,10
12.98624039,80.25176239,63488,63498,10
12.98678017,80.25160217,63498,63508,10
12.98698044,80.25154877,63508,63518,10
12.98740005,80.25141144,63518,63529,11
12.98791981,80.251297,63529,63539,10
12.9887104,80.25109863,63539,63549,10
12.98937988,80.25087738,63549,63559,10
12.98950005,80.25086212,63559,63567,8
12.98956966,80.25084686,63567,63579,12
12.98987007,80.2507782,63579,63589,10
12.99050999,80.25064087,63589,63599,10
12.9913702,80.25039673,63599,63610,11
12.99244976,80.25016022,63610,63620,10
12.99347973,80.24990082,63620,63630,10
12.99452972,80.24964905,63630,63640,10
12.99555969,80.24938965,63640,63650,10
12.99650955,80.24909973,63650,63659,9
12.99668026,80.24906158,63659,63670,11
12.99687958,80.24903107,63670,63680,10
12.99744034,80.24890137,63680,63690,10
12.99827003,80.248703,63690,63700,10
12.99923992,80.24845123,63700,63711,11
13.00032997,80.24817657,63711,63721,10
13.00131989,80.24793243,63721,63731,10
13.00226021,80.24771118,63731,63741,10
13.00323009,80.24754333,63741,63751,10
13.00424957,80.24738312,63751,63761,10
13.0051899,80.24726868,63761,63771,10
13.00592995,80.24710083,63771,63781,10
13.00644016,80.2466507,63781,63801,20
13.00644016,80.2466507,63801,63812,11
13.00658035,80.24639893,63812,63822,10
13.00666046,80.24597931,63822,63832,10
13.00664997,80.24517059,63832,63842,10
13.00658035,80.24445343,63842,63852,10
13.00652981,80.24353027,63852,63862,10
13.00652981,80.24266815,63862,63872,10
13.00652027,80.24156952,63872,63882,10
13.00660992,80.2407074,63882,63892,10
13.00677967,80.23989105,63892,63903,11
13.00704956,80.23863983,63903,63913,10
13.00728035,80.23766327,63913,63923,10
13.00741959,80.23679352,63923,63943,20
13.00741959,80.23679352,63943,63953,10
13.00749969,80.2365036,63953,63963,10
13.00765038,80.23597717,63963,63973,10
13.00780964,80.23518372,63973,63983,10
13.00800991,80.23420715,63983,63994,11
13.00823021,80.23306274,63994,64004,10
13.00844955,80.23200226,64004,64014,10
13.00866985,80.23088837,64014,64024,10
13.00889015,80.22975922,64024,64034,10
13.00909042,80.22872162,64034,64044,10
13.00944042,80.2277298,64044,64054,10
13.00986004,80.22676086,64054,64064,10
13.0102396,80.22598267,64064,64074,10
13.01051998,80.22543335,64074,64085,11
13.01076031,80.22483826,64085,64095,10
13.01097965,80.22434235,64095,64105,10
13.0112896,80.22360992,64105,64115,10
13.0116396,80.22281647,64115,64125,10
13.01198006,80.22190857,64125,64135,10
13.01235008,80.22170258,64135,64145,10
13.01278973,80.22225189,64145,64155,10
13.01325989,80.22273254,64155,64166,11
13.01371956,80.22322845,64166,64176,10
13.01404953,80.22358704,64176,64186,10
13.01430988,80.22393799,64186,64196,10
13.0148201,80.22442627,64196,64206,10
13.01519966,80.22480011,64206,64216,10
13.01556015,80.22502136,64216,64226,10
13.0156002,80.22505951,64226,64236,10
13.01574039,80.2252121,64236,64246,10
13.01622009,80.22537994,64246,64256,10
13.01706028,80.22515869,64256,64267,11
13.01809978,80.22473907,64267,64277,10
13.01891994,80.22441864,64277,64287,10
13.01931953,80.22442627,64287,64297,10
13.01970005,80.22457123,64297,64307,10
13.02009964,80.22483826,64307,64317,10
13.02068043,80.22521973,64317,64327,10
13.02122021,80.22563171,64327,64337,10
13.02196026,80.22614288,64337,64368,31
13.02196026,80.22614288,64368,64378,10
13.02227974,80.22647095,64378,64388,10
13.02287006,80.22698975,64388,64398,10
13.02355003,80.2276001,64398,64408,10
13.02404022,80.2280426,64408,64418,10
13.02427959,80.22833252,64418,64428,10
13.0244503,80.22859955,64428,64438,10
13.02478027,80.22910309,64438,64449,11
13.02511978,80.22955322,64449,64459,10
13.02556038,80.23013306,64459,64469,10
13.02583981,80.2305603,64469,64479,10
13.02591038,80.23069763,64479,64499,20
13.02591038,80.23069763,64499,64509,10
13.02597046,80.2309494,64509,64519,10
13.02602959,80.23132324,64519,64529,10
13.02643967,80.23130035,64529,64540,11
13.02733994,80.23105621,64540,64600,60
13.02733994,80.23105621,64600,64610,10
13.02756977,80.23103333,64610,64620,10
13.02803993,80.23097992,64620,64691,71
13.02803993,80.23097992,64691,64701,10
13.02842999,80.23100281,64701,64711,10
13.02869034,80.2309494,64711,64721,10
13.0291996,80.23085785,64721,64853,132
13.0291996,80.23085785,64853,64863,10
13.02956009,80.23087311,64863,64903,40
13.02956009,80.23087311,64903,64914,11
13.02962971,80.2308197,64914,64924,10
13.02987957,80.23079681,64924,64934,10
13.0300703,80.23078156,64934,64944,10
13.03034019,80.2307663,64944,64954,10
13.03085995,80.23071289,64954,64964,10
13.0311203,80.23069763,64964,64974,10
13.03149986,80.23066711,64974,64984,10
13.03197002,80.2306366,64984,64994,10
13.03258038,80.23059082,64994,65005,11
13.03357029,80.23052216,65005,65035,30
13.03357029,80.23052216,65035,65045,10
13.03367043,80.2305603,65045,65055,10
13.03384972,80.23052979,65055,65065,10
13.03396034,80.2305069,65065,65075,10
13.0341301,80.23049164,65075,65085,10
13.03446007,80.23040771,65085,65106,21
13.03446007,80.23040771,65106,65116,10
13.03474998,80.23033905,65116,65126,10
13.0349102,80.23017883,65126,65136,10
13.03476048,80.23010254,65136,65146,10
13.03437042,80.23005676,65146,65985,839
13.0341301,80.22995758,65985,66187,202
13.0341301,80.22995758,66187,66198,11
13.03417015,80.23027039,66198,66208,10
13.03409958,80.23046875,66208,66218,10
13.03367996,80.23049927,66218,66248,30
13.03367996,80.23049927,66248,66258,10
13.03330994,80.23061371,66258,66268,10
13.03285027,80.23062134,66268,66279,11
13.03227043,80.23065186,66279,66289,10
13.0316,80.23072052,66289,66339,50
13.0316,80.23072052,66339,66349,10
13.03127003,80.23074341,66349,66380,31
13.03127003,80.23074341,66380,66390,10
13.03079987,80.23075867,66390,66400,10
13.03050041,80.23079681,66400,66410,10
13.03003025,80.23084259,66410,66420,10
13.0296402,80.23091125,66420,66440,20
13.0296402,80.23091125,66440,66450,10
13.02929974,80.23094177,66450,66460,10
13.02875996,80.23091888,66460,66471,11
13.02807999,80.23104095,66471,66481,10
13.0276804,80.23116302,66481,66491,10
13.02770042,80.23165894,66491,66511,20
13.02770042,80.23165894,66511,66521,10
13.02770996,80.23179626,66521,66531,10
13.02775955,80.23210144,66531,66541,10
13.02783012,80.23248291,66541,66551,10
13.02787018,80.23284149,66551,66562,11
13.02752972,80.23290253,66562,66572,10
13.02717018,80.23296356,66572,66593,21
13.02717018,80.23296356,66593,66603,10
13.02690029,80.23306274,66603,66613,10
13.0265398,80.23309326,66613,66623,10
13.02635956,80.23287964,66623,66633,10
13.02626991,80.23265839,66633,66643,10
13.02620983,80.23242188,66643,66654,11
13.02614975,80.23209381,66654,66664,10
13.02600002,80.23166656,66664,66674,10
13.02581978,80.23119354,66674,66684,10
13.02556038,80.23053741,66684,66694,10
13.02517986,80.22992706,66694,66704,10
13.02490044,80.22958374,66704,66714,10
13.02460957,80.22921753,66714,66724,10
13.02431011,80.22879028,66724,66734,10
13.02388,80.22827148,66734,66745,11
13.02332973,80.22766113,66745,66765,20
13.02332973,80.22766113,66765,66775,10
13.02328014,80.22756958,66775,66785,10
13.02299023,80.22728729,66785,66795,10
13.02256966,80.22688293,66795,66805,10
13.02200985,80.22638702,66805,66815,10
13.02149963,80.22598267,66815,66825,10
13.02116013,80.22572327,66825,66836,11
13.02077961,80.22543335,66836,66846,10
13.02035999,80.22515869,66846,66856,10
13.0197897,80.22479248,66856,66896,40
13.0197897,80.22479248,66896,66906,10
13.01949978,80.22460938,66906,66916,10
13.01887035,80.22451782,66916,66926,10
13.01803017,80.224823,66926,66937,11
13.01702023,80.22525024,66937,66947,10
13.01624966,80.22557068,66947,66957,10
13.01562023,80.22576904,66957,66967,10
13.01492023,80.22605133,66967,66977,10
13.01420021,80.22634888,66977,66997,20
13.01420021,80.22634888,66997,67007,10
13.01403999,80.22640991,67007,67017,10
13.01348019,80.22663116,67017,67028,11
13.01276016,80.22691345,67028,67038,10
13.01191998,80.22721863,67038,67048,10
13.01111984,80.22753906,67048,67058,10
13.01027966,80.22789001,67058,67068,10
13.00944042,80.22824097,67068,67078,10
13.00907993,80.22904205,67078,67088,10
13.00889015,80.23002625,67088,67098,10
13.0087204,80.2309494,67098,67108,10
13.00854015,80.23187256,67108,67119,11
13.00835037,80.23284149,67119,67129,10
13.0082798,80.23326111,67129,67139,10
13.00823975,80.23370361,67139,67159,20
13.00823975,80.23370361,67159,67169,10
13.0081501,80.23397064,67169,67179,10
13.00806046,80.23444366,67179,67189,10
13.00796986,80.23487091,67189,67199,10
13.00784969,80.23557281,67199,67210,11
13.00769997,80.23636627,67210,67220,10
13.00753975,80.23710632,67220,67230,10
13.00737953,80.23790741,67230,67240,10
13.0072403,80.23870087,67240,67250,10
13.00712967,80.23925018,67250,67260,10
13.00695038,80.24008942,67260,67371,111
13.00695038,80.24008942,67371,67382,11
13.00687981,80.2406311,67382,67392,10
13.00685978,80.24082184,67392,67402,10
13.00687027,80.2408905,67402,67412,10
13.0067997,80.24131775,67412,67422,10
13.00675964,80.24208069,67422,67432,10
13.00673008,80.24297333,67432,67442,10
13.00671959,80.24358368,67442,67452,10
13.00669956,80.243927,67452,67553,101
13.00671005,80.24430084,67553,67574,21
13.00671005,80.24430084,67574,67584,10
13.00673962,80.24453735,67584,67594,10
13.00673008,80.24500275,67594,67604,10
13.00673962,80.24542236,67604,67614,10
13.00675964,80.24590302,67614,67624,10
13.0067997,80.24668121,67624,67634,10
13.00677967,80.2473526,67634,67644,10
13.00636959,80.24749756,67644,67654,10
13.00609016,80.24752808,67654,67695,41
13.00609016,80.24752808,67695,67705,10
13.00557995,80.24739838,67705,67715,10
13.00492001,80.24742126,67715,67725,10
13.00403976,80.24754333,67725,67735,10
13.0030098,80.24770355,67735,67745,10
13.00203991,80.24790955,67745,67755,10
13.00109959,80.24816132,67755,67766,11
13.00004005,80.24842834,67766,67776,10
12.99907017,80.24868011,67776,67786,10
12.99806976,80.2489624,67786,67806,20
12.99806976,80.2489624,67806,67816,10
12.99769974,80.24902344,67816,67826,10
12.99703026,80.24916077,67826,67836,10
12.99615002,80.24938202,67836,67846,10
12.99516964,80.2496109,67846,67857,11
12.99409962,80.24990845,67857,67867,10
12.99314022,80.25013733,67867,67877,10
12.99211979,80.25039673,67877,67887,10
12.99098969,80.25074005,67887,67907,20
12.99098969,80.25074005,67907,67917,10
12.99077988,80.2507782,67917,67927,10
12.99020004,80.2509079,67927,67937,10
12.98939991,80.25110626,67937,67948,11
12.98841,80.2513504,67948,68049,101
12.98841,80.2513504,68049,68059,10
12.98806953,80.25140381,68059,68069,10
12.98766041,80.25150299,68069,68079,10
12.98711967,80.25164795,68079,68089,10
12.98661041,80.25180054,68089,68099,10
12.9860096,80.25196838,68099,68109,10
12.98511982,80.25221252,68109,68119,10
12.98408031,80.25247955,68119,68130,11
12.98297024,80.25272369,68130,68140,10
12.98198986,80.25276184,68140,68150,10
12.98112011,80.25279236,68150,68160,10
12.98044014,80.25283813,68160,68170,10
12.97984982,80.25283813,68170,68180,10
12.97928047,80.25276947,68180,68190,10
12.97858047,80.25263977,68190,68210,20
12.97858047,80.25263977,68210,68221,11
12.97854042,80.25260162,68221,68231,10
12.97819042,80.25234222,68231,68241,10
12.97760963,80.25182343,68241,68251,10
12.97675991,80.25135803,68251,68261,10
12.97585964,80.25109863,68261,68271,10
12.97492981,80.25083923,68271,68281,10
12.97402,80.25057983,68281,68291,10
12.97313976,80.25034332,68291,68301,10
12.9721899,80.25009155,68301,68312,11
12.97109985,80.24980164,68312,68322,10
12.97019005,80.24951172,68322,68332,10
12.96930981,80.24916077,68332,68342,10
12.96840954,80.24884033,68342,68352,10
12.96757984,80.24849701,68352,68362,10
12.96693993,80.24820709,68362,68372,10
12.96638966,80.24796295,68372,68382,10
12.96537971,80.24755859,68382,68403,21
12.96537971,80.24755859,68403,68413,10
12.96512985,80.24752045,68413,68423,10
12.96418953,80.24716949,68423,68504,81
12.96418953,80.24716949,68504,68514,10
12.96397972,80.24707031,68514,68524,10
12.96368027,80.24694824,68524,68554,30
12.96368027,80.24694824,68554,68564,10
12.96352005,80.24685669,68564,68574,10
12.96302032,80.24658203,68574,68584,10
12.96228981,80.24620056,68584,68595,11
12.96127987,80.24569702,68595,68605,10
12.96028042,80.24526215,68605,68615,10
12.9594698,80.24492645,68615,68625,10
12.95932961,80.24485779,68625,68635,10
12.95926952,80.24481964,68635,68645,10
12.95884037,80.24462128,68645,68655,10
12.95821953,80.24434662,68655,68665,10
12.95761013,80.24411011,68665,68675,10
12.95639992,80.24372864,68675,68696,21
12.95639992,80.24372864,68696,68706,10
12.95592976,80.24350739,68706,68716,10
12.9552803,80.24317169,68716,68726,10
12.95450974,80.24285126,68726,68736,10
12.95378017,80.24256134,68736,68746,10
12.95300007,80.24224091,68746,68756,10
12.95221043,80.24194336,68756,68766,10
12.9517498,80.24179077,68766,68777,11
12.95164967,80.24176025,68777,68787,10
12.95156002,80.24172211,68787,68797,10
12.95112038,80.241539,68797,68807,10
12.95038986,80.24130249,68807,68817,10
12.94989014,80.2411499,68817,68827,10
12.94968033,80.24108887,68827,68837,10
12.94944,80.24102783,68837,68847,10
12.94917011,80.24092102,68847,68857,10
12.94861984,80.24067688,68857,68868,11
12.94775009,80.24034119,68868,68878,10
12.94729042,80.24014282,68878,68888,10
12.94727993,80.24014282,68888,68898,10
12.94717979,80.2401123,68898,68908,10
12.94666958,80.23989868,68908,68918,10
12.94592953,80.23957825,68918,68928,10
12.94505978,80.23902893,68928,68938,10
12.94425964,80.23821259,68938,68948,10
12.94346046,80.23735046,68948,68959,11
12.94246006,80.23661041,68959,68969,10
12.94147015,80.23631287,68969,68979,10
12.94048023,80.23607635,68979,68989,10
12.93978024,80.23590088,68989,69009,20
12.93978024,80.23590088,69009,69019,10
12.93951035,80.23577118,69019,69029,10
12.93871021,80.23535919,69029,69040,11
12.93784046,80.23490906,69040,69050,10
12.93673038,80.23436737,69050,69060,10
12.9357996,80.2339325,69060,69070,10
12.93486023,80.23349762,69070,69080,10
12.93410969,80.23317719,69080,69090,10
12.93385983,80.23306274,69090,69120,30
12.93385983,80.23306274,69120,69130,10
12.93363953,80.23291016,69130,69141,11
12.93317986,80.2326889,69141,69151,10
12.93241978,80.23239899,69151,69161,10
12.9314003,80.23207092,69161,69171,10
12.93023968,80.2317276,69171,69181,10
12.92924976,80.23148346,69181,69191,10
12.92866993,80.23136902,69191,69201,10
12.92786026,80.23124695,69201,69211,10
12.92677975,80.23114014,69211,69221,10
12.92611027,80.2310791,69221,69232,11
12.92605019,80.2310791,69232,69242,10
12.92576981,80.23104095,69242,69252,10
12.92521,80.2309494,69252,69262,10
12.92442036,80.23087311,69262,69272,10
12.92339993,80.23072052,69272,69282,10
12.92228985,80.2305603,69282,69292,10
12.92111969,80.23040009,69292,69302,10
12.91989994,80.23023987,69302,69312,10
12.91878033,80.23008728,69312,69322,10
12.91763973,80.22992706,69322,69333,11
12.91656017,80.22978973,69333,69343,10
12.91547012,80.22963715,69343,69353,10
12.91450024,80.22949982,69353,69363,10
12.91368961,80.22942352,69363,69373,10
12.91324043,80.22939301,69373,69383,10
12.91320992,80.22937775,69383,69393,10
12.91277981,80.22931671,69393,69403,10
12.91197968,80.22917938,69403,69413,10
12.91094971,80.22904205,69413,69424,11
12.90974998,80.22884369,69424,69434,10
12.90865993,80.22865295,69434,69444,10
12.9077301,80.22852325,69444,69454,10
12.90723038,80.22846985,69454,69464,10
12.90692997,80.22843933,69464,69474,10
12.90651989,80.22839355,69474,69484,10
12.90641975,80.2283783,69484,69494,10
12.90592957,80.228302,69494,69504,10
12.90513039,80.22824097,69504,69515,11
12.90408993,80.22821808,69515,69525,10
12.90297985,80.2281723,69525,69535,10
12.90190983,80.2281189,69535,69545,10
12.90108967,80.22808075,69545,69626,81
12.90108967,80.22808075,69626,69636,10
12.90063953,80.22801208,69636,69646,10
12.89997005,80.22798157,69646,69656,10
12.8994503,80.22795868,69656,69666,10
12.89941025,80.22795868,69666,69676,10
12.89910984,80.22794342,69676,69687,11
12.8985796,80.22789764,69687,69697,10
12.89782047,80.22786713,69697,69707,10
12.89686966,80.22781372,69707,69717,10
12.8959198,80.2277832,69717,69727,10
12.89501953,80.22775269,69727,69737,10
12.89426994,80.22770691,69737,69747,10
12.89385986,80.22769165,69747,69757,10
12.89365005,80.22769928,69757,69788,31
12.89365005,80.22769928,69788,69798,10
12.89340973,80.22763824,69798,69808,10
12.89319992,80.22760773,69808,69818,10
12.89313984,80.2276001,69818,69828,10
12.89282036,80.22754669,69828,69889,61
12.89282036,80.22754669,69889,69899,10
12.89258957,80.22753906,69899,69909,10
12.8921299,80.22750854,69909,69919,10
12.8913002,80.22749329,69919,69929,10
12.89023018,80.22747803,69929,69939,10
12.88918018,80.2274704,69939,69949,10
12.8881197,80.22743988,69949,69959,10
12.88712025,80.22731781,69959,69970,11
12.8860302,80.22705078,69970,69980,10
12.88504982,80.22685242,69980,70010,30
12.88504982,80.22685242,70010,70020,10
12.88461971,80.2268219,70020,70030,10
12.8838501,80.22680664,70030,70040,10
12.88278961,80.22679901,70040,70050,10
12.88160038,80.2268219,70050,70061,11
12.88024044,80.2268219,70061,70071,10
12.87897968,80.22686005,70071,70081,10
12.87777996,80.22695923,70081,70091,10
12.87674999,80.22701263,70091,70101,10
12.8762598,80.22705841,70101,70111,10
12.87623978,80.22707367,70111,70121,10
12.87619972,80.2270813,70121,70131,10
12.87576008,80.22707367,70131,70141,10
12.87497997,80.22701263,70141,70151,10
12.87397003,80.22688293,70151,70162,11
12.87296009,80.22680664,70162,70172,10
12.87261009,80.2268219,70172,70183,11
12.87230015,80.2268219,70183,70194,11
12.87147999,80.22678375,70194,70204,10
12.87047005,80.2266922,70204,70214,10
12.86931992,80.22657776,70214,70224,10
12.86812973,80.22647858,70224,70234,10
12.86697006,80.2265625,70234,70244,10
12.86579037,80.22666931,70244,70255,11
12.86462021,80.22666168,70255,70266,11
12.86336994,80.22663116,70266,70275,9
12.86221027,80.22666168,70275,70286,11
12.86093044,80.22669983,70286,70306,20
12.86093044,80.22669983,70306,70316,10
12.86060047,80.22666931,70316,70326,10
12.85984039,80.2265625,70326,70337,11
12.85892963,80.2264328,70337,70347,10
12.8584404,80.22637939,70347,70357,10
12.85766029,80.22637939,70357,70367,10
12.85663033,80.22647095,70367,70377,10
12.85546017,80.22659302,70377,70387,10
12.85424042,80.22670746,70387,70397,10
12.85299969,80.22679901,70397,70407,10
12.85169029,80.22676849,70407,70417,10
12.85064983,80.22673798,70417,70427,10
12.85039997,80.22673035,70427,70438,11
12.8501997,80.22672272,70438,70448,10
12.84945965,80.22667694,70448,70458,10
12.84834003,80.22667694,70458,70468,10
12.84694004,80.2266922,70468,70478,10
12.84609032,80.22669983,70478,70488,10
12.84568024,80.22672272,70488,70508,20
12.84568024,80.22672272,70508,70519,11
12.84521961,80.22669983,70519,70529,10
12.84449959,80.22673798,70529,70539,10
12.8435297,80.22683716,70539,70549,10
12.84234047,80.22701263,70549,70559,10
12.8412199,80.22731018,70559,70569,10
12.84029007,80.22759247,70569,70579,10
12.83971977,80.2278595,70579,70589,10
12.8394804,80.22795868,70589,70599,10
12.83872032,80.22808075,70599,70609,10
12.83767033,80.22830963,70609,70620,11
12.83631039,80.228508,70620,70630,10
12.83506012,80.22869873,70630,70640,10
12.83382034,80.22889709,70640,70650,10
12.83267021,80.22913361,70650,70660,10
12.83224964,80.2292099,70660,70670,10
12.8322401,80.2292099,70670,70680,10
12.83201027,80.22924805,70680,70690,10
12.83152008,80.22936249,70690,70701,11
12.83075047,80.22962189,70701,70711,10
12.82979965,80.22995758,70711,70721,10
12.82888031,80.23033905,70721,70731,10
12.82793999,80.23085785,70731,70741,10
12.82699013,80.23133087,70741,70751,10
12.82610035,80.2314682,70751,70761,10
12.82581997,80.23150635,70761,70771,10
12.82540035,80.23152161,70771,70781,10
12.82460022,80.23146057,70781,70792,11
12.82345963,80.23114777,70792,70802,10
12.82242012,80.23082733,70802,70812,10
12.82161045,80.23059845,70812,70822,10
12.8207798,80.2305603,70822,70832,10
12.81987953,80.23059082,70832,70842,10
12.81914043,80.23059845,70842,70852,10
12.81884956,80.23058319,70852,70862,10
12.81869984,80.23049927,70862,70872,10
12.81807041,80.23020935,70872,70882,10
12.81707954,80.2297821,70882,70893,11
12.81579018,80.22949982,70893,70903,10
12.81451988,80.22930145,70903,70913,10
12.81322002,80.22895813,70913,70923,10
12.81188965,80.22849274,70923,70933,10
12.81056976,80.22798157,70933,70943,10
12.80945969,80.22750854,70943,70953,10
12.80865955,80.22695923,70953,70963,10
12.80784988,80.2263031,70963,70973,10
12.80716991,80.22572327,70973,70984,11
12.80646038,80.22509766,70984,70994,10
12.80587959,80.22457886,70994,71004,10
12.80494976,80.22412109,71004,71024,20
12.80494976,80.22412109,71024,71034,10
12.80453014,80.22405243,71034,71044,10
12.80375957,80.22400665,71044,71054,10
12.80317974,80.22395325,71054,71064,10
12.80233955,80.22383118,71064,71075,11
12.8012104,80.22371674,71075,71085,10
12.80091,80.22371674,71085,71095,10
12.80060959,80.22367859,71095,71105,10
12.79988003,80.22360229,71105,71115,10
12.79887009,80.22351837,71115,71125,10
12.79784012,80.22337341,71125,71135,10
12.7959404,80.22306824,71135,71165,30
12.7959404,80.22306824,71165,71176,11
12.79547024,80.22299194,71176,71186,10
12.79469967,80.22284698,71186,71196,10
12.79399014,80.22273254,71196,71206,10
12.7933197,80.22263336,71206,71216,10
12.79251003,80.2224884,71216,71226,10
12.79166985,80.22229004,71226,71236,10
12.79084015,80.22209167,71236,71246,10
12.79008007,80.22189331,71246,71256,10
12.78956985,80.22174072,71256,71267,11
12.78894043,80.22149658,71267,71277,10
12.78824043,80.22122955,71277,71287,10
12.78787994,80.22109985,71287,71297,10
12.78759956,80.22099304,71297,71307,10
12.78684044,80.22070313,71307,71337,30
12.78684044,80.22070313,71337,71347,10
12.78664017,80.22061157,71347,71358,11
12.78633022,80.22051239,71358,71368,10
12.78631973,80.22051239,71368,71378,10
12.78582001,80.22029877,71378,71398,20
12.78582001,80.22029877,71398,71408,10
12.78559971,80.22019196,71408,71418,10
12.78536034,80.22006989,71418,71428,10
12.78497982,80.21987915,71428,71438,10
12.7846899,80.21974182,71438,71479,41
12.7846899,80.21974182,71479,71489,10
12.78431034,80.21951294,71489,71499,10
12.78370953,80.21916199,71499,71509,10
12.78297043,80.21874237,71509,71519,10
12.78215981,80.21829224,71519,71529,10
12.78133965,80.21784973,71529,71540,11
12.78044033,80.21736145,71540,71550,10
12.77960968,80.21691895,71550,71560,10
12.77875996,80.21646118,71560,71570,10
12.77783012,80.21600342,71570,71580,10
12.77688026,80.21562195,71580,71590,10
12.77589035,80.21521759,71590,71600,10
12.77488041,80.21481323,71600,71610,10
12.77394009,80.21443939,71610,71620,10
12.77303028,80.21408081,71620,71631,11
12.77200031,80.21369934,71631,71641,10
12.77068996,80.21324158,71641,71661,20
12.77068996,80.21324158,71661,71671,10
12.77075958,80.21298218,71671,71681,10
12.77077007,80.21295929,71681,71691,10
12.77093029,80.21270752,71691,71701,10
12.77097988,80.21225739,71701,71711,10
12.77097988,80.21221161,71711,71722,11
12.77101994,80.21205902,71722,71732,10
12.77118015,80.21151733,71732,71742,10
12.77155972,80.21074677,71742,71752,10
12.7719698,80.2099762,71752,71762,10
12.7722702,80.20915985,71762,71772,10
12.77248001,80.20834351,71772,71782,10
12.77254963,80.20809937,71782,71792,10
12.77266026,80.20768738,71792,71802,10
12.77285004,80.20702362,71802,71813,11
12.77305031,80.20636749,71813,71823,10
12.7730999,80.20619965,71823,71833,10
12.77324963,80.20555878,71833,71843,10
12.77338028,80.20474243,71843,71853,10
12.77348042,80.20398712,71853,71863,10
12.77369976,80.20285797,71863,71873,10
12.7737999,80.20191956,71873,71883,10
12.77385044,80.20115662,71883,71893,10
12.77385998,80.20101929,71893,71903,10
12.77392006,80.20043945,71903,71914,11
12.77398968,80.19956207,71914,71924,10
12.77408028,80.1986618,71924,71934,10
12.77410984,80.19786835,71934,71944,10
12.77414036,80.19721985,71944,71954,10
12.77416992,80.19641113,71954,71964,10
12.77423,80.19555664,71964,71974,10
12.77439976,80.19471741,71974,71984,10
12.77451992,80.19412231,71984,71995,11
12.77455997,80.19391632,71995,72005,10
12.77460957,80.19377899,72005,72015,10
12.77464962,80.19367218,72015,72025,10
12.77476025,80.19332886,72025,72035,10
12.77517033,80.19273376,72035,72045,10
12.77527046,80.19200897,72045,72055,10
12.77511978,80.19122314,72055,72065,10
12.77466965,80.19052887,72065,72075,10
12.77418995,80.19003296,72075,72085,10
12.77357006,80.18959045,72085,72096,11
12.77268982,80.18924713,72096,72106,10
12.77178955,80.18894196,72106,72116,10
12.77106953,80.18858337,72116,72126,10
12.77093029,80.18778992,72126,72136,10
12.77087975,80.18714142,72136,72146,10
12.77083969,80.18686676,72146,72156,10
12.77081966,80.18668365,72156,72166,10
12.77075005,80.186203,72166,72176,10
12.77073002,80.18559265,72176,72187,11
12.77064991,80.18486023,72187,72197,10
12.7703104,80.18466949,72197,72207,10
12.76976967,80.18453979,72207,72217,10
12.76926994,80.1843338,72217,72227,10
12.76896,80.18415833,72227,72237,10
12.76873016,80.18395996,72237,72247,10
12.76842022,80.18367004,72247,72257,10
12.76807022,80.18347168,72257,72267,10
12.76762009,80.18331146,72267,72277,10
12.76716995,80.18315887,72277,72288,11
12.76667976,80.18292236,72288,72298,10
12.76611042,80.18274689,72298,72308,10
12.76566982,80.18270111,72308,72318,10
12.76511002,80.18260956,72318,72328,10
12.76457024,80.18254089,72328,72338,10
12.76397991,80.18244934,72338,72348,10
12.76358986,80.18241882,72348,72358,10
12.76338959,80.18292236,72358,72369,11
12.76319981,80.18351746,72369,72379,10
12.7631197,80.18369293,72379,72389,10
12.76299953,80.18403625,72389,72399,10
12.76299953,80.18437195,72399,72409,10
12.76301956,80.18463135,72409,72419,10
12.76299,80.18482208,72419,72429,10
12.76292038,80.18505096,72429,72439,10
12.76270008,80.18508148,72439,72449,10
12.76245975,80.18502045,72449,72460,11
12.76208973,80.18502045,72460,72470,10
12.76175976,80.1849823,72470,72480,10
12.76148987,80.18492126,72480,72490,10
12.76148033,80.18476105,72490,73774,1284
12.76148033,80.18476105,73774,73784,10
12.76175976,80.18502045,73784,73804,20
12.76175976,80.18502045,73804,73814,10
12.76194,80.18501282,73814,73825,11
12.76226997,80.18501282,73825,73835,10
12.76255989,80.18502045,73835,73845,10
12.76284981,80.18505859,73845,73855,10
12.76298046,80.18476868,73855,73865,10
12.76299953,80.18448639,73865,73875,10
12.76296997,80.1842804,73875,73885,10
12.76298046,80.18402863,73885,73895,10
12.76305962,80.18377686,73895,73905,10
12.76315022,80.18354797,73905,73916,11
12.76329994,80.18305969,73916,73926,10
12.76340961,80.18264771,73926,73936,10
12.76362991,80.18241119,73936,73946,10
12.76403046,80.18247986,73946,73956,10
12.76438046,80.18251801,73956,73966,10
12.76465988,80.18257141,73966,73976,10
12.76492977,80.18260193,73976,73986,10
12.76525021,80.18264008,73986,73996,10
12.7656002,80.18269348,73996,74007,11
12.76595974,80.18271637,74007,74017,10
12.76636982,80.18280792,74017,74027,10
12.76677036,80.18296051,74027,74037,10
12.76708031,80.18312073,74037,74047,10
12.76737022,80.1832428,74047,74057,10
12.76766014,80.18334198,74057,74067,10
12.76795959,80.18345642,74067,74077,10
12.76826,80.18357086,74077,74087,10
12.76850033,80.18374634,74087,74097,10
12.7687397,80.18399048,74097,74108,11
12.76908016,80.18424225,74108,74118,10
12.7691803,80.18430328,74118,74128,10
12.76941013,80.1844101,74128,74138,10
12.76982021,80.18457031,74138,74148,10
12.77009964,80.18466187,74148,74158,10
12.77062035,80.18479919,74158,74168,10
12.77073002,80.18522644,74168,74178,10
12.77075958,80.18586731,74178,74188,10
12.77081013,80.18647003,74188,74199,11
12.77087975,80.18701935,74199,74209,10
12.77093029,80.18752289,74209,74219,10
12.77103996,80.18824768,74219,74229,10
12.7713604,80.188797,74229,74239,10
12.77192974,80.18904114,74239,74249,10
12.77262974,80.1892395,74249,74259,10
12.77330017,80.18956757,74259,74269,10
12.77400017,80.18984222,74269,74279,10
12.77455997,80.19046021,74279,74290,11
12.7750597,80.1911087,74290,74300,10
12.77527046,80.19190979,74300,74310,10
12.77534962,80.19239807,74310,74320,10
12.77511024,80.19287872,74320,74330,10
12.7747097,80.1934967,74330,74340,10
12.77462006,80.19381714,74340,74350,10
12.77449989,80.19425201,74350,74360,10
12.77441025,80.1947937,74360,74371,11
12.77423954,80.19561768,74371,74381,10
12.77418041,80.19638062,74381,74391,10
12.77416992,80.19709778,74391,74401,10
12.77410984,80.19777679,74401,74411,10
12.7741003,80.19844055,74411,74421,10
12.7740202,80.19927216,74421,74431,10
12.77396011,80.20011902,74431,74441,10
12.77388,80.20095825,74441,74451,10
12.7737999,80.20185852,74451,74461,10
12.77375984,80.20259857,74461,74472,11
12.77361012,80.20330811,74472,74482,10
12.77348042,80.20397186,74482,74492,10
12.77336979,80.20491791,74492,74502,10
12.77320004,80.20581818,74502,74512,10
12.77297974,80.20662689,74512,74522,10
12.77272987,80.20752716,74522,74532,10
12.77245998,80.20845032,74532,74542,10
12.77219009,80.20941925,74542,74552,10
12.77182961,80.210289,74552,74563,11
12.77130032,80.21128082,74563,74573,10
12.77101994,80.21192932,74573,74583,10
12.77087021,80.21273804,74583,74592,9
12.77083969,80.21327209,74592,74603,11
12.77153969,80.21350861,74603,74613,10
12.77250957,80.21385193,74613,74623,10
12.77352047,80.21424103,74623,74633,10
12.77451038,80.21463776,74633,74643,10
12.77556038,80.21505737,74643,74654,11
12.77665997,80.21549988,74654,74664,10
12.77775002,80.21595001,74664,74674,10
12.7788496,80.21647644,74674,74684,10
12.77995968,80.21707153,74684,74694,10
12.7811203,80.21769714,74694,74704,10
12.78225994,80.21833038,74704,74714,10
12.78326035,80.2188797,74714,74724,10
12.78407955,80.21935272,74724,74734,10
12.78458023,80.21964264,74734,74744,10
12.78489971,80.21980286,74744,74755,11
12.78551006,80.22012329,74755,74765,10
12.78579044,80.22026062,74765,74775,10
12.78586006,80.22028351,74775,74785,10
12.78592968,80.2203064,74785,74795,10
12.78606987,80.22038269,74795,74805,10
12.78645039,80.22051239,74805,74825,20
12.78645039,80.22051239,74825,74836,11
12.78664017,80.22058105,74836,74846,10
12.78682041,80.22065735,74846,74856,10
12.78730011,80.22084045,74856,74866,10
12.78783989,80.22103882,74866,74876,10
12.78851032,80.22129059,74876,74886,10
12.78915024,80.22154999,74886,74896,10
12.78971004,80.22174835,74896,74906,10
12.79024982,80.22187805,74906,74916,10
12.79104996,80.22209167,74916,74926,10
12.79199982,80.22232056,74926,74937,11
12.79316998,80.22254944,74937,74947,10
12.79428005,80.22271729,74947,74957,10
12.79539967,80.22289276,74957,74967,10
12.79638958,80.22306061,74967,74977,10
12.79738045,80.22325134,74977,74987,10
12.7982502,80.22335815,74987,74997,10
12.79897976,80.22342682,74997,75007,10
12.79979992,80.22348022,75007,75018,11
12.80060959,80.22354889,75018,75028,10
12.80130005,80.22361755,75028,75038,10
12.8020401,80.22370911,75038,75048,10
12.80270004,80.22379303,75048,75058,10
12.80331993,80.22386169,75058,75068,10
12.80405045,80.22392273,75068,75078,10
12.80473042,80.22398376,75078,75088,10
12.80537033,80.22412872,75088,75098,10
12.80560017,80.22422791,75098,75108,10
12.80603981,80.22460938,75108,75119,11
12.80681038,80.22528076,75119,75129,10
12.80760002,80.22595978,75129,75139,10
12.80842972,80.22666931,75139,75149,10
12.80920029,80.22727203,75149,75159,10
12.80953979,80.22750092,75159,75169,10
12.81017017,80.22776794,75169,75179,10
12.81107998,80.22815704,75179,75189,10
12.81208992,80.22852325,75189,75199,10
12.81307983,80.22888184,75199,75210,11
12.81422997,80.22921753,75210,75220,10
12.81525993,80.22937775,75220,75230,10
12.81624031,80.22949982,75230,75240,10
12.81729984,80.22975159,75240,75250,10
12.81834984,80.23026276,75250,75260,10
12.81937027,80.23053741,75260,75270,10
12.8205204,80.23049927,75270,75280,10
12.82174015,80.23056793,75280,75290,10
12.82293987,80.23088074,75290,75301,11
12.82423019,80.23121643,75301,75311,10
12.82528019,80.23140717,75311,75321,10
12.82641983,80.23136902,75321,75331,10
12.82750988,80.23107147,75331,75341,10
12.82849979,80.23049927,75341,75351,10
12.82946014,80.2300415,75351,75361,10
12.83032036,80.22969818,75361,75371,10
12.8309803,80.22943115,75371,75381,10
12.83108044,80.22940063,75381,75392,11
12.83127975,80.22930145,75392,75402,10
12.83137989,80.22926331,75402,75412,10
12.83174992,80.22917938,75412,75422,10
12.8323698,80.22904968,75422,75432,10
12.83325958,80.22888184,75432,75442,10
12.83426952,80.22872162,75442,75452,10
12.83533955,80.22853088,75452,75462,10
12.83656025,80.22836304,75462,75472,10
12.83777046,80.22820282,75472,75482,10
12.83876991,80.22798157,75482,75493,11
12.83932018,80.22782898,75493,75533,40
12.83932018,80.22782898,75533,75543,10
12.83961964,80.22770691,75543,75553,10
12.84020042,80.22756195,75553,75563,10
12.84103012,80.2273407,75563,75574,11
12.84216022,80.22702789,75574,75584,10
12.84319973,80.2268219,75584,75594,10
12.8442297,80.22667694,75594,75604,10
12.84517956,80.22662354,75604,75614,10
12.84545994,80.22659302,75614,75624,10
12.84578037,80.22660065,75624,75644,20
12.84578037,80.22660065,75644,75654,10
12.84611988,80.22660065,75654,75664,10
12.84687042,80.22659302,75664,75675,11
12.84792995,80.22657776,75675,75685,10
12.84895992,80.22657013,75685,75695,10
12.84996986,80.22657013,75695,75705,10
12.85011959,80.22657776,75705,75715,10
12.85054016,80.22659302,75715,75725,10
12.85134029,80.22662354,75725,75735,10
12.85231972,80.22666168,75735,75745,10
12.85328007,80.22666931,75745,75755,10
12.85426044,80.22659302,75755,75766,11
12.85550022,80.22646332,75766,75776,10
12.85669041,80.22631836,75776,75786,10
12.85785961,80.22622681,75786,75796,10
12.85888958,80.22628021,75796,75806,10
12.85995007,80.22644043,75806,75816,10
12.86079979,80.22653961,75816,75826,10
12.86093998,80.2265625,75826,75836,10
12.86145973,80.2265625,75836,75846,10
12.86236954,80.22653961,75846,75857,11
12.86355019,80.22653961,75857,75867,10
12.8647604,80.22660065,75867,75877,10
12.86594009,80.22660065,75877,75887,10
12.86709976,80.22651672,75887,75897,10
12.86828995,80.22640991,75897,75907,10
12.86944962,80.22650909,75907,75917,10
12.87055969,80.22660828,75917,75927,10
12.87170982,80.22666168,75927,75937,10
12.87275982,80.22667694,75937,75948,11
12.87392998,80.22673798,75948,75958,10
12.87514019,80.22689819,75958,75968,10
12.87672997,80.22692108,75968,75988,20
12.87672997,80.22692108,75988,75998,10
12.87691021,80.22691345,75998,76008,10
12.87753963,80.22686768,76008,76018,10
12.87845993,80.22679901,76018,76028,10
12.8794899,80.22676086,76028,76039,11
12.88068008,80.22673798,76039,76049,10
12.88187027,80.22673035,76049,76059,10
12.8831501,80.22672272,76059,76069,10
12.88432026,80.22670746,76069,76079,10
12.88502979,80.22669983,76079,76089,10
12.88514042,80.22672272,76089,76099,10
12.88547993,80.22678375,76099,76109,10
12.88619041,80.22696686,76109,76119,10
12.88704014,80.22720337,76119,76130,11
12.8881197,80.2273407,76130,76140,10
12.88914967,80.22737885,76140,76150,10
12.89025021,80.22737885,76150,76160,10
12.89128017,80.22737885,76160,76170,10
12.89218044,80.22734833,76170,76200,30
12.89218044,80.22734833,76200,76210,10
12.89241982,80.22738647,76210,76220,10
12.89299965,80.22744751,76220,76231,11
12.89400005,80.22759247,76231,76241,10
12.89505959,80.2276535,76241,76251,10
12.89618015,80.22769165,76251,76261,10
12.89733982,80.2277298,76261,76271,10
12.89836979,80.2277832,76271,76281,10
12.89925957,80.22783661,76281,76291,10
12.9001503,80.22788239,76291,76301,10
12.90087986,80.22792816,76301,76312,11
12.90157986,80.2279892,76312,76322,10
12.90264034,80.22801971,76322,76342,20
12.90264034,80.22801971,76342,76352,10
12.90301037,80.22805023,76352,76362,10
12.90367985,80.22808075,76362,76372,10
12.90450001,80.22812653,76372,76382,10
12.90530014,80.2281723,76382,76392,10
12.90577984,80.22818756,76392,76402,10
12.90627956,80.22823334,76402,76413,11
12.90686989,80.2282486,76413,76423,10
12.90699005,80.22827148,76423,76433,10
12.90746021,80.22833252,76433,76443,10
12.90822983,80.22846222,76443,76453,10
12.9092598,80.2286377,76453,76463,10
12.91038036,80.2288208,76463,76473,10
12.91149044,80.22901154,76473,76483,10
12.91257954,80.22915649,76483,76493,10
12.91394997,80.22933197,76493,76514,21
12.91394997,80.22933197,76514,76524,10
12.91431999,80.22939301,76524,76534,10
12.91491032,80.2294693,76534,76544,10
12.91580009,80.22960663,76544,76554,10
12.91672039,80.22973633,76554,76564,10
12.91767979,80.22988129,76564,76574,10
12.91862011,80.23001862,76574,76584,10
12.91961956,80.23016357,76584,76595,11
12.92072964,80.23030853,76595,76605,10
12.92171001,80.2304306,76605,76615,10
12.9226799,80.23056793,76615,76625,10
12.92383957,80.23074341,76625,76635,10
12.92504025,80.23088074,76635,76645,10
12.9261198,80.23097992,76645,76655,10
12.92636967,80.23100281,76655,76665,10
12.92675018,80.23104095,76665,76676,11
12.9277401,80.23117065,76676,76686,10
12.92879009,80.23132324,76686,76696,10
12.92971039,80.23152161,76696,76706,10
12.93082047,80.23179626,76706,76716,10
12.93190002,80.23213959,76716,76726,10
12.93297958,80.23249817,76726,76736,10
12.93363953,80.23278809,76736,76746,10
12.93365955,80.23280334,76746,76756,10
12.93395042,80.23293304,76756,76766,10
12.93478966,80.23330688,76766,76777,11
12.93552971,80.23364258,76777,76787,10
12.93603992,80.23387909,76787,76797,10
12.9368,80.23426819,76797,76807,10
12.93780041,80.23477173,76807,76817,10
12.93894958,80.23531342,76817,76827,10
12.93957996,80.23561859,76827,76837,10
12.93964005,80.23564911,76837,76847,10
12.94019032,80.23589325,76847,76857,10
12.94110966,80.23613739,76857,76867,10
12.9422102,80.23644257,76867,76878,11
12.94340038,80.2371521,76878,76888,10
12.94433975,80.23815918,76888,76898,10
12.94538975,80.23921967,76898,76908,10
12.94639969,80.23964691,76908,76918,10
12.94719028,80.2399826,76918,76928,10
12.94731998,80.24002838,76928,76938,10
12.94773006,80.24021149,76938,76948,10
12.94843006,80.24051666,76948,76958,10
12.94935036,80.24088287,76958,76969,11
12.95046043,80.2412262,76969,76979,10
12.95102024,80.2414093,76979,76989,10
12.95108032,80.24143982,76989,76999,10
12.9514904,80.24157715,76999,77009,10
12.95219994,80.24185944,77009,77019,10
12.95318031,80.24223328,77019,77029,10
12.95382023,80.24246979,77029,77039,10
12.95452023,80.24276733,77039,77049,10
12.95522976,80.24304962,77049,77060,11
12.95615959,80.24339294,77060,77070,10
12.95633984,80.24349976,77070,77080,10
12.95681953,80.24369049,77080,77090,10
12.95763016,80.24401855,77090,77100,10
12.95837021,80.24430847,77100,77110,10
12.95866966,80.24445343,77110,77120,10
12.95880032,80.24452209,77120,77130,10
12.95901966,80.24462128,77130,77140,10
12.95963955,80.24491119,77140,77151,11
12.96068001,80.24537659,77151,77161,10
12.96177006,80.24590302,77161,77171,10
12.96280956,80.24640656,77171,77181,10
12.96329021,80.24667358,77181,77221,40
12.96329021,80.24667358,77221,77231,10
12.96339035,80.24674225,77231,77242,11
12.96393967,80.24694824,77242,77252,10
12.96483994,80.24726105,77252,77262,10
12.96592999,80.24761963,77262,77272,10
12.96658993,80.24788666,77272,77282,10
12.96662045,80.24790955,77282,77292,10
12.9667902,80.24801636,77292,77302,10
12.96685982,80.24804688,77302,77312,10
12.96737957,80.24829865,77312,77322,10
12.96813965,80.24864197,77322,77333,11
12.96910954,80.24903107,77333,77343,10
12.97004986,80.24939728,77343,77353,10
12.97103024,80.2497406,77353,77363,10
12.9720602,80.25000763,77363,77373,10
12.97319031,80.25031281,77373,77383,10
12.97437954,80.25064087,77383,77393,10
12.97558975,80.25097656,77393,77403,10
12.9767704,80.25131226,77403,77414,11
12.97780991,80.25187683,77414,77424,10
12.97840023,80.25231934,77424,77434,10
12.97844028,80.25234985,77434,77444,10
12.97856045,80.25241089,77444,77454,10
12.9790802,80.25261688,77454,77464,10
12.9799099,80.25270844,77464,77474,10
12.98083973,80.25270081,77474,77484,10
12.98200035,80.25267029,77484,77494,10
12.98328018,80.25257111,77494,77504,10
12.98449993,80.2522583,77504,77515,11
12.9854002,80.25200653,77515,77525,10
12.98606968,80.25183105,77525,77535,10
12.98661995,80.25169373,77535,77545,10
12.98696041,80.25158691,77545,77555,10
12.98750973,80.2514267,77555,77646,91
12.98750973,80.2514267,77646,77656,10
12.98764992,80.25141144,77656,77666,10
12.98789024,80.2515564,77666,77676,10
12.98797989,80.25205994,77676,77686,10
12.98795986,80.25273895,77686,77696,10
12.98785973,80.25376129,77696,77707,11
12.98779011,80.25430298,77707,77798,91
12.98779011,80.25430298,77798,77808,10
12.98779964,80.25437164,77808,77818,10
12.98777008,80.25466156,77818,77828,10
12.98771954,80.25502014,77828,77838,10
12.98764992,80.25540924,77838,77848,10
12.98760033,80.25582123,77848,77858,10
12.98754025,80.25624847,77858,77868,10
12.98754025,80.2567215,77868,77878,10
12.98748016,80.25720215,77878,77889,11
12.98744011,80.25789642,77889,77899,10
12.98736,80.25853729,77899,77919,20
12.98736,80.25853729,77919,77929,10
12.98731995,80.25875092,77929,77939,10
12.98731995,80.25910187,77939,77949,10
12.98723984,80.25937653,77949,77959,10
12.98717022,80.25959015,77959,77969,10
12.98701954,80.25962067,77969,77980,11
12.98684025,80.25959015,77980,77990,10
12.98678017,80.2593689,77990,78121,131
12.98682976,80.25901031,78121,81599,3478
12.98682976,80.25901031,81599,81609,10
12.9867897,80.25907898,81609,82358,749
12.9868803,80.25921631,82358,85118,2760
12.98678017,80.25906372,85118,86129,1011
12.98684025,80.25901794,86129,86220,91
