13.07470989,80.27545929,20,21424,21404
13.07489014,80.27519989,21424,21485,61
13.07522011,80.27498627,21485,21505,20
13.07522011,80.27498627,21505,21516,11
13.07577991,80.27485657,21516,21576,60
13.07577991,80.27485657,21576,21587,11
13.0759201,80.27526855,21587,21597,10
13.07592964,80.27529907,21597,21607,10
13.0759697,80.27552032,21607,21617,10
13.07600021,80.27580261,21617,21627,10
13.07598019,80.27600861,21627,21718,91
13.0761404,80.27626038,21718,21982,264
13.0761404,80.27626038,21982,21992,10
13.07645035,80.27626801,21992,22002,10
13.07678986,80.27623749,22002,22012,10
13.07736015,80.27619171,22012,22022,10
13.07796001,80.27616882,22022,22032,10
13.07828045,80.27565002,22032,22042,10
13.07866955,80.27516174,22042,22052,10
13.07936001,80.27523041,22052,22063,11
13.08008957,80.27529144,22063,22073,10
13.08076,80.27522278,22073,22083,10
13.08131981,80.27514648,22083,22093,10
13.08145046,80.27513123,22093,22103,10
13.08162022,80.27513123,22103,22113,10
13.08195019,80.27523804,22113,22194,81
13.08195019,80.27523804,22194,22204,10
13.08218002,80.27555847,22204,22225,21
13.08218002,80.27555847,22225,22235,10
13.08195972,80.27591705,22235,22245,10
13.08183002,80.27626038,22245,22255,10
13.08189011,80.2771225,22255,22265,10
13.08201981,80.27802277,22265,22275,10
13.08211994,80.27832031,22275,22285,10
13.08207989,80.27838135,22285,22296,11
13.0819397,80.27794647,22296,22306,10
13.08183956,80.27709198,22306,22316,10
13.08178043,80.27631378,22316,22326,10
13.08162022,80.27568817,22326,22336,10
13.08160973,80.27561951,22336,22346,10
13.08156967,80.27539825,22346,22356,10
13.08143997,80.27516174,22356,22366,10
13.08086967,80.27520752,22366,22377,11
13.07997036,80.27532196,22377,22387,10
13.0791502,80.27520752,22387,22397,10
13.07839966,80.275383,22397,22407,10
13.07804966,80.27613831,22407,22417,10
13.07711983,80.27626038,22417,22427,10
13.0764904,80.27631378,22427,22437,10
13.07548046,80.27632904,22437,22447,10
13.0743103,80.27639008,22447,22458,11
13.07361984,80.27648926,22458,22468,10
13.07301044,80.27586365,22468,22478,10
13.07213974,80.27490997,22478,22488,10
13.07131958,80.27445984,22488,22498,10
13.07069969,80.27420044,22498,22508,10
13.07048035,80.27371216,22508,22518,10
13.07011032,80.27314758,22518,22528,10
13.06949043,80.27249146,22528,22539,11
13.06869984,80.27192688,22539,22569,30
13.06869984,80.27192688,22569,22579,10
13.06849957,80.27185822,22579,22589,10
13.06820011,80.27156067,22589,22599,10
13.06791973,80.27100372,22599,22610,11
13.06741047,80.27044678,22610,22620,10
13.06682014,80.2698822,22620,22630,10
13.06647968,80.26924133,22630,22640,10
13.06641006,80.26863861,22640,22650,10
13.06602955,80.26804352,22650,22660,10
13.06560993,80.26767731,22660,22670,10
13.06523037,80.26759338,22670,22680,10
13.06478977,80.26750946,22680,22691,11
13.06400013,80.26737976,22691,22701,10
13.06328011,80.26725006,22701,22711,10
13.06266022,80.26702118,22711,22721,10
13.06210041,80.26638794,22721,22731,10
13.06167984,80.26583862,22731,22741,10
13.06128979,80.26535034,22741,22751,10
13.06081963,80.2651825,22751,22761,10
13.06037998,80.26540375,22761,22772,11
13.05955982,80.26555634,22772,22782,10
13.05867958,80.26542664,22782,22792,10
13.05807972,80.2649765,22792,22802,10
13.05799961,80.26418304,22802,22812,10
13.05792046,80.26335907,22812,22822,10
13.05782986,80.26248932,22822,22832,10
13.05764961,80.2613678,22832,22842,10
13.05727959,80.26004791,22842,22853,11
13.05681992,80.25859833,22853,22863,10
13.05659962,80.25740814,22863,22873,10
13.05650043,80.25718689,22873,22883,10
13.0564003,80.2565918,22883,22893,10
13.05570984,80.25553131,22893,22903,10
13.05480003,80.25430298,22903,22913,10
13.05370045,80.25282288,22913,22923,10
13.05255032,80.25125885,22923,22934,11
13.05115986,80.25007629,22934,22944,10
13.04979038,80.24978638,22944,22954,10
13.04864025,80.24965668,22954,22964,10
13.04780006,80.24913788,22964,22974,10
13.04703999,80.24859619,22974,22984,10
13.04660034,80.24855804,22984,22994,10
13.04561996,80.24833679,22994,23005,11
13.04430008,80.24796295,23005,23015,10
13.04314041,80.24775696,23015,23025,10
13.04189014,80.24745941,23025,23035,10
13.04047012,80.24717712,23035,23045,10
13.03915977,80.2469101,23045,23055,10
13.03798008,80.24668121,23055,23065,10
13.03691006,80.24649048,23065,23075,10
13.03577995,80.24622345,23075,23086,11
13.03534985,80.24607086,23086,23096,10
13.03512955,80.24594116,23096,23106,10
13.03450966,80.24529266,23106,23116,10
13.03369999,80.24429321,23116,23126,10
13.03269958,80.2430191,23126,23136,10
13.03188038,80.24175262,23136,23146,10
13.03131962,80.24050903,23146,23156,10
13.03102016,80.23976135,23156,23167,11
13.03055,80.23892212,23167,23177,10
13.02987957,80.23771667,23177,23187,10
13.02917004,80.23677826,23187,23197,10
13.02832031,80.23581696,23197,23207,10
13.02766037,80.23486328,23207,23217,10
13.02692032,80.23364258,23217,23227,10
13.02624035,80.23220825,23227,23237,10
13.02583027,80.23081207,23237,23248,11
13.02503967,80.22952271,23248,23258,10
13.02451992,80.22885895,23258,23268,10
13.02425957,80.228508,23268,23278,10
13.02363968,80.22775269,23278,23288,10
13.02363968,80.22775269,23288,23298,10
13.02352047,80.22763824,23298,23308,10
13.02326012,80.22741699,23308,23318,10
13.02320004,80.22737122,23318,23329,11
13.02315044,80.22727966,23329,23339,10
13.0228796,80.22698975,23339,23351,12
13.02223969,80.2264328,23351,23361,10
13.02116013,80.22557831,23361,23371,10
13.02013016,80.22483063,23371,23381,10
13.01865005,80.22451782,23381,23391,10
13.01727009,80.22509766,23391,23402,11
13.01601982,80.2256012,23402,23412,10
13.01509953,80.22595215,23412,23422,10
13.01457977,80.22614288,23422,23432,10
13.01426983,80.22624969,23432,23442,10
13.01410961,80.2263031,23442,23452,10
13.01352024,80.22653961,23452,23462,10
13.01253986,80.2269516,23462,23472,10
13.0112896,80.22744751,23472,23483,11
13.00973988,80.22814178,23483,23493,10
13.00911999,80.22908783,23493,23503,10
13.00883007,80.23052216,23503,23513,10
13.00858021,80.23188782,23513,23523,10
13.00837994,80.23288727,23523,23533,10
13.00825977,80.2335434,23533,23543,10
13.00821972,80.23364258,23543,23553,10
13.00811958,80.23406219,23553,23564,11
13.00794029,80.23500061,23564,23574,10
13.00769043,80.23628998,23574,23584,10
13.00739002,80.23773193,23584,23594,10
13.00712967,80.23908997,23594,23604,10
13.00687981,80.24031067,23604,23614,10
13.00669003,80.24144745,23614,23624,10
13.00666046,80.24255371,23624,23634,10
13.00667,80.24362183,23634,23645,11
13.00664043,80.24479675,23645,23655,10
13.00669956,80.24616241,23655,23665,10
13.00673962,80.24710083,23665,23675,10
13.00636959,80.24745941,23675,23685,10
13.00619984,80.24742889,23685,23695,10
13.00599957,80.24736023,23695,23705,10
13.00522041,80.24732208,23705,23715,10
13.00411034,80.24742889,23715,23726,11
13.00273991,80.24767303,23726,23736,10
13.00168991,80.24790955,23736,23746,10
13.00034046,80.24825287,23746,23756,10
12.99876022,80.24865723,23756,23766,10
12.99717999,80.24906158,23766,23776,10
12.99571037,80.24945068,23776,23786,10
12.99431992,80.24981689,23786,23796,10
12.99302959,80.2501297,23796,23807,11
12.99166965,80.2504425,23807,23817,10
12.99092007,80.25066376,23817,23827,10
12.99048042,80.25077057,23827,23837,10
12.98950005,80.25099182,23837,23847,10
12.98851967,80.25121307,23847,23857,10
12.98806,80.2513504,23857,23908,51
12.98806,80.2513504,23908,23918,10
12.98752022,80.25145721,23918,23928,10
12.98651028,80.2517395,23928,23938,10
12.98511982,80.25209808,23938,23948,10
12.98348999,80.25253296,23948,23959,11
12.98153973,80.25267792,23959,23969,10
12.98029041,80.25273132,23969,23979,10
12.97931957,80.25267029,23979,23989,10
12.97856045,80.25256348,23989,23999,10
12.97834969,80.25241852,23999,24009,10
12.97774029,80.25189972,24009,24019,10
12.97663975,80.25126648,24019,24029,10
12.9751997,80.2508316,24029,24040,11
12.97336006,80.25031281,24040,24050,10
12.97155952,80.24983978,24050,24060,10
12.96973038,80.24923706,24060,24070,10
12.96813011,80.24858093,24070,24080,10
12.96671963,80.24797821,24080,24090,10
12.9655304,80.2474823,24090,24099,9
12.96512032,80.24730682,24099,24110,11
12.9647398,80.24714661,24110,24121,11
12.96364975,80.2467804,24121,24131,10
12.96249008,80.24620056,24131,24141,10
12.96109962,80.24552155,24141,24151,10
12.95963001,80.24490356,24151,24161,10
12.95926952,80.24471283,24161,24171,10
12.95880032,80.24446869,24171,24181,10
12.95800018,80.24411774,24181,24191,10
12.9572897,80.24388885,24191,24202,11
12.95648956,80.24363708,24202,24212,10
12.95627975,80.24358368,24212,24222,10
12.9556303,80.24326324,24222,24232,10
12.95466995,80.24279022,24232,24242,10
12.95341969,80.24227905,24242,24252,10
12.95211983,80.24176025,24252,24262,10
12.95065975,80.2412796,24262,24273,11
12.94919014,80.2408371,24273,24293,20
12.94919014,80.2408371,24293,24303,10
12.94874954,80.24069214,24303,24313,10
12.94783974,80.24030304,24313,24323,10
12.94696045,80.23992157,24323,24333,10
12.94602966,80.23953247,24333,24343,10
12.94495964,80.2388382,24343,24354,11
12.94382,80.23760986,24354,24364,10
12.94256973,80.23654175,24364,24374,10
12.94091034,80.23606873,24374,24384,10
12.93986034,80.23577881,24384,24394,10
12.93968964,80.23571777,24394,24404,10
12.93943977,80.23560333,24404,24414,10
12.93877983,80.23523712,24414,24424,10
12.93776989,80.23471832,24424,24435,11
12.93640995,80.23407745,24435,24445,10
12.93494987,80.2334137,24445,24455,10
12.93389988,80.2329483,24455,24465,10
12.93375969,80.23288727,24465,24475,10
12.93311977,80.23258972,24475,24485,10
12.93212032,80.23223114,24485,24495,10
12.93078041,80.23175812,24495,24505,10
12.92918968,80.23137665,24505,24516,11
12.92720032,80.23108673,24516,24526,10
12.92613983,80.23097992,24526,24536,10
12.92588043,80.2309494,24536,24546,10
12.92512035,80.23084259,24546,24556,10
12.92397976,80.23069763,24556,24566,10
12.92259979,80.2305069,24566,24576,10
12.92096996,80.23027039,24576,24586,10
12.91917038,80.2300415,24586,24597,11
12.91709042,80.22978973,24597,24607,10
12.91520023,80.22950745,24607,24617,10
12.91374969,80.22928619,24617,24627,10
12.91341972,80.22927094,24627,24637,10
12.91329956,80.22924805,24637,24647,10
12.91256046,80.22915649,24647,24657,10
12.91137028,80.22898102,24657,24667,10
12.90987968,80.22875977,24667,24678,11
12.90804958,80.22849274,24678,24688,10
12.90686989,80.22839355,24688,24698,10
12.90678024,80.22834015,24698,24708,10
12.90666008,80.22828674,24708,24718,10
12.90604973,80.22823334,24718,24728,10
12.90485954,80.22814178,24728,24738,10
12.90332031,80.22805786,24738,24749,11
12.9015398,80.22798157,24749,24759,10
12.90044022,80.22789764,24759,24769,10
12.89943981,80.22785187,24769,24789,20
12.89943981,80.22785187,24789,24799,10
12.89896965,80.22781372,24799,24809,10
12.89799023,80.22775269,24809,24819,10
12.89673042,80.22769928,24819,24830,11
12.89507008,80.22763062,24830,24840,10
12.89350033,80.22750854,24840,24850,10
12.89237976,80.22740173,24850,24860,10
12.89124012,80.22734833,24860,24870,10
12.88992023,80.2273407,24870,24880,10
12.88873959,80.22734833,24880,24890,10
12.88745975,80.22725677,24890,24900,10
12.88613987,80.22696686,24900,24911,11
12.88490963,80.22673798,24911,24921,10
12.88377953,80.22669983,24921,24931,10
12.88230038,80.22673035,24931,24941,10
12.88070011,80.22676086,24941,24951,10
12.87915039,80.22675323,24951,24961,10
12.87761021,80.22686768,24961,24971,10
12.87654018,80.22698975,24971,24981,10
12.87639999,80.22699738,24981,24992,11
12.87576008,80.22699738,24992,25002,10
12.87465954,80.22686768,25002,25012,10
12.87327957,80.22672272,25012,25022,10
12.87265015,80.22673035,25022,25032,10
12.87238026,80.22672272,25032,25042,10
12.87147999,80.22666168,25042,25052,10
12.87012005,80.22657776,25052,25062,10
12.86851978,80.22640991,25062,25073,11
12.86649036,80.22654724,25073,25083,10
12.86452007,80.22659302,25083,25093,10
12.86268997,80.22653961,25093,25103,10
12.86139965,80.22662354,25103,25113,10
12.86100006,80.22662354,25113,25123,10
12.86017036,80.22647858,25123,25133,10
12.85896969,80.22633362,25133,25143,10
12.85783958,80.22624969,25143,25154,11
12.85618973,80.22637939,25154,25164,10
12.85441971,80.22657013,25164,25174,10
12.85256958,80.22667694,25174,25184,10
12.85070038,80.22660065,25184,25194,10
12.84883022,80.22657776,25194,25204,10
12.84700012,80.22659302,25204,25214,10
12.84564972,80.22662354,25214,25225,11
12.84533978,80.22662354,25225,25235,10
12.84490967,80.22663879,25235,25245,10
12.84383965,80.22672272,25245,25255,10
12.8425703,80.22693634,25255,25265,10
12.84099007,80.2273407,25265,25275,10
12.8397398,80.2277298,25275,25316,41
12.8397398,80.2277298,25316,25326,10
12.83957005,80.22779846,25326,25336,10
12.83893967,80.22795868,25336,25346,10
12.83782959,80.22821808,25346,25356,10
12.83635998,80.22844696,25356,25366,10
12.83460999,80.2286911,25366,25376,10
12.83283043,80.22902679,25376,25387,11
12.83213043,80.22917938,25387,25397,10
12.83199024,80.22921753,25397,25407,10
12.8312397,80.22940063,25407,25417,10
12.83008957,80.22981262,25417,25427,10
12.82878971,80.23034668,25427,25437,10
12.82730007,80.23114014,25437,25447,10
12.82565975,80.23139954,25447,25457,10
12.82443047,80.23130035,25457,25468,11
12.82304001,80.23090363,25468,25478,10
12.82153034,80.23049927,25478,25488,10
12.82017994,80.23046875,25488,25498,10
12.81902027,80.2305069,25498,25508,10
12.81865978,80.23040009,25508,25518,10
12.81783962,80.2299881,25518,25528,10
12.81655025,80.22952271,25528,25538,10
12.81482983,80.22926331,25538,25549,11
12.81276035,80.22870636,25549,25559,10
12.81087971,80.22801971,25559,25569,10
12.8094101,80.22737885,25569,25579,10
12.80805969,80.22634888,25579,25589,10
12.80704975,80.22550201,25589,25599,10
12.80620956,80.22473145,25599,25609,10
12.80543041,80.22415924,25609,25619,10
12.80502033,80.22400665,25619,25630,11
12.80467987,80.22393799,25630,25640,10
12.80397034,80.22387695,25640,25650,10
12.80305004,80.22380066,25650,25660,10
12.80193996,80.22364807,25660,25670,10
12.80070019,80.22353363,25670,25680,10
12.79924011,80.22341919,25680,25690,10
12.79753971,80.22324371,25690,25701,11
12.7960701,80.22297668,25701,25711,10
12.79576969,80.22293854,25711,25721,10
12.79516983,80.22280884,25721,25731,10
12.79409027,80.22265625,25731,25741,10
12.79269981,80.22242737,25741,25751,10
12.79125977,80.22209167,25751,25761,10
12.79024029,80.22186279,25761,25771,10
12.7895298,80.22162628,25771,25782,11
12.78855991,80.22122955,25782,25792,10
12.78765011,80.22084808,25792,25802,10
12.78715992,80.22065735,25802,25812,10
12.78705025,80.2206192,25812,25822,10
12.78629971,80.22032928,25822,25842,20
12.78629971,80.22032928,25842,25852,10
12.78617954,80.22033691,25852,25863,11
12.78617001,80.22094727,25863,25873,10
12.78623009,80.22158813,25873,25944,71
12.78623009,80.22158813,25944,25954,10
12.78629017,80.22221375,25954,27210,1256
12.78629017,80.22221375,27210,27220,10
12.78633022,80.22183228,27220,27240,20
12.78633022,80.22183228,27240,27250,10
12.78629017,80.22162628,27250,27260,10
12.78625011,80.22135925,27260,27271,11
12.78623009,80.22081757,27271,27281,10
12.7862196,80.22039795,27281,27291,10
12.7863102,80.22026062,27291,27301,10
12.78641033,80.22033691,27301,27311,10
12.78641987,80.22035217,27311,27321,10
12.78668976,80.22051239,27321,27331,10
12.78717995,80.22071838,27331,27342,11
12.78746033,80.22083282,27342,27352,10
12.78812981,80.22107697,27352,27362,10
12.78907013,80.22145081,27362,27372,10
12.7897501,80.22170258,27372,27382,10
12.79041958,80.22186279,27382,27392,10
12.79156017,80.22210693,27392,27402,10
12.79306984,80.22247314,27402,27412,10
12.79475975,80.22271729,27412,27423,11
12.7961998,80.22293854,27423,27433,10
12.79638958,80.22296906,27433,27443,10
12.7967701,80.22306061,27443,27453,10
12.79769039,80.22322083,27453,27463,10
12.79893017,80.22335815,27463,27473,10
12.80016994,80.22345734,27473,27483,10
12.80117989,80.22354889,27483,27493,10
12.80140018,80.22357941,27493,27504,11
12.8020401,80.22364807,27504,27514,10
12.80280018,80.22377014,27514,27524,10
12.80358982,80.22386169,27524,27534,10
12.80453014,80.22393799,27534,27544,10
12.80519962,80.22403717,27544,27554,10
12.80533028,80.22406769,27554,27564,10
12.80547047,80.22411346,27564,27574,10
12.80593014,80.22440338,27574,27585,11
12.80657959,80.22498322,27585,27595,10
12.8073101,80.22561646,27595,27605,10
12.80817032,80.22631836,27605,27615,10
12.80916023,80.22714233,27615,27625,10
12.81023979,80.22770691,27625,27635,10
12.81142998,80.22821045,27635,27645,10
12.81284046,80.22869873,27645,27655,10
12.81451988,80.22921753,27655,27666,11
12.81651974,80.22952271,27666,27676,10
12.81783962,80.22994995,27676,27686,10
12.81892014,80.23043823,27686,27696,10
12.81966972,80.23047638,27696,27706,10
12.81984043,80.23047638,27706,27716,10
12.81984997,80.23047638,27716,27726,10
12.82015991,80.23046875,27726,27737,11
12.82126045,80.23046112,27737,27747,10
12.82264996,80.23075867,27747,27757,10
12.82425976,80.23119354,27757,27767,10
12.82588005,80.23135376,27767,27777,10
12.82726955,80.23114014,27777,27787,10
12.82849979,80.23046875,27787,27797,10
12.82979965,80.22988129,27797,27807,10
12.83086014,80.22943878,27807,27818,11
12.83106041,80.22940063,27818,27828,10
12.83119965,80.22936249,27828,27838,10
12.83148003,80.22924805,27838,27848,10
12.83158016,80.22921753,27848,27858,10
12.83207989,80.22911835,27858,27868,10
12.83294964,80.22892761,27868,27878,10
12.83417988,80.22872162,27878,27888,10
12.83574963,80.22847748,27888,27899,11
12.83771038,80.22817993,27899,27909,10
12.83903027,80.2278595,27909,27919,10
12.83950043,80.22769165,27919,27929,10
12.83975029,80.22759247,27929,27939,10
12.84037018,80.22744751,27939,27949,10
12.84123993,80.22724152,27949,27959,10
12.84247971,80.22693634,27959,27969,10
12.84403038,80.22666168,27969,27980,11
12.84537029,80.22654724,27980,27990,10
12.84545994,80.22653961,27990,28000,10
12.84562969,80.22653198,28000,28010,10
12.84622955,80.2265625,28010,28020,10
12.84739971,80.2265625,28020,28030,10
12.84891033,80.22653198,28030,28040,10
12.85070992,80.22653961,28040,28050,10
12.85270977,80.22663879,28050,28061,11
12.85492992,80.22647095,28061,28071,10
12.85680008,80.22627258,28071,28081,10
12.85814953,80.22618866,28081,28091,10
12.85935974,80.22628784,28091,28101,10
12.86063957,80.22648621,28101,28111,10
12.86083984,80.22650146,28111,28121,10
12.8611002,80.22653961,28121,28131,10
12.86196995,80.22651672,28131,28142,11
12.86349964,80.22647095,28142,28152,10
12.86522961,80.2265625,28152,28162,10
12.86701012,80.22644806,28162,28172,10
12.86900043,80.22637939,28172,28182,10
12.87102032,80.22660065,28182,28192,10
12.8725996,80.22660828,28192,28202,10
12.87277985,80.22662354,28202,28212,10
12.87306976,80.22664642,28212,28223,11
12.8740797,80.22672272,28223,28233,10
12.87534046,80.22688293,28233,28243,10
12.87654018,80.22689819,28243,28253,10
12.87675953,80.22688293,28253,28263,10
12.87695026,80.22689819,28263,28273,10
12.87788963,80.2268219,28273,28283,10
12.87919998,80.22672272,28283,28294,11
12.88094044,80.2266922,28294,28304,10
12.88272953,80.22666168,28304,28314,10
12.88442039,80.22662354,28314,28324,10
12.88519001,80.22663879,28324,28334,10
12.88525963,80.22663879,28334,28344,10
12.8858099,80.22676086,28344,28354,10
12.88661957,80.22698975,28354,28364,10
12.88823986,80.22727203,28364,28375,11
12.88978958,80.22730255,28375,28385,10
12.89109039,80.22733307,28385,28395,10
12.89221001,80.22734833,28395,28405,10
12.89361954,80.22747803,28405,28415,10
12.89515972,80.22762299,28415,28425,10
12.89680004,80.22766876,28425,28435,10
12.89846039,80.22775269,28435,28445,10
12.89993954,80.22782898,28445,28456,11
12.90085983,80.2278595,28456,28476,20
12.90093994,80.22776794,28476,28516,40
12.90093994,80.22776794,28516,28526,10
12.90106964,80.22789764,28526,28537,11
12.90139008,80.22794342,28537,28547,10
12.9022398,80.22795868,28547,28557,10
12.90266037,80.22799683,28557,28567,10
12.90272045,80.22801971,28567,28577,10
12.90328979,80.2280426,28577,28587,10
12.90419006,80.22808838,28587,28597,10
12.90515041,80.22814941,28597,28607,10
12.90620041,80.2281723,28607,28618,11
12.90662003,80.22817993,28618,28628,10
12.90668964,80.22817993,28628,28638,10
12.90701962,80.2282486,28638,28648,10
12.90729046,80.22831726,28648,28658,10
12.90810013,80.22846985,28658,28668,10
12.9092598,80.22863007,28668,28677,9
12.91042995,80.2288208,28677,28689,12
12.91215038,80.22905731,28689,28699,10
12.91415977,80.2293396,28699,28719,20
12.91415977,80.2293396,28719,28729,10
12.91442013,80.22944641,28729,28739,10
12.91512012,80.22953796,28739,28749,10
12.91633034,80.22969818,28749,28759,10
12.9175396,80.2298584,28759,28770,11
12.91897964,80.23001862,28770,28780,10
12.92035961,80.23017883,28780,28790,10
12.92173958,80.23034668,28790,28800,10
12.9231596,80.23059082,28800,28810,10
12.92461014,80.2307663,28810,28820,10
12.92593956,80.23092651,28820,28830,10
12.92644024,80.23097229,28830,28840,10
12.92660046,80.23097992,28840,28851,11
12.92728043,80.23105621,28851,28861,10
12.9282198,80.23117828,28861,28871,10
12.92908955,80.2313385,28871,28881,10
12.93019962,80.2315979,28881,28891,10
12.93150043,80.23197937,28891,28901,10
12.93286991,80.23240662,28901,28911,10
12.93365002,80.23272705,28911,28921,10
12.93369961,80.23277283,28921,28932,11
12.93389988,80.23296356,28932,28942,10
12.93467999,80.23327637,28942,28952,10
12.93554974,80.23365784,28952,28962,10
12.93572998,80.23374939,28962,28972,10
12.93591976,80.23384857,28972,28982,10
12.93663979,80.23416901,28982,28992,10
12.93760014,80.23462677,28992,29002,10
12.93859959,80.23510742,29002,29013,11
12.93964005,80.23560333,29013,29023,10
12.93970966,80.23564911,29023,29033,10
12.93980026,80.23571014,29033,29043,10
12.94036961,80.23590088,29043,29053,10
12.94124985,80.23612213,29053,29063,10
12.9423399,80.23638916,29063,29073,10
12.94336987,80.23697662,29073,29083,10
12.94419003,80.23790741,29083,29094,11
12.94501972,80.23882294,29094,29104,10
12.94639015,80.23961639,29104,29114,10
12.94721985,80.23995209,29114,29124,10
12.94723988,80.23995972,29124,29134,10
12.94754028,80.24008942,29134,29144,10
12.94816017,80.24034119,29144,29154,10
12.94876957,80.24060059,29154,29164,10
12.94917965,80.2407608,29164,29175,11
12.95001984,80.24101257,29175,29185,10
12.95088959,80.24130249,29185,29195,10
12.95108032,80.24136353,29195,29205,10
12.95110035,80.24136353,29205,29215,10
12.95154953,80.24152374,29215,29225,10
12.9523201,80.24181366,29225,29235,10
12.95328999,80.2421875,29235,29246,11
12.9544096,80.24262238,29246,29256,10
12.95512962,80.24291229,29256,29266,10
12.95586967,80.24314117,29266,29276,10
12.95635033,80.24330139,29276,29286,10
12.95635986,80.24330139,29286,29296,10
12.95693016,80.2435379,29296,29306,10
12.95779991,80.24398041,29306,29316,10
12.95870018,80.24436188,29316,29327,11
12.9588604,80.24446869,29327,29337,10
12.95893955,80.24459839,29337,29347,10
12.95923042,80.24469757,29347,29357,10
12.95989037,80.24497986,29357,29367,10
12.9609499,80.24545288,29367,29377,10
12.96228027,80.24607849,29377,29387,10
12.96360016,80.24672699,29387,29397,10
12.96479034,80.24716949,29397,29408,11
12.96580982,80.24749756,29408,29418,10
12.96664047,80.24783325,29418,29438,20
12.96664047,80.24783325,29438,29448,10
12.96671963,80.24786377,29448,29458,10
12.96712971,80.24807739,29458,29468,10
12.96786976,80.24842072,29468,29478,10
12.96893024,80.24889374,29478,29489,11
12.96996021,80.24931335,29489,29499,10
12.97103977,80.24967957,29499,29509,10
12.97216034,80.24997711,29509,29519,10
12.97325993,80.25028229,29519,29529,10
12.97439003,80.25058746,29529,29539,10
12.97552967,80.25090027,29539,29549,10
12.97671032,80.25124359,29549,29560,11
12.9778204,80.25180817,29560,29570,10
12.97846985,80.25229645,29570,29580,10
12.97850037,80.25231934,29580,29590,10
12.97887039,80.25251007,29590,29600,10
12.97990036,80.25269318,29600,29661,61
12.97990036,80.25269318,29661,29671,10
12.98023033,80.25273895,29671,29681,10
12.98095036,80.25270844,29681,29691,10
12.98198032,80.25263977,29691,29701,10
12.98320007,80.25256348,29701,29711,10
12.98443985,80.25227356,29711,29722,11
12.9857502,80.25192261,29722,29732,10
12.98663044,80.25167847,29732,29742,10
12.98688984,80.25160217,29742,29752,10
12.98719978,80.25150299,29752,29762,10
12.98779011,80.25134277,29762,29772,10
12.98863029,80.25113678,29772,29782,10
12.98952007,80.25089264,29782,29792,10
12.98962975,80.25086212,29792,29803,11
12.99009991,80.25076294,29803,29813,10
12.99083042,80.25057983,29813,29823,10
12.99176979,80.25034332,29823,29833,10
12.99281025,80.25009918,29833,29843,10
12.99392986,80.24980164,29843,29853,10
12.99510002,80.24951172,29853,29863,10
12.99625969,80.24919128,29863,29873,10
12.99682045,80.2490387,29873,29884,11
12.99697971,80.24902344,29884,29894,10
12.99755955,80.24889374,29894,29904,10
12.99845028,80.24865723,29904,29914,10
12.99944019,80.24842072,29914,29924,10
13.00049019,80.24815369,29924,29934,10
13.00166035,80.24786377,29934,29944,10
13.00257969,80.24764252,29944,29954,10
13.00364971,80.24745941,29954,29965,11
13.00498009,80.24727631,29965,29975,10
13.0060997,80.24697876,29975,29985,10
13.00650978,80.24652863,29985,29995,10
13.00654984,80.24646759,29995,30005,10
13.00664997,80.24597931,30005,30015,10
13.00664997,80.24523163,30015,30025,10
13.00664043,80.24450684,30025,30035,10
13.00662994,80.24395752,30035,30046,11
13.00658035,80.24317932,30046,30056,10
13.00656986,80.24227905,30056,30066,10
13.00658035,80.24128723,30066,30076,10
13.00664043,80.24051666,30076,30086,10
13.00673008,80.24017334,30086,30096,10
13.0068903,80.23961639,30096,30106,10
13.00706005,80.23853302,30106,30116,10
13.00726986,80.23764801,30116,30127,11
13.00739956,80.23686981,30127,30137,10
13.00743008,80.23674774,30137,30147,10
13.00749969,80.23657227,30147,30157,10
13.00761032,80.23619843,30157,30167,10
13.00772953,80.23554993,30167,30177,10
13.00786018,80.23497009,30177,30187,10
13.00796032,80.23439026,30187,30196,9
13.00811005,80.23348236,30196,30208,12
13.00839996,80.23201752,30208,30218,10
13.00866032,80.23081207,30218,30228,10
13.00891972,80.22953033,30228,30238,10
13.00914955,80.22831726,30238,30248,10
13.00957966,80.22731781,30248,30258,10
13.01006031,80.22627258,30258,30268,10
13.01049995,80.22530365,30268,30279,11
13.01105976,80.22418976,30279,30289,10
13.01142025,80.22335052,30289,30299,10
13.01161003,80.22289276,30299,30309,10
13.01191044,80.22206116,30309,30319,10
13.01228046,80.22147369,30319,30329,10
13.01249981,80.22181702,30329,30338,9
13.01303005,80.22245026,30338,30349,11
13.01366043,80.22316742,30349,30360,11
13.01449966,80.22415161,30360,30370,10
13.01508045,80.22467804,30370,30380,10
13.01523018,80.22486115,30380,30390,10
13.01535034,80.22498322,30390,30400,10
13.01566029,80.22525024,30400,30410,10
13.01640034,80.22538757,30410,30420,10
13.01723957,80.22512054,30420,30430,10
13.01821995,80.22470856,30430,30441,11
13.01963043,80.22442627,30441,30461,20
13.01963043,80.22442627,30461,30471,10
13.01984024,80.22457886,30471,30481,10
13.02029037,80.22492218,30481,30491,10
13.02089977,80.22535706,30491,30501,10
13.02140999,80.22575378,30501,30511,10
13.0220499,80.22621918,30511,30522,11
13.02252007,80.22662354,30522,30532,10
13.0225296,80.22662354,30532,30542,10
13.02280998,80.22689056,30542,30554,12
13.02330971,80.22736359,30554,30564,10
13.02427959,80.2283783,30564,30595,31
13.02427959,80.2283783,30595,30605,10
13.02447033,80.22863007,30605,30615,10
13.02482033,80.22914124,30615,30625,10
13.02546024,80.23000336,30625,30635,10
13.02591991,80.23085785,30635,30645,10
13.02610016,80.23152161,30645,30655,10
13.02630043,80.23232269,30655,30665,10
13.02651978,80.23290253,30665,30676,11
13.02682972,80.23345184,30676,30686,10
13.0272398,80.23406219,30686,30696,10
13.0276804,80.23484039,30696,30706,10
13.02814007,80.23557281,30706,30716,10
13.02884007,80.23634338,30716,30726,10
13.02931976,80.23686218,30726,30736,10
13.02935028,80.23690796,30736,30746,10
13.02945995,80.23713684,30746,30757,11
13.02984047,80.23764038,30757,30767,10
13.03044987,80.23866272,30767,30777,10
13.03110981,80.23970795,30777,30827,50
13.03110981,80.23970795,30827,30838,11
13.03120041,80.23989105,30838,30848,10
13.03139973,80.24051666,30848,30858,10
13.03168964,80.24128723,30858,30868,10
13.03205013,80.24205017,30868,30878,10
13.03262043,80.24269104,30878,30888,10
13.03316975,80.24350739,30888,30898,10
13.03376007,80.24436188,30898,30908,10
13.03415966,80.24488068,30908,30919,11
13.03474045,80.24562073,30919,30929,10
13.03549957,80.24607849,30929,30939,10
13.03582954,80.24620056,30939,30949,10
13.03598022,80.24633026,30949,30959,10
13.03664017,80.24649048,30959,30969,10
13.03738022,80.24649048,30969,30979,10
13.03783989,80.24649811,30979,30989,10
13.03845978,80.24665833,30989,31000,11
13.03913021,80.24685669,31000,31010,10
13.03944969,80.24694824,31010,31020,10
13.04014015,80.24710083,31020,31030,10
13.04108047,80.24729156,31030,31040,10
13.04197979,80.24745941,31040,31050,10
13.04265022,80.24768066,31050,31060,10
13.04337025,80.24797058,31060,31071,11
13.04405975,80.24786377,31071,31081,10
13.0446701,80.24796295,31081,31091,10
13.04518032,80.24822998,31091,31101,10
13.04586029,80.24855042,31101,31111,10
13.04666042,80.24855804,31111,31121,10
13.04710007,80.2485199,31121,31131,10
13.04749966,80.24874115,31131,31141,10
13.04800987,80.2492218,31141,31152,11
13.04854012,80.24964905,31152,31162,10
13.04944038,80.24980927,31162,31172,10
13.05041027,80.25,31172,31182,10
13.05140972,80.25023651,31182,31192,10
13.05218983,80.25080109,31192,31202,10
13.05280018,80.25158691,31202,31212,10
13.05346012,80.25247955,31212,31222,10
13.05410004,80.25337982,31222,31233,11
13.05484009,80.25434113,31233,31243,10
13.05556011,80.25527954,31243,31253,10
13.05611992,80.256073,31253,31263,10
13.05655956,80.25662994,31263,31273,10
13.05729008,80.25730133,31273,31283,10
13.0578804,80.25787354,31283,31293,10
13.05834007,80.25849915,31293,31303,10
13.05897045,80.2592392,31303,31314,11
13.05951023,80.26004791,31314,31324,10
13.05990982,80.26029968,31324,31334,10
13.06037045,80.26087189,31334,31344,10
13.06062984,80.26126099,31344,31354,10
13.06068993,80.2614212,31354,31364,10
13.06105042,80.26193237,31364,31374,10
13.06175995,80.26268005,31374,31384,10
13.06247997,80.26351929,31384,31395,11
13.06330013,80.26451874,31395,31405,10
13.06377029,80.26528931,31405,31415,10
13.06416035,80.26593018,31415,31425,10
13.06478024,80.2665863,31425,31435,10
13.06521988,80.26699829,31435,31445,10
13.06567955,80.26737976,31445,31454,9
13.06577015,80.26750183,31454,31465,11
13.06618023,80.26805878,31465,31476,11
13.0667696,80.26850891,31476,31486,10
13.06739998,80.2689209,31486,31496,10
13.06803989,80.26931,31496,31506,10
13.0682497,80.26959991,31506,31516,10
13.06820965,80.27028656,31516,31526,10
13.06812,80.27100372,31526,31536,10
13.06830978,80.2716217,31536,31547,11
13.06886005,80.27197266,31547,31557,10
13.06937027,80.27229309,31557,31567,10
13.06984043,80.27278137,31567,31576,9
13.07040024,80.27346039,31576,31587,11
13.07091045,80.27404022,31587,31597,10
13.07131958,80.27417755,31597,31607,10
13.07203007,80.27462769,31607,31617,10
13.07271957,80.27539063,31617,31628,11
13.07367039,80.27631378,31628,31638,10
13.07458019,80.27635193,31638,31648,10
13.07559967,80.27629089,31648,31658,10
13.07660007,80.27625275,31658,31668,10
13.07752037,80.27617645,31668,31678,10
13.07822037,80.27587128,31678,31688,10
13.07866001,80.27516174,31688,31698,10
13.0795002,80.2752533,31698,31709,11
13.08014965,80.27526855,31709,31719,10
13.08090019,80.27519989,31719,31729,10
13.08162022,80.27510834,31729,31739,10
13.08203983,80.27529907,31739,31850,111
13.08203983,80.27529907,31850,31860,10
13.08211994,80.27567291,31860,31871,11
13.08213997,80.27590179,31871,32124,253
13.08205986,80.27575684,32124,32185,61
13.0821104,80.27584076,32185,33380,1195
13.0821104,80.27584076,33380,33390,10
13.08181953,80.27606201,33390,33400,10
13.08183956,80.27645111,33400,33410,10
13.08187962,80.27716064,33410,33420,10
13.08201027,80.27825928,33420,33431,11
13.08205032,80.27852631,33431,33441,10
13.08193016,80.27841187,33441,33451,10
13.08193016,80.27786255,33451,33461,10
13.08181,80.27720642,33461,33471,10
13.08176041,80.27677917,33471,33481,10
13.08174992,80.27661896,33481,33491,10
13.08174992,80.27633667,33491,33501,10
13.08172035,80.27619171,33501,33512,11
13.08160019,80.27584076,33512,33552,40
13.08160019,80.27584076,33552,33562,10
13.08154011,80.27549744,33562,33633,71
13.08154011,80.27549744,33633,33643,10
13.08117962,80.27519989,33643,33653,10
13.08080006,80.27528381,33653,33663,10
13.0803299,80.27532959,33663,33674,11
13.0797596,80.27536011,33674,33684,10
13.07911968,80.27523041,33684,33694,10
13.07847023,80.27528381,33694,33704,10
13.07818031,80.27596283,33704,33714,10
13.0775404,80.27622986,33714,33724,10
13.07676029,80.27633667,33724,33734,10
13.07594013,80.27638245,33734,33744,10
13.07532978,80.27635956,33744,33755,11
13.07503033,80.27641296,33755,33765,10
13.07474041,80.27635956,33765,33775,10
13.07398033,80.27645111,33775,33805,30
13.07398033,80.27645111,33805,33815,10
13.07386971,80.27644348,33815,33826,11
13.0734396,80.27633667,33826,33836,10
13.07301998,80.27580261,33836,33846,10
13.07234001,80.2750473,33846,33856,10
13.07161999,80.27455139,33856,33866,10
13.07096004,80.27443695,33866,33876,10
13.0708704,80.27439117,33876,33886,10
13.07079983,80.27433777,33886,33896,10
13.07059956,80.27403259,33896,33907,11
13.07038021,80.27352142,33907,33917,10
13.06993961,80.27297974,33917,33927,10
13.06943035,80.27242279,33927,33937,10
13.06865978,80.27200317,33937,33977,40
13.06865978,80.27200317,33977,33988,11
13.06834984,80.2718277,33988,33998,10
13.06805992,80.271492,33998,34008,10
13.0678196,80.27097321,34008,34018,10
13.06733036,80.27050781,34018,34028,10
13.06672001,80.26988983,34028,34038,10
13.06641006,80.26883698,34038,34048,10
13.06616974,80.26822662,34048,34058,10
13.06569958,80.26772308,34058,34069,11
13.06523037,80.26757813,34069,34079,10
13.0649004,80.26751709,34079,34089,10
13.0649004,80.26751709,34089,34099,10
13.06425953,80.26746368,34099,34109,10
13.06354046,80.26734924,34109,34119,10
13.06282997,80.26721954,34119,34129,10
13.06229973,80.26661682,34129,34139,10
13.06171989,80.26586914,34139,34151,12
13.06153965,80.26570129,34151,34161,10
13.0610199,80.2651825,34161,34171,10
13.06056976,80.26537323,34171,34181,10
13.0605402,80.26538086,34181,34191,10
13.06035995,80.26548004,34191,34201,10
13.05976009,80.26557922,34201,34211,10
13.0591898,80.26547241,34211,34221,10
13.05863953,80.26537323,34221,34232,11
13.05815029,80.26509094,34232,34242,10
13.05803967,80.26442719,34242,34252,10
13.05793953,80.26355743,34252,34262,10
13.0578804,80.26274872,34262,34272,10
13.05774021,80.26213074,34272,34282,10
13.05755997,80.26132202,34282,34292,10
13.05729961,80.26042938,34292,34303,11
13.05694008,80.2593689,34303,34313,10
13.05667019,80.25850677,34313,34323,10
13.05657959,80.25785828,34323,34333,10
13.05652046,80.25740051,34333,34343,10
13.05650997,80.25736237,34343,34353,10
13.05636978,80.25685883,34353,34363,10
13.05601978,80.25611115,34363,34373,10
13.05548,80.25531769,34373,34384,11
13.05484009,80.25435638,34384,34394,10
13.05418968,80.25347137,34394,34404,10
13.05358028,80.25261688,34404,34414,10
13.05296993,80.25179291,34414,34424,10
13.05243015,80.25106049,34424,34434,10
13.05181026,80.25039673,34434,34444,10
13.05088997,80.25000763,34444,34454,10
13.04975986,80.24980927,34454,34465,11
13.04866982,80.2497406,34465,34475,10
13.04769039,80.24904633,34475,34485,10
13.04701042,80.24864197,34485,34495,10
13.04695034,80.2486496,34495,34505,10
13.04664993,80.24858093,34505,34515,10
13.04586983,80.2483902,34515,34525,10
13.04498005,80.24807739,34525,34535,10
13.04403019,80.24793243,34535,34546,11
13.04306984,80.24780273,34546,34556,10
13.04226017,80.24758148,34556,34566,10
13.0417099,80.24745941,34566,34576,10
13.04094028,80.24726868,34576,34586,10
13.03971958,80.24710846,34586,34637,51
13.03971958,80.24710846,34637,34647,10
13.03925991,80.2469635,34647,34657,10
13.03864956,80.24672699,34657,34667,10
13.03787994,80.2466507,34667,34677,10
13.03730011,80.24658203,34677,34687,10
13.03635025,80.24643707,34687,34697,10
13.03592968,80.24629211,34697,34708,11
13.03559017,80.24610901,34708,34718,10
13.03534031,80.2460022,34718,34728,10
13.03532982,80.24597931,34728,34738,10
13.03512001,80.24584961,34738,34748,10
13.0348196,80.24555969,34748,34758,10
13.03450012,80.24507904,34758,34768,10
13.0339098,80.24440002,34768,34778,10
13.03316021,80.24356842,34778,34789,11
13.03240013,80.24256134,34789,34799,10
13.03188038,80.24170685,34799,34809,10
13.03143024,80.24073029,34809,34819,10
13.03106976,80.23983765,34819,34829,10
13.03057957,80.23889923,34829,34839,10
13.03003025,80.23787689,34839,34849,10
13.02945042,80.23706055,34849,34859,10
13.02910042,80.23673248,34859,34870,11
13.02902985,80.23664093,34870,34880,10
13.02867985,80.23622131,34880,34890,10
13.02814007,80.23555756,34890,34900,10
13.02756023,80.23464966,34900,34910,10
13.0269804,80.23371887,34910,34920,10
13.02670002,80.23326874,34920,34930,10
13.02647018,80.23284149,34930,34940,10
13.0262804,80.2322998,34940,34951,11
13.02612972,80.23165131,34951,34961,10
13.02598,80.23105621,34961,34971,10
13.02563,80.23023224,34971,34981,10
13.0250597,80.22949982,34981,34991,10
13.02484989,80.22926331,34991,35001,10
13.02476025,80.22914124,35001,35011,10
13.02460003,80.22891998,35011,35022,11
13.02425003,80.22849274,35022,35032,10
13.02340984,80.22756195,35032,35072,40
13.02340984,80.22756195,35072,35082,10
13.02289009,80.22714996,35082,35092,10
13.02231979,80.22653198,35092,35103,11
13.02159977,80.22593689,35103,35113,10
13.02093029,80.22535706,35113,35123,10
13.02003002,80.22476959,35123,35133,10
13.01893997,80.22442627,35133,35143,10
13.01782036,80.22483063,35143,35153,10
13.01679039,80.22527313,35153,35163,10
13.01634026,80.22550964,35163,35173,10
13.01574039,80.22570038,35173,35184,11
13.01504993,80.22599792,35184,35194,10
13.01449966,80.22622681,35194,35224,30
13.01449966,80.22622681,35224,35234,10
13.01401997,80.22624207,35234,35244,10
13.01342964,80.22657013,35244,35254,10
13.01259041,80.2269516,35254,35265,11
13.01148033,80.22734833,35265,35275,10
13.01047993,80.22779083,35275,35285,10
13.00942993,80.2282486,35285,35295,10
13.00905991,80.22898102,35295,35305,10
13.00883007,80.22995758,35305,35315,10
13.0086298,80.23101807,35315,35325,10
13.00841045,80.2321167,35325,35335,10
13.00819969,80.23352814,35335,35376,41
13.00819969,80.23352814,35376,35386,10
13.00813961,80.23377991,35386,35396,10
13.00804043,80.23423767,35396,35406,10
13.00790024,80.23487091,35406,35416,10
13.00774956,80.23570251,35416,35427,11
13.00751972,80.23681641,35427,35437,10
13.00732994,80.2378006,35437,35447,10
13.00720024,80.23860931,35447,35457,10
13.00701046,80.23940277,35457,35467,10
13.00693035,80.23999023,35467,35477,10
13.00691986,80.24002075,35477,35487,10
13.00687981,80.24019623,35487,35497,10
13.00681019,80.24063873,35497,35508,11
13.00677013,80.2408371,35508,35518,10
13.00675964,80.2410965,35518,35528,10
13.00673008,80.24172211,35528,35538,10
13.00667953,80.24268341,35538,35548,10
13.00667953,80.24342346,35548,35558,10
13.00658035,80.24443817,35558,35568,10
13.00662041,80.24542236,35568,35579,11
13.00669003,80.24616241,35579,35589,10
13.00673008,80.24645996,35589,35599,10
13.00675011,80.24684143,35599,35609,10
13.0061903,80.24738312,35609,35639,30
13.0061903,80.24738312,35639,35649,10
13.00601959,80.24732208,35649,35660,11
13.00545025,80.24729919,35660,35670,10
13.00467968,80.2473526,35670,35680,10
13.00372028,80.24745941,35680,35690,10
13.00267982,80.24764252,35690,35700,10
13.00172997,80.24786377,35700,35710,10
13.00072956,80.2481308,35710,35720,10
12.99967003,80.24839783,35720,35730,10
12.99806976,80.24886322,35730,35751,21
12.99806976,80.24886322,35751,35761,10
12.99767017,80.24890137,35761,35771,10
12.99687958,80.24906921,35771,35781,10
12.99582005,80.24935913,35781,35791,10
12.99458981,80.24970245,35791,35801,10
12.99355984,80.24997711,35801,35822,21
12.99355984,80.24997711,35822,35832,10
12.99316025,80.25002289,35832,35842,10
12.99254036,80.25019073,35842,35852,10
12.99174023,80.25036621,35852,35862,10
12.99112034,80.25054932,35862,35903,41
12.99112034,80.25054932,35903,35913,10
12.99081039,80.25057983,35913,35923,10
12.99018955,80.25074768,35923,35933,10
12.98931026,80.25099182,35933,35943,10
12.98834038,80.25128937,35943,36024,81
12.98834038,80.25128937,36024,36034,10
12.98791027,80.2513504,36034,36044,10
12.98744011,80.25145721,36044,36055,11
12.98661995,80.25170135,36055,36065,10
12.98589039,80.25189972,36065,36075,10
12.98499966,80.2521286,36075,36085,10
12.98396969,80.25240326,36085,36095,10
12.98316002,80.25257874,36095,36105,10
12.9819603,80.25266266,36105,36115,10
12.98101044,80.25267792,36115,36125,10
12.98040009,80.25272369,36125,36136,11
12.98034954,80.25273895,36136,36146,10
12.98017979,80.25272369,36146,36156,10
12.97976017,80.25269318,36156,36166,10
12.97929955,80.25263977,36166,36176,10
12.9787302,80.25257111,36176,36186,10
12.9785099,80.25251007,36186,36196,10
12.97842026,80.25241852,36196,36206,10
12.97797966,80.25205994,36206,36217,11
12.97708988,80.25138092,36217,36227,10
12.97579956,80.25099182,36227,36237,10
12.97455025,80.25064087,36237,36247,10
12.97354031,80.25035858,36247,36257,10
12.97237015,80.25003815,36257,36267,10
12.97109985,80.24970245,36267,36277,10
12.96994019,80.24931335,36277,36287,10
12.96877956,80.24884033,36287,36298,11
12.96761036,80.24835968,36298,36308,10
12.96697044,80.24810028,36308,36318,10
12.96652031,80.24784088,36318,36328,10
12.96516037,80.24729919,36328,36358,30
12.96516037,80.24729919,36358,36368,10
12.96502972,80.24723053,36368,36379,11
12.96498013,80.24720764,36379,36389,10
12.96450996,80.24703979,36389,36399,10
12.96405983,80.24688721,36399,36409,10
12.96389961,80.24684906,36409,36419,10
12.96339989,80.24661255,36419,36429,10
12.96259022,80.24620819,36429,36439,10
12.96170044,80.2457962,36439,36449,10
12.96076012,80.24533844,36449,36460,11
12.95975018,80.24491882,36460,36470,10
12.95952034,80.24479675,36470,36480,10
12.95940018,80.24472809,36480,36490,10
12.95882988,80.24443817,36490,36500,10
12.95794964,80.24407196,36500,36510,10
12.95711994,80.24381256,36510,36520,10
12.95641994,80.2435379,36520,36541,21
12.95641994,80.2435379,36541,36551,10
12.9563303,80.24350739,36551,36561,10
12.95575047,80.24326324,36561,36571,10
12.95479965,80.24282074,36571,36581,10
12.95370007,80.24237061,36581,36591,10
12.95258999,80.24189758,36591,36601,10
12.95182037,80.24166107,36601,36612,11
12.95180988,80.24165344,36612,36622,10
12.95166969,80.24153137,36622,36632,10
12.95104027,80.24128723,36632,36642,10
12.95001984,80.24101257,36642,36652,10
12.94919968,80.24078369,36652,36672,20
12.94919968,80.24078369,36672,36682,10
12.94908047,80.2407608,36682,36693,11
12.94845963,80.24051666,36693,36703,10
12.94721985,80.24001312,36703,36733,30
12.94721985,80.24001312,36733,36743,10
12.94711018,80.23993683,36743,36753,10
12.94649982,80.23969269,36753,36763,10
12.94556046,80.23930359,36763,36774,11
12.94437981,80.2383728,36774,36784,10
12.94328022,80.23710632,36784,36794,10
12.94161034,80.23631287,36794,36804,10
12.94009972,80.23589325,36804,36814,10
12.93978024,80.23577881,36814,36824,10
12.93966007,80.23570251,36824,36834,10
12.93902969,80.23535919,36834,36844,10
12.93797016,80.23484039,36844,36855,11
12.93657017,80.23420715,36855,36865,10
12.93581963,80.23387909,36865,36875,10
12.93562031,80.2337265,36875,36885,10
12.93496037,80.23343658,36885,36895,10
12.93397999,80.23303986,36895,36905,10
12.93387985,80.23297882,36905,36915,10
12.93365002,80.23282623,36915,36925,10
12.93292046,80.23252106,36925,36936,11
12.93169022,80.2321167,36936,36946,10
12.93031979,80.23166656,36946,36956,10
12.92926025,80.23139954,36956,36966,10
12.92803955,80.23119354,36966,36976,10
12.92685986,80.23105621,36976,36986,10
12.92617035,80.23098755,36986,36996,10
12.92601967,80.23097229,36996,37006,10
12.92535019,80.23088074,37006,37017,11
12.92418003,80.23074341,37017,37027,10
12.92284012,80.23053741,37027,37037,10
12.9212904,80.23030853,37037,37047,10
12.91969013,80.2301178,37047,37057,10
12.91835976,80.22994232,37057,37067,10
12.91716003,80.22984314,37067,37077,10
12.91621971,80.22966766,37077,37087,10
12.91545963,80.22955322,37087,37098,11
12.91456032,80.22936249,37098,37108,10
12.91362953,80.22927856,37108,37118,10
12.91345024,80.22927094,37118,37128,10
12.9133997,80.22921753,37128,37138,10
12.91287041,80.22914124,37138,37148,10
12.91184044,80.22897339,37148,37158,10
12.91075039,80.22884369,37158,37169,11
12.90937042,80.22865295,37169,37179,10
12.90787029,80.22840881,37179,37189,10
12.90684986,80.22831726,37189,37250,61
12.90684986,80.22831726,37250,37260,10
12.90639019,80.22825623,37260,37270,10
12.90550041,80.22814941,37270,37280,10
12.90423965,80.22808075,37280,37290,10
12.90277004,80.2280426,37290,37300,10
12.90165997,80.2279892,37300,37310,10
12.90124035,80.22801971,37310,37331,21
12.90124035,80.22801971,37331,37341,10
12.90083027,80.22794342,37341,37351,10
12.90023994,80.2279129,37351,37361,10
12.89960003,80.22786713,37361,37371,10
12.89916992,80.22785187,37371,37381,10
12.89916039,80.22785187,37381,37391,10
12.89908028,80.22779846,37391,37401,10
12.89865017,80.22776794,37401,37412,11
12.89778042,80.2277298,37412,37422,10
12.89682007,80.22767639,37422,37432,10
12.89585972,80.22763824,37432,37442,10
12.89498997,80.22762299,37442,37452,10
12.89393997,80.22756195,37452,37462,10
12.89282036,80.22743988,37462,37472,10
12.89183998,80.2273407,37472,37482,10
12.89064026,80.22734833,37482,37493,11
12.88914967,80.2273407,37493,37503,10
12.88780022,80.22727966,37503,37513,10
12.88661003,80.2270813,37513,37523,10
12.8853302,80.22676849,37523,37533,10
12.88486004,80.22672272,37533,37543,10
12.88479996,80.2266922,37543,37553,10
12.88432026,80.22667694,37553,37563,10
12.88346004,80.22667694,37563,37574,11
12.88226986,80.22669983,37574,37584,10
12.88101006,80.22669983,37584,37594,10
12.87959957,80.22672272,37594,37604,10
12.87808037,80.2268219,37604,37614,10
12.87693977,80.22692871,37614,37624,10
12.87650967,80.22693634,37624,37634,10
12.87639999,80.22693634,37634,37644,10
12.87586021,80.22693634,37644,37655,11
12.87483978,80.22686005,37655,37665,10
12.87359047,80.22673035,37665,37675,10
12.8726902,80.22673035,37675,37685,10
12.87267971,80.22672272,37685,37695,10
12.87252998,80.22666931,37695,37705,10
12.87193966,80.22666168,37705,37715,10
12.87084007,80.22660828,37715,37726,11
12.86927032,80.22644806,37726,37736,10
12.86756992,80.22640991,37736,37746,10
12.86573029,80.22659302,37746,37756,10
12.86415005,80.2265625,37756,37766,10
12.86201,80.22657776,37766,37776,10
12.86112976,80.22660828,37776,37786,10
12.86081028,80.22653961,37786,37796,10
12.86007023,80.22644043,37796,37807,11
12.85906029,80.22633362,37807,37817,10
12.85844994,80.22624207,37817,37827,10
12.85748005,80.22621918,37827,37837,10
12.85634041,80.22634888,37837,37847,10
12.85503006,80.22650146,37847,37857,10
12.85358047,80.22666168,37857,37867,10
12.85200024,80.2266922,37867,37877,10
12.85076046,80.22663116,37877,37888,11
12.85033989,80.22660065,37888,37898,10
12.85009956,80.2265625,37898,37908,10
12.84932041,80.22653961,37908,37918,10
12.84811974,80.22653961,37918,37928,10
12.84667969,80.2265625,37928,37938,10
12.84576035,80.22657776,37938,37948,10
12.84545994,80.22659302,37948,37958,10
12.84523964,80.22657776,37958,37969,11
12.84457016,80.22663116,37969,37979,10
12.84377956,80.22662354,37979,37989,10
12.84272957,80.22680664,37989,37999,10
12.84146023,80.22711945,37999,38009,10
12.84039974,80.22743988,38009,38019,10
12.83987999,80.22769165,38019,38029,10
12.83977032,80.22772217,38029,38039,10
12.8392601,80.22782135,38039,38050,11
12.83812046,80.2281189,38050,38060,10
12.83664989,80.22834015,38060,38070,10
12.8351202,80.2285614,38070,38080,10
12.83370972,80.22879791,38080,38090,10
12.83216,80.22911072,38090,38110,20
12.83216,80.22911072,38110,38120,10
12.83209038,80.22910309,38120,38131,11
12.8315897,80.22921753,38131,38141,10
12.83086014,80.22943878,38141,38151,10
12.82989025,80.22982788,38151,38161,10
12.82878971,80.23029327,38161,38171,10
12.82773018,80.23088074,38171,38181,10
12.82656956,80.23130035,38181,38191,10
12.82588959,80.23133087,38191,38201,10
12.82487011,80.2313385,38201,38212,11
12.82357025,80.23104095,38212,38222,10
12.82205009,80.23059845,38222,38232,10
12.8206501,80.23045349,38232,38242,10
12.81945038,80.23049164,38242,38252,10
12.81853962,80.23033905,38252,38262,10
12.8176899,80.22995758,38262,38272,10
12.81659031,80.22953033,38272,38283,11
12.81505013,80.22930145,38283,38293,10
12.81346989,80.2289505,38293,38303,10
12.81190014,80.2283783,38303,38313,10
12.81027985,80.22773743,38313,38323,10
12.80895042,80.22705841,38323,38333,10
12.80782032,80.22612,38333,38343,10
12.80698013,80.22538757,38343,38353,10
12.80622005,80.22473907,38353,38364,11
12.80543041,80.22412872,38364,38374,10
12.80502033,80.22399902,38374,38384,10
12.80500031,80.22399139,38384,38394,10
12.80480003,80.22393799,38394,38404,10
12.80408955,80.22390747,38404,38414,10
12.80323029,80.22380066,38414,38424,10
12.80212975,80.22373199,38424,38434,10
12.80095959,80.22361755,38434,38445,11
12.79969025,80.22348785,38445,38455,10
12.79848957,80.22325134,38455,38465,10
12.79718971,80.22310638,38465,38475,10
12.79605007,80.22296143,38475,38485,10
12.79582024,80.22293854,38485,38495,10
12.7957201,80.22292328,38495,38505,10
12.79526997,80.22281647,38505,38515,10
12.79438972,80.22265625,38515,38526,11
12.79314041,80.22245789,38526,38536,10
12.7918396,80.22219849,38536,38546,10
12.79051971,80.22187805,38546,38556,10
12.7895298,80.22161865,38556,38566,10
12.78890038,80.22138214,38566,38576,10
12.78808022,80.22104645,38576,38586,10
12.78746986,80.22083282,38586,38596,10
12.78693962,80.22064209,38596,38607,11
12.78676033,80.22058105,38607,38617,10
12.7865696,80.2204895,38617,38627,10
12.78629971,80.22038269,38627,38647,20
12.78629971,80.22038269,38647,38657,10
12.78592968,80.22020721,38657,38677,20
12.78592968,80.22020721,38677,38688,11
12.78579998,80.22016144,38688,38698,10
12.78567982,80.22010803,38698,38708,10
12.78563023,80.22007751,38708,38718,10
12.78547001,80.22000122,38718,38728,10
12.78524971,80.21987915,38728,38738,10
12.78470039,80.21959686,38738,38748,10
12.78458977,80.21954346,38748,38758,10
12.78417969,80.2193222,38758,38769,11
12.78339958,80.21885681,38769,38779,10
12.78248024,80.2183609,38779,38789,10
12.78143024,80.2177887,38789,38799,10
12.78028965,80.21717834,38799,38809,10
12.77910042,80.21653748,38809,38819,10
12.77783966,80.21591187,38819,38829,10
12.77655983,80.21537018,38829,38840,11
12.77515984,80.21481323,38840,38850,10
12.77394962,80.21431732,38850,38860,10
12.77266026,80.21381378,38860,38870,10
12.7712698,80.21331787,38870,38880,10
12.76988029,80.2128067,38880,38890,10
12.76838017,80.21225739,38890,38900,10
12.76681995,80.21170044,38900,38910,10
12.76521969,80.21112061,38910,38921,11
12.76342964,80.21045685,38921,38931,10
12.76173973,80.20980835,38931,38941,10
12.76029015,80.20909882,38941,38951,10
12.75981998,80.2088623,38951,38961,10
12.75967026,80.20876312,38961,38971,10
12.75905991,80.20842743,38971,38981,10
12.75811005,80.20790863,38981,38991,10
12.7568903,80.20723724,38991,39002,11
12.75537968,80.20639038,39002,39012,10
12.7539196,80.20558167,39012,39022,10
12.75245953,80.2048111,39022,39032,10
12.75129032,80.20419312,39032,39042,10
12.75010967,80.20358276,39042,39052,10
12.74880028,80.20290375,39052,39062,10
12.74752998,80.20224762,39062,39072,10
12.7462101,80.20157623,39072,39083,11
12.7448101,80.20079803,39083,39093,10
12.74384022,80.19982147,39093,39103,10
12.74283981,80.19866943,39103,39113,10
12.74174023,80.1973114,39113,39123,10
12.74073982,80.19589233,39123,39133,10
12.73970032,80.19445801,39133,39143,10
12.7387104,80.19309235,39143,39153,10
12.73773956,80.19200897,39153,39164,11
12.73666,80.19093323,39164,39174,10
12.73569012,80.19000244,39174,39184,10
12.73458004,80.18952942,39184,39194,10
12.73342037,80.18945313,39194,39204,10
12.73241997,80.18929291,39204,39214,10
12.73145008,80.18911743,39214,39224,10
12.73064995,80.18907166,39224,39234,10
12.73015022,80.1889801,39234,39245,11
12.72980976,80.18895721,39245,39255,10
12.72951984,80.1889267,39255,39265,10
12.72908974,80.18891907,39265,39275,10
12.72840023,80.18876648,39275,39285,10
12.72743988,80.18847656,39285,39295,10
12.72634029,80.18820953,39295,39305,10
12.72550011,80.18804932,39305,39315,10
12.72507954,80.18800354,39315,39326,11
12.72507,80.18800354,39326,39336,10
12.72480965,80.18795776,39336,39346,10
12.72420979,80.18782806,39346,39356,10
12.72367001,80.18768311,39356,39366,10
12.72309017,80.18753052,39366,39376,10
12.72245979,80.18734741,39376,39386,10
12.72227955,80.18747711,39386,39417,31
12.72227955,80.18747711,39417,39427,10
12.72196007,80.18786621,39427,39447,20
12.72210026,80.18773651,39447,41119,1672
12.72220993,80.18755341,41119,41455,336
12.72214031,80.18775177,41455,41546,91
12.72214031,80.18775177,41546,41556,10
12.72212982,80.18739319,41556,42093,537
12.72212982,80.18739319,42093,42103,10
12.72226048,80.18730164,42103,42113,10
12.72245026,80.18733215,42113,42123,10
12.7227602,80.18739319,42123,42134,11
12.72288036,80.18740845,42134,42144,10
12.72325039,80.18746185,42144,42154,10
12.72348976,80.18753052,42154,42164,10
12.72362041,80.18759918,42164,42174,10
12.72422028,80.18778229,42174,42184,10
12.72461987,80.18785858,42184,42194,10
12.72513008,80.18795776,42194,42204,10
12.72609043,80.18811798,42204,42215,11
12.72737026,80.18843079,42215,42225,10
12.72826004,80.18868256,42225,42235,10
12.72916985,80.18891907,42235,42245,10
12.72968006,80.18894196,42245,42255,10
12.72970963,80.18894196,42255,42265,10
12.73009014,80.18895721,42265,42275,10
12.73064041,80.18904114,42275,42285,10
12.73165035,80.18914032,42285,42296,11
12.7330904,80.18939209,42296,42306,10
12.73449993,80.1894989,42306,42316,10
12.73579979,80.1900177,42316,42326,10
12.73628044,80.19048309,42326,42336,10
12.73643017,80.19064331,42336,42346,10
12.73705006,80.19126892,42346,42356,10
12.73801041,80.19223022,42356,42366,10
12.73906994,80.19351196,42366,42377,11
12.74030018,80.19519806,42377,42387,10
12.74135971,80.1966629,42387,42397,10
12.74215031,80.19779205,42397,42407,10
12.74322033,80.1989975,42407,42417,10
12.74440002,80.20040131,42417,42427,10
12.74604988,80.20147705,42427,42437,10
12.7478199,80.20239258,42437,42447,10
12.74960995,80.20332336,42447,42458,11
12.75129032,80.2041626,42458,42468,10
12.75144005,80.20423126,42468,42478,10
12.75160027,80.20429993,42478,42488,10
12.75214005,80.20458984,42488,42498,10
12.75304031,80.20504761,42498,42508,10
12.75409031,80.20561981,42508,42518,10
12.75531006,80.2062912,42518,42528,10
12.75667,80.20706177,42528,42539,11
12.75833035,80.20797729,42539,42549,10
12.75979996,80.20877075,42549,42559,10
12.76093006,80.20935822,42559,42569,10
12.76233006,80.21000671,42569,42579,10
12.76395035,80.21063995,42579,42589,10
12.76562023,80.21127319,42589,42599,10
12.7672596,80.21183777,42599,42610,11
12.76916027,80.21251678,42610,42620,10
12.77077961,80.21309662,42620,42630,10
12.77202034,80.21356201,42630,42640,10
12.77340984,80.21408081,42640,42650,10
12.77495003,80.21469116,42650,42660,10
12.77657032,80.21536255,42660,42670,10
12.77826023,80.21607208,42670,42680,10
12.77993011,80.21694183,42680,42691,11
12.7818203,80.21797943,42691,42701,10
12.78332996,80.21881104,42701,42711,10
12.78437996,80.21939087,42711,42721,10
12.78493977,80.2197113,42721,42731,10
12.7857399,80.22013092,42731,42761,30
12.7857399,80.22013092,42761,42772,11
12.78641987,80.22039795,42772,42792,20
12.78641987,80.22039795,42792,42802,10
12.78654003,80.22046661,42802,42812,10
12.78686047,80.22055054,42812,42822,10
12.78748035,80.22077179,42822,42832,10
12.78812027,80.22100067,42832,42842,10
12.78888035,80.22129822,42842,42853,11
12.78966045,80.22161102,42853,42863,10
12.79041958,80.22183228,42863,42873,10
12.79144001,80.22209167,42873,42883,10
12.79267979,80.22238159,42883,42893,10
12.79407978,80.22257996,42893,42903,10
12.79533958,80.22277832,42903,42913,10
12.79644012,80.22296143,42913,42934,21
12.79644012,80.22296143,42934,42944,10
12.79662037,80.22303772,42944,42954,10
12.79714012,80.2231369,42954,42964,10
12.79784966,80.22319794,42964,42974,10
12.79872036,80.22328949,42974,42984,10
12.79975033,80.2233963,42984,42994,10
12.80090046,80.22350311,42994,43004,10
12.80160999,80.22355652,43004,43015,11
12.80173016,80.22360229,43015,43025,10
12.80210018,80.22364044,43025,43035,10
12.80274963,80.22373199,43035,43045,10
12.80366993,80.22380066,43045,43055,10
12.80471039,80.22393036,43055,43065,10
12.80550003,80.22412109,43065,43086,21
12.80550003,80.22412109,43086,43096,10
12.80593014,80.22441864,43096,43106,10
12.80659962,80.22499847,43106,43116,10
12.80751038,80.22579956,43116,43126,10
12.80854034,80.22666168,43126,43136,10
12.80967999,80.2274704,43136,43146,10
12.81075001,80.22792816,43146,43156,10
12.81210041,80.22844696,43156,43167,11
12.81381989,80.22904205,43167,43177,10
12.81558037,80.22936249,43177,43187,10
12.81725979,80.22968292,43187,43197,10
12.81830978,80.23016357,43197,43207,10
12.81947994,80.23043823,43207,43217,10
12.81991005,80.23043823,43217,43227,10
12.82021046,80.23043823,43227,43237,10
12.82106018,80.2304306,43237,43248,11
12.82236958,80.23065186,43248,43258,10
12.8237896,80.23105621,43258,43268,10
12.82530975,80.23135376,43268,43278,10
12.82688046,80.23124695,43278,43288,10
12.82804966,80.23069763,43288,43298,10
12.82915974,80.23008728,43298,43308,10
12.83028984,80.22966766,43308,43318,10
12.8309803,80.22939301,43318,43329,11
12.83104038,80.22937012,43329,43339,10
12.83139992,80.22926331,43339,43349,10
12.83199024,80.22911835,43349,43359,10
12.83290958,80.2289505,43359,43369,10
12.83417034,80.22869873,43369,43379,10
12.83565044,80.22846222,43379,43389,10
12.83697987,80.22825623,43389,43399,10
12.83829021,80.2279892,43399,43410,11
12.83922005,80.22772217,43410,43420,10
12.83957005,80.22762299,43420,43430,10
12.83990955,80.22753906,43430,43440,10
12.84076023,80.22733307,43440,43450,10
12.84191036,80.22702789,43450,43460,10
12.84335041,80.22678375,43460,43470,10
12.84471035,80.22660828,43470,43480,10
12.84539032,80.22657013,43480,43491,11
12.84539032,80.22657776,43491,43501,10
12.84578991,80.22660065,43501,43521,20
12.84578991,80.22660065,43521,43531,10
12.84624958,80.22660828,43531,43541,10
12.84720993,80.22657776,43541,43551,10
12.84850025,80.2265625,43551,43561,10
12.84984016,80.22653961,43561,43572,11
12.85161018,80.22660828,43572,43582,10
12.85342979,80.22662354,43582,43592,10
12.85540009,80.22641754,43592,43602,10
12.85725975,80.22621918,43602,43612,10
12.85906982,80.22625732,43612,43622,10
12.86060047,80.22647095,43622,43632,10
12.86079979,80.22650146,43632,43643,11
12.86131001,80.22651672,43643,43653,10
12.86225986,80.22650909,43653,43663,10
12.86349964,80.22647095,43663,43673,10
12.8650198,80.22653961,43673,43683,10
12.86645031,80.22648621,43683,43693,10
12.86781025,80.22637939,43693,43703,10
12.86942959,80.22644043,43703,43713,10
12.87112999,80.22660065,43713,43724,11
12.87257957,80.22662354,43724,43734,10
12.8728199,80.22660828,43734,43744,10
12.87292004,80.22663879,43744,43754,10
12.87349987,80.22666931,43754,43764,10
12.87454987,80.22678375,43764,43774,10
12.87586021,80.22691345,43774,43784,10
12.87656021,80.22692108,43784,43794,10
12.87681007,80.22686768,43794,43805,11
12.87687016,80.22686768,43805,43815,10
12.87742996,80.22682953,43815,43825,10
12.87852001,80.22678375,43825,43835,10
12.87994003,80.22672272,43835,43845,10
12.88148975,80.22669983,43845,43855,10
12.88296032,80.22666168,43855,43865,10
12.88442039,80.22663879,43865,43875,10
12.88502979,80.22664642,43875,43886,11
12.88531017,80.2266922,43886,43896,10
12.88613987,80.22691345,43896,43906,10
12.88733959,80.22718048,43906,43916,10
12.88864994,80.22731781,43916,43926,10
12.89011002,80.22730255,43926,43936,10
12.89163971,80.22731018,43936,43946,10
12.89229012,80.22734833,43946,43956,10
12.89251995,80.22737122,43956,43967,11
12.89340019,80.22747803,43967,43977,10
12.89463043,80.22759247,43977,43987,10
12.89605045,80.2276535,43987,43997,10
12.89758968,80.22772217,43997,44007,10
12.8990097,80.22779846,44007,44017,10
12.89982033,80.22782898,44017,44027,10
12.90034008,80.22789764,44027,44037,10
12.90069962,80.22794342,44037,44048,11
12.90087986,80.22796631,44048,44058,10
12.90108013,80.22795105,44058,44068,10
12.90132046,80.22796631,44068,44078,10
12.90155983,80.22798157,44078,44088,10
12.90215969,80.22798157,44088,44108,20
12.90215969,80.22798157,44108,44119,11
12.90242004,80.22799683,44119,44129,10
12.90324974,80.22805023,44129,44139,10
12.90415955,80.22810364,44139,44149,10
12.90513992,80.22815704,44149,44159,10
12.90606022,80.22825623,44159,44200,41
12.90606022,80.22825623,44200,44210,10
12.90625954,80.22830963,44210,44220,10
12.90643024,80.22833252,44220,44230,10
12.90684986,80.22831726,44230,44240,10
12.90769958,80.22840881,44240,44250,10
12.90870953,80.22859192,44250,44260,10
12.90999031,80.22879791,44260,44270,10
12.91152,80.22897339,44270,44281,11
12.91281986,80.22915649,44281,44291,10
12.91384029,80.22930145,44291,44301,10
12.91489983,80.22940063,44301,44311,10
12.91627026,80.22962952,44311,44321,10
12.91744041,80.22979736,44321,44331,10
12.91874027,80.2299881,44331,44341,10
12.92033958,80.23018646,44341,44351,10
12.92214012,80.2304306,44351,44362,11
12.92409992,80.23068237,44362,44372,10
12.92564011,80.23090363,44372,44382,10
12.92667961,80.23101044,44382,44392,10
12.92784023,80.23117065,44392,44402,10
12.92918015,80.23139954,44402,44412,10
12.93035984,80.23166656,44412,44422,10
12.93150997,80.231987,44422,44432,10
12.93260956,80.23233795,44432,44443,11
12.93358994,80.23274994,44443,44453,10
12.93451023,80.23313141,44453,44463,10
12.93574047,80.23374176,44463,44483,20
12.93574047,80.23374176,44483,44493,10
12.93622017,80.23394012,44493,44503,10
12.93700027,80.23432159,44503,44513,10
12.93815994,80.2348938,44513,44524,11
12.93943024,80.23548889,44524,44534,10
12.93978024,80.23564148,44534,44544,10
12.93988991,80.23571777,44544,44554,10
12.94050026,80.23596954,44554,44564,10
12.9415102,80.23619843,44564,44574,10
12.94272041,80.23661041,44574,44584,10
12.94377041,80.23750305,44584,44595,11
12.94484997,80.23872375,44595,44605,10
12.94598007,80.23947906,44605,44615,10
12.94698048,80.23988342,44615,44625,10
12.94727039,80.23999023,44625,44635,10
12.94756031,80.24011993,44635,44645,10
12.94867992,80.2405777,44645,44676,31
12.94867992,80.2405777,44676,44686,10
12.94874001,80.24063873,44686,44696,10
12.94915009,80.24082947,44696,44706,10
12.94985962,80.24107361,44706,44716,10
12.95069981,80.24131775,44716,44726,10
12.95129967,80.24147797,44726,44736,10
12.95223045,80.24178314,44736,44746,10
12.95339966,80.24217987,44746,44757,11
12.95462036,80.24272156,44757,44767,10
12.95534039,80.24297333,44767,44777,10
12.95625019,80.24330902,44777,44787,10
12.95662975,80.24343872,44787,44797,10
12.95750999,80.24385071,44797,44807,10
12.95849991,80.24424744,44807,44817,10
12.95882034,80.24447632,44817,44827,10
12.95909977,80.24465179,44827,44838,11
12.95973015,80.24491882,44838,44848,10
12.96068001,80.24533844,44848,44858,10
12.96170998,80.24581909,44858,44868,10
12.96282005,80.24638367,44868,44878,10
12.9647398,80.24717712,44878,44888,10
12.9647398,80.24717712,44888,44898,10
12.96578026,80.24754333,44898,44908,10
12.9664402,80.24781036,44908,44929,21
12.9664402,80.24781036,44929,44939,10
12.96665955,80.24790955,44939,44951,12
12.96722031,80.24817657,44951,44961,10
12.96823978,80.24859619,44961,44971,10
12.96951962,80.24909973,44971,44981,10
12.97105026,80.24965668,44981,44990,9
12.97245026,80.25006104,44990,45002,12
12.97369957,80.2503891,45002,45012,10
12.9748497,80.25073242,45012,45022,10
12.97595978,80.25105286,45022,45032,10
12.97712994,80.25141144,45032,45042,10
12.97784996,80.25189972,45042,45052,10
12.97842026,80.25229645,45052,45062,10
12.97842026,80.25231171,45062,45073,11
12.97894001,80.25254059,45073,45083,10
12.97988987,80.25267792,45083,45093,10
12.98114014,80.2526474,45093,45103,10
12.98233986,80.25260162,45103,45113,10
12.98351002,80.25245667,45113,45123,10
12.98437977,80.25221252,45123,45133,10
12.98600006,80.25180054,45133,45143,10
12.98696995,80.25154114,45143,45154,11
12.98744965,80.25137329,45154,45265,111
12.98744965,80.25137329,45265,45275,10
12.98775959,80.25135803,45275,45285,10
12.9883604,80.25122833,45285,45295,10
12.98927975,80.25097656,45295,45305,10
12.98960018,80.25090027,45305,45316,11
12.99024963,80.25076294,45316,45326,10
12.99127007,80.25051117,45326,45336,10
12.99260044,80.25018311,45336,45345,9
12.99400043,80.24983215,45345,45356,11
12.99584007,80.24935913,45356,45366,10
12.9972496,80.24900818,45366,45376,10
12.9995203,80.2484436,45376,45386,10
13.00142002,80.24794769,45386,45397,11
13.00317001,80.24755859,45397,45407,10
13.00467014,80.24733734,45407,45417,10
13.00580025,80.24710083,45417,45427,10
13.00642967,80.24656677,45427,45437,10
13.00648975,80.24645996,45437,45447,10
13.00656033,80.24623108,45447,45457,10
13.00666046,80.24546051,45457,45468,11
13.00660992,80.24433136,45468,45478,10
13.00656033,80.24336243,45478,45488,10
13.00650024,80.24228668,45488,45498,10
13.00652027,80.24136353,45498,45508,10
13.00662041,80.24075317,45508,45518,10
13.00673008,80.23980713,45518,45528,10
13.00695992,80.23872375,45528,45538,10
13.00720024,80.23773956,45538,45549,11
13.00734997,80.23699951,45549,45559,10
13.00741005,80.23665619,45559,45569,10
13.00749016,80.23638916,45569,45579,10
13.00765991,80.23558044,45579,45589,10
13.00786018,80.23465729,45589,45599,10
13.00809002,80.23345947,45599,45609,10
13.0083704,80.23200226,45609,45619,10
13.00870037,80.23036194,45619,45630,11
13.00899029,80.22892761,45630,45640,10
13.00926971,80.22786713,45640,45650,10
13.00967979,80.22689819,45650,45660,10
13.01010036,80.22602081,45660,45670,10
13.0105896,80.22496796,45670,45680,10
13.01097965,80.22419739,45680,45690,10
13.01115036,80.22373962,45690,45700,10
13.01130962,80.2232666,45700,45711,11
13.01161003,80.2226181,45711,45721,10
13.01194,80.2218399,45721,45731,10
13.01229954,80.22149658,45731,45741,10
13.01243973,80.22174072,45741,45751,10
13.01280022,80.22222137,45751,45761,10
13.01334,80.22276306,45761,45771,10
13.01391983,80.22341156,45771,45781,10
13.0143404,80.22393799,45781,45792,11
13.01484966,80.22454834,45792,45802,10
13.01519966,80.22489929,45802,45812,10
13.01537991,80.22502899,45812,45822,10
13.01550007,80.2250824,45822,45832,10
13.01556015,80.22514343,45832,45842,10
13.01591969,80.22537994,45842,45852,10
13.01673985,80.22525787,45852,45862,10
13.01774025,80.22485352,45862,45873,11
13.01869011,80.22444916,45873,45883,10
13.01922035,80.22434998,45883,45893,10
13.01931,80.22434998,45893,45903,10
13.01943016,80.22441101,45903,45913,10
13.01947975,80.22442627,45913,45923,10
13.0197401,80.22460938,45923,45933,10
13.02013969,80.22490692,45933,45944,11
13.02068043,80.22528076,45944,45954,10
13.02105999,80.22557831,45954,45964,10
13.02167988,80.22606659,45964,45974,10
13.02247047,80.22669983,45974,45994,20
13.02247047,80.22669983,45994,46004,10
13.02272034,80.22693634,46004,46014,10
13.02334976,80.22743988,46014,46025,11
13.02412033,80.22821045,46025,46035,10
13.0243597,80.22841644,46035,46045,10
13.02447033,80.22865295,46045,46055,10
13.02482033,80.22918701,46055,46065,10
13.02534962,80.22989655,46065,46075,10
13.0259304,80.23113251,46075,46126,51
13.0259304,80.23113251,46126,46136,10
13.02591991,80.23156738,46136,46146,10
13.02614021,80.23220062,46146,46156,10
13.02657032,80.23310089,46156,46166,10
13.02709961,80.23390198,46166,46176,10
13.02758026,80.23475647,46176,46187,11
13.0279398,80.23539734,46187,46197,10
13.02851009,80.23603058,46197,46207,10
13.0290699,80.23664093,46207,46217,10
13.02952957,80.23712158,46217,46227,10
13.02995014,80.23779297,46227,46237,10
13.03044987,80.23864746,46237,46247,10
13.03096008,80.23950195,46247,46278,31
13.03110027,80.2397995,46278,46338,60
13.03110027,80.2397995,46338,46349,11
13.03124046,80.23996735,46349,46359,10
13.03139973,80.24030304,46359,46369,10
13.0314703,80.24089813,46369,46379,10
13.03172016,80.24144745,46379,46389,10
13.03199005,80.24198151,46389,46399,10
13.03248978,80.24255371,46399,46409,10
13.03304005,80.24336243,46409,46419,10
13.03351021,80.24407196,46419,46430,11
13.03417969,80.24490356,46430,46440,10
13.03470993,80.24555969,46440,46450,10
13.03542995,80.24613953,46450,46470,20
13.03542995,80.24613953,46470,46480,10
13.03557014,80.24617767,46480,46490,10
13.03575039,80.2462616,46490,46501,11
13.03584957,80.24629974,46501,46511,10
13.03641987,80.24646759,46511,46521,10
13.03719997,80.24655151,46521,46531,10
13.0377903,80.24651337,46531,46541,10
13.03843975,80.24665833,46541,46551,10
13.03864956,80.24674988,46551,46561,10
13.03894043,80.24687958,46561,46571,10
13.03927994,80.24694824,46571,46582,11
13.03954029,80.24700928,46582,46592,10
13.03995991,80.24710083,46592,46602,10
13.04053974,80.24720001,46602,46612,10
13.0412302,80.24732208,46612,46622,10
13.04185009,80.24739838,46622,46632,10
13.04226971,80.24751282,46632,46642,10
13.04273987,80.247612,46642,46652,10
13.0434103,80.24781799,46652,46663,11
13.04405975,80.24775696,46663,46673,10
13.04463959,80.24788666,46673,46683,10
13.04512024,80.2481308,46683,46693,10
13.04580975,80.24842072,46693,46703,10
13.04652977,80.24842834,46703,46713,10
13.04703999,80.2484436,46713,46723,10
13.04718018,80.24849701,46723,46733,10
13.04757977,80.2488327,46733,46744,11
13.04821968,80.24944305,46744,46754,10
13.04909992,80.24971008,46754,46764,10
13.04996014,80.2498703,46764,46774,10
13.05088997,80.25005341,46774,46784,10
13.05181026,80.25048065,46784,46794,10
13.05233002,80.2510376,46794,46804,10
13.05255032,80.25134277,46804,46814,10
13.05261993,80.25147247,46814,46825,11
13.0528698,80.25179291,46825,46835,10
13.05305004,80.25200653,46835,46845,10
13.05319023,80.25219727,46845,46855,10
13.05323029,80.25227356,46855,46865,10
13.05342007,80.25250244,46865,46885,20
13.05342007,80.25250244,46885,46895,10
13.05366039,80.25282288,46895,46906,11
13.0537796,80.25302124,46906,46916,10
13.05395985,80.25324249,46916,46926,10
13.05420971,80.25357056,46926,46946,20
13.05420971,80.25357056,46946,46956,10
13.05430031,80.25376892,46956,46966,10
13.05443001,80.25392151,46966,46977,11
13.05449963,80.25399017,46977,46987,10
13.05465031,80.2542038,46987,46997,10
13.05480957,80.25434113,46997,47007,10
13.05500984,80.25457764,47007,47017,10
13.05545998,80.25511169,47017,47027,10
13.05587006,80.25576782,47027,47037,10
13.05605984,80.25608063,47037,47047,10
13.05628014,80.25631714,47047,47058,11
13.05653954,80.25655365,47058,47068,10
13.05714989,80.25713348,47068,47078,10
13.05753994,80.25756836,47078,47088,10
13.05782032,80.25776672,47088,47098,10
13.05815983,80.25826263,47098,47108,10
13.05834007,80.25858307,47108,47118,10
13.05858994,80.25885773,47118,47128,10
13.05885029,80.25907135,47128,47139,11
13.05914021,80.25966644,47139,47149,10
13.05963039,80.26011658,47149,47159,10
13.06000042,80.26038361,47159,47169,10
13.06054974,80.26107025,47169,47179,10
13.06072044,80.26143646,47179,47189,10
13.06107998,80.26190948,47189,47199,10
13.0613699,80.26219177,47199,47209,10
13.06159019,80.26235962,47209,47220,11
13.06190968,80.26275635,47220,47230,10
13.06235027,80.26332092,47230,47240,10
13.06260014,80.26370239,47240,47250,10
13.06291008,80.26399994,47250,47260,10
13.06332016,80.26450348,47260,47270,10
13.06369019,80.26509094,47270,47301,31
13.06369019,80.26509094,47301,47311,10
13.06392956,80.26532745,47311,47321,10
13.06400967,80.26548767,47321,47331,10
13.06418037,80.26569366,47331,47341,10
13.06431961,80.26586914,47341,47351,10
13.06443977,80.26603699,47351,47361,10
13.06455994,80.26622772,47361,47372,11
13.06466007,80.26634216,47372,47382,10
13.06478024,80.26651764,47382,47392,10
13.06494999,80.26674652,47392,47402,10
13.06571007,80.26734161,47402,47422,20
13.06571007,80.26734161,47422,47432,10
13.06595993,80.26760101,47432,47442,10
13.06636047,80.2681427,47442,47453,11
13.06667995,80.26834869,47453,47463,10
13.06694031,80.26856232,47463,47473,10
13.06735992,80.26885223,47473,47483,10
13.06772041,80.26914215,47483,47493,10
13.06795025,80.26924133,47493,47503,10
13.06809044,80.26952362,47503,47513,10
13.06803036,80.26995087,47513,47523,10
13.06801033,80.27040863,47523,47534,11
13.06801987,80.27069855,47534,47544,10
13.06807995,80.27105713,47544,47554,10
13.06818008,80.27131653,47554,47564,10
13.06818962,80.27134705,47564,47574,10
13.06847,80.27166748,47574,47584,10
13.06863976,80.27182007,47584,47594,10
13.06877995,80.27189636,47594,47604,10
13.06900024,80.27194977,47604,47615,11
13.06933975,80.27223969,47615,47625,10
13.06980991,80.27275085,47625,47635,10
13.07024002,80.27327728,47635,47645,10
13.07061958,80.27377319,47645,47655,10
13.07124996,80.27407837,47655,47817,162
13.07124996,80.27407837,47817,47827,10
13.07143974,80.27416992,47827,47837,10
13.07166004,80.27427673,47837,47848,11
13.07198048,80.27452087,47848,47858,10
13.07231045,80.27488708,47858,47868,10
13.07269955,80.27532959,47868,47878,10
13.07293987,80.27559662,47878,47888,10
13.07324982,80.27593231,47888,47898,10
13.07373047,80.27629089,47898,47908,10
13.07423019,80.27629089,47908,47918,10
13.07479,80.27626801,47918,47929,11
13.07534027,80.27622986,47929,47939,10
13.07569981,80.27619934,47939,47949,10
13.07584953,80.27609253,47949,47959,10
13.07596016,80.27574158,47959,47969,10
13.0759201,80.2752533,47969,47979,10
13.07602024,80.27468109,47979,48070,91
13.07602024,80.27468109,48070,48080,10
13.07584,80.27465057,48080,48091,11
13.07588005,80.27516937,48091,48101,10
13.07594967,80.27568054,48101,48111,10
13.07616043,80.27593231,48111,48155,44
13.07625961,80.27590942,48155,48261,106
13.07625961,80.27590942,48261,48271,10
13.07614994,80.27570343,48271,48281,10
13.07600021,80.275383,48281,48291,10
13.07584,80.27506256,48291,48301,10
13.07559013,80.27494049,48301,48494,193
13.07540989,80.27484131,48494,48706,212
13.07548046,80.27494049,48706,49010,304
13.07553005,80.27498627,49010,49172,162
13.07549953,80.27500153,49172,49304,132
13.07551956,80.27506256,49304,49446,142
13.07551956,80.27506256,49446,49456,10
13.07546997,80.27493286,49456,49770,314
13.07549953,80.27500153,49770,49912,142
13.07548046,80.27490997,49912,49973,61
13.07548046,80.27490997,49973,49983,10
13.07569027,80.27513123,49983,49993,10
13.07579041,80.27554321,49993,50003,10
13.07579994,80.27590942,50003,50013,10
13.07581997,80.27620697,50013,50023,10
13.07621002,80.27626038,50023,50033,10
13.07680035,80.27622986,50033,50044,11
13.07773972,80.27615356,50044,50054,10
13.07818985,80.27552795,50054,50064,10
13.07892036,80.27513123,50064,50074,10
13.07989979,80.27526855,50074,50084,10
13.08100986,80.27516174,50084,50226,142
13.08100986,80.27516174,50226,50236,10
13.08148956,80.2751236,50236,50246,10
13.08180046,80.27520752,50246,50317,71
13.08180046,80.27520752,50317,50327,10
13.08203983,80.27574158,50327,50783,456
13.08203983,80.27574158,50783,50793,10
13.08199978,80.27600098,50793,50803,10
13.08180046,80.27613068,50803,50813,10
13.08183956,80.27655792,50813,50823,10
13.08187962,80.27707672,50823,50834,11
13.08197021,80.27773285,50834,50844,10
13.08234024,80.27799988,50844,50854,10
13.08288956,80.27802277,50854,50864,10
13.08325005,80.27809906,50864,50874,10
13.08339977,80.27835083,50874,50884,10
13.08353043,80.27884674,50884,50894,10
13.08304977,80.27881622,50894,50904,10
13.08261967,80.27863312,50904,50915,11
13.08244038,80.27855682,50915,50925,10
13.08211994,80.27841949,50925,50935,10
13.0819397,80.27823639,50935,50945,10
13.08187962,80.27786255,50945,50955,10
13.08183956,80.27757263,50955,50965,10
13.08180046,80.27729797,50965,50975,10
13.08178043,80.27706909,50975,50985,10
13.08178043,80.27696228,50985,50996,11
13.08178997,80.27680206,50996,51006,10
13.08183956,80.27654266,51006,51016,10
13.08170986,80.27613068,51016,51026,10
13.08166027,80.27596283,51026,51035,9
13.0815897,80.27581024,51035,51046,11
13.08150959,80.27542877,51046,51066,20
13.08150959,80.27542877,51066,51077,11
13.08143997,80.275177,51077,51087,10
13.08092976,80.275177,51087,51097,10
13.08024979,80.27526093,51097,51107,10
13.07960033,80.27529907,51107,51116,9
13.07884979,80.27514648,51116,51127,11
13.07820988,80.27577209,51127,51137,10
13.07748985,80.27620697,51137,51147,10
13.07653999,80.27628326,51147,51158,11
13.07524967,80.27631378,51158,51168,10
13.07425022,80.27635956,51168,51178,10
13.07359982,80.27642822,51178,51188,10
13.07312012,80.27600098,51188,51198,10
13.0726099,80.2754364,51198,51208,10
13.07194042,80.27467346,51208,51239,31
13.07194042,80.27467346,51239,51249,10
13.07178974,80.27458191,51249,51259,10
13.07118988,80.27445984,51259,51269,10
13.07077026,80.27426147,51269,51279,10
13.07061958,80.27406311,51279,51289,10
13.07050037,80.27371216,51289,51299,10
13.07013988,80.27314758,51299,51310,11
13.06956005,80.27249908,51310,51320,10
13.06910038,80.27204132,51320,51330,10
13.06863976,80.27192688,51330,51370,40
13.06863976,80.27192688,51370,51380,10
13.06857967,80.2719574,51380,51391,11
13.06830978,80.2717514,51391,51401,10
13.06803036,80.2713623,51401,51411,10
13.06787014,80.27100372,51411,51421,10
13.06774998,80.27079773,51421,51431,10
13.06715012,80.27024841,51431,51441,10
13.06653023,80.26937866,51441,51451,10
13.06643009,80.26889801,51451,51461,10
13.06634998,80.26841736,51461,51472,11
13.06593037,80.26786041,51472,51482,10
13.06527996,80.2675705,51482,51502,20
13.06527996,80.2675705,51502,51512,10
13.06517982,80.26757813,51512,51522,10
13.06460953,80.26747131,51522,51532,10
13.06394958,80.26734161,51532,51542,10
13.06334972,80.26724243,51542,51553,11
13.06311035,80.26724243,51553,51563,10
13.06276035,80.26709747,51563,51573,10
13.0625,80.26680756,51573,51583,10
13.06215954,80.26641083,51583,51593,10
13.0618,80.26596069,51593,51603,10
13.06132984,80.26535797,51603,51613,10
13.06091976,80.26513672,51613,51623,10
13.0604496,80.26541138,51623,51634,11
13.06033993,80.26545715,51634,51644,10
13.0599699,80.26555634,51644,51654,10
13.05957985,80.26554871,51654,51664,10
13.05941963,80.26550293,51664,51674,10
13.05908012,80.26545715,51674,51684,10
13.05850029,80.26531982,51684,51705,21
13.05850029,80.26531982,51705,51715,10
13.05819988,80.26515961,51715,51725,10
13.05801964,80.26454926,51725,51735,10
13.05792046,80.26365662,51735,51745,10
13.05782032,80.2627182,51745,51755,10
13.05772018,80.26215363,51755,51765,10
13.05760956,80.26161957,51765,51775,10
13.05749989,80.26109314,51775,51786,11
13.05729961,80.26027679,51786,51796,10
13.05712032,80.25974274,51796,51806,10
13.05698013,80.25924683,51806,51816,10
13.05679035,80.25868225,51816,51826,10
13.05669022,80.2583313,51826,51836,10
13.05661964,80.25797272,51836,51846,10
13.05648994,80.25733948,51846,51867,21
13.05648994,80.25733948,51867,51877,10
13.05634022,80.25675964,51877,51887,10
13.05605984,80.25611877,51887,51897,10
13.05558968,80.25541687,51897,51907,10
13.05498981,80.25454712,51907,51917,10
13.05432987,80.25367737,51917,51927,10
13.05373001,80.25286102,51927,51937,10
13.05307961,80.25196838,51937,51948,11
13.05239964,80.25108337,51948,51958,10
13.05175018,80.25036621,51958,51968,10
13.05080032,80.24996948,51968,51978,10
13.04965973,80.2497406,51978,51988,10
13.04891014,80.24971008,51988,51998,10
13.04868984,80.24967957,51998,52008,10
13.04862022,80.24967957,52008,52018,10
13.04835987,80.24952698,52018,52029,11
13.04773998,80.24902344,52029,52039,10
13.04701042,80.2485733,52039,52049,10
13.0468998,80.24854279,52049,52059,10
13.04675961,80.24845886,52059,52069,10
13.0461998,80.24838257,52069,52079,10
13.04469967,80.24797821,52079,52089,10
13.04469967,80.24797821,52089,52099,10
13.04374981,80.24778748,52099,52110,11
13.04286957,80.24768066,52110,52120,10
13.04207993,80.24752045,52120,52130,10
13.04117966,80.24729919,52130,52140,10
13.04010963,80.24710846,52140,52151,11
13.03956985,80.24700928,52151,52182,31
13.03956985,80.24700928,52182,52192,10
13.03934002,80.24685669,52192,52202,10
13.03897953,80.24684143,52202,52213,11
13.03849983,80.24671936,52213,52222,9
13.03804016,80.2466507,52222,52233,11
13.03728008,80.24651337,52233,52243,10
13.03652,80.24636078,52243,52253,10
13.03592014,80.24623871,52253,52264,11
13.03522968,80.24598694,52264,52274,10
13.03518009,80.24595642,52274,52284,10
13.03479958,80.2456131,52284,52294,10
13.03441048,80.24507141,52294,52304,10
13.03392982,80.24446869,52304,52314,10
13.03293991,80.24320984,52314,52334,20
13.03293991,80.24320984,52334,52345,11
13.03277016,80.24294281,52345,52355,10
13.03267002,80.24278259,52355,52365,10
13.03248978,80.24249268,52365,52385,20
13.03248978,80.24249268,52385,52395,10
13.03236008,80.24236298,52395,52405,10
13.03234005,80.24233246,52405,52415,10
13.0321703,80.24217224,52415,52426,11
13.03199005,80.24195099,52426,52436,10
13.0318203,80.24159241,52436,52446,10
13.03143024,80.24080658,52446,52517,71
13.03143024,80.24080658,52517,52527,10
13.03143024,80.2407074,52527,52537,10
13.03122997,80.24024963,52537,52547,10
13.03098965,80.23963165,52547,52557,10
13.03063965,80.23899841,52557,52567,10
13.03013992,80.23815918,52567,52577,10
13.02966022,80.23738098,52577,52588,11
13.02917004,80.23680878,52588,52598,10
13.02912045,80.23674011,52598,52608,10
13.02873039,80.2363205,52608,52618,10
13.02814007,80.23561096,52618,52628,10
13.02756023,80.23474884,52628,52638,10
13.02702045,80.23384094,52638,52648,10
13.0265398,80.23298645,52648,52658,10
13.02624035,80.23233032,52658,52669,11
13.02614021,80.23191833,52669,52679,10
13.02614975,80.23191833,52679,52689,10
13.02612972,80.23175812,52689,52699,10
13.02606964,80.23153687,52699,52709,10
13.02595043,80.23114014,52709,52719,10
13.02563953,80.23033905,52719,52729,10
13.02503967,80.22947693,52729,52740,11
13.02466011,80.22899628,52740,52750,10
13.02464962,80.22898865,52750,52760,10
13.02458954,80.22889709,52760,52770,10
13.02416992,80.22841644,52770,52780,10
13.02338982,80.22753906,52780,52800,20
13.02338982,80.22753906,52800,52810,10
13.02330971,80.22741699,52810,52821,11
13.02295017,80.22708893,52821,52831,10
13.02248001,80.22663879,52831,52841,10
13.02206993,80.22625732,52841,52851,10
13.02151966,80.22582245,52851,52861,10
13.02087975,80.22531891,52861,52871,10
13.02013016,80.22483826,52871,52881,10
13.01931,80.22440338,52881,52891,10
13.01826,80.22463226,52891,52902,11
13.01708984,80.22512054,52902,52912,10
13.01659012,80.2253418,52912,52922,10
13.01630974,80.22544861,52922,52932,10
13.01580048,80.22561646,52932,52942,10
13.01544952,80.22573853,52942,52952,10
13.01484966,80.22595978,52952,52962,10
13.01443958,80.22612762,52962,52972,10
13.01441956,80.22614288,52972,52983,11
13.01401043,80.22627258,52983,52993,10
13.01321983,80.22660065,52993,53003,10
13.0120697,80.22709656,53003,53013,10
13.01089001,80.22753906,53013,53023,10
13.00961018,80.22805786,53023,53033,10
13.00905991,80.22885895,53033,53043,10
13.00883961,80.23007202,53043,53053,10
13.0087204,80.23120117,53053,53064,11
13.00833035,80.23271942,53064,53074,10
13.00819016,80.23362732,53074,53084,10
13.00817966,80.23364258,53084,53094,10
13.00809956,80.23416901,53094,53104,10
13.00800991,80.23490143,53104,53114,10
13.00790024,80.23526001,53114,53124,10
13.00774956,80.23609924,53124,53134,10
13.00751972,80.23738861,53134,53145,11
13.00720978,80.23877716,53145,53155,10
13.00710011,80.23922729,53155,53165,10
13.00695992,80.24012756,53165,53175,10
13.00687981,80.24041748,53175,53185,10
13.0067997,80.2411499,53185,53195,10
13.00677013,80.24236298,53195,53205,10
13.00675011,80.24340057,53205,53215,10
13.00671959,80.24362946,53215,53226,11
13.00662041,80.24394989,53226,53236,10
13.00664043,80.24436188,53236,53246,10
13.00662041,80.24468994,53246,53256,10
13.00662041,80.24507904,53256,53266,10
13.00666046,80.2454071,53266,53276,10
13.00669956,80.24603271,53276,53286,10
13.00673962,80.24685669,53286,53296,10
13.00642014,80.24736786,53296,53307,11
13.0061903,80.2473526,53307,53317,10
13.00603962,80.24729156,53317,53327,10
13.00529957,80.24725342,53327,53337,10
13.00417042,80.2473526,53337,53347,10
13.00323963,80.24748993,53347,53357,10
13.00261974,80.24761963,53357,53367,10
13.00238037,80.24771118,53367,53378,11
13.00201035,80.24783325,53378,53388,10
13.00162983,80.24791718,53388,53398,10
13.00082016,80.24812317,53398,53408,10
12.99962997,80.24841309,53408,53418,10
12.99822044,80.2487793,53418,53428,10
12.99701977,80.24906158,53428,53438,10
12.99575996,80.24938202,53438,53448,10
12.99427032,80.24978638,53448,53459,11
12.99238014,80.25023651,53459,53468,9
12.99135971,80.25052643,53468,53479,11
12.99108982,80.25057983,53479,53489,10
12.99069977,80.25063324,53489,53499,10
12.98974991,80.25084686,53499,53509,10
12.9888401,80.25106049,53509,53519,10
12.98851967,80.25121307,53519,53529,10
12.98799038,80.25134277,53529,53540,11
12.98744965,80.25147247,53540,53550,10
12.98674011,80.25167084,53550,53560,10
12.98622036,80.25183105,53560,53570,10
12.9853096,80.25203705,53570,53580,10
12.98410034,80.25237274,53580,53590,10
12.98291016,80.25260162,53590,53600,10
12.98165035,80.25263214,53600,53611,11
12.9802103,80.25273132,53611,53631,20
12.9802103,80.25273132,53631,53641,10
12.97994995,80.25267792,53641,53651,10
12.97943974,80.25263214,53651,53661,10
12.97873974,80.25254822,53661,53671,10
12.97848988,80.25247955,53671,53681,10
12.97838974,80.25241852,53681,53691,10
12.97784996,80.25196075,53691,53702,11
12.97692966,80.25132751,53702,53712,10
12.97601986,80.25102997,53712,53722,10
12.97502041,80.25074005,53722,53732,10
12.97373009,80.25036621,53732,53742,10
12.97222996,80.24996948,53742,53752,10
12.97097015,80.24961853,53752,53762,10
12.9697504,80.24919891,53762,53772,10
12.96866035,80.24878693,53772,53783,11
12.96755981,80.24829865,53783,53793,10
12.96685028,80.24799347,53793,53803,10
12.96625996,80.24771881,53803,53813,10
12.96537018,80.24736786,53813,53823,10
12.96506023,80.24727631,53823,53833,10
12.9647398,80.24716187,53833,53843,10
12.96395016,80.24687958,53843,53853,10
12.96331978,80.24656677,53853,53864,11
12.96220016,80.2460022,53864,53874,10
12.96084023,80.24533844,53874,53884,10
12.9595499,80.24481964,53884,53894,10
12.95930958,80.24471283,53894,53904,10
12.95917034,80.24463654,53904,53914,10
12.95849991,80.24433136,53914,53924,10
12.95775986,80.24403381,53924,53934,10
12.95691967,80.24363708,53934,54005,71
12.95656013,80.24350739,54005,54076,71
12.95656013,80.24350739,54076,54086,10
12.95631027,80.24343109,54086,54097,11
12.95559978,80.24320221,54097,54107,10
12.95456028,80.24273682,54107,54117,10
12.9533596,80.24224091,54117,54127,10
12.95205975,80.24175262,54127,54137,10
12.9516201,80.24160004,54137,54147,10
12.95135975,80.24150848,54147,54157,10
12.95053959,80.2412262,54157,54167,10
12.94948006,80.24092102,54167,54178,11
12.94785976,80.24025726,54178,54188,10
12.94696045,80.23989868,54188,54198,10
12.94694996,80.23989105,54198,54208,10
12.94661999,80.23975372,54208,54218,10
12.94581985,80.23940277,54218,54228,10
12.94487953,80.23873901,54228,54238,10
12.94396973,80.23773956,54238,54248,10
12.94283962,80.23664856,54248,54259,11
12.94108009,80.23607635,54259,54269,10
12.93968964,80.23570251,54269,54289,20
12.93968964,80.23570251,54289,54299,10
12.93939972,80.2355423,54299,54309,10
12.93844032,80.2350235,54309,54319,10
12.93733025,80.23448181,54319,54329,10
12.93626022,80.23397827,54329,54340,11
12.93587017,80.23378754,54340,54350,10
12.93529034,80.23348999,54350,54360,10
12.93381023,80.23287201,54360,54380,20
12.93381023,80.23287201,54380,54390,10
12.93334007,80.23265076,54390,54400,10
12.93239975,80.23226929,54400,54410,10
12.93111038,80.23184967,54410,54421,11
12.9295702,80.23139954,54421,54431,10
12.92790031,80.23111725,54431,54441,10
12.92646027,80.23095703,54441,54451,10
12.92595959,80.23092651,54451,54461,10
12.92584038,80.23090363,54461,54471,10
12.92521,80.23081207,54471,54481,10
12.92415047,80.23068237,54481,54491,10
12.92276001,80.23049927,54491,54502,11
12.92090988,80.23023224,54502,54512,10
12.91909981,80.2300415,54512,54522,10
12.91726017,80.22976685,54522,54532,10
12.91547012,80.22950745,54532,54542,10
12.91329956,80.22924805,54542,54562,20
12.91329956,80.22924805,54562,54573,11
12.91291046,80.22923279,54573,54583,10
12.91201019,80.2290802,54583,54593,10
12.91082954,80.22892761,54593,54603,10
12.90931988,80.2286911,54603,54613,10
12.90779972,80.2284317,54613,54623,10
12.90678024,80.228302,54623,54633,10
12.90618992,80.22825623,54633,54643,10
12.90612984,80.22824097,54643,54654,11
12.90546989,80.22821045,54654,54664,10
12.90425014,80.22811127,54664,54674,10
12.9028101,80.22808075,54674,54684,10
12.90165997,80.22799683,54684,54694,10
12.90062046,80.22789764,54694,54704,10
12.89972019,80.22783661,54704,54714,10
12.8993597,80.22782898,54714,54724,10
12.89925003,80.22782135,54724,54735,11
12.8985796,80.22776794,54735,54745,10
12.89758015,80.22770691,54745,54755,10
12.89628029,80.22763824,54755,54765,10
12.8947897,80.22759247,54765,54775,10
12.8928299,80.22743988,54775,54816,41
12.8928299,80.22743988,54816,54826,10
12.89260006,80.22743225,54826,54836,10
12.89208984,80.22737122,54836,54846,10
12.89118958,80.2273407,54846,54856,10
12.89021969,80.22734833,54856,54866,10
12.88938046,80.2273407,54866,54876,10
12.88860989,80.22731781,54876,54886,10
12.88770008,80.22725677,54886,54897,11
12.88646984,80.22702026,54897,54907,10
12.88514042,80.22673798,54907,54917,10
12.88479042,80.22672272,54917,54927,10
12.88461018,80.22669983,54927,54937,10
12.88387966,80.22667694,54937,54947,10
12.88276005,80.22666931,54947,54957,10
12.88134003,80.22669983,54957,54967,10
12.87973976,80.22672272,54967,54978,11
12.87812996,80.2268219,54978,54988,10
12.87701035,80.22693634,54988,54998,10
12.87646008,80.22698212,54998,55008,10
12.87633991,80.22698212,55008,55018,10
12.87563992,80.22693634,55018,55028,10
12.87456036,80.22679901,55028,55038,10
12.8735199,80.2266922,55038,55049,11
12.87259007,80.22667694,55049,55059,10
12.87236023,80.22666168,55059,55069,10
12.87154961,80.22662354,55069,55079,10
12.87034035,80.22653198,55079,55089,10
12.86886978,80.22635651,55089,55099,10
12.86715031,80.22641754,55099,55109,10
12.86540031,80.2265625,55109,55119,10
12.86345959,80.22647095,55119,55130,11
12.86155987,80.22653961,55130,55140,10
12.86098957,80.22657776,55140,55150,10
12.86071968,80.22653961,55150,55160,10
12.85986042,80.22641754,55160,55170,10
12.85898018,80.22628784,55170,55180,10
12.85813999,80.22621918,55180,55190,10
12.85694981,80.22628021,55190,55200,10
12.85548019,80.2264328,55200,55211,11
12.85356045,80.22662354,55211,55221,10
12.8516798,80.22660828,55221,55231,10
12.85033989,80.22659302,55231,55241,10
12.84992981,80.2265625,55241,55251,10
12.84976959,80.22653961,55251,55261,10
12.84934044,80.22653961,55261,55271,10
12.84838009,80.22653961,55271,55281,10
12.84712982,80.22657013,55281,55292,11
12.84584999,80.22657776,55292,55302,10
12.84541988,80.22657776,55302,55312,10
12.84539986,80.22657013,55312,55322,10
12.84490013,80.2265625,55322,55332,10
12.84393024,80.22663879,55332,55342,10
12.84267044,80.22686005,55342,55352,10
12.84138966,80.22718048,55352,55362,10
12.84023952,80.22750854,55362,55373,11
12.83963013,80.2277298,55373,55383,10
12.83866024,80.22796631,55383,55393,10
12.83738041,80.22824097,55393,55403,10
12.83588028,80.22846222,55403,55413,10
12.83417988,80.22872162,55413,55423,10
12.83213043,80.22913361,55423,55443,20
12.83213043,80.22913361,55443,55454,11
12.83199978,80.22915649,55454,55464,10
12.83129978,80.22931671,55464,55474,10
12.83018017,80.22971344,55474,55484,10
12.82878017,80.23029327,55484,55494,10
12.82730007,80.23110199,55494,55504,10
12.82588005,80.23136902,55504,55514,10
12.82460022,80.23136902,55514,55524,10
12.8235302,80.23107147,55524,55535,11
12.82199955,80.23059082,55535,55545,10
12.82069016,80.23047638,55545,55555,10
12.81980038,80.23047638,55555,55565,10
12.81890965,80.23047638,55565,55575,10
12.81877041,80.2304306,55575,55585,10
12.81822014,80.23016357,55585,55595,10
12.81719017,80.22968292,55595,55605,10
12.81575966,80.22936249,55605,55616,11
12.81385994,80.22904205,55616,55626,10
12.81215954,80.22846985,55626,55636,10
12.81087971,80.2279892,55636,55646,10
12.8094101,80.22736359,55646,55656,10
12.80799961,80.22631073,55656,55666,10
12.80688,80.22532654,55666,55676,10
12.80603981,80.2245636,55676,55687,11
12.80488014,80.22395325,55687,55707,20
12.80488014,80.22395325,55707,55717,10
12.80447006,80.22389221,55717,55727,10
12.80358028,80.22382355,55727,55737,10
12.80270004,80.22373962,55737,55747,10
12.80146027,80.22358704,55747,55757,10
12.80082035,80.22353363,55757,55768,11
12.8004303,80.2234726,55768,55778,10
12.79944992,80.2233963,55778,55788,10
12.79806042,80.22324371,55788,55798,10
12.79646969,80.2230072,55798,55808,10
12.79574013,80.22289276,55808,55818,10
12.79557037,80.22284698,55818,55828,10
12.79491043,80.22271729,55828,55838,10
12.79389954,80.22254944,55838,55849,11
12.79257965,80.22236633,55849,55859,10
12.79119015,80.22203827,55859,55869,10
12.78999043,80.22174835,55869,55879,10
12.78938007,80.22154236,55879,55889,10
12.78872013,80.22129059,55889,55899,10
12.78841972,80.22118378,55899,55909,10
12.78777027,80.22090149,55909,55940,31
12.78777027,80.22090149,55940,55950,10
12.78752995,80.22080231,55950,55960,10
12.78740025,80.22075653,55960,55970,10
12.78724003,80.22070313,55970,55980,10
12.7869997,80.22061157,55980,56031,51
12.7869997,80.22061157,56031,56041,10
12.78668022,80.22048187,56041,56051,10
12.78647995,80.22041321,56051,56071,20
12.78647995,80.22041321,56071,56081,10
12.78635979,80.22033691,56081,56092,11
12.78616047,80.2203064,56092,56102,10
12.78612041,80.22054291,56102,56112,10
12.78617001,80.221138,56112,56122,10
12.78619003,80.22157288,56122,56132,10
12.7862196,80.22194672,56132,57327,1195
12.7862196,80.22194672,57327,57338,11
12.78623009,80.2215271,57338,57368,30
12.78623009,80.2215271,57368,57378,10
12.78619957,80.22109222,57378,57388,10
12.78619957,80.22096252,57388,57398,10
12.78619957,80.22093964,57398,57408,10
12.78617954,80.22071075,57408,57419,11
12.78617954,80.22068024,57419,57429,10
12.78619003,80.2204895,57429,57439,10
12.78627968,80.22033691,57439,57469,30
12.78627968,80.22033691,57469,57479,10
12.78652,80.22045135,57479,57489,10
12.78682995,80.22055817,57489,57500,11
12.7874403,80.22077942,57500,57510,10
12.78810024,80.22103882,57510,57520,10
12.78929996,80.22142792,57520,57540,20
12.78929996,80.22142792,57540,57550,10
12.78983974,80.2216568,57550,57560,10
12.79051018,80.2218399,57560,57570,10
12.79150009,80.22205353,57570,57581,11
12.79271984,80.22234344,57581,57591,10
12.79384041,80.22251892,57591,57601,10
12.79496956,80.22270966,57601,57611,10
12.79640961,80.22296906,57611,57631,20
12.79640961,80.22296906,57631,57641,10
12.79658985,80.22303009,57641,57651,10
12.79714966,80.2231369,57651,57662,11
12.79813004,80.2232666,57662,57672,10
12.79911995,80.22335052,57672,57682,10
12.80020046,80.22344208,57682,57692,10
12.80123043,80.22351074,57692,57702,10
12.80142021,80.22354126,57702,57712,10
12.80175972,80.22360992,57712,57722,10
12.80251026,80.22370911,57722,57732,10
12.80333996,80.22380829,57732,57743,11
12.8042202,80.22386169,57743,57753,10
12.80510998,80.22395325,57753,57763,10
12.80550003,80.22411346,57763,57773,10
12.80554008,80.22415924,57773,57783,10
12.80589962,80.22440338,57783,57793,10
12.80655956,80.22493744,57793,57803,10
12.8073597,80.22566223,57803,57814,11
12.80842018,80.22654724,57814,57824,10
12.80951977,80.22737122,57824,57834,10
12.81079006,80.22794342,57834,57844,10
12.81217957,80.22844696,57844,57854,10
12.81361961,80.22894287,57854,57864,10
12.81511021,80.22926331,57864,57874,10
12.8166399,80.22949982,57874,57884,10
12.81805992,80.23001862,57884,57895,11
12.81941986,80.23043823,57895,57905,10
12.8197403,80.23043823,57905,57915,10
12.81993008,80.2304306,57915,57925,10
12.82063007,80.23040009,57925,57935,10
12.82166958,80.23046875,57935,57945,10
12.82287979,80.23079681,57945,57955,10
12.82423019,80.23117065,57955,57965,10
12.82559013,80.2313385,57965,57976,11
12.82711029,80.23116302,57976,57986,10
12.82831955,80.23052216,57986,57996,10
12.82956982,80.22988892,57996,58006,10
12.83096981,80.22934723,58006,58046,40
12.83096981,80.22934723,58046,58057,11
12.83135986,80.22940826,58057,58067,10
12.83156013,80.22930908,58067,58077,10
12.83209038,80.22914124,58077,58087,10
12.83296967,80.2289505,58087,58097,10
12.83405018,80.22873688,58097,58107,10
12.83532047,80.22853851,58107,58117,10
12.83672047,80.22831726,58117,58127,10
12.83806992,80.22805023,58127,58138,11
12.83901978,80.22776794,58138,58148,10
12.83940029,80.22760773,58148,58208,60
12.83940029,80.22760773,58208,58219,11
12.83981037,80.22747803,58219,58229,10
12.84047985,80.22734833,58229,58239,10
12.84144974,80.22709656,58239,58249,10
12.84263039,80.22683716,58249,58259,10
12.84395981,80.22663879,58259,58269,10
12.8453598,80.22651672,58269,58289,20
12.8453598,80.22651672,58289,58300,11
12.84547043,80.22653961,58300,58310,10
12.84585953,80.22654724,58310,58320,10
12.84655952,80.22654724,58320,58330,10
12.84757996,80.22653198,58330,58340,10
12.84885025,80.22653961,58340,58350,10
12.85013962,80.22647858,58350,58360,10
12.85165024,80.2265625,58360,58371,11
12.85359001,80.22660065,58371,58381,10
12.85554028,80.22640228,58381,58391,10
12.85731983,80.22621918,58391,58401,10
12.8587904,80.22619629,58401,58411,10
12.86007977,80.22637939,58411,58421,10
12.86079979,80.22650146,58421,58431,10
12.86102009,80.22653961,58431,58441,10
12.86166954,80.22653961,58441,58452,11
12.86285973,80.22647095,58452,58462,10
12.86417961,80.22648621,58462,58472,10
12.86567974,80.22651672,58472,58482,10
12.86703014,80.22644043,58482,58492,10
12.86835957,80.22634888,58492,58502,10
12.86966038,80.22647858,58502,58512,10
12.87100029,80.22660065,58512,58522,10
12.87203026,80.22662354,58522,58533,11
12.8725996,80.22662354,58533,58543,10
12.87265968,80.22662354,58543,58553,10
12.87294006,80.22664642,58553,58563,10
12.87368011,80.22666931,58563,58573,10
12.87473965,80.22676086,58573,58583,10
12.87588024,80.22688293,58583,58593,10
12.87646961,80.22686768,58593,58634,41
12.87646961,80.22686768,58634,58644,10
12.87697983,80.22688293,58644,58654,10
12.87792015,80.22679138,58654,58664,10
12.87917042,80.22669983,58664,58674,10
12.88064003,80.22666931,58674,58684,10
12.88222027,80.22666168,58684,58695,11
12.88397026,80.22663879,58695,58705,10
12.88506031,80.22663879,58705,58715,10
12.88519955,80.22664642,58715,58725,10
12.8856802,80.22673798,58725,58735,10
12.88659954,80.22699738,58735,58745,10
12.88776016,80.22721863,58745,58755,10
12.88908958,80.22728729,58755,58765,10
12.89035988,80.22727966,58765,58776,11
12.89163971,80.22730255,58776,58786,10
12.89210987,80.22730255,58786,58816,30
12.89210987,80.22730255,58816,58826,10
12.89233971,80.22733307,58826,58836,10
12.89311028,80.22741699,58836,58846,10
12.89428043,80.22754669,58846,58857,11
12.89552021,80.22760773,58857,58867,10
12.89696026,80.22767639,58867,58877,10
12.89838982,80.22773743,58877,58887,10
12.89943027,80.22779846,58887,58897,10
12.90030956,80.22786713,58897,58907,10
12.90083027,80.22792053,58907,58917,10
12.90104961,80.2279129,58917,58928,11
12.90128994,80.2279129,58928,58938,10
12.90151024,80.22794342,58938,58948,10
12.90190983,80.22794342,58948,58958,10
12.90200043,80.22795105,58958,58968,10
12.90221977,80.22796631,58968,58978,10
12.9029398,80.22801971,58978,58988,10
12.90386009,80.22805786,58988,58998,10
12.90458012,80.22810364,58998,59009,11
12.90532017,80.22814178,59009,59019,10
12.90598965,80.22817993,59019,59029,10
12.90627003,80.22821808,59029,59039,10
12.90647984,80.22825623,59039,59049,10
12.90694046,80.22828674,59049,59059,10
12.90771961,80.22839355,59059,59069,10
12.90874004,80.22853088,59069,59079,10
12.90995979,80.2287674,59079,59090,11
12.91164017,80.22901917,59090,59100,10
12.91273975,80.22917175,59100,59110,10
12.91374969,80.22928619,59110,59120,10
12.91401005,80.22931671,59120,59130,10
12.9141798,80.22934723,59130,59140,10
12.91485977,80.22944641,59140,59150,10
12.91596985,80.22962189,59150,59160,10
12.91738987,80.22981262,59160,59171,11
12.91891003,80.2300415,59171,59181,10
12.92022038,80.23016357,59181,59191,10
12.92175007,80.2303772,59191,59201,10
12.92331028,80.23062134,59201,59211,10
12.92492008,80.23084259,59211,59221,10
12.92613029,80.23097992,59221,59231,10
12.9265604,80.23098755,59231,59241,10
12.92687988,80.23104095,59241,59252,11
12.9278698,80.23116302,59252,59262,10
12.92895031,80.2313385,59262,59272,10
12.93021011,80.23161316,59272,59282,10
12.93165016,80.23206329,59282,59292,10
12.93295002,80.23248291,59292,59302,10
12.93348026,80.23267365,59302,59312,10
12.93354988,80.23274231,59312,59322,10
12.9339304,80.23284149,59322,59333,11
12.93500042,80.23339081,59333,59343,10
12.93597984,80.23387146,59343,59353,10
12.93698025,80.23433685,59353,59363,10
12.93824959,80.23493958,59363,59373,10
12.93927002,80.23544312,59373,59385,12
12.93943024,80.23551941,59385,59397,12
12.93964958,80.23564148,59397,59408,11
12.93980026,80.23570251,59408,59418,10
12.94050026,80.23596191,59418,59428,10
12.94157028,80.23623657,59428,59438,10
12.94268036,80.23655701,59438,59448,10
12.94349003,80.23715973,59448,59458,10
12.94414043,80.23786163,59458,59468,10
12.94495964,80.23876953,59468,59478,10
12.94612026,80.23950195,59478,59489,11
12.9471302,80.23992157,59489,59499,10
12.94721031,80.23995209,59499,59509,10
12.94752026,80.2401123,59509,59519,10
12.94838047,80.24047089,59519,59529,10
12.94954014,80.24092102,59529,59539,10
12.95067978,80.24124146,59539,59549,10
12.95098019,80.24136353,59549,59559,10
12.95116043,80.24144745,59559,59570,11
12.95174026,80.24166107,59570,59580,10
12.95263958,80.24198914,59580,59590,10
12.95370007,80.24239349,59590,59600,10
12.95394993,80.24247742,59600,59610,10
12.95483017,80.24279785,59610,59620,10
12.95565987,80.24317932,59620,59630,10
12.95625973,80.24343109,59630,59640,10
12.95627975,80.24343109,59640,59651,11
12.95641041,80.24347687,59651,59661,10
12.95691013,80.24365234,59661,59671,10
12.95777988,80.2440033,59671,59681,10
12.95866013,80.24434662,59681,59691,10
12.95884037,80.24442291,59691,59701,10
12.95909977,80.24458313,59701,59711,10
12.95979977,80.24490356,59711,59722,11
12.96105003,80.2454834,59722,59732,10
12.96243,80.24617004,59732,59742,10
12.96345997,80.24669647,59742,59752,10
12.96428013,80.24704742,59752,59762,10
12.96508026,80.24732208,59762,59772,10
12.96595001,80.24756622,59772,59782,10
12.96665955,80.24786377,59782,59792,10
12.96673965,80.24790192,59792,59803,11
12.96687031,80.24797058,59803,59813,10
12.96730042,80.24816895,59813,59823,10
12.96823978,80.24858856,59823,59833,10
12.9693203,80.24902344,59833,59843,10
12.9703598,80.24942017,59843,59853,10
12.97142029,80.24976349,59853,59863,10
12.97247982,80.25006104,59863,59873,10
12.97350979,80.25032806,59873,59884,11
12.97441959,80.25061035,59884,59894,10
12.97554016,80.25093079,59894,59904,10
12.97692966,80.251297,59904,59914,10
12.97854042,80.25237274,59914,59934,20
12.97854042,80.25237274,59934,59944,10
12.97883034,80.25251007,59944,59954,10
12.97972012,80.25266266,59954,59965,11
12.98077011,80.25273132,59965,59975,10
12.98161983,80.25266266,59975,59985,10
12.98270035,80.25258636,59985,59995,10
12.98402023,80.25234222,59995,60005,10
12.98507023,80.25205231,60005,60015,10
12.98571968,80.25186157,60015,60025,10
12.98614025,80.25177002,60025,60035,10
12.98703003,80.25154114,60035,60137,102
12.98703003,80.25154114,60137,60147,10
12.9871397,80.25151825,60147,60157,10
12.98756027,80.25141907,60157,60167,10
12.98816013,80.25125122,60167,60177,10
12.98908043,80.25102234,60177,60187,10
12.98946953,80.25093842,60187,60197,10
12.98956966,80.2509613,60197,60208,11
12.99022007,80.25079346,60208,60218,10
12.99127007,80.2505188,60218,60228,10
12.99260044,80.25018311,60228,60238,10
12.99400043,80.24983215,60238,60248,10
12.99565983,80.24939728,60248,60258,10
12.99687958,80.24907684,60258,60268,10
12.99860954,80.24864197,60268,60279,11
13.00008011,80.24829865,60279,60289,10
13.00156021,80.24790192,60289,60299,10
13.00300026,80.24759674,60299,60309,10
13.00448036,80.24739838,60309,60319,10
13.00566959,80.24717712,60319,60329,10
13.00638008,80.24674225,60329,60339,10
13.00648022,80.24655914,60339,60349,10
13.00658035,80.24636078,60349,60360,11
13.00664043,80.24556732,60360,60370,10
13.00660038,80.24449158,60370,60380,10
13.00656033,80.24336243,60380,60390,10
13.00650024,80.24233246,60390,60400,10
13.00652981,80.24121857,60400,60410,10
13.00664997,80.2403717,60410,60420,10
13.00667,80.24031067,60420,60430,10
13.0067997,80.23995209,60430,60441,11
13.00697041,80.23912811,60441,60451,10
13.00712013,80.2381897,60451,60461,10
13.00728989,80.23745728,60461,60471,10
13.00736046,80.2368927,60471,60491,20
13.00736046,80.2368927,60491,60501,10
13.00743008,80.23674011,60501,60511,10
13.00755024,80.23635864,60511,60522,11
13.00771999,80.23551941,60522,60532,10
13.00778961,80.23512268,60532,60542,10
13.0079298,80.23435211,60542,60552,10
13.00813961,80.23330688,60552,60562,10
13.00839043,80.2321167,60562,60572,10
13.00862026,80.23081207,60572,60582,10
13.00889015,80.22943115,60582,60592,10
13.00920963,80.22820282,60592,60603,11
13.00971985,80.22698212,60603,60613,10
13.01014042,80.22609711,60613,60623,10
13.01039982,80.22553253,60623,60633,10
13.01043034,80.22550964,60633,60643,10
13.01060963,80.22512817,60643,60653,10
13.01076031,80.22476196,60653,60663,10
13.01099968,80.22418976,60663,60673,10
13.0112896,80.22348785,60673,60684,11
13.01158047,80.22270203,60684,60694,10
13.01202965,80.22184753,60694,60704,10
13.01231956,80.22158051,60704,60714,10
13.0125103,80.22190857,60714,60724,10
13.01319981,80.22261047,60724,60734,10
13.01375961,80.22322845,60734,60744,10
13.01422024,80.22358704,60744,60754,10
13.01451015,80.22389221,60754,60765,11
13.01504993,80.22463226,60765,60775,10
13.01509953,80.22470093,60775,60785,10
13.0153904,80.2249527,60785,60795,10
13.01548958,80.22502136,60795,60805,10
13.01583958,80.22530365,60805,60815,10
13.0163002,80.22537994,60815,60825,10
13.01692963,80.22519684,60825,60836,11
13.01780033,80.22486115,60836,60846,10
13.01850986,80.22458649,60846,60856,10
13.01920986,80.22445679,60856,60866,10
13.02003002,80.22480774,60866,60876,10
13.02091026,80.22544098,60876,60886,10
13.02165031,80.2259903,60886,60896,10
13.0222702,80.22646332,60896,60906,10
13.02250004,80.22666168,60906,60917,11
13.0225296,80.22669983,60917,60927,10
13.02291965,80.22705841,60927,60937,10
13.02365971,80.22776794,60937,60947,10
13.02418041,80.22830963,60947,60957,10
13.02429962,80.22847748,60957,60967,10
13.02460003,80.22889709,60967,60987,20
13.02460003,80.22889709,60987,60998,11
13.02462006,80.22892761,60998,61008,10
13.02497005,80.22939301,61008,61018,10
13.02562046,80.23027039,61018,61028,10
13.02602005,80.23105621,61028,61058,30
13.02602005,80.23105621,61058,61069,11
13.02598,80.23124695,61069,61079,10
13.02600002,80.23139954,61079,61089,10
13.02614021,80.23188782,61089,61099,10
13.0265398,80.23285675,61099,61119,20
13.0265398,80.23285675,61119,61129,10
13.0265398,80.23301697,61129,61139,10
13.02686024,80.23352051,61139,61150,11
13.02740955,80.23441315,61150,61160,10
13.02807045,80.23555756,61160,61170,10
13.02888012,80.23648834,61170,61180,10
13.02978039,80.2375412,61180,61190,10
13.03050995,80.23872375,61190,61200,10
13.03096008,80.23948669,61200,61210,10
13.03133965,80.24008942,61210,61220,10
13.03145981,80.2405777,61220,61230,10
13.03143024,80.2408371,61230,61241,11
13.03164005,80.24121857,61241,61251,10
13.03180027,80.24153137,61251,61261,10
13.03201008,80.24196625,61261,61271,10
13.03252983,80.24259949,61271,61281,10
13.03314018,80.24344635,61281,61291,10
13.03369045,80.24421692,61291,61301,10
13.03419971,80.24485779,61301,61311,10
13.03458023,80.24537659,61311,61322,11
13.03505993,80.24591827,61322,61332,10
13.03540039,80.24609375,61332,61342,10
13.03544044,80.24610138,61342,61352,10
13.03567982,80.24620819,61352,61362,10
13.03584003,80.24629974,61362,61372,10
13.03617954,80.24642944,61372,61382,10
13.03684998,80.24652863,61382,61393,11
13.03744984,80.24645233,61393,61403,10
13.03800011,80.24658203,61403,61413,10
13.03874016,80.24678802,61413,61423,10
13.03909016,80.24687958,61423,61463,40
13.03909016,80.24687958,61463,61474,11
13.03966045,80.24698639,61474,61484,10
13.04067993,80.24719238,61484,61494,10
13.04189968,80.24739838,61494,61504,10
13.04275036,80.24768066,61504,61514,10
13.04337978,80.24787903,61514,61524,10
13.04393959,80.24780273,61524,61534,10
13.04446983,80.24793243,61534,61544,10
13.04479027,80.24797058,61544,61555,11
13.0451498,80.24822235,61555,61565,10
13.04570007,80.24846649,61565,61575,10
13.04640961,80.24858093,61575,61585,10
13.04691029,80.24848175,61585,61595,10
13.04708004,80.24848938,61595,61605,10
13.04761982,80.24887848,61605,61615,10
13.04792023,80.24918365,61615,61625,10
13.04823971,80.24951172,61625,61636,11
13.04862976,80.24973297,61636,61646,10
13.04934025,80.24983215,61646,61656,10
13.05039024,80.25,61656,61666,10
13.05154991,80.25032806,61666,61676,10
13.05241966,80.25113678,61676,61686,10
13.05313015,80.25211334,61686,61696,10
13.05373001,80.25287628,61696,61706,10
13.05436039,80.25377655,61706,61717,11
13.05500031,80.25460815,61717,61727,10
13.05548,80.25524139,61727,61737,10
13.05587006,80.25578308,61737,61747,10
13.05609035,80.25610352,61747,61757,10
13.05642033,80.25652313,61757,61767,10
13.05667973,80.25682068,61767,61777,10
13.05727959,80.25736237,61777,61787,10
13.05772972,80.25769806,61787,61798,11
13.05815983,80.25823975,61798,61808,10
13.05862045,80.2588501,61808,61818,10
13.0590601,80.25939178,61818,61828,10
13.05947018,80.26004028,61828,61838,10
13.06000996,80.26053619,61838,61848,10
13.06052017,80.2611084,61848,61858,10
13.06058979,80.26123047,61858,61869,11
13.06089973,80.26168823,61869,61879,10
13.06130981,80.26216125,61879,61889,10
13.06161976,80.26242065,61889,61899,10
13.06196976,80.26286316,61899,61909,10
13.06247997,80.26354218,61909,61919,10
13.06270981,80.26386261,61919,61929,10
13.06311035,80.26431274,61929,61939,10
13.06354046,80.26496124,61939,61950,11
13.06377029,80.26528168,61950,61960,10
13.06390953,80.26544189,61960,61970,10
13.06402969,80.26564026,61970,61980,10
13.06416035,80.26577759,61980,61990,10
13.06431961,80.26589966,61990,62000,10
13.06443024,80.26600647,62000,62010,10
13.06459045,80.26624298,62010,62020,10
13.06468964,80.26644135,62020,62031,11
13.0648098,80.26663208,62031,62041,10
13.06509018,80.26695251,62041,62051,10
13.06577015,80.26750183,62051,62071,20
13.06577015,80.26750183,62071,62081,10
13.06595039,80.26779938,62081,62091,10
13.06634998,80.26831818,62091,62112,21
13.06634998,80.26831818,62112,62122,10
13.0664196,80.26837921,62122,62132,10
13.06671047,80.26850128,62132,62142,10
13.06709003,80.26876068,62142,62152,10
13.06762981,80.26909637,62152,62162,10
13.06826019,80.26956177,62162,62172,10
13.06822014,80.2701416,62172,62182,10
13.06812954,80.27086639,62182,62193,11
13.06836033,80.27165222,62193,62203,10
13.06896019,80.2720108,62203,62213,10
13.0692997,80.27226257,62213,62223,10
13.0696497,80.27265167,62223,62233,10
13.07003021,80.27307892,62233,62243,10
13.07034969,80.27346039,62243,62253,10
13.07063007,80.27388,62253,62263,10
13.0706501,80.27390289,62263,62274,11
13.07094955,80.27417755,62274,62284,10
13.07126999,80.27427673,62284,62294,10
13.07190037,80.27458191,62294,62304,10
13.07244968,80.27516937,62304,62314,10
13.07304955,80.27577972,62314,62324,10
13.07347965,80.27620697,62324,62334,10
13.07376003,80.27635956,62334,62345,11
13.07448006,80.27633667,62345,62355,10
13.07540035,80.27631378,62355,62365,10
13.07629967,80.27628326,62365,62375,10
13.07703972,80.27626038,62375,62385,10
13.07781982,80.27620697,62385,62395,10
13.07822037,80.27584076,62395,62405,10
13.07851028,80.27526093,62405,62415,10
13.07909966,80.27519226,62415,62426,11
13.07977009,80.27533722,62426,62436,10
13.08051968,80.27528381,62436,62557,121
13.08051968,80.27528381,62557,62567,10
13.08069038,80.2752533,62567,62577,10
13.08108044,80.27519989,62577,62588,11
13.08145046,80.27516174,62588,62598,10
13.08189011,80.2752533,62598,62608,10
13.08207989,80.2754364,62608,62618,10
13.08213043,80.27584076,62618,63976,1358
13.08213043,80.27584076,63976,63986,10
13.08205032,80.27594757,63986,63997,11
13.08185959,80.27606201,63997,64007,10
13.08181953,80.27641296,64007,64017,10
13.08183002,80.27684784,64017,64027,10
13.08187962,80.27742004,64027,64037,10
13.08205986,80.27812195,64037,64068,31
13.08213997,80.27825165,64068,64118,50
13.08213997,80.27825165,64118,64128,10
13.08207989,80.27848053,64128,64138,10
13.08193016,80.27796173,64138,64149,11
13.08181953,80.2767334,64149,64159,10
13.08172035,80.27622223,64159,64169,10
13.08170986,80.27609253,64169,64179,10
13.08160973,80.27562714,64179,64189,10
13.08139992,80.27523041,64189,64199,10
13.08075047,80.27528381,64199,64209,10
13.07983017,80.27536011,64209,64219,10
13.07884979,80.27519989,64219,64230,11
13.07822037,80.27586365,64230,64240,10
13.07758045,80.27626038,64240,64250,10
13.07691956,80.27629852,64250,64260,10
13.07631016,80.27633667,64260,64270,10
13.07553005,80.27635193,64270,64280,10
13.07499981,80.27635193,64280,64290,10
13.07439995,80.27642059,64290,64311,21
13.07439995,80.27642059,64311,64321,10
13.07398033,80.27644348,64321,64331,10
13.07345963,80.27635956,64331,64341,10
13.07285976,80.27574158,64341,64351,10
13.07190037,80.27471161,64351,64422,71
13.07190037,80.27471161,64422,64432,10
13.07170963,80.27458954,64432,64442,10
13.07102013,80.27446747,64442,64452,10
13.07069969,80.27422333,64452,64462,10
13.07063961,80.27413177,64462,64473,11
13.07046032,80.27371979,64473,64483,10
13.07026005,80.2734375,64483,64493,10
13.06991005,80.27301788,64493,64503,10
13.06941032,80.27249146,64503,64513,10
13.0689497,80.27204132,64513,64523,10
13.06855011,80.27200317,64523,64574,51
13.06855011,80.27200317,64574,64584,10
13.06830025,80.27184296,64584,64594,10
13.06801987,80.27144623,64594,64604,10
13.06783009,80.27097321,64604,64614,10
13.06735992,80.27052307,64614,64625,11
13.06653023,80.26952362,64625,64635,10
13.0664196,80.26878357,64635,64645,10
13.06604004,80.26811981,64645,64655,10
13.06552982,80.26772308,64655,64665,10
13.06529999,80.26767731,64665,64675,10
13.0651598,80.26766205,64675,64685,10
13.06449032,80.26747894,64685,64695,10
13.0639801,80.26737976,64695,64706,11
13.0635004,80.26732635,64706,64716,10
13.06322002,80.26724243,64716,64726,10
13.06289005,80.26717377,64726,64736,10
13.06256008,80.26686859,64736,64746,10
13.06212044,80.26637268,64746,64756,10
13.06165028,80.26580048,64756,64766,10
13.06130981,80.26534271,64766,64776,10
13.0610199,80.26515961,64776,64787,11
13.06052971,80.26541138,64787,64797,10
13.06050968,80.26542664,64797,64807,10
13.0600996,80.26561737,64807,64817,10
13.05955982,80.26563263,64817,64827,10
13.05937958,80.26557159,64827,64837,10
13.05920982,80.26548767,64837,64847,10
13.05881023,80.26537323,64847,64857,10
13.0583601,80.26528168,64857,64868,11
13.05807018,80.2648468,64868,64878,10
13.05795956,80.26412964,64878,64888,10
13.05786037,80.26339722,64888,64898,10
13.05786037,80.26291656,64898,64908,10
13.05780029,80.26264954,64908,64918,10
13.05770969,80.26213837,64918,64928,10
13.05760956,80.26165009,64928,64938,10
13.05747986,80.26103973,64938,64949,11
13.05727005,80.2603302,64949,64959,10
13.05708027,80.25969696,64959,64969,10
13.05690002,80.25911713,64969,64979,10
13.05673981,80.25872803,64979,64989,10
13.05667019,80.25845337,64989,64999,10
13.05661964,80.25810242,64999,65009,10
13.05655003,80.25772858,65009,65020,11
13.05652046,80.2575531,65020,65030,10
13.05650043,80.2574234,65030,65040,10
13.05644035,80.25714111,65040,65050,10
13.0563097,80.25669861,65050,65060,10
13.05609035,80.25626373,65060,65070,10
13.05570984,80.25563812,65070,65080,10
13.05519962,80.25491333,65080,65090,10
13.05453968,80.25399017,65090,65101,11
13.05379963,80.25298309,65101,65111,10
13.05323982,80.25219727,65111,65121,10
13.05257988,80.25131989,65121,65131,10
13.0519104,80.25050354,65131,65141,10
13.05088997,80.25002289,65141,65151,10
13.04981995,80.24981689,65151,65161,10
13.04883957,80.2497406,65161,65171,10
13.04815006,80.24942017,65171,65182,11
13.04708958,80.24862671,65182,65202,20
13.04708958,80.24862671,65202,65212,10
13.04673004,80.24858093,65212,65222,10
13.04605961,80.2484436,65222,65232,10
13.04541016,80.24819946,65232,65242,10
13.04477978,80.24801636,65242,65252,10
13.04391956,80.24790955,65252,65263,11
13.04304981,80.24781799,65263,65273,10
13.04251957,80.24768066,65273,65283,10
13.04191017,80.24754333,65283,65293,10
13.04092026,80.24730682,65293,65303,10
13.03989983,80.24717712,65303,65313,10
13.03925991,80.24697876,65313,65323,10
13.03876972,80.24681854,65323,65333,10
13.03843975,80.24668121,65333,65344,11
13.03818989,80.24668121,65344,65354,10
13.0376997,80.24662018,65354,65364,10
13.03705978,80.24653625,65364,65374,10
13.03662968,80.24643707,65374,65384,10
13.03662014,80.24642944,65384,65394,10
13.03654003,80.24635315,65394,65404,10
13.03617954,80.24629974,65404,65414,10
13.03553009,80.24611664,65414,65425,11
13.0352602,80.24606323,65425,65435,10
13.03516006,80.24603271,65435,65445,10
13.03481007,80.24569702,65445,65455,10
13.0344696,80.24526978,65455,65465,10
13.03384018,80.24443817,65465,65475,10
13.03300953,80.24337769,65475,65485,10
13.0322504,80.24240112,65485,65496,11
13.03192043,80.24189758,65496,65587,91
13.03192043,80.24189758,65587,65597,10
13.03190041,80.24178314,65597,65607,10
13.03172016,80.24141693,65607,65617,10
13.03147984,80.24093628,65617,65627,10
13.03127003,80.24047089,65627,65637,10
13.03104019,80.23989868,65637,65647,10
13.03061008,80.23905945,65647,65658,11
13.02997971,80.23796082,65658,65668,10
13.02945042,80.23718262,65668,65678,10
13.02900982,80.23667908,65678,65688,10
13.0283699,80.23593903,65688,65698,10
13.02773952,80.2351532,65698,65708,10
13.02750015,80.23471832,65708,65749,41
13.02750015,80.23471832,65749,65759,10
13.02731037,80.23438263,65759,65769,10
13.0271101,80.23410034,65769,65779,10
13.02694035,80.2338562,65779,65789,10
13.02678013,80.23356628,65789,65799,10
13.02653027,80.23313904,65799,65809,10
13.02628994,80.2326889,65809,65820,11
13.0262804,80.23267365,65820,65830,10
13.02624035,80.23229218,65830,65850,20
13.02620029,80.23197174,65850,65870,20
13.02620029,80.23197174,65870,65880,10
13.02610016,80.23178864,65880,65891,11
13.02608967,80.23175812,65891,65901,10
13.02598953,80.23139954,65901,65911,10
13.02573013,80.23062134,65911,65921,10
13.02511978,80.22969055,65921,65931,10
13.02451992,80.22892761,65931,65941,10
13.02390003,80.2281723,65941,65951,10
13.02338982,80.22763824,65951,65992,41
13.02338982,80.22763824,65992,66002,10
13.02307987,80.22721863,66002,66012,10
13.02254009,80.2266922,66012,66022,10
13.02198029,80.22624207,66022,66032,10
13.02138996,80.22579956,66032,66042,10
13.02075958,80.22531891,66042,66053,11
13.02007961,80.22492218,66053,66063,10
13.01968002,80.22467041,66063,66073,10
13.01887989,80.2244873,66073,66083,10
13.01782036,80.22489166,66083,66093,10
13.01667976,80.22537994,66093,66103,10
13.01568031,80.22573853,66103,66113,10
13.01474953,80.22615051,66113,66123,10
13.01432037,80.22631836,66123,66134,11
13.01416016,80.22635651,66134,66144,10
13.01366997,80.2265625,66144,66154,10
13.01301003,80.2268219,66154,66164,10
13.01214027,80.22715759,66164,66174,10
13.01111984,80.22756195,66174,66184,10
13.01006031,80.22799683,66184,66194,10
13.00920963,80.22846985,66194,66204,10
13.00899029,80.22942352,66204,66215,11
13.00877953,80.23052216,66215,66225,10
13.00862026,80.23136902,66225,66235,10
13.00846958,80.23220062,66235,66245,10
13.00823021,80.23365784,66245,66265,20
13.00823021,80.23365784,66265,66275,10
13.00811005,80.23391724,66275,66285,10
13.0080204,80.23448181,66285,66296,11
13.00780964,80.23549652,66296,66306,10
13.00763035,80.23638153,66306,66316,10
13.00751019,80.23710632,66316,66326,10
13.00739956,80.23764038,66326,66336,10
13.00730038,80.23822784,66336,66346,10
13.00724983,80.23848724,66346,66356,10
13.00714016,80.23908997,66356,66367,11
13.00687981,80.24021149,66367,66448,81
13.00687981,80.24021149,66448,66458,10
13.00685978,80.24069977,66458,66468,10
13.00681019,80.24095917,66468,66478,10
13.00673962,80.24188995,66478,66488,10
13.00673962,80.24188995,66488,66498,10
13.00673008,80.24288177,66498,66508,10
13.00671005,80.24346161,66508,66518,10
13.00669003,80.24376678,66518,66539,21
13.00669003,80.24376678,66539,66550,11
13.00666046,80.24433899,66550,66561,11
13.00666046,80.24504852,66561,66571,10
13.00667953,80.2455368,66571,66581,10
13.00671005,80.24597931,66581,66591,10
13.00673962,80.24635315,66591,66642,51
13.00673962,80.24635315,66642,66652,10
13.00677013,80.24707794,66652,66662,10
13.00629044,80.2474823,66662,66723,61
13.00629044,80.2474823,66723,66733,10
13.00590038,80.24739838,66733,66743,10
13.00527954,80.24741364,66743,66753,10
13.00444031,80.2474823,66753,66763,10
13.00358009,80.247612,66763,66774,11
13.00255013,80.24777222,66774,66784,10
13.00162029,80.2480011,66784,66794,10
13.00065994,80.24825287,66794,66804,10
12.99965954,80.24849701,66804,66814,10
12.99864006,80.24877167,66814,66824,10
12.99800014,80.24894714,66824,66855,31
12.99800014,80.24894714,66855,66865,10
12.99757957,80.24902344,66865,66875,10
12.99672031,80.2492218,66875,66885,10
12.99557018,80.24951935,66885,66895,10
12.99419975,80.24987793,66895,66905,10
12.99263,80.25025177,66905,66915,10
12.99135971,80.25060272,66915,66926,11
12.99096012,80.25071716,66926,66936,10
12.99088001,80.25071716,66936,66946,10
12.99034023,80.25083923,66946,66956,10
12.98948002,80.25106049,66956,66966,10
12.98857975,80.251297,66966,66976,10
12.98814964,80.25144958,66976,67189,213
12.98814964,80.25144958,67189,67199,10
12.98773956,80.25150299,67199,67209,10
12.98738003,80.25160217,67209,67219,10
12.98682022,80.25176239,67219,67229,10
12.98624039,80.25190735,67229,67240,11
12.98540974,80.25212097,67240,67250,10
12.98453999,80.25234985,67250,67260,10
12.98369026,80.25257111,67260,67270,10
12.98281002,80.25272369,67270,67280,10
12.98173046,80.25276947,67280,67290,10
12.98060989,80.25279236,67290,67300,10
12.97949028,80.25279236,67300,67310,10
12.9786396,80.25267792,67310,67321,11
12.97856045,80.25266266,67321,67331,10
12.97844982,80.25257111,67331,67341,10
12.97795963,80.25218201,67341,67351,10
12.97717953,80.25154877,67351,67361,10
12.97612,80.25115967,67361,67371,10
12.97504044,80.25083923,67371,67381,10
12.97395039,80.25054932,67381,67391,10
12.97286987,80.2502594,67391,67402,11
12.97169971,80.24996185,67402,67412,10
12.97058964,80.24964142,67412,67422,10
12.96965981,80.24929047,67422,67432,10
12.96875954,80.24894714,67432,67442,10
12.96778011,80.2485199,67442,67452,10
12.96706963,80.24820709,67452,67462,10
12.96648026,80.24790955,67462,67472,10
12.96512032,80.24741364,67472,67493,21
12.96512032,80.24741364,67493,67503,10
12.96490002,80.24732971,67503,67513,10
12.96424961,80.24710083,67513,67523,10
12.9635601,80.24681091,67523,67533,10
12.96278,80.24639893,67533,67543,10
12.96191025,80.24597931,67543,67553,10
12.96098995,80.2455368,67553,67564,11
12.95993042,80.24510193,67564,67574,10
12.95948029,80.24490356,67574,67584,10
12.95944023,80.24488831,67584,67594,10
12.95903015,80.24466705,67594,67604,10
12.95820999,80.24432373,67604,67614,10
12.95748997,80.24404907,67614,67624,10
12.95678043,80.24388885,67624,67634,10
12.95643044,80.24378204,67634,67645,11
12.95629978,80.24373627,67645,67655,10
12.95578003,80.24344635,67655,67665,10
12.95487022,80.24298859,67665,67675,10
12.9539299,80.24259186,67675,67685,10
12.95291996,80.24215698,67685,67695,10
12.95199966,80.24185944,67695,67705,10
12.95184994,80.2417984,67705,67715,10
12.9517498,80.24176788,67715,67726,11
12.95104027,80.24150085,67726,67736,10
12.95007992,80.24118805,67736,67746,10
12.94933987,80.24099731,67746,67766,20
12.94933987,80.24099731,67766,67776,10
12.94915962,80.24093628,67776,67786,10
12.94851971,80.24063873,67786,67797,11
12.94715023,80.24008179,67797,67817,20
12.94715023,80.24008179,67817,67827,10
12.94686031,80.23995209,67827,67837,10
12.94608021,80.23961639,67837,67847,10
12.94505978,80.2390213,67847,67857,10
12.9442997,80.23825073,67857,67867,10
12.94330978,80.23722076,67867,67878,11
12.9419899,80.23648071,67878,67888,10
12.94099998,80.23622894,67888,67898,10
12.93974018,80.23584747,67898,67918,20
12.93974018,80.23584747,67918,67928,10
12.93949986,80.23571777,67928,67938,10
12.93879986,80.23536682,67938,67948,10
12.93785954,80.23490143,67948,67959,11
12.93675041,80.23436737,67959,67969,10
12.93575954,80.23390198,67969,67979,10
12.93470955,80.23339844,67979,67989,10
12.93398952,80.23310089,67989,67999,10
12.93391037,80.233078,67999,68009,10
12.93387985,80.23304749,68009,68019,10
12.93332005,80.23278809,68019,68029,10
12.93237019,80.23242188,68029,68040,11
12.93101025,80.23195648,68040,68050,10
12.92971039,80.2315979,68050,68060,10
12.92895031,80.23143005,68060,68070,10
12.92846012,80.23135376,68070,68080,10
12.92745972,80.23121643,68080,68090,10
12.92634964,80.23111725,68090,68100,10
12.92609978,80.23108673,68100,68110,10
12.9260397,80.2310791,68110,68121,11
12.92545986,80.23098755,68121,68131,10
12.92459965,80.23088074,68131,68141,10
12.92354012,80.23074341,68141,68151,10
12.92228031,80.23053741,68151,68161,10
12.92088032,80.23036194,68161,68171,10
12.9193697,80.23016357,68171,68181,10
12.91788006,80.22995758,68181,68191,10
12.91676044,80.22982788,68191,68202,11
12.91543961,80.22963715,68202,68212,10
12.91425037,80.22946167,68212,68222,10
12.91335964,80.22939301,68222,68252,30
12.91335964,80.22939301,68252,68262,10
12.91318989,80.22933197,68262,68272,10
12.91261959,80.22924042,68272,68283,11
12.91158962,80.22908783,68283,68293,10
12.91049957,80.22894287,68293,68303,10
12.90944958,80.22878265,68303,68312,9
12.90820026,80.2285614,68312,68323,11
12.90709972,80.22841644,68323,68364,41
12.90709972,80.22841644,68364,68374,10
12.90695953,80.2283783,68374,68384,10
12.9063797,80.22833252,68384,68394,10
12.90538979,80.22827148,68394,68404,10
12.90423965,80.22820282,68404,68414,10
12.90312958,80.22815704,68414,68424,10
12.90225983,80.22810364,68424,68435,11
12.90130997,80.22807312,68435,68526,91
12.90130997,80.22807312,68526,68536,10
12.90114975,80.22807312,68536,68546,10
12.90081978,80.22802734,68546,68556,10
12.90042019,80.2279892,68556,68566,10
12.89992046,80.22795868,68566,68576,10
12.89953995,80.22795868,68576,68617,41
12.89953995,80.22795868,68617,68627,10
12.89931011,80.22792816,68627,68637,10
12.89881992,80.22789764,68637,68647,10
12.89815998,80.2278595,68647,68657,10
12.89737988,80.22781372,68657,68667,10
12.89645004,80.22776794,68667,68678,11
12.89535046,80.2277298,68678,68688,10
12.89439964,80.22769928,68688,68698,10
12.89360046,80.22763062,68698,68708,10
12.89323044,80.22759247,68708,68718,10
12.89276028,80.22756195,68718,68789,71
12.89276028,80.22756195,68789,68799,10
12.89227962,80.22749329,68799,68809,10
12.89148045,80.22744751,68809,68819,10
12.89046955,80.22743988,68819,68830,11
12.88914967,80.22743225,68830,68840,10
12.88788033,80.22737122,68840,68850,10
12.88696003,80.22724152,68850,68860,10
12.88586998,80.22698212,68860,68870,10
12.88477039,80.2268219,68870,68890,20
12.88477039,80.2268219,68890,68900,10
12.88469982,80.22679901,68900,68911,11
12.88422012,80.22679901,68911,68921,10
12.88341045,80.22679901,68921,68931,10
12.88236046,80.22680664,68931,68941,10
12.88113976,80.2268219,68941,68951,10
12.87985039,80.22682953,68951,68961,10
12.87849998,80.22688293,68961,68971,10
12.87722015,80.22698975,68971,68981,10
12.87646008,80.22705841,68981,69022,41
12.87646008,80.22705841,69022,69032,10
12.87609959,80.22705841,69032,69042,10
12.87534046,80.22702026,69042,69052,10
12.87423992,80.22689056,69052,69062,10
12.87267017,80.22680664,69062,69083,21
12.87267017,80.22680664,69083,69093,10
12.87254047,80.22680664,69093,69103,10
12.87209988,80.22680664,69103,69113,10
12.87104988,80.22676086,69113,69123,10
12.86989021,80.22664642,69123,69133,10
12.86849976,80.22650146,69133,69143,10
12.86701965,80.22657013,69143,69154,11
12.86534977,80.22667694,69154,69165,11
12.86388016,80.22663879,69165,69174,9
12.86250973,80.22666168,69174,69185,11
12.86112976,80.22670746,69185,69215,30
12.86112976,80.22670746,69215,69226,11
12.86085033,80.2266922,69226,69236,10
12.86003971,80.22659302,69236,69246,10
12.85902023,80.22644043,69246,69256,10
12.85816002,80.22634888,69256,69266,10
12.85700989,80.22640991,69266,69276,10
12.85566044,80.22653198,69276,69286,10
12.85410976,80.22667694,69286,69296,10
12.85243034,80.22676086,69296,69307,11
12.85066032,80.22672272,69307,69317,10
12.84974957,80.22670746,69317,69327,10
12.84969044,80.22670746,69327,69337,10
12.84955978,80.2266922,69337,69347,10
12.8488903,80.22667694,69347,69357,10
12.84784031,80.22666931,69357,69367,10
12.84657001,80.22666931,69367,69377,10
12.84541988,80.22670746,69377,69408,31
12.84541988,80.22670746,69408,69418,10
12.84525013,80.22669983,69418,69428,10
12.84482956,80.22672272,69428,69438,10
12.84393978,80.22675323,69438,69448,10
12.84284019,80.22689819,69448,69458,10
12.84150028,80.22722626,69458,69469,11
12.84033012,80.2276001,69469,69479,10
12.83977985,80.22772217,69479,69489,10
12.83946991,80.22781372,69489,69499,10
12.83874035,80.22801971,69499,69509,10
12.8376503,80.22827148,69509,69519,10
12.83627033,80.22849274,69519,69529,10
12.83471966,80.22872162,69529,69539,10
12.83318043,80.22901154,69539,69550,11
12.8322897,80.22921753,69550,69570,20
12.8322897,80.22921753,69570,69580,10
12.8319397,80.22927094,69580,69590,10
12.83111954,80.22947693,69590,69600,10
12.83006001,80.22987366,69600,69610,10
12.82894993,80.23034668,69610,69621,11
12.82779026,80.23097992,69621,69631,10
12.82664967,80.23139954,69631,69641,10
12.82542038,80.23149872,69641,69651,10
12.8241396,80.23136139,69651,69661,10
12.8229599,80.23101044,69661,69671,10
12.82190037,80.23069763,69671,69681,10
12.82091045,80.2305603,69681,69691,10
12.81984997,80.23059082,69691,69702,11
12.81908035,80.23059845,69702,69712,10
12.81906033,80.23059845,69712,69722,10
12.81871033,80.23052216,69722,69732,10
12.81789017,80.23011017,69732,69742,10
12.81680012,80.22968292,69742,69752,10
12.81544018,80.22943878,69752,69762,10
12.81412029,80.22923279,69762,69772,10
12.8130703,80.22894287,69772,69783,11
12.81202984,80.22856903,69783,69793,10
12.81110954,80.22824097,69793,69803,10
12.81000042,80.2277832,69803,69813,10
12.80895996,80.22718048,69813,69823,10
12.80797958,80.22637939,69823,69833,10
12.80708027,80.22561646,69833,69843,10
12.80642033,80.22503662,69843,69853,10
12.80574989,80.22444916,69853,69864,11
12.80500031,80.22409821,69864,69914,50
12.80500031,80.22409821,69914,69924,10
12.80471039,80.22408295,69924,69934,10
12.80399036,80.22399902,69934,69945,11
12.80309963,80.22389984,69945,69955,10
12.80202007,80.22376251,69955,69965,10
12.80105972,80.22367859,69965,69975,10
12.80088043,80.22367096,69975,69985,10
12.80041981,80.22363281,69985,69995,10
12.79951954,80.22351837,69995,70005,10
12.79827023,80.22335052,70005,70016,11
12.7967701,80.22318268,70016,70026,10
12.79568958,80.22303009,70026,70046,20
12.79568958,80.22303009,70046,70056,10
12.79553032,80.22302246,70056,70066,10
12.7947998,80.22286987,70066,70076,10
12.79372025,80.22270966,70076,70086,10
12.79259014,80.22252655,70086,70097,11
12.79135036,80.222229,70097,70107,10
12.79020023,80.22193909,70107,70117,10
12.78954983,80.22176361,70117,70127,10
12.78903961,80.2215271,70127,70137,10
12.78837013,80.2212677,70137,70147,10
12.78785038,80.22109222,70147,70157,10
12.78746986,80.22093201,70157,70228,71
12.78746986,80.22093201,70228,70238,10
12.78703022,80.22075653,70238,70248,10
12.78641987,80.22055054,70248,70259,11
12.78623009,80.22044373,70259,70279,20
12.78623009,80.22044373,70279,70289,10
12.7858696,80.22029877,70289,70299,10
12.78563976,80.22020721,70299,70309,10
12.7846899,80.21971893,70309,70340,31
12.7846899,80.21971893,70340,70350,10
12.78444004,80.21955872,70350,70360,10
12.78374004,80.2191925,70360,70370,10
12.78267956,80.21858978,70370,70380,10
12.78137016,80.21788025,70380,70390,10
12.77989006,80.21707153,70390,70400,10
12.77828026,80.21621704,70400,70410,10
12.77674961,80.2155838,70410,70421,11
12.77546024,80.21504974,70421,70431,10
12.77416039,80.21452332,70431,70441,10
12.77276039,80.21398163,70441,70451,10
12.77140045,80.21349335,70451,70461,10
12.77048016,80.21318817,70461,70471,10
12.77033997,80.2131424,70471,70481,10
12.76980019,80.21295166,70481,70492,11
12.76877975,80.2125473,70492,70502,10
12.76756954,80.21211243,70502,70512,10
12.76613045,80.21157837,70512,70522,10
12.76451015,80.21099854,70522,70532,10
12.76298046,80.2104187,70532,70542,10
12.7615099,80.20980835,70542,70552,10
12.76012039,80.20913696,70552,70562,10
12.75967979,80.20890808,70562,70573,11
12.75938988,80.20874786,70573,70583,10
12.75862026,80.20832062,70583,70593,10
12.75755978,80.2077179,70593,70603,10
12.75634956,80.20703125,70603,70613,10
12.75496006,80.20628357,70613,70623,10
12.75349045,80.20549011,70623,70633,10
12.7521801,80.2048111,70633,70643,10
12.75127029,80.20433807,70643,70654,11
12.75104046,80.20422363,70654,70664,10
12.75041962,80.20388031,70664,70674,10
12.74944019,80.20336151,70674,70684,10
12.74820042,80.20271301,70684,70694,10
12.74674034,80.2019577,70694,70704,10
12.74522018,80.2011795,70704,70714,10
12.74419975,80.20041656,70714,70724,10
12.74398994,80.20015717,70724,70735,11
12.74351025,80.19960785,70735,70745,10
12.74283028,80.19880676,70745,70755,10
12.74203968,80.19786835,70755,70765,10
12.74168015,80.1973877,70765,70775,10
12.74158955,80.19725037,70775,70785,10
12.74118042,80.19667053,70785,70795,10
12.74057961,80.19582367,70795,70805,10
12.73981953,80.19477081,70805,70816,11
12.73888969,80.19346619,70816,70826,10
12.73791981,80.19230652,70826,70836,10
12.7367897,80.19119263,70836,70846,10
12.73585987,80.19029236,70846,70856,10
12.73542023,80.18995667,70856,70866,10
12.73503971,80.18978119,70866,70876,10
12.73414993,80.18962097,70876,70886,10
12.73301029,80.18952179,70886,70897,11
12.7318697,80.18929291,70897,70907,10
12.73106003,80.18920135,70907,70917,10
12.73052025,80.18914032,70917,70927,10
12.72974014,80.18904877,70927,70947,20
12.72974014,80.18904877,70947,70957,10
12.72957039,80.18901825,70957,70968,11
12.72871971,80.18894196,70968,70978,10
12.72772026,80.18869781,70978,70988,10
12.72696018,80.18847656,70988,70998,10
12.72630978,80.18830872,70998,71008,10
12.72498035,80.18811798,71008,71028,20
12.72498035,80.18811798,71028,71038,10
12.72467995,80.18804169,71038,71049,11
12.72397041,80.18788147,71049,71059,10
12.7235899,80.1877594,71059,71069,10
12.72303963,80.18762207,71069,71079,10
12.72262001,80.1875,71079,71089,10
12.72222996,80.1876297,71089,71140,51
12.72222996,80.1876297,71140,71150,10
12.72214985,80.18776703,71150,71160,10
12.72194958,80.18786621,71160,71211,51
12.72216034,80.18776703,71211,72457,1246
12.72222042,80.18746185,72457,72497,40
12.72222042,80.18746185,72497,72507,10
12.72268963,80.18752289,72507,72517,10
12.72301006,80.18760681,72517,72527,10
12.72338009,80.18771362,72527,72538,11
12.72399998,80.18789673,72538,72548,10
12.7244997,80.18801117,72548,72558,10
12.72457981,80.18802643,72558,72568,10
12.72476006,80.1880722,72568,72578,10
12.72507954,80.18814087,72578,72588,10
12.72511959,80.18814087,72588,72598,10
12.72537994,80.18818665,72598,72609,11
12.72593975,80.18829346,72609,72619,10
12.72646999,80.18837738,72619,72629,10
12.72716045,80.18855286,72629,72639,10
12.72780991,80.18872833,72639,72649,10
12.7285099,80.18894196,72649,72659,10
12.72912979,80.18907928,72659,72669,10
12.72964954,80.18908691,72669,72679,10
12.72966003,80.18908691,72679,72690,11
12.72986031,80.18910217,72690,72700,10
12.73036003,80.18917847,72700,72710,10
12.73116016,80.18924713,72710,72720,10
12.73211002,80.18939209,72720,72730,10
12.73324013,80.18955231,72730,72740,10
12.73433971,80.18965149,72740,72750,10
12.73550987,80.18997955,72750,72760,10
12.73641968,80.19078064,72760,72771,11
12.73742008,80.1917572,72771,72781,10
12.73840046,80.19274902,72781,72791,10
12.73929977,80.19394684,72791,72801,10
12.74015999,80.19515228,72801,72811,10
12.74098015,80.19628143,72811,72821,10
12.74170017,80.19727325,72821,72831,10
12.74193001,80.19757843,72831,72841,10
12.74223995,80.19799042,72841,72852,11
12.74300957,80.1989212,72852,72862,10
12.74396992,80.20002747,72862,72872,10
12.74514008,80.20108032,72872,72882,10
12.74662018,80.20185852,72882,72892,10
12.74812031,80.20262909,72892,72902,10
12.74956036,80.20336914,72902,72912,10
12.75053024,80.20385742,72912,72922,10
12.75113964,80.20417023,72922,72933,11
12.75197983,80.20465851,72933,72943,10
12.7531004,80.20522308,72943,72953,10
12.75440979,80.2059021,72953,72963,10
12.75590038,80.20671844,72963,72973,10
12.75724983,80.20749664,72973,72983,10
12.75868034,80.20825958,72983,72993,10
12.75988007,80.20890808,72993,73004,11
12.76014996,80.20906067,73004,73014,10
12.76091957,80.20947266,73014,73024,10
12.76204014,80.20999146,73024,73034,10
12.76340961,80.21054077,73034,73044,10
12.76484966,80.21109772,73044,73054,10
12.7663002,80.21160126,73054,73064,10
12.7677803,80.21214294,73064,73074,10
12.76928043,80.21269226,73074,73085,11
12.77073002,80.21320343,73085,73095,10
12.77103043,80.21331024,73095,73105,10
12.7714901,80.21347809,73105,73115,10
12.77239037,80.21379852,73115,73125,10
12.77357006,80.21425629,73125,73135,10
12.77503014,80.21482849,73135,73145,10
12.77665043,80.21549225,73145,73155,10
12.77807999,80.21611786,73155,73166,11
12.77958965,80.21690369,73166,73176,10
12.78092003,80.21762085,73176,73186,10
12.78217983,80.21829987,73186,73196,10
12.78334999,80.21894836,73196,73206,10
12.78415966,80.21942139,73206,73216,10
12.78487968,80.21981812,73216,73226,10
12.78561974,80.22019958,73226,73236,10
12.78619003,80.22042847,73236,73257,21
12.78619003,80.22042847,73257,73267,10
12.7864399,80.22054291,73267,73277,10
12.78656006,80.22058105,73277,73287,10
12.78680038,80.22068024,73287,73297,10
12.78740025,80.22090912,73297,73307,10
12.7881403,80.22119141,73307,73317,10
12.78901005,80.22151947,73317,73328,11
12.78969002,80.22177124,73328,73338,10
12.79030991,80.22190857,73338,73348,10
12.79125023,80.22213745,73348,73358,10
12.79216003,80.22238159,73358,73368,10
12.79331017,80.22257996,73368,73378,10
12.79459,80.22280121,73378,73388,10
12.79561996,80.22296906,73388,73398,10
12.79668999,80.22315216,73398,73409,11
12.79788971,80.22335815,73409,73419,10
12.79895973,80.22348022,73419,73429,10
12.79994965,80.22357178,73429,73439,10
12.80068016,80.22361755,73439,73449,10
12.80119991,80.22367096,73449,73459,10
12.80144024,80.22370911,73459,73469,10
12.80185032,80.22373962,73469,73480,11
12.80239964,80.22380066,73480,73490,10
12.8029604,80.22389221,73490,73500,10
12.80395985,80.22398376,73500,73510,10
12.80529976,80.22416687,73510,73550,40
12.80529976,80.22416687,73550,73561,11
12.80576038,80.22441101,73561,73571,10
12.80652046,80.22505951,73571,73581,10
12.80729008,80.22572327,73581,73591,10
12.80817986,80.22644043,73591,73601,10
12.8089304,80.22709656,73601,73611,10
12.80969048,80.22759247,73611,73621,10
12.81074047,80.22801208,73621,73631,10
12.81194019,80.22846222,73631,73642,11
12.81313992,80.22891998,73642,73652,10
12.81445026,80.22927856,73652,73662,10
12.81608963,80.22952271,73662,73672,10
12.8176899,80.22998047,73672,73682,10
12.81914043,80.23056793,73682,73692,10
12.8197298,80.23053741,73692,73702,10
12.82017994,80.23052979,73702,73713,11
12.82124043,80.23053741,73713,73722,9
12.82266045,80.23085785,73722,73733,11
12.82444,80.2313385,73733,73743,10
12.82616997,80.23143005,73743,73753,10
12.82775021,80.23097992,73753,73763,10
12.82931042,80.23014069,73763,73773,10
12.83106041,80.22943115,73773,73793,20
12.83106041,80.22943115,73793,73804,11
12.83106995,80.22942352,73804,73814,10
12.83158016,80.22926331,73814,73824,10
12.83248043,80.22907257,73824,73834,10
12.83372021,80.22885895,73834,73844,10
12.83518982,80.22860718,73844,73854,10
12.83646965,80.22841644,73854,73864,10
12.83812046,80.2281189,73864,73874,10
12.83895969,80.22789001,73874,73885,11
12.83911037,80.22783661,73885,73895,10
12.83932018,80.22781372,73895,73915,20
12.83932018,80.22781372,73915,73925,10
12.83967018,80.22767639,73925,73935,10
12.84041977,80.22750092,73935,73945,10
12.84154034,80.22720337,73945,73956,11
12.84313011,80.22686768,73956,73966,10
12.84445953,80.22669983,73966,73976,10
12.84504986,80.22666168,73976,73986,10
12.84537029,80.22664642,73986,74006,20
12.84537029,80.22664642,74006,74016,10
12.84547043,80.22667694,74016,74026,10
12.84576035,80.22663879,74026,74037,11
12.84663963,80.22663879,74037,74047,10
12.84778023,80.22663879,74047,74057,10
12.84916019,80.22663116,74057,74067,10
12.85072041,80.22663879,74067,74077,10
12.85241985,80.22672272,74077,74087,10
12.85406017,80.22666168,74087,74097,10
12.85566998,80.22648621,74097,74107,10
12.85686016,80.22637939,74107,74118,11
12.85801029,80.22628021,74118,74128,10
12.85857964,80.22628021,74128,74138,10
12.85951042,80.22640991,74138,74148,10
12.86061001,80.22657013,74148,74158,10
12.86077976,80.22660828,74158,74168,10
12.86124039,80.22663116,74168,74178,10
12.86223984,80.22662354,74178,74189,11
12.86359978,80.22659302,74189,74199,10
12.86536026,80.22663116,74199,74209,10
12.86692047,80.2265625,74209,74219,10
12.86863995,80.22644043,74219,74229,10
12.8705101,80.22664642,74229,74239,10
12.87207031,80.22672272,74239,74249,10
12.87302017,80.22673035,74249,74259,10
12.87413025,80.2268219,74259,74270,11
12.87537956,80.22698212,74270,74281,11
12.87611961,80.22701263,74281,74291,10
12.87662029,80.22695923,74291,74301,10
12.87672043,80.2269516,74301,74311,10
12.87705994,80.22689819,74311,74321,10
12.87792969,80.22683716,74321,74331,10
12.87909985,80.22678375,74331,74341,10
12.88053989,80.22675323,74341,74352,11
12.8823204,80.22673798,74352,74362,10
12.88385963,80.22673035,74362,74372,10
12.88492966,80.22672272,74372,74382,10
12.88519001,80.22673798,74382,74392,10
12.88521957,80.22673798,74392,74402,10
12.88578033,80.22685242,74402,74412,10
12.88677979,80.22714233,74412,74422,10
12.88811016,80.2273407,74422,74433,11
12.88984966,80.22738647,74433,74443,10
12.89134026,80.22737885,74443,74453,10
12.89243984,80.22741699,74453,74463,10
12.89317989,80.22750854,74463,74473,10
12.89424038,80.22766876,74473,74483,10
12.89505959,80.22772217,74483,74493,10
12.89624023,80.22776031,74493,74503,10
12.89768028,80.22782135,74503,74514,11
12.89910984,80.2279129,74514,74524,10
12.90003967,80.22795105,74524,74534,10
12.90069962,80.22794342,74534,74574,40
12.90069962,80.22794342,74574,74584,10
12.90081978,80.2279892,74584,74615,31
12.90081978,80.2279892,74615,74625,10
12.90087986,80.22799683,74625,74635,10
12.90132046,80.22805023,74635,74645,10
12.90196991,80.22808075,74645,74655,10
12.90260029,80.22808075,74655,74676,21
12.90260029,80.22808075,74676,74686,10
12.90287018,80.22812653,74686,74696,10
12.90359974,80.22815704,74696,74706,10
12.90470982,80.22821045,74706,74716,10
12.90581036,80.22825623,74716,74726,10
12.90612984,80.22825623,74726,74736,10
12.90639019,80.22827911,74736,74747,11
12.90694046,80.22834015,74747,74757,10
12.90789032,80.22849274,74757,74767,10
12.90917969,80.22869873,74767,74777,10
12.9107399,80.22895813,74777,74787,10
12.91226959,80.22917175,74787,74797,10
12.91401958,80.22939301,74797,74817,20
12.91401958,80.22939301,74817,74828,11
12.91454029,80.2294693,74828,74838,10
12.91555023,80.22962189,74838,74848,10
12.9168396,80.22978973,74848,74858,10
12.91814041,80.22998047,74858,74868,10
12.91958046,80.23017883,74868,74878,10
12.92127991,80.23040009,74878,74888,10
12.9229002,80.23065186,74888,74898,10
12.92459965,80.23088074,74898,74909,11
12.92591953,80.23101807,74909,74919,10
12.92704964,80.23116302,74919,74929,10
12.92823982,80.23130798,74929,74939,10
12.9286499,80.23136902,74939,74949,10
12.92873001,80.23137665,74949,74959,10
12.92930031,80.23149109,74959,74969,10
12.93029976,80.23171234,74969,74980,11
12.93148041,80.23209381,74980,74990,10
12.9328804,80.2325592,74990,75000,10
12.93365002,80.23287201,75000,75010,10
12.93367958,80.23287964,75010,75020,10
12.93377018,80.23294067,75020,75030,10
12.93420029,80.23313141,75030,75040,10
12.93502998,80.23351288,75040,75050,10
12.93585014,80.23387909,75050,75060,10
12.93671989,80.23429108,75060,75071,11
12.93780994,80.23480988,75071,75081,10
12.93883038,80.23532104,75081,75091,10
12.93974018,80.23577118,75091,75111,20
12.93974018,80.23577118,75111,75121,10
12.94021988,80.23593903,75121,75131,10
12.94110012,80.23618317,75131,75141,10
12.94223022,80.23647308,75141,75152,11
12.94340038,80.23712921,75152,75162,10
12.94439983,80.23825073,75162,75172,10
12.94557953,80.23935699,75172,75182,10
12.94713974,80.24002075,75182,75212,30
12.94713974,80.24002075,75212,75223,11
12.94719982,80.24005127,75223,75233,10
12.94762039,80.24021912,75233,75243,10
12.94824028,80.24047089,75243,75253,10
12.94892025,80.2407608,75253,75263,10
12.94960022,80.24099731,75263,75273,10
12.95048046,80.24125671,75273,75283,10
12.95075989,80.24134064,75283,75293,10
12.95090008,80.24138641,75293,75304,11
12.95156002,80.24163055,75304,75314,10
12.95238018,80.24189758,75314,75324,10
12.95328999,80.24226379,75324,75334,10
12.95421982,80.24263763,75334,75344,10
12.9548502,80.24291229,75344,75353,9
12.9556303,80.24317932,75353,75364,11
12.95625019,80.24334717,75364,75374,10
12.95633984,80.24337006,75374,75385,11
12.95660973,80.24347687,75385,75395,10
12.95734978,80.24388123,75395,75405,10
12.95820045,80.24424744,75405,75415,10
12.95874023,80.24446869,75415,75425,10
12.95876026,80.24446869,75425,75435,10
12.95905972,80.24462128,75435,75445,10
12.95975971,80.24494934,75445,75455,10
12.96076012,80.24542999,75455,75466,11
12.96203995,80.24606323,75466,75476,10
12.96331024,80.24668121,75476,75547,71
12.96331024,80.24668121,75547,75557,10
12.96376038,80.24688721,75557,75567,10
12.9646101,80.2472229,75567,75577,10
12.96572018,80.247612,75577,75587,10
12.96656036,80.24791718,75587,75597,10
12.96662045,80.24796295,75597,75607,10
12.96708012,80.24822998,75607,75617,10
12.96788979,80.24858093,75617,75628,11
12.96922016,80.24906921,75628,75638,10
12.97054958,80.24960327,75638,75648,10
12.97192001,80.24996948,75648,75658,10
12.97321987,80.25032043,75658,75668,10
12.97455978,80.25067902,75668,75678,10
12.97593021,80.25108337,75678,75688,10
12.97716045,80.2514801,75688,75699,11
12.97815037,80.25219727,75699,75709,10
12.97840023,80.25235748,75709,75719,10
12.97856998,80.25245667,75719,75729,10
12.97963047,80.25267792,75729,75790,61
12.97963047,80.25267792,75790,75800,10
12.97980976,80.25267792,75800,75810,10
12.98015022,80.25270844,75810,75820,10
12.98093033,80.25270844,75820,75830,10
12.98209953,80.25270081,75830,75840,10
12.98340034,80.25260162,75840,75850,10
12.98466015,80.25228119,75850,75861,11
12.98571014,80.25196075,75861,75871,10
12.98666,80.25171661,75871,75881,10
12.98742008,80.25144196,75881,75962,81
12.98742008,80.25144196,75962,75972,10
12.98768044,80.25141144,75972,75982,10
12.98832035,80.25125885,75982,75992,10
12.98929977,80.25097656,75992,76002,10
12.98958969,80.25092316,76002,76012,10
12.99024963,80.25077057,76012,76023,11
12.99147034,80.25048828,76023,76033,10
12.99285984,80.25015259,76033,76043,10
12.99444962,80.2497406,76043,76053,10
12.99610043,80.24932098,76053,76063,10
12.99734974,80.24899292,76063,76073,10
12.99919033,80.24851227,76073,76082,9
13.00055981,80.24816895,76082,76094,12
13.00232029,80.24775696,76094,76104,10
13.00386047,80.24749756,76104,76114,10
13.00508976,80.24732208,76114,76124,10
13.00642967,80.24658203,76124,76144,20
13.00642967,80.24658203,76144,76154,10
13.00654984,80.24624634,76154,76165,11
13.00656033,80.24524689,76165,76175,10
13.00654984,80.244133,76175,76185,10
13.00652027,80.24299622,76185,76195,10
13.00648975,80.24173737,76195,76205,10
13.00662041,80.24049377,76205,76266,61
13.00662041,80.24049377,76266,76276,10
13.00667953,80.2401886,76276,76286,10
13.00677967,80.23977661,76286,76296,10
13.00685978,80.23928833,76296,76306,10
13.00699043,80.23867798,76306,76316,10
13.00710011,80.23808289,76316,76326,10
13.00728035,80.23737335,76326,76337,11
13.0073204,80.23687744,76337,76347,10
13.00736046,80.23670959,76347,76357,10
13.00739956,80.23658752,76357,76367,10
13.00743961,80.23648071,76367,76377,10
13.00755978,80.23590088,76377,76387,10
13.00767994,80.2352829,76387,76397,10
13.00780964,80.23474121,76397,76407,10
13.00800037,80.23381805,76407,76418,11
13.00825977,80.23249817,76418,76428,10
13.0085001,80.23136139,76428,76438,10
13.00876045,80.23014832,76438,76448,10
13.00899029,80.22888947,76448,76458,10
13.00930023,80.22785187,76458,76468,10
13.00975037,80.22686768,76468,76478,10
13.01019001,80.22595978,76478,76488,10
13.0104599,80.22538757,76488,76499,11
13.01054955,80.22518158,76499,76509,10
13.01078033,80.22460175,76509,76519,10
13.01117992,80.22370911,76519,76529,10
13.0115099,80.2229538,76529,76539,10
13.01175976,80.22216797,76539,76549,10
13.01222992,80.22160339,76549,76559,10
13.01253033,80.22202301,76559,76570,11
13.01323986,80.22279358,76570,76580,10
13.01393032,80.22360229,76580,76590,10
13.01451015,80.22425079,76590,76600,10
13.01498032,80.22473145,76600,76610,10
13.01535988,80.22499847,76610,76620,10
13.01539993,80.22502136,76620,76630,10
13.01562977,80.22524261,76630,76640,10
13.01632977,80.22544098,76640,76651,11
13.01753998,80.22502136,76651,76661,10
13.01856041,80.22458649,76661,76671,10
13.01937962,80.22444153,76671,76681,10
13.01966,80.22457123,76681,76691,10
13.02007961,80.2248764,76691,76701,10
13.02052021,80.2252121,76701,76711,10
13.02112961,80.22566223,76711,76721,10
13.02180004,80.22618103,76721,76732,11
13.0223999,80.2266922,76732,76742,10
13.0225296,80.22680664,76742,76752,10
13.02278996,80.2270813,76752,76762,10
13.02336979,80.22763824,76762,76772,10
13.02385998,80.22808075,76772,76782,10
13.02427006,80.2285614,76782,76792,10
13.02462006,80.22905731,76792,76802,10
13.02490997,80.22946167,76802,76813,11
13.02548027,80.23023987,76813,76823,10
13.02585983,80.23100281,76823,76833,10
13.02600956,80.23156738,76833,76843,10
13.02616024,80.23206329,76843,76853,10
13.02626038,80.23236084,76853,76863,10
13.02635956,80.23265839,76863,76873,10
13.02659035,80.23310852,76873,76883,10
13.02682018,80.23355865,76883,76894,11
13.02723026,80.23423767,76894,76904,10
13.02762032,80.23496246,76904,76914,10
13.02810001,80.23571014,76914,76924,10
13.02867985,80.23638153,76924,76934,10
13.02923965,80.23697662,76934,76944,10
13.02962017,80.23742676,76944,76954,10
13.03005981,80.23819733,76954,76965,11
13.03054047,80.23896027,76965,76975,10
13.03057957,80.2390213,76975,76985,10
13.03069019,80.23925781,76985,77035,50
13.03069019,80.23925781,77035,77046,11
13.03092003,80.23964691,77046,77056,10
13.03104019,80.23988342,77056,77066,10
13.03110027,80.23999023,77066,77076,10
13.03127956,80.24017334,77076,77086,10
13.03135967,80.24060822,77086,77096,10
13.03145981,80.24105835,77096,77106,10
13.03166008,80.24150085,77106,77116,10
13.03190994,80.24202728,77116,77127,11
13.03232956,80.24256134,77127,77137,10
13.03254032,80.24285126,77137,77147,10
13.03302002,80.24347687,77147,77157,10
13.03347015,80.24414063,77157,77167,10
13.03363037,80.24440002,77167,77177,10
13.03386021,80.24465942,77177,77187,10
13.03411961,80.24497223,77187,77197,10
13.03444004,80.24537659,77197,77208,11
13.03485966,80.24588013,77208,77218,10
13.03567028,80.24624634,77218,77238,20
13.03567028,80.24624634,77238,77248,10
13.03584003,80.24633789,77248,77258,10
13.03645992,80.24645233,77258,77268,10
13.03715992,80.24652863,77268,77278,10
13.03837967,80.24671936,77278,77289,11
13.03837967,80.24671936,77289,77299,10
13.03896999,80.24690247,77299,77362,63
13.03896999,80.24690247,77362,77372,10
13.03903008,80.24694824,77372,77382,10
13.03944016,80.24704742,77382,77392,10
13.04010963,80.24716949,77392,77401,9
13.04094028,80.2473526,77401,77412,11
13.04179955,80.24749756,77412,77422,10
13.04248047,80.24768066,77422,77432,10
13.04286957,80.24784088,77432,77443,11
13.04333019,80.24794006,77443,77453,10
13.04384041,80.24790192,77453,77463,10
13.04434013,80.24790192,77463,77473,10
13.04485989,80.24804688,77473,77483,10
13.04533958,80.24826813,77483,77493,10
13.04582024,80.2485199,77493,77503,10
13.04638958,80.2485733,77503,77514,11
13.04691982,80.24849701,77514,77524,10
13.04740047,80.24871826,77524,77534,10
13.04800034,80.24932098,77534,77544,10
13.04860973,80.24976349,77544,77554,10
13.04934025,80.24984741,77554,77564,10
13.05033016,80.25003815,77564,77574,10
13.0513401,80.25028992,77574,77584,10
13.05218983,80.25093842,77584,77594,10
13.05296993,80.25199127,77594,77605,11
13.0538702,80.25321198,77605,77615,10
13.05467987,80.25430298,77615,77625,10
13.05498028,80.25469208,77625,77635,10
13.05531979,80.25517273,77635,77645,10
13.05595016,80.25601959,77645,77655,10
13.05650997,80.2567215,77655,77665,10
13.05729008,80.25747681,77665,77675,10
13.05790997,80.25795746,77675,77686,11
13.05856037,80.25881958,77686,77696,10
13.05906963,80.25952148,77696,77706,10
13.05959988,80.26017761,77706,77716,10
13.06027031,80.26088715,77716,77726,10
13.06064987,80.26139069,77726,77736,10
13.06097031,80.26184082,77736,77746,10
13.06153965,80.26245117,77746,77757,11
13.06221008,80.26326752,77757,77767,10
13.06287956,80.26409912,77767,77777,10
13.06338978,80.26483917,77777,77787,10
13.06383038,80.26548004,77787,77797,10
13.06422043,80.26599884,77797,77807,10
13.06462002,80.26647186,77807,77817,10
13.06497955,80.26689911,77817,77827,10
13.06548023,80.26725006,77827,77838,11
13.06577015,80.26759338,77838,77848,10
13.06610012,80.26804352,77848,77858,10
13.06634998,80.26830292,77858,77868,10
13.06649971,80.26838684,77868,77878,10
13.06682968,80.26856232,77878,77888,10
13.06742001,80.26894379,77888,77898,10
13.06801033,80.26937866,77898,77908,10
13.06818008,80.26973724,77908,77919,11
13.06811047,80.27072144,77919,77929,10
13.06826973,80.27158356,77929,77939,10
13.06898975,80.27200317,77939,77949,10
13.06968021,80.27269745,77949,77959,10
13.07034969,80.27349091,77959,77969,10
13.07085037,80.27404785,77969,77979,10
13.07110977,80.27414703,77979,77989,10
13.07149982,80.2742691,77989,78000,11
13.07149982,80.27427673,78000,78010,10
13.07168007,80.27438354,78010,78020,10
13.07215023,80.27484131,78020,78030,10
13.07289028,80.27561951,78030,78040,10
13.07374001,80.27638245,78040,78050,10
13.07487011,80.27635193,78050,78060,10
13.07586956,80.27629089,78060,78071,11
13.07592964,80.27629089,78071,78081,10
13.07627964,80.27628326,78081,78091,10
13.07688046,80.27628326,78091,78101,10
13.07769966,80.27622223,78101,78111,10
13.07822037,80.27561951,78111,78121,10
13.07884026,80.27514648,78121,78131,10
13.0790596,80.27519989,78131,78141,10
13.0795002,80.27529907,78141,78151,10
13.07987976,80.27532959,78151,78314,163
13.07987976,80.27532959,78314,78324,10
13.08014011,80.27532196,78324,78334,10
13.08057022,80.27526855,78334,78344,10
13.08088017,80.27523804,78344,78354,10
13.08119011,80.27520752,78354,78364,10
13.08160019,80.27519989,78364,78374,10
13.08191013,80.27539063,78374,78415,41
13.08191013,80.27539063,78415,78425,10
13.08197021,80.27555084,78425,78435,10
13.08197021,80.27600098,78435,78445,10
13.08185959,80.27607727,78445,78455,10
13.08183002,80.27631378,78455,78465,10
13.08185959,80.27687836,78465,78476,11
13.0821104,80.27844238,78476,78496,20
13.0821104,80.27844238,78496,78506,10
13.08193016,80.27838135,78506,78516,10
13.08185959,80.27761841,78516,78526,10
13.08176041,80.27645111,78526,78536,10
13.08158016,80.27565002,78536,78546,10
13.08143044,80.27523804,78546,78557,11
13.0809803,80.27526093,78557,78567,10
13.08034039,80.27532959,78567,78577,10
13.07979965,80.27539063,78577,78587,10
13.0791502,80.27529144,78587,78597,10
13.0784502,80.27532196,78597,78607,10
13.07810974,80.27603149,78607,78617,10
13.07742023,80.27628326,78617,78628,11
13.07656956,80.27633667,78628,78638,10
13.07594967,80.27636719,78638,78648,10
13.07583046,80.27626038,78648,78658,10
13.07590961,80.27596283,78658,78668,10
13.07623005,80.27584076,78668,79651,983
13.07623005,80.27584076,79651,79661,10
13.07623959,80.27587891,79661,79671,10
13.07619953,80.27567291,79671,79681,10
