12.99757957,80.25670624,18,835,817
12.99757957,80.25670624,835,846,11
12.99744987,80.25672913,846,886,40
12.99742031,80.25659943,886,2420,1534
12.99748993,80.25670624,2420,2561,141
12.99748993,80.25682831,2561,4217,1656
12.99738026,80.25668335,4217,4499,282
12.99757957,80.25675964,4499,4610,111
12.99742031,80.2567215,4610,4772,162
12.99748993,80.25673676,4772,5761,989
12.99750042,80.25659943,5761,5932,171
12.99748993,80.25666046,5932,11383,5451
12.99769974,80.25669098,11383,11716,333
12.99763966,80.25682068,11716,12089,373
12.99769974,80.2568512,12089,12241,152
12.99765968,80.25681305,12241,12493,252
12.99765968,80.25662994,12493,12604,111
12.99761963,80.25675964,12604,18761,6157
12.99755955,80.25675201,18761,19246,485
12.99763966,80.25669098,19246,20144,898
12.99767017,80.25676727,20144,20427,283
12.99763966,80.25675964,20427,22092,1665
12.99763966,80.25675964,22092,22103,11
12.99763012,80.25673676,22103,22113,10
12.99769974,80.25634003,22113,22183,70
12.99769974,80.25634003,22183,22193,10
12.99765015,80.25596619,22193,22203,10
12.9972496,80.25595856,22203,22214,11
12.99683952,80.25595093,22214,22224,10
12.99633026,80.25591278,22224,22234,10
12.99559021,80.25588989,22234,22244,10
12.99479961,80.25592804,22244,22254,10
12.99400997,80.2559967,22254,22264,10
12.99318981,80.25604248,22264,22274,10
12.99238014,80.25605774,22274,22284,10
12.99153996,80.25604248,22284,22294,10
12.99085045,80.25601959,22294,22304,10
12.9902401,80.25601196,22304,22314,10
12.98945999,80.25598145,22314,22325,11
12.98838043,80.25588989,22325,22335,10
12.98750973,80.25575256,22335,22345,10
12.98680019,80.25563812,22345,22355,10
12.98643017,80.25559998,22355,22365,10
12.98631001,80.25554657,22365,22375,10
12.98585987,80.25544739,22375,22385,10
12.98507977,80.25527191,22385,22395,10
12.98414993,80.25504303,22395,22405,10
12.98297977,80.25469971,22405,22415,10
12.98211002,80.25428009,22415,22425,10
12.98182011,80.25338745,22425,22436,11
12.98132992,80.2527771,22436,22446,10
12.9805603,80.25276947,22446,22456,10
12.9796896,80.25269318,22456,22466,10
12.9787302,80.25254822,22466,22476,10
12.97834969,80.252388,22476,22486,10
12.97780037,80.25189972,22486,22496,10
12.97696018,80.25134277,22496,22505,9
12.97591972,80.25105286,22505,22516,11
12.97453022,80.2506485,22516,22526,10
12.97317982,80.25028229,22526,22536,10
12.97177029,80.24990082,22536,22547,11
12.97019958,80.24942017,22547,22557,10
12.96879959,80.24886322,22557,22567,10
12.9674902,80.24833679,22567,22577,10
12.96632957,80.24780273,22577,22587,10
12.96533966,80.24742126,22587,22597,10
12.96500015,80.24726105,22597,22607,10
12.96444988,80.24707031,22607,22617,10
12.96385956,80.24684143,22617,22627,10
12.96315956,80.24653625,22627,22637,10
12.96222973,80.24609375,22637,22647,10
12.96111965,80.24555206,22647,22658,11
12.9600296,80.24507904,22658,22668,10
12.95938969,80.24479675,22668,22678,10
12.95909977,80.24465179,22678,22688,10
12.95845985,80.24436188,22688,22698,10
12.95763969,80.24404907,22698,22708,10
12.95678043,80.24368286,22708,22718,10
12.95629978,80.24349976,22718,22728,10
12.95563984,80.24324036,22728,22738,10
12.95473957,80.24285126,22738,22748,10
12.95361996,80.24240112,22748,22758,10
12.95236969,80.24189758,22758,22769,11
12.95170021,80.24166107,22769,22779,10
12.95141983,80.24156189,22779,22789,10
12.95065022,80.2412796,22789,22799,10
12.94970036,80.24098206,22799,22809,10
12.94857025,80.2405777,22809,22819,10
12.94740009,80.24011993,22819,22829,10
12.94653034,80.23976135,22829,22839,10
12.94544029,80.23925781,22839,22849,10
12.94447041,80.23832703,22849,22859,10
12.94349957,80.23726654,22859,22870,11
12.94219017,80.23641968,22870,22880,10
12.94079971,80.23606873,22880,22890,10
12.93986034,80.2358017,22890,22900,10
12.93972969,80.23574066,22900,22910,10
12.93929005,80.23551941,22910,22920,10
12.93854046,80.23513794,22920,22930,10
12.93762016,80.23470306,22930,22940,10
12.93655968,80.23419952,22940,22950,10
12.93552971,80.23371124,22950,22960,10
12.93443966,80.23323059,22960,22970,10
12.93387032,80.23296356,22970,22981,11
12.93365002,80.23285675,22981,22991,10
12.93303013,80.23256683,22991,23001,10
12.93214035,80.23226166,23001,23011,10
12.93103981,80.23190308,23011,23021,10
12.92975044,80.23152924,23021,23031,10
12.92835999,80.23126221,23031,23041,10
12.92687988,80.2310791,23041,23050,9
12.92551994,80.23091888,23050,23061,11
12.92389011,80.23072052,23061,23071,10
12.92241955,80.23052216,23071,23081,10
12.92092991,80.2303009,23081,23092,11
12.91926003,80.23010254,23092,23102,10
12.91773987,80.22988892,23102,23112,10
12.91621017,80.22969055,23112,23122,10
12.91467953,80.22949219,23122,23132,10
12.91343975,80.22933197,23132,23142,10
12.91217041,80.22913361,23142,23152,10
12.91075993,80.22891998,23152,23162,10
12.90931034,80.22869873,23162,23172,10
12.9078598,80.22846222,23172,23182,10
12.90655994,80.228302,23182,23192,10
12.90526962,80.22818756,23192,23203,11
12.90375996,80.22808838,23203,23213,10
12.90235996,80.22801971,23213,23223,10
12.90132046,80.2279892,23223,23233,10
12.90075016,80.22795105,23233,23243,10
12.9000597,80.2279129,23243,23253,10
12.89939022,80.22786713,23253,23263,10
12.89918995,80.2278595,23263,23273,10
12.89863014,80.22779846,23273,23283,10
12.8977499,80.22776031,23283,23293,10
12.89665031,80.22769928,23293,23303,10
12.89548016,80.22766113,23303,23314,11
12.89395046,80.22756958,23314,23324,10
12.89274025,80.22743225,23324,23334,10
12.8915596,80.22736359,23334,23344,10
12.89023018,80.22736359,23344,23354,10
12.88887024,80.22736359,23354,23364,10
12.88757038,80.22725677,23364,23374,10
12.88634014,80.22698975,23374,23384,10
12.88519955,80.22673798,23384,23394,10
12.88490009,80.22673035,23394,23404,10
12.88451958,80.22672272,23404,23414,10
12.88379002,80.22672272,23414,23425,11
12.88269043,80.22673035,23425,23435,10
12.88150024,80.22673035,23435,23445,10
12.8801899,80.22673035,23445,23455,10
12.87880993,80.22676086,23455,23465,10
12.87753963,80.22686005,23465,23475,10
12.87683964,80.22693634,23475,23485,10
12.87609959,80.22696686,23485,23495,10
12.87510967,80.22689819,23495,23505,10
12.87395,80.22675323,23505,23515,10
12.8728199,80.22670746,23515,23525,10
12.87160969,80.22667694,23525,23536,11
12.87018013,80.22657776,23536,23546,10
12.86882019,80.2264328,23546,23556,10
12.86744976,80.22646332,23556,23566,10
12.86610031,80.22657013,23566,23576,10
12.86476994,80.22659302,23576,23586,10
12.86338997,80.22653198,23586,23596,10
12.86203957,80.22657776,23596,23606,10
12.86114025,80.22662354,23606,23616,10
12.86083984,80.22662354,23616,23626,10
12.86017036,80.22651672,23626,23636,10
12.85923004,80.22637939,23636,23647,11
12.85813999,80.22628021,23647,23657,10
12.85696983,80.22634125,23657,23667,10
12.85569954,80.22646332,23667,23677,10
12.8543396,80.22660065,23677,23687,10
12.85295963,80.22669983,23687,23697,10
12.85157967,80.22663879,23697,23707,10
12.85021019,80.22657776,23707,23717,10
12.84885025,80.22657776,23717,23727,10
12.84749985,80.22659302,23727,23737,10
12.84619999,80.22660065,23737,23747,10
12.84549046,80.22662354,23747,23758,11
12.84547043,80.22660828,23758,23768,10
12.84514046,80.22657776,23768,23778,10
12.84455013,80.22666168,23778,23788,10
12.84375,80.22676086,23788,23798,10
12.84348011,80.22679138,23798,23808,10
12.84327984,80.22680664,23808,23818,10
12.84272003,80.22693634,23818,23828,10
12.84185028,80.22711182,23828,23838,10
12.84088039,80.22736359,23838,23848,10
12.84012032,80.22757721,23848,23859,11
12.83965015,80.22772217,23859,23869,10
12.83909988,80.2278595,23869,23879,10
12.83829975,80.22807312,23879,23889,10
12.83726025,80.22827911,23889,23899,10
12.83605957,80.22843933,23899,23909,10
12.83485985,80.22863007,23909,23919,10
12.83362961,80.22885895,23919,23929,10
12.83250999,80.22907257,23929,23939,10
12.83215046,80.22915649,23939,23949,10
12.8315897,80.22927856,23949,23959,10
12.83076954,80.22953033,23959,23970,11
12.82966042,80.22992706,23970,23980,10
12.8285799,80.2304306,23980,23990,10
12.82750034,80.23104095,23990,24000,10
12.82633972,80.2313385,24000,24010,10
12.82509995,80.23139954,24010,24020,10
12.82394028,80.23119354,24020,24030,10
12.82279015,80.23082733,24030,24040,10
12.82161045,80.23052216,24040,24050,10
12.82038975,80.23047638,24050,24060,10
12.81919956,80.23049927,24060,24070,10
12.81807995,80.23011017,24070,24081,11
12.81682014,80.22958374,24081,24091,10
12.81558037,80.22936249,24091,24101,10
12.81433964,80.22917938,24101,24111,10
12.81311989,80.22882843,24111,24121,10
12.81192017,80.22840118,24121,24131,10
12.81070042,80.22792816,24131,24141,10
12.80951023,80.22740936,24141,24151,10
12.80846977,80.22666168,24151,24161,10
12.80751038,80.22583771,24161,24171,10
12.80663967,80.22509003,24171,24181,10
12.80585957,80.22438812,24181,24192,11
12.80508041,80.22402191,24192,24202,10
12.80500984,80.22400665,24202,24212,10
12.80471992,80.22398376,24212,24222,10
12.80416012,80.22392273,24222,24232,10
12.80342007,80.22386169,24232,24242,10
12.80249977,80.22373962,24242,24252,10
12.80146027,80.22364044,24252,24262,10
12.80107021,80.22361755,24262,24272,10
12.80058002,80.22355652,24272,24282,10
12.79975986,80.22350311,24282,24292,10
12.79872036,80.2233963,24292,24303,11
12.79732037,80.22319794,24303,24313,10
12.79605961,80.22293854,24313,24323,10
12.79481983,80.22273254,24323,24333,10
12.79356956,80.22254181,24333,24343,10
12.79232025,80.22234344,24343,24353,10
12.79113007,80.22203827,24353,24363,10
12.78997993,80.22174072,24363,24373,10
12.78903961,80.22142792,24373,24383,10
12.78818989,80.22109222,24383,24393,10
12.78740978,80.22080231,24393,24403,10
12.78670025,80.22054291,24403,24414,11
12.78623962,80.2203598,24414,24424,10
12.78565979,80.22013855,24424,24434,10
12.78489971,80.21974182,24434,24444,10
12.7846899,80.21962738,24444,24454,10
12.78439999,80.2194519,24454,24464,10
12.78380013,80.21910095,24464,24474,10
12.78295994,80.21862793,24474,24484,10
12.78199005,80.2181015,24484,24494,10
12.78098011,80.21755219,24494,24504,10
12.77999973,80.21700287,24504,24514,10
12.77898026,80.21646118,24514,24525,11
12.77777004,80.21588135,24525,24535,10
12.77657986,80.21540833,24535,24545,10
12.77536011,80.21491241,24545,24555,10
12.77412987,80.21440887,24555,24565,10
12.77289963,80.21391296,24565,24575,10
12.7716198,80.21344757,24575,24585,10
12.77031994,80.21298218,24585,24595,10
12.76904011,80.2125473,24595,24605,10
12.7677803,80.21208191,24605,24615,10
12.76653004,80.21161652,24615,24625,10
12.76527977,80.21115875,24625,24636,11
12.76389027,80.21066284,24636,24646,10
12.76268005,80.21018982,24646,24656,10
12.76146984,80.20967865,24656,24666,10
12.76027012,80.20908356,24666,24676,10
12.75909996,80.20844269,24676,24686,10
12.75794029,80.20778656,24686,24696,10
12.75675964,80.20713043,24696,24706,10
12.75555992,80.20648193,24706,24716,10
12.7543602,80.20581818,24716,24726,10
12.75316048,80.20516968,24726,24737,11
12.75181961,80.20446777,24737,24747,10
12.75059986,80.20384979,24747,24757,10
12.74940014,80.20323944,24757,24767,10
12.74820042,80.20262146,24767,24777,10
12.74697971,80.20200348,24777,24787,10
12.74578953,80.20140076,24787,24797,10
12.74464989,80.20070648,24797,24807,10
12.74372005,80.19972229,24807,24817,10
12.74283981,80.19867706,24817,24827,10
12.74197006,80.19763947,24827,24837,10
12.74120045,80.19656372,24837,24848,11
12.7403698,80.19538879,24848,24858,10
12.73960972,80.19432831,24858,24868,10
12.73882961,80.19326782,24868,24878,10
12.73797989,80.19225311,24878,24888,10
12.73703003,80.19132996,24888,24898,10
12.73612022,80.19039917,24898,24908,10
12.73511028,80.18968201,24908,24918,10
12.73419952,80.18952942,24918,24928,10
12.73330021,80.18946075,24928,24938,10
12.73219013,80.1892395,24938,24948,10
12.73099041,80.18907928,24948,24959,11
12.72990036,80.18894196,24959,24969,10
12.72894955,80.18888855,24969,24979,10
12.72797966,80.18862152,24979,24989,10
12.72696018,80.18836212,24989,24999,10
12.7259903,80.18816376,24999,25009,10
12.72517014,80.1880188,25009,25019,10
12.72447014,80.18788147,25019,25029,10
12.72377014,80.18771362,25029,25039,10
12.72299004,80.18752289,25039,25049,10
12.72243023,80.18740082,25049,25059,10
12.72227955,80.18765259,25059,25070,11
12.72208023,80.18766785,25070,25080,10
12.72204018,80.18746948,25080,25766,686
12.72204018,80.18746948,25766,25776,10
12.72227001,80.18730927,25776,25786,10
12.72251987,80.18739319,25786,25796,10
12.72255039,80.18739319,25796,25806,10
12.72284985,80.18746948,25806,25816,10
12.72321987,80.18759918,25816,25826,10
12.72373009,80.18772125,25826,25837,11
12.72434998,80.18788147,25837,25847,10
12.72457027,80.18792725,25847,25857,10
12.72488976,80.18800354,25857,25867,10
12.72513008,80.18804169,25867,25877,10
12.72554016,80.18810272,25877,25887,10
12.72607994,80.18817902,25887,25897,10
12.72667027,80.18830109,25897,25907,10
12.72735023,80.18846893,25907,25917,10
12.72811985,80.18869019,25917,25927,10
12.72896004,80.18891907,25927,25937,10
12.7295599,80.18894196,25937,25948,11
12.72970963,80.18895721,25948,25958,10
12.72976017,80.18897247,25958,25968,10
12.73005962,80.18901062,25968,25978,10
12.73033047,80.18904877,25978,25988,10
12.73079014,80.18908691,25988,25998,10
12.73145962,80.18916321,25998,26008,10
12.7322197,80.18929291,26008,26018,10
12.73299026,80.18940735,26018,26028,10
12.73377991,80.1894989,26028,26038,10
12.73476028,80.18959045,26038,26048,10
12.73571968,80.18997955,26048,26059,11
12.73624039,80.19042969,26059,26069,10
12.73631001,80.19049835,26069,26079,10
12.73663998,80.19084167,26079,26089,10
12.73715973,80.1913681,26089,26099,10
12.73744965,80.19165802,26099,26109,10
12.73793983,80.19213867,26109,26119,10
12.73857975,80.19281006,26119,26129,10
12.73923016,80.19367981,26129,26139,10
12.73991013,80.19460297,26139,26149,10
12.7405901,80.19554901,26149,26159,10
12.74120045,80.1964035,26159,26170,11
12.74195957,80.19745636,26170,26190,20
12.74195957,80.19745636,26190,26200,10
12.7421999,80.19776154,26200,26210,10
12.74260998,80.19824982,26210,26220,10
12.74314022,80.1988678,26220,26230,10
12.74378014,80.19962311,26230,26240,10
12.74452019,80.20043945,26240,26250,10
12.74543953,80.20111847,26250,26260,10
12.74645996,80.20166016,26260,26270,10
12.74754047,80.2022171,26270,26281,11
12.74878025,80.20285797,26281,26291,10
12.74991035,80.20343781,26291,26301,10
12.75096989,80.20397949,26301,26311,10
12.75139046,80.20420074,26311,26321,10
12.75158024,80.20429993,26321,26331,10
12.75214005,80.20459747,26331,26341,10
12.75292969,80.20500183,26341,26351,10
12.75384998,80.20549774,26351,26361,10
12.75491047,80.20607758,26361,26371,10
12.75607014,80.20671844,26371,26381,10
12.75704002,80.2072525,26381,26392,11
12.7574501,80.2074585,26392,26402,10
12.75811958,80.20783997,26402,26412,10
12.75899029,80.20832062,26412,26422,10
12.75990009,80.20881653,26422,26432,10
12.76019955,80.20897675,26432,26442,10
12.76051998,80.20915985,26442,26452,10
12.76115036,80.20948029,26452,26462,10
12.76202011,80.20986938,26462,26472,10
12.76303005,80.21028137,26472,26482,10
12.76412964,80.2106781,26482,26492,10
12.76531029,80.21112061,26492,26503,11
12.76667976,80.21160126,26503,26513,10
12.76795006,80.21205139,26513,26523,10
12.76922035,80.21251678,26523,26533,10
12.77099991,80.21312714,26533,26553,20
12.77099991,80.21312714,26553,26563,10
12.77140045,80.21327209,26563,26573,10
12.77208042,80.21351624,26573,26583,10
12.77295971,80.21383667,26583,26593,10
12.77398968,80.21425629,26593,26603,10
12.77519035,80.2147522,26603,26614,11
12.77657986,80.21534729,26614,26624,10
12.77789974,80.21589661,26624,26634,10
12.77919006,80.21656036,26634,26644,10
12.78048992,80.21724701,26644,26654,10
12.78180027,80.21795654,26654,26664,10
12.78312969,80.21868896,26664,26674,10
12.78429985,80.21936798,26674,26684,10
12.78520966,80.21984863,26684,26694,10
12.78604984,80.22028351,26694,26704,10
12.78639984,80.22039795,26704,26714,10
12.78645039,80.22042084,26714,26725,11
12.78687954,80.22058105,26725,26745,20
12.78687954,80.22058105,26745,26755,10
12.78705025,80.22065735,26755,26765,10
12.78734016,80.22075653,26765,26775,10
12.78775024,80.22090149,26775,26785,10
12.78845978,80.22118378,26785,26795,10
12.78936005,80.22151947,26795,26805,10
12.79037952,80.22180939,26805,26815,10
12.79158974,80.2220993,26815,26825,10
12.79292965,80.22239685,26825,26836,11
12.79446983,80.22264099,26836,26846,10
12.79582024,80.22286987,26846,26856,10
12.79646015,80.22296906,26856,26866,10
12.79660988,80.2230072,26866,26876,10
12.79714966,80.22312164,26876,26886,10
12.79798031,80.22325134,26886,26896,10
12.79891968,80.22335052,26896,26906,10
12.79992008,80.22344208,26906,26916,10
12.80126953,80.22355652,26916,26926,10
12.80245972,80.22370148,26926,26936,10
12.80331039,80.22382355,26936,26947,11
12.80428028,80.22389984,26947,26957,10
12.8050499,80.22399139,26957,26967,10
12.80552959,80.22411346,26967,26977,10
12.80554008,80.22411346,26977,26987,10
12.80583954,80.22431183,26987,26997,10
12.80636024,80.22479248,26997,27007,10
12.80706978,80.22541809,27007,27017,10
12.80795002,80.2261734,27017,27027,10
12.8089304,80.22698212,27027,27037,10
12.81007957,80.22766113,27037,27047,10
12.81136036,80.22817993,27047,27058,11
12.81284046,80.22872162,27058,27068,10
12.81420994,80.22914124,27068,27078,10
12.81564045,80.22937012,27078,27088,10
12.81704044,80.22962189,27088,27098,10
12.8183403,80.23016357,27098,27108,10
12.81954956,80.23045349,27108,27118,10
12.8197403,80.23043823,27118,27128,10
12.81987953,80.2304306,27128,27138,10
12.82046032,80.2304306,27138,27148,10
12.82135963,80.23043823,27148,27159,11
12.82254028,80.23066711,27159,27169,10
12.82378006,80.23103333,27169,27179,10
12.82505989,80.23132324,27179,27189,10
12.82641983,80.23130798,27189,27199,10
12.82769966,80.23091888,27199,27209,10
12.8289299,80.23023987,27209,27219,10
12.8302002,80.22969818,27219,27229,10
12.83108044,80.22936249,27229,27239,10
12.83133984,80.22933197,27239,27249,10
12.83162022,80.22921753,27249,27259,10
12.83218002,80.2290802,27259,27270,11
12.83312035,80.22889709,27270,27280,10
12.8342104,80.22870636,27280,27290,10
12.83547974,80.22849274,27290,27300,10
12.8368597,80.22827911,27300,27310,10
12.83829975,80.22801208,27310,27320,10
12.83938026,80.22770691,27320,27370,50
12.83938026,80.22770691,27370,27381,11
12.8396101,80.22763824,27381,27391,10
12.84006023,80.2275238,27391,27401,10
12.84080982,80.22733307,27401,27411,10
12.84173965,80.22707367,27411,27421,10
12.84284019,80.22683716,27421,27431,10
12.84403038,80.22663879,27431,27440,9
12.84502029,80.22653961,27440,27451,11
12.84529018,80.22653961,27451,27461,10
12.84554958,80.22653198,27461,27471,10
12.84611988,80.22653961,27471,27481,10
12.84698009,80.22653198,27481,27492,11
12.84813976,80.22653198,27492,27502,10
12.84937954,80.22651672,27502,27512,10
12.85070038,80.22653198,27512,27522,10
12.85208035,80.22660828,27522,27532,10
12.85352993,80.22660828,27532,27542,10
12.85498047,80.22646332,27542,27552,10
12.85645008,80.2263031,27552,27562,10
12.85795021,80.22618103,27562,27572,10
12.85945988,80.22631073,27572,27582,10
12.8606596,80.22647095,27582,27592,10
12.86077976,80.22648621,27592,27603,11
12.86112022,80.22653198,27603,27613,10
12.8617897,80.22653198,27613,27623,10
12.86268044,80.22646332,27623,27633,10
12.86373997,80.22646332,27633,27643,10
12.8650198,80.22654724,27643,27653,10
12.86635017,80.22651672,27653,27663,10
12.86771011,80.22638702,27663,27673,10
12.86905956,80.22637177,27673,27683,10
12.87028027,80.22651672,27683,27693,10
12.87129974,80.22660065,27693,27703,10
12.87220001,80.22659302,27703,27714,11
12.87275982,80.22662354,27714,27724,10
12.87287045,80.22663879,27724,27734,10
12.8732996,80.22666931,27734,27744,10
12.87401009,80.22670746,27744,27754,10
12.87495995,80.22680664,27754,27764,10
12.87607956,80.22689819,27764,27774,10
12.87670994,80.22686005,27774,27784,10
12.87672043,80.22686768,27784,27794,10
12.87699986,80.22685242,27794,27804,10
12.87763977,80.22679138,27804,27814,10
12.87852955,80.22669983,27814,27825,11
12.87967014,80.22664642,27825,27835,10
12.88090038,80.22663879,27835,27845,10
12.88222027,80.22663879,27845,27855,10
12.88356018,80.22660828,27855,27865,10
12.88481998,80.22660828,27865,27875,10
12.88518047,80.22662354,27875,27885,10
12.8853302,80.22666168,27885,27895,10
12.88586044,80.22676849,27895,27905,10
12.88665009,80.22699738,27905,27915,10
12.88761044,80.22718048,27915,27925,10
12.88875961,80.22727966,27925,27936,11
12.8901701,80.22727966,27936,27946,10
12.89151001,80.22727203,27946,27956,10
12.89280033,80.2273407,27956,27966,10
12.89404964,80.22750092,27966,27976,10
12.89531994,80.22759247,27976,27986,10
12.89659023,80.2276535,27986,27996,10
12.89768028,80.22769928,27996,28006,10
12.89873981,80.22776794,28006,28016,10
12.89982033,80.22782135,28016,28026,10
12.90060997,80.22781372,28026,28036,10
12.90081978,80.22781372,28036,28047,11
12.90091991,80.22782898,28047,28057,10
12.90132046,80.22789764,28057,28067,10
12.90207958,80.22795105,28067,28077,10
12.90281963,80.22796631,28077,28087,10
12.90291977,80.22798157,28087,28097,10
12.90342045,80.22801208,28097,28107,10
12.90423012,80.22805786,28107,28117,10
12.90520954,80.22810364,28117,28127,10
12.90631008,80.2281723,28127,28137,10
12.90701962,80.22824097,28137,28147,10
12.90715981,80.22827911,28147,28158,11
12.90769958,80.22834778,28158,28168,10
12.90851974,80.22846985,28168,28178,10
12.90952969,80.22862244,28178,28188,10
12.91073036,80.2288208,28188,28198,10
12.91193008,80.22899628,28198,28208,10
12.91308975,80.22917175,28208,28218,10
12.91394043,80.22924805,28218,28228,10
12.91401005,80.22927856,28228,28238,10
12.91429996,80.22934723,28238,28248,10
12.91487026,80.22943115,28248,28258,10
12.91578007,80.22956848,28258,28269,11
12.91693974,80.2297287,28269,28279,10
12.91810036,80.2299118,28279,28289,10
12.91932011,80.23005676,28289,28299,10
12.92061043,80.23020172,28299,28309,10
12.92191982,80.23034668,28309,28319,10
12.92321014,80.23055267,28319,28329,10
12.92442989,80.23072052,28329,28339,10
12.92539024,80.23085785,28339,28349,10
12.92619991,80.23091888,28349,28359,10
12.92652035,80.23095703,28359,28370,11
12.92706013,80.23104095,28370,28380,10
12.92786026,80.23114014,28380,28390,10
12.92881966,80.23127747,28390,28400,10
12.92992973,80.23149109,28400,28410,10
12.93118,80.2318573,28410,28420,10
12.93249989,80.23227692,28420,28430,10
12.93356991,80.23268127,28430,28440,10
12.93371964,80.23274994,28440,28450,10
12.9340601,80.23293304,28450,28460,10
12.9347496,80.23323059,28460,28470,10
12.93556976,80.2335968,28470,28481,11
12.93612003,80.2338562,28481,28491,10
12.9368,80.23419952,28491,28501,10
12.93760014,80.23458099,28501,28511,10
12.93859959,80.2350769,28511,28521,10
12.93957043,80.23555756,28521,28531,10
12.93970966,80.23564148,28531,28541,10
12.93978024,80.23570251,28541,28551,10
12.94019032,80.23586273,28551,28561,10
12.94093037,80.23606873,28561,28571,10
12.94186974,80.23628235,28571,28581,10
12.94291973,80.23665619,28581,28592,11
12.94388008,80.23753357,28592,28602,10
12.94474983,80.2385025,28602,28612,10
12.9456501,80.2392807,28612,28622,10
12.94688988,80.2397995,28622,28632,10
12.94717979,80.23989868,28632,28642,10
12.94733047,80.2399826,28642,28652,10
12.94785976,80.24019623,28652,28662,10
12.9485302,80.24047852,28662,28672,10
12.9489603,80.24064636,28672,28713,41
12.9489603,80.24064636,28713,28723,10
12.94917011,80.24073792,28723,28733,10
12.9496603,80.24089813,28733,28743,10
12.95038986,80.24111938,28743,28753,10
12.9510603,80.24131775,28753,28763,10
12.95110035,80.24134064,28763,28773,10
12.95125961,80.24140167,28773,28783,10
12.9517498,80.24159241,28783,28793,10
12.95236015,80.24182892,28793,28803,10
12.95314026,80.24212646,28803,28814,11
12.95394039,80.24243927,28814,28824,10
12.95456982,80.24269104,28824,28834,10
12.95522022,80.24294281,28834,28844,10
12.95600033,80.24317169,28844,28854,10
12.95643997,80.24334717,28854,28864,10
12.9570303,80.24363708,28864,28874,10
12.95781994,80.24401855,28874,28884,10
12.95866013,80.24433899,28884,28894,10
12.95890045,80.24445343,28894,28904,10
12.95915985,80.24458313,28904,28914,10
12.95969963,80.24482727,28914,28925,11
12.96055984,80.24520874,28925,28935,10
12.9615097,80.24565887,28935,28945,10
12.96257019,80.24617004,28945,28955,10
12.96331978,80.24655914,28955,28965,10
12.96348,80.24662018,28965,28975,10
12.9635601,80.24667358,28975,28985,10
12.96397018,80.24685669,28985,28995,10
12.96463013,80.24710083,28995,29005,10
12.96549034,80.24739838,29005,29015,10
12.96638012,80.24772644,29015,29025,10
12.96665955,80.24786377,29025,29036,11
12.9667902,80.24794769,29036,29046,10
12.96718025,80.24816132,29046,29056,10
12.96782017,80.2484436,29056,29066,10
12.96862984,80.24875641,29066,29076,10
12.96957016,80.24913788,29076,29086,10
12.97062016,80.24951935,29086,29096,10
12.97175026,80.24981689,29096,29106,10
12.97274971,80.25007629,29106,29116,10
12.97354031,80.25032043,29116,29126,10
12.97441006,80.25055695,29126,29136,10
12.97546959,80.25083923,29136,29147,11
12.9766798,80.25118256,29147,29157,10
12.97768021,80.25167084,29157,29167,10
12.97840977,80.25225067,29167,29177,10
12.97852039,80.25229645,29177,29187,10
12.97859001,80.25235748,29187,29197,10
12.97902966,80.25254059,29197,29207,10
12.9797802,80.25263977,29207,29217,10
12.98069,80.25266266,29217,29227,10
12.98178959,80.25263214,29227,29237,10
12.98297977,80.25257111,29237,29247,10
12.98419952,80.25231934,29247,29258,11
12.98550987,80.25196075,29258,29268,10
12.98633003,80.25173187,29268,29278,10
12.98711967,80.25151825,29278,29308,30
12.98711967,80.25151825,29308,29318,10
12.98725986,80.25148773,29318,29328,10
12.98766994,80.25137329,29328,29338,10
12.9882803,80.25122833,29338,29348,10
12.9895401,80.25089264,29348,29369,21
12.9895401,80.25089264,29369,29379,10
12.98985958,80.25081635,29379,29389,10
12.99051952,80.25066376,29389,29399,10
12.99139977,80.2504425,29399,29409,10
12.99244022,80.25018311,29409,29419,10
12.99359035,80.24989319,29419,29429,10
12.99477005,80.2496109,29429,29439,10
12.99596977,80.24928284,29439,29449,10
12.99652004,80.24909973,29449,29459,10
12.99660015,80.24909973,29459,29470,11
12.99713039,80.24899292,29470,29480,10
12.99790001,80.24880981,29480,29490,10
12.99884987,80.24855804,29490,29500,10
12.99993992,80.24828339,29500,29510,10
13.00109959,80.2480011,29510,29520,10
13.00214958,80.24775696,29520,29530,10
13.00323009,80.24754333,29530,29540,10
13.00436974,80.24736023,29540,29550,10
13.00555038,80.24716187,29550,29560,10
13.00642967,80.24672699,29560,29570,10
13.00656986,80.24642181,29570,29581,11
13.00660992,80.24629211,29581,29591,10
13.00666046,80.2457428,29591,29601,10
13.00664043,80.24491882,29601,29611,10
13.00664043,80.24411011,29611,29621,10
13.00662041,80.24349976,29621,29631,10
13.00658989,80.24282837,29631,29641,10
13.00658989,80.24198914,29641,29651,10
13.00662994,80.24114227,29651,29661,10
13.00677013,80.24025726,29661,29671,10
13.00689983,80.23957825,29671,29681,10
13.00704002,80.23889923,29681,29692,11
13.0072298,80.2379837,29692,29702,10
13.00745964,80.23668671,29702,29722,20
13.00745964,80.23668671,29722,29732,10
13.00755024,80.23638916,29732,29742,10
13.00767994,80.23583984,29742,29752,10
13.00782013,80.23513031,29752,29762,10
13.00800037,80.23426819,29762,29772,10
13.00819969,80.23322296,29772,29782,10
13.00841045,80.23206329,29782,29792,10
13.00862026,80.2309494,29792,29803,11
13.00883961,80.22975159,29803,29813,10
13.00905991,80.2286911,29813,29823,10
13.00938988,80.22766113,29823,29833,10
13.00986958,80.22663879,29833,29843,10
13.01039028,80.22563934,29843,29853,10
13.01074028,80.22492218,29853,29863,10
13.01089954,80.22447968,29863,29873,10
13.01121998,80.22370911,29873,29883,10
13.01154995,80.22306061,29883,29893,10
13.01175976,80.22238922,29893,29903,10
13.01210976,80.22154236,29903,29914,11
13.0125103,80.22162628,29914,29924,10
13.01288986,80.22213745,29924,29934,10
13.01348972,80.22283173,29934,29944,10
13.01410007,80.22357941,29944,29954,10
13.01465988,80.22422791,29954,29964,10
13.01513004,80.22476196,29964,29974,10
13.01531029,80.22492981,29974,29984,10
13.01554966,80.22505188,29984,29994,10
13.0156002,80.22511292,29994,30004,10
13.01570034,80.22515106,30004,30014,10
13.01603031,80.2253418,30014,30025,11
13.01667976,80.22528076,30025,30035,10
13.01739979,80.22499847,30035,30045,10
13.01821995,80.22466278,30045,30055,10
13.01908016,80.22438049,30055,30065,10
13.01972008,80.22453308,30065,30075,10
13.02019978,80.22489166,30075,30085,10
13.02075005,80.22527313,30085,30095,10
13.02130985,80.22570038,30095,30105,10
13.0218401,80.22605896,30105,30115,10
13.02194023,80.22614288,30115,30125,10
13.02198982,80.22622681,30125,30136,11
13.02231979,80.22650146,30136,30146,10
13.02283955,80.2269516,30146,30156,10
13.02338982,80.2274704,30156,30166,10
13.02394009,80.22798157,30166,30176,10
13.02431965,80.22834778,30176,30186,10
13.02439976,80.22843933,30186,30196,10
13.02445984,80.22853088,30196,30206,10
13.02466011,80.22889709,30206,30216,10
13.02507973,80.22946167,30216,30226,10
13.02560043,80.23016357,30226,30236,10
13.02595997,80.23095703,30236,30247,11
13.02626991,80.23132324,30247,30257,10
13.02694988,80.23114014,30257,30267,10
13.02777958,80.23101807,30267,30277,10
13.02859974,80.23094177,30277,30287,10
13.02925968,80.23088074,30287,30297,10
13.02962017,80.23082733,30297,30307,10
13.0300703,80.23078156,30307,30317,10
13.03057957,80.23074341,30317,30327,10
13.03071022,80.23072815,30327,30337,10
13.03100967,80.23072052,30337,30347,10
13.03155994,80.23066711,30347,30358,11
13.03240967,80.23059845,30358,30368,10
13.03324032,80.23053741,30368,30378,10
13.03394032,80.23049164,30378,30388,10
13.03477955,80.23032379,30388,30418,30
13.03477955,80.23032379,30418,30428,10
13.03491974,80.23023224,30428,30448,20
13.03491974,80.23023224,30448,30458,10
13.03507996,80.22989655,30458,30469,11
13.03450012,80.22975922,30469,30569,100
13.03450012,80.22975922,30569,30579,10
13.03421021,80.2297821,30579,30590,11
13.03415012,80.23001099,30590,31619,1029
13.03417015,80.23043823,31619,31639,20
13.03417015,80.23043823,31639,31649,10
13.03380013,80.23046112,31649,31659,10
13.03345966,80.23047638,31659,31669,10
13.03293037,80.23052216,31669,31680,11
13.03219986,80.23061371,31680,31690,10
13.03153992,80.23065186,31690,31700,10
13.03100014,80.23068237,31700,31720,20
13.03100014,80.23068237,31720,31730,10
13.03069019,80.23071289,31730,31740,10
13.03036976,80.23078918,31740,31750,10
13.02997017,80.23081207,31750,31760,10
13.02993965,80.23081207,31760,31770,10
13.02952003,80.23088074,31770,31780,10
13.02892017,80.23091888,31780,31791,11
13.02810955,80.23097992,31791,31801,10
13.02773952,80.23113251,31801,31811,10
13.02772045,80.23156738,31811,31821,10
13.02775955,80.23210907,31821,31831,10
13.02785969,80.23262787,31831,31841,10
13.02737045,80.23284912,31841,31861,20
13.02737045,80.23284912,31861,31871,10
13.02700043,80.23294067,31871,31912,41
13.02700043,80.23294067,31912,31922,10
13.02663994,80.23297882,31922,31932,10
13.02637959,80.23274231,31932,31942,10
13.02620029,80.23220062,31942,31952,10
13.02612972,80.23184967,31952,31962,10
13.02610016,80.23168945,31962,31972,10
13.02600002,80.23124695,31972,31982,10
13.02573967,80.23062134,31982,31992,10
13.02530003,80.22987366,31992,32002,10
13.02486992,80.22931671,32002,32013,11
13.02455044,80.22891998,32013,32023,10
13.02423954,80.228508,32023,32033,10
13.0237999,80.22798157,32033,32043,10
13.02338028,80.22762299,32043,32053,10
13.0230999,80.22730255,32053,32063,10
13.02256966,80.22679138,32063,32073,10
13.02186012,80.2261734,32073,32083,10
13.02097988,80.22550201,32083,32093,10
13.01998043,80.22480774,32093,32103,10
13.01887035,80.22447968,32103,32113,10
13.01770973,80.22492218,32113,32124,11
13.01675987,80.22531891,32124,32134,10
13.01644039,80.22547913,32134,32144,10
13.01595974,80.22560883,32144,32154,10
13.01535988,80.22583771,32154,32164,10
13.01474953,80.22608185,32164,32174,10
13.01443958,80.2261734,32174,32184,10
13.01438046,80.22618866,32184,32194,10
13.01401043,80.2263031,32194,32204,10
13.01336002,80.22660828,32204,32214,10
13.01249981,80.2269516,32214,32224,10
13.01148987,80.22737122,32224,32235,11
13.01031971,80.22783661,32235,32245,10
13.00932026,80.22831726,32245,32255,10
13.00901031,80.22936249,32255,32265,10
13.00877953,80.23049164,32265,32275,10
13.00858974,80.2315979,32275,32285,10
13.00837994,80.23268127,32285,32295,10
13.0082798,80.2334137,32295,32305,10
13.00825024,80.23349762,32305,32314,9
13.0081501,80.23384857,32314,32325,11
13.0080204,80.23459625,32325,32335,10
13.0078001,80.23562622,32335,32346,11
13.00755978,80.23679352,32346,32356,10
13.00736046,80.2378006,32356,32366,10
13.00716972,80.23872375,32366,32376,10
13.00699043,80.23960114,32376,32386,10
13.00683975,80.24040222,32386,32396,10
13.00667953,80.24137878,32396,32406,10
13.00666046,80.24249268,32406,32416,10
13.00669956,80.24356079,32416,32426,10
13.00667953,80.24461365,32426,32436,10
13.00669956,80.24559784,32436,32446,10
13.00673008,80.24658966,32446,32457,11
13.00664997,80.24736023,32457,32467,10
13.00627995,80.24739075,32467,32477,10
13.00627041,80.24738312,32477,32487,10
13.00607014,80.24733734,32487,32497,10
13.00543976,80.24738312,32497,32507,10
13.00450993,80.24742126,32507,32517,10
13.00339985,80.24755859,32517,32527,10
13.00214958,80.24780273,32527,32537,10
13.00084972,80.24812317,32537,32547,10
12.99948025,80.24846649,32547,32557,10
12.99827003,80.24880219,32557,32568,11
12.99798965,80.24887848,32568,32578,10
12.99748039,80.24900055,32578,32588,10
12.99664021,80.24916077,32588,32598,10
12.99565029,80.24939728,32598,32608,10
12.99448967,80.24976349,32608,32618,10
12.99324989,80.25006104,32618,32628,10
12.9918499,80.2503891,32628,32638,10
12.99114037,80.25061035,32638,32648,10
12.99108982,80.25064087,32648,32658,10
12.99059963,80.25074768,32658,32668,10
12.98978996,80.25092316,32668,32679,11
12.98865986,80.25115204,32679,32689,10
12.98797989,80.25131989,32689,32800,111
12.98797989,80.25131989,32800,32810,10
12.98746014,80.25145721,32810,32820,10
12.98668957,80.25169373,32820,32830,10
12.98571968,80.25193787,32830,32840,10
12.98458958,80.25224304,32840,32850,10
12.98332024,80.25256348,32850,32860,10
12.98194981,80.25263214,32860,32870,10
12.98071957,80.25267029,32870,32880,10
12.98011971,80.25270081,32880,32890,10
12.97970009,80.25267792,32890,32901,11
12.97887993,80.25260925,32901,32911,10
12.97869015,80.25256348,32911,32921,10
12.97861958,80.25254822,32921,32931,10
12.97821999,80.25231171,32931,32941,10
12.97762966,80.25177002,32941,32951,10
12.97675991,80.251297,32951,32961,10
12.97562027,80.2509613,32961,32971,10
12.97439003,80.25061035,32971,32981,10
12.97309017,80.2502594,32981,32991,10
12.97177029,80.24992371,32991,33001,10
12.97043037,80.24951935,33001,33012,11
12.96899033,80.2489624,33012,33022,10
12.96784019,80.24848938,33022,33032,10
12.96685028,80.24806213,33032,33042,10
12.96592045,80.24764252,33042,33052,10
12.96512985,80.2473526,33052,33062,10
12.96508026,80.24729919,33062,33072,10
12.96483994,80.2472229,33072,33082,10
12.96430969,80.24706268,33082,33092,10
12.96352005,80.24674988,33092,33102,10
12.96263981,80.24635315,33102,33112,10
12.96158981,80.24581909,33112,33123,11
12.96032047,80.24520111,33123,33133,10
12.95944977,80.24487305,33133,33143,10
12.95936012,80.24479675,33143,33153,10
12.95893955,80.24458313,33153,33163,10
12.95823002,80.2442627,33163,33173,10
12.95742035,80.24395752,33173,33183,10
12.95650959,80.24355316,33183,33203,20
12.95650959,80.24355316,33203,33213,10
12.95631027,80.24346161,33213,33224,11
12.9556303,80.24318695,33224,33234,10
12.95479965,80.24285889,33234,33244,10
12.95386982,80.24246216,33244,33254,10
12.95275974,80.24199677,33254,33264,10
12.95193005,80.24172974,33264,33274,10
12.95182037,80.24169922,33274,33284,10
12.95174026,80.24170685,33284,33294,10
12.95129967,80.241539,33294,33304,10
12.95057964,80.24127197,33304,33314,10
12.94966984,80.24095917,33314,33324,10
12.94923019,80.24085999,33324,33334,10
12.94876003,80.24069977,33334,33345,11
12.9479599,80.24034119,33345,33355,10
12.94725037,80.24004364,33355,33365,10
12.94707966,80.23999786,33365,33375,10
12.94682026,80.23986816,33375,33385,10
12.94622993,80.23961639,33385,33395,10
12.9454298,80.23925781,33395,33405,10
12.94470978,80.23858643,33405,33415,10
12.94392967,80.23771667,33415,33425,10
12.94297981,80.23692322,33425,33435,10
12.94180012,80.23636627,33435,33445,10
12.94060993,80.2360611,33445,33456,11
12.9399004,80.23583984,33456,33466,10
12.93988037,80.23583221,33466,33476,10
12.93982029,80.2358017,33476,33486,10
12.93931961,80.23554993,33486,33496,10
12.93855953,80.23518372,33496,33506,10
12.93764973,80.23473358,33506,33516,10
12.93663979,80.23423767,33516,33526,10
12.93601036,80.23391724,33526,33536,10
12.93556976,80.23368073,33536,33546,10
12.93488026,80.23338318,33546,33557,11
12.93404007,80.23303986,33557,33567,10
12.93391037,80.23298645,33567,33577,10
12.93383026,80.23297119,33577,33587,10
12.93334961,80.23271942,33587,33597,10
12.93260002,80.23242188,33597,33607,10
12.93167973,80.23209381,33607,33617,10
12.93058014,80.23171234,33617,33627,10
12.92940998,80.23143005,33627,33637,10
12.92823029,80.23121643,33637,33647,10
12.92698002,80.23107147,33647,33657,10
12.92617989,80.23101807,33657,33667,10
12.92601013,80.23097992,33667,33678,11
12.92545033,80.23090363,33678,33688,10
12.92469978,80.23079681,33688,33698,10
12.92378998,80.23069,33698,33708,10
12.92269993,80.23053741,33708,33718,10
12.92146015,80.23034668,33718,33728,10
12.92008972,80.2301712,33728,33738,10
12.91866016,80.2299881,33738,33748,10
12.91724014,80.22981262,33748,33758,10
12.91584015,80.22962189,33758,33768,10
12.9145298,80.22942352,33768,33779,11
12.91341019,80.22927856,33779,33789,10
12.91335964,80.22927856,33789,33799,10
12.91324043,80.22924805,33799,33809,10
12.91271019,80.2292099,33809,33819,10
12.91186047,80.22907257,33819,33829,10
12.91084003,80.22891998,33829,33839,10
12.90970039,80.22873688,33839,33849,10
12.90847969,80.22853851,33849,33859,10
12.90750027,80.2283783,33859,33869,10
12.90690994,80.22830963,33869,33879,10
12.90651989,80.22827148,33879,33889,10
12.9060297,80.22825623,33889,33900,11
12.90585995,80.22824097,33900,33910,10
12.90526962,80.22820282,33910,33920,10
12.90439034,80.22812653,33920,33930,10
12.90336037,80.22807312,33930,33940,10
12.90217018,80.22799683,33940,33950,10
12.90126038,80.22801971,33950,33990,40
12.90126038,80.22801971,33990,34001,11
12.90077972,80.2278595,34001,34011,10
12.90009022,80.22783661,34011,34021,10
12.89896011,80.22782135,34021,34061,40
12.89896011,80.22782135,34061,34071,10
12.89863968,80.2278595,34071,34081,10
12.89803982,80.22779846,34081,34091,10
12.89719963,80.22773743,34091,34101,10
12.89624023,80.22769928,34101,34112,11
12.89503956,80.2276535,34112,34122,10
12.89389992,80.22756195,34122,34132,10
12.89303017,80.22744751,34132,34142,10
12.89260006,80.22738647,34142,34152,10
12.89202023,80.22734833,34152,34162,10
12.89120007,80.22734833,34162,34172,10
12.89017963,80.22734833,34172,34182,10
12.88914013,80.2273407,34182,34192,10
12.88873959,80.22736359,34192,34202,10
12.88838005,80.22734833,34202,34212,10
12.88778973,80.22730255,34212,34223,11
12.88687992,80.22714996,34223,34233,10
12.88591957,80.22692108,34233,34243,10
12.88523006,80.22678375,34243,34253,10
12.88484001,80.22673035,34253,34263,10
12.88426971,80.22673035,34263,34273,10
12.88346958,80.22673035,34273,34283,10
12.88251019,80.22672272,34283,34293,10
12.88142967,80.22672272,34293,34303,10
12.8803196,80.22673798,34303,34313,10
12.87915039,80.22676086,34313,34323,10
12.87790966,80.22685242,34323,34334,11
12.87697029,80.2269516,34334,34344,10
12.87677956,80.2269516,34344,34354,10
12.87660027,80.22693634,34354,34364,10
12.87637043,80.22693634,34364,34374,10
12.87584019,80.2269516,34374,34384,10
12.87504005,80.22689819,34384,34394,10
12.8740797,80.22676849,34394,34404,10
12.87306976,80.22669983,34404,34414,10
12.87273026,80.22670746,34414,34424,10
12.87257957,80.22669983,34424,34434,10
12.87207031,80.22669983,34434,34445,11
12.87117004,80.22666931,34445,34455,10
12.87020016,80.22660065,34455,34465,10
12.86907959,80.22647095,34465,34475,10
12.86789989,80.22641754,34475,34485,10
12.8667202,80.22653198,34485,34495,10
12.86550999,80.22660065,34495,34505,10
12.86425972,80.2265625,34505,34515,10
12.86301994,80.22653198,34515,34525,10
12.86186028,80.22659302,34525,34535,10
12.86124992,80.22660828,34535,34545,10
12.86124039,80.22660065,34545,34556,11
12.86112022,80.22657776,34556,34566,10
12.86060047,80.2265625,34566,34576,10
12.85978985,80.22644806,34576,34586,10
12.85886002,80.22631073,34586,34596,10
12.85785007,80.22625732,34596,34606,10
12.85671997,80.22634125,34606,34616,10
12.85548019,80.22647095,34616,34626,10
12.85416031,80.22660828,34626,34636,10
12.85276031,80.22670746,34636,34646,10
12.85130024,80.22663879,34646,34656,10
12.85004044,80.22659302,34656,34667,11
12.84895992,80.22657776,34667,34677,10
12.84776974,80.22657776,34677,34687,10
12.84654045,80.22660065,34687,34697,10
12.84564972,80.22660828,34697,34707,10
12.84549999,80.22660828,34707,34717,10
12.84543037,80.2265625,34717,34727,10
12.84506989,80.22657776,34727,34737,10
12.84440041,80.22662354,34737,34747,10
12.84350967,80.22672272,34747,34757,10
12.84245968,80.22692871,34757,34767,10
12.84125996,80.227211,34767,34778,11
12.84022999,80.22749329,34778,34788,10
12.83981991,80.22760773,34788,34798,10
12.83981037,80.22760773,34798,34808,10
12.83952999,80.22772217,34808,34818,10
12.83887959,80.22789001,34818,34828,10
12.83800983,80.22811127,34828,34838,10
12.83701038,80.22827911,34838,34848,10
12.83602047,80.2284317,34848,34858,10
12.83543968,80.22853851,34858,34868,10
12.83462048,80.22865295,34868,34878,10
12.8336401,80.2288208,34878,34889,11
12.8325901,80.22904205,34889,34899,10
12.83234024,80.22911835,34899,34909,10
12.8322897,80.22914124,34909,34919,10
12.83185959,80.22921753,34919,34929,10
12.83111,80.22940063,34929,34939,10
12.83014011,80.22972107,34939,34949,10
12.82905006,80.23016357,34949,34959,10
12.82793999,80.23075867,34959,34969,10
12.82693958,80.23123169,34969,34979,10
12.82600021,80.23136139,34979,34989,10
12.8249197,80.23136902,34989,35000,11
12.82376003,80.23113251,35000,35010,10
12.82275009,80.23082733,35010,35020,10
12.82186031,80.23056793,35020,35030,10
12.82092953,80.23045349,35030,35040,10
12.81986046,80.23047638,35040,35050,10
12.81871986,80.23039246,35050,35060,10
12.8176403,80.22988129,35060,35070,10
12.81641006,80.22949219,35070,35080,10
12.81507015,80.22930145,35080,35090,10
12.81369972,80.22901154,35090,35100,10
12.81235027,80.2285614,35100,35111,11
12.81089973,80.22801208,35111,35121,10
12.80965042,80.22747803,35121,35131,10
12.80867004,80.22682953,35131,35141,10
12.80772018,80.22602844,35141,35151,10
12.80702019,80.22543335,35151,35161,10
12.80657959,80.22503662,35161,35171,10
12.80609035,80.22460938,35171,35181,10
12.8056097,80.22422028,35181,35191,10
12.80531025,80.22408295,35191,35201,10
12.80506992,80.22400665,35201,35232,31
12.80506992,80.22400665,35232,35242,10
12.80498981,80.22398376,35242,35252,10
12.80488014,80.22399139,35252,35262,10
12.80440044,80.22392273,35262,35272,10
12.80381966,80.22386169,35272,35282,10
12.80309963,80.22380066,35282,35292,10
12.80214977,80.22366333,35292,35302,10
12.80115032,80.22358704,35302,35312,10
12.80093002,80.22354126,35312,35322,10
12.80047989,80.22350311,35322,35333,11
12.79965973,80.22342682,35333,35343,10
12.79870987,80.22332001,35343,35353,10
12.79753971,80.22318268,35353,35363,10
12.79640007,80.22299957,35363,35373,10
12.79588985,80.22292328,35373,35383,10
12.79586983,80.22292328,35383,35393,10
12.79543972,80.22281647,35393,35403,10
12.79469013,80.22265625,35403,35413,10
12.7937603,80.22251892,35413,35423,10
12.79265022,80.22236633,35423,35433,10
12.79146004,80.22209167,35433,35444,11
12.79020977,80.22177124,35444,35454,10
12.78940964,80.22151947,35454,35464,10
12.78868961,80.22125244,35464,35474,10
12.78794003,80.22096252,35474,35484,10
12.78740978,80.22075653,35484,35494,10
12.78687954,80.22058105,35494,35504,10
12.78658009,80.22046661,35504,35524,20
12.78658009,80.22046661,35524,35534,10
12.78649044,80.22042084,35534,35544,10
12.78608036,80.22025299,35544,35555,11
12.78551006,80.21997833,35555,35565,10
12.78479004,80.21961975,35565,35585,20
12.78479004,80.21961975,35585,35595,10
12.78468037,80.2195282,35595,35605,10
12.78417969,80.21927643,35605,35615,10
12.7834301,80.21884918,35615,35625,10
12.78248024,80.21833801,35625,35635,10
12.78137016,80.21772003,35635,35645,10
12.78017998,80.21707916,35645,35655,10
12.77896023,80.21643066,35655,35666,11
12.77754974,80.21575928,35666,35676,10
12.77616978,80.21520233,35676,35686,10
12.77476025,80.21463776,35686,35696,10
12.77336979,80.21408081,35696,35706,10
12.77198029,80.21354675,35706,35716,10
12.77085972,80.21317291,35716,35726,10
12.77044964,80.21304321,35726,35736,10
12.77036953,80.21302032,35736,35746,10
12.76990986,80.21285248,35746,35756,10
12.76916981,80.21257782,35756,35766,10
12.76825047,80.21224213,35766,35777,11
12.76714039,80.21183777,35777,35787,10
12.76599026,80.21143341,35787,35797,10
12.76471996,80.21096802,35797,35807,10
12.76340008,80.21047974,35807,35817,10
12.7620697,80.20995331,35817,35827,10
12.76084042,80.2093811,35827,35837,10
12.75986958,80.20886993,35837,35847,10
12.75957966,80.20871735,35847,35857,10
12.75949001,80.20868683,35857,35867,10
12.75903988,80.20844269,35867,35877,10
12.75831985,80.20803833,35877,35888,11
12.75741959,80.20751953,35888,35898,10
12.75646019,80.20697021,35898,35908,10
12.75535011,80.20633698,35908,35918,10
12.75413036,80.20568085,35918,35928,10
12.75286961,80.20503235,35928,35938,10
12.75177956,80.20448303,35938,35948,10
12.75142002,80.20429993,35948,35958,10
12.75127029,80.20424652,35958,35968,10
12.75088024,80.2040329,35968,35978,10
12.75026035,80.20372009,35978,35988,10
12.74940014,80.20326996,35988,35999,11
12.74829006,80.20269012,35999,36009,10
12.74715042,80.20210266,36009,36019,10
12.74594021,80.20146179,36019,36029,10
12.74472046,80.20075226,36029,36039,10
12.74374008,80.19972229,36039,36049,10
12.74277973,80.1986084,36049,36059,10
12.7419796,80.19766235,36059,36069,10
12.7417202,80.1973114,36069,36079,10
12.74166012,80.19724274,36079,36089,10
12.74139977,80.19685364,36089,36099,10
12.74094009,80.19621277,36099,36110,11
12.74032974,80.19537354,36110,36120,10
12.73968029,80.19445801,36120,36130,10
12.73896027,80.19345093,36130,36140,10
12.73812962,80.19239807,36140,36150,10
12.73717022,80.19145966,36150,36160,10
12.73633957,80.19061279,36160,36170,10
12.73550034,80.18988037,36170,36180,10
12.73441029,80.18952179,36180,36190,10
12.73324966,80.18943787,36190,36200,10
12.73217964,80.18926239,36200,36210,10
12.73118019,80.18907928,36210,36221,11
12.73005009,80.18897247,36221,36241,20
12.73005009,80.18897247,36241,36251,10
12.72990036,80.18894196,36251,36261,10
12.72972965,80.1889267,36261,36271,10
12.72926044,80.18891144,36271,36281,10
12.72861958,80.18878174,36281,36291,10
12.72789955,80.18856049,36291,36301,10
12.72706985,80.18833923,36301,36311,10
12.72612,80.1881485,36311,36321,10
12.72509003,80.18800354,36321,36342,21
12.72509003,80.18800354,36342,36352,10
12.72488022,80.1879425,36352,36362,10
12.72439957,80.18785858,36362,36372,10
12.72395039,80.1877594,36372,36382,10
12.7237196,80.18768311,36382,36392,10
12.72315025,80.18752289,36392,36402,10
12.72255039,80.18736267,36402,36412,10
12.72237968,80.18734741,36412,36422,10
12.72222996,80.18765259,36422,36432,10
12.72210979,80.18743134,36432,36836,404
12.72224045,80.18739319,36836,37058,222
12.72216034,80.18742371,37058,37341,283
12.72216034,80.18742371,37341,37351,10
12.72243977,80.18736267,37351,37361,10
12.72280979,80.18743896,37361,37371,10
12.72327995,80.18756866,37371,37381,10
12.72383976,80.18772125,37381,37391,10
12.72436047,80.18785095,37391,37401,10
12.72484016,80.1879425,37401,37411,10
12.72490978,80.18795776,37411,37421,10
12.72496986,80.18797302,37421,37432,11
12.72519016,80.18800354,37432,37442,10
12.72550011,80.18804932,37442,37452,10
12.7259798,80.1881485,37452,37462,10
12.72663021,80.18827057,37462,37472,10
12.72704029,80.18836212,37472,37482,10
12.72756004,80.18847656,37482,37492,10
12.72826958,80.18869019,37492,37502,10
12.72902012,80.18890381,37502,37512,10
12.72961998,80.18891144,37512,37522,10
12.72966003,80.18891907,37522,37532,10
12.72999954,80.1889801,37532,37543,11
12.73050022,80.18904114,37543,37553,10
12.73118019,80.18910217,37553,37563,10
12.73206043,80.1892395,37563,37573,10
12.73303032,80.18937683,37573,37583,10
12.73408985,80.18946838,37583,37593,10
12.73521042,80.18966675,37593,37603,10
12.73614025,80.19033051,37603,37613,10
12.73694038,80.19117737,37613,37623,10
12.73781967,80.19206238,37623,37633,10
12.73867989,80.19300842,37633,37643,10
12.73945999,80.19406891,37643,37654,11
12.74032021,80.19525146,37654,37664,10
12.74110031,80.19632721,37664,37674,10
12.74174976,80.19721222,37674,37684,10
12.7418499,80.19734192,37684,37694,10
12.74203968,80.19760895,37694,37704,10
12.74246025,80.19809723,37704,37714,10
12.74302006,80.19877625,37714,37724,10
12.74363041,80.19949341,37724,37734,10
12.74435997,80.20030975,37734,37744,10
12.74462032,80.20056152,37744,37754,10
12.74520016,80.20098114,37754,37765,11
12.74612045,80.20147705,37765,37775,10
12.74715996,80.20201874,37775,37785,10
12.74835014,80.20262909,37785,37795,10
12.74958038,80.20326233,37795,37805,10
12.75072956,80.20384979,37805,37815,10
12.75121021,80.20407104,37815,37825,10
12.75121975,80.20407104,37825,37835,10
12.75129032,80.20411682,37835,37845,10
12.75166988,80.20432281,37845,37855,10
12.75234032,80.2046814,37855,37865,10
12.75317955,80.20511627,37865,37876,11
12.75424004,80.20568848,37876,37886,10
12.7553196,80.20626068,37886,37896,10
12.75644016,80.20687103,37896,37906,10
12.75708008,80.20722198,37906,37916,10
12.75741005,80.20739746,37916,37926,10
12.75800991,80.20774841,37926,37936,10
12.75881958,80.20819092,37936,37946,10
12.75975037,80.20870209,37946,37956,10
12.76018047,80.20893097,37956,37966,10
12.76051998,80.2091217,37966,37976,10
12.76115036,80.20944977,37976,37987,11
12.76212025,80.2098999,37987,37997,10
12.76317978,80.21031952,37997,38007,10
12.76432037,80.21076202,38007,38017,10
12.76552963,80.21118164,38017,38027,10
12.7667799,80.21163177,38027,38037,10
12.7680397,80.21208191,38037,38047,10
12.76928997,80.21256256,38047,38057,10
12.77052021,80.21296692,38057,38067,10
12.77097988,80.21309662,38067,38077,10
12.77116966,80.21317291,38077,38087,10
12.77167988,80.21336365,38087,38098,11
12.77252007,80.21367645,38098,38108,10
12.7734499,80.21405029,38108,38118,10
12.77458,80.21450806,38118,38128,10
12.77581978,80.21501923,38128,38138,10
12.77709961,80.21555328,38138,38148,10
12.77836037,80.2161026,38148,38158,10
12.77960968,80.21674347,38158,38168,10
12.78087044,80.21743011,38168,38178,10
12.78213024,80.21810913,38178,38188,10
12.78328991,80.21874237,38188,38198,10
12.78423977,80.21929932,38198,38209,11
12.7850399,80.21972656,38209,38229,20
12.7850399,80.21972656,38229,38239,10
12.78512001,80.21977997,38239,38249,10
12.78549957,80.21997833,38249,38259,10
12.7864399,80.22041321,38259,38289,30
12.7864399,80.22041321,38289,38299,10
12.78652954,80.22045898,38299,38309,10
12.78684998,80.22058868,38309,38320,11
12.78754044,80.22080231,38320,38330,10
12.78829002,80.22112274,38330,38340,10
12.78915977,80.22145844,38340,38350,10
12.78979969,80.22167969,38350,38360,10
12.79018021,80.22177124,38360,38370,10
12.79092026,80.22194672,38370,38380,10
12.79189968,80.22219086,38380,38390,10
12.79304981,80.22241211,38390,38400,10
12.79426003,80.22258759,38400,38410,10
12.79549026,80.22279358,38410,38421,11
12.79634953,80.22290802,38421,38431,10
12.79648018,80.22296143,38431,38441,10
12.7969799,80.22305298,38441,38451,10
12.79776001,80.22318268,38451,38461,10
12.79868984,80.2232666,38461,38471,10
12.79967976,80.22335815,38471,38481,10
12.80082035,80.22348785,38481,38491,10
12.80142021,80.22354126,38491,38501,10
12.80158043,80.22358704,38501,38511,10
12.80210972,80.22364044,38511,38521,10
12.80282974,80.22373962,38521,38532,11
12.80373001,80.22383118,38532,38542,10
12.80459023,80.22389984,38542,38552,10
12.80550003,80.22406769,38552,38572,20
12.80550003,80.22406769,38572,38582,10
12.80574036,80.22422028,38582,38592,10
12.80617046,80.22457886,38592,38602,10
12.80677986,80.22512054,38602,38612,10
12.80747986,80.2257309,38612,38622,10
12.80825043,80.22637939,38622,38632,10
12.80902958,80.22702026,38632,38643,11
12.81007004,80.22762299,38643,38653,10
12.81114006,80.22807312,38653,38663,10
12.81231022,80.22850037,38663,38673,10
12.81352043,80.22889709,38673,38683,10
12.81480026,80.2292099,38683,38693,10
12.81612015,80.22939301,38693,38703,10
12.81739998,80.22969818,38703,38713,10
12.81857967,80.23026276,38713,38723,10
12.81958008,80.23042297,38723,38733,10
12.81970024,80.23040771,38733,38743,10
12.81995964,80.23040771,38743,38754,11
12.82067966,80.23040009,38754,38764,10
12.82159996,80.23045349,38764,38774,10
12.82266045,80.23071289,38774,38784,10
12.82386971,80.23105621,38784,38794,10
12.82509041,80.23132324,38794,38804,10
12.82639027,80.23127747,38804,38814,10
12.82763004,80.23091888,38814,38824,10
12.82876015,80.23029327,38824,38834,10
12.82999039,80.2297821,38834,38844,10
12.83094978,80.22937775,38844,38854,10
12.83104038,80.22936249,38854,38865,11
12.83111954,80.22931671,38865,38875,10
12.83143997,80.2292099,38875,38885,10
12.83154011,80.22917175,38885,38895,10
12.83178043,80.22911835,38895,38905,10
12.83228016,80.22901154,38905,38915,10
12.83300972,80.22888184,38915,38925,10
12.83388996,80.22872162,38925,38935,10
12.83491993,80.2285614,38935,38945,10
12.83598995,80.22840118,38945,38955,10
12.83712006,80.22821808,38955,38965,10
12.83817959,80.22801971,38965,38976,11
12.83907986,80.22776794,38976,38986,10
12.83950043,80.2276001,38986,38996,10
12.83992004,80.2275238,38996,39006,10
12.84055996,80.22738647,39006,39016,10
12.8413496,80.22718048,39016,39026,10
12.84228039,80.22698212,39026,39036,10
12.84327984,80.22678375,39036,39046,10
12.84434032,80.22667694,39046,39056,10
12.84506035,80.22663116,39056,39066,10
12.84521961,80.22659302,39066,39076,10
12.8453598,80.22657776,39076,39087,11
12.8454504,80.2265625,39087,39097,10
12.8458004,80.2265625,39097,39107,10
12.8462801,80.2265625,39107,39117,10
12.84673977,80.22654724,39117,39127,10
12.84724045,80.22654724,39127,39137,10
12.84780979,80.22653961,39137,39147,10
12.8483696,80.22653198,39147,39157,10
12.84910965,80.22651672,39157,39167,10
12.84992027,80.22648621,39167,39177,10
12.85002041,80.22647858,39177,39187,10
12.85033989,80.22647858,39187,39198,11
12.85101986,80.22650909,39198,39208,10
12.85186005,80.22657013,39208,39218,10
12.85287952,80.22662354,39218,39228,10
12.85402966,80.22653961,39228,39238,10
12.85529995,80.22640991,39238,39248,10
12.85661983,80.22627258,39248,39258,10
12.85797024,80.22618103,39258,39268,10
12.85918999,80.22628021,39268,39278,10
12.86032009,80.22644043,39278,39288,10
12.86069012,80.22647858,39288,39298,10
12.86075974,80.22650146,39298,39309,11
12.86124992,80.22651672,39309,39319,10
12.86198044,80.22650146,39319,39329,10
12.8629303,80.22644806,39329,39339,10
12.86402035,80.22647095,39339,39349,10
12.86524963,80.22653198,39349,39359,10
12.86658001,80.22647858,39359,39369,10
12.86789989,80.22635651,39369,39379,10
12.86917019,80.22640991,39379,39389,10
12.87047958,80.2265625,39389,39399,10
12.87174988,80.22662354,39399,39409,10
12.87275028,80.22660828,39409,39430,21
12.87275028,80.22660828,39430,39440,10
12.87302971,80.22664642,39440,39450,10
12.87359047,80.22666168,39450,39460,10
12.87432957,80.22673798,39460,39470,10
12.87518024,80.22683716,39470,39480,10
12.87605953,80.22691345,39480,39490,10
12.87656975,80.22688293,39490,39500,10
12.87662029,80.22688293,39500,39510,10
12.87693977,80.22686005,39510,39520,10
12.87744045,80.2268219,39520,39531,11
12.87796021,80.22678375,39531,39541,10
12.8784399,80.22673798,39541,39551,10
12.87909031,80.22669983,39551,39561,10
12.8797102,80.22667694,39561,39571,10
12.88047028,80.22666931,39571,39581,10
12.88136959,80.22666931,39581,39591,10
12.88243961,80.22666168,39591,39601,10
12.88358974,80.22664642,39601,39611,10
12.88461971,80.22663879,39611,39621,10
12.88508034,80.22666168,39621,39631,10
12.88525963,80.22669983,39631,39642,11
12.88580036,80.22679901,39642,39652,10
12.88644028,80.22695923,39652,39662,10
12.88728046,80.22712708,39662,39672,10
12.88829041,80.22725677,39672,39682,10
12.88951015,80.22727966,39682,39692,10
12.89076042,80.22728729,39692,39702,10
12.89173985,80.22728729,39702,39712,10
12.89245033,80.22733307,39712,39722,10
12.89313984,80.22741699,39722,39732,10
12.89369011,80.22750092,39732,39742,10
12.89398003,80.2275238,39742,39753,11
12.89439964,80.22753906,39753,39763,10
12.8949604,80.22759247,39763,39773,10
12.89566994,80.22762299,39773,39783,10
12.89649963,80.2276535,39783,39793,10
12.89750004,80.22769928,39793,39803,10
12.89859009,80.22776031,39803,39813,10
12.89962959,80.22785187,39813,39823,10
12.90060997,80.2278595,39823,39914,91
12.90060997,80.2278595,39914,39924,10
12.90077019,80.22782135,39924,39934,10
12.90116024,80.22788239,39934,39944,10
12.90167999,80.22792053,39944,39954,10
12.90258026,80.22799683,39954,39975,21
12.90258026,80.22799683,39975,39985,10
12.90287018,80.22802734,39985,39995,10
12.90340042,80.22805023,39995,40005,10
12.90406036,80.22810364,40005,40015,10
12.9045496,80.22811127,40015,40025,10
12.90517998,80.22814178,40025,40035,10
12.90561008,80.22815704,40035,40045,10
12.90563965,80.2281723,40045,40055,10
12.90589046,80.22825623,40055,40065,10
12.90614033,80.2282486,40065,40076,11
12.9066,80.22827148,40076,40086,10
12.90705013,80.22828674,40086,40096,10
12.9070797,80.22828674,40096,40106,10
12.90732002,80.22833252,40106,40116,10
12.90779018,80.22840881,40116,40126,10
12.90847015,80.22850037,40126,40136,10
12.90929985,80.2286377,40136,40146,10
12.91032028,80.22879791,40146,40156,10
12.9114399,80.22895813,40156,40166,10
12.91261959,80.22911835,40166,40176,10
12.91384983,80.22926331,40176,40197,21
12.91384983,80.22926331,40197,40207,10
12.91409969,80.2293396,40207,40217,10
12.91456032,80.22939301,40217,40227,10
12.91520023,80.22946167,40227,40237,10
12.91602993,80.22960663,40237,40247,10
12.91699982,80.22975159,40247,40257,10
12.91810036,80.22989655,40257,40267,10
12.91921997,80.2300415,40267,40277,10
12.92039013,80.23017883,40277,40287,10
12.92160034,80.23032379,40287,40298,11
12.92300987,80.23052979,40298,40308,10
12.92436028,80.23072052,40308,40318,10
12.92570019,80.23091888,40318,40328,10
12.92691994,80.23105621,40328,40338,10
12.92821026,80.23121643,40338,40348,10
12.92912006,80.23136139,40348,40358,10
12.93019009,80.23159027,40358,40368,10
12.93128967,80.23191071,40368,40378,10
12.93249035,80.2322998,40378,40388,10
12.93377972,80.23281097,40388,40409,21
12.93377972,80.23281097,40409,40419,10
12.93395996,80.23290253,40419,40429,10
12.93447971,80.23312378,40429,40439,10
12.93513012,80.23339844,40439,40449,10
12.93585968,80.23375702,40449,40459,10
12.93673992,80.23416138,40459,40469,10
12.93776989,80.23465729,40469,40479,10
12.93883991,80.23519897,40479,40489,10
12.93976974,80.23564911,40489,40509,20
12.93976974,80.23564911,40509,40520,11
12.94007969,80.23580933,40520,40530,10
12.94054031,80.23594666,40530,40540,10
12.94118023,80.23610687,40540,40550,10
12.9419899,80.23628998,40550,40560,10
12.9428196,80.23660278,40560,40570,10
12.94355965,80.23719788,40570,40580,10
12.94427013,80.23802948,40580,40589,9
12.94499016,80.23886871,40589,40600,11
12.94618034,80.2395401,40600,40610,10
12.94725037,80.23996735,40610,40620,10
12.94758987,80.24008179,40620,40631,11
12.94768047,80.24011993,40631,40641,10
12.94793987,80.24021912,40641,40651,10
12.94820023,80.2403183,40651,40661,10
12.94849014,80.24043274,40661,40671,10
12.94869041,80.24051666,40671,40691,20
12.94869041,80.24051666,40691,40701,10
12.9488802,80.24066162,40701,40711,10
12.94919968,80.24075317,40711,40721,10
12.9495697,80.24085999,40721,40731,10
12.94968987,80.24091339,40731,40742,11
12.94985008,80.24095154,40742,40752,10
12.95040989,80.24112701,40752,41539,787
12.95040989,80.24112701,41539,41549,10
12.95038986,80.24118042,41549,41559,10
12.95083046,80.24133301,41559,41569,10
12.95143032,80.24156189,41569,41579,10
12.95211983,80.24181366,41579,41589,10
12.95283985,80.24207306,41589,41599,10
12.95384026,80.2424469,41599,41620,21
12.95384026,80.2424469,41620,41630,10
12.95409012,80.24255371,41630,41640,10
12.9545002,80.24273682,41640,41650,10
12.95503044,80.24294281,41650,41660,10
12.95569992,80.24314117,41660,41670,10
12.95627975,80.24330902,41670,41680,10
12.95639038,80.24331665,41680,41690,10
12.95685005,80.2435379,41690,41700,10
12.95748997,80.24385834,41700,41710,10
12.95829964,80.24423218,41710,41720,10
12.95917034,80.24463654,41720,41731,11
12.96022987,80.24510956,41731,41741,10
12.96121979,80.24555969,41741,41751,10
12.96218014,80.24604034,41751,41761,10
12.96302986,80.24645996,41761,41771,10
12.96341038,80.24668121,41771,41821,50
12.96341038,80.24668121,41821,41831,10
12.96350002,80.2467804,41831,41842,11
12.96393967,80.24694061,41842,41852,10
12.96457958,80.24716949,41852,41862,10
12.96547985,80.2474823,41862,41872,10
12.96658039,80.24791718,41872,41882,10
12.9677,80.24842072,41882,41892,10
12.9688797,80.24887848,41892,41902,10
12.97006035,80.2493515,41902,41912,10
12.9712801,80.24977875,41912,41922,10
12.9725399,80.25010681,41922,41932,10
12.97379017,80.2504425,41932,41942,10
12.97500038,80.2507782,41942,41953,11
12.97632027,80.25115204,41953,41963,10
12.97739983,80.25151825,41963,41973,10
12.97823048,80.25218201,41973,41983,10
12.97912025,80.25257874,41983,41993,10
12.97976971,80.25261688,41993,42043,50
12.97976971,80.25261688,42043,42053,10
12.97996044,80.25269318,42053,42064,11
12.98042011,80.25267029,42064,42074,10
12.98106956,80.25266266,42074,42084,10
12.98196983,80.25263214,42084,42094,10
12.98301029,80.25257111,42094,42104,10
12.98408031,80.25235748,42104,42114,10
12.98505974,80.25209808,42114,42124,10
12.98585987,80.25187683,42124,42134,10
12.98606014,80.25180817,42134,42144,10
12.98631001,80.25173187,42144,42154,10
12.98672009,80.25164032,42154,42164,10
12.98692989,80.25157928,42164,42175,11
12.98719978,80.25151062,42175,42185,10
12.98760033,80.25140381,42185,42195,10
12.98791027,80.2515564,42195,42205,10
12.98799992,80.25196838,42205,42215,10
12.98799992,80.25254822,42215,42225,10
12.98789024,80.25321198,42225,42235,10
12.98787975,80.25361633,42235,42245,10
12.98781967,80.25469971,42245,42356,111
12.98781967,80.25469971,42356,42366,10
12.98771954,80.25509644,42366,42376,10
12.98771,80.25549316,42376,42386,10
12.98785019,80.25579071,42386,42397,11
12.98822021,80.25582123,42397,42407,10
12.98867989,80.25588226,42407,42417,10
12.98921967,80.25588989,42417,42427,10
12.98978043,80.25589752,42427,42437,10
12.99007988,80.25596619,42437,42447,10
12.9904604,80.25598145,42447,42457,10
12.99059963,80.25595856,42457,42467,10
12.99090004,80.25601959,42467,42477,10
12.99135017,80.25598145,42477,42487,10
12.99236012,80.2559967,42487,42528,41
12.99236012,80.2559967,42528,42538,10
12.9927597,80.25604248,42538,42548,10
12.99291992,80.25601959,42548,42558,10
12.99310017,80.2559967,42558,42568,10
12.99339008,80.25596619,42568,42588,20
12.99370003,80.25595856,42588,42609,21
12.99370003,80.25595856,42609,42619,10
12.99405956,80.2559967,42619,42629,10
12.99433994,80.25595856,42629,42639,10
12.99466991,80.25588989,42639,42730,91
12.99466991,80.25588989,42730,42740,10
12.99499035,80.25589752,42740,42750,10
12.99524021,80.25582886,42750,42760,10
12.99557972,80.2558136,42760,42770,10
12.99586964,80.25588989,42770,42780,10
12.99613953,80.25591278,42780,42790,10
12.99664974,80.25588226,42790,42851,61
12.99664974,80.25588226,42851,42861,10
12.99680042,80.25589752,42861,42871,10
12.99746037,80.25589752,42871,42891,20
12.99746037,80.25589752,42891,42901,10
12.99769974,80.25598145,42901,42911,10
12.9976902,80.256073,42911,42921,10
12.99765968,80.25630951,42921,42931,10
12.99761009,80.25668335,42931,42942,11
12.99717999,80.2569809,42942,43042,100
12.99717999,80.2569809,43042,43053,11
12.99744034,80.25678253,43053,43063,10
12.99763966,80.25660706,43063,43073,10
12.99783993,80.25666809,43073,43083,10
12.99777985,80.25689697,43083,43093,10
12.99761963,80.25702667,43093,43103,10
12.99738026,80.25720978,43103,44718,1615
12.99705982,80.25727081,44718,44980,262
12.99742031,80.25720215,44980,45676,696
12.99736977,80.25726318,45676,46151,475
12.9973402,80.25720978,46151,47594,1443
12.99742031,80.25731659,47594,47725,131
12.99740028,80.2572937,47725,48502,777
12.99726009,80.25711823,48502,48885,383
12.99732971,80.25720978,48885,49087,202
12.99742031,80.2572403,49087,50237,1150
12.99732018,80.25727081,50237,52195,1958
12.99754047,80.25723267,52195,52306,111
12.99740982,80.25723267,52306,62912,10606
12.99742031,80.25734711,62912,63417,505
12.99732018,80.25731659,63417,65828,2411
12.99738979,80.25734711,65828,66979,1151
12.99738979,80.25730896,66979,67130,151
12.99742985,80.25740051,67130,67443,313
