12.98705006,80.25933838,19,2080,2061
12.98690987,80.25937653,2080,2231,151
12.98705959,80.25911713,2231,4554,2323
12.98705959,80.25911713,4554,4564,10
12.98703003,80.25914764,4564,5059,495
12.98703003,80.25914764,5059,5069,10
12.98711967,80.25911713,5069,6585,1516
12.98707008,80.25907135,6585,8564,1979
12.98717022,80.25917816,8564,18693,10129
12.98715973,80.25906372,18693,19451,758
12.9871397,80.25904846,19451,19966,515
12.9871397,80.25904846,19966,19976,10
12.98723984,80.2589798,19976,19986,10
12.98727989,80.25900269,19986,19996,10
12.98738003,80.25891876,19996,20006,10
12.98740005,80.25853729,20006,20016,10
12.98744011,80.25789642,20016,20026,10
12.98750019,80.25698853,20026,20036,10
12.98756027,80.25610352,20036,20046,10
12.98768044,80.25543976,20046,20056,10
12.98771,80.25491333,20056,20067,11
12.98773956,80.25463867,20067,20077,10
12.98781967,80.25392151,20077,20087,10
12.98791981,80.25283813,20087,20097,10
12.98787975,80.25182343,20097,20107,10
12.98773003,80.25157166,20107,20117,10
12.98738956,80.25157928,20117,20127,10
12.9865799,80.25173187,20127,20137,10
12.98548031,80.25199127,20137,20147,10
12.98414993,80.25237274,20147,20157,10
12.98266983,80.25263214,20157,20167,10
12.98112011,80.25270081,20167,20178,11
12.97970009,80.25273895,20178,20188,10
12.97865963,80.25261688,20188,20198,10
12.97848988,80.25254059,20198,20208,10
12.97797966,80.25213623,20208,20218,10
12.97708988,80.25145721,20218,20228,10
12.97577,80.25102234,20228,20238,10
12.97434998,80.25061798,20238,20248,10
12.97303009,80.25025177,20248,20258,10
12.9718399,80.24993896,20258,20268,10
12.97066021,80.24958801,20268,20279,11
12.96934032,80.24909973,20279,20289,10
12.96813965,80.24861145,20289,20299,10
12.96710968,80.24815369,20299,20309,10
12.96634007,80.24780273,20309,20319,10
12.96560001,80.24748993,20319,20329,10
12.96531963,80.24741364,20329,20339,10
12.96523952,80.2473526,20339,20349,10
12.96481991,80.24716949,20349,20359,10
12.96422005,80.24697876,20359,20369,10
12.96383953,80.24688721,20369,20379,10
12.96360016,80.24681854,20379,20390,11
12.96327019,80.24667358,20390,20400,10
12.96294022,80.24652863,20400,20410,10
12.96253014,80.24629211,20410,20420,10
12.96218014,80.24603271,20420,20430,10
12.96138,80.24565887,20430,20440,10
12.96030998,80.24516296,20440,20450,10
12.95948029,80.24482727,20450,20460,10
12.95942974,80.24479675,20460,20470,10
12.95895958,80.24456024,20470,20480,10
12.95812988,80.24420166,20480,20491,11
12.9578104,80.24404144,20491,20501,10
12.95713043,80.24385834,20501,20511,10
12.95641041,80.24362183,20511,20521,10
12.95608044,80.24349213,20521,20531,10
12.9553299,80.24311066,20531,20541,10
12.95436001,80.24268341,20541,20551,10
12.95320034,80.2421875,20551,20561,10
12.95213985,80.24176025,20561,20571,10
12.95164013,80.24162292,20571,20581,10
12.95158005,80.24160004,20581,20591,10
12.95100021,80.24138641,20591,20602,11
12.95001984,80.24105835,20602,20612,10
12.94915962,80.24079132,20612,20622,10
12.94892025,80.24043274,20622,20632,10
12.94904041,80.23995209,20632,20642,10
12.94917011,80.23934174,20642,20652,10
12.94917011,80.23931885,20652,20662,10
12.94929981,80.2388916,20662,20672,10
12.94948006,80.23800659,20672,20682,10
12.94964027,80.23687744,20682,20692,10
12.94970036,80.23603821,20692,20703,11
12.94974041,80.23578644,20703,20713,10
12.94989014,80.2351532,20713,20723,10
12.95001984,80.23417664,20723,20733,10
12.95003033,80.23381042,20733,20743,10
12.95003986,80.23343658,20743,20753,10
12.94997025,80.23258972,20753,20763,10
12.94987965,80.23142242,20763,20773,10
12.94979954,80.23004913,20773,20783,10
12.94968987,80.22853851,20783,20793,10
12.94958973,80.22691345,20793,20803,10
12.94952011,80.22518158,20803,20814,11
12.94941044,80.22325897,20814,20824,10
12.94931984,80.22151184,20824,20834,10
12.94915009,80.2197876,20834,20844,10
12.94896984,80.21806335,20844,20854,10
12.9487896,80.21630096,20854,20864,10
12.94861031,80.21456146,20864,20874,10
12.9484396,80.21282196,20874,20884,10
12.94838047,80.21114349,20884,20894,10
12.94839001,80.21005249,20894,20904,10
12.94839001,80.20941925,20904,20915,11
12.94845963,80.20870209,20915,20925,10
12.94849968,80.20839691,20925,20935,10
12.94857979,80.2075882,20935,20945,10
12.94867039,80.20645142,20945,20955,10
12.94867992,80.20503998,20955,20965,10
12.94863987,80.20368195,20965,20975,10
12.94859982,80.20300293,20975,20985,10
12.94861031,80.20274353,20985,20995,10
12.94861031,80.20198059,20995,21005,10
12.94855976,80.20082092,21005,21015,10
12.94851971,80.19959259,21015,21026,11
12.94847965,80.19886017,21026,21036,10
12.94849014,80.19879913,21036,21046,10
12.94847012,80.19830322,21046,21056,10
12.94847012,80.19741821,21056,21066,10
12.94849014,80.19661713,21066,21076,10
12.94849014,80.19571686,21076,21086,10
12.94849014,80.19550323,21086,21096,10
12.94849968,80.19525146,21096,21106,10
12.94851017,80.19450378,21106,21116,10
12.94853973,80.19342041,21116,21127,11
12.94857979,80.19199371,21127,21137,10
12.94865036,80.19065857,21137,21147,10
12.94874954,80.18952942,21147,21157,10
12.94884968,80.18831635,21157,21167,10
12.94898033,80.18688202,21167,21177,10
12.94904041,80.18560028,21177,21187,10
12.94911957,80.18438721,21187,21197,10
12.94919968,80.18386078,21197,21207,10
12.9492197,80.18377686,21207,21217,10
12.94933033,80.18322754,21217,21227,10
12.94948006,80.18231201,21227,21238,11
12.94972038,80.18100739,21238,21248,10
12.94997025,80.17971802,21248,21258,10
12.95030975,80.17829132,21258,21268,10
12.95065975,80.17690277,21268,21278,10
12.95102024,80.17543793,21278,21288,10
12.9512701,80.17421722,21288,21298,10
12.95131969,80.17398834,21298,21308,10
12.95145988,80.17336273,21308,21318,10
12.95164967,80.1723175,21318,21328,10
12.95178986,80.17141724,21328,21339,11
12.95186996,80.17105103,21339,21349,10
12.95201015,80.17024994,21349,21359,10
12.95221043,80.16915131,21359,21369,10
12.95248032,80.16786957,21369,21379,10
12.95285034,80.16645813,21379,21389,10
12.95314026,80.16516113,21389,21399,10
12.95349979,80.16362,21399,21408,9
12.95384026,80.16200256,21408,21419,11
12.9541502,80.16049957,21419,21429,10
12.95440006,80.15924072,21429,21440,11
12.95452976,80.15849304,21440,21450,10
12.95460033,80.15825653,21450,21460,10
12.95477009,80.15750885,21460,21470,10
12.95501041,80.15644073,21470,21480,10
12.95528984,80.1550827,21480,21490,10
12.95565033,80.15357971,21490,21500,10
12.95631981,80.15213776,21500,21510,10
12.95748997,80.15110779,21510,21520,10
12.95849991,80.15026093,21520,21530,10
12.9587698,80.15003967,21530,21540,10
12.95909977,80.14981079,21540,21551,11
12.95960045,80.14903259,21551,21561,10
12.95981979,80.14804077,21561,21571,10
12.96004963,80.14694214,21571,21581,10
12.96028042,80.14582062,21581,21591,10
12.96030045,80.14543152,21591,21601,10
12.96053982,80.14517212,21601,21611,10
12.96119976,80.14559937,21611,21621,10
12.96222973,80.1461792,21621,21631,10
12.9633503,80.14678955,21631,21641,10
12.96444988,80.14749908,21641,21651,10
12.96564007,80.14820099,21651,21662,11
12.96745014,80.14907837,21662,21692,30
12.96745014,80.14907837,21692,21702,10
12.96767998,80.14920044,21702,21712,10
12.9684,80.14954376,21712,21722,10
12.96899986,80.1497879,21722,21732,10
12.96903038,80.14981079,21732,21742,10
12.96907997,80.14984894,21742,21752,10
12.96951008,80.15007782,21752,21763,11
12.97021961,80.15042114,21763,21773,10
12.97126961,80.15091705,21773,21783,10
12.97227955,80.15144348,21783,21793,10
12.97294998,80.15231323,21793,21803,10
12.97342014,80.15297699,21803,21813,10
12.97331047,80.15312195,21813,21823,10
12.97303009,80.15274811,21823,21833,10
12.9725399,80.15200806,21833,21843,10
12.97187996,80.15132141,21843,21853,10
12.97093964,80.15084076,21853,21864,11
12.97006035,80.15042114,21864,21874,10
12.96955013,80.15028381,21874,21884,10
12.96951962,80.15028381,21884,21894,10
12.96938038,80.15016174,21894,21904,10
12.96934032,80.1500473,21904,21914,10
12.96885967,80.1497879,21914,21924,10
12.96811008,80.14945984,21924,21934,10
12.96747017,80.14920807,21934,21944,10
12.96732998,80.14914703,21944,21954,10
12.9667902,80.14887238,21954,21964,10
12.96597958,80.14846039,21964,21975,11
12.96481991,80.14785004,21975,21985,10
12.96370029,80.14726257,21985,21995,10
12.96261978,80.14676666,21995,22005,10
12.9615202,80.14618683,22005,22015,10
12.96051979,80.1456604,22015,22025,10
12.96018982,80.14600372,22025,22035,10
12.96000957,80.14700317,22035,22045,10
12.95975018,80.14823914,22045,22055,10
12.95940018,80.14958191,22055,22065,10
12.95864964,80.15032959,22065,22076,11
12.95855045,80.15041351,22076,22086,10
12.95808983,80.15077972,22086,22096,10
12.95730972,80.15142059,22096,22106,10
12.95635033,80.15223694,22106,22116,10
12.95569992,80.15345764,22116,22126,10
12.95534039,80.15493011,22126,22136,10
12.95501041,80.15643311,22136,22146,10
12.95470047,80.1579895,22146,22156,10
12.95446014,80.15920258,22156,22166,10
12.9544096,80.15950012,22166,22177,11
12.95433044,80.15988159,22177,22187,10
12.9541502,80.1607666,22187,22197,10
12.95388031,80.16203308,22197,22207,10
12.95355988,80.16349792,22207,22217,10
12.9532299,80.16504669,22217,22227,10
12.95287037,80.16665649,22227,22237,10
12.95244026,80.16828156,22237,22247,10
12.95213985,80.16983795,22247,22257,10
12.95201969,80.17060852,22257,22267,10
12.95197964,80.17089081,22267,22277,10
12.9518404,80.17166901,22277,22288,11
12.95160007,80.17298126,22288,22298,10
12.95135975,80.17418671,22298,22308,10
12.95123959,80.17475128,22308,22318,10
12.95118999,80.17494965,22318,22328,10
12.95102024,80.17565918,22328,22338,10
12.95083046,80.1765213,22338,22348,10
12.95040989,80.1780777,22348,22358,10
12.95007038,80.17942047,22358,22368,10
12.94981003,80.18080902,22368,22378,10
12.94968033,80.18164063,22378,22389,11
12.94948006,80.18266296,22389,22399,10
12.94931984,80.18373871,22399,22409,10
12.94929028,80.18395996,22409,22419,10
12.94925976,80.18418884,22419,22429,10
12.94921017,80.18492126,22429,22439,10
12.94919968,80.18521118,22439,22449,10
12.94917011,80.18553925,22449,22459,10
12.94911957,80.18636322,22459,22469,10
12.94902039,80.18746185,22469,22479,10
12.94890976,80.18875885,22479,22489,10
12.94876003,80.19024658,22489,22500,11
12.94867039,80.19168854,22500,22510,10
12.94863033,80.19338989,22510,22520,10
12.94859028,80.19460297,22520,22530,10
12.94861031,80.19538116,22530,22540,10
12.94861031,80.19538879,22540,22550,10
12.94857979,80.19583893,22550,22560,10
12.94855976,80.19673157,22560,22570,10
12.94853973,80.19790649,22570,22580,10
12.94857979,80.1989975,22580,22590,10
12.94861031,80.1995163,22590,22601,11
12.94861984,80.19995117,22601,22611,10
12.94863987,80.20085144,22611,22621,10
12.94867992,80.20201874,22621,22631,10
12.94869995,80.20330048,22631,22641,10
12.94874001,80.2046814,22641,22651,10
12.94876003,80.20610809,22651,22661,10
12.94871044,80.20731354,22661,22671,10
12.94861984,80.20854187,22671,22681,10
12.94859028,80.20929718,22681,22701,20
12.94859028,80.20929718,22701,22712,11
12.94861031,80.20970154,22712,22722,10
12.94855976,80.21045685,22722,22732,10
12.94851971,80.21153259,22732,22742,10
12.94855022,80.212883,22742,22752,10
12.94867992,80.21434784,22752,22762,10
12.94882011,80.21589661,22762,22772,10
12.94898033,80.21749878,22772,22781,9
12.94911957,80.21891022,22781,22792,11
12.94925022,80.22026825,22792,22802,10
12.94941044,80.2219696,22802,22813,11
12.94952011,80.22364807,22813,22823,10
12.94958019,80.22528076,22823,22833,10
12.94964981,80.2269516,22833,22842,9
12.94972992,80.22846985,22842,22853,11
12.94983959,80.23016357,22853,22863,10
12.94993973,80.23156738,22863,22873,10
12.95009041,80.23310089,22873,22893,20
12.95009041,80.23310089,22893,22903,10
12.95011044,80.23355865,22903,22913,10
12.95009041,80.23441315,22913,22924,11
12.94999981,80.23535919,22924,22934,10
12.94993973,80.23576355,22934,22944,10
12.94985008,80.23625946,22944,22954,10
12.94970036,80.23721313,22954,22964,10
12.94954014,80.23840332,22964,22974,10
12.9493103,80.23950195,22974,22984,10
12.9491396,80.24038696,22984,22994,10
12.94911957,80.2405014,22994,23004,10
12.94937992,80.2408371,23004,23014,10
12.95022964,80.24111176,23014,23025,11
12.95102024,80.24131775,23025,23035,10
12.95121956,80.24138641,23035,23045,10
12.95191956,80.24166107,23045,23055,10
12.95285034,80.24201965,23055,23065,10
12.95390987,80.2424469,23065,23075,10
12.95489025,80.24284363,23075,23085,10
12.95557022,80.24308777,23085,23095,10
12.95631981,80.24334717,23095,23105,10
12.95652008,80.24343872,23105,23115,10
12.95687962,80.24356842,23115,23126,11
12.95777035,80.24398804,23126,23136,10
12.9587698,80.24440002,23136,23146,10
12.95903015,80.24452209,23146,23156,10
12.95919991,80.24462128,23156,23166,10
12.95983982,80.24491119,23166,23176,10
12.96082973,80.24536896,23176,23186,10
12.96203041,80.24595642,23186,23196,10
12.96313953,80.246521,23196,23206,10
12.96409035,80.24694824,23206,23216,10
12.96525002,80.24736786,23216,23226,10
12.96667957,80.24787903,23226,23247,21
12.96667957,80.24787903,23247,23257,10
12.96677017,80.24793243,23257,23267,10
12.96724987,80.24819183,23267,23277,10
12.96942043,80.24903107,23277,23287,10
12.96942043,80.24903107,23287,23297,10
12.9708004,80.24954224,23297,23307,10
12.97204018,80.24992371,23307,23317,10
12.97334003,80.25026703,23317,23327,10
12.97474003,80.25066376,23327,23337,10
12.97626019,80.25110626,23337,23349,12
12.97774982,80.25174713,23349,23360,11
12.97861004,80.25237274,23360,23390,30
12.97861004,80.25237274,23390,23400,10
12.97900009,80.25257874,23400,23410,10
12.97957993,80.25267792,23410,23420,10
12.97982979,80.25269318,23420,23430,10
12.98036957,80.25270081,23430,23440,10
12.98134041,80.25266266,23440,23451,11
12.98274994,80.25260162,23451,23461,10
12.98419952,80.25231934,23461,23471,10
12.98550034,80.25196075,23471,23481,10
12.98663998,80.25167847,23481,23491,10
12.98740959,80.25147247,23491,23501,10
12.98742962,80.25145721,23501,23511,10
12.98750973,80.2514267,23511,23531,20
12.98750973,80.2514267,23531,23541,10
12.98791027,80.25154114,23541,23552,11
12.98803997,80.25227356,23552,23562,10
12.98793983,80.25337219,23562,23572,10
12.98783016,80.25460815,23572,23582,10
12.98777962,80.25549316,23582,23642,60
12.98777962,80.25549316,23642,23653,11
12.98766041,80.25602722,23653,23663,10
12.98758984,80.25682831,23663,23673,10
12.98750019,80.25785828,23673,23683,10
12.98740005,80.25878906,23683,23693,10
12.98729038,80.25936127,23693,23723,30
12.98729992,80.25948334,23723,23774,51
12.98690987,80.25952911,23774,23955,181
12.98676014,80.25917816,23955,25480,1525
12.98676014,80.25917816,25480,25490,10
12.98711014,80.25906372,25490,25500,10
12.98713017,80.25906372,25500,25510,10
12.98736,80.25895691,25510,25520,10
12.98738956,80.25866699,25520,25531,11
12.98742008,80.25814056,25531,25541,10
12.98744965,80.25753021,25541,25551,10
12.98754025,80.25662994,25551,25561,10
12.9875803,80.25588989,25561,25571,10
12.98773956,80.25537872,25571,25581,10
12.98773956,80.25482178,25581,25591,10
12.98775959,80.25457764,25591,25601,10
12.98783016,80.25382996,25601,25611,10
12.9879303,80.25267792,25611,25621,10
12.98785973,80.25177765,25621,25632,11
12.98781967,80.25163269,25632,25642,10
12.98746014,80.2515564,25642,25652,10
12.9865799,80.25173187,25652,25662,10
12.98538017,80.25205994,25662,25672,10
12.98400021,80.25244141,25672,25682,10
12.98246956,80.25267029,25682,25692,10
12.98095036,80.25269318,25692,25702,10
12.98009014,80.25274658,25702,25712,10
12.97889996,80.2526474,25712,25722,10
12.97871971,80.25260162,25722,25732,10
12.97817993,80.25227356,25732,25743,11
12.97741032,80.25158691,25743,25753,10
12.97630978,80.25112915,25753,25763,10
12.97500038,80.25074005,25763,25773,10
12.97383022,80.25041199,25773,25783,10
12.97280979,80.25015259,25783,25793,10
12.97173977,80.24986267,25793,25803,10
12.9705801,80.24952698,25803,25813,10
12.96940041,80.24907684,25813,25823,10
12.96823025,80.24861908,25823,25833,10
12.96718025,80.24817657,25833,25844,11
12.96617985,80.24772644,25844,25854,10
12.96527004,80.24739075,25854,25864,10
12.96504974,80.24732971,25864,25874,10
12.96469975,80.24719238,25874,25884,10
12.96391964,80.24685669,25884,25894,10
12.96302032,80.24643707,25894,25904,10
12.96193981,80.24590302,25904,25914,10
12.96072006,80.24533844,25914,25924,10
12.95969009,80.24491119,25924,25934,10
12.9593401,80.24475098,25934,25945,11
12.95893955,80.24453735,25945,25955,10
12.9581604,80.2441864,25955,25965,10
12.95742989,80.24391937,25965,25975,10
12.95662022,80.24363708,25975,26005,30
12.95662022,80.24363708,26005,26015,10
12.95611,80.24344635,26015,26025,10
12.95536041,80.24310303,26025,26035,10
12.95444965,80.24269867,26035,26045,10
12.9535799,80.24234009,26045,26056,11
12.95265961,80.24198151,26056,26066,10
12.95199966,80.24176025,26066,26076,10
12.95174026,80.24167633,26076,26086,10
12.95164013,80.24162292,26086,26096,10
12.95123005,80.24146271,26096,26106,10
12.95034027,80.24115753,26106,26116,10
12.94941044,80.2408905,26116,26126,10
12.94898987,80.2407074,26126,26157,31
12.94898987,80.2407074,26157,26167,10
12.94890976,80.24053192,26167,26177,10
12.94906998,80.23986053,26177,26187,10
12.94917011,80.23931885,26187,26197,10
12.94929981,80.23892975,26197,26207,10
12.94946003,80.23805237,26207,26217,10
12.94960976,80.23696899,26217,26227,10
12.94966984,80.23609161,26227,26237,10
12.94972992,80.23581696,26237,26247,10
12.94985008,80.23525238,26247,26257,10
12.94999027,80.23426056,26257,26268,11
12.94999981,80.23381805,26268,26278,10
12.94999027,80.23329163,26278,26288,10
12.94993973,80.23223877,26288,26298,10
12.94983006,80.23088837,26298,26308,10
12.94972038,80.22930145,26308,26318,10
12.94964027,80.22746277,26318,26328,10
12.94952965,80.22551727,26328,26338,10
12.94943047,80.22354126,26338,26348,10
12.94931984,80.22158813,26348,26358,10
12.94915009,80.21958923,26358,26369,11
12.94892025,80.21736908,26369,26379,10
12.94871998,80.21542358,26379,26389,10
12.94851971,80.21341705,26389,26399,10
12.94841003,80.2114563,26399,26409,10
12.94836044,80.21008301,26409,26419,10
12.94841957,80.20951843,26419,26429,10
12.94847965,80.2088623,26429,26439,10
12.94853973,80.20815277,26439,26449,10
12.94863033,80.20700836,26449,26459,10
12.94869041,80.20554352,26459,26469,10
12.94865036,80.20391083,26469,26479,10
12.94859982,80.20308685,26479,26490,11
12.94859028,80.20250702,26490,26500,10
12.94855976,80.2014389,26500,26510,10
12.94851971,80.19998169,26510,26520,10
12.94847012,80.1987915,26520,26530,10
12.94845009,80.19857788,26530,26540,10
12.94845963,80.19814301,26540,26550,10
12.94847965,80.1971283,26550,26560,10
12.94847965,80.1958313,26560,26570,10
12.94847012,80.19548798,26570,26581,11
12.94847965,80.19489288,26581,26591,10
12.94849014,80.19387054,26591,26601,10
12.94853973,80.19248962,26601,26611,10
12.94861984,80.19090271,26611,26621,10
12.94874954,80.18927765,26621,26631,10
12.94892025,80.18753052,26631,26641,10
12.94900036,80.18598175,26641,26651,10
12.94898033,80.18527222,26651,26681,30
12.94898033,80.18527222,26681,26692,11
12.94906044,80.18470001,26692,26702,10
12.94915009,80.1838913,26702,26712,10
12.94919968,80.18357849,26712,26722,10
12.94933987,80.18282318,26722,26732,10
12.94950962,80.18174744,26732,26742,10
12.94964027,80.18108368,26742,26752,10
12.94979,80.18035889,26752,26762,10
12.95001984,80.17928314,26762,26772,10
12.95038033,80.17784882,26772,26782,10
12.95079994,80.17622375,26782,26793,11
12.95112991,80.17456055,26793,26803,10
12.95123005,80.17410278,26803,26813,10
12.95137978,80.17346191,26813,26823,10
12.95158958,80.1723938,26823,26833,10
12.95182037,80.17102051,26833,26843,10
12.95211983,80.16944885,26843,26853,10
12.95246983,80.16779327,26853,26863,10
12.95291042,80.16607666,26863,26873,10
12.95326996,80.16443634,26873,26883,10
12.95363045,80.16277313,26883,26893,10
12.95400047,80.16098022,26893,26904,11
12.95436954,80.15910339,26904,26914,10
12.95470047,80.1576004,26914,26924,10
12.95506001,80.15586853,26924,26934,10
12.95545006,80.15408325,26934,26944,10
12.95606995,80.15235901,26944,26954,10
12.95728016,80.15122223,26954,26964,10
12.95825958,80.15041351,26964,26974,10
12.9591198,80.14975739,26974,26984,10
12.95958042,80.1489563,26984,26994,10
12.95979977,80.14792633,26994,27005,11
12.96004009,80.14678192,27005,27015,10
12.9602499,80.14575958,27015,27025,10
12.96014023,80.14533997,27025,27035,10
12.95938969,80.14494324,27035,27045,10
12.95833969,80.1443634,27045,27055,10
12.95726013,80.14369202,27055,27065,10
12.95613003,80.14312744,27065,27075,10
12.95499992,80.14250183,27075,27085,10
12.95398045,80.14195251,27085,27095,10
12.95298958,80.14141846,27095,27106,11
12.95205975,80.14077759,27106,27116,10
12.95135975,80.14024353,27116,27126,10
12.95092964,80.13993073,27126,27136,10
12.95061016,80.13970947,27136,27146,10
12.94999981,80.13923645,27146,27156,10
12.94909,80.13847351,27156,27166,10
12.94806004,80.13771057,27166,27176,10
12.94738007,80.13723755,27176,27186,10
12.94717026,80.13703918,27186,27196,10
12.94653988,80.13654327,27196,27206,10
12.94550991,80.13574219,27206,27217,11
12.94421959,80.13475037,27217,27227,10
12.94318962,80.1338501,27227,27237,10
12.94262028,80.13337708,27237,27247,10
12.94239998,80.13316345,27247,27257,10
12.94190025,80.13259888,27257,27267,10
12.9411602,80.13182068,27267,27277,10
12.94036961,80.13098907,27277,27287,10
12.93947983,80.13011932,27287,27297,10
12.93848038,80.12928772,27297,27307,10
12.93770027,80.12864685,27307,27328,21
12.93770027,80.12864685,27328,27338,10
12.93764019,80.12857056,27338,27348,10
12.93735981,80.12831879,27348,27358,10
12.93696976,80.12796783,27358,27368,10
12.93673038,80.12774658,27368,27378,10
12.93626022,80.12735748,27378,27388,10
12.93548965,80.12666321,27388,27398,10
12.93457031,80.12581635,27398,27407,9
12.93373966,80.12503052,27407,27418,11
12.93280029,80.12407684,27418,27429,11
12.93194008,80.12322235,27429,27439,10
12.93115044,80.12242889,27439,27449,10
12.93039989,80.12169647,27449,27459,10
12.92971039,80.12100983,27459,27469,10
12.92897034,80.1202774,27469,27479,10
12.92827988,80.11956024,27479,27489,10
12.92770958,80.11901855,27489,27499,10
12.92759991,80.11891174,27499,27509,10
12.92745018,80.11875916,27509,27519,10
12.92728043,80.11858368,27519,27530,11
12.92702961,80.11833191,27530,27540,10
12.9268198,80.11811829,27540,27550,10
12.92660046,80.11785889,27550,27560,10
12.9262104,80.11756134,27560,27570,10
12.92617035,80.11750031,27570,27580,10
12.9260397,80.11740112,27580,27590,10
12.92578983,80.1171875,27590,27600,10
12.92531967,80.11672974,27600,27610,10
12.92475986,80.1161499,27610,27620,10
12.92432022,80.1157074,27620,27630,10
12.92411995,80.11551666,27630,27641,11
12.92389965,80.11509705,27641,27651,10
12.92416954,80.1150589,27651,27661,10
12.92459011,80.1155014,27661,27671,10
12.92516994,80.11608887,27671,27681,10
12.92580986,80.11675262,27681,27691,10
12.92625999,80.11733246,27691,27701,10
12.92644978,80.11756134,27701,27711,10
12.92663002,80.11772919,27711,27721,10
12.92687988,80.11788177,27721,27853,132
12.92687988,80.11788177,27853,27863,10
12.92720032,80.11805725,27863,28428,565
12.92720032,80.11805725,28428,28438,10
12.92733955,80.11834717,28438,28448,10
12.92733955,80.11837006,28448,28458,10
12.92743015,80.1185379,28458,28469,11
12.92774963,80.11885834,28469,28479,10
12.92825985,80.11936951,28479,28489,10
12.92899036,80.12003326,28489,28630,141
12.92899036,80.12003326,28630,28640,10
12.92920971,80.12026215,28640,28650,10
12.92965031,80.12071228,28650,28660,10
12.93013954,80.12120819,28660,28670,10
12.93085003,80.12193298,28670,28681,11
12.9317503,80.12283325,28681,28691,10
12.93255043,80.12362671,28691,28701,10
12.93346977,80.12460327,28701,28711,10
12.93451977,80.12561035,28711,28721,10
12.93515968,80.12615967,28721,28731,10
12.93542957,80.12641144,28731,28741,10
12.93593979,80.12676239,28741,28751,10
12.93616009,80.1269989,28751,28761,10
12.93661022,80.12741852,28761,28771,10
12.93682003,80.12729645,28771,28782,11
12.93725014,80.12684631,28782,28792,10
12.93774033,80.12724304,28792,28802,10
12.93774033,80.12738037,28802,28812,10
12.93770981,80.12747192,28812,28822,10
12.93766975,80.12756348,28822,28832,10
12.93754005,80.12774658,28832,28842,10
12.93739033,80.12796021,28842,28852,10
12.93750954,80.12818146,28852,28862,10
12.93787956,80.12853241,28862,28872,10
12.93857002,80.12915802,28872,28882,10
12.93953037,80.13001251,28882,28893,11
12.94073963,80.13121033,28893,28903,10
12.94182014,80.13231659,28903,28913,10
12.94274044,80.13329315,28913,28923,10
12.9435997,80.13417816,28923,28933,10
12.94441986,80.13484192,28933,28943,10
12.94536972,80.1355896,28943,28953,10
12.94653988,80.13652039,28953,28963,10
12.94764042,80.13729095,28963,28973,10
12.94851017,80.13787842,28973,28983,10
12.94944954,80.13858032,28983,28994,11
12.95034027,80.1391983,28994,29004,10
12.95121956,80.13983917,29004,29044,40
12.95121956,80.13983917,29044,29054,10
12.95160961,80.14012146,29054,29064,10
12.9517498,80.14024353,29064,29074,10
12.95199966,80.14054108,29074,29084,10
12.9521904,80.14079285,29084,29094,10
12.95283985,80.1412735,29094,29105,11
12.95388031,80.14187622,29105,29115,10
12.95503044,80.14250183,29115,29125,10
12.95629025,80.14315033,29125,29135,10
12.95757961,80.14382935,29135,29145,10
12.95874023,80.14437103,29145,29155,10
12.95975971,80.14492035,29155,29165,10
12.96053982,80.14530945,29165,29175,10
12.96043015,80.1457901,29175,29185,10
12.96022987,80.14658356,29185,29195,10
12.96008968,80.14720917,29195,29206,11
12.95995998,80.14775085,29206,29216,10
12.95975018,80.14871216,29216,29226,10
12.95936012,80.1497879,29226,29236,10
12.95862007,80.15041351,29236,29246,10
12.95858002,80.15045166,29246,29256,10
12.9584198,80.15055847,29256,29266,10
12.95790005,80.15096283,29266,29276,10
12.95718002,80.1515274,29276,29286,10
12.95631027,80.15228271,29286,29296,10
12.95569992,80.15345001,29296,29306,10
12.9553299,80.15487671,29306,29317,11
12.9549799,80.15657043,29317,29327,10
12.95471954,80.15786743,29327,29337,10
12.95456982,80.158638,29337,29347,10
12.95448017,80.15911865,29347,29357,10
12.9544096,80.15953064,29357,29367,10
12.9544096,80.15953827,29367,29377,10
12.95435047,80.15969849,29377,29387,10
12.95419979,80.16043854,29387,29397,10
12.95400047,80.16143036,29397,29407,10
12.95372009,80.16268921,29407,29418,11
12.95337009,80.16426086,29418,29428,10
12.95304966,80.16574097,29428,29438,10
12.95277977,80.16687012,29438,29448,10
12.95246029,80.16808319,29448,29458,10
12.9521904,80.16947937,29458,29468,10
12.95203972,80.17057037,29468,29477,9
12.95197964,80.17088318,29477,29488,11
12.95195007,80.17105103,29488,29498,10
12.95182991,80.17169952,29498,29508,10
12.95164967,80.17269897,29508,29519,11
12.9513998,80.17401886,29519,29529,10
12.95125961,80.17469788,29529,29539,10
12.95121956,80.17485046,29539,29549,10
12.95108032,80.17543793,29549,29559,10
12.95088005,80.17629242,29559,29569,10
12.95059013,80.17739868,29569,29579,10
12.95024967,80.17871094,29579,29589,10
12.94993019,80.18012238,29589,29599,10
12.94974041,80.18123627,29599,29609,10
12.94960976,80.18196869,29609,29620,11
12.94939041,80.18309021,29620,29630,10
12.94927979,80.18395996,29630,29640,10
12.94927025,80.18402863,29640,29650,10
12.94927025,80.18406677,29650,29660,10
12.94923019,80.18456268,29660,29670,10
12.94919968,80.18515015,29670,29690,20
12.94919968,80.18515015,29690,29700,10
12.94919968,80.18531036,29700,29710,10
12.94915009,80.18576813,29710,29720,10
12.94909,80.1865921,29720,29731,11
12.94900036,80.18757629,29731,29741,10
12.94890976,80.18856049,29741,29751,10
12.94880009,80.18966675,29751,29761,10
12.94867992,80.19098663,29761,29771,10
12.94861984,80.19248199,29771,29781,10
12.94859028,80.1938324,29781,29791,10
12.94857979,80.19503021,29791,29801,10
12.94861031,80.19567108,29801,29821,20
12.94861031,80.19567108,29821,29832,11
12.94863987,80.19580078,29832,29842,10
12.94861031,80.1963501,29842,29852,10
12.94857979,80.197258,29852,29862,10
12.94859028,80.19841003,29862,29872,10
12.94863987,80.19959259,29872,29892,20
12.94863987,80.19959259,29892,29902,10
12.94867039,80.1998291,29902,29912,10
12.94867992,80.20052338,29912,29922,10
12.94869041,80.20143127,29922,29932,10
12.94871044,80.20252991,29932,29943,11
12.94874001,80.20391846,29943,29953,10
12.94878006,80.20532227,29953,29963,10
12.94876957,80.2066803,29963,29973,10
12.94869995,80.20791626,29973,29983,10
12.94857979,80.20935822,29983,30013,30
12.94857979,80.20935822,30013,30023,10
12.94857979,80.20939636,30023,30033,10
12.94855022,80.20983124,30033,30043,10
12.94851017,80.210289,30043,30054,11
12.94847965,80.21118164,30054,30064,10
12.94849968,80.21224976,30064,30074,10
12.94857979,80.21346283,30074,30084,10
12.94871044,80.21475983,30084,30094,10
12.94884014,80.21620178,30094,30104,10
12.94898987,80.21772766,30104,30114,10
12.94917011,80.21935272,30114,30124,10
12.94931984,80.22071838,30124,30134,10
12.94944,80.22238159,30134,30144,10
12.94950008,80.22400665,30144,30155,11
12.94958973,80.22589874,30155,30165,10
12.94968033,80.22767639,30165,30175,10
12.94976044,80.22942352,30175,30185,10
12.94989014,80.23101044,30185,30195,10
12.94999981,80.23230743,30195,30205,10
12.95005989,80.23309326,30205,30225,20
12.95005989,80.23309326,30225,30235,10
12.95005989,80.23351288,30235,30245,10
12.95005989,80.23426819,30245,30256,11
12.94999981,80.23519135,30256,30266,10
12.94997978,80.23573303,30266,30276,10
12.94997978,80.23574066,30276,30286,10
12.94995975,80.23594666,30286,30296,10
12.94981956,80.23652649,30296,30306,10
12.94968987,80.23738098,30306,30316,10
12.94954014,80.23842621,30316,30326,10
12.94931984,80.23950958,30326,30336,10
12.9491396,80.24038696,30336,30356,20
12.9491396,80.24038696,30356,30367,11
12.94913006,80.24047089,30367,30377,10
12.94929981,80.2408371,30377,30387,10
12.95003033,80.24105835,30387,30397,10
12.95114994,80.24136353,30397,30417,20
12.95114994,80.24136353,30417,30427,10
12.95143032,80.24146271,30427,30437,10
12.9520998,80.24172211,30437,30447,10
12.95304012,80.24207306,30447,30457,10
12.95382977,80.24234772,30457,30468,11
12.95442963,80.24259949,30468,30478,10
12.95592022,80.24317169,30478,30488,10
12.95592022,80.24317169,30488,30498,10
12.95641041,80.24336243,30498,30508,10
12.95678043,80.24352264,30508,30518,10
12.95757961,80.24388885,30518,30528,10
12.95845032,80.2442627,30528,30538,10
12.95890045,80.24443817,30538,30560,22
12.95890045,80.24443817,30560,30571,11
12.95938015,80.24466705,30571,30581,10
12.96014023,80.24503326,30581,30591,10
12.9611702,80.24550629,30591,30601,10
12.96234035,80.24607086,30601,30611,10
12.96335983,80.24656677,30611,30661,50
12.96335983,80.24656677,30661,30671,10
12.96350002,80.24671936,30671,30682,11
12.9640398,80.2469635,30682,30692,10
12.96481037,80.24723816,30692,30702,10
12.96584988,80.24758148,30702,30712,10
12.9666996,80.2478714,30712,30732,20
12.9666996,80.2478714,30732,30742,10
12.96681023,80.24790955,30742,30752,10
12.96718025,80.2481308,30752,30762,10
12.9679203,80.24846649,30762,30772,10
12.96883965,80.2488327,30772,30783,11
12.96992016,80.24923706,30783,30793,10
12.97087002,80.24958801,30793,30803,10
12.97194958,80.24989319,30803,30813,10
12.97315025,80.25021362,30813,30823,10
12.97418022,80.25048828,30823,30833,10
12.97542,80.25083923,30833,30843,10
12.97659969,80.2511673,30843,30853,10
12.97764969,80.25163269,30853,30863,10
12.97840977,80.25225067,30863,30873,10
12.97865963,80.252388,30873,30883,10
12.97869968,80.25241852,30883,30894,11
12.97912979,80.25257111,30894,30904,10
12.97951984,80.25260162,30904,30924,20
12.97951984,80.25260162,30924,30934,10
12.97970963,80.25261688,30934,30944,10
12.98013973,80.25263977,30944,30954,10
12.98052979,80.25263977,30954,30964,10
12.9811697,80.25263214,30964,30974,10
12.98202991,80.25261688,30974,30984,10
12.98305035,80.25256348,30984,30995,11
12.98418045,80.25232697,30995,31005,10
12.98501968,80.25209808,31005,31015,10
12.98583984,80.25187683,31015,31025,10
12.98663044,80.25170135,31025,31035,10
12.98756027,80.25144196,31035,31045,10
12.98797035,80.25153351,31045,31055,10
12.98801994,80.25173187,31055,31065,10
12.98810005,80.25213623,31065,31075,10
12.98808956,80.25219727,31075,31085,10
12.98803043,80.25254059,31085,31096,11
12.9879303,80.25359344,31096,31106,10
12.98785973,80.2543869,31106,31116,10
12.98775959,80.25550079,31116,31136,20
12.98771954,80.25563812,31136,31176,40
12.98771954,80.25563812,31176,31186,10
12.98771,80.25570679,31186,31196,10
12.98762989,80.25617981,31196,31207,11
12.9875803,80.25689697,31207,31217,10
12.98752975,80.2576828,31217,31227,10
12.98746014,80.25856018,31227,31237,10
12.98729038,80.25945282,31237,31287,50
12.98729038,80.25945282,31287,31297,10
12.98717976,80.25961304,31297,31328,31
12.98717976,80.25961304,31328,31338,10
12.98661995,80.25939941,31338,31550,212
12.98655987,80.25911713,31550,31570,20
12.98655987,80.25911713,31570,31580,10
12.98672962,80.2589798,31580,31590,10
12.98676968,80.25882721,31590,31600,10
12.98680019,80.258461,31600,31661,61
12.98682022,80.258461,31661,31792,131
12.98682022,80.258461,31792,31802,10
12.98684978,80.25847626,31802,32115,313
12.98684978,80.25847626,32115,32125,10
12.98692036,80.25865936,32125,32135,10
12.98678017,80.25885773,32135,33246,1111
12.98678017,80.25885773,33246,33256,10
12.98684978,80.25914001,33256,33317,61
12.98684978,80.25914001,33317,33327,10
12.98733997,80.25914001,33327,33337,10
12.98738956,80.25850677,33337,33347,10
12.98742962,80.25772858,33347,33357,10
12.98746014,80.25705719,33357,33367,10
12.98752022,80.25644684,33367,33377,10
12.98752975,80.25626373,33377,33388,11
12.98754025,80.25614929,33388,33398,10
12.98762035,80.25575256,33398,33408,10
12.98773003,80.25501251,33408,33418,10
12.98781967,80.25376892,33418,33428,10
12.98793983,80.25247192,33428,33438,10
12.98785019,80.25177765,33438,33448,10
12.98777008,80.25161743,33448,33458,10
12.98735046,80.25157166,33458,33468,10
12.98674011,80.25170135,33468,33478,10
12.98598003,80.25187683,33478,33488,10
12.98507977,80.25212097,33488,33499,11
12.98400021,80.25244904,33499,33509,10
12.98340988,80.25258636,33509,33519,10
12.98260021,80.25270081,33519,33529,10
12.98182964,80.25270081,33529,33539,10
12.98110008,80.25269318,33539,33549,10
12.98042011,80.25270844,33549,33559,10
12.97990036,80.25272369,33559,33569,10
12.97922993,80.25261688,33569,33579,10
12.97844028,80.25247955,33579,33589,10
12.9781599,80.25228119,33589,33600,11
12.97731972,80.2515564,33600,33610,10
12.97609997,80.25110626,33610,33620,10
12.97490025,80.25076294,33620,33630,10
12.97416019,80.25055695,33630,33640,10
12.97383022,80.25047302,33640,33650,10
12.97344017,80.25035858,33650,33660,10
12.97259998,80.25013733,33660,33670,10
12.97144032,80.24981689,33670,33680,10
12.9702301,80.2494812,33680,33690,10
12.96901989,80.24902344,33690,33700,10
12.96786976,80.24862671,33700,33711,11
12.9669199,80.24816132,33711,33721,10
12.96646023,80.24794769,33721,33731,10
12.96562958,80.247612,33731,33741,10
12.96514034,80.24745178,33741,33751,10
12.96514034,80.24745941,33751,33761,10
12.96487999,80.24738312,33761,33771,10
12.96428013,80.24713898,33771,33781,10
12.96393967,80.24697876,33781,33791,10
12.96339989,80.24671936,33791,33801,10
12.96261978,80.24638367,33801,33812,11
12.96162033,80.24590302,33812,33822,10
12.96070004,80.24546051,33822,33832,10
12.95989037,80.24508667,33832,33842,10
12.95944023,80.24490356,33842,33852,10
12.95909977,80.24474335,33852,33862,10
12.9582901,80.24436951,33862,33872,10
12.95763969,80.244133,33872,33882,10
12.95685005,80.24388123,33882,33892,10
12.95646,80.24375916,33892,33902,10
12.95635033,80.24372864,33902,33913,11
12.95580006,80.2434082,33913,33923,10
12.95487976,80.24291992,33923,33933,10
12.95366001,80.24240112,33933,33943,10
12.9524498,80.24195862,33943,33953,10
12.95145988,80.24159241,33953,33963,10
12.95038033,80.24121857,33963,33973,10
12.94892979,80.2407608,33973,34034,61
12.94892979,80.2407608,34034,34044,10
12.94892025,80.24053955,34044,34054,10
12.94909,80.23985291,34054,34064,10
12.94921017,80.23937988,34064,34074,10
12.94923019,80.23930359,34074,34084,10
12.94939041,80.23870087,34084,34094,10
12.94950008,80.23790741,34094,34104,10
12.94956017,80.23760223,34104,34114,10
12.94968033,80.23673248,34114,34125,11
12.94976044,80.2359314,34125,34135,10
12.94978046,80.23577881,34135,34145,10
12.9499197,80.23512268,34145,34155,10
12.95001984,80.23412323,34155,34165,10
12.9500103,80.23374176,34165,34175,10
12.94997978,80.23319244,34175,34185,10
12.9499197,80.23220062,34185,34195,10
12.94983959,80.23113251,34195,34205,10
12.94976044,80.22971344,34205,34215,10
12.94966984,80.22808075,34215,34225,10
12.9495697,80.22614288,34225,34236,11
12.94948006,80.22429657,34236,34246,10
12.94939995,80.22263336,34246,34256,10
12.94925022,80.22061157,34256,34266,10
12.94906044,80.21875763,34266,34276,10
12.94886971,80.21690369,34276,34286,10
12.94867992,80.21511841,34286,34296,10
12.94851971,80.21337128,34296,34306,10
12.94841957,80.21157837,34306,34316,10
12.94836998,80.21015167,34316,34326,10
12.94843006,80.2092514,34326,34337,11
12.94849968,80.20863342,34337,34347,10
12.94855022,80.20825958,34347,34357,10
12.94863987,80.2073288,34357,34367,10
12.94869995,80.20600128,34367,34377,10
12.94867992,80.20437622,34377,34387,10
12.94863033,80.20281219,34387,34397,10
12.94857979,80.20128632,34397,34407,10
12.94853973,80.19998169,34407,34417,10
12.94849968,80.19911194,34417,34427,10
12.94849968,80.19863892,34427,34437,10
12.94849014,80.19769287,34437,34448,11
12.94849014,80.19628143,34448,34458,10
12.94847965,80.19548798,34458,34468,10
12.94847965,80.1947937,34468,34478,10
12.94849968,80.19384003,34478,34488,10
12.94853973,80.19271088,34488,34498,10
12.94859028,80.19142151,34498,34508,10
12.9486599,80.19023132,34508,34518,10
12.94874954,80.18927765,34518,34528,10
12.94886971,80.18805695,34528,34538,10
12.94900036,80.1866684,34538,34549,11
12.94902992,80.18572235,34549,34559,10
12.94902039,80.18554688,34559,34569,10
12.94902992,80.18505859,34569,34579,10
12.9491396,80.18405914,34579,34599,20
12.9491396,80.18405914,34599,34609,10
12.94923019,80.18373871,34609,34619,10
12.94935989,80.1829834,34619,34629,10
12.94954014,80.18183899,34629,34639,10
12.94964981,80.18122101,34639,34650,11
12.94978046,80.18055725,34650,34660,10
12.94997978,80.17951965,34660,34670,10
12.95030022,80.17816925,34670,34680,10
12.95067978,80.17669678,34680,34690,10
12.95100975,80.17536163,34690,34700,10
12.95118046,80.17443085,34700,34710,10
12.95135021,80.1736908,34710,34720,10
12.95151997,80.17282867,34720,34730,10
12.95174026,80.17149353,34730,34740,10
12.95178032,80.17131805,34740,34750,10
12.95189953,80.17070007,34750,34761,11
12.9520998,80.16954041,34761,34771,10
12.95236969,80.16821289,34771,34781,10
12.95275021,80.16676331,34781,34791,10
12.9531002,80.16522217,34791,34801,10
12.95343971,80.16368103,34801,34811,10
12.95376968,80.162117,34811,34821,10
12.95407963,80.16059113,34821,34831,10
12.95433044,80.15927124,34831,34841,10
12.95446968,80.1585083,34841,34851,10
12.95452023,80.15830994,34851,34862,11
12.95470047,80.15753937,34862,34872,10
12.95495033,80.15644836,34872,34882,10
12.95522976,80.15512848,34882,34892,10
12.95555973,80.15368652,34892,34902,10
12.95615959,80.15225983,34902,34912,10
12.95722008,80.15129852,34912,34922,10
12.95814991,80.15052032,34922,34932,10
12.95874023,80.15001678,34932,34942,10
12.95893955,80.14990234,34942,34952,10
12.95923996,80.1496582,34952,34962,10
12.95956993,80.14898682,34962,34973,11
12.95979977,80.14800262,34973,34983,10
12.96000004,80.14700317,34983,34993,10
12.96020985,80.14597321,34993,35003,10
12.96026993,80.14546967,35003,35013,10
12.96039963,80.1451416,35013,35023,10
12.9609499,80.14546967,35023,35033,10
12.96187973,80.14598083,35033,35043,10
12.96290016,80.14653778,35043,35053,10
12.96387005,80.14716339,35053,35063,10
12.96490002,80.14779663,35063,35074,11
12.96617031,80.14848328,35074,35084,10
12.96741009,80.14904785,35084,35104,20
12.96741009,80.14904785,35104,35114,10
12.96774006,80.14927673,35114,35124,10
12.96821976,80.14948273,35124,35134,10
12.96825027,80.14949036,35134,35144,10
12.96870995,80.14969635,35144,35397,253
12.96870995,80.14969635,35397,35407,10
12.96899986,80.14990234,35407,35417,10
12.96936989,80.15010834,35417,35427,10
12.97021008,80.15049744,35427,35437,10
12.97120953,80.15096283,35437,35447,10
12.97163963,80.15113831,35447,35457,10
12.97165012,80.15113831,35457,35467,10
12.97187996,80.15126038,35467,35477,10
12.97229004,80.15157318,35477,35488,11
12.97278976,80.15223694,35488,35498,10
12.97334003,80.15299988,35498,35538,40
12.97334003,80.15299988,35538,35548,10
12.97325039,80.15309143,35548,35558,10
12.97294044,80.15263367,35558,35568,10
12.9724102,80.15183258,35568,35578,10
12.97155952,80.15113068,35578,35588,10
12.9705801,80.15062714,35588,35599,11
12.96982956,80.15029907,35599,35609,10
12.96949959,80.15016937,35609,35689,80
12.96949959,80.15016937,35689,35700,11
12.96922016,80.14981079,35700,35710,10
12.96905994,80.14975739,35710,35720,10
12.96852016,80.1495285,35720,35730,10
12.9678297,80.14924622,35730,35770,40
12.9678297,80.14924622,35770,35780,10
12.96743011,80.14910889,35780,35790,10
12.96700001,80.14890289,35790,35801,11
12.96650028,80.14865112,35801,35811,10
12.96605968,80.14842987,35811,35821,10
12.96537018,80.14808655,35821,35831,10
12.96467018,80.14772034,35831,35841,10
12.96395969,80.14733887,35841,35851,10
12.96310043,80.14694977,35851,35861,10
12.96208954,80.14640045,35861,35871,10
12.96117973,80.14592743,35871,35881,10
12.96030998,80.14575195,35881,35891,10
12.9601202,80.14666748,35891,35901,10
12.95985031,80.14797211,35901,35912,11
12.95940971,80.14962769,35912,35922,10
12.95862961,80.15033722,35922,35932,10
12.95847034,80.15045166,35932,35942,10
12.95788002,80.15091705,35942,35952,10
12.95695019,80.15167236,35952,35962,10
12.95594978,80.15277863,35962,35972,10
12.95541954,80.15444183,35972,35982,10
12.95503998,80.15625763,35982,35992,10
12.95470047,80.15799713,35992,36002,10
12.9544096,80.1592865,36002,36013,11
12.95431995,80.15962982,36013,36023,10
12.95415974,80.16046143,36023,36033,10
12.95390034,80.16171265,36033,36043,10
12.95357037,80.16323853,36043,36053,10
12.95320034,80.16491699,36053,36063,10
12.95281029,80.16665649,36063,36073,10
12.95236969,80.16835022,36073,36083,10
12.95205975,80.16999054,36083,36093,10
12.95182991,80.17140961,36093,36103,10
12.95160007,80.17272186,36103,36113,10
12.95135975,80.17401123,36113,36124,11
12.95121002,80.17478943,36124,36134,10
12.95116043,80.17505646,36134,36144,10
12.95098019,80.17584229,36144,36154,10
12.95073986,80.1769104,36154,36164,10
12.95040035,80.17812347,36164,36174,10
12.95005989,80.1794281,36174,36184,10
12.94981003,80.1807785,36184,36194,10
12.94966984,80.18157959,36194,36204,10
12.94950008,80.18245697,36204,36214,10
12.94931984,80.18357849,36214,36225,11
12.94929028,80.18392181,36225,36235,10
12.94927025,80.18408203,36235,36245,10
12.94925976,80.18518066,36245,36305,60
12.94925976,80.18518066,36305,36315,10
12.94917011,80.18557739,36315,36325,10
12.94911957,80.18631744,36325,36336,11
12.94902992,80.18739319,36336,36346,10
12.94892025,80.18834686,36346,36356,10
12.94886017,80.1892395,36356,36366,10
12.94874001,80.19022369,36366,36376,10
12.9486599,80.1912384,36376,36385,9
12.94859028,80.19277954,36385,36396,11
12.94855976,80.19407654,36396,36406,10
12.94855976,80.19508362,36406,36416,10
12.94857979,80.19554138,36416,36426,10
12.94857979,80.19567108,36426,36437,11
12.94853973,80.19638062,36437,36447,10
12.94849968,80.19743347,36447,36457,10
12.94851971,80.19857788,36457,36467,10
12.94855976,80.19909668,36467,36477,10
12.94859028,80.19950104,36477,36487,10
12.94859982,80.19953918,36487,36497,10
12.94861031,80.20004272,36497,36507,10
12.94863033,80.20097351,36507,36517,10
12.94863987,80.20220184,36517,36527,10
12.94867992,80.20346832,36527,36537,10
12.94871044,80.20475006,36537,36548,11
12.94871998,80.20629883,36548,36558,10
12.94867992,80.2073822,36558,36568,10
12.94857025,80.20839691,36568,36578,10
12.94853973,80.2092514,36578,36588,10
12.9485302,80.20926666,36588,36598,10
12.94853973,80.20942688,36598,36608,10
12.94855022,80.20999908,36608,36618,10
12.94845963,80.21063995,36618,36628,10
12.94845963,80.21163177,36628,36638,10
12.94849968,80.21282196,36638,36649,11
12.94867039,80.21459198,36649,36659,10
12.94882011,80.21617889,36659,36669,10
12.94898987,80.21781921,36669,36679,10
12.94915962,80.21948242,36679,36689,10
12.94929981,80.22083282,36689,36699,10
12.94944,80.22290039,36699,36709,10
12.94952011,80.22463989,36709,36719,10
12.94960976,80.22638702,36719,36729,10
12.94968987,80.22810364,36729,36739,10
12.94976997,80.22958374,36739,36749,10
12.94987965,80.23095703,36749,36760,11
12.94997978,80.23230743,36760,36770,10
12.95003986,80.23306274,36770,36780,10
12.95005035,80.23319244,36780,36790,10
12.95005035,80.23383331,36790,36800,10
12.94999027,80.23475647,36800,36810,10
12.9499197,80.23561859,36810,36881,71
12.9499197,80.23561859,36881,36891,10
12.94993019,80.23599243,36891,36901,10
12.94978046,80.23670959,36901,36911,10
12.94964981,80.23750305,36911,36921,10
12.94950962,80.2384491,36921,36931,10
12.94925976,80.23961639,36931,36941,10
12.9491396,80.24021912,36941,36951,10
12.9491396,80.24033356,36951,36962,11
12.94939041,80.24078369,36962,36972,10
12.95024014,80.24105835,36972,36982,10
12.95102978,80.24128723,36982,36992,10
12.95112038,80.24131775,36992,37002,10
12.95164013,80.241539,37002,37012,10
12.95256996,80.24188232,37012,37022,10
12.95361996,80.24228668,37022,37032,10
12.95431042,80.24256134,37032,37042,10
12.95522022,80.24291992,37042,37052,10
12.95598984,80.24323273,37052,37062,10
12.95635986,80.24337769,37062,37073,11
12.95637035,80.24339294,37073,37083,10
12.95652962,80.24344635,37083,37093,10
12.95720959,80.24372101,37093,37103,10
12.95814037,80.24411774,37103,37113,10
12.95909977,80.24456024,37113,37123,10
12.96030045,80.24510193,37123,37133,10
12.96160984,80.24569702,37133,37143,10
12.96271992,80.24620819,37143,37153,10
12.96302032,80.2463913,37153,37163,10
12.96310043,80.24642181,37163,37174,11
12.96345997,80.24659729,37174,37184,10
12.96387005,80.2467804,37184,37194,10
12.96461964,80.24704742,37194,37204,10
12.96549988,80.24733734,37204,37214,10
12.96625042,80.24767303,37214,37224,10
12.96665955,80.24783325,37224,37234,10
12.96673012,80.2478714,37234,37244,10
12.96716022,80.24810028,37244,37254,10
12.96788979,80.24842072,37254,37264,10
12.96881008,80.2487793,37264,37274,10
12.96990967,80.24919891,37274,37285,11
12.97152042,80.24976349,37285,37295,10
12.97307014,80.25018311,37295,37305,10
12.97463989,80.25061035,37305,37315,10
12.97618008,80.25106049,37315,37325,10
12.97756004,80.25160217,37325,37335,10
12.97842026,80.2522583,37335,37345,10
12.97850037,80.25231171,37345,37355,10
12.9788599,80.2525177,37355,37365,10
12.97980976,80.25266266,37365,37416,51
12.97980976,80.25266266,37416,37426,10
12.98023987,80.25267029,37426,37436,10
12.98106956,80.25263977,37436,37446,10
12.98223972,80.25261688,37446,37456,10
12.98353958,80.25247192,37456,37466,10
12.98466015,80.25213623,37466,37517,51
12.98466015,80.25213623,37517,37527,10
12.98482037,80.25205994,37527,37537,10
12.98505974,80.25198364,37537,37547,10
12.98538971,80.25189209,37547,37557,10
12.98585987,80.25176239,37557,37567,10
12.98630047,80.25166321,37567,37577,10
12.98672962,80.25154877,37577,37587,10
12.98711014,80.25144196,37587,37598,11
12.98756027,80.25131989,37598,37608,10
12.98793983,80.25150299,37608,37618,10
12.98797035,80.25180054,37618,37628,10
12.98801994,80.25216675,37628,37638,10
12.98797035,80.25272369,37638,37648,10
12.98785973,80.25353241,37648,37658,10
12.98777008,80.25437927,37658,37668,10
12.98768044,80.2556076,37668,37781,113
12.98768044,80.2556076,37781,37791,10
12.98766041,80.2557373,37791,37802,11
12.9875803,80.25618744,37802,37812,10
12.98752975,80.25672913,37812,37822,10
12.98746967,80.25737762,37822,37832,10
12.98742962,80.2580719,37832,37842,10
12.98736,80.25875854,37842,37852,10
12.98727989,80.2592926,37852,37862,10
12.9871397,80.2596283,37862,37882,20
12.9871397,80.2596283,37882,37892,10
12.9868803,80.25965881,37892,37902,10
12.98674965,80.25962067,37902,37913,11
12.98663998,80.25939178,37913,39559,1646
12.98663998,80.25939178,39559,39569,10
12.98655987,80.25926208,39569,39589,20
12.98655987,80.25926208,39589,39599,10
12.98663044,80.25907135,39599,39670,71
12.98701,80.25904846,39670,39710,40
12.98701,80.25904846,39710,39720,10
12.98735046,80.25897217,39720,39730,10
12.98738003,80.25869751,39730,39740,10
12.98738003,80.25850677,39740,39750,10
12.98740959,80.25816345,39750,39760,10
12.98744965,80.25756836,39760,39771,11
12.98746967,80.25682068,39771,39781,10
12.98750019,80.25608063,39781,39791,10
12.98752022,80.25579834,39791,39851,60
12.98752022,80.25579834,39851,39861,10
12.98768044,80.25534821,39861,39871,10
12.98771,80.25479889,39871,39882,11
12.98773956,80.25450134,39882,39892,10
12.98781013,80.25373077,39892,39902,10
12.98791027,80.25260925,39902,39912,10
12.98766041,80.25158691,39912,39932,20
12.98766041,80.25158691,39932,39942,10
12.98729992,80.25160217,39942,39952,10
12.9865799,80.25174713,39952,39962,10
12.98556042,80.25196075,39962,39972,10
12.98433971,80.25228119,39972,39983,11
12.98313046,80.25257874,39983,39993,10
12.98215008,80.25267029,39993,40003,10
12.98081017,80.25273895,40003,40033,30
12.98081017,80.25273895,40033,40043,10
12.98044968,80.2527771,40043,40053,10
12.97992039,80.2527771,40053,40063,10
12.97914028,80.25270081,40063,40073,10
12.97852993,80.25257874,40073,40083,10
12.97844982,80.25254059,40083,40094,11
12.97786999,80.25209808,40094,40104,10
12.97696972,80.25141907,40104,40114,10
12.97570992,80.25100708,40114,40124,10
12.97436047,80.25061798,40124,40134,10
12.97305965,80.2502594,40134,40144,10
12.97173977,80.24990845,40144,40154,10
12.97037983,80.24951935,40154,40164,10
12.96899033,80.24897766,40164,40174,10
12.9676199,80.24848175,40174,40184,10
12.96685028,80.24815369,40184,40195,11
12.96648026,80.24794006,40195,40205,10
12.96568966,80.24761963,40205,40215,10
12.96498966,80.24741364,40215,40225,10
12.96498013,80.24739838,40225,40235,10
12.96490955,80.2473526,40235,40245,10
12.96438026,80.24713135,40245,40255,10
12.96385002,80.2469101,40255,40265,10
12.96348953,80.2467804,40265,40275,10
12.96284008,80.24645233,40275,40285,10
12.96208954,80.24606323,40285,40295,10
12.96103001,80.2455368,40295,40306,11
12.95979977,80.24500275,40306,40316,10
12.9593401,80.24482727,40316,40326,10
12.95925045,80.24476624,40326,40336,10
12.95870972,80.24447632,40336,40346,10
12.95790958,80.24414063,40346,40356,10
12.95697975,80.24385834,40356,40417,61
12.95697975,80.24385834,40417,40427,10
12.95662022,80.24375153,40427,40437,10
12.95648956,80.24369812,40437,40447,10
12.95635033,80.24363708,40447,40457,10
12.95613003,80.24356079,40457,40467,10
12.95553017,80.24324036,40467,40477,10
12.95462036,80.24282074,40477,40487,10
12.95363998,80.24240875,40487,40497,10
12.9527998,80.24207306,40497,40508,11
12.95186996,80.24176025,40508,40518,10
12.9517498,80.24172974,40518,40528,10
12.95153999,80.24163818,40528,40538,10
12.95086002,80.24138641,40538,40548,10
12.94995022,80.24108124,40548,40558,10
12.94941044,80.24091339,40558,40568,10
12.94923019,80.24085236,40568,40578,10
12.94890976,80.24062347,40578,40588,10
12.94898987,80.24017334,40588,40598,10
12.94917011,80.23941803,40598,40608,10
12.94925022,80.23918152,40608,40619,11
12.94941998,80.23844147,40619,40629,10
12.94958973,80.23748779,40629,40639,10
12.94974041,80.23593903,40639,40740,101
12.94974041,80.23593903,40740,40750,10
12.94976044,80.23586273,40750,40760,10
12.94987011,80.23526764,40760,40770,10
12.94997025,80.23430634,40770,40780,10
12.94999027,80.23375702,40780,40790,10
12.94997978,80.2335434,40790,40800,10
12.94993019,80.23282623,40800,40810,10
12.94987011,80.23169708,40810,40820,10
12.94974995,80.23017883,40820,40831,11
12.94966984,80.22863007,40831,40841,10
12.94960022,80.22698212,40841,40851,10
12.94952011,80.22530365,40851,40861,10
12.94944,80.22370911,40861,40871,10
12.94935036,80.22212982,40871,40881,10
12.94925022,80.22086334,40881,40891,10
12.94906044,80.2188797,40891,40901,10
12.94886971,80.21720123,40901,40911,10
12.94869995,80.21546173,40911,40921,10
12.94851971,80.21372986,40921,40932,11
12.94839954,80.21180725,40932,40942,10
12.94836044,80.21038818,40942,40952,10
12.94836044,80.20968628,40952,40962,10
12.94845009,80.20880127,40962,40972,10
12.94845963,80.20860291,40972,40982,10
12.94849968,80.20828247,40982,40992,10
12.94859028,80.20742035,40992,41002,10
12.9486599,80.20622253,41002,41012,10
12.9486599,80.20480347,41012,41022,10
12.94861031,80.20330048,41022,41032,10
12.94857979,80.20179749,41032,41043,11
12.94849968,80.20011902,41043,41053,10
12.94847965,80.19918823,41053,41063,10
12.9484396,80.19886017,41063,41073,10
12.9484396,80.19857025,41073,41083,10
12.9484396,80.19777679,41083,41093,10
12.94845963,80.19661713,41093,41103,10
12.9484396,80.19564819,41103,41113,10
12.94845009,80.19554138,41113,41123,10
12.94845963,80.19516754,41123,41133,10
12.94847012,80.19432831,41133,41144,11
12.94847965,80.19367981,41144,41154,10
12.94847965,80.19367218,41154,41164,10
12.94849014,80.19355011,41164,41174,10
12.94849968,80.19293976,41174,41184,10
12.94853973,80.1919632,41184,41194,10
12.94861984,80.1906662,41194,41204,10
12.94869995,80.18952942,41204,41214,10
12.94884014,80.1882782,41214,41223,9
12.94898033,80.18688202,41223,41234,11
12.94902039,80.18530273,41234,41244,10
12.94911957,80.18419647,41244,41255,11
12.94915962,80.18377686,41255,41265,10
12.94923973,80.18341827,41265,41275,10
12.94939041,80.18257904,41275,41285,10
12.94958973,80.1815033,41285,41295,10
12.94970989,80.18086243,41295,41305,10
12.94985008,80.18018341,41305,41315,10
12.95016003,80.17880249,41315,41324,9
12.95048046,80.17755127,41324,41335,11
12.95079994,80.1762619,41335,41345,10
12.95116043,80.17459869,41345,41356,11
12.95149994,80.17308044,41356,41366,10
12.95176029,80.17150116,41366,41376,10
12.95205975,80.16986084,41376,41386,10
12.95236969,80.16821289,41386,41396,10
12.95273018,80.1668396,41396,41406,10
12.95306015,80.16542816,41406,41416,10
12.95335007,80.1640625,41416,41426,10
12.95366955,80.16252136,41426,41436,10
12.95403004,80.1609726,41436,41446,10
12.95433044,80.15943909,41446,41457,11
12.95452023,80.15841675,41457,41467,10
12.95458031,80.15815735,41467,41477,10
12.9547596,80.1574173,41477,41487,10
12.95499992,80.15634918,41487,41497,10
12.9552803,80.15500641,41497,41507,10
12.95561028,80.15363312,41507,41517,10
12.95617008,80.15229797,41517,41527,10
12.95730019,80.15126801,41527,41537,10
12.95835018,80.15041351,41537,41547,10
12.95878983,80.15000916,41547,41557,10
12.95882988,80.14997864,41557,41568,11
12.95923042,80.14968872,41568,41578,10
12.95958042,80.14891815,41578,41588,10
12.95979977,80.14800262,41588,41598,10
12.96000957,80.1469574,41598,41608,10
12.9602499,80.14581299,41608,41618,10
12.96016026,80.14537811,41618,41628,10
12.95950031,80.14504242,41628,41638,10
12.95845032,80.14450073,41638,41648,10
12.95750046,80.14394379,41648,41658,10
12.95650959,80.14341736,41658,41669,11
12.95547962,80.1428833,41669,41679,10
12.95446968,80.14232635,41679,41689,10
12.95386028,80.14199829,41689,41699,10
12.95331001,80.14173889,41699,41709,10
12.95316029,80.14167786,41709,41719,10
12.95291996,80.14154053,41719,41729,10
12.95240021,80.14115143,41729,41739,10
12.95153999,80.14053345,41739,41759,20
12.95153999,80.14053345,41759,41769,10
12.95129967,80.14031982,41769,41780,11
12.95073986,80.13990784,41780,41790,10
12.95038033,80.13961792,41790,41800,10
12.94981003,80.13916779,41800,41810,10
12.94909,80.13854218,41810,41820,10
12.94814968,80.13783264,41820,41830,10
12.94738007,80.13728333,41830,41840,10
12.94645023,80.13655853,41840,41850,10
12.94546986,80.13578796,41850,41860,10
12.94437027,80.1349411,41860,41870,10
12.94347954,80.13421631,41870,41881,11
12.94272995,80.13352203,41881,41891,10
12.94211006,80.13288879,41891,41901,10
12.94137001,80.13211823,41901,41911,10
12.94054985,80.13127136,41911,41921,10
12.93966007,80.13036346,41921,41931,10
12.93869019,80.12949371,41931,41941,10
12.93774033,80.12869263,41941,41951,10
12.93721962,80.12822723,41951,41961,10
12.93682957,80.12789917,41961,41971,10
12.93667984,80.12780762,41971,41981,10
12.9363699,80.12750244,41981,41992,11
12.93574047,80.12692261,41992,42002,10
12.93513012,80.12635803,42002,42012,10
12.93441963,80.12567902,42012,42022,10
12.93348026,80.12477112,42022,42032,10
12.93255997,80.12389374,42032,42042,10
12.93194008,80.1232605,42042,42052,10
12.93124962,80.12258148,42052,42062,10
12.93062973,80.12194824,42062,42072,10
12.93015003,80.12151337,42072,42082,10
12.92992973,80.12129211,42082,42093,11
12.92938995,80.12069702,42093,42103,10
12.92866993,80.11994934,42103,42113,10
12.9279604,80.11927795,42113,42123,10
12.9275198,80.11881256,42123,42133,10
12.92720032,80.11849976,42133,42143,10
12.92706966,80.11837769,42143,42153,10
12.9268198,80.11810303,42153,42163,10
12.9265604,80.11782837,42163,42173,10
12.92625999,80.1175766,42173,42194,21
12.92625999,80.1175766,42194,42204,10
12.92607021,80.11743927,42204,42214,10
12.9256897,80.11714172,42214,42224,10
12.92516041,80.11663055,42224,42234,10
12.92457008,80.11602783,42234,42244,10
12.92426968,80.1157074,42244,42254,10
12.9239502,80.11537933,42254,42264,10
12.9238596,80.11519623,42264,42274,10
12.92395973,80.11506653,42274,42284,10
12.92424011,80.11514282,42284,42294,10
12.9247303,80.11567688,42294,42305,11
12.92541027,80.11636353,42305,42315,10
12.92576027,80.11669922,42315,42325,10
12.92601967,80.11705017,42325,42345,20
12.92601967,80.11705017,42345,42355,10
12.92613029,80.11724854,42355,42365,10
12.92625999,80.11741638,42365,42375,10
12.92640972,80.11759186,42375,42385,10
12.92658997,80.11776733,42385,42395,10
12.92689991,80.11794281,42395,42466,71
12.92720032,80.11814117,42466,42789,323
12.92720032,80.11814117,42789,42799,10
12.92733955,80.11849976,42799,42809,10
12.92772007,80.11888123,42809,42819,10
12.92825985,80.11940002,42819,42830,11
12.92873001,80.11982727,42830,42931,101
12.92873001,80.11982727,42931,42941,10
12.92885971,80.12011719,42941,42951,10
12.92901039,80.12024689,42951,42961,10
12.92916012,80.1204071,42961,42971,10
12.9294796,80.12071991,42971,42981,10
12.93008995,80.12129974,42981,42991,10
12.93083954,80.1220932,42991,43001,10
12.9314003,80.12264252,43001,43011,10
12.93148041,80.12271118,43011,43021,10
12.93159962,80.12286377,43021,43032,11
12.9321003,80.12333679,43032,43042,10
12.93278027,80.12402344,43042,43052,10
12.93362045,80.12484741,43052,43062,10
12.9346199,80.12579346,43062,43072,10
12.9355402,80.12653351,43072,43082,10
12.93595982,80.12684631,43082,43092,10
12.93628025,80.12718201,43092,43102,10
12.93653011,80.12740326,43102,43112,10
12.93661976,80.12747955,43112,43122,10
12.93677998,80.12761688,43122,43132,10
12.93717957,80.12793732,43132,43173,41
12.93717957,80.12793732,43173,43183,10
12.93758011,80.12830353,43183,43193,10
12.93819046,80.12880707,43193,43203,10
12.93902016,80.12954712,43203,43213,10
12.93982983,80.13027954,43213,43223,10
12.94108009,80.13153839,43223,43233,10
12.94200039,80.13247681,43233,43244,11
12.94287014,80.13340759,43244,43254,10
12.94363022,80.13420868,43254,43264,10
12.94423962,80.13471985,43264,43274,10
12.94499969,80.13529968,43274,43284,10
12.94596958,80.13606262,43284,43294,10
12.94674015,80.13665771,43294,43304,10
12.94742966,80.13713074,43304,43314,10
12.94793987,80.13751221,43314,43324,10
12.94865036,80.13802338,43324,43334,10
12.94954014,80.13871002,43334,43344,10
12.95016003,80.13919067,43344,43355,11
12.95053005,80.13950348,43355,43365,10
12.95084,80.13967133,43365,43375,10
12.95106983,80.13980865,43375,43415,40
12.95106983,80.13980865,43415,43425,10
12.95127964,80.13996124,43425,43435,10
12.95160007,80.14019012,43435,43445,10
12.95197964,80.14057922,43445,43456,11
12.95250034,80.14105225,43456,43466,10
12.95316982,80.14151001,43466,43476,10
12.95353031,80.14170074,43476,43486,10
12.95374966,80.14185333,43486,43496,10
12.9539299,80.14196014,43496,43506,10
12.9542799,80.14215851,43506,43516,10
12.95485973,80.1424408,43516,43526,10
12.95565033,80.14285278,43526,43535,9
12.95652962,80.14328766,43535,43546,11
12.9572897,80.14370728,43546,43557,11
12.95823956,80.14417267,43557,43567,10
12.95901012,80.14453888,43567,43577,10
12.95973969,80.14492035,43577,43587,10
12.96016979,80.1451416,43587,43597,10
12.96049976,80.14528656,43597,43607,10
12.96045971,80.14562225,43607,43617,10
12.96022987,80.14621735,43617,43627,10
12.96006012,80.14697266,43627,43637,10
12.95983028,80.14794922,43637,43647,10
12.95960999,80.1490097,43647,43657,10
12.95903969,80.15000153,43657,43668,11
12.95855999,80.15041351,43668,43678,10
12.95847034,80.15046692,43678,43688,10
12.95800972,80.15083313,43688,43698,10
12.95728016,80.15142059,43698,43708,10
12.95635986,80.15219116,43708,43718,10
12.95569038,80.15337372,43718,43728,10
12.95530033,80.15480804,43728,43738,10
12.95497036,80.1563797,43738,43748,10
12.95466042,80.15789032,43748,43758,10
12.95448017,80.15892029,43758,43779,21
12.95448017,80.15892029,43779,43789,10
12.95446014,80.15901184,43789,43799,10
12.95436001,80.15947723,43799,43809,10
12.95435047,80.15952301,43809,43819,10
12.95433998,80.15962219,43819,43829,10
12.95423031,80.16014099,43829,43839,10
12.95403957,80.16101074,43839,43849,10
12.95378971,80.16214752,43849,43859,10
12.95353985,80.16339111,43859,43869,10
12.95322037,80.16474915,43869,43880,11
12.95283985,80.16641998,43880,43890,10
12.95246983,80.16783905,43890,43900,10
12.95221043,80.16900635,43900,43910,10
12.95203972,80.17002869,43910,43920,10
12.95195007,80.17063904,43920,43930,10
12.95191956,80.17077637,43930,43940,10
12.95182037,80.17140961,43940,43950,10
12.95164013,80.17236328,43950,43960,10
12.95145035,80.1734314,43960,43970,10
12.95125961,80.17430878,43970,43981,11
12.95118046,80.17479706,43981,43991,10
12.95112038,80.17501831,43991,44001,10
12.9509697,80.17568207,44001,44011,10
12.95077038,80.17662048,44011,44021,10
12.95046997,80.17774963,44021,44031,10
12.95014,80.17897797,44031,44041,10
12.94987011,80.18015289,44041,44051,10
12.94970036,80.18109894,44051,44061,10
12.94954014,80.18192291,44061,44071,10
12.94935036,80.18293762,44071,44082,11
12.9492197,80.18395996,44082,44102,20
12.9492197,80.18395996,44102,44112,10
12.94921017,80.18418121,44112,44122,10
12.94919968,80.18525696,44122,44172,50
12.94919968,80.18525696,44172,44182,10
12.94911957,80.18563843,44182,44193,11
12.94904995,80.1864624,44193,44203,10
12.9489603,80.18734741,44203,44213,10
12.94886971,80.18834686,44213,44223,10
12.94876957,80.18933868,44223,44233,10
12.9486599,80.19046021,44233,44243,10
12.94855976,80.19181824,44243,44253,10
12.94853973,80.19316101,44253,44263,10
12.94851971,80.19387817,44263,44273,10
12.94849968,80.19483185,44273,44283,10
12.94851971,80.19548798,44283,44294,11
12.94851971,80.19550323,44294,44304,10
12.9485302,80.19587708,44304,44314,10
12.94849968,80.19670105,44314,44324,10
12.94849014,80.19779205,44324,44334,10
12.94851971,80.19892883,44334,44344,10
12.94855022,80.1995163,44344,44354,10
12.94855976,80.19959259,44354,44364,10
12.94857979,80.20014954,44364,44374,10
12.94861031,80.20111847,44374,44384,10
12.94863033,80.20231628,44384,44394,10
12.94867039,80.20368195,44394,44405,11
12.94871998,80.2052536,44405,44415,10
12.94869041,80.20662689,44415,44425,10
12.94861984,80.2077179,44425,44435,10
12.94851971,80.20935822,44435,44455,20
12.94851971,80.20935822,44455,44465,10
12.94851971,80.20960236,44465,44475,10
12.94845009,80.21022797,44475,44485,10
12.94839954,80.21103668,44485,44495,10
12.94841957,80.21212006,44495,44506,11
12.9485302,80.21362305,44506,44516,10
12.94867992,80.21515656,44516,44526,10
12.94886971,80.21672058,44526,44536,10
12.94902039,80.21832275,44536,44546,10
12.94917011,80.22000122,44546,44556,10
12.94933033,80.2215271,44556,44566,10
12.94944,80.22296906,44566,44576,10
12.94948006,80.22403717,44576,44586,10
12.94952965,80.22570038,44586,44596,10
12.94960976,80.22727966,44596,44606,10
12.94968987,80.22865295,44606,44617,11
12.94979,80.23016357,44617,44627,10
12.94987965,80.23150635,44627,44637,10
12.94997978,80.23271179,44637,44647,10
12.94999981,80.23303986,44647,44657,10
12.94997025,80.23323822,44657,44667,10
12.94999981,80.23394012,44667,44677,10
12.94993973,80.23490143,44677,44687,10
12.94987011,80.23564148,44687,44697,10
12.94983959,80.23587799,44697,44718,21
12.94983959,80.23587799,44718,44728,10
12.94983006,80.2363205,44728,44738,10
12.94968033,80.23709106,44738,44748,10
12.94954014,80.23802948,44748,44758,10
12.94935989,80.23905945,44758,44768,10
12.94906044,80.24040985,44768,44788,20
12.94906044,80.24040985,44788,44798,10
12.94909,80.24072266,44798,44808,10
12.94950962,80.24093628,44808,44818,10
12.9509201,80.24134064,44818,44839,21
12.9509201,80.24134064,44839,44849,10
12.95123959,80.24146271,44849,44859,10
12.95189953,80.24167633,44859,44869,10
12.95248032,80.24186707,44869,44879,10
12.95324039,80.24214935,44879,44889,10
12.95374012,80.24234009,44889,44899,10
12.95452023,80.24272156,44899,44909,10
12.95524025,80.24299622,44909,44919,10
12.95635033,80.24330139,44919,44951,32
12.95635033,80.24330139,44951,44962,11
12.95654011,80.24330139,44962,44972,10
12.95705032,80.24359894,44972,44982,10
12.95783997,80.24397278,44982,44992,10
12.95882034,80.24440002,44992,45002,10
12.95891953,80.24445343,45002,45012,10
12.95925045,80.24462128,45012,45022,10
12.95995998,80.24497986,45022,45033,11
12.96107006,80.24550629,45033,45043,10
12.96226978,80.24610138,45043,45053,10
12.96308994,80.24648285,45053,45073,20
12.96308994,80.24648285,45073,45083,10
12.96327972,80.24653625,45083,45093,10
12.96358013,80.24671173,45093,45103,10
12.96418953,80.24693298,45103,45113,10
12.96510029,80.24725342,45113,45123,10
12.9662199,80.24768066,45123,45133,10
12.96695995,80.2480011,45133,45144,11
12.96704006,80.24804688,45144,45154,10
12.96745968,80.24826813,45154,45164,10
12.96833992,80.24861908,45164,45174,10
12.9695797,80.24912262,45174,45184,10
12.97109032,80.24964142,45184,45194,10
12.9726696,80.25010681,45194,45204,10
12.9739399,80.25041962,45204,45214,10
12.97496033,80.25073242,45214,45224,10
12.97661972,80.25119781,45224,45234,10
12.97789001,80.25189209,45234,45245,11
12.97861958,80.25238037,45245,45255,10
12.9786396,80.252388,45255,45265,10
12.9789896,80.25254059,45265,45275,10
12.97953987,80.25260925,45275,45295,20
12.97953987,80.25260925,45295,45305,10
12.97957993,80.25260162,45305,45315,10
12.9797802,80.25263214,45315,45325,10
12.98042011,80.25266266,45325,45335,10
12.98136997,80.25263977,45335,45345,10
12.98254967,80.25258636,45345,45356,11
12.98396969,80.25234985,45356,45366,10
12.98526001,80.2519989,45366,45376,10
12.98626995,80.2517395,45376,45386,10
12.98733044,80.2514801,45386,45467,81
12.98733044,80.2514801,45467,45477,10
12.98746014,80.25144196,45477,45487,10
12.98777008,80.25141144,45487,45497,10
12.98797989,80.25184631,45497,45507,10
12.98801041,80.25235748,45507,45517,10
12.98789978,80.25338745,45517,45527,10
12.98783016,80.2542572,45527,45537,10
12.98773956,80.25514984,45537,45628,91
12.98773956,80.25514984,45628,45638,10
12.98758984,80.25537872,45638,45648,10
12.98750973,80.25576782,45648,45658,10
12.98744011,80.25636292,45658,45669,11
12.98738003,80.25708771,45669,45679,10
12.98731995,80.25798035,45679,45689,10
12.98727036,80.25879669,45689,45699,10
12.98721027,80.25924683,45699,45709,10
12.98711967,80.25955963,45709,45739,30
12.98711967,80.25955963,45739,45749,10
12.98686028,80.25948334,45749,45820,71
12.98690987,80.25911713,45820,47224,1404
12.98690033,80.25907898,47224,48415,1191
12.98690033,80.25907898,48415,48425,10
12.98721981,80.25908661,48425,48435,10
12.98731041,80.25884247,48435,48445,10
12.98731995,80.25839996,48445,48455,10
12.98733997,80.25795746,48455,48466,11
12.98738003,80.25743866,48466,48476,10
12.98742008,80.25705719,48476,48486,10
12.98742008,80.25702667,48486,48496,10
12.98746967,80.25669098,48496,48506,10
12.98750019,80.25636292,48506,48516,10
12.98752975,80.25588226,48516,48526,10
12.98764992,80.25550079,48526,48536,10
12.98770046,80.25499725,48536,48546,10
12.98773956,80.25430298,48546,48556,10
12.98779964,80.25353241,48556,48567,11
12.98787975,80.25254822,48567,48577,10
12.98781967,80.25187683,48577,48617,40
12.98781967,80.25187683,48617,48627,10
12.98768044,80.25158691,48627,48637,10
12.98701954,80.25160217,48637,48647,10
12.98612976,80.25182343,48647,48657,10
12.98499012,80.25212097,48657,48667,10
12.98371029,80.25247192,48667,48678,11
12.98219013,80.2526474,48678,48688,10
12.98073959,80.25270844,48688,48698,10
12.97968006,80.25270081,48698,48708,10
12.97887993,80.25263977,48708,48718,10
12.97850037,80.25254059,48718,48728,10
12.97795963,80.25212097,48728,48738,10
12.97714996,80.25144196,48738,48748,10
12.97595024,80.25105286,48748,48758,10
12.97459984,80.25066376,48758,48768,10
12.97327042,80.25029755,48768,48779,11
12.97187996,80.24994659,48779,48789,10
12.9707098,80.24963379,48789,48799,10
12.96965981,80.2492218,48799,48809,10
12.96846008,80.24877167,48809,48819,10
12.96749973,80.2483902,48819,48829,10
12.96673012,80.2480011,48829,48839,10
12.96592999,80.24764252,48839,48849,10
12.96529961,80.24743652,48849,48869,20
12.96529961,80.24743652,48869,48880,11
12.96490002,80.24730682,48880,48890,10
12.9642601,80.24706268,48890,48900,10
12.96352959,80.24677277,48900,48910,10
12.96267986,80.24633789,48910,48920,10
12.96158028,80.24578094,48920,48930,10
12.96039963,80.24521637,48930,48940,10
12.95930958,80.24472046,48940,48950,10
12.95820045,80.24423981,48950,48960,10
12.95750046,80.24398041,48960,48970,10
12.95652008,80.24358368,48970,49021,51
12.95652008,80.24358368,49021,49031,10
12.95602989,80.24340057,49031,49041,10
12.95526981,80.24308014,49041,49051,10
12.95431995,80.24266052,49051,49061,10
12.95333958,80.24227142,49061,49071,10
12.95228004,80.24185944,49071,49081,10
12.95137024,80.24153137,49081,49092,11
12.95034027,80.24120331,49092,49102,10
12.95028019,80.24118042,49102,49112,10
12.95009995,80.24114227,49112,49122,10
12.94989967,80.24105072,49122,49132,10
12.94976044,80.24095917,49132,49142,10
12.9495697,80.24092102,49142,49192,50
12.9495697,80.24092102,49192,49203,11
12.94925976,80.24088287,49203,49283,80
12.94925976,80.24088287,49283,49293,10
12.94902992,80.24080658,49293,49304,11
12.94894028,80.24028778,49304,49314,10
12.94915009,80.23930359,49314,49334,20
12.94915009,80.23930359,49334,49344,10
12.9492197,80.23918915,49344,49354,10
12.94933987,80.2387619,49354,49364,10
12.94944954,80.23818207,49364,49374,10
12.94950962,80.23786926,49374,49384,10
12.9495697,80.23745728,49384,49394,10
12.9496603,80.23677826,49394,49404,10
12.94968033,80.23607635,49404,49485,81
12.94968033,80.23607635,49485,49495,10
12.94970036,80.23574066,49495,49505,10
12.94976997,80.23549652,49505,49516,11
12.94987965,80.23496246,49516,49526,10
12.94995022,80.23375702,49526,49546,20
12.94995022,80.23375702,49546,49556,10
12.94993973,80.23339081,49556,49566,10
12.9499197,80.23265839,49566,49576,10
12.94985962,80.23174286,49576,49586,10
12.94979954,80.23075867,49586,49596,10
12.94970989,80.22955322,49596,49606,10
12.94966984,80.22820282,49606,49617,11
12.94958019,80.22659302,49617,49627,10
12.94950008,80.22503662,49627,49637,10
12.94941998,80.22345734,49637,49647,10
12.94933987,80.22184753,49647,49657,10
12.94919968,80.2202301,49657,49667,10
12.94904995,80.21872711,49667,49677,10
12.94890022,80.21717834,49677,49687,10
12.94873047,80.21555328,49687,49697,10
12.94857025,80.21391296,49697,49707,10
12.9484396,80.21231842,49707,49717,10
12.94839001,80.21096039,49717,49728,11
12.94834042,80.21005249,49728,49738,10
12.94834042,80.20976257,49738,49748,10
12.94841003,80.20919037,49748,49758,10
12.9484396,80.2086792,49758,49768,10
12.94845009,80.20864868,49768,49778,10
12.94847012,80.20850372,49778,49788,10
12.94851017,80.20796967,49788,49798,10
12.94859028,80.2071228,49798,49808,10
12.94863987,80.20609283,49808,49818,10
12.9486599,80.20487213,49818,49829,11
12.94863033,80.20372772,49829,49839,10
12.94859982,80.20295715,49839,49849,10
12.94855976,80.20168304,49849,49859,10
12.94851971,80.20027924,49859,49869,10
12.94849014,80.19927979,49869,49879,10
12.94845963,80.19879913,49879,49889,10
12.94845963,80.19877625,49889,49899,10
12.94845963,80.19838715,49899,49909,10
12.94845963,80.1977005,49909,49919,10
12.94847012,80.19676971,49919,49929,10
12.94845963,80.19550323,49929,49950,21
12.94845963,80.19550323,49950,49960,10
12.94845963,80.19525146,49960,49970,10
12.94847012,80.19465637,49970,49980,10
12.94849014,80.19378662,49980,49990,10
12.9485302,80.19271851,49990,50000,10
12.94857979,80.19149017,50000,50010,10
12.9486599,80.19017792,50010,50020,10
12.94876957,80.18904877,50020,50030,10
12.94886971,80.18779755,50030,50041,11
12.94898033,80.18631744,50041,50051,10
12.9489603,80.18541718,50051,50061,10
12.94902992,80.18491364,50061,50071,10
12.94909954,80.18418884,50071,50081,10
12.9491396,80.18382263,50081,50091,10
12.94915962,80.18373871,50091,50101,10
12.94925022,80.18328094,50101,50111,10
12.94941044,80.18247986,50111,50121,10
12.94956017,80.18157196,50121,50131,10
12.94968987,80.18083954,50131,50142,11
12.94993019,80.1796875,50142,50152,10
12.95020962,80.1785202,50152,50162,10
12.95053959,80.17722321,50162,50172,10
12.95081997,80.17608643,50172,50182,10
12.95100975,80.17519379,50182,50192,10
12.95114994,80.17434692,50192,50202,10
12.95121002,80.17402649,50202,50212,10
12.95131969,80.17352295,50212,50222,10
12.95149994,80.17269897,50222,50232,10
12.95168018,80.17173004,50232,50242,10
12.9517498,80.17134094,50242,50253,11
12.95182991,80.17092133,50253,50263,10
12.95197964,80.17018127,50263,50273,10
12.95215034,80.16924286,50273,50283,10
12.95236015,80.16812134,50283,50293,10
12.95269966,80.16690826,50293,50303,10
12.9530201,80.16560364,50303,50313,10
12.95331955,80.16422272,50313,50323,10
12.95363045,80.16278076,50323,50333,10
12.95394993,80.16130066,50333,50343,10
12.95423985,80.15981293,50343,50354,11
12.95444012,80.15866089,50354,50364,10
12.95446014,80.15849304,50364,50374,10
12.95446968,80.15840149,50374,50384,10
12.95458031,80.15792084,50384,50394,10
12.95477009,80.1571579,50394,50404,10
12.9549799,80.15619659,50404,50414,10
12.95522976,80.15506744,50414,50424,10
12.95551014,80.15383148,50424,50434,10
12.95594978,80.15257263,50434,50444,10
12.95685005,80.15155792,50444,50454,10
12.95783043,80.15077209,50454,50465,11
12.95866013,80.15006256,50465,50475,10
12.95878029,80.14996338,50475,50485,10
12.95895958,80.14983368,50485,50495,10
12.95938015,80.14943695,50495,50505,10
12.95962048,80.14871979,50505,50515,10
12.95977974,80.14792633,50515,50525,10
12.95997047,80.14707947,50525,50535,10
12.96012974,80.14626312,50535,50545,10
12.9602499,80.14559937,50545,50555,10
12.9602499,80.145401,50555,50566,11
12.96039963,80.14511871,50566,50576,10
12.96080017,80.14536285,50576,50586,10
12.96148968,80.14575958,50586,50596,10
12.9623003,80.14621735,50596,50606,10
12.96319962,80.14669037,50606,50616,10
12.96401978,80.1472702,50616,50626,10
12.96485043,80.14775848,50626,50635,9
12.96582031,80.14829254,50635,50646,11
12.96669006,80.14871979,50646,50656,10
12.96724033,80.14904022,50656,50666,10
12.96780014,80.14929199,50666,50677,11
12.96827984,80.14948273,50677,50707,30
12.96827984,80.14948273,50707,50717,10
12.96864033,80.14972687,50717,50727,10
12.96907043,80.14994049,50727,50737,10
12.96963978,80.15022278,50737,50747,10
12.9704504,80.15059662,50747,50757,10
12.97124004,80.15091705,50757,50767,10
12.97181988,80.15119934,50767,50778,11
12.97247982,80.15174866,50778,50788,10
12.97294044,80.1523819,50788,50798,10
12.97331047,80.15287781,50798,50808,10
12.97334003,80.15309143,50808,50818,10
12.9731102,80.1529007,50818,50828,10
12.97274971,80.15232849,50828,50838,10
12.97224998,80.15161896,50838,50848,10
12.97161961,80.15113831,50848,50858,10
12.97078991,80.15074921,50858,50868,10
12.96996975,80.15039063,50868,50879,11
12.96914959,80.15003967,50879,50899,20
12.96914959,80.15003967,50899,50909,10
12.96879005,80.14983368,50909,50919,10
12.96844959,80.14967346,50919,50929,10
12.9681797,80.14954376,50929,50939,10
12.96794987,80.14943695,50939,50969,30
12.96794987,80.14943695,50969,50979,10
12.9676199,80.14926147,50979,50990,11
12.96712971,80.14901733,50990,51000,10
12.96677017,80.14884949,51000,51010,10
12.96634007,80.14862823,51010,51020,10
12.9658699,80.14836121,51020,51030,10
12.96514034,80.14797211,51030,51040,10
12.96420002,80.14746094,51040,51050,10
12.96323013,80.14703369,51050,51060,10
12.96238041,80.14658356,51060,51070,10
12.9616003,80.14617157,51070,51080,10
12.96067047,80.14568329,51080,51091,11
12.96022034,80.14572144,51091,51101,10
12.96008015,80.1464386,51101,51111,10
12.9598999,80.14733887,51111,51121,10
12.95971966,80.14827728,51121,51131,10
12.95952034,80.14926147,51131,51141,10
12.95899963,80.15003204,51141,51151,10
12.95860958,80.15036011,51151,51161,10
12.95849037,80.15045166,51161,51171,10
12.95804024,80.15080261,51171,51181,10
12.95738029,80.15132141,51181,51192,11
12.95652008,80.15203857,51192,51202,10
12.95586014,80.15293121,51202,51212,10
12.95549965,80.15405273,51212,51222,10
12.95520973,80.1552887,51222,51232,10
12.95493031,80.15660095,51232,51242,10
12.95468044,80.15782166,51242,51252,10
12.95452023,80.15878296,51252,51292,40
12.95452023,80.15878296,51292,51303,11
12.95446014,80.15908051,51303,51313,10
12.95431995,80.15973663,51313,51323,10
12.95413017,80.16065216,51323,51333,10
12.95394039,80.16150665,51333,51343,10
12.95361996,80.16297913,51343,51353,10
12.95333958,80.16429901,51353,51363,10
12.95304012,80.16564941,51363,51373,10
12.95271969,80.16703033,51373,51383,10
12.95234013,80.16845703,51383,51393,10
12.95207977,80.16993713,51393,51404,11
12.95180035,80.17151642,51404,51414,10
12.95156002,80.17292023,51414,51424,10
12.95133018,80.17414856,51424,51434,10
12.95108032,80.17527771,51434,51444,10
12.95079994,80.17653656,51444,51454,10
12.95046997,80.17783356,51454,51464,10
12.95013046,80.17913818,51464,51474,10
12.94987011,80.1803894,51474,51484,10
12.94972038,80.18119812,51484,51494,10
12.94958019,80.18196106,51494,51504,10
12.94941044,80.18293762,51504,51515,11
12.94927979,80.18388367,51515,51525,10
12.94921017,80.18447876,51525,51535,10
12.94921017,80.185112,51535,51595,60
12.94921017,80.185112,51595,51605,10
12.94919968,80.18531799,51605,51616,11
12.9491396,80.1859436,51616,51626,10
12.94908047,80.18675995,51626,51636,10
12.94898987,80.18772125,51636,51646,10
12.94890022,80.18874359,51646,51656,10
12.9487896,80.18972015,51656,51666,10
12.94869995,80.1906662,51666,51676,10
12.94861031,80.19216156,51676,51686,10
12.94859028,80.19332123,51686,51696,10
12.94855976,80.19439697,51696,51706,10
12.94857979,80.1954422,51706,51716,10
12.94859028,80.19567871,51716,51727,11
12.94857025,80.19603729,51727,51737,10
12.94853973,80.19676208,51737,51747,10
12.94851971,80.1975708,51747,51757,10
12.94853973,80.1985321,51757,51767,10
12.94857979,80.19936371,51767,51777,10
12.94861031,80.20027924,51777,51787,10
12.94863033,80.20134735,51787,51797,10
12.94867992,80.20249939,51797,51807,10
12.94871044,80.20358276,51807,51817,10
12.94874001,80.20477295,51817,51828,11
12.94874954,80.2061615,51828,51838,10
12.94869995,80.20728302,51838,51848,10
12.94863033,80.20834351,51848,51858,10
12.94859028,80.20915222,51858,51868,10
12.94857979,80.20921326,51868,51878,10
12.94857025,80.20938873,51878,51888,10
12.94853973,80.20980072,51888,51898,10
12.94851017,80.21022034,51898,51908,10
12.94845009,80.2109375,51908,51918,10
12.94845963,80.21190643,51918,51928,10
12.94853973,80.21324158,51928,51939,11
12.9486599,80.21453094,51939,51949,10
12.9487896,80.21587372,51949,51959,10
12.94892979,80.21726227,51959,51969,10
12.94908047,80.21864319,51969,51979,10
12.94921017,80.22001648,51979,51989,10
12.94935036,80.22144318,51989,51999,10
12.94944,80.22292328,51999,52009,10
12.94952011,80.22438049,52009,52019,10
12.94958973,80.22588348,52019,52029,10
12.94966984,80.22737885,52029,52040,11
12.94976044,80.22898102,52040,52050,10
12.94983959,80.23040009,52050,52060,10
12.94993019,80.2317276,52060,52070,10
12.95003986,80.23277283,52070,52080,10
12.95007038,80.23304749,52080,52090,10
12.95005989,80.23307037,52090,52100,10
12.95007992,80.23343658,52100,52110,10
12.95009041,80.23416138,52110,52120,10
12.95001984,80.23490906,52120,52130,10
12.94995975,80.23558044,52130,52213,83
12.94995975,80.23558044,52213,52223,10
12.94989014,80.23616028,52223,52233,10
12.94976044,80.23686218,52233,52243,10
12.94962025,80.23786163,52243,52264,21
12.94962025,80.23786163,52264,52274,10
12.9495697,80.2381897,52274,52284,10
12.94946003,80.23883057,52284,52294,10
12.94927025,80.23967743,52294,52304,10
12.94911957,80.24033356,52304,52314,10
12.94923019,80.24073792,52314,52324,10
12.94985008,80.24095917,52324,52334,10
12.9506197,80.24120331,52334,52344,10
12.95110989,80.24134064,52344,52355,11
12.95119953,80.24136353,52355,52365,10
12.95164013,80.24152374,52365,52375,10
12.95230007,80.24181366,52375,52385,10
12.9531498,80.24211121,52385,52395,10
12.95376015,80.24237823,52395,52405,10
12.9544096,80.24263763,52405,52415,10
12.95505047,80.24288177,52415,52425,10
12.95584011,80.24311829,52425,52435,10
12.95637989,80.24330139,52435,52445,10
12.9565897,80.24342346,52445,52456,11
12.9570303,80.24362183,52456,52466,10
12.95775032,80.24395752,52466,52476,10
12.95845985,80.24424744,52476,52486,10
12.95886993,80.24443054,52486,52496,10
12.95888042,80.24443054,52496,52506,10
12.95919037,80.24458313,52506,52516,10
12.95969963,80.24482727,52516,52526,10
12.96047974,80.24517822,52526,52536,10
12.96144009,80.24562073,52536,52546,10
12.96251965,80.24614716,52546,52556,10
12.96352959,80.24665833,52556,52567,11
12.96440983,80.24701691,52567,52577,10
12.9651804,80.24723816,52577,52587,10
12.96594048,80.24749756,52587,52597,10
12.96658993,80.24777222,52597,52617,20
12.96658993,80.24777222,52617,52627,10
12.96681976,80.24791718,52627,52637,10
12.96718025,80.24829865,52637,52647,10
12.96802044,80.24867249,52647,52657,10
12.96920967,80.24893951,52657,52668,11
12.9703598,80.24939728,52668,52678,10
12.97134018,80.24967957,52678,52688,10
12.97214031,80.24990082,52688,52698,10
12.97290993,80.25013733,52698,52708,10
12.97358036,80.25034332,52708,52718,10
12.97445011,80.25055695,52718,52728,10
12.9755497,80.25086975,52728,52738,10
12.97675037,80.25119781,52738,52748,10
12.97780991,80.25177002,52748,52758,10
12.97852993,80.25228119,52758,52768,10
12.97861004,80.25232697,52768,52779,11
12.9788599,80.25244904,52779,52789,10
12.97924995,80.25253296,52789,52799,10
12.97953033,80.25254822,52799,52809,10
12.97964001,80.25256348,52809,52819,10
12.98001003,80.25261688,52819,52829,10
12.98060989,80.25263977,52829,52839,10
12.98134041,80.25258636,52839,52849,10
12.98169041,80.25256348,52849,52950,101
12.98169041,80.25256348,52950,52960,10
12.98215961,80.25253296,52960,52970,10
12.98244953,80.25253296,52970,53021,51
12.98244953,80.25253296,53021,53031,10
12.98272991,80.25251007,53031,53092,61
12.98272991,80.25251007,53092,53102,10
12.98313046,80.25247192,53102,53112,10
12.98365974,80.25238037,53112,53122,10
12.98416996,80.25225067,53122,53132,10
12.98425007,80.25222778,53132,53142,10
12.98455048,80.25213623,53142,53243,101
12.98455048,80.25213623,53243,53253,10
12.98497963,80.25202179,53253,53263,10
12.98556995,80.25186157,53263,53273,10
12.98602009,80.25174713,53273,53283,10
12.98608017,80.2517395,53283,53293,10
12.98612976,80.25170898,53293,53304,11
12.98674011,80.25160217,53304,53405,101
12.98674011,80.25160217,53405,53415,10
12.98684025,80.25153351,53415,53425,10
12.98738003,80.25138092,53425,53435,10
12.98781013,80.25134277,53435,53445,10
12.98797989,80.25174713,53445,53455,10
12.98799992,80.25254822,53455,53465,10
12.98791027,80.25359344,53465,53475,10
12.98783016,80.25454712,53475,53484,9
12.98781967,80.25505829,53484,53516,32
12.98781967,80.25505829,53516,53526,10
12.98773956,80.25556183,53526,53536,10
12.98764992,80.25627899,53536,53546,10
12.98754025,80.25727081,53546,53556,10
12.98746014,80.25823975,53556,53566,10
12.98736954,80.25897217,53566,53576,10
12.9872303,80.25952911,53576,53617,41
12.9872303,80.25952911,53617,53627,10
12.98694992,80.25932312,53627,54344,717
12.98721981,80.25904083,54344,54364,20
12.98721981,80.25904083,54364,54374,10
12.98729992,80.25895691,54374,54384,10
12.98731041,80.25871277,54384,54394,10
12.98733997,80.25826263,54394,54404,10
12.98738003,80.25758362,54404,54414,10
12.98748016,80.25669098,54414,54424,10
12.98754025,80.25585175,54424,54434,10
12.98756027,80.25572968,54434,54444,10
12.98766994,80.25534058,54444,54455,11
12.98770046,80.25479889,54455,54465,10
12.98771954,80.25460052,54465,54475,10
12.98779011,80.25401306,54475,54485,10
12.98787022,80.25315094,54485,54495,10
12.98791027,80.25218201,54495,54556,61
12.98791027,80.25218201,54556,54566,10
12.98787022,80.25196838,54566,54576,10
12.98781967,80.25170135,54576,54586,10
12.98779964,80.25164795,54586,54596,10
12.98760033,80.25151062,54596,54606,10
12.98723984,80.25154877,54606,54616,10
12.98690987,80.2516098,54616,54626,10
12.98631954,80.25176239,54626,54636,10
12.98556042,80.2519989,54636,54646,10
12.98460007,80.2522583,54646,54656,10
12.98361969,80.25253296,54656,54667,11
12.9825201,80.25267029,54667,54677,10
12.98155022,80.25267792,54677,54687,10
12.98073959,80.25270844,54687,54697,10
12.98023987,80.25276184,54697,54707,10
12.97982979,80.25270081,54707,54717,10
12.9792099,80.25263977,54717,54727,10
12.97871017,80.25256348,54727,54737,10
12.97867012,80.25254822,54737,54747,10
12.97858047,80.25253296,54747,54757,10
12.97836018,80.25240326,54757,54768,11
12.97780991,80.25193787,54768,54778,10
12.97702026,80.25135803,54778,54788,10
12.97593021,80.25102997,54788,54798,10
12.97476006,80.25071716,54798,54808,10
12.97369003,80.25041199,54808,54818,10
12.97257042,80.25010681,54818,54828,10
12.97134018,80.24980164,54828,54838,10
12.97008038,80.24941254,54838,54848,10
12.96895981,80.2489624,54848,54858,10
12.96800041,80.24858856,54858,54869,11
12.96693993,80.2481308,54869,54879,10
12.96607971,80.24771881,54879,54889,10
12.96523952,80.24739838,54889,54899,10
12.96496964,80.24732208,54899,54909,10
12.96488953,80.24726868,54909,54919,10
12.96453953,80.24713135,54919,54929,10
12.96389008,80.24687195,54929,54939,10
12.96319962,80.24655914,54939,54949,10
12.96226025,80.24610138,54949,54959,10
12.96121979,80.24556732,54959,54969,10
12.96020985,80.24510193,54969,54980,11
12.95934963,80.24476624,54980,54990,10
12.95925999,80.24472046,54990,55000,10
12.95891953,80.24452972,55000,55010,10
12.95825958,80.24424744,55010,55020,10
12.95767975,80.24401855,55020,55030,10
12.95695972,80.24372101,55030,55040,10
12.95641994,80.24350739,55040,55081,41
12.95641994,80.24350739,55081,55091,10
12.95590973,80.24330139,55091,55101,10
12.9551897,80.24299622,55101,55111,10
12.95431042,80.24263763,55111,55121,10
12.95330048,80.24221802,55121,55131,10
12.95236015,80.24182892,55131,55141,10
12.95170021,80.24163055,55141,55151,10
12.95158005,80.24156952,55151,55161,10
12.95123005,80.2414093,55161,55171,10
12.95046043,80.2411499,55171,55181,10
12.94964027,80.2408905,55181,55192,11
12.94911003,80.24073029,55192,55252,60
12.94911003,80.24073029,55252,55262,10
12.94894028,80.24063873,55262,55272,10
12.9489603,80.24009705,55272,55282,10
12.94906998,80.23944092,55282,55293,11
12.9491396,80.23921967,55293,55303,10
12.94919968,80.23903656,55303,55313,10
12.94935036,80.23847198,55313,55323,10
12.94950008,80.2376709,55323,55333,10
12.94960976,80.23674011,55333,55343,10
12.94964027,80.23596954,55343,55353,10
12.94966984,80.23578644,55353,55363,10
12.94974995,80.23547363,55363,55373,10
12.94989967,80.23480988,55373,55383,10
12.94995975,80.23401642,55383,55393,10
12.94997025,80.23377228,55393,55404,11
12.94999981,80.23343658,55404,55414,10
12.94993973,80.23265076,55414,55424,10
12.94985962,80.23166656,55424,55434,10
12.94978046,80.23052979,55434,55444,10
12.94970036,80.22930145,55444,55454,10
12.94962978,80.22798157,55454,55464,10
12.9495697,80.22686005,55464,55474,10
12.94948959,80.22528076,55474,55484,10
12.94939995,80.22366333,55484,55494,10
12.94933987,80.22232056,55494,55505,11
12.94921017,80.2206192,55505,55515,10
12.94908047,80.21926117,55515,55525,10
12.94892979,80.21788788,55525,55535,10
12.9487896,80.21659851,55535,55545,10
12.94863987,80.21521759,55545,55555,10
12.94853973,80.21394348,55555,55565,10
12.94843006,80.21266937,55565,55575,10
12.94836998,80.21130371,55575,55585,10
12.94832993,80.21024323,55585,55595,10
12.94836044,80.20970154,55595,55606,11
12.94849014,80.208992,55606,55616,10
12.94851017,80.20883179,55616,55626,10
12.94853973,80.20871735,55626,55636,10
12.94855976,80.20831299,55636,55646,10
12.94861031,80.20752716,55646,55656,10
12.94867039,80.2065506,55656,55666,10
12.94867992,80.20540619,55666,55676,10
12.94865036,80.20417786,55676,55686,10
12.94863033,80.20320129,55686,55696,10
12.94857979,80.20168304,55696,55705,9
12.9485302,80.20050812,55705,55716,11
12.94847965,80.19931793,55716,55727,11
12.9484396,80.1988678,55727,55737,10
12.9484396,80.19857788,55737,55747,10
12.94843006,80.19796753,55747,55757,10
12.94845009,80.19716644,55757,55767,10
12.94847012,80.19629669,55767,55777,10
12.9484396,80.1955719,55777,55787,10
12.9484396,80.19554901,55787,55797,10
12.9484396,80.19547272,55797,55807,10
12.9484396,80.19503784,55807,55818,11
12.94845009,80.19418335,55818,55828,10
12.94847965,80.19319916,55828,55838,10
12.94851971,80.19206238,55838,55848,10
12.94857979,80.19084167,55848,55858,10
12.94867039,80.18959808,55858,55868,10
12.9487896,80.18836212,55868,55877,9
12.9488802,80.18731689,55877,55888,11
12.9489603,80.18618011,55888,55898,10
12.94892979,80.18534851,55898,55918,20
12.94892979,80.18534851,55918,55929,11
12.94894028,80.18525696,55929,55939,10
12.94898987,80.18479156,55939,55949,10
12.94908047,80.18406677,55949,55959,10
12.94911003,80.18379974,55959,55969,10
12.9491396,80.18370056,55969,55979,10
12.9492197,80.1831665,55979,55989,10
12.94935036,80.18253326,55989,55999,10
12.94956017,80.18138123,55999,56009,10
12.94972038,80.18041992,56009,56019,10
12.94995022,80.1792984,56019,56030,11
12.95032024,80.17790222,56030,56040,10
12.95067978,80.17656708,56040,56050,10
12.95098019,80.17526245,56050,56060,10
12.95121956,80.17405701,56060,56070,10
12.95149994,80.17279816,56070,56080,10
12.95174026,80.17146301,56080,56090,10
12.95195961,80.17018127,56090,56100,10
12.95215034,80.16905212,56100,56110,10
12.95242023,80.16782379,56110,56120,10
12.95277977,80.16649628,56120,56131,11
12.95308971,80.16512299,56131,56142,11
12.95341969,80.16358948,56142,56152,10
12.95372009,80.16203308,56152,56162,10
12.95403957,80.1606369,56162,56172,10
12.95433998,80.15911102,56172,56192,20
12.95433998,80.15911102,56192,56202,10
12.9544096,80.15875244,56202,56212,10
12.95454025,80.15809631,56212,56222,10
12.95475006,80.15721893,56222,56232,10
12.9549799,80.15615845,56232,56243,11
12.95526028,80.15483856,56243,56253,10
12.95555973,80.15357971,56253,56263,10
12.95594978,80.15252686,56263,56273,10
12.95666027,80.15171051,56273,56283,10
12.95750999,80.15100098,56283,56293,10
12.95821953,80.1504364,56293,56303,10
12.95872021,80.14998627,56303,56313,10
12.95882988,80.1499176,56313,56323,10
12.9592104,80.14962769,56323,56333,10
12.95956039,80.14897156,56333,56343,10
12.95973969,80.14813232,56343,56354,11
12.95993996,80.14717102,56354,56364,10
12.96012974,80.1462326,56364,56374,10
12.96024036,80.14556122,56374,56384,10
12.96006012,80.14531708,56384,56394,10
12.9594202,80.14498138,56394,56404,10
12.9586401,80.14457703,56404,56414,10
12.95808983,80.1442337,56414,56424,10
12.9571104,80.14367676,56424,56434,10
12.95613956,80.14318085,56434,56444,10
12.95520973,80.14267731,56444,56455,11
12.95423985,80.14217377,56455,56465,10
12.95374966,80.14189911,56465,56475,10
12.9533596,80.14169312,56475,56485,10
12.95308018,80.14154053,56485,56495,10
12.95306015,80.1415329,56495,56505,10
12.9528904,80.14144897,56505,56515,10
12.95250034,80.14118195,56515,56525,10
12.95182991,80.14067841,56525,56545,20
12.95182991,80.14067841,56545,56556,11
12.95180035,80.14067078,56556,56566,10
12.95149994,80.14041138,56566,56576,10
12.95110035,80.14008331,56576,56586,10
12.95069027,80.1397934,56586,56596,10
12.95063019,80.13973999,56596,56606,10
12.95044041,80.13957977,56606,56616,10
12.94999981,80.13921356,56616,56626,10
12.94937992,80.13870239,56626,56636,10
12.94865036,80.13807678,56636,56646,10
12.94781971,80.13748932,56646,56656,10
12.94698048,80.13686371,56656,56667,11
12.94591045,80.13603973,56667,56677,10
12.94489002,80.13526154,56677,56687,10
12.94402981,80.13459778,56687,56697,10
12.94353008,80.13419342,56697,56707,10
12.94301987,80.13369751,56707,56717,10
12.94260979,80.13327026,56717,56727,10
12.94229984,80.13294983,56727,56737,10
12.94178009,80.1324234,56737,56747,10
12.94110012,80.13169861,56747,56757,10
12.94027996,80.130867,56757,56768,11
12.93925953,80.12992859,56768,56778,10
12.93844986,80.12921906,56778,56788,10
12.9375,80.12844086,56788,56838,50
12.9375,80.12844086,56838,56848,10
12.93729973,80.12827301,56848,56858,10
12.93686008,80.12789917,56858,56868,10
12.93669987,80.12773895,56868,56879,11
12.9363699,80.12743378,56879,56889,10
12.93574047,80.12687683,56889,56899,10
12.93500042,80.12619781,56899,56909,10
12.93418026,80.12541962,56909,56919,10
12.93332005,80.1245575,56919,56929,10
12.93247032,80.123703,56929,56939,10
12.93185997,80.12317657,56939,56959,20
12.93185997,80.12317657,56959,56969,10
12.93159962,80.12290955,56969,56980,11
12.93128014,80.12255859,56980,56990,10
12.93074989,80.12200928,56990,57000,10
12.93006992,80.12135315,57000,57010,10
12.92934036,80.12059021,57010,57020,10
12.92856026,80.11978149,57020,57030,10
12.92774963,80.11898041,57030,57040,10
12.92712975,80.11837769,57040,57050,10
12.92675018,80.11798859,57050,57060,10
12.92640018,80.11766052,57060,57080,20
12.92640018,80.11766052,57080,57091,11
12.92636013,80.11762238,57091,57101,10
12.92613029,80.11740112,57101,57111,10
12.92572021,80.11711884,57111,57121,10
12.92527962,80.11666107,57121,57131,10
12.92479038,80.11615753,57131,57141,10
12.92440033,80.1157608,57141,57151,10
12.92422962,80.11560059,57151,57161,10
12.9239502,80.11531067,57161,57171,10
12.92391014,80.11504364,57171,57181,10
12.92413998,80.11501312,57181,57192,11
12.92450047,80.11537933,57192,57202,10
12.92500019,80.11592102,57202,57212,10
12.92556,80.11649323,57212,57222,10
12.92603016,80.11704254,57222,57232,10
12.92621994,80.1173172,57232,57242,10
12.92625046,80.11737061,57242,57252,10
12.92652988,80.11766052,57252,57293,41
12.92652988,80.11766052,57293,57303,10
12.9266901,80.11779785,57303,57313,10
12.92687988,80.11791229,57313,57404,91
12.92716026,80.1181488,57404,57606,202
12.92716026,80.1181488,57606,57616,10
12.92733002,80.11844635,57616,57626,10
12.92747021,80.11862183,57626,57636,10
12.92784023,80.11901855,57636,57646,10
12.92823982,80.11943054,57646,57656,10
12.92852974,80.11972046,57656,57666,10
12.92883968,80.12001801,57666,57676,10
12.92901039,80.12014008,57676,57686,10
12.92912006,80.12023926,57686,57696,10
12.92936039,80.12046051,57696,57868,172
12.92936039,80.12046051,57868,57878,10
12.92945004,80.12062073,57878,57888,10
12.92959976,80.12078857,57888,57898,10
12.92980003,80.12094879,57898,57908,10
12.93008995,80.12127686,57908,57919,11
12.93064022,80.12181854,57919,57929,10
12.93118954,80.12238312,57929,57939,10
12.93150997,80.12267303,57939,57959,20
12.93150997,80.12267303,57959,57969,10
12.93155956,80.12268829,57969,57979,10
12.93175983,80.12290955,57979,57989,10
12.93220043,80.12336731,57989,57999,10
12.93268013,80.12387848,57999,58009,10
12.93323994,80.12445068,58009,58019,10
12.93389988,80.12512207,58019,58030,11
12.93470001,80.12587738,58030,58040,10
12.93574047,80.12671661,58040,58080,40
12.93574047,80.12671661,58080,58090,10
12.9357996,80.12679291,58090,58100,10
12.93607044,80.12703705,58100,58110,10
12.93640995,80.12732697,58110,58120,10
12.93675995,80.12757111,58120,58141,21
12.93675995,80.12757111,58141,58151,10
12.93710041,80.12789917,58151,58161,10
12.93770027,80.12841034,58161,58171,10
12.9384203,80.12908173,58171,58181,10
12.93931007,80.12985992,58181,58191,10
12.94007015,80.13056946,58191,58201,10
12.94118977,80.13172913,58201,58211,10
12.94206047,80.13262177,58211,58221,10
12.94287014,80.13349915,58221,58232,11
12.94365025,80.13426208,58232,58242,10
12.94402027,80.13456726,58242,58252,10
12.94431019,80.13478088,58252,58262,10
12.94487,80.13523102,58262,58272,10
12.94561958,80.13581848,58272,58282,10
12.9464798,80.13648224,58282,58292,10
12.94719028,80.13699341,58292,58302,10
12.9480896,80.13761902,58302,58312,10
12.94874954,80.13809967,58312,58322,10
12.94950962,80.13868713,58322,58332,10
12.95028973,80.13928223,58332,58343,11
12.95086956,80.13964844,58343,58383,40
12.95086956,80.13964844,58383,58393,10
12.95096016,80.1397171,58393,58403,10
12.95116043,80.13986206,58403,58413,10
12.95118999,80.13987732,58413,58423,10
12.95129967,80.13996124,58423,58433,10
12.95147991,80.1401062,58433,58444,11
12.95182991,80.14037323,58444,58454,10
12.95238018,80.14093781,58454,58474,20
12.95238018,80.14093781,58474,58484,10
12.95265007,80.1411438,58484,58494,10
12.95316029,80.14147949,58494,58504,10
12.95392036,80.14189148,58504,58514,10
12.95477009,80.14234161,58514,58524,10
12.95567989,80.14282227,58524,58534,10
12.95648956,80.14328003,58534,58544,10
12.95765972,80.14386749,58544,58555,11
12.95868969,80.1443634,58555,58565,10
12.95960045,80.14483643,58565,58575,10
12.96033001,80.1452179,58575,58585,10
12.96055984,80.14553833,58585,58595,10
12.96026039,80.14611816,58595,58605,10
12.96008015,80.1470108,58605,58615,10
12.95985985,80.1480484,58615,58625,10
12.95960045,80.14917755,58625,58635,10
12.95905018,80.1500473,58635,58645,10
12.95858955,80.15042877,58645,58656,11
12.95837975,80.15058136,58656,58666,10
12.95783043,80.15100098,58666,58676,10
12.95705032,80.15161133,58676,58686,10
12.95615959,80.15245056,58686,58696,10
12.95561028,80.15370178,58696,58706,10
12.95526981,80.15512085,58706,58716,10
12.95495987,80.15659332,58716,58726,10
12.95468998,80.15789795,58726,58736,10
12.95448017,80.15901947,58736,58746,10
12.95438004,80.15960693,58746,58757,11
12.95425034,80.16014862,58757,58767,10
12.9540596,80.16101837,58767,58777,10
12.95382023,80.16213989,58777,58787,10
12.95355034,80.16345978,58787,58797,10
12.95324039,80.16490173,58797,58807,10
12.95293045,80.1663208,58807,58817,10
12.95263958,80.16741943,58817,58827,10
12.95236969,80.16845703,58827,58837,10
12.95217037,80.1696167,58837,58847,10
12.95197964,80.17073059,58847,58857,10
12.95178032,80.17189026,58857,58868,11
12.95149994,80.17336273,58868,58878,10
12.95123005,80.17459869,58878,58888,10
12.95094013,80.17591095,58888,58898,10
12.95065022,80.17710876,58898,58908,10
12.9503603,80.17823792,58908,58918,10
12.95003986,80.17949677,58918,58928,10
12.94983959,80.18058777,58928,58938,10
12.94966984,80.18148041,58938,58948,10
12.94950962,80.18231964,58948,58958,10
12.94933987,80.18327332,58958,58969,11
12.94927979,80.18395233,58969,58979,10
12.94925976,80.184021,58979,58989,10
12.94923019,80.18424225,58989,58999,10
12.94921017,80.18466187,58999,59009,10
12.94921017,80.18512726,59009,59059,50
12.94921017,80.18512726,59059,59069,10
12.94923973,80.18520355,59069,59080,11
12.94919968,80.18560791,59080,59090,10
12.9491396,80.18636322,59090,59100,10
12.94906044,80.1872406,59100,59110,10
12.94896984,80.1881485,59110,59120,10
12.94890976,80.18888092,59120,59130,10
12.94886971,80.18921661,59130,59140,10
12.94882965,80.18965149,59140,59150,10
12.94878006,80.19033813,59150,59160,10
12.94867039,80.19139862,59160,59170,10
12.94861031,80.19261932,59170,59181,11
12.94859028,80.19381714,59181,59191,10
12.94857025,80.19499969,59191,59201,10
12.94861031,80.19567871,59201,59211,10
12.94859982,80.19574738,59211,59221,10
12.94857979,80.19622803,59221,59231,10
12.94853973,80.19709015,59231,59241,10
12.94851971,80.19805908,59241,59251,10
12.94855976,80.19902039,59251,59261,10
12.94857025,80.20001221,59261,59271,10
12.94861031,80.2011795,59271,59281,10
12.94867039,80.20237732,59281,59292,11
12.94871044,80.20349884,59292,59302,10
12.94873047,80.20461273,59302,59312,10
12.94876003,80.20588684,59312,59322,10
12.94871998,80.20706177,59322,59332,10
12.94863987,80.20822144,59332,59342,10
12.94859028,80.20915985,59342,59352,10
12.94857979,80.20935822,59352,59362,10
12.94855022,80.20973969,59362,59372,10
12.94855976,80.20993042,59372,59382,10
12.94853973,80.21034241,59382,59393,11
12.94847965,80.21118164,59393,59403,10
12.94847965,80.21219635,59403,59413,10
12.94855022,80.21328735,59413,59422,9
12.9486599,80.21456909,59422,59433,11
12.9487896,80.21608734,59433,59443,10
12.94894028,80.21753693,59443,59453,10
12.94908047,80.21903992,59453,59463,10
12.94923973,80.22058105,59463,59473,10
12.94939041,80.2220993,59473,59483,10
12.94944954,80.22348022,59483,59493,10
12.94952965,80.22519684,59493,59504,11
12.94962025,80.22695923,59504,59514,10
12.94970989,80.22857666,59514,59524,10
12.94981003,80.23021698,59524,59534,10
12.94993019,80.23175812,59534,59544,10
12.95003986,80.23287964,59544,59554,10
12.95005035,80.233078,59554,59564,10
12.95005989,80.23329926,59564,59574,10
12.95005989,80.23390961,59574,59584,10
12.95003033,80.23473358,59584,59594,10
12.9499197,80.23586273,59594,59625,31
12.9499197,80.23586273,59625,59635,10
12.9499197,80.23594666,59635,59645,10
12.94983959,80.23644257,59645,59655,10
12.94970036,80.23721313,59655,59665,10
12.94960022,80.23796082,59665,59675,10
12.94946003,80.23866272,59675,59685,10
12.94927979,80.23951721,59685,59695,10
12.94911957,80.24037933,59695,59706,11
12.94909954,80.24049377,59706,59716,10
12.94917965,80.24078369,59716,59726,10
12.94964981,80.24099731,59726,59736,10
12.95038033,80.24120331,59736,59746,10
12.95102024,80.24136353,59746,59756,10
12.95116043,80.24143219,59756,59766,10
12.95156002,80.24157715,59766,59776,10
12.95221996,80.24181366,59776,59786,10
12.95302963,80.24211884,59786,59796,10
12.95388031,80.24243164,59796,59805,9
12.95468044,80.24273682,59805,59817,12
12.95551968,80.24305725,59817,59827,10
12.9563303,80.24333954,59827,59867,40
12.9563303,80.24333954,59867,59877,10
12.95678043,80.2435379,59877,59887,10
12.95769978,80.24395752,59887,59897,10
12.95845985,80.24424744,59897,59907,10
12.95890045,80.24443054,59907,59918,11
12.95890999,80.24443817,59918,59928,10
12.95909977,80.24456024,59928,59938,10
12.95960045,80.24479675,59938,59948,10
12.9603796,80.24516296,59948,59958,10
12.96133041,80.24559021,59958,59968,10
12.96232033,80.24607086,59968,59978,10
12.96306038,80.24643707,59978,59988,10
12.96354008,80.24668121,59988,59998,10
12.96383953,80.24681854,59998,60008,10
12.96409988,80.24691772,60008,60018,10
12.96450996,80.24707031,60018,60029,11
12.96512032,80.24726105,60029,60039,10
12.9659996,80.24758148,60039,60049,10
12.96671963,80.24787903,60049,60059,10
12.9669199,80.24797821,60059,60069,10
12.96706009,80.24807739,60069,60079,10
12.9676199,80.24835968,60079,60089,10
12.96846962,80.248703,60089,60099,10
12.96947002,80.24912262,60099,60109,10
12.97056961,80.2495575,60109,60119,10
12.97177982,80.24990845,60119,60130,11
12.97321033,80.25028229,60130,60140,10
12.97455978,80.25064087,60140,60150,10
12.97595024,80.2510376,60150,60160,10
12.9772501,80.25145721,60160,60170,10
12.97821999,80.25213623,60170,60180,10
12.97854042,80.25234985,60180,60190,10
12.97865009,80.25243378,60190,60200,10
12.97904015,80.25257874,60200,60210,10
12.97951984,80.25263977,60210,60220,10
12.97986984,80.25267792,60220,60230,10
12.98048019,80.25270081,60230,60241,11
12.98145962,80.25266266,60241,60251,10
12.98258018,80.25258636,60251,60261,10
12.98377991,80.25241089,60261,60271,10
12.98482037,80.25216675,60271,60281,10
12.98558998,80.25196075,60281,60291,10
12.98630047,80.25180054,60291,60301,10
12.98666954,80.25170135,60301,60392,91
12.98666954,80.25170135,60392,60402,10
12.98690033,80.25157928,60402,60412,10
12.98713017,80.25151825,60412,60422,10
12.98750019,80.25141907,60422,60432,10
12.98777962,80.25141907,60432,60443,11
12.98797035,80.25177002,60443,60453,10
12.98803997,80.25240326,60453,60463,10
12.98795986,80.25325012,60463,60473,10
12.98789024,80.25421906,60473,60493,20
12.98789024,80.25421906,60493,60503,10
12.98787975,80.25449371,60503,60513,10
12.98783016,80.25498962,60513,60523,10
12.98777962,80.25546265,60523,60533,10
12.98764992,80.25621796,60533,60554,21
12.98764992,80.25621796,60554,60564,10
12.98760033,80.2564621,60564,60574,10
12.98756981,80.25679779,60574,60584,10
12.98756027,80.2571106,60584,60594,10
12.98752022,80.25775146,60594,60604,10
12.98746014,80.25847626,60604,60614,10
12.98740959,80.25911713,60614,60624,10
12.98729038,80.25946808,60624,60675,51
12.98729038,80.25946808,60675,60685,10
12.98692036,80.25964355,60685,60695,10
12.98670959,80.25959778,60695,60725,30
12.98670959,80.25959778,60725,60735,10
12.98666954,80.2594223,60735,61069,334
12.98682022,80.25913239,61069,62381,1312
12.98719978,80.25914001,62381,62401,20
12.98719978,80.25914001,62401,62411,10
12.98736954,80.25904846,62411,62421,10
12.98736954,80.25891876,62421,62432,11
12.98738003,80.25859833,62432,62452,20
12.98738003,80.25859833,62452,62462,10
12.98742008,80.25836945,62462,62472,10
12.98744011,80.25814819,62472,62482,10
12.98746014,80.25782013,62482,62492,10
12.98748016,80.25730896,62492,62502,10
12.98750019,80.2569809,62502,62543,41
12.98750019,80.2569809,62543,62553,10
12.98756027,80.25672913,62553,62714,161
12.98756027,80.25672913,62714,62724,10
12.98764038,80.25666809,62724,62734,10
12.98762035,80.25646973,62734,62745,11
12.98760986,80.25617981,62745,62755,10
12.98760986,80.25585938,62755,62765,10
12.98771954,80.25547028,62765,62775,10
12.98773003,80.25492859,62775,62785,10
12.98773003,80.25488281,62785,62795,10
12.98773956,80.25476837,62795,62805,10
12.98779964,80.25427246,62805,62815,10
12.98785973,80.25343323,62815,62825,10
12.98791981,80.2525177,62825,62835,10
12.98787975,80.25209045,62835,62936,101
12.98787975,80.25209045,62936,62946,10
12.98752975,80.2515564,62946,62967,21
12.98752975,80.2515564,62967,62977,10
12.98717976,80.25158691,62977,62987,10
12.98661995,80.25170135,62987,62997,10
12.98583031,80.25189209,62997,63007,10
12.98490047,80.25213623,63007,63017,10
12.98390007,80.25241852,63017,63027,10
12.98283005,80.25263214,63027,63037,10
12.98167992,80.25267029,63037,63047,10
12.98062038,80.25270844,63047,63058,11
12.9796896,80.25272369,63058,63068,10
12.9789896,80.25267792,63068,63078,10
12.97858047,80.25258636,63078,63088,10
12.97856998,80.25257874,63088,63098,10
12.97830009,80.25240326,63098,63108,10
12.97774982,80.25193024,63108,63118,10
12.97692013,80.25138092,63118,63128,10
12.97585011,80.25102234,63128,63138,10
12.97472954,80.25067902,63138,63148,10
12.9735899,80.25035858,63148,63158,10
12.97237968,80.25005341,63158,63169,11
12.97105026,80.24967957,63169,63179,10
12.96984959,80.24925995,63179,63189,10
12.96864986,80.2487793,63189,63199,10
12.96772003,80.24841309,63199,63209,10
12.96700001,80.24803925,63209,63219,10
12.96613979,80.24768066,63219,63229,10
12.96506023,80.24733734,63229,63249,20
12.96506023,80.24733734,63249,63259,10
12.96477985,80.24723816,63259,63270,11
12.96455002,80.24713898,63270,63280,10
12.96411991,80.24697113,63280,63290,10
12.96370983,80.24681854,63290,63300,10
12.96319962,80.24658966,63300,63310,10
12.96243954,80.24622345,63310,63320,10
12.96156025,80.24578857,63320,63330,10
12.96061993,80.2453537,63330,63340,10
12.95936012,80.24482727,63340,63371,31
12.95936012,80.24482727,63371,63381,10
12.95919991,80.24472046,63381,63391,10
12.95866013,80.24446869,63391,63401,10
12.95796967,80.2441864,63401,63411,10
12.95730972,80.24394989,63411,63421,10
12.95646,80.2436676,63421,63461,40
12.95646,80.2436676,63461,63471,10
12.95594978,80.24346924,63471,63482,11
12.95526028,80.24310303,63482,63492,10
12.9545002,80.2427597,63492,63502,10
12.95372009,80.24246216,63502,63512,10
12.95287037,80.24211121,63512,63522,10
12.9520998,80.24182892,63522,63532,10
12.95172024,80.24169159,63532,63542,10
12.95170021,80.24169159,63542,63552,10
12.95162964,80.24166107,63552,63562,10
12.95131969,80.241539,63562,63572,10
12.95067978,80.24130249,63572,63583,11
12.94978046,80.2410202,63583,63593,10
12.94923973,80.24082947,63593,63653,60
12.94923973,80.24082947,63653,63663,10
12.94911003,80.24078369,63663,63673,10
12.94890022,80.24051666,63673,63683,10
12.94915962,80.23937988,63683,63704,21
12.94915962,80.23937988,63704,63714,10
12.94923973,80.23918915,63714,63724,10
12.94937992,80.23858643,63724,63734,10
12.94950008,80.23789215,63734,63744,10
12.94960976,80.23716736,63744,63754,10
12.94970036,80.23636627,63754,63764,10
12.94976044,80.23593903,63764,63784,20
12.94976044,80.23593903,63784,63795,11
12.94981956,80.23554993,63795,63805,10
12.94993973,80.2348938,63805,63815,10
12.94999981,80.23419952,63815,63825,10
12.94999981,80.2338028,63825,63835,10
12.94999981,80.23374939,63835,63845,10
12.94997978,80.23329163,63845,63855,10
12.94993019,80.23243713,63855,63865,10
12.94983959,80.2313385,63865,63875,10
12.94976044,80.23007202,63875,63885,10
12.94968033,80.22866058,63885,63896,11
12.94958973,80.22698212,63896,63906,10
12.94952011,80.22537231,63906,63916,10
12.94944,80.22370148,63916,63926,10
12.94935036,80.22206116,63926,63936,10
12.94923019,80.22061157,63936,63946,10
12.94909954,80.21922302,63946,63956,10
12.94894028,80.21772003,63956,63966,10
12.94878006,80.21616364,63966,63976,10
12.94863033,80.21469116,63976,63986,10
12.94851971,80.21340942,63986,63996,10
12.94841957,80.21208954,63996,64007,11
12.94836044,80.21074677,64007,64017,10
12.94834995,80.20974731,64017,64027,10
12.94843006,80.20890045,64027,64047,20
12.94843006,80.20890045,64047,64057,10
12.94849968,80.20851135,64057,64066,9
12.94855022,80.20777893,64066,64077,11
12.9486599,80.20671082,64077,64087,10
12.94867992,80.20558167,64087,64097,10
12.9486599,80.20430756,64097,64108,11
12.94861984,80.20301056,64108,64118,10
12.94857979,80.20178223,64118,64128,10
12.9485302,80.20040894,64128,64138,10
12.94847965,80.19920349,64138,64148,10
12.94843006,80.19873047,64148,64158,10
12.94843006,80.19860077,64158,64168,10
12.9484396,80.19850159,64168,64178,10
12.9484396,80.19802094,64178,64188,10
12.94845963,80.19725037,64188,64198,10
12.94847012,80.19625854,64198,64208,10
12.94845963,80.19555664,64208,64219,11
12.94845963,80.19551086,64219,64229,10
12.94847965,80.19515991,64229,64239,10
12.94849014,80.19451141,64239,64249,10
12.94849968,80.19367981,64249,64259,10
12.94853973,80.19273376,64259,64269,10
12.94857979,80.19161987,64269,64279,10
12.94865036,80.19039154,64279,64289,10
12.94876003,80.18920135,64289,64298,9
12.94884014,80.18823242,64298,64309,11
12.94892979,80.1871109,64309,64320,11
12.94898987,80.18602753,64320,64330,10
12.9489603,80.18538666,64330,64380,50
12.9489603,80.18538666,64380,64390,10
12.94898987,80.18524933,64390,64400,10
12.94906044,80.18470764,64400,64410,10
12.94915962,80.18382263,64410,64431,21
12.94915962,80.18382263,64431,64441,10
12.94923019,80.18348694,64441,64451,10
12.94933987,80.18287659,64451,64461,10
12.94948006,80.18209839,64461,64471,10
12.94958019,80.18157959,64471,64481,10
12.94964027,80.18125153,64481,64491,10
12.94974995,80.18074799,64491,64501,10
12.94989014,80.18000031,64501,64511,10
12.95009995,80.17906189,64511,64521,10
12.95040035,80.17793274,64521,64532,11
12.95073032,80.17669678,64532,64542,10
12.95100021,80.17552185,64542,64552,10
12.95116997,80.17456055,64552,64562,10
12.95123959,80.17418671,64562,64572,10
12.9512701,80.17404175,64572,64582,10
12.95139027,80.17353058,64582,64592,10
12.95153999,80.17275238,64592,64602,10
12.95170021,80.17185974,64602,64612,10
12.95178032,80.17134857,64612,64622,10
12.95178032,80.1713028,64622,64632,10
12.95184994,80.17086792,64632,64643,11
12.95197964,80.17015839,64643,64653,10
12.95215988,80.16925812,64653,64663,10
12.95236969,80.16822052,64663,64673,10
12.95267963,80.16706848,64673,64683,10
12.95298958,80.16581726,64683,64693,10
12.95328045,80.16448212,64693,64703,10
12.95359039,80.16307831,64703,64713,10
12.95388985,80.16163635,64713,64723,10
12.95417023,80.16029358,64723,64733,10
12.95438004,80.1591568,64733,64744,11
12.9545002,80.15850067,64744,64754,10
12.9545002,80.15847778,64754,64764,10
12.95450974,80.15844727,64764,64774,10
12.95460033,80.15808868,64774,64784,10
12.95477009,80.15744019,64784,64794,10
12.95495033,80.15657806,64794,64804,10
12.95516968,80.1555481,64804,64814,10
12.95541954,80.1543808,64814,64824,10
12.95576,80.15312958,64824,64834,10
12.95643997,80.15200043,64834,64845,11
12.95740986,80.15119171,64845,64855,10
12.95814037,80.15058899,64855,64865,10
12.95870018,80.15010071,64865,64875,10
12.95880985,80.15001678,64875,64885,10
12.95895004,80.14993286,64885,64895,10
12.95936012,80.14955139,64895,64905,10
12.95960045,80.14884186,64905,64915,10
12.9597702,80.14804077,64915,64925,10
12.95995998,80.1472168,64925,64935,10
12.96014023,80.1463623,64935,64945,10
12.96028042,80.14563751,64945,64956,11
12.96022987,80.14533997,64956,64966,10
12.96055984,80.14524078,64966,64976,10
12.96113968,80.14559937,64976,64986,10
12.9619503,80.14604187,64986,64996,10
12.96286964,80.14653778,64996,65006,10
12.96368027,80.14704895,65006,65016,10
12.96422005,80.14740753,65016,65026,10
12.96508026,80.14792633,65026,65036,10
12.96586037,80.14836121,65036,65046,10
12.96656036,80.14871216,65046,65057,11
12.96704006,80.14891815,65057,65067,10
12.96722031,80.1490097,65067,65077,10
12.96753025,80.14917755,65077,65087,10
12.96788979,80.14936829,65087,65097,10
12.96825981,80.14952087,65097,65147,50
12.96825981,80.14952087,65147,65157,10
12.96833992,80.14958191,65157,65168,11
12.96860027,80.14968872,65168,65178,10
12.96883965,80.14980316,65178,65531,353
12.96883965,80.14980316,65531,65541,10
12.96928024,80.15000153,65541,65551,10
12.96963978,80.15019989,65551,65561,10
12.96990967,80.15035248,65561,65571,10
12.97047043,80.15062714,65571,65582,11
12.97120953,80.15097046,65582,65592,10
12.9715004,80.15107727,65592,65602,10
12.97173977,80.15120697,65602,65612,10
12.97224045,80.1515274,65612,65622,10
12.97268009,80.15207672,65622,65632,10
12.97305965,80.15261841,65632,65642,10
12.97334957,80.1530304,65642,65662,20
12.97334957,80.1530304,65662,65672,10
12.97319984,80.15312958,65672,65682,10
12.97296047,80.15271759,65682,65693,11
12.97251987,80.15203857,65693,65703,10
12.97198963,80.15142059,65703,65713,10
12.97124004,80.15099335,65713,65723,10
12.97043037,80.15061951,65723,65733,10
12.96982956,80.15036011,65733,65743,10
12.96936989,80.15019226,65743,65783,40
12.96936989,80.15019226,65783,65794,11
12.96922016,80.15010071,65794,65804,10
12.9688797,80.14994049,65804,65814,10
12.96835995,80.14969635,65814,65824,10
12.96794033,80.14949036,65824,65834,10
12.96751022,80.14929199,65834,65844,10
12.96700001,80.14904022,65844,65854,10
12.96648026,80.14878845,65854,65864,10
12.96592045,80.14848328,65864,65874,10
12.96523952,80.14813995,65874,65884,10
12.96452045,80.14774323,65884,65895,11
12.96362019,80.14727783,65895,65905,10
12.96290016,80.14694977,65905,65915,10
12.96214962,80.14653015,65915,65925,10
12.96137047,80.14611053,65925,65935,10
12.96061039,80.14572144,65935,65945,10
12.96020985,80.14579773,65945,65955,10
12.96008968,80.14636993,65955,65965,10
12.95987988,80.14743805,65965,65975,10
12.95969009,80.14840698,65975,65985,10
12.95946026,80.14942169,65985,65995,10
12.95882988,80.15016174,65995,66006,11
12.95860004,80.15036011,66006,66016,10
12.95847034,80.15045929,66016,66026,10
12.95802021,80.15081024,66026,66036,10
12.95736027,80.15132904,66036,66046,10
12.95654011,80.15200043,66046,66056,10
12.95584011,80.15296173,66056,66066,10
12.95545006,80.15422058,66066,66076,10
12.95516014,80.15558624,66076,66086,10
12.95487022,80.15695953,66086,66096,10
12.95464039,80.1581192,66096,66107,11
12.95452976,80.15876007,66107,66117,10
12.95444012,80.15920258,66117,66127,10
12.95438957,80.15952301,66127,66137,10
12.95436001,80.15965271,66137,66147,10
12.95421028,80.16027069,66147,66157,10
12.95400047,80.16121674,66157,66167,10
12.95374966,80.16239929,66167,66177,10
12.95345974,80.16374207,66177,66187,10
12.95316029,80.16509247,66187,66197,10
12.95283985,80.16651154,66197,66207,10
12.95248985,80.16784668,66207,66218,11
12.95219994,80.16912842,66218,66228,10
12.95203972,80.17031097,66228,66238,10
12.95199013,80.17069244,66238,66248,10
12.95195007,80.17089844,66248,66258,10
12.95182991,80.17153168,66258,66267,9
12.95166016,80.17243958,66267,66278,11
12.95145035,80.17350769,66278,66288,10
12.95127964,80.17442322,66288,66298,10
12.95123005,80.17472839,66298,66308,10
12.95116043,80.17500305,66308,66319,11
12.95098972,80.17575073,66319,66329,10
12.95079994,80.17662048,66329,66339,10
12.95053005,80.17759705,66339,66349,10
12.95024014,80.17868042,66349,66359,10
12.94995975,80.17989349,66359,66369,10
12.94976997,80.18093872,66369,66379,10
12.94956017,80.18197632,66379,66389,10
12.94937992,80.18299103,66389,66399,10
12.94929981,80.1837616,66399,66409,10
12.94929028,80.18395996,66409,66419,10
12.94927979,80.18399811,66419,66430,11
12.94923973,80.1843338,66430,66440,10
12.94923019,80.1847229,66440,66450,10
12.94921017,80.18512726,66450,66510,60
12.94921017,80.18512726,66510,66520,10
12.94921017,80.18544769,66520,66531,11
12.94915009,80.18617249,66531,66541,10
12.94908047,80.18695831,66541,66552,11
12.94900036,80.18771362,66552,66562,10
12.94892025,80.18852234,66562,66572,10
12.94886017,80.18929291,66572,66581,9
12.94874001,80.19043732,66581,66592,11
12.9486599,80.19164276,66592,66602,10
12.94861031,80.19291687,66602,66612,10
12.94857979,80.19412231,66612,66622,10
12.94857979,80.1951828,66622,66632,10
12.94859028,80.1957016,66632,66643,11
12.94857979,80.19582367,66643,66653,10
12.94855022,80.19616699,66653,66663,10
12.94853973,80.19680023,66663,66673,10
12.94853973,80.19773102,66673,66683,10
12.94853973,80.19863892,66683,66693,10
12.94857979,80.19946289,66693,66713,20
12.94857979,80.19946289,66713,66723,10
12.94859028,80.19957733,66723,66733,10
12.94861031,80.20010376,66733,66744,11
12.94865036,80.20098877,66744,66754,10
12.94867992,80.20192719,66754,66764,10
12.94869995,80.20281982,66764,66774,10
12.94871044,80.2035675,66774,66784,10
12.94873047,80.204422,66784,66794,10
12.94874954,80.20536041,66794,66804,10
12.94874001,80.20632935,66804,66814,10
12.94869995,80.20723724,66814,66823,9
12.94863987,80.20818329,66823,66834,11
12.94859028,80.20921326,66834,66855,21
12.94859028,80.20921326,66855,66865,10
12.94855022,80.2093277,66865,66875,10
12.94855022,80.20982361,66875,66885,10
12.94849014,80.21022034,66885,66895,10
12.94845963,80.21090698,66895,66905,10
12.94845963,80.21186066,66905,66915,10
12.94849968,80.21278381,66915,66925,10
12.94863033,80.21425629,66925,66935,10
12.94876003,80.21555328,66935,66945,10
12.94890022,80.21687317,66945,66956,11
12.94904041,80.21833801,66956,66966,10
12.94917965,80.21968842,66966,66976,10
12.94931984,80.22104645,66976,66986,10
12.94941044,80.22231293,66986,66996,10
12.94946957,80.22332764,66996,67006,10
12.94954014,80.22493744,67006,67016,10
12.94960976,80.2263031,67016,67026,10
12.94968033,80.22766113,67026,67036,10
12.94974995,80.22885895,67036,67046,10
12.94981003,80.23001862,67046,67057,11
12.9499197,80.23140717,67057,67067,10
12.9500103,80.23253632,67067,67077,10
12.95007992,80.23313904,67077,67087,10
12.95007992,80.23322296,67087,67097,10
12.95009995,80.2336731,67097,67107,10
12.95009995,80.23436737,67107,67117,10
12.95003033,80.2350235,67117,67127,10
12.94997978,80.23551941,67127,67137,10
12.94993973,80.23581696,67137,67198,61
12.94993973,80.23581696,67198,67208,10
12.94991016,80.23603821,67208,67218,10
12.94979,80.2366333,67218,67228,10
12.9496603,80.23750305,67228,67238,10
12.94952965,80.23834991,67238,67248,10
12.94935989,80.2392807,67248,67258,10
12.94913006,80.24040222,67258,67279,21
12.94913006,80.24040222,67279,67289,10
12.94917011,80.2407074,67289,67299,10
12.94954014,80.24093628,67299,67309,10
12.95022011,80.2411499,67309,67319,10
12.95075989,80.2412796,67319,67329,10
12.95088005,80.24131012,67329,67339,10
12.95125961,80.24143982,67339,67349,10
12.95199013,80.24172211,67349,67359,10
12.95289993,80.2420578,67359,67369,10
12.95370007,80.24237061,67369,67380,11
12.95448017,80.24268341,67380,67390,10
12.95514011,80.24291992,67390,67400,10
12.95588017,80.24321747,67400,67410,10
12.95631027,80.24343109,67410,67420,10
12.95656013,80.24353027,67420,67430,10
12.9572401,80.24378204,67430,67440,10
12.95814991,80.24414063,67440,67450,10
12.95874023,80.24436188,67450,67460,10
12.95878029,80.24436951,67460,67470,10
12.95901966,80.24452209,67470,67481,11
12.95963001,80.24481201,67481,67491,10
12.96045017,80.24520111,67491,67501,10
12.96142006,80.24565887,67501,67511,10
12.96234989,80.2461319,67511,67521,10
12.96278,80.24629974,67521,67531,10
12.96284008,80.24633789,67531,67541,10
12.96317959,80.246521,67541,67551,10
12.96354008,80.24667358,67551,67561,10
12.96393967,80.24685669,67561,67571,10
12.96463966,80.24713135,67571,67582,11
12.96557999,80.24743652,67582,67592,10
12.96630001,80.24772644,67592,67602,10
12.96685028,80.24796295,67602,67612,10
12.96697998,80.2480011,67612,67622,10
12.96710014,80.24807739,67622,67632,10
12.96763992,80.24833679,67632,67642,10
12.96850014,80.24871063,67642,67652,10
12.96957016,80.24913788,67652,67662,10
12.97060013,80.24952698,67662,67672,10
12.9716301,80.24981689,67672,67682,10
12.97280979,80.25013733,67682,67693,11
12.97416019,80.25048828,67693,67703,10
12.97539997,80.25086212,67703,67713,10
12.97669029,80.25122833,67713,67723,10
12.97782993,80.25183868,67723,67733,10
12.97859001,80.25238037,67733,67743,10
12.9786396,80.25240326,67743,67753,10
12.97881985,80.25247955,67753,67763,10
12.97924995,80.25257874,67763,67773,10
12.97959042,80.25260925,67773,67794,21
12.97959042,80.25260925,67794,67804,10
12.97970963,80.25260925,67804,67814,10
12.98015022,80.25266266,67814,67824,10
12.98071003,80.25266266,67824,67834,10
12.98151016,80.2526474,67834,67844,10
12.98243046,80.25261688,67844,67854,10
12.98344994,80.25251007,67854,67864,10
12.98429012,80.25228119,67864,67874,10
12.98468971,80.25216675,67874,67884,10
12.98497009,80.25209045,67884,67894,10
12.98556042,80.25190735,67894,67905,11
12.98633957,80.25170898,67905,67915,10
12.98692989,80.25154877,67915,67925,10
12.98740959,80.25138855,67925,67935,10
12.98779964,80.25138092,67935,67945,10
12.98791027,80.25167084,67945,67955,10
12.98795986,80.25187683,67955,67965,10
12.98799992,80.25200653,67965,67975,10
12.98803043,80.25229645,67975,67985,10
12.98795986,80.2531662,67985,68006,21
12.98795986,80.2531662,68006,68016,10
12.98793983,80.25348663,68016,68026,10
12.98785973,80.25415039,68026,68036,10
12.98779964,80.25502014,68036,68177,141
12.98766041,80.25534058,68177,68218,41
12.98766041,80.25534058,68218,68228,10
12.98766041,80.25546265,68228,68238,10
12.98764992,80.25575256,68238,68248,10
12.98758984,80.25601196,68248,68258,10
12.98754978,80.25639343,68258,68268,10
12.98752022,80.25678253,68268,68278,10
12.98746014,80.25737,68278,68288,10
12.98740959,80.25807953,68288,68298,10
12.98738003,80.25852966,68298,68308,10
12.98731995,80.25904846,68308,68319,11
12.98717022,80.25959778,68319,68339,20
12.98717022,80.25959778,68339,68349,10
12.98700047,80.2596283,68349,68359,10
12.98682976,80.25959778,68359,68369,10
12.98655987,80.25953674,68369,68379,10
12.98649979,80.25920868,68379,68389,10
12.98678017,80.2590332,68389,68470,81
12.98711967,80.25904083,68470,68884,414
12.98711967,80.25904083,68884,68894,10
12.98733997,80.25892639,68894,68904,10
12.98736954,80.25827789,68904,68914,10
12.98740959,80.25744629,68914,68924,10
12.98748016,80.25656891,68924,68934,10
12.98746967,80.25601196,68934,68945,11
12.98760033,80.25563812,68945,68955,10
12.98768044,80.25499725,68955,68965,10
12.98768044,80.25480652,68965,68975,10
12.98770046,80.25440216,68975,68985,10
12.98773003,80.25382996,68985,68995,10
12.98779011,80.25314331,68995,69005,10
12.98779964,80.25260925,69005,69015,10
12.98781967,80.25244141,69015,69025,10
12.9878397,80.25218201,69025,69035,10
12.98777962,80.25186157,69035,69045,10
12.98771954,80.25163269,69045,69056,11
12.98766041,80.2515564,69056,69066,10
12.98731041,80.25157928,69066,69076,10
12.98692036,80.25164032,69076,69086,10
12.98637962,80.25177002,69086,69096,10
12.98571968,80.25193787,69096,69106,10
12.9850502,80.25211334,69106,69116,10
12.98443985,80.25228119,69116,69126,10
12.98383999,80.25244141,69126,69136,10
12.98328018,80.25256348,69136,69146,10
12.98266983,80.25263214,69146,69157,11
12.98198032,80.2526474,69157,69167,10
12.98128033,80.25267029,69167,69177,10
12.98048973,80.25269318,69177,69187,10
12.97988987,80.25270844,69187,69197,10
12.97931004,80.2526474,69197,69207,10
12.97869968,80.25257874,69207,69217,10
12.97856045,80.25254059,69217,69227,10
12.97840023,80.25244904,69227,69237,10
12.97789955,80.25205994,69237,69247,10
12.97717953,80.25145721,69247,69258,11
12.97603035,80.25105286,69258,69268,10
12.9749403,80.25074005,69268,69278,10
12.97385025,80.25042725,69278,69288,10
12.97278023,80.25015259,69288,69298,10
12.97167015,80.24986267,69298,69308,10
12.97052956,80.24954224,69308,69318,10
12.96942043,80.24910736,69318,69328,10
12.96854019,80.24874115,69328,69338,10
12.96734047,80.2482605,69338,69348,10
12.96673012,80.24797821,69348,69358,10
12.96619987,80.24772644,69358,69369,11
12.96535015,80.24739075,69369,69379,10
12.96506977,80.24732208,69379,69389,10
12.96498966,80.24729919,69389,69399,10
12.96452045,80.24710083,69399,69409,10
12.96395969,80.24685669,69409,69419,10
12.96368027,80.24674988,69419,69429,10
12.96306038,80.24645996,69429,69439,10
12.96243,80.24616241,69439,69449,10
12.96173,80.24581909,69449,69459,10
12.9607296,80.24533844,69459,69470,11
12.95960999,80.24490356,69470,69480,10
12.95930004,80.24475861,69480,69490,10
12.9592104,80.24471283,69490,69500,10
12.95874023,80.24446869,69500,69510,10
12.95798016,80.24414063,69510,69520,10
12.95730019,80.24391174,69520,69530,10
12.95637989,80.24359894,69530,69560,30
12.95637989,80.24359894,69560,69570,10
12.95602036,80.24349976,69570,69581,11
12.95528984,80.24310303,69581,69591,10
12.95442963,80.2427063,69591,69601,10
12.95349979,80.2423172,69601,69611,10
12.95252991,80.24194336,69611,69621,10
12.95182991,80.24170685,69621,69631,10
12.95164967,80.24165344,69631,69641,10
12.95162964,80.24165344,69641,69651,10
12.95119953,80.24147797,69651,69661,10
12.95048046,80.2412262,69661,69671,10
12.94958019,80.24095154,69671,69682,11
12.94911003,80.24080658,69682,69752,70
12.94911003,80.24080658,69752,69762,10
12.9488802,80.2405014,69762,69772,10
12.94900036,80.23986053,69772,69782,10
12.94909,80.2394104,69782,69793,11
12.94909954,80.2394104,69793,69803,10
12.94911957,80.23932648,69803,69813,10
12.9492197,80.23898315,69813,69823,10
12.94933987,80.23842621,69823,69833,10
12.94943047,80.2378006,69833,69843,10
12.94950962,80.23719025,69843,69853,10
12.9495697,80.23658752,69853,69863,10
12.94960022,80.23602295,69863,69873,10
12.94964027,80.23583221,69873,69883,10
12.94970036,80.23545074,69883,69894,11
12.94983959,80.23474121,69894,69904,10
12.94989967,80.23374939,69904,69924,20
12.94989967,80.23374939,69924,69934,10
12.94989967,80.23343658,69934,69944,10
12.94987965,80.23280334,69944,69954,10
12.94983959,80.23195648,69954,69964,10
12.94978046,80.23123932,69964,69974,10
12.94972992,80.2299881,69974,69984,10
12.9496603,80.2288208,69984,69995,11
12.94958973,80.22746277,69995,70005,10
12.94954014,80.2261734,70005,70015,10
12.94946957,80.22485352,70015,70025,10
12.94941044,80.22370148,70025,70035,10
12.94935036,80.22232056,70035,70045,10
12.94925976,80.22122192,70045,70055,10
12.94911957,80.21988678,70055,70065,10
12.94898987,80.21862793,70065,70075,10
12.9488802,80.21726227,70075,70085,10
12.94874001,80.21581268,70085,70095,10
12.94859028,80.21430969,70095,70106,11
12.94843006,80.21263885,70106,70116,10
12.94838047,80.21127319,70116,70126,10
12.94834995,80.21022034,70126,70136,10
12.94834995,80.20980072,70136,70146,10
12.94834995,80.20960236,70146,70156,10
12.94839954,80.20910645,70156,70166,10
12.94841957,80.20871735,70166,70176,10
12.94841957,80.20870209,70176,70186,10
12.94843006,80.20864105,70186,70196,10
12.94845963,80.20821381,70196,70207,11
12.9485302,80.2074585,70207,70217,10
12.94861031,80.20661926,70217,70227,10
12.94863033,80.20568085,70227,70237,10
12.94861984,80.20462036,70237,70247,10
12.94861031,80.20368958,70247,70257,10
12.94857979,80.20284271,70257,70267,10
12.94855022,80.20184326,70267,70277,10
12.94851971,80.20072937,70277,70287,10
12.94847965,80.19966125,70287,70297,10
12.94841957,80.19885254,70297,70318,21
12.94841957,80.19885254,70318,70328,10
12.94841003,80.19867706,70328,70338,10
12.94839954,80.19821167,70338,70348,10
12.94839954,80.19750977,70348,70358,10
12.94843006,80.19661713,70358,70368,10
12.94841957,80.19548798,70368,70388,20
12.94841957,80.19548798,70388,70398,10
12.94843006,80.19528198,70398,70408,10
12.9484396,80.1947403,70408,70419,11
12.94847012,80.19384003,70419,70429,10
12.94849968,80.19284821,70429,70439,10
12.94855022,80.19172668,70439,70449,10
12.94861031,80.1905365,70449,70459,10
12.94867039,80.18974304,70459,70469,10
12.9487896,80.18862152,70469,70479,10
12.94886971,80.18752289,70479,70489,10
12.94896984,80.18641663,70489,70499,10
12.94894981,80.18534851,70499,70580,81
12.94894981,80.18534851,70580,70590,10
12.9489603,80.18527985,70590,70600,10
12.94902039,80.18479156,70600,70610,10
12.94911003,80.18386078,70610,70631,21
12.94911003,80.18386078,70631,70641,10
12.94911003,80.18369293,70641,70651,10
12.94919968,80.18315887,70651,70661,10
12.94933033,80.18238831,70661,70671,10
12.94943047,80.18171692,70671,70681,10
12.94950962,80.18135834,70681,70691,10
12.94958973,80.18099976,70691,70701,10
12.94972038,80.18042755,70701,70711,10
12.94987965,80.17961121,70711,70721,10
12.95011997,80.17861938,70721,70732,11
12.95044994,80.17736816,70732,70742,10
12.95067978,80.17648315,70742,70752,10
12.95088005,80.17559814,70752,70762,10
12.95106983,80.1746521,70762,70772,10
12.95114994,80.17414856,70772,70782,10
12.95116043,80.17414093,70782,70792,10
12.95123959,80.17379761,70792,70802,10
12.9513998,80.17311096,70802,70812,10
12.95156956,80.17224121,70812,70822,10
12.9517498,80.17134094,70822,70832,10
12.95189953,80.17043304,70832,70843,11
12.9520998,80.16931915,70843,70853,10
12.95230007,80.16825104,70853,70863,10
12.95261002,80.16708374,70863,70873,10
12.95291996,80.16584015,70873,70883,10
12.95320034,80.16454315,70883,70893,10
12.95349026,80.16320038,70893,70903,10
12.95378971,80.16179657,70903,70913,10
12.95407963,80.1603775,70913,70923,10
12.95429993,80.15918732,70923,70933,10
12.95442009,80.1585083,70933,70944,11
12.95444012,80.15837097,70944,70954,10
12.95450974,80.15805817,70954,70964,10
12.95464993,80.1574173,70964,70974,10
12.95487022,80.15654755,70974,70984,10
12.95508957,80.15551758,70984,70994,10
12.95532036,80.15445709,70994,71003,9
12.95565033,80.15322113,71003,71014,11
12.95637989,80.15193939,71014,71024,10
12.95734978,80.15112305,71024,71034,10
12.9581604,80.15045166,71034,71044,10
12.95870018,80.15000153,71044,71055,11
12.95874023,80.14997101,71055,71065,10
12.95905972,80.14978027,71065,71075,10
12.95944977,80.14922333,71075,71085,10
12.95963001,80.14845276,71085,71095,10
12.95979977,80.1476593,71095,71105,10
12.95995998,80.14684296,71105,71115,10
12.96014023,80.14597321,71115,71125,10
12.96020985,80.14550018,71125,71135,10
12.95993996,80.14524078,71135,71145,10
12.95932007,80.14492035,71145,71156,11
12.95849991,80.14450073,71156,71166,10
12.95800972,80.14417267,71166,71176,10
12.95750046,80.14388275,71176,71186,10
12.95695019,80.14360046,71186,71196,10
12.95652962,80.1434021,71196,71206,10
12.95641994,80.14334869,71206,71216,10
12.95615005,80.14322662,71216,71226,10
12.95578003,80.14304352,71226,71236,10
12.95532036,80.14277649,71236,71246,10
12.9547596,80.14246368,71246,71257,11
12.95403957,80.14205933,71257,71267,10
12.95353985,80.14179993,71267,71277,10
12.95322037,80.14161682,71277,71287,10
12.95277023,80.14134216,71287,71297,10
12.95230961,80.14103699,71297,71307,10
12.95199966,80.14080048,71307,71337,30
12.95199966,80.14080048,71337,71347,10
12.95164013,80.14054871,71347,71357,10
12.95116043,80.14013672,71357,71368,11
12.95046043,80.13961792,71368,71378,10
12.94978046,80.13903809,71378,71388,10
12.94894981,80.13832092,71388,71398,10
12.94804001,80.13767242,71398,71408,10
12.9472599,80.13712311,71408,71418,10
12.94641972,80.13645935,71418,71428,10
12.94538975,80.13568115,71428,71438,10
12.94449997,80.13497925,71438,71448,10
12.94371986,80.13436127,71448,71458,10
12.94311047,80.13382721,71458,71469,11
12.94242001,80.13318634,71469,71479,10
12.94188976,80.13260651,71479,71489,10
12.94132996,80.13201141,71489,71499,10
12.94075966,80.13141632,71499,71509,10
12.94017029,80.13079071,71509,71519,10
12.93955994,80.13017273,71519,71529,10
12.93892002,80.12962341,71529,71539,10
12.93826962,80.12906647,71539,71549,10
12.93778992,80.12869263,71549,71559,10
12.93741035,80.12835693,71559,71569,10
12.93710041,80.12809753,71569,71590,21
12.93710041,80.12809753,71590,71600,10
12.93696976,80.12792969,71600,71610,10
12.93634987,80.12740326,71610,71630,20
12.93634987,80.12740326,71630,71640,10
12.93628025,80.12732697,71640,71650,10
12.93593979,80.12702179,71650,71660,10
12.93535995,80.1264801,71660,71670,10
12.93465996,80.12584686,71670,71681,11
12.93367004,80.12490082,71681,71691,10
12.93278027,80.12400055,71691,71701,10
12.93188,80.12310028,71701,71711,10
12.93101978,80.12226868,71711,71721,10
12.93033028,80.1216507,71721,71731,10
12.92963028,80.12094879,71731,71741,10
12.92887974,80.12013245,71741,71751,10
12.92807007,80.11929321,71751,71761,10
12.92737961,80.11862183,71761,71771,10
12.92700958,80.11824799,71771,71781,10
12.92671013,80.11798096,71781,71792,11
12.92654991,80.11785126,71792,71832,40
12.92654991,80.11785126,71832,71842,10
12.92638969,80.11766815,71842,71852,10
12.92623997,80.11755371,71852,71862,10
12.92611027,80.11743927,71862,71872,10
12.92609978,80.11743164,71872,71882,10
12.92588997,80.11727905,71882,71893,11
12.92558002,80.11699677,71893,71903,10
12.92520046,80.11660004,71903,71913,10
12.92485046,80.11624908,71913,71923,10
12.92448997,80.11588287,71923,71933,10
12.92430973,80.11569977,71933,71943,10
12.92413998,80.11553955,71943,71953,10
12.9238596,80.11519623,71953,71963,10
12.9240303,80.11499023,71963,71973,10
12.92432976,80.115242,71973,71983,10
12.92479038,80.11573792,71983,71994,11
12.92539978,80.11637115,71994,72004,10
12.92588997,80.11688232,72004,72014,10
12.9260397,80.11708069,72014,72024,10
12.92615986,80.11727142,72024,72034,10
12.92638969,80.11755371,72034,72044,10
12.92687035,80.11791229,72044,72296,252
12.92714024,80.11815643,72296,72508,212
12.92714024,80.11815643,72508,72518,10
12.92741013,80.11859131,72518,72529,11
12.92768955,80.11888123,72529,72539,10
12.92805004,80.11923218,72539,72549,10
12.92846966,80.11965179,72549,72559,10
12.92883015,80.11997223,72559,72569,10
12.92899036,80.12010956,72569,72579,10
12.92912006,80.12024689,72579,72670,91
12.92912006,80.12024689,72670,72680,10
12.92926979,80.1204834,72680,72690,10
12.9296999,80.12090302,72690,72700,10
12.93037987,80.12156677,72700,72710,10
12.93105984,80.12220001,72710,72720,10
12.9313097,80.12245178,72720,72730,10
12.93152046,80.12268066,72730,72741,11
12.93188953,80.12306213,72741,72751,10
12.93245983,80.12364197,72751,72761,10
12.93313026,80.1243515,72761,72771,10
12.93383026,80.12506866,72771,72781,10
12.93451977,80.12576294,72781,72791,10
12.93498993,80.12619019,72791,72801,10
12.93529034,80.12641144,72801,72811,10
12.93558025,80.12657928,72811,72821,10
12.93601036,80.12693024,72821,72831,10
12.93634033,80.12725067,72831,72842,11
12.93647957,80.12735748,72842,72852,10
12.93651962,80.127388,72852,72862,10
12.93661976,80.12747955,72862,72872,10
12.93665028,80.12750244,72872,72882,10
12.93684959,80.12767029,72882,72892,10
12.93743038,80.1281662,72892,72932,40
12.93743038,80.1281662,72932,72943,11
12.93785,80.12859344,72943,72953,10
12.93852043,80.1292038,72953,72963,10
12.93943977,80.13002014,72963,72973,10
12.94052029,80.131073,72973,72983,10
12.94159985,80.13217163,72983,72993,10
12.94223976,80.13282013,72993,73003,10
12.9425602,80.13321686,73003,73013,10
12.94320011,80.13387299,73013,73023,10
12.94400978,80.13459015,73023,73033,10
12.94480038,80.13523865,73033,73043,10
12.94596004,80.13613892,73043,73054,11
12.94725037,80.13707733,73054,73064,10
12.94838047,80.13789368,73064,73074,10
12.94935036,80.13860321,73074,73084,10
12.95007992,80.13916016,73084,73094,10
12.95046043,80.13939667,73094,73114,20
12.95046043,80.13939667,73114,73124,10
12.95063972,80.13957214,73124,73134,10
12.9511404,80.13986206,73134,73165,31
12.9511404,80.13986206,73165,73175,10
12.95139027,80.14003754,73175,73185,10
12.95160007,80.14022064,73185,73195,10
12.95191002,80.14044189,73195,73205,10
12.95207977,80.14073944,73205,73215,10
12.95273972,80.1412735,73215,73245,30
12.95273972,80.1412735,73245,73255,10
12.9530201,80.14147949,73255,73266,11
12.95368958,80.14185333,73266,73276,10
12.95435047,80.14218903,73276,73286,10
12.95508003,80.14257813,73286,73296,10
12.95584011,80.14293671,73296,73306,10
12.95637035,80.14321136,73306,73316,10
12.95701027,80.14357758,73316,73326,10
12.95785999,80.14404297,73326,73336,10
12.95874023,80.14441681,73336,73346,10
12.95958042,80.14485931,73346,73356,10
12.9602499,80.1452179,73356,73367,11
12.96053982,80.14553833,73367,73377,10
12.96026039,80.1459198,73377,73387,10
12.96010017,80.14668274,73387,73397,10
12.95989037,80.14763641,73397,73407,10
12.95965958,80.14875793,73407,73417,10
12.95925999,80.14984131,73417,73427,10
12.95860958,80.15039063,73427,73437,10
12.95849991,80.15048218,73437,73447,10
12.95820045,80.15068817,73447,73457,10
12.95775986,80.15101624,73457,73467,10
12.95701981,80.15161896,73467,73478,11
12.95608044,80.15251923,73478,73488,10
12.95555019,80.15380096,73488,73498,10
12.95520973,80.15525818,73498,73508,10
12.95487976,80.15679169,73508,73518,10
12.95458031,80.15830994,73518,73528,10
12.95442009,80.1591568,73528,73538,10
12.95435047,80.15957642,73538,73548,10
12.9542799,80.15989685,73548,73558,10
12.9540596,80.1608963,73558,73568,10
12.95380974,80.16203308,73568,73579,11
12.95349979,80.1634903,73579,73589,10
12.95318031,80.16493988,73589,73599,10
12.95283985,80.16647339,73599,73609,10
12.95242023,80.1680603,73609,73619,10
12.95211983,80.16960144,73619,73629,10
12.95199013,80.17060089,73629,73639,10
12.95193958,80.17086029,73639,73649,10
12.9518404,80.17141724,73649,73659,10
12.95168972,80.17233276,73659,73669,10
12.95147038,80.17343903,73669,73680,11
12.95121002,80.17463684,73680,73690,10
12.95094013,80.1758728,73690,73700,10
12.95063019,80.17714691,73700,73710,10
12.95030022,80.17835999,73710,73720,10
12.94999981,80.17954254,73720,73730,10
12.94978046,80.18074799,73730,73740,10
12.9495697,80.18195343,73740,73751,11
12.94935989,80.18309784,73751,73761,10
12.94927025,80.18395996,73761,73771,10
12.94925976,80.184021,73771,73781,10
12.94919968,80.1842804,73781,73792,11
12.94915962,80.18505096,73792,73852,60
12.94915962,80.18505096,73852,73862,10
12.94915009,80.18512726,73862,73872,10
12.94909954,80.18566132,73872,73882,10
12.94904041,80.18647766,73882,73893,11
12.9489603,80.18746185,73893,73903,10
12.94886971,80.18842316,73903,73913,10
12.94880009,80.18932343,73913,73923,10
12.94869041,80.19036865,73923,73933,10
12.94861031,80.19161987,73933,73943,10
12.94855022,80.19281769,73943,73953,10
12.9485302,80.19400787,73953,73963,10
12.94851971,80.19519806,73963,73973,10
12.94853973,80.19577789,73973,73983,10
12.9485302,80.19593048,73983,73993,10
12.94849968,80.19654083,73993,74004,11
12.94847965,80.19757843,74004,74014,10
12.94849014,80.19864655,74014,74024,10
12.94853973,80.19943237,74024,74034,10
12.94853973,80.19950867,74034,74044,10
12.94855022,80.19956207,74044,74054,10
12.94855976,80.20005798,74054,74064,10
12.94857979,80.20089722,74064,74074,10
12.94861031,80.20191193,74074,74084,10
12.94865036,80.20313263,74084,74094,10
12.94867992,80.20452118,74094,74105,11
12.94869995,80.20613098,74105,74115,10
12.94865036,80.20720673,74115,74125,10
12.94857979,80.2081604,74125,74135,10
12.94853973,80.20902252,74135,74145,10
12.9485302,80.20912933,74145,74155,10
12.94849968,80.20944977,74155,74165,10
12.94849968,80.21000671,74165,74175,10
12.94845963,80.21040344,74175,74185,10
12.94843006,80.21115875,74185,74195,10
12.94843006,80.21221924,74195,74206,11
12.94853973,80.21366882,74206,74216,10
12.94867992,80.21514893,74216,74226,10
12.94884014,80.21672058,74226,74236,10
12.94902039,80.21833038,74236,74246,10
12.94915962,80.21997833,74246,74256,10
12.94931984,80.22164917,74256,74266,10
12.94941998,80.2233429,74266,74276,10
12.94950008,80.22503662,74276,74286,10
12.94958019,80.22660065,74286,74296,10
12.94964981,80.22814941,74296,74306,10
12.94974041,80.22973633,74306,74317,11
12.94985008,80.23127747,74317,74327,10
12.94997025,80.23253632,74327,74337,10
12.94997978,80.2328186,74337,74347,10
12.94999981,80.23322296,74347,74357,10
12.9500103,80.23406219,74357,74367,10
12.94995022,80.23499298,74367,74377,10
12.9499197,80.23577881,74377,74428,51
12.9499197,80.23577881,74428,74438,10
12.9499197,80.23603058,74438,74448,10
12.94978046,80.2365799,74448,74458,10
12.94960976,80.23744202,74458,74468,10
12.94948006,80.2383728,74468,74478,10
12.94929981,80.23940277,74478,74488,10
12.94909954,80.24033356,74488,74498,10
12.94904995,80.24050903,74498,74508,10
12.9492197,80.2408371,74508,74518,10
12.94983006,80.2410202,74518,74529,11
12.95108032,80.24136353,74529,74549,20
12.95108032,80.24136353,74549,74559,10
12.95133972,80.24146271,74559,74569,10
12.95195961,80.24169159,74569,74579,10
12.9527998,80.24201202,74579,74589,10
12.9535799,80.24233246,74589,74599,10
12.95436001,80.24262238,74599,74609,10
12.95499992,80.24285889,74609,74619,10
12.95575047,80.24313354,74619,74630,11
12.95639992,80.24333191,74630,74640,10
12.95687962,80.24356079,74640,74650,10
12.95767975,80.24395752,74650,74660,10
12.95856953,80.24430084,74660,74670,10
12.95888042,80.24442291,74670,74680,10
12.9591198,80.24456024,74680,74690,10
12.95973969,80.24487305,74690,74700,10
12.96063995,80.24529266,74700,74710,10
12.96170044,80.24578094,74710,74720,10
12.96265984,80.24623871,74720,74730,10
12.96313,80.24646759,74730,74741,11
12.96354008,80.24668121,74741,74751,10
12.96389008,80.2468338,74751,74761,10
12.96459007,80.2470932,74761,74771,10
12.96555042,80.24742889,74771,74781,10
12.96627998,80.24770355,74781,74791,10
12.96642017,80.2477417,74791,74801,10
12.96652031,80.24780273,74801,74811,10
12.96695995,80.24803162,74811,74821,10
12.9677496,80.2483902,74821,74831,10
12.96864033,80.24874115,74831,74842,11
12.96961021,80.24912262,74842,74852,10
12.97056961,80.24948883,74852,74862,10
12.97173977,80.24983978,74862,74872,10
12.97296047,80.25016785,74872,74882,10
12.97402,80.25042725,74882,74892,10
12.97531033,80.25081635,74892,74902,10
12.97671986,80.25122833,74902,74912,10
12.97784996,80.25183868,74912,74922,10
12.97850037,80.25231934,74922,74932,10
12.97867012,80.25240326,74932,74943,11
12.97931957,80.25260162,74943,74953,10
12.9802599,80.25267029,74953,74963,10
12.98136997,80.2526474,74963,74973,10
12.98235989,80.25261688,74973,74983,10
12.9834404,80.25250244,74983,74993,10
12.98449993,80.25225067,74993,75003,10
12.98536015,80.25200653,75003,75013,10
12.98626041,80.25171661,75013,75023,10
12.98719025,80.25144958,75023,75104,81
12.98719025,80.25144958,75104,75114,10
12.98729992,80.25144196,75114,75124,10
12.98762035,80.25135803,75124,75134,10
12.98791981,80.25145721,75134,75144,10
12.98799038,80.25192261,75144,75155,11
12.98797035,80.25286865,75155,75165,10
12.98785973,80.25395966,75165,75175,10
12.98777962,80.25489807,75175,75185,10
12.98773003,80.25534821,75185,75195,10
12.98766994,80.25579834,75195,75205,10
12.98760033,80.25618744,75205,75215,10
12.98758984,80.2564621,75215,75225,10
12.98756981,80.25663757,75225,75235,10
12.98754025,80.25720215,75235,75245,10
12.98748016,80.25784302,75245,75256,11
12.98744011,80.25836182,75256,75266,10
12.98742008,80.25862122,75266,75276,10
12.98740005,80.2588501,75276,75286,10
12.98735046,80.25911713,75286,75296,10
12.98723984,80.25942993,75296,75316,20
12.98723984,80.25942993,75316,75326,10
12.98717976,80.25965881,75326,75336,10
12.98694992,80.25964355,75336,75942,606
12.98694992,80.25964355,75942,75952,10
12.98665047,80.25945282,75952,76033,81
12.98674965,80.25924683,76033,77103,1070
12.98684978,80.25911713,77103,77638,535
12.98678017,80.25921631,77638,80375,2737
12.98676968,80.25911713,80375,80536,161
12.98676014,80.2591629,80536,81467,931
12.98670959,80.25930786,81467,81629,162
12.98659992,80.25924683,81629,83274,1645
12.98672962,80.25919342,83274,86001,2727
