latitude,longitude,Time_Start,Time_Stop,TimeTaken
13.00835991,80.21340179,22819,22849,30
12.98139954,80.24256134,23709,23729,20
12.98773956,80.25553131,24033,24053,20
12.98768997,80.2556076,24053,24074,21
12.98666954,80.2591095,25004,25024,20
12.9868803,80.25910187,25034,25054,20
12.9763298,80.22167206,26237,26256,19
12.98729992,80.25924683,26916,26936,20
12.98670006,80.2591095,27017,27047,30
12.98128986,80.23818207,27948,27969,21
12.98066044,80.22902679,28149,28171,22
12.99752998,80.21607971,28687,28707,20
13.03439045,80.2303772,29395,29415,20
13.03413963,80.23034668,31106,31136,30
13.0261898,80.23230743,31313,31343,30
13.02530003,80.22995758,31343,31373,30
13.0248003,80.2293396,31373,31403,30
13.0241003,80.2283783,31436,31455,19
13.02307987,80.22743225,31464,31487,23
13.01132011,80.2234726,31749,31769,20
13.00829983,80.21338654,31911,31941,30
12.98328972,80.22223663,32508,32528,20
12.98130035,80.2376709,32952,32972,20
12.9801302,80.25218964,33174,33195,21
12.98694992,80.25908661,33753,33783,30
12.98155975,80.23343658,34621,34641,20
12.98297024,80.22196198,34986,35007,21
13.0197401,80.22457123,35877,35907,30
13.02898026,80.23085022,36180,36200,20
13.0297699,80.23078156,36221,36241,20
13.03372002,80.23046112,36352,36372,20
13.03485012,80.2302475,36412,36433,21
13.02305031,80.22740173,37363,37383,20
13.00813007,80.21331024,37828,37849,21
12.99728012,80.21642303,38111,38131,20
12.98157024,80.23345184,40316,40336,20
12.97719002,80.22270203,40600,40620,20
13.00772953,80.21292877,41287,41308,21
13.02569962,80.23033142,41788,41809,21
13.02313995,80.22754669,42973,42993,20
13.00825024,80.21337891,43469,43489,20
12.98328018,80.22231293,44096,44117,21
12.98134995,80.24272156,44634,44654,20
12.98760033,80.25550079,45078,45098,20
12.98719978,80.25946808,45169,45189,20
12.98025036,80.25273132,45612,45635,23
12.97698021,80.2229538,46180,46200,20
12.98235989,80.22174835,46331,46352,21
13.00765991,80.21292114,46868,46888,20
13.03460979,80.2303009,47657,47678,21
13.01420021,80.22528839,48539,48559,20
13.01412964,80.22532654,48570,48590,20
13.01478958,80.22564697,50480,50500,20
12.99695015,80.25591278,23243,23263,20
12.98134995,80.2428894,23949,23969,20
12.98276043,80.22184753,24482,24504,22
13.00765038,80.20983887,25028,25058,30
12.98770046,80.22309875,27196,27217,21
12.97994995,80.25247955,27943,27973,30
12.9492197,80.24088287,28477,28497,20
12.94752979,80.24021149,28528,28548,20
12.90709019,80.22837067,29143,29173,30
12.89982986,80.22792053,29264,29294,30
12.87644005,80.22666931,29627,29647,20
12.87907028,80.2109375,29809,29829,20
12.87454987,80.21012115,29909,29930,21
12.87930012,80.21099854,30252,30272,20
12.8764801,80.22679138,30797,30827,30
12.88512039,80.22664642,30938,30958,20
12.89424992,80.22753143,31150,31170,20
12.90058041,80.22792053,31251,31271,20
12.91384029,80.22926331,31483,31503,20
12.93379021,80.23278809,31795,31815,20
12.93939972,80.23547363,31896,31916,20
12.95086002,80.24124908,32128,32148,20
12.95897961,80.24446869,32289,32309,20
12.98136044,80.24279785,32834,32854,20
12.9812603,80.23777771,32935,32955,20
12.97725964,80.22268677,33318,33348,30
12.99438,80.21746063,33762,33782,20
13.00706005,80.20974731,34175,34205,30
13.01292992,80.21356964,34992,35012,20
13.02423,80.21681213,35375,35405,30
13.02457047,80.21975708,35849,35879,30
13.02359962,80.21965027,35909,35930,21
13.02011967,80.21949768,36019,36041,22
13.01006031,80.2114563,36353,36382,29
13.00951004,80.21102905,36444,36464,20
13.00930023,80.21114349,36464,36484,20
12.98011017,80.25279236,37483,37513,30
12.96372986,80.24681854,37684,37714,30
12.90157032,80.22795868,38410,38430,20
12.93978024,80.23564148,40538,40558,20
12.9471302,80.23989868,40669,40689,20
12.9509201,80.24125671,40760,40780,20
12.96658993,80.24778748,41052,41072,20
12.9799099,80.25228119,41274,41294,20
12.98134041,80.24276733,41415,41435,20
12.98126984,80.2379303,41506,41526,20
12.97721004,80.22268677,41879,41899,20
12.98307991,80.22200775,42071,42091,20
12.99335957,80.21820831,42343,42373,30
13.0071497,80.20976257,42787,42817,30
13.01362038,80.20424652,43029,43049,20
13.01198959,80.22013092,43935,43954,19
12.98754025,80.22309875,44660,44680,20
12.98328972,80.22231293,44892,44912,20
12.97636032,80.2218399,45053,45074,21
12.98163986,80.23055267,45235,45255,20
12.96376038,80.24688721,45850,45870,20
12.94911957,80.24086761,46203,46233,30
12.89927959,80.22789764,47030,47050,20
12.88836956,80.22740173,47181,47201,20
12.87462044,80.21012878,47605,47635,30
12.87436962,80.20987701,47653,47673,20
12.87493992,80.20934296,49732,49752,20
12.89214993,80.22724152,50226,50246,20
12.90594006,80.22814941,51668,51698,30
12.94367981,80.23735809,52110,52128,18
12.98223972,80.25256348,52614,52634,20
12.98258018,80.2525177,52664,52684,20
12.98371983,80.25232697,52866,52896,30
13.01105976,80.22376251,53693,53713,20
13.00942039,80.21089172,55417,55437,20
13.01054001,80.22515106,55831,55851,20
12.99652004,80.21659851,56163,56184,21
12.99565983,80.21684265,56214,56234,20
12.99536037,80.21690369,56234,56254,20
12.98324013,80.22216034,56506,56525,19
12.98130989,80.24269104,57091,57111,20
12.97859955,80.25257874,57253,57273,20
12.96508026,80.24736786,57454,57474,20
12.9639101,80.24693298,57495,57525,30
12.94911003,80.24085236,57868,57888,20
12.93976021,80.2358017,58049,58069,20
12.93385029,80.23297882,58211,58231,20
12.87903023,80.21096039,59400,59421,21
12.87452984,80.21015167,59491,59520,29
12.87922001,80.21102142,59945,59965,20
12.87644958,80.22685242,60197,60217,20
12.88862038,80.22731018,60358,60379,21
12.90248013,80.22799683,60711,60731,20
12.93968964,80.23567963,61286,61306,20
12.95112038,80.24140167,61518,61538,20
12.95880985,80.24446869,61659,61679,20
12.96695042,80.24806213,61821,61841,20
12.98126984,80.23782349,62315,62335,20
12.98058033,80.22894287,62516,62537,21
12.97723961,80.22271729,62698,62728,30
12.98211002,80.22167969,62849,62869,20
12.98301983,80.22199249,62890,62919,29
12.98657036,80.22299194,63011,63041,30
12.99046993,80.22036743,63132,63162,30
12.99664974,80.21650696,63313,63343,30
12.99755001,80.21607971,63374,63394,20
13.00356007,80.21193695,63525,63555,30
13.01358032,80.20471191,63979,64009,30
12.99777985,80.21659088,65713,65733,20
12.99660969,80.21658325,65784,65804,20
12.99069023,80.22026825,65996,66016,20
12.98968983,80.22116089,66046,66066,20
12.98777962,80.22306061,66117,66137,20
12.98314953,80.22215271,66359,66389,30
12.98174953,80.23065948,66772,66792,20
12.98155975,80.23361206,66863,66893,30
12.98130035,80.23866272,66984,67014,30
12.98130035,80.2394104,67034,67054,20
12.98139,80.24298859,67125,67155,30
12.97852993,80.25257111,67377,67407,30
12.96510029,80.24736786,67619,67649,30
12.96500015,80.24733734,67649,67670,21
12.95956039,80.24491119,67781,67801,20
12.94699001,80.2399826,68053,68073,20
12.93385029,80.23300171,68295,68315,20
12.91318989,80.22926331,68618,68638,20
12.90207958,80.2280426,68900,68930,30
12.89420986,80.22762299,69132,69152,20
12.88834,80.22736359,69394,69414,20
12.8849802,80.22670746,69465,69485,20
12.87462044,80.21011353,70231,70261,30
12.87535954,80.21025085,70292,70312,20
12.87640953,80.22680664,70604,70624,20
12.90305042,80.22794342,71098,71119,21
12.98622036,80.22296143,73257,73277,20
12.98801041,80.22286224,73336,73358,22
12.98859978,80.22234344,73378,73398,20
12.99205971,80.21920013,73640,73660,20
12.99219036,80.21909332,73660,73680,20
12.99335957,80.21816254,73751,73772,21
12.9959898,80.21658325,73933,73954,21
12.9965601,80.21647644,73964,73994,30
13.00660992,80.20967865,74266,74296,30
12.99781036,80.21658325,75658,75678,20
12.99759007,80.21656036,75678,75698,20
12.97618008,80.22158051,76354,76374,20
12.98122978,80.23446655,76656,76677,21
12.99744034,80.25592041,77423,77443,20
12.99798965,80.25639343,80831,80861,30
12.92907047,80.23126984,290,310,20
12.94818974,80.24031067,502,522,20
12.95639038,80.24330902,633,653,20
12.96687984,80.24794006,784,804,20
12.96520042,80.24742889,21670,21700,30
12.93387032,80.23303223,22195,22215,20
12.90085983,80.22744751,22659,22689,30
12.9016304,80.21823883,22830,22850,20
12.91127968,80.19608307,23133,23153,20
12.91635036,80.19438934,26260,26280,20
12.90625954,80.22814941,26916,26946,30
12.93375015,80.23277283,27309,27328,19
12.97972012,80.25260162,28015,28036,21
12.9651804,80.24739075,31939,31959,20
12.93585014,80.23390198,32383,32403,20
12.90087032,80.2277832,32978,32998,20
12.90135956,80.22061157,33089,33109,20
12.90135002,80.22054291,33109,33129,20
12.90769005,80.19905853,33372,33402,30
12.92261028,80.14977264,34106,34126,20
12.92249012,80.14353943,35589,35609,20
12.91639996,80.19436646,36396,36416,20
12.91576004,80.19447327,36436,36456,20
12.95639992,80.24329376,37798,37828,30
12.94890976,80.24078369,41156,41177,21
12.93385983,80.23300171,41397,41419,22
12.90795994,80.22849274,41782,41802,20
12.90555954,80.20751953,42246,42266,20
12.92028999,80.18431854,42690,42710,20
12.92278004,80.1525116,43103,43133,30
12.92249966,80.14373779,43265,43295,30
12.92321968,80.12058258,43678,43698,20
12.92341042,80.11695099,43759,43789,30
12.9163599,80.19438171,46139,46159,20
12.90270996,80.22798157,46704,46724,20
12.91413975,80.22930145,46875,46896,21
12.92642975,80.2309494,47047,47067,20
12.95888042,80.24443817,47602,47622,20
12.98608017,80.25171661,48035,48056,21
12.98674011,80.25952911,48449,48479,30
12.98659039,80.25933838,48489,48509,20
12.98676014,80.25904083,50995,51025,30
12.98733997,80.258461,51117,51147,30
12.98740005,80.25773621,51147,51176,29
12.98770046,80.25552368,51237,51267,30
12.98787975,80.25282288,51298,51327,29
12.98766041,80.25160217,51358,51387,29
12.98445988,80.25229645,51418,51448,30
12.98023033,80.25279999,51479,51509,30
12.97791958,80.25206757,51540,51570,30
12.97550011,80.25090027,51570,51599,29
12.96642971,80.24784851,51661,51691,30
12.96516991,80.24739838,51691,51721,30
12.96366024,80.2468338,51752,51782,30
12.95946026,80.24482727,51813,51843,30
12.95858002,80.24442291,51843,51873,30
12.95695972,80.24382782,51873,51903,30
12.95627975,80.24360657,51994,52023,29
12.95160961,80.24160004,52085,52115,30
12.95005989,80.24108887,52115,52145,30
12.94869995,80.24063873,52145,52175,30
12.94528008,80.23912811,52206,52235,29
12.94274044,80.23665619,52235,52265,30
12.93869972,80.23519135,52297,52327,30
12.93391991,80.23296356,52358,52387,29
12.93338966,80.2326889,52387,52417,30
12.92850018,80.23126984,52448,52478,30
12.92518997,80.23084259,52509,52538,29
12.90715027,80.22834778,52771,52791,20
12.90085983,80.22734833,52902,52922,20
12.91726971,80.19126892,53548,53568,20
12.91989994,80.18244934,53669,53689,20
12.92335987,80.1548996,53991,54011,20
12.92341995,80.11682892,54617,54637,20
12.92296982,80.12534332,55040,55060,20
12.9486599,80.24053955,57461,57491,30
12.95617962,80.24324036,57621,57643,22
12.9588604,80.24440765,57693,57713,20
12.9630003,80.2463913,57774,57794,20
12.98711014,80.25914001,59267,59297,30
12.98752975,80.256073,59428,59448,20
12.95685005,80.24384308,60063,60084,21
12.9566803,80.24381256,60084,60104,20
12.93375015,80.23291779,60406,60427,21
12.90083027,80.22763062,60850,60869,19
12.91711998,80.19238281,61556,61577,21
12.91726971,80.19142151,61597,61617,20
12.9233799,80.15493011,62313,62333,20
12.92269993,80.15222168,62383,62404,21
12.92313957,80.12084961,62899,62928,29
12.9233799,80.12058258,63160,63180,20
12.92306042,80.1254425,64855,64875,20
12.92253017,80.14363861,65188,65218,30
12.9226799,80.14717865,65288,65309,21
12.92329979,80.16033936,65530,65551,21
12.92057037,80.18502808,65884,65904,20
12.91714001,80.19407654,66095,66116,21
12.91075993,80.19642639,66237,66257,20
12.90172958,80.21797943,66570,66590,20
12.90143013,80.22039032,66630,66650,20
12.96306992,80.24649811,67851,67871,20
12.9783802,80.25228882,68103,68123,20
12.97966957,80.25263977,68143,68163,20
12.98797989,80.25198364,68284,68305,21
12.98766041,80.25485992,70655,70685,30
12.98775959,80.25166321,70927,70946,19
12.98007965,80.25279999,71109,71139,30
12.97859001,80.25254822,71169,71190,21
12.96502018,80.2473526,71371,71391,20
12.96391964,80.2469101,71422,71442,20
12.95637035,80.24356842,71603,71623,20
12.95168972,80.24167633,71694,71714,20
12.94707966,80.24001312,71785,71805,20
12.9338398,80.23298645,72027,72047,20
12.90133953,80.2280426,72511,72531,20
12.90089989,80.22711945,72572,72592,20
12.90764046,80.19888306,72965,72985,20
12.91989994,80.18257141,73419,73449,30
12.92335987,80.15498352,73802,73822,20
12.92234039,80.14141846,74105,74125,20
12.92267036,80.13114166,74266,74287,21
12.9230299,80.12554169,75225,75245,20
12.92031956,80.18392181,76143,76163,20
12.9163599,80.19438171,76405,76425,20
12.9108696,80.19635773,76526,76546,20
12.90207958,80.22794342,77081,77101,20
12.94857979,80.24056244,77726,77747,21
12.97951031,80.25270081,78271,78291,20
12.98680973,80.25161743,78392,78412,20
12.89964962,80.22789764,20741,20761,20
12.8048296,80.22398376,21659,21680,21
12.7863102,80.22038269,21861,21882,21
12.78633976,80.22038269,23961,23981,20
12.80148029,80.22355652,24163,24183,20
12.84539986,80.22650909,24637,24658,21
12.90266037,80.22795105,25233,25263,30
12.98869991,80.25588226,26576,26596,20
13.0067997,80.25260162,26940,26960,20
12.99843979,80.25604248,29635,29656,21
12.99757957,80.25592041,29686,29716,30
12.98612022,80.25554657,29948,29968,20
12.95643044,80.24368286,30382,30402,20
12.84549046,80.22662354,31816,31836,20
12.83985996,80.2276001,31957,31987,30
12.78651047,80.22045898,32593,32613,20
12.77064037,80.18469238,34551,34581,30
12.77466965,80.19380951,34712,34733,21
12.7864399,80.22041321,35167,35197,30
12.84531975,80.22654724,35974,35994,20
12.89196968,80.22725677,36469,36499,30
12.90071964,80.22779083,36610,36630,20
12.90256023,80.22792816,36660,36681,21
12.90684032,80.22817993,36761,36782,21
12.93367004,80.23271942,37034,37054,20
12.94733047,80.23995972,37226,37246,20
12.98567963,80.25189972,37912,37932,20
12.9882803,80.25582886,38255,38275,20
12.99349976,80.2559433,38356,38376,20
12.99750996,80.25589752,38629,38649,20
12.99890041,80.25605774,39618,39648,30
13.00557041,80.25727844,39820,39850,30
12.99849033,80.25608063,41374,41404,30
12.98608017,80.25553131,41687,41707,20
12.94908047,80.2408371,42313,42333,20
12.90719032,80.22834778,42797,42827,30
12.78684044,80.2206192,44392,44422,30
12.78660965,80.22052002,44432,44462,30
12.78466034,80.21962738,44523,44553,30
12.77077007,80.212883,44674,44694,20
12.77390003,80.20108032,44816,44836,20
12.76319027,80.18351746,45169,45199,30
12.7707901,80.21309662,46168,46188,20
12.79636955,80.22293854,46552,46572,20
12.90622997,80.2281189,47975,47995,20
12.93356037,80.23264313,48288,48308,20
12.95635033,80.24324799,48580,48600,20
12.99489975,80.25585938,49428,49458,30
12.99526978,80.25582123,49468,49489,21
12.99779987,80.25605774,51275,51295,20
13.00051975,80.25640869,51396,51416,20
13.00656033,80.25340271,51659,51679,20
13.00625038,80.25746918,52143,52163,20
13.00594997,80.25737762,52163,52183,20
12.99007988,80.25598145,52698,52728,30
12.98869991,80.25588226,52759,52789,30
12.98810959,80.25579071,52829,52859,30
12.98608971,80.25544739,52900,52920,20
12.95650959,80.24365997,53344,53374,30
12.8927002,80.22737122,54121,54141,20
12.83207989,80.22915649,54737,54757,20
12.78736019,80.22080231,55312,55332,20
12.78637028,80.22039795,55383,55403,20
12.7845602,80.21955872,55443,55462,19
12.77077007,80.21286011,55595,55615,20
12.76721954,80.18308258,56037,56057,20
12.76317024,80.1835022,57137,57157,20
12.78565979,80.220047,57964,57985,21
12.78598022,80.22016907,57995,58025,30
12.80545044,80.22412872,58338,58358,20
12.84537983,80.22657776,58802,58822,20
12.86079979,80.22653961,58974,58994,20
12.8726902,80.22666931,59105,59135,30
12.88366032,80.22664642,59298,59317,19
12.9029398,80.22799683,59549,59569,20
12.95619011,80.24329376,60427,60457,30
12.9988699,80.25598145,61568,61598,30
12.99962997,80.25624084,63637,63667,30
12.99847984,80.25611115,63697,63718,21
12.95639992,80.24362946,64616,64636,20
12.93381023,80.2329483,64939,64959,20
12.8994503,80.22779846,65504,65534,30
12.83218002,80.22913361,66453,66473,20
12.81910038,80.2305069,66594,66615,21
12.78617001,80.22032928,67452,67473,21
12.77077007,80.21286011,67715,67735,20
12.77460957,80.19374084,68038,68058,20
12.76317978,80.18347931,68401,68421,20
12.77464008,80.19376373,69461,69490,29
12.77311993,80.20617676,69663,69693,30
12.78617001,80.22028351,69986,70006,20
12.7863903,80.22041321,70016,70037,21
12.84531975,80.2265625,70763,70784,21
12.89202023,80.22727203,71278,71298,20
12.93939972,80.23548889,71965,71985,20
12.96652985,80.24780273,72379,72399,20
12.98822975,80.25582886,72903,72924,21
12.99726963,80.19155121,47520,47550,30
12.99728966,80.19159698,47661,47683,22
12.99748039,80.19187927,77397,77427,30
13.07623959,80.27599335,1629,1659,30
13.07600975,80.27594757,1659,1688,29
13.07592964,80.27587128,1720,1750,30
13.08176041,80.27555847,25379,25409,30
13.08203983,80.27799988,25440,25469,29
13.0884304,80.28263092,26212,26234,22
13.0642004,80.28356171,26709,26729,20
13.0506897,80.28083801,26911,26928,17
13.04347992,80.27980804,26978,26998,20
13.02429962,80.27430725,27282,27312,30
12.99845028,80.25605774,27868,27888,20
12.99713039,80.2559433,27918,27939,21
12.95648956,80.24353027,28464,28485,21
12.94241047,80.24033356,30777,30807,30
12.94258022,80.23973083,30807,30837,30
12.94295979,80.23854065,30837,30867,30
12.94122028,80.23622131,30929,30948,19
12.93959045,80.23558044,31059,31079,20
12.94703007,80.23986053,31170,31190,20
12.95639038,80.24330139,31372,31402,30
12.96658039,80.24781036,31575,31594,19
12.97867966,80.252388,31716,31746,30
12.97964001,80.25261688,31767,31797,30
12.99878025,80.25601196,32321,32342,21
13.01651001,80.25971985,32676,32705,29
13.01873016,80.26651001,32877,32898,21
13.01875019,80.26670837,32898,32918,20
13.01877975,80.26689911,32918,32938,20
13.0571804,80.28193665,33678,33698,20
13.06766987,80.28417206,33839,33859,20
13.08794022,80.28397369,34376,34406,30
13.08837032,80.28298187,36149,36178,29
13.08819962,80.28173828,36209,36239,30
13.0309,80.27722168,37280,37300,20
13.02612019,80.27528381,37381,37401,20
13.02418041,80.27416229,37441,37471,30
12.95643044,80.24371338,39030,39050,20
12.87637043,80.2265625,40141,40161,20
12.87458038,80.2101593,40393,40412,19
12.87460041,80.20951843,42384,42414,30
12.87473011,80.21013641,42414,42444,30
12.87658978,80.21048737,42444,42473,29
12.87817955,80.21769714,42567,42597,30
12.87730026,80.22158051,42597,42627,30
12.87656021,80.22560883,42627,42656,29
12.87849998,80.22673035,42688,42718,30
12.88212013,80.22664642,42718,42747,29
12.88683987,80.22704315,42779,42808,29
12.89052963,80.22728729,42808,42838,30
12.89052963,80.22728729,42838,42868,30
12.89418983,80.22750854,42910,42930,20
12.90639973,80.22821808,43202,43232,30
12.95631027,80.24336243,43869,43889,20
12.96308994,80.24649811,43970,43990,20
12.98762035,80.25505829,44566,44587,21
12.99520016,80.2559433,45021,45042,21
12.99975014,80.25624847,45183,45203,20
13.0004797,80.25640869,45233,45253,20
13.00253963,80.25672913,45396,45416,20
13.03127956,80.27749634,46213,46243,30
13.0330801,80.27744293,46293,46313,20
13.04578972,80.28009033,46507,46527,20
13.06371021,80.28343201,47143,47173,30
13.06793022,80.28424835,47212,47242,30
13.07429981,80.28530121,47273,47302,29
13.07816982,80.28125,47335,47364,29
13.07374954,80.27658844,47417,47437,20
13.07575989,80.27490234,52122,52151,29
13.08164024,80.27606201,53547,53567,20
13.07398987,80.27644348,53790,53819,29
13.0719099,80.27469635,53870,53900,30
13.06554031,80.26763153,54164,54184,20
13.04706955,80.2662735,54679,54699,20
13.03596973,80.26779175,54862,54883,21
13.0220499,80.2633667,55157,55177,20
12.99874973,80.25608063,55682,55702,20
12.99761963,80.25591278,55732,55762,30
12.98801041,80.25579834,55943,55973,30
12.98721981,80.2592926,56026,56046,20
12.98717976,80.25956726,56066,56086,20
12.98719025,80.25913239,57268,57288,20
12.98738956,80.2583313,57308,57338,30
12.98742008,80.25808716,57348,57367,19
12.99435997,80.25589752,57651,57681,30
12.9988699,80.25601959,57853,57883,30
13.02647972,80.26418304,58621,58642,21
13.04564953,80.26664734,59246,59267,21
13.05175018,80.26397705,59366,59386,20
13.05436993,80.26425934,59459,59479,20
13.06381989,80.26531219,59793,59813,20
13.08166981,80.27609253,61006,61036,30
13.08154011,80.27567291,61046,61066,20
13.06879997,80.27204132,61391,61421,30
13.06048965,80.26544189,61694,61714,20
13.04691982,80.26641083,61998,62017,19
13.04104996,80.26824188,62108,62128,20
13.0367403,80.26769257,62331,62352,21
13.03643036,80.26773071,62362,62392,30
13.02528,80.26537323,62737,62759,22
13.01910973,80.26293945,62951,62970,19
12.99925995,80.25623322,63425,63445,20
12.99890041,80.2561264,63455,63475,20
12.9938097,80.256073,64890,64919,29
12.99857044,80.256073,65140,65170,30
13.00590992,80.25743103,65465,65485,20
13.01651955,80.25981903,65697,65717,20
13.02653027,80.26403046,65960,65981,21
13.0340004,80.26802063,66264,66284,20
13.04360008,80.26747131,66652,66673,21
13.0471096,80.26638031,66723,66742,19
13.05445957,80.26435089,66945,66965,20
13.06390953,80.26544189,67339,67359,20
13.06696987,80.26860046,67490,67510,20
13.07085037,80.27407837,67683,67701,18
13.08168983,80.27610016,68391,68413,22
13.08156013,80.27590942,68423,68452,29
13.07081032,80.27443695,68686,68716,30
13.05469036,80.2644577,69221,69251,30
13.05333996,80.26400757,69291,69321,30
13.05276012,80.2639389,69342,69372,30
13.05216026,80.26392365,69384,69402,18
13.04695034,80.26641846,69545,69566,21
13.03417969,80.26809692,70060,70090,30
13.03275967,80.26779175,70123,70143,20
13.01597977,80.259758,70658,70679,21
13.00646019,80.25775146,70860,70880,20
13.00438023,80.25726318,70941,70961,20
12.99855042,80.2562027,71315,71345,30
12.99615002,80.25598907,71395,71414,19
12.99481964,80.25598145,73432,73462,30
12.99847984,80.25604248,73634,73655,21
12.99866009,80.25610352,73665,73694,29
13.04413033,80.26709747,74965,74984,19
13.06628036,80.2682724,75662,75683,21
13.07833958,80.27532959,76056,76078,22
13.08187962,80.27848053,76920,76940,20
13.08178043,80.27722931,76980,77000,20
13.08150959,80.27580261,77162,77192,30
13.07376003,80.27648163,77313,77333,20
13.06861973,80.27207184,77454,77475,21
13.06511974,80.26769257,77576,77596,20
13.03713989,80.26763916,78278,78298,20
12.99925041,80.25621033,79077,79107,30
12.99874973,80.25614166,79127,79148,21
12.98727036,80.25948334,79703,79724,21
12.98701954,80.25911713,79774,79804,30
12.98863983,80.255867,79986,80016,30
13.04553032,80.26660156,81572,81592,20
13.08145046,80.27509308,82352,82373,21
13.08199024,80.27577972,82403,82433,30
13.08209038,80.27826691,82493,82515,22
13.08156013,80.27552032,82555,82575,20
13.02293968,80.22714233,26143,26164,21
13.01451969,80.22625732,26285,26315,30
12.99752045,80.21652985,26638,26668,30
12.98328018,80.22219086,26972,26993,21
12.97562981,80.22106934,27144,27164,20
12.96292019,80.21578979,27386,27407,21
12.91707039,80.19252777,28277,28297,20
12.90614033,80.18875122,28730,28753,23
12.89735031,80.18200684,28914,28934,20
12.89144039,80.17651367,29066,29086,20
12.82767963,80.16516876,30140,30170,30
12.81017017,80.15969086,31442,31465,23
12.82777977,80.1651535,31798,31828,30
12.86528969,80.17568207,32576,32596,20
12.87578011,80.17086792,32728,32747,19
12.87938976,80.16992188,32798,32819,21
12.88002968,80.17024994,32847,32863,16
12.89159012,80.17668152,33089,33119,30
12.89762974,80.18202209,33463,33493,30
12.90664959,80.18900299,33666,33696,30
12.91263008,80.19185638,33787,33807,20
12.91921997,80.19612122,34150,34171,21
12.92955971,80.20271301,34393,34413,20
12.94005966,80.20559692,34607,34627,20
12.94431019,80.20832062,34708,34738,30
12.95366955,80.21195221,34910,34930,20
12.96411991,80.2161026,35101,35122,21
12.97581959,80.22102356,35454,35484,30
12.98299026,80.22196198,35658,35678,20
12.99757957,80.21643829,36001,36021,20
13.01558018,80.22505188,36375,36396,21
13.02320004,80.22753143,37937,37959,22
13.02297974,80.22738647,37959,37989,30
12.99917984,80.21711731,38786,38806,20
12.99081993,80.22015381,38967,38987,20
12.98316002,80.22218323,39131,39151,20
12.97609043,80.22132874,39292,39312,20
12.97570992,80.22113037,39333,39363,30
12.97113991,80.21923065,39444,39464,20
12.96294022,80.21578979,39565,39585,20
12.87071991,80.17420959,41380,41409,29
12.87071991,80.17420959,41409,41438,29
12.82773018,80.1651001,43423,43444,21
12.82789993,80.1651535,43454,43484,30
12.83355045,80.16674042,43565,43585,20
12.83839035,80.1696167,43716,43736,20
12.85319042,80.1712265,43878,43898,20
12.91711998,80.19200897,45011,45032,21
12.91707993,80.19302368,45122,45142,20
12.93398952,80.20385742,45517,45537,20
12.93992996,80.20556641,45618,45638,20
12.94439983,80.20835114,45729,45749,20
12.96747971,80.21755219,46162,46185,23
12.9759903,80.22110748,46518,46548,30
12.98297024,80.22196198,46750,46770,20
13.0259304,80.2308197,47781,47811,30
13.02915001,80.2307663,47893,47923,30
13.02313995,80.22750092,50009,50039,30
13.01428986,80.22625732,50241,50261,20
12.99783993,80.21656799,50675,50696,21
12.99722958,80.21652985,50738,50758,20
12.9956398,80.2167511,50839,50869,30
12.98764038,80.22309875,51071,51091,20
12.98320007,80.22219849,51192,51222,30
12.97093964,80.21917725,51475,51505,30
12.94421959,80.20839691,51930,51950,20
12.93375969,80.20394135,52132,52162,30
12.91714954,80.19425201,52516,52546,30
12.91668034,80.19232941,52596,52616,20
12.89148045,80.17662811,53052,53072,20
12.82758045,80.1651535,53995,54025,30
12.81000042,80.15959167,54298,54328,30
12.82676983,80.16468048,55158,55178,20
12.85639,80.17209625,55704,55724,20
12.88218975,80.17079926,56042,56062,20
12.88218975,80.17079926,56062,56081,19
12.89758968,80.18203735,56376,56396,20
12.91709042,80.19284058,56871,56891,20
12.92936993,80.20269012,57163,57184,21
12.93391037,80.2038269,57243,57266,23
12.97484016,80.22042847,57962,57982,20
12.97609997,80.22123718,58023,58043,20
12.98283958,80.22189331,58173,58194,21
12.98647022,80.2229538,58275,58295,20
13.01117039,80.22302246,58811,58831,20
13.01554012,80.22499847,58932,58953,21
13.03030014,80.23072052,59378,59398,20
13.03057003,80.23071289,59408,59438,30
13.03324986,80.23052216,59499,59519,20
13.03481007,80.23001862,59590,59620,30
13.02476025,80.22930908,60570,60600,30
13.02301979,80.22743225,60671,60691,20
13.01982975,80.22476959,60772,60792,20
12.98320961,80.22216034,61623,61643,20
12.97601032,80.22138214,61775,61805,30
12.92973995,80.20282745,62646,62666,20
12.87450981,80.17175293,63850,63868,18
12.85641956,80.17217255,64082,64102,20
12.82759953,80.16513824,64536,64556,20
12.81140995,80.15952301,64932,64962,30
12.81124973,80.15950775,65073,65103,30
12.83349037,80.16671753,65528,65548,20
12.85641956,80.17211151,65902,65932,30
12.87897968,80.16992188,66318,66338,20
12.8915596,80.17672729,66590,66610,20
12.91713047,80.19191742,67159,67179,20
12.93377972,80.20381165,67766,67786,20
12.9488802,80.20990753,68352,68382,30
12.97111034,80.21888733,68777,68797,20
12.97175026,80.21920013,68858,68888,30
12.98073006,80.21816254,69535,69555,20
12.98400021,80.21775818,69717,69737,20
12.99147034,80.21936798,69868,69887,19
13.02371979,80.22766876,70528,70558,30
13.02455997,80.22870636,70598,70618,20
13.02595997,80.23088837,70719,70740,21
13.02600002,80.23114777,70740,70760,20
13.0262804,80.23124695,70780,70810,30
13.02772999,80.23091888,71002,71022,20
13.03034019,80.23068237,71316,71346,30
13.03370953,80.23045349,71407,71427,20
13.03489017,80.23013306,71468,71488,20
13.0327301,80.2305603,71821,71851,30
13.01653957,80.22544098,72468,72488,20
12.99600029,80.21669006,73045,73065,20
12.99540997,80.21685028,73085,73105,20
12.9874897,80.21839142,73379,73399,20
12.98254013,80.21797943,73581,73611,30
12.9803896,80.21845245,74004,74024,20
12.97107029,80.21916199,75299,75320,21
12.92963028,80.20279694,76016,76036,20
12.91707039,80.19254303,76401,76431,30
12.91734028,80.19042969,76512,76532,20
12.91714001,80.19302368,76593,76623,30
12.97601986,80.22113037,77998,78028,30
12.99545956,80.21672821,78555,78575,20
12.99571037,80.21665955,78575,78605,30
12.99608994,80.21658325,78605,78625,20
12.99757957,80.21646118,78666,78686,20
13.01982975,80.22479248,79485,79505,20
12.99701977,80.19161987,19253,19283,30
12.99654007,80.19126129,19303,19324,21
13.00370026,80.20078278,19758,19778,20
13.0350399,80.21103668,20262,20283,21
13.06964016,80.20480347,20887,20908,21
13.08808994,80.17809296,21533,21553,20
13.09937954,80.17014313,21786,21806,20
13.09969997,80.17008209,21816,21846,30
13.08734035,80.19824982,23128,23148,20
13.07347965,80.20066071,23350,23373,23
13.06986046,80.2050705,23403,23433,30
13.05025005,80.21218109,23918,23938,20
13.00977039,80.21125793,24685,24715,30
13.00949955,80.2110672,24715,24745,30
12.99732018,80.21650696,25240,25270,30
12.97628021,80.22122192,27320,27340,20
12.98293972,80.22194672,27431,27451,20
12.98894978,80.22205353,27582,27602,20
13.04835987,80.21202087,28773,28794,21
13.04948044,80.21192932,28824,28844,20
13.08728027,80.19281769,29884,29904,20
13.08812046,80.17887115,30116,30136,20
13.08852005,80.17194366,30217,30237,20
13.09961033,80.16967773,30500,30530,30
13.09488964,80.16993713,32549,32569,20
13.08780956,80.18977356,32952,32973,21
13.07380009,80.20037079,33609,33629,20
13.06414032,80.2116394,34113,34133,20
13.04965973,80.21218109,34386,34406,20
13.02956963,80.20896149,34941,34961,20
13.01906967,80.20635223,35123,35143,20
13.01360989,80.20465088,35254,35274,20
12.98690987,80.21824646,36455,36475,20
13.00370026,80.2118988,38211,38232,21
13.0072298,80.20976257,38332,38353,21
13.01511955,80.20459747,38565,38585,20
13.03155994,80.20929718,38847,38867,20
13.03499031,80.21124268,38958,38978,20
13.03672981,80.21231079,39049,39079,30
13.05438042,80.21144104,39362,39382,20
13.08283997,80.19844818,40059,40079,20
13.09957027,80.17008972,40916,40937,21
13.08778,80.18981934,42654,42674,20
13.08321953,80.19870758,43199,43229,30
13.06795979,80.20529938,43572,43602,30
13.06958008,80.20478821,43643,43663,20
13.06392002,80.21173096,43774,43794,20
13.04957008,80.21212769,44067,44087,20
13.03417969,80.2121582,44460,44480,20
13.0099802,80.21150208,45076,45096,20
13.00932026,80.21108246,45147,45167,20
13.01488018,80.22454071,45399,45419,20
12.9910202,80.21946716,46045,46065,20
12.98198986,80.22154999,47357,47387,30
12.98346043,80.22223663,47428,47458,30
12.99038029,80.22035217,47599,47619,20
12.99125004,80.2196579,47650,47680,30
12.99748993,80.21604919,47801,47821,20
13.00364017,80.21192169,47942,47963,21
13.01506996,80.20458984,48356,48376,20
13.03495026,80.21121979,48740,48770,30
13.04862022,80.21198273,49184,49204,20
13.05420017,80.21143341,49325,49345,20
13.07971001,80.1986618,49991,50011,20
13.08001041,80.19864655,50011,50032,21
13.08127022,80.19854736,50082,50102,20
13.08808994,80.17900848,50637,50657,20
13.08850002,80.17192078,50768,50789,21
13.09947014,80.17009735,51011,51041,30
13.08823013,80.17855835,53746,53766,20
13.08778954,80.18972015,53959,53989,30
13.08759022,80.20046234,54453,54473,20
13.08640003,80.20037842,54514,54534,20
13.07376003,80.20036316,54827,54847,20
13.06410027,80.21163177,55291,55321,30
13.05457973,80.21159363,55463,55493,30
13.0453701,80.21235657,55634,55654,20
13.03419018,80.21205902,55907,55927,20
13.00938988,80.21109009,56522,56543,21
13.01543999,80.22530365,56755,56775,20
12.99543953,80.21685028,57239,57259,20
12.97591972,80.2202301,57754,57784,30
12.98279953,80.22190857,58723,58743,20
12.99137974,80.2196579,58955,58975,20
13.00362015,80.21199036,59278,59298,20
13.02443027,80.2067337,59874,59894,20
13.04380035,80.21243286,60247,60267,20
13.06322956,80.21148682,60873,60893,20
13.06340981,80.21147919,60893,60923,30
13.06935978,80.20475769,61176,61206,30
13.08771992,80.18833923,61852,61882,30
13.08920956,80.1696167,63273,63292,19
13.08827972,80.17852783,63495,63514,19
13.08788967,80.18789673,63695,63715,20
13.08780956,80.18985748,63725,63746,21
13.08576012,80.20037842,64260,64281,21
13.0697403,80.20487976,64856,64886,30
13.05764008,80.2116394,65169,65189,20
13.03050041,80.20925903,65765,65785,20
13.00979996,80.21130371,66330,66360,30
12.99886036,80.21691895,67067,67087,20
12.99816036,80.21662903,67107,67127,20
12.99662971,80.21653748,67208,67238,30
12.9956398,80.21674347,67259,67289,30
12.9773798,80.21965027,67703,67723,20
12.98279953,80.2219162,72346,72376,30
12.98631001,80.22293091,72477,72497,20
13.00736046,80.20983887,73527,73547,20
13.03499985,80.21121979,74193,74214,21
13.06309986,80.21153259,74698,74728,30
13.06875992,80.20484924,74890,74920,30
13.06978989,80.20481873,74950,74969,19
13.07462025,80.19928741,75112,75132,20
13.08708954,80.19796753,75384,75405,21
13.08773041,80.18862152,75556,75576,20
13.08730984,80.19828033,78645,78675,30
13.07001972,80.20475769,79271,79301,30
13.06974983,80.20491791,79614,79644,30
13.04948044,80.21218872,80048,80068,20
12.99726009,80.21650696,81532,81552,20
12.9948597,80.21717072,81593,81613,20
13.00687027,80.20970917,84096,84116,20
13.0035696,80.20079041,25034,25064,30
13.06958008,80.2053299,26184,26214,30
13.06877995,80.20498657,26265,26285,20
13.06882954,80.20482635,26285,26315,30
13.08810043,80.17964172,26969,26990,21
13.09972,80.16979218,27333,27353,20
13.08827019,80.17830658,28342,28372,30
13.08782959,80.18955994,28544,28574,30
13.08423042,80.1986618,29028,29048,20
13.06993961,80.20500183,29341,29361,20
13.06807041,80.20539856,29402,29422,20
13.01358032,80.20465851,30593,30613,20
13.01084042,80.21212006,30774,30794,20
13.01006031,80.21150208,30915,30936,21
13.00971985,80.21125031,30956,30986,30
13.01825047,80.20587158,34286,34306,20
13.02987957,80.20892334,34488,34508,20
13.03497982,80.21083832,34619,34639,20
13.0349102,80.21198273,34690,34720,30
13.04850006,80.2120285,35003,35023,20
13.06737041,80.20870972,35314,35336,22
13.06871033,80.20504761,35426,35447,21
13.08703995,80.19841766,35881,35901,20
13.08773994,80.18908691,36062,36082,20
13.08823967,80.17849731,38000,38030,30
13.06797028,80.20533752,39078,39108,30
13.06966972,80.20478058,39188,39209,21
13.05125999,80.21208954,39542,39562,20
13.05062962,80.21204376,39572,39592,20
13.00944996,80.21103668,40642,40672,30
12.9771204,80.22128296,42236,42256,20
12.98235989,80.22164154,42357,42377,20
12.99365044,80.21797943,42619,42640,21
12.99384022,80.21787262,42640,42660,20
12.99744034,80.21611786,42751,42771,20
13.08771038,80.18910217,44920,44940,20
13.08815956,80.18000793,45102,45122,20
13.08852005,80.17220306,45273,45292,19
13.08862019,80.17032623,45324,45354,30
13.09498978,80.1699295,47140,47160,20
13.08743,80.1922226,47705,47725,20
13.06801033,80.20529938,48533,48553,20
13.04955959,80.2121582,49178,49199,21
13.03413963,80.21209717,49451,49471,20
13.01517963,80.2258606,50309,50329,20
12.99705029,80.19164276,60298,60318,20
12.99761009,80.25704956,3649,3669,20
13.00662994,80.25498962,26841,26871,30
13.00162983,80.25656891,27002,27023,21
12.99878025,80.25614166,27073,27103,30
12.99839973,80.256073,27113,27134,21
12.98505974,80.25965118,27446,27466,20
12.97653008,80.25907135,27587,27608,21
12.8622303,80.24204254,28859,28879,20
12.77834034,80.24842072,30049,30069,20
12.76284981,80.24543762,30221,30241,20
12.85198021,80.24131012,35315,35335,20
12.87088966,80.24326324,35547,35567,20
12.88774967,80.24546814,35769,35789,20
12.89803982,80.24745941,35910,35931,21
12.94979954,80.25480652,36506,36526,20
12.96150017,80.2562027,36657,36677,20
12.96280956,80.25643158,36697,36717,20
12.98696995,80.25803375,37202,37222,20
12.99897957,80.25602722,37635,37656,21
13.00656033,80.25256348,37988,38009,21
12.99835968,80.25605011,38705,38725,20
12.98857975,80.25598907,38967,38987,20
12.98501968,80.2596283,39149,39179,30
12.96187973,80.25631714,39734,39754,20
12.94274044,80.25341034,40065,40084,19
12.78670025,80.24974823,41990,42010,20
12.78643036,80.25009155,42041,42061,20
12.76280022,80.24545288,42293,42313,20
12.62112999,80.19452667,43645,43665,20
12.76321983,80.24552917,45874,45894,20
12.77865028,80.2484436,46035,46055,20
12.78670025,80.24907684,46217,46237,20
12.85194016,80.2412796,47034,47054,20
12.88772011,80.24545288,47528,47549,21
12.9205904,80.251297,47902,47922,20
12.93846035,80.25263214,48124,48144,20
12.9612999,80.25611115,48457,48487,30
12.96963024,80.25765228,48618,48638,20
12.97679043,80.25907135,48769,48789,20
12.99853039,80.25596619,49506,49536,30
13.00650024,80.25327301,49869,49889,20
13.00405025,80.25700378,51896,51916,20
13.0001297,80.2563324,52098,52118,20
12.98521042,80.25965118,52693,52723,30
12.96644974,80.25686646,53066,53087,21
12.86163998,80.24211884,54438,54459,21
12.71870995,80.22820282,55993,56013,20
12.64762974,80.20288849,56659,56679,20
12.62825966,80.1947937,58293,58313,20
12.65135002,80.20619202,58545,58565,20
12.68918037,80.2171936,59019,59039,20
12.76315022,80.24552155,59806,59826,20
12.78672981,80.24906921,60139,60159,20
12.89844036,80.24758148,61582,61602,20
12.93859005,80.25267792,62076,62096,20
12.96331978,80.25650024,62490,62520,30
12.97749996,80.25914001,62782,62811,29
12.98270988,80.25942993,62984,63004,20
12.9971199,80.25585175,63771,63791,20
12.99880028,80.25604248,63830,63851,21
13.00658989,80.25491333,64759,64780,21
12.9986496,80.25611115,65294,65314,20
12.98493958,80.2596283,65788,65809,21
12.96963978,80.25778198,66343,66363,20
12.9640398,80.25656128,66474,66494,20
12.96086025,80.25610352,66585,66605,20
12.95061016,80.25502777,66757,66777,20
12.95030022,80.25495911,66797,66817,20
12.93883038,80.25282288,66969,66989,20
12.8975296,80.24743652,67534,67554,20
12.88584042,80.24568939,67725,67745,20
12.86870003,80.24356079,67967,67988,21
12.86161995,80.24198914,68089,68119,30
12.79512024,80.24118805,68976,68996,20
12.75601959,80.24297333,69671,69693,22
12.74386024,80.23844147,69814,69834,20
12.73048019,80.23300934,69965,69985,20
12.68132019,80.21430206,70641,70661,20
12.78670025,80.24925995,74112,74132,20
12.96129036,80.25611115,75887,75907,20
12.99888039,80.25601196,76775,76795,20
13.00658035,80.25489807,77431,77461,30
12.98997021,80.25608063,78026,78046,20
12.98521996,80.25968933,78430,78450,20
12.96189022,80.25634766,78793,78813,20
13.04738045,80.2122879,55423,55451,28
13.04504013,80.21234894,55451,55481,30
13.04504013,80.21234894,55481,55503,22
13.04444981,80.21240997,55524,55554,30
13.03540039,80.20835876,56334,56354,20
13.03248978,80.2118988,56445,56465,20
13.03054047,80.20926666,56536,56566,30
13.03003979,80.20951843,56586,56606,20
13.02898026,80.22418976,57103,57124,21
13.02855015,80.22714233,57194,57213,19
13.0295496,80.23088074,57386,57406,20
13.02783012,80.23275757,57477,57497,20
13.02455997,80.22901917,57669,57689,20
13.02392006,80.2282486,57719,57740,21
13.01420021,80.2263031,57951,57971,20
13.00673962,80.24588013,58306,58336,30
13.00662041,80.25681305,58559,58589,30
12.99615955,80.26769257,59196,59226,30
13.00002956,80.26667786,59287,59307,20
13.00030041,80.26643372,59831,59851,20
12.9956398,80.26767731,59942,59962,20
12.99919987,80.25611877,60399,60429,30
13.00111961,80.25649261,60480,60510,30
13.00597954,80.25740051,60611,60641,30
13.00646019,80.25319672,60763,60783,20
13.00646019,80.25283813,60803,60833,30
13.00650978,80.24165344,61300,61320,20
13.00739956,80.23679352,61401,61431,30
13.01140976,80.2233429,61624,61644,20
13.01529026,80.22489166,61746,61776,30
13.0156002,80.22509003,61786,61807,21
13.02538013,80.22982025,62061,62081,20
13.02847004,80.23094177,62213,62243,30
13.03036022,80.228302,62394,62424,30
13.02877998,80.22402954,62567,62597,30
13.03116989,80.22318268,62677,62698,21
13.03215981,80.21981812,62759,62789,30
13.03166008,80.20935059,63289,63309,20
13.03555965,80.20536041,63481,63511,30
13.03678989,80.19835663,63693,63713,20
13.03707981,80.19632721,63754,63774,20
13.04139042,80.19683075,64025,64048,23
13.04102993,80.19931793,64088,64108,20
13.04125023,80.20520782,64219,64240,21
13.04706955,80.21179962,64543,64563,20
13.04880047,80.20681763,64775,64795,20
13.04957962,80.21222687,65554,65584,30
13.04417992,80.2111969,65736,65756,20
13.04405975,80.2088623,65806,65826,20
13.04080963,80.20514679,65909,65929,20
13.03861046,80.20137787,66072,66091,19
13.1207304,80.25933838,23879,23899,20
13.11061001,80.25964355,24343,24363,20
13.10768032,80.26055908,24444,24464,20
13.10437965,80.26103973,24555,24575,20
13.09066963,80.25865936,24938,24958,20
13.08201981,80.27555084,25503,25523,20
13.08724976,80.28376007,26169,26199,30
13.08751965,80.28375244,26199,26229,30
13.08137989,80.27320099,26582,26612,30
13.07431984,80.22093964,27692,27722,30
13.07503986,80.21646118,27803,27833,30
13.0723896,80.2020874,28166,28186,20
13.06982994,80.20481873,28872,28892,20
13.07452011,80.19944763,28993,29023,30
13.07662964,80.23758698,29921,29941,20
13.08708,80.28370667,32412,32432,20
13.08773994,80.28372955,32483,32513,30
13.08798027,80.28366089,32513,32543,30
13.08069992,80.26541901,33098,33128,30
13.07707024,80.24002075,33814,33834,20
13.07513046,80.23235321,33985,34015,30
13.07421017,80.22177124,34207,34227,20
13.07614994,80.2130127,34550,34570,20
13.06997967,80.20500946,34903,34933,30
13.06917,80.2052002,34964,34984,20
13.06877041,80.20516205,35014,35034,20
13.07435036,80.19954681,36728,36748,20
13.07668018,80.2042923,36920,36940,20
13.07509041,80.2171402,37222,37243,21
13.07439995,80.22119141,37354,37384,30
13.07394028,80.22680664,37545,37575,30
13.07874966,80.24993134,38090,38110,20
13.07886028,80.25401306,38181,38201,20
13.07886982,80.25414276,38201,38221,20
13.08003044,80.26194,38362,38381,19
13.08205032,80.27823639,38826,38856,30
13.08263969,80.27868652,39850,39871,21
13.08065987,80.26760101,40163,40183,20
13.07933998,80.26294708,40395,40415,20
13.07942009,80.26280212,40425,40445,20
13.07903004,80.2568512,40637,40657,20
13.07866955,80.25346375,40718,40738,20
13.07695961,80.2405777,41151,41172,21
13.07703972,80.2401886,41182,41202,20
13.07639027,80.23725891,41262,41281,19
13.07384014,80.22609711,41555,41575,20
13.07481956,80.21797943,41837,41857,20
13.07721043,80.20935059,43410,43431,21
13.07721996,80.20977783,43451,43471,20
13.07443047,80.22116852,43844,43864,20
13.07411003,80.2233429,43935,43965,30
13.07392979,80.22691345,44106,44136,30
13.07546997,80.23336792,44247,44268,21
13.07812977,80.24716949,44721,44742,21
13.07872009,80.24996185,44802,44822,20
13.07946014,80.25977325,45074,45095,21
13.08078957,80.27065277,45367,45397,30
13.08199978,80.27526855,45488,45518,30
13.08740044,80.28369141,46365,46385,20
13.08308983,80.27887726,46617,46637,20
13.08069992,80.26760864,46970,46989,19
13.07707977,80.23996735,47757,47777,20
13.07641029,80.23731232,47898,47918,20
13.07577038,80.23429108,47969,47989,20
13.07464027,80.23040771,48069,48090,21
13.07427025,80.22138214,48251,48271,20
13.07464981,80.21917725,48382,48402,20
13.0750103,80.21652222,48493,48523,30
13.07606983,80.21307373,48584,48604,20
13.07705021,80.21080017,48664,48685,21
13.06986046,80.20500946,49028,49058,30
13.07176018,80.20246124,49552,49572,20
13.07429981,80.19953156,49653,49673,20
13.07522011,80.2155838,50026,50056,30
13.07551956,80.23352814,50530,50560,30
13.07639027,80.23683167,50641,50671,30
13.08018017,80.26244354,51327,51347,20
13.08806992,80.28356934,53394,53414,20
13.08250046,80.27857208,53626,53656,30
13.08135986,80.27339935,53818,53848,30
13.0802803,80.26338196,54070,54100,30
13.07948017,80.26277924,54130,54150,20
13.07240009,80.20202637,55825,55845,20
13.07433987,80.1995163,56732,56762,30
13.0769701,80.21154022,57013,57035,22
13.07396984,80.2245636,57337,57366,29
13.07886028,80.25393677,57952,57973,21
13.08693981,80.28375244,59819,59839,20
13.08831978,80.28309631,60041,60061,20
13.08831978,80.28256989,60081,60100,19
13.08598042,80.28092194,60162,60182,20
13.08088017,80.27118683,60656,60676,20
13.08067036,80.26770782,60727,60747,20
13.07872009,80.25351715,61100,61130,30
13.07701015,80.23999786,61554,61574,20
13.07388973,80.22530365,61917,61937,20
13.07466984,80.21855927,62250,62270,20
13.07501984,80.21640015,62310,62330,20
13.07717991,80.20942688,62512,62542,30
13.07390022,80.20025635,62703,62724,21
13.06836987,80.20514679,63481,63501,20
13.06879997,80.20478058,63652,63673,21
13.06931973,80.20477295,63693,63723,30
13.07409954,80.22373962,64661,64681,20
13.07664967,80.23793793,65075,65095,20
13.0771904,80.2401886,65155,65175,20
13.07882977,80.25060272,65849,65869,20
13.07882023,80.25379944,65940,65970,30
13.08802986,80.28368378,67715,67735,20
13.08131981,80.27342224,68260,68280,20
13.08127022,80.27308655,68290,68320,30
13.07909966,80.25769043,69087,69107,20
13.07866955,80.25354004,69659,69680,21
13.07866001,80.25338745,69690,69720,30
13.07870007,80.25187683,69750,69770,20
13.0769701,80.2399826,70175,70195,20
13.07386017,80.22541809,70588,70609,21
13.07404995,80.2233963,70709,70730,21
13.07431984,80.22064209,71010,71030,20
13.07452011,80.21955872,71050,71080,30
13.07458973,80.21925354,71091,71111,20
13.07635975,80.21266174,71393,71413,20
13.07717037,80.20941925,71494,71514,20
13.07355022,80.20059967,71716,71736,20
13.07236004,80.20207214,71776,71797,21
13.0717802,80.20246124,72402,72432,30
13.07509041,80.21695709,72946,72967,21
13.07392025,80.22698212,73340,73360,20
13.0757103,80.23396301,73471,73501,30
13.07697964,80.23948669,73612,73632,20
13.07882023,80.25376892,73874,73893,19
13.07903957,80.25547791,74026,74056,30
13.08080959,80.2705307,74348,74369,21
13.08199024,80.27490997,74500,74530,30
13.08201027,80.27792358,74621,74641,20
13.08664036,80.28372955,74822,74843,21
13.0829401,80.27880859,75256,75286,30
13.08164978,80.27586365,75498,75528,30
13.08154964,80.27474976,75710,75740,30
13.08139038,80.27359009,75770,75791,21
13.08557034,80.2629776,76063,76093,30
13.08701038,80.25863647,76194,76224,30
13.09072971,80.25866699,76315,76335,20
12.99884987,80.2559967,27875,27895,20
13.02659988,80.23284912,28803,28833,30
13.07726002,80.26094818,29942,29963,21
13.08561993,80.2453537,30437,30467,30
13.08395004,80.25456238,31495,31516,21
13.07773018,80.26194763,31747,31768,21
13.03540039,80.24611664,32937,32957,20
13.02462006,80.22905731,33260,33290,30
13.02093029,80.22560883,33401,33421,20
13.00687027,80.2406311,33875,33894,19
13.00669956,80.25691223,34188,34208,20
12.99860954,80.25610352,34379,34399,20
12.98721981,80.25907135,35650,35670,20
12.98863983,80.25589752,35851,35871,20
13.00671005,80.24880981,36618,36638,20
13.01931,80.22425842,37343,37364,21
13.02425003,80.22834015,37485,37515,30
13.0257597,80.23052216,37575,37596,21
13.02956963,80.23719025,37717,37737,20
13.05669022,80.25672913,38442,38463,21
13.08563995,80.24539185,39592,39612,20
13.09418964,80.24114227,39824,39844,20
13.09650993,80.24182892,39884,39904,20
13.08596992,80.24494171,40419,40439,20
13.07781029,80.26213837,41084,41104,20
13.05860043,80.26544189,41790,41810,20
13.02690983,80.23381042,42889,42919,30
13.00817966,80.2335968,43332,43353,21
13.00689983,80.23976898,43443,43464,21
13.00681973,80.25115204,43625,43645,20
13.00559998,80.25737,43776,43806,30
13.00481033,80.25717926,43847,43867,20
13.00422001,80.25714111,43887,43907,20
13.00362968,80.25711823,43968,43988,20
12.99847031,80.25608826,44240,44260,20
12.9872303,80.25927734,44825,44855,30
12.99343967,80.2559967,45692,45722,30
13.00072956,80.25640106,46135,46165,30
13.00212955,80.25663757,46206,46236,30
13.00582981,80.25736237,46327,46357,30
13.00675964,80.24906921,46619,46639,20
13.00736046,80.23696899,46942,46972,30
13.02429008,80.22839355,47456,47476,20
13.02952003,80.23710632,47668,47688,20
13.03075027,80.23912811,47728,47748,20
13.03864956,80.24674225,47950,47970,20
13.05671978,80.25670624,48444,48464,20
13.06060028,80.26112366,48575,48595,20
13.0630703,80.2640686,48666,48686,20
13.06682968,80.2684021,48827,48857,30
13.07730007,80.26100159,49281,49301,20
13.07942009,80.2545166,49553,49573,20
13.08567047,80.24659729,49926,49946,20
13.09395981,80.24107361,50128,50148,20
13.08586979,80.25016785,52181,52201,20
13.07779026,80.26210785,52665,52685,20
13.05650043,80.25736237,53663,53683,20
13.03209972,80.24215698,54187,54207,20
13.01455975,80.22612762,54641,54661,20
13.00819016,80.23365784,54762,54782,20
13.00658035,80.25704193,55145,55165,20
12.99868965,80.25611115,55377,55397,20
12.98727036,80.25924683,55871,55901,30
12.98713017,80.25956726,55911,55931,20
12.98719978,80.25906372,56466,56486,20
12.98826981,80.25572968,56738,56758,20
12.99407959,80.25588989,56859,56889,30
12.99878025,80.25595856,57060,57081,21
13.01119995,80.22374725,58008,58038,30
13.01928043,80.22425842,58250,58270,20
13.02414036,80.22825623,58371,58401,30
13.02544022,80.22997284,58442,58462,20
13.03505993,80.24585724,58784,58805,21
13.05663013,80.25668335,59329,59349,20
13.0636797,80.26495361,59591,59611,20
13.07728004,80.26094818,60176,60196,20
13.07944012,80.25457764,60448,60468,20
13.08563042,80.24594879,60831,60851,20
13.0985899,80.24230194,61245,61275,30
13.08574009,80.2467804,61940,61960,20
13.08088017,80.25480652,62263,62283,20
13.06793976,80.27105713,63180,63201,21
13.06056976,80.26540375,63453,63473,20
13.05646038,80.25731659,63654,63675,21
13.05356979,80.25276184,63775,63796,21
13.05346012,80.25263977,63796,63816,20
13.03275013,80.2431488,64269,64290,21
13.02919006,80.23690033,64632,64653,21
13.02715969,80.23417664,64693,64713,20
13.02709961,80.23407745,64713,64743,30
13.02622032,80.23235321,64804,64824,20
13.0248003,80.22931671,64874,64895,21
13.02390957,80.22821808,64925,64955,30
13.0082798,80.23345947,65268,65288,20
13.00662994,80.25502777,65711,65731,20
12.99884033,80.2561264,66215,66236,21
12.98742008,80.25836945,66689,66710,21
12.9872303,80.2594223,66750,66780,30
12.98742962,80.25743866,67355,67375,20
12.98810959,80.25582886,67436,67456,20
12.98873043,80.25595093,67496,67516,20
12.99129963,80.25604248,67567,67587,20
12.99866009,80.25598907,68343,68363,20
13.00652981,80.2466507,69118,69140,22
13.00730038,80.23681641,69331,69351,20
13.01543045,80.22492218,69674,69694,20
13.0191803,80.22428131,69755,69775,20
13.03575039,80.24620056,70592,70612,20
13.06315041,80.26429749,71267,71287,20
13.06626987,80.26815033,71398,71418,20
13.06704998,80.26860046,71449,71469,20
13.07028008,80.26582336,71590,71610,20
13.07548046,80.25804901,71832,71862,30
13.07896996,80.25531769,72104,72134,30
13.08008957,80.25469208,72568,72598,30
13.08469009,80.2501297,72891,72921,30
13.09420013,80.24114227,73294,73314,20
13.0968399,80.24194336,73375,73405,30
13.08561993,80.25454712,74444,74464,20
13.03520966,80.24603271,76238,76259,21
13.02254963,80.22692108,76672,76702,30
13.01994991,80.22486877,76743,76763,20
13.00669003,80.24638367,77338,77358,20
13.00658035,80.25512695,77499,77529,30
13.00259018,80.25679016,77751,77771,20
12.99736023,80.25598145,77902,77932,30
12.98925018,80.25604248,78124,78144,20
12.98700047,80.2596283,78457,78477,20
12.99516964,80.25588989,79354,79373,19
12.99876022,80.25601959,79506,79536,30
13.02593994,80.23114014,80514,80544,30
13.06190968,80.26270294,81280,81300,20
13.07542038,80.25849915,81885,81905,20
13.0855999,80.2454071,82319,82339,20
13.09850979,80.24230194,82551,82571,20
13.07903957,80.25473785,84144,84174,30
13.07157993,80.26460266,84507,84537,30
12.98715973,80.25914001,86221,86241,20
13.01323986,80.22644043,17620,17640,20
13.01037025,80.22299957,18891,18911,20
12.98511982,80.22319794,19295,19315,20
12.98324966,80.22215271,19325,19345,20
12.97692966,80.22123718,19436,19456,20
12.97577,80.22107697,19476,19496,20
12.95357037,80.21214294,19759,19779,20
12.94417,80.20836639,19880,19900,20
12.94112015,80.20607758,19930,19950,20
12.93348026,80.20393372,20041,20071,30
12.92895031,80.20252228,20122,20152,30
12.82744026,80.1651001,23362,23382,20
12.85641956,80.17208099,23776,23796,20
12.86023998,80.17286682,23897,23917,20
12.86320972,80.17430115,23968,23998,30
12.88049984,80.17047882,24226,24245,19
12.8923502,80.17835236,24488,24508,20
12.89760017,80.18203735,24589,24609,20
12.91217041,80.19187927,24852,24870,18
12.91736984,80.19078827,24972,24993,21
12.91709995,80.193573,25033,25063,30
12.93070984,80.20281982,25396,25416,20
12.93496037,80.2041626,25447,25477,30
12.96481991,80.21646118,26022,26042,20
13.03444004,80.22991943,28635,28655,20
13.03419018,80.23036194,28857,28877,20
13.02299023,80.22736359,29240,29270,30
12.99738026,80.21652222,29734,29754,20
12.99563026,80.21684265,29785,29805,20
12.96296024,80.21582031,30451,30471,20
12.9629097,80.21592712,30471,30491,20
12.92838001,80.19882965,31187,31217,30
12.86268044,80.17398071,32445,32465,20
12.85093975,80.17092133,32616,32637,21
12.83850002,80.16972351,32758,32778,20
12.83850002,80.16972351,32778,32798,20
12.8098402,80.15956116,33313,33343,30
12.81019974,80.15969086,33343,33373,30
12.81019974,80.15969086,33373,33393,20
12.82781029,80.16519165,34402,34422,20
12.85639954,80.17214203,34967,34987,20
12.88020992,80.16963196,35324,35353,29
12.88290024,80.17060089,35395,35425,30
12.89171982,80.17685699,35576,35596,20
12.90666008,80.1889801,35889,35909,20
12.90666008,80.1889801,35909,35939,30
12.91213989,80.1917572,35990,36010,20
12.91938972,80.19593811,36333,36353,20
12.9209404,80.19683075,36363,36383,20
12.92945004,80.20269775,36585,36605,20
12.93404007,80.20387268,36676,36706,30
12.94030952,80.20558929,36787,36807,20
12.94904041,80.20996857,36968,36988,20
12.94900036,80.21005249,36988,37009,21
12.96428013,80.21627045,37200,37221,21
12.96724033,80.21748352,37281,37301,20
12.96730995,80.21750641,37301,37321,20
12.97634029,80.22123718,37634,37654,20
12.98462009,80.2230835,37856,37876,20
12.98991966,80.22077179,37967,37987,20
13.00236034,80.21920013,38270,38300,30
13.01389027,80.22344971,38491,38512,21
13.01591015,80.22512817,38532,38552,20
13.02381992,80.22807312,38714,38734,20
13.0350399,80.2299881,39248,39268,20
13.03407001,80.23033142,39480,39500,20
13.03400993,80.23016357,39500,39520,20
13.03405952,80.2303772,39904,39924,20
13.01422024,80.2261734,40519,40549,30
13.01408005,80.22525787,40660,40680,20
12.98771,80.22309113,41286,41304,18
12.98305988,80.22206879,41427,41447,20
12.95246029,80.21170044,41982,42012,30
12.94433022,80.20845795,42093,42113,20
12.94091034,80.20610809,42184,42203,19
12.91553974,80.19236755,42799,42819,20
12.90614033,80.18872833,42920,42940,20
12.88269043,80.17066956,43373,43392,19
12.87434959,80.17183685,43501,43519,18
12.82756042,80.16503906,44367,44387,20
12.81711006,80.16020966,44539,44559,20
12.81004047,80.15957642,44670,44700,30
12.82771969,80.16513824,46776,46796,20
12.87864971,80.16996765,47561,47590,29
12.89148045,80.1765976,47762,47781,19
12.89754963,80.18202209,47873,47893,20
12.91232014,80.19180298,48105,48126,21
12.91703033,80.19281769,48307,48327,20
12.91765976,80.1947403,48408,48428,20
12.91895962,80.19603729,48428,48448,20
12.92938042,80.20272064,48670,48690,20
12.93397999,80.20379639,48761,48781,20
12.93997002,80.20552826,48862,48892,30
12.94427967,80.20831299,48973,48993,20
12.97467995,80.22042847,49618,49639,21
12.97791958,80.221138,49760,49790,30
12.98645973,80.22293091,49951,49971,20
13.01148033,80.2230072,50466,50496,30
13.01515007,80.22489929,50587,50617,30
13.01856041,80.22450256,50658,50678,20
13.0219698,80.22614288,50708,50738,30
13.0219698,80.22614288,50738,50758,20
13.02598953,80.23139954,50859,50889,30
13.03489971,80.23004913,51142,51162,20
13.03489017,80.2301178,51162,51182,20
13.0298996,80.23078918,51949,51969,20
13.02633953,80.23268127,52100,52128,28
13.02540016,80.23002625,52179,52209,30
13.01449013,80.22621918,52501,52521,20
12.99960041,80.21729279,52875,52895,20
12.99901009,80.21701813,52915,52935,20
12.99880981,80.21687317,52945,52965,20
12.99779987,80.21656799,52996,53026,30
12.99464989,80.21734619,53238,53258,20
12.98320961,80.2220993,53480,53510,30
12.97848988,80.22106171,53621,53641,20
12.97597027,80.22120667,53662,53682,20
12.97513008,80.22080231,53742,53762,20
12.9691,80.21829224,53873,53893,20
12.95878029,80.21466064,54025,54045,20
12.93752003,80.20481873,54398,54428,30
12.92957973,80.20297241,54539,54559,20
12.92957973,80.20297241,54559,54589,30
12.9061203,80.1886673,55084,55104,20
12.89727974,80.18196106,55235,55255,20
12.89332008,80.17996216,55316,55336,20
12.86874008,80.17555237,55717,55747,30
12.86874008,80.17555237,55747,55777,30
12.80998993,80.1595993,56776,56797,21
12.82682991,80.16468811,57644,57664,20
12.82695007,80.16477966,57664,57684,20
12.82781982,80.16513824,57723,57745,22
12.86532021,80.1756897,58299,58320,21
12.88169956,80.17093658,58540,58570,30
12.88169956,80.17093658,58570,58600,30
12.88263988,80.17060089,58600,58620,20
12.89764977,80.18209839,58852,58872,20
12.90664005,80.18901825,59034,59054,20
12.90664005,80.18901825,59054,59084,30
12.92938995,80.20272064,59659,59679,20
12.93395042,80.20388794,59750,59770,20
12.94419956,80.20829773,59932,59952,20
12.97476006,80.22029114,60446,60466,20
12.98390007,80.22279358,60789,60809,20
12.98628044,80.22290802,60829,60850,21
12.9956398,80.21655273,61112,61142,30
13.0218401,80.22618103,61677,61697,20
13.02880955,80.23085022,61919,61949,30
13.02980042,80.23075867,61969,61990,21
13.02980042,80.23075867,61990,62010,20
13.03057003,80.2307663,62010,62030,20
13.03489017,80.2301712,62161,62181,20
13.03477001,80.22992706,62201,62222,21
13.03419018,80.23033142,63624,63654,30
13.03131008,80.23062134,63957,63977,20
13.02315044,80.22727966,64280,64300,20
13.01439953,80.22624969,64461,64481,20
12.99930954,80.21714783,64813,64834,21
12.99777985,80.21658325,64864,64885,21
12.99775028,80.21650696,64885,64905,20
12.99699974,80.21659088,64935,64955,20
12.9958601,80.21679688,64986,65006,20
12.99085045,80.22013855,65147,65167,20
12.9376297,80.20496368,66507,66527,20
12.93614006,80.20451355,66537,66557,20
12.93373013,80.20394135,66608,66628,20
12.92199039,80.19724274,66931,66951,20
12.92131042,80.19683075,66971,66991,20
12.91658974,80.19229889,67223,67253,30
12.90979958,80.19143677,67374,67395,21
12.90966988,80.19148254,67405,67425,20
12.90976048,80.19140625,67445,67465,20
12.90888023,80.19036865,67556,67576,20
12.89328003,80.17993164,67869,67889,20
12.89144039,80.17648315,67949,67970,21
12.87992954,80.17019653,68192,68212,20
12.87899017,80.16992188,68230,68260,30
12.87450027,80.17167664,68299,68318,19
12.86513996,80.17563629,68408,68429,21
12.84996033,80.17072296,68691,68711,20
12.83899975,80.16985321,68812,68842,30
12.81801033,80.1603775,69286,69306,20
12.85147953,80.17102051,70452,70471,19
12.89081955,80.17501068,71045,71065,20
12.89194012,80.17774963,71075,71105,30
12.89305019,80.17952728,71115,71136,21
12.89760017,80.18215942,71186,71206,20
12.90252972,80.18412781,71277,71307,30
12.90577984,80.18849182,71357,71378,21
12.9155798,80.19219971,71579,71599,20
13.01420021,80.22569275,77965,77985,20
13.01412964,80.22557068,78308,78338,30
13.01418018,80.22560883,78601,78621,20
13.01406956,80.22576141,78701,78722,21
13.0141201,80.22575378,79045,79065,20
13.01395988,80.22544861,79165,79186,21
13.01441002,80.22557831,79256,79276,20
13.01375961,80.22612,82767,82787,20
12.99771976,80.25630188,20457,20487,30
12.98682976,80.25910187,20750,20770,20
12.98692036,80.25908661,20770,20800,30
12.98711967,80.25914001,20800,20830,30
12.98841953,80.25582886,20911,20931,20
12.9987402,80.2559967,21083,21103,20
12.99909019,80.25605774,21123,21143,20
13.00664043,80.24751282,21365,21386,21
13.05671978,80.25679016,22547,22567,20
13.06702995,80.26856995,22769,22789,20
13.07748032,80.26146698,23183,23213,30
13.07730961,80.26087952,23233,23254,21
13.09702015,80.24199677,23950,23971,21
13.09858036,80.24228668,24001,24021,20
13.09364033,80.2410965,24879,24899,20
13.0841198,80.2545929,25212,25233,21
13.07761002,80.26171875,25626,25647,21
13.06519985,80.26754761,26151,26172,21
13.03540039,80.24604797,26788,26808,20
13.00687027,80.24066162,27616,27636,20
12.9985199,80.25605774,28090,28119,29
12.99625969,80.25588226,28181,28211,30
12.98696995,80.25914001,30079,30109,30
12.98878002,80.25588989,30301,30321,20
13.01513958,80.22467041,31254,31274,20
13.01558971,80.22506714,31295,31315,20
13.03081989,80.23927307,31751,31771,20
13.03092957,80.23943329,31771,31801,30
13.03579998,80.24617004,31923,31953,30
13.04689026,80.24841309,32276,32296,20
13.07289028,80.26203156,33037,33057,20
13.07551956,80.25810242,33168,33189,21
13.08578014,80.24669647,33615,33635,20
13.0936203,80.24105835,34930,34950,20
13.08590031,80.25031281,35254,35274,20
13.0778904,80.26239777,35870,35900,30
13.06077003,80.26525879,36457,36477,20
13.03981018,80.24710846,37002,37032,30
13.00691986,80.2399826,37874,37903,29
13.00689983,80.24053955,37915,37935,20
13.00671005,80.24604034,38026,38056,30
12.99771976,80.2559433,38551,38571,20
12.99767971,80.25608826,38702,38722,20
12.98731995,80.25914764,39047,39074,27
13.0009203,80.2564621,40249,40270,21
13.00650024,80.25247192,40542,40562,20
13.00656033,80.24665833,40663,40684,21
13.01552963,80.22502899,41119,41149,30
13.01912022,80.22431946,41250,41280,30
13.02569008,80.23045349,41472,41492,20
13.02597046,80.23123932,41523,41553,30
13.03573036,80.24620819,41867,41895,28
13.03876972,80.24680328,41958,41986,28
13.07009029,80.26612091,42887,42909,22
13.07721996,80.26081848,43232,43252,20
13.08475971,80.25019836,43778,43796,18
13.08568954,80.24664307,43869,43898,29
13.08563995,80.24556732,43929,43948,19
13.09426975,80.24118042,44111,44131,20
13.09360027,80.24114227,44817,44837,20
13.08570004,80.24520874,44988,45008,20
13.08565998,80.24678802,45041,45060,19
13.08586979,80.25,45183,45203,20
13.08543015,80.252388,45274,45294,20
13.08390045,80.25457764,45365,45385,20
13.08102036,80.25483704,45435,45456,21
13.07777977,80.26222992,45800,45830,30
13.06847,80.2686615,46274,46295,21
13.06713963,80.27039337,46355,46375,20
13.06560993,80.26766968,46426,46446,20
13.06443977,80.26747131,46486,46507,21
13.06334019,80.26728058,46537,46557,20
13.0605402,80.26544952,46668,46688,20
13.04172993,80.24751282,47234,47255,21
13.03511047,80.24597931,47386,47406,20
13.03264999,80.2427063,47578,47608,30
13.0240097,80.22831726,48063,48083,20
12.99965,80.25626373,49126,49156,30
12.99818993,80.25592804,49187,49207,20
12.99779987,80.25605774,52341,52360,19
12.99876022,80.2559967,52382,52402,20
13.00609016,80.25737,52573,52595,22
13.00658035,80.25330353,52746,52766,20
13.01126003,80.22357941,53372,53402,30
13.01554966,80.22501373,53503,53523,20
13.0264101,80.23258209,53777,53807,30
13.05681038,80.25675964,54463,54483,20
13.06702995,80.26860046,54785,54807,22
13.07723045,80.26087189,55163,55183,20
13.08563995,80.24559021,55750,55774,24
13.09642029,80.24186707,55996,56026,30
13.09724045,80.24208069,56099,56129,30
13.08580971,80.24504089,56826,56846,20
13.07380962,80.26174927,57665,57685,20
13.06814957,80.270401,57898,57918,20
13.06519032,80.26763153,58040,58060,20
13.05410957,80.25356293,58454,58474,20
13.03155041,80.2409668,59242,59263,21
12.99975967,80.25627899,60505,60526,21
12.98970032,80.25598907,60728,60748,20
12.98711967,80.25961304,60920,60941,21
12.98740959,80.2580719,61153,61173,20
12.99357986,80.2559967,61486,61516,30
12.99629974,80.25595093,61718,61738,20
12.99868965,80.25608063,61789,61809,20
13.00457954,80.25710297,61952,61982,30
13.00667,80.24067688,62386,62406,20
13.0111599,80.22383118,62649,62669,20
13.01974964,80.2245636,62872,62891,19
13.02431965,80.2284317,62961,62991,30
13.02960014,80.23721313,63154,63175,21
13.04084015,80.24723816,63609,63629,20
13.07900047,80.25653839,64771,64791,20
13.08568001,80.24555969,65297,65327,30
13.09864044,80.24230957,65711,65731,20
13.08565998,80.25205994,66449,66469,20
13.08563042,80.25238037,66479,66499,20
13.08561993,80.25450897,66590,66610,20
13.08069038,80.25480652,66732,66762,30
13.08026028,80.2547226,66772,66792,20
13.0790596,80.25630188,66853,66873,20
13.07769012,80.26200867,67065,67085,20
13.05646992,80.25740051,67994,68014,20
13.04691029,80.24859619,68185,68206,21
13.03116035,80.24028015,68549,68579,30
13.02387047,80.22815704,68943,68973,30
13.00354004,80.25688934,69962,69983,21
12.98738956,80.25807953,71719,71749,30
12.98756027,80.25660706,71790,71810,20
12.9939003,80.25598145,72285,72315,30
12.99892998,80.25608826,72557,72586,29
13.00646973,80.2539978,72810,72830,20
13.01935959,80.22431183,73627,73649,22
13.03866959,80.24674988,74204,74234,30
13.07723045,80.26088715,75335,75355,20
13.07929993,80.2545929,75708,75728,20
13.07983971,80.25463867,75799,75819,20
13.08462048,80.25009918,76021,76040,19
13.08567047,80.24555969,76163,76193,30
13.09428978,80.24118805,76385,76405,20
13.09862041,80.24230194,76486,76506,20
13.09846973,80.2421875,76718,76748,30
13.08574009,80.25164795,77081,77102,21
13.06062984,80.26529694,78273,78293,20
13.05644035,80.25740051,78475,78495,20
13.03135967,80.24053955,78929,78949,20
13.02661991,80.23329926,79071,79101,30
13.02390003,80.2281723,79182,79202,20
13.00679016,80.25109863,79646,79666,20
12.99979973,80.25627899,79878,79898,20
12.99812984,80.2559967,79929,79959,30
12.99761009,80.25634766,81090,81110,20
12.99761963,80.25710297,81675,81696,21
13.0081501,80.23375702,78811,78834,23
13.00681019,80.24066925,78964,78994,30
13.07783031,80.2874527,80434,80464,30
13.08792019,80.29003906,80550,80580,30
13.08514023,80.28643799,80667,80697,30
13.08539963,80.28343201,80755,80779,24
13.08395958,80.27919769,80908,80938,30
13.07664013,80.27633667,81166,81196,30
12.98742008,80.25866699,18059,18079,20
12.9799099,80.25234222,18301,18321,20
12.98136997,80.24282074,18452,18473,21
12.98165989,80.23332977,18634,18650,16
12.98297024,80.22196198,19016,19036,20
12.99744987,80.21618652,19329,19359,30
13.00403976,80.21199799,19500,19520,20
13.00790977,80.21308136,19581,19601,20
13.01257992,80.22186279,19743,19763,20
13.01288986,80.22238159,19783,19813,30
13.01399994,80.22344208,19884,19904,20
13.02198982,80.22609711,20055,20076,21
13.03104019,80.23065948,20247,20263,16
13.03501987,80.23020172,20346,20365,19
13.02832031,80.23095703,22113,22129,16
13.01784992,80.22489929,22385,22401,16
13.00790024,80.21315002,22686,22716,30
12.99748039,80.21627045,22898,22918,20
12.98138046,80.24285126,23645,23665,20
12.98013973,80.25221252,23766,23786,20
12.98727989,80.25856018,24129,24149,20
12.98686028,80.25885773,24170,24200,30
12.98686028,80.25885773,24200,24216,16
12.98060036,80.25276947,24794,24811,17
12.94686031,80.23992157,25398,25414,16
12.93906975,80.23544312,25530,25553,23
12.92891026,80.23895264,25900,25920,20
12.92566967,80.2383194,25991,26011,20
12.92805004,80.2387619,26061,26081,20
12.92905998,80.23899841,26102,26122,20
12.93579006,80.23384857,26435,26465,30
12.94400024,80.23764038,26576,26592,16
12.96337986,80.24655914,26898,26928,30
12.96341038,80.24664307,26928,26948,20
12.9786396,80.25240326,27130,27150,20
12.98104,80.25263977,27201,27217,16
12.99151993,80.25605774,27493,27510,17
13.0086298,80.25901794,27724,27744,20
13.03376961,80.27629089,30336,30366,30
13.0160799,80.25968933,30893,30913,20
12.99742031,80.25595856,31317,31337,20
12.99742031,80.25595856,31337,31353,16
12.98818016,80.25588989,31508,31538,30
12.9867897,80.2594986,32325,32345,20
12.98777008,80.25170135,33314,33334,20
12.98466015,80.25231934,33395,33415,20
12.98316002,80.25261688,33445,33461,16
12.98132992,80.24282837,33645,33665,20
12.98126984,80.23792267,33756,33776,20
12.98118973,80.2350235,33827,33843,16
12.98163986,80.23332977,33843,33865,22
12.97717953,80.22271729,34117,34138,21
12.97630024,80.22206879,34303,34333,30
12.98015976,80.25205231,34980,35001,21
12.98729992,80.25939178,35465,35495,30
12.98738003,80.25888824,37584,37604,20
12.97988033,80.25273895,37948,37978,30
12.97988033,80.25221252,37998,38018,20
12.98130989,80.24282074,38149,38170,21
12.98122978,80.23793793,38240,38260,20
12.98155975,80.23339081,38331,38351,20
12.97694016,80.22284698,38614,38634,20
12.97716045,80.22270203,38634,38654,20
12.98138046,80.24291992,39855,39871,16
12.98731041,80.25935364,40479,40499,20
12.98754025,80.25595093,41145,41165,20
12.98783016,80.25328827,41215,41232,17
12.98787975,80.25206757,41232,41254,22
12.98134995,80.24295807,41536,41557,21
12.98128033,80.23806,41637,41658,21
12.97719002,80.22270203,41980,42001,21
12.98252964,80.22174072,42172,42188,16
12.99750042,80.21613312,42594,42614,20
13.00018024,80.21382904,42675,42691,16
13.00788021,80.21302795,42804,42824,20
13.02377987,80.22779083,43229,43245,16
13.02847004,80.23082733,43440,43460,20
13.03417969,80.2303772,44397,44427,30
13.02614021,80.231987,44649,44679,30
13.02258015,80.22678375,44800,44816,16
13.00829983,80.21341705,45313,45333,20
13.00786018,80.21315002,45343,45363,20
13.00201035,80.21234131,45464,45481,17
12.97630024,80.22122955,46089,46119,30
12.98719978,80.25852966,47139,47159,20
12.9851799,80.25211334,49228,49258,30
12.98011971,80.25272369,49319,49349,30
12.97988033,80.25244141,49379,49399,20
12.98128033,80.23789978,49631,49652,21
12.98130035,80.23394775,49742,49759,17
12.98036003,80.22862244,49952,49973,21
12.99083996,80.22006989,50487,50504,17
12.99754047,80.21605682,50678,50698,20
13.01216984,80.22045898,51009,51029,20
13.0219202,80.22614288,51241,51271,30
13.02847004,80.23088074,51423,51443,20
13.02604008,80.23155975,52502,52522,20
13.02309036,80.22743988,52592,52613,21
13.00796986,80.21318817,53036,53057,21
12.99771976,80.21595764,53218,53238,20
12.99623966,80.2166214,53370,53390,20
12.99598026,80.21665955,53390,53410,20
12.99551964,80.21678925,53420,53450,30
12.97638035,80.22177887,53904,53925,21
12.98134041,80.24273682,54277,54298,21
12.98721981,80.25933838,55115,55136,21
12.9988699,80.25601959,55719,55748,29
13.00518036,80.25720978,55921,55951,30
13.00518036,80.25720978,55951,55967,16
13.02579975,80.27506256,56423,56440,17
13.03361988,80.27635956,56565,56595,30
13.03367996,80.27628326,57029,57059,30
13.02643013,80.27545166,57221,57237,16
12.99639988,80.2559433,57895,57911,16
12.98742008,80.25576019,58044,58064,20
12.95705032,80.24389648,58460,58490,30
12.93122959,80.23860168,59096,59116,20
12.92831993,80.23886108,59197,59217,20
12.92823029,80.23879242,59652,59672,20
12.93941021,80.23548889,60046,60066,20
12.94707012,80.23989105,60168,60188,20
12.94804001,80.24028015,60208,60228,20
12.97877979,80.25250244,60794,60810,16
12.97994995,80.25241089,60822,60852,30
12.98060036,80.22895813,61276,61296,20
12.97751045,80.22267151,61458,61474,16
12.98015022,80.25216675,62616,62636,20
12.98797035,80.25299835,62879,62899,20
12.98781013,80.25495148,63104,63134,30
12.98727036,80.25936127,63205,63225,20
12.98785973,80.25209045,65112,65132,20
12.98208046,80.25267792,65284,65300,16
12.97988987,80.25219727,65383,65403,20
12.98134041,80.24273682,65514,65534,20
12.98132038,80.24098206,65575,65595,20
12.98062038,80.22901154,65867,65887,20
12.98834038,80.22264099,66473,66489,16
12.99435997,80.21749115,66733,66753,20
13.00669003,80.21270752,67026,67056,30
13.00708961,80.2127533,67056,67086,30
13.01541996,80.22496796,67440,67460,20
13.02186966,80.22608185,67561,67581,20
13.02258968,80.22666168,67631,67660,29
13.0228796,80.22698975,67670,67700,30
13.02682018,80.23117065,67952,67973,21
13.03349972,80.23058319,68738,68758,20
13.03392982,80.23052216,68778,68798,20
13.03320026,80.23046875,69200,69220,20
13.03059006,80.23072052,69382,69402,20
13.02303028,80.22737122,69725,69745,20
12.9965601,80.21656036,70707,70727,20
12.9910202,80.21945953,70909,70939,30
12.98054028,80.21839142,71705,71725,20
12.97745037,80.21959686,72604,72634,30
12.97550011,80.2207489,72927,72957,30
12.98134041,80.24331665,73492,73508,16
12.98725986,80.2594223,74096,74116,20
12.98655987,80.2591629,75015,75045,30
12.98764038,80.25161743,75267,75283,16
12.98136997,80.24294281,75528,75548,20
12.98128033,80.23806763,75618,75639,21
12.98068047,80.22910309,75820,75840,20
12.99382973,80.21787262,76577,76597,20
12.99755001,80.21608734,76799,76820,21
13.00755024,80.21282959,77011,77031,20
13.00786972,80.21304321,77042,77062,20
13.02591991,80.23105621,77456,77477,21
13.02309036,80.22746277,78668,78698,30
13.01422024,80.22634888,78870,78890,20
13.01109982,80.22377014,79021,79041,20
13.00786018,80.21320343,79269,79291,22
13.0040102,80.21221161,79372,79391,19
12.98921013,80.22176361,79776,79792,16
12.98318005,80.22223663,79915,79935,20
12.97632027,80.2217865,80067,80087,20
12.97708988,80.22312164,80117,80133,16
12.98151016,80.23023224,80216,80236,20
12.98775005,80.25493622,80711,80741,30
12.9875803,80.2559967,80781,80801,20
12.98723984,80.25933075,80872,80892,20
13.05058956,80.20619965,9307,9337,30
13.05049038,80.20622253,9337,9352,15
13.05049992,80.20639038,10862,10892,30
13.05056953,80.20626068,16135,16162,27
13.05039978,80.20626831,17074,17090,16
13.0504303,80.20625305,21061,21082,21
13.05053043,80.20623779,21092,21112,20
13.05041027,80.20620728,21687,21708,21
13.05045033,80.20619202,21708,21732,24
13.05060959,80.20623779,23868,23898,30
13.05060005,80.20620728,31098,31119,21
13.05053043,80.20616913,31119,31146,27
13.05047035,80.20622253,48375,48391,16
13.05045986,80.2061615,54799,54822,23
13.05208015,80.22013855,27329,27345,16
13.05373001,80.23451233,27791,27807,16
13.07831955,80.26361847,28616,28637,21
13.08063984,80.26512146,28697,28727,30
13.08242989,80.27858734,29495,29515,20
13.08185959,80.27742004,29546,29576,30
13.08131027,80.2730484,29697,29717,20
13.08030987,80.26525116,29879,29895,16
13.0778904,80.26365662,29948,29968,20
13.06752014,80.25015259,30501,30521,20
13.0537796,80.24226379,30906,30936,30
13.0489502,80.22692108,31461,31477,16
13.05385971,80.22743225,31540,31560,20
13.05338001,80.22460175,31610,31630,20
13.04185963,80.21614838,31963,31984,21
13.03880978,80.2140274,32054,32070,16
13.0343399,80.21215057,32142,32163,21
13.03944969,80.19300842,32891,32907,16
13.03505039,80.21128845,35060,35080,20
13.03584003,80.21227264,35232,35262,30
13.05329037,80.2234726,35888,35908,20
13.0538702,80.22627258,35958,35978,20
13.05202961,80.2303772,36120,36140,20
13.04915047,80.23342896,36271,36287,16
13.05372047,80.23503876,36350,36380,30
13.05358028,80.23561096,36389,36410,21
13.06194973,80.24324036,36925,36945,20
13.07767963,80.26184845,37550,37571,21
13.08078003,80.26998138,37771,37793,22
13.08205986,80.27542877,37924,37954,30
13.08670044,80.28369141,38196,38226,30
13.08180046,80.27729034,38923,38943,20
13.08176994,80.27670288,38973,38989,16
13.07184982,80.25946808,39586,39606,20
13.06746006,80.25493622,39697,39727,30
13.06746006,80.25029755,39838,39858,20
13.06678009,80.24790955,39919,39935,16
13.05119038,80.24060822,40373,40393,20
13.0472002,80.23976898,40524,40544,20
13.04666996,80.23738861,40605,40621,16
13.04388046,80.22899628,40865,40881,16
13.05381012,80.22743988,41116,41136,20
13.05340958,80.22467041,41187,41217,30
13.05340958,80.22467041,41217,41233,16
13.0384903,80.21376038,41645,41664,19
13.0321703,80.21011353,41797,41816,19
13.03977013,80.19332123,42416,42446,30
13.03565025,80.2052536,43707,43727,20
13.03707027,80.19635773,43929,43945,16
13.03783989,80.19277954,43976,43997,21
13.03866959,80.19286346,44018,44038,20
13.04119968,80.20517731,44351,44371,20
13.04413986,80.20903778,44462,44482,20
13.03546047,80.20835876,44654,44684,30
13.03487968,80.21195984,44775,44805,30
13.03907013,80.21414185,44953,44973,20
13.05327034,80.22396851,45567,45597,30
13.05375957,80.22631836,45637,45658,21
13.05405045,80.22956848,45728,45744,16
13.04763985,80.23071289,45888,45907,19
13.05325985,80.23679352,46123,46143,20
13.05268955,80.23989868,46193,46214,21
13.06167984,80.24324036,46587,46604,17
13.06787968,80.2483902,46779,46799,20
13.07155991,80.2591095,47081,47101,20
13.0738802,80.26177979,47172,47202,30
13.07828999,80.26361084,47303,47323,20
13.0806303,80.26976776,47485,47505,20
13.08568954,80.28054047,48260,48276,16
13.08178043,80.27703857,48419,48438,19
13.08067036,80.26563263,48742,48758,16
13.07184982,80.25945282,49024,49054,30
13.07184982,80.25945282,49054,49070,16
13.06680965,80.25428772,49214,49234,20
13.06340027,80.24378204,49598,49614,16
13.05704975,80.24276733,49747,49777,30
13.05286026,80.24185944,49868,49898,30
13.05006981,80.24038696,49979,50009,30
13.04788017,80.22660065,50453,50469,16
13.0454998,80.21846771,50845,50861,16
13.04374981,80.21742249,50873,50892,19
13.04160976,80.2159729,50944,50964,20
13.03522968,80.21230316,51085,51105,20
13.03407955,80.21205902,51166,51182,16
13.04403019,80.20881653,51456,51476,20
13.04397964,80.20778656,51496,51513,17
13.03868961,80.19284821,51848,51864,16
13.03857994,80.19283295,55072,55092,20
13.03497028,80.21128082,55749,55770,21
13.05206966,80.22007751,56295,56315,20
13.05412006,80.23047638,56477,56497,20
13.0714798,80.25900269,57486,57506,20
13.08078957,80.27047729,57839,57859,20
13.0819397,80.27546692,57970,57989,19
13.0853796,80.28373718,58182,58212,30
13.08742046,80.28370667,58414,58434,20
13.08802032,80.28160095,58707,58727,20
13.08778,80.28144836,58737,58757,20
13.08183002,80.27742004,58979,58997,18
13.07865047,80.26541138,59253,59274,21
13.0777998,80.2636795,59314,59334,20
13.07326984,80.26138306,59455,59473,18
13.06315041,80.24436951,59918,59940,22
13.05731964,80.24285889,60091,60111,20
13.05383968,80.24230194,60171,60192,21
13.04673958,80.23967743,60404,60424,20
13.04671001,80.23973846,60434,60450,16
13.04638958,80.2396698,60450,60470,20
13.05379963,80.22743225,60957,60977,20
13.05335045,80.22415924,61048,61078,30
13.03722954,80.21246338,61502,61522,20
13.04388046,80.20929718,61925,61946,21
13.04082966,80.20516968,62046,62067,21
13.03722,80.19606781,62450,62470,20
13.0413599,80.19680023,64105,64125,20
13.04117966,80.20519257,64307,64327,20
13.03546047,80.20839691,64599,64620,21
13.03501034,80.21131897,64670,64690,20
13.04220963,80.21631622,64902,64922,20
13.04701996,80.21894836,65084,65104,20
13.05379009,80.22628784,65558,65578,20
13.05193043,80.23036194,65750,65770,20
13.05346012,80.23618317,66103,66123,20
13.05358982,80.24208069,66396,66426,30
13.05659962,80.24262238,66486,66502,16
13.06200027,80.24326324,66637,66657,20
13.06210041,80.24327087,66657,66677,20
13.06274033,80.24339294,66697,66713,16
13.06772995,80.25507355,67028,67048,20
13.07149982,80.25911713,67149,67170,21
13.07301998,80.26074219,67210,67226,16
13.08071995,80.26928711,67720,67741,21
13.08137035,80.27185822,67811,67827,16
13.08197975,80.27464294,67880,67909,29
13.08203983,80.27545166,67981,68001,20
13.08123016,80.2730484,69314,69334,20
13.08061981,80.26538849,69475,69505,30
13.07868004,80.26538086,69555,69577,22
13.05795956,80.24273682,70465,70481,16
13.05708027,80.24279785,70493,70514,21
13.05370045,80.24223328,70584,70604,20
13.04638958,80.23960114,70786,70806,20
13.04675961,80.23690033,70867,70883,16
13.05381012,80.22740936,71359,71379,20
13.03542042,80.21233368,71985,72001,16
13.03427982,80.21218109,72033,72053,20
13.03518963,80.20887756,72205,72225,20
13.03969955,80.20864868,72346,72366,20
13.0397501,80.19313812,72862,72882,20
13.03680038,80.19860077,73053,73074,21
13.0363903,80.20127106,73124,73144,20
13.03590012,80.20456696,73215,73231,16
13.03876019,80.19284821,74910,74940,30
13.03981972,80.19300842,74971,74987,16
13.04121017,80.20514679,75292,75312,20
13.0415802,80.20519257,75322,75338,16
13.0355196,80.20842743,75653,75669,16
13.03501987,80.21128082,75721,75742,21
13.03719997,80.21230316,75812,75832,20
13.03917027,80.21417999,75883,75899,16
13.05303955,80.22267151,76246,76262,16
13.05331993,80.23687744,76789,76809,20
13.05372047,80.24211884,76971,76990,19
13.05770016,80.24278259,77051,77072,21
13.07841969,80.26464081,77876,77892,16
13.08148003,80.27345276,78368,78388,20
13.08154011,80.27548218,79274,79295,21
13.06680012,80.25395966,79900,79916,16
13.05737019,80.24282074,80312,80328,16
13.04706001,80.23973846,80491,80510,19
13.04730988,80.23312378,80633,80653,20
13.04669952,80.21885681,81188,81204,16
13.03876972,80.20851135,81631,81647,16
13.03812027,80.20471191,81851,81867,16
13.03864956,80.19288635,82101,82117,16
13.03470993,80.20513916,82432,82452,20
12.89852047,80.18045807,2490,2520,30
12.89869976,80.18034363,2833,2853,20
12.89867973,80.18041992,2863,2883,20
12.89873981,80.18042755,2883,2903,20
12.89877987,80.1803894,5994,6014,20
12.89890003,80.18032074,6620,6640,20
12.89875984,80.18061829,17900,17930,30
12.89871025,80.18054199,17930,17960,30
12.89879036,80.18026733,18647,18677,30
12.89894009,80.18028259,19374,19394,20
12.89885998,80.1803894,20131,20161,30
12.89863968,80.18047333,20959,20979,20
12.89869022,80.1803894,20989,21009,20
12.89865971,80.18049622,21322,21343,21
12.89892006,80.18044281,24110,24140,30
12.89855957,80.18055725,28640,28670,30
12.89871979,80.18045044,28680,28700,20
12.89890003,80.18036652,29084,29114,30
12.89888954,80.18034363,29114,29135,21
12.89896011,80.1802597,29498,29528,30
12.89877987,80.18039703,30639,30660,21
12.89861965,80.18038177,39800,39830,30
12.89873028,80.18038177,39871,39901,30
12.8987999,80.18032837,40355,40375,20
12.89853954,80.18054199,40900,40921,21
12.89859009,80.18039703,40921,40951,30
12.89881039,80.1802597,41728,41758,30
12.89873981,80.18051147,43980,44000,20
12.89855957,80.18035126,45546,45576,30
12.89869976,80.1806488,60228,60258,30
12.89863968,80.18045807,60602,60622,20
12.89873028,80.18045807,60905,60935,30
12.89877033,80.18068695,61460,61480,20
12.89865971,80.18035889,62752,62782,30
12.89877987,80.18055725,71941,71971,30
12.89850998,80.18031311,76790,76810,20
12.8985796,80.18048859,83153,83173,20
13.01424026,80.22612762,20663,20683,20
13.0080204,80.21324921,20976,20997,21
12.98163986,80.19573975,21884,21904,20
12.9755497,80.19264221,22046,22062,16
12.93879032,80.18238831,23826,23847,21
12.95611,80.18689728,24241,24261,20
12.96831989,80.18958282,24503,24520,17
12.97278023,80.19155884,24612,24633,21
12.99466038,80.20027924,25098,25118,20
12.98167992,80.19573212,26310,26326,16
12.95584011,80.18689728,26846,26866,20
12.95575047,80.18688965,26866,26886,20
12.95195007,80.18624115,26947,26963,16
12.93957043,80.18261719,27159,27179,20
12.93117046,80.18160248,27321,27341,20
12.92033005,80.18376923,27897,27917,20
12.93490982,80.18229675,28149,28170,21
12.93943024,80.18253326,28301,28321,20
12.94460964,80.18296814,28402,28432,30
12.95627975,80.1869278,28675,28705,30
12.96269989,80.18753815,28837,28853,16
12.96835995,80.18956757,28945,28966,21
12.97821999,80.19387054,29168,29188,20
12.98108006,80.19538116,29239,29259,20
12.99454975,80.20025635,29542,29572,30
12.99458981,80.2067337,29815,29835,20
12.99454975,80.20652771,31411,31431,20
12.99437046,80.20030212,31633,31650,17
12.99073982,80.1984787,31976,32006,30
12.98663044,80.1973877,32067,32087,20
12.97210026,80.19126892,32522,32542,20
12.97120953,80.19087982,32572,32592,20
12.96805,80.18946075,32663,32683,20
12.96483994,80.18814087,32754,32774,20
12.95575047,80.18692017,32936,32966,30
12.94417,80.1830368,33178,33195,17
12.9394598,80.18257904,33247,33277,30
12.93515968,80.18241882,33348,33368,20
12.93076992,80.18157959,33449,33465,16
12.91991997,80.18266296,33680,33700,20
12.9196701,80.18193817,34316,34336,20
12.92026043,80.18348694,34377,34397,20
12.9447298,80.18299103,34933,34953,20
12.94686031,80.18405151,34993,35013,20
12.95610046,80.18691254,35236,35266,30
12.96557999,80.18843842,35438,35458,20
12.96833992,80.18959808,35519,35539,20
12.97270012,80.19155121,35660,35690,30
12.98087978,80.19532776,35882,35903,21
12.98132038,80.19555664,35923,35943,20
12.99458027,80.20674133,36489,36509,20
12.99470043,80.20684814,36509,36529,20
12.99501991,80.20674133,36569,36590,21
12.98157978,80.19570923,37822,37842,20
12.98157978,80.19570923,37842,37859,17
12.97216034,80.19136047,38053,38073,20
12.96807003,80.18949127,38174,38194,20
12.95576,80.1869278,38477,38497,20
12.95164013,80.18618774,38558,38574,16
12.93531036,80.18241882,38951,38967,16
12.91973019,80.18196106,40343,40373,30
12.92022991,80.18343353,40404,40434,30
12.93138027,80.1815033,40636,40656,20
12.94631958,80.18364716,41010,41026,16
12.95613956,80.18689728,41291,41321,30
12.95709038,80.18698883,41341,41358,17
12.96560001,80.1884079,41572,41592,20
12.96833992,80.18955994,41653,41673,20
12.98101044,80.19535828,42279,42299,20
12.98316956,80.19647217,42380,42396,16
12.99499035,80.20121765,43811,43831,20
12.98237038,80.19609833,44346,44362,16
12.9776001,80.1938324,44465,44486,21
12.97109985,80.19087982,44746,44767,21
12.97039986,80.19059753,44787,44807,20
12.9662199,80.18875885,44938,44960,22
12.96092033,80.18727875,45072,45102,30
12.95751953,80.18704224,45193,45223,30
12.9572401,80.18704987,45233,45254,21
12.95600986,80.1869812,45355,45385,30
12.95561028,80.18689728,45405,45425,20
12.92041969,80.18402863,46072,46092,20
12.93883038,80.18231964,49408,49428,20
12.95613956,80.18688202,49802,49822,20
12.96238041,80.18747711,49953,49970,17
12.9654398,80.18836212,50012,50032,20
12.98104,80.19535065,50396,50416,20
12.99452019,80.20671844,50941,50962,21
12.99452019,80.2066803,51962,51982,20
12.98159981,80.19566345,52760,52780,20
12.95773983,80.18698883,53316,53332,16
12.95573044,80.18686676,53344,53374,30
12.93945026,80.18254852,53718,53748,30
12.93089962,80.18151855,53900,53920,20
12.93089962,80.18151855,53920,53936,16
12.95611954,80.18685913,56777,56797,20
12.96833038,80.18958282,57060,57076,16
12.97811985,80.19384766,57280,57300,20
12.98101044,80.19535065,57361,57381,20
12.99456024,80.20024109,57674,57704,30
12.99505997,80.20259857,57775,57791,16
12.99473953,80.20464325,57824,57844,20
12.99472046,80.20655823,58208,58228,20
12.99913979,80.20755768,58339,58355,16
13.00784016,80.21305847,58570,58591,21
13.01957989,80.22440338,58884,58904,20
13.01408005,80.22551727,59278,59298,20
13.00825024,80.21337128,60170,60190,20
13.00790977,80.21321106,60200,60220,20
12.99645996,80.20700073,60523,60540,17
12.99462032,80.20658112,60562,60582,20
12.99501038,80.20156097,60725,60745,20
12.9816103,80.19573975,61260,61290,30
12.9776001,80.19381714,61361,61381,20
12.97595978,80.19293213,61422,61438,16
12.96525955,80.18831635,61682,61698,16
12.9559803,80.18697357,61873,61894,21
12.94944,80.18541718,62025,62045,20
12.93052006,80.18157959,62409,62425,16
12.91987991,80.18251038,62609,62639,30
12.94888973,80.18521881,63973,64003,30
12.95051956,80.18578339,64034,64050,16
12.95615959,80.1869278,64143,64163,20
12.96290016,80.18763733,64335,64351,16
12.96479988,80.18817902,64373,64403,30
12.98684978,80.1973877,65080,65097,17
12.99444008,80.20027924,65260,65281,21
12.99507999,80.2024765,65371,65388,17
12.99505043,80.20324707,66440,66461,21
12.99503994,80.20307922,66471,66487,16
12.9948597,80.20050812,66600,66630,30
12.99081993,80.19854736,66802,66822,20
12.98659992,80.19745636,66893,66923,30
12.98079014,80.19534302,67366,67386,20
12.97348022,80.19190979,67730,67760,30
12.97268963,80.19161987,67831,67851,20
12.97212029,80.19139099,67871,67892,21
12.97115993,80.19094086,67932,67952,20
12.96800995,80.18952179,68033,68063,30
12.96473026,80.18820953,68144,68164,20
12.96078968,80.18730927,68245,68265,20
12.95643997,80.1870575,68377,68407,30
12.94462013,80.18312836,68851,68872,21
12.93521023,80.18247223,69084,69114,30
12.93103981,80.18164063,69175,69195,20
12.9198904,80.18271637,69438,69468,30
12.92022991,80.18360138,69801,69822,21
12.97099972,80.19091034,71244,71264,20
12.97272015,80.19165802,71305,71325,20
12.97972965,80.19477081,71507,71537,30
12.98052025,80.19525146,71739,71755,16
12.99495983,80.20301819,72344,72364,20
12.99497986,80.20146942,72808,72829,21
12.9949398,80.20121002,72829,72849,20
12.99337959,80.19989777,73000,73021,21
12.98204994,80.19600677,73445,73461,16
12.98159981,80.19580841,73461,73484,23
12.97766018,80.19391632,73596,73616,20
12.96794033,80.18952179,73899,73919,20
12.96597004,80.18871307,73970,73990,20
12.96063995,80.18727875,74121,74151,30
12.95576,80.18701172,74293,74323,30
12.94937038,80.18547058,74424,74445,21
12.94460011,80.18312836,74566,74586,20
12.93943024,80.18264771,74677,74707,30
12.93095016,80.181633,74869,74889,20
12.91981983,80.18257904,75061,75081,20
12.91969967,80.18200684,75253,75273,20
12.92028999,80.18385315,75314,75344,30
12.94845963,80.18518066,75879,75900,21
12.95608997,80.1869812,76102,76122,20
12.96197987,80.18747711,76253,76269,16
12.97646999,80.19342041,76706,76726,20
12.99322033,80.19976044,77171,77191,20
12.99454021,80.2067337,77416,77437,21
13.15157032,80.24362946,251,281,30
13.15200043,80.24360657,291,311,20
13.1517601,80.24359894,1372,1392,20
13.11723995,80.24237061,1947,1963,16
13.11306,80.24358368,2056,2076,20
13.10838032,80.24363708,2187,2204,17
13.12063026,80.24272156,12463,12479,16
13.14562035,80.23988342,12915,12931,16
13.15981007,80.2427597,13317,13337,20
13.16559982,80.24144745,13539,13569,30
13.16691971,80.24613953,14457,14477,20
13.16600037,80.24137878,14659,14689,30
13.11575985,80.24416351,15901,15917,16
13.09891987,80.24133301,16809,16829,20
13.09881973,80.24167633,21718,21748,30
13.08887959,80.23085785,22748,22768,20
13.05399036,80.2423172,23687,23717,30
13.03413963,80.23042297,24162,24182,20
13.02892017,80.23090363,24293,24309,16
13.01436043,80.22625732,24584,24604,20
13.00689983,80.24954987,25018,25034,16
13.00673962,80.25708771,25137,25157,20
12.99833965,80.25604248,25319,25335,16
12.99619961,80.26767731,25549,25569,20
12.99870014,80.25595856,26932,26953,21
13.00656033,80.25675964,27074,27090,16
13.00737953,80.23696136,27405,27425,20
13.02190971,80.22608948,27779,27799,20
13.03439045,80.23036194,28031,28051,20
13.05397987,80.24221802,28516,28536,20
13.07682991,80.23365784,29091,29112,21
13.08405972,80.23394775,29303,29324,21
13.09720039,80.21697998,29687,29707,20
13.10023975,80.2144928,29798,29828,30
13.10007954,80.21604919,29879,29909,30
13.09741974,80.21665955,31515,31535,20
13.09123039,80.22766876,31747,31777,30
13.08370972,80.23390198,32221,32242,21
13.08238029,80.23365784,32272,32292,20
13.0795002,80.23355865,32353,32373,20
13.07651043,80.23721313,32504,32524,20
13.07721996,80.24046326,32585,32605,20
13.06925964,80.24323273,32979,32999,20
13.06626034,80.24506378,33080,33096,16
13.06179047,80.24317169,33381,33397,16
13.05373955,80.24224854,33530,33560,30
13.04625988,80.23957825,33722,33752,30
13.03351974,80.23042297,34176,34196,20
13.02781963,80.23101807,34318,34334,16
13.01653957,80.22544098,34729,34746,17
13.01430035,80.22628784,34768,34788,20
13.00825977,80.23348236,34919,34940,21
13.00687027,80.25137329,35313,35343,30
13.00720024,80.25871277,37009,37029,20
13.00691986,80.25818634,37040,37066,26
13.00658035,80.25205994,37190,37220,30
13.01947975,80.22437286,37996,38016,20
13.02194977,80.22615051,38076,38097,21
13.03057957,80.23065948,38500,38517,17
13.03363991,80.23045349,38549,38579,30
13.03396034,80.23043823,38589,38609,20
13.04018021,80.23989105,38963,38993,30
13.07633972,80.23719025,40023,40043,20
13.08405018,80.23390961,40366,40386,20
13.08880043,80.23088074,41911,41931,20
13.08248997,80.23375702,42123,42153,30
13.07952976,80.23355865,42204,42224,20
13.07645988,80.23724365,42436,42456,20
13.07213974,80.25189209,42850,42866,16
13.06927013,80.24334717,42949,42969,20
13.06776047,80.24652863,43100,43121,21
13.06777954,80.24784851,43151,43167,16
13.06134987,80.24315643,43392,43412,20
13.05883026,80.24263763,43463,43483,20
13.05630016,80.24256897,43533,43550,17
13.05370998,80.24230194,43572,43602,30
13.04658985,80.23969269,43834,43855,21
13.04629993,80.23960876,43855,43885,30
13.0473299,80.23330688,44016,44036,20
13.04526043,80.23271942,44077,44097,20
13.03689957,80.23085022,44208,44224,16
13.03553963,80.23040009,44236,44256,20
13.02606964,80.23174286,44660,44680,20
13.02402973,80.22840118,44741,44761,20
13.01877022,80.22454834,44882,44898,16
13.01449013,80.22624207,44973,44994,21
13.00817966,80.23358154,45146,45166,20
13.00656986,80.25495148,45560,45580,20
13.00319958,80.25682831,45832,45848,16
12.99827003,80.25604248,46032,46052,20
12.99617958,80.2677002,46345,46365,20
13.00002956,80.26651001,46436,46456,20
13.00032997,80.2664566,46739,46759,20
12.99575043,80.26737976,46870,46890,20
12.99880028,80.25598907,47294,47324,30
13.00465965,80.25708008,47446,47462,16
13.00675964,80.24967957,47797,47813,16
13.01558018,80.22505188,48411,48431,20
13.04391003,80.24082947,49441,49461,20
13.06116009,80.24304199,49905,49921,16
13.06519985,80.24349976,50015,50035,20
13.0689497,80.24230194,50106,50136,30
13.08034039,80.23349762,50611,50631,20
13.08253002,80.23113251,50702,50722,20
13.08551025,80.23428345,50853,50869,16
13.08889008,80.23043823,50923,50943,20
13.09638023,80.21920776,51176,51196,20
13.09716034,80.21692657,51237,51257,20
13.09720993,80.21682739,51257,51277,20
13.09733963,80.21672821,51842,51863,21
13.09119034,80.22763062,52034,52054,20
13.08883953,80.23085785,52125,52145,20
13.0777998,80.2440567,52668,52687,19
13.06311989,80.24424744,53295,53316,21
13.05366993,80.2421875,53538,53568,30
13.04728031,80.23329926,53921,53942,21
13.03542042,80.23027039,54234,54254,20
13.0335598,80.23046875,54295,54315,20
13.02404976,80.2283783,54709,54729,20
13.00706959,80.23921967,55103,55133,30
13.00646019,80.25650024,56193,56209,16
13.00650024,80.25325012,56251,56272,21
13.00736046,80.23677063,56742,56762,20
13.01474953,80.22429657,57035,57051,16
13.02196026,80.22614288,57194,57215,21
13.03073978,80.23065186,57508,57528,20
13.03275967,80.2305069,57558,57578,20
13.04104042,80.24051666,58212,58228,16
13.04413033,80.2408371,58271,58301,30
13.04765987,80.23983002,58402,58425,23
13.05379963,80.24215698,58508,58528,20
13.05679989,80.24252319,58609,58629,20
13.06577969,80.24359894,58902,58922,20
13.06993961,80.24211884,58993,59023,30
13.07637024,80.23731232,59275,59296,21
13.07577991,80.23394012,59417,59433,16
13.09140015,80.22727966,59861,59881,20
13.09117031,80.22766113,61507,61527,20
13.08880043,80.2309494,61598,61618,20
13.0850296,80.23419952,61719,61739,20
13.07651043,80.23726654,62022,62042,20
13.07758045,80.25184631,62325,62341,16
13.07026005,80.24584961,62484,62503,19
13.06927967,80.24330139,62515,62536,21
13.06785011,80.2478714,62687,62710,23
13.05729961,80.24285889,63003,63023,20
13.05690002,80.24278259,63043,63067,24
13.0537796,80.24226379,63109,63139,30
13.04726028,80.23371124,63503,63533,30
13.04508972,80.23268127,63594,63614,20
13.04209995,80.23233795,63675,63691,16
13.03394032,80.23042297,63946,63966,20
13.02682018,80.23300171,64471,64491,20
13.02394009,80.22827148,64623,64643,20
13.00704956,80.23951721,65147,65168,21
13.00689983,80.24073792,65198,65219,21
13.00669956,80.24395752,65269,65289,20
13.00673008,80.24568176,65340,65356,16
13.00687027,80.2494812,65398,65428,30
13.0067997,80.25045776,65449,65469,20
12.99685955,80.25688934,66130,66150,20
13.00004005,80.26660919,66877,66898,21
12.99561977,80.26740265,67524,67554,30
12.99608994,80.26316833,67625,67641,16
12.9986496,80.25598907,68210,68231,21
13.00646019,80.25534058,68582,68612,30
13.02278042,80.22693634,69834,69854,20
13.02369022,80.2277298,69895,69925,30
13.02678013,80.23116302,70231,70252,21
13.05097961,80.24053192,71664,71684,20
13.05224037,80.24078369,71714,71734,20
13.05385017,80.24221802,71795,71825,30
13.06993961,80.24204254,72189,72205,16
13.07649994,80.23808289,72349,72369,20
13.09632969,80.21916962,73117,73147,30
13.09819984,80.21450043,73238,73268,30
13.10027027,80.21453094,73339,73359,20
13.10009003,80.21589661,73399,73415,16
13.08821011,80.23259735,74762,74778,16
13.0530901,80.24191284,76135,76155,20
13.04985046,80.24028015,76276,76296,20
13.04304028,80.23232269,76560,76576,16
13.02398014,80.22833252,77121,77142,21
13.01432991,80.22628021,77303,77323,20
13.00730038,80.23800659,77515,77531,16
13.00660038,80.25495911,77786,77806,20
13.00660038,80.25715637,77846,77867,21
12.99960995,80.25637817,78068,78095,27
12.99934959,80.25627899,78107,78126,19
12.99707031,80.2559967,78197,78218,21
12.99600029,80.26772308,78470,78491,21
13.00016022,80.26577759,78592,78612,20
12.99563026,80.26741028,78814,78834,20
13.00290012,80.25675964,79329,79345,16
13.00662041,80.24846649,79599,79620,21
13.01132011,80.2232666,80044,80064,20
13.02752018,80.23097992,80417,80433,16
13.03417969,80.23040771,80546,80567,21
13.03501034,80.2304306,80637,80658,21
13.06787968,80.24272156,81598,81614,16
13.06884956,80.24240875,81626,81646,20
13.08022022,80.23348236,81969,81989,20
13.10011959,80.21446991,82555,82575,20
13.09904957,80.240242,83664,83684,20
13.09877014,80.24169922,83896,83916,20
13.1027298,80.24958801,84340,84370,30
13.10266018,80.25006104,84391,84411,20
13.09805012,80.25119781,84552,84572,20
13.08230019,80.21328735,85501,85517,16
12.98736,80.25906372,19374,19394,20
12.98165989,80.23329926,19962,19978,16
12.98079967,80.22918701,20051,20081,30
12.98079967,80.22918701,20081,20104,23
12.98651028,80.22296143,20518,20539,21
12.99752998,80.2161026,20771,20791,20
13.00790024,80.21308899,21014,21044,30
13.00965977,80.21498108,21094,21111,17
13.01556015,80.22493744,21245,21265,20
13.03446007,80.2303772,21659,21680,21
13.03464985,80.23033142,21690,21706,16
13.03446007,80.23039246,21748,21768,20
13.02783966,80.2328186,23184,23200,16
13.02692986,80.23296356,23200,23223,23
12.99287987,80.2130127,24374,24395,21
12.97537994,80.22065735,25314,25334,20
12.97914982,80.21877289,25415,25432,17
12.99158001,80.21266174,25687,25707,20
12.99283981,80.21302032,25738,25754,16
12.99720955,80.21047211,25919,25949,30
13.00794983,80.21311951,26242,26262,20
13.01385975,80.22309113,26434,26450,16
13.01506042,80.22453308,26462,26482,20
13.01554012,80.2249527,26503,26523,20
13.02204037,80.2261734,26624,26644,20
13.02204037,80.2261734,26644,26660,16
13.03388977,80.23042297,26887,26917,30
13.03423977,80.23033905,27321,27351,30
13.02886009,80.23095703,27463,27479,16
13.02311993,80.22746277,27693,27713,20
13.01455021,80.22618103,27855,27875,20
13.0098896,80.22792816,27956,27972,16
13.00819016,80.21331024,28156,28176,20
13.00594044,80.21299744,28247,28263,16
12.99361992,80.21025085,28760,28780,20
12.98423958,80.21797943,29134,29154,20
12.97558022,80.22059631,29306,29336,30
12.98373985,80.2178421,30813,30834,21
12.98727989,80.2181778,30876,30897,21
12.99158955,80.21266174,31059,31079,20
12.99719048,80.21045685,31362,31392,30
12.99855995,80.20744324,31503,31524,21
13.00409031,80.21205139,31685,31705,20
13.01130009,80.21788788,31938,31954,16
13.01541996,80.22485352,32148,32178,30
13.02184963,80.22608185,32300,32330,30
13.02416992,80.22815704,32380,32401,21
13.02486992,80.22918701,32431,32447,16
13.02853966,80.23085022,32560,32580,20
13.02772999,80.23284149,33498,33514,16
13.02307034,80.22743225,33690,33710,20
13.02268982,80.22705841,33720,33740,20
13.01992035,80.22483063,33791,33811,20
13.01039982,80.22775269,33994,34017,23
13.0095396,80.21482849,34190,34205,15
13.00817013,80.21331787,34225,34245,20
13.00767994,80.21295166,34276,34299,23
12.99761009,80.20999146,34624,34645,21
12.99378014,80.21011353,34786,34816,30
12.99291992,80.21302032,34887,34907,20
12.98694992,80.2183075,35119,35140,21
12.97597027,80.22123718,35766,35786,20
12.9760704,80.22132111,35918,35938,20
12.98262024,80.21782684,36281,36297,16
12.99378014,80.21006012,36704,36724,20
12.99888039,80.20747375,37088,37108,20
13.02194023,80.22615051,37876,37896,20
13.02363968,80.22769928,37956,37973,17
13.03034019,80.23068237,38207,38227,20
13.03176022,80.23062897,39177,39197,20
13.02318001,80.22753906,39561,39581,20
13.0197897,80.22477722,39662,39692,30
13.00825977,80.21337891,40106,40127,21
13.0072403,80.21282959,40177,40193,16
12.99835968,80.20747375,40409,40429,20
12.99009037,80.21485901,40853,40869,16
12.98746014,80.21819305,40931,40952,21
12.97556973,80.22045135,41275,41292,17
12.99160957,80.212677,42516,42536,20
12.99717999,80.21045685,42758,42779,21
13.00788021,80.21311188,43102,43122,20
13.01393032,80.22322083,43344,43365,21
13.01556015,80.22502899,43405,43425,20
13.02188015,80.22615814,43567,43587,20
13.02960968,80.23075104,44011,44041,30
13.03013992,80.23082733,44830,44850,20
13.02982998,80.23085785,44850,44870,20
13.02159977,80.22609711,45246,45262,16
13.01438046,80.22625732,45384,45405,21
12.99738026,80.21620178,46002,46022,20
12.99085999,80.22013092,46224,46244,20
12.98338032,80.22231293,46396,46426,30
12.98209953,80.22174835,46476,46497,21
12.97640038,80.22187042,46618,46648,30
12.97710037,80.22306061,46678,46694,16
12.98198986,80.23142242,46838,46854,16
12.98130035,80.23867798,46967,46988,21
12.98641968,80.25164032,47302,47322,20
12.98754978,80.25528717,47635,47665,30
12.9874897,80.25653839,49916,49937,21
12.98785973,80.25209808,50027,50048,21
12.98773003,80.25166321,50068,50084,16
12.97986031,80.25216675,50248,50268,20
12.98132038,80.24279785,50389,50409,20
12.98122978,80.23799896,50500,50520,20
12.98163986,80.23327637,50591,50611,20
12.97560024,80.2210083,50874,50894,20
12.9796896,80.2186203,51005,51021,16
12.98377991,80.21782684,51063,51084,21
13.00790977,80.21308899,51711,51731,20
13.03454971,80.23033905,52357,52387,30
13.02910042,80.23088074,52872,52889,17
13.01107979,80.22370148,53386,53406,20
13.00796986,80.21321106,53568,53588,20
13.00788975,80.21311188,53588,53608,20
12.99837971,80.2075119,53800,53830,30
12.99827003,80.20822906,53840,53861,21
12.99166012,80.21266937,54103,54123,20
12.98696041,80.21826172,54325,54345,20
12.9823103,80.21779633,55477,55493,16
12.99160004,80.21264648,55708,55728,20
12.99720955,80.2104187,55890,55920,30
13.00767994,80.21283722,56274,56294,20
13.01525974,80.22476959,56476,56496,20
13.03017998,80.23084259,57810,57840,30
13.02989006,80.23088074,57840,57860,20
13.02429008,80.22866058,58164,58185,21
13.01509953,80.22599792,58387,58403,16
13.0112896,80.22322845,58526,58546,20
13.00848961,80.21350861,58688,58718,30
13.00831985,80.21340179,58728,58748,20
13.00039959,80.20783234,58981,58997,16
12.9758997,80.22032928,59899,59919,20
12.97527027,80.22068787,60586,60606,20
12.99153996,80.21266937,60940,60960,20
12.99367046,80.21015167,61041,61061,20
12.99709034,80.21047211,61152,61172,20
12.9981699,80.20851898,61223,61239,16
12.99837017,80.20747375,61239,61261,22
13.00786018,80.21307373,61493,61514,21
13.03316021,80.23049927,62231,62251,20
13.03283978,80.23053741,62746,62762,16
13.0316,80.23068237,62795,62815,20
13.02721024,80.23294067,63108,63128,20
13.02299976,80.22731781,63249,63270,21
13.0206604,80.22530365,63340,63357,17
13.00794983,80.21320343,63745,63765,20
12.99936008,80.2075882,64027,64044,17
12.99839973,80.20752716,64056,64086,30
12.9914999,80.21266174,64369,64389,20
12.98929024,80.21468353,64450,64470,20
12.9758997,80.22023773,65127,65147,20
12.97566032,80.22093964,65187,65208,21
12.97696018,80.2227478,65268,65288,20
12.97696018,80.2227478,65288,65305,17
12.97568035,80.22109222,65448,65468,20
12.98147964,80.21791077,65721,65751,30
12.98410988,80.21785736,65812,65832,20
12.99629974,80.21034241,66236,66256,20
13.01546955,80.22492218,67066,67086,20
13.02194023,80.22615051,67207,67227,20
13.0226202,80.22676086,67248,67264,16
13.02797985,80.23091888,67742,67762,20
13.02779007,80.23230743,69096,69112,16
13.02280998,80.22724915,69407,69423,16
13.01484013,80.22602081,69556,69579,23
13.00881958,80.21395111,69884,69914,30
13.00790024,80.21318817,70025,70045,20
12.99833965,80.20748901,70300,70320,20
12.9914999,80.21264648,70623,70644,21
12.9910202,80.21366119,70674,70690,16
12.98736,80.21833801,70773,70793,20
12.98491955,80.21800232,70864,70884,20
12.98283005,80.21800995,71005,71026,21
12.98256016,80.21803284,71036,71056,20
12.98208046,80.2179718,71076,71096,20
12.9803896,80.21839142,71430,71460,30
12.97622013,80.22013092,72551,72572,21
12.98731995,80.21822357,74196,74217,21
12.99359989,80.21013641,74479,74499,20
12.9971199,80.21045685,74611,74631,20
12.99839973,80.20748138,74722,74742,20
13.00786972,80.21308899,74984,75005,21
13.03421974,80.23036194,76035,76055,20
13.02303982,80.22744751,76439,76460,21
13.01968002,80.22463226,76571,76587,16
13.01401043,80.22641754,76639,76658,19
13.01200008,80.2215271,76831,76848,17
13.00942039,80.21465302,77032,77062,30
12.99837017,80.20748138,77365,77385,20
12.99277973,80.21311188,77688,77709,21
12.97842979,80.21920013,78052,78068,16
12.97605991,80.22149658,78436,78466,30
12.98011017,80.25244904,78972,79002,30
12.98672962,80.25962067,79434,79455,21
12.99722004,80.19181061,19756,19776,20
13.00983047,80.21385193,20382,20398,16
13.00374985,80.20105743,21553,21569,16
12.98215961,80.19695282,21946,21966,20
12.9763298,80.19320679,22128,22158,30
12.93109035,80.18157196,23726,23745,19
12.92245007,80.14321136,24382,24412,30
12.92238998,80.14138031,24442,24459,17
12.92346001,80.11689758,24734,24754,20
12.92364979,80.11683655,24764,24785,21
12.92356014,80.11734772,24805,24821,16
12.92278957,80.13008118,25358,25374,16
12.92243004,80.16298676,25824,25841,17
12.93142033,80.18151855,26206,26226,20
12.94734955,80.18441772,26499,26515,16
12.97264004,80.19151306,26992,27012,20
12.97799015,80.19386292,27113,27143,30
12.9783802,80.19390869,27153,27169,16
12.99120045,80.19450378,27363,27383,20
12.99588013,80.1894989,27545,27573,28
13.00380993,80.20082092,27745,27775,30
13.01566982,80.22509766,28199,28219,20
13.02204037,80.22618103,28310,28340,30
13.02598953,80.23092651,28421,28451,30
13.03448963,80.23040009,28613,28633,20
13.02715969,80.23296356,30430,30460,30
13.02301025,80.22737885,30580,30602,22
13.01496029,80.22605133,30773,30794,21
13.0143404,80.22628784,30804,30824,20
13.00967979,80.22727203,30905,30921,16
12.99853039,80.19251251,31639,31655,16
12.98215008,80.1969986,31910,31930,20
12.97220039,80.19132233,32213,32233,20
12.95582008,80.1869278,32637,32667,30
12.92053986,80.18406677,33293,33323,30
12.91993046,80.18261719,33364,33380,16
12.92317009,80.12075806,34281,34301,20
12.92335987,80.12069702,34564,34594,30
12.92249012,80.14286041,35230,35260,30
12.92265034,80.1472702,35331,35359,28
12.92273045,80.1516037,35411,35441,30
12.92331982,80.16029358,35562,35582,20
12.92045975,80.18399811,35865,35885,20
12.93142033,80.18151855,35996,36016,20
12.93883991,80.18234253,36158,36188,30
12.94456959,80.18293762,36279,36299,20
12.94876003,80.18515015,36370,36390,20
12.95604992,80.18688965,36521,36541,20
12.96553993,80.18840027,36753,36774,21
12.96827984,80.18953705,36834,36854,20
12.97268009,80.1914978,37016,37036,20
12.97813988,80.19387054,37157,37177,20
12.98106003,80.19538879,37237,37258,21
12.99112034,80.19452667,37420,37440,20
12.99491978,80.19329834,37500,37516,16
13.00376034,80.20078278,37885,37905,20
13.0093298,80.21096039,38147,38164,17
13.01177979,80.21945953,38290,38313,23
13.01558018,80.22505951,38426,38446,20
13.01976013,80.22454834,38517,38537,20
13.02431011,80.2284317,38658,38688,30
13.02595997,80.23097992,38739,38769,30
13.03415966,80.23040771,39062,39082,20
13.01998043,80.2248764,40414,40435,21
13.00957966,80.22779846,40586,40602,16
13.01144028,80.22328949,40655,40685,30
13.00399971,80.20110321,41149,41169,20
12.98163986,80.19574738,41654,41674,20
12.98087978,80.19537354,41704,41725,21
12.97764015,80.19381714,41785,41805,20
12.97441959,80.19213867,42098,42118,20
12.97360992,80.19184875,42179,42199,20
12.97360992,80.19184875,42199,42215,16
12.97340012,80.19178009,42227,42247,20
12.97299957,80.19161224,42278,42307,29
12.96804047,80.18946075,42510,42530,20
12.96652985,80.18888855,42560,42577,17
12.96539974,80.18840027,42599,42619,20
12.95718956,80.18701935,42790,42807,17
12.94958973,80.18550873,42911,42931,20
12.94929028,80.18540192,42951,42974,23
12.9309597,80.18157959,43261,43281,20
12.92321014,80.15440369,43957,43973,16
12.92238998,80.14063263,44213,44233,20
12.92331028,80.12020111,45204,45234,30
12.92327023,80.12094116,45254,45274,20
12.92276001,80.13085938,45608,45628,20
12.92249966,80.1434021,45840,45870,30
12.92247963,80.14360046,45880,45896,16
12.92261028,80.1472702,45928,45949,21
12.92269039,80.15132141,46011,46031,20
12.92333984,80.15447998,46082,46105,23
12.91983986,80.1710434,46289,46309,20
12.94882011,80.18514252,46945,46975,30
12.95473003,80.18669891,47076,47106,30
12.96162987,80.18731689,47347,47367,20
12.97274017,80.19152832,47649,47670,21
12.98101997,80.19537354,47831,47861,30
12.99647999,80.19132233,51053,51083,30
12.98163986,80.19573975,51436,51457,21
12.93947983,80.18257141,52204,52224,20
12.9246397,80.18279266,52426,52442,16
12.92341995,80.11689758,53525,53545,20
12.96498966,80.18821716,55412,55428,16
13.00372028,80.20079803,56390,56410,20
13.02429962,80.22831726,57056,57077,21
13.01455021,80.22624207,58750,58770,20
13.01212025,80.22709656,58811,58827,16
13.00809002,80.21330261,59050,59070,20
13.00428009,80.20126343,59433,59449,16
12.9822998,80.19716644,59845,59865,20
12.97290039,80.19161987,60158,60188,30
12.97222996,80.19138336,60209,60229,20
12.96842003,80.1896286,60320,60340,20
12.96203995,80.18746948,60481,60497,16
12.93947983,80.18260956,60965,60995,30
12.93091011,80.18158722,61116,61136,20
12.92319012,80.1207962,62186,62216,30
12.92327976,80.12042999,62267,62283,16
12.92364025,80.11689758,62699,62719,20
12.92333984,80.12029266,62790,62820,30
12.92300987,80.1255188,63355,63385,30
12.92273045,80.15104675,63789,63809,20
12.9233799,80.15982056,63950,63967,17
12.92026043,80.18357849,64232,64252,20
12.93889046,80.18235779,64525,64545,20
12.95493984,80.1867218,64949,64965,16
12.96551991,80.18836975,65240,65261,21
12.9689703,80.18990326,65382,65398,16
12.97354031,80.1918335,65541,65562,21
12.99112988,80.19458008,66068,66089,21
12.9958601,80.18969727,66231,66261,30
13.00179958,80.1991806,66483,66499,16
13.00922966,80.21089172,66713,66733,20
13.0103302,80.21591187,66834,66850,16
13.01543999,80.22499847,66994,67014,20
13.01945019,80.22440338,67095,67115,20
13.02208042,80.22628021,67186,67202,16
13.03320026,80.23059845,67991,68021,30
13.03495026,80.23020172,68243,68264,21
13.03304005,80.23062134,68688,68718,30
13.02702999,80.23301697,69061,69081,20
13.01111984,80.22389984,69586,69606,20
13.00829983,80.21349335,69879,69899,20
13.00689983,80.20980835,70121,70141,20
13.00434971,80.20134735,70343,70363,20
12.98663998,80.19593811,70747,70763,16
12.9822197,80.1971817,70806,70825,19
12.98241997,80.19616699,70907,70927,20
12.98198032,80.19599152,70987,71007,20
12.98167992,80.19586182,71038,71058,20
12.97752953,80.19387817,71189,71219,30
12.97204018,80.1913681,71361,71391,30
12.96794033,80.18952179,71522,71542,20
12.96623039,80.18881226,71593,71609,16
12.96065998,80.18727112,71732,71752,20
12.92214012,80.16355133,73075,73091,16
12.92306042,80.16060638,73113,73133,20
12.92243004,80.14450073,73396,73412,16
12.92341042,80.11708832,73850,73880,30
12.92241955,80.14269257,74615,74636,21
12.92333984,80.1546936,74858,74878,20
12.92333984,80.1546936,74878,74894,16
12.91983986,80.17118073,75088,75108,20
12.92028999,80.184021,75300,75316,16
12.94742012,80.18456268,75702,75718,16
12.96158028,80.18739319,76084,76104,20
12.98633003,80.1958313,76690,76706,16
12.9865799,80.23854065,22499,22519,20
12.98666,80.23812866,22539,22559,20
13.00596046,80.24230957,23107,23137,30
12.98830032,80.23007965,26227,26248,21
12.98871994,80.22335052,26419,26440,21
12.99100018,80.23201752,26601,26621,20
12.99178028,80.23365784,26652,26672,20
12.99398041,80.23452759,28076,28096,20
12.99135017,80.23329926,28177,28193,16
12.98834038,80.22332001,29995,30025,30
12.99176979,80.23365784,30237,30267,30
12.98834991,80.22332764,33676,33706,30
12.99083996,80.23014832,33848,33868,20
12.99174976,80.23364258,33949,33969,20
12.99870014,80.23916626,34151,34171,20
12.99403,80.23448181,35233,35249,16
12.98738003,80.23294067,37523,37539,16
12.99333954,80.23406219,37763,37784,21
12.99915981,80.23934174,38652,38672,20
12.99182034,80.23374176,38874,38904,30
12.98838043,80.22322845,39159,39179,20
12.98647022,80.23535156,40592,40612,20
12.98832989,80.22332001,40864,40885,21
12.99384022,80.23441315,41137,41157,20
12.99732971,80.23825836,42473,42489,16
12.99221039,80.23378754,42602,42620,18
12.99096012,80.23171997,42663,42683,20
12.98834991,80.22337341,42845,42865,20
12.98655987,80.23327637,43058,43078,20
12.98647976,80.23518372,43108,43128,20
12.98647976,80.23539734,44219,44239,20
12.99170017,80.2336731,44715,44745,30
12.99178028,80.23378754,46133,46153,20
12.99094009,80.23161316,46213,46230,17
12.98832989,80.2233429,46373,46393,20
12.99170971,80.2335968,48435,48465,30
12.99380016,80.23436737,48516,48532,16
12.99176979,80.2337265,49725,49746,21
12.9909296,80.23171234,49786,49806,20
12.98845005,80.22341156,49959,49979,20
12.98845005,80.22338867,50928,50958,30
12.98645973,80.23531342,51413,51443,30
12.98826027,80.23008728,51564,51594,30
12.99009037,80.22762299,51645,51664,19
12.99300957,80.23390961,52110,52127,17
12.99868011,80.23915863,52260,52280,20
12.99917984,80.23931885,53221,53241,20
12.99090958,80.23175812,53565,53586,21
12.99077988,80.23001862,53616,53636,20
12.98832989,80.22332001,55192,55222,30
12.99862957,80.23908234,55629,55650,21
13.00588036,80.24227905,55771,55801,30
12.99919033,80.23931122,56720,56750,30
12.9883604,80.22341919,57134,57164,30
12.98647022,80.23532104,58558,58578,20
12.98832035,80.22338104,58841,58871,30
12.99178028,80.23365784,59063,59082,19
12.99868965,80.23916626,59234,59255,21
13.00594044,80.2423172,59376,59406,30
12.99180984,80.23375702,60556,60577,21
12.98748016,80.23291016,61031,61047,16
12.98647976,80.23522949,61090,61110,20
12.98649025,80.23535156,62181,62201,20
12.98666,80.23332977,62242,62262,20
12.99600983,80.23596954,62817,62838,21
12.99872971,80.23922729,62898,62918,20
12.9991703,80.23934174,63991,64011,20
12.99629021,80.23638153,64102,64122,20
12.99094009,80.23178101,64294,64314,20
12.98717976,80.23329926,64769,64789,20
12.98647976,80.23523712,64829,64849,20
12.98647976,80.23535919,65800,65820,20
12.98666,80.23332214,65880,65897,17
12.99176979,80.23368073,66333,66353,20
12.99870014,80.23921204,66515,66535,20
13.00590992,80.24233246,66675,66696,21
12.99888039,80.23925781,67626,67642,16
12.99625969,80.23641205,67693,67714,21
12.99392986,80.23451996,67765,67785,20
12.99176025,80.2337265,67836,67856,20
12.98943043,80.22451782,68068,68088,20
12.98641968,80.23513794,68482,68512,30
12.98661041,80.23329926,69462,69482,20
12.99001026,80.22763062,69603,69633,30
12.9917202,80.23365021,69998,70028,30
12.99862957,80.23916626,70203,70223,20
12.99913025,80.23931885,71253,71273,20
12.9962101,80.23634338,71344,71364,20
12.9939003,80.23451996,71415,71435,20
12.98651981,80.23330688,71983,72004,21
12.99001026,80.2276535,73173,73193,20
12.99016953,80.22753143,73426,73446,20
12.99172974,80.23368073,73577,73607,30
12.99380016,80.23444366,73648,73678,30
12.99866009,80.23916626,73782,73802,20
13.00590038,80.24234009,73944,73963,19
12.99396038,80.23449707,74883,74911,28
12.98655987,80.23332214,75416,75436,20
12.98651981,80.23535919,76626,76656,30
12.99018002,80.22749329,77222,77242,20
12.99026012,80.2279892,77252,77268,16
12.9917202,80.23368835,77371,77401,30
12.99862957,80.23922729,77573,77593,20
13.00586033,80.24234772,77745,77765,20
12.99176979,80.2338028,78492,78513,21
13.02649975,80.26399994,23056,23077,21
13.02707958,80.2559967,23178,23198,20
13.00829029,80.21336365,23918,23938,20
12.98655987,80.17491913,24564,24584,20
12.97937965,80.16220856,24715,24735,20
12.97332954,80.15325165,24826,24846,20
12.96405983,80.14740753,24978,24994,16
12.95189953,80.14070129,25158,25179,21
12.92825031,80.11891174,25663,25683,20
12.92844009,80.11946106,26653,26673,20
12.93603992,80.12684631,26905,26921,16
12.93754005,80.12776184,26964,26984,20
12.94542027,80.13564301,27095,27113,18
12.95049953,80.13935089,27145,27165,20
12.95137978,80.13996887,27186,27215,29
12.97996044,80.16252899,27711,27727,16
12.98410034,80.17086792,27900,27921,21
13.0092802,80.21128845,28688,28718,30
13.00833035,80.23326111,29092,29108,16
13.00699043,80.24004364,29191,29210,19
13.01863956,80.24127197,29342,29362,20
13.02326965,80.24272156,29423,29443,20
13.02898026,80.24951935,29705,29726,21
13.02717972,80.25424194,29817,29837,20
13.02713966,80.25624084,29867,29887,20
13.02929974,80.26596069,30049,30069,20
13.03396034,80.26793671,30160,30180,20
13.04096985,80.2677002,30383,30399,16
13.07406044,80.28568268,30946,30966,20
13.08812046,80.28373718,32670,32690,20
13.08880043,80.28945923,33003,33024,21
13.0625,80.28314209,33367,33387,20
13.05667973,80.28192902,33458,33478,20
13.04325962,80.27748108,33730,33750,20
13.04450035,80.2685318,33841,33861,20
13.03433037,80.26799011,34134,34164,30
13.02649021,80.26405334,34366,34386,20
13.02707005,80.2541275,34639,34669,30
13.02873993,80.24977112,34730,34750,20
13.01889038,80.24140167,35002,35022,20
13.00741959,80.24037933,35184,35204,20
13.00741005,80.23670197,35264,35285,21
13.00837994,80.21338654,35567,35587,20
13.00819016,80.21327972,35598,35628,30
13.00819016,80.21327972,35628,35644,16
13.00685978,80.20973206,35818,35838,20
12.97935963,80.16220093,36514,36534,20
12.97350025,80.15344238,36645,36666,21
12.96944046,80.15020752,36746,36767,21
12.95296001,80.14147949,37029,37049,20
12.95051956,80.1396637,37110,37140,30
12.93776035,80.12867737,37312,37342,30
12.9282999,80.11763763,37625,37645,20
12.92984962,80.12091827,38533,38563,30
12.93589973,80.12673187,38715,38735,20
12.93704033,80.1277771,38775,38795,20
12.96866035,80.14961243,39219,39240,21
12.96883011,80.14971924,39250,39266,16
12.99590015,80.18895721,39954,39974,20
13.00986004,80.21398926,40570,40586,16
13.00825024,80.23338318,40881,40901,20
13.02896976,80.2492981,41567,41587,20
13.02705956,80.25740051,41870,41886,16
13.04156971,80.26811981,42575,42595,20
13.04349995,80.27391052,42837,42867,30
13.08837986,80.2832489,44341,44361,20
13.08854008,80.28159332,44432,44452,20
13.07824039,80.28762054,44947,44963,16
13.06256008,80.28315735,45097,45117,20
13.0567503,80.28192902,45208,45228,20
13.04399967,80.27989197,45370,45390,20
13.04325008,80.27739716,45450,45470,20
13.04426956,80.26850891,45632,45652,20
13.03392029,80.26793671,46006,46027,21
13.02651024,80.26605225,46168,46188,20
13.02618027,80.26496124,46218,46235,17
13.02641964,80.26399231,46235,46257,22
13.02702999,80.2567215,46368,46388,20
13.02896023,80.24925995,46570,46600,30
13.02902031,80.24880981,46610,46630,20
13.02180958,80.2423172,47095,47125,30
13.00864983,80.21366119,48003,48023,20
13.00695038,80.20448303,48366,48383,17
13.00417995,80.20121765,48425,48444,19
12.99100018,80.18093109,48728,48744,16
12.9726696,80.15226746,49109,49125,16
12.96914005,80.15000916,49157,49176,19
12.95856953,80.14444733,49339,49355,16
12.93710041,80.1280899,49722,49752,30
12.93000031,80.1212616,49914,49934,20
12.92844009,80.11756134,50035,50065,30
12.93136978,80.12245178,50759,50779,20
12.93655014,80.12734985,50921,50941,20
12.93675995,80.12756348,50941,50961,20
12.95038986,80.13928223,51133,51153,20
12.9512701,80.13989258,51203,51219,16
12.98165989,80.16674805,51707,51727,20
12.99565029,80.18859863,51969,51990,21
12.99693012,80.19016266,52111,52131,20
13.00187016,80.19876862,52384,52400,16
13.01288033,80.22221375,52766,52782,16
13.00697994,80.24012756,53077,53097,20
13.01756954,80.24089813,53228,53248,20
13.02900028,80.24919891,53511,53531,20
13.02923965,80.26605988,53892,53913,21
13.02616024,80.26608276,55881,55901,20
13.02649975,80.26403046,57506,57526,20
13.0285902,80.25003052,57829,57845,16
13.02808952,80.24569702,58000,58023,23
13.01889038,80.2414093,58136,58156,20
13.01451015,80.24046326,58227,58243,16
13.00739956,80.23683167,58376,58396,20
13.00804996,80.21327209,58790,58810,20
12.96844006,80.14972687,59982,60011,29
12.95166969,80.14057159,60416,60436,20
12.93179035,80.12304688,60759,60779,20
12.93663025,80.12747955,62001,62021,20
12.93696022,80.12782288,62041,62061,20
12.95131016,80.1399231,62253,62269,16
12.9686203,80.1496582,62564,62594,30
12.98902035,80.17823029,63154,63174,20
12.99559021,80.18859863,63304,63325,21
13.00930023,80.21131134,63860,63876,16
13.00823021,80.23365784,64221,64242,21
13.01764011,80.24095917,64464,64494,30
13.01861,80.24124908,64514,64534,20
13.02324009,80.2427597,64585,64605,20
13.02707958,80.25749207,65352,65368,16
13.03267002,80.26760864,65663,65693,30
13.03369999,80.26793671,65714,65744,30
13.03398991,80.26799011,65744,65774,30
13.04164028,80.26818848,66078,66097,19
13.04364014,80.27313995,66350,66371,21
13.0433197,80.27613068,66522,66538,16
13.07328033,80.28527069,67045,67075,30
13.07400036,80.28572083,67115,67135,20
13.08812046,80.28369904,68476,68497,21
13.08870029,80.289711,68779,68799,20
13.08819962,80.2903595,68880,68896,16
13.06807995,80.28447723,69132,69152,20
13.06622028,80.28408813,69182,69198,16
13.05667973,80.28199005,69392,69412,20
13.05589962,80.2818222,69432,69453,21
13.04442978,80.26853943,69957,69978,21
13.02649975,80.26403809,70657,70677,20
13.02649975,80.26403809,70677,70697,20
13.00732994,80.23690033,71608,71638,30
13.00784969,80.21321869,72012,72032,20
13.00432014,80.20127869,72365,72385,20
12.99437046,80.18654633,72567,72587,20
12.97673035,80.15840149,72991,73007,16
12.95160007,80.14063263,73525,73555,30
12.94882011,80.13835907,73616,73632,16
12.93585014,80.12683105,75712,75733,21
12.94550037,80.13584137,75924,75941,17
12.96080971,80.14572144,76165,76185,20
12.96864986,80.14975739,76306,76336,30
12.97177029,80.15132141,76387,76403,16
13.00366974,80.20088959,77051,77071,20
13.00911999,80.21154785,77374,77394,20
13.00819969,80.23364258,77707,77727,20
13.02320957,80.24282074,78030,78050,20
13.02921963,80.26586151,78626,78646,20
13.0265398,80.2641983,84090,84120,30
13.05051994,80.20665741,20266,20286,20
13.05047035,80.20680237,20286,20306,20
13.04967976,80.20681,20336,20357,21
13.06964016,80.20533752,20770,20790,20
13.06968021,80.20516205,20801,20821,20
13.04162025,80.21237183,21800,21816,16
13.02818012,80.20857239,22060,22076,16
13.01043987,80.21176147,22381,22397,16
13.00197983,80.21903229,22833,22849,16
12.97634029,80.22177887,23186,23202,16
12.98011971,80.25219727,23591,23611,20
12.98721981,80.25911713,24903,24923,20
12.97990036,80.25228882,25155,25185,30
12.98733997,80.21823883,26063,26083,20
13.01611042,80.20501709,26699,26716,17
13.0302,80.20897675,26890,26910,20
13.04588032,80.21217346,27162,27178,16
13.04979992,80.21192169,27242,27272,30
13.06509972,80.21130371,28533,28554,21
13.05729961,80.21160889,28725,28741,16
13.05025959,80.21221924,28824,28854,30
13.04981041,80.21219635,28865,28885,20
13.04510021,80.21238708,28965,28986,21
13.03796005,80.21240234,29107,29123,16
13.02956009,80.20896149,29338,29358,20
13.01231956,80.21221924,29763,29779,16
12.99757957,80.21649933,30437,30456,19
12.97568035,80.22036743,30822,30852,30
12.97566032,80.22023773,30852,30873,21
12.97622967,80.22158051,30913,30943,30
12.98132992,80.23872375,31216,31236,20
12.98139954,80.24266815,31296,31317,21
12.98013973,80.25211334,31428,31458,30
12.98161983,80.23343658,34535,34551,16
12.98066044,80.22895813,34644,34665,21
12.98740005,80.21820068,35139,35169,30
13.00360012,80.21192169,35492,35512,20
13.00971985,80.20361328,35795,35811,16
13.03015995,80.20896149,36130,36150,20
13.03157997,80.20935822,36180,36200,20
13.03501034,80.21109772,36271,36291,20
13.0362196,80.21228027,36341,36362,21
13.04946041,80.21195984,36753,36773,20
13.06875038,80.20523834,37147,37167,20
13.06972027,80.20484161,37823,37843,20
13.06527996,80.21109772,37944,37964,20
13.0582304,80.21157837,38085,38115,30
13.05060005,80.21230316,38226,38247,21
13.03407955,80.21212769,38580,38600,20
13.03075981,80.20932007,38691,38711,20
13.02976036,80.20903778,38741,38761,20
13.02945995,80.20894623,38761,38781,20
13.01352978,80.20471191,38993,39013,20
13.01173019,80.21279907,39165,39181,16
13.01004982,80.21444702,39465,39481,16
12.9868803,80.21826172,40213,40233,20
12.98398972,80.25235748,41111,41127,16
12.98703957,80.25910187,42338,42368,30
12.9799099,80.2522583,42873,42903,30
12.98124027,80.23796082,43125,43145,20
12.98118973,80.23574066,43185,43202,17
12.98161983,80.23338318,43214,43234,20
12.97805977,80.22479248,43426,43446,20
12.97595978,80.22147369,43557,43577,20
12.97542,80.2206192,43648,43668,20
12.98291016,80.21797943,43819,43835,16
12.98735046,80.21826172,43908,43928,20
12.99293995,80.21851349,44009,44039,30
12.99726963,80.21630859,44200,44217,17
13.00362015,80.21196747,44370,44390,20
13.00730991,80.20983124,44511,44541,30
13.03491974,80.21125793,45207,45224,17
13.04854965,80.21205902,45549,45570,21
13.04957962,80.21195984,45590,45620,30
13.06801033,80.20542145,46205,46225,20
13.06801987,80.20510101,47245,47275,30
13.06960011,80.20480347,47315,47345,30
13.05455017,80.21154785,47598,47618,20
13.03750038,80.21238708,48032,48049,17
13.01850033,80.20606995,48424,48440,16
13.01072025,80.21198273,48675,48695,20
13.00949955,80.21105194,48786,48816,30
13.00244045,80.21948242,49311,49327,16
12.99740028,80.21649933,49400,49419,19
12.97630978,80.22167969,50035,50055,20
12.97636032,80.22184753,50055,50076,21
12.9819603,80.23116302,50247,50267,20
12.98130989,80.23986053,50469,50485,16
12.98007011,80.25235748,50639,50659,20
12.9875803,80.25640106,51002,51022,20
12.98727989,80.25926208,51072,51093,21
12.98771,80.25498962,53383,53403,20
12.98783016,80.25177002,53514,53544,30
12.98134995,80.24282837,53847,53877,30
12.98161983,80.2333374,54079,54099,20
12.98064041,80.22888947,54200,54230,30
12.9804697,80.22866821,54240,54261,21
12.97541046,80.2207489,54493,54523,30
12.98729038,80.2181778,54755,54785,30
12.99370956,80.2178421,54886,54916,30
12.99405003,80.21769714,54926,54947,21
13.00014019,80.21379852,55118,55134,16
13.00986958,80.20359039,55499,55516,17
13.03155041,80.2094574,55873,55893,20
13.04881001,80.21195221,56256,56272,16
13.04961967,80.21188354,56284,56305,21
13.06952,80.20532227,56659,56679,20
13.06921005,80.20472717,58031,58061,30
13.04942036,80.21219635,58445,58465,20
13.04942036,80.21219635,58465,58481,16
13.0383997,80.21240234,58634,58654,20
13.0349102,80.21224976,58725,58755,30
13.03370953,80.21204376,58796,58812,16
13.01912022,80.20629883,59066,59086,20
12.97735977,80.21970367,60483,60513,30
12.97710037,80.219841,60523,60553,30
12.97634983,80.22177124,60937,60956,19
12.98731041,80.25936127,61926,61956,30
12.98161983,80.2333374,63617,63647,30
12.97996044,80.22776794,63879,63895,16
12.97636032,80.22194672,64040,64060,20
12.97595024,80.2212677,64080,64100,20
12.97558975,80.22097778,64120,64140,20
12.98738003,80.21824646,64484,64514,30
13.00352001,80.2094574,64968,64988,20
13.00741005,80.20983887,65099,65119,20
13.02927971,80.20874023,65775,65795,20
13.03495979,80.21083069,65937,65957,20
13.0369997,80.21228027,66118,66134,16
13.06352043,80.21154785,66733,66753,20
13.06838036,80.20491791,67732,67752,20
13.06970024,80.20488739,67782,67812,30
13.05181026,80.21219635,68186,68216,30
13.03709984,80.21234131,68640,68656,16
13.03612995,80.21234894,68656,68678,22
13.02960014,80.20889282,68892,68912,20
13.02762032,80.20822906,68943,68959,16
13.01922035,80.20635223,69072,69102,30
13.01364994,80.20452118,69223,69243,20
13.01012039,80.21150208,69445,69465,20
13.00924015,80.21103668,69536,69565,29
12.99792957,80.21661377,70325,70345,20
12.99685955,80.21656036,70436,70456,20
12.98709965,80.2183075,70729,70749,20
12.98264027,80.21797943,70941,70961,20
12.97947979,80.21877289,71445,71465,20
12.98169994,80.23053741,72797,72817,20
12.98157978,80.23355103,72878,72898,20
12.98585987,80.25180054,73282,73298,16
12.98731995,80.25930786,73685,73715,30
12.98159027,80.2334137,75701,75722,21
12.98019028,80.22817993,75863,75879,16
12.97671032,80.22254181,75972,76002,30
12.99952984,80.21439362,76910,76926,16
13.00209999,80.21231842,76958,76980,22
13.00747967,80.20980072,77151,77172,21
13.00796986,80.20874786,77242,77258,16
13.01854992,80.20583344,77527,77557,30
13.02991962,80.20896912,77750,77766,16
13.03495979,80.21121979,77870,77890,20
13.03487968,80.21179199,77910,77933,23
13.06805038,80.20511627,79955,79975,20
13.06877041,80.20475006,80005,80035,30
13.06947041,80.20478058,80076,80096,20
13.04695034,80.21217346,80671,80691,20
13.04915047,80.21086121,80762,80782,20
12.99647999,80.26776886,21074,21090,16
12.99888039,80.25601196,22072,22092,20
13.00263977,80.25670624,22163,22179,16
13.00745964,80.23661041,22495,22515,20
13.03038025,80.22834015,23211,23231,20
13.0289402,80.22724152,23282,23312,30
13.04364967,80.20697021,24694,24711,17
13.04693985,80.21212006,24825,24855,30
13.04944038,80.2121582,26450,26470,20
13.04413986,80.20887756,26652,26672,20
13.03927994,80.19687653,26988,27008,20
13.03872967,80.19286346,27119,27139,20
13.03724003,80.19603729,27211,27231,20
13.03637028,80.20172119,27345,27365,20
13.03254032,80.2118988,27608,27631,23
13.03009987,80.20944977,27732,27752,20
13.03001022,80.22736359,28318,28341,23
13.0143404,80.22627258,28839,28860,21
13.00825024,80.23362732,29001,29021,20
13.00699997,80.23988342,29122,29142,20
13.00691032,80.24967194,29273,29293,20
13.00685024,80.25137329,29324,29354,30
12.99569035,80.26731873,31584,31604,20
12.99575996,80.26651001,31624,31640,16
12.99617958,80.26255798,31683,31703,20
12.9971199,80.25583649,31996,32012,16
13.00535965,80.25718689,32185,32205,20
13.00662041,80.2477417,32468,32488,20
13.01546001,80.22496033,32982,33002,20
13.01937962,80.22432709,33083,33103,20
13.03120041,80.22315979,33777,33797,20
13.03526974,80.20861053,34373,34393,20
13.03604984,80.20355988,34514,34530,16
13.03633976,80.20149994,34552,34572,20
13.03882027,80.19286346,34784,34804,20
13.04106045,80.19927979,35006,35026,20
13.04030037,80.20436859,35117,35137,20
13.04432964,80.21179962,35339,35359,20
13.04891968,80.20716095,35561,35591,30
13.04911995,80.20729065,36358,36388,30
13.04985046,80.21154785,36469,36489,20
13.04948997,80.21221161,36530,36550,20
13.04430962,80.21238708,36671,36700,29
13.0397501,80.1932373,37196,37216,20
13.03534031,80.20870972,37589,37605,16
13.03079033,80.20931244,37758,37779,21
13.03011036,80.20937347,37809,37827,18
13.03036022,80.22744751,38365,38381,16
13.03059959,80.23014832,38422,38443,21
13.02980042,80.23079681,38484,38514,30
13.01362038,80.22651672,38999,39015,16
13.00656033,80.25530243,39486,39502,16
12.99617958,80.26258087,41785,41805,20
12.99682045,80.25660706,41956,41986,30
13.00636959,80.25737762,42521,42551,30
13.00648975,80.25327301,42693,42713,20
13.01124001,80.22348785,43268,43298,30
13.01548958,80.22498322,43409,43429,20
13.01935005,80.22422028,43490,43510,20
13.02995968,80.23081207,44002,44022,20
13.02995968,80.23081207,44022,44038,16
13.03547955,80.20581818,44888,44908,20
13.03617001,80.20274353,44959,44975,16
13.04687977,80.2121582,45775,45805,30
13.03886032,80.19956207,46955,46971,16
13.03672028,80.19841003,47195,47215,20
13.03203011,80.21057129,47518,47534,16
13.02659988,80.23288727,48316,48346,30
13.02460003,80.22901154,48408,48428,20
13.00819016,80.23358917,48794,48814,20
13.00658989,80.24468231,49026,49046,20
13.00664043,80.24681854,49087,49103,16
13.00656033,80.25707245,49297,49327,30
13.00666046,80.25720215,49337,49367,30
13.00275993,80.25676727,49478,49508,30
12.9975996,80.25598145,49609,49630,21
12.99596977,80.26422119,49791,49807,16
12.99997044,80.25624847,51575,51595,20
13.00656033,80.25344086,51877,51897,20
13.00741959,80.23671722,52442,52462,20
13.01492023,80.2244873,52715,52731,16
13.02589035,80.23072052,52975,52995,20
13.02740955,80.23097992,53035,53051,16
13.03209019,80.22064972,53417,53433,16
13.03524971,80.20871735,53890,53910,20
13.04411983,80.20876312,54636,54652,16
13.04703045,80.21196747,54787,54807,20
13.04891014,80.20717621,54968,54989,21
13.04891014,80.20717621,54989,55005,16
13.04951,80.21212006,56359,56388,29
13.04407024,80.20884705,56530,56550,20
13.04263973,80.20568848,56601,56619,18
13.04084015,80.20511627,56619,56641,22
13.0392704,80.19696808,56843,56873,30
13.03880978,80.19287872,56964,56980,16
13.03544998,80.20835876,57295,57315,20
13.03240013,80.21190643,57416,57436,20
13.03063011,80.20934296,57517,57537,20
13.03081036,80.20999146,57607,57624,17
13.02966022,80.23085785,58191,58211,20
13.02766037,80.23156738,58261,58277,16
13.02513027,80.22978973,58501,58522,21
13.02404022,80.22840118,58552,58572,20
13.01511002,80.22599792,58743,58760,17
13.00685978,80.24082184,59105,59125,20
13.00669003,80.24590302,59206,59226,20
13.00666046,80.25717163,59500,59520,20
12.99981022,80.25630188,59853,59873,20
12.99685955,80.25694275,59964,59984,20
12.99625969,80.26777649,60176,60196,20
13.00010014,80.2665863,60267,60285,18
12.99619961,80.26242828,60963,60983,20
13.00654984,80.25327301,61689,61710,21
13.00654984,80.25229645,61740,61770,30
13.00664043,80.24826813,61831,61861,30
13.00699997,80.23882294,62063,62079,16
13.00737,80.23690796,62091,62120,29
13.0112896,80.2234726,62333,62353,20
13.03067017,80.23069,63041,63062,21
13.03042984,80.21656036,63475,63495,20
13.03524017,80.2088089,63838,63859,21
13.03586006,80.20467377,63960,63976,16
13.0408802,80.19325256,64260,64276,16
13.04133034,80.19700623,64369,64389,20
13.0411396,80.2052002,64551,64567,16
13.04701996,80.21137238,64932,64948,16
13.04883957,80.20709229,65083,65113,30
13.04981995,80.21170044,66394,66424,30
13.04090023,80.20516205,66868,66889,21
13.04063034,80.20513916,66899,66919,20
13.03886032,80.19924164,67070,67090,20
13.03921032,80.19689941,67131,67161,30
13.03866959,80.19287872,67272,67292,20
13.03742027,80.19451904,67343,67359,16
13.03719997,80.19603729,67359,67381,22
13.03633976,80.20178223,67502,67522,20
13.03538036,80.20851135,67653,67673,20
13.02999973,80.20955658,67906,67926,20
13.03081036,80.21000671,67956,67976,20
13.03120041,80.21690369,68178,68198,20
13.03217983,80.22028351,68269,68289,20
13.02898026,80.22416687,68420,68440,20
13.03038025,80.22792053,68571,68592,21
13.02995968,80.2307663,68802,68823,21
13.02474022,80.22924042,69075,69095,20
13.02388,80.2281723,69125,69146,21
13.01432037,80.22624207,69337,69357,20
13.00788021,80.23484039,69529,69549,20
13.00662994,80.24472046,69872,69902,30
13.00666046,80.24550629,69933,69959,26
13.00652027,80.25640106,70203,70223,20
13.00475979,80.25715637,70294,70324,30
13.00415993,80.25704193,70364,70381,17
12.99870014,80.25605774,70555,70575,20
12.99647999,80.2677536,72190,72210,20
12.99565029,80.26715851,72270,72290,20
12.99981976,80.25624084,72803,72823,20
13.00508976,80.25720978,72934,72950,16
13.02849007,80.23087311,74326,74346,20
13.0292902,80.23075867,74366,74386,20
13.03063011,80.23065948,74426,74442,16
13.03546047,80.20722198,75354,75370,16
13.03549957,80.20575714,75382,75402,20
13.03635025,80.20152283,75513,75533,20
13.03709984,80.19644165,75624,75644,20
13.04283047,80.20578766,76149,76165,16
13.04432011,80.21211243,76270,76300,30
13.0488596,80.20706177,76562,76589,27
13.04957962,80.21221161,76924,76954,30
13.04415989,80.20954132,77144,77164,20
13.04411983,80.20890045,77174,77194,20
13.03971958,80.1932373,77507,77527,20
13.03934956,80.19303894,77537,77553,16
13.03549957,80.20739746,77828,77844,16
13.03116035,80.22345734,78451,78467,16
13.02808952,80.22711945,78612,78635,23
13.02359962,80.2277832,78990,79020,30
13.01426029,80.22631073,79212,79232,20
13.01066971,80.22773743,79283,79299,16
12.99960995,80.25630951,79856,79886,30
12.99783993,80.25598145,79926,79947,21
12.9979496,80.25646973,82429,82459,30
12.99796009,80.25695801,82479,82509,30
12.89768028,80.24743652,85185,85205,20
12.89887047,80.22781372,85528,85544,16
12.91744995,80.18972015,86333,86349,16
13.09860039,80.24146271,617,647,30
13.09902,80.240448,2697,2727,30
13.10027027,80.21479034,19586,19607,21
13.0984602,80.21414948,19647,19663,16
13.06612015,80.24781799,20332,20349,17
13.06145954,80.24313354,20453,20473,20
13.05383968,80.24224854,20604,20624,20
13.05200958,80.24088287,20665,20681,16
13.04697037,80.23300934,20864,20881,17
13.0340004,80.23045349,21024,21044,20
12.99693966,80.25595856,23053,23073,20
13.00477982,80.25715637,23215,23231,16
13.01978016,80.22460938,23819,23840,21
13.02188015,80.22606659,23890,23910,20
13.03431988,80.23040009,24183,24203,20
13.05677032,80.24260712,24728,24758,30
13.06937027,80.24220276,24980,24997,17
13.09644032,80.2193222,25817,25837,20
13.09119987,80.22762299,28039,28059,20
13.08882999,80.23091888,28130,28160,30
13.08238029,80.2335968,28441,28461,20
13.07956028,80.23345947,28501,28522,21
13.07614994,80.23377228,28572,28592,20
13.07651043,80.23725891,28643,28673,30
13.06783962,80.24661255,29178,29198,20
13.05848026,80.24259186,29531,29549,18
13.05381966,80.24223328,29592,29611,19
13.03351974,80.23043823,30177,30197,20
13.02980042,80.2308197,30258,30278,20
13.0240097,80.22825623,30450,30470,20
13.02009964,80.22486115,30551,30567,16
13.01424026,80.2263031,30630,30650,20
13.0087204,80.23092651,30762,30782,20
13.00821972,80.23365784,30822,30841,19
13.00683022,80.24073029,30943,30963,20
12.99779987,80.25595093,31468,31488,20
12.99697971,80.25605774,31508,31525,17
13.00006962,80.26669312,31779,31799,20
12.99569988,80.26732635,32433,32463,30
12.99590015,80.26573181,32494,32510,16
12.99623013,80.26252747,32532,32552,20
12.99656963,80.25939941,32603,32623,20
12.9988203,80.25602722,32906,32926,20
13.0064497,80.2574234,33047,33077,30
13.00656986,80.24652863,33380,33400,20
13.00739956,80.23686981,33562,33578,16
13.00778008,80.23516083,33620,33640,20
13.0155201,80.2250824,33893,33923,30
13.02847958,80.23091888,34468,34488,20
13.04014015,80.23990631,34983,35003,20
13.04452991,80.24060059,35094,35114,20
13.05405998,80.24226379,35397,35417,20
13.06190968,80.24326324,35578,35594,16
13.07003975,80.24208069,35829,35849,20
13.08401966,80.23394012,36384,36404,20
13.09130955,80.22734833,36596,36612,16
13.10037994,80.21456146,36947,36977,30
13.0887804,80.23091888,38300,38330,30
13.08366013,80.23387909,38643,38673,30
13.0823698,80.23362732,38703,38724,21
13.07645988,80.23726654,38936,38966,30
13.07835007,80.2516098,39188,39208,20
13.06919003,80.24269867,39440,39457,17
13.0537796,80.24224091,39952,39973,21
13.04994965,80.24033356,40175,40205,30
13.04825974,80.23995972,40266,40286,20
13.04703045,80.23574066,40417,40434,17
13.03353024,80.23046875,40779,40799,20
13.02322006,80.22747803,41212,41228,16
13.00664043,80.25782013,42503,42533,30
13.00652027,80.25306702,42694,42715,21
13.00656986,80.24443817,42947,42963,16
13.00666046,80.2405014,43004,43025,21
13.02194977,80.22618103,43480,43500,20
13.03388023,80.23053741,43944,43974,30
13.03411961,80.23721313,44267,44283,16
13.04430962,80.24082184,44648,44669,21
13.04611969,80.23953247,44709,44729,20
13.04955959,80.24025726,44810,44840,30
13.0539999,80.24226379,45002,45022,20
13.06890011,80.24246216,45455,45475,20
13.06993008,80.2421875,45495,45515,20
13.0839901,80.23394012,46040,46061,21
13.08460999,80.23412323,46091,46107,16
13.08885956,80.23046875,46190,46219,29
13.09140968,80.22727203,46270,46291,21
13.09638977,80.21925354,46422,46442,20
13.09720039,80.21690369,46482,46503,21
13.10041046,80.21457672,46654,46670,16
13.09727955,80.21675873,47651,47671,20
13.09109974,80.22766113,47843,47863,20
13.08876038,80.23091888,47924,47944,20
13.08242035,80.2335968,48176,48196,20
13.06307983,80.24433136,49207,49227,20
13.06134033,80.24313354,49297,49318,21
13.06070995,80.24291992,49328,49358,30
13.05879974,80.24256134,49388,49408,20
13.05704975,80.24279785,49439,49459,20
13.05370045,80.2421875,49519,49540,21
13.0520401,80.2408905,49580,49610,30
13.05138016,80.24060059,49641,49661,20
13.04508972,80.23253632,50004,50034,30
13.03312016,80.23036957,50317,50333,16
13.02993965,80.23074341,50375,50395,20
13.02478981,80.22924042,50577,50597,20
13.02408028,80.22836304,50628,50648,20
13.0240202,80.22828674,50658,50674,16
13.00667953,80.24411011,51232,51252,20
13.00683975,80.24932098,51353,51374,21
13.0067997,80.25131989,51414,51444,30
12.99977016,80.25618744,51888,51908,20
12.9956398,80.26747131,53201,53222,21
13.00681019,80.25025177,53928,53944,16
13.00660038,80.24653625,54108,54128,20
13.01537037,80.22485352,54613,54633,20
13.02194023,80.22615051,54754,54774,20
13.03417015,80.23709869,55319,55335,16
13.04405975,80.24082184,55538,55559,21
13.05115986,80.24056244,55701,55721,20
13.05222034,80.24079132,55751,55781,30
13.05395985,80.24221802,55822,55842,20
13.05679989,80.24256897,55902,55923,21
13.07485008,80.240448,56316,56332,16
13.07678032,80.23892212,56365,56385,20
13.09140015,80.22727203,56970,56991,21
13.09634972,80.21925354,57122,57152,30
13.10011959,80.21446228,57283,57312,29
13.09113979,80.22767639,58553,58573,20
13.08607006,80.23444366,58735,58765,30
13.08368015,80.23387909,58806,58826,20
13.05889034,80.24256134,59937,59957,20
13.05391979,80.24228668,60048,60068,20
13.0531702,80.24188995,60109,60135,26
13.04520035,80.23264313,60440,60460,20
13.03682995,80.23069,60742,60763,21
13.03419971,80.23039246,61005,61035,30
13.03343964,80.23046112,61055,61076,21
13.02966022,80.23081207,61146,61166,20
13.02490997,80.22943878,61378,61399,21
13.02400017,80.22831726,61439,61459,20
13.02400017,80.22831726,61459,61475,16
13.01443005,80.2261734,61620,61640,20
13.00817966,80.23362732,61751,61771,20
13.00747967,80.23696136,61822,61838,16
13.00687981,80.24012756,61860,61879,19
13.00667953,80.24382019,61971,62001,30
13.00683975,80.2494812,62092,62112,20
13.00673008,80.25170135,62153,62173,20
13.00673008,80.25782776,62829,62855,26
13.00669956,80.24861145,63049,63069,20
13.00660038,80.24664307,63110,63130,20
13.00739002,80.23706055,63332,63352,20
13.00743008,80.23677063,63362,63382,20
13.01220989,80.22164917,63584,63600,16
13.01535034,80.22493744,63673,63702,29
13.0218401,80.22609711,63824,63844,20
13.0218401,80.22609711,63844,63861,17
13.02989006,80.23081207,64236,64266,30
13.03141975,80.23068237,64297,64327,30
13.04098034,80.24062347,65033,65054,21
13.05395985,80.24227905,65407,65427,20
13.05628014,80.24253845,65498,65514,16
13.06249046,80.24337769,65688,65708,20
13.07005024,80.24214172,65920,65940,20
13.08030033,80.2335434,66303,66323,20
13.08296013,80.23065948,66435,66455,20
13.08889008,80.23047638,66768,66798,30
13.09138012,80.22727966,66848,66869,21
13.09412003,80.22434235,66939,66955,16
13.09640026,80.21916962,67099,67120,21
13.09716034,80.21694183,67132,67152,20
13.09111023,80.22762299,68425,68445,20
13.08874035,80.23091888,68516,68536,20
13.0824604,80.23361969,68748,68768,20
13.08024025,80.23349762,68809,68829,20
13.07643032,80.23724365,68991,69011,20
13.07509041,80.25215149,69313,69330,17
13.06336975,80.24378204,69816,69832,16
13.06138039,80.24311829,69875,69895,20
13.05091,80.24053192,70159,70180,21
13.04722977,80.23329163,70523,70553,30
13.03184986,80.23062134,71017,71033,16
13.02694988,80.23294067,71390,71410,20
13.02394962,80.22825623,71551,71572,21
13.02390957,80.22820282,71582,71598,16
13.0149498,80.22601318,71761,71782,21
13.01443958,80.22618866,71802,71832,30
13.00821972,80.23339844,71963,71984,21
13.0067997,80.24929047,72276,72296,20
13.0067997,80.24929047,72296,72313,17
13.00002003,80.25631714,72707,72728,21
12.99967003,80.25627136,72749,72769,20
12.99680996,80.25679779,72870,72900,30
12.9960804,80.26773071,73203,73233,30
12.99999046,80.26673889,73314,73334,20
13.00673962,80.24958038,75517,75537,20
13.00662041,80.24675751,75676,75696,20
13.00743008,80.23681641,75868,75888,20
13.0197401,80.22454834,76221,76241,20
13.04483986,80.24041748,77039,77069,30
13.05231953,80.24080658,77221,77241,20
13.05653,80.24269104,77342,77362,20
13.06626034,80.24347687,77584,77600,16
13.0690403,80.24240112,77663,77683,20
13.07001019,80.24215698,77703,77723,20
13.07639027,80.23738098,77865,77895,30
13.08034039,80.2335434,78026,78046,20
13.0824604,80.2313385,78107,78127,20
13.08397961,80.23401642,78218,78248,30
13.08882999,80.2305603,78379,78400,21
13.09095001,80.2277832,78450,78466,16
13.09617996,80.2197113,78610,78628,18
13.09947968,80.23055267,79478,79498,20
13.09867001,80.23293304,79589,79609,20
13.09850979,80.24234009,79821,79851,30
12.98690033,80.22296906,22914,22932,18
12.92271996,80.15216827,24458,24479,21
12.92238998,80.14124298,24610,24626,16
12.92333031,80.12106323,25011,25041,30
12.91993046,80.1710968,26512,26529,17
12.91716003,80.19312286,26783,26803,20
12.93398952,80.2039032,27095,27115,20
12.97612953,80.22120667,27710,27730,20
12.98812008,80.22284698,27962,27978,16
13.00788021,80.21305847,28323,28343,20
13.01558018,80.22499847,28534,28554,20
13.02595997,80.23084259,28756,28776,20
13.02713966,80.2329483,31056,31076,20
13.02315044,80.22747803,31197,31217,20
13.02009964,80.22498322,31277,31298,21
13.01156044,80.22286224,31580,31596,16
12.98460007,80.22303772,32274,32290,16
12.97558022,80.22103882,32474,32494,20
12.97558022,80.22103882,32494,32510,16
12.91722965,80.19133759,33481,33502,21
12.9197998,80.17093658,33774,33790,16
12.92269993,80.15207672,34014,34034,20
12.92343044,80.11695862,34598,34618,20
12.92296028,80.1279068,35745,35761,16
12.92247009,80.14360046,35955,35975,20
12.92273045,80.15190887,36096,36112,16
12.91985989,80.1711731,36376,36396,20
12.92942047,80.20274353,37021,37041,20
12.99083042,80.22003937,38212,38228,16
12.99932003,80.21456146,38391,38411,20
13.01535034,80.22483063,38774,38794,20
13.01937008,80.22431946,38865,38895,30
13.02497959,80.22937775,39056,39072,16
13.02563953,80.23032379,39072,39094,22
13.02748966,80.23101044,39165,39185,20
13.0339098,80.23042297,39538,39568,30
13.03125954,80.23068237,40747,40777,30
13.02987003,80.23082733,40828,40858,30
13.02328014,80.22756195,41110,41126,16
13.01436043,80.22628021,41269,41289,20
13.00883961,80.21395874,41593,41614,21
13.00877953,80.21386719,41624,41644,20
13.00866032,80.21372223,41654,41674,20
12.98250961,80.22180176,47637,47659,22
12.98297977,80.22197723,47669,47689,20
12.98653984,80.22293854,47801,47831,30
12.98653984,80.22293854,47831,47847,16
12.99042034,80.22028351,47899,47920,21
12.99744987,80.21611023,48061,48081,20
13.02915001,80.2307663,48849,48879,30
13.02112007,80.22563171,49432,49448,16
13.02001953,80.22490692,49448,49469,21
13.01420975,80.22551727,49622,49642,20
13.01414013,80.22531891,49642,49664,22
13.02598,80.23104095,53383,53404,21
13.02915955,80.2308197,53454,53474,20
13.02301979,80.2273407,54351,54381,30
13.0085001,80.21347046,54835,54855,20
12.97595024,80.22129822,55580,55600,20
12.92039013,80.18399811,59744,59764,20
12.92628002,80.19754791,60086,60102,16
12.94324017,80.20791626,60417,60433,16
12.99728966,80.21627808,61594,61614,20
13.00771046,80.21295929,61806,61826,20
13.03324032,80.23053741,62602,62622,20
13.03256989,80.23058319,64264,64285,21
13.03131962,80.23068237,64406,64426,20
13.0273304,80.23284149,64607,64637,30
13.02637959,80.23287201,64668,64684,16
13.02311993,80.22740936,64757,64777,20
13.01869965,80.22450256,64848,64867,19
13.0101099,80.22634888,65020,65039,19
13.00891018,80.21398926,65192,65213,21
13.00811958,80.21331024,65303,65324,21
13.00790977,80.21320343,65334,65354,20
12.99724007,80.21653748,65606,65626,20
12.99621964,80.21665192,65656,65676,20
12.99088001,80.22010803,65828,65848,20
12.98981953,80.22099304,65868,65888,20
12.98379993,80.22255707,66049,66069,20
12.98268986,80.22187042,66140,66160,20
12.9777298,80.22125244,66241,66257,16
12.9442997,80.20841217,66793,66813,20
12.91709995,80.19423676,67448,67468,20
12.91693974,80.19361115,67488,67504,16
12.91720009,80.19133759,67557,67577,20
12.92236042,80.14231873,68616,68632,16
12.92310047,80.12069702,69028,69048,20
12.92319012,80.12037659,69059,69089,30
12.9232502,80.11930084,69109,69125,16
12.92241955,80.1412735,69883,69903,20
12.92241955,80.14170074,69923,69943,20
12.92261982,80.14730072,70115,70145,30
12.92259026,80.14829254,70165,70181,16
12.91993999,80.19651031,70959,70979,20
12.92500973,80.19745636,71100,71117,17
12.96961975,80.21839905,71784,71804,20
12.96980953,80.21849823,71814,71834,20
12.97037983,80.21874237,71854,71874,20
12.97099972,80.21897125,71995,72015,20
12.97150993,80.21916962,72046,72066,20
12.97544956,80.2207489,72661,72681,20
12.98239994,80.2217865,72812,72832,20
12.98795986,80.22286224,73003,73023,20
12.98875999,80.22219086,73195,73225,30
12.9904604,80.2203064,73285,73306,21
12.99209023,80.21906281,73437,73467,30
13.00749969,80.21279907,74053,74074,21
13.01959038,80.22440338,74336,74356,20
13.0348196,80.23026276,74759,74779,20
13.02293015,80.22733307,75533,75553,20
13.01043987,80.21634674,75956,75972,16
13.00852013,80.21350098,76004,76025,21
12.9927597,80.21875,76468,76484,16
12.99085999,80.22013092,76496,76516,20
12.98383045,80.22257233,76668,76688,20
12.98330021,80.22223663,76708,76728,20
12.97572041,80.22118378,77262,77282,20
12.94110012,80.20610046,77736,77756,20
12.91985989,80.18240356,78411,78427,16
12.92345047,80.11696625,79236,79266,30
12.92241001,80.14261627,80020,80036,16
12.9664402,80.2171402,81126,81142,16
12.98534012,80.22325134,81457,81473,16
13.01432037,80.22619629,82080,82100,20
13.03464985,80.20607758,6633,6663,30
13.03444004,80.20606232,11376,11396,20
13.03444004,80.20606232,11507,11537,30
13.03456974,80.20600128,11537,11558,21
13.03468037,80.20593262,19310,19330,20
13.03452015,80.20585632,21329,21359,30
13.0345602,80.20607758,21440,21460,20
13.05115986,80.21209717,24135,24151,16
13.06879997,80.2066803,24385,24405,20
13.06799984,80.20529175,39795,39816,21
13.06803989,80.20503998,40532,40552,20
13.06375027,80.21172333,40795,40825,30
13.05825043,80.21160889,40906,40922,16
13.01354027,80.20468903,42083,42113,30
13.01025963,80.22599792,42819,42836,17
12.99053955,80.22026062,43242,43262,20
12.98464012,80.21811676,43353,43383,30
12.97749043,80.21898651,43444,43464,20
12.97721004,80.22016907,43484,43505,21
12.97593975,80.22028351,43767,43787,20
12.97568035,80.22033691,43787,43807,20
13.03415966,80.23023224,19718,19738,20
13.02140999,80.22580719,20032,20048,16
13.0086298,80.23130798,20202,20220,18
13.03390026,80.26786041,20880,20901,21
13.03442001,80.26804352,20931,20951,20
13.02215958,80.2634201,21163,21179,16
13.01391983,80.25926208,21302,21323,21
13.01541996,80.22492218,21870,21887,17
13.03423977,80.23030853,24220,24250,30
13.03057957,80.23069763,24301,24317,16
13.01480007,80.22606659,24672,24688,16
13.00673962,80.25720215,25124,25154,30
13.03363991,80.26780701,25649,25669,20
13.00660038,80.25763702,26860,26880,20
13.00656033,80.25399017,26931,26947,16
13.02851963,80.23091888,27738,27754,16
13.03431034,80.23047638,29502,29532,30
13.01797962,80.22476959,29906,29922,16
13.01428032,80.22625732,29954,29974,20
13.00687027,80.25006104,30399,30415,16
13.00667953,80.25708771,30488,30518,30
13.0165596,80.25975037,30650,30671,21
13.02295971,80.26383209,30792,30812,20
13.02311993,80.26397705,30822,30838,16
13.03347015,80.26782227,31103,31123,20
13.03458023,80.26795959,31153,31173,20
13.03283978,80.26776123,32049,32069,20
13.02997017,80.26660156,32130,32151,21
13.02633953,80.26596069,32222,32244,22
13.00648975,80.25318909,32811,32831,20
13.0065403,80.25218964,32851,32872,21
13.00656986,80.24661255,32962,32983,21
13.01525974,80.224823,33376,33396,20
13.0196104,80.22438049,33467,33497,30
13.02190018,80.22618866,33548,33568,20
13.02912045,80.23084259,33780,33796,16
13.03326035,80.23049927,33880,33910,30
13.0348196,80.23027039,34021,34051,30
13.03347015,80.2298584,34344,34364,20
13.03332043,80.23007202,39991,40021,30
13.03332043,80.2301712,40112,40132,20
13.04001999,80.23175812,59651,59674,23
13.05379963,80.22702789,60151,60171,20
13.04973984,80.21468353,60445,60466,21
13.05014992,80.21193695,60929,60949,20
13.06350994,80.2115097,61140,61161,21
13.06873035,80.20510864,61332,61362,30
13.06282997,80.1668396,62099,62115,16
13.06118965,80.16439819,62158,62188,30
13.06116962,80.16423798,62188,62208,20
13.06046009,80.15505219,62329,62349,20
13.0618,80.14586639,62460,62476,16
13.06114006,80.13848114,62539,62559,20
13.06138992,80.13829041,62589,62609,20
13.06260014,80.13842773,63445,63466,21
13.06128979,80.13877869,63497,63517,20
13.06091976,80.15283966,63658,63674,16
13.06134987,80.16454315,63889,63919,30
13.06424999,80.16960144,64041,64057,16
13.07141972,80.18565369,64533,64553,20
13.07495975,80.19949341,64886,64906,20
13.06521988,80.21118927,65401,65421,20
13.06414986,80.21169281,65441,65461,20
13.05002022,80.21307373,65715,65735,20
13.05195045,80.21904755,65866,65886,20
13.05391979,80.22717285,66139,66159,20
13.05195045,80.23036194,66330,66351,21
13.04924011,80.23004913,66391,66407,16
13.04885006,80.23339844,66571,66601,30
13.03715992,80.23078156,67065,67095,30
13.03499031,80.23001862,67519,67539,20
13.03435993,80.23040009,67921,67941,20
13.03610039,80.2305603,68012,68032,20
13.04500008,80.23258209,68223,68244,21
13.04666042,80.23291779,68284,68314,30
13.04469013,80.22582245,68567,68597,30
13.0459404,80.22599792,68617,68637,20
13.04683018,80.22631836,68668,68684,16
13.05381012,80.2277832,68807,68827,20
13.05261993,80.22123718,69049,69065,16
13.05241966,80.22058105,69077,69097,20
13.05047035,80.21469116,69269,69285,16
13.04988003,80.2118988,69802,69822,20
13.06336021,80.21144867,70204,70224,20
13.06958961,80.20514679,70415,70432,17
13.0686903,80.20493317,70505,70525,20
13.07376003,80.20018768,70727,70743,16
13.06112957,80.16433716,71422,71452,30
13.06678963,80.1341629,72088,72104,16
13.06900024,80.12409973,72277,72298,21
13.06970024,80.1241684,72378,72395,17
13.06984997,80.12391663,72395,72417,22
13.06756973,80.12947845,72751,72771,20
13.06087017,80.15286255,73255,73272,17
13.06151009,80.15917969,73375,73395,20
13.0648098,80.17214966,73637,73653,16
13.06997967,80.20498657,74221,74251,30
13.05770016,80.2116394,74685,74702,17
13.04998016,80.21292114,74825,74855,30
13.05142021,80.2173996,74996,75012,16
13.04771042,80.23047638,75509,75525,16
13.04891014,80.23377991,75578,75598,20
13.03672028,80.23082733,75931,75957,26
13.02320004,80.22744751,79673,79703,30
13.01953983,80.224617,79774,79790,16
13.00841999,80.21341705,80135,80155,20
12.99742985,80.21620941,80377,80398,21
12.99726009,80.21643829,80408,80438,30
12.98756027,80.2231369,80660,80680,20
12.97597027,80.22126007,80882,80912,30
12.97107983,80.2191391,81074,81094,20
12.96288013,80.21578979,81215,81245,30
12.93375969,80.20391846,81659,81679,20
12.93373966,80.20393372,81689,81706,17
12.91985989,80.18251801,82192,82212,20
12.91940022,80.18034363,82242,82260,18
12.9197998,80.1709137,82363,82384,21
12.92169952,80.16488647,82444,82464,20
12.92333031,80.15486908,82575,82596,21
12.92319012,80.12033844,82989,83009,20
12.92341995,80.1167984,83070,83090,20
12.92275047,80.13143921,84009,84025,16
12.92263031,80.14726257,84208,84229,21
12.9197197,80.18138123,84663,84681,18
12.92623997,80.19747162,84996,85012,16
12.97614002,80.22122955,85629,85650,21
12.99232006,80.21888733,85912,85928,16
13.02287006,80.22699738,23916,23933,17
13.01193047,80.22714996,24863,24879,16
12.97898006,80.22118378,25577,25593,16
12.97574997,80.22107697,25624,25645,21
12.96273994,80.21569061,25797,25813,16
12.92000008,80.18283844,26652,26672,20
12.9224596,80.1625824,26904,26920,16
12.92346954,80.11701202,27517,27538,21
12.92304993,80.12548065,27901,27921,20
12.92253971,80.14282227,28143,28159,16
12.92037964,80.18618774,28717,28733,16
12.94367027,80.20809174,29301,29317,16
12.97618961,80.22119141,29855,29875,20
13.0078001,80.21292877,30470,30490,20
13.02243996,80.22653961,30873,30890,17
13.02923012,80.2308197,31073,31093,20
13.02787018,80.23271942,33060,33076,16
13.02311993,80.22743988,33260,33290,30
13.02007961,80.22489929,33381,33401,20
13.0180397,80.224823,33441,33458,17
13.01136017,80.22329712,33642,33662,20
12.99763012,80.21605682,34005,34025,20
12.98357964,80.22236633,34349,34369,20
12.95236969,80.21157837,34843,34859,16
12.91726017,80.19152069,35537,35557,20
12.92259979,80.14855194,36132,36148,16
12.92345047,80.11701965,37431,37452,21
12.92247009,80.14266968,38238,38258,20
12.92014027,80.17014313,38693,38709,16
12.91709042,80.19300842,39055,39085,30
12.92467022,80.19743347,39267,39283,16
12.92930984,80.2026825,39426,39447,21
12.96255016,80.21552277,40001,40017,16
12.97119045,80.21893311,40231,40251,20
12.97577,80.22100067,40594,40615,21
12.97595978,80.22116089,40615,40645,30
12.98276043,80.22187042,40766,40786,20
12.9867897,80.22296143,40877,40893,16
12.9903698,80.22033691,40945,40965,20
13.0076704,80.21282959,41298,41318,20
13.01533031,80.22483826,41612,41632,20
13.02873993,80.23085785,42043,42065,22
13.0341301,80.23029327,44908,44928,20
13.02598,80.2317276,45274,45290,16
13.02305031,80.22743988,45363,45393,30
13.02180004,80.22619629,45433,45455,22
13.00769043,80.2130127,45861,45877,16
12.99730968,80.21633911,46072,46092,20
12.98213959,80.22171783,46576,46606,30
12.9526701,80.21173859,47040,47056,16
12.92951012,80.20278168,47401,47421,20
12.91726017,80.19145203,47724,47744,20
12.92222023,80.16323853,48117,48133,16
12.92273045,80.15235901,48288,48308,20
12.92241001,80.14176178,48499,48515,16
12.9231596,80.1204834,48760,48780,20
12.92300987,80.12519836,49113,49143,30
12.92241955,80.14202118,49385,49401,16
12.92269993,80.15131378,49515,49536,21
12.92063046,80.18579102,49950,49966,16
12.91716003,80.19268036,50079,50109,30
12.93095016,80.20294952,50422,50442,20
12.93365955,80.20381165,50543,50563,20
12.94540024,80.2087326,50785,50802,17
12.97622013,80.22119904,51258,51288,30
12.98248005,80.22177124,51409,51429,20
12.99551964,80.21671295,51732,51752,20
12.99645996,80.21649933,51833,51853,20
12.99680042,80.21646118,51853,51873,20
12.99701977,80.21643829,51873,51903,30
13.00786018,80.21304321,52117,52137,20
13.01342964,80.22261047,52268,52284,16
13.01970005,80.22447968,52376,52397,21
13.0247097,80.22891235,52539,52555,16
13.03472042,80.23029327,52758,52781,23
13.02783966,80.23269653,53076,53092,16
13.01756954,80.2249527,53387,53403,16
13.01887989,80.22438049,54706,54722,16
13.03100014,80.23072052,55520,55540,20
13.02719975,80.23285675,55641,55671,30
13.02472973,80.22917938,55782,55802,20
13.01062012,80.22505951,56154,56184,30
13.00860023,80.21363831,56326,56356,30
13.00831032,80.21337891,56366,56386,20
13.0081501,80.21330261,56386,56406,20
12.98474026,80.22309113,57022,57038,16
12.97585011,80.2212677,57201,57221,20
12.97472954,80.2204895,57292,57308,16
12.94406033,80.20832825,57643,57663,20
12.91718006,80.19434357,58177,58197,20
12.91703987,80.19302368,58228,58244,16
12.92306042,80.16065216,58639,58659,20
12.92238998,80.14333344,58922,58938,16
12.92319965,80.12045288,59222,59242,20
12.92343998,80.11681366,59313,59343,30
12.9340601,80.20393372,61078,61098,20
12.97379017,80.22003174,61744,61774,30
12.97410965,80.22029114,61824,61845,21
12.98279953,80.22189331,62087,62103,16
13.00790024,80.21309662,62599,62619,20
13.01519012,80.224823,62791,62811,20
13.02503967,80.22940826,63043,63059,16
13.03495026,80.22985077,63424,63454,30
13.03446007,80.22976685,63606,63622,16
13.02307034,80.22746277,64542,64572,30
13.00866032,80.21370697,65016,65046,30
13.00806999,80.21327972,65096,65117,21
13.00788975,80.21318054,65127,65147,20
12.99565029,80.21679688,65439,65459,20
12.9951601,80.21703339,65480,65500,20
12.98336029,80.22226715,65802,65823,21
12.98266983,80.22189331,65853,65873,20
12.97097969,80.21914673,66165,66185,20
12.92133045,80.197052,67064,67084,20
12.91693974,80.19364166,67216,67236,20
12.92300034,80.15364075,67911,67932,21
12.92296982,80.15352631,67932,67962,30
12.92236042,80.1434021,68254,68275,21
12.92263031,80.1311264,68496,68517,21
12.92310047,80.12069702,68678,68708,30
12.92356014,80.11676025,68819,68839,20
12.92341042,80.11945343,69838,69858,20
12.92329979,80.12033081,69899,69919,20
12.92238045,80.14051056,70483,70500,17
12.91709042,80.19309998,71298,71319,21
12.9325304,80.20349884,71662,71678,16
12.97033978,80.21868134,72215,72236,21
12.97612953,80.22122192,73194,73224,30
12.97996044,80.22103882,73305,73321,16
12.9916296,80.21936035,73669,73699,30
12.99316978,80.21822357,73811,73831,20
12.99709034,80.21642303,74043,74063,20
13.00786018,80.21307373,74295,74315,20
13.02427006,80.22825623,74679,74699,20
13.0288496,80.23079681,74800,74820,20
13.03353024,80.23046112,74941,74971,30
13.03417015,80.22989655,75201,75222,21
13.02884007,80.23091888,75384,75400,16
13.01486969,80.2260437,75795,75815,20
13.00796986,80.21324158,76118,76148,30
12.99738979,80.21637726,76360,76390,30
12.99629974,80.21656799,76420,76437,17
12.98799992,80.22293854,76661,76677,16
12.97803974,80.22116852,76931,76951,20
12.97595978,80.22132874,77324,77344,20
12.97560978,80.22115326,77355,77375,20
12.92286968,80.1529007,78999,79015,16
12.92341995,80.11688232,79559,79580,21
12.91705036,80.19309235,80677,80693,16
12.95553017,80.21273804,81262,81278,16
12.98906994,80.22181702,81704,81720,16
13.01426029,80.22618866,82327,82347,20
13.01430988,80.22541809,84232,84262,30
13.03464985,80.2303772,19230,19251,21
13.02291965,80.22715759,19574,19594,20
13.0261097,80.26583862,20513,20533,20
13.02657032,80.26644897,22796,22826,30
13.02620029,80.26603699,27684,27704,20
13.02927971,80.26602173,28916,28946,30
13.03411007,80.26795959,29047,29067,20
13.05245018,80.26374817,29592,29613,21
13.08201981,80.27541351,30481,30511,30
13.08166027,80.27590179,31279,31309,30
13.08154964,80.27541351,31390,31410,20
13.07384014,80.27649689,31703,31733,30
13.06519985,80.26760864,32016,32036,20
13.05438042,80.26429749,32309,32329,20
13.04129982,80.26824951,32682,32703,21
13.02647972,80.26406097,34419,34440,21
13.0340004,80.26792908,34702,34722,20
13.03711987,80.2664032,34823,34844,21
13.04160023,80.26809692,35066,35086,20
13.04716015,80.26625824,35187,35207,20
13.05282021,80.26381683,35904,35934,30
13.05436039,80.26428986,36187,36207,20
13.06702995,80.26856232,36722,36742,20
13.07555962,80.27623749,37055,37075,20
13.08786011,80.28134155,37530,37560,30
13.08827972,80.28247833,37611,37631,20
13.08656025,80.2811203,37863,37883,20
13.08181953,80.27664948,38105,38126,21
13.07114029,80.27448273,38661,38691,30
13.07073021,80.27424622,38701,38721,20
13.06935978,80.27242279,38772,38792,20
13.05331993,80.26393127,39448,39469,21
13.04108047,80.26824188,39782,39802,20
13.03985977,80.26789856,39832,39852,20
13.03724003,80.26763916,39913,39943,30
13.03417969,80.268013,40024,40044,20
13.02637005,80.26496124,55503,55523,20
13.03386021,80.26786041,55836,55857,21
13.03691959,80.26676941,55937,55967,30
13.03701973,80.26654816,55985,56001,16
13.04708958,80.26624298,56364,56385,21
13.05230045,80.2636795,56516,56536,20
13.05440044,80.26418304,56587,56607,20
13.06282043,80.26374817,56950,56970,20
13.06377983,80.2651062,57011,57031,20
13.06696987,80.26850128,57203,57223,20
13.08189964,80.27596283,57819,57839,20
13.08841991,80.28237915,58212,58233,21
13.08150959,80.27559662,58808,58838,30
13.07075977,80.27430725,59111,59131,20
13.06941986,80.27258301,59172,59192,20
13.06521988,80.26764679,59374,59394,20
13.0605402,80.26541901,59505,59525,20
13.05850029,80.26542664,59576,59596,20
13.04111958,80.26825714,60020,60040,20
13.03775978,80.26766205,60111,60131,20
13.03419971,80.268013,60252,60272,20
13.02641964,80.26537323,61323,61343,20
13.03400993,80.26798248,61676,61696,20
13.03709984,80.26641846,61787,61807,20
13.04162025,80.26818085,62030,62050,20
13.04722023,80.2663269,62161,62181,20
13.06184006,80.26265717,62646,62676,30
13.06698036,80.26856232,62898,62918,20
13.08199978,80.27548218,63413,63443,30
13.08841038,80.28253937,63827,63847,20
13.08158016,80.27574921,64393,64423,30
13.07065964,80.27420044,64766,64786,20
13.06525993,80.26766968,65009,65029,20
13.0543499,80.26428223,65322,65342,20
13.05319023,80.26387787,65413,65433,20
13.04689026,80.26634216,65625,65645,20
13.03956032,80.26779175,65877,65897,20
13.03722954,80.26757813,66110,66130,20
13.03429985,80.26796722,66281,66301,20
13.02637959,80.26535034,67352,67372,20
13.02923965,80.26608276,67614,67644,30
13.03096962,80.26680756,67725,67745,20
13.03176975,80.26712036,67847,67867,20
13.03376007,80.26792145,67947,67968,21
13.03705025,80.26635742,68089,68119,30
13.04714012,80.26628876,68503,68533,30
13.05714035,80.26473999,68937,68957,20
13.06700039,80.26854706,69392,69412,20
13.08065987,80.27519989,69836,69856,20
13.08837986,80.28247833,70331,70361,30
13.08248043,80.27857971,70765,70795,30
13.08183956,80.27754974,70836,70856,20
13.08174992,80.27667999,70876,70896,20
13.07392979,80.27642822,71159,71179,20
13.07203007,80.27487183,71230,71260,30
13.06530952,80.26764679,71573,71593,20
13.06050968,80.26538086,71714,71735,21
13.05447006,80.26429749,71886,71906,20
13.05385017,80.26415253,71927,71947,20
13.05167007,80.26392365,72007,72028,21
13.04098034,80.26821899,72250,72270,20
13.03796005,80.26767731,72331,72361,30
13.03427029,80.26802826,72543,72573,30
13.07577991,80.2751236,3116,3136,20
13.0759201,80.27528381,17718,17738,20
13.02085972,80.26982117,19484,19500,16
12.99685955,80.25605774,20269,20289,20
12.98705959,80.2592926,20863,20884,21
12.99610043,80.2677002,22518,22538,20
13.05749035,80.28198242,23769,23790,21
13.08883953,80.29016876,24153,24173,20
13.08726025,80.28981018,24203,24219,16
13.0852499,80.28427887,24272,24292,20
13.08664036,80.28388214,24353,24373,20
13.08819962,80.28368378,25432,25452,20
13.0885601,80.28508759,25644,25674,30
13.04568958,80.28011322,26411,26431,20
13.03376007,80.27735138,26593,26613,20
13.02093983,80.26992798,26845,26865,20
13.01867962,80.26587677,26926,26942,16
13.00105953,80.26730347,27398,27418,20
12.99602032,80.26448822,27569,27585,16
12.9907999,80.2558136,27932,27952,20
12.98859978,80.25598145,28002,28018,16
12.98723984,80.25953674,28121,28141,20
12.98719978,80.25901031,29241,29262,21
12.9948597,80.25244904,29625,29641,16
12.99683952,80.25705719,29825,29846,21
13.00345993,80.26875305,30259,30280,21
13.00774002,80.26612854,30390,30407,17
13.01640034,80.25965118,30653,30673,20
13.02141953,80.27037048,30895,30911,16
13.02546024,80.27494049,31004,31024,20
13.02991962,80.27674103,31115,31135,20
13.04570961,80.28005981,31438,31466,28
13.04934978,80.28056335,31516,31537,21
13.05638027,80.2817688,31616,31638,22
13.06375027,80.28331757,31769,31789,20
13.06542015,80.28375244,31819,31835,16
13.08862972,80.29012299,32100,32120,20
13.0880003,80.28391266,32856,32877,21
13.08014965,80.28822327,33321,33341,20
13.05673981,80.28191376,33684,33704,20
13.05027962,80.28077698,33775,33795,20
13.02721977,80.27571869,34168,34184,16
13.00317001,80.26864624,34862,34882,20
12.99567032,80.26734161,35014,35044,30
12.99073029,80.25592041,35518,35548,30
12.98744011,80.25852966,35669,35685,16
12.9886198,80.25585938,36089,36109,20
12.99510956,80.25276184,36271,36287,16
12.9967804,80.25697327,36370,36400,30
12.99621964,80.26772308,36612,36642,30
13.00102043,80.26727295,36713,36733,20
13.00461006,80.2694931,36814,36830,16
13.00796986,80.2587204,37074,37090,16
13.0164299,80.2596817,37183,37203,20
13.01910973,80.26390839,37334,37354,20
13.04053974,80.27922821,37919,37935,16
13.04308987,80.27957916,37948,37977,29
13.08782959,80.28398132,39632,39652,20
13.08813953,80.28363037,39722,39742,20
13.08837986,80.28507233,39964,39981,17
13.07999992,80.28820038,40284,40304,20
13.06414032,80.28354645,40496,40516,20
13.06247997,80.28309631,40547,40567,20
13.0482502,80.28045654,40758,40775,17
13.02425957,80.27430725,41261,41289,28
13.00802994,80.2646637,41816,41839,23
12.99567986,80.26760864,42074,42094,20
12.9956398,80.26741028,42104,42124,20
12.99615002,80.26312256,42185,42205,20
12.99674034,80.25756836,42367,42397,30
12.9917202,80.25328064,42758,42774,16
12.98682022,80.2591629,43049,43079,30
12.98812962,80.25579834,43311,43331,20
12.98834038,80.25585938,43341,43361,20
12.99625015,80.26776886,43995,44015,20
12.99919987,80.26702881,44076,44092,16
13.00763988,80.26222229,44336,44352,16
13.03244019,80.27748108,45102,45122,20
13.0388298,80.27864838,45243,45263,20
13.04302025,80.27954865,45324,45354,30
13.0571804,80.28193665,45606,45626,20
13.08518982,80.28420258,46262,46292,30
13.08808041,80.28373718,46484,46504,20
13.07594013,80.27629089,46908,46928,20
13.08808041,80.28160095,47816,47846,30
13.08841991,80.28151703,47856,47876,20
13.08874989,80.28939819,48169,48189,20
13.0795002,80.28813171,48371,48387,16
13.07396984,80.28616333,48439,48459,20
13.0598402,80.28256989,48645,48668,23
13.04561996,80.280159,48872,48892,20
13.0390501,80.27883911,49013,49033,20
13.03081036,80.27719116,49205,49225,20
13.0301199,80.27687073,49245,49261,16
13.02591038,80.27516937,49304,49334,30
13.01659966,80.2599411,49707,49723,16
13.00737953,80.26126099,49877,49897,20
13.00096035,80.26725006,50119,50139,20
12.99584007,80.26563263,50311,50327,16
12.98865986,80.25592804,50763,50793,30
12.98863029,80.25583649,51529,51550,21
12.98863029,80.25583649,51550,51566,16
12.99658966,80.25904083,51840,51856,16
12.99569988,80.26760864,51979,52002,23
13.03267002,80.27748108,53064,53080,16
13.03310013,80.27749634,53080,53102,22
13.04928017,80.2805481,53425,53445,20
13.07404041,80.28569794,53859,53879,20
13.08862972,80.29010773,54091,54121,30
13.08755016,80.28383636,54737,54767,30
13.0882597,80.28362274,54999,55019,20
13.08833027,80.28244019,55150,55166,16
13.08016014,80.28817749,55532,55552,20
13.07396984,80.28608704,55643,55673,30
13.0625,80.28309631,55804,55834,30
13.05671024,80.28188324,55895,55915,20
13.05033016,80.28076935,55976,55996,20
13.03899002,80.27880096,56137,56157,20
13.03184032,80.27749634,56278,56294,16
13.03075027,80.27715302,56306,56327,21
13.02445984,80.27451324,56448,56478,30
13.01790047,80.26078796,56730,56746,16
13.00759029,80.26673126,56990,57006,16
12.99571991,80.26767731,57201,57222,21
12.99563026,80.2673111,57242,57262,20
12.99683952,80.25631714,57433,57454,21
12.99018002,80.25601959,57686,57706,20
12.98814011,80.2558136,57766,57786,20
12.9867897,80.2591095,58521,58541,20
12.98696041,80.2591095,58551,58571,20
12.98869038,80.25588226,58834,58864,30
13.0010004,80.26728058,59483,59503,20
13.00852966,80.25904083,59815,59836,21
13.01650047,80.259758,59916,59936,20
13.02385998,80.27359009,60249,60268,19
13.0301199,80.27690887,60489,60510,21
13.03118038,80.27749634,60590,60610,20
13.03886032,80.27871704,60913,60943,30
13.04300976,80.27957153,61014,61030,16
13.05644035,80.28182983,61234,61254,20
13.06315041,80.2832489,61345,61365,20
13.08876991,80.29022217,61880,61910,30
13.08887005,80.29016876,62899,62919,20
13.08290958,80.28920746,63021,63051,30
13.07415962,80.28616333,63223,63243,20
13.06632042,80.28410339,63334,63354,20
13.05667019,80.28189087,63525,63545,20
13.04564953,80.28014374,63727,63747,20
13.0389204,80.27880096,63838,63858,20
13.03089046,80.27725983,63989,64006,17
13.02595043,80.27519989,64069,64099,30
13.02083969,80.26992035,64220,64241,21
13.01883984,80.26280212,64362,64378,16
13.00741959,80.26139069,64754,64774,20
12.9956398,80.26731873,65410,65430,20
12.99615955,80.26262665,65571,65592,21
12.99075031,80.25582123,66197,66213,16
12.98709965,80.25958252,66397,66417,20
12.98698044,80.25911713,67166,67186,20
12.98869991,80.25592041,67428,67448,20
12.99030018,80.25604248,67499,67515,16
12.99507046,80.25276184,67668,67688,20
12.99635983,80.2610321,68039,68060,21
12.9959898,80.26767731,68393,68423,30
13.0033102,80.26870728,68614,68635,21
13.00734997,80.2587204,68897,68917,20
13.02140045,80.270401,69351,69371,20
13.02540016,80.27494049,69523,69543,20
13.03886032,80.27873993,69886,69906,20
13.04568005,80.2800827,70047,70067,20
13.04934978,80.2806015,70128,70148,20
13.05060959,80.2808075,70170,70189,19
13.06301022,80.28318024,70434,70454,20
13.0635004,80.28333282,70464,70494,30
13.07332039,80.28518677,70646,70676,30
13.0853796,80.28372192,71118,71138,20
13.08813953,80.28394318,71703,71723,20
13.08804989,80.28144836,71814,71834,20
13.08852959,80.28166962,71864,71880,16
13.08839989,80.2851181,71953,71983,30
13.08878994,80.29016876,72125,72145,20
13.07392025,80.28611755,72387,72407,20
13.05860043,80.2822876,72629,72645,16
13.0566597,80.28191376,72657,72678,21
13.05020046,80.28079987,72770,72791,21
13.04916,80.28064728,72811,72834,23
13.03901958,80.27884674,72967,72997,30
13.03442001,80.27757263,73129,73149,20
13.02598953,80.27529144,73381,73401,20
13.01611042,80.25969696,73704,73724,20
13.0074501,80.26158142,73926,73942,16
12.99802017,80.2674408,74267,74287,20
12.99617004,80.26258087,74983,75003,20
12.99440002,80.25260925,75215,75235,20
12.9885397,80.25585175,76153,76174,21
12.9948597,80.25245667,76335,76351,16
12.99652004,80.25962067,76729,76749,20
12.99621964,80.26236725,76809,76825,16
12.99617958,80.26773834,76898,76918,20
13.00090981,80.26721954,77029,77049,20
13.02375984,80.27362061,77806,77836,30
13.02532005,80.27497101,77877,77897,20
13.02558041,80.27507782,77907,77923,16
13.03265953,80.27751923,78066,78087,21
13.08876991,80.29019165,79136,79166,30
13.08876991,80.29019165,79166,79182,16
13.08518982,80.28414154,79295,79316,21
13.08672047,80.28369904,79396,79417,21
13.08263016,80.27870941,80688,80704,16
12.74195957,80.19745636,26170,26190,20
12.77099991,80.21312714,26533,26553,20
12.78687954,80.22058105,26725,26745,20
12.98711967,80.25151825,29278,29308,30
12.9895401,80.25089264,29348,29369,21
13.00745964,80.23668671,29702,29722,20
13.03477955,80.23032379,30388,30418,30
13.03491974,80.23023224,30428,30448,20
13.03417015,80.23043823,31619,31639,20
13.03100014,80.23068237,31700,31720,20
13.02737045,80.23284912,31841,31861,20
12.95650959,80.24355316,33183,33203,20
12.78658009,80.22046661,35504,35524,20
12.78479004,80.21961975,35565,35585,20
12.73005009,80.18897247,36221,36241,20
12.72509003,80.18800354,36321,36342,21
12.7850399,80.21972656,38209,38229,20
12.7864399,80.22041321,38259,38289,30
12.80550003,80.22406769,38552,38572,20
12.87275028,80.22660828,39409,39430,21
12.90258026,80.22799683,39954,39975,21
12.91384983,80.22926331,40176,40197,21
12.93377972,80.23281097,40388,40409,21
12.93976974,80.23564911,40489,40509,20
12.94869041,80.24051666,40671,40691,20
12.95384026,80.2424469,41599,41620,21
12.99339008,80.25596619,42568,42588,20
12.99370003,80.25595856,42588,42609,21
12.99746037,80.25589752,42871,42891,20
12.9991703,80.21475983,20973,20994,21
12.99866009,80.21521759,21014,21030,16
12.97558975,80.22099304,21416,21436,20
12.91726971,80.19139862,22344,22365,21
12.91734028,80.19065857,22385,22401,16
12.92313957,80.16052246,22746,22763,17
12.92346001,80.11698151,23279,23300,21
12.91979027,80.17134857,24331,24352,21
12.91979027,80.17134857,24352,24368,16
12.93424988,80.20391846,24965,24982,17
12.98523998,80.22324371,25731,25751,20
12.99742031,80.2162323,25923,25943,20
13.00788021,80.21308899,26125,26145,20
13.02945042,80.2308197,26569,26585,16
13.02303982,80.22736359,27992,28008,16
12.98486042,80.22312164,29061,29077,16
12.97025967,80.21877289,29392,29408,16
12.94104004,80.20600128,29773,29794,21
12.92955971,80.20278931,29975,29996,21
12.91724014,80.19436646,30248,30278,30
12.9171896,80.19207764,30329,30345,16
12.91994953,80.18254089,30479,30499,20
12.91983986,80.17089844,30642,30662,20
12.92345047,80.15499878,30864,30884,20
12.9226799,80.15135956,30944,30961,17
12.92238045,80.14141846,31084,31104,20
12.92325974,80.12058258,31437,31457,20
12.92362022,80.11773682,31619,31635,16
12.92280006,80.13127899,33020,33040,20
12.92253971,80.1436615,33222,33242,20
12.92066002,80.18540955,33858,33878,20
12.92949963,80.20272064,34302,34322,20
12.9316597,80.20320129,34363,34379,16
12.93404007,80.20388031,34391,34411,20
12.94011974,80.20562744,34512,34542,30
12.95862007,80.21399689,34845,34861,16
12.97117043,80.21894073,35025,35045,20
12.98305035,80.22199249,35328,35348,20
12.98305035,80.22199249,35348,35364,16
12.99757004,80.21611023,35669,35689,20
13.00784969,80.21307373,35891,35911,20
13.01560974,80.22509003,36144,36174,30
13.02200985,80.22627258,36295,36323,28
13.02418041,80.228302,36384,36414,30
13.02581024,80.23062134,36475,36496,21
13.02925014,80.23084259,36548,36568,20
13.03466034,80.22972107,36851,36881,30
13.03273964,80.2305069,37366,37386,20
13.02283955,80.22722626,38012,38028,16
13.01416016,80.22614288,38464,38484,20
12.9170599,80.19267273,40734,40751,17
12.92337036,80.15493011,49134,49154,20
12.92325974,80.12033844,49669,49699,30
12.92257023,80.14875793,51011,51027,16
12.92066002,80.18544006,51443,51463,20
12.9380703,80.20504761,51948,51964,16
12.9758997,80.22115326,52422,52442,20
12.99402046,80.2177124,52856,52876,20
13.01517963,80.22575378,53452,53472,20
12.99773026,80.25684357,24364,24385,21
12.88531017,80.22679138,26078,26094,16
12.87913036,80.21092987,26368,26389,21
12.87448978,80.21008301,26459,26489,30
12.87911987,80.21096039,27579,27599,20
12.87823009,80.22676849,27831,27852,21
12.88483047,80.22664642,27892,27908,16
12.90345955,80.22796631,28213,28229,16
12.93943024,80.23549652,28705,28721,16
12.96695995,80.24797821,29210,29230,20
12.97996044,80.25228119,29401,29422,21
12.98138046,80.24282074,29533,29553,20
12.98167992,80.23332977,29704,29724,20
12.98295021,80.22199249,30128,30148,20
12.98657036,80.22296143,30249,30269,20
12.99050045,80.22033691,30350,30370,20
12.99812984,80.21562195,30542,30558,16
13.00759983,80.20986938,30782,30812,30
13.01350975,80.20417786,30994,31010,16
13.01315022,80.21005249,31154,31177,23
13.00918007,80.21121979,32562,32592,30
12.99742031,80.21652222,33177,33207,30
12.97624016,80.2216568,33780,33809,29
12.98204994,80.23203278,34010,34027,17
12.96502972,80.24736023,34565,34586,21
12.95950985,80.24487305,34666,34686,20
12.94935036,80.24091339,34868,34888,20
12.90155029,80.22802734,35645,35664,19
12.89272976,80.22747803,35857,35877,20
12.87872028,80.21498108,36301,36317,16
12.87901974,80.21092224,36339,36359,20
12.87450027,80.21012878,36430,36449,19
12.87642002,80.2268219,37571,37591,20
12.88212967,80.22663879,37672,37688,16
12.90229988,80.22795868,37973,37994,21
12.93336964,80.23259735,38407,38423,16
12.96632957,80.24768066,39010,39031,21
12.97994041,80.25228119,39212,39232,20
12.9812603,80.2379303,39444,39464,20
12.9816103,80.23335266,39535,39555,20
12.98058033,80.22894287,39656,39676,20
12.97716045,80.22267914,39838,39868,30
12.98279953,80.22189331,40040,40060,20
12.98515987,80.22324371,40130,40151,21
12.98668003,80.22296906,40171,40187,16
12.99730968,80.21631622,40411,40431,20
12.99754047,80.21613312,40441,40457,16
13.00586033,80.22054291,42439,42455,16
12.97634029,80.22180176,43203,43224,21
12.97766018,80.22400665,43264,43280,16
12.96629047,80.24787903,43929,43945,16
12.94318962,80.23706055,44512,44528,16
12.94095993,80.23618317,44540,44559,19
12.92607975,80.23104095,44734,44754,20
12.91331959,80.22934723,44915,44935,20
12.89929962,80.22792053,45189,45209,20
12.87639046,80.2265625,45572,45592,20
12.87915993,80.2109375,45764,45784,20
12.87442017,80.21011353,45855,45885,30
12.90075016,80.22783661,47406,47435,29
12.90248013,80.22795868,47467,47497,30
12.9270401,80.23098755,47820,47836,16
12.94742012,80.24004364,48082,48102,20
12.95100975,80.24134064,48183,48203,20
12.96689987,80.24797058,48516,48536,20
12.97766018,80.25167847,48677,48693,16
12.98159981,80.23329926,49049,49065,16
12.98476982,80.22309113,49532,49552,20
12.98491001,80.2231369,49552,49572,20
12.99643993,80.2164917,49875,49895,20
13.00636959,80.20955658,50187,50208,21
13.00747013,80.20983887,50228,50258,30
13.01346016,80.20417786,50450,50466,16
13.00959015,80.21109772,52163,52193,30
13.01484966,80.22592926,52426,52446,20
13.00277996,80.2197113,52729,52745,16
12.99641991,80.21656799,53019,53039,20
12.98320961,80.2220993,53392,53413,21
12.97924042,80.22651672,53695,53711,16
12.97854042,80.25254822,54127,54147,20
12.97854042,80.25254822,54147,54163,16
12.93974018,80.23573303,54831,54850,19
12.93381977,80.23291779,54922,54942,20
12.92096043,80.23033905,55093,55109,16
12.90631962,80.22827911,55286,55306,20
12.89920998,80.22792053,55508,55538,30
12.88484001,80.22676086,55750,55770,20
12.87639046,80.22641754,55872,55892,20
12.87903023,80.21089935,56044,56064,20
12.87642002,80.2268219,57143,57163,20
12.88852024,80.22724152,57305,57325,20
12.89198017,80.22724915,57375,57395,20
12.90200996,80.2279129,57607,57627,20
12.90631008,80.22821045,57678,57698,20
12.91224957,80.22905731,57779,57795,16
12.92673969,80.23100281,57950,57973,23
12.96700001,80.24803925,58672,58692,20
12.97377968,80.2503891,58772,58793,21
12.97482014,80.25067902,58803,58819,16
12.97994041,80.25231934,58861,58881,20
12.98124981,80.23790741,59083,59099,16
12.97721004,80.22274017,59424,59444,20
12.98635006,80.22299957,59697,59713,16
12.99129963,80.2197113,59827,59847,20
12.9946003,80.21736908,59938,59958,20
13.00720978,80.20983887,60281,60301,20
12.99081993,80.22013092,62733,62754,21
12.98318958,80.22213745,62935,62955,20
12.97620964,80.22161865,63097,63127,30
12.9763298,80.2219162,63147,63163,16
12.97875977,80.25263977,63751,63772,21
12.95938015,80.24481964,64074,64094,20
12.94941044,80.24098206,64276,64296,20
12.94721985,80.2400589,64337,64357,20
12.93992996,80.23583221,64488,64508,20
12.9260397,80.23101044,64730,64750,20
12.91913986,80.23011017,64821,64841,20
12.88479996,80.22673798,65517,65537,20
12.87640953,80.22644043,65648,65678,30
12.87666035,80.22442627,65709,65725,16
12.87905979,80.21096039,65838,65858,20
12.87642002,80.22686768,66443,66463,20
12.90723038,80.22827148,67107,67127,20
12.92677975,80.23101807,67460,67476,16
12.93365955,80.23278046,67569,67589,20
12.94876003,80.2405777,67852,67882,30
12.96440983,80.24703979,68175,68191,16
12.97990036,80.25241852,68536,68556,20
12.98124981,80.23799896,68879,68899,20
12.9816103,80.23329163,68980,69000,20
12.98194981,80.23178101,69040,69057,17
12.98062992,80.22899628,69089,69109,20
12.97743034,80.22131348,69321,69341,20
12.97972012,80.21855927,69563,69593,30
12.98112011,80.21800232,69644,69674,30
12.98147011,80.21790314,69684,69704,20
12.9822197,80.21784973,69745,69765,20
12.98398972,80.2178421,69815,69835,20
12.99184036,80.21927643,69997,70017,20
12.99792957,80.21573639,70178,70195,17
13.00741959,80.20983887,70410,70440,30
13.01358032,80.20464325,70692,70720,28
13.01062965,80.22766113,71972,71988,16
12.99602032,80.21665955,72466,72486,20
12.98388004,80.21800232,73041,73061,20
12.98336983,80.21800232,73081,73102,21
12.98244953,80.21801758,73142,73172,30
12.98101044,80.21820068,73394,73424,30
12.98079967,80.21826172,73424,73445,21
12.97854042,80.21916199,73781,73801,20
12.97795963,80.21941376,74103,74124,21
12.97628021,80.22181702,74729,74759,30
12.98163986,80.23342133,75001,75022,21
12.98128033,80.23854828,75102,75122,20
12.9636898,80.24680328,75607,75627,20
12.95643997,80.24365997,75748,75778,30
12.93896961,80.23542023,76071,76087,16
12.91322994,80.22931671,76422,76442,20
12.89951992,80.2279129,76624,76644,20
12.89684963,80.22775269,76684,76700,16
12.88516045,80.2266922,77977,77997,20
12.96341038,80.24659729,79036,79052,16
12.99055004,80.2202301,80124,80140,16
12.99683952,80.21646118,80304,80324,20
13.00360012,80.21195221,80475,80495,20
13.00479984,80.208992,80566,80582,16
13.00673962,80.20970154,80594,80624,30
13.00751019,80.20449066,80738,80762,24
13.00903988,80.22873688,81168,81185,17
12.9974699,80.25707245,84032,84052,20
13.02460957,80.22841644,24473,24489,16
13.03044987,80.21630859,25098,25114,16
13.03565025,80.20636749,25489,25507,18
13.03878975,80.19284821,25731,25751,20
13.04701042,80.21174622,26256,26272,16
13.04889965,80.20717621,26375,26395,20
13.04951,80.20696259,27378,27398,20
13.04983997,80.21173096,27932,27962,30
13.04932976,80.21218872,28013,28033,20
13.03950977,80.19538879,28527,28544,17
13.03983021,80.19329834,28556,28576,20
13.03868008,80.19284821,28604,28627,23
13.03726006,80.19599915,28699,28718,19
13.03639984,80.201828,28839,28860,21
13.03542995,80.20842743,29042,29062,20
13.0300703,80.2094574,29234,29254,20
13.01451969,80.22619629,30435,30465,30
13.00825977,80.23358917,30657,30677,20
13.00689983,80.24067688,30788,30808,20
13.00671959,80.24226379,30839,30855,16
13.00685978,80.24964142,30927,30947,20
13.00660992,80.25502014,31028,31049,21
13.00666046,80.25512695,31049,31079,30
13.00675011,80.25726318,31099,31129,30
13.00273991,80.25675964,31240,31256,16
13.00012016,80.25636292,31279,31299,20
12.99619007,80.26782227,31602,31618,16
13.00016022,80.26651001,31680,31701,21
13.00030041,80.26641083,32639,32658,19
13.00030041,80.26641846,32710,32730,20
12.99757957,80.25589752,33212,33232,20
12.99701023,80.25694275,33506,33526,20
12.99761963,80.25673676,33738,33768,30
12.99767971,80.25665283,33809,33829,20
12.99775028,80.25663757,33900,33920,20
12.99880028,80.25598145,34051,34081,30
12.99878025,80.25588989,34081,34101,20
12.99925041,80.25608826,34132,34162,30
13.00664997,80.24819946,34535,34555,20
13.00667953,80.2405014,34777,34798,21
13.00739956,80.23677826,34848,34868,20
13.01401043,80.22337341,35131,35151,20
13.0153904,80.22492218,35191,35221,30
13.02031994,80.22493744,35353,35369,16
13.02861977,80.23091888,35613,35629,16
13.03069019,80.2303772,35732,35752,20
13.03880024,80.19284821,37014,37034,20
13.04179001,80.19406891,37125,37155,30
13.04421997,80.21183777,37597,37627,30
13.04895973,80.20741272,37871,37891,20
13.0490799,80.2069931,38284,38305,21
13.03722954,80.19376373,39529,39557,28
13.03606033,80.20397949,39739,39769,30
13.0353899,80.20844269,39839,39860,21
13.03003025,80.2095108,40092,40112,20
13.00664997,80.25727081,41900,41930,30
13.00329018,80.25695801,42112,42132,20
12.99777031,80.25588989,42344,42364,20
12.99709988,80.25588989,42364,42384,20
12.99682045,80.25701141,42455,42471,16
12.99625969,80.2617569,42816,42846,30
12.99625969,80.26251984,42877,42897,20
13.00162983,80.25656128,44481,44511,30
13.00207996,80.25660706,44522,44542,20
13.00244999,80.25669861,44552,44582,30
13.00658035,80.25335693,44764,44794,30
13.00685024,80.24954224,44945,44966,21
13.01922035,80.22428894,45702,45722,20
13.03162956,80.22177887,46560,46576,16
13.03474045,80.20858002,47074,47094,20
13.03602028,80.20301819,47195,47211,16
13.04117966,80.19656372,47586,47602,16
13.0407896,80.20503998,47746,47766,20
13.04889965,80.20726776,48180,48196,16
13.04889965,80.20680237,48218,48248,30
13.04936028,80.20726776,48268,48290,22
13.04950047,80.21211243,48683,48699,16
13.03258038,80.21189117,49964,49994,30
13.02898979,80.22421265,50539,50559,20
13.03065968,80.23053741,50741,50771,30
13.00660038,80.24149323,51657,51687,30
13.00669003,80.24539185,51778,51798,20
13.00681973,80.24938202,51879,51899,20
13.00683022,80.24949646,51899,51920,21
13.00662041,80.25489044,51980,52000,20
12.9975996,80.25576782,52531,52552,21
13.00018978,80.26622772,53107,53127,20
13.00024033,80.26621246,53127,53147,20
13.00024033,80.26618195,53147,53168,21
13.00030994,80.26656342,53864,53894,30
12.99582005,80.26712036,54046,54076,30
12.99623966,80.26239777,54116,54146,30
12.99639034,80.26178741,54146,54167,21
12.99878979,80.25592041,54318,54348,30
13.00654984,80.25318146,54601,54621,20
13.00652027,80.25260162,54641,54661,20
13.00666046,80.24858856,54792,54812,20
13.01535988,80.22485352,55398,55418,20
13.01935005,80.22427368,55489,55509,20
13.01970005,80.22451782,55519,55539,20
13.0321703,80.21965027,56245,56262,17
13.03215981,80.20939636,56607,56627,20
13.0353899,80.2080307,56708,56728,20
13.03549004,80.20535278,56748,56768,20
13.0359602,80.20371246,56809,56839,30
13.03645992,80.20160675,56849,56879,30
13.03872013,80.19283295,57031,57051,20
13.04358959,80.20690918,57414,57430,16
13.04703999,80.21170044,57573,57594,21
13.04887009,80.20710754,57755,57775,20
13.04885006,80.20684052,57785,57806,21
13.04034042,80.204422,58956,58972,16
13.03921986,80.19685364,59035,59055,20
13.03855038,80.19284821,59166,59186,20
13.03637028,80.20187378,59379,59399,20
13.03098011,80.21005249,59782,59803,21
13.03221989,80.22042084,60053,60073,20
13.03240967,80.22032928,60073,60094,21
13.03116989,80.22396851,60134,60154,20
13.0289402,80.22412109,60194,60214,20
13.01663017,80.22545624,60899,60915,16
13.01418018,80.22635651,60947,60968,21
13.00819969,80.23378754,61099,61120,21
13.00819969,80.23378754,61120,61136,16
13.00669003,80.24572754,61360,61380,20
13.00662041,80.25521851,61572,61602,30
13.00337982,80.25688171,61784,61804,20
13.00008965,80.25637054,61895,61925,30
12.99991035,80.25627899,61935,61955,20
12.99682045,80.25717926,62056,62076,20
12.9962101,80.26248169,62238,62258,20
13.00010967,80.2665863,62480,62500,20
12.99567986,80.26712036,63671,63691,20
12.99571037,80.26690674,63701,63731,30
13.00135994,80.25650024,64357,64387,30
13.00403976,80.25695038,64458,64488,30
13.00652027,80.25328827,64630,64650,20
13.00660038,80.246521,64953,64973,20
13.00656033,80.24152374,65104,65124,20
13.0074501,80.23661041,65235,65255,20
13.01566029,80.2250824,65588,65608,20
13.0163002,80.22531128,65629,65645,16
13.01933956,80.22427368,65677,65707,30
13.01957989,80.22444153,65717,65737,20
13.02696991,80.23104095,66172,66202,30
13.03054047,80.23074341,66464,66480,16
13.03036022,80.22831726,66513,66533,20
13.02873039,80.22720337,66583,66604,21
13.02791023,80.22669983,66644,66663,19
13.04889965,80.2071228,68746,68766,20
13.04932976,80.20732117,69160,69180,20
13.04934025,80.20733643,69180,69200,20
13.04975033,80.21166229,69463,69483,20
13.04981995,80.21154022,69483,69511,28
13.04456997,80.21240234,69714,69744,30
13.04407024,80.20897675,69825,69855,30
13.03859043,80.19281769,70352,70382,30
13.03719997,80.19616699,70453,70473,20
13.03633976,80.2019577,70604,70624,20
13.03577995,80.20639038,70726,70746,20
13.03536987,80.20857239,70786,70806,20
13.03240013,80.21179199,70907,70927,20
13.03190994,80.20890808,70978,70998,20
13.03026009,80.20879364,71018,71038,20
13.0290699,80.22425842,71581,71601,20
13.02892017,80.22424316,71611,71632,21
13.03005028,80.22956085,71813,71834,21
13.03071022,80.23091888,71854,71870,16
13.03079987,80.23091888,71882,71902,20
13.03077984,80.23088074,71944,71965,21
13.03065968,80.2309494,72106,72126,20
12.99530983,80.26760101,74544,74564,20
12.99744987,80.26782227,74594,74624,30
13.00014019,80.2665329,74986,75006,20
12.99543953,80.26670837,75349,75369,20
12.99748993,80.2559433,75621,75641,20
12.99890041,80.25602722,75672,75692,20
12.99905968,80.25605011,75702,75732,30
13.00677013,80.24941254,76156,76172,16
13.00667953,80.24858093,76225,76245,20
13.00658989,80.24645233,76366,76386,20
13.01562023,80.22501373,76891,76911,20
13.01935959,80.22425842,76982,77002,20
13.02604008,80.23132324,77153,77173,20
13.02851009,80.23082733,77214,77233,19
13.03028965,80.22834015,77345,77365,20
13.02877045,80.22403717,77508,77528,20
13.03112984,80.2231369,77608,77629,21
13.03335953,80.2097702,78153,78170,17
13.03623009,80.20155334,78334,78354,20
13.03666019,80.19882202,78405,78421,16
13.0413599,80.19673157,78717,78733,16
13.04413986,80.2091217,78997,79017,20
13.04905033,80.20747375,79328,79344,16
13.0497303,80.21144104,79730,79750,20
13.03670979,80.19812775,80537,80553,16
13.03649044,80.19927979,80566,80586,20
13.03240013,80.21189117,80858,80879,21
13.01441002,80.22672272,81959,81989,30
13.00656033,80.24889374,82262,82282,20
13.00047016,80.26513672,83393,83423,30
13.00067997,80.26541901,84170,84190,20
13.00084972,80.26586151,84190,84220,30
13.00041008,80.26548004,84361,84382,21
13.00057983,80.26531982,84684,84705,21
13.00039005,80.26531982,85744,85774,30
13.00043011,80.2651825,85785,85805,20
13.00047016,80.26522064,85805,85835,30
13.08127975,80.27513885,19456,19477,21
13.08156013,80.27558899,19923,19944,21
13.05597973,80.2559967,20459,20477,18
13.04413033,80.24797058,20601,20617,16
13.00617981,80.24741364,21324,21345,21
12.8914299,80.22740173,22457,22473,16
12.80136013,80.22360992,23182,23201,19
12.78654003,80.22042084,25447,25467,20
12.83113003,80.22933197,25932,25952,20
12.83668995,80.22828674,26003,26019,16
12.84547997,80.22651672,26082,26102,20
12.90594006,80.22817993,26668,26684,16
12.93638992,80.23400116,27061,27084,23
13.0155201,80.22490692,28339,28359,20
13.0348196,80.24558258,28723,28739,16
13.04712963,80.24842072,28994,29010,16
13.06923962,80.27207184,29447,29463,16
13.08228016,80.27848053,31483,31499,16
13.07087994,80.2743988,31925,31946,21
13.06536007,80.2677002,32138,32158,20
13.05527973,80.25505066,32492,32512,20
13.02346039,80.22769928,33138,33159,21
12.9802103,80.25273895,34101,34121,20
12.96749973,80.24835968,34262,34279,17
12.93581963,80.23384857,34777,34797,20
12.93385029,80.23296356,34828,34848,20
12.89054966,80.22736359,35485,35501,16
12.87677956,80.22693634,35616,35636,20
12.84564018,80.22663116,35919,35936,17
12.78826046,80.221138,36544,36564,20
12.78802013,80.22104645,36574,36595,21
12.78752995,80.22086334,36625,36645,20
12.78668976,80.2204895,38063,38083,20
12.90056992,80.2277832,39367,39387,20
12.91388035,80.22924042,39589,39606,17
12.94707966,80.23986053,39982,40002,20
12.94863987,80.24056244,40032,40052,20
12.96706009,80.24803925,40366,40386,20
12.97951984,80.25257111,40517,40538,21
13.00666046,80.24060059,40922,40942,20
13.00737,80.23710632,41003,41023,20
13.01525974,80.22483826,41276,41296,20
13.02573967,80.23049164,41550,41580,30
13.03102016,80.23957825,41742,41758,16
13.03559971,80.24607849,41871,41891,20
13.03882027,80.24677277,41952,41982,30
13.04314041,80.24775696,42073,42093,20
13.0469799,80.24839783,42154,42174,20
13.04860973,80.24965668,42215,42231,16
13.05622005,80.25624084,42354,42372,18
13.06630993,80.26828766,42657,42678,21
13.08146,80.27558899,46509,46529,20
13.06278038,80.26717377,47054,47075,21
13.05760002,80.26148224,47297,47313,16
13.04726028,80.24873352,47578,47598,20
13.02340031,80.22763824,48405,48435,30
13.01998997,80.22483063,48496,48516,20
13.00693035,80.23986053,48829,48849,20
13.00669003,80.24713898,48961,48991,30
13.00603008,80.24742126,49011,49031,20
12.9516201,80.24166107,49759,49779,20
12.9471302,80.24004364,49840,49860,20
12.93587971,80.2338562,49992,50012,20
12.89303017,80.22750854,50507,50527,20
12.86929989,80.22647858,50800,50816,16
12.83868027,80.22799683,51111,51128,17
12.81387997,80.22907257,51333,51349,16
12.78617001,80.22068787,52394,52414,20
12.78617954,80.22032928,52434,52455,21
12.78639984,80.22035217,52465,52485,20
12.8183403,80.23016357,52879,52895,16
12.84517002,80.22653961,53201,53220,19
12.86676025,80.2264328,53413,53429,16
12.87213039,80.22657776,53451,53471,20
12.87261963,80.22657776,53492,53522,30
12.8920002,80.22724152,53744,53765,21
12.89216042,80.22724152,53775,53791,16
12.96446991,80.2469635,54713,54729,16
12.9665699,80.24772644,54729,54751,22
12.97906017,80.25248718,54913,54933,20
12.98943996,80.2508316,55255,55275,20
13.01550007,80.22493744,55883,55904,21
13.01947021,80.22441864,55954,55974,20
13.06190968,80.26275635,56975,56995,20
13.07180023,80.27445984,57420,57436,16
13.0825901,80.27864075,58481,58501,20
13.07184982,80.27468872,58815,58845,30
13.06641006,80.26879883,59098,59114,16
13.06511021,80.26763916,59126,59146,20
13.04716969,80.248703,59632,59649,17
13.03522968,80.2461319,59822,59843,21
13.03219986,80.24230194,60166,60182,16
13.02468967,80.22921753,60477,60498,21
13.0243597,80.22875977,60518,60534,16
13.02340031,80.22769165,60534,60556,22
12.99104977,80.25064087,61223,61244,21
12.96436977,80.24710846,61719,61735,16
12.95926952,80.24479675,61776,61797,21
12.95676041,80.2436676,61838,61858,20
12.93402958,80.233078,62202,62232,30
12.91329956,80.2293396,62465,62485,20
12.84002972,80.22770691,63304,63324,20
12.83975983,80.22779846,63334,63354,20
12.83238029,80.22915649,63425,63445,20
12.81890011,80.23052216,63587,63607,20
12.78792953,80.22103882,63991,64011,20
12.78783989,80.22097778,64021,64041,20
12.72227001,80.18757629,64900,64921,21
12.83090973,80.22936249,68409,68439,30
12.83127022,80.22924042,68449,68479,30
12.84875965,80.22651672,68702,68718,16
12.86079979,80.22646332,68810,68831,21
12.89198971,80.22724152,69246,69266,20
12.90034008,80.22776794,69367,69397,30
12.90651989,80.22814178,69549,69578,29
12.93960953,80.23558044,69994,70024,30
12.9396801,80.23558807,70034,70050,16
12.94719982,80.23992157,70123,70143,20
12.94869995,80.24053192,70173,70193,20
12.96313,80.24642181,70487,70507,20
12.96697998,80.24799347,70578,70598,20
12.97966957,80.25261688,70760,70790,30
13.01124001,80.22332764,71387,71407,20
13.0155201,80.22498322,71508,71528,20
13.02431011,80.22852325,71700,71716,16
13.02593994,80.23120117,71738,71759,21
13.04695034,80.24839783,72275,72292,17
13.06062031,80.26117706,72536,72556,20
13.08018017,80.27523041,73112,73133,21
13.08199978,80.27574158,73335,73365,30
13.08211994,80.27825928,73416,73436,20
13.08146954,80.27546692,73476,73495,19
13.07573986,80.27501678,84258,84288,30
13.04959965,80.2068634,20936,20956,20
13.06914043,80.2060318,22600,22616,16
13.06931019,80.20571136,22616,22639,23
13.03030014,80.20918274,23769,23789,20
13.00969028,80.21124268,24321,24341,20
13.00786972,80.22135925,24766,24782,16
12.99800014,80.21659851,24885,24908,23
12.98756027,80.25138092,25748,25768,20
12.98721981,80.25958252,25899,25929,30
12.98705959,80.25907135,27646,27666,20
12.98783016,80.2517395,27878,27898,20
12.9828701,80.25266266,27959,27975,16
12.98136997,80.24276733,28138,28158,20
12.98746967,80.21822357,28875,28895,20
12.99829006,80.21543884,29096,29113,17
13.00366974,80.21186829,29226,29246,20
13.00737953,80.20980072,29357,29377,20
13.00813961,80.20368958,29538,29554,16
13.02737999,80.2080307,29819,29835,16
13.03505993,80.2113266,29937,29958,21
13.06970024,80.20491028,30613,30634,21
13.06795979,80.20522308,31138,31168,30
13.03466034,80.21218109,31894,31915,21
13.03435993,80.21215057,31915,31945,30
13.0137701,80.20446014,32369,32399,30
13.01214027,80.21243286,32560,32576,16
13.00977039,80.21130371,32629,32659,30
13.00951004,80.21111298,32669,32699,30
13.0099802,80.21430969,32790,32806,16
13.00401974,80.22006989,33181,33198,17
12.97558975,80.22038269,33664,33680,16
12.97626972,80.2217865,33692,33721,29
12.98134041,80.23870087,33994,34015,21
12.98139954,80.24284363,34085,34105,20
12.98011971,80.25229645,34216,34236,20
12.98007011,80.25273895,36322,36352,30
12.97990036,80.25229645,36383,36403,20
12.97844028,80.21909332,37149,37165,16
13.00154018,80.212677,37581,37611,30
13.00370026,80.20870972,37752,37769,17
13.05426979,80.21144867,38809,38825,16
13.06346035,80.2115097,38937,38959,22
13.06400013,80.21170044,41147,41167,20
13.05457973,80.21151733,41309,41329,20
13.05335999,80.21179962,41361,41381,20
13.05251026,80.21205139,41423,41453,30
13.04603958,80.21234894,41655,41685,30
13.04438972,80.21240234,41745,41761,16
13.03822041,80.21240997,41824,41854,30
13.0353899,80.21234131,41915,41935,20
13.03429985,80.2121582,41965,41995,30
13.03271961,80.21188354,42046,42062,16
13.00936031,80.21105957,42720,42740,20
13.01231956,80.22119904,42871,42887,16
13.01006985,80.22255707,43141,43157,16
12.99728966,80.21656036,43341,43361,20
12.99221039,80.21913147,43502,43518,16
12.97721004,80.21968842,43772,43793,21
12.97636032,80.22013855,43984,44004,20
12.97624016,80.22167969,44156,44176,20
12.98134041,80.24282837,44529,44549,20
12.98019028,80.25257874,44690,44706,16
12.98558998,80.2518692,44760,44789,29
12.98709011,80.25917816,46971,46992,21
12.98752022,80.25166321,47284,47304,20
12.99458027,80.21723938,48555,48575,20
13.00710011,80.20974731,48898,48928,30
13.0075798,80.20614624,49009,49025,16
13.05183983,80.21202087,49854,49870,16
13.05457973,80.21153259,51233,51249,16
13.0503397,80.21214294,51302,51320,18
13.01902962,80.20628357,52147,52168,21
13.00899982,80.21056366,52471,52491,20
13.01006985,80.21450043,52572,52588,16
13.0087204,80.22181702,52892,52908,16
12.99905968,80.21703339,53083,53103,20
12.99621964,80.2166214,53275,53295,20
12.99557972,80.21678162,53315,53335,20
12.97632027,80.22164154,53789,53809,20
12.97854996,80.2253418,53890,53920,30
12.98167992,80.23049927,54011,54031,20
12.98711014,80.25952911,55108,55128,20
12.98709965,80.25907898,56389,56409,20
12.98783016,80.2533493,56561,56577,16
12.98132038,80.24279022,56912,56932,20
12.98136997,80.2301712,57164,57180,16
12.98731995,80.21820068,57686,57706,20
13.00745964,80.20980835,58221,58251,30
13.02437973,80.20668793,58664,58680,16
13.03497982,80.21128082,58884,58904,20
13.04922009,80.21202087,59227,59247,20
13.05385971,80.21154022,59338,59354,16
13.06527042,80.21131897,60385,60405,20
13.04951954,80.21227264,60677,60698,21
13.03423023,80.21217346,60980,61000,20
13.02519989,80.2070694,61222,61238,16
13.01904964,80.20636749,61311,61332,21
13.00936031,80.21102142,61675,61705,30
12.99827957,80.21669006,62382,62398,16
12.99534988,80.21690369,62481,62500,19
12.98596954,80.21801758,62693,62709,16
12.97605038,80.2201767,63101,63121,20
12.98134041,80.23932648,63676,63696,20
12.98437977,80.25228119,63958,63975,17
12.98727036,80.25940704,64380,64400,20
12.98703957,80.2591095,65984,66014,30
12.98775959,80.25164795,66347,66367,20
12.9800396,80.25274658,66498,66514,16
12.98099041,80.24517822,66678,66697,19
12.98132038,80.24278259,66719,66749,30
12.98124981,80.23786163,66830,66850,20
12.98194981,80.23220062,66991,67008,17
12.97579956,80.22119904,67242,67272,30
12.97988987,80.21858978,67403,67419,16
12.98141956,80.21797943,67502,67522,20
12.98375034,80.21788025,67623,67643,20
12.98735046,80.21824646,67714,67734,20
12.99378967,80.21791077,67845,67865,20
12.99627972,80.21655273,68034,68054,20
12.99744034,80.21611786,68095,68125,30
13.00358009,80.21188354,68276,68297,21
13.01502991,80.20458984,68710,68730,20
13.03499031,80.2111969,69204,69225,21
13.03761959,80.2122879,69366,69382,16
13.05751991,80.21140289,69989,70009,20
13.06317997,80.21150208,70090,70109,19
13.06812,80.20494843,70907,70927,20
13.06394005,80.21173096,71280,71310,30
13.06348038,80.21173096,71331,71347,16
13.05764008,80.21163177,71429,71450,21
13.04953003,80.21221924,71693,71713,20
13.03411961,80.21214294,72126,72147,21
13.02972031,80.20900726,72278,72294,16
13.01140022,80.21838379,73073,73089,16
12.99647999,80.21659851,73756,73777,21
12.99565029,80.21681213,73807,73827,20
12.9941597,80.2177124,73888,73904,16
12.99088001,80.21941376,74047,74067,20
12.98357964,80.21803284,74279,74299,20
12.98155975,80.21804047,74693,74713,20
12.98042011,80.21842194,74803,74824,21
12.97791958,80.21945953,75217,75237,20
12.97770023,80.21952057,75237,75257,20
12.97579002,80.22032928,75600,75621,21
12.97628975,80.22171021,75812,75842,30
12.98013973,80.2279892,75963,75980,17
12.98171997,80.2305603,76002,76022,20
12.98159981,80.23358154,76072,76093,21
12.98132992,80.23870087,76163,76183,20
12.98139,80.24285889,76244,76274,30
12.98678017,80.25901794,77200,77220,20
12.98760986,80.25631714,77412,77428,16
12.97982979,80.25219727,77755,77785,30
12.97982979,80.25219727,77785,77801,16
12.98736954,80.21823883,78874,78894,20
12.99565029,80.21669006,79065,79085,20
12.99602985,80.2166214,79095,79116,21
12.99602985,80.2166214,79116,79132,16
12.99744987,80.21613312,79174,79194,20
13.00734997,80.2098465,79447,79468,21
13.03279972,80.20960999,80053,80069,16
13.04370022,80.21219635,80243,80263,20
13.0497303,80.21193695,80425,80441,16
13.04452991,80.21247864,81554,81584,30
12.99779034,80.2568512,19073,19103,30
12.99565983,80.26734924,21354,21374,20
12.99619007,80.26254272,21455,21475,20
13.00662041,80.24643707,21960,21976,16
13.03188038,80.22158813,22896,22912,16
13.03013992,80.20916748,23177,23197,20
13.03555965,80.20675659,23328,23344,16
13.04082012,80.20124054,23810,23827,17
13.04895973,80.20738983,24202,24222,20
13.04946041,80.21217346,25484,25504,20
13.04477024,80.21233368,25575,25601,26
13.03979969,80.19317627,26097,26113,16
13.03639984,80.20173645,26389,26409,20
13.0300703,80.2095871,26722,26742,20
13.02875996,80.22717285,27297,27313,16
13.02707958,80.23296356,27569,27589,20
13.02396011,80.22821045,27680,27699,19
13.01465988,80.22615814,27861,27882,21
13.00691032,80.24091339,28184,28200,16
13.00430012,80.25707245,28556,28572,16
12.99565983,80.2673111,30765,30795,30
13.00673962,80.25099945,31471,31487,16
13.00658035,80.24672699,31540,31558,18
13.01066017,80.22501373,31843,31871,28
13.01552963,80.22503662,32013,32033,20
13.01937008,80.22428131,32094,32114,20
13.02040958,80.22502899,32165,32181,16
13.02826023,80.23088837,32335,32355,20
13.02873993,80.22398376,32620,32640,20
13.03219986,80.21972656,32811,32832,21
13.03094959,80.21024323,33124,33140,16
13.0355196,80.20540619,33395,33415,20
13.04181957,80.19365692,33798,33815,17
13.04948044,80.20864868,34503,34519,16
13.04885006,80.20703125,34531,34551,20
13.04953003,80.21218109,35621,35641,20
13.04092026,80.20513916,35914,35944,30
13.0392704,80.19670105,36196,36216,20
13.0397501,80.19317627,36277,36297,20
13.03726006,80.19593811,36438,36459,21
13.03687954,80.19864655,36509,36529,20
13.03639984,80.20175934,36600,36620,20
13.03544044,80.20836639,36761,36781,20
13.03009033,80.20955658,37003,37024,21
13.03223038,80.2203064,37336,37357,21
13.03112984,80.22386169,37427,37447,20
13.0289402,80.22418213,37508,37524,16
13.02970028,80.23084259,37810,37831,21
13.02688026,80.23297119,37952,37972,20
13.02390957,80.22823334,38073,38093,20
13.01599979,80.22561646,38214,38230,16
13.00821018,80.23355865,38404,38424,20
13.00813961,80.2338028,38434,38450,16
13.00673962,80.24635315,38686,38716,30
13.00685024,80.24960327,38766,38786,20
13.0065403,80.25401306,38908,38924,16
13.00660038,80.25498199,38924,38944,20
13.00664043,80.2569809,38985,39006,21
12.99683952,80.2568512,39582,39602,20
12.99606037,80.26767731,39814,39833,19
12.99862957,80.26728058,40661,40682,21
12.99880028,80.25598145,41245,41275,30
13.00249004,80.25666809,41346,41366,20
13.00644016,80.25308228,41638,41658,20
13.00667953,80.24929047,41800,41830,30
13.01255035,80.22180176,42375,42391,16
13.01935005,80.22427368,42524,42554,30
13.02373981,80.22770691,42676,42697,21
13.02431965,80.22830963,42737,42757,20
13.02791023,80.23097229,42959,42975,16
13.03213978,80.22055054,43411,43427,16
13.0352602,80.20855713,43843,43859,16
13.03911972,80.19290161,44174,44190,16
13.04096985,80.19924927,44344,44364,20
13.0427599,80.20571899,44525,44541,16
13.04430962,80.21208191,44634,44664,30
13.04691029,80.21217346,44715,44735,20
13.04881954,80.20716095,44896,44917,21
13.04928017,80.20731354,45250,45270,20
13.04446983,80.2124176,45633,45659,26
13.03950024,80.19467926,46085,46101,16
13.03971004,80.19317627,46101,46122,21
13.03110981,80.20941162,46750,46766,16
13.03065968,80.21690369,46990,47011,21
13.01990986,80.22480011,47858,47878,20
13.00675964,80.25016022,48364,48380,16
13.00656033,80.25501251,48442,48463,21
12.9976902,80.25605774,49150,49170,20
12.99590015,80.26764679,49463,49479,16
13.00737,80.23677826,51164,51184,20
13.01548958,80.22498322,51467,51497,30
13.01930046,80.22427368,51568,51598,30
13.02838039,80.23088074,51820,51850,30
13.03114033,80.22318268,52203,52224,21
13.03215981,80.2196579,52284,52304,20
13.03034019,80.21456146,52474,52494,20
13.03168011,80.20941925,52696,52716,20
13.03549957,80.20600128,52857,52887,30
13.04430008,80.21195221,53634,53664,30
13.04703045,80.21185303,53725,53745,20
13.04889965,80.20713806,53897,53913,16
13.04957962,80.21219635,55144,55164,20
13.04426003,80.21234894,55235,55255,20
13.0384903,80.20185089,55497,55517,20
13.03973007,80.19317627,55689,55719,30
13.03866005,80.19284821,55739,55760,21
13.03680992,80.1986618,55872,55896,24
13.03252983,80.2118988,56161,56181,20
13.03003979,80.20948792,56272,56302,30
13.03034019,80.21472168,56443,56464,21
13.03061962,80.21678925,56514,56534,20
13.03219986,80.22025299,56635,56655,20
13.03114033,80.22386932,56726,56756,30
13.02906036,80.22424316,56807,56827,20
13.03034019,80.22808075,56968,56988,20
13.03065968,80.23059845,57029,57049,20
13.02974033,80.23084259,57069,57099,30
13.02396011,80.22828674,57362,57392,30
13.01439953,80.22625732,57594,57610,16
13.00817013,80.23370361,57693,57713,20
13.00685978,80.24938202,57945,57975,30
13.00016022,80.25640106,58450,58470,20
12.99837017,80.25604248,58510,58540,30
12.99629021,80.26241302,58722,58742,20
12.9957304,80.26760101,58823,58843,20
13.00006008,80.26664734,58944,58964,20
12.99565029,80.26725006,59631,59651,20
12.99619007,80.26255035,59732,59752,20
12.99874973,80.2559967,60055,60075,20
13.00127029,80.25653839,60156,60172,16
13.00510979,80.25717926,60235,60255,20
13.0065403,80.24652863,60569,60589,20
13.00737953,80.23703003,60770,60791,21
13.00737953,80.23680115,60801,60821,20
13.01543999,80.22492218,61154,61174,20
13.01930046,80.22429657,61265,61295,30
13.01963997,80.22451019,61305,61325,20
13.02917957,80.23085022,61699,61719,20
13.03034019,80.22831726,61830,61850,20
13.02871037,80.22402191,61991,62008,17
13.03114986,80.22318268,62049,62070,21
13.0321703,80.2197113,62131,62161,30
13.03040981,80.21669769,62252,62272,20
13.03034973,80.21457672,62322,62343,21
13.03098011,80.21018982,62444,62464,20
13.03168964,80.20939636,62585,62605,20
13.03524017,80.20884705,62676,62696,20
13.03627968,80.20149231,62867,62888,21
13.04413986,80.20805359,63515,63531,16
13.04703045,80.2121582,63624,63644,20
13.04706001,80.21189117,63654,63675,21
13.04922009,80.20738983,64511,64541,30
13.04701042,80.21237946,64844,64860,16
13.04411983,80.20948029,65105,65125,20
13.04407978,80.20892334,65135,65155,20
13.04082012,80.2052002,65246,65266,20
13.0396204,80.19429779,65579,65595,16
13.03868961,80.19287872,65647,65668,21
13.03641987,80.20181274,65880,65906,26
13.03544044,80.20850372,66039,66059,20
13.03009033,80.20957184,66322,66341,19
13.03036976,80.21479797,66502,66523,21
13.03225994,80.2203598,66705,66725,20
13.03118038,80.22396851,66816,66846,30
13.02908039,80.22434235,66907,66927,20
13.02855968,80.227211,67018,67038,20
13.03034019,80.22850037,67089,67119,30
13.02982998,80.23094177,67361,67391,30
13.02398014,80.22841644,67765,67781,16
13.01626968,80.22563171,67934,67952,18
13.01428032,80.22637939,67975,68005,30
13.00967979,80.22817993,68065,68088,23
13.00673008,80.24305725,68383,68403,20
13.00662994,80.25508118,68747,68777,30
13.00185966,80.2567215,69027,69044,17
13.0001297,80.25649261,69137,69157,20
12.99683952,80.25705719,69309,69329,20
12.9982996,80.26744843,70257,70277,20
12.99561977,80.26750183,70500,70530,30
12.99612045,80.26287079,70641,70661,20
12.99617958,80.26207733,70681,70701,20
13.00588036,80.2574234,71256,71277,21
13.00652981,80.24664307,71640,71666,26
13.00736046,80.23680878,71882,71912,30
13.01548958,80.22509003,72205,72225,20
13.01924992,80.2243576,72286,72316,30
13.02842045,80.2309494,72518,72538,20
13.03030014,80.22846222,72760,72780,20
13.03110027,80.22328186,73053,73073,20
13.03211975,80.21977234,73144,73164,20
13.03155994,80.20942688,73618,73638,20
13.03522015,80.20868683,73719,73739,20
13.03775024,80.19283295,74084,74114,30
13.04413033,80.2088089,74589,74609,20
13.04699039,80.21219635,74740,74760,20
13.04699993,80.21186066,74770,74790,20
13.04874039,80.20697021,74962,74982,20
13.04907036,80.20687103,74992,75013,21
13.04909039,80.20742035,76052,76072,20
13.0447998,80.21247864,76395,76411,16
13.03808975,80.20439148,76635,76651,16
13.03919029,80.19695282,76775,76795,20
13.03861046,80.19296265,76926,76946,20
13.03678036,80.1987381,77057,77077,20
13.0324297,80.21192932,77553,77573,20
13.03003979,80.20954895,77684,77704,20
13.03059959,80.21276093,77805,77835,30
13.03112984,80.22400665,78148,78164,16
13.02958965,80.23090363,78459,78475,16
13.02464008,80.22917938,78659,78679,20
13.00852966,80.2317276,79002,79018,16
13.00683022,80.25140381,79334,79364,30
12.99798012,80.25675964,79869,79889,20
13.09883976,80.2419281,25815,25845,30
13.09848976,80.23468018,26189,26205,16
13.07874012,80.23355865,27146,27162,16
13.07674026,80.23806763,27326,27346,20
13.07164001,80.24965668,27622,27638,16
13.06785965,80.24652863,27791,27811,20
13.05088997,80.24053192,28236,28256,20
13.03680992,80.23079681,28599,28615,16
13.02991009,80.23081207,28739,28759,20
13.02474976,80.22921753,28971,28991,20
13.0145998,80.22618103,29183,29203,20
13.00759983,80.23677063,29395,29411,16
13.00691986,80.24060059,29494,29514,20
13.00679016,80.24646759,29595,29616,21
13.00177956,80.25662231,29978,30008,30
12.9975996,80.25596619,30109,30129,20
12.99687958,80.25682831,30149,30170,21
12.9960804,80.2677002,30361,30382,21
13.00039959,80.26583862,30523,30543,20
12.99567986,80.26737213,31725,31755,30
12.9988699,80.25598145,32167,32187,20
13.00562954,80.25727081,32331,32352,21
13.01805973,80.22470093,33180,33196,16
13.02196026,80.22614288,33279,33299,20
13.02853012,80.23088837,33491,33511,20
13.02906036,80.23081207,33531,33551,20
13.03476048,80.23033905,33724,33754,30
13.03472042,80.23040009,33754,33774,20
13.03460026,80.23726654,33996,34017,21
13.04102039,80.24054718,34210,34230,20
13.05669975,80.24256134,34644,34664,20
13.07069969,80.24199677,34996,35016,20
13.09259987,80.22582245,35772,35792,20
13.10021973,80.21459198,36943,36963,20
13.09177971,80.22699738,37215,37231,16
13.08358002,80.23394012,37446,37466,20
13.08236027,80.2336731,37486,37506,20
13.07763958,80.24526215,37830,37850,20
13.07822037,80.24742126,37860,37890,30
13.06772041,80.24642944,38314,38334,20
13.06317997,80.24420929,38486,38506,20
13.05873966,80.2425766,38597,38617,20
13.05286026,80.24130249,38778,38799,21
13.05286026,80.24130249,38799,38815,16
13.05086994,80.24076843,38827,38847,20
13.04510021,80.23265839,39141,39161,20
13.00821018,80.23362732,40219,40239,20
13.00681973,80.25067902,40492,40512,20
13.00679016,80.25817871,41209,41239,30
13.00646973,80.25344086,41444,41474,30
13.01140976,80.22335052,42139,42169,30
13.02052975,80.22502136,42351,42367,16
13.02437973,80.22839355,42490,42510,20
13.03555965,80.2390976,43205,43225,20
13.04053974,80.24049377,43477,43498,21
13.04232025,80.2407074,43558,43574,16
13.05663013,80.24253845,43990,44006,16
13.07575035,80.23423004,44585,44605,20
13.07929993,80.23290253,44676,44696,20
13.08193016,80.23310089,44746,44767,21
13.09842968,80.21405792,45274,45304,30
13.09897041,80.2141571,45324,45340,16
13.10044003,80.21476746,45655,45676,21
13.10006046,80.21456146,45685,45706,21
13.1002903,80.21482086,45716,45736,20
13.08248043,80.23368835,46756,46776,20
13.0761404,80.23548889,46927,46948,21
13.07610035,80.25222015,47412,47432,20
13.06929016,80.24330902,47584,47614,30
13.05636024,80.2425766,48189,48205,16
13.05375957,80.24224091,48228,48257,29
13.04693031,80.23603058,48500,48516,16
13.04518032,80.23267365,48599,48619,20
13.03347969,80.23045349,48882,48903,21
13.02777958,80.23220825,49034,49051,17
13.02394009,80.22821808,49195,49215,20
13.00823975,80.23342133,49498,49528,30
13.00819016,80.23358154,49528,49558,30
13.00790024,80.23500824,49700,49730,30
13.00786018,80.23522186,49740,49760,20
13.00769997,80.23592377,49892,49922,30
13.00765991,80.23622894,49932,49952,20
13.00706959,80.23937988,50154,50184,30
13.00699043,80.24022675,50255,50285,30
13.00570965,80.25736237,50578,50599,21
13.00364017,80.25691223,50639,50659,20
13.00002956,80.25636292,50800,50820,20
12.99956036,80.25626373,50831,50861,30
12.99613953,80.26615906,51134,51154,20
12.9960804,80.2677002,51154,51184,30
13.03332043,80.23036957,53919,53940,21
13.03407955,80.2305069,53949,53970,21
13.03413963,80.23034668,54000,54020,20
13.07091999,80.2410965,55058,55077,19
13.07579041,80.23406982,55250,55280,30
13.0764904,80.23368835,55331,55347,16
13.08813953,80.23258972,55591,55607,16
13.09990978,80.2143631,55963,55993,30
13.09043026,80.2279892,56498,56528,30
13.08246994,80.23370361,56710,56740,30
13.07645988,80.23721313,56892,56912,20
13.06783009,80.24649811,57427,57447,20
13.05877018,80.24266052,57740,57760,20
13.05377007,80.24230194,57831,57861,30
13.0528698,80.24189758,57881,57911,30
13.05095005,80.24060822,57972,57992,20
13.03431034,80.23047638,58496,58526,30
13.02478981,80.22933197,58870,58900,30
13.02408028,80.22849274,58920,58940,20
13.0240202,80.22837067,58950,58966,16
13.01463985,80.2261734,59110,59130,20
13.00673008,80.24485779,59605,59625,20
13.00687027,80.24936676,59696,59716,20
13.00646973,80.25749969,60321,60338,17
13.00648975,80.25286102,60452,60482,30
13.00737953,80.23677063,60876,60896,20
13.00988007,80.22598267,61017,61038,21
13.02326965,80.22738647,61391,61421,30
13.02886963,80.23088837,61603,61623,20
13.03442955,80.23034668,61774,61795,21
13.04973984,80.24024963,62623,62639,16
13.05405998,80.2423172,62752,62771,19
13.06527042,80.2435379,63006,63027,21
13.06527996,80.24365234,63027,63047,20
13.07641029,80.23735046,63370,63390,20
13.08407974,80.23400116,63774,63790,16
13.09630966,80.21951294,64105,64125,20
13.10019016,80.21453094,64337,64367,30
13.10039997,80.21459961,64378,64398,20
13.0912199,80.22766113,65791,65821,30
13.08236027,80.23368073,66114,66134,20
13.07907009,80.23356628,66215,66231,16
13.07866001,80.24951935,66527,66557,30
13.06783009,80.24656677,67386,67406,20
13.06307983,80.24432373,67587,67608,21
13.06231022,80.24330902,67658,67674,16
13.06147957,80.2431488,67674,67694,20
13.05710983,80.24282074,67808,67838,30
13.04518986,80.23267365,68575,68605,30
13.03184986,80.23062897,69320,69348,28
13.02982044,80.23079681,69470,69490,20
13.02390003,80.22824097,69742,69762,20
13.01443005,80.2261734,69954,69971,17
13.00743008,80.23721313,70184,70201,17
13.00669956,80.2423172,70353,70374,21
13.00658035,80.25493622,70716,70736,20
13.0002203,80.25640106,71161,71181,20
12.99680042,80.25701141,71363,71383,20
12.99619007,80.26235199,71484,71504,20
12.99818039,80.2673111,71845,71866,21
13.00002003,80.26663971,71896,71926,30
12.9962101,80.2620697,72783,72803,20
12.99880981,80.2559967,73035,73065,30
13.00045967,80.25631714,73096,73116,20
13.00061035,80.25637054,73126,73142,16
13.00646019,80.25399017,73295,73316,21
13.00646973,80.25382233,73316,73346,30
13.00646019,80.25335693,73376,73392,16
13.00669003,80.24967957,73536,73566,30
13.00666046,80.24047852,73840,73860,20
13.00739002,80.23667908,73910,73931,21
13.03036022,80.23068237,74568,74588,20
13.03824043,80.23963165,74921,74941,20
13.0401001,80.23986816,74972,75002,30
13.04475975,80.24038696,75113,75143,30
13.04475975,80.24025726,75143,75164,21
13.06894016,80.24240112,75759,75775,16
13.07641983,80.23748779,75970,75990,20
13.09130001,80.2273407,76475,76494,19
13.0962801,80.21949768,76647,76663,16
13.09708023,80.21717072,76706,76727,21
13.10009003,80.21444702,76828,76858,30
13.08915997,80.23018646,77645,77666,21
13.07625961,80.23628235,77989,78005,16
13.06886959,80.24253082,78435,78451,16
13.05733013,80.24285126,78827,78843,16
13.05305958,80.24195099,78917,78937,20
13.03341961,80.23049927,79492,79512,20
13.02702045,80.23296356,79674,79690,16
13.02398014,80.22834015,79773,79793,20
13.00691986,80.23985291,80167,80187,20
13.00667953,80.2458725,80308,80338,30
13.00658989,80.25457764,80510,80540,30
13.00656033,80.25782013,80712,80742,30
13.00644016,80.25279999,80833,80853,20
13.02814007,80.23091888,81641,81657,16
13.03446007,80.23397827,81871,81891,20
13.04961014,80.24021912,82257,82287,30
13.06871986,80.24243164,82641,82661,20
13.09969997,80.22982025,21173,21190,17
13.10027027,80.21469116,21424,21444,20
13.09123993,80.2276001,21726,21747,21
13.09039021,80.22852325,21777,21793,16
13.08619976,80.23442841,21916,21936,20
13.08236027,80.23364258,21997,22017,20
13.07950974,80.23355103,22068,22088,20
13.07649994,80.23735046,22209,22237,28
13.05373001,80.24220276,22812,22833,21
13.04778004,80.23988342,22964,22980,16
13.02700996,80.23293304,23527,23557,30
13.01463032,80.22614288,23799,23819,20
12.99610043,80.26396179,26191,26207,16
12.99876976,80.25598145,26401,26431,30
13.00652981,80.25312042,26603,26623,20
13.01535988,80.22486877,27258,27279,21
13.02093983,80.22538757,27359,27375,16
13.02210045,80.22625732,27388,27408,20
13.02853012,80.23088074,27540,27560,20
13.03439999,80.23040009,27661,27691,30
13.0377903,80.23963165,27954,27970,16
13.04646015,80.23957825,28103,28123,20
13.05393982,80.24221802,28265,28285,20
13.06276989,80.2434082,28466,28482,16
13.0698204,80.24215698,28585,28606,21
13.07647991,80.23753357,28818,28838,20
13.07686996,80.23370361,28908,28929,21
13.08401966,80.23396301,29161,29181,20
13.10027981,80.21453857,29635,29665,30
13.09733009,80.21675873,30947,30967,20
13.09276962,80.22608948,31128,31144,16
13.09117985,80.22773743,31157,31187,30
13.08880997,80.23098755,31268,31298,30
13.0855999,80.23432922,31510,31530,20
13.08374977,80.2339325,31570,31591,21
13.0822897,80.2336731,31631,31651,20
13.07946968,80.23355865,31701,31722,21
13.07606983,80.23387909,31782,31802,20
13.07653046,80.23731995,31853,31883,30
13.07724953,80.2405014,31934,31954,20
13.07724953,80.2405014,31954,31970,16
13.06937027,80.24346161,32285,32305,20
13.06787014,80.24664307,32416,32436,20
13.05965042,80.24259949,32678,32694,16
13.05867958,80.2425766,32694,32717,23
13.04636002,80.23899841,33019,33035,16
13.04520988,80.23265076,33149,33170,21
13.03540993,80.23040009,33311,33341,30
13.03343964,80.23043823,33392,33408,16
13.02624035,80.2322998,33632,33648,16
13.02466011,80.22905731,33670,33690,20
13.02396011,80.22821808,33720,33741,21
13.0142498,80.22627258,33902,33922,20
13.01089001,80.22757721,33973,33989,16
13.00689983,80.24945831,34285,34305,20
13.00660038,80.25343323,34426,34442,16
13.00664997,80.25492096,34442,34464,22
13.00012016,80.25634003,34787,34807,20
12.99631977,80.26228333,35027,35047,20
13.00020027,80.26657104,35622,35643,21
12.99578953,80.26744843,35744,35764,20
13.00658989,80.24671173,36843,36864,21
13.01496029,80.22457123,37348,37368,20
13.01550007,80.22499084,37398,37418,20
13.02186012,80.22608948,37550,37580,30
13.03474045,80.23029327,38135,38155,20
13.04018021,80.23986816,38488,38518,30
13.05379009,80.24217224,38821,38840,19
13.06519985,80.2435379,39114,39134,20
13.06702995,80.24310303,39184,39200,16
13.06881046,80.2424469,39212,39233,21
13.07656956,80.23374176,39545,39566,21
13.08388996,80.23387909,39777,39798,21
13.09134007,80.22733307,39979,39999,20
13.08242035,80.23370361,42411,42431,20
13.07936001,80.23355865,42512,42528,16
13.06853008,80.24259186,43096,43112,16
13.06177998,80.24323273,43397,43427,30
13.05298042,80.24189758,43629,43659,30
13.05115986,80.24062347,43730,43746,16
13.04675961,80.23967743,43839,43859,20
13.04644966,80.23957825,43859,43889,30
13.04706001,80.23594666,43970,43990,20
13.04732037,80.23348999,44030,44046,16
13.0335598,80.2304306,44292,44312,20
13.03087997,80.23072052,44413,44443,30
13.02972984,80.23084259,44473,44493,20
13.02600956,80.23165131,44655,44675,20
13.02394009,80.22825623,44735,44756,21
13.0127697,80.22680664,44968,44984,16
13.00658035,80.25318909,46388,46418,30
13.00673962,80.24873352,46600,46630,30
13.00660992,80.24640656,46751,46771,20
13.00662041,80.24050903,46862,46882,20
13.00734043,80.23687744,46933,46953,20
13.02847004,80.23085785,47508,47528,20
13.02877998,80.23085785,47538,47558,20
13.03431988,80.23036194,47710,47730,20
13.04442024,80.24066925,48255,48285,30
13.05671978,80.24253845,48590,48610,20
13.06058025,80.24285889,48700,48721,21
13.0608902,80.24295807,48731,48747,16
13.06507969,80.24349976,48850,48870,20
13.07579041,80.23417664,49274,49304,30
13.08345985,80.23355865,49526,49546,20
13.0968399,80.21788025,49849,49865,16
13.1002903,80.21486664,52624,52644,20
13.09996033,80.21443939,52665,52695,30
13.09123993,80.22759247,52957,52977,20
13.08885002,80.23085785,53038,53068,30
13.08236027,80.23364258,53250,53270,20
13.07952976,80.23349762,53330,53351,21
13.07600975,80.23384094,53401,53431,30
13.07627964,80.2363205,53472,53488,16
13.07503986,80.25215912,53803,53819,16
13.0692997,80.24330902,53952,53971,19
13.05642986,80.24253845,54456,54472,16
13.05370045,80.2421875,54495,54515,20
13.05084038,80.24051666,54606,54626,20
13.04514027,80.23269653,54868,54888,20
13.03678036,80.23074341,54999,55019,20
13.03347969,80.23042297,55151,55171,20
13.02974033,80.23079681,55251,55272,21
13.02770042,80.23216248,55332,55348,16
13.01496029,80.22599792,55684,55704,20
13.00677013,80.25099945,56219,56249,30
13.00014019,80.25634003,56572,56602,30
12.99783993,80.25598145,56653,56683,30
12.99682999,80.25656128,56734,56754,20
12.9960804,80.26766968,56956,56976,20
12.99567986,80.26724243,58913,58933,20
12.99619961,80.26254272,58994,59014,20
12.99683952,80.25634003,59125,59155,30
13.00594044,80.25737762,59431,59461,30
13.00662994,80.24059296,59975,59996,21
13.00736046,80.23693085,60066,60096,30
13.02200985,80.22619629,60581,60597,16
13.0329504,80.23055267,60892,60922,30
13.03429985,80.23049164,61124,61154,30
13.04010963,80.23995209,61457,61477,20
13.04469967,80.2405014,61588,61618,30
13.05403996,80.24228668,61860,61880,20
13.08405972,80.23400116,62859,62878,19
13.10025024,80.21453857,63396,63426,30
13.0795002,80.23348999,65586,65606,20
13.06013966,80.24272156,66816,66832,16
13.04623985,80.23953247,67296,67326,30
13.04726028,80.23329926,67447,67477,30
13.04518032,80.23262024,67518,67538,20
13.03742027,80.23088837,67659,67689,30
13.03141975,80.23065948,68213,68233,20
13.03075027,80.23071289,68294,68314,20
13.02995968,80.23078156,68334,68364,30
13.0067997,80.24079132,69432,69452,20
13.00667953,80.24298096,69503,69533,30
13.00675011,80.24881744,69634,69650,16
13.00681019,80.2509079,69682,69702,20
13.00728035,80.25887299,70333,70348,15
13.00667953,80.25782013,70358,70378,20
13.00640965,80.25686646,70419,70442,23
13.00644016,80.25370789,70595,70616,21
13.00644016,80.25319672,70646,70666,20
13.00666046,80.24057007,71070,71100,30
13.00736046,80.23683167,71171,71187,16
13.02194023,80.22614288,71613,71634,21
13.02725029,80.23104095,71795,71815,20
13.0410099,80.24054718,72613,72633,20
13.05414009,80.24228668,72996,73016,20
13.06241035,80.24333191,73238,73254,16
13.07631969,80.23709869,73681,73711,30
13.08014965,80.23348999,73853,73873,20
13.08401012,80.23394012,74024,74054,30
13.0844202,80.23406219,74065,74081,16
13.09138012,80.22725677,74254,74274,20
13.09803963,80.21485901,74507,74537,30
13.10019016,80.21450043,74627,74648,21
13.10023022,80.2146225,75758,75778,20
13.08885002,80.23082733,76131,76151,20
13.08378029,80.23390961,76323,76343,20
13.07754993,80.25183868,76797,76813,16
13.05694962,80.24284363,77453,77470,17
13.04504013,80.2326889,77836,77856,20
13.02398014,80.22834015,78460,78480,20
13.01420021,80.22634888,78652,78672,20
13.00681973,80.24954224,79076,79096,20
13.00658989,80.25521088,79156,79177,21
13.0,80.25637817,79429,79449,20
12.99612999,80.26773071,79762,79792,30
12.99635983,80.26776123,79802,79818,16
12.99571037,80.26770782,80003,80023,20
12.99870014,80.2559967,80386,80407,21
13.00648975,80.25657654,80608,80625,17
13.00644016,80.25318909,80637,80657,20
13.03404045,80.23046875,81598,81619,21
13.03474998,80.23033905,81639,81669,30
13.04351044,80.24093628,81931,81947,16
13.04463959,80.24046326,81947,81970,23
13.05397034,80.24224091,82131,82151,20
13.06328011,80.24350739,82313,82329,16
13.06544971,80.24358368,82341,82371,30
13.07670021,80.23874664,82593,82609,16
13.10013008,80.2144928,83278,83308,30
12.99769974,80.25615692,22944,22974,30
12.98882961,80.2559433,23105,23135,30
12.96321964,80.24665833,23618,23634,16
12.94338036,80.23716736,23889,23905,16
12.90110016,80.22798157,24331,24351,20
12.8885498,80.22737885,24492,24513,21
12.87928009,80.21102142,26724,26744,20
12.87650013,80.22686768,27009,27039,30
12.8852396,80.22663879,27130,27150,20
12.88852024,80.22724152,27211,27227,16
12.89418983,80.22749329,27280,27300,20
12.90065956,80.22779846,27370,27391,21
12.90264988,80.22792816,27431,27451,20
12.9230299,80.23047638,27764,27780,16
12.92819023,80.23111725,27838,27853,15
12.93363953,80.23269653,27893,27914,21
12.93379021,80.23280334,27924,27947,23
12.94709969,80.23986816,28131,28152,21
12.94867992,80.24059296,28174,28194,20
12.96640015,80.24772644,28558,28578,20
12.97998047,80.25228119,28770,28790,20
12.98136997,80.24289703,28901,28921,20
12.98157978,80.23348999,29083,29113,30
12.97694969,80.22280121,29356,29376,20
12.97727966,80.22267151,29386,29406,20
12.99046993,80.22033691,29699,29719,20
12.99466991,80.21727753,29800,29816,16
12.99757004,80.2161026,29836,29858,22
13.00368977,80.21190643,29980,30000,20
13.01039028,80.22277832,32371,32401,30
12.99750042,80.21653748,32754,32784,30
12.98766994,80.22309875,32976,32996,20
12.98324013,80.22221375,33087,33108,21
12.97906017,80.22116089,33178,33198,20
12.97926044,80.2265625,33380,33400,20
12.98173046,80.2305603,33501,33517,16
12.98161983,80.23358154,33550,33570,20
12.98112011,80.24539948,33812,33828,16
12.97259998,80.25018311,34013,34033,20
12.96506023,80.24739075,34124,34144,20
12.95938015,80.24482727,34215,34235,20
12.95853996,80.24440765,34266,34282,16
12.89920998,80.2279129,35192,35213,21
12.87460041,80.21012115,35767,35788,21
12.87924004,80.21099091,36858,36879,21
12.90260029,80.22789764,37636,37656,20
12.90694046,80.22814941,37796,37818,22
12.91397953,80.2292099,37888,37908,20
12.92642975,80.23087311,38050,38070,20
12.93978024,80.23561859,38232,38252,20
12.94729042,80.2399292,38373,38393,20
12.95104027,80.24128723,38514,38534,20
12.95639992,80.24327087,38605,38635,30
12.96658039,80.24775696,38787,38807,20
12.97068024,80.24948883,38868,38884,16
12.98134041,80.2427597,39149,39170,21
12.98126984,80.23828125,39241,39257,16
12.98161983,80.23332214,39330,39349,19
12.97716045,80.22267151,39642,39663,21
12.98278046,80.22187042,39865,39885,20
12.98717976,80.22305298,39986,40002,16
13.00922012,80.21125793,41501,41521,20
13.00955963,80.22788239,41814,41830,16
12.99505997,80.21705627,42155,42175,20
12.99075031,80.22020721,42276,42295,19
12.98320961,80.22225189,42458,42478,20
12.97634983,80.22181702,42640,42669,29
12.9816103,80.23352814,42892,42912,20
12.97992039,80.25254059,43215,43231,16
12.95963001,80.24497986,43546,43562,16
12.95689011,80.24389648,43605,43625,20
12.95672035,80.24385071,43635,43655,20
12.87454987,80.2101593,45142,45163,21
12.87553024,80.21029663,46476,46496,20
12.87672997,80.22691345,46770,46786,16
12.89214039,80.22727203,46920,46940,20
12.89597034,80.22759247,46991,47009,18
12.92626953,80.23088074,47497,47525,28
12.93362999,80.2326889,47606,47626,20
12.95098019,80.24124908,47868,47889,21
12.96677971,80.24787903,48141,48171,30
12.97434044,80.25042725,48252,48272,20
12.9799099,80.25225067,48343,48363,20
12.98134995,80.24276733,48474,48494,20
12.97754002,80.22116852,48999,49015,16
12.98287964,80.22187805,49088,49107,19
12.98641968,80.2228775,49189,49209,20
12.99036026,80.22033691,49280,49310,30
12.99754047,80.21600342,49482,49502,20
13.00185966,80.21237946,49603,49623,20
13.01315975,80.20995331,50108,50124,16
13.00940037,80.21103668,51509,51539,30
13.00926971,80.21112061,51539,51559,20
13.01492977,80.22593689,51761,51781,20
12.99790955,80.21658325,52155,52185,30
12.99685955,80.21652222,52266,52296,30
12.9832201,80.22213745,52660,52680,20
12.98165989,80.23046875,53033,53049,16
12.9715004,80.24984741,53486,53502,16
12.96516991,80.24739075,53554,53575,21
12.95637035,80.24355316,53686,53706,20
12.92759037,80.23113251,54069,54085,16
12.89943981,80.22783661,54441,54471,30
12.89264965,80.22743988,54562,54592,30
12.87637997,80.22664642,54804,54824,20
12.87656975,80.22486877,54855,54871,16
12.87644005,80.22686005,56565,56583,18
12.90007973,80.22776031,57078,57108,30
12.90186024,80.22788239,57159,57180,21
12.93365002,80.2326889,57668,57688,20
12.93978977,80.23561859,57759,57779,20
12.97721958,80.22270203,58921,58942,21
12.98297977,80.22197723,59063,59083,20
13.0078001,80.20993805,59790,59806,16
13.00421047,80.22016144,61696,61712,16
12.99738026,80.21652222,61774,61795,21
12.99569988,80.21672821,61877,61907,30
12.99077988,80.22016907,62038,62057,19
12.97694016,80.22279358,62493,62513,20
12.97694016,80.22279358,62513,62531,18
12.98126984,80.23436737,62725,62741,16
12.96523952,80.24743652,63187,63203,16
12.9563303,80.24365997,63327,63347,20
12.91345978,80.22934723,63892,63912,20
12.89290047,80.22749329,64255,64276,21
12.88399982,80.22675323,64427,64443,16
12.87639999,80.22648621,64516,64536,20
12.87903976,80.21092987,64698,64718,20
12.87458038,80.21012115,64779,64809,30
12.87924957,80.21105194,65284,65305,21
12.89198017,80.22727966,65719,65749,30
12.91388988,80.22926331,66143,66163,20
12.93362999,80.23272705,66446,66466,20
12.93371964,80.23278046,66476,66492,16
12.94727039,80.23996735,66757,66777,20
12.9486599,80.24053192,66817,66837,20
12.9510603,80.24131775,66878,66898,20
12.95637035,80.24330902,66989,67009,20
12.95884037,80.24440765,67049,67070,21
12.96282005,80.24632263,67140,67160,20
12.96660042,80.24786377,67231,67261,30
12.97430992,80.25050354,67372,67393,21
12.97994995,80.25228119,67484,67514,30
12.98130035,80.24284363,67645,67675,30
12.98124981,80.23776245,67766,67786,20
12.98159981,80.23336029,67867,67887,20
12.98244953,80.2217865,68423,68443,20
12.98272038,80.22187805,68453,68473,20
12.98299026,80.22200012,68483,68503,20
12.98392963,80.22260284,68604,68625,21
12.99755001,80.21600342,69109,69129,20
13.00358963,80.2118988,69251,69271,20
13.00706005,80.20976257,69412,69442,30
13.0072403,80.20982361,69442,69463,21
13.01309967,80.22248077,71118,71135,17
12.99757004,80.21653748,71682,71702,20
12.99744987,80.21652222,71702,71722,20
12.99617004,80.2166214,71773,71793,20
12.98418999,80.2179718,72116,72136,20
12.9819603,80.21797943,72752,72772,20
12.97939968,80.21881104,73005,73025,20
12.97819996,80.21932983,73207,73227,20
12.98130989,80.23866272,74489,74509,20
12.98136997,80.24279022,74569,74590,21
12.97988033,80.25263977,74691,74721,30
12.97655964,80.25125122,74792,74808,16
12.96504974,80.24736786,74921,74941,20
12.9594202,80.24484253,75022,75042,20
12.95180035,80.24172211,75153,75173,20
12.94713974,80.24002075,75254,75274,20
12.94328022,80.23709869,75355,75375,20
12.93389034,80.23300171,75537,75557,20
12.89925957,80.22792053,76042,76062,20
12.88479996,80.22676849,76244,76264,20
12.87640953,80.22651672,76365,76385,20
12.87644958,80.22634125,76395,76411,16
12.87464046,80.21015167,76615,76635,20
12.87911987,80.21099854,76878,76898,20
12.87646961,80.22673798,77081,77101,20
12.89227962,80.22731018,77262,77283,21
12.96337986,80.24661255,78242,78261,19
12.9811697,80.23491669,78696,78712,16
12.98145962,80.23365784,78712,78735,23
12.97700977,80.22299194,78927,78947,20
12.99577999,80.21661377,79351,79371,20
13.00870991,80.2110672,80017,80033,16
12.99802017,80.25601196,80782,80803,21
12.78623009,80.22183228,1311,1341,30
12.78651047,80.22041321,15811,15841,30
12.80554008,80.22409058,16023,16053,30
12.81978035,80.23043823,16193,16215,22
12.83946991,80.22769928,16478,16498,20
12.84550953,80.22653961,16569,16589,20
12.87668991,80.22688293,16922,16942,20
12.90178013,80.22792053,17276,17306,30
12.90532017,80.2281189,17356,17372,16
12.91411018,80.22928619,17454,17475,21
12.92022991,80.23014832,17546,17562,16
12.93984032,80.23571014,17818,17837,19
12.94750023,80.24004364,17939,17959,20
12.95123005,80.24136353,18020,18040,20
12.96702957,80.24800873,18323,18353,30
12.96930027,80.2489624,18403,18419,16
12.97865963,80.25241089,18734,18751,17
12.98869991,80.25588989,18986,19006,20
12.99888992,80.25601196,19127,19143,16
13.00662994,80.24288177,19428,19444,16
13.01404953,80.2234726,19842,19872,30
13.01556015,80.22490692,19903,19923,20
13.03427982,80.23036194,20276,20296,20
13.03361988,80.23047638,20367,20397,30
13.03365993,80.23034668,21972,21993,21
13.02688026,80.23294067,22124,22154,30
12.98851967,80.25592041,23094,23124,30
12.98838043,80.25588989,23134,23151,17
12.98062992,80.2527771,23315,23333,18
12.9593401,80.24485779,23668,23685,17
12.88646984,80.22708893,24464,24480,16
12.80698967,80.22543335,25310,25326,16
12.7864399,80.2203598,25550,25571,21
12.7862196,80.22058105,25641,25658,17
12.78617001,80.22071838,28527,28547,20
12.8335104,80.2288208,29122,29139,17
12.83926964,80.2277832,29221,29242,21
12.83934975,80.22776794,29242,29272,30
12.87664032,80.22688293,29635,29656,21
12.88829041,80.22724152,29807,29823,16
12.89216042,80.22728729,29876,29896,20
12.90073967,80.22782898,30028,30058,30
12.91390991,80.22924805,30260,30280,20
12.91977024,80.23001862,30351,30371,20
12.93334961,80.2325592,30553,30583,30
12.93521976,80.23345184,30634,30650,16
12.93947983,80.23545837,30672,30692,20
12.94382954,80.2374115,30763,30780,17
12.96652985,80.24777222,31318,31348,30
12.96949959,80.2490921,31409,31425,16
12.9744997,80.25052643,31468,31488,20
12.98696041,80.25154114,31680,31710,30
12.98886013,80.25588989,31841,31861,20
12.98978043,80.25592041,31892,31908,16
12.9987402,80.2559967,32062,32082,20
13.00658989,80.25205994,32375,32405,30
13.00658035,80.24649811,32537,32557,20
13.01548958,80.22502899,33053,33073,20
13.02575016,80.23036194,33295,33315,20
13.03052044,80.23071289,33487,33507,20
13.03462982,80.23029327,33588,33618,30
13.03094006,80.23072815,34829,34849,20
13.02999973,80.23090363,34880,34900,20
13.02768993,80.23274231,34971,34991,20
13.02315998,80.22736359,35183,35203,20
13.01990032,80.22477722,35253,35274,21
13.00833035,80.23317719,35497,35517,20
13.00691032,80.2494278,35780,35800,20
13.00667953,80.25473022,35881,35901,20
13.00331974,80.2568512,36051,36071,20
12.99837971,80.25601959,36202,36222,20
12.99699974,80.2559967,36273,36289,16
12.98894024,80.25598145,36422,36452,30
12.98641968,80.25559998,36523,36539,16
12.95946026,80.24475098,36975,36996,21
12.95670033,80.24375916,37056,37086,30
12.91882992,80.2300415,37591,37607,16
12.88477039,80.22676086,38155,38172,17
12.86118031,80.22663879,38426,38442,16
12.7880497,80.22103119,39211,39232,21
12.78722954,80.22065735,39272,39292,20
12.78623009,80.22138214,39363,39393,30
12.82612038,80.23130035,41230,41250,20
12.83909988,80.22783661,41432,41462,30
12.84547997,80.22654724,41624,41644,20
12.84572983,80.22660065,41654,41674,20
12.90202999,80.22789764,42338,42362,24
12.94725037,80.2399292,42949,42965,16
12.98556042,80.25193787,43523,43539,16
12.9872303,80.25852203,43844,43864,20
12.98618031,80.25553131,55685,55705,20
12.9766798,80.25128174,55876,55894,18
12.96555996,80.24741364,56007,56028,21
12.96368027,80.2467804,56050,56070,20
12.93972015,80.23570251,56474,56494,20
12.93416023,80.23310089,56565,56581,16
12.89949036,80.22785187,57027,57047,20
12.88848019,80.2273407,57199,57215,16
12.84617996,80.22662354,57672,57687,15
12.83753967,80.22821808,57870,57886,16
12.83218956,80.22914124,57908,57929,21
12.80403996,80.22389221,58322,58342,20
12.78837967,80.22119904,58554,58575,21
12.78705978,80.22067261,58686,58706,20
12.78670979,80.22055817,58716,58736,20
12.78639984,80.22042084,58736,58756,20
12.78616047,80.22107697,61231,61251,20
12.78672028,80.22058868,61372,61392,20
12.80556965,80.22418976,61695,61711,16
12.84550953,80.22660065,62228,62248,20
12.85013008,80.22653961,62319,62339,20
12.87623978,80.22692108,62662,62692,30
12.87623978,80.22692108,62692,62708,16
12.90715981,80.22827911,63215,63232,17
12.91399956,80.22933197,63294,63314,20
12.91926003,80.23001862,63385,63405,20
12.94036007,80.23592377,63708,63724,16
12.95637035,80.24336243,64019,64049,30
12.9588604,80.24446869,64090,64110,20
12.96273994,80.24629974,64170,64187,17
12.96664047,80.24790192,64239,64259,20
12.97861004,80.25241089,64421,64441,20
12.98799992,80.25192261,64582,64598,16
12.98871994,80.25595093,64711,64732,21
12.99118996,80.256073,64792,64811,19
12.99855995,80.25595093,65287,65307,20
13.00125027,80.25650024,65388,65404,16
13.00236034,80.25670624,65416,65446,30
13.00492001,80.25714874,65517,65547,30
13.00644016,80.25296021,65679,65709,30
13.00656986,80.25274658,65719,65749,30
13.00658035,80.24989319,65800,65820,20
13.00658035,80.24111938,66012,66032,20
13.00726986,80.23745728,66092,66113,21
13.0073204,80.23700714,66123,66143,20
13.02495003,80.2293396,66678,66698,20
13.02503967,80.22940826,66708,66725,17
13.03213978,80.2305603,68955,68975,20
13.03190994,80.23059845,68975,68995,20
13.02742004,80.23287964,69278,69298,20
13.02334023,80.2276001,69469,69490,21
13.00720024,80.2387619,69934,69954,20
13.00671959,80.24593353,70247,70277,30
13.00685978,80.25086975,70378,70408,30
13.00662994,80.25675964,70530,70560,30
13.00461006,80.25714874,70631,70651,20
13.00393963,80.2569809,70711,70731,20
13.00273037,80.25675964,70772,70792,20
12.98626041,80.25553894,71578,71608,30
12.97854042,80.25254822,71790,71810,20
12.97233009,80.25007629,71901,71917,16
12.95646,80.24365997,72181,72198,17
12.93924046,80.23549652,72533,72549,16
12.91924,80.23010254,72783,72803,20
12.90124989,80.22802734,73106,73136,30
12.89982033,80.2278595,73177,73193,16
12.89276028,80.22749329,73276,73296,20
12.88860035,80.22740173,73356,73377,21
12.8726902,80.22673798,73619,73635,16
12.84521961,80.22653961,73910,73930,20
12.80951977,80.2274704,74374,74390,16
12.78623009,80.22080994,76583,76603,20
12.78637981,80.22033691,76644,76664,20
12.80547047,80.22409058,76957,76977,20
12.83115959,80.22930908,77310,77330,20
12.84547997,80.22653961,77502,77532,30
12.8608799,80.22653198,77724,77744,20
12.87674046,80.22686005,77906,77926,20
12.9046402,80.22812653,78239,78255,16
12.91388035,80.22928619,78449,78469,20
12.98771954,80.25514221,79557,79578,21
12.99497986,80.255867,79739,79759,20
12.99726009,80.25588226,79891,79911,20
13.00652027,80.25686646,80123,80139,16
13.00658035,80.24817657,80374,80394,20
13.02816963,80.23095703,81091,81111,20
13.03019047,80.23081207,81152,81168,16
13.03448009,80.2303009,81210,81230,20
13.03413963,80.23036194,81735,81755,20
13.03402042,80.23047638,81755,81776,21
13.02766991,80.23133087,81927,81947,20
13.02684021,80.23288727,81988,82018,30
13.02653027,80.23303986,82028,82048,20
13.02330017,80.22753906,82149,82169,20
13.01570988,80.22573853,82290,82307,17
12.99748039,80.25595093,82975,82991,16
12.98618031,80.25553894,83257,83277,20
12.97879028,80.25263214,83509,83539,30
12.96597958,80.24771881,83921,83941,20
12.96510983,80.24742126,84002,84022,20
12.95915031,80.24471283,84143,84163,20
12.9514904,80.24160767,84335,84365,30
12.94696045,80.2399826,84426,84446,20
12.9432497,80.23708344,84517,84537,20
12.93920994,80.23555756,84597,84618,21
12.93371964,80.23291779,84698,84719,21
12.89334011,80.22762299,85294,85314,20
12.8886404,80.22743225,85374,85395,21
12.88475037,80.22673035,85445,85466,21
12.87633038,80.22698975,85546,85567,21
12.86112976,80.22663879,85728,85748,20
12.84782982,80.22660828,85869,85886,17
13.08160019,80.27570343,23013,23033,20
13.06851006,80.27191925,23255,23275,20
13.02336979,80.22753906,24054,24074,20
12.96529961,80.24739838,24912,24928,16
12.95652962,80.2435379,25031,25052,21
12.89976025,80.22792816,25627,25647,20
12.8870697,80.22720337,25748,25764,16
12.85480022,80.22653198,26039,26055,16
12.80440044,80.22393036,26482,26498,16
12.78966045,80.22167969,26621,26640,19
12.78466034,80.21964264,26743,26763,20
12.73937988,80.19403839,27177,27193,16
12.72704029,80.18836212,29539,29555,16
12.78668022,80.22049713,30234,30254,20
12.84547043,80.22648621,30954,30974,20
12.87281036,80.22657776,31206,31236,30
12.87751961,80.22679901,31307,31323,16
12.90289974,80.22795105,31599,31615,16
12.91386032,80.22921753,31738,31759,21
12.96646023,80.24772644,32516,32536,20
13.02266026,80.22669983,33739,33755,16
13.02408028,80.22807312,33787,33808,21
13.02947044,80.23709869,34055,34078,23
13.06068993,80.26127625,34820,34850,30
13.06167984,80.26260376,34880,34900,20
13.06832027,80.26934814,35052,35070,18
13.08125019,80.27510834,35577,35607,30
13.08199978,80.27528381,35638,35668,30
13.08152962,80.27552795,37171,37201,30
13.07190037,80.27469635,37403,37433,30
13.07071018,80.27423096,37463,37484,21
13.06696987,80.27010345,37635,37651,16
13.06544971,80.26766968,37672,37694,22
13.05650043,80.25736237,37967,37988,21
13.02670002,80.23343658,38735,38765,30
13.00825977,80.2335434,39220,39240,20
13.00662994,80.24726105,39482,39502,20
12.93984032,80.23586273,40714,40744,30
12.93220043,80.23233032,40876,40892,16
12.89927006,80.22795868,41318,41348,30
12.88535976,80.22686005,41479,41500,21
12.88521957,80.2268219,41510,41526,16
12.84547997,80.22666168,41881,41902,21
12.83255959,80.2290802,42043,42073,30
12.81301022,80.22885132,42255,42273,18
12.78464031,80.2197113,42629,42649,20
12.73013973,80.18904114,43315,43336,21
12.72226048,80.18753815,43467,43497,30
12.72976971,80.18894958,46254,46274,20
12.76049995,80.20915222,46608,46624,16
12.78598022,80.2202301,46858,46878,20
12.83508015,80.22849274,47494,47510,16
12.85017967,80.22644043,47725,47745,20
12.89229965,80.22730255,48199,48229,30
12.89949989,80.2277298,48300,48320,20
12.90554047,80.22799683,48460,48480,20
12.91394043,80.22917938,48591,48611,20
12.92621994,80.23085022,48732,48749,17
12.93562031,80.23358154,48893,48916,23
12.95108032,80.2412796,49130,49150,20
13.00644016,80.24646759,50150,50170,20
13.0065403,80.24308014,50241,50257,16
13.01134014,80.22316742,50482,50512,30
13.01315975,80.22283936,50572,50589,17
13.02245045,80.2265625,50732,50752,20
13.02655029,80.23278809,50924,50940,16
13.03087044,80.23912811,51013,51033,20
13.03571987,80.24610138,51144,51164,20
13.04545975,80.2482605,51336,51352,16
13.06637001,80.26831055,51859,51879,20
13.08216953,80.27825165,53403,53423,20
13.08160973,80.27603912,53464,53494,30
13.06492996,80.26753235,53928,53948,20
13.0635004,80.2673111,54009,54029,20
13.06110001,80.26516724,54090,54106,16
13.05879974,80.26540375,54179,54208,29
13.02668953,80.23342133,54987,55007,20
13.02336979,80.2276001,55118,55148,30
13.01986027,80.22470093,55219,55239,20
12.96529961,80.24745178,56188,56208,20
12.96422958,80.24701691,56229,56245,16
12.93375015,80.23291779,56762,56782,20
12.89264011,80.22750092,57305,57335,30
12.88488007,80.22679138,57416,57436,20
12.87644005,80.22702789,57497,57527,30
12.81383038,80.22910309,58123,58139,16
12.78796959,80.22104645,58475,58495,20
12.78785038,80.2210083,58505,58525,20
12.78771973,80.22094727,58535,58551,16
12.78695965,80.22068024,58614,58634,20
12.78619003,80.22151184,59737,59757,20
12.79304028,80.22244263,59979,59996,17
12.79633999,80.22293854,60008,60027,19
12.80543995,80.22412109,60179,60200,21
12.83942986,80.22762299,60634,60664,30
12.84008026,80.22743988,60684,60700,16
12.84533978,80.22653961,60723,60743,20
12.87283993,80.22666168,60976,60996,20
12.87658978,80.22693634,61047,61067,20
12.89280033,80.22737122,61249,61265,16
12.93363953,80.23274994,61721,61742,21
12.9665699,80.24784088,62307,62327,20
13.00662041,80.24324799,62953,62969,16
13.00772953,80.23526764,63062,63082,20
13.02250957,80.22660828,63416,63446,30
13.02429008,80.22840118,63477,63497,20
13.03075981,80.2390213,63689,63719,30
13.03565979,80.24611664,63921,63941,20
13.0389204,80.24680328,64012,64032,20
13.06064034,80.26119995,64456,64476,20
13.06826973,80.26991272,64739,64755,16
13.07094955,80.27404785,64828,64848,20
13.08216,80.2783432,65959,65989,30
13.08152008,80.27548218,66030,66050,20
13.07390022,80.27644348,66181,66211,30
13.0589304,80.26544952,66686,66706,20
13.0589304,80.26544952,66706,66723,17
13.05681038,80.25895691,66866,66886,20
13.03557968,80.24617004,67351,67371,20
13.03516006,80.24597168,67381,67401,20
13.03201008,80.24215698,67462,67482,20
13.00823975,80.23342896,68297,68327,30
13.00671959,80.24310303,68529,68549,20
12.96520042,80.24743652,69376,69396,20
12.9517498,80.24167633,69638,69658,20
12.93424034,80.23313141,69891,69907,16
12.89949036,80.22792053,70345,70365,20
12.8940897,80.22762299,70436,70462,26
12.87092972,80.22662354,70879,70895,16
12.84539032,80.22662354,71089,71110,21
12.83353043,80.22888947,71251,71267,16
12.83195972,80.22924805,71289,71310,21
12.78691959,80.22068024,71865,71895,30
12.78616047,80.22125244,74936,74956,20
12.80249023,80.22366333,75309,75325,16
12.80552959,80.22409821,75348,75369,21
12.83106041,80.22933197,75631,75652,21
12.84193993,80.22702026,75864,75880,16
12.98118973,80.25267029,77588,77604,16
13.03174019,80.24150848,78646,78665,19
13.07598019,80.27626038,79587,79603,16
13.07598019,80.27559662,80122,80152,30
13.09881973,80.24173737,20276,20296,20
13.09996033,80.21443939,21708,21728,20
13.09562016,80.22177124,21899,21914,15
13.07584,80.23406219,22338,22354,16
13.06665993,80.24786377,22729,22745,16
13.04524994,80.2326889,23312,23332,20
13.03302002,80.2305069,23564,23580,16
13.01819038,80.2246933,23895,23911,16
13.00693035,80.24014282,24165,24195,30
13.00666046,80.25498962,24387,24407,20
13.00671959,80.2572937,24447,24463,16
12.99604034,80.26766968,24808,24828,20
12.99571991,80.2674408,25090,25110,20
12.99627972,80.2621994,25201,25221,20
13.00669003,80.25179291,25594,25615,21
13.00741005,80.23686981,25877,25893,16
13.03495026,80.23049164,26540,26556,16
13.04487991,80.24034119,26871,26887,16
13.06634998,80.24337769,27283,27299,16
13.08036041,80.23348236,27674,27694,20
13.08889961,80.23052979,27977,27997,20
13.10025978,80.21450043,28380,28400,20
13.10054016,80.21463776,29973,29993,20
13.09883976,80.24169922,30507,30524,17
13.09825993,80.24073792,30799,30819,20
13.09844971,80.24051666,32422,32452,30
13.09881973,80.24182892,32795,32815,20
13.09856033,80.23362732,33107,33123,16
13.09869957,80.21405029,34577,34597,20
13.09127045,80.2276001,34849,34869,20
13.08882046,80.23097992,34940,34960,20
13.08543015,80.23423767,35131,35147,16
13.08378029,80.23387146,35170,35190,20
13.07653999,80.23719788,35452,35472,20
13.07668972,80.23789215,35492,35512,20
13.06931973,80.24330139,35946,35966,20
13.05914021,80.24250793,36420,36440,20
13.05570984,80.24227905,36601,36631,30
13.03532982,80.23036957,37236,37266,30
13.03345966,80.23045349,37317,37337,20
13.03258038,80.2305603,37357,37377,20
13.0320797,80.23062134,37407,37428,21
13.00737,80.23680878,39563,39583,20
13.01984978,80.22463226,39936,39952,16
13.02194977,80.22614288,39974,39994,20
13.02595043,80.23091888,40096,40116,20
13.02987957,80.23074341,40207,40237,30
13.03369045,80.23046875,40348,40368,20
13.03423977,80.23040009,40388,40408,20
13.05397034,80.24220276,41154,41174,20
13.06838036,80.24263,41507,41533,26
13.06991959,80.24211884,41565,41586,21
13.07637978,80.23751068,41777,41807,30
13.07664013,80.23371887,41928,41949,21
13.08391953,80.2338562,42180,42196,16
13.09840965,80.21408844,42604,42624,20
13.09119987,80.2276001,43612,43632,20
13.08880997,80.23088837,43703,43723,20
13.08831978,80.23226166,43753,43769,16
13.0843401,80.23401642,43863,43893,30
13.08380985,80.23391724,43903,43923,20
13.08248043,80.23371887,43964,43983,19
13.07610035,80.23387146,44105,44134,29
13.07627964,80.23635101,44175,44195,20
13.06925011,80.24330902,44720,44740,20
13.05957985,80.24263763,45195,45216,21
13.05370045,80.24223328,45417,45437,20
13.05200005,80.24088287,45518,45538,20
13.05130959,80.24064636,45548,45568,20
13.04703999,80.23548126,45760,45776,16
13.0451498,80.23265076,45849,45879,30
13.03598976,80.2305069,46020,46050,30
13.03372002,80.23046875,46260,46290,30
13.02398014,80.22825623,46647,46667,20
13.01397991,80.2264328,46838,46859,21
13.00685978,80.24067688,47111,47131,20
13.00683975,80.24945068,47242,47262,20
13.00660038,80.25479889,47362,47379,17
12.99610043,80.26760864,48027,48047,20
12.99567032,80.26738739,48724,48744,20
12.99853992,80.25588989,49178,49198,20
13.00477982,80.25708771,49430,49450,20
13.00621033,80.25737,49490,49511,21
13.0067997,80.25205994,49833,49853,20
13.0065403,80.246521,50035,50065,30
13.00737953,80.23674011,50236,50266,30
13.03528023,80.23893738,51355,51371,16
13.04389954,80.24093628,51577,51607,30
13.06237984,80.24333954,52182,52202,20
13.07639027,80.23712921,52676,52692,16
13.08405972,80.23394012,53067,53087,20
13.08882999,80.2305603,53198,53218,20
13.09140015,80.22722626,53278,53299,21
13.09282017,80.22579956,53339,53355,16
13.09636021,80.21920013,53478,53508,30
13.09115982,80.22766113,54536,54557,21
13.08514023,80.23423767,54748,54764,16
13.08242989,80.23370361,54826,54847,21
13.07651043,80.23737335,55018,55038,20
13.07664013,80.23783112,55049,55065,16
13.05368042,80.24223328,56044,56065,21
13.04701996,80.23570251,56337,56353,16
13.02000046,80.224823,57102,57122,20
13.00788021,80.23513031,57394,57410,16
13.00669956,80.2452774,57543,57564,21
13.00683022,80.24949646,57634,57664,30
13.00646973,80.25444794,58975,58995,20
13.00646973,80.2539978,59015,59035,20
13.00646973,80.25302124,59076,59106,30
13.00656033,80.24761963,59318,59348,30
13.00734043,80.23683929,59611,59631,20
13.0155201,80.22499847,59944,59964,20
13.02429962,80.22840118,60175,60196,21
13.02597046,80.2309494,60246,60266,20
13.03437996,80.2303772,60508,60528,20
13.04014969,80.23989105,60851,60867,16
13.05216026,80.24079132,61121,61151,30
13.06243038,80.24331665,61423,61444,21
13.06513023,80.24356079,61514,61534,20
13.06597996,80.24349976,61565,61581,16
13.0690403,80.24237061,61623,61653,30
13.10007954,80.2144928,62713,62743,30
13.0836401,80.23390198,64205,64225,20
13.07717037,80.24046326,64497,64517,20
13.07723045,80.25193787,64860,64890,30
13.07616997,80.25209808,64951,64971,20
13.06750965,80.24794006,65344,65360,16
13.06243992,80.24503326,65486,65509,23
13.05206013,80.24098969,65887,65908,21
13.05195999,80.24079895,65918,65948,30
13.04697037,80.23593903,66160,66180,20
13.04734039,80.23342133,66230,66250,20
13.03349972,80.23055267,66966,66986,20
13.02493954,80.22949219,67460,67480,20
13.02353001,80.22783661,67561,67581,20
13.01436043,80.22631836,67752,67773,21
13.00664043,80.25495911,68419,68449,30
12.99683952,80.25701904,68923,68953,30
12.99631977,80.26194,69084,69100,16
12.99921989,80.26712036,69435,69451,16
12.99862003,80.25605774,70714,70734,20
12.99905014,80.25617218,70755,70785,30
13.00646973,80.25338745,71148,71168,20
13.00646973,80.25338745,71168,71184,16
13.00734997,80.23687744,71661,71691,30
13.02196026,80.22625732,72125,72145,20
13.02984047,80.23079681,72387,72417,30
13.03450966,80.23042297,72586,72607,21
13.04644966,80.23961639,73121,73141,20
13.05397987,80.2423172,73292,73312,20
13.06554031,80.24356842,73635,73655,20
13.08215046,80.23232269,74159,74175,16
13.08397961,80.23399353,74258,74278,20
13.08880997,80.23059845,74399,74419,20
13.09329033,80.2253418,74560,74577,17
13.09825993,80.2143631,74780,74810,30
13.0543499,80.24243927,76837,76853,16
13.0453701,80.23278046,77228,77248,20
13.04158974,80.23226929,77309,77325,16
13.03337955,80.23049927,77488,77508,20
13.01546001,80.22580719,78032,78049,17
13.01428986,80.22631073,78049,78071,22
13.00821972,80.23355103,78202,78222,20
12.99755955,80.25598907,79029,79049,20
13.00018024,80.26576996,79422,79452,30
12.99559975,80.26748657,80763,80783,20
13.00415039,80.2569809,81269,81285,16
13.00734043,80.23683929,81630,81650,20
13.01130009,80.22325134,81801,81821,20
13.03489971,80.23034668,82265,82281,16
13.09562969,80.22135925,83665,83681,16
13.09646034,80.21907806,83701,83723,22
13.07664967,80.27628326,23347,23363,16
13.06546021,80.26763153,23538,23558,20
13.04432964,80.24797058,23941,23958,17
13.03540039,80.24607086,24050,24071,21
12.98845959,80.25122833,24929,24959,30
12.98845959,80.25122833,24959,24975,16
12.94946003,80.24095917,25482,25502,20
12.87238979,80.22667694,26481,26497,16
12.84473991,80.22666931,26752,26768,16
12.83971024,80.22769928,26799,26820,21
12.79951954,80.22341919,27225,27241,16
12.78623009,80.22058105,28525,28546,21
12.78670025,80.22048187,28576,28606,30
12.81842041,80.23020172,29000,29016,16
12.84543037,80.22653961,29399,29420,21
12.84566021,80.22653198,29420,29440,20
12.87677002,80.22686005,29783,29803,20
12.89235973,80.2273407,29965,29985,20
12.8976202,80.22769928,30046,30062,16
12.90310955,80.22795868,30124,30144,20
12.90651989,80.22821808,30195,30215,20
12.90703964,80.2282486,30225,30245,20
12.93957043,80.23554993,30621,30641,20
12.95108032,80.24131775,30863,30883,20
12.96323967,80.24658203,31136,31152,16
12.97844028,80.2522583,31336,31356,20
12.97957039,80.25258636,31386,31415,29
13.02235031,80.22647095,32327,32347,20
13.02476025,80.22910309,32428,32444,16
13.02595997,80.23065948,32476,32496,20
13.0297699,80.23753357,32648,32664,16
13.0618,80.26284027,33492,33512,20
13.0604496,80.26544189,35370,35390,20
13.02624989,80.23226166,36289,36305,16
13.00669956,80.24656677,36862,36882,20
12.96527004,80.24739838,37449,37469,20
12.96522045,80.24742889,37479,37495,16
12.9594698,80.24481964,37567,37589,22
12.89914036,80.22785187,38578,38598,20
12.84858036,80.22659302,39174,39194,20
12.83255005,80.22904968,39416,39442,26
12.80669975,80.22518921,39717,39733,16
12.79316044,80.22248077,39927,39943,16
12.78713989,80.22073364,40127,40147,20
12.78621006,80.22148895,43539,43559,20
12.78649998,80.22042084,43691,43711,20
12.78662014,80.22039032,43711,43731,20
12.79634953,80.22296143,43852,43882,30
12.80372047,80.22389984,43963,43993,30
12.84364033,80.22669983,44498,44514,16
12.93371964,80.23280334,45749,45769,20
12.96693993,80.2480011,46455,46475,20
12.96753025,80.2482605,46486,46506,20
13.00660038,80.24329376,47091,47107,16
13.02245998,80.22657013,47574,47594,20
13.02449989,80.22875214,47654,47671,17
13.02571011,80.23059082,47671,47693,22
13.02966976,80.23725128,47804,47824,20
13.03579998,80.24624634,48046,48066,20
13.06070042,80.26119995,48672,48692,20
13.06816959,80.27142334,49045,49066,21
13.07116032,80.27407074,49156,49177,21
13.08043957,80.27436066,49883,49903,20
13.07637978,80.27626801,49934,49950,16
13.07586956,80.27604675,51183,51204,21
13.08187008,80.27526093,51365,51395,30
13.0664196,80.26866913,52092,52108,16
13.06556988,80.26763153,52130,52160,30
13.05743027,80.26075745,52434,52450,16
13.03518963,80.24597931,52896,52916,20
13.02394962,80.22820282,53330,53350,20
13.02326965,80.22741699,53380,53401,21
13.00829983,80.23293304,53663,53679,16
12.96895981,80.24893951,54388,54404,16
12.96366978,80.24681854,54477,54507,30
12.95676994,80.24363708,54608,54628,20
12.9493103,80.24089813,54815,54845,30
12.90137959,80.22801971,55461,55481,20
12.90089035,80.2279129,55501,55517,16
12.89949036,80.2278595,55530,55560,30
12.78682041,80.22058105,56863,56883,20
12.7864399,80.22041321,56903,56920,17
12.78462982,80.21958923,56952,56982,30
12.73001957,80.18895721,57527,57547,20
12.7249403,80.18798065,57618,57638,20
12.78166962,80.21790314,60121,60137,16
12.78586006,80.2201767,60160,60179,19
12.78649044,80.22045898,60251,60271,20
12.80560017,80.22419739,60523,60539,16
12.83428001,80.2286911,60794,60810,16
12.83911037,80.22776031,60831,60852,21
12.83932018,80.22767639,60852,60882,30
12.84541988,80.2265625,60943,60963,20
12.85060024,80.2265625,61024,61040,16
12.87677956,80.22688293,61274,61294,20
12.87695026,80.22686768,61304,61321,17
12.90478039,80.22810364,61666,61684,18
12.94927979,80.24092865,62302,62322,20
12.96296978,80.24643707,62574,62594,20
12.97492027,80.25074768,62776,62792,16
13.00739956,80.23699188,63501,63521,20
13.01084042,80.22466278,63703,63723,20
13.0197401,80.22451782,63925,63945,20
13.02431965,80.2284317,64066,64086,20
13.02542019,80.2299881,64127,64143,16
13.0259304,80.23105621,64143,64165,22
13.03518963,80.2460022,64458,64478,20
13.03557014,80.24611664,64488,64508,20
13.0664196,80.26830292,65306,65336,30
13.06814003,80.27057648,65416,65437,21
13.07102013,80.27411652,65518,65548,30
13.07256031,80.27529907,65578,65595,17
13.08071995,80.2750473,65809,65829,20
13.0824604,80.27866364,66768,66798,30
13.08152962,80.27574158,66879,66909,30
13.05646038,80.25727844,67696,67716,20
13.04726982,80.24868774,67888,67908,20
13.03604031,80.24629974,68161,68181,20
13.02725029,80.23430634,68504,68524,20
13.02328014,80.22750854,68686,68706,20
13.02289963,80.22708893,68726,68742,16
13.02052975,80.22512817,68784,68804,20
13.01457977,80.22609711,68916,68936,20
13.00669956,80.24198914,69320,69340,20
13.00660992,80.24513245,69441,69461,20
12.9802103,80.25274658,69986,70016,30
12.96516991,80.2473526,70248,70268,20
12.95635033,80.24362946,70480,70501,21
12.93395996,80.23303986,70844,70874,30
12.92881966,80.23133087,70925,70945,20
12.87220001,80.2266922,71732,71748,16
12.84727955,80.22660065,71993,72009,16
12.83224964,80.22911835,72183,72204,21
12.78800011,80.22106171,72718,72739,21
12.7863903,80.22041321,76173,76193,20
12.83133984,80.22923279,76779,76795,16
12.83946991,80.22767639,76879,76909,30
12.85006046,80.22651672,77040,77061,21
12.87763977,80.22682953,77353,77370,17
12.88512039,80.22667694,77412,77432,20
12.89029026,80.22731018,77493,77511,18
12.93974018,80.23568726,78139,78155,16
13.0065403,80.24131775,79297,79313,16
13.0756197,80.27628326,80890,80910,20
13.07594013,80.27632141,81586,81606,20
13.02618027,80.26602173,1904,1934,30
13.02610016,80.26603699,8384,8414,30
13.02630043,80.26538849,8434,8464,30
13.02462006,80.26489258,8555,8575,20
13.02591038,80.26647949,8575,8596,21
13.02612019,80.26609802,8697,8727,30
13.02595997,80.26618958,8727,8757,30
13.02616978,80.26600647,8980,8999,19
13.02626038,80.26599884,9021,9051,30
13.02593994,80.26603699,9102,9122,20
13.02577972,80.26629639,9122,9142,20
13.02595043,80.26612091,9142,9172,30
13.0260601,80.26608276,9243,9263,20
13.02622986,80.26605988,18752,18772,20
13.02466011,80.22891235,23529,23549,20
13.03308964,80.23049927,24629,24659,30
13.02692032,80.23296356,25225,25255,30
13.01854038,80.22460175,25477,25494,17
13.01453018,80.22618866,25557,25576,19
13.00885963,80.23021698,25719,25739,20
13.00685024,80.2407608,25881,25901,20
13.00675964,80.25727844,26143,26173,30
13.01403999,80.25914764,26284,26300,16
13.02025986,80.26261902,26393,26414,21
13.02834034,80.26377106,26626,26646,20
13.03351974,80.26779938,26797,26817,20
13.00671959,80.25788879,27441,27461,20
13.00660038,80.25473785,27512,27528,16
13.00671005,80.24836731,27622,27642,20
13.01126003,80.22371674,27955,27971,16
13.01982021,80.22457886,28133,28155,22
13.02433968,80.22837067,28256,28276,20
13.03417015,80.23033142,29876,29896,20
13.03357983,80.23043823,29906,29936,30
13.00687981,80.23899841,30762,30782,20
13.00687981,80.24967957,30974,30994,20
13.00681019,80.2513504,31024,31054,30
13.01642036,80.25968933,31307,31327,20
13.03349972,80.26777649,31991,32011,20
13.00642014,80.25765228,33595,33615,20
13.01031017,80.2256012,34423,34443,20
13.01389027,80.22341156,34565,34595,30
13.01566029,80.2244873,34595,34625,30
13.02108002,80.22553253,34735,34755,20
13.02198982,80.22611237,34755,34775,20
13.02464962,80.22873688,34866,34887,21
13.03386974,80.2303772,35157,35187,30
13.03493023,80.23014069,35247,35268,21
13.02717018,80.23113251,35773,35793,20
13.00683975,80.24964142,36802,36822,20
13.00786972,80.25891876,36984,37004,20
13.01646042,80.25974274,37095,37115,20
13.02023029,80.26261139,37216,37236,20
13.02299023,80.26387024,37286,37307,21
13.02950001,80.26407623,37539,37559,20
13.03330994,80.26779938,37710,37731,21
13.03357983,80.26782227,37854,37874,20
13.02633953,80.26573944,38619,38639,20
13.01906967,80.26264954,38831,38861,30
13.01373959,80.25911713,38962,38992,30
13.00714016,80.25875854,39093,39113,20
13.00666046,80.24842072,39315,39345,30
13.00654984,80.24160767,39496,39517,21
13.01051044,80.22531128,39759,39775,16
13.02589035,80.23081207,40262,40292,30
13.02842999,80.23091125,40362,40383,21
13.02925014,80.23081207,40463,40480,17
13.03367043,80.23043823,40593,40613,20
13.03450966,80.23001862,40663,40683,20
13.03417969,80.2301178,41511,41541,30
13.03359032,80.23043823,41571,41592,21
13.02684975,80.2329483,41824,41844,20
13.02600002,80.23169708,41874,41894,20
13.02460003,80.2290802,41935,41965,30
13.0239296,80.22824097,41985,42005,20
13.0239296,80.22824097,42005,42022,17
13.01317978,80.22669983,42256,42272,16
13.00673962,80.24019623,42486,42506,20
13.01642036,80.2596817,43021,43051,30
13.01642036,80.2596817,43051,43067,16
13.02204037,80.26334381,43202,43223,21
13.02513981,80.26502991,43273,43293,20
13.02651978,80.26399994,43353,43374,21
13.02838039,80.26381683,43435,43455,20
13.02935028,80.26403046,43475,43505,30
13.02993011,80.26650238,43596,43626,30
13.03020954,80.26699829,45101,45120,19
13.01881981,80.26236725,45353,45373,20
13.00895023,80.25919342,45544,45565,21
13.00889969,80.2590332,45565,45595,30
13.00708961,80.24301147,46340,46360,20
13.01945972,80.22438812,46824,46844,20
13.02198029,80.22618866,46895,46915,20
13.02688026,80.23104095,47056,47086,30
13.02727985,80.23287964,47984,48005,21
13.01500034,80.22596741,48398,48418,20
13.01432037,80.22625732,48439,48459,20
13.01432037,80.22625732,48459,48475,16
13.0081501,80.2335968,48588,48608,20
13.00685024,80.24069214,48770,48800,30
13.00664043,80.24584961,48871,48891,20
13.00677967,80.2494278,48941,48961,20
13.00765991,80.25862885,49133,49153,20
13.01640034,80.25965881,49274,49294,20
13.0229702,80.26389313,49456,49476,20
13.02655983,80.26557922,50788,50818,30
13.02647018,80.26540375,52243,52263,20
13.02917957,80.26406097,52374,52395,21
13.03316975,80.2677002,52960,52980,20
13.01381969,80.25924683,53454,53470,16
13.00656033,80.25328827,53765,53785,20
13.00652027,80.25222778,53904,53925,21
13.02180004,80.22599792,54689,54710,21
13.03437042,80.23001862,55366,55386,20
13.02719021,80.23282623,56498,56518,20
13.02396011,80.22821045,56629,56649,20
13.00815964,80.23365784,56962,56982,20
13.00689983,80.23995209,57093,57113,20
13.00683975,80.24072266,57124,57144,20
13.0067997,80.24958038,57265,57295,30
13.03439045,80.26798248,58224,58254,30
13.02523041,80.26531982,59091,59112,21
13.02206993,80.26342773,59172,59202,30
13.01601982,80.25965881,59324,59344,20
13.0072403,80.25887299,59475,59495,20
13.00656986,80.24671173,59856,59877,21
13.00736046,80.23693848,60109,60129,20
13.03312969,80.23046875,60896,60916,20
13.03374004,80.2305603,60956,60977,21
13.0343399,80.23011017,61360,61376,16
13.03431988,80.23007965,61376,61399,23
13.03427982,80.22989655,61772,61792,20
13.03435993,80.2301178,61883,61903,20
13.02686024,80.23290253,62438,62468,30
13.01949024,80.22460938,62640,62656,16
13.00813961,80.23381805,62840,62860,20
13.00691032,80.24069214,62951,62971,20
13.00667953,80.24334717,63013,63043,30
13.00951004,80.25836945,63445,63466,21
13.02186966,80.26287079,63607,63637,30
13.01603985,80.25968933,64614,64634,20
13.00650024,80.25330353,64876,64897,21
13.00776005,80.23522186,65540,65561,21
13.01922989,80.22425079,65833,65853,20
13.02200031,80.22618866,65904,65930,26
13.02686024,80.23117065,66206,66236,30
13.02785969,80.23101044,66368,66398,30
13.03040028,80.23074341,66581,66602,21
13.03487968,80.2302475,66814,66834,20
13.03417969,80.23020935,66905,66925,20
13.03083992,80.23098755,67077,67093,16
13.03083992,80.23078156,67093,67115,22
13.03071976,80.23078918,67115,67135,20
13.02725983,80.23288727,67277,67298,21
13.01420021,80.22625732,67651,67671,20
13.00825024,80.23343658,67752,67782,30
13.00704002,80.23934937,67883,67903,20
13.00704002,80.23937988,67903,67924,21
13.00769997,80.25869751,68519,68539,20
13.02655983,80.26403046,68983,68999,16
13.02923965,80.26605988,69102,69122,20
13.03003025,80.26673889,69173,69193,20
13.03143024,80.26709747,69213,69235,22
13.03199005,80.2673111,69256,69276,20
13.03337002,80.26795959,69326,69346,20
13.03264046,80.26766968,70043,70073,30
13.02976036,80.26660919,70124,70154,30
13.00648975,80.25331116,70939,70967,28
13.00660038,80.24784088,71210,71240,30
13.0074501,80.23677826,71573,71593,20
13.01350021,80.22276306,71804,71824,20
13.0152998,80.22499847,71844,71865,21
13.02431011,80.2285614,72066,72093,27
13.03044987,80.2307663,72377,72397,20
13.03318977,80.23059082,72448,72478,30
13.03417015,80.23040009,73667,73687,20
13.0335598,80.23039246,73768,73784,16
13.03009033,80.23085785,73816,73837,21
13.01327038,80.22673035,74362,74379,17
13.00722027,80.23806763,74542,74572,30
13.00695038,80.24019623,74603,74633,30
13.00650024,80.24356079,74724,74744,20
13.00675011,80.24974823,74805,74825,20
13.00679016,80.25087738,74845,74861,16
13.02280045,80.26384735,75207,75227,20
13.02451038,80.26473999,75257,75277,20
13.0297699,80.26670074,77051,77071,20
13.02857018,80.26635742,77132,77148,16
13.01144028,80.22395325,78352,78382,30
13.01418018,80.22383118,78423,78453,30
13.03050995,80.23065948,78744,78774,30
13.03431988,80.23049927,78835,78855,20
13.02694988,80.23313904,80298,80318,20
13.02398014,80.22830963,80459,80480,21
13.01653957,80.22540283,80621,80637,16
13.00765991,80.25868225,81093,81114,21
13.03472042,80.26804352,81719,81749,30
13.02645969,80.2661972,82516,82537,21
13.02497959,80.26792908,83516,83546,30
13.02608013,80.26638794,83606,83627,21
13.02844048,80.2662735,85050,85066,16
13.02649975,80.26602173,85159,85179,20
13.04675007,80.2663269,48,67,19
13.05453014,80.26423645,201,221,20
13.05788994,80.26423645,292,312,20
13.08197021,80.27549744,877,898,21
13.06521988,80.26763916,1981,2002,21
13.05675983,80.26467133,2183,2200,17
13.01858997,80.26132965,2798,2814,16
12.99763012,80.25596619,3058,3088,30
12.99695969,80.25592804,3109,3125,16
12.98785973,80.25592041,3238,3268,30
12.98824978,80.25578308,4045,4066,21
12.99236012,80.25604248,4147,4163,16
13.00835037,80.25892639,4377,4393,16
13.02614975,80.26583862,4688,4708,20
13.05206966,80.26384735,5153,5171,18
13.08565998,80.28359985,6105,6122,17
13.08187962,80.27758026,6861,6877,16
13.08156967,80.27554321,6889,6909,20
13.01877975,80.26161194,7930,7946,16
12.98738003,80.25861359,8423,8439,16
13.02202034,80.26335144,11309,11325,16
13.03409004,80.26796722,11479,11509,30
13.06406021,80.26531982,12075,12095,20
13.08205032,80.27559662,12500,12520,20
13.08178043,80.27675629,13522,13542,20
13.03896046,80.26763916,14633,14648,15
13.03417969,80.26792908,14689,14709,20
13.03258038,80.26748657,14739,14758,19
13.02750015,80.26609039,14811,14830,19
13.00868034,80.25921631,15094,15114,20
12.98808002,80.25585938,15377,15399,22
12.99903011,80.25605774,15954,15974,20
13.02927017,80.26425934,16471,16487,16
13.03404045,80.26793671,16611,16632,21
13.03670025,80.26766205,16681,16703,22
13.0472002,80.26629639,16945,16965,20
13.07598019,80.27626801,17682,17703,21
13.08207989,80.27581024,17996,18016,20
13.08827019,80.28362274,18420,18450,30
13.08178043,80.27664948,18622,18642,20
13.08156013,80.27536011,18793,18814,21
13.06529999,80.26763153,19208,19224,16
13.0542202,80.26425934,19408,19438,30
13.02530003,80.26529694,20277,20297,20
13.02182961,80.263237,20378,20394,16
13.03419018,80.23036194,22842,22862,20
13.00687027,80.24067688,23551,23571,20
13.00689983,80.24933624,23682,23698,16
13.00751972,80.25853729,23791,23811,20
13.01638031,80.2596283,23902,23923,21
13.02927017,80.26595306,24246,24262,16
13.03357029,80.26779938,24345,24365,20
13.03454018,80.26815033,24405,24425,20
13.01078033,80.224823,26514,26530,16
13.02231026,80.22644043,26765,26781,16
13.03357029,80.23047638,28919,28939,20
13.02984047,80.23082733,29000,29020,20
13.02719975,80.23291779,29121,29151,30
13.02719975,80.23291779,29151,29168,17
13.02398968,80.22827911,29241,29261,20
13.02266979,80.22689819,29302,29321,19
13.01461983,80.22618103,29404,29424,20
13.00823021,80.23364258,29555,29576,21
13.00689983,80.24069214,29717,29737,20
13.01268005,80.25907135,30161,30178,17
13.01638985,80.2596283,30200,30219,19
13.02140999,80.26304626,30331,30349,18
13.0229702,80.26383972,30361,30381,20
13.02927017,80.2660675,30614,30634,20
13.03458023,80.26798248,30796,30816,20
13.02478027,80.26496124,31553,31569,16
13.00646973,80.25665283,31966,31982,16
13.00646973,80.25318909,31994,32015,21
13.00666046,80.2406311,32368,32388,20
13.01521015,80.22473907,32732,32748,16
13.02198982,80.2261734,32851,32881,30
13.02583981,80.23053741,32972,33002,30
13.0284996,80.23090363,33063,33082,19
13.02929974,80.23078918,33103,33124,21
13.03489971,80.23018646,33245,33275,30
13.02970028,80.23084259,34033,34063,30
13.02396965,80.2282486,34255,34275,20
13.0204401,80.22512054,34335,34356,21
13.00687027,80.2510376,34901,34931,30
13.00771999,80.25865936,35052,35073,21
13.01646996,80.25971985,35174,35194,20
13.02149963,80.2631073,35305,35321,16
13.03376961,80.2678833,35677,35697,20
13.02519989,80.26531982,37573,37594,21
13.02208042,80.26341248,37654,37674,20
13.02027988,80.26300812,37705,37725,20
13.02027988,80.26300812,37725,37741,16
13.01603031,80.2596817,37804,37824,20
13.01449013,80.25930023,37854,37874,20
13.00734997,80.23710632,38452,38468,16
13.01511955,80.22470856,38724,38744,20
13.01945972,80.22437286,38835,38855,20
13.0218401,80.22609711,38926,38946,20
13.02579975,80.23052216,39067,39097,30
13.03098011,80.23066711,39360,39376,16
13.02458954,80.22902679,40912,40935,23
13.0197897,80.22476196,41027,41049,22
13.00687027,80.2496109,41555,41576,21
13.00687027,80.25782013,41717,41733,16
13.00767994,80.25858307,41733,41753,20
13.02760983,80.26352692,42200,42216,16
13.0302496,80.26679993,43127,43147,20
13.02519989,80.26535034,43329,43349,20
13.00658035,80.246521,44279,44299,20
13.0157299,80.22528839,44804,44820,16
13.02245998,80.22669983,44964,44985,21
13.02968025,80.2307663,45170,45190,20
13.03376007,80.2305069,45897,45917,20
13.02404022,80.22834778,46321,46341,20
13.02248001,80.22675323,46381,46398,17
13.01428986,80.2263031,46501,46521,20
13.01428986,80.2263031,46521,46539,18
13.00681973,80.2494812,46885,46906,21
13.00654984,80.25691986,47037,47057,20
13.00769997,80.25862885,47097,47118,21
13.0163002,80.25959778,47209,47238,29
13.02015018,80.26255035,47329,47349,20
13.02293015,80.26377106,47420,47440,20
13.02457047,80.26480865,47480,47496,16
13.0272398,80.26348114,47609,47629,20
13.02886963,80.26390076,47671,47701,30
13.03349972,80.26780701,47854,47874,20
13.03450966,80.2681427,47925,47945,20
13.02653027,80.26551819,51300,51330,30
13.02530956,80.26535797,52421,52442,21
13.01819038,80.26096344,52593,52609,16
13.01603031,80.25964355,52621,52641,20
13.00646973,80.25604248,52864,52880,16
13.00652027,80.25449371,52892,52912,20
13.00662041,80.25198364,53155,53171,16
13.00660992,80.24462891,53284,53302,18
13.00662994,80.24091339,53365,53385,20
13.02585983,80.2305603,53960,53981,21
13.02585983,80.2305603,53981,53997,16
13.0297699,80.23079681,54625,54645,20
13.02087975,80.22540283,54958,54974,16
13.01428032,80.22624207,55069,55090,21
13.00687027,80.24004364,55427,55457,30
13.00681973,80.24951935,55599,55619,20
13.00675964,80.25054169,55649,55668,19
13.01636028,80.2596283,55892,55913,21
13.02015972,80.26261902,55973,55993,20
13.02299023,80.26383972,56044,56064,20
13.02299023,80.26383972,56064,56080,16
13.03433037,80.26805878,56506,56523,17
13.02523041,80.26531982,57595,57625,30
13.02215958,80.26348114,57686,57716,30
13.02054024,80.26302338,57757,57777,20
13.01597023,80.25965118,57878,57908,30
13.0097599,80.25924683,57979,57999,20
13.00648022,80.25321198,58292,58312,20
13.00662994,80.24517822,58544,58561,17
13.00734043,80.23708344,58715,58745,30
13.01537991,80.22489929,59008,59028,20
13.02190971,80.22612,59119,59139,20
13.02328014,80.22740173,59170,59186,16
13.03013992,80.23078918,59421,59441,20
13.03347015,80.23052979,60805,60825,20
13.02984047,80.23084259,60906,60922,16
13.01428032,80.2263031,61378,61398,20
13.00726032,80.2383728,61600,61617,17
13.00673008,80.24323273,61800,61821,21
13.00689983,80.24967194,61943,61963,20
13.02303028,80.26389313,62418,62438,20
13.02649975,80.26403809,62579,62599,20
13.02923012,80.2662735,62761,62791,30
13.03252029,80.26747894,62862,62882,20
13.03448009,80.26799774,62993,63013,20
13.02976036,80.26663208,63528,63549,21
13.02908993,80.26641083,63569,63585,16
13.02530003,80.26537323,63688,63709,21
13.02206039,80.2634201,63790,63820,30
13.02206039,80.2634201,63820,63837,17
13.00718975,80.25875092,64203,64223,20
13.00648975,80.2532196,64435,64455,20
13.00664997,80.24056244,65001,65021,20
13.00737,80.23690033,65072,65092,20
13.02194977,80.22614288,65536,65556,20
13.02573967,80.2304306,65728,65744,16
13.02616978,80.2313385,65797,65817,20
13.02795982,80.2309494,65938,65958,20
13.03092003,80.23068237,66964,66985,21
13.02455997,80.22902679,67449,67469,20
13.0239296,80.22827911,67489,67516,27
13.01414013,80.22631073,67720,67740,20
13.00825024,80.23335266,67861,67880,19
13.00683975,80.24069977,68093,68114,21
13.00664997,80.25686646,68457,68487,30
13.0163002,80.25962067,68659,68679,20
13.02828979,80.26378632,69033,69049,16
13.02917004,80.26621246,69101,69121,20
13.03114986,80.26686096,69192,69211,19
13.03203964,80.26725769,69253,69273,20
13.03345966,80.26782227,69324,69344,20
13.03264046,80.26760101,70586,70606,20
13.02527046,80.26538086,70778,70798,20
13.01603985,80.25966644,71000,71020,20
13.00734997,80.23699188,72000,72020,20
13.02194023,80.2261734,72394,72414,20
13.02431011,80.22846222,72455,72485,30
13.02598,80.23129272,72535,72564,29
13.02929974,80.23082733,72634,72654,20
13.03057957,80.23071289,72715,72745,30
13.03499985,80.23011017,72887,72907,20
13.03411007,80.23033142,73018,73048,30
13.03347969,80.23047638,73069,73089,20
13.03102016,80.23069,73129,73159,30
13.02952003,80.23085022,73220,73236,16
13.02598,80.23156738,73359,73380,21
13.00681973,80.24066162,73885,73905,20
13.02921963,80.26625824,74844,74864,20
13.02919006,80.26641846,74864,74885,21
13.02210999,80.26345825,76248,76268,20
13.00667953,80.24884033,76876,76896,20
13.01531982,80.22493744,77485,77501,16
13.02198029,80.22621155,77594,77615,21
13.02842045,80.23091888,77736,77764,28
13.0345602,80.23033905,77875,77895,20
13.03367996,80.23049927,78307,78328,21
13.00667953,80.25746155,79328,79344,16
13.02805996,80.26376343,79740,79756,16
13.02645969,80.26634216,83587,83617,30
13.01420021,80.22622681,20972,20992,20
13.02443981,80.22846222,21305,21321,16
13.01441002,80.22624207,21667,21683,16
13.00841045,80.21346283,21917,21947,30
13.00804996,80.21327972,21958,21978,20
12.99919987,80.21473694,22129,22149,20
12.99736023,80.21640778,22190,22206,16
12.91882038,80.17884827,23482,23498,16
12.92247009,80.14324188,23876,23896,20
12.92035961,80.18386078,26109,26129,20
12.93404007,80.20388031,26604,26624,20
12.95913982,80.2141571,26967,26983,16
12.9711504,80.21894073,27086,27107,21
12.97618008,80.22119141,27258,27278,20
12.99505997,80.21698761,27682,27699,17
12.99738026,80.21627808,27721,27741,20
13.02602959,80.23117828,28337,28357,20
13.03477955,80.23029327,28509,28529,20
13.03493977,80.23021698,28539,28559,20
13.03514004,80.22987366,28580,28600,20
13.02989006,80.23079681,29832,29848,16
13.01436043,80.22625732,30234,30254,20
13.00971031,80.22789764,30315,30331,16
13.00804043,80.21325684,30586,30606,20
13.00387955,80.21209717,30697,30727,30
12.99748039,80.21623993,30909,30929,20
12.99079037,80.22019196,31040,31060,20
12.98939991,80.22154999,31101,31117,16
12.94114017,80.20606995,31836,31856,20
12.93912983,80.2053833,31897,31913,16
12.93373013,80.20393372,31965,31986,21
12.92422009,80.19750977,32208,32224,16
12.91716003,80.19425201,32327,32347,20
12.91701031,80.19364166,32367,32391,24
12.91833973,80.17665863,32616,32636,20
12.92335987,80.15492249,32929,32945,16
12.92343998,80.11694336,33605,33635,30
12.92306995,80.12541962,35202,35222,20
12.92029953,80.18385315,36141,36157,16
12.91720963,80.19309998,36321,36341,20
13.01543999,80.22485352,38495,38515,20
13.01698017,80.2250824,38545,38561,16
13.02390003,80.22783661,38717,38740,23
13.02563953,80.2301712,38773,38793,20
13.02958012,80.2307663,39005,39021,16
13.0336504,80.23049927,39114,39134,20
13.03446007,80.23033905,39154,39175,21
13.03479004,80.23023987,39185,39205,20
13.03417015,80.23032379,39942,39962,20
13.02682018,80.23300934,40274,40304,30
13.0198698,80.22483826,40506,40526,20
13.01105976,80.22393799,40708,40724,16
12.97350025,80.21990204,45929,45958,29
13.03314972,80.23047638,47474,47494,20
13.03474998,80.23023987,47583,47603,20
12.96755028,80.21755981,57413,57429,16
12.97457981,80.22036743,57532,57552,20
12.97480965,80.22045135,57552,57582,30
12.99147034,80.21942902,57875,57895,20
13.03417969,80.23002625,60049,60079,30
13.03347015,80.23052979,60190,60206,16
13.03110981,80.23075104,60219,60249,30
13.02458954,80.22904968,60562,60592,30
13.02256966,80.22695923,60683,60703,20
13.01432991,80.2263031,60835,60855,20
13.01171017,80.21968079,61077,61093,16
13.00854969,80.21359253,61167,61187,20
13.00823975,80.21337891,61207,61228,21
12.99761963,80.21611786,61537,61557,20
12.97599983,80.22131348,62082,62112,30
12.97076035,80.21901703,62244,62260,16
12.94423962,80.20842743,62514,62535,21
12.9172802,80.19448853,63041,63061,20
12.91724968,80.1914978,63172,63202,30
12.9197998,80.17092133,63586,63602,16
12.92311001,80.16055298,63705,63726,21
12.92337036,80.15496063,63796,63816,20
12.92273998,80.1522522,63877,63893,16
12.9231596,80.12090302,64411,64432,21
12.92343998,80.11701965,64502,64523,21
12.92247963,80.14279938,65725,65755,30
12.9233799,80.15460968,65937,65957,20
12.9233799,80.15460968,65957,65973,16
12.92253971,80.16262054,66087,66107,20
12.92061996,80.18524933,66441,66461,20
12.91714001,80.19273376,66623,66643,20
12.91711998,80.19312286,66653,66673,20
12.93696976,80.20469666,67219,67235,16
12.93997002,80.20558167,67265,67285,20
12.97085953,80.21881866,67780,67800,20
12.97171974,80.21917725,67922,67942,20
12.97601986,80.22120667,68354,68374,20
12.97910023,80.22109222,68435,68452,17
12.9826498,80.22187042,68556,68586,30
12.98324966,80.22219086,68606,68627,21
12.99411964,80.2175827,69150,69170,20
13.0072298,80.21276093,69483,69513,30
13.00749016,80.21282196,69524,69554,30
13.01527023,80.22485352,69827,69847,20
13.01945972,80.22438049,69918,69938,20
13.02414036,80.2281723,70109,70130,21
13.03015041,80.23071289,70839,70869,30
13.03456974,80.23033905,71152,71172,20
13.03092957,80.23072815,71849,71868,19
13.02711964,80.23294067,72061,72077,16
13.02346039,80.22775269,72190,72211,21
13.01976013,80.22476196,72324,72345,21
13.00823975,80.21337128,72790,72811,21
13.00634956,80.21276855,72881,72897,16
12.99742985,80.2162323,73163,73193,30
12.99726963,80.21643829,73204,73234,30
12.99606037,80.21665192,73274,73294,20
12.99580956,80.21669769,73305,73335,30
12.9955101,80.21678925,73335,73365,30
12.99522972,80.21692657,73365,73395,30
12.99094009,80.2193985,73517,73537,20
12.98756027,80.21836853,73608,73628,20
12.98740959,80.2183609,73628,73648,20
12.98106956,80.21820068,74276,74297,21
12.97770977,80.21945953,74933,74953,20
12.97634029,80.2201004,75216,75246,30
12.9759798,80.22026062,75246,75276,30
12.93371964,80.20394135,76074,76095,21
12.92206955,80.1973114,76367,76388,21
12.91726971,80.1913681,76569,76590,21
12.91996002,80.18260193,76731,76747,16
12.92249966,80.14713287,77254,77270,16
12.92238998,80.14237976,77353,77373,20
12.92271996,80.13020325,77545,77564,19
12.92319012,80.12017059,77666,77688,22
12.97620964,80.22120667,81599,81619,20
13.01521969,80.22580719,83102,83118,16
12.99845028,80.25623322,1371,1388,17
12.99827957,80.25656891,18268,18288,20
12.99709034,80.25689697,18885,18906,21
12.99701977,80.25701904,19057,19087,30
12.99738026,80.25701904,19279,19298,19
12.99771976,80.25618744,19330,19360,30
12.99748993,80.25598145,19804,19834,30
12.99757957,80.25605774,19834,19854,20
12.99740028,80.25583649,20097,20127,30
12.96522999,80.24739838,21267,21287,20
12.94102955,80.23616028,21591,21614,23
12.87714005,80.22212219,22231,22248,17
12.87477016,80.20977783,22412,22432,20
12.89148998,80.22730255,22825,22842,17
12.92693043,80.23104095,23136,23152,16
12.97445011,80.25048065,23670,23686,16
13.01371002,80.20429993,25030,25046,16
13.01004028,80.2115097,25260,25290,30
13.00971031,80.21130371,25331,25351,20
13.00944996,80.2111969,25704,25734,30
13.00938988,80.21092224,25734,25754,20
13.00936031,80.21086884,25987,26017,30
13.00916004,80.21135712,26229,26249,20
12.99750042,80.21631622,26784,26804,20
12.98945045,80.22147369,26945,26961,16
12.98324013,80.22221375,27084,27104,20
12.97605038,80.22219849,27256,27286,30
12.98157978,80.23042297,27528,27548,20
12.98169041,80.23345184,27599,27619,20
12.98130989,80.23860168,27680,27700,20
12.98139,80.2427597,27770,27791,21
12.95040989,80.24107361,28477,28493,16
12.93385983,80.23309326,28758,28778,20
12.9261198,80.23110962,28859,28879,20
12.90688038,80.22830963,29162,29178,16
12.89929008,80.22792053,29262,29292,30
12.87648964,80.22695923,29595,29615,20
12.87644005,80.22653198,29625,29645,20
12.87917995,80.21090698,29776,29796,20
12.87456036,80.20987701,30079,30109,30
12.87465,80.20993042,30109,30139,30
12.87924004,80.21098328,30805,30835,30
12.87683964,80.22685242,31148,31168,20
12.9014101,80.2278595,31552,31568,16
12.93350983,80.2326889,31994,32014,20
12.95098019,80.2412796,32337,32357,20
12.95635033,80.24346161,32438,32458,20
12.96310997,80.24646759,32569,32589,20
12.96339989,80.24646759,32599,32615,16
12.97998047,80.25218964,32839,32855,16
12.98124981,80.23786163,33031,33051,20
12.97714996,80.22265625,33414,33434,20
12.97745991,80.22268677,33444,33465,21
12.98260021,80.22167206,33586,33606,20
12.9946804,80.21723938,33929,33945,16
12.99755001,80.21605682,34007,34026,19
13.0136404,80.20465851,34532,34560,28
13.01313972,80.20963287,34671,34694,23
13.01194,80.212677,34726,34756,30
13.02472019,80.21865082,35998,36028,30
13.02484989,80.21901703,36038,36058,20
13.02486992,80.21897125,36068,36089,21
13.0096302,80.21125793,36502,36532,30
13.00920963,80.21128082,36573,36603,30
12.96380997,80.24688721,37683,37713,30
12.90015984,80.22779846,40083,40104,21
12.90229988,80.22792053,40154,40184,30
12.90375996,80.2280426,40265,40281,16
12.9410696,80.23603058,40838,40854,16
12.94867039,80.24049377,40967,40997,30
12.96677971,80.24784851,41394,41414,20
12.98128033,80.23796082,41849,41869,20
12.97745991,80.22120667,42283,42303,20
12.98184013,80.22120667,42404,42424,20
12.99386978,80.21788025,42737,42757,20
13.00699997,80.20973969,43090,43110,20
13.01282978,80.20774841,43412,43429,17
13.00967979,80.21092987,43701,43731,30
13.00955963,80.2109375,43843,43863,20
13.00934029,80.21102905,43863,43884,21
13.00949955,80.21095276,43884,43904,20
13.00914001,80.21115875,43974,43995,21
13.00934982,80.21109009,44075,44095,20
13.00949955,80.21108246,44146,44176,30
13.0095396,80.2109375,44217,44237,20
13.00949001,80.21101379,44287,44317,30
13.00944042,80.21101379,44469,44489,20
13.01500034,80.2249527,44791,44812,21
13.01047993,80.22547913,44953,44969,16
12.99732018,80.21659851,45264,45284,20
12.9963398,80.21659851,45324,45354,30
12.99061012,80.22028351,45496,45516,20
12.98935032,80.22126007,45546,45562,16
12.98488998,80.22312164,45665,45695,30
12.98453999,80.22310638,45726,45746,20
12.97626019,80.22170258,45988,46008,20
12.97626019,80.22170258,46008,46024,16
12.9811697,80.23684692,46329,46345,16
12.97990036,80.25257874,46570,46600,30
12.94678974,80.23993683,47216,47236,20
12.93964005,80.23574066,47326,47347,21
12.89912033,80.22789764,47861,47891,30
12.8924799,80.22750092,47962,47988,26
12.87644005,80.22663879,48202,48222,20
12.87909985,80.2109375,48374,48394,20
12.87899971,80.21087646,49888,49918,30
12.87642956,80.22673798,50140,50170,30
12.87728977,80.22672272,50190,50212,22
12.90649986,80.22823334,51748,51778,30
12.94898033,80.24066925,52172,52188,16
12.96329975,80.24668121,52351,52371,20
12.96335983,80.24645233,52371,52391,20
12.98209953,80.25256348,52613,52634,21
12.98209953,80.25256348,52634,52652,18
12.98243999,80.25253296,52664,52684,20
12.98357964,80.25240326,52866,52896,30
13.01121044,80.22324371,53693,53713,20
13.01296043,80.20896912,54137,54153,16
13.02418041,80.2197113,54488,54504,16
13.02472973,80.21840668,54647,54667,20
13.01861954,80.21901703,55000,55020,20
13.01632977,80.21585083,55081,55097,16
13.00949955,80.21115112,55210,55240,30
13.00909042,80.21089935,55311,55327,16
12.99740028,80.21656036,56328,56348,20
12.97935963,80.22675323,57074,57092,18
12.98138046,80.2430191,57358,57374,16
12.9640398,80.24700165,57740,57770,30
12.95643997,80.24343872,58053,58073,20
12.94919968,80.2408905,58174,58194,20
12.92854023,80.23130798,58478,58494,16
12.89953995,80.22794342,58970,59000,30
12.89309978,80.22756195,59081,59111,30
12.87812996,80.21790314,59434,59450,16
12.87465,80.21013641,59574,59594,20
12.87481976,80.21071625,59867,59887,20
12.87462997,80.21003723,59897,59916,19
12.8744297,80.20951843,60028,60058,30
12.87467957,80.20993042,60119,60139,20
12.87458038,80.20968628,60240,60259,19
12.87644958,80.22685242,60553,60573,20
12.89406967,80.22743225,60835,60855,20
12.91382027,80.22924042,61227,61247,20
12.94869995,80.24051666,61771,61792,21
12.95627975,80.24333191,61913,61933,20
12.96700001,80.24803925,62154,62175,21
12.97443962,80.25055695,62266,62286,20
12.97994995,80.25229645,62377,62407,30
12.98165035,80.23336029,62699,62720,21
12.98223019,80.22160339,63164,63184,20
12.99118042,80.21985626,63496,63517,21
12.99440002,80.21740723,63628,63648,20
13.0067997,80.20973206,63971,63991,20
13.00823021,80.21005249,64041,64061,20
13.01033974,80.21188354,64990,65020,30
13.0102396,80.21173859,65020,65040,20
12.99765015,80.21659851,66180,66200,20
12.99678993,80.21658325,66231,66261,30
12.9959898,80.21681213,66281,66301,20
12.99079037,80.2202301,66432,66453,21
12.98768044,80.22316742,66553,66574,21
12.98326015,80.22222137,66786,66806,20
12.98297977,80.22203064,66816,66836,20
12.97871971,80.22119141,66957,66977,20
12.98186016,80.23310089,67361,67381,20
12.98136997,80.24285126,67613,67629,16
12.97861958,80.25272369,67762,67782,20
12.95643997,80.24365234,68098,68118,20
12.95643997,80.24365234,68118,68134,16
12.95174026,80.24172211,68187,68206,19
12.90713978,80.22837067,68894,68924,30
12.90711021,80.22830963,68924,68945,21
12.90703011,80.22827911,68945,68975,30
12.87639046,80.22647858,69711,69727,16
12.87928963,80.21098328,69881,69911,30
12.87465954,80.21008301,70549,70569,20
12.98283958,80.22193146,73082,73098,16
12.9887104,80.22202301,73374,73394,20
12.99213982,80.21907043,73636,73656,20
12.99370003,80.21787262,73768,73788,20
12.99619007,80.2164917,73920,73940,20
12.99682045,80.21646881,73960,73990,30
13.01508999,80.22485352,75251,75271,20
13.0145998,80.22605896,75322,75338,16
12.99878979,80.25610352,76135,76155,20
12.99785995,80.25595093,76186,76206,20
13.12275028,80.26573181,19799,19819,20
13.12287045,80.26460266,19859,19880,21
13.12895966,80.2412796,20417,20438,21
13.14830017,80.21485901,20892,20908,16
13.18908024,80.18782806,21516,21533,17
13.15812016,80.20397186,23028,23048,20
13.13020992,80.24124146,23886,23906,20
13.1296196,80.24167633,23947,23977,30
13.12022972,80.25489044,24290,24310,20
13.11413956,80.26561737,26924,26954,30
13.12275982,80.26573944,27115,27136,21
13.12458992,80.24713898,27620,27636,16
13.12889957,80.24141693,27729,27758,29
13.14031029,80.22586823,28011,28028,17
13.15336037,80.20810699,28262,28282,20
13.15802956,80.20381927,28413,28443,30
13.1683197,80.20050812,28585,28601,16
13.17082977,80.19908905,28613,28632,19
13.19314957,80.18415833,29087,29107,20
13.17801952,80.19528198,31489,31509,20
13.15849972,80.20384979,31852,31873,21
13.15645027,80.20491791,31943,31973,30
13.13920975,80.22801208,32391,32411,20
13.12965012,80.24163055,32976,32997,21
13.11849022,80.25926208,33542,33558,16
13.11448002,80.26570129,33975,33996,21
13.10408974,80.27397156,34341,34371,30
13.10608006,80.2798996,34522,34543,21
13.1042099,80.27654266,34835,34851,16
13.10414028,80.27481842,36014,36034,20
13.10406971,80.27443695,36044,36064,20
13.11079025,80.25961304,37024,37040,16
13.11835957,80.25897217,37274,37294,20
13.12045002,80.25444031,37365,37395,30
13.1241703,80.24752045,37547,37567,20
13.12874031,80.24147034,37698,37728,30
13.13636017,80.23111725,38023,38043,20
13.13901997,80.22744751,38103,38124,21
13.14470005,80.21942902,38278,38298,20
13.17084026,80.1990509,38793,38823,30
13.19320011,80.18401337,39287,39307,20
12.96745014,80.14907837,21662,21692,30
12.94859028,80.20929718,22681,22701,20
12.95009041,80.23310089,22873,22893,20
12.96667957,80.24787903,23226,23247,21
12.97861004,80.25237274,23360,23390,30
12.98750973,80.2514267,23511,23531,20
12.98729038,80.25936127,23693,23723,30
12.95662022,80.24363708,25975,26005,30
12.94898033,80.18527222,26651,26681,30
12.93770027,80.12864685,27307,27328,21
12.94919968,80.18515015,29670,29690,20
12.94861031,80.19567108,29801,29821,20
12.94863987,80.19959259,29872,29892,20
12.94857979,80.20935822,29983,30013,30
12.95005989,80.23309326,30205,30225,20
12.9491396,80.24038696,30336,30356,20
12.95114994,80.24136353,30397,30417,20
12.95890045,80.24443817,30538,30560,22
12.9666996,80.2478714,30712,30732,20
12.97951984,80.25260162,30904,30924,20
12.98775959,80.25550079,31116,31136,20
12.98655987,80.25911713,31550,31570,20
12.9491396,80.18405914,34579,34599,20
12.96741009,80.14904785,35084,35104,20
12.9871397,80.2596283,37862,37882,20
12.98655987,80.25926208,39569,39589,20
12.98766041,80.25158691,39912,39932,20
12.98081017,80.25273895,40003,40033,30
12.95153999,80.14053345,41739,41759,20
12.92625999,80.1175766,42173,42194,21
12.92601967,80.11705017,42325,42345,20
12.95448017,80.15892029,43758,43779,21
12.9492197,80.18395996,44082,44102,20
12.94851971,80.20935822,44435,44455,20
12.94983959,80.23587799,44697,44718,21
12.94906044,80.24040985,44768,44788,20
12.9509201,80.24134064,44818,44839,21
12.96308994,80.24648285,45053,45073,20
12.97953987,80.25260925,45275,45295,20
12.98711967,80.25955963,45709,45739,30
12.96529961,80.24743652,48849,48869,20
12.94915009,80.23930359,49314,49334,20
12.94995022,80.23375702,49526,49546,20
12.94845963,80.19550323,49929,49950,21
12.96827984,80.14948273,50677,50707,30
12.96914959,80.15003967,50879,50899,20
12.96794987,80.14943695,50939,50969,30
12.94962025,80.23786163,52243,52264,21
12.96658993,80.24777222,52597,52617,20
12.98721981,80.25904083,54344,54364,20
12.94892979,80.18534851,55898,55918,20
12.95433998,80.15911102,56172,56192,20
12.95182991,80.14067841,56525,56545,20
12.93185997,80.12317657,56939,56959,20
12.92640018,80.11766052,57060,57080,20
12.93150997,80.12267303,57939,57959,20
12.93675995,80.12757111,58120,58141,21
12.95238018,80.14093781,58454,58474,20
12.98789024,80.25421906,60473,60493,20
12.98764992,80.25621796,60533,60554,21
12.98670959,80.25959778,60695,60725,30
12.98719978,80.25914001,62381,62401,20
12.98738003,80.25859833,62432,62452,20
12.98752975,80.2515564,62946,62967,21
12.96506023,80.24733734,63229,63249,20
12.94915962,80.23937988,63683,63704,21
12.94976044,80.23593903,63764,63784,20
12.94843006,80.20890045,64027,64047,20
12.94915962,80.18382263,64410,64431,21
12.97334957,80.1530304,65642,65662,20
12.94857979,80.19946289,66693,66713,20
12.94859028,80.20921326,66834,66855,21
12.94913006,80.24040222,67258,67279,21
12.97959042,80.25260925,67773,67794,21
12.98795986,80.2531662,67985,68006,21
12.98717022,80.25959778,68319,68339,20
12.95637989,80.24359894,69530,69560,30
12.94989967,80.23374939,69904,69924,20
12.94841957,80.19885254,70297,70318,21
12.94841957,80.19548798,70368,70388,20
12.94911003,80.18386078,70610,70631,21
12.95199966,80.14080048,71307,71337,30
12.93710041,80.12809753,71569,71590,21
12.93634987,80.12740326,71610,71630,20
12.95046043,80.13939667,73094,73114,20
12.95273972,80.1412735,73215,73245,30
12.95108032,80.24136353,74529,74549,20
12.98723984,80.25942993,75296,75316,20
12.99835014,80.23821259,802,822,20
12.99077988,80.22939301,1054,1075,21
12.99825001,80.23808289,1277,1307,30
12.99079037,80.22939301,1509,1529,20
12.99077034,80.22958374,1540,1570,30
12.99825954,80.23806763,1753,1783,30
12.99110031,80.23323059,2622,2642,20
12.99835968,80.23819733,5493,5513,20
12.99088001,80.233078,5675,5695,20
12.99073982,80.2328186,5706,5736,30
12.99825954,80.23815155,6231,6251,20
12.99155998,80.22981262,33052,33073,21
13.04671955,80.22608185,37137,37158,21
13.05078983,80.22721863,37249,37269,20
13.05045986,80.22846222,37431,37451,20
13.01844025,80.24124908,44578,44608,30
12.98803997,80.22384644,61942,61972,30
12.98797035,80.22389984,62225,62255,30
12.99005985,80.22772217,70732,70753,21
12.99833965,80.23813629,71096,71117,21
12.98968983,80.23307037,71288,71309,21
12.99094009,80.23312378,74483,74513,30
12.99680042,80.23642731,74998,75019,21
13.00228024,80.23956299,75130,75150,20
13.00207996,80.23988342,75160,75180,20
12.99102974,80.23303986,77000,77030,30
12.98832989,80.22332764,80074,80094,20
12.98964977,80.22515106,80145,80165,20
12.99088001,80.23310852,80620,80642,22
12.99075985,80.23072052,81006,81026,20
12.9910202,80.23313904,81562,81592,30
12.99158955,80.23361969,81926,81946,20
13.0057497,80.24243927,82301,82321,20
12.99013042,80.2276001,83009,83029,20
12.98843002,80.22341919,83110,83130,20
12.98838997,80.2233963,83201,83221,20
12.99063969,80.22918701,83352,83373,21
12.99145985,80.23348999,83433,83454,21
12.99335003,80.23394775,83555,83575,20
12.99822044,80.23796082,83686,83706,20
12.99180031,80.23375702,86102,86122,20
13.07612038,80.27442169,10166,10186,20
13.07569027,80.27456665,16839,16859,20
13.07600021,80.27542114,20764,20784,20
13.08205032,80.27568817,21300,21320,20
13.08761978,80.28398132,22170,22190,20
13.08804035,80.28385162,22261,22281,20
13.04354,80.2798233,23221,23251,30
13.03707981,80.26760101,23657,23677,20
13.02702999,80.25665283,24031,24051,20
13.02713013,80.25389862,24112,24132,20
13.00710011,80.24028015,24668,24688,20
13.00714016,80.24015808,24688,24708,20
13.01177025,80.22000122,24981,25001,20
13.00901031,80.21385193,25082,25103,21
13.00864983,80.21351624,25113,25133,20
13.01498032,80.22601318,27893,27923,30
13.00831985,80.23349762,28095,28115,20
13.00753975,80.24028778,28217,28237,20
13.01865959,80.2412796,28378,28399,21
13.02898979,80.24938202,28702,28722,20
13.02927017,80.26602173,29127,29147,20
13.03411007,80.26789856,29238,29258,20
13.04168034,80.2681427,29531,29551,20
13.04446983,80.26920319,29652,29672,20
13.04339027,80.27777863,29804,29824,20
13.05644035,80.28179932,30016,30036,20
13.0676403,80.2841568,30188,30208,20
13.07404041,80.28568268,30289,30309,20
13.07989025,80.28804016,30410,30431,21
13.08878994,80.29013824,30582,30603,21
13.08775043,80.28391266,31452,31482,30
13.08843994,80.28505707,31695,31715,20
13.07396984,80.28614807,32119,32139,20
13.06425953,80.28359985,32261,32281,20
13.04108047,80.26824951,32978,32999,21
13.03759956,80.26767731,33069,33090,21
13.03413963,80.26796722,33262,33282,20
13.02657986,80.26381683,33514,33535,21
13.02705002,80.25585175,33737,33757,20
13.02898026,80.24912262,33929,33949,20
13.02950001,80.24639893,34000,34020,20
13.02180004,80.24240112,34141,34162,21
13.00741959,80.23680115,34466,34486,20
13.01056957,80.22502899,34627,34648,21
13.00846004,80.21347809,34860,34880,20
13.0072403,80.20983887,35153,35173,20
13.01368999,80.20464325,35416,35436,20
13.0095396,80.21317291,36417,36437,20
13.01220036,80.22058105,36811,36832,21
13.00747013,80.24027252,37458,37479,21
13.01774025,80.24095154,37580,37610,30
13.01860046,80.24121094,37630,37650,20
13.02326012,80.24269867,37711,37731,20
13.04426003,80.26689911,38997,39017,20
13.04356003,80.27342987,39189,39209,20
13.04934025,80.2805481,39381,39402,21
13.05062962,80.28073883,39432,39452,20
13.06381035,80.2832489,39675,39695,20
13.07474041,80.28626251,39816,39836,20
13.08524036,80.28411865,40190,40220,30
13.08172989,80.27661896,40847,40868,21
13.07417965,80.27644348,41321,41343,22
13.06573963,80.26786804,41606,41626,20
13.06527996,80.26766205,41646,41666,20
13.06355,80.2673111,41707,41727,20
13.0603199,80.26551819,41818,41838,20
13.05832958,80.26541138,41879,41909,30
13.05150986,80.26399994,42263,42293,30
13.03415966,80.268013,42809,42829,20
13.02978992,80.2666626,42950,42970,20
13.02912045,80.2664032,44760,44780,20
13.05185986,80.26378632,45488,45518,30
13.05214977,80.26374054,45528,45549,21
13.05455971,80.26412964,45741,45761,20
13.06190968,80.26265717,46095,46115,20
13.07135963,80.27414703,46550,46580,30
13.08679008,80.28392029,47166,47187,21
13.0880003,80.28388977,47328,47348,20
13.08817959,80.28368378,47358,47379,21
13.08817005,80.28370667,47379,47409,30
13.08806038,80.28147888,47480,47500,20
13.08837032,80.28459167,47601,47621,20
13.08848,80.28524017,47631,47652,21
13.07392979,80.28610992,48096,48117,21
13.06252003,80.28314972,48248,48268,20
13.05683994,80.28192902,48349,48369,20
13.04327011,80.27738953,48667,48687,20
13.04380989,80.27163696,48798,48818,20
13.03419971,80.26802063,49142,49162,20
13.02715969,80.2541275,49648,49669,21
13.02178001,80.24234009,50012,50033,21
13.01879978,80.24140167,50083,50103,20
13.00817966,80.21331024,50811,50831,20
13.00798988,80.21321869,50841,50862,21
13.00749969,80.20982361,51044,51064,20
13.01362038,80.20422363,51256,51276,20
13.00907993,80.21141052,52914,52934,20
13.02326965,80.24272156,53935,53955,20
13.02900028,80.24925995,54228,54249,21
13.0271101,80.25427246,54330,54350,20
13.02702999,80.25908661,54441,54461,20
13.02927017,80.26583862,54633,54653,20
13.03394032,80.26789856,54774,54795,21
13.03705978,80.2664032,54886,54906,20
13.04152012,80.26805115,55118,55138,20
13.0564003,80.28177643,55739,55761,22
13.06303024,80.28315735,55863,55884,21
13.0734396,80.28518677,56055,56076,21
13.07392025,80.28559875,56086,56106,20
13.08790016,80.28359985,56915,56945,30
13.08160973,80.27604675,57188,57208,20
13.07594013,80.27629089,57319,57349,30
13.07614994,80.27597046,57754,57774,20
13.08673,80.28388214,58158,58179,21
13.06093025,80.28288269,70052,70073,21
13.04335976,80.27513885,70477,70507,30
13.04045963,80.26815796,70740,70760,20
13.02929974,80.24620819,71933,71953,20
13.02925014,80.24616241,71953,71973,20
13.02134037,80.24227905,72115,72145,30
13.01889992,80.24150848,72185,72206,21
13.01797962,80.24124146,72226,72246,20
13.00739002,80.23680115,72428,72458,30
13.00526047,80.20921326,73126,73156,30
13.01076984,80.24037933,75584,75614,30
13.08660984,80.28373718,78509,78529,20
13.07983017,80.2753067,82347,82368,21
12.98812962,80.22357941,9651,9671,20
13.00572014,80.24234772,22740,22760,20
12.99919033,80.23931122,22851,22871,20
12.98836994,80.22335052,24609,24629,20
12.99205971,80.23370361,24821,24841,20
12.99400043,80.23451233,26354,26374,20
12.98838043,80.22335815,26626,26646,20
12.99100971,80.23203278,28488,28508,20
12.99211979,80.2337265,28549,28579,30
12.99872971,80.23918915,28730,28750,20
12.99870014,80.23918915,32437,32457,20
12.98655033,80.23842621,36385,36415,30
12.98653984,80.2352829,36466,36486,20
12.98666,80.23329926,36536,36556,20
12.99005985,80.22766113,36677,36698,21
12.99015999,80.22753906,36919,36940,21
12.99094963,80.23193359,37010,37030,20
12.99203014,80.23365784,37071,37101,30
12.99596977,80.23590088,37192,37212,20
12.99913979,80.23931885,37636,37666,30
12.99094009,80.23177338,37938,37968,30
12.98663044,80.23329926,38856,38876,20
12.98830986,80.22332764,39088,39108,20
12.9909296,80.23204803,39290,39310,20
12.99203014,80.23370361,39350,39370,20
12.99180031,80.23374939,40803,40823,20
12.98830986,80.22335052,41065,41085,20
12.98672009,80.23847961,41559,41579,20
12.98647976,80.23535919,42447,42467,20
12.99203014,80.23370361,42991,43011,20
12.99188042,80.23377228,44454,44474,20
12.99096012,80.23190308,44514,44534,20
12.98834991,80.22338104,46314,46344,30
12.99174023,80.2336731,46546,46566,20
12.99380016,80.23439789,46616,46636,20
12.99594975,80.23590088,46667,46687,20
12.99868011,80.23918152,46747,46768,21
12.99625969,80.23635864,47847,47867,20
12.98834038,80.2233963,48220,48240,20
12.98987961,80.22769928,48331,48351,20
12.98643017,80.23513794,48502,48523,21
12.98651981,80.23847198,48587,48607,20
12.99176025,80.23365784,51241,51271,30
12.99868011,80.23915863,51463,51483,20
12.99919033,80.23931885,51846,51866,20
12.99094963,80.23175049,52180,52200,20
12.98651028,80.23327637,52615,52635,20
12.98665047,80.23329926,53240,53260,20
12.98832989,80.22332001,53482,53511,29
12.99178028,80.23362732,53714,53744,30
12.99376965,80.23444366,53795,53825,30
12.99866009,80.23914337,53956,53986,30
12.99915028,80.23931122,55076,55096,20
12.99186039,80.2337265,55307,55328,21
12.99094963,80.23175812,55378,55398,20
12.98641968,80.23513794,55872,55892,20
12.98649025,80.23532867,56801,56821,20
12.98832035,80.22332764,57114,57144,30
12.99176025,80.23365021,57366,57386,20
12.99600983,80.23597717,57497,57517,20
12.99868011,80.23918915,57578,57608,30
12.99176979,80.23374176,58758,58778,20
12.98832989,80.22337341,59000,59030,30
12.98647976,80.2353363,60321,60341,20
12.98832989,80.22338104,60624,60654,30
12.99180031,80.23368835,60876,60896,20
12.99872017,80.23922729,61088,61108,20
12.98647976,80.23535919,63893,63913,20
12.98832035,80.22338104,66235,66255,20
12.98663998,80.23330688,67727,67748,21
12.98830032,80.22337341,68000,68030,30
12.99174023,80.23368073,68272,68292,20
12.9991703,80.23928833,69402,69422,20
12.99176025,80.23371887,69624,69644,20
12.98828983,80.22332001,69876,69906,30
12.98641014,80.23513794,70160,70181,21
12.98647022,80.23532867,71250,71271,21
12.99596024,80.23593903,71957,71978,21
12.98647022,80.23329926,73805,73834,29
12.99182034,80.23375702,76712,76731,19
12.98651981,80.23845673,77289,77309,20
13.09354019,80.24108887,19626,19646,20
13.08765984,80.24362946,19747,19767,20
13.08576965,80.24662018,19818,19838,20
13.07783985,80.26207733,20282,20302,20
13.06474972,80.27877808,20747,20767,20
13.06424046,80.28334808,20828,20848,20
12.98717976,80.25956726,22131,22151,20
13.0729599,80.26148224,25585,25606,21
13.10048008,80.21488953,27126,27155,29
13.09967041,80.16990662,27914,27934,20
13.09827995,80.18086243,29641,29661,20
13.09957981,80.23047638,30495,30515,20
13.09858036,80.23422241,30586,30606,20
13.09364033,80.2410965,30879,30899,20
13.08572006,80.24658966,31111,31131,20
13.07686043,80.2603302,31586,31606,20
13.06474018,80.27877045,32233,32253,20
13.03089046,80.27734375,32853,32873,20
12.99944973,80.25626373,33937,33967,30
12.99903965,80.25614166,33978,33998,20
12.99808979,80.2559967,34018,34048,30
12.9872303,80.25962067,34372,34393,21
12.9883604,80.2558136,36324,36344,20
13.05056,80.28074646,37984,38004,20
13.05716038,80.28191376,38105,38125,20
13.0580101,80.27819824,38206,38236,30
13.06377983,80.27818298,38398,38418,20
13.07028008,80.26590729,38782,38802,20
13.09704971,80.24188232,39812,39832,20
13.10274982,80.20879364,40664,40684,20
13.09965038,80.17086792,41896,41916,20
13.10130024,80.18974304,42401,42421,20
13.10367012,80.20281982,42623,42643,20
13.1038599,80.20574188,42694,42714,20
13.09856987,80.23407745,43223,43243,20
13.08677006,80.2443924,43718,43738,20
13.07781029,80.26226044,44466,44486,20
13.07890987,80.25546265,44789,44819,30
13.09819031,80.24230957,45579,45599,20
13.09873962,80.24172974,46165,46195,30
13.0985899,80.24183655,46205,46225,20
13.09967041,80.18657684,48663,48683,20
13.0995903,80.18615723,48703,48723,20
13.09951973,80.1857605,48733,48754,21
13.09840012,80.18171692,48885,48905,20
13.09842014,80.16973877,49400,49430,30
13.09939957,80.16959381,49552,49582,30
13.09821987,80.18080902,49814,49834,20
13.10359955,80.20253754,50350,50370,20
13.10122013,80.21321869,50602,50622,20
13.09996033,80.2256012,50797,50817,20
13.09955978,80.23045349,50898,50918,20
13.09362984,80.24108887,51262,51282,20
13.08592987,80.25006104,51545,51575,30
13.08568001,80.25177002,51615,51635,20
13.08397961,80.25454712,51716,51736,20
13.07925034,80.25466156,51858,51878,20
13.07777023,80.26219177,52110,52130,20
13.04570007,80.28014374,52984,53004,20
13.03369045,80.27735901,53186,53216,30
13.00349998,80.25689697,53984,54014,30
12.99868965,80.25605774,54166,54196,30
12.98882961,80.2559433,54398,54418,20
12.98727989,80.25940704,54580,54600,20
12.98694992,80.25904083,56014,56035,21
12.98709011,80.25906372,56035,56055,20
12.99872971,80.25598907,56529,56550,21
13.00070953,80.25634003,56631,56651,20
13.0298996,80.27671814,57389,57409,20
13.06688976,80.26850128,58320,58341,21
13.07024002,80.26593018,58462,58482,20
13.07723999,80.26093292,58746,58766,20
13.07888031,80.25505829,58958,58978,20
13.07958984,80.25460815,59008,59028,20
13.09969997,80.22969818,60060,60080,20
13.09517956,80.16181183,61680,61700,20
13.09500027,80.16143799,63066,63086,20
13.09961987,80.17098236,63319,63340,21
13.09957981,80.18595123,63632,63653,21
13.10128021,80.18969727,63744,63764,20
13.10361004,80.20271301,63986,64006,20
13.09955978,80.23047638,64511,64532,21
13.08619976,80.24490356,65107,65127,20
13.08590984,80.25013733,65228,65249,21
13.08047009,80.2547226,65582,65612,30
13.07946968,80.25456238,65643,65663,20
13.0791502,80.25646973,65713,65734,21
13.0777998,80.26222229,65895,65915,20
13.07376003,80.26171875,66067,66087,20
13.07153988,80.2647171,66168,66188,20
13.06744003,80.27307892,66380,66401,21
13.06478024,80.27861023,66472,66492,20
13.04409981,80.27999878,67007,67026,19
13.0309,80.27735901,67262,67282,20
13.02097988,80.27011871,67464,67484,20
13.00718021,80.25881958,67898,67918,20
13.00249004,80.25676727,68040,68060,20
12.98980999,80.2561264,68494,68514,20
12.98721027,80.25965881,68858,68878,20
12.98711967,80.25921631,69636,69666,30
12.98873997,80.25595093,69999,70019,20
12.99291992,80.25605774,70223,70244,21
12.99837971,80.25604248,70587,70608,21
13.00615978,80.25743866,70871,70901,30
13.01636982,80.25972748,71073,71093,20
13.02974033,80.27677917,71609,71630,21
13.06258965,80.27812958,72490,72520,30
13.07730961,80.26125336,73399,73419,20
13.07818985,80.25668335,73743,73763,20
13.07853031,80.25665283,73773,73793,20
13.08129025,80.25167847,74089,74109,20
13.08129025,80.25140381,74109,74130,21
13.08331966,80.24996948,74271,74291,20
13.09438038,80.24124908,74666,74686,20
13.09848976,80.23401642,74969,74989,20
13.09963989,80.2298584,75070,75090,20
13.10243988,80.20963287,75477,75497,20
13.10264015,80.20899963,75528,75548,20
13.09967041,80.16986847,76437,76457,20
13.09961987,80.16999817,76800,76820,20
13.09957981,80.1710434,76871,76891,20
13.09961987,80.18637848,77164,77184,20
13.10317039,80.20754242,77598,77618,20
13.09951019,80.23049927,78086,78106,20
13.08045006,80.25475311,78946,78976,30
13.0777998,80.26226807,79230,79250,20
13.07785034,80.26255798,79260,79280,20
13.07802963,80.26345062,79320,79341,21
13.07730961,80.26107788,79391,79421,30
13.07540035,80.25852203,79472,79502,30
12.98791027,80.25179291,22503,22523,20
13.01980019,80.22454071,23089,23109,20
13.02443981,80.22846222,23190,23210,20
13.0235796,80.2278595,23241,23271,30
13.01420021,80.22631073,23656,23686,30
12.96370029,80.24678802,24476,24506,30
12.89945984,80.22786713,25265,25285,20
12.88702965,80.22720337,25386,25406,20
12.80504036,80.22402191,26255,26275,20
12.78637981,80.22042084,26488,26508,20
12.78491974,80.21974182,26548,26569,21
12.77060032,80.18470001,29186,29206,20
12.77093983,80.18691254,29237,29257,20
12.77466965,80.19380951,29369,29389,20
12.79646015,80.22296143,30027,30048,21
12.80560017,80.22411346,30169,30189,20
12.81986046,80.23042297,30331,30351,20
12.82621002,80.23130035,30411,30432,21
12.83170033,80.22911835,30543,30563,20
12.83950043,80.22769165,30644,30674,30
12.84543991,80.22654724,30735,30755,20
12.87271976,80.22660065,31028,31048,20
12.88535976,80.22663116,31210,31230,20
12.89227009,80.22731781,31301,31321,20
12.90071964,80.22783661,31402,31422,20
12.90312004,80.22795105,31453,31473,20
12.9068203,80.22820282,31524,31544,20
12.93346977,80.23264313,31887,31908,21
12.93959045,80.23555756,31978,31999,21
12.95631981,80.24336243,32312,32342,30
12.95874023,80.24437714,32373,32393,20
13.00650024,80.24645996,33091,33121,30
13.00737953,80.23674011,33252,33272,20
13.01947975,80.2243576,33586,33606,20
13.02449989,80.22872162,33768,33798,30
13.0337801,80.23052216,34051,34071,20
13.03098011,80.23069763,35618,35648,30
13.01449013,80.22615814,36124,36154,30
13.00829983,80.23345947,36275,36295,20
13.00677013,80.24633789,36467,36487,20
13.00625038,80.24736786,36518,36538,20
12.99108028,80.25061035,36710,36730,20
12.96535015,80.24748993,37094,37114,20
12.93389988,80.23300171,37650,37670,20
12.92603016,80.23097992,37751,37771,20
12.8397398,80.22766113,38897,38917,20
12.7864399,80.22045898,39685,39705,20
12.78654003,80.22042847,40555,40575,20
12.90021992,80.22779846,41951,41971,20
12.91401958,80.22927094,42193,42214,21
12.9795599,80.25258636,43144,43174,30
13.01119995,80.22357178,43902,43922,20
13.0195303,80.22442627,52951,52971,20
13.02260017,80.22673035,53375,53396,21
13.00675011,80.24620056,53952,53982,30
12.86096954,80.22657776,56025,56045,20
12.83222961,80.22911835,56338,56359,21
12.78682995,80.22058105,56915,56945,30
12.7863903,80.22039795,56965,56985,20
12.7964201,80.22297668,60394,60414,20
12.83113003,80.2293396,60869,60889,20
12.83946037,80.22770691,61000,61020,20
12.8501997,80.22651672,61192,61213,21
12.87300968,80.22662354,61496,61526,30
12.90252018,80.22796631,61940,61961,21
12.91388988,80.22924805,62224,62244,20
12.91397953,80.22927856,62244,62264,20
12.93373966,80.23278046,62527,62547,20
12.93966961,80.23561859,62628,62648,20
12.94729996,80.23999786,62739,62759,20
12.95114994,80.24134064,62870,62891,21
12.96689034,80.24797821,63155,63175,20
13.00644016,80.2466507,63781,63801,20
13.00741959,80.23679352,63923,63943,20
13.02591038,80.23069763,64479,64499,20
13.03357029,80.23052216,65005,65035,30
13.03446007,80.23040771,65085,65106,21
13.03367996,80.23049927,66218,66248,30
13.0296402,80.23091125,66420,66440,20
13.02770042,80.23165894,66491,66511,20
13.02717018,80.23296356,66572,66593,21
13.02332973,80.22766113,66745,66765,20
13.01420021,80.22634888,66977,66997,20
13.00823975,80.23370361,67139,67159,20
13.00671005,80.24430084,67553,67574,21
12.99806976,80.2489624,67786,67806,20
12.99098969,80.25074005,67887,67907,20
12.97858047,80.25263977,68190,68210,20
12.96537971,80.24755859,68382,68403,21
12.96368027,80.24694824,68524,68554,30
12.95639992,80.24372864,68675,68696,21
12.93978024,80.23590088,68989,69009,20
12.93385983,80.23306274,69090,69120,30
12.88504982,80.22685242,69980,70010,30
12.86093044,80.22669983,70286,70306,20
12.84568024,80.22672272,70488,70508,20
12.80494976,80.22412109,71004,71024,20
12.7959404,80.22306824,71135,71165,30
12.78684044,80.22070313,71307,71337,30
12.78582001,80.22029877,71378,71398,20
12.77068996,80.21324158,71641,71661,20
12.76175976,80.18502045,73784,73804,20
12.78645039,80.22051239,74805,74825,20
12.84578037,80.22660065,75624,75644,20
12.87672997,80.22692108,75968,75988,20
12.89218044,80.22734833,76170,76200,30
12.90264034,80.22801971,76322,76342,20
12.91394997,80.22933197,76493,76514,21
12.98736,80.25853729,77899,77919,20
13.01426983,80.22605133,24391,24421,30
13.01994038,80.22476196,24978,25008,30
13.00625992,80.24742126,25373,25393,20
12.95656967,80.24356079,25960,25980,20
12.90680027,80.22831726,26598,26618,20
12.83222008,80.22911835,27458,27479,21
12.78672028,80.22054291,27954,27975,21
12.81980038,80.23045349,28886,28906,20
12.83148956,80.22921753,29028,29058,30
12.87679958,80.22686005,29635,29655,20
12.93356037,80.23267365,30404,30425,21
12.93957996,80.23551941,30516,30536,20
12.95108032,80.24131775,30749,30769,20
12.96662045,80.24784851,31083,31103,20
12.97842026,80.25225067,31224,31245,21
12.97953987,80.25266266,31275,31295,20
12.98960018,80.25084686,31457,31477,20
12.9967804,80.24906921,31569,31589,20
13.00656986,80.2463913,31700,31720,20
13.00747013,80.23668671,31832,31852,20
13.01562023,80.22515106,32146,32166,20
12.94727993,80.24005127,34932,34952,20
12.93391037,80.23297882,35154,35175,21
12.78658009,80.22049713,36977,36997,20
12.78617954,80.22103882,37422,37442,20
12.78649044,80.22039795,37473,37493,20
12.8454504,80.22653198,38252,38272,20
12.94859028,80.2405014,39730,39750,20
13.01980019,80.22476959,42190,42211,21
13.01441956,80.22621155,42292,42312,20
12.99806023,80.24886322,42828,42848,20
12.83232021,80.22914124,45298,45318,20
12.78664017,80.22054291,45845,45865,20
12.78619957,80.22038269,45885,45906,21
12.7863102,80.2219696,46392,46412,20
12.79638004,80.2229538,47100,47120,20
12.80459023,80.22392273,47242,47262,20
12.81993961,80.23042297,47454,47475,21
12.84572983,80.22650909,47819,47839,20
12.90651035,80.22810364,48692,48722,30
12.93974018,80.23564911,49107,49127,20
13.00734997,80.23719025,50352,50382,30
13.01533985,80.22486115,50645,50666,21
13.01947021,80.22434235,50726,50747,21
13.02435017,80.2284317,50878,50898,20
13.01420975,80.22612,52255,52275,20
13.01970959,80.22447205,52589,52610,21
13.02439022,80.22849274,52701,52731,30
13.00666046,80.24391937,53470,53490,20
12.96395016,80.24687195,54260,54280,20
12.95666027,80.24362183,54533,54553,20
12.95650959,80.24358368,54553,54583,30
12.94913006,80.24082184,54715,54735,20
12.94707966,80.2399826,54776,54796,20
12.90120029,80.22795868,55454,55484,30
12.83963013,80.2277298,56226,56246,20
12.78645992,80.22042084,56843,56873,30
12.78617001,80.22116852,56914,56934,20
12.8313303,80.22930145,58564,58584,20
12.84562969,80.22654724,58858,58878,20
12.89214039,80.2273407,59455,59475,20
12.90032959,80.22792053,59566,59587,21
12.95625019,80.24339294,60589,60609,20
12.9670496,80.24810028,60842,60862,20
12.99664021,80.24913025,61367,61389,22
13.00654984,80.24638367,61520,61540,20
13.01943016,80.22440338,62087,62117,30
13.02437973,80.22843933,62239,62259,20
12.93978977,80.2358017,64446,64466,20
12.91333008,80.22928619,64800,64820,20
12.90719986,80.22834778,64891,64912,21
12.89929962,80.22786713,65074,65104,30
12.7897501,80.22170258,66511,66531,20
12.78617001,80.22068787,66835,66855,20
12.78619003,80.2216568,67838,67858,20
12.83100033,80.22937012,68718,68739,21
12.83129025,80.22930908,68749,68779,30
12.84525967,80.2265625,68961,68982,21
12.89227962,80.22727966,69559,69589,30
12.90316963,80.22794342,69731,69751,20
12.9563303,80.24330139,70632,70652,20
13.01124001,80.22354889,71806,71826,20
13.02023029,80.22492218,71999,72019,20
13.01982975,80.22480011,73072,73092,20
13.01438999,80.22621155,73173,73193,20
12.94915009,80.24085236,74350,74371,21
12.78623962,80.22045135,77124,77145,21
12.89227962,80.2273407,78471,78501,30
13.01214981,80.22147369,80233,80253,20
13.01436043,80.22541046,84455,84485,30
12.83936977,80.22769928,26168,26188,20
12.90272045,80.22792816,26886,26906,20
13.00677967,80.2403183,28342,28372,30
13.01945019,80.22431183,28746,28766,20
13.01441002,80.22625732,30323,30344,21
13.00895023,80.22988129,30738,30758,20
13.00617981,80.24742889,31021,31041,20
12.9910202,80.25067902,31254,31274,20
12.93597031,80.23394775,32062,32083,21
12.93385983,80.23296356,32113,32133,20
12.91329956,80.2293396,32386,32406,20
12.89898968,80.22789764,32649,32669,20
12.8611002,80.22663879,33104,33134,30
12.83213997,80.22915649,33478,33498,20
12.83148956,80.22918701,35450,35480,30
12.90063953,80.22776794,36471,36501,30
12.97964001,80.25263214,37634,37664,30
13.00669003,80.24034882,38200,38220,20
13.00739956,80.23664093,38271,38291,20
13.01558971,80.22505188,38584,38604,20
13.02431965,80.2283783,39362,39383,21
13.0148201,80.22605896,40222,40242,20
12.96502018,80.24736786,41263,41284,21
12.96399021,80.24697876,41304,41324,20
12.83203983,80.22920227,43184,43205,21
12.78643036,80.22048187,43781,43811,30
12.84531975,80.22657776,45237,45257,20
12.9024601,80.22795105,45955,45975,20
12.91364956,80.22924805,46177,46197,20
12.93575954,80.23368073,46460,46480,20
12.95094013,80.2412796,46713,46733,20
13.0191803,80.22428131,48068,48088,20
13.02126026,80.22582245,49261,49291,30
13.00887966,80.23020172,50161,50181,20
13.00881958,80.23046875,50191,50211,20
13.00807953,80.23406982,50353,50373,20
13.00669003,80.24388123,50595,50616,21
13.00671959,80.24642944,50676,50696,20
12.8322401,80.22914124,53003,53033,30
12.78722954,80.22070313,53549,53569,20
12.78619957,80.22045135,54256,54277,21
12.78651047,80.22042847,54287,54307,20
12.83076954,80.22940063,54843,54863,20
12.89976025,80.22773743,55743,55763,20
12.90643024,80.22812653,55935,55965,30
12.95625019,80.24330139,56663,56683,20
13.01506042,80.22464752,57987,58007,20
13.01972961,80.22451782,58149,58179,30
13.02408028,80.22810364,58280,58301,21
13.02344036,80.22769928,58402,58422,20
13.00613976,80.24739075,58968,58988,20
12.9803896,80.25279236,59372,59393,21
12.84554958,80.22666168,61183,61203,20
12.83971977,80.22779846,61294,61315,21
12.8050499,80.22402191,61709,61729,20
12.78635025,80.22045135,61972,62002,30
12.78627014,80.22041321,62002,62022,20
12.83154011,80.22920227,63852,63873,21
12.85017967,80.22653961,64156,64176,20
12.90326023,80.22795868,64884,64904,20
12.95625019,80.24326324,65703,65733,30
12.96648026,80.24777985,65925,65945,20
12.97846031,80.25228882,66158,66188,30
12.98945045,80.25087738,66562,66582,20
13.00650024,80.24633026,66805,66825,20
13.00734043,80.23693085,66977,66997,20
13.01533985,80.22489929,67270,67300,30
13.02260017,80.22679138,67593,67614,21
13.0243597,80.22850037,67735,67755,20
13.00599957,80.24743652,68958,68979,21
12.96382999,80.24688721,69737,69757,20
12.95160007,80.24163818,69949,69969,20
12.78697968,80.22064972,72123,72143,20
12.78629971,80.22039795,72153,72174,21
12.78614044,80.22039795,72649,72679,30
12.83952045,80.22769928,73397,73427,30
12.97961998,80.25256348,75278,75298,20
13.01994038,80.22480011,24312,24332,20
12.9883604,80.2512207,24930,24950,20
12.90676975,80.22827148,25901,25931,30
12.78695965,80.22064209,27257,27277,20
12.78623962,80.22061157,28886,28907,21
12.78672028,80.22046661,29008,29028,20
12.80560017,80.22413635,29281,29301,20
12.83106995,80.22937775,29595,29615,20
12.83950043,80.22769165,29706,29726,20
12.88533974,80.22666931,30323,30344,21
12.89221954,80.22730255,30425,30445,20
12.90303993,80.22798157,30597,30617,20
12.91405964,80.22930145,30819,30839,20
12.93371964,80.23278809,31062,31082,20
12.93955994,80.23557281,31163,31184,21
12.94733047,80.23999786,31275,31295,20
12.9486599,80.24053192,31325,31345,20
12.9510498,80.24137115,31396,31416,20
12.9665699,80.24786377,31801,31831,30
12.97854996,80.25234985,31973,31993,20
12.97968006,80.25261688,32023,32044,21
12.98952961,80.25090027,32226,32246,20
13.00648975,80.246521,32448,32469,21
13.0197897,80.22457886,32934,32964,30
12.98834038,80.25125885,34464,34484,20
12.9518404,80.24167633,34980,35000,20
12.9291296,80.23139191,35324,35345,21
12.8927803,80.22738647,35861,35891,30
12.88510036,80.22673035,35982,36002,20
12.83248997,80.2290802,36559,36579,20
12.80443954,80.22389221,36994,37014,20
12.78666019,80.22046661,37318,37348,30
12.78619957,80.22029877,37368,37388,20
12.78625011,80.22167969,37429,37449,20
12.78627968,80.22193146,38431,38451,20
12.78649998,80.22039795,38562,38583,21
12.80552959,80.22413635,38886,38906,20
12.83944035,80.22767639,39301,39331,30
12.8728199,80.22662354,39736,39756,20
12.87672043,80.22686768,39797,39817,20
12.88514042,80.22663879,39888,39908,20
12.8921299,80.22728729,39989,40009,20
12.93369961,80.23281097,40637,40657,20
12.94861984,80.24053192,40880,40900,20
12.95890045,80.24445343,41112,41133,21
13.00658035,80.24642181,41942,41962,20
13.02388,80.2279129,42671,42701,30
13.00819969,80.23348999,43339,43369,30
12.94733047,80.2401123,44715,44735,20
12.92623043,80.23103333,45018,45039,21
12.84541035,80.22660828,46010,46030,20
12.83973026,80.22776794,46091,46111,20
12.83230019,80.22911835,46182,46202,20
12.80494022,80.22398376,46485,46506,21
12.78623009,80.22176361,46850,46880,30
12.78658962,80.22046661,47285,47305,20
12.83108044,80.22931671,47841,47862,21
12.83158016,80.22918701,47872,47892,20
12.83946991,80.22756958,48034,48054,20
12.84541988,80.22651672,48115,48135,20
12.90003967,80.2277832,48714,48734,20
12.90248966,80.22792816,48784,48805,21
12.95637989,80.24334717,49503,49523,20
12.96294022,80.24638367,49614,49634,20
12.98760033,80.25554657,50171,50201,30
13.0143404,80.22618866,53895,53915,20
12.94937038,80.24088287,55139,55159,20
12.89943981,80.22783661,55746,55766,20
12.80088043,80.22354126,56758,56778,20
12.78697968,80.22061157,56920,56950,30
12.80150986,80.22366333,58559,58579,20
12.83158016,80.22924805,58893,58913,20
12.8921299,80.22731018,59644,59664,20
12.90258026,80.22801971,59866,59887,21
12.91378975,80.22924805,60130,60150,20
12.93959999,80.23562622,60463,60484,21
12.95629978,80.24337769,60747,60777,30
12.97939014,80.25263214,61152,61172,20
12.98820019,80.25128937,61313,61334,21
13.00737953,80.23690033,61749,61769,20
13.02021027,80.22502899,63003,63024,21
13.00613976,80.24738312,63661,63681,20
12.93978024,80.23577881,64633,64653,20
12.93381023,80.23294067,64714,64734,20
12.87646961,80.22693634,65462,65483,21
12.84990978,80.22657776,65746,65766,20
12.84533978,80.22660065,65817,65837,20
12.78732014,80.22074127,66707,66737,30
12.7961998,80.2229538,68812,68832,20
12.8197403,80.23045349,69176,69197,21
12.84539032,80.22653961,69541,69571,30
12.86077023,80.22647858,69946,69966,20
12.88504982,80.22662354,70270,70291,21
12.90063953,80.22782135,70473,70503,30
12.91390991,80.22927856,70726,70746,20
13.01966,80.22450256,72527,72557,30
12.98003006,80.25282288,74237,74257,20
12.89282036,80.22747803,75462,75492,30
12.78637981,80.22041321,76797,76818,21
12.78616047,80.22061157,76838,76858,20
12.78647041,80.22039795,77222,77243,21
12.90631962,80.22824097,78589,78609,20
12.94871998,80.24062347,78983,79004,21
12.98754025,80.25773621,19620,19640,20
12.83948994,80.22775269,22425,22455,30
12.84541988,80.22654724,22526,22546,20
12.9016304,80.22792816,23164,23194,30
12.93964958,80.23561096,23630,23650,20
13.01449966,80.2261734,26364,26384,20
13.00671005,80.24733734,26738,26768,30
13.00611973,80.24742126,26789,26809,20
12.97873974,80.25261688,27176,27197,21
12.9650898,80.24726868,27328,27349,21
12.95166016,80.24166107,27581,27602,21
12.9471302,80.24002075,27673,27703,30
12.93389034,80.23297119,27875,27895,20
12.92605972,80.23101044,27976,27997,21
12.91329002,80.22928619,28118,28138,20
12.9011898,80.2279892,28310,28331,21
12.89958954,80.22789764,28361,28381,20
12.89251041,80.22743225,28462,28483,21
12.87267971,80.22673035,28746,28766,20
12.83160973,80.2293396,29201,29222,21
12.78746033,80.22084045,29758,29778,20
12.78631973,80.22194672,31735,31755,20
12.7864399,80.22035217,31836,31866,30
12.81966972,80.23045349,32342,32362,20
12.84541035,80.22654724,32777,32798,21
12.8728199,80.22663879,33122,33142,20
12.89237022,80.22730255,33385,33415,30
12.90062046,80.22783661,33496,33516,20
12.91399956,80.22927856,33719,33739,20
12.93970966,80.23564148,34053,34073,20
12.94723034,80.23995209,34174,34195,21
13.00667953,80.24040222,35349,35379,30
13.00695038,80.23999786,37556,37586,30
12.99800014,80.24886322,37862,37882,20
12.99098969,80.25061798,37963,37983,20
12.96498013,80.24733734,38510,38530,20
12.95639992,80.24368286,38672,38692,20
12.9471302,80.24005127,38823,38844,21
12.93978024,80.23583221,38925,38945,20
12.91329956,80.22931671,39249,39269,20
12.9070797,80.22834778,39340,39370,30
12.89920998,80.22786713,39532,39552,20
12.78627968,80.22041321,41081,41101,20
12.78619957,80.22151947,41577,41597,20
12.78617001,80.22068024,41628,41648,20
12.80144978,80.22355652,41901,41921,20
12.8394804,80.22759247,42347,42377,30
12.96306992,80.24645996,44090,44110,20
12.98785019,80.25395966,44576,44606,30
12.98721981,80.25858307,44880,44900,20
12.98686028,80.25866699,44920,44940,20
12.98715019,80.2591095,47352,47382,30
12.95646,80.24372101,48091,48111,20
12.94952011,80.24095917,48213,48233,20
12.94919968,80.24078369,48243,48263,20
12.93387985,80.23298645,48486,48506,20
12.84554005,80.2265625,49600,49620,20
12.8322401,80.2290802,49782,49802,20
12.80090046,80.22358704,50177,50197,20
12.79584026,80.22293854,50247,50268,21
12.78635979,80.22042084,50430,50460,30
12.78623009,80.22167969,50500,50521,21
12.78619957,80.22161865,51432,51462,30
12.78616047,80.22035217,51503,51523,20
12.80144024,80.22355652,51796,51817,21
12.80554008,80.22409821,51877,51898,21
12.84541988,80.22650146,52497,52517,20
12.87271976,80.22662354,52841,52871,30
12.90027046,80.22779846,53216,53246,30
12.90200996,80.22795868,53287,53307,20
12.90633965,80.2281723,53378,53408,30
12.91401005,80.22927094,53509,53530,21
12.93362045,80.23274994,53762,53783,21
12.97854042,80.25228119,54522,54542,20
12.98943996,80.25083923,54927,54947,20
13.00642967,80.24646759,55170,55190,20
13.00737,80.23670197,55362,55382,20
13.01556969,80.2250824,55686,55706,20
13.01441002,80.22624969,57075,57095,20
13.00691032,80.2403717,57348,57369,21
13.00627041,80.24752808,57541,57571,30
12.9799099,80.25279999,57976,57996,20
12.93404961,80.23303986,58776,58796,20
12.78617001,80.22038269,60821,60841,20
12.7862196,80.22148132,60872,60902,30
12.78652,80.22045898,61793,61813,20
12.84560966,80.22660065,62623,62643,20
12.87292957,80.22666931,62917,62937,20
12.89227962,80.22740173,63180,63210,30
12.91394997,80.22927856,63565,63585,20
12.9486599,80.24053955,64091,64111,20
12.96632957,80.24777222,64567,64587,20
12.97859001,80.252388,64739,64759,20
12.97959042,80.25261688,64780,64800,20
12.98777008,80.25493622,65083,65104,21
12.98668003,80.25875092,73529,73549,20
12.98701954,80.25865936,74239,74259,20
13.07522011,80.27498627,21485,21505,20
13.08218002,80.27555847,22204,22225,21
13.06869984,80.27192688,22539,22569,30
12.94919014,80.2408371,24273,24293,20
12.89943981,80.22785187,24769,24789,20
12.78629971,80.22032928,25822,25842,20
12.78633022,80.22183228,27220,27240,20
12.90085983,80.2278595,28456,28476,20
12.91415977,80.2293396,28699,28719,20
12.96664047,80.24783325,29418,29438,20
13.01963043,80.22442627,30441,30461,20
13.07398033,80.27645111,33775,33805,30
13.01449966,80.22622681,35194,35224,30
13.0061903,80.24738312,35609,35639,30
12.99806976,80.24886322,35730,35751,21
12.99355984,80.24997711,35801,35822,21
12.96516037,80.24729919,36328,36358,30
12.95641994,80.2435379,36520,36541,21
12.94919968,80.24078369,36652,36672,20
12.94721985,80.24001312,36703,36733,30
12.90124035,80.22801971,37310,37331,21
12.83216,80.22911072,38090,38110,20
12.78629971,80.22038269,38627,38647,20
12.78592968,80.22020721,38657,38677,20
12.72196007,80.18786621,39427,39447,20
12.7857399,80.22013092,42731,42761,30
12.78641987,80.22039795,42772,42792,20
12.79644012,80.22296143,42913,42934,21
12.80550003,80.22412109,43065,43086,21
12.84578991,80.22660065,43501,43521,20
12.90215969,80.22798157,44088,44108,20
12.93574047,80.23374176,44463,44483,20
12.9664402,80.24781036,44908,44929,21
13.02247047,80.22669983,45974,45994,20
13.03542995,80.24613953,46450,46470,20
13.05342007,80.25250244,46865,46885,20
13.05420971,80.25357056,46926,46946,20
13.06571007,80.26734161,47402,47422,20
13.08150959,80.27542877,51046,51066,20
13.06527996,80.2675705,51482,51502,20
13.05850029,80.26531982,51684,51705,21
13.05648994,80.25733948,51846,51867,21
13.03293991,80.24320984,52314,52334,20
13.03248978,80.24249268,52365,52385,20
13.02338982,80.22753906,52780,52800,20
12.9802103,80.25273132,53611,53631,20
12.93968964,80.23570251,54269,54289,20
12.93381023,80.23287201,54360,54380,20
12.91329956,80.22924805,54542,54562,20
12.83213043,80.22913361,55423,55443,20
12.80488014,80.22395325,55687,55707,20
12.78647995,80.22041321,56051,56071,20
12.78623009,80.2215271,57338,57368,30
12.78627968,80.22033691,57439,57469,30
12.78929996,80.22142792,57520,57540,20
12.79640961,80.22296906,57611,57631,20
12.8453598,80.22651672,58269,58289,20
12.89210987,80.22730255,58786,58816,30
12.97854042,80.25237274,59914,59934,20
13.00736046,80.2368927,60471,60491,20
13.02460003,80.22889709,60967,60987,20
13.02602005,80.23105621,61028,61058,30
13.0265398,80.23285675,61099,61119,20
13.06577015,80.26750183,62051,62071,20
13.06634998,80.26831818,62091,62112,21
13.07439995,80.27642059,64290,64311,21
13.04708958,80.24862671,65182,65202,20
13.02624035,80.23229218,65830,65850,20
13.02620029,80.23197174,65850,65870,20
13.00823021,80.23365784,66245,66265,20
13.00669003,80.24376678,66518,66539,21
12.96512032,80.24741364,67472,67493,21
12.94933987,80.24099731,67746,67766,20
12.94715023,80.24008179,67797,67817,20
12.93974018,80.23584747,67898,67918,20
12.91335964,80.22939301,68222,68252,30
12.88477039,80.2268219,68870,68890,20
12.87267017,80.22680664,69062,69083,21
12.86112976,80.22670746,69185,69215,30
12.8322897,80.22921753,69550,69570,20
12.79568958,80.22303009,70026,70046,20
12.78623009,80.22044373,70259,70279,20
12.72974014,80.18904877,70927,70947,20
12.72498035,80.18811798,71008,71028,20
12.78619003,80.22042847,73236,73257,21
12.83106041,80.22943115,73773,73793,20
12.83932018,80.22781372,73895,73915,20
12.84537029,80.22664642,73986,74006,20
12.90260029,80.22808075,74655,74676,21
12.91401958,80.22939301,74797,74817,20
12.93974018,80.23577118,75091,75111,20
12.94713974,80.24002075,75182,75212,30
13.00642967,80.24658203,76124,76144,20
13.03567028,80.24624634,77218,77238,20
13.0821104,80.27844238,78476,78496,20
13.01445961,80.22575378,23385,23415,30
13.0234499,80.22769928,23902,23932,30
13.00699043,80.23995972,24388,24408,20
12.9565897,80.24362183,25401,25422,21
12.90221977,80.22810364,26131,26151,20
12.80500984,80.22408295,27347,27367,20
12.78635025,80.22048187,27600,27621,21
12.7865696,80.22044373,29273,29303,30
12.84533024,80.22647858,30134,30154,20
12.87261963,80.2265625,30438,30458,20
12.88516045,80.22657776,30621,30641,20
12.90040016,80.22776031,30813,30833,20
12.90297985,80.2279129,30884,30904,20
12.93360043,80.23265839,31330,31350,20
12.9394598,80.23542786,31431,31452,21
13.01570034,80.22506714,33063,33083,20
13.02000046,80.22489166,34117,34137,20
12.91329956,80.2293396,36042,36063,21
12.7869997,80.22074127,37755,37775,20
12.78629971,80.22048187,37796,37816,20
12.83146954,80.22915649,39630,39660,30
12.84531975,80.22650909,39822,39843,21
12.96658039,80.24768066,41536,41556,20
13.02334023,80.22743225,43097,43117,20
13.00819969,80.2334671,43837,43857,20
12.96376991,80.24697113,44657,44678,21
12.93982029,80.23586273,45146,45166,20
12.90686989,80.22833252,45541,45571,30
12.84549046,80.22664642,46453,46473,20
12.78689003,80.22068787,47162,47183,21
12.78617954,80.22141266,47254,47274,20
12.87267971,80.22653198,49252,49272,20
12.88514042,80.22659302,49424,49445,21
12.93972015,80.23561096,50154,50174,20
12.96667004,80.24780273,50671,50691,20
12.98725986,80.25135803,51046,51076,30
12.98952961,80.25086212,51117,51137,20
12.99668026,80.24902344,51218,51238,20
13.0064497,80.24643707,51340,51360,20
13.00736046,80.23719788,51532,51553,21
13.02437019,80.22840881,51998,52019,21
13.01109982,80.22380066,55445,55466,21
13.01955032,80.22442627,55628,55658,30
13.00687027,80.23970032,56745,56775,30
12.99108982,80.25066376,57130,57150,20
12.9803896,80.25273895,57312,57332,20
12.9562397,80.24359131,57839,57869,30
12.94717979,80.24008942,58021,58042,21
12.90155029,80.22808075,58700,58721,21
12.88490009,80.22679901,58994,59015,21
12.85048962,80.22666931,59369,59389,20
12.8322401,80.22917938,59623,59643,20
12.78625965,80.22170258,60413,60433,20
12.78617001,80.22167969,60879,60899,20
12.78614044,80.22097778,60920,60940,20
12.87298012,80.22662354,61984,62004,20
12.93974018,80.23561859,62957,62977,20
12.95625019,80.24324799,63291,63321,30
12.96253014,80.24610901,63423,63443,20
12.96636009,80.24767303,63534,63554,20
12.98964024,80.25080109,64061,64081,20
13.00646973,80.24649811,64274,64294,20
13.00667,80.24494171,66858,66879,21
13.00667953,80.24510193,66879,66899,20
13.00634956,80.24738312,66960,66980,20
12.98983002,80.25095367,67193,67213,20
12.96385956,80.2469635,67699,67720,21
12.9133997,80.22933197,68480,68500,20
12.90668964,80.22834015,68571,68601,30
12.90213966,80.22805023,68662,68682,20
12.90040016,80.22799683,68753,68774,21
12.83216,80.22915649,69726,69746,20
12.78750038,80.22088623,70304,70324,20
12.78614998,80.22051239,71338,71358,20
12.83104038,80.22930145,71885,71905,20
12.83944988,80.22754669,72047,72067,20
12.8502903,80.22650146,72219,72239,20
12.94869995,80.24051666,73638,73658,20
12.95872974,80.24429321,73833,73853,20
12.97854042,80.25232697,74066,74086,20
13.00739002,80.23670959,74745,74765,20
13.02348042,80.22775269,75413,75434,21
12.99104023,80.25066376,76338,76358,20
12.90725994,80.22841644,77637,77658,21
12.84539986,80.22667694,78510,78531,21
12.83967972,80.22773743,78602,78622,20
12.78612995,80.22180176,79280,79301,21
12.96327972,80.24653625,81439,81469,30
13.02015018,80.22480774,82270,82290,20
13.00697994,80.24001312,22081,22101,20
12.78783989,80.22093964,24609,24629,20
12.7862196,80.22167969,24730,24760,30
12.80554962,80.22412109,27278,27299,21
12.90287971,80.22792816,28421,28441,20
12.95639992,80.24336243,29139,29159,20
12.9665699,80.2477417,29311,29331,20
12.96699047,80.24794769,29341,29362,21
12.97966003,80.25260162,29523,29544,21
13.01142979,80.22328186,30303,30333,30
13.00691032,80.24005127,31830,31850,20
13.00681973,80.24066162,31860,31880,20
13.00615978,80.24746704,32002,32022,20
12.97867012,80.25263214,32558,32578,20
12.96512032,80.24736786,32730,32750,20
12.96374035,80.24688721,32780,32801,21
12.95938015,80.24484253,32861,32882,21
12.9472599,80.2400589,33064,33084,20
12.93992996,80.23587036,33195,33215,20
12.9358902,80.23378754,33266,33286,20
12.9133997,80.22931671,33549,33579,30
12.84552002,80.22662354,34530,34550,20
12.83230019,80.22914124,34691,34712,21
12.80550003,80.22413635,35005,35025,20
12.79594994,80.22296143,35167,35187,20
12.7863903,80.22039795,35318,35339,21
12.78637028,80.22177124,35784,35804,20
12.7862196,80.22042847,35844,35864,20
12.78647995,80.22038269,35875,35895,20
12.79640007,80.22293091,36046,36067,21
12.8013401,80.22354889,36127,36148,21
12.8309803,80.2293396,36491,36512,21
12.83139992,80.22923279,36522,36552,30
12.83940983,80.22766113,36653,36683,30
12.84539032,80.22653198,36754,36774,20
12.90293026,80.22794342,37513,37533,20
12.9139204,80.22926331,37745,37765,20
12.95096016,80.24128723,38311,38332,21
12.96650028,80.24775696,38635,38655,20
12.97848988,80.25229645,38797,38827,30
13.00652981,80.24635315,39323,39343,20
13.0074501,80.23655701,39484,39505,21
13.0155201,80.22502899,39838,39859,21
13.01976967,80.22451782,39980,40010,30
13.00611973,80.24742889,41274,41294,20
12.95166016,80.24172974,42184,42204,20
12.93387985,80.23298645,42498,42518,20
12.84552002,80.22664642,43640,43660,20
12.84023952,80.22754669,43721,43741,20
12.83971024,80.22770691,43812,43842,30
12.78738022,80.22084808,44550,44570,20
12.78623009,80.22039795,44783,44803,20
12.83940029,80.22762299,47139,47159,20
12.95639038,80.24333191,48797,48817,20
12.95895958,80.24443817,48858,48878,20
12.96693993,80.24791718,48999,49020,21
12.97854996,80.25229645,49141,49161,20
12.98612022,80.25157166,49343,49363,20
13.00644016,80.24646759,49778,49798,20
13.00741959,80.23654175,49950,49970,20
13.01554966,80.22501373,50233,50253,20
13.0239296,80.22786713,50445,50465,20
13.02427006,80.22830963,50476,50506,30
12.96506977,80.24736023,52255,52275,20
12.95656013,80.24356842,52508,52528,20
12.89305973,80.22747803,53479,53499,20
12.83226013,80.22911835,54217,54237,20
12.78623962,80.2203598,54793,54813,20
12.78617954,80.22180176,54864,54884,20
12.78614044,80.22125244,56259,56280,21
12.80543995,80.22409058,56593,56613,20
12.93972015,80.23564911,58251,58272,21
12.94861984,80.24047852,58403,58423,20
12.96687031,80.24800873,58706,58727,21
13.01513004,80.22480011,59788,59809,21
13.02394962,80.22801971,59991,60011,20
12.97867966,80.25260925,61548,61568,20
12.93385983,80.23296356,62276,62296,20
12.91368008,80.22939301,62488,62518,30
12.90635967,80.22830963,62680,62700,20
12.84533978,80.22666168,63479,63509,30
12.80558968,80.22422028,64035,64055,20
12.78701973,80.22067261,64480,64510,30
12.78617001,80.22064209,65866,65886,20
12.78672981,80.22057343,65906,65936,30
12.80156994,80.22364807,66149,66169,20
12.84525967,80.22657776,66755,66776,21
12.84556961,80.2265625,66786,66806,20
12.8499403,80.22657013,66857,66877,20
12.90009022,80.22786713,67403,67423,20
12.90027046,80.22786713,67423,67443,20
12.91382027,80.22930145,67817,67837,20
12.93560028,80.23368835,68070,68090,20
12.96298027,80.24649811,68576,68596,20
13.00656986,80.24606323,69162,69182,20
13.01556969,80.22515106,69708,69728,20
13.01947021,80.22444153,69789,69809,20
13.02400017,80.22841644,70082,70102,20
13.01441956,80.22628021,70487,70517,30
13.00901031,80.22958374,70618,70648,30
13.00829983,80.2334671,70709,70729,20
13.00695992,80.23983765,70881,70901,20
13.00683975,80.24067688,70911,70932,21
13.00671959,80.24279022,70972,70992,20
12.95938015,80.24488831,72024,72044,20
12.95176029,80.24178314,72206,72226,20
12.94948006,80.24108124,72266,72287,21
12.93391037,80.23304749,72550,72570,20
12.89976025,80.22799683,73035,73055,20
12.8453598,80.22667694,73834,73854,20
12.78686047,80.22067261,74542,74572,30
12.78610039,80.22086334,75037,75057,20
12.80535984,80.22412872,75351,75371,20
12.94874001,80.24064636,76999,77019,20
13.01422024,80.22563934,20536,20566,30
13.01422024,80.22605896,20576,20606,30
12.92619991,80.23101807,21931,21951,20
12.78647995,80.22042084,24338,24358,20
13.01554966,80.22493744,27585,27605,20
13.01988029,80.22476959,28030,28060,30
13.01500988,80.22598267,28121,28151,30
12.99818039,80.24886322,28748,28768,20
12.92897034,80.2313385,29881,29901,20
12.87662029,80.22698212,30712,30742,30
12.83977985,80.22766113,31238,31258,20
12.83238029,80.22914124,31339,31359,20
12.78649998,80.22045898,31986,32006,20
12.80134964,80.22354126,34830,34850,20
12.80560017,80.22413635,34910,34931,21
12.8393898,80.22766876,35386,35406,20
12.83948994,80.22763824,35416,35446,30
12.87230968,80.22657776,35780,35800,20
12.97852039,80.25231934,37489,37509,20
12.97939968,80.25257111,37529,37550,21
13.01918983,80.22428894,38461,38491,30
12.95158005,80.24166107,40968,40989,21
12.94711018,80.24002075,41059,41080,21
12.87650967,80.22699738,42081,42101,20
12.83224964,80.22914886,42708,42728,20
12.78701973,80.22065735,43274,43304,30
12.7862196,80.22138214,43820,43850,30
12.78670979,80.22052002,43972,44002,30
12.89194012,80.2273407,45276,45296,20
12.91394997,80.22927094,45701,45731,30
12.93562031,80.2336731,45984,46004,20
12.95643044,80.24330902,46378,46398,20
12.96304035,80.24639893,46500,46520,20
12.96708012,80.24807739,46591,46611,20
13.01968002,80.22447968,47764,47784,20
13.02420044,80.22824097,49464,49485,21
13.00885963,80.23023987,50193,50213,20
13.00876045,80.23081207,50233,50253,20
12.96407986,80.24697876,51507,51527,20
12.95672035,80.24376678,51639,51659,20
12.95664978,80.24373627,51659,51679,20
12.93402004,80.23301697,52043,52063,20
12.89925003,80.22789764,52458,52478,20
12.78798962,80.22093201,53752,53772,20
12.78678036,80.22049713,53843,53863,20
12.78625011,80.22164154,53924,53944,20
12.78612995,80.22070313,54844,54864,20
12.78614044,80.22033691,54874,54894,20
12.78639984,80.22036743,54905,54925,20
12.79640961,80.22296143,55056,55076,20
12.8394804,80.22759247,55633,55653,20
12.95619011,80.24324036,57230,57250,20
12.97939968,80.25256348,57655,57675,20
13.00741959,80.23661804,58160,58181,21
13.01947975,80.22434235,58535,58555,20
13.01445007,80.22624207,59799,59819,20
12.99112034,80.25061798,60466,60486,20
12.84517002,80.22666168,62498,62519,21
12.78656006,80.22049713,64491,64511,20
12.8453598,80.2265625,65411,65441,30
12.85009003,80.22650909,65512,65532,20
12.87675953,80.22688293,65856,65876,20
12.96290016,80.24635315,67130,67160,30
12.96675968,80.24790955,67231,67251,20
12.98472023,80.25215912,67504,67524,20
13.00734997,80.23696899,68010,68030,20
13.01095963,80.22412872,68161,68182,21
13.01941013,80.22432709,68374,68404,30
13.02256966,80.22679901,69334,69355,21
13.00667953,80.24299622,69850,69870,20
13.00666046,80.24468994,69951,69971,20
12.93387032,80.23297882,71137,71158,21
12.89945984,80.22789001,71633,71653,20
12.89301014,80.22747803,71744,71764,20
12.78612995,80.22068787,74616,74646,30
12.87269974,80.22660828,75627,75648,21
12.9489603,80.24067688,76558,76588,30
13.02013969,80.22499847,78015,78035,20
12.98686028,80.25937653,18946,18966,20
12.9868803,80.25855255,20139,20160,21
12.78623009,80.22177124,23002,23022,20
12.78647995,80.22042847,23376,23396,20
12.80558968,80.22413635,23599,23619,20
12.84545994,80.22653961,24003,24023,20
12.90273952,80.22798157,24620,24640,20
12.97974014,80.25266266,25642,25662,20
12.98742962,80.25141907,25753,25773,20
13.01509953,80.22453308,26350,26370,20
13.01951027,80.22434998,26431,26451,20
13.01968002,80.22447205,26461,26481,20
13.02344036,80.22766113,26602,26623,21
12.97856045,80.25253296,27412,27432,20
12.8726902,80.22672272,28777,28797,20
12.80502033,80.22399902,29465,29485,20
12.79603004,80.22297668,29566,29586,20
12.78781986,80.22094727,29677,29697,20
12.78701973,80.22062683,29748,29768,20
12.78619003,80.22052002,31478,31498,20
12.78649044,80.22039795,31508,31538,30
12.80562973,80.22418213,31791,31821,30
12.81987,80.23046875,31953,31973,20
12.83121014,80.22930908,32115,32135,20
12.84552002,80.22653961,32307,32337,30
12.8726902,80.22662354,32590,32610,20
12.94754982,80.24008179,33682,33703,21
12.94859982,80.24047852,33733,33763,30
12.95878983,80.24443054,33955,33976,21
13.01947975,80.22437286,35108,35129,21
13.02429962,80.2283783,35250,35270,20
13.02355003,80.22781372,35300,35321,21
13.02000046,80.22473907,35998,36019,21
12.93585014,80.23390198,37495,37525,30
12.80519962,80.22405243,38953,38974,21
12.78831005,80.221138,39125,39146,21
12.78660011,80.22049713,39247,39277,30
12.84533024,80.22653961,41209,41229,20
12.89229012,80.22727966,41837,41867,30
12.89999962,80.22783661,41958,41978,20
12.90627956,80.22824097,42100,42130,30
12.95615959,80.24340057,42707,42727,20
12.96619987,80.2477417,42879,42899,20
12.98950958,80.25089264,43202,43222,20
13.0153904,80.22483826,43829,43849,20
13.02441025,80.22852325,44062,44092,30
13.02342033,80.22769928,44143,44173,30
13.00621033,80.24736023,45013,45034,21
12.95683956,80.24381256,45792,45822,30
12.93375969,80.23291779,46237,46257,20
12.89941978,80.22789001,46722,46743,21
12.78709984,80.22065735,47875,47896,21
12.78682041,80.22058105,47906,47936,30
12.78641987,80.22039795,49908,49929,21
12.87283993,80.22660828,50910,50930,20
12.96671963,80.24786377,52224,52244,20
12.9783802,80.25222778,52366,52386,20
12.97939014,80.25256348,52406,52426,20
12.98241997,80.25257874,52467,52487,20
12.98406029,80.25231171,52619,52649,30
13.01941967,80.22434235,53792,53822,30
13.02324009,80.22746277,53974,54004,30
13.02268982,80.22691345,54267,54287,20
13.01467991,80.22605896,54409,54429,20
13.01455975,80.22612,54429,54449,20
13.00613022,80.24742126,54783,54803,20
12.96345997,80.24668884,55439,55460,21
12.95689964,80.24373627,55562,55592,30
12.94935989,80.24085999,55764,55794,30
12.80541039,80.22412109,57402,57432,30
12.78785038,80.22096252,57655,57675,20
12.78773975,80.22090912,57685,57705,20
12.78715992,80.22068024,57736,57756,20
12.79627991,80.22293854,59010,59030,20
12.8309803,80.22942352,59425,59455,30
12.90032005,80.22788239,60234,60254,20
12.90254021,80.22802734,60305,60325,20
13.01119041,80.22383881,62348,62368,20
13.02431011,80.22846985,63359,63389,30
13.01986027,80.22473907,63501,63531,30
13.01428032,80.22628784,63592,63622,30
13.00687027,80.24066925,63865,63885,20
12.99100971,80.25066376,64168,64188,20
12.93395042,80.23303223,65038,65058,20
12.90742016,80.22840118,65341,65362,21
12.90141964,80.2280426,65463,65483,20
12.89972973,80.22792053,65523,65544,21
12.84535027,80.22666931,66191,66221,30
12.80504036,80.22406006,66737,66767,30
12.78822041,80.221138,67010,67030,20
12.84572983,80.22663116,69104,69124,20
12.86079979,80.22660828,69255,69276,21
12.94839001,80.24051666,70489,70509,20
13.0243597,80.22853851,71936,71966,30
13.02305031,80.22746277,72027,72047,20
