13.0985498428,80.2411422729,20,666,646
13.0986003876,80.2412567139,666,797,131
13.0986003876,80.2412567139,797,807,10
13.0984201431,80.2412185669,807,1583,776
13.0984201431,80.2412185669,1583,1593,10
13.0985403061,80.2412033081,1593,1603,10
13.0983400345,80.2410736084,1603,21105,19502
13.0983400345,80.2410736084,21105,21115,10
13.0984601974,80.2410125732,21115,21125,10
13.0983600616,80.2407302856,21125,21549,424
13.0983600616,80.2407302856,21549,21559,10
13.0985603333,80.2407913208,21559,21569,10
13.0988798141,80.2409820557,21569,21579,10
13.0988903046,80.241317749,21579,21589,10
13.0988397598,80.2415618896,21589,21599,10
13.0988397598,80.2415771484,21599,21609,10
13.0988397598,80.2416992188,21609,21620,11
13.0988101959,80.241859436,21620,21630,10
13.0987596512,80.2421417236,21630,21640,10
13.0983800888,80.2422714233,21640,21650,10
13.0979604721,80.2422332764,21650,21660,10
13.0974998474,80.2421798706,21660,21670,10
13.0974502563,80.2418670654,21670,21680,10
13.0975704193,80.2412796021,21680,21690,10
13.0976400375,80.2406768799,21690,21700,10
13.0976896286,80.240020752,21700,21710,10
13.0977401733,80.2394332886,21710,21721,11
13.0977802277,80.2387619019,21721,21731,10
13.0979003906,80.2381286621,21731,21741,10
13.0980195999,80.2374725342,21741,21751,10
13.0981302261,80.2368469238,21751,21761,10
13.0982398987,80.2361984253,21761,21771,10
13.0983400345,80.2355575562,21771,21781,10
13.0984401703,80.2348327637,21781,21791,10
13.0985202789,80.2341308594,21791,21801,10
13.0985803604,80.2335205078,21801,21811,10
13.0986795425,80.2328567505,21811,21822,11
13.0988397598,80.2322235107,21822,21832,10
13.0990800858,80.231590271,21832,21842,10
13.0993299484,80.2310409546,21842,21852,10
13.0994997025,80.2305984497,21852,21862,10
13.0996398926,80.230140686,21862,21872,10
13.0997800827,80.229637146,21872,21882,10
13.0998601913,80.2291564941,21882,21892,10
13.0999298096,80.2287063599,21892,21908,16
13.1000299454,80.2279434204,21908,21920,12
13.1000404358,80.2272796631,21920,21931,11
13.1000204086,80.2267379761,21931,21941,10
13.0999803543,80.2261886597,21941,21951,10
13.0999202728,80.2256469727,21951,21961,10
13.0998401642,80.2250823975,21961,21971,10
13.099729538,80.224609375,21971,21981,10
13.0994997025,80.2239379883,21981,21991,10
13.0993299484,80.2237091064,21991,22000,9
13.0991802216,80.2235107422,22000,22011,11
13.0989599228,80.2232208252,22011,22021,10
13.0987901688,80.2229766846,22021,22032,11
13.098739624,80.2224197388,22032,22041,9
13.0987596512,80.2218017578,22041,22052,11
13.0988903046,80.2209701538,22052,22062,10
13.0990200043,80.2202682495,22062,22072,10
13.0991401672,80.2195968628,22072,22082,10
13.0992002487,80.2192382813,22082,22092,10
13.0992603302,80.2189102173,22092,22102,10
13.099360466,80.2182006836,22102,22112,10
13.0994701385,80.2175598145,22112,22122,10
13.0996303558,80.2169418335,22122,22133,11
13.0998897552,80.2162780762,22133,22143,10
13.0999202728,80.2158279419,22143,22153,10
13.1000699997,80.2154922485,22153,22163,10
13.1002397537,80.2151107788,22163,22173,10
13.1002702713,80.2146530151,22173,22476,303
13.1002702713,80.2146530151,22476,22486,10
13.0999698639,80.2144165039,22486,22496,10
13.099820137,80.2144012451,22496,22506,10
13.0993795395,80.2143096924,22506,22516,10
13.098859787,80.2141418457,22516,22526,10
13.0984601974,80.2141418457,22526,22536,10
13.0982198715,80.2146911621,22536,22547,11
13.097869873,80.2154998779,22547,22557,10
13.0975198746,80.2163314819,22557,22567,10
13.0973796844,80.2167282104,22567,22577,10
13.0973396301,80.2168502808,22577,22587,10
13.0971698761,80.2173233032,22587,22597,10
13.0968999863,80.2180480957,22597,22607,10
13.0965995789,80.2189788818,22607,22617,10
13.0962295532,80.2200469971,22617,22627,10
13.0959100723,80.2209625244,22627,22637,10
13.0955295563,80.2220687866,22637,22648,11
13.0953998566,80.2224273682,22648,22657,9
13.0953502655,80.2225418091,22657,22668,11
13.0951299667,80.2230529785,22668,22678,10
13.0947303772,80.2237091064,22678,22688,10
13.0942001343,80.2244262695,22688,22698,10
13.0937299728,80.2250137329,22698,22708,10
13.0936603546,80.2250976563,22708,22718,10
13.0933704376,80.2254104614,22718,22728,10
13.0928602219,80.2259292603,22728,22738,10
13.0922298431,80.2265472412,22738,22748,10
13.0915298462,80.2272872925,22748,22759,11
13.0912599564,80.2276000977,22759,22769,10
13.0910902023,80.2277832031,22769,22779,10
13.090669632,80.2282333374,22779,22789,10
13.0901098251,80.2288208008,22789,22799,10
13.0895299911,80.2294998169,22799,22809,10
13.0892000198,80.2301330566,22809,22819,10
13.0890703201,80.2304229736,22819,22829,10
13.0888500214,80.2309188843,22829,22839,10
13.0888395309,80.2309265137,22839,22849,10
13.088760376,80.2311172485,22849,22860,11
13.08852005,80.2317123413,22860,22870,10
13.0882997513,80.2325210571,22870,22880,10
13.0881004333,80.2334365845,22880,22890,10
13.0880203247,80.2342529297,22890,22900,10
13.0874595642,80.2345733643,22900,22910,10
13.0867099762,80.2345581055,22910,22920,10
13.0861501694,80.2344589233,22920,22930,10
13.0860500336,80.2344436646,22930,22940,10
13.085559845,80.2343292236,22940,22950,10
13.084980011,80.2341766357,22950,22961,11
13.084230423,80.2339935303,22961,22971,10
13.0836000443,80.2338790894,22971,22981,10
13.0830402374,80.2338104248,22981,22991,10
13.0824098587,80.2336502075,22991,23001,10
13.0823497772,80.2336425781,23001,23011,10
13.0822696686,80.2336120605,23011,23021,10
13.0818004608,80.2335662842,23021,23031,10
13.081199646,80.2335586548,23031,23041,10
13.0805397034,80.2335586548,23041,23051,10
13.0796003342,80.2335205078,23051,23072,21
13.0796003342,80.2335205078,23072,23082,10
13.0792703629,80.2335510254,23082,23092,10
13.0787000656,80.233581543,23092,23102,10
13.0779495239,80.2336425781,23102,23112,10
13.0772304535,80.2337112427,23112,23122,10
13.0764799118,80.2338409424,23122,23132,10
13.0760097504,80.2339172363,23132,23142,10
13.0758800507,80.2340774536,23142,23152,10
13.0760002136,80.2345733643,23152,23162,10
13.0761404037,80.2352905273,23162,23173,11
13.0763101578,80.2362365723,23173,23183,10
13.0764598846,80.2370223999,23183,23193,10
13.0765104294,80.2372436523,23193,23203,10
13.07654953,80.2373123169,23203,23219,16
13.0767002106,80.2379226685,23219,23231,12
13.0768699646,80.2387924194,23231,23241,10
13.0770196915,80.2394332886,23241,23251,10
13.0772600174,80.240562439,23251,23272,21
13.0772600174,80.240562439,23272,23282,10
13.0772600174,80.2405929565,23282,23292,10
13.0769195557,80.2406616211,23292,23302,10
13.0762701035,80.2405319214,23302,23312,10
13.0754699707,80.2405166626,23312,23322,10
13.074640274,80.2405166626,23322,23332,10
13.0737800598,80.2406005859,23332,23342,10
13.0728998184,80.2408828735,23342,23352,10
13.0719203949,80.2414398193,23352,23362,10
13.0702104568,80.2420501709,23362,23383,21
13.0695695877,80.2422027588,23383,23424,41
13.0695695877,80.2422027588,23424,23433,9
13.0692796707,80.2423171997,23433,23445,12
13.068570137,80.2425689697,23445,23455,10
13.0678901672,80.242767334,23455,23465,10
13.0671796799,80.243057251,23465,23476,11
13.0663995743,80.2434234619,23476,23486,10
13.0661497116,80.244140625,23486,23496,10
13.0663003922,80.2451782227,23496,23505,9
13.0666599274,80.2460174561,23505,23516,11
13.0676803589,80.2464370728,23516,23526,10
13.0678300858,80.2465286255,23526,23536,10
13.067899704,80.2466201782,23536,23546,10
13.0679702759,80.2471313477,23546,23556,10
13.0678701401,80.2478027344,23556,23566,10
13.0671901703,80.2478866577,23566,23577,11
13.0660495758,80.247833252,23577,23587,10
13.0650596619,80.2477722168,23587,23597,10
13.064040184,80.2476501465,23597,23607,10
13.0630302429,80.2476119995,23607,23617,10
13.0621299744,80.2475967407,23617,23627,10
13.0614500046,80.247177124,23627,23637,10
13.0616102219,80.2466888428,23637,23647,10
13.0619001389,80.2461013794,23647,23657,10
13.0621099472,80.2452392578,23657,23667,10
13.0628004074,80.2446975708,23667,23677,10
13.0631504059,80.2442932129,23677,23688,11
13.0631904602,80.2442626953,23688,23698,10
13.0633802414,80.243927002,23698,23708,10
13.06346035,80.243522644,23708,23718,10
13.0629301071,80.2434082031,23718,23728,10
13.0623197556,80.2432785034,23728,23738,10
13.0616998672,80.2431488037,23738,23748,10
13.0609903336,80.243019104,23748,23758,10
13.0600996017,80.242729187,23758,23768,10
13.0592699051,80.2425308228,23768,23778,10
13.0587997437,80.2426223755,23778,23789,11
13.0586004257,80.2426528931,23789,23799,10
13.0580797195,80.2427902222,23799,23809,10
13.0573596954,80.2428665161,23809,23819,10
13.0565595627,80.2426986694,23819,23829,10
13.0558004379,80.2423706055,23829,23839,10
13.0549201965,80.2423934937,23839,23849,10
13.0539798737,80.2423171997,23849,23859,10
13.0537700653,80.2422485352,23859,23869,10
13.053730011,80.2422103882,23869,23885,16
13.0527095795,80.2417831421,23885,23928,43
13.0527095795,80.2417831421,23928,23937,9
13.0525503159,80.2416534424,23937,23948,11
13.0523099899,80.2409667969,23948,23958,10
13.0517501831,80.2406997681,23958,23969,11
13.0512800217,80.2406005859,23969,23979,10
13.0509500504,80.240562439,23979,23990,11
13.0507497787,80.2405166626,23990,24000,10
13.050160408,80.2404022217,24000,24010,10
13.0494403839,80.2402267456,24010,24020,10
13.048620224,80.2400588989,24020,24030,10
13.0476903915,80.2398300171,24030,24040,10
13.0468196869,80.2396316528,24040,24050,10
13.0462598801,80.2395095825,24050,24060,10
13.0462999344,80.2392272949,24060,24070,10
13.0464401245,80.2387008667,24070,24080,10
13.0466003418,80.2378997803,24080,24091,11
13.0468196869,80.2367935181,24091,24101,10
13.0469503403,80.2361602783,24101,24111,10
13.0470600128,80.235710144,24111,24121,10
13.0471000671,80.2354431152,24121,24131,10
13.0471801758,80.2348098755,24131,24141,10
13.0472602844,80.2339172363,24141,24151,10
13.0472202301,80.2331008911,24151,24161,10
13.04666996,80.2329788208,24161,24171,10
13.0458602905,80.2327804565,24171,24181,10
13.0452604294,80.2326507568,24181,24191,10
13.0452299118,80.2326507568,24191,24202,11
13.0449199677,80.2325363159,24202,24212,10
13.0443096161,80.232421875,24212,24222,10
13.0435400009,80.2323074341,24222,24232,10
13.0428800583,80.2322998047,24232,24242,10
13.0423402786,80.2323074341,24242,24252,10
13.0417604446,80.2322387695,24252,24262,10
13.0408401489,80.2320098877,24262,24272,10
13.0398101807,80.2316513062,24272,24282,10
13.0386199951,80.2313308716,24282,24292,10
13.0374898911,80.2309799194,24292,24303,11
13.0361795425,80.2305679321,24303,24313,10
13.03565979,80.2304229736,24313,24323,10
13.0355195999,80.2303771973,24323,24333,10
13.0352201462,80.2303314209,24333,24343,10
13.0348100662,80.2303390503,24343,24353,10
13.0344104767,80.2304000854,24353,24363,10
13.0339803696,80.2304611206,24363,24373,10
13.0339603424,80.2304534912,24373,24383,10
13.0338001251,80.230430603,24383,24393,10
13.0336198807,80.2304382324,24393,24404,11
13.0335502625,80.2304611206,24404,24414,10
13.0331201553,80.2304916382,24414,24424,10
13.0323896408,80.2305679321,24424,24434,10
13.0317497253,80.2306365967,24434,24444,10
13.0312795639,80.230682373,24444,24454,10
13.0308103561,80.2307128906,24454,24464,10
13.0306997299,80.23072052,24464,24474,10
13.0304203033,80.2307662964,24474,24484,10
13.0301704407,80.2307815552,24484,24494,10
13.0298700333,80.230796814,24494,24504,10
13.0296001434,80.2308197021,24504,24521,17
13.0285997391,80.2309036255,24521,24533,12
13.0279798508,80.2309570313,24533,24543,10
13.0277500153,80.231010437,24543,24553,10
13.0276899338,80.2314834595,24553,24563,10
13.0277500153,80.2320175171,24563,24573,10
13.027879715,80.2325592041,24573,24583,10
13.0276403427,80.2327804565,24583,24593,10
13.027009964,80.2328872681,24593,24603,10
13.0269203186,80.2329406738,24603,24613,10
13.0267295837,80.2330093384,24613,24624,11
13.0264396667,80.2329025269,24624,24634,10
13.026260376,80.2323913574,24634,24644,10
13.0260896683,80.2317276001,24644,24654,10
13.0258798599,80.2309265137,24654,24664,10
13.0254001617,80.2300186157,24664,24674,10
13.024889946,80.2293624878,24674,24684,10
13.0247001648,80.2291183472,24684,24694,10
13.0244398117,80.2287902832,24694,24704,10
13.0242900848,80.2285995483,24704,24715,11
13.0242204666,80.2285308838,24715,24725,10
13.0240097046,80.2282867432,24725,24735,10
13.0240001678,80.2282791138,24735,24745,10
13.0238800049,80.2281265259,24745,24755,10
13.0237102509,80.2279129028,24755,24765,10
13.0233697891,80.2275772095,24765,24775,10
13.0228395462,80.2270202637,24775,24785,10
13.0221395493,80.2264099121,24785,24795,10
13.0213804245,80.2257919312,24795,24811,16
13.0201597214,80.2249679565,24811,24824,13
13.0196304321,80.2245788574,24824,24834,10
13.0189399719,80.2244796753,24834,24844,10
13.0180902481,80.2247619629,24844,24854,10
13.0171098709,80.2251815796,24854,24864,10
13.0162000656,80.2255630493,24864,24874,10
13.0153598785,80.2258682251,24874,24883,9
13.0147600174,80.2261123657,24883,24894,11
13.0145101547,80.2262268066,24894,24904,10
13.0143995285,80.2262573242,24904,24914,10
13.0143404007,80.2262802124,24914,24925,11
13.0142498016,80.22631073,24925,24935,10
13.0137796402,80.2265014648,24935,24945,10
13.0131196976,80.2267532349,24945,24955,10
13.0122995377,80.2270507813,24955,24965,10
13.0113096237,80.227432251,24965,24975,10
13.0102596283,80.2278671265,24975,24985,10
13.0092601776,80.2284011841,24985,24995,10
13.0089597702,80.2295379639,24995,25005,10
13.0087299347,80.2307128906,25005,25015,10
13.0085096359,80.2318878174,25015,25026,11
13.008310318,80.2331237793,25026,25036,10
13.0082798004,80.2335662842,25036,25046,10
13.0082302094,80.2337036133,25046,25056,10
13.0081195831,80.23412323,25056,25066,10
13.0079803467,80.2348403931,25066,25076,10
13.0077896118,80.2358169556,25076,25086,10
13.0075597763,80.2369384766,25086,25096,10
13.0073404312,80.238067627,25096,25106,10
13.0071401596,80.2390899658,25106,25116,10
13.0069799423,80.2399520874,25116,25127,11
13.0069599152,80.2401809692,25127,25136,9
13.0069599152,80.2403106689,25136,25147,11
13.0069303513,80.2406997681,25147,25157,10
13.0068798065,80.2409133911,25157,25167,10
13.0067996979,80.2414779663,25167,25177,10
13.0067796707,80.2421798706,25177,25187,10
13.0067501068,80.2429428101,25187,25197,10
13.0067195892,80.2436981201,25197,25207,10
13.0067195892,80.2446365356,25207,25217,10
13.0067100525,80.2455673218,25217,25228,11
13.0067300797,80.2464828491,25228,25237,9
13.0067396164,80.246963501,25237,25248,11
13.0067396164,80.2473373413,25248,25258,10
13.0067300797,80.248008728,25258,25268,10
13.0067796707,80.2488021851,25268,25278,10
13.0068702698,80.2494735718,25278,25288,10
13.0068798065,80.2495193481,25288,25298,10
13.0068798065,80.2498779297,25298,25308,10
13.0068597794,80.2505569458,25308,25318,10
13.0068798065,80.2512130737,25318,25329,11
13.0067501068,80.2518920898,25329,25339,10
13.0066003799,80.2526473999,25339,25349,10
13.0066204071,80.2535400391,25349,25359,10
13.006649971,80.2545166016,25359,25369,10
13.0066604614,80.2548675537,25369,25379,10
13.0066204071,80.255027771,25379,25389,10
13.0066299438,80.2556304932,25389,25399,10
13.0066404343,80.256439209,25399,25409,10
13.0067195892,80.2572631836,25409,25500,91
13.0067195892,80.2572631836,25500,25510,10
13.0066604614,80.2574920654,25510,25520,10
13.0060796738,80.2574005127,25520,25530,10
13.0053501129,80.2572402954,25530,25541,11
13.0044698715,80.2570800781,25541,25551,10
13.0036697388,80.256942749,25551,25561,10
13.0029201508,80.2567901611,25561,25571,10
13.0021696091,80.2566604614,25571,25581,10
13.0014200211,80.2565536499,25581,25591,10
13.0006599426,80.2564468384,25591,25601,10
13.0002202988,80.256401062,25601,25611,10
13.0001401901,80.256401062,25611,25621,10
12.9996795654,80.2563095093,25621,25631,10
12.9989995956,80.2561416626,25631,25642,11
12.9982099533,80.2560119629,25642,25652,10
12.9977302551,80.2559509277,25652,25662,10
12.9970703125,80.2559585571,25662,25672,10
12.9968795776,80.257019043,25672,25692,20
12.9968795776,80.257019043,25692,25702,10
12.9968299866,80.2574310303,25702,25712,10
12.9967603683,80.2581329346,25712,25722,10
12.9966697693,80.2589492798,25722,25732,10
12.9965801239,80.2596511841,25732,25743,11
12.9965000153,80.2604904175,25743,25753,10
12.9963998795,80.2614212036,25753,25763,10
12.9963302612,80.2621078491,25763,25773,10
12.9962797165,80.2624435425,25773,25783,10
12.9962396622,80.2626190186,25783,25793,10
12.9961996078,80.2629623413,25793,25803,10
12.9961795807,80.2632827759,25803,25813,10
12.9961299896,80.2638015747,25813,25823,10
12.9960403442,80.2645263672,25823,25833,10
12.9959697723,80.265296936,25833,25844,11
12.9958496094,80.2662582397,25844,25854,10
12.9957704544,80.2670974731,25854,25864,10
12.9958200455,80.2676467896,25864,25874,10
12.9960002899,80.2676620483,25874,25884,10
12.9960403442,80.2676620483,25884,25894,10
12.9963998795,80.2677230835,25894,25904,10
12.9970397949,80.2676773071,25904,25914,10
12.9979000092,80.2674331665,25914,25924,10
12.9987897873,80.2671813965,25924,25934,10
12.9996900558,80.2668991089,25934,25944,10
13.0000696182,80.2666397095,25944,25955,11
13.0001296997,80.2665100098,25955,25965,10
13.0002002716,80.2660827637,25965,25975,10
13.0002298355,80.2657318115,25975,25985,10
13.0003499985,80.2656936646,25985,25995,10
13.0003995895,80.265953064,25995,26631,636
13.0003995895,80.265953064,26631,26641,10
13.0003004074,80.2665100098,26641,26672,31
13.0003004074,80.2665100098,26672,26682,10
13.0002498627,80.2667922974,26682,26692,10
12.9997997284,80.2670211792,26692,26702,10
12.9990901947,80.2671813965,26702,26712,10
12.9983501434,80.2673797607,26712,26722,10
12.9975795746,80.2676086426,26722,26732,10
12.9966697693,80.2678070068,26732,26742,10
12.995880127,80.2677383423,26742,26752,10
12.995759964,80.2677230835,26752,26762,10
12.9956798553,80.2674331665,26762,26773,11
12.9956998825,80.2673721313,26773,26783,10
12.9957304001,80.2671279907,26783,26793,10
12.9957895279,80.2666015625,26793,26803,10
12.9958696365,80.2658691406,26803,26813,10
12.9960002899,80.2647705078,26813,26823,10
12.9961204529,80.2636413574,26823,26833,10
12.9961996078,80.2628707886,26833,26843,10
12.9962301254,80.2625808716,26843,26853,10
12.9962596893,80.2624282837,26853,26863,10
12.9962997437,80.2620162964,26863,26874,11
12.9964103699,80.2612380981,26874,26884,10
12.9965000153,80.2602996826,26884,26894,10
12.9965600967,80.2595825195,26894,26904,10
12.9965801239,80.2593765259,26904,26914,10
12.9966402054,80.2588424683,26914,26924,10
12.996720314,80.2580184937,26924,26934,10
12.9968099594,80.2570419312,26934,26944,10
12.9968595505,80.2562103271,26944,26954,10
12.9968996048,80.2560119629,26954,26964,10
12.9971904755,80.2558364868,26964,26974,10
12.9978303909,80.2558822632,26974,26985,11
12.9988603592,80.2560119629,26985,27005,20
12.9988603592,80.2560119629,27005,27015,10
12.9990196228,80.2560195923,27015,27025,10
12.9994697571,80.2561264038,27025,27035,10
13.0001802444,80.2562713623,27035,27047,12
13.001250267,80.2564620972,27047,27057,10
13.0021896362,80.2566223145,27057,27067,10
13.0029401779,80.2567672729,27067,27077,10
13.0037202835,80.2569198608,27077,27088,11
13.0045404434,80.2570877075,27088,27098,10
13.0053796768,80.2572631836,27098,27108,10
13.0060396194,80.2573928833,27108,27118,10
13.0061502457,80.2574081421,27118,27141,23
13.0064601898,80.2575073242,27141,27153,12
13.0065603256,80.2570724487,27153,27163,10
13.0065202713,80.2562637329,27163,27173,10
13.0065402985,80.2552719116,27173,27183,10
13.0065402985,80.2541503906,27183,27194,11
13.0065402985,80.2532501221,27194,27204,10
13.0065402985,80.2532272339,27204,27214,10
13.0065402985,80.2528610229,27214,27224,10
13.0066003799,80.2521820068,27224,27234,10
13.0066699982,80.2518997192,27234,27244,10
13.0067396164,80.2515335083,27244,27254,10
13.0067796707,80.2508010864,27254,27264,10
13.0067796707,80.2497406006,27264,27274,10
13.0067195892,80.248588562,27274,27285,11
13.006649971,80.2473373413,27285,27295,10
13.0065803528,80.2466125488,27295,27315,20
13.0065803528,80.2466125488,27315,27325,10
13.0066404343,80.2462081909,27325,27335,10
13.0066299438,80.2455062866,27335,27345,10
13.0066299438,80.2445983887,27345,27355,10
13.0066003799,80.2434997559,27355,27365,10
13.0065698624,80.2423629761,27365,27375,10
13.0065698624,80.2414474487,27375,27385,10
13.0065803528,80.241317749,27385,27396,11
13.0066299438,80.2407989502,27396,27406,10
13.0067501068,80.2401428223,27406,27416,10
13.0069198608,80.2393875122,27416,27426,10
13.0071001053,80.2383880615,27426,27436,10
13.0074100494,80.2368087769,27436,27456,20
13.0074100494,80.2368087769,27456,27466,10
13.0075397491,80.2364501953,27466,27476,10
13.0076599121,80.2358169556,27476,27486,10
13.0078201294,80.2350234985,27486,27497,11
13.0080499649,80.2338867188,27497,27507,10
13.008310318,80.232711792,27507,27517,10
13.0085296631,80.2314910889,27517,27527,10
13.0087795258,80.2302474976,27527,27537,10
13.0089797974,80.2292480469,27537,27547,10
13.009349823,80.2277984619,27547,27557,10
13.0098400116,80.2266921997,27557,27567,10
13.0103597641,80.2255935669,27567,27577,10
13.0108699799,80.2245788574,27577,27587,10
13.011349678,80.2234268188,27587,27598,11
13.0118198395,80.2223129272,27598,27608,10
13.0121803284,80.2214126587,27608,27618,10
13.0126399994,80.2218017578,27618,27627,9
13.0131397247,80.2224197388,27627,27638,11
13.0138397217,80.2232437134,27638,27648,10
13.0146303177,80.2241516113,27648,27658,10
13.0153198242,80.2248077393,27658,27668,10
13.0155601501,80.2249526978,27668,27678,10
13.0156803131,80.2250595093,27678,27688,10
13.0161504745,80.2253189087,27688,27699,11
13.0170898438,80.2250900269,27699,27709,10
13.0181398392,80.2246704102,27709,27719,10
13.0191402435,80.224357605,27719,27729,10
13.0197601318,80.2244796753,27729,27739,10
13.0198202133,80.2245178223,27739,27749,10
13.0199699402,80.2247009277,27749,27765,16
13.0208702087,80.2253265381,27765,27777,12
13.0220003128,80.2261581421,27777,27797,20
13.0220003128,80.2261581421,27797,27807,10
13.0222702026,80.2263870239,27807,27818,11
13.0228300095,80.2268676758,27818,27827,9
13.0234003067,80.2274093628,27827,27838,11
13.0241699219,80.2281570435,27838,27847,9
13.0245599747,80.2286605835,27847,27858,11
13.0251502991,80.2294998169,27858,27868,10
13.0256595612,80.2302093506,27868,27878,10
13.0260000229,80.2309799194,27878,27888,10
13.0262899399,80.2313308716,27888,27898,10
13.0269298553,80.2311630249,27898,27909,11
13.0278396606,80.23097229,27909,27919,10
13.0285396576,80.2308883667,27919,27929,10
13.0286397934,80.2308807373,27929,27939,10
13.0292701721,80.2308197021,27939,27959,20
13.0292701721,80.2308197021,27959,27975,16
13.0296697617,80.2307891846,27975,27987,12
13.0302095413,80.2307434082,27987,27995,8
13.0305995941,80.2306976318,27995,28007,12
13.0311403275,80.2306671143,28007,28018,11
13.0316495895,80.2306289673,28018,28028,10
13.0323200226,80.2305679321,28028,28038,10
13.0331201553,80.2304992676,28038,28047,9
13.0337400436,80.23046875,28047,28059,12
13.034330368,80.2303924561,28059,28089,30
13.034330368,80.2303924561,28089,28099,10
13.0348701477,80.2303009033,28099,28169,70
13.0348701477,80.2303009033,28169,28179,10
13.0349798203,80.2304077148,28179,28189,10
13.0349903107,80.2305908203,28189,28200,11
13.0349903107,80.2306976318,28200,28211,11
13.0349302292,80.2311477661,28211,28221,10
13.0348300934,80.2318115234,28221,28231,10
13.0347299576,80.2325134277,28231,28241,10
13.0346298218,80.2332305908,28241,28251,10
13.0345001221,80.2341308594,28251,28261,10
13.0343904495,80.2351913452,28261,28271,10
13.0342597961,80.2361602783,28271,28281,10
13.0343599319,80.2374572754,28281,28301,20
13.0343599319,80.2374572754,28301,28311,10
13.0343704224,80.2375869751,28311,28332,21
13.0343704224,80.2375869751,28332,28342,10
13.0345201492,80.2378234863,28342,28352,10
13.0348596573,80.238319397,28352,28362,10
13.0353403091,80.2390518188,28362,28372,10
13.0360097885,80.2394104004,28372,28382,10
13.0368499756,80.2395019531,28382,28392,10
13.037899971,80.239616394,28392,28402,10
13.0390195847,80.2397537231,28402,28412,10
13.0401096344,80.2398834229,28412,28423,11
13.04047966,80.2400817871,28423,28433,10
13.0406503677,80.2405319214,28433,28443,10
13.0413503647,80.2406082153,28443,28453,10
13.0421495438,80.2407226563,28453,28463,10
13.0431804657,80.2408599854,28463,28473,10
13.0440702438,80.2409210205,28473,28483,10
13.0446500778,80.2405166626,28483,28493,10
13.0452604294,80.2400970459,28493,28503,10
13.0457801819,80.239730835,28503,28513,10
13.0462198257,80.2395019531,28513,28524,11
13.0466403961,80.2395935059,28524,28534,10
13.0466899872,80.2396011353,28534,28544,10
13.04708004,80.2397079468,28544,28554,10
13.0475702286,80.2398071289,28554,28564,10
13.0481796265,80.2399368286,28564,28574,10
13.0489501953,80.2400970459,28574,28584,10
13.0495796204,80.2402191162,28584,28594,10
13.0499401093,80.2402877808,28594,28604,10
13.0505199432,80.2404098511,28604,28614,10
13.0511302948,80.2405471802,28614,28624,10
13.0512599945,80.2405776978,28624,28635,11
13.0516300201,80.2406463623,28635,28645,10
13.0523004532,80.2408294678,28645,28655,10
13.0525999069,80.2412796021,28655,28665,10
13.0527496338,80.2416534424,28665,28675,10
13.0533895493,80.2419815063,28675,28685,10
13.0540599823,80.2422332764,28685,28695,10
13.0541601181,80.2422637939,28695,28705,10
13.0546703339,80.2423400879,28705,28715,10
13.0554800034,80.2422409058,28715,28725,10
13.0564098358,80.2425384521,28725,28736,11
13.0569496155,80.2426300049,28736,28746,10
13.0574998856,80.2427902222,28746,28756,10
13.0577297211,80.2427825928,28756,28766,10
13.0580701828,80.2427215576,28766,28776,10
13.0587301254,80.2425765991,28776,28786,10
13.0595397949,80.2425003052,28786,28796,10
13.0602197647,80.242729187,28796,28806,10
13.0607099533,80.2429199219,28806,28816,10
13.0612201691,80.2430877686,28816,28826,10
13.0617399216,80.2432174683,28826,28837,11
13.0623197556,80.243309021,28837,28857,20
13.0623197556,80.243309021,28857,28873,16
13.0624198914,80.2433166504,28873,28885,12
13.0625495911,80.243347168,28885,28893,8
13.0628499985,80.2434005737,28893,28903,10
13.0634803772,80.2434997559,28903,28915,12
13.0642995834,80.2435302734,28915,28925,10
13.065489769,80.243560791,28925,28977,52
13.065489769,80.243560791,28977,28988,11
13.0658502579,80.2435073853,28988,28997,9
13.0663404465,80.2434005737,28997,29008,11
13.0668001175,80.2432098389,29008,29018,10
13.0673398972,80.2429504395,29018,29028,10
13.0678100586,80.2427597046,29028,29038,10
13.0684204102,80.2426071167,29038,29049,11
13.0691900253,80.2423095703,29049,29059,10
13.0698900223,80.2421112061,29059,29069,10
13.0700798035,80.2420578003,29069,29079,10
13.0701599121,80.2420883179,29079,29089,10
13.0705499649,80.2419815063,29089,29099,10
13.0712099075,80.2417678833,29099,29109,10
13.072019577,80.2413635254,29109,29117,8
13.0726699829,80.2409362793,29117,29129,12
13.0736303329,80.2406387329,29129,29139,10
13.0742502213,80.2405014038,29139,29150,11
13.0751199722,80.2404785156,29150,29160,10
13.075969696,80.2404708862,29160,29170,10
13.076789856,80.240562439,29170,29180,10
13.0771398544,80.2401733398,29180,29190,10
13.0768995285,80.2393035889,29190,29200,10
13.0766801834,80.2384719849,29200,29210,10
13.0765304565,80.2378921509,29210,29220,10
13.0764198303,80.2373886108,29220,29230,10
13.0763597488,80.2371063232,29230,29246,16
13.0763502121,80.2370223999,29246,29259,13
13.076259613,80.2364883423,29259,29269,10
13.0761604309,80.2357711792,29269,29279,10
13.0759801865,80.2350234985,29279,29288,9
13.0758104324,80.2344207764,29288,29298,10
13.0756998062,80.2341003418,29298,29309,11
13.0758600235,80.2338409424,29309,29319,10
13.0760803223,80.2337799072,29319,29329,10
13.0764703751,80.2337265015,29329,29339,10
13.0767602921,80.2336807251,29339,29349,10
13.0769901276,80.2336578369,29349,29360,11
13.0776500702,80.233543396,29360,29370,10
13.0783596039,80.2334976196,29370,29380,10
13.0790300369,80.2334823608,29380,29390,10
13.0796499252,80.2334899902,29390,29400,10
13.0802202225,80.2334823608,29400,29410,10
13.0803003311,80.2334899902,29410,29420,10
13.080619812,80.2335205078,29420,29430,10
13.0811796188,80.2335205078,29430,29440,10
13.0818796158,80.233581543,29440,29450,10
13.0820102692,80.2331771851,29450,29461,11
13.0821695328,80.2324371338,29461,29471,10
13.0824403763,80.2316207886,29471,29481,10
13.08273983,80.2309265137,29481,29491,10
13.0831003189,80.2306976318,29491,29501,10
13.0831804276,80.2313079834,29501,29511,10
13.0832195282,80.2321166992,29511,29521,10
13.0833597183,80.2328567505,29521,29531,10
13.0834503174,80.2334594727,29531,29541,10
13.083530426,80.2337799072,29541,29551,10
13.0839595795,80.2339324951,29551,29562,11
13.0840797424,80.2339630127,29562,29572,10
13.0841503143,80.2339630127,29572,29582,10
13.0845804214,80.2340774536,29582,29592,10
13.085149765,80.2342071533,29592,29602,10
13.0858001709,80.2343673706,29602,29612,10
13.0863399506,80.2344818115,29612,29622,10
13.0870304108,80.2345581055,29622,29632,10
13.0877599716,80.2344818115,29632,29642,10
13.0880002975,80.2338180542,29642,29652,10
13.088139534,80.2329406738,29652,29662,10
13.088350296,80.2320632935,29662,29673,11
13.0886001587,80.2312164307,29673,29683,10
13.0889196396,80.2304763794,29683,29703,20
13.0889196396,80.2304763794,29703,29713,10
13.0889902115,80.2303466797,29713,29723,10
13.0891799927,80.2299804688,29723,29733,10
13.0895004272,80.2293930054,29733,29743,10
13.0900802612,80.2287063599,29743,29753,10
13.0907897949,80.2279586792,29753,29762,9
13.091340065,80.2273406982,29762,29774,12
13.0914096832,80.2272567749,29774,29784,10
13.0915002823,80.2271499634,29784,29794,10
13.0918998718,80.2267837524,29794,29804,10
13.0924301147,80.2262268066,29804,29814,10
13.0930299759,80.2256317139,29814,29824,10
13.0932798386,80.2253570557,29824,29834,10
13.0935096741,80.2251281738,29834,29844,10
13.0939302444,80.2246627808,29844,29854,10
13.0944004059,80.2240219116,29854,29864,10
13.094909668,80.2232818604,29864,29875,11
13.0952196121,80.2225570679,29875,29885,10
13.0952596664,80.2224578857,29885,29895,10
13.0953798294,80.2221298218,29895,29905,10
13.0954704285,80.2219314575,29905,29915,10
13.0956497192,80.2213973999,29915,29925,10
13.0959300995,80.2205963135,29925,29935,10
13.0963201523,80.2194595337,29935,29955,20
13.0963201523,80.2194595337,29955,29965,10
13.0963897705,80.2192382813,29965,29976,11
13.0965795517,80.2188034058,29976,29986,10
13.0967903137,80.2181472778,29986,29996,10
13.0970497131,80.2174224854,29996,30006,10
13.0973300934,80.2166290283,30006,30016,10
13.0976896286,80.2157592773,30016,30026,10
13.0980796814,80.2148590088,30026,30036,10
13.0982999802,80.2143630981,30036,30046,10
13.0983104706,80.2143630981,30046,30063,17
13.0983600616,80.2142333984,30063,30075,12
13.0986299515,80.2139511108,30075,30086,11
13.0990400314,80.2141723633,30086,30096,10
13.0993795395,80.2142791748,30096,30106,10
13.0998802185,80.2144088745,30106,30136,30
13.0998802185,80.2144088745,30136,30146,10
13.100110054,80.2144699097,30146,30156,10
13.1003599167,80.2145690918,30156,30166,10
13.1006002426,80.2146606445,30166,30176,10
13.1004695892,80.215133667,30176,30187,11
13.1001396179,80.2158813477,30187,30197,10
13.0999603271,80.2161026001,30197,30207,10
13.1000404358,80.2155609131,30207,30227,20
13.1000404358,80.2155609131,30227,30237,10
13.1000995636,80.215423584,30237,30247,10
13.1002702713,80.2151107788,30247,30257,10
13.1003198624,80.2148971558,30257,30883,626
13.1002597809,80.214881897,30883,30944,61
13.1002597809,80.2149200439,30944,31388,444
13.1002597809,80.2149200439,31388,31398,10
13.1002597809,80.2147064209,31398,31439,41
13.1002597809,80.2147064209,31439,31449,10
13.1000003815,80.2144393921,31449,31459,10
13.099820137,80.2144012451,31459,31469,10
13.0994100571,80.2142868042,31469,31479,10
13.0986404419,80.2140274048,31479,31529,50
13.0986404419,80.2140274048,31529,31540,11
13.0985403061,80.2139968872,31540,31550,10
13.0984296799,80.2140808105,31550,31560,10
13.098279953,80.2144622803,31560,31570,10
13.0980300903,80.2150802612,31570,31580,10
13.0977201462,80.2157974243,31580,31590,10
13.0974302292,80.216506958,31590,31600,10
13.0973396301,80.2168197632,31600,31610,10
13.097319603,80.2168731689,31610,31620,10
13.0972003937,80.2172088623,31620,31630,10
13.0969495773,80.2178573608,31630,31640,10
13.0967597961,80.21849823,31640,31651,11
13.0966901779,80.2187423706,31651,31661,10
13.096540451,80.2191390991,31661,31671,10
13.0963201523,80.2197494507,31671,31681,10
13.0960597992,80.2204818726,31681,31691,10
13.095870018,80.2210235596,31691,31701,10
13.0957803726,80.221282959,31701,31711,10
13.0956001282,80.2218170166,31711,31721,10
13.0954198837,80.2223205566,31721,31731,10
13.0953798294,80.2224197388,31731,31741,10
13.0952796936,80.2226715088,31741,31752,11
13.0950403214,80.2232131958,31752,31762,10
13.0945997238,80.2238769531,31762,31772,10
13.0940799713,80.2245407104,31772,31782,10
13.0935297012,80.2251968384,31782,31792,10
13.0929203033,80.2258605957,31792,31802,10
13.0925798416,80.2261810303,31802,31812,10
13.0923500061,80.2264175415,31812,31822,10
13.0919399261,80.226852417,31822,31832,10
13.0912399292,80.2276000977,31832,31853,21
13.0912399292,80.2276000977,31853,31863,10
13.091219902,80.2276382446,31863,31873,10
13.0909500122,80.2279281616,31873,31883,10
13.0905399323,80.2283477783,31883,31893,10
13.0900096893,80.2289505005,31893,31903,10
13.0894498825,80.2296600342,31903,31913,10
13.0892000198,80.230140686,31913,31923,10
13.089099884,80.2303466797,31923,31933,10
13.0888595581,80.2309112549,31933,31954,21
13.0888595581,80.2309112549,31954,31964,10
13.0887899399,80.2310409546,31964,31974,10
13.0886898041,80.2312774658,31974,31984,10
13.0885601044,80.2315673828,31984,31994,10
13.0884103775,80.2321472168,31994,32004,10
13.0883102417,80.2325363159,32004,32055,51
13.0883102417,80.2325363159,32055,32065,10
13.0882301331,80.2326965332,32065,32075,10
13.0881299973,80.2330627441,32075,32085,10
13.0880403519,80.2336807251,32085,32095,10
13.0879497528,80.234336853,32095,32105,10
13.0872898102,80.2345428467,32105,32115,10
13.0867300034,80.2344970703,32115,32125,10
13.0861597061,80.2344665527,32125,32135,10
13.0854501724,80.2343063354,32135,32145,10
13.0848503113,80.2341766357,32145,32155,10
13.0842399597,80.2340087891,32155,32166,11
13.0838098526,80.2339172363,32166,32176,10
13.0835103989,80.2338562012,32176,32186,10
13.0830202103,80.2338027954,32186,32196,10
13.0823497772,80.2336273193,32196,32226,30
13.0823497772,80.2336273193,32226,32236,10
13.0819702148,80.2335968018,32236,32246,10
13.0818195343,80.233581543,32246,32256,10
13.0813798904,80.2335281372,32256,32267,11
13.0807600021,80.2334899902,32267,32277,10
13.0803604126,80.2335205078,32277,32286,9
13.0801801682,80.2335205078,32286,32297,11
13.0795001984,80.2335205078,32297,32317,20
13.0795001984,80.2335205078,32317,32327,10
13.0791397095,80.2335510254,32327,32337,10
13.0786104202,80.2335586548,32337,32347,10
13.0779695511,80.2335586548,32347,32357,10
13.077340126,80.2336425781,32357,32367,10
13.0766000748,80.233757019,32367,32378,11
13.0759401321,80.2339782715,32378,32388,10
13.0760402679,80.2345504761,32388,32398,10
13.0761604309,80.2352828979,32398,32408,10
13.0763196945,80.2361373901,32408,32418,10
13.0764398575,80.2368774414,32418,32428,10
13.0765304565,80.2372436523,32428,32458,30
13.0765304565,80.2372436523,32458,32469,11
13.0766096115,80.2375564575,32469,32485,16
13.0766897202,80.2379837036,32485,32497,12
13.0768098831,80.2386779785,32497,32507,10
13.0769796371,80.2394104004,32507,32517,10
13.077170372,80.2401885986,32517,32527,10
13.0773601532,80.2410125732,32527,32537,10
13.0774202347,80.2414627075,32537,32547,10
13.0775899887,80.2421417236,32547,32557,10
13.077750206,80.243057251,32557,32567,10
13.0778303146,80.2440185547,32567,32577,10
13.0778999329,80.2449188232,32577,32588,11
13.0779800415,80.2458114624,32588,32598,10
13.0781002045,80.2466964722,32598,32608,10
13.0782804489,80.2475891113,32608,32617,9
13.0784702301,80.2484512329,32617,32628,11
13.0786600113,80.2492523193,32628,32638,10
13.0787696838,80.2501373291,32638,32648,10
13.0785799026,80.25050354,32648,32668,20
13.0785799026,80.25050354,32668,32678,10
13.0785503387,80.2507400513,32678,32689,11
13.0785503387,80.2508392334,32689,32699,10
13.0785598755,80.2509002686,32699,32709,10
13.0785799026,80.2510223389,32709,32719,10
13.0785999298,80.251159668,32719,32729,10
13.0786504745,80.2512969971,32729,32739,10
13.0786600113,80.2512969971,32739,32749,10
13.0786600113,80.2516098022,32749,32780,31
13.0786600113,80.2516098022,32780,32790,10
13.0783500671,80.2516708374,32790,32800,10
13.0782299042,80.251663208,32800,32810,10
13.0777797699,80.2517471313,32810,32820,10
13.0770101547,80.2519226074,32820,32830,10
13.0761804581,80.2520980835,32830,32840,10
13.0753498077,80.252166748,32840,32850,10
13.0748901367,80.2521972656,32850,32860,10
13.0743198395,80.2522277832,32860,32870,10
13.0738601685,80.2523880005,32870,32880,10
13.0732803345,80.2524185181,32880,32891,11
13.0726995468,80.2524032593,32891,32899,8
13.0722999573,80.2522201538,32899,32911,12
13.0721197128,80.2514266968,32911,32921,10
13.0719203949,80.2507095337,32921,32931,10
13.071680069,80.2500076294,32931,32941,10
13.0715103149,80.2491378784,32941,32951,10
13.071269989,80.2481002808,32951,32961,10
13.0708703995,80.2470626831,32961,32971,10
13.0704097748,80.2461090088,32971,32981,10
13.069899559,80.2449417114,32981,32991,10
13.0695199966,80.2438812256,32991,33002,11
13.0692796707,80.2432327271,33002,33022,20
13.0692796707,80.2432327271,33022,33032,10
13.0692596436,80.2429199219,33032,33042,10
13.0690498352,80.2425231934,33042,33052,10
13.0686197281,80.2425537109,33052,33062,10
13.0680398941,80.242729187,33062,33072,10
13.0673799515,80.2429580688,33072,33082,10
13.0668001175,80.2432022095,33082,33092,10
13.0663604736,80.2434463501,33092,33103,11
13.0662002563,80.2437210083,33103,33113,10
13.0662202835,80.2439575195,33113,33123,10
13.0662603378,80.2442398071,33123,33133,10
13.066280365,80.2444000244,33133,33143,10
13.066280365,80.2445526123,33143,33153,10
13.0663204193,80.2448120117,33153,33163,10
13.0663700104,80.2451171875,33163,33173,10
13.0664396286,80.2455368042,33173,33183,10
13.0668296814,80.2460098267,33183,33193,10
13.0678195953,80.2464981079,33193,33214,21
13.0678195953,80.2464981079,33214,33224,10
13.0678501129,80.2465133667,33224,33234,10
13.0679597855,80.2468566895,33234,33244,10
13.0679597855,80.247467041,33244,33254,10
13.0677099228,80.2479019165,33254,33264,10
13.067150116,80.2479019165,33264,33274,10
13.0661497116,80.247833252,33274,33284,10
13.0652503967,80.2478027344,33284,33294,10
13.0643997192,80.2477035522,33294,33304,10
13.0634202957,80.2476425171,33304,33315,11
13.0623397827,80.2476196289,33315,33325,10
13.0615797043,80.2474136353,33325,33335,10
13.0614299774,80.246887207,33335,33345,10
13.0617904663,80.246421814,33345,33355,10
13.0619602203,80.2456283569,33355,33365,10
13.062379837,80.244972229,33365,33375,10
13.0630302429,80.2444381714,33375,33385,10
13.0631599426,80.2442474365,33385,33395,10
13.0632295609,80.244178772,33395,33405,10
13.0633897781,80.2438278198,33405,33416,11
13.0631799698,80.2434463501,33416,33426,10
13.0625200272,80.2433166504,33426,33436,10
13.0620203018,80.2432327271,33436,33446,10
13.0614204407,80.2431182861,33446,33456,10
13.0607004166,80.2429199219,33456,33466,10
13.0599403381,80.2426681519,33466,33476,10
13.0593595505,80.2425308228,33476,33486,10
13.0587902069,80.2426071167,33486,33496,10
13.0587396622,80.2426071167,33496,33506,10
13.0585603714,80.2425994873,33506,33517,11
13.0581102371,80.24269104,33517,33527,10
13.0571098328,80.2427368164,33527,33555,28
13.0571098328,80.2427368164,33555,33563,8
13.0569000244,80.242729187,33563,33575,12
13.0563602448,80.2425689697,33575,33585,10
13.0557603836,80.2422790527,33585,33594,9
13.0550804138,80.2423324585,33594,33605,11
13.0544996262,80.2424163818,33605,33615,10
13.0540599823,80.2423629761,33615,33646,31
13.0540599823,80.2423629761,33646,33656,10
13.0535402298,80.2421112061,33656,33716,60
13.0535402298,80.2421112061,33716,33727,11
13.0534496307,80.2420196533,33727,33737,10
13.0530700684,80.241897583,33737,33747,10
13.0525102615,80.2416534424,33747,33757,10
13.0521497726,80.2410430908,33757,33767,10
13.0518798828,80.2407302856,33767,33777,10
13.0513601303,80.2406082153,33777,33797,20
13.0513601303,80.2406082153,33797,33807,10
13.0511798859,80.2406234741,33807,33817,10
13.0509395599,80.2405471802,33817,33828,11
13.050359726,80.2404098511,33828,33838,10
13.0498199463,80.2402801514,33838,33847,9
13.0491304398,80.2401275635,33847,33858,11
13.0485401154,80.2399978638,33858,33868,10
13.047949791,80.2399215698,33868,33878,10
13.0473203659,80.2397994995,33878,33888,10
13.0466604233,80.2396621704,33888,33898,10
13.0462999344,80.2393875122,33898,33908,10
13.0464096069,80.2389068604,33908,33918,10
13.0465202332,80.2382125854,33918,33928,10
13.0466604233,80.2374191284,33928,33939,11
13.0468397141,80.2365112305,33939,33949,10
13.0469799042,80.2360610962,33949,33959,10
13.0470399857,80.2357330322,33959,33969,10
13.0470695496,80.2354736328,33969,33979,10
13.0471200943,80.2349395752,33979,33989,10
13.0472002029,80.2341995239,33989,33999,10
13.0473403931,80.2333984375,33999,34029,30
13.0473403931,80.2333984375,34029,34040,11
13.0474500656,80.2332000732,34040,34050,10
13.0473403931,80.2329711914,34050,34060,10
13.0467996597,80.2329483032,34060,34070,10
13.0460796356,80.2328186035,34070,34080,10
13.0453596115,80.232711792,34080,34089,9
13.0450801849,80.2326583862,34089,34100,11
13.045009613,80.2326278687,34100,34110,10
13.0445404053,80.2324905396,34110,34120,10
13.043800354,80.2323608398,34120,34130,10
13.0431699753,80.2323074341,34130,34141,11
13.0424499512,80.2322998047,34141,34151,10
13.0417098999,80.232208252,34151,34161,10
13.0408296585,80.2320022583,34161,34171,10
13.0398101807,80.2316970825,34171,34181,10
13.0387401581,80.2314224243,34181,34191,10
13.0376701355,80.231086731,34191,34202,11
13.0368795395,80.2308502197,34202,34212,10
13.03647995,80.2307128906,34212,34223,11
13.0352602005,80.2303390503,34223,34285,62
13.0352602005,80.2303390503,34285,34295,10
13.035030365,80.2303390503,34295,34305,10
13.034620285,80.2303466797,34305,34315,10
13.0344495773,80.2303924561,34315,34325,10
13.0342702866,80.2304382324,34325,34335,10
13.0335197449,80.2304763794,34335,34356,21
13.0335197449,80.2304763794,34356,34366,10
13.0332803726,80.2305221558,34366,34376,10
13.0326404572,80.2305603027,34376,34386,10
13.031829834,80.2306289673,34386,34396,10
13.0308704376,80.2307434082,34396,34425,29
13.0308704376,80.2307434082,34425,34436,11
13.0307703018,80.2307434082,34436,34446,10
13.0304002762,80.2307662964,34446,34457,11
13.0298099518,80.2308273315,34457,34467,10
13.0296897888,80.2308502197,34467,34477,10
13.029250145,80.2308807373,34477,34487,10
13.0286502838,80.2309265137,34487,34497,10
13.0280895233,80.2309799194,34497,34507,10
13.0277700424,80.2310333252,34507,34517,10
13.0277395248,80.2313919067,34517,34527,10
13.0277996063,80.231880188,34527,34537,10
13.0278997421,80.2325973511,34537,34547,10
13.0276403427,80.2327880859,34547,34558,11
13.0276203156,80.2328186035,34558,34568,10
13.0275001526,80.2328720093,34568,34578,10
13.0272703171,80.2329101563,34578,34588,10
13.0270700455,80.2329406738,34588,34598,10
13.0268497467,80.2329788208,34598,34608,10
13.0264797211,80.2329483032,34608,34618,10
13.0263004303,80.2325210571,34618,34628,10
13.0262498856,80.2322235107,34628,34638,10
13.0261297226,80.2316513062,34638,34648,10
13.0259599686,80.2309188843,34648,34658,10
13.0254802704,80.2300186157,34658,34669,11
13.0248403549,80.2292175293,34669,34679,10
13.0245103836,80.2288513184,34679,34689,10
13.0242795944,80.2285614014,34689,34699,10
13.0239896774,80.2282180786,34699,34709,10
13.0239801407,80.2282104492,34709,34719,10
13.0239095688,80.2281036377,34719,34729,10
13.0235900879,80.2277374268,34729,34739,10
13.0230903625,80.2272262573,34739,34749,10
13.022600174,80.2267684937,34749,34765,16
13.0217103958,80.2260513306,34765,34778,13
13.0209798813,80.2255172729,34778,34788,10
13.0205402374,80.2252197266,34788,34797,9
13.0199804306,80.224822998,34797,34809,12
13.0190601349,80.2244720459,34809,34819,10
13.017950058,80.2248535156,34819,34829,10
13.0171298981,80.2252120972,34829,34839,10
13.0167703629,80.2253570557,34839,34849,10
13.0164804459,80.2254562378,34849,34859,10
13.0161600113,80.2255706787,34859,34869,10
13.0156002045,80.2257614136,34869,34880,11
13.0147800446,80.2260894775,34880,34889,9
13.014289856,80.2263031006,34889,34920,31
13.014289856,80.2263031006,34920,34930,10
13.0139799118,80.2264785767,34930,34950,20
13.0139799118,80.2264785767,34950,34960,10
13.0137300491,80.2265396118,34960,34970,10
13.0132102966,80.2267227173,34970,34981,11
13.0124197006,80.2270278931,34981,34991,10
13.0115203857,80.2273712158,34991,35001,10
13.0105495453,80.2277679443,35001,35011,10
13.0095996857,80.2281417847,35011,35021,10
13.0090904236,80.2288818359,35021,35031,10
13.0088996887,80.2298583984,35031,35041,10
13.0087003708,80.2309570313,35041,35051,10
13.0085096359,80.2319717407,35051,35061,10
13.0083503723,80.2327804565,35061,35070,9
13.0082597733,80.2335205078,35070,35092,22
13.0082597733,80.2335205078,35092,35102,10
13.0081596375,80.2338485718,35102,35112,10
13.0081501007,80.2339172363,35112,35122,10
13.0081300735,80.2341079712,35122,35132,10
13.008020401,80.23462677,35132,35162,30
13.008020401,80.23462677,35162,35172,10
13.0079898834,80.2350692749,35172,35182,10
13.0079202652,80.2353210449,35182,35193,11
13.0078401566,80.2356491089,35193,35203,10
13.0078001022,80.2358322144,35203,35213,10
13.0077199936,80.2361984253,35213,35223,10
13.0076198578,80.236656189,35223,35233,10
13.0075502396,80.2369995117,35233,35243,10
13.0074596405,80.2374420166,35243,35314,71
13.0074195862,80.2378082275,35314,35344,30
13.0074195862,80.2378082275,35344,35354,10
13.007349968,80.2381210327,35354,35364,10
13.0072603226,80.2385177612,35364,35374,10
13.0071201324,80.2390365601,35374,35384,10
13.0070199966,80.2395324707,35384,35395,11
13.0069999695,80.2397537231,35395,35485,90
13.0069999695,80.2397537231,35485,35495,10
13.0069599152,80.2400970459,35495,35506,11
13.0068798065,80.2406082153,35506,35516,10
13.0068798065,80.2406692505,35516,35526,10
13.0068101883,80.2410202026,35526,35536,10
13.0067796707,80.2419967651,35536,35596,60
13.0067796707,80.2419967651,35596,35607,11
13.0067596436,80.24243927,35607,35617,10
13.006770134,80.2426376343,35617,35627,10
13.0067501068,80.2430267334,35627,35647,20
13.0067501068,80.2430267334,35647,35657,10
13.0067796707,80.2434234619,35657,35667,10
13.0067501068,80.2437286377,35667,35677,10
13.0067501068,80.2440338135,35677,35687,10
13.0067596436,80.2444534302,35687,35697,10
13.0067596436,80.2449798584,35697,35707,10
13.006770134,80.2453918457,35707,35718,11
13.0067996979,80.2460327148,35718,35728,10
13.0067996979,80.2463226318,35728,35738,10
13.0068101883,80.2464065552,35738,35748,10
13.0068101883,80.2468032837,35748,35758,10
13.006770134,80.2472381592,35758,35768,10
13.0067596436,80.2479324341,35768,35778,10
13.0068101883,80.2488174438,35778,35788,10
13.0068798065,80.2495574951,35788,35819,31
13.0068798065,80.2495574951,35819,35829,10
13.0068798065,80.2499389648,35829,35839,10
13.0068702698,80.2505111694,35839,35849,10
13.0068702698,80.2509384155,35849,35859,10
13.0068702698,80.2512969971,35859,35869,10
13.0067596436,80.2518234253,35869,35879,10
13.0066299438,80.2524490356,35879,35889,10
13.0067100525,80.2529983521,35889,35899,10
13.0066604614,80.2538604736,35899,36160,261
13.0066604614,80.2538604736,36160,36170,10
13.0066299438,80.254119873,36170,36180,10
13.0066299438,80.2544174194,36180,36190,10
13.0066099167,80.2549362183,36190,36200,10
13.0066204071,80.2557830811,36200,36210,10
13.0066404343,80.2565078735,36210,36220,10
13.0067100525,80.2571868896,36220,36230,10
13.0069303513,80.2579421997,36230,36241,11
13.0074796677,80.2586212158,36241,36251,10
13.0079498291,80.2588806152,36251,36261,10
13.0080404282,80.2592086792,36261,36271,10
13.0074796677,80.2592697144,36271,36281,10
13.0073003769,80.2589492798,36281,36291,10
13.0071001053,80.2584991455,36291,36301,10
13.0066003799,80.2577514648,36301,36321,20
13.0066003799,80.2577514648,36321,36331,10
13.0064897537,80.2573394775,36331,36342,11
13.0065002441,80.2568511963,36342,36352,10
13.0065002441,80.2561264038,36352,36362,10
13.0065002441,80.2557067871,36362,36372,10
13.0065202713,80.2553405762,36372,36382,10
13.006529808,80.2546615601,36382,36392,10
13.0065202713,80.25390625,36392,36402,10
13.0065202713,80.2532272339,36402,36412,10
13.0065202713,80.2527313232,36412,36460,48
13.0065202713,80.2527313232,36460,36471,11
13.0065603256,80.2526397705,36471,36481,10
13.0065898895,80.252281189,36481,36491,10
13.0066604614,80.2518997192,36491,36603,112
13.0066604614,80.2518997192,36603,36613,10
13.0066900253,80.2517929077,36613,36623,10
13.0066995621,80.2516403198,36623,36633,10
13.0067501068,80.2512817383,36633,36664,31
13.0067596436,80.2510986328,36664,36825,161
13.0067596436,80.2510986328,36825,36835,10
13.0067501068,80.2507019043,36835,36956,121
13.0067501068,80.2507019043,36956,36967,11
13.0067300797,80.250289917,36967,36977,10
13.0067100525,80.2497406006,36977,36987,10
13.0066900253,80.249420166,36987,36997,10
13.0066900253,80.2492370605,36997,37007,10
13.0066795349,80.2488327026,37007,37017,10
13.0066404343,80.2484588623,37017,37027,10
13.0066204071,80.2480621338,37027,37037,10
13.0066299438,80.2475814819,37037,37047,10
13.0066299438,80.2468566895,37047,37057,10
13.0065898895,80.2465286255,37057,37067,10
13.0066099167,80.246421814,37067,37078,11
13.0066204071,80.2458114624,37078,37088,10
13.0066204071,80.245300293,37088,37098,10
13.0066204071,80.2448425293,37098,37108,10
13.0066003799,80.244392395,37108,37118,10
13.0066003799,80.2440795898,37118,37128,10
13.0065898895,80.243888855,37128,37138,10
13.0065898895,80.2436218262,37138,37148,10
13.0066003799,80.2432022095,37148,37158,10
13.0065898895,80.2424621582,37158,37168,10
13.0065898895,80.2416992188,37168,37215,47
13.0065898895,80.2416992188,37215,37228,13
13.0065803528,80.2415390015,37228,37238,10
13.0066003799,80.2412719727,37238,37248,10
13.0066299438,80.2411422729,37248,37258,10
13.0066404343,80.2409667969,37258,37268,10
13.0066604614,80.2407913208,37268,37278,10
13.0067195892,80.2404937744,37278,37287,9
13.0068397522,80.239982605,37287,37298,11
13.0070104599,80.2390518188,37298,37309,11
13.0072002411,80.2380065918,37309,37318,9
13.0074100494,80.237197876,37318,37329,11
13.0074396133,80.2369384766,37329,37339,10
13.0075502396,80.2364196777,37339,37349,10
13.0076704025,80.2357635498,37349,37359,10
13.0078401566,80.2349319458,37359,37369,10
13.0080404282,80.2339019775,37369,37379,10
13.0082702637,80.2326812744,37379,37390,11
13.0085496902,80.2312469482,37390,37400,10
13.0088300705,80.2299575806,37400,37410,10
13.0090799332,80.2286911011,37410,37420,10
13.0094604492,80.2275238037,37420,37430,10
13.0099802017,80.2264099121,37430,37440,10
13.0104904175,80.2254486084,37440,37450,10
13.0107002258,80.2250518799,37450,37460,10
13.0108804703,80.2245864868,37460,37470,10
13.0111703873,80.2239227295,37470,37480,10
13.0112199783,80.2237472534,37480,37490,10
13.0113296509,80.2234725952,37490,37501,11
13.0115995407,80.2227706909,37501,37511,10
13.0119104385,80.2219085693,37511,37521,10
13.0121002197,80.2213973999,37521,37531,10
13.0123195648,80.2213668823,37531,37541,10
13.0126104355,80.2217712402,37541,37551,10
13.0130796432,80.2223587036,37551,37561,10
13.0135602951,80.2228775024,37561,37571,10
13.0140695572,80.2234725952,37571,37581,10
13.0146303177,80.2241210938,37581,37592,11
13.0151796341,80.2247009277,37592,37602,10
13.0155601501,80.2249526978,37602,37622,20
13.0155601501,80.2249526978,37622,37632,10
13.0157299042,80.2250976563,37632,37642,10
13.0158596039,80.2252197266,37642,37652,10
13.0164699554,80.2253112793,37652,37662,10
13.0173196793,80.2249984741,37662,37672,10
13.0183401108,80.2246170044,37672,37682,10
13.0191402435,80.2243728638,37682,37692,10
13.0195999146,80.2244567871,37692,37703,11
13.0199899673,80.2246780396,37703,37713,10
13.0205802917,80.2250976563,37713,37723,10
13.0211000443,80.2255020142,37723,37733,10
13.0220804214,80.2262115479,37733,37743,10
13.0220804214,80.2262115479,37743,37753,10
13.0221204758,80.2262573242,37753,37763,10
13.0224199295,80.2265319824,37763,37773,10
13.0229101181,80.2269973755,37773,37824,51
13.0229101181,80.2269973755,37824,37837,13
13.0231704712,80.2273101807,37837,37847,10
13.0233602524,80.2274780273,37847,37857,10
13.0236101151,80.2276611328,37857,37867,10
13.0237503052,80.2277374268,37867,37877,10
13.0238704681,80.2278366089,37877,37887,10
13.0242204666,80.2282180786,37887,37907,20
13.0242204666,80.2282180786,37907,37931,24
13.0247001648,80.2288970947,37931,37943,12
13.0248804092,80.2291793823,37943,37953,10
13.0252399445,80.2296218872,37953,37963,10
13.0255899429,80.2300796509,37963,37973,10
13.0257797241,80.2303466797,37973,38034,61
13.0257797241,80.2303466797,38034,38045,11
13.0258703232,80.2307281494,38045,38055,10
13.0259799957,80.2310562134,38055,38065,10
13.0261497498,80.2313613892,38065,38075,10
13.0266399384,80.2312164307,38075,38085,10
13.0274295807,80.2310180664,38085,38095,10
13.0283403397,80.2309036255,38095,38105,10
13.028550148,80.2308731079,38105,38116,11
13.0289096832,80.2308425903,38116,38126,10
13.0293197632,80.230796814,38126,38136,10
13.0294704437,80.2307815552,38136,38146,10
13.0299396515,80.2307510376,38146,38156,10
13.0302095413,80.23072052,38156,38166,10
13.0305204391,80.2306976318,38166,38176,10
13.0310297012,80.2306594849,38176,38186,10
13.0313396454,80.2306289673,38186,38196,10
13.0319004059,80.2305908203,38196,38206,10
13.0325098038,80.2305603027,38206,38216,10
13.0331001282,80.2305221558,38216,38227,11
13.0336704254,80.23046875,38227,38237,10
13.0342798233,80.2303695679,38237,38267,30
13.0342798233,80.2303695679,38267,38277,10
13.0345001221,80.2303466797,38277,38287,10
13.0347499847,80.2303009033,38287,38297,10
13.0348596573,80.2303009033,38297,38307,10
13.0349798203,80.2305679321,38307,38317,10
13.0349998474,80.2307281494,38317,38327,10
13.0349397659,80.2311172485,38327,38338,11
13.0348100662,80.2318115234,38338,38348,10
13.0347003937,80.2324905396,38348,38358,10
13.0346498489,80.2329406738,38358,38368,10
13.0346002579,80.2332687378,38368,38378,10
13.0345201492,80.2338562012,38378,38388,10
13.0344200134,80.2345581055,38388,38398,10
13.0342998505,80.2352828979,38398,38408,10
13.034239769,80.2360305786,38408,38418,10
13.0341796875,80.2369003296,38418,38469,51
13.0341796875,80.2369003296,38469,38479,10
13.0341396332,80.2370605469,38479,38489,10
13.0342702866,80.2374191284,38489,38499,10
13.034529686,80.2377624512,38499,38509,10
13.034819603,80.2381820679,38509,38519,10
13.0349798203,80.2384490967,38519,38530,11
13.0352401733,80.2388687134,38530,38540,10
13.0355501175,80.2393188477,38540,38550,10
13.0357103348,80.2393417358,38550,38560,10
13.0363197327,80.239402771,38560,38570,10
13.0369596481,80.2394866943,38570,38580,10
13.0376596451,80.2395477295,38580,38590,10
13.038359642,80.2396392822,38590,38600,10
13.0390396118,80.2397079468,38600,38610,10
13.0398101807,80.2398300171,38610,38620,10
13.0403699875,80.2399215698,38620,38629,9
13.0404195786,80.2403335571,38629,38641,12
13.0406904221,80.2404937744,38641,38651,10
13.0410995483,80.2405471802,38651,38661,10
13.0411195755,80.240562439,38661,38671,10
13.0414199829,80.2406234741,38671,38681,10
13.0418596268,80.2406921387,38681,38691,10
13.0425195694,80.2407836914,38691,38701,10
13.0430002213,80.240852356,38701,38711,10
13.0435800552,80.2409210205,38711,38721,10
13.0440101624,80.2409210205,38721,38731,10
13.0444002151,80.2406692505,38731,38741,10
13.0446500778,80.2405014038,38741,38752,11
13.0451202393,80.2401733398,38752,38762,10
13.0456600189,80.2397689819,38762,38772,10
13.0461597443,80.2395019531,38772,38782,10
13.0465402603,80.2395935059,38782,38792,10
13.0467195511,80.239616394,38792,38802,10
13.0472002029,80.2397232056,38802,38812,10
13.0478897095,80.2398376465,38812,38822,10
13.0485696793,80.2399902344,38822,38832,10
13.0491504669,80.2400970459,38832,38842,10
13.049779892,80.2402267456,38842,38853,11
13.0506000519,80.2404022217,38853,38863,10
13.0512599945,80.2405166626,38863,38873,10
13.0513801575,80.240562439,38873,38883,10
13.0518398285,80.2406616211,38883,38893,10
13.0524997711,80.2409973145,38893,38964,71
13.0524997711,80.2409973145,38964,38974,10
13.0525398254,80.2411804199,38974,38984,10
13.0526304245,80.2415084839,38984,38994,10
13.0531396866,80.2418365479,38994,39004,10
13.0540399551,80.2422180176,39004,39024,20
13.0540399551,80.2422180176,39024,39034,10
13.0542602539,80.2422485352,39034,39044,10
13.0548696518,80.2422866821,39044,39054,10
13.055680275,80.2422180176,39054,39065,11
13.0564603806,80.2425537109,39065,39075,10
13.056599617,80.2425765991,39075,39085,10
13.0567398071,80.2425918579,39085,39095,10
13.0571403503,80.242729187,39095,39105,10
13.05768013,80.2427520752,39105,39115,10
13.0582704544,80.2426300049,39115,39125,10
13.0588598251,80.2425537109,39125,39135,10
13.0590696335,80.2425079346,39135,39145,10
13.059419632,80.2424926758,39145,39155,10
13.0600299835,80.24269104,39155,39166,11
13.0604200363,80.2428131104,39166,39176,10
13.0608301163,80.2429580688,39176,39186,10
13.0611801147,80.243057251,39186,39196,10
13.0616998672,80.2431716919,39196,39206,10
13.0624103546,80.2432937622,39206,39226,20
13.0624103546,80.2432937622,39226,39236,10
13.0627002716,80.2433166504,39236,39246,10
13.0630598068,80.2433776855,39246,39256,10
13.0635004044,80.2434234619,39256,39266,10
13.0639600754,80.2434616089,39266,39277,11
13.0645399094,80.2434921265,39277,39287,10
13.0652399063,80.243522644,39287,39337,50
13.0652399063,80.243522644,39337,39347,10
13.065489769,80.2435379028,39347,39357,10
13.0659704208,80.2434768677,39357,39367,10
13.0663099289,80.2433776855,39367,39378,11
13.0666799545,80.2432403564,39378,39388,10
13.0670700073,80.2430877686,39388,39398,10
13.0675401688,80.2428512573,39398,39408,10
13.0682601929,80.2426376343,39408,39418,10
13.0691404343,80.2423400879,39418,39428,10
13.0697402954,80.2421417236,39428,39438,10
13.0700502396,80.2420806885,39438,39458,20
13.0700502396,80.2420806885,39458,39468,10
13.0704698563,80.2419967651,39468,39478,10
13.0710601807,80.2417907715,39478,39489,11
13.0717802048,80.2414703369,39489,39499,10
13.0723800659,80.2410888672,39499,39509,10
13.0729904175,80.2407989502,39509,39519,10
13.0736999512,80.2406005859,39519,39529,10
13.0745000839,80.2404785156,39529,39539,10
13.0754699707,80.2404708862,39539,39549,10
13.0764303207,80.2404937744,39549,39559,10
13.0770797729,80.2405395508,39559,39569,10
13.0770902634,80.2400436401,39569,39580,11
13.0768604279,80.2391662598,39580,39590,10
13.0766401291,80.2383422852,39590,39600,10
13.0765800476,80.2381668091,39600,39610,10
13.0765895844,80.2381362915,39610,39620,10
13.0765304565,80.2378463745,39620,39630,10
13.0763502121,80.2370223999,39630,39650,20
13.0763502121,80.2370223999,39650,39660,10
13.0763502121,80.2368774414,39660,39670,10
13.0762996674,80.2366027832,39670,39680,10
13.0762195587,80.236000061,39680,39690,10
13.0760602951,80.2352218628,39690,39701,11
13.075750351,80.2340698242,39701,39741,40
13.075750351,80.2340698242,39741,39751,10
13.075750351,80.2338180542,39751,39761,10
13.0761995316,80.2336807251,39761,39771,10
13.0767602921,80.2336273193,39771,39781,10
13.0767698288,80.2336273193,39781,39792,11
13.0771102905,80.2336120605,39792,39802,10
13.0777797699,80.233543396,39802,39812,10
13.0785198212,80.2334823608,39812,39822,10
13.0793199539,80.2334594727,39822,39832,10
13.0798397064,80.2334365845,39832,39842,10
13.0801801682,80.2334518433,39842,39852,10
13.080329895,80.2334518433,39852,39862,10
13.0808496475,80.2334671021,39862,39872,10
13.081580162,80.2334594727,39872,39882,10
13.0819301605,80.233291626,39882,39893,11
13.0820503235,80.2326431274,39893,39903,10
13.0823202133,80.2319107056,39903,39913,10
13.0825901031,80.2312011719,39913,39923,10
13.0828399658,80.2306671143,39923,39939,16
13.0831699371,80.2311401367,39939,39951,12
13.0832195282,80.2320022583,39951,39960,9
13.0832796097,80.2325973511,39960,39972,12
13.083439827,80.2332763672,39972,39982,10
13.083530426,80.233757019,39982,39992,10
13.0840301514,80.2339172363,39992,40013,21
13.0840301514,80.2339172363,40013,40023,10
13.0845003128,80.2340316772,40023,40033,10
13.0849895477,80.23412323,40033,40044,11
13.0854597092,80.2342071533,40044,40054,10
13.0859003067,80.234336853,40054,40064,10
13.086400032,80.2344512939,40064,40074,10
13.0867204666,80.2344970703,40074,40084,10
13.0873403549,80.2345504761,40084,40094,10
13.0879201889,80.2342224121,40094,40104,10
13.0880203247,80.2334365845,40104,40115,11
13.0882396698,80.2323989868,40115,40125,10
13.0885095596,80.2314071655,40125,40135,10
13.0888996124,80.2304763794,40135,40155,20
13.0888996124,80.2304763794,40155,40165,10
13.0889701843,80.2303695679,40165,40175,10
13.0892095566,80.229888916,40175,40185,10
13.0896196365,80.2292480469,40185,40195,10
13.0901699066,80.2286376953,40195,40206,11
13.0907897949,80.2279663086,40206,40216,10
13.0914001465,80.2272872925,40216,40236,20
13.0914001465,80.2272872925,40236,40246,10
13.0915699005,80.2271575928,40246,40256,10
13.0919599533,80.2267837524,40256,40266,10
13.0925397873,80.2261962891,40266,40276,10
13.0932703018,80.2254562378,40276,40286,10
13.0939798355,80.2246170044,40286,40296,10
13.0946598053,80.2236785889,40296,40306,10
13.095199585,80.2226867676,40306,40317,11
13.0953397751,80.2222290039,40317,40327,10
13.0954799652,80.2218475342,40327,40337,10
13.0957298279,80.2211608887,40337,40347,10
13.0960597992,80.2202529907,40347,40357,10
13.0962896347,80.2194824219,40357,40367,10
13.0963802338,80.2192611694,40367,40387,20
13.0963802338,80.2192611694,40387,40397,10
13.0963897705,80.2192001343,40397,40407,10
13.0965595245,80.2188034058,40407,40417,10
13.0967597961,80.2181396484,40417,40428,11
13.0971002579,80.2171783447,40428,40438,10
13.0974998474,80.216178894,40438,40448,10
13.0979003906,80.2152633667,40448,40458,10
13.0981397629,80.2146530151,40458,40468,10
13.0982398987,80.2144088745,40468,40478,10
13.0984201431,80.2140426636,40478,40494,16
13.0990400314,80.2141723633,40494,40506,12
13.0994997025,80.2142868042,40506,40514,8
13.0998296738,80.2143783569,40514,40527,13
13.1002101898,80.2145004272,40527,40547,20
13.1002101898,80.2145004272,40547,40557,10
13.1005601883,80.2146224976,40557,40658,101
13.1005601883,80.2146224976,40658,40668,10
13.1006202698,80.21484375,40668,40678,10
13.1003599167,80.2153701782,40678,40688,10
13.1000995636,80.2159729004,40688,40698,10
13.100060463,80.2160186768,40698,40708,10
13.0999298096,80.2160415649,40708,40718,10
13.0999698639,80.2157363892,40718,40728,10
13.1000995636,80.215461731,40728,40739,11
13.100279808,80.2150421143,40739,41264,525
13.100279808,80.2150421143,41264,41274,10
13.1002197266,80.2145385742,41274,41284,10
13.1000995636,80.2144622803,41284,41294,10
13.0999298096,80.2144165039,41294,41304,10
13.0996398926,80.2143630981,41304,41314,10
13.0990200043,80.2141799927,41314,41324,10
13.0984401703,80.2141189575,41324,41334,10
13.097820282,80.2155609131,41334,41344,10
13.097820282,80.2155609131,41344,41354,10
13.097319603,80.2168502808,41354,41375,21
13.097319603,80.2168502808,41375,41385,10
13.0972204208,80.2170791626,41385,41395,10
13.0970096588,80.2175827026,41395,41405,10
13.0967502594,80.2183532715,41405,41416,11
13.0965003967,80.2191619873,41416,41424,8
13.0963201523,80.2196578979,41424,41436,12
13.0959997177,80.2205581665,41436,41446,10
13.0957403183,80.2212982178,41446,41456,10
13.0955896378,80.2218170166,41456,41466,10
13.0953798294,80.2224197388,41466,41476,10
13.0953502655,80.2224884033,41476,41487,11
13.0951499939,80.2229614258,41487,41497,10
13.0947799683,80.2236175537,41497,41507,10
13.0942201614,80.2244033813,41507,41517,10
13.0935897827,80.2251281738,41517,41527,10
13.0928602219,80.2259063721,41527,41537,10
13.0920801163,80.2267227173,41537,41547,10
13.0913600922,80.2274703979,41547,41557,10
13.0911798477,80.2276611328,41557,41567,10
13.0911302567,80.2276992798,41567,41578,11
13.0907897949,80.2280502319,41578,41588,10
13.0902795792,80.2286071777,41588,41598,10
13.0896196365,80.2293624878,41598,41608,10
13.0891895294,80.2300491333,41608,41618,10
13.0890798569,80.2302780151,41618,41628,10
13.0888595581,80.230758667,41628,41644,16
13.0888004303,80.2308883667,41644,41656,12
13.0887203217,80.2310409546,41656,41665,9
13.0885601044,80.2314605713,41665,41675,10
13.0883598328,80.2321166992,41675,41686,11
13.0881500244,80.2329788208,41686,41697,11
13.0880203247,80.2338562012,41697,41707,10
13.0876703262,80.2345428467,41707,41717,10
13.0869197845,80.2345581055,41717,41727,10
13.0865602493,80.2345428467,41727,41737,10
13.0861501694,80.2344818115,41737,41747,10
13.086139679,80.2344818115,41747,41757,10
13.0859603882,80.2344665527,41757,41767,10
13.0855398178,80.2343521118,41767,41778,11
13.0848903656,80.2341766357,41778,41788,10
13.0842895508,80.2340316772,41788,41798,10
13.0837402344,80.2339401245,41798,41808,10
13.0832300186,80.2338790894,41808,41818,10
13.0824604034,80.2337417603,41818,41838,20
13.0824604034,80.2337417603,41838,41848,10
13.0821800232,80.2336502075,41848,41858,10
13.081580162,80.233581543,41858,41868,10
13.0807304382,80.2335586548,41868,41878,10
13.0799198151,80.2335662842,41878,41889,11
13.0794200897,80.2335891724,41889,41899,10
13.0794095993,80.2335891724,41899,41909,10
13.0792598724,80.2336425781,41909,41919,10
13.0787496567,80.2336196899,41919,41929,10
13.0780000687,80.2336425781,41929,41939,10
13.0770702362,80.2337188721,41939,41949,10
13.0762701035,80.23387146,41949,41959,10
13.0762195587,80.2338790894,41959,41969,10
13.0760402679,80.2338485718,41969,41979,10
13.0759401321,80.2343521118,41979,41989,10
13.0761098862,80.2351608276,41989,42000,11
13.0763101578,80.2362823486,42000,42010,10
13.0764503479,80.2370300293,42010,42020,10
13.0764598846,80.2370910645,42020,42036,16
13.0764598846,80.2371826172,42036,42048,12
13.0765399933,80.2375564575,42048,42058,10
13.07654953,80.2375564575,42058,42068,10
13.0765800476,80.237663269,42068,42078,10
13.0766496658,80.2381668091,42078,42089,11
13.0768203735,80.2389984131,42089,42099,10
13.0770597458,80.2399520874,42099,42109,10
13.0772304535,80.240737915,42109,42119,10
13.0773601532,80.2411422729,42119,42129,10
13.0774002075,80.2415924072,42129,42139,10
13.077580452,80.2423400879,42139,42148,9
13.0777101517,80.2432022095,42148,42159,11
13.077750206,80.2442169189,42159,42178,19
13.077750206,80.2442169189,42178,42189,11
13.0778102875,80.2445373535,42189,42199,10
13.0778903961,80.2452163696,42199,42210,11
13.0779600143,80.246131897,42210,42220,10
13.0781002045,80.2469482422,42220,42230,10
13.0782804489,80.2478713989,42230,42240,10
13.0784797668,80.2487564087,42240,42250,10
13.0786399841,80.2494277954,42250,42259,9
13.0787296295,80.2500610352,42259,42269,10
13.0784797668,80.2506790161,42269,42280,11
13.0785703659,80.2514266968,42280,42290,10
13.0784397125,80.2516784668,42290,42300,10
13.0780801773,80.2517623901,42300,42310,10
13.0773897171,80.2518920898,42310,42321,11
13.07654953,80.2520523071,42321,42331,10
13.0758399963,80.252166748,42331,42341,10
13.0751495361,80.252243042,42341,42351,10
13.0744104385,80.2523193359,42351,42361,10
13.0737800598,80.2525482178,42361,42371,10
13.0731296539,80.252456665,42371,42381,10
13.0725097656,80.2523269653,42381,42391,10
13.07213974,80.2518234253,42391,42402,11
13.072019577,80.2509536743,42402,42412,10
13.0718002319,80.2503662109,42412,42422,10
13.0715799332,80.2495574951,42422,42432,10
13.0713796616,80.2484970093,42432,42442,10
13.0710096359,80.2474212646,42442,42452,10
13.070520401,80.2464065552,42452,42462,10
13.0700397491,80.2453536987,42462,42472,10
13.0696401596,80.2443237305,42472,42482,10
13.0693597794,80.2434768677,42482,42492,10
13.069270134,80.243270874,42492,42502,10
13.0692396164,80.2431411743,42502,42513,11
13.0690498352,80.2426071167,42513,42523,10
13.0683603287,80.2426681519,42523,42533,10
13.0675201416,80.2429199219,42533,42543,10
13.0667200089,80.2432479858,42543,42553,10
13.0661401749,80.2437362671,42553,42563,10
13.0661697388,80.2444992065,42563,42573,10
13.066280365,80.2450027466,42573,42583,10
13.0663404465,80.2454833984,42583,42593,10
13.0666999817,80.2459564209,42593,42603,10
13.0677900314,80.2465209961,42603,42624,21
13.0677900314,80.2465209961,42624,42634,10
13.0679101944,80.2467727661,42634,42644,10
13.0679397583,80.2472991943,42644,42654,10
13.0677900314,80.2478485107,42654,42664,10
13.0674200058,80.2478790283,42664,42673,9
13.0667295456,80.2478790283,42673,42684,11
13.0660800934,80.2478408813,42684,42694,10
13.065199852,80.2478408813,42694,42704,10
13.0643196106,80.2477416992,42704,42714,10
13.0635299683,80.2476806641,42714,42724,10
13.0629396439,80.2476501465,42724,42735,11
13.0621700287,80.2476730347,42735,42745,10
13.061630249,80.2474365234,42745,42755,10
13.0613203049,80.2471694946,42755,42765,10
13.0613803864,80.2469177246,42765,42775,10
13.0616197586,80.2466506958,42775,42785,10
13.0617399216,80.2463912964,42785,42795,10
13.0618801117,80.2457962036,42795,42805,10
13.0622396469,80.2452011108,42805,42815,10
13.0627403259,80.2448120117,42815,42825,10
13.063079834,80.244430542,42825,42836,11
13.0631399155,80.2443313599,42836,42846,10
13.0631999969,80.2442169189,42846,42856,10
13.0633897781,80.2438430786,42856,42866,10
13.063249588,80.243522644,42866,42876,10
13.0627803802,80.2434234619,42876,42886,10
13.0622596741,80.2433166504,42886,42896,10
13.0617904663,80.2432403564,42896,42906,10
13.0615301132,80.2431793213,42906,42916,10
13.0613803864,80.2431182861,42916,42926,10
13.0608701706,80.2429733276,42926,42937,11
13.060090065,80.2427597046,42937,42947,10
13.0593004227,80.2425918579,42947,42957,10
13.0588903427,80.2426071167,42957,42967,10
13.058719635,80.2426300049,42967,42977,10
13.0583000183,80.2427597046,42977,42987,10
13.0576000214,80.2428436279,42987,42997,10
13.05671978,80.2426986694,42997,43007,10
13.056019783,80.2423629761,43007,43017,10
13.0551300049,80.2423629761,43017,43027,10
13.0545396805,80.24243927,43027,43037,10
13.0538196564,80.2423019409,43037,43078,41
13.0538196564,80.2423019409,43078,43088,10
13.0534601212,80.2421112061,43088,43098,10
13.0532903671,80.2419891357,43098,43108,10
13.0528001785,80.241859436,43108,43118,10
13.0523004532,80.2413101196,43118,43128,10
13.052069664,80.2409133911,43128,43138,10
13.0519895554,80.2407989502,43138,43149,11
13.051659584,80.2407302856,43149,43169,20
13.051659584,80.2407302856,43169,43179,10
13.0512599945,80.2406692505,43179,43209,30
13.0512599945,80.2406692505,43209,43219,10
13.0507698059,80.2405929565,43219,43229,10
13.0505800247,80.2405471802,43229,43239,10
13.050330162,80.2404937744,43239,43250,11
13.0500602722,80.2404174805,43250,43260,10
13.0498800278,80.2403335571,43260,43270,10
13.0495996475,80.240272522,43270,43280,10
13.049200058,80.2401809692,43280,43290,10
13.0487203598,80.2400970459,43290,43300,10
13.0481595993,80.2400131226,43300,43310,10
13.0476703644,80.2398910522,43310,43320,10
13.0472698212,80.2398071289,43320,43330,10
13.04666996,80.2396621704,43330,43340,10
13.0463104248,80.2393493652,43340,43350,10
13.0464401245,80.2387313843,43350,43361,11
13.0466403961,80.2379608154,43361,43371,10
13.0467596054,80.237197876,43371,43381,10
13.0468997955,80.2365875244,43381,43391,10
13.0469799042,80.2361221313,43391,43401,10
13.0470399857,80.2358169556,43401,43411,10
13.0470695496,80.2356109619,43411,43421,10
13.0471401215,80.2350921631,43421,43431,10
13.047249794,80.2343215942,43431,43441,10
13.0473003387,80.2335205078,43441,43451,10
13.047369957,80.2332763672,43451,43462,11
13.0473098755,80.2331008911,43462,43472,10
13.0468502045,80.232963562,43472,43482,10
13.0459899902,80.2328033447,43482,43492,10
13.0453796387,80.2326507568,43492,43502,10
13.0453500748,80.2326507568,43502,43512,10
13.0451202393,80.2326278687,43512,43522,10
13.0445995331,80.2325210571,43522,43532,10
13.0438299179,80.2323913574,43532,43542,10
13.0430698395,80.2323226929,43542,43552,10
13.0423297882,80.2323074341,43552,43562,10
13.0415496826,80.2322006226,43562,43573,11
13.0405197144,80.231880188,43573,43583,10
13.0394296646,80.2316207886,43583,43593,10
13.038310051,80.231338501,43593,43603,10
13.0374097824,80.2309875488,43603,43613,10
13.036939621,80.2308502197,43613,43623,10
13.0369300842,80.2308578491,43623,43639,16
13.0367298126,80.2308120728,43639,43651,12
13.0361499786,80.2305908203,43651,43661,10
13.035369873,80.2303695679,43661,43722,61
13.035369873,80.2303695679,43722,43731,9
13.0350198746,80.2302627563,43731,43742,11
13.0343704224,80.2304077148,43742,43752,10
13.0336198807,80.2304763794,43752,43762,10
13.0335903168,80.23046875,43762,43771,9
13.0333499908,80.23046875,43771,43783,12
13.0325498581,80.2305908203,43783,43793,10
13.0316896439,80.2306518555,43793,43803,10
13.0308599472,80.23072052,43803,43813,10
13.0302400589,80.2307662964,43813,43822,9
13.029999733,80.2307891846,43822,43833,11
13.0297803879,80.2308197021,43833,43843,10
13.0296401978,80.2308273315,43843,43853,10
13.0291204453,80.2309112549,43853,43863,10
13.0283699036,80.2309494019,43863,43874,11
13.0277395248,80.231048584,43874,43884,10
13.0276899338,80.2315216064,43884,43894,10
13.0278100967,80.2322692871,43894,43904,10
13.0277204514,80.2328262329,43904,43914,10
13.0272703171,80.2329330444,43914,43924,10
13.0270700455,80.2329406738,43924,43934,10
13.0268297195,80.233001709,43934,43944,10
13.02643013,80.2328567505,43944,43954,10
13.0262002945,80.2321777344,43954,43964,10
13.0259799957,80.231300354,43964,43974,10
13.0256099701,80.2303237915,43974,43985,11
13.0250196457,80.2295227051,43985,43995,10
13.0246601105,80.2290802002,43995,44005,10
13.0246095657,80.2290115356,44005,44015,10
13.0243301392,80.2286911011,44015,44025,10
13.0239601135,80.2282791138,44025,44035,10
13.0239400864,80.2282714844,44035,44045,10
13.0237102509,80.2279891968,44045,44055,10
13.0232200623,80.2274932861,44055,44065,10
13.0225696564,80.2269134521,44065,44075,10
13.0218496323,80.2262573242,44075,44085,10
13.0209999084,80.2256011963,44085,44096,11
13.0199899673,80.224899292,44096,44106,10
13.0189304352,80.2244873047,44106,44116,10
13.0178003311,80.224899292,44116,44126,10
13.0169296265,80.2252807617,44126,44136,10
13.0164604187,80.2254562378,44136,44146,10
13.0160598755,80.2256011963,44146,44156,10
13.0154104233,80.2258300781,44156,44166,10
13.0146102905,80.2261428833,44166,44176,10
13.0141496658,80.2263717651,44176,44186,10
13.0141296387,80.2264022827,44186,44197,11
13.0140199661,80.2264709473,44197,44207,10
13.013589859,80.2265777588,44207,44217,10
13.0129995346,80.2267837524,44217,44227,10
13.0122098923,80.2270812988,44227,44237,10
13.0111999512,80.2274780273,44237,44247,10
13.0101499557,80.2279129028,44247,44257,10
13.0092096329,80.2285079956,44257,44267,10
13.0089502335,80.2296676636,44267,44277,10
13.0087003708,80.2308578491,44277,44287,10
13.008480072,80.2320632935,44287,44298,11
13.0082597733,80.2332763672,44298,44308,10
13.0081796646,80.2337417603,44308,44318,10
13.0081396103,80.2337799072,44318,44328,10
13.008020401,80.2341766357,44328,44338,10
13.0078802109,80.2349624634,44338,44348,10
13.0076704025,80.236000061,44348,44358,10
13.0074396133,80.237197876,44358,44368,10
13.0072402954,80.2383575439,44368,44378,10
13.007060051,80.2392883301,44378,44388,10
13.0069704056,80.2399215698,44388,44409,21
13.0069704056,80.2399215698,44409,44419,10
13.0069904327,80.240020752,44419,44429,10
13.006939888,80.2402420044,44429,44439,10
13.0068397522,80.2406768799,44439,44449,10
13.0068302155,80.2407913208,44449,44459,10
13.0068101883,80.2409210205,44459,44469,10
13.0067396164,80.2413635254,44469,44479,10
13.0066795349,80.2421112061,44479,44489,10
13.0066795349,80.2429428101,44489,44499,10
13.0066604614,80.2433776855,44499,44520,21
13.0066604614,80.2433776855,44520,44530,10
13.0066795349,80.2435684204,44530,44540,10
13.0066404343,80.2439117432,44540,44550,10
13.0066404343,80.2443771362,44550,44560,10
13.0066404343,80.2450866699,44560,44570,10
13.0066699982,80.2459411621,44570,44580,10
13.0067195892,80.2467422485,44580,44590,10
13.0067596436,80.247253418,44590,44600,10
13.0067195892,80.247756958,44600,44611,11
13.0067501068,80.2486801147,44611,44627,16
13.0068502426,80.2495422363,44627,44639,12
13.0068502426,80.2496795654,44639,44647,8
13.006819725,80.2500610352,44647,44658,11
13.0067796707,80.2507171631,44658,44669,11
13.0067796707,80.2508392334,44669,44679,10
13.0067996979,80.2509765625,44679,44689,10
13.0067796707,80.2512969971,44689,44699,10
13.0067195892,80.2516403198,44699,44709,10
13.0066099167,80.2522125244,44709,44719,10
13.0065803528,80.2529830933,44719,44730,11
13.0065803528,80.2539367676,44730,44740,10
13.0066204071,80.2550811768,44740,44760,20
13.0066204071,80.2550811768,44760,44770,10
13.0066299438,80.2554702759,44770,44780,10
13.0066099167,80.2561187744,44780,44790,10
13.0065803528,80.2565536499,44790,44800,10
13.0065803528,80.2566223145,44800,44810,10
13.0066204071,80.2568283081,44810,44820,10
13.0066204071,80.2574081421,44820,44831,11
13.0062503815,80.2575302124,44831,44841,10
13.0058403015,80.2574386597,44841,44851,10
13.0055103302,80.25730896,44851,44861,10
13.0053100586,80.2572174072,44861,44871,10
13.0048503876,80.2571563721,44871,44881,10
13.0041799545,80.2570419312,44881,44891,10
13.0034999847,80.2569198608,44891,44901,10
13.0033502579,80.2568817139,44901,44911,10
13.0032901764,80.2568588257,44911,44922,11
13.0029201508,80.2568130493,44922,44932,10
13.002579689,80.2567367554,44932,44942,10
13.0018796921,80.256652832,44942,45012,70
13.0018796921,80.256652832,45012,45022,10
13.0016899109,80.2566223145,45022,45032,10
13.001159668,80.2565689087,45032,45043,11
13.0003499985,80.2564697266,45043,45053,10
12.9998197556,80.256362915,45053,45063,10
12.9991903305,80.2562408447,45063,45073,10
12.9985799789,80.256111145,45073,45083,10
12.9982795715,80.256072998,45083,45093,10
12.9976596832,80.2559967041,45093,45123,30
12.9976596832,80.2559967041,45123,45133,10
12.9975404739,80.2560424805,45133,45144,11
12.997130394,80.2560119629,45144,45154,10
12.996919632,80.2563934326,45154,45164,10
12.9968795776,80.256652832,45164,45174,10
12.9968700409,80.256942749,45174,45184,10
12.9968395233,80.2573699951,45184,45194,10
12.9967403412,80.258102417,45194,45204,10
12.9966497421,80.2588195801,45204,45214,10
12.9965400696,80.2594528198,45214,45224,10
12.9964599609,80.2598419189,45224,45234,10
12.9964199066,80.2603607178,45234,45245,11
12.9963798523,80.2610931396,45245,45255,10
12.9963197708,80.2615814209,45255,45265,10
12.9962797165,80.2617874146,45265,45275,10
12.9962396622,80.262008667,45275,45285,10
12.9962100983,80.2624816895,45285,45295,10
12.9962100983,80.2625808716,45295,45305,10
12.9961500168,80.2629776001,45305,45315,10
12.9960803986,80.2637481689,45315,45325,10
12.9959897995,80.2646026611,45325,45335,10
12.9959001541,80.2653427124,45335,45346,11
12.9958000183,80.2663803101,45346,45356,10
12.9957103729,80.2673568726,45356,45366,10
12.9959897995,80.2676773071,45366,45376,10
12.9961004257,80.2677078247,45376,45386,10
12.9961996078,80.2677230835,45386,45396,10
12.9965801239,80.2677612305,45396,45406,10
12.9970598221,80.2676925659,45406,45416,10
12.997710228,80.2675018311,45416,45426,10
12.9983701706,80.2673034668,45426,45436,10
12.9991102219,80.2670822144,45436,45447,11
12.999879837,80.2667922974,45447,45456,9
13.0000200272,80.2666625977,45456,45473,17
13.0001001358,80.2665405273,45473,45485,12
13.0001296997,80.2662506104,45485,45495,10
13.0001602173,80.2658996582,45495,45505,10
13.0002002716,80.2657623291,45505,45515,10
13.0003004074,80.2658615112,45515,45525,10
13.0001802444,80.2664031982,45525,45910,385
13.0001802444,80.2664031982,45910,45920,10
13.0002498627,80.2668991089,45920,45930,10
12.9997396469,80.2670211792,45930,45940,10
12.9990100861,80.2672195435,45940,45950,10
12.9982099533,80.2674026489,45950,45960,10
12.9975099564,80.2676086426,45960,45971,11
12.9966201782,80.2677612305,45971,45981,10
12.9959001541,80.2677307129,45981,45991,10
12.9957199097,80.2674026489,45991,46001,10
12.9957199097,80.2673721313,46001,46011,10
12.9957304001,80.2671966553,46011,46021,10
12.9957504272,80.2667007446,46021,46031,10
12.9958200455,80.265953064,46031,46041,10
12.9959001541,80.2650909424,46041,46051,10
12.9960002899,80.2642364502,46051,46061,10
12.9961204529,80.2631912231,46061,46071,10
12.9961595535,80.2626113892,46071,46082,11
12.9961700439,80.2626113892,46082,46092,10
12.996219635,80.2624206543,46092,46102,10
12.9962902069,80.2619476318,46102,46112,10
12.996339798,80.2614898682,46112,46122,10
12.9964199066,80.2607498169,46122,46132,10
12.9964799881,80.2600326538,46132,46142,10
12.9965200424,80.2594299316,46142,46152,10
12.9965295792,80.2593307495,46152,46162,10
12.9965496063,80.2589187622,46162,46172,10
12.9966497421,80.2581634521,46172,46182,10
12.9967699051,80.2572021484,46182,46193,11
12.9968500137,80.2561416626,46193,46243,50
12.9968500137,80.2561416626,46243,46253,10
12.9969596863,80.255859375,46253,46263,10
12.997469902,80.2558288574,46263,46273,10
12.9981899261,80.255897522,46273,46283,10
12.998749733,80.2559585571,46283,46304,21
12.998749733,80.2559585571,46304,46314,10
12.9988803864,80.2559890747,46314,46324,10
12.9991598129,80.2560577393,46324,46364,40
12.9991598129,80.2560577393,46364,46374,10
12.9992198944,80.2560806274,46374,46384,10
12.99958992,80.2561264038,46384,46394,10
13.0001001358,80.2562408447,46394,46405,11
13.0007696152,80.2563705444,46405,46415,10
13.0013599396,80.2564926147,46415,46425,10
13.0021295547,80.2566375732,46425,46435,10
13.0027799606,80.2567520142,46435,46445,10
13.0034799576,80.2568664551,46445,46455,10
13.0040302277,80.256980896,46455,46465,10
13.0044898987,80.2570724487,46465,46475,10
13.004940033,80.2571792603,46475,46485,10
13.0053100586,80.2572097778,46485,46496,11
13.0058403015,80.257270813,46496,46566,70
13.0058403015,80.257270813,46566,46576,10
13.0060501099,80.257270813,46576,46586,10
13.0064601898,80.2572402954,46586,46596,10
13.0064601898,80.2567214966,46596,46606,10
13.0064697266,80.2559204102,46606,46617,11
13.0065202713,80.2550125122,46617,46627,10
13.0065202713,80.2540130615,46627,46637,10
13.0065097809,80.2531661987,46637,46667,30
13.0065097809,80.2531661987,46667,46677,10
13.0065202713,80.253036499,46677,46687,10
13.0065202713,80.2529296875,46687,46697,10
13.0065202713,80.2525787354,46697,46707,10
13.0065603256,80.2521591187,46707,46718,11
13.0067195892,80.2514419556,46718,46728,10
13.0067501068,80.2505722046,46728,46738,10
13.0067396164,80.2496871948,46738,46748,10
13.0067195892,80.2495193481,46748,46758,10
13.0067100525,80.2491378784,46758,46798,40
13.0067100525,80.2491378784,46798,46808,10
13.0067100525,80.2488098145,46808,46819,11
13.0066604614,80.2484436035,46819,46829,10
13.0066404343,80.2481307983,46829,46839,10
13.0066099167,80.2475509644,46839,46849,10
13.0066299438,80.246963501,46849,46859,10
13.0065803528,80.2465362549,46859,46869,10
13.0065898895,80.2465209961,46869,46879,10
13.0066204071,80.2461166382,46879,46889,10
13.0066099167,80.2456207275,46889,46899,10
13.0066003799,80.2451934814,46899,46910,11
13.0065803528,80.2448272705,46910,46919,9
13.0065803528,80.2445983887,46919,46930,11
13.0065803528,80.2443008423,46930,46940,10
13.0065603256,80.2438583374,46940,46950,10
13.0065402985,80.2434768677,46950,46960,10
13.006529808,80.2429733276,46960,46970,10
13.006529808,80.2422485352,46970,46980,10
13.0065498352,80.2413330078,46980,46990,10
13.006649971,80.2406463623,46990,47010,20
13.006649971,80.2406463623,47010,47026,16
13.006770134,80.2401199341,47026,47039,13
13.0069303513,80.2392425537,47039,47049,10
13.007060051,80.2385864258,47049,47059,10
13.0072202682,80.2378921509,47059,47069,10
13.0073204041,80.2374801636,47069,47079,10
13.0073795319,80.2369308472,47079,47088,9
13.0074195862,80.2367706299,47088,47099,11
13.0074300766,80.2366867065,47099,47109,10
13.0075397491,80.2363586426,47109,47118,9
13.0076503754,80.2358016968,47118,47128,10
13.0077199936,80.2353515625,47128,47140,12
13.0078296661,80.2348175049,47140,47150,10
13.0079803467,80.2341079712,47150,47159,9
13.0081596375,80.2332992554,47159,47170,11
13.0083799362,80.232208252,47170,47180,10
13.0086097717,80.2309799194,47180,47190,10
13.0088300705,80.2298202515,47190,47200,10
13.009059906,80.2286682129,47200,47210,10
13.0094299316,80.2275695801,47210,47220,10
13.0099201202,80.2265090942,47220,47231,11
13.0104398727,80.2253799438,47231,47241,10
13.0107603073,80.2247009277,47241,47251,10
13.0108699799,80.2244110107,47251,47261,10
13.0109195709,80.2242584229,47261,47271,10
13.0110502243,80.2239379883,47271,47281,10
13.0113096237,80.2232818604,47281,47297,16
13.0118198395,80.2219619751,47297,47309,12
13.012339592,80.2213973999,47309,47319,10
13.0126399994,80.2218322754,47319,47329,10
13.0130195618,80.2223205566,47329,47340,11
13.0131797791,80.2224807739,47340,47350,10
13.0133399963,80.2226486206,47350,47360,10
13.0136604309,80.2230377197,47360,47369,9
13.0140600204,80.2235107422,47369,47380,11
13.0145597458,80.2240982056,47380,47389,9
13.0148801804,80.2244567871,47389,47400,11
13.0151100159,80.2246627808,47400,47410,10
13.0153999329,80.2248764038,47410,47420,10
13.0155601501,80.2250213623,47420,47430,10
13.0156803131,80.2251281738,47430,47441,11
13.0161600113,80.2253112793,47441,47451,10
13.0169000626,80.225151062,47451,47460,9
13.0177097321,80.224822998,47460,47471,11
13.0188798904,80.224357605,47471,47481,10
13.0197000504,80.2244415283,47481,47501,20
13.0197000504,80.2244415283,47501,47511,10
13.0198297501,80.2246170044,47511,47521,10
13.0201797485,80.224899292,47521,47531,10
13.0207700729,80.2253189087,47531,47541,10
13.0214996338,80.2258682251,47541,47551,10
13.0219697952,80.2261810303,47551,47562,11
13.0219802856,80.2261886597,47562,47572,10
13.0221004486,80.2263031006,47572,47582,10
13.0225400925,80.2266769409,47582,47592,10
13.0231103897,80.2272186279,47592,47602,10
13.0237598419,80.2278289795,47602,47612,10
13.0243701935,80.2284622192,47612,47632,20
13.0243701935,80.2284622192,47632,47642,10
13.0244998932,80.2286605835,47642,47653,11
13.0249004364,80.2292175293,47653,47663,10
13.0253896713,80.2298583984,47663,47673,10
13.025850296,80.2306518555,47673,47683,10
13.0259799957,80.2310791016,47683,47693,10
13.0261201859,80.2313308716,47693,47703,10
13.0266504288,80.2311935425,47703,47713,10
13.0274496078,80.2309799194,47713,47723,10
13.0281801224,80.2309036255,47723,47733,10
13.0284500122,80.2308502197,47733,47743,10
13.0286102295,80.2308273315,47743,47754,11
13.0292797089,80.2307662964,47754,47814,60
13.0292797089,80.2307662964,47814,47824,10
13.0296602249,80.2307281494,47824,47834,10
13.0304899216,80.2306671143,47834,47854,20
13.0304899216,80.2306671143,47854,47865,11
13.03083992,80.2306671143,47865,47875,10
13.031370163,80.2306137085,47875,47885,10
13.0320196152,80.2305603027,47885,47895,10
13.0326595306,80.2305221558,47895,47905,10
13.0333204269,80.2304534912,47905,47915,10
13.0338401794,80.2304000854,47915,47925,10
13.0342197418,80.2303390503,47925,48067,142
13.0342197418,80.2303390503,48067,48077,10
13.0346603394,80.2302703857,48077,48087,10
13.0349397659,80.2305526733,48087,48107,20
13.0349397659,80.2305526733,48107,48117,10
13.0349302292,80.2308425903,48117,48127,10
13.0348596573,80.2313766479,48127,48137,10
13.0347499847,80.232131958,48137,48147,10
13.0346603394,80.233001709,48147,48157,10
13.0345602036,80.2335891724,48157,48167,10
13.0344696045,80.2342605591,48167,48178,11
13.0343599319,80.23487854,48178,48188,10
13.0342903137,80.235710144,48188,48198,10
13.0342302322,80.2365188599,48198,48208,10
13.0341901779,80.2370300293,48208,48228,20
13.0341901779,80.2370300293,48228,48238,10
13.0342798233,80.2373580933,48238,48248,10
13.0344800949,80.2376708984,48248,48258,10
13.0346698761,80.2379226685,48258,48268,10
13.0349903107,80.2384796143,48268,48289,21
13.0349903107,80.2384796143,48289,48305,16
13.0352602005,80.2389907837,48305,48317,12
13.0357599258,80.2393798828,48317,48327,10
13.0358800888,80.2393569946,48327,48337,10
13.0361995697,80.239402771,48337,48347,10
13.0364999771,80.2394180298,48347,48357,10
13.03703022,80.2394714355,48357,48366,9
13.0376195908,80.2395629883,48366,48377,11
13.0382900238,80.2396316528,48377,48389,12
13.0388002396,80.2397003174,48389,48399,10
13.0393400192,80.2397766113,48399,48409,10
13.0398197174,80.2398376465,48409,48419,10
13.0401802063,80.2398910522,48419,48429,10
13.0402898788,80.239906311,48429,48439,10
13.0403795242,80.239982605,48439,48449,10
13.0403995514,80.2403488159,48449,48459,10
13.0406599045,80.2405014038,48459,48469,10
13.0410203934,80.2405471802,48469,48479,10
13.0410299301,80.2405471802,48479,48490,11
13.0411396027,80.2405776978,48490,48500,10
13.0415401459,80.2406311035,48500,48510,10
13.0421600342,80.240737915,48510,48520,10
13.0429801941,80.2408370972,48520,48530,10
13.0438404083,80.2409362793,48530,48540,10
13.0445098877,80.2406005859,48540,48591,51
13.0445098877,80.2406005859,48591,48601,10
13.0447502136,80.2404022217,48601,48611,10
13.0451202393,80.2401199341,48611,48621,10
13.0455598831,80.2398529053,48621,48631,10
13.046090126,80.2395401001,48631,48641,10
13.0465202332,80.2396087646,48641,48651,10
13.0465402603,80.2396087646,48651,48661,10
13.0467700958,80.2396469116,48661,48671,10
13.0473203659,80.2397613525,48671,48681,10
13.0481004715,80.2399215698,48681,48691,10
13.0489397049,80.2400970459,48691,48702,11
13.0496101379,80.2402267456,48702,48712,10
13.0498199463,80.2402801514,48712,48722,10
13.050359726,80.2403869629,48722,48732,10
13.051030159,80.2405319214,48732,48742,10
13.0512599945,80.240562439,48742,48752,10
13.0514802933,80.2406311035,48752,48762,10
13.0519599915,80.240737915,48762,48772,10
13.0522699356,80.2407913208,48772,48782,10
13.0524396896,80.2408905029,48782,48792,10
13.0525197983,80.2410736084,48792,48803,11
13.0525903702,80.2414321899,48803,48813,10
13.0528697968,80.2417373657,48813,48823,10
13.0535402298,80.2420272827,48823,48833,10
13.0540599823,80.2422180176,48833,48843,10
13.0540704727,80.2422180176,48843,48859,16
13.054479599,80.2423095703,48859,48871,12
13.0553398132,80.2422103882,48871,48881,10
13.0561800003,80.2424316406,48881,48891,10
13.0567598343,80.2425765991,48891,48941,50
13.0567598343,80.2425765991,48941,48952,11
13.0577402115,80.2427520752,48952,48972,20
13.0577402115,80.2427520752,48972,48982,10
13.0579204559,80.242767334,48982,48992,10
13.058429718,80.2426605225,48992,49002,10
13.0590400696,80.2425537109,49002,49013,11
13.0594902039,80.2425613403,49013,49023,10
13.0599002838,80.2426986694,49023,49033,10
13.0602703094,80.2428283691,49033,49043,10
13.0604496002,80.2428665161,49043,49053,10
13.0608596802,80.2430114746,49053,49063,10
13.0613098145,80.2431335449,49063,49073,10
13.0616397858,80.2432098389,49073,49083,10
13.0621204376,80.2432785034,49083,49093,10
13.0624399185,80.2433319092,49093,49103,10
13.0625400543,80.243347168,49103,49114,11
13.0631303787,80.2434616089,49114,49124,10
13.0637702942,80.2434768677,49124,49134,10
13.064330101,80.2435302734,49134,49144,10
13.0650701523,80.2435302734,49144,49184,40
13.0650701523,80.2435302734,49184,49194,10
13.0651502609,80.2434997559,49194,49204,10
13.0655403137,80.243522644,49204,49214,10
13.0659704208,80.2434616089,49214,49225,11
13.0662202835,80.2434005737,49225,49235,10
13.0665397644,80.2432937622,49235,49245,10
13.0669298172,80.2431411743,49245,49255,10
13.0674600601,80.2429122925,49255,49265,10
13.0679101944,80.2427520752,49265,49275,10
13.0685396194,80.2425613403,49275,49285,10
13.0686798096,80.2424926758,49285,49295,10
13.0687799454,80.2424621582,49295,49305,10
13.0689201355,80.2423934937,49305,49315,10
13.0699195862,80.2421035767,49315,49354,39
13.0699195862,80.2421035767,49354,49363,9
13.0704298019,80.2419509888,49363,49374,11
13.0710897446,80.2417526245,49374,49384,10
13.0718002319,80.2414016724,49384,49393,9
13.0723104477,80.2410812378,49393,49404,11
13.0730695724,80.240737915,49404,49414,10
13.0735397339,80.2406005859,49414,49426,12
13.0742998123,80.2404632568,49426,49436,10
13.0751800537,80.2404403687,49436,49446,10
13.0761003494,80.2404327393,49446,49456,10
13.0768499374,80.2405471802,49456,49466,10
13.0770797729,80.2401809692,49466,49476,10
13.0769195557,80.2395401001,49476,49537,61
13.0769195557,80.2395401001,49537,49547,10
13.0768499374,80.2391586304,49547,49557,10
13.076789856,80.2389221191,49557,49587,30
13.076789856,80.2389221191,49587,49597,10
13.0766897202,80.2386779785,49597,49607,10
13.0766296387,80.2384414673,49607,49648,41
13.0766296387,80.2384414673,49648,49658,10
13.0765199661,80.2379379272,49658,49674,16
13.0763597488,80.2370834351,49674,49696,22
13.0763597488,80.2370834351,49696,49706,10
13.0763196945,80.2368927002,49706,49716,10
13.076259613,80.2365036011,49716,49726,10
13.0762395859,80.236328125,49726,49736,10
13.076210022,80.2361526489,49736,49747,11
13.0761899948,80.2359771729,49747,49757,10
13.0761604309,80.2358322144,49757,49767,10
13.0761404037,80.2356185913,49767,49777,10
13.0760297775,80.2350769043,49777,49787,10
13.0757703781,80.2341384888,49787,49827,40
13.0757703781,80.2341384888,49827,49837,10
13.075750351,80.2339630127,49837,49848,11
13.0760402679,80.2337493896,49848,49858,10
13.0767402649,80.2336807251,49858,49878,20
13.0767402649,80.2336807251,49878,49888,10
13.0770797729,80.2336807251,49888,49898,10
13.0776996613,80.2335968018,49898,49908,10
13.078499794,80.233543396,49908,49918,10
13.0793104172,80.2334976196,49918,49928,10
13.0799598694,80.2335128784,49928,49938,10
13.0802202225,80.2335205078,49938,49949,11
13.0803203583,80.2335281372,49949,49959,10
13.0807199478,80.2335662842,49959,49969,10
13.0813798904,80.233581543,49969,49979,10
13.0819101334,80.233543396,49979,49989,10
13.0819797516,80.233039856,49989,49999,10
13.082159996,80.2323379517,49999,50009,10
13.0824403763,80.2314987183,50009,50019,10
13.0826101303,80.231086731,50019,50035,16
13.0830202103,80.2306365967,50035,50047,12
13.0831804276,80.2314605713,50047,50058,11
13.0832500458,80.2324905396,50058,50068,10
13.0833997726,80.2332000732,50068,50078,10
13.0836000443,80.2337799072,50078,50088,10
13.0840101242,80.2339019775,50088,50098,10
13.0840196609,80.2339096069,50098,50108,10
13.0842599869,80.2340164185,50108,50118,10
13.0846300125,80.23412323,50118,50128,10
13.0850496292,80.2342071533,50128,50139,11
13.0857095718,80.2343597412,50139,50148,9
13.0862903595,80.2344818115,50148,50160,12
13.0867300034,80.2345428467,50160,50170,10
13.0870895386,80.2345581055,50170,50180,10
13.087679863,80.2344894409,50180,50190,10
13.0879602432,80.2339630127,50190,50200,10
13.088060379,80.2332077026,50200,50210,10
13.0882501602,80.2323226929,50210,50220,10
13.0885095596,80.2313995361,50220,50230,10
13.0887899399,80.230682373,50230,50240,10
13.0888900757,80.2304534912,50240,50250,10
13.08893013,80.2303924561,50250,50260,10
13.0891199112,80.2300186157,50260,50271,11
13.0895204544,80.2293167114,50271,50281,10
13.0901603699,80.2285995483,50281,50291,10
13.0907897949,80.2279281616,50291,50301,10
13.0912704468,80.2273864746,50301,50311,10
13.0913696289,80.2272796631,50311,50321,10
13.0914297104,80.2272186279,50321,50331,10
13.091799736,80.2268600464,50331,50341,10
13.0923404694,80.2263183594,50341,50351,10
13.0929698944,80.2256774902,50351,50361,10
13.0932197571,80.2254104614,50361,50378,17
13.0936899185,80.224899292,50378,50390,12
13.0943002701,80.2241363525,50390,50400,10
13.0948600769,80.2233505249,50400,50410,10
13.0952997208,80.2224197388,50410,50420,10
13.0956001282,80.2215805054,50420,50430,10
13.095870018,80.2208023071,50430,50440,10
13.0962295532,80.2197570801,50440,50450,10
13.0963897705,80.2192611694,50450,50470,20
13.0963897705,80.2192611694,50470,50481,11
13.0965900421,80.218788147,50481,50491,10
13.0967998505,80.218132019,50491,50501,10
13.0970897675,80.217300415,50501,50511,10
13.0974597931,80.2163162231,50511,50521,10
13.0979003906,80.2152786255,50521,50531,10
13.0983400345,80.2142791748,50531,50571,40
13.0983400345,80.2142791748,50571,50582,11
13.0983800888,80.2141799927,50582,50592,10
13.0986099243,80.2139511108,50592,50602,10
13.0990600586,80.2141723633,50602,50612,10
13.0996398926,80.21434021,50612,50622,10
13.1002597809,80.2145309448,50622,50642,20
13.1002597809,80.2145309448,50642,50652,10
13.1002998352,80.2145309448,50652,50662,10
13.1004400253,80.21459198,50662,50672,10
13.1006002426,80.2147369385,50672,50683,11
13.1003599167,80.2153015137,50683,50693,10
13.1000995636,80.215927124,50693,50703,10
13.0999097824,80.2158966064,50703,50713,10
13.1000795364,80.2155227661,50713,50723,10
13.1002998352,80.2148895264,50723,51006,283
13.1002998352,80.2148895264,51006,51016,10
13.1002197266,80.21459198,51016,51026,10
13.1000795364,80.2144622803,51026,51036,10
13.0999097824,80.2144088745,51036,51046,10
13.0997104645,80.2143707275,51046,51056,10
13.0993204117,80.2142791748,51056,51066,10
13.0988502502,80.2141418457,51066,51076,10
13.0987596512,80.2141036987,51076,51086,10
13.0986700058,80.2140579224,51086,51096,10
13.0984201431,80.2141571045,51096,51107,11
13.0981397629,80.2147979736,51107,51117,10
13.0978603363,80.215461731,51117,51126,9
13.0975103378,80.2163085938,51126,51137,11
13.0973901749,80.216583252,51137,51147,10
13.0972700119,80.2169036865,51147,51157,10
13.0970401764,80.2175216675,51157,51167,10
13.0967903137,80.2182693481,51167,51177,10
13.0966100693,80.2189407349,51177,51187,10
13.096449852,80.2193832397,51187,51197,10
13.0961799622,80.2201309204,51197,51208,11
13.0958003998,80.2211914063,51208,51218,10
13.0955095291,80.2220687866,51218,51228,10
13.0953998566,80.2224273682,51228,51238,10
13.0953397751,80.2225418091,51238,51248,10
13.0951595306,80.2229690552,51248,51258,10
13.0947504044,80.2236480713,51258,51268,10
13.0941200256,80.2244720459,51268,51278,10
13.0934801102,80.2252502441,51278,51294,16
13.0923995972,80.226348877,51294,51306,12
13.0916204453,80.2271499634,51306,51317,11
13.0912103653,80.2276229858,51317,51327,10
13.0911903381,80.2276535034,51327,51337,10
13.0910596848,80.2277679443,51337,51347,10
13.0906801224,80.2281723022,51347,51357,10
13.0901098251,80.2287826538,51357,51367,10
13.0894804001,80.2295303345,51367,51376,9
13.0891599655,80.230140686,51376,51386,10
13.0889997482,80.2305221558,51386,51397,11
13.0888299942,80.2309036255,51397,51407,10
13.0888204575,80.2309494019,51407,51418,11
13.0886297226,80.2313079834,51418,51428,10
13.0884103775,80.2320022583,51428,51438,10
13.0881795883,80.2329788208,51438,51448,10
13.0880298615,80.2340011597,51448,51458,10
13.0875797272,80.2345733643,51458,51468,10
13.0868902206,80.2345504761,51468,51478,10
13.0863800049,80.2344970703,51478,51488,10
13.0857095718,80.2343521118,51488,51498,10
13.084980011,80.2341537476,51498,51508,10
13.0843801498,80.2340011597,51508,51518,10
13.0836496353,80.2338867188,51518,51539,21
13.0836496353,80.2338867188,51539,51549,10
13.0834798813,80.2338562012,51549,51559,10
13.0830202103,80.2338180542,51559,51575,16
13.0823497772,80.2336502075,51575,51587,12
13.0822000504,80.2336273193,51587,51595,8
13.0820198059,80.2336196899,51595,51607,12
13.0815296173,80.233581543,51607,51617,10
13.0808401108,80.2335510254,51617,51628,11
13.0800199509,80.2335586548,51628,51638,10
13.0796003342,80.233543396,51638,51647,9
13.0795898438,80.2335510254,51647,51658,11
13.0793800354,80.233581543,51658,51668,10
13.0788402557,80.2335968018,51668,51678,10
13.0781898499,80.2336425781,51678,51687,9
13.077460289,80.2336578369,51687,51698,11
13.0766496658,80.233757019,51698,51708,10
13.0759897232,80.2338867188,51708,51717,9
13.0759601593,80.2338867188,51717,51729,12
13.0758104324,80.2340011597,51729,51739,10
13.0759601593,80.2345199585,51739,51749,10
13.0761404037,80.2353286743,51749,51759,10
13.0763101578,80.2362213135,51759,51769,10
13.0764598846,80.2370376587,51769,51799,30
13.0764598846,80.2370376587,51799,51809,10
13.0765304565,80.2372131348,51809,51819,10
13.0766000748,80.2374801636,51819,51829,10
13.0766801834,80.2377624512,51829,51840,11
13.0767803192,80.2383804321,51840,51850,10
13.0769100189,80.2390136719,51850,51860,10
13.0769796371,80.2392883301,51860,51870,10
13.0771198273,80.2398376465,51870,51880,10
13.0771999359,80.2403411865,51880,51890,10
13.0772104263,80.2403793335,51890,51900,10
13.0773096085,80.2407302856,51900,51910,10
13.0773801804,80.2411117554,51910,51920,10
13.0774402618,80.2414779663,51920,51930,10
13.0775995255,80.2421569824,51930,51941,11
13.0777597427,80.2432022095,51941,51951,10
13.0778102875,80.2440567017,51951,51961,10
13.0778503418,80.2447128296,51961,51971,10
13.0779495239,80.245552063,51971,51981,10
13.0780801773,80.2466201782,51981,51991,10
13.0783195496,80.2477874756,51991,52001,10
13.0785503387,80.248878479,52001,52011,10
13.0787296295,80.249786377,52011,52021,10
13.078499794,80.2506408691,52021,52031,10
13.0786104202,80.2514266968,52031,52041,10
13.0783596039,80.251663208,52041,52052,11
13.0778799057,80.2517623901,52052,52062,10
13.0771903992,80.2518997192,52062,52078,16
13.075920105,80.2521591187,52078,52090,12
13.0751399994,80.2521972656,52090,52100,10
13.074640274,80.2522888184,52100,52110,10
13.0739498138,80.252532959,52110,52120,10
13.0734195709,80.2525024414,52120,52130,10
13.0724401474,80.2524337769,52130,52140,10
13.0724401474,80.2524337769,52140,52150,10
13.0721998215,80.2521591187,52150,52161,11
13.0720300674,80.2514419556,52161,52171,10
13.0718803406,80.2506790161,52171,52181,10
13.0717201233,80.2501220703,52181,52191,10
13.0714902878,80.2492675781,52191,52201,10
13.0713100433,80.2483291626,52201,52211,10
13.0711097717,80.2476882935,52211,52221,10
13.0708904266,80.2471618652,52221,52231,10
13.070599556,80.2465591431,52231,52241,10
13.0702495575,80.24584198,52241,52251,10
13.0699396133,80.2451400757,52251,52262,11
13.0696401596,80.2442932129,52262,52272,10
13.0693902969,80.243522644,52272,52282,10
13.0692996979,80.243309021,52282,52292,10
13.0692596436,80.2432174683,52292,52301,9
13.0691995621,80.2428283691,52301,52312,11
13.0689496994,80.2425613403,52312,52322,10
13.0683403015,80.2426681519,52322,52332,10
13.0675401688,80.2429199219,52332,52342,10
13.0666999817,80.243270874,52342,52352,10
13.0661296844,80.2436828613,52352,52363,11
13.0661897659,80.244468689,52363,52373,10
13.066280365,80.245262146,52373,52383,10
13.0664596558,80.2458267212,52383,52393,10
13.0670995712,80.2461471558,52393,52403,10
13.067779541,80.2464981079,52403,52413,10
13.0678195953,80.2465286255,52413,52423,10
13.067899704,80.2467422485,52423,52433,10
13.0679197311,80.2473678589,52433,52443,10
13.0676498413,80.2479019165,52443,52453,10
13.066860199,80.2478866577,52453,52463,10
13.0661497116,80.2478637695,52463,52474,11
13.0654802322,80.2479095459,52474,52484,10
13.0646800995,80.2477874756,52484,52494,10
13.0638303757,80.2477035522,52494,52504,10
13.0632400513,80.2476577759,52504,52514,10
13.062620163,80.2476272583,52514,52524,10
13.0619697571,80.2476272583,52524,52534,10
13.0614795685,80.2471389771,52534,52544,10
13.0615501404,80.2466583252,52544,52554,10
13.0617599487,80.2463378906,52554,52564,10
13.0619001389,80.2459182739,52564,52575,11
13.0621595383,80.2450408936,52575,52585,10
13.0628595352,80.2445907593,52585,52595,10
13.0631198883,80.2442474365,52595,52605,10
13.0631799698,80.244178772,52605,52615,10
13.0634002686,80.2437667847,52615,52625,10
13.0631599426,80.2434463501,52625,52635,10
13.0625600815,80.2433013916,52635,52645,10
13.0619602203,80.2432174683,52645,52655,10
13.0615701675,80.2431869507,52655,52665,10
13.0611696243,80.2431488037,52665,52676,11
13.0606603622,80.2429199219,52676,52686,10
13.0601501465,80.242767334,52686,52696,10
13.0595798492,80.2426376343,52696,52706,10
13.0587997437,80.2426376343,52706,52726,20
13.0587997437,80.2426376343,52726,52736,10
13.0584697723,80.242729187,52736,52746,10
13.057849884,80.2427825928,52746,52756,10
13.0570297241,80.2427825928,52756,52766,10
13.0563001633,80.2425003052,52766,52776,10
13.0555696487,80.2422790527,52776,52787,11
13.054599762,80.2424163818,52787,52797,10
13.0537004471,80.2422180176,52797,52817,20
13.0537004471,80.2422180176,52817,52827,10
13.0535001755,80.2420730591,52827,52837,10
13.0530796051,80.241897583,52837,52847,10
13.0524997711,80.2416000366,52847,52857,10
13.0521402359,80.2410812378,52857,52867,10
13.0519800186,80.2408065796,52867,52877,10
13.0517702103,80.240737915,52877,52888,11
13.0514001846,80.2406692505,52888,52898,10
13.0513496399,80.2406616211,52898,52908,10
13.0511198044,80.2406234741,52908,52918,10
13.0507097244,80.2405166626,52918,52928,10
13.0501098633,80.2404022217,52928,52937,9
13.0498199463,80.2403106689,52937,52948,11
13.0497903824,80.2403106689,52948,52958,10
13.0495595932,80.2403030396,52958,52968,10
13.0491399765,80.2401809692,52968,52978,10
13.0485496521,80.2400436401,52978,52989,11
13.0480604172,80.2399597168,52989,52999,10
13.0480003357,80.2399520874,52999,53009,10
13.0476303101,80.2398605347,53009,53019,10
13.0470304489,80.239730835,53019,53029,10
13.0466899872,80.2396697998,53029,53039,10
13.0464601517,80.2395935059,53039,53049,10
13.046210289,80.2394485474,53049,53059,10
13.0463495255,80.2389984131,53059,53069,10
13.0464801788,80.2384033203,53069,53079,10
13.0465297699,80.2380981445,53079,53089,10
13.0465698242,80.2377090454,53089,53100,11
13.0467700958,80.2369537354,53100,53110,10
13.0469398499,80.2362365723,53110,53120,10
13.0470304489,80.2358474731,53120,53130,10
13.0470600128,80.2355728149,53130,53140,10
13.0471200943,80.2350616455,53140,53150,10
13.0472602844,80.2343521118,53150,53160,10
13.0473203659,80.2335510254,53160,53170,10
13.0473403931,80.2333831787,53170,53180,10
13.0473899841,80.2331314087,53180,53190,10
13.0469799042,80.2330169678,53190,53201,11
13.0460996628,80.2328262329,53201,53211,10
13.0451698303,80.2326812744,53211,53231,20
13.0451698303,80.2326812744,53231,53241,10
13.0449800491,80.2326507568,53241,53251,10
13.044670105,80.2325897217,53251,53261,10
13.0440301895,80.232460022,53261,53271,10
13.0433101654,80.2323226929,53271,53281,10
13.0426902771,80.2323303223,53281,53291,10
13.0419797897,80.2323074341,53291,53301,10
13.0411596298,80.2321395874,53301,53312,11
13.0401000977,80.2317962646,53312,53322,10
13.0390195847,80.2315063477,53322,53332,10
13.038020134,80.2312011719,53332,53342,10
13.0371599197,80.2309188843,53342,53352,10
13.0363702774,80.2306976318,53352,53422,70
13.0363702774,80.2306976318,53422,53432,10
13.0360803604,80.2305297852,53432,53441,9
13.0357198715,80.2303390503,53441,53452,11
13.0352602005,80.2302703857,53452,53462,10
13.0347700119,80.2302780151,53462,53472,10
13.0343904495,80.2303695679,53472,53482,10
13.0342197418,80.2304077148,53482,53492,10
13.0340299606,80.2304382324,53492,53502,10
13.0338802338,80.2304534912,53502,53512,10
13.0334196091,80.2304992676,53512,53533,21
13.0334196091,80.2304992676,53533,53543,10
13.0331802368,80.2304611206,53543,53553,10
13.0326099396,80.2305374146,53553,53563,10
13.0319404602,80.2306365967,53563,53573,10
13.0311403275,80.2307434082,53573,53583,10
13.0308103561,80.2307662964,53583,53593,10
13.0304298401,80.2307815552,53593,53603,10
13.0298995972,80.2308502197,53603,53613,10
13.0294599533,80.2309036255,53613,53624,11
13.0287399292,80.2309417725,53624,53634,10
13.0279798508,80.2310562134,53634,53644,10
13.0276603699,80.2311401367,53644,53654,10
13.027680397,80.2315368652,53654,53664,10
13.0277700424,80.232170105,53664,53674,10
13.0278196335,80.232749939,53674,53684,10
13.0268802643,80.233001709,53684,53745,61
13.0268802643,80.233001709,53745,53755,10
13.0266399384,80.2330093384,53755,53765,10
13.0263795853,80.2329177856,53765,53775,10
13.0262002945,80.2323608398,53775,53785,10
13.0259799957,80.2315597534,53785,53795,10
13.0256996155,80.2305984497,53795,53805,10
13.025179863,80.2297821045,53805,53815,10
13.0247602463,80.2292709351,53815,53825,10
13.0243597031,80.2287368774,53825,53836,11
13.0239696503,80.2282867432,53836,53846,10
13.0239696503,80.2282791138,53846,53856,10
13.0239095688,80.2281570435,53856,53866,10
13.0236196518,80.2278289795,53866,53876,10
13.0231599808,80.2273712158,53876,53892,16
13.0222501755,80.2265090942,53892,53904,12
13.021320343,80.225769043,53904,53914,10
13.0207796097,80.2253570557,53914,53924,10
13.0204200745,80.2251281738,53924,53934,10
13.0200796127,80.224899292,53934,53945,11
13.0194997787,80.2245483398,53945,53955,10
13.0187397003,80.2245101929,53955,53965,10
13.0178499222,80.2248764038,53965,53975,10
13.0170097351,80.2252426147,53975,53984,9
13.0166397095,80.2253875732,53984,53995,11
13.0162200928,80.2255401611,53995,54005,10
13.0155801773,80.225769043,54005,54015,10
13.0148801804,80.22605896,54015,54025,10
13.0143604279,80.2262573242,54025,54035,10
13.0142602921,80.2263031006,54035,54046,11
13.0137901306,80.2264785767,54046,54056,10
13.0131502151,80.2267303467,54056,54066,10
13.0124397278,80.2270126343,54066,54076,10
13.0116500854,80.2273483276,54076,54086,10
13.0107603073,80.2276992798,54086,54096,10
13.0098695755,80.2280502319,54096,54106,10
13.0091495514,80.2285995483,54106,54116,10
13.0089302063,80.2296524048,54116,54126,10
13.0087003708,80.2308197021,54126,54136,10
13.0084695816,80.2320175171,54136,54147,11
13.0082798004,80.2331237793,54147,54157,10
13.0082302094,80.2335968018,54157,54167,10
13.0082197189,80.2336425781,54167,54176,9
13.0081195831,80.2339401245,54176,54187,11
13.0080003738,80.2345428467,54187,54197,10
13.0078496933,80.2352905273,54197,54207,10
13.0077104568,80.236038208,54207,54217,10
13.0075302124,80.2369232178,54217,54227,10
13.0073404312,80.2378234863,54227,54237,10
13.0071802139,80.2387008667,54237,54247,10
13.0070400238,80.2394790649,54247,54258,11
13.0069103241,80.2401199341,54258,54338,80
13.0069103241,80.2401199341,54338,54355,17
13.0068397522,80.2409973145,54355,54367,12
13.006770134,80.2420501709,54367,54377,10
13.0067300797,80.2429962158,54377,54387,10
13.0067100525,80.2435684204,54387,54395,8
13.0066995621,80.2438735962,54395,54407,12
13.0066900253,80.2442321777,54407,54417,10
13.0066795349,80.2447967529,54417,54427,10
13.0066995621,80.2453689575,54427,54437,10
13.0067300797,80.2459182739,54437,54448,11
13.0067396164,80.2460708618,54448,54459,11
13.0067396164,80.2462387085,54459,54469,10
13.0067396164,80.2464523315,54469,54478,9
13.0067501068,80.2467422485,54478,54489,11
13.0067396164,80.2472610474,54489,54499,10
13.0066995621,80.2480316162,54499,54509,10
13.0067596436,80.2488632202,54509,54519,10
13.0068597794,80.2495422363,54519,54529,10
13.0068397522,80.2496032715,54529,54539,10
13.0067996979,80.25,54539,54549,10
13.0068101883,80.2509384155,54549,54579,30
13.0068101883,80.2509384155,54579,54589,10
13.0068502426,80.2513580322,54589,54600,11
13.0067195892,80.251953125,54600,54610,10
13.0066204071,80.2526016235,54610,54620,10
13.0066604614,80.2530670166,54620,54630,10
13.0066099167,80.2535400391,54630,54923,293
13.0066099167,80.2535400391,54923,54933,10
13.0066204071,80.2537002563,54933,54943,10
13.0066099167,80.2540969849,54943,54953,10
13.0065803528,80.2544403076,54953,54963,10
13.0065603256,80.2549209595,54963,54973,10
13.0065803528,80.2556686401,54973,54984,11
13.0066204071,80.2566070557,54984,54994,10
13.0067100525,80.2571868896,54994,55074,80
13.0067100525,80.2571868896,55074,55084,10
13.0067396164,80.2574081421,55084,55095,11
13.0070400238,80.2579803467,55095,55105,10
13.0074596405,80.2585372925,55105,55115,10
13.007900238,80.2588195801,55115,55125,10
13.0079898834,80.2591400146,55125,55135,10
13.0074701309,80.2592926025,55135,55145,10
13.0072002411,80.2587280273,55145,55155,10
13.0069103241,80.2581787109,55155,55165,10
13.0065898895,80.257598877,55165,55196,31
13.0065898895,80.257598877,55196,55212,16
13.0063896179,80.257232666,55212,55224,12
13.0064496994,80.2568283081,55224,55234,10
13.0064697266,80.2563476563,55234,55244,10
13.0065202713,80.2556228638,55244,55253,9
13.0065603256,80.2549972534,55253,55264,11
13.0065097809,80.2541427612,55264,55274,10
13.0065402985,80.2539215088,55274,55284,10
13.0065402985,80.2533111572,55284,55305,21
13.0065402985,80.2533111572,55305,55315,10
13.0065202713,80.2526931763,55315,55385,70
13.0065202713,80.2526931763,55385,55395,10
13.0065402985,80.2524414063,55395,55406,11
13.0066604614,80.2517089844,55406,55416,10
13.0067396164,80.2508392334,55416,55426,10
13.0067195892,80.2501220703,55426,55496,70
13.0067195892,80.2501220703,55496,55507,11
13.0067501068,80.2495574951,55507,55517,10
13.0066604614,80.248588562,55517,55587,70
13.0066604614,80.248588562,55587,55597,10
13.0066299438,80.2484283447,55597,55607,10
13.0066099167,80.2481002808,55607,55618,11
13.0065803528,80.2474365234,55618,55698,80
13.0065803528,80.2474365234,55698,55708,10
13.0066003799,80.2473678589,55708,55719,11
13.0065603256,80.2465286255,55719,55739,20
13.0065603256,80.2465286255,55739,55749,10
13.0066204071,80.2462005615,55749,55759,10
13.0066204071,80.2455215454,55759,55769,10
13.0066099167,80.2447433472,55769,55779,10
13.0066404343,80.2440795898,55779,55789,10
13.0066003799,80.2434082031,55789,55799,10
13.0065803528,80.2426376343,55799,55809,10
13.0065698624,80.2417831421,55809,55819,10
13.0066099167,80.2410583496,55819,55830,11
13.0067195892,80.2403488159,55830,55840,10
13.0068397522,80.2396469116,55840,55850,10
13.0069999695,80.2387924194,55850,55860,10
13.0072002411,80.2378616333,55860,55870,10
13.0073604584,80.2370529175,55870,55880,10
13.0073795319,80.2367706299,55880,55890,10
13.007399559,80.2366714478,55890,55900,10
13.0074796677,80.2364501953,55900,55916,16
13.007610321,80.2358932495,55916,55928,12
13.0077800751,80.2350921631,55928,55939,11
13.0079402924,80.2342987061,55939,55949,10
13.0081501007,80.2333221436,55949,55959,10
13.0083799362,80.2321472168,55959,55969,10
13.0086202621,80.2309188843,55969,55979,10
13.0088596344,80.2297210693,55979,55989,10
13.0090503693,80.2287597656,55989,55997,8
13.0094203949,80.2276077271,55997,56009,12
13.010020256,80.2262802124,56009,56019,10
13.0104103088,80.2254333496,56019,56029,10
13.0105400085,80.2250976563,56029,56040,11
13.0105800629,80.2250518799,56040,56050,10
13.0107603073,80.2246704102,56050,56060,10
13.0110397339,80.2240066528,56060,56070,10
13.0112495422,80.2234115601,56070,56090,20
13.0112495422,80.2234115601,56090,56100,10
13.0113201141,80.2232437134,56100,56110,10
13.0114803314,80.2229003906,56110,56120,10
13.0117101669,80.2223205566,56120,56130,10
13.0119304657,80.2217025757,56130,56141,11
13.0123996735,80.2215805054,56141,56151,10
13.0128297806,80.2221221924,56151,56161,10
13.0132904053,80.2226791382,56161,56171,10
13.0138902664,80.2233810425,56171,56181,10
13.0143203735,80.2238616943,56181,56191,10
13.0148801804,80.2244033813,56191,56201,10
13.0153598785,80.2248535156,56201,56211,10
13.0154895782,80.224937439,56211,56221,10
13.0156698227,80.225112915,56221,56231,10
13.0162601471,80.2253036499,56231,56242,11
13.0170898438,80.2250518799,56242,56252,10
13.0180397034,80.2246627808,56252,56262,10
13.018989563,80.224319458,56262,56272,10
13.0195798874,80.2244033813,56272,56282,10
13.0198698044,80.2245788574,56282,56292,10
13.0199804306,80.2247009277,56292,56302,10
13.0202198029,80.2249069214,56302,56312,10
13.0206403732,80.2252120972,56312,56322,10
13.0211601257,80.2255783081,56322,56332,10
13.02161026,80.2259216309,56332,56342,10
13.0218896866,80.2260971069,56342,56353,11
13.02202034,80.2262191772,56353,56363,10
13.0222997665,80.2265014648,56363,56373,10
13.0227804184,80.2269363403,56373,56383,10
13.0234298706,80.2275390625,56383,56393,10
13.024140358,80.2282028198,56393,56403,10
13.0245199203,80.2286682129,56403,56413,10
13.0247602463,80.2290267944,56413,56423,10
13.0250301361,80.2294006348,56423,56433,10
13.0254802704,80.2299880981,56433,56443,10
13.0258102417,80.2305221558,56443,56453,10
13.0259504318,80.2309036255,56453,56464,11
13.0259895325,80.2311630249,56464,56474,10
13.026260376,80.2312774658,56474,56484,10
13.0269403458,80.2311019897,56484,56494,10
13.0276403427,80.2309570313,56494,56504,10
13.0282297134,80.2308731079,56504,56514,10
13.028719902,80.2308502197,56514,56524,10
13.0292797089,80.230796814,56524,56575,51
13.0292797089,80.230796814,56575,56585,10
13.0295801163,80.2307891846,56585,56595,10
13.030090332,80.2307815552,56595,56605,10
13.0305595398,80.2307434082,56605,56615,10
13.0311403275,80.2306900024,56615,56625,10
13.0318098068,80.2306213379,56625,56635,10
13.0325298309,80.2305603027,56635,56645,10
13.0335302353,80.2304763794,56645,56655,10
13.0342998505,80.2304000854,56655,56686,31
13.0342998505,80.2304000854,56686,56696,10
13.034620285,80.2303771973,56696,56756,60
13.034620285,80.2303771973,56756,56767,11
13.0349597931,80.2305221558,56767,56777,10
13.0349397659,80.2308807373,56777,56787,10
13.0348596573,80.2314300537,56787,56797,10
13.0347499847,80.2321395874,56797,56807,10
13.0346403122,80.233001709,56807,56817,10
13.0345897675,80.2336196899,56817,56827,10
13.0344896317,80.234336853,56827,56837,10
13.0344200134,80.2349777222,56837,56847,10
13.0343198776,80.2356491089,56847,56857,10
13.0342197418,80.2364196777,56857,56868,11
13.0342102051,80.2369766235,56868,56878,10
13.0342102051,80.2370071411,56878,56888,10
13.0342702866,80.2373199463,56888,56898,10
13.0344600677,80.2376785278,56898,56908,10
13.0348100662,80.2382202148,56908,56948,40
13.0348100662,80.2382202148,56948,56958,10
13.0349998474,80.2385406494,56958,56968,10
13.0352201462,80.238899231,56968,56979,11
13.0354995728,80.2393188477,56979,56989,10
13.0360298157,80.2393798828,56989,56999,10
13.0366296768,80.2394714355,56999,57009,10
13.0370998383,80.2395095825,57009,57019,10
13.0376796722,80.2395477295,57019,57029,10
13.0383901596,80.2396469116,57029,57039,10
13.0389299393,80.2397079468,57039,57049,10
13.0395898819,80.2398071289,57049,57059,10
13.0400495529,80.2398376465,57059,57069,10
13.0403404236,80.2400436401,57069,57080,11
13.0405397415,80.2405090332,57080,57090,10
13.0409898758,80.240562439,57090,57100,10
13.0410699844,80.2405700684,57100,57110,10
13.0414104462,80.2406234741,57110,57120,10
13.0420503616,80.2406311035,57120,57130,10
13.0427703857,80.2407608032,57130,57140,10
13.0431995392,80.2407836914,57140,57150,10
13.0437898636,80.2408905029,57150,57160,10
13.0440397263,80.2408599854,57160,57170,10
13.0442199707,80.2407913208,57170,57180,10
13.0445404053,80.2405700684,57180,57191,11
13.0452003479,80.2401275635,57191,57201,10
13.0458898544,80.2396774292,57201,57211,10
13.0462903976,80.2395629883,57211,57221,10
13.0465297699,80.2396316528,57221,57231,10
13.0467395782,80.2397003174,57231,57241,10
13.0473203659,80.2398071289,57241,57251,10
13.0479001999,80.239906311,57251,57261,10
13.0486097336,80.2400283813,57261,57271,10
13.049030304,80.2401199341,57271,57281,10
13.0492095947,80.2401733398,57281,57292,11
13.0496196747,80.2402496338,57292,57302,10
13.0500097275,80.2403106689,57302,57312,10
13.0506801605,80.2404174805,57312,57322,10
13.0513696671,80.2405776978,57322,57332,10
13.0521602631,80.2408218384,57332,57342,10
13.0524902344,80.2412109375,57342,57352,10
13.0525798798,80.2415237427,57352,57362,10
13.0532903671,80.2419433594,57362,57382,20
13.0532903671,80.2419433594,57382,57393,11
13.0535802841,80.2420730591,57393,57403,10
13.0539903641,80.2422027588,57403,57423,20
13.0539903641,80.2422027588,57423,57433,10
13.0542802811,80.2422485352,57433,57443,10
13.0547199249,80.2422714233,57443,57453,10
13.0553998947,80.2421722412,57453,57463,10
13.0562200546,80.242477417,57463,57473,10
13.0566596985,80.2425918579,57473,57514,41
13.0566596985,80.2425918579,57514,57524,10
13.0568504333,80.2426300049,57524,57534,10
13.0571203232,80.2427825928,57534,57544,10
13.0575799942,80.2428207397,57544,57554,10
13.0581102371,80.242729187,57554,57564,10
13.0586996078,80.2425918579,57564,57574,10
13.0591802597,80.2425231934,57574,57584,10
13.0597200394,80.2426223755,57584,57594,10
13.0603399277,80.2428207397,57594,57605,11
13.0610799789,80.2430801392,57605,57615,10
13.0616397858,80.2431793213,57615,57625,10
13.0622701645,80.243309021,57625,57635,10
13.0624799728,80.243347168,57635,57645,10
13.0625600815,80.2433395386,57645,57655,10
13.0629796982,80.2434082031,57655,57665,10
13.0636196136,80.2434768677,57665,57675,10
13.0639801025,80.2434921265,57675,57685,10
13.0645904541,80.243560791,57685,57701,16
13.0655298233,80.243560791,57701,57754,53
13.0655298233,80.243560791,57754,57764,10
13.0657300949,80.243598938,57764,57773,9
13.0660896301,80.2435302734,57773,57783,10
13.0664997101,80.2434463501,57783,57794,11
13.0672101974,80.2431716919,57794,57805,11
13.0680303574,80.2428207397,57805,57815,10
13.0687704086,80.2425689697,57815,57825,10
13.0690202713,80.2424316406,57825,57835,10
13.0690202713,80.2424163818,57835,57845,10
13.0692996979,80.2422637939,57845,57855,10
13.0699796677,80.2420578003,57855,57875,20
13.0699796677,80.2420578003,57875,57885,10
13.0701398849,80.2420196533,57885,57901,16
13.0710000992,80.2417526245,57901,57913,12
13.0719404221,80.241317749,57913,57924,11
13.0728502274,80.2407989502,57924,57934,10
13.0735397339,80.2406082153,57934,57944,10
13.0742902756,80.2404708862,57944,57954,10
13.0751695633,80.2404632568,57954,57963,9
13.0761995316,80.2404632568,57963,57974,11
13.0770101547,80.2405776978,57974,57984,10
13.0771198273,80.2402420044,57984,57994,10
13.0769796371,80.2396697998,57994,58004,10
13.0768003464,80.2390975952,58004,58015,11
13.0766897202,80.2388000488,58015,58025,10
13.0766296387,80.238609314,58025,58035,10
13.0765800476,80.2383575439,58035,58045,10
13.0765600204,80.2381973267,58045,58055,10
13.0764198303,80.2376174927,58055,58085,30
13.0764198303,80.2376174927,58085,58095,10
13.076379776,80.2373275757,58095,58105,10
13.0762796402,80.2367095947,58105,58115,10
13.0761804581,80.2359008789,58115,58126,11
13.0759601593,80.2349319458,58126,58136,10
13.0758304596,80.2343978882,58136,58146,10
13.0757799149,80.2339401245,58146,58156,10
13.0761203766,80.2337875366,58156,58166,10
13.0764198303,80.233757019,58166,58176,10
13.076880455,80.2337036133,58176,58186,10
13.077249527,80.2336273193,58186,58196,10
13.0777597427,80.233581543,58196,58206,10
13.0780496597,80.233543396,58206,58216,10
13.0785799026,80.233543396,58216,58227,11
13.0793600082,80.2335586548,58227,58236,9
13.0798597336,80.2335510254,58236,58247,11
13.0803403854,80.233543396,58247,58257,10
13.0803499222,80.233543396,58257,58267,10
13.0806102753,80.233543396,58267,58277,10
13.0811796188,80.2335662842,58277,58287,10
13.0818195343,80.233581543,58287,58297,10
13.0819301605,80.2333984375,58297,58307,10
13.0820198059,80.2328186035,58307,58317,10
13.0822296143,80.2321395874,58317,58327,10
13.0825500488,80.2313232422,58327,58338,11
13.0828504562,80.2306594849,58338,58348,10
13.0829401016,80.2306289673,58348,58358,10
13.08314991,80.2309188843,58358,58368,10
13.0832004547,80.2316513062,58368,58378,10
13.0832700729,80.2325363159,58378,58388,10
13.0834903717,80.2335281372,58388,58408,20
13.0834903717,80.2335281372,58408,58418,10
13.083530426,80.233757019,58418,58428,10
13.0840196609,80.2339782715,58428,58459,31
13.0840196609,80.2339782715,58459,58475,16
13.0843095779,80.2340393066,58475,58487,12
13.0850000381,80.2341918945,58487,58497,10
13.0854701996,80.2342987061,58497,58507,10
13.0862598419,80.2344894409,58507,58517,10
13.0867900848,80.2345733643,58517,58527,10
13.0875501633,80.2345733643,58527,58537,10
13.0879497528,80.2340316772,58537,58548,11
13.0880699158,80.2330932617,58548,58557,9
13.0882797241,80.2321624756,58557,58568,11
13.088640213,80.2310791016,58568,58578,10
13.0889196396,80.230430603,58578,58598,20
13.0889196396,80.230430603,58598,58608,10
13.0889902115,80.2302932739,58608,58618,10
13.0892496109,80.2297821045,58618,58628,10
13.0896997452,80.229133606,58628,58638,10
13.0903596878,80.2284088135,58638,58649,11
13.0914201736,80.2272491455,58649,58668,19
13.0914201736,80.2272491455,58668,58679,11
13.0916996002,80.2269973755,58679,58689,10
13.0922603607,80.2264480591,58689,58699,10
13.0928897858,80.2257919312,58699,58709,10
13.093460083,80.225189209,58709,58719,10
13.0939302444,80.224609375,58719,58729,10
13.0945301056,80.2238235474,58729,58739,10
13.0950803757,80.2229385376,58739,58750,11
13.0952196121,80.2224731445,58750,58760,10
13.0952796936,80.2223434448,58760,58770,10
13.0954799652,80.2218170166,58770,58780,10
13.095749855,80.2210617065,58780,58790,10
13.096039772,80.2202224731,58790,58800,10
13.0963401794,80.2193069458,58800,58828,28
13.0963401794,80.2193069458,58828,58838,10
13.0964002609,80.2191772461,58838,58848,10
13.0965795517,80.218711853,58848,58857,9
13.0967998505,80.2180709839,58857,58869,12
13.0970897675,80.2171936035,58869,58879,10
13.0971603394,80.2170181274,58879,58889,10
13.0972995758,80.2166595459,58889,58899,10
13.0975704193,80.216003418,58899,58909,10
13.0979499817,80.2151184082,58909,58919,10
13.0983800888,80.2141799927,58919,58939,20
13.0983800888,80.2141799927,58939,58949,10
13.0984401703,80.214050293,58949,58970,21
13.0984401703,80.214050293,58970,58980,10
13.0985498428,80.2139434814,58980,58990,10
13.09897995,80.2141265869,58990,59000,10
13.0996799469,80.2143630981,59000,59010,10
13.1002597809,80.2145233154,59010,59040,30
13.1004695892,80.2146072388,59040,59101,61
13.1004695892,80.2146072388,59101,59111,10
13.1006097794,80.2148513794,59111,59121,10
13.1004104614,80.2152786255,59121,59131,10
13.1001195908,80.2159423828,59131,59141,10
13.1000003815,80.2161178589,59141,59151,10
13.0999403,80.2158432007,59151,59161,10
13.1000795364,80.2154998779,59161,59172,11
13.100279808,80.2149734497,59172,59182,10
13.1002101898,80.2147216797,59182,59747,565
13.1002101898,80.2147216797,59747,59757,10
13.1001901627,80.2145996094,59757,59767,10
13.0999603271,80.2144775391,59767,59777,10
13.0997600555,80.2144165039,59777,59787,10
13.0996704102,80.2143936157,59787,59798,11
13.0992298126,80.2142791748,59798,59808,10
13.0987100601,80.2140884399,59808,59818,10
13.0983495712,80.2143783569,59818,59828,10
13.0980300903,80.2151031494,59828,59838,10
13.0978298187,80.2155838013,59838,59848,10
13.0976200104,80.2161026001,59848,59858,10
13.0973796844,80.2166824341,59858,59868,10
13.0971403122,80.2173233032,59868,59878,10
13.096830368,80.2182006836,59878,59888,10
13.0966501236,80.2188796997,59888,59899,11
13.0965795517,80.219078064,59899,59909,10
13.0964803696,80.219329834,59909,59919,10
13.0962600708,80.2199401855,59919,59929,10
13.0959596634,80.2207794189,59929,59939,10
13.0956602097,80.2215881348,59939,59949,10
13.0953798294,80.2224197388,59949,59959,10
13.0952796936,80.2227020264,59959,59969,10
13.0951099396,80.2231063843,59969,59979,10
13.0946998596,80.223777771,59979,59989,10
13.0940999985,80.2246017456,59989,60005,16
13.0933103561,80.2255020142,60005,60018,13
13.092499733,80.2262878418,60018,60028,10
13.0919399261,80.226852417,60028,60037,9
13.0914001465,80.227432251,60037,60048,11
13.0911998749,80.2276382446,60048,60058,10
13.0911102295,80.227722168,60058,60068,10
13.0910396576,80.2277984619,60068,60077,9
13.0908498764,80.2279815674,60077,60088,11
13.0903100967,80.2285766602,60088,60098,10
13.089679718,80.2292709351,60098,60109,11
13.0891895294,80.2300491333,60109,60118,9
13.0890703201,80.2303314209,60118,60129,11
13.0888204575,80.2309265137,60129,60139,10
13.0887699127,80.2310333252,60139,60149,10
13.0886201859,80.2313995361,60149,60159,10
13.0884304047,80.2320632935,60159,60169,10
13.0881900787,80.233001709,60169,60179,10
13.0880403519,80.2340316772,60179,60189,10
13.0876197815,80.2345962524,60189,60199,10
13.086810112,80.2345809937,60199,60210,11
13.0862903595,80.2344970703,60210,60220,10
13.0861196518,80.2344665527,60220,60230,10
13.0857200623,80.2343597412,60230,60240,10
13.0850896835,80.2342071533,60240,60250,10
13.0846004486,80.2340927124,60250,60260,10
13.0840702057,80.2339630127,60260,60270,10
13.0833501816,80.233833313,60270,60280,10
13.0823602676,80.2336196899,60280,60300,20
13.0823602676,80.2336196899,60300,60310,10
13.0820503235,80.233581543,60310,60321,11
13.0813703537,80.2335281372,60321,60331,10
13.0806703568,80.2335205078,60331,60341,10
13.0794897079,80.2335281372,60341,60361,20
13.0794897079,80.2335281372,60361,60371,10
13.0792198181,80.233543396,60371,60381,10
13.0788297653,80.2335510254,60381,60391,10
13.0786104202,80.2335510254,60391,60401,10
13.0781097412,80.2335662842,60401,60411,10
13.0774803162,80.2336425781,60411,60422,11
13.0766000748,80.2337875366,60422,60432,10
13.075920105,80.2339477539,60432,60442,10
13.0758495331,80.2339935303,60442,60452,10
13.0759000778,80.2342376709,60452,60462,10
13.0760097504,80.2348175049,60462,60472,10
13.0761804581,80.2356414795,60472,60482,10
13.0763597488,80.2366867065,60482,60492,10
13.0765304565,80.2373504639,60492,60522,30
13.0765304565,80.2373504639,60522,60533,11
13.076669693,80.2379837036,60533,60553,20
13.076669693,80.2379837036,60553,60563,10
13.0767097473,80.2381591797,60563,60573,10
13.0768299103,80.2387237549,60573,60583,10
13.0770196915,80.2395401001,60583,60593,10
13.0771999359,80.2403717041,60593,60613,20
13.0771999359,80.2403717041,60613,60623,10
13.0772600174,80.2406387329,60623,60634,11
13.0773696899,80.241027832,60634,60644,10
13.0774002075,80.2414321899,60644,60654,10
13.0775604248,80.2420730591,60654,60664,10
13.0777101517,80.2428283691,60664,60674,10
13.0778398514,80.2437515259,60674,60684,10
13.0778102875,80.2444534302,60684,60694,10
13.0779104233,80.2452697754,60694,60704,10
13.0779800415,80.2460174561,60704,60714,10
13.0780801773,80.2466812134,60714,60724,10
13.0782604218,80.247543335,60724,60735,11
13.0784797668,80.2486114502,60735,60745,10
13.0786800385,80.24949646,60745,60755,10
13.0786600113,80.2503967285,60755,60765,10
13.0785703659,80.2512207031,60765,60775,10
13.0784702301,80.251701355,60775,60785,10
13.0779304504,80.2518081665,60785,60795,10
13.0771598816,80.251953125,60795,60805,10
13.0763597488,80.2520980835,60805,60815,10
13.0754203796,80.2521896362,60815,60825,10
13.0747995377,80.2522583008,60825,60836,11
13.0741195679,80.2524032593,60836,60846,10
13.073559761,80.2525177002,60846,60856,10
13.0730400085,80.2524414063,60856,60866,10
13.0726003647,80.2523880005,60866,60876,10
13.0722198486,80.252281189,60876,60886,10
13.0720701218,80.2517700195,60886,60896,10
13.0719499588,80.2509765625,60896,60906,10
13.0717201233,80.2501373291,60906,60916,10
13.0715303421,80.2492980957,60916,60926,10
13.0713596344,80.2483673096,60926,60936,10
13.0710802078,80.2474975586,60936,60947,11
13.0706396103,80.2466201782,60947,60957,10
13.0701799393,80.2456588745,60957,60967,10
13.069729805,80.2445907593,60967,60977,10
13.0694599152,80.2437667847,60977,60987,10
13.0692996979,80.2433319092,60987,60997,10
13.0692996979,80.243309021,60997,61007,10
13.0692796707,80.2432403564,61007,61017,10
13.0692100525,80.2428665161,61017,61027,10
13.0689401627,80.2425003052,61027,61037,10
13.0683097839,80.2426605225,61037,61048,11
13.0674295425,80.2429428101,61048,61058,10
13.0667200089,80.243270874,61058,61068,10
13.0663299561,80.2434768677,61068,61078,10
13.0661001205,80.243812561,61078,61088,10
13.0661497116,80.244178772,61088,61098,10
13.0662298203,80.2447509766,61098,61107,9
13.0662899017,80.2452163696,61107,61118,11
13.0664997101,80.2459182739,61118,61128,10
13.0671596527,80.2462387085,61128,61138,10
13.0678396225,80.2465667725,61138,61149,11
13.0678796768,80.24659729,61149,61159,10
13.0679798126,80.2470321655,61159,61169,10
13.0679597855,80.2475814819,61169,61179,10
13.0676202774,80.2479324341,61179,61189,10
13.0668802261,80.2478866577,61189,61199,10
13.0661296844,80.2478408813,61199,61209,10
13.0653495789,80.2478027344,61209,61219,10
13.0649299622,80.2477798462,61219,61229,10
13.064740181,80.2478027344,61229,61239,10
13.0644702911,80.2477722168,61239,61249,10
13.0638904572,80.247718811,61249,61260,11
13.0630903244,80.2476577759,61260,61270,10
13.0622596741,80.2476425171,61270,61280,10
13.0615797043,80.2473983765,61280,61290,10
13.061340332,80.2469177246,61290,61300,10
13.0616903305,80.2466506958,61300,61310,10
13.0618495941,80.2462387085,61310,61320,10
13.0619697571,80.2456588745,61320,61330,10
13.0623197556,80.2450637817,61330,61340,10
13.0627202988,80.2447967529,61340,61350,10
13.0631399155,80.2443389893,61350,61361,11
13.0631504059,80.2443008423,61361,61371,10
13.0632801056,80.2440795898,61371,61381,10
13.0634403229,80.2435836792,61381,61391,10
13.062959671,80.2434234619,61391,61401,10
13.0623197556,80.2432937622,61401,61411,10
13.0617198944,80.2431793213,61411,61421,10
13.0614995956,80.2431488037,61421,61431,10
13.0613002777,80.2431030273,61431,61441,10
13.060839653,80.242980957,61441,61451,10
13.0605201721,80.2428817749,61451,61462,11
13.0601301193,80.242729187,61462,61471,9
13.0595197678,80.2425384521,61471,61482,11
13.0589599609,80.2425613403,61482,61492,10
13.0588197708,80.2425918579,61492,61502,10
13.0586795807,80.2425994873,61502,61512,10
13.0582799911,80.2426986694,61512,61522,10
13.0575895309,80.2428283691,61522,61532,10
13.0570898056,80.2428588867,61532,61552,20
13.0570898056,80.2428588867,61552,61562,10
13.0569095612,80.2428207397,61562,61573,11
13.0564203262,80.2426376343,61573,61589,16
13.0554599762,80.2422714233,61589,61601,12
13.0544099808,80.242401123,61601,61611,10
13.0537204742,80.2422485352,61611,61631,20
13.0537204742,80.2422485352,61631,61641,10
13.0534496307,80.2421035767,61641,61651,10
13.0528802872,80.241859436,61651,61661,10
13.0523099899,80.2414398193,61661,61671,10
13.0521097183,80.2410430908,61671,61682,11
13.0520095825,80.2409133911,61682,61752,70
13.0520095825,80.2409133911,61752,61762,10
13.0517101288,80.2406921387,61762,61772,10
13.0516395569,80.2406692505,61772,61783,11
13.0512800217,80.2405700684,61783,61813,30
13.0512800217,80.2405700684,61813,61823,10
13.0508804321,80.2405319214,61823,61843,20
13.0508804321,80.2405319214,61843,61853,10
13.0507202148,80.2405014038,61853,61863,10
13.0503196716,80.2404022217,61863,61873,10
13.0496797562,80.2402572632,61873,61884,11
13.0489196777,80.2401199341,61884,61894,10
13.048210144,80.239982605,61894,61904,10
13.0474500656,80.2398376465,61904,61914,10
13.0467395782,80.2396774292,61914,61924,10
13.046210289,80.2394866943,61924,61934,10
13.0463199615,80.2391586304,61934,61944,10
13.0464696884,80.2385101318,61944,61954,10
13.046620369,80.2376708984,61954,61964,10
13.0467996597,80.2367324829,61964,61974,10
13.0469503403,80.2361068726,61974,61984,10
13.0470104218,80.235710144,61984,61995,11
13.0470399857,80.2354202271,61995,62005,10
13.0471401215,80.2348480225,62005,62015,10
13.0472202301,80.2341537476,62015,62025,10
13.0472898483,80.2333679199,62025,62035,10
13.047249794,80.2330703735,62035,62045,10
13.0468301773,80.2329711914,62045,62055,10
13.0461196899,80.2328262329,62055,62065,10
13.0456895828,80.232749939,62065,62075,10
13.0452299118,80.2326889038,62075,62096,21
13.0452299118,80.2326889038,62096,62106,10
13.0450201035,80.2326431274,62106,62116,10
13.044549942,80.2325134277,62116,62126,10
13.0438404083,80.2323989868,62126,62136,10
13.0432100296,80.2323532104,62136,62146,10
13.0426702499,80.2323303223,62146,62156,10
13.0421495438,80.2323226929,62156,62166,10
13.041469574,80.2321777344,62166,62176,10
13.0406703949,80.2319412231,62176,62186,10
13.0400800705,80.2317276001,62186,62197,11
13.0392398834,80.2314987183,62197,62207,10
13.0383195877,80.2312698364,62207,62217,10
13.0374898911,80.2309799194,62217,62227,10
13.0369596481,80.2307891846,62227,62237,10
13.0366401672,80.2306671143,62237,62247,10
13.0360803604,80.2304763794,62247,62298,51
13.0360803604,80.2304763794,62298,62308,10
13.0359697342,80.2305297852,62308,62318,10
13.0356998444,80.230430603,62318,62327,9
13.0353298187,80.2303695679,62327,62338,11
13.0348396301,80.2303237915,62338,62348,10
13.0345802307,80.2303771973,62348,62358,10
13.0343904495,80.2304382324,62358,62378,20
13.0343904495,80.2304382324,62378,62388,10
13.0341701508,80.2304916382,62388,62398,10
13.0339202881,80.2304916382,62398,62409,11
13.0334501266,80.2305221558,62409,62429,20
13.0334501266,80.2305221558,62429,62439,10
13.0330400467,80.2305374146,62439,62449,10
13.0323896408,80.2305984497,62449,62459,10
13.0316095352,80.230682373,62459,62469,10
13.0309400558,80.2307434082,62469,62479,10
13.030500412,80.2307891846,62479,62489,10
13.0299196243,80.2308502197,62489,62520,31
13.0299196243,80.2308502197,62520,62530,10
13.029540062,80.2309112549,62530,62540,10
13.0291595459,80.2309417725,62540,62550,10
13.0285902023,80.2309799194,62550,62560,10
13.0280399323,80.231010437,62560,62570,10
13.0277204514,80.2310791016,62570,62580,10
13.0277204514,80.2315216064,62580,62590,10
13.0277795792,80.232131958,62590,62600,10
13.027879715,80.2327880859,62600,62610,10
13.0273799896,80.2329177856,62610,62631,21
13.0273799896,80.2329177856,62631,62641,10
13.027299881,80.2329177856,62641,62651,10
13.0270595551,80.2329483032,62651,62661,10
13.0269403458,80.2329788208,62661,62671,10
13.0267000198,80.2330093384,62671,62681,10
13.0264396667,80.2329788208,62681,62691,10
13.0262498856,80.2324981689,62691,62701,10
13.0260601044,80.2317886353,62701,62711,10
13.0258598328,80.2309799194,62711,62722,11
13.0254201889,80.2301101685,62722,62732,10
13.0252599716,80.229927063,62732,62742,10
13.0250902176,80.2296905518,62742,62752,10
13.0249004364,80.2294616699,62752,62762,10
13.0246200562,80.2291030884,62762,62792,30
13.0246200562,80.2291030884,62792,62802,10
13.024430275,80.2288131714,62802,62812,10
13.0239696503,80.2283096313,62812,62833,21
13.0239696503,80.2283096313,62833,62843,10
13.0238199234,80.2280807495,62843,62853,10
13.023440361,80.2276992798,62853,62863,10
13.0229997635,80.2272796631,62863,62873,10
13.0226402283,80.2269363403,62873,62883,10
13.0224504471,80.2267379761,62883,62893,10
13.0220499039,80.2264328003,62893,62903,10
13.0215597153,80.2260437012,62903,62919,16
13.0206203461,80.2253036499,62919,62931,12
13.0199804306,80.2248916626,62931,62942,11
13.0199604034,80.2248764038,62942,62952,10
13.0197896957,80.2247772217,62952,62962,10
13.0192804337,80.2245483398,62962,62972,10
13.0184898376,80.2246398926,62972,62982,10
13.0175800323,80.2250289917,62982,62992,10
13.0166797638,80.225402832,62992,63002,10
13.0160398483,80.2256317139,63002,63012,10
13.0156097412,80.225769043,63012,63022,10
13.0151596069,80.2259674072,63022,63032,10
13.014289856,80.22631073,63032,63053,21
13.014289856,80.22631073,63053,63063,10
13.0142498016,80.2263412476,63063,63072,9
13.0140600204,80.2264633179,63072,63083,11
13.0137701035,80.2265777588,63083,63093,10
13.0136404037,80.2266235352,63093,63103,10
13.013250351,80.2267227173,63103,63113,10
13.0126199722,80.2269134521,63113,63123,10
13.0118598938,80.2272186279,63123,63133,10
13.0109596252,80.2275924683,63133,63144,11
13.0100498199,80.2279663086,63144,63154,10
13.0092000961,80.2284622192,63154,63163,9
13.0089998245,80.2292480469,63163,63174,11
13.0087900162,80.2303466797,63174,63184,10
13.0085401535,80.2316131592,63184,63194,10
13.0083398819,80.232749939,63194,63204,10
13.0082702637,80.2334899902,63204,63214,10
13.0082502365,80.2336120605,63214,63224,10
13.0082397461,80.2336425781,63224,63234,10
13.0081596375,80.2338409424,63234,63245,11
13.0081100464,80.2340164185,63245,63255,10
13.008020401,80.2344589233,63255,63265,10
13.0079298019,80.234992981,63265,63275,10
13.007900238,80.2351074219,63275,63285,10
13.007809639,80.2355880737,63285,63295,10
13.0076599121,80.2363433838,63295,63305,10
13.0074796677,80.2372665405,63305,63315,10
13.0073003769,80.2382202148,63315,63325,10
13.0071496964,80.2389907837,63325,63335,10
13.0070199966,80.2396392822,63335,63346,11
13.0069904327,80.2399215698,63346,63356,10
13.0069503784,80.2401504517,63356,63366,10
13.0068902969,80.2406616211,63366,63386,20
13.0068902969,80.2406616211,63386,63396,10
13.0067901611,80.2409973145,63396,63406,10
13.0067396164,80.2416305542,63406,63416,10
13.0067195892,80.242477417,63416,63426,10
13.0066995621,80.2433013916,63426,63436,10
13.0066995621,80.2439575195,63436,63446,10
13.0067100525,80.2445373535,63446,63457,11
13.0067195892,80.2448577881,63457,63467,10
13.0067195892,80.2449035645,63467,63477,10
13.0067100525,80.2450408936,63477,63487,10
13.0067100525,80.2450866699,63487,63497,10
13.0067195892,80.2453384399,63497,63507,10
13.0067300797,80.2458496094,63507,63517,10
13.0067501068,80.2465209961,63517,63527,10
13.006770134,80.246963501,63527,63537,10
13.006770134,80.2472381592,63537,63547,10
13.0067396164,80.2476577759,63547,63558,11
13.0067596436,80.2484436035,63558,63568,10
13.0068798065,80.2496032715,63568,63588,20
13.0068798065,80.2496032715,63588,63598,10
13.0068702698,80.2498168945,63598,63608,10
13.0068397522,80.2504425049,63608,63617,9
13.0068397522,80.2512588501,63617,63659,42
13.0068397522,80.2512588501,63659,63669,10
13.0068302155,80.2514801025,63669,63679,10
13.0067195892,80.2519302368,63679,63689,10
13.0066003799,80.2525787354,63689,63699,10
13.0065803528,80.2533798218,63699,63709,10
13.0065898895,80.2542572021,63709,63719,10
13.0066299438,80.2549972534,63719,63739,20
13.0066299438,80.2549972534,63739,63749,10
13.0065803528,80.2551116943,63749,63759,10
13.0065898895,80.2555007935,63759,63770,11
13.0065898895,80.2562789917,63770,63780,10
13.0066299438,80.2571411133,63780,63796,16
13.0061302185,80.2575531006,63796,63808,12
13.0053701401,80.2572402954,63808,63818,10
13.0045604706,80.2571182251,63818,63828,10
13.0039396286,80.2570037842,63828,63838,10
13.0034599304,80.2569274902,63838,63848,10
13.0031995773,80.2568969727,63848,63858,10
13.002820015,80.2568206787,63858,63868,10
13.0022802353,80.2567214966,63868,63879,11
13.0016403198,80.2566223145,63879,63888,9
13.0010004044,80.2565383911,63888,63899,11
13.0002098083,80.2564315796,63899,63922,23
13.0002098083,80.2564315796,63922,63933,11
12.9998197556,80.256362915,63933,63943,10
12.9995098114,80.2563171387,63943,63953,10
12.9991903305,80.2562179565,63953,63963,10
12.9988098145,80.256149292,63963,63974,11
12.9983301163,80.2560882568,63974,63984,10
12.9979000092,80.2560577393,63984,63994,10
12.9975404739,80.2560424805,63994,64004,10
12.9973402023,80.2560119629,64004,64034,30
12.9973402023,80.2560119629,64034,64044,10
12.9969501495,80.2559814453,64044,64054,10
12.9969100952,80.2562408447,64054,64064,10
12.9968795776,80.2566375732,64064,64075,11
12.9968700409,80.256980896,64075,64085,10
12.9968395233,80.2571487427,64085,64095,10
12.9967699051,80.2577133179,64095,64105,10
12.9966897964,80.2584915161,64105,64115,10
12.9966096878,80.2591705322,64115,64125,10
12.9965200424,80.2599411011,64125,64135,10
12.9964504242,80.2605895996,64135,64145,10
12.9963598251,80.2613372803,64145,64155,10
12.9962997437,80.2620162964,64155,64165,10
12.9962396622,80.2624206543,64165,64175,10
12.9962396622,80.2624969482,64175,64186,11
12.9961595535,80.2629776001,64186,64196,10
12.9961099625,80.2636184692,64196,64206,10
12.9960203171,80.2644500732,64206,64222,16
12.9958400726,80.2660217285,64222,64234,12
12.9957304001,80.2670974731,64234,64242,8
12.9960002899,80.2677078247,64242,64264,22
12.9960002899,80.2677078247,64264,64274,10
12.9961500168,80.2677307129,64274,64285,11
12.9966201782,80.267791748,64285,64295,10
12.9970903397,80.2677001953,64295,64305,10
12.9975595474,80.267578125,64305,64315,10
12.9977703094,80.2675018311,64315,64325,10
12.9982404709,80.2673721313,64325,64336,11
12.9988803864,80.2671813965,64336,64345,9
12.9995698929,80.2669830322,64345,64355,10
13.0000200272,80.266708374,64355,64366,11
13.0000200272,80.2667007446,64366,64376,10
13.0000896454,80.2665634155,64376,64387,11
13.0001602173,80.2660598755,64387,64397,10
13.0002403259,80.2657318115,64397,64407,10
13.0002698898,80.2661819458,64407,64629,222
13.0003004074,80.266456604,64629,64649,20
13.0003004074,80.266456604,64649,64659,10
13.0003004074,80.2666397095,64659,64669,10
13.0002803802,80.2668075562,64669,64679,10
13.0001001358,80.2669372559,64679,64689,10
12.9996099472,80.2670593262,64689,64700,11
12.998840332,80.2672576904,64700,64710,10
12.9984302521,80.2673721313,64710,64720,10
12.9980697632,80.2674713135,64720,64730,10
12.997420311,80.2676620483,64730,64740,10
12.9966497421,80.2678375244,64740,64750,10
12.9959602356,80.2677993774,64750,64760,10
12.9956798553,80.2676391602,64760,64770,10
12.9956903458,80.2674179077,64770,64780,10
12.9956703186,80.2673797607,64780,64790,10
12.9957103729,80.2670135498,64790,64801,11
12.9958000183,80.2662582397,64801,64811,10
12.9958896637,80.2653274536,64811,64821,10
12.9959697723,80.2646865845,64821,64831,10
12.996049881,80.2639770508,64831,64841,10
12.9961299896,80.2631988525,64841,64851,10
12.9961700439,80.2626266479,64851,64861,10
12.996219635,80.2621917725,64861,64871,10
12.9962301254,80.2621307373,64871,64881,10
12.9962997437,80.2617874146,64881,64891,10
12.9963598251,80.2611083984,64891,64902,11
12.9964704514,80.2602386475,64902,64912,10
12.9965000153,80.2597808838,64912,64922,10
12.9965200424,80.2594299316,64922,64932,10
12.9965801239,80.2588500977,64932,64942,10
12.996629715,80.2585220337,64942,64952,10
12.9967403412,80.2573928833,64952,64972,20
12.9967699051,80.2572631836,64972,65002,30
12.9967699051,80.2572631836,65002,65013,11
12.9968299866,80.257019043,65013,65023,10
12.9968204498,80.2565765381,65023,65033,10
12.9969301224,80.2559814453,65033,65043,10
12.9975004196,80.2559204102,65043,65053,10
12.9981203079,80.2559814453,65053,65063,10
12.9986600876,80.2560577393,65063,65073,10
12.9988203049,80.256072998,65073,65103,30
12.9988203049,80.256072998,65103,65114,11
12.9989995956,80.2561035156,65114,65124,10
12.9992799759,80.2561416626,65124,65134,10
12.9996299744,80.2562026978,65134,65144,10
12.9999904633,80.2562789917,65144,65154,10
13.0004701614,80.2563705444,65154,65164,10
13.0007896423,80.2564163208,65164,65174,10
13.0010404587,80.2564620972,65174,65184,10
13.001250267,80.2565078735,65184,65194,10
13.0014200211,80.2565689087,65194,65204,10
13.0017299652,80.2566223145,65204,65215,11
13.002240181,80.2566986084,65215,65225,10
13.0027303696,80.2567977905,65225,65235,10
13.0032300949,80.2568893433,65235,65245,10
13.0038499832,80.2570037842,65245,65255,10
13.0043897629,80.2571029663,65255,65265,10
13.0048599243,80.2572174072,65265,65275,10
13.0051803589,80.257232666,65275,65285,10
13.0053701401,80.2572631836,65285,65295,10
13.0056495667,80.2573623657,65295,65305,10
13.0061903,80.2574386597,65305,65315,10
13.0065002441,80.2572097778,65315,65332,17
13.0064697266,80.2558898926,65332,65344,12
13.0065002441,80.2549819946,65344,65352,8
13.006480217,80.2544174194,65352,65364,12
13.0064601898,80.2534179688,65364,65384,20
13.0064601898,80.2534179688,65384,65394,10
13.0065002441,80.2533187866,65394,65404,10
13.0065002441,80.253036499,65404,65414,10
13.0065402985,80.2522583008,65414,65435,21
13.0065402985,80.2522583008,65435,65444,9
13.0065898895,80.2520904541,65444,65455,11
13.0066995621,80.2516098022,65455,65465,10
13.0067796707,80.2508087158,65465,65475,10
13.0067501068,80.2500610352,65475,65485,10
13.0067100525,80.249458313,65485,65495,10
13.0067195892,80.2493591309,65495,65505,10
13.0066995621,80.2492523193,65505,65556,51
13.0066995621,80.2492523193,65556,65566,10
13.0066699982,80.2490997314,65566,65576,10
13.0066404343,80.248840332,65576,65586,10
13.0066299438,80.2485809326,65586,65596,10
13.0066099167,80.248336792,65596,65606,10
13.0065803528,80.2480773926,65606,65616,10
13.0065803528,80.2479095459,65616,65626,10
13.0065803528,80.2478027344,65626,65637,11
13.0065803528,80.2476501465,65637,65748,111
13.0065803528,80.2476501465,65748,65758,10
13.0066099167,80.2472686768,65758,65768,10
13.0065402985,80.2465896606,65768,65788,20
13.0065402985,80.2465896606,65788,65798,10
13.0066204071,80.2462997437,65798,65808,10
13.0066003799,80.2456970215,65808,65818,10
13.0065603256,80.2450637817,65818,65828,10
13.0065498352,80.2447967529,65828,65839,11
13.0065603256,80.2445678711,65839,65849,10
13.0065803528,80.244430542,65849,65859,10
13.0065803528,80.244178772,65859,65869,10
13.0065803528,80.2439575195,65869,65879,10
13.0065603256,80.243637085,65879,65889,10
13.006529808,80.243270874,65889,65899,10
13.0065202713,80.2429122925,65899,65909,10
13.0065002441,80.2425765991,65909,65919,10
13.0064897537,80.2421798706,65919,65929,10
13.0065002441,80.2418518066,65929,65939,10
13.0065002441,80.2417602539,65939,65950,11
13.006529808,80.2414474487,65950,65960,10
13.0065402985,80.2413024902,65960,65970,10
13.0065698624,80.2410430908,65970,66010,40
13.0065698624,80.2410430908,66010,66020,10
13.0065803528,80.2409362793,66020,66030,10
13.0066099167,80.2406997681,66030,66040,10
13.0066404343,80.2405090332,66040,66051,11
13.0067100525,80.2402877808,66051,66061,10
13.0067996979,80.2397689819,66061,66071,10
13.0069303513,80.2389907837,66071,66087,16
13.0072202682,80.237701416,66087,66099,12
13.007349968,80.2370300293,66099,66109,10
13.0073604584,80.2368011475,66109,66119,10
13.0073795319,80.2367630005,66119,66129,10
13.0074195862,80.2367019653,66129,66139,10
13.0075397491,80.2363204956,66139,66149,10
13.0076799393,80.2356872559,66149,66160,11
13.0077695847,80.2351989746,66160,66170,10
13.007809639,80.2350234985,66170,66180,10
13.007900238,80.2345581055,66180,66189,9
13.0080404282,80.2339096069,66189,66200,11
13.0082302094,80.2329483032,66200,66210,10
13.008480072,80.2317123413,66210,66220,10
13.0086898804,80.2305297852,66220,66230,10
13.0088796616,80.2294692993,66230,66240,10
13.0091400146,80.2282867432,66240,66250,10
13.009519577,80.2273712158,66250,66261,11
13.0099802017,80.2263717651,66261,66271,10
13.0102996826,80.2256393433,66271,66281,10
13.0104999542,80.2251815796,66281,66291,10
13.0106601715,80.2249069214,66291,66301,10
13.010840416,80.2244415283,66301,66311,10
13.0110797882,80.2238388062,66311,66321,10
13.0112695694,80.2233581543,66321,66331,10
13.0115404129,80.2228393555,66331,66341,10
13.011759758,80.2222671509,66341,66351,10
13.0119199753,80.2218170166,66351,66362,11
13.0121498108,80.2214584351,66362,66372,10
13.0125102997,80.2217407227,66372,66382,10
13.0129804611,80.2222976685,66382,66392,10
13.0133600235,80.2227401733,66392,66402,10
13.0136604309,80.2230834961,66402,66412,10
13.0139503479,80.2233200073,66412,66420,8
13.0141201019,80.2234420776,66420,66434,14
13.0143299103,80.223739624,66434,66444,10
13.0145702362,80.2240600586,66444,66454,10
13.0148801804,80.2244415283,66454,66465,11
13.0150699615,80.2246704102,66465,66475,10
13.0154304504,80.2249679565,66475,66495,20
13.0154304504,80.2249679565,66495,66505,10
13.0157003403,80.2252197266,66505,66515,10
13.0162296295,80.2254180908,66515,66524,9
13.0167999268,80.2252731323,66524,66536,12
13.017780304,80.224861145,66536,66547,11
13.0186100006,80.2245178223,66547,66559,12
13.0194301605,80.2244110107,66559,66569,10
13.0197401047,80.224571228,66569,66580,11
13.0200996399,80.2248687744,66580,66590,10
13.0205898285,80.225189209,66590,66599,9
13.0210800171,80.2255401611,66599,66610,11
13.0215997696,80.2259597778,66610,66619,9
13.0218496323,80.2261123657,66619,66630,11
13.0218601227,80.2261123657,66630,66640,10
13.0219297409,80.2261581421,66640,66650,10
13.0222301483,80.2264480591,66650,66661,11
13.0227899551,80.2269592285,66661,66672,11
13.0234298706,80.2275314331,66672,66681,9
13.0239295959,80.2279968262,66681,66692,11
13.0242595673,80.2283172607,66692,66702,10
13.0243396759,80.2284317017,66702,66712,10
13.0245304108,80.2287063599,66712,66722,10
13.0247602463,80.2290725708,66722,66732,10
13.0249996185,80.2294311523,66732,66742,10
13.0253696442,80.2298736572,66742,66752,10
13.0256900787,80.2303237915,66752,66813,61
13.0256900787,80.2303237915,66813,66823,10
13.025850296,80.2306594849,66823,66833,10
13.0260000229,80.2311325073,66833,66843,10
13.0261497498,80.2313995361,66843,66853,10
13.0266504288,80.2312698364,66853,66863,10
13.0273895264,80.2310791016,66863,66873,10
13.0283899307,80.2309188843,66873,66905,32
13.0283899307,80.2309188843,66905,66915,10
13.0286598206,80.2308883667,66915,66925,10
13.0289096832,80.2308578491,66925,66935,10
13.0291404724,80.2308731079,66935,66945,10
13.0294799805,80.2308273315,66945,66955,10
13.0297603607,80.230796814,66955,66965,10
13.0299596786,80.2307891846,66965,66975,10
13.0301704407,80.2307662964,66975,66986,11
13.0304698944,80.2307434082,66986,66996,10
13.0307998657,80.23072052,66996,67006,10
13.0311002731,80.2306976318,67006,67016,10
13.0314397812,80.230682373,67016,67026,10
13.0318403244,80.2306365967,67026,67036,10
13.0323200226,80.2305984497,67036,67046,10
13.0328598022,80.2305603027,67046,67056,10
13.0332603455,80.2305297852,67056,67066,10
13.0335197449,80.2305221558,67066,67076,10
13.0338602066,80.2304992676,67076,67087,11
13.034119606,80.2304611206,67087,67097,10
13.0344200134,80.2303771973,67097,67215,118
13.0344200134,80.2303771973,67215,67226,11
13.0349197388,80.2304382324,67226,67238,12
13.0349397659,80.23072052,67238,67248,10
13.0349197388,80.2309494019,67248,67258,10
13.0348501205,80.2315216064,67258,67268,10
13.0347499847,80.2322921753,67268,67278,10
13.0346803665,80.232963562,67278,67288,10
13.034620285,80.2334136963,67288,67299,11
13.0346002579,80.233581543,67299,67309,10
13.034529686,80.2340011597,67309,67319,10
13.0344600677,80.2345275879,67319,67329,10
13.0343799591,80.2352218628,67329,67339,10
13.0342798233,80.2360687256,67339,67349,10
13.0342102051,80.236656189,67349,67359,10
13.0341901779,80.2369918823,67359,67369,10
13.0342502594,80.2372894287,67369,67379,10
13.0345001221,80.237739563,67379,67389,10
13.0348596573,80.2383422852,67389,67400,11
13.035030365,80.2386169434,67400,67410,10
13.0351400375,80.238822937,67410,67420,10
13.0354204178,80.2392730713,67420,67430,10
13.0358600616,80.2394638062,67430,67440,10
13.0359897614,80.2394485474,67440,67450,10
13.0363397598,80.2394866943,67450,67460,10
13.0368700027,80.2395401001,67460,67470,10
13.0374898911,80.2396011353,67470,67479,9
13.0379495621,80.2396621704,67479,67490,11
13.0383996964,80.2397232056,67490,67501,11
13.0388803482,80.2397918701,67501,67511,10
13.0395097733,80.2398605347,67511,67521,10
13.0401802063,80.2399673462,67521,67541,20
13.0401802063,80.2399673462,67541,67551,10
13.0403203964,80.2400131226,67551,67561,10
13.0403299332,80.2400131226,67561,67571,10
13.0404100418,80.2402420044,67571,67581,10
13.0404100418,80.2402496338,67581,67591,10
13.0404100418,80.2404632568,67591,67602,11
13.0406103134,80.240562439,67602,67612,10
13.0407800674,80.2405776978,67612,67622,10
13.0410404205,80.2406234741,67622,67632,10
13.0410900116,80.2406768799,67632,67642,10
13.0412998199,80.2406768799,67642,67652,10
13.0417404175,80.2407226563,67652,67662,10
13.0424604416,80.2408065796,67662,67672,10
13.0431003571,80.2408905029,67672,67682,10
13.0438404083,80.2409896851,67682,67723,41
13.0438404083,80.2409896851,67723,67733,10
13.0440196991,80.2409820557,67733,67743,10
13.0441999435,80.2408599854,67743,67753,10
13.0445699692,80.2406005859,67753,67763,10
13.0449800491,80.2403106689,67763,67773,10
13.0453796387,80.2400283813,67773,67783,10
13.0455904007,80.239906311,67783,67793,10
13.0459403992,80.2396469116,67793,67834,41
13.0459403992,80.2396469116,67834,67844,10
13.0463399887,80.2396011353,67844,67854,10
13.0463895798,80.2396316528,67854,67870,16
13.0468797684,80.2397689819,67870,67882,12
13.0473403931,80.2398529053,67882,67890,8
13.0474500656,80.2398605347,67890,67902,12
13.0475702286,80.2398834229,67902,67912,10
13.0479202271,80.2399291992,67912,67923,11
13.0483903885,80.240020752,67923,67933,10
13.0488004684,80.2400894165,67933,67943,10
13.0493602753,80.240196228,67943,67953,10
13.049779892,80.2403030396,67953,67962,9
13.0502195358,80.2403869629,67962,67972,10
13.0507602692,80.2405319214,67972,67983,11
13.0511798859,80.2406234741,67983,67993,10
13.0511903763,80.2406234741,67993,68002,9
13.0513601303,80.2406692505,68002,68012,10
13.0519104004,80.2407836914,68012,68024,12
13.052479744,80.2410583496,68024,68034,10
13.0525598526,80.2414016724,68034,68054,20
13.0525598526,80.2414016724,68054,68064,10
13.0526103973,80.2415771484,68064,68074,10
13.0530195236,80.2418899536,68074,68084,10
13.0540103912,80.2422790527,68084,68104,20
13.0540103912,80.2422790527,68104,68114,10
13.0541000366,80.2423095703,68114,68125,11
13.0545501709,80.2423782349,68125,68135,10
13.0550403595,80.2423095703,68135,68145,10
13.0555295944,80.2422637939,68145,68185,40
13.0555295944,80.2422637939,68185,68195,10
13.0557203293,80.2423171997,68195,68205,10
13.0559301376,80.2423706055,68205,68215,10
13.0559396744,80.2423706055,68215,68225,10
13.0563802719,80.2425765991,68225,68256,31
13.0563802719,80.2425765991,68256,68266,10
13.0566596985,80.2426376343,68266,68276,10
13.0570898056,80.2427825928,68276,68306,30
13.0570898056,80.2427825928,68306,68316,10
13.0573301315,80.2428665161,68316,68326,10
13.0574798584,80.2428588867,68326,68337,11
13.0576696396,80.2428436279,68337,68347,10
13.0578098297,80.2428436279,68347,68357,10
13.0583200455,80.242729187,68357,68367,10
13.0590496063,80.2425765991,68367,68377,10
13.0597400665,80.2426528931,68377,68387,10
13.0603704453,80.2428817749,68387,68397,10
13.0609197617,80.2430267334,68397,68407,10
13.0612802505,80.2431488037,68407,68417,10
13.0614900589,80.2432098389,68417,68427,10
13.0618696213,80.243270874,68427,68438,11
13.0625200272,80.2433929443,68438,68458,20
13.0625200272,80.2433929443,68458,68468,10
13.0628004074,80.2434310913,68468,68478,10
13.0633001328,80.243522644,68478,68488,10
13.0638904572,80.2435531616,68488,68498,10
13.0644702911,80.2435684204,68498,68508,10
13.0650396347,80.2435684204,68508,68518,10
13.0656204224,80.2435684204,68518,68528,10
13.0660896301,80.2434997559,68528,68539,11
13.0663299561,80.2434005737,68539,68549,10
13.0666999817,80.2432632446,68549,68559,10
13.0671596527,80.2430496216,68559,68569,10
13.0675802231,80.2428665161,68569,68579,10
13.0682096481,80.2426681519,68579,68609,30
13.0682096481,80.2426681519,68609,68619,10
13.0683603287,80.2426376343,68619,68629,10
13.068810463,80.242477417,68629,68639,10
13.069319725,80.2422637939,68639,68650,11
13.0696401596,80.2421875,68650,68660,10
13.069899559,80.2421264648,68660,68680,20
13.069899559,80.2421264648,68680,68690,10
13.0701198578,80.2421188354,68690,68700,10
13.0704202652,80.2420120239,68700,68710,10
13.0706596375,80.2419433594,68710,68720,10
13.0708799362,80.241859436,68720,68730,10
13.071149826,80.2417221069,68730,68740,10
13.0714797974,80.2415924072,68740,68751,11
13.0718402863,80.2414016724,68751,68767,16
13.0722303391,80.2411575317,68767,68779,12
13.0725803375,80.2409515381,68779,68789,10
13.0728397369,80.2408370972,68789,68799,10
13.0732002258,80.240737915,68799,68809,10
13.0735197067,80.2406616211,68809,68819,10
13.0739603043,80.2405700684,68819,68829,10
13.0745401382,80.2405700684,68829,68839,10
13.0754203796,80.240562439,68839,68850,11
13.0763597488,80.2406005859,68850,68860,10
13.0768098831,80.2406692505,68860,68870,10
13.0770902634,80.2405929565,68870,68880,10
13.0771198273,80.2403793335,68880,68890,10
13.0770597458,80.2400512695,68890,68900,10
13.0768899918,80.239440918,68900,68910,10
13.0766801834,80.238861084,68910,68920,10
13.0766096115,80.2386169434,68920,68930,10
13.0765399933,80.2384109497,68930,68940,10
13.0765199661,80.2382125854,68940,68950,10
13.076499939,80.2380523682,68950,68961,11
13.0764398575,80.2378082275,68961,68971,10
13.0763597488,80.2374191284,68971,69001,30
13.0763597488,80.2374191284,69001,69011,10
13.0762996674,80.2370223999,69011,69021,10
13.0761899948,80.2364501953,69021,69031,10
13.0761203766,80.2359237671,69031,69041,10
13.0759801865,80.235168457,69041,69051,10
13.075799942,80.2345275879,69051,69062,11
13.0757198334,80.2339782715,69062,69072,10
13.0761995316,80.2338104248,69072,69082,10
13.0767602921,80.2337417603,69082,69092,10
13.0773897171,80.2336425781,69092,69102,10
13.0780601501,80.2335891724,69102,69112,10
13.0786399841,80.2335662842,69112,69122,10
13.0794200897,80.233581543,69122,69152,30
13.0794200897,80.233581543,69152,69163,11
13.0797100067,80.2335586548,69163,69173,10
13.0801801682,80.2335510254,69173,69183,10
13.080329895,80.2335510254,69183,69193,10
13.0806398392,80.2335968018,69193,69203,10
13.0810699463,80.2336273193,69203,69213,10
13.0814800262,80.2336273193,69213,69223,10
13.0817499161,80.2335968018,69223,69233,10
13.0819396973,80.2334899902,69233,69243,10
13.0819396973,80.2332382202,69243,69253,10
13.081990242,80.2328414917,69253,69264,11
13.0821199417,80.2323226929,69264,69274,10
13.0823698044,80.2315979004,69274,69284,10
13.0824899673,80.2313537598,69284,69294,10
13.0826396942,80.231048584,69294,69304,10
13.0827598572,80.2307434082,69304,69314,10
13.0829696655,80.230682373,69314,69324,10
13.0831098557,80.231010437,69324,69334,10
13.08314991,80.2316970825,69334,69344,10
13.0832004547,80.232460022,69344,69354,10
13.083319664,80.2328720093,69354,69364,10
13.083439827,80.2334365845,69364,69395,31
13.083439827,80.2334365845,69395,69405,10
13.0835399628,80.2338562012,69405,69415,10
13.0838403702,80.2339706421,69415,69445,30
13.0838403702,80.2339706421,69445,69455,10
13.0840997696,80.2340393066,69455,69465,10
13.0845003128,80.2341537476,69465,69476,11
13.0849704742,80.2342605591,69476,69486,10
13.0854701996,80.2343826294,69486,69496,10
13.0859298706,80.2344894409,69496,69506,10
13.086520195,80.2345809937,69506,69516,10
13.0870504379,80.2346572876,69516,69526,10
13.0875797272,80.2345962524,69526,69536,10
13.0879201889,80.234046936,69536,69546,10
13.0880298615,80.2332611084,69546,69556,10
13.0882396698,80.2323074341,69556,69566,10
13.0884304047,80.231590271,69566,69577,11
13.0886201859,80.2310791016,69577,69587,10
13.088809967,80.2306594849,69587,69596,9
13.0888204575,80.2306518555,69596,69607,11
13.0888595581,80.2305603027,69607,69617,10
13.0890302658,80.2301864624,69617,69627,10
13.0893297195,80.229637146,69627,69637,10
13.0898504257,80.2289962769,69637,69647,10
13.0904397964,80.2283630371,69647,69657,10
13.0912799835,80.2274398804,69657,69688,31
13.0912799835,80.2274398804,69688,69698,10
13.0914802551,80.2272720337,69698,69708,10
13.0918598175,80.2268981934,69708,69718,10
13.0923404694,80.2264022827,69718,69728,10
13.092880249,80.2258529663,69728,69738,10
13.0932798386,80.225402832,69738,69748,10
13.0933303833,80.2253265381,69748,69758,10
13.0935401917,80.2251205444,69758,69768,10
13.093870163,80.2247314453,69768,69778,10
13.094329834,80.2241134644,69778,69789,11
13.0949401855,80.2231826782,69789,69798,9
13.0951499939,80.222618103,69798,69809,11
13.0952596664,80.2223434448,69809,69819,10
13.0954799652,80.2217407227,69819,69829,10
13.0957098007,80.2211074829,69829,69839,10
13.0959396362,80.2204818726,69839,69849,10
13.0962495804,80.2194900513,69849,69879,30
13.0962495804,80.2194900513,69879,69890,11
13.0963497162,80.2192687988,69890,69900,10
13.0964803696,80.2189712524,69900,69910,10
13.0966396332,80.21849823,69910,69920,10
13.0968399048,80.2178878784,69920,69930,10
13.0970401764,80.2172775269,69930,69940,10
13.0970897675,80.2171096802,69940,69950,10
13.0971603394,80.2169265747,69950,69960,10
13.0973396301,80.2164611816,69960,69970,10
13.0977602005,80.2154388428,69970,70001,31
13.0977602005,80.2154388428,70001,70011,10
13.0978403091,80.2153701782,70011,70021,10
13.0979604721,80.2150802612,70021,70031,10
13.0981302261,80.2146835327,70031,70041,10
13.0983295441,80.2142181396,70041,70051,10
13.0986604691,80.2140426636,70051,70061,10
13.0991401672,80.2142562866,70061,70071,10
13.0996599197,80.2144012451,70071,70102,31
13.0996599197,80.2144012451,70102,70112,10
13.0997896194,80.2144622803,70112,70122,10
13.1001796722,80.2145690918,70122,70172,50
13.1001796722,80.2145690918,70172,70182,10
13.1003198624,80.2146224976,70182,70192,10
13.100520134,80.2146682739,70192,70203,11
13.100569725,80.2149124146,70203,70213,10
13.1003303528,80.2154312134,70213,70223,10
13.1000499725,80.2160415649,70223,70233,10
13.0998497009,80.2159881592,70233,70243,10
13.0999698639,80.2156829834,70243,70253,10
13.1001300812,80.2152709961,70253,70263,10
13.1002597809,80.2149124146,70263,70576,313
13.1002597809,80.2149124146,70576,70586,10
13.1001996994,80.2146682739,70586,70596,10
13.1000003815,80.2144699097,70596,70606,10
13.0997104645,80.2144088745,70606,70617,11
13.0991601944,80.2142791748,70617,70627,10
13.0988101959,80.2141799927,70627,70697,70
13.0988101959,80.2141799927,70697,70707,10
13.0985403061,80.2140731812,70707,70718,11
13.0983104706,80.2143096924,70718,70728,10
13.0980596542,80.2148895264,70728,70738,10
13.0977401733,80.2156677246,70738,70748,10
13.0973796844,80.2165603638,70748,70758,10
13.0973100662,80.216758728,70758,70768,10
13.0972099304,80.2170181274,70768,70778,10
13.0969800949,80.217628479,70778,70788,10
13.0967102051,80.2184524536,70788,70798,10
13.0965299606,80.2190933228,70798,70808,10
13.0963201523,80.2196273804,70808,70819,11
13.0960197449,80.2204666138,70819,70829,10
13.0957698822,80.2211914063,70829,70839,10
13.0955295563,80.2219390869,70839,70849,10
13.0953397751,80.2224884033,70849,70859,10
13.0952396393,80.2227325439,70859,70869,10
13.095000267,80.2232666016,70869,70879,10
13.0945196152,80.2239532471,70879,70889,10
13.0939302444,80.2247390747,70889,70899,10
13.0934801102,80.2252731323,70899,70909,10
13.0929098129,80.2258682251,70909,70919,10
13.0923700333,80.2263793945,70919,70930,11
13.0916700363,80.2270889282,70930,70940,10
13.0911998749,80.2276229858,70940,70950,10
13.091170311,80.2276535034,70950,70960,10
13.090959549,80.2278671265,70960,70970,10
13.0905303955,80.2283325195,70970,70980,10
13.0899295807,80.2289810181,70980,70990,10
13.0893001556,80.2297973633,70990,71000,10
13.0890798569,80.2302703857,71000,71010,10
13.0888595581,80.230758667,71010,71026,16
13.088760376,80.2309875488,71026,71039,13
13.08852005,80.2315597534,71039,71049,10
13.0882997513,80.2322998047,71049,71059,10
13.0880699158,80.2332611084,71059,71069,10
13.0879497528,80.23412323,71069,71079,10
13.0878295898,80.2344970703,71079,71089,10
13.0872297287,80.2346420288,71089,71099,10
13.0868196487,80.234588623,71099,71109,10
13.0866098404,80.234588623,71109,71119,10
13.0860595703,80.2344894409,71119,71129,10
13.0854501724,80.2343292236,71129,71140,11
13.0849599838,80.2342224121,71140,71150,10
13.0845403671,80.2341003418,71150,71160,10
13.0842103958,80.2340087891,71160,71169,9
13.0839700699,80.2339782715,71169,71180,11
13.0834102631,80.23387146,71180,71190,10
13.0823202133,80.2336730957,71190,71210,20
13.0823202133,80.2336730957,71210,71220,10
13.0820999146,80.2336196899,71220,71230,10
13.0818195343,80.2335968018,71230,71241,11
13.0812397003,80.233543396,71241,71251,10
13.0809497833,80.2335205078,71251,71261,10
13.0805997849,80.2335205078,71261,71271,10
13.0802898407,80.2335205078,71271,71281,10
13.0800104141,80.2335205078,71281,71291,10
13.0799198151,80.2335205078,71291,71301,10
13.0797195435,80.2335205078,71301,71311,10
13.0795097351,80.233543396,71311,71321,10
13.0794401169,80.233581543,71321,71331,10
13.0790596008,80.233581543,71331,71342,11
13.0783500671,80.2336120605,71342,71352,10
13.0776996613,80.2336196899,71352,71362,10
13.0771102905,80.2337112427,71362,71372,10
13.0765600204,80.2338027954,71372,71382,10
13.0759096146,80.2339477539,71382,71392,10
13.0758399963,80.2340087891,71392,71402,10
13.075799942,80.2340774536,71402,71412,10
13.0758600235,80.2343826294,71412,71422,10
13.075969696,80.2349014282,71422,71432,10
13.0761203766,80.2356262207,71432,71443,11
13.0762796402,80.236541748,71443,71453,10
13.0764799118,80.2373199463,71453,71473,20
13.0764799118,80.2373199463,71473,71489,16
13.0765800476,80.2376708984,71489,71501,12
13.0767002106,80.2383804321,71501,71509,8
13.0768098831,80.2389221191,71509,71521,12
13.0769996643,80.239730835,71521,71531,10
13.0771303177,80.2403793335,71531,71541,10
13.0772800446,80.2408828735,71541,71552,11
13.077340126,80.2412185669,71552,71562,10
13.0773696899,80.2415084839,71562,71572,10
13.0775299072,80.2421417236,71572,71582,10
13.0776796341,80.2430267334,71582,71591,9
13.0777902603,80.243927002,71591,71602,11
13.0777397156,80.2442932129,71602,71612,10
13.0777797699,80.2445068359,71612,71620,8
13.0778398514,80.2449493408,71620,71632,12
13.07791996,80.2459564209,71632,71643,11
13.0781202316,80.2471389771,71643,71654,11
13.0783596039,80.2482833862,71654,71664,10
13.0785398483,80.2490386963,71664,71674,10
13.0786600113,80.2496414185,71674,71684,10
13.0786399841,80.2503814697,71684,71694,10
13.0785102844,80.2510681152,71694,71704,10
13.0785398483,80.251663208,71704,71714,10
13.0781698227,80.2517623901,71714,71724,10
13.0774497986,80.2519226074,71724,71734,10
13.0763902664,80.2520980835,71734,71744,10
13.0753002167,80.2521972656,71744,71763,19
13.0740699768,80.2524185181,71763,71775,12
13.0735197067,80.2525482178,71775,71785,10
13.072930336,80.2524490356,71785,71795,10
13.072429657,80.2524032593,71795,71805,10
13.0721597672,80.2522964478,71805,71815,10
13.072019577,80.2518234253,71815,71825,10
13.0719203949,80.2510375977,71825,71835,10
13.0717401505,80.2503585815,71835,71845,10
13.0715303421,80.2496414185,71845,71855,10
13.071390152,80.2488098145,71855,71866,11
13.0711402893,80.2478790283,71866,71876,10
13.0707998276,80.2470703125,71876,71886,10
13.0703802109,80.2462463379,71886,71896,10
13.0699300766,80.2452468872,71896,71906,10
13.0695800781,80.2443237305,71906,71915,9
13.0693902969,80.2437210083,71915,71926,11
13.0693101883,80.2435073853,71926,71936,10
13.0692396164,80.2433700562,71936,71945,9
13.0692195892,80.243270874,71945,71955,10
13.069149971,80.2428207397,71955,71967,12
13.0687103271,80.2425613403,71967,71977,10
13.0682001114,80.2427062988,71977,71987,10
13.0675401688,80.2429199219,71987,71997,10
13.0669298172,80.2432022095,71997,72007,10
13.0664196014,80.2434463501,72007,72017,10
13.0660800934,80.2437820435,72017,72027,10
13.066160202,80.2444915771,72027,72037,10
13.0662698746,80.2451477051,72037,72047,10
13.0663700104,80.2457427979,72047,72057,10
13.0669803619,80.2461776733,72057,72068,11
13.0676498413,80.2464675903,72068,72078,10
13.0677604675,80.2465286255,72078,72088,10
13.0678100586,80.2465591431,72088,72098,10
13.0679101944,80.2470016479,72098,72108,10
13.0678796768,80.2477035522,72108,72116,8
13.0673999786,80.2479705811,72116,72127,11
13.0664300919,80.2479171753,72127,72137,10
13.0653896332,80.2478485107,72137,72148,11
13.0644197464,80.2477493286,72148,72158,10
13.0636396408,80.247718811,72158,72169,11
13.0625696182,80.2476730347,72169,72179,10
13.0616703033,80.2475891113,72179,72189,10
13.0612602234,80.2471313477,72189,72199,10
13.0615596771,80.246711731,72199,72209,10
13.0618400574,80.2460784912,72209,72218,9
13.0619802475,80.2454071045,72218,72229,11
13.0624399185,80.2449188232,72229,72239,10
13.0630302429,80.2444229126,72239,72249,10
13.0631103516,80.2442779541,72249,72259,10
13.0631599426,80.2442169189,72259,72270,11
13.0633602142,80.2437896729,72270,72280,10
13.063170433,80.2434921265,72280,72290,10
13.0628004074,80.2434310913,72290,72300,10
13.0624198914,80.2433395386,72300,72310,10
13.0618801117,80.2432632446,72310,72320,10
13.0615196228,80.2431716919,72320,72330,10
13.0612602234,80.2431182861,72330,72340,10
13.0608196259,80.2429962158,72340,72350,10
13.0604496002,80.2428894043,72350,72360,10
13.0600996017,80.2427597046,72360,72370,10
13.0598697662,80.2426986694,72370,72381,11
13.0594396591,80.2425537109,72381,72391,10
13.0589103699,80.2425918579,72391,72401,10
13.0587501526,80.2426300049,72401,72411,10
13.0586795807,80.2426528931,72411,72420,9
13.0583600998,80.242729187,72420,72431,11
13.0577402115,80.2428436279,72431,72441,10
13.0569200516,80.2428436279,72441,72451,10
13.0564002991,80.2426681519,72451,72461,10
13.0557899475,80.2423400879,72461,72471,10
13.0549898148,80.2423706055,72471,72483,12
13.0536499023,80.2422714233,72483,72503,20
13.0536499023,80.2422714233,72503,72513,10
13.0535097122,80.2421875,72513,72523,10
13.0527000427,80.2418823242,72523,72594,71
13.0527000427,80.2418823242,72594,72604,10
13.0525398254,80.2418212891,72604,72614,10
13.0522403717,80.2414627075,72614,72624,10
13.0520095825,80.2410202026,72624,72634,10
13.0517396927,80.2407836914,72634,72650,16
13.0508403778,80.2406005859,72650,72670,20
13.0508403778,80.2406005859,72670,72682,12
13.050330162,80.2404708862,72682,72693,11
13.0497198105,80.2403182983,72693,72702,9
13.0493202209,80.2402267456,72702,72713,11
13.048620224,80.2401123047,72713,72723,10
13.0479402542,80.2399597168,72723,72733,10
13.0473203659,80.2398376465,72733,72743,10
13.0471000671,80.2397918701,72743,72752,9
13.0468196869,80.2397384644,72752,72763,11
13.0461902618,80.2395935059,72763,72773,10
13.0462703705,80.2392425537,72773,72783,10
13.0463600159,80.2386703491,72783,72794,11
13.0465602875,80.2378234863,72794,72804,10
13.0467100143,80.2370605469,72804,72814,10
13.0468397141,80.2364730835,72814,72824,10
13.0469102859,80.236076355,72824,72833,9
13.0469799042,80.2357406616,72833,72844,11
13.0470104218,80.2354736328,72844,72854,10
13.0471096039,80.2347564697,72854,72864,10
13.0472002029,80.2339401245,72864,72874,10
13.0472602844,80.2332000732,72874,72884,10
13.0468502045,80.2330474854,72884,72895,11
13.0461597443,80.2329101563,72895,72905,10
13.0454902649,80.2327804565,72905,72915,10
13.0452003479,80.2327194214,72915,72925,10
13.0451898575,80.2327194214,72925,72935,10
13.0449399948,80.2326507568,72935,72945,10
13.0444297791,80.2325363159,72945,72955,10
13.0437402725,80.232421875,72955,72965,10
13.0431404114,80.2323913574,72965,72975,10
13.0426397324,80.232383728,72975,72985,10
13.0421495438,80.232383728,72985,72995,10
13.0415096283,80.2322692871,72995,73006,11
13.0406599045,80.2320175171,73006,73016,10
13.0398101807,80.2317428589,73016,73026,10
13.0389404297,80.2314910889,73026,73036,10
13.038020134,80.2312164307,73036,73046,10
13.0372495651,80.2309875488,73046,73056,10
13.0367603302,80.2308273315,73056,73066,10
13.0364303589,80.2306976318,73066,73076,10
13.0357904434,80.2304763794,73076,73086,10
13.035369873,80.2303924561,73086,73127,41
13.035369873,80.2303924561,73127,73137,10
13.0351295471,80.2303771973,73137,73147,10
13.0347204208,80.2303771973,73147,73157,10
13.0342102051,80.2304763794,73157,73167,10
13.0338602066,80.230506897,73167,73177,10
13.0334100723,80.2305297852,73177,73197,20
13.0334100723,80.2305297852,73197,73208,11
13.0331001282,80.2305603027,73208,73218,10
13.0325403214,80.2305984497,73218,73228,10
13.0318803787,80.230682373,73228,73238,10
13.0312795639,80.23072052,73238,73248,10
13.0308303833,80.230758667,73248,73288,40
13.0308303833,80.230758667,73288,73298,10
13.0305995941,80.2307891846,73298,73309,11
13.0301799774,80.2308273315,73309,73319,10
13.0297803879,80.2308731079,73319,73329,10
13.0296401978,80.2309036255,73329,73339,10
13.0293197632,80.2309494019,73339,73349,10
13.028960228,80.2309799194,73349,73359,10
13.0283699036,80.231010437,73359,73369,10
13.027759552,80.2310562134,73369,73379,10
13.0276603699,80.2313995361,73379,73389,10
13.0277004242,80.2320022583,73389,73399,10
13.0278100967,80.2325820923,73399,73409,10
13.0276603699,80.2328796387,73409,73420,11
13.0272502899,80.2329330444,73420,73430,10
13.0270004272,80.232963562,73430,73440,10
13.0267295837,80.2330093384,73440,73450,10
13.0263500214,80.2329025269,73450,73460,10
13.026140213,80.2322769165,73460,73470,10
13.0259399414,80.2315673828,73470,73480,10
13.0257396698,80.2308578491,73480,73490,10
13.0252199173,80.2298812866,73490,73510,20
13.0252199173,80.2298812866,73510,73521,11
13.0250902176,80.2297210693,73521,73531,10
13.0250597,80.2296829224,73531,73541,10
13.024939537,80.2295303345,73541,73551,10
13.0246696472,80.2292098999,73551,73561,10
13.0240802765,80.2285079956,73561,73591,30
13.0240802765,80.2285079956,73591,73601,10
13.0239200592,80.2283325195,73601,73611,10
13.0236797333,80.2279968262,73611,73622,11
13.0233602524,80.2276916504,73622,73632,10
13.0229597092,80.2272567749,73632,73642,10
13.0224399567,80.2267913818,73642,73652,10
13.0213098526,80.2258911133,73652,73662,10
13.0213098526,80.2258911133,73662,73672,10
13.020819664,80.225479126,73672,73682,10
13.0204601288,80.2252426147,73682,73692,10
13.0198097229,80.2248306274,73692,73720,28
13.0198097229,80.2248306274,73720,73731,11
13.0196504593,80.2247390747,73731,73740,9
13.0192098618,80.2245635986,73740,73751,11
13.0183200836,80.2247314453,73751,73761,10
13.0173501968,80.2251205444,73761,73771,10
13.0164403915,80.2254867554,73771,73781,10
13.0158004761,80.2257232666,73781,73791,10
13.0151700974,80.2259597778,73791,73801,10
13.014960289,80.22605896,73801,73810,9
13.0147695541,80.2261276245,73810,73821,11
13.01445961,80.2262496948,73821,73832,11
13.0143499374,80.226272583,73832,73842,10
13.013999939,80.2264022827,73842,73852,10
13.0133695602,80.2266616821,73852,73861,9
13.0126800537,80.2269363403,73861,73872,11
13.011759758,80.2273178101,73872,73882,10
13.0109701157,80.2276306152,73882,73891,9
13.0101003647,80.2279586792,73891,73902,11
13.009180069,80.2284164429,73902,73912,10
13.0089197159,80.2293701172,73912,73922,10
13.0087003708,80.2304992676,73922,73933,11
13.008480072,80.2317123413,73933,73943,10
13.0082798004,80.232749939,73943,73953,10
13.008190155,80.2335586548,73953,73962,9
13.0081796646,80.2336425781,73962,73973,11
13.0080900192,80.2339172363,73973,73983,10
13.0079698563,80.2345428467,73983,73993,10
13.0078802109,80.2350006104,73993,74003,10
13.0078697205,80.2350769043,74003,74013,10
13.0077800751,80.2354736328,74013,74023,10
13.0076503754,80.2361373901,74023,74033,10
13.0074701309,80.2370529175,74033,74044,11
13.0072603226,80.2381362915,74044,74094,50
13.0072603226,80.2381362915,74094,74104,10
13.0071601868,80.2385406494,74104,74114,10
13.0070495605,80.2391967773,74114,74124,10
13.0068998337,80.2398834229,74124,74215,91
13.0068998337,80.2398834229,74215,74225,10
13.0069303513,80.2402877808,74225,74235,10
13.0068798065,80.2406463623,74235,74246,11
13.0068302155,80.2407531738,74246,74256,10
13.0067596436,80.2411422729,74256,74266,10
13.0067195892,80.2418670654,74266,74276,10
13.0066995621,80.2427062988,74276,74286,10
13.0066795349,80.2434005737,74286,74296,10
13.0066604614,80.2436981201,74296,74316,20
13.0066604614,80.2436981201,74316,74326,10
13.0066699982,80.2439422607,74326,74336,10
13.006649971,80.2444992065,74336,74347,11
13.0066604614,80.2450866699,74347,74357,10
13.0066699982,80.2456817627,74357,74367,10
13.0067100525,80.2463912964,74367,74377,10
13.0067396164,80.2471313477,74377,74387,10
13.0066995621,80.2478408813,74387,74397,10
13.0067100525,80.2486190796,74397,74407,10
13.0067796707,80.2490997314,74407,74417,10
13.0068397522,80.2494812012,74417,74427,10
13.0068397522,80.2495193481,74427,74437,10
13.0068302155,80.2499389648,74437,74448,11
13.0067996979,80.2506790161,74448,74458,10
13.0068101883,80.2511901855,74458,74488,30
13.0068101883,80.2511901855,74488,74498,10
13.0068101883,80.2512817383,74498,74508,10
13.0067596436,80.2516326904,74508,74518,10
13.0066099167,80.2522201538,74518,74528,10
13.0065202713,80.2530136108,74528,74538,10
13.006529808,80.2539215088,74538,74548,10
13.0065498352,80.2545471191,74548,74559,11
13.0065803528,80.2547836304,74559,74569,10
13.0065898895,80.2549133301,74569,74579,10
13.0066003799,80.2550506592,74579,74589,10
13.0066099167,80.2555618286,74589,74599,10
13.0066099167,80.2563323975,74599,74609,10
13.0066099167,80.2568893433,74609,74619,10
13.0066299438,80.2571563721,74619,74629,10
13.0066404343,80.2571868896,74629,74639,10
13.0067300797,80.257270813,74639,74649,10
13.0067596436,80.2574768066,74649,74660,11
13.006360054,80.2576370239,74660,74670,10
13.0058202744,80.2574996948,74670,74680,10
13.005279541,80.25730896,74680,74690,10
13.0041399002,80.2571029663,74690,74720,30
13.0041399002,80.2571029663,74720,74730,10
13.0040197372,80.2570800781,74730,74740,10
13.0038299561,80.2570266724,74740,74750,10
13.0034503937,80.256980896,74750,74761,11
13.0030698776,80.2568817139,74761,74771,10
13.0026798248,80.2568206787,74771,74821,50
13.0026798248,80.2568206787,74821,74831,10
13.0025501251,80.2567901611,74831,74841,10
13.0022802353,80.2567367554,74841,74851,10
13.0019798279,80.2566986084,74851,74862,11
13.0014200211,80.2566223145,74862,74872,10
13.0007801056,80.2565383911,74872,74882,10
13.0004396439,80.2565002441,74882,74892,10
13.0004196167,80.2565002441,74892,74902,10
13.0003404617,80.256477356,74902,74912,10
12.9999303818,80.256401062,74912,74922,10
12.9996004105,80.2563476563,74922,74932,10
12.999329567,80.2562866211,74932,74942,10
12.9991502762,80.2562484741,74942,74952,10
12.9990196228,80.256187439,74952,74962,10
12.9988002777,80.2561569214,74962,74973,11
12.9984197617,80.2561035156,74973,74983,10
12.9980201721,80.2560577393,74983,74993,10
12.9974403381,80.2560424805,74993,75003,10
12.997010231,80.2560501099,75003,75013,10
12.9968996048,80.2564468384,75013,75023,10
12.9968500137,80.2569503784,75023,75033,10
12.9968395233,80.2570419312,75033,75043,10
12.9968004227,80.2574996948,75043,75053,10
12.9967098236,80.2582397461,75053,75063,10
12.996629715,80.2589797974,75063,75074,11
12.9965600967,80.2594909668,75074,75084,10
12.9965295792,80.260017395,75084,75094,10
12.9964504242,80.2606964111,75094,75104,10
12.9963903427,80.2612686157,75104,75114,10
12.9963502884,80.26171875,75114,75124,10
12.9962997437,80.2620391846,75124,75134,10
12.9962501526,80.262260437,75134,75144,10
12.9961996078,80.2623825073,75144,75154,10
12.9961395264,80.2628631592,75154,75164,10
12.9961204529,80.2633895874,75164,75175,11
12.9960403442,80.2641906738,75175,75185,10
12.9959697723,80.2649765015,75185,75195,10
12.9959402084,80.2652816772,75195,75205,10
12.995880127,80.2656936646,75205,75215,10
12.9958200455,80.2664108276,75215,75225,10
12.9957399368,80.2672805786,75225,75235,10
12.9958400726,80.2677536011,75235,75245,10
12.9962701797,80.2677993774,75245,75255,10
12.9968299866,80.267791748,75255,75265,10
12.9973697662,80.2676391602,75265,75275,10
12.9977502823,80.2675018311,75275,75286,11
12.9982595444,80.2673416138,75286,75296,10
12.9989204407,80.2671737671,75296,75306,10
12.9996004105,80.266960144,75306,75316,10
13.0000400543,80.2666625977,75316,75326,10
13.0000495911,80.2666473389,75326,75342,16
13.0001497269,80.2662124634,75342,75354,12
13.0002002716,80.2657623291,75354,75364,10
13.0003404617,80.2658462524,75364,75374,10
13.0003299713,80.266166687,75374,75657,283
13.0003299713,80.266166687,75657,75667,10
13.0003004074,80.2665023804,75667,75677,10
13.0003004074,80.2667770386,75677,75687,10
13.0000200272,80.2669906616,75687,75698,11
12.9993495941,80.2671585083,75698,75708,10
12.9986400604,80.2673416138,75708,75718,10
12.9980297089,80.2675170898,75718,75728,10
12.997469902,80.2676696777,75728,75738,10
12.9968595505,80.2678375244,75738,75748,10
12.9962997437,80.2678375244,75748,75758,10
12.9957895279,80.267829895,75758,75768,10
12.9956798553,80.267791748,75768,75778,10
12.995639801,80.2677612305,75778,75788,10
12.995639801,80.2675323486,75788,75799,11
12.9956598282,80.2673797607,75799,75809,10
12.9957199097,80.2668533325,75809,75819,10
12.9958000183,80.2660522461,75819,75829,10
12.9959201813,80.2650680542,75829,75839,10
12.9960403442,80.2640762329,75839,75849,10
12.9961204529,80.2631607056,75849,75859,10
12.9961700439,80.2626800537,75859,75869,10
12.9962100983,80.2622833252,75869,75879,10
12.9962396622,80.2621078491,75879,75889,10
12.9962997437,80.261756897,75889,75899,10
12.9963598251,80.2611236572,75899,75910,11
12.9964399338,80.2603988647,75910,75920,10
12.9964895248,80.2599411011,75920,75930,10
12.9965200424,80.2594070435,75930,75940,10
12.9966001511,80.2588119507,75940,75950,10
12.9966697693,80.2581710815,75950,75960,10
12.996720314,80.2576065063,75960,75970,10
12.9967899323,80.2571487427,75970,75980,10
12.9968004227,80.2570114136,75980,75990,10
12.9968299866,80.2567596436,75990,76000,10
12.9968204498,80.256652832,76000,76011,11
12.9968204498,80.2562179565,76011,76122,111
12.9968204498,80.2562179565,76122,76132,10
12.9970502853,80.2557830811,76132,76142,10
12.9975996017,80.2558517456,76142,76152,10
12.998049736,80.255897522,76152,76162,10
12.9983701706,80.2559585571,76162,76182,20
12.9983701706,80.2559585571,76182,76192,10
12.9987897873,80.2560501099,76192,76233,41
12.9987897873,80.2560501099,76233,76243,10
12.9991502762,80.256111145,76243,76253,10
12.9995803833,80.2562026978,76253,76263,10
13.0,80.2562866211,76263,76273,10
13.0003099442,80.2563705444,76273,76293,20
13.0003099442,80.2563705444,76293,76303,10
13.0004796982,80.2564086914,76303,76314,11
13.0010204315,80.2565002441,76314,76324,10
13.001449585,80.2565765381,76324,76334,10
13.0017900467,80.2566299438,76334,76344,10
13.0023097992,80.2567062378,76344,76354,10
13.0027399063,80.2567901611,76354,76364,10
13.0031995773,80.2568817139,76364,76374,10
13.0037603378,80.256980896,76374,76384,10
13.0044002533,80.2570877075,76384,76394,10
13.0050001144,80.2572021484,76394,76404,10
13.0054702759,80.2573013306,76404,76414,10
13.0058803558,80.2574081421,76414,76425,11
13.0064201355,80.2574615479,76425,76435,10
13.0065002441,80.2570037842,76435,76445,10
13.006480217,80.2562637329,76445,76455,10
13.0065002441,80.255569458,76455,76465,10
13.0065202713,80.2550125122,76465,76475,10
13.0065002441,80.2542495728,76475,76485,10
13.0065202713,80.2537918091,76485,76501,16
13.0065097809,80.2535018921,76501,76513,12
13.0065002441,80.2533416748,76513,76522,9
13.0065002441,80.2528076172,76522,76554,32
13.0065002441,80.2528076172,76554,76564,10
13.0065603256,80.2526397705,76564,76574,10
13.0065898895,80.2523269653,76574,76584,10
13.0066795349,80.2517166138,76584,76594,10
13.0067596436,80.2509765625,76594,76604,10
13.0067501068,80.2503128052,76604,76614,10
13.0067501068,80.2497634888,76614,76624,10
13.0067396164,80.249130249,76624,76635,11
13.0066604614,80.2483520508,76635,76645,10
13.0066299438,80.2477798462,76645,76655,10
13.0066404343,80.247177124,76655,76665,10
13.0066099167,80.2467803955,76665,76675,10
13.0065898895,80.2467193604,76675,76685,10
13.0066003799,80.2465591431,76685,76695,10
13.0066404343,80.2460479736,76695,76705,10
13.0066404343,80.2452392578,76705,76715,10
13.0066003799,80.2445602417,76715,76725,10
13.0065603256,80.2442016602,76725,76736,11
13.0065402985,80.2437591553,76736,76746,10
13.0065402985,80.243270874,76746,76756,10
13.0065402985,80.242729187,76756,76766,10
13.0065603256,80.2419586182,76766,76776,10
13.0066099167,80.2410964966,76776,76786,10
13.0067195892,80.2402572632,76786,76796,10
13.0068998337,80.2392883301,76796,76806,10
13.0070896149,80.238319397,76806,76816,10
13.0072202682,80.2377319336,76816,76826,10
13.0073099136,80.2372817993,76826,76837,11
13.0073604584,80.2369918823,76837,76847,10
13.0073795319,80.2367782593,76847,76857,10
13.0074396133,80.2365722656,76857,76867,10
13.007519722,80.2363433838,76867,76877,10
13.0075798035,80.2360916138,76877,76887,10
13.0076799393,80.2356872559,76887,76897,10
13.0077896118,80.2351837158,76897,76907,10
13.0079402924,80.2344284058,76907,76917,10
13.0081300735,80.2334518433,76917,76927,10
13.0083398819,80.2323989868,76927,76938,11
13.0085601807,80.2312393188,76938,76948,10
13.0087499619,80.2301483154,76948,76958,10
13.0089797974,80.2289886475,76958,76968,10
13.0092697144,80.227897644,76968,76978,10
13.0097303391,80.2268981934,76978,76988,10
13.010140419,80.226020813,76988,76998,10
13.0104598999,80.2254562378,76998,77008,10
13.0106201172,80.2250976563,77008,77018,10
13.0107603073,80.2248001099,77018,77028,10
13.0110197067,80.2241592407,77028,77039,11
13.0112800598,80.2235565186,77039,77049,10
13.0114202499,80.2231521606,77049,77059,10
13.0116996765,80.2224502563,77059,77069,10
13.0120000839,80.2215805054,77069,77079,10
13.0123195648,80.2214889526,77079,77089,10
13.0125799179,80.2218780518,77089,77099,10
13.0130596161,80.2224807739,77099,77109,10
13.0136804581,80.2231521606,77109,77119,10
13.0141801834,80.2237167358,77119,77129,10
13.0145998001,80.2242126465,77129,77139,10
13.0151500702,80.2247390747,77139,77150,11
13.0154895782,80.2249679565,77150,77160,10
13.0156002045,80.2250595093,77160,77170,10
13.0160198212,80.2253570557,77170,77180,10
13.0167398453,80.225227356,77180,77190,10
13.0176200867,80.2248764038,77190,77200,10
13.0185804367,80.2244796753,77200,77210,10
13.0194396973,80.2244186401,77210,77220,10
13.0199899673,80.2247161865,77220,77230,10
13.0205402374,80.2251281738,77230,77240,10
13.0211601257,80.2255783081,77240,77251,11
13.0217599869,80.2259979248,77251,77261,10
13.0218200684,80.2260437012,77261,77271,10
13.0218801498,80.2260971069,77271,77281,10
13.0220403671,80.2262496948,77281,77291,10
13.0225000381,80.2266616821,77291,77301,10
13.0230903625,80.2272109985,77301,77311,10
13.0235996246,80.2276687622,77311,77321,10
13.0241203308,80.2281799316,77321,77331,10
13.0244903564,80.2286834717,77331,77341,10
13.0247602463,80.2290878296,77341,77352,11
13.0252599716,80.2297286987,77352,77362,10
13.0257196426,80.2304000854,77362,77372,10
13.0259504318,80.2309799194,77372,77382,10
13.0260095596,80.2312393188,77382,77392,10
13.0261201859,80.2313766479,77392,77402,10
13.0265703201,80.231262207,77402,77418,16
13.0274095535,80.2310333252,77418,77430,12
13.0277500153,80.23097229,77430,77438,8
13.0277996063,80.2309799194,77438,77450,12
13.0280199051,80.2309570313,77450,77460,10
13.0281095505,80.2309417725,77460,77471,11
13.028459549,80.2309188843,77471,77481,10
13.0290002823,80.2308578491,77481,77491,10
13.0294303894,80.2308197021,77491,77501,10
13.0294704437,80.2308120728,77501,77511,10
13.0295600891,80.2307815552,77511,77521,10
13.0299100876,80.2307510376,77521,77531,10
13.0301198959,80.2307434082,77531,77541,10
13.0305500031,80.2306976318,77541,77551,10
13.0311403275,80.2306594849,77551,77562,11
13.0318403244,80.2305984497,77562,77572,10
13.0325803757,80.2305526733,77572,77582,10
13.0331897736,80.230506897,77582,77592,10
13.0340995789,80.2304382324,77592,77622,30
13.0340995789,80.2304382324,77622,77632,10
13.0343103409,80.2304077148,77632,77642,10
13.0345497131,80.2303619385,77642,77663,21
13.0345497131,80.2303619385,77663,77673,10
13.0346298218,80.2303695679,77673,77683,10
13.0348501205,80.2303390503,77683,77693,10
13.0349597931,80.2305679321,77693,77709,16
13.0348596573,80.2313690186,77709,77721,12
13.0347700119,80.2320175171,77721,77731,10
13.0346603394,80.2328033447,77731,77741,10
13.0345897675,80.2332611084,77741,77751,10
13.034529686,80.2337188721,77751,77760,9
13.0344696045,80.2342224121,77760,77772,12
13.0344104767,80.2348175049,77772,77782,10
13.0342998505,80.2354278564,77782,77791,9
13.0342102051,80.2361831665,77791,77801,10
13.034239769,80.2373199463,77801,77822,21
13.034239769,80.2373199463,77822,77832,10
13.0343198776,80.2375030518,77832,77842,10
13.034529686,80.2378616333,77842,77852,10
13.0348796844,80.2384414673,77852,77862,10
13.0352401733,80.2390213013,77862,77873,11
13.0355195999,80.2394104004,77873,77882,9
13.0360202789,80.239440918,77882,77893,11
13.0368003845,80.2395172119,77893,77903,10
13.0375900269,80.2395782471,77903,77913,10
13.0382795334,80.2396621704,77913,77923,10
13.0389099121,80.2397384644,77923,77933,10
13.0394802094,80.2398300171,77933,77943,10
13.0400400162,80.2398834229,77943,77953,10
13.0403795242,80.2400436401,77953,77963,10
13.0403795242,80.2404403687,77963,77974,11
13.0407896042,80.2405319214,77974,77984,10
13.0411701202,80.2405776978,77984,77994,10
13.0417003632,80.2406616211,77994,78004,10
13.0423803329,80.240737915,78004,78014,10
13.0430002213,80.2408370972,78014,78024,10
13.0437402725,80.2409210205,78024,78033,9
13.0444602966,80.2406005859,78033,78095,62
13.0444602966,80.2406005859,78095,78105,10
13.0446996689,80.240447998,78105,78115,10
13.045129776,80.2401580811,78115,78125,10
13.0456800461,80.2397994995,78125,78135,10
13.0462398529,80.2395401001,78135,78145,10
13.046500206,80.2396011353,78145,78155,10
13.0467395782,80.2396469116,78155,78165,10
13.047249794,80.2397613525,78165,78175,10
13.0479001999,80.2398834229,78175,78185,10
13.0486803055,80.2400436401,78185,78196,11
13.049539566,80.2402191162,78196,78206,10
13.0499897003,80.2403182983,78206,78216,10
13.0505599976,80.2404327393,78216,78226,10
13.0511398315,80.2405471802,78226,78236,10
13.051320076,80.2405776978,78236,78246,10
13.0516500473,80.2406387329,78246,78256,10
13.0523099899,80.240852356,78256,78265,9
13.0525197983,80.2411422729,78265,78275,10
13.0526800156,80.2416381836,78275,78287,12
13.053440094,80.2420196533,78287,78297,10
13.0539703369,80.2422409058,78297,78307,10
13.054019928,80.2422637939,78307,78317,10
13.054400444,80.2423171997,78317,78327,10
13.0550804138,80.2422637939,78327,78337,10
13.0559101105,80.2423095703,78337,78347,10
13.0565595627,80.2425994873,78347,78357,10
13.0567998886,80.2425994873,78357,78367,10
13.0570297241,80.2427215576,78367,78377,10
13.0575704575,80.2427902222,78377,78388,11
13.0582895279,80.2426681519,78388,78398,10
13.0582895279,80.2426681519,78398,78408,10
13.0588998795,80.2425537109,78408,78418,10
13.0592803955,80.2425003052,78418,78428,10
13.0597801208,80.2426376343,78428,78438,10
13.0603599548,80.2428436279,78438,78448,10
13.0608301163,80.2429962158,78448,78458,10
13.0613203049,80.2431182861,78458,78468,10
13.0618200302,80.2432022095,78468,78477,9
13.0622701645,80.2432937622,78477,78488,11
13.0624399185,80.2433166504,78488,78499,11
13.0625696182,80.2433624268,78499,78509,10
13.0628795624,80.2434234619,78509,78519,10
13.0633201599,80.2434997559,78519,78529,10
13.063949585,80.2435073853,78529,78539,10
13.064620018,80.2435302734,78539,78549,10
13.0655603409,80.2434768677,78549,78579,30
13.0655603409,80.2434768677,78579,78590,11
13.0658102036,80.2434082031,78590,78600,10
13.0661802292,80.2433700562,78600,78610,10
13.0665998459,80.243270874,78610,78620,10
13.0670795441,80.2430877686,78620,78630,10
13.0677700043,80.242767334,78630,78640,10
13.0686397552,80.2425003052,78640,78650,10
13.069319725,80.2422180176,78650,78660,10
13.0698604584,80.2420806885,78660,78670,10
13.0699996948,80.2420425415,78670,78680,10
13.0701799393,80.2420196533,78680,78690,10
13.0706796646,80.2418670654,78690,78701,11
13.0714302063,80.241607666,78701,78711,10
13.0721702576,80.2412033081,78711,78721,10
13.0728797913,80.2408218384,78721,78731,10
13.0735702515,80.2406082153,78731,78741,10
13.0741901398,80.2404785156,78741,78751,10
13.0750598907,80.2404632568,78751,78761,10
13.075920105,80.240447998,78761,78771,10
13.0766201019,80.2405166626,78771,78781,10
13.0769500732,80.2405700684,78781,78791,10
13.0771198273,80.2403030396,78791,78802,11
13.0769701004,80.2395935059,78802,78812,10
13.0767602921,80.2387084961,78812,78822,10
13.0765695572,80.2379379272,78822,78832,10
13.0763998032,80.237411499,78832,78842,10
13.0763998032,80.2373504639,78842,78852,10
13.0763196945,80.2369918823,78852,78862,10
13.076210022,80.236328125,78862,78872,10
13.0761098862,80.2355880737,78872,78882,10
13.0759000778,80.2347412109,78882,78892,10
13.0757303238,80.2340393066,78892,78913,21
13.0757303238,80.2340393066,78913,78923,10
13.0757598877,80.2338485718,78923,78933,10
13.0761404037,80.2337265015,78933,78943,10
13.076669693,80.2336578369,78943,78953,10
13.0769195557,80.2336196899,78953,78963,10
13.0774202347,80.2335586548,78963,78972,9
13.0780496597,80.2335205078,78972,78982,10
13.0788002014,80.2334899902,78982,78993,11
13.0796003342,80.2334823608,78993,79003,10
13.0801696777,80.2334671021,79003,79012,9
13.080280304,80.2334671021,79012,79024,12
13.0806398392,80.2334823608,79024,79034,10
13.0812797546,80.2334976196,79034,79044,10
13.0817203522,80.2335281372,79044,79054,10
13.081990242,80.233253479,79054,79063,9
13.082110405,80.2325515747,79063,79074,11
13.0824298859,80.2315826416,79074,79084,10
13.0827302933,80.2308807373,79084,79094,10
13.0831003189,80.2306900024,79094,79104,10
13.0831699371,80.2313690186,79104,79115,11
13.0832700729,80.2325973511,79115,79155,40
13.0832700729,80.2325973511,79155,79165,10
13.0833501816,80.2329025269,79165,79236,71
13.0834503174,80.2332611084,79236,79276,40
13.0834503174,80.2332611084,79276,79286,10
13.0834798813,80.2335891724,79286,79296,10
13.0834999084,80.233757019,79296,79306,10
13.0836200714,80.2338790894,79306,79317,11
13.0840101242,80.2339630127,79317,79327,10
13.0841398239,80.2339782715,79327,79337,10
13.0844898224,80.2340621948,79337,79347,10
13.0850000381,80.234161377,79347,79357,10
13.0854597092,80.2342681885,79357,79367,10
13.0860099792,80.2343902588,79367,79377,10
13.0865602493,80.2344970703,79377,79387,10
13.087269783,80.2345581055,79387,79397,10
13.0878896713,80.2342681885,79397,79407,10
13.0879802704,80.233543396,79407,79417,10
13.0881795883,80.2325668335,79417,79428,11
13.0884103775,80.2316436768,79428,79438,10
13.0886602402,80.23097229,79438,79448,10
13.0888900757,80.230430603,79448,79458,10
13.0889101028,80.2304000854,79458,79468,10
13.089050293,80.230140686,79468,79478,10
13.0893297195,80.229598999,79478,79488,10
13.0898704529,80.2289199829,79488,79498,10
13.0905799866,80.2281417847,79498,79508,10
13.0912599564,80.2274017334,79508,79524,16
13.0915203094,80.2271270752,79524,79537,13
13.0921001434,80.2265625,79537,79547,10
13.0926904678,80.2259597778,79547,79557,10
13.0933103561,80.2253417969,79557,79567,10
13.09375,80.2248382568,79567,79577,10
13.0942802429,80.2241897583,79577,79587,10
13.0948801041,80.2232818604,79587,79597,10
13.0952596664,80.2224197388,79597,79607,10
13.0956401825,80.2213821411,79607,79617,10
13.0959396362,80.2205276489,79617,79626,9
13.0962400436,80.2197036743,79626,79637,11
13.0964803696,80.2189483643,79637,79648,11
13.096739769,80.2181472778,79648,79658,10
13.0970401764,80.2172775269,79658,79668,10
13.0971603394,80.2169113159,79668,79678,10
13.0972499847,80.2166976929,79678,79688,10
13.0974798203,80.2161483765,79688,79698,10
13.0977802277,80.2154312134,79698,79708,10
13.09815979,80.2145690918,79708,79718,10
13.0983800888,80.2140579224,79718,79728,10
13.0985002518,80.2139205933,79728,79739,11
13.0988998413,80.2140808105,79739,79749,10
13.0994100571,80.2142410278,79749,79759,10
13.1001596451,80.2144622803,79759,79779,20
13.1001596451,80.2144622803,79779,79789,10
13.1002597809,80.2145767212,79789,79799,10
13.1002397537,80.2149887085,79799,79809,10
13.1000699997,80.2154464722,79809,79819,10
13.0999097824,80.2158508301,79819,79829,10
13.0999202728,80.2162017822,79829,79840,11
13.0996799469,80.2167816162,79840,79850,10
13.0994701385,80.2176208496,79850,79860,10
13.0993099213,80.2186279297,79860,79870,10
13.0992202759,80.2192611694,79870,79880,10
13.0991601944,80.2196426392,79880,79890,10
13.0990495682,80.2202072144,79890,79900,10
13.0989198685,80.2209091187,79900,79909,9
13.0987596512,80.2217407227,79909,79919,10
13.0987300873,80.2228088379,79919,79930,11
13.0992298126,80.2236022949,79930,79941,11
13.0996599197,80.2244033813,79941,79951,10
13.099820137,80.2250518799,79951,79961,10
13.0998897552,80.2255020142,79961,79971,10
13.0999498367,80.2259216309,79971,79981,10
13.1000003815,80.2263793945,79981,79991,10
13.1000204086,80.2269287109,79991,80001,10
13.1000299454,80.2274932861,80001,80011,10
13.0999898911,80.2281188965,80011,80021,10
13.0998897552,80.2287368774,80021,80031,10
13.0998096466,80.2292404175,80031,80042,11
13.0996704102,80.229927063,80042,80052,10
13.0995101929,80.230506897,80052,80062,10
13.0993499756,80.2309417725,80062,80072,10
13.0991802216,80.231338501,80072,80082,10
13.0989398956,80.2318878174,80082,80092,10
13.0988197327,80.232208252,80092,80102,10
13.0986995697,80.232711792,80102,80112,10
13.0986003876,80.2333221436,80112,80122,10
13.0985403061,80.2337722778,80122,80132,10
13.0985002518,80.2342681885,80132,80142,10
13.0984401703,80.2348098755,80142,80153,11
13.0983600616,80.2353897095,80153,80163,10
13.098279953,80.2358932495,80163,80173,10
13.0981798172,80.2364730835,80173,80183,10
13.0980596542,80.2371368408,80183,80193,10
13.0979299545,80.2378387451,80193,80203,10
13.0978097916,80.2384109497,80203,80213,10
13.0977401733,80.239112854,80213,80223,10
13.097700119,80.2396316528,80223,80233,10
13.0976400375,80.2403488159,80233,80243,10
13.0975704193,80.2410430908,80243,80254,11
13.0975103378,80.2414169312,80254,80264,10
13.0974397659,80.2420196533,80264,80284,20
13.0974397659,80.2420196533,80284,80294,10
13.0977201462,80.2421875,80294,80304,10
13.0980796814,80.2422637939,80304,80314,10
13.0983104706,80.2422637939,80314,80324,10
13.0985603333,80.2422332764,80324,80334,10
13.0987100601,80.2420196533,80334,80344,10
13.0987901688,80.2416534424,80344,80355,11
13.0987997055,80.2415771484,80355,80365,10
13.0988798141,80.2412033081,80365,80395,30
13.0988798141,80.2412033081,80395,80405,10
13.0988998413,80.2410430908,80405,80415,10
13.0989198685,80.2407531738,80415,80425,10
13.0988502502,80.2404403687,80425,80435,10
13.0988702774,80.2401428223,80435,80445,10
13.0991201401,80.2401275635,80445,80456,11
13.0991096497,80.2404785156,80456,80466,10
13.0989599228,80.2406387329,80466,80476,10
13.0989398956,80.2404785156,80476,80577,101
13.0989999771,80.2403106689,80577,80738,161
13.0989999771,80.2403106689,80738,80748,10
13.0989398956,80.2400970459,80748,80758,10
13.0992202759,80.2401580811,80758,85377,4619
13.099360466,80.2403182983,85377,85528,151
