12.9963998795,80.1917037964,14,397,383
12.9964399338,80.1913375854,397,902,505
12.9965896606,80.1911392212,902,1104,202
12.9966402054,80.1913070679,1104,1235,131
12.9968395233,80.1909866333,1235,1861,626
12.9968395233,80.1909866333,1861,1871,10
12.9970903397,80.1908798218,1871,1881,10
12.9972000122,80.1910629272,1881,1901,20
12.9972200394,80.1913528442,1901,17005,15104
12.9972200394,80.1913528442,17005,17015,10
12.9973802567,80.1914901733,17015,17025,10
12.9972896576,80.1918106079,17025,17085,60
12.9972600937,80.1916275024,17085,22522,5437
12.9972600937,80.1916275024,22522,22533,11
12.9973096848,80.1913909912,22533,22543,10
12.9968996048,80.1910324097,22543,22684,141
12.9966201782,80.1912994385,22684,22725,41
12.9966201782,80.1912994385,22725,22735,10
12.9962701797,80.1913070679,22735,22745,10
12.9961900711,80.1910324097,22745,22755,10
12.9961099625,80.1907424927,22755,22765,10
12.9960699081,80.1903533936,22765,23270,505
12.9960699081,80.1903533936,23270,23280,10
12.9960298538,80.1900100708,23280,23290,10
12.995929718,80.1897277832,23290,23300,10
12.9959497452,80.1894226074,23300,23340,40
12.9959497452,80.1894226074,23340,23350,10
12.9961004257,80.1892929077,23350,23361,11
12.9963302612,80.1895065308,23361,23371,10
12.9967098236,80.1899490356,23371,23381,10
12.997209549,80.190536499,23381,23391,10
12.9977798462,80.1912689209,23391,23401,10
12.9984397888,80.1921005249,23401,23411,10
12.9990901947,80.1929321289,23411,23421,10
12.9996995926,80.1936798096,23421,23431,10
13.0003299713,80.1945037842,23431,23441,10
13.0010099411,80.1952896118,23441,23451,10
13.001709938,80.1961364746,23451,23461,10
13.0021896362,80.1971435547,23461,23472,11
13.0019903183,80.1985092163,23472,23482,10
13.0019102097,80.1997528076,23482,23492,10
13.0027198792,80.2006378174,23492,23502,10
13.0038204193,80.2009429932,23502,23512,10
13.0044803619,80.2011184692,23512,23522,10
13.0051403046,80.2014007568,23522,23532,10
13.00578022,80.202003479,23532,23542,10
13.0061502457,80.2026977539,23542,23552,10
13.0066003799,80.2032089233,23552,23562,10
13.007109642,80.2035217285,23562,23573,11
13.0078802109,80.2037200928,23573,23583,10
13.0084600449,80.2034072876,23583,23593,10
13.008020401,80.2028121948,23593,23603,10
13.0075902939,80.2034683228,23603,23613,10
13.0076799393,80.2044067383,23613,23623,10
13.0076999664,80.205406189,23623,23633,10
13.0078296661,80.2064666748,23633,23643,10
13.0079698563,80.2074508667,23643,23653,10
13.0080900192,80.208442688,23653,23663,10
13.0082597733,80.2094497681,23663,23674,11
13.0088796616,80.2105789185,23674,23704,30
13.0091295242,80.2107772827,23704,23754,50
13.0094299316,80.2110366821,23754,23773,19
13.0094299316,80.2110366821,23773,23785,12
13.0092201233,80.2113265991,23785,23795,10
13.0091199875,80.2115478516,23795,23805,10
13.009180069,80.2118301392,23805,23815,10
13.0093297958,80.212310791,23815,23825,10
13.0095396042,80.2129364014,23825,23835,10
13.0097703934,80.2135925293,23835,23845,10
13.010020256,80.2142181396,23845,23855,10
13.0102100372,80.2148513794,23855,23865,10
13.0102901459,80.2155990601,23865,23875,10
13.01060009,80.2163619995,23875,23885,10
13.0110397339,80.217300415,23885,23896,11
13.0115003586,80.2184677124,23896,23906,10
13.0118598938,80.2195663452,23906,23915,9
13.0121803284,80.2205810547,23915,23926,11
13.0124197006,80.221496582,23926,23936,10
13.0128002167,80.2221984863,23936,23946,10
13.0134096146,80.222869873,23946,23956,10
13.0140304565,80.2235488892,23956,23966,10
13.0145196915,80.2239074707,23966,23976,10
13.0151195526,80.2247695923,23976,23986,10
13.0153999329,80.2254867554,23986,23997,11
13.014840126,80.225982666,23997,24007,10
13.01404953,80.2263336182,24007,24017,10
13.0132703781,80.2266464233,24017,24027,10
13.0124597549,80.2270126343,24027,24037,10
13.0115604401,80.2273712158,24037,24047,10
13.0105600357,80.2277603149,24047,24057,10
13.0097799301,80.2279891968,24057,24067,10
13.0094995499,80.2276077271,24067,24077,10
13.0097303391,80.2271499634,24077,24087,10
13.010020256,80.2265167236,24087,24098,11
13.0103302002,80.2257080078,24098,24108,10
13.0106801987,80.2248764038,24108,24118,10
13.0110197067,80.2239685059,24118,24128,10
13.011300087,80.2232284546,24128,24138,10
13.0107698441,80.2229309082,24138,24148,10
13.0101995468,80.222618103,24148,24158,10
13.00963974,80.2223434448,24158,24168,10
13.0091295242,80.2220306396,24168,24178,10
13.0088195801,80.221862793,24178,24188,10
13.0083303452,80.2216033936,24188,24197,9
13.0077695847,80.2213287354,24197,24209,12
13.0069103241,80.2208786011,24209,24219,10
13.0061302185,80.2205963135,24219,24229,10
13.0053195953,80.2203979492,24229,24239,10
13.0045204163,80.2202377319,24239,24249,10
13.0037202835,80.2200622559,24249,24259,10
13.002869606,80.2198181152,24259,24269,10
13.0021800995,80.2192993164,24269,24279,10
13.0015897751,80.2186813354,24279,24289,10
13.0009403229,80.2181777954,24289,24299,10
13.0001802444,80.217666626,24299,24310,11
12.9991903305,80.217086792,24310,24320,10
12.9982004166,80.2166595459,24320,24330,10
12.9973402023,80.2165222168,24330,24340,10
12.996720314,80.2165527344,24340,24350,10
12.9961099625,80.2166519165,24350,24360,10
12.9958095551,80.2167129517,24360,24370,10
12.9956798553,80.2167434692,24370,24380,10
12.9953699112,80.2169036865,24380,24390,10
12.9949798584,80.2171783447,24390,24400,10
12.9945001602,80.2175292969,24400,24410,10
12.9940595627,80.2178726196,24410,24421,11
12.9933204651,80.2183380127,24421,24431,10
12.9927997589,80.21875,24431,24441,10
12.9920597076,80.2192993164,24441,24451,10
12.9913301468,80.2195892334,24451,24461,10
12.990650177,80.2193374634,24461,24471,10
12.9898195267,80.219039917,24471,24481,10
12.9888000488,80.2186889648,24481,24491,10
12.9876499176,80.2183914185,24491,24501,10
12.9869699478,80.2182769775,24501,24511,10
12.9867897034,80.2182388306,24511,24522,11
12.9861898422,80.2180862427,24522,24532,10
12.9854001999,80.2179412842,24532,24542,10
12.9844198227,80.217956543,24542,24552,10
12.9833498001,80.217956543,24552,24562,10
12.9821500778,80.217956543,24562,24572,10
12.9809303284,80.2182006836,24572,24582,10
12.9801301956,80.2184829712,24582,24592,10
12.9796104431,80.2186965942,24592,24602,10
12.9789199829,80.2189788818,24602,24612,10
12.9784402847,80.2191467285,24612,24622,10
12.9777898788,80.2194213867,24622,24633,11
12.9768695831,80.2197875977,24633,24643,10
12.9759902954,80.2201690674,24643,24653,10
12.975520134,80.2205505371,24653,24703,50
12.975520134,80.2205505371,24703,24713,10
12.975689888,80.2208862305,24713,24986,273
12.9757099152,80.221031189,24986,25107,121
12.9757099152,80.221031189,25107,25117,10
12.9759101868,80.2212524414,25117,25127,10
12.9762001038,80.2212905884,25127,25137,10
12.9766101837,80.2213134766,25137,25147,10
12.9773302078,80.221282959,25147,25157,10
12.9781703949,80.221206665,25157,25168,11
12.9791097641,80.2211380005,25168,25178,10
12.9798803329,80.2211227417,25178,25188,10
12.9806900024,80.2210235596,25188,25198,10
12.9814100266,80.2212524414,25198,25208,10
12.9818000793,80.2214279175,25208,25218,10
12.982049942,80.2216186523,25218,25228,10
12.9824399948,80.221786499,25228,25238,10
12.9826202393,80.2218399048,25238,25248,10
12.9827699661,80.2218933105,25248,25258,10
12.9830598831,80.2220077515,25258,25269,11
12.9833498001,80.2221984863,25269,25279,10
12.9835700989,80.2223434448,25279,25289,10
12.9839801788,80.2225875854,25289,25299,10
12.984459877,80.22290802,25299,25309,10
12.9850997925,80.2231826782,25309,25319,10
12.9855098724,80.2231216431,25319,25329,10
12.9860296249,80.2229309082,25329,25339,10
12.9865503311,80.2229766846,25339,25349,10
12.9871997833,80.2230529785,25349,25359,10
12.9879903793,80.2228393555,25359,25369,10
12.9887304306,80.2222518921,25369,25380,11
12.9893302917,80.2215270996,25380,25390,10
12.989859581,80.2208633423,25390,25400,10
12.9905595779,80.2203063965,25400,25410,10
12.9912996292,80.2197036743,25410,25420,10
12.9920101166,80.2191772461,25420,25430,10
12.9927597046,80.2186508179,25430,25440,10
12.9935703278,80.2180404663,25440,25450,10
12.9943504333,80.2174987793,25450,25460,10
12.9950799942,80.2169799805,25460,25470,10
12.9958896637,80.2165985107,25470,25481,11
12.9968795776,80.2164611816,25481,25491,10
12.9974498749,80.216178894,25491,25501,10
12.997590065,80.2160720825,25501,25511,10
12.9977302551,80.2159576416,25511,25521,10
12.9981403351,80.2156066895,25521,25531,10
12.9986801147,80.2151794434,25531,25541,10
12.9988603592,80.2150115967,25541,25551,10
12.9990997314,80.2147827148,25551,25561,10
12.9993696213,80.2145614624,25561,25571,10
12.9998703003,80.2141494751,25571,25582,11
13.0004901886,80.2136077881,25582,25592,10
13.0011100769,80.2130889893,25592,25602,10
13.0018701553,80.2125015259,25602,25612,10
13.0026597977,80.2121276855,25612,25622,10
13.0034503937,80.212059021,25622,25632,10
13.0037403107,80.2115936279,25632,25642,10
13.0036697388,80.2108383179,25642,25652,10
13.0035800934,80.2100830078,25652,25662,10
13.0035800934,80.2093582153,25662,25672,10
13.0037403107,80.2087020874,25672,25681,9
13.004360199,80.2087478638,25681,25693,12
13.005399704,80.2092285156,25693,25703,10
13.0062503815,80.2095336914,25703,25713,10
13.0069599152,80.2097320557,25713,25723,10
13.007399559,80.2098083496,25723,25733,10
13.0074701309,80.2098236084,25733,25743,10
13.0076999664,80.2098999023,25743,25753,10
13.0080404282,80.2099761963,25753,25763,10
13.0081501007,80.2097396851,25763,25773,10
13.008020401,80.2091598511,25773,25783,10
13.0079097748,80.2082595825,25783,25794,11
13.0077199936,80.2070999146,25794,25804,10
13.0075702667,80.205947876,25804,25814,10
13.0075101852,80.204826355,25814,25824,10
13.0074596405,80.2038574219,25824,25834,10
13.0073099136,80.2029495239,25834,25844,10
13.0067996979,80.202507019,25844,25854,10
13.0065803528,80.203086853,25854,25864,10
13.0071601868,80.2035217285,25864,25874,10
13.0079298019,80.2036972046,25874,25884,10
13.0088500977,80.2036819458,25884,25894,10
13.0100097656,80.2036209106,25894,25905,11
13.0113601685,80.2036972046,25905,25915,10
13.0124797821,80.2038879395,25915,25925,10
13.0134296417,80.2041320801,25925,25935,10
13.0143995285,80.2044525146,25935,25945,10
13.0150203705,80.2046279907,25945,25955,10
13.0151100159,80.2046813965,25955,25965,10
13.015540123,80.2048873901,25965,25975,10
13.0162296295,80.2051925659,25975,25985,10
13.0168504715,80.2052383423,25985,25995,10
13.0177698135,80.2056121826,25995,26006,11
13.0185804367,80.205909729,26006,26016,10
13.018699646,80.2059783936,26016,26026,10
13.018989563,80.2061004639,26026,26036,10
13.0195598602,80.2062683105,26036,26046,10
13.020359993,80.2062911987,26046,26056,10
13.0213899612,80.2062988281,26056,26066,10
13.0224399567,80.2063980103,26066,26076,10
13.0234899521,80.2065887451,26076,26086,10
13.0242795944,80.2067108154,26086,26096,10
13.0244197845,80.206741333,26096,26106,10
13.0247297287,80.2068023682,26106,26117,11
13.0254802704,80.2069778442,26117,26127,10
13.0262699127,80.2073974609,26127,26137,10
13.0270299911,80.207862854,26137,26147,10
13.0277700424,80.2083129883,26147,26157,10
13.0286302567,80.2086029053,26157,26167,10
13.0295200348,80.2088088989,26167,26177,10
13.0305500031,80.2091217041,26177,26187,10
13.0314502716,80.2093734741,26187,26197,10
13.0315999985,80.2094573975,26197,26206,9
13.0317201614,80.2095565796,26206,26218,12
13.0322303772,80.2096633911,26218,26228,10
13.0328998566,80.2097473145,26228,26238,10
13.0337200165,80.2098999023,26238,26248,10
13.0347499847,80.2100982666,26248,26258,10
13.0349998474,80.210609436,26258,26268,10
13.035030365,80.2112731934,26268,26288,20
13.035030365,80.2112731934,26288,26298,10
13.0349903107,80.2115325928,26298,26308,10
13.0349502563,80.211807251,26308,26318,10
13.0349397659,80.2118911743,26318,26329,11
13.0350704193,80.2121734619,26329,26339,10
13.0355596542,80.2122497559,26339,26349,10
13.0362796783,80.2122879028,26349,26359,10
13.0369796753,80.2123031616,26359,26369,10
13.0372896194,80.2123031616,26369,26379,10
13.0373497009,80.2123031616,26379,26389,10
13.0377502441,80.212310791,26389,26399,10
13.0384502411,80.2122879028,26399,26409,10
13.0393199921,80.212272644,26409,26419,10
13.0402803421,80.2122802734,26419,26430,11
13.0414400101,80.212310791,26430,26440,10
13.0426902771,80.212272644,26440,26450,10
13.0441598892,80.2122573853,26450,26541,91
13.0441598892,80.2122573853,26541,26551,10
13.0441999435,80.2122268677,26551,26561,10
13.0445699692,80.2122268677,26561,26570,9
13.0451498032,80.2122192383,26570,26581,11
13.0460796356,80.2121887207,26581,26591,10
13.0470895767,80.2121429443,26591,26601,10
13.0481901169,80.2120285034,26601,26611,10
13.0485801697,80.2120132446,26611,26621,10
13.0487298965,80.2119979858,26621,26631,10
13.0497999191,80.2119293213,26631,26672,41
13.0497999191,80.2119293213,26672,26682,10
13.0500402451,80.2119827271,26682,26692,10
13.0505895615,80.2119903564,26692,26702,10
13.0512199402,80.2121200562,26702,26712,10
13.0523796082,80.2119598389,26712,26722,10
13.053560257,80.2116622925,26722,26732,10
13.0547399521,80.2114181519,26732,26742,10
13.0559597015,80.2114562988,26742,26753,11
13.0573101044,80.2114562988,26753,26763,10
13.0577497482,80.2114486694,26763,26773,10
13.0579500198,80.2114486694,26773,26783,10
13.0585203171,80.2114868164,26783,26793,10
13.0593099594,80.211517334,26793,26803,10
13.060259819,80.2115783691,26803,26813,10
13.0613803864,80.2116165161,26813,26823,10
13.0625295639,80.2116012573,26823,26833,10
13.0633201599,80.2115097046,26833,26843,10
13.0633897781,80.2114715576,26843,26854,11
13.0637998581,80.2114715576,26854,26864,10
13.0644102097,80.2113571167,26864,26874,10
13.0651903152,80.2109985352,26874,26884,10
13.0659999847,80.2103881836,26884,26894,10
13.0668296814,80.2096633911,26894,26904,10
13.0673599243,80.2089309692,26904,26914,10
13.0674104691,80.2087936401,26914,26924,10
13.0675497055,80.2084732056,26924,26934,10
13.0678901672,80.2079467773,26934,26944,10
13.0683698654,80.2072296143,26944,26954,10
13.0689296722,80.2063522339,26954,26964,10
13.0694503784,80.2055130005,26964,26974,10
13.0696897507,80.2050704956,26974,26985,11
13.0695104599,80.204788208,26985,26995,10
13.0691795349,80.2050933838,26995,27005,10
13.0687704086,80.2049331665,27005,27025,20
13.0687704086,80.2049331665,27025,27035,10
13.068860054,80.204788208,27035,27076,41
13.068860054,80.204788208,27076,27086,10
13.0692195892,80.2047424316,27086,27096,10
13.0694599152,80.2047729492,27096,27106,10
13.0696601868,80.2048034668,27106,27146,40
13.0696601868,80.2048034668,27146,27156,10
13.0699596405,80.204826355,27156,27166,10
13.0703201294,80.2043533325,27166,27177,11
13.0709104538,80.2036437988,27177,27187,10
13.0713396072,80.2031021118,27187,27197,10
13.072019577,80.2022399902,27197,27217,20
13.072019577,80.2022399902,27217,27227,10
13.0720796585,80.2022094727,27227,27237,10
13.0722703934,80.202003479,27237,27247,10
13.0726003647,80.2016372681,27247,27257,10
13.0731096268,80.2010726929,27257,27267,10
13.0736904144,80.2004089355,27267,27278,11
13.0743503571,80.1996688843,27278,27288,10
13.0746898651,80.1992721558,27288,27298,10
13.0750102997,80.1991424561,27298,27308,10
13.0756101608,80.1990509033,27308,27318,10
13.0764198303,80.1990280151,27318,27328,10
13.077249527,80.1989822388,27328,27338,10
13.0781002045,80.198890686,27338,27348,10
13.0789699554,80.1987686157,27348,27358,10
13.0798397064,80.1987075806,27358,27368,10
13.0807800293,80.1986083984,27368,27378,10
13.0816497803,80.1985778809,27378,27389,11
13.082570076,80.1985092163,27389,27399,10
13.0832796097,80.1984863281,27399,27409,10
13.0839500427,80.1984863281,27409,27419,10
13.0844898224,80.1985092163,27419,27429,10
13.0849895477,80.1985168457,27429,27439,10
13.0853595734,80.1985015869,27439,27449,10
13.0857095718,80.1985092163,27449,27459,10
13.0862197876,80.1985092163,27459,27469,10
13.0867595673,80.1984634399,27469,27479,10
13.086930275,80.1984405518,27479,27490,11
13.087100029,80.1981887817,27490,27510,20
13.087100029,80.1981887817,27510,27520,10
13.0871696472,80.1979827881,27520,27530,10
13.087220192,80.1975784302,27530,27540,10
13.0872297287,80.1969070435,27540,27550,10
13.0872402191,80.1960296631,27550,27560,10
13.0872602463,80.1952209473,27560,27570,10
13.0872602463,80.1944885254,27570,27580,10
13.087269783,80.1936721802,27580,27590,10
13.0872602463,80.193069458,27590,27601,11
13.087269783,80.192779541,27601,27611,10
13.0872898102,80.1927032471,27611,27621,10
13.0873498917,80.1922912598,27621,27631,10
13.0874500275,80.1915512085,27631,27641,10
13.0875701904,80.1906509399,27641,27651,10
13.0876903534,80.189666748,27651,27661,10
13.0877199173,80.1889572144,27661,27671,10
13.0877304077,80.1888809204,27671,27681,10
13.0877599716,80.1887588501,27681,27691,10
13.0877799988,80.1883392334,27691,27712,21
13.0877799988,80.1883392334,27712,27722,10
13.0877895355,80.1880722046,27722,27732,10
13.0878200531,80.1875,27732,27742,10
13.0878601074,80.1867370605,27742,27752,10
13.0879001617,80.185798645,27752,27762,10
13.0879497528,80.1847305298,27762,27772,10
13.0880002975,80.18359375,27772,27782,10
13.0880403519,80.1826019287,27782,27792,10
13.088060379,80.1821594238,27792,27801,9
13.0880899429,80.181640625,27801,27813,12
13.0881204605,80.1806564331,27813,27823,10
13.088139534,80.1798171997,27823,27833,10
13.0881099701,80.1791763306,27833,27843,10
13.0881204605,80.1790084839,27843,27853,10
13.0881500244,80.1786880493,27853,27863,10
13.0881700516,80.1781005859,27863,27873,10
13.0881900787,80.1773986816,27873,27883,10
13.0882101059,80.1766815186,27883,27893,10
13.0882701874,80.1758117676,27893,27903,10
13.0883302689,80.1748123169,27903,27914,11
13.0884103775,80.1739807129,27914,27924,10
13.0884599686,80.1733169556,27924,27934,10
13.0885000229,80.1724777222,27934,27944,10
13.08852005,80.1718521118,27944,27954,10
13.0885295868,80.1717071533,27954,27964,10
13.0885801315,80.1712188721,27964,27974,10
13.0886201859,80.1704711914,27974,27984,10
13.0886497498,80.169631958,27984,27994,10
13.0890598297,80.1694564819,27994,28004,10
13.0898103714,80.1695404053,28004,28014,10
13.0907497406,80.1696014404,28014,28025,11
13.0919799805,80.1696777344,28025,28035,10
13.0931396484,80.1697692871,28035,28045,10
13.0942401886,80.1698379517,28045,28055,10
13.0947999954,80.169883728,28055,28065,10
13.0949201584,80.1699295044,28065,28075,10
13.0951404572,80.1699829102,28075,28085,10
13.0955295563,80.1699981689,28085,28095,10
13.0962495804,80.1700134277,28095,28105,10
13.0971403122,80.1700515747,28105,28115,10
13.0980997086,80.1700820923,28115,28126,11
13.0991201401,80.1701431274,28126,28136,10
13.099650383,80.1701202393,28136,28146,10
13.0997104645,80.169921875,28146,28166,20
13.0997104645,80.169921875,28166,28176,10
13.0994596481,80.1696929932,28176,28257,81
13.0994501114,80.1699829102,28257,28549,292
13.0994195938,80.1703109741,28549,28650,101
13.0994195938,80.1703109741,28650,28660,10
13.099029541,80.1702728271,28660,28671,11
13.0984897614,80.1702270508,28671,28681,10
13.0978498459,80.170173645,28681,28691,10
13.0968599319,80.1700897217,28691,28701,10
13.0958795547,80.1699981689,28701,28711,10
13.0951099396,80.1699905396,28711,28721,10
13.0947399139,80.1699523926,28721,28731,10
13.0944595337,80.1699066162,28731,28741,10
13.0940599442,80.169921875,28741,28751,10
13.0934200287,80.1698989868,28751,28761,10
13.0925197601,80.1698379517,28761,28772,11
13.0913200378,80.1697463989,28772,28782,10
13.0903100967,80.1696624756,28782,28792,10
13.089389801,80.1696090698,28792,28802,10
13.0887899399,80.1696166992,28802,28812,10
13.0887298584,80.1699295044,28812,28822,10
13.0886802673,80.170501709,28822,28832,10
13.088640213,80.1712493896,28832,28842,10
13.0886297226,80.1719207764,28842,28852,10
13.0886201859,80.1719970703,28852,28862,10
13.0885896683,80.1723632813,28862,28872,10
13.0885601044,80.1729278564,28872,28883,11
13.08852005,80.1737518311,28883,28893,10
13.088470459,80.1745223999,28893,28903,10
13.0884199142,80.1750793457,28903,28913,10
13.0883998871,80.1756896973,28913,28923,10
13.0883598328,80.1764297485,28923,28933,10
13.0883197784,80.1771087646,28933,28943,10
13.0882997513,80.1776885986,28943,28953,10
13.0882797241,80.1786422729,28953,28973,20
13.0882797241,80.1786422729,28973,28984,11
13.0882701874,80.1790924072,28984,28994,10
13.0882396698,80.1796569824,28994,29004,10
13.0882101059,80.1803665161,29004,29014,10
13.0881900787,80.1812362671,29014,29024,10
13.0881795883,80.1820068359,29024,29034,10
13.088139534,80.1826324463,29034,29044,10
13.0881004333,80.1834030151,29044,29054,10
13.0880403519,80.1843032837,29054,29064,10
13.0880002975,80.185333252,29064,29084,20
13.0880002975,80.185333252,29084,29095,11
13.0879802704,80.1855392456,29095,29105,10
13.0879802704,80.1859588623,29105,29115,10
13.0879898071,80.1866378784,29115,29125,10
13.0879602432,80.1874694824,29125,29135,10
13.0879497528,80.1879577637,29135,29165,30
13.0879497528,80.1879577637,29165,29175,10
13.0879001617,80.188117981,29175,29185,10
13.0879001617,80.1884613037,29185,29196,11
13.0878896713,80.1890869141,29196,29206,10
13.087849617,80.1896972656,29206,29216,10
13.0878400803,80.1897888184,29216,29226,10
13.0878295898,80.1898803711,29226,29236,10
13.0877799988,80.1902923584,29236,29246,10
13.087679863,80.1909713745,29246,29256,10
13.0875501633,80.1918334961,29256,29266,10
13.0874204636,80.1926574707,29266,29276,10
13.0873699188,80.1932983398,29276,29286,10
13.0873603821,80.1940002441,29286,29296,10
13.0873403549,80.1947631836,29296,29307,11
13.0873298645,80.1953887939,29307,29317,10
13.0873203278,80.1959915161,29317,29327,10
13.0873203278,80.1967010498,29327,29337,10
13.0873003006,80.1974105835,29337,29347,10
13.0873003006,80.1978225708,29347,29357,10
13.0873098373,80.1981430054,29357,29367,10
13.087389946,80.1984634399,29367,29377,10
13.0875797272,80.1985015869,29377,29387,10
13.0879898071,80.1984481812,29387,29397,10
13.0884599686,80.1984329224,29397,29408,11
13.0890903473,80.1984634399,29408,29418,10
13.0895795822,80.1984863281,29418,29428,10
13.0901203156,80.1985015869,29428,29438,10
13.0907697678,80.1985702515,29438,29448,10
13.091340065,80.1985931396,29448,29458,10
13.0918903351,80.1986618042,29458,29468,10
13.0925798416,80.1986923218,29468,29478,10
13.093000412,80.1987075806,29478,29488,10
13.0930500031,80.198890686,29488,29498,10
13.0930204391,80.1992492676,29498,29508,10
13.0929498672,80.2004394531,29508,29529,21
13.0929498672,80.2004394531,29529,29539,10
13.0929002762,80.2006607056,29539,29549,10
13.0927000046,80.2006607056,29549,29559,10
13.0922298431,80.2006378174,29559,29569,10
13.0916404724,80.200630188,29569,29579,10
13.0910997391,80.2005996704,29579,29589,10
13.0905599594,80.2005691528,29589,29599,10
13.0899896622,80.2005767822,29599,29608,9
13.0893201828,80.2005615234,29608,29620,12
13.088350296,80.2004623413,29620,29630,10
13.0874996185,80.2004165649,29630,29640,10
13.0869703293,80.2004089355,29640,29650,10
13.0863304138,80.2003936768,29650,29660,10
13.0856304169,80.2003479004,29660,29670,10
13.0853900909,80.200302124,29670,29680,10
13.0853700638,80.1998214722,29680,29690,10
13.0853595734,80.1991424561,29690,29700,10
13.0852003098,80.1986618042,29700,29710,10
13.0847597122,80.1986618042,29710,29720,10
13.084280014,80.198677063,29720,29731,11
13.0840997696,80.1986618042,29731,29741,10
13.0838298798,80.1986694336,29741,29751,10
13.083609581,80.1986694336,29751,29761,10
13.0833997726,80.198638916,29761,29771,10
13.0830497742,80.1986236572,29771,29781,10
13.0826501846,80.1986236572,29781,29791,10
13.082159996,80.1986312866,29791,29801,10
13.0816402435,80.1986618042,29801,29811,10
13.0810699463,80.1986465454,29811,29821,10
13.0804100037,80.1986999512,29821,29832,11
13.0796003342,80.1987762451,29832,29842,10
13.0789003372,80.1988372803,29842,29852,10
13.0781698227,80.1989364624,29852,29862,10
13.0773496628,80.1990280151,29862,29872,10
13.0765104294,80.1991271973,29872,29882,10
13.0756998062,80.1992416382,29882,29892,10
13.074930191,80.1994628906,29892,29902,10
13.0741701126,80.1999664307,29902,29912,10
13.0736904144,80.2005081177,29912,29922,10
13.0735797882,80.2007064819,29922,29932,10
13.07351017,80.2007980347,29932,29943,11
13.0731697083,80.2012023926,29943,29953,10
13.072719574,80.201713562,29953,29963,10
13.0722703934,80.2022476196,29963,29973,10
13.0717201233,80.2028274536,29973,29983,10
13.071149826,80.2034912109,29983,29993,10
13.0705499649,80.2042007446,29993,30003,10
13.0700302124,80.2048873901,30003,30013,10
13.0697002411,80.2050628662,30013,30023,10
13.0693902969,80.2049331665,30023,30033,10
13.0691299438,80.2053527832,30033,30043,10
13.0686798096,80.2054824829,30043,30054,11
13.0680103302,80.2051773071,30054,30084,30
13.0680103302,80.2051773071,30084,30094,10
13.0682601929,80.2049102783,30094,30104,10
13.0685100555,80.2048492432,30104,30114,10
13.0689001083,80.2047195435,30114,30124,10
13.0694198608,80.2046890259,30124,30134,10
13.0697603226,80.204826355,30134,30175,41
13.0697603226,80.204826355,30175,30185,10
13.0698900223,80.2050933838,30185,30195,10
13.0697402954,80.205406189,30195,30205,10
13.0694198608,80.2058868408,30205,30215,10
13.0689897537,80.2065811157,30215,30225,10
13.0685100555,80.2073287964,30225,30235,10
13.0680198669,80.2081832886,30235,30245,10
13.0674495697,80.2090988159,30245,30255,10
13.0667200089,80.2099990845,30255,30266,11
13.0657396317,80.2108612061,30266,30276,10
13.0651397705,80.2113037109,30276,30286,10
13.0651102066,80.2113037109,30286,30296,10
13.0649795532,80.2113494873,30296,30306,10
13.0646295547,80.211479187,30306,30316,10
13.0639095306,80.211730957,30316,30377,61
13.0639095306,80.211730957,30377,30387,10
13.0635099411,80.2116775513,30387,30397,10
13.0629396439,80.211730957,30397,30407,10
13.0623598099,80.2116775513,30407,30417,10
13.0613899231,80.2117767334,30417,30427,10
13.0602703094,80.2117004395,30427,30437,10
13.0592603683,80.2116699219,30437,30447,10
13.0583400726,80.2115707397,30447,30457,10
13.0577001572,80.2116012573,30457,30466,9
13.05768013,80.2115936279,30466,30478,12
13.0572595596,80.2115402222,30478,30488,10
13.0567398071,80.2115631104,30488,30498,10
13.0559902191,80.2115478516,30498,30508,10
13.0551996231,80.2114868164,30508,30518,10
13.0543699265,80.2115631104,30518,30528,10
13.0536298752,80.2116622925,30528,30538,10
13.0526895523,80.212020874,30538,30547,9
13.0519599915,80.2122268677,30547,30558,11
13.0514297485,80.2122116089,30558,30568,10
13.0514001846,80.2121963501,30568,30578,10
13.0511302948,80.2122192383,30578,30589,11
13.0508403778,80.2122802734,30589,30599,10
13.0502195358,80.2121963501,30599,30609,10
13.0500402451,80.2121810913,30609,30619,10
13.049659729,80.2121200562,30619,30639,20
13.049659729,80.2121200562,30639,30649,10
13.0494499207,80.212097168,30649,30659,10
13.0489797592,80.2121276855,30659,30669,10
13.0483198166,80.2121963501,30669,30679,10
13.0475597382,80.2122802734,30679,30690,11
13.0465803146,80.212310791,30690,30700,10
13.045630455,80.212348938,30700,30710,10
13.0450696945,80.212348938,30710,30720,10
13.0448999405,80.2123413086,30720,30730,10
13.0445995331,80.2123565674,30730,30740,10
13.0441703796,80.2123718262,30740,30750,10
13.0435495377,80.2123718262,30750,30760,10
13.042719841,80.2123794556,30760,30770,10
13.0418195724,80.2124023438,30770,30780,10
13.0408096313,80.2123794556,30780,30790,10
13.039899826,80.2123565674,30790,30801,11
13.0390195847,80.2124099731,30801,30811,10
13.0382995605,80.212387085,30811,30821,10
13.0379295349,80.2123794556,30821,30831,10
13.0376596451,80.2124099731,30831,30841,10
13.0371999741,80.2124176025,30841,30851,10
13.0364599228,80.2124023438,30851,30861,10
13.03565979,80.2124023438,30861,30871,10
13.035030365,80.2122879028,30871,30881,10
13.0347204208,80.2122192383,30881,30890,9
13.0343704224,80.2121810913,30890,30912,22
13.0343704224,80.2121810913,30912,30922,10
13.0341901779,80.2121429443,30922,30932,10
13.0339097977,80.2121200562,30932,30942,10
13.0335798264,80.2119979858,30942,30952,10
13.0331201553,80.2118988037,30952,30962,10
13.0324802399,80.2118301392,30962,30972,10
13.0320196152,80.21144104,30972,30982,10
13.0320596695,80.2108917236,30982,30992,10
13.0320901871,80.2103881836,30992,31002,10
13.0321302414,80.2098617554,31002,31013,11
13.0318202972,80.2095718384,31013,31023,10
13.0313301086,80.2094421387,31023,31033,10
13.0304899216,80.2092132568,31033,31063,30
13.0304899216,80.2092132568,31063,31073,10
13.0301704407,80.2091217041,31073,31083,10
13.0298299789,80.2090072632,31083,31093,10
13.0296001434,80.2089309692,31093,31103,10
13.0294504166,80.2089080811,31103,31112,9
13.0290203094,80.2087402344,31112,31124,12
13.0281000137,80.208480835,31124,31134,10
13.0273704529,80.2081298828,31134,31144,10
13.0266399384,80.2076873779,31144,31154,10
13.0258798599,80.2072525024,31154,31164,10
13.0250196457,80.2070007324,31164,31174,10
13.0243797302,80.2068786621,31174,31184,10
13.0242900848,80.2068634033,31184,31194,10
13.0239496231,80.206817627,31194,31204,10
13.0234804153,80.2066802979,31204,31214,10
13.0228300095,80.2065505981,31214,31225,11
13.0219497681,80.2064437866,31225,31235,10
13.0210599899,80.2064590454,31235,31245,10
13.0200500488,80.2064590454,31245,31255,10
13.0191698074,80.206413269,31255,31265,10
13.0190200806,80.2063064575,31265,31275,10
13.0187501907,80.2061920166,31275,31285,10
13.0179796219,80.2058868408,31285,31305,20
13.0179796219,80.2058868408,31305,31315,10
13.0176801682,80.2058105469,31315,31324,9
13.0173196793,80.2056503296,31324,31336,12
13.0168504715,80.2054595947,31336,31346,10
13.016169548,80.2050170898,31346,31356,10
13.0151195526,80.2047805786,31356,31366,10
13.014289856,80.2044906616,31366,31376,10
13.0141601563,80.2044830322,31376,31386,10
13.0140399933,80.2044677734,31386,31396,10
13.0137395859,80.204460144,31396,31406,10
13.0136003494,80.204750061,31406,31416,10
13.0134401321,80.2052612305,31416,31426,10
13.0132303238,80.2060089111,31426,31437,11
13.0129995346,80.207069397,31437,31447,10
13.0129404068,80.2079162598,31447,31457,10
13.0128602982,80.2085037231,31457,31467,10
13.012840271,80.2088165283,31467,31477,10
13.0129098892,80.2092895508,31477,31486,9
13.0131502151,80.2097091675,31486,31497,11
13.0131397247,80.2103805542,31497,31507,10
13.0129699707,80.2111129761,31507,31517,10
13.0126495361,80.211769104,31517,31527,10
13.0122804642,80.2123413086,31527,31537,10
13.0119895935,80.2127380371,31537,31548,11
13.0116901398,80.2126617432,31548,31558,10
13.0112199783,80.212348938,31558,31568,10
13.01060009,80.2119216919,31568,31578,10
13.0101804733,80.2115478516,31578,31588,10
13.0096998215,80.2111587524,31588,31659,71
13.0096998215,80.2111587524,31659,31669,10
13.0093603134,80.2110137939,31669,31679,10
13.009349823,80.2110214233,31679,31689,10
13.0092096329,80.211227417,31689,31699,10
13.0091400146,80.2113265991,31699,31709,10
13.0090904236,80.2116699219,31709,31719,10
13.0091295242,80.2119369507,31719,31729,10
13.0092000961,80.2121963501,31729,31739,10
13.0093097687,80.212562561,31739,31749,10
13.009469986,80.2130126953,31749,31760,11
13.0096702576,80.2135009766,31760,31770,10
13.0098600388,80.2139587402,31770,31780,10
13.0100603104,80.2144317627,31780,31790,10
13.0101900101,80.2150421143,31790,31800,10
13.0102796555,80.2156982422,31800,31810,10
13.0105695724,80.2163619995,31810,31820,10
13.0109395981,80.2171707153,31820,31830,10
13.0112895966,80.2180404663,31830,31840,10
13.0116100311,80.2190322876,31840,31850,10
13.0119495392,80.2200622559,31850,31861,11
13.012260437,80.2210464478,31861,31871,10
13.0123701096,80.2213973999,31871,31880,9
13.0124397278,80.2216415405,31880,31891,11
13.0128097534,80.2221984863,31891,31901,10
13.0133600235,80.2227172852,31901,31911,10
13.0138301849,80.2232589722,31911,31921,10
13.0141601563,80.2237091064,31921,31931,10
13.0146503448,80.2242431641,31931,31941,10
13.0148096085,80.2244262695,31941,31951,10
13.015080452,80.2247009277,31951,31961,10
13.0151700974,80.2247924805,31961,31972,11
13.015370369,80.2251205444,31972,31982,10
13.0154399872,80.2253570557,31982,31992,10
13.0153999329,80.2256164551,31992,32002,10
13.0150499344,80.2258529663,32002,32012,10
13.014380455,80.2261199951,32012,32022,10
13.013589859,80.2264709473,32022,32032,10
13.012840271,80.2267227173,32032,32042,10
13.0118904114,80.2271728516,32042,32052,10
13.0109300613,80.2275924683,32052,32062,10
13.0100603104,80.2278823853,32062,32072,10
13.0095796585,80.2275085449,32072,32083,11
13.0098304749,80.2268600464,32083,32093,10
13.0101604462,80.2260971069,32093,32103,10
13.0105800629,80.2252426147,32103,32113,10
13.0108203888,80.2246932983,32113,32123,10
13.0109300613,80.224319458,32123,32133,10
13.0110197067,80.2241287231,32133,32143,10
13.0111904144,80.2236099243,32143,32153,10
13.0113296509,80.22315979,32153,32163,10
13.010890007,80.2229690552,32163,32173,10
13.010219574,80.2225799561,32173,32183,10
13.0095796585,80.2222213745,32183,32194,11
13.0090904236,80.2219467163,32194,32204,10
13.008649826,80.2217407227,32204,32214,10
13.0081195831,80.2215423584,32214,32224,10
13.0073795319,80.2211227417,32224,32234,10
13.0066699982,80.2206802368,32234,32244,10
13.0058403015,80.2204666138,32244,32254,10
13.0050401688,80.2203674316,32254,32264,10
13.0043296814,80.2202072144,32264,32274,10
13.003660202,80.2199172974,32274,32284,10
13.0030899048,80.2197570801,32284,32295,11
13.0025701523,80.2194824219,32295,32305,10
13.0019302368,80.2189178467,32305,32315,10
13.0011901855,80.2183303833,32315,32325,10
13.0005598068,80.2179107666,32325,32335,10
12.9999198914,80.2175674438,32335,32345,10
12.9990901947,80.2169799805,32345,32355,10
12.9981803894,80.2165603638,32355,32365,10
12.9975595474,80.2164993286,32365,32375,10
12.9975500107,80.2164916992,32375,32385,10
12.9972400665,80.2165298462,32385,32395,10
12.9969596863,80.2165298462,32395,32406,11
12.9965000153,80.2165374756,32406,32416,10
12.9958295822,80.2166671753,32416,32426,10
12.9951601028,80.2170181274,32426,32436,10
12.9945497513,80.2174072266,32436,32446,10
12.9941396713,80.2176513672,32446,32456,10
12.9936599731,80.2180175781,32456,32466,10
12.9930696487,80.218421936,32466,32476,10
12.9924402237,80.2188873291,32476,32486,10
12.9917697906,80.2193069458,32486,32496,10
12.9912595749,80.219367981,32496,32507,11
12.9911699295,80.2193603516,32507,32517,10
12.9906997681,80.2192611694,32517,32527,10
12.9900598526,80.2190093994,32527,32537,10
12.9892501831,80.218711853,32537,32547,10
12.9883899689,80.218421936,32547,32557,10
12.9876203537,80.2183380127,32557,32567,10
12.9871101379,80.21824646,32567,32577,10
12.9865503311,80.2181167603,32577,32587,10
12.985830307,80.2179336548,32587,32597,10
12.9848003387,80.217918396,32597,32607,10
12.9841604233,80.2179489136,32607,32618,11
12.9839601517,80.2180023193,32618,32628,10
12.9835195541,80.2179794312,32628,32638,10
12.9828100204,80.2179794312,32638,32648,10
12.9820203781,80.2179489136,32648,32658,10
12.9811000824,80.218132019,32658,32668,10
12.9802103043,80.2184371948,32668,32678,10
12.9795303345,80.2187271118,32678,32688,10
12.9788398743,80.2190093994,32688,32698,10
12.9784097672,80.2191009521,32698,32708,10
12.9776601791,80.2194366455,32708,32718,10
12.9768199921,80.2198181152,32718,32729,11
12.9759597778,80.2201766968,32729,32739,10
12.9756097794,80.2204818726,32739,32799,60
12.9756097794,80.2204818726,32799,32809,10
12.9756002426,80.2208709717,32809,32961,152
12.9756002426,80.2208709717,32961,32971,10
12.9759101868,80.2209396362,32971,33031,60
12.9760599136,80.2212524414,33031,33829,798
12.9760599136,80.2212524414,33829,33839,10
12.9763698578,80.2213287354,33839,33849,10
12.9766902924,80.221321106,33849,33859,10
12.9771604538,80.2212982178,33859,33869,10
12.9777202606,80.2212524414,33869,33879,10
12.9783096313,80.2211914063,33879,33889,10
12.9788398743,80.2211608887,33889,33899,10
12.9792299271,80.2211303711,33899,33910,11
12.9797096252,80.2210998535,33910,33920,10
12.9801902771,80.2210617065,33920,33930,10
12.980799675,80.220993042,33930,33940,10
12.9814596176,80.221206665,33940,33950,10
12.9819002151,80.221496582,33950,33960,10
12.9822301865,80.2217102051,33960,33970,10
12.9825000763,80.2218017578,33970,33980,10
12.9825296402,80.2218093872,33980,33990,10
12.98279953,80.2219161987,33990,34000,10
12.9829101563,80.2219696045,34000,34010,10
12.9830703735,80.2220611572,34010,34021,11
12.9833803177,80.2222290039,34021,34031,10
12.9836597443,80.2223892212,34031,34041,10
12.9840097427,80.2225799561,34041,34051,10
12.9842996597,80.2227630615,34051,34061,10
12.984749794,80.2229690552,34061,34071,10
12.985250473,80.22315979,34071,34081,10
12.9856300354,80.2229766846,34081,34091,10
12.9862003326,80.2228927612,34091,34101,10
12.9865903854,80.22290802,34101,34110,9
12.9866504669,80.2229232788,34110,34122,12
12.9871101379,80.2230072021,34122,34132,10
12.9877500534,80.2229995728,34132,34142,10
12.9884300232,80.2225723267,34142,34152,10
12.9890298843,80.2219619751,34152,34162,10
12.9896097183,80.2212524414,34162,34172,10
12.9902801514,80.2205276489,34172,34182,10
12.9905595779,80.2203216553,34182,34192,10
12.9907598495,80.2201385498,34192,34202,10
12.9912004471,80.2198104858,34202,34212,10
12.9917602539,80.2194137573,34212,34222,10
12.9923200607,80.21900177,34222,34233,11
12.9929304123,80.2185516357,34233,34243,10
12.9931697845,80.2183532715,34243,34293,50
12.9934997559,80.2181167603,34293,34313,20
12.9934997559,80.2181167603,34313,34323,10
12.9936800003,80.2180099487,34323,34333,10
12.9938097,80.2179336548,34333,34344,11
12.9939699173,80.2177963257,34344,34354,10
12.9941301346,80.217666626,34354,34364,10
12.9942502975,80.2175674438,34364,34374,10
12.9945201874,80.2173919678,34374,34384,10
12.9948596954,80.2171478271,34384,34394,10
12.9952001572,80.2169189453,34394,34404,10
12.9956502914,80.2166824341,34404,34414,10
12.9958400726,80.2166137695,34414,34424,10
12.9960603714,80.216583252,34424,34434,10
12.9962902069,80.2165374756,34434,34445,11
12.9965295792,80.2165222168,34445,34455,10
12.9968395233,80.2164764404,34455,34465,10
12.9974298477,80.2162017822,34465,34485,20
12.9974298477,80.2162017822,34485,34495,10
12.9975700378,80.2161026001,34495,34505,10
12.997879982,80.2158432007,34505,34515,10
12.9983196259,80.215461731,34515,34525,10
12.9988498688,80.2150115967,34525,34535,10
12.9992198944,80.2146835327,34535,34545,10
12.9995603561,80.2143936157,34545,34556,11
13.0000295639,80.2139892578,34556,34566,10
13.0004501343,80.2135925293,34566,34576,10
13.0009298325,80.213180542,34576,34586,10
13.0013303757,80.2128601074,34586,34596,10
13.0017595291,80.2125396729,34596,34606,10
13.0022697449,80.2122268677,34606,34616,10
13.0027999878,80.2120819092,34616,34626,10
13.0032997131,80.2120513916,34626,34636,10
13.0036897659,80.2119369507,34636,34646,10
13.0037298203,80.2118988037,34646,34656,10
13.0037698746,80.2116317749,34656,34667,11
13.0037498474,80.2112808228,34667,34677,10
13.0037097931,80.2107696533,34677,34687,10
13.0036401749,80.2102890015,34687,34697,10
13.0035800934,80.2098007202,34697,34707,10
13.0036096573,80.2092971802,34707,34717,10
13.0037403107,80.208732605,34717,34727,10
13.0043497086,80.208732605,34727,34737,10
13.005200386,80.2091217041,34737,34747,10
13.0059204102,80.2094116211,34747,34757,10
13.0065498352,80.2095870972,34757,34769,12
13.0072097778,80.2097473145,34769,34789,20
13.0072097778,80.2097473145,34789,34799,10
13.0075302124,80.2098617554,34799,34809,10
13.0078697205,80.2099304199,34809,34819,10
13.0081501007,80.2099380493,34819,34829,10
13.008099556,80.2095413208,34829,34839,10
13.0079498291,80.2089080811,34839,34849,10
13.0078401566,80.2080688477,34849,34859,10
13.0076999664,80.2071533203,34859,34869,10
13.0075597763,80.2061920166,34869,34880,11
13.0074796677,80.2051773071,34880,34890,10
13.0074901581,80.2044219971,34890,34900,10
13.0074501038,80.2037200928,34900,34910,10
13.0073003769,80.2028503418,34910,34920,10
13.0067195892,80.202583313,34920,34930,10
13.0066204071,80.203163147,34930,34940,10
13.0071296692,80.2035217285,34940,34950,10
13.0078296661,80.2036895752,34950,34960,10
13.0086698532,80.2036590576,34960,34970,10
13.0096597672,80.2035980225,34970,34979,9
13.0106601715,80.2035980225,34979,34991,12
13.012049675,80.2037506104,34991,35001,10
13.0128898621,80.2039031982,35001,35011,10
13.013250351,80.2039794922,35011,35021,10
13.0132703781,80.2039871216,35021,35031,10
13.0135803223,80.2040710449,35031,35041,10
13.0139303207,80.2042236328,35041,35051,10
13.0144901276,80.2044219971,35051,35061,10
13.0150299072,80.2045974731,35061,35071,10
13.0150403976,80.2045974731,35071,35081,10
13.0152997971,80.2047119141,35081,35092,11
13.0156803131,80.2049407959,35092,35102,10
13.0162801743,80.2052078247,35102,35112,10
13.016699791,80.2053375244,35112,35122,10
13.0170898438,80.2054824829,35122,35132,10
13.0177097321,80.2055892944,35132,35142,10
13.0182504654,80.2057800293,35142,35152,10
13.0186500549,80.2059402466,35152,35162,10
13.0186595917,80.2059402466,35162,35172,10
13.0190401077,80.2060928345,35172,35182,10
13.0196399689,80.2062301636,35182,35192,10
13.020409584,80.2062606812,35192,35203,11
13.0213403702,80.206237793,35203,35213,10
13.021900177,80.2062911987,35213,35223,10
13.0225496292,80.2064666748,35223,35233,10
13.0233697891,80.2066116333,35233,35243,10
13.0240602493,80.2066574097,35243,35253,10
13.0243797302,80.2067184448,35253,35263,10
13.0245103836,80.2067565918,35263,35273,10
13.0249300003,80.2068710327,35273,35283,10
13.0257101059,80.2070770264,35283,35293,10
13.0265102386,80.2074813843,35293,35303,10
13.0273399353,80.2079620361,35303,35314,11
13.0283203125,80.2084579468,35314,35324,10
13.0292100906,80.2087173462,35324,35334,10
13.0299196243,80.2088699341,35334,35344,10
13.0305995941,80.2090377808,35344,35354,10
13.0313196182,80.2092514038,35354,35364,10
13.0317001343,80.2093582153,35364,35374,10
13.0317802429,80.2094268799,35374,35384,10
13.0321302414,80.2095489502,35384,35394,10
13.032790184,80.2096405029,35394,35404,10
13.0335102081,80.2098236084,35404,35415,11
13.0343999863,80.2099685669,35415,35425,10
13.0347003937,80.2100601196,35425,35435,10
13.0349597931,80.2101211548,35435,35445,10
13.0350503922,80.2102737427,35445,35455,10
13.0349998474,80.2104187012,35455,35465,10
13.0349903107,80.2104263306,35465,35475,10
13.0349597931,80.2109222412,35475,35485,10
13.0349903107,80.2112579346,35485,35526,41
13.0349903107,80.2112579346,35526,35536,10
13.0349597931,80.2116775513,35536,35546,10
13.0349397659,80.2119369507,35546,35556,10
13.0349502563,80.2120666504,35556,35566,10
13.0351295471,80.2122192383,35566,35606,40
13.0351295471,80.2122192383,35606,35616,10
13.0354204178,80.2123031616,35616,35626,10
13.035779953,80.2123031616,35626,35637,11
13.036239624,80.2123031616,35637,35647,10
13.0367603302,80.212310791,35647,35657,10
13.0371398926,80.2123031616,35657,35667,10
13.0373096466,80.2123031616,35667,35677,10
13.0376996994,80.212310791,35677,35687,10
13.0383796692,80.2122879028,35687,35697,10
13.0391998291,80.212272644,35697,35707,10
13.0400800705,80.2122497559,35707,35717,10
13.0411701202,80.2122421265,35717,35727,10
13.0422296524,80.2122421265,35727,35738,11
13.0431995392,80.2122268677,35738,35758,20
13.0431995392,80.2122268677,35758,35768,10
13.0434999466,80.2122192383,35768,35778,10
13.0437898636,80.2122192383,35778,35788,10
13.0440301895,80.2122268677,35788,35798,10
13.0445098877,80.2121963501,35798,35808,10
13.0452003479,80.2121810913,35808,35818,10
13.0460100174,80.2121734619,35818,35828,10
13.0469503403,80.2121429443,35828,35838,10
13.0476198196,80.2121124268,35838,35849,11
13.04804039,80.2120819092,35849,35859,10
13.048330307,80.2120666504,35859,35869,10
13.0484399796,80.2120666504,35869,35879,10
13.0486402512,80.2120437622,35879,35889,10
13.0486803055,80.2120437622,35889,35899,10
13.0488395691,80.212020874,35899,35919,20
13.0488395691,80.212020874,35919,35929,10
13.0491695404,80.2120132446,35929,35939,10
13.0493803024,80.212020874,35939,35949,10
13.0495195389,80.212020874,35949,35960,11
13.0496702194,80.2119903564,35960,35970,10
13.0498600006,80.2119598389,35970,35980,10
13.0499401093,80.2119522095,35980,35990,10
13.050239563,80.2119903564,35990,36000,10
13.050740242,80.2120666504,36000,36010,10
13.0514202118,80.212059021,36010,36020,10
13.0524501801,80.2118835449,36020,36030,10
13.0533599854,80.2116622925,36030,36040,10
13.0543203354,80.2114105225,36040,36060,20
13.0543203354,80.2114105225,36060,36071,11
13.0546503067,80.2114105225,36071,36081,10
13.0551700592,80.2114486694,36081,36091,10
13.0559797287,80.2114562988,36091,36101,10
13.0570402145,80.21144104,36101,36111,10
13.0581798553,80.21144104,36111,36121,10
13.0592298508,80.2114486694,36121,36131,10
13.0601596832,80.2114715576,36131,36141,10
13.0612602234,80.2115325928,36141,36151,10
13.0622301102,80.2116699219,36151,36161,10
13.063249588,80.2115325928,36161,36172,11
13.0634002686,80.2115402222,36172,36182,10
13.0637998581,80.2115020752,36182,36192,10
13.064450264,80.2113723755,36192,36202,10
13.0651798248,80.2109832764,36202,36212,10
13.065990448,80.2103500366,36212,36222,10
13.0668201447,80.2096176147,36222,36232,10
13.0674295425,80.2087478638,36232,36242,10
13.0679798126,80.2078781128,36242,36252,10
13.0684995651,80.2070999146,36252,36262,10
13.069029808,80.2062911987,36262,36272,10
13.0695400238,80.2053604126,36272,36303,31
13.0695400238,80.2053604126,36303,36313,10
13.0696697235,80.2050094604,36313,36323,10
13.0695199966,80.2048110962,36323,36333,10
13.0692396164,80.2049484253,36333,36343,10
13.0690002441,80.2052993774,36343,36353,10
13.0687799454,80.2051467896,36353,36394,41
13.0687799454,80.2051467896,36394,36404,10
13.0687503815,80.2048034668,36404,36414,10
13.0689897537,80.2046890259,36414,36424,10
13.0694599152,80.2047271729,36424,36434,10
13.0697803497,80.2047805786,36434,36444,10
13.0699596405,80.2046813965,36444,36454,10
13.0702600479,80.2043228149,36454,36464,10
13.070690155,80.2037963867,36464,36474,10
13.0711803436,80.2032165527,36474,36483,9
13.0716400146,80.2026824951,36483,36495,12
13.0722103119,80.202003479,36495,36505,10
13.0725698471,80.2015914917,36505,36515,10
13.0729799271,80.2011184692,36515,36525,10
13.0732097626,80.200843811,36525,36535,10
13.0734996796,80.2005233765,36535,36545,10
13.0738801956,80.2000732422,36545,36555,10
13.0742301941,80.1996688843,36555,36565,10
13.0743103027,80.1996002197,36565,36575,10
13.0744104385,80.1995391846,36575,36585,10
13.0747003555,80.1992721558,36585,36594,9
13.0752000809,80.1990814209,36594,36606,12
13.0760698318,80.1990203857,36606,36616,10
13.0769901276,80.19896698,36616,36626,10
13.0779104233,80.1988601685,36626,36636,10
13.078909874,80.1987304688,36636,36646,10
13.0798902512,80.1986465454,36646,36656,10
13.080739975,80.1985778809,36656,36666,10
13.0814800262,80.1985397339,36666,36676,10
13.082159996,80.1984786987,36676,36686,10
13.0826702118,80.1984176636,36686,36696,10
13.0830202103,80.1984405518,36696,36707,11
13.0835399628,80.1984329224,36707,36717,10
13.0840101242,80.1984405518,36717,36727,10
13.0843696594,80.1984634399,36727,36737,10
13.0844097137,80.1984710693,36737,36747,10
13.0847597122,80.1985321045,36747,36757,10
13.0849704742,80.1985092163,36757,36767,10
13.0851602554,80.1984786987,36767,36777,10
13.0853796005,80.1984786987,36777,36787,10
13.0857200623,80.1985473633,36787,36797,10
13.0863199234,80.1984863281,36797,36807,10
13.0869102478,80.1984329224,36807,36818,11
13.087100029,80.1981811523,36818,36828,10
13.0871200562,80.1978988647,36828,36838,10
13.0871200562,80.1978225708,36838,36848,10
13.0871400833,80.1974334717,36848,36858,10
13.0871601105,80.196762085,36858,36868,10
13.0871801376,80.1959381104,36868,36878,10
13.0871896744,80.1950912476,36878,36888,10
13.0871801376,80.194190979,36888,36898,10
13.0872097015,80.1929473877,36898,36929,31
13.0872097015,80.1929473877,36929,36939,10
13.0872602463,80.1927185059,36939,36951,12
13.0873098373,80.1923370361,36951,36961,10
13.0873804092,80.1918182373,36961,36971,10
13.0874595642,80.1911697388,36971,36981,10
13.0875997543,80.1902999878,36981,36991,10
13.0877103806,80.1890029907,36991,37011,20
13.0877103806,80.1890029907,37011,37021,10
13.0877199173,80.1887130737,37021,37032,11
13.0877304077,80.1882476807,37032,37072,40
13.0877304077,80.1882476807,37072,37082,10
13.0877399445,80.1879577637,37082,37092,10
13.0877504349,80.1875991821,37092,37102,10
13.0877799988,80.1869735718,37102,37112,10
13.0878000259,80.1862106323,37112,37122,10
13.0878295898,80.1854629517,37122,37132,10
13.0878801346,80.1845321655,37132,37143,11
13.0879001617,80.1835327148,37143,37153,10
13.0879602432,80.1825637817,37153,37163,10
13.0880002975,80.1817474365,37163,37173,10
13.088060379,80.1808929443,37173,37183,10
13.0880699158,80.1798782349,37183,37223,40
13.0880699158,80.1798782349,37223,37233,10
13.088139534,80.1796188354,37233,37244,11
13.0881595612,80.1794891357,37244,37254,10
13.088139534,80.1791229248,37254,37264,10
13.0880899429,80.1787872314,37264,37274,10
13.0881004333,80.1787109375,37274,37284,10
13.0880899429,80.1783828735,37284,37294,10
13.0881099701,80.1778717041,37294,37304,10
13.0880804062,80.1773071289,37304,37314,10
13.0881204605,80.1769332886,37314,37324,10
13.0881795883,80.1763381958,37324,37334,10
13.0882396698,80.17552948,37334,37344,10
13.0882797241,80.1748123169,37344,37355,11
13.088350296,80.1740188599,37355,37365,10
13.0883998871,80.1731567383,37365,37375,10
13.0884399414,80.1723403931,37375,37385,10
13.0884599686,80.1717987061,37385,37395,10
13.0884599686,80.1717910767,37395,37405,10
13.0885095596,80.1714172363,37405,37415,10
13.0885696411,80.1707382202,37415,37455,40
13.0885696411,80.1707382202,37455,37466,11
13.0886096954,80.1705780029,37466,37476,10
13.0886297226,80.1701889038,37476,37486,10
13.0886297226,80.1697998047,37486,37556,70
13.0886297226,80.1697998047,37556,37567,11
13.0886297226,80.1696624756,37567,37577,10
13.0888299942,80.169418335,37577,37587,10
13.0892801285,80.1694564819,37587,37597,10
13.0900297165,80.1695175171,37597,37607,10
13.0909204483,80.1695709229,37607,37617,10
13.091799736,80.1696395874,37617,37627,10
13.0925703049,80.1696624756,37627,37637,10
13.0933599472,80.1696777344,37637,37647,10
13.0942802429,80.1697006226,37647,37657,10
13.0947599411,80.1698226929,37657,37667,10
13.0950498581,80.1698532104,37667,37678,11
13.0955896378,80.1698913574,37678,37688,10
13.0963897705,80.169921875,37688,37698,10
13.0972795486,80.169960022,37698,37708,10
13.0981903076,80.1699829102,37708,37718,10
13.0991401672,80.1700363159,37718,37728,10
13.0996999741,80.1697387695,37728,37768,40
13.0996999741,80.1697387695,37768,37778,10
13.0995101929,80.169593811,37778,37789,11
13.0993900299,80.1699676514,37789,37980,191
13.0993299484,80.1701583862,37980,38768,788
13.0993299484,80.1701583862,38768,38778,10
13.0990800858,80.1702880859,38778,38788,10
13.098739624,80.170249939,38788,38798,10
13.0981998444,80.170211792,38798,38808,10
13.0976200104,80.1701583862,38808,38818,10
13.0967798233,80.1700897217,38818,38828,10
13.0958499908,80.1699981689,38828,38838,10
13.0949001312,80.1699066162,38838,38858,20
13.0949001312,80.1699066162,38858,38869,11
13.0945501328,80.1698913574,38869,38879,10
13.094209671,80.169883728,38879,38889,10
13.0936899185,80.1698684692,38889,38899,10
13.0930299759,80.1698303223,38899,38909,10
13.0922203064,80.1697769165,38909,38919,10
13.0914201736,80.1697235107,38919,38929,10
13.0906095505,80.1696777344,38929,38939,10
13.0897798538,80.1696090698,38939,38949,10
13.0889396667,80.1695709229,38949,38959,10
13.0887203217,80.1698608398,38959,38969,10
13.0887002945,80.1703109741,38969,38980,11
13.0886602402,80.1709213257,38980,38990,10
13.088640213,80.1713180542,38990,39000,10
13.0886201859,80.1718292236,39000,39010,10
13.0886201859,80.1718826294,39010,39020,10
13.0885696411,80.1721572876,39020,39030,10
13.0885400772,80.1726226807,39030,39040,10
13.0885095596,80.1733627319,39040,39050,10
13.0884504318,80.1741714478,39050,39061,11
13.0883903503,80.1748809814,39061,39071,10
13.088350296,80.1755599976,39071,39082,11
13.0882997513,80.1763916016,39082,39090,8
13.0882701874,80.1768722534,39090,39102,12
13.0882797241,80.1773605347,39102,39110,8
13.0882701874,80.1778793335,39110,39122,12
13.088259697,80.1785736084,39122,39132,10
13.0882501602,80.1787033081,39132,39141,9
13.0882701874,80.1792602539,39141,39193,52
13.0882701874,80.1792602539,39193,39201,8
13.0882301331,80.1795883179,39201,39213,12
13.0882101059,80.1802520752,39213,39223,10
13.0881996155,80.1809463501,39223,39231,8
13.0881700516,80.181602478,39231,39241,10
13.0881099701,80.1824111938,39241,39253,12
13.0880699158,80.1834564209,39253,39263,10
13.0880298615,80.1843795776,39263,39273,10
13.0880203247,80.1852035522,39273,39293,20
13.0880203247,80.1852035522,39293,39304,11
13.0880002975,80.185333252,39304,39314,10
13.0879898071,80.1857070923,39314,39324,10
13.08796978,80.1863632202,39324,39334,10
13.0879497528,80.187171936,39334,39344,10
13.0879297256,80.187789917,39344,39374,30
13.0879297256,80.187789917,39374,39384,10
13.0878896713,80.1881637573,39384,39394,10
13.0878601074,80.1886901855,39394,39405,11
13.0878400803,80.1894836426,39405,39415,10
13.0878200531,80.1897964478,39415,39425,10
13.0877895355,80.1899108887,39425,39435,10
13.0877199173,80.1903381348,39435,39445,10
13.0876302719,80.1910095215,39445,39455,10
13.0875301361,80.1917190552,39455,39465,10
13.0874900818,80.1922531128,39465,39475,10
13.0874595642,80.1925506592,39475,39485,10
13.0874099731,80.192817688,39485,39495,10
13.0873699188,80.1930236816,39495,39505,10
13.0873699188,80.1934509277,39505,39516,11
13.0873603821,80.1941986084,39516,39526,10
13.0873403549,80.1949691772,39526,39536,10
13.0873098373,80.1957321167,39536,39546,10
13.0872898102,80.1965103149,39546,39556,10
13.087269783,80.1972732544,39556,39566,10
13.0872402191,80.1977920532,39566,39576,10
13.0873003006,80.1983032227,39576,39586,10
13.0875101089,80.1984634399,39586,39596,10
13.0879201889,80.1984481812,39596,39606,10
13.0885000229,80.1984176636,39606,39615,9
13.0890398026,80.1984100342,39615,39627,12
13.089679718,80.1984405518,39627,39637,10
13.0902996063,80.1984786987,39637,39647,10
13.0910301208,80.1985397339,39647,39657,10
13.0916996002,80.1986083984,39657,39667,10
13.0923404694,80.1986312866,39667,39677,10
13.0929098129,80.1986465454,39677,39687,10
13.0929803848,80.1987915039,39687,39697,10
13.0929803848,80.199180603,39697,39707,10
13.0929203033,80.199836731,39707,39717,10
13.0928096771,80.2005004883,39717,39727,10
13.0925502777,80.2005691528,39727,39738,11
13.0919599533,80.2005767822,39738,39748,10
13.0911998749,80.2005691528,39748,39758,10
13.0903396606,80.2005691528,39758,39768,10
13.0894002914,80.2005386353,39768,39778,10
13.0883398056,80.2004776001,39778,39788,10
13.0873498917,80.2004394531,39788,39798,10
13.0865097046,80.2004013062,39798,39808,10
13.0858602524,80.200378418,39808,39818,10
13.0855302811,80.2003707886,39818,39828,10
13.0853300095,80.2002410889,39828,39839,11
13.0853395462,80.1998214722,39839,39849,10
13.0853204727,80.1992034912,39849,39859,10
13.0851898193,80.1987533569,39859,39869,10
13.0848903656,80.1987228394,39869,39879,10
13.084400177,80.1987228394,39879,39889,10
13.0843400955,80.1987228394,39889,39899,10
13.0840301514,80.1986999512,39899,39909,10
13.0831699371,80.1987075806,39909,39950,41
13.0831699371,80.1987075806,39950,39960,10
13.0828695297,80.1986618042,39960,39970,10
13.0824899673,80.1986465454,39970,39980,10
13.081870079,80.1986694336,39980,39990,10
13.0811395645,80.1986618042,39990,40000,10
13.0803804398,80.1987228394,40000,40010,10
13.0795297623,80.1987991333,40010,40020,10
13.0790500641,80.1988372803,40020,40030,10
13.0786399841,80.198890686,40030,40040,10
13.0779399872,80.1989593506,40040,40050,10
13.0770902634,80.1990585327,40050,40061,11
13.0760698318,80.199180603,40061,40071,10
13.0751304626,80.1993713379,40071,40081,10
13.0742397308,80.1998596191,40081,40091,10
13.0735797882,80.2005462646,40091,40102,11
13.0734100342,80.2008209229,40102,40112,10
13.0730199814,80.2012710571,40112,40122,10
13.0725297928,80.2018585205,40122,40132,10
13.0719804764,80.2024536133,40132,40142,10
13.0713701248,80.203163147,40142,40150,8
13.0708398819,80.2037734985,40150,40163,13
13.0700397491,80.2047805786,40163,40171,8
13.0697402954,80.2050323486,40171,40181,10
13.0693702698,80.2048797607,40181,40193,12
13.0689697266,80.2052993774,40193,40203,10
13.06828022,80.2053909302,40203,40213,10
13.067990303,80.2052078247,40213,40252,39
13.067990303,80.2052078247,40252,40263,11
13.0681295395,80.2049713135,40263,40274,11
13.0684604645,80.2048721313,40274,40284,10
13.0689601898,80.2046966553,40284,40294,10
13.0692901611,80.2046737671,40294,40304,10
13.0695104599,80.2047119141,40304,40314,10
13.0697898865,80.2049102783,40314,40324,10
13.0696802139,80.2053604126,40324,40334,10
13.0692901611,80.2060089111,40334,40344,10
13.0688199997,80.2067718506,40344,40354,10
13.0683097839,80.2075881958,40354,40362,8
13.0679197311,80.2082824707,40362,40372,10
13.0675897598,80.2088317871,40372,40385,13
13.0669698715,80.2096786499,40385,40395,10
13.0662698746,80.210319519,40395,40405,10
13.065489769,80.2109603882,40405,40415,10
13.0650701523,80.2112579346,40415,40425,10
13.0649499893,80.2113037109,40425,40435,10
13.0645503998,80.2114868164,40435,40445,10
13.0638799667,80.2116775513,40445,40455,10
13.0631799698,80.2117385864,40455,40465,10
13.0624904633,80.2117919922,40465,40475,10
13.0619401932,80.211807251,40475,40486,11
13.0609798431,80.2117614746,40486,40496,10
13.0600099564,80.211730957,40496,40506,10
13.0592403412,80.2117004395,40506,40516,10
13.0587396622,80.2116775513,40516,40526,10
13.0584402084,80.2116775513,40526,40536,10
13.0581102371,80.2116394043,40536,40546,10
13.0577602386,80.2116317749,40546,40556,10
13.0574102402,80.2116165161,40556,40566,10
13.0568399429,80.2116012573,40566,40576,10
13.0560998917,80.2115783691,40576,40586,10
13.0553398132,80.2115478516,40586,40597,11
13.0545396805,80.2115478516,40597,40607,10
13.0538902283,80.2116775513,40607,40617,10
13.0533399582,80.2118377686,40617,40627,10
13.0527696609,80.2120513916,40627,40637,10
13.0521802902,80.2121963501,40637,40647,10
13.0518503189,80.2122116089,40647,40657,10
13.0518198013,80.2121963501,40657,40667,10
13.0516004562,80.2121734619,40667,40677,10
13.0513000488,80.2121734619,40677,40687,10
13.0510196686,80.2121582031,40687,40697,10
13.0498399734,80.2121734619,40697,40728,31
13.0498399734,80.2121734619,40728,40738,10
13.049539566,80.2121276855,40738,40748,10
13.0491199493,80.2121734619,40748,40758,10
13.0484600067,80.2122192383,40758,40768,10
13.0477600098,80.2122879028,40768,40778,10
13.0468301773,80.2123413086,40778,40788,10
13.0459299088,80.2124176025,40788,40798,10
13.0452604294,80.2124176025,40798,40809,11
13.0450601578,80.2124404907,40809,40819,10
13.0447702408,80.2124710083,40819,40829,10
13.0444898605,80.2124481201,40829,40839,10
13.0438404083,80.2124099731,40839,40849,10
13.0430603027,80.2124023438,40849,40859,10
13.0422801971,80.2124176025,40859,40869,10
13.0414600372,80.2124633789,40869,40879,10
13.0403404236,80.2124481201,40879,40889,10
13.0393400192,80.2124404907,40889,40899,10
13.0384197235,80.2124710083,40899,40930,31
13.0384197235,80.2124710083,40930,40940,10
13.0381097794,80.2124710083,40940,40950,10
13.0376501083,80.2124633789,40950,40960,10
13.0371198654,80.2124328613,40960,40970,10
13.0364999771,80.2124023438,40970,40980,10
13.0360603333,80.2124099731,40980,40990,10
13.0360202789,80.2124099731,40990,41000,10
13.0358896255,80.212387085,41000,41010,10
13.0357398987,80.2123794556,41010,41020,10
13.0357303619,80.2123794556,41020,41031,11
13.0352802277,80.2123336792,41031,41041,10
13.0346498489,80.2122421265,41041,41061,20
13.0346498489,80.2122421265,41061,41071,10
13.0344200134,80.2121887207,41071,41081,10
13.0342302322,80.2121429443,41081,41091,10
13.0339403152,80.212097168,41091,41101,10
13.0336799622,80.212020874,41101,41111,10
13.0330896378,80.2119216919,41111,41121,10
13.0322999954,80.2118225098,41121,41131,10
13.0320301056,80.2113723755,41131,41142,11
13.0320997238,80.2106399536,41142,41152,10
13.0320997238,80.2100601196,41152,41162,10
13.0320100784,80.2097930908,41162,41172,10
13.0315599442,80.2095794678,41172,41182,10
13.0306196213,80.209312439,41182,41203,21
13.0306196213,80.209312439,41203,41213,10
13.030500412,80.2092590332,41213,41222,9
13.0302200317,80.2091827393,41222,41233,11
13.0296897888,80.209022522,41233,41244,11
13.029009819,80.2088165283,41244,41252,8
13.0283098221,80.2086334229,41252,41264,12
13.0271997452,80.2081069946,41264,41274,10
13.0263700485,80.207611084,41274,41284,10
13.0255498886,80.2071762085,41284,41293,9
13.0247898102,80.206993103,41293,41303,10
13.0244398117,80.2069320679,41303,41314,11
13.0237903595,80.2068099976,41314,41324,10
13.0229797363,80.2066497803,41324,41333,9
13.0216798782,80.2064819336,41333,41344,11
13.0216798782,80.2064819336,41344,41355,11
13.0210399628,80.2064971924,41355,41363,8
13.0203800201,80.206489563,41363,41372,9
13.0196800232,80.2064590454,41372,41385,13
13.0193300247,80.2064208984,41385,41395,10
13.0189800262,80.2063064575,41395,41405,10
13.0183401108,80.2061233521,41405,41415,10
13.0177202225,80.2058563232,41415,41425,10
13.0172796249,80.205657959,41425,41433,8
13.0168504715,80.2055206299,41433,41445,12
13.0158596039,80.2051620483,41445,41455,10
13.0148496628,80.2048416138,41455,41466,11
13.0140600204,80.2046127319,41466,41476,10
13.0137996674,80.2044677734,41476,41496,20
13.0137996674,80.2044677734,41496,41506,10
13.0135498047,80.2044525146,41506,41516,10
13.0134801865,80.2047805786,41516,41526,10
13.0133399963,80.2053527832,41526,41536,10
13.0131797791,80.2060623169,41536,41546,10
13.0130796432,80.2068634033,41546,41556,10
13.0129699707,80.2075195313,41556,41567,11
13.0128097534,80.2079696655,41567,41577,10
13.0127801895,80.2083969116,41577,41587,10
13.0128498077,80.2089004517,41587,41597,10
13.0130596161,80.2095489502,41597,41607,10
13.0132303238,80.2100296021,41607,41617,10
13.0131397247,80.2107086182,41617,41627,10
13.0128202438,80.2114028931,41627,41637,10
13.0125598907,80.2118988037,41637,41646,9
13.0122299194,80.2123565674,41646,41657,11
13.0119800568,80.2126617432,41657,41667,10
13.0116796494,80.212638855,41667,41678,11
13.0111904144,80.212348938,41678,41688,10
13.0107002258,80.2119522095,41688,41698,10
13.0103397369,80.2117462158,41698,41708,10
13.0100603104,80.2115783691,41708,41718,10
13.0099401474,80.211479187,41718,41728,10
13.0095796585,80.21118927,41728,41768,40
13.0095796585,80.21118927,41768,41779,11
13.0091295242,80.2113876343,41779,41789,10
13.0090904236,80.2116470337,41789,41799,10
13.0091695786,80.2119598389,41799,41829,30
13.0091695786,80.2119598389,41829,41839,10
13.0092697144,80.2124404907,41839,41849,10
13.0093297958,80.212600708,41849,41859,10
13.0094299316,80.2128829956,41859,41869,10
13.0095996857,80.2133483887,41869,41879,10
13.0098104477,80.2138519287,41879,41890,11
13.0100498199,80.2144699097,41890,41900,10
13.0101804733,80.2153015137,41900,41910,10
13.0104799271,80.2162475586,41910,41920,10
13.0109796524,80.2173309326,41920,41930,10
13.0114898682,80.2184371948,41930,41940,10
13.0119104385,80.2197494507,41940,41950,10
13.0122404099,80.2209396362,41950,41960,10
13.0125102997,80.2215499878,41960,41970,10
13.0130195618,80.2222595215,41970,41980,10
13.0135097504,80.2227706909,41980,41989,9
13.0139102936,80.223197937,41989,42001,12
13.0145301819,80.2238616943,42001,42011,10
13.0150499344,80.2245788574,42011,42021,10
13.01541996,80.2250900269,42021,42031,10
13.0154399872,80.2251281738,42031,42041,10
13.0153999329,80.2255401611,42041,42051,10
13.0150499344,80.2258300781,42051,42071,20
13.0150499344,80.2258300781,42071,42081,10
13.0147800446,80.226020813,42081,42091,10
13.0143098831,80.2262115479,42091,42101,10
13.0136604309,80.2264633179,42101,42112,11
13.0129203796,80.2267608643,42112,42124,12
13.0120000839,80.2270965576,42124,42134,10
13.0111703873,80.2274169922,42134,42144,10
13.0102701187,80.2277603149,42144,42152,8
13.0096702576,80.2278594971,42152,42164,12
13.0096998215,80.227180481,42164,42172,8
13.0099802017,80.2265777588,42172,42184,12
13.0104904175,80.2256317139,42184,42194,10
13.010840416,80.224822998,42194,42204,10
13.0110902786,80.2241210938,42204,42215,11
13.0113201141,80.2234191895,42215,42225,10
13.0108995438,80.2231521606,42225,42235,10
13.0101995468,80.2227706909,42235,42245,10
13.0094995499,80.2223434448,42245,42255,10
13.0086698532,80.2218704224,42255,42265,10
13.0078201294,80.2214279175,42265,42273,8
13.0070800781,80.2210769653,42273,42285,12
13.0059995651,80.2206268311,42285,42293,8
13.0051803589,80.2204589844,42293,42302,9
13.0044002533,80.2202987671,42302,42313,11
13.0033397675,80.2200698853,42313,42326,13
13.0022697449,80.2194824219,42326,42336,10
13.0017204285,80.2189788818,42336,42346,10
13.0011701584,80.2184371948,42346,42356,10
13.0006103516,80.2179718018,42356,42366,10
12.9999904633,80.2175979614,42366,42373,7
12.9994602203,80.2172775269,42373,42386,13
12.9984397888,80.2167816162,42386,42396,10
12.9975299835,80.2166213989,42396,42406,10
12.9973201752,80.2165908813,42406,42416,10
12.9968900681,80.2166213989,42416,42426,10
12.9961996078,80.2167205811,42426,42437,11
12.995300293,80.2169723511,42437,42447,10
12.9945898056,80.2173995972,42447,42457,10
12.9939603806,80.2178421021,42457,42467,10
12.9933099747,80.2182617188,42467,42477,10
12.9926595688,80.2187576294,42477,42487,10
12.9919700623,80.2192382813,42487,42497,10
12.9914197922,80.219581604,42497,42507,10
12.9910001755,80.2194900513,42507,42517,10
12.9908704758,80.2194519043,42517,42527,10
12.9904499054,80.2193222046,42527,42538,11
12.9897203445,80.2190628052,42538,42548,10
12.9889297485,80.2187805176,42548,42558,10
12.9880599976,80.218536377,42558,42568,10
12.9872903824,80.2183990479,42568,42578,10
12.9863996506,80.2181777954,42578,42588,10
12.9854001999,80.2179794312,42588,42598,10
12.9844999313,80.2180023193,42598,42608,10
12.9840803146,80.2180175781,42608,42618,10
12.984000206,80.2179870605,42618,42628,10
12.983590126,80.2179412842,42628,42638,10
12.9828500748,80.2179718018,42638,42649,11
12.9819297791,80.2179794312,42649,42659,10
12.9810600281,80.2181625366,42659,42669,10
12.980219841,80.2184371948,42669,42679,10
12.9795598984,80.2187423706,42679,42689,10
12.9789199829,80.2189788818,42689,42699,10
12.9784002304,80.2191696167,42699,42709,10
12.9777097702,80.2194824219,42709,42719,10
12.976940155,80.2198181152,42719,42729,10
12.9762496948,80.2200088501,42729,42739,10
12.975689888,80.2203979492,42739,42748,9
12.9757099152,80.220703125,42748,42780,32
12.9759502411,80.2209777832,42780,42911,131
12.9759597778,80.2211380005,42911,43284,373
12.9759597778,80.2211380005,43284,43295,11
12.9762496948,80.2212982178,43295,43306,11
12.9764604568,80.2213134766,43306,43316,10
12.9766998291,80.221321106,43316,43324,8
12.9770698547,80.2212905884,43324,43334,10
12.9775400162,80.2212219238,43334,43344,10
12.9780702591,80.221206665,43344,43356,12
12.9788103104,80.2211608887,43356,43366,10
12.9793596268,80.2211303711,43366,43376,10
12.9798698425,80.2210769653,43376,43384,8
12.9802503586,80.221031189,43384,43396,12
12.9809303284,80.221031189,43396,43407,11
12.981590271,80.2212982178,43407,43417,10
12.982000351,80.2215576172,43417,43427,10
12.9823598862,80.2217178345,43427,43437,10
12.982749939,80.2218475342,43437,43447,10
12.9829301834,80.2219085693,43447,43457,10
12.9829702377,80.2219314575,43457,43467,10
12.9830799103,80.2220306396,43467,43477,10
12.9834003448,80.2222366333,43477,43487,10
12.9837799072,80.2224731445,43487,43497,10
12.9842500687,80.2227020264,43497,43507,10
12.9847402573,80.2229766846,43507,43518,11
12.9853096008,80.2232208252,43518,43528,10
12.9856595993,80.2229995728,43528,43538,10
12.9863004684,80.2229614258,43538,43548,10
12.9864797592,80.2229690552,43548,43558,10
12.9867897034,80.2230072021,43558,43568,10
12.9871501923,80.2230834961,43568,43578,10
12.9873399734,80.2230834961,43578,43588,10
12.9877595901,80.2230300903,43588,43598,10
12.988120079,80.2227783203,43598,43608,10
12.9884796143,80.2224731445,43608,43617,9
12.9888296127,80.2220535278,43617,43629,12
12.9894399643,80.2213516235,43629,43639,10
12.9899597168,80.2207183838,43639,43649,10
12.9905195236,80.2202606201,43649,43659,10
12.9910802841,80.2198104858,43659,43669,10
12.991519928,80.2195205688,43669,43679,10
12.9919700623,80.2192382813,43679,43689,10
12.9924297333,80.2188796997,43689,43699,10
12.992939949,80.21849823,43699,43709,10
12.9935503006,80.2180633545,43709,43719,10
12.9940500259,80.2177124023,43719,43729,10
12.9944095612,80.2174377441,43729,43740,11
12.9948997498,80.2170791626,43740,43750,10
12.9954500198,80.2167892456,43750,43760,10
12.9961795807,80.2166213989,43760,43770,10
12.9969301224,80.216506958,43770,43780,10
12.9973402023,80.2162780762,43780,43790,10
12.9975299835,80.2160873413,43790,43800,10
12.9976701736,80.2159805298,43800,43810,10
12.9979200363,80.2157287598,43810,43820,10
12.998339653,80.2153778076,43820,43830,10
12.9988098145,80.2149505615,43830,43841,11
12.9990997314,80.2146987915,43841,43851,10
12.9994497299,80.2143936157,43851,43859,8
12.9997997284,80.2141036987,43859,43871,12
13.0003299713,80.2136383057,43871,43881,10
13.0008096695,80.2132415771,43881,43891,10
13.0012397766,80.2129211426,43891,43901,10
13.0017299652,80.2125015259,43901,43911,10
13.002240181,80.2122497559,43911,43921,10
13.002790451,80.2121200562,43921,43931,10
13.0033397675,80.2120819092,43931,43941,10
13.003569603,80.2119979858,43941,43952,11
13.0036697388,80.2117996216,43952,43962,10
13.0036897659,80.2114028931,43962,43972,10
13.0036401749,80.2107696533,43972,43982,10
13.0035600662,80.2100982666,43982,43992,10
13.0035600662,80.2093963623,43992,44002,10
13.0037899017,80.2086715698,44002,44012,10
13.004529953,80.2088623047,44012,44022,10
13.0053300858,80.2092208862,44022,44032,10
13.0059099197,80.2094497681,44032,44041,9
13.0060901642,80.2095108032,44041,44052,11
13.0063400269,80.2095870972,44052,44063,11
13.0067901611,80.2097320557,44063,44073,10
13.0073204041,80.2098083496,44073,44103,30
13.0073204041,80.2098083496,44103,44113,10
13.0076303482,80.2098922729,44113,44123,10
13.0080604553,80.2099914551,44123,44133,10
13.0081396103,80.2097015381,44133,44143,10
13.0080099106,80.2090682983,44143,44153,10
13.0079097748,80.2081680298,44153,44164,11
13.0077695847,80.2071304321,44164,44174,10
13.0076398849,80.2061462402,44174,44184,10
13.0075302124,80.2052307129,44184,44195,11
13.0075101852,80.2043380737,44195,44205,10
13.0074300766,80.2035903931,44205,44215,10
13.0072603226,80.2027587891,44215,44224,9
13.0067596436,80.2025375366,44224,44234,10
13.0065402985,80.2030715942,44234,44244,10
13.0069198608,80.2034072876,44244,44254,10
13.0074596405,80.2036437988,44254,44264,10
13.008190155,80.2037200928,44264,44274,10
13.0090999603,80.2036590576,44274,44286,12
13.0103397369,80.2036209106,44286,44295,9
13.0113401413,80.2036895752,44295,44305,10
13.0123996735,80.2038726807,44305,44315,10
13.0133399963,80.2041015625,44315,44326,11
13.0138902664,80.2042770386,44326,44336,10
13.0144500732,80.2044677734,44336,44346,10
13.0149803162,80.2046585083,44346,44356,10
13.015080452,80.2047424316,44356,44365,9
13.0154495239,80.2049026489,44365,44377,12
13.0162096024,80.2051773071,44377,44387,10
13.0166597366,80.2052612305,44387,44397,10
13.01720047,80.2055282593,44397,44407,10
13.0179901123,80.2057723999,44407,44417,10
13.0186700821,80.2059936523,44417,44427,10
13.0190296173,80.2061386108,44427,44437,10
13.019610405,80.2062835693,44437,44447,10
13.0203399658,80.2062988281,44447,44457,10
13.021030426,80.2062835693,44457,44467,10
13.0213298798,80.2062911987,44467,44477,10
13.0215902328,80.2062988281,44477,44488,11
13.0220403671,80.2063293457,44488,44498,10
13.0225896835,80.2064819336,44498,44508,10
13.023059845,80.2066116333,44508,44518,10
13.0236997604,80.2066879272,44518,44528,10
13.0243797302,80.20677948,44528,44538,10
13.0251398087,80.2069396973,44538,44548,10
13.0260601044,80.2072906494,44548,44558,10
13.0269002914,80.2077865601,44558,44568,10
13.027680397,80.2082672119,44568,44578,10
13.0285301208,80.2086029053,44578,44588,10
13.0292797089,80.2087936401,44588,44599,11
13.0298595428,80.2089385986,44599,44629,30
13.0298595428,80.2089385986,44629,44639,10
13.0302495956,80.2090377808,44639,44649,10
13.0306797028,80.2091903687,44649,44659,10
13.0314102173,80.2094268799,44659,44669,10
13.0320196152,80.209602356,44669,44679,10
13.0326299667,80.2097015381,44679,44689,10
13.0334396362,80.2098388672,44689,44700,11
13.0344800949,80.2100372314,44700,44710,10
13.0350399017,80.2102890015,44710,44720,10
13.0349903107,80.2106628418,44720,44730,10
13.0350198746,80.21118927,44730,44740,10
13.0350103378,80.2112808228,44740,44750,10
13.0349597931,80.2114181519,44750,44760,10
13.0348997116,80.2117080688,44760,44770,10
13.0348796844,80.2118911743,44770,44780,10
13.0349798203,80.2120819092,44780,44790,10
13.035490036,80.2122116089,44790,44800,10
13.0361604691,80.2122497559,44800,44811,11
13.0368700027,80.2123031616,44811,44821,10
13.0371599197,80.2123031616,44821,44831,10
13.0374298096,80.2122879028,44831,44841,10
13.0379495621,80.2123031616,44841,44851,10
13.0386695862,80.2122802734,44851,44861,10
13.0395402908,80.212310791,44861,44871,10
13.0405702591,80.2123336792,44871,44881,10
13.0417098999,80.2123184204,44881,44891,10
13.0428304672,80.2123336792,44891,44901,10
13.0438804626,80.212310791,44901,44962,61
13.0438804626,80.212310791,44962,44972,10
13.0442399979,80.2123184204,44972,44982,10
13.0448598862,80.2123336792,44982,44992,10
13.0455799103,80.2123336792,44992,45002,10
13.0461997986,80.2123031616,45002,45012,10
13.0469198227,80.212272644,45012,45022,10
13.0477800369,80.2121887207,45022,45033,11
13.0485296249,80.2120895386,45033,45043,10
13.0485696793,80.2120895386,45043,45053,10
13.048740387,80.2120666504,45053,45063,10
13.0492401123,80.212020874,45063,45073,10
13.0497303009,80.2119598389,45073,45113,40
13.0497303009,80.2119598389,45113,45122,9
13.0498800278,80.2119293213,45122,45134,12
13.0502796173,80.2119598389,45134,45144,10
13.0505304337,80.2120513916,45144,45154,10
13.0511102676,80.2120132446,45154,45164,10
13.0520601273,80.2118301392,45164,45174,10
13.0531702042,80.2116622925,45174,45184,10
13.0541000366,80.2114562988,45184,45194,10
13.0549001694,80.2114334106,45194,45204,10
13.055729866,80.2114715576,45204,45214,10
13.0566101074,80.21144104,45214,45224,10
13.0574398041,80.2114334106,45224,45234,10
13.0579004288,80.21144104,45234,45246,12
13.0581598282,80.2114486694,45246,45256,10
13.0586595535,80.211479187,45256,45266,10
13.0593595505,80.2115097046,45266,45276,10
13.0602197647,80.2115631104,45276,45286,10
13.0611600876,80.2116165161,45286,45294,8
13.0614204407,80.2115402222,45294,45306,12
13.0630502701,80.2115478516,45306,45326,20
13.0630502701,80.2115478516,45326,45336,10
13.0635995865,80.211517334,45336,45345,9
13.0640096664,80.2114868164,45345,45356,11
13.0647201538,80.2112731934,45356,45367,11
13.0655899048,80.2107391357,45367,45377,10
13.0662498474,80.2101974487,45377,45387,10
13.0668697357,80.2096633911,45387,45397,10
13.0673303604,80.2089920044,45397,45407,10
13.0677995682,80.2081832886,45407,45417,10
13.0683298111,80.2073364258,45417,45427,10
13.0688295364,80.2065505981,45427,45437,10
13.0692901611,80.2058029175,45437,45446,9
13.0696496964,80.205116272,45446,45458,12
13.069319725,80.2048568726,45458,45468,10
13.068980217,80.2053222656,45468,45478,10
13.0687599182,80.205039978,45478,45528,50
13.0687599182,80.205039978,45528,45538,10
13.0688199997,80.2047729492,45538,45548,10
13.0689001083,80.2046890259,45548,45558,10
13.0690698624,80.2046813965,45558,45569,11
13.0693902969,80.2047271729,45569,45579,10
13.0696496964,80.2048034668,45579,45589,10
13.0699501038,80.204788208,45589,45599,10
13.0701904297,80.2044830322,45599,45609,10
13.070599556,80.2039718628,45609,45619,10
13.0711603165,80.2032928467,45619,45629,10
13.0720396042,80.2022781372,45629,45690,61
13.0720396042,80.2022781372,45690,45700,10
13.0721797943,80.2021484375,45700,45710,10
13.0723495483,80.2019577026,45710,45720,10
13.072640419,80.2016296387,45720,45730,10
13.0730895996,80.2011032104,45730,45740,10
13.0735998154,80.2005233765,45740,45750,10
13.0741300583,80.1998596191,45750,45760,10
13.0743198395,80.1996383667,45760,45770,10
13.0743598938,80.1996078491,45770,45781,11
13.0745897293,80.1993713379,45781,45791,10
13.0750703812,80.1991577148,45791,45801,10
13.0757703781,80.1990814209,45801,45811,10
13.0765600204,80.1990432739,45811,45821,10
13.0771598816,80.1989822388,45821,45831,10
13.0778398514,80.1988677979,45831,45841,10
13.0786504745,80.1987609863,45841,45851,10
13.0794095993,80.1986999512,45851,45861,10
13.0801801682,80.198638916,45861,45871,10
13.0809803009,80.1985778809,45871,45881,10
13.0818395615,80.1985702515,45881,45892,11
13.0827503204,80.1984786987,45892,45902,10
13.0834703445,80.1984710693,45902,45912,10
13.0841503143,80.1985015869,45912,45922,10
13.0845403671,80.1985168457,45922,45932,10
13.0850000381,80.1984863281,45932,45962,30
13.0850000381,80.1984863281,45962,45972,10
13.0855503082,80.1984024048,45972,45982,10
13.0860500336,80.1984100342,45982,45992,10
13.0864801407,80.1984329224,45992,46003,11
13.0868301392,80.1984405518,46003,46013,10
13.0870103836,80.1982421875,46013,46023,10
13.0870895386,80.1981277466,46023,46033,10
13.0871696472,80.1978988647,46033,46043,10
13.0872297287,80.1977767944,46043,46053,10
13.0872497559,80.1973495483,46053,46063,10
13.0872602463,80.1967391968,46063,46073,10
13.0872602463,80.1959609985,46073,46083,10
13.087269783,80.1952819824,46083,46093,10
13.087269783,80.1945037842,46093,46104,11
13.087269783,80.1935272217,46104,46114,10
13.0872402191,80.1930084229,46114,46124,10
13.0872402191,80.1930007935,46124,46134,10
13.0872898102,80.1929016113,46134,46144,10
13.0873403549,80.1925964355,46144,46154,10
13.0874004364,80.1921615601,46154,46164,10
13.0874795914,80.1915283203,46164,46174,10
13.0875301361,80.1908035278,46174,46184,10
13.0876398087,80.1899185181,46184,46194,10
13.087679863,80.1891326904,46194,46203,9
13.0877103806,80.1890106201,46203,46215,12
13.0877799988,80.1886825562,46215,46225,10
13.0877895355,80.1881790161,46225,46265,40
13.0877895355,80.1881790161,46265,46275,10
13.0878400803,80.1879882813,46275,46285,10
13.0878801346,80.1875076294,46285,46295,10
13.087849617,80.1869125366,46295,46306,11
13.087849617,80.1859817505,46306,46316,10
13.0878896713,80.1852874756,46316,46327,11
13.08796978,80.1846923828,46327,46337,10
13.0879802704,80.1839828491,46337,46347,10
13.0880098343,80.1831893921,46347,46357,10
13.0879802704,80.1825027466,46357,46365,8
13.0880098343,80.1821289063,46365,46377,12
13.0880403519,80.1813735962,46377,46387,10
13.0880498886,80.1806030273,46387,46397,10
13.088060379,80.1797485352,46397,46407,10
13.0880899429,80.1791381836,46407,46417,10
13.0880699158,80.1788864136,46417,46428,11
13.0881204605,80.1787490845,46428,46438,10
13.0881204605,80.1784133911,46438,46448,10
13.0880899429,80.1778411865,46448,46456,8
13.0881099701,80.177192688,46456,46468,12
13.0881900787,80.1761627197,46468,46478,10
13.0882501602,80.175201416,46478,46488,10
13.0883102417,80.1743011475,46488,46497,9
13.0883903503,80.1734695435,46497,46506,9
13.0884199142,80.1726608276,46506,46518,12
13.0884103775,80.1720123291,46518,46528,10
13.0884304047,80.1718902588,46528,46539,11
13.0884799957,80.1713790894,46539,46579,40
13.0884799957,80.1713790894,46579,46589,10
13.0886001587,80.1710128784,46589,46599,10
13.0885896683,80.1705093384,46599,46609,10
13.0885801315,80.1701583862,46609,46640,31
13.0885801315,80.1701583862,46640,46650,10
13.0886001587,80.1698303223,46650,46660,10
13.0887699127,80.1695098877,46660,46670,10
13.0892896652,80.1695327759,46670,46680,10
13.0901098251,80.1695480347,46680,46690,10
13.0909996033,80.1696014404,46690,46700,10
13.0917596817,80.1696624756,46700,46710,10
13.0925197601,80.1697311401,46710,46720,10
13.093290329,80.1697769165,46720,46730,10
13.0940599442,80.1697921753,46730,46739,9
13.0945196152,80.1698074341,46739,46751,12
13.0948495865,80.1698379517,46751,46761,10
13.0952100754,80.1698989868,46761,46771,10
13.0958099365,80.169921875,46771,46781,10
13.0965595245,80.1699523926,46781,46791,10
13.0973796844,80.1699905396,46791,46801,10
13.0981302261,80.1700286865,46801,46809,8
13.0988302231,80.1700592041,46809,46821,12
13.099650383,80.1699371338,46821,46872,51
13.099650383,80.1699371338,46872,46882,10
13.0995597839,80.1695785522,46882,46892,10
13.0992803574,80.1695709229,46892,46902,10
13.09897995,80.1695098877,46902,46912,10
13.0986299515,80.1692428589,46912,47487,575
13.0985898972,80.1690216064,47487,47931,444
13.098739624,80.1690979004,47931,48486,555
13.09856987,80.1691207886,48486,48568,82
13.0989303589,80.1692123413,48568,48588,20
13.0989303589,80.1692123413,48588,48599,11
13.0988302231,80.169342041,48599,48609,10
13.0991401672,80.1695175171,48609,48659,50
13.0995101929,80.1696777344,48659,48689,30
13.0995101929,80.1696777344,48689,48698,9
13.0994796753,80.1700592041,48698,48720,22
13.0994701385,80.1701507568,48720,48861,141
13.0994701385,80.170211792,48861,48901,40
13.0994701385,80.170211792,48901,48911,10
13.0994100571,80.1702423096,48911,48922,11
13.0992002487,80.170249939,48922,48932,10
13.0986795425,80.1701889038,48932,48942,10
13.0979204178,80.1701202393,48942,48952,10
13.0971403122,80.1700515747,48952,48962,10
13.0962896347,80.1699829102,48962,48972,10
13.0953502655,80.169921875,48972,48982,10
13.0948295593,80.169883728,48982,48992,10
13.0945596695,80.1698379517,48992,49002,10
13.0943098068,80.1698532104,49002,49012,10
13.0937404633,80.1698379517,49012,49022,10
13.092880249,80.1697463989,49022,49031,9
13.0920600891,80.169708252,49031,49043,12
13.0909204483,80.169631958,49043,49053,10
13.0900402069,80.1695785522,49053,49063,10
13.0892000198,80.1695404053,49063,49073,10
13.0886802673,80.169670105,49073,49083,10
13.0886898041,80.1702194214,49083,49093,10
13.088640213,80.1710662842,49093,49103,10
13.0885696411,80.1719436646,49103,49113,10
13.088549614,80.1725769043,49113,49123,10
13.0884895325,80.1733932495,49123,49133,10
13.0884399414,80.1742935181,49133,49144,11
13.0883798599,80.1752700806,49144,49154,10
13.0883197784,80.1760864258,49154,49164,10
13.0882797241,80.1767272949,49164,49174,10
13.088259697,80.1775131226,49174,49184,10
13.0882396698,80.1783828735,49184,49194,10
13.0882396698,80.1786804199,49194,49204,10
13.0882301331,80.1787796021,49204,49214,10
13.0882196426,80.1792068481,49214,49224,10
13.0882301331,80.1797103882,49224,49234,10
13.0882196426,80.1802825928,49234,49244,10
13.0881996155,80.1805877686,49244,49305,61
13.0881996155,80.1805877686,49305,49315,10
13.0881795883,80.1809234619,49315,49325,10
13.0881900787,80.1811599731,49325,49335,10
13.0881795883,80.1813430786,49335,49345,10
13.0881595612,80.1817169189,49345,49386,41
13.0881595612,80.1817169189,49386,49396,10
13.0881204605,80.1819915771,49396,49406,10
13.0881204605,80.1822891235,49406,49416,10
13.0881099701,80.1828384399,49416,49426,10
13.0881299973,80.1834564209,49426,49436,10
13.0880899429,80.1843109131,49436,49446,10
13.088060379,80.184753418,49446,49455,9
13.0880498886,80.1850280762,49455,49467,12
13.0880098343,80.1854400635,49467,49477,10
13.0879898071,80.1858978271,49477,49487,10
13.0880098343,80.1865310669,49487,49497,10
13.0879602432,80.1873016357,49497,49507,10
13.0879602432,80.1879882813,49507,49517,10
13.0879201889,80.1887130737,49517,49527,10
13.0878896713,80.189453125,49527,49537,10
13.0878400803,80.1898269653,49537,49547,10
13.0878295898,80.1898498535,49547,49557,10
13.0877799988,80.1900177002,49557,49567,10
13.0877199173,80.1904602051,49567,49579,12
13.0875997543,80.1913833618,49579,49589,10
13.0874700546,80.1922912598,49589,49599,10
13.0874099731,80.1928710938,49599,49609,10
13.0873699188,80.1936416626,49609,49619,10
13.0873498917,80.1944274902,49619,49629,10
13.0873203278,80.1951293945,49629,49639,10
13.0873003006,80.1959228516,49639,49649,10
13.087269783,80.1968307495,49649,49659,10
13.0872602463,80.1977233887,49659,49669,10
13.0872802734,80.1980285645,49669,49678,9
13.0872898102,80.198097229,49678,49690,12
13.0873804092,80.1983795166,49690,49700,10
13.0876197815,80.1984481812,49700,49708,8
13.0880098343,80.1984481812,49708,49720,12
13.0887098312,80.1984176636,49720,49728,8
13.0892496109,80.1984329224,49728,49738,10
13.0897798538,80.1984710693,49738,49750,12
13.0908002853,80.1985626221,49750,49760,10
13.0917100906,80.1986083984,49760,49770,10
13.0925703049,80.1986312866,49770,49780,10
13.0929603577,80.1988220215,49780,49791,11
13.0929298401,80.199432373,49791,49801,10
13.0929098129,80.2002334595,49801,49811,10
13.0927495956,80.2005386353,49811,49821,10
13.0922498703,80.2005767822,49821,49831,10
13.0914897919,80.2005386353,49831,49841,10
13.0909204483,80.2005310059,49841,49851,10
13.0902996063,80.2005004883,49851,49861,10
13.0895795822,80.2005004883,49861,49871,10
13.0886898041,80.2004623413,49871,49881,10
13.0877599716,80.2004165649,49881,49891,10
13.0871200562,80.2004394531,49891,49902,11
13.086520195,80.2004165649,49902,49912,10
13.0863199234,80.2003936768,49912,49922,10
13.0860500336,80.200378418,49922,49932,10
13.0858402252,80.2003707886,49932,49942,10
13.0858201981,80.2003707886,49942,49952,10
13.0855503082,80.2003479004,49952,49962,10
13.0854597092,80.2003326416,49962,49972,10
13.0852804184,80.2001037598,49972,49982,10
13.0853099823,80.1995315552,49982,49992,10
13.0853099823,80.1987991333,49992,50003,11
13.0849199295,80.1986999512,50003,50013,10
13.0842399597,80.1986694336,50013,50023,10
13.0841703415,80.1986694336,50023,50033,10
13.0837802887,80.1986465454,50033,50043,10
13.0831804276,80.1986236572,50043,50053,10
13.0827198029,80.1986236572,50053,50063,10
13.0822095871,80.1986312866,50063,50073,10
13.0818500519,80.1986312866,50073,50083,10
13.0812301636,80.1986083984,50083,50093,10
13.0805597305,80.198638916,50093,50103,10
13.0797300339,80.1987228394,50103,50114,11
13.0787296295,80.1988067627,50114,50124,10
13.0777196884,80.1989364624,50124,50134,10
13.0766601563,80.1990737915,50134,50144,10
13.0756998062,80.1992034912,50144,50154,10
13.0747804642,80.1994934082,50154,50164,10
13.0740699768,80.2000427246,50164,50174,10
13.0737600327,80.2004089355,50174,50184,10
13.0736598969,80.2005081177,50184,50194,10
13.0733499527,80.2008895874,50194,50204,10
13.0728502274,80.201499939,50204,50214,10
13.0723600388,80.2020797729,50214,50225,11
13.0718097687,80.2026901245,50225,50235,10
13.0711803436,80.2034072876,50235,50245,10
13.0704498291,80.2042617798,50245,50255,10
13.0698795319,80.2050170898,50255,50265,10
13.0696401596,80.2050323486,50265,50275,10
13.0692396164,80.2049484253,50275,50285,10
13.0689201355,80.2053909302,50285,50295,10
13.0684499741,80.2054901123,50295,50305,10
13.0679597855,80.2051773071,50305,50324,19
13.0679597855,80.2051773071,50324,50336,12
13.0680398941,80.2050323486,50336,50346,10
13.0681400299,80.2049713135,50346,50356,10
13.0684204102,80.2049179077,50356,50366,10
13.0689401627,80.2047424316,50366,50376,10
13.0696201324,80.2047805786,50376,50406,30
13.0696201324,80.2047805786,50406,50416,10
13.0697498322,80.2048568726,50416,50425,9
13.069849968,80.2051391602,50425,50437,12
13.069439888,80.2058029175,50437,50447,10
13.0689897537,80.2065124512,50447,50457,10
13.0684499741,80.2073669434,50457,50467,10
13.0678501129,80.2083282471,50467,50477,10
13.0672101974,80.2093505859,50477,50487,10
13.0664100647,80.2101974487,50487,50497,10
13.0655603409,80.2109222412,50497,50507,10
13.0648403168,80.2113800049,50507,50517,10
13.0640897751,80.2116470337,50517,50527,10
13.0639095306,80.2116699219,50527,50537,10
13.0636196136,80.2116699219,50537,50548,11
13.0629701614,80.2117004395,50548,50558,10
13.0624399185,80.2117614746,50558,50568,10
13.0619602203,80.211807251,50568,50578,10
13.0609302521,80.2117233276,50578,50590,12
13.0597696304,80.2116317749,50590,50600,10
13.0587701797,80.2115936279,50600,50610,10
13.0577602386,80.2115631104,50610,50619,9
13.0567598343,80.2115478516,50619,50630,11
13.0554800034,80.2115325928,50630,50639,9
13.0547304153,80.2115020752,50639,50649,10
13.0544395447,80.211517334,50649,50661,12
13.0536699295,80.2117004395,50661,50669,8
13.0530500412,80.2118530273,50669,50679,10
13.0524196625,80.2120513916,50679,50691,12
13.051609993,80.2121429443,50691,50701,10
13.0509500504,80.2121582031,50701,50711,10
13.0496997833,80.2121124268,50711,50731,20
13.0496997833,80.2121124268,50731,50741,10
13.0493803024,80.2121124268,50741,50750,9
13.0488500595,80.2121429443,50750,50762,12
13.0479001999,80.2122192383,50762,50772,10
13.0469198227,80.2122879028,50772,50782,10
13.0458498001,80.212348938,50782,50792,10
13.0453100204,80.2123794556,50792,50802,10
13.0452003479,80.2124023438,50802,50812,10
13.044960022,80.2124099731,50812,50822,10
13.0446796417,80.2124176025,50822,50832,10
13.0442199707,80.2124023438,50832,50842,10
13.0434904099,80.2123794556,50842,50852,10
13.0426397324,80.2123413086,50852,50861,9
13.0420103073,80.2123565674,50861,50873,12
13.0410203934,80.2124023438,50873,50883,10
13.039899826,80.2124023438,50883,50893,10
13.0388002396,80.2124023438,50893,50903,10
13.0378704071,80.2123184204,50903,50963,60
13.0378704071,80.2123184204,50963,50973,10
13.0376195908,80.2121963501,50973,50984,11
13.0371999741,80.2122192383,50984,50994,10
13.0365600586,80.2122268677,50994,51004,10
13.0357503891,80.2122268677,51004,51014,10
13.0348396301,80.2121582031,51014,51044,30
13.0348396301,80.2121582031,51044,51054,10
13.0344800949,80.2121200562,51054,51064,10
13.034330368,80.2121200562,51064,51074,10
13.0340795517,80.2120819092,51074,51085,11
13.0338897705,80.212059021,51085,51095,10
13.0334196091,80.2119216919,51095,51105,10
13.0327701569,80.2117919922,51105,51115,10
13.0322303772,80.2117004395,51115,51125,10
13.0320100784,80.21118927,51125,51135,10
13.0320596695,80.2104187012,51135,51145,10
13.0320997238,80.2097091675,51145,51155,10
13.0315999985,80.2095031738,51155,51165,10
13.0304203033,80.2091827393,51165,51185,20
13.0304203033,80.2091827393,51185,51196,11
13.0300703049,80.2090606689,51196,51206,10
13.0296201706,80.2089004517,51206,51216,10
13.028840065,80.2086791992,51216,51226,10
13.0278997421,80.2083892822,51226,51236,10
13.0269403458,80.207862854,51236,51246,10
13.0258998871,80.2072601318,51246,51256,10
13.0247297287,80.206993103,51256,51266,10
13.0242395401,80.2068786621,51266,51276,10
13.0241498947,80.2068405151,51276,51286,10
13.0237998962,80.206741333,51286,51297,11
13.0231199265,80.2066116333,51297,51307,10
13.0223398209,80.206489563,51307,51317,10
13.0214796066,80.2064590454,51317,51327,10
13.0204601288,80.2064437866,51327,51337,10
13.0193796158,80.2063674927,51337,51347,10
13.0190401077,80.2063064575,51347,51357,10
13.0188903809,80.2062835693,51357,51367,10
13.0184402466,80.2061233521,51367,51377,10
13.0178003311,80.205947876,51377,51387,10
13.0173196793,80.2057189941,51387,51397,10
13.0169801712,80.2055892944,51397,51408,11
13.0163202286,80.2052993774,51408,51418,10
13.0155200958,80.2049865723,51418,51428,10
13.0146303177,80.2046890259,51428,51438,10
13.0142498016,80.2045593262,51438,51448,10
13.0140304565,80.2044830322,51448,51458,10
13.0136604309,80.2043762207,51458,51468,10
13.0135202408,80.2047195435,51468,51478,10
13.0133304596,80.2053070068,51478,51488,10
13.013130188,80.2060928345,51488,51498,10
13.0130195618,80.2069625854,51498,51508,10
13.0129299164,80.2075805664,51508,51519,11
13.012840271,80.2079086304,51519,51529,10
13.0128202438,80.208366394,51529,51539,10
13.0128698349,80.2087478638,51539,51550,11
13.0130195618,80.2092895508,51550,51560,10
13.0131196976,80.2096786499,51560,51570,10
13.0130701065,80.2104263306,51570,51579,9
13.0128297806,80.2112503052,51579,51590,11
13.0123796463,80.2120895386,51590,51600,10
13.012049675,80.2126617432,51600,51610,10
13.0117797852,80.2127609253,51610,51618,8
13.0115003586,80.2125473022,51618,51631,13
13.0108003616,80.2120285034,51631,51641,10
13.0103597641,80.2116622925,51641,51650,9
13.0097999573,80.2112579346,51650,51711,61
13.0094900131,80.2109909058,51711,51732,21
13.0094900131,80.2109909058,51732,51742,10
13.0092401505,80.211151123,51742,51752,10
13.0091104507,80.2113800049,51752,51762,10
13.0091400146,80.2117233276,51762,51772,10
13.0092897415,80.2122268677,51772,51782,10
13.009519577,80.2129592896,51782,51792,10
13.0097703934,80.2136688232,51792,51802,10
13.0100297928,80.2143783569,51802,51812,10
13.0101900101,80.2152099609,51812,51822,10
13.0104598999,80.2161407471,51822,51832,10
13.0108995438,80.217086792,51832,51843,11
13.011349678,80.218132019,51843,51853,10
13.0116796494,80.2191467285,51853,51863,10
13.0119304657,80.2201538086,51863,51872,9
13.0122003555,80.2208862305,51872,51885,13
13.012430191,80.2213516235,51885,51895,10
13.0128002167,80.2220230103,51895,51905,10
13.0132904053,80.2226104736,51905,51915,10
13.0138301849,80.2232971191,51915,51925,10
13.0141401291,80.223777771,51925,51932,7
13.014550209,80.2242202759,51932,51946,14
13.0148801804,80.224571228,51946,51956,10
13.0151996613,80.224822998,51956,51966,10
13.0154104233,80.2252578735,51966,51976,10
13.0152101517,80.2256317139,51976,51986,10
13.0148296356,80.2258834839,51986,51996,10
13.0143299103,80.2261199951,51996,52006,10
13.0137195587,80.2263870239,52006,52016,10
13.0130701065,80.2266769409,52016,52026,10
13.0123100281,80.2270126343,52026,52035,9
13.0115299225,80.2273025513,52035,52046,11
13.0105104446,80.2277069092,52046,52057,11
13.0096702576,80.2279129028,52057,52067,10
13.0095796585,80.2273712158,52067,52077,10
13.0098695755,80.2267379761,52077,52087,10
13.0101900101,80.226020813,52087,52097,10
13.0104904175,80.2253112793,52097,52107,10
13.0108299255,80.2245178223,52107,52117,10
13.0111904144,80.2236404419,52117,52127,10
13.0112304688,80.2231292725,52127,52137,10
13.0107002258,80.222869873,52137,52147,10
13.0100002289,80.2225189209,52147,52157,10
13.0093297958,80.2221374512,52157,52168,11
13.0086297989,80.2217636108,52168,52178,10
13.0080003738,80.2214202881,52178,52187,9
13.0073604584,80.2210693359,52187,52199,12
13.0065402985,80.2206268311,52199,52211,12
13.0055503845,80.2203979492,52211,52221,10
13.0046396255,80.2202072144,52221,52231,10
13.0037202835,80.2199707031,52231,52241,10
13.0028295517,80.2197036743,52241,52251,10
13.0021095276,80.2191009521,52251,52261,10
13.0015802383,80.2185592651,52261,52272,11
13.0008401871,80.2180633545,52272,52282,10
13.0000801086,80.2175827026,52282,52292,10
12.9992399216,80.217086792,52292,52302,10
12.9983100891,80.2166519165,52302,52312,10
12.9975004196,80.216468811,52312,52322,10
12.9972696304,80.2164764404,52322,52332,10
12.9967803955,80.216506958,52332,52342,10
12.9960298538,80.2166290283,52342,52352,10
12.9952096939,80.2169113159,52352,52362,10
12.9945402145,80.2173461914,52362,52370,8
12.994020462,80.2177276611,52370,52383,13
12.9931402206,80.2183303833,52383,52393,10
12.9924898148,80.2188568115,52393,52403,10
12.9917097092,80.2194290161,52403,52413,10
12.9913101196,80.219543457,52413,52423,10
12.9907102585,80.2192764282,52423,52433,10
12.9898700714,80.2189712524,52433,52443,10
12.9888801575,80.2185897827,52443,52453,10
12.9878997803,80.2183380127,52453,52463,10
12.9872703552,80.2182769775,52463,52470,7
12.9870595932,80.2182388306,52470,52484,14
12.9867200851,80.2181472778,52484,52494,10
12.9860696793,80.2179718018,52494,52504,10
12.9850997925,80.2178497314,52504,52514,10
12.9842596054,80.2178878784,52514,52524,10
12.9839401245,80.2179412842,52524,52534,10
12.9836301804,80.2179489136,52534,52544,10
12.9829397202,80.217956543,52544,52554,10
12.9820804596,80.217956543,52554,52564,10
12.9810600281,80.2181472778,52564,52574,10
12.9801197052,80.2184524536,52574,52584,10
12.97935009,80.2187576294,52584,52595,11
12.9786596298,80.2190093994,52595,52605,10
12.9781198502,80.2192230225,52605,52615,10
12.9772996902,80.2195205688,52615,52625,10
12.9763898849,80.2199020386,52625,52635,10
12.9757995605,80.2201766968,52635,52645,10
12.9757604599,80.2201919556,52645,52655,10
12.9755897522,80.2202911377,52655,52665,10
12.9754400253,80.2205505371,52665,52675,10
12.9756298065,80.2206420898,52675,52716,41
12.9758396149,80.2209472656,52716,53452,736
12.9758396149,80.2209472656,53452,53464,12
12.9760704041,80.2211914063,53464,53837,373
12.9760704041,80.2211914063,53837,53847,10
12.9764003754,80.221206665,53847,53857,10
12.9767198563,80.2211990356,53857,53867,10
12.9772396088,80.2211608887,53867,53877,10
12.9777498245,80.2210998535,53877,53887,10
12.9780197144,80.2210006714,53887,53898,11
12.9784698486,80.2209701538,53898,53908,10
12.978969574,80.2209014893,53908,53918,10
12.9797401428,80.220916748,53918,53928,10
12.9804801941,80.2208633423,53928,53938,10
12.9811296463,80.2209625244,53938,53948,10
12.9815797806,80.2212219238,53948,53958,10
12.9819097519,80.2214813232,53958,53968,10
12.9822902679,80.2215576172,53968,53978,10
12.9824800491,80.2216186523,53978,53988,10
12.9826803207,80.2217712402,53988,53998,10
12.983039856,80.2219772339,53998,54009,11
12.9834403992,80.2222366333,54009,54019,10
12.9838399887,80.2224731445,54019,54029,10
12.9842700958,80.2227478027,54029,54039,10
12.9847297668,80.2230224609,54039,54049,10
12.9851799011,80.2230987549,54049,54059,10
12.9855203629,80.2228775024,54059,54069,10
12.9859600067,80.2227935791,54069,54079,10
12.9861297607,80.2227783203,54079,54089,10
12.9865903854,80.2228775024,54089,54099,10
12.9870004654,80.2229309082,54099,54109,10
12.9873304367,80.2227478027,54109,54120,11
12.9878396988,80.2222824097,54120,54130,10
12.9884195328,80.2219009399,54130,54140,10
12.9889802933,80.2215270996,54140,54150,10
12.9894199371,80.2208862305,54150,54160,10
12.9901103973,80.2204208374,54160,54170,10
12.9904298782,80.2202529907,54170,54180,10
12.9905996323,80.220161438,54180,54190,10
12.990940094,80.219871521,54190,54200,10
12.9912996292,80.2195968628,54200,54210,10
12.9916696548,80.219329834,54210,54221,11
12.9922704697,80.2189025879,54221,54231,10
12.9928197861,80.2184371948,54231,54241,10
12.993470192,80.2179107666,54241,54252,11
12.9942302704,80.2173690796,54252,54262,10
12.9947395325,80.2170181274,54262,54272,10
12.9952497482,80.2167205811,54272,54282,10
12.9958600998,80.2164916992,54282,54292,10
12.9966802597,80.2163925171,54292,54301,9
12.9972000122,80.216217041,54301,54312,11
12.9974899292,80.216003418,54312,54322,10
12.9976196289,80.215927124,54322,54333,11
12.9979600906,80.2155990601,54333,54343,10
12.9984197617,80.2151565552,54343,54353,10
12.9989595413,80.2146835327,54353,54363,10
12.9992198944,80.2144927979,54363,54373,10
12.9996595383,80.2141571045,54373,54383,10
13.0000495911,80.2138137817,54383,54393,10
13.0005302429,80.2133331299,54393,54402,9
13.0009899139,80.2128829956,54402,54412,10
13.0016298294,80.2124404907,54412,54423,11
13.0020399094,80.2121429443,54423,54432,9
13.0024700165,80.2119979858,54432,54444,12
13.0030202866,80.2118988037,54444,54454,10
13.0032901764,80.211769104,54454,54464,10
13.0034399033,80.2116622925,54464,54474,10
13.0035800934,80.2112579346,54474,54484,10
13.0035600662,80.2107086182,54484,54494,10
13.0035104752,80.2102203369,54494,54504,10
13.0034704208,80.2097396851,54504,54514,10
13.0035295486,80.2092132568,54514,54521,7
13.0036401749,80.208770752,54521,54534,13
13.0044298172,80.2088012695,54534,54545,11
13.0053396225,80.2092132568,54545,54555,10
13.0059299469,80.2094726563,54555,54565,10
13.0064496994,80.2096405029,54565,54575,10
13.0070104599,80.2097625732,54575,54595,20
13.0070104599,80.2097625732,54595,54605,10
13.0073699951,80.2098236084,54605,54615,10
13.0075502396,80.2098693848,54615,54625,10
13.0078601837,80.2099380493,54625,54635,10
13.0080299377,80.2097625732,54635,54645,10
13.0079402924,80.2092437744,54645,54656,11
13.0078697205,80.2085037231,54656,54666,10
13.0077495575,80.207611084,54666,54676,10
13.0076198578,80.2067565918,54676,54686,10
13.0075101852,80.2059173584,54686,54696,10
13.0074796677,80.2051086426,54696,54706,10
13.0074596405,80.2043991089,54706,54716,10
13.0074100494,80.2037277222,54716,54726,10
13.0072698593,80.2029037476,54726,54736,10
13.0067195892,80.2025604248,54736,54746,10
13.0065402985,80.2031097412,54746,54756,10
13.0070199966,80.2034835815,54756,54767,11
13.0077695847,80.2036895752,54767,54777,10
13.0086202621,80.203666687,54777,54787,10
13.00963974,80.2036132813,54787,54797,10
13.0108003616,80.20362854,54797,54807,10
13.0120296478,80.2037734985,54807,54817,10
13.0131502151,80.2040100098,54817,54827,10
13.0141000748,80.2043533325,54827,54837,10
13.0148296356,80.2045974731,54837,54847,10
13.0149202347,80.2046508789,54847,54857,10
13.0152101517,80.2047576904,54857,54868,11
13.0157804489,80.2049713135,54868,54878,10
13.0161504745,80.205078125,54878,54888,10
13.0164499283,80.2049713135,54888,54898,10
13.01679039,80.2051773071,54898,54908,10
13.017539978,80.2054824829,54908,54915,7
13.0181102753,80.2057189941,54915,54928,13
13.0186796188,80.2059173584,54928,54938,10
13.0188503265,80.2060012817,54938,54948,10
13.0191297531,80.2061004639,54948,54958,10
13.0197095871,80.2062225342,54958,54968,10
13.0204801559,80.2062301636,54968,54979,11
13.0212697983,80.2062225342,54979,54989,10
13.0218095779,80.2061767578,54989,54999,10
13.0220403671,80.2061920166,54999,55009,10
13.0225095749,80.2061920166,55009,55019,10
13.0227098465,80.2062301636,55019,55029,10
13.0232801437,80.2063980103,55029,55039,10
13.0241498947,80.2066192627,55039,55049,10
13.0253696442,80.2070465088,55049,55059,10
13.0265197754,80.2076187134,55059,55069,10
13.0275201797,80.2081680298,55069,55079,10
13.028459549,80.2085189819,55079,55090,11
13.0294399261,80.2087402344,55090,55100,10
13.0304403305,80.2090606689,55100,55110,10
13.0312700272,80.2092666626,55110,55120,10
13.0315999985,80.2094573975,55120,55130,10
13.0317001343,80.2095565796,55130,55140,10
13.0320997238,80.2096633911,55140,55150,10
13.0327301025,80.2097167969,55150,55160,10
13.033370018,80.2098083496,55160,55170,10
13.0342903137,80.2099380493,55170,55180,10
13.0349302292,80.2101669312,55180,55191,11
13.0349397659,80.2108306885,55191,55201,10
13.034910202,80.2112426758,55201,55211,10
13.0348901749,80.2112579346,55211,55221,10
13.0348396301,80.2114868164,55221,55231,10
13.0348396301,80.2119216919,55231,55241,10
13.035320282,80.2121429443,55241,55251,10
13.0359897614,80.2121582031,55251,55261,10
13.0366201401,80.2122268677,55261,55271,10
13.0371398926,80.2122802734,55271,55281,10
13.0378503799,80.2123031616,55281,55291,10
13.0387001038,80.212272644,55291,55302,11
13.0396699905,80.2121963501,55302,55312,10
13.0405702591,80.2123184204,55312,55322,10
13.0413599014,80.2128219604,55322,55332,10
13.0423603058,80.2125396729,55332,55342,10
13.043680191,80.2122802734,55342,55352,10
13.044500351,80.2122497559,55352,55362,10
13.0452899933,80.2122192383,55362,55372,10
13.0461597443,80.2122192383,55372,55382,10
13.0469503403,80.2121810913,55382,55391,9
13.0477104187,80.2121200562,55391,55402,11
13.04845047,80.2120513916,55402,55411,9
13.0485696793,80.2120285034,55411,55423,12
13.0487203598,80.2120132446,55423,55433,10
13.0490598679,80.2119598389,55433,55443,10
13.0493497849,80.2119216919,55443,55453,10
13.0494298935,80.2119293213,55453,55463,10
13.0497198105,80.2119369507,55463,55473,10
13.0499401093,80.2119369507,55473,55483,10
13.0500802994,80.2119522095,55483,55493,10
13.0502901077,80.2119293213,55493,55503,10
13.0505104065,80.2119598389,55503,55512,9
13.0508203506,80.2119369507,55512,55524,12
13.0514698029,80.2118377686,55524,55534,10
13.0524101257,80.211769104,55534,55544,10
13.0534896851,80.2115707397,55544,55554,10
13.054479599,80.2113571167,55554,55564,10
13.0553998947,80.2113265991,55564,55574,10
13.0564804077,80.2113494873,55574,55584,10
13.0573101044,80.2113418579,55584,55594,10
13.0575199127,80.2113571167,55594,55604,10
13.0579299927,80.2114028931,55604,55614,10
13.0585899353,80.2114105225,55614,55625,11
13.0593900681,80.2114334106,55625,55635,10
13.0601997375,80.21144104,55635,55645,10
13.0612001419,80.2115020752,55645,55655,10
13.062040329,80.211730957,55655,55665,10
13.0631103516,80.2115325928,55665,55675,10
13.0633401871,80.2115020752,55675,55685,10
13.0635404587,80.2115097046,55685,55695,10
13.0639295578,80.211479187,55695,55705,10
13.0645704269,80.2112808228,55705,55715,10
13.0652103424,80.2109222412,55715,55725,10
13.0659399033,80.2103805542,55725,55736,11
13.0674695969,80.2088470459,55736,55746,10
13.0674695969,80.2088470459,55746,55756,10
13.067990303,80.207901001,55756,55765,9
13.0685195923,80.2070770264,55765,55775,10
13.0691604614,80.2060699463,55775,55786,11
13.0696201324,80.2052078247,55786,55796,10
13.0695199966,80.2048187256,55796,55806,10
13.0691900253,80.2049865723,55806,55816,10
13.0689601898,80.2053222656,55816,55825,9
13.0687799454,80.2052536011,55825,55837,12
13.0686903,80.2050323486,55837,55857,20
13.0686903,80.2050323486,55857,55867,10
13.0688400269,80.2048416138,55867,55907,40
13.0688400269,80.2048416138,55907,55917,10
13.0692195892,80.2047576904,55917,55926,9
13.0693702698,80.2047576904,55926,55937,11
13.069609642,80.2048110962,55937,55948,11
13.0699195862,80.2047271729,55948,55958,10
13.0702295303,80.2043304443,55958,55968,10
13.070690155,80.2037887573,55968,55978,10
13.0712099075,80.2031707764,55978,55988,10
13.0717000961,80.2025604248,55988,55998,10
13.0719099045,80.2024002075,55998,56008,10
13.0720701218,80.2022476196,56008,56018,10
13.0722904205,80.2019882202,56018,56028,10
13.0725498199,80.2016677856,56028,56038,10
13.0729103088,80.2012634277,56038,56049,11
13.0734596252,80.2006988525,56049,56069,20
13.0734596252,80.2006988525,56069,56079,10
13.073679924,80.2005081177,56079,56089,10
13.0740404129,80.200088501,56089,56099,10
13.0743103027,80.1997528076,56099,56109,10
13.0745401382,80.1995162964,56109,56119,10
13.0749101639,80.199256897,56119,56129,10
13.0755300522,80.1991195679,56129,56139,10
13.0763196945,80.1990585327,56139,56149,10
13.0772104263,80.1989898682,56149,56160,11
13.0782003403,80.1988601685,56160,56170,10
13.079079628,80.1987762451,56170,56180,10
13.079990387,80.198677063,56180,56190,10
13.0809497833,80.1985702515,56190,56200,10
13.0819396973,80.1985015869,56200,56210,10
13.0826797485,80.1984634399,56210,56230,20
13.0826797485,80.1984634399,56230,56240,10
13.0830001831,80.1985321045,56240,56250,10
13.0834197998,80.1985168457,56250,56260,10
13.0839195251,80.1985321045,56260,56271,11
13.0845603943,80.1985397339,56271,56281,10
13.0850200653,80.1985168457,56281,56291,10
13.0853004456,80.1984710693,56291,56301,10
13.0856704712,80.1985092163,56301,56311,10
13.0861301422,80.1985702515,56311,56321,10
13.086520195,80.1985702515,56321,56331,10
13.0869197845,80.1983718872,56331,56341,10
13.0870504379,80.1978988647,56341,56372,31
13.0870504379,80.1978988647,56372,56382,10
13.0871496201,80.1974868774,56382,56392,10
13.0871601105,80.196937561,56392,56402,10
13.0871896744,80.1961135864,56402,56412,10
13.0872097015,80.1951828003,56412,56422,10
13.0872297287,80.1942062378,56422,56432,10
13.0872402191,80.1928863525,56432,56472,40
13.0872402191,80.1928863525,56472,56483,11
13.0872898102,80.192741394,56483,56493,10
13.0873203278,80.1923980713,56493,56503,10
13.087389946,80.1918563843,56503,56513,10
13.0874700546,80.1911621094,56513,56523,10
13.0875597,80.1903381348,56523,56533,10
13.087679863,80.1894683838,56533,56543,10
13.0876903534,80.1889190674,56543,56553,10
13.0876998901,80.1889038086,56553,56563,10
13.0877103806,80.1886825562,56563,56573,10
13.0876998901,80.1885375977,56573,56583,10
13.0877304077,80.1883087158,56583,56594,11
13.087770462,80.1877365112,56594,56604,10
13.0878095627,80.1870269775,56604,56614,10
13.0878295898,80.1863632202,56614,56624,10
13.087849617,80.1857528687,56624,56634,10
13.0878896713,80.1850814819,56634,56644,10
13.0879497528,80.1843566895,56644,56654,10
13.0879602432,80.1835784912,56654,56664,10
13.0880002975,80.1826934814,56664,56674,10
13.0880298615,80.1818771362,56674,56684,10
13.0880699158,80.1810379028,56684,56695,11
13.0880899429,80.1800689697,56695,56705,10
13.0881004333,80.1793823242,56705,56715,10
13.0880804062,80.1788864136,56715,56725,10
13.0880899429,80.1787490845,56725,56735,10
13.0881099701,80.1785812378,56735,56745,10
13.0881204605,80.1782073975,56745,56755,10
13.0881299973,80.1775588989,56755,56765,10
13.0881500244,80.1767807007,56765,56775,10
13.0882196426,80.1758728027,56775,56785,10
13.0882997513,80.1748886108,56785,56795,10
13.0883798599,80.1739273071,56795,56806,11
13.0884504318,80.1728515625,56806,56816,10
13.0884799957,80.1720809937,56816,56826,10
13.0884895325,80.171836853,56826,56836,10
13.0885095596,80.1714401245,56836,56846,10
13.0885601044,80.1708602905,56846,56856,10
13.0886001587,80.1697998047,56856,56906,50
13.0886001587,80.1697998047,56906,56917,11
13.088760376,80.1694412231,56917,56927,10
13.089220047,80.1694793701,56927,56937,10
13.0898599625,80.1695327759,56937,56947,10
13.0906496048,80.169593811,56947,56957,10
13.0910797119,80.1696395874,56957,56967,10
13.091509819,80.1696624756,56967,56977,10
13.0920200348,80.1696777344,56977,56987,10
13.0926399231,80.1697387695,56987,56997,10
13.0932102203,80.169708252,56997,57007,10
13.0937795639,80.1697006226,57007,57018,11
13.0943698883,80.1697692871,57018,57028,10
13.0946598053,80.1697998047,57028,57038,10
13.0949201584,80.1698303223,57038,57046,8
13.0952396393,80.1698532104,57046,57058,12
13.0959796906,80.1698913574,57058,57068,10
13.0967197418,80.169960022,57068,57078,10
13.0969400406,80.1699676514,57078,57088,10
13.0972604752,80.1699905396,57088,57098,10
13.097820282,80.1700134277,57098,57108,10
13.0986003876,80.1700668335,57108,57118,10
13.0995397568,80.1700973511,57118,57149,31
13.0995397568,80.1700973511,57149,57159,10
13.0996999741,80.169960022,57159,57169,10
13.0996799469,80.1697235107,57169,57179,10
13.0994796753,80.1698379517,57179,57219,40
13.0994195938,80.170211792,57219,57542,323
13.0993404388,80.170249939,57542,57734,192
13.0993404388,80.170249939,57734,57744,10
13.0991601944,80.1702804565,57744,57754,10
13.0987701416,80.1702575684,57754,57764,10
13.0981998444,80.170211792,57764,57774,10
13.0975103378,80.1701507568,57774,57785,11
13.096540451,80.1700820923,57785,57795,10
13.0956001282,80.1700210571,57795,57805,10
13.0949497223,80.1699905396,57805,57815,10
13.0948200226,80.1699829102,57815,57825,10
13.0947198868,80.169960022,57825,57835,10
13.0944795609,80.1699295044,57835,57845,10
13.0940704346,80.1699066162,57845,57855,10
13.0934696198,80.1698608398,57855,57865,10
13.0926704407,80.1697921753,57865,57875,10
13.091799736,80.1697387695,57875,57886,11
13.0908403397,80.169670105,57886,57896,10
13.0899200439,80.1696166992,57896,57906,10
13.0889501572,80.1695709229,57906,57946,40
13.0889501572,80.1695709229,57946,57956,10
13.0887699127,80.1695632935,57956,57966,10
13.0886697769,80.1698913574,57966,57974,8
13.0886802673,80.1701202393,57974,57986,12
13.0887002945,80.1703491211,57986,57997,11
13.0886802673,80.1707992554,57997,58007,10
13.088640213,80.17137146,58007,58017,10
13.0886001587,80.1719970703,58017,58027,10
13.0885601044,80.1725769043,58027,58037,10
13.08852005,80.1733398438,58037,58047,10
13.0884599686,80.1742324829,58047,58057,10
13.0884103775,80.1750183105,58057,58067,10
13.0883703232,80.1758499146,58067,58077,10
13.0883197784,80.1767425537,58077,58087,10
13.0883102417,80.1774368286,58087,58097,10
13.0882797241,80.1785507202,58097,58118,21
13.0882797241,80.1785507202,58118,58128,10
13.0882501602,80.178817749,58128,58138,10
13.0882501602,80.1792221069,58138,58148,10
13.0882396698,80.1798019409,58148,58158,10
13.0882196426,80.1805801392,58158,58168,10
13.0881900787,80.1814498901,58168,58178,10
13.0881500244,80.1822509766,58178,58188,10
13.0881099701,80.183052063,58188,58195,7
13.0880899429,80.1836624146,58195,58209,14
13.0880699158,80.1848678589,58209,58219,10
13.0880403519,80.1852035522,58219,58229,10
13.0880098343,80.1855316162,58229,58239,10
13.0879802704,80.186088562,58239,58249,10
13.08796978,80.1868362427,58249,58259,10
13.0879402161,80.1876296997,58259,58269,10
13.0879297256,80.1879272461,58269,58279,10
13.0879096985,80.1880264282,58279,58289,10
13.0879001617,80.1884384155,58289,58299,10
13.0878696442,80.1891098022,58299,58309,10
13.087849617,80.1897735596,58309,58320,11
13.0878295898,80.1898498535,58320,58330,10
13.0877799988,80.1901016235,58330,58340,10
13.0877199173,80.1906204224,58340,58350,10
13.0876302719,80.1913528442,58350,58360,10
13.0874004364,80.1926879883,58360,58419,59
13.0874004364,80.1926879883,58419,58431,12
13.0873498917,80.1930007935,58431,58441,10
13.0873403549,80.1935577393,58441,58451,10
13.0873298645,80.1943283081,58451,58461,10
13.0873203278,80.1952133179,58461,58471,10
13.0873003006,80.1961364746,58471,58481,10
13.0872602463,80.1971893311,58481,58491,10
13.0872602463,80.1978378296,58491,58501,10
13.0872402191,80.1979827881,58501,58511,10
13.0873098373,80.1983566284,58511,58521,10
13.0874795914,80.1985397339,58521,58532,11
13.0879602432,80.1984329224,58532,58542,10
13.0886297226,80.1982803345,58542,58552,10
13.0893497467,80.1984024048,58552,58562,10
13.0900201797,80.1984634399,58562,58572,10
13.0908002853,80.1985321045,58572,58582,10
13.0916404724,80.1986083984,58582,58592,10
13.0925798416,80.1986618042,58592,58602,10
13.093000412,80.1989135742,58602,58612,10
13.0929803848,80.1995010376,58612,58622,10
13.0929698944,80.2004928589,58622,58643,21
13.0929698944,80.2004928589,58643,58653,10
13.0927696228,80.2006607056,58653,58663,10
13.0923595428,80.2006225586,58663,58673,10
13.0916900635,80.2005996704,58673,58683,10
13.0910100937,80.2005691528,58683,58693,10
13.0903301239,80.2005462646,58693,58703,10
13.089630127,80.2005386353,58703,58713,10
13.0888004303,80.2005081177,58713,58723,10
13.0879096985,80.2004776001,58723,58733,10
13.0871400833,80.2004394531,58733,58743,10
13.0864696503,80.2004013062,58743,58754,11
13.0856199265,80.2003707886,58754,58764,10
13.0853595734,80.200302124,58764,58774,10
13.0853204727,80.1999206543,58774,58784,10
13.0853099823,80.1993331909,58784,58794,10
13.0852098465,80.1986999512,58794,58804,10
13.0847702026,80.1986999512,58804,58814,10
13.0842504501,80.1986999512,58814,58824,10
13.0841503143,80.1986923218,58824,58834,10
13.0837898254,80.1987075806,58834,58844,10
13.0830202103,80.1986312866,58844,58915,71
13.0830202103,80.1986312866,58915,58925,10
13.0826997757,80.1986083984,58925,58935,10
13.0821800232,80.1986236572,58935,58945,10
13.0813999176,80.1986312866,58945,58955,10
13.0805196762,80.1986694336,58955,58966,11
13.0794200897,80.1987762451,58966,58976,10
13.0783195496,80.198890686,58976,58986,10
13.077170372,80.1990432739,58986,58996,10
13.0761299133,80.1991500854,58996,59006,10
13.0751199722,80.1993408203,59006,59016,10
13.0742301941,80.1998825073,59016,59026,10
13.073679924,80.2005233765,59026,59036,10
13.0734395981,80.2008285522,59036,59046,10
13.0731201172,80.2012176514,59046,59056,10
13.0726299286,80.2017974854,59056,59065,9
13.0721302032,80.2023620605,59065,59077,12
13.0713596344,80.2032165527,59077,59087,10
13.0706195831,80.2040863037,59087,59097,10
13.0700597763,80.2048492432,59097,59107,10
13.0698795319,80.2050933838,59107,59117,10
13.0698099136,80.2051086426,59117,59127,10
13.0696201324,80.2049789429,59127,59137,10
13.069319725,80.2049179077,59137,59147,10
13.0690803528,80.2052764893,59147,59157,10
13.0685997009,80.2054672241,59157,59167,10
13.0682001114,80.2054672241,59167,59218,51
13.0682001114,80.2054672241,59218,59228,10
13.0679502487,80.2052536011,59228,59238,10
13.0679702759,80.2051086426,59238,59248,10
13.0681600571,80.2049789429,59248,59258,10
13.0684995651,80.2049331665,59258,59268,10
13.0688695908,80.2048034668,59268,59278,10
13.0691995621,80.204750061,59278,59289,11
13.0696296692,80.2047805786,59289,59309,20
13.0696296692,80.2047805786,59309,59319,10
13.0698204041,80.2050018311,59319,59329,10
13.0697603226,80.2053375244,59329,59337,8
13.0695199966,80.2057571411,59337,59348,11
13.0690603256,80.2064971924,59348,59359,11
13.0685396194,80.2073287964,59359,59369,10
13.0680398941,80.2081680298,59369,59379,10
13.0675096512,80.2090377808,59379,59387,8
13.0670099258,80.2097625732,59387,59400,13
13.0658998489,80.2107391357,59400,59410,10
13.065199852,80.2113189697,59410,59420,10
13.0650701523,80.2114105225,59420,59430,10
13.0648202896,80.211517334,59430,59440,10
13.0644197464,80.2116470337,59440,59511,71
13.0640602112,80.2117080688,59511,59642,131
13.0637102127,80.2117614746,59642,59662,20
13.0637102127,80.2117614746,59662,59672,10
13.0632696152,80.2117919922,59672,59682,10
13.0625896454,80.2117996216,59682,59692,10
13.0618200302,80.2117614746,59692,59702,10
13.0606002808,80.2117614746,59702,59712,10
13.0594501495,80.211730957,59712,59723,11
13.0582799911,80.2116928101,59723,59733,10
13.0572395325,80.2116317749,59733,59743,10
13.056139946,80.2116317749,59743,59753,10
13.0550804138,80.2116088867,59753,59763,10
13.0545301437,80.2116088867,59763,59773,10
13.0540599823,80.2117233276,59773,59783,10
13.053319931,80.2119216919,59783,59793,10
13.0524396896,80.2121429443,59793,59803,10
13.051440239,80.2123031616,59803,59813,10
13.0504999161,80.2122268677,59813,59824,11
13.0496997833,80.2122573853,59824,59834,10
13.0493898392,80.2122497559,59834,59844,10
13.0493803024,80.2122497559,59844,59854,10
13.0492401123,80.2121963501,59854,59864,10
13.0488100052,80.2121963501,59864,59874,10
13.0481100082,80.2122497559,59874,59884,10
13.0472202301,80.2123184204,59884,59894,10
13.0461502075,80.2123794556,59894,59904,10
13.0448598862,80.2124481201,59904,59945,41
13.0448598862,80.2124481201,59945,59954,9
13.044549942,80.2124633789,59954,59966,12
13.043970108,80.2124099731,59966,59976,10
13.0431995392,80.2124176025,59976,59986,10
13.0422801971,80.2124099731,59986,59996,10
13.0412597656,80.2124099731,59996,60006,10
13.0401000977,80.2124404907,60006,60016,10
13.0389699936,80.2124023438,60016,60026,10
13.0376195908,80.2123184204,60026,60077,51
13.0376195908,80.2123184204,60077,60087,10
13.0373601913,80.2122192383,60087,60107,20
13.0373601913,80.2122192383,60107,60117,10
13.0369796753,80.2122573853,60117,60127,10
13.0362997055,80.2122879028,60127,60136,9
13.035490036,80.2123031616,60136,60148,12
13.0346002579,80.2122192383,60148,60158,10
13.0341596603,80.2121429443,60158,60168,10
13.034070015,80.2121200562,60168,60178,10
13.0336999893,80.2120285034,60178,60188,10
13.0330200195,80.2118682861,60188,60198,10
13.0322599411,80.2117462158,60198,60208,10
13.0319795609,80.2114105225,60208,60218,10
13.0320501328,80.2108764648,60218,60228,10
13.0321102142,80.2101974487,60228,60238,10
13.0320196152,80.2097167969,60238,60248,10
13.0314702988,80.2095413208,60248,60259,11
13.0306301117,80.2092971802,60259,60269,10
13.0298995972,80.2090835571,60269,60279,10
13.0294904709,80.2089385986,60279,60289,10
13.0292596817,80.2088623047,60289,60299,10
13.0285902023,80.2086791992,60299,60309,10
13.027759552,80.2083969116,60309,60319,10
13.0270004272,80.2079467773,60319,60329,10
13.0261201859,80.2074203491,60329,60339,10
13.0250196457,80.2070007324,60339,60349,10
13.0239896774,80.2068099976,60349,60359,10
13.0231895447,80.2066497803,60359,60369,10
13.0222702026,80.2064285278,60369,60380,11
13.0213499069,80.2064285278,60380,60390,10
13.020359993,80.206451416,60390,60400,10
13.0194101334,80.2064208984,60400,60410,10
13.0190496445,80.2063293457,60410,60420,10
13.0189399719,80.2062835693,60420,60430,10
13.0184698105,80.2061004639,60430,60440,10
13.017780304,80.2058486938,60440,60450,10
13.0171003342,80.2055969238,60450,60459,9
13.0165596008,80.2053070068,60459,60471,12
13.0152597427,80.2049865723,60471,60481,10
13.0143203735,80.2046813965,60481,60491,10
13.0141000748,80.2045898438,60491,60501,10
13.0137395859,80.2044296265,60501,60511,10
13.0135097504,80.2046585083,60511,60521,10
13.0133495331,80.2052612305,60521,60531,10
13.0131196976,80.2060394287,60531,60541,10
13.0130300522,80.2068862915,60541,60551,10
13.0129995346,80.2075271606,60551,60561,10
13.0129098892,80.2078781128,60561,60571,10
13.0129098892,80.2083587646,60571,60582,11
13.0129098892,80.2087173462,60582,60592,10
13.0129899979,80.2092132568,60592,60602,10
13.0132102966,80.2096862793,60602,60612,10
13.0132398605,80.2101211548,60612,60622,10
13.0130996704,80.2108688354,60622,60632,10
13.0127601624,80.2116012573,60632,60642,10
13.0123701096,80.2122192383,60642,60652,10
13.0122098923,80.2124404907,60652,60662,10
13.0119400024,80.2128067017,60662,60672,10
13.0117397308,80.2127990723,60672,60683,11
13.0113697052,80.2125473022,60683,60693,10
13.0107803345,80.2121124268,60693,60703,10
13.0100297928,80.2115020752,60703,60783,80
13.0100297928,80.2115020752,60783,60794,11
13.0097198486,80.211151123,60794,60804,10
13.009519577,80.2110366821,60804,60814,10
13.0093898773,80.2110595703,60814,60824,10
13.0091495514,80.2113571167,60824,60834,10
13.0090999603,80.2117614746,60834,60844,10
13.0092601776,80.2123336792,60844,60854,10
13.0094900131,80.2129974365,60854,60864,10
13.0097799301,80.2137069702,60864,60874,10
13.0100698471,80.2144317627,60874,60884,10
13.0102100372,80.2152786255,60884,60894,10
13.0104503632,80.2161636353,60894,60905,11
13.0109300613,80.2171707153,60905,60915,10
13.0113201141,80.2182235718,60915,60925,10
13.0117502213,80.2193984985,60925,60935,10
13.0121297836,80.2206420898,60935,60945,10
13.012430191,80.2216110229,60945,60955,10
13.0127897263,80.2222137451,60955,60965,10
13.0133399963,80.2227783203,60965,60975,10
13.0138502121,80.2233276367,60975,60984,9
13.0143003464,80.223777771,60984,60995,11
13.0149097443,80.2245330811,60995,61005,10
13.0153799057,80.225112915,61005,61017,12
13.0154104233,80.2256469727,61017,61027,10
13.0150499344,80.2259216309,61027,61037,10
13.0145998001,80.2260971069,61037,61047,10
13.0138902664,80.2263565063,61047,61057,10
13.0130596161,80.2266769409,61057,61067,10
13.012169838,80.2270278931,61067,61077,10
13.0112304688,80.2273788452,61077,61087,10
13.0102796555,80.2277603149,61087,61097,10
13.0096101761,80.2278671265,61097,61107,10
13.0095996857,80.2273864746,61107,61118,11
13.0098695755,80.2267837524,61118,61128,10
13.0102100372,80.2259979248,61128,61138,10
13.0104904175,80.2253799438,61138,61148,10
13.0105199814,80.2253265381,61148,61158,10
13.0106401443,80.2250900269,61158,61168,10
13.0107898712,80.2246627808,61168,61178,10
13.0110197067,80.2240371704,61178,61188,10
13.0112199783,80.2235107422,61188,61198,10
13.0111103058,80.2231826782,61198,61207,9
13.0106601715,80.22290802,61207,61219,12
13.0098800659,80.2224731445,61219,61229,10
13.0091896057,80.2221069336,61229,61239,10
13.0085296631,80.2217407227,61239,61249,10
13.0078401566,80.2213821411,61249,61259,10
13.007109642,80.220993042,61259,61269,10
13.0063199997,80.2206497192,61269,61279,10
13.0054197311,80.220451355,61279,61289,10
13.0046100616,80.2202529907,61289,61299,10
13.0037603378,80.2200775146,61299,61309,10
13.0028800964,80.2198181152,61309,61319,10
13.0021400452,80.2192306519,61319,61330,11
13.0016202927,80.2186813354,61330,61340,10
13.0010499954,80.2182312012,61340,61350,10
13.0003900528,80.2177963257,61350,61360,10
12.9997501373,80.2173995972,61360,61370,10
12.9991397858,80.2170715332,61370,61380,10
12.9984798431,80.2167816162,61380,61390,10
12.9976301193,80.216583252,61390,61400,10
12.9973697662,80.2165374756,61400,61410,10
12.9971399307,80.2165374756,61410,61420,10
12.9966697693,80.216583252,61420,61430,10
12.9959402084,80.2167434692,61430,61441,11
12.9950399399,80.2171096802,61441,61451,10
12.9944095612,80.2175369263,61451,61461,10
12.9938097,80.2179489136,61461,61471,10
12.9931602478,80.2184066772,61471,61481,10
12.9924697876,80.2189407349,61481,61491,10
12.991689682,80.2194824219,61491,61501,10
12.9914598465,80.2195968628,61501,61511,10
12.9913196564,80.219619751,61511,61521,10
12.9910402298,80.2194976807,61521,61531,10
12.990940094,80.2194366455,61531,61542,11
12.9905195236,80.2192764282,61542,61552,10
12.9898796082,80.2190475464,61552,61562,10
12.9890699387,80.2187728882,61562,61572,10
12.9881401062,80.21849823,61572,61582,10
12.987279892,80.2183380127,61582,61592,10
12.9869098663,80.2182693481,61592,61602,10
12.9868097305,80.21824646,61602,61612,10
12.9864702225,80.2181472778,61612,61622,10
12.9857902527,80.2179870605,61622,61632,10
12.9849395752,80.2179336548,61632,61642,10
12.98416996,80.217956543,61642,61653,11
12.9839401245,80.2179718018,61653,61663,10
12.9836101532,80.217956543,61663,61673,10
12.9829597473,80.217956543,61673,61683,10
12.9821300507,80.217956543,61683,61693,10
12.981180191,80.2180862427,61693,61703,10
12.9802503586,80.2184066772,61703,61712,9
12.9795303345,80.2187194824,61712,61724,12
12.9787197113,80.2190475464,61724,61734,10
12.9781799316,80.2192764282,61734,61744,10
12.9774303436,80.2195968628,61744,61754,10
12.9764900208,80.2199935913,61754,61765,11
12.9757699966,80.2203216553,61765,61876,111
12.9757699966,80.2203216553,61876,61886,10
12.9755401611,80.2205276489,61886,61896,10
12.9755601883,80.2208099365,61896,61936,40
12.975859642,80.2210617065,61936,62158,222
12.9761896133,80.221282959,62158,62178,20
12.9761896133,80.221282959,62178,62189,11
12.9765996933,80.2212982178,62189,62199,10
12.9772195816,80.2212524414,62199,62209,10
12.9777603149,80.2211990356,62209,62219,10
12.9781904221,80.2211227417,62219,62229,10
12.9786996841,80.2210922241,62229,62239,10
12.9791498184,80.2211227417,62239,62249,10
12.9794597626,80.2211303711,62249,62259,10
12.9799900055,80.2210769653,62259,62269,10
12.9806900024,80.2210235596,62269,62279,10
12.9814300537,80.2211837769,62279,62288,9
12.9820804596,80.2215805054,62288,62300,12
12.9827003479,80.2217712402,62300,62310,10
12.9829502106,80.2219161987,62310,62320,10
12.9831600189,80.2220611572,62320,62330,10
12.9833402634,80.2221984863,62330,62340,10
12.9836196899,80.2223968506,62340,62350,10
12.9839696884,80.2226104736,62350,62360,10
12.9844903946,80.22290802,62360,62370,10
12.9851303101,80.2232208252,62370,62380,10
12.9855203629,80.2231292725,62380,62390,10
12.9859600067,80.2229766846,62390,62400,10
12.9863700867,80.22290802,62400,62411,11
12.9865503311,80.2229309082,62411,62421,10
12.9868602753,80.2229309082,62421,62431,10
12.9872598648,80.2229309082,62431,62441,10
12.9877996445,80.2227020264,62441,62451,10
12.9884395599,80.2223205566,62451,62461,10
12.988940239,80.2219390869,62461,62471,10
12.989279747,80.2215805054,62471,62481,10
12.9897403717,80.220993042,62481,62491,10
12.9903001785,80.2204666138,62491,62501,10
12.9904899597,80.2203598022,62501,62512,11
12.99077034,80.220123291,62512,62522,10
12.9911699295,80.2197875977,62522,62532,10
12.9915704727,80.2194824219,62532,62542,10
12.992099762,80.2191390991,62542,62552,10
12.9927301407,80.2186737061,62552,62562,10
12.9934101105,80.2181625366,62562,62572,10
12.9940004349,80.2177810669,62572,62582,10
12.9944200516,80.2174682617,62582,62592,10
12.9946203232,80.2173309326,62592,62602,10
12.9948797226,80.2171173096,62602,62612,10
12.995300293,80.2168807983,62612,62623,11
12.9959802628,80.2166595459,62623,62633,10
12.9967603683,80.2165298462,62633,62643,10
12.9972696304,80.2164001465,62643,62653,10
12.997469902,80.216178894,62653,62663,10
12.9975700378,80.2160873413,62663,62673,10
12.9978303909,80.2158126831,62673,62683,10
12.9982700348,80.2153930664,62683,62693,10
12.9988098145,80.2149276733,62693,62703,10
12.9991397858,80.2146987915,62703,62713,10
12.9995498657,80.2143707275,62713,62724,11
13.0,80.2139892578,62724,62734,10
13.0004301071,80.2135620117,62734,62744,10
13.0008201599,80.2132492065,62744,62754,10
13.0011796951,80.2129974365,62754,62764,10
13.0016002655,80.2126998901,62764,62774,10
13.001950264,80.2124633789,62774,62784,10
13.0024003983,80.2122573853,62784,62794,10
13.002790451,80.2121429443,62794,62804,10
13.0031299591,80.2120132446,62804,62814,10
13.0033798218,80.2118988037,62814,62824,10
13.0035400391,80.211730957,62824,62835,11
13.0035800934,80.2111434937,62835,62845,10
13.0035200119,80.2104568481,62845,62855,10
13.0034599304,80.2097473145,62855,62865,10
13.0035896301,80.2090377808,62865,62875,10
13.0040597916,80.2086791992,62875,62885,10
13.0048799515,80.2090377808,62885,62895,10
13.0058002472,80.2094268799,62895,62905,10
13.0063295364,80.2095870972,62905,62915,10
13.006649971,80.2097091675,62915,62925,10
13.0073604584,80.2097625732,62925,62946,21
13.0073604584,80.2097625732,62946,62954,8
13.0075798035,80.2098617554,62954,62966,12
13.0078802109,80.2099533081,62966,62976,10
13.0081300735,80.2099075317,62976,62986,10
13.0080699921,80.209487915,62986,62996,10
13.0079698563,80.2088165283,62996,63006,10
13.0078401566,80.2079086304,63006,63016,10
13.0076999664,80.2071380615,63016,63026,10
13.0075998306,80.2063903809,63026,63036,10
13.0075101852,80.2055511475,63036,63047,11
13.0075101852,80.204788208,63047,63057,10
13.0074901581,80.2040863037,63057,63067,10
13.0073699951,80.2032699585,63067,63077,10
13.0069704056,80.2025985718,63077,63087,10
13.0065402985,80.2029724121,63087,63097,10
13.0068998337,80.203453064,63097,63107,10
13.007519722,80.2036972046,63107,63117,10
13.0082902908,80.2037506104,63117,63127,10
13.0092496872,80.2036819458,63127,63137,10
13.0103702545,80.2036437988,63137,63147,10
13.0115604401,80.2037277222,63147,63158,11
13.0127096176,80.2039413452,63158,63168,10
13.0133600235,80.2041015625,63168,63178,10
13.0137395859,80.204246521,63178,63188,10
13.0142498016,80.2043991089,63188,63198,10
13.0147895813,80.2045898438,63198,63208,10
13.0148000717,80.2045974731,63208,63218,10
13.0150098801,80.204750061,63218,63228,10
13.0153799057,80.2048797607,63228,63238,10
13.01583004,80.2050018311,63238,63248,10
13.0163297653,80.2050476074,63248,63259,11
13.0168800354,80.2053222656,63259,63269,10
13.0173397064,80.2054595947,63269,63279,10
13.0176296234,80.205581665,63279,63289,10
13.0179796219,80.2057266235,63289,63299,10
13.0183801651,80.2058563232,63299,63309,10
13.0184803009,80.2058868408,63309,63319,10
13.0186901093,80.2060012817,63319,63329,10
13.0191297531,80.206199646,63329,63339,10
13.0198802948,80.2063522339,63339,63349,10
13.0207595825,80.2063827515,63349,63359,10
13.0215301514,80.2063827515,63359,63370,11
13.0222301483,80.2063980103,63370,63380,10
13.0230197906,80.2066116333,63380,63390,10
13.0237998962,80.2066574097,63390,63400,10
13.0240402222,80.2066802979,63400,63410,10
13.0243301392,80.2067565918,63410,63420,10
13.024939537,80.2069396973,63420,63430,10
13.0254898071,80.2071304321,63430,63440,10
13.0259399414,80.207321167,63440,63450,10
13.0265102386,80.2076263428,63450,63460,10
13.0272502899,80.2080688477,63460,63470,10
13.0280895233,80.2085037231,63470,63481,11
13.0290699005,80.208770752,63481,63491,10
13.029589653,80.2089309692,63491,63501,10
13.0303096771,80.2091827393,63501,63511,10
13.0314702988,80.2094497681,63511,63531,20
13.0314702988,80.2094497681,63531,63541,10
13.031829834,80.2095108032,63541,63551,10
13.0323495865,80.2096328735,63551,63561,10
13.0332698822,80.2098007202,63561,63571,10
13.0343103409,80.2100067139,63571,63582,11
13.0350198746,80.2102890015,63582,63592,10
13.0349502563,80.2108535767,63592,63602,10
13.0348997116,80.2114181519,63602,63612,10
13.034910202,80.2117004395,63612,63622,10
13.0348796844,80.2118835449,63622,63632,10
13.0350704193,80.2122879028,63632,63642,10
13.0357303619,80.2123031616,63642,63651,9
13.0363903046,80.2123413086,63651,63662,11
13.0369596481,80.212310791,63662,63682,20
13.0369596481,80.212310791,63682,63693,11
13.0374298096,80.2123565674,63693,63703,10
13.038020134,80.2123565674,63703,63713,10
13.0388298035,80.2123031616,63713,63723,10
13.0397996902,80.2122879028,63723,63733,10
13.0407896042,80.2122879028,63733,63743,10
13.0419797897,80.2123031616,63743,63753,10
13.0430297852,80.2122573853,63753,63763,10
13.0434398651,80.2122421265,63763,63773,10
13.0438499451,80.2122573853,63773,63783,10
13.0442199707,80.2122497559,63783,63794,11
13.0447101593,80.2122497559,63794,63804,10
13.0453100204,80.2122573853,63804,63814,10
13.0458803177,80.2122573853,63814,63824,10
13.0462703705,80.2122497559,63824,63834,10
13.0465803146,80.2122192383,63834,63844,10
13.046790123,80.2122116089,63844,63854,10
13.0471000671,80.2121963501,63854,63863,9
13.0474004745,80.2121734619,63863,63874,11
13.047419548,80.2121734619,63874,63884,10
13.0476398468,80.2121582031,63884,63894,10
13.0479698181,80.2121276855,63894,63915,21
13.0479698181,80.2121276855,63915,63925,10
13.0481996536,80.212097168,63925,63935,10
13.0485200882,80.2120437622,63935,64066,131
13.0485200882,80.2120437622,64066,64076,10
13.0489397049,80.2119827271,64076,64086,10
13.0491800308,80.2119522095,64086,64096,10
13.0494203568,80.2119293213,64096,64106,10
13.0496301651,80.2119064331,64106,64117,11
13.0498199463,80.2118835449,64117,64127,10
13.0499897003,80.2118835449,64127,64137,10
13.0504198074,80.2119216919,64137,64157,20
13.0504198074,80.2119216919,64157,64167,10
13.0507698059,80.2120285034,64167,64177,10
13.051150322,80.2119598389,64177,64187,10
13.0520801544,80.2117996216,64187,64197,10
13.0532503128,80.2115783691,64197,64207,10
13.0542097092,80.2114562988,64207,64216,9
13.0545701981,80.21144104,64216,64228,12
13.0551996231,80.2114486694,64228,64238,10
13.056019783,80.211479187,64238,64248,10
13.0567302704,80.211479187,64248,64258,10
13.057299614,80.21144104,64258,64268,10
13.0573797226,80.21144104,64268,64278,10
13.0578203201,80.211479187,64278,64288,10
13.0584802628,80.2115020752,64288,64298,10
13.0592298508,80.2115631104,64298,64308,10
13.0602502823,80.2116012573,64308,64318,10
13.0612897873,80.2116317749,64318,64328,10
13.0619096756,80.2115783691,64328,64339,11
13.0627698898,80.2115020752,64339,64349,10
13.0630598068,80.2115020752,64349,64359,10
13.0631198883,80.2115020752,64359,64369,10
13.0633897781,80.2114715576,64369,64379,10
13.0638599396,80.2114715576,64379,64389,10
13.0645999908,80.2113037109,64389,64399,10
13.0654001236,80.2108535767,64399,64409,10
13.0660600662,80.210319519,64409,64419,10
13.0666799545,80.209777832,64419,64429,10
13.0672101974,80.2090606689,64429,64440,11
13.0673599243,80.2088012695,64440,64450,10
13.0673999786,80.208732605,64450,64460,10
13.0676202774,80.2083969116,64460,64470,10
13.0679597855,80.2078170776,64470,64480,10
13.0684204102,80.2070999146,64480,64490,10
13.0689496994,80.2062835693,64490,64500,10
13.0693702698,80.2055892944,64500,64510,10
13.0695199966,80.2053070068,64510,64520,10
13.0695495605,80.2052612305,64520,64530,10
13.0696496964,80.2049636841,64530,64540,10
13.0693302155,80.2049636841,64540,64551,11
13.0690603256,80.2053833008,64551,64561,10
13.0687503815,80.2051620483,64561,64569,8
13.0708398819,80.2036819458,64569,64639,70
13.0708398819,80.2036819458,64639,64660,21
13.0715703964,80.2027282715,64660,64720,60
13.0715703964,80.2027282715,64720,64730,10
13.0717096329,80.2026290894,64730,64740,10
13.0718803406,80.2024688721,64740,64750,10
13.072019577,80.2023162842,64750,64761,11
13.0721597672,80.2021636963,64761,64771,10
13.0723104477,80.2020187378,64771,64781,10
13.0724697113,80.2018585205,64781,64791,10
13.0727701187,80.201499939,64791,64801,10
13.0730495453,80.201171875,64801,64811,10
13.0733499527,80.200843811,64811,64821,10
13.0736398697,80.2004776001,64821,64831,10
13.0740804672,80.1999282837,64831,64861,30
13.0740804672,80.1999282837,64861,64872,11
13.0743703842,80.1996765137,64872,64882,10
13.074669838,80.1994171143,64882,64892,10
13.0752601624,80.1991882324,64892,64902,10
13.0760803223,80.1991424561,64902,64912,10
13.0769796371,80.1990737915,64912,64922,10
13.0778999329,80.1989517212,64922,64932,10
13.0787801743,80.1988220215,64932,64942,10
13.079460144,80.1987686157,64942,64952,10
13.0800504684,80.1987075806,64952,64962,10
13.0806398392,80.1986618042,64962,64973,11
13.081319809,80.1986312866,64973,64983,10
13.0819702148,80.1986083984,64983,64993,10
13.082400322,80.1985626221,64993,65003,10
13.0824203491,80.1985473633,65003,65013,10
13.0826301575,80.1985473633,65013,65023,10
13.0829801559,80.1985626221,65023,65033,10
13.0833396912,80.1985397339,65033,65043,10
13.0836200714,80.1985168457,65043,65053,10
13.0839700699,80.1985092163,65053,65063,10
13.0844097137,80.1985168457,65063,65072,9
13.084810257,80.1985015869,65072,65094,22
13.084810257,80.1985015869,65094,65104,10
13.0852499008,80.1984710693,65104,65114,10
13.0855102539,80.1984405518,65114,65124,10
13.0859298706,80.1984176636,65124,65134,10
13.0864496231,80.1984176636,65134,65144,10
13.0869197845,80.1984176636,65144,65154,10
13.087100029,80.1982116699,65154,65164,10
13.0871696472,80.1980209351,65164,65174,10
13.087220192,80.1979064941,65174,65185,11
13.0872497559,80.1974487305,65185,65195,10
13.0872497559,80.1967926025,65195,65205,10
13.0872602463,80.1959762573,65205,65215,10
13.0872402191,80.1953735352,65215,65225,10
13.0872402191,80.1946716309,65225,65235,10
13.0872497559,80.1938476563,65235,65245,10
13.0872001648,80.1931686401,65245,65255,10
13.087220192,80.192779541,65255,65265,10
13.0872802734,80.1924591064,65265,65275,10
13.087389946,80.1918792725,65275,65285,10
13.0874795914,80.1912078857,65285,65296,11
13.0875997543,80.190322876,65296,65306,10
13.0876903534,80.189163208,65306,65326,20
13.0876903534,80.189163208,65326,65336,10
13.0877103806,80.1885604858,65336,65376,40
13.0877103806,80.1885604858,65376,65386,10
13.087770462,80.1882171631,65386,65396,10
13.087770462,80.1878967285,65396,65407,11
13.0878200531,80.1873474121,65407,65417,10
13.0878400803,80.1867218018,65417,65427,10
13.0878295898,80.1860580444,65427,65437,10
13.0878200531,80.1856002808,65437,65447,10
13.0878696442,80.1848678589,65447,65457,10
13.0879001617,80.1840286255,65457,65467,10
13.0879602432,80.1831130981,65467,65477,10
13.0879898071,80.1824569702,65477,65487,10
13.0879898071,80.1821365356,65487,65497,10
13.0880098343,80.1815567017,65497,65508,11
13.0880098343,80.1802062988,65508,65528,20
13.0880098343,80.1802062988,65528,65538,10
13.0880403519,80.1799621582,65538,65548,10
13.0880403519,80.1797485352,65548,65558,10
13.088060379,80.1794586182,65558,65568,10
13.0880699158,80.1792831421,65568,65578,10
13.0880899429,80.1791000366,65578,65588,10
13.0880804062,80.1787109375,65588,65598,10
13.0880699158,80.1781997681,65598,65608,10
13.0880899429,80.1776885986,65608,65619,11
13.0880899429,80.1772613525,65619,65629,10
13.088139534,80.1767196655,65629,65639,10
13.0881996155,80.1759262085,65639,65649,10
13.088259697,80.175239563,65649,65659,10
13.0882701874,80.1749267578,65659,65669,10
13.0882997513,80.1745071411,65669,65679,10
13.0883703232,80.1739425659,65679,65689,10
13.0884103775,80.1732635498,65689,65699,10
13.0884504318,80.1725997925,65699,65709,10
13.0884504318,80.17212677,65709,65720,11
13.0884799957,80.1719436646,65720,65730,10
13.0885000229,80.1717224121,65730,65740,10
13.08852005,80.1714019775,65740,65750,10
13.0885601044,80.1708679199,65750,65760,10
13.0886001587,80.1701583862,65760,65770,10
13.0887699127,80.1696395874,65770,65780,10
13.089220047,80.169631958,65780,65790,10
13.0898303986,80.1696472168,65790,65800,10
13.0905399323,80.1696777344,65800,65810,10
13.0912103653,80.1697311401,65810,65820,10
13.0918197632,80.1697616577,65820,65831,11
13.0925703049,80.1697998047,65831,65841,10
13.0932502747,80.1698379517,65841,65851,10
13.0939502716,80.1698608398,65851,65861,10
13.0944499969,80.1698608398,65861,65871,10
13.0944700241,80.1698684692,65871,65881,10
13.0948095322,80.1699295044,65881,65901,20
13.0948095322,80.1699295044,65901,65911,10
13.0949201584,80.169960022,65911,65921,10
13.0951595306,80.1699676514,65921,65931,10
13.0956401825,80.1700134277,65931,65942,11
13.0964298248,80.1700363159,65942,65952,10
13.0972604752,80.1700897217,65952,65962,10
13.0980501175,80.1701202393,65962,65972,10
13.0987901688,80.1701583862,65972,65982,10
13.0993099213,80.1701889038,65982,65992,10
13.0996904373,80.1699523926,65992,66043,51
13.0996904373,80.1699523926,66043,66053,10
13.0993795395,80.1699066162,66053,66870,817
13.099360466,80.1702270508,66870,66941,71
13.099360466,80.1702270508,66941,66951,10
13.09897995,80.1703033447,66951,66961,10
13.0984897614,80.170249939,66961,66971,10
13.0979499817,80.1701812744,66971,66981,10
13.097410202,80.1701202393,66981,66991,10
13.0967998505,80.1700668335,66991,67001,10
13.0960903168,80.1700286865,67001,67012,11
13.0949602127,80.1699905396,67012,67032,20
13.0949602127,80.1699905396,67032,67042,10
13.0946598053,80.1699676514,67042,67052,10
13.0944595337,80.169960022,67052,67062,10
13.0941295624,80.1699371338,67062,67072,10
13.0936203003,80.1698989868,67072,67082,10
13.0929698944,80.1698608398,67082,67092,10
13.0922803879,80.1698226929,67092,67102,10
13.0917100906,80.1697463989,67102,67112,10
13.091050148,80.169708252,67112,67123,11
13.0902795792,80.169670105,67123,67133,10
13.0895795822,80.1696166992,67133,67143,10
13.0889797211,80.169593811,67143,67153,10
13.088640213,80.1696777344,67153,67163,10
13.088640213,80.169921875,67163,67173,10
13.088640213,80.1701278687,67173,67183,10
13.088640213,80.1704711914,67183,67193,10
13.0886096954,80.1708068848,67193,67203,10
13.0886096954,80.1713180542,67203,67213,10
13.0886001587,80.1718215942,67213,67223,10
13.0885896683,80.1719970703,67223,67234,11
13.0885696411,80.1720581055,67234,67244,10
13.088549614,80.1724014282,67244,67254,10
13.08852005,80.1729431152,67254,67264,10
13.0884895325,80.1734771729,67264,67274,10
13.088470459,80.1740112305,67274,67284,10
13.0884399414,80.174621582,67284,67294,10
13.0884103775,80.1751098633,67294,67304,10
13.0883598328,80.1755981445,67304,67314,10
13.0883197784,80.1761474609,67314,67323,9
13.0882902145,80.1767730713,67323,67335,12
13.0882701874,80.1773834229,67335,67345,10
13.088259697,80.177947998,67345,67355,10
13.0882701874,80.1784667969,67355,67365,10
13.088259697,80.1785888672,67365,67375,10
13.0882501602,80.1786804199,67375,67385,10
13.0882396698,80.1790466309,67385,67395,10
13.0882396698,80.1796188354,67395,67405,10
13.0882101059,80.1801986694,67405,67415,10
13.0881795883,80.1809234619,67415,67425,10
13.0881500244,80.181678772,67425,67435,10
13.0881204605,80.1823806763,67435,67446,11
13.0880804062,80.1831588745,67446,67456,10
13.0880403519,80.1839599609,67456,67466,10
13.0880002975,80.1847610474,67466,67476,10
13.08796978,80.1855163574,67476,67486,10
13.0879297256,80.1861114502,67486,67496,10
13.0879201889,80.1868896484,67496,67506,10
13.0879001617,80.1876678467,67506,67516,10
13.0878696442,80.1883010864,67516,67526,10
13.0878295898,80.1889877319,67526,67536,10
13.0878000259,80.1896209717,67536,67547,11
13.087770462,80.1899032593,67547,67567,20
13.087770462,80.1899032593,67567,67577,10
13.0877199173,80.190246582,67577,67587,10
13.0876398087,80.1908035278,67587,67597,10
13.0875501633,80.1915283203,67597,67607,10
13.087439537,80.1923065186,67607,67637,30
13.087439537,80.1923065186,67637,67647,10
13.0874204636,80.1925201416,67647,67658,11
13.0873804092,80.1928329468,67658,67668,10
13.0873498917,80.193321228,67668,67678,10
13.0873403549,80.1940612793,67678,67688,10
13.0873098373,80.1948394775,67688,67698,10
13.0873003006,80.1956176758,67698,67708,10
13.0872898102,80.1963119507,67708,67718,10
13.0872602463,80.1970977783,67718,67728,10
13.0872602463,80.1978225708,67728,67738,10
13.0872497559,80.1979064941,67738,67748,10
13.0872402191,80.1980667114,67748,67759,11
13.0873498917,80.1985321045,67759,67769,10
13.0875196457,80.1985702515,67769,67779,10
13.0879402161,80.1985092163,67779,67789,10
13.0885801315,80.1984634399,67789,67799,10
13.0892801285,80.1985015869,67799,67809,10
13.0900096893,80.1985397339,67809,67819,10
13.0907802582,80.1986312866,67819,67829,10
13.0913696289,80.1986923218,67829,67839,10
13.0917196274,80.1987075806,67839,67849,10
13.0921497345,80.1987380981,67849,67859,10
13.0927095413,80.1987533569,67859,67870,11
13.0929803848,80.1988677979,67870,67880,10
13.0929603577,80.1991577148,67880,67890,10
13.0929403305,80.1994934082,67890,67900,10
13.0929203033,80.1999816895,67900,67910,10
13.0929002762,80.2004013062,67910,67930,20
13.0929002762,80.2004013062,67930,67940,10
13.0927295685,80.2006378174,67940,67950,10
13.0924100876,80.2006378174,67950,67960,10
13.0919504166,80.2006607056,67960,67970,10
13.091340065,80.2006378174,67970,67981,11
13.0908203125,80.2006378174,67981,67991,10
13.0903396606,80.2006530762,67991,68001,10
13.089679718,80.200630188,68001,68011,10
13.0888700485,80.2005386353,68011,68021,10
13.0883703232,80.2005386353,68021,68031,10
13.0880403519,80.2005081177,68031,68041,10
13.0878095627,80.2005004883,68041,68051,10
13.0876703262,80.2004776001,68051,68061,10
13.0873098373,80.2004699707,68061,68082,21
13.0873098373,80.2004699707,68082,68092,10
13.0871200562,80.2004776001,68092,68102,10
13.0868396759,80.2005004883,68102,68112,10
13.0865297318,80.2004699707,68112,68122,10
13.0861902237,80.2004394531,68122,68162,40
13.0858001709,80.2004165649,68162,68193,31
13.0858001709,80.2004165649,68193,68203,10
13.0853900909,80.2003936768,68203,68213,10
13.0853099823,80.2001571655,68213,68223,10
13.0852804184,80.1997299194,68223,68233,10
13.0852499008,80.1990966797,68233,68243,10
13.0850896835,80.1988220215,68243,68253,10
13.0847597122,80.1987762451,68253,68263,10
13.0841999054,80.1987686157,68263,68282,19
13.0841999054,80.1987686157,68282,68294,12
13.0831804276,80.1987533569,68294,68384,90
13.0831804276,80.1987533569,68384,68394,10
13.0829801559,80.1986465454,68394,68405,11
13.0827102661,80.1986312866,68405,68415,10
13.0823097229,80.198638916,68415,68425,10
13.0819301605,80.198677063,68425,68435,10
13.081580162,80.1987228394,68435,68445,10
13.0809803009,80.1987304688,68445,68455,10
13.0803203583,80.1987686157,68455,68465,10
13.0796804428,80.1988525391,68465,68475,10
13.0789899826,80.1988830566,68475,68485,10
13.0783195496,80.1990127563,68485,68495,10
13.077460289,80.1990890503,68495,68505,10
13.0766201019,80.199180603,68505,68516,11
13.0756902695,80.1992721558,68516,68526,10
13.0748596191,80.1995162964,68526,68536,10
13.074259758,80.1999130249,68536,68546,10
13.0740003586,80.2001419067,68546,68556,10
13.0738296509,80.2003631592,68556,68566,10
13.0736598969,80.2005767822,68566,68576,10
13.0736398697,80.200592041,68576,68586,10
13.0734996796,80.2007675171,68586,68596,10
13.0732498169,80.2010574341,68596,68637,41
13.0732498169,80.2010574341,68637,68647,10
13.0730104446,80.2013702393,68647,68657,10
13.0729198456,80.2014923096,68657,68667,10
13.0728397369,80.2015914917,68667,68677,10
13.0727500916,80.2016677856,68677,68687,10
13.0725803375,80.2018508911,68687,68697,10
13.0723495483,80.2021026611,68697,68707,10
13.0719804764,80.2024993896,68707,68717,10
13.0714998245,80.2030487061,68717,68728,11
13.0709600449,80.2036819458,68728,68738,10
13.0704202652,80.2043304443,68738,68748,10
13.0699396133,80.2050094604,68748,68778,30
13.0699396133,80.2050094604,68778,68788,10
13.0696601868,80.2050323486,68788,68798,10
13.0694303513,80.2049331665,68798,68808,10
13.0691795349,80.2052536011,68808,68817,9
13.0689401627,80.2054367065,68817,68829,12
13.0679502487,80.2054290771,68829,68899,70
13.0679502487,80.2054290771,68899,68908,9
13.0680599213,80.205039978,68908,68919,11
13.0685596466,80.2048492432,68919,68940,21
13.0685596466,80.2048492432,68940,68950,10
13.0687999725,80.2047805786,68950,68960,10
13.0692396164,80.2047805786,68960,68980,20
13.0692396164,80.2047805786,68980,68990,10
13.0695400238,80.2048492432,68990,69000,10
13.0697698593,80.2049865723,69000,69010,10
13.069729805,80.205368042,69010,69020,10
13.0693998337,80.2058792114,69020,69030,10
13.0689697266,80.2065582275,69030,69040,10
13.068479538,80.207359314,69040,69051,11
13.0679302216,80.2082519531,69051,69061,10
13.0674695969,80.209022522,69061,69071,10
13.06690979,80.2098464966,69071,69081,10
13.0661096573,80.2105636597,69081,69091,10
13.0654697418,80.2111434937,69091,69101,10
13.0651798248,80.2113189697,69101,69111,10
13.0651302338,80.2113494873,69111,69121,10
13.0648298264,80.2114562988,69121,69131,10
13.0644798279,80.2115631104,69131,69141,10
13.0641002655,80.2116394043,69141,69152,11
13.0635795593,80.211730957,69152,69162,10
13.0630903244,80.211769104,69162,69172,10
13.0625200272,80.2118225098,69172,69182,10
13.0621299744,80.211807251,69182,69192,10
13.0616703033,80.2117919922,69192,69202,10
13.0607099533,80.2117462158,69202,69212,10
13.0598897934,80.2117080688,69212,69222,10
13.0590496063,80.2116928101,69222,69232,10
13.0585298538,80.2116699219,69232,69242,10
13.0580501556,80.2116775513,69242,69253,11
13.0579395294,80.2116699219,69253,69263,10
13.0576200485,80.2116470337,69263,69273,10
13.0571603775,80.2116394043,69273,69283,10
13.0565795898,80.2116165161,69283,69293,10
13.0558595657,80.2116088867,69293,69303,10
13.0551099777,80.2115936279,69303,69313,10
13.0547199249,80.2116165161,69313,69323,10
13.0544500351,80.2116394043,69323,69332,9
13.0539999008,80.211730957,69332,69343,11
13.0532598495,80.2118988037,69343,69353,10
13.0525999069,80.2120819092,69353,69364,11
13.0521297455,80.2121810913,69364,69374,10
13.0517396927,80.2122268677,69374,69384,10
13.0512800217,80.2122497559,69384,69394,10
13.0507202148,80.212387085,69394,69434,40
13.0504999161,80.2122497559,69434,69505,71
13.0504999161,80.2122497559,69505,69515,10
13.0503396988,80.2121582031,69515,69525,10
13.050160408,80.2121505737,69525,69535,10
13.0499000549,80.2121429443,69535,69545,10
13.0494804382,80.2121963501,69545,69596,51
13.0494804382,80.2121963501,69596,69606,10
13.0489597321,80.2121810913,69606,69616,10
13.0485095978,80.2122192383,69616,69626,10
13.0479001999,80.2122802734,69626,69636,10
13.0471000671,80.2123413086,69636,69646,10
13.0461397171,80.212387085,69646,69656,10
13.0452203751,80.2124176025,69656,69665,9
13.0449199677,80.2124633789,69665,69676,11
13.0446796417,80.2124710083,69676,69687,11
13.0443096161,80.2124404907,69687,69697,10
13.0437498093,80.2124328613,69697,69707,10
13.0430402756,80.2124176025,69707,69717,10
13.0425596237,80.212387085,69717,69727,10
13.0422000885,80.2124023438,69727,69737,10
13.041560173,80.2124176025,69737,69747,10
13.0406703949,80.212348938,69747,69757,10
13.0397796631,80.2123794556,69757,69767,10
13.0392103195,80.2124404907,69767,69777,10
13.0386695862,80.2124481201,69777,69788,11
13.0382699966,80.2124786377,69788,69878,90
13.0382699966,80.2124786377,69878,69887,9
13.0376901627,80.2124710083,69887,69899,12
13.0371398926,80.2124404907,69899,69909,10
13.0367298126,80.2124099731,69909,69919,10
13.0362100601,80.212387085,69919,69929,10
13.0359096527,80.2123718262,69929,69939,10
13.0356302261,80.2123794556,69939,69969,30
13.0356302261,80.2123794556,69969,69979,10
13.0353097916,80.2123413086,69979,70010,31
13.0353097916,80.2123413086,70010,70020,10
13.0348796844,80.212310791,70020,70030,10
13.0346899033,80.212272644,70030,70040,10
13.034529686,80.2122421265,70040,70050,10
13.0343904495,80.2122192383,70050,70060,10
13.0340595245,80.2121810913,70060,70080,20
13.0340595245,80.2121810913,70080,70090,10
13.0337295532,80.212097168,70090,70100,10
13.0335197449,80.212020874,70100,70111,11
13.0330896378,80.2119216919,70111,70121,10
13.0324602127,80.2118225098,70121,70131,10
13.031920433,80.2115707397,70131,70141,10
13.0319900513,80.2108917236,70141,70151,10
13.0320596695,80.2101516724,70151,70161,10
13.0320301056,80.2097320557,70161,70171,10
13.0316801071,80.2096099854,70171,70181,10
13.031129837,80.2094497681,70181,70191,10
13.0305995941,80.209312439,70191,70201,10
13.0303096771,80.2092514038,70201,70211,10
13.0299396515,80.2091217041,70211,70222,11
13.0299100876,80.2090911865,70222,70232,10
13.0296697617,80.2090072632,70232,70242,10
13.0294103622,80.2089385986,70242,70252,10
13.0290603638,80.2088394165,70252,70262,10
13.0284500122,80.2086715698,70262,70272,10
13.0277500153,80.2084274292,70272,70282,10
13.0271100998,80.2080764771,70282,70292,10
13.0263900757,80.207649231,70292,70302,10
13.0255498886,80.2071990967,70302,70312,10
13.0247001648,80.2070465088,70312,70323,11
13.0243396759,80.2069778442,70323,70333,10
13.0241699219,80.2069320679,70333,70343,10
13.0237398148,80.2068099976,70343,70353,10
13.0231304169,80.2066802979,70353,70363,10
13.0223903656,80.2065734863,70363,70373,10
13.0217103958,80.206489563,70373,70383,10
13.0211801529,80.2064590454,70383,70393,10
13.0204000473,80.206451416,70393,70403,10
13.019610405,80.2064208984,70403,70413,10
13.0190496445,80.2063674927,70413,70423,10
13.0190200806,80.2063598633,70423,70434,11
13.0188798904,80.2062835693,70434,70444,10
13.018529892,80.206161499,70444,70454,10
13.0179300308,80.2059631348,70454,70464,10
13.0175104141,80.2057876587,70464,70474,10
13.0171003342,80.205657959,70474,70484,10
13.016500473,80.2053604126,70484,70494,10
13.015540123,80.2050933838,70494,70504,10
13.0147304535,80.2048187256,70504,70514,10
13.0142803192,80.2046813965,70514,70535,21
13.0142803192,80.2046813965,70535,70545,10
13.0141801834,80.2045822144,70545,70555,10
13.0138998032,80.2044906616,70555,70565,10
13.0135803223,80.2044677734,70565,70575,10
13.0134601593,80.2048416138,70575,70585,10
13.0133399963,80.2053070068,70585,70595,10
13.0131797791,80.205909729,70595,70605,10
13.0130195618,80.2066879272,70605,70615,10
13.0129404068,80.2075119019,70615,70625,10
13.0128602982,80.2079315186,70625,70635,10
13.012840271,80.2083892822,70635,70646,11
13.012840271,80.2087402344,70646,70656,10
13.0128898621,80.2091522217,70656,70666,10
13.0130796432,80.209602356,70666,70676,10
13.0131998062,80.2100067139,70676,70686,10
13.0130996704,80.2106018066,70686,70696,10
13.0129499435,80.2111434937,70696,70706,10
13.0126895905,80.2116394043,70706,70716,10
13.0123796463,80.2121810913,70716,70726,10
13.0120801926,80.2126083374,70726,70736,10
13.0117902756,80.2128219604,70736,70746,10
13.0114803314,80.2126693726,70746,70757,11
13.0109996796,80.2123565674,70757,70767,10
13.0104799271,80.2119522095,70767,70817,50
13.0102701187,80.2116699219,70817,70847,30
13.0099601746,80.21144104,70847,70878,31
13.0095901489,80.211227417,70878,70928,50
13.0092802048,80.2110595703,70928,70958,30
13.0092802048,80.2110595703,70958,70969,11
13.0090904236,80.2113571167,70969,70979,10
13.0090303421,80.2115936279,70979,70989,10
13.0090904236,80.2119827271,70989,70999,10
13.0092601776,80.2125015259,70999,71009,10
13.0094499588,80.2130126953,71009,71019,10
13.0096101761,80.213470459,71019,71029,10
13.0097799301,80.2138900757,71029,71039,10
13.0099802017,80.2143630981,71039,71049,10
13.0101299286,80.2149124146,71049,71059,10
13.010219574,80.2156066895,71059,71070,11
13.0105104446,80.2163696289,71070,71080,10
13.010840416,80.217086792,71080,71090,10
13.0111503601,80.2177963257,71090,71100,10
13.0114402771,80.2186965942,71100,71110,10
13.0117998123,80.2196807861,71110,71120,10
13.0120897293,80.2205886841,71120,71130,10
13.0123195648,80.2213363647,71130,71140,10
13.0125904083,80.2218399048,71140,71150,10
13.0130500793,80.2224121094,71150,71160,10
13.0136003494,80.2230377197,71160,71170,10
13.0141000748,80.2236480713,71170,71181,11
13.0147104263,80.224357605,71181,71191,10
13.0150203705,80.2247314453,71191,71201,10
13.0150499344,80.2247619629,71201,71211,10
13.0152997971,80.2250823975,71211,71221,10
13.0154495239,80.2253799438,71221,71231,10
13.0153303146,80.225769043,71231,71241,10
13.0148496628,80.226020813,71241,71251,10
13.0141801834,80.2262573242,71251,71261,10
13.0134000778,80.2265625,71261,71271,10
13.0125999451,80.2268676758,71271,71282,11
13.0116701126,80.2272262573,71282,71292,10
13.0107803345,80.2275695801,71292,71302,10
13.0099096298,80.227897644,71302,71312,10
13.0094299316,80.227722168,71312,71322,10
13.0096197128,80.227180481,71322,71332,10
13.0099201202,80.2265396118,71332,71342,10
13.0102396011,80.2258682251,71342,71352,10
13.0104398727,80.2253723145,71352,71362,10
13.0106296539,80.2249603271,71362,71372,10
13.010840416,80.2244873047,71372,71382,10
13.0110397339,80.2240219116,71382,71393,11
13.0112304688,80.2235107422,71393,71403,10
13.0111503601,80.2231521606,71403,71413,10
13.0106897354,80.2229385376,71413,71423,10
13.0100603104,80.222618103,71423,71433,10
13.0094003677,80.2222976685,71433,71443,10
13.0087099075,80.2219009399,71443,71453,10
13.0079898834,80.2215270996,71453,71463,10
13.007229805,80.2211227417,71463,71473,10
13.0064601898,80.2207489014,71473,71483,10
13.0056295395,80.2205581665,71483,71494,11
13.0045995712,80.2203598022,71494,71504,10
13.0038003922,80.2201690674,71504,71514,10
13.0030403137,80.2199630737,71514,71524,10
13.0023097992,80.2194976807,71524,71534,10
13.0018701553,80.2190628052,71534,71544,10
13.001540184,80.2186889648,71544,71554,10
13.0011501312,80.2183990479,71554,71564,10
13.0006999969,80.2180709839,71564,71574,10
13.0001401901,80.2177200317,71574,71584,10
12.9994802475,80.2173233032,71584,71594,10
12.9987401962,80.2170028687,71594,71605,11
12.9981803894,80.2167282104,71605,71625,20
12.9981803894,80.2167282104,71625,71635,10
12.998000145,80.2166290283,71635,71675,40
12.998000145,80.2166290283,71675,71685,10
12.9973897934,80.2165985107,71685,71705,20
12.9973897934,80.2165985107,71705,71716,11
12.9969596863,80.2165985107,71716,71726,10
12.9968795776,80.2166137695,71726,71736,10
12.9966201782,80.2166213989,71736,71746,10
12.9962997437,80.2166976929,71746,71756,10
12.9960203171,80.2167510986,71756,71766,10
12.9957895279,80.216796875,71766,71776,10
12.9955596924,80.2168579102,71776,71786,10
12.9954996109,80.2168807983,71786,71796,10
12.9953203201,80.2169723511,71796,71806,10
12.9949998856,80.2171478271,71806,71817,11
12.9946403503,80.2173919678,71817,71827,10
12.9942398071,80.2176971436,71827,71837,10
12.9939899445,80.2178878784,71837,71847,10
12.9935503006,80.218170166,71847,71857,10
12.9931402206,80.2184371948,71857,71867,10
12.9928703308,80.2186813354,71867,71877,10
12.9925003052,80.2189788818,71877,71887,10
12.9919204712,80.2193832397,71887,71897,10
12.9915895462,80.2196578979,71897,71907,10
12.9912796021,80.2196731567,71907,71916,9
12.9910297394,80.219581604,71916,71928,12
12.9908504486,80.2195129395,71928,71938,10
12.9904203415,80.2193222046,71938,71948,10
12.9897603989,80.219078064,71948,71958,10
12.9890699387,80.2188186646,71958,71968,10
12.9883298874,80.2185821533,71968,71978,10
12.9878797531,80.21849823,71978,71988,10
12.9874801636,80.2184295654,71988,71998,10
12.9871101379,80.2183837891,71998,72008,10
12.9871101379,80.2183685303,72008,72018,10
12.9868097305,80.2182998657,72018,72029,11
12.986240387,80.2181472778,72029,72039,10
12.9853801727,80.2179870605,72039,72049,10
12.9844999313,80.2180023193,72049,72059,10
12.9839801788,80.2180175781,72059,72069,10
12.9839496613,80.2180328369,72069,72079,10
12.9837703705,80.2180099487,72079,72089,10
12.9833297729,80.2180023193,72089,72099,10
12.9826898575,80.2180099487,72099,72109,10
12.9819698334,80.2180099487,72109,72119,10
12.9812297821,80.2181472778,72119,72129,10
12.9805202484,80.2183837891,72129,72140,11
12.9799003601,80.2186279297,72140,72150,10
12.9795303345,80.2188110352,72150,72160,10
12.9791603088,80.2189865112,72160,72170,10
12.978679657,80.2191696167,72170,72180,10
12.9781503677,80.2193908691,72180,72190,10
12.9774103165,80.2196884155,72190,72200,10
12.9766302109,80.2200164795,72200,72210,10
12.9759397507,80.2203674316,72210,72251,41
12.9759397507,80.2203674316,72251,72261,10
12.9757299423,80.220413208,72261,72271,10
12.9757204056,80.2204208374,72271,72281,10
12.9755096436,80.2205429077,72281,72291,10
12.9755496979,80.2208633423,72291,72321,30
12.9758701324,80.2210617065,72321,73078,757
12.976099968,80.2213134766,73078,73109,31
12.976099968,80.2213134766,73109,73119,10
12.9765195847,80.2212677002,73119,73129,10
12.9769496918,80.221282959,73129,73139,10
12.9774398804,80.2212600708,73139,73149,10
12.9778699875,80.2212219238,73149,73159,10
12.9781599045,80.2211837769,73159,73169,10
12.9784698486,80.2211685181,73169,73179,10
12.9789199829,80.2211532593,73179,73189,10
12.9792404175,80.2211227417,73189,73199,10
12.9796104431,80.2210998535,73199,73210,11
12.9800701141,80.2210693359,73210,73220,10
12.9805698395,80.221031189,73220,73230,10
12.9811296463,80.2211380005,73230,73240,10
12.9816102982,80.2213897705,73240,73250,10
12.9816703796,80.2214279175,73250,73260,10
12.9819297791,80.2216491699,73260,73270,10
12.9822502136,80.2218017578,73270,73280,10
12.9826402664,80.2219085693,73280,73290,10
12.9828996658,80.2220306396,73290,73300,10
12.9829101563,80.222038269,73300,73310,10
12.9830999374,80.2221603394,73310,73321,11
12.983420372,80.222366333,73321,73331,10
12.9835996628,80.2224807739,73331,73341,10
12.9839296341,80.2226715088,73341,73351,10
12.9843797684,80.2229309082,73351,73361,10
12.9848203659,80.2231826782,73361,73371,10
12.9852895737,80.2233428955,73371,73381,10
12.9854803085,80.2232513428,73381,73391,10
12.9857301712,80.2230606079,73391,73401,10
12.9861698151,80.2230224609,73401,73411,10
12.9864501953,80.2229995728,73411,73422,11
12.9865703583,80.2230072021,73422,73432,10
12.9868497849,80.2230300903,73432,73442,10
12.9869403839,80.2230606079,73442,73452,10
12.9872102737,80.2230834961,73452,73462,10
12.9874200821,80.2230834961,73462,73472,10
12.987739563,80.2229766846,73472,73482,10
12.9881696701,80.2226867676,73482,73492,10
12.9885797501,80.222328186,73492,73502,10
12.9889202118,80.2219772339,73502,73512,10
12.9892902374,80.2215423584,73512,73521,9
12.9895801544,80.2211074829,73521,73533,12
12.9902296066,80.2205200195,73533,73543,10
12.9904403687,80.2203826904,73543,73553,10
12.9906196594,80.2202529907,73553,73563,10
12.9909200668,80.2199783325,73563,73573,10
12.9913196564,80.2196578979,73573,73583,10
12.9916095734,80.2194290161,73583,73593,10
12.9920797348,80.2191085815,73593,73603,10
12.9926795959,80.2186813354,73603,73613,10
12.9932403564,80.218208313,73613,73623,10
12.9937801361,80.2178268433,73623,73634,11
12.994099617,80.2176132202,73634,73644,10
12.9943199158,80.2174835205,73644,73654,10
12.9945497513,80.2173080444,73654,73664,10
12.9948196411,80.2171096802,73664,73674,10
12.9951095581,80.2169189453,73674,73684,10
12.9954795837,80.2167129517,73684,73694,10
12.9958496094,80.2165603638,73694,73704,10
12.9960803986,80.2165527344,73704,73714,10
12.9964704514,80.2165222168,73714,73745,31
12.9964704514,80.2165222168,73745,73755,10
12.9968595505,80.2165374756,73755,73765,10
12.997130394,80.2165222168,73765,73775,10
12.9973697662,80.2162399292,73775,73785,10
12.9974002838,80.2162094116,73785,73795,10
12.9976501465,80.2159729004,73795,73805,10
12.9980096817,80.2156219482,73805,73815,10
12.9984798431,80.2151794434,73815,73825,10
12.9990100861,80.2147598267,73825,73834,9
12.9992599487,80.2145690918,73834,73846,12
12.9997901917,80.2141494751,73846,73856,10
13.0001401901,80.2138290405,73856,73866,10
13.0005302429,80.2135162354,73866,73876,10
13.0009498596,80.2131500244,73876,73886,10
13.0013904572,80.2127838135,73886,73896,10
13.0018501282,80.2124633789,73896,73906,10
13.0022201538,80.2122573853,73906,73916,10
13.0026597977,80.2121200562,73916,73926,10
13.0030603409,80.2120819092,73926,73936,10
13.0035896301,80.2119674683,73936,73957,21
13.0035896301,80.2119674683,73957,73967,10
13.0036401749,80.2117233276,73967,73977,10
13.0036201477,80.2112197876,73977,73987,10
13.0035800934,80.2107467651,73987,73997,10
13.0035200119,80.2102813721,73997,74007,10
13.0034599304,80.209777832,74007,74017,10
13.0035400391,80.2092590332,74017,74027,10
13.0037603378,80.2087097168,74027,74037,10
13.00440979,80.2088928223,74037,74047,10
13.0051298141,80.2092132568,74047,74057,10
13.0059995651,80.2095413208,74057,74068,11
13.0067796707,80.209777832,74068,74078,10
13.0073604584,80.2098770142,74078,74108,30
13.0073604584,80.2098770142,74108,74118,10
13.007610321,80.2099533081,74118,74128,10
13.0078897476,80.2100067139,74128,74138,10
13.0081195831,80.2098922729,74138,74148,10
13.0080003738,80.2093887329,74148,74158,10
13.0078897476,80.2086486816,74158,74169,11
13.0077495575,80.2079162598,74169,74179,10
13.0076398849,80.2072525024,74179,74189,10
13.0075798035,80.2067489624,74189,74199,10
13.0075502396,80.206451416,74199,74209,10
13.0075101852,80.2060470581,74209,74219,10
13.0074596405,80.2055664063,74219,74229,10
13.0074596405,80.2051620483,74229,74239,10
13.0074701309,80.2046813965,74239,74249,10
13.0074596405,80.2042007446,74249,74259,10
13.0073900223,80.2037277222,74259,74269,10
13.0072498322,80.2029724121,74269,74280,11
13.0066995621,80.2026367188,74280,74290,10
13.0065202713,80.2032012939,74290,74300,10
13.006819725,80.2034683228,74300,74310,10
13.0072402954,80.2036819458,74310,74320,10
13.0078001022,80.2037963867,74320,74330,10
13.0085096359,80.2037734985,74330,74340,10
13.0093698502,80.2036972046,74340,74350,10
13.0102996826,80.2036819458,74350,74360,10
13.0111904144,80.2037277222,74360,74370,10
13.012140274,80.2038803101,74370,74381,11
13.0130996704,80.2040863037,74381,74391,10
13.0136995316,80.2042388916,74391,74411,20
13.0136995316,80.2042388916,74411,74421,10
13.0138998032,80.2042770386,74421,74431,10
13.0142803192,80.2044219971,74431,74441,10
13.0148496628,80.2045822144,74441,74461,20
13.0148496628,80.2045822144,74461,74471,10
13.0152101517,80.204750061,74471,74481,10
13.0157403946,80.2049865723,74481,74492,11
13.0162000656,80.2051315308,74492,74502,10
13.0166397095,80.2052230835,74502,74512,10
13.0168800354,80.2052993774,74512,74522,10
13.0173797607,80.2054977417,74522,74532,10
13.0177602768,80.2056427002,74532,74542,10
13.0182104111,80.2058181763,74542,74552,10
13.0186195374,80.2059402466,74552,74562,10
13.0186300278,80.205947876,74562,74572,10
13.0188398361,80.2060165405,74572,74582,10
13.0192499161,80.2061767578,74582,74593,11
13.0198497772,80.2062835693,74593,74603,10
13.0206098557,80.2062988281,74603,74613,10
13.021320343,80.2063217163,74613,74623,10
13.0218296051,80.2063369751,74623,74633,10
13.0223903656,80.2063674927,74633,74643,10
13.0231103897,80.2065124512,74643,74653,10
13.0238800049,80.2066421509,74653,74663,10
13.0242900848,80.206703186,74663,74673,10
13.0243997574,80.2067184448,74673,74683,10
13.0247297287,80.206817627,74683,74693,10
13.0255298615,80.2070617676,74693,74704,11
13.026309967,80.2074813843,74704,74714,10
13.0269804001,80.207901001,74714,74724,10
13.0277204514,80.2083511353,74724,74734,10
13.0285396576,80.2086410522,74734,74744,10
13.0292901993,80.2088088989,74744,74754,10
13.0297603607,80.2089080811,74754,74764,10
13.029800415,80.2089080811,74764,74774,10
13.0299301147,80.208946228,74774,74784,10
13.0302495956,80.2090377808,74784,74794,10
13.0307703018,80.2092132568,74794,74804,10
13.0313796997,80.2093582153,74804,74815,11
13.0315599442,80.2094116211,74815,74825,10
13.0317697525,80.2094802856,74825,74835,10
13.0321798325,80.2095565796,74835,74845,10
13.0328302383,80.2096862793,74845,74855,10
13.0335597992,80.2098464966,74855,74865,10
13.0342102051,80.2099761963,74865,74875,10
13.0347299576,80.2101211548,74875,74885,10
13.0350103378,80.2103729248,74885,74895,10
13.0349597931,80.2108612061,74895,74905,10
13.0349702835,80.2114181519,74905,74926,21
13.0349702835,80.2114181519,74926,74936,10
13.0348596573,80.2117385864,74936,74946,10
13.0347995758,80.2121200562,74946,74956,10
13.0350399017,80.2123184204,74956,74966,10
13.0355701447,80.2123336792,74966,74976,10
13.03606987,80.2123413086,74976,74986,10
13.0365896225,80.212348938,74986,74996,10
13.0370903015,80.212348938,74996,75006,10
13.037560463,80.212348938,75006,75016,10
13.0382299423,80.2123336792,75016,75027,11
13.0391302109,80.212348938,75027,75037,10
13.0399799347,80.2123184204,75037,75047,10
13.0410003662,80.212310791,75047,75057,10
13.0417900085,80.212310791,75057,75128,71
13.0417900085,80.212310791,75128,75138,10
13.0419301987,80.2124481201,75138,75239,101
13.0419301987,80.2124481201,75239,75249,10
13.0421104431,80.2124099731,75249,75259,10
13.0425300598,80.2123565674,75259,75269,10
13.0431604385,80.2123413086,75269,75279,10
13.0436897278,80.2123413086,75279,75491,212
13.0436897278,80.2123413086,75491,75501,10
13.0439500809,80.2123413086,75501,75511,10
13.044260025,80.2123413086,75511,75521,10
13.0446500778,80.2123413086,75521,75531,10
13.0451698303,80.2123184204,75531,75541,10
13.0457696915,80.2122879028,75541,75550,9
13.0461502075,80.212272644,75550,75562,12
13.0463600159,80.212272644,75562,75572,10
13.0466995239,80.2122573853,75572,75582,10
13.0472402573,80.2122192383,75582,75592,10
13.0479001999,80.2121429443,75592,75602,10
13.0484800339,80.212059021,75602,75622,20
13.0484800339,80.212059021,75622,75632,10
13.0486001968,80.212059021,75632,75642,10
13.0488996506,80.212059021,75642,75652,10
13.0496501923,80.2120132446,75652,75713,61
13.0496501923,80.2120132446,75713,75723,10
13.0499601364,80.2119903564,75723,75733,10
13.0501098633,80.2119979858,75733,75743,10
13.0503997803,80.2119979858,75743,75753,10
13.0507802963,80.2119979858,75753,75763,10
13.051440239,80.2120285034,75763,75774,11
13.0523796082,80.2119369507,75774,75784,10
13.0531797409,80.2117385864,75784,75794,10
13.0539999008,80.211517334,75794,75804,10
13.0547103882,80.2114181519,75804,75814,10
13.0554304123,80.2114486694,75814,75824,10
13.0561304092,80.21144104,75824,75834,10
13.0568504333,80.2114028931,75834,75844,10
13.0574798584,80.2114028931,75844,75854,10
13.0575504303,80.2114105225,75854,75863,9
13.0577802658,80.2114181519,75863,75875,12
13.0584001541,80.2114562988,75875,75885,10
13.0590600967,80.2114868164,75885,75895,10
13.0597295761,80.2115325928,75895,75905,10
13.0604896545,80.2115631104,75905,75915,10
13.0612297058,80.2116317749,75915,75925,10
13.0616703033,80.2116928101,75925,75935,10
13.0623502731,80.2116699219,75935,75945,10
13.0631103516,80.2115783691,75945,75965,20
13.0631103516,80.2115783691,75965,75975,10
13.0634002686,80.2115478516,75975,75986,11
13.0635204315,80.2115402222,75986,75996,10
13.0638103485,80.211517334,75996,76006,10
13.0642995834,80.2114181519,76006,76016,10
13.0649299622,80.2111587524,76016,76026,10
13.0655603409,80.2107162476,76026,76036,10
13.0661296844,80.2102203369,76036,76046,10
13.0666503906,80.2096710205,76046,76056,10
13.067199707,80.2090072632,76056,76066,10
13.0675697327,80.2083816528,76066,76076,10
13.0679702759,80.2077789307,76076,76086,10
13.0683603287,80.2071685791,76086,76097,11
13.0687599182,80.2065505981,76097,76186,89
13.0687599182,80.2065505981,76186,76198,12
13.0690202713,80.2061462402,76198,76208,10
13.0690803528,80.2060623169,76208,76218,10
13.0691995621,80.205871582,76218,76228,10
13.0693597794,80.2055969238,76228,76238,10
13.0694904327,80.205368042,76238,76248,10
13.0695104599,80.2053375244,76248,76258,10
13.0696201324,80.2050323486,76258,76268,10
13.0693998337,80.2049026489,76268,76278,10
13.069149971,80.205116272,76278,76287,9
13.0689201355,80.2054290771,76287,76298,11
13.0687398911,80.2051010132,76298,76349,51
13.0687398911,80.2051010132,76349,76359,10
13.0687799454,80.2048568726,76359,76369,10
13.0688495636,80.2047424316,76369,76460,91
13.0688495636,80.2047424316,76460,76470,10
13.069319725,80.2047805786,76470,76480,10
13.0696296692,80.204826355,76480,76490,10
13.0699501038,80.2048110962,76490,76500,10
13.0702695847,80.2044219971,76500,76510,10
13.0707302094,80.2038421631,76510,76521,11
13.0713396072,80.2031097412,76521,76531,10
13.0716104507,80.2027816772,76531,76541,10
13.0716199875,80.2027587891,76541,76551,10
13.0716695786,80.2026672363,76551,76561,10
13.071849823,80.2024612427,76561,76571,10
13.0719900131,80.202293396,76571,76581,10
13.0721197128,80.2021484375,76581,76591,10
13.0723304749,80.2019195557,76591,76601,10
13.0724697113,80.201751709,76601,76611,10
13.0726699829,80.2015228271,76611,76620,9
13.0728197098,80.2013320923,76620,76632,12
13.0730800629,80.2010269165,76632,76642,10
13.0733299255,80.2007522583,76642,76652,10
13.0736503601,80.200378418,76652,76662,10
13.0739202499,80.2000808716,76662,76672,10
13.074259758,80.1996765137,76672,76692,20
13.074259758,80.1996765137,76692,76702,10
13.0744600296,80.1995162964,76702,76712,10
13.0746498108,80.1993179321,76712,76721,9
13.0747995377,80.19921875,76721,76733,12
13.075340271,80.1990814209,76733,76743,10
13.0759296417,80.1990585327,76743,76753,10
13.0766096115,80.1990509033,76753,76763,10
13.0773200989,80.19896698,76763,76773,10
13.0780801773,80.1988830566,76773,76783,10
13.0788602829,80.1987762451,76783,76793,10
13.0795402527,80.1987075806,76793,76803,10
13.0802402496,80.198638916,76803,76813,10
13.0810003281,80.1985931396,76813,76823,10
13.081700325,80.1985931396,76823,76833,10
13.082400322,80.1985168457,76833,76844,11
13.0829496384,80.1985168457,76844,76854,10
13.0833101273,80.1984863281,76854,76894,40
13.0833101273,80.1984863281,76894,76904,10
13.0836801529,80.1984863281,76904,76914,10
13.0838899612,80.1984786987,76914,76924,10
13.0840301514,80.1984863281,76924,76934,10
13.0842199326,80.1985015869,76934,76955,21
13.0842199326,80.1985015869,76955,76965,10
13.0846204758,80.1985015869,76965,76975,10
13.0848798752,80.1984863281,76975,76985,10
13.0849199295,80.1984786987,76985,76995,10
13.0852203369,80.1984329224,76995,77005,10
13.0854701996,80.1984329224,77005,77015,10
13.0858602524,80.1984176636,77015,77025,10
13.0863895416,80.1984024048,77025,77035,10
13.086810112,80.1984100342,77035,77044,9
13.0870800018,80.198348999,77044,77056,12
13.0871200562,80.1980514526,77056,77066,10
13.0871696472,80.197883606,77066,77076,10
13.0872001648,80.1976928711,77076,77086,10
13.0872097015,80.1975097656,77086,77096,10
13.0872001648,80.1970901489,77096,77106,10
13.0871896744,80.1964492798,77106,77116,10
13.0871896744,80.1957092285,77116,77126,10
13.0872297287,80.1949234009,77126,77136,10
13.0872402191,80.1940307617,77136,77146,10
13.0872297287,80.1929397583,77146,77177,31
13.0872297287,80.1929397583,77177,77187,10
13.0873203278,80.1927566528,77187,77197,10
13.0873403549,80.1924591064,77197,77207,10
13.0873804092,80.1919937134,77207,77217,10
13.0874099731,80.1914367676,77217,77227,10
13.0874700546,80.190788269,77227,77237,10
13.0875501633,80.1900634766,77237,77247,10
13.0876197815,80.1892929077,77247,77257,10
13.0876398087,80.1890182495,77257,77268,11
13.087679863,80.1888809204,77268,77278,10
13.087679863,80.1882705688,77278,77308,30
13.087679863,80.1882705688,77308,77318,10
13.0877304077,80.1880264282,77318,77328,10
13.0877304077,80.1876525879,77328,77338,10
13.0877399445,80.1870574951,77338,77348,10
13.0877504349,80.1863632202,77348,77358,10
13.0877199173,80.1856002808,77358,77367,9
13.0878295898,80.1848068237,77367,77385,18
13.0879001617,80.1829605103,77385,77397,12
13.0879297256,80.1818618774,77397,77407,10
13.0879802704,80.1808776855,77407,77417,10
13.0879898071,80.1800079346,77417,77427,10
13.0880098343,80.1797637939,77427,77437,10
13.0880203247,80.1794586182,77437,77447,10
13.0880203247,80.1789932251,77447,77457,10
13.0880298615,80.1788635254,77457,77467,10
13.0880804062,80.1786499023,77467,77477,10
13.0881004333,80.1781768799,77477,77488,11
13.0880899429,80.1774368286,77488,77498,10
13.0881204605,80.1766891479,77498,77508,10
13.0881996155,80.175819397,77508,77518,10
13.0882501602,80.1748962402,77518,77528,10
13.0882797241,80.1742172241,77528,77538,10
13.0883798599,80.1735610962,77538,77548,10
13.0883998871,80.1728820801,77548,77558,10
13.0884199142,80.1721878052,77558,77568,10
13.0884599686,80.1717834473,77568,77578,10
13.0884799957,80.1714782715,77578,77589,11
13.0885400772,80.1708679199,77589,77599,10
13.0885696411,80.169960022,77599,77639,40
13.0885696411,80.169960022,77639,77649,10
13.0886497498,80.1696777344,77649,77659,10
13.0888700485,80.1694488525,77659,77669,10
13.0893697739,80.1695022583,77669,77679,10
13.0900497437,80.1695480347,77679,77689,10
13.0907802582,80.1696014404,77689,77700,11
13.0915899277,80.1696472168,77700,77710,10
13.0920495987,80.1696777344,77710,77720,10
13.0926198959,80.1697311401,77720,77730,10
13.0932798386,80.1697616577,77730,77740,10
13.0939998627,80.1698226929,77740,77750,10
13.0946502686,80.1698608398,77750,77760,10
13.0949201584,80.1698684692,77760,77770,10
13.0951499939,80.1698989868,77770,77780,10
13.0956401825,80.1699295044,77780,77790,10
13.096280098,80.1699371338,77790,77801,11
13.0970697403,80.1699905396,77801,77811,10
13.0977802277,80.1700134277,77811,77821,10
13.0985403061,80.1700668335,77821,77831,10
13.0993900299,80.1700820923,77831,78002,171
13.0997200012,80.1700820923,78002,78053,51
13.0997200012,80.1700820923,78053,78063,10
13.0996303558,80.1703186035,78063,78124,61
13.0996303558,80.1703186035,78124,78134,10
13.099240303,80.1703033447,78134,78144,10
13.0990400314,80.1702728271,78144,78447,303
13.0986995697,80.170173645,78447,80072,1625
13.0986995697,80.170173645,80072,80082,10
13.0984897614,80.1701278687,80082,80092,10
13.0983400345,80.1700973511,80092,80102,10
13.0979700089,80.1700897217,80102,80112,10
13.0974998474,80.1700592041,80112,80122,10
13.0968799591,80.1700210571,80122,80132,10
13.0960798264,80.169960022,80132,80142,10
13.0952997208,80.1698989868,80142,80152,10
13.0947904587,80.1698532104,80152,80163,11
13.0944900513,80.1698379517,80163,80173,10
13.09416008,80.1698226929,80173,80183,10
13.093629837,80.1698074341,80183,80193,10
13.0930099487,80.1697692871,80193,80203,10
13.0917301178,80.1696777344,80203,80212,9
13.0917301178,80.1696777344,80212,80223,11
13.0909404755,80.1696395874,80223,80232,9
13.090379715,80.1696090698,80232,80242,10
13.0897102356,80.1695404053,80242,80253,11
13.0889196396,80.1695175171,80253,80263,10
13.0886297226,80.1696090698,80263,80274,11
13.0885801315,80.1700134277,80274,80284,10
13.088549614,80.1705322266,80284,80294,10
13.0885295868,80.1711425781,80294,80304,10
13.0885295868,80.1717987061,80304,80314,10
13.0884895325,80.1723175049,80314,80324,10
13.0884599686,80.1729888916,80324,80334,10
13.0884399414,80.1736297607,80334,80344,10
13.0883998871,80.1743087769,80344,80354,10
13.088350296,80.1750106812,80354,80364,10
13.0883197784,80.1757125854,80364,80374,10
13.0882701874,80.1764526367,80374,80385,11
13.0882396698,80.177192688,80385,80395,10
13.0882196426,80.1777877808,80395,80405,10
13.0882101059,80.1784973145,80405,80425,20
13.0882101059,80.1784973145,80425,80435,10
13.0881795883,80.1788711548,80435,80445,10
13.0881996155,80.1794204712,80445,80465,20
13.0881996155,80.1794204712,80465,80475,10
13.0881996155,80.1795806885,80475,80486,11
13.0881700516,80.1799697876,80486,80496,10
13.0881595612,80.1805114746,80496,80506,10
13.088139534,80.1811676025,80506,80516,10
13.0881004333,80.1819534302,80516,80526,10
13.088060379,80.1826934814,80526,80536,10
13.0880203247,80.1835174561,80536,80546,10
13.08796978,80.1843414307,80546,80556,10
13.0879497528,80.1851577759,80556,80566,10
13.0879096985,80.1858825684,80566,80576,10
13.0878801346,80.1866607666,80576,80587,11
13.0878601074,80.1875534058,80587,80597,10
13.0878601074,80.1878204346,80597,80607,10
13.087849617,80.1881103516,80607,80617,10
13.0878200531,80.1885681152,80617,80627,10
13.0877799988,80.189163208,80627,80637,10
13.0877504349,80.189743042,80637,80647,10
13.0877504349,80.1897735596,80647,80657,10
13.0876998901,80.1901321411,80657,80667,10
13.0876197815,80.1906661987,80667,80677,10
13.0875396729,80.1913375854,80677,80687,10
13.087439537,80.1920166016,80687,80698,11
13.0873804092,80.1925735474,80698,80708,10
13.0873699188,80.1925964355,80708,80718,10
13.0873298645,80.1928024292,80718,80728,10
13.0873298645,80.192817688,80728,80738,10
13.0873003006,80.1930465698,80738,80748,10
13.0873098373,80.1934814453,80748,80758,10
13.0873003006,80.1941375732,80758,80768,10
13.0872898102,80.1948165894,80768,80778,10
13.0872802734,80.1954803467,80778,80788,10
13.0872602463,80.196182251,80788,80797,9
13.0872497559,80.1968765259,80797,80809,12
13.0872402191,80.1977005005,80809,80819,10
13.0872297287,80.1979217529,80819,80829,10
13.0873003006,80.1983108521,80829,80839,10
13.0875196457,80.1984405518,80839,80849,10
13.0879201889,80.1984176636,80849,80859,10
13.0884895325,80.1984100342,80859,80869,10
13.0891199112,80.1983718872,80869,80879,10
13.0897703171,80.1983566284,80879,80889,10
13.0904197693,80.1984176636,80889,80899,10
13.0910997391,80.1985015869,80899,80910,11
13.0918798447,80.1985702515,80910,80920,10
13.092590332,80.1985626221,80920,80930,10
13.0930099487,80.1986923218,80930,80940,10
13.0929899216,80.198890686,80940,80950,10
13.0929603577,80.1993179321,80950,80960,10
13.0929403305,80.1997375488,80960,80968,8
13.0929203033,80.2002182007,80968,80988,20
13.09237957,80.2005615234,80988,80998,10
13.0917797089,80.2005081177,80998,81008,10
13.0910396576,80.2004699707,81008,81019,11
13.0901899338,80.2004394531,81019,81029,10
13.0893497467,80.2004165649,81029,81039,10
13.0885601044,80.2004165649,81039,81049,10
13.0877399445,80.2003936768,81049,81059,10
13.0871200562,80.2003631592,81059,81069,10
13.0868301392,80.2003631592,81069,81079,10
13.0863399506,80.200340271,81079,81089,10
13.085729599,80.2003173828,81089,81099,10
13.085439682,80.2003173828,81099,81109,10
13.0852298737,80.2001266479,81109,81119,10
13.0853004456,80.1996612549,81119,81130,11
13.0852899551,80.1989364624,81130,81140,10
13.0851097107,80.1986618042,81140,81150,10
13.0846595764,80.198600769,81150,81160,10
13.0840101242,80.1986083984,81160,81170,10
13.0834598541,80.1986236572,81170,81180,10
13.0829696655,80.1985778809,81180,81190,10
13.0824699402,80.1985702515,81190,81200,10
13.0817699432,80.198600769,81200,81210,10
13.0810499191,80.1986083984,81210,81220,10
13.080329895,80.1986618042,81220,81231,11
13.0795202255,80.1987304688,81231,81241,10
13.0787401199,80.1987991333,81241,81251,10
13.0779600143,80.1989212036,81251,81261,10
13.077170372,80.1990203857,81261,81271,10
13.0763998032,80.1990966797,81271,81281,10
13.075630188,80.1992034912,81281,81291,10
13.0748996735,80.1994094849,81291,81301,10
13.0742101669,80.1998672485,81301,81311,10
13.0736703873,80.2004623413,81311,81321,10
13.0731801987,80.2010421753,81321,81331,10
13.0726299286,80.2016983032,81331,81342,11
13.0720901489,80.2023391724,81342,81352,10
13.0715398788,80.2029418945,81352,81362,10
13.0709600449,80.2036209106,81362,81372,10
13.0703897476,80.2043075562,81372,81382,10
13.0699901581,80.2049026489,81382,81392,10
13.0699195862,80.2050094604,81392,81402,10
13.0697603226,80.2050704956,81402,81412,10
13.0696201324,80.2049713135,81412,81422,10
13.0693302155,80.2049102783,81422,81432,10
13.0691003799,80.2052001953,81432,81443,11
13.0687103271,80.2054824829,81443,81453,10
13.068400383,80.2054672241,81453,81483,30
13.068400383,80.2054672241,81483,81493,10
13.0682401657,80.2054672241,81493,81503,10
13.067990303,80.2053985596,81503,81533,30
13.067990303,80.2053985596,81533,81542,9
13.0681600571,80.2049865723,81542,81554,12
13.0684404373,80.2048797607,81554,81564,10
13.0688199997,80.2047424316,81564,81574,10
13.0692396164,80.2046813965,81574,81584,10
13.0696201324,80.2047424316,81584,81614,30
13.0696201324,80.2047424316,81614,81624,10
13.0697803497,80.2049331665,81624,81634,10
13.0697803497,80.2052536011,81634,81644,10
13.0694599152,80.2057266235,81644,81654,10
13.0690603256,80.2063674927,81654,81665,11
13.0685796738,80.2071609497,81665,81675,10
13.0680904388,80.2079467773,81675,81685,10
13.0676698685,80.2086334229,81685,81695,10
13.0672903061,80.2092666626,81695,81705,10
13.067029953,80.2096786499,81705,81715,10
13.0667104721,80.2100067139,81715,81725,10
13.0662002563,80.2104034424,81725,81735,10
13.0655899048,80.210899353,81735,81745,10
13.065079689,80.2113265991,81745,81755,10
13.0648899078,80.2114334106,81755,81766,11
13.0643701553,80.2116165161,81766,81776,10
13.0638198853,80.211730957,81776,81786,10
13.0636501312,80.2117385864,81786,81796,10
13.063249588,80.2117919922,81796,81806,10
13.062620163,80.211807251,81806,81816,10
13.0621900558,80.2118530273,81816,81826,10
13.0614595413,80.2117767334,81826,81836,10
13.0605602264,80.2117385864,81836,81846,10
13.0597696304,80.2117233276,81846,81856,10
13.0589504242,80.2116699219,81856,81866,10
13.0581598282,80.2116394043,81866,81877,11
13.0577297211,80.2116394043,81877,81887,10
13.057390213,80.2116165161,81887,81897,10
13.056889534,80.2116088867,81897,81907,10
13.0562295914,80.2115936279,81907,81917,10
13.0555095673,80.2115783691,81917,81927,10
13.0547504425,80.2115783691,81927,81936,9
13.0541000366,80.2116622925,81936,81947,11
13.0532398224,80.2118682861,81947,81957,10
13.0524702072,80.2120819092,81957,81967,10
13.051779747,80.2122116089,81967,81978,11
13.0511798859,80.2122116089,81978,81998,20
13.0511798859,80.2122116089,81998,82008,10
13.0508804321,80.2121505737,82008,82018,10
13.0505599976,80.2121734619,82018,82028,10
13.0501298904,80.2121582031,82028,82038,10
13.0497903824,80.2121582031,82038,82048,10
13.0497503281,80.2121582031,82048,82058,10
13.0494298935,80.2121582031,82058,82068,10
13.0488595963,80.2121582031,82068,82077,9
13.0482902527,80.2121963501,82077,82089,12
13.0474395752,80.2122879028,82089,82099,10
13.0467195511,80.2123184204,82099,82109,10
13.045999527,80.2123718262,82109,82119,10
13.0453901291,80.2124023438,82119,82129,10
13.04529953,80.2124099731,82129,82139,10
13.0451498032,80.2124099731,82139,82149,10
13.0447902679,80.2124176025,82149,82159,10
13.0444297791,80.2124099731,82159,82169,10
13.0438804626,80.2124099731,82169,82179,10
13.0431003571,80.2124176025,82179,82190,11
13.0422201157,80.212387085,82190,82200,10
13.0414199829,80.212387085,82200,82210,10
13.0405197144,80.2123794556,82210,82220,10
13.0396099091,80.2123718262,82220,82230,10
13.038860321,80.2124023438,82230,82240,10
13.0382003784,80.2124481201,82240,82250,10
13.0378704071,80.2124710083,82250,82260,10
13.0373497009,80.2124328613,82260,82270,10
13.0366401672,80.2123413086,82270,82280,10
13.0359296799,80.2123413086,82280,82289,9
13.035369873,80.212310791,82289,82301,12
13.0346498489,80.2121963501,82301,82321,20
13.0346498489,80.2121963501,82321,82331,10
13.0343503952,80.2121200562,82331,82341,10
13.0340299606,80.2120513916,82341,82351,10
13.0338602066,80.212020874,82351,82361,10
13.0334300995,80.2119369507,82361,82371,10
13.0328903198,80.2118377686,82371,82381,10
13.0323696136,80.2117614746,82381,82390,9
13.0319795609,80.2115478516,82390,82402,12
13.0319900513,80.2109527588,82402,82412,10
13.0320196152,80.2103424072,82412,82422,10
13.0320501328,80.2097625732,82422,82432,10
13.0317296982,80.2095794678,82432,82442,10
13.0310497284,80.2093963623,82442,82452,10
13.0302095413,80.2091369629,82452,82462,10
13.0296297073,80.2089691162,82462,82472,10
13.0291099548,80.2088165283,82472,82482,10
13.028380394,80.2086181641,82482,82492,10
13.0278396606,80.2084579468,82492,82502,10
13.0273704529,80.208190918,82502,82513,11
13.0267095566,80.2077789307,82513,82523,10
13.02602005,80.2073898315,82523,82533,10
13.0252504349,80.2070617676,82533,82543,10
13.0244703293,80.2069168091,82543,82553,10
13.0237798691,80.2068023682,82553,82563,10
13.0231199265,80.2066802979,82563,82573,10
13.0221996307,80.2064971924,82573,82583,10
13.021320343,80.2064666748,82583,82593,10
13.0204696655,80.2064819336,82593,82603,10
13.0195999146,80.2064666748,82603,82614,11
13.0187702179,80.2062606812,82614,82624,10
13.0181903839,80.2060470581,82624,82634,10
13.0175600052,80.2058181763,82634,82644,10
13.0169897079,80.2056274414,82644,82654,10
13.0160598755,80.2053070068,82654,82664,10
13.0154600143,80.2050704956,82664,82674,10
13.0148696899,80.2048492432,82674,82684,10
13.0143604279,80.2046890259,82684,82694,10
13.0139398575,80.2045135498,82694,82704,10
13.0132598877,80.2042694092,82704,82714,10
13.0122499466,80.2039718628,82714,82725,11
13.0114402771,80.2038269043,82725,82735,10
13.0108604431,80.2037734985,82735,82745,10
13.0102701187,80.203742981,82745,82755,10
13.0096797943,80.2037506104,82755,82765,10
13.0090904236,80.2037811279,82765,82775,10
13.0085201263,80.2038269043,82775,82785,10
13.0079402924,80.2038497925,82785,82795,10
13.0073204041,80.2037734985,82795,82805,10
13.0066604614,80.2034683228,82805,82814,9
13.0061101913,80.2029724121,82814,82826,12
13.0055799484,80.2020492554,82826,82836,10
13.004989624,80.2014694214,82836,82846,10
13.0046596527,80.2013015747,82846,82856,10
13.0045003891,80.2012023926,82856,82866,10
13.0040102005,80.2010574341,82866,82876,10
13.0033798218,80.2008895874,82876,82886,10
13.0026702881,80.2007217407,82886,82896,10
13.001950264,80.2002563477,82896,82906,10
13.0016298294,80.199546814,82906,82916,10
13.0017404556,80.1988220215,82916,82925,9
13.001830101,80.1984329224,82925,82937,12
13.0018796921,80.1980819702,82937,82947,10
13.0019102097,80.1978225708,82947,82957,10
13.0019598007,80.1973876953,82957,82967,10
13.0017995834,80.1967697144,82967,82977,10
13.0013904572,80.1961898804,82977,82987,10
13.0009098053,80.1954498291,82987,82997,10
13.0003595352,80.1946487427,82997,83007,10
13.0,80.1939163208,83007,83017,10
12.9991703033,80.1931762695,83017,83027,10
12.9985103607,80.1924514771,83027,83038,11
12.9979896545,80.1924972534,83038,83048,10
12.9974603653,80.1929626465,83048,83058,10
12.9969902039,80.1932907104,83058,83068,10
12.9968700409,80.1932525635,83068,83078,10
12.9967603683,80.1930007935,83078,83088,10
12.9966697693,80.1927185059,83088,83138,50
12.9966697693,80.1927185059,83138,83149,11
12.9966001511,80.1923599243,83149,83159,10
12.996509552,80.1921081543,83159,83280,121
12.996509552,80.1921081543,83280,83290,10
12.9963903427,80.1917800903,83290,83472,182
12.9964504242,80.1913909912,83472,84188,716
12.9964504242,80.1913909912,84188,84198,10
12.9967699051,80.1910476685,84198,84208,10
12.9968500137,80.1908187866,84208,84390,182
12.9968500137,80.1908187866,84390,84400,10
12.9970197678,80.1908493042,84400,84410,10
12.9972000122,80.191192627,84410,84420,10
