12.9978399277,80.2570266724,16284,16529,245
12.9977998734,80.2570495605,16529,20667,4138
12.9977998734,80.2570495605,20667,20677,10
12.997879982,80.2571411133,20677,20687,10
12.9979600906,80.2567214966,20687,20699,12
12.9977197647,80.2563171387,20699,20739,40
12.9977197647,80.2563171387,20739,20749,10
12.9976501465,80.2559661865,20749,20759,10
12.997300148,80.2559432983,20759,20769,10
12.9969596863,80.2560195923,20769,20779,10
12.996919632,80.256439209,20779,20789,10
12.9968795776,80.2568283081,20789,20800,11
12.9968099594,80.2575531006,20800,20810,10
12.9967098236,80.2584762573,20810,20820,10
12.9966001511,80.2594909668,20820,20830,10
12.9965000153,80.2604827881,20830,20840,10
12.9963903427,80.2614593506,20840,20850,10
12.9963302612,80.2621688843,20850,20860,10
12.996219635,80.262802124,20860,20870,10
12.9961500168,80.2636032104,20870,20880,10
12.9960403442,80.2645263672,20880,20884,4
12.9960699081,80.2647399902,20884,20904,20
12.9972200394,80.2648773193,20904,20914,10
13.0003795624,80.2655487061,20914,20954,40
13.0268497467,80.2329483032,20954,57451,36497
13.0268497467,80.2329483032,57451,57474,23
13.0267896652,80.233039856,57474,57485,11
13.0264797211,80.233039856,57485,57495,10
13.0262804031,80.232749939,57495,57505,10
13.0262699127,80.2326507568,57505,57515,10
13.0262498856,80.2325286865,57515,57525,10
13.0261602402,80.2321777344,57525,57535,10
13.0260400772,80.2317428589,57535,57545,10
13.0259199142,80.2312011719,57545,57555,10
13.025639534,80.2304992676,57555,57565,10
13.0251197815,80.2297210693,57565,57573,8
13.0247297287,80.2292404175,57573,57596,23
13.0247297287,80.2292404175,57596,57606,10
13.0246496201,80.2291564941,57606,57616,10
13.024479866,80.2289123535,57616,57626,10
13.0242204666,80.2285919189,57626,57636,10
13.0239400864,80.2283096313,57636,57646,10
13.0239400864,80.228302002,57646,57656,10
13.0238800049,80.2282180786,57656,57666,10
13.023730278,80.2279891968,57666,57676,10
13.023440361,80.2277069092,57676,57687,11
13.0230197906,80.2272567749,57687,57697,10
13.0225095749,80.2267913818,57697,57707,10
13.0219697952,80.2263183594,57707,57717,10
13.0214300156,80.2258911133,57717,57727,10
13.0209798813,80.2255477905,57727,57737,10
13.0206403732,80.2253189087,57737,57747,10
13.0201101303,80.2249832153,57747,57757,10
13.0194797516,80.2245788574,57757,57767,10
13.0185899734,80.2245788574,57767,57777,10
13.0177698135,80.2249221802,57777,57788,11
13.0170001984,80.2252426147,57788,57798,10
13.0166702271,80.2253799438,57798,57808,10
13.0164604187,80.2254562378,57808,57818,10
13.0161399841,80.2255706787,57818,57828,10
13.0155801773,80.2257537842,57828,57838,10
13.0148696899,80.2260665894,57838,57848,10
13.0145101547,80.2262268066,57848,57858,10
13.0143995285,80.226272583,57858,57868,10
13.0143699646,80.2262878418,57868,57877,9
13.0141000748,80.2263793945,57877,57889,12
13.013469696,80.2266082764,57889,57899,10
13.0128002167,80.226852417,57899,57909,10
13.0120601654,80.2271575928,57909,57919,10
13.0111703873,80.2275085449,57919,57929,10
13.0102100372,80.227897644,57929,57939,10
13.0093202591,80.2282867432,57939,57949,10
13.0090303421,80.2291412354,57949,57959,10
13.0088300705,80.2301635742,57959,57969,10
13.0086402893,80.2312393188,57969,57979,10
13.0084295273,80.2323226929,57979,57990,11
13.0082902908,80.2333831787,57990,58000,10
13.0082502365,80.2336425781,58000,58010,10
13.0081501007,80.2339401245,58010,58020,10
13.0080499649,80.2344207764,58020,58031,11
13.0079097748,80.2351303101,58031,58041,10
13.0077495575,80.2359237671,58041,58051,10
13.0075502396,80.2369003296,58051,58061,10
13.0073604584,80.2379302979,58061,58071,10
13.0072002411,80.2388076782,58071,58082,11
13.0070495605,80.2395935059,58082,58092,10
13.0069503784,80.2400665283,58092,58102,10
13.0068998337,80.2404174805,58102,58112,10
13.0068798065,80.2405166626,58112,58122,10
13.006819725,80.2408981323,58122,58132,10
13.0067596436,80.241569519,58132,58141,9
13.0067396164,80.2422714233,58141,58152,11
13.0067195892,80.2431488037,58152,58162,10
13.0067396164,80.2438430786,58162,58172,10
13.0067195892,80.2446670532,58172,58182,10
13.0067195892,80.2453308105,58182,58192,10
13.0067396164,80.2459182739,58192,58204,12
13.0067501068,80.2460479736,58204,58214,10
13.0067596436,80.2465362549,58214,58224,10
13.006770134,80.2471389771,58224,58234,10
13.0067300797,80.247833252,58234,58244,10
13.006770134,80.2486419678,58244,58254,10
13.0068502426,80.2492370605,58254,58264,10
13.0068798065,80.2496109009,58264,58274,10
13.0068902969,80.2497024536,58274,58284,10
13.0068597794,80.2501296997,58284,58295,11
13.0068597794,80.250869751,58295,58305,10
13.0068702698,80.2512588501,58305,58335,30
13.0068702698,80.2512588501,58335,58345,10
13.0067796707,80.2517471313,58345,58355,10
13.0066204071,80.2523880005,58355,58365,10
13.0065803528,80.2531509399,58365,58375,10
13.0065803528,80.2539367676,58375,58385,10
13.006649971,80.2549362183,58385,58406,21
13.006649971,80.2549362183,58406,58416,10
13.0066795349,80.255241394,58416,58426,10
13.0066795349,80.2557983398,58426,58436,10
13.0066699982,80.2565002441,58436,58446,10
13.0066995621,80.2571105957,58446,58476,30
13.0066995621,80.2571105957,58476,58486,10
13.0067100525,80.2574081421,58486,58497,11
13.0064296722,80.2576293945,58497,58507,10
13.0059499741,80.2574996948,58507,58517,10
13.0053596497,80.2573471069,58517,58527,10
13.0046796799,80.2571792603,58527,58537,10
13.0039196014,80.2570114136,58537,58547,10
13.0027503967,80.2567977905,58547,58577,30
13.0027503967,80.2567977905,58577,58587,10
13.0025196075,80.2567520142,58587,58598,11
13.0020103455,80.2566680908,58598,58608,10
13.0014295578,80.2565917969,58608,58618,10
13.0007896423,80.2565002441,58618,58628,10
13.0000495911,80.256401062,58628,58648,20
13.0000495911,80.256401062,58648,58658,10
12.9996795654,80.2563095093,58658,58668,10
12.9992599487,80.2562026978,58668,58678,10
12.99903965,80.2561416626,58678,58688,10
12.9989795685,80.2561416626,58688,58699,11
12.9985303879,80.256072998,58699,58709,10
12.9979896545,80.2559967041,58709,58719,10
12.9975299835,80.2559967041,58719,59092,373
12.9975299835,80.2559967041,59092,59102,10
12.9972200394,80.2559661865,59102,59112,10
12.9969396591,80.2560272217,59112,59122,10
12.9968795776,80.2564926147,59122,59132,10
12.9968299866,80.2570266724,59132,59142,10
12.9968395233,80.2571334839,59142,59152,10
12.9968004227,80.2575836182,59152,59162,10
12.996720314,80.2582626343,59162,59172,10
12.9966497421,80.2589569092,59172,59182,10
12.9965696335,80.2596206665,59182,59192,10
12.9965295792,80.2601699829,59192,59205,13
12.9964103699,80.2610931396,59205,59215,10
12.9963598251,80.261756897,59215,59225,10
12.9963102341,80.2621765137,59225,59235,10
12.9962596893,80.2625274658,59235,59245,10
12.9962100983,80.262802124,59245,59255,10
12.9961795807,80.2633209229,59255,59265,10
12.9961004257,80.263999939,59265,59275,10
12.9960098267,80.2647399902,59275,59285,10
12.9959697723,80.2652587891,59285,59295,10
12.9959402084,80.2654418945,59295,59306,11
12.9958696365,80.2660217285,59306,59316,10
12.9957895279,80.2667388916,59316,59326,10
12.9957199097,80.2675170898,59326,59336,10
12.9961996078,80.2677383423,59336,59356,20
12.9961996078,80.2677383423,59356,59364,8
12.996509552,80.2677612305,59364,59377,13
12.9972496033,80.2676391602,59377,59388,11
12.9981098175,80.2673797607,59388,59398,10
12.9989595413,80.2671508789,59398,59409,11
12.9998102188,80.2668762207,59409,59419,10
13.0001096725,80.2664718628,59419,59429,10
13.0001296997,80.2664413452,59429,59439,10
13.000169754,80.2660675049,59439,59449,10
13.0002803802,80.2656936646,59449,59459,10
13.0003204346,80.2659606934,59459,59469,10
13.0002603531,80.2662887573,59469,60157,688
13.0002603531,80.2662887573,60157,60167,10
13.0003404617,80.2667388916,60167,60177,10
13.0000896454,80.266960144,60177,60187,10
12.9995603561,80.2670669556,60187,60197,10
12.9989299774,80.2672424316,60197,60207,10
12.9983196259,80.2673873901,60207,60217,10
12.9976596832,80.2675704956,60217,60228,11
12.9969501495,80.2677612305,60228,60238,10
12.9962501526,80.2677612305,60238,60248,10
12.9957103729,80.2677230835,60248,60258,10
12.9956502914,80.2674026489,60258,60288,30
12.9956502914,80.2674026489,60288,60298,10
12.9956998825,80.2670669556,60298,60308,10
12.9957399368,80.2666015625,60308,60318,10
12.9958000183,80.2659988403,60318,60329,11
12.995880127,80.2652511597,60329,60339,10
12.9959602356,80.2646102905,60339,60349,10
12.9960403442,80.263923645,60349,60359,10
12.9961299896,80.2631835938,60359,60369,10
12.9961996078,80.2625427246,60369,60389,20
12.9961996078,80.2625427246,60389,60399,10
12.996219635,80.2623977661,60399,60409,10
12.9962596893,80.2620773315,60409,60419,10
12.9962997437,80.2616882324,60419,60430,11
12.9963703156,80.2609786987,60430,60440,10
12.9964799881,80.2602615356,60440,60450,10
12.9965200424,80.2596664429,60450,60460,10
12.9965400696,80.259437561,60460,60470,10
12.9965696335,80.2591781616,60470,60480,10
12.9966201782,80.258682251,60480,60490,10
12.9966897964,80.2580032349,60490,60500,10
12.9967699051,80.257232666,60500,60510,10
12.9968500137,80.2561798096,60510,60551,41
12.9968500137,80.2561798096,60551,60561,10
12.9969100952,80.2561416626,60561,60621,60
12.9969100952,80.2561416626,60621,60632,11
12.9969100952,80.2560272217,60632,60642,10
12.997130394,80.2558364868,60642,60652,10
12.9975996017,80.255897522,60652,60662,10
12.9981203079,80.2559890747,60662,60672,10
12.9989004135,80.2560577393,60672,60702,30
12.9989004135,80.2560577393,60702,60712,10
12.9991102219,80.2561035156,60712,60722,10
12.9991598129,80.2561035156,60722,60732,10
12.9994697571,80.2561721802,60732,60742,10
12.9999103546,80.2562713623,60742,60752,10
13.0005302429,80.2563781738,60752,60762,10
13.0009002686,80.256439209,60762,60782,20
13.0009002686,80.256439209,60782,60792,10
13.0012702942,80.2565231323,60792,60802,10
13.0017995834,80.2566070557,60802,60813,11
13.0025596619,80.2567367554,60813,60823,10
13.0031795502,80.2568664551,60823,60833,10
13.0035495758,80.2569274902,60833,60843,10
13.0037698746,80.256980896,60843,60853,10
13.0041799545,80.2570571899,60853,60863,10
13.0046300888,80.2571411133,60863,60873,10
13.0051803589,80.2572402954,60873,60883,10
13.0057201385,80.2573623657,60883,60903,20
13.0057201385,80.2573623657,60903,60914,11
13.0059900284,80.2574386597,60914,60923,9
13.0061302185,80.2574462891,60923,60936,13
13.0062103271,80.2574768066,60936,60946,10
13.0064601898,80.2574920654,60946,60956,10
13.0065202713,80.2571868896,60956,60966,10
13.006480217,80.2568893433,60966,60976,10
13.006480217,80.2565002441,60976,60986,10
13.0064897537,80.2558364868,60986,60996,10
13.0065002441,80.255241394,60996,61006,10
13.0065002441,80.2545318604,61006,61016,10
13.006480217,80.2537994385,61016,61025,9
13.0064897537,80.2532272339,61025,61057,32
13.0064897537,80.2532272339,61057,61067,10
13.0064697266,80.2529296875,61067,61077,10
13.0065002441,80.2524108887,61077,61087,10
13.0066003799,80.2519378662,61087,61188,101
13.0066003799,80.2519378662,61188,61198,10
13.0067195892,80.2518997192,61198,61208,10
13.0067796707,80.2514801025,61208,61218,10
13.0067901611,80.2508163452,61218,61228,10
13.0067596436,80.2499771118,61228,61239,11
13.0067396164,80.2496032715,61239,61249,10
13.0067195892,80.2492218018,61249,61259,10
13.0066795349,80.2486877441,61259,61269,10
13.0066404343,80.2483520508,61269,61279,10
13.0066404343,80.2482833862,61279,61289,10
13.0066204071,80.2479629517,61289,61299,10
13.0066204071,80.2474136353,61299,61309,10
13.0066099167,80.2468490601,61309,61319,10
13.0065498352,80.24659729,61319,61340,21
13.0065498352,80.24659729,61340,61350,10
13.0066299438,80.2462387085,61350,61360,10
13.0066003799,80.2456436157,61360,61370,10
13.0065898895,80.2449493408,61370,61380,10
13.0065898895,80.2444763184,61380,61390,10
13.0065898895,80.2441177368,61390,61400,10
13.0065803528,80.2437210083,61400,61410,10
13.0065603256,80.2432403564,61410,61420,10
13.0065498352,80.2426300049,61420,61430,10
13.0065402985,80.2418670654,61430,61441,11
13.0065402985,80.2415618896,61441,61451,10
13.0065498352,80.2414016724,61451,61461,10
13.0065803528,80.2411727905,61461,61471,10
13.0066099167,80.2409667969,61471,61481,10
13.006649971,80.2407226563,61481,61491,10
13.0067300797,80.2402801514,61491,61501,10
13.0068798065,80.2396774292,61501,61511,10
13.0069999695,80.2389373779,61511,61521,10
13.0071802139,80.2380981445,61521,61531,10
13.0073604584,80.2372970581,61531,61540,9
13.0073900223,80.2370910645,61540,61552,12
13.007399559,80.2368087769,61552,61562,10
13.0074195862,80.2367019653,61562,61572,10
13.0074300766,80.236656189,61572,61582,10
13.0075302124,80.2363510132,61582,61592,10
13.0076303482,80.2358627319,61592,61602,10
13.0077600479,80.2352218628,61602,61612,10
13.0078897476,80.2345581055,61612,61622,10
13.0080604553,80.2337722778,61622,61632,10
13.0082597733,80.2327575684,61632,61642,10
13.0084896088,80.2316207886,61642,61653,11
13.0087404251,80.2303619385,61653,61662,9
13.008939743,80.2293395996,61662,61673,11
13.0092096329,80.2280807495,61673,61683,10
13.0096797943,80.2270278931,61683,61693,10
13.0101203918,80.2260894775,61693,61703,10
13.0104799271,80.225402832,61703,61713,10
13.0107402802,80.224899292,61713,61723,10
13.0109395981,80.2243423462,61723,61733,10
13.0113296509,80.2233963013,61733,61763,30
13.0113296509,80.2233963013,61763,61773,10
13.011469841,80.2230987549,61773,61783,10
13.0116901398,80.2225570679,61783,61794,11
13.0119895935,80.2217025757,61794,61804,10
13.0124101639,80.2215805054,61804,61814,10
13.0128097534,80.2221603394,61814,61824,10
13.0133600235,80.2227630615,61824,61834,10
13.0139198303,80.2233276367,61834,61844,10
13.0142498016,80.2236175537,61844,61854,10
13.0145902634,80.2239303589,61854,61864,10
13.014960289,80.2244491577,61864,61874,10
13.0154600143,80.2249221802,61874,61894,20
13.0154600143,80.2249221802,61894,61904,10
13.0155601501,80.2249908447,61904,61914,10
13.0158004761,80.2252502441,61914,61924,10
13.0163202286,80.2253723145,61924,61934,10
13.0170202255,80.2251434326,61934,61947,13
13.0180397034,80.2247161865,61947,61957,10
13.0188798904,80.2243728638,61957,61965,8
13.0193195343,80.2242889404,61965,61977,12
13.0194101334,80.2243118286,61977,61987,10
13.0194597244,80.2243118286,61987,61997,10
13.0196304321,80.2244110107,61997,62007,10
13.0196399689,80.2244262695,62007,62017,10
13.0197496414,80.2245101929,62017,62027,10
13.0200195313,80.2247161865,62027,62037,10
13.0204200745,80.2250366211,62037,62047,10
13.0208997726,80.2253875732,62047,62058,11
13.0214595795,80.2258377075,62058,62068,10
13.0220298767,80.2262878418,62068,62078,10
13.0226602554,80.2268371582,62078,62088,10
13.0233201981,80.2274398804,62088,62098,10
13.023900032,80.2279891968,62098,62108,10
13.0243597031,80.2285232544,62108,62118,10
13.0247001648,80.2290115356,62118,62128,10
13.0250997543,80.2295227051,62128,62138,10
13.0253896713,80.2298431396,62138,62147,9
13.0254201889,80.2298812866,62147,62159,12
13.0256996155,80.2303390503,62159,62169,10
13.0259599686,80.2310028076,62169,62179,10
13.0261297226,80.2313690186,62179,62189,10
13.0262002945,80.2313613892,62189,62199,10
13.0266304016,80.2312469482,62199,62209,10
13.0272197723,80.2311172485,62209,62219,10
13.0277700424,80.231010437,62219,62229,10
13.0282402039,80.2309265137,62229,62290,61
13.0282402039,80.2309265137,62290,62300,10
13.0286502838,80.2309036255,62300,62310,10
13.0292797089,80.2308197021,62310,62351,41
13.0292797089,80.2308197021,62351,62361,10
13.0295200348,80.230796814,62361,62371,10
13.0298204422,80.2307891846,62371,62381,10
13.0300197601,80.2307662964,62381,62391,10
13.0303201675,80.2307434082,62391,62401,10
13.030579567,80.2307128906,62401,62411,10
13.0305995941,80.2307128906,62411,62421,10
13.0306596756,80.2304916382,62421,62429,8
13.030579567,80.2302093506,62429,62441,12
13.0303497314,80.229637146,62441,62451,10
13.0302696228,80.2290267944,62451,62461,10
13.0303297043,80.228477478,62461,62472,11
13.0303497314,80.2283706665,62472,62482,10
13.0303602219,80.2282485962,62482,62492,10
13.0303697586,80.2279815674,62492,62502,10
13.0304098129,80.2276306152,62502,62512,10
13.030090332,80.2275009155,62512,62522,10
13.0294599533,80.2273635864,62522,62532,10
13.0287303925,80.2272186279,62532,62542,10
13.0281496048,80.2270889282,62542,62552,10
13.0279397964,80.2269973755,62552,62563,11
13.0278701782,80.2269363403,62563,62573,10
13.027879715,80.2267074585,62573,62583,10
13.0279798508,80.2262573242,62583,62593,10
13.0281095505,80.2256011963,62593,62603,10
13.0283098221,80.2246780396,62603,62613,10
13.0285100937,80.2240371704,62613,62624,11
13.0288896561,80.224067688,62624,62644,20
13.0288896561,80.224067688,62644,62654,10
13.0291004181,80.2242736816,62654,62665,11
13.0294904709,80.224319458,62665,62675,10
13.0300703049,80.224319458,62675,62685,10
13.0307502747,80.2243270874,62685,62695,10
13.0311403275,80.2241516113,62695,62705,10
13.0311603546,80.2232437134,62705,62724,19
13.0311603546,80.2232437134,62724,62735,11
13.0312204361,80.2229003906,62735,62745,10
13.0314502716,80.2224884033,62745,62757,12
13.0317602158,80.2218399048,62757,62767,10
13.0319795609,80.2212371826,62767,62775,8
13.032119751,80.2206497192,62775,62787,12
13.0321598053,80.2199020386,62787,62797,10
13.0321702957,80.2196578979,62797,62807,10
13.0321798325,80.219543457,62807,62817,10
13.0321903229,80.2191162109,62817,62827,10
13.0321302414,80.2185974121,62827,62837,10
13.0316495895,80.2184677124,62837,62847,10
13.0314798355,80.217918396,62847,62858,11
13.0314102173,80.2173233032,62858,62868,10
13.0313596725,80.2171173096,62868,62878,10
13.0310602188,80.2169876099,62878,62888,10
13.0307998657,80.2169799805,62888,62898,10
13.0305500031,80.2169494629,62898,62908,10
13.0304098129,80.2164611816,62908,62928,20
13.0304098129,80.2164611816,62928,62938,10
13.0303497314,80.215927124,62938,62948,10
13.0303201675,80.2153701782,62948,62958,10
13.0303001404,80.2149429321,62958,62969,11
13.0304002762,80.214012146,62969,63081,112
13.0304002762,80.214012146,63081,63091,10
13.0305299759,80.2136688232,63091,63101,10
13.0305595398,80.2134017944,63101,63111,10
13.0306100845,80.2129669189,63111,63121,10
13.0306596756,80.2124786377,63121,63131,10
13.0307102203,80.2120895386,63131,63141,10
13.0307598114,80.2116394043,63141,63151,10
13.0308103561,80.2113265991,63151,63160,9
13.0308704376,80.2110137939,63160,63172,12
13.0309495926,80.2104721069,63172,63182,10
13.0309696198,80.2101821899,63182,63192,10
13.03083992,80.2100524902,63192,63202,10
13.0304803848,80.2099227905,63202,63212,10
13.0300397873,80.2097396851,63212,63222,10
13.030090332,80.2092285156,63222,63273,51
13.030090332,80.2092285156,63273,63283,10
13.0304403305,80.2090606689,63283,63293,10
13.0310401917,80.2092132568,63293,63303,10
13.0316400528,80.2093429565,63303,63313,10
13.0317201614,80.2093734741,63313,63323,10
13.0318603516,80.2094421387,63323,63333,10
13.0322198868,80.2095184326,63333,63343,10
13.0327997208,80.2096176147,63343,63353,10
13.033539772,80.209777832,63353,63363,10
13.0342798233,80.2099075317,63363,63374,11
13.0350503922,80.2099533081,63374,63384,10
13.0351600647,80.2095718384,63384,63394,10
13.0352602005,80.2088470459,63394,63424,30
13.0352602005,80.2088470459,63424,63434,10
13.0352697372,80.2086868286,63434,63444,10
13.035320282,80.2083511353,63444,63454,10
13.0353403091,80.2080307007,63454,63464,10
13.0354204178,80.2074279785,63464,63474,10
13.0355300903,80.2066726685,63474,63484,10
13.0355796814,80.2060699463,63484,63494,10
13.0354604721,80.2058410645,63494,63504,10
13.0355100632,80.2054824829,63504,63514,10
13.0355100632,80.2054367065,63514,63524,10
13.0355701447,80.2052536011,63524,63535,11
13.0357704163,80.205116272,63535,63544,9
13.0358400345,80.204750061,63544,63555,11
13.0358896255,80.2042770386,63555,63565,10
13.0359697342,80.2038421631,63565,63575,10
13.0360403061,80.2032775879,63575,63585,10
13.0361604691,80.2025375366,63585,63595,10
13.0362701416,80.2016067505,63595,63615,20
13.0362701416,80.2016067505,63615,63625,10
13.0363197327,80.201210022,63625,63635,10
13.0364303589,80.2006607056,63635,63645,10
13.0365495682,80.1998977661,63645,63655,10
13.0366697311,80.1990585327,63655,63665,10
13.036740303,80.1985321045,63665,63678,13
13.0367603302,80.198387146,63678,63688,10
13.0368204117,80.1981811523,63688,63698,10
13.0368404388,80.1980819702,63698,63708,10
13.0368900299,80.1976928711,63708,63718,10
13.0369997025,80.1970291138,63718,63728,10
13.0370597839,80.1964187622,63728,63738,10
13.0370702744,80.1963729858,63738,63748,10
13.0371103287,80.1961135864,63748,63758,10
13.0371999741,80.195602417,63758,63769,11
13.037320137,80.1948318481,63769,63779,10
13.0374298096,80.1940231323,63779,63789,10
13.0375299454,80.1932296753,63789,63799,10
13.0375795364,80.1929168701,63799,63809,10
13.0378198624,80.1927871704,63809,63819,10
13.0378398895,80.192779541,63819,63829,10
13.0381803513,80.192779541,63829,63839,10
13.0386800766,80.1928634644,63839,63849,10
13.0388498306,80.1928863525,63849,63859,10
13.0389900208,80.1929321289,63859,63870,11
13.039440155,80.1930007935,63870,63880,10
13.040019989,80.1931228638,63880,63890,10
13.0406103134,80.1932220459,63890,63900,10
13.0412597656,80.1933364868,63900,63910,10
13.0417900085,80.1934432983,63910,63920,10
13.0418100357,80.1937179565,63920,63930,10
13.0417804718,80.1940231323,63930,63940,10
13.0417404175,80.1942596436,63940,63950,10
13.0416498184,80.1947937012,63950,63960,10
13.041560173,80.1954421997,63960,63970,10
13.0414800644,80.1959991455,63970,63981,11
13.0414104462,80.1965484619,63981,63991,10
13.0413703918,80.1968383789,63991,64001,10
13.0413198471,80.1971511841,64001,64011,10
13.0412302017,80.1977386475,64011,64021,10
13.0411300659,80.1984481812,64021,64031,10
13.0410404205,80.1991119385,64031,64041,10
13.0410003662,80.1994018555,64041,64051,10
13.0409498215,80.1996765137,64051,64061,10
13.0408601761,80.2002792358,64061,64071,10
13.0407600403,80.2010116577,64071,64082,11
13.0406398773,80.2018508911,64082,64092,10
13.0405702591,80.2022399902,64092,64102,10
13.0404701233,80.202796936,64102,64112,10
13.0403795242,80.2035293579,64112,64122,10
13.0402898788,80.2041931152,64122,64132,10
13.0402097702,80.2046432495,64132,64142,10
13.0402202606,80.205039978,64142,64152,10
13.0406303406,80.2051315308,64152,64162,10
13.0411901474,80.2052230835,64162,64172,10
13.0412998199,80.2052307129,64172,64183,11
13.041560173,80.2052764893,64183,64193,10
13.0420999527,80.2053604126,64193,64203,10
13.0425901413,80.2054977417,64203,64213,10
13.042840004,80.2058792114,64213,64223,10
13.0432500839,80.2064819336,64223,64233,10
13.0437402725,80.2071533203,64233,64243,10
13.0440797806,80.2078781128,64243,64253,10
13.0441503525,80.2085418701,64253,64263,10
13.0441799164,80.2090911865,64263,64274,11
13.0441598892,80.2091598511,64274,64284,10
13.0441598892,80.209487915,64284,64294,10
13.0441904068,80.2101211548,64294,64304,10
13.0442199707,80.2109069824,64304,64314,10
13.0442495346,80.2116775513,64314,64324,10
13.044380188,80.2122802734,64324,64334,10
13.0450496674,80.2122879028,64334,64344,10
13.045920372,80.2122573853,64344,64354,10
13.0469799042,80.2121963501,64354,64374,20
13.0469799042,80.2121963501,64374,64385,11
13.0470504761,80.2119216919,64385,64405,20
13.0470504761,80.2119216919,64405,64415,10
13.0470695496,80.2115402222,64415,64425,10
13.0470104218,80.2110900879,64425,64435,10
13.0471696854,80.2107696533,64435,64445,10
13.0475902557,80.2108001709,64445,64455,10
13.0483102798,80.2108230591,64455,64495,40
13.0486898422,80.2108383179,64495,64546,51
13.0486898422,80.2108383179,64546,64556,10
13.0491895676,80.2108764648,64556,64566,10
13.0494203568,80.2108917236,64566,64575,9
13.0495796204,80.2108688354,64575,64586,11
13.0496397018,80.2105178833,64586,64596,10
13.0495300293,80.2099990845,64596,64606,10
13.0494804382,80.2096405029,64606,64616,10
13.0494604111,80.2092819214,64616,64626,10
13.0493803024,80.2088699341,64626,64636,10
13.0492601395,80.208366394,64636,64646,10
13.0490903854,80.2078475952,64646,64656,10
13.0489196777,80.2073516846,64656,64679,23
13.0489196777,80.2073516846,64679,64689,10
13.048910141,80.2071914673,64689,64699,10
13.0488796234,80.2070007324,64699,64709,10
13.0489997864,80.2069091797,64709,64719,10
13.0491104126,80.2071990967,64719,65579,860
13.0491104126,80.2071990967,65579,65589,10
13.0491399765,80.2077178955,65589,65620,31
13.0491399765,80.2077178955,65620,65630,10
13.0492601395,80.2082214355,65630,65690,60
13.0492601395,80.2082214355,65690,65701,11
13.0493097305,80.208480835,65701,65711,10
13.049369812,80.2086868286,65711,65721,10
13.0494403839,80.208946228,65721,65731,10
13.0495004654,80.2091217041,65731,65751,20
13.0495004654,80.2091217041,65751,65761,10
13.0495700836,80.2094116211,65761,65771,10
13.0496397018,80.2098236084,65771,65781,10
13.0496797562,80.2103271484,65781,65802,21
13.049659729,80.2104263306,65802,65903,101
13.049659729,80.2104263306,65903,65913,10
13.0496301651,80.2105407715,65913,65923,10
13.049659729,80.2107009888,65923,65933,10
13.0496997833,80.210899353,65933,65943,10
13.0497503281,80.2112884521,65943,65953,10
13.0498104095,80.2117767334,65953,65960,7
13.0498304367,80.2119216919,65960,66145,185
13.0498304367,80.2119216919,66145,66155,10
13.0498504639,80.2121582031,66155,66165,10
13.0498504639,80.2121734619,66165,66175,10
13.0495901108,80.2122573853,66175,66185,10
13.0493001938,80.2122421265,66185,66206,21
13.0493001938,80.2122421265,66206,66216,10
13.0490703583,80.2122421265,66216,66226,10
13.048620224,80.2122573853,66226,66236,10
13.0480899811,80.2123031616,66236,66246,10
13.0474796295,80.212348938,66246,66256,10
13.0468902588,80.2123565674,66256,66267,11
13.0457696915,80.2124023438,66267,66297,30
13.0457696915,80.2124023438,66297,66307,10
13.0455102921,80.2124176025,66307,66317,10
13.0450601578,80.2124404907,66317,66327,10
13.0448999405,80.2124481201,66327,66337,10
13.0446195602,80.2124633789,66337,66347,10
13.0442800522,80.2123336792,66347,66357,10
13.0441999435,80.2117462158,66357,66367,10
13.0441703796,80.2110366821,66367,66377,10
13.0441398621,80.2105178833,66377,66387,10
13.0441102982,80.2098617554,66387,66410,23
13.0441102982,80.2098617554,66410,66420,10
13.0441398621,80.2096176147,66420,66430,10
13.0441198349,80.2092285156,66430,66440,10
13.0441102982,80.2091827393,66440,66450,10
13.0440797806,80.2089004517,66450,66460,10
13.0440502167,80.2082901001,66460,66470,10
13.0438995361,80.207611084,66470,66480,10
13.0434799194,80.2068786621,66480,66490,10
13.0429601669,80.2061386108,66490,66500,10
13.0424499512,80.2055664063,66500,66511,11
13.0419301987,80.2053604126,66511,66521,10
13.0418395996,80.2053527832,66521,66531,10
13.0416097641,80.2053070068,66531,66541,10
13.0413398743,80.2052764893,66541,66551,10
13.0413303375,80.2052764893,66551,66561,10
13.041179657,80.2052612305,66561,66571,10
13.0408697128,80.2052078247,66571,66581,10
13.0403795242,80.2051391602,66581,66591,10
13.0400896072,80.2050933838,66591,66601,10
13.0398397446,80.205039978,66601,66612,11
13.0392904282,80.2049713135,66612,66622,10
13.0386400223,80.2048797607,66622,66632,10
13.038189888,80.204750061,66632,66642,10
13.0382099152,80.2043685913,66642,66652,10
13.0382795334,80.2037582397,66652,66662,10
13.0383796692,80.2030334473,66662,66672,10
13.0384397507,80.2024993896,66672,66682,10
13.0385103226,80.2020263672,66682,66692,10
13.0385303497,80.2019119263,66692,66702,10
13.0385704041,80.2015686035,66702,66713,11
13.0386695862,80.2009429932,66713,66723,10
13.0387802124,80.2002563477,66723,66733,10
13.0389099121,80.1994781494,66733,66743,10
13.0389795303,80.1989364624,66743,66753,10
13.0390796661,80.1982269287,66753,66763,10
13.0391998291,80.1974411011,66763,66773,10
13.0392599106,80.1969223022,66773,66783,10
13.0392599106,80.1968917847,66783,66793,10
13.0392904282,80.1965866089,66793,66803,10
13.0393600464,80.1962585449,66803,66814,11
13.0394296646,80.1956329346,66814,66824,10
13.0395002365,80.1949234009,66824,66834,10
13.0395898819,80.1941604614,66834,66844,10
13.0397100449,80.1934585571,66844,66854,10
13.039730072,80.1932525635,66854,66864,10
13.0396099091,80.1931304932,66864,66874,10
13.0391798019,80.193031311,66874,66884,10
13.0387201309,80.1929626465,66884,66894,10
13.0386800766,80.1929473877,66894,66904,10
13.0385198593,80.1929321289,66904,66915,11
13.0380897522,80.1928787231,66915,66925,10
13.0376701355,80.1930923462,66925,66935,10
13.037560463,80.1937484741,66935,66945,10
13.0374603271,80.1945114136,66945,66955,10
13.0373401642,80.1953582764,66955,66965,10
13.0372495651,80.1959915161,66965,66975,10
13.037229538,80.1961669922,66975,66985,10
13.0372104645,80.1963500977,66985,66995,10
13.0371103287,80.1968383789,66995,67005,10
13.0370101929,80.1975326538,67005,67016,11
13.0368995667,80.1982727051,67016,67026,10
13.0368499756,80.1987533569,67026,67036,10
13.0368299484,80.1988601685,67036,67046,10
13.0367603302,80.1992034912,67046,67056,10
13.0366697311,80.199798584,67056,67066,10
13.0365695953,80.2005081177,67066,67076,10
13.0364704132,80.2011871338,67076,67086,10
13.0363903046,80.2018890381,67086,67117,31
13.0363903046,80.2018890381,67117,67127,10
13.0363998413,80.2019882202,67127,67137,10
13.0363197327,80.202331543,67137,67147,10
13.0362195969,80.2029190063,67147,67157,10
13.0361099243,80.20362854,67157,67167,10
13.0360298157,80.2041778564,67167,67177,10
13.0360202789,80.2044830322,67177,67187,10
13.0359697342,80.2048034668,67187,67197,10
13.0358695984,80.2053985596,67197,67207,10
13.0357599258,80.2061080933,67207,67217,10
13.0356502533,80.2068710327,67217,67227,10
13.0355300903,80.2077178955,67227,67238,11
13.0354604721,80.2083435059,67238,67248,10
13.0354404449,80.2084274292,67248,67258,10
13.0353803635,80.2085800171,67258,67268,10
13.0353002548,80.2089996338,67268,67278,10
13.0352201462,80.2096405029,67278,67288,10
13.0351400375,80.2101669312,67288,67298,10
13.0351200104,80.2104415894,67298,67307,9
13.0350399017,80.2105484009,67307,67320,13
13.0349197388,80.2108078003,67320,67330,10
13.0348701477,80.2112808228,67330,67340,10
13.0347795486,80.2118606567,67340,67350,10
13.0347299576,80.2119598389,67350,67358,8
13.0347003937,80.2121276855,67358,67370,12
13.0342302322,80.2121429443,67370,67380,10
13.0336904526,80.212020874,67380,67390,10
13.0332298279,80.2120132446,67390,67400,10
13.0327100754,80.2119827271,67400,67407,7
13.032500267,80.2119598389,67407,67421,14
13.032409668,80.2119598389,67421,67431,10
13.0320901871,80.2119216919,67431,67441,10
13.0318698883,80.2115631104,67441,67451,10
13.0319700241,80.2108688354,67451,67461,10
13.0320501328,80.2102584839,67461,67471,10
13.0320796967,80.2098617554,67471,67481,10
13.0317497253,80.2096633911,67481,67491,10
13.0311002731,80.2094421387,67491,67501,10
13.0304002762,80.2092895508,67501,67532,31
13.0304002762,80.2092895508,67532,67542,10
13.0300598145,80.2096099854,67542,67562,20
13.0300598145,80.2096099854,67562,67572,10
13.0300102234,80.209777832,67572,67582,10
13.0302600861,80.2099380493,67582,67592,10
13.0304698944,80.2099685669,67592,67602,10
13.0305995941,80.2100296021,67602,67612,10
13.0308704376,80.2101135254,67612,67623,11
13.030960083,80.210319519,67623,67633,10
13.0309095383,80.2107086182,67633,67643,10
13.0308599472,80.211151123,67643,67653,10
13.0308103561,80.211479187,67653,67663,10
13.0307598114,80.211807251,67663,67673,10
13.0306901932,80.2123031616,67673,67683,10
13.0306100845,80.2128372192,67683,67693,10
13.0305204391,80.2134399414,67693,67703,10
13.0304803848,80.213760376,67703,67712,9
13.0304203033,80.214050293,67712,67724,12
13.0303497314,80.2146835327,67724,67734,10
13.0303497314,80.2147674561,67734,67744,10
13.0303497314,80.214881897,67744,67754,10
13.0303602219,80.2152633667,67754,67764,10
13.0303897858,80.2156982422,67764,67774,10
13.030380249,80.2159423828,67774,67784,10
13.0304098129,80.2164382935,67784,67794,10
13.0304803848,80.2169570923,67794,67804,10
13.0307598114,80.2170028687,67804,67812,8
13.0308799744,80.217010498,67812,67825,13
13.0312595367,80.2170333862,67825,67833,8
13.0314598083,80.2172012329,67833,67845,12
13.0315103531,80.2179489136,67845,67855,10
13.0319004059,80.2184524536,67855,67865,10
13.0322599411,80.2186584473,67865,67875,10
13.0322198868,80.2191772461,67875,67885,10
13.0322303772,80.2197799683,67885,67895,10
13.0322198868,80.2199630737,67895,67905,10
13.03221035,80.2200622559,67905,67915,10
13.03221035,80.2203979492,67915,67926,11
13.0321798325,80.2205963135,67926,67936,10
13.032119751,80.2207717896,67936,67946,10
13.031999588,80.221282959,67946,67956,10
13.031829834,80.2218017578,67956,67966,10
13.0316200256,80.2221908569,67966,67976,10
13.0313100815,80.2227783203,67976,67986,10
13.0311698914,80.2233963013,67986,67996,10
13.0311603546,80.2239227295,67996,68006,10
13.0311698914,80.2240982056,68006,68016,10
13.0311603546,80.2243270874,68016,68027,11
13.0307798386,80.2243804932,68027,68037,10
13.0302696228,80.2243728638,68037,68047,10
13.0297899246,80.2243728638,68047,68057,10
13.0293998718,80.2243804932,68057,68067,10
13.0290603638,80.224319458,68067,68077,10
13.028960228,80.2242431641,68077,68087,10
13.0286798477,80.2241363525,68087,68098,11
13.0284204483,80.2245101929,68098,68108,10
13.0282697678,80.2252426147,68108,68119,11
13.0281000137,80.2260284424,68119,68129,10
13.0279502869,80.2267227173,68129,68139,10
13.0279502869,80.2270202637,68139,68149,10
13.0286197662,80.2272262573,68149,68168,19
13.0286197662,80.2272262573,68168,68179,11
13.0288600922,80.2272491455,68179,68189,10
13.0293302536,80.2273406982,68189,68199,10
13.0299100876,80.2274398804,68199,68209,10
13.0304002762,80.2275695801,68209,68218,9
13.0303897858,80.2278671265,68218,68231,13
13.0303297043,80.2284622192,68231,68241,10
13.0303096771,80.228553772,68241,68251,10
13.0302801132,80.2289581299,68251,68261,10
13.030380249,80.2296218872,68261,68271,10
13.0306901932,80.2305374146,68271,68433,162
13.0306901932,80.2305374146,68433,68443,10
13.0306596756,80.2308197021,68443,68453,10
13.0304603577,80.2308578491,68453,68463,10
13.0304203033,80.2308578491,68463,68473,10
13.0302295685,80.2308578491,68473,68483,10
13.0299501419,80.2308883667,68483,68493,10
13.0297298431,80.2309188843,68493,68503,10
13.0296802521,80.2309265137,68503,68513,10
13.0293397903,80.23097229,68513,68522,9
13.0288295746,80.2310333252,68522,68534,12
13.0279798508,80.2310333252,68534,68542,8
13.0276498795,80.2310791016,68542,68554,12
13.0276603699,80.231590271,68554,68564,10
13.027759552,80.2323074341,68564,68576,12
13.0276498795,80.2329177856,68576,68586,10
13.0270795822,80.2330169678,68586,68687,101
13.0270795822,80.2330169678,68687,68697,10
13.0268802643,80.2330169678,68697,68707,10
13.0266704559,80.2330474854,68707,68718,11
13.0264196396,80.233039856,68718,68728,10
13.0262804031,80.2327880859,68728,68738,10
13.0261497498,80.232460022,68738,68748,10
13.0260400772,80.2320785522,68748,68758,10
13.0259399414,80.2316894531,68758,68769,11
13.0258398056,80.2312469482,68769,68779,10
13.0258398056,80.2311172485,68779,68789,10
13.0256996155,80.2307434082,68789,68799,10
13.0254001617,80.230178833,68799,68809,10
13.0250101089,80.2296676636,68809,68819,10
13.0247297287,80.2293395996,68819,68829,10
13.0245199203,80.2290496826,68829,68839,10
13.0242300034,80.2286300659,68839,68849,10
13.023900032,80.228302002,68849,68869,20
13.023900032,80.228302002,68869,68879,10
13.0237598419,80.2280807495,68879,68889,10
13.0235204697,80.2278289795,68889,68899,10
13.0231704712,80.2274627686,68899,68909,10
13.0226802826,80.2269973755,68909,68919,10
13.0220899582,80.2264785767,68919,68932,13
13.0212202072,80.2257766724,68932,68942,10
13.0206804276,80.225402832,68942,68952,10
13.0203399658,80.2251586914,68952,68962,10
13.0199804306,80.2249221802,68962,68972,10
13.0195798874,80.2246780396,68972,68982,10
13.0188798904,80.2245635986,68982,68992,10
13.0180597305,80.2248687744,68992,69002,10
13.0172195435,80.2252120972,69002,69012,10
13.0165996552,80.2254562378,69012,69022,10
13.0162496567,80.2255630493,69022,69033,11
13.0157604218,80.225730896,69033,69043,10
13.0152902603,80.2259292603,69043,69053,10
13.0144901276,80.2262573242,69053,69073,20
13.0144901276,80.2262573242,69073,69083,10
13.0144300461,80.2262802124,69083,69093,10
13.0140895844,80.2264022827,69093,69103,10
13.0135698318,80.226600647,69103,69113,10
13.0129203796,80.226852417,69113,69123,10
13.0123195648,80.2270736694,69123,69134,11
13.0116596222,80.2273406982,69134,69144,10
13.0109901428,80.2276077271,69144,69154,10
13.0102300644,80.2279129028,69154,69164,10
13.0094404221,80.2282409668,69164,69174,10
13.0090503693,80.2289810181,69174,69184,10
13.008890152,80.2300033569,69184,69214,30
13.008890152,80.2300033569,69214,69223,9
13.0088396072,80.2302398682,69223,69235,12
13.0087795258,80.2305297852,69235,69245,10
13.0087299347,80.2307815552,69245,69255,10
13.0087003708,80.2310333252,69255,69265,10
13.0086603165,80.2312088013,69265,69275,10
13.0085897446,80.231552124,69275,69295,20
13.0085897446,80.231552124,69295,69305,10
13.0085401535,80.2317962646,69305,69315,10
13.0084896088,80.232093811,69315,69325,10
13.0084295273,80.2324066162,69325,69336,11
13.0083799362,80.2326507568,69336,69346,10
13.0083198547,80.2329711914,69346,69356,10
13.0082702637,80.2334976196,69356,69376,20
13.0082702637,80.2334976196,69376,69386,10
13.0082302094,80.2336273193,69386,69396,10
13.0081596375,80.2337875366,69396,69406,10
13.0080795288,80.2340393066,69406,69416,10
13.0079898834,80.2345123291,69416,69426,10
13.007900238,80.2349395752,69426,69437,11
13.0078697205,80.2351379395,69437,69447,10
13.0078001022,80.2355194092,69447,69457,10
13.0077600479,80.2357711792,69457,69467,10
13.0076999664,80.2360610962,69467,69477,10
13.0076398849,80.2363891602,69477,69497,20
13.0076398849,80.2363891602,69497,69507,10
13.0075101852,80.2370529175,69507,69527,20
13.0075101852,80.2370529175,69527,69538,11
13.0074796677,80.2371520996,69538,69548,10
13.0074396133,80.2373123169,69548,69558,10
13.0074195862,80.2373809814,69558,69568,10
13.0073699951,80.2375183105,69568,69578,10
13.0072803497,80.2378997803,69578,69588,10
13.0071802139,80.2383804321,69588,69598,10
13.007109642,80.2387924194,69598,69608,10
13.0070199966,80.2392425537,69608,69618,10
13.0069303513,80.2397613525,69618,69628,10
13.0068502426,80.240196228,69628,69639,11
13.0068302155,80.2403488159,69639,69649,10
13.006770134,80.2406921387,69649,69657,8
13.0067195892,80.2409286499,69657,69669,12
13.0066604614,80.2413864136,69669,69679,10
13.0066404343,80.2418365479,69679,69689,10
13.0066404343,80.2423171997,69689,69699,10
13.006649971,80.2428436279,69699,69709,10
13.0066604614,80.2430725098,69709,69719,10
13.0066900253,80.243347168,69719,69729,10
13.0066795349,80.2435531616,69729,69740,11
13.0066699982,80.2441329956,69740,69749,9
13.0066795349,80.2447509766,69749,69760,11
13.0066900253,80.2455368042,69760,69770,10
13.0066995621,80.24609375,69770,69780,10
13.0067100525,80.246307373,69780,69790,10
13.0067100525,80.2465820313,69790,69820,30
13.0067100525,80.2465820313,69820,69830,10
13.0067195892,80.2467803955,69830,69842,12
13.0067195892,80.2473983765,69842,69852,10
13.0066900253,80.2481002808,69852,69862,10
13.0067195892,80.248878479,69862,69872,10
13.0067596436,80.2496337891,69872,69882,10
13.0067901611,80.2503662109,69882,69892,10
13.0067901611,80.2512130737,69892,69902,10
13.006649971,80.251991272,69902,69912,10
13.0065202713,80.2527999878,69912,69922,10
13.0065097809,80.2536773682,69922,69932,10
13.0065803528,80.2552566528,69932,69953,21
13.0065803528,80.2552566528,69953,69963,10
13.0065603256,80.2553787231,69963,69973,10
13.0065498352,80.2558898926,69973,69983,10
13.0065498352,80.2565231323,69983,69993,10
13.0065603256,80.256942749,69993,70003,10
13.0065698624,80.256980896,70003,70013,10
13.0066604614,80.257270813,70013,70023,10
13.0065498352,80.2575683594,70023,70033,10
13.0062198639,80.2575683594,70033,70044,11
13.0058002472,80.2574386597,70044,70054,10
13.0053596497,80.2573394775,70054,70064,10
13.0047798157,80.2572021484,70064,70074,10
13.0041799545,80.2570800781,70074,70084,10
13.0035295486,80.256980896,70084,70134,50
13.0035295486,80.256980896,70134,70145,11
13.0031499863,80.2568969727,70145,70155,10
13.0027599335,80.2568283081,70155,70165,10
13.0023698807,80.2567596436,70165,70175,10
13.0019598007,80.2566986084,70175,70225,50
13.0019598007,80.2566986084,70225,70235,10
13.0017995834,80.2566299438,70235,70246,11
13.0013599396,80.2565917969,70246,70256,10
13.0007200241,80.2565231323,70256,70266,10
13.0001096725,80.2564315796,70266,70326,60
13.0001096725,80.2564315796,70326,70336,10
12.9996099472,80.2563323975,70336,70347,11
12.9991798401,80.2562484741,70347,70357,10
12.9987802505,80.2561721802,70357,70367,10
12.9985303879,80.2561264038,70367,70377,10
12.998339653,80.2560882568,70377,70387,10
12.9979400635,80.2560272217,70387,70397,10
12.9973897934,80.2560119629,70397,70478,81
12.9973897934,80.2560119629,70478,70488,10
12.9970397949,80.2560424805,70488,70498,10
12.9968595505,80.2566070557,70498,70518,20
12.9968595505,80.2566070557,70518,70528,10
12.9968099594,80.2569732666,70528,70538,10
12.9968004227,80.2570800781,70538,70549,11
12.9967803955,80.2573623657,70549,70559,10
12.9967298508,80.257850647,70559,70569,10
12.9966602325,80.2584381104,70569,70579,10
12.9965896606,80.2590866089,70579,70589,10
12.9965200424,80.2595977783,70589,70599,10
12.9964895248,80.2599105835,70599,70609,10
12.9964103699,80.2605209351,70609,70619,10
12.9963302612,80.2612380981,70619,70629,10
12.9962997437,80.2617111206,70629,70639,10
12.9962797165,80.2618484497,70639,70649,10
12.9962701797,80.2619628906,70649,70659,10
12.9962301254,80.2621765137,70659,70669,10
12.9961900711,80.2624511719,70669,70679,10
12.9961795807,80.2624664307,70679,70689,10
12.9961395264,80.2626037598,70689,70699,10
12.9961099625,80.2629470825,70699,70710,11
12.9960699081,80.2635574341,70710,70719,9
12.9960098267,80.2641983032,70719,70730,11
12.9959001541,80.2650222778,70730,70740,10
12.9958896637,80.2653808594,70740,70750,10
12.9958696365,80.2655181885,70750,70760,10
12.9958095551,80.2660217285,70760,70770,10
12.9957304001,80.266746521,70770,70780,10
12.9956502914,80.2674713135,70780,70790,10
12.9962100983,80.2677764893,70790,70820,30
12.9962100983,80.2677764893,70820,70830,10
12.9965600967,80.2677993774,70830,70843,13
12.9972801208,80.2676467896,70843,70853,10
12.9979600906,80.2674636841,70853,70863,10
12.9987802505,80.2672195435,70863,70873,10
12.9995498657,80.266998291,70873,70883,10
13.0000495911,80.2666702271,70883,70893,10
13.0000696182,80.2665863037,70893,70903,10
13.0001001358,80.2664489746,70903,70913,10
13.0001602173,80.2659912109,70913,70923,10
13.0002298355,80.2657089233,70923,70933,10
13.0003004074,80.2659225464,70933,70943,10
13.0001802444,80.2664413452,70943,71176,233
13.0320501328,80.2101821899,71176,78688,7512
13.0320501328,80.2101821899,78688,78722,34
13.0307197571,80.2093734741,78722,78732,10
13.0306901932,80.2093582153,78732,78742,10
13.0305595398,80.209312439,78742,78752,10
13.0303001404,80.2092208862,78752,78762,10
13.0301399231,80.2092895508,78762,78772,10
13.0300598145,80.2095794678,78772,78782,10
13.0300302505,80.2096633911,78782,78793,11
13.030090332,80.2098464966,78793,78803,10
13.0303297043,80.2098922729,78803,78813,10
13.0306997299,80.2099914551,78813,78823,10
13.0309400558,80.2100906372,78823,78833,10
13.0309495926,80.2103424072,78833,78843,10
13.0308904648,80.2108078003,78843,78853,10
13.0308504105,80.211151123,78853,78863,10
13.030790329,80.2115478516,78863,78873,10
13.0307502747,80.2118606567,78873,78883,10
13.030670166,80.2122573853,78883,78893,10
13.0305900574,80.2127990723,78893,78904,11
13.030500412,80.2133865356,78904,78914,10
13.0304803848,80.2137069702,78914,78924,10
13.0304098129,80.214050293,78924,78934,10
13.0303401947,80.2147216797,78934,78954,20
13.0303401947,80.2147216797,78954,78962,8
13.0303096771,80.2148895264,78962,78977,15
13.0303401947,80.2156829834,78977,78986,9
13.030380249,80.2163467407,78986,78997,11
13.0304603577,80.2169113159,78997,79007,10
13.0309400558,80.2169570923,79007,79017,10
13.0313301086,80.2169876099,79017,79027,10
13.0314903259,80.2174530029,79027,79037,10
13.0315599442,80.2182617188,79037,79047,10
13.0321598053,80.2184906006,79047,79057,10
13.03221035,80.2189331055,79057,79067,10
13.0321998596,80.219367981,79067,79077,10
13.0321998596,80.2195205688,79077,79087,10
13.0321903229,80.219909668,79087,79098,11
13.03221035,80.2202682495,79098,79108,10
13.0321998596,80.2203598022,79108,79118,10
13.0321397781,80.2207107544,79118,79129,11
13.0319700241,80.2213897705,79129,79139,10
13.0318002701,80.2218093872,79139,79149,10
13.0315103531,80.2224197388,79149,79159,10
13.0312099457,80.2230377197,79159,79168,9
13.031129837,80.223739624,79168,79179,11
13.0311498642,80.2240371704,79179,79189,10
13.0311002731,80.224319458,79189,79201,12
13.030579567,80.224319458,79201,79211,10
13.0301198959,80.2242965698,79211,79221,10
13.0295095444,80.2243118286,79221,79231,10
13.0289497375,80.2241897583,79231,79241,10
13.0286397934,80.2240829468,79241,79250,9
13.0284004211,80.224357605,79250,79261,11
13.0282201767,80.2252578735,79261,79271,10
13.0280399323,80.2261581421,79271,79281,10
13.0278997421,80.2268371582,79281,79291,10
13.0280303955,80.2270584106,79291,79302,11
13.0285797119,80.2271728516,79302,79312,10
13.0293302536,80.2272872925,79312,79322,10
13.0300598145,80.2274093628,79322,79332,10
13.0304203033,80.2275924683,79332,79342,10
13.030380249,80.2279434204,79342,79352,10
13.0303297043,80.2284622192,79352,79362,10
13.0302600861,80.229057312,79362,79372,10
13.0304803848,80.2297821045,79372,79382,10
13.0306596756,80.2304382324,79382,79392,10
13.0306396484,80.2306671143,79392,79403,11
13.0304203033,80.2307662964,79403,79413,10
13.0301303864,80.2307815552,79413,79423,10
13.0296802521,80.2308273315,79423,79433,10
13.0293102264,80.2308883667,79433,79443,10
13.0292701721,80.2308883667,79443,79453,10
13.0288896561,80.2309112549,79453,79463,10
13.0282201767,80.23097229,79463,79473,10
13.027680397,80.2310180664,79473,79485,12
13.0276002884,80.231300354,79485,79495,10
13.0276699066,80.2319335938,79495,79506,11
13.0278196335,80.2327270508,79506,79516,10
13.0273704529,80.2328720093,79516,79526,10
13.0268201828,80.2329788208,79526,79546,20
13.0268201828,80.2329788208,79546,79556,10
13.0265598297,80.2330474854,79556,79566,10
13.026309967,80.2327575684,79566,79576,10
13.0261096954,80.232093811,79576,79586,10
13.0258998871,80.2313232422,79586,79597,11
13.0255899429,80.2303619385,79597,79607,10
13.0249996185,80.2295074463,79607,79617,10
13.0245704651,80.2289581299,79617,79627,10
13.0243196487,80.2286224365,79627,79637,10
13.0240402222,80.2283630371,79637,79647,10
13.0239295959,80.2282333374,79647,79657,10
13.023850441,80.2280578613,79657,79667,10
13.0237197876,80.2278671265,79667,79677,10
13.0233097076,80.2274703979,79677,79687,10
13.0227298737,80.2269363403,79687,79698,11
13.0220499039,80.2263183594,79698,79708,10
13.021730423,80.2260513306,79708,79718,10
13.021320343,80.2257614136,79718,79728,10
13.0207796097,80.2253417969,79728,79738,10
13.0201396942,80.2249221802,79738,79748,10
13.0193796158,80.2245025635,79748,79758,10
13.0184602737,80.2245864868,79758,79768,10
13.0175104141,80.2249908447,79768,79778,10
13.0165395737,80.2253875732,79778,79788,10
13.0157403946,80.2256774902,79788,79798,10
13.0149497986,80.2259979248,79798,79808,10
13.0144195557,80.2262115479,79808,79818,10
13.0143404007,80.2262420654,79818,79828,10
13.0140800476,80.2263336182,79828,79838,10
13.0134801865,80.2265472412,79838,79848,10
13.0127296448,80.2268295288,79848,79859,11
13.0118303299,80.227180481,79859,79869,10
13.0109300613,80.2275619507,79869,79879,10
13.0101499557,80.227897644,79879,79889,10
13.0092897415,80.2282791138,79889,79899,10
13.0089702606,80.2292404175,79899,79909,10
13.0087499619,80.2303390503,79909,79919,10
13.0085401535,80.2314605713,79919,79929,10
13.0083303452,80.2326202393,79929,79941,12
13.0081996918,80.2335281372,79941,79949,8
13.0081796646,80.2336578369,79949,79959,10
13.0080900192,80.2340087891,79959,79969,10
13.0079698563,80.2345275879,79969,79979,10
13.0078201294,80.2352218628,79979,79989,10
13.0073604584,80.2375793457,79989,80002,13
13.0073604584,80.2375793457,80002,80012,10
13.0071697235,80.2386474609,80012,80021,9
13.0068998337,80.2401199341,80021,80082,61
13.0068998337,80.2401199341,80082,80089,7
13.0069704056,80.2402496338,80089,80103,14
13.0068597794,80.2407226563,80103,80113,10
13.0067796707,80.2410888672,80113,80123,10
13.0067396164,80.2418365479,80123,80133,10
13.0067195892,80.2427520752,80133,80143,10
13.0066604614,80.2436828613,80143,80153,10
13.0066604614,80.2446517944,80153,80163,10
13.0066699982,80.2456665039,80163,80173,10
13.0067100525,80.2464294434,80173,80183,10
13.0067100525,80.2466201782,80183,80193,10
13.0067100525,80.2467193604,80193,80204,11
13.0067195892,80.2470779419,80204,80214,10
13.0066995621,80.2476119995,80214,80224,10
13.0067195892,80.2483901978,80224,80232,8
13.0067596436,80.2491607666,80232,80245,13
13.0067796707,80.2506027222,80245,80255,10
13.0067195892,80.2515792847,80255,80265,10
13.006529808,80.252532959,80265,80275,10
13.0065202713,80.2536010742,80275,80285,10
13.0065803528,80.2546386719,80285,80295,10
13.0066003799,80.2550964355,80295,80306,11
13.0065898895,80.2553024292,80306,80316,10
13.0065898895,80.2558135986,80316,80326,10
13.0066003799,80.256477356,80326,80336,10
13.0066204071,80.257270813,80336,80376,40
13.0066204071,80.257270813,80376,80386,10
13.0067195892,80.2573623657,80386,80395,9
13.0065402985,80.25756073,80395,80407,12
13.0059099197,80.2574615479,80407,80417,10
13.0052099228,80.2573013306,80417,80427,10
13.0044403076,80.2571182251,80427,80437,10
13.003660202,80.2569580078,80437,80447,10
13.0029602051,80.2568206787,80447,80457,10
13.0022497177,80.256690979,80457,80467,10
13.0015201569,80.2565689087,80467,80477,10
13.0008096695,80.2564697266,80477,80485,8
13.0001296997,80.2563705444,80485,80498,13
12.9997596741,80.2562866211,80498,80508,10
12.9995803833,80.2562332153,80508,80518,10
12.999130249,80.2561416626,80518,80528,10
12.998550415,80.2560501099,80528,80538,10
12.9979200363,80.2559585571,80538,80548,10
12.9973096848,80.2559204102,80548,80558,10
12.9968996048,80.2560806274,80558,80568,10
12.9968500137,80.2563476563,80568,80578,10
12.9968004227,80.2568664551,80578,80588,10
12.9967803955,80.2570495605,80588,80599,11
12.9967603683,80.2572021484,80599,80609,10
12.9966897964,80.2577514648,80609,80619,10
12.9966096878,80.2585906982,80619,80629,10
12.996509552,80.2594680786,80629,80639,10
12.996430397,80.2603378296,80639,80649,10
12.9963197708,80.2613296509,80649,80659,10
12.9962596893,80.2620391846,80659,80669,10
12.9961996078,80.2624511719,80669,80679,10
12.9961595535,80.2626266479,80679,80689,10
12.9961099625,80.263168335,80689,80699,10
12.9960298538,80.2639083862,80699,80709,10
12.9959402084,80.264793396,80709,80720,11
12.9958200455,80.2658462524,80720,80729,9
12.9957199097,80.2667694092,80729,80740,11
12.9956998825,80.2676391602,80740,80750,10
12.9962596893,80.2677230835,80750,80760,10
12.9963703156,80.2677078247,80760,80770,10
12.9967098236,80.2677307129,80770,80780,10
12.9973201752,80.267578125,80780,80789,9
12.9979696274,80.2674026489,80789,80802,13
12.9987201691,80.2671890259,80802,80812,10
12.9993696213,80.2669830322,80812,80822,10
12.9999799728,80.2666931152,80822,80832,10
13.0000801086,80.2665023804,80832,80842,10
13.0001296997,80.2663803101,80842,80852,10
13.0001497269,80.2659988403,80852,80862,10
13.0002498627,80.2652664185,80862,80913,51
13.0002498627,80.2652664185,80913,80923,10
13.0003099442,80.2649002075,80923,80933,10
13.0003404617,80.264503479,80933,81135,202
13.0005302429,80.2643203735,81135,81175,40
13.0005302429,80.2643203735,81175,81185,10
13.0004796982,80.2642822266,81185,81195,10
13.0005102158,80.2639007568,81195,81206,11
13.0006103516,80.2633514404,81206,81216,10
13.0008001328,80.2629394531,81216,81226,10
13.0008497238,80.2624816895,81226,81236,10
13.0009098053,80.2617874146,81236,81246,10
13.0009698868,80.2609176636,81246,81250,4
13.0010404587,80.2606201172,81250,81266,16
13.0010404587,80.2595214844,81266,81276,10
