12.988120079,80.2238311768,17,2550,2533
12.9884796143,80.2238464355,2550,3429,879
12.9882001877,80.2236480713,3429,5175,1746
12.988240242,80.2237701416,5175,5407,232
12.9882202148,80.2236709595,5407,7295,1888
12.9881696701,80.2237167358,7295,8971,1676
12.9881696701,80.2237167358,8971,8981,10
12.9881401062,80.2237167358,8981,9336,355
12.9882802963,80.2237625122,9336,13121,3785
12.9884195328,80.2237701416,13121,13384,263
12.9882297516,80.2236175537,13384,16524,3140
12.9882602692,80.2236633301,16524,16706,182
12.9882202148,80.2236328125,16706,17281,575
12.9882698059,80.223739624,17281,17705,424
12.9882097244,80.2236480713,17705,20179,2474
12.9882097244,80.2236480713,20179,20189,10
12.988360405,80.2236328125,20189,20199,10
12.9883899689,80.2235794067,20199,20208,9
12.9884700775,80.2234420776,20208,20219,11
12.9886102676,80.2232894897,20219,20229,10
12.9890098572,80.2233428955,20229,20239,10
12.9894199371,80.2236480713,20239,20249,10
12.9894800186,80.2241592407,20249,20260,11
12.9896297455,80.2248764038,20260,20270,10
12.9900102615,80.2255325317,20270,20280,10
12.9900598526,80.2263031006,20280,20289,9
12.9901504517,80.2268371582,20289,20300,11
12.9902801514,80.2277526855,20300,20310,10
12.990530014,80.2287368774,20310,20320,10
12.9907197952,80.2293395996,20320,20330,10
12.9908800125,80.2302017212,20330,20340,10
12.9909200668,80.2310180664,20340,20350,10
12.9909801483,80.2317199707,20350,20361,11
12.9911804199,80.2327270508,20361,20371,10
12.9915304184,80.2334823608,20371,21289,918
12.9915304184,80.2334823608,21289,21299,10
12.9916400909,80.2335968018,21299,21310,11
12.9917697906,80.2340621948,21310,21320,10
12.9920902252,80.2345581055,21320,21330,10
12.9925203323,80.2351379395,21330,21340,10
12.9931898117,80.2357406616,21340,21350,10
12.9939699173,80.2362365723,21350,21360,10
12.9944801331,80.2368927002,21360,21370,10
12.9950199127,80.2371673584,21370,21380,10
12.9956798553,80.2376098633,21380,21390,10
12.9963102341,80.2383422852,21390,21400,10
12.9968795776,80.2391281128,21400,21411,11
12.997300148,80.2399215698,21411,21421,10
12.9976396561,80.2402572632,21421,21431,10
12.9984502792,80.2405700684,21431,21441,10
12.9993600845,80.2408218384,21441,21451,10
12.9998397827,80.2409210205,21451,21460,9
13.0008201599,80.2411117554,21460,21471,11
13.0020103455,80.2414016724,21471,21481,10
13.0026197433,80.2415237427,21481,21491,10
13.0035295486,80.241569519,21491,21501,10
13.0040798187,80.2417373657,21501,21512,11
13.0047998428,80.2418365479,21512,21521,9
13.0053195953,80.2418670654,21521,21532,11
13.0056800842,80.2422714233,21532,21542,10
13.0060100555,80.2424621582,21542,21551,9
13.0062999725,80.2425613403,21551,21562,11
13.0065097809,80.2424316406,21562,21574,12
13.0065498352,80.2416000366,21574,21584,10
13.0066404343,80.240852356,21584,21594,10
13.0067996979,80.2407302856,21594,21604,10
13.0067501068,80.2413635254,21604,21615,11
13.0067300797,80.2424621582,21615,21625,10
13.0067195892,80.2433624268,21625,21635,10
13.0067195892,80.2443008423,21635,21645,10
13.0067195892,80.2453536987,21645,21655,10
13.0067501068,80.2463302612,21655,21665,10
13.0067796707,80.2471008301,21665,21675,10
13.0067596436,80.2480697632,21675,21685,10
13.0068101883,80.2492599487,21685,21695,10
13.0068397522,80.2505187988,21695,21705,10
13.0068101883,80.2516021729,21705,21715,10
13.0066003799,80.2525863647,21715,21726,11
13.0065898895,80.253868103,21726,21736,10
13.0066204071,80.2550582886,21736,21746,10
13.0066404343,80.2562408447,21746,21756,10
13.0066795349,80.2572402954,21756,21766,10
13.0068597794,80.2577590942,21766,21775,9
13.0072603226,80.2583770752,21775,21786,11
13.0081796646,80.2589569092,21786,21797,11
13.0093002319,80.2590637207,21797,21807,10
13.0103597641,80.2590789795,21807,21818,11
13.0117101669,80.2591171265,21818,21828,10
13.0130796432,80.2591781616,21828,21838,10
13.0145101547,80.2592391968,21838,21848,10
13.0156297684,80.2593765259,21848,21857,9
13.0163898468,80.2597198486,21857,21868,11
13.0171298981,80.2602005005,21868,21878,10
13.0178098679,80.2606582642,21878,21888,10
13.0184698105,80.2611083984,21888,21898,10
13.0190496445,80.2615890503,21898,21908,10
13.0196399689,80.2621383667,21908,21919,11
13.0203104019,80.2627868652,21919,21929,10
13.0200996399,80.2630233765,21929,21939,10
13.019490242,80.2629699707,21939,21949,10
13.0190401077,80.2630386353,21949,21959,10
13.0190896988,80.2635726929,21959,21969,10
13.0191202164,80.2643203735,21969,21979,10
13.0189304352,80.2650985718,21979,21989,10
13.0188102722,80.2656173706,21989,21998,9
13.0187397003,80.2662277222,21998,22009,11
13.0188398361,80.2670669556,22009,22019,10
13.0192699432,80.2677764893,22019,22030,11
13.019900322,80.2685623169,22030,22040,10
13.0205202103,80.2693405151,22040,22050,10
13.0211601257,80.2701034546,22050,22060,10
13.0218095779,80.2708969116,22060,22070,10
13.0224199295,80.2716827393,22070,22080,10
13.0230102539,80.2724685669,22080,22090,10
13.0235795975,80.2732620239,22090,22100,10
13.0240497589,80.2739181519,22100,22110,10
13.0246496201,80.274597168,22110,22120,10
13.0255298615,80.2750167847,22120,22130,10
13.0264396667,80.2754135132,22130,22141,11
13.0274000168,80.2758712769,22141,22160,19
13.0290899277,80.276550293,22160,22172,12
13.0301904678,80.2768783569,22172,22182,10
13.0310201645,80.2773513794,22182,22193,11
13.0319404602,80.2775726318,22193,22203,10
13.0328102112,80.2774810791,22203,22213,10
13.0336799622,80.2773666382,22213,22222,9
13.0344600677,80.2775726318,22222,22233,11
13.0354299545,80.2777404785,22233,22243,10
13.0361795425,80.2778930664,22243,22254,11
13.0370597839,80.278213501,22254,22264,10
13.0377702713,80.2784118652,22264,22274,10
13.038479805,80.2786178589,22274,22284,10
13.0391798019,80.2788314819,22284,22294,10
13.0397195816,80.2789764404,22294,22304,10
13.0404100418,80.2791595459,22304,22314,10
13.0411300659,80.2793121338,22314,22324,10
13.0418796539,80.2794189453,22324,22334,10
13.0426301956,80.2795181274,22334,22345,11
13.0434503555,80.2796478271,22345,22355,10
13.0442199707,80.2798690796,22355,22365,10
13.0451202393,80.2800216675,22365,22375,10
13.046090126,80.2801513672,22375,22394,19
13.0479698181,80.2804107666,22394,22406,12
13.0491399765,80.2805786133,22406,22416,10
13.0501203537,80.2807235718,22416,22426,10
13.0511302948,80.2808609009,22426,22435,9
13.0520496368,80.2810134888,22435,22445,10
13.0530996323,80.2811737061,22445,22457,12
13.0543804169,80.2813796997,22457,22467,10
13.0554199219,80.2815933228,22467,22477,10
13.0564603806,80.2818222046,22477,22487,10
13.0572595596,80.2819671631,22487,22497,10
13.0580797195,80.2821426392,22497,22507,10
13.0588502884,80.2823028564,22507,22517,10
13.0597801208,80.2824935913,22517,22527,10
13.0606899261,80.2826766968,22527,22537,10
13.061630249,80.2828903198,22537,22547,10
13.0626001358,80.2830963135,22547,22558,11
13.0639600754,80.283416748,22558,22578,20
13.0639600754,80.283416748,22578,22588,10
13.0642595291,80.2834777832,22588,22598,10
13.0648603439,80.2836227417,22598,22608,10
13.0657501221,80.2837982178,22608,22618,10
13.0666599274,80.2839813232,22618,22628,10
13.0675201416,80.2841415405,22628,22637,9
13.0678596497,80.2838668823,22637,22648,11
13.0678596497,80.2831115723,22648,22659,11
13.0678195953,80.2822570801,22659,22669,10
13.0678396225,80.2813491821,22669,22679,10
13.0679798126,80.2802429199,22679,22689,10
13.0686302185,80.2792510986,22689,22699,10
13.0693302155,80.2782287598,22699,22709,10
13.069849968,80.2774505615,22709,22719,10
13.0702104568,80.2769088745,22719,22729,10
13.0706596375,80.2762374878,22729,22739,10
13.0711603165,80.2755203247,22739,22749,10
13.0716104507,80.2746429443,22749,22768,19
13.0716104507,80.2746429443,22768,22780,12
13.071680069,80.2744674683,22780,22790,10
13.0720396042,80.2745666504,22790,22800,10
13.0724201202,80.2749786377,22800,22810,10
13.0728702545,80.2754669189,22810,22819,9
13.0734500885,80.2760925293,22819,22830,11
13.0741596222,80.2763137817,22830,22839,9
13.0748901367,80.2762832642,22839,22851,12
13.0759897232,80.276260376,22851,22862,11
13.0770397186,80.2761993408,22862,22872,10
13.0779695511,80.2761077881,22872,22882,10
13.0783195496,80.2755203247,22882,22892,10
13.0787200928,80.2751312256,22892,22902,10
13.0792798996,80.2751998901,22902,22912,10
13.0799703598,80.2752838135,22912,22922,10
13.0808801651,80.2751998901,22922,22932,10
13.0812501907,80.275138855,22932,22945,13
13.0813102722,80.2751312256,22945,22957,12
13.081489563,80.275138855,22957,22967,10
13.0817403793,80.2753982544,22967,22978,11
13.0818195343,80.275970459,22978,22987,9
13.0819997787,80.276222229,22987,22998,11
13.0821800232,80.2761917114,22998,23008,10
13.0822296143,80.2760162354,23008,23018,10
13.0821800232,80.2758407593,23018,23028,10
13.082159996,80.2755889893,23028,23038,10
13.082159996,80.2755203247,23038,23048,10
13.0821504593,80.2752380371,23048,23058,10
13.0821304321,80.2750778198,23058,23068,10
13.082110405,80.2749328613,23068,23089,21
13.082110405,80.2749328613,23089,23099,10
13.082159996,80.2746582031,23099,24806,1707
13.082159996,80.2746582031,24806,24816,10
13.0821199417,80.2743225098,24816,24827,11
13.0820798874,80.27394104,24827,24837,10
13.0819997787,80.2735214233,24837,24847,10
13.0819597244,80.2732620239,24847,24857,10
13.0817804337,80.2730712891,24857,24867,10
13.0815401077,80.2730331421,24867,24877,10
13.0814800262,80.2732772827,24877,24887,10
13.0815200806,80.273651123,24887,24896,9
13.081580162,80.2742614746,24896,24907,11
13.0817203522,80.2749023438,24907,24938,31
13.0817203522,80.2749023438,24938,24948,10
13.0817403793,80.2751235962,24948,24958,10
13.0817203522,80.2754516602,24958,24968,10
13.0818099976,80.2760314941,24968,24978,10
13.0818901062,80.2767410278,24978,24988,10
13.0819501877,80.2774887085,24988,24998,10
13.0820503235,80.278213501,24998,25008,10
13.0821199417,80.2788391113,25008,25018,10
13.0821800232,80.2795410156,25018,25028,10
13.0822496414,80.2803421021,25028,25039,11
13.0823497772,80.2814712524,25039,25079,40
13.0823497772,80.2814712524,25079,25089,10
13.0823402405,80.281539917,25089,25098,9
13.0820398331,80.2816009521,25098,25109,11
13.0816602707,80.2812728882,25109,25119,10
13.0813903809,80.2810134888,25119,25130,11
13.0810804367,80.2808380127,25130,25140,10
13.0808000565,80.2807769775,25140,25150,10
13.0804796219,80.2808303833,25150,25160,10
13.0800304413,80.2811203003,25160,25170,10
13.0795602798,80.281578064,25170,25180,10
13.0787000656,80.2823028564,25180,25190,10
13.0776996613,80.2827606201,25190,25200,10
13.076669693,80.2833480835,25200,25210,10
13.0758695602,80.2840576172,25210,25220,10
13.0751304626,80.2848434448,25220,25230,10
13.0744400024,80.2855300903,25230,25241,11
13.0740499496,80.2858810425,25241,25251,10
13.0736398697,80.2860412598,25251,25261,10
13.0730800629,80.2858581543,25261,25271,10
13.0724697113,80.2855224609,25271,25281,10
13.07172966,80.2852935791,25281,25291,10
13.0709695816,80.2851104736,25291,25301,10
13.0701799393,80.2849197388,25301,25311,10
13.0694599152,80.2847518921,25311,25321,10
13.0685901642,80.284538269,25321,25331,10
13.067779541,80.2843780518,25331,25341,10
13.0668897629,80.2841796875,25341,25352,11
13.0659103394,80.2839508057,25352,25363,11
13.0649299622,80.2837371826,25363,25374,11
13.0640201569,80.283493042,25374,25385,11
13.0631904602,80.2833023071,25385,25395,10
13.0624303818,80.2830886841,25395,25405,10
13.0616598129,80.282913208,25405,25415,10
13.0608596802,80.2827529907,25415,25425,10
13.0600299835,80.2825775146,25425,25434,9
13.0592603683,80.2824325562,25434,25446,12
13.0582103729,80.2822113037,25446,25456,10
13.0576896667,80.2820968628,25456,25466,10
13.0576696396,80.2820892334,25466,25476,10
13.0573997498,80.282043457,25476,25486,10
13.056889534,80.2819366455,25486,25496,10
13.0562400818,80.2818222046,25496,25506,10
13.0554800034,80.2816696167,25506,25516,10
13.0546798706,80.28150177,25516,25525,9
13.0539197922,80.2813568115,25525,25536,11
13.0529403687,80.2811965942,25536,25548,12
13.0518598557,80.281036377,25548,25558,10
13.0509500504,80.2808990479,25558,25568,10
13.0504198074,80.2808303833,25568,25578,10
13.0498600006,80.2807617188,25578,25586,8
13.0493497849,80.2807006836,25586,25598,12
13.0485801697,80.2805786133,25598,25608,10
13.0478801727,80.2804794312,25608,25618,10
13.0471496582,80.2803573608,25618,25628,10
13.0464000702,80.2802581787,25628,25638,10
13.0456600189,80.2801513672,25638,25648,10
13.0449199677,80.2800827026,25648,25659,11
13.0441398621,80.2799606323,25659,25669,10
13.0434598923,80.2798614502,25669,25679,10
13.0427999496,80.2796936035,25679,25689,10
13.042090416,80.2795791626,25689,25699,10
13.0414104462,80.2794265747,25699,25709,10
13.0405197144,80.2792510986,25709,25719,10
13.0396900177,80.2790374756,25719,25729,10
13.0390396118,80.2788162231,25729,25739,10
13.0386695862,80.2786865234,25739,25749,10
13.038069725,80.278503418,25749,25760,11
13.0373802185,80.2783126831,25760,25770,10
13.0367002487,80.2780838013,25770,25780,10
13.0361499786,80.2779006958,25780,25788,8
13.0354099274,80.2777481079,25788,25799,11
13.0346403122,80.2776184082,25799,25810,11
13.0339202881,80.2774429321,25810,25820,10
13.0332098007,80.2774581909,25820,25830,10
13.032409668,80.2775115967,25830,25840,10
13.0315198898,80.2775421143,25840,25850,10
13.0311002731,80.27734375,25850,25861,11
13.030670166,80.27709198,25861,25871,10
13.030090332,80.2767715454,25871,25881,10
13.0293197632,80.2765731812,25881,25891,10
13.0284900665,80.2763290405,25891,25901,10
13.0276699066,80.2759628296,25901,25911,10
13.0268096924,80.2755889893,25911,25921,10
13.0260601044,80.2752304077,25921,25931,10
13.0252599716,80.2749328613,25931,25941,10
13.0245504379,80.2745819092,25941,25951,10
13.0242500305,80.2742767334,25951,25961,10
13.0239400864,80.2739028931,25961,25972,11
13.0235595703,80.2733764648,25972,25982,10
13.0231599808,80.2728424072,25982,25992,10
13.0226802826,80.2722091675,25992,26002,10
13.0221796036,80.2715301514,26002,26012,10
13.0216598511,80.2708206177,26012,26022,10
13.0210800171,80.2701034546,26022,26032,10
13.0204601288,80.2694091797,26032,26042,10
13.0199604034,80.2687606812,26042,26052,10
13.0192804337,80.2679824829,26052,26062,10
13.0187501907,80.2671890259,26062,26072,10
13.0186100006,80.2662811279,26072,26083,11
13.0186796188,80.2656936646,26083,26093,10
13.0188503265,80.2650375366,26093,26103,10
13.0190401077,80.2642593384,26103,26113,10
13.0189599991,80.2635803223,26113,26123,10
13.0189304352,80.2632217407,26123,26133,10
13.0188999176,80.2627334595,26133,26143,10
13.018819809,80.2620773315,26143,26153,10
13.0186595917,80.2613830566,26153,26163,10
13.0181303024,80.2609481812,26163,26174,11
13.017539978,80.260559082,26174,26183,9
13.0167503357,80.260017395,26183,26194,11
13.015879631,80.259552002,26194,26203,9
13.0151100159,80.2593536377,26203,26214,11
13.0142402649,80.2593231201,26214,26224,10
13.0134401321,80.2593002319,26224,26234,10
13.0126104355,80.2592697144,26234,26244,10
13.0117397308,80.2592391968,26244,26254,10
13.0108995438,80.2592086792,26254,26264,10
13.0100097656,80.2592010498,26264,26275,11
13.0092401505,80.2591781616,26275,26285,10
13.0087299347,80.2591781616,26285,26295,10
13.0083999634,80.2591629028,26295,26305,10
13.0079402924,80.2590408325,26305,26315,10
13.0075397491,80.2588195801,26315,26325,10
13.0069999695,80.2582931519,26325,26335,10
13.0066404343,80.2575683594,26335,26345,10
13.0065202713,80.2566680908,26345,26355,10
13.006529808,80.2556228638,26355,26365,10
13.0065002441,80.2543411255,26365,26375,10
13.0065002441,80.253616333,26375,26386,11
13.0065202713,80.2528076172,26386,26396,10
13.0065803528,80.252281189,26396,26426,30
13.0065803528,80.252281189,26426,26436,10
13.0066404343,80.2519989014,26436,26446,10
13.0067195892,80.2515182495,26446,26456,10
13.0067901611,80.2508773804,26456,26466,10
13.0067796707,80.2501678467,26466,26476,10
13.0067796707,80.2499084473,26476,26487,11
13.0067796707,80.249382019,26487,26497,10
13.0067300797,80.2487792969,26497,26506,9
13.0066795349,80.2482376099,26506,26517,11
13.0066604614,80.2477798462,26517,26598,81
13.0066604614,80.2477798462,26598,26608,10
13.0066795349,80.247467041,26608,26618,10
13.0066795349,80.2469863892,26618,26628,10
13.0066604614,80.2463226318,26628,26638,10
13.0066404343,80.2455978394,26638,26648,10
13.0066404343,80.2446365356,26648,26658,10
13.0066099167,80.2438735962,26658,26668,10
13.0066003799,80.2434082031,26668,26678,10
13.0065698624,80.2429733276,26678,26688,10
13.0065202713,80.2425994873,26688,26699,11
13.006070137,80.242477417,26699,26707,8
13.0056800842,80.2422714233,26707,26721,14
13.005109787,80.2418289185,26721,26731,10
13.0045404434,80.2418899536,26731,26741,10
13.0039596558,80.2416000366,26741,26751,10
13.0036802292,80.2408905029,26751,26761,10
13.0032596588,80.2403411865,26761,26771,10
13.002579689,80.2400665283,26771,26781,10
13.0023298264,80.2396774292,26781,26968,187
13.0023298264,80.2396774292,26968,26978,10
13.0024404526,80.2392425537,26978,26988,10
13.0023298264,80.2390975952,26988,26998,10
13.0018796921,80.238899231,26998,27006,8
13.0013999939,80.2387008667,27006,27020,14
13.0005102158,80.2382888794,27020,27030,10
12.9997596741,80.2379837036,27030,27040,10
12.9991703033,80.2381210327,27040,27050,10
12.9987096786,80.2383422852,27050,27059,9
12.9982795715,80.2380599976,27059,27071,12
12.9976100922,80.2375030518,27071,27081,10
12.9970903397,80.2368164063,27081,27091,10
12.9965400696,80.236076355,27091,27101,10
12.9959497452,80.2353820801,27101,27111,10
12.9953804016,80.2347183228,27111,27122,11
12.9948997498,80.2337799072,27122,27132,10
12.9941396713,80.2334823608,27132,27142,10
12.9935998917,80.2335662842,27142,27152,10
12.9933204651,80.2340087891,27152,27162,10
12.9927396774,80.233833313,27162,27169,7
12.9922399521,80.2337493896,27169,27182,13
12.9915704727,80.2337875366,27182,27192,10
12.991350174,80.2337265015,27192,27202,10
12.9910001755,80.2335891724,27202,27212,10
12.9904899597,80.2334213257,27212,27223,11
12.9897899628,80.2331619263,27223,27233,10
12.9889602661,80.2329330444,27233,27253,20
12.9889602661,80.2329330444,27253,27276,23
12.9882497787,80.2329788208,27276,27288,12
12.987660408,80.2332382202,27288,27298,10
12.9870996475,80.2333374023,27298,27308,10
12.9865703583,80.2333221436,27308,27318,10
12.986120224,80.2333602905,27318,27328,10
12.9861001968,80.2333602905,27328,27339,11
12.9861297607,80.2337036133,27339,27349,10
12.9861698151,80.2341995239,27349,27359,10
12.9857597351,80.2344818115,27359,27369,10
12.9852600098,80.2346191406,27369,27379,10
12.9849596024,80.2343673706,27379,27389,10
12.984919548,80.2342834473,27389,27399,10
12.9848899841,80.2338409424,27399,27409,10
12.9848604202,80.2332611084,27409,27419,10
12.9848299026,80.2328491211,27419,27530,111
12.9848299026,80.2328491211,27530,27541,11
12.9848003387,80.2327880859,27541,27551,10
12.9849596024,80.2322769165,27551,27581,30
12.9849596024,80.2322769165,27581,27591,10
12.9848604202,80.2325897217,27591,27601,10
12.9848804474,80.2331695557,27601,27611,10
12.984869957,80.2339019775,27611,27621,10
12.9849796295,80.234413147,27621,27631,10
12.9854097366,80.2345962524,27631,27641,10
12.9858598709,80.2345275879,27641,27653,12
12.9861001968,80.2341537476,27653,27663,10
12.9861001968,80.2336502075,27663,27673,10
12.9866199493,80.2333374023,27673,27683,10
12.9872598648,80.2332992554,27683,27692,9
12.9876699448,80.2331924438,27692,27703,11
12.988409996,80.2329483032,27703,27713,10
12.9893302917,80.2329788208,27713,27723,10
12.9898996353,80.2331466675,27723,27733,10
12.9905395508,80.2333831787,27733,27744,11
12.9912099838,80.2335510254,27744,27754,10
12.9917297363,80.2336425781,27754,27774,20
12.9917297363,80.2336425781,27774,27784,10
12.9918699265,80.2337417603,27784,27794,10
12.9922304153,80.2337493896,27794,27804,10
12.9927797318,80.233833313,27804,27814,10
12.9933395386,80.2340927124,27814,27824,10
12.9938802719,80.2344512939,27824,27834,10
12.9944295883,80.2347869873,27834,27845,11
12.9952001572,80.2352600098,27845,27854,9
12.9956598282,80.2355728149,27854,27866,12
12.9962596893,80.2362976074,27866,27876,10
12.9967002869,80.2370910645,27876,27886,10
12.9970798492,80.2377090454,27886,27896,10
12.9973602295,80.2381591797,27896,27906,10
12.9979000092,80.2387924194,27906,27915,9
12.9983797073,80.2390594482,27915,27926,11
12.9988298416,80.2392272949,27926,27936,10
12.9994001389,80.2393722534,27936,27947,11
13.0002498627,80.2394790649,27947,27957,10
13.0011196136,80.239616394,27957,27967,10
13.0016899109,80.2397613525,27967,27975,8
13.002289772,80.239616394,27975,28007,32
13.002289772,80.239616394,28007,28016,9
13.0023403168,80.239440918,28016,28028,12
13.0023803711,80.2391204834,28028,28038,10
13.001999855,80.2389221191,28038,28049,11
13.0012397766,80.2386169434,28049,28059,10
13.0005302429,80.238319397,28059,28069,10
12.9997596741,80.237991333,28069,28079,10
12.9991102219,80.2381515503,28079,28088,9
12.9986696243,80.238319397,28088,28099,11
12.9981002808,80.2378768921,28099,28109,10
12.9976301193,80.2374420166,28109,28119,10
12.9968996048,80.236579895,28119,28128,9
12.9963102341,80.2358322144,28128,28139,11
12.9956197739,80.2350082397,28139,28149,10
12.9952001572,80.2343902588,28149,28160,11
12.9947099686,80.2336273193,28160,28170,10
12.9939699173,80.2334213257,28170,28180,10
12.9936800003,80.2333908081,28180,28190,10
12.9936599731,80.2331237793,28190,28200,10
12.9937601089,80.2325515747,28200,28210,10
12.9933099747,80.2320632935,28210,28220,10
12.9925498962,80.2316894531,28220,28230,10
12.9918498993,80.2315979004,28230,28240,10
12.9911499023,80.231842041,28240,28251,11
12.9909801483,80.2314987183,28251,28261,10
12.9909095764,80.2309036255,28261,28271,10
12.9908599854,80.23021698,28271,28281,10
12.9906997681,80.2294006348,28281,28291,10
12.9905004501,80.2287063599,28291,28299,8
12.9903802872,80.2283401489,28299,28311,12
12.9902000427,80.2274780273,28311,28321,10
12.9900598526,80.2266387939,28321,28331,10
12.9900798798,80.2260971069,28331,28341,10
12.9898700714,80.2254180908,28341,28351,10
12.9895601273,80.2247390747,28351,28362,11
12.9894800186,80.2239685059,28362,28372,10
12.9892196655,80.2234573364,28372,28382,10
12.9886798859,80.2233276367,28382,28392,10
12.9882698059,80.2236480713,28392,29039,647
12.9882097244,80.2235107422,29039,29382,343
12.9882602692,80.2236633301,29382,29412,30
12.9882602692,80.2235565186,29412,29453,41
12.9882602692,80.2235565186,29453,29463,10
12.9883298874,80.2236404419,29463,29473,10
12.9884996414,80.2233505249,29473,29483,10
12.9889698029,80.2233123779,29483,29494,11
12.9894504547,80.2237014771,29494,29504,10
12.9894800186,80.2242507935,29504,29514,10
12.9896402359,80.2248764038,29514,29524,10
12.9900197983,80.2255172729,29524,29533,9
12.9900398254,80.2262268066,29533,29545,12
12.9901599884,80.2269210815,29545,29555,10
12.990240097,80.2275466919,29555,29565,10
12.9902801514,80.2278213501,29565,29575,10
12.9904403687,80.2284927368,29575,29585,10
12.9906301498,80.2290878296,29585,29595,10
12.9908304214,80.229850769,29595,29606,11
12.9909095764,80.2308273315,29606,29615,9
12.9909200668,80.231086731,29615,29626,11
12.9909601212,80.2315063477,29626,29635,9
12.9911499023,80.2317733765,29635,29646,11
12.9916601181,80.2316436768,29646,29657,11
12.9923696518,80.2316665649,29657,29665,8
12.9926595688,80.2317886353,29665,29676,11
12.9931602478,80.2320022583,29676,29730,54
12.9931602478,80.2320022583,29730,29740,10
12.9936800003,80.2322463989,29740,29750,10
12.9936504364,80.2327880859,29750,29760,10
12.9936800003,80.2332382202,29760,29784,24
12.9949998856,80.2340316772,29784,29796,12
12.9955596924,80.2349777222,29796,29806,10
12.9962301254,80.2357635498,29806,29816,10
12.9967803955,80.2364501953,29816,29827,11
12.9968204498,80.236541748,29827,29837,10
12.9970598221,80.2368774414,29837,29847,10
12.9974098206,80.2373199463,29847,29857,10
12.9979801178,80.2378692627,29857,29867,10
12.9985799789,80.2383728027,29867,29877,10
12.9990301132,80.2381286621,29877,29887,10
12.9996995926,80.237953186,29887,29897,10
13.0004701614,80.23828125,29897,29907,10
13.0013103485,80.2386169434,29907,29918,11
13.0024595261,80.2390975952,29918,29938,20
13.0024595261,80.2390975952,29938,29948,10
13.0024595261,80.2391891479,29948,29958,10
13.0023803711,80.2393722534,29958,29968,10
13.0023002625,80.2395629883,29968,33211,3243
13.0023002625,80.2395629883,33211,33222,11
13.0021896362,80.2397994995,33222,33232,10
13.0021400452,80.2398834229,33232,33242,10
13.001830101,80.2398071289,33242,33251,9
13.0014295578,80.2397003174,33251,33262,11
13.0008602142,80.2396011353,33262,33272,10
13.0002498627,80.2395019531,33272,33280,8
12.9996795654,80.2394180298,33280,33292,12
12.9990301132,80.2392807007,33292,33302,10
12.9986000061,80.2391586304,33302,33312,10
12.9981603622,80.2389373779,33312,33323,11
12.9977197647,80.2385406494,33323,33331,8
12.997420311,80.2381591797,33331,33342,11
12.9969797134,80.2375411987,33342,33353,11
12.996629715,80.2369613647,33353,33363,10
12.9962701797,80.236289978,33363,33373,10
12.9957799911,80.2356719971,33373,33383,10
12.9952898026,80.2352600098,33383,33393,10
12.995010376,80.2350387573,33393,33403,10
12.9944295883,80.234703064,33403,33413,10
12.9938201904,80.2342987061,33413,33423,10
12.9933795929,80.2340316772,33423,33434,11
12.9927797318,80.2338180542,33434,33444,10
12.992099762,80.233757019,33444,33454,10
12.9915800095,80.2337875366,33454,33464,10
12.9913396835,80.2332611084,33464,33473,9
12.9912595749,80.2329711914,33473,33484,11
12.9911403656,80.2326126099,33484,33494,10
12.9914999008,80.2324066162,33494,33857,363
12.9915895462,80.2324981689,33857,34423,566
12.9916200638,80.2325592041,34423,35362,939
12.9916200638,80.2325592041,35362,35372,10
12.9913797379,80.2327194214,35372,35382,10
12.9912595749,80.2328186035,35382,35392,10
12.9911499023,80.232673645,35392,35403,11
12.9910202026,80.232208252,35403,35413,10
12.9909896851,80.2319107056,35413,35423,10
12.9909601212,80.231552124,35423,35433,10
12.9908800125,80.2309799194,35433,35443,10
12.9908304214,80.2304382324,35443,35452,9
12.99077034,80.229850769,35452,35463,11
12.9906101227,80.2291183472,35463,35473,10
12.9904603958,80.2286071777,35473,35483,10
12.9903202057,80.2280578613,35483,35493,10
12.990240097,80.2276229858,35493,35504,11
12.9901599884,80.2271881104,35504,35513,9
12.9900598526,80.2266464233,35513,35524,11
12.9900798798,80.22605896,35524,35534,10
12.9898004532,80.2253570557,35534,35544,10
12.989569664,80.2247314453,35544,35554,10
12.9894599915,80.224067688,35554,35564,10
12.989279747,80.2235870361,35564,35573,9
12.9888896942,80.2234191895,35573,35585,12
12.9885196686,80.2234420776,35585,35595,10
12.9882698059,80.2236785889,35595,35646,51
12.9882698059,80.2236785889,35646,35656,10
12.9884996414,80.2235488892,35656,35818,162
12.9884996414,80.2235488892,35818,35828,10
12.9883804321,80.2236099243,35828,39827,3999
12.9884901047,80.2237625122,39827,40796,969
12.9884700775,80.2236785889,40796,42794,1998
12.9884004593,80.2236404419,42794,42815,21
12.9884004593,80.2236404419,42815,42825,10
12.9884500504,80.2235488892,42825,42835,10
12.9885597229,80.2233505249,42835,42845,10
12.9888401031,80.2233276367,42845,42855,10
12.9892196655,80.223449707,42855,42865,10
12.9894199371,80.2237167358,42865,42875,10
12.9894695282,80.2241821289,42875,42885,10
12.9895296097,80.2246627808,42885,42895,10
12.9897603989,80.2251586914,42895,42905,10
12.9900598526,80.2257003784,42905,42915,10
12.9900302887,80.2262878418,42915,42926,11
12.9901199341,80.2268371582,42926,42936,10
12.9901599884,80.2274169922,42936,42946,10
12.9901695251,80.2274627686,42946,42956,10
12.9902000427,80.2278366089,42956,42966,10
12.9903097153,80.2283782959,42966,42976,10
12.990480423,80.2288665771,42976,42986,10
12.9906702042,80.2295227051,42986,42996,10
12.9907398224,80.2297668457,42996,43006,10
12.990819931,80.2301177979,43006,43016,10
12.9908599854,80.2306900024,43016,43026,10
12.9908704758,80.2311935425,43026,43036,10
12.9909200668,80.2317504883,43036,43047,11
12.9910001755,80.2323608398,43047,43057,10
12.9912004471,80.2329406738,43057,43067,10
12.9914703369,80.2334365845,43067,43077,10
12.991350174,80.2337036133,43077,43087,10
12.9909000397,80.2335510254,43087,43097,10
12.9904098511,80.2334213257,43097,43107,10
12.9899301529,80.2332611084,43107,43117,10
12.9894399643,80.2331008911,43117,43127,10
12.9888401031,80.2329864502,43127,43137,10
12.988120079,80.2330780029,43137,43147,10
12.9876298904,80.233253479,43147,43164,17
12.9874801636,80.2329101563,43164,43176,12
12.9875402451,80.2323226929,43176,43186,10
12.9876403809,80.2318496704,43186,43196,10
12.9878702164,80.2312927246,43196,43206,10
12.9880199432,80.2308578491,43206,43216,10
12.9881601334,80.23046875,43216,43226,10
12.9883403778,80.2300491333,43226,43236,10
12.9885196686,80.2296295166,43236,43246,10
12.9887104034,80.2291183472,43246,43256,10
12.9889202118,80.2285308838,43256,43267,11
12.9894199371,80.2280807495,43267,43277,10
12.9898395538,80.2278366089,43277,43287,10
12.9899902344,80.2277374268,43287,43297,10
12.9901103973,80.2276611328,43297,43307,10
12.9902496338,80.2278366089,43307,43317,10
12.9903898239,80.2283096313,43317,43327,10
12.9905595779,80.2288665771,43327,43337,10
12.9907398224,80.2294616699,43337,43348,11
12.9908399582,80.2300872803,43348,43358,10
12.9908304214,80.2305526733,43358,43369,11
12.9908399582,80.2311096191,43369,43379,10
12.9908704758,80.2316131592,43379,43389,10
12.9909801483,80.2322311401,43389,43399,10
12.991230011,80.2328872681,43399,43409,10
12.9914903641,80.2334365845,43409,43419,10
12.9919996262,80.2336807251,43419,43429,10
12.9924602509,80.233757019,43429,43439,10
12.9931001663,80.2339630127,43439,43449,10
12.9936199188,80.2342376709,43449,43459,10
12.994099617,80.2345809937,43459,43470,11
12.9947395325,80.2349395752,43470,43480,10
12.9953203201,80.2353134155,43480,43490,10
12.9958600998,80.2358169556,43490,43500,10
12.9963302612,80.2365112305,43500,43510,10
12.9967403412,80.2372283936,43510,43520,10
12.9970397949,80.2377471924,43520,43530,10
12.9973602295,80.2378082275,43530,43540,10
12.9976701736,80.2376327515,43540,43550,10
12.9982004166,80.2380599976,43550,43601,51
12.9982004166,80.2380599976,43601,43611,10
12.9981298447,80.2379608154,43611,44317,706
12.9981298447,80.2379608154,44317,44327,10
12.9978303909,80.237701416,44327,44337,10
12.9975500107,80.23777771,44337,44348,11
12.9972400665,80.2379608154,44348,44358,10
12.9969596863,80.2376098633,44358,44368,10
12.9966802597,80.2371292114,44368,44378,10
12.9963302612,80.2365036011,44378,44388,10
12.9959402084,80.2359313965,44388,44398,10
12.9953804016,80.235496521,44398,44408,10
12.9949703217,80.2351989746,44408,44418,10
12.9944000244,80.2348937988,44418,44428,10
12.9938497543,80.2345275879,44428,44439,11
12.9932498932,80.2341079712,44439,44449,10
12.9927196503,80.2339019775,44449,44459,10
12.9921197891,80.2338180542,44459,44469,10
12.9916801453,80.2338485718,44469,44479,10
12.9910898209,80.2336273193,44479,44489,10
12.9906396866,80.2334976196,44489,44499,10
12.9901599884,80.2333297729,44499,44509,10
12.9896697998,80.2331237793,44509,44519,10
12.9891195297,80.2329711914,44519,44529,10
12.9884500504,80.2329788208,44529,44539,10
12.987859726,80.2331924438,44539,44550,11
12.9875202179,80.2332305908,44550,44560,10
12.9875602722,80.2327804565,44560,44570,10
12.9876003265,80.2321395874,44570,44580,10
12.9877996445,80.2314987183,44580,44590,10
12.9881000519,80.2307815552,44590,44600,10
12.9882898331,80.230178833,44600,44610,10
12.9882898331,80.230140686,44610,44620,10
12.9883203506,80.2299728394,44620,44630,10
12.9884395599,80.229598999,44630,44640,10
12.9886703491,80.2290802002,44640,44650,10
12.9889497757,80.2283935547,44650,44660,10
12.989569664,80.228012085,44660,44671,11
12.9900197983,80.2276763916,44671,44681,10
12.9901504517,80.227722168,44681,44691,10
12.9902296066,80.2281112671,44691,44700,9
12.9904298782,80.2286911011,44700,44711,11
12.9906101227,80.2292327881,44711,44721,10
12.9907798767,80.2300186157,44721,44731,10
12.9908399582,80.2307434082,44731,44741,10
12.9909801483,80.2312927246,44741,44751,10
12.9909801483,80.2319030762,44751,44762,11
12.9911603928,80.2326126099,44762,44772,10
12.9914102554,80.2332229614,44772,44782,10
12.9917402267,80.2336425781,44782,44792,10
12.9921703339,80.2337036133,44792,44802,10
12.9927101135,80.2338027954,44802,44812,10
12.9932498932,80.2340164185,44812,44822,10
12.9937200546,80.2343063354,44822,44832,10
12.9941997528,80.23462677,44832,44842,10
12.9948797226,80.2350311279,44842,44852,10
12.9954204559,80.2354202271,44852,44862,10
12.9960002899,80.2359313965,44862,44878,16
12.9966697693,80.2370986938,44878,44891,13
12.9971103668,80.2378311157,44891,44900,9
12.9973497391,80.2379226685,44900,44911,11
12.9975996017,80.2376174927,44911,44921,10
12.9981203079,80.2379837036,44921,44961,40
12.9981203079,80.2379837036,44961,44972,11
12.9981603622,80.2379837036,44972,45478,506
12.9981603622,80.2379837036,45478,45488,10
12.9979400635,80.2378005981,45488,45519,31
12.9979400635,80.2378005981,45519,45529,10
12.9977302551,80.2377166748,45529,45539,10
12.9975404739,80.23777771,45539,45549,10
12.9972696304,80.237991333,45549,45559,10
12.9969902039,80.2376174927,45559,45569,10
12.9967098236,80.2371826172,45569,45579,10
12.9963598251,80.2364883423,45579,45589,10
12.9959001541,80.2358398438,45589,45599,10
12.9953203201,80.2354202271,45599,45609,10
12.9948101044,80.2350769043,45609,45619,10
12.99421978,80.2347412109,45619,45629,10
12.9937295914,80.2343826294,45629,45640,11
12.9932603836,80.2341003418,45640,45650,10
12.9929304123,80.2339630127,45650,45660,10
12.9923801422,80.2338409424,45660,45670,10
12.9918203354,80.2338104248,45670,45680,10
12.9912500381,80.2336883545,45680,45690,10
12.9907798767,80.2335586548,45690,45700,10
12.990240097,80.2333602905,45700,45710,10
12.989780426,80.2331771851,45710,45720,10
12.9896697998,80.2331314087,45720,45730,10
12.9892702103,80.2330169678,45730,45740,10
12.9886798859,80.2329406738,45740,45751,11
12.9879703522,80.2330703735,45751,45761,10
12.9874696732,80.2332763672,45761,45771,10
12.986869812,80.233291626,45771,45781,10
12.9863595963,80.2333374023,45781,45791,10
12.9861803055,80.2338409424,45791,45801,10
12.9861402512,80.2343826294,45801,45811,10
12.9863996506,80.2350997925,45811,45821,10
12.9865503311,80.2354202271,45821,45831,10
12.9865703583,80.2359619141,45831,45841,10
12.986579895,80.2367019653,45841,45852,11
12.9866199493,80.2373809814,45852,45862,10
12.9866199493,80.2380371094,45862,45872,10
12.9866504669,80.238609314,45872,45882,10
12.9864997864,80.2385482788,45882,45892,10
12.9866104126,80.23828125,45892,45902,10
12.9866199493,80.2377929688,45902,45912,10
12.986579895,80.2370986938,45912,45922,10
12.9865598679,80.2366027832,45922,45932,10
12.9865398407,80.2359466553,45932,45942,10
12.9864797592,80.2353363037,45942,45953,11
12.9861803055,80.2346115112,45953,45963,10
12.9861402512,80.2339172363,45963,45973,10
12.9861698151,80.2333679199,45973,45983,10
12.9867401123,80.2332992554,45983,45993,10
12.9873304367,80.2332305908,45993,46003,10
12.987449646,80.2327194214,46003,46013,10
12.9875402451,80.2320404053,46013,46023,10
12.9878196716,80.2314224243,46023,46032,9
12.9880504608,80.230796814,46032,46042,10
12.9883003235,80.2301864624,46042,46053,11
12.9883003235,80.230140686,46053,46064,11
12.9884395599,80.2298278809,46064,46074,10
12.9885902405,80.229347229,46074,46084,10
12.9888296127,80.2286911011,46084,46094,10
12.9893198013,80.2281265259,46094,46104,10
12.9898395538,80.2278213501,46104,46114,10
12.9900398254,80.2276916504,46114,46124,10
12.9902000427,80.2278518677,46124,46134,10
12.9902601242,80.2282485962,46134,46144,10
12.9904403687,80.2287902832,46144,46154,10
12.9906702042,80.2294616699,46154,46165,11
12.9907903671,80.2300567627,46165,46185,20
12.9907903671,80.2300567627,46185,46195,10
12.990819931,80.2303771973,46195,46205,10
12.990819931,80.2309112549,46205,46215,10
12.9909296036,80.231918335,46215,46235,20
12.9909296036,80.231918335,46235,46245,10
12.9909601212,80.2321166992,46245,46255,10
12.9910202026,80.232383728,46255,46265,10
12.9911403656,80.2328262329,46265,46276,11
12.9914703369,80.2334213257,46276,46286,10
12.9919996262,80.2336273193,46286,46296,10
12.9925203323,80.2337265015,46296,46306,10
12.9931297302,80.2339401245,46306,46316,10
12.9936199188,80.2342605591,46316,46326,10
12.9939603806,80.2344970703,46326,46336,10
12.9945802689,80.2348403931,46336,46346,10
12.9952201843,80.2352600098,46346,46356,10
12.9957799911,80.235710144,46356,46366,10
12.9962701797,80.2363815308,46366,46376,10
12.9966096878,80.2370529175,46376,46386,10
12.9969501495,80.2376098633,46386,46397,11
12.997300148,80.2378921509,46397,46407,10
12.9975700378,80.2376022339,46407,46417,10
12.9981403351,80.2379989624,46417,46457,40
12.9982404709,80.2380981445,46457,46487,30
12.9981298447,80.237953186,46487,46790,303
12.9981298447,80.237953186,46790,46800,10
12.9979496002,80.2378082275,46800,46811,11
12.9976396561,80.2376480103,46811,46821,10
12.9974002838,80.237991333,46821,46831,10
12.9972496033,80.2379837036,46831,46841,10
12.997010231,80.2376174927,46841,46851,10
12.9967002869,80.237121582,46851,46861,10
12.9962902069,80.2364120483,46861,46871,10
12.9957895279,80.2357177734,46871,46881,10
12.9952402115,80.2353210449,46881,46891,10
12.9947500229,80.2350082397,46891,46901,10
12.9940900803,80.2346420288,46901,46911,10
12.9935598373,80.2342376709,46911,46922,11
12.9929504395,80.2339172363,46922,46932,10
12.9922895432,80.2337799072,46932,46942,10
12.9918403625,80.2337493896,46942,46952,10
12.9916400909,80.2337875366,46952,46962,10
12.9911699295,80.2336273193,46962,46972,10
12.990650177,80.2334976196,46972,46982,10
12.9901399612,80.2332992554,46982,46992,10
12.9896802902,80.2331314087,46992,47002,10
12.989159584,80.2329864502,47002,47012,10
12.9885196686,80.232963562,47012,47022,10
12.9878902435,80.2331390381,47022,47033,11
12.9874401093,80.2332229614,47033,47043,10
12.9874401093,80.2328109741,47043,47053,10
12.9875202179,80.232131958,47053,47063,10
12.9877195358,80.2315673828,47063,47073,10
12.9879398346,80.2310028076,47073,47083,10
12.988120079,80.2305908203,47083,47093,10
12.988240242,80.2301864624,47093,47103,10
12.988240242,80.2301712036,47103,47113,10
12.9883298874,80.2299423218,47113,47123,10
12.9884996414,80.2295379639,47123,47134,11
12.9887504578,80.2288894653,47134,47144,10
12.9892196655,80.2282409668,47144,47154,10
12.9897403717,80.227897644,47154,47164,10
12.9900197983,80.2276916504,47164,47174,10
12.9901504517,80.2276763916,47174,47184,10
12.9902496338,80.2278518677,47184,47204,20
12.9902496338,80.2278518677,47204,47214,10
12.9902896881,80.2281570435,47214,47224,10
12.9904603958,80.2287216187,47224,47234,10
12.9906396866,80.2293167114,47234,47245,11
12.9907903671,80.2300415039,47245,47255,10
12.9907903671,80.2300567627,47255,47265,10
12.990819931,80.2303390503,47265,47275,10
12.9908599854,80.2309036255,47275,47285,10
12.9909095764,80.2314376831,47285,47295,10
12.9909601212,80.2319488525,47295,47305,10
12.9909601212,80.2319564819,47305,47315,10
12.9909896851,80.2321395874,47315,47325,10
12.9910497665,80.2324981689,47325,47335,10
12.9912099838,80.2330093384,47335,47345,10
12.9915599823,80.2334976196,47345,47356,11
12.9920797348,80.2336807251,47356,47366,10
12.9925603867,80.233757019,47366,47376,10
12.9931097031,80.2339324951,47376,47386,10
12.9936199188,80.2342071533,47386,47396,10
12.9940299988,80.2344970703,47396,47406,10
12.9946403503,80.23487854,47406,47416,10
12.9952898026,80.2352905273,47416,47426,10
12.9958600998,80.235786438,47426,47436,10
12.9963598251,80.2364578247,47436,47446,10
12.9967002869,80.237159729,47446,47457,11
12.9970798492,80.2378005981,47457,47467,10
12.997420311,80.2378005981,47467,47477,10
12.9977197647,80.2376174927,47477,47487,10
12.9982500076,80.238067627,47487,47547,60
12.9982500076,80.238067627,47547,47557,10
12.9981203079,80.2379302979,47557,47870,313
12.9981203079,80.2379302979,47870,47881,11
12.9978399277,80.2376937866,47881,47891,10
12.9975404739,80.23777771,47891,47901,10
12.9973096848,80.2379989624,47901,47911,10
12.9970397949,80.2376785278,47911,47921,10
12.9967298508,80.2371902466,47921,47931,10
12.9963703156,80.2365264893,47931,47941,10
12.9959201813,80.2358398438,47941,47951,10
12.995349884,80.2353897095,47951,47961,10
12.9949197769,80.2351303101,47961,47971,10
12.9942903519,80.2347488403,47971,47981,10
12.9937200546,80.2343597412,47981,47992,11
12.9932098389,80.2340087891,47992,48003,11
12.992650032,80.2338485718,48003,48013,10
12.9920501709,80.2337722778,48013,48023,10
12.9918603897,80.2337722778,48023,48033,10
12.991519928,80.2338027954,48033,48043,10
12.9910202026,80.233581543,48043,48053,10
12.990480423,80.2333984375,48053,48063,10
12.9898996353,80.2331924438,48063,48073,10
12.9895601273,80.2330780029,48073,48083,10
12.9892597198,80.2330093384,48083,48094,11
12.9886903763,80.2329406738,48094,48104,10
12.9880895615,80.2330932617,48104,48114,10
12.9875898361,80.2332763672,48114,48124,10
12.9874801636,80.2330627441,48124,48134,10
12.9875297546,80.2325592041,48134,48144,10
12.987739563,80.2315597534,48144,48154,10
12.987739563,80.2315597534,48154,48164,10
12.9879398346,80.2310714722,48164,48174,10
12.9881601334,80.2305679321,48174,48184,10
12.9883098602,80.2302627563,48184,48194,10
12.9884500504,80.2299423218,48194,48204,10
12.9885797501,80.2293701172,48204,48215,11
12.988820076,80.2285766602,48215,48228,13
12.9896001816,80.2279510498,48228,48238,10
12.9899902344,80.2276992798,48238,48248,10
12.9901599884,80.2276992798,48248,48258,10
12.9902696609,80.2281036377,48258,48268,10
12.9904403687,80.2286834717,48268,48278,10
12.9906301498,80.2292633057,48278,48288,10
12.9908103943,80.2301025391,48288,48298,10
12.9908103943,80.2301025391,48298,48308,10
12.990819931,80.2303695679,48308,48319,11
12.9908399582,80.23097229,48319,48329,10
12.9908800125,80.2315292358,48329,48339,10
12.990940094,80.2320022583,48339,48349,10
12.9909801483,80.2323379517,48349,48359,10
12.9911804199,80.2329177856,48359,48369,10
12.9914703369,80.2334823608,48369,48379,10
12.9919595718,80.2336730957,48379,48389,10
12.9925003052,80.2337265015,48389,48399,10
12.993060112,80.2339096069,48399,48409,10
12.9935398102,80.2341766357,48409,48419,10
12.9939899445,80.2345123291,48419,48430,11
12.9946899414,80.2349395752,48430,48440,10
12.9952201843,80.2352371216,48440,48450,10
12.9957399368,80.2356567383,48450,48460,10
12.9962596893,80.2363204956,48460,48470,10
12.9966602325,80.2370529175,48470,48480,10
12.9969902039,80.2376098633,48480,48490,10
12.9973602295,80.2379226685,48490,48500,10
12.9975996017,80.2375793457,48500,48510,10
12.9979295731,80.23777771,48510,48520,10
12.998290062,80.2380523682,48520,48551,31
12.998290062,80.2380523682,48551,48561,10
12.9980802536,80.2379226685,48561,49066,505
12.9980802536,80.2379226685,49066,49076,10
12.9978599548,80.237701416,49076,49086,10
12.9975595474,80.2376785278,49086,49096,10
12.9973297119,80.2379684448,49096,49106,10
12.9970998764,80.2377929688,49106,49116,10
12.9968700409,80.2374191284,49116,49126,10
12.9965696335,80.2368927002,49126,49136,10
12.9962301254,80.2362670898,49136,49146,10
12.9958896637,80.235786438,49146,49156,10
12.9953899384,80.2353820801,49156,49166,10
12.9949398041,80.2350921631,49166,49177,11
12.9944496155,80.2347793579,49177,49187,10
12.9939203262,80.2344818115,49187,49197,10
12.993519783,80.23412323,49197,49207,10
12.9931001663,80.2339401245,49207,49217,10
12.9925203323,80.2338027954,49217,49227,10
12.9920196533,80.233757019,49227,49237,10
12.9915504456,80.2338027954,49237,49247,10
12.9910697937,80.2335586548,49247,49257,10
12.9905500412,80.2333831787,49257,49267,10
12.9901199341,80.2332687378,49267,49278,11
12.9896001816,80.2330932617,49278,49288,10
12.9890699387,80.232963562,49288,49298,10
12.9884500504,80.2329406738,49298,49308,10
12.9879102707,80.2330780029,49308,49318,10
12.9875097275,80.2332229614,49318,49328,10
12.9874296188,80.2331237793,49328,49338,10
12.987449646,80.2328796387,49338,49348,10
12.9874897003,80.232383728,49348,49358,10
12.9876499176,80.2317581177,49358,49368,10
12.987830162,80.2311935425,49368,49377,9
12.9880599976,80.2306289673,49377,49389,12
12.9882202148,80.2301635742,49389,49399,10
12.9882698059,80.2301177979,49399,49409,10
12.9884195328,80.2296905518,49409,49419,10
12.9886198044,80.2291107178,49419,49429,10
12.9888896942,80.2284088135,49429,49439,10
12.9895200729,80.228012085,49439,49449,10
12.9899396896,80.227722168,49449,49459,10
12.9900302887,80.2276763916,49459,49469,10
12.9902296066,80.2277374268,49469,49479,10
12.9903402328,80.2282104492,49479,49490,11
12.9905195236,80.228843689,49490,49500,10
12.9907102585,80.2294616699,49500,49510,10
12.9908304214,80.2300491333,49510,49520,10
12.990819931,80.2300720215,49520,49530,10
12.9908399582,80.2303237915,49530,49540,10
12.9908704758,80.2308807373,49540,49550,10
12.9909095764,80.2313690186,49550,49560,10
12.9909601212,80.2319335938,49560,49570,10
12.9909601212,80.232131958,49570,49580,10
12.9910898209,80.2325897217,49580,49590,10
12.9912900925,80.2331924438,49590,49601,11
12.9918203354,80.2336578369,49601,49611,10
12.9923601151,80.2337112427,49611,49621,10
12.9929895401,80.2338485718,49621,49631,10
12.9934797287,80.2341384888,49631,49641,10
12.993929863,80.2344818115,49641,49651,10
12.9944801331,80.2348632813,49651,49661,10
12.9950399399,80.2351226807,49661,49671,10
12.9956598282,80.2355728149,49671,49681,10
12.9961500168,80.2361373901,49681,49691,10
12.9965600967,80.2368621826,49691,49701,10
12.9969100952,80.2375030518,49701,49712,11
12.9972496033,80.237953186,49712,49722,10
12.997469902,80.237739563,49722,49732,10
12.9977798462,80.2376785278,49732,49742,10
12.9982404709,80.2380371094,49742,49782,40
12.9982404709,80.2380371094,49782,49792,10
12.9981603622,80.237991333,49792,50226,434
12.9981603622,80.237991333,50226,50236,10
12.9980297089,80.2378768921,50236,50247,11
12.9977502823,80.2376098633,50247,50257,10
12.9975004196,80.2378234863,50257,50267,10
12.997300148,80.2379989624,50267,50277,10
12.9971599579,80.2379074097,50277,50287,10
12.9969301224,80.2375488281,50287,50297,10
12.9966602325,80.2370834351,50297,50307,10
12.9963598251,80.2365036011,50307,50317,10
12.9960203171,80.2359466553,50317,50327,10
12.9955396652,80.235496521,50327,50337,10
12.995059967,80.2351837158,50337,50348,11
12.9944696426,80.2347869873,50348,50358,10
12.9938697815,80.2343902588,50358,50368,10
12.9933900833,80.2340621948,50368,50379,11
12.9928998947,80.2338562012,50379,50388,9
12.9922800064,80.2337417603,50388,50399,11
12.9918203354,80.233757019,50399,50409,10
12.9917001724,80.2338180542,50409,50419,10
12.9914197922,80.2336425781,50419,50429,10
12.9913196564,80.2332077026,50429,50439,10
12.9911603928,80.2328262329,50439,50449,10
12.9909696579,80.2318115234,50449,50470,21
12.9909696579,80.2318115234,50470,50480,10
12.9909496307,80.2315597534,50480,50490,10
12.9909200668,80.2311630249,50490,50500,10
12.9908800125,80.2305984497,50500,50510,10
12.990819931,80.2301177979,50510,50520,10
12.990819931,80.2300491333,50520,50530,10
12.9907398224,80.2296981812,50530,50540,10
12.9906196594,80.2292175293,50540,50550,10
12.9904603958,80.2286911011,50550,50560,10
12.9902801514,80.2281036377,50560,50571,11
12.9901695251,80.2273635864,50571,50581,10
12.9901599884,80.2273330688,50581,50591,10
12.9901199341,80.2269973755,50591,50601,10
12.9900598526,80.2264480591,50601,50611,10
12.9900197983,80.225769043,50611,50621,10
12.9896802902,80.2251663208,50621,50631,10
12.9894800186,80.2243728638,50631,50641,10
12.9894504547,80.2238006592,50641,50651,10
12.9889802933,80.2233886719,50651,50661,10
12.9884996414,80.2234191895,50661,50671,10
12.9883899689,80.2236480713,50671,50692,21
12.9883899689,80.2236480713,50692,50702,10
12.9884595871,80.2237167358,50702,74390,23688
12.9884004593,80.2237930298,74390,74623,233
