13.075340271,80.2762298584,12,3324,3312
13.075340271,80.2762298584,3324,3334,10
13.0754404068,80.2763900757,3334,5036,1702
13.0753803253,80.276260376,5036,8169,3133
13.0753803253,80.276260376,8169,8179,10
13.0754995346,80.2763519287,8179,8189,10
13.0759000778,80.2762908936,8189,8199,10
13.0759897232,80.2760391235,8199,8219,20
13.0759897232,80.2760391235,8219,8230,11
13.0760402679,80.2759017944,8230,8240,10
13.075969696,80.2756195068,8240,8250,10
13.0757703781,80.2750091553,8250,8290,40
13.0757703781,80.2750091553,8290,8300,10
13.0759296417,80.2748031616,8300,8311,11
13.0760402679,80.2746963501,8311,8381,70
13.0761804581,80.2746582031,8381,8442,61
13.0761804581,80.2747879028,8442,8544,102
13.0760498047,80.2749099731,8544,8614,70
13.0760803223,80.2747879028,8614,11897,3283
13.0761699677,80.2746200562,11897,14561,2664
13.076089859,80.2747116089,14561,16942,2381
13.0761404037,80.2748336792,16942,17195,253
13.0761203766,80.274848938,17195,19769,2574
13.0760097504,80.2746734619,19769,19809,40
13.0760097504,80.2746734619,19809,19819,10
13.075969696,80.2751083374,19819,19829,10
13.0759801865,80.2753372192,19829,19839,10
13.0760402679,80.2756881714,19839,19850,11
13.0759801865,80.2760162354,19850,19880,30
13.0761499405,80.276260376,19880,20417,537
13.0761499405,80.276260376,20417,20427,10
13.0762701035,80.2763366699,20427,20437,10
13.0764198303,80.2763137817,20437,20447,10
13.0770101547,80.2762374878,20447,20457,10
13.0778799057,80.2761993408,20457,20467,10
13.0783004761,80.2756118774,20467,20478,11
13.0789203644,80.275138855,20478,20488,10
13.0797595978,80.2752990723,20488,20498,10
13.0806999207,80.2752380371,20498,20508,10
13.0815601349,80.2751617432,20508,20538,30
13.0815601349,80.2751617432,20538,20549,11
13.0816898346,80.275177002,20549,20559,10
13.0819997787,80.2752609253,20559,20619,60
13.0819997787,80.2752609253,20619,20630,11
13.082159996,80.275642395,20630,20640,10
13.0821695328,80.2757492065,20640,20650,10
13.081990242,80.2759399414,20650,20660,10
13.0818500519,80.2760696411,20660,20670,10
13.0818500519,80.2766189575,20670,20680,10
13.0819301605,80.2776412964,20680,20689,9
13.0821304321,80.2783508301,20689,20700,11
13.0819396973,80.2782897949,20700,20711,11
13.0818996429,80.2776412964,20711,20721,10
13.081870079,80.2771072388,20721,20731,10
13.0818395615,80.2767791748,20731,20741,10
13.0818395615,80.2767562866,20741,20751,10
13.0818300247,80.2765884399,20751,20761,10
13.0818004608,80.2764663696,20761,20771,10
13.0816602707,80.2758102417,20771,20822,51
13.0816602707,80.2758102417,20822,20832,10
13.0816001892,80.2754974365,20832,20842,10
13.0815401077,80.275352478,20842,20852,10
13.0811796188,80.2751998901,20852,20862,10
13.0804700851,80.2752838135,20862,20873,11
13.0795297623,80.2753219604,20873,20883,10
13.078669548,80.2752075195,20883,20893,10
13.0781898499,80.2759780884,20893,20903,10
13.0774002075,80.276260376,20903,20913,10
13.0765104294,80.2763214111,20913,20923,10
13.075799942,80.2763290405,20923,20933,10
13.0756196976,80.2763290405,20933,20944,11
13.0751399994,80.2763519287,20944,20954,10
13.0742797852,80.2764205933,20954,20964,10
13.0742502213,80.2770004272,20964,20974,10
13.0747900009,80.2775421143,20974,20984,10
13.0748996735,80.2776870728,20984,20994,10
13.074760437,80.2777328491,20994,21004,10
13.0747098923,80.2776794434,21004,21014,10
13.0742998123,80.2771835327,21014,21025,11
13.0733804703,80.2762298584,21025,21035,10
13.0723896027,80.2751235962,21035,21045,10
13.0713500977,80.2744216919,21045,21055,10
13.0707302094,80.2741317749,21055,21065,10
13.0706300735,80.2740020752,21065,21075,10
13.0703401566,80.2734527588,21075,21085,10
13.0697402954,80.2727432251,21085,21095,10
13.0688400269,80.2719573975,21095,21106,11
13.0680599213,80.2713470459,21106,21116,10
13.0675096512,80.2705688477,21116,21126,10
13.0666599274,80.2696609497,21126,21136,10
13.0664100647,80.2685165405,21136,21146,10
13.065870285,80.2678070068,21146,21156,10
13.0652599335,80.2676010132,21156,21166,10
13.0649995804,80.2675628662,21166,21176,10
13.0642995834,80.2674179077,21176,21187,11
13.0631303787,80.2671966553,21187,21197,10
13.0623502731,80.2666931152,21197,21207,10
13.0616903305,80.2657775879,21207,21217,10
13.0610198975,80.2651596069,21217,21227,10
13.0606498718,80.265296936,21227,21237,10
13.0604095459,80.2654266357,21237,21247,10
13.0597200394,80.2656097412,21247,21257,10
13.0586996078,80.2654724121,21257,21268,11
13.0580797195,80.2650299072,21268,21278,10
13.0579795837,80.2640762329,21278,21288,10
13.0578603745,80.2628631592,21288,21298,10
13.05768013,80.2616577148,21298,21308,10
13.0574197769,80.2604980469,21308,21318,10
13.0569801331,80.2593917847,21318,21328,10
13.0566797256,80.2580032349,21328,21338,10
13.056520462,80.2571792603,21338,21349,11
13.056429863,80.256652832,21349,21359,10
13.0559597015,80.2558288574,21359,21369,10
13.0552101135,80.2547988892,21369,21379,10
13.0542402267,80.2535629272,21379,21389,10
13.0532598495,80.2522125244,21389,21399,10
13.0524902344,80.2511901855,21399,21409,10
13.0519599915,80.2505493164,21409,21420,11
13.0510702133,80.2500610352,21420,21430,10
13.050160408,80.2498703003,21430,21440,10
13.0494203568,80.249786377,21440,21450,10
13.0487003326,80.249671936,21450,21460,10
13.0482797623,80.2495117188,21460,21470,10
13.0476703644,80.2490234375,21470,21480,10
13.0470895767,80.2486114502,21480,21490,10
13.0469398499,80.2485427856,21490,21501,11
13.0461397171,80.2484893799,21501,21511,10
13.0451202393,80.2481307983,21511,21521,10
13.0440797806,80.2479324341,21521,21531,10
13.043009758,80.247756958,21531,21541,10
13.0420398712,80.2474975586,21541,21551,10
13.0409698486,80.2472763062,21551,21561,10
13.0398197174,80.2470397949,21561,21571,10
13.0388402939,80.2468566895,21571,21582,11
13.0374898911,80.2465820313,21582,21592,10
13.0361995697,80.2463302612,21592,21602,10
13.0352401733,80.2460479736,21602,21612,10
13.0351600647,80.2460174561,21612,21622,10
13.0349798203,80.2459030151,21622,21632,10
13.0345802307,80.2453384399,21632,21642,10
13.0339097977,80.2445373535,21642,21652,10
13.0331497192,80.2435531616,21652,21663,11
13.0322799683,80.2423324585,21663,21673,10
13.0317401886,80.2414398193,21673,21683,10
13.0311002731,80.239982605,21683,21703,20
13.0311002731,80.239982605,21703,21713,10
13.031080246,80.2398910522,21713,21723,10
13.0308198929,80.2393417358,21723,21733,10
13.0302696228,80.2383422852,21733,21744,11
13.0293703079,80.2369918823,21744,21754,10
13.0283298492,80.2358627319,21754,21764,10
13.0275297165,80.2346801758,21764,21774,10
13.0268201828,80.2334823608,21774,21784,10
13.0263595581,80.2326583862,21784,21794,10
13.0260400772,80.231552124,21794,21804,10
13.0257997513,80.2306289673,21804,21814,10
13.0250797272,80.2295303345,21814,21825,11
13.0242395401,80.2284698486,21825,21835,10
13.0239095688,80.2280807495,21835,21845,10
13.0233602524,80.2275314331,21845,21855,10
13.0233402252,80.2274932861,21855,21865,10
13.0231704712,80.2273178101,21865,21875,10
13.0226402283,80.2268218994,21875,21885,10
13.0217895508,80.22605896,21885,21896,11
13.0205001831,80.2250976563,21896,21906,10
13.0194101334,80.2244567871,21906,21916,10
13.0180997849,80.2247619629,21916,21926,10
13.0170602798,80.2251815796,21926,21936,10
13.0167598724,80.2253417969,21936,21956,20
13.0167598724,80.2253417969,21956,21966,10
13.0162696838,80.2253875732,21966,21977,11
13.0157299042,80.225692749,21977,21987,10
13.0144996643,80.2262420654,21987,22017,30
13.0144996643,80.2262420654,22017,22027,10
13.0144100189,80.2262573242,22027,22037,10
13.0139904022,80.2264022827,22037,22047,10
13.0131397247,80.2266998291,22047,22058,11
13.0118904114,80.2272109985,22058,22068,10
13.0106601715,80.2277374268,22068,22078,10
13.0095100403,80.2282180786,22078,22088,10
13.0090999603,80.229133606,22088,22098,10
13.0088500977,80.2304229736,22098,22108,10
13.008600235,80.2316970825,22108,22118,10
13.0083703995,80.2329177856,22118,22128,10
13.0082397461,80.2336578369,22128,22139,11
13.0081701279,80.2338409424,22139,22149,10
13.0080900192,80.234413147,22149,22159,10
13.0078496933,80.2354812622,22159,22169,10
13.0076198578,80.2367095947,22169,22179,10
13.0074300766,80.2380523682,22179,22189,10
13.0072097778,80.2393188477,22189,22199,10
13.0070295334,80.2400512695,22199,22209,10
13.0069303513,80.2405929565,22209,22220,11
13.0068702698,80.2407836914,22220,22230,10
13.0067796707,80.2412490845,22230,22240,10
13.0067396164,80.2423019409,22240,22250,10
13.0067195892,80.2434997559,22250,22260,10
13.0066795349,80.2446517944,22260,22270,10
13.0066995621,80.24584198,22270,22280,10
13.0067596436,80.2469100952,22280,22290,10
13.0064296722,80.2474365234,22290,22301,11
13.006360054,80.2474365234,22301,22311,10
13.0062999725,80.2474136353,22311,22321,10
13.0058403015,80.2473602295,22321,22331,10
13.0048303604,80.2473907471,22331,22341,10
13.0034399033,80.2475814819,22341,22351,10
13.001830101,80.2479019165,22351,22361,10
13.000120163,80.248298645,22361,22372,11
12.9981899261,80.2487869263,22372,22382,10
12.996339798,80.2492523193,22382,22392,10
12.9948101044,80.2496566772,22392,22401,9
12.9927501678,80.2501831055,22401,22412,11
12.9913301468,80.2505569458,22412,22422,10
12.9910402298,80.250617981,22422,22432,10
12.9906797409,80.2506790161,22432,22442,10
12.9898996353,80.250869751,22442,22453,11
12.9887104034,80.2511672974,22453,22463,10
12.9879999161,80.2513809204,22463,22544,81
12.9879999161,80.2513809204,22544,22554,10
12.9876499176,80.2514724731,22554,22564,10
12.9868402481,80.2516708374,22564,22574,10
12.9857501984,80.2519607544,22574,22584,10
12.9843502045,80.2523193359,22584,22594,10
12.9826202393,80.2526397705,22594,22604,10
12.9809503555,80.2526931763,22604,22615,11
12.9794902802,80.2527236938,22615,22625,10
12.9786901474,80.2525634766,22625,22635,10
12.9785299301,80.2525405884,22635,22645,10
12.9783201218,80.2524108887,22645,22655,10
12.9777297974,80.2518920898,22655,22665,10
12.9767599106,80.2512969971,22665,22675,10
12.9754695892,80.2509078979,22675,22685,10
12.9740896225,80.2505111694,22685,22696,11
12.9725399017,80.2500991821,22696,22706,10
12.9711198807,80.2497329712,22706,22716,10
12.9698600769,80.2492904663,22716,22726,10
12.9686803818,80.248840332,22726,22736,10
12.9675998688,80.2483825684,22736,22746,10
12.9666900635,80.2479629517,22746,22756,10
12.9657201767,80.247543335,22756,22766,10
12.9652996063,80.2473907471,22766,22777,11
12.9649896622,80.2472381592,22777,22787,10
12.9641599655,80.2469482422,22787,22797,10
12.9631004333,80.2465362549,22797,22807,10
12.9619998932,80.2459564209,22807,22817,10
12.9606599808,80.2453308105,22817,22827,10
12.9596004486,80.2448883057,22827,22837,10
12.9590396881,80.2445907593,22837,22848,11
12.9580202103,80.2441482544,22848,22858,10
12.9572696686,80.2438430786,22858,22868,10
12.9565000534,80.2435073853,22868,22878,10
12.956319809,80.2434310913,22878,22888,10
12.955499649,80.2431030273,22888,22898,10
12.9543304443,80.2426376343,22898,22908,10
12.9531097412,80.242149353,22908,22918,10
12.9518995285,80.2417068481,22918,22929,11
12.9515800476,80.241607666,22929,22939,10
12.9509496689,80.2413787842,22939,22949,10
12.9498195648,80.241027832,22949,22959,10
12.9487400055,80.2406463623,22959,22969,10
12.9477300644,80.2402420044,22969,22979,10
12.9471702576,80.2400131226,22979,22989,10
12.9469499588,80.2398986816,22989,22999,10
12.9462499619,80.239616394,22999,23010,11
12.9452199936,80.239112854,23010,23020,10
12.9443302155,80.238243103,23020,23030,10
12.9433403015,80.2371826172,23030,23040,10
12.9420003891,80.2364425659,23040,23050,10
12.9405002594,80.2360305786,23050,23060,10
12.9397201538,80.2357635498,23060,23070,10
12.9394598007,80.2356185913,23070,23080,10
12.9387598038,80.2352523804,23080,23091,11
12.9376497269,80.2346878052,23091,23101,10
12.9364004135,80.2340698242,23101,23111,10
12.9350996017,80.2334594727,23111,23121,10
12.934009552,80.233001709,23121,23131,10
12.9338998795,80.2329177856,23131,23141,10
12.9334497452,80.232711792,23141,23151,10
12.9325799942,80.232383728,23151,23161,10
12.9313402176,80.2319335938,23161,23172,11
12.9296998978,80.2314605713,23172,23182,10
12.9280796051,80.2311782837,23182,23192,10
12.9264698029,80.231010437,23192,23202,10
12.9249200821,80.230796814,23202,23212,10
12.9233398438,80.2305984497,23212,23222,10
12.9216995239,80.2303466797,23222,23232,10
12.919960022,80.2301483154,23232,23242,10
12.9182100296,80.2299194336,23242,23253,11
12.9166002274,80.2297286987,23253,23263,10
12.9152898788,80.2295379639,23263,23273,10
12.9139499664,80.2293624878,23273,23283,10
12.9133396149,80.2292861938,23283,23293,10
12.9132003784,80.2292709351,23293,23303,10
12.9125204086,80.2291564941,23303,23313,10
12.9113903046,80.2289886475,23313,23324,11
12.9098701477,80.228767395,23324,23334,10
12.9084701538,80.2285385132,23334,23344,10
12.9071702957,80.2283477783,23344,23354,10
12.9067497253,80.2283172607,23354,23364,10
12.9065504074,80.2282867432,23364,23374,10
12.9058904648,80.2282180786,23374,23384,10
12.9048595428,80.2281570435,23384,23394,10
12.9035997391,80.2281036377,23394,23407,13
12.9021902084,80.2280426025,23407,23417,10
12.9011001587,80.2279815674,23417,23427,10
12.9005899429,80.2279205322,23427,23437,10
12.899720192,80.2278823853,23437,23457,20
12.899720192,80.2278823853,23457,23466,9
12.8996200562,80.2278366089,23466,23477,11
12.8992395401,80.2277832031,23477,23488,11
12.8981895447,80.2277374268,23488,23498,10
12.8970003128,80.2276763916,23498,23508,10
12.8955802917,80.2276306152,23508,23518,10
12.8941001892,80.2275619507,23518,23528,10
12.8925695419,80.2273864746,23528,23538,10
12.890999794,80.2273330688,23538,23548,10
12.8894195557,80.2273406982,23548,23558,10
12.8878097534,80.2272796631,23558,23569,11
12.8861303329,80.2269668579,23569,23579,10
12.8849401474,80.2267379761,23579,23589,10
12.8848800659,80.2267303467,23589,23599,10
12.8846797943,80.2267227173,23599,23609,10
12.8839597702,80.2267227173,23609,23619,10
12.8827295303,80.2267227173,23619,23629,10
12.8811798096,80.2267227173,23629,23639,10
12.8794202805,80.2267379761,23639,23650,11
12.8776798248,80.2268676758,23650,23660,10
12.876540184,80.2269897461,23660,23670,10
12.8764696121,80.2269973755,23670,23680,10
12.8760299683,80.2269897461,23680,23690,10
12.8751001358,80.2269210815,23690,23700,10
12.8738203049,80.2267608643,23700,23710,10
12.8726797104,80.2267227173,23710,23721,11
12.8726196289,80.2267227173,23721,23731,10
12.8723096848,80.2266921997,23731,23741,10
12.8714399338,80.2266464233,23741,23751,10
12.8701696396,80.2265625,23751,23761,10
12.8687095642,80.2264022827,23761,23771,10
12.8670597076,80.2264709473,23771,23781,10
12.8653097153,80.2265930176,23781,23791,10
12.8634796143,80.2265319824,23791,23802,11
12.8614902496,80.2266082764,23802,23812,10
12.8608798981,80.2266082764,23812,23822,10
12.8605804443,80.2265625,23822,23832,10
12.8596801758,80.2264404297,23832,23842,10
12.8584003448,80.2262573242,23842,23852,10
12.8567695618,80.2263183594,23852,23862,10
12.8549404144,80.2265167236,23862,23872,10
12.8529596329,80.2266693115,23872,23883,11
12.8509101868,80.2266387939,23883,23893,10
12.8498001099,80.2266082764,23893,23903,10
12.8496398926,80.2265930176,23903,23913,10
12.8490104675,80.2265777588,23913,23923,10
12.8479700089,80.2265930176,23923,23933,10
12.8466501236,80.226600647,23933,23943,10
12.8454303741,80.2266235352,23943,23964,21
12.8454303741,80.2266235352,23964,23974,10
12.8453502655,80.226600647,23974,23984,10
12.8448295593,80.2266387939,23984,23994,10
12.8438796997,80.2267227173,23994,24004,10
12.8426198959,80.2269363403,24004,24014,10
12.8412103653,80.2272720337,24014,24024,10
12.8402004242,80.2275466919,24024,24034,10
12.8397798538,80.2276916504,24034,24045,11
12.839679718,80.2277374268,24045,24055,10
12.8392801285,80.2278366089,24055,24065,10
12.838470459,80.2280578613,24065,24075,10
12.8373699188,80.2282867432,24075,24085,10
12.8360204697,80.228477478,24085,24095,10
12.8345098495,80.2287063599,24095,24105,10
12.8330497742,80.2289810181,24105,24115,10
12.8320198059,80.2292022705,24115,24126,11
12.8318300247,80.2292404175,24126,24136,10
12.8313703537,80.2293395996,24136,24146,10
12.8305101395,80.229637146,24146,24156,10
12.8294296265,80.2300796509,24156,24166,10
12.8281297684,80.23072052,24166,24176,10
12.8267297745,80.2313232422,24176,24186,10
12.825220108,80.2314224243,24186,24197,11
12.823679924,80.2311325073,24197,24207,10
12.8223199844,80.2306976318,24207,24217,10
12.8211202621,80.23046875,24217,24227,10
12.8202495575,80.2304763794,24227,24237,10
12.8193702698,80.2304992676,24237,24247,10
12.8184404373,80.2302780151,24247,24257,10
12.8174200058,80.2297973633,24257,24267,10
12.8162403107,80.2294692993,24267,24278,11
12.8148603439,80.2292709351,24278,24288,10
12.8136196136,80.2289962769,24288,24298,10
12.8123397827,80.2285614014,24298,24308,10
12.811050415,80.2280807495,24308,24318,10
12.809800148,80.2275695801,24318,24328,10
12.8087797165,80.2269287109,24328,24338,10
12.8078203201,80.2261428833,24338,24348,10
12.8069000244,80.2253417969,24348,24359,11
12.8060703278,80.2246017456,24359,24369,10
12.805270195,80.2240829468,24369,24379,10
12.8048400879,80.2239837646,24379,24389,10
12.8044595718,80.2239227295,24389,24399,10
12.8037595749,80.2238616943,24399,24409,10
12.8028001785,80.2237472534,24409,24419,10
12.8016395569,80.2236175537,24419,24429,10
12.8009500504,80.2235565186,24429,24440,11
12.8005895615,80.2235107422,24440,24450,10
12.7998304367,80.223449707,24450,24460,10
12.7987604141,80.2233428955,24460,24470,10
12.7974300385,80.2231674194,24470,24480,10
12.7961101532,80.2229385376,24480,24490,10
12.7956800461,80.22290802,24490,24500,10
12.7952604294,80.2228164673,24500,24510,10
12.7944297791,80.2226791382,24510,24521,11
12.7932100296,80.2225112915,24521,24531,10
12.7919998169,80.2222824097,24531,24541,10
12.7913398743,80.2221374512,24541,24551,10
12.7909202576,80.2220306396,24551,24561,10
12.7901802063,80.2218399048,24561,24571,10
12.7895097733,80.2216262817,24571,24581,10
12.7890300751,80.2214279175,24581,24591,10
12.788310051,80.2211380005,24591,24602,11
12.7876195908,80.2208633423,24602,24612,10
12.7871103287,80.2206573486,24612,24622,10
12.7867603302,80.2205276489,24622,24632,10
12.786450386,80.220413208,24632,24642,10
12.7862596512,80.2203292847,24642,24652,10
12.7861995697,80.2204589844,24652,24662,10
12.7862100601,80.2207183838,24662,24673,11
12.7861995697,80.2209320068,24673,24683,10
12.786239624,80.2212524414,24683,24754,71
12.7862596512,80.2216415405,24754,25017,263
12.7862997055,80.222076416,25017,26364,1347
12.7862501144,80.2216796875,26364,26384,20
12.7862501144,80.2216796875,26384,26395,11
12.786239624,80.2213973999,26395,26405,10
12.786239624,80.2212295532,26405,26415,10
12.7862100601,80.2206878662,26415,26435,20
12.7862100601,80.2206878662,26435,26445,10
12.7861995697,80.2204208374,26445,26455,10
12.7863998413,80.2203063965,26455,26476,21
12.7863998413,80.2203063965,26476,26486,10
12.7865200043,80.2204208374,26486,26496,10
12.786740303,80.2205276489,26496,26506,10
12.7868499756,80.2205810547,26506,26516,10
12.7871999741,80.2207183838,26516,26526,10
12.7875995636,80.2208786011,26526,26536,10
12.7881298065,80.2210998535,26536,26546,10
12.7887401581,80.2213363647,26546,26557,11
12.7893800735,80.2215805054,26557,26567,10
12.7897100449,80.2216873169,26567,26577,10
12.7899599075,80.2217712402,26577,26587,10
12.7908000946,80.2219772339,26587,26597,10
12.7921199799,80.2222976685,26597,26607,10
12.7938098907,80.2225570679,26607,26617,10
12.7956495285,80.2228775024,26617,26627,10
12.7973098755,80.2231826782,26627,26638,11
12.7993297577,80.2234420776,26638,26648,10
12.8010396957,80.2235794067,26648,26658,10
12.8015098572,80.2236175537,26658,26668,10
12.8018598557,80.2236633301,26668,26678,10
12.8026800156,80.2237625122,26678,26688,10
12.803850174,80.2238693237,26688,26698,10
12.8048496246,80.2239608765,26698,26709,11
12.805560112,80.2241516113,26709,26719,10
12.8056497574,80.2241897583,26719,26729,10
12.8060598373,80.2245330811,26729,26739,10
12.8068799973,80.2252578735,26739,26749,10
12.807849884,80.2260894775,26749,26759,10
12.8090600967,80.2270889282,26759,26769,10
12.8105802536,80.2278823853,26769,26779,10
12.8123502731,80.2285385132,26779,26790,11
12.8144702911,80.2292022705,26790,26800,10
12.8164701462,80.2294998169,26800,26810,10
12.8183403015,80.230178833,26810,26820,10
12.8196601868,80.23046875,26820,26830,10
12.8198604584,80.2304534912,26830,26840,10
12.8203201294,80.2304382324,26840,26850,10
12.821269989,80.2304534912,26850,26860,10
12.8225803375,80.2307434082,26860,26871,11
12.8242301941,80.2311706543,26871,26881,10
12.8257799149,80.2313613892,26881,26891,10
12.8274202347,80.231086731,26891,26901,10
12.8290700912,80.2301864624,26901,26911,10
12.8304796219,80.2296218872,26911,26921,10
12.8311395645,80.2293395996,26921,26931,10
12.831700325,80.2291717529,26931,26941,10
12.831700325,80.2291717529,26941,26952,11
12.8318796158,80.2291412354,26952,26962,10
12.832570076,80.229019165,26962,26972,10
12.8337202072,80.2288131714,26972,26982,10
12.8353300095,80.2285385132,26982,26992,10
12.8370895386,80.2282791138,26992,27002,10
12.8383598328,80.2280273438,27002,27012,10
12.8390102386,80.2278823853,27012,27022,10
12.8395004272,80.2277526855,27022,27033,11
12.839509964,80.2277526855,27033,27043,10
12.8395595551,80.2277297974,27043,27073,30
12.8395595551,80.2277297974,27073,27083,10
12.8401098251,80.2275695801,27083,27093,10
12.8411102295,80.2273025513,27093,27104,11
12.8425397873,80.2269287109,27104,27114,10
12.8434400558,80.2267532349,27114,27124,10
12.8444404602,80.2266235352,27124,27134,10
12.8453598022,80.2265472412,27134,27144,10
12.8453798294,80.2265472412,27144,27154,10
12.8457698822,80.2265625,27154,27164,10
12.8464298248,80.2265472412,27164,27174,10
12.8474302292,80.2265167236,27174,27185,11
12.8485803604,80.2265396118,27185,27195,10
12.8497695923,80.2265625,27195,27205,10
12.8513202667,80.2266082764,27205,27215,10
12.8531703949,80.2266769409,27215,27225,10
12.8551597595,80.2264709473,27225,27235,10
12.857049942,80.2262573242,27235,27245,10
12.8581895828,80.2261886597,27245,27255,10
12.8590602875,80.2262802124,27255,27266,11
12.8603696823,80.2264709473,27266,27276,10
12.8609304428,80.2265090942,27276,27286,10
12.8612003326,80.2265396118,27286,27296,10
12.8622999191,80.2265014648,27296,27306,10
12.863699913,80.2264862061,27306,27316,10
12.8654003143,80.2265625,27316,27326,10
12.8667697906,80.2264785767,27326,27336,10
12.8682003021,80.2263717651,27336,27347,11
12.8700399399,80.2265014648,27347,27357,10
12.8715400696,80.2266235352,27357,27367,10
12.8724002838,80.2266235352,27367,27377,10
12.8729400635,80.2266387939,27377,27387,10
12.873840332,80.2266998291,27387,27397,10
12.8750600815,80.2268371582,27397,27407,10
12.8760595322,80.2269134521,27407,27417,10
12.8764896393,80.2268981934,27417,27428,11
12.8766899109,80.2268829346,27428,27438,10
12.8768701553,80.2268676758,27438,27448,10
12.8775100708,80.2268295288,27448,27458,10
12.8787002563,80.2267303467,27458,27468,10
12.88022995,80.2266769409,27468,27478,10
12.8820199966,80.2266921997,27478,27488,10
12.8836898804,80.2266769409,27488,27498,10
12.8849601746,80.2266387939,27498,27509,11
12.8851604462,80.2266616821,27509,27519,10
12.8855400085,80.2267303467,27519,27529,10
12.8863601685,80.2269515991,27529,27539,10
12.8875303268,80.2271881104,27539,27549,10
12.8890304565,80.2273178101,27549,27559,10
12.8907604218,80.2273178101,27559,27569,10
12.8923902512,80.2273330688,27569,27580,11
12.8938798904,80.2275314331,27580,27590,10
12.8955602646,80.2276306152,27590,27600,10
12.8972196579,80.2276763916,27600,27610,10
12.8986902237,80.2277984619,27610,27620,10
12.8996200562,80.2278366089,27620,27630,10
12.9002399445,80.2278366089,27630,27650,20
12.900349617,80.2278213501,27650,27671,21
12.9005804062,80.2278137207,27671,27731,60
12.9005804062,80.2278137207,27731,27742,11
12.9008102417,80.2278213501,27742,27752,10
12.9012203217,80.2279281616,27752,27762,10
12.9020996094,80.2279815674,27762,27772,10
12.9026403427,80.2279968262,27772,27782,10
12.9026498795,80.2279968262,27782,27792,10
12.9027204514,80.2280197144,27792,27802,10
12.9032802582,80.2280502319,27802,27812,10
12.904299736,80.2281036377,27812,27823,11
12.905579567,80.2281799316,27823,27833,10
12.906080246,80.2282028198,27833,27883,50
12.906080246,80.2282028198,27883,27893,10
12.9064798355,80.2282409668,27893,27904,11
12.9066200256,80.2282562256,27904,27914,10
12.9069499969,80.2282867432,27914,27924,10
12.9070501328,80.2283096313,27924,27934,10
12.9075403214,80.2283630371,27934,27944,10
12.9085998535,80.2285232544,27944,27954,10
12.910030365,80.2287597656,27954,27964,10
12.911740303,80.2289962769,27964,27975,11
12.9138202667,80.2292709351,27975,27995,20
12.9138202667,80.2292709351,27995,28005,10
12.9139204025,80.2293014526,28005,28015,10
12.9144296646,80.2293930054,28015,28025,10
12.9151496887,80.2295074463,28025,28035,10
12.9164199829,80.2296676636,28035,28045,10
12.9178304672,80.2298583984,28045,28056,11
12.9191598892,80.2300186157,28056,28066,10
12.920539856,80.2302017212,28066,28076,10
12.9221801758,80.2304229736,28076,28086,10
12.9240198135,80.230682373,28086,28096,10
12.9258298874,80.2309112549,28096,28106,10
12.92648983,80.2309570313,28106,28116,10
12.9266195297,80.23097229,28116,28126,10
12.927280426,80.2310562134,28126,28137,11
12.9284200668,80.2312088013,28137,28147,10
12.9289102554,80.2312698364,28147,28157,10
12.9293498993,80.2313613892,28157,28167,10
12.9302501678,80.2315826416,28167,28177,10
12.931520462,80.2319793701,28177,28187,10
12.9329996109,80.2324829102,28187,28197,10
12.9336795807,80.2327728271,28197,28207,10
12.9338197708,80.2328567505,28207,28218,11
12.9343004227,80.2330474854,28218,28228,10
12.9351902008,80.2334594727,28228,28238,10
12.9356899261,80.2336578369,28238,28248,10
12.9357004166,80.2336730957,28248,28258,10
12.9360599518,80.2338409424,28258,28268,10
12.9367904663,80.2341995239,28268,28278,10
12.9375200272,80.2345581055,28278,28289,11
12.9385795593,80.2350692749,28289,28299,10
12.9394397736,80.2355117798,28299,28309,10
12.9395599365,80.2355575562,28309,28319,10
12.9396696091,80.2356414795,28319,28329,10
12.9399700165,80.2357635498,28329,28339,10
12.9410200119,80.2361068726,28339,28349,10
12.9421596527,80.2363891602,28349,28359,10
12.943400383,80.2370681763,28359,28370,11
12.9444799423,80.2382583618,28370,28380,10
12.9454698563,80.2392196655,28380,28390,10
12.9467000961,80.2397613525,28390,28400,10
12.9472303391,80.2399673462,28400,28410,10
12.9472904205,80.2399978638,28410,28420,10
12.9478397369,80.2402267456,28420,28430,10
12.9486999512,80.2406005859,28430,28440,10
12.9493598938,80.2408599854,28440,28451,11
12.9503898621,80.2411804199,28451,28461,10
12.9510297775,80.2414016724,28461,28471,10
12.9511604309,80.2414093018,28471,28481,10
12.9512996674,80.2414703369,28481,28491,10
12.9519701004,80.2416915894,28491,28501,10
12.9529895782,80.2420730591,28501,28511,10
12.954000473,80.242477417,28511,28521,10
12.9547395706,80.2427597046,28521,28532,11
12.9555702209,80.243057251,28532,28542,10
12.9563703537,80.2433013916,28542,28562,20
12.9563703537,80.2433013916,28562,28572,10
12.9566402435,80.2434005737,28572,28582,10
12.9573202133,80.2437591553,28582,28592,10
12.9583301544,80.2442169189,28592,28602,10
12.958729744,80.2444000244,28602,28613,11
12.9588298798,80.2445220947,28613,28623,10
12.9594297409,80.2447662354,28623,28633,10
12.9603500366,80.2452011108,28633,28643,10
12.9616203308,80.2457809448,28643,28653,10
12.9631004333,80.2465133667,28653,28663,10
12.9644403458,80.2470932007,28663,28673,10
12.9652795792,80.2473678589,28673,28683,10
12.9662599564,80.247718811,28683,28714,31
12.9662599564,80.247718811,28714,28724,10
12.9664697647,80.2478027344,28724,28734,10
12.9665603638,80.2478485107,28734,28744,10
12.9666500092,80.2478790283,28744,28754,10
12.9669704437,80.2480392456,28754,28764,10
12.9676399231,80.2483215332,28764,28775,11
12.9687995911,80.2488327026,28775,28785,10
12.9701404572,80.2493591309,28785,28795,10
12.9717597961,80.2498626709,28795,28805,10
12.9733800888,80.250289917,28805,28815,10
12.9745502472,80.250617981,28815,28825,10
12.9758195877,80.2509613037,28825,28835,10
12.9769001007,80.2512893677,28835,28845,10
12.9779901505,80.2519378662,28845,28856,11
12.9786396027,80.2523803711,28856,28866,10
12.9787998199,80.252456665,28866,28876,10
12.9796800613,80.2526016235,28876,28916,40
12.9796800613,80.2526016235,28916,28927,11
12.980099678,80.2527008057,28927,28937,10
12.9806900024,80.2527084351,28937,28947,10
12.9814996719,80.2526626587,28947,28957,10
12.9825801849,80.2525863647,28957,28967,10
12.9834604263,80.2524795532,28967,28977,10
12.9844503403,80.252243042,28977,28987,10
12.9856004715,80.2519226074,28987,28997,10
12.9865102768,80.251701355,28997,29008,11
12.9872102737,80.2514572144,29008,29089,81
12.9872102737,80.2514572144,29089,29099,10
12.9876499176,80.2513198853,29099,29109,10
12.9883403778,80.2511825562,29109,29119,10
12.9892196655,80.2509536743,29119,29129,10
12.9892702103,80.2509384155,29129,29139,10
12.9897203445,80.2508926392,29139,29148,9
12.9904699326,80.2506866455,29148,29159,11
12.9918603897,80.2502975464,29159,29170,11
12.9936800003,80.2498397827,29170,29180,10
12.9954099655,80.2494125366,29180,29190,10
12.9966602325,80.2490081787,29190,29200,10
12.9968795776,80.2489776611,29200,29210,10
12.9971599579,80.2489776611,29210,29220,10
12.9979600906,80.2487792969,29220,29230,10
12.9991998672,80.2484664917,29230,29240,10
13.0006599426,80.2480621338,29240,29251,11
13.0022697449,80.2476730347,29251,29261,10
13.0036296844,80.2474365234,29261,29271,10
13.0049495697,80.2472763062,29271,29281,10
13.0059900284,80.2470397949,29281,29291,10
13.0064897537,80.2465286255,29291,29301,10
13.0065402985,80.2464065552,29301,29311,10
13.0065898895,80.2462692261,29311,29321,10
13.0066299438,80.2456283569,29321,29332,11
13.0066204071,80.2447662354,29332,29342,10
13.0066204071,80.2443466187,29342,29352,10
13.0065898895,80.2437210083,29352,29362,10
13.0065498352,80.2429504395,29362,29372,10
13.0065698624,80.2421112061,29372,29382,10
13.0066204071,80.2410202026,29382,29392,10
13.0067300797,80.2403335571,29392,29403,11
13.0068502426,80.2399520874,29403,29413,10
13.0070104599,80.2389907837,29413,29423,10
13.0071697235,80.2379608154,29423,29433,10
13.007349968,80.2371902466,29433,29443,10
13.0074195862,80.2367172241,29443,29453,10
13.0074300766,80.2367019653,29453,29463,10
13.0075597763,80.2362976074,29463,29473,10
13.0077199936,80.2355194092,29473,29484,11
13.0079803467,80.2342605591,29484,29494,10
13.0082502365,80.2329406738,29494,29504,10
13.0085096359,80.2316436768,29504,29514,10
13.0087404251,80.2304229736,29514,29524,10
13.0089998245,80.2292404175,29524,29534,10
13.0092496872,80.2281417847,29534,29544,10
13.0097503662,80.2270431519,29544,29554,10
13.0102796555,80.2258911133,29554,29565,11
13.0108098984,80.224861145,29565,29575,10
13.011179924,80.2239379883,29575,29585,10
13.0114202499,80.2234191895,29585,29595,10
13.0114202499,80.2233963013,29595,29605,10
13.0115404129,80.2230606079,29605,29615,10
13.0117301941,80.2222595215,29615,29625,10
13.0122499466,80.221496582,29625,29635,10
13.0124397278,80.2216873169,29635,29646,11
13.0129804611,80.2223815918,29646,29656,10
13.013710022,80.2231674194,29656,29666,10
13.014169693,80.2237625122,29666,29676,10
13.0148000717,80.2244567871,29676,29686,10
13.0150995255,80.2247161865,29686,29696,10
13.0152902603,80.2249069214,29696,29706,10
13.01541996,80.2249526978,29706,29716,10
13.0155200958,80.2249603271,29716,29727,11
13.0159702301,80.2253265381,29727,29737,10
13.0167703629,80.2252578735,29737,29747,10
13.0178403854,80.2248382568,29747,29757,10
13.019080162,80.224357605,29757,29767,10
13.0196895599,80.2244415283,29767,29777,10
13.0200901031,80.2247390747,29777,29787,10
13.0207004547,80.2252120972,29787,29797,10
13.0213003159,80.2257003784,29797,29808,11
13.022069931,80.226272583,29808,29818,10
13.0225095749,80.2266311646,29818,29838,20
13.0225095749,80.2266311646,29838,29848,10
13.0228204727,80.2269287109,29848,29858,10
13.0233802795,80.2274703979,29858,29867,9
13.0243301392,80.2284469604,29867,29889,22
13.0243301392,80.2284469604,29889,29899,10
13.0243997574,80.2285385132,29899,29909,10
13.0247001648,80.2289962769,29909,29919,10
13.0251598358,80.229598999,29919,29929,10
13.0256204605,80.2302932739,29929,29939,10
13.0257797241,80.2305831909,29939,29949,10
13.0259103775,80.2309036255,29949,29960,11
13.0260400772,80.2313537598,29960,29970,10
13.0262498856,80.2320022583,29970,29980,10
13.0264997482,80.2328414917,29980,29990,10
13.0268497467,80.2334823608,29990,30000,10
13.0273799896,80.2343215942,30000,30010,10
13.0278997421,80.2352600098,30010,30020,10
13.028459549,80.2359695435,30020,30030,10
13.0291404724,80.2366867065,30030,30041,11
13.0296096802,80.2372283936,30041,30051,10
13.0296297073,80.2372817993,30051,30061,10
13.0299196243,80.2377090454,30061,30071,10
13.0304403305,80.2386627197,30071,30081,10
13.0309200287,80.2394104004,30081,30091,10
13.0311203003,80.2397232056,30091,30142,51
13.0311203003,80.2397232056,30142,30152,10
13.0312595367,80.2398986816,30152,30162,10
13.0313596725,80.2401809692,30162,30172,10
13.0314798355,80.2409133911,30172,30182,10
13.0318603516,80.2416687012,30182,30192,10
13.032409668,80.24243927,30192,30203,11
13.0330896378,80.2434082031,30203,30213,10
13.0337400436,80.244392395,30213,30223,10
13.0343399048,80.2451782227,30223,30233,10
13.0349502563,80.245880127,30233,30243,10
13.0356397629,80.2461776733,30243,30253,10
13.0357398987,80.2462310791,30253,30263,10
13.0358800888,80.2463302612,30263,30273,10
13.0366296768,80.2465133667,30273,30284,11
13.0374603271,80.2464675903,30284,30294,10
13.0381002426,80.2465667725,30294,30304,10
13.0388298035,80.2468185425,30304,30314,10
13.0391397476,80.2469024658,30314,30324,10
13.0397396088,80.2470169067,30324,30334,10
13.0407600403,80.2472076416,30334,30344,10
13.0418996811,80.2474365234,30344,30355,11
13.0426797867,80.2476882935,30355,30365,10
13.0433597565,80.2478866577,30365,30375,10
13.0439996719,80.2478027344,30375,30385,10
13.0446395874,80.2479019165,30385,30395,10
13.0451602936,80.2482070923,30395,30405,10
13.0457897186,80.2485122681,30405,30415,10
13.046500206,80.2485580444,30415,30425,10
13.0468702316,80.2484817505,30425,30436,11
13.0469799042,80.2484817505,30436,30446,10
13.047369957,80.248588562,30446,30456,10
13.0479402542,80.249168396,30456,30466,10
13.048500061,80.2496871948,30466,30476,10
13.0491895676,80.249786377,30476,30486,10
13.0500001907,80.2499237061,30486,30496,10
13.0509500504,80.2501068115,30496,30506,10
13.0518398285,80.25050354,30506,30517,11
13.0526399612,80.2514419556,30517,30527,10
13.0534000397,80.2524414063,30527,30537,10
13.0540599823,80.2533798218,30537,30547,10
13.0547103882,80.2542572021,30547,30557,10
13.0553197861,80.2550735474,30557,30567,10
13.0558595657,80.2557983398,30567,30577,10
13.0562200546,80.2562789917,30577,30587,10
13.0566902161,80.2567977905,30587,30598,11
13.0574903488,80.2575531006,30598,30608,10
13.0579996109,80.2580718994,30608,30618,10
13.058549881,80.2587890625,30618,30628,10
13.059129715,80.259552002,30628,30640,12
13.0597400665,80.2602615356,30640,30649,9
13.0601997375,80.2607116699,30649,30660,11
13.0606002808,80.2611923218,30660,30671,11
13.0607299805,80.2613983154,30671,30681,10
13.0608701706,80.2616271973,30681,30692,11
13.061340332,80.2621994019,30692,30701,9
13.0618400574,80.262802124,30701,30722,21
13.0618400574,80.262802124,30722,30732,10
13.062040329,80.2630615234,30732,30742,10
13.0625,80.263633728,30742,30753,11
13.0631904602,80.2644195557,30753,30763,10
13.0636796951,80.2651901245,30763,30773,10
13.064040184,80.2656784058,30773,30783,10
13.0646095276,80.2663574219,30783,30793,10
13.0650596619,80.2669219971,30793,30803,10
13.0656099319,80.267288208,30803,30813,10
13.0657300949,80.2674331665,30813,30823,10
13.0660600662,80.267906189,30823,30834,11
13.0664196014,80.2682876587,30834,30844,10
13.0664300919,80.2682876587,30844,30854,10
13.0665102005,80.2683334351,30854,30864,10
13.06690979,80.2685623169,30864,30874,10
13.0675096512,80.268951416,30874,30884,10
13.0681600571,80.2693710327,30884,30894,10
13.0682096481,80.2699813843,30894,30904,10
13.068110466,80.2708511353,30904,30915,11
13.0682201385,80.2715377808,30915,30925,10
13.0686302185,80.2719421387,30925,30935,10
13.0693702698,80.2723770142,30935,30945,10
13.0701198578,80.2731704712,30945,30955,10
13.0706796646,80.2739028931,30955,30965,10
13.0711202621,80.2741165161,30965,30975,10
13.0717201233,80.2743682861,30975,30985,10
13.0724697113,80.275100708,30985,30996,11
13.0729999542,80.275718689,30996,31006,10
13.0736303329,80.2762908936,31006,31016,10
13.0744600296,80.2763366699,31016,31026,10
13.0754995346,80.2762908936,31026,31036,10
13.0764303207,80.276260376,31036,31046,10
13.0771999359,80.2762069702,31046,31056,10
13.0779895782,80.2761383057,31056,31067,11
13.0783596039,80.2754211426,31067,31077,10
13.079000473,80.2751464844,31077,31087,10
13.0797100067,80.2752990723,31087,31097,10
13.0806303024,80.2752304077,31097,31107,10
13.0813999176,80.275138855,31107,31117,10
13.0820398331,80.2752380371,31117,31137,20
13.0820398331,80.2752380371,31137,31148,11
13.0821199417,80.2754135132,31148,31158,10
13.0821199417,80.2755889893,31158,31218,60
13.0821304321,80.2759170532,31218,31573,355
13.0819702148,80.2760009766,31573,31593,20
13.0819702148,80.2760009766,31593,31603,10
13.0818395615,80.2760772705,31603,31613,10
13.0818395615,80.2763214111,31613,31624,11
13.081870079,80.2770614624,31624,31634,10
13.0819196701,80.2778778076,31634,31644,10
13.0822200775,80.2782211304,31644,31654,10
13.0830402374,80.2781600952,31654,31664,10
13.0833997726,80.2781829834,31664,31674,10
13.0834798813,80.2785263062,31674,31684,10
13.0834197998,80.2790527344,31684,31694,10
13.082859993,80.2788085938,31694,31705,11
13.0824804306,80.2786026001,31705,31715,10
13.0821199417,80.2784118652,31715,31725,10
13.0819501877,80.2779998779,31725,31735,10
13.0818901062,80.2774200439,31735,31745,10
13.081870079,80.2768478394,31745,31755,10
13.0816402435,80.2759933472,31755,31806,51
13.0815601349,80.2756271362,31806,31877,71
13.0815601349,80.2756271362,31877,31887,10
13.0814504623,80.2752304077,31887,31897,10
13.0814399719,80.2752304077,31897,31907,10
13.0811300278,80.2752075195,31907,31917,10
13.0806503296,80.2753219604,31917,31927,10
13.0800895691,80.2753829956,31927,31938,11
13.079460144,80.2753677368,31938,31948,10
13.0787000656,80.2752227783,31948,31958,10
13.0782403946,80.2758789063,31958,31968,10
13.077580452,80.2762374878,31968,31978,10
13.0767297745,80.2763977051,31978,31988,10
13.0759496689,80.2763595581,31988,31998,10
13.0752096176,80.2764282227,31998,32008,10
13.0742998123,80.2764663696,32008,32019,11
13.073340416,80.2761688232,32019,32029,10
13.0727300644,80.2754821777,32029,32039,10
13.0722799301,80.2749862671,32039,32049,10
13.0719003677,80.2746124268,32049,32059,10
13.0712099075,80.2744598389,32059,32079,20
13.0712099075,80.2744598389,32079,32089,10
13.0709600449,80.2743988037,32089,32100,11
13.0705795288,80.2738189697,32100,32110,10
13.0702495575,80.2733001709,32110,32120,10
13.0697698593,80.2727508545,32120,32130,10
13.0689001083,80.2719268799,32130,32160,30
13.0689001083,80.2719268799,32160,32170,10
13.0687303543,80.2718734741,32170,32181,11
13.0683002472,80.2716522217,32181,32191,10
13.0680103302,80.2711181641,32191,32201,10
13.067609787,80.2706604004,32201,32211,10
13.0669803619,80.2701034546,32211,32221,10
13.0664997101,80.2693405151,32221,32231,10
13.0664196014,80.268661499,32231,32241,10
13.0660104752,80.2679367065,32241,32250,9
13.0653600693,80.2676086426,32250,32282,32
13.0653600693,80.2676086426,32282,32292,10
13.0650196075,80.2675323486,32292,32302,10
13.0642795563,80.2674636841,32302,32312,10
13.0633201599,80.2673492432,32312,32322,10
13.0625200272,80.2668609619,32322,32333,11
13.061829567,80.265953064,32333,32343,10
13.0613298416,80.2653198242,32343,32353,10
13.0607500076,80.2652587891,32353,32363,10
13.0604896545,80.2654266357,32363,32373,10
13.060379982,80.2654800415,32373,32383,10
13.059969902,80.2656173706,32383,32393,10
13.0592403412,80.2655563354,32393,32403,10
13.0585203171,80.2653427124,32403,32414,11
13.0585002899,80.2653427124,32414,32424,10
13.0581998825,80.2650909424,32424,32434,10
13.0580196381,80.2645263672,32434,32444,10
13.0579299927,80.2637481689,32444,32454,10
13.0578699112,80.2628631592,32454,32464,10
13.0577297211,80.2621765137,32464,32474,10
13.0576095581,80.2613525391,32474,32484,10
13.0573596954,80.2604827881,32484,32495,11
13.0569896698,80.2595901489,32495,32505,10
13.0566301346,80.2584533691,32505,32515,10
13.0565395355,80.2574386597,32515,32525,10
13.0565299988,80.2572937012,32525,32535,10
13.056520462,80.2572021484,32535,32545,10
13.0563898087,80.2566833496,32545,32555,10
13.0559997559,80.2559967041,32555,32565,10
13.0553798676,80.2552108765,32565,32576,11
13.0546703339,80.2542037964,32576,32586,10
13.0540704727,80.2533798218,32586,32596,10
13.0535802841,80.2526626587,32596,32606,10
13.0532197952,80.2521362305,32606,32616,10
13.0527095795,80.2514419556,32616,32626,10
13.0521802902,80.2507476807,32626,32636,10
13.0514802933,80.2501983643,32636,32646,10
13.050620079,80.249961853,32646,32657,11
13.0493497849,80.249786377,32657,32667,10
13.0483999252,80.249671936,32667,32677,10
13.047750473,80.2490921021,32677,32687,10
13.0471096039,80.2485961914,32687,32697,10
13.0469799042,80.248588562,32697,32707,10
13.0467996597,80.2485733032,32707,32717,10
13.0461997986,80.2485961914,32717,32727,10
13.0453395844,80.2482681274,32727,32738,11
13.0443601608,80.2480163574,32738,32748,10
13.0434799194,80.2479019165,32748,32758,10
13.0425596237,80.2476882935,32758,32768,10
13.0417203903,80.2474822998,32768,32778,10
13.0408601761,80.2472915649,32778,32788,10
13.0399799347,80.2472229004,32788,32819,31
13.0399799347,80.2472229004,32819,32829,10
13.0397596359,80.2470092773,32829,32839,10
13.0393400192,80.246963501,32839,32849,10
13.0388097763,80.2467727661,32849,32859,10
13.0382404327,80.2466278076,32859,32869,10
13.037779808,80.2465896606,32869,32879,10
13.0372104645,80.2465133667,32879,32890,11
13.036939621,80.2464828491,32890,32900,10
13.0367898941,80.2464675903,32900,32910,10
13.0366001129,80.2463912964,32910,32920,10
13.0361795425,80.2463226318,32920,32930,10
13.0355701447,80.2461090088,32930,32940,10
13.0352697372,80.2460021973,32940,32960,20
13.0352697372,80.2460021973,32960,32971,11
13.0348596573,80.2456283569,32971,32981,10
13.0345401764,80.2451400757,32981,32991,10
13.0340003967,80.2445220947,32991,33001,10
13.0333900452,80.2438430786,33001,33011,10
13.0326795578,80.2429580688,33011,33021,10
13.0320901871,80.2421188354,33021,33031,10
13.031920433,80.2418212891,33031,33041,10
13.0318698883,80.2416915894,33041,33052,11
13.0316896439,80.2411804199,33052,33062,10
13.0314102173,80.2405471802,33062,33072,10
13.0311002731,80.2398071289,33072,33082,10
13.0306501389,80.2389984131,33082,33092,10
13.0301799774,80.2381668091,33092,33102,10
13.0297803879,80.2374801636,33102,33112,10
13.0293197632,80.2369766235,33112,33122,10
13.0292797089,80.2369308472,33122,33133,11
13.029009819,80.2365570068,33133,33143,10
13.0283699036,80.2358169556,33143,33153,10
13.0276403427,80.2347717285,33153,33163,10
13.0268096924,80.2334289551,33163,33173,10
13.0263004303,80.2323608398,33173,33183,10
13.0261001587,80.2315826416,33183,33203,20
13.0261001587,80.2315826416,33203,33214,11
13.0260601044,80.2312393188,33214,33224,10
13.0257701874,80.2304077148,33224,33234,10
13.0246801376,80.2290115356,33234,33254,20
13.0246801376,80.2290115356,33254,33264,10
13.024430275,80.2287063599,33264,33274,10
13.0241298676,80.2283401489,33274,33284,10
13.0233898163,80.2275314331,33284,33325,41
13.0233898163,80.2275314331,33325,33335,10
13.0231895447,80.2273635864,33335,33345,10
13.0229597092,80.227180481,33345,33355,10
13.0227403641,80.2269515991,33355,33366,11
13.0225296021,80.2267227173,33366,33376,10
13.0224199295,80.2265930176,33376,33386,10
13.0220603943,80.2263031006,33386,33396,10
13.0215797424,80.2259063721,33396,33406,10
13.020939827,80.2253875732,33406,33416,10
13.0199098587,80.2247009277,33416,33436,20
13.0199098587,80.2247009277,33436,33447,11
13.0194196701,80.2244720459,33447,33457,10
13.0186195374,80.2245635986,33457,33467,10
13.0177202225,80.2249298096,33467,33477,10
13.0167198181,80.2253417969,33477,33487,10
13.0159196854,80.2256393433,33487,33497,10
13.0151100159,80.2259521484,33497,33507,10
13.0144996643,80.2261886597,33507,33517,10
13.013759613,80.2265014648,33517,33538,21
13.013759613,80.2265014648,33538,33548,10
13.0136404037,80.2264404297,33548,33558,10
13.0133399963,80.2266616821,33558,33568,10
13.0127000809,80.2269210815,33568,33578,10
13.0118103027,80.2273101807,33578,33588,10
13.0107097626,80.2277374268,33588,33598,10
13.0096502304,80.228187561,33598,33609,11
13.0091199875,80.2289962769,33609,33619,10
13.0089302063,80.2298812866,33619,33629,10
13.0086803436,80.2308731079,33629,33639,10
13.0085201263,80.2317886353,33639,33679,40
13.0085201263,80.2317886353,33679,33690,11
13.0085496902,80.231880188,33690,33700,10
13.0084104538,80.2325210571,33700,33710,10
13.0082597733,80.233543396,33710,33720,10
13.0082397461,80.2335891724,33720,33730,10
13.0081701279,80.2337722778,33730,33740,10
13.0080299377,80.2343978882,33740,33750,10
13.0078496933,80.2352981567,33750,33761,11
13.0076398849,80.2365188599,33761,33771,10
13.0074596405,80.2372817993,33771,33781,10
13.007349968,80.2378616333,33781,33791,10
13.007229805,80.2385787964,33791,33801,10
13.0069799423,80.239616394,33801,33882,81
13.0069799423,80.239616394,33882,33892,10
13.006939888,80.2400283813,33892,33902,10
13.0068101883,80.2406921387,33902,33912,10
13.0067901611,80.2407684326,33912,33923,11
13.0067501068,80.2410812378,33923,33933,10
13.0067396164,80.2418136597,33933,33953,20
13.0067396164,80.2418136597,33953,33963,10
13.0067501068,80.2419891357,33963,33973,10
13.0067596436,80.2421417236,33973,33983,10
13.0067596436,80.242401123,33983,33993,10
13.0067396164,80.2428436279,33993,34074,81
13.0067396164,80.2428436279,34074,34085,11
13.0067300797,80.2433929443,34085,34095,10
13.0067195892,80.2437591553,34095,34105,10
13.0066604614,80.2444381714,34105,34115,10
13.0066604614,80.2448806763,34115,34125,10
13.0066995621,80.2453079224,34125,34135,10
13.0067396164,80.2461700439,34135,34166,31
13.0067796707,80.2465896606,34166,34186,20
13.0067796707,80.2465896606,34186,34196,10
13.0067796707,80.2471313477,34196,34208,12
13.0063295364,80.2474212646,34208,34228,20
13.0063295364,80.2474212646,34228,34239,11
13.0061302185,80.2473831177,34239,34249,10
13.0054798126,80.2473373413,34249,34259,10
13.0044403076,80.2474136353,34259,34269,10
13.0032300949,80.2475814819,34269,34279,10
13.0021495819,80.2477798462,34279,34289,10
13.0010404587,80.2481002808,34289,34299,10
12.9998102188,80.2484207153,34299,34309,10
12.9985799789,80.2487487793,34309,34320,11
12.998000145,80.2489013672,34320,34340,20
12.998000145,80.2489013672,34340,34350,10
12.9978399277,80.2487182617,34350,34360,10
12.9973297119,80.2488937378,34360,34370,10
12.9963302612,80.2491989136,34370,34380,10
12.995010376,80.2495803833,34380,34390,10
12.9934797287,80.2499923706,34390,34401,11
12.9921503067,80.2503204346,34401,34411,10
12.9914798737,80.2505111694,34411,34421,10
12.9910001755,80.2506027222,34421,34431,10
12.9909200668,80.2505264282,34431,34441,10
12.9905004501,80.2506484985,34441,34451,10
12.9894800186,80.2509384155,34451,34887,436
12.9894800186,80.2509384155,34887,34897,10
12.9891395569,80.2511062622,34897,34907,10
12.988940239,80.2511520386,34907,34917,10
12.9887399673,80.2512207031,34917,34927,10
12.9883203506,80.2513198853,34927,34937,10
12.9879703522,80.2513885498,34937,34947,10
12.9875001907,80.2514801025,34947,34958,11
12.9868898392,80.251663208,34958,34968,10
12.9864301682,80.2517700195,34968,34978,10
12.9856004715,80.2519683838,34978,34988,10
12.9844799042,80.2522583008,34988,34998,10
12.9832897186,80.2525405884,34998,35008,10
12.9821596146,80.2526321411,35008,35018,10
12.9812002182,80.2526626587,35018,35028,10
12.9806804657,80.2526931763,35028,35049,21
12.9806804657,80.2526931763,35049,35059,10
12.9804496765,80.2526702881,35059,35069,10
12.9802703857,80.2527008057,35069,35079,10
12.9800596237,80.2526931763,35079,35089,10
12.9797401428,80.2526626587,35089,35099,10
12.9792098999,80.2526092529,35099,35109,10
12.9785995483,80.2525100708,35109,35130,21
12.9785995483,80.2525100708,35130,35140,10
12.9781904221,80.252243042,35140,35150,10
12.9775400162,80.2516479492,35150,35160,10
12.9767103195,80.2512207031,35160,35170,10
12.9756002426,80.2509002686,35170,35180,10
12.9743700027,80.2505569458,35180,35191,11
12.9731197357,80.2502212524,35191,35201,10
12.9719800949,80.2499389648,35201,35211,10
12.9708995819,80.2496109009,35211,35221,10
12.9698600769,80.2492370605,35221,35231,10
12.9687795639,80.2488327026,35231,35241,10
12.9677400589,80.2483901978,35241,35251,10
12.9669504166,80.248046875,35251,35261,10
12.9665603638,80.2478408813,35261,35272,11
12.9658603668,80.247543335,35272,35282,10
12.9652795792,80.2473220825,35282,35292,10
12.9650096893,80.2472763062,35292,35302,10
12.9649200439,80.2472381592,35302,35312,10
12.9645204544,80.2470932007,35312,35322,10
12.9638204575,80.2468795776,35322,35342,20
12.9638204575,80.2468795776,35342,35353,11
12.9637403488,80.2468185425,35353,35363,10
12.9633398056,80.24659729,35363,35373,10
12.9627199173,80.2462997437,35373,35383,10
12.9617900848,80.2459030151,35383,35393,10
12.960940361,80.2454681396,35393,35403,10
12.9600696564,80.2450714111,35403,35413,10
12.9596004486,80.2448577881,35413,35423,10
12.9595003128,80.2448196411,35423,35434,11
12.9593801498,80.2447891235,35434,35444,10
12.9592399597,80.244720459,35444,35454,10
12.9589500427,80.2445526123,35454,35464,10
12.9582300186,80.2442016602,35464,35474,10
12.9575500488,80.2439498901,35474,35484,10
12.956609726,80.2436904907,35484,35494,10
12.9562797546,80.2435379028,35494,35504,10
12.9556503296,80.2432174683,35504,35515,11
12.9545698166,80.2427215576,35515,35525,10
12.9533195496,80.2422027588,35525,35535,10
12.9520101547,80.2417526245,35535,35545,10
12.9517002106,80.2416305542,35545,35555,10
12.9515800476,80.2415618896,35555,35565,10
12.9509401321,80.2413024902,35565,35575,10
12.9500102997,80.2410583496,35575,35585,10
12.9493103027,80.2408370972,35585,35596,11
12.9487600327,80.2406463623,35596,35606,10
12.9480199814,80.2403717041,35606,35616,10
12.9477996826,80.2402572632,35616,35626,10
12.9475898743,80.2401580811,35626,35636,10
12.9472904205,80.2400436401,35636,35646,10
12.9472398758,80.2400131226,35646,35656,10
12.9470500946,80.2399520874,35656,35666,10
12.946680069,80.2397994995,35666,35677,11
12.9457597733,80.2394104004,35677,35687,10
12.9449300766,80.2387619019,35687,35697,10
12.944149971,80.2378997803,35697,35707,10
12.94328022,80.2369918823,35707,35717,10
12.9422397614,80.2363967896,35717,35727,10
12.941160202,80.2361526489,35727,35737,10
12.940320015,80.2359771729,35737,35748,11
12.9399003983,80.2358627319,35748,35758,10
12.939740181,80.2357330322,35758,35768,10
12.939160347,80.2354431152,35768,35778,10
12.9381504059,80.2349624634,35778,35788,10
12.9370002747,80.2344284058,35788,35798,10
12.9361000061,80.2340316772,35798,35808,10
12.9355602264,80.2337188721,35808,35818,10
12.9341497421,80.2331008911,35818,35839,21
12.9341497421,80.2331008911,35839,35849,10
12.9340000153,80.2329864502,35849,35859,10
12.9339799881,80.2329788208,35859,35869,10
12.9336795807,80.2328491211,35869,35879,10
12.9328804016,80.2324829102,35879,35889,10
12.9317703247,80.2321014404,35889,35899,10
12.9304504395,80.2316970825,35899,35910,11
12.9292602539,80.2314071655,35910,35920,10
12.9289197922,80.2313232422,35920,35930,10
12.9281997681,80.2311782837,35930,35940,10
12.9271001816,80.2310333252,35940,35950,10
12.9262800217,80.2309570313,35950,35960,10
12.926199913,80.2309494019,35960,35970,10
12.9260396957,80.2309265137,35970,35980,10
12.9254398346,80.2308578491,35980,35991,11
12.9243803024,80.2307510376,35991,36001,10
12.9232997894,80.2306365967,36001,36011,10
12.921959877,80.230430603,36011,36021,10
12.9203996658,80.23021698,36021,36031,10
12.9189500809,80.2300262451,36031,36041,10
12.9175195694,80.2298202515,36041,36051,10
12.9159603119,80.2296218872,36051,36061,10
12.9143896103,80.2293930054,36061,36072,11
12.913310051,80.2292861938,36072,36092,20
12.913310051,80.2292861938,36092,36102,10
12.9131698608,80.2292175293,36102,36112,10
12.9124698639,80.2291107178,36112,36122,10
12.911359787,80.2289505005,36122,36132,10
12.9100198746,80.2287597656,36132,36142,10
12.9090900421,80.2286224365,36142,36153,11
12.9085998535,80.2285385132,36153,36163,10
12.9080600739,80.2284164429,36163,36173,10
12.907500267,80.2283782959,36173,36183,10
12.9071397781,80.2283782959,36183,36193,10
12.9067296982,80.2283325195,36193,36203,10
12.9064798355,80.2282562256,36203,36213,10
12.9062995911,80.2282028198,36213,36223,10
12.9057998657,80.2281494141,36223,36234,11
12.9046802521,80.2280883789,36234,36244,10
12.9033899307,80.2280578613,36244,36254,10
12.9027996063,80.2280273438,36254,36365,111
12.9027996063,80.2280273438,36365,36375,10
12.9024000168,80.2279586792,36375,36386,11
12.9021501541,80.2279510498,36386,36396,10
12.9020595551,80.2279510498,36396,36406,10
12.9017601013,80.2279205322,36406,36416,10
12.9013700485,80.227897644,36416,36426,10
12.9010095596,80.227897644,36426,36436,10
12.9004297256,80.2278823853,36436,36446,10
12.8997001648,80.2278289795,36446,36456,10
12.8990001678,80.2278289795,36456,36487,31
12.8990001678,80.2278289795,36487,36497,10
12.898440361,80.2277908325,36497,36507,10
12.8975601196,80.2277374268,36507,36517,10
12.8963298798,80.2276992798,36517,36527,10
12.8948602676,80.2276000977,36527,36537,10
12.8934602737,80.2274780273,36537,36548,11
12.8921699524,80.2273712158,36548,36558,10
12.8909101486,80.2273712158,36558,36568,10
12.8900499344,80.2273864746,36568,36578,10
12.8895902634,80.2274017334,36578,36588,10
12.8890600204,80.2274017334,36588,36598,10
12.8883199692,80.2273712158,36598,36608,10
12.8872404099,80.2272491455,36608,36618,10
12.8861198425,80.2269668579,36618,36629,11
12.884929657,80.2267227173,36629,36649,20
12.884929657,80.2267227173,36649,36659,10
12.8844003677,80.2266921997,36659,36669,10
12.8835897446,80.2266998291,36669,36679,10
12.8826198578,80.2266998291,36679,36689,10
12.8813295364,80.2267074585,36689,36699,10
12.8797998428,80.2267227173,36699,36710,11
12.8781795502,80.2268066406,36710,36720,10
12.8769798279,80.2269134521,36720,36740,20
12.8769798279,80.2269134521,36740,36750,10
12.8768100739,80.2269210815,36750,36760,10
12.8764295578,80.2269592285,36760,36770,10
12.8763599396,80.2269363403,36770,36781,11
12.8758897781,80.2269134521,36781,36791,10
12.8750200272,80.2268600464,36791,36801,10
12.8737897873,80.2267227173,36801,36811,10
12.8728704453,80.2267227173,36811,36821,10
12.8726997375,80.2267227173,36821,36831,10
12.8723602295,80.2266769409,36831,36841,10
12.8714799881,80.2266464233,36841,36851,10
12.8702602386,80.2265777588,36851,36862,11
12.8687400818,80.2264022827,36862,36872,10
12.8672599792,80.2264633179,36872,36882,10
12.8657398224,80.2266082764,36882,36892,10
12.8641004562,80.2265701294,36892,36902,10
12.8625602722,80.2265396118,36902,36912,10
12.8613195419,80.2266311646,36912,36922,10
12.861000061,80.2266082764,36922,36932,10
12.860710144,80.2265167236,36932,36943,11
12.8598604202,80.2264175415,36943,36953,10
12.8593397141,80.2263870239,36953,36963,10
12.8591604233,80.2263565063,36963,36973,10
12.8588895798,80.2263031006,36973,36983,10
12.8583097458,80.2262573242,36983,36993,10
12.8572902679,80.2262878418,36993,37003,10
12.8559799194,80.2264328003,37003,37013,10
12.8544301987,80.2265777588,37013,37024,11
12.8524703979,80.2266693115,37024,37034,10
12.8508195877,80.2266235352,37034,37044,10
12.8498601913,80.2265930176,37044,37054,10
12.849820137,80.2265777588,37054,37064,10
12.8495597839,80.2265777588,37064,37074,10
12.8487596512,80.2265777588,37074,37084,10
12.8478403091,80.2265930176,37084,37094,10
12.8473901749,80.226600647,37094,37105,11
12.8471603394,80.226600647,37105,37115,10
12.8469400406,80.226600647,37115,37135,20
12.8469400406,80.226600647,37135,37145,10
12.8468399048,80.226600647,37145,37155,10
12.8463802338,80.2266082764,37155,37175,20
12.8463802338,80.2266082764,37175,37186,11
12.8460798264,80.226600647,37186,37206,20
12.8460798264,80.226600647,37206,37216,10
12.8458099365,80.2265930176,37216,37226,10
12.8454799652,80.2266082764,37226,37246,20
12.8454799652,80.2266082764,37246,37256,10
12.8453502655,80.2265777588,37256,37267,11
12.8449401855,80.2266082764,37267,37277,10
12.844329834,80.2266616821,37277,37287,10
12.8436403275,80.2266998291,37287,37297,10
12.8428001404,80.2268600464,37297,37307,10
12.8419303894,80.2270584106,37307,37317,10
12.8410396576,80.2273330688,37317,37378,61
12.8407402039,80.2274627686,37378,37408,30
12.8407402039,80.2274627686,37408,37419,11
12.8403701782,80.2275619507,37419,37429,10
12.8402004242,80.2276229858,37429,37439,10
12.8399896622,80.2277069092,37439,37520,81
12.8399896622,80.2277069092,37520,37530,10
12.8395595551,80.2277984619,37530,37540,10
12.8390798569,80.2278823853,37540,37550,10
12.8384599686,80.2280426025,37550,37560,10
12.8377304077,80.2282028198,37560,37570,10
12.8368797302,80.2283325195,37570,37581,11
12.8359003067,80.228477478,37581,37591,10
12.835100174,80.2285995483,37591,37601,10
12.8342895508,80.2287368774,37601,37611,10
12.8334903717,80.2288894653,37611,37621,10
12.8325300217,80.2291030884,37621,37651,30
12.8325300217,80.2291030884,37651,37662,11
12.8324203491,80.2290878296,37662,37672,10
12.8322696686,80.2291030884,37672,37682,10
12.8319797516,80.2291793823,37682,37692,10
12.8315200806,80.2292785645,37692,37702,10
12.8308601379,80.2294921875,37702,37712,10
12.8301696777,80.2297592163,37712,37722,10
12.8294296265,80.2300491333,37722,37733,11
12.8276596069,80.2309799194,37733,37743,10
12.8276596069,80.2309799194,37743,37753,10
12.8267202377,80.2313079834,37753,37763,10
12.8256998062,80.2313995361,37763,37773,10
12.824760437,80.2313766479,37773,37783,10
12.823800087,80.2311325073,37783,37793,10
12.8228397369,80.2308502197,37793,37804,11
12.8218803406,80.2305603027,37804,37815,11
12.8206996918,80.2304611206,37815,37825,10
12.8197898865,80.2304992676,37825,37835,10
12.8189401627,80.2304992676,37835,37846,11
12.8187999725,80.2304382324,37846,37855,9
12.8184995651,80.2302703857,37855,37866,11
12.8178701401,80.2299804688,37866,37876,10
12.8170404434,80.2296218872,37876,37886,10
12.8160800934,80.2294235229,37886,37897,11
12.8149595261,80.2292633057,37897,37907,10
12.8139400482,80.2290725708,37907,37917,10
12.8128900528,80.2287521362,37917,37927,10
12.8118400574,80.2283706665,37927,37937,10
12.8108596802,80.2279815674,37937,37947,10
12.8099403381,80.2276000977,37947,37957,10
12.8090896606,80.227142334,37957,37967,10
12.8083200455,80.2265167236,37967,37978,11
12.8074798584,80.2258224487,37978,37988,10
12.80671978,80.2251586914,37988,37998,10
12.806019783,80.2245407104,37998,38008,10
12.8049097061,80.2240066528,38008,38028,20
12.8049097061,80.2240066528,38028,38038,10
12.8045597076,80.2239227295,38038,38048,10
12.8039197922,80.2238693237,38048,38059,11
12.8029899597,80.223777771,38059,38069,10
12.8019695282,80.2236480713,38069,38079,10
12.8010396957,80.2235794067,38079,38089,10
12.8008804321,80.2235794067,38089,38099,10
12.8003997803,80.2235183716,38099,38109,10
12.7995500565,80.2234802246,38109,38119,10
12.7985401154,80.2233428955,38119,38130,11
12.797369957,80.2231826782,38130,38140,10
12.7958202362,80.2229385376,38140,38160,20
12.7958202362,80.2229385376,38160,38170,10
12.7954597473,80.2228469849,38170,38180,10
12.7947597504,80.2227172852,38180,38190,10
12.7938604355,80.2225570679,38190,38200,10
12.792889595,80.2224502563,38200,38211,11
12.7918195724,80.2222137451,38211,38221,10
12.7909498215,80.2220077515,38221,38231,10
12.7901296616,80.2217788696,38231,38241,10
12.789560318,80.2216186523,38241,38251,10
12.7892303467,80.2214889526,38251,38261,10
12.7887802124,80.221321106,38261,38271,10
12.7882404327,80.2210769653,38271,38292,21
12.7882404327,80.2210769653,38292,38302,10
12.788069725,80.220993042,38302,38312,10
12.7878398895,80.220916748,38312,38322,10
12.7872400284,80.220703125,38322,38352,30
12.7872400284,80.220703125,38352,38362,10
12.7867698669,80.2205276489,38362,38383,21
12.7867698669,80.2205276489,38383,38393,10
12.7862901688,80.2203521729,38393,38413,20
12.7860403061,80.2202377319,38413,38433,20
12.7860403061,80.2202377319,38433,38443,10
12.7858600616,80.2201690674,38443,38454,11
12.7854499817,80.2199783325,38454,38464,10
12.7847003937,80.219619751,38464,38494,30
12.7847003937,80.219619751,38494,38504,10
12.7844400406,80.2194900513,38504,38514,10
12.7839899063,80.2192306519,38514,38524,10
12.7833404541,80.2188720703,38524,38535,11
12.7824802399,80.2183837891,38535,38545,10
12.7816095352,80.2179107666,38545,38555,10
12.7807998657,80.2174606323,38555,38565,10
12.7799596786,80.2170181274,38565,38575,10
12.7790899277,80.2165374756,38575,38585,10
12.7781801224,80.2160797119,38585,38595,10
12.7771997452,80.2156677246,38595,38605,10
12.7761297226,80.2152175903,38605,38616,11
12.7751502991,80.2148208618,38616,38626,10
12.7741203308,80.2144088745,38626,38636,10
12.7731199265,80.2140197754,38636,38646,10
12.772069931,80.2136383057,38646,38656,10
12.7705202103,80.2130966187,38656,38676,20
12.7705202103,80.2130966187,38676,38687,11
12.7701597214,80.2129516602,38687,38697,10
12.7695198059,80.2127075195,38697,38707,10
12.768699646,80.2124099731,38707,38717,10
12.7677698135,80.2120895386,38717,38727,10
12.7668399811,80.2117462158,38727,38737,10
12.7658500671,80.2114028931,38737,38747,10
12.7648096085,80.2110290527,38747,38757,10
12.7637796402,80.210647583,38757,38768,11
12.7626695633,80.2102203369,38768,38778,10
12.7616300583,80.209777832,38778,38788,10
12.7606401443,80.2093200684,38788,38798,10
12.7597904205,80.2088699341,38798,38808,10
12.7595396042,80.2087402344,38808,38818,10
12.75922966,80.2085571289,38818,38828,10
12.7586898804,80.2082672119,38828,38838,10
12.7580003738,80.2078781128,38838,38849,11
12.7571001053,80.2073822021,38849,38859,10
12.7566699982,80.2071533203,38859,38869,10
12.7564201355,80.2070007324,38869,38879,10
12.7558898926,80.206703186,38879,38889,10
12.7551698685,80.2062988281,38889,38899,10
12.7543401718,80.2058563232,38899,38909,10
12.7534704208,80.2053833008,38909,38919,10
12.7525196075,80.2048873901,38919,38930,11
12.7514295578,80.2043228149,38930,39031,101
12.7514295578,80.2043228149,39031,39041,10
12.751250267,80.2042236328,39041,39071,30
12.751250267,80.2042236328,39071,39081,10
12.7510204315,80.2040863037,39081,39092,11
12.7504796982,80.2038192749,39092,39102,10
12.7497797012,80.203453064,39102,39112,10
12.7489204407,80.2030181885,39112,39122,10
12.748049736,80.2025604248,39122,39132,10
12.7471504211,80.2021179199,39132,39142,10
12.7462301254,80.2016372681,39142,39152,10
12.745300293,80.2011795044,39152,39162,10
12.7444496155,80.2005767822,39162,39173,11
12.7436599731,80.1996994019,39173,39183,10
12.7429504395,80.1988601685,39183,39193,10
12.7422704697,80.1980667114,39193,39203,10
12.7417001724,80.1973190308,39203,39213,10
12.741350174,80.1967926025,39213,39223,10
12.7408800125,80.1961364746,39223,39233,10
12.7403297424,80.1953887939,39233,39244,11
12.7397098541,80.1945114136,39244,39254,10
12.7391004562,80.1936798096,39254,39264,10
12.7384595871,80.1928100586,39264,39274,10
12.7377195358,80.1920394897,39274,39284,10
12.736989975,80.1913223267,39284,39294,10
12.7363195419,80.1906433105,39294,39304,10
12.7360401154,80.1903991699,39304,39314,10
12.7358198166,80.1901626587,39314,39324,10
12.735329628,80.189781189,39324,39335,11
12.7344303131,80.1895370483,39335,39345,10
12.7334499359,80.1894683838,39345,39355,10
12.7324399948,80.1893005371,39355,39365,10
12.7317695618,80.1891937256,39365,39375,10
12.7307901382,80.1890792847,39375,39385,10
12.7302503586,80.1890182495,39385,39395,10
12.7299003601,80.1889801025,39395,39406,11
12.72976017,80.1889801025,39406,39416,10
12.7293996811,80.1889724731,39416,39426,10
12.7287502289,80.1888809204,39426,39436,10
12.7280502319,80.1886825562,39436,39446,10
12.727399826,80.1884994507,39446,39456,10
12.7267999649,80.1883621216,39456,39465,9
12.7262001038,80.1882324219,39465,39476,11
12.7257404327,80.1881408691,39476,39608,132
12.7253599167,80.1880493164,39608,39700,92
12.7253599167,80.1880493164,39700,39710,10
12.7249898911,80.1880111694,39710,39721,11
12.7247600555,80.1879806519,39721,39731,10
12.7245397568,80.1879272461,39731,39741,10
12.7242803574,80.1878890991,39741,39751,10
12.7241096497,80.1878433228,39751,39761,10
12.7239198685,80.187789917,39761,39771,10
12.7236995697,80.1876983643,39771,39781,10
12.7233600616,80.1876220703,39781,39791,10
12.7229299545,80.1875228882,39791,39802,11
12.7222995758,80.1874923706,39802,39832,30
12.7222995758,80.1874923706,39832,39842,10
12.7222003937,80.1877670288,39842,39852,10
12.7221002579,80.1879730225,39852,39862,10
12.7220201492,80.1877593994,39862,39883,21
12.7220001221,80.1876373291,39883,41473,1590
12.7221603394,80.1876068115,41473,42091,618
12.7221498489,80.1876373291,42091,42223,132
12.7221298218,80.1876907349,42223,42334,111
12.7221097946,80.1873397827,42334,42374,40
12.7221097946,80.1873397827,42374,42385,11
12.7227096558,80.1874084473,42385,42405,20
12.7227096558,80.1874084473,42405,42415,10
12.7229003906,80.1874694824,42415,42425,10
12.7231798172,80.187538147,42425,42435,10
12.7234601974,80.1875991821,42435,42445,10
12.7237100601,80.1876373291,42445,42455,10
12.724029541,80.1877365112,42455,42496,41
12.7244195938,80.1878585815,42496,42526,30
12.7244195938,80.1878585815,42526,42536,10
12.7248001099,80.1879425049,42536,42557,21
12.7248001099,80.1879425049,42557,42567,10
12.7249898911,80.1879806519,42567,42577,10
12.7252902985,80.18800354,42577,42638,61
12.7252902985,80.18800354,42638,42647,9
12.7256698608,80.1881103516,42647,42688,41
12.7256698608,80.1881103516,42688,42699,11
12.7261199951,80.1882019043,42699,42709,10
12.7265100479,80.1882705688,42709,42719,10
12.7272195816,80.1884231567,42719,42729,10
12.7281398773,80.188659668,42729,42739,10
12.7296600342,80.1889419556,42739,42759,20
12.7296600342,80.1889419556,42759,42769,10
12.7299604416,80.1889724731,42769,42780,11
12.730509758,80.1890563965,42780,42790,10
12.731180191,80.1891326904,42790,42800,10
12.7319898605,80.189239502,42800,42810,10
12.7328100204,80.1893615723,42810,42820,10
12.733880043,80.189453125,42820,42830,10
12.7351999283,80.1896820068,42830,42840,10
12.7363004684,80.1905288696,42840,42850,10
12.7374000549,80.1916275024,42850,42861,11
12.7387695313,80.1930923462,42861,42871,10
12.7399396896,80.1947097778,42871,42881,10
12.7411203384,80.1963195801,42881,42891,10
12.7419700623,80.1975097656,42891,42901,10
12.7421798706,80.1977920532,42901,42911,10
12.7427396774,80.1984786987,42911,42921,10
12.7435798645,80.19947052,42921,42931,10
12.744310379,80.2002716064,42931,42942,11
12.7446403503,80.2005996704,42942,42952,10
12.7454795837,80.2011566162,42952,42962,10
12.7467098236,80.201789856,42962,42972,10
12.7482004166,80.2025604248,42972,42982,10
12.7498197556,80.2033996582,42982,42992,10
12.7511100769,80.2040405273,42992,43002,10
12.7512798309,80.2041320801,43002,43012,10
12.7515802383,80.2042922974,43012,43023,11
12.7524404526,80.2047424316,43023,43033,10
12.7535896301,80.2053604126,43033,43043,10
12.754650116,80.2059326172,43043,43053,10
12.7564601898,80.2069396973,43053,43063,10
12.7581396103,80.2078399658,43063,43073,10
12.7598800659,80.2087936401,43073,43083,10
12.7616701126,80.2097320557,43083,43093,10
12.7634496689,80.2104415894,43093,43104,11
12.7653102875,80.2111282349,43104,43114,10
12.7670097351,80.2117767334,43114,43124,10
12.7687902451,80.2124176025,43124,43134,10
12.7705202103,80.2130432129,43134,43144,10
12.7720403671,80.2135772705,43144,43154,10
12.7736797333,80.2142028809,43154,43164,10
12.7754297256,80.2148971558,43164,43175,11
12.7773303986,80.2156677246,43175,43185,10
12.7791204453,80.216506958,43185,43195,10
12.7808904648,80.2174606323,43195,43205,10
12.7826404572,80.218421936,43205,43215,10
12.784119606,80.2192611694,43215,43225,10
12.7853298187,80.2198867798,43225,43235,10
12.7861003876,80.2202224731,43235,43245,10
12.786529541,80.2204437256,43245,43266,21
12.786529541,80.2204437256,43266,43276,10
12.7866601944,80.2205429077,43276,43286,10
12.787150383,80.2206878662,43286,43296,10
12.7880001068,80.2209625244,43296,43306,10
12.7890901566,80.221321106,43306,43316,10
12.7899198532,80.2216796875,43316,43326,10
12.7909698486,80.2219467163,43326,43337,11
12.7924404144,80.2223205566,43337,43347,10
12.7939796448,80.2225570679,43347,43357,10
12.7957000732,80.2228469849,43357,43367,10
12.7964897156,80.2229690552,43367,43377,10
12.7965898514,80.2230072021,43377,43387,10
12.7970695496,80.2230911255,43387,43397,10
12.7979698181,80.2232513428,43397,43407,10
12.7991304398,80.2233734131,43407,43418,11
12.8006801605,80.2235031128,43418,43428,10
12.8014602661,80.2235794067,43428,43438,10
12.8016195297,80.2236175537,43438,43448,10
12.8023195267,80.2237014771,43448,43458,10
12.8033399582,80.2238311768,43458,43468,10
12.8044395447,80.2239074707,43468,43478,10
12.8053197861,80.2240524292,43478,43488,10
12.8055801392,80.2241363525,43488,43499,11
12.8057699203,80.2242202759,43499,43509,10
12.8063201904,80.2246322632,43509,43519,10
12.8071804047,80.2253723145,43519,43529,10
12.8082895279,80.2263565063,43529,43539,10
12.8095998764,80.2273788452,43539,43549,10
12.8112001419,80.2280807495,43549,43559,10
12.8130102158,80.2287521362,43559,43569,10
12.8148498535,80.2292404175,43569,43580,11
12.8170003891,80.229598999,43580,43590,10
12.8186903,80.2303237915,43590,43600,10
12.819729805,80.230430603,43600,43610,10
12.8199195862,80.2304229736,43610,43620,10
12.8206195831,80.230430603,43620,43630,10
12.8217601776,80.2304992676,43630,43640,10
12.8231601715,80.2309036255,43640,43651,11
12.8248996735,80.2313308716,43651,43661,10
12.8266000748,80.2312774658,43661,43671,10
12.8276195526,80.2309112549,43671,43681,10
12.8277797699,80.2308273315,43681,43691,10
12.8284196854,80.2304611206,43691,43701,10
12.8294296265,80.2299804688,43701,43711,10
12.8306598663,80.2295074463,43711,43721,10
12.8310699463,80.2293395996,43721,43732,11
12.8311595917,80.2293167114,43732,43742,10
12.8316202164,80.2291717529,43742,43762,20
12.8316202164,80.2291717529,43762,43772,10
12.8317604065,80.2291412354,43772,43782,10
12.8323297501,80.2290267944,43782,43792,10
12.8333597183,80.228843689,43792,43802,10
12.8347301483,80.2286071777,43802,43813,11
12.836520195,80.2283401489,43813,43823,10
12.838259697,80.2280502319,43823,43833,10
12.8391704559,80.2277603149,43833,43843,10
12.8396596909,80.2275695801,43843,43853,10
12.8401699066,80.2275009155,43853,43863,10
12.8410997391,80.2272567749,43863,43873,10
12.8423595428,80.2269592285,43873,43883,10
12.8437404633,80.2267227173,43883,43894,11
12.8454504013,80.2265625,43894,43924,30
12.8454504013,80.2265625,43924,43934,10
12.8456201553,80.2265701294,43934,43944,10
12.846280098,80.2265625,43944,43954,10
12.8472900391,80.2265625,43954,43964,10
12.8485403061,80.2265472412,43964,43975,11
12.8501501083,80.2265396118,43975,43985,10
12.8518600464,80.2266082764,43985,43995,10
12.8537597656,80.226600647,43995,44005,10
12.8557395935,80.2264022827,44005,44015,10
12.8574399948,80.2262191772,44015,44025,10
12.8585500717,80.2262115479,44025,44035,10
12.8596601486,80.226348877,44035,44045,10
12.8606996536,80.2264785767,44045,44056,11
12.8609600067,80.2264862061,44056,44066,10
12.861579895,80.2265014648,44066,44076,10
12.8626203537,80.2264709473,44076,44086,10
12.8639202118,80.2264709473,44086,44096,10
12.865530014,80.2265167236,44096,44106,10
12.8673200607,80.2264022827,44106,44116,10
12.8691196442,80.2263793945,44116,44126,10
12.8711204529,80.226600647,44126,44137,11
12.8728504181,80.2266082764,44137,44157,20
12.8728504181,80.2266082764,44157,44167,10
12.8732204437,80.2266387939,44167,44177,10
12.8738899231,80.2266769409,44177,44187,10
12.8748197556,80.2267990112,44187,44197,10
12.8759403229,80.2269134521,44197,44208,11
12.8767004013,80.2268829346,44208,44218,10
12.8768701553,80.2268600464,44218,44228,10
12.8771495819,80.2268371582,44228,44238,10
12.877790451,80.2267913818,44238,44248,10
12.8787202835,80.2267227173,44248,44258,10
12.8798503876,80.2266921997,44258,44268,10
12.8811397552,80.2266769409,44268,44278,10
12.882519722,80.2266769409,44278,44289,11
12.883939743,80.2266616821,44289,44299,10
12.8849496841,80.2266311646,44299,44309,10
12.8851699829,80.2266387939,44309,44319,10
12.8854398727,80.2266769409,44319,44329,10
12.886179924,80.2268829346,44329,44339,10
12.8872900009,80.2271499634,44339,44349,10
12.8886804581,80.2273025513,44349,44359,10
12.8903102875,80.2273178101,44359,44370,11
12.8919000626,80.2273406982,44370,44380,10
12.8926000595,80.2273788452,44380,44390,10
12.8933601379,80.2274780273,44390,44400,10
12.8943796158,80.2275924683,44400,44410,10
12.8955898285,80.2276382446,44410,44420,10
12.8968000412,80.2276687622,44420,44430,10
12.8978099823,80.2277374268,44430,44440,10
12.898639679,80.2277832031,44440,44451,11
12.899479866,80.2278518677,44451,44461,10
12.9002103806,80.2278823853,44461,44471,10
12.9008197784,80.227897644,44471,44481,10
12.9012699127,80.2279129028,44481,44491,10
12.9017400742,80.2279205322,44491,44501,10
12.9023103714,80.2279510498,44501,44521,20
12.9023103714,80.2279510498,44521,44532,11
12.9026203156,80.2279815674,44532,44542,10
12.9029798508,80.2279891968,44542,44552,10
12.9032402039,80.2280197144,44552,44562,10
12.9040403366,80.2280807495,44562,44572,10
12.9049196243,80.2281417847,44572,44582,10
12.9052000046,80.2281570435,44582,44592,10
12.9052801132,80.2281570435,44592,44602,10
12.9055204391,80.2282028198,44602,44613,11
12.9059200287,80.2282180786,44613,44623,10
12.9061203003,80.2282409668,44623,44663,40
12.9061203003,80.2282409668,44663,44673,10
12.9063997269,80.2282028198,44673,44684,11
12.906539917,80.2282104492,44684,44694,10
12.906920433,80.2282562256,44694,44704,10
12.9077796936,80.2284011841,44704,44714,10
12.9088802338,80.2285385132,44714,44724,10
12.9100103378,80.2287597656,44724,44734,10
12.9113998413,80.2289505005,44734,44744,10
12.9128398895,80.2291564941,44744,44754,10
12.9138097763,80.2292785645,44754,44765,11
12.914059639,80.229309082,44765,44775,10
12.9145803452,80.2293777466,44775,44785,10
12.9155597687,80.2295303345,44785,44795,10
12.9168395996,80.2297134399,44795,44805,10
12.9182195663,80.2299194336,44805,44815,10
12.9196300507,80.2301025391,44815,44825,10
12.9211797714,80.2302932739,44825,44835,10
12.922659874,80.2304992676,44835,44846,11
12.9243097305,80.2307281494,44846,44856,10
12.9256401062,80.2308883667,44856,44866,10
12.9264497757,80.231010437,44866,44876,10
12.9273004532,80.2311019897,44876,44886,10
12.9285001755,80.2312393188,44886,44896,10
12.9294996262,80.2314300537,44896,44906,10
12.9302597046,80.2316207886,44906,44916,10
12.9312801361,80.2319412231,44916,44927,11
12.9326896667,80.2323913574,44927,44937,10
12.9335803986,80.2327728271,44937,44947,10
12.9338598251,80.2328491211,44947,44957,10
12.9341201782,80.2329788208,44957,44967,10
12.934920311,80.2333602905,44967,44977,10
12.9357500076,80.233757019,44977,44987,10
12.9366798401,80.2341766357,44987,44997,10
12.9377403259,80.234703064,44997,45010,13
12.9389801025,80.2352828979,45010,45020,10
12.9397497177,80.2356567383,45020,45030,10
12.9398803711,80.2357177734,45030,45040,10
12.9405498505,80.2359695435,45040,45051,11
12.9416503906,80.2362594604,45051,45060,9
12.9428195953,80.2366485596,45060,45071,11
12.9436798096,80.2373809814,45071,45082,11
12.944899559,80.2387237549,45082,45092,10
12.9461297989,80.2395172119,45092,45102,10
12.94713974,80.2399368286,45102,45112,10
12.9472799301,80.2399978638,45112,45122,10
12.9475498199,80.2401199341,45122,45132,10
12.9483203888,80.2404403687,45132,45142,10
12.9493398666,80.240852356,45142,45152,10
12.9503898621,80.2411880493,45152,45163,11
12.9511203766,80.2414093018,45163,45173,10
12.9512701035,80.2414474487,45173,45183,10
12.9518098831,80.2416534424,45183,45193,10
12.9527301788,80.2419815063,45193,45203,10
12.9537496567,80.2423782349,45203,45213,10
12.9544801712,80.2426605225,45213,45223,10
12.9552497864,80.2429504395,45223,45233,10
12.9563302994,80.2433319092,45233,45254,21
12.9563302994,80.2433319092,45254,45264,10
12.9568004608,80.243522644,45264,45274,10
12.9576501846,80.2439575195,45274,45284,10
12.9584598541,80.2443008423,45284,45294,10
12.9590702057,80.2445373535,45294,45304,10
12.9593400955,80.2446899414,45304,45314,10
12.9600696564,80.2450485229,45314,45325,11
12.9612398148,80.2455673218,45325,45335,10
12.9625797272,80.2462387085,45335,45345,10
12.9639701843,80.2469329834,45345,45355,10
12.9653596878,80.2473983765,45355,45365,10
12.9664201736,80.2478027344,45365,45375,10
12.966919899,80.248008728,45375,45385,10
12.9669799805,80.248046875,45385,45395,10
12.9671897888,80.2481536865,45395,45406,11
12.9679899216,80.2484893799,45406,45416,10
12.9689903259,80.248878479,45416,45426,10
12.9699602127,80.2492523193,45426,45436,10
12.9711103439,80.2496414185,45436,45446,10
12.9722700119,80.2499389648,45446,45456,10
12.9735298157,80.2502975464,45456,45466,10
12.9748401642,80.2506637573,45466,45476,10
12.9760103226,80.2510070801,45476,45487,11
12.9771404266,80.2513427734,45487,45497,10
12.9780597687,80.251991272,45497,45507,10
12.9785900116,80.2523498535,45507,45517,10
12.9785995483,80.2523574829,45517,45527,10
12.9786701202,80.2524414063,45527,45537,10
12.9792203903,80.2526016235,45537,45547,10
12.9798698425,80.2526626587,45547,45558,11
12.9806995392,80.2526779175,45558,45568,10
12.9817304611,80.2526626587,45568,45578,10
12.9829702377,80.2525863647,45578,45588,10
12.9841804504,80.2523269653,45588,45598,10
12.9853000641,80.2520294189,45598,45608,10
12.9861097336,80.2518081665,45608,45618,10
12.9866304398,80.2516784668,45618,45659,41
12.9866304398,80.2516784668,45659,45669,10
12.9867296219,80.2516174316,45669,45679,10
12.9871301651,80.2514801025,45679,45689,10
12.9875402451,80.2513427734,45689,45699,10
12.988240242,80.2511978149,45699,45709,10
12.9892702103,80.2509231567,45709,45720,11
12.9895896912,80.2508621216,45720,45730,10
12.9898796082,80.2508163452,45730,45740,10
12.9905500412,80.2506637573,45740,45750,10
12.9916696548,80.2503662109,45750,45760,10
12.9926996231,80.2501068115,45760,45770,10
12.993689537,80.2498474121,45770,45780,10
12.9954500198,80.2493972778,45780,45790,10
12.996919632,80.2490615845,45790,45801,11
12.9976596832,80.248840332,45801,45811,10
12.9978399277,80.2488021851,45811,45821,10
12.9985303879,80.2486190796,45821,45831,10
12.9996700287,80.248336792,45831,45841,10
13.0010004044,80.2480010986,45841,45851,10
13.0020999908,80.2477264404,45851,45861,10
13.0031003952,80.2475280762,45861,45871,10
13.0044603348,80.2473602295,45871,45882,11
13.0056295395,80.2471618652,45882,45892,10
13.0063495636,80.2467422485,45892,45902,10
13.0065002441,80.2464599609,45902,45912,10
13.0065603256,80.2462615967,45912,45922,10
13.0066099167,80.2455825806,45922,45932,10
13.0066204071,80.2448196411,45932,45942,10
13.0066003799,80.2442779541,45942,45952,10
13.0065803528,80.2437133789,45952,45963,11
13.0065603256,80.2428894043,45963,45973,10
13.0065803528,80.2418518066,45973,45983,10
13.0066099167,80.2409896851,45983,45993,10
13.0066699982,80.2404708862,45993,46003,10
13.006819725,80.2397079468,46003,46013,10
13.0069799423,80.238899231,46013,46023,10
13.0072803497,80.2375564575,46023,46033,10
13.0073900223,80.2369537354,46033,46044,11
13.0074501038,80.2367019653,46044,46054,10
13.0075998306,80.2359924316,46054,46064,10
13.007809639,80.2349472046,46064,46074,10
13.0080795288,80.2336196899,46074,46084,10
13.0083799362,80.232170105,46084,46094,10
13.0086097717,80.2308807373,46094,46104,10
13.0087900162,80.2297973633,46104,46115,11
13.0090999603,80.2284393311,46115,46125,10
13.0094900131,80.2274017334,46125,46135,10
13.009929657,80.2264709473,46135,46145,10
13.0103302002,80.2256393433,46145,46155,10
13.0105600357,80.225151062,46155,46165,10
13.0107603073,80.2247390747,46165,46175,10
13.0112400055,80.2235870361,46175,46206,31
13.0112400055,80.2235870361,46206,46216,10
13.0112895966,80.2231826782,46216,46226,10
13.0115404129,80.2226867676,46226,46236,10
13.0118398666,80.2217330933,46236,46246,10
13.0122003555,80.2214431763,46246,46256,10
13.0123901367,80.2218933105,46256,46266,10
13.0131702423,80.2227172852,46266,46277,11
13.0139198303,80.2234725952,46277,46287,10
13.0141000748,80.2236404419,46287,46297,10
13.0147399902,80.2242736816,46297,46307,10
13.0149202347,80.2244491577,46307,46317,10
13.0155897141,80.2250518799,46317,46347,30
13.0155897141,80.2250518799,46347,46358,11
13.0160102844,80.2253265381,46358,46368,10
13.016960144,80.225151062,46368,46378,10
13.0181503296,80.2246170044,46378,46388,10
13.0191297531,80.2243881226,46388,46398,10
13.0197095871,80.2245025635,46398,46408,10
13.0201101303,80.2248001099,46408,46418,10
13.0206604004,80.2251815796,46418,46428,10
13.0212898254,80.2256393433,46428,46439,11
13.0220603943,80.2262496948,46439,46449,10
13.0224599838,80.2265930176,46449,46489,40
13.0224599838,80.2265930176,46489,46499,10
13.0228204727,80.2269210815,46499,46509,10
13.0234203339,80.2274780273,46509,46520,11
13.0240097046,80.2280426025,46520,46530,10
13.024189949,80.2282409668,46530,46540,10
13.0244102478,80.228477478,46540,46550,10
13.0247602463,80.2290267944,46550,46560,10
13.0253000259,80.2297821045,46560,46570,10
13.0258798599,80.2308731079,46570,46611,41
13.0258798599,80.2308731079,46611,46621,10
13.0258998871,80.23097229,46621,46631,10
13.02602005,80.2313537598,46631,46641,10
13.0261602402,80.2318878174,46641,46651,10
13.02643013,80.2326583862,46651,46661,10
13.0268001556,80.2333602905,46661,46672,11
13.0273103714,80.2342605591,46672,46682,10
13.0277996063,80.2351379395,46682,46692,10
13.0283403397,80.2358627319,46692,46702,10
13.0290002823,80.2365875244,46702,46712,10
13.0294704437,80.2370605469,46712,46722,10
13.0298700333,80.2375411987,46722,46732,10
13.0299901962,80.23777771,46732,46742,10
13.0303497314,80.2384185791,46742,46753,11
13.0308799744,80.2393035889,46753,46763,10
13.0311002731,80.2396469116,46763,46813,50
13.0311002731,80.2396469116,46813,46823,10
13.0312900543,80.240020752,46823,46834,11
13.031419754,80.2406997681,46834,46844,10
13.0317296982,80.2413635254,46844,46854,10
13.0320997238,80.2420883179,46854,46864,10
13.0326900482,80.2428131104,46864,46874,10
13.0333595276,80.243637085,46874,46884,10
13.0341596603,80.2448196411,46884,46894,10
13.0348100662,80.2456283569,46894,46904,10
13.0358600616,80.2462234497,46904,46935,31
13.0358600616,80.2462234497,46935,46945,10
13.0360898972,80.2462387085,46945,46955,10
13.0368995667,80.2464370728,46955,46965,10
13.0375204086,80.246383667,46965,46975,10
13.0382404327,80.2465667725,46975,46985,10
13.0388402939,80.2467803955,46985,46996,11
13.0395402908,80.2469787598,46996,47006,10
13.0403299332,80.2471389771,47006,47016,10
13.0412302017,80.2473297119,47016,47026,10
13.0419597626,80.2474899292,47026,47036,10
13.0425195694,80.2476806641,47036,47046,10
13.0431604385,80.2479705811,47046,47056,10
13.0438804626,80.2479324341,47056,47066,10
13.0446100235,80.2479782104,47066,47077,11
13.0452299118,80.2482376099,47077,47087,10
13.045999527,80.2485275269,47087,47097,10
13.0467100143,80.2484664917,47097,47107,10
13.046959877,80.2484588623,47107,47117,10
13.0470399857,80.2484970093,47117,47127,10
13.0474596024,80.2487716675,47127,47137,10
13.0479202271,80.249206543,47137,47148,11
13.0483198166,80.2495269775,47148,47158,10
13.0490598679,80.24974823,47158,47168,10
13.0499200821,80.2499389648,47168,47178,10
13.0509300232,80.2501525879,47178,47188,10
13.0516500473,80.2503967285,47188,47198,10
13.0523395538,80.251083374,47198,47208,10
13.0530395508,80.2520065308,47208,47218,10
13.053560257,80.2526931763,47218,47229,11
13.0539398193,80.2531814575,47229,47239,10
13.0540599823,80.2533569336,47239,47249,10
13.0542097092,80.253578186,47249,47259,10
13.0543403625,80.2537536621,47259,47269,10
13.054479599,80.2539291382,47269,47279,10
13.0545501709,80.2540206909,47279,47289,10
13.0546703339,80.2542114258,47289,47299,10
13.0549097061,80.2544784546,47299,47310,11
13.0552196503,80.2548828125,47310,47320,10
13.0554304123,80.2552032471,47320,47330,10
13.0555801392,80.2554016113,47330,47340,10
13.0557098389,80.2555618286,47340,47350,10
13.0558099747,80.2556991577,47350,47360,10
13.0560102463,80.2558898926,47360,47370,10
13.0562095642,80.2561798096,47370,47380,10
13.0564899445,80.2565231323,47380,47391,11
13.0572395325,80.257270813,47391,47401,10
13.0576400757,80.2576599121,47401,47411,10
13.0578403473,80.2577972412,47411,47421,10
13.0583896637,80.2584915161,47421,47431,10
13.0590496063,80.2593231201,47431,47441,10
13.059419632,80.2599334717,47441,47451,10
13.0600099564,80.2604370117,47451,47461,10
13.0604000092,80.260848999,47461,47472,11
13.0607404709,80.2612533569,47472,47482,10
13.0607500076,80.2612762451,47482,47492,10
13.060839653,80.261428833,47492,47502,10
13.0611696243,80.2618637085,47502,47512,10
13.0615901947,80.2623214722,47512,47522,10
13.0620603561,80.2629318237,47522,47532,10
13.0625896454,80.2636566162,47532,47542,10
13.0632095337,80.2644119263,47542,47553,11
13.0636196136,80.2650299072,47553,47563,10
13.0637397766,80.2652282715,47563,47573,10
13.0637798309,80.2652816772,47573,47583,10
13.0639095306,80.2654495239,47583,47593,10
13.0640802383,80.265663147,47593,47603,10
13.0641002655,80.2656936646,47603,47613,10
13.0642404556,80.2658615112,47613,47624,11
13.0643997192,80.2660598755,47624,47634,10
13.064450264,80.2660980225,47634,47644,10
13.0645503998,80.2662277222,47644,47654,10
13.064740181,80.2664871216,47654,47664,10
13.0648403168,80.2666168213,47664,47674,10
13.0651102066,80.2668762207,47674,47684,10
13.0655097961,80.2671890259,47684,47694,10
13.0657300949,80.2674713135,47694,47705,11
13.0659399033,80.2677764893,47705,47715,10
13.0664196014,80.2682876587,47715,47725,10
13.0665597916,80.2683410645,47725,47735,10
13.0667295456,80.268409729,47735,47745,10
13.0669898987,80.2686233521,47745,47755,10
13.0676002502,80.2690124512,47755,47765,10
13.0680799484,80.2693481445,47765,47775,10
13.0680799484,80.269821167,47775,47786,11
13.0680398941,80.2705764771,47786,47796,10
13.0680198669,80.2710723877,47796,47806,10
13.0681800842,80.2715072632,47806,47816,10
13.0688199997,80.2719268799,47816,47826,10
13.0694904327,80.2724075317,47826,47836,10
13.0700397491,80.2730178833,47836,47846,10
13.070400238,80.2734680176,47846,47856,10
13.0707302094,80.2739334106,47856,47867,11
13.071149826,80.2741012573,47867,47877,10
13.0714101791,80.2741928101,47877,47907,30
13.0714101791,80.2741928101,47907,47917,10
13.0717496872,80.2743225098,47917,47927,10
13.0722703934,80.2748336792,47927,47937,10
13.0728597641,80.2754898071,47937,47948,11
13.073559761,80.276222229,47948,47958,10
13.0742397308,80.2763137817,47958,47968,10
13.0750999451,80.2763137817,47968,47978,10
13.0757703781,80.2762832642,47978,47988,10
13.076379776,80.276260376,47988,47998,10
13.0773696899,80.2761993408,47998,48008,10
13.0781698227,80.2758789063,48008,48018,10
13.0785999298,80.2751617432,48018,48029,11
13.079580307,80.2752609253,48029,48039,10
13.0807199478,80.2751998901,48039,48049,10
13.0813798904,80.275100708,48049,48099,50
13.0813798904,80.275100708,48099,48110,11
13.0817499161,80.2752304077,48110,48120,10
13.0819997787,80.2756729126,48120,48191,71
13.0819997787,80.2756729126,48191,48201,10
13.0818595886,80.275932312,48201,48211,10
13.0817899704,80.2764663696,48211,48221,10
13.0819396973,80.2776565552,48221,48231,10
13.0820999146,80.2783432007,48231,48241,10
13.0819196701,80.2782363892,48241,48251,10
13.0818500519,80.2773666382,48251,48262,11
13.081700325,80.2762374878,48262,48272,10
13.0816602707,80.2760009766,48272,48282,10
13.0816402435,80.2759170532,48282,48292,10
13.0816402435,80.2757797241,48292,48302,10
13.081580162,80.2754592896,48302,48312,10
13.0815000534,80.2752685547,48312,48322,10
13.0811300278,80.275177002,48322,48332,10
13.0803499222,80.2752990723,48332,48343,11
13.0795001984,80.2753295898,48343,48353,10
13.0787200928,80.275177002,48353,48363,10
13.078209877,80.2758331299,48363,48373,10
13.077630043,80.2762298584,48373,48383,10
13.0768003464,80.2762832642,48383,48393,10
13.0761995316,80.2763290405,48393,48403,10
13.0760498047,80.2763366699,48403,48413,10
13.0758800507,80.2761535645,48413,48424,11
13.0759601593,80.2757568359,48424,48434,10
13.075920105,80.2753829956,48434,48444,10
13.0760402679,80.2748413086,48444,48839,395
13.0760402679,80.2748413086,48839,48849,10
13.0758495331,80.2748794556,48849,48859,10
13.0758495331,80.2751693726,48859,48869,10
13.0759496689,80.2756271362,48869,48879,10
13.0762500763,80.2757034302,48879,49163,284
13.0762500763,80.2757034302,49163,49173,10
13.0761995316,80.2755966187,49173,49183,10
13.0760402679,80.2752532959,49183,49193,10
13.0759296417,80.2749633789,49193,49204,11
13.0758304596,80.2748184204,49204,49214,10
13.0754499435,80.2748718262,49214,49224,10
13.0752296448,80.2749710083,49224,49234,10
13.0750303268,80.2754592896,49234,49386,152
13.0749502182,80.2755432129,49386,49740,354
13.0749502182,80.2755432129,49740,49750,10
13.0751399994,80.275138855,49750,49761,11
13.0752801895,80.2750396729,49761,49771,10
13.0755195618,80.2749176025,49771,49781,10
13.0758600235,80.2749633789,49781,49791,10
13.075920105,80.2753829956,49791,49801,10
13.076089859,80.2756881714,49801,49811,10
13.0758800507,80.2757415771,49811,49902,91
13.0758199692,80.2755813599,49902,50044,142
13.0758199692,80.2755813599,50044,50054,10
13.0759801865,80.2754821777,50054,50064,10
13.0760097504,80.2757263184,50064,50075,11
13.0759000778,80.2760009766,50075,50085,10
13.0760698318,80.2761764526,50085,50095,10
13.0765895844,80.2762069702,50095,50105,10
13.0771999359,80.2761764526,50105,50115,10
13.0779304504,80.2761306763,50115,50125,10
13.0782699585,80.2755126953,50125,50135,10
13.0789003372,80.2751312256,50135,50146,11
13.0798597336,80.2752914429,50146,50156,10
13.0808696747,80.2751998901,50156,50166,10
13.0814199448,80.2751235962,50166,50216,50
13.0814199448,80.2751235962,50216,50227,11
13.081609726,80.2751083374,50227,50237,10
13.0817604065,80.2751693726,50237,50247,10
13.0817804337,80.275177002,50247,50257,10
13.0819396973,80.2752990723,50257,50267,10
13.0820198059,80.2756729126,50267,50490,223
13.0819196701,80.2759017944,50490,50662,172
13.0819196701,80.2759017944,50662,50672,10
13.0819597244,80.2759170532,50672,50682,10
13.0818395615,80.2760772705,50682,50692,10
13.0818595886,80.2763977051,50692,50703,11
13.0819597244,80.2777633667,50703,50747,44
13.0819597244,80.2777633667,50747,50761,14
13.0824203491,80.2785568237,50761,50802,41
13.0824203491,80.2785568237,50802,50812,10
13.0823202133,80.278503418,50812,50822,10
13.0819597244,80.2782592773,50822,50832,10
13.081870079,80.2776565552,50832,50842,10
13.0817604065,80.2767715454,50842,50852,10
13.0817403793,80.2763977051,50852,50863,11
13.0816402435,80.2760162354,50863,50873,10
13.081609726,80.2758102417,50873,50883,10
13.0815601349,80.2755889893,50883,50903,20
13.0815601349,80.2755889893,50903,50913,10
13.0815200806,80.2753601074,50913,50923,10
13.081489563,80.2753067017,50923,50934,11
13.0813703537,80.2751617432,50934,50944,10
13.0808696747,80.2752227783,50944,50954,10
13.0801801682,80.2752990723,50954,50964,10
13.0794801712,80.2752914429,50964,50974,10
13.0786399841,80.275177002,50974,50984,10
13.0781698227,80.275932312,50984,50994,10
13.0774497986,80.276222229,50994,51004,10
13.0765600204,80.2762832642,51004,51015,11
13.0758104324,80.2763214111,51015,51025,10
13.0749998093,80.2763519287,51025,51035,10
13.0740003586,80.2763900757,51035,51045,10
13.0734195709,80.2762832642,51045,51055,10
13.072810173,80.2755966187,51055,51065,10
13.0720596313,80.2748184204,51065,51075,10
13.0711603165,80.2744369507,51075,51096,21
13.0711603165,80.2744369507,51096,51106,10
13.0710496902,80.2742919922,51106,51116,10
13.0705404282,80.2738189697,51116,51126,10
13.0701704025,80.2732620239,51126,51136,10
13.0698099136,80.272819519,51136,51146,10
13.0693597794,80.2723083496,51146,51156,10
13.0690202713,80.2720031738,51156,51197,41
13.0690202713,80.2720031738,51197,51207,10
13.0687503815,80.2718887329,51207,51217,10
13.068400383,80.2717590332,51217,51227,10
13.0681200027,80.2714614868,51227,51237,10
13.0678501129,80.2710113525,51237,51247,10
13.0674295425,80.2705078125,51247,51258,11
13.0666599274,80.2696609497,51258,51268,10
13.0664596558,80.2688674927,51268,51278,10
13.0663299561,80.2683486938,51278,51288,10
13.0659999847,80.2679214478,51288,51298,10
13.0656700134,80.2676391602,51298,51308,10
13.0655298233,80.2675933838,51308,51318,10
13.0655002594,80.267578125,51318,51328,10
13.0651197433,80.267539978,51328,51339,11
13.0644102097,80.2673721313,51339,51349,10
13.063949585,80.2673034668,51349,51359,10
13.0633602142,80.2672195435,51359,51369,10
13.0627298355,80.2670822144,51369,51379,10
13.0623197556,80.2666091919,51379,51389,10
13.0618400574,80.2660217285,51389,51399,10
13.0614595413,80.2655105591,51399,51410,11
13.0609102249,80.2651367188,51410,51420,10
13.060500145,80.2653808594,51420,51430,10
13.0603599548,80.2654571533,51430,51440,10
13.0600004196,80.2655715942,51440,51450,10
13.0593996048,80.2655410767,51450,51460,10
13.0587396622,80.265411377,51460,51470,10
13.0582399368,80.2652282715,51470,51480,10
13.0580301285,80.2646179199,51480,51491,11
13.0579395294,80.2637329102,51491,51501,10
13.0578804016,80.2629165649,51501,51511,10
13.057800293,80.2624206543,51511,51521,10
13.0576896667,80.2619171143,51521,51531,10
13.0575895309,80.261428833,51531,51541,10
13.0574798584,80.2610321045,51541,51551,10
13.0572595596,80.2602386475,51551,51561,10
13.0570201874,80.2593765259,51561,51572,11
13.0567502975,80.2585525513,51572,51582,10
13.0566396713,80.2579803467,51582,51592,10
13.0565795898,80.2576370239,51592,51602,10
13.0564804077,80.25730896,51602,51612,10
13.056429863,80.2571411133,51612,51622,10
13.0562801361,80.2565002441,51622,51632,10
13.0558700562,80.2557983398,51632,51642,10
13.0553197861,80.2550430298,51642,51653,11
13.0547199249,80.2542037964,51653,51663,10
13.0542697906,80.2535629272,51663,51673,10
13.0539102554,80.2530593872,51673,51683,10
13.0536899567,80.2527313232,51683,51693,10
13.0533399582,80.2522583008,51693,51703,10
13.0527896881,80.2515563965,51703,51713,10
13.0523395538,80.2509536743,51713,51723,10
13.0518302917,80.2504119873,51723,51734,11
13.0509901047,80.2500228882,51734,51744,10
13.0503702164,80.2498931885,51744,51754,10
13.0496397018,80.2497634888,51754,51764,10
13.048789978,80.2496490479,51764,51774,10
13.0481300354,80.2493515015,51774,51784,10
13.0474796295,80.2487792969,51784,51794,10
13.0470104218,80.2485198975,51794,51815,21
13.0470104218,80.2485198975,51815,51825,10
13.0465497971,80.2484130859,51825,51835,10
13.0457601547,80.248260498,51835,51845,10
13.0452804565,80.2480697632,51845,51855,10
13.0447597504,80.2479705811,51855,51865,10
13.0438899994,80.2478179932,51865,51875,10
13.0433998108,80.2477416992,51875,51885,10
13.042840004,80.2476882935,51885,51896,11
13.042140007,80.2475204468,51896,51906,10
13.041390419,80.2473526001,51906,51916,10
13.0405197144,80.2471618652,51916,51926,10
13.0394697189,80.2469711304,51926,51936,10
13.0388002396,80.2467727661,51936,51946,10
13.0382900238,80.2466506958,51946,51956,10
13.0379199982,80.2466201782,51956,51967,11
13.0372896194,80.2465209961,51967,51977,10
13.036740303,80.246421814,51977,51987,10
13.0363798141,80.2463531494,51987,51997,10
13.0361003876,80.2462615967,51997,52007,10
13.0352401733,80.2459335327,52007,52027,20
13.0352401733,80.2459335327,52027,52037,10
13.0351400375,80.24584198,52037,52048,11
13.0347795486,80.2455825806,52048,52058,10
13.0344800949,80.2451171875,52058,52068,10
13.0339298248,80.2444915771,52068,52078,10
13.0333404541,80.2437896729,52078,52088,10
13.0326795578,80.2429733276,52088,52098,10
13.0321102142,80.2422027588,52098,52108,10
13.0317602158,80.2415618896,52108,52118,10
13.0314598083,80.2409362793,52118,52129,11
13.0311403275,80.2401199341,52129,52199,70
13.0311403275,80.2401199341,52199,52210,11
13.0311002731,80.2399673462,52210,52220,10
13.0308303833,80.2394104004,52220,52230,10
13.0303201675,80.2385025024,52230,52242,12
13.029709816,80.2374572754,52242,52252,10
13.029129982,80.2368087769,52252,52263,11
13.0289897919,80.2366485596,52263,52273,10
13.0284004211,80.2359695435,52273,52283,10
13.0277204514,80.2350234985,52283,52294,11
13.0269804001,80.2337799072,52294,52304,10
13.0264196396,80.2328109741,52304,52314,10
13.026140213,80.2319412231,52314,52324,10
13.0260095596,80.2313919067,52324,52334,10
13.0257902145,80.2306289673,52334,52344,10
13.025179863,80.2296676636,52344,52354,10
13.0246200562,80.2289886475,52354,52365,11
13.0241298676,80.2284088135,52365,52375,10
13.0233201981,80.2275009155,52375,52415,40
13.0233201981,80.2275009155,52415,52425,10
13.023150444,80.2272567749,52425,52435,10
13.0228204727,80.2269210815,52435,52446,11
13.0219802856,80.2261886597,52446,52456,10
13.0210599899,80.2254562378,52456,52466,10
13.0204401016,80.2250595093,52466,52476,10
13.0199298859,80.2247161865,52476,52486,10
13.0193395615,80.2244110107,52486,52496,10
13.0184202194,80.2245635986,52496,52506,10
13.0175304413,80.2249526978,52506,52516,10
13.0167398453,80.2253036499,52516,52527,11
13.0164003372,80.2254562378,52527,52537,10
13.0158100128,80.2256698608,52537,52547,10
13.0151500702,80.2258911133,52547,52557,10
13.0143003464,80.2262420654,52557,52567,10
13.0142202377,80.226272583,52567,52577,10
13.0138597488,80.2264022827,52577,52587,10
13.0131397247,80.2266693115,52587,52597,10
13.012260437,80.2269973755,52597,52608,11
13.0109596252,80.2275390625,52608,52618,10
13.0097799301,80.2280197144,52618,52628,10
13.009059906,80.2287902832,52628,52638,10
13.0088596344,80.2301330566,52638,52648,10
13.0086297989,80.2315826416,52648,52658,10
13.0083799362,80.2328720093,52658,52668,10
13.0082597733,80.2337036133,52668,52678,10
13.0081501007,80.2339630127,52678,52689,11
13.0079402924,80.2349014282,52689,52699,10
13.0076999664,80.2361602783,52699,52709,10
13.0074596405,80.2376937866,52709,52719,10
13.0072603226,80.2387008667,52719,52729,10
13.0069198608,80.2400970459,52729,52759,30
13.0068597794,80.2403411865,52759,52790,31
13.0068597794,80.2403411865,52790,52800,10
13.0068397522,80.2404632568,52800,52810,10
13.0067901611,80.240852356,52810,52820,10
13.0066900253,80.2416763306,52820,52830,10
13.0067501068,80.2427215576,52830,52840,10
13.0067596436,80.2436828613,52840,52851,11
13.0067501068,80.245010376,52851,52861,10
13.0068101883,80.2462310791,52861,52871,10
13.0068302155,80.2468338013,52871,52881,10
13.0067796707,80.2472763062,52881,52891,10
13.0067596436,80.2472991943,52891,52901,10
13.0064897537,80.2474212646,52901,52911,10
13.0060195923,80.2473907471,52911,52922,11
13.0060100555,80.2473907471,52922,52932,10
13.0057001114,80.2473678589,52932,52942,10
13.00481987,80.2473831177,52942,52952,10
13.003660202,80.247543335,52952,52962,10
13.0025997162,80.2476806641,52962,52972,10
13.0019102097,80.2478713989,52972,52982,10
13.0008201599,80.2481384277,52982,52992,10
12.9995002747,80.2484436035,52992,53003,11
12.997879982,80.2488708496,53003,53013,10
12.9961795807,80.2492828369,53013,53023,10
12.9945602417,80.249710083,53023,53033,10
12.9929895401,80.2500991821,53033,53043,10
12.9913797379,80.2504806519,53043,53053,10
12.9897603989,80.2509384155,53053,53114,61
12.9897603989,80.2509384155,53114,53124,10
12.9891700745,80.2509613037,53124,53134,10
12.9886598587,80.2511367798,53134,53144,10
12.9880304337,80.2512969971,53144,53286,142
12.9880304337,80.2512969971,53286,53296,10
12.9877796173,80.2513198853,53296,53306,10
12.9871702194,80.2515106201,53306,53316,10
12.9862098694,80.2517700195,53316,53327,11
12.9847602844,80.2521514893,53327,53337,10
12.9832401276,80.2525634766,53337,53347,10
12.9815597534,80.2526397705,53347,53357,10
12.980509758,80.2527084351,53357,53367,10
12.980219841,80.2527770996,53367,53377,10
12.9797401428,80.2527389526,53377,53387,10
12.9792003632,80.2526473999,53387,53397,10
12.9788503647,80.2525863647,53397,53408,11
12.9785499573,80.252456665,53408,53418,10
12.977930069,80.2519989014,53418,53428,10
12.9768199921,80.2512817383,53428,53438,10
12.9756202698,80.2509307861,53438,53448,10
12.9744701385,80.2506027222,53448,53458,10
12.9729795456,80.2501983643,53458,53468,10
12.9712295532,80.2497329712,53468,53478,10
12.9696302414,80.2491912842,53478,53489,11
12.9682798386,80.2486724854,53489,53499,10
12.9667797089,80.2480392456,53499,53509,10
12.9654502869,80.2474822998,53509,53519,10
12.9650201797,80.2473220825,53519,53529,10
12.964630127,80.2471618652,53529,53539,10
12.9638299942,80.2468109131,53539,53549,10
12.9634504318,80.2466201782,53549,53560,11
12.9626502991,80.2462387085,53560,53570,10
12.9614295959,80.2456436157,53570,53580,10
12.9601697922,80.2450714111,53580,53590,10
12.9593496323,80.2447433472,53590,53600,10
12.959230423,80.2446670532,53600,53610,10
12.9591197968,80.2446136475,53610,53620,10
12.9586000443,80.2443466187,53620,53630,10
12.9577598572,80.2440032959,53630,53641,11
12.9566001892,80.243637085,53641,53681,40
12.9564599991,80.243598938,53681,53742,61
12.9564599991,80.243598938,53742,53752,10
12.9558801651,80.2433700562,53752,53762,10
12.9549503326,80.2429122925,53762,53772,10
12.9539804459,80.2424926758,53772,53782,10
12.9529895782,80.2420806885,53782,53792,10
12.9520397186,80.2417297363,53792,53803,11
12.9514703751,80.2415390015,53803,53813,10
12.9509897232,80.2413406372,53813,53823,10
12.9500398636,80.2410430908,53823,53833,10
12.9489297867,80.2406921387,53833,53843,10
12.9478302002,80.2402496338,53843,53853,10
12.9469995499,80.2399215698,53853,53863,10
12.9469404221,80.2398910522,53863,53873,10
12.9463396072,80.2396469116,53873,53884,11
12.9452400208,80.2390823364,53884,53894,10
12.9442195892,80.2380523682,53894,53904,10
12.9433898926,80.2370986938,53904,53914,10
12.942440033,80.2364730835,53914,53924,10
12.9409799576,80.2360916138,53924,53934,10
12.9398298264,80.2357711792,53934,53944,10
12.9395704269,80.2356567383,53944,53954,10
12.9389295578,80.2353286743,53954,53965,11
12.9377603531,80.2347335815,53965,53975,10
12.9364404678,80.2341003418,53975,53985,10
12.9349403381,80.2333984375,53985,53995,10
12.9337997437,80.2329101563,53995,54005,10
12.9337396622,80.2328796387,54005,54015,10
12.9332399368,80.2326507568,54015,54025,10
12.9322395325,80.2322463989,54025,54035,10
12.9308795929,80.2317962646,54035,54046,11
12.9293003082,80.2313919067,54046,54056,10
12.9284696579,80.2312393188,54056,54066,10
12.927280426,80.2310562134,54066,54076,10
12.9258804321,80.2309188843,54076,54086,10
12.9255599976,80.2308883667,54086,54096,10
12.9249401093,80.230796814,54096,54106,10
12.9238595963,80.2306518555,54106,54117,11
12.9222698212,80.2304077148,54117,54127,10
12.9204902649,80.2301712036,54127,54137,10
12.9186897278,80.2299423218,54137,54147,10
12.9172897339,80.2297592163,54147,54157,10
12.9161500931,80.229598999,54157,54167,10
12.9149799347,80.2294311523,54167,54177,10
12.913599968,80.2292861938,54177,54198,21
12.913599968,80.2292861938,54198,54208,10
12.9133996964,80.2292709351,54208,54218,10
12.9126396179,80.2291412354,54218,54228,10
12.9114904404,80.2289810181,54228,54238,10
12.9102602005,80.2287826538,54238,54248,10
12.9088802338,80.2285614014,54248,54258,10
12.9077100754,80.2283782959,54258,54268,10
12.9069299698,80.2282485962,54268,54309,41
12.9069299698,80.2282485962,54309,54319,10
12.9067697525,80.2282409668,54319,54329,10
12.9060697556,80.2281799316,54329,54339,10
12.9048595428,80.2281417847,54339,54349,10
12.9033498764,80.2280578613,54349,54360,11
12.9017601013,80.228012085,54360,54370,10
12.9010896683,80.2279968262,54370,54420,50
12.9010896683,80.2279968262,54420,54430,10
12.9007196426,80.2278900146,54430,54441,11
12.9001502991,80.2278366089,54441,54451,10
12.8993196487,80.2277984619,54451,54461,10
12.8990697861,80.2277908325,54461,54471,10
12.8986301422,80.2277526855,54471,54481,10
12.8977899551,80.2276916504,54481,54491,10
12.8965797424,80.2276229858,54491,54501,10
12.8951301575,80.2276000977,54501,54511,10
12.8937501907,80.2275238037,54511,54522,11
12.892490387,80.2273635864,54522,54532,10
12.8914403915,80.2273101807,54532,54542,10
12.8901796341,80.2273178101,54542,54552,10
12.8890895844,80.2273101807,54552,54562,10
12.8876800537,80.2272415161,54562,54572,10
12.8861198425,80.2269210815,54572,54582,10
12.8850002289,80.2267227173,54582,54592,10
12.884759903,80.2267227173,54592,54603,11
12.8844003677,80.2266998291,54603,54613,10
12.8834199905,80.2266998291,54613,54623,10
12.8819999695,80.2267074585,54623,54633,10
12.8807201385,80.2267227173,54633,54643,10
12.8795099258,80.2267379761,54643,54653,10
12.878279686,80.2268295288,54653,54663,10
12.8772497177,80.2268981934,54663,54674,11
12.8767499924,80.2269668579,54674,54684,10
12.876449585,80.2269897461,54684,54694,10
12.8763599396,80.2269821167,54694,54704,10
12.875749588,80.2269668579,54704,54714,10
12.8746004105,80.2268371582,54714,54724,10
12.8733596802,80.2267227173,54724,54734,10
12.8728704453,80.2266998291,54734,54744,10
12.8726396561,80.2266998291,54744,54755,11
12.8720903397,80.2266921997,54755,54765,10
12.8709497452,80.2266387939,54765,54775,10
12.8694496155,80.2265014648,54775,54785,10
12.868180275,80.2263870239,54785,54795,10
12.8672304153,80.2264633179,54795,54805,10
12.866109848,80.2265625,54805,54815,10
12.8646802902,80.2265701294,54815,54825,10
12.8629102707,80.2264862061,54825,54836,11
12.8610801697,80.2265701294,54836,54846,10
12.8597698212,80.2264404297,54846,54856,10
12.8587503433,80.2263031006,54856,54866,10
12.857509613,80.226272583,54866,54876,10
12.8558998108,80.2264175415,54876,54886,10
12.8540000916,80.2266082764,54886,54896,10
12.8521995544,80.2266998291,54896,54906,10
12.8504400253,80.2266235352,54906,54917,11
12.8485403061,80.2265777588,54917,54927,10
12.8467597961,80.2265930176,54927,54937,10
12.8454399109,80.226600647,54937,54957,20
12.8454399109,80.226600647,54957,54967,10
12.8448600769,80.2266082764,54967,54977,10
12.8436899185,80.2266998291,54977,54987,10
12.8422603607,80.2269668579,54987,54998,11
12.840470314,80.2274398804,54998,55008,10
12.8397703171,80.227722168,55008,55018,10
12.8395595551,80.2277984619,55018,55028,10
12.838809967,80.2279434204,55028,55038,10
12.8375396729,80.2282180786,55038,55048,10
12.8359098434,80.2284622192,55048,55058,10
12.8340301514,80.2287597656,55058,55068,10
12.8325395584,80.2290115356,55068,55079,11
12.8321800232,80.2291107178,55079,55089,10
12.8319101334,80.2291717529,55089,55099,10
12.831029892,80.2293930054,55099,55109,10
12.8297195435,80.2298736572,55109,55119,10
12.8281698227,80.2306289673,55119,55129,10
12.8267297745,80.2312927246,55129,55139,10
12.8253002167,80.2314071655,55139,55149,10
12.8239202499,80.2312011719,55149,55160,11
12.8223600388,80.23072052,55160,55170,10
12.820980072,80.2304611206,55170,55180,10
12.8197603226,80.2304763794,55180,55190,10
12.818980217,80.2304916382,55190,55200,10
12.8186903,80.2304000854,55200,55210,10
12.8180799484,80.2301101685,55210,55220,10
12.8177604675,80.2299423218,55220,55230,10
12.8168802261,80.2296066284,55230,55241,11
12.8154497147,80.2293624878,55241,55251,10
12.8142004013,80.2291870117,55251,55261,10
12.8129301071,80.228767395,55261,55271,10
12.8114900589,80.2282562256,55271,55281,10
12.809800148,80.2275695801,55281,55291,10
12.8083000183,80.2265396118,55291,55301,10
12.8070602417,80.225479126,55301,55312,11
12.8061504364,80.2246627808,55312,55322,10
12.8052396774,80.224029541,55322,55332,10
12.8051099777,80.2239990234,55332,55342,10
12.8046798706,80.2239074707,55342,55352,10
12.8038101196,80.2238311768,55352,55362,10
12.8027601242,80.2237319946,55362,55372,10
12.8015298843,80.2235794067,55372,55382,10
12.8006601334,80.2235107422,55382,55393,11
12.7995100021,80.2234191895,55393,55403,10
12.7980298996,80.2232894897,55403,55413,10
12.7963104248,80.2230300903,55413,55423,10
12.7957496643,80.2229232788,55423,55433,10
12.7953996658,80.2228469849,55433,55443,10
12.7944002151,80.2226715088,55443,55453,10
12.7929601669,80.2224578857,55453,55463,10
12.7912397385,80.222076416,55463,55474,11
12.7896795273,80.2217025757,55474,55484,10
12.7891998291,80.221496582,55484,55494,10
12.7883901596,80.2211837769,55494,55524,30
12.7883901596,80.2211837769,55524,55534,10
12.7881803513,80.2210769653,55534,55544,10
12.787779808,80.220916748,55544,55555,11
12.7874603271,80.2208023071,55555,55565,10
12.7873001099,80.2207336426,55565,55595,30
12.7873001099,80.2207336426,55595,55605,10
12.7870101929,80.2206115723,55605,55615,10
12.7869100571,80.2205810547,55615,55625,10
12.7865695953,80.2204437256,55625,55646,21
12.786450386,80.2203826904,55646,55686,40
12.786450386,80.2203826904,55686,55696,10
12.7862997055,80.2203063965,55696,55706,10
12.7861604691,80.2203369141,55706,55717,11
12.7861604691,80.2205429077,55717,55727,10
12.7862100601,80.220916748,55727,55737,10
12.786239624,80.2219390869,55737,55747,10
12.7862300873,80.221862793,55747,56397,650
12.7862300873,80.221862793,56397,56407,10
12.7861795425,80.2217178345,56407,56418,11
12.7861700058,80.2214126587,56418,56428,10
12.7861995697,80.2210922241,56428,56438,10
12.786190033,80.2205505371,56438,56468,30
12.786190033,80.2205505371,56468,56478,10
12.7862501144,80.2203598022,56478,56488,10
12.7864599228,80.2203903198,56488,56499,11
12.7864599228,80.2203979492,56499,56509,10
12.786649704,80.2204971313,56509,56519,10
12.7871904373,80.2207107544,56519,56529,10
12.7879295349,80.220993042,56529,56539,10
12.7888803482,80.221321106,56539,56549,10
12.7896795273,80.2216186523,56549,56559,10
12.7904996872,80.2218475342,56559,56569,10
12.7916202545,80.2221221924,56569,56580,11
12.793129921,80.2224273682,56580,56590,10
12.7945604324,80.2226486206,56590,56600,10
12.7959403992,80.2229003906,56600,56610,10
12.7964601517,80.2229766846,56610,56620,10
12.7968101501,80.2230606079,56620,56630,10
12.7976799011,80.2232208252,56630,56640,10
12.7989702225,80.2233581543,56640,56650,10
12.8005695343,80.2235031128,56650,56661,11
12.8013401031,80.2235565186,56661,56671,10
12.8014097214,80.2235870361,56671,56681,10
12.8019800186,80.2236633301,56681,56691,10
12.8028297424,80.2237701416,56691,56701,10
12.803609848,80.2238464355,56701,56711,10
12.8044300079,80.2239227295,56711,56721,10
12.8052196503,80.2240219116,56721,56732,11
12.8054103851,80.2240829468,56732,56742,10
12.805850029,80.2243423462,56742,56752,10
12.8064699173,80.2248382568,56752,56762,10
12.8072795868,80.2255096436,56762,56772,10
12.8083600998,80.2264480591,56772,56782,10
12.8097896576,80.2274780273,56782,56792,10
12.8115797043,80.2282409668,56792,56802,10
12.8134403229,80.2288894653,56802,56813,11
12.8151502609,80.2292709351,56813,56823,10
12.816280365,80.2294082642,56823,56833,10
12.8173599243,80.2296905518,56833,56843,10
12.8183403015,80.2301712036,56843,56853,10
12.8193302155,80.23046875,56853,56863,10
12.8198699951,80.2304382324,56863,56873,10
12.8203201294,80.2304229736,56873,56883,10
12.8205404282,80.2304229736,56883,56894,11
12.8215198517,80.2304534912,56894,56904,10
12.8228902817,80.2308197021,56904,56914,10
12.8245296478,80.2312469482,56914,56924,10
12.8261804581,80.231338501,56924,56934,10
12.8275299072,80.2309494019,56934,56944,10
12.8287401199,80.2302474976,56944,56954,10
12.8298397064,80.2297897339,56954,56964,10
12.8306503296,80.2294921875,56964,56985,21
12.8306503296,80.2294921875,56985,56995,10
12.8308801651,80.2294235229,56995,57005,10
12.8309898376,80.2294006348,57005,57015,10
12.8311100006,80.2294387817,57015,57025,10
12.8315296173,80.2292785645,57025,57056,31
12.8315296173,80.2292785645,57056,57066,10
12.8315696716,80.2291564941,57066,57076,10
12.8322095871,80.229019165,57076,57086,10
12.8332996368,80.2288208008,57086,57096,10
12.8343801498,80.2286300659,57096,57106,10
12.8357200623,80.2284164429,57106,57116,10
12.8373603821,80.2282028198,57116,57126,10
12.838809967,80.2278823853,57126,57137,11
12.8394498825,80.2276229858,57137,57177,40
12.8394498825,80.2276229858,57177,57187,10
12.8401603699,80.2274398804,57187,57197,10
12.8411102295,80.2272033691,57197,57207,10
12.8424396515,80.226890564,57207,57218,11
12.8442001343,80.2266464233,57218,57228,10
12.845459938,80.2265396118,57228,57248,20
12.845459938,80.2265396118,57248,57258,10
12.8458404541,80.2265777588,57258,57268,10
12.8467998505,80.2265625,57268,57278,10
12.8480997086,80.2265701294,57278,57288,10
12.8495998383,80.2265396118,57288,57299,11
12.8500404358,80.2265167236,57299,57309,10
12.8505401611,80.2265167236,57309,57319,10
12.8515396118,80.2265625,57319,57329,10
12.852930069,80.2266235352,57329,57339,10
12.8545999527,80.2264785767,57339,57349,10
12.8563804626,80.2262878418,57349,57359,10
12.8576202393,80.2261734009,57359,57370,11
12.8581800461,80.2261581421,57370,57380,10
12.8586797714,80.2262115479,57380,57390,10
12.8596696854,80.2263183594,57390,57400,10
12.8605804443,80.2264862061,57400,57410,10
12.8606004715,80.2264862061,57410,57420,10
12.8608999252,80.2265472412,57420,57430,10
12.861700058,80.2265472412,57430,57440,10
12.8629598618,80.2264709473,57440,57451,11
12.8646602631,80.2265167236,57451,57461,10
12.8663902283,80.2264709473,57461,57471,10
12.8682498932,80.2263183594,57471,57481,10
12.8702602386,80.2265167236,57481,57491,10
12.8728199005,80.2266235352,57491,57511,20
12.8728199005,80.2266235352,57511,57521,10
12.8731803894,80.2266464233,57521,57532,11
12.8741397858,80.2267303467,57532,57542,10
12.8753595352,80.226890564,57542,57552,10
12.8764801025,80.2269134521,57552,57562,10
12.8767795563,80.2268676758,57562,57572,10
12.876950264,80.2268600464,57572,57582,10
12.8776798248,80.2267990112,57582,57592,10
12.878780365,80.2267303467,57592,57602,10
12.8801803589,80.2266921997,57602,57613,11
12.8818702698,80.2266921997,57613,57623,10
12.883600235,80.2266693115,57623,57633,10
12.8850603104,80.2266464233,57633,57643,10
12.8852300644,80.2266616821,57643,57653,10
12.8856897354,80.2267608643,57653,57663,10
12.8866796494,80.2270202637,57663,57673,10
12.8880596161,80.2272720337,57673,57683,10
12.8896903992,80.2273178101,57683,57694,11
12.8916501999,80.2273178101,57694,57704,10
12.8929100037,80.2274017334,57704,57714,10
12.8940496445,80.2275238037,57714,57724,10
12.8951702118,80.2276000977,57724,57734,10
12.8963499069,80.2276611328,57734,57744,10
12.8978204727,80.227722168,57744,57754,10
12.8992996216,80.2277908325,57754,57764,10
12.9007196426,80.2278289795,57764,57845,81
12.9007196426,80.2278289795,57845,57856,11
12.9011802673,80.2279586792,57856,57866,10
12.9020004272,80.2279968262,57866,57876,10
12.9027099609,80.2280426025,57876,57886,10
12.9027900696,80.2280502319,57886,57896,10
12.9034700394,80.2280807495,57896,57906,10
12.904419899,80.2281417847,57906,57916,10
12.9053497314,80.2281799316,57916,57927,11
12.9055995941,80.2281723022,57927,57937,10
12.9059400558,80.2282028198,57937,57947,10
12.9062995911,80.2282104492,57947,57957,10
12.9064598083,80.2282180786,57957,57967,10
12.9069404602,80.2282562256,57967,57977,10
12.9071102142,80.2283096313,57977,57987,10
12.9077796936,80.2284164429,57987,57997,10
12.9087896347,80.2285766602,57997,58008,11
12.9106702805,80.2288589478,58008,58018,10
12.9124202728,80.2290878296,58018,58028,10
12.9138202667,80.2292633057,58028,58038,10
12.9141101837,80.2293167114,58038,58048,10
12.9145402908,80.2294311523,58048,58058,10
12.9154396057,80.2295913696,58058,58068,10
12.9167499542,80.2297134399,58068,58078,10
12.9181003571,80.2298812866,58078,58089,11
12.9192800522,80.2300872803,58089,58099,10
12.9204101563,80.2302017212,58099,58109,10
12.9216299057,80.2303390503,58109,58119,10
12.9229297638,80.2305297852,58119,58129,10
12.9244499207,80.23072052,58129,58139,10
12.9259004593,80.2309036255,58139,58149,10
12.9269199371,80.2310714722,58149,58159,10
12.9281597137,80.2311782837,58159,58170,11
12.9289197922,80.2313308716,58170,58180,10
12.9298801422,80.2314987183,58180,58190,10
12.9308395386,80.2317886353,58190,58200,10
12.9319095612,80.2321395874,58200,58210,10
12.9330596924,80.2325134277,58210,58220,10
12.9336595535,80.2327423096,58220,58230,10
12.9337396622,80.2327423096,58230,58240,10
12.9345598221,80.2331771851,58240,58251,11
12.9354600906,80.233581543,58251,58261,10
12.935549736,80.2336273193,58261,58271,10
12.9359903336,80.2338790894,58271,58281,10
12.9368200302,80.2342529297,58281,58291,10
12.9380102158,80.2348175049,58291,58301,10
12.9393501282,80.2354736328,58301,58311,10
12.939740181,80.2356185913,58311,58321,10
12.9398803711,80.2356567383,58321,58332,11
12.9407300949,80.2359390259,58332,58342,10
12.9419202805,80.2362594604,58342,58352,10
12.9430999756,80.2367477417,58352,58362,10
12.9439601898,80.2376174927,58362,58372,10
12.9449796677,80.2388000488,58372,58382,10
12.9464702606,80.239692688,58382,58392,10
12.9474000931,80.2400283813,58392,58402,10
12.9475698471,80.2400970459,58402,58413,11
12.9483003616,80.2404022217,58413,58423,10
12.9487800598,80.2405700684,58423,58433,10
12.9487895966,80.2405700684,58433,58443,10
12.9490003586,80.2406616211,58443,58453,10
12.9496202469,80.2408905029,58453,58463,10
12.9505195618,80.2411804199,58463,58473,10
12.9509601593,80.2413101196,58473,58483,10
12.9511804581,80.2414169312,58483,58494,11
12.9520797729,80.2417526245,58494,58504,10
12.9533100128,80.2422180176,58504,58514,10
12.9546499252,80.242767334,58514,58524,10
12.9554300308,80.243057251,58524,58534,10
12.9562902451,80.2433776855,58534,58565,31
12.9562902451,80.2433776855,58565,58575,10
12.9569997787,80.2436904907,58575,58585,10
12.9580202103,80.2441101074,58585,58595,10
12.958820343,80.244430542,58595,58605,10
12.9590797424,80.2445602417,58605,58615,10
12.9597101212,80.2449035645,58615,58625,10
12.9606800079,80.2453231812,58625,58635,10
12.9618396759,80.245880127,58635,58646,11
12.9630804062,80.2464675903,58646,58656,10
12.9638795853,80.246887207,58656,58666,10
12.9648704529,80.2472076416,58666,58676,10
12.9657297134,80.2475128174,58676,58686,10
12.966629982,80.2478485107,58686,58696,10
12.9668302536,80.2479400635,58696,58706,10
12.9669599533,80.248046875,58706,58716,10
12.9675703049,80.2483215332,58716,58727,11
12.9687595367,80.2488174438,58727,58737,10
12.9699602127,80.2492980957,58737,58747,10
12.9711799622,80.2497406006,58747,58757,10
12.9724502563,80.2500762939,58757,58767,10
12.9736204147,80.2503814697,58767,58777,10
12.9746999741,80.2506790161,58777,58787,10
12.975859642,80.2509994507,58787,58797,10
12.9771003723,80.2513809204,58797,58808,11
12.9781599045,80.2521209717,58808,58818,10
12.9784803391,80.2523269653,58818,58828,10
12.9786701202,80.252456665,58828,58838,10
12.979470253,80.2526321411,58838,58848,10
12.980389595,80.2527084351,58848,58858,10
12.9808597565,80.2526321411,58858,58949,91
12.9808597565,80.2526321411,58949,58959,10
12.9811601639,80.2526092529,58959,58970,11
12.9816303253,80.2526016235,58970,58980,10
12.9820404053,80.2526016235,58980,58990,10
12.9822502136,80.252571106,58990,59010,20
12.9822502136,80.252571106,59010,59020,10
12.9827003479,80.2525482178,59020,59030,10
12.9831104279,80.2525100708,59030,59172,142
12.9831104279,80.2525100708,59172,59182,10
12.9834403992,80.2524795532,59182,59192,10
12.9836502075,80.2524490356,59192,59203,11
12.9839096069,80.2523880005,59203,59213,10
12.9841499329,80.2523193359,59213,59223,10
12.9843502045,80.252281189,59223,59233,10
12.9844303131,80.2522583008,59233,59243,10
12.9848203659,80.2521362305,59243,59273,30
12.9848203659,80.2521362305,59273,59284,11
12.9852399826,80.2520599365,59284,59294,10
12.9855804443,80.2519683838,59294,59304,10
12.9866695404,80.2516708374,59304,59415,111
12.9866695404,80.2516708374,59415,59425,10
12.9869699478,80.2515716553,59425,59435,10
12.9875297546,80.2514038086,59435,59446,11
12.9884700775,80.2511672974,59446,59456,10
12.9895095825,80.2509536743,59456,59466,10
12.9895896912,80.2509307861,59466,59476,10
12.989859581,80.2508621216,59476,59486,10
12.9906101227,80.2507095337,59486,59496,10
12.9916801453,80.2504425049,59496,59506,10
12.9929895401,80.2500915527,59506,59517,11
12.9945201874,80.2497711182,59517,59527,10
12.9961204529,80.2492828369,59527,59537,10
12.9976797104,80.2489013672,59537,59547,10
12.9991397858,80.2485427856,59547,59557,10
13.0004997253,80.2481765747,59557,59567,10
13.0017595291,80.2478637695,59567,59577,10
13.0026903152,80.2476272583,59577,59587,10
13.0038499832,80.2474594116,59587,59598,11
13.0051002502,80.2473220825,59598,59608,10
13.0059499741,80.2471084595,59608,59618,10
13.0063695908,80.2467269897,59618,59628,10
13.0064401627,80.2465820313,59628,59638,10
13.0065803528,80.2462081909,59638,59648,10
13.0066299438,80.2453308105,59648,59658,10
13.0066204071,80.244430542,59658,59668,10
13.0066204071,80.2439804077,59668,59679,11
13.0066003799,80.243598938,59679,59689,10
13.0065803528,80.2429122925,59689,59699,10
13.0065803528,80.2418518066,59699,59709,10
13.0066604614,80.2409896851,59709,59719,10
13.0066795349,80.240562439,59719,59729,10
13.0066900253,80.2405395508,59729,59739,10
13.0067501068,80.2402420044,59739,59749,10
13.0068798065,80.2395172119,59749,59760,11
13.007060051,80.2384796143,59760,59770,10
13.0072202682,80.2377471924,59770,59780,10
13.007349968,80.2372512817,59780,59790,10
13.0074195862,80.2366333008,59790,59800,10
13.0074996948,80.2364196777,59800,59810,10
13.0076398849,80.2356796265,59810,59820,10
13.0078001022,80.234588623,59820,59830,10
13.0081300735,80.2333068848,59830,59841,11
13.0084495544,80.2316894531,59841,59851,10
13.0087499619,80.2300796509,59851,59861,10
13.0090398788,80.2286987305,59861,59871,10
13.0093297958,80.2278137207,59871,59881,10
13.0099802017,80.2264175415,59881,59891,10
13.0104999542,80.2252731323,59891,59901,10
13.0110397339,80.2240524292,59901,59922,21
13.0110397339,80.2240524292,59922,59932,10
13.0112400055,80.2236480713,59932,59942,10
13.0114202499,80.2231826782,59942,59952,10
13.0116796494,80.2224197388,59952,59962,10
13.0119495392,80.2219085693,59962,59972,10
13.0122900009,80.2216567993,59972,59982,10
13.0126495361,80.2221374512,59982,59992,10
13.0131797791,80.2226409912,59992,60003,11
13.0136804581,80.22315979,60003,60013,10
13.0140399933,80.2236022949,60013,60023,10
13.0144901276,80.2240371704,60023,60033,10
13.0150003433,80.224647522,60033,60043,10
13.0154895782,80.2249908447,60043,60053,10
13.0156002045,80.2250823975,60053,60063,10
13.0160398483,80.2253570557,60063,60074,11
13.0168104172,80.2252578735,60074,60084,10
13.0176801682,80.2248916626,60084,60094,10
13.0185804367,80.2245483398,60094,60104,10
13.0192604065,80.2244186401,60104,60114,10
13.0194101334,80.2244262695,60114,60124,10
13.0195798874,80.2245178223,60124,60134,10
13.0199604034,80.2247619629,60134,60144,10
13.0204401016,80.225112915,60144,60155,11
13.0209302902,80.225479126,60155,60165,10
13.0213298798,80.2258300781,60165,60175,10
13.0218296051,80.2261734009,60175,60185,10
13.0223999023,80.2265777588,60185,60195,10
13.0225200653,80.2266998291,60195,60205,10
13.0226297379,80.2268218994,60205,60215,10
13.0231199265,80.2272720337,60215,60225,10
13.0238103867,80.2279510498,60225,60236,11
13.0245399475,80.2288284302,60236,60246,10
13.0250301361,80.2294998169,60246,60256,10
13.0254201889,80.2300491333,60256,60266,10
13.0258197784,80.23072052,60266,60317,51
13.0258197784,80.23072052,60317,60327,10
13.0258302689,80.2308502197,60327,60337,10
13.0259399414,80.2311706543,60337,60347,10
13.0261096954,80.2317276001,60347,60357,10
13.0262899399,80.2323226929,60357,60367,10
13.0263996124,80.2325210571,60367,60377,10
13.0265197754,80.2327804565,60377,60387,10
13.0267000198,80.2331008911,60387,60398,11
13.0270500183,80.2337112427,60398,60408,10
13.0275802612,80.234588623,60408,60418,10
13.0279798508,80.2353897095,60418,60428,10
13.0286102295,80.2361297607,60428,60438,10
13.0293998718,80.2370071411,60438,60448,10
13.0300502777,80.2379684448,60448,60458,10
13.0303297043,80.2383880615,60458,60468,10
13.0304298401,80.2385177612,60468,60519,51
13.0304298401,80.2385177612,60519,60529,10
13.0307102203,80.2390289307,60529,60539,10
13.0309495926,80.2393798828,60539,60549,10
13.0311203003,80.2397613525,60549,60560,11
13.0311803818,80.2398681641,60560,60570,10
13.0313901901,80.2401580811,60570,60580,10
13.0314397812,80.2407226563,60580,60590,10
13.0316295624,80.2411804199,60590,60600,10
13.0318403244,80.241607666,60600,60610,10
13.0320997238,80.2421417236,60610,60620,10
13.0326299667,80.2427368164,60620,60631,11
13.0331802368,80.2434921265,60631,60641,10
13.033539772,80.2440338135,60641,60651,10
13.034040451,80.2447128296,60651,60661,10
13.0345401764,80.2453613281,60661,60671,10
13.0349197388,80.2458114624,60671,60681,10
13.0353298187,80.2460632324,60681,60691,10
13.0355701447,80.2461471558,60691,60701,10
13.0359697342,80.2463684082,60701,60712,11
13.0366802216,80.2465515137,60712,60722,10
13.0373296738,80.2465591431,60722,60732,10
13.0380001068,80.2466201782,60732,60742,10
13.0388402939,80.2468566895,60742,60752,10
13.0394001007,80.2469787598,60752,60762,10
13.039850235,80.2470703125,60762,60772,10
13.0404996872,80.2472076416,60772,60782,10
13.0412101746,80.2473602295,60782,60793,11
13.0420799255,80.2475204468,60793,60803,10
13.0426397324,80.2476730347,60803,60813,10
13.0427999496,80.2477798462,60813,60823,10
13.0432195663,80.2479171753,60823,60833,10
13.0438604355,80.2479019165,60833,60843,10
13.044380188,80.2479400635,60843,60853,10
13.0448303223,80.248046875,60853,60863,10
13.0453100204,80.248298645,60863,60874,11
13.0460596085,80.248588562,60874,60884,10
13.0467996597,80.2485580444,60884,60894,10
13.0474395752,80.2487335205,60894,60904,10
13.0476102829,80.2489318848,60904,60914,10
13.0483598709,80.2496032715,60914,60934,20
13.0483598709,80.2496032715,60934,60944,10
13.0489397049,80.2497634888,60944,60955,11
13.0498504639,80.2499008179,60955,60965,10
13.0508804321,80.2501220703,60965,60975,10
13.0518598557,80.2505264282,60975,60985,10
13.0525398254,80.2512969971,60985,60995,10
13.0531997681,80.2521820068,60995,61005,10
13.053730011,80.2529067993,61005,61015,10
13.0540399551,80.2533493042,61015,61025,10
13.0542097092,80.253578186,61025,61036,11
13.0542497635,80.2536087036,61036,61046,10
13.0544395447,80.2538604736,61046,61056,10
13.0546398163,80.254119873,61056,61066,10
13.0548095703,80.2543563843,61066,61076,10
13.0550003052,80.2545776367,61076,61086,10
13.0551795959,80.2548370361,61086,61096,10
13.0553302765,80.2550582886,61096,61107,11
13.0554304123,80.2552032471,61107,61117,10
13.0556097031,80.2554397583,61117,61127,10
13.055850029,80.2557601929,61127,61137,10
13.0561304092,80.2561264038,61137,61147,10
13.0563201904,80.256362915,61147,61157,10
13.05671978,80.2567596436,61157,61167,10
13.0573396683,80.2573471069,61167,61177,10
13.0576696396,80.2576828003,61177,61188,11
13.0580196381,80.2580718994,61188,61198,10
13.0584697723,80.2586593628,61198,61208,10
13.0588903427,80.2591171265,61208,61218,10
13.0591802597,80.2596511841,61218,61228,10
13.0596103668,80.2601394653,61228,61238,10
13.0599002838,80.2603530884,61238,61248,10
13.0603199005,80.2607803345,61248,61258,10
13.0606298447,80.2611618042,61258,61269,11
13.0606603622,80.2612380981,61269,61279,10
13.0608701706,80.2615585327,61279,61289,10
13.0612602234,80.2620773315,61289,61299,10
13.0616102219,80.2623977661,61299,61309,10
13.0618495941,80.2627334595,61309,61319,10
13.0618600845,80.2627487183,61319,61329,10
13.0618896484,80.2627792358,61329,61339,10
13.0621795654,80.2631225586,61339,61350,11
13.0626802444,80.2637634277,61350,61360,10
13.0631198883,80.264251709,61360,61370,10
13.0634498596,80.2647323608,61370,61380,10
13.0637397766,80.2651596069,61380,61420,40
13.0637397766,80.2651596069,61420,61431,11
13.0640897751,80.265663147,61431,61441,10
13.0642795563,80.26587677,61441,61451,10
13.0643997192,80.2660522461,61451,61461,10
13.0645599365,80.2662506104,61461,61471,10
13.0647001266,80.266456604,61471,61481,10
13.0648803711,80.2667007446,61481,61491,10
13.0651302338,80.2669830322,61491,61501,10
13.0656204224,80.267326355,61501,61512,11
13.0658302307,80.2676010132,61512,61522,10
13.065870285,80.2676696777,61522,61532,10
13.0664596558,80.2683486938,61532,61562,30
13.0664596558,80.2683486938,61562,61572,10
13.0665397644,80.2684020996,61572,61582,10
13.0668201447,80.2685699463,61582,61593,11
13.0673303604,80.2688903809,61593,61603,10
13.0679597855,80.2693023682,61603,61613,10
13.0682897568,80.26953125,61613,61623,10
13.0682601929,80.2699584961,61623,61631,8
13.0682001114,80.2703933716,61631,61643,12
13.0681295395,80.2708816528,61643,61653,10
13.068110466,80.2709503174,61653,61664,11
13.0681800842,80.2714385986,61664,61674,10
13.0683803558,80.2716827393,61674,61684,10
13.0686397552,80.2719497681,61684,61694,10
13.0689401627,80.2720108032,61694,61704,10
13.0693397522,80.2723236084,61704,61714,10
13.0698003769,80.2727966309,61714,61724,10
13.0702199936,80.2732696533,61724,61734,10
13.0705604553,80.2737121582,61734,61745,11
13.0708198547,80.2740631104,61745,61755,10
13.0711297989,80.2741622925,61755,61785,30
13.0711297989,80.2741622925,61785,61795,10
13.0713596344,80.2742233276,61795,61805,10
13.0717897415,80.2744369507,61805,61815,10
13.0722198486,80.2748336792,61815,61826,11
13.0727796555,80.2754364014,61826,61836,10
13.0733699799,80.2760620117,61836,61846,10
13.0740404129,80.2763824463,61846,61856,10
13.0747003555,80.2763824463,61856,61866,10
13.0753898621,80.2763595581,61866,61876,10
13.076089859,80.2763366699,61876,61886,10
13.0769996643,80.2762908936,61886,61896,10
13.0778198242,80.2762374878,61896,61907,11
13.0782604218,80.275642395,61907,61917,10
13.0785303116,80.2752304077,61917,61937,20
13.0785303116,80.2752304077,61937,61947,10
13.0787601471,80.2751464844,61947,61957,10
13.0796699524,80.2752990723,61957,61998,41
13.0796699524,80.2752990723,61998,62008,10
13.0797796249,80.2753067017,62008,62028,20
13.0797796249,80.2753067017,62028,62038,10
13.0800104141,80.2753219604,62038,62048,10
13.0804300308,80.2752838135,62048,62109,61
13.0804300308,80.2752838135,62109,62119,10
13.0805501938,80.2752838135,62119,62129,10
13.0809898376,80.2752380371,62129,62140,11
13.0813798904,80.2751998901,62140,62241,101
13.0813798904,80.2751998901,62241,62251,10
13.081580162,80.275177002,62251,62261,10
13.0818595886,80.2752838135,62261,62383,122
13.0818595886,80.2752838135,62383,62393,10
13.0820302963,80.2755889893,62393,63608,1215
13.0820302963,80.2755889893,63608,63618,10
13.081990242,80.2759475708,63618,63629,11
13.0818996429,80.2760467529,63629,63639,10
13.0818595886,80.2763824463,63639,63649,10
13.0819196701,80.2767791748,63649,63659,10
13.081990242,80.2774581909,63659,63669,10
13.0821399689,80.2784194946,63669,63699,30
13.0821399689,80.2784194946,63699,63710,11
13.0819196701,80.278427124,63710,63720,10
13.0818796158,80.2777023315,63720,63730,10
13.0818595886,80.2771682739,63730,63740,10
13.0818595886,80.2770767212,63740,63750,10
13.0818595886,80.2767181396,63750,63770,20
13.0818595886,80.2767181396,63770,63780,10
13.0817499161,80.2763214111,63780,63791,11
13.0816802979,80.2761611938,63791,63801,10
13.0816001892,80.275932312,63801,63841,40
13.0816001892,80.275932312,63841,63851,10
13.0814800262,80.275428772,63851,63861,10
13.081319809,80.2752532959,63861,63872,11
13.0808401108,80.2752990723,63872,63882,10
13.0802898407,80.2753601074,63882,63892,10
13.079750061,80.275390625,63892,63902,10
13.0790901184,80.2752685547,63902,63912,10
13.0783901215,80.2754516602,63912,63922,10
13.0780096054,80.2761917114,63922,63932,10
13.0771503448,80.2762832642,63932,63942,10
13.076259613,80.2763290405,63942,63953,11
13.0755300522,80.2763595581,63953,63963,10
13.074760437,80.2763900757,63963,63973,10
13.0740604401,80.2764205933,63973,63983,10
13.0739803314,80.2764282227,63983,63993,10
13.0738897324,80.2764434814,63993,64003,10
13.0734901428,80.2763977051,64003,64013,10
13.0729703903,80.2758026123,64013,64024,11
13.0722904205,80.2750473022,64024,64034,10
13.0718803406,80.2746429443,64034,64064,30
13.0718803406,80.2746429443,64064,64074,10
13.0715799332,80.2745132446,64074,64084,10
13.0710601807,80.2744598389,64084,64094,10
13.0707597733,80.2742614746,64094,64105,11
13.0706796646,80.2741622925,64105,64115,10
13.0705003738,80.2738189697,64115,64125,10
13.0703001022,80.2735214233,64125,64135,10
13.0699901581,80.273147583,64135,64145,10
13.069560051,80.2726821899,64145,64155,10
13.0691795349,80.2722167969,64155,64165,10
13.0690097809,80.2720489502,64165,64175,10
13.0686597824,80.2719802856,64175,64186,11
13.0683002472,80.2717819214,64186,64196,10
13.068189621,80.2715911865,64196,64206,10
13.067990303,80.2712402344,64206,64226,20
13.067990303,80.2712402344,64226,64236,10
13.0679597855,80.2710800171,64236,64246,10
13.0676002502,80.2707824707,64246,64256,10
13.0669202805,80.2701034546,64256,64267,11
13.0665102005,80.2694015503,64267,64277,10
13.0664396286,80.2687606812,64277,64287,10
13.0661001205,80.2681274414,64287,64297,10
13.0657300949,80.2677688599,64297,64307,10
13.0653896332,80.2676773071,64307,64317,10
13.0652799606,80.2676620483,64317,64327,10
13.0650901794,80.2676010132,64327,64337,10
13.0645399094,80.2675018311,64337,64348,11
13.0642004013,80.2674102783,64348,64358,10
13.0638303757,80.2673568726,64358,64368,10
13.0634298325,80.2673034668,64368,64378,10
13.0629301071,80.2671813965,64378,64388,10
13.0625896454,80.2669525146,64388,64398,10
13.0621995926,80.2665023804,64398,64408,10
13.0618200302,80.2660369873,64408,64418,10
13.0614299774,80.2655487061,64418,64429,11
13.0609397888,80.2651901245,64429,64439,10
13.0605401993,80.2654190063,64439,64449,10
13.0605201721,80.2654418945,64449,64459,10
13.060259819,80.2655563354,64459,64469,10
13.059709549,80.2656021118,64469,64479,10
13.0592403412,80.2654800415,64479,64489,10
13.058719635,80.2653579712,64489,64520,31
13.058719635,80.2653579712,64520,64530,10
13.0583696365,80.2652893066,64530,64540,10
13.05809021,80.2649917603,64540,64550,10
13.0580301285,80.2642669678,64550,64560,10
13.0579595566,80.2634735107,64560,64570,10
13.0579099655,80.262802124,64570,64581,11
13.0577697754,80.2622680664,64581,64591,10
13.0576601028,80.2616882324,64591,64601,10
13.0575895309,80.2613372803,64601,64611,10
13.0574703217,80.2609329224,64611,64621,10
13.0573196411,80.2604675293,64621,64631,10
13.0572500229,80.2602615356,64631,64641,10
13.0571804047,80.2600402832,64641,64672,31
13.0571804047,80.2600402832,64672,64682,10
13.0571298599,80.2597198486,64682,64692,10
13.0570602417,80.2595901489,64692,64702,10
13.0570001602,80.2594070435,64702,64722,20
13.0570001602,80.2594070435,64722,64732,10
13.056889534,80.2591171265,64732,64753,21
13.056889534,80.2591171265,64753,64763,10
13.0567998886,80.2587585449,64763,64773,10
13.05671978,80.2585220337,64773,64783,10
13.0566902161,80.2583389282,64783,64793,10
13.0566596985,80.2581481934,64793,64803,10
13.0565795898,80.2577514648,64803,64813,10
13.056520462,80.2574310303,64813,64824,11
13.056520462,80.2573471069,64824,64834,10
13.0564498901,80.2569732666,64834,64844,10
13.0563802719,80.2566680908,64844,64854,10
13.0561599731,80.2562713623,64854,64864,10
13.0558900833,80.2558822632,64864,64874,10
13.0555496216,80.2554168701,64874,64884,10
13.0549201965,80.2545089722,64884,64894,10
13.054309845,80.2537384033,64894,64905,11
13.053850174,80.2530975342,64905,64915,10
13.0534200668,80.2525024414,64915,64925,10
13.0529203415,80.2518005371,64925,64935,10
13.0524997711,80.2512435913,64935,64945,10
13.0520801544,80.2506866455,64945,64955,10
13.051440239,80.2502212524,64955,64965,10
13.0506801605,80.25,64965,64975,10
13.0501899719,80.2499084473,64975,64986,11
13.0492296219,80.2498168945,64986,65016,30
13.0492296219,80.2498168945,65016,65026,10
13.0488796234,80.2498321533,65026,65036,10
13.0488700867,80.2498168945,65036,65046,10
13.0486297607,80.2497406006,65046,65057,11
13.0482196808,80.2495193481,65057,65067,10
13.0476703644,80.2490386963,65067,65077,10
13.0473403931,80.2487716675,65077,65087,10
13.0473299026,80.2487564087,65087,65097,10
13.0470895767,80.2486419678,65097,65127,30
13.0470895767,80.2486419678,65127,65138,11
13.0468301773,80.2486190796,65138,65148,10
13.0465402603,80.2486190796,65148,65158,10
13.0462799072,80.2485275269,65158,65168,10
13.0458402634,80.2483825684,65168,65198,30
13.0458402634,80.2483825684,65198,65208,10
13.0454397202,80.2482376099,65208,65219,11
13.0452899933,80.2481918335,65219,65229,10
13.0448503494,80.2480926514,65229,65239,10
13.0442495346,80.2480163574,65239,65249,10
13.0439100266,80.2479782104,65249,65259,10
13.0436096191,80.2479019165,65259,65269,10
13.0431699753,80.2478637695,65269,65279,10
13.0425701141,80.247718811,65279,65289,10
13.0419301987,80.2475967407,65289,65300,11
13.0410995483,80.247428894,65300,65330,30
13.0410995483,80.247428894,65330,65340,10
13.0408096313,80.2473602295,65340,65350,10
13.0405702591,80.2473068237,65350,65360,10
13.0402297974,80.2472610474,65360,65370,10
13.0398197174,80.2472000122,65370,65381,11
13.0394897461,80.2471313477,65381,65391,10
13.0393400192,80.2470626831,65391,65401,10
13.0390701294,80.2469406128,65401,65411,10
13.0388803482,80.2468795776,65411,65421,10
13.038359642,80.2467193604,65421,65452,31
13.038359642,80.2467193604,65452,65462,10
13.0379600525,80.2467193604,65462,65472,10
13.0375204086,80.2466506958,65472,65482,10
13.0371103287,80.24659729,65482,65492,10
13.0366401672,80.2465133667,65492,65502,10
13.0362300873,80.246421814,65502,65522,20
13.0362300873,80.246421814,65522,65533,11
13.0360002518,80.2463302612,65533,65543,10
13.0355997086,80.2461700439,65543,65553,10
13.0354003906,80.2460632324,65553,65563,10
13.0352296829,80.2460174561,65563,65573,10
13.0351200104,80.2459869385,65573,65583,10
13.034910202,80.2458496094,65583,65593,10
13.0346403122,80.2454376221,65593,65603,10
13.0343503952,80.2449874878,65603,65614,11
13.0337696075,80.2443466187,65614,65624,10
13.0330696106,80.2434616089,65624,65634,10
13.0324296951,80.2425384521,65634,65644,10
13.0320100784,80.2419891357,65644,65654,10
13.0318002701,80.2414474487,65654,65755,101
13.0318002701,80.2414474487,65755,65765,10
13.0319004059,80.2412872314,65765,65776,11
13.0316400528,80.240852356,65776,65786,10
13.031419754,80.2404022217,65786,65796,10
13.0312204361,80.2400665283,65796,65806,10
13.0308303833,80.2393569946,65806,65816,10
13.0302696228,80.2383880615,65816,65826,10
13.029709816,80.237449646,65826,65836,10
13.0293998718,80.2370529175,65836,65846,10
13.0293102264,80.2369995117,65846,65857,11
13.0288295746,80.2365036011,65857,65867,10
13.0281000137,80.2356491089,65867,65877,10
13.0276498795,80.2350387573,65877,65907,30
13.0276498795,80.2350387573,65907,65917,10
13.0275802612,80.2348937988,65917,65928,11
13.0274200439,80.2345962524,65928,65938,10
13.0272903442,80.2343673706,65938,65948,10
13.0271501541,80.2341690063,65948,65958,10
13.0269899368,80.2339324951,65958,65968,10
13.0267896652,80.2336120605,65968,65978,10
13.0266199112,80.2333374023,65978,66039,61
13.0266199112,80.2333374023,66039,66049,10
13.0264396667,80.2330169678,66049,66059,10
13.0262203217,80.2325363159,66059,66069,10
13.0261602402,80.2322235107,66069,66079,10
13.0260696411,80.2317886353,66079,66090,11
13.0259304047,80.231262207,66090,66100,10
13.0256996155,80.2306213379,66100,66110,10
13.025349617,80.2300415039,66110,66120,10
13.0252399445,80.2298965454,66120,66130,10
13.0250597,80.2296829224,66130,66160,30
13.0250597,80.2296829224,66160,66171,11
13.0249795914,80.2295608521,66171,66181,10
13.0247297287,80.2292480469,66181,66191,10
13.0243597031,80.2287521362,66191,66201,10
13.0239896774,80.2283172607,66201,66211,10
13.0233697891,80.2276382446,66211,66231,20
13.0233697891,80.2276382446,66231,66241,10
13.0233001709,80.2275619507,66241,66252,11
13.0228595734,80.2271575928,66252,66262,10
13.0223703384,80.2266616821,66262,66272,10
13.0217599869,80.2261810303,66272,66282,10
13.0212097168,80.2257385254,66282,66292,10
13.0202999115,80.2250976563,66292,66312,20
13.0202999115,80.2250976563,66312,66323,11
13.020070076,80.2249526978,66323,66333,10
13.0196304321,80.2246398926,66333,66343,10
13.0189199448,80.2244873047,66343,66353,10
13.0181303024,80.2247695923,66353,66363,10
13.0173397064,80.2250976563,66363,66373,10
13.0166797638,80.2254104614,66373,66383,10
13.0164403915,80.2255401611,66383,66393,10
13.0160398483,80.2256622314,66393,66404,11
13.0156202316,80.2257614136,66404,66414,10
13.0153503418,80.2258911133,66414,66424,10
13.0148897171,80.2260818481,66424,66434,10
13.0144195557,80.2262573242,66434,66444,10
13.0140600204,80.2264633179,66444,66464,20
13.0140600204,80.2264633179,66464,66474,10
13.0137500763,80.2265167236,66474,66485,11
13.0128803253,80.2268295288,66485,66495,10
13.0117797852,80.2273025513,66495,66505,10
13.0104999542,80.2278213501,66505,66515,10
13.0093402863,80.2283401489,66515,66525,10
13.0090904236,80.2290802002,66525,66535,10
13.0088701248,80.2301635742,66535,66545,10
13.0086297989,80.2314910889,66545,66555,10
13.0085000992,80.2321395874,66555,66566,11
13.0084104538,80.2325668335,66566,66596,30
13.0084104538,80.2325668335,66596,66606,10
13.0083198547,80.233039856,66606,66616,10
13.0082902908,80.2332687378,66616,66626,10
13.0082302094,80.2336502075,66626,66636,10
13.0081796646,80.2337799072,66636,66647,11
13.0080604553,80.2342605591,66647,66657,10
13.0079698563,80.2346725464,66657,66667,10
13.0079698563,80.2346801758,66667,66677,10
13.0078802109,80.2351226807,66677,66687,10
13.0078001022,80.2355804443,66687,66697,10
13.0077800751,80.2356796265,66697,66707,10
13.0077295303,80.2359008789,66707,66717,10
13.0076704025,80.2362594604,66717,66728,11
13.0076303482,80.2365112305,66728,66738,10
13.0075998306,80.236618042,66738,66748,10
13.0075597763,80.236831665,66748,66758,10
13.0075101852,80.237121582,66758,66768,10
13.0074300766,80.2375335693,66768,66778,10
13.0073404312,80.2379989624,66778,66788,10
13.0073404312,80.2380218506,66788,66799,11
13.0073204041,80.2381591797,66799,66809,10
13.0073204041,80.2382278442,66809,66819,10
13.0072402954,80.2385406494,66819,66829,10
13.0070800781,80.2392883301,66829,67031,202
13.0070800781,80.2392883301,67031,67042,11
13.0069904327,80.2397384644,67042,67052,10
13.0068798065,80.2403182983,67052,67062,10
13.0068302155,80.2407073975,67062,67072,10
13.0067100525,80.2413101196,67072,67082,10
13.0067195892,80.2422637939,67082,67092,10
13.0066900253,80.2433776855,67092,67102,10
13.0066699982,80.2438964844,67102,67112,10
13.0066900253,80.2444381714,67112,67123,11
13.0066900253,80.2450485229,67123,67133,10
13.0066995621,80.2453994751,67133,67143,10
13.0067100525,80.2457122803,67143,67153,10
13.0067300797,80.2460327148,67153,67163,10
13.0067396164,80.2463378906,67163,67173,10
13.0067501068,80.2469863892,67173,67183,10
13.0061197281,80.2474899292,67183,67204,21
13.0061197281,80.2474899292,67204,67214,10
13.00578022,80.2474365234,67214,67224,10
13.0051002502,80.2474365234,67224,67234,10
13.004119873,80.2475204468,67234,67244,10
13.0032501221,80.2476501465,67244,67254,10
13.0019798279,80.2479019165,67254,67264,10
13.0008401871,80.2481918335,67264,67275,11
12.9995002747,80.2485275269,67275,67285,10
12.9983701706,80.2488479614,67285,67295,10
12.9979295731,80.2489395142,67295,67305,10
12.9973602295,80.2490463257,67305,67315,10
12.9962797165,80.2493133545,67315,67325,10
12.9949598312,80.2496414185,67325,67335,10
12.9935398102,80.2500228882,67335,67345,10
12.9920902252,80.2503814697,67345,67356,11
12.990940094,80.2507095337,67356,67366,10
12.9908704758,80.2507171631,67366,67376,10
12.9903297424,80.2508621216,67376,67680,304
12.9903297424,80.2508621216,67680,67690,10
12.9900598526,80.2508392334,67690,67700,10
12.9894399643,80.2510223389,67700,67710,10
12.989159584,80.2511062622,67710,67720,10
12.9889497757,80.2511520386,67720,67730,10
12.9887695313,80.2511978149,67730,67740,10
12.9885396957,80.2512893677,67740,68075,335
12.9885396957,80.2512893677,68075,68085,10
12.988240242,80.2514266968,68085,68095,10
12.9880599976,80.251449585,68095,68105,10
12.9876804352,80.2515182495,68105,68115,10
12.9872102737,80.2516403198,68115,68125,10
12.9867801666,80.2517471313,68125,68135,10
12.9862499237,80.2518997192,68135,68146,11
12.9853000641,80.2521362305,68146,68156,10
12.9841995239,80.2524185181,68156,68166,10
12.9830598831,80.2526702881,68166,68176,10
12.9818096161,80.2527313232,68176,68186,10
12.9808197021,80.252746582,68186,68196,10
12.9800100327,80.2527999878,68196,68237,41
12.9800100327,80.2527999878,68237,68247,10
12.9796495438,80.2527313232,68247,68257,10
12.9792098999,80.2527084351,68257,68267,10
12.9787302017,80.2526626587,68267,68277,10
12.9786901474,80.2526397705,68277,68287,10
12.9785003662,80.2525405884,68287,68297,10
12.9778795242,80.2520904541,68297,68308,11
12.9767503738,80.2513809204,68308,68318,10
12.9754695892,80.251083374,68318,68328,10
12.974029541,80.2506332397,68328,68338,10
12.9728603363,80.2502975464,68338,68348,10
12.9716901779,80.2499771118,68348,68358,10
12.9705200195,80.2496414185,68358,68368,10
12.9693202972,80.249168396,68368,68378,10
12.9681596756,80.2487106323,68378,68389,11
12.9672603607,80.2483215332,68389,68399,10
12.9666404724,80.248046875,68399,68409,10
12.9658603668,80.2476882935,68409,68419,10
12.9652299881,80.247428894,68419,68429,10
12.9651699066,80.2473983765,68429,68439,10
12.9651002884,80.2473602295,68439,68449,10
12.9646396637,80.2472000122,68449,68460,11
12.9644699097,80.2471313477,68460,68470,10
12.9640197754,80.246963501,68470,68480,10
12.9637804031,80.2469024658,68480,68490,10
12.9634799957,80.2468032837,68490,68500,10
12.9628000259,80.2464370728,68500,68510,10
12.9617300034,80.2459106445,68510,68520,10
12.9605998993,80.2454071045,68520,68530,10
12.9595098495,80.2449188232,68530,68551,21
12.9595098495,80.2449188232,68551,68561,10
12.9591598511,80.244758606,68561,68571,10
12.9583902359,80.2444076538,68571,68581,10
12.95773983,80.2441635132,68581,68591,10
12.956990242,80.243927002,68591,68601,10
12.9565000534,80.243812561,68601,68632,31
12.9565000534,80.243812561,68632,68642,10
12.9560098648,80.2435913086,68642,68652,10
12.9551496506,80.2431030273,68652,68662,10
12.9543600082,80.2427368164,68662,68672,10
12.9540700912,80.2426300049,68672,68682,10
12.9537696838,80.2425003052,68682,68692,10
12.953209877,80.2422409058,68692,68703,11
12.952340126,80.241897583,68703,68713,10
12.9518203735,80.2417907715,68713,68723,10
12.9516897202,80.2417297363,68723,68733,10
12.9512195587,80.2415390015,68733,68743,10
12.9506702423,80.2413482666,68743,68753,10
12.9506597519,80.2413482666,68753,68763,10
12.9502096176,80.2412109375,68763,68773,10
12.9497804642,80.2410736084,68773,68784,11
12.9493904114,80.2409591675,68784,68794,10
12.9489603043,80.2408065796,68794,68804,10
12.9482402802,80.2405090332,68804,68814,10
12.9474601746,80.2401809692,68814,68824,10
12.9471702576,80.2400817871,68824,68834,10
12.9470396042,80.2400436401,68834,68844,10
12.9470100403,80.240020752,68844,68854,10
12.946559906,80.2398300171,68854,68865,11
12.9455900192,80.2394104004,68865,68875,10
12.9446697235,80.2386169434,68875,68885,10
12.9438295364,80.2377090454,68885,68895,10
12.9433403015,80.2371902466,68895,68905,10
12.9425601959,80.2366104126,68905,68915,10
12.9414300919,80.2362670898,68915,68925,10
12.9403295517,80.236000061,68925,68936,11
12.9397697449,80.2358627319,68936,68946,10
12.939740181,80.2358398438,68946,68956,10
12.9392204285,80.2355880737,68956,68966,10
12.9382801056,80.2351074219,68966,68976,10
12.9371204376,80.2345504761,68976,68986,10
12.9361801147,80.2341003418,68986,68996,10
12.9354095459,80.2337417603,68996,69006,10
12.9344797134,80.2333068848,69006,69017,11
12.9339799881,80.2331085205,69017,69027,10
12.9339599609,80.2331008911,69027,69037,10
12.9337797165,80.233001709,69037,69047,10
12.9332103729,80.2327194214,69047,69057,10
12.9322900772,80.2323608398,69057,69067,10
12.9310903549,80.2319564819,69067,69077,10
12.9299898148,80.231628418,69077,69087,10
12.9289197922,80.2313995361,69087,69098,11
12.9274902344,80.2311935425,69098,69108,10
12.926320076,80.2310791016,69108,69118,10
12.9260797501,80.2310562134,69118,69128,10
12.9255504608,80.2309799194,69128,69138,10
12.9245901108,80.2308578491,69138,69148,10
12.9233398438,80.2306900024,69148,69158,10
12.9218101501,80.2304534912,69158,69168,10
12.9201402664,80.2302322388,69168,69179,11
12.9188804626,80.2300796509,69179,69189,10
12.9177904129,80.2299423218,69189,69199,10
12.9166603088,80.2297821045,69199,69209,10
12.9155702591,80.229637146,69209,69219,10
12.914560318,80.2294998169,69219,69229,10
12.9138803482,80.2294235229,69229,69239,10
12.913479805,80.2294006348,69239,69249,10
12.9132795334,80.2293701172,69249,69260,11
12.9132699966,80.2293624878,69260,69270,10
12.9129199982,80.2292785645,69270,69280,10
12.912229538,80.2291870117,69280,69290,10
12.9114398956,80.2290802002,69290,69300,10
12.910490036,80.2289733887,69300,69310,10
12.9096803665,80.2288131714,69310,69320,10
12.9089097977,80.2286987305,69320,69330,10
12.9081897736,80.228553772,69330,69341,11
12.9074401855,80.2284393311,69341,69543,202
12.9074401855,80.2284393311,69543,69553,10
12.90721035,80.2283630371,69553,69563,10
12.906709671,80.2283096313,69563,69574,11
12.9058599472,80.2282485962,69574,69584,10
12.9049100876,80.228187561,69584,69594,10
12.9038696289,80.2281494141,69594,69604,10
12.9028396606,80.2281036377,69604,69614,10
12.9017000198,80.2280426025,69614,69715,101
12.9017000198,80.2280426025,69715,69725,10
12.9015302658,80.228012085,69725,69736,11
12.9012498856,80.2279968262,69736,69746,10
12.9009304047,80.2280197144,69746,69756,10
12.900349617,80.2279586792,69756,69766,10
12.8997097015,80.2279129028,69766,69776,10
12.8993797302,80.2279281616,69776,69786,10
12.8992395401,80.2279205322,69786,69796,10
12.8992004395,80.227897644,69796,69806,10
12.8985996246,80.2278366089,69806,69817,11
12.8974704742,80.2277679443,69817,69827,10
12.8961801529,80.2277297974,69827,69837,10
12.8946199417,80.2276611328,69837,69847,10
12.8934202194,80.2275695801,69847,69857,10
12.8931503296,80.2275390625,69857,69867,10
12.8929395676,80.2275085449,69867,69877,10
12.8926496506,80.2274780273,69877,69888,11
12.8920898438,80.2274169922,69888,69898,10
12.8910503387,80.2274169922,69898,69908,10
12.8896598816,80.2274169922,69908,69918,10
12.8886604309,80.2274169922,69918,69928,10
12.8875904083,80.2273330688,69928,69938,10
12.8864002228,80.2270965576,69938,69948,10
12.8852996826,80.2268371582,69948,69958,10
12.8847198486,80.2267913818,69958,69969,11
12.8846597672,80.2267837524,69969,69979,10
12.8840103149,80.2267684937,69979,69989,10
12.8828601837,80.2267608643,69989,69999,10
12.8813695908,80.2267837524,69999,70009,10
12.8797597885,80.2267990112,70009,70019,10
12.8781099319,80.2268676758,70019,70029,10
12.8771800995,80.2269668579,70029,70039,10
12.876950264,80.2269973755,70039,70050,11
12.8766403198,80.2270278931,70050,70060,10
12.8764696121,80.2270431519,70060,70070,10
12.8761396408,80.2270431519,70070,70080,10
12.8752403259,80.2269897461,70080,70090,10
12.8739595413,80.2268295288,70090,70100,10
12.8730401993,80.2267608643,70100,70110,10
12.8725996017,80.2267532349,70110,70120,10
12.8718900681,80.2267379761,70120,70131,11
12.8705301285,80.2266769409,70131,70141,10
12.8689804077,80.2265090942,70141,70151,10
12.8672800064,80.2265396118,70151,70161,10
12.8656597137,80.2266464233,70161,70171,10
12.8639202118,80.226600647,70171,70181,10
12.8623399734,80.2266235352,70181,70191,10
12.8611803055,80.2266769409,70191,70201,10
12.8610095978,80.2266921997,70201,70212,11
12.8604803085,80.2266311646,70212,70222,10
12.8594198227,80.2264785767,70222,70232,10
12.8580999374,80.2263336182,70232,70242,10
12.8565101624,80.2264404297,70242,70252,10
12.8548402786,80.2266311646,70252,70262,10
12.853269577,80.2267990112,70262,70272,10
12.8516998291,80.2267684937,70272,70283,11
12.8502597809,80.2267227173,70283,70293,10
12.8500404358,80.2266921997,70293,70303,10
12.8496999741,80.2266387939,70303,70313,10
12.8489599228,80.2266387939,70313,70323,10
12.8477602005,80.2266387939,70323,70333,10
12.8465099335,80.2266387939,70333,70343,10
12.845870018,80.2266464233,70343,70353,10
12.8453903198,80.2266693115,70353,70364,11
12.8453197479,80.2266693115,70364,70374,10
12.8450202942,80.2266616821,70374,70384,10
12.8443899155,80.2267227173,70384,70394,10
12.8441896439,80.2267379761,70394,70404,10
12.8435001373,80.2268218994,70404,70414,10
12.842300415,80.2270584106,70414,70424,10
12.8409004211,80.227432251,70424,70434,10
12.8397798538,80.2278137207,70434,70475,41
12.8397798538,80.2278137207,70475,70485,10
12.8395700455,80.2279129028,70485,70495,10
12.8389501572,80.2279891968,70495,70505,10
12.8378696442,80.2282333374,70505,70515,10
12.8364295959,80.2284469604,70515,70526,11
12.8345804214,80.2287216187,70526,70536,10
12.8331003189,80.2289886475,70536,70546,10
12.8323602676,80.2291564941,70546,70556,10
12.8322095871,80.2291793823,70556,70576,20
12.8322095871,80.2291793823,70576,70586,10
12.8319301605,80.2292098999,70586,70596,10
12.8317604065,80.2292480469,70596,70607,11
12.8315896988,80.2293014526,70607,70617,10
12.8312501907,80.2293930054,70617,70627,10
12.8303604126,80.2297134399,70627,70637,10
12.8291797638,80.2301635742,70637,70647,10
12.8279600143,80.230796814,70647,70657,10
12.8266601563,80.2313537598,70657,70667,10
12.8253498077,80.2314682007,70667,70677,10
12.8240003586,80.2312774658,70677,70688,11
12.8224401474,80.230796814,70688,70698,10
12.821269989,80.2305374146,70698,70708,10
12.820110321,80.2305679321,70708,70718,10
12.8191003799,80.2305984497,70718,70728,10
12.8189096451,80.2305603027,70728,70738,10
12.8185997009,80.2304382324,70738,70748,10
12.8177995682,80.2300491333,70748,70759,11
12.8164796829,80.2295684814,70759,70769,10
12.8150501251,80.2293624878,70769,70779,10
12.8136301041,80.2290802002,70779,70789,10
12.8122997284,80.2286529541,70789,70799,10
12.8108797073,80.2281417847,70799,70809,10
12.8098802567,80.2276916504,70809,70819,10
12.8088598251,80.2270889282,70819,70829,10
12.8077898026,80.2262191772,70829,70840,11
12.8067998886,80.2253570557,70840,70850,10
12.8059997559,80.2246627808,70850,70860,10
12.8053598404,80.2241821289,70860,70870,10
12.8050298691,80.2240905762,70870,70880,10
12.8049602509,80.2240829468,70880,70890,10
12.8048200607,80.2240524292,70890,70900,10
12.8041601181,80.2239685059,70900,70910,10
12.8032398224,80.2238922119,70910,70921,11
12.8021602631,80.2237625122,70921,70931,10
12.8010797501,80.2236709595,70931,70941,10
12.8009500504,80.2236480713,70941,70951,10
12.8004798889,80.2235870361,70951,70961,10
12.7995195389,80.2235031128,70961,70971,10
12.7981996536,80.2233123779,70971,70981,10
12.7968997955,80.2231369019,70981,70991,10
12.7959003448,80.2229995728,70991,71002,11
12.7956199646,80.2229690552,71002,71012,10
12.7951803207,80.2228775024,71012,71022,10
12.7942199707,80.2227172852,71022,71032,10
12.7930803299,80.2225494385,71032,71042,10
12.7920198441,80.2223510742,71042,71052,10
12.7909498215,80.2220993042,71052,71062,10
12.7900495529,80.221862793,71062,71072,10
12.7893800735,80.2216567993,71072,71083,11
12.7886400223,80.2213516235,71083,71093,10
12.7876901627,80.2209777832,71093,71133,40
12.7876901627,80.2209777832,71133,71143,10
12.7874898911,80.2208709717,71143,71153,10
12.7872200012,80.2207794189,71153,71194,41
12.7872200012,80.2207794189,71194,71204,10
12.7869501114,80.2207183838,71204,71214,10
12.7867498398,80.2206268311,71214,71224,10
12.7865695953,80.2205734253,71224,71235,11
12.78647995,80.2205429077,71235,71245,10
12.7863397598,80.220451355,71245,71275,30
12.7863397598,80.220451355,71275,71285,10
12.7860097885,80.2202987671,71285,71295,10
12.7858104706,80.2202072144,71295,71305,10
12.7854995728,80.2201004028,71305,71316,11
12.7848596573,80.2197799683,71316,71326,10
12.784740448,80.2197036743,71326,71336,10
12.7844800949,80.2195510864,71336,71346,10
12.7837495804,80.2191467285,71346,71356,10
12.7826404572,80.2185211182,71356,71366,10
12.78125,80.2177734375,71366,71376,10
12.7797002792,80.2169189453,71376,71386,10
12.7782497406,80.2161712646,71386,71397,11
12.7765398026,80.2154464722,71397,71407,10
12.7747602463,80.2147293091,71407,71417,10
12.7731199265,80.2140808105,71417,71427,10
12.7717504501,80.2135620117,71427,71437,10
12.7706604004,80.2132110596,71437,71447,10
12.7705698013,80.2131881714,71447,71457,10
12.7700195313,80.2129898071,71457,71467,10
12.7690095901,80.2126235962,71467,71478,11
12.7675600052,80.2120819092,71478,71488,10
12.7659702301,80.2115020752,71488,71498,10
12.764169693,80.2108383179,71498,71508,10
12.7624101639,80.2101669312,71508,71518,10
12.7607297897,80.2094116211,71518,71528,10
12.7595396042,80.2088165283,71528,71538,10
12.7594499588,80.2087631226,71538,71548,10
12.7589197159,80.2084579468,71548,71559,11
12.7578697205,80.207862854,71559,71569,10
12.7566099167,80.2071609497,71569,71579,10
12.755109787,80.2063293457,71579,71589,10
12.7535600662,80.2054824829,71589,71599,10
12.7520198822,80.2047119141,71599,71609,10
12.7512798309,80.2043380737,71609,71619,10
12.7512702942,80.2043380737,71619,71629,10
12.7509698868,80.2041473389,71629,71640,11
12.7501001358,80.2036972046,71640,71650,10
12.7489299774,80.2030792236,71650,71660,10
12.7475700378,80.2023925781,71660,71670,10
12.7461204529,80.2016677856,71670,71680,10
12.744720459,80.2008972168,71680,71690,10
12.7436599731,80.199760437,71690,71700,10
12.7425804138,80.1985168457,71700,71711,11
12.7418403625,80.1976394653,71711,71721,10
12.7417402267,80.197479248,71721,71731,10
12.7415704727,80.1971817017,71731,71741,10
12.7410802841,80.1965026855,71741,71751,10
12.7404098511,80.195640564,71751,71761,10
12.739569664,80.1944274902,71761,71771,10
12.7385997772,80.1930923462,71771,71781,10
12.7376804352,80.1920776367,71781,71792,11
12.7363595963,80.1907577515,71792,71802,10
12.7354202271,80.1899185181,71802,71812,10
12.7342395782,80.1895904541,71812,71822,10
12.7328996658,80.1894683838,71822,71832,10
12.7318201065,80.1892471313,71832,71842,10
12.7310495377,80.1891708374,71842,71852,10
12.7305898666,80.1891326904,71852,71862,10
12.7302398682,80.1890792847,71862,71873,11
12.7298803329,80.1890335083,71873,71883,10
12.7297801971,80.1890335083,71883,71893,10
12.7295303345,80.1890106201,71893,71903,10
12.7289199829,80.1889724731,71903,71913,10
12.728269577,80.1887969971,71913,71944,31
12.728269577,80.1887969971,71944,71955,11
12.7278795242,80.1886901855,71955,72025,70
12.727519989,80.1885528564,72025,72107,82
12.7271699905,80.1884765625,72107,72198,91
12.7268199921,80.1883773804,72198,72299,101
12.7268199921,80.1883773804,72299,72309,10
12.7264499664,80.1883163452,72309,72360,51
12.7264499664,80.1883163452,72360,72370,10
12.7260799408,80.1882400513,72370,72380,10
12.7258195877,80.1882019043,72380,72390,10
12.7256298065,80.1881790161,72390,72400,10
12.7255296707,80.1881637573,72400,72410,10
12.7252702713,80.1881027222,72410,72420,10
12.7250003815,80.1880493164,72420,72431,11
12.7248001099,80.188041687,72431,72441,10
12.7246398926,80.18800354,72441,72451,10
12.7245101929,80.1879730225,72451,72461,10
12.7242898941,80.1879196167,72461,72502,41
12.7242898941,80.1879196167,72502,72512,10
12.7239103317,80.187828064,72512,72522,10
12.7235403061,80.1877212524,72522,72532,10
12.7234697342,80.1876983643,72532,72542,10
12.7230195999,80.1876068115,72542,72583,41
12.7230195999,80.1876068115,72583,72593,10
12.7225103378,80.1874694824,72593,72653,60
12.7225103378,80.1874694824,72653,72664,11
12.7222299576,80.1876220703,72664,72674,10
12.722029686,80.1876220703,72674,72938,264
12.7220802307,80.1874008179,72938,73820,882
12.7220802307,80.1874008179,73820,73831,11
12.7216396332,80.187210083,73831,73841,10
12.7215795517,80.1872024536,73841,73851,10
12.7212400436,80.1870880127,73851,73871,20
12.7212400436,80.1870880127,73871,73881,10
12.7208099365,80.1870117188,73881,73891,10
12.7207403183,80.1868362427,73891,73901,10
12.7206497192,80.1865386963,73901,73912,11
12.7204904556,80.1861495972,73912,73922,10
12.7204198837,80.1859130859,73922,73932,10
12.7203598022,80.1856613159,73932,73942,10
12.7202701569,80.1851501465,73942,73952,10
12.720199585,80.1847229004,73952,73962,10
12.7203798294,80.1845703125,73962,73972,10
12.7206401825,80.1845169067,73972,73982,10
12.7209396362,80.1844711304,73982,73993,11
12.7210903168,80.184463501,73993,74003,10
12.7213001251,80.184463501,74003,74013,10
12.7215795517,80.1844482422,74013,74023,10
12.7218799591,80.1844711304,74023,74033,10
12.7222795486,80.1845169067,74033,74043,10
12.7226200104,80.1846008301,74043,74053,10
12.7231998444,80.1846618652,74053,74063,10
12.7237901688,80.1847000122,74063,74074,11
12.7243204117,80.1847915649,74074,74084,10
12.7248401642,80.1848831177,74084,74094,10
12.7254400253,80.1848907471,74094,74104,10
12.7260303497,80.1848983765,74104,74114,10
12.7265396118,80.1849365234,74114,74124,10
12.7269802094,80.1850204468,74124,74134,10
12.7274599075,80.1851806641,74134,74144,10
12.7281398773,80.1853790283,74144,74165,21
12.7281398773,80.1853790283,74165,74175,10
12.7283601761,80.1854629517,74175,74185,10
12.7285804749,80.1855163574,74185,74195,10
12.7289495468,80.1856231689,74195,74205,10
12.7293596268,80.1858673096,74205,74215,10
12.7297201157,80.1861801147,74215,74226,11
12.729929924,80.1863632202,74226,74236,10
12.7299804688,80.1864624023,74236,74246,10
12.7300395966,80.1866607666,74246,74256,10
12.7302398682,80.1868591309,74256,74266,10
12.7304801941,80.18699646,74266,74276,10
12.7306003571,80.1870727539,74276,74286,10
12.7306203842,80.187210083,74286,74296,10
12.7305698395,80.187713623,74296,74307,11
12.7305402756,80.1878662109,74307,74317,10
12.7305002213,80.188079834,74317,74327,10
12.7304801941,80.1883926392,74327,74337,10
12.7303695679,80.1888198853,74337,74356,19
12.7303695679,80.1888198853,74356,74367,11
12.7303199768,80.1890716553,74367,74377,10
12.7304897308,80.1891174316,74377,74388,11
12.7310695648,80.1891708374,74388,74398,10
12.7318096161,80.1892623901,74398,74409,11
12.7326803207,80.1894302368,74409,74419,10
12.7337398529,80.1895370483,74419,74428,9
12.7350997925,80.189743042,74428,74439,11
12.736240387,80.1905517578,74439,74449,10
12.7373800278,80.1916885376,74449,74459,10
12.7383003235,80.1926193237,74459,74470,11
12.7392301559,80.1937713623,74470,74480,10
12.7401599884,80.195098877,74480,74490,10
12.7410802841,80.1963577271,74490,74500,10
12.7417802811,80.1973495483,74500,74511,11
12.7427301407,80.1985397339,74511,74520,9
12.7439002991,80.1999130249,74520,74531,11
12.74518013,80.2011032104,74531,74542,11
12.7475204468,80.2023162842,74542,74552,10
12.7493400574,80.2032318115,74552,74562,10
12.7510299683,80.2041015625,74562,74572,10
12.7524700165,80.2048416138,74572,74582,10
12.7540397644,80.2056808472,74582,74592,10
12.7557401657,80.2065887451,74592,74602,10
12.757229805,80.2074432373,74602,74612,10
12.7587995529,80.2082901001,74612,74623,11
12.7605695724,80.2092590332,74623,74633,10
12.7622404099,80.2100372314,74633,74643,10
12.7639904022,80.2107315063,74643,74653,10
12.7656202316,80.2113265991,74653,74663,10
12.7673597336,80.2119522095,74663,74673,10
12.7692203522,80.2126235962,74673,74683,10
12.7708101273,80.2132034302,74683,74693,10
12.7721500397,80.2136611938,74693,74704,11
12.7736196518,80.2142486572,74704,74714,10
12.7748203278,80.2147293091,74714,74724,10
12.7763004303,80.2153320313,74724,74734,10
12.7779502869,80.2160110474,74734,74744,10
12.7796001434,80.2168502808,74744,74754,10
12.7810401917,80.217628479,74754,74764,10
12.7825202942,80.2184066772,74764,74774,10
12.7837896347,80.2191390991,74774,74785,11
12.7847499847,80.2197036743,74785,74795,10
12.7854499817,80.2200698853,74795,74805,10
12.785900116,80.2202835083,74805,74815,10
12.7862300873,80.2204208374,74815,74825,10
12.7865600586,80.2205505371,74825,74835,10
12.7866401672,80.2205963135,74835,74845,10
12.7872400284,80.2208328247,74845,74855,10
12.7879800797,80.2210998535,74855,74866,11
12.7888698578,80.2214508057,74866,74876,10
12.7896299362,80.2217102051,74876,74886,10
12.7905502319,80.2219619751,74886,74896,10
12.7917404175,80.2222595215,74896,74906,10
12.7931995392,80.2225418091,74906,74916,10
12.7947998047,80.2227935791,74916,74926,10
12.7961702347,80.2230224609,74926,74936,10
12.7966499329,80.2230834961,74936,74947,11
12.7973203659,80.2232208252,74947,74957,10
12.7983798981,80.2233581543,74957,74967,10
12.7996702194,80.223487854,74967,74977,10
12.8010597229,80.2236328125,74977,74987,10
12.8023796082,80.2237625122,74987,74997,10
12.8033599854,80.2238998413,74997,75007,10
12.8040704727,80.2239379883,75007,75018,11
12.8048095703,80.2240219116,75018,75028,10
12.8053598404,80.2241363525,75028,75038,10
12.8056402206,80.2242584229,75038,75048,10
12.806189537,80.2247161865,75048,75057,9
12.8069896698,80.2254333496,75057,75068,11
12.8079004288,80.2262115479,75068,75078,10
12.809009552,80.2271270752,75078,75088,10
12.8099002838,80.2276382446,75088,75099,11
12.8110704422,80.2281112671,75099,75109,10
12.8120498657,80.2284698486,75109,75119,10
12.8132696152,80.2289123535,75119,75129,10
12.8143796921,80.2292175293,75129,75139,10
12.8156995773,80.2294311523,75139,75149,10
12.8172597885,80.2297592163,75149,75159,10
12.8187198639,80.2304229736,75159,75169,10
12.8201398849,80.2305221558,75169,75180,11
12.8218898773,80.2306137085,75180,75190,10
12.8235702515,80.2311019897,75190,75200,10
12.8251495361,80.2314376831,75200,75210,10
12.8268604279,80.2313308716,75210,75220,10
12.8280801773,80.2307510376,75220,75230,10
12.82929039,80.2301177979,75230,75240,10
12.8303003311,80.2297286987,75240,75250,10
12.8308296204,80.2295379639,75250,75261,11
12.8309803009,80.2294769287,75261,75271,10
12.8312902451,80.2293624878,75271,75281,10
12.8316402435,80.2292327881,75281,75291,10
12.8318996429,80.2291564941,75291,75301,10
12.8322401047,80.2291107178,75301,75311,10
12.8327598572,80.2289962769,75311,75321,10
12.8335800171,80.2288513184,75321,75331,10
12.8349399567,80.2286376953,75331,75342,11
12.8360500336,80.2284393311,75342,75352,10
12.8372001648,80.2282867432,75352,75362,10
12.8378601074,80.2281265259,75362,75382,20
12.8378601074,80.2281265259,75382,75392,10
12.838060379,80.2280883789,75392,75412,20
12.838060379,80.2280883789,75412,75423,11
12.8382997513,80.2280426025,75423,75453,30
12.8382997513,80.2280426025,75453,75463,10
12.838549614,80.2279891968,75463,75473,10
12.8387098312,80.2279510498,75473,75494,21
12.8387098312,80.2279510498,75494,75504,10
12.8388395309,80.2279205322,75504,75514,10
12.8390197754,80.2278594971,75514,75564,50
12.8390197754,80.2278594971,75564,75575,11
12.8394002914,80.227722168,75575,75585,10
12.8395395279,80.2276382446,75585,75595,10
12.8399600983,80.2275772095,75595,75605,10
12.8407001495,80.2274017334,75605,75615,10
12.8418703079,80.2271194458,75615,75625,10
12.8431196213,80.2268600464,75625,75635,10
12.8441200256,80.2267303467,75635,75645,10
12.8449897766,80.2266464233,75645,75656,11
12.8454399109,80.2266082764,75656,75676,20
12.8454399109,80.2266082764,75676,75686,10
12.8456201553,80.2266082764,75686,75696,10
12.8462600708,80.226600647,75696,75706,10
12.8473901749,80.226600647,75706,75716,10
12.84856987,80.226600647,75716,75726,10
12.8496198654,80.2265930176,75726,75737,11
12.8508996964,80.226600647,75737,75747,10
12.8523797989,80.2266921997,75747,75757,10
12.8541097641,80.2266311646,75757,75767,10
12.855919838,80.2264633179,75767,75777,10
12.8575201035,80.2262802124,75777,75787,10
12.8583202362,80.2262496948,75787,75797,10
12.8591604233,80.2263412476,75797,75807,10
12.8603801727,80.2265167236,75807,75818,11
12.8613796234,80.2265625,75818,75828,10
12.861530304,80.2265625,75828,75838,10
12.8622503281,80.2265396118,75838,75848,10
12.8634195328,80.2265319824,75848,75858,10
12.8649101257,80.226600647,75858,75868,10
12.8664999008,80.2265396118,75868,75878,10
12.868060112,80.2264175415,75878,75889,11
12.8696203232,80.2265319824,75889,75899,10
12.8708095551,80.2266387939,75899,75909,10
12.8716897964,80.2266921997,75909,75919,10
12.872420311,80.2266998291,75919,75929,10
12.8732404709,80.2267074585,75929,75939,10
12.874420166,80.2268066406,75939,75949,10
12.8756198883,80.2269515991,75949,75959,10
12.8764295578,80.2269668579,75959,75970,11
12.8771896362,80.2268981934,75970,75980,10
12.8782596588,80.2267990112,75980,75990,10
12.879650116,80.2267608643,75990,76000,10
12.8811502457,80.2267379761,76000,76010,10
12.8826503754,80.2267379761,76010,76020,10
12.8839101791,80.2267074585,76020,76030,10
12.8849000931,80.2266998291,76030,76061,31
12.8849000931,80.2266998291,76061,76071,10
12.8853397369,80.2267837524,76071,76081,10
12.8862199783,80.2269973755,76081,76091,10
12.8874597549,80.2272720337,76091,76101,10
12.8890199661,80.2273864746,76101,76111,10
12.8908004761,80.2273864746,76111,76121,10
12.8922595978,80.2273788452,76121,76132,11
12.8936004639,80.2275390625,76132,76142,10
12.8950195313,80.2276687622,76142,76152,10
12.8966903687,80.2277374268,76152,76162,10
12.8982000351,80.2277984619,76162,76172,10
12.8993501663,80.2278594971,76172,76182,10
12.9005899429,80.2278900146,76182,76314,132
12.9005899429,80.2278900146,76314,76324,10
12.9007301331,80.227897644,76324,76334,10
12.9011802673,80.2279663086,76334,76344,10
12.90184021,80.2280197144,76344,76354,10
12.9026403427,80.2280578613,76354,76364,10
12.9027900696,80.2280578613,76364,76375,11
12.9033603668,80.2280807495,76375,76385,10
12.9038496017,80.2281036377,76385,76395,10
12.9041595459,80.2281036377,76395,76425,30
12.9041595459,80.2281036377,76425,76435,10
12.9044704437,80.2281265259,76435,76446,11
12.9048995972,80.2281417847,76446,76456,10
12.9052600861,80.2281417847,76456,76537,81
12.9052600861,80.2281417847,76537,76547,10
12.905500412,80.2282028198,76547,76557,10
12.9057502747,80.2282028198,76557,76567,10
12.9059200287,80.2282104492,76567,76577,10
12.9061002731,80.2282104492,76577,76587,10
12.9061098099,80.2282104492,76587,76597,10
12.9063997269,80.2282333374,76597,76658,61
12.9063997269,80.2282333374,76658,76668,10
12.9066095352,80.2282791138,76668,76678,10
12.9070701599,80.2283325195,76678,76689,11
12.9081296921,80.228477478,76689,76699,10
12.9094495773,80.2286911011,76699,76709,10
12.9110298157,80.2289428711,76709,76719,10
12.9127702713,80.2291870117,76719,76729,10
12.9140501022,80.229347229,76729,76739,10
12.9143104553,80.2293624878,76739,76749,10
12.9146499634,80.2294235229,76749,76759,10
12.9154901505,80.2295379639,76759,76770,11
12.9167804718,80.2297210693,76770,76780,10
12.918009758,80.2299118042,76780,76790,10
12.9193496704,80.2300872803,76790,76800,10
12.9207801819,80.2302627563,76800,76810,10
12.9224300385,80.2304916382,76810,76820,10
12.9242401123,80.2307510376,76820,76830,10
12.9259195328,80.2309494019,76830,76841,11
12.9269104004,80.2310180664,76841,76851,10
12.9271001816,80.2310409546,76851,76861,10
12.9278497696,80.2311325073,76861,76871,10
12.9286403656,80.2312469482,76871,76881,10
12.9291296005,80.231338501,76881,76891,10
12.9300603867,80.2315597534,76891,76901,10
12.9313001633,80.2319488525,76901,76911,10
12.9327402115,80.2324371338,76911,76922,11
12.9340600967,80.2329788208,76922,76932,10
12.9343795776,80.2331314087,76932,76942,10
12.9344396591,80.2331466675,76942,76952,10
12.9347200394,80.233291626,76952,76962,10
12.9354200363,80.2336120605,76962,76972,10
12.9359998703,80.2338867188,76972,76982,10
12.9367904663,80.2342376709,76982,76992,10
12.9377403259,80.2347412109,76992,77003,11
12.9390602112,80.2353820801,77003,77013,10
12.9397201538,80.235710144,77013,77023,10
12.9399795532,80.2358093262,77023,77033,10
12.9407997131,80.2360610962,77033,77043,10
12.9419698715,80.2363586426,77043,77053,10
12.9432201385,80.2369995117,77053,77063,10
12.9442396164,80.2380523682,77063,77073,10
12.9452600479,80.2390823364,77073,77084,11
12.9466600418,80.2398071289,77084,77094,10
12.9476604462,80.2401885986,77094,77104,10
12.9479904175,80.2403106689,77104,77114,10
12.9485197067,80.2405090332,77114,77124,10
12.9486103058,80.2405090332,77124,77134,10
12.9486999512,80.2405776978,77134,77144,10
12.9490699768,80.2407608032,77144,77154,10
12.9497900009,80.241027832,77154,77165,11
12.9507703781,80.2413330078,77165,77175,10
12.9510803223,80.2414321899,77175,77185,10
12.9513998032,80.2415237427,77185,77195,10
12.9522104263,80.2418136597,77195,77205,10
12.9532003403,80.2422103882,77205,77215,10
12.9541797638,80.2426071167,77215,77224,9
12.9549598694,80.2429199219,77224,77235,11
12.9556703568,80.2431869507,77235,77246,11
12.9562702179,80.2434616089,77246,77256,10
12.9562797546,80.2434616089,77256,77266,10
12.9567403793,80.243637085,77266,77276,10
12.9576196671,80.2440032959,77276,77286,10
12.9586400986,80.2444000244,77286,77296,10
12.9589796066,80.2445602417,77296,77306,10
12.9596004486,80.2448501587,77306,77317,11
12.9607200623,80.2453613281,77317,77327,10
12.9619102478,80.2459564209,77327,77337,10
12.9626998901,80.2463226318,77337,77347,10
12.9627199173,80.2463378906,77347,77357,10
12.9627504349,80.2464370728,77357,77367,10
12.9631996155,80.2466812134,77367,77377,10
12.9639101028,80.2469787598,77377,77387,10
12.9647798538,80.2472915649,77387,77398,11
12.9657897949,80.2476119995,77398,77408,10
12.9661397934,80.2477264404,77408,77418,10
12.9665298462,80.2479171753,77418,77428,10
12.9670600891,80.2481918335,77428,77438,10
12.9679899216,80.2485809326,77438,77448,10
12.9691095352,80.2490081787,77448,77458,10
12.9702196121,80.2494277954,77458,77468,10
12.9716100693,80.2498779297,77468,77479,11
12.9732198715,80.2502975464,77479,77489,10
12.9745998383,80.2506790161,77489,77499,10
12.9757795334,80.2509994507,77499,77509,10
12.9769201279,80.2513198853,77509,77519,10
12.9779396057,80.2520065308,77519,77529,10
12.9784402847,80.2523574829,77529,77539,10
12.9786996841,80.2524871826,77539,77549,10
12.9793701172,80.2526168823,77549,77560,11
12.9800901413,80.2526779175,77560,77570,10
12.9807796478,80.2526626587,77570,77580,10
12.9816799164,80.2526321411,77580,77590,10
12.9828901291,80.2526016235,77590,77600,10
12.9838399887,80.2524032593,77600,77610,10
12.9848098755,80.2521209717,77610,77620,10
12.985449791,80.2519378662,77620,77630,10
12.98595047,80.2518005371,77630,77641,11
12.9865398407,80.251663208,77641,77671,30
12.9865398407,80.251663208,77671,77681,10
12.9868402481,80.2515716553,77681,77691,10
12.9873695374,80.2514038086,77691,77701,10
12.987660408,80.2513427734,77701,77711,10
12.988240242,80.2512207031,77711,77722,11
12.9891996384,80.2509613037,77722,77732,10
12.9893598557,80.2509307861,77732,77742,10
12.9897499084,80.2508392334,77742,77752,10
12.9905996323,80.250617981,77752,77762,10
12.9915599823,80.2503814697,77762,77772,10
12.9933004379,80.2499465942,77772,77782,10
12.9948797226,80.2495269775,77782,77793,11
12.9965896606,80.2490997314,77793,77803,10
12.9981403351,80.2487106323,77803,77813,10
12.9996204376,80.2483291626,77813,77823,10
13.0011997223,80.2479171753,77823,77833,10
13.0025196075,80.2476196289,77833,77843,10
13.003660202,80.2474365234,77843,77853,10
13.0047397614,80.2473068237,77853,77863,10
13.0057401657,80.2471237183,77863,77874,11
13.0064001083,80.2465896606,77874,77884,10
13.0064897537,80.2464523315,77884,77894,10
13.0065803528,80.2462615967,77894,77904,10
13.0066204071,80.2455215454,77904,77914,10
13.0065603256,80.2447128296,77914,77924,10
13.0065498352,80.2440490723,77924,77934,10
13.0065498352,80.2433776855,77934,77944,10
13.0065498352,80.2426376343,77944,77955,11
13.0065402985,80.2415771484,77955,77965,10
13.0065898895,80.2408218384,77965,77985,20
13.0065898895,80.2408218384,77985,77995,10
13.0066299438,80.2405929565,77995,78005,10
13.0067195892,80.2400970459,78005,78015,10
13.0067901611,80.2393112183,78015,78025,10
13.0070295334,80.2383728027,78025,78036,11
13.0072803497,80.2374420166,78036,78046,10
13.007349968,80.2368164063,78046,78056,10
13.007399559,80.2366790771,78056,78066,10
13.007519722,80.2362365723,78066,78076,10
13.0077104568,80.2353591919,78076,78086,10
13.0079603195,80.2341918945,78086,78096,10
13.0081796646,80.2329406738,78096,78106,10
13.008480072,80.2314682007,78106,78117,11
13.0088300705,80.2297210693,78117,78127,10
13.0091199875,80.2283172607,78127,78137,10
13.0095396042,80.2272491455,78137,78147,10
13.0100097656,80.2262802124,78147,78157,10
13.0103902817,80.2255172729,78157,78167,10
13.0107498169,80.2248001099,78167,78177,10
13.0109395981,80.2241516113,78177,78187,10
13.0111103058,80.2237701416,78187,78198,11
13.0114097595,80.2230911255,78198,78209,11
13.0116100311,80.2224884033,78209,78219,10
13.0119800568,80.2217178345,78219,78229,10
13.0123195648,80.2215194702,78229,78239,10
13.0125904083,80.2220001221,78239,78249,10
13.0133399963,80.2228088379,78249,78259,10
13.0139799118,80.2235565186,78259,78270,11
13.0141000748,80.2236480713,78270,78280,10
13.0143699646,80.2238769531,78280,78290,10
13.0149202347,80.2244567871,78290,78300,10
13.0152597427,80.2249221802,78300,78310,10
13.0156002045,80.2251586914,78310,78320,10
13.0157403946,80.2253036499,78320,78330,10
13.0164403915,80.2253875732,78330,78340,10
13.0172796249,80.2250900269,78340,78351,11
13.0186100006,80.2245101929,78351,78361,10
13.0194101334,80.2244262695,78361,78371,10
13.0199403763,80.2247085571,78371,78381,10
13.0205402374,80.2251586914,78381,78391,10
13.0211000443,80.2255935669,78391,78401,10
13.0217399597,80.2260818481,78401,78411,10
13.0225400925,80.2267303467,78411,78432,21
13.0225400925,80.2267303467,78432,78442,10
13.0228996277,80.2270736694,78442,78452,10
13.0234003067,80.2275390625,78452,78462,10
13.0239200592,80.2280273438,78462,78472,10
13.0244102478,80.2285308838,78472,78482,10
13.0247602463,80.2290802002,78482,78492,10
13.0252504349,80.2297897339,78492,78502,10
13.025850296,80.2308807373,78502,78533,31
13.025850296,80.2308807373,78533,78543,10
13.0258598328,80.2309570313,78543,78553,10
13.0259895325,80.2313766479,78553,78563,10
13.0261697769,80.2320480347,78563,78573,10
13.0265798569,80.2331237793,78573,78583,10
13.0272598267,80.2342300415,78583,78594,11
13.0279798508,80.2354812622,78594,78604,10
13.0289096832,80.2365188599,78604,78614,10
13.0296201706,80.2372817993,78614,78624,10
13.0296802521,80.237411499,78624,78634,10
13.0300102234,80.2380065918,78634,78644,10
13.0305099487,80.238899231,78644,78653,9
13.0310602188,80.2397689819,78653,78715,62
13.0310602188,80.2397689819,78715,78725,10
13.0312204361,80.240020752,78725,78735,10
13.0314102173,80.2407073975,78735,78746,11
13.0318002701,80.2416229248,78746,78756,10
13.0323495865,80.2424468994,78756,78766,10
13.0330600739,80.2434082031,78766,78776,10
13.0338201523,80.2444992065,78776,78786,10
13.0345802307,80.2454605103,78786,78796,10
13.0354299545,80.2461090088,78796,78806,10
13.0357904434,80.2462615967,78806,78816,10
13.0361995697,80.246383667,78816,78827,11
13.0369596481,80.2465362549,78827,78837,10
13.0375900269,80.2464370728,78837,78847,10
13.0384302139,80.246673584,78847,78857,10
13.0393695831,80.2469482422,78857,78867,10
13.0401697159,80.2471313477,78867,78877,10
13.0412397385,80.2473602295,78877,78887,10
13.0423603058,80.2475967407,78887,78897,10
13.0430698395,80.2477493286,78897,78908,11
13.0438995361,80.2478179932,78908,78918,10
13.0446195602,80.2479019165,78918,78928,10
13.0451097488,80.2481689453,78928,78938,10
13.0458202362,80.2484970093,78938,78948,10
13.0465097427,80.2485198975,78948,78958,10
13.0471601486,80.2484970093,78958,78968,10
13.0472698212,80.2485809326,78968,78978,10
13.0476703644,80.2489471436,78978,78989,11
13.0485696793,80.2497177124,78989,78999,10
13.0495595932,80.2498931885,78999,79009,10
13.0506601334,80.2500762939,79009,79019,10
13.0517702103,80.2504806519,79019,79029,10
13.0526304245,80.2514572144,79029,79039,10
13.0534200668,80.2524795532,79039,79049,10
13.0540103912,80.2533187866,79049,79059,10
13.0548000336,80.2543411255,79059,79070,11
13.055560112,80.2553634644,79070,79080,10
13.0562896729,80.256362915,79080,79090,10
13.0572099686,80.2571792603,79090,79100,10
13.0579595566,80.2579116821,79100,79110,10
13.0585803986,80.2587814331,79110,79120,10
13.0590200424,80.2593231201,79120,79130,10
13.0593595505,80.259979248,79130,79140,10
13.0598602295,80.2603378296,79140,79151,11
13.0604400635,80.260887146,79151,79161,10
13.0606203079,80.261177063,79161,79171,10
13.0609397888,80.2615585327,79171,79181,10
13.0614004135,80.2620773315,79181,79191,10
13.0617303848,80.2625274658,79191,79201,10
13.0623197556,80.2632675171,79201,79211,10
13.0630302429,80.2641677856,79211,79222,11
13.0636796951,80.2651596069,79222,79232,10
13.0641002655,80.2657775879,79232,79242,10
13.0646400452,80.266418457,79242,79252,10
13.0649795532,80.2668380737,79252,79262,10
13.0655002594,80.2671966553,79262,79272,10
13.065779686,80.2675170898,79272,79282,10
13.0658597946,80.2676467896,79282,79292,10
13.0661802292,80.268119812,79292,79303,11
13.0668001175,80.2685394287,79303,79313,10
13.0675096512,80.2689437866,79313,79324,11
13.0680198669,80.2692718506,79324,79334,10
13.068189621,80.2697372437,79334,79345,11
13.068110466,80.2703933716,79345,79355,10
13.0680999756,80.2707214355,79355,79365,10
13.0680103302,80.2710418701,79365,79375,10
13.0681400299,80.2714309692,79375,79386,11
13.0686197281,80.2718963623,79386,79396,10
13.0693397522,80.2722930908,79396,79406,10
13.0698900223,80.2728729248,79406,79416,10
13.070400238,80.2734680176,79416,79426,10
13.070810318,80.2740020752,79426,79436,10
13.0710496902,80.2741088867,79436,79446,10
13.0715503693,80.2742919922,79446,79456,10
13.0719900131,80.274597168,79456,79467,11
13.0726299286,80.2753067017,79467,79477,10
13.0732803345,80.2759933472,79477,79487,10
13.0739002228,80.2763671875,79487,79497,10
13.0746803284,80.2763214111,79497,79507,10
13.0753602982,80.2762985229,79507,79517,10
13.0761098862,80.276260376,79517,79527,10
13.0771503448,80.2761764526,79527,79537,10
13.0781097412,80.2759399414,79537,79548,11
13.0785799026,80.275138855,79548,79558,10
13.079369545,80.2752075195,79558,79568,10
13.0804100037,80.2752304077,79568,79578,10
13.0811395645,80.275138855,79578,79629,51
13.0811395645,80.275138855,79629,79639,10
13.081580162,80.275100708,79639,79649,10
13.0819101334,80.2752380371,79649,79659,10
13.081990242,80.2757034302,79659,79720,61
13.081990242,80.2757034302,79720,79730,10
13.081990242,80.2759399414,79730,79740,10
13.0818595886,80.2760696411,79740,79750,10
13.0818500519,80.2763824463,79750,79760,10
13.0819501877,80.2772674561,79760,79770,10
13.0820999146,80.2781219482,79770,79781,11
13.0820503235,80.2784423828,79781,79791,10
13.0819301605,80.2779922485,79791,79801,10
13.0818099976,80.2770462036,79801,79811,10
13.0816202164,80.2759170532,79811,79821,10
13.0814695358,80.2752685547,79821,79831,10
13.0811395645,80.2751617432,79831,79841,10
13.080499649,80.2752609253,79841,79851,10
13.0799703598,80.2753219604,79851,79862,11
13.0790395737,80.2751998901,79862,79872,10
13.0783195496,80.275428772,79872,79882,10
13.0778598785,80.2761764526,79882,79892,10
13.0768604279,80.276260376,79892,79902,10
13.0760297775,80.2762985229,79902,79912,10
13.0759000778,80.276260376,79912,79922,10
13.0758600235,80.2761001587,79922,79932,10
13.0759801865,80.2757034302,79932,79943,11
13.0761995316,80.2754821777,79943,80915,972
13.0761995316,80.2754821777,80915,80925,10
13.0762195587,80.2754821777,80925,80935,10
13.076089859,80.2752609253,80935,80945,10
13.0759401321,80.2750473022,80945,80956,11
13.075510025,80.2748565674,80956,80966,10
13.0751800537,80.2749862671,80966,80976,10
