13.0506801605,80.2064819336,12,1384,1372
13.0507698059,80.2064590454,1384,3886,2502
13.050740242,80.2064819336,3886,7035,3149
13.050740242,80.2064819336,7035,7045,10
13.0510501862,80.2063369751,7045,7156,111
13.0511598587,80.2064208984,7156,7368,212
13.0512599945,80.2062835693,7368,8296,928
13.0510101318,80.2063293457,8296,8700,404
13.0511302948,80.2063064575,8700,8891,191
13.0511598587,80.2063064575,8891,9075,184
13.0510902405,80.2064437866,9075,9186,111
13.0511102676,80.2062988281,9186,9640,454
13.0510101318,80.2063369751,9640,9792,152
13.0511198044,80.2063217163,9792,9923,131
13.0509796143,80.2063827515,9923,10619,696
13.0510396957,80.2063293457,10619,13616,2997
13.0509595871,80.2065429688,13616,14201,585
13.0510597229,80.2062301636,14201,14383,182
13.0510396957,80.2064590454,14383,14464,81
13.0509796143,80.2063674927,14464,15503,1039
13.0511398315,80.2063827515,15503,15675,172
13.0512104034,80.2062988281,15675,16956,1281
13.0510196686,80.2063674927,16956,17077,121
13.0511302948,80.2061920166,17077,17834,757
13.0510597229,80.2064208984,17834,18086,252
13.0510702133,80.2063522339,18086,19055,969
13.0510196686,80.2063369751,19055,19267,212
13.0510196686,80.2063369751,19267,19277,10
13.0507802963,80.206703186,19277,19327,50
13.0507802963,80.206703186,19327,19338,11
13.0505599976,80.2068634033,19338,19418,80
13.0505599976,80.2068634033,19418,19428,10
13.0502996445,80.2068099976,19428,19438,10
13.050069809,80.2068023682,19438,19449,11
13.0496397018,80.2068328857,19449,19640,191
13.0496397018,80.2068328857,19640,19650,10
13.0493297577,80.2070007324,19650,19660,10
13.0493202209,80.2072219849,19660,19691,31
13.0493202209,80.2072219849,19691,19701,10
13.0491600037,80.2073287964,19701,19711,10
13.0489902496,80.2073898315,19711,19721,10
13.0491199493,80.2077331543,19721,19731,10
13.0494403839,80.2089767456,19731,19741,10
13.0494403839,80.2089767456,19741,19751,10
13.049539566,80.2096786499,19751,19761,10
13.0496397018,80.2105026245,19761,19771,10
13.0497703552,80.2112503052,19771,19782,11
13.0499000549,80.211807251,19782,19792,10
13.0499296188,80.2118835449,19792,19803,11
13.0500202179,80.2119598389,19803,19814,11
13.0503902435,80.2119598389,19814,19824,10
13.0508804321,80.2119369507,19824,19834,10
13.0516300201,80.2119827271,19834,19844,10
13.0527095795,80.2118301392,19844,19854,10
13.053730011,80.2116088867,19854,19864,10
13.0548000336,80.21144104,19864,19874,10
13.0558395386,80.2114715576,19874,19884,10
13.0569000244,80.2114715576,19884,19895,11
13.0580396652,80.2114562988,19895,19905,10
13.0590400696,80.2115097046,19905,19915,10
13.0600204468,80.2115707397,19915,19925,10
13.0609998703,80.2116012573,19925,19946,21
13.0630598068,80.2116012573,19946,19958,12
13.0642404556,80.211479187,19958,19968,10
13.0651502609,80.2110595703,19968,19978,10
13.0659799576,80.2104034424,19978,19988,10
13.0667495728,80.2097396851,19988,19996,8
13.0671796799,80.2091217041,19996,20009,13
13.0678501129,80.2080535889,20009,20018,9
13.0683097839,80.207359314,20018,20029,11
13.0688400269,80.2065811157,20029,20038,9
13.0694704056,80.2056121826,20038,20059,21
13.0694704056,80.2056121826,20059,20068,9
13.069560051,80.2053833008,20068,20079,11
13.0697202682,80.205039978,20079,20089,10
13.0695400238,80.2048416138,20089,20099,10
13.0691900253,80.2050018311,20099,20110,11
13.0689001083,80.2053604126,20110,20120,10
13.0685195923,80.2052612305,20120,20130,10
13.0681400299,80.2052612305,20130,20190,60
13.0681400299,80.2052612305,20190,20209,19
13.0679397583,80.2051391602,20209,20414,205
13.0679397583,80.2051391602,20414,20424,10
13.0682401657,80.2049331665,20424,20435,11
13.0684995651,80.2049026489,20435,20445,10
13.0687103271,80.2048110962,20445,20455,10
13.0689601898,80.2047424316,20455,20465,10
13.0692996979,80.2047424316,20465,20475,10
13.0694799423,80.204750061,20475,20485,10
13.0696201324,80.2048034668,20485,20495,10
13.0697698593,80.2048797607,20495,20505,10
13.0698795319,80.2049789429,20505,20515,10
13.0698099136,80.2051925659,20515,20525,10
13.0694503784,80.2057418823,20525,20535,10
13.0690202713,80.2063903809,20535,20544,9
13.0686101913,80.2070617676,20544,20556,12
13.0679702759,80.2081069946,20556,20566,10
13.0673999786,80.2089920044,20566,20576,10
13.0667800903,80.2098388672,20576,20586,10
13.0659303665,80.2105789185,20586,20596,10
13.0651197433,80.2112197876,20596,20606,10
13.0642595291,80.2116088867,20606,20616,10
13.0633201599,80.2117233276,20616,20626,10
13.0625200272,80.2117385864,20626,20636,10
13.0612602234,80.2116775513,20636,20646,10
13.0601301193,80.2116394043,20646,20655,9
13.0591697693,80.2115783691,20655,20667,12
13.0578699112,80.2115631104,20667,20677,10
13.0567598343,80.2115402222,20677,20687,10
13.0556402206,80.2115402222,20687,20697,10
13.0545797348,80.211517334,20697,20707,10
13.0535802841,80.2117233276,20707,20717,10
13.0525598526,80.2119903564,20717,20727,10
13.0515298843,80.2121582031,20727,20737,10
13.0508298874,80.2121124268,20737,20747,10
13.0499897003,80.2121200562,20747,20757,10
13.0498800278,80.2121276855,20757,20767,10
13.0496301651,80.2121124268,20767,20778,11
13.0491104126,80.2121276855,20778,20788,10
13.0483703613,80.2121734619,20788,20798,10
13.0474796295,80.2122497559,20798,20808,10
13.0464296341,80.2122879028,20808,20818,10
13.0452899933,80.2123184204,20818,20828,10
13.0441198349,80.2123413086,20828,20838,10
13.0429697037,80.2123336792,20838,20848,10
13.0417995453,80.2123184204,20848,20858,10
13.0406999588,80.2123413086,20858,20868,10
13.0394802094,80.2123413086,20868,20879,11
13.0382003784,80.2123413086,20879,20889,10
13.0373802185,80.2123413086,20889,20899,10
13.036529541,80.2123184204,20899,20909,10
13.0355901718,80.2123184204,20909,20919,10
13.0348596573,80.212272644,20919,20929,10
13.0343799591,80.2121734619,20929,20939,10
13.0343704224,80.2121734619,20939,20949,10
13.0339603424,80.2120819092,20949,20959,10
13.033780098,80.2120513916,20959,20969,10
13.0333003998,80.2119369507,20969,20979,10
13.0325803757,80.2117919922,20979,20990,11
13.0320100784,80.2114028931,20990,21000,10
13.0320997238,80.2106399536,21000,21010,10
13.0321598053,80.2098083496,21010,21020,10
13.0314598083,80.2095184326,21020,21030,10
13.0305595398,80.2092285156,21030,21038,8
13.0299301147,80.2090377808,21038,21050,12
13.0294504166,80.2089385986,21050,21060,10
13.0289402008,80.2088012695,21060,21070,10
13.0281400681,80.2085418701,21070,21080,10
13.0273103714,80.2081375122,21080,21090,10
13.0263700485,80.207572937,21090,21101,11
13.0251998901,80.2070465088,21101,21111,10
13.0241003036,80.2068023682,21111,21121,10
13.0230398178,80.2065887451,21121,21131,10
13.0219802856,80.2065200806,21131,21141,10
13.0207500458,80.2064437866,21141,21151,10
13.0195903778,80.2064208984,21151,21161,10
13.0190401077,80.2063217163,21161,21171,10
13.0189800262,80.2062988281,21171,21181,10
13.0186004639,80.2061920166,21181,21191,10
13.0180397034,80.2060012817,21191,21207,16
13.016960144,80.2055206299,21207,21220,13
13.0155801773,80.2050018311,21220,21229,9
13.0146198273,80.2046890259,21229,21240,11
13.013759613,80.2043991089,21240,21250,10
13.0135402679,80.2047729492,21250,21260,10
13.0133304596,80.205406189,21260,21270,10
13.0131196976,80.2061004639,21270,21280,10
13.0130195618,80.2069168091,21280,21290,10
13.0129499435,80.2076034546,21290,21300,10
13.0128898621,80.207901001,21300,21310,10
13.0128698349,80.2084197998,21310,21321,11
13.0128898621,80.2087783813,21321,21330,9
13.0129699707,80.2092208862,21330,21341,11
13.0130996704,80.2095489502,21341,21351,10
13.0131998062,80.2099761963,21351,21361,10
13.0131196976,80.2107009888,21361,21371,10
13.0127897263,80.2114486694,21371,21381,10
13.0123901367,80.2121276855,21381,21391,10
13.0120601654,80.2125778198,21391,21401,10
13.0118904114,80.2127685547,21401,21411,10
13.0116500854,80.2126998901,21411,21421,10
13.0112400055,80.2124404907,21421,21432,11
13.0106096268,80.2119369507,21432,21442,10
13.0100002289,80.2114715576,21442,21452,10
13.0094404221,80.2110595703,21452,21472,20
13.0094404221,80.2110595703,21472,21482,10
13.0093002319,80.2110519409,21482,21492,10
13.0091199875,80.2113265991,21492,21522,30
13.0091199875,80.2113265991,21522,21532,10
13.0090703964,80.2116775513,21532,21543,11
13.0092096329,80.212272644,21543,21553,10
13.0094604492,80.2129592896,21553,21563,10
13.0097103119,80.2136230469,21563,21573,10
13.0100002289,80.2142791748,21573,21583,10
13.0101900101,80.2150115967,21583,21593,10
13.0103597641,80.2158508301,21593,21603,10
13.0107402802,80.2167205811,21603,21613,10
13.0111904144,80.2177505493,21613,21623,10
13.0115604401,80.2188186646,21623,21633,10
13.0119104385,80.2199935913,21633,21643,10
13.0122404099,80.2209777832,21643,21654,11
13.0127601624,80.222038269,21654,21664,10
13.0130901337,80.2223129272,21664,21674,10
13.0134000778,80.2226715088,21674,21684,10
13.013589859,80.2229232788,21684,21714,30
13.013589859,80.2229232788,21714,21724,10
13.0139198303,80.2231521606,21724,21775,51
13.0139198303,80.2231521606,21775,21785,10
13.0141801834,80.2235031128,21785,21795,10
13.0143404007,80.2237472534,21795,21805,10
13.0146198273,80.2241668701,21805,21815,10
13.0151100159,80.224822998,21815,21825,10
13.01541996,80.2252578735,21825,21835,10
13.0152196884,80.2257766724,21835,21845,10
13.014550209,80.2260818481,21845,21855,10
13.0137395859,80.2264099121,21855,21865,10
13.0128002167,80.2267990112,21865,21876,11
13.0116500854,80.2272415161,21876,21886,10
13.0105800629,80.2276687622,21886,21896,10
13.0097198486,80.2278823853,21896,21906,10
13.0096797943,80.2272872925,21906,21916,10
13.0100002289,80.226600647,21916,21926,10
13.0103797913,80.225692749,21926,21936,10
13.0107698441,80.2248001099,21936,21946,10
13.0111503601,80.2238311768,21946,21956,10
13.0112800598,80.2231369019,21956,21966,10
13.0107498169,80.2228775024,21966,21976,10
13.0100498199,80.2225112915,21976,21987,11
13.0092401505,80.2220535278,21987,21997,10
13.0083703995,80.2215805054,21997,22007,10
13.0074100494,80.2211227417,22007,22017,10
13.0064401627,80.2206573486,22017,22027,10
13.0052995682,80.2203979492,22027,22037,10
13.0043001175,80.220199585,22037,22047,10
13.0033597946,80.2199630737,22047,22057,10
13.0024795532,80.2195205688,22057,22067,10
13.0017795563,80.2188110352,22067,22083,16
13.0005302429,80.217880249,22083,22095,12
12.9997501373,80.217338562,22095,22106,11
12.9989795685,80.2169189453,22106,22115,9
12.9979295731,80.2165527344,22115,22126,11
12.9975795746,80.2165298462,22126,22136,10
12.9974803925,80.2165222168,22136,22146,10
12.9969997406,80.2165374756,22146,22156,10
12.9963703156,80.2165985107,22156,22164,8
12.9958000183,80.2167510986,22164,22174,10
12.9949903488,80.2171401978,22174,22186,12
12.9941797256,80.2176971436,22186,22197,11
12.9934396744,80.2181777954,22197,22208,11
12.9926996231,80.2187194824,22208,22218,10
12.991979599,80.2192611694,22218,22228,10
12.9915399551,80.219581604,22228,22238,10
12.9912796021,80.2195129395,22238,22248,10
12.9907598495,80.2193222046,22248,22258,10
12.9900598526,80.2190628052,22258,22268,10
12.9892101288,80.2187576294,22268,22278,10
12.9882097244,80.2184677124,22278,22288,10
12.9873600006,80.2183303833,22288,22298,10
12.9865999222,80.2181625366,22298,22308,10
12.9856395721,80.2179412842,22308,22319,11
12.9845199585,80.2179412842,22319,22329,10
12.9840297699,80.2179718018,22329,22345,16
12.9837398529,80.2179412842,22345,22357,12
12.9830503464,80.2179412842,22357,22367,10
12.9824399948,80.2179336548,22367,22377,10
12.9814195633,80.2180328369,22377,22387,10
12.9803495407,80.2183685303,22387,22397,10
12.9796600342,80.2186737061,22397,22407,10
12.9790401459,80.2189178467,22407,22417,10
12.9786500931,80.2190628052,22417,22428,11
12.978099823,80.2192687988,22428,22437,9
12.9774799347,80.2195510864,22437,22449,12
12.9764499664,80.2199935913,22449,22459,10
12.9757299423,80.2203521729,22459,22469,10
12.9755897522,80.2208328247,22469,22479,10
12.976269722,80.2216796875,22479,22499,20
12.976269722,80.2216796875,22499,22509,10
12.9763002396,80.2218017578,22509,22519,10
12.9764795303,80.2221069336,22519,22529,10
12.9767599106,80.2225418091,22529,22540,11
12.9771795273,80.2232284546,22540,22550,10
12.9776697159,80.2239608765,22550,22560,10
12.9781599045,80.2247314453,22560,22570,10
12.9786701202,80.2255706787,22570,22580,10
12.9791002274,80.2262268066,22580,22590,10
12.9793901443,80.2267303467,22590,22600,10
12.97976017,80.2273712158,22600,22610,10
12.9802103043,80.2281112671,22610,22620,10
12.9805803299,80.2287979126,22620,22630,10
12.9808101654,80.2291564941,22630,22646,16
12.9816999435,80.2305831909,22646,22669,23
12.9816999435,80.2305831909,22669,22679,10
12.9818496704,80.2309494019,22679,22689,10
12.9819803238,80.2315216064,22689,22699,10
12.9820299149,80.2321472168,22699,22709,10
12.981880188,80.2329864502,22709,22719,10
12.9816102982,80.233581543,22719,22729,10
12.9815998077,80.2335968018,22729,22739,10
12.9814596176,80.2338867188,22739,22749,10
12.9812498093,80.2344436646,22749,22760,11
12.9812402725,80.2353591919,22760,22770,10
12.9812698364,80.2363967896,22770,22780,10
12.9812803268,80.2374572754,22780,22790,10
12.981300354,80.2380981445,22790,22800,10
12.9813203812,80.2386398315,22800,22810,10
12.9813299179,80.2386779785,22810,22820,10
12.9813404083,80.2390289307,22820,22830,10
12.9813404083,80.2396774292,22830,22840,10
12.9813404083,80.2404785156,22840,22850,10
12.9813699722,80.2414398193,22850,22860,10
12.9813604355,80.2422637939,22860,22871,11
12.9813804626,80.2428436279,22871,22881,10
12.9813804626,80.2428894043,22881,22891,10
12.9813899994,80.2432403564,22891,22901,10
12.9813604355,80.243850708,22901,22911,10
12.9812602997,80.2446212769,22911,22921,10
12.9811401367,80.2455291748,22921,22931,10
12.9810400009,80.2463226318,22931,22941,10
12.9809598923,80.2472076416,22941,22951,10
12.9808797836,80.2482223511,22951,22961,10
12.9807796478,80.2492980957,22961,22971,10
12.9805698395,80.2503814697,22971,22982,11
12.9802703857,80.2515182495,22982,22992,10
12.9801397324,80.2521133423,22992,23012,20
12.9801397324,80.2521133423,23012,23022,10
12.9800901413,80.2523803711,23022,23032,10
12.9802103043,80.2525634766,23032,23042,10
12.9805402756,80.2526397705,23042,23052,10
12.9811601639,80.2526321411,23052,23062,10
12.9819602966,80.2525863647,23062,23072,10
12.9829101563,80.2525405884,23072,23082,10
12.9839000702,80.2523574829,23082,23093,11
12.9849700928,80.2520675659,23093,23103,10
12.9858798981,80.2518310547,23103,23113,10
12.986700058,80.2516326904,23113,23123,10
12.987739563,80.2513427734,23123,23204,81
12.987739563,80.2513427734,23204,23214,10
12.9879198074,80.2514724731,23214,23224,10
12.9880104065,80.2519683838,23224,23234,10
12.9879903793,80.2528076172,23234,23243,9
12.9878997803,80.2538070679,23243,23254,11
12.9877796173,80.2549591064,23254,23264,10
12.9877099991,80.2557067871,23264,23274,10
12.9876403809,80.2561035156,23274,23284,10
12.9875802994,80.2567901611,23284,23294,10
12.9875097275,80.2576828003,23294,23304,10
12.9874296188,80.258682251,23304,23315,11
12.9873104095,80.2594070435,23315,23375,60
12.9873104095,80.2594070435,23375,23385,10
12.9868297577,80.2595062256,23385,23395,10
12.9867200851,80.2595062256,23395,23405,10
12.9866399765,80.2593002319,23405,23415,10
12.986700058,80.2590484619,23415,24687,1272
12.986700058,80.2590484619,24687,24697,10
12.9867601395,80.2590408325,24697,24707,10
12.9869098663,80.2590866089,24707,24717,10
12.9870500565,80.2591094971,24717,24727,10
12.9872903824,80.2591629028,24727,24737,10
12.9873800278,80.2589569092,24737,24748,11
12.9874095917,80.2584991455,24748,24758,10
12.9874696732,80.2578964233,24758,24768,10
12.9875402451,80.2572021484,24768,24778,10
12.9875898361,80.2564315796,24778,24788,10
12.987660408,80.2557067871,24788,24798,10
12.987739563,80.2550964355,24798,24808,10
12.9877901077,80.25440979,24808,24818,10
12.9878396988,80.2536621094,24818,24828,10
12.9878902435,80.2528305054,24828,24838,10
12.9878902435,80.2520370483,24838,24848,10
12.9877700806,80.251663208,24848,24865,17
12.9871902466,80.2516403198,24865,24877,12
12.9865102768,80.2517776489,24877,24887,10
12.9859695435,80.2519073486,24887,24897,10
12.9849901199,80.2521820068,24897,24906,9
12.9842395782,80.2524032593,24906,24916,10
12.9832801819,80.2526321411,24916,24927,11
12.9820203781,80.2526931763,24927,24936,9
12.9812498093,80.2527084351,24936,24947,11
12.9801301956,80.2527770996,24947,24978,31
12.9801301956,80.2527770996,24978,24988,10
12.9798898697,80.2526626587,24988,24998,10
12.9798898697,80.2524108887,24998,25008,10
12.9799499512,80.2522735596,25008,25018,10
12.9800100327,80.2519226074,25018,25028,10
12.9801998138,80.2513580322,25028,25038,10
12.9804201126,80.2506027222,25038,25048,10
12.9806604385,80.2496871948,25048,25058,10
12.9807701111,80.2487182617,25058,25068,10
12.9808397293,80.2478637695,25068,25079,11
12.980919838,80.2468185425,25079,25089,10
12.981010437,80.2457962036,25089,25099,10
12.9811401367,80.2447509766,25099,25109,10
12.9812097549,80.2438583374,25109,25119,10
12.981300354,80.243637085,25119,25129,10
12.9813699722,80.2433166504,25129,25139,10
12.9813699722,80.2428436279,25139,25149,10
12.9813699722,80.2427978516,25149,25159,10
12.9813804626,80.2426605225,25159,25169,10
12.9813995361,80.2423324585,25169,25179,10
12.9813899994,80.2421112061,25179,25190,11
12.9813995361,80.2415618896,25190,25200,10
12.9813995361,80.2408294678,25200,25210,10
12.9813699722,80.2399902344,25210,25220,10
12.9813499451,80.2391281128,25220,25230,10
12.9813203812,80.2382965088,25230,25240,10
12.9813098907,80.2379608154,25240,25250,10
12.9813098907,80.2378005981,25250,25260,10
12.981300354,80.2373123169,25260,25270,10
12.9812898636,80.236579895,25270,25280,10
12.9812698364,80.235786438,25280,25290,10
12.9812498093,80.234992981,25290,25301,11
12.9813499451,80.2340621948,25301,25311,10
12.9816198349,80.2334365845,25311,25321,10
12.9816904068,80.2332992554,25321,25331,10
12.9818496704,80.2329711914,25331,25341,10
12.982000351,80.2323989868,25341,25351,10
12.9820203781,80.2321777344,25351,25361,10
12.9820203781,80.2318725586,25361,25371,10
12.9820203781,80.2314071655,25371,25381,10
12.9819002151,80.2309188843,25381,25391,10
12.9816904068,80.2305679321,25391,25401,10
12.981300354,80.2299499512,25401,25412,11
12.9809398651,80.2293777466,25412,25422,10
12.9807796478,80.2291564941,25422,25432,10
12.9807701111,80.2291183472,25432,25442,10
12.9806203842,80.228843689,25442,25452,10
12.9803800583,80.2284164429,25452,25462,10
12.9801197052,80.2279205322,25462,25472,10
12.9797000885,80.2272415161,25472,25482,10
12.9792003632,80.2264175415,25482,25492,10
12.9786500931,80.225479126,25492,25502,10
12.9781398773,80.2246627808,25502,25512,10
12.9778499603,80.2242889404,25512,25523,11
12.9774799347,80.2236480713,25523,25533,10
12.9770402908,80.2229232788,25533,25543,10
12.9766597748,80.2223129272,25543,25553,10
12.9762496948,80.2217025757,25553,25563,10
12.9760303497,80.2213973999,25563,25573,10
12.9757204056,80.2210922241,25573,25623,50
12.9757204056,80.2210922241,25623,25640,17
12.9753704071,80.2206268311,25640,25652,12
12.9755601883,80.220413208,25652,25662,10
12.975859642,80.220199585,25662,25672,10
12.9766197205,80.2198562622,25672,25682,10
12.9774198532,80.2195281982,25682,25692,10
12.9781799316,80.2192077637,25692,25702,10
12.9787197113,80.2190170288,25702,25712,10
12.9793195724,80.2188034058,25712,25722,10
12.9800100327,80.2185211182,25722,25729,7
12.9803600311,80.2183837891,25729,25742,13
12.9812898636,80.2180709839,25742,25753,11
12.9822502136,80.217880249,25753,25763,10
12.9832000732,80.2178497314,25763,25773,10
12.9838600159,80.2178268433,25773,25783,10
12.9838695526,80.2178268433,25783,25793,10
12.9841098785,80.2178268433,25793,25803,10
12.9846897125,80.2178192139,25803,25813,10
12.9854803085,80.2178268433,25813,25836,23
12.9873695374,80.2182235718,25836,25848,12
12.9874801636,80.21824646,25848,25858,10
12.9877700806,80.2183303833,25858,25869,11
12.9885997772,80.2185287476,25869,25879,10
12.9894800186,80.2188110352,25879,25888,9
12.9903402328,80.2191085815,25888,25898,10
12.991230011,80.219367981,25898,25909,11
12.991900444,80.2192764282,25909,25920,11
12.9925203323,80.2188186646,25920,25930,10
12.9933395386,80.2182235718,25930,25940,10
12.994099617,80.2176818848,25940,25950,10
12.99477005,80.2172012329,25950,25960,10
12.9954204559,80.2168121338,25960,25971,11
12.9961996078,80.2165908813,25971,25981,10
12.9970197678,80.2164993286,25981,25991,10
12.997469902,80.2162017822,25991,26001,10
12.9975795746,80.2161178589,26001,26011,10
12.9976797104,80.2160110474,26011,26021,10
12.9980201721,80.2156982422,26021,26031,10
12.9985303879,80.2152328491,26031,26041,10
12.9990797043,80.2147827148,26041,26051,10
12.9993095398,80.2145690918,26051,26061,10
12.9997596741,80.2141799927,26061,26071,10
13.000120163,80.2138900757,26071,26082,11
13.0007095337,80.2133331299,26082,26092,10
13.0013303757,80.2128601074,26092,26102,10
13.0020704269,80.2123413086,26102,26110,8
13.0026702881,80.2121124268,26110,26122,12
13.0031499863,80.2120895386,26122,26132,10
13.0036001205,80.2119903564,26132,26142,10
13.0036497116,80.2119522095,26142,26152,10
13.0037603378,80.2118530273,26152,26162,10
13.0037698746,80.2114562988,26162,26172,10
13.0037002563,80.2107772827,26172,26182,10
13.0036001205,80.2100372314,26182,26193,11
13.0036201477,80.2092285156,26193,26203,10
13.0039596558,80.2086181641,26203,26213,10
13.0048303604,80.2089767456,26213,26223,10
13.00578022,80.2093811035,26223,26233,10
13.006360054,80.209602356,26233,26243,10
13.0068798065,80.2097625732,26243,26253,10
13.0072202682,80.2098007202,26253,26263,10
13.007399559,80.2098617554,26263,26273,10
13.0075502396,80.2098999023,26273,26283,10
13.0079803467,80.2099609375,26283,26293,10
13.0081396103,80.2098083496,26293,26304,11
13.0080003738,80.2091598511,26304,26314,10
13.0078802109,80.2083129883,26314,26324,10
13.0077495575,80.207321167,26324,26334,10
13.0075998306,80.2062301636,26334,26344,10
13.0075397491,80.2052230835,26344,26354,10
13.0075397491,80.2042694092,26354,26364,10
13.0074300766,80.203338623,26364,26374,10
13.0070800781,80.2025299072,26374,26384,10
13.0065402985,80.2029876709,26384,26394,10
13.0069303513,80.2034378052,26394,26404,10
13.007610321,80.2036972046,26404,26415,11
13.0085897446,80.2036972046,26415,26425,10
13.0097398758,80.2036209106,26425,26441,16
13.0116996765,80.2037277222,26441,26453,12
13.0130796432,80.2040023804,26453,26463,10
13.0138502121,80.2042388916,26463,26473,10
13.0147199631,80.2045516968,26473,26483,10
13.0157604218,80.2049331665,26483,26493,10
13.016500473,80.2052078247,26493,26503,10
13.0172195435,80.2052307129,26503,26513,10
13.0183601379,80.2058029175,26513,26524,11
13.0185804367,80.2058563232,26524,26534,10
13.0189599991,80.2060623169,26534,26544,10
13.0196304321,80.2062530518,26544,26554,10
13.0204601288,80.2062835693,26554,26564,10
13.0214004517,80.2062835693,26564,26574,10
13.0223999023,80.2063674927,26574,26584,10
13.0234003067,80.2065811157,26584,26594,10
13.0241098404,80.2066421509,26594,26604,10
13.0244598389,80.206741333,26604,26614,10
13.0251703262,80.2069015503,26614,26624,10
13.0260801315,80.2072982788,26624,26635,11
13.027179718,80.2079620361,26635,26645,10
13.0282297134,80.2085113525,26645,26655,10
13.0293197632,80.2087783813,26655,26665,10
13.03028965,80.2090301514,26665,26675,10
13.0312595367,80.2092819214,26675,26685,10
13.0313997269,80.2092971802,26685,26695,10
13.0316095352,80.2093887329,26695,26705,10
13.0321397781,80.2095108032,26705,26715,10
13.0328798294,80.2096633911,26715,26725,10
13.0338697433,80.2098617554,26725,26735,10
13.034910202,80.2101135254,26735,26746,11
13.0350399017,80.2109222412,26746,26766,20
13.0350399017,80.2109222412,26766,26776,10
13.0350198746,80.211227417,26776,26786,10
13.0349302292,80.2116088867,26786,26796,10
13.0349798203,80.2121734619,26796,26806,10
13.03565979,80.2123031616,26806,26816,10
13.0363798141,80.2123184204,26816,26826,10
13.0375204086,80.2123184204,26826,26836,10
13.038599968,80.2123413086,26836,26846,10
13.0396900177,80.2123336792,26846,26857,11
13.0407800674,80.2123031616,26857,26867,10
13.0419397354,80.2122879028,26867,26877,10
13.043009758,80.2123031616,26877,26887,10
13.043680191,80.212310791,26887,26897,10
13.0441703796,80.2123031616,26897,26907,10
13.0447998047,80.2122802734,26907,26917,10
13.0455904007,80.2122573853,26917,26927,10
13.0464000702,80.2122268677,26927,26937,10
13.0470399857,80.2122116089,26937,26947,10
13.0481300354,80.2120895386,26947,26968,21
13.0481300354,80.2120895386,26968,26978,10
13.0484304428,80.2120437622,26978,26988,10
13.048910141,80.2119827271,26988,26998,10
13.0493497849,80.2119369507,26998,27008,10
13.0493602753,80.2119369507,27008,27018,10
13.0493898392,80.2119903564,27018,27028,10
13.0497598648,80.2119369507,27028,27038,10
13.0502996445,80.2119598389,27038,27048,10
13.0508098602,80.2119979858,27048,27058,10
13.0514202118,80.2119903564,27058,27069,11
13.0524597168,80.2118988037,27069,27080,11
13.0544700623,80.2114486694,27080,27110,30
13.0544700623,80.2114486694,27110,27120,10
13.054599762,80.2114181519,27120,27130,10
13.0549898148,80.2114105225,27130,27140,10
13.0557403564,80.2114028931,27140,27150,10
13.0566396713,80.2114181519,27150,27160,10
13.0575895309,80.2114181519,27160,27170,10
13.0578098297,80.2114028931,27170,27181,11
13.0585002899,80.2114334106,27181,27191,10
13.0593500137,80.2115020752,27191,27201,10
13.0604000092,80.2115783691,27201,27211,10
13.0614595413,80.2116088867,27211,27221,10
13.0624599457,80.2116165161,27221,27230,9
13.0632400513,80.2115325928,27230,27241,11
13.063659668,80.2115020752,27241,27251,10
13.0643396378,80.2114181519,27251,27261,10
13.0651397705,80.2110214233,27261,27270,9
13.0658197403,80.2104873657,27270,27281,11
13.0665597916,80.2098464966,27281,27291,10
13.0671596527,80.2091064453,27291,27302,11
13.0673398972,80.2087936401,27302,27312,10
13.0673904419,80.2086486816,27312,27322,10
13.0676002502,80.2083129883,27322,27332,10
13.067990303,80.2077331543,27332,27342,10
13.0684299469,80.2070999146,27342,27352,10
13.0689201355,80.2063598633,27352,27362,10
13.069439888,80.2055664063,27362,27372,10
13.0697202682,80.2050018311,27372,27382,10
13.0696201324,80.2048492432,27382,27392,10
13.0692796707,80.2048873901,27392,27402,10
13.0690202713,80.2052612305,27402,27413,11
13.0686397552,80.2051696777,27413,27423,10
13.0681200027,80.2051925659,27423,28200,777
13.0680799484,80.2049026489,28200,28270,70
13.0680799484,80.2049026489,28270,28280,10
13.06828022,80.2049407959,28280,28291,11
13.0685300827,80.2049026489,28291,28301,10
13.0686798096,80.2048416138,28301,28311,10
13.0692901611,80.2047424316,28311,28351,40
13.0692901611,80.2047424316,28351,28361,10
13.0694999695,80.2047729492,28361,28371,10
13.0697603226,80.2048416138,28371,28381,10
13.0698604584,80.2051773071,28381,28391,10
13.0695104599,80.2057418823,28391,28402,11
13.0691003799,80.2063980103,28402,28412,10
13.0686998367,80.20703125,28412,28422,10
13.06828022,80.2077102661,28422,28432,10
13.0678396225,80.2084121704,28432,28442,10
13.0673503876,80.2091827393,28442,28452,10
13.0668001175,80.2098770142,28452,28462,10
13.0661401749,80.2104415894,28462,28472,10
13.0655002594,80.2109909058,28472,28482,10
13.0651798248,80.2112503052,28482,28492,10
13.0651197433,80.2113037109,28492,28502,10
13.0649700165,80.2113800049,28502,28512,10
13.0645599365,80.2115631104,28512,28523,11
13.0640096664,80.2117385864,28523,28533,10
13.063750267,80.211730957,28533,28549,16
13.0628299713,80.2117462158,28549,28561,12
13.0621900558,80.2117385864,28561,28571,10
13.0614004135,80.2116699219,28571,28581,10
13.0604600906,80.2116775513,28581,28591,10
13.0595598221,80.2116699219,28591,28599,8
13.0588302612,80.2116165161,28599,28611,12
13.0580396652,80.2116165161,28611,28622,11
13.0578603745,80.2116088867,28622,28633,11
13.05768013,80.2116165161,28633,28643,10
13.0572004318,80.2116165161,28643,28653,10
13.0564899445,80.2116012573,28653,28664,11
13.0555295944,80.2115707397,28664,28673,9
13.0546703339,80.211517334,28673,28683,10
13.0536603928,80.2117080688,28683,28692,9
13.0527601242,80.2119598389,28692,28702,10
13.0518302917,80.2121963501,28702,28713,11
13.050860405,80.2122497559,28713,28723,10
13.050330162,80.2121734619,28723,28754,31
13.050330162,80.2121734619,28754,28764,10
13.0501003265,80.2121582031,28764,28774,10
13.0498600006,80.2121810913,28774,28794,20
13.0498600006,80.2121810913,28794,28804,10
13.0496397018,80.2121276855,28804,28814,10
13.0489997864,80.2121429443,28814,28824,10
13.0482301712,80.2122116089,28824,28834,10
13.0473403931,80.2122879028,28834,28844,10
13.0462999344,80.2123336792,28844,28855,11
13.0452604294,80.2123794556,28855,28865,10
13.0448598862,80.2124328613,28865,28875,10
13.044670105,80.2124404907,28875,28885,10
13.0442304611,80.2124099731,28885,28895,10
13.0434904099,80.2124023438,28895,28905,10
13.0426101685,80.2123718262,28905,28921,16
13.0408697128,80.2123413086,28921,28933,12
13.0394897461,80.2124023438,28933,28943,10
13.0383996964,80.212387085,28943,28953,10
13.0373001099,80.2123794556,28953,28964,11
13.0360803604,80.212348938,28964,28974,10
13.0352497101,80.2123184204,28974,28984,10
13.0345401764,80.2122192383,28984,29004,20
13.0343399048,80.2121734619,29004,29024,20
13.0343399048,80.2121734619,29024,29034,10
13.0341596603,80.212097168,29034,29044,10
13.0338096619,80.2120437622,29044,29054,10
13.0333595276,80.2119827271,29054,29065,11
13.0329999924,80.2118911743,29065,29076,11
13.0324001312,80.211807251,29076,29086,10
13.0320301056,80.2114028931,29086,29096,10
13.0320997238,80.2106781006,29096,29106,10
13.0321397781,80.2098388672,29106,29116,10
13.0317497253,80.2095489502,29116,29126,10
13.0311002731,80.2093276978,29126,29136,10
13.0304498672,80.2091903687,29136,29146,10
13.0300397873,80.2090606689,29146,29156,10
13.0296401978,80.2089614868,29156,29166,10
13.0295000076,80.2089385986,29166,29176,10
13.0292701721,80.2088470459,29176,29187,11
13.0285902023,80.2086486816,29187,29196,9
13.027879715,80.2084274292,29196,29207,11
13.0270700455,80.2079620361,29207,29217,10
13.026309967,80.2074966431,29217,29227,10
13.0253601074,80.207069397,29227,29237,10
13.0244703293,80.2069168091,29237,29247,10
13.0242595673,80.2069015503,29247,29257,10
13.0238399506,80.2067871094,29257,29267,10
13.0232000351,80.2066574097,29267,29277,10
13.0223798752,80.2065429688,29277,29287,10
13.0214595795,80.2064666748,29287,29297,10
13.020409584,80.2064590454,29297,29308,11
13.0195102692,80.2064285278,29308,29318,10
13.0189695358,80.2063064575,29318,29328,10
13.0188703537,80.2062606812,29328,29338,10
13.0184803009,80.2061080933,29338,29348,10
13.0178203583,80.2058563232,29348,29358,10
13.0171804428,80.205619812,29358,29368,10
13.016409874,80.2053604126,29368,29378,10
13.0155296326,80.2050704956,29378,29388,10
13.0143699646,80.2046432495,29388,29398,10
13.0136604309,80.2044525146,29398,29409,11
13.0135402679,80.2047195435,29409,29419,10
13.0133895874,80.2052764893,29419,29429,10
13.0131502151,80.2060394287,29429,29439,10
13.013010025,80.2070007324,29439,29449,10
13.0129203796,80.2077865601,29449,29459,10
13.0128698349,80.2081604004,29459,29469,10
13.0128803253,80.2085800171,29469,29479,10
13.0129003525,80.2089614868,29479,29489,10
13.0130796432,80.2095184326,29489,29499,10
13.0131597519,80.2099914551,29499,29509,10
13.0130500793,80.2108001709,29509,29520,11
13.0126800537,80.2116012573,29520,29530,10
13.0122804642,80.2122573853,29530,29540,10
13.0119800568,80.2126998901,29540,29550,10
13.0118398666,80.2128295898,29550,29560,10
13.0115995407,80.212677002,29560,29570,10
13.0111598969,80.2123718262,29570,29580,10
13.0105800629,80.2119369507,29580,29590,10
13.0101900101,80.2116012573,29590,29600,10
13.0101604462,80.2115631104,29600,29610,10
13.00963974,80.2111663818,29610,29641,31
13.00963974,80.2111663818,29641,29651,10
13.0094900131,80.2110595703,29651,29661,10
13.0094203949,80.2110366821,29661,29671,10
13.0093002319,80.2111663818,29671,29681,10
13.0091199875,80.2114028931,29681,29691,10
13.0090999603,80.2114105225,29691,29701,10
13.0090303421,80.2115478516,29701,29711,10
13.0090904236,80.2117996216,29711,29721,10
13.0092201233,80.2122192383,29721,29731,10
13.0093803406,80.2127075195,29731,29742,11
13.0095996857,80.2132873535,29742,29752,10
13.0097799301,80.213760376,29752,29762,10
13.0099201202,80.2141189575,29762,29778,16
13.010140419,80.2149200439,29778,29790,12
13.0103197098,80.2158508301,29790,29798,8
13.0106401443,80.2165603638,29798,29810,12
13.0112199783,80.2178421021,29810,29820,10
13.0116500854,80.2191009521,29820,29830,10
13.0120401382,80.2203903198,29830,29839,9
13.012339592,80.2213668823,29839,29850,11
13.0128002167,80.2221832275,29850,29860,10
13.0135097504,80.2228775024,29860,29871,11
13.0142097473,80.2237319946,29871,29881,10
13.0147895813,80.2245025635,29881,29890,9
13.0153102875,80.225112915,29890,29901,11
13.0153999329,80.2255935669,29901,29911,10
13.0150699615,80.2258834839,29911,29921,10
13.0149898529,80.2259063721,29921,29931,10
13.014749527,80.2259979248,29931,29941,10
13.0142297745,80.2262191772,29941,29951,10
13.0135097504,80.2265014648,29951,29962,11
13.0125904083,80.226852417,29962,29972,10
13.0116596222,80.2272415161,29972,29982,10
13.01060009,80.2276535034,29982,29992,10
13.0097198486,80.2278823853,29992,30002,10
13.0095996857,80.2274169922,30002,30012,10
13.0098896027,80.2267990112,30012,30022,10
13.0102100372,80.2260818481,30022,30032,10
13.0105695724,80.2252197266,30032,30042,10
13.0109701157,80.2242965698,30042,30052,10
13.0112895966,80.2234420776,30052,30062,10
13.0110397339,80.2230606079,30062,30073,11
13.0103197098,80.2226791382,30073,30083,10
13.0095796585,80.2222824097,30083,30093,10
13.0087299347,80.2218322754,30093,30103,10
13.0077495575,80.221321106,30103,30113,10
13.0068101883,80.2208404541,30113,30123,10
13.0058202744,80.2205429077,30123,30133,10
13.00481987,80.2202987671,30133,30143,10
13.004119873,80.2201309204,30143,30153,10
13.0031795502,80.2199325562,30153,30163,10
13.0023803711,80.2194290161,30163,30173,10
13.0017499924,80.2189025879,30173,30184,11
13.0007400513,80.2180404663,30184,30194,10
13.0000600815,80.2176132202,30194,30204,10
12.9992599487,80.2171401978,30204,30214,10
12.9982700348,80.2166671753,30214,30224,10
12.9974803925,80.2165222168,30224,30234,10
12.9973897934,80.2165298462,30234,30244,10
12.9972801208,80.2165222168,30244,30254,10
12.9968795776,80.2165603638,30254,30264,10
12.9961395264,80.2166366577,30264,30274,10
12.9952697754,80.2169189453,30274,30284,10
12.9948101044,80.2172470093,30284,30295,11
12.994310379,80.2176132202,30295,30305,10
12.9938697815,80.2179489136,30305,30315,10
12.9932699203,80.2183609009,30315,30325,10
12.9926595688,80.2188262939,30325,30335,10
12.9918403625,80.2194213867,30335,30345,10
12.9914197922,80.2195892334,30345,30355,10
12.9910001755,80.2194137573,30355,30365,10
12.9903297424,80.2192001343,30365,30375,10
12.9895200729,80.2188720703,30375,30385,10
12.988530159,80.218536377,30385,30395,10
12.9875497818,80.2183685303,30395,30406,11
12.987039566,80.2182769775,30406,30416,10
12.9868402481,80.21824646,30416,30426,10
12.986700058,80.2182006836,30426,30436,10
12.986240387,80.2180786133,30436,30446,10
12.9854097366,80.2179412842,30446,30462,16
12.9840602875,80.2179794312,30462,30474,12
12.9839696884,80.2180023193,30474,30484,10
12.9835996628,80.2180023193,30484,30494,10
12.9830303192,80.2180023193,30494,30504,10
12.982170105,80.2179870605,30504,30514,10
12.9812698364,80.2181167603,30514,30525,11
12.9802904129,80.2184371948,30525,30535,10
12.9796895981,80.2186889648,30535,30545,10
12.979180336,80.2189102173,30545,30555,10
12.9786901474,80.2191162109,30555,30565,10
12.9781198502,80.2193069458,30565,30575,10
12.9773902893,80.2196273804,30575,30585,10
12.9765195847,80.2200012207,30585,30595,10
12.9759397507,80.2203063965,30595,30637,42
12.9759397507,80.2203063965,30637,30647,10
12.9757003784,80.2203674316,30647,30657,10
12.975520134,80.2205886841,30657,30666,9
12.9756202698,80.2209320068,30666,30677,11
12.9760103226,80.221321106,30677,30687,10
12.9762496948,80.2216262817,30687,30696,9
12.9763402939,80.2218704224,30696,30717,21
12.9763402939,80.2218704224,30717,30727,10
12.9764499664,80.2221832275,30727,30738,11
12.9768295288,80.2226409912,30738,30748,10
12.9772396088,80.2232971191,30748,30758,10
12.9777297974,80.2240905762,30758,30768,10
12.9782400131,80.2248916626,30768,30778,10
12.9787397385,80.2257003784,30778,30788,10
12.9791402817,80.226348877,30788,30798,10
12.9793796539,80.2267379761,30798,30808,10
12.9797201157,80.2272720337,30808,30818,10
12.9801397324,80.2279510498,30818,30828,10
12.9805803299,80.2287063599,30828,30844,16
12.980919838,80.2292480469,30844,30857,13
12.9812498093,80.2297668457,30857,30867,10
12.9815502167,80.2302627563,30867,30877,10
12.9817199707,80.2305221558,30877,30887,10
12.981760025,80.2306289673,30887,30897,10
12.9819002151,80.2310409546,30897,30907,10
12.9820203781,80.2316589355,30907,30917,10
12.9820404053,80.2321624756,30917,30927,10
12.9820203781,80.2324066162,30927,30937,10
12.981880188,80.2329406738,30937,30957,20
12.981880188,80.2329406738,30957,30968,11
12.9818000793,80.2332000732,30968,30978,10
12.9816398621,80.2334976196,30978,30988,10
12.9816303253,80.2335205078,30988,30998,10
12.9814395905,80.2338562012,30998,31008,10
12.9812297821,80.2344970703,31008,31018,10
12.9812097549,80.2351989746,31018,31028,10
12.9812602997,80.2363891602,31028,31038,10
12.9812803268,80.2373504639,31038,31048,10
12.9813098907,80.2378768921,31048,31058,10
12.9813098907,80.2383270264,31058,31068,10
12.9813203812,80.2386016846,31068,31079,11
12.9813203812,80.2387466431,31079,31089,10
12.9813404083,80.2392883301,31089,31129,40
12.9813404083,80.2392883301,31129,31139,10
12.9813499451,80.2396774292,31139,31148,9
12.9813699722,80.2400894165,31148,31159,11
12.9813899994,80.240852356,31159,31169,10
12.9813804626,80.2416534424,31169,31179,10
12.9813699722,80.2422714233,31179,31190,11
12.9813804626,80.2425384521,31190,31200,10
12.9813899994,80.242767334,31200,31210,10
12.9813899994,80.2428512573,31210,31220,10
12.9813699722,80.2432098389,31220,31230,10
12.9813499451,80.2437133789,31230,31240,10
12.9812402725,80.2444381714,31240,31250,10
12.9811201096,80.2453384399,31250,31260,10
12.9809904099,80.2463302612,31260,31270,10
12.9808797836,80.247428894,31270,31280,10
12.980799675,80.2484436035,31280,31290,10
12.9806699753,80.2497024536,31290,31301,11
12.9803800583,80.2509307861,31301,31311,10
12.9801197052,80.2521820068,31311,31331,20
12.9801197052,80.2521820068,31331,31341,10
12.980099678,80.2522277832,31341,31351,10
12.9800901413,80.2523727417,31351,31361,10
12.9802598953,80.2525405884,31361,31371,10
12.9806804657,80.2526168823,31371,31381,10
12.9813098907,80.2526016235,31381,31391,10
12.9817800522,80.2526016235,31391,31401,10
12.9824495316,80.2525787354,31401,31412,11
12.9833402634,80.2525100708,31412,31422,10
12.984000206,80.2523269653,31422,31432,10
12.9843101501,80.2522506714,31432,31442,10
12.9847698212,80.2521286011,31442,31452,10
12.9853401184,80.2519836426,31452,31462,10
12.985619545,80.2518692017,31462,31472,10
12.9860696793,80.251739502,31472,31482,10
12.9866399765,80.2516326904,31482,31492,10
12.9868202209,80.2515792847,31492,31502,10
12.9870901108,80.2515182495,31502,31512,10
12.987279892,80.2514572144,31512,31755,243
12.987279892,80.2514572144,31755,31765,10
12.9875898361,80.2513809204,31765,31775,10
12.9879398346,80.2515182495,31775,31785,10
12.9880399704,80.2520217896,31785,31795,10
12.9880104065,80.2526702881,31795,31804,9
12.9879198074,80.2535171509,31804,31815,11
12.9878501892,80.2541503906,31815,31825,10
12.9877996445,80.2546234131,31825,31835,10
12.9877700806,80.255241394,31835,31845,10
12.9876899719,80.2558364868,31845,31856,11
12.9876298904,80.2563400269,31856,31866,10
12.9876203537,80.256401062,31866,31876,10
12.9875602722,80.2567367554,31876,31886,10
12.9875001907,80.2573928833,31886,31896,10
12.987449646,80.2582702637,31896,31906,10
12.9874000549,80.2589187622,31906,31916,10
12.9873304367,80.259147644,31916,31926,10
12.9871797562,80.2595825195,31926,31946,20
12.9871797562,80.2595825195,31946,31956,10
12.9870901108,80.2595977783,31956,31966,10
12.9868497849,80.2595062256,31966,31977,11
12.986700058,80.2594223022,31977,31987,10
12.9867401123,80.2591781616,31987,32844,857
12.9869604111,80.2590789795,32844,33036,192
12.9867296219,80.2591171265,33036,33591,555
12.9871101379,80.2591018677,33591,33621,30
12.9871101379,80.2591018677,33621,33631,10
12.9873695374,80.258972168,33631,33641,10
12.9874095917,80.2586669922,33641,33652,11
12.9874200821,80.2584915161,33652,33662,10
12.987449646,80.2582626343,33662,33672,10
12.9875001907,80.2580337524,33672,33682,10
12.9875001907,80.2579193115,33682,33692,10
12.9875402451,80.257598877,33692,33702,10
12.9875602722,80.2571411133,33702,33712,10
12.9875802994,80.2566986084,33712,33722,10
12.9875802994,80.2561187744,33722,33732,10
12.9876298904,80.2557983398,33732,33742,10
12.987739563,80.2554168701,33742,33752,10
12.9877595901,80.2549209595,33752,33763,11
12.9877996445,80.2546691895,33763,33773,10
12.9878396988,80.2543334961,33773,33783,10
12.9878501892,80.2539215088,33783,33793,10
12.9879102707,80.2535705566,33793,34025,232
12.9879102707,80.2535705566,34025,34035,10
12.9879198074,80.2534332275,34035,34045,10
12.9879398346,80.2530212402,34045,34055,10
12.9879302979,80.252456665,34055,34065,10
12.9878902435,80.2520217896,34065,34075,10
12.9877700806,80.2516708374,34075,34085,10
12.9877700806,80.251663208,34085,34096,11
12.9874200821,80.2516021729,34096,34106,10
12.9868297577,80.2516784668,34106,34116,10
12.9860496521,80.2518692017,34116,34126,10
12.9851198196,80.2520980835,34126,34136,10
12.9840602875,80.2523880005,34136,34146,10
12.9829397202,80.2526092529,34146,34156,10
12.9817800522,80.2526397705,34156,34166,10
12.9807500839,80.2526626587,34166,34174,8
12.9799900055,80.2526779175,34174,34219,45
12.9799900055,80.2526779175,34219,34229,10
12.9799098969,80.252571106,34229,34239,10
12.9799203873,80.2522201538,34239,34249,10
12.9799203873,80.2522125244,34249,34259,10
12.9799804688,80.2520904541,34259,34282,23
12.980340004,80.2508773804,34282,34294,12
12.9806404114,80.2498321533,34294,34304,10
12.9807701111,80.2489929199,34304,34314,10
12.9808597565,80.247718811,34314,34324,10
12.9809503555,80.2465591431,34324,34334,10
12.9810695648,80.2453765869,34334,34345,11
12.981180191,80.2442016602,34345,34405,60
12.981180191,80.2442016602,34405,34415,10
12.9812202454,80.2438964844,34415,34425,10
12.9812297821,80.2437973022,34425,34435,10
12.9813098907,80.2436599731,34435,34446,11
12.9813699722,80.2434463501,34446,34516,70
12.9813699722,80.2434463501,34516,34526,10
12.9813499451,80.2429962158,34526,34536,10
12.9813899994,80.2427825928,34536,34546,10
12.9814100266,80.2426986694,34546,34557,11
12.9814100266,80.2422637939,34557,34567,10
12.9813804626,80.2415771484,34567,34577,10
12.9813899994,80.2407226563,34577,34587,10
12.9813699722,80.2397994995,34587,34597,10
12.9813604355,80.239151001,34597,34607,10
12.9813499451,80.2383728027,34607,34617,10
12.9813299179,80.2379837036,34617,34627,10
12.9813203812,80.237953186,34627,34637,10
12.981300354,80.2376022339,34637,34647,10
12.9812898636,80.2369613647,34647,34657,10
12.9812803268,80.2361602783,34657,34668,11
12.9812498093,80.2351837158,34668,34678,10
12.9812602997,80.2343063354,34678,34688,10
12.9814195633,80.2338180542,34688,34698,10
12.9816198349,80.2333984375,34698,34718,20
12.9816198349,80.2333984375,34718,34728,10
12.9816999435,80.233253479,34728,34738,10
12.9818496704,80.2329025269,34738,34748,10
12.9819202423,80.2327194214,34748,34758,10
12.9820203781,80.2324295044,34758,34807,49
12.9820203781,80.2324295044,34807,34817,10
12.9820404053,80.2320404053,34817,34826,9
12.9820203781,80.2316589355,34826,34837,11
12.9819402695,80.2311172485,34837,34847,10
12.9817800522,80.2307128906,34847,34857,10
12.9814596176,80.2301712036,34857,34867,10
12.9810400009,80.2294998169,34867,34877,10
12.9808301926,80.2291564941,34877,34888,11
12.9807500839,80.2290115356,34888,34898,10
12.9807100296,80.2289428711,34898,34908,10
12.9805202484,80.2286224365,34908,34918,10
12.980340004,80.2282409668,34918,34928,10
12.980099678,80.2278594971,34928,34938,10
12.9797201157,80.2272109985,34938,34948,10
12.9792995453,80.2265090942,34948,34958,10
12.9788198471,80.2257385254,34958,34968,10
12.9784002304,80.2249984741,34968,34978,10
12.9782600403,80.2247772217,34978,34988,10
12.9779500961,80.224319458,34988,34998,10
12.9775600433,80.2236633301,34998,35015,17
12.9768800735,80.2225418091,35015,35027,12
12.9764604568,80.2219085693,35027,35035,8
12.9761400223,80.2214813232,35035,35047,12
12.9757299423,80.2210388184,35047,35107,60
12.9757299423,80.2210388184,35107,35118,11
12.9754295349,80.2208023071,35118,35138,20
12.9754295349,80.2208023071,35138,35148,10
12.9754400253,80.2205886841,35148,35158,10
12.9756603241,80.2203369141,35158,35168,10
12.9760904312,80.2201385498,35168,35178,10
12.9766998291,80.2198562622,35178,35188,10
12.9774599075,80.2195281982,35188,35198,10
12.9783201218,80.2191925049,35198,35208,10
12.9787902832,80.2190170288,35208,35218,10
12.9794101715,80.2187805176,35218,35229,11
12.9801797867,80.2184524536,35229,35239,10
12.9808797836,80.2181930542,35239,35249,10
12.9817199707,80.2179489136,35249,35259,10
12.9825201035,80.217880249,35259,35269,10
12.9837999344,80.217880249,35269,35299,30
12.9837999344,80.217880249,35299,35309,10
12.9840402603,80.2179489136,35309,35319,10
12.9844903946,80.2179031372,35319,35329,10
12.9846696854,80.217880249,35329,35340,11
12.9852304459,80.2178726196,35340,35350,10
12.9859399796,80.217956543,35350,35360,10
12.9867200851,80.218132019,35360,35370,10
12.9873199463,80.2182235718,35370,35386,16
12.9874200821,80.2182235718,35386,35398,12
12.9877796173,80.2183227539,35398,35408,10
12.988240242,80.218421936,35408,35418,10
12.9891395569,80.2186279297,35418,35428,10
12.9895601273,80.2187728882,35428,35438,10
12.9900398254,80.2189178467,35438,35448,10
12.9907398224,80.2191619873,35448,35459,11
12.9916095734,80.2193832397,35459,35469,10
12.9921398163,80.219078064,35469,35477,8
12.9926099777,80.21875,35477,35489,12
12.993519783,80.2180633545,35489,35499,10
12.9938802719,80.2178192139,35499,35509,10
12.9939603806,80.2177810669,35509,35519,10
12.9941596985,80.2176437378,35519,35529,10
12.9944095612,80.2174682617,35529,35560,31
12.9944095612,80.2174682617,35560,35570,10
12.9946498871,80.2173080444,35570,35580,10
12.9947900772,80.2172088623,35580,35590,10
12.995059967,80.2170181274,35590,35600,10
12.9954795837,80.2167663574,35600,35610,10
12.9960603714,80.2166213989,35610,35620,10
12.9964103699,80.2165527344,35620,35630,10
12.9968595505,80.2164993286,35630,35640,10
12.9972600937,80.2163925171,35640,35650,10
12.9975404739,80.2161026001,35650,35660,10
12.9975404739,80.2161102295,35660,35671,11
12.9978599548,80.2158203125,35671,35681,10
12.9983301163,80.2154083252,35681,35691,10
12.9989595413,80.2148971558,35691,35701,10
12.9992599487,80.2146377563,35701,35711,10
12.9996404648,80.2143173218,35711,35721,10
13.0000696182,80.2139587402,35721,35730,9
13.000459671,80.2136230469,35730,35741,11
13.00096035,80.213142395,35741,35751,10
13.0013399124,80.2128372192,35751,35761,10
13.0018596649,80.2124786377,35761,35771,10
13.0023097992,80.2122192383,35771,35781,10
13.002699852,80.2121200562,35781,35792,11
13.0031404495,80.2120819092,35792,35802,10
13.0035600662,80.2119827271,35802,35812,10
13.0036001205,80.2119522095,35812,35822,10
13.0037298203,80.2116470337,35822,35832,10
13.0037202835,80.2110671997,35832,35842,10
13.0036296844,80.2104034424,35842,35852,10
13.0035495758,80.2097091675,35852,35862,10
13.0036401749,80.209022522,35862,35878,16
13.0043497086,80.2087631226,35878,35890,12
13.0050601959,80.2090682983,35890,35898,8
13.0052404404,80.2091369629,35898,35910,12
13.0055999756,80.2092971802,35910,35921,11
13.0057401657,80.2093582153,35921,35931,10
13.0059099197,80.2094192505,35931,35941,10
13.0059404373,80.2094268799,35941,35951,10
13.0061702728,80.2095184326,35951,35961,10
13.0065002441,80.209602356,35961,35971,10
13.0067596436,80.2096862793,35971,35981,10
13.007399559,80.209777832,35981,36012,31
13.007399559,80.209777832,36012,36022,10
13.0075798035,80.2098388672,36022,36032,10
13.007900238,80.2098770142,36032,36042,10
13.0082101822,80.2098083496,36042,36052,10
13.0080900192,80.2093276978,36052,36062,10
13.0079698563,80.2086715698,36062,36072,10
13.0078601837,80.2079086304,36072,36082,10
13.0077199936,80.2070770264,36082,36092,10
13.0076198578,80.206199646,36092,36102,10
13.0075597763,80.2053604126,36102,36112,10
13.0075597763,80.2046966553,36112,36123,11
13.0075302124,80.203956604,36123,36133,10
13.0074100494,80.2031784058,36133,36143,10
13.0070104599,80.2025222778,36143,36153,10
13.0065402985,80.2029037476,36153,36163,10
13.0068798065,80.2033920288,36163,36173,10
13.0074901581,80.2036514282,36173,36183,10
13.0080404282,80.2037200928,36183,36193,10
13.0091400146,80.2036590576,36193,36203,10
13.0102596283,80.2036132813,36203,36213,10
13.011469841,80.2036819458,36213,36223,10
13.0125799179,80.2038574219,36223,36233,10
13.0134801865,80.2040710449,36233,36294,61
13.0134801865,80.2040710449,36294,36304,10
13.0135698318,80.2040023804,36304,36314,10
13.0139198303,80.2041320801,36314,36330,16
13.014960289,80.204498291,36330,36342,12
13.0150699615,80.2045669556,36342,36353,11
13.01541996,80.204750061,36353,36363,10
13.0160503387,80.2049331665,36363,36373,10
13.016289711,80.205039978,36373,36381,8
13.0164699554,80.205078125,36381,36393,12
13.0166797638,80.2051467896,36393,36402,9
13.0167999268,80.2051773071,36402,36413,11
13.0168304443,80.2051391602,36413,36423,10
13.0172300339,80.205406189,36423,36433,10
13.0178098679,80.2055892944,36433,36443,10
13.0184803009,80.2058181763,36443,36453,10
13.0186500549,80.2058792114,36453,36464,11
13.0188398361,80.205947876,36464,36474,10
13.0192899704,80.2061233521,36474,36484,10
13.0199899673,80.2062606812,36484,36494,10
13.0208501816,80.2062835693,36494,36504,10
13.0214004517,80.2062835693,36504,36514,10
13.0215597153,80.206237793,36514,36524,10
13.0217103958,80.2062225342,36524,36534,10
13.0220899582,80.2062683105,36534,36544,10
13.0226802826,80.2063903809,36544,36554,10
13.0234603882,80.2065505981,36554,36564,10
13.0242300034,80.2066574097,36564,36581,17
13.024600029,80.2067565918,36581,36593,12
13.0253295898,80.2069396973,36593,36603,10
13.0259399414,80.2072067261,36603,36613,10
13.0269002914,80.2077865601,36613,36622,9
13.027680397,80.2082595825,36622,36633,11
13.0287399292,80.2086334229,36633,36643,10
13.0295600891,80.2088012695,36643,36653,10
13.0302801132,80.2089996338,36653,36663,10
13.0310897827,80.209197998,36663,36673,10
13.0316400528,80.2093200684,36673,36684,11
13.0317401886,80.2093505859,36684,36694,10
13.0320997238,80.2094421387,36694,36704,10
13.0327501297,80.209602356,36704,36714,10
13.0334997177,80.2097702026,36714,36724,10
13.034330368,80.2099533081,36724,36734,10
13.0350103378,80.2101364136,36734,36744,10
13.0349903107,80.2105026245,36744,36754,10
13.0349798203,80.210899353,36754,36764,10
13.0349798203,80.2113113403,36764,36774,10
13.0349798203,80.2113189697,36774,36784,10
13.0349502563,80.2115707397,36784,36794,10
13.0349397659,80.2120666504,36794,36805,11
13.0351696014,80.2122116089,36805,36821,16
13.0354995728,80.2122497559,36821,36833,12
13.0357999802,80.2122421265,36833,36843,10
13.0360002518,80.2122421265,36843,36852,9
13.0361299515,80.2122573853,36852,36863,11
13.0364398956,80.2123031616,36863,36873,10
13.0368299484,80.212310791,36873,36883,10
13.0371398926,80.2122879028,36883,36893,10
13.0376996994,80.2122879028,36893,36903,10
13.0384702682,80.212272644,36903,36913,10
13.0393695831,80.2122421265,36913,36924,11
13.0404100418,80.2122573853,36924,36934,10
13.0414400101,80.2122573853,36934,36944,10
13.0425195694,80.2122421265,36944,36954,10
13.0432395935,80.2121963501,36954,36984,30
13.0432395935,80.2121963501,36984,36994,10
13.0434799194,80.2121963501,36994,37004,10
13.0437803268,80.2122421265,37004,37014,10
13.0443601608,80.2122268677,37014,37025,11
13.044960022,80.2122268677,37025,37035,10
13.0455598831,80.2122421265,37035,37045,10
13.0460796356,80.2122192383,37045,37055,10
13.0466499329,80.2121963501,37055,37065,10
13.0472803116,80.2121887207,37065,37075,10
13.04804039,80.2121124268,37075,37085,10
13.0485696793,80.2120132446,37085,37115,30
13.0485696793,80.2120132446,37115,37125,10
13.0488901138,80.2119674683,37125,37136,11
13.0492801666,80.2119598389,37136,37146,10
13.0494003296,80.2119598389,37146,37156,10
13.0498695374,80.2118911743,37156,37166,10
13.0498695374,80.2118911743,37166,37176,10
13.0499696732,80.2118835449,37176,37186,10
13.0503902435,80.2119293213,37186,37196,10
13.0508899689,80.2119827271,37196,37206,10
13.0516796112,80.212020874,37206,37216,10
13.0525999069,80.2118301392,37216,37226,10
13.0534801483,80.2115936279,37226,37236,10
13.0540704727,80.21144104,37236,37247,11
13.054479599,80.2113723755,37247,37257,10
13.0550403595,80.2114028931,37257,37267,10
13.0559196472,80.2114028931,37267,37277,10
13.0569000244,80.2114028931,37277,37287,10
13.0575799942,80.2114105225,37287,37297,10
13.0577602386,80.2114105225,37297,37307,10
13.058259964,80.2114334106,37307,37317,10
13.0588197708,80.2114486694,37317,37327,10
13.059009552,80.2114334106,37327,37338,11
13.0595998764,80.2114562988,37338,37348,10
13.0604000092,80.2115020752,37348,37359,11
13.0613498688,80.2115631104,37359,37369,10
13.0622797012,80.2115707397,37369,37379,10
13.0631198883,80.2115020752,37379,37388,9
13.0632600784,80.211479187,37388,37399,11
13.0635404587,80.2114562988,37399,37419,20
13.0635404587,80.2114562988,37419,37429,10
13.0636796951,80.211479187,37429,37439,10
13.064040184,80.21144104,37439,37449,10
13.0646800995,80.2112579346,37449,37459,10
13.065369606,80.2108230591,37459,37470,11
13.066069603,80.2102737427,37470,37480,10
13.0668401718,80.2095870972,37480,37490,10
13.0672101974,80.2090377808,37490,37500,10
13.0672798157,80.2088012695,37500,37510,10
13.0674695969,80.2084732056,37510,37520,10
13.0678300858,80.207901001,37520,37530,10
13.0682096481,80.207359314,37530,37540,10
13.0688495636,80.2064590454,37540,37550,10
13.0693397522,80.2056808472,37550,37560,10
13.069609642,80.2051773071,37560,37570,10
13.0696201324,80.2051773071,37570,37581,11
13.0697202682,80.2049636841,37581,37591,10
13.0693397522,80.2048416138,37591,37601,10
13.0687103271,80.2052612305,37601,37641,40
13.0687103271,80.2052612305,37641,37651,10
13.0685796738,80.2051391602,37651,37661,10
13.0681295395,80.2051391602,37661,38297,636
13.0681295395,80.2051391602,38297,38307,10
13.0682401657,80.2049789429,38307,38317,10
13.0684499741,80.2049331665,38317,38327,10
13.0687198639,80.2048110962,38327,38337,10
13.0692195892,80.2047424316,38337,38347,10
13.0697803497,80.2048873901,38347,38368,21
13.0697803497,80.2048873901,38368,38378,10
13.0698604584,80.205078125,38378,38388,10
13.0696296692,80.2055282593,38388,38398,10
13.0691995621,80.2061691284,38398,38408,10
13.0688199997,80.2067871094,38408,38418,10
13.0681600571,80.2078323364,38418,38428,10
13.067779541,80.2085189819,38428,38438,10
13.0677604675,80.2086105347,38438,38448,10
13.0677604675,80.2087097168,38448,38458,10
13.0675001144,80.2089767456,38458,38468,10
13.0671300888,80.2095794678,38468,38479,11
13.0664300919,80.2102203369,38479,38489,10
13.0656404495,80.2108688354,38489,38499,10
13.0651903152,80.2112579346,38499,38509,10
13.0651798248,80.2112731934,38509,38519,10
13.0649995804,80.2113571167,38519,38529,10
13.0641698837,80.2116622925,38529,38567,38
13.0641698837,80.2116622925,38567,38577,10
13.0640602112,80.2115783691,38577,38587,10
13.0638103485,80.2116165161,38587,38598,11
13.0633897781,80.2116699219,38598,38608,10
13.0627803802,80.211730957,38608,38618,10
13.0621900558,80.2117385864,38618,38628,10
13.0617198944,80.2117233276,38628,38638,10
13.0607004166,80.2117080688,38638,38648,10
13.0597200394,80.2116775513,38648,38658,10
13.0587596893,80.2116088867,38658,38668,10
13.0581502914,80.2116012573,38668,38678,10
13.0577898026,80.2116012573,38678,38688,10
13.0575799942,80.2116088867,38688,38698,10
13.0570697784,80.2115936279,38698,38709,11
13.0563497543,80.2115707397,38709,38719,10
13.0554599762,80.2115402222,38719,38729,10
13.0544996262,80.2115402222,38729,38739,10
13.0534896851,80.2117385864,38739,38749,10
13.0527801514,80.2119827271,38749,38759,10
13.0523099899,80.2121429443,38759,38769,10
13.0512695313,80.2121734619,38769,38821,52
13.0512695313,80.2121734619,38821,38831,10
13.0506601334,80.2121505737,38831,38841,10
13.0496797562,80.2121734619,38841,38861,20
13.0496797562,80.2121734619,38861,38871,10
13.0494203568,80.2121582031,38871,38881,10
13.0490503311,80.2121582031,38881,38891,10
13.0489196777,80.2121734619,38891,38901,10
13.0486803055,80.2121963501,38901,38911,10
13.0482597351,80.2122268677,38911,38921,10
13.0475997925,80.2123184204,38921,38932,11
13.0466804504,80.212348938,38932,38942,10
13.0459604263,80.2123794556,38942,38952,10
13.0457496643,80.2124023438,38952,38962,10
13.0454702377,80.2124023438,38962,38972,10
13.0450897217,80.2124099731,38972,38982,10
13.0447702408,80.2124328613,38982,38992,10
13.0442495346,80.2124176025,38992,39002,10
13.0435400009,80.2124176025,39002,39012,10
13.0426702499,80.212348938,39012,39022,10
13.0418100357,80.2124786377,39022,39032,10
13.0407104492,80.2123794556,39032,39043,11
13.039899826,80.2124023438,39043,39052,9
13.039440155,80.2124099731,39052,39063,11
13.039059639,80.2124099731,39063,39073,10
13.0386600494,80.2124023438,39073,39123,50
13.0386600494,80.2124023438,39123,39133,10
13.0382299423,80.2123718262,39133,39143,10
13.0376701355,80.2124023438,39143,39154,11
13.0370998383,80.2124023438,39154,39164,10
13.0366802216,80.2123794556,39164,39174,10
13.0361003876,80.212387085,39174,39204,30
13.0361003876,80.212387085,39204,39214,10
13.0356998444,80.2123794556,39214,39224,10
13.0354604721,80.2123794556,39224,39234,10
13.0351800919,80.2123184204,39234,39244,10
13.0349397659,80.2122879028,39244,39265,21
13.0349397659,80.2122879028,39265,39275,10
13.0347700119,80.212272644,39275,39285,10
13.034529686,80.2121963501,39285,39295,10
13.034119606,80.2121429443,39295,39315,20
13.034119606,80.2121429443,39315,39325,10
13.033949852,80.212097168,39325,39334,9
13.0336799622,80.2120437622,39334,39345,11
13.0331201553,80.2119369507,39345,39355,10
13.0324296951,80.2118377686,39355,39365,10
13.0319795609,80.2114562988,39365,39376,11
13.0320501328,80.2106781006,39376,39386,10
13.0321397781,80.2099380493,39386,39396,10
13.0318403244,80.2096328735,39396,39406,10
13.0311899185,80.2093887329,39406,39416,10
13.0309495926,80.2093582153,39416,39426,10
13.0306596756,80.2092895508,39426,39436,10
13.0302801132,80.2091674805,39436,39446,10
13.0297698975,80.209022522,39446,39456,10
13.029589653,80.2089691162,39456,39466,10
13.0294599533,80.2089233398,39466,39476,10
13.0290298462,80.2087936401,39476,39486,10
13.0282697678,80.2085800171,39486,39497,11
13.0274600983,80.2082214355,39497,39507,10
13.0267601013,80.2077865601,39507,39517,10
13.0264797211,80.2076263428,39517,39527,10
13.0260095596,80.207359314,39527,39537,10
13.0253000259,80.2070770264,39537,39546,9
13.0246295929,80.2069625854,39546,39557,11
13.0240802765,80.2068328857,39557,39567,10
13.0233001709,80.2066726685,39567,39577,10
13.0224895477,80.2065734863,39577,39587,10
13.0218601227,80.2064819336,39587,39597,10
13.0211496353,80.2064819336,39597,39608,11
13.0201597214,80.2064590454,39608,39618,10
13.0192203522,80.2063827515,39618,39638,20
13.0192203522,80.2063827515,39638,39648,10
13.0190000534,80.2062835693,39648,39658,10
13.0187501907,80.2062072754,39658,39668,10
13.0182504654,80.2060317993,39668,39678,10
13.0174798965,80.2057571411,39678,39688,10
13.0168304443,80.2055282593,39688,39698,10
13.0159196854,80.2051467896,39698,39708,10
13.0148096085,80.2047576904,39708,39719,11
13.0142402649,80.2046127319,39719,39728,9
13.0141201019,80.2045593262,39728,39739,11
13.013759613,80.2044296265,39739,39749,10
13.0135402679,80.2046890259,39749,39759,10
13.0133695602,80.2052536011,39759,39769,10
13.0131397247,80.2060012817,39769,39779,10
13.0130500793,80.2068405151,39779,39789,10
13.0129804611,80.2075805664,39789,39799,10
13.0129003525,80.2080383301,39799,39809,10
13.0128898621,80.2085037231,39809,39819,10
13.0129203796,80.2087783813,39819,39830,11
13.0130701065,80.2092971802,39830,39840,10
13.0132198334,80.209777832,39840,39850,10
13.0131597519,80.2102508545,39850,39860,10
13.0129995346,80.2109375,39860,39870,10
13.0126495361,80.2116165161,39870,39880,10
13.0122900009,80.2122268677,39880,39890,10
13.0119800568,80.2126464844,39890,39900,10
13.0118703842,80.2127532959,39900,39910,10
13.0115804672,80.212638855,39910,39920,10
13.0111503601,80.212348938,39920,39930,10
13.01060009,80.2119522095,39930,39941,11
13.0099802017,80.2114486694,39941,39951,10
13.0096502304,80.211227417,39951,39971,20
13.0096502304,80.211227417,39971,39981,10
13.0094404221,80.2110671997,39981,39991,10
13.0093002319,80.2111206055,39991,40001,10
13.0091896057,80.2112426758,40001,40011,10
13.0090503693,80.2114486694,40011,40021,10
13.0091295242,80.2118682861,40021,40031,10
13.0093202591,80.2125167847,40031,40041,10
13.0095596313,80.213180542,40041,40052,11
13.0098400116,80.2138977051,40052,40062,10
13.0101003647,80.2145614624,40062,40072,10
13.010219574,80.2153167725,40072,40082,10
13.0104799271,80.216178894,40082,40092,10
13.0108995438,80.2171096802,40092,40102,10
13.0112800598,80.2180328369,40102,40112,10
13.0116901398,80.2190933228,40112,40122,10
13.0120401382,80.2202529907,40122,40132,10
13.0123500824,80.2211990356,40132,40142,10
13.0124998093,80.2216567993,40142,40152,10
13.0128898621,80.2221832275,40152,40163,11
13.0134401321,80.2227630615,40163,40173,10
13.0139198303,80.2232818604,40173,40183,10
13.0143404007,80.2236785889,40183,40193,10
13.0149202347,80.2240371704,40193,40203,10
13.0153303146,80.2248916626,40203,40213,10
13.0154304504,80.2253875732,40213,40223,10
13.01541996,80.2255630493,40223,40233,10
13.0151596069,80.2258911133,40233,40243,10
13.0145397186,80.2261276245,40243,40253,10
13.013759613,80.2264404297,40253,40263,10
13.0128602982,80.2267837524,40263,40274,11
13.0118198395,80.2271881104,40274,40284,10
13.0109195709,80.2275314331,40284,40294,10
13.0100402832,80.2278671265,40294,40304,10
13.009519577,80.2277374268,40304,40314,10
13.0095300674,80.2275009155,40314,40324,10
13.0097303391,80.2270431519,40324,40334,10
13.010020256,80.226348877,40334,40344,10
13.0103302002,80.2256088257,40344,40354,10
13.0106897354,80.2247009277,40354,40364,10
13.0110502243,80.2238388062,40364,40374,10
13.0112400055,80.2233200073,40374,40384,10
13.0108604431,80.2230072021,40384,40395,11
13.0101099014,80.2226104736,40395,40405,10
13.0093603134,80.2222213745,40405,40415,10
13.008600235,80.2218170166,40415,40425,10
13.007809639,80.2213821411,40425,40435,10
13.0069198608,80.2209472656,40435,40445,10
13.0058803558,80.2205886841,40445,40455,10
13.0047903061,80.2203216553,40455,40465,10
13.0039100647,80.2201004028,40465,40475,10
13.0030498505,80.2198791504,40475,40485,10
13.0023097992,80.2193832397,40485,40502,17
13.0015201569,80.2185821533,40502,40514,12
13.0008001328,80.218132019,40514,40523,9
13.0006198883,80.2180023193,40523,40534,11
13.0002603531,80.2177734375,40534,40544,10
12.9996995926,80.2174072266,40544,40554,10
12.9989595413,80.2170410156,40554,40564,10
12.9982700348,80.2167205811,40564,40573,9
12.9976301193,80.216583252,40573,40584,11
12.9973802567,80.2165679932,40584,40594,10
12.997300148,80.2165603638,40594,40604,10
12.9969301224,80.2165603638,40604,40615,11
12.9962997437,80.2166213989,40615,40625,10
12.99559021,80.216796875,40625,40635,10
12.9952201843,80.2169570923,40635,40645,10
12.9949798584,80.2171173096,40645,40655,10
12.9944801331,80.2174606323,40655,40665,10
12.9941196442,80.2177124023,40665,40675,10
12.9938001633,80.2179412842,40675,40685,10
12.9932603836,80.2182998657,40685,40695,10
12.9926595688,80.2187423706,40695,40705,10
12.9919595718,80.2192611694,40705,40715,10
12.9914798737,80.2195663452,40715,40726,11
12.9911603928,80.2194976807,40726,40736,10
12.9910402298,80.2194595337,40736,40746,10
12.9908800125,80.2194213867,40746,40756,10
12.9904203415,80.2192306519,40756,40766,10
12.9897003174,80.2189865112,40766,40776,10
12.9888601303,80.2186813354,40776,40786,10
12.9878902435,80.2184371948,40786,40796,10
12.9871101379,80.2183074951,40796,40806,10
12.987039566,80.2182998657,40806,40816,10
12.9868202209,80.2182388306,40816,40826,10
12.9863500595,80.2181167603,40826,40837,11
12.9854698181,80.217956543,40837,40847,10
12.9844999313,80.2179870605,40847,40857,10
12.9840202332,80.2180023193,40857,40867,10
12.9839801788,80.2180099487,40867,40877,10
12.9836397171,80.2180023193,40877,40887,10
12.9830198288,80.2180023193,40887,40897,10
12.9822502136,80.2179794312,40897,40907,10
12.9813699722,80.2180786133,40907,40917,10
12.9804401398,80.2183609009,40917,40927,10
12.9799604416,80.2185592651,40927,40937,10
12.9793796539,80.218788147,40937,40947,10
12.9787502289,80.2190475464,40947,40958,11
12.9782400131,80.2192382813,40958,40968,10
12.9774398804,80.2195587158,40968,40978,10
12.9765396118,80.2199325562,40978,40988,10
12.9757404327,80.2203063965,40988,40998,10
12.975520134,80.2206497192,40998,41008,10
12.9755601883,80.2207794189,41008,41018,10
12.9757795334,80.2209701538,41018,41028,10
12.9758300781,80.2210235596,41028,41038,10
12.9760198593,80.2212219238,41038,41048,10
12.9761295319,80.2214889526,41048,41058,10
12.976360321,80.2218017578,41058,41079,21
12.976360321,80.2218017578,41079,41089,10
12.9765100479,80.2220916748,41089,41099,10
12.9767799377,80.2225265503,41099,41109,10
12.9769001007,80.2227096558,41109,41119,10
12.9770402908,80.2229537964,41119,41129,10
12.9773197174,80.2234573364,41129,41139,10
12.9777002335,80.2240524292,41139,41149,10
12.9781599045,80.2247467041,41149,41159,10
12.9785995483,80.2254486084,41159,41169,10
12.979060173,80.2262268066,41169,41180,11
12.9795103073,80.2270126343,41180,41190,10
12.9798898697,80.2276763916,41190,41206,16
12.9806098938,80.228843689,41206,41218,12
12.9810600281,80.2295608521,41218,41228,10
12.9815101624,80.230178833,41228,41238,10
12.9816598892,80.23046875,41238,41248,10
12.9816904068,80.2305831909,41248,41255,7
12.9818000793,80.230796814,41255,41268,13
12.9820098877,80.2314987183,41268,41279,11
12.9820404053,80.232383728,41279,41293,14
12.9816999435,80.2333374023,41293,41307,14
12.981590271,80.2335586548,41307,41317,10
12.9814901352,80.233757019,41317,41327,10
12.9812602997,80.2342529297,41327,41337,10
12.9812297821,80.2349319458,41337,41347,10
12.9812803268,80.2359008789,41347,41357,10
12.9813203812,80.2368774414,41357,41367,10
12.9813299179,80.2371063232,41367,41377,10
12.9813404083,80.2373886108,41377,41387,10
12.9813699722,80.2376327515,41387,41397,10
12.9813604355,80.2379837036,41397,41407,10
12.9813699722,80.2382965088,41407,41418,11
12.9813804626,80.2386169434,41418,41428,10
12.9813804626,80.2388534546,41428,41447,19
12.9813804626,80.2388534546,41447,41457,10
12.9813995361,80.2390823364,41457,41468,11
12.9813804626,80.2393417358,41468,41478,10
12.9813804626,80.2396011353,41478,41488,10
12.9813995361,80.2400817871,41488,41498,10
12.9814100266,80.2406768799,41498,41508,10
12.9814195633,80.2413635254,41508,41519,11
12.9814300537,80.2418823242,41519,41529,10
12.9814300537,80.241897583,41529,41539,10
12.9814596176,80.2423400879,41539,41559,20
12.9814596176,80.2423400879,41559,41569,10
12.9814300537,80.2425537109,41569,41579,10
12.9814300537,80.2429428101,41579,41589,10
12.9814195633,80.2435073853,41589,41599,10
12.9812898636,80.2442779541,41599,41609,10
12.9811601639,80.2451934814,41609,41619,10
12.9810400009,80.2462310791,41619,41630,11
12.980919838,80.2474822998,41630,41646,16
12.9807596207,80.2493286133,41646,41658,12
12.9805002213,80.2506637573,41658,41666,8
12.9802999496,80.251411438,41666,41677,11
12.9801597595,80.2520828247,41677,41688,11
12.9801301956,80.2522201538,41688,41697,9
12.9800901413,80.2523574829,41697,41708,11
12.9802398682,80.2525787354,41708,41718,10
12.9806900024,80.2526397705,41718,41728,10
12.9814300537,80.2526168823,41728,41738,10
12.9822998047,80.2526016235,41738,41749,11
12.9833498001,80.2525100708,41749,41759,10
12.9842195511,80.2522964478,41759,41769,10
12.985039711,80.2520675659,41769,41779,10
12.9856004715,80.2518768311,41779,41789,10
12.98595047,80.2517700195,41789,41991,202
12.98595047,80.2517700195,41991,42001,10
12.986120224,80.2516403198,42001,42011,10
12.9862298965,80.251663208,42011,42021,10
12.9864997864,80.2516403198,42021,42031,10
12.9869699478,80.2515487671,42031,42041,10
12.9873695374,80.2514419556,42041,42051,10
12.9876403809,80.2513809204,42051,42061,10
12.9879703522,80.2516784668,42061,42071,10
12.9880599976,80.2521591187,42071,42082,11
12.9879903793,80.2527770996,42082,42092,10
12.987950325,80.2531814575,42092,42102,10
12.9878797531,80.2536468506,42102,42112,10
12.9877901077,80.2543334961,42112,42122,10
12.9878702164,80.2547531128,42122,42132,10
12.987739563,80.254989624,42132,42233,101
12.987739563,80.254989624,42233,42243,10
12.9877004623,80.2553405762,42243,42253,10
12.9876699448,80.2556610107,42253,42263,10
12.9875802994,80.2561569214,42263,42273,10
12.9875001907,80.2568130493,42273,42283,10
12.9874401093,80.2576065063,42283,42293,10
12.9873800278,80.2583236694,42293,42304,11
12.9873600006,80.2589797974,42304,42334,30
12.9872703552,80.2591705322,42334,42354,20
12.9872703552,80.2591705322,42354,42364,10
12.9872198105,80.2595214844,42364,42384,20
12.9872198105,80.2595214844,42384,42394,10
12.9869403839,80.2595977783,42394,42404,10
12.9868097305,80.2595672607,42404,42414,10
12.9865503311,80.2595367432,42414,43151,737
12.9865503311,80.2595367432,43151,43161,10
12.986579895,80.2594985962,43161,43171,10
12.9865999222,80.2592086792,43171,43232,61
12.9865999222,80.2592086792,43232,43242,10
12.9868602753,80.2590866089,43242,43272,30
12.9868602753,80.2590866089,43272,43282,10
12.987159729,80.2591323853,43282,43292,10
12.987279892,80.2589797974,43292,43302,10
12.9872903824,80.2586975098,43302,43312,10
12.9873504639,80.2582168579,43312,43343,31
12.9873504639,80.2582168579,43343,43353,10
12.9874095917,80.2579879761,43353,43363,10
12.9874801636,80.2576217651,43363,43373,10
12.9875497818,80.2571792603,43373,43383,10
12.9875402451,80.2568283081,43383,43585,202
12.9875402451,80.2568283081,43585,43595,10
12.9874696732,80.2566375732,43595,43605,10
12.9875297546,80.256362915,43605,43615,10
12.987569809,80.2559814453,43615,43625,10
12.9877195358,80.2555007935,43625,43635,10
12.9877195358,80.2550964355,43635,43645,10
12.9877595901,80.2548828125,43645,43655,10
12.9878101349,80.2542800903,43655,43666,11
12.9878797531,80.2533874512,43666,43676,10
12.987950325,80.2522583008,43676,43726,50
12.987950325,80.2522583008,43726,43736,10
12.9879302979,80.2520370483,43736,43746,10
12.9878196716,80.251739502,43746,43756,10
12.9877500534,80.2516174316,43756,43766,10
12.9875001907,80.2515792847,43766,43777,11
12.9868297577,80.2517089844,43777,43787,10
12.9859695435,80.2518997192,43787,43797,10
12.9849901199,80.2521286011,43797,43807,10
12.9839601517,80.2524032593,43807,43817,10
12.9828395844,80.2526321411,43817,43827,10
12.9816799164,80.2526626587,43827,43837,10
12.9800596237,80.252746582,43837,43857,20
12.9800596237,80.252746582,43857,43867,10
12.9799404144,80.2523193359,43867,43898,31
12.9799404144,80.2523193359,43898,43908,10
12.9799804688,80.2521209717,43908,43918,10
12.9800796509,80.251701355,43918,43928,10
12.9802598953,80.2510528564,43928,43944,16
12.9806499481,80.2496566772,43944,43956,12
12.980799675,80.2483520508,43956,43966,10
12.9808797836,80.2471923828,43966,43976,10
12.9809999466,80.2460174561,43976,43986,10
12.9811401367,80.2448272705,43986,43996,10
12.9812002182,80.2439575195,43996,44007,11
12.9812602997,80.2436904907,44007,44017,10
12.9813699722,80.2434234619,44017,44026,9
12.9813995361,80.2431106567,44026,44037,11
12.9813995361,80.2429122925,44037,44047,10
12.9814195633,80.242767334,44047,44057,10
12.9814300537,80.2424926758,44057,44067,10
12.9813899994,80.2418365479,44067,44077,10
12.9813899994,80.2410125732,44077,44087,10
12.9813804626,80.2400588989,44087,44097,10
12.9813604355,80.2392272949,44097,44107,10
12.9813299179,80.2384796143,44107,44118,11
12.9813098907,80.2383499146,44118,44128,10
12.981300354,80.2381591797,44128,44138,10
12.981300354,80.2381134033,44138,44148,10
12.9813098907,80.2377471924,44148,44158,10
12.9812698364,80.2371292114,44158,44168,10
12.9812602997,80.2362976074,44168,44178,10
12.9812297821,80.2353820801,44178,44188,10
12.9812402725,80.2343902588,44188,44198,10
12.9815397263,80.233581543,44198,44208,10
12.9816398621,80.2333602905,44208,44218,10
12.9817199707,80.233253479,44218,44229,11
12.9819002151,80.2328491211,44229,44239,10
12.9820299149,80.2322921753,44239,44249,10
12.982000351,80.2317504883,44249,44259,10
12.9819402695,80.2312927246,44259,44269,10
12.9817399979,80.2308425903,44269,44285,16
12.9812002182,80.2299423218,44285,44298,13
12.981010437,80.229598999,44298,44308,10
12.9808702469,80.2293319702,44308,44328,20
12.9808702469,80.2293319702,44328,44338,10
12.9807100296,80.2290496826,44338,44349,11
12.9806098938,80.2289199829,44349,44359,10
12.9804201126,80.2286529541,44359,44368,9
12.9802598953,80.2283096313,44368,44379,11
12.9799804688,80.2277984619,44379,44389,10
12.9795198441,80.2270278931,44389,44399,10
12.9791603088,80.2264480591,44399,44409,10
12.9788103104,80.2258834839,44409,44419,10
12.9785499573,80.2254333496,44419,44429,10
12.9784402847,80.2252578735,44429,44439,10
12.9782600403,80.2249679565,44439,44449,10
12.9780797958,80.2247161865,44449,44460,11
12.977930069,80.2245864868,44460,44470,10
12.9777002335,80.2242202759,44470,44480,10
12.9774103165,80.2236633301,44480,44490,10
12.9770097733,80.2229766846,44490,44499,9
12.9767198563,80.2225189209,44499,44509,10
12.9763898849,80.2220230103,44509,44520,11
12.9761104584,80.2215881348,44520,44530,10
12.9757099152,80.2211380005,44530,44571,41
12.9757099152,80.2211380005,44571,44581,10
12.9756202698,80.2210235596,44581,44591,10
12.975399971,80.2208328247,44591,44611,20
12.975399971,80.2208328247,44611,44621,10
12.975399971,80.2206497192,44621,44631,10
12.9755601883,80.2204437256,44631,44641,10
12.9757699966,80.2202682495,44641,44651,10
12.9762401581,80.2200469971,44651,44661,10
12.9769296646,80.2197723389,44661,44671,10
12.9777402878,80.2194366455,44671,44682,11
12.9785699844,80.2191390991,44682,44692,10
12.9790496826,80.2189483643,44692,44702,10
12.9797697067,80.2186737061,44702,44712,10
12.9805898666,80.2183532715,44712,44722,10
12.9815301895,80.2180099487,44722,44732,10
12.982509613,80.2179031372,44732,44742,10
12.9834804535,80.2179031372,44742,44750,8
12.983880043,80.2179031372,44750,44762,12
12.9838695526,80.2179031372,44762,44772,10
12.98416996,80.2179031372,44772,44782,10
12.9848003387,80.217880249,44782,44793,11
12.9857196808,80.217918396,44793,44803,10
12.9865903854,80.2181167603,44803,44813,10
12.9873304367,80.2182388306,44813,44823,10
12.9873504639,80.2182388306,44823,44833,10
12.9877195358,80.2183380127,44833,44843,10
12.9883298874,80.2184677124,44843,44853,10
12.9890604019,80.2186813354,44853,44863,10
12.9899597168,80.2189788818,44863,44873,10
12.9909696579,80.2192993164,44873,44883,10
12.9918403625,80.2192382813,44883,44893,10
12.9925403595,80.2187728882,44893,44904,11
12.9935503006,80.2179870605,44904,44914,10
12.9942903519,80.2174377441,44914,44924,10
12.9950304031,80.2169494629,44924,44934,10
12.9964799881,80.2164916992,44934,44944,10
12.9964799881,80.2164916992,44944,44954,10
12.9970798492,80.2164382935,44954,44964,10
12.997469902,80.2161178589,44964,44984,20
12.997469902,80.2161178589,44984,44994,10
12.997759819,80.2158508301,44994,45004,10
12.9981498718,80.2154769897,45004,45015,11
12.998749733,80.2149124146,45015,45026,11
12.9991397858,80.2146072388,45026,45036,10
12.9995203018,80.2143173218,45036,45045,9
12.9999103546,80.2139968872,45045,45056,11
13.0003595352,80.2136001587,45056,45067,11
13.00096035,80.2130889893,45067,45077,10
13.0016202927,80.212600708,45077,45087,10
13.0021896362,80.2122421265,45087,45097,10
13.0029096603,80.2120895386,45097,45106,9
13.0034599304,80.2120666504,45106,45116,10
13.0036401749,80.2119598389,45116,45128,12
13.0036697388,80.2118530273,45128,45138,10
13.0037298203,80.2114486694,45138,45148,10
13.0036897659,80.2108383179,45148,45158,10
13.0035896301,80.2102127075,45158,45168,10
13.0035400391,80.2095489502,45168,45178,10
13.0036802292,80.2088394165,45178,45188,10
13.0041599274,80.2086868286,45188,45198,10
13.0049600601,80.2090606689,45198,45208,10
13.0058603287,80.2094421387,45208,45218,10
13.0065603256,80.2096710205,45218,45228,10
13.0072498322,80.2097702026,45228,45259,31
13.0072498322,80.2097702026,45259,45269,10
13.0075101852,80.2098693848,45269,45279,10
13.0079298019,80.2099609375,45279,45289,10
13.008190155,80.2098770142,45289,45299,10
13.0080795288,80.2093887329,45299,45309,10
13.0079698563,80.2087020874,45309,45319,10
13.0078401566,80.2078933716,45319,45329,10
13.0077199936,80.2069778442,45329,45339,10
13.007610321,80.2061080933,45339,45349,10
13.0075397491,80.205368042,45349,45360,11
13.0075397491,80.2046737671,45360,45370,10
13.0074996948,80.203956604,45370,45380,10
13.0073604584,80.2031097412,45380,45390,10
13.0069303513,80.2025299072,45390,45400,10
13.0065202713,80.2029571533,45400,45410,10
13.006939888,80.2034378052,45410,45420,10
13.0076198578,80.2036819458,45420,45430,10
13.0084600449,80.2036895752,45430,45440,10
13.009519577,80.2036209106,45440,45450,10
13.0106897354,80.2036209106,45450,45460,10
13.0118999481,80.2037582397,45460,45471,11
13.0130901337,80.2040405273,45471,45481,10
13.0139303207,80.2042999268,45481,45491,10
13.0149297714,80.2046127319,45491,45521,30
13.0149297714,80.2046127319,45521,45531,10
13.0151996613,80.2045898438,45531,45541,10
13.0158500671,80.2048721313,45541,45551,10
13.0164899826,80.2050476074,45551,45561,10
13.017250061,80.2054367065,45561,45571,10
13.0185203552,80.2058792114,45571,45592,21
13.0185203552,80.2058792114,45592,45602,10
13.018989563,80.2060317993,45602,45612,10
13.0195703506,80.2062225342,45612,45622,10
13.0203695297,80.2062683105,45622,45632,10
13.0213403702,80.2062988281,45632,45642,10
13.0222396851,80.2063674927,45642,45652,10
13.0232095718,80.2066802979,45652,45662,10
13.0240297318,80.2066726685,45662,45672,10
13.0244197845,80.2067108154,45672,45682,10
13.0248003006,80.206817627,45682,45692,10
13.0254497528,80.2070007324,45692,45709,17
13.0267496109,80.2077178955,45709,45721,12
13.0278301239,80.2083587646,45721,45731,10
13.0285596848,80.2086029053,45731,45739,8
13.0291004181,80.2087020874,45739,45751,12
13.0297603607,80.2088775635,45751,45761,10
13.0304002762,80.2090682983,45761,45770,9
13.0313396454,80.2093200684,45770,45791,21
13.0313396454,80.2093200684,45791,45801,10
13.0316801071,80.2094116211,45801,45812,11
13.0323495865,80.2095413208,45812,45822,10
13.0331602097,80.2097015381,45822,45832,10
13.0340795517,80.2099304199,45832,45842,10
13.0349197388,80.2101364136,45842,45852,10
13.0349197388,80.2108612061,45852,45872,20
13.0349197388,80.2108612061,45872,45882,10
13.0348997116,80.2110977173,45882,45892,10
13.0349197388,80.2113723755,45892,45902,10
13.0348901749,80.2119216919,45902,45933,31
13.0348901749,80.2119216919,45933,45949,16
13.0354995728,80.212272644,45949,45961,12
13.036359787,80.2122497559,45961,45971,10
13.0368404388,80.2122802734,45971,45981,10
13.0370903015,80.2122573853,45981,45991,10
13.0375204086,80.2122421265,45991,46001,10
13.0382299423,80.2122268677,46001,46011,10
13.0390996933,80.2122573853,46011,46021,10
13.0400695801,80.212272644,46021,46032,11
13.0413103104,80.2122802734,46032,46042,10
13.0423898697,80.2123031616,46042,46052,10
13.0435495377,80.2122879028,46052,46062,10
13.0441398621,80.2122268677,46062,46153,91
13.0441398621,80.2122268677,46153,46163,10
13.0443401337,80.2122116089,46163,46173,10
13.0447998047,80.2122192383,46173,46183,10
13.0455303192,80.2122268677,46183,46193,10
13.046380043,80.2121963501,46193,46203,10
13.0473804474,80.2121505737,46203,46213,10
13.0484104156,80.2120437622,46213,46233,20
13.0484104156,80.2120437622,46233,46243,10
13.0488195419,80.2119827271,46243,46253,10
13.0494098663,80.2119598389,46253,46264,11
13.0499200821,80.2119064331,46264,46274,10
13.0501098633,80.2118988037,46274,46284,10
13.0502996445,80.2119293213,46284,46294,10
13.0505895615,80.2119674683,46294,46304,10
13.0509004593,80.2120437622,46304,46314,10
13.0517702103,80.2120132446,46314,46324,10
13.052479744,80.2118835449,46324,46334,10
13.053560257,80.2116165161,46334,46344,10
13.0544500351,80.2114334106,46344,46354,10
13.0551900864,80.2114486694,46354,46364,10
13.0560398102,80.2114562988,46364,46375,11
13.0570802689,80.2114562988,46375,46385,10
13.0579795837,80.2114715576,46385,46395,10
13.0589704514,80.2114868164,46395,46405,10
13.0600404739,80.2115402222,46405,46415,10
13.0611400604,80.2115936279,46415,46425,10
13.0619497299,80.2116470337,46425,46435,10
13.0633296967,80.211517334,46435,46455,20
13.0633296967,80.211517334,46455,46465,10
13.0635995865,80.2114715576,46465,46486,21
13.0635995865,80.2114715576,46486,46496,10
13.0638198853,80.2114562988,46496,46506,10
13.0642004013,80.2114334106,46506,46516,10
13.0648298264,80.2112121582,46516,46526,10
13.0654401779,80.2107009888,46526,46536,10
13.0663404465,80.2100219727,46536,46546,10
13.0671195984,80.2091903687,46546,46555,9
13.0674695969,80.2086791992,46555,46566,11
13.0678396225,80.2080688477,46566,46576,10
13.0683002472,80.207359314,46576,46585,9
13.068810463,80.2065505981,46585,46597,12
13.0694999695,80.205406189,46597,46607,10
13.0696897507,80.2049636841,46607,46617,10
13.0694904327,80.2048187256,46617,46627,10
13.0691404343,80.205039978,46627,46637,10
13.0687799454,80.2052383423,46637,46647,10
13.0681200027,80.2051773071,46647,47018,371
13.0681200027,80.2051773071,47018,47028,10
13.0679998398,80.2050323486,47028,47038,10
13.0682401657,80.2049407959,47038,47049,11
13.0685596466,80.2048492432,47049,47059,10
13.0690097809,80.2047195435,47059,47069,10
13.0693597794,80.204750061,47069,47079,10
13.0697603226,80.2049026489,47079,47109,30
13.0697603226,80.2049026489,47109,47119,10
13.0698404312,80.205078125,47119,47129,10
13.0695896149,80.2055282593,47129,47139,10
13.0691900253,80.206199646,47139,47149,10
13.0686798096,80.2070083618,47149,47160,11
13.0680398941,80.2080535889,47160,47170,10
13.0674200058,80.2089767456,47170,47180,10
13.0666999817,80.2098922729,47180,47190,10
13.065870285,80.210609436,47190,47200,10
13.0652303696,80.2111434937,47200,47210,10
13.0650396347,80.2112808228,47210,47220,10
13.0648899078,80.2113876343,47220,47230,10
13.0643997192,80.2115783691,47230,47240,10
13.0639095306,80.2117233276,47240,47250,10
13.0637397766,80.2117080688,47250,47260,10
13.0632295609,80.2117080688,47260,47271,11
13.0625600815,80.2117767334,47271,47280,9
13.0618200302,80.2117767334,47280,47291,11
13.0609703064,80.2117004395,47291,47302,11
13.0600795746,80.2116699219,47302,47312,10
13.0589504242,80.2116088867,47312,47322,10
13.0582895279,80.2116012573,47322,47332,10
13.0575895309,80.2116165161,47332,47372,40
13.0575895309,80.2116165161,47372,47383,11
13.0574703217,80.2115783691,47383,47393,10
13.0570898056,80.2115783691,47393,47403,10
13.0564603806,80.2115707397,47403,47413,10
13.0556898117,80.2115478516,47413,47423,10
13.0548000336,80.211517334,47423,47439,16
13.0534000397,80.2117462158,47439,47451,12
13.052479744,80.2120513916,47451,47461,10
13.0521202087,80.2121963501,47461,47471,10
13.0509195328,80.2122116089,47471,47502,31
13.0506296158,80.2121429443,47502,47532,30
13.0506296158,80.2121429443,47532,47542,10
13.0503101349,80.2121276855,47542,47552,10
13.0499000549,80.2121429443,47552,47562,10
13.0495300293,80.2121734619,47562,47592,30
13.0495300293,80.2121734619,47592,47602,10
13.049200058,80.2121200562,47602,47613,11
13.0485801697,80.2121582031,47613,47623,10
13.0478696823,80.2122421265,47623,47633,10
13.0470399857,80.212310791,47633,47643,10
13.0460395813,80.2123413086,47643,47653,10
13.0454397202,80.2123718262,47653,47663,10
13.0450000763,80.2124099731,47663,47673,10
13.0445995331,80.2124176025,47673,47683,10
13.0441398621,80.2124099731,47683,47693,10
13.0434799194,80.2124404907,47693,47703,10
13.042599678,80.2124404907,47703,47713,10
13.0420703888,80.2125930786,47713,47724,11
13.0412597656,80.2126312256,47724,47734,10
13.0402603149,80.2124710083,47734,47744,10
13.0394802094,80.2124481201,47744,47754,10
13.0386896133,80.2124862671,47754,47764,10
13.0381298065,80.2124176025,47764,47814,50
13.0381298065,80.2124176025,47814,47824,10
13.0378503799,80.2124023438,47824,47835,11
13.0375003815,80.2124023438,47835,47845,10
13.0370998383,80.2123718262,47845,47855,10
13.0366601944,80.2123413086,47855,47865,10
13.0360202789,80.212348938,47865,47875,10
13.0350799561,80.2123184204,47875,47915,40
13.0350799561,80.2123184204,47915,47925,10
13.0346298218,80.2121276855,47925,47935,10
13.0341701508,80.2121124268,47935,47948,13
13.0341701508,80.2121124268,47948,47994,46
13.032409668,80.2117996216,47994,48004,10
13.031999588,80.2113723755,48004,48014,10
13.0320796967,80.2106399536,48014,48024,10
13.0320997238,80.2100830078,48024,48034,10
13.0320396423,80.2096099854,48034,48044,10
13.0316295624,80.2094726563,48044,48054,10
13.0309801102,80.2093200684,48054,48065,11
13.0305299759,80.2092285156,48065,48075,10
13.0301504135,80.2091522217,48075,48086,11
13.0295801163,80.2089996338,48086,48108,22
13.0295801163,80.2089996338,48108,48117,9
13.0293197632,80.2089080811,48117,48128,11
13.0285196304,80.2086181641,48128,48138,10
13.027759552,80.2083435059,48138,48148,10
13.0270004272,80.207901001,48148,48158,10
13.0261001587,80.2073822021,48158,48167,9
13.0251302719,80.2070922852,48167,48179,12
13.0242996216,80.2069396973,48179,48189,10
13.0242795944,80.2069320679,48189,48199,10
13.023900032,80.206817627,48199,48209,10
13.0233402252,80.2066802979,48209,48219,10
13.0225896835,80.2065429688,48219,48229,10
13.0217199326,80.206413269,48229,48239,10
13.0207300186,80.206413269,48239,48249,10
13.0197000504,80.2063980103,48249,48259,10
13.019109726,80.2063293457,48259,48268,9
13.0191001892,80.2063064575,48268,48278,10
13.018699646,80.2061920166,48278,48290,12
13.0179395676,80.2059173584,48290,48300,10
13.0172395706,80.2056503296,48300,48310,10
13.0164899826,80.2054595947,48310,48320,10
13.0159702301,80.2052001953,48320,48330,10
13.0153198242,80.2049636841,48330,48340,10
13.01445961,80.2046737671,48340,48350,10
13.0142202377,80.2045669556,48350,48360,10
13.0141000748,80.2045211792,48360,48370,10
13.0137395859,80.2043762207,48370,48380,10
13.0135402679,80.2045974731,48380,48390,10
13.0133895874,80.2051620483,48390,48401,11
13.0131597519,80.2060089111,48401,48411,10
13.0130195618,80.2069091797,48411,48421,10
13.0129203796,80.2076416016,48421,48431,10
13.0128602982,80.2080307007,48431,48441,10
13.0128803253,80.208480835,48441,48451,10
13.0128898621,80.2088470459,48451,48461,10
13.0130500793,80.2094573975,48461,48471,10
13.0131597519,80.2100982666,48471,48481,10
13.0130395889,80.2108230591,48481,48491,10
13.012720108,80.211479187,48491,48501,10
13.0123195648,80.2121963501,48501,48511,10
13.0119400024,80.2126998901,48511,48522,11
13.0117702484,80.2128067017,48522,48532,10
13.0115203857,80.2126083374,48532,48542,10
13.0110397339,80.2122421265,48542,48552,10
13.0104999542,80.2118606567,48552,48562,10
13.0102500916,80.2116775513,48562,48572,10
13.010020256,80.211479187,48572,48592,20
13.010020256,80.211479187,48592,48602,10
13.0099401474,80.2113876343,48602,48623,21
13.0099401474,80.2113876343,48623,48633,10
13.0096702576,80.2112121582,48633,48663,30
13.009469986,80.2110214233,48663,48734,71
13.009349823,80.2109375,48734,48764,30
13.009349823,80.2109375,48764,48774,10
13.0091295242,80.2113037109,48774,48784,10
13.0090398788,80.2116622925,48784,48794,10
13.0092000961,80.2121963501,48794,48804,10
13.0093898773,80.2127914429,48804,48814,10
13.00963974,80.2134094238,48814,48824,10
13.0099201202,80.2140731812,48824,48834,10
13.0101299286,80.2146911621,48834,48844,10
13.010219574,80.215423584,48844,48855,11
13.0105104446,80.2162704468,48855,48865,10
13.0109300613,80.2171478271,48865,48875,10
13.0113401413,80.2181167603,48875,48885,10
13.0117197037,80.2192230225,48885,48895,10
13.0120401382,80.2203292847,48895,48905,10
13.0123195648,80.2212219238,48905,48915,10
13.0124597549,80.2217483521,48915,48925,10
13.0128803253,80.2223129272,48925,48935,10
13.013469696,80.2229232788,48935,48945,10
13.013999939,80.2234191895,48945,48955,10
13.0143404007,80.2238693237,48955,48966,11
13.0148096085,80.2244033813,48966,48976,10
13.0152702332,80.2249526978,48976,48986,10
13.0154600143,80.225402832,48986,48996,10
13.0153102875,80.2257385254,48996,49006,10
13.0149002075,80.2259521484,49006,49026,20
13.0149002075,80.2259521484,49026,49036,10
13.0146598816,80.2260971069,49036,49046,10
13.0141401291,80.2262802124,49046,49063,17
13.012840271,80.2267379761,49063,49074,11
13.011759758,80.2271881104,49074,49085,11
13.0107803345,80.2275695801,49085,49094,9
13.0097503662,80.2278823853,49094,49105,11
13.0096597672,80.2272567749,49105,49115,10
13.0099601746,80.226600647,49115,49123,8
13.0101699829,80.22605896,49123,49135,12
13.0106401443,80.2249832153,49135,49145,10
13.0109300613,80.2241821289,49145,49155,10
13.0112495422,80.2233200073,49155,49165,10
13.0108499527,80.2229919434,49165,49175,10
13.0101995468,80.22265625,49175,49185,10
13.0094995499,80.2222824097,49185,49196,11
13.008600235,80.2217712402,49196,49206,10
13.0077896118,80.221321106,49206,49215,9
13.0071296692,80.2209625244,49215,49226,11
13.0064401627,80.2206497192,49226,49236,10
13.0055303574,80.2204437256,49236,49246,10
13.004699707,80.2202377319,49246,49256,10
13.004119873,80.2201080322,49256,49266,10
13.0031700134,80.219909668,49266,49276,10
13.0023202896,80.2193603516,49276,49286,10
13.0017595291,80.2187805176,49286,49296,10
13.0011997223,80.2183609009,49296,49306,10
13.0007200241,80.2180175781,49306,49317,11
13.0002403259,80.2177200317,49317,49327,10
12.9996004105,80.2173309326,49327,49337,10
12.9989004135,80.2169570923,49337,49347,10
12.9983196259,80.2166900635,49347,49357,10
12.9975595474,80.2165374756,49357,49367,10
12.9973897934,80.2165298462,49367,49377,10
12.997300148,80.2165222168,49377,49387,10
12.9972295761,80.2165222168,49387,49397,10
12.9968700409,80.2165374756,49397,49407,10
12.9962501526,80.2166290283,49407,49418,11
12.995349884,80.2168731689,49418,49427,9
12.9948797226,80.2171783447,49427,49438,11
12.9943399429,80.2175369263,49438,49448,10
12.9937601089,80.2179794312,49448,49458,10
12.9930696487,80.2184371948,49458,49468,10
12.9923400879,80.2190093994,49468,49478,10
12.9916296005,80.219581604,49478,49488,10
12.9910202026,80.2194213867,49488,49498,10
12.9902296066,80.2191390991,49498,49508,10
12.9892902374,80.2188110352,49508,49518,10
12.988240242,80.2184829712,49518,49529,11
12.9874401093,80.2183532715,49529,49539,10
12.9870901108,80.2182998657,49539,49549,10
12.9869403839,80.2182693481,49549,49559,10
12.9868001938,80.2182388306,49559,49569,10
12.9863395691,80.2181091309,49569,49579,10
12.9856100082,80.217956543,49579,49589,10
12.984749794,80.217956543,49589,49599,10
12.9840602875,80.2179794312,49599,49609,10
12.9839897156,80.2179794312,49609,49619,10
12.9837503433,80.2179794312,49619,49629,10
12.9831895828,80.2179489136,49629,49640,11
12.9823503494,80.2179718018,49640,49650,10
12.9814395905,80.2180480957,49650,49660,10
12.9804496765,80.2183685303,49660,49670,10
12.9797201157,80.2186813354,49670,49680,10
12.9792003632,80.2188873291,49680,49690,10
12.9787197113,80.219078064,49690,49700,10
12.9781904221,80.2193069458,49700,49710,10
12.9774599075,80.2195968628,49710,49720,10
12.9765796661,80.2199630737,49720,49730,10
12.9758396149,80.2203292847,49730,49740,10
12.975520134,80.220703125,49740,49760,20
12.975520134,80.220703125,49760,49771,11
12.9755802155,80.2208404541,49771,49781,10
12.975859642,80.2211608887,49781,49791,10
12.9763002396,80.2216720581,49791,49811,20
12.9763002396,80.2216720581,49811,49821,10
12.9764204025,80.2218704224,49821,49831,10
12.9766197205,80.2222518921,49831,49841,10
12.976940155,80.2227783203,49841,49851,10
12.977350235,80.2233963013,49851,49861,10
12.9777603149,80.2240600586,49861,49872,11
12.9779996872,80.2244033813,49872,49882,10
12.9781198502,80.224609375,49882,49892,10
12.9783000946,80.2249221802,49892,49902,10
12.9785804749,80.225402832,49902,49911,9
12.9788398743,80.2258071899,49911,49922,11
12.9790897369,80.2262496948,49922,49932,10
12.9791498184,80.2263793945,49932,49942,10
12.9792203903,80.2265014648,49942,49952,10
12.9794397354,80.2268218994,49952,49962,10
12.9797697067,80.2273635864,49962,49972,10
12.9801797867,80.228012085,49972,49983,11
12.9806699753,80.2288589478,49983,49993,10
12.9809703827,80.2293395996,49993,50003,10
12.9813299179,80.229927063,50003,50013,10
12.9816904068,80.2304382324,50013,50023,10
12.9816999435,80.2304763794,50023,50033,10
12.9818496704,80.230796814,50033,50049,16
12.9820604324,80.2317810059,50049,50061,12
12.9819803238,80.2326202393,50061,50069,8
12.9817800522,80.2331771851,50069,50081,12
12.9815998077,80.2335128784,50081,50092,11
12.9815196991,80.2336196899,50092,50102,10
12.981300354,80.2341003418,50102,50110,8
12.9812002182,80.2347183228,50110,50122,12
12.9812402725,80.2358779907,50122,50132,10
12.9812698364,80.2369766235,50132,50142,10
12.9812898636,80.2376174927,50142,50152,10
12.9813098907,80.2379684448,50152,50162,10
12.9813098907,80.2384567261,50162,50172,10
12.9813098907,80.2385177612,50172,50182,10
12.9813203812,80.2388763428,50182,50192,10
12.9813299179,80.2394790649,50192,50203,11
12.9813699722,80.2403411865,50203,50213,10
12.9813804626,80.2411117554,50213,50223,10
12.9813804626,80.2419586182,50223,50243,20
12.9813804626,80.2419586182,50243,50253,10
12.9813995361,80.2421188354,50253,50263,10
12.9814195633,80.2424926758,50263,50283,20
12.9814195633,80.2424926758,50283,50293,10
12.9813995361,80.2429122925,50293,50303,10
12.9813899994,80.2434997559,50303,50313,10
12.9812803268,80.2442932129,50313,50324,11
12.9811401367,80.245300293,50324,50334,10
12.9810400009,80.2462005615,50334,50344,10
12.9809503555,80.2472305298,50344,50354,10
12.9808597565,80.248336792,50354,50364,10
12.9807596207,80.249458313,50364,50374,10
12.9805202484,80.250579834,50374,50384,10
12.9801301956,80.2521972656,50384,50404,20
12.9801301956,80.2521972656,50404,50414,10
12.980099678,80.2523727417,50414,50424,10
12.9801702499,80.2525634766,50424,50435,11
12.9804201126,80.2526626587,50435,50445,10
12.9808197021,80.2526321411,50445,50455,10
12.9814996719,80.2526016235,50455,50465,10
12.982339859,80.252571106,50465,50475,10
12.9833402634,80.2525024414,50475,50485,10
12.9842796326,80.2522506714,50485,50495,10
12.9851198196,80.2520217896,50495,50505,10
12.985710144,80.2518234253,50505,50606,101
12.985710144,80.2518234253,50606,50616,10
12.9862203598,80.2516784668,50616,50626,10
12.9867095947,80.2515792847,50626,50636,10
12.9872598648,80.2514190674,50636,50798,162
12.9872598648,80.2514190674,50798,50808,10
12.9875202179,80.2513427734,50808,50818,10
12.9878396988,80.2513427734,50818,50828,10
12.9880199432,80.2517471313,50828,50838,10
12.9880599976,80.2523269653,50838,50848,10
12.9879398346,80.2533721924,50848,50858,10
12.987830162,80.2543182373,50858,50868,10
12.9877595901,80.2552108765,50868,50939,71
12.9877595901,80.2552108765,50939,50949,10
12.9876899719,80.2553787231,50949,50959,10
12.9876899719,80.2556762695,50959,50969,10
12.9876203537,80.2561416626,50969,50979,10
12.9875802994,80.2567214966,50979,50990,11
12.9875001907,80.2574920654,50990,51000,10
12.9874200821,80.2582397461,51000,51010,10
12.9873800278,80.2586669922,51010,51020,10
12.9872303009,80.2595214844,51020,51070,50
12.9872303009,80.2595214844,51070,51080,10
12.9868402481,80.2595367432,51080,51141,61
12.9868402481,80.2595367432,51141,51151,10
12.9866800308,80.2593307495,51151,52049,898
12.9865598679,80.2590408325,52049,52342,293
12.9867801666,80.259262085,52342,53573,1231
12.9871196747,80.2591018677,53573,53865,292
12.9871196747,80.2591018677,53865,53875,10
12.9873800278,80.2590637207,53875,53885,10
12.9873800278,80.2587203979,53885,53895,10
12.9873695374,80.2585601807,53895,53905,10
12.9873895645,80.258140564,53905,53916,11
12.9874601364,80.257522583,53916,53926,10
12.9874801636,80.2572174072,53926,53936,10
12.9875602722,80.2569274902,53936,53946,10
12.9876298904,80.2563705444,53946,53956,10
12.9876403809,80.2558670044,53956,53966,10
12.9877500534,80.2552337646,53966,53976,10
12.9877300262,80.2550888062,53976,53986,10
12.9877500534,80.2548522949,53986,53996,10
12.9878101349,80.2542037964,53996,54006,10
12.9878797531,80.2533493042,54006,54016,10
12.9879598618,80.2524032593,54016,54027,11
12.9878702164,80.2519378662,54027,54037,10
12.987830162,80.2517623901,54037,54047,10
12.9877996445,80.2516784668,54047,54057,10
12.9874897003,80.2515869141,54057,54067,10
12.9868202209,80.2516937256,54067,54077,10
12.9859695435,80.2519073486,54077,54087,10
12.984919548,80.2521972656,54087,54097,10
12.9837799072,80.2525024414,54097,54107,10
12.9826402664,80.2526779175,54107,54117,10
12.9814996719,80.2527008057,54117,54127,10
12.9804801941,80.2527236938,54127,54138,11
12.9801197052,80.2527236938,54138,54148,10
12.9799003601,80.2526626587,54148,54158,10
12.9799003601,80.2523727417,54158,54168,10
12.9799098969,80.2522964478,54168,54178,10
12.9799699783,80.2520370483,54178,54188,10
12.980099678,80.2515792847,54188,54198,10
12.9803199768,80.2509002686,54198,54208,10
12.9805698395,80.250038147,54208,54218,10
12.9807300568,80.2489776611,54218,54228,10
12.9808101654,80.2479019165,54228,54238,10
12.9808998108,80.2467880249,54238,54249,11
12.9810304642,80.2455215454,54249,54259,10
12.9811201096,80.2444000244,54259,54269,10
12.9811601639,80.2439880371,54269,54279,10
12.981180191,80.2438430786,54279,54289,10
12.9812202454,80.2437133789,54289,54299,10
12.9813203812,80.2435379028,54299,54309,10
12.9813404083,80.243347168,54309,54319,10
12.9813604355,80.2431030273,54319,54329,10
12.9813604355,80.242767334,54329,54339,10
12.9813604355,80.2425231934,54339,54349,10
12.9813604355,80.2420578003,54349,54360,11
12.9813699722,80.2412261963,54360,54370,10
12.9813699722,80.2403411865,54370,54380,10
12.9813499451,80.2394180298,54380,54390,10
12.981300354,80.238609314,54390,54400,10
12.9812602997,80.237991333,54400,54410,10
12.9812402725,80.2378921509,54410,54420,10
12.9812402725,80.2375030518,54420,54430,10
12.9812297821,80.236869812,54430,54440,10
12.9812097549,80.2360534668,54440,54450,10
12.9811897278,80.2351379395,54450,54460,10
12.9812202454,80.2342376709,54460,54471,11
12.9814796448,80.233581543,54471,54481,10
12.9815797806,80.2333831787,54481,54491,10
12.9816598892,80.233253479,54491,54501,10
12.9818401337,80.2328567505,54501,54511,10
12.9819803238,80.2323379517,54511,54521,10
12.9819803238,80.2318878174,54521,54531,10
12.9819602966,80.2316131592,54531,54541,10
12.9819402695,80.2314605713,54541,54551,10
12.9818296432,80.2311325073,54551,54561,10
12.9816503525,80.2307434082,54561,54571,10
12.981470108,80.2303771973,54571,54581,10
12.9811201096,80.2297821045,54581,54592,11
12.9808597565,80.2293395996,54592,54602,10
12.9807195663,80.2291412354,54602,54612,10
12.9806995392,80.2291107178,54612,54622,10
12.9806003571,80.2289199829,54622,54632,10
12.9803800583,80.2285690308,54632,54642,10
12.9802103043,80.2281494141,54642,54652,10
12.9799003601,80.2276229858,54652,54662,10
12.979640007,80.2272033691,54662,54672,10
12.9792804718,80.226600647,54672,54682,10
12.9788599014,80.2258987427,54682,54692,10
12.9784402847,80.2251586914,54692,54703,11
12.978099823,80.2246398926,54703,54713,10
12.9777898788,80.2242126465,54713,54723,10
12.9774999619,80.2237014771,54723,54733,10
12.9772100449,80.2232131958,54733,54743,10
12.977060318,80.2229537964,54743,54753,10
12.9768104553,80.2225799561,54753,54763,10
12.9764795303,80.2220535278,54763,54773,10
12.9762001038,80.2216262817,54773,54783,10
12.975979805,80.2213363647,54783,54799,16
12.9757499695,80.2210693359,54799,54811,12
12.9756498337,80.2209701538,54811,54822,11
12.9754400253,80.2207870483,54822,54831,9
12.9753599167,80.2206192017,54831,54842,11
12.9756202698,80.2203216553,54842,54851,9
12.9757604599,80.2202072144,54851,54862,11
12.9761104584,80.2200012207,54862,54871,9
12.9765996933,80.2197189331,54871,54882,11
12.977399826,80.2194213867,54882,54892,10
12.9782400131,80.219078064,54892,54901,9
12.9786100388,80.2189331055,54901,54912,11
12.9791498184,80.2187576294,54912,54922,10
12.979809761,80.2185211182,54922,54933,11
12.9805402756,80.2182235718,54933,54942,9
12.9811296463,80.2180099487,54942,54953,11
12.9818201065,80.2178421021,54953,54963,10
12.9826602936,80.2178115845,54963,54973,10
12.9835100174,80.2177886963,54973,54983,10
12.9837703705,80.2177886963,54983,54993,10
12.9840698242,80.2177734375,54993,55003,10
12.9846496582,80.2177734375,55003,55013,10
12.9854297638,80.2178115845,55013,55023,10
12.986240387,80.2179718018,55023,55033,10
12.9870500565,80.2181396484,55033,55044,11
12.9878396988,80.2183303833,55044,55054,10
12.9886598587,80.2185211182,55054,55064,10
12.9895200729,80.2188034058,55064,55074,10
12.9903001785,80.2190704346,55074,55084,10
12.9912099838,80.2193527222,55084,55094,10
12.991900444,80.21925354,55094,55104,10
12.9925699234,80.21875,55104,55114,10
12.9932899475,80.218208313,55114,55130,16
12.9941997528,80.2175369263,55130,55142,12
12.9943704605,80.2174606323,55142,55150,8
12.9946403503,80.2172622681,55150,55163,13
12.9948797226,80.2170562744,55163,55173,10
12.9951696396,80.2168426514,55173,55182,9
12.995639801,80.2166213989,55182,55193,11
12.9964103699,80.216583252,55193,55203,10
12.9972000122,80.2163085938,55203,55213,10
12.9975204468,80.2160263062,55213,55223,10
12.9976596832,80.2159423828,55223,55233,10
12.9979600906,80.2156600952,55233,55243,10
12.9984798431,80.2152175903,55243,55253,10
12.9990797043,80.2147216797,55253,55264,11
12.9993000031,80.2145233154,55264,55274,10
12.9997196198,80.2141494751,55274,55284,10
13.0001096725,80.2138214111,55284,55294,10
13.0006399155,80.2133483887,55294,55304,10
13.001159668,80.212890625,55304,55314,10
13.0018396378,80.2123794556,55314,55324,10
13.0025596619,80.2121200562,55324,55334,10
13.0033397675,80.212020874,55334,55344,10
13.0036201477,80.2118301392,55344,55354,10
13.0036697388,80.2116165161,55354,55364,10
13.0036802292,80.2110595703,55364,55375,11
13.0035600662,80.2102279663,55375,55385,10
13.0035295486,80.2094497681,55385,55395,10
13.0037298203,80.2087173462,55395,55405,10
13.0043802261,80.2087783813,55405,55415,10
13.0051698685,80.2091369629,55415,55425,10
13.0060396194,80.2094802856,55425,55435,10
13.006770134,80.2097015381,55435,55445,10
13.0072402954,80.2097396851,55445,55455,10
13.0072803497,80.2097625732,55455,55465,10
13.0073699951,80.2098388672,55465,55475,10
13.0074796677,80.2098236084,55475,55485,10
13.0078601837,80.2098999023,55485,55496,11
13.0080604553,80.2099380493,55496,55506,10
13.0081195831,80.2096328735,55506,55516,10
13.0080003738,80.2089996338,55516,55526,10
13.0078697205,80.2081222534,55526,55536,10
13.0076999664,80.2070083618,55536,55546,10
13.0075502396,80.205947876,55546,55556,10
13.0074996948,80.2049636841,55556,55566,10
13.0074901581,80.2040863037,55566,55576,10
13.007349968,80.2032012939,55576,55586,10
13.0069103241,80.2025299072,55586,55596,10
13.0065202713,80.2030487061,55596,55607,11
13.0070199966,80.2034912109,55607,55617,10
13.0076799393,80.2036972046,55617,55627,10
13.0085000992,80.2036972046,55627,55637,10
13.0095396042,80.2036437988,55637,55653,16
13.0114002228,80.2036972046,55653,55665,12
13.0127401352,80.2039337158,55665,55675,10
13.0136499405,80.2042007446,55675,55684,9
13.01445961,80.2045211792,55684,55695,11
13.0154600143,80.2048797607,55695,55705,10
13.0161104202,80.2051925659,55705,55716,11
13.0167503357,80.2052764893,55716,55726,10
13.0172395706,80.2054367065,55726,55736,10
13.0180196762,80.2057876587,55736,55746,10
13.0180196762,80.2057876587,55746,55756,10
13.0186300278,80.2059783936,55756,55766,10
13.0187196732,80.2059936523,55766,55776,10
13.0190496445,80.2060928345,55776,55786,10
13.0196399689,80.2062606812,55786,55796,10
13.0204000473,80.2062988281,55796,55806,10
13.0212202072,80.2062835693,55806,55816,10
13.0219097137,80.2063369751,55816,55826,10
13.0224599838,80.2063369751,55826,55838,12
13.0234298706,80.2065811157,55838,55848,10
13.0239601135,80.2066268921,55848,55858,10
13.0245599747,80.2067871094,55858,55866,8
13.0252304077,80.2069320679,55866,55878,12
13.0264196396,80.2075195313,55878,55888,10
13.0274200439,80.2081298828,55888,55898,10
13.0284996033,80.2086029053,55898,55908,10
13.029540062,80.2088317871,55908,55918,10
13.0302095413,80.2090301514,55918,55928,10
13.0307502747,80.2092132568,55928,55939,11
13.0314598083,80.2094192505,55939,55949,10
13.0316295624,80.2094497681,55949,55959,10
13.0319004059,80.2095108032,55959,55969,10
13.0324001312,80.2095794678,55969,55979,10
13.0331697464,80.2097473145,55979,55989,10
13.0340795517,80.2099227905,55989,55999,10
13.0348596573,80.2100601196,55999,56009,10
13.0349903107,80.2104415894,56009,56019,10
13.0349397659,80.2106399536,56019,56029,10
13.0349302292,80.2110977173,56029,56050,21
13.0349302292,80.2110977173,56050,56060,10
13.0349397659,80.2113800049,56060,56070,10
13.0348997116,80.212020874,56070,56090,20
13.0348997116,80.212020874,56090,56100,10
13.0349397659,80.2121963501,56100,56110,10
13.0353298187,80.2122421265,56110,56120,10
13.0360202789,80.2122116089,56120,56130,10
13.0368099213,80.2122192383,56130,56140,10
13.0371103287,80.2122497559,56140,56150,10
13.0374498367,80.2122116089,56150,56160,10
13.0381498337,80.2122421265,56160,56171,11
13.0391397476,80.2122116089,56171,56181,10
13.0399398804,80.2123336792,56181,56191,10
13.0409698486,80.2123413086,56191,56201,10
13.0419397354,80.2123794556,56201,56211,10
13.0429296494,80.2122879028,56211,56221,10
13.0437803268,80.2123031616,56221,56231,10
13.0443897247,80.2122573853,56231,56241,10
13.0450496674,80.2122497559,56241,56251,10
13.0458097458,80.2121963501,56251,56261,10
13.0466604233,80.2121963501,56261,56270,9
13.0474300385,80.2121429443,56270,56281,11
13.0480804443,80.2120285034,56281,56292,11
13.0481004715,80.2120285034,56292,56302,10
13.0483703613,80.2120666504,56302,56312,10
13.0487699509,80.2119979858,56312,56322,10
13.0492897034,80.2119674683,56322,56332,10
13.0497703552,80.2119216919,56332,56342,10
13.0500898361,80.2119369507,56342,56352,10
13.0506000519,80.2119674683,56352,56362,10
13.0510196686,80.212020874,56362,56372,10
13.0518703461,80.2119674683,56372,56382,10
13.0526199341,80.2119216919,56382,56393,11
13.0540304184,80.2115783691,56393,56413,20
13.0540304184,80.2115783691,56413,56423,10
13.054309845,80.2115402222,56423,56433,10
13.0548400879,80.211479187,56433,56443,10
13.0556402206,80.2114486694,56443,56453,10
13.056599617,80.2114562988,56453,56463,10
13.0576000214,80.2114715576,56463,56473,10
13.0586500168,80.2115325928,56473,56483,10
13.0597400665,80.2115707397,56483,56492,9
13.0607404709,80.2116165161,56492,56504,12
13.0618400574,80.2118606567,56504,56514,10
13.0628004074,80.2117080688,56514,56523,9
13.0633401871,80.211517334,56523,56534,11
13.0634403229,80.2115020752,56534,56544,10
13.0635795593,80.2115097046,56544,56554,10
13.0640096664,80.2114868164,56554,56563,9
13.0646295547,80.2113189697,56563,56574,11
13.0654296875,80.2107696533,56574,56584,10
13.0662498474,80.2100982666,56584,56594,10
13.0670003891,80.2092208862,56594,56604,10
13.0676803589,80.2082214355,56604,56615,11
13.0683403015,80.2072601318,56615,56625,10
13.0689201355,80.2063598633,56625,56635,10
13.0694303513,80.2055282593,56635,56645,10
13.0696697235,80.2050628662,56645,56655,10
13.0696897507,80.2049102783,56655,56665,10
13.0694704056,80.2048034668,56665,56675,10
13.0691204071,80.2051315308,56675,56726,51
13.0691204071,80.2051315308,56726,56736,10
13.0689897537,80.2052536011,56736,56746,10
13.0687198639,80.2052001953,56746,56766,20
13.0687103271,80.2050933838,56766,56796,30
13.0687103271,80.2050933838,56796,56806,10
13.0684700012,80.2050094604,56806,56837,31
13.0681295395,80.2050704956,56837,57624,787
13.0681295395,80.2050704956,57624,57634,10
13.0681495667,80.2049484253,57634,57644,10
13.068400383,80.2049484253,57644,57654,10
13.0685997009,80.2048873901,57654,57664,10
13.0689296722,80.2047805786,57664,57674,10
13.0690002441,80.2047729492,57674,57684,10
13.0693101883,80.204788208,57684,57694,10
13.0697603226,80.2049331665,57694,57724,30
13.0697603226,80.2049331665,57724,57735,11
13.0698699951,80.2050476074,57735,57745,10
13.0697498322,80.205406189,57745,57755,10
13.0693798065,80.2059783936,57755,57765,10
13.0689096451,80.206703186,57765,57775,10
13.0683403015,80.2075805664,57775,57785,10
13.0677900314,80.2084732056,57785,57795,10
13.0675401688,80.208946228,57795,57805,10
13.067150116,80.209602356,57805,57815,10
13.0664596558,80.2102737427,57815,57825,10
13.0657501221,80.210899353,57825,57835,10
13.0652198792,80.2112808228,57835,57846,11
13.065079689,80.2113265991,57846,57856,10
13.0646600723,80.211517334,57856,57866,10
13.0639696121,80.2117233276,57866,57876,10
13.0634098053,80.2117462158,57876,57886,10
13.0626897812,80.2117767334,57886,57896,10
13.0621795654,80.2118988037,57896,57906,10
13.0606298447,80.2117614746,57906,57916,10
13.059630394,80.2117080688,57916,57926,10
13.0583600998,80.2116775513,57926,57936,10
13.0577602386,80.2116470337,57936,57946,10
13.0574903488,80.2116622925,57946,57957,11
13.0569095612,80.2116470337,57957,57967,10
13.056139946,80.2116165161,57967,57977,10
13.0552101135,80.2116012573,57977,57987,10
13.054599762,80.2116088867,57987,57997,10
13.0545396805,80.2116317749,57997,58007,10
13.0542402267,80.2117462158,58007,58017,10
13.0537004471,80.2118606567,58017,58027,10
13.0529203415,80.2120513916,58027,58037,10
13.0519104004,80.2122268677,58037,58047,10
13.0509700775,80.2122421265,58047,58057,10
13.0501403809,80.2121734619,58057,58088,31
13.0501403809,80.2121734619,58088,58098,10
13.0497999191,80.2121582031,58098,58108,10
13.0495595932,80.2121887207,58108,58138,30
13.0495595932,80.2121887207,58138,58148,10
13.049249649,80.2121582031,58148,58158,10
13.0486898422,80.2121887207,58158,58168,10
13.0479402542,80.2122268677,58168,58178,10
13.0469999313,80.2122879028,58178,58188,10
13.0458898544,80.2123565674,58188,58199,11
13.0445203781,80.2124176025,58199,58269,70
13.0445203781,80.2124176025,58269,58279,10
13.044260025,80.2124862671,58279,58289,10
13.0438098907,80.2124710083,58289,58300,11
13.043009758,80.2124404907,58300,58310,10
13.0422201157,80.2124023438,58310,58320,10
13.0413398743,80.2124176025,58320,58330,10
13.0402202606,80.2124176025,58330,58340,10
13.0390796661,80.2124176025,58340,58350,10
13.0379695892,80.2124176025,58350,58360,10
13.0371704102,80.2123413086,58360,58370,10
13.0364398956,80.2123413086,58370,58380,10
13.0355901718,80.2123184204,58380,58390,10
13.0351104736,80.2122879028,58390,58400,10
13.0348596573,80.2122573853,58400,58411,11
13.0345001221,80.2121963501,58411,58421,10
13.0341901779,80.2121200562,58421,58441,20
13.0341901779,80.2121200562,58441,58451,10
13.0339202881,80.212059021,58451,58461,10
13.033539772,80.2119598389,58461,58471,10
13.0330600739,80.2118682861,58471,58481,10
13.0321302414,80.2117233276,58481,58491,10
13.0320301056,80.2111206055,58491,58501,10
13.0320901871,80.2103424072,58501,58511,10
13.0320396423,80.2096786499,58511,58522,11
13.0314302444,80.2094802856,58522,58532,10
13.0309801102,80.2093582153,58532,58542,10
13.0305204391,80.2092437744,58542,58552,10
13.0301198959,80.2091369629,58552,58562,10
13.0296497345,80.2090301514,58562,58572,10
13.0295801163,80.2089996338,58572,58582,10
13.0291996002,80.2088470459,58582,58592,10
13.0285396576,80.2086791992,58592,58602,10
13.0277500153,80.2083892822,58602,58618,16
13.0263795853,80.207572937,58618,58630,12
13.0251398087,80.2070236206,58630,58641,11
13.0244102478,80.2069473267,58641,58650,9
13.0242395401,80.2069091797,58650,58661,11
13.0238199234,80.206817627,58661,58671,10
13.0231599808,80.2066726685,58671,58681,10
13.0222702026,80.20652771,58681,58691,10
13.0212898254,80.206489563,58691,58701,10
13.0201997757,80.206489563,58701,58711,10
13.0193004608,80.2064285278,58711,58721,10
13.0192203522,80.2063980103,58721,58731,10
13.0188903809,80.2062530518,58731,58741,10
13.0182695389,80.2060317993,58741,58763,22
13.0172395706,80.2056884766,58763,58775,12
13.0165996552,80.2054595947,58775,58785,10
13.0156202316,80.205078125,58785,58795,10
13.0146598816,80.2048034668,58795,58805,10
13.0143995285,80.2046966553,58805,58815,10
13.0143003464,80.2046508789,58815,58824,9
13.0138397217,80.2044906616,58824,58835,11
13.0136203766,80.2044830322,58835,58844,9
13.0135498047,80.2046737671,58844,58854,10
13.0134000778,80.2051620483,58854,58866,12
13.013130188,80.2060317993,58866,58876,10
13.0130395889,80.2069625854,58876,58886,10
13.0129404068,80.2077026367,58886,58896,10
13.0128898621,80.2080612183,58896,58906,10
13.0128803253,80.2084884644,58906,58916,10
13.0128898621,80.2088699341,58916,58925,9
13.0130395889,80.2094497681,58925,58935,10
13.0132198334,80.2099914551,58935,58946,11
13.0130796432,80.2108001709,58946,58956,10
13.0127096176,80.2115783691,58956,58966,10
13.0119495392,80.2127304077,58966,58987,21
13.0119495392,80.2127304077,58987,58997,10
13.011879921,80.2128295898,58997,59007,10
13.0116195679,80.2127304077,59007,59017,10
13.011179924,80.2123565674,59017,59027,10
13.0107498169,80.2120437622,59027,59037,10
13.0103502274,80.2117233276,59037,59057,20
13.0103502274,80.2117233276,59057,59067,10
13.0101804733,80.2115783691,59067,59078,11
13.0101499557,80.2115402222,59078,59088,10
13.0098600388,80.2113189697,59088,59098,10
13.0095300674,80.2110977173,59098,59118,20
13.0093603134,80.2110671997,59118,59138,20
13.0093603134,80.2110671997,59138,59148,10
13.0092096329,80.2113037109,59148,59158,10
13.0090103149,80.2115783691,59158,59168,10
13.0091199875,80.2119827271,59168,59178,10
13.0093097687,80.2126083374,59178,59188,10
13.0095796585,80.2133331299,59188,59199,11
13.0099096298,80.2141113281,59199,59209,10
13.0101604462,80.2147979736,59209,59225,16
13.0104598999,80.216178894,59225,59237,12
13.0109596252,80.2172470093,59237,59244,7
13.0112304688,80.2179107666,59244,59257,13
13.0116701126,80.2192077637,59257,59267,10
13.0120096207,80.2203369141,59267,59277,10
13.0122995377,80.2211914063,59277,59287,10
13.0125999451,80.2218170166,59287,59297,10
13.0130701065,80.2224884033,59297,59307,10
13.0136003494,80.2230834961,59307,59318,11
13.01404953,80.2236404419,59318,59328,10
13.0143899918,80.2239990234,59328,59338,10
13.0148696899,80.2245483398,59338,59347,9
13.0153102875,80.2250823975,59347,59360,13
13.0153999329,80.225227356,59360,59370,10
13.0154600143,80.2254104614,59370,59380,10
13.0153198242,80.2257919312,59380,59390,10
13.0148200989,80.2260131836,59390,59400,10
13.0141096115,80.2262802124,59400,59410,10
13.013299942,80.2265777588,59410,59420,10
13.0125598907,80.226852417,59420,59431,11
13.0116701126,80.2271881104,59431,59440,9
13.0108699799,80.2275009155,59440,59451,11
13.010020256,80.2278366089,59451,59461,10
13.0095396042,80.2277526855,59461,59471,10
13.0095701218,80.2274017334,59471,59481,10
13.0098495483,80.2268218994,59481,59491,10
13.0101995468,80.22605896,59491,59501,10
13.0105199814,80.2253112793,59501,59511,10
13.0107498169,80.2247924805,59511,59521,10
13.0109796524,80.2241668701,59521,59532,11
13.0112895966,80.2234191895,59532,59542,10
13.0109996796,80.2230300903,59542,59552,10
13.0105695724,80.2228164673,59552,59562,10
13.0103302002,80.2226791382,59562,59572,10
13.0098400116,80.2224197388,59572,59581,9
13.0092201233,80.2220916748,59581,59592,11
13.0086803436,80.221786499,59592,59602,10
13.0081396103,80.2215118408,59602,59611,9
13.0075597763,80.2212219238,59611,59621,10
13.0068902969,80.2208709717,59621,59632,11
13.0061397552,80.2205963135,59632,59643,11
13.0051298141,80.2203598022,59643,59653,10
13.0041303635,80.2201385498,59653,59663,10
13.0032196045,80.2199172974,59663,59673,10
13.0023498535,80.2194213867,59673,59683,10
13.0016899109,80.2187271118,59683,59693,10
13.0009298325,80.2181396484,59693,59702,9
13.0003004074,80.2177429199,59702,59713,11
12.9994001389,80.2171783447,59713,59723,10
12.9983701706,80.2166900635,59723,59732,9
12.9975595474,80.2165298462,59732,59742,10
12.9974002838,80.2165222168,59742,59753,11
12.9970197678,80.2165298462,59753,59764,11
12.9962797165,80.2166290283,59764,59774,10
12.9954004288,80.2168731689,59774,59784,10
12.9947395325,80.2172775269,59784,59794,10
12.9944095612,80.2175216675,59794,59804,10
12.993929863,80.2178573608,59804,59814,10
12.9933004379,80.2183074951,59814,59824,10
12.9925804138,80.2188415527,59824,59834,10
12.9918403625,80.2193832397,59834,59844,10
12.9913396835,80.2195510864,59844,59854,10
12.9906396866,80.2193222046,59854,59864,10
12.9897603989,80.2190093994,59864,59875,11
12.9886398315,80.2185974121,59875,59885,10
12.9876203537,80.2183837891,59885,59895,10
12.9870595932,80.2182769775,59895,59905,10
12.9868202209,80.2182312012,59905,59915,10
12.9862804413,80.2180862427,59915,59925,10
12.9854402542,80.2179489136,59925,59935,10
12.9845304489,80.217956543,59935,59945,10
12.9840202332,80.2179794312,59945,59955,10
12.9839200974,80.2179718018,59955,59965,10
12.9835195541,80.2179718018,59965,59975,10
12.9828195572,80.2179794312,59975,59986,11
12.9818601608,80.2180023193,59986,59996,10
12.9808197021,80.2182617188,59996,60006,10
12.9799499512,80.2185668945,60006,60015,9
12.9793996811,80.218788147,60015,60026,11
12.9788599014,80.21900177,60026,60036,10
12.9784603119,80.2191619873,60036,60047,11
12.9778203964,80.2194137573,60047,60057,10
12.9768800735,80.2197875977,60057,60067,10
12.9759397507,80.220199585,60067,60077,10
12.975569725,80.220489502,60077,60148,71
12.975569725,80.220489502,60148,60158,10
12.9754896164,80.2205886841,60158,60168,10
12.9754400253,80.2207870483,60168,60178,10
12.9756097794,80.2209396362,60178,60188,10
12.975979805,80.2213516235,60188,60198,10
12.9763402939,80.2217712402,60198,60209,11
12.9764299393,80.2218704224,60209,60219,10
12.9765996933,80.2222213745,60219,60229,10
12.9769601822,80.2228164673,60229,60239,10
12.9773902893,80.2235717773,60239,60249,10
12.9779100418,80.2244033813,60249,60259,10
12.9783496857,80.2251205444,60259,60269,10
12.9786500931,80.2256011963,60269,60279,10
12.9788799286,80.2259597778,60279,60289,10
12.9792499542,80.2265701294,60289,60299,10
12.9796895981,80.2273025513,60299,60309,10
12.9801397324,80.2280578613,60309,60320,11
12.9806604385,80.2289199829,60320,60330,10
12.9809703827,80.2294692993,60330,60340,10
12.9816904068,80.2305831909,60340,60360,20
12.9816904068,80.2305831909,60360,60370,10
12.9817800522,80.230796814,60370,60380,10
12.9819803238,80.2312927246,60380,60390,10
12.9820404053,80.2319869995,60390,60400,10
12.9819602966,80.2327804565,60400,60410,10
12.9816503525,80.2334823608,60410,60420,10
12.9815797806,80.2336196899,60420,60431,11
12.981470108,80.2338409424,60431,60441,10
12.9812602997,80.2343902588,60441,60451,10
12.9812202454,80.2351989746,60451,60461,10
12.9812498093,80.2361068726,60461,60471,10
12.9812803268,80.2371520996,60471,60481,10
12.9812898636,80.2378005981,60481,60491,10
12.981300354,80.238067627,60491,60501,10
12.9813203812,80.2386169434,60501,60511,10
12.9813203812,80.2387084961,60511,60521,10
12.9813203812,80.2389373779,60521,60531,10
12.9813404083,80.2394866943,60531,60542,11
12.9813499451,80.2400436401,60542,60552,10
12.9813804626,80.2407608032,60552,60562,10
12.9813804626,80.2416229248,60562,60572,10
12.9813804626,80.2420806885,60572,60588,16
12.9813995361,80.2425231934,60588,60600,12
12.9813995361,80.2426376343,60600,60608,8
12.9813995361,80.2427978516,60608,60620,12
12.9813995361,80.2428131104,60620,60630,10
12.9813804626,80.243057251,60630,60640,10
12.9813699722,80.2435684204,60640,60650,10
12.9812602997,80.2442626953,60650,60661,11
12.9811401367,80.2451934814,60661,60671,10
12.9810400009,80.2460784912,60671,60681,10
12.980919838,80.2472915649,60681,60691,10
12.9808197021,80.2484588623,60691,60701,10
12.9807100296,80.2496185303,60701,60711,10
12.9804601669,80.2507476807,60711,60721,10
12.9801998138,80.2517700195,60721,60731,10
12.9801597595,80.2521133423,60731,60751,20
12.9801597595,80.2521133423,60751,60762,11
12.9801397324,80.2521362305,60762,60772,10
12.980099678,80.2522964478,60772,60782,10
12.9801502228,80.2525405884,60782,60852,70
12.9801502228,80.2525405884,60852,60862,10
12.9805402756,80.2526321411,60862,60872,10
12.9809999466,80.2526092529,60872,60883,11
12.9814195633,80.2526016235,60883,60913,30
12.9814195633,80.2526016235,60913,60923,10
12.9819402695,80.2525787354,60923,61024,101
12.9819402695,80.2525787354,61024,61034,10
12.9820995331,80.2525863647,61034,61044,10
12.9824695587,80.2525787354,61044,61054,10
12.9829797745,80.252532959,61054,61064,10
12.9834098816,80.2524795532,61064,61074,10
12.9834403992,80.2524719238,61074,61084,10
12.983590126,80.2524490356,61084,61195,111
12.983590126,80.2524490356,61195,61205,10
12.983710289,80.2523803711,61205,61216,11
12.9841299057,80.2522964478,61216,61226,10
12.9844903946,80.2521972656,61226,61236,10
12.9846801758,80.2521514893,61236,61246,10
12.9849500656,80.2520675659,61246,61256,10
12.985159874,80.2520294189,61256,61266,10
12.9853801727,80.251991272,61266,61276,10
12.985710144,80.2518920898,61276,61367,91
12.985710144,80.2518920898,61367,61377,10
12.985830307,80.2519683838,61377,61387,10
12.9861497879,80.2518234253,61387,61397,10
12.9866504669,80.251701355,61397,61407,10
12.9871101379,80.2515563965,61407,61417,10
12.987739563,80.2514038086,61417,61538,121
12.987739563,80.2514038086,61538,61549,11
12.9878997803,80.2515335083,61549,61559,10
12.9879703522,80.2518997192,61559,61569,10
12.9880304337,80.252243042,61569,61579,10
12.9879798889,80.252822876,61579,61589,10
12.9878902435,80.253692627,61589,61599,10
12.9878196716,80.2546234131,61599,61609,10
12.9877004623,80.2553024292,61609,61639,30
12.9875898361,80.2553100586,61639,61660,21
12.9875898361,80.2553100586,61660,61670,10
12.9876203537,80.2555007935,61670,61680,10
12.9876098633,80.255897522,61680,61690,10
12.987569809,80.2563781738,61690,61700,10
12.9875402451,80.2567825317,61700,61710,10
12.9874801636,80.2573394775,61710,61720,10
12.9874401093,80.2581329346,61720,61730,10
12.9872903824,80.2593002319,61730,61760,30
12.9872903824,80.2593002319,61760,61771,11
12.9872903824,80.2593994141,61771,61781,10
12.9872198105,80.2595901489,61781,61791,10
12.987039566,80.2596206665,61791,61801,10
12.986700058,80.2596206665,61801,62497,696
12.9866104126,80.2594604492,62497,62658,161
12.986700058,80.2595672607,62658,62689,31
12.986700058,80.2595672607,62689,62699,10
12.9865598679,80.2593917847,62699,62709,10
12.9865703583,80.2592391968,62709,62719,10
12.9866199493,80.2591018677,62719,62729,10
12.9868202209,80.2590866089,62729,62800,71
12.9868202209,80.2590866089,62800,62810,10
12.9871797562,80.2591705322,62810,62830,20
12.9871797562,80.2591705322,62830,62840,10
12.9873600006,80.2589569092,62840,62850,10
12.9873895645,80.2586975098,62850,62860,10
12.9874095917,80.2583084106,62860,62870,10
12.987449646,80.2578887939,62870,62880,10
12.9874696732,80.2572937012,62880,62891,11
12.987569809,80.2563400269,62891,62971,80
12.987569809,80.2563400269,62971,62987,16
12.9875602722,80.2561798096,62987,62999,12
12.9876003265,80.255859375,62999,63008,9
12.9876899719,80.2554931641,63008,63020,12
12.9876899719,80.255279541,63020,63030,10
12.9877099991,80.2550506592,63030,63040,10
12.9877595901,80.2549819946,63040,63050,10
12.9877796173,80.2545700073,63050,63060,10
12.9878196716,80.2538375854,63060,63070,10
12.987859726,80.253036499,63070,63080,10
12.9878501892,80.2519226074,63080,63099,19
12.9878501892,80.2519226074,63099,63110,11
12.987739563,80.251663208,63110,63120,10
12.987279892,80.2516708374,63120,63131,11
12.9866104126,80.2517929077,63131,63141,10
12.9859600067,80.2519607544,63141,63151,10
12.9850797653,80.252166748,63151,63161,10
12.9841604233,80.2524032593,63161,63171,10
12.9831600189,80.2526321411,63171,63181,10
12.9820995331,80.2527084351,63181,63191,10
12.981010437,80.2527236938,63191,63201,10
12.980099678,80.2527389526,63201,63211,10
12.9798698425,80.2523498535,63211,63232,21
12.9798698425,80.2523498535,63232,63242,10
12.9799604416,80.252166748,63242,63252,10
12.9800395966,80.2517776489,63252,63262,10
12.9802398682,80.2511901855,63262,63272,10
12.9804697037,80.2504425049,63272,63282,10
12.9806604385,80.2495727539,63282,63292,10
12.9807500839,80.2486190796,63292,63302,10
12.9808197021,80.2476196289,63302,63312,10
12.980919838,80.2465667725,63312,63322,10
12.9810400009,80.2454833984,63322,63332,10
12.9811201096,80.2445678711,63332,63464,132
12.981180191,80.2441864014,63464,63565,101
12.981180191,80.2441864014,63565,63575,10
12.9812002182,80.2437973022,63575,63585,10
12.9812898636,80.2436294556,63585,63595,10
12.9813203812,80.2433319092,63595,63605,10
12.9813299179,80.2429275513,63605,63625,20
12.9813299179,80.2429275513,63625,63635,10
12.9813604355,80.2426681519,63635,63645,10
12.9813499451,80.242149353,63645,63655,10
12.9813699722,80.2414093018,63655,63665,10
12.9813604355,80.240737915,63665,63675,10
12.9813699722,80.2404327393,63675,63686,11
12.9813203812,80.2398910522,63686,63696,10
12.9813203812,80.2393188477,63696,63712,16
12.9812898636,80.2381820679,63712,63724,12
12.9812898636,80.2379837036,63724,63734,10
12.9812803268,80.23777771,63734,63743,9
12.9812698364,80.2372665405,63743,63754,11
12.9812498093,80.2363586426,63754,63764,10
12.9812202454,80.2354812622,63764,63774,10
12.9811897278,80.2347183228,63774,63795,21
12.9811897278,80.2347183228,63795,63804,9
12.9812202454,80.2344665527,63804,63815,11
12.9812803268,80.2341766357,63815,63826,11
12.9813203812,80.2340316772,63826,63836,10
12.9814300537,80.2338180542,63836,63846,10
12.9814901352,80.2336578369,63846,63856,10
12.9816198349,80.2333984375,63856,63866,10
12.9816503525,80.2333374023,63866,63876,10
12.9816904068,80.2332382202,63876,63886,10
12.9817495346,80.2331237793,63886,63896,10
12.9818401337,80.2328567505,63896,63907,11
12.981880188,80.232749939,63907,63917,10
12.9819602966,80.2324829102,63917,63927,10
12.982000351,80.2323303223,63927,63937,10
12.9819803238,80.2320632935,63937,63947,10
12.9819803238,80.2317733765,63947,63957,10
12.9819202423,80.2313079834,63957,63967,10
12.9817399979,80.2309036255,63967,63977,10
12.9815502167,80.2305603027,63977,63987,10
12.9812402725,80.2300415039,63987,63997,10
12.9808301926,80.2293167114,63997,64018,21
12.9808301926,80.2293167114,64018,64028,10
12.9807395935,80.2291793823,64028,64038,10
12.9806995392,80.229133606,64038,64048,10
12.980629921,80.2289810181,64048,64058,10
12.9804201126,80.2286987305,64058,64067,9
12.9802703857,80.2283630371,64067,64078,11
12.980050087,80.2279434204,64078,64088,10
12.9797096252,80.2273864746,64088,64098,10
12.9793195724,80.2266998291,64098,64108,10
12.9788799286,80.2259597778,64108,64118,10
12.9784402847,80.2252197266,64118,64129,11
12.9783201218,80.2250289917,64129,64139,10
12.9781198502,80.2247314453,64139,64149,10
12.9778604507,80.224357605,64149,64159,10
12.9776096344,80.2239532471,64159,64169,10
12.9772596359,80.2233963013,64169,64179,10
12.976940155,80.2228393555,64179,64189,10
12.9766998291,80.2224502563,64189,64199,10
12.9764003754,80.222038269,64199,64209,10
12.976360321,80.2219772339,64209,64219,10
12.9762201309,80.2217712402,64219,64229,10
12.976099968,80.221572876,64229,64239,10
12.975569725,80.2210083008,64239,64270,31
12.975569725,80.2210083008,64270,64286,16
12.975399971,80.2208404541,64286,64298,12
12.9753799438,80.2206192017,64298,64308,10
12.9754800797,80.2204971313,64308,64318,10
12.9758796692,80.2202072144,64318,64328,10
12.9764099121,80.2199630737,64328,64338,10
12.9771003723,80.2196731567,64338,64348,10
12.9778900146,80.2193374634,64348,64359,11
12.9785995483,80.2190628052,64359,64370,11
12.9791698456,80.2188491821,64370,64380,10
12.9798002243,80.2185974121,64380,64389,9
12.9800100327,80.2185211182,64389,64400,11
12.9803304672,80.2183837891,64400,64410,10
12.980919838,80.2181777954,64410,64419,9
12.9815502167,80.2179794312,64419,64430,11
12.982339859,80.2179031372,64430,64440,10
12.9837703705,80.2178878784,64440,64460,20
12.9837703705,80.2178878784,64460,64471,11
12.9841499329,80.2179107666,64471,64481,10
12.9848098755,80.2179031372,64481,64491,10
12.9856100082,80.2179412842,64491,64501,10
12.9864997864,80.2181167603,64501,64511,10
12.9873895645,80.2182769775,64511,64531,20
12.9873895645,80.2182769775,64531,64541,10
12.9877595901,80.2183914185,64541,64551,10
12.988360405,80.2185287476,64551,64561,10
12.9891395569,80.2187576294,64561,64571,10
12.9896697998,80.2189407349,64571,64582,11
12.9901695251,80.2191009521,64582,64592,10
12.9908704758,80.219329834,64592,64602,10
12.9916400909,80.2194976807,64602,64612,10
12.9922399521,80.2191085815,64612,64622,10
12.9929103851,80.2185974121,64622,64632,10
12.9934997559,80.2181167603,64632,64642,10
12.994020462,80.2177429199,64642,64652,10
12.9944200516,80.2174606323,64652,64662,10
12.9948501587,80.2171630859,64662,64672,10
12.9952602386,80.2169036865,64672,64682,10
12.9957399368,80.2166976929,64682,64693,11
12.9961900711,80.2165908813,64693,64703,10
12.9963502884,80.2165603638,64703,64713,10
12.9966001511,80.2165527344,64713,64723,10
12.9966096878,80.2165527344,64723,64733,10
12.9967603683,80.2165374756,64733,64743,10
12.9969997406,80.2165222168,64743,64753,10
12.997300148,80.2163925171,64753,64763,10
12.9975595474,80.2161331177,64763,64773,10
12.9975700378,80.2161331177,64773,64783,10
12.9977903366,80.2159423828,64783,64793,10
12.9981899261,80.2155838013,64793,64804,11
12.9988603592,80.2150268555,64804,64814,10
12.9992198944,80.2147216797,64814,64824,10
12.9995203018,80.2144317627,64824,64834,10
12.9999303818,80.2140808105,64834,64844,10
13.0003499985,80.2136993408,64844,64854,10
13.0008897781,80.213218689,64854,64864,10
13.0013303757,80.212852478,64864,64874,10
13.0018701553,80.2125015259,64874,64884,10
13.002240181,80.2122497559,64884,64894,10
13.0026397705,80.2121429443,64894,64904,10
13.0030698776,80.212059021,64904,64915,11
13.0036201477,80.2119598389,64915,64925,10
13.0037002563,80.2118225098,64925,64935,10
13.0036897659,80.2113037109,64935,64945,10
13.0036201477,80.2106018066,64945,64955,10
13.0035200119,80.2098693848,64955,64965,10
13.0036001205,80.2091369629,64965,64975,10
13.0040197372,80.2086486816,64975,64985,10
13.0047903061,80.2089996338,64985,64995,10
13.0056695938,80.2093887329,64995,65005,10
13.0061903,80.2095718384,65005,65015,10
13.0064897537,80.2096710205,65015,65026,11
13.006939888,80.2097930908,65026,65036,10
13.0073604584,80.2098617554,65036,65066,30
13.0073604584,80.2098617554,65066,65076,10
13.0075597763,80.2099380493,65076,65086,10
13.007900238,80.2100067139,65086,65102,16
13.0081996918,80.2099380493,65102,65114,12
13.0080404282,80.2094268799,65114,65122,8
13.0079298019,80.2088394165,65122,65133,11
13.0077896118,80.2079391479,65133,65144,11
13.0076799393,80.20703125,65144,65156,12
13.0075397491,80.2060012817,65156,65166,10
13.0074996948,80.205116272,65166,65176,10
13.0074901581,80.204460144,65176,65186,10
13.0074300766,80.2037963867,65186,65196,10
13.0072898865,80.2029418945,65196,65207,11
13.0066099167,80.2027435303,65207,65216,9
13.0065803528,80.2032623291,65216,65226,10
13.007060051,80.2035598755,65226,65237,11
13.007809639,80.2037506104,65237,65248,11
13.0087604523,80.2037277222,65248,65258,10
13.0098304749,80.2036590576,65258,65268,10
13.0109996796,80.2036819458,65268,65278,10
13.0120000839,80.2037963867,65278,65288,10
13.0125198364,80.203918457,65288,65298,10
13.0127401352,80.2039489746,65298,65308,10
13.012960434,80.2039337158,65308,65318,10
13.0133800507,80.2040710449,65318,65328,10
13.013759613,80.2041931152,65328,65338,10
13.0148897171,80.2045822144,65338,65359,21
13.0148897171,80.2045822144,65359,65369,10
13.0150203705,80.2046279907,65369,65379,10
13.0154800415,80.2047576904,65379,65389,10
13.0160598755,80.2049331665,65389,65429,40
13.0160598755,80.2049331665,65429,65439,10
13.0164604187,80.2050704956,65439,65449,10
13.0166301727,80.2051010132,65449,65459,10
13.0166597366,80.2050628662,65459,65470,11
13.016960144,80.2051315308,65470,65480,10
13.0174798965,80.2054977417,65480,65490,10
13.0181303024,80.2057571411,65490,65500,10
13.0185899734,80.2059173584,65500,65510,10
13.0186195374,80.2059402466,65510,65520,10
13.0189304352,80.2060470581,65520,65530,10
13.0194997787,80.2062072754,65530,65540,10
13.0202798843,80.2062988281,65540,65550,10
13.0211601257,80.2063293457,65550,65560,10
13.0215501785,80.2063369751,65560,65570,10
13.0216903687,80.2063293457,65570,65580,10
13.0220403671,80.2063522339,65580,65591,11
13.0226602554,80.2064666748,65591,65601,10
13.0234498978,80.2066497803,65601,65611,10
13.0241699219,80.2067184448,65611,65621,10
13.0242700577,80.2067337036,65621,65631,10
13.0244598389,80.2067565918,65631,65641,10
13.0249996185,80.2069396973,65641,65651,10
13.0258398056,80.2071990967,65651,65661,10
13.0266704559,80.2076873779,65661,65671,10
13.027589798,80.2082519531,65671,65681,10
13.0286102295,80.2086486816,65681,65691,10
13.0295000076,80.2088394165,65691,65702,11
13.0301599503,80.2090301514,65702,65712,10
13.0308103561,80.2091903687,65712,65722,10
13.0314798355,80.2093811035,65722,65732,10
13.0315504074,80.2093963623,65732,65742,10
13.0317897797,80.2093887329,65742,65752,10
13.0322904587,80.2095108032,65752,65762,10
13.0330600739,80.2097091675,65762,65772,10
13.0339298248,80.2099075317,65772,65782,10
13.0347499847,80.2101135254,65782,65792,10
13.035030365,80.2104187012,65792,65802,10
13.0349702835,80.2107391357,65802,65813,11
13.0349597931,80.2113418579,65813,65833,20
13.0349597931,80.2113418579,65833,65843,10
13.0348997116,80.2115707397,65843,65853,10
13.0348997116,80.2119293213,65853,65863,10
13.0349903107,80.2121887207,65863,65873,10
13.0353097916,80.2122802734,65873,65883,10
13.0355195999,80.2123031616,65883,65893,10
13.0356903076,80.2122879028,65893,65903,10
13.0358800888,80.2122802734,65903,65913,10
13.0361204147,80.2123031616,65913,65924,11
13.0366001129,80.2123184204,65924,65934,10
13.0368795395,80.2123031616,65934,65944,10
13.0371999741,80.2122879028,65944,65954,10
13.0377902985,80.212310791,65954,65963,9
13.0384597778,80.2122573853,65963,65974,11
13.0392799377,80.212272644,65974,65984,10
13.0403795242,80.2122573853,65984,65994,10
13.0413999557,80.2122573853,65994,66004,10
13.042090416,80.2122116089,66004,66013,9
13.0435304642,80.2121582031,66013,66035,22
13.0438203812,80.2122421265,66035,66176,141
13.0438203812,80.2122421265,66176,66186,10
13.0439300537,80.2122192383,66186,66196,10
13.0442800522,80.2122192383,66196,66206,10
13.0448598862,80.2122497559,66206,66216,10
13.0456399918,80.212272644,66216,66226,10
13.0464801788,80.212272644,66226,66236,10
13.0474596024,80.2122192383,66236,66246,10
13.0483999252,80.2120819092,66246,66267,21
13.0483999252,80.2120819092,66267,66277,10
13.0486097336,80.2119598389,66277,66287,10
13.0489196777,80.2119598389,66287,66297,10
13.0492601395,80.2119598389,66297,66307,10
13.0494298935,80.2119674683,66307,66317,10
13.0496797562,80.2119674683,66317,66333,16
13.0499601364,80.2118835449,66333,66345,12
13.0500898361,80.2118911743,66345,66353,8
13.0502195358,80.2119369507,66353,66365,12
13.0505895615,80.212020874,66365,66376,11
13.050860405,80.2120513916,66376,66386,10
13.05148983,80.2120285034,66386,66396,10
13.0522098541,80.2119522095,66396,66406,10
13.0527601242,80.2118530273,66406,66416,10
13.0535001755,80.2116699219,66416,66426,10
13.0540399551,80.2115020752,66426,66436,10
13.0543203354,80.2114562988,66436,66446,10
13.0546798706,80.2114334106,66446,66456,10
13.0551204681,80.21144104,66456,66465,9
13.0556001663,80.21144104,66465,66474,9
13.0573101044,80.2114105225,66474,66498,24
13.0573101044,80.2114105225,66498,66508,10
13.0575199127,80.2114028931,66508,66518,10
13.0579099655,80.2114334106,66518,66528,10
13.0583400726,80.2114486694,66528,66538,10
13.0588798523,80.211479187,66538,66548,10
13.0594902039,80.211517334,66548,66558,10
13.0601596832,80.2115783691,66558,66568,10
13.0607995987,80.2116012573,66568,66578,10
13.0614299774,80.2117004395,66578,66588,10
13.0619802475,80.2117080688,66588,66599,11
13.0627202988,80.2116012573,66599,66609,10
13.0629997253,80.2115631104,66609,66619,10
13.0630598068,80.2115783691,66619,66629,10
13.0633001328,80.2115631104,66629,66649,20
13.0633001328,80.2115631104,66649,66659,10
13.0635700226,80.2115020752,66659,66668,9
13.064040184,80.211479187,66668,66679,11
13.0647802353,80.2112426758,66679,66689,10
13.0654602051,80.2107925415,66689,66699,10
13.0661201477,80.2101974487,66699,66710,11
13.0669298172,80.2094497681,66710,66720,10
13.0674600601,80.2086029053,66720,66730,10
13.067990303,80.2077484131,66730,66740,10
13.0685195923,80.2069778442,66740,66750,10
13.0689601898,80.2062988281,66750,66760,10
13.0692501068,80.205871582,66760,66770,10
13.0694198608,80.2055511475,66770,66780,10
13.0695896149,80.2052536011,66780,66790,10
13.0696802139,80.2050476074,66790,66811,21
13.0696802139,80.2050476074,66811,66821,10
13.0696697235,80.2050170898,66821,66831,10
13.0694799423,80.2048797607,66831,66841,10
13.0691795349,80.205039978,66841,66851,10
13.0686397552,80.205329895,66851,66901,50
13.0686397552,80.205329895,66901,66911,10
13.0682201385,80.2052612305,66911,67547,636
13.0682201385,80.2052612305,67547,67557,10
13.0680704117,80.2050323486,67557,67567,10
13.0683202744,80.2050094604,67567,67577,10
13.0686197281,80.2048721313,67577,67587,10
13.0689496994,80.2047729492,67587,67598,11
13.0692796707,80.2047805786,67598,67608,10
13.0695199966,80.2048187256,67608,67618,10
13.0696201324,80.2048416138,67618,67628,10
13.0697898865,80.2050018311,67628,67638,10
13.069729805,80.2053604126,67638,67648,10
13.0693702698,80.2059020996,67648,67658,10
13.0689201355,80.2065963745,67658,67668,10
13.0684995651,80.2072982788,67668,67678,10
13.0678195953,80.2083969116,67678,67688,10
13.0674295425,80.209022522,67688,67698,10
13.0669698715,80.2097015381,67698,67709,11
13.0661802292,80.2104187012,67709,67719,10
13.0654802322,80.2110290527,67719,67729,10
13.0651597977,80.2113037109,67729,67739,10
13.0651397705,80.2113189697,67739,67749,10
13.0649404526,80.2114486694,67749,67759,10
13.0644197464,80.2116394043,67759,67769,10
13.0639095306,80.2117462158,67769,67809,40
13.0639095306,80.2117462158,67809,67820,11
13.0636796951,80.2117462158,67820,67840,20
13.0636796951,80.2117462158,67840,67850,10
13.0633602142,80.2117233276,67850,67860,10
13.0628204346,80.2117462158,67860,67870,10
13.0621004105,80.2117996216,67870,67880,10
13.0613002777,80.2117767334,67880,67890,10
13.0605602264,80.2117233276,67890,67900,10
13.0593996048,80.2116699219,67900,67910,10
13.0584697723,80.2116622925,67910,67920,10
13.0578403473,80.2116470337,67920,67931,11
13.0576295853,80.2116394043,67931,67941,10
13.057220459,80.2116165161,67941,67951,10
13.0565595627,80.2115936279,67951,67961,10
13.055729866,80.2115707397,67961,67971,10
13.0548400879,80.2115478516,67971,67981,10
13.0546703339,80.2115783691,67981,67991,10
13.0545396805,80.2115707397,67991,68001,10
13.0541696548,80.2116470337,68001,68011,10
13.0541496277,80.2116622925,68011,68021,10
13.0539598465,80.2116775513,68021,68031,10
13.0538597107,80.2116928101,68031,68042,11
13.053730011,80.2117233276,68042,68052,10
13.0536003113,80.2117919922,68052,68062,10
13.0534095764,80.2118225098,68062,68072,10
13.0531902313,80.2118835449,68072,68082,10
13.0529603958,80.2119369507,68082,68092,10
13.0527496338,80.2119827271,68092,68102,10
13.0526895523,80.2119827271,68102,68112,10
13.0524501801,80.2120895386,68112,68122,10
13.0522499084,80.2121429443,68122,68132,10
13.0520401001,80.2121810913,68132,68223,91
13.0520401001,80.2121810913,68223,68233,10
13.0518503189,80.2122421265,68233,68243,10
13.0515699387,80.2122268677,68243,68253,10
13.0511903763,80.212272644,68253,68264,11
13.0508499146,80.2123184204,68264,68274,10
13.0503101349,80.2122879028,68274,68284,10
13.0498600006,80.2122192383,68284,68294,10
13.0494804382,80.2122192383,68294,68313,19
13.0494804382,80.2122192383,68313,68324,11
13.0492696762,80.2122192383,68324,68344,20
13.0492696762,80.2122192383,68344,68354,10
13.0491104126,80.2121963501,68354,68364,10
13.0488195419,80.2121963501,68364,68375,11
13.0482196808,80.2122192383,68375,68385,10
13.0474700928,80.2123031616,68385,68395,10
13.0465898514,80.212348938,68395,68405,10
13.0457601547,80.2123794556,68405,68607,202
13.0457601547,80.2123794556,68607,68617,10
13.0455598831,80.2124023438,68617,68627,10
13.0453901291,80.2124176025,68627,68637,10
13.0450801849,80.2124328613,68637,68647,10
13.0447502136,80.2124176025,68647,68657,10
13.0443601608,80.212387085,68657,68667,10
13.0437002182,80.2123794556,68667,68677,10
13.0431003571,80.2123794556,68677,68687,10
13.0427703857,80.2123794556,68687,68697,10
13.0422401428,80.2123794556,68697,68707,10
13.0414800644,80.212348938,68707,68718,11
13.0405101776,80.2124404907,68718,68728,10
13.0394897461,80.2124099731,68728,68738,10
13.0385303497,80.2124099731,68738,68758,20
13.0385303497,80.2124099731,68758,68768,10
13.0381202698,80.2124099731,68768,68778,10
13.0375299454,80.2124633789,68778,68788,10
13.0368700027,80.2124023438,68788,68798,10
13.0361795425,80.2123565674,68798,68808,10
13.0357999802,80.2123718262,68808,68818,10
13.0354995728,80.2123413086,68818,68829,11
13.0352897644,80.2123413086,68829,68839,10
13.0350799561,80.2123184204,68839,68849,10
13.0347003937,80.2122573853,68849,68869,20
13.0347003937,80.2122573853,68869,68879,10
13.0345401764,80.2121963501,68879,68889,10
13.0343599319,80.2121887207,68889,68899,10
13.0342102051,80.2121887207,68899,68909,10
13.0340099335,80.2121505737,68909,68919,10
13.033659935,80.2120819092,68919,68929,10
13.0331096649,80.2119598389,68929,68940,11
13.032409668,80.2118377686,68940,68950,10
13.0319499969,80.2116012573,68950,68960,10
13.0320196152,80.2110137939,68960,68970,10
13.0320196152,80.2104415894,68970,68980,10
13.0320901871,80.2099609375,68980,68990,10
13.0318803787,80.2096328735,68990,69000,10
13.0313901901,80.2094573975,69000,69010,10
13.0308198929,80.2093276978,69010,69020,10
13.0306997299,80.2093200684,69020,69030,10
13.0305595398,80.2092666626,69030,69040,10
13.0303001404,80.209197998,69040,69051,11
13.0298995972,80.2090835571,69051,69061,10
13.0295696259,80.2089691162,69061,69071,10
13.0295295715,80.208946228,69071,69081,10
13.0291795731,80.2088394165,69081,69091,10
13.0284795761,80.2086486816,69091,69101,10
13.0277500153,80.2083969116,69101,69111,10
13.0270395279,80.2079925537,69111,69121,10
13.0263204575,80.2075576782,69121,69131,10
13.0255203247,80.2071762085,69131,69141,10
13.024720192,80.2070388794,69141,69151,10
13.0242900848,80.2069396973,69151,69162,11
13.0240297318,80.2068710327,69162,69172,10
13.0235300064,80.2067108154,69172,69182,10
13.0228395462,80.2065582275,69182,69192,10
13.0220098495,80.2064590454,69192,69202,10
13.0213098526,80.2064590454,69202,69212,10
13.0205097198,80.2064437866,69212,69222,10
13.019610405,80.2064285278,69222,69232,10
13.0190296173,80.2062988281,69232,69242,10
13.0188598633,80.2062835693,69242,69252,10
13.0185804367,80.2061920166,69252,69262,10
13.0179796219,80.2060012817,69262,69279,17
13.0171003342,80.2056427002,69279,69291,12
13.0165195465,80.2054214478,69291,69300,9
13.0157804489,80.2051086426,69300,69310,10
13.0150203705,80.2048492432,69310,69322,12
13.0142803192,80.2046508789,69322,69332,10
13.0142202377,80.2046279907,69332,69342,10
13.0140104294,80.2045593262,69342,69383,41
13.0140104294,80.2045593262,69383,69393,10
13.0136098862,80.204460144,69393,69403,10
13.0135602951,80.2045898438,69403,69413,10
13.0134897232,80.2048034668,69413,69423,10
13.0133495331,80.2052764893,69423,69433,10
13.0131502151,80.2059631348,69433,69443,10
13.0129995346,80.2067718506,69443,69453,10
13.0129299164,80.2076416016,69453,69463,10
13.0128498077,80.2080307007,69463,69473,10
13.0128202438,80.208442688,69473,69483,10
13.0128498077,80.208770752,69483,69494,11
13.012960434,80.2093429565,69494,69504,10
13.0131397247,80.2099304199,69504,69513,9
13.0130500793,80.2105484009,69513,69524,11
13.0128002167,80.2112808228,69524,69534,10
13.0124797821,80.2119216919,69534,69544,10
13.012169838,80.2124023438,69544,69554,10
13.0119400024,80.2127227783,69554,69564,10
13.0119199753,80.2127609253,69564,69574,10
13.011590004,80.2127075195,69574,69584,10
13.0111598969,80.2123794556,69584,69594,10
13.0105400085,80.2119216919,69594,69615,21
13.0105400085,80.2119216919,69615,69625,10
13.010430336,80.2117385864,69625,69635,10
13.010310173,80.2116775513,69635,69645,10
13.0101604462,80.2115783691,69645,69655,10
13.009929657,80.2114181519,69655,69685,30
13.009929657,80.2114181519,69685,69695,10
13.0096702576,80.2113037109,69695,69746,51
13.0093603134,80.2110595703,69746,69766,20
13.0093603134,80.2110595703,69766,69776,10
13.0092201233,80.2111968994,69776,69786,10
13.0090398788,80.2114486694,69786,69796,10
13.0090398788,80.211730957,69796,69806,10
13.009180069,80.2121734619,69806,69816,10
13.0093402863,80.2126693726,69816,69827,11
13.009519577,80.2131881714,69827,69837,10
13.0097198486,80.2136917114,69837,69847,10
13.0099496841,80.2142562866,69847,69857,10
13.0101299286,80.2149200439,69857,69867,10
13.0102300644,80.2156829834,69867,69877,10
13.01060009,80.2165603638,69877,69887,10
13.01101017,80.2174530029,69887,69897,10
13.0114002228,80.2184677124,69897,69907,10
13.0117902756,80.2196426392,69907,69917,10
13.0121002197,80.2205734253,69917,69927,10
13.0123500824,80.221321106,69927,69937,10
13.0124702454,80.2217102051,69937,69948,11
13.0129699707,80.222328186,69948,69958,10
13.0134601593,80.2229003906,69958,69968,10
13.0138902664,80.2233886719,69968,69978,10
13.0142097473,80.2238388062,69978,69988,10
13.014670372,80.2244033813,69988,69998,10
13.0149803162,80.2247161865,69998,70008,10
13.0151596069,80.2248764038,70008,70018,10
13.0153598785,80.225227356,70018,70028,10
13.0153102875,80.2257537842,70028,70038,10
13.015080452,80.2259063721,70038,70049,11
13.0149097443,80.225982666,70049,70059,10
13.0145101547,80.2261276245,70059,70069,10
13.0138397217,80.2263793945,70069,70079,10
13.0130796432,80.2266921997,70079,70089,10
13.0122003555,80.2270812988,70089,70099,10
13.0112495422,80.2274169922,70099,70109,10
13.010310173,80.2278366089,70109,70119,10
13.0095596313,80.2278594971,70119,70129,10
13.0095996857,80.2273330688,70129,70139,10
13.0098600388,80.2266998291,70139,70149,10
13.0101604462,80.2259979248,70149,70165,16
13.0103998184,80.2255172729,70165,70178,13
13.0105304718,80.2252578735,70178,70188,10
13.01060009,80.2251205444,70188,70197,9
13.0107498169,80.2247009277,70197,70208,11
13.0109195709,80.2241897583,70208,70218,10
13.0110797882,80.2238006592,70218,70235,17
13.0110797882,80.2238006592,70235,70248,13
13.0112495422,80.2233276367,70248,70258,10
13.011179924,80.2232131958,70258,70268,10
13.0110998154,80.2231063843,70268,70279,11
13.0109300613,80.2230072021,70279,70289,10
13.010890007,80.2229919434,70289,70299,10
13.01060009,80.2228469849,70299,70319,20
13.01060009,80.2228469849,70319,70342,23
13.0096101761,80.2223434448,70342,70354,12
13.0088195801,80.2219085693,70354,70364,10
13.0080795288,80.2215194702,70364,70374,10
13.0072603226,80.2210769653,70374,70384,10
13.0065097809,80.220703125,70384,70395,11
13.0056400299,80.220489502,70395,70405,10
13.004940033,80.2203292847,70405,70415,10
13.0044298172,80.220199585,70415,70425,10
13.0041704178,80.220123291,70425,70433,8
13.0037498474,80.2200393677,70433,70444,11
13.002989769,80.2198486328,70444,70455,11
13.0022697449,80.2193908691,70455,70465,10
13.0018997192,80.2189788818,70465,70475,10
13.0016298294,80.2186965942,70475,70485,10
13.0011301041,80.2182998657,70485,70495,10
13.0005302429,80.2179412842,70495,70506,11
12.9997797012,80.2174682617,70506,70515,9
12.9990797043,80.2170791626,70515,70526,11
12.9982404709,80.2166900635,70526,70536,10
12.9980897903,80.2166366577,70536,70546,10
12.9979496002,80.2165908813,70546,70556,10
12.9975996017,80.2165603638,70556,70566,10
12.9975099564,80.2165527344,70566,70576,10
12.997300148,80.2165527344,70576,70586,10
12.9967803955,80.2165603638,70586,70596,10
12.996049881,80.2166213989,70596,70606,10
12.9954595566,80.2167816162,70606,70617,11
12.9952001572,80.2169189453,70617,70627,10
12.9951400757,80.2169570923,70627,70637,10
12.9949798584,80.217086792,70637,70647,10
12.9948501587,80.2171707153,70647,70657,10
12.9946699142,80.2172927856,70657,70667,10
12.9942502975,80.2175827026,70667,70677,10
12.9937496185,80.2179412842,70677,70687,10
12.9931297302,80.2183990479,70687,70697,10
12.9925298691,80.2188262939,70697,70707,10
12.9918498993,80.2193527222,70707,70717,10
12.9915399551,80.2195510864,70717,70728,11
12.9915103912,80.2195968628,70728,70738,10
12.9913797379,80.2196578979,70738,70748,10
12.9910001755,80.2194824219,70748,70758,10
12.9903402328,80.2192306519,70758,70768,10
12.9897003174,80.2189865112,70768,70778,10
12.9886598587,80.2186203003,70778,70788,10
12.9879598618,80.2184371948,70788,70798,10
12.9876203537,80.2183837891,70798,70808,10
12.9868202209,80.2182388306,70808,70828,20
12.9868202209,80.2182388306,70828,70839,11
12.9864797592,80.2181625366,70839,70849,10
12.9858598709,80.2180023193,70849,70859,10
12.9849596024,80.2179412842,70859,70869,10
12.9843797684,80.2179412842,70869,70879,10
12.9838895798,80.217956543,70879,70889,10
12.9838399887,80.2180023193,70889,70899,10
12.9834299088,80.2179794312,70899,70909,10
12.9827404022,80.2179794312,70909,70919,10
12.9819002151,80.2179870605,70919,70929,10
12.9809598923,80.218208313,70929,70939,10
12.9802999496,80.218421936,70939,70950,11
12.9796695709,80.2186737061,70950,70960,10
12.9789896011,80.2189331055,70960,70970,10
12.9785299301,80.2191390991,70970,70980,10
12.9779500961,80.2193603516,70980,70990,10
12.9772195816,80.2196731567,70990,71000,10
12.976360321,80.2200012207,71000,71010,10
12.9758996964,80.2202606201,71010,71212,202
12.9758996964,80.2202606201,71212,71222,10
12.9755496979,80.220489502,71222,71232,10
12.9754495621,80.2207870483,71232,71242,10
12.9757900238,80.2211608887,71242,71252,10
12.9762802124,80.2217483521,71252,71283,31
12.9762802124,80.2217483521,71283,71293,10
12.9764404297,80.2221221924,71293,71303,10
12.9767599106,80.2225799561,71303,71313,10
12.9771699905,80.2232437134,71313,71323,10
12.9776802063,80.2240371704,71323,71333,10
12.9780597687,80.224609375,71333,71343,10
12.9781999588,80.224861145,71343,71353,10
12.9784603119,80.2252807617,71353,71363,10
12.9788103104,80.2258911133,71363,71373,10
12.9792404175,80.226600647,71373,71383,10
12.9796199799,80.2272033691,71383,71394,11
12.9800195694,80.2278671265,71394,71404,10
12.9804601669,80.2286071777,71404,71414,10
12.9808702469,80.2293395996,71414,71424,10
12.9812803268,80.2300033569,71424,71434,10
12.9816398621,80.2305374146,71434,71444,10
12.9816398621,80.2305526733,71444,71454,10
12.981760025,80.2308120728,71454,71464,10
12.9819297791,80.231338501,71464,71474,10
12.9819898605,80.2320327759,71474,71484,10
12.9819097519,80.2326507568,71484,71494,10
12.9818000793,80.233001709,71494,71505,11
12.981590271,80.2334213257,71505,71515,10
12.981590271,80.2334289551,71515,71525,10
12.9815301895,80.2335586548,71525,71535,10
12.9814500809,80.2337417603,71535,71545,10
12.9814500809,80.2337493896,71545,71555,10
12.9813604355,80.2339172363,71555,71565,10
12.9811897278,80.2344207764,71565,71575,10
12.981180191,80.2344970703,71575,71585,10
12.9811601639,80.23487854,71585,71595,10
12.9811601639,80.2354278564,71595,71605,10
12.9811897278,80.2361602783,71605,71616,11
12.9812202454,80.237121582,71616,71626,10
12.9812498093,80.2379837036,71626,71635,9
12.9812602997,80.2386169434,71635,71646,11
12.9812602997,80.2387084961,71646,71656,10
12.9812498093,80.2389678955,71656,71666,10
12.9812602997,80.2395706177,71666,71686,20
12.9812602997,80.2395706177,71686,71696,10
12.9812803268,80.2397079468,71696,71706,10
12.9813098907,80.2401275635,71706,71716,10
12.9813203812,80.2406616211,71716,71727,11
12.9813098907,80.240852356,71727,71737,10
12.9813203812,80.2409591675,71737,71747,10
12.9813299179,80.2411270142,71747,71757,10
12.9813203812,80.2413101196,71757,71767,10
12.9813203812,80.2414932251,71767,71777,10
12.9813299179,80.2416915894,71777,71787,10
12.9813299179,80.2418212891,71787,71797,10
12.9813203812,80.2419128418,71797,71807,10
12.9813299179,80.2422103882,71807,71817,10
12.9813299179,80.2423324585,71817,71827,10
12.9813404083,80.242729187,71827,71838,11
12.9813299179,80.2429504395,71838,71848,10
12.9813499451,80.2432632446,71848,71858,10
12.9812898636,80.2438583374,71858,71868,10
12.981180191,80.2446136475,71868,71879,11
12.9810600281,80.2454833984,71879,71889,10
12.9809503555,80.2465591431,71889,71899,10
12.9808502197,80.2476119995,71899,71909,10
12.9807596207,80.2487030029,71909,71919,10
12.9806804657,80.2496109009,71919,71929,10
12.9803695679,80.2509536743,71929,71939,10
12.9800596237,80.252243042,71939,71960,21
12.9800596237,80.252243042,71960,71970,10
12.9800195694,80.2524032593,71970,71980,10
12.9802103043,80.2526397705,71980,72071,91
12.9802103043,80.2526397705,72071,72081,10
12.9805603027,80.2527008057,72081,72091,10
12.9810695648,80.2526626587,72091,72101,10
12.9818496704,80.2526321411,72101,72111,10
12.9827804565,80.2525634766,72111,72121,10
12.9833402634,80.2525024414,72121,72131,10
12.9837903976,80.2523803711,72131,72141,10
12.9843101501,80.2522506714,72141,72151,10
12.9847698212,80.2521209717,72151,72161,10
12.985159874,80.2520217896,72161,72171,10
12.9858703613,80.2517776489,72171,72232,61
12.9859600067,80.2516403198,72232,72565,333
12.9859600067,80.2516403198,72565,72575,10
12.9860496521,80.2516479492,72575,72585,10
12.986410141,80.2516174316,72585,72595,10
12.9869699478,80.2515106201,72595,72605,10
12.9876804352,80.2513275146,72605,72615,10
12.9878902435,80.2515411377,72615,72626,11
12.9879798889,80.2520217896,72626,72636,10
12.9879798889,80.2524871826,72636,72646,10
12.9879198074,80.2531280518,72646,72655,9
12.9878702164,80.2535476685,72655,72666,11
12.9877901077,80.2542800903,72666,72757,91
12.9877901077,80.2542800903,72757,72767,10
12.9877595901,80.2544708252,72767,72777,10
12.987739563,80.2547225952,72777,72787,10
12.9877300262,80.2549972534,72787,72796,9
12.9877099991,80.2552108765,72796,72806,10
12.9876804352,80.2554779053,72806,72817,11
12.9876499176,80.2557907104,72817,72827,10
12.987569809,80.2562026978,72827,72837,10
12.9875497818,80.2567367554,72837,72848,11
12.9875001907,80.2574386597,72848,72858,10
12.9874601364,80.2580566406,72858,72868,10
12.9874296188,80.2584381104,72868,72878,10
12.9874095917,80.258682251,72878,72888,10
12.9874000549,80.2587585449,72888,72898,10
12.9873600006,80.2589035034,72898,72908,10
12.9873304367,80.2590789795,72908,72918,10
12.9872503281,80.2592926025,72918,72928,10
12.9871501923,80.2596130371,72928,72969,41
12.9871501923,80.2596130371,72969,72979,10
12.9866800308,80.2596130371,72979,73120,141
12.9867095947,80.2595672607,73120,73312,192
12.9866695404,80.2596130371,73312,73423,111
12.9866695404,80.2596130371,73423,73433,10
12.9865903854,80.2595596313,73433,73443,10
12.9866504669,80.2590713501,73443,73473,30
12.9866504669,80.2590713501,73473,73483,10
12.987039566,80.259147644,73483,73503,20
12.987039566,80.259147644,73503,73514,11
12.9873104095,80.258972168,73514,73524,10
12.9873504639,80.2585372925,73524,73534,10
12.9874095917,80.2578430176,73534,73544,10
12.9874801636,80.2570037842,73544,73560,16
12.9875402451,80.256439209,73560,73734,174
12.9875402451,80.256439209,73734,73744,10
12.987569809,80.256187439,73744,73754,10
12.9876499176,80.2557373047,73754,73764,10
12.9877195358,80.2551727295,73764,73774,10
12.987739563,80.2549362183,73774,73784,10
12.9877595901,80.2544021606,73784,73794,10
12.987830162,80.253288269,73794,73865,71
12.987830162,80.253288269,73865,73875,10
12.9879102707,80.2528305054,73875,73885,10
12.9879398346,80.2524795532,73885,73895,10
12.9878902435,80.2520599365,73895,73905,10
12.987859726,80.2519607544,73905,73915,10
12.9876403809,80.2516403198,73915,73925,10
12.9870195389,80.251701355,73925,73935,10
12.986289978,80.2518615723,73935,73945,10
12.9853200912,80.2520599365,73945,73954,9
12.9842395782,80.2523574829,73954,73966,12
12.9828195572,80.2526702881,73966,73976,10
12.9816398621,80.2527008057,73976,73986,10
12.9805498123,80.2527389526,73986,73996,10
12.9798603058,80.2527236938,73996,74006,10
12.9799203873,80.2524414063,74006,74016,10
12.9799098969,80.2521286011,74016,74025,9
12.9799804688,80.2519378662,74025,74035,10
12.9801597595,80.2514419556,74035,74046,11
12.9804496765,80.2505493164,74046,74056,10
12.9806804657,80.2494888306,74056,74066,10
12.9807596207,80.2484130859,74066,74077,11
12.9808702469,80.2469711304,74077,74087,10
12.9809703827,80.2457809448,74087,74097,10
12.9810800552,80.2446594238,74097,74137,40
12.9810600281,80.2445831299,74137,74188,51
12.9811201096,80.2442016602,74188,74208,20
12.9811201096,80.2442016602,74208,74218,10
12.9811601639,80.2438278198,74218,74248,30
12.9811601639,80.2438278198,74248,74258,10
12.9813098907,80.243522644,74258,74268,10
12.9812898636,80.2431182861,74268,74278,10
12.9812898636,80.2431106567,74278,74288,10
12.9813203812,80.2428588867,74288,74299,11
12.9813098907,80.2421722412,74299,74309,10
12.981300354,80.2413024902,74309,74319,10
12.981300354,80.2402420044,74319,74329,10
12.9812803268,80.2395477295,74329,74339,10
12.9812498093,80.2390365601,74339,74349,10
12.9812202454,80.2386932373,74349,74359,10
12.9812002182,80.2382965088,74359,74369,10
12.9812002182,80.2381820679,74369,74379,10
12.9812202454,80.2379379272,74379,74389,10
12.9812002182,80.2375030518,74389,74399,10
12.9811897278,80.2370376587,74399,74410,11
12.9811897278,80.2370300293,74410,74420,10
12.9812297821,80.2368164063,74420,74430,10
12.9812402725,80.2364196777,74430,74440,10
12.9812002182,80.2361373901,74440,74450,10
12.9811897278,80.2359466553,74450,74460,10
12.9811897278,80.2357788086,74460,74470,10
12.9811897278,80.2357406616,74470,74479,9
12.9811897278,80.2356262207,74479,74489,10
12.981180191,80.2354431152,74489,74500,11
12.981180191,80.2352981567,74500,74551,51
12.981180191,80.234992981,74551,74581,30
12.981180191,80.234992981,74581,74591,10
12.9811601639,80.2346725464,74591,74601,10
12.9812002182,80.2344284058,74601,74611,10
12.9812202454,80.2343597412,74611,74621,10
12.9813499451,80.2340621948,74621,74642,21
12.9813499451,80.2340621948,74642,74652,10
12.9814500809,80.2338562012,74652,74662,10
12.9815397263,80.2336730957,74662,74672,10
12.9816503525,80.2333984375,74672,74682,10
12.9816799164,80.2333297729,74682,74692,10
12.9817495346,80.2332077026,74692,74702,10
12.9818601608,80.2329406738,74702,74712,10
12.9819602966,80.2326278687,74712,74722,10
12.982000351,80.232460022,74722,74732,10
12.9820098877,80.232421875,74732,74743,11
12.9820098877,80.2322692871,74743,74753,10
12.9819803238,80.2319107056,74753,74763,10
12.9819002151,80.2313766479,74763,74773,10
12.9816999435,80.2308425903,74773,74783,10
12.9813699722,80.2302398682,74783,74793,10
12.9809904099,80.2295837402,74793,74803,10
12.9808597565,80.2293395996,74803,74813,10
12.9806900024,80.2290725708,74813,74823,10
12.9806804657,80.229057312,74823,74833,10
12.9804496765,80.2287216187,74833,74843,10
12.9802598953,80.2283096313,74843,74854,11
12.9800195694,80.2279205322,74854,74864,10
12.9796800613,80.2273025513,74864,74874,10
12.9793901443,80.2268218994,74874,74884,10
12.9791297913,80.2264099121,74884,74894,10
12.9788303375,80.2258300781,74894,74904,10
12.9786596298,80.2255706787,74904,74914,10
12.9785499573,80.2254180908,74914,74924,10
12.97838974,80.2250976563,74924,74934,10
12.9783201218,80.2249908447,74934,74944,10
12.9782896042,80.2249069214,74944,74954,10
12.9781999588,80.2248001099,74954,74965,11
12.9781503677,80.2247390747,74965,74975,10
12.9779901505,80.2245788574,74975,74985,10
12.9777297974,80.2241363525,74985,74995,10
12.977399826,80.2236328125,74995,75005,10
12.9771499634,80.2231903076,75005,75025,20
12.9771499634,80.2231903076,75025,75035,10
12.9771203995,80.2230911255,75035,75045,10
12.9770402908,80.2229309082,75045,75055,10
12.9768400192,80.2226715088,75055,75065,10
12.9766197205,80.2223129272,75065,75076,11
12.9764499664,80.222076416,75076,75086,10
12.9762401581,80.2217712402,75086,75126,40
12.9760103226,80.221496582,75126,75176,50
12.9760103226,80.221496582,75176,75187,11
12.9758300781,80.2211914063,75187,75197,10
12.9756803513,80.2210769653,75197,75207,10
12.9755601883,80.2210006714,75207,75217,10
12.975399971,80.2208786011,75217,75227,10
12.9753198624,80.2207489014,75227,75237,10
12.975399971,80.2205810547,75237,75247,10
12.9755496979,80.220451355,75247,75257,10
12.9757204056,80.2203216553,75257,75267,10
12.9761800766,80.2201309204,75267,75277,10
12.9768600464,80.2198410034,75277,75287,10
12.9776697159,80.2194976807,75287,75298,11
12.9785003662,80.2191619873,75298,75308,10
12.978969574,80.2189865112,75308,75318,10
12.9795398712,80.2187728882,75318,75328,10
12.9799804688,80.2185974121,75328,75338,10
12.980340004,80.218421936,75338,75348,10
12.9809303284,80.2181930542,75348,75358,10
12.9816799164,80.2179718018,75358,75368,10
12.9821596146,80.2179031372,75368,75378,10
12.9822301865,80.2179031372,75378,75388,10
12.9824895859,80.2178878784,75388,75398,10
12.9830598831,80.2179107666,75398,75409,11
12.9837598801,80.2178878784,75409,75418,9
12.9838199615,80.2178878784,75418,75429,11
12.9842195511,80.2178878784,75429,75439,10
12.9849100113,80.2179031372,75439,75449,10
12.9857797623,80.217956543,75449,75459,10
12.9873504639,80.2182769775,75459,75479,20
12.9873504639,80.2182769775,75479,75489,10
12.9876003265,80.2183303833,75489,75499,10
12.9881496429,80.218460083,75499,75509,10
12.9888896942,80.2186584473,75509,75520,11
12.9896402359,80.2189025879,75520,75530,10
12.9903202057,80.2191390991,75530,75540,10
12.9911603928,80.2194137573,75540,75550,10
12.991900444,80.2192993164,75550,75560,10
12.9925403595,80.2188415527,75560,75570,10
12.9933395386,80.2182617188,75570,75580,10
12.9939098358,80.2178421021,75580,75590,10
12.9939603806,80.2177963257,75590,75600,10
12.9941596985,80.2176437378,75600,75610,10
12.9943799973,80.2174911499,75610,75620,10
12.9946699142,80.2172775269,75620,75631,11
12.9949998856,80.217048645,75631,75641,10
12.9953804016,80.2168273926,75641,75651,10
12.9960203171,80.2166290283,75651,75661,10
12.9966201782,80.2165222168,75661,75671,10
12.9968900681,80.2165222168,75671,75681,10
12.9972000122,80.2164382935,75681,75691,10
12.9973697662,80.2162780762,75691,75701,10
12.9975404739,80.2161483765,75701,75711,10
12.9976701736,80.2159805298,75711,75721,10
12.9980401993,80.215637207,75721,75731,10
12.9985599518,80.2151870728,75731,75742,11
12.9991102219,80.2147521973,75742,75752,10
12.9993801117,80.2145080566,75752,75762,10
12.9998397827,80.2141418457,75762,75772,10
13.0002202988,80.2138137817,75772,75782,10
13.0007400513,80.2133407593,75782,75792,10
13.0013303757,80.2129211426,75792,75802,10
13.0019798279,80.2124404907,75802,75812,10
13.0024900436,80.2121887207,75812,75822,10
13.002699852,80.2121276855,75822,75832,10
13.0029001236,80.212097168,75832,75842,10
13.0029802322,80.2120819092,75842,75853,11
13.0034103394,80.212097168,75853,75863,10
13.003569603,80.2120513916,75863,75873,10
13.0036401749,80.2120132446,75873,75883,10
13.0037202835,80.2118606567,75883,75893,10
13.0037202835,80.2115097046,75893,75903,10
13.0036697388,80.210899353,75903,75913,10
13.003569603,80.2102203369,75913,75923,10
13.0035400391,80.2095413208,75923,75933,10
13.0036401749,80.2090301514,75933,75943,10
13.0041799545,80.2087631226,75943,75953,10
13.0048599243,80.2090835571,75953,75963,10
13.0056200027,80.2094116211,75963,75974,11
13.0064401627,80.2097015381,75974,75984,10
13.006939888,80.2098083496,75984,76044,60
13.006939888,80.2098083496,76044,76054,10
13.0074300766,80.2098464966,76054,76064,10
13.0074596405,80.2098464966,76064,76074,10
13.0076704025,80.2099533081,76074,76115,41
13.0076704025,80.2099533081,76115,76125,10
13.0081300735,80.2100296021,76125,76135,10
13.0081396103,80.2097625732,76135,76145,10
13.0080404282,80.2092514038,76145,76155,10
13.0079402924,80.208480835,76155,76165,10
13.0078001022,80.2076568604,76165,76175,10
13.0076704025,80.2068099976,76175,76185,10
13.0075302124,80.2059707642,76185,76196,11
13.0074996948,80.2052001953,76196,76206,10
13.0074901581,80.2045211792,76206,76216,10
13.0074396133,80.2037582397,76216,76226,10
13.0073003769,80.2030105591,76226,76236,10
13.0068702698,80.2025680542,76236,76245,9
13.0065002441,80.2030181885,76245,76256,11
13.0069904327,80.2035522461,76256,76266,10
13.0076599121,80.2037582397,76266,76276,10
13.0084199905,80.2037582397,76276,76286,10
13.0096702576,80.203666687,76286,76296,10
13.0109195709,80.2036972046,76296,76307,11
13.0122203827,80.2038803101,76307,76317,10
13.013250351,80.2041168213,76317,76327,10
13.0135698318,80.2042388916,76327,76337,10
13.0138998032,80.2043685913,76337,76347,10
13.0143899918,80.204536438,76347,76357,10
13.014960289,80.2046890259,76357,76367,10
13.015080452,80.2046585083,76367,76377,10
13.0154104233,80.2046585083,76377,76387,10
13.0160903931,80.2050170898,76387,76397,10
13.01679039,80.2050323486,76397,76407,10
13.0174999237,80.2054977417,76407,76418,11
13.0182104111,80.2057571411,76418,76428,10
13.0185403824,80.2058792114,76428,76438,10
13.0186195374,80.2059020996,76438,76448,10
13.0189800262,80.2060470581,76448,76458,10
13.019610405,80.2062606812,76458,76468,10
13.0203504562,80.2063522339,76468,76478,10
13.0212402344,80.2063827515,76478,76488,10
13.0218400955,80.2063827515,76488,76498,10
13.0224199295,80.2063903809,76498,76508,10
13.023150444,80.2065582275,76508,76518,10
13.0240402222,80.2067184448,76518,76529,11
13.0244598389,80.2067565918,76529,76539,10
13.0248203278,80.2068405151,76539,76549,10
13.0255498886,80.2070770264,76549,76559,10
13.0262804031,80.2074584961,76559,76569,10
13.0266599655,80.2076873779,76569,76579,10
13.0270204544,80.2079315186,76579,76589,10
13.0275402069,80.2082519531,76589,76609,20
13.0275402069,80.2082519531,76609,76619,10
13.0276699066,80.2083206177,76619,76629,10
13.0278396606,80.2084197998,76629,76640,11
13.0283203125,80.2085723877,76640,76650,10
13.0291996002,80.208770752,76650,76670,20
13.0291996002,80.208770752,76670,76686,16
13.0295000076,80.208770752,76686,76698,12
13.0300703049,80.2089385986,76698,76706,8
13.0306301117,80.2091064453,76706,76717,11
13.0311002731,80.2092285156,76717,76729,12
13.0316896439,80.2093887329,76729,76740,11
13.0319404602,80.2094192505,76740,76750,10
13.032500267,80.2095718384,76750,76761,11
13.0332698822,80.2097320557,76761,76771,10
13.0340900421,80.2099304199,76771,76780,9
13.0347003937,80.2100830078,76780,76791,11
13.0350399017,80.2102966309,76791,76801,10
13.0349798203,80.2106704712,76801,76811,10
13.0350103378,80.2113037109,76811,76831,20
13.0350103378,80.2113037109,76831,76841,10
13.0349397659,80.2117233276,76841,76851,10
13.0350198746,80.2122421265,76851,76862,11
13.0356798172,80.2123031616,76862,76872,10
13.0361795425,80.2123184204,76872,76882,10
13.0365800858,80.2123184204,76882,76892,10
13.0368404388,80.2123031616,76892,76902,10
13.0373401642,80.2122879028,76902,76912,10
13.0380802155,80.2122802734,76912,76922,10
13.0389003754,80.2122497559,76922,76932,10
13.0395002365,80.2122573853,76932,76942,10
13.0402698517,80.2122421265,76942,76952,10
13.0410203934,80.2122421265,76952,76962,10
13.0418796539,80.2122573853,76962,76973,11
13.0429801941,80.2122497559,76973,76983,10
13.0438995361,80.2122573853,76983,77053,70
13.0438995361,80.2122573853,77053,77063,10
13.044210434,80.2122268677,77063,77073,10
13.0446596146,80.2122116089,77073,77084,11
13.0453500748,80.2122116089,77084,77094,10
13.0461301804,80.2121810913,77094,77104,10
13.0470104218,80.2121887207,77104,77114,10
13.0478096008,80.2121200562,77114,77124,10
13.0484600067,80.2120285034,77124,77134,10
13.0485296249,80.212020874,77134,77144,10
13.0488395691,80.2119903564,77144,77154,10
13.0493001938,80.2119598389,77154,77164,10
13.0498504639,80.2119064331,77164,77184,20
13.0498504639,80.2119064331,77184,77195,11
13.0504302979,80.2119903564,77195,77205,10
13.0508298874,80.2120895386,77205,77215,10
13.0515604019,80.2120819092,77215,77225,10
13.0524396896,80.2119064331,77225,77235,10
13.0533599854,80.2116775513,77235,77245,10
13.0543498993,80.2114486694,77245,77253,8
13.0551395416,80.21144104,77253,77265,12
13.0564699173,80.211479187,77265,77275,10
13.0573997498,80.2114486694,77275,77284,9
13.0575799942,80.2114181519,77284,77294,10
13.0577697754,80.2113800049,77294,77306,12
13.0584201813,80.2114105225,77306,77316,10
13.0590400696,80.2114562988,77316,77326,10
13.0598402023,80.211517334,77326,77336,10
13.0607099533,80.2115707397,77336,77340,4
13.0610599518,80.2115783691,77340,77356,16
13.0623197556,80.2116317749,77356,77366,10
13.0631103516,80.2115707397,77366,77376,10
13.0633497238,80.2115402222,77376,77386,10
13.0635499954,80.2115325928,77386,77396,10
13.0640096664,80.2115020752,77396,77406,10
13.0645999908,80.2113189697,77406,77416,10
13.0653095245,80.2109222412,77416,77427,11
13.0661201477,80.2102584839,77427,77437,10
13.0669498444,80.209487915,77437,77447,10
13.0672998428,80.2088088989,77447,77457,10
13.0676603317,80.2082214355,77457,77467,10
13.0681295395,80.2075119019,77467,77477,10
13.0686597824,80.2067565918,77477,77487,10
13.0690402985,80.2061309814,77487,77497,10
13.069319725,80.2056427002,77497,77527,30
13.069319725,80.2056427002,77527,77538,11
13.0694799423,80.2054672241,77538,77548,10
13.0695800781,80.2053527832,77548,77558,10
13.0696802139,80.2049636841,77558,77568,10
13.069319725,80.2048416138,77568,77578,10
13.0690698624,80.2051773071,77578,77588,10
13.0688295364,80.2053604126,77588,77598,10
13.0686702728,80.2051773071,77598,77608,10
13.0685396194,80.2051696777,77608,77618,10
13.0681200027,80.2051773071,77618,77931,313
13.0681200027,80.2051773071,77931,77941,10
13.0684204102,80.2049179077,77941,78072,131
13.0687503815,80.204750061,78072,78204,132
13.0687503815,80.204750061,78204,78214,10
13.0691604614,80.204750061,78214,78224,10
13.0695400238,80.2048110962,78224,78234,10
13.0696697235,80.2048416138,78234,78244,10
13.0697603226,80.2048721313,78244,78254,10
13.0698003769,80.2052307129,78254,78264,10
13.069439888,80.2057800293,78264,78274,10
13.0689601898,80.2065124512,78274,78284,10
13.0684499741,80.2073287964,78284,78294,10
13.067779541,80.2084197998,78294,78304,10
13.0671300888,80.2093963623,78304,78315,11
13.0662498474,80.2102890015,78315,78323,8
13.0655498505,80.2108535767,78323,78335,12
13.0646600723,80.2114181519,78335,78345,10
13.0641803741,80.2116317749,78345,78355,10
13.0641698837,80.2116317749,78355,78365,10
13.0638399124,80.2117385864,78365,78375,10
13.0632801056,80.2117385864,78375,78385,10
13.0626096725,80.2117614746,78385,78395,10
13.0618095398,80.2117004395,78395,78405,10
13.0607700348,80.2116928101,78405,78415,10
13.0597295761,80.2116622925,78415,78426,11
13.0585098267,80.2116622925,78426,78436,10
13.0573997498,80.2116165161,78436,78446,10
13.0562696457,80.2116012573,78446,78456,10
13.0551300049,80.2116012573,78456,78466,10
13.0540800095,80.2116394043,78466,78476,10
13.0530500412,80.2119064331,78476,78486,10
13.0522403717,80.2121810913,78486,78496,10
13.0515804291,80.2122573853,78496,78506,10
13.0509796143,80.2122268677,78506,78516,10
13.0503396988,80.2121963501,78516,78526,10
13.0499801636,80.2121887207,78526,78557,31
13.0499801636,80.2121887207,78557,78567,10
13.0499000549,80.2122421265,78567,78577,10
13.0495595932,80.2122192383,78577,78587,10
13.0490198135,80.2122192383,78587,78597,10
13.048500061,80.2122497559,78597,78607,10
13.0478801727,80.2123184204,78607,78617,10
13.0470304489,80.212348938,78617,78627,10
13.0460996628,80.2123718262,78627,78637,10
13.0450696945,80.2124328613,78637,78678,41
13.0450696945,80.2124328613,78678,78688,10
13.0447902679,80.2124176025,78688,78698,10
13.0444602966,80.2122573853,78698,78718,20
13.0444602966,80.2122573853,78718,78727,9
13.0445995331,80.2122116089,78727,78738,11
13.0450696945,80.2122116089,78738,78748,10
13.0457696915,80.2122192383,78748,78759,11
13.0467195511,80.2121887207,78759,78769,10
13.0470895767,80.2120666504,78769,78779,10
13.0470600128,80.2116394043,78779,78789,10
13.0470104218,80.2110137939,78789,78799,10
13.0472698212,80.2107467651,78799,78808,9
13.0478696823,80.2107925415,78808,78818,10
13.048620224,80.2108078003,78818,78829,11
13.0492801666,80.2108306885,78829,78839,10
13.0496397018,80.2107391357,78839,78849,10
13.049659729,80.2103118896,78849,78859,10
13.0495700836,80.2096099854,78859,78870,11
13.0494604111,80.2088165283,78870,78880,10
13.0492401123,80.2080764771,78880,78889,9
13.0490398407,80.2074890137,78889,78900,11
13.0488500595,80.2069778442,78900,78910,10
13.0490198135,80.2068405151,78910,78920,10
13.0493803024,80.2068405151,78920,78960,40
13.0493803024,80.2068405151,78960,78970,10
13.0497903824,80.2068786621,78970,78981,11
13.0501899719,80.2069473267,78981,78991,10
13.0506896973,80.2069778442,78991,79182,191
13.0506896973,80.2069778442,79182,79192,10
13.0508203506,80.2069168091,79192,79203,11
13.0509195328,80.2071380615,79203,79213,10
13.0506696701,80.2071762085,79213,79223,10
13.050330162,80.2069778442,79223,79243,20
13.050330162,80.2069778442,79243,79253,10
13.0502099991,80.2071380615,79253,81545,2292
13.0502700806,80.207359314,81545,86127,4582
